Order_Date,Order_ID,Customer_ID,Product_ID,Product_Name,Category,Location,Order_Channel,Payment_Mode,Quantity,Unit_Price,Discount_Rate,Gross_Sales,Net_Sales,Returned,Profit,Year,Month,Month_Name,Day_Name,Calculated_Gross_Sales,Calculated_Net_Sales
2024-01-01,ORD010577,CUST02597,P020,Microwave,Home,Pune,Store,UPI,2,10950.29,0.1,21900.58,19710.52,0,4623.26,2024,1,January,Monday,21900.58,19710.522
2024-01-01,ORD026241,CUST01156,P007,Backpack,Accessories,Ahmedabad,Online,Credit Card,2,2416.42,0.15,4832.84,4107.91,0,366.5,2024,1,January,Monday,4832.84,4107.914
2024-01-01,ORD008246,CUST02083,P004,Smartwatch,Electronics,Mumbai,Online,Debit Card,1,7676.69,0.1,7676.69,6909.02,0,868.72,2024,1,January,Monday,7676.69,6909.021
2024-01-01,ORD033490,CUST00528,P006,Desk,Furniture,Hyderabad,Store,UPI,3,11841.11,0.2,35523.33,28418.66,1,-1420.93,2024,1,January,Monday,35523.33,28418.664000000004
2024-01-01,ORD023651,CUST04802,P018,Jacket,Fashion,Bengaluru,Online,Credit Card,1,4984.27,0.1,4984.27,4485.84,0,513.76,2024,1,January,Monday,4984.27,4485.843000000001
2024-01-01,ORD010426,CUST01422,P007,Backpack,Accessories,Mumbai,Online,Credit Card,2,2039.61,0.0,4079.22,4079.22,0,858.07,2024,1,January,Monday,4079.22,4079.22
2024-01-01,ORD038086,CUST02987,P019,Vacuum Cleaner,Home,Kolkata,Store,Credit Card,2,9747.03,0.0,19494.06,19494.06,0,2052.35,2024,1,January,Monday,19494.06,19494.06
2024-01-01,ORD023857,CUST03523,P015,Dining Table,Furniture,Surat,Store,UPI,1,22748.88,0.15,22748.88,19336.55,0,3465.46,2024,1,January,Monday,22748.88,19336.548
2024-01-01,ORD005584,CUST02256,P004,Smartwatch,Electronics,Pune,Store,UPI,1,6790.49,0.0,6790.49,6790.49,0,1064.15,2024,1,January,Monday,6790.49,6790.49
2024-01-01,ORD025343,CUST03154,P007,Backpack,Accessories,Jaipur,Online,Credit Card,1,2417.9,0.0,2417.9,2417.9,0,478.63,2024,1,January,Monday,2417.9,2417.9
2024-01-01,ORD010989,CUST01346,P004,Smartwatch,Electronics,Bengaluru,Store,Debit Card,3,7202.57,0.0,21607.71,21607.71,0,5785.06,2024,1,January,Monday,21607.71,21607.71
2024-01-01,ORD027767,CUST03688,P004,Smartwatch,Electronics,Mumbai,Store,Debit Card,2,6551.08,0.15,13102.16,11136.84,1,-556.84,2024,1,January,Monday,13102.16,11136.836
2024-01-01,ORD043979,CUST01871,P017,Jeans,Fashion,Ahmedabad,Store,Credit Card,4,2612.39,0.0,10449.56,10449.56,0,2249.59,2024,1,January,Monday,10449.56,10449.56
2024-01-01,ORD005811,CUST03236,P014,Keyboard,Electronics,Delhi,Online,UPI,1,2479.16,0.15,2479.16,2107.29,0,384.08,2024,1,January,Monday,2479.16,2107.2859999999996
2024-01-01,ORD001122,CUST01497,P012,Air Fryer,Home,Pune,Online,Net Banking,1,7028.05,0.05,7028.05,6676.65,0,1531.86,2024,1,January,Monday,7028.05,6676.6475
2024-01-01,ORD030968,CUST01261,P020,Microwave,Home,Jaipur,Online,UPI,1,10481.2,0.15,10481.2,8909.02,0,693.98,2024,1,January,Monday,10481.2,8909.02
2024-01-01,ORD026473,CUST00103,P019,Vacuum Cleaner,Home,Pune,Online,UPI,1,8642.25,0.25,8642.25,6481.69,0,1301.57,2024,1,January,Monday,8642.25,6481.6875
2024-01-01,ORD007036,CUST00447,P011,Mixer Grinder,Home,Delhi,Store,Credit Card,1,4861.07,0.05,4861.07,4618.02,0,865.09,2024,1,January,Monday,4861.07,4618.0165
2024-01-01,ORD017986,CUST02195,P008,Running Shoes,Fashion,Bengaluru,Store,UPI,1,3991.21,0.2,3991.21,3192.97,0,266.8,2024,1,January,Monday,3991.21,3192.9680000000003
2024-01-01,ORD033636,CUST04258,P016,Sofa,Furniture,Bengaluru,Online,UPI,3,33261.88,0.0,99785.64,99785.64,1,-4989.28,2024,1,January,Monday,99785.63999999998,99785.64
2024-01-01,ORD005572,CUST04466,P018,Jacket,Fashion,Pune,Store,UPI,1,5143.22,0.05,5143.22,4886.06,0,1326.53,2024,1,January,Monday,5143.22,4886.059
2024-01-01,ORD002558,CUST01653,P008,Running Shoes,Fashion,Surat,Store,Credit Card,3,3842.22,0.15,11526.66,9797.66,0,1190.33,2024,1,January,Monday,11526.66,9797.661
2024-01-01,ORD023034,CUST03300,P011,Mixer Grinder,Home,Ahmedabad,Online,Debit Card,1,4912.6,0.05,4912.6,4666.97,0,1099.58,2024,1,January,Monday,4912.6,4666.97
2024-01-01,ORD005373,CUST03616,P015,Dining Table,Furniture,Delhi,Store,UPI,1,22096.02,0.2,22096.02,17676.82,1,-883.84,2024,1,January,Monday,22096.02,17676.816000000003
2024-01-01,ORD037319,CUST01144,P005,Office Chair,Furniture,Hyderabad,Store,UPI,2,8950.96,0.0,17901.92,17901.92,0,4584.57,2024,1,January,Monday,17901.92,17901.92
2024-01-01,ORD011365,CUST00313,P010,Coffee Maker,Home,Chennai,Store,Debit Card,1,4983.71,0.05,4983.71,4734.52,0,462.95,2024,1,January,Monday,4983.71,4734.5244999999995
2024-01-01,ORD011492,CUST01729,P007,Backpack,Accessories,Ahmedabad,Store,Debit Card,2,2395.43,0.2,4790.86,3832.69,0,589.26,2024,1,January,Monday,4790.86,3832.688
2024-01-01,ORD025902,CUST01616,P016,Sofa,Furniture,Chennai,Online,UPI,2,35812.24,0.15,71624.48,60880.81,0,14174.15,2024,1,January,Monday,71624.48,60880.808
2024-01-01,ORD002656,CUST02199,P002,Smartphone,Electronics,Hyderabad,Online,UPI,1,26151.78,0.15,26151.78,22229.01,0,3218.87,2024,1,January,Monday,26151.78,22229.013
2024-01-01,ORD016965,CUST03437,P014,Keyboard,Electronics,Jaipur,Store,UPI,2,2551.55,0.1,5103.1,4592.79,0,364.12,2024,1,January,Monday,5103.1,4592.790000000001
2024-01-01,ORD022564,CUST01710,P013,Monitor,Electronics,Chennai,Online,UPI,1,16320.76,0.15,16320.76,13872.65,0,3163.52,2024,1,January,Monday,16320.76,13872.646
2024-01-01,ORD029662,CUST03288,P017,Jeans,Fashion,Pune,Online,Credit Card,2,2754.14,0.1,5508.28,4957.45,0,973.49,2024,1,January,Monday,5508.28,4957.452
2024-01-01,ORD028070,CUST02773,P020,Microwave,Home,Pune,Store,UPI,1,10124.14,0.1,10124.14,9111.73,0,1298.33,2024,1,January,Monday,10124.14,9111.726
2024-01-01,ORD029010,CUST03999,P015,Dining Table,Furniture,Pune,Online,Credit Card,2,24048.63,0.1,48097.26,43287.53,0,8403.97,2024,1,January,Monday,48097.26,43287.534
2024-01-01,ORD044694,CUST00053,P013,Monitor,Electronics,Bengaluru,Online,UPI,1,16319.09,0.0,16319.09,16319.09,0,2500.07,2024,1,January,Monday,16319.09,16319.09
2024-01-01,ORD044818,CUST04041,P005,Office Chair,Furniture,Delhi,Online,UPI,3,8868.96,0.05,26606.88,25276.54,0,3415.1,2024,1,January,Monday,26606.879999999997,25276.536
2024-01-01,ORD030390,CUST04201,P014,Keyboard,Electronics,Surat,Store,Credit Card,2,2733.76,0.2,5467.52,4374.02,0,345.78,2024,1,January,Monday,5467.52,4374.0160000000005
2024-01-01,ORD017978,CUST00817,P006,Desk,Furniture,Delhi,Online,Credit Card,5,11708.98,0.1,58544.9,52690.41,1,-2634.52,2024,1,January,Monday,58544.899999999994,52690.41
2024-01-01,ORD038724,CUST02978,P010,Coffee Maker,Home,Mumbai,Store,UPI,2,5778.93,0.1,11557.86,10402.07,0,2576.1,2024,1,January,Monday,11557.86,10402.074
2024-01-01,ORD010782,CUST03011,P002,Smartphone,Electronics,Ahmedabad,Store,Debit Card,1,29223.97,0.15,29223.97,24840.37,0,4416.03,2024,1,January,Monday,29223.97,24840.3745
2024-01-01,ORD036395,CUST02896,P012,Air Fryer,Home,Surat,Online,UPI,4,7794.13,0.1,31176.52,28058.87,0,6657.42,2024,1,January,Monday,31176.52,28058.868000000002
2024-01-01,ORD014537,CUST04963,P009,T-Shirt,Fashion,Bengaluru,Online,Debit Card,1,1229.49,0.05,1229.49,1168.02,0,305.14,2024,1,January,Monday,1229.49,1168.0155
2024-01-01,ORD004611,CUST00876,P009,T-Shirt,Fashion,Ahmedabad,Store,UPI,2,1146.29,0.1,2292.58,2063.32,0,237.55,2024,1,January,Monday,2292.58,2063.322
2024-01-01,ORD020984,CUST02796,P008,Running Shoes,Fashion,Delhi,Store,Net Banking,1,4059.24,0.15,4059.24,3450.35,0,698.61,2024,1,January,Monday,4059.24,3450.354
2024-01-01,ORD038726,CUST01957,P016,Sofa,Furniture,Pune,Online,Credit Card,1,34563.35,0.2,34563.35,27650.68,0,4685.02,2024,1,January,Monday,34563.35,27650.68
2024-01-01,ORD034684,CUST00075,P006,Desk,Furniture,Surat,Online,Cash,1,12301.6,0.0,12301.6,12301.6,0,3516.61,2024,1,January,Monday,12301.6,12301.6
2024-01-01,ORD041135,CUST03845,P014,Keyboard,Electronics,Delhi,Online,Credit Card,3,2276.86,0.1,6830.58,6147.52,0,891.2,2024,1,January,Monday,6830.58,6147.522
2024-01-01,ORD003766,CUST02961,P016,Sofa,Furniture,Delhi,Online,Cash,1,32235.56,0.0,32235.56,32235.56,0,6939.61,2024,1,January,Monday,32235.56,32235.56
2024-01-01,ORD041059,CUST02178,P014,Keyboard,Electronics,Hyderabad,Store,Credit Card,2,2406.03,0.0,4812.06,4812.06,0,1245.28,2024,1,January,Monday,4812.06,4812.06
2024-01-01,ORD032726,CUST04735,P006,Desk,Furniture,Jaipur,Store,Credit Card,3,12921.41,0.0,38764.23,38764.23,0,4405.76,2024,1,January,Monday,38764.229999999996,38764.23
2024-01-01,ORD028925,CUST00638,P017,Jeans,Fashion,Delhi,Online,UPI,1,2864.94,0.1,2864.94,2578.45,1,-128.92,2024,1,January,Monday,2864.94,2578.446
2024-01-01,ORD003798,CUST02056,P013,Monitor,Electronics,Mumbai,Online,UPI,2,18574.97,0.0,37149.94,37149.94,0,10830.89,2024,1,January,Monday,37149.94,37149.94
2024-01-01,ORD026771,CUST00988,P009,T-Shirt,Fashion,Hyderabad,Online,Debit Card,5,1143.76,0.2,5718.8,4575.04,0,655.59,2024,1,January,Monday,5718.8,4575.04
2024-01-01,ORD026835,CUST03701,P012,Air Fryer,Home,Surat,Online,UPI,3,7413.45,0.1,22240.35,20016.31,0,2318.39,2024,1,January,Monday,22240.35,20016.315
2024-01-01,ORD039984,CUST04915,P005,Office Chair,Furniture,Surat,Store,UPI,1,9487.69,0.0,9487.69,9487.69,0,2374.77,2024,1,January,Monday,9487.69,9487.69
2024-01-01,ORD001228,CUST04819,P005,Office Chair,Furniture,Chennai,Online,Credit Card,2,10034.77,0.1,20069.54,18062.59,0,3447.26,2024,1,January,Monday,20069.54,18062.586000000003
2024-01-01,ORD034853,CUST01693,P003,Headphones,Electronics,Chennai,Online,UPI,2,4248.74,0.05,8497.48,8072.61,0,2023.8,2024,1,January,Monday,8497.48,8072.605999999999
2024-01-01,ORD029020,CUST04639,P005,Office Chair,Furniture,Bengaluru,Online,UPI,1,8601.69,0.2,8601.69,6881.35,0,1468.29,2024,1,January,Monday,8601.69,6881.352000000001
2024-01-01,ORD046219,CUST00063,P002,Smartphone,Electronics,Delhi,Online,Credit Card,4,25721.48,0.15,102885.92,87453.03,0,14329.89,2024,1,January,Monday,102885.92,87453.03199999999
2024-01-01,ORD019152,CUST04759,P008,Running Shoes,Fashion,Surat,Online,Credit Card,1,4492.03,0.15,4492.03,3818.23,0,708.86,2024,1,January,Monday,4492.03,3818.2254999999996
2024-01-01,ORD001406,CUST01697,P013,Monitor,Electronics,Pune,Online,UPI,3,18000.53,0.05,54001.59,51301.51,0,5530.49,2024,1,January,Monday,54001.59,51301.5105
2024-01-01,ORD045783,CUST01503,P007,Backpack,Accessories,Chennai,Online,Net Banking,1,2335.26,0.1,2335.26,2101.73,0,154.71,2024,1,January,Monday,2335.26,2101.7340000000004
2024-01-01,ORD014377,CUST02288,P008,Running Shoes,Fashion,Surat,Online,UPI,2,4021.15,0.0,8042.3,8042.3,0,1262.64,2024,1,January,Monday,8042.3,8042.3
2024-01-01,ORD035661,CUST02771,P001,Laptop,Electronics,Mumbai,Online,Debit Card,4,69486.51,0.1,277946.04,250151.44,0,30785.25,2024,1,January,Monday,277946.04,250151.436
2024-01-01,ORD008798,CUST03022,P019,Vacuum Cleaner,Home,Chennai,Online,Debit Card,5,8220.51,0.0,41102.55,41102.55,0,6673.4,2024,1,January,Monday,41102.55,41102.55
2024-01-01,ORD003594,CUST04782,P003,Headphones,Electronics,Surat,Online,Debit Card,2,4644.84,0.15,9289.68,7896.23,1,-394.81,2024,1,January,Monday,9289.68,7896.228
2024-01-02,ORD008402,CUST02222,P002,Smartphone,Electronics,Delhi,Store,UPI,4,29832.66,0.0,119330.64,119330.64,0,25060.75,2024,1,January,Tuesday,119330.64,119330.64
2024-01-02,ORD031546,CUST01646,P018,Jacket,Fashion,Jaipur,Store,Credit Card,1,4702.87,0.0,4702.87,4702.87,0,588.2,2024,1,January,Tuesday,4702.87,4702.87
2024-01-02,ORD019024,CUST01053,P004,Smartwatch,Electronics,Ahmedabad,Online,UPI,1,6555.07,0.05,6555.07,6227.32,0,1447.27,2024,1,January,Tuesday,6555.07,6227.316499999999
2024-01-02,ORD031995,CUST02858,P016,Sofa,Furniture,Mumbai,Online,Credit Card,1,33239.76,0.2,33239.76,26591.81,0,6304.72,2024,1,January,Tuesday,33239.76,26591.808000000005
2024-01-02,ORD022792,CUST04939,P017,Jeans,Fashion,Pune,Store,Credit Card,4,2947.23,0.1,11788.92,10610.03,0,692.78,2024,1,January,Tuesday,11788.92,10610.028
2024-01-02,ORD011629,CUST04823,P011,Mixer Grinder,Home,Delhi,Store,UPI,2,4849.53,0.2,9699.06,7759.25,0,1067.1,2024,1,January,Tuesday,9699.06,7759.248
2024-01-02,ORD046936,CUST02992,P005,Office Chair,Furniture,Hyderabad,Online,Credit Card,2,10182.63,0.05,20365.26,19347.0,0,3626.98,2024,1,January,Tuesday,20365.26,19346.997
2024-01-02,ORD017509,CUST04321,P001,Laptop,Electronics,Surat,Store,UPI,2,61575.74,0.1,123151.48,110836.33,0,25702.74,2024,1,January,Tuesday,123151.48,110836.332
2024-01-02,ORD004363,CUST04214,P010,Coffee Maker,Home,Kolkata,Store,Cash,1,5485.46,0.05,5485.46,5211.19,0,892.06,2024,1,January,Tuesday,5485.46,5211.187
2024-01-02,ORD041611,CUST03309,P012,Air Fryer,Home,Bengaluru,Online,Debit Card,2,7880.89,0.05,15761.78,14973.69,0,1859.11,2024,1,January,Tuesday,15761.78,14973.691
2024-01-02,ORD017527,CUST00363,P004,Smartwatch,Electronics,Mumbai,Online,UPI,1,7067.49,0.1,7067.49,6360.74,0,955.6,2024,1,January,Tuesday,7067.49,6360.741
2024-01-02,ORD002740,CUST02065,P001,Laptop,Electronics,Kolkata,Online,UPI,1,63849.3,0.1,63849.3,57464.37,0,6256.96,2024,1,January,Tuesday,63849.3,57464.37
2024-01-02,ORD032006,CUST02364,P005,Office Chair,Furniture,Hyderabad,Online,UPI,2,9780.55,0.15,19561.1,16626.93,0,1940.24,2024,1,January,Tuesday,19561.1,16626.934999999998
2024-01-02,ORD021728,CUST04074,P003,Headphones,Electronics,Pune,Online,UPI,3,4318.38,0.2,12955.14,10364.11,0,1274.97,2024,1,January,Tuesday,12955.14,10364.112000000001
2024-01-02,ORD018763,CUST02874,P012,Air Fryer,Home,Delhi,Online,UPI,1,7410.6,0.15,7410.6,6299.01,0,842.25,2024,1,January,Tuesday,7410.6,6299.01
2024-01-02,ORD032633,CUST00107,P008,Running Shoes,Fashion,Jaipur,Online,Credit Card,5,4135.34,0.2,20676.7,16541.36,0,3187.62,2024,1,January,Tuesday,20676.7,16541.36
2024-01-02,ORD038834,CUST03117,P013,Monitor,Electronics,Pune,Store,UPI,1,18386.11,0.1,18386.11,16547.5,0,1881.28,2024,1,January,Tuesday,18386.11,16547.499
2024-01-02,ORD004976,CUST00857,P002,Smartphone,Electronics,Bengaluru,Online,UPI,2,28533.32,0.0,57066.64,57066.64,0,9315.84,2024,1,January,Tuesday,57066.64,57066.64
2024-01-02,ORD004719,CUST03547,P014,Keyboard,Electronics,Hyderabad,Online,Debit Card,1,2359.22,0.2,2359.22,1887.38,0,349.11,2024,1,January,Tuesday,2359.22,1887.376
2024-01-02,ORD019169,CUST01426,P020,Microwave,Home,Pune,Online,UPI,1,11086.87,0.0,11086.87,11086.87,0,2683.44,2024,1,January,Tuesday,11086.87,11086.87
2024-01-02,ORD038985,CUST03741,P017,Jeans,Fashion,Delhi,Online,Credit Card,1,3078.55,0.0,3078.55,3078.55,1,-153.93,2024,1,January,Tuesday,3078.55,3078.55
2024-01-02,ORD013007,CUST02865,P019,Vacuum Cleaner,Home,Delhi,Online,UPI,1,9465.72,0.1,9465.72,8519.15,0,664.96,2024,1,January,Tuesday,9465.72,8519.148
2024-01-02,ORD048493,CUST03108,P001,Laptop,Electronics,Delhi,Online,Debit Card,1,68923.35,0.0,68923.35,68923.35,0,12498.18,2024,1,January,Tuesday,68923.35,68923.35
2024-01-02,ORD003202,CUST01736,P008,Running Shoes,Fashion,Hyderabad,Online,Net Banking,1,4174.39,0.15,4174.39,3548.23,0,499.35,2024,1,January,Tuesday,4174.39,3548.2315000000003
2024-01-02,ORD017993,CUST01828,P004,Smartwatch,Electronics,Kolkata,Store,UPI,3,7178.28,0.1,21534.84,19381.36,0,3070.13,2024,1,January,Tuesday,21534.84,19381.356
2024-01-02,ORD047209,CUST02616,P015,Dining Table,Furniture,Surat,Online,UPI,2,20723.79,0.1,41447.58,37302.82,0,3134.03,2024,1,January,Tuesday,41447.58,37302.822
2024-01-02,ORD042308,CUST04502,P011,Mixer Grinder,Home,Pune,Online,UPI,2,4848.67,0.15,9697.34,8242.74,0,1668.41,2024,1,January,Tuesday,9697.34,8242.739
2024-01-02,ORD041514,CUST04890,P002,Smartphone,Electronics,Pune,Online,UPI,3,25798.29,0.1,77394.87,69655.38,0,11855.65,2024,1,January,Tuesday,77394.87,69655.383
2024-01-02,ORD017957,CUST01647,P019,Vacuum Cleaner,Home,Ahmedabad,Online,Credit Card,1,9538.31,0.2,9538.31,7630.65,0,1270.43,2024,1,January,Tuesday,9538.31,7630.648
2024-01-02,ORD017885,CUST00444,P016,Sofa,Furniture,Mumbai,Online,Net Banking,1,32517.68,0.0,32517.68,32517.68,0,9578.87,2024,1,January,Tuesday,32517.68,32517.68
2024-01-02,ORD011697,CUST04912,P012,Air Fryer,Home,Hyderabad,Store,Credit Card,1,7901.69,0.05,7901.69,7506.61,0,593.62,2024,1,January,Tuesday,7901.69,7506.6055
2024-01-02,ORD003762,CUST01615,P007,Backpack,Accessories,Chennai,Online,Cash,1,2044.16,0.05,2044.16,1941.95,0,476.76,2024,1,January,Tuesday,2044.16,1941.952
2024-01-02,ORD030637,CUST03433,P018,Jacket,Fashion,Kolkata,Store,Debit Card,4,5316.31,0.0,21265.24,21265.24,0,5099.44,2024,1,January,Tuesday,21265.24,21265.24
2024-01-02,ORD013603,CUST04326,P009,T-Shirt,Fashion,Hyderabad,Online,UPI,1,1139.86,0.0,1139.86,1139.86,0,251.5,2024,1,January,Tuesday,1139.86,1139.86
2024-01-02,ORD000136,CUST00375,P003,Headphones,Electronics,Delhi,Store,Credit Card,2,4591.67,0.05,9183.34,8724.17,0,1326.31,2024,1,January,Tuesday,9183.34,8724.172999999999
2024-01-02,ORD041560,CUST02987,P002,Smartphone,Electronics,Surat,Online,UPI,1,30122.0,0.25,30122.0,22591.5,0,989.18,2024,1,January,Tuesday,30122.0,22591.5
2024-01-02,ORD041753,CUST03756,P013,Monitor,Electronics,Delhi,Store,UPI,1,16301.91,0.15,16301.91,13856.62,0,1539.38,2024,1,January,Tuesday,16301.91,13856.6235
2024-01-02,ORD022619,CUST02102,P012,Air Fryer,Home,Bengaluru,Online,UPI,4,7318.56,0.05,29274.24,27810.53,0,7211.66,2024,1,January,Tuesday,29274.24,27810.528
2024-01-02,ORD030058,CUST00074,P019,Vacuum Cleaner,Home,Ahmedabad,Store,UPI,4,9259.99,0.1,37039.96,33335.96,0,7476.05,2024,1,January,Tuesday,37039.96,33335.964
2024-01-02,ORD006699,CUST00966,P008,Running Shoes,Fashion,Mumbai,Store,Net Banking,2,4611.57,0.1,9223.14,8300.83,0,896.17,2024,1,January,Tuesday,9223.14,8300.826
2024-01-02,ORD044736,CUST02558,P008,Running Shoes,Fashion,Pune,Online,UPI,2,3938.26,0.05,7876.52,7482.69,0,639.89,2024,1,January,Tuesday,7876.52,7482.694
2024-01-02,ORD023416,CUST04266,P006,Desk,Furniture,Mumbai,Online,Credit Card,1,11413.74,0.25,11413.74,8560.3,0,1125.23,2024,1,January,Tuesday,11413.74,8560.305
2024-01-02,ORD000728,CUST02412,P008,Running Shoes,Fashion,Kolkata,Online,Credit Card,1,4266.47,0.1,4266.47,3839.82,0,991.44,2024,1,January,Tuesday,4266.47,3839.8230000000003
2024-01-02,ORD044899,CUST01952,P004,Smartwatch,Electronics,Ahmedabad,Online,UPI,1,7433.0,0.0,7433.0,7433.0,1,-371.65,2024,1,January,Tuesday,7433.0,7433.0
2024-01-02,ORD025347,CUST00352,P004,Smartwatch,Electronics,Pune,Store,UPI,1,7430.7,0.05,7430.7,7059.16,0,1884.87,2024,1,January,Tuesday,7430.7,7059.164999999999
2024-01-02,ORD023638,CUST04254,P018,Jacket,Fashion,Ahmedabad,Store,Net Banking,2,5391.82,0.05,10783.64,10244.46,0,772.48,2024,1,January,Tuesday,10783.64,10244.457999999999
2024-01-02,ORD045306,CUST01952,P003,Headphones,Electronics,Bengaluru,Online,Cash,1,4301.19,0.25,4301.19,3225.89,0,442.12,2024,1,January,Tuesday,4301.19,3225.8925
2024-01-02,ORD001989,CUST00909,P006,Desk,Furniture,Bengaluru,Online,UPI,4,12678.97,0.1,50715.88,45644.29,0,5472.57,2024,1,January,Tuesday,50715.88,45644.292
2024-01-02,ORD029406,CUST03086,P013,Monitor,Electronics,Surat,Online,UPI,3,19782.11,0.05,59346.33,56379.01,0,10354.71,2024,1,January,Tuesday,59346.33,56379.0135
2024-01-02,ORD029605,CUST01072,P001,Laptop,Electronics,Bengaluru,Online,Credit Card,2,62591.21,0.1,125182.42,112664.18,1,-5633.21,2024,1,January,Tuesday,125182.42,112664.178
2024-01-02,ORD024001,CUST02140,P015,Dining Table,Furniture,Pune,Online,UPI,1,22044.31,0.1,22044.31,19839.88,0,2109.24,2024,1,January,Tuesday,22044.31,19839.879
2024-01-02,ORD049916,CUST02026,P008,Running Shoes,Fashion,Hyderabad,Store,Credit Card,5,4572.48,0.15,22862.4,19433.04,0,2117.86,2024,1,January,Tuesday,22862.399999999998,19433.04
2024-01-02,ORD028388,CUST01338,P005,Office Chair,Furniture,Jaipur,Store,Credit Card,5,9656.36,0.1,48281.8,43453.62,0,3822.38,2024,1,January,Tuesday,48281.8,43453.62
2024-01-02,ORD035687,CUST03032,P009,T-Shirt,Fashion,Pune,Store,Credit Card,2,1254.81,0.1,2509.62,2258.66,0,610.25,2024,1,January,Tuesday,2509.62,2258.658
2024-01-02,ORD048340,CUST02464,P002,Smartphone,Electronics,Chennai,Store,Credit Card,1,25609.36,0.15,25609.36,21767.96,0,3966.44,2024,1,January,Tuesday,25609.36,21767.956
2024-01-02,ORD035527,CUST00647,P009,T-Shirt,Fashion,Jaipur,Online,Cash,1,1141.92,0.15,1141.92,970.63,0,107.78,2024,1,January,Tuesday,1141.92,970.6320000000001
2024-01-02,ORD034732,CUST01830,P003,Headphones,Electronics,Bengaluru,Online,Credit Card,1,4716.73,0.15,4716.73,4009.22,0,871.34,2024,1,January,Tuesday,4716.73,4009.2204999999994
2024-01-02,ORD034862,CUST03842,P014,Keyboard,Electronics,Surat,Store,Debit Card,2,2465.16,0.0,4930.32,4930.32,0,752.83,2024,1,January,Tuesday,4930.32,4930.32
2024-01-02,ORD024865,CUST01877,P011,Mixer Grinder,Home,Pune,Store,Credit Card,1,4696.76,0.1,4696.76,4227.08,1,-211.35,2024,1,January,Tuesday,4696.76,4227.084000000001
2024-01-02,ORD024888,CUST00628,P008,Running Shoes,Fashion,Surat,Store,Debit Card,2,4291.88,0.2,8583.76,6867.01,0,1591.91,2024,1,January,Tuesday,8583.76,6867.008000000001
2024-01-02,ORD014774,CUST03913,P017,Jeans,Fashion,Pune,Online,UPI,4,2802.71,0.25,11210.84,8408.13,0,1588.98,2024,1,January,Tuesday,11210.84,8408.130000000001
2024-01-02,ORD010445,CUST03556,P005,Office Chair,Furniture,Pune,Online,Credit Card,1,8610.73,0.1,8610.73,7749.66,0,1833.43,2024,1,January,Tuesday,8610.73,7749.657
2024-01-02,ORD016867,CUST00283,P002,Smartphone,Electronics,Delhi,Online,Credit Card,1,29598.18,0.15,29598.18,25158.45,0,5946.68,2024,1,January,Tuesday,29598.18,25158.453
2024-01-02,ORD040139,CUST03490,P001,Laptop,Electronics,Jaipur,Online,Net Banking,1,63644.97,0.15,63644.97,54098.22,0,13017.29,2024,1,January,Tuesday,63644.97,54098.2245
2024-01-02,ORD030000,CUST04247,P012,Air Fryer,Home,Mumbai,Online,Net Banking,2,6669.51,0.15,13339.02,11338.17,0,2675.86,2024,1,January,Tuesday,13339.02,11338.167
2024-01-03,ORD030268,CUST04807,P006,Desk,Furniture,Ahmedabad,Online,Credit Card,1,12891.05,0.15,12891.05,10957.39,0,2576.0,2024,1,January,Wednesday,12891.05,10957.3925
2024-01-03,ORD048341,CUST01377,P015,Dining Table,Furniture,Ahmedabad,Online,UPI,1,23010.32,0.15,23010.32,19558.77,0,3973.03,2024,1,January,Wednesday,23010.32,19558.772
2024-01-03,ORD007335,CUST02795,P015,Dining Table,Furniture,Delhi,Store,UPI,1,20659.6,0.0,20659.6,20659.6,0,5163.23,2024,1,January,Wednesday,20659.6,20659.6
2024-01-03,ORD031868,CUST01339,P002,Smartphone,Electronics,Bengaluru,Store,Debit Card,3,29259.98,0.15,87779.94,74612.95,0,10458.37,2024,1,January,Wednesday,87779.94,74612.949
2024-01-03,ORD026634,CUST04273,P015,Dining Table,Furniture,Chennai,Online,Credit Card,4,20239.89,0.1,80959.56,72863.6,0,8681.95,2024,1,January,Wednesday,80959.56,72863.604
2024-01-03,ORD049512,CUST02925,P011,Mixer Grinder,Home,Jaipur,Online,Credit Card,2,4843.98,0.2,9687.96,7750.37,0,1836.9,2024,1,January,Wednesday,9687.96,7750.3679999999995
2024-01-03,ORD026599,CUST01657,P009,T-Shirt,Fashion,Delhi,Store,UPI,2,1124.59,0.1,2249.18,2024.26,0,380.85,2024,1,January,Wednesday,2249.18,2024.262
2024-01-03,ORD031732,CUST00293,P002,Smartphone,Electronics,Jaipur,Online,UPI,1,29557.19,0.05,29557.19,28079.33,0,8014.76,2024,1,January,Wednesday,29557.19,28079.330499999996
2024-01-03,ORD015686,CUST04392,P019,Vacuum Cleaner,Home,Mumbai,Store,Credit Card,1,8322.31,0.2,8322.31,6657.85,0,1510.83,2024,1,January,Wednesday,8322.31,6657.848
2024-01-03,ORD010497,CUST00693,P020,Microwave,Home,Delhi,Online,Credit Card,1,11017.74,0.1,11017.74,9915.97,1,-495.8,2024,1,January,Wednesday,11017.74,9915.966
2024-01-03,ORD035391,CUST03451,P008,Running Shoes,Fashion,Bengaluru,Online,Credit Card,3,4603.97,0.1,13811.91,12430.72,0,3295.3,2024,1,January,Wednesday,13811.91,12430.719000000001
2024-01-03,ORD035591,CUST03484,P009,T-Shirt,Fashion,Ahmedabad,Store,UPI,1,1313.83,0.0,1313.83,1313.83,0,376.09,2024,1,January,Wednesday,1313.83,1313.83
2024-01-03,ORD045869,CUST00434,P015,Dining Table,Furniture,Mumbai,Online,Credit Card,2,21480.36,0.15,42960.72,36516.61,0,9466.02,2024,1,January,Wednesday,42960.72,36516.612
2024-01-03,ORD045794,CUST02974,P012,Air Fryer,Home,Mumbai,Store,UPI,2,7044.45,0.15,14088.9,11975.56,0,2318.55,2024,1,January,Wednesday,14088.9,11975.564999999999
2024-01-03,ORD006825,CUST03832,P020,Microwave,Home,Chennai,Store,Debit Card,1,9917.63,0.1,9917.63,8925.87,0,2022.65,2024,1,January,Wednesday,9917.63,8925.867
2024-01-03,ORD032954,CUST01182,P017,Jeans,Fashion,Ahmedabad,Online,UPI,3,2772.12,0.0,8316.36,8316.36,0,1853.06,2024,1,January,Wednesday,8316.36,8316.36
2024-01-03,ORD045736,CUST00387,P002,Smartphone,Electronics,Bengaluru,Online,UPI,1,26831.73,0.0,26831.73,26831.73,0,5458.91,2024,1,January,Wednesday,26831.73,26831.73
2024-01-03,ORD044255,CUST03240,P010,Coffee Maker,Home,Chennai,Store,Debit Card,2,5209.7,0.05,10419.4,9898.43,0,2010.53,2024,1,January,Wednesday,10419.4,9898.429999999998
2024-01-03,ORD035690,CUST00856,P007,Backpack,Accessories,Mumbai,Online,Debit Card,1,2128.99,0.1,2128.99,1916.09,0,290.86,2024,1,January,Wednesday,2128.99,1916.091
2024-01-03,ORD016905,CUST04872,P001,Laptop,Electronics,Jaipur,Online,Credit Card,5,67807.51,0.1,339037.55,305133.8,0,67592.35,2024,1,January,Wednesday,339037.55,305133.795
2024-01-03,ORD014357,CUST01556,P005,Office Chair,Furniture,Jaipur,Online,Cash,2,10141.68,0.0,20283.36,20283.36,0,2874.97,2024,1,January,Wednesday,20283.36,20283.36
2024-01-03,ORD028766,CUST02266,P015,Dining Table,Furniture,Chennai,Store,Credit Card,1,23116.67,0.15,23116.67,19649.17,0,989.64,2024,1,January,Wednesday,23116.67,19649.169499999996
2024-01-03,ORD045905,CUST03841,P018,Jacket,Fashion,Chennai,Online,Debit Card,5,5705.18,0.0,28525.9,28525.9,0,7908.28,2024,1,January,Wednesday,28525.9,28525.9
2024-01-03,ORD043890,CUST01777,P015,Dining Table,Furniture,Bengaluru,Online,Credit Card,2,24006.26,0.05,48012.52,45611.89,1,-2280.59,2024,1,January,Wednesday,48012.52,45611.89399999999
2024-01-03,ORD025922,CUST00008,P007,Backpack,Accessories,Mumbai,Online,Debit Card,1,2062.7,0.1,2062.7,1856.43,0,341.4,2024,1,January,Wednesday,2062.7,1856.4299999999998
2024-01-03,ORD019316,CUST01635,P016,Sofa,Furniture,Chennai,Store,Debit Card,1,32244.24,0.1,32244.24,29019.82,1,-1450.99,2024,1,January,Wednesday,32244.24,29019.816000000003
2024-01-03,ORD020293,CUST00991,P013,Monitor,Electronics,Hyderabad,Store,UPI,4,16440.34,0.0,65761.36,65761.36,0,10831.46,2024,1,January,Wednesday,65761.36,65761.36
2024-01-03,ORD040320,CUST04351,P012,Air Fryer,Home,Kolkata,Store,UPI,1,6787.89,0.15,6787.89,5769.71,0,362.64,2024,1,January,Wednesday,6787.89,5769.7065
2024-01-03,ORD032204,CUST01366,P017,Jeans,Fashion,Bengaluru,Online,UPI,1,2675.26,0.05,2675.26,2541.5,0,570.74,2024,1,January,Wednesday,2675.26,2541.4970000000003
2024-01-03,ORD012532,CUST00618,P013,Monitor,Electronics,Jaipur,Online,UPI,4,17654.91,0.0,70619.64,70619.64,0,12763.36,2024,1,January,Wednesday,70619.64,70619.64
2024-01-03,ORD013860,CUST01510,P008,Running Shoes,Fashion,Chennai,Online,Credit Card,1,3957.19,0.0,3957.19,3957.19,0,1157.62,2024,1,January,Wednesday,3957.19,3957.19
2024-01-03,ORD040071,CUST00714,P014,Keyboard,Electronics,Jaipur,Online,UPI,5,2406.79,0.1,12033.95,10830.56,0,781.56,2024,1,January,Wednesday,12033.95,10830.555
2024-01-03,ORD043975,CUST04471,P009,T-Shirt,Fashion,Mumbai,Online,UPI,1,1086.09,0.0,1086.09,1086.09,1,-54.3,2024,1,January,Wednesday,1086.09,1086.09
2024-01-03,ORD014689,CUST00612,P014,Keyboard,Electronics,Jaipur,Online,Cash,1,2291.33,0.25,2291.33,1718.5,0,290.73,2024,1,January,Wednesday,2291.33,1718.4975
2024-01-03,ORD012391,CUST02003,P001,Laptop,Electronics,Delhi,Online,Credit Card,1,58974.01,0.0,58974.01,58974.01,1,-2948.7,2024,1,January,Wednesday,58974.01,58974.01
2024-01-03,ORD049352,CUST01144,P005,Office Chair,Furniture,Surat,Online,UPI,2,9936.0,0.1,19872.0,17884.8,0,1376.12,2024,1,January,Wednesday,19872.0,17884.8
2024-01-03,ORD039854,CUST03067,P018,Jacket,Fashion,Chennai,Online,Credit Card,5,5494.42,0.15,27472.1,23351.28,1,-1167.56,2024,1,January,Wednesday,27472.1,23351.285
2024-01-03,ORD044234,CUST01105,P011,Mixer Grinder,Home,Bengaluru,Store,Debit Card,3,4839.72,0.25,14519.16,10889.37,0,2511.87,2024,1,January,Wednesday,14519.16,10889.369999999999
2024-01-03,ORD012813,CUST02434,P004,Smartwatch,Electronics,Ahmedabad,Store,UPI,1,7436.02,0.05,7436.02,7064.22,0,1428.44,2024,1,January,Wednesday,7436.02,7064.219
2024-01-03,ORD012354,CUST04252,P002,Smartphone,Electronics,Delhi,Online,Credit Card,3,30067.46,0.1,90202.38,81182.14,0,5096.35,2024,1,January,Wednesday,90202.38,81182.142
2024-01-03,ORD001241,CUST02090,P007,Backpack,Accessories,Jaipur,Online,Credit Card,2,2222.97,0.1,4445.94,4001.35,0,484.25,2024,1,January,Wednesday,4445.94,4001.3459999999995
2024-01-03,ORD034738,CUST03893,P012,Air Fryer,Home,Bengaluru,Store,UPI,5,6512.57,0.15,32562.85,27678.42,0,5776.95,2024,1,January,Wednesday,32562.85,27678.422499999997
2024-01-03,ORD003871,CUST02491,P015,Dining Table,Furniture,Jaipur,Online,Net Banking,1,23928.01,0.0,23928.01,23928.01,0,5157.13,2024,1,January,Wednesday,23928.01,23928.01
2024-01-03,ORD000275,CUST01117,P006,Desk,Furniture,Kolkata,Online,UPI,4,12112.46,0.15,48449.84,41182.36,0,6214.07,2024,1,January,Wednesday,48449.84,41182.363999999994
2024-01-03,ORD019437,CUST04531,P004,Smartwatch,Electronics,Kolkata,Store,Credit Card,1,7170.09,0.05,7170.09,6811.59,0,1826.21,2024,1,January,Wednesday,7170.09,6811.5855
2024-01-03,ORD024841,CUST02227,P015,Dining Table,Furniture,Pune,Store,Credit Card,2,22515.23,0.15,45030.46,38275.89,0,3841.03,2024,1,January,Wednesday,45030.46,38275.890999999996
2024-01-03,ORD046190,CUST02221,P004,Smartwatch,Electronics,Chennai,Online,Cash,1,6358.54,0.1,6358.54,5722.69,0,1193.33,2024,1,January,Wednesday,6358.54,5722.686
2024-01-03,ORD028912,CUST01858,P014,Keyboard,Electronics,Pune,Online,UPI,2,2612.43,0.0,5224.86,5224.86,0,759.31,2024,1,January,Wednesday,5224.86,5224.86
2024-01-03,ORD049980,CUST02129,P012,Air Fryer,Home,Jaipur,Store,UPI,2,7750.65,0.1,15501.3,13951.17,0,2587.98,2024,1,January,Wednesday,15501.3,13951.17
2024-01-03,ORD000549,CUST04125,P016,Sofa,Furniture,Pune,Store,Net Banking,1,33425.69,0.15,33425.69,28411.84,0,3551.81,2024,1,January,Wednesday,33425.69,28411.8365
2024-01-03,ORD026500,CUST03464,P014,Keyboard,Electronics,Ahmedabad,Online,Debit Card,2,2593.05,0.1,5186.1,4667.49,0,713.47,2024,1,January,Wednesday,5186.1,4667.490000000001
2024-01-03,ORD007791,CUST01051,P007,Backpack,Accessories,Bengaluru,Store,Credit Card,1,2190.77,0.0,2190.77,2190.77,0,296.13,2024,1,January,Wednesday,2190.77,2190.77
2024-01-03,ORD034516,CUST01370,P007,Backpack,Accessories,Jaipur,Online,UPI,2,1991.8,0.1,3983.6,3585.24,0,328.08,2024,1,January,Wednesday,3983.6,3585.24
2024-01-03,ORD043306,CUST02285,P013,Monitor,Electronics,Hyderabad,Online,Debit Card,2,17632.04,0.15,35264.08,29974.47,0,1893.83,2024,1,January,Wednesday,35264.08,29974.468
2024-01-03,ORD027774,CUST03441,P008,Running Shoes,Fashion,Chennai,Online,Cash,1,4120.89,0.0,4120.89,4120.89,0,431.96,2024,1,January,Wednesday,4120.89,4120.89
2024-01-03,ORD003215,CUST03984,P006,Desk,Furniture,Pune,Store,UPI,1,11212.53,0.0,11212.53,11212.53,0,2197.06,2024,1,January,Wednesday,11212.53,11212.53
2024-01-03,ORD044517,CUST01581,P013,Monitor,Electronics,Hyderabad,Online,Credit Card,1,16468.88,0.25,16468.88,12351.66,0,727.22,2024,1,January,Wednesday,16468.88,12351.66
2024-01-03,ORD022220,CUST01969,P020,Microwave,Home,Hyderabad,Store,Credit Card,1,10478.34,0.1,10478.34,9430.51,1,-471.53,2024,1,January,Wednesday,10478.34,9430.506000000001
2024-01-03,ORD048407,CUST02083,P004,Smartwatch,Electronics,Kolkata,Store,Credit Card,1,7447.15,0.15,7447.15,6330.08,1,-316.5,2024,1,January,Wednesday,7447.15,6330.077499999999
2024-01-03,ORD033486,CUST00132,P004,Smartwatch,Electronics,Kolkata,Online,UPI,1,6672.7,0.05,6672.7,6339.06,0,1488.06,2024,1,January,Wednesday,6672.7,6339.065
2024-01-03,ORD042947,CUST01286,P020,Microwave,Home,Mumbai,Store,Credit Card,2,10777.66,0.05,21555.32,20477.55,1,-1023.88,2024,1,January,Wednesday,21555.32,20477.554
2024-01-03,ORD043705,CUST04548,P011,Mixer Grinder,Home,Surat,Online,Credit Card,1,5144.18,0.0,5144.18,5144.18,1,-257.21,2024,1,January,Wednesday,5144.18,5144.18
2024-01-03,ORD017962,CUST01328,P002,Smartphone,Electronics,Jaipur,Store,UPI,1,25495.24,0.25,25495.24,19121.43,0,1822.66,2024,1,January,Wednesday,25495.24,19121.43
2024-01-03,ORD036695,CUST03474,P020,Microwave,Home,Surat,Store,UPI,1,11024.78,0.05,11024.78,10473.54,0,863.49,2024,1,January,Wednesday,11024.78,10473.541
2024-01-03,ORD014151,CUST01723,P015,Dining Table,Furniture,Jaipur,Online,UPI,1,23694.53,0.1,23694.53,21325.08,0,3931.73,2024,1,January,Wednesday,23694.53,21325.077
2024-01-03,ORD011129,CUST00727,P001,Laptop,Electronics,Mumbai,Online,UPI,2,69019.88,0.1,138039.76,124235.78,0,11018.18,2024,1,January,Wednesday,138039.76,124235.78400000001
2024-01-03,ORD045111,CUST00537,P006,Desk,Furniture,Pune,Online,UPI,1,13177.7,0.2,13177.7,10542.16,0,1541.65,2024,1,January,Wednesday,13177.7,10542.160000000002
2024-01-03,ORD009087,CUST02387,P016,Sofa,Furniture,Bengaluru,Store,UPI,1,33163.14,0.1,33163.14,29846.83,0,1940.79,2024,1,January,Wednesday,33163.14,29846.826
2024-01-03,ORD005593,CUST02250,P008,Running Shoes,Fashion,Surat,Store,Cash,1,3965.07,0.1,3965.07,3568.56,0,249.29,2024,1,January,Wednesday,3965.07,3568.563
2024-01-03,ORD038156,CUST00483,P019,Vacuum Cleaner,Home,Jaipur,Store,UPI,1,8356.87,0.1,8356.87,7521.18,0,735.55,2024,1,January,Wednesday,8356.87,7521.183000000001
2024-01-03,ORD009280,CUST01898,P003,Headphones,Electronics,Bengaluru,Store,UPI,1,4137.07,0.0,4137.07,4137.07,0,609.92,2024,1,January,Wednesday,4137.07,4137.07
2024-01-03,ORD028479,CUST03243,P001,Laptop,Electronics,Surat,Online,Cash,2,65880.96,0.0,131761.92,131761.92,0,15537.86,2024,1,January,Wednesday,131761.92,131761.92
2024-01-03,ORD047359,CUST00612,P019,Vacuum Cleaner,Home,Delhi,Online,UPI,1,8870.47,0.05,8870.47,8426.95,0,2078.29,2024,1,January,Wednesday,8870.47,8426.946499999998
2024-01-03,ORD043352,CUST03053,P002,Smartphone,Electronics,Jaipur,Store,Net Banking,1,30514.93,0.15,30514.93,25937.69,0,3612.97,2024,1,January,Wednesday,30514.93,25937.6905
2024-01-03,ORD033691,CUST04964,P016,Sofa,Furniture,Ahmedabad,Store,Credit Card,2,33029.68,0.05,66059.36,62756.39,0,17539.85,2024,1,January,Wednesday,66059.36,62756.392
2024-01-03,ORD041952,CUST04818,P018,Jacket,Fashion,Mumbai,Store,UPI,1,5097.0,0.1,5097.0,4587.3,0,650.94,2024,1,January,Wednesday,5097.0,4587.3
2024-01-03,ORD011582,CUST04376,P008,Running Shoes,Fashion,Jaipur,Store,Credit Card,1,4585.73,0.0,4585.73,4585.73,0,769.83,2024,1,January,Wednesday,4585.73,4585.73
2024-01-03,ORD033375,CUST00150,P005,Office Chair,Furniture,Surat,Online,Credit Card,1,10175.13,0.15,10175.13,8648.86,0,1128.08,2024,1,January,Wednesday,10175.13,8648.860499999999
2024-01-03,ORD013888,CUST03954,P001,Laptop,Electronics,Bengaluru,Online,UPI,1,64802.94,0.05,64802.94,61562.79,0,4909.84,2024,1,January,Wednesday,64802.94,61562.793
2024-01-03,ORD009276,CUST03764,P005,Office Chair,Furniture,Bengaluru,Online,Debit Card,2,8563.1,0.2,17126.2,13700.96,0,1628.39,2024,1,January,Wednesday,17126.2,13700.960000000001
2024-01-03,ORD038458,CUST04974,P004,Smartwatch,Electronics,Mumbai,Store,Credit Card,2,7527.93,0.05,15055.86,14303.07,0,1719.11,2024,1,January,Wednesday,15055.86,14303.067
2024-01-03,ORD037016,CUST04860,P014,Keyboard,Electronics,Hyderabad,Online,Credit Card,1,2528.35,0.05,2528.35,2401.93,0,275.03,2024,1,January,Wednesday,2528.35,2401.9325
2024-01-03,ORD005708,CUST01500,P019,Vacuum Cleaner,Home,Surat,Online,UPI,5,8832.79,0.1,44163.95,39747.56,0,5499.18,2024,1,January,Wednesday,44163.950000000004,39747.555
2024-01-03,ORD017438,CUST00385,P014,Keyboard,Electronics,Hyderabad,Store,Debit Card,1,2399.52,0.05,2399.52,2279.54,0,567.33,2024,1,January,Wednesday,2399.52,2279.544
2024-01-03,ORD009765,CUST04237,P008,Running Shoes,Fashion,Bengaluru,Online,UPI,2,4459.5,0.15,8919.0,7581.15,0,1819.5,2024,1,January,Wednesday,8919.0,7581.15
2024-01-03,ORD042070,CUST03752,P008,Running Shoes,Fashion,Kolkata,Online,UPI,1,4436.72,0.15,4436.72,3771.21,0,487.97,2024,1,January,Wednesday,4436.72,3771.212
2024-01-04,ORD034210,CUST01821,P016,Sofa,Furniture,Delhi,Store,UPI,2,38014.39,0.0,76028.78,76028.78,0,19733.26,2024,1,January,Thursday,76028.78,76028.78
2024-01-04,ORD006461,CUST01585,P007,Backpack,Accessories,Delhi,Store,Debit Card,5,2167.48,0.1,10837.4,9753.66,0,2506.1,2024,1,January,Thursday,10837.4,9753.66
2024-01-04,ORD004286,CUST03905,P001,Laptop,Electronics,Kolkata,Online,UPI,2,63006.05,0.05,126012.1,119711.5,0,17525.71,2024,1,January,Thursday,126012.1,119711.495
2024-01-04,ORD037803,CUST01517,P005,Office Chair,Furniture,Kolkata,Online,UPI,2,9759.94,0.05,19519.88,18543.89,0,2189.76,2024,1,January,Thursday,19519.88,18543.886
2024-01-04,ORD047429,CUST04852,P009,T-Shirt,Fashion,Chennai,Store,Debit Card,1,1274.82,0.0,1274.82,1274.82,0,262.61,2024,1,January,Thursday,1274.82,1274.82
2024-01-04,ORD037484,CUST00399,P019,Vacuum Cleaner,Home,Ahmedabad,Online,UPI,2,9148.81,0.1,18297.62,16467.86,0,2907.44,2024,1,January,Thursday,18297.62,16467.858
2024-01-04,ORD048903,CUST00494,P006,Desk,Furniture,Jaipur,Online,Credit Card,1,12813.74,0.0,12813.74,12813.74,0,3838.93,2024,1,January,Thursday,12813.74,12813.74
2024-01-04,ORD005570,CUST04987,P001,Laptop,Electronics,Bengaluru,Online,Credit Card,1,58532.07,0.2,58532.07,46825.66,0,10679.44,2024,1,January,Thursday,58532.07,46825.656
2024-01-04,ORD047512,CUST03586,P002,Smartphone,Electronics,Mumbai,Online,UPI,1,25654.84,0.25,25654.84,19241.13,0,3760.91,2024,1,January,Thursday,25654.84,19241.13
2024-01-04,ORD023206,CUST03660,P016,Sofa,Furniture,Chennai,Online,Debit Card,1,35810.29,0.1,35810.29,32229.26,0,2506.58,2024,1,January,Thursday,35810.29,32229.261000000002
2024-01-04,ORD039363,CUST04656,P016,Sofa,Furniture,Jaipur,Online,Credit Card,2,35992.87,0.15,71985.74,61187.88,0,9507.37,2024,1,January,Thursday,71985.74,61187.879
2024-01-04,ORD033708,CUST04810,P014,Keyboard,Electronics,Bengaluru,Online,UPI,2,2627.66,0.1,5255.32,4729.79,0,1099.0,2024,1,January,Thursday,5255.32,4729.788
2024-01-04,ORD004775,CUST01262,P006,Desk,Furniture,Kolkata,Online,Cash,5,12546.49,0.15,62732.45,53322.58,0,8588.62,2024,1,January,Thursday,62732.45,53322.5825
2024-01-04,ORD035931,CUST02992,P020,Microwave,Home,Jaipur,Store,UPI,1,11201.3,0.05,11201.3,10641.23,0,756.07,2024,1,January,Thursday,11201.3,10641.234999999999
2024-01-04,ORD035816,CUST02891,P018,Jacket,Fashion,Hyderabad,Online,UPI,5,5620.7,0.0,28103.5,28103.5,0,7297.03,2024,1,January,Thursday,28103.5,28103.5
2024-01-04,ORD009960,CUST04570,P013,Monitor,Electronics,Surat,Online,UPI,1,18766.15,0.0,18766.15,18766.15,0,3277.92,2024,1,January,Thursday,18766.15,18766.15
2024-01-04,ORD012155,CUST01481,P003,Headphones,Electronics,Hyderabad,Online,UPI,1,4292.16,0.1,4292.16,3862.94,0,857.19,2024,1,January,Thursday,4292.16,3862.944
2024-01-04,ORD000538,CUST03210,P010,Coffee Maker,Home,Chennai,Store,UPI,1,5481.9,0.0,5481.9,5481.9,0,744.86,2024,1,January,Thursday,5481.9,5481.9
2024-01-04,ORD048824,CUST01173,P006,Desk,Furniture,Jaipur,Online,Credit Card,1,12297.81,0.05,12297.81,11682.92,0,1560.12,2024,1,January,Thursday,12297.81,11682.919499999998
2024-01-04,ORD007064,CUST02264,P006,Desk,Furniture,Hyderabad,Online,Net Banking,5,11297.39,0.1,56486.95,50838.26,0,12147.9,2024,1,January,Thursday,56486.95,50838.255
2024-01-04,ORD024667,CUST01428,P020,Microwave,Home,Kolkata,Online,UPI,1,10150.22,0.05,10150.22,9642.71,0,1485.99,2024,1,January,Thursday,10150.22,9642.708999999999
2024-01-04,ORD024678,CUST00423,P015,Dining Table,Furniture,Delhi,Online,UPI,2,23560.59,0.1,47121.18,42409.06,0,4029.01,2024,1,January,Thursday,47121.18,42409.062
2024-01-04,ORD039014,CUST02367,P019,Vacuum Cleaner,Home,Delhi,Store,Credit Card,1,8444.71,0.1,8444.71,7600.24,0,1833.68,2024,1,January,Thursday,8444.71,7600.239
2024-01-04,ORD036690,CUST02331,P014,Keyboard,Electronics,Chennai,Online,UPI,2,2615.56,0.1,5231.12,4708.01,0,1231.76,2024,1,January,Thursday,5231.12,4708.008
2024-01-04,ORD004998,CUST01588,P008,Running Shoes,Fashion,Chennai,Store,Credit Card,1,4223.43,0.0,4223.43,4223.43,0,1039.89,2024,1,January,Thursday,4223.43,4223.43
2024-01-04,ORD024790,CUST01347,P016,Sofa,Furniture,Delhi,Online,UPI,2,34982.12,0.05,69964.24,66466.03,0,12402.38,2024,1,January,Thursday,69964.24,66466.028
2024-01-04,ORD048690,CUST01881,P006,Desk,Furniture,Chennai,Online,Credit Card,1,11479.48,0.0,11479.48,11479.48,0,1047.07,2024,1,January,Thursday,11479.48,11479.48
2024-01-04,ORD047217,CUST00875,P010,Coffee Maker,Home,Kolkata,Online,UPI,1,5759.61,0.05,5759.61,5471.63,0,881.88,2024,1,January,Thursday,5759.61,5471.629499999999
2024-01-04,ORD025232,CUST04861,P005,Office Chair,Furniture,Delhi,Online,Debit Card,2,8699.63,0.1,17399.26,15659.33,0,3833.61,2024,1,January,Thursday,17399.26,15659.333999999999
2024-01-04,ORD026264,CUST02501,P018,Jacket,Fashion,Surat,Online,Cash,2,5030.21,0.15,10060.42,8551.36,0,579.97,2024,1,January,Thursday,10060.42,8551.357
2024-01-04,ORD010054,CUST01978,P002,Smartphone,Electronics,Delhi,Store,UPI,1,28818.18,0.0,28818.18,28818.18,0,5334.67,2024,1,January,Thursday,28818.18,28818.18
2024-01-04,ORD026727,CUST00386,P010,Coffee Maker,Home,Surat,Store,UPI,1,5772.62,0.05,5772.62,5483.99,0,920.38,2024,1,January,Thursday,5772.62,5483.989
2024-01-04,ORD024306,CUST04233,P011,Mixer Grinder,Home,Jaipur,Store,UPI,2,4431.19,0.15,8862.38,7533.02,0,1505.58,2024,1,January,Thursday,8862.38,7533.022999999999
2024-01-04,ORD040750,CUST00371,P013,Monitor,Electronics,Jaipur,Online,Credit Card,1,16529.1,0.1,16529.1,14876.19,0,3517.35,2024,1,January,Thursday,16529.1,14876.189999999999
2024-01-04,ORD032122,CUST01395,P017,Jeans,Fashion,Ahmedabad,Store,Credit Card,2,2806.22,0.0,5612.44,5612.44,0,1611.81,2024,1,January,Thursday,5612.44,5612.44
2024-01-04,ORD046109,CUST02972,P018,Jacket,Fashion,Hyderabad,Online,Credit Card,2,4832.94,0.05,9665.88,9182.59,0,2456.15,2024,1,January,Thursday,9665.88,9182.586
2024-01-04,ORD012987,CUST00107,P019,Vacuum Cleaner,Home,Ahmedabad,Store,UPI,1,9570.74,0.25,9570.74,7178.06,0,390.21,2024,1,January,Thursday,9570.74,7178.055
2024-01-04,ORD000683,CUST03739,P005,Office Chair,Furniture,Kolkata,Online,Debit Card,1,9782.06,0.2,9782.06,7825.65,0,1612.97,2024,1,January,Thursday,9782.06,7825.648
2024-01-04,ORD027309,CUST03177,P014,Keyboard,Electronics,Chennai,Online,UPI,3,2514.43,0.1,7543.29,6788.96,0,1645.81,2024,1,January,Thursday,7543.289999999999,6788.961
2024-01-04,ORD045941,CUST02390,P006,Desk,Furniture,Delhi,Online,UPI,1,11989.32,0.2,11989.32,9591.46,0,1720.26,2024,1,January,Thursday,11989.32,9591.456
2024-01-04,ORD015753,CUST01326,P005,Office Chair,Furniture,Surat,Online,Credit Card,1,9048.1,0.05,9048.1,8595.7,0,1736.51,2024,1,January,Thursday,9048.1,8595.695
2024-01-04,ORD008995,CUST04999,P004,Smartwatch,Electronics,Ahmedabad,Store,Cash,1,6494.52,0.1,6494.52,5845.07,0,1493.44,2024,1,January,Thursday,6494.52,5845.068
2024-01-04,ORD015937,CUST03539,P008,Running Shoes,Fashion,Jaipur,Store,UPI,3,3822.95,0.25,11468.85,8601.64,0,1829.78,2024,1,January,Thursday,11468.849999999999,8601.6375
2024-01-04,ORD001820,CUST04377,P012,Air Fryer,Home,Bengaluru,Online,Credit Card,1,6861.59,0.25,6861.59,5146.19,0,1196.35,2024,1,January,Thursday,6861.59,5146.1925
2024-01-04,ORD008046,CUST04337,P006,Desk,Furniture,Jaipur,Online,Debit Card,1,11036.5,0.1,11036.5,9932.85,0,2205.31,2024,1,January,Thursday,11036.5,9932.85
2024-01-04,ORD008074,CUST00578,P005,Office Chair,Furniture,Hyderabad,Online,UPI,4,10425.16,0.15,41700.64,35445.54,0,7226.34,2024,1,January,Thursday,41700.64,35445.544
2024-01-04,ORD012981,CUST03557,P017,Jeans,Fashion,Ahmedabad,Store,UPI,1,2705.14,0.2,2705.14,2164.11,0,515.21,2024,1,January,Thursday,2705.14,2164.112
2024-01-04,ORD030528,CUST00726,P008,Running Shoes,Fashion,Jaipur,Store,Cash,1,4195.76,0.0,4195.76,4195.76,0,535.47,2024,1,January,Thursday,4195.76,4195.76
2024-01-04,ORD048145,CUST00048,P002,Smartphone,Electronics,Kolkata,Store,UPI,1,29906.24,0.0,29906.24,29906.24,0,8345.83,2024,1,January,Thursday,29906.24,29906.24
2024-01-04,ORD017512,CUST03544,P009,T-Shirt,Fashion,Mumbai,Online,UPI,1,1238.0,0.1,1238.0,1114.2,0,140.53,2024,1,January,Thursday,1238.0,1114.2
2024-01-04,ORD028592,CUST03546,P014,Keyboard,Electronics,Hyderabad,Online,UPI,3,2737.44,0.15,8212.32,6980.47,0,1386.29,2024,1,January,Thursday,8212.32,6980.472
2024-01-04,ORD020170,CUST00035,P020,Microwave,Home,Delhi,Online,Net Banking,1,11125.57,0.1,11125.57,10013.01,0,1694.1,2024,1,January,Thursday,11125.57,10013.013
2024-01-04,ORD016568,CUST04610,P012,Air Fryer,Home,Surat,Store,Credit Card,1,6921.12,0.1,6921.12,6229.01,0,768.33,2024,1,January,Thursday,6921.12,6229.008
2024-01-04,ORD016573,CUST04337,P011,Mixer Grinder,Home,Mumbai,Online,UPI,1,4429.49,0.0,4429.49,4429.49,0,402.63,2024,1,January,Thursday,4429.49,4429.49
2024-01-04,ORD008378,CUST03265,P012,Air Fryer,Home,Hyderabad,Store,UPI,1,6635.5,0.0,6635.5,6635.5,0,599.17,2024,1,January,Thursday,6635.5,6635.5
2024-01-04,ORD028520,CUST00341,P018,Jacket,Fashion,Hyderabad,Online,UPI,2,5586.27,0.15,11172.54,9496.66,0,1198.24,2024,1,January,Thursday,11172.54,9496.659
2024-01-04,ORD008435,CUST02547,P006,Desk,Furniture,Delhi,Store,Credit Card,2,12828.64,0.0,25657.28,25657.28,0,4917.55,2024,1,January,Thursday,25657.28,25657.28
2024-01-04,ORD016815,CUST01005,P019,Vacuum Cleaner,Home,Pune,Online,UPI,1,8208.76,0.1,8208.76,7387.88,0,566.08,2024,1,January,Thursday,8208.76,7387.884
2024-01-04,ORD028501,CUST00308,P018,Jacket,Fashion,Kolkata,Online,UPI,1,4822.15,0.0,4822.15,4822.15,0,1439.75,2024,1,January,Thursday,4822.15,4822.15
2024-01-04,ORD049695,CUST02604,P011,Mixer Grinder,Home,Delhi,Online,Cash,1,4636.29,0.15,4636.29,3940.85,0,950.81,2024,1,January,Thursday,4636.29,3940.8464999999997
2024-01-04,ORD048614,CUST03924,P014,Keyboard,Electronics,Ahmedabad,Store,UPI,1,2602.07,0.1,2602.07,2341.86,0,521.72,2024,1,January,Thursday,2602.07,2341.8630000000003
2024-01-04,ORD018321,CUST00514,P006,Desk,Furniture,Mumbai,Store,Cash,2,12119.9,0.05,24239.8,23027.81,0,4541.0,2024,1,January,Thursday,24239.8,23027.809999999998
2024-01-04,ORD016981,CUST04812,P011,Mixer Grinder,Home,Jaipur,Online,UPI,1,4830.79,0.2,4830.79,3864.63,0,815.36,2024,1,January,Thursday,4830.79,3864.632
2024-01-04,ORD001601,CUST03622,P002,Smartphone,Electronics,Chennai,Store,UPI,1,30453.24,0.1,30453.24,27407.92,0,7460.25,2024,1,January,Thursday,30453.24,27407.916
2024-01-04,ORD015019,CUST00728,P015,Dining Table,Furniture,Ahmedabad,Online,UPI,2,23046.94,0.1,46093.88,41484.49,0,4929.71,2024,1,January,Thursday,46093.88,41484.492
2024-01-04,ORD019803,CUST03192,P004,Smartwatch,Electronics,Bengaluru,Online,UPI,4,6483.13,0.1,25932.52,23339.27,0,4062.03,2024,1,January,Thursday,25932.52,23339.268
2024-01-04,ORD015147,CUST01007,P008,Running Shoes,Fashion,Hyderabad,Online,UPI,1,3808.67,0.2,3808.67,3046.94,0,216.4,2024,1,January,Thursday,3808.67,3046.936
2024-01-04,ORD001641,CUST00603,P015,Dining Table,Furniture,Jaipur,Store,UPI,1,21629.92,0.25,21629.92,16222.44,0,995.76,2024,1,January,Thursday,21629.92,16222.439999999999
2024-01-04,ORD040560,CUST00432,P007,Backpack,Accessories,Delhi,Online,UPI,2,2184.25,0.25,4368.5,3276.38,0,136.55,2024,1,January,Thursday,4368.5,3276.375
2024-01-04,ORD031893,CUST00876,P007,Backpack,Accessories,Mumbai,Online,UPI,1,2336.47,0.0,2336.47,2336.47,0,282.29,2024,1,January,Thursday,2336.47,2336.47
2024-01-04,ORD040999,CUST02661,P002,Smartphone,Electronics,Hyderabad,Store,Cash,1,30184.76,0.1,30184.76,27166.28,0,7378.72,2024,1,January,Thursday,30184.76,27166.284
2024-01-04,ORD040635,CUST04523,P011,Mixer Grinder,Home,Delhi,Online,UPI,5,5083.17,0.0,25415.85,25415.85,0,6938.26,2024,1,January,Thursday,25415.85,25415.85
2024-01-04,ORD019474,CUST00985,P009,T-Shirt,Fashion,Jaipur,Online,Credit Card,1,1194.27,0.25,1194.27,895.7,0,199.03,2024,1,January,Thursday,1194.27,895.7025
2024-01-05,ORD016298,CUST04044,P010,Coffee Maker,Home,Hyderabad,Online,Credit Card,1,5856.06,0.1,5856.06,5270.45,0,537.34,2024,1,January,Friday,5856.06,5270.454000000001
2024-01-05,ORD047526,CUST04031,P005,Office Chair,Furniture,Ahmedabad,Online,UPI,3,9178.33,0.05,27534.99,26158.24,0,2105.68,2024,1,January,Friday,27534.989999999998,26158.2405
2024-01-05,ORD024861,CUST03617,P019,Vacuum Cleaner,Home,Surat,Store,UPI,1,9228.18,0.0,9228.18,9228.18,0,2141.17,2024,1,January,Friday,9228.18,9228.18
2024-01-05,ORD043469,CUST01664,P005,Office Chair,Furniture,Surat,Online,Debit Card,2,9900.04,0.0,19800.08,19800.08,0,5295.9,2024,1,January,Friday,19800.08,19800.08
2024-01-05,ORD047544,CUST03362,P001,Laptop,Electronics,Surat,Store,Credit Card,1,66633.18,0.2,66633.18,53306.54,0,4205.69,2024,1,January,Friday,66633.18,53306.543999999994
2024-01-05,ORD022516,CUST02896,P020,Microwave,Home,Mumbai,Online,Credit Card,1,11534.48,0.0,11534.48,11534.48,0,3201.23,2024,1,January,Friday,11534.48,11534.48
2024-01-05,ORD002773,CUST00632,P007,Backpack,Accessories,Mumbai,Online,Credit Card,1,2196.56,0.25,2196.56,1647.42,0,274.46,2024,1,January,Friday,2196.56,1647.42
2024-01-05,ORD037605,CUST01549,P019,Vacuum Cleaner,Home,Surat,Store,UPI,1,8421.81,0.05,8421.81,8000.72,0,1082.29,2024,1,January,Friday,8421.81,8000.719499999999
2024-01-05,ORD046817,CUST00144,P003,Headphones,Electronics,Mumbai,Store,UPI,1,4803.99,0.0,4803.99,4803.99,0,702.78,2024,1,January,Friday,4803.99,4803.99
2024-01-05,ORD011086,CUST00601,P010,Coffee Maker,Home,Delhi,Online,Net Banking,1,5539.53,0.1,5539.53,4985.58,1,-249.28,2024,1,January,Friday,5539.53,4985.577
2024-01-05,ORD013589,CUST00258,P013,Monitor,Electronics,Bengaluru,Store,Debit Card,1,17710.34,0.15,17710.34,15053.79,0,1589.25,2024,1,January,Friday,17710.34,15053.788999999999
2024-01-05,ORD036591,CUST01520,P014,Keyboard,Electronics,Pune,Store,UPI,1,2605.22,0.15,2605.22,2214.44,0,529.72,2024,1,January,Friday,2605.22,2214.437
2024-01-05,ORD043127,CUST03054,P020,Microwave,Home,Chennai,Online,UPI,1,12031.83,0.0,12031.83,12031.83,0,2089.48,2024,1,January,Friday,12031.83,12031.83
2024-01-05,ORD037695,CUST00713,P006,Desk,Furniture,Chennai,Online,UPI,1,11530.72,0.15,11530.72,9801.11,0,863.91,2024,1,January,Friday,11530.72,9801.112
2024-01-05,ORD016337,CUST03685,P001,Laptop,Electronics,Surat,Online,Net Banking,1,68286.73,0.05,68286.73,64872.39,0,7105.1,2024,1,January,Friday,68286.73,64872.39349999999
2024-01-05,ORD022112,CUST03188,P019,Vacuum Cleaner,Home,Kolkata,Online,UPI,1,9555.42,0.05,9555.42,9077.65,0,711.25,2024,1,January,Friday,9555.42,9077.649
2024-01-05,ORD022368,CUST03735,P015,Dining Table,Furniture,Chennai,Online,UPI,1,23571.19,0.15,23571.19,20035.51,0,4500.89,2024,1,January,Friday,23571.19,20035.511499999997
2024-01-05,ORD028552,CUST03078,P007,Backpack,Accessories,Surat,Store,UPI,1,2011.62,0.0,2011.62,2011.62,0,288.09,2024,1,January,Friday,2011.62,2011.62
2024-01-05,ORD048276,CUST00138,P003,Headphones,Electronics,Kolkata,Online,Credit Card,2,4120.03,0.05,8240.06,7828.06,0,621.15,2024,1,January,Friday,8240.06,7828.056999999999
2024-01-05,ORD029871,CUST03482,P004,Smartwatch,Electronics,Surat,Store,Credit Card,1,6982.02,0.05,6982.02,6632.92,0,777.39,2024,1,January,Friday,6982.02,6632.919
2024-01-05,ORD002342,CUST03358,P018,Jacket,Fashion,Hyderabad,Store,Net Banking,1,5536.0,0.1,5536.0,4982.4,0,1303.85,2024,1,January,Friday,5536.0,4982.400000000001
2024-01-05,ORD000506,CUST03482,P016,Sofa,Furniture,Hyderabad,Online,UPI,1,31893.57,0.2,31893.57,25514.86,0,6144.39,2024,1,January,Friday,31893.57,25514.856
2024-01-05,ORD011260,CUST02411,P015,Dining Table,Furniture,Hyderabad,Online,Debit Card,3,21369.21,0.1,64107.63,57696.87,0,13781.79,2024,1,January,Friday,64107.63,57696.867
2024-01-05,ORD001213,CUST03535,P014,Keyboard,Electronics,Bengaluru,Online,Net Banking,1,2357.77,0.1,2357.77,2121.99,0,215.17,2024,1,January,Friday,2357.77,2121.993
2024-01-05,ORD028470,CUST00574,P002,Smartphone,Electronics,Mumbai,Online,Credit Card,1,30598.04,0.05,30598.04,29068.14,0,4987.2,2024,1,January,Friday,30598.04,29068.138
2024-01-05,ORD032009,CUST01042,P010,Coffee Maker,Home,Pune,Online,Credit Card,5,5948.46,0.0,29742.3,29742.3,0,4492.48,2024,1,January,Friday,29742.3,29742.3
2024-01-05,ORD002190,CUST00052,P019,Vacuum Cleaner,Home,Mumbai,Online,Credit Card,1,8956.23,0.25,8956.23,6717.17,0,649.14,2024,1,January,Friday,8956.23,6717.1725
2024-01-05,ORD000380,CUST00986,P003,Headphones,Electronics,Pune,Online,Credit Card,1,4118.91,0.1,4118.91,3707.02,0,713.12,2024,1,January,Friday,4118.91,3707.019
2024-01-05,ORD040574,CUST04036,P012,Air Fryer,Home,Delhi,Online,Cash,3,7336.31,0.05,22008.93,20908.48,0,5470.52,2024,1,January,Friday,22008.93,20908.4835
2024-01-05,ORD029018,CUST03607,P001,Laptop,Electronics,Hyderabad,Online,Net Banking,1,62655.63,0.2,62655.63,50124.5,0,7130.99,2024,1,January,Friday,62655.63,50124.504
2024-01-05,ORD030171,CUST04195,P017,Jeans,Fashion,Pune,Store,Cash,2,2679.42,0.05,5358.84,5090.9,0,916.33,2024,1,January,Friday,5358.84,5090.898
2024-01-05,ORD006694,CUST02774,P005,Office Chair,Furniture,Jaipur,Store,Net Banking,1,9611.49,0.1,9611.49,8650.34,0,1301.67,2024,1,January,Friday,9611.49,8650.341
2024-01-05,ORD020468,CUST02254,P015,Dining Table,Furniture,Bengaluru,Online,Credit Card,1,19842.28,0.0,19842.28,19842.28,0,2521.74,2024,1,January,Friday,19842.28,19842.28
2024-01-05,ORD047517,CUST04563,P015,Dining Table,Furniture,Mumbai,Store,UPI,2,22336.22,0.15,44672.44,37971.57,0,6679.48,2024,1,January,Friday,44672.44,37971.574
2024-01-05,ORD022868,CUST01399,P009,T-Shirt,Fashion,Pune,Online,Debit Card,1,1308.32,0.0,1308.32,1308.32,0,156.62,2024,1,January,Friday,1308.32,1308.32
2024-01-05,ORD046262,CUST00357,P005,Office Chair,Furniture,Pune,Online,UPI,1,10158.97,0.1,10158.97,9143.07,0,1583.9,2024,1,January,Friday,10158.97,9143.073
2024-01-05,ORD047456,CUST01065,P015,Dining Table,Furniture,Chennai,Store,Debit Card,1,20590.08,0.2,20590.08,16472.06,0,1088.17,2024,1,January,Friday,20590.08,16472.064000000002
2024-01-05,ORD026099,CUST03386,P001,Laptop,Electronics,Jaipur,Online,Credit Card,1,61646.09,0.0,61646.09,61646.09,0,7276.93,2024,1,January,Friday,61646.09,61646.09
2024-01-05,ORD048758,CUST03004,P020,Microwave,Home,Surat,Store,UPI,4,11898.97,0.25,47595.88,35696.91,0,3804.11,2024,1,January,Friday,47595.88,35696.909999999996
2024-01-05,ORD037237,CUST03835,P013,Monitor,Electronics,Pune,Store,Credit Card,2,16355.95,0.0,32711.9,32711.9,0,3414.49,2024,1,January,Friday,32711.9,32711.9
2024-01-05,ORD018141,CUST04406,P016,Sofa,Furniture,Kolkata,Online,Credit Card,1,34236.64,0.15,34236.64,29101.14,0,3715.29,2024,1,January,Friday,34236.64,29101.144
2024-01-05,ORD018051,CUST02888,P016,Sofa,Furniture,Kolkata,Store,UPI,3,34502.89,0.05,103508.67,98333.24,0,17193.5,2024,1,January,Friday,103508.67,98333.2365
2024-01-05,ORD010567,CUST01498,P008,Running Shoes,Fashion,Bengaluru,Online,Credit Card,2,4214.59,0.1,8429.18,7586.26,0,1484.07,2024,1,January,Friday,8429.18,7586.262000000001
2024-01-05,ORD016036,CUST00182,P015,Dining Table,Furniture,Jaipur,Online,Net Banking,1,19884.14,0.05,19884.14,18889.93,0,3995.78,2024,1,January,Friday,19884.14,18889.932999999997
2024-01-05,ORD031183,CUST04698,P001,Laptop,Electronics,Hyderabad,Online,UPI,1,69023.69,0.0,69023.69,69023.69,1,-3451.18,2024,1,January,Friday,69023.69,69023.69
2024-01-05,ORD041347,CUST04559,P006,Desk,Furniture,Surat,Store,Net Banking,1,11749.34,0.1,11749.34,10574.41,0,2662.53,2024,1,January,Friday,11749.34,10574.406
2024-01-05,ORD025215,CUST02576,P017,Jeans,Fashion,Pune,Online,Debit Card,1,2673.0,0.1,2673.0,2405.7,0,520.41,2024,1,January,Friday,2673.0,2405.7000000000003
2024-01-05,ORD021491,CUST00494,P008,Running Shoes,Fashion,Ahmedabad,Store,UPI,1,4377.7,0.15,4377.7,3721.04,0,398.02,2024,1,January,Friday,4377.7,3721.0449999999996
2024-01-05,ORD038566,CUST01618,P004,Smartwatch,Electronics,Hyderabad,Online,UPI,1,7198.27,0.0,7198.27,7198.27,0,591.77,2024,1,January,Friday,7198.27,7198.27
2024-01-05,ORD029351,CUST03006,P011,Mixer Grinder,Home,Mumbai,Store,Credit Card,1,4853.23,0.15,4853.23,4125.25,0,541.11,2024,1,January,Friday,4853.23,4125.245499999999
2024-01-05,ORD008971,CUST00943,P011,Mixer Grinder,Home,Delhi,Store,Cash,1,4853.56,0.1,4853.56,4368.2,0,798.08,2024,1,January,Friday,4853.56,4368.204000000001
2024-01-05,ORD049278,CUST04153,P019,Vacuum Cleaner,Home,Mumbai,Online,UPI,2,9556.91,0.2,19113.82,15291.06,0,3473.16,2024,1,January,Friday,19113.82,15291.056
2024-01-05,ORD004331,CUST02165,P008,Running Shoes,Fashion,Hyderabad,Store,UPI,1,3914.69,0.1,3914.69,3523.22,0,940.06,2024,1,January,Friday,3914.69,3523.221
2024-01-05,ORD000820,CUST03884,P002,Smartphone,Electronics,Hyderabad,Online,UPI,1,27884.73,0.0,27884.73,27884.73,0,3704.7,2024,1,January,Friday,27884.73,27884.73
2024-01-05,ORD028880,CUST02480,P010,Coffee Maker,Home,Bengaluru,Online,Credit Card,1,6008.96,0.15,6008.96,5107.62,0,768.55,2024,1,January,Friday,6008.96,5107.616
2024-01-05,ORD012134,CUST02975,P012,Air Fryer,Home,Hyderabad,Online,UPI,2,7011.63,0.0,14023.26,14023.26,0,2289.83,2024,1,January,Friday,14023.26,14023.26
2024-01-05,ORD001602,CUST00360,P004,Smartwatch,Electronics,Hyderabad,Online,UPI,1,7001.43,0.15,7001.43,5951.22,0,693.97,2024,1,January,Friday,7001.43,5951.2155
2024-01-05,ORD045922,CUST00888,P005,Office Chair,Furniture,Mumbai,Online,Net Banking,1,8837.73,0.15,8837.73,7512.07,0,832.07,2024,1,January,Friday,8837.73,7512.0705
2024-01-05,ORD041564,CUST00388,P020,Microwave,Home,Jaipur,Online,UPI,1,11210.25,0.05,11210.25,10649.74,0,2830.46,2024,1,January,Friday,11210.25,10649.7375
2024-01-05,ORD027071,CUST04283,P017,Jeans,Fashion,Delhi,Store,Credit Card,1,3003.07,0.0,3003.07,3003.07,0,825.23,2024,1,January,Friday,3003.07,3003.07
2024-01-05,ORD008028,CUST03474,P005,Office Chair,Furniture,Bengaluru,Store,UPI,1,10163.88,0.2,10163.88,8131.1,0,837.07,2024,1,January,Friday,10163.88,8131.103999999999
2024-01-05,ORD029205,CUST00584,P014,Keyboard,Electronics,Hyderabad,Online,Debit Card,1,2736.7,0.05,2736.7,2599.86,0,435.29,2024,1,January,Friday,2736.7,2599.865
2024-01-05,ORD032542,CUST04201,P019,Vacuum Cleaner,Home,Chennai,Online,Cash,2,9323.0,0.15,18646.0,15849.1,0,3431.16,2024,1,January,Friday,18646.0,15849.1
2024-01-05,ORD042060,CUST00335,P010,Coffee Maker,Home,Chennai,Online,UPI,2,5496.57,0.2,10993.14,8794.51,0,1429.39,2024,1,January,Friday,10993.14,8794.512
2024-01-05,ORD038027,CUST04732,P007,Backpack,Accessories,Surat,Online,UPI,2,2008.44,0.05,4016.88,3816.04,1,-190.8,2024,1,January,Friday,4016.88,3816.036
2024-01-05,ORD024060,CUST02185,P013,Monitor,Electronics,Delhi,Online,UPI,1,16616.48,0.1,16616.48,14954.83,1,-747.74,2024,1,January,Friday,16616.48,14954.832
2024-01-05,ORD028708,CUST03979,P007,Backpack,Accessories,Delhi,Online,UPI,1,2033.12,0.15,2033.12,1728.15,0,228.9,2024,1,January,Friday,2033.12,1728.1519999999998
2024-01-05,ORD026334,CUST03601,P007,Backpack,Accessories,Ahmedabad,Online,UPI,1,2046.98,0.0,2046.98,2046.98,0,344.11,2024,1,January,Friday,2046.98,2046.98
2024-01-05,ORD036393,CUST03993,P017,Jeans,Fashion,Delhi,Online,UPI,4,2583.26,0.15,10333.04,8783.08,0,772.78,2024,1,January,Friday,10333.04,8783.084
2024-01-05,ORD027123,CUST03592,P003,Headphones,Electronics,Hyderabad,Online,UPI,1,4353.0,0.05,4353.0,4135.35,0,1088.31,2024,1,January,Friday,4353.0,4135.349999999999
2024-01-05,ORD032562,CUST02447,P012,Air Fryer,Home,Mumbai,Online,Cash,1,7357.33,0.05,7357.33,6989.46,0,1732.93,2024,1,January,Friday,7357.33,6989.4635
2024-01-05,ORD038364,CUST04277,P010,Coffee Maker,Home,Chennai,Store,Debit Card,1,5010.73,0.0,5010.73,5010.73,0,1464.01,2024,1,January,Friday,5010.73,5010.73
2024-01-05,ORD016115,CUST01896,P020,Microwave,Home,Chennai,Online,Credit Card,1,10596.0,0.15,10596.0,9006.6,0,1558.09,2024,1,January,Friday,10596.0,9006.6
2024-01-05,ORD031892,CUST02083,P014,Keyboard,Electronics,Bengaluru,Online,Debit Card,1,2334.4,0.1,2334.4,2100.96,0,442.87,2024,1,January,Friday,2334.4,2100.96
2024-01-05,ORD015617,CUST01330,P017,Jeans,Fashion,Jaipur,Online,Debit Card,5,2614.26,0.05,13071.3,12417.74,0,882.74,2024,1,January,Friday,13071.300000000001,12417.734999999999
2024-01-05,ORD024325,CUST03000,P002,Smartphone,Electronics,Kolkata,Online,Debit Card,1,26163.88,0.05,26163.88,24855.69,0,3039.3,2024,1,January,Friday,26163.88,24855.686
2024-01-05,ORD041345,CUST03132,P010,Coffee Maker,Home,Hyderabad,Online,Cash,1,5515.84,0.15,5515.84,4688.46,0,245.44,2024,1,January,Friday,5515.84,4688.464
2024-01-05,ORD049410,CUST04032,P008,Running Shoes,Fashion,Delhi,Online,UPI,1,4336.05,0.05,4336.05,4119.25,0,479.4,2024,1,January,Friday,4336.05,4119.2475
2024-01-05,ORD045648,CUST04507,P018,Jacket,Fashion,Hyderabad,Online,Cash,1,4680.75,0.05,4680.75,4446.71,0,572.98,2024,1,January,Friday,4680.75,4446.7125
2024-01-05,ORD028762,CUST03599,P005,Office Chair,Furniture,Bengaluru,Online,UPI,1,10068.72,0.25,10068.72,7551.54,0,302.42,2024,1,January,Friday,10068.72,7551.539999999999
2024-01-05,ORD021636,CUST04085,P015,Dining Table,Furniture,Bengaluru,Store,Cash,1,22546.91,0.1,22546.91,20292.22,0,3259.47,2024,1,January,Friday,22546.91,20292.219
2024-01-05,ORD010886,CUST01779,P020,Microwave,Home,Ahmedabad,Online,Credit Card,2,11152.08,0.05,22304.16,21188.95,0,3708.49,2024,1,January,Friday,22304.16,21188.951999999997
2024-01-05,ORD000010,CUST00503,P012,Air Fryer,Home,Chennai,Online,Debit Card,2,7159.99,0.2,14319.98,11455.98,0,2255.84,2024,1,January,Friday,14319.98,11455.984
2024-01-06,ORD028828,CUST00715,P015,Dining Table,Furniture,Kolkata,Store,Debit Card,1,21229.98,0.1,21229.98,19106.98,0,4831.88,2024,1,January,Saturday,21229.98,19106.982
2024-01-06,ORD000937,CUST03292,P020,Microwave,Home,Delhi,Online,UPI,1,11002.97,0.05,11002.97,10452.82,0,1533.06,2024,1,January,Saturday,11002.97,10452.821499999998
2024-01-06,ORD024002,CUST02013,P018,Jacket,Fashion,Mumbai,Online,Debit Card,1,4809.46,0.15,4809.46,4088.04,0,342.46,2024,1,January,Saturday,4809.46,4088.0409999999997
2024-01-06,ORD010767,CUST04974,P009,T-Shirt,Fashion,Bengaluru,Store,Credit Card,1,1100.14,0.05,1100.14,1045.13,0,296.66,2024,1,January,Saturday,1100.14,1045.133
2024-01-06,ORD023488,CUST02978,P005,Office Chair,Furniture,Hyderabad,Online,UPI,2,9206.55,0.1,18413.1,16571.79,0,1432.43,2024,1,January,Saturday,18413.1,16571.79
2024-01-06,ORD016576,CUST03510,P019,Vacuum Cleaner,Home,Bengaluru,Store,Credit Card,1,8932.41,0.05,8932.41,8485.79,1,-424.29,2024,1,January,Saturday,8932.41,8485.789499999999
2024-01-06,ORD034564,CUST02897,P002,Smartphone,Electronics,Chennai,Online,Credit Card,2,29390.64,0.05,58781.28,55842.22,0,4675.93,2024,1,January,Saturday,58781.28,55842.21599999999
2024-01-06,ORD023598,CUST02908,P004,Smartwatch,Electronics,Hyderabad,Online,Credit Card,1,6908.06,0.2,6908.06,5526.45,0,589.51,2024,1,January,Saturday,6908.06,5526.448
2024-01-06,ORD016563,CUST03063,P006,Desk,Furniture,Hyderabad,Online,Debit Card,2,11835.6,0.05,23671.2,22487.64,0,6091.01,2024,1,January,Saturday,23671.2,22487.64
2024-01-06,ORD045228,CUST00698,P012,Air Fryer,Home,Hyderabad,Online,UPI,1,6759.78,0.1,6759.78,6083.8,1,-304.19,2024,1,January,Saturday,6759.78,6083.802
2024-01-06,ORD045305,CUST01256,P006,Desk,Furniture,Delhi,Store,Credit Card,1,10963.95,0.1,10963.95,9867.56,0,2388.15,2024,1,January,Saturday,10963.95,9867.555
2024-01-06,ORD028740,CUST02096,P001,Laptop,Electronics,Delhi,Online,UPI,2,70634.46,0.0,141268.92,141268.92,0,19532.17,2024,1,January,Saturday,141268.92,141268.92
2024-01-06,ORD036919,CUST03970,P012,Air Fryer,Home,Bengaluru,Store,Debit Card,2,7616.48,0.0,15232.96,15232.96,0,3192.25,2024,1,January,Saturday,15232.96,15232.96
2024-01-06,ORD016123,CUST01279,P018,Jacket,Fashion,Ahmedabad,Online,UPI,1,5222.07,0.2,5222.07,4177.66,0,867.47,2024,1,January,Saturday,5222.07,4177.656
2024-01-06,ORD005670,CUST03607,P006,Desk,Furniture,Surat,Online,Debit Card,1,12135.85,0.05,12135.85,11529.06,0,1445.08,2024,1,January,Saturday,12135.85,11529.057499999999
2024-01-06,ORD016246,CUST00912,P005,Office Chair,Furniture,Kolkata,Online,UPI,5,10173.12,0.1,50865.6,45779.04,0,12538.55,2024,1,January,Saturday,50865.600000000006,45779.04
2024-01-06,ORD025419,CUST00640,P002,Smartphone,Electronics,Surat,Online,UPI,2,30045.71,0.1,60091.42,54082.28,0,14162.04,2024,1,January,Saturday,60091.42,54082.278
2024-01-06,ORD034726,CUST02059,P018,Jacket,Fashion,Mumbai,Store,UPI,2,5558.11,0.1,11116.22,10004.6,0,2311.64,2024,1,January,Saturday,11116.22,10004.598
2024-01-06,ORD022770,CUST01463,P005,Office Chair,Furniture,Surat,Store,UPI,5,8803.3,0.1,44016.5,39614.85,0,5730.51,2024,1,January,Saturday,44016.5,39614.85
2024-01-06,ORD025601,CUST01418,P005,Office Chair,Furniture,Delhi,Online,UPI,3,10026.77,0.25,30080.31,22560.23,0,2353.05,2024,1,January,Saturday,30080.31,22560.232500000002
2024-01-06,ORD038047,CUST03097,P019,Vacuum Cleaner,Home,Kolkata,Store,Debit Card,1,9072.02,0.0,9072.02,9072.02,0,2715.39,2024,1,January,Saturday,9072.02,9072.02
2024-01-06,ORD018161,CUST01637,P018,Jacket,Fashion,Chennai,Store,Credit Card,4,5359.57,0.05,21438.28,20366.37,0,1543.2,2024,1,January,Saturday,21438.28,20366.365999999998
2024-01-06,ORD042465,CUST02927,P007,Backpack,Accessories,Hyderabad,Online,UPI,2,2305.34,0.1,4610.68,4149.61,0,985.17,2024,1,January,Saturday,4610.68,4149.612
2024-01-06,ORD003198,CUST01619,P020,Microwave,Home,Bengaluru,Online,Credit Card,2,10531.75,0.15,21063.5,17903.97,0,3221.51,2024,1,January,Saturday,21063.5,17903.975
2024-01-06,ORD018387,CUST03149,P014,Keyboard,Electronics,Ahmedabad,Online,UPI,4,2275.85,0.0,9103.4,9103.4,0,1698.55,2024,1,January,Saturday,9103.4,9103.4
2024-01-06,ORD047355,CUST01820,P002,Smartphone,Electronics,Chennai,Online,Debit Card,2,27944.76,0.05,55889.52,53095.04,0,3915.36,2024,1,January,Saturday,55889.52,53095.043999999994
2024-01-06,ORD027662,CUST02256,P001,Laptop,Electronics,Delhi,Store,Debit Card,1,66934.01,0.0,66934.01,66934.01,0,17963.89,2024,1,January,Saturday,66934.01,66934.01
2024-01-06,ORD027530,CUST00740,P011,Mixer Grinder,Home,Kolkata,Online,Debit Card,1,4679.82,0.05,4679.82,4445.83,0,1005.81,2024,1,January,Saturday,4679.82,4445.829
2024-01-06,ORD031203,CUST00171,P010,Coffee Maker,Home,Ahmedabad,Online,Credit Card,1,5242.2,0.15,5242.2,4455.87,0,1131.4,2024,1,January,Saturday,5242.2,4455.87
2024-01-06,ORD001301,CUST04338,P014,Keyboard,Electronics,Bengaluru,Online,UPI,3,2335.12,0.1,7005.36,6304.82,0,1663.4,2024,1,January,Saturday,7005.36,6304.824
2024-01-06,ORD026522,CUST00758,P015,Dining Table,Furniture,Pune,Store,UPI,2,22219.79,0.15,44439.58,37773.64,0,4026.71,2024,1,January,Saturday,44439.58,37773.643000000004
2024-01-06,ORD031339,CUST04081,P009,T-Shirt,Fashion,Kolkata,Online,Credit Card,2,1090.68,0.2,2181.36,1745.09,0,193.66,2024,1,January,Saturday,2181.36,1745.0880000000002
2024-01-06,ORD031490,CUST00547,P006,Desk,Furniture,Hyderabad,Online,Net Banking,1,12551.91,0.05,12551.91,11924.31,0,2499.72,2024,1,January,Saturday,12551.91,11924.314499999999
2024-01-06,ORD042781,CUST04576,P003,Headphones,Electronics,Chennai,Online,UPI,1,4193.07,0.0,4193.07,4193.07,0,603.61,2024,1,January,Saturday,4193.07,4193.07
2024-01-06,ORD003547,CUST02660,P004,Smartwatch,Electronics,Surat,Online,UPI,3,6465.02,0.0,19395.06,19395.06,0,5724.09,2024,1,January,Saturday,19395.06,19395.06
2024-01-06,ORD032829,CUST03143,P008,Running Shoes,Fashion,Bengaluru,Online,Credit Card,1,4364.6,0.0,4364.6,4364.6,0,756.58,2024,1,January,Saturday,4364.6,4364.6
2024-01-06,ORD027327,CUST02204,P016,Sofa,Furniture,Surat,Store,Cash,1,35438.08,0.05,35438.08,33666.18,0,6786.49,2024,1,January,Saturday,35438.08,33666.176
2024-01-06,ORD019207,CUST02918,P007,Backpack,Accessories,Mumbai,Online,UPI,1,2257.74,0.2,2257.74,1806.19,1,-90.31,2024,1,January,Saturday,2257.74,1806.192
2024-01-06,ORD047050,CUST02030,P008,Running Shoes,Fashion,Ahmedabad,Store,UPI,1,4398.25,0.15,4398.25,3738.51,0,881.93,2024,1,January,Saturday,4398.25,3738.5125
2024-01-06,ORD048610,CUST01695,P008,Running Shoes,Fashion,Chennai,Store,UPI,1,3826.25,0.15,3826.25,3252.31,0,597.94,2024,1,January,Saturday,3826.25,3252.3125
2024-01-06,ORD009873,CUST01195,P002,Smartphone,Electronics,Ahmedabad,Online,Net Banking,2,28495.81,0.25,56991.62,42743.72,0,6878.75,2024,1,January,Saturday,56991.62,42743.715000000004
2024-01-06,ORD004370,CUST04787,P001,Laptop,Electronics,Surat,Online,UPI,1,69584.62,0.15,69584.62,59146.93,0,5679.9,2024,1,January,Saturday,69584.62,59146.926999999996
2024-01-06,ORD040771,CUST02198,P008,Running Shoes,Fashion,Chennai,Store,Debit Card,1,3937.71,0.25,3937.71,2953.28,0,663.59,2024,1,January,Saturday,3937.71,2953.2825000000003
2024-01-06,ORD020808,CUST02201,P012,Air Fryer,Home,Chennai,Online,UPI,3,7634.51,0.0,22903.53,22903.53,0,6475.72,2024,1,January,Saturday,22903.53,22903.53
2024-01-06,ORD003947,CUST01134,P006,Desk,Furniture,Hyderabad,Online,Credit Card,1,11893.72,0.05,11893.72,11299.03,0,1558.74,2024,1,January,Saturday,11893.72,11299.034
2024-01-06,ORD004193,CUST02405,P007,Backpack,Accessories,Ahmedabad,Online,Credit Card,2,2416.24,0.15,4832.48,4107.61,0,331.47,2024,1,January,Saturday,4832.48,4107.607999999999
2024-01-06,ORD032273,CUST03384,P015,Dining Table,Furniture,Kolkata,Online,Credit Card,2,21741.74,0.05,43483.48,41309.31,1,-2065.47,2024,1,January,Saturday,43483.48,41309.306000000004
2024-01-06,ORD019954,CUST00656,P009,T-Shirt,Fashion,Kolkata,Store,UPI,1,1183.07,0.05,1183.07,1123.92,0,125.49,2024,1,January,Saturday,1183.07,1123.9164999999998
2024-01-06,ORD038743,CUST02363,P003,Headphones,Electronics,Delhi,Online,Debit Card,1,4619.1,0.05,4619.1,4388.15,0,467.51,2024,1,January,Saturday,4619.1,4388.145
2024-01-06,ORD026244,CUST03342,P009,T-Shirt,Fashion,Pune,Online,Credit Card,1,1159.71,0.05,1159.71,1101.72,0,149.19,2024,1,January,Saturday,1159.71,1101.7245
2024-01-06,ORD029007,CUST03634,P013,Monitor,Electronics,Delhi,Store,UPI,1,19784.24,0.1,19784.24,17805.82,0,2023.09,2024,1,January,Saturday,19784.24,17805.816000000003
2024-01-06,ORD008256,CUST01368,P003,Headphones,Electronics,Bengaluru,Store,Net Banking,1,4829.66,0.0,4829.66,4829.66,0,1228.55,2024,1,January,Saturday,4829.66,4829.66
2024-01-06,ORD005335,CUST03011,P003,Headphones,Electronics,Delhi,Online,Credit Card,3,4088.89,0.05,12266.67,11653.34,0,2958.95,2024,1,January,Saturday,12266.67,11653.3365
2024-01-06,ORD033906,CUST02451,P011,Mixer Grinder,Home,Kolkata,Online,UPI,1,5190.68,0.2,5190.68,4152.54,0,838.8,2024,1,January,Saturday,5190.68,4152.544000000001
2024-01-06,ORD033845,CUST03271,P017,Jeans,Fashion,Ahmedabad,Store,Cash,1,2889.47,0.1,2889.47,2600.52,0,278.1,2024,1,January,Saturday,2889.47,2600.5229999999997
2024-01-06,ORD006902,CUST03768,P018,Jacket,Fashion,Mumbai,Online,UPI,2,4963.71,0.1,9927.42,8934.68,0,1072.03,2024,1,January,Saturday,9927.42,8934.678
2024-01-06,ORD011483,CUST03819,P007,Backpack,Accessories,Hyderabad,Store,Credit Card,1,2083.39,0.1,2083.39,1875.05,0,438.14,2024,1,January,Saturday,2083.39,1875.051
2024-01-06,ORD022931,CUST01249,P011,Mixer Grinder,Home,Delhi,Online,UPI,4,5122.52,0.0,20490.08,20490.08,0,2012.81,2024,1,January,Saturday,20490.08,20490.08
2024-01-06,ORD028154,CUST01566,P008,Running Shoes,Fashion,Bengaluru,Online,Cash,1,3971.78,0.25,3971.78,2978.84,1,-148.94,2024,1,January,Saturday,3971.78,2978.835
2024-01-06,ORD022968,CUST04852,P014,Keyboard,Electronics,Surat,Store,Net Banking,1,2644.6,0.0,2644.6,2644.6,0,391.41,2024,1,January,Saturday,2644.6,2644.6
2024-01-06,ORD043834,CUST00808,P009,T-Shirt,Fashion,Hyderabad,Online,UPI,1,1315.37,0.0,1315.37,1315.37,1,-65.77,2024,1,January,Saturday,1315.37,1315.37
2024-01-06,ORD037232,CUST01135,P019,Vacuum Cleaner,Home,Mumbai,Online,Credit Card,2,9879.06,0.1,19758.12,17782.31,0,1704.11,2024,1,January,Saturday,19758.12,17782.308
2024-01-06,ORD049131,CUST01053,P019,Vacuum Cleaner,Home,Mumbai,Online,Credit Card,1,9578.38,0.1,9578.38,8620.54,0,2254.69,2024,1,January,Saturday,9578.38,8620.542
2024-01-06,ORD046776,CUST01668,P009,T-Shirt,Fashion,Chennai,Online,Debit Card,1,1315.76,0.15,1315.76,1118.4,0,207.05,2024,1,January,Saturday,1315.76,1118.396
2024-01-06,ORD005445,CUST04360,P002,Smartphone,Electronics,Mumbai,Online,Debit Card,4,28715.59,0.05,114862.36,109119.24,0,17338.73,2024,1,January,Saturday,114862.36,109119.242
2024-01-06,ORD005204,CUST03759,P020,Microwave,Home,Hyderabad,Store,Credit Card,1,11996.85,0.1,11996.85,10797.16,0,850.56,2024,1,January,Saturday,11996.85,10797.165
2024-01-06,ORD025811,CUST03614,P011,Mixer Grinder,Home,Kolkata,Store,UPI,1,5125.08,0.0,5125.08,5125.08,0,509.95,2024,1,January,Saturday,5125.08,5125.08
2024-01-06,ORD037734,CUST02615,P012,Air Fryer,Home,Chennai,Online,UPI,1,7843.01,0.0,7843.01,7843.01,0,1301.38,2024,1,January,Saturday,7843.01,7843.01
2024-01-06,ORD043153,CUST00749,P001,Laptop,Electronics,Delhi,Store,UPI,1,68026.33,0.0,68026.33,68026.33,0,6444.27,2024,1,January,Saturday,68026.33,68026.33
2024-01-06,ORD017141,CUST00270,P012,Air Fryer,Home,Hyderabad,Online,Credit Card,1,7104.52,0.0,7104.52,7104.52,0,1291.1,2024,1,January,Saturday,7104.52,7104.52
2024-01-06,ORD022887,CUST01249,P007,Backpack,Accessories,Bengaluru,Online,UPI,1,2108.11,0.0,2108.11,2108.11,0,314.27,2024,1,January,Saturday,2108.11,2108.11
2024-01-07,ORD031825,CUST02327,P020,Microwave,Home,Pune,Store,Credit Card,1,11259.08,0.05,11259.08,10696.13,0,2642.31,2024,1,January,Sunday,11259.08,10696.126
2024-01-07,ORD026855,CUST01873,P013,Monitor,Electronics,Mumbai,Online,Credit Card,1,18488.47,0.1,18488.47,16639.62,0,3486.03,2024,1,January,Sunday,18488.47,16639.623000000003
2024-01-07,ORD032392,CUST04177,P011,Mixer Grinder,Home,Kolkata,Online,Credit Card,2,4859.48,0.1,9718.96,8747.06,0,2152.77,2024,1,January,Sunday,9718.96,8747.064
2024-01-07,ORD031958,CUST04019,P003,Headphones,Electronics,Hyderabad,Store,UPI,2,4794.87,0.15,9589.74,8151.28,0,978.56,2024,1,January,Sunday,9589.74,8151.2789999999995
2024-01-07,ORD008957,CUST01929,P004,Smartwatch,Electronics,Mumbai,Online,Credit Card,2,7509.52,0.15,15019.04,12766.18,0,881.83,2024,1,January,Sunday,15019.04,12766.184000000001
2024-01-07,ORD029897,CUST02225,P017,Jeans,Fashion,Bengaluru,Store,Debit Card,1,2937.36,0.25,2937.36,2203.02,0,346.17,2024,1,January,Sunday,2937.36,2203.02
2024-01-07,ORD000664,CUST02512,P018,Jacket,Fashion,Delhi,Online,Cash,3,5111.71,0.15,15335.13,13034.86,0,1907.16,2024,1,January,Sunday,15335.130000000001,13034.860499999999
2024-01-07,ORD033006,CUST00816,P020,Microwave,Home,Bengaluru,Online,UPI,1,10244.47,0.0,10244.47,10244.47,0,1450.4,2024,1,January,Sunday,10244.47,10244.47
2024-01-07,ORD031622,CUST03825,P018,Jacket,Fashion,Mumbai,Online,Cash,2,4690.48,0.1,9380.96,8442.86,0,1270.29,2024,1,January,Sunday,9380.96,8442.864
2024-01-07,ORD010443,CUST02819,P003,Headphones,Electronics,Ahmedabad,Store,Credit Card,3,4837.56,0.15,14512.68,12335.78,0,2441.75,2024,1,January,Sunday,14512.68,12335.778
2024-01-07,ORD027941,CUST02052,P020,Microwave,Home,Surat,Online,UPI,1,9985.59,0.0,9985.59,9985.59,0,2139.21,2024,1,January,Sunday,9985.59,9985.59
2024-01-07,ORD028493,CUST00565,P019,Vacuum Cleaner,Home,Mumbai,Online,Debit Card,2,9860.78,0.15,19721.56,16763.33,1,-838.17,2024,1,January,Sunday,19721.56,16763.326
2024-01-07,ORD028044,CUST03935,P016,Sofa,Furniture,Chennai,Store,Credit Card,3,37955.91,0.1,113867.73,102480.96,0,11327.77,2024,1,January,Sunday,113867.73000000001,102480.957
2024-01-07,ORD030353,CUST04392,P017,Jeans,Fashion,Pune,Online,Debit Card,1,2636.65,0.15,2636.65,2241.15,0,160.08,2024,1,January,Sunday,2636.65,2241.1525
2024-01-07,ORD030717,CUST03554,P012,Air Fryer,Home,Delhi,Store,Debit Card,1,6616.55,0.1,6616.55,5954.9,0,914.64,2024,1,January,Sunday,6616.55,5954.895
2024-01-07,ORD010423,CUST00828,P020,Microwave,Home,Ahmedabad,Online,UPI,2,11318.23,0.1,22636.46,20372.81,0,2142.15,2024,1,January,Sunday,22636.46,20372.814
2024-01-07,ORD029425,CUST04246,P017,Jeans,Fashion,Hyderabad,Online,Net Banking,2,2520.51,0.25,5041.02,3780.77,0,424.26,2024,1,January,Sunday,5041.02,3780.7650000000003
2024-01-07,ORD026116,CUST02870,P009,T-Shirt,Fashion,Jaipur,Store,UPI,1,1266.11,0.0,1266.11,1266.11,0,146.19,2024,1,January,Sunday,1266.11,1266.11
2024-01-07,ORD010119,CUST03545,P008,Running Shoes,Fashion,Ahmedabad,Online,Credit Card,1,4452.77,0.1,4452.77,4007.49,0,554.36,2024,1,January,Sunday,4452.77,4007.4930000000004
2024-01-07,ORD047700,CUST03871,P007,Backpack,Accessories,Chennai,Store,Credit Card,2,2247.41,0.1,4494.82,4045.34,0,1065.95,2024,1,January,Sunday,4494.82,4045.3379999999997
2024-01-07,ORD030193,CUST03466,P005,Office Chair,Furniture,Hyderabad,Store,UPI,1,9430.91,0.1,9430.91,8487.82,1,-424.39,2024,1,January,Sunday,9430.91,8487.819
2024-01-07,ORD006964,CUST00982,P017,Jeans,Fashion,Surat,Online,UPI,1,2677.23,0.1,2677.23,2409.51,0,485.89,2024,1,January,Sunday,2677.23,2409.507
2024-01-07,ORD047680,CUST02226,P014,Keyboard,Electronics,Surat,Online,Credit Card,1,2291.97,0.0,2291.97,2291.97,0,248.34,2024,1,January,Sunday,2291.97,2291.97
2024-01-07,ORD047792,CUST04029,P019,Vacuum Cleaner,Home,Delhi,Store,Credit Card,2,8172.64,0.1,16345.28,14710.75,0,1405.02,2024,1,January,Sunday,16345.28,14710.752
2024-01-07,ORD008199,CUST02794,P020,Microwave,Home,Hyderabad,Store,Net Banking,5,10487.78,0.05,52438.9,49816.96,0,4809.76,2024,1,January,Sunday,52438.9,49816.955
2024-01-07,ORD037666,CUST04026,P014,Keyboard,Electronics,Delhi,Store,Debit Card,2,2700.67,0.1,5401.34,4861.21,0,425.62,2024,1,January,Sunday,5401.34,4861.206
2024-01-07,ORD047057,CUST01727,P001,Laptop,Electronics,Chennai,Store,Cash,2,60746.08,0.1,121492.16,109342.94,0,10873.42,2024,1,January,Sunday,121492.16,109342.944
2024-01-07,ORD016107,CUST02776,P002,Smartphone,Electronics,Bengaluru,Store,Credit Card,1,29243.74,0.25,29243.74,21932.8,0,1203.07,2024,1,January,Sunday,29243.74,21932.805
2024-01-07,ORD023176,CUST04855,P003,Headphones,Electronics,Surat,Online,Credit Card,2,4608.36,0.1,9216.72,8295.05,0,1129.03,2024,1,January,Sunday,9216.72,8295.047999999999
2024-01-07,ORD005494,CUST02563,P008,Running Shoes,Fashion,Pune,Store,Credit Card,1,4309.46,0.0,4309.46,4309.46,0,1219.93,2024,1,January,Sunday,4309.46,4309.46
2024-01-07,ORD017232,CUST00282,P017,Jeans,Fashion,Surat,Online,Debit Card,1,2712.89,0.1,2712.89,2441.6,0,472.27,2024,1,January,Sunday,2712.89,2441.601
2024-01-07,ORD046601,CUST00001,P011,Mixer Grinder,Home,Pune,Online,UPI,1,4818.7,0.25,4818.7,3614.02,0,144.56,2024,1,January,Sunday,4818.7,3614.0249999999996
2024-01-07,ORD047139,CUST03695,P007,Backpack,Accessories,Kolkata,Store,Credit Card,1,2347.58,0.15,2347.58,1995.44,0,274.12,2024,1,January,Sunday,2347.58,1995.443
2024-01-07,ORD040127,CUST04025,P015,Dining Table,Furniture,Jaipur,Store,UPI,5,22649.86,0.05,113249.3,107586.84,0,23113.2,2024,1,January,Sunday,113249.3,107586.83499999999
2024-01-07,ORD022823,CUST00275,P019,Vacuum Cleaner,Home,Surat,Online,UPI,2,8327.67,0.0,16655.34,16655.34,0,1621.94,2024,1,January,Sunday,16655.34,16655.34
2024-01-07,ORD037427,CUST04679,P015,Dining Table,Furniture,Delhi,Store,Credit Card,2,21069.83,0.15,42139.66,35818.71,0,2315.34,2024,1,January,Sunday,42139.66,35818.711
2024-01-07,ORD043644,CUST03594,P001,Laptop,Electronics,Mumbai,Store,UPI,1,69795.63,0.15,69795.63,59326.29,1,-2966.31,2024,1,January,Sunday,69795.63,59326.285500000005
2024-01-07,ORD017495,CUST01739,P003,Headphones,Electronics,Ahmedabad,Store,UPI,2,4474.09,0.0,8948.18,8948.18,0,1814.26,2024,1,January,Sunday,8948.18,8948.18
2024-01-07,ORD037474,CUST02394,P004,Smartwatch,Electronics,Pune,Store,UPI,4,6979.67,0.05,27918.68,26522.75,0,4228.61,2024,1,January,Sunday,27918.68,26522.746
2024-01-07,ORD022739,CUST02304,P002,Smartphone,Electronics,Kolkata,Online,UPI,2,29233.16,0.0,58466.32,58466.32,0,11141.38,2024,1,January,Sunday,58466.32,58466.32
2024-01-07,ORD003875,CUST04638,P010,Coffee Maker,Home,Chennai,Online,Credit Card,4,5064.13,0.2,20256.52,16205.22,0,4129.43,2024,1,January,Sunday,20256.52,16205.216
2024-01-07,ORD004262,CUST01530,P004,Smartwatch,Electronics,Ahmedabad,Online,Credit Card,3,6449.77,0.05,19349.31,18381.84,1,-919.09,2024,1,January,Sunday,19349.31,18381.8445
2024-01-07,ORD022174,CUST01095,P003,Headphones,Electronics,Bengaluru,Online,UPI,1,4540.41,0.1,4540.41,4086.37,0,493.47,2024,1,January,Sunday,4540.41,4086.369
2024-01-07,ORD004296,CUST03235,P010,Coffee Maker,Home,Pune,Online,UPI,1,5223.11,0.2,5223.11,4178.49,0,444.3,2024,1,January,Sunday,5223.11,4178.488
2024-01-07,ORD011820,CUST03212,P005,Office Chair,Furniture,Bengaluru,Store,UPI,2,8606.08,0.05,17212.16,16351.55,0,1264.69,2024,1,January,Sunday,17212.16,16351.552
2024-01-07,ORD037964,CUST03820,P010,Coffee Maker,Home,Surat,Online,UPI,1,6012.35,0.0,6012.35,6012.35,0,1273.75,2024,1,January,Sunday,6012.35,6012.35
2024-01-07,ORD038004,CUST02375,P002,Smartphone,Electronics,Chennai,Online,Net Banking,1,29052.21,0.0,29052.21,29052.21,0,7152.62,2024,1,January,Sunday,29052.21,29052.21
2024-01-07,ORD020988,CUST04824,P018,Jacket,Fashion,Surat,Online,UPI,1,4795.75,0.1,4795.75,4316.18,0,1127.7,2024,1,January,Sunday,4795.75,4316.175
2024-01-07,ORD047234,CUST02176,P018,Jacket,Fashion,Bengaluru,Online,Debit Card,1,5166.75,0.15,5166.75,4391.74,0,910.35,2024,1,January,Sunday,5166.75,4391.7375
2024-01-07,ORD011968,CUST03431,P017,Jeans,Fashion,Kolkata,Online,UPI,1,2688.6,0.0,2688.6,2688.6,0,704.39,2024,1,January,Sunday,2688.6,2688.6
2024-01-07,ORD043835,CUST02473,P018,Jacket,Fashion,Bengaluru,Online,Credit Card,1,5320.63,0.0,5320.63,5320.63,0,636.28,2024,1,January,Sunday,5320.63,5320.63
2024-01-07,ORD047347,CUST01312,P006,Desk,Furniture,Pune,Online,UPI,3,11997.59,0.1,35992.77,32393.49,0,2364.67,2024,1,January,Sunday,35992.770000000004,32393.493
2024-01-07,ORD038860,CUST03822,P011,Mixer Grinder,Home,Delhi,Online,UPI,1,4655.3,0.05,4655.3,4422.54,0,697.71,2024,1,January,Sunday,4655.3,4422.535
2024-01-07,ORD002587,CUST04922,P003,Headphones,Electronics,Hyderabad,Online,UPI,1,4758.68,0.1,4758.68,4282.81,0,561.53,2024,1,January,Sunday,4758.68,4282.812000000001
2024-01-07,ORD044441,CUST00403,P018,Jacket,Fashion,Pune,Online,UPI,2,5073.26,0.0,10146.52,10146.52,0,1064.5,2024,1,January,Sunday,10146.52,10146.52
2024-01-07,ORD044945,CUST01583,P001,Laptop,Electronics,Pune,Online,UPI,1,69781.72,0.1,69781.72,62803.55,0,7485.65,2024,1,January,Sunday,69781.72,62803.548
2024-01-07,ORD045729,CUST04045,P006,Desk,Furniture,Kolkata,Online,Credit Card,2,11572.18,0.0,23144.36,23144.36,0,2790.1,2024,1,January,Sunday,23144.36,23144.36
2024-01-07,ORD043426,CUST04711,P008,Running Shoes,Fashion,Bengaluru,Online,UPI,1,3862.53,0.1,3862.53,3476.28,0,340.26,2024,1,January,Sunday,3862.53,3476.277
2024-01-07,ORD041462,CUST03671,P003,Headphones,Electronics,Hyderabad,Store,UPI,1,4426.15,0.15,4426.15,3762.23,0,798.39,2024,1,January,Sunday,4426.15,3762.2274999999995
2024-01-07,ORD018662,CUST01272,P020,Microwave,Home,Mumbai,Online,Cash,5,10447.37,0.0,52236.85,52236.85,0,6664.07,2024,1,January,Sunday,52236.850000000006,52236.85
2024-01-07,ORD024918,CUST03543,P004,Smartwatch,Electronics,Chennai,Online,UPI,1,6561.29,0.0,6561.29,6561.29,0,593.09,2024,1,January,Sunday,6561.29,6561.29
2024-01-07,ORD014624,CUST03839,P014,Keyboard,Electronics,Jaipur,Store,UPI,1,2394.23,0.1,2394.23,2154.81,0,272.09,2024,1,January,Sunday,2394.23,2154.8070000000002
2024-01-07,ORD047651,CUST00161,P009,T-Shirt,Fashion,Kolkata,Store,UPI,1,1260.21,0.2,1260.21,1008.17,0,133.15,2024,1,January,Sunday,1260.21,1008.1680000000001
2024-01-07,ORD000456,CUST02594,P019,Vacuum Cleaner,Home,Pune,Online,Debit Card,1,9555.89,0.05,9555.89,9078.1,0,1239.55,2024,1,January,Sunday,9555.89,9078.0955
2024-01-07,ORD010724,CUST04078,P012,Air Fryer,Home,Hyderabad,Store,Credit Card,2,7276.43,0.1,14552.86,13097.57,0,3629.9,2024,1,January,Sunday,14552.86,13097.574
2024-01-07,ORD015324,CUST02347,P017,Jeans,Fashion,Mumbai,Online,UPI,4,2955.62,0.05,11822.48,11231.36,0,2895.89,2024,1,January,Sunday,11822.48,11231.356
2024-01-07,ORD035790,CUST01371,P019,Vacuum Cleaner,Home,Pune,Online,UPI,2,8690.15,0.15,17380.3,14773.26,0,2734.79,2024,1,January,Sunday,17380.3,14773.255
2024-01-07,ORD042903,CUST03564,P010,Coffee Maker,Home,Jaipur,Online,Net Banking,1,5231.25,0.15,5231.25,4446.56,0,283.77,2024,1,January,Sunday,5231.25,4446.5625
2024-01-07,ORD024462,CUST02274,P009,T-Shirt,Fashion,Hyderabad,Online,Credit Card,1,1293.98,0.0,1293.98,1293.98,0,206.66,2024,1,January,Sunday,1293.98,1293.98
2024-01-07,ORD015473,CUST02782,P011,Mixer Grinder,Home,Surat,Store,Cash,1,5028.09,0.15,5028.09,4273.88,0,1110.66,2024,1,January,Sunday,5028.09,4273.8765
2024-01-07,ORD019209,CUST02718,P010,Coffee Maker,Home,Pune,Online,UPI,1,5028.28,0.1,5028.28,4525.45,0,622.68,2024,1,January,Sunday,5028.28,4525.452
2024-01-07,ORD046097,CUST04934,P003,Headphones,Electronics,Surat,Store,UPI,3,4809.36,0.15,14428.08,12263.87,0,1056.49,2024,1,January,Sunday,14428.079999999998,12263.868
2024-01-07,ORD012053,CUST02781,P004,Smartwatch,Electronics,Jaipur,Online,Debit Card,5,6551.73,0.15,32758.65,27844.85,0,6162.73,2024,1,January,Sunday,32758.649999999998,27844.8525
2024-01-07,ORD017792,CUST04143,P014,Keyboard,Electronics,Mumbai,Store,Credit Card,2,2442.31,0.0,4884.62,4884.62,0,1267.92,2024,1,January,Sunday,4884.62,4884.62
2024-01-07,ORD023558,CUST04954,P013,Monitor,Electronics,Surat,Online,Credit Card,5,17754.26,0.05,88771.3,84332.73,0,15584.31,2024,1,January,Sunday,88771.29999999999,84332.735
2024-01-07,ORD023942,CUST03518,P012,Air Fryer,Home,Pune,Online,UPI,1,6483.15,0.1,6483.15,5834.84,0,562.42,2024,1,January,Sunday,6483.15,5834.835
2024-01-07,ORD023489,CUST04236,P006,Desk,Furniture,Surat,Online,Credit Card,2,12860.63,0.15,25721.26,21863.07,0,4339.08,2024,1,January,Sunday,25721.26,21863.070999999996
2024-01-07,ORD015906,CUST04160,P001,Laptop,Electronics,Jaipur,Store,Net Banking,1,64468.83,0.0,64468.83,64468.83,0,10213.92,2024,1,January,Sunday,64468.83,64468.83
2024-01-07,ORD041231,CUST03202,P019,Vacuum Cleaner,Home,Ahmedabad,Online,UPI,1,8957.73,0.05,8957.73,8509.84,1,-425.49,2024,1,January,Sunday,8957.73,8509.843499999999
2024-01-07,ORD015850,CUST00389,P013,Monitor,Electronics,Bengaluru,Online,UPI,1,19090.99,0.1,19090.99,17181.89,0,3150.12,2024,1,January,Sunday,19090.99,17181.891000000003
2024-01-07,ORD046012,CUST03477,P009,T-Shirt,Fashion,Pune,Online,Net Banking,1,1316.69,0.0,1316.69,1316.69,0,174.34,2024,1,January,Sunday,1316.69,1316.69
2024-01-08,ORD017772,CUST01053,P001,Laptop,Electronics,Chennai,Online,Net Banking,1,63424.87,0.1,63424.87,57082.38,0,10183.78,2024,1,January,Monday,63424.87,57082.383
2024-01-08,ORD013292,CUST02487,P008,Running Shoes,Fashion,Hyderabad,Online,Credit Card,1,4234.73,0.1,4234.73,3811.26,0,804.38,2024,1,January,Monday,4234.73,3811.2569999999996
2024-01-08,ORD042911,CUST03005,P018,Jacket,Fashion,Ahmedabad,Online,UPI,3,4893.87,0.1,14681.61,13213.45,0,3063.11,2024,1,January,Monday,14681.61,13213.449
2024-01-08,ORD047137,CUST04624,P003,Headphones,Electronics,Pune,Online,Credit Card,1,4701.38,0.0,4701.38,4701.38,0,934.42,2024,1,January,Monday,4701.38,4701.38
2024-01-08,ORD008390,CUST04611,P019,Vacuum Cleaner,Home,Pune,Online,UPI,1,9044.87,0.25,9044.87,6783.65,0,1108.33,2024,1,January,Monday,9044.87,6783.6525
2024-01-08,ORD038656,CUST02548,P006,Desk,Furniture,Pune,Online,UPI,1,12435.22,0.05,12435.22,11813.46,0,3346.65,2024,1,January,Monday,12435.22,11813.458999999999
2024-01-08,ORD038574,CUST02097,P019,Vacuum Cleaner,Home,Ahmedabad,Online,Debit Card,3,8443.62,0.05,25330.86,24064.32,0,3746.06,2024,1,January,Monday,25330.86,24064.317
2024-01-08,ORD028276,CUST04092,P008,Running Shoes,Fashion,Hyderabad,Online,UPI,1,4567.68,0.1,4567.68,4110.91,0,551.09,2024,1,January,Monday,4567.68,4110.912
2024-01-08,ORD013134,CUST01794,P006,Desk,Furniture,Pune,Store,Cash,2,13143.09,0.0,26286.18,26286.18,0,5224.16,2024,1,January,Monday,26286.18,26286.18
2024-01-08,ORD000278,CUST02526,P017,Jeans,Fashion,Pune,Online,Credit Card,5,3067.29,0.1,15336.45,13802.8,0,1319.1,2024,1,January,Monday,15336.45,13802.805
2024-01-08,ORD039424,CUST03926,P005,Office Chair,Furniture,Chennai,Online,UPI,1,10236.19,0.15,10236.19,8700.76,0,708.37,2024,1,January,Monday,10236.19,8700.7615
2024-01-08,ORD032576,CUST00230,P010,Coffee Maker,Home,Ahmedabad,Online,Cash,1,5102.72,0.1,5102.72,4592.45,0,852.96,2024,1,January,Monday,5102.72,4592.448
2024-01-08,ORD041648,CUST02419,P019,Vacuum Cleaner,Home,Kolkata,Online,Credit Card,1,9424.76,0.1,9424.76,8482.28,0,2278.01,2024,1,January,Monday,9424.76,8482.284
2024-01-08,ORD008333,CUST04651,P013,Monitor,Electronics,Jaipur,Online,UPI,1,19693.22,0.0,19693.22,19693.22,0,4941.72,2024,1,January,Monday,19693.22,19693.22
2024-01-08,ORD017958,CUST02870,P014,Keyboard,Electronics,Jaipur,Store,Debit Card,1,2450.2,0.05,2450.2,2327.69,0,254.26,2024,1,January,Monday,2450.2,2327.6899999999996
2024-01-08,ORD019404,CUST03834,P002,Smartphone,Electronics,Ahmedabad,Online,Cash,3,28932.28,0.0,86796.84,86796.84,0,17939.67,2024,1,January,Monday,86796.84,86796.84
2024-01-08,ORD041450,CUST01550,P018,Jacket,Fashion,Mumbai,Online,Credit Card,1,5205.24,0.2,5205.24,4164.19,0,526.42,2024,1,January,Monday,5205.24,4164.192
2024-01-08,ORD040199,CUST02685,P013,Monitor,Electronics,Jaipur,Store,UPI,1,19670.99,0.05,19670.99,18687.44,0,4573.33,2024,1,January,Monday,19670.99,18687.4405
2024-01-08,ORD002605,CUST00011,P006,Desk,Furniture,Ahmedabad,Store,Credit Card,3,12575.56,0.1,37726.68,33954.01,0,3630.47,2024,1,January,Monday,37726.68,33954.012
2024-01-08,ORD039958,CUST01213,P017,Jeans,Fashion,Surat,Store,UPI,1,2910.1,0.15,2910.1,2473.58,1,-123.68,2024,1,January,Monday,2910.1,2473.585
2024-01-08,ORD039398,CUST04355,P018,Jacket,Fashion,Mumbai,Store,UPI,2,5051.22,0.15,10102.44,8587.07,0,859.26,2024,1,January,Monday,10102.44,8587.074
2024-01-08,ORD024955,CUST04320,P008,Running Shoes,Fashion,Delhi,Online,UPI,2,3972.49,0.0,7944.98,7944.98,0,1990.78,2024,1,January,Monday,7944.98,7944.98
2024-01-08,ORD044563,CUST04603,P007,Backpack,Accessories,Delhi,Online,UPI,1,2257.49,0.1,2257.49,2031.74,1,-101.59,2024,1,January,Monday,2257.49,2031.7409999999998
2024-01-08,ORD037230,CUST02633,P014,Keyboard,Electronics,Mumbai,Store,UPI,1,2618.21,0.05,2618.21,2487.3,0,487.11,2024,1,January,Monday,2618.21,2487.2995
2024-01-08,ORD026128,CUST04407,P013,Monitor,Electronics,Kolkata,Online,Credit Card,1,19348.05,0.0,19348.05,19348.05,0,4193.07,2024,1,January,Monday,19348.05,19348.05
2024-01-08,ORD037467,CUST02758,P004,Smartwatch,Electronics,Chennai,Store,Debit Card,1,6743.81,0.0,6743.81,6743.81,0,1633.49,2024,1,January,Monday,6743.81,6743.81
2024-01-08,ORD016508,CUST04465,P019,Vacuum Cleaner,Home,Bengaluru,Online,Credit Card,1,8151.59,0.15,8151.59,6928.85,0,1486.52,2024,1,January,Monday,8151.59,6928.8515
2024-01-08,ORD037266,CUST04305,P006,Desk,Furniture,Surat,Online,Net Banking,3,11657.74,0.1,34973.22,31475.9,0,7179.36,2024,1,January,Monday,34973.22,31475.898
2024-01-08,ORD033998,CUST01252,P004,Smartwatch,Electronics,Ahmedabad,Store,Credit Card,1,6352.83,0.25,6352.83,4764.62,0,1188.8,2024,1,January,Monday,6352.83,4764.6224999999995
2024-01-08,ORD001951,CUST01019,P015,Dining Table,Furniture,Chennai,Store,UPI,1,20622.28,0.1,20622.28,18560.05,0,3757.91,2024,1,January,Monday,20622.28,18560.052
2024-01-08,ORD009099,CUST02922,P004,Smartwatch,Electronics,Kolkata,Store,UPI,5,7487.14,0.0,37435.7,37435.7,0,6060.5,2024,1,January,Monday,37435.700000000004,37435.7
2024-01-08,ORD038546,CUST04294,P016,Sofa,Furniture,Pune,Online,Net Banking,1,33402.52,0.05,33402.52,31732.39,0,3039.97,2024,1,January,Monday,33402.52,31732.393999999997
2024-01-08,ORD036064,CUST04852,P002,Smartphone,Electronics,Chennai,Online,UPI,1,29939.98,0.1,29939.98,26945.98,0,3617.88,2024,1,January,Monday,29939.98,26945.982
2024-01-08,ORD029295,CUST02628,P020,Microwave,Home,Hyderabad,Store,Net Banking,1,10411.96,0.1,10411.96,9370.76,0,852.75,2024,1,January,Monday,10411.96,9370.764
2024-01-08,ORD011310,CUST02703,P011,Mixer Grinder,Home,Surat,Store,Credit Card,1,4737.22,0.05,4737.22,4500.36,0,819.18,2024,1,January,Monday,4737.22,4500.359
2024-01-08,ORD010475,CUST02059,P009,T-Shirt,Fashion,Pune,Online,UPI,2,1195.54,0.05,2391.08,2271.53,0,216.02,2024,1,January,Monday,2391.08,2271.526
2024-01-08,ORD036423,CUST01198,P006,Desk,Furniture,Kolkata,Online,Net Banking,2,12897.93,0.05,25795.86,24506.07,0,5694.59,2024,1,January,Monday,25795.86,24506.067
2024-01-08,ORD034212,CUST04310,P014,Keyboard,Electronics,Pune,Online,Credit Card,1,2410.85,0.05,2410.85,2290.31,0,519.36,2024,1,January,Monday,2410.85,2290.3075
2024-01-08,ORD035911,CUST01061,P017,Jeans,Fashion,Bengaluru,Online,UPI,1,2544.32,0.15,2544.32,2162.67,0,209.81,2024,1,January,Monday,2544.32,2162.672
2024-01-08,ORD036757,CUST02566,P006,Desk,Furniture,Ahmedabad,Store,UPI,1,11385.29,0.0,11385.29,11385.29,0,2302.19,2024,1,January,Monday,11385.29,11385.29
2024-01-08,ORD047446,CUST01611,P013,Monitor,Electronics,Bengaluru,Online,Debit Card,2,19092.08,0.1,38184.16,34365.74,0,5503.14,2024,1,January,Monday,38184.16,34365.744000000006
2024-01-08,ORD021985,CUST00387,P005,Office Chair,Furniture,Kolkata,Store,Debit Card,2,9882.99,0.1,19765.98,17789.38,0,3895.77,2024,1,January,Monday,19765.98,17789.382
2024-01-08,ORD048723,CUST03882,P018,Jacket,Fashion,Delhi,Online,Cash,4,5686.26,0.15,22745.04,19333.28,0,1729.27,2024,1,January,Monday,22745.04,19333.284
2024-01-08,ORD026402,CUST03564,P007,Backpack,Accessories,Kolkata,Store,Credit Card,1,2199.22,0.0,2199.22,2199.22,0,507.01,2024,1,January,Monday,2199.22,2199.22
2024-01-08,ORD004879,CUST04873,P019,Vacuum Cleaner,Home,Chennai,Online,Net Banking,1,8655.06,0.0,8655.06,8655.06,0,2197.42,2024,1,January,Monday,8655.06,8655.06
2024-01-08,ORD046327,CUST02780,P005,Office Chair,Furniture,Delhi,Store,Debit Card,1,10386.33,0.15,10386.33,8828.38,0,2260.13,2024,1,January,Monday,10386.33,8828.3805
2024-01-08,ORD008702,CUST02822,P002,Smartphone,Electronics,Kolkata,Online,Cash,1,30514.07,0.1,30514.07,27462.66,1,-1373.13,2024,1,January,Monday,30514.07,27462.663
2024-01-08,ORD014481,CUST01152,P012,Air Fryer,Home,Chennai,Store,Credit Card,1,6686.98,0.0,6686.98,6686.98,0,979.38,2024,1,January,Monday,6686.98,6686.98
2024-01-08,ORD021876,CUST02065,P015,Dining Table,Furniture,Mumbai,Online,Debit Card,1,23458.68,0.0,23458.68,23458.68,0,6989.16,2024,1,January,Monday,23458.68,23458.68
2024-01-08,ORD002289,CUST00984,P014,Keyboard,Electronics,Chennai,Store,Credit Card,2,2378.9,0.0,4757.8,4757.8,0,714.55,2024,1,January,Monday,4757.8,4757.8
2024-01-08,ORD044862,CUST00658,P013,Monitor,Electronics,Delhi,Online,UPI,1,16842.74,0.0,16842.74,16842.74,0,3360.34,2024,1,January,Monday,16842.74,16842.74
2024-01-08,ORD038102,CUST04187,P014,Keyboard,Electronics,Mumbai,Store,UPI,1,2737.84,0.2,2737.84,2190.27,0,116.43,2024,1,January,Monday,2737.84,2190.2720000000004
2024-01-09,ORD008887,CUST00163,P012,Air Fryer,Home,Ahmedabad,Store,UPI,2,6539.77,0.2,13079.54,10463.63,0,1007.23,2024,1,January,Tuesday,13079.54,10463.632000000001
2024-01-09,ORD042079,CUST04700,P003,Headphones,Electronics,Surat,Online,Debit Card,1,4160.48,0.05,4160.48,3952.46,0,899.27,2024,1,January,Tuesday,4160.48,3952.455999999999
2024-01-09,ORD003056,CUST01863,P003,Headphones,Electronics,Bengaluru,Online,Cash,2,4109.88,0.1,8219.76,7397.78,0,1686.07,2024,1,January,Tuesday,8219.76,7397.784000000001
2024-01-09,ORD013409,CUST03631,P018,Jacket,Fashion,Ahmedabad,Online,Credit Card,2,5148.21,0.1,10296.42,9266.78,1,-463.34,2024,1,January,Tuesday,10296.42,9266.778
2024-01-09,ORD003351,CUST02944,P013,Monitor,Electronics,Delhi,Online,Credit Card,1,16994.32,0.0,16994.32,16994.32,0,1467.94,2024,1,January,Tuesday,16994.32,16994.32
2024-01-09,ORD008043,CUST03536,P017,Jeans,Fashion,Mumbai,Store,UPI,1,2862.52,0.0,2862.52,2862.52,0,854.42,2024,1,January,Tuesday,2862.52,2862.52
2024-01-09,ORD014809,CUST03895,P006,Desk,Furniture,Kolkata,Online,Cash,1,12629.38,0.1,12629.38,11366.44,0,1344.33,2024,1,January,Tuesday,12629.38,11366.442
2024-01-09,ORD008168,CUST04006,P001,Laptop,Electronics,Mumbai,Store,UPI,2,59683.2,0.05,119366.4,113398.08,0,13989.46,2024,1,January,Tuesday,119366.4,113398.07999999999
2024-01-09,ORD015318,CUST02256,P007,Backpack,Accessories,Kolkata,Store,Debit Card,1,2382.07,0.15,2382.07,2024.76,0,400.14,2024,1,January,Tuesday,2382.07,2024.7595000000001
2024-01-09,ORD013875,CUST00844,P016,Sofa,Furniture,Ahmedabad,Online,UPI,2,31951.61,0.05,63903.22,60708.06,0,7811.91,2024,1,January,Tuesday,63903.22,60708.059
2024-01-09,ORD027995,CUST00811,P014,Keyboard,Electronics,Delhi,Store,Credit Card,2,2534.81,0.0,5069.62,5069.62,0,1435.29,2024,1,January,Tuesday,5069.62,5069.62
2024-01-09,ORD015915,CUST03863,P014,Keyboard,Electronics,Delhi,Store,UPI,3,2721.52,0.05,8164.56,7756.33,0,1293.32,2024,1,January,Tuesday,8164.5599999999995,7756.332
2024-01-09,ORD030383,CUST01733,P011,Mixer Grinder,Home,Ahmedabad,Online,Credit Card,1,4535.27,0.0,4535.27,4535.27,0,1155.7,2024,1,January,Tuesday,4535.27,4535.27
2024-01-09,ORD045481,CUST01380,P006,Desk,Furniture,Surat,Online,UPI,1,12258.0,0.05,12258.0,11645.1,0,2439.22,2024,1,January,Tuesday,12258.0,11645.1
2024-01-09,ORD017771,CUST01290,P020,Microwave,Home,Jaipur,Store,Credit Card,5,11233.48,0.1,56167.4,50550.66,0,4870.68,2024,1,January,Tuesday,56167.399999999994,50550.66
2024-01-09,ORD045102,CUST03327,P009,T-Shirt,Fashion,Mumbai,Online,UPI,1,1226.07,0.1,1226.07,1103.46,0,183.84,2024,1,January,Tuesday,1226.07,1103.463
2024-01-09,ORD017337,CUST01729,P008,Running Shoes,Fashion,Ahmedabad,Store,Cash,2,4347.68,0.05,8695.36,8260.59,0,1556.31,2024,1,January,Tuesday,8695.36,8260.592
2024-01-09,ORD016909,CUST01160,P001,Laptop,Electronics,Surat,Online,Cash,1,69871.13,0.1,69871.13,62884.02,0,16061.59,2024,1,January,Tuesday,69871.13,62884.01700000001
2024-01-09,ORD017331,CUST03166,P009,T-Shirt,Fashion,Chennai,Online,UPI,1,1108.41,0.05,1108.41,1052.99,0,116.31,2024,1,January,Tuesday,1108.41,1052.9895000000001
2024-01-09,ORD029814,CUST04045,P020,Microwave,Home,Ahmedabad,Online,Cash,1,10510.56,0.05,10510.56,9985.03,0,922.88,2024,1,January,Tuesday,10510.56,9985.032
2024-01-09,ORD027536,CUST03515,P019,Vacuum Cleaner,Home,Kolkata,Store,UPI,1,8395.62,0.1,8395.62,7556.06,0,1400.04,2024,1,January,Tuesday,8395.62,7556.058000000001
2024-01-09,ORD044515,CUST01175,P019,Vacuum Cleaner,Home,Jaipur,Online,Credit Card,3,9475.92,0.1,28427.76,25584.98,0,3820.04,2024,1,January,Tuesday,28427.760000000002,25584.984
2024-01-09,ORD028476,CUST04108,P008,Running Shoes,Fashion,Bengaluru,Store,Debit Card,2,4447.63,0.05,8895.26,8450.5,0,1855.02,2024,1,January,Tuesday,8895.26,8450.497
2024-01-09,ORD028320,CUST01804,P003,Headphones,Electronics,Chennai,Online,UPI,1,4079.94,0.1,4079.94,3671.95,0,389.23,2024,1,January,Tuesday,4079.94,3671.946
2024-01-09,ORD015705,CUST03713,P001,Laptop,Electronics,Hyderabad,Store,UPI,3,59447.81,0.15,178343.43,151591.92,0,16324.09,2024,1,January,Tuesday,178343.43,151591.9155
2024-01-09,ORD007966,CUST00373,P014,Keyboard,Electronics,Hyderabad,Store,UPI,3,2541.78,0.0,7625.34,7625.34,0,1018.26,2024,1,January,Tuesday,7625.34,7625.34
2024-01-09,ORD048900,CUST02469,P004,Smartwatch,Electronics,Pune,Online,Credit Card,2,6937.51,0.15,13875.02,11793.77,0,1969.58,2024,1,January,Tuesday,13875.02,11793.767
2024-01-09,ORD003473,CUST03257,P009,T-Shirt,Fashion,Hyderabad,Online,Credit Card,2,1270.53,0.1,2541.06,2286.95,0,550.04,2024,1,January,Tuesday,2541.06,2286.954
2024-01-09,ORD040054,CUST02438,P010,Coffee Maker,Home,Mumbai,Online,Credit Card,1,5181.77,0.15,5181.77,4404.5,0,364.29,2024,1,January,Tuesday,5181.77,4404.5045
2024-01-09,ORD022682,CUST04854,P012,Air Fryer,Home,Surat,Store,Debit Card,2,6914.45,0.05,13828.9,13137.46,1,-656.87,2024,1,January,Tuesday,13828.9,13137.455
2024-01-09,ORD012376,CUST01069,P007,Backpack,Accessories,Chennai,Store,UPI,1,2099.39,0.05,2099.39,1994.42,0,462.56,2024,1,January,Tuesday,2099.39,1994.4204999999997
2024-01-09,ORD004381,CUST03517,P003,Headphones,Electronics,Hyderabad,Store,Credit Card,1,4113.34,0.1,4113.34,3702.01,0,730.42,2024,1,January,Tuesday,4113.34,3702.0060000000003
2024-01-09,ORD039646,CUST01222,P007,Backpack,Accessories,Hyderabad,Store,Debit Card,2,2324.27,0.2,4648.54,3718.83,1,-185.94,2024,1,January,Tuesday,4648.54,3718.8320000000003
2024-01-09,ORD007355,CUST02796,P006,Desk,Furniture,Mumbai,Store,Debit Card,1,12107.76,0.0,12107.76,12107.76,0,1016.74,2024,1,January,Tuesday,12107.76,12107.76
2024-01-09,ORD039067,CUST03830,P008,Running Shoes,Fashion,Hyderabad,Online,Debit Card,2,4202.13,0.05,8404.26,7984.05,0,1125.96,2024,1,January,Tuesday,8404.26,7984.047
2024-01-09,ORD047250,CUST03972,P009,T-Shirt,Fashion,Chennai,Online,Credit Card,2,1162.28,0.0,2324.56,2324.56,0,292.99,2024,1,January,Tuesday,2324.56,2324.56
2024-01-09,ORD036929,CUST00950,P019,Vacuum Cleaner,Home,Pune,Store,Debit Card,2,9467.44,0.05,18934.88,17988.14,0,5185.42,2024,1,January,Tuesday,18934.88,17988.136
2024-01-09,ORD034140,CUST00186,P020,Microwave,Home,Delhi,Online,Credit Card,3,11496.8,0.1,34490.4,31041.36,0,1898.63,2024,1,January,Tuesday,34490.399999999994,31041.36
2024-01-09,ORD021242,CUST04935,P002,Smartphone,Electronics,Ahmedabad,Online,Cash,2,25644.93,0.0,51289.86,51289.86,0,10685.11,2024,1,January,Tuesday,51289.86,51289.86
2024-01-09,ORD038519,CUST00674,P016,Sofa,Furniture,Chennai,Online,Net Banking,2,33826.02,0.1,67652.04,60886.84,0,9830.53,2024,1,January,Tuesday,67652.04,60886.835999999996
2024-01-09,ORD011352,CUST02378,P005,Office Chair,Furniture,Hyderabad,Store,Credit Card,1,9469.75,0.15,9469.75,8049.29,1,-402.46,2024,1,January,Tuesday,9469.75,8049.287499999999
2024-01-09,ORD010194,CUST01212,P002,Smartphone,Electronics,Delhi,Online,UPI,1,27082.3,0.05,27082.3,25728.18,0,6778.6,2024,1,January,Tuesday,27082.3,25728.184999999998
2024-01-09,ORD033095,CUST03365,P020,Microwave,Home,Bengaluru,Store,UPI,1,10087.92,0.15,10087.92,8574.73,0,1273.62,2024,1,January,Tuesday,10087.92,8574.732
2024-01-09,ORD033301,CUST04803,P017,Jeans,Fashion,Mumbai,Store,Debit Card,1,2992.36,0.0,2992.36,2992.36,0,704.66,2024,1,January,Tuesday,2992.36,2992.36
2024-01-09,ORD026436,CUST02897,P006,Desk,Furniture,Chennai,Online,Debit Card,1,11900.04,0.0,11900.04,11900.04,0,2428.49,2024,1,January,Tuesday,11900.04,11900.04
2024-01-09,ORD026405,CUST03460,P018,Jacket,Fashion,Mumbai,Store,Net Banking,1,5719.75,0.0,5719.75,5719.75,0,487.73,2024,1,January,Tuesday,5719.75,5719.75
2024-01-09,ORD004974,CUST04408,P004,Smartwatch,Electronics,Kolkata,Online,Credit Card,1,7129.24,0.1,7129.24,6416.32,0,1629.5,2024,1,January,Tuesday,7129.24,6416.316
2024-01-09,ORD007009,CUST02106,P007,Backpack,Accessories,Jaipur,Online,Debit Card,2,2400.34,0.25,4800.68,3600.51,0,355.18,2024,1,January,Tuesday,4800.68,3600.51
2024-01-09,ORD038014,CUST01995,P007,Backpack,Accessories,Pune,Store,Cash,1,2028.3,0.05,2028.3,1926.88,0,306.79,2024,1,January,Tuesday,2028.3,1926.8849999999998
2024-01-09,ORD022891,CUST02853,P013,Monitor,Electronics,Pune,Online,Credit Card,1,16348.68,0.1,16348.68,14713.81,0,1981.84,2024,1,January,Tuesday,16348.68,14713.812
2024-01-09,ORD011807,CUST01669,P008,Running Shoes,Fashion,Surat,Online,UPI,1,3950.12,0.1,3950.12,3555.11,0,360.1,2024,1,January,Tuesday,3950.12,3555.108
2024-01-09,ORD040324,CUST00776,P019,Vacuum Cleaner,Home,Ahmedabad,Store,Debit Card,1,9538.33,0.15,9538.33,8107.58,0,1717.21,2024,1,January,Tuesday,9538.33,8107.5805
2024-01-09,ORD049069,CUST04912,P003,Headphones,Electronics,Pune,Online,Credit Card,2,4621.05,0.0,9242.1,9242.1,0,1113.54,2024,1,January,Tuesday,9242.1,9242.1
2024-01-09,ORD007500,CUST00429,P012,Air Fryer,Home,Bengaluru,Online,UPI,2,6552.05,0.05,13104.1,12448.9,0,1515.55,2024,1,January,Tuesday,13104.1,12448.895
2024-01-09,ORD027052,CUST04644,P017,Jeans,Fashion,Kolkata,Online,Debit Card,1,2640.33,0.1,2640.33,2376.3,0,488.68,2024,1,January,Tuesday,2640.33,2376.297
2024-01-09,ORD010629,CUST00153,P009,T-Shirt,Fashion,Jaipur,Store,Cash,1,1193.51,0.0,1193.51,1193.51,0,134.1,2024,1,January,Tuesday,1193.51,1193.51
2024-01-09,ORD001303,CUST03035,P010,Coffee Maker,Home,Surat,Online,Credit Card,1,5001.3,0.05,5001.3,4751.23,0,1197.49,2024,1,January,Tuesday,5001.3,4751.235
2024-01-09,ORD010551,CUST02825,P003,Headphones,Electronics,Jaipur,Online,UPI,2,4894.89,0.05,9789.78,9300.29,0,2464.53,2024,1,January,Tuesday,9789.78,9300.291000000001
2024-01-09,ORD041788,CUST02324,P002,Smartphone,Electronics,Hyderabad,Store,Credit Card,4,30262.15,0.0,121048.6,121048.6,0,15885.94,2024,1,January,Tuesday,121048.6,121048.6
2024-01-09,ORD027379,CUST03167,P005,Office Chair,Furniture,Surat,Online,UPI,2,9023.69,0.0,18047.38,18047.38,0,1688.34,2024,1,January,Tuesday,18047.38,18047.38
2024-01-09,ORD027343,CUST03818,P003,Headphones,Electronics,Bengaluru,Online,UPI,4,4717.6,0.05,18870.4,17926.88,0,3471.16,2024,1,January,Tuesday,18870.4,17926.88
2024-01-09,ORD025553,CUST00455,P005,Office Chair,Furniture,Mumbai,Store,Debit Card,4,9001.8,0.15,36007.2,30606.12,0,1919.79,2024,1,January,Tuesday,36007.2,30606.119999999995
2024-01-09,ORD005874,CUST00203,P014,Keyboard,Electronics,Chennai,Store,Debit Card,2,2669.74,0.05,5339.48,5072.51,0,552.04,2024,1,January,Tuesday,5339.48,5072.505999999999
2024-01-09,ORD041466,CUST04804,P006,Desk,Furniture,Delhi,Store,Credit Card,3,13141.84,0.05,39425.52,37454.24,0,2955.5,2024,1,January,Tuesday,39425.520000000004,37454.244
2024-01-09,ORD036843,CUST03631,P013,Monitor,Electronics,Surat,Online,Credit Card,2,19491.35,0.1,38982.7,35084.43,0,4955.87,2024,1,January,Tuesday,38982.7,35084.43
2024-01-09,ORD006055,CUST00859,P012,Air Fryer,Home,Jaipur,Online,Debit Card,2,7686.54,0.25,15373.08,11529.81,0,930.71,2024,1,January,Tuesday,15373.08,11529.81
2024-01-09,ORD019272,CUST02504,P013,Monitor,Electronics,Hyderabad,Store,Credit Card,1,18067.46,0.1,18067.46,16260.71,0,2441.3,2024,1,January,Tuesday,18067.46,16260.714
2024-01-09,ORD012815,CUST02323,P018,Jacket,Fashion,Hyderabad,Store,Credit Card,2,5023.75,0.15,10047.5,8540.38,0,890.28,2024,1,January,Tuesday,10047.5,8540.375
2024-01-09,ORD005552,CUST00032,P017,Jeans,Fashion,Hyderabad,Online,Credit Card,2,2649.91,0.15,5299.82,4504.85,0,651.36,2024,1,January,Tuesday,5299.82,4504.847
2024-01-09,ORD034291,CUST01498,P008,Running Shoes,Fashion,Ahmedabad,Online,Credit Card,1,4075.34,0.0,4075.34,4075.34,0,1189.07,2024,1,January,Tuesday,4075.34,4075.34
2024-01-09,ORD019254,CUST01399,P003,Headphones,Electronics,Delhi,Online,Credit Card,2,4148.37,0.1,8296.74,7467.07,1,-373.35,2024,1,January,Tuesday,8296.74,7467.066
2024-01-09,ORD037543,CUST01595,P003,Headphones,Electronics,Kolkata,Online,Credit Card,1,4678.87,0.1,4678.87,4210.98,0,427.11,2024,1,January,Tuesday,4678.87,4210.983
2024-01-09,ORD027160,CUST00611,P018,Jacket,Fashion,Delhi,Online,UPI,1,5529.04,0.1,5529.04,4976.14,0,710.08,2024,1,January,Tuesday,5529.04,4976.136
2024-01-09,ORD023388,CUST03701,P007,Backpack,Accessories,Jaipur,Online,UPI,2,2276.26,0.0,4552.52,4552.52,0,1166.88,2024,1,January,Tuesday,4552.52,4552.52
2024-01-09,ORD011218,CUST02540,P020,Microwave,Home,Delhi,Online,Credit Card,1,11181.16,0.0,11181.16,11181.16,0,2901.6,2024,1,January,Tuesday,11181.16,11181.16
2024-01-10,ORD006106,CUST01907,P020,Microwave,Home,Mumbai,Store,Debit Card,5,11185.57,0.1,55927.85,50335.06,0,11415.7,2024,1,January,Wednesday,55927.85,50335.065
2024-01-10,ORD034998,CUST04489,P007,Backpack,Accessories,Chennai,Online,Credit Card,1,2235.93,0.25,2235.93,1676.95,0,266.83,2024,1,January,Wednesday,2235.93,1676.9474999999998
2024-01-10,ORD001802,CUST03274,P011,Mixer Grinder,Home,Pune,Online,UPI,1,4983.93,0.1,4983.93,4485.54,0,999.15,2024,1,January,Wednesday,4983.93,4485.537
2024-01-10,ORD046539,CUST00461,P009,T-Shirt,Fashion,Bengaluru,Online,UPI,1,1243.58,0.15,1243.58,1057.04,1,-52.85,2024,1,January,Wednesday,1243.58,1057.043
2024-01-10,ORD045300,CUST01555,P005,Office Chair,Furniture,Hyderabad,Store,Cash,3,8863.81,0.1,26591.43,23932.29,0,2365.37,2024,1,January,Wednesday,26591.43,23932.287
2024-01-10,ORD034097,CUST00386,P018,Jacket,Fashion,Kolkata,Online,UPI,2,4688.82,0.05,9377.64,8908.76,0,1122.5,2024,1,January,Wednesday,9377.64,8908.758
2024-01-10,ORD045114,CUST00120,P019,Vacuum Cleaner,Home,Chennai,Online,Credit Card,5,9288.88,0.05,46444.4,44122.18,0,3444.06,2024,1,January,Wednesday,46444.399999999994,44122.18
2024-01-10,ORD000916,CUST02281,P004,Smartwatch,Electronics,Pune,Store,Credit Card,1,7620.08,0.05,7620.08,7239.08,0,647.09,2024,1,January,Wednesday,7620.08,7239.076
2024-01-10,ORD034777,CUST03098,P009,T-Shirt,Fashion,Bengaluru,Store,Debit Card,1,1150.17,0.0,1150.17,1150.17,1,-57.51,2024,1,January,Wednesday,1150.17,1150.17
2024-01-10,ORD001981,CUST03631,P007,Backpack,Accessories,Chennai,Store,Debit Card,2,2210.95,0.0,4421.9,4421.9,0,418.99,2024,1,January,Wednesday,4421.9,4421.9
2024-01-10,ORD034419,CUST04118,P004,Smartwatch,Electronics,Pune,Store,Credit Card,2,6988.82,0.25,13977.64,10483.23,0,1628.31,2024,1,January,Wednesday,13977.64,10483.23
2024-01-10,ORD044257,CUST01291,P004,Smartwatch,Electronics,Hyderabad,Store,Credit Card,5,7388.99,0.05,36944.95,35097.7,0,7572.42,2024,1,January,Wednesday,36944.95,35097.70249999999
2024-01-10,ORD044867,CUST01825,P010,Coffee Maker,Home,Bengaluru,Online,Credit Card,1,5034.69,0.1,5034.69,4531.22,0,527.46,2024,1,January,Wednesday,5034.69,4531.221
2024-01-10,ORD031024,CUST02364,P017,Jeans,Fashion,Bengaluru,Online,UPI,1,2843.36,0.15,2843.36,2416.86,0,379.41,2024,1,January,Wednesday,2843.36,2416.856
2024-01-10,ORD041981,CUST02297,P018,Jacket,Fashion,Bengaluru,Online,Credit Card,2,5237.85,0.0,10475.7,10475.7,1,-523.79,2024,1,January,Wednesday,10475.7,10475.7
2024-01-10,ORD003376,CUST03061,P010,Coffee Maker,Home,Mumbai,Store,Credit Card,1,5807.61,0.1,5807.61,5226.85,0,479.83,2024,1,January,Wednesday,5807.61,5226.849
2024-01-10,ORD041781,CUST03338,P014,Keyboard,Electronics,Mumbai,Online,Net Banking,1,2702.88,0.0,2702.88,2702.88,0,228.29,2024,1,January,Wednesday,2702.88,2702.88
2024-01-10,ORD041709,CUST01265,P004,Smartwatch,Electronics,Jaipur,Online,Credit Card,1,7639.85,0.15,7639.85,6493.87,0,479.65,2024,1,January,Wednesday,7639.85,6493.8725
2024-01-10,ORD003318,CUST03545,P020,Microwave,Home,Mumbai,Store,UPI,1,11445.75,0.0,11445.75,11445.75,0,2295.3,2024,1,January,Wednesday,11445.75,11445.75
2024-01-10,ORD042139,CUST04049,P009,T-Shirt,Fashion,Chennai,Online,UPI,1,1306.79,0.15,1306.79,1110.77,0,134.32,2024,1,January,Wednesday,1306.79,1110.7714999999998
2024-01-10,ORD042164,CUST02564,P014,Keyboard,Electronics,Bengaluru,Online,Net Banking,1,2497.87,0.0,2497.87,2497.87,0,290.92,2024,1,January,Wednesday,2497.87,2497.87
2024-01-10,ORD031682,CUST04980,P001,Laptop,Electronics,Kolkata,Online,Credit Card,1,59565.55,0.05,59565.55,56587.27,0,4497.65,2024,1,January,Wednesday,59565.55,56587.2725
2024-01-10,ORD042494,CUST04455,P012,Air Fryer,Home,Pune,Store,UPI,1,6771.13,0.1,6771.13,6094.02,0,462.1,2024,1,January,Wednesday,6771.13,6094.017
2024-01-10,ORD003106,CUST00699,P020,Microwave,Home,Jaipur,Store,UPI,4,10002.15,0.05,40008.6,38008.17,1,-1900.41,2024,1,January,Wednesday,40008.6,38008.17
2024-01-10,ORD031731,CUST02045,P020,Microwave,Home,Surat,Store,UPI,3,10423.38,0.15,31270.14,26579.62,0,5030.37,2024,1,January,Wednesday,31270.14,26579.619
2024-01-10,ORD041412,CUST00082,P018,Jacket,Fashion,Mumbai,Online,Credit Card,2,5410.22,0.1,10820.44,9738.4,0,729.33,2024,1,January,Wednesday,10820.44,9738.396
2024-01-10,ORD041220,CUST03892,P004,Smartwatch,Electronics,Kolkata,Online,Cash,2,7411.34,0.05,14822.68,14081.55,0,1733.4,2024,1,January,Wednesday,14822.68,14081.546
2024-01-10,ORD040364,CUST00001,P015,Dining Table,Furniture,Bengaluru,Store,Credit Card,2,23292.7,0.0,46585.4,46585.4,0,7077.98,2024,1,January,Wednesday,46585.4,46585.4
2024-01-10,ORD043423,CUST03012,P002,Smartphone,Electronics,Ahmedabad,Online,UPI,1,25844.6,0.2,25844.6,20675.68,0,1598.11,2024,1,January,Wednesday,25844.6,20675.68
2024-01-10,ORD043809,CUST03104,P007,Backpack,Accessories,Hyderabad,Store,Net Banking,1,2111.14,0.1,2111.14,1900.03,1,-95.0,2024,1,January,Wednesday,2111.14,1900.0259999999998
2024-01-10,ORD004729,CUST00677,P012,Air Fryer,Home,Chennai,Online,Net Banking,2,6882.55,0.1,13765.1,12388.59,0,3344.25,2024,1,January,Wednesday,13765.1,12388.59
2024-01-10,ORD038777,CUST02173,P008,Running Shoes,Fashion,Mumbai,Online,UPI,3,3817.94,0.0,11453.82,11453.82,0,1763.71,2024,1,January,Wednesday,11453.82,11453.82
2024-01-10,ORD044036,CUST03951,P020,Microwave,Home,Delhi,Store,Net Banking,2,9978.93,0.1,19957.86,17962.07,0,2733.98,2024,1,January,Wednesday,19957.86,17962.074
2024-01-10,ORD044159,CUST02266,P020,Microwave,Home,Delhi,Store,UPI,1,10483.23,0.15,10483.23,8910.75,0,1427.68,2024,1,January,Wednesday,10483.23,8910.745499999999
2024-01-10,ORD031165,CUST02099,P014,Keyboard,Electronics,Mumbai,Online,UPI,3,2742.39,0.0,8227.17,8227.17,0,982.72,2024,1,January,Wednesday,8227.17,8227.17
2024-01-10,ORD047382,CUST03250,P019,Vacuum Cleaner,Home,Mumbai,Online,UPI,3,8655.42,0.15,25966.26,22071.32,0,3160.35,2024,1,January,Wednesday,25966.260000000002,22071.320999999996
2024-01-10,ORD044595,CUST00447,P007,Backpack,Accessories,Pune,Online,UPI,1,2128.78,0.1,2128.78,1915.9,0,286.46,2024,1,January,Wednesday,2128.78,1915.9020000000003
2024-01-10,ORD046658,CUST00842,P018,Jacket,Fashion,Ahmedabad,Online,UPI,2,5049.19,0.05,10098.38,9593.46,0,1349.85,2024,1,January,Wednesday,10098.38,9593.461
2024-01-10,ORD008638,CUST02445,P007,Backpack,Accessories,Hyderabad,Online,Credit Card,2,2147.03,0.1,4294.06,3864.65,0,900.93,2024,1,January,Wednesday,4294.06,3864.6540000000005
2024-01-10,ORD033491,CUST04642,P011,Mixer Grinder,Home,Pune,Online,Credit Card,1,5073.84,0.2,5073.84,4059.07,0,546.9,2024,1,January,Wednesday,5073.84,4059.072
2024-01-10,ORD045073,CUST03872,P004,Smartwatch,Electronics,Ahmedabad,Store,Credit Card,1,6924.36,0.15,6924.36,5885.71,0,610.34,2024,1,January,Wednesday,6924.36,5885.705999999999
2024-01-10,ORD032555,CUST02030,P019,Vacuum Cleaner,Home,Hyderabad,Online,Credit Card,1,9255.39,0.1,9255.39,8329.85,0,1367.46,2024,1,January,Wednesday,9255.39,8329.851
2024-01-10,ORD030138,CUST02438,P005,Office Chair,Furniture,Surat,Online,Credit Card,2,9237.5,0.0,18475.0,18475.0,0,2427.8,2024,1,January,Wednesday,18475.0,18475.0
2024-01-10,ORD020695,CUST03711,P015,Dining Table,Furniture,Ahmedabad,Online,UPI,3,21980.36,0.1,65941.08,59346.97,0,12150.91,2024,1,January,Wednesday,65941.08,59346.972
2024-01-10,ORD019296,CUST02491,P007,Backpack,Accessories,Surat,Store,Credit Card,1,2084.42,0.1,2084.42,1875.98,0,229.2,2024,1,January,Wednesday,2084.42,1875.978
2024-01-10,ORD009557,CUST01071,P017,Jeans,Fashion,Ahmedabad,Store,Debit Card,2,2847.41,0.15,5694.82,4840.6,0,493.59,2024,1,January,Wednesday,5694.82,4840.597
2024-01-10,ORD009776,CUST03996,P017,Jeans,Fashion,Mumbai,Online,Net Banking,1,2907.14,0.2,2907.14,2325.71,0,165.37,2024,1,January,Wednesday,2907.14,2325.712
2024-01-10,ORD021745,CUST04242,P004,Smartwatch,Electronics,Pune,Store,Net Banking,1,7433.0,0.0,7433.0,7433.0,0,2216.61,2024,1,January,Wednesday,7433.0,7433.0
2024-01-10,ORD026398,CUST00696,P010,Coffee Maker,Home,Pune,Store,UPI,1,5688.78,0.1,5688.78,5119.9,0,1399.48,2024,1,January,Wednesday,5688.78,5119.902
2024-01-10,ORD015706,CUST04259,P009,T-Shirt,Fashion,Jaipur,Online,Credit Card,2,1110.77,0.15,2221.54,1888.31,0,499.18,2024,1,January,Wednesday,2221.54,1888.309
2024-01-10,ORD018159,CUST03744,P013,Monitor,Electronics,Chennai,Online,UPI,1,19002.06,0.2,19002.06,15201.65,0,1292.04,2024,1,January,Wednesday,19002.06,15201.648000000001
2024-01-10,ORD017170,CUST04842,P009,T-Shirt,Fashion,Kolkata,Store,UPI,2,1095.43,0.1,2190.86,1971.77,0,319.17,2024,1,January,Wednesday,2190.86,1971.7740000000001
2024-01-10,ORD026536,CUST01628,P020,Microwave,Home,Delhi,Store,Debit Card,1,10026.16,0.1,10026.16,9023.54,0,840.84,2024,1,January,Wednesday,10026.16,9023.544
2024-01-10,ORD048452,CUST01622,P014,Keyboard,Electronics,Mumbai,Store,Credit Card,1,2257.53,0.1,2257.53,2031.78,0,499.77,2024,1,January,Wednesday,2257.53,2031.7770000000003
2024-01-10,ORD026884,CUST01957,P012,Air Fryer,Home,Hyderabad,Online,UPI,3,7707.71,0.1,23123.13,20810.82,0,1515.61,2024,1,January,Wednesday,23123.13,20810.817000000003
2024-01-10,ORD026581,CUST01392,P009,T-Shirt,Fashion,Jaipur,Online,Credit Card,1,1295.63,0.0,1295.63,1295.63,0,360.17,2024,1,January,Wednesday,1295.63,1295.63
2024-01-10,ORD016985,CUST04446,P008,Running Shoes,Fashion,Pune,Store,Debit Card,1,4136.99,0.1,4136.99,3723.29,0,510.04,2024,1,January,Wednesday,4136.99,3723.2909999999997
2024-01-10,ORD018172,CUST03802,P008,Running Shoes,Fashion,Jaipur,Store,Credit Card,1,3964.82,0.25,3964.82,2973.62,0,305.75,2024,1,January,Wednesday,3964.82,2973.6150000000002
2024-01-10,ORD012835,CUST04631,P010,Coffee Maker,Home,Mumbai,Online,Debit Card,1,5398.77,0.25,5398.77,4049.08,0,308.49,2024,1,January,Wednesday,5398.77,4049.0775000000003
2024-01-10,ORD048427,CUST03471,P013,Monitor,Electronics,Mumbai,Store,Net Banking,1,17794.56,0.1,17794.56,16015.1,0,2004.23,2024,1,January,Wednesday,17794.56,16015.104000000001
2024-01-10,ORD023863,CUST00523,P014,Keyboard,Electronics,Surat,Store,Cash,5,2330.98,0.1,11654.9,10489.41,0,2287.06,2024,1,January,Wednesday,11654.9,10489.41
2024-01-10,ORD027225,CUST00758,P007,Backpack,Accessories,Mumbai,Online,UPI,2,2036.68,0.1,4073.36,3666.02,0,936.39,2024,1,January,Wednesday,4073.36,3666.0240000000003
2024-01-10,ORD027262,CUST04776,P017,Jeans,Fashion,Surat,Online,UPI,1,2700.34,0.05,2700.34,2565.32,0,573.03,2024,1,January,Wednesday,2700.34,2565.323
2024-01-10,ORD019434,CUST04844,P013,Monitor,Electronics,Delhi,Online,Credit Card,4,17040.69,0.25,68162.76,51122.07,0,9006.03,2024,1,January,Wednesday,68162.76,51122.06999999999
2024-01-10,ORD017056,CUST02924,P015,Dining Table,Furniture,Jaipur,Online,Credit Card,1,22144.11,0.1,22144.11,19929.7,0,2210.76,2024,1,January,Wednesday,22144.11,19929.699
2024-01-10,ORD025934,CUST04747,P004,Smartwatch,Electronics,Kolkata,Online,UPI,1,6598.87,0.0,6598.87,6598.87,0,1257.17,2024,1,January,Wednesday,6598.87,6598.87
2024-01-10,ORD025953,CUST01147,P013,Monitor,Electronics,Surat,Online,Debit Card,1,18373.7,0.05,18373.7,17455.02,0,1450.3,2024,1,January,Wednesday,18373.7,17455.015
2024-01-10,ORD027444,CUST02052,P011,Mixer Grinder,Home,Pune,Store,UPI,5,4474.81,0.1,22374.05,20136.65,1,-1006.83,2024,1,January,Wednesday,22374.050000000003,20136.645
2024-01-10,ORD019057,CUST03993,P002,Smartphone,Electronics,Hyderabad,Store,Cash,1,30675.44,0.1,30675.44,27607.9,0,2337.79,2024,1,January,Wednesday,30675.44,27607.896
2024-01-10,ORD026144,CUST04772,P012,Air Fryer,Home,Hyderabad,Store,Net Banking,1,7280.77,0.05,7280.77,6916.73,0,753.92,2024,1,January,Wednesday,7280.77,6916.7315
2024-01-10,ORD013012,CUST00313,P009,T-Shirt,Fashion,Mumbai,Online,Credit Card,1,1237.61,0.1,1237.61,1113.85,0,257.52,2024,1,January,Wednesday,1237.61,1113.849
2024-01-10,ORD020485,CUST04090,P014,Keyboard,Electronics,Chennai,Store,UPI,2,2652.96,0.1,5305.92,4775.33,0,301.05,2024,1,January,Wednesday,5305.92,4775.328
2024-01-10,ORD009612,CUST04936,P020,Microwave,Home,Delhi,Online,Credit Card,3,11367.0,0.1,34101.0,30690.9,1,-1534.54,2024,1,January,Wednesday,34101.0,30690.9
2024-01-10,ORD021842,CUST00288,P008,Running Shoes,Fashion,Chennai,Store,UPI,1,4429.58,0.2,4429.58,3543.66,0,838.34,2024,1,January,Wednesday,4429.58,3543.664
2024-01-11,ORD024794,CUST03823,P007,Backpack,Accessories,Delhi,Online,Net Banking,1,2378.99,0.15,2378.99,2022.14,0,414.68,2024,1,January,Thursday,2378.99,2022.1414999999997
2024-01-11,ORD032524,CUST04717,P017,Jeans,Fashion,Bengaluru,Online,UPI,1,2916.22,0.0,2916.22,2916.22,0,243.23,2024,1,January,Thursday,2916.22,2916.22
2024-01-11,ORD027942,CUST02493,P011,Mixer Grinder,Home,Jaipur,Store,UPI,1,4567.48,0.1,4567.48,4110.73,0,1019.5,2024,1,January,Thursday,4567.48,4110.732
2024-01-11,ORD019286,CUST00523,P018,Jacket,Fashion,Chennai,Store,Credit Card,1,5521.26,0.2,5521.26,4417.01,0,511.3,2024,1,January,Thursday,5521.26,4417.008000000001
2024-01-11,ORD004763,CUST01012,P019,Vacuum Cleaner,Home,Chennai,Online,UPI,2,9559.78,0.2,19119.56,15295.65,0,1285.93,2024,1,January,Thursday,19119.56,15295.648000000001
2024-01-11,ORD036253,CUST04482,P010,Coffee Maker,Home,Mumbai,Store,Credit Card,1,5230.39,0.1,5230.39,4707.35,0,925.51,2024,1,January,Thursday,5230.39,4707.351000000001
2024-01-11,ORD032458,CUST03345,P007,Backpack,Accessories,Kolkata,Online,Debit Card,1,2254.41,0.15,2254.41,1916.25,0,146.85,2024,1,January,Thursday,2254.41,1916.2485
2024-01-11,ORD044621,CUST01898,P010,Coffee Maker,Home,Mumbai,Store,Credit Card,1,5795.73,0.1,5795.73,5216.16,0,1239.48,2024,1,January,Thursday,5795.73,5216.157
2024-01-11,ORD000643,CUST03401,P007,Backpack,Accessories,Mumbai,Store,Debit Card,1,2068.52,0.15,2068.52,1758.24,0,271.44,2024,1,January,Thursday,2068.52,1758.242
2024-01-11,ORD035204,CUST04432,P015,Dining Table,Furniture,Kolkata,Online,Credit Card,1,23349.23,0.0,23349.23,23349.23,0,2812.46,2024,1,January,Thursday,23349.23,23349.23
2024-01-11,ORD027958,CUST00982,P002,Smartphone,Electronics,Surat,Online,UPI,2,29651.34,0.0,59302.68,59302.68,0,13910.08,2024,1,January,Thursday,59302.68,59302.68
2024-01-11,ORD027439,CUST03098,P019,Vacuum Cleaner,Home,Ahmedabad,Online,UPI,1,9560.56,0.1,9560.56,8604.5,0,1634.49,2024,1,January,Thursday,9560.56,8604.503999999999
2024-01-11,ORD027339,CUST03989,P005,Office Chair,Furniture,Delhi,Store,UPI,3,8795.71,0.15,26387.13,22429.06,0,2584.45,2024,1,January,Thursday,26387.129999999997,22429.0605
2024-01-11,ORD044702,CUST00187,P003,Headphones,Electronics,Hyderabad,Online,Debit Card,1,4863.04,0.05,4863.04,4619.89,0,1244.83,2024,1,January,Thursday,4863.04,4619.888
2024-01-11,ORD018784,CUST01061,P011,Mixer Grinder,Home,Delhi,Store,UPI,1,5157.13,0.15,5157.13,4383.56,0,981.52,2024,1,January,Thursday,5157.13,4383.5605
2024-01-11,ORD002423,CUST02123,P007,Backpack,Accessories,Mumbai,Store,Net Banking,4,1984.89,0.0,7939.56,7939.56,0,1764.22,2024,1,January,Thursday,7939.56,7939.56
2024-01-11,ORD021167,CUST04123,P009,T-Shirt,Fashion,Ahmedabad,Online,UPI,1,1234.4,0.0,1234.4,1234.4,0,335.08,2024,1,January,Thursday,1234.4,1234.4
2024-01-11,ORD041107,CUST04683,P007,Backpack,Accessories,Kolkata,Store,Credit Card,1,2151.26,0.1,2151.26,1936.13,0,249.04,2024,1,January,Thursday,2151.26,1936.1340000000002
2024-01-11,ORD024517,CUST01002,P010,Coffee Maker,Home,Hyderabad,Store,Net Banking,1,5170.4,0.0,5170.4,5170.4,0,1268.95,2024,1,January,Thursday,5170.4,5170.4
2024-01-11,ORD030221,CUST00289,P018,Jacket,Fashion,Jaipur,Store,UPI,3,5614.01,0.0,16842.03,16842.03,0,4443.74,2024,1,January,Thursday,16842.03,16842.03
2024-01-11,ORD000626,CUST01470,P009,T-Shirt,Fashion,Hyderabad,Online,Credit Card,4,1192.0,0.05,4768.0,4529.6,0,354.51,2024,1,January,Thursday,4768.0,4529.599999999999
2024-01-11,ORD048468,CUST02078,P015,Dining Table,Furniture,Mumbai,Online,Net Banking,1,19995.68,0.15,19995.68,16996.33,0,4081.63,2024,1,January,Thursday,19995.68,16996.328
2024-01-11,ORD038197,CUST02368,P013,Monitor,Electronics,Mumbai,Online,Credit Card,1,18044.53,0.0,18044.53,18044.53,0,4835.85,2024,1,January,Thursday,18044.53,18044.53
2024-01-11,ORD012263,CUST02816,P003,Headphones,Electronics,Hyderabad,Store,Credit Card,1,4197.07,0.25,4197.07,3147.8,0,389.93,2024,1,January,Thursday,4197.07,3147.8025
2024-01-11,ORD045632,CUST03728,P017,Jeans,Fashion,Jaipur,Online,Credit Card,1,2586.42,0.05,2586.42,2457.1,0,278.16,2024,1,January,Thursday,2586.42,2457.099
2024-01-11,ORD041506,CUST02045,P001,Laptop,Electronics,Chennai,Store,Debit Card,2,61755.13,0.0,123510.26,123510.26,0,14035.2,2024,1,January,Thursday,123510.26,123510.26
2024-01-11,ORD039097,CUST00870,P007,Backpack,Accessories,Mumbai,Online,Net Banking,1,2127.47,0.1,2127.47,1914.72,0,236.51,2024,1,January,Thursday,2127.47,1914.723
2024-01-11,ORD048186,CUST03458,P017,Jeans,Fashion,Delhi,Store,Debit Card,2,2611.52,0.15,5223.04,4439.58,0,599.16,2024,1,January,Thursday,5223.04,4439.584
2024-01-11,ORD021912,CUST02644,P020,Microwave,Home,Mumbai,Online,Net Banking,3,10063.19,0.05,30189.57,28680.09,0,4757.69,2024,1,January,Thursday,30189.57,28680.0915
2024-01-11,ORD028595,CUST02642,P003,Headphones,Electronics,Kolkata,Online,Credit Card,1,4533.22,0.05,4533.22,4306.56,1,-215.33,2024,1,January,Thursday,4533.22,4306.559
2024-01-11,ORD022609,CUST00832,P001,Laptop,Electronics,Ahmedabad,Store,UPI,1,60767.98,0.1,60767.98,54691.18,0,12891.91,2024,1,January,Thursday,60767.98,54691.182
2024-01-11,ORD020037,CUST00459,P003,Headphones,Electronics,Delhi,Online,UPI,1,4353.81,0.0,4353.81,4353.81,0,1094.84,2024,1,January,Thursday,4353.81,4353.81
2024-01-11,ORD034338,CUST04009,P003,Headphones,Electronics,Chennai,Online,Debit Card,1,4947.29,0.05,4947.29,4699.93,0,612.37,2024,1,January,Thursday,4947.29,4699.925499999999
2024-01-11,ORD020813,CUST03315,P019,Vacuum Cleaner,Home,Surat,Online,Cash,1,9731.41,0.05,9731.41,9244.84,0,962.59,2024,1,January,Thursday,9731.41,9244.8395
2024-01-11,ORD010381,CUST02625,P003,Headphones,Electronics,Hyderabad,Online,UPI,1,4650.2,0.1,4650.2,4185.18,1,-209.26,2024,1,January,Thursday,4650.2,4185.18
2024-01-11,ORD037047,CUST02562,P006,Desk,Furniture,Mumbai,Online,Credit Card,1,11601.03,0.2,11601.03,9280.82,0,1965.94,2024,1,January,Thursday,11601.03,9280.824
2024-01-11,ORD048377,CUST04079,P006,Desk,Furniture,Hyderabad,Online,Credit Card,2,13194.56,0.15,26389.12,22430.75,0,4049.28,2024,1,January,Thursday,26389.12,22430.751999999997
2024-01-11,ORD025468,CUST01654,P011,Mixer Grinder,Home,Bengaluru,Store,Net Banking,1,4578.4,0.25,4578.4,3433.8,0,728.75,2024,1,January,Thursday,4578.4,3433.7999999999997
2024-01-11,ORD000108,CUST01869,P005,Office Chair,Furniture,Bengaluru,Online,Net Banking,2,9343.4,0.0,18686.8,18686.8,0,5378.83,2024,1,January,Thursday,18686.8,18686.8
2024-01-11,ORD013823,CUST02605,P003,Headphones,Electronics,Surat,Online,UPI,1,4051.65,0.0,4051.65,4051.65,0,638.48,2024,1,January,Thursday,4051.65,4051.65
2024-01-11,ORD040032,CUST01154,P008,Running Shoes,Fashion,Pune,Online,UPI,1,3817.41,0.15,3817.41,3244.8,0,792.33,2024,1,January,Thursday,3817.41,3244.7985
2024-01-11,ORD033838,CUST04064,P006,Desk,Furniture,Jaipur,Store,Credit Card,1,11292.58,0.1,11292.58,10163.32,0,1845.9,2024,1,January,Thursday,11292.58,10163.322
2024-01-11,ORD004209,CUST03099,P002,Smartphone,Electronics,Kolkata,Online,Credit Card,5,29339.03,0.05,146695.15,139360.39,0,13932.39,2024,1,January,Thursday,146695.15,139360.3925
2024-01-11,ORD025982,CUST02171,P012,Air Fryer,Home,Hyderabad,Online,Debit Card,1,7630.17,0.05,7630.17,7248.66,0,1069.04,2024,1,January,Thursday,7630.17,7248.6615
2024-01-11,ORD010351,CUST00331,P017,Jeans,Fashion,Bengaluru,Online,Debit Card,1,2908.5,0.05,2908.5,2763.08,0,620.7,2024,1,January,Thursday,2908.5,2763.075
2024-01-11,ORD017251,CUST03549,P016,Sofa,Furniture,Jaipur,Online,Credit Card,1,32578.04,0.15,32578.04,27691.33,0,3126.94,2024,1,January,Thursday,32578.04,27691.334
2024-01-11,ORD029430,CUST00621,P003,Headphones,Electronics,Ahmedabad,Online,Debit Card,1,4819.69,0.0,4819.69,4819.69,0,794.27,2024,1,January,Thursday,4819.69,4819.69
2024-01-11,ORD002805,CUST04904,P007,Backpack,Accessories,Hyderabad,Online,Credit Card,1,2267.71,0.1,2267.71,2040.94,0,280.89,2024,1,January,Thursday,2267.71,2040.939
2024-01-11,ORD017677,CUST01552,P015,Dining Table,Furniture,Chennai,Store,UPI,1,21067.24,0.1,21067.24,18960.52,0,3270.43,2024,1,January,Thursday,21067.24,18960.516000000003
2024-01-11,ORD027450,CUST03450,P011,Mixer Grinder,Home,Bengaluru,Online,Credit Card,4,4934.19,0.05,19736.76,18749.92,0,2309.52,2024,1,January,Thursday,19736.76,18749.922
2024-01-11,ORD000886,CUST03840,P013,Monitor,Electronics,Mumbai,Store,Debit Card,2,18917.54,0.05,37835.08,35943.33,0,7556.65,2024,1,January,Thursday,37835.08,35943.326
2024-01-11,ORD022058,CUST00873,P002,Smartphone,Electronics,Mumbai,Online,UPI,2,28221.04,0.1,56442.08,50797.87,0,11874.81,2024,1,January,Thursday,56442.08,50797.872
2024-01-11,ORD008593,CUST00968,P003,Headphones,Electronics,Surat,Store,Credit Card,1,4695.82,0.25,4695.82,3521.86,0,689.91,2024,1,January,Thursday,4695.82,3521.865
2024-01-11,ORD040469,CUST01519,P017,Jeans,Fashion,Hyderabad,Online,Cash,1,2587.54,0.15,2587.54,2199.41,0,428.91,2024,1,January,Thursday,2587.54,2199.409
2024-01-11,ORD036632,CUST02058,P007,Backpack,Accessories,Kolkata,Online,Credit Card,2,2401.65,0.2,4803.3,3842.64,0,406.29,2024,1,January,Thursday,4803.3,3842.6400000000003
2024-01-11,ORD015786,CUST00249,P014,Keyboard,Electronics,Surat,Store,Debit Card,4,2276.81,0.2,9107.24,7285.79,0,1251.35,2024,1,January,Thursday,9107.24,7285.792
2024-01-11,ORD003969,CUST01947,P007,Backpack,Accessories,Delhi,Online,UPI,1,2117.16,0.1,2117.16,1905.44,0,501.68,2024,1,January,Thursday,2117.16,1905.444
2024-01-12,ORD035805,CUST01165,P013,Monitor,Electronics,Jaipur,Store,UPI,3,18850.08,0.05,56550.24,53722.73,0,14672.33,2024,1,January,Friday,56550.240000000005,53722.727999999996
2024-01-12,ORD009579,CUST02752,P004,Smartwatch,Electronics,Delhi,Store,UPI,1,7379.36,0.1,7379.36,6641.42,0,1092.76,2024,1,January,Friday,7379.36,6641.424
2024-01-12,ORD032601,CUST02956,P009,T-Shirt,Fashion,Jaipur,Online,UPI,2,1302.15,0.05,2604.3,2474.08,0,300.87,2024,1,January,Friday,2604.3,2474.085
2024-01-12,ORD038762,CUST02991,P011,Mixer Grinder,Home,Ahmedabad,Store,UPI,2,4474.84,0.15,8949.68,7607.23,0,1167.69,2024,1,January,Friday,8949.68,7607.228
2024-01-12,ORD007332,CUST04923,P019,Vacuum Cleaner,Home,Mumbai,Online,Net Banking,4,9007.97,0.0,36031.88,36031.88,0,10052.55,2024,1,January,Friday,36031.88,36031.88
2024-01-12,ORD049491,CUST00246,P009,T-Shirt,Fashion,Hyderabad,Online,Debit Card,1,1234.43,0.15,1234.43,1049.27,0,89.19,2024,1,January,Friday,1234.43,1049.2655
2024-01-12,ORD019695,CUST03570,P005,Office Chair,Furniture,Chennai,Store,Credit Card,1,8808.07,0.2,8808.07,7046.46,0,735.96,2024,1,January,Friday,8808.07,7046.456
2024-01-12,ORD045554,CUST02566,P013,Monitor,Electronics,Mumbai,Store,Credit Card,5,16304.74,0.25,81523.7,61142.77,0,5891.67,2024,1,January,Friday,81523.7,61142.774999999994
2024-01-12,ORD000938,CUST03281,P011,Mixer Grinder,Home,Delhi,Store,UPI,4,4816.0,0.05,19264.0,18300.8,0,3523.01,2024,1,January,Friday,19264.0,18300.8
2024-01-12,ORD039938,CUST00859,P016,Sofa,Furniture,Hyderabad,Online,Debit Card,1,34052.63,0.05,34052.63,32350.0,0,2843.43,2024,1,January,Friday,34052.63,32349.998499999994
2024-01-12,ORD031471,CUST00745,P002,Smartphone,Electronics,Pune,Store,Credit Card,2,30078.22,0.05,60156.44,57148.62,0,5496.09,2024,1,January,Friday,60156.44,57148.618
2024-01-12,ORD007243,CUST03757,P001,Laptop,Electronics,Hyderabad,Store,Credit Card,1,68781.37,0.1,68781.37,61903.23,1,-3095.16,2024,1,January,Friday,68781.37,61903.233
2024-01-12,ORD021114,CUST04469,P007,Backpack,Accessories,Ahmedabad,Online,Debit Card,2,2046.95,0.0,4093.9,4093.9,0,803.59,2024,1,January,Friday,4093.9,4093.9
2024-01-12,ORD044560,CUST01630,P005,Office Chair,Furniture,Mumbai,Online,Credit Card,1,10006.44,0.05,10006.44,9506.12,0,2049.39,2024,1,January,Friday,10006.44,9506.118
2024-01-12,ORD040943,CUST03354,P016,Sofa,Furniture,Delhi,Store,UPI,1,33335.17,0.2,33335.17,26668.14,0,2814.45,2024,1,January,Friday,33335.17,26668.136
2024-01-12,ORD041078,CUST02771,P013,Monitor,Electronics,Pune,Store,Credit Card,3,19571.76,0.05,58715.28,55779.52,0,11022.25,2024,1,January,Friday,58715.28,55779.515999999996
2024-01-12,ORD006238,CUST01141,P014,Keyboard,Electronics,Chennai,Store,UPI,1,2615.03,0.2,2615.03,2092.02,0,288.55,2024,1,January,Friday,2615.03,2092.0240000000003
2024-01-12,ORD040311,CUST00217,P006,Desk,Furniture,Chennai,Online,Credit Card,2,11993.69,0.15,23987.38,20389.27,0,5325.64,2024,1,January,Friday,23987.38,20389.273
2024-01-12,ORD004051,CUST04189,P016,Sofa,Furniture,Surat,Store,UPI,1,37466.08,0.1,37466.08,33719.47,0,9055.18,2024,1,January,Friday,37466.08,33719.472
2024-01-12,ORD027159,CUST02408,P018,Jacket,Fashion,Bengaluru,Online,Credit Card,1,5372.45,0.2,5372.45,4297.96,1,-214.9,2024,1,January,Friday,5372.45,4297.96
2024-01-12,ORD010531,CUST04596,P003,Headphones,Electronics,Bengaluru,Online,Credit Card,5,4438.44,0.15,22192.2,18863.37,0,5076.23,2024,1,January,Friday,22192.199999999997,18863.37
2024-01-12,ORD007152,CUST03410,P013,Monitor,Electronics,Bengaluru,Store,Credit Card,1,17678.29,0.05,17678.29,16794.38,0,4673.6,2024,1,January,Friday,17678.29,16794.3755
2024-01-12,ORD039515,CUST04514,P011,Mixer Grinder,Home,Ahmedabad,Online,UPI,3,4808.03,0.0,14424.09,14424.09,1,-721.2,2024,1,January,Friday,14424.09,14424.09
2024-01-12,ORD017051,CUST01949,P006,Desk,Furniture,Delhi,Store,UPI,1,11955.63,0.05,11955.63,11357.85,0,2606.26,2024,1,January,Friday,11955.63,11357.848499999998
2024-01-12,ORD007680,CUST03808,P008,Running Shoes,Fashion,Kolkata,Store,Net Banking,1,4058.41,0.15,4058.41,3449.65,0,868.49,2024,1,January,Friday,4058.41,3449.6485
2024-01-12,ORD025444,CUST03350,P002,Smartphone,Electronics,Mumbai,Store,Cash,1,30489.55,0.1,30489.55,27440.6,0,3227.98,2024,1,January,Friday,30489.55,27440.595
2024-01-12,ORD034741,CUST03677,P010,Coffee Maker,Home,Hyderabad,Store,Debit Card,5,5676.07,0.05,28380.35,26961.33,0,7484.57,2024,1,January,Friday,28380.35,26961.332499999997
2024-01-12,ORD016807,CUST03427,P015,Dining Table,Furniture,Delhi,Store,Credit Card,1,20798.13,0.0,20798.13,20798.13,0,4124.45,2024,1,January,Friday,20798.13,20798.13
2024-01-12,ORD040499,CUST04284,P005,Office Chair,Furniture,Ahmedabad,Online,Credit Card,1,8609.6,0.0,8609.6,8609.6,0,1129.18,2024,1,January,Friday,8609.6,8609.6
2024-01-12,ORD004625,CUST03149,P006,Desk,Furniture,Bengaluru,Online,UPI,1,11863.35,0.1,11863.35,10677.02,0,1681.64,2024,1,January,Friday,11863.35,10677.015000000001
2024-01-12,ORD026384,CUST00983,P016,Sofa,Furniture,Surat,Store,UPI,3,33266.5,0.1,99799.5,89819.55,0,11615.54,2024,1,January,Friday,99799.5,89819.55
2024-01-12,ORD006130,CUST00470,P014,Keyboard,Electronics,Mumbai,Online,Debit Card,1,2432.3,0.0,2432.3,2432.3,1,-121.62,2024,1,January,Friday,2432.3,2432.3
2024-01-12,ORD045840,CUST01643,P013,Monitor,Electronics,Kolkata,Online,Net Banking,1,18657.53,0.0,18657.53,18657.53,0,4965.03,2024,1,January,Friday,18657.53,18657.53
2024-01-12,ORD030483,CUST00473,P012,Air Fryer,Home,Hyderabad,Online,UPI,1,6826.81,0.05,6826.81,6485.47,0,1507.79,2024,1,January,Friday,6826.81,6485.4695
2024-01-12,ORD011114,CUST01534,P010,Coffee Maker,Home,Mumbai,Store,Net Banking,1,5548.99,0.15,5548.99,4716.64,0,1130.49,2024,1,January,Friday,5548.99,4716.6415
2024-01-12,ORD000131,CUST02135,P006,Desk,Furniture,Jaipur,Store,UPI,2,12344.59,0.1,24689.18,22220.26,0,4909.56,2024,1,January,Friday,24689.18,22220.262000000002
2024-01-12,ORD000169,CUST04224,P013,Monitor,Electronics,Pune,Online,UPI,1,16292.92,0.0,16292.92,16292.92,0,4755.66,2024,1,January,Friday,16292.92,16292.92
2024-01-12,ORD005702,CUST04123,P013,Monitor,Electronics,Pune,Store,Debit Card,1,19707.21,0.15,19707.21,16751.13,0,4251.92,2024,1,January,Friday,19707.21,16751.1285
2024-01-12,ORD024110,CUST03556,P016,Sofa,Furniture,Mumbai,Store,Cash,1,37523.92,0.1,37523.92,33771.53,0,5686.76,2024,1,January,Friday,37523.92,33771.528
2024-01-12,ORD042574,CUST04501,P018,Jacket,Fashion,Bengaluru,Store,UPI,1,5583.33,0.1,5583.33,5025.0,0,325.98,2024,1,January,Friday,5583.33,5024.997
2024-01-12,ORD041997,CUST04253,P001,Laptop,Electronics,Kolkata,Store,Net Banking,2,59176.88,0.15,118353.76,100600.7,0,19747.45,2024,1,January,Friday,118353.76,100600.696
2024-01-12,ORD027756,CUST04522,P002,Smartphone,Electronics,Jaipur,Store,UPI,1,30339.78,0.1,30339.78,27305.8,0,3864.7,2024,1,January,Friday,30339.78,27305.802
2024-01-12,ORD014071,CUST03183,P015,Dining Table,Furniture,Surat,Store,UPI,1,24103.31,0.0,24103.31,24103.31,0,5393.43,2024,1,January,Friday,24103.31,24103.31
2024-01-12,ORD044015,CUST00770,P017,Jeans,Fashion,Mumbai,Online,Credit Card,1,2892.92,0.05,2892.92,2748.27,0,513.88,2024,1,January,Friday,2892.92,2748.274
2024-01-12,ORD043978,CUST01509,P012,Air Fryer,Home,Kolkata,Online,UPI,1,7252.67,0.1,7252.67,6527.4,0,1471.19,2024,1,January,Friday,7252.67,6527.403
2024-01-12,ORD018162,CUST02616,P008,Running Shoes,Fashion,Ahmedabad,Online,Debit Card,1,4166.22,0.05,4166.22,3957.91,1,-197.9,2024,1,January,Friday,4166.22,3957.909
2024-01-12,ORD011775,CUST01313,P016,Sofa,Furniture,Mumbai,Store,Credit Card,1,32604.82,0.05,32604.82,30974.58,0,5436.57,2024,1,January,Friday,32604.82,30974.578999999998
2024-01-12,ORD005145,CUST00458,P015,Dining Table,Furniture,Pune,Online,UPI,1,23633.67,0.0,23633.67,23633.67,0,3695.46,2024,1,January,Friday,23633.67,23633.67
2024-01-12,ORD001319,CUST01359,P012,Air Fryer,Home,Pune,Store,Credit Card,1,7270.16,0.0,7270.16,7270.16,0,654.95,2024,1,January,Friday,7270.16,7270.16
2024-01-12,ORD016429,CUST00768,P002,Smartphone,Electronics,Pune,Online,Credit Card,4,28627.1,0.15,114508.4,97332.14,0,21882.2,2024,1,January,Friday,114508.4,97332.14
2024-01-12,ORD046610,CUST02055,P016,Sofa,Furniture,Surat,Online,UPI,1,36128.4,0.25,36128.4,27096.3,0,1083.85,2024,1,January,Friday,36128.4,27096.300000000003
2024-01-12,ORD028085,CUST01916,P012,Air Fryer,Home,Bengaluru,Store,Debit Card,1,7237.94,0.2,7237.94,5790.35,0,348.64,2024,1,January,Friday,7237.94,5790.352
2024-01-12,ORD008423,CUST02999,P010,Coffee Maker,Home,Bengaluru,Store,Credit Card,2,5530.9,0.15,11061.8,9402.53,0,2142.36,2024,1,January,Friday,11061.8,9402.529999999999
2024-01-12,ORD036993,CUST01381,P008,Running Shoes,Fashion,Jaipur,Online,UPI,1,4490.91,0.1,4490.91,4041.82,0,1006.2,2024,1,January,Friday,4490.91,4041.819
2024-01-12,ORD023079,CUST01907,P015,Dining Table,Furniture,Ahmedabad,Online,UPI,1,22872.42,0.05,22872.42,21728.8,0,5764.86,2024,1,January,Friday,22872.42,21728.799
2024-01-12,ORD012126,CUST01005,P009,T-Shirt,Fashion,Kolkata,Store,UPI,1,1224.3,0.0,1224.3,1224.3,0,251.83,2024,1,January,Friday,1224.3,1224.3
2024-01-12,ORD027634,CUST04226,P004,Smartwatch,Electronics,Delhi,Store,UPI,1,7328.31,0.05,7328.31,6961.89,0,1748.48,2024,1,January,Friday,7328.31,6961.8945
2024-01-12,ORD003545,CUST03567,P019,Vacuum Cleaner,Home,Chennai,Online,UPI,3,8597.57,0.15,25792.71,21923.8,0,2277.85,2024,1,January,Friday,25792.71,21923.803499999998
2024-01-12,ORD028897,CUST04889,P010,Coffee Maker,Home,Chennai,Store,Credit Card,2,5173.04,0.2,10346.08,8276.86,0,1328.59,2024,1,January,Friday,10346.08,8276.864
2024-01-12,ORD029663,CUST02765,P005,Office Chair,Furniture,Mumbai,Store,Debit Card,3,9742.55,0.1,29227.65,26304.88,0,1732.57,2024,1,January,Friday,29227.649999999998,26304.885000000002
2024-01-12,ORD030884,CUST02143,P009,T-Shirt,Fashion,Ahmedabad,Online,UPI,2,1084.48,0.2,2168.96,1735.17,0,81.26,2024,1,January,Friday,2168.96,1735.1680000000001
2024-01-12,ORD022800,CUST04629,P019,Vacuum Cleaner,Home,Pune,Store,Net Banking,2,9845.35,0.25,19690.7,14768.03,0,774.2,2024,1,January,Friday,19690.7,14768.025000000001
2024-01-12,ORD014059,CUST04976,P014,Keyboard,Electronics,Kolkata,Store,Cash,2,2401.88,0.0,4803.76,4803.76,0,637.78,2024,1,January,Friday,4803.76,4803.76
2024-01-12,ORD008112,CUST03758,P006,Desk,Furniture,Kolkata,Online,UPI,2,13038.52,0.05,26077.04,24773.19,0,4363.88,2024,1,January,Friday,26077.04,24773.188
2024-01-12,ORD048420,CUST00833,P014,Keyboard,Electronics,Hyderabad,Store,Credit Card,2,2749.32,0.0,5498.64,5498.64,0,774.8,2024,1,January,Friday,5498.64,5498.64
2024-01-12,ORD042601,CUST01624,P015,Dining Table,Furniture,Hyderabad,Online,Net Banking,1,21139.0,0.05,21139.0,20082.05,0,3887.33,2024,1,January,Friday,21139.0,20082.05
2024-01-12,ORD037340,CUST02514,P006,Desk,Furniture,Jaipur,Online,UPI,1,11979.53,0.0,11979.53,11979.53,0,1184.92,2024,1,January,Friday,11979.53,11979.53
2024-01-12,ORD043673,CUST03409,P002,Smartphone,Electronics,Bengaluru,Store,Debit Card,1,26736.56,0.2,26736.56,21389.25,0,3681.84,2024,1,January,Friday,26736.56,21389.248000000003
2024-01-12,ORD029267,CUST03654,P005,Office Chair,Furniture,Delhi,Store,Cash,1,8649.03,0.05,8649.03,8216.58,0,764.51,2024,1,January,Friday,8649.03,8216.5785
2024-01-12,ORD018194,CUST04196,P004,Smartwatch,Electronics,Hyderabad,Online,Debit Card,1,6482.82,0.15,6482.82,5510.4,0,1032.91,2024,1,January,Friday,6482.82,5510.397
2024-01-12,ORD038241,CUST02224,P015,Dining Table,Furniture,Jaipur,Online,Debit Card,2,21978.98,0.1,43957.96,39562.16,0,10358.76,2024,1,January,Friday,43957.96,39562.164
2024-01-13,ORD044539,CUST02885,P013,Monitor,Electronics,Ahmedabad,Store,UPI,1,17033.25,0.05,17033.25,16181.59,0,1575.45,2024,1,January,Saturday,17033.25,16181.5875
2024-01-13,ORD029590,CUST00369,P005,Office Chair,Furniture,Bengaluru,Store,Cash,2,8662.7,0.05,17325.4,16459.13,0,4656.3,2024,1,January,Saturday,17325.4,16459.13
2024-01-13,ORD015145,CUST01456,P006,Desk,Furniture,Pune,Online,UPI,1,11989.34,0.1,11989.34,10790.41,0,2057.81,2024,1,January,Saturday,11989.34,10790.406
2024-01-13,ORD023067,CUST01997,P008,Running Shoes,Fashion,Surat,Store,UPI,1,4229.52,0.2,4229.52,3383.62,0,787.45,2024,1,January,Saturday,4229.52,3383.6160000000004
2024-01-13,ORD013078,CUST03669,P013,Monitor,Electronics,Surat,Store,Credit Card,1,16831.26,0.15,16831.26,14306.57,0,2831.7,2024,1,January,Saturday,16831.26,14306.570999999998
2024-01-13,ORD004479,CUST00969,P016,Sofa,Furniture,Delhi,Online,UPI,1,35508.37,0.05,35508.37,33732.95,0,5935.87,2024,1,January,Saturday,35508.37,33732.9515
2024-01-13,ORD039406,CUST03190,P004,Smartwatch,Electronics,Chennai,Store,Credit Card,1,6615.75,0.1,6615.75,5954.18,0,1213.9,2024,1,January,Saturday,6615.75,5954.175
2024-01-13,ORD017824,CUST01927,P015,Dining Table,Furniture,Delhi,Online,Debit Card,2,22537.3,0.25,45074.6,33805.95,0,3431.41,2024,1,January,Saturday,45074.6,33805.95
2024-01-13,ORD000482,CUST03673,P017,Jeans,Fashion,Chennai,Online,UPI,1,2784.61,0.1,2784.61,2506.15,0,435.58,2024,1,January,Saturday,2784.61,2506.1490000000003
2024-01-13,ORD049151,CUST03066,P002,Smartphone,Electronics,Pune,Online,Net Banking,4,25870.97,0.1,103483.88,93135.49,0,23222.32,2024,1,January,Saturday,103483.88,93135.49200000001
2024-01-13,ORD017688,CUST03684,P004,Smartwatch,Electronics,Surat,Store,UPI,1,6845.16,0.0,6845.16,6845.16,0,1341.2,2024,1,January,Saturday,6845.16,6845.16
2024-01-13,ORD006967,CUST03755,P004,Smartwatch,Electronics,Hyderabad,Online,UPI,1,6692.23,0.05,6692.23,6357.62,0,1497.65,2024,1,January,Saturday,6692.23,6357.6185
2024-01-13,ORD005496,CUST04610,P015,Dining Table,Furniture,Chennai,Online,UPI,1,21713.3,0.15,21713.3,18456.3,0,4240.28,2024,1,January,Saturday,21713.3,18456.305
2024-01-13,ORD029181,CUST03696,P008,Running Shoes,Fashion,Jaipur,Online,UPI,1,4317.38,0.05,4317.38,4101.51,0,1065.04,2024,1,January,Saturday,4317.38,4101.5109999999995
2024-01-13,ORD017460,CUST00193,P001,Laptop,Electronics,Surat,Store,Cash,1,67288.03,0.15,67288.03,57194.83,0,14032.04,2024,1,January,Saturday,67288.03,57194.8255
2024-01-13,ORD008958,CUST01291,P020,Microwave,Home,Pune,Store,UPI,1,11178.19,0.1,11178.19,10060.37,0,1448.74,2024,1,January,Saturday,11178.19,10060.371000000001
2024-01-13,ORD006852,CUST00250,P014,Keyboard,Electronics,Chennai,Store,Credit Card,1,2726.24,0.15,2726.24,2317.3,1,-115.86,2024,1,January,Saturday,2726.24,2317.3039999999996
2024-01-13,ORD029019,CUST01852,P017,Jeans,Fashion,Chennai,Online,Net Banking,1,2645.71,0.0,2645.71,2645.71,0,283.44,2024,1,January,Saturday,2645.71,2645.71
2024-01-13,ORD037957,CUST04214,P008,Running Shoes,Fashion,Kolkata,Store,Credit Card,3,3829.94,0.1,11489.82,10340.84,0,2547.89,2024,1,January,Saturday,11489.82,10340.838
2024-01-13,ORD012798,CUST04877,P020,Microwave,Home,Delhi,Online,UPI,1,12096.43,0.05,12096.43,11491.61,0,2767.21,2024,1,January,Saturday,12096.43,11491.6085
2024-01-13,ORD027469,CUST03195,P014,Keyboard,Electronics,Chennai,Store,Debit Card,2,2683.69,0.0,5367.38,5367.38,0,1192.59,2024,1,January,Saturday,5367.38,5367.38
2024-01-13,ORD016195,CUST04965,P010,Coffee Maker,Home,Chennai,Online,Credit Card,1,5309.99,0.15,5309.99,4513.49,0,582.79,2024,1,January,Saturday,5309.99,4513.4915
2024-01-13,ORD021350,CUST02336,P009,T-Shirt,Fashion,Kolkata,Online,Credit Card,1,1122.39,0.1,1122.39,1010.15,1,-50.51,2024,1,January,Saturday,1122.39,1010.1510000000001
2024-01-13,ORD026688,CUST01219,P002,Smartphone,Electronics,Hyderabad,Online,Credit Card,3,27743.57,0.15,83230.71,70746.1,0,17148.5,2024,1,January,Saturday,83230.70999999999,70746.1035
2024-01-13,ORD009709,CUST02821,P001,Laptop,Electronics,Bengaluru,Store,Debit Card,2,64626.51,0.05,129253.02,122790.37,0,22827.15,2024,1,January,Saturday,129253.02,122790.36899999999
2024-01-13,ORD018648,CUST00239,P003,Headphones,Electronics,Delhi,Store,Debit Card,3,4530.59,0.0,13591.77,13591.77,1,-679.59,2024,1,January,Saturday,13591.77,13591.77
2024-01-13,ORD035573,CUST01324,P013,Monitor,Electronics,Chennai,Store,UPI,1,18956.78,0.2,18956.78,15165.42,0,1185.85,2024,1,January,Saturday,18956.78,15165.423999999999
2024-01-13,ORD027037,CUST02849,P007,Backpack,Accessories,Mumbai,Online,Credit Card,2,2255.89,0.2,4511.78,3609.42,0,324.4,2024,1,January,Saturday,4511.78,3609.424
2024-01-13,ORD027009,CUST03100,P005,Office Chair,Furniture,Surat,Online,UPI,1,9835.27,0.1,9835.27,8851.74,0,1624.54,2024,1,January,Saturday,9835.27,8851.743
2024-01-13,ORD001629,CUST02615,P003,Headphones,Electronics,Kolkata,Store,Cash,2,4573.57,0.05,9147.14,8689.78,0,1461.78,2024,1,January,Saturday,9147.14,8689.783
2024-01-13,ORD021079,CUST02412,P010,Coffee Maker,Home,Jaipur,Online,Credit Card,2,5029.05,0.05,10058.1,9555.2,0,991.94,2024,1,January,Saturday,10058.1,9555.195
2024-01-13,ORD045475,CUST02638,P012,Air Fryer,Home,Hyderabad,Store,Credit Card,1,7903.73,0.15,7903.73,6718.17,0,993.38,2024,1,January,Saturday,7903.73,6718.170499999999
2024-01-13,ORD026916,CUST02560,P018,Jacket,Fashion,Surat,Online,Credit Card,5,5177.9,0.05,25889.5,24595.02,0,3716.46,2024,1,January,Saturday,25889.5,24595.024999999998
2024-01-13,ORD030783,CUST01540,P013,Monitor,Electronics,Hyderabad,Online,Credit Card,5,17451.51,0.25,87257.55,65443.16,0,8803.01,2024,1,January,Saturday,87257.54999999999,65443.162500000006
2024-01-13,ORD030199,CUST03190,P001,Laptop,Electronics,Hyderabad,Online,Credit Card,2,64325.91,0.05,128651.82,122219.23,0,14106.03,2024,1,January,Saturday,128651.82,122219.229
2024-01-13,ORD003504,CUST03672,P003,Headphones,Electronics,Kolkata,Online,UPI,1,4542.08,0.1,4542.08,4087.87,0,387.08,2024,1,January,Saturday,4542.08,4087.872
2024-01-13,ORD028156,CUST00928,P013,Monitor,Electronics,Mumbai,Online,UPI,2,16826.93,0.2,33653.86,26923.09,0,2210.46,2024,1,January,Saturday,33653.86,26923.088000000003
2024-01-13,ORD028311,CUST03061,P003,Headphones,Electronics,Chennai,Online,Net Banking,1,4298.54,0.1,4298.54,3868.69,0,874.52,2024,1,January,Saturday,4298.54,3868.686
2024-01-13,ORD021764,CUST01681,P002,Smartphone,Electronics,Delhi,Online,Credit Card,1,27577.51,0.15,27577.51,23440.88,0,6267.67,2024,1,January,Saturday,27577.51,23440.883499999996
2024-01-13,ORD047602,CUST02353,P004,Smartwatch,Electronics,Bengaluru,Store,UPI,1,6570.1,0.15,6570.1,5584.58,1,-279.23,2024,1,January,Saturday,6570.1,5584.585
2024-01-13,ORD014171,CUST03753,P017,Jeans,Fashion,Chennai,Online,UPI,1,2847.1,0.1,2847.1,2562.39,0,409.86,2024,1,January,Saturday,2847.1,2562.39
2024-01-13,ORD039224,CUST02260,P010,Coffee Maker,Home,Hyderabad,Store,UPI,1,5554.9,0.0,5554.9,5554.9,0,1223.4,2024,1,January,Saturday,5554.9,5554.9
2024-01-13,ORD009845,CUST01959,P017,Jeans,Fashion,Jaipur,Online,UPI,2,2588.43,0.1,5176.86,4659.17,0,466.05,2024,1,January,Saturday,5176.86,4659.174
2024-01-13,ORD030971,CUST01348,P014,Keyboard,Electronics,Hyderabad,Online,Net Banking,3,2265.84,0.05,6797.52,6457.64,0,1146.6,2024,1,January,Saturday,6797.52,6457.644
2024-01-13,ORD046641,CUST03593,P008,Running Shoes,Fashion,Delhi,Online,UPI,1,3867.94,0.05,3867.94,3674.54,0,610.74,2024,1,January,Saturday,3867.94,3674.5429999999997
2024-01-13,ORD004624,CUST04706,P006,Desk,Furniture,Surat,Online,Net Banking,1,12550.78,0.15,12550.78,10668.16,0,999.78,2024,1,January,Saturday,12550.78,10668.163
2024-01-13,ORD000932,CUST04399,P016,Sofa,Furniture,Jaipur,Online,UPI,1,36499.51,0.05,36499.51,34674.53,0,9843.29,2024,1,January,Saturday,36499.51,34674.5345
2024-01-13,ORD001036,CUST02714,P011,Mixer Grinder,Home,Bengaluru,Online,UPI,1,4419.58,0.1,4419.58,3977.62,0,951.45,2024,1,January,Saturday,4419.58,3977.622
2024-01-13,ORD008211,CUST02779,P009,T-Shirt,Fashion,Bengaluru,Store,Debit Card,4,1114.08,0.0,4456.32,4456.32,0,478.5,2024,1,January,Saturday,4456.32,4456.32
2024-01-13,ORD024487,CUST04311,P004,Smartwatch,Electronics,Jaipur,Store,Cash,1,6354.49,0.05,6354.49,6036.77,0,1144.67,2024,1,January,Saturday,6354.49,6036.7654999999995
2024-01-14,ORD037366,CUST03548,P004,Smartwatch,Electronics,Hyderabad,Store,UPI,1,6352.33,0.1,6352.33,5717.1,0,990.22,2024,1,January,Sunday,6352.33,5717.097
2024-01-14,ORD010564,CUST00989,P008,Running Shoes,Fashion,Surat,Store,UPI,1,4147.25,0.1,4147.25,3732.52,1,-186.63,2024,1,January,Sunday,4147.25,3732.525
2024-01-14,ORD016483,CUST02399,P002,Smartphone,Electronics,Bengaluru,Online,Net Banking,1,29741.92,0.1,29741.92,26767.73,0,4588.56,2024,1,January,Sunday,29741.92,26767.728
2024-01-14,ORD021251,CUST01758,P017,Jeans,Fashion,Ahmedabad,Store,Debit Card,4,2641.4,0.05,10565.6,10037.32,0,892.14,2024,1,January,Sunday,10565.6,10037.32
2024-01-14,ORD037185,CUST01558,P010,Coffee Maker,Home,Kolkata,Online,Cash,5,5641.27,0.0,28206.35,28206.35,0,5986.38,2024,1,January,Sunday,28206.350000000002,28206.35
2024-01-14,ORD037331,CUST00851,P011,Mixer Grinder,Home,Jaipur,Store,Net Banking,3,4854.1,0.1,14562.3,13106.07,0,1935.98,2024,1,January,Sunday,14562.300000000001,13106.07
2024-01-14,ORD039040,CUST03489,P008,Running Shoes,Fashion,Chennai,Online,Credit Card,1,4059.16,0.1,4059.16,3653.24,0,601.1,2024,1,January,Sunday,4059.16,3653.244
2024-01-14,ORD035957,CUST00037,P003,Headphones,Electronics,Chennai,Store,Debit Card,3,4716.12,0.0,14148.36,14148.36,0,2843.01,2024,1,January,Sunday,14148.36,14148.36
2024-01-14,ORD025181,CUST01892,P011,Mixer Grinder,Home,Mumbai,Online,Credit Card,1,4671.53,0.1,4671.53,4204.38,0,636.48,2024,1,January,Sunday,4671.53,4204.3769999999995
2024-01-14,ORD039542,CUST01144,P015,Dining Table,Furniture,Bengaluru,Store,Net Banking,1,23489.48,0.15,23489.48,19966.06,0,3666.89,2024,1,January,Sunday,23489.48,19966.058
2024-01-14,ORD005812,CUST04526,P003,Headphones,Electronics,Ahmedabad,Online,UPI,1,4546.73,0.05,4546.73,4319.39,0,702.99,2024,1,January,Sunday,4546.73,4319.393499999999
2024-01-14,ORD038455,CUST03198,P015,Dining Table,Furniture,Delhi,Store,Debit Card,2,22323.98,0.15,44647.96,37950.77,0,6907.41,2024,1,January,Sunday,44647.96,37950.765999999996
2024-01-14,ORD012004,CUST00667,P005,Office Chair,Furniture,Chennai,Store,UPI,5,8588.8,0.0,42944.0,42944.0,0,7825.46,2024,1,January,Sunday,42944.0,42944.0
2024-01-14,ORD006575,CUST03879,P001,Laptop,Electronics,Surat,Online,Credit Card,3,65618.62,0.2,196855.86,157484.69,0,26307.69,2024,1,January,Sunday,196855.86,157484.688
2024-01-14,ORD023352,CUST03974,P007,Backpack,Accessories,Hyderabad,Online,UPI,1,2418.33,0.2,2418.33,1934.66,0,198.13,2024,1,January,Sunday,2418.33,1934.664
2024-01-14,ORD020965,CUST00918,P019,Vacuum Cleaner,Home,Bengaluru,Online,Credit Card,1,9189.87,0.15,9189.87,7811.39,0,804.75,2024,1,January,Sunday,9189.87,7811.3895
2024-01-14,ORD036765,CUST00399,P014,Keyboard,Electronics,Delhi,Online,UPI,1,2693.99,0.1,2693.99,2424.59,0,619.87,2024,1,January,Sunday,2693.99,2424.591
2024-01-14,ORD036748,CUST02576,P009,T-Shirt,Fashion,Chennai,Online,UPI,1,1307.78,0.15,1307.78,1111.61,0,82.18,2024,1,January,Sunday,1307.78,1111.613
2024-01-14,ORD035065,CUST04556,P006,Desk,Furniture,Kolkata,Online,Cash,4,11743.36,0.25,46973.44,35230.08,0,6747.74,2024,1,January,Sunday,46973.44,35230.08
2024-01-14,ORD047226,CUST00499,P019,Vacuum Cleaner,Home,Mumbai,Store,Cash,2,8924.97,0.0,17849.94,17849.94,0,1736.82,2024,1,January,Sunday,17849.94,17849.94
2024-01-14,ORD014074,CUST04641,P004,Smartwatch,Electronics,Hyderabad,Online,Debit Card,1,6364.29,0.15,6364.29,5409.65,0,575.58,2024,1,January,Sunday,6364.29,5409.6465
2024-01-14,ORD001177,CUST03538,P001,Laptop,Electronics,Mumbai,Store,Cash,1,63310.75,0.15,63310.75,53814.14,0,3855.5,2024,1,January,Sunday,63310.75,53814.1375
2024-01-14,ORD021915,CUST02224,P006,Desk,Furniture,Ahmedabad,Store,Credit Card,1,11904.29,0.1,11904.29,10713.86,0,2830.07,2024,1,January,Sunday,11904.29,10713.861
2024-01-14,ORD038581,CUST04757,P010,Coffee Maker,Home,Chennai,Online,Debit Card,3,5674.37,0.0,17023.11,17023.11,0,3381.5,2024,1,January,Sunday,17023.11,17023.11
2024-01-14,ORD010593,CUST02070,P003,Headphones,Electronics,Jaipur,Store,UPI,1,4453.6,0.25,4453.6,3340.2,0,790.47,2024,1,January,Sunday,4453.6,3340.2000000000003
2024-01-14,ORD021781,CUST02485,P013,Monitor,Electronics,Mumbai,Online,Credit Card,1,17739.63,0.1,17739.63,15965.67,0,2286.25,2024,1,January,Sunday,17739.63,15965.667000000001
2024-01-14,ORD011377,CUST00244,P009,T-Shirt,Fashion,Hyderabad,Online,UPI,2,1203.78,0.0,2407.56,2407.56,0,617.34,2024,1,January,Sunday,2407.56,2407.56
2024-01-14,ORD018271,CUST02231,P019,Vacuum Cleaner,Home,Mumbai,Store,UPI,2,9190.04,0.15,18380.08,15623.07,0,3482.18,2024,1,January,Sunday,18380.08,15623.068000000001
2024-01-14,ORD012779,CUST04575,P011,Mixer Grinder,Home,Pune,Online,UPI,1,4634.31,0.15,4634.31,3939.16,0,978.04,2024,1,January,Sunday,4634.31,3939.1635
2024-01-14,ORD000557,CUST04469,P007,Backpack,Accessories,Ahmedabad,Online,UPI,1,1987.7,0.15,1987.7,1689.54,0,297.38,2024,1,January,Sunday,1987.7,1689.545
2024-01-14,ORD003572,CUST03334,P003,Headphones,Electronics,Ahmedabad,Online,Debit Card,1,4877.0,0.15,4877.0,4145.45,0,520.9,2024,1,January,Sunday,4877.0,4145.45
2024-01-14,ORD028111,CUST04196,P019,Vacuum Cleaner,Home,Pune,Store,Credit Card,1,9786.85,0.0,9786.85,9786.85,0,1271.58,2024,1,January,Sunday,9786.85,9786.85
2024-01-14,ORD008304,CUST01123,P018,Jacket,Fashion,Delhi,Store,Debit Card,1,5714.25,0.05,5714.25,5428.54,0,1375.89,2024,1,January,Sunday,5714.25,5428.537499999999
2024-01-14,ORD044421,CUST02802,P010,Coffee Maker,Home,Surat,Online,Debit Card,1,5243.86,0.1,5243.86,4719.47,0,343.04,2024,1,January,Sunday,5243.86,4719.474
2024-01-14,ORD018676,CUST04462,P007,Backpack,Accessories,Delhi,Online,Debit Card,1,2101.47,0.0,2101.47,2101.47,0,177.49,2024,1,January,Sunday,2101.47,2101.47
2024-01-14,ORD008230,CUST04660,P012,Air Fryer,Home,Bengaluru,Store,UPI,4,7687.74,0.15,30750.96,26138.32,0,2995.67,2024,1,January,Sunday,30750.96,26138.316
2024-01-14,ORD027816,CUST02583,P014,Keyboard,Electronics,Delhi,Store,Debit Card,2,2508.0,0.0,5016.0,5016.0,0,688.61,2024,1,January,Sunday,5016.0,5016.0
2024-01-14,ORD032331,CUST02875,P014,Keyboard,Electronics,Hyderabad,Online,Net Banking,4,2588.6,0.15,10354.4,8801.24,1,-440.06,2024,1,January,Sunday,10354.4,8801.24
2024-01-14,ORD049570,CUST02143,P011,Mixer Grinder,Home,Surat,Online,UPI,2,4681.58,0.1,9363.16,8426.84,0,618.99,2024,1,January,Sunday,9363.16,8426.844000000001
2024-01-14,ORD030594,CUST03659,P012,Air Fryer,Home,Hyderabad,Store,UPI,1,6522.5,0.05,6522.5,6196.38,0,1354.01,2024,1,January,Sunday,6522.5,6196.375
2024-01-14,ORD003775,CUST00139,P004,Smartwatch,Electronics,Kolkata,Online,Credit Card,2,6760.41,0.0,13520.82,13520.82,0,2873.85,2024,1,January,Sunday,13520.82,13520.82
2024-01-14,ORD007716,CUST03823,P014,Keyboard,Electronics,Surat,Online,UPI,1,2679.22,0.0,2679.22,2679.22,0,711.69,2024,1,January,Sunday,2679.22,2679.22
2024-01-14,ORD041170,CUST01449,P013,Monitor,Electronics,Pune,Online,Credit Card,1,16885.23,0.1,16885.23,15196.71,0,2945.14,2024,1,January,Sunday,16885.23,15196.707
2024-01-14,ORD031637,CUST01589,P005,Office Chair,Furniture,Jaipur,Online,Credit Card,1,8815.38,0.1,8815.38,7933.84,1,-396.69,2024,1,January,Sunday,8815.38,7933.842
2024-01-14,ORD001644,CUST02129,P002,Smartphone,Electronics,Chennai,Online,UPI,4,27151.86,0.15,108607.44,92316.32,0,10927.26,2024,1,January,Sunday,108607.44,92316.324
2024-01-14,ORD013215,CUST02684,P015,Dining Table,Furniture,Pune,Store,Debit Card,1,23429.29,0.1,23429.29,21086.36,0,2248.12,2024,1,January,Sunday,23429.29,21086.361
2024-01-14,ORD001699,CUST00618,P003,Headphones,Electronics,Chennai,Store,Credit Card,1,4533.58,0.0,4533.58,4533.58,0,957.51,2024,1,January,Sunday,4533.58,4533.58
2024-01-14,ORD020688,CUST02081,P009,T-Shirt,Fashion,Mumbai,Online,Credit Card,2,1135.55,0.1,2271.1,2043.99,0,285.58,2024,1,January,Sunday,2271.1,2043.99
2024-01-14,ORD042478,CUST04971,P016,Sofa,Furniture,Delhi,Store,Credit Card,1,33326.09,0.0,33326.09,33326.09,0,3740.66,2024,1,January,Sunday,33326.09,33326.09
2024-01-14,ORD048217,CUST01882,P005,Office Chair,Furniture,Jaipur,Store,UPI,2,10017.6,0.1,20035.2,18031.68,0,2962.52,2024,1,January,Sunday,20035.2,18031.68
2024-01-14,ORD049538,CUST04355,P013,Monitor,Electronics,Jaipur,Online,Credit Card,1,19665.46,0.1,19665.46,17698.91,0,3308.1,2024,1,January,Sunday,19665.46,17698.914
2024-01-14,ORD008632,CUST00701,P005,Office Chair,Furniture,Surat,Online,UPI,1,10386.29,0.1,10386.29,9347.66,0,679.72,2024,1,January,Sunday,10386.29,9347.661000000002
2024-01-14,ORD033911,CUST01335,P003,Headphones,Electronics,Ahmedabad,Online,UPI,1,4118.71,0.15,4118.71,3500.9,0,376.45,2024,1,January,Sunday,4118.71,3500.9035
2024-01-14,ORD000697,CUST00257,P009,T-Shirt,Fashion,Surat,Store,Net Banking,4,1197.71,0.1,4790.84,4311.76,0,1020.1,2024,1,January,Sunday,4790.84,4311.756
2024-01-14,ORD012474,CUST00936,P012,Air Fryer,Home,Ahmedabad,Store,UPI,3,7386.65,0.2,22159.95,17727.96,0,3498.59,2024,1,January,Sunday,22159.949999999997,17727.960000000003
2024-01-14,ORD046731,CUST04256,P018,Jacket,Fashion,Jaipur,Store,Debit Card,1,5276.86,0.05,5276.86,5013.02,0,796.44,2024,1,January,Sunday,5276.86,5013.017
2024-01-14,ORD028503,CUST03700,P011,Mixer Grinder,Home,Kolkata,Store,Credit Card,1,4695.56,0.25,4695.56,3521.67,0,485.42,2024,1,January,Sunday,4695.56,3521.67
2024-01-14,ORD046791,CUST04910,P006,Desk,Furniture,Pune,Online,Cash,1,12421.21,0.05,12421.21,11800.15,0,1776.28,2024,1,January,Sunday,12421.21,11800.149499999998
2024-01-14,ORD043444,CUST04013,P007,Backpack,Accessories,Bengaluru,Store,Credit Card,4,2122.41,0.15,8489.64,7216.19,0,927.07,2024,1,January,Sunday,8489.64,7216.1939999999995
2024-01-14,ORD000004,CUST00242,P003,Headphones,Electronics,Surat,Online,UPI,3,4455.45,0.1,13366.35,12029.71,0,3215.35,2024,1,January,Sunday,13366.349999999999,12029.715
2024-01-14,ORD029461,CUST04704,P015,Dining Table,Furniture,Jaipur,Online,UPI,1,21711.43,0.1,21711.43,19540.29,1,-977.01,2024,1,January,Sunday,21711.43,19540.287
2024-01-14,ORD028747,CUST01585,P009,T-Shirt,Fashion,Chennai,Store,Net Banking,1,1196.96,0.2,1196.96,957.57,0,130.56,2024,1,January,Sunday,1196.96,957.5680000000001
2024-01-14,ORD003069,CUST03901,P013,Monitor,Electronics,Pune,Store,Net Banking,1,17318.83,0.15,17318.83,14721.01,0,2385.0,2024,1,January,Sunday,17318.83,14721.005500000001
2024-01-14,ORD020014,CUST03199,P013,Monitor,Electronics,Ahmedabad,Online,Debit Card,1,17366.29,0.0,17366.29,17366.29,0,4851.79,2024,1,January,Sunday,17366.29,17366.29
2024-01-14,ORD008651,CUST03209,P018,Jacket,Fashion,Chennai,Online,UPI,4,4762.46,0.0,19049.84,19049.84,0,4845.05,2024,1,January,Sunday,19049.84,19049.84
2024-01-14,ORD048412,CUST00009,P003,Headphones,Electronics,Jaipur,Online,Credit Card,4,4568.3,0.1,18273.2,16445.88,0,3878.12,2024,1,January,Sunday,18273.2,16445.88
2024-01-15,ORD013530,CUST02081,P001,Laptop,Electronics,Mumbai,Online,Cash,4,66689.54,0.0,266758.16,266758.16,0,52467.99,2024,1,January,Monday,266758.16,266758.16
2024-01-15,ORD036178,CUST03272,P014,Keyboard,Electronics,Pune,Online,Debit Card,1,2524.22,0.15,2524.22,2145.59,0,226.53,2024,1,January,Monday,2524.22,2145.587
2024-01-15,ORD041939,CUST01388,P019,Vacuum Cleaner,Home,Ahmedabad,Online,Cash,1,9421.82,0.0,9421.82,9421.82,0,2103.09,2024,1,January,Monday,9421.82,9421.82
2024-01-15,ORD017179,CUST01604,P017,Jeans,Fashion,Chennai,Online,Debit Card,2,2666.1,0.0,5332.2,5332.2,0,604.7,2024,1,January,Monday,5332.2,5332.2
2024-01-15,ORD005885,CUST00471,P001,Laptop,Electronics,Pune,Online,UPI,1,70207.56,0.05,70207.56,66697.18,0,15632.66,2024,1,January,Monday,70207.56,66697.182
2024-01-15,ORD015533,CUST02362,P001,Laptop,Electronics,Chennai,Store,UPI,1,71322.58,0.1,71322.58,64190.32,0,12848.44,2024,1,January,Monday,71322.58,64190.322
2024-01-15,ORD049559,CUST04764,P010,Coffee Maker,Home,Mumbai,Online,Cash,1,5512.4,0.05,5512.4,5236.78,0,710.46,2024,1,January,Monday,5512.4,5236.78
2024-01-15,ORD044139,CUST02894,P020,Microwave,Home,Ahmedabad,Store,Credit Card,4,11115.77,0.05,44463.08,42239.93,0,5260.75,2024,1,January,Monday,44463.08,42239.926
2024-01-15,ORD046061,CUST00221,P003,Headphones,Electronics,Bengaluru,Store,UPI,4,4090.34,0.1,16361.36,14725.22,0,2175.16,2024,1,January,Monday,16361.36,14725.224
2024-01-15,ORD009480,CUST00594,P020,Microwave,Home,Chennai,Online,Credit Card,1,10065.76,0.2,10065.76,8052.61,0,1344.75,2024,1,January,Monday,10065.76,8052.608
2024-01-15,ORD037235,CUST02946,P005,Office Chair,Furniture,Bengaluru,Store,Credit Card,1,10164.91,0.1,10164.91,9148.42,0,570.78,2024,1,January,Monday,10164.91,9148.419
2024-01-15,ORD021440,CUST01243,P013,Monitor,Electronics,Ahmedabad,Store,UPI,1,16284.72,0.05,16284.72,15470.48,0,2063.18,2024,1,January,Monday,16284.72,15470.483999999999
2024-01-15,ORD028953,CUST03280,P009,T-Shirt,Fashion,Jaipur,Store,Net Banking,2,1135.84,0.1,2271.68,2044.51,0,196.49,2024,1,January,Monday,2271.68,2044.512
2024-01-15,ORD017635,CUST04862,P015,Dining Table,Furniture,Chennai,Online,Credit Card,1,23170.78,0.15,23170.78,19695.16,1,-984.76,2024,1,January,Monday,23170.78,19695.162999999997
2024-01-15,ORD049584,CUST03070,P008,Running Shoes,Fashion,Ahmedabad,Store,Debit Card,1,4337.79,0.15,4337.79,3687.12,0,322.0,2024,1,January,Monday,4337.79,3687.1214999999997
2024-01-15,ORD030603,CUST04966,P001,Laptop,Electronics,Kolkata,Online,Credit Card,3,69715.0,0.05,209145.0,198687.75,0,46656.34,2024,1,January,Monday,209145.0,198687.75
2024-01-15,ORD003199,CUST02185,P007,Backpack,Accessories,Chennai,Online,Credit Card,2,2256.15,0.0,4512.3,4512.3,0,608.26,2024,1,January,Monday,4512.3,4512.3
2024-01-15,ORD014095,CUST00811,P012,Air Fryer,Home,Jaipur,Store,Net Banking,1,7019.61,0.05,7019.61,6668.63,0,555.81,2024,1,January,Monday,7019.61,6668.629499999999
2024-01-15,ORD038366,CUST01596,P003,Headphones,Electronics,Bengaluru,Store,Credit Card,1,4870.44,0.15,4870.44,4139.87,0,739.64,2024,1,January,Monday,4870.44,4139.874
2024-01-15,ORD030071,CUST00097,P011,Mixer Grinder,Home,Jaipur,Online,Debit Card,1,4690.53,0.1,4690.53,4221.48,0,969.0,2024,1,January,Monday,4690.53,4221.477
2024-01-15,ORD021609,CUST01104,P009,T-Shirt,Fashion,Pune,Online,Cash,1,1192.29,0.1,1192.29,1073.06,0,266.02,2024,1,January,Monday,1192.29,1073.061
2024-01-15,ORD011550,CUST00379,P001,Laptop,Electronics,Ahmedabad,Online,Credit Card,2,66813.69,0.15,133627.38,113583.27,0,22153.38,2024,1,January,Monday,133627.38,113583.273
2024-01-15,ORD044964,CUST02200,P019,Vacuum Cleaner,Home,Kolkata,Store,Credit Card,2,8983.32,0.15,17966.64,15271.64,0,3547.76,2024,1,January,Monday,17966.64,15271.643999999998
2024-01-15,ORD030147,CUST04556,P002,Smartphone,Electronics,Chennai,Online,Credit Card,1,26574.09,0.15,26574.09,22587.98,0,3611.99,2024,1,January,Monday,26574.09,22587.9765
2024-01-15,ORD003346,CUST00442,P010,Coffee Maker,Home,Delhi,Store,Debit Card,1,5383.38,0.15,5383.38,4575.87,0,1022.51,2024,1,January,Monday,5383.38,4575.873
2024-01-15,ORD017862,CUST00852,P018,Jacket,Fashion,Chennai,Store,UPI,1,5610.35,0.0,5610.35,5610.35,0,1521.76,2024,1,January,Monday,5610.35,5610.35
2024-01-15,ORD028930,CUST01587,P012,Air Fryer,Home,Mumbai,Online,UPI,5,6634.64,0.1,33173.2,29855.88,0,5254.57,2024,1,January,Monday,33173.200000000004,29855.879999999997
2024-01-15,ORD030089,CUST02504,P003,Headphones,Electronics,Jaipur,Store,Net Banking,1,4181.67,0.1,4181.67,3763.5,0,474.48,2024,1,January,Monday,4181.67,3763.503
2024-01-15,ORD025831,CUST04371,P017,Jeans,Fashion,Pune,Store,Net Banking,1,2966.21,0.1,2966.21,2669.59,0,436.38,2024,1,January,Monday,2966.21,2669.589
2024-01-15,ORD041520,CUST03794,P005,Office Chair,Furniture,Jaipur,Store,Cash,1,8868.54,0.0,8868.54,8868.54,1,-443.43,2024,1,January,Monday,8868.54,8868.54
2024-01-15,ORD020974,CUST01111,P018,Jacket,Fashion,Ahmedabad,Online,UPI,1,5093.25,0.2,5093.25,4074.6,0,385.78,2024,1,January,Monday,5093.25,4074.6000000000004
2024-01-15,ORD045873,CUST04331,P014,Keyboard,Electronics,Chennai,Store,Debit Card,1,2641.31,0.0,2641.31,2641.31,0,424.83,2024,1,January,Monday,2641.31,2641.31
2024-01-15,ORD040480,CUST04232,P019,Vacuum Cleaner,Home,Kolkata,Store,UPI,1,8783.56,0.2,8783.56,7026.85,1,-351.34,2024,1,January,Monday,8783.56,7026.848
2024-01-15,ORD000999,CUST01657,P009,T-Shirt,Fashion,Bengaluru,Online,UPI,2,1191.0,0.1,2382.0,2143.8,0,262.98,2024,1,January,Monday,2382.0,2143.8
2024-01-15,ORD025174,CUST04763,P014,Keyboard,Electronics,Jaipur,Store,Credit Card,5,2469.54,0.05,12347.7,11730.32,0,972.17,2024,1,January,Monday,12347.7,11730.315
2024-01-15,ORD006510,CUST00346,P012,Air Fryer,Home,Pune,Store,Cash,3,6668.41,0.05,20005.23,19004.97,0,4001.41,2024,1,January,Monday,20005.23,19004.9685
2024-01-15,ORD048868,CUST02242,P001,Laptop,Electronics,Surat,Online,Debit Card,1,64391.96,0.25,64391.96,48293.97,0,3203.4,2024,1,January,Monday,64391.96,48293.97
2024-01-15,ORD033307,CUST04899,P003,Headphones,Electronics,Mumbai,Store,UPI,1,4296.18,0.05,4296.18,4081.37,0,1154.83,2024,1,January,Monday,4296.18,4081.371
2024-01-15,ORD020945,CUST04097,P004,Smartwatch,Electronics,Bengaluru,Online,Net Banking,1,7212.52,0.1,7212.52,6491.27,0,1156.24,2024,1,January,Monday,7212.52,6491.268000000001
2024-01-15,ORD020085,CUST02248,P012,Air Fryer,Home,Chennai,Online,Net Banking,1,7394.63,0.1,7394.63,6655.17,0,1762.96,2024,1,January,Monday,7394.63,6655.167
2024-01-15,ORD026169,CUST02571,P013,Monitor,Electronics,Hyderabad,Online,Credit Card,1,16346.41,0.0,16346.41,16346.41,0,3903.65,2024,1,January,Monday,16346.41,16346.41
2024-01-15,ORD034473,CUST02843,P020,Microwave,Home,Kolkata,Store,Net Banking,1,10046.79,0.1,10046.79,9042.11,0,1109.05,2024,1,January,Monday,10046.79,9042.111
2024-01-15,ORD034435,CUST01340,P019,Vacuum Cleaner,Home,Surat,Store,Credit Card,1,8700.25,0.1,8700.25,7830.22,0,1742.9,2024,1,January,Monday,8700.25,7830.225
2024-01-15,ORD000274,CUST02784,P020,Microwave,Home,Surat,Store,UPI,2,10195.4,0.1,20390.8,18351.72,1,-917.59,2024,1,January,Monday,20390.8,18351.72
2024-01-15,ORD016912,CUST02805,P015,Dining Table,Furniture,Pune,Online,Cash,1,20011.16,0.1,20011.16,18010.04,0,2517.85,2024,1,January,Monday,20011.16,18010.044
2024-01-15,ORD010097,CUST01524,P006,Desk,Furniture,Ahmedabad,Online,Credit Card,1,13166.2,0.05,13166.2,12507.89,0,1865.43,2024,1,January,Monday,13166.2,12507.89
2024-01-15,ORD026133,CUST04388,P008,Running Shoes,Fashion,Delhi,Store,UPI,1,4127.47,0.05,4127.47,3921.1,0,1073.48,2024,1,January,Monday,4127.47,3921.0965
2024-01-15,ORD039707,CUST02712,P008,Running Shoes,Fashion,Jaipur,Online,UPI,1,4419.35,0.05,4419.35,4198.38,0,589.68,2024,1,January,Monday,4419.35,4198.3825
2024-01-15,ORD039728,CUST01588,P008,Running Shoes,Fashion,Kolkata,Online,Debit Card,5,4601.74,0.1,23008.7,20707.83,0,3738.74,2024,1,January,Monday,23008.699999999997,20707.83
2024-01-15,ORD047754,CUST01944,P003,Headphones,Electronics,Pune,Online,Credit Card,2,4206.16,0.05,8412.32,7991.7,0,752.41,2024,1,January,Monday,8412.32,7991.704
2024-01-15,ORD012383,CUST04938,P011,Mixer Grinder,Home,Ahmedabad,Online,Debit Card,1,4996.51,0.05,4996.51,4746.68,1,-237.33,2024,1,January,Monday,4996.51,4746.6845
2024-01-15,ORD013919,CUST01460,P018,Jacket,Fashion,Delhi,Store,Credit Card,1,4823.45,0.25,4823.45,3617.59,0,843.63,2024,1,January,Monday,4823.45,3617.5874999999996
2024-01-15,ORD001730,CUST01989,P017,Jeans,Fashion,Hyderabad,Store,Credit Card,4,3021.43,0.2,12085.72,9668.58,0,2194.95,2024,1,January,Monday,12085.72,9668.576
2024-01-15,ORD044215,CUST02507,P001,Laptop,Electronics,Hyderabad,Online,Credit Card,2,68499.46,0.0,136998.92,136998.92,1,-6849.95,2024,1,January,Monday,136998.92,136998.92
2024-01-15,ORD021005,CUST04595,P004,Smartwatch,Electronics,Bengaluru,Online,UPI,1,7165.3,0.0,7165.3,7165.3,0,2106.45,2024,1,January,Monday,7165.3,7165.3
2024-01-15,ORD031491,CUST01068,P013,Monitor,Electronics,Ahmedabad,Store,UPI,1,17532.91,0.2,17532.91,14026.33,0,2995.26,2024,1,January,Monday,17532.91,14026.328000000001
2024-01-15,ORD039250,CUST03383,P005,Office Chair,Furniture,Pune,Online,Credit Card,2,10016.96,0.2,20033.92,16027.14,1,-801.36,2024,1,January,Monday,20033.92,16027.135999999999
2024-01-15,ORD049796,CUST01378,P004,Smartwatch,Electronics,Hyderabad,Store,Net Banking,4,7077.56,0.1,28310.24,25479.22,0,3807.03,2024,1,January,Monday,28310.24,25479.216
2024-01-15,ORD031591,CUST04719,P002,Smartphone,Electronics,Jaipur,Online,Credit Card,5,28199.73,0.05,140998.65,133948.72,0,22127.29,2024,1,January,Monday,140998.65,133948.7175
2024-01-15,ORD041211,CUST04588,P013,Monitor,Electronics,Pune,Store,Debit Card,1,16416.69,0.1,16416.69,14775.02,0,2959.89,2024,1,January,Monday,16416.69,14775.020999999999
2024-01-15,ORD021137,CUST01958,P016,Sofa,Furniture,Bengaluru,Store,Debit Card,1,35428.05,0.05,35428.05,33656.65,0,4864.85,2024,1,January,Monday,35428.05,33656.6475
2024-01-15,ORD026957,CUST01285,P019,Vacuum Cleaner,Home,Jaipur,Store,Credit Card,1,8131.07,0.2,8131.07,6504.86,0,752.34,2024,1,January,Monday,8131.07,6504.856
2024-01-15,ORD026907,CUST00331,P013,Monitor,Electronics,Delhi,Online,Debit Card,1,17892.67,0.1,17892.67,16103.4,0,2090.91,2024,1,January,Monday,17892.67,16103.402999999998
2024-01-15,ORD041317,CUST02978,P020,Microwave,Home,Kolkata,Store,Debit Card,1,10970.12,0.25,10970.12,8227.59,0,329.1,2024,1,January,Monday,10970.12,8227.59
2024-01-15,ORD019165,CUST01773,P008,Running Shoes,Fashion,Pune,Online,Credit Card,1,4410.04,0.0,4410.04,4410.04,0,787.75,2024,1,January,Monday,4410.04,4410.04
2024-01-15,ORD032516,CUST01119,P011,Mixer Grinder,Home,Surat,Online,Credit Card,1,4582.67,0.25,4582.67,3437.0,0,137.48,2024,1,January,Monday,4582.67,3437.0025
2024-01-15,ORD047903,CUST00875,P004,Smartwatch,Electronics,Jaipur,Online,UPI,1,7353.94,0.1,7353.94,6618.55,0,1170.78,2024,1,January,Monday,7353.94,6618.545999999999
2024-01-15,ORD019105,CUST01863,P002,Smartphone,Electronics,Pune,Online,UPI,1,25770.53,0.0,25770.53,25770.53,0,2229.35,2024,1,January,Monday,25770.53,25770.53
2024-01-15,ORD006270,CUST03190,P007,Backpack,Accessories,Kolkata,Online,Credit Card,4,2197.33,0.2,8789.32,7031.46,0,1378.32,2024,1,January,Monday,8789.32,7031.456
2024-01-15,ORD044315,CUST02829,P014,Keyboard,Electronics,Delhi,Online,Cash,3,2706.01,0.1,8118.03,7306.23,0,1439.97,2024,1,January,Monday,8118.030000000001,7306.227
2024-01-16,ORD039846,CUST03239,P014,Keyboard,Electronics,Delhi,Store,UPI,1,2442.24,0.2,2442.24,1953.79,0,398.23,2024,1,January,Tuesday,2442.24,1953.792
2024-01-16,ORD019190,CUST03552,P001,Laptop,Electronics,Chennai,Store,Net Banking,1,67874.91,0.1,67874.91,61087.42,0,11504.33,2024,1,January,Tuesday,67874.91,61087.419
2024-01-16,ORD038643,CUST03568,P004,Smartwatch,Electronics,Bengaluru,Store,Net Banking,2,6438.53,0.1,12877.06,11589.35,0,2991.14,2024,1,January,Tuesday,12877.06,11589.354
2024-01-16,ORD013982,CUST04333,P014,Keyboard,Electronics,Delhi,Online,Net Banking,5,2615.1,0.1,13075.5,11767.95,1,-588.4,2024,1,January,Tuesday,13075.5,11767.95
2024-01-16,ORD020324,CUST04965,P017,Jeans,Fashion,Jaipur,Online,UPI,4,2618.11,0.1,10472.44,9425.2,0,2337.98,2024,1,January,Tuesday,10472.44,9425.196
2024-01-16,ORD022811,CUST02839,P005,Office Chair,Furniture,Chennai,Store,Credit Card,1,9936.11,0.05,9936.11,9439.3,0,2460.41,2024,1,January,Tuesday,9936.11,9439.3045
2024-01-16,ORD021174,CUST02922,P007,Backpack,Accessories,Chennai,Store,Debit Card,1,2365.14,0.0,2365.14,2365.14,0,425.07,2024,1,January,Tuesday,2365.14,2365.14
2024-01-16,ORD020350,CUST04311,P011,Mixer Grinder,Home,Chennai,Online,Debit Card,1,4381.17,0.1,4381.17,3943.05,0,647.26,2024,1,January,Tuesday,4381.17,3943.0530000000003
2024-01-16,ORD044596,CUST01478,P016,Sofa,Furniture,Kolkata,Store,UPI,1,34467.21,0.2,34467.21,27573.77,0,6036.97,2024,1,January,Tuesday,34467.21,27573.768
2024-01-16,ORD002628,CUST01703,P020,Microwave,Home,Bengaluru,Online,UPI,2,11434.0,0.0,22868.0,22868.0,0,3619.12,2024,1,January,Tuesday,22868.0,22868.0
2024-01-16,ORD038855,CUST01710,P019,Vacuum Cleaner,Home,Bengaluru,Store,UPI,1,9445.58,0.05,9445.58,8973.3,0,1879.75,2024,1,January,Tuesday,9445.58,8973.301
2024-01-16,ORD043668,CUST02150,P001,Laptop,Electronics,Mumbai,Online,Credit Card,1,61226.9,0.05,61226.9,58165.56,0,14486.95,2024,1,January,Tuesday,61226.9,58165.555
2024-01-16,ORD037804,CUST01373,P013,Monitor,Electronics,Bengaluru,Store,UPI,3,16524.53,0.2,49573.59,39658.87,1,-1982.94,2024,1,January,Tuesday,49573.59,39658.872
2024-01-16,ORD022306,CUST00949,P014,Keyboard,Electronics,Kolkata,Store,UPI,1,2691.77,0.05,2691.77,2557.18,0,237.24,2024,1,January,Tuesday,2691.77,2557.1814999999997
2024-01-16,ORD041948,CUST03241,P002,Smartphone,Electronics,Bengaluru,Online,Debit Card,1,25723.32,0.0,25723.32,25723.32,0,3708.3,2024,1,January,Tuesday,25723.32,25723.32
2024-01-16,ORD003040,CUST04683,P013,Monitor,Electronics,Hyderabad,Store,Net Banking,5,19100.2,0.0,95501.0,95501.0,0,15066.07,2024,1,January,Tuesday,95501.0,95501.0
2024-01-16,ORD005122,CUST02438,P017,Jeans,Fashion,Ahmedabad,Store,Credit Card,1,2921.33,0.15,2921.33,2483.13,0,511.63,2024,1,January,Tuesday,2921.33,2483.1304999999998
2024-01-16,ORD012111,CUST03108,P006,Desk,Furniture,Kolkata,Online,Credit Card,1,12868.98,0.05,12868.98,12225.53,0,3022.43,2024,1,January,Tuesday,12868.98,12225.530999999999
2024-01-16,ORD020027,CUST02060,P001,Laptop,Electronics,Mumbai,Online,Debit Card,1,70237.8,0.0,70237.8,70237.8,0,18462.94,2024,1,January,Tuesday,70237.8,70237.8
2024-01-16,ORD019933,CUST02608,P019,Vacuum Cleaner,Home,Pune,Online,Debit Card,1,9688.79,0.25,9688.79,7266.59,0,1426.15,2024,1,January,Tuesday,9688.79,7266.592500000001
2024-01-16,ORD017103,CUST04057,P002,Smartphone,Electronics,Surat,Store,Credit Card,1,29462.22,0.15,29462.22,25042.89,0,1464.52,2024,1,January,Tuesday,29462.22,25042.887
2024-01-16,ORD042398,CUST01872,P016,Sofa,Furniture,Chennai,Online,UPI,1,35905.03,0.0,35905.03,35905.03,0,7785.13,2024,1,January,Tuesday,35905.03,35905.03
2024-01-16,ORD021879,CUST04181,P011,Mixer Grinder,Home,Kolkata,Store,UPI,5,4955.37,0.05,24776.85,23538.01,0,3704.15,2024,1,January,Tuesday,24776.85,23538.007499999996
2024-01-16,ORD040422,CUST03138,P001,Laptop,Electronics,Hyderabad,Store,Net Banking,1,62781.12,0.15,62781.12,53363.95,1,-2668.2,2024,1,January,Tuesday,62781.12,53363.952
2024-01-16,ORD042270,CUST04915,P007,Backpack,Accessories,Mumbai,Store,Credit Card,1,2405.55,0.15,2405.55,2044.72,0,167.88,2024,1,January,Tuesday,2405.55,2044.7175000000002
2024-01-16,ORD038188,CUST00235,P014,Keyboard,Electronics,Mumbai,Online,UPI,3,2472.76,0.1,7418.28,6676.45,0,1627.37,2024,1,January,Tuesday,7418.280000000001,6676.452
2024-01-16,ORD040842,CUST01238,P019,Vacuum Cleaner,Home,Chennai,Store,Debit Card,1,9517.73,0.15,9517.73,8090.07,0,1798.24,2024,1,January,Tuesday,9517.73,8090.0705
2024-01-16,ORD017698,CUST02137,P005,Office Chair,Furniture,Surat,Online,Credit Card,4,8987.04,0.1,35948.16,32353.34,0,5083.83,2024,1,January,Tuesday,35948.16,32353.344000000005
2024-01-16,ORD004030,CUST00037,P007,Backpack,Accessories,Delhi,Online,Debit Card,1,2074.05,0.2,2074.05,1659.24,0,86.42,2024,1,January,Tuesday,2074.05,1659.2400000000002
2024-01-16,ORD016433,CUST00142,P011,Mixer Grinder,Home,Chennai,Online,Net Banking,1,4939.76,0.15,4939.76,4198.8,0,1130.39,2024,1,January,Tuesday,4939.76,4198.796
2024-01-16,ORD032976,CUST03796,P011,Mixer Grinder,Home,Surat,Store,Net Banking,1,5007.32,0.2,5007.32,4005.86,0,640.54,2024,1,January,Tuesday,5007.32,4005.8559999999998
2024-01-16,ORD034833,CUST01571,P017,Jeans,Fashion,Kolkata,Online,Cash,1,2878.81,0.05,2878.81,2734.87,0,658.1,2024,1,January,Tuesday,2878.81,2734.8695
2024-01-16,ORD028378,CUST00274,P004,Smartwatch,Electronics,Surat,Online,Net Banking,3,7472.29,0.1,22416.87,20175.18,0,3765.25,2024,1,January,Tuesday,22416.87,20175.183
2024-01-16,ORD007826,CUST01421,P008,Running Shoes,Fashion,Bengaluru,Online,Net Banking,1,3835.22,0.15,3835.22,3259.94,0,302.35,2024,1,January,Tuesday,3835.22,3259.937
2024-01-16,ORD034900,CUST02854,P001,Laptop,Electronics,Surat,Online,Net Banking,2,65831.03,0.15,131662.06,111912.75,0,12033.6,2024,1,January,Tuesday,131662.06,111912.75099999999
2024-01-16,ORD035163,CUST03382,P010,Coffee Maker,Home,Bengaluru,Online,UPI,1,5742.08,0.1,5742.08,5167.87,0,567.58,2024,1,January,Tuesday,5742.08,5167.872
2024-01-16,ORD015833,CUST03410,P019,Vacuum Cleaner,Home,Pune,Online,Debit Card,1,8989.05,0.15,8989.05,7640.69,0,1105.19,2024,1,January,Tuesday,8989.05,7640.692499999999
2024-01-16,ORD030552,CUST03091,P016,Sofa,Furniture,Mumbai,Online,Debit Card,1,38365.77,0.1,38365.77,34529.19,0,7923.4,2024,1,January,Tuesday,38365.77,34529.193
2024-01-16,ORD028774,CUST00127,P014,Keyboard,Electronics,Ahmedabad,Store,Credit Card,1,2310.48,0.25,2310.48,1732.86,0,69.31,2024,1,January,Tuesday,2310.48,1732.8600000000001
2024-01-16,ORD036689,CUST01389,P007,Backpack,Accessories,Hyderabad,Store,Credit Card,1,1995.69,0.1,1995.69,1796.12,0,174.85,2024,1,January,Tuesday,1995.69,1796.121
2024-01-16,ORD030024,CUST04021,P015,Dining Table,Furniture,Kolkata,Online,Cash,1,20091.54,0.0,20091.54,20091.54,0,6011.94,2024,1,January,Tuesday,20091.54,20091.54
2024-01-16,ORD010124,CUST01256,P002,Smartphone,Electronics,Hyderabad,Store,Cash,1,29050.7,0.25,29050.7,21788.02,0,4580.8,2024,1,January,Tuesday,29050.7,21788.025
2024-01-16,ORD033515,CUST00164,P012,Air Fryer,Home,Ahmedabad,Store,Net Banking,1,6949.56,0.15,6949.56,5907.13,0,310.59,2024,1,January,Tuesday,6949.56,5907.126
2024-01-16,ORD009996,CUST03538,P012,Air Fryer,Home,Jaipur,Online,UPI,1,6481.88,0.25,6481.88,4861.41,0,801.59,2024,1,January,Tuesday,6481.88,4861.41
2024-01-16,ORD009962,CUST03473,P003,Headphones,Electronics,Ahmedabad,Online,Debit Card,1,4538.77,0.15,4538.77,3857.95,0,518.11,2024,1,January,Tuesday,4538.77,3857.9545000000003
2024-01-16,ORD036018,CUST02325,P012,Air Fryer,Home,Kolkata,Online,Credit Card,1,6836.74,0.25,6836.74,5127.56,0,712.04,2024,1,January,Tuesday,6836.74,5127.555
2024-01-16,ORD032989,CUST00383,P017,Jeans,Fashion,Chennai,Store,Cash,2,2522.3,0.15,5044.6,4287.91,0,1061.18,2024,1,January,Tuesday,5044.6,4287.91
2024-01-16,ORD009445,CUST03914,P004,Smartwatch,Electronics,Ahmedabad,Online,UPI,2,6513.93,0.2,13027.86,10422.29,0,1170.93,2024,1,January,Tuesday,13027.86,10422.288
2024-01-16,ORD001861,CUST01426,P002,Smartphone,Electronics,Hyderabad,Online,UPI,1,27938.37,0.15,27938.37,23747.61,0,2032.06,2024,1,January,Tuesday,27938.37,23747.6145
2024-01-16,ORD001486,CUST02793,P012,Air Fryer,Home,Delhi,Store,Credit Card,1,7233.1,0.2,7233.1,5786.48,0,667.47,2024,1,January,Tuesday,7233.1,5786.4800000000005
2024-01-16,ORD031472,CUST01820,P008,Running Shoes,Fashion,Pune,Store,Credit Card,2,4187.22,0.15,8374.44,7118.27,0,1052.04,2024,1,January,Tuesday,8374.44,7118.274
2024-01-16,ORD007769,CUST02507,P001,Laptop,Electronics,Ahmedabad,Store,UPI,2,65174.78,0.0,130349.56,130349.56,0,18118.77,2024,1,January,Tuesday,130349.56,130349.56
2024-01-16,ORD031662,CUST00290,P011,Mixer Grinder,Home,Bengaluru,Store,UPI,1,4679.5,0.15,4679.5,3977.58,0,915.61,2024,1,January,Tuesday,4679.5,3977.575
2024-01-16,ORD028795,CUST00675,P017,Jeans,Fashion,Mumbai,Online,UPI,4,2947.95,0.05,11791.8,11202.21,0,2904.37,2024,1,January,Tuesday,11791.8,11202.21
2024-01-16,ORD030213,CUST04898,P019,Vacuum Cleaner,Home,Pune,Online,Credit Card,1,8346.62,0.05,8346.62,7929.29,0,1411.46,2024,1,January,Tuesday,8346.62,7929.289000000001
2024-01-16,ORD007656,CUST01348,P002,Smartphone,Electronics,Jaipur,Store,UPI,1,28995.54,0.15,28995.54,24646.21,0,3969.81,2024,1,January,Tuesday,28995.54,24646.209
2024-01-16,ORD023153,CUST02284,P016,Sofa,Furniture,Kolkata,Online,Credit Card,2,37511.87,0.1,75023.74,67521.37,0,8565.05,2024,1,January,Tuesday,75023.74,67521.36600000001
2024-01-16,ORD023184,CUST04657,P008,Running Shoes,Fashion,Delhi,Online,UPI,2,3854.09,0.1,7708.18,6937.36,0,689.15,2024,1,January,Tuesday,7708.18,6937.362
2024-01-16,ORD000894,CUST04583,P014,Keyboard,Electronics,Hyderabad,Online,Credit Card,1,2676.33,0.2,2676.33,2141.06,0,270.63,2024,1,January,Tuesday,2676.33,2141.064
2024-01-16,ORD047501,CUST02033,P014,Keyboard,Electronics,Jaipur,Store,Credit Card,1,2570.88,0.1,2570.88,2313.79,0,441.66,2024,1,January,Tuesday,2570.88,2313.7920000000004
2024-01-16,ORD034534,CUST02553,P016,Sofa,Furniture,Bengaluru,Online,Credit Card,1,35947.06,0.05,35947.06,34149.71,0,9254.97,2024,1,January,Tuesday,35947.06,34149.706999999995
2024-01-17,ORD021543,CUST00072,P008,Running Shoes,Fashion,Chennai,Store,UPI,3,3897.59,0.0,11692.77,11692.77,0,1447.43,2024,1,January,Wednesday,11692.77,11692.77
2024-01-17,ORD042188,CUST00833,P011,Mixer Grinder,Home,Pune,Online,UPI,1,4420.65,0.05,4420.65,4199.62,0,578.35,2024,1,January,Wednesday,4420.65,4199.617499999999
2024-01-17,ORD033248,CUST02177,P015,Dining Table,Furniture,Chennai,Online,Debit Card,3,20969.32,0.1,62907.96,56617.16,1,-2830.86,2024,1,January,Wednesday,62907.96,56617.164
2024-01-17,ORD045384,CUST01784,P013,Monitor,Electronics,Mumbai,Store,UPI,1,19362.88,0.15,19362.88,16458.45,0,1941.55,2024,1,January,Wednesday,19362.88,16458.448
2024-01-17,ORD007117,CUST03926,P012,Air Fryer,Home,Mumbai,Online,Cash,3,7522.94,0.0,22568.82,22568.82,0,4409.7,2024,1,January,Wednesday,22568.82,22568.82
2024-01-17,ORD019818,CUST03217,P003,Headphones,Electronics,Bengaluru,Store,Debit Card,1,4082.54,0.0,4082.54,4082.54,0,1135.24,2024,1,January,Wednesday,4082.54,4082.54
2024-01-17,ORD010791,CUST04638,P011,Mixer Grinder,Home,Kolkata,Store,Credit Card,4,5163.27,0.0,20653.08,20653.08,0,4180.71,2024,1,January,Wednesday,20653.08,20653.08
2024-01-17,ORD018573,CUST02794,P019,Vacuum Cleaner,Home,Ahmedabad,Online,UPI,3,9109.31,0.05,27327.93,25961.53,0,3639.99,2024,1,January,Wednesday,27327.93,25961.533499999998
2024-01-17,ORD008683,CUST03324,P002,Smartphone,Electronics,Bengaluru,Store,Debit Card,3,29167.77,0.1,87503.31,78752.98,0,16978.95,2024,1,January,Wednesday,87503.31,78752.979
2024-01-17,ORD012149,CUST03439,P008,Running Shoes,Fashion,Pune,Store,UPI,2,4516.62,0.15,9033.24,7678.25,0,965.76,2024,1,January,Wednesday,9033.24,7678.254
2024-01-17,ORD018555,CUST00001,P016,Sofa,Furniture,Bengaluru,Online,UPI,1,31732.06,0.1,31732.06,28558.85,0,4536.6,2024,1,January,Wednesday,31732.06,28558.854000000003
2024-01-17,ORD008637,CUST03383,P002,Smartphone,Electronics,Jaipur,Online,Credit Card,1,30092.89,0.15,30092.89,25578.96,0,4698.87,2024,1,January,Wednesday,30092.89,25578.9565
2024-01-17,ORD024828,CUST04562,P003,Headphones,Electronics,Bengaluru,Online,UPI,1,4064.58,0.0,4064.58,4064.58,1,-203.23,2024,1,January,Wednesday,4064.58,4064.58
2024-01-17,ORD024550,CUST04131,P014,Keyboard,Electronics,Chennai,Store,Net Banking,1,2446.51,0.0,2446.51,2446.51,0,225.2,2024,1,January,Wednesday,2446.51,2446.51
2024-01-17,ORD041789,CUST03096,P015,Dining Table,Furniture,Pune,Online,UPI,2,22913.92,0.1,45827.84,41245.06,0,11500.24,2024,1,January,Wednesday,45827.84,41245.056
2024-01-17,ORD001533,CUST03255,P013,Monitor,Electronics,Chennai,Store,Credit Card,2,17738.39,0.2,35476.78,28381.42,0,4072.44,2024,1,January,Wednesday,35476.78,28381.424
2024-01-17,ORD012197,CUST02975,P020,Microwave,Home,Delhi,Store,Net Banking,3,9990.11,0.05,29970.33,28471.81,0,7367.96,2024,1,January,Wednesday,29970.33,28471.8135
2024-01-17,ORD042008,CUST03848,P012,Air Fryer,Home,Mumbai,Online,Debit Card,1,6940.32,0.0,6940.32,6940.32,0,660.8,2024,1,January,Wednesday,6940.32,6940.32
2024-01-17,ORD040107,CUST03753,P018,Jacket,Fashion,Hyderabad,Online,Net Banking,1,5548.22,0.1,5548.22,4993.4,0,581.89,2024,1,January,Wednesday,5548.22,4993.398
2024-01-17,ORD028477,CUST00907,P001,Laptop,Electronics,Jaipur,Online,Debit Card,1,62397.97,0.25,62397.97,46798.48,0,10829.65,2024,1,January,Wednesday,62397.97,46798.4775
2024-01-17,ORD012465,CUST04876,P018,Jacket,Fashion,Hyderabad,Online,Debit Card,1,5246.06,0.05,5246.06,4983.76,1,-249.19,2024,1,January,Wednesday,5246.06,4983.7570000000005
2024-01-17,ORD030698,CUST01230,P011,Mixer Grinder,Home,Bengaluru,Store,UPI,1,4932.39,0.0,4932.39,4932.39,0,1305.94,2024,1,January,Wednesday,4932.39,4932.39
2024-01-17,ORD020911,CUST02920,P018,Jacket,Fashion,Kolkata,Online,Cash,1,5208.75,0.05,5208.75,4948.31,0,693.69,2024,1,January,Wednesday,5208.75,4948.3125
2024-01-17,ORD042086,CUST03500,P006,Desk,Furniture,Hyderabad,Store,UPI,1,11834.06,0.05,11834.06,11242.36,0,2892.07,2024,1,January,Wednesday,11834.06,11242.356999999998
2024-01-17,ORD047232,CUST01344,P006,Desk,Furniture,Jaipur,Online,Debit Card,1,12117.56,0.1,12117.56,10905.8,0,1895.29,2024,1,January,Wednesday,12117.56,10905.804
2024-01-17,ORD028271,CUST03518,P003,Headphones,Electronics,Hyderabad,Online,UPI,1,4804.67,0.2,4804.67,3843.74,0,568.7,2024,1,January,Wednesday,4804.67,3843.7360000000003
2024-01-17,ORD035245,CUST02806,P003,Headphones,Electronics,Chennai,Store,Credit Card,1,4688.06,0.25,4688.06,3516.04,0,870.14,2024,1,January,Wednesday,4688.06,3516.045
2024-01-17,ORD013208,CUST00036,P018,Jacket,Fashion,Delhi,Store,UPI,3,4936.4,0.15,14809.2,12587.82,0,968.59,2024,1,January,Wednesday,14809.199999999999,12587.82
2024-01-17,ORD025503,CUST00871,P015,Dining Table,Furniture,Chennai,Store,UPI,4,21601.37,0.1,86405.48,77764.93,0,6155.76,2024,1,January,Wednesday,86405.48,77764.932
2024-01-17,ORD018088,CUST02127,P015,Dining Table,Furniture,Bengaluru,Store,Credit Card,2,23269.96,0.1,46539.92,41885.93,0,11197.03,2024,1,January,Wednesday,46539.92,41885.928
2024-01-17,ORD003528,CUST03974,P012,Air Fryer,Home,Bengaluru,Online,Debit Card,1,7486.67,0.05,7486.67,7112.34,0,2011.65,2024,1,January,Wednesday,7486.67,7112.336499999999
2024-01-17,ORD001805,CUST04619,P002,Smartphone,Electronics,Delhi,Online,Credit Card,1,27883.76,0.15,27883.76,23701.2,0,3079.84,2024,1,January,Wednesday,27883.76,23701.195999999996
2024-01-17,ORD007421,CUST04685,P020,Microwave,Home,Mumbai,Online,Credit Card,2,10226.13,0.15,20452.26,17384.42,0,4640.73,2024,1,January,Wednesday,20452.26,17384.421
2024-01-17,ORD023810,CUST04795,P016,Sofa,Furniture,Pune,Store,Net Banking,1,35248.34,0.05,35248.34,33485.92,0,7480.4,2024,1,January,Wednesday,35248.34,33485.922999999995
2024-01-17,ORD002012,CUST01647,P016,Sofa,Furniture,Kolkata,Store,UPI,3,33067.64,0.0,99202.92,99202.92,0,18540.79,2024,1,January,Wednesday,99202.92,99202.92
2024-01-17,ORD014166,CUST02355,P009,T-Shirt,Fashion,Pune,Online,UPI,1,1301.95,0.15,1301.95,1106.66,0,214.42,2024,1,January,Wednesday,1301.95,1106.6575
2024-01-17,ORD032049,CUST01953,P018,Jacket,Fashion,Bengaluru,Online,Debit Card,1,5135.79,0.15,5135.79,4365.42,0,262.73,2024,1,January,Wednesday,5135.79,4365.4214999999995
2024-01-17,ORD013660,CUST00789,P017,Jeans,Fashion,Delhi,Online,Credit Card,2,2658.97,0.15,5317.94,4520.25,0,736.53,2024,1,January,Wednesday,5317.94,4520.249
2024-01-17,ORD043660,CUST02533,P008,Running Shoes,Fashion,Kolkata,Online,Credit Card,4,4040.0,0.0,16160.0,16160.0,0,1787.7,2024,1,January,Wednesday,16160.0,16160.0
2024-01-17,ORD011726,CUST02184,P017,Jeans,Fashion,Jaipur,Online,Debit Card,5,2933.35,0.1,14666.75,13200.08,0,2693.77,2024,1,January,Wednesday,14666.75,13200.075
2024-01-17,ORD027038,CUST04349,P017,Jeans,Fashion,Kolkata,Store,UPI,1,2717.62,0.25,2717.62,2038.22,0,387.27,2024,1,January,Wednesday,2717.62,2038.215
2024-01-17,ORD001384,CUST02872,P001,Laptop,Electronics,Bengaluru,Store,UPI,1,69513.72,0.05,69513.72,66038.03,0,16572.77,2024,1,January,Wednesday,69513.72,66038.034
2024-01-17,ORD029186,CUST00026,P010,Coffee Maker,Home,Pune,Online,Credit Card,1,5720.57,0.0,5720.57,5720.57,0,520.7,2024,1,January,Wednesday,5720.57,5720.57
2024-01-17,ORD037524,CUST04314,P009,T-Shirt,Fashion,Surat,Online,Cash,1,1246.97,0.0,1246.97,1246.97,0,164.52,2024,1,January,Wednesday,1246.97,1246.97
2024-01-17,ORD002034,CUST00324,P018,Jacket,Fashion,Chennai,Store,UPI,1,4893.34,0.05,4893.34,4648.67,0,1279.97,2024,1,January,Wednesday,4893.34,4648.673
2024-01-17,ORD041115,CUST01249,P020,Microwave,Home,Bengaluru,Online,Debit Card,2,9997.86,0.15,19995.72,16996.36,0,3030.57,2024,1,January,Wednesday,19995.72,16996.362
2024-01-17,ORD043867,CUST03794,P010,Coffee Maker,Home,Delhi,Store,Cash,1,5072.75,0.0,5072.75,5072.75,0,1058.96,2024,1,January,Wednesday,5072.75,5072.75
2024-01-17,ORD037042,CUST03595,P015,Dining Table,Furniture,Hyderabad,Online,Credit Card,2,21941.29,0.05,43882.58,41688.45,0,7652.0,2024,1,January,Wednesday,43882.58,41688.451
2024-01-17,ORD019239,CUST01774,P003,Headphones,Electronics,Ahmedabad,Online,UPI,2,4616.29,0.1,9232.58,8309.32,0,1361.0,2024,1,January,Wednesday,9232.58,8309.322
2024-01-17,ORD043819,CUST02552,P002,Smartphone,Electronics,Mumbai,Store,Credit Card,1,28468.53,0.25,28468.53,21351.4,0,5222.28,2024,1,January,Wednesday,28468.53,21351.3975
2024-01-17,ORD008917,CUST01979,P019,Vacuum Cleaner,Home,Chennai,Store,UPI,3,8588.32,0.15,25764.96,21900.22,0,2089.17,2024,1,January,Wednesday,25764.96,21900.216
2024-01-17,ORD029334,CUST02099,P003,Headphones,Electronics,Kolkata,Online,UPI,1,4662.2,0.1,4662.2,4195.98,0,926.32,2024,1,January,Wednesday,4662.2,4195.98
2024-01-17,ORD036611,CUST03100,P004,Smartwatch,Electronics,Jaipur,Online,Debit Card,1,7441.5,0.0,7441.5,7441.5,0,1534.97,2024,1,January,Wednesday,7441.5,7441.5
2024-01-17,ORD046178,CUST01819,P020,Microwave,Home,Surat,Online,UPI,5,10926.03,0.05,54630.15,51898.64,0,12019.74,2024,1,January,Wednesday,54630.15,51898.6425
2024-01-17,ORD010999,CUST00456,P009,T-Shirt,Fashion,Bengaluru,Store,Net Banking,5,1102.56,0.2,5512.8,4410.24,0,778.23,2024,1,January,Wednesday,5512.799999999999,4410.240000000001
2024-01-17,ORD003983,CUST04466,P010,Coffee Maker,Home,Pune,Online,Debit Card,1,5501.7,0.0,5501.7,5501.7,0,761.79,2024,1,January,Wednesday,5501.7,5501.7
2024-01-17,ORD043162,CUST02596,P008,Running Shoes,Fashion,Kolkata,Store,Net Banking,1,4399.37,0.2,4399.37,3519.5,0,890.61,2024,1,January,Wednesday,4399.37,3519.496
2024-01-17,ORD032681,CUST04537,P002,Smartphone,Electronics,Kolkata,Store,UPI,4,28760.12,0.0,115040.48,115040.48,0,21805.57,2024,1,January,Wednesday,115040.48,115040.48
2024-01-17,ORD036314,CUST02849,P007,Backpack,Accessories,Bengaluru,Online,UPI,1,2116.38,0.1,2116.38,1904.74,0,150.33,2024,1,January,Wednesday,2116.38,1904.7420000000002
2024-01-17,ORD019604,CUST01118,P008,Running Shoes,Fashion,Hyderabad,Store,Debit Card,1,3836.45,0.05,3836.45,3644.63,0,308.56,2024,1,January,Wednesday,3836.45,3644.6274999999996
2024-01-17,ORD031287,CUST00966,P010,Coffee Maker,Home,Ahmedabad,Online,UPI,3,5681.4,0.1,17044.2,15339.78,0,2353.6,2024,1,January,Wednesday,17044.199999999997,15339.78
2024-01-17,ORD029372,CUST03684,P001,Laptop,Electronics,Bengaluru,Store,UPI,4,62217.71,0.1,248870.84,223983.76,0,55508.24,2024,1,January,Wednesday,248870.84,223983.756
2024-01-17,ORD014953,CUST04615,P014,Keyboard,Electronics,Kolkata,Online,Debit Card,3,2610.31,0.1,7830.93,7047.84,0,1049.79,2024,1,January,Wednesday,7830.93,7047.837
2024-01-17,ORD029476,CUST01978,P020,Microwave,Home,Jaipur,Online,UPI,1,10243.23,0.0,10243.23,10243.23,0,2005.99,2024,1,January,Wednesday,10243.23,10243.23
2024-01-17,ORD021604,CUST03607,P006,Desk,Furniture,Mumbai,Online,Credit Card,1,12715.12,0.1,12715.12,11443.61,0,2747.77,2024,1,January,Wednesday,12715.12,11443.608
2024-01-17,ORD013072,CUST02981,P005,Office Chair,Furniture,Hyderabad,Online,UPI,1,9294.22,0.0,9294.22,9294.22,0,1699.87,2024,1,January,Wednesday,9294.22,9294.22
2024-01-17,ORD026651,CUST01828,P014,Keyboard,Electronics,Kolkata,Store,UPI,2,2350.89,0.05,4701.78,4466.69,0,386.37,2024,1,January,Wednesday,4701.78,4466.691
2024-01-18,ORD014475,CUST04356,P014,Keyboard,Electronics,Mumbai,Store,Debit Card,1,2602.28,0.05,2602.28,2472.17,1,-123.61,2024,1,January,Thursday,2602.28,2472.166
2024-01-18,ORD000810,CUST01189,P013,Monitor,Electronics,Surat,Store,UPI,1,16437.21,0.1,16437.21,14793.49,0,2213.54,2024,1,January,Thursday,16437.21,14793.489
2024-01-18,ORD020759,CUST00431,P017,Jeans,Fashion,Pune,Store,Credit Card,1,2711.72,0.15,2711.72,2304.96,0,345.75,2024,1,January,Thursday,2711.72,2304.962
2024-01-18,ORD012374,CUST04124,P015,Dining Table,Furniture,Ahmedabad,Online,Debit Card,3,22800.04,0.2,68400.12,54720.1,0,13691.82,2024,1,January,Thursday,68400.12,54720.096
2024-01-18,ORD012956,CUST03170,P006,Desk,Furniture,Kolkata,Store,Cash,1,12464.35,0.15,12464.35,10594.7,0,2377.27,2024,1,January,Thursday,12464.35,10594.6975
2024-01-18,ORD009492,CUST00937,P013,Monitor,Electronics,Jaipur,Online,Credit Card,1,17348.39,0.2,17348.39,13878.71,0,2527.3,2024,1,January,Thursday,17348.39,13878.712
2024-01-18,ORD017155,CUST01175,P010,Coffee Maker,Home,Hyderabad,Online,Credit Card,1,6032.66,0.0,6032.66,6032.66,0,846.64,2024,1,January,Thursday,6032.66,6032.66
2024-01-18,ORD041834,CUST00560,P006,Desk,Furniture,Mumbai,Online,Credit Card,3,12250.3,0.0,36750.9,36750.9,1,-1837.54,2024,1,January,Thursday,36750.899999999994,36750.9
2024-01-18,ORD014549,CUST02204,P003,Headphones,Electronics,Jaipur,Online,Credit Card,1,4926.55,0.1,4926.55,4433.9,0,335.95,2024,1,January,Thursday,4926.55,4433.895
2024-01-18,ORD006729,CUST00771,P020,Microwave,Home,Delhi,Online,Net Banking,1,10955.85,0.05,10955.85,10408.06,0,2092.48,2024,1,January,Thursday,10955.85,10408.057499999999
2024-01-18,ORD040578,CUST00042,P020,Microwave,Home,Kolkata,Online,Credit Card,2,9904.42,0.15,19808.84,16837.51,0,1409.34,2024,1,January,Thursday,19808.84,16837.514
2024-01-18,ORD007291,CUST03444,P018,Jacket,Fashion,Delhi,Online,Credit Card,1,4975.95,0.05,4975.95,4727.15,0,689.55,2024,1,January,Thursday,4975.95,4727.152499999999
2024-01-18,ORD039924,CUST03677,P005,Office Chair,Furniture,Delhi,Online,UPI,3,9025.62,0.05,27076.86,25723.02,0,4459.87,2024,1,January,Thursday,27076.86,25723.017
2024-01-18,ORD003628,CUST01486,P006,Desk,Furniture,Pune,Online,Credit Card,5,11462.31,0.0,57311.55,57311.55,0,12368.85,2024,1,January,Thursday,57311.549999999996,57311.55
2024-01-18,ORD031427,CUST03045,P004,Smartwatch,Electronics,Jaipur,Online,UPI,1,6572.8,0.05,6572.8,6244.16,0,730.36,2024,1,January,Thursday,6572.8,6244.16
2024-01-18,ORD032336,CUST00082,P012,Air Fryer,Home,Ahmedabad,Online,Net Banking,2,7520.0,0.15,15040.0,12784.0,0,1052.34,2024,1,January,Thursday,15040.0,12784.0
2024-01-18,ORD015734,CUST01592,P002,Smartphone,Electronics,Kolkata,Online,Credit Card,1,30243.62,0.1,30243.62,27219.26,0,2541.24,2024,1,January,Thursday,30243.62,27219.257999999998
2024-01-18,ORD044060,CUST00546,P005,Office Chair,Furniture,Surat,Store,Net Banking,5,9254.79,0.25,46273.95,34705.46,0,1388.22,2024,1,January,Thursday,46273.950000000004,34705.462499999994
2024-01-18,ORD048662,CUST03165,P016,Sofa,Furniture,Ahmedabad,Store,UPI,1,37603.64,0.15,37603.64,31963.09,0,4013.94,2024,1,January,Thursday,37603.64,31963.093999999997
2024-01-18,ORD041880,CUST01316,P015,Dining Table,Furniture,Pune,Online,UPI,2,21995.15,0.2,43990.3,35192.24,0,7813.96,2024,1,January,Thursday,43990.3,35192.240000000005
2024-01-18,ORD033764,CUST00839,P016,Sofa,Furniture,Mumbai,Online,Credit Card,1,33817.83,0.1,33817.83,30436.05,0,7837.43,2024,1,January,Thursday,33817.83,30436.047000000002
2024-01-18,ORD048734,CUST03511,P014,Keyboard,Electronics,Mumbai,Online,Credit Card,1,2402.48,0.0,2402.48,2402.48,0,454.72,2024,1,January,Thursday,2402.48,2402.48
2024-01-18,ORD018780,CUST04901,P006,Desk,Furniture,Mumbai,Online,Cash,2,12543.94,0.05,25087.88,23833.49,1,-1191.67,2024,1,January,Thursday,25087.88,23833.486
2024-01-18,ORD034942,CUST04239,P005,Office Chair,Furniture,Chennai,Online,Credit Card,2,10016.73,0.05,20033.46,19031.79,1,-951.59,2024,1,January,Thursday,20033.46,19031.786999999997
2024-01-18,ORD034266,CUST04666,P018,Jacket,Fashion,Pune,Online,Credit Card,2,4785.34,0.1,9570.68,8613.61,0,1682.97,2024,1,January,Thursday,9570.68,8613.612000000001
2024-01-18,ORD036004,CUST00321,P002,Smartphone,Electronics,Pune,Online,UPI,1,27819.19,0.05,27819.19,26428.23,0,4856.5,2024,1,January,Thursday,27819.19,26428.230499999998
2024-01-18,ORD004805,CUST03314,P012,Air Fryer,Home,Pune,Online,UPI,1,7818.03,0.15,7818.03,6645.33,0,894.07,2024,1,January,Thursday,7818.03,6645.3255
2024-01-18,ORD036148,CUST02163,P001,Laptop,Electronics,Mumbai,Online,Credit Card,1,60010.93,0.1,60010.93,54009.84,0,11643.98,2024,1,January,Thursday,60010.93,54009.837
2024-01-18,ORD003021,CUST00748,P017,Jeans,Fashion,Bengaluru,Store,Debit Card,3,2812.38,0.0,8437.14,8437.14,0,1796.0,2024,1,January,Thursday,8437.14,8437.14
2024-01-18,ORD008303,CUST04794,P002,Smartphone,Electronics,Hyderabad,Online,Credit Card,2,29196.06,0.1,58392.12,52552.91,0,9314.08,2024,1,January,Thursday,58392.12,52552.908
2024-01-18,ORD028506,CUST02969,P012,Air Fryer,Home,Hyderabad,Online,Net Banking,1,7112.56,0.05,7112.56,6756.93,0,1746.09,2024,1,January,Thursday,7112.56,6756.932
2024-01-18,ORD038295,CUST02982,P020,Microwave,Home,Pune,Store,UPI,2,10057.72,0.05,20115.44,19109.67,0,4669.19,2024,1,January,Thursday,20115.44,19109.667999999998
2024-01-18,ORD016272,CUST00804,P013,Monitor,Electronics,Kolkata,Store,Credit Card,3,16504.44,0.0,49513.32,49513.32,0,9110.03,2024,1,January,Thursday,49513.31999999999,49513.32
2024-01-18,ORD021735,CUST00707,P006,Desk,Furniture,Surat,Online,Credit Card,1,13153.04,0.15,13153.04,11180.08,0,1289.42,2024,1,January,Thursday,13153.04,11180.084
2024-01-18,ORD036459,CUST01235,P011,Mixer Grinder,Home,Ahmedabad,Store,Credit Card,1,4908.16,0.1,4908.16,4417.34,0,474.5,2024,1,January,Thursday,4908.16,4417.344
2024-01-18,ORD038219,CUST04241,P013,Monitor,Electronics,Surat,Store,Cash,1,18258.92,0.15,18258.92,15520.08,0,1994.04,2024,1,January,Thursday,18258.92,15520.081999999999
2024-01-18,ORD021760,CUST02128,P011,Mixer Grinder,Home,Delhi,Online,Debit Card,2,4801.44,0.05,9602.88,9122.74,0,993.38,2024,1,January,Thursday,9602.88,9122.735999999999
2024-01-18,ORD028645,CUST01024,P013,Monitor,Electronics,Ahmedabad,Online,Net Banking,1,16547.16,0.05,16547.16,15719.8,0,4391.51,2024,1,January,Thursday,16547.16,15719.802
2024-01-18,ORD029322,CUST02720,P018,Jacket,Fashion,Mumbai,Online,Credit Card,1,5597.31,0.15,5597.31,4757.71,0,965.98,2024,1,January,Thursday,5597.31,4757.7135
2024-01-18,ORD017206,CUST00977,P002,Smartphone,Electronics,Mumbai,Online,Debit Card,2,27272.09,0.15,54544.18,46362.55,0,10503.5,2024,1,January,Thursday,54544.18,46362.553
2024-01-18,ORD013777,CUST00873,P007,Backpack,Accessories,Bengaluru,Online,Debit Card,2,2312.9,0.1,4625.8,4163.22,0,688.31,2024,1,January,Thursday,4625.8,4163.22
2024-01-18,ORD023417,CUST01119,P011,Mixer Grinder,Home,Mumbai,Online,Net Banking,2,4325.14,0.1,8650.28,7785.25,0,1497.88,2024,1,January,Thursday,8650.28,7785.252
2024-01-18,ORD022432,CUST01000,P015,Dining Table,Furniture,Jaipur,Store,Cash,1,23570.17,0.05,23570.17,22391.66,0,3268.48,2024,1,January,Thursday,23570.17,22391.6615
2024-01-18,ORD046376,CUST00613,P002,Smartphone,Electronics,Ahmedabad,Store,UPI,2,27014.45,0.1,54028.9,48626.01,0,4157.04,2024,1,January,Thursday,54028.9,48626.01
2024-01-18,ORD002092,CUST01518,P018,Jacket,Fashion,Kolkata,Online,Debit Card,1,4897.77,0.05,4897.77,4652.88,1,-232.64,2024,1,January,Thursday,4897.77,4652.8815
2024-01-18,ORD037326,CUST03697,P010,Coffee Maker,Home,Jaipur,Store,Debit Card,1,5738.84,0.15,5738.84,4878.01,0,460.8,2024,1,January,Thursday,5738.84,4878.014
2024-01-18,ORD022981,CUST03126,P009,T-Shirt,Fashion,Kolkata,Online,UPI,3,1285.59,0.2,3856.77,3085.42,0,432.26,2024,1,January,Thursday,3856.7699999999995,3085.416
2024-01-18,ORD017387,CUST02024,P003,Headphones,Electronics,Surat,Store,Debit Card,1,4340.71,0.1,4340.71,3906.64,0,476.61,2024,1,January,Thursday,4340.71,3906.639
2024-01-18,ORD018155,CUST01861,P003,Headphones,Electronics,Hyderabad,Online,Debit Card,1,4386.3,0.25,4386.3,3289.73,1,-164.49,2024,1,January,Thursday,4386.3,3289.7250000000004
2024-01-18,ORD035864,CUST00096,P013,Monitor,Electronics,Ahmedabad,Online,UPI,1,17035.69,0.1,17035.69,15332.12,0,4128.0,2024,1,January,Thursday,17035.69,15332.121
2024-01-18,ORD038367,CUST01635,P002,Smartphone,Electronics,Hyderabad,Online,UPI,1,25335.23,0.25,25335.23,19001.42,0,4534.24,2024,1,January,Thursday,25335.23,19001.4225
2024-01-18,ORD035318,CUST04715,P003,Headphones,Electronics,Kolkata,Online,UPI,3,4630.04,0.1,13890.12,12501.11,0,2480.9,2024,1,January,Thursday,13890.119999999999,12501.108
2024-01-18,ORD045707,CUST03733,P018,Jacket,Fashion,Pune,Online,Debit Card,2,5347.53,0.1,10695.06,9625.55,0,888.35,2024,1,January,Thursday,10695.06,9625.554
2024-01-18,ORD045681,CUST00651,P014,Keyboard,Electronics,Ahmedabad,Online,Debit Card,1,2253.8,0.1,2253.8,2028.42,0,552.92,2024,1,January,Thursday,2253.8,2028.4200000000003
2024-01-18,ORD010562,CUST00408,P013,Monitor,Electronics,Hyderabad,Store,Credit Card,2,17360.1,0.0,34720.2,34720.2,0,8208.92,2024,1,January,Thursday,34720.2,34720.2
2024-01-18,ORD013393,CUST00752,P001,Laptop,Electronics,Surat,Online,UPI,2,59333.63,0.0,118667.26,118667.26,0,33391.06,2024,1,January,Thursday,118667.26,118667.26
2024-01-18,ORD041260,CUST03298,P009,T-Shirt,Fashion,Kolkata,Store,Credit Card,2,1274.71,0.15,2549.42,2167.01,0,525.09,2024,1,January,Thursday,2549.42,2167.007
2024-01-18,ORD028412,CUST04408,P002,Smartphone,Electronics,Surat,Online,UPI,3,29796.63,0.2,89389.89,71511.91,0,11705.68,2024,1,January,Thursday,89389.89,71511.912
2024-01-18,ORD049604,CUST01503,P014,Keyboard,Electronics,Hyderabad,Online,UPI,1,2399.43,0.15,2399.43,2039.52,0,497.35,2024,1,January,Thursday,2399.43,2039.5154999999997
2024-01-18,ORD024642,CUST03399,P016,Sofa,Furniture,Ahmedabad,Online,Credit Card,5,37929.69,0.05,189648.45,180166.03,0,30777.06,2024,1,January,Thursday,189648.45,180166.0275
2024-01-18,ORD028489,CUST00032,P017,Jeans,Fashion,Kolkata,Online,Credit Card,1,3079.41,0.15,3079.41,2617.5,0,648.51,2024,1,January,Thursday,3079.41,2617.4984999999997
2024-01-18,ORD007792,CUST03484,P020,Microwave,Home,Pune,Store,UPI,1,10835.8,0.1,10835.8,9752.22,0,1890.14,2024,1,January,Thursday,10835.8,9752.22
2024-01-18,ORD012189,CUST01903,P011,Mixer Grinder,Home,Surat,Online,Credit Card,2,4562.24,0.05,9124.48,8668.26,0,1750.23,2024,1,January,Thursday,9124.48,8668.256
2024-01-18,ORD006061,CUST04239,P014,Keyboard,Electronics,Bengaluru,Store,UPI,1,2615.61,0.05,2615.61,2484.83,0,319.13,2024,1,January,Thursday,2615.61,2484.8295
2024-01-18,ORD029601,CUST03713,P006,Desk,Furniture,Pune,Online,Debit Card,1,13075.04,0.05,13075.04,12421.29,0,2327.82,2024,1,January,Thursday,13075.04,12421.288
2024-01-18,ORD003131,CUST02173,P001,Laptop,Electronics,Jaipur,Store,UPI,1,64107.37,0.15,64107.37,54491.26,0,8978.81,2024,1,January,Thursday,64107.37,54491.2645
2024-01-18,ORD045503,CUST02867,P004,Smartwatch,Electronics,Ahmedabad,Store,Debit Card,1,7468.39,0.1,7468.39,6721.55,0,1374.51,2024,1,January,Thursday,7468.39,6721.551
2024-01-19,ORD041321,CUST02276,P013,Monitor,Electronics,Mumbai,Store,Debit Card,1,17340.83,0.15,17340.83,14739.71,0,3797.72,2024,1,January,Friday,17340.83,14739.705500000002
2024-01-19,ORD028023,CUST01689,P020,Microwave,Home,Surat,Online,UPI,1,12027.63,0.1,12027.63,10824.87,0,874.31,2024,1,January,Friday,12027.63,10824.867
2024-01-19,ORD029072,CUST04752,P002,Smartphone,Electronics,Kolkata,Online,Net Banking,1,27994.06,0.0,27994.06,27994.06,0,4198.44,2024,1,January,Friday,27994.06,27994.06
2024-01-19,ORD015278,CUST01180,P007,Backpack,Accessories,Mumbai,Online,Debit Card,1,2141.24,0.2,2141.24,1712.99,0,99.11,2024,1,January,Friday,2141.24,1712.992
2024-01-19,ORD002705,CUST02585,P008,Running Shoes,Fashion,Ahmedabad,Online,UPI,1,4222.34,0.2,4222.34,3377.87,0,266.08,2024,1,January,Friday,4222.34,3377.8720000000003
2024-01-19,ORD042200,CUST02159,P007,Backpack,Accessories,Chennai,Online,UPI,1,1990.11,0.05,1990.11,1890.6,1,-94.53,2024,1,January,Friday,1990.11,1890.6045
2024-01-19,ORD041349,CUST01849,P001,Laptop,Electronics,Jaipur,Store,Credit Card,1,69099.67,0.15,69099.67,58734.72,0,8905.39,2024,1,January,Friday,69099.67,58734.7195
2024-01-19,ORD029196,CUST04887,P013,Monitor,Electronics,Pune,Online,Credit Card,1,18424.56,0.0,18424.56,18424.56,0,2790.26,2024,1,January,Friday,18424.56,18424.56
2024-01-19,ORD009593,CUST04469,P003,Headphones,Electronics,Delhi,Online,UPI,1,4188.14,0.1,4188.14,3769.33,0,728.68,2024,1,January,Friday,4188.14,3769.3260000000005
2024-01-19,ORD043938,CUST01773,P005,Office Chair,Furniture,Surat,Online,UPI,1,9737.29,0.0,9737.29,9737.29,0,916.81,2024,1,January,Friday,9737.29,9737.29
2024-01-19,ORD047029,CUST00557,P013,Monitor,Electronics,Chennai,Store,UPI,1,19261.38,0.1,19261.38,17335.24,0,3114.92,2024,1,January,Friday,19261.38,17335.242000000002
2024-01-19,ORD001647,CUST01642,P001,Laptop,Electronics,Hyderabad,Online,Credit Card,1,64680.17,0.05,64680.17,61446.16,0,7116.81,2024,1,January,Friday,64680.17,61446.161499999995
2024-01-19,ORD043052,CUST00024,P011,Mixer Grinder,Home,Surat,Online,Debit Card,1,5129.56,0.05,5129.56,4873.08,0,750.74,2024,1,January,Friday,5129.56,4873.082
2024-01-19,ORD029801,CUST02782,P018,Jacket,Fashion,Delhi,Online,Net Banking,4,4894.31,0.1,19577.24,17619.52,0,2350.27,2024,1,January,Friday,19577.24,17619.516000000003
2024-01-19,ORD027404,CUST02650,P009,T-Shirt,Fashion,Ahmedabad,Online,Debit Card,1,1100.66,0.05,1100.66,1045.63,0,271.23,2024,1,January,Friday,1100.66,1045.627
2024-01-19,ORD029480,CUST03007,P020,Microwave,Home,Chennai,Store,Cash,1,12000.62,0.05,12000.62,11400.59,0,1253.64,2024,1,January,Friday,12000.62,11400.589
2024-01-19,ORD008512,CUST03913,P014,Keyboard,Electronics,Kolkata,Online,Credit Card,2,2620.35,0.15,5240.7,4454.59,0,1127.38,2024,1,January,Friday,5240.7,4454.594999999999
2024-01-19,ORD003433,CUST01311,P006,Desk,Furniture,Chennai,Online,UPI,2,11447.8,0.1,22895.6,20606.04,0,5130.83,2024,1,January,Friday,22895.6,20606.04
2024-01-19,ORD009530,CUST03805,P001,Laptop,Electronics,Kolkata,Store,Credit Card,1,64695.93,0.05,64695.93,61461.13,0,9617.72,2024,1,January,Friday,64695.93,61461.133499999996
2024-01-19,ORD042453,CUST00553,P004,Smartwatch,Electronics,Surat,Online,UPI,2,6906.74,0.1,13813.48,12432.13,0,2508.8,2024,1,January,Friday,13813.48,12432.132
2024-01-19,ORD017783,CUST00336,P012,Air Fryer,Home,Pune,Online,UPI,1,7446.52,0.1,7446.52,6701.87,0,550.93,2024,1,January,Friday,7446.52,6701.868
2024-01-19,ORD013074,CUST00809,P003,Headphones,Electronics,Delhi,Online,UPI,3,4297.35,0.05,12892.05,12247.45,0,2649.21,2024,1,January,Friday,12892.050000000001,12247.447499999998
2024-01-19,ORD042917,CUST01134,P005,Office Chair,Furniture,Hyderabad,Store,UPI,4,8714.07,0.1,34856.28,31370.65,0,2561.48,2024,1,January,Friday,34856.28,31370.652
2024-01-19,ORD015185,CUST04842,P015,Dining Table,Furniture,Mumbai,Online,UPI,1,20488.67,0.0,20488.67,20488.67,0,3112.14,2024,1,January,Friday,20488.67,20488.67
2024-01-19,ORD002797,CUST00425,P014,Keyboard,Electronics,Kolkata,Online,UPI,1,2454.2,0.05,2454.2,2331.49,0,286.79,2024,1,January,Friday,2454.2,2331.49
2024-01-19,ORD018091,CUST01895,P020,Microwave,Home,Delhi,Online,Cash,1,10204.44,0.0,10204.44,10204.44,0,2136.32,2024,1,January,Friday,10204.44,10204.44
2024-01-19,ORD048081,CUST03710,P006,Desk,Furniture,Mumbai,Online,Credit Card,2,11883.55,0.1,23767.1,21390.39,0,1466.5,2024,1,January,Friday,23767.1,21390.39
2024-01-19,ORD042389,CUST02207,P016,Sofa,Furniture,Kolkata,Online,UPI,3,35924.46,0.1,107773.38,96996.04,0,8027.28,2024,1,January,Friday,107773.38,96996.042
2024-01-19,ORD029302,CUST02112,P008,Running Shoes,Fashion,Surat,Online,Credit Card,3,4470.47,0.25,13411.41,10058.56,0,2061.64,2024,1,January,Friday,13411.41,10058.557499999999
2024-01-19,ORD007884,CUST02371,P007,Backpack,Accessories,Hyderabad,Store,Net Banking,1,2373.78,0.0,2373.78,2373.78,1,-118.69,2024,1,January,Friday,2373.78,2373.78
2024-01-19,ORD008789,CUST01333,P014,Keyboard,Electronics,Surat,Store,UPI,2,2329.51,0.1,4659.02,4193.12,0,1063.23,2024,1,January,Friday,4659.02,4193.118
2024-01-19,ORD008652,CUST00965,P020,Microwave,Home,Bengaluru,Store,Credit Card,1,11499.53,0.05,11499.53,10924.55,0,1937.13,2024,1,January,Friday,11499.53,10924.5535
2024-01-19,ORD049093,CUST02671,P002,Smartphone,Electronics,Kolkata,Online,UPI,1,26623.78,0.0,26623.78,26623.78,0,2492.31,2024,1,January,Friday,26623.78,26623.78
2024-01-19,ORD024834,CUST03398,P002,Smartphone,Electronics,Jaipur,Store,Cash,2,27408.52,0.05,54817.04,52076.19,0,13141.79,2024,1,January,Friday,54817.04,52076.188
2024-01-19,ORD000521,CUST00365,P013,Monitor,Electronics,Chennai,Online,UPI,2,16832.42,0.1,33664.84,30298.36,0,6586.37,2024,1,January,Friday,33664.84,30298.355999999996
2024-01-19,ORD038865,CUST03828,P006,Desk,Furniture,Kolkata,Online,Credit Card,2,12224.47,0.15,24448.94,20781.6,0,4997.81,2024,1,January,Friday,24448.94,20781.599
2024-01-19,ORD033796,CUST03336,P003,Headphones,Electronics,Delhi,Store,UPI,1,4577.13,0.1,4577.13,4119.42,0,784.93,2024,1,January,Friday,4577.13,4119.417
2024-01-19,ORD024130,CUST04265,P002,Smartphone,Electronics,Delhi,Online,UPI,1,29495.84,0.1,29495.84,26546.26,0,6485.29,2024,1,January,Friday,29495.84,26546.256
2024-01-19,ORD001782,CUST01064,P004,Smartwatch,Electronics,Bengaluru,Online,Net Banking,4,7613.85,0.15,30455.4,25887.09,0,6241.71,2024,1,January,Friday,30455.4,25887.09
2024-01-19,ORD015879,CUST02724,P020,Microwave,Home,Delhi,Online,Net Banking,1,11010.65,0.05,11010.65,10460.12,0,1598.84,2024,1,January,Friday,11010.65,10460.117499999998
2024-01-19,ORD034136,CUST04412,P018,Jacket,Fashion,Ahmedabad,Online,Credit Card,1,4911.91,0.2,4911.91,3929.53,0,838.19,2024,1,January,Friday,4911.91,3929.5280000000002
2024-01-19,ORD020717,CUST03817,P009,T-Shirt,Fashion,Bengaluru,Online,Debit Card,2,1081.03,0.05,2162.06,2053.96,1,-102.7,2024,1,January,Friday,2162.06,2053.957
2024-01-19,ORD038346,CUST00835,P016,Sofa,Furniture,Bengaluru,Online,UPI,5,37161.05,0.0,185805.25,185805.25,0,51459.27,2024,1,January,Friday,185805.25,185805.25
2024-01-19,ORD034208,CUST04434,P010,Coffee Maker,Home,Delhi,Store,Credit Card,1,5327.02,0.1,5327.02,4794.32,0,954.41,2024,1,January,Friday,5327.02,4794.318
2024-01-19,ORD049345,CUST00363,P015,Dining Table,Furniture,Surat,Online,Cash,4,22729.69,0.15,90918.76,77280.95,0,17683.45,2024,1,January,Friday,90918.76,77280.946
2024-01-19,ORD004347,CUST02315,P004,Smartwatch,Electronics,Kolkata,Online,Credit Card,1,6932.51,0.2,6932.51,5546.01,0,1003.09,2024,1,January,Friday,6932.51,5546.008000000001
2024-01-19,ORD020843,CUST00232,P006,Desk,Furniture,Pune,Online,Debit Card,1,12857.72,0.0,12857.72,12857.72,0,2024.89,2024,1,January,Friday,12857.72,12857.72
2024-01-19,ORD015933,CUST01995,P015,Dining Table,Furniture,Pune,Store,Cash,1,22929.59,0.15,22929.59,19490.15,0,2682.29,2024,1,January,Friday,22929.59,19490.1515
2024-01-19,ORD036276,CUST02940,P004,Smartwatch,Electronics,Jaipur,Online,UPI,4,6763.96,0.05,27055.84,25703.05,0,5424.8,2024,1,January,Friday,27055.84,25703.048
2024-01-19,ORD015948,CUST00891,P018,Jacket,Fashion,Hyderabad,Online,Net Banking,3,4796.52,0.2,14389.56,11511.65,0,1269.27,2024,1,January,Friday,14389.560000000001,11511.648000000001
2024-01-19,ORD025306,CUST00668,P012,Air Fryer,Home,Chennai,Online,Credit Card,1,6645.03,0.2,6645.03,5316.02,0,1116.18,2024,1,January,Friday,6645.03,5316.024
2024-01-19,ORD005828,CUST00764,P001,Laptop,Electronics,Kolkata,Online,Debit Card,2,60748.37,0.15,121496.74,103272.23,0,11065.73,2024,1,January,Friday,121496.74,103272.229
2024-01-19,ORD012289,CUST04255,P019,Vacuum Cleaner,Home,Surat,Online,UPI,2,9330.9,0.15,18661.8,15862.53,0,3772.81,2024,1,January,Friday,18661.8,15862.529999999999
2024-01-19,ORD049308,CUST00995,P013,Monitor,Electronics,Pune,Online,Credit Card,3,19574.42,0.1,58723.26,52850.93,0,7761.19,2024,1,January,Friday,58723.259999999995,52850.934
2024-01-19,ORD016840,CUST00034,P015,Dining Table,Furniture,Chennai,Online,Debit Card,1,21097.69,0.2,21097.69,16878.15,0,985.0,2024,1,January,Friday,21097.69,16878.152
2024-01-19,ORD021554,CUST02409,P017,Jeans,Fashion,Jaipur,Online,Credit Card,1,3079.74,0.1,3079.74,2771.77,0,283.84,2024,1,January,Friday,3079.74,2771.766
2024-01-19,ORD012058,CUST04364,P011,Mixer Grinder,Home,Ahmedabad,Online,Net Banking,3,4634.05,0.1,13902.15,12511.94,0,2129.99,2024,1,January,Friday,13902.150000000001,12511.935
2024-01-19,ORD016777,CUST00559,P018,Jacket,Fashion,Hyderabad,Online,Net Banking,1,5563.05,0.2,5563.05,4450.44,0,210.64,2024,1,January,Friday,5563.05,4450.4400000000005
2024-01-19,ORD005982,CUST02960,P003,Headphones,Electronics,Surat,Store,Debit Card,2,4887.53,0.0,9775.06,9775.06,0,1102.35,2024,1,January,Friday,9775.06,9775.06
2024-01-19,ORD024530,CUST02168,P015,Dining Table,Furniture,Pune,Online,UPI,1,24142.39,0.0,24142.39,24142.39,0,3266.97,2024,1,January,Friday,24142.39,24142.39
2024-01-19,ORD024770,CUST01824,P017,Jeans,Fashion,Jaipur,Store,Cash,4,2916.53,0.1,11666.12,10499.51,0,2795.58,2024,1,January,Friday,11666.12,10499.508000000002
2024-01-19,ORD010747,CUST02181,P006,Desk,Furniture,Chennai,Online,UPI,3,12504.81,0.0,37514.43,37514.43,1,-1875.72,2024,1,January,Friday,37514.43,37514.43
2024-01-19,ORD044740,CUST03283,P014,Keyboard,Electronics,Mumbai,Store,Credit Card,1,2414.45,0.1,2414.45,2173.0,1,-108.65,2024,1,January,Friday,2414.45,2173.005
2024-01-19,ORD033614,CUST02392,P020,Microwave,Home,Jaipur,Online,Debit Card,1,11957.09,0.1,11957.09,10761.38,0,2807.08,2024,1,January,Friday,11957.09,10761.381000000001
2024-01-19,ORD026263,CUST01144,P014,Keyboard,Electronics,Jaipur,Store,Credit Card,3,2632.03,0.1,7896.09,7106.48,0,1896.78,2024,1,January,Friday,7896.09,7106.481000000001
2024-01-19,ORD021141,CUST01807,P002,Smartphone,Electronics,Chennai,Online,Credit Card,1,28439.27,0.15,28439.27,24173.38,0,3035.68,2024,1,January,Friday,28439.27,24173.3795
2024-01-19,ORD036555,CUST00450,P005,Office Chair,Furniture,Surat,Online,Credit Card,1,8732.75,0.15,8732.75,7422.84,0,959.97,2024,1,January,Friday,8732.75,7422.8375
2024-01-19,ORD012980,CUST03787,P009,T-Shirt,Fashion,Chennai,Online,UPI,1,1232.46,0.0,1232.46,1232.46,0,280.88,2024,1,January,Friday,1232.46,1232.46
2024-01-19,ORD022901,CUST01756,P009,T-Shirt,Fashion,Delhi,Store,UPI,1,1171.96,0.15,1171.96,996.17,0,89.98,2024,1,January,Friday,1171.96,996.166
2024-01-19,ORD027331,CUST04776,P012,Air Fryer,Home,Delhi,Online,Debit Card,4,7621.86,0.15,30487.44,25914.32,0,4993.52,2024,1,January,Friday,30487.44,25914.323999999997
2024-01-19,ORD009700,CUST04893,P014,Keyboard,Electronics,Kolkata,Online,UPI,1,2737.42,0.0,2737.42,2737.42,0,724.7,2024,1,January,Friday,2737.42,2737.42
2024-01-19,ORD032272,CUST03960,P004,Smartwatch,Electronics,Pune,Store,Credit Card,2,6462.02,0.1,12924.04,11631.64,0,2616.65,2024,1,January,Friday,12924.04,11631.636
2024-01-19,ORD007495,CUST00173,P003,Headphones,Electronics,Kolkata,Online,UPI,1,4695.32,0.05,4695.32,4460.55,0,1203.69,2024,1,January,Friday,4695.32,4460.553999999999
2024-01-19,ORD003828,CUST04904,P010,Coffee Maker,Home,Delhi,Online,UPI,4,5604.94,0.15,22419.76,19056.8,0,3469.84,2024,1,January,Friday,22419.76,19056.796
2024-01-19,ORD016634,CUST04346,P004,Smartwatch,Electronics,Ahmedabad,Online,Credit Card,1,7687.86,0.1,7687.86,6919.07,0,948.83,2024,1,January,Friday,7687.86,6919.074
2024-01-19,ORD019534,CUST04820,P020,Microwave,Home,Hyderabad,Online,UPI,1,11231.44,0.1,11231.44,10108.3,0,2098.44,2024,1,January,Friday,11231.44,10108.296
2024-01-19,ORD032582,CUST00978,P008,Running Shoes,Fashion,Jaipur,Online,UPI,1,3848.92,0.15,3848.92,3271.58,0,377.41,2024,1,January,Friday,3848.92,3271.582
2024-01-19,ORD024057,CUST04716,P005,Office Chair,Furniture,Jaipur,Online,Credit Card,1,9918.18,0.05,9918.18,9422.27,0,1692.19,2024,1,January,Friday,9918.18,9422.271
2024-01-19,ORD022403,CUST04735,P018,Jacket,Fashion,Delhi,Online,Credit Card,3,5056.29,0.15,15168.87,12893.54,0,2211.88,2024,1,January,Friday,15168.869999999999,12893.5395
2024-01-19,ORD045030,CUST01898,P010,Coffee Maker,Home,Mumbai,Online,Debit Card,1,5521.33,0.05,5521.33,5245.26,0,795.75,2024,1,January,Friday,5521.33,5245.2635
2024-01-19,ORD023229,CUST00286,P013,Monitor,Electronics,Ahmedabad,Online,UPI,5,17896.74,0.1,89483.7,80535.33,0,7038.57,2024,1,January,Friday,89483.70000000001,80535.33
2024-01-19,ORD005402,CUST04989,P016,Sofa,Furniture,Hyderabad,Store,Credit Card,1,38091.86,0.15,38091.86,32378.08,0,6925.4,2024,1,January,Friday,38091.86,32378.081
2024-01-19,ORD012689,CUST00857,P012,Air Fryer,Home,Kolkata,Online,Cash,2,6675.76,0.2,13351.52,10681.22,0,2656.72,2024,1,January,Friday,13351.52,10681.216
2024-01-19,ORD011136,CUST01898,P015,Dining Table,Furniture,Surat,Online,Credit Card,1,20082.57,0.0,20082.57,20082.57,0,2226.79,2024,1,January,Friday,20082.57,20082.57
2024-01-19,ORD023655,CUST04696,P013,Monitor,Electronics,Ahmedabad,Online,Net Banking,1,19162.68,0.05,19162.68,18204.55,0,4804.66,2024,1,January,Friday,19162.68,18204.546
2024-01-19,ORD011938,CUST04124,P017,Jeans,Fashion,Kolkata,Online,Credit Card,4,3007.92,0.1,12031.68,10828.51,0,2124.3,2024,1,January,Friday,12031.68,10828.512
2024-01-20,ORD023266,CUST00438,P002,Smartphone,Electronics,Pune,Online,Credit Card,1,29016.8,0.15,29016.8,24664.28,0,2186.07,2024,1,January,Saturday,29016.8,24664.28
2024-01-20,ORD028635,CUST04019,P017,Jeans,Fashion,Hyderabad,Online,Credit Card,1,2570.23,0.05,2570.23,2441.72,0,308.74,2024,1,January,Saturday,2570.23,2441.7185
2024-01-20,ORD029660,CUST01046,P001,Laptop,Electronics,Hyderabad,Store,UPI,1,60305.47,0.1,60305.47,54274.92,0,10817.65,2024,1,January,Saturday,60305.47,54274.923
2024-01-20,ORD038176,CUST03100,P019,Vacuum Cleaner,Home,Pune,Store,UPI,1,8244.4,0.0,8244.4,8244.4,0,1060.16,2024,1,January,Saturday,8244.4,8244.4
2024-01-20,ORD021161,CUST01040,P020,Microwave,Home,Jaipur,Store,UPI,2,11724.12,0.1,23448.24,21103.42,0,3783.52,2024,1,January,Saturday,23448.24,21103.416
2024-01-20,ORD024532,CUST00153,P020,Microwave,Home,Kolkata,Store,Credit Card,1,11922.82,0.1,11922.82,10730.54,0,1156.56,2024,1,January,Saturday,11922.82,10730.538
2024-01-20,ORD028947,CUST00287,P009,T-Shirt,Fashion,Jaipur,Online,UPI,1,1249.47,0.1,1249.47,1124.52,0,112.76,2024,1,January,Saturday,1249.47,1124.5230000000001
2024-01-20,ORD037193,CUST00176,P008,Running Shoes,Fashion,Mumbai,Online,Cash,2,4329.88,0.05,8659.76,8226.77,0,1054.42,2024,1,January,Saturday,8659.76,8226.771999999999
2024-01-20,ORD045394,CUST02868,P002,Smartphone,Electronics,Mumbai,Store,Credit Card,1,28293.23,0.0,28293.23,28293.23,0,7682.79,2024,1,January,Saturday,28293.23,28293.23
2024-01-20,ORD037123,CUST00683,P013,Monitor,Electronics,Hyderabad,Online,Credit Card,1,18178.92,0.1,18178.92,16361.03,0,2745.63,2024,1,January,Saturday,18178.92,16361.027999999998
2024-01-20,ORD045290,CUST03084,P011,Mixer Grinder,Home,Mumbai,Online,UPI,5,4533.47,0.1,22667.35,20400.62,0,1658.59,2024,1,January,Saturday,22667.350000000002,20400.614999999998
2024-01-20,ORD049032,CUST04952,P003,Headphones,Electronics,Surat,Store,Debit Card,2,4777.98,0.15,9555.96,8122.57,0,1021.55,2024,1,January,Saturday,9555.96,8122.565999999999
2024-01-20,ORD044890,CUST00698,P003,Headphones,Electronics,Kolkata,Online,Net Banking,1,4536.75,0.2,4536.75,3629.4,0,357.63,2024,1,January,Saturday,4536.75,3629.4
2024-01-20,ORD000416,CUST04307,P008,Running Shoes,Fashion,Chennai,Store,Credit Card,5,4181.93,0.0,20909.65,20909.65,0,4163.16,2024,1,January,Saturday,20909.65,20909.65
2024-01-20,ORD043755,CUST02847,P019,Vacuum Cleaner,Home,Surat,Online,UPI,1,8652.13,0.1,8652.13,7786.92,0,2065.08,2024,1,January,Saturday,8652.13,7786.9169999999995
2024-01-20,ORD023102,CUST02924,P008,Running Shoes,Fashion,Surat,Store,Credit Card,1,4536.92,0.1,4536.92,4083.23,0,526.48,2024,1,January,Saturday,4536.92,4083.228
2024-01-20,ORD038318,CUST02005,P005,Office Chair,Furniture,Hyderabad,Store,Debit Card,1,9659.64,0.15,9659.64,8210.69,0,1003.83,2024,1,January,Saturday,9659.64,8210.694
2024-01-20,ORD022408,CUST02026,P017,Jeans,Fashion,Bengaluru,Online,Credit Card,1,2745.29,0.25,2745.29,2058.97,0,308.19,2024,1,January,Saturday,2745.29,2058.9674999999997
2024-01-20,ORD043060,CUST03945,P002,Smartphone,Electronics,Hyderabad,Online,UPI,1,30655.4,0.1,30655.4,27589.86,0,6689.82,2024,1,January,Saturday,30655.4,27589.86
2024-01-20,ORD029193,CUST00182,P003,Headphones,Electronics,Chennai,Store,Credit Card,3,4728.34,0.25,14185.02,10638.76,0,1630.69,2024,1,January,Saturday,14185.02,10638.765
2024-01-20,ORD017979,CUST02531,P001,Laptop,Electronics,Surat,Store,UPI,5,58921.18,0.05,294605.9,279875.6,1,-13993.78,2024,1,January,Saturday,294605.9,279875.605
2024-01-20,ORD010947,CUST00747,P004,Smartwatch,Electronics,Pune,Store,UPI,2,7585.32,0.2,15170.64,12136.51,0,1164.59,2024,1,January,Saturday,15170.64,12136.512
2024-01-20,ORD044928,CUST04720,P020,Microwave,Home,Hyderabad,Online,Credit Card,3,11836.78,0.05,35510.34,33734.82,0,5761.24,2024,1,January,Saturday,35510.340000000004,33734.823
2024-01-20,ORD017283,CUST01736,P020,Microwave,Home,Pune,Store,Credit Card,1,11068.92,0.1,11068.92,9962.03,0,950.21,2024,1,January,Saturday,11068.92,9962.028
2024-01-20,ORD026065,CUST04438,P017,Jeans,Fashion,Pune,Store,Credit Card,3,2549.04,0.1,7647.12,6882.41,0,1357.88,2024,1,January,Saturday,7647.12,6882.408
2024-01-20,ORD012933,CUST04615,P019,Vacuum Cleaner,Home,Delhi,Online,UPI,5,9222.59,0.05,46112.95,43807.3,0,6564.33,2024,1,January,Saturday,46112.95,43807.3025
2024-01-20,ORD041846,CUST03013,P020,Microwave,Home,Hyderabad,Online,Credit Card,2,10139.44,0.05,20278.88,19264.94,0,3383.85,2024,1,January,Saturday,20278.88,19264.936
2024-01-20,ORD018728,CUST03134,P009,T-Shirt,Fashion,Ahmedabad,Online,Net Banking,1,1182.67,0.1,1182.67,1064.4,0,89.37,2024,1,January,Saturday,1182.67,1064.403
2024-01-20,ORD019108,CUST01172,P005,Office Chair,Furniture,Jaipur,Online,UPI,2,9450.3,0.05,18900.6,17955.57,0,4317.48,2024,1,January,Saturday,18900.6,17955.569999999996
2024-01-20,ORD003599,CUST02180,P001,Laptop,Electronics,Pune,Online,UPI,4,69147.98,0.05,276591.92,262762.32,0,48627.2,2024,1,January,Saturday,276591.92,262762.32399999996
2024-01-20,ORD026391,CUST04594,P017,Jeans,Fashion,Bengaluru,Store,Cash,1,2947.53,0.05,2947.53,2800.15,0,570.26,2024,1,January,Saturday,2947.53,2800.1535
2024-01-20,ORD033293,CUST04462,P002,Smartphone,Electronics,Delhi,Online,UPI,2,26393.03,0.1,52786.06,47507.45,0,9499.89,2024,1,January,Saturday,52786.06,47507.454
2024-01-20,ORD026086,CUST03785,P001,Laptop,Electronics,Chennai,Store,UPI,1,64143.88,0.1,64143.88,57729.49,0,14507.27,2024,1,January,Saturday,64143.88,57729.492
2024-01-20,ORD004036,CUST03890,P007,Backpack,Accessories,Jaipur,Online,Cash,4,2099.78,0.1,8399.12,7559.21,0,1571.15,2024,1,January,Saturday,8399.12,7559.2080000000005
2024-01-20,ORD007195,CUST04329,P009,T-Shirt,Fashion,Jaipur,Online,Cash,5,1137.43,0.1,5687.15,5118.44,0,737.38,2024,1,January,Saturday,5687.150000000001,5118.4349999999995
2024-01-20,ORD018941,CUST04592,P019,Vacuum Cleaner,Home,Surat,Online,Credit Card,5,8311.59,0.05,41557.95,39480.05,0,7852.87,2024,1,January,Saturday,41557.95,39480.0525
2024-01-20,ORD027574,CUST04399,P008,Running Shoes,Fashion,Ahmedabad,Online,Credit Card,1,3995.83,0.2,3995.83,3196.66,0,186.79,2024,1,January,Saturday,3995.83,3196.664
2024-01-20,ORD049944,CUST00732,P016,Sofa,Furniture,Delhi,Online,UPI,1,31863.34,0.0,31863.34,31863.34,0,5656.31,2024,1,January,Saturday,31863.34,31863.34
2024-01-20,ORD026551,CUST03207,P012,Air Fryer,Home,Mumbai,Store,Net Banking,2,7851.13,0.05,15702.26,14917.15,0,4076.29,2024,1,January,Saturday,15702.26,14917.146999999999
2024-01-20,ORD045803,CUST02927,P010,Coffee Maker,Home,Jaipur,Online,Credit Card,1,5393.21,0.2,5393.21,4314.57,0,1032.84,2024,1,January,Saturday,5393.21,4314.568
2024-01-20,ORD031107,CUST04996,P001,Laptop,Electronics,Jaipur,Store,Credit Card,1,63625.75,0.1,63625.75,57263.18,0,7767.8,2024,1,January,Saturday,63625.75,57263.175
2024-01-20,ORD030937,CUST01680,P015,Dining Table,Furniture,Surat,Online,Cash,2,22487.27,0.05,44974.54,42725.81,0,3155.67,2024,1,January,Saturday,44974.54,42725.813
2024-01-20,ORD001236,CUST01864,P006,Desk,Furniture,Jaipur,Online,UPI,1,12253.37,0.0,12253.37,12253.37,0,2713.45,2024,1,January,Saturday,12253.37,12253.37
2024-01-20,ORD031327,CUST03175,P005,Office Chair,Furniture,Jaipur,Online,UPI,4,10197.01,0.25,40788.04,30591.03,0,1223.64,2024,1,January,Saturday,40788.04,30591.03
2024-01-20,ORD013238,CUST01794,P011,Mixer Grinder,Home,Bengaluru,Store,UPI,1,4535.12,0.05,4535.12,4308.36,0,1095.83,2024,1,January,Saturday,4535.12,4308.364
2024-01-20,ORD046551,CUST01709,P006,Desk,Furniture,Bengaluru,Online,UPI,1,11571.2,0.0,11571.2,11571.2,0,1330.92,2024,1,January,Saturday,11571.2,11571.2
2024-01-20,ORD003190,CUST03922,P020,Microwave,Home,Bengaluru,Store,UPI,2,11016.83,0.05,22033.66,20931.98,0,4924.43,2024,1,January,Saturday,22033.66,20931.977
2024-01-20,ORD035473,CUST01906,P013,Monitor,Electronics,Surat,Online,Cash,2,16466.74,0.05,32933.48,31286.81,0,8938.26,2024,1,January,Saturday,32933.48,31286.806
2024-01-20,ORD009138,CUST02170,P010,Coffee Maker,Home,Hyderabad,Online,Credit Card,2,5503.31,0.15,11006.62,9355.63,0,658.17,2024,1,January,Saturday,11006.62,9355.627
2024-01-20,ORD035266,CUST04118,P019,Vacuum Cleaner,Home,Mumbai,Store,Credit Card,1,8651.14,0.0,8651.14,8651.14,0,2252.96,2024,1,January,Saturday,8651.14,8651.14
2024-01-20,ORD024812,CUST02997,P011,Mixer Grinder,Home,Jaipur,Online,Credit Card,2,4625.08,0.05,9250.16,8787.65,0,643.4,2024,1,January,Saturday,9250.16,8787.652
2024-01-20,ORD003414,CUST02351,P014,Keyboard,Electronics,Kolkata,Online,Cash,4,2585.71,0.1,10342.84,9308.56,0,1966.01,2024,1,January,Saturday,10342.84,9308.556
2024-01-20,ORD009597,CUST03950,P007,Backpack,Accessories,Chennai,Store,Debit Card,1,2107.35,0.0,2107.35,2107.35,0,371.51,2024,1,January,Saturday,2107.35,2107.35
2024-01-20,ORD013334,CUST04574,P008,Running Shoes,Fashion,Chennai,Store,Debit Card,1,3790.95,0.0,3790.95,3790.95,0,1128.92,2024,1,January,Saturday,3790.95,3790.95
2024-01-20,ORD000593,CUST04134,P003,Headphones,Electronics,Pune,Store,Credit Card,1,4357.51,0.1,4357.51,3921.76,1,-196.09,2024,1,January,Saturday,4357.51,3921.7590000000005
2024-01-20,ORD048603,CUST03684,P020,Microwave,Home,Ahmedabad,Online,Cash,1,11049.2,0.05,11049.2,10496.74,0,2474.83,2024,1,January,Saturday,11049.2,10496.74
2024-01-20,ORD004364,CUST01777,P012,Air Fryer,Home,Pune,Store,Credit Card,1,7566.13,0.15,7566.13,6431.21,0,1538.72,2024,1,January,Saturday,7566.13,6431.2105
2024-01-20,ORD041348,CUST00565,P002,Smartphone,Electronics,Pune,Online,Debit Card,2,28218.03,0.0,56436.06,56436.06,0,10343.85,2024,1,January,Saturday,56436.06,56436.06
2024-01-20,ORD034245,CUST03924,P019,Vacuum Cleaner,Home,Kolkata,Online,Debit Card,2,9355.6,0.15,18711.2,15904.52,0,2039.57,2024,1,January,Saturday,18711.2,15904.52
2024-01-20,ORD030399,CUST03205,P009,T-Shirt,Fashion,Surat,Online,Debit Card,1,1255.34,0.05,1255.34,1192.57,0,185.61,2024,1,January,Saturday,1255.34,1192.5729999999999
2024-01-20,ORD047224,CUST03026,P006,Desk,Furniture,Pune,Online,Debit Card,2,11659.8,0.05,23319.6,22153.62,0,5344.32,2024,1,January,Saturday,23319.6,22153.62
2024-01-21,ORD016551,CUST02240,P015,Dining Table,Furniture,Kolkata,Store,Debit Card,2,22139.22,0.1,44278.44,39850.6,0,9035.82,2024,1,January,Sunday,44278.44,39850.596000000005
2024-01-21,ORD046718,CUST04215,P015,Dining Table,Furniture,Delhi,Online,UPI,4,22429.71,0.05,89718.84,85232.9,0,9099.01,2024,1,January,Sunday,89718.84,85232.89799999999
2024-01-21,ORD014385,CUST01174,P002,Smartphone,Electronics,Jaipur,Online,Credit Card,3,30509.71,0.0,91529.13,91529.13,0,12975.03,2024,1,January,Sunday,91529.13,91529.13
2024-01-21,ORD045009,CUST01426,P005,Office Chair,Furniture,Jaipur,Online,Debit Card,2,10066.84,0.15,20133.68,17113.63,0,4330.72,2024,1,January,Sunday,20133.68,17113.628
2024-01-21,ORD015603,CUST00426,P010,Coffee Maker,Home,Bengaluru,Store,UPI,1,4979.29,0.05,4979.29,4730.33,0,761.27,2024,1,January,Sunday,4979.29,4730.3255
2024-01-21,ORD002187,CUST04841,P001,Laptop,Electronics,Kolkata,Online,Net Banking,1,70088.37,0.15,70088.37,59575.11,0,14057.85,2024,1,January,Sunday,70088.37,59575.114499999996
2024-01-21,ORD046316,CUST04492,P010,Coffee Maker,Home,Chennai,Online,UPI,3,5635.21,0.1,16905.63,15215.07,0,2105.43,2024,1,January,Sunday,16905.63,15215.067000000001
2024-01-21,ORD017185,CUST03798,P004,Smartwatch,Electronics,Mumbai,Store,Credit Card,4,6567.71,0.0,26270.84,26270.84,1,-1313.54,2024,1,January,Sunday,26270.84,26270.84
2024-01-21,ORD014002,CUST02063,P013,Monitor,Electronics,Delhi,Online,Credit Card,4,17404.41,0.05,69617.64,66136.76,0,8366.23,2024,1,January,Sunday,69617.64,66136.758
2024-01-21,ORD045365,CUST00282,P018,Jacket,Fashion,Hyderabad,Store,Credit Card,1,4808.12,0.05,4808.12,4567.71,0,780.55,2024,1,January,Sunday,4808.12,4567.714
2024-01-21,ORD016090,CUST00068,P017,Jeans,Fashion,Surat,Store,Net Banking,1,2713.21,0.1,2713.21,2441.89,0,630.86,2024,1,January,Sunday,2713.21,2441.889
2024-01-21,ORD013932,CUST00637,P011,Mixer Grinder,Home,Chennai,Store,Debit Card,1,4839.95,0.0,4839.95,4839.95,0,1045.02,2024,1,January,Sunday,4839.95,4839.95
2024-01-21,ORD044237,CUST03542,P003,Headphones,Electronics,Mumbai,Online,UPI,1,4494.26,0.2,4494.26,3595.41,0,768.18,2024,1,January,Sunday,4494.26,3595.4080000000004
2024-01-21,ORD048360,CUST03096,P003,Headphones,Electronics,Kolkata,Store,UPI,1,4896.1,0.1,4896.1,4406.49,0,763.86,2024,1,January,Sunday,4896.1,4406.490000000001
2024-01-21,ORD011205,CUST00939,P008,Running Shoes,Fashion,Jaipur,Online,UPI,3,4078.3,0.0,12234.9,12234.9,0,2542.84,2024,1,January,Sunday,12234.900000000001,12234.9
2024-01-21,ORD032294,CUST01926,P017,Jeans,Fashion,Pune,Store,UPI,4,2726.13,0.05,10904.52,10359.29,0,2987.36,2024,1,January,Sunday,10904.52,10359.294
2024-01-21,ORD032424,CUST04572,P020,Microwave,Home,Kolkata,Online,UPI,1,11640.16,0.2,11640.16,9312.13,0,1929.81,2024,1,January,Sunday,11640.16,9312.128
2024-01-21,ORD039043,CUST04610,P010,Coffee Maker,Home,Hyderabad,Online,UPI,4,5282.01,0.25,21128.04,15846.03,0,2172.11,2024,1,January,Sunday,21128.04,15846.03
2024-01-21,ORD010760,CUST02236,P017,Jeans,Fashion,Delhi,Store,UPI,1,2563.78,0.1,2563.78,2307.4,0,345.27,2024,1,January,Sunday,2563.78,2307.402
2024-01-21,ORD038936,CUST04873,P005,Office Chair,Furniture,Kolkata,Online,UPI,2,8648.56,0.0,17297.12,17297.12,0,3103.46,2024,1,January,Sunday,17297.12,17297.12
2024-01-21,ORD038710,CUST00177,P003,Headphones,Electronics,Hyderabad,Online,Credit Card,1,4153.6,0.05,4153.6,3945.92,0,639.1,2024,1,January,Sunday,4153.6,3945.92
2024-01-21,ORD007360,CUST01370,P018,Jacket,Fashion,Jaipur,Online,Debit Card,1,5690.09,0.05,5690.09,5405.59,0,533.03,2024,1,January,Sunday,5690.09,5405.5855
2024-01-21,ORD021600,CUST02175,P005,Office Chair,Furniture,Delhi,Online,UPI,4,9035.26,0.05,36141.04,34333.99,0,3722.32,2024,1,January,Sunday,36141.04,34333.988
2024-01-21,ORD011986,CUST04323,P014,Keyboard,Electronics,Kolkata,Online,UPI,1,2603.45,0.0,2603.45,2603.45,0,721.94,2024,1,January,Sunday,2603.45,2603.45
2024-01-21,ORD021723,CUST00635,P001,Laptop,Electronics,Mumbai,Online,Net Banking,2,60841.74,0.0,121683.48,121683.48,0,18143.54,2024,1,January,Sunday,121683.48,121683.48
2024-01-21,ORD038217,CUST00341,P007,Backpack,Accessories,Jaipur,Store,Credit Card,5,2276.47,0.05,11382.35,10813.23,1,-540.66,2024,1,January,Sunday,11382.349999999999,10813.2325
2024-01-21,ORD007342,CUST04957,P017,Jeans,Fashion,Jaipur,Online,Net Banking,1,2731.99,0.25,2731.99,2048.99,0,148.03,2024,1,January,Sunday,2731.99,2048.9925
2024-01-21,ORD009898,CUST00879,P008,Running Shoes,Fashion,Mumbai,Store,Credit Card,1,4063.96,0.05,4063.96,3860.76,0,479.4,2024,1,January,Sunday,4063.96,3860.7619999999997
2024-01-21,ORD022257,CUST00313,P008,Running Shoes,Fashion,Kolkata,Online,Debit Card,1,4360.61,0.0,4360.61,4360.61,0,1155.91,2024,1,January,Sunday,4360.61,4360.61
2024-01-21,ORD010032,CUST00359,P013,Monitor,Electronics,Bengaluru,Online,UPI,1,19793.7,0.0,19793.7,19793.7,0,5209.1,2024,1,January,Sunday,19793.7,19793.7
2024-01-21,ORD023014,CUST03762,P004,Smartwatch,Electronics,Delhi,Store,UPI,2,7681.6,0.05,15363.2,14595.04,0,1650.51,2024,1,January,Sunday,15363.2,14595.04
2024-01-21,ORD036890,CUST02824,P018,Jacket,Fashion,Surat,Store,UPI,1,5424.14,0.15,5424.14,4610.52,0,462.91,2024,1,January,Sunday,5424.14,4610.519
2024-01-21,ORD010764,CUST04908,P019,Vacuum Cleaner,Home,Pune,Store,Credit Card,1,8439.15,0.05,8439.15,8017.19,0,1955.75,2024,1,January,Sunday,8439.15,8017.192499999999
2024-01-21,ORD025011,CUST00994,P013,Monitor,Electronics,Ahmedabad,Store,Cash,4,16412.89,0.1,65651.56,59086.4,0,15790.37,2024,1,January,Sunday,65651.56,59086.404
2024-01-21,ORD025161,CUST04638,P014,Keyboard,Electronics,Jaipur,Online,Cash,2,2505.66,0.1,5011.32,4510.19,1,-225.51,2024,1,January,Sunday,5011.32,4510.188
2024-01-21,ORD024221,CUST04924,P014,Keyboard,Electronics,Ahmedabad,Store,Credit Card,1,2591.13,0.2,2591.13,2072.9,0,254.08,2024,1,January,Sunday,2591.13,2072.904
2024-01-21,ORD034479,CUST00791,P019,Vacuum Cleaner,Home,Delhi,Online,Debit Card,2,9173.58,0.05,18347.16,17429.8,0,2721.61,2024,1,January,Sunday,18347.16,17429.802
2024-01-21,ORD036200,CUST01217,P007,Backpack,Accessories,Jaipur,Store,Debit Card,3,2244.92,0.25,6734.76,5051.07,0,571.96,2024,1,January,Sunday,6734.76,5051.07
2024-01-21,ORD039207,CUST00737,P001,Laptop,Electronics,Hyderabad,Store,Net Banking,1,59712.55,0.05,59712.55,56726.92,0,11124.89,2024,1,January,Sunday,59712.55,56726.9225
2024-01-21,ORD024191,CUST03175,P019,Vacuum Cleaner,Home,Bengaluru,Online,Credit Card,1,8768.33,0.1,8768.33,7891.5,0,770.26,2024,1,January,Sunday,8768.33,7891.497
2024-01-21,ORD025342,CUST00210,P019,Vacuum Cleaner,Home,Delhi,Store,UPI,1,8509.08,0.15,8509.08,7232.72,0,707.12,2024,1,January,Sunday,8509.08,7232.718
2024-01-21,ORD010382,CUST04412,P018,Jacket,Fashion,Mumbai,Online,Debit Card,1,5076.71,0.1,5076.71,4569.04,0,404.07,2024,1,January,Sunday,5076.71,4569.039
2024-01-21,ORD036417,CUST03728,P019,Vacuum Cleaner,Home,Ahmedabad,Online,Credit Card,2,9338.89,0.1,18677.78,16810.0,0,2155.95,2024,1,January,Sunday,18677.78,16810.002
2024-01-21,ORD036618,CUST04918,P008,Running Shoes,Fashion,Chennai,Online,Net Banking,1,4087.45,0.1,4087.45,3678.7,0,913.96,2024,1,January,Sunday,4087.45,3678.705
2024-01-21,ORD002609,CUST02208,P019,Vacuum Cleaner,Home,Kolkata,Store,Credit Card,1,9678.52,0.0,9678.52,9678.52,0,2509.68,2024,1,January,Sunday,9678.52,9678.52
2024-01-21,ORD049030,CUST03080,P005,Office Chair,Furniture,Delhi,Store,Cash,4,10167.9,0.25,40671.6,30503.7,0,4452.69,2024,1,January,Sunday,40671.6,30503.699999999997
2024-01-21,ORD036402,CUST01006,P007,Backpack,Accessories,Pune,Online,Credit Card,5,1994.62,0.15,9973.1,8477.13,0,679.97,2024,1,January,Sunday,9973.099999999999,8477.135
2024-01-21,ORD004499,CUST03505,P013,Monitor,Electronics,Jaipur,Online,Cash,1,16322.1,0.15,16322.1,13873.78,0,1846.19,2024,1,January,Sunday,16322.1,13873.785
2024-01-21,ORD001156,CUST04356,P001,Laptop,Electronics,Bengaluru,Store,Cash,1,61214.88,0.15,61214.88,52032.65,0,8041.65,2024,1,January,Sunday,61214.88,52032.647999999994
2024-01-21,ORD039849,CUST04237,P008,Running Shoes,Fashion,Kolkata,Online,Debit Card,1,4080.89,0.1,4080.89,3672.8,0,356.69,2024,1,January,Sunday,4080.89,3672.801
2024-01-21,ORD000122,CUST04965,P020,Microwave,Home,Pune,Online,UPI,2,11991.9,0.05,23983.8,22784.61,0,3762.05,2024,1,January,Sunday,23983.8,22784.609999999997
2024-01-21,ORD017649,CUST04027,P019,Vacuum Cleaner,Home,Kolkata,Store,Credit Card,1,8341.84,0.2,8341.84,6673.47,1,-333.67,2024,1,January,Sunday,8341.84,6673.472000000001
2024-01-21,ORD029440,CUST02535,P017,Jeans,Fashion,Chennai,Store,UPI,1,2818.76,0.0,2818.76,2818.76,0,661.53,2024,1,January,Sunday,2818.76,2818.76
2024-01-21,ORD042482,CUST04879,P002,Smartphone,Electronics,Chennai,Online,Credit Card,2,29046.29,0.2,58092.58,46474.06,0,8319.84,2024,1,January,Sunday,58092.58,46474.064000000006
2024-01-21,ORD013446,CUST01305,P003,Headphones,Electronics,Delhi,Online,Debit Card,1,4886.66,0.0,4886.66,4886.66,0,517.88,2024,1,January,Sunday,4886.66,4886.66
2024-01-21,ORD029635,CUST03480,P010,Coffee Maker,Home,Ahmedabad,Online,Debit Card,1,5839.83,0.15,5839.83,4963.86,0,902.97,2024,1,January,Sunday,5839.83,4963.8555
2024-01-21,ORD029965,CUST00897,P018,Jacket,Fashion,Mumbai,Online,UPI,2,5316.22,0.05,10632.44,10100.82,0,1702.97,2024,1,January,Sunday,10632.44,10100.818
2024-01-21,ORD030262,CUST03260,P017,Jeans,Fashion,Ahmedabad,Online,Credit Card,5,2786.03,0.1,13930.15,12537.14,0,825.23,2024,1,January,Sunday,13930.150000000001,12537.135
2024-01-21,ORD041744,CUST03814,P013,Monitor,Electronics,Hyderabad,Online,UPI,1,19120.36,0.15,19120.36,16252.31,1,-812.62,2024,1,January,Sunday,19120.36,16252.306
2024-01-21,ORD048138,CUST00203,P020,Microwave,Home,Surat,Online,Credit Card,1,11486.1,0.1,11486.1,10337.49,0,843.23,2024,1,January,Sunday,11486.1,10337.49
2024-01-21,ORD003719,CUST00953,P008,Running Shoes,Fashion,Surat,Online,Credit Card,3,4313.4,0.15,12940.2,10999.17,0,2517.23,2024,1,January,Sunday,12940.199999999999,10999.17
2024-01-21,ORD019282,CUST01292,P004,Smartwatch,Electronics,Bengaluru,Online,UPI,1,6801.3,0.0,6801.3,6801.3,0,1764.38,2024,1,January,Sunday,6801.3,6801.3
2024-01-21,ORD003750,CUST01923,P005,Office Chair,Furniture,Jaipur,Store,Cash,1,10284.44,0.0,10284.44,10284.44,0,1242.0,2024,1,January,Sunday,10284.44,10284.44
2024-01-21,ORD013089,CUST02219,P019,Vacuum Cleaner,Home,Chennai,Online,Net Banking,1,9830.34,0.0,9830.34,9830.34,0,1297.62,2024,1,January,Sunday,9830.34,9830.34
2024-01-21,ORD019532,CUST00542,P006,Desk,Furniture,Kolkata,Online,Cash,1,11869.88,0.05,11869.88,11276.39,0,2645.66,2024,1,January,Sunday,11869.88,11276.385999999999
2024-01-21,ORD030899,CUST04457,P006,Desk,Furniture,Delhi,Online,Net Banking,4,12244.3,0.25,48977.2,36732.9,0,2363.01,2024,1,January,Sunday,48977.2,36732.899999999994
2024-01-21,ORD004060,CUST02435,P004,Smartwatch,Electronics,Delhi,Store,Credit Card,4,7345.06,0.1,29380.24,26442.22,0,4096.86,2024,1,January,Sunday,29380.24,26442.216
2024-01-21,ORD012788,CUST01635,P005,Office Chair,Furniture,Pune,Online,Net Banking,4,10406.5,0.15,41626.0,35382.1,0,7437.73,2024,1,January,Sunday,41626.0,35382.1
2024-01-21,ORD049400,CUST02174,P018,Jacket,Fashion,Ahmedabad,Store,Credit Card,1,5136.28,0.0,5136.28,5136.28,0,1036.41,2024,1,January,Sunday,5136.28,5136.28
2024-01-21,ORD000796,CUST03045,P005,Office Chair,Furniture,Kolkata,Online,Credit Card,1,9750.37,0.1,9750.37,8775.33,0,2357.97,2024,1,January,Sunday,9750.37,8775.333
2024-01-21,ORD035375,CUST02617,P020,Microwave,Home,Surat,Store,UPI,1,12066.52,0.15,12066.52,10256.54,0,1910.34,2024,1,January,Sunday,12066.52,10256.542
2024-01-21,ORD040824,CUST04044,P002,Smartphone,Electronics,Chennai,Store,Credit Card,1,29472.72,0.2,29472.72,23578.18,1,-1178.91,2024,1,January,Sunday,29472.72,23578.176000000003
2024-01-22,ORD007836,CUST03028,P009,T-Shirt,Fashion,Jaipur,Online,Cash,1,1196.72,0.15,1196.72,1017.21,0,154.44,2024,1,January,Monday,1196.72,1017.212
2024-01-22,ORD046414,CUST03691,P010,Coffee Maker,Home,Surat,Online,UPI,3,5709.14,0.05,17127.42,16271.05,0,2590.02,2024,1,January,Monday,17127.420000000002,16271.048999999997
2024-01-22,ORD029184,CUST04897,P013,Monitor,Electronics,Chennai,Online,UPI,1,17780.17,0.05,17780.17,16891.16,0,2673.19,2024,1,January,Monday,17780.17,16891.1615
2024-01-22,ORD016053,CUST01797,P017,Jeans,Fashion,Kolkata,Store,UPI,2,3011.51,0.05,6023.02,5721.87,0,1165.59,2024,1,January,Monday,6023.02,5721.869000000001
2024-01-22,ORD034599,CUST02459,P001,Laptop,Electronics,Bengaluru,Store,UPI,3,67271.2,0.15,201813.6,171541.56,0,18064.45,2024,1,January,Monday,201813.59999999998,171541.56
2024-01-22,ORD008075,CUST01929,P005,Office Chair,Furniture,Ahmedabad,Online,Credit Card,1,9862.9,0.1,9862.9,8876.61,0,870.99,2024,1,January,Monday,9862.9,8876.61
2024-01-22,ORD028566,CUST01384,P005,Office Chair,Furniture,Pune,Store,UPI,3,10287.9,0.25,30863.7,23147.78,0,1069.56,2024,1,January,Monday,30863.699999999997,23147.775
2024-01-22,ORD030627,CUST01571,P002,Smartphone,Electronics,Hyderabad,Store,Credit Card,1,25829.89,0.05,25829.89,24538.4,0,4424.16,2024,1,January,Monday,25829.89,24538.3955
2024-01-22,ORD028504,CUST04096,P013,Monitor,Electronics,Delhi,Store,UPI,3,18558.3,0.0,55674.9,55674.9,0,15966.1,2024,1,January,Monday,55674.899999999994,55674.9
2024-01-22,ORD032811,CUST00979,P007,Backpack,Accessories,Mumbai,Online,UPI,2,2407.25,0.1,4814.5,4333.05,1,-216.65,2024,1,January,Monday,4814.5,4333.05
2024-01-22,ORD030774,CUST03185,P004,Smartwatch,Electronics,Chennai,Store,UPI,1,6623.61,0.15,6623.61,5630.07,0,772.7,2024,1,January,Monday,6623.61,5630.068499999999
2024-01-22,ORD007451,CUST02343,P018,Jacket,Fashion,Jaipur,Online,Debit Card,1,4859.79,0.1,4859.79,4373.81,0,1165.65,2024,1,January,Monday,4859.79,4373.811
2024-01-22,ORD026732,CUST02756,P012,Air Fryer,Home,Pune,Store,Credit Card,1,6827.57,0.15,6827.57,5803.43,0,694.24,2024,1,January,Monday,6827.57,5803.434499999999
2024-01-22,ORD027989,CUST01131,P018,Jacket,Fashion,Chennai,Store,UPI,1,5005.7,0.0,5005.7,5005.7,0,1179.82,2024,1,January,Monday,5005.7,5005.7
2024-01-22,ORD014658,CUST00151,P020,Microwave,Home,Bengaluru,Online,UPI,1,11186.14,0.05,11186.14,10626.83,1,-531.34,2024,1,January,Monday,11186.14,10626.832999999999
2024-01-22,ORD015884,CUST03031,P015,Dining Table,Furniture,Surat,Store,Credit Card,1,21996.27,0.05,21996.27,20896.46,1,-1044.82,2024,1,January,Monday,21996.27,20896.4565
2024-01-22,ORD026458,CUST04342,P012,Air Fryer,Home,Kolkata,Store,UPI,2,6555.83,0.1,13111.66,11800.49,0,1536.72,2024,1,January,Monday,13111.66,11800.494
2024-01-22,ORD028074,CUST02766,P018,Jacket,Fashion,Bengaluru,Store,UPI,4,5631.01,0.05,22524.04,21397.84,0,5021.8,2024,1,January,Monday,22524.04,21397.838
2024-01-22,ORD009456,CUST02998,P007,Backpack,Accessories,Ahmedabad,Online,UPI,4,2031.02,0.2,8124.08,6499.26,0,1642.13,2024,1,January,Monday,8124.08,6499.264
2024-01-22,ORD025924,CUST04276,P014,Keyboard,Electronics,Surat,Online,Cash,2,2485.53,0.2,4971.06,3976.85,0,730.57,2024,1,January,Monday,4971.06,3976.8480000000004
2024-01-22,ORD045747,CUST03632,P020,Microwave,Home,Delhi,Online,UPI,1,11571.6,0.2,11571.6,9257.28,0,557.42,2024,1,January,Monday,11571.6,9257.28
2024-01-22,ORD034053,CUST00783,P018,Jacket,Fashion,Bengaluru,Store,UPI,1,4913.29,0.05,4913.29,4667.63,0,1058.8,2024,1,January,Monday,4913.29,4667.6255
2024-01-22,ORD034189,CUST04761,P008,Running Shoes,Fashion,Surat,Store,UPI,2,4347.25,0.15,8694.5,7390.32,0,1444.26,2024,1,January,Monday,8694.5,7390.325
2024-01-22,ORD002638,CUST04820,P011,Mixer Grinder,Home,Ahmedabad,Store,Credit Card,1,5200.92,0.1,5200.92,4680.83,1,-234.04,2024,1,January,Monday,5200.92,4680.828
2024-01-22,ORD035792,CUST03612,P012,Air Fryer,Home,Delhi,Store,UPI,3,6566.46,0.1,19699.38,17729.44,0,4482.88,2024,1,January,Monday,19699.38,17729.442000000003
2024-01-22,ORD004214,CUST01711,P012,Air Fryer,Home,Bengaluru,Online,UPI,1,7158.92,0.15,7158.92,6085.08,0,1119.51,2024,1,January,Monday,7158.92,6085.082
2024-01-22,ORD040128,CUST01767,P017,Jeans,Fashion,Ahmedabad,Online,UPI,3,2932.96,0.0,8798.88,8798.88,0,1183.07,2024,1,January,Monday,8798.880000000001,8798.88
2024-01-22,ORD012794,CUST04305,P008,Running Shoes,Fashion,Pune,Online,Credit Card,1,3875.81,0.15,3875.81,3294.44,0,327.83,2024,1,January,Monday,3875.81,3294.4384999999997
2024-01-22,ORD040802,CUST04526,P019,Vacuum Cleaner,Home,Mumbai,Online,UPI,2,9075.32,0.05,18150.64,17243.11,0,2102.45,2024,1,January,Monday,18150.64,17243.108
2024-01-22,ORD044476,CUST04004,P013,Monitor,Electronics,Mumbai,Store,UPI,4,18290.48,0.05,73161.92,69503.82,0,14077.91,2024,1,January,Monday,73161.92,69503.824
2024-01-22,ORD040808,CUST01924,P003,Headphones,Electronics,Delhi,Online,Net Banking,3,4662.51,0.2,13987.53,11190.02,1,-559.5,2024,1,January,Monday,13987.53,11190.024000000001
2024-01-22,ORD012912,CUST02008,P016,Sofa,Furniture,Chennai,Online,Net Banking,1,34327.28,0.05,34327.28,32610.92,0,7954.08,2024,1,January,Monday,34327.28,32610.915999999997
2024-01-22,ORD012983,CUST01865,P007,Backpack,Accessories,Kolkata,Online,Debit Card,1,2355.05,0.2,2355.05,1884.04,0,369.39,2024,1,January,Monday,2355.05,1884.0400000000002
2024-01-22,ORD004409,CUST02879,P013,Monitor,Electronics,Chennai,Store,UPI,2,18144.46,0.2,36288.92,29031.14,0,1322.78,2024,1,January,Monday,36288.92,29031.136
2024-01-22,ORD044153,CUST02833,P011,Mixer Grinder,Home,Kolkata,Online,UPI,2,4783.52,0.05,9567.04,9088.69,0,2101.52,2024,1,January,Monday,9567.04,9088.688
2024-01-22,ORD018715,CUST01741,P015,Dining Table,Furniture,Jaipur,Online,Debit Card,1,22810.36,0.0,22810.36,22810.36,0,5229.34,2024,1,January,Monday,22810.36,22810.36
2024-01-22,ORD003323,CUST00307,P009,T-Shirt,Fashion,Surat,Store,UPI,1,1247.56,0.0,1247.56,1247.56,0,347.87,2024,1,January,Monday,1247.56,1247.56
2024-01-22,ORD018543,CUST00572,P009,T-Shirt,Fashion,Pune,Online,Debit Card,1,1243.54,0.2,1243.54,994.83,1,-49.74,2024,1,January,Monday,1243.54,994.832
2024-01-22,ORD043065,CUST04249,P001,Laptop,Electronics,Mumbai,Online,UPI,3,69917.03,0.25,209751.09,157313.32,0,19087.55,2024,1,January,Monday,209751.09,157313.3175
2024-01-22,ORD043135,CUST04785,P005,Office Chair,Furniture,Surat,Online,UPI,4,9776.83,0.15,39107.32,33241.22,0,6592.81,2024,1,January,Monday,39107.32,33241.222
2024-01-22,ORD013648,CUST03015,P009,T-Shirt,Fashion,Pune,Online,UPI,1,1153.07,0.05,1153.07,1095.42,0,238.19,2024,1,January,Monday,1153.07,1095.4164999999998
2024-01-22,ORD043610,CUST00117,P012,Air Fryer,Home,Bengaluru,Store,Credit Card,2,7775.32,0.25,15550.64,11662.98,0,466.52,2024,1,January,Monday,15550.64,11662.98
2024-01-22,ORD013703,CUST00276,P020,Microwave,Home,Ahmedabad,Online,UPI,4,11441.99,0.05,45767.96,43479.56,0,10618.93,2024,1,January,Monday,45767.96,43479.562
2024-01-22,ORD018743,CUST02302,P003,Headphones,Electronics,Kolkata,Online,Credit Card,2,4084.39,0.1,8168.78,7351.9,0,852.73,2024,1,January,Monday,8168.78,7351.902
2024-01-22,ORD024601,CUST02266,P006,Desk,Furniture,Ahmedabad,Store,UPI,2,12745.94,0.1,25491.88,22942.69,0,3149.21,2024,1,January,Monday,25491.88,22942.692000000003
2024-01-22,ORD016820,CUST04654,P015,Dining Table,Furniture,Delhi,Store,Credit Card,1,22430.26,0.1,22430.26,20187.23,0,1221.14,2024,1,January,Monday,22430.26,20187.234
2024-01-22,ORD016787,CUST04968,P010,Coffee Maker,Home,Jaipur,Store,Credit Card,3,6035.85,0.15,18107.55,15391.42,0,3210.43,2024,1,January,Monday,18107.550000000003,15391.4175
2024-01-22,ORD045495,CUST00379,P013,Monitor,Electronics,Pune,Online,UPI,1,16595.52,0.05,16595.52,15765.74,0,2557.93,2024,1,January,Monday,16595.52,15765.743999999999
2024-01-22,ORD014275,CUST01921,P006,Desk,Furniture,Jaipur,Store,Credit Card,1,10918.12,0.1,10918.12,9826.31,0,984.33,2024,1,January,Monday,10918.12,9826.308
2024-01-22,ORD036095,CUST00653,P014,Keyboard,Electronics,Pune,Store,UPI,2,2542.8,0.1,5085.6,4577.04,0,454.95,2024,1,January,Monday,5085.6,4577.040000000001
2024-01-22,ORD036180,CUST01007,P011,Mixer Grinder,Home,Chennai,Online,Credit Card,1,4695.47,0.1,4695.47,4225.92,0,861.37,2024,1,January,Monday,4695.47,4225.923000000001
2024-01-22,ORD016304,CUST03784,P013,Monitor,Electronics,Kolkata,Online,UPI,2,18099.75,0.1,36199.5,32579.55,0,2849.89,2024,1,January,Monday,36199.5,32579.55
2024-01-22,ORD016332,CUST00779,P003,Headphones,Electronics,Hyderabad,Online,UPI,1,4823.79,0.1,4823.79,4341.41,0,641.84,2024,1,January,Monday,4823.79,4341.411
2024-01-22,ORD011051,CUST00320,P015,Dining Table,Furniture,Surat,Online,Cash,1,22097.38,0.1,22097.38,19887.64,0,1282.19,2024,1,January,Monday,22097.38,19887.642
2024-01-22,ORD011154,CUST04977,P019,Vacuum Cleaner,Home,Delhi,Online,Credit Card,3,8370.55,0.15,25111.65,21344.9,0,3904.21,2024,1,January,Monday,25111.649999999998,21344.9025
2024-01-22,ORD039179,CUST04505,P018,Jacket,Fashion,Mumbai,Online,Debit Card,3,5626.94,0.05,16880.82,16036.78,0,2003.57,2024,1,January,Monday,16880.82,16036.778999999999
2024-01-22,ORD036926,CUST02322,P013,Monitor,Electronics,Surat,Online,Cash,1,17859.02,0.2,17859.02,14287.22,0,592.42,2024,1,January,Monday,17859.02,14287.216
2024-01-22,ORD022872,CUST02522,P005,Office Chair,Furniture,Hyderabad,Online,Debit Card,4,9637.38,0.1,38549.52,34694.57,0,7502.16,2024,1,January,Monday,38549.52,34694.568
2024-01-22,ORD011478,CUST01336,P002,Smartphone,Electronics,Hyderabad,Store,UPI,1,27497.45,0.15,27497.45,23372.83,0,6023.07,2024,1,January,Monday,27497.45,23372.8325
2024-01-22,ORD011486,CUST00022,P002,Smartphone,Electronics,Mumbai,Online,UPI,3,26328.35,0.2,78985.05,63188.04,0,11773.92,2024,1,January,Monday,78985.04999999999,63188.04000000001
2024-01-22,ORD037709,CUST02599,P008,Running Shoes,Fashion,Mumbai,Online,UPI,1,4079.9,0.25,4079.9,3059.92,0,339.93,2024,1,January,Monday,4079.9,3059.925
2024-01-22,ORD037838,CUST00742,P014,Keyboard,Electronics,Surat,Online,Net Banking,4,2388.57,0.1,9554.28,8598.85,0,2184.69,2024,1,January,Monday,9554.28,8598.852
2024-01-22,ORD021964,CUST00946,P004,Smartwatch,Electronics,Bengaluru,Store,UPI,1,7499.84,0.1,7499.84,6749.86,0,1344.42,2024,1,January,Monday,7499.84,6749.856000000001
2024-01-22,ORD021331,CUST01522,P009,T-Shirt,Fashion,Chennai,Online,UPI,2,1172.97,0.0,2345.94,2345.94,0,479.65,2024,1,January,Monday,2345.94,2345.94
2024-01-22,ORD016781,CUST02592,P006,Desk,Furniture,Chennai,Store,Credit Card,1,12777.47,0.1,12777.47,11499.72,0,2455.22,2024,1,January,Monday,12777.47,11499.723
2024-01-22,ORD037125,CUST02252,P002,Smartphone,Electronics,Ahmedabad,Online,Credit Card,1,25714.36,0.2,25714.36,20571.49,0,2709.43,2024,1,January,Monday,25714.36,20571.488
2024-01-22,ORD001532,CUST04799,P008,Running Shoes,Fashion,Bengaluru,Online,UPI,1,4405.2,0.0,4405.2,4405.2,0,1002.45,2024,1,January,Monday,4405.2,4405.2
2024-01-22,ORD014818,CUST04223,P016,Sofa,Furniture,Delhi,Online,Cash,2,36474.87,0.1,72949.74,65654.77,1,-3282.74,2024,1,January,Monday,72949.74,65654.766
2024-01-22,ORD000303,CUST00154,P003,Headphones,Electronics,Chennai,Online,UPI,1,4291.68,0.1,4291.68,3862.51,0,789.83,2024,1,January,Monday,4291.68,3862.512
2024-01-22,ORD046900,CUST00222,P006,Desk,Furniture,Delhi,Online,UPI,1,12979.53,0.1,12979.53,11681.58,0,2243.37,2024,1,January,Monday,12979.53,11681.577000000001
2024-01-22,ORD047161,CUST01126,P005,Office Chair,Furniture,Pune,Online,Debit Card,3,10116.74,0.1,30350.22,27315.2,0,3806.71,2024,1,January,Monday,30350.22,27315.198
2024-01-22,ORD048333,CUST03569,P009,T-Shirt,Fashion,Bengaluru,Online,UPI,4,1225.44,0.1,4901.76,4411.58,0,500.44,2024,1,January,Monday,4901.76,4411.584000000001
2024-01-22,ORD047869,CUST00022,P019,Vacuum Cleaner,Home,Chennai,Online,Credit Card,1,8765.05,0.05,8765.05,8326.8,0,1269.52,2024,1,January,Monday,8765.05,8326.797499999999
2024-01-22,ORD048545,CUST01463,P009,T-Shirt,Fashion,Pune,Online,Debit Card,1,1283.8,0.1,1283.8,1155.42,0,226.29,2024,1,January,Monday,1283.8,1155.42
2024-01-22,ORD000119,CUST04570,P018,Jacket,Fashion,Kolkata,Online,Cash,4,5481.82,0.0,21927.28,21927.28,0,4038.7,2024,1,January,Monday,21927.28,21927.28
2024-01-22,ORD048376,CUST02218,P017,Jeans,Fashion,Pune,Store,Credit Card,2,2950.52,0.1,5901.04,5310.94,0,1401.83,2024,1,January,Monday,5901.04,5310.936
2024-01-22,ORD046461,CUST03205,P020,Microwave,Home,Bengaluru,Online,Credit Card,1,11573.66,0.05,11573.66,10994.98,0,1761.98,2024,1,January,Monday,11573.66,10994.976999999999
2024-01-22,ORD046676,CUST02090,P014,Keyboard,Electronics,Bengaluru,Store,UPI,2,2622.82,0.1,5245.64,4721.08,0,645.57,2024,1,January,Monday,5245.64,4721.076
2024-01-23,ORD029188,CUST00070,P014,Keyboard,Electronics,Jaipur,Online,Credit Card,1,2508.95,0.15,2508.95,2132.61,0,371.63,2024,1,January,Tuesday,2508.95,2132.6074999999996
2024-01-23,ORD016274,CUST04402,P014,Keyboard,Electronics,Kolkata,Online,Credit Card,5,2419.86,0.05,12099.3,11494.34,1,-574.72,2024,1,January,Tuesday,12099.300000000001,11494.335
2024-01-23,ORD000256,CUST01590,P013,Monitor,Electronics,Pune,Store,Credit Card,2,18532.14,0.05,37064.28,35211.07,0,9348.72,2024,1,January,Tuesday,37064.28,35211.066
2024-01-23,ORD009963,CUST04884,P008,Running Shoes,Fashion,Mumbai,Store,Debit Card,2,4252.43,0.05,8504.86,8079.62,0,1159.86,2024,1,January,Tuesday,8504.86,8079.617
2024-01-23,ORD023002,CUST00944,P007,Backpack,Accessories,Chennai,Online,UPI,1,2095.04,0.05,2095.04,1990.29,0,517.82,2024,1,January,Tuesday,2095.04,1990.2879999999998
2024-01-23,ORD029361,CUST03592,P003,Headphones,Electronics,Mumbai,Store,UPI,1,4357.0,0.15,4357.0,3703.45,0,251.58,2024,1,January,Tuesday,4357.0,3703.45
2024-01-23,ORD001016,CUST03828,P015,Dining Table,Furniture,Hyderabad,Online,Credit Card,1,22735.74,0.15,22735.74,19325.38,1,-966.27,2024,1,January,Tuesday,22735.74,19325.379
2024-01-23,ORD020587,CUST01692,P016,Sofa,Furniture,Bengaluru,Store,UPI,1,36691.24,0.15,36691.24,31187.55,0,5099.7,2024,1,January,Tuesday,36691.24,31187.553999999996
2024-01-23,ORD009999,CUST00943,P018,Jacket,Fashion,Ahmedabad,Store,UPI,2,5485.82,0.05,10971.64,10423.06,0,1308.27,2024,1,January,Tuesday,10971.64,10423.057999999999
2024-01-23,ORD002637,CUST03853,P013,Monitor,Electronics,Chennai,Online,Cash,2,19574.14,0.1,39148.28,35233.45,0,5777.07,2024,1,January,Tuesday,39148.28,35233.452
2024-01-23,ORD029225,CUST01194,P013,Monitor,Electronics,Hyderabad,Online,Credit Card,1,19178.7,0.1,19178.7,17260.83,0,1614.15,2024,1,January,Tuesday,19178.7,17260.83
2024-01-23,ORD042412,CUST02618,P011,Mixer Grinder,Home,Bengaluru,Online,Cash,5,4767.98,0.0,23839.9,23839.9,0,4178.66,2024,1,January,Tuesday,23839.899999999998,23839.9
2024-01-23,ORD035856,CUST03059,P013,Monitor,Electronics,Pune,Store,Credit Card,1,19687.32,0.15,19687.32,16734.22,0,4147.08,2024,1,January,Tuesday,19687.32,16734.221999999998
2024-01-23,ORD022647,CUST03841,P013,Monitor,Electronics,Delhi,Store,Debit Card,2,18974.77,0.05,37949.54,36052.06,0,3778.31,2024,1,January,Tuesday,37949.54,36052.063
2024-01-23,ORD039920,CUST02207,P009,T-Shirt,Fashion,Jaipur,Online,UPI,3,1265.89,0.05,3797.67,3607.79,1,-180.39,2024,1,January,Tuesday,3797.67,3607.7864999999997
2024-01-23,ORD007691,CUST02857,P015,Dining Table,Furniture,Chennai,Online,Credit Card,2,20159.05,0.05,40318.1,38302.2,1,-1915.11,2024,1,January,Tuesday,40318.1,38302.195
2024-01-23,ORD034026,CUST00836,P006,Desk,Furniture,Jaipur,Online,Cash,1,11819.41,0.1,11819.41,10637.47,0,978.16,2024,1,January,Tuesday,11819.41,10637.469000000001
2024-01-23,ORD001818,CUST01069,P008,Running Shoes,Fashion,Delhi,Store,UPI,1,3983.31,0.25,3983.31,2987.48,0,183.71,2024,1,January,Tuesday,3983.31,2987.4825
2024-01-23,ORD044614,CUST00466,P008,Running Shoes,Fashion,Hyderabad,Store,UPI,4,4151.29,0.15,16605.16,14114.39,0,3428.55,2024,1,January,Tuesday,16605.16,14114.385999999999
2024-01-23,ORD041725,CUST04922,P017,Jeans,Fashion,Hyderabad,Store,Credit Card,1,2823.74,0.15,2823.74,2400.18,0,333.81,2024,1,January,Tuesday,2823.74,2400.1789999999996
2024-01-23,ORD014728,CUST01852,P013,Monitor,Electronics,Mumbai,Store,UPI,1,18516.48,0.1,18516.48,16664.83,0,2324.03,2024,1,January,Tuesday,18516.48,16664.832
2024-01-23,ORD045227,CUST00288,P013,Monitor,Electronics,Ahmedabad,Online,UPI,1,18297.55,0.25,18297.55,13723.16,1,-686.16,2024,1,January,Tuesday,18297.55,13723.162499999999
2024-01-23,ORD006284,CUST00223,P018,Jacket,Fashion,Chennai,Online,UPI,2,5147.28,0.0,10294.56,10294.56,0,2855.78,2024,1,January,Tuesday,10294.56,10294.56
2024-01-23,ORD006737,CUST03138,P001,Laptop,Electronics,Mumbai,Online,Debit Card,1,64723.84,0.05,64723.84,61487.65,0,10496.41,2024,1,January,Tuesday,64723.84,61487.647999999994
2024-01-23,ORD024087,CUST01051,P012,Air Fryer,Home,Jaipur,Online,Debit Card,3,7332.15,0.1,21996.45,19796.8,0,2031.38,2024,1,January,Tuesday,21996.449999999997,19796.805
2024-01-23,ORD017112,CUST02589,P001,Laptop,Electronics,Jaipur,Online,UPI,1,70930.47,0.2,70930.47,56744.38,0,10384.86,2024,1,January,Tuesday,70930.47,56744.376000000004
2024-01-23,ORD034664,CUST03014,P010,Coffee Maker,Home,Delhi,Store,Cash,1,5621.36,0.0,5621.36,5621.36,0,1426.26,2024,1,January,Tuesday,5621.36,5621.36
2024-01-23,ORD036738,CUST00938,P018,Jacket,Fashion,Kolkata,Online,Credit Card,2,5206.51,0.15,10413.02,8851.07,1,-442.55,2024,1,January,Tuesday,10413.02,8851.067000000001
2024-01-23,ORD032569,CUST00951,P005,Office Chair,Furniture,Surat,Store,UPI,1,10341.67,0.1,10341.67,9307.5,0,1257.51,2024,1,January,Tuesday,10341.67,9307.503
2024-01-23,ORD032714,CUST01713,P008,Running Shoes,Fashion,Chennai,Store,Credit Card,2,4095.93,0.05,8191.86,7782.27,0,663.04,2024,1,January,Tuesday,8191.86,7782.266999999999
2024-01-23,ORD004008,CUST02810,P008,Running Shoes,Fashion,Surat,Online,UPI,1,3855.62,0.2,3855.62,3084.5,1,-154.23,2024,1,January,Tuesday,3855.62,3084.496
2024-01-23,ORD033071,CUST01592,P002,Smartphone,Electronics,Jaipur,Store,Cash,1,30240.45,0.05,30240.45,28728.43,0,7382.79,2024,1,January,Tuesday,30240.45,28728.427499999998
2024-01-23,ORD023657,CUST00810,P002,Smartphone,Electronics,Delhi,Online,Credit Card,1,30324.19,0.05,30324.19,28807.98,0,3071.78,2024,1,January,Tuesday,30324.19,28807.980499999998
2024-01-23,ORD010344,CUST02476,P002,Smartphone,Electronics,Ahmedabad,Store,Debit Card,2,26107.38,0.1,52214.76,46993.28,0,10769.98,2024,1,January,Tuesday,52214.76,46993.284
2024-01-23,ORD008497,CUST03874,P004,Smartwatch,Electronics,Delhi,Store,Credit Card,2,6958.41,0.1,13916.82,12525.14,0,2424.62,2024,1,January,Tuesday,13916.82,12525.138
2024-01-23,ORD006629,CUST04707,P020,Microwave,Home,Mumbai,Online,Credit Card,1,10146.32,0.0,10146.32,10146.32,0,1886.08,2024,1,January,Tuesday,10146.32,10146.32
2024-01-23,ORD016760,CUST02294,P017,Jeans,Fashion,Hyderabad,Online,UPI,2,2802.9,0.1,5605.8,5045.22,0,1025.71,2024,1,January,Tuesday,5605.8,5045.22
2024-01-23,ORD015086,CUST00448,P008,Running Shoes,Fashion,Hyderabad,Online,UPI,1,4200.53,0.0,4200.53,4200.53,0,1027.71,2024,1,January,Tuesday,4200.53,4200.53
2024-01-23,ORD043141,CUST04039,P009,T-Shirt,Fashion,Delhi,Online,UPI,2,1146.23,0.1,2292.46,2063.21,0,302.45,2024,1,January,Tuesday,2292.46,2063.214
2024-01-23,ORD035495,CUST01709,P015,Dining Table,Furniture,Jaipur,Online,Credit Card,1,21848.85,0.1,21848.85,19663.96,0,1956.19,2024,1,January,Tuesday,21848.85,19663.965
2024-01-23,ORD001029,CUST00932,P013,Monitor,Electronics,Hyderabad,Online,Credit Card,1,16896.76,0.05,16896.76,16051.92,0,2475.44,2024,1,January,Tuesday,16896.76,16051.921999999997
2024-01-23,ORD014703,CUST00416,P014,Keyboard,Electronics,Bengaluru,Online,Net Banking,1,2631.1,0.0,2631.1,2631.1,0,381.31,2024,1,January,Tuesday,2631.1,2631.1
2024-01-23,ORD031694,CUST00623,P003,Headphones,Electronics,Delhi,Online,UPI,2,4265.44,0.15,8530.88,7251.25,0,1508.47,2024,1,January,Tuesday,8530.88,7251.247999999999
2024-01-23,ORD003482,CUST01850,P008,Running Shoes,Fashion,Kolkata,Online,Cash,1,4110.93,0.05,4110.93,3905.38,0,620.16,2024,1,January,Tuesday,4110.93,3905.3835
2024-01-23,ORD038900,CUST03655,P018,Jacket,Fashion,Bengaluru,Online,Debit Card,1,5679.13,0.0,5679.13,5679.13,0,1613.2,2024,1,January,Tuesday,5679.13,5679.13
2024-01-23,ORD029619,CUST00197,P004,Smartwatch,Electronics,Surat,Store,Credit Card,1,7543.61,0.1,7543.61,6789.25,0,1168.25,2024,1,January,Tuesday,7543.61,6789.249
2024-01-23,ORD028847,CUST03752,P008,Running Shoes,Fashion,Hyderabad,Online,Debit Card,1,3853.49,0.15,3853.49,3275.47,0,505.05,2024,1,January,Tuesday,3853.49,3275.4664999999995
2024-01-23,ORD005277,CUST00538,P017,Jeans,Fashion,Bengaluru,Online,UPI,1,2697.27,0.05,2697.27,2562.41,1,-128.12,2024,1,January,Tuesday,2697.27,2562.4065
2024-01-23,ORD026625,CUST02789,P014,Keyboard,Electronics,Delhi,Online,Cash,3,2544.08,0.2,7632.24,6105.79,0,804.67,2024,1,January,Tuesday,7632.24,6105.792
2024-01-23,ORD018567,CUST02586,P011,Mixer Grinder,Home,Kolkata,Online,Credit Card,1,4687.31,0.05,4687.31,4452.94,0,754.48,2024,1,January,Tuesday,4687.31,4452.9445000000005
2024-01-23,ORD040036,CUST04772,P001,Laptop,Electronics,Surat,Online,UPI,1,65483.79,0.2,65483.79,52387.03,0,2492.51,2024,1,January,Tuesday,65483.79,52387.03200000001
2024-01-23,ORD017513,CUST03344,P009,T-Shirt,Fashion,Jaipur,Store,Credit Card,3,1198.61,0.05,3595.83,3416.04,0,826.58,2024,1,January,Tuesday,3595.83,3416.0384999999997
2024-01-23,ORD045586,CUST03730,P006,Desk,Furniture,Hyderabad,Online,Credit Card,1,12521.79,0.05,12521.79,11895.7,0,1552.94,2024,1,January,Tuesday,12521.79,11895.7005
2024-01-23,ORD025012,CUST00976,P008,Running Shoes,Fashion,Hyderabad,Store,UPI,4,4305.07,0.0,17220.28,17220.28,0,3114.4,2024,1,January,Tuesday,17220.28,17220.28
2024-01-23,ORD016493,CUST00314,P012,Air Fryer,Home,Bengaluru,Online,Credit Card,2,7582.62,0.1,15165.24,13648.72,0,2392.83,2024,1,January,Tuesday,15165.24,13648.716
2024-01-23,ORD034704,CUST01742,P001,Laptop,Electronics,Bengaluru,Store,Credit Card,4,65708.18,0.0,262832.72,262832.72,0,59532.92,2024,1,January,Tuesday,262832.72,262832.72
2024-01-23,ORD005721,CUST00247,P007,Backpack,Accessories,Delhi,Online,Debit Card,1,2019.17,0.1,2019.17,1817.25,0,370.6,2024,1,January,Tuesday,2019.17,1817.2530000000002
2024-01-23,ORD037717,CUST03040,P011,Mixer Grinder,Home,Surat,Online,Credit Card,1,5232.99,0.05,5232.99,4971.34,0,1277.85,2024,1,January,Tuesday,5232.99,4971.340499999999
2024-01-23,ORD005585,CUST04106,P010,Coffee Maker,Home,Pune,Online,Credit Card,1,5503.84,0.15,5503.84,4678.26,0,376.71,2024,1,January,Tuesday,5503.84,4678.264
2024-01-23,ORD021140,CUST04788,P016,Sofa,Furniture,Bengaluru,Store,UPI,2,35411.78,0.1,70823.56,63741.2,0,12357.11,2024,1,January,Tuesday,70823.56,63741.204
2024-01-23,ORD036566,CUST02732,P001,Laptop,Electronics,Mumbai,Online,Debit Card,2,68436.18,0.2,136872.36,109497.89,0,4822.41,2024,1,January,Tuesday,136872.36,109497.88799999999
2024-01-23,ORD003576,CUST02245,P011,Mixer Grinder,Home,Hyderabad,Store,Credit Card,1,4682.68,0.05,4682.68,4448.55,0,1209.34,2024,1,January,Tuesday,4682.68,4448.546
2024-01-23,ORD009618,CUST04512,P004,Smartwatch,Electronics,Mumbai,Online,UPI,1,7450.09,0.05,7450.09,7077.59,0,1467.69,2024,1,January,Tuesday,7450.09,7077.5855
2024-01-23,ORD031231,CUST02398,P013,Monitor,Electronics,Surat,Online,Net Banking,1,16735.51,0.2,16735.51,13388.41,0,3447.31,2024,1,January,Tuesday,16735.51,13388.408
2024-01-23,ORD027614,CUST02433,P002,Smartphone,Electronics,Bengaluru,Online,Cash,2,27903.22,0.1,55806.44,50225.8,0,4874.93,2024,1,January,Tuesday,55806.44,50225.796
2024-01-23,ORD029236,CUST00427,P011,Mixer Grinder,Home,Bengaluru,Online,UPI,3,4543.65,0.0,13630.95,13630.95,0,3890.5,2024,1,January,Tuesday,13630.949999999999,13630.95
2024-01-23,ORD041988,CUST01999,P014,Keyboard,Electronics,Chennai,Store,Net Banking,1,2539.49,0.05,2539.49,2412.52,0,580.5,2024,1,January,Tuesday,2539.49,2412.5154999999995
2024-01-23,ORD006999,CUST00662,P012,Air Fryer,Home,Delhi,Online,Debit Card,1,7808.79,0.15,7808.79,6637.47,0,913.19,2024,1,January,Tuesday,7808.79,6637.4715
2024-01-23,ORD000053,CUST03637,P016,Sofa,Furniture,Delhi,Store,UPI,1,35240.42,0.1,35240.42,31716.38,0,8274.69,2024,1,January,Tuesday,35240.42,31716.378
2024-01-23,ORD030183,CUST02178,P018,Jacket,Fashion,Surat,Online,Credit Card,1,5276.47,0.0,5276.47,5276.47,0,608.62,2024,1,January,Tuesday,5276.47,5276.47
2024-01-23,ORD001042,CUST03977,P016,Sofa,Furniture,Hyderabad,Online,UPI,2,37837.61,0.15,75675.22,64323.94,0,16703.38,2024,1,January,Tuesday,75675.22,64323.937
2024-01-23,ORD035286,CUST01569,P002,Smartphone,Electronics,Mumbai,Store,Credit Card,3,25363.6,0.1,76090.8,68481.72,0,16294.74,2024,1,January,Tuesday,76090.79999999999,68481.72
2024-01-23,ORD025692,CUST02653,P016,Sofa,Furniture,Pune,Online,Debit Card,1,37613.03,0.1,37613.03,33851.73,0,2557.91,2024,1,January,Tuesday,37613.03,33851.727
2024-01-23,ORD009654,CUST02622,P005,Office Chair,Furniture,Chennai,Online,Credit Card,1,8821.6,0.05,8821.6,8380.52,0,786.56,2024,1,January,Tuesday,8821.6,8380.52
2024-01-23,ORD029238,CUST04636,P015,Dining Table,Furniture,Ahmedabad,Store,Credit Card,1,20901.45,0.05,20901.45,19856.38,0,3918.78,2024,1,January,Tuesday,20901.45,19856.3775
2024-01-23,ORD013622,CUST03416,P009,T-Shirt,Fashion,Chennai,Online,Credit Card,1,1273.27,0.05,1273.27,1209.61,0,124.75,2024,1,January,Tuesday,1273.27,1209.6064999999999
2024-01-23,ORD041437,CUST04846,P009,T-Shirt,Fashion,Bengaluru,Online,UPI,1,1226.41,0.1,1226.41,1103.77,0,110.27,2024,1,January,Tuesday,1226.41,1103.769
2024-01-23,ORD040181,CUST00097,P005,Office Chair,Furniture,Surat,Online,Debit Card,1,10383.87,0.05,10383.87,9864.68,0,1441.54,2024,1,January,Tuesday,10383.87,9864.6765
2024-01-23,ORD022821,CUST04147,P014,Keyboard,Electronics,Mumbai,Store,Debit Card,3,2496.23,0.0,7488.69,7488.69,0,1901.92,2024,1,January,Tuesday,7488.6900000000005,7488.69
2024-01-23,ORD004130,CUST04335,P014,Keyboard,Electronics,Chennai,Online,Credit Card,1,2427.6,0.05,2427.6,2306.22,0,618.77,2024,1,January,Tuesday,2427.6,2306.22
2024-01-23,ORD002302,CUST01441,P018,Jacket,Fashion,Hyderabad,Online,UPI,1,5616.6,0.1,5616.6,5054.94,0,1177.75,2024,1,January,Tuesday,5616.6,5054.9400000000005
2024-01-23,ORD030270,CUST04026,P019,Vacuum Cleaner,Home,Hyderabad,Online,UPI,1,8343.2,0.05,8343.2,7926.04,0,1285.33,2024,1,January,Tuesday,8343.2,7926.04
2024-01-23,ORD014250,CUST01297,P012,Air Fryer,Home,Surat,Online,Credit Card,5,7358.49,0.0,36792.45,36792.45,0,3303.01,2024,1,January,Tuesday,36792.45,36792.45
2024-01-24,ORD041766,CUST01875,P017,Jeans,Fashion,Pune,Online,Credit Card,1,2562.67,0.1,2562.67,2306.4,1,-115.32,2024,1,January,Wednesday,2562.67,2306.4030000000002
2024-01-24,ORD012536,CUST02306,P006,Desk,Furniture,Hyderabad,Store,Credit Card,1,11785.5,0.2,11785.5,9428.4,0,1556.56,2024,1,January,Wednesday,11785.5,9428.4
2024-01-24,ORD019311,CUST03338,P010,Coffee Maker,Home,Chennai,Store,UPI,1,5996.18,0.05,5996.18,5696.37,0,867.97,2024,1,January,Wednesday,5996.18,5696.371
2024-01-24,ORD008991,CUST04058,P010,Coffee Maker,Home,Bengaluru,Store,Net Banking,1,4972.69,0.2,4972.69,3978.15,0,819.15,2024,1,January,Wednesday,4972.69,3978.152
2024-01-24,ORD017018,CUST02004,P002,Smartphone,Electronics,Ahmedabad,Store,UPI,1,29324.27,0.05,29324.27,27858.06,0,7591.16,2024,1,January,Wednesday,29324.27,27858.0565
2024-01-24,ORD047313,CUST02230,P013,Monitor,Electronics,Delhi,Store,Debit Card,2,17397.1,0.0,34794.2,34794.2,0,9685.19,2024,1,January,Wednesday,34794.2,34794.2
2024-01-24,ORD028124,CUST03436,P009,T-Shirt,Fashion,Chennai,Store,UPI,5,1193.1,0.0,5965.5,5965.5,0,969.1,2024,1,January,Wednesday,5965.5,5965.5
2024-01-24,ORD037463,CUST00528,P015,Dining Table,Furniture,Kolkata,Online,Credit Card,1,21812.16,0.15,21812.16,18540.34,0,4403.53,2024,1,January,Wednesday,21812.16,18540.336
2024-01-24,ORD000461,CUST03700,P015,Dining Table,Furniture,Chennai,Online,UPI,1,22752.46,0.15,22752.46,19339.59,0,2511.37,2024,1,January,Wednesday,22752.46,19339.591
2024-01-24,ORD019419,CUST02197,P003,Headphones,Electronics,Ahmedabad,Store,UPI,1,4798.37,0.25,4798.37,3598.78,0,663.5,2024,1,January,Wednesday,4798.37,3598.7775
2024-01-24,ORD019410,CUST01853,P010,Coffee Maker,Home,Chennai,Store,Debit Card,1,5537.93,0.1,5537.93,4984.14,0,428.94,2024,1,January,Wednesday,5537.93,4984.137000000001
2024-01-24,ORD020406,CUST01892,P018,Jacket,Fashion,Kolkata,Online,Net Banking,1,5305.73,0.2,5305.73,4244.58,0,810.86,2024,1,January,Wednesday,5305.73,4244.584
2024-01-24,ORD025585,CUST00111,P017,Jeans,Fashion,Bengaluru,Online,UPI,1,2697.29,0.05,2697.29,2562.43,0,181.6,2024,1,January,Wednesday,2697.29,2562.4255
2024-01-24,ORD010858,CUST04030,P006,Desk,Furniture,Hyderabad,Online,Credit Card,1,10929.71,0.15,10929.71,9290.25,0,1275.23,2024,1,January,Wednesday,10929.71,9290.253499999999
2024-01-24,ORD035377,CUST00720,P005,Office Chair,Furniture,Bengaluru,Online,Debit Card,1,10092.54,0.05,10092.54,9587.91,0,1756.22,2024,1,January,Wednesday,10092.54,9587.913
2024-01-24,ORD030234,CUST01879,P017,Jeans,Fashion,Bengaluru,Online,Net Banking,2,2932.72,0.1,5865.44,5278.9,0,1279.57,2024,1,January,Wednesday,5865.44,5278.896
2024-01-24,ORD001673,CUST04060,P004,Smartwatch,Electronics,Hyderabad,Store,Credit Card,2,7226.55,0.15,14453.1,12285.14,0,2466.73,2024,1,January,Wednesday,14453.1,12285.135
2024-01-24,ORD012351,CUST03662,P006,Desk,Furniture,Ahmedabad,Store,Debit Card,1,11573.36,0.15,11573.36,9837.36,0,771.9,2024,1,January,Wednesday,11573.36,9837.356
2024-01-24,ORD043712,CUST00453,P002,Smartphone,Electronics,Surat,Online,Cash,1,27603.64,0.15,27603.64,23463.09,0,5721.71,2024,1,January,Wednesday,27603.64,23463.093999999997
2024-01-24,ORD010621,CUST03931,P016,Sofa,Furniture,Ahmedabad,Online,UPI,4,32831.15,0.2,131324.6,105059.68,1,-5252.98,2024,1,January,Wednesday,131324.6,105059.68000000001
2024-01-24,ORD017871,CUST00470,P020,Microwave,Home,Pune,Store,Debit Card,3,11492.03,0.0,34476.09,34476.09,0,10013.16,2024,1,January,Wednesday,34476.090000000004,34476.09
2024-01-24,ORD038355,CUST02921,P013,Monitor,Electronics,Surat,Online,Credit Card,5,17852.23,0.05,89261.15,84798.09,1,-4239.9,2024,1,January,Wednesday,89261.15,84798.09249999998
2024-01-24,ORD019315,CUST04227,P017,Jeans,Fashion,Delhi,Online,UPI,1,2651.58,0.15,2651.58,2253.84,0,581.99,2024,1,January,Wednesday,2651.58,2253.843
2024-01-24,ORD031075,CUST02002,P005,Office Chair,Furniture,Pune,Store,Credit Card,1,9426.26,0.1,9426.26,8483.63,0,904.11,2024,1,January,Wednesday,9426.26,8483.634
2024-01-24,ORD008094,CUST04726,P011,Mixer Grinder,Home,Ahmedabad,Online,Cash,1,4671.19,0.05,4671.19,4437.63,0,1042.19,2024,1,January,Wednesday,4671.19,4437.630499999999
2024-01-24,ORD033021,CUST03297,P001,Laptop,Electronics,Bengaluru,Online,UPI,1,65718.28,0.2,65718.28,52574.62,0,9021.26,2024,1,January,Wednesday,65718.28,52574.624
2024-01-24,ORD034730,CUST03458,P014,Keyboard,Electronics,Jaipur,Store,Cash,1,2533.82,0.0,2533.82,2533.82,0,533.58,2024,1,January,Wednesday,2533.82,2533.82
2024-01-24,ORD011326,CUST02858,P006,Desk,Furniture,Mumbai,Online,Debit Card,1,12578.33,0.1,12578.33,11320.5,0,3081.31,2024,1,January,Wednesday,12578.33,11320.497
2024-01-24,ORD022451,CUST00706,P010,Coffee Maker,Home,Chennai,Store,Cash,1,5069.03,0.15,5069.03,4308.68,0,1067.03,2024,1,January,Wednesday,5069.03,4308.675499999999
2024-01-24,ORD007017,CUST04403,P003,Headphones,Electronics,Pune,Store,Net Banking,1,4297.88,0.05,4297.88,4082.99,0,1075.34,2024,1,January,Wednesday,4297.88,4082.986
2024-01-24,ORD021316,CUST00816,P007,Backpack,Accessories,Bengaluru,Store,Credit Card,1,2002.81,0.05,2002.81,1902.67,0,489.35,2024,1,January,Wednesday,2002.81,1902.6695
2024-01-24,ORD018489,CUST01777,P015,Dining Table,Furniture,Mumbai,Store,Credit Card,2,23652.63,0.1,47305.26,42574.73,0,6503.52,2024,1,January,Wednesday,47305.26,42574.734000000004
2024-01-24,ORD034334,CUST01157,P007,Backpack,Accessories,Delhi,Store,Cash,2,2075.16,0.2,4150.32,3320.26,0,522.37,2024,1,January,Wednesday,4150.32,3320.256
2024-01-24,ORD037215,CUST04443,P013,Monitor,Electronics,Delhi,Store,Debit Card,2,16861.86,0.0,33723.72,33723.72,0,4350.86,2024,1,January,Wednesday,33723.72,33723.72
2024-01-24,ORD047563,CUST01864,P016,Sofa,Furniture,Bengaluru,Store,UPI,2,35604.86,0.05,71209.72,67649.23,0,8451.26,2024,1,January,Wednesday,71209.72,67649.234
2024-01-24,ORD031978,CUST03747,P011,Mixer Grinder,Home,Jaipur,Online,Net Banking,1,4378.09,0.0,4378.09,4378.09,0,870.23,2024,1,January,Wednesday,4378.09,4378.09
2024-01-24,ORD039156,CUST03447,P018,Jacket,Fashion,Chennai,Store,Net Banking,1,5347.95,0.1,5347.95,4813.16,0,915.11,2024,1,January,Wednesday,5347.95,4813.155
2024-01-24,ORD003656,CUST01379,P019,Vacuum Cleaner,Home,Hyderabad,Online,Debit Card,5,9556.53,0.0,47782.65,47782.65,0,9926.47,2024,1,January,Wednesday,47782.65,47782.65
2024-01-24,ORD035580,CUST04484,P015,Dining Table,Furniture,Kolkata,Online,Debit Card,5,19834.69,0.05,99173.45,94214.78,0,14997.55,2024,1,January,Wednesday,99173.45,94214.7775
2024-01-24,ORD002421,CUST01543,P001,Laptop,Electronics,Pune,Online,UPI,5,69614.82,0.1,348074.1,313266.69,0,64338.67,2024,1,January,Wednesday,348074.10000000003,313266.69
2024-01-24,ORD018608,CUST00522,P017,Jeans,Fashion,Kolkata,Online,Debit Card,1,2689.59,0.05,2689.59,2555.11,0,258.56,2024,1,January,Wednesday,2689.59,2555.1105000000002
2024-01-24,ORD002189,CUST03814,P016,Sofa,Furniture,Surat,Store,UPI,1,37581.32,0.1,37581.32,33823.19,0,2181.44,2024,1,January,Wednesday,37581.32,33823.188
2024-01-24,ORD049359,CUST02215,P019,Vacuum Cleaner,Home,Bengaluru,Online,UPI,1,9701.5,0.1,9701.5,8731.35,0,855.88,2024,1,January,Wednesday,9701.5,8731.35
2024-01-24,ORD024469,CUST00791,P013,Monitor,Electronics,Ahmedabad,Store,UPI,1,18436.99,0.0,18436.99,18436.99,0,3557.95,2024,1,January,Wednesday,18436.99,18436.99
2024-01-24,ORD049292,CUST02470,P011,Mixer Grinder,Home,Chennai,Store,Credit Card,4,4699.44,0.05,18797.76,17857.87,0,1859.41,2024,1,January,Wednesday,18797.76,17857.872
2024-01-24,ORD040219,CUST04096,P013,Monitor,Electronics,Ahmedabad,Store,UPI,1,16245.59,0.15,16245.59,13808.75,0,3047.9,2024,1,January,Wednesday,16245.59,13808.7515
2024-01-24,ORD046402,CUST03900,P009,T-Shirt,Fashion,Chennai,Online,UPI,3,1165.9,0.05,3497.7,3322.82,1,-166.14,2024,1,January,Wednesday,3497.7000000000003,3322.8149999999996
2024-01-24,ORD039203,CUST02457,P006,Desk,Furniture,Kolkata,Online,UPI,2,12555.69,0.1,25111.38,22600.24,0,5737.77,2024,1,January,Wednesday,25111.38,22600.242000000002
2024-01-24,ORD014906,CUST04094,P007,Backpack,Accessories,Jaipur,Store,UPI,4,2044.38,0.05,8177.52,7768.64,0,1625.87,2024,1,January,Wednesday,8177.52,7768.644
2024-01-24,ORD014315,CUST03843,P004,Smartwatch,Electronics,Surat,Online,UPI,5,7329.06,0.0,36645.3,36645.3,0,7110.39,2024,1,January,Wednesday,36645.3,36645.3
2024-01-24,ORD008192,CUST00894,P015,Dining Table,Furniture,Bengaluru,Store,Credit Card,1,21533.4,0.15,21533.4,18303.39,0,2185.36,2024,1,January,Wednesday,21533.4,18303.39
2024-01-24,ORD006585,CUST02898,P014,Keyboard,Electronics,Hyderabad,Online,Credit Card,1,2523.48,0.1,2523.48,2271.13,0,328.56,2024,1,January,Wednesday,2523.48,2271.132
2024-01-24,ORD029423,CUST00107,P009,T-Shirt,Fashion,Bengaluru,Store,Debit Card,2,1285.78,0.15,2571.56,2185.83,0,211.16,2024,1,January,Wednesday,2571.56,2185.826
2024-01-24,ORD013472,CUST00530,P007,Backpack,Accessories,Delhi,Store,Credit Card,1,1996.89,0.15,1996.89,1697.36,0,142.75,2024,1,January,Wednesday,1996.89,1697.3565
2024-01-24,ORD034392,CUST00437,P008,Running Shoes,Fashion,Jaipur,Online,Net Banking,1,4535.75,0.1,4535.75,4082.18,0,786.77,2024,1,January,Wednesday,4535.75,4082.175
2024-01-24,ORD041965,CUST03620,P017,Jeans,Fashion,Kolkata,Store,UPI,5,2622.67,0.2,13113.35,10490.68,0,2426.0,2024,1,January,Wednesday,13113.35,10490.68
2024-01-24,ORD036440,CUST00393,P001,Laptop,Electronics,Pune,Online,Credit Card,1,71426.2,0.2,71426.2,57140.96,0,4728.37,2024,1,January,Wednesday,71426.2,57140.96
2024-01-24,ORD023511,CUST02199,P013,Monitor,Electronics,Kolkata,Store,Credit Card,1,18066.24,0.0,18066.24,18066.24,0,2450.69,2024,1,January,Wednesday,18066.24,18066.24
2024-01-24,ORD011498,CUST00573,P010,Coffee Maker,Home,Surat,Online,UPI,4,5814.36,0.0,23257.44,23257.44,0,1980.69,2024,1,January,Wednesday,23257.44,23257.44
2024-01-24,ORD018723,CUST02030,P009,T-Shirt,Fashion,Pune,Store,UPI,2,1262.88,0.15,2525.76,2146.9,0,559.35,2024,1,January,Wednesday,2525.76,2146.896
2024-01-24,ORD048207,CUST04427,P002,Smartphone,Electronics,Ahmedabad,Online,UPI,1,30528.33,0.15,30528.33,25949.08,0,3191.86,2024,1,January,Wednesday,30528.33,25949.0805
2024-01-24,ORD026865,CUST02777,P012,Air Fryer,Home,Delhi,Store,UPI,1,7457.77,0.2,7457.77,5966.22,0,1373.75,2024,1,January,Wednesday,7457.77,5966.216
2024-01-24,ORD024525,CUST01150,P020,Microwave,Home,Chennai,Store,Credit Card,1,10026.39,0.1,10026.39,9023.75,0,945.85,2024,1,January,Wednesday,10026.39,9023.751
2024-01-24,ORD019252,CUST01855,P016,Sofa,Furniture,Bengaluru,Online,UPI,2,36041.09,0.1,72082.18,64873.96,0,4193.81,2024,1,January,Wednesday,72082.18,64873.96199999999
2024-01-24,ORD012404,CUST00400,P002,Smartphone,Electronics,Ahmedabad,Online,Credit Card,1,26593.39,0.1,26593.39,23934.05,0,1706.65,2024,1,January,Wednesday,26593.39,23934.051
2024-01-24,ORD041647,CUST00756,P005,Office Chair,Furniture,Hyderabad,Online,Cash,1,8597.38,0.15,8597.38,7307.77,0,1496.32,2024,1,January,Wednesday,8597.38,7307.772999999999
2024-01-24,ORD027178,CUST02515,P005,Office Chair,Furniture,Pune,Store,UPI,1,8777.23,0.1,8777.23,7899.51,0,910.13,2024,1,January,Wednesday,8777.23,7899.507
2024-01-24,ORD030303,CUST01110,P001,Laptop,Electronics,Chennai,Online,UPI,1,60887.75,0.1,60887.75,54798.98,0,13916.64,2024,1,January,Wednesday,60887.75,54798.975
2024-01-24,ORD028933,CUST04485,P007,Backpack,Accessories,Chennai,Online,Credit Card,4,2408.54,0.15,9634.16,8189.04,0,1049.05,2024,1,January,Wednesday,9634.16,8189.036
2024-01-24,ORD013448,CUST01423,P001,Laptop,Electronics,Chennai,Store,UPI,1,68990.38,0.1,68990.38,62091.34,0,5981.1,2024,1,January,Wednesday,68990.38,62091.342000000004
2024-01-25,ORD045311,CUST02325,P001,Laptop,Electronics,Hyderabad,Online,Credit Card,1,69305.84,0.05,69305.84,65840.55,0,19029.99,2024,1,January,Thursday,69305.84,65840.548
2024-01-25,ORD026068,CUST03044,P017,Jeans,Fashion,Mumbai,Online,Credit Card,2,2809.03,0.1,5618.06,5056.25,0,1135.97,2024,1,January,Thursday,5618.06,5056.254000000001
2024-01-25,ORD009585,CUST02877,P008,Running Shoes,Fashion,Delhi,Store,Debit Card,1,4120.87,0.05,4120.87,3914.83,0,1126.94,2024,1,January,Thursday,4120.87,3914.8264999999997
2024-01-25,ORD044467,CUST04781,P004,Smartwatch,Electronics,Jaipur,Online,Debit Card,2,7272.53,0.1,14545.06,13090.55,0,1779.68,2024,1,January,Thursday,14545.06,13090.554
2024-01-25,ORD005419,CUST02341,P012,Air Fryer,Home,Mumbai,Store,Debit Card,1,6542.54,0.25,6542.54,4906.9,0,196.28,2024,1,January,Thursday,6542.54,4906.905
2024-01-25,ORD016543,CUST00382,P004,Smartwatch,Electronics,Chennai,Online,Cash,1,6628.99,0.0,6628.99,6628.99,0,1228.71,2024,1,January,Thursday,6628.99,6628.99
2024-01-25,ORD042274,CUST03072,P014,Keyboard,Electronics,Surat,Online,Credit Card,2,2746.8,0.1,5493.6,4944.24,0,972.13,2024,1,January,Thursday,5493.6,4944.240000000001
2024-01-25,ORD036048,CUST03523,P009,T-Shirt,Fashion,Bengaluru,Store,Debit Card,2,1159.05,0.05,2318.1,2202.19,0,282.37,2024,1,January,Thursday,2318.1,2202.1949999999997
2024-01-25,ORD029739,CUST03324,P003,Headphones,Electronics,Bengaluru,Online,UPI,3,4945.91,0.05,14837.73,14095.84,0,1481.35,2024,1,January,Thursday,14837.73,14095.843499999999
2024-01-25,ORD019628,CUST00190,P016,Sofa,Furniture,Mumbai,Online,Debit Card,1,32930.86,0.05,32930.86,31284.32,0,6696.12,2024,1,January,Thursday,32930.86,31284.317
2024-01-25,ORD009778,CUST00642,P011,Mixer Grinder,Home,Bengaluru,Online,Credit Card,1,4544.76,0.1,4544.76,4090.28,0,1124.15,2024,1,January,Thursday,4544.76,4090.284
2024-01-25,ORD002523,CUST01855,P007,Backpack,Accessories,Ahmedabad,Online,Debit Card,1,2201.09,0.05,2201.09,2091.04,0,350.8,2024,1,January,Thursday,2201.09,2091.0355
2024-01-25,ORD045781,CUST04664,P013,Monitor,Electronics,Jaipur,Store,Cash,2,19006.59,0.0,38013.18,38013.18,0,5887.54,2024,1,January,Thursday,38013.18,38013.18
2024-01-25,ORD035609,CUST04560,P005,Office Chair,Furniture,Jaipur,Online,Net Banking,1,9420.34,0.05,9420.34,8949.32,0,1400.48,2024,1,January,Thursday,9420.34,8949.323
2024-01-25,ORD017988,CUST00139,P015,Dining Table,Furniture,Surat,Store,Debit Card,1,21591.65,0.15,21591.65,18352.9,1,-917.65,2024,1,January,Thursday,21591.65,18352.9025
2024-01-25,ORD049888,CUST01507,P002,Smartphone,Electronics,Mumbai,Store,Debit Card,2,27830.83,0.0,55661.66,55661.66,0,9310.91,2024,1,January,Thursday,55661.66,55661.66
2024-01-25,ORD036312,CUST04396,P016,Sofa,Furniture,Hyderabad,Store,Credit Card,1,36366.14,0.1,36366.14,32729.53,0,2692.72,2024,1,January,Thursday,36366.14,32729.526
2024-01-25,ORD036979,CUST04922,P001,Laptop,Electronics,Ahmedabad,Store,UPI,2,58535.22,0.05,117070.44,111216.92,0,10655.14,2024,1,January,Thursday,117070.44,111216.91799999999
2024-01-25,ORD040831,CUST04883,P015,Dining Table,Furniture,Surat,Store,UPI,4,21743.46,0.05,86973.84,82625.15,0,11573.95,2024,1,January,Thursday,86973.84,82625.14799999999
2024-01-25,ORD026971,CUST02810,P008,Running Shoes,Fashion,Hyderabad,Online,Debit Card,1,3976.28,0.0,3976.28,3976.28,0,457.93,2024,1,January,Thursday,3976.28,3976.28
2024-01-25,ORD023778,CUST02539,P004,Smartwatch,Electronics,Surat,Store,UPI,2,6306.04,0.1,12612.08,11350.87,0,878.23,2024,1,January,Thursday,12612.08,11350.872
2024-01-25,ORD016886,CUST03243,P015,Dining Table,Furniture,Jaipur,Online,Credit Card,2,19966.13,0.2,39932.26,31945.81,0,6937.85,2024,1,January,Thursday,39932.26,31945.808000000005
2024-01-25,ORD037122,CUST02540,P005,Office Chair,Furniture,Ahmedabad,Store,UPI,1,9815.27,0.25,9815.27,7361.45,0,1785.15,2024,1,January,Thursday,9815.27,7361.4525
2024-01-25,ORD026106,CUST02897,P001,Laptop,Electronics,Delhi,Store,UPI,3,71280.02,0.0,213840.06,213840.06,0,39196.65,2024,1,January,Thursday,213840.06,213840.06
2024-01-25,ORD019769,CUST01321,P019,Vacuum Cleaner,Home,Pune,Store,Cash,1,8158.94,0.1,8158.94,7343.05,0,1731.06,2024,1,January,Thursday,8158.94,7343.045999999999
2024-01-25,ORD042905,CUST03033,P001,Laptop,Electronics,Surat,Store,UPI,1,67565.42,0.0,67565.42,67565.42,0,5762.73,2024,1,January,Thursday,67565.42,67565.42
2024-01-25,ORD014965,CUST00429,P007,Backpack,Accessories,Pune,Online,Cash,1,2417.71,0.1,2417.71,2175.94,0,237.96,2024,1,January,Thursday,2417.71,2175.9390000000003
2024-01-25,ORD030826,CUST04296,P003,Headphones,Electronics,Hyderabad,Online,Debit Card,1,4351.59,0.1,4351.59,3916.43,0,734.37,2024,1,January,Thursday,4351.59,3916.431
2024-01-25,ORD020721,CUST00965,P014,Keyboard,Electronics,Jaipur,Online,Debit Card,1,2347.38,0.15,2347.38,1995.27,0,529.81,2024,1,January,Thursday,2347.38,1995.2730000000001
2024-01-25,ORD036599,CUST03973,P010,Coffee Maker,Home,Kolkata,Store,Credit Card,2,5329.97,0.0,10659.94,10659.94,0,1639.67,2024,1,January,Thursday,10659.94,10659.94
2024-01-25,ORD003684,CUST00703,P006,Desk,Furniture,Pune,Online,Debit Card,2,12801.57,0.0,25603.14,25603.14,0,6314.23,2024,1,January,Thursday,25603.14,25603.14
2024-01-25,ORD008611,CUST02291,P013,Monitor,Electronics,Bengaluru,Online,Credit Card,2,18633.02,0.15,37266.04,31676.13,0,3817.24,2024,1,January,Thursday,37266.04,31676.134
2024-01-25,ORD034100,CUST02100,P015,Dining Table,Furniture,Kolkata,Online,UPI,5,22867.65,0.15,114338.25,97187.51,0,15764.15,2024,1,January,Thursday,114338.25,97187.5125
2024-01-25,ORD022540,CUST02956,P008,Running Shoes,Fashion,Surat,Store,Cash,2,3878.03,0.25,7756.06,5817.04,0,1379.81,2024,1,January,Thursday,7756.06,5817.045
2024-01-25,ORD024863,CUST03415,P006,Desk,Furniture,Mumbai,Online,UPI,1,13155.39,0.05,13155.39,12497.62,0,3081.46,2024,1,January,Thursday,13155.39,12497.620499999999
2024-01-25,ORD003584,CUST01086,P006,Desk,Furniture,Bengaluru,Online,UPI,5,13157.27,0.1,65786.35,59207.72,0,8700.13,2024,1,January,Thursday,65786.35,59207.715000000004
2024-01-25,ORD020678,CUST01758,P005,Office Chair,Furniture,Delhi,Store,Credit Card,1,9422.72,0.0,9422.72,9422.72,0,2029.87,2024,1,January,Thursday,9422.72,9422.72
2024-01-25,ORD018407,CUST03191,P013,Monitor,Electronics,Ahmedabad,Online,Debit Card,3,16866.78,0.0,50600.34,50600.34,0,13556.57,2024,1,January,Thursday,50600.34,50600.34
2024-01-25,ORD048826,CUST01258,P017,Jeans,Fashion,Chennai,Store,UPI,2,3016.33,0.2,6032.66,4826.13,0,1096.59,2024,1,January,Thursday,6032.66,4826.128
2024-01-25,ORD008257,CUST04558,P009,T-Shirt,Fashion,Surat,Store,Credit Card,1,1160.03,0.0,1160.03,1160.03,0,317.78,2024,1,January,Thursday,1160.03,1160.03
2024-01-25,ORD037150,CUST02263,P013,Monitor,Electronics,Ahmedabad,Store,Debit Card,1,16373.79,0.15,16373.79,13917.72,0,3387.29,2024,1,January,Thursday,16373.79,13917.7215
2024-01-25,ORD025773,CUST00741,P014,Keyboard,Electronics,Pune,Online,Credit Card,1,2512.4,0.1,2512.4,2261.16,0,452.39,2024,1,January,Thursday,2512.4,2261.1600000000003
2024-01-25,ORD004590,CUST00161,P005,Office Chair,Furniture,Mumbai,Store,UPI,1,10174.96,0.25,10174.96,7631.22,0,380.02,2024,1,January,Thursday,10174.96,7631.219999999999
2024-01-25,ORD043222,CUST00822,P020,Microwave,Home,Bengaluru,Store,Credit Card,1,12062.0,0.2,12062.0,9649.6,0,672.97,2024,1,January,Thursday,12062.0,9649.6
2024-01-25,ORD037320,CUST03981,P013,Monitor,Electronics,Pune,Online,UPI,2,19454.72,0.1,38909.44,35018.5,0,8999.03,2024,1,January,Thursday,38909.44,35018.49600000001
2024-01-25,ORD030925,CUST01018,P014,Keyboard,Electronics,Surat,Online,UPI,1,2644.2,0.2,2644.2,2115.36,0,549.89,2024,1,January,Thursday,2644.2,2115.36
2024-01-25,ORD045126,CUST02973,P004,Smartwatch,Electronics,Hyderabad,Online,UPI,1,7123.45,0.2,7123.45,5698.76,0,844.15,2024,1,January,Thursday,7123.45,5698.76
2024-01-25,ORD044739,CUST00329,P004,Smartwatch,Electronics,Pune,Store,Credit Card,3,7697.79,0.1,23093.37,20784.03,0,3033.39,2024,1,January,Thursday,23093.37,20784.033
2024-01-25,ORD046420,CUST02789,P004,Smartwatch,Electronics,Hyderabad,Online,Cash,1,6335.19,0.15,6335.19,5384.91,0,1068.04,2024,1,January,Thursday,6335.19,5384.911499999999
2024-01-25,ORD011402,CUST03418,P001,Laptop,Electronics,Bengaluru,Store,Debit Card,1,68065.06,0.0,68065.06,68065.06,0,6071.1,2024,1,January,Thursday,68065.06,68065.06
2024-01-25,ORD038015,CUST01681,P018,Jacket,Fashion,Kolkata,Online,Credit Card,1,5614.12,0.05,5614.12,5333.41,0,843.88,2024,1,January,Thursday,5614.12,5333.414
2024-01-25,ORD003550,CUST03462,P004,Smartwatch,Electronics,Ahmedabad,Store,Net Banking,1,6958.61,0.15,6958.61,5914.82,0,687.97,2024,1,January,Thursday,6958.61,5914.818499999999
2024-01-25,ORD038146,CUST00292,P015,Dining Table,Furniture,Mumbai,Online,Cash,1,23567.54,0.05,23567.54,22389.16,0,4764.89,2024,1,January,Thursday,23567.54,22389.163
2024-01-25,ORD022265,CUST04330,P003,Headphones,Electronics,Bengaluru,Online,Credit Card,2,4102.84,0.05,8205.68,7795.4,0,1541.11,2024,1,January,Thursday,8205.68,7795.396
2024-01-25,ORD030486,CUST04117,P007,Backpack,Accessories,Jaipur,Online,Debit Card,2,2159.29,0.1,4318.58,3886.72,0,952.27,2024,1,January,Thursday,4318.58,3886.722
2024-01-25,ORD021897,CUST02561,P012,Air Fryer,Home,Ahmedabad,Store,Debit Card,1,6947.68,0.05,6947.68,6600.3,0,1046.35,2024,1,January,Thursday,6947.68,6600.296
2024-01-25,ORD019414,CUST03477,P019,Vacuum Cleaner,Home,Kolkata,Store,Debit Card,1,9601.7,0.15,9601.7,8161.45,0,1102.8,2024,1,January,Thursday,9601.7,8161.445000000001
2024-01-25,ORD048118,CUST01760,P014,Keyboard,Electronics,Delhi,Online,UPI,3,2520.66,0.0,7561.98,7561.98,0,1412.95,2024,1,January,Thursday,7561.98,7561.98
2024-01-25,ORD031481,CUST01082,P007,Backpack,Accessories,Surat,Online,UPI,1,2003.74,0.1,2003.74,1803.37,0,141.25,2024,1,January,Thursday,2003.74,1803.366
2024-01-25,ORD005599,CUST03315,P001,Laptop,Electronics,Kolkata,Online,UPI,1,67850.34,0.05,67850.34,64457.82,0,16026.82,2024,1,January,Thursday,67850.34,64457.823
2024-01-25,ORD037132,CUST01794,P008,Running Shoes,Fashion,Chennai,Online,Debit Card,1,4262.26,0.1,4262.26,3836.03,0,739.73,2024,1,January,Thursday,4262.26,3836.034
2024-01-26,ORD014525,CUST00855,P006,Desk,Furniture,Ahmedabad,Online,Credit Card,1,11877.13,0.1,11877.13,10689.42,0,2909.87,2024,1,January,Friday,11877.13,10689.417
2024-01-26,ORD013058,CUST02675,P005,Office Chair,Furniture,Kolkata,Store,Debit Card,2,8935.09,0.0,17870.18,17870.18,0,3839.57,2024,1,January,Friday,17870.18,17870.18
2024-01-26,ORD025256,CUST00919,P014,Keyboard,Electronics,Delhi,Online,Credit Card,1,2734.44,0.1,2734.44,2461.0,0,253.54,2024,1,January,Friday,2734.44,2460.996
2024-01-26,ORD029563,CUST04965,P019,Vacuum Cleaner,Home,Mumbai,Store,Net Banking,2,9842.72,0.05,19685.44,18701.17,0,2810.55,2024,1,January,Friday,19685.44,18701.167999999998
2024-01-26,ORD016004,CUST03857,P002,Smartphone,Electronics,Chennai,Store,UPI,2,25409.49,0.1,50818.98,45737.08,0,11356.4,2024,1,January,Friday,50818.98,45737.082
2024-01-26,ORD031845,CUST01309,P015,Dining Table,Furniture,Ahmedabad,Store,Credit Card,3,20245.91,0.2,60737.73,48590.18,0,3261.28,2024,1,January,Friday,60737.729999999996,48590.18400000001
2024-01-26,ORD025556,CUST04566,P017,Jeans,Fashion,Ahmedabad,Store,UPI,2,2689.47,0.1,5378.94,4841.05,0,801.54,2024,1,January,Friday,5378.94,4841.045999999999
2024-01-26,ORD008861,CUST00558,P008,Running Shoes,Fashion,Kolkata,Store,UPI,5,3986.75,0.1,19933.75,17940.38,0,4514.36,2024,1,January,Friday,19933.75,17940.375
2024-01-26,ORD023795,CUST04999,P010,Coffee Maker,Home,Ahmedabad,Store,Debit Card,1,4991.72,0.0,4991.72,4991.72,0,1112.64,2024,1,January,Friday,4991.72,4991.72
2024-01-26,ORD029354,CUST02840,P004,Smartwatch,Electronics,Surat,Online,UPI,3,6943.61,0.15,20830.83,17706.21,0,1497.07,2024,1,January,Friday,20830.829999999998,17706.2055
2024-01-26,ORD022617,CUST03590,P015,Dining Table,Furniture,Ahmedabad,Online,UPI,1,22550.56,0.25,22550.56,16912.92,0,816.24,2024,1,January,Friday,22550.56,16912.920000000002
2024-01-26,ORD034733,CUST00540,P005,Office Chair,Furniture,Delhi,Store,Credit Card,1,10234.99,0.1,10234.99,9211.49,0,2246.61,2024,1,January,Friday,10234.99,9211.491
2024-01-26,ORD030400,CUST03606,P019,Vacuum Cleaner,Home,Mumbai,Store,Cash,3,9431.38,0.0,28294.14,28294.14,0,4149.9,2024,1,January,Friday,28294.14,28294.14
2024-01-26,ORD031363,CUST00061,P013,Monitor,Electronics,Kolkata,Online,Credit Card,1,18660.38,0.1,18660.38,16794.34,0,3615.81,2024,1,January,Friday,18660.38,16794.342
2024-01-26,ORD030578,CUST04385,P013,Monitor,Electronics,Bengaluru,Store,Credit Card,1,18059.47,0.1,18059.47,16253.52,0,1918.83,2024,1,January,Friday,18059.47,16253.523000000001
2024-01-26,ORD019058,CUST03087,P005,Office Chair,Furniture,Pune,Online,Credit Card,2,9031.17,0.1,18062.34,16256.11,0,3575.55,2024,1,January,Friday,18062.34,16256.106
2024-01-26,ORD027607,CUST03583,P019,Vacuum Cleaner,Home,Surat,Online,UPI,1,9298.18,0.05,9298.18,8833.27,0,1742.71,2024,1,January,Friday,9298.18,8833.271
2024-01-26,ORD025628,CUST03739,P012,Air Fryer,Home,Hyderabad,Store,UPI,1,7461.63,0.1,7461.63,6715.47,0,628.75,2024,1,January,Friday,7461.63,6715.467000000001
2024-01-26,ORD005661,CUST03767,P019,Vacuum Cleaner,Home,Surat,Online,Cash,1,8542.63,0.25,8542.63,6406.97,1,-320.35,2024,1,January,Friday,8542.63,6406.9725
2024-01-26,ORD040391,CUST01750,P020,Microwave,Home,Pune,Online,UPI,2,10535.44,0.15,21070.88,17910.25,0,2285.57,2024,1,January,Friday,21070.88,17910.248
2024-01-26,ORD017760,CUST04345,P010,Coffee Maker,Home,Hyderabad,Online,Credit Card,1,5245.38,0.1,5245.38,4720.84,0,691.07,2024,1,January,Friday,5245.38,4720.842000000001
2024-01-26,ORD008172,CUST00300,P012,Air Fryer,Home,Chennai,Store,Cash,2,7210.06,0.25,14420.12,10815.09,0,432.6,2024,1,January,Friday,14420.12,10815.09
2024-01-26,ORD048084,CUST03558,P020,Microwave,Home,Bengaluru,Store,UPI,1,12017.55,0.0,12017.55,12017.55,0,1196.51,2024,1,January,Friday,12017.55,12017.55
2024-01-26,ORD008907,CUST00765,P007,Backpack,Accessories,Mumbai,Store,Credit Card,1,2227.38,0.15,2227.38,1893.27,0,466.51,2024,1,January,Friday,2227.38,1893.2730000000001
2024-01-26,ORD033275,CUST04982,P007,Backpack,Accessories,Bengaluru,Online,UPI,1,2226.04,0.1,2226.04,2003.44,0,449.19,2024,1,January,Friday,2226.04,2003.436
2024-01-26,ORD031062,CUST04084,P011,Mixer Grinder,Home,Surat,Online,Credit Card,1,4579.91,0.25,4579.91,3434.93,0,670.62,2024,1,January,Friday,4579.91,3434.9325
2024-01-26,ORD038203,CUST01003,P018,Jacket,Fashion,Pune,Store,Credit Card,2,5576.93,0.1,11153.86,10038.47,0,2198.86,2024,1,January,Friday,11153.86,10038.474
2024-01-26,ORD015520,CUST03899,P012,Air Fryer,Home,Kolkata,Store,Net Banking,2,7244.21,0.1,14488.42,13039.58,0,2605.27,2024,1,January,Friday,14488.42,13039.578
2024-01-26,ORD043393,CUST00744,P008,Running Shoes,Fashion,Ahmedabad,Online,UPI,4,4228.79,0.0,16915.16,16915.16,0,2899.16,2024,1,January,Friday,16915.16,16915.16
2024-01-26,ORD013462,CUST01598,P002,Smartphone,Electronics,Ahmedabad,Store,UPI,4,29049.01,0.05,116196.04,110386.24,0,28934.79,2024,1,January,Friday,116196.04,110386.23799999998
2024-01-26,ORD018616,CUST01789,P005,Office Chair,Furniture,Ahmedabad,Online,Credit Card,1,9817.03,0.1,9817.03,8835.33,0,693.03,2024,1,January,Friday,9817.03,8835.327000000001
2024-01-26,ORD023083,CUST00743,P014,Keyboard,Electronics,Mumbai,Online,UPI,1,2705.63,0.0,2705.63,2705.63,0,523.05,2024,1,January,Friday,2705.63,2705.63
2024-01-26,ORD010691,CUST02679,P002,Smartphone,Electronics,Ahmedabad,Online,UPI,1,25602.75,0.1,25602.75,23042.48,0,5960.12,2024,1,January,Friday,25602.75,23042.475000000002
2024-01-26,ORD049013,CUST01918,P009,T-Shirt,Fashion,Pune,Store,Credit Card,1,1126.34,0.05,1126.34,1070.02,0,164.87,2024,1,January,Friday,1126.34,1070.023
2024-01-26,ORD009866,CUST01661,P018,Jacket,Fashion,Jaipur,Online,Credit Card,1,5394.27,0.1,5394.27,4854.84,0,467.36,2024,1,January,Friday,5394.27,4854.843000000001
2024-01-26,ORD000842,CUST01514,P015,Dining Table,Furniture,Kolkata,Online,Debit Card,3,21667.31,0.1,65001.93,58501.74,0,8998.11,2024,1,January,Friday,65001.93000000001,58501.737
2024-01-26,ORD004377,CUST02432,P007,Backpack,Accessories,Kolkata,Store,Net Banking,2,2272.28,0.0,4544.56,4544.56,0,585.34,2024,1,January,Friday,4544.56,4544.56
2024-01-26,ORD047314,CUST02980,P007,Backpack,Accessories,Kolkata,Store,Net Banking,1,2196.08,0.0,2196.08,2196.08,0,210.05,2024,1,January,Friday,2196.08,2196.08
2024-01-26,ORD013702,CUST03209,P009,T-Shirt,Fashion,Pune,Store,Net Banking,1,1264.89,0.1,1264.89,1138.4,0,290.86,2024,1,January,Friday,1264.89,1138.401
2024-01-26,ORD048156,CUST04049,P016,Sofa,Furniture,Bengaluru,Online,Debit Card,2,35657.49,0.25,71314.98,53486.24,0,2403.39,2024,1,January,Friday,71314.98,53486.235
2024-01-26,ORD018185,CUST04296,P009,T-Shirt,Fashion,Hyderabad,Store,Cash,4,1220.53,0.1,4882.12,4393.91,0,1140.7,2024,1,January,Friday,4882.12,4393.908
2024-01-26,ORD017479,CUST04085,P004,Smartwatch,Electronics,Mumbai,Online,Debit Card,3,6307.85,0.05,18923.55,17977.37,0,1372.94,2024,1,January,Friday,18923.550000000003,17977.372499999998
2024-01-26,ORD035252,CUST04389,P005,Office Chair,Furniture,Jaipur,Store,UPI,2,9618.9,0.1,19237.8,17314.02,0,1285.84,2024,1,January,Friday,19237.8,17314.02
2024-01-26,ORD030813,CUST02313,P007,Backpack,Accessories,Delhi,Store,Debit Card,1,2057.69,0.1,2057.69,1851.92,0,318.78,2024,1,January,Friday,2057.69,1851.921
2024-01-26,ORD045566,CUST01694,P010,Coffee Maker,Home,Bengaluru,Online,UPI,1,4955.03,0.05,4955.03,4707.28,0,1315.98,2024,1,January,Friday,4955.03,4707.278499999999
2024-01-26,ORD010158,CUST02076,P008,Running Shoes,Fashion,Mumbai,Store,UPI,1,3929.03,0.1,3929.03,3536.13,0,439.77,2024,1,January,Friday,3929.03,3536.1270000000004
2024-01-26,ORD044661,CUST02105,P009,T-Shirt,Fashion,Jaipur,Store,UPI,2,1094.34,0.1,2188.68,1969.81,0,333.29,2024,1,January,Friday,2188.68,1969.812
2024-01-26,ORD019491,CUST02550,P009,T-Shirt,Fashion,Ahmedabad,Store,Credit Card,1,1160.12,0.15,1160.12,986.1,0,106.82,2024,1,January,Friday,1160.12,986.1019999999999
2024-01-26,ORD022833,CUST03217,P005,Office Chair,Furniture,Kolkata,Online,Debit Card,1,8925.27,0.15,8925.27,7586.48,0,1144.81,2024,1,January,Friday,8925.27,7586.4795
2024-01-26,ORD003098,CUST04572,P015,Dining Table,Furniture,Surat,Online,UPI,1,20606.67,0.1,20606.67,18546.0,0,2250.03,2024,1,January,Friday,20606.67,18546.003
2024-01-26,ORD036309,CUST00919,P010,Coffee Maker,Home,Jaipur,Online,Debit Card,3,4971.78,0.1,14915.34,13423.81,0,2195.61,2024,1,January,Friday,14915.34,13423.806
2024-01-26,ORD037727,CUST03769,P005,Office Chair,Furniture,Ahmedabad,Online,UPI,1,10358.37,0.05,10358.37,9840.45,0,2264.31,2024,1,January,Friday,10358.37,9840.451500000001
2024-01-26,ORD016367,CUST04336,P013,Monitor,Electronics,Ahmedabad,Store,Cash,4,18717.88,0.25,74871.52,56153.64,1,-2807.68,2024,1,January,Friday,74871.52,56153.64
2024-01-26,ORD025426,CUST01416,P006,Desk,Furniture,Ahmedabad,Store,UPI,1,12942.85,0.2,12942.85,10354.28,0,1465.14,2024,1,January,Friday,12942.85,10354.28
2024-01-26,ORD012853,CUST04677,P014,Keyboard,Electronics,Mumbai,Store,Cash,2,2286.77,0.1,4573.54,4116.19,0,846.86,2024,1,January,Friday,4573.54,4116.186
2024-01-26,ORD009080,CUST01721,P014,Keyboard,Electronics,Mumbai,Online,Credit Card,1,2732.72,0.05,2732.72,2596.08,0,250.81,2024,1,January,Friday,2732.72,2596.084
2024-01-26,ORD034751,CUST04854,P011,Mixer Grinder,Home,Surat,Store,Cash,1,4840.62,0.15,4840.62,4114.53,0,759.12,2024,1,January,Friday,4840.62,4114.527
2024-01-26,ORD016343,CUST02162,P014,Keyboard,Electronics,Delhi,Online,UPI,1,2623.33,0.05,2623.33,2492.16,1,-124.61,2024,1,January,Friday,2623.33,2492.1634999999997
2024-01-26,ORD020340,CUST03562,P009,T-Shirt,Fashion,Chennai,Online,Credit Card,1,1319.05,0.2,1319.05,1055.24,0,258.25,2024,1,January,Friday,1319.05,1055.24
2024-01-26,ORD045246,CUST01332,P012,Air Fryer,Home,Jaipur,Store,Credit Card,2,7911.9,0.05,15823.8,15032.61,0,3602.71,2024,1,January,Friday,15823.8,15032.609999999999
2024-01-26,ORD045529,CUST03342,P013,Monitor,Electronics,Ahmedabad,Online,Credit Card,1,18410.73,0.15,18410.73,15649.12,0,3917.68,2024,1,January,Friday,18410.73,15649.120499999999
2024-01-26,ORD010244,CUST01172,P018,Jacket,Fashion,Mumbai,Online,UPI,1,5556.74,0.1,5556.74,5001.07,0,347.75,2024,1,January,Friday,5556.74,5001.066
2024-01-26,ORD037362,CUST02848,P018,Jacket,Fashion,Bengaluru,Online,Credit Card,2,5249.43,0.05,10498.86,9973.92,0,1041.89,2024,1,January,Friday,10498.86,9973.917
2024-01-26,ORD009381,CUST02894,P005,Office Chair,Furniture,Hyderabad,Online,Credit Card,1,8791.13,0.1,8791.13,7912.02,0,736.0,2024,1,January,Friday,8791.13,7912.017
2024-01-26,ORD019015,CUST00421,P017,Jeans,Fashion,Chennai,Store,UPI,1,2563.67,0.0,2563.67,2563.67,0,484.13,2024,1,January,Friday,2563.67,2563.67
2024-01-26,ORD047764,CUST04191,P010,Coffee Maker,Home,Pune,Store,Credit Card,2,5219.81,0.0,10439.62,10439.62,0,1632.2,2024,1,January,Friday,10439.62,10439.62
2024-01-26,ORD025287,CUST00187,P011,Mixer Grinder,Home,Ahmedabad,Online,Credit Card,3,4552.87,0.05,13658.61,12975.68,0,2541.98,2024,1,January,Friday,13658.61,12975.6795
2024-01-26,ORD042686,CUST02297,P002,Smartphone,Electronics,Bengaluru,Store,Debit Card,1,29090.87,0.25,29090.87,21818.15,0,5107.16,2024,1,January,Friday,29090.87,21818.1525
2024-01-26,ORD039050,CUST00779,P013,Monitor,Electronics,Bengaluru,Online,UPI,3,16761.68,0.25,50285.04,37713.78,0,3384.29,2024,1,January,Friday,50285.04,37713.78
2024-01-26,ORD038293,CUST01072,P005,Office Chair,Furniture,Chennai,Store,Debit Card,1,8936.51,0.1,8936.51,8042.86,0,575.01,2024,1,January,Friday,8936.51,8042.859
2024-01-27,ORD021100,CUST01855,P009,T-Shirt,Fashion,Chennai,Online,UPI,1,1094.21,0.1,1094.21,984.79,0,183.21,2024,1,January,Saturday,1094.21,984.7890000000001
2024-01-27,ORD030446,CUST00613,P004,Smartwatch,Electronics,Kolkata,Online,UPI,1,6423.41,0.1,6423.41,5781.07,0,458.54,2024,1,January,Saturday,6423.41,5781.069
2024-01-27,ORD011268,CUST04955,P008,Running Shoes,Fashion,Hyderabad,Online,UPI,1,4566.58,0.0,4566.58,4566.58,0,530.99,2024,1,January,Saturday,4566.58,4566.58
2024-01-27,ORD020159,CUST03135,P019,Vacuum Cleaner,Home,Delhi,Online,UPI,1,8803.04,0.0,8803.04,8803.04,0,1570.29,2024,1,January,Saturday,8803.04,8803.04
2024-01-27,ORD021961,CUST02376,P002,Smartphone,Electronics,Jaipur,Online,Credit Card,2,30260.26,0.1,60520.52,54468.47,0,6349.08,2024,1,January,Saturday,60520.52,54468.468
2024-01-27,ORD049299,CUST00542,P004,Smartwatch,Electronics,Ahmedabad,Online,Net Banking,1,7076.63,0.0,7076.63,7076.63,0,1255.69,2024,1,January,Saturday,7076.63,7076.63
2024-01-27,ORD016471,CUST02270,P019,Vacuum Cleaner,Home,Mumbai,Store,UPI,1,8565.62,0.05,8565.62,8137.34,0,1879.09,2024,1,January,Saturday,8565.62,8137.339
2024-01-27,ORD029049,CUST00706,P012,Air Fryer,Home,Delhi,Online,Credit Card,5,6721.34,0.1,33606.7,30246.03,0,8407.82,2024,1,January,Saturday,33606.7,30246.03
2024-01-27,ORD010266,CUST01784,P018,Jacket,Fashion,Bengaluru,Online,Credit Card,5,5003.58,0.2,25017.9,20014.32,0,4725.21,2024,1,January,Saturday,25017.9,20014.320000000003
2024-01-27,ORD040132,CUST00131,P019,Vacuum Cleaner,Home,Kolkata,Online,UPI,1,8439.81,0.05,8439.81,8017.82,1,-400.89,2024,1,January,Saturday,8439.81,8017.819499999999
2024-01-27,ORD010463,CUST04200,P005,Office Chair,Furniture,Mumbai,Online,Credit Card,1,9331.05,0.15,9331.05,7931.39,0,1211.88,2024,1,January,Saturday,9331.05,7931.392499999999
2024-01-27,ORD045524,CUST00154,P003,Headphones,Electronics,Mumbai,Online,UPI,4,4475.15,0.2,17900.6,14320.48,0,3025.2,2024,1,January,Saturday,17900.6,14320.48
2024-01-27,ORD016495,CUST00845,P003,Headphones,Electronics,Kolkata,Store,Cash,3,4667.5,0.0,14002.5,14002.5,0,2588.85,2024,1,January,Saturday,14002.5,14002.5
2024-01-27,ORD029396,CUST04025,P004,Smartwatch,Electronics,Hyderabad,Store,Credit Card,1,7434.2,0.1,7434.2,6690.78,0,685.83,2024,1,January,Saturday,7434.2,6690.78
2024-01-27,ORD008728,CUST00464,P011,Mixer Grinder,Home,Chennai,Online,UPI,2,4842.75,0.0,9685.5,9685.5,0,2166.01,2024,1,January,Saturday,9685.5,9685.5
2024-01-27,ORD022389,CUST00433,P001,Laptop,Electronics,Delhi,Store,Debit Card,1,63131.69,0.05,63131.69,59975.11,0,17186.17,2024,1,January,Saturday,63131.69,59975.1055
2024-01-27,ORD028577,CUST01070,P013,Monitor,Electronics,Ahmedabad,Online,Credit Card,1,16633.65,0.15,16633.65,14138.6,1,-706.93,2024,1,January,Saturday,16633.65,14138.6025
2024-01-27,ORD025398,CUST03088,P008,Running Shoes,Fashion,Delhi,Online,Debit Card,1,4223.88,0.0,4223.88,4223.88,0,527.92,2024,1,January,Saturday,4223.88,4223.88
2024-01-27,ORD021208,CUST01697,P018,Jacket,Fashion,Chennai,Online,Credit Card,1,4904.81,0.05,4904.81,4659.57,1,-232.98,2024,1,January,Saturday,4904.81,4659.5695000000005
2024-01-27,ORD036135,CUST01751,P009,T-Shirt,Fashion,Ahmedabad,Online,Credit Card,1,1245.67,0.2,1245.67,996.54,0,236.3,2024,1,January,Saturday,1245.67,996.5360000000001
2024-01-27,ORD005583,CUST00198,P001,Laptop,Electronics,Pune,Store,UPI,1,64180.92,0.15,64180.92,54553.78,0,3097.9,2024,1,January,Saturday,64180.92,54553.782
2024-01-27,ORD006779,CUST01710,P006,Desk,Furniture,Chennai,Store,Net Banking,5,11429.16,0.15,57145.8,48573.93,0,4270.03,2024,1,January,Saturday,57145.8,48573.93
2024-01-27,ORD047576,CUST02426,P002,Smartphone,Electronics,Delhi,Online,Credit Card,1,27378.06,0.2,27378.06,21902.45,0,4848.16,2024,1,January,Saturday,27378.06,21902.448000000004
2024-01-27,ORD012781,CUST03154,P003,Headphones,Electronics,Surat,Online,Cash,3,4578.98,0.0,13736.94,13736.94,0,3937.8,2024,1,January,Saturday,13736.939999999999,13736.94
2024-01-27,ORD047677,CUST02686,P013,Monitor,Electronics,Bengaluru,Online,UPI,3,18720.92,0.1,56162.76,50546.48,1,-2527.32,2024,1,January,Saturday,56162.759999999995,50546.484000000004
2024-01-27,ORD045269,CUST00828,P015,Dining Table,Furniture,Surat,Store,Debit Card,1,21427.23,0.0,21427.23,21427.23,0,2975.17,2024,1,January,Saturday,21427.23,21427.23
2024-01-27,ORD024764,CUST03639,P013,Monitor,Electronics,Surat,Store,UPI,4,18515.9,0.15,74063.6,62954.06,0,16131.58,2024,1,January,Saturday,74063.6,62954.060000000005
2024-01-27,ORD022520,CUST02559,P005,Office Chair,Furniture,Bengaluru,Online,UPI,3,9621.41,0.0,28864.23,28864.23,0,6205.76,2024,1,January,Saturday,28864.23,28864.23
2024-01-27,ORD013489,CUST00515,P007,Backpack,Accessories,Hyderabad,Online,Cash,2,2255.89,0.1,4511.78,4060.6,0,1044.12,2024,1,January,Saturday,4511.78,4060.602
2024-01-27,ORD018854,CUST02490,P013,Monitor,Electronics,Jaipur,Online,Net Banking,1,17883.54,0.2,17883.54,14306.83,0,2420.78,2024,1,January,Saturday,17883.54,14306.832000000002
2024-01-27,ORD003466,CUST03312,P020,Microwave,Home,Mumbai,Online,Debit Card,1,10106.9,0.1,10106.9,9096.21,0,2086.48,2024,1,January,Saturday,10106.9,9096.21
2024-01-27,ORD003936,CUST01313,P002,Smartphone,Electronics,Kolkata,Online,UPI,1,28748.04,0.05,28748.04,27310.64,0,6846.74,2024,1,January,Saturday,28748.04,27310.638
2024-01-27,ORD036696,CUST02826,P015,Dining Table,Furniture,Kolkata,Online,Credit Card,1,21366.59,0.0,21366.59,21366.59,0,3778.09,2024,1,January,Saturday,21366.59,21366.59
2024-01-27,ORD002522,CUST04243,P007,Backpack,Accessories,Pune,Online,Debit Card,1,2202.89,0.05,2202.89,2092.75,0,444.47,2024,1,January,Saturday,2202.89,2092.7455
2024-01-27,ORD029778,CUST03979,P009,T-Shirt,Fashion,Ahmedabad,Store,UPI,2,1265.97,0.25,2531.94,1898.96,0,128.94,2024,1,January,Saturday,2531.94,1898.955
2024-01-27,ORD041160,CUST01338,P012,Air Fryer,Home,Chennai,Online,UPI,2,7331.1,0.05,14662.2,13929.09,0,1054.85,2024,1,January,Saturday,14662.2,13929.09
2024-01-27,ORD012971,CUST01348,P009,T-Shirt,Fashion,Chennai,Online,Debit Card,1,1167.65,0.2,1167.65,934.12,0,88.5,2024,1,January,Saturday,1167.65,934.1200000000001
2024-01-27,ORD039663,CUST03602,P003,Headphones,Electronics,Hyderabad,Online,Credit Card,1,4456.84,0.15,4456.84,3788.31,0,567.83,2024,1,January,Saturday,4456.84,3788.314
2024-01-27,ORD003003,CUST03829,P019,Vacuum Cleaner,Home,Bengaluru,Store,Credit Card,1,9897.8,0.05,9897.8,9402.91,0,1497.39,2024,1,January,Saturday,9897.8,9402.909999999998
2024-01-27,ORD043934,CUST03088,P005,Office Chair,Furniture,Kolkata,Store,Debit Card,1,9352.36,0.1,9352.36,8417.12,0,1428.0,2024,1,January,Saturday,9352.36,8417.124000000002
2024-01-27,ORD042672,CUST01752,P012,Air Fryer,Home,Pune,Online,Debit Card,1,7668.15,0.25,7668.15,5751.11,0,351.91,2024,1,January,Saturday,7668.15,5751.112499999999
2024-01-27,ORD039704,CUST01084,P018,Jacket,Fashion,Delhi,Online,Net Banking,1,5500.6,0.05,5500.6,5225.57,0,631.41,2024,1,January,Saturday,5500.6,5225.57
2024-01-27,ORD001043,CUST00801,P014,Keyboard,Electronics,Bengaluru,Online,Net Banking,1,2541.69,0.1,2541.69,2287.52,0,393.86,2024,1,January,Saturday,2541.69,2287.521
2024-01-27,ORD000094,CUST00646,P002,Smartphone,Electronics,Kolkata,Online,Credit Card,1,29846.55,0.1,29846.55,26861.9,0,1676.7,2024,1,January,Saturday,29846.55,26861.895
2024-01-27,ORD049254,CUST04535,P002,Smartphone,Electronics,Chennai,Online,Debit Card,1,28020.21,0.05,28020.21,26619.2,0,5295.83,2024,1,January,Saturday,28020.21,26619.1995
2024-01-27,ORD030938,CUST01420,P018,Jacket,Fashion,Pune,Online,Credit Card,1,5094.09,0.15,5094.09,4329.98,0,257.21,2024,1,January,Saturday,5094.09,4329.9765
2024-01-27,ORD038494,CUST02173,P003,Headphones,Electronics,Chennai,Store,UPI,2,4391.9,0.1,8783.8,7905.42,0,1476.19,2024,1,January,Saturday,8783.8,7905.419999999999
2024-01-27,ORD034565,CUST04181,P007,Backpack,Accessories,Mumbai,Online,Debit Card,1,2245.13,0.05,2245.13,2132.87,0,320.04,2024,1,January,Saturday,2245.13,2132.8735
2024-01-27,ORD045751,CUST04122,P009,T-Shirt,Fashion,Pune,Online,Debit Card,1,1151.33,0.1,1151.33,1036.2,0,177.37,2024,1,January,Saturday,1151.33,1036.197
2024-01-27,ORD036650,CUST03165,P018,Jacket,Fashion,Pune,Store,UPI,1,4947.77,0.0,4947.77,4947.77,0,970.06,2024,1,January,Saturday,4947.77,4947.77
2024-01-27,ORD001267,CUST04169,P020,Microwave,Home,Jaipur,Online,UPI,1,11068.79,0.15,11068.79,9408.47,0,1351.16,2024,1,January,Saturday,11068.79,9408.4715
2024-01-27,ORD023542,CUST04967,P017,Jeans,Fashion,Jaipur,Store,Debit Card,2,2566.23,0.15,5132.46,4362.59,0,337.77,2024,1,January,Saturday,5132.46,4362.591
2024-01-27,ORD045350,CUST02624,P017,Jeans,Fashion,Hyderabad,Online,Credit Card,1,2968.55,0.0,2968.55,2968.55,0,878.32,2024,1,January,Saturday,2968.55,2968.55
2024-01-27,ORD031466,CUST04457,P005,Office Chair,Furniture,Hyderabad,Online,Credit Card,5,9204.79,0.0,46023.95,46023.95,0,12456.61,2024,1,January,Saturday,46023.950000000004,46023.95
2024-01-27,ORD046256,CUST02141,P004,Smartwatch,Electronics,Ahmedabad,Store,Credit Card,1,6891.55,0.0,6891.55,6891.55,0,1052.75,2024,1,January,Saturday,6891.55,6891.55
2024-01-27,ORD035585,CUST01411,P018,Jacket,Fashion,Delhi,Store,Debit Card,4,5659.33,0.1,22637.32,20373.59,0,4151.77,2024,1,January,Saturday,22637.32,20373.588
2024-01-27,ORD016699,CUST00253,P004,Smartwatch,Electronics,Hyderabad,Store,UPI,1,7392.73,0.1,7392.73,6653.46,0,441.04,2024,1,January,Saturday,7392.73,6653.456999999999
2024-01-27,ORD037930,CUST04603,P007,Backpack,Accessories,Ahmedabad,Online,Cash,3,2050.17,0.2,6150.51,4920.41,0,790.77,2024,1,January,Saturday,6150.51,4920.408
2024-01-27,ORD008855,CUST01886,P017,Jeans,Fashion,Delhi,Online,Cash,1,2842.43,0.25,2842.43,2131.82,0,435.49,2024,1,January,Saturday,2842.43,2131.8224999999998
2024-01-27,ORD047393,CUST03562,P008,Running Shoes,Fashion,Ahmedabad,Online,Debit Card,1,4369.04,0.15,4369.04,3713.68,0,731.28,2024,1,January,Saturday,4369.04,3713.6839999999997
2024-01-27,ORD015804,CUST03910,P014,Keyboard,Electronics,Chennai,Store,Credit Card,1,2493.86,0.0,2493.86,2493.86,0,337.11,2024,1,January,Saturday,2493.86,2493.86
2024-01-27,ORD024805,CUST04865,P008,Running Shoes,Fashion,Pune,Online,UPI,1,4260.98,0.0,4260.98,4260.98,0,734.67,2024,1,January,Saturday,4260.98,4260.98
2024-01-27,ORD027915,CUST02358,P012,Air Fryer,Home,Jaipur,Store,UPI,1,7215.06,0.1,7215.06,6493.55,0,413.13,2024,1,January,Saturday,7215.06,6493.554
2024-01-27,ORD004338,CUST02935,P017,Jeans,Fashion,Chennai,Online,UPI,1,2722.5,0.05,2722.5,2586.38,0,698.09,2024,1,January,Saturday,2722.5,2586.375
2024-01-27,ORD022646,CUST02487,P011,Mixer Grinder,Home,Pune,Online,Credit Card,1,4757.32,0.25,4757.32,3567.99,0,366.23,2024,1,January,Saturday,4757.32,3567.99
2024-01-27,ORD000532,CUST00679,P015,Dining Table,Furniture,Ahmedabad,Online,Cash,1,20601.08,0.0,20601.08,20601.08,0,5476.91,2024,1,January,Saturday,20601.08,20601.08
2024-01-27,ORD029132,CUST04913,P008,Running Shoes,Fashion,Ahmedabad,Online,UPI,2,4318.92,0.1,8637.84,7774.06,0,1156.18,2024,1,January,Saturday,8637.84,7774.0560000000005
2024-01-27,ORD038701,CUST02915,P018,Jacket,Fashion,Mumbai,Store,Credit Card,1,4860.04,0.0,4860.04,4860.04,0,563.71,2024,1,January,Saturday,4860.04,4860.04
2024-01-27,ORD015744,CUST04902,P010,Coffee Maker,Home,Jaipur,Store,Cash,1,5750.7,0.05,5750.7,5463.16,0,914.13,2024,1,January,Saturday,5750.7,5463.165
2024-01-27,ORD026861,CUST02319,P012,Air Fryer,Home,Ahmedabad,Store,UPI,3,7050.2,0.1,21150.6,19035.54,0,2834.89,2024,1,January,Saturday,21150.6,19035.54
2024-01-27,ORD049363,CUST01100,P018,Jacket,Fashion,Mumbai,Online,UPI,1,4984.64,0.15,4984.64,4236.94,0,1131.71,2024,1,January,Saturday,4984.64,4236.944
2024-01-27,ORD043270,CUST03490,P006,Desk,Furniture,Bengaluru,Online,Credit Card,1,12273.43,0.25,12273.43,9205.07,0,1540.2,2024,1,January,Saturday,12273.43,9205.0725
2024-01-27,ORD030004,CUST01610,P005,Office Chair,Furniture,Surat,Online,Credit Card,3,9575.03,0.05,28725.09,27288.84,0,3427.1,2024,1,January,Saturday,28725.090000000004,27288.835499999997
2024-01-28,ORD026643,CUST03965,P013,Monitor,Electronics,Chennai,Store,UPI,1,17148.33,0.0,17148.33,17148.33,0,3058.83,2024,1,January,Sunday,17148.33,17148.33
2024-01-28,ORD000062,CUST02126,P017,Jeans,Fashion,Kolkata,Store,UPI,1,2820.49,0.25,2820.49,2115.37,0,173.35,2024,1,January,Sunday,2820.49,2115.3675
2024-01-28,ORD037447,CUST03668,P020,Microwave,Home,Jaipur,Store,Net Banking,1,10085.63,0.1,10085.63,9077.07,1,-453.85,2024,1,January,Sunday,10085.63,9077.067
2024-01-28,ORD032255,CUST01573,P010,Coffee Maker,Home,Surat,Online,Credit Card,2,5367.53,0.1,10735.06,9661.55,0,1430.12,2024,1,January,Sunday,10735.06,9661.554
2024-01-28,ORD032250,CUST01372,P016,Sofa,Furniture,Chennai,Online,Debit Card,2,35472.88,0.15,70945.76,60303.9,0,13636.24,2024,1,January,Sunday,70945.76,60303.89599999999
2024-01-28,ORD032754,CUST00496,P005,Office Chair,Furniture,Ahmedabad,Online,UPI,1,9631.05,0.0,9631.05,9631.05,0,2360.26,2024,1,January,Sunday,9631.05,9631.05
2024-01-28,ORD040002,CUST03349,P009,T-Shirt,Fashion,Kolkata,Store,UPI,2,1151.46,0.0,2302.92,2302.92,0,207.29,2024,1,January,Sunday,2302.92,2302.92
2024-01-28,ORD009860,CUST01240,P003,Headphones,Electronics,Hyderabad,Online,UPI,2,4629.49,0.15,9258.98,7870.13,0,1040.91,2024,1,January,Sunday,9258.98,7870.133
2024-01-28,ORD037457,CUST04032,P010,Coffee Maker,Home,Surat,Online,Debit Card,1,5873.1,0.05,5873.1,5579.44,0,696.45,2024,1,January,Sunday,5873.1,5579.445
2024-01-28,ORD042004,CUST03399,P016,Sofa,Furniture,Pune,Online,UPI,1,37921.59,0.15,37921.59,32233.35,0,4340.19,2024,1,January,Sunday,37921.59,32233.351499999997
2024-01-28,ORD023985,CUST00302,P004,Smartwatch,Electronics,Pune,Store,UPI,3,6807.12,0.0,20421.36,20421.36,0,4773.36,2024,1,January,Sunday,20421.36,20421.36
2024-01-28,ORD011278,CUST00903,P006,Desk,Furniture,Surat,Online,Cash,1,11684.59,0.1,11684.59,10516.13,1,-525.81,2024,1,January,Sunday,11684.59,10516.131000000001
2024-01-28,ORD017272,CUST02020,P017,Jeans,Fashion,Bengaluru,Online,UPI,4,2987.06,0.05,11948.24,11350.83,0,2782.67,2024,1,January,Sunday,11948.24,11350.828
2024-01-28,ORD034903,CUST01716,P003,Headphones,Electronics,Surat,Online,UPI,1,4427.78,0.05,4427.78,4206.39,0,1086.18,2024,1,January,Sunday,4427.78,4206.391
2024-01-28,ORD020781,CUST00479,P002,Smartphone,Electronics,Ahmedabad,Store,Net Banking,2,27726.95,0.15,55453.9,47135.82,0,6438.6,2024,1,January,Sunday,55453.9,47135.815
2024-01-28,ORD008784,CUST04951,P011,Mixer Grinder,Home,Jaipur,Online,UPI,2,5175.44,0.05,10350.88,9833.34,0,2239.87,2024,1,January,Sunday,10350.88,9833.336
2024-01-28,ORD012876,CUST04440,P007,Backpack,Accessories,Jaipur,Store,Credit Card,1,2081.02,0.1,2081.02,1872.92,0,168.0,2024,1,January,Sunday,2081.02,1872.9180000000001
2024-01-28,ORD000137,CUST02114,P015,Dining Table,Furniture,Mumbai,Store,UPI,1,22715.53,0.1,22715.53,20443.98,0,4159.68,2024,1,January,Sunday,22715.53,20443.977
2024-01-28,ORD047319,CUST03579,P014,Keyboard,Electronics,Hyderabad,Online,Debit Card,1,2735.69,0.15,2735.69,2325.34,0,483.34,2024,1,January,Sunday,2735.69,2325.3365
2024-01-28,ORD023674,CUST00808,P003,Headphones,Electronics,Bengaluru,Store,UPI,1,4765.54,0.2,4765.54,3812.43,0,773.45,2024,1,January,Sunday,4765.54,3812.4320000000002
2024-01-28,ORD032506,CUST02264,P019,Vacuum Cleaner,Home,Bengaluru,Online,UPI,1,8604.63,0.0,8604.63,8604.63,0,1986.21,2024,1,January,Sunday,8604.63,8604.63
2024-01-28,ORD001017,CUST00220,P011,Mixer Grinder,Home,Hyderabad,Online,Debit Card,1,4784.68,0.1,4784.68,4306.21,1,-215.31,2024,1,January,Sunday,4784.68,4306.212
2024-01-28,ORD032443,CUST00326,P007,Backpack,Accessories,Pune,Online,Net Banking,1,2197.81,0.0,2197.81,2197.81,0,640.11,2024,1,January,Sunday,2197.81,2197.81
2024-01-28,ORD000012,CUST03628,P019,Vacuum Cleaner,Home,Pune,Store,Credit Card,1,9554.62,0.2,9554.62,7643.7,0,1771.21,2024,1,January,Sunday,9554.62,7643.696000000001
2024-01-28,ORD005174,CUST02897,P010,Coffee Maker,Home,Bengaluru,Online,Debit Card,2,5316.73,0.0,10633.46,10633.46,1,-531.67,2024,1,January,Sunday,10633.46,10633.46
2024-01-28,ORD018809,CUST04621,P009,T-Shirt,Fashion,Delhi,Store,UPI,5,1184.13,0.2,5920.65,4736.52,0,1065.37,2024,1,January,Sunday,5920.650000000001,4736.5199999999995
2024-01-28,ORD041243,CUST00689,P011,Mixer Grinder,Home,Kolkata,Online,Credit Card,1,5118.33,0.2,5118.33,4094.66,0,258.58,2024,1,January,Sunday,5118.33,4094.664
2024-01-28,ORD023434,CUST02674,P007,Backpack,Accessories,Pune,Online,UPI,1,2376.2,0.1,2376.2,2138.58,0,143.75,2024,1,January,Sunday,2376.2,2138.58
2024-01-28,ORD043666,CUST04512,P017,Jeans,Fashion,Pune,Online,UPI,4,2894.17,0.05,11576.68,10997.85,0,2252.88,2024,1,January,Sunday,11576.68,10997.846
2024-01-28,ORD025124,CUST03694,P005,Office Chair,Furniture,Hyderabad,Store,UPI,2,9215.07,0.05,18430.14,17508.63,0,2168.11,2024,1,January,Sunday,18430.14,17508.632999999998
2024-01-28,ORD007160,CUST04115,P015,Dining Table,Furniture,Ahmedabad,Online,UPI,1,21730.22,0.1,21730.22,19557.2,0,1920.52,2024,1,January,Sunday,21730.22,19557.198
2024-01-28,ORD030843,CUST01654,P015,Dining Table,Furniture,Jaipur,Store,Cash,1,24066.02,0.05,24066.02,22862.72,0,5760.77,2024,1,January,Sunday,24066.02,22862.719
2024-01-28,ORD010590,CUST02488,P008,Running Shoes,Fashion,Surat,Online,Net Banking,1,3829.2,0.05,3829.2,3637.74,0,703.82,2024,1,January,Sunday,3829.2,3637.74
2024-01-28,ORD013855,CUST03067,P010,Coffee Maker,Home,Delhi,Online,UPI,2,5158.73,0.0,10317.46,10317.46,0,2575.56,2024,1,January,Sunday,10317.46,10317.46
2024-01-28,ORD033385,CUST04245,P017,Jeans,Fashion,Hyderabad,Online,Credit Card,1,2717.47,0.05,2717.47,2581.6,0,441.52,2024,1,January,Sunday,2717.47,2581.5964999999997
2024-01-28,ORD019271,CUST04891,P017,Jeans,Fashion,Jaipur,Online,Debit Card,1,2969.78,0.1,2969.78,2672.8,0,424.25,2024,1,January,Sunday,2969.78,2672.802
2024-01-28,ORD047997,CUST03478,P010,Coffee Maker,Home,Chennai,Store,Credit Card,1,5560.54,0.2,5560.54,4448.43,0,511.29,2024,1,January,Sunday,5560.54,4448.432
2024-01-28,ORD044891,CUST00127,P015,Dining Table,Furniture,Surat,Online,Cash,1,23458.29,0.05,23458.29,22285.38,0,3382.74,2024,1,January,Sunday,23458.29,22285.3755
2024-01-28,ORD024381,CUST03239,P008,Running Shoes,Fashion,Mumbai,Online,Credit Card,2,4202.58,0.1,8405.16,7564.64,0,1863.76,2024,1,January,Sunday,8405.16,7564.644
2024-01-28,ORD017434,CUST03362,P005,Office Chair,Furniture,Delhi,Store,UPI,1,10417.39,0.0,10417.39,10417.39,0,1856.55,2024,1,January,Sunday,10417.39,10417.39
2024-01-28,ORD027228,CUST02755,P009,T-Shirt,Fashion,Bengaluru,Online,Debit Card,1,1215.96,0.15,1215.96,1033.57,0,186.11,2024,1,January,Sunday,1215.96,1033.566
2024-01-28,ORD043324,CUST02889,P016,Sofa,Furniture,Pune,Online,Cash,3,35499.86,0.15,106499.58,90524.64,0,12950.03,2024,1,January,Sunday,106499.58,90524.643
2024-01-28,ORD038932,CUST04503,P003,Headphones,Electronics,Hyderabad,Online,Credit Card,1,4474.41,0.0,4474.41,4474.41,0,858.54,2024,1,January,Sunday,4474.41,4474.41
2024-01-28,ORD040134,CUST01397,P008,Running Shoes,Fashion,Chennai,Store,UPI,5,3927.44,0.2,19637.2,15709.76,0,1898.66,2024,1,January,Sunday,19637.2,15709.760000000002
2024-01-28,ORD039259,CUST03389,P003,Headphones,Electronics,Mumbai,Online,UPI,2,4569.08,0.15,9138.16,7767.44,0,611.39,2024,1,January,Sunday,9138.16,7767.436
2024-01-28,ORD040179,CUST01522,P007,Backpack,Accessories,Ahmedabad,Online,Credit Card,1,2181.44,0.05,2181.44,2072.37,0,256.13,2024,1,January,Sunday,2181.44,2072.368
2024-01-28,ORD014791,CUST01948,P020,Microwave,Home,Surat,Store,UPI,2,10081.77,0.2,20163.54,16130.83,0,1905.49,2024,1,January,Sunday,20163.54,16130.832000000002
2024-01-28,ORD048392,CUST04986,P006,Desk,Furniture,Delhi,Online,UPI,1,11937.65,0.15,11937.65,10147.0,0,2393.2,2024,1,January,Sunday,11937.65,10147.002499999999
2024-01-28,ORD021164,CUST02427,P009,T-Shirt,Fashion,Mumbai,Store,UPI,4,1140.35,0.1,4561.4,4105.26,0,1116.08,2024,1,January,Sunday,4561.4,4105.26
2024-01-28,ORD016617,CUST02928,P011,Mixer Grinder,Home,Mumbai,Store,UPI,4,4635.53,0.2,18542.12,14833.7,0,3651.85,2024,1,January,Sunday,18542.12,14833.696
2024-01-28,ORD044394,CUST02459,P018,Jacket,Fashion,Kolkata,Online,Credit Card,1,5241.92,0.2,5241.92,4193.54,0,175.87,2024,1,January,Sunday,5241.92,4193.536
2024-01-28,ORD040265,CUST03831,P015,Dining Table,Furniture,Pune,Online,Credit Card,1,20829.12,0.05,20829.12,19787.66,0,5038.76,2024,1,January,Sunday,20829.12,19787.663999999997
2024-01-28,ORD033981,CUST03303,P003,Headphones,Electronics,Delhi,Online,UPI,1,4727.42,0.1,4727.42,4254.68,0,342.85,2024,1,January,Sunday,4727.42,4254.678
2024-01-28,ORD044378,CUST04656,P015,Dining Table,Furniture,Bengaluru,Store,UPI,1,22999.8,0.25,22999.8,17249.85,0,2995.64,2024,1,January,Sunday,22999.8,17249.85
2024-01-28,ORD045688,CUST03044,P011,Mixer Grinder,Home,Hyderabad,Online,UPI,1,4670.77,0.15,4670.77,3970.15,0,218.47,2024,1,January,Sunday,4670.77,3970.1545
2024-01-28,ORD012169,CUST04312,P014,Keyboard,Electronics,Chennai,Online,Debit Card,1,2362.86,0.0,2362.86,2362.86,0,337.5,2024,1,January,Sunday,2362.86,2362.86
2024-01-28,ORD016686,CUST02267,P009,T-Shirt,Fashion,Ahmedabad,Store,Debit Card,2,1221.27,0.1,2442.54,2198.29,0,145.28,2024,1,January,Sunday,2442.54,2198.286
2024-01-28,ORD024179,CUST02324,P007,Backpack,Accessories,Pune,Online,UPI,2,2239.44,0.1,4478.88,4030.99,0,686.81,2024,1,January,Sunday,4478.88,4030.992
2024-01-28,ORD049569,CUST03553,P014,Keyboard,Electronics,Ahmedabad,Online,Credit Card,1,2446.66,0.2,2446.66,1957.33,0,463.27,2024,1,January,Sunday,2446.66,1957.328
2024-01-28,ORD029687,CUST01876,P018,Jacket,Fashion,Kolkata,Online,Credit Card,1,4822.03,0.0,4822.03,4822.03,0,1202.41,2024,1,January,Sunday,4822.03,4822.03
2024-01-28,ORD015462,CUST02546,P008,Running Shoes,Fashion,Mumbai,Store,Cash,1,4064.34,0.1,4064.34,3657.91,0,909.06,2024,1,January,Sunday,4064.34,3657.9060000000004
2024-01-28,ORD022741,CUST03888,P005,Office Chair,Furniture,Ahmedabad,Online,Credit Card,1,9489.72,0.1,9489.72,8540.75,0,998.61,2024,1,January,Sunday,9489.72,8540.748
2024-01-28,ORD035972,CUST04192,P014,Keyboard,Electronics,Surat,Online,Debit Card,2,2595.51,0.1,5191.02,4671.92,0,877.18,2024,1,January,Sunday,5191.02,4671.918000000001
2024-01-28,ORD042710,CUST03244,P018,Jacket,Fashion,Jaipur,Online,UPI,1,5696.92,0.05,5696.92,5412.07,0,1154.49,2024,1,January,Sunday,5696.92,5412.074
2024-01-28,ORD003353,CUST03101,P018,Jacket,Fashion,Bengaluru,Online,UPI,1,5495.9,0.15,5495.9,4671.51,0,785.22,2024,1,January,Sunday,5495.9,4671.514999999999
2024-01-28,ORD013594,CUST04836,P013,Monitor,Electronics,Surat,Online,Debit Card,1,19382.31,0.1,19382.31,17444.08,0,3231.74,2024,1,January,Sunday,19382.31,17444.079
2024-01-29,ORD026409,CUST00831,P005,Office Chair,Furniture,Surat,Online,Credit Card,1,8892.34,0.05,8892.34,8447.72,1,-422.39,2024,1,January,Monday,8892.34,8447.723
2024-01-29,ORD026439,CUST02549,P003,Headphones,Electronics,Pune,Online,UPI,1,4519.73,0.05,4519.73,4293.74,0,342.41,2024,1,January,Monday,4519.73,4293.7435
2024-01-29,ORD004497,CUST00101,P017,Jeans,Fashion,Kolkata,Online,Credit Card,2,2671.99,0.0,5343.98,5343.98,0,488.14,2024,1,January,Monday,5343.98,5343.98
2024-01-29,ORD007453,CUST03422,P004,Smartwatch,Electronics,Delhi,Store,Credit Card,5,6671.75,0.05,33358.75,31690.81,0,3489.89,2024,1,January,Monday,33358.75,31690.8125
2024-01-29,ORD044948,CUST01670,P001,Laptop,Electronics,Ahmedabad,Store,UPI,1,59615.67,0.15,59615.67,50673.32,0,5854.87,2024,1,January,Monday,59615.67,50673.3195
2024-01-29,ORD032596,CUST00889,P016,Sofa,Furniture,Surat,Online,UPI,1,35623.12,0.1,35623.12,32060.81,0,2726.6,2024,1,January,Monday,35623.12,32060.808000000005
2024-01-29,ORD002151,CUST04060,P002,Smartphone,Electronics,Surat,Online,Credit Card,1,30489.03,0.25,30489.03,22866.77,0,4687.3,2024,1,January,Monday,30489.03,22866.7725
2024-01-29,ORD009554,CUST00142,P003,Headphones,Electronics,Ahmedabad,Online,Credit Card,1,4931.82,0.1,4931.82,4438.64,0,449.06,2024,1,January,Monday,4931.82,4438.638
2024-01-29,ORD025518,CUST00042,P002,Smartphone,Electronics,Hyderabad,Store,Credit Card,5,26866.82,0.1,134334.1,120900.69,0,13169.22,2024,1,January,Monday,134334.1,120900.69
2024-01-29,ORD023944,CUST01517,P009,T-Shirt,Fashion,Delhi,Online,Credit Card,1,1219.9,0.05,1219.9,1158.9,0,245.96,2024,1,January,Monday,1219.9,1158.905
2024-01-29,ORD020840,CUST04268,P019,Vacuum Cleaner,Home,Bengaluru,Online,Debit Card,1,8372.92,0.25,8372.92,6279.69,0,1407.13,2024,1,January,Monday,8372.92,6279.6900000000005
2024-01-29,ORD042031,CUST04949,P008,Running Shoes,Fashion,Chennai,Store,UPI,1,4205.03,0.05,4205.03,3994.78,0,1060.79,2024,1,January,Monday,4205.03,3994.7784999999994
2024-01-29,ORD024757,CUST02496,P015,Dining Table,Furniture,Surat,Online,Net Banking,2,22049.72,0.15,44099.44,37484.52,0,5522.88,2024,1,January,Monday,44099.44,37484.524
2024-01-29,ORD039827,CUST01166,P009,T-Shirt,Fashion,Kolkata,Store,UPI,2,1136.0,0.1,2272.0,2044.8,0,311.37,2024,1,January,Monday,2272.0,2044.8
2024-01-29,ORD030702,CUST01428,P018,Jacket,Fashion,Mumbai,Online,UPI,1,4947.25,0.05,4947.25,4699.89,0,1122.48,2024,1,January,Monday,4947.25,4699.8875
2024-01-29,ORD032439,CUST04628,P012,Air Fryer,Home,Bengaluru,Store,Net Banking,2,6985.69,0.05,13971.38,13272.81,0,2192.68,2024,1,January,Monday,13971.38,13272.810999999998
2024-01-29,ORD018127,CUST00475,P019,Vacuum Cleaner,Home,Chennai,Store,Debit Card,1,8224.12,0.05,8224.12,7812.91,0,552.55,2024,1,January,Monday,8224.12,7812.914000000001
2024-01-29,ORD016334,CUST03327,P005,Office Chair,Furniture,Mumbai,Online,Net Banking,1,10035.05,0.1,10035.05,9031.54,0,1568.3,2024,1,January,Monday,10035.05,9031.545
2024-01-29,ORD008015,CUST01883,P011,Mixer Grinder,Home,Surat,Store,Net Banking,1,4386.66,0.15,4386.66,3728.66,0,521.58,2024,1,January,Monday,4386.66,3728.6609999999996
2024-01-29,ORD014941,CUST04824,P017,Jeans,Fashion,Jaipur,Store,Credit Card,4,2917.45,0.1,11669.8,10502.82,0,1684.99,2024,1,January,Monday,11669.8,10502.82
2024-01-29,ORD003671,CUST04160,P010,Coffee Maker,Home,Jaipur,Online,Debit Card,2,5066.37,0.1,10132.74,9119.47,1,-455.97,2024,1,January,Monday,10132.74,9119.466
2024-01-29,ORD047487,CUST04339,P003,Headphones,Electronics,Kolkata,Store,UPI,1,4450.71,0.15,4450.71,3783.1,0,780.82,2024,1,January,Monday,4450.71,3783.1034999999997
2024-01-29,ORD005607,CUST01887,P006,Desk,Furniture,Jaipur,Online,UPI,1,12185.12,0.15,12185.12,10357.35,0,2302.3,2024,1,January,Monday,12185.12,10357.352
2024-01-29,ORD008328,CUST03112,P010,Coffee Maker,Home,Jaipur,Online,Debit Card,1,5075.54,0.0,5075.54,5075.54,0,1238.16,2024,1,January,Monday,5075.54,5075.54
2024-01-29,ORD037613,CUST04680,P019,Vacuum Cleaner,Home,Ahmedabad,Store,Debit Card,1,8103.52,0.0,8103.52,8103.52,0,1631.21,2024,1,January,Monday,8103.52,8103.52
2024-01-29,ORD041856,CUST04804,P014,Keyboard,Electronics,Kolkata,Online,Debit Card,4,2273.47,0.0,9093.88,9093.88,0,1825.94,2024,1,January,Monday,9093.88,9093.88
2024-01-29,ORD036304,CUST00074,P020,Microwave,Home,Jaipur,Store,UPI,1,11786.82,0.25,11786.82,8840.12,0,353.6,2024,1,January,Monday,11786.82,8840.115
2024-01-29,ORD018880,CUST04787,P004,Smartwatch,Electronics,Chennai,Online,UPI,1,7192.0,0.1,7192.0,6472.8,0,815.7,2024,1,January,Monday,7192.0,6472.8
2024-01-29,ORD041632,CUST03118,P016,Sofa,Furniture,Hyderabad,Online,UPI,4,34527.66,0.1,138110.64,124299.58,0,28254.18,2024,1,January,Monday,138110.64,124299.57600000002
2024-01-29,ORD019550,CUST04936,P019,Vacuum Cleaner,Home,Jaipur,Online,UPI,1,8353.55,0.1,8353.55,7518.2,0,1566.51,2024,1,January,Monday,8353.55,7518.195
2024-01-29,ORD001794,CUST04185,P007,Backpack,Accessories,Chennai,Store,Credit Card,1,2052.34,0.1,2052.34,1847.11,0,506.48,2024,1,January,Monday,2052.34,1847.1060000000002
2024-01-29,ORD049631,CUST04640,P012,Air Fryer,Home,Delhi,Store,Credit Card,1,6684.06,0.1,6684.06,6015.65,0,1361.68,2024,1,January,Monday,6684.06,6015.654
2024-01-29,ORD006840,CUST03095,P012,Air Fryer,Home,Pune,Online,UPI,1,6781.36,0.05,6781.36,6442.29,0,737.11,2024,1,January,Monday,6781.36,6442.2919999999995
2024-01-29,ORD019726,CUST04133,P013,Monitor,Electronics,Jaipur,Store,Cash,5,17192.28,0.2,85961.4,68769.12,0,17282.88,2024,1,January,Monday,85961.4,68769.12
2024-01-29,ORD041653,CUST01247,P008,Running Shoes,Fashion,Jaipur,Store,UPI,1,4241.42,0.1,4241.42,3817.28,0,849.51,2024,1,January,Monday,4241.42,3817.2780000000002
2024-01-29,ORD033453,CUST04743,P017,Jeans,Fashion,Delhi,Online,Debit Card,1,2612.42,0.0,2612.42,2612.42,0,314.19,2024,1,January,Monday,2612.42,2612.42
2024-01-29,ORD006849,CUST01627,P004,Smartwatch,Electronics,Bengaluru,Online,Cash,3,7044.68,0.0,21134.04,21134.04,0,5672.08,2024,1,January,Monday,21134.04,21134.04
2024-01-29,ORD029750,CUST03914,P005,Office Chair,Furniture,Mumbai,Store,Credit Card,1,9642.55,0.1,9642.55,8678.3,0,2380.43,2024,1,January,Monday,9642.55,8678.295
2024-01-29,ORD043997,CUST01602,P004,Smartwatch,Electronics,Hyderabad,Online,UPI,1,6329.85,0.1,6329.85,5696.87,0,682.39,2024,1,January,Monday,6329.85,5696.865000000001
2024-01-29,ORD045832,CUST02599,P017,Jeans,Fashion,Bengaluru,Online,UPI,1,3031.38,0.1,3031.38,2728.24,0,735.26,2024,1,January,Monday,3031.38,2728.242
2024-01-29,ORD000817,CUST00714,P020,Microwave,Home,Jaipur,Store,UPI,1,10037.99,0.15,10037.99,8532.29,0,1355.32,2024,1,January,Monday,10037.99,8532.2915
2024-01-29,ORD034889,CUST04002,P001,Laptop,Electronics,Jaipur,Store,Debit Card,1,67490.6,0.05,67490.6,64116.07,0,10551.98,2024,1,January,Monday,67490.6,64116.07
2024-01-29,ORD028324,CUST03563,P019,Vacuum Cleaner,Home,Surat,Store,UPI,1,8570.74,0.25,8570.74,6428.06,0,588.16,2024,1,January,Monday,8570.74,6428.055
2024-01-29,ORD013878,CUST04930,P010,Coffee Maker,Home,Mumbai,Online,Credit Card,1,5412.17,0.0,5412.17,5412.17,0,1191.38,2024,1,January,Monday,5412.17,5412.17
2024-01-29,ORD020366,CUST00634,P003,Headphones,Electronics,Chennai,Online,Credit Card,1,4897.36,0.1,4897.36,4407.62,0,1093.77,2024,1,January,Monday,4897.36,4407.624
2024-01-29,ORD003311,CUST03402,P009,T-Shirt,Fashion,Kolkata,Online,Debit Card,3,1084.03,0.05,3252.09,3089.49,0,450.06,2024,1,January,Monday,3252.09,3089.4855
2024-01-29,ORD045404,CUST03934,P007,Backpack,Accessories,Mumbai,Online,UPI,1,1981.62,0.1,1981.62,1783.46,0,203.7,2024,1,January,Monday,1981.62,1783.4579999999999
2024-01-29,ORD043341,CUST04208,P001,Laptop,Electronics,Pune,Store,Debit Card,1,64936.83,0.1,64936.83,58443.15,0,12500.59,2024,1,January,Monday,64936.83,58443.147000000004
2024-01-29,ORD037978,CUST01961,P003,Headphones,Electronics,Hyderabad,Online,UPI,2,4212.46,0.1,8424.92,7582.43,0,824.79,2024,1,January,Monday,8424.92,7582.428
2024-01-29,ORD043869,CUST00432,P018,Jacket,Fashion,Ahmedabad,Store,UPI,2,5659.52,0.15,11319.04,9621.18,0,2310.64,2024,1,January,Monday,11319.04,9621.184000000001
2024-01-29,ORD032230,CUST00368,P019,Vacuum Cleaner,Home,Surat,Store,UPI,5,9814.54,0.15,49072.7,41711.8,0,10268.03,2024,1,January,Monday,49072.700000000004,41711.795
2024-01-29,ORD048597,CUST03608,P020,Microwave,Home,Pune,Online,UPI,1,11970.51,0.05,11970.51,11371.98,0,2085.72,2024,1,January,Monday,11970.51,11371.9845
2024-01-29,ORD046308,CUST00426,P012,Air Fryer,Home,Delhi,Store,UPI,3,7019.78,0.25,21059.34,15794.5,0,1790.3,2024,1,January,Monday,21059.34,15794.505000000001
2024-01-29,ORD040049,CUST02794,P007,Backpack,Accessories,Chennai,Store,Credit Card,4,2301.83,0.1,9207.32,8286.59,0,1081.37,2024,1,January,Monday,9207.32,8286.588
2024-01-29,ORD016490,CUST04741,P013,Monitor,Electronics,Delhi,Store,UPI,1,16730.91,0.2,16730.91,13384.73,0,1007.77,2024,1,January,Monday,16730.91,13384.728000000001
2024-01-29,ORD020115,CUST02532,P017,Jeans,Fashion,Surat,Online,UPI,1,2877.97,0.05,2877.97,2734.07,0,458.49,2024,1,January,Monday,2877.97,2734.0714999999996
2024-01-29,ORD026747,CUST01324,P006,Desk,Furniture,Ahmedabad,Store,UPI,1,13074.42,0.1,13074.42,11766.98,0,859.82,2024,1,January,Monday,13074.42,11766.978000000001
2024-01-29,ORD022696,CUST00775,P006,Desk,Furniture,Hyderabad,Online,Debit Card,1,10933.02,0.25,10933.02,8199.76,0,830.32,2024,1,January,Monday,10933.02,8199.765
2024-01-29,ORD011481,CUST02629,P002,Smartphone,Electronics,Ahmedabad,Online,Debit Card,1,27680.75,0.1,27680.75,24912.68,1,-1245.63,2024,1,January,Monday,27680.75,24912.675
2024-01-29,ORD044464,CUST00686,P014,Keyboard,Electronics,Jaipur,Online,Credit Card,1,2721.7,0.1,2721.7,2449.53,0,214.37,2024,1,January,Monday,2721.7,2449.5299999999997
2024-01-29,ORD019127,CUST04076,P020,Microwave,Home,Surat,Online,UPI,1,11843.66,0.2,11843.66,9474.93,0,547.07,2024,1,January,Monday,11843.66,9474.928
2024-01-29,ORD028732,CUST03820,P005,Office Chair,Furniture,Bengaluru,Store,Credit Card,1,8895.62,0.1,8895.62,8006.06,0,930.57,2024,1,January,Monday,8895.62,8006.058000000001
2024-01-29,ORD023076,CUST03673,P012,Air Fryer,Home,Jaipur,Online,Credit Card,1,7455.58,0.05,7455.58,7082.8,0,1308.33,2024,1,January,Monday,7455.58,7082.8009999999995
2024-01-29,ORD021054,CUST01435,P004,Smartwatch,Electronics,Hyderabad,Online,Credit Card,1,6387.86,0.0,6387.86,6387.86,0,723.65,2024,1,January,Monday,6387.86,6387.86
2024-01-29,ORD031770,CUST01421,P009,T-Shirt,Fashion,Hyderabad,Store,Net Banking,1,1312.85,0.05,1312.85,1247.21,0,282.56,2024,1,January,Monday,1312.85,1247.2074999999998
2024-01-30,ORD001040,CUST01749,P004,Smartwatch,Electronics,Hyderabad,Store,Debit Card,1,7369.94,0.05,7369.94,7001.44,0,599.47,2024,1,January,Tuesday,7369.94,7001.442999999999
2024-01-30,ORD043684,CUST02527,P016,Sofa,Furniture,Bengaluru,Online,UPI,1,34547.75,0.0,34547.75,34547.75,0,7755.45,2024,1,January,Tuesday,34547.75,34547.75
2024-01-30,ORD003763,CUST02514,P010,Coffee Maker,Home,Ahmedabad,Store,UPI,2,5820.72,0.05,11641.44,11059.37,0,1048.1,2024,1,January,Tuesday,11641.44,11059.368
2024-01-30,ORD023549,CUST03574,P007,Backpack,Accessories,Delhi,Online,Cash,1,2206.26,0.0,2206.26,2206.26,0,300.57,2024,1,January,Tuesday,2206.26,2206.26
2024-01-30,ORD007785,CUST02464,P019,Vacuum Cleaner,Home,Kolkata,Store,Net Banking,3,8455.31,0.1,25365.93,22829.34,0,4173.23,2024,1,January,Tuesday,25365.93,22829.337
2024-01-30,ORD001265,CUST03169,P004,Smartwatch,Electronics,Chennai,Store,Credit Card,1,6689.89,0.1,6689.89,6020.9,1,-301.04,2024,1,January,Tuesday,6689.89,6020.901000000001
2024-01-30,ORD043246,CUST04068,P007,Backpack,Accessories,Surat,Store,UPI,2,2364.37,0.25,4728.74,3546.56,0,452.59,2024,1,January,Tuesday,4728.74,3546.555
2024-01-30,ORD037284,CUST01859,P016,Sofa,Furniture,Mumbai,Store,Cash,2,31775.24,0.05,63550.48,60372.96,0,12027.58,2024,1,January,Tuesday,63550.48,60372.956
2024-01-30,ORD043399,CUST03837,P003,Headphones,Electronics,Hyderabad,Online,UPI,1,4416.59,0.15,4416.59,3754.1,0,683.73,2024,1,January,Tuesday,4416.59,3754.1015
2024-01-30,ORD041500,CUST00932,P004,Smartwatch,Electronics,Hyderabad,Online,UPI,1,6351.6,0.0,6351.6,6351.6,0,797.39,2024,1,January,Tuesday,6351.6,6351.6
2024-01-30,ORD045116,CUST03677,P012,Air Fryer,Home,Kolkata,Online,Cash,1,7222.15,0.1,7222.15,6499.94,0,1579.44,2024,1,January,Tuesday,7222.15,6499.9349999999995
2024-01-30,ORD011423,CUST00032,P014,Keyboard,Electronics,Kolkata,Online,UPI,2,2522.32,0.15,5044.64,4287.94,1,-214.4,2024,1,January,Tuesday,5044.64,4287.944
2024-01-30,ORD035747,CUST02165,P007,Backpack,Accessories,Chennai,Online,Debit Card,1,2356.37,0.0,2356.37,2356.37,0,624.09,2024,1,January,Tuesday,2356.37,2356.37
2024-01-30,ORD012951,CUST03595,P020,Microwave,Home,Surat,Store,Credit Card,2,11579.12,0.1,23158.24,20842.42,0,2288.87,2024,1,January,Tuesday,23158.24,20842.416
2024-01-30,ORD048659,CUST03059,P010,Coffee Maker,Home,Surat,Store,Credit Card,1,5215.75,0.1,5215.75,4694.18,0,830.72,2024,1,January,Tuesday,5215.75,4694.175
2024-01-30,ORD000376,CUST02012,P013,Monitor,Electronics,Chennai,Online,Credit Card,1,19424.51,0.05,19424.51,18453.28,0,4132.34,2024,1,January,Tuesday,19424.51,18453.284499999998
2024-01-30,ORD002222,CUST03783,P018,Jacket,Fashion,Chennai,Store,UPI,2,5026.53,0.15,10053.06,8545.1,0,2149.7,2024,1,January,Tuesday,10053.06,8545.100999999999
2024-01-30,ORD002256,CUST04566,P016,Sofa,Furniture,Bengaluru,Online,Cash,2,35103.69,0.1,70207.38,63186.64,0,17648.26,2024,1,January,Tuesday,70207.38,63186.64200000001
2024-01-30,ORD037152,CUST04348,P009,T-Shirt,Fashion,Kolkata,Store,Credit Card,1,1266.53,0.1,1266.53,1139.88,0,188.96,2024,1,January,Tuesday,1266.53,1139.877
2024-01-30,ORD044645,CUST00758,P005,Office Chair,Furniture,Surat,Online,Credit Card,1,10032.59,0.05,10032.59,9530.96,0,2579.94,2024,1,January,Tuesday,10032.59,9530.9605
2024-01-30,ORD017761,CUST00453,P013,Monitor,Electronics,Hyderabad,Online,Debit Card,1,16992.66,0.2,16992.66,13594.13,0,721.8,2024,1,January,Tuesday,16992.66,13594.128
2024-01-30,ORD007494,CUST04438,P008,Running Shoes,Fashion,Chennai,Online,Net Banking,1,4082.51,0.1,4082.51,3674.26,0,796.34,2024,1,January,Tuesday,4082.51,3674.2590000000005
2024-01-30,ORD002195,CUST02714,P016,Sofa,Furniture,Ahmedabad,Online,Credit Card,1,38333.27,0.1,38333.27,34499.94,1,-1725.0,2024,1,January,Tuesday,38333.27,34499.943
2024-01-30,ORD004303,CUST00977,P001,Laptop,Electronics,Ahmedabad,Store,UPI,1,69193.69,0.0,69193.69,69193.69,0,20337.29,2024,1,January,Tuesday,69193.69,69193.69
2024-01-30,ORD016297,CUST04462,P003,Headphones,Electronics,Bengaluru,Store,UPI,2,4670.76,0.0,9341.52,9341.52,0,1507.22,2024,1,January,Tuesday,9341.52,9341.52
2024-01-30,ORD048097,CUST04605,P008,Running Shoes,Fashion,Surat,Online,Credit Card,1,4573.62,0.2,4573.62,3658.9,0,263.31,2024,1,January,Tuesday,4573.62,3658.896
2024-01-30,ORD002394,CUST02071,P002,Smartphone,Electronics,Ahmedabad,Online,UPI,1,30253.27,0.2,30253.27,24202.62,0,1122.7,2024,1,January,Tuesday,30253.27,24202.616
2024-01-30,ORD007608,CUST04556,P003,Headphones,Electronics,Chennai,Online,Credit Card,2,4637.52,0.1,9275.04,8347.54,0,1266.12,2024,1,January,Tuesday,9275.04,8347.536000000002
2024-01-30,ORD025385,CUST04845,P017,Jeans,Fashion,Jaipur,Online,Debit Card,1,2741.16,0.2,2741.16,2192.93,0,396.16,2024,1,January,Tuesday,2741.16,2192.928
2024-01-30,ORD048669,CUST04173,P020,Microwave,Home,Surat,Store,Debit Card,1,10434.28,0.1,10434.28,9390.85,0,2200.98,2024,1,January,Tuesday,10434.28,9390.852
2024-01-30,ORD013896,CUST00251,P012,Air Fryer,Home,Chennai,Store,Credit Card,1,7506.93,0.2,7506.93,6005.54,0,288.53,2024,1,January,Tuesday,7506.93,6005.544000000001
2024-01-30,ORD016722,CUST03619,P004,Smartwatch,Electronics,Mumbai,Online,Cash,3,7401.11,0.25,22203.33,16652.5,0,2482.38,2024,1,January,Tuesday,22203.329999999998,16652.4975
2024-01-30,ORD045127,CUST00407,P001,Laptop,Electronics,Kolkata,Online,UPI,1,68840.27,0.15,68840.27,58514.23,0,11708.77,2024,1,January,Tuesday,68840.27,58514.2295
2024-01-30,ORD026881,CUST04597,P015,Dining Table,Furniture,Pune,Online,UPI,3,22483.71,0.2,67451.13,53960.9,0,13095.11,2024,1,January,Tuesday,67451.13,53960.90400000001
2024-01-30,ORD017617,CUST01418,P015,Dining Table,Furniture,Surat,Online,Credit Card,2,23560.36,0.05,47120.72,44764.68,0,3444.5,2024,1,January,Tuesday,47120.72,44764.684
2024-01-30,ORD002919,CUST00787,P015,Dining Table,Furniture,Surat,Store,Credit Card,1,20437.65,0.15,20437.65,17372.0,0,1649.78,2024,1,January,Tuesday,20437.65,17372.002500000002
2024-01-30,ORD036920,CUST03869,P007,Backpack,Accessories,Delhi,Online,UPI,2,2005.45,0.05,4010.9,3810.36,0,844.25,2024,1,January,Tuesday,4010.9,3810.355
2024-01-30,ORD043115,CUST01990,P008,Running Shoes,Fashion,Pune,Store,UPI,1,3941.26,0.1,3941.26,3547.13,0,767.61,2024,1,January,Tuesday,3941.26,3547.1340000000005
2024-01-30,ORD035955,CUST00501,P014,Keyboard,Electronics,Ahmedabad,Store,UPI,1,2438.11,0.2,2438.11,1950.49,0,185.43,2024,1,January,Tuesday,2438.11,1950.4880000000003
2024-01-30,ORD047768,CUST02629,P007,Backpack,Accessories,Chennai,Store,Net Banking,2,2359.44,0.1,4718.88,4246.99,0,617.03,2024,1,January,Tuesday,4718.88,4246.992
2024-01-30,ORD043961,CUST00104,P002,Smartphone,Electronics,Chennai,Online,Net Banking,2,28333.77,0.15,56667.54,48167.41,0,12391.11,2024,1,January,Tuesday,56667.54,48167.409
2024-01-30,ORD011102,CUST00377,P015,Dining Table,Furniture,Delhi,Online,UPI,2,21295.45,0.2,42590.9,34072.72,0,4872.98,2024,1,January,Tuesday,42590.9,34072.72
2024-01-30,ORD009751,CUST01370,P011,Mixer Grinder,Home,Mumbai,Online,UPI,1,4806.77,0.15,4806.77,4085.75,0,663.52,2024,1,January,Tuesday,4806.77,4085.7545000000005
2024-01-30,ORD019507,CUST04730,P015,Dining Table,Furniture,Mumbai,Store,UPI,2,23006.74,0.05,46013.48,43712.81,0,8041.37,2024,1,January,Tuesday,46013.48,43712.806000000004
2024-01-30,ORD012900,CUST00140,P020,Microwave,Home,Delhi,Online,UPI,1,9974.28,0.1,9974.28,8976.85,0,2146.8,2024,1,January,Tuesday,9974.28,8976.852
2024-01-30,ORD041704,CUST01617,P012,Air Fryer,Home,Mumbai,Online,UPI,2,7795.03,0.0,15590.06,15590.06,0,4299.03,2024,1,January,Tuesday,15590.06,15590.06
2024-01-30,ORD006882,CUST00144,P003,Headphones,Electronics,Mumbai,Store,Credit Card,2,4394.75,0.15,8789.5,7471.08,0,497.6,2024,1,January,Tuesday,8789.5,7471.075
2024-01-30,ORD026880,CUST03580,P007,Backpack,Accessories,Ahmedabad,Store,Net Banking,1,2359.63,0.1,2359.63,2123.67,0,377.84,2024,1,January,Tuesday,2359.63,2123.6670000000004
2024-01-30,ORD023336,CUST02203,P007,Backpack,Accessories,Kolkata,Store,Debit Card,1,1983.8,0.0,1983.8,1983.8,0,383.98,2024,1,January,Tuesday,1983.8,1983.8
2024-01-30,ORD026064,CUST04190,P001,Laptop,Electronics,Bengaluru,Store,UPI,1,66052.0,0.0,66052.0,66052.0,0,14065.5,2024,1,January,Tuesday,66052.0,66052.0
2024-01-30,ORD038913,CUST02780,P002,Smartphone,Electronics,Hyderabad,Online,UPI,1,26441.54,0.2,26441.54,21153.23,0,5141.02,2024,1,January,Tuesday,26441.54,21153.232000000004
2024-01-30,ORD003079,CUST03449,P014,Keyboard,Electronics,Delhi,Store,Net Banking,1,2451.73,0.0,2451.73,2451.73,0,317.19,2024,1,January,Tuesday,2451.73,2451.73
2024-01-30,ORD018152,CUST03052,P016,Sofa,Furniture,Ahmedabad,Online,UPI,4,35454.75,0.0,141819.0,141819.0,0,33183.8,2024,1,January,Tuesday,141819.0,141819.0
2024-01-30,ORD021428,CUST01640,P012,Air Fryer,Home,Ahmedabad,Store,UPI,3,6920.23,0.15,20760.69,17646.59,0,3349.08,2024,1,January,Tuesday,20760.69,17646.586499999998
2024-01-30,ORD037500,CUST02974,P017,Jeans,Fashion,Hyderabad,Online,Credit Card,2,3033.36,0.05,6066.72,5763.38,0,912.25,2024,1,January,Tuesday,6066.72,5763.384
2024-01-30,ORD034845,CUST00436,P006,Desk,Furniture,Pune,Online,UPI,3,11343.25,0.0,34029.75,34029.75,0,2764.15,2024,1,January,Tuesday,34029.75,34029.75
2024-01-30,ORD049289,CUST03352,P020,Microwave,Home,Kolkata,Store,Credit Card,1,10749.83,0.0,10749.83,10749.83,0,3223.81,2024,1,January,Tuesday,10749.83,10749.83
2024-01-30,ORD030871,CUST00337,P018,Jacket,Fashion,Jaipur,Store,UPI,2,5422.29,0.05,10844.58,10302.35,0,2927.28,2024,1,January,Tuesday,10844.58,10302.350999999999
2024-01-30,ORD018221,CUST02437,P007,Backpack,Accessories,Pune,Store,Credit Card,1,1987.2,0.2,1987.2,1589.76,0,101.66,2024,1,January,Tuesday,1987.2,1589.7600000000002
2024-01-30,ORD007173,CUST03063,P013,Monitor,Electronics,Mumbai,Store,Debit Card,2,16363.13,0.25,32726.26,24544.7,0,1871.43,2024,1,January,Tuesday,32726.26,24544.695
2024-01-30,ORD021262,CUST01806,P013,Monitor,Electronics,Mumbai,Online,Credit Card,2,16934.89,0.15,33869.78,28789.31,0,5227.45,2024,1,January,Tuesday,33869.78,28789.313
2024-01-30,ORD010963,CUST03121,P005,Office Chair,Furniture,Ahmedabad,Online,Credit Card,2,9247.7,0.1,18495.4,16645.86,0,4537.07,2024,1,January,Tuesday,18495.4,16645.86
2024-01-30,ORD030891,CUST00640,P009,T-Shirt,Fashion,Hyderabad,Online,UPI,1,1108.65,0.0,1108.65,1108.65,0,273.46,2024,1,January,Tuesday,1108.65,1108.65
2024-01-30,ORD014709,CUST01588,P015,Dining Table,Furniture,Mumbai,Store,UPI,5,20937.63,0.1,104688.15,94219.34,0,25319.62,2024,1,January,Tuesday,104688.15000000001,94219.33499999999
2024-01-30,ORD001143,CUST03215,P008,Running Shoes,Fashion,Hyderabad,Store,UPI,1,4417.49,0.15,4417.49,3754.87,0,312.56,2024,1,January,Tuesday,4417.49,3754.8664999999996
2024-01-30,ORD028662,CUST04362,P001,Laptop,Electronics,Ahmedabad,Store,UPI,5,62919.89,0.0,314599.45,314599.45,0,61205.88,2024,1,January,Tuesday,314599.45,314599.45
2024-01-30,ORD002006,CUST01848,P011,Mixer Grinder,Home,Surat,Store,UPI,1,5100.66,0.05,5100.66,4845.63,0,940.25,2024,1,January,Tuesday,5100.66,4845.6269999999995
2024-01-30,ORD038288,CUST01855,P004,Smartwatch,Electronics,Bengaluru,Store,UPI,5,6982.76,0.1,34913.8,31422.42,0,2151.78,2024,1,January,Tuesday,34913.8,31422.420000000002
2024-01-30,ORD001799,CUST02107,P002,Smartphone,Electronics,Jaipur,Store,Debit Card,1,25751.68,0.1,25751.68,23176.51,0,2001.87,2024,1,January,Tuesday,25751.68,23176.512000000002
2024-01-30,ORD017949,CUST01659,P019,Vacuum Cleaner,Home,Chennai,Online,Net Banking,2,9020.1,0.05,18040.2,17138.19,0,1917.08,2024,1,January,Tuesday,18040.2,17138.19
2024-01-30,ORD046290,CUST03369,P012,Air Fryer,Home,Ahmedabad,Store,Credit Card,2,6729.58,0.0,13459.16,13459.16,0,2238.54,2024,1,January,Tuesday,13459.16,13459.16
2024-01-30,ORD042156,CUST00023,P007,Backpack,Accessories,Mumbai,Online,Debit Card,3,2208.89,0.15,6626.67,5632.67,0,963.65,2024,1,January,Tuesday,6626.67,5632.6695
2024-01-30,ORD020784,CUST02451,P019,Vacuum Cleaner,Home,Chennai,Online,Credit Card,1,8784.29,0.15,8784.29,7466.65,1,-373.33,2024,1,January,Tuesday,8784.29,7466.646500000001
2024-01-31,ORD033650,CUST02278,P014,Keyboard,Electronics,Surat,Online,Debit Card,1,2706.98,0.25,2706.98,2030.24,0,362.89,2024,1,January,Wednesday,2706.98,2030.2350000000001
2024-01-31,ORD038749,CUST00011,P019,Vacuum Cleaner,Home,Mumbai,Store,Credit Card,1,9143.89,0.25,9143.89,6857.92,0,1132.87,2024,1,January,Wednesday,9143.89,6857.9175
2024-01-31,ORD037431,CUST02581,P006,Desk,Furniture,Mumbai,Store,Net Banking,1,11607.59,0.1,11607.59,10446.83,1,-522.34,2024,1,January,Wednesday,11607.59,10446.831
2024-01-31,ORD023335,CUST00883,P016,Sofa,Furniture,Surat,Online,UPI,1,32277.39,0.1,32277.39,29049.65,0,4182.9,2024,1,January,Wednesday,32277.39,29049.651
2024-01-31,ORD044760,CUST00136,P007,Backpack,Accessories,Pune,Store,Credit Card,2,2245.49,0.15,4490.98,3817.33,0,643.27,2024,1,January,Wednesday,4490.98,3817.3329999999996
2024-01-31,ORD007465,CUST04297,P020,Microwave,Home,Delhi,Store,Cash,1,11436.05,0.0,11436.05,11436.05,0,2360.77,2024,1,January,Wednesday,11436.05,11436.05
2024-01-31,ORD032649,CUST00098,P002,Smartphone,Electronics,Surat,Store,UPI,1,29269.47,0.1,29269.47,26342.52,0,3126.6,2024,1,January,Wednesday,29269.47,26342.523
2024-01-31,ORD010525,CUST03020,P019,Vacuum Cleaner,Home,Jaipur,Online,Credit Card,5,9480.31,0.05,47401.55,45031.47,0,12805.98,2024,1,January,Wednesday,47401.549999999996,45031.4725
2024-01-31,ORD021875,CUST03217,P005,Office Chair,Furniture,Pune,Online,UPI,1,10163.05,0.1,10163.05,9146.74,0,1422.57,2024,1,January,Wednesday,10163.05,9146.744999999999
2024-01-31,ORD042417,CUST02882,P017,Jeans,Fashion,Ahmedabad,Online,UPI,2,3010.63,0.15,6021.26,5118.07,0,693.93,2024,1,January,Wednesday,6021.26,5118.071
2024-01-31,ORD021082,CUST03156,P004,Smartwatch,Electronics,Ahmedabad,Store,UPI,3,7475.36,0.15,22426.08,19062.17,0,4083.38,2024,1,January,Wednesday,22426.079999999998,19062.168
2024-01-31,ORD013301,CUST02075,P015,Dining Table,Furniture,Ahmedabad,Online,Debit Card,5,24190.0,0.25,120950.0,90712.5,0,13355.11,2024,1,January,Wednesday,120950.0,90712.5
2024-01-31,ORD003396,CUST03619,P004,Smartwatch,Electronics,Chennai,Online,Debit Card,2,6331.14,0.15,12662.28,10762.94,0,2722.19,2024,1,January,Wednesday,12662.28,10762.938
2024-01-31,ORD007368,CUST01415,P012,Air Fryer,Home,Jaipur,Store,UPI,1,7530.12,0.1,7530.12,6777.11,0,516.51,2024,1,January,Wednesday,7530.12,6777.108
2024-01-31,ORD040201,CUST04306,P017,Jeans,Fashion,Bengaluru,Store,UPI,1,2796.87,0.1,2796.87,2517.18,0,464.7,2024,1,January,Wednesday,2796.87,2517.183
2024-01-31,ORD003834,CUST02145,P010,Coffee Maker,Home,Hyderabad,Store,Debit Card,1,5076.15,0.1,5076.15,4568.54,0,1132.71,2024,1,January,Wednesday,5076.15,4568.535
2024-01-31,ORD012897,CUST00331,P003,Headphones,Electronics,Jaipur,Online,UPI,1,4740.08,0.1,4740.08,4266.07,0,648.06,2024,1,January,Wednesday,4740.08,4266.072
2024-01-31,ORD040253,CUST04626,P017,Jeans,Fashion,Hyderabad,Store,Debit Card,2,2869.25,0.1,5738.5,5164.65,0,628.28,2024,1,January,Wednesday,5738.5,5164.650000000001
2024-01-31,ORD034390,CUST02639,P006,Desk,Furniture,Delhi,Store,UPI,2,12784.7,0.1,25569.4,23012.46,0,6313.31,2024,1,January,Wednesday,25569.4,23012.460000000003
2024-01-31,ORD013917,CUST01847,P013,Monitor,Electronics,Mumbai,Online,UPI,3,17326.72,0.15,51980.16,44183.14,0,10278.82,2024,1,January,Wednesday,51980.16,44183.136
2024-01-31,ORD026525,CUST00798,P013,Monitor,Electronics,Pune,Store,Credit Card,4,19627.92,0.05,78511.68,74586.1,0,9962.22,2024,1,January,Wednesday,78511.68,74586.09599999999
2024-01-31,ORD031617,CUST00222,P014,Keyboard,Electronics,Chennai,Store,Debit Card,2,2449.91,0.0,4899.82,4899.82,0,500.01,2024,1,January,Wednesday,4899.82,4899.82
2024-01-31,ORD046543,CUST03881,P020,Microwave,Home,Jaipur,Store,Cash,1,10613.37,0.0,10613.37,10613.37,0,1797.65,2024,1,January,Wednesday,10613.37,10613.37
2024-01-31,ORD013837,CUST01881,P010,Coffee Maker,Home,Pune,Online,UPI,1,5625.56,0.25,5625.56,4219.17,0,431.4,2024,1,January,Wednesday,5625.56,4219.17
2024-01-31,ORD041936,CUST03057,P009,T-Shirt,Fashion,Bengaluru,Store,UPI,3,1301.68,0.1,3905.04,3514.54,0,638.31,2024,1,January,Wednesday,3905.04,3514.536
2024-01-31,ORD007304,CUST00194,P010,Coffee Maker,Home,Pune,Online,Debit Card,1,6043.28,0.0,6043.28,6043.28,0,580.07,2024,1,January,Wednesday,6043.28,6043.28
2024-01-31,ORD044514,CUST00364,P009,T-Shirt,Fashion,Ahmedabad,Online,Cash,3,1198.34,0.1,3595.02,3235.52,0,307.26,2024,1,January,Wednesday,3595.0199999999995,3235.518
2024-01-31,ORD022817,CUST01418,P002,Smartphone,Electronics,Delhi,Online,Credit Card,1,27761.52,0.0,27761.52,27761.52,0,2329.07,2024,1,January,Wednesday,27761.52,27761.52
2024-01-31,ORD033864,CUST04261,P013,Monitor,Electronics,Bengaluru,Store,Credit Card,1,18885.91,0.0,18885.91,18885.91,0,4869.1,2024,1,January,Wednesday,18885.91,18885.91
2024-01-31,ORD006509,CUST04794,P019,Vacuum Cleaner,Home,Chennai,Online,UPI,2,8313.57,0.15,16627.14,14133.07,0,3206.43,2024,1,January,Wednesday,16627.14,14133.069
2024-01-31,ORD035521,CUST04391,P004,Smartwatch,Electronics,Delhi,Store,UPI,1,6922.91,0.0,6922.91,6922.91,0,860.38,2024,1,January,Wednesday,6922.91,6922.91
2024-01-31,ORD016214,CUST03433,P019,Vacuum Cleaner,Home,Surat,Store,Net Banking,2,9296.26,0.05,18592.52,17662.89,0,2443.23,2024,1,January,Wednesday,18592.52,17662.894
2024-01-31,ORD044773,CUST04005,P014,Keyboard,Electronics,Delhi,Store,UPI,1,2288.86,0.15,2288.86,1945.53,0,379.53,2024,1,January,Wednesday,2288.86,1945.531
2024-01-31,ORD030972,CUST02769,P011,Mixer Grinder,Home,Mumbai,Online,UPI,1,4356.62,0.0,4356.62,4356.62,0,973.14,2024,1,January,Wednesday,4356.62,4356.62
2024-01-31,ORD046201,CUST04486,P014,Keyboard,Electronics,Jaipur,Store,UPI,1,2655.17,0.0,2655.17,2655.17,0,506.34,2024,1,January,Wednesday,2655.17,2655.17
2024-01-31,ORD025452,CUST02995,P001,Laptop,Electronics,Ahmedabad,Online,Credit Card,1,69165.34,0.0,69165.34,69165.34,0,8890.76,2024,1,January,Wednesday,69165.34,69165.34
2024-01-31,ORD048146,CUST01681,P010,Coffee Maker,Home,Surat,Online,UPI,1,5553.4,0.1,5553.4,4998.06,0,652.96,2024,1,January,Wednesday,5553.4,4998.0599999999995
2024-01-31,ORD034023,CUST01872,P011,Mixer Grinder,Home,Ahmedabad,Online,UPI,1,5205.88,0.1,5205.88,4685.29,0,1087.52,2024,1,January,Wednesday,5205.88,4685.292
2024-01-31,ORD018679,CUST04378,P016,Sofa,Furniture,Kolkata,Store,Debit Card,1,31651.28,0.1,31651.28,28486.15,0,1769.59,2024,1,January,Wednesday,31651.28,28486.152
2024-01-31,ORD014302,CUST04415,P005,Office Chair,Furniture,Mumbai,Store,Net Banking,1,9460.86,0.1,9460.86,8514.77,0,1470.25,2024,1,January,Wednesday,9460.86,8514.774000000001
2024-01-31,ORD032713,CUST02076,P012,Air Fryer,Home,Bengaluru,Store,Credit Card,4,6519.1,0.1,26076.4,23468.76,0,4388.75,2024,1,January,Wednesday,26076.4,23468.760000000002
2024-01-31,ORD029782,CUST02386,P013,Monitor,Electronics,Hyderabad,Online,Cash,1,19467.53,0.05,19467.53,18494.15,0,4531.48,2024,1,January,Wednesday,19467.53,18494.153499999997
2024-01-31,ORD033923,CUST04878,P005,Office Chair,Furniture,Delhi,Store,Cash,1,10147.47,0.05,10147.47,9640.1,0,1577.48,2024,1,January,Wednesday,10147.47,9640.0965
2024-01-31,ORD007661,CUST00779,P020,Microwave,Home,Pune,Store,Debit Card,4,11669.04,0.1,46676.16,42008.54,0,10367.83,2024,1,January,Wednesday,46676.16,42008.544
2024-01-31,ORD042399,CUST04870,P016,Sofa,Furniture,Hyderabad,Online,Credit Card,1,33224.39,0.1,33224.39,29901.95,0,3163.01,2024,1,January,Wednesday,33224.39,29901.951
2024-01-31,ORD034864,CUST03765,P020,Microwave,Home,Pune,Store,UPI,1,10746.32,0.0,10746.32,10746.32,0,1140.79,2024,1,January,Wednesday,10746.32,10746.32
2024-01-31,ORD034828,CUST04220,P004,Smartwatch,Electronics,Delhi,Online,Credit Card,2,7204.54,0.05,14409.08,13688.63,0,3055.37,2024,1,January,Wednesday,14409.08,13688.625999999998
2024-01-31,ORD015637,CUST03857,P002,Smartphone,Electronics,Pune,Store,Credit Card,2,27533.13,0.15,55066.26,46806.32,0,11341.75,2024,1,January,Wednesday,55066.26,46806.321
2024-01-31,ORD039937,CUST01706,P016,Sofa,Furniture,Chennai,Online,UPI,2,33531.12,0.15,67062.24,57002.9,0,5523.93,2024,1,January,Wednesday,67062.24,57002.904
2024-01-31,ORD049917,CUST04702,P015,Dining Table,Furniture,Surat,Store,UPI,2,23809.67,0.0,47619.34,47619.34,0,11676.38,2024,1,January,Wednesday,47619.34,47619.34
2024-01-31,ORD023195,CUST01705,P005,Office Chair,Furniture,Hyderabad,Store,Credit Card,1,10424.68,0.05,10424.68,9903.45,0,1644.79,2024,1,January,Wednesday,10424.68,9903.446
2024-01-31,ORD017077,CUST00608,P010,Coffee Maker,Home,Bengaluru,Store,Credit Card,1,5546.23,0.15,5546.23,4714.3,0,461.83,2024,1,January,Wednesday,5546.23,4714.295499999999
2024-01-31,ORD030775,CUST04765,P019,Vacuum Cleaner,Home,Pune,Online,UPI,1,8903.06,0.15,8903.06,7567.6,0,910.67,2024,1,January,Wednesday,8903.06,7567.601
2024-01-31,ORD044583,CUST00452,P009,T-Shirt,Fashion,Delhi,Store,UPI,4,1258.58,0.05,5034.32,4782.6,0,372.01,2024,1,January,Wednesday,5034.32,4782.603999999999
2024-01-31,ORD015840,CUST00109,P018,Jacket,Fashion,Surat,Online,Credit Card,3,5202.69,0.05,15608.07,14827.67,0,3724.75,2024,1,January,Wednesday,15608.07,14827.6665
2024-01-31,ORD005596,CUST04051,P002,Smartphone,Electronics,Mumbai,Online,Credit Card,2,26481.56,0.15,52963.12,45018.65,0,7301.03,2024,1,January,Wednesday,52963.12,45018.652
2024-01-31,ORD034166,CUST04355,P006,Desk,Furniture,Ahmedabad,Online,Cash,1,12318.12,0.2,12318.12,9854.5,0,1824.64,2024,1,January,Wednesday,12318.12,9854.496000000001
2024-01-31,ORD006045,CUST03172,P004,Smartwatch,Electronics,Chennai,Store,UPI,1,6735.02,0.1,6735.02,6061.52,0,829.43,2024,1,January,Wednesday,6735.02,6061.518000000001
2024-01-31,ORD011379,CUST00582,P015,Dining Table,Furniture,Jaipur,Online,UPI,1,23801.85,0.0,23801.85,23801.85,0,2291.26,2024,1,January,Wednesday,23801.85,23801.85
2024-01-31,ORD029842,CUST03406,P010,Coffee Maker,Home,Chennai,Online,Credit Card,4,5789.23,0.2,23156.92,18525.54,0,2939.11,2024,1,January,Wednesday,23156.92,18525.536
2024-01-31,ORD029204,CUST00771,P003,Headphones,Electronics,Surat,Store,Net Banking,4,4283.53,0.05,17134.12,16277.41,0,3509.82,2024,1,January,Wednesday,17134.12,16277.413999999999
2024-01-31,ORD027567,CUST02770,P020,Microwave,Home,Chennai,Online,UPI,1,10486.37,0.05,10486.37,9962.05,0,2121.87,2024,1,January,Wednesday,10486.37,9962.0515
2024-01-31,ORD027093,CUST00782,P019,Vacuum Cleaner,Home,Kolkata,Online,Credit Card,1,8768.37,0.0,8768.37,8768.37,0,906.72,2024,1,January,Wednesday,8768.37,8768.37
2024-01-31,ORD037466,CUST01376,P018,Jacket,Fashion,Chennai,Store,UPI,5,4762.32,0.0,23811.6,23811.6,0,6442.06,2024,1,January,Wednesday,23811.6,23811.6
2024-01-31,ORD045528,CUST02462,P004,Smartwatch,Electronics,Surat,Online,Net Banking,2,6398.76,0.1,12797.52,11517.77,0,2492.78,2024,1,January,Wednesday,12797.52,11517.768
2024-01-31,ORD036574,CUST01996,P006,Desk,Furniture,Surat,Online,Debit Card,1,11893.82,0.0,11893.82,11893.82,0,3280.06,2024,1,January,Wednesday,11893.82,11893.82
2024-01-31,ORD045778,CUST00007,P003,Headphones,Electronics,Chennai,Online,UPI,1,4118.68,0.15,4118.68,3500.88,0,420.83,2024,1,January,Wednesday,4118.68,3500.878
2024-01-31,ORD036764,CUST03624,P012,Air Fryer,Home,Pune,Store,Debit Card,1,7872.42,0.2,7872.42,6297.94,0,708.45,2024,1,January,Wednesday,7872.42,6297.936000000001
2024-02-01,ORD030202,CUST04998,P014,Keyboard,Electronics,Kolkata,Store,Credit Card,1,2511.97,0.15,2511.97,2135.17,0,242.38,2024,2,February,Thursday,2511.97,2135.1744999999996
2024-02-01,ORD022116,CUST04419,P009,T-Shirt,Fashion,Mumbai,Store,Debit Card,2,1207.79,0.05,2415.58,2294.8,0,557.02,2024,2,February,Thursday,2415.58,2294.801
2024-02-01,ORD004931,CUST00298,P001,Laptop,Electronics,Ahmedabad,Store,UPI,1,68135.4,0.0,68135.4,68135.4,0,11436.6,2024,2,February,Thursday,68135.4,68135.4
2024-02-01,ORD022457,CUST00920,P012,Air Fryer,Home,Kolkata,Online,UPI,1,6994.92,0.1,6994.92,6295.43,0,485.72,2024,2,February,Thursday,6994.92,6295.428
2024-02-01,ORD031528,CUST02771,P015,Dining Table,Furniture,Jaipur,Store,Credit Card,1,24121.72,0.0,24121.72,24121.72,0,7178.28,2024,2,February,Thursday,24121.72,24121.72
2024-02-01,ORD025194,CUST01676,P007,Backpack,Accessories,Delhi,Store,Debit Card,2,2345.78,0.1,4691.56,4222.4,0,633.85,2024,2,February,Thursday,4691.56,4222.404
2024-02-01,ORD040584,CUST02095,P015,Dining Table,Furniture,Jaipur,Store,Net Banking,1,19825.73,0.05,19825.73,18834.44,0,5280.71,2024,2,February,Thursday,19825.73,18834.443499999998
2024-02-01,ORD007053,CUST03266,P003,Headphones,Electronics,Chennai,Online,Net Banking,1,4748.07,0.1,4748.07,4273.26,0,1048.44,2024,2,February,Thursday,4748.07,4273.263
2024-02-01,ORD026756,CUST00747,P020,Microwave,Home,Delhi,Store,Cash,1,11720.48,0.05,11720.48,11134.46,0,2365.14,2024,2,February,Thursday,11720.48,11134.455999999998
2024-02-01,ORD037452,CUST00218,P019,Vacuum Cleaner,Home,Surat,Online,Credit Card,1,8556.03,0.05,8556.03,8128.23,0,952.58,2024,2,February,Thursday,8556.03,8128.2285
2024-02-01,ORD018574,CUST01979,P001,Laptop,Electronics,Kolkata,Store,Cash,1,63482.94,0.05,63482.94,60308.79,0,16017.4,2024,2,February,Thursday,63482.94,60308.793
2024-02-01,ORD020121,CUST04751,P001,Laptop,Electronics,Pune,Store,Credit Card,1,69499.48,0.0,69499.48,69499.48,0,11216.26,2024,2,February,Thursday,69499.48,69499.48
2024-02-01,ORD038442,CUST03298,P009,T-Shirt,Fashion,Kolkata,Online,Credit Card,1,1096.46,0.05,1096.46,1041.64,0,162.1,2024,2,February,Thursday,1096.46,1041.637
2024-02-01,ORD039195,CUST04540,P013,Monitor,Electronics,Jaipur,Online,Credit Card,1,16842.73,0.0,16842.73,16842.73,0,1439.23,2024,2,February,Thursday,16842.73,16842.73
2024-02-01,ORD029421,CUST03860,P017,Jeans,Fashion,Ahmedabad,Online,Credit Card,3,2814.62,0.1,8443.86,7599.47,0,1307.84,2024,2,February,Thursday,8443.86,7599.474000000001
2024-02-01,ORD026631,CUST03936,P018,Jacket,Fashion,Hyderabad,Online,UPI,1,5334.4,0.2,5334.4,4267.52,0,580.64,2024,2,February,Thursday,5334.4,4267.5199999999995
2024-02-01,ORD037854,CUST03814,P016,Sofa,Furniture,Chennai,Online,Debit Card,2,32909.18,0.05,65818.36,62527.44,0,14576.52,2024,2,February,Thursday,65818.36,62527.441999999995
2024-02-01,ORD048477,CUST01752,P002,Smartphone,Electronics,Delhi,Online,Credit Card,2,25453.73,0.05,50907.46,48362.09,0,12208.2,2024,2,February,Thursday,50907.46,48362.087
2024-02-01,ORD019295,CUST03585,P019,Vacuum Cleaner,Home,Ahmedabad,Store,UPI,1,9629.29,0.05,9629.29,9147.83,0,1189.58,2024,2,February,Thursday,9629.29,9147.8255
2024-02-01,ORD006388,CUST02739,P017,Jeans,Fashion,Mumbai,Store,Debit Card,1,2795.27,0.0,2795.27,2795.27,0,639.3,2024,2,February,Thursday,2795.27,2795.27
2024-02-01,ORD009154,CUST02664,P016,Sofa,Furniture,Bengaluru,Store,Credit Card,1,36645.0,0.1,36645.0,32980.5,0,2455.53,2024,2,February,Thursday,36645.0,32980.5
2024-02-01,ORD033524,CUST02022,P009,T-Shirt,Fashion,Pune,Online,UPI,1,1220.92,0.15,1220.92,1037.78,0,116.76,2024,2,February,Thursday,1220.92,1037.782
2024-02-01,ORD041002,CUST04353,P001,Laptop,Electronics,Pune,Online,Net Banking,1,63011.67,0.2,63011.67,50409.34,0,3781.31,2024,2,February,Thursday,63011.67,50409.336
2024-02-01,ORD036744,CUST04863,P016,Sofa,Furniture,Ahmedabad,Store,UPI,2,36289.93,0.05,72579.86,68950.87,0,13637.23,2024,2,February,Thursday,72579.86,68950.867
2024-02-01,ORD032784,CUST03409,P004,Smartwatch,Electronics,Chennai,Online,UPI,1,6648.97,0.0,6648.97,6648.97,1,-332.45,2024,2,February,Thursday,6648.97,6648.97
2024-02-01,ORD015015,CUST00954,P010,Coffee Maker,Home,Hyderabad,Online,UPI,1,5898.44,0.15,5898.44,5013.67,0,434.37,2024,2,February,Thursday,5898.44,5013.674
2024-02-01,ORD022874,CUST00341,P017,Jeans,Fashion,Mumbai,Store,Credit Card,1,2668.02,0.2,2668.02,2134.42,0,286.86,2024,2,February,Thursday,2668.02,2134.416
2024-02-01,ORD016733,CUST03032,P017,Jeans,Fashion,Surat,Store,Credit Card,1,2683.38,0.0,2683.38,2683.38,0,370.27,2024,2,February,Thursday,2683.38,2683.38
2024-02-01,ORD044388,CUST01261,P003,Headphones,Electronics,Chennai,Online,UPI,5,4836.16,0.05,24180.8,22971.76,0,5274.64,2024,2,February,Thursday,24180.8,22971.76
2024-02-01,ORD006518,CUST03653,P015,Dining Table,Furniture,Kolkata,Online,UPI,1,23127.73,0.1,23127.73,20814.96,0,3228.0,2024,2,February,Thursday,23127.73,20814.957
2024-02-01,ORD037027,CUST02873,P019,Vacuum Cleaner,Home,Jaipur,Store,Credit Card,2,9843.35,0.0,19686.7,19686.7,0,3571.2,2024,2,February,Thursday,19686.7,19686.7
2024-02-01,ORD045184,CUST03076,P018,Jacket,Fashion,Surat,Online,Credit Card,1,5563.02,0.15,5563.02,4728.57,0,891.65,2024,2,February,Thursday,5563.02,4728.567
2024-02-01,ORD029290,CUST04257,P015,Dining Table,Furniture,Surat,Store,UPI,2,20394.15,0.0,40788.3,40788.3,0,11676.22,2024,2,February,Thursday,40788.3,40788.3
2024-02-01,ORD001147,CUST01928,P006,Desk,Furniture,Hyderabad,Online,Cash,1,12272.91,0.05,12272.91,11659.26,0,2051.73,2024,2,February,Thursday,12272.91,11659.2645
2024-02-01,ORD024913,CUST03363,P003,Headphones,Electronics,Kolkata,Online,Cash,1,4840.04,0.0,4840.04,4840.04,0,1245.03,2024,2,February,Thursday,4840.04,4840.04
2024-02-01,ORD017861,CUST02914,P004,Smartwatch,Electronics,Pune,Online,Credit Card,1,7470.4,0.2,7470.4,5976.32,0,1403.98,2024,2,February,Thursday,7470.4,5976.32
2024-02-01,ORD038769,CUST04833,P013,Monitor,Electronics,Chennai,Online,UPI,1,18037.55,0.15,18037.55,15331.92,0,1084.84,2024,2,February,Thursday,18037.55,15331.9175
2024-02-01,ORD034522,CUST02713,P012,Air Fryer,Home,Hyderabad,Store,Credit Card,1,7566.37,0.1,7566.37,6809.73,0,1745.92,2024,2,February,Thursday,7566.37,6809.733
2024-02-01,ORD001324,CUST01767,P008,Running Shoes,Fashion,Chennai,Online,Credit Card,3,4264.03,0.05,12792.09,12152.49,0,1354.36,2024,2,February,Thursday,12792.09,12152.485499999999
2024-02-01,ORD035894,CUST03167,P011,Mixer Grinder,Home,Surat,Online,Debit Card,1,4815.14,0.15,4815.14,4092.87,0,894.67,2024,2,February,Thursday,4815.14,4092.869
2024-02-01,ORD044081,CUST01190,P020,Microwave,Home,Chennai,Online,UPI,1,11581.02,0.15,11581.02,9843.87,0,2559.84,2024,2,February,Thursday,11581.02,9843.867
2024-02-01,ORD023330,CUST04481,P016,Sofa,Furniture,Bengaluru,Store,Cash,2,34386.47,0.15,68772.94,58457.0,0,12124.67,2024,2,February,Thursday,68772.94,58456.999
2024-02-01,ORD039561,CUST04623,P002,Smartphone,Electronics,Ahmedabad,Store,UPI,1,25429.47,0.1,25429.47,22886.52,0,1426.09,2024,2,February,Thursday,25429.47,22886.523
2024-02-01,ORD031321,CUST00432,P009,T-Shirt,Fashion,Chennai,Online,Cash,1,1166.36,0.1,1166.36,1049.72,0,108.18,2024,2,February,Thursday,1166.36,1049.724
2024-02-01,ORD049597,CUST02741,P003,Headphones,Electronics,Pune,Store,Cash,1,4606.95,0.25,4606.95,3455.21,0,368.38,2024,2,February,Thursday,4606.95,3455.2124999999996
2024-02-01,ORD021903,CUST01865,P014,Keyboard,Electronics,Mumbai,Online,Debit Card,1,2695.82,0.0,2695.82,2695.82,0,386.99,2024,2,February,Thursday,2695.82,2695.82
2024-02-01,ORD049144,CUST03263,P003,Headphones,Electronics,Ahmedabad,Store,Debit Card,1,4120.55,0.1,4120.55,3708.5,0,847.27,2024,2,February,Thursday,4120.55,3708.4950000000003
2024-02-01,ORD001450,CUST01995,P013,Monitor,Electronics,Bengaluru,Store,UPI,1,18120.97,0.05,18120.97,17214.92,0,4737.18,2024,2,February,Thursday,18120.97,17214.9215
2024-02-01,ORD020606,CUST04440,P012,Air Fryer,Home,Jaipur,Online,UPI,1,6705.78,0.1,6705.78,6035.2,1,-301.76,2024,2,February,Thursday,6705.78,6035.202
2024-02-01,ORD032462,CUST01669,P001,Laptop,Electronics,Kolkata,Online,Credit Card,1,69817.81,0.15,69817.81,59345.14,0,7733.86,2024,2,February,Thursday,69817.81,59345.138499999994
2024-02-01,ORD032853,CUST01951,P014,Keyboard,Electronics,Kolkata,Store,UPI,1,2409.26,0.2,2409.26,1927.41,0,364.38,2024,2,February,Thursday,2409.26,1927.4080000000004
2024-02-01,ORD001584,CUST00545,P001,Laptop,Electronics,Kolkata,Online,UPI,2,60769.22,0.0,121538.44,121538.44,1,-6076.92,2024,2,February,Thursday,121538.44,121538.44
2024-02-01,ORD039519,CUST02389,P019,Vacuum Cleaner,Home,Hyderabad,Online,Debit Card,1,8348.89,0.0,8348.89,8348.89,0,983.44,2024,2,February,Thursday,8348.89,8348.89
2024-02-01,ORD026321,CUST04072,P004,Smartwatch,Electronics,Jaipur,Online,Credit Card,1,6403.39,0.0,6403.39,6403.39,0,1885.58,2024,2,February,Thursday,6403.39,6403.39
2024-02-01,ORD002071,CUST04190,P002,Smartphone,Electronics,Surat,Online,Debit Card,1,25891.01,0.05,25891.01,24596.46,0,3590.43,2024,2,February,Thursday,25891.01,24596.459499999997
2024-02-01,ORD014808,CUST00819,P017,Jeans,Fashion,Chennai,Store,UPI,1,2803.21,0.15,2803.21,2382.73,0,531.57,2024,2,February,Thursday,2803.21,2382.7285
2024-02-01,ORD039475,CUST03424,P006,Desk,Furniture,Ahmedabad,Online,UPI,1,11225.43,0.05,11225.43,10664.16,1,-533.21,2024,2,February,Thursday,11225.43,10664.1585
2024-02-01,ORD035900,CUST04291,P008,Running Shoes,Fashion,Pune,Online,UPI,1,4055.55,0.15,4055.55,3447.22,0,202.65,2024,2,February,Thursday,4055.55,3447.2175
2024-02-01,ORD002063,CUST04555,P014,Keyboard,Electronics,Pune,Online,Net Banking,1,2302.44,0.1,2302.44,2072.2,0,466.29,2024,2,February,Thursday,2302.44,2072.196
2024-02-01,ORD003278,CUST04817,P014,Keyboard,Electronics,Mumbai,Online,UPI,1,2365.52,0.0,2365.52,2365.52,0,284.39,2024,2,February,Thursday,2365.52,2365.52
2024-02-01,ORD013644,CUST01745,P015,Dining Table,Furniture,Chennai,Online,Debit Card,1,20397.9,0.0,20397.9,20397.9,0,5615.94,2024,2,February,Thursday,20397.9,20397.9
2024-02-01,ORD015519,CUST02167,P016,Sofa,Furniture,Hyderabad,Store,Debit Card,2,33235.03,0.0,66470.06,66470.06,0,7244.14,2024,2,February,Thursday,66470.06,66470.06
2024-02-01,ORD018804,CUST02684,P007,Backpack,Accessories,Ahmedabad,Online,UPI,1,1981.49,0.05,1981.49,1882.42,0,371.92,2024,2,February,Thursday,1981.49,1882.4154999999998
2024-02-01,ORD037586,CUST03104,P020,Microwave,Home,Ahmedabad,Online,UPI,1,10206.24,0.1,10206.24,9185.62,0,737.01,2024,2,February,Thursday,10206.24,9185.616
2024-02-01,ORD014577,CUST00881,P006,Desk,Furniture,Surat,Online,Debit Card,2,12015.18,0.0,24030.36,24030.36,0,4285.17,2024,2,February,Thursday,24030.36,24030.36
2024-02-01,ORD008650,CUST00638,P018,Jacket,Fashion,Pune,Store,Credit Card,1,5152.87,0.15,5152.87,4379.94,0,682.27,2024,2,February,Thursday,5152.87,4379.9394999999995
2024-02-01,ORD012858,CUST02158,P009,T-Shirt,Fashion,Kolkata,Online,UPI,5,1128.48,0.05,5642.4,5360.28,0,1080.31,2024,2,February,Thursday,5642.4,5360.28
2024-02-01,ORD028129,CUST04797,P015,Dining Table,Furniture,Chennai,Online,Credit Card,1,23384.72,0.1,23384.72,21046.25,0,3342.32,2024,2,February,Thursday,23384.72,21046.248000000003
2024-02-01,ORD041341,CUST03202,P020,Microwave,Home,Pune,Store,Debit Card,2,11423.7,0.1,22847.4,20562.66,0,4179.6,2024,2,February,Thursday,22847.4,20562.660000000003
2024-02-01,ORD022274,CUST03848,P015,Dining Table,Furniture,Bengaluru,Online,Debit Card,1,23418.5,0.2,23418.5,18734.8,0,1432.74,2024,2,February,Thursday,23418.5,18734.8
2024-02-01,ORD040871,CUST01881,P018,Jacket,Fashion,Delhi,Online,Net Banking,2,5681.61,0.05,11363.22,10795.06,0,1554.85,2024,2,February,Thursday,11363.22,10795.059
2024-02-01,ORD049826,CUST01590,P014,Keyboard,Electronics,Surat,Store,Credit Card,1,2710.1,0.0,2710.1,2710.1,0,755.85,2024,2,February,Thursday,2710.1,2710.1
2024-02-01,ORD002161,CUST00945,P020,Microwave,Home,Ahmedabad,Online,UPI,1,12003.3,0.15,12003.3,10202.8,1,-510.14,2024,2,February,Thursday,12003.3,10202.804999999998
2024-02-02,ORD033049,CUST00168,P020,Microwave,Home,Mumbai,Online,Credit Card,2,10162.7,0.1,20325.4,18292.86,0,2489.91,2024,2,February,Friday,20325.4,18292.86
2024-02-02,ORD025383,CUST02336,P003,Headphones,Electronics,Bengaluru,Online,UPI,1,4630.81,0.1,4630.81,4167.73,0,284.31,2024,2,February,Friday,4630.81,4167.729
2024-02-02,ORD024185,CUST00641,P018,Jacket,Fashion,Hyderabad,Store,UPI,1,4740.57,0.1,4740.57,4266.51,0,602.75,2024,2,February,Friday,4740.57,4266.513
2024-02-02,ORD048019,CUST01742,P002,Smartphone,Electronics,Jaipur,Store,Credit Card,1,29555.72,0.05,29555.72,28077.93,0,2918.54,2024,2,February,Friday,29555.72,28077.934
2024-02-02,ORD009245,CUST04347,P020,Microwave,Home,Kolkata,Store,Credit Card,1,9912.24,0.1,9912.24,8921.02,1,-446.05,2024,2,February,Friday,9912.24,8921.016
2024-02-02,ORD002463,CUST03190,P020,Microwave,Home,Pune,Store,Net Banking,1,11854.04,0.2,11854.04,9483.23,0,1165.19,2024,2,February,Friday,11854.04,9483.232000000002
2024-02-02,ORD026132,CUST00238,P015,Dining Table,Furniture,Hyderabad,Store,Net Banking,1,21801.15,0.1,21801.15,19621.04,0,3061.38,2024,2,February,Friday,21801.15,19621.035000000003
2024-02-02,ORD003941,CUST02259,P016,Sofa,Furniture,Hyderabad,Store,Debit Card,2,33802.68,0.0,67605.36,67605.36,0,16919.51,2024,2,February,Friday,67605.36,67605.36
2024-02-02,ORD040003,CUST01877,P012,Air Fryer,Home,Mumbai,Online,Credit Card,1,6979.73,0.15,6979.73,5932.77,0,1601.24,2024,2,February,Friday,6979.73,5932.7705
2024-02-02,ORD018730,CUST00438,P020,Microwave,Home,Kolkata,Online,Debit Card,2,9904.75,0.05,19809.5,18819.02,1,-940.95,2024,2,February,Friday,19809.5,18819.024999999998
2024-02-02,ORD006477,CUST01905,P020,Microwave,Home,Delhi,Online,UPI,1,11038.55,0.05,11038.55,10486.62,0,1130.29,2024,2,February,Friday,11038.55,10486.6225
2024-02-02,ORD025644,CUST02805,P008,Running Shoes,Fashion,Jaipur,Store,Credit Card,2,4580.89,0.1,9161.78,8245.6,0,1733.15,2024,2,February,Friday,9161.78,8245.602
2024-02-02,ORD015527,CUST00286,P008,Running Shoes,Fashion,Surat,Store,Debit Card,1,3817.5,0.15,3817.5,3244.88,0,416.72,2024,2,February,Friday,3817.5,3244.875
2024-02-02,ORD047496,CUST01287,P018,Jacket,Fashion,Jaipur,Online,Credit Card,1,4748.69,0.1,4748.69,4273.82,0,945.56,2024,2,February,Friday,4748.69,4273.821
2024-02-02,ORD032801,CUST03926,P008,Running Shoes,Fashion,Delhi,Store,UPI,1,3792.21,0.1,3792.21,3412.99,0,405.84,2024,2,February,Friday,3792.21,3412.989
2024-02-02,ORD038883,CUST01419,P010,Coffee Maker,Home,Hyderabad,Online,UPI,1,5926.04,0.15,5926.04,5037.13,0,395.65,2024,2,February,Friday,5926.04,5037.134
2024-02-02,ORD030195,CUST01834,P009,T-Shirt,Fashion,Hyderabad,Online,Debit Card,1,1225.15,0.05,1225.15,1163.89,0,191.62,2024,2,February,Friday,1225.15,1163.8925
2024-02-02,ORD028123,CUST04814,P002,Smartphone,Electronics,Ahmedabad,Store,UPI,2,27108.63,0.2,54217.26,43373.81,0,2604.92,2024,2,February,Friday,54217.26,43373.808000000005
2024-02-02,ORD037056,CUST01156,P004,Smartwatch,Electronics,Kolkata,Store,UPI,1,6959.99,0.0,6959.99,6959.99,0,1800.69,2024,2,February,Friday,6959.99,6959.99
2024-02-02,ORD027392,CUST03920,P013,Monitor,Electronics,Pune,Online,Credit Card,1,18420.64,0.1,18420.64,16578.58,1,-828.93,2024,2,February,Friday,18420.64,16578.576
2024-02-02,ORD032788,CUST02605,P010,Coffee Maker,Home,Bengaluru,Online,Debit Card,1,5611.09,0.25,5611.09,4208.32,0,437.78,2024,2,February,Friday,5611.09,4208.3175
2024-02-02,ORD013171,CUST04475,P003,Headphones,Electronics,Hyderabad,Online,UPI,1,4771.64,0.1,4771.64,4294.48,0,783.72,2024,2,February,Friday,4771.64,4294.476000000001
2024-02-02,ORD040318,CUST03945,P009,T-Shirt,Fashion,Hyderabad,Online,Credit Card,1,1176.71,0.15,1176.71,1000.2,0,163.74,2024,2,February,Friday,1176.71,1000.2035
2024-02-02,ORD048996,CUST04957,P018,Jacket,Fashion,Delhi,Store,UPI,1,5417.65,0.1,5417.65,4875.88,0,671.53,2024,2,February,Friday,5417.65,4875.885
2024-02-02,ORD016678,CUST01930,P016,Sofa,Furniture,Chennai,Online,UPI,2,33389.3,0.05,66778.6,63439.67,0,11688.45,2024,2,February,Friday,66778.6,63439.670000000006
2024-02-02,ORD026147,CUST01411,P012,Air Fryer,Home,Chennai,Online,UPI,3,7646.63,0.25,22939.89,17204.92,0,2730.08,2024,2,February,Friday,22939.89,17204.9175
2024-02-02,ORD033840,CUST03417,P004,Smartwatch,Electronics,Delhi,Store,Net Banking,1,6864.87,0.0,6864.87,6864.87,0,946.32,2024,2,February,Friday,6864.87,6864.87
2024-02-02,ORD000120,CUST04000,P015,Dining Table,Furniture,Mumbai,Online,UPI,5,20372.38,0.15,101861.9,86582.62,0,4797.47,2024,2,February,Friday,101861.90000000001,86582.61499999999
2024-02-02,ORD019908,CUST04083,P006,Desk,Furniture,Surat,Online,Credit Card,1,12961.97,0.1,12961.97,11665.77,1,-583.29,2024,2,February,Friday,12961.97,11665.773
2024-02-02,ORD028799,CUST00746,P006,Desk,Furniture,Mumbai,Online,Credit Card,4,11553.56,0.05,46214.24,43903.53,0,11096.98,2024,2,February,Friday,46214.24,43903.528
2024-02-02,ORD045635,CUST04032,P014,Keyboard,Electronics,Jaipur,Online,UPI,3,2273.42,0.05,6820.26,6479.25,0,863.25,2024,2,February,Friday,6820.26,6479.247
2024-02-02,ORD024857,CUST01350,P007,Backpack,Accessories,Chennai,Online,Debit Card,1,2331.99,0.05,2331.99,2215.39,0,383.08,2024,2,February,Friday,2331.99,2215.3904999999995
2024-02-02,ORD012139,CUST01908,P005,Office Chair,Furniture,Hyderabad,Store,UPI,1,8602.89,0.05,8602.89,8172.75,0,994.49,2024,2,February,Friday,8602.89,8172.745499999999
2024-02-02,ORD037089,CUST00657,P013,Monitor,Electronics,Ahmedabad,Online,UPI,1,18893.04,0.05,18893.04,17948.39,0,3223.33,2024,2,February,Friday,18893.04,17948.388
2024-02-02,ORD045534,CUST00673,P016,Sofa,Furniture,Delhi,Online,Cash,1,38154.17,0.15,38154.17,32431.04,0,5037.21,2024,2,February,Friday,38154.17,32431.044499999996
2024-02-02,ORD008801,CUST01300,P018,Jacket,Fashion,Kolkata,Store,Debit Card,1,5486.88,0.1,5486.88,4938.19,0,997.81,2024,2,February,Friday,5486.88,4938.192
2024-02-02,ORD037678,CUST04519,P006,Desk,Furniture,Bengaluru,Online,UPI,1,12318.48,0.2,12318.48,9854.78,0,2219.12,2024,2,February,Friday,12318.48,9854.784
2024-02-02,ORD025661,CUST02157,P002,Smartphone,Electronics,Jaipur,Online,Net Banking,4,27104.5,0.05,108418.0,102997.1,0,7383.17,2024,2,February,Friday,108418.0,102997.09999999999
2024-02-02,ORD048296,CUST00993,P019,Vacuum Cleaner,Home,Ahmedabad,Online,Credit Card,1,8113.32,0.05,8113.32,7707.65,1,-385.38,2024,2,February,Friday,8113.32,7707.6539999999995
2024-02-02,ORD024308,CUST04710,P018,Jacket,Fashion,Delhi,Online,UPI,1,5470.04,0.15,5470.04,4649.53,0,621.98,2024,2,February,Friday,5470.04,4649.534
2024-02-02,ORD017493,CUST01538,P001,Laptop,Electronics,Mumbai,Online,UPI,1,71151.95,0.1,71151.95,64036.76,0,4055.27,2024,2,February,Friday,71151.95,64036.755
2024-02-02,ORD002744,CUST00536,P005,Office Chair,Furniture,Delhi,Online,Credit Card,1,9299.84,0.05,9299.84,8834.85,0,1243.62,2024,2,February,Friday,9299.84,8834.848
2024-02-02,ORD029664,CUST03346,P001,Laptop,Electronics,Bengaluru,Store,UPI,2,62890.42,0.1,125780.84,113202.76,0,29700.98,2024,2,February,Friday,125780.84,113202.756
2024-02-02,ORD014279,CUST02332,P001,Laptop,Electronics,Chennai,Online,UPI,2,70798.45,0.1,141596.9,127437.21,0,15113.97,2024,2,February,Friday,141596.9,127437.20999999999
2024-02-02,ORD026507,CUST04577,P010,Coffee Maker,Home,Pune,Store,Net Banking,1,5687.01,0.25,5687.01,4265.26,0,170.61,2024,2,February,Friday,5687.01,4265.2575
2024-02-02,ORD028414,CUST04626,P017,Jeans,Fashion,Delhi,Online,Net Banking,2,2923.17,0.05,5846.34,5554.02,0,975.84,2024,2,February,Friday,5846.34,5554.023
2024-02-02,ORD020540,CUST04997,P018,Jacket,Fashion,Pune,Online,Net Banking,4,5659.0,0.05,22636.0,21504.2,0,6029.47,2024,2,February,Friday,22636.0,21504.2
2024-02-02,ORD046277,CUST00024,P002,Smartphone,Electronics,Kolkata,Online,Net Banking,1,27005.18,0.1,27005.18,24304.66,0,5945.35,2024,2,February,Friday,27005.18,24304.662
2024-02-02,ORD014964,CUST01681,P010,Coffee Maker,Home,Ahmedabad,Online,UPI,1,4956.18,0.15,4956.18,4212.75,0,651.71,2024,2,February,Friday,4956.18,4212.753
2024-02-02,ORD048014,CUST00312,P015,Dining Table,Furniture,Surat,Online,Credit Card,3,22085.9,0.2,66257.7,53006.16,0,7286.44,2024,2,February,Friday,66257.70000000001,53006.16
2024-02-02,ORD041662,CUST02212,P019,Vacuum Cleaner,Home,Mumbai,Online,Credit Card,1,9121.19,0.1,9121.19,8209.07,0,1762.7,2024,2,February,Friday,9121.19,8209.071
2024-02-02,ORD038233,CUST01515,P017,Jeans,Fashion,Jaipur,Store,UPI,1,2765.66,0.2,2765.66,2212.53,0,276.06,2024,2,February,Friday,2765.66,2212.528
2024-02-02,ORD024367,CUST03967,P010,Coffee Maker,Home,Ahmedabad,Online,UPI,2,6017.47,0.05,12034.94,11433.19,0,2786.88,2024,2,February,Friday,12034.94,11433.193
2024-02-02,ORD028424,CUST01748,P013,Monitor,Electronics,Ahmedabad,Online,Credit Card,1,17352.6,0.0,17352.6,17352.6,0,2080.28,2024,2,February,Friday,17352.6,17352.6
2024-02-02,ORD047522,CUST03236,P017,Jeans,Fashion,Jaipur,Online,Credit Card,1,2652.15,0.25,2652.15,1989.11,0,477.21,2024,2,February,Friday,2652.15,1989.1125000000002
2024-02-02,ORD033707,CUST02058,P001,Laptop,Electronics,Chennai,Store,Debit Card,3,63857.07,0.0,191571.21,191571.21,0,45747.72,2024,2,February,Friday,191571.21,191571.21
2024-02-02,ORD031076,CUST00779,P004,Smartwatch,Electronics,Jaipur,Online,UPI,2,7681.2,0.1,15362.4,13826.16,0,2029.63,2024,2,February,Friday,15362.4,13826.16
2024-02-02,ORD002999,CUST01446,P010,Coffee Maker,Home,Ahmedabad,Online,UPI,1,5893.74,0.0,5893.74,5893.74,0,748.35,2024,2,February,Friday,5893.74,5893.74
2024-02-02,ORD032398,CUST01632,P019,Vacuum Cleaner,Home,Surat,Online,Credit Card,5,9059.25,0.2,45296.25,36237.0,0,6030.69,2024,2,February,Friday,45296.25,36237.0
2024-02-02,ORD025804,CUST00572,P003,Headphones,Electronics,Ahmedabad,Store,Cash,1,4770.64,0.1,4770.64,4293.58,0,418.68,2024,2,February,Friday,4770.64,4293.576
2024-02-02,ORD031465,CUST02608,P011,Mixer Grinder,Home,Jaipur,Store,UPI,1,4377.96,0.1,4377.96,3940.16,0,753.06,2024,2,February,Friday,4377.96,3940.164
2024-02-02,ORD038061,CUST01830,P020,Microwave,Home,Ahmedabad,Online,Credit Card,2,11596.08,0.05,23192.16,22032.55,0,4308.08,2024,2,February,Friday,23192.16,22032.552
2024-02-02,ORD013308,CUST02075,P010,Coffee Maker,Home,Bengaluru,Store,UPI,1,5349.42,0.05,5349.42,5081.95,0,1223.38,2024,2,February,Friday,5349.42,5081.949
2024-02-02,ORD003711,CUST03380,P002,Smartphone,Electronics,Mumbai,Online,Credit Card,5,28148.35,0.05,140741.75,133704.66,0,25727.01,2024,2,February,Friday,140741.75,133704.6625
2024-02-02,ORD000009,CUST04599,P001,Laptop,Electronics,Chennai,Store,Credit Card,2,66964.0,0.2,133928.0,107142.4,0,24322.23,2024,2,February,Friday,133928.0,107142.40000000001
2024-02-02,ORD046188,CUST03341,P012,Air Fryer,Home,Jaipur,Online,Credit Card,4,7858.24,0.05,31432.96,29861.31,0,4403.61,2024,2,February,Friday,31432.96,29861.311999999998
2024-02-02,ORD042833,CUST03992,P004,Smartwatch,Electronics,Surat,Online,Cash,1,7443.0,0.0,7443.0,7443.0,0,1711.68,2024,2,February,Friday,7443.0,7443.0
2024-02-02,ORD046387,CUST04336,P009,T-Shirt,Fashion,Ahmedabad,Online,Credit Card,1,1116.57,0.0,1116.57,1116.57,1,-55.83,2024,2,February,Friday,1116.57,1116.57
2024-02-02,ORD009558,CUST02008,P007,Backpack,Accessories,Chennai,Online,Net Banking,2,2121.94,0.0,4243.88,4243.88,0,876.75,2024,2,February,Friday,4243.88,4243.88
2024-02-02,ORD041511,CUST03154,P007,Backpack,Accessories,Pune,Store,UPI,1,2348.1,0.05,2348.1,2230.69,0,319.89,2024,2,February,Friday,2348.1,2230.6949999999997
2024-02-02,ORD016022,CUST04000,P014,Keyboard,Electronics,Pune,Online,Credit Card,1,2661.09,0.1,2661.09,2394.98,0,546.45,2024,2,February,Friday,2661.09,2394.981
2024-02-02,ORD005164,CUST02128,P007,Backpack,Accessories,Pune,Store,UPI,1,2191.86,0.1,2191.86,1972.67,0,541.31,2024,2,February,Friday,2191.86,1972.6740000000002
2024-02-02,ORD011349,CUST02809,P015,Dining Table,Furniture,Pune,Online,UPI,2,22529.2,0.15,45058.4,38299.64,1,-1914.98,2024,2,February,Friday,45058.4,38299.64
2024-02-03,ORD001992,CUST02994,P005,Office Chair,Furniture,Surat,Store,Net Banking,1,9769.91,0.1,9769.91,8792.92,0,1246.96,2024,2,February,Saturday,9769.91,8792.919
2024-02-03,ORD038812,CUST02212,P008,Running Shoes,Fashion,Kolkata,Online,Debit Card,1,4038.19,0.1,4038.19,3634.37,0,688.32,2024,2,February,Saturday,4038.19,3634.371
2024-02-03,ORD009529,CUST00635,P012,Air Fryer,Home,Delhi,Online,UPI,1,6995.09,0.2,6995.09,5596.07,0,703.52,2024,2,February,Saturday,6995.09,5596.072
2024-02-03,ORD031698,CUST00701,P010,Coffee Maker,Home,Chennai,Store,Debit Card,1,5636.75,0.05,5636.75,5354.91,0,1376.5,2024,2,February,Saturday,5636.75,5354.912499999999
2024-02-03,ORD035405,CUST03185,P006,Desk,Furniture,Mumbai,Online,UPI,1,12671.89,0.05,12671.89,12038.3,0,1302.91,2024,2,February,Saturday,12671.89,12038.295499999998
2024-02-03,ORD006006,CUST00488,P002,Smartphone,Electronics,Delhi,Online,Cash,2,30427.13,0.25,60854.26,45640.7,0,5350.1,2024,2,February,Saturday,60854.26,45640.695
2024-02-03,ORD027935,CUST00905,P015,Dining Table,Furniture,Surat,Online,Net Banking,1,23971.19,0.1,23971.19,21574.07,0,2214.45,2024,2,February,Saturday,23971.19,21574.071
2024-02-03,ORD026533,CUST04373,P001,Laptop,Electronics,Hyderabad,Store,Debit Card,5,69892.22,0.1,349461.1,314514.99,0,66823.63,2024,2,February,Saturday,349461.1,314514.99
2024-02-03,ORD019194,CUST01336,P005,Office Chair,Furniture,Mumbai,Online,Debit Card,3,8832.2,0.05,26496.6,25171.77,1,-1258.59,2024,2,February,Saturday,26496.600000000002,25171.769999999997
2024-02-03,ORD021526,CUST01389,P006,Desk,Furniture,Pune,Store,Cash,2,11268.96,0.1,22537.92,20284.13,0,4934.89,2024,2,February,Saturday,22537.92,20284.128
2024-02-03,ORD041310,CUST04781,P018,Jacket,Fashion,Bengaluru,Store,Debit Card,5,5542.03,0.1,27710.15,24939.14,0,5339.35,2024,2,February,Saturday,27710.149999999998,24939.135000000002
2024-02-03,ORD041304,CUST03054,P020,Microwave,Home,Ahmedabad,Online,UPI,1,11233.03,0.2,11233.03,8986.42,0,1913.02,2024,2,February,Saturday,11233.03,8986.424
2024-02-03,ORD004314,CUST01369,P017,Jeans,Fashion,Chennai,Store,Cash,1,2665.12,0.05,2665.12,2531.86,0,453.3,2024,2,February,Saturday,2665.12,2531.8639999999996
2024-02-03,ORD028837,CUST04083,P017,Jeans,Fashion,Chennai,Store,Net Banking,1,2954.86,0.1,2954.86,2659.37,0,352.57,2024,2,February,Saturday,2954.86,2659.3740000000003
2024-02-03,ORD030384,CUST02823,P003,Headphones,Electronics,Hyderabad,Store,Credit Card,1,4072.1,0.1,4072.1,3664.89,0,781.42,2024,2,February,Saturday,4072.1,3664.89
2024-02-03,ORD027796,CUST02998,P001,Laptop,Electronics,Delhi,Online,Cash,4,58732.78,0.15,234931.12,199691.45,0,24058.45,2024,2,February,Saturday,234931.12,199691.452
2024-02-03,ORD042832,CUST01498,P017,Jeans,Fashion,Jaipur,Online,Credit Card,2,2988.67,0.15,5977.34,5080.74,0,297.05,2024,2,February,Saturday,5977.34,5080.739
2024-02-03,ORD026143,CUST01285,P014,Keyboard,Electronics,Ahmedabad,Store,Debit Card,1,2394.56,0.05,2394.56,2274.83,0,622.61,2024,2,February,Saturday,2394.56,2274.832
2024-02-03,ORD036297,CUST02043,P010,Coffee Maker,Home,Pune,Online,Credit Card,1,5547.72,0.1,5547.72,4992.95,0,1206.97,2024,2,February,Saturday,5547.72,4992.948
2024-02-03,ORD009265,CUST04805,P007,Backpack,Accessories,Pune,Store,Debit Card,1,2262.36,0.05,2262.36,2149.24,0,459.4,2024,2,February,Saturday,2262.36,2149.242
2024-02-03,ORD030413,CUST01705,P008,Running Shoes,Fashion,Bengaluru,Online,Credit Card,1,4068.66,0.05,4068.66,3865.23,0,663.3,2024,2,February,Saturday,4068.66,3865.227
2024-02-03,ORD044183,CUST02562,P013,Monitor,Electronics,Mumbai,Store,UPI,1,18879.83,0.1,18879.83,16991.85,0,2344.82,2024,2,February,Saturday,18879.83,16991.847
2024-02-03,ORD020653,CUST00303,P006,Desk,Furniture,Jaipur,Online,UPI,2,12059.07,0.15,24118.14,20500.42,0,3524.86,2024,2,February,Saturday,24118.14,20500.418999999998
2024-02-03,ORD030027,CUST00600,P020,Microwave,Home,Chennai,Online,Net Banking,2,11752.65,0.05,23505.3,22330.04,0,3347.94,2024,2,February,Saturday,23505.3,22330.035
2024-02-03,ORD035075,CUST00025,P017,Jeans,Fashion,Hyderabad,Store,UPI,1,2929.2,0.2,2929.2,2343.36,0,557.17,2024,2,February,Saturday,2929.2,2343.36
2024-02-03,ORD028219,CUST01496,P009,T-Shirt,Fashion,Jaipur,Online,Debit Card,2,1239.34,0.15,2478.68,2106.88,0,370.78,2024,2,February,Saturday,2478.68,2106.8779999999997
2024-02-03,ORD021318,CUST02441,P011,Mixer Grinder,Home,Pune,Online,Credit Card,1,5150.86,0.2,5150.86,4120.69,0,812.91,2024,2,February,Saturday,5150.86,4120.688
2024-02-03,ORD011814,CUST03631,P018,Jacket,Fashion,Kolkata,Online,Credit Card,1,4907.52,0.1,4907.52,4416.77,0,939.63,2024,2,February,Saturday,4907.52,4416.768000000001
2024-02-03,ORD012825,CUST01230,P014,Keyboard,Electronics,Pune,Online,UPI,2,2487.2,0.2,4974.4,3979.52,0,341.2,2024,2,February,Saturday,4974.4,3979.52
2024-02-03,ORD006322,CUST00062,P013,Monitor,Electronics,Bengaluru,Store,UPI,3,19057.32,0.15,57171.96,48596.17,0,12838.01,2024,2,February,Saturday,57171.96,48596.166
2024-02-03,ORD046726,CUST04476,P012,Air Fryer,Home,Mumbai,Online,Debit Card,1,7388.84,0.15,7388.84,6280.51,0,901.98,2024,2,February,Saturday,7388.84,6280.514
2024-02-03,ORD009939,CUST03358,P010,Coffee Maker,Home,Bengaluru,Store,Debit Card,2,5508.64,0.05,11017.28,10466.42,0,1749.42,2024,2,February,Saturday,11017.28,10466.416
2024-02-03,ORD010478,CUST02187,P013,Monitor,Electronics,Ahmedabad,Store,UPI,1,19668.02,0.05,19668.02,18684.62,0,4480.29,2024,2,February,Saturday,19668.02,18684.619
2024-02-03,ORD024262,CUST02562,P004,Smartwatch,Electronics,Hyderabad,Store,Credit Card,1,6611.92,0.15,6611.92,5620.13,0,668.35,2024,2,February,Saturday,6611.92,5620.132
2024-02-03,ORD020766,CUST01811,P018,Jacket,Fashion,Mumbai,Online,UPI,1,5630.08,0.15,5630.08,4785.57,0,678.8,2024,2,February,Saturday,5630.08,4785.568
2024-02-03,ORD041615,CUST00486,P015,Dining Table,Furniture,Bengaluru,Online,UPI,1,23290.73,0.05,23290.73,22126.19,0,3702.52,2024,2,February,Saturday,23290.73,22126.193499999998
2024-02-03,ORD019959,CUST00136,P020,Microwave,Home,Jaipur,Online,UPI,1,12011.02,0.1,12011.02,10809.92,0,2511.75,2024,2,February,Saturday,12011.02,10809.918000000001
2024-02-03,ORD040832,CUST01790,P002,Smartphone,Electronics,Hyderabad,Store,UPI,2,29365.04,0.2,58730.08,46984.06,0,8867.45,2024,2,February,Saturday,58730.08,46984.064000000006
2024-02-03,ORD043575,CUST04430,P011,Mixer Grinder,Home,Hyderabad,Store,Credit Card,1,4849.63,0.1,4849.63,4364.67,0,1079.58,2024,2,February,Saturday,4849.63,4364.667
2024-02-03,ORD032238,CUST01723,P012,Air Fryer,Home,Pune,Online,Credit Card,1,7566.77,0.15,7566.77,6431.75,0,1366.61,2024,2,February,Saturday,7566.77,6431.7545
2024-02-03,ORD009048,CUST03894,P010,Coffee Maker,Home,Ahmedabad,Online,UPI,2,5419.11,0.2,10838.22,8670.58,1,-433.53,2024,2,February,Saturday,10838.22,8670.576
2024-02-03,ORD032180,CUST00967,P002,Smartphone,Electronics,Mumbai,Online,UPI,1,26733.36,0.1,26733.36,24060.02,0,4044.25,2024,2,February,Saturday,26733.36,24060.024
2024-02-03,ORD016306,CUST00944,P016,Sofa,Furniture,Mumbai,Store,Credit Card,2,38053.99,0.25,76107.98,57080.98,0,5018.58,2024,2,February,Saturday,76107.98,57080.985
2024-02-03,ORD024879,CUST02730,P013,Monitor,Electronics,Jaipur,Store,UPI,2,18186.43,0.0,36372.86,36372.86,0,6017.6,2024,2,February,Saturday,36372.86,36372.86
2024-02-03,ORD006586,CUST00877,P016,Sofa,Furniture,Ahmedabad,Online,UPI,2,31735.1,0.25,63470.2,47602.65,0,11231.72,2024,2,February,Saturday,63470.2,47602.649999999994
2024-02-03,ORD038411,CUST00904,P002,Smartphone,Electronics,Jaipur,Store,Debit Card,2,29665.54,0.1,59331.08,53397.97,0,5344.15,2024,2,February,Saturday,59331.08,53397.972
2024-02-03,ORD021049,CUST00985,P009,T-Shirt,Fashion,Pune,Online,UPI,1,1200.24,0.1,1200.24,1080.22,0,287.7,2024,2,February,Saturday,1200.24,1080.2160000000001
2024-02-03,ORD022888,CUST00361,P009,T-Shirt,Fashion,Pune,Online,UPI,4,1114.19,0.0,4456.76,4456.76,0,872.28,2024,2,February,Saturday,4456.76,4456.76
2024-02-03,ORD008704,CUST01318,P016,Sofa,Furniture,Kolkata,Online,Credit Card,1,33488.04,0.15,33488.04,28464.83,0,5354.53,2024,2,February,Saturday,33488.04,28464.834
2024-02-03,ORD006774,CUST02566,P009,T-Shirt,Fashion,Chennai,Store,UPI,4,1134.04,0.1,4536.16,4082.54,0,978.43,2024,2,February,Saturday,4536.16,4082.544
2024-02-03,ORD033105,CUST03524,P005,Office Chair,Furniture,Ahmedabad,Store,UPI,1,9050.83,0.25,9050.83,6788.12,0,1565.96,2024,2,February,Saturday,9050.83,6788.1224999999995
2024-02-03,ORD031640,CUST02112,P009,T-Shirt,Fashion,Jaipur,Store,Cash,1,1293.27,0.0,1293.27,1293.27,0,173.9,2024,2,February,Saturday,1293.27,1293.27
2024-02-03,ORD007562,CUST04758,P012,Air Fryer,Home,Jaipur,Store,Cash,2,6918.75,0.0,13837.5,13837.5,0,1286.7,2024,2,February,Saturday,13837.5,13837.5
2024-02-03,ORD022156,CUST02812,P012,Air Fryer,Home,Jaipur,Online,Credit Card,2,7888.75,0.05,15777.5,14988.62,0,1094.5,2024,2,February,Saturday,15777.5,14988.625
2024-02-03,ORD045581,CUST03129,P018,Jacket,Fashion,Bengaluru,Store,Debit Card,1,4876.62,0.1,4876.62,4388.96,0,926.91,2024,2,February,Saturday,4876.62,4388.958
2024-02-03,ORD008673,CUST00344,P017,Jeans,Fashion,Kolkata,Online,UPI,2,2571.26,0.05,5142.52,4885.39,0,641.96,2024,2,February,Saturday,5142.52,4885.394
2024-02-03,ORD022253,CUST02345,P006,Desk,Furniture,Mumbai,Online,Credit Card,1,13139.6,0.1,13139.6,11825.64,0,1509.84,2024,2,February,Saturday,13139.6,11825.640000000001
2024-02-03,ORD045504,CUST00783,P008,Running Shoes,Fashion,Mumbai,Store,UPI,1,4557.24,0.0,4557.24,4557.24,0,682.79,2024,2,February,Saturday,4557.24,4557.24
2024-02-03,ORD009063,CUST00346,P007,Backpack,Accessories,Jaipur,Online,UPI,1,2161.88,0.05,2161.88,2053.79,0,248.42,2024,2,February,Saturday,2161.88,2053.786
2024-02-03,ORD015063,CUST03610,P003,Headphones,Electronics,Jaipur,Store,Net Banking,1,4111.88,0.1,4111.88,3700.69,0,883.94,2024,2,February,Saturday,4111.88,3700.692
2024-02-03,ORD007310,CUST02003,P010,Coffee Maker,Home,Kolkata,Online,Cash,2,5179.7,0.1,10359.4,9323.46,0,1473.88,2024,2,February,Saturday,10359.4,9323.46
2024-02-03,ORD044732,CUST00494,P020,Microwave,Home,Kolkata,Online,UPI,1,10953.64,0.05,10953.64,10405.96,0,1913.37,2024,2,February,Saturday,10953.64,10405.957999999999
2024-02-03,ORD047917,CUST01334,P001,Laptop,Electronics,Chennai,Online,Net Banking,1,67951.94,0.2,67951.94,54361.55,0,11425.73,2024,2,February,Saturday,67951.94,54361.552
2024-02-03,ORD027336,CUST02022,P019,Vacuum Cleaner,Home,Pune,Online,Credit Card,1,8750.82,0.15,8750.82,7438.2,0,1282.72,2024,2,February,Saturday,8750.82,7438.196999999999
2024-02-03,ORD014694,CUST00540,P019,Vacuum Cleaner,Home,Delhi,Online,Credit Card,1,9095.42,0.0,9095.42,9095.42,0,1209.89,2024,2,February,Saturday,9095.42,9095.42
2024-02-03,ORD032745,CUST00623,P004,Smartwatch,Electronics,Jaipur,Online,UPI,1,7495.27,0.1,7495.27,6745.74,0,552.0,2024,2,February,Saturday,7495.27,6745.743
2024-02-03,ORD010589,CUST02302,P007,Backpack,Accessories,Mumbai,Store,Credit Card,1,1983.22,0.05,1983.22,1884.06,0,519.04,2024,2,February,Saturday,1983.22,1884.059
2024-02-04,ORD048760,CUST00864,P010,Coffee Maker,Home,Mumbai,Online,Debit Card,1,5350.97,0.0,5350.97,5350.97,1,-267.55,2024,2,February,Sunday,5350.97,5350.97
2024-02-04,ORD013237,CUST02726,P017,Jeans,Fashion,Ahmedabad,Online,Credit Card,1,2824.81,0.0,2824.81,2824.81,0,418.75,2024,2,February,Sunday,2824.81,2824.81
2024-02-04,ORD011732,CUST03958,P012,Air Fryer,Home,Chennai,Store,Debit Card,1,7086.46,0.2,7086.46,5669.17,0,945.38,2024,2,February,Sunday,7086.46,5669.168000000001
2024-02-04,ORD000446,CUST02750,P003,Headphones,Electronics,Ahmedabad,Online,UPI,1,4692.97,0.0,4692.97,4692.97,0,504.88,2024,2,February,Sunday,4692.97,4692.97
2024-02-04,ORD003380,CUST02101,P009,T-Shirt,Fashion,Chennai,Online,UPI,1,1094.42,0.1,1094.42,984.98,0,169.6,2024,2,February,Sunday,1094.42,984.9780000000001
2024-02-04,ORD010089,CUST01811,P004,Smartwatch,Electronics,Chennai,Online,Credit Card,3,6744.23,0.05,20232.69,19221.06,0,4747.38,2024,2,February,Sunday,20232.69,19221.0555
2024-02-04,ORD023054,CUST00692,P019,Vacuum Cleaner,Home,Delhi,Online,Credit Card,2,9207.43,0.05,18414.86,17494.12,0,2886.24,2024,2,February,Sunday,18414.86,17494.117
2024-02-04,ORD044820,CUST02909,P005,Office Chair,Furniture,Delhi,Online,Credit Card,1,10177.51,0.15,10177.51,8650.88,0,1096.2,2024,2,February,Sunday,10177.51,8650.8835
2024-02-04,ORD022641,CUST04279,P015,Dining Table,Furniture,Surat,Store,Debit Card,1,22011.76,0.15,22011.76,18710.0,0,1806.81,2024,2,February,Sunday,22011.76,18709.996
2024-02-04,ORD024103,CUST01809,P008,Running Shoes,Fashion,Hyderabad,Online,Credit Card,1,4606.16,0.1,4606.16,4145.54,0,1035.53,2024,2,February,Sunday,4606.16,4145.544
2024-02-04,ORD016402,CUST04893,P019,Vacuum Cleaner,Home,Surat,Online,UPI,5,9578.59,0.05,47892.95,45498.3,0,11208.48,2024,2,February,Sunday,47892.95,45498.3025
2024-02-04,ORD023926,CUST01335,P020,Microwave,Home,Pune,Online,UPI,2,11423.69,0.1,22847.38,20562.64,0,3406.62,2024,2,February,Sunday,22847.38,20562.642
2024-02-04,ORD002037,CUST03014,P019,Vacuum Cleaner,Home,Delhi,Online,Credit Card,1,9563.53,0.05,9563.53,9085.35,0,2207.1,2024,2,February,Sunday,9563.53,9085.353500000001
2024-02-04,ORD008004,CUST00735,P002,Smartphone,Electronics,Pune,Online,Debit Card,2,30182.82,0.25,60365.64,45274.23,0,2208.57,2024,2,February,Sunday,60365.64,45274.229999999996
2024-02-04,ORD034099,CUST00989,P001,Laptop,Electronics,Pune,Online,Credit Card,2,60621.4,0.2,121242.8,96994.24,0,24982.72,2024,2,February,Sunday,121242.8,96994.24
2024-02-04,ORD026914,CUST01786,P017,Jeans,Fashion,Bengaluru,Online,Debit Card,3,2528.92,0.0,7586.76,7586.76,0,989.4,2024,2,February,Sunday,7586.76,7586.76
2024-02-04,ORD023519,CUST03078,P019,Vacuum Cleaner,Home,Kolkata,Online,Net Banking,1,8286.56,0.0,8286.56,8286.56,0,897.07,2024,2,February,Sunday,8286.56,8286.56
2024-02-04,ORD034825,CUST01917,P008,Running Shoes,Fashion,Pune,Online,UPI,1,4258.58,0.15,4258.58,3619.79,1,-180.99,2024,2,February,Sunday,4258.58,3619.7929999999997
2024-02-04,ORD029344,CUST02667,P006,Desk,Furniture,Bengaluru,Online,Credit Card,1,11084.72,0.2,11084.72,8867.78,0,885.07,2024,2,February,Sunday,11084.72,8867.776
2024-02-04,ORD026277,CUST00605,P011,Mixer Grinder,Home,Bengaluru,Online,Credit Card,3,4414.6,0.0,13243.8,13243.8,0,1961.25,2024,2,February,Sunday,13243.800000000001,13243.8
2024-02-04,ORD014873,CUST04830,P008,Running Shoes,Fashion,Delhi,Online,Credit Card,1,4219.79,0.15,4219.79,3586.82,0,803.7,2024,2,February,Sunday,4219.79,3586.8215
2024-02-04,ORD002788,CUST02965,P004,Smartwatch,Electronics,Delhi,Online,Credit Card,1,6675.69,0.05,6675.69,6341.91,0,912.1,2024,2,February,Sunday,6675.69,6341.905499999999
2024-02-04,ORD040464,CUST01486,P003,Headphones,Electronics,Delhi,Online,Credit Card,1,4671.99,0.1,4671.99,4204.79,0,436.41,2024,2,February,Sunday,4671.99,4204.791
2024-02-04,ORD025350,CUST04763,P014,Keyboard,Electronics,Kolkata,Store,UPI,5,2697.61,0.1,13488.05,12139.24,0,2060.0,2024,2,February,Sunday,13488.050000000001,12139.244999999999
2024-02-04,ORD031454,CUST02276,P009,T-Shirt,Fashion,Delhi,Online,Credit Card,1,1220.0,0.1,1220.0,1098.0,0,157.26,2024,2,February,Sunday,1220.0,1098.0
2024-02-04,ORD037681,CUST02853,P007,Backpack,Accessories,Chennai,Online,UPI,1,2225.85,0.15,2225.85,1891.97,0,363.76,2024,2,February,Sunday,2225.85,1891.9724999999999
2024-02-04,ORD048586,CUST02034,P017,Jeans,Fashion,Surat,Online,Debit Card,1,2824.09,0.1,2824.09,2541.68,0,592.19,2024,2,February,Sunday,2824.09,2541.681
2024-02-04,ORD034694,CUST04150,P016,Sofa,Furniture,Surat,Store,Credit Card,2,36477.34,0.0,72954.68,72954.68,1,-3647.73,2024,2,February,Sunday,72954.68,72954.68
2024-02-04,ORD045722,CUST01865,P009,T-Shirt,Fashion,Mumbai,Online,Debit Card,2,1201.65,0.1,2403.3,2162.97,0,206.86,2024,2,February,Sunday,2403.3,2162.9700000000003
2024-02-04,ORD019869,CUST02782,P013,Monitor,Electronics,Delhi,Online,Credit Card,1,18961.66,0.0,18961.66,18961.66,1,-948.08,2024,2,February,Sunday,18961.66,18961.66
2024-02-04,ORD037480,CUST03080,P003,Headphones,Electronics,Kolkata,Store,Debit Card,1,4589.43,0.05,4589.43,4359.96,0,426.7,2024,2,February,Sunday,4589.43,4359.9585
2024-02-04,ORD043297,CUST04681,P013,Monitor,Electronics,Ahmedabad,Online,UPI,2,18586.74,0.2,37173.48,29738.78,0,4804.41,2024,2,February,Sunday,37173.48,29738.784000000003
2024-02-04,ORD016687,CUST01580,P015,Dining Table,Furniture,Ahmedabad,Store,Net Banking,1,23846.72,0.05,23846.72,22654.38,0,3799.51,2024,2,February,Sunday,23846.72,22654.384000000002
2024-02-04,ORD023094,CUST01123,P008,Running Shoes,Fashion,Bengaluru,Online,Credit Card,1,4370.81,0.05,4370.81,4152.27,1,-207.61,2024,2,February,Sunday,4370.81,4152.2695
2024-02-04,ORD005039,CUST02429,P004,Smartwatch,Electronics,Pune,Store,Credit Card,1,6548.59,0.1,6548.59,5893.73,0,382.42,2024,2,February,Sunday,6548.59,5893.731000000001
2024-02-04,ORD031186,CUST03750,P011,Mixer Grinder,Home,Jaipur,Online,UPI,4,4498.98,0.05,17995.92,17096.12,0,3730.24,2024,2,February,Sunday,17995.92,17096.123999999996
2024-02-04,ORD012684,CUST00984,P008,Running Shoes,Fashion,Pune,Online,Net Banking,1,4308.64,0.2,4308.64,3446.91,0,694.51,2024,2,February,Sunday,4308.64,3446.9120000000003
2024-02-04,ORD030760,CUST02891,P004,Smartwatch,Electronics,Bengaluru,Online,UPI,1,7688.43,0.0,7688.43,7688.43,0,659.96,2024,2,February,Sunday,7688.43,7688.43
2024-02-04,ORD012484,CUST03793,P006,Desk,Furniture,Ahmedabad,Online,Credit Card,4,12072.27,0.15,48289.08,41045.72,0,9647.0,2024,2,February,Sunday,48289.08,41045.718
2024-02-04,ORD000941,CUST00075,P002,Smartphone,Electronics,Ahmedabad,Online,Credit Card,5,25638.34,0.2,128191.7,102553.36,0,12295.04,2024,2,February,Sunday,128191.7,102553.36
2024-02-04,ORD022678,CUST00486,P016,Sofa,Furniture,Kolkata,Store,Cash,2,37801.46,0.1,75602.92,68042.63,0,16845.75,2024,2,February,Sunday,75602.92,68042.628
2024-02-04,ORD015421,CUST01642,P016,Sofa,Furniture,Pune,Online,Net Banking,2,38065.49,0.05,76130.98,72324.43,0,11545.65,2024,2,February,Sunday,76130.98,72324.431
2024-02-04,ORD030184,CUST03007,P009,T-Shirt,Fashion,Mumbai,Store,Credit Card,1,1164.16,0.15,1164.16,989.54,0,221.81,2024,2,February,Sunday,1164.16,989.5360000000001
2024-02-04,ORD005759,CUST01614,P015,Dining Table,Furniture,Chennai,Store,UPI,1,24104.24,0.05,24104.24,22899.03,0,4706.85,2024,2,February,Sunday,24104.24,22899.028000000002
2024-02-04,ORD018894,CUST02642,P011,Mixer Grinder,Home,Bengaluru,Store,Net Banking,1,4933.05,0.2,4933.05,3946.44,0,167.49,2024,2,February,Sunday,4933.05,3946.4400000000005
2024-02-04,ORD031519,CUST04919,P005,Office Chair,Furniture,Bengaluru,Online,Cash,1,9676.0,0.05,9676.0,9192.2,0,670.31,2024,2,February,Sunday,9676.0,9192.199999999999
2024-02-04,ORD012903,CUST02870,P002,Smartphone,Electronics,Jaipur,Online,Net Banking,1,25539.54,0.25,25539.54,19154.66,0,2712.77,2024,2,February,Sunday,25539.54,19154.655
2024-02-04,ORD020050,CUST01499,P015,Dining Table,Furniture,Ahmedabad,Store,UPI,2,20426.24,0.1,40852.48,36767.23,0,5977.51,2024,2,February,Sunday,40852.48,36767.232
2024-02-04,ORD017014,CUST03018,P010,Coffee Maker,Home,Hyderabad,Online,Debit Card,2,5949.79,0.2,11899.58,9519.66,0,2120.93,2024,2,February,Sunday,11899.58,9519.664
2024-02-04,ORD038397,CUST00058,P007,Backpack,Accessories,Jaipur,Online,UPI,1,2099.37,0.15,2099.37,1784.46,0,243.44,2024,2,February,Sunday,2099.37,1784.4644999999998
2024-02-04,ORD001863,CUST02366,P015,Dining Table,Furniture,Chennai,Store,Credit Card,3,22387.66,0.1,67162.98,60446.68,0,12534.45,2024,2,February,Sunday,67162.98,60446.682
2024-02-04,ORD040140,CUST00243,P013,Monitor,Electronics,Surat,Store,Debit Card,1,16337.24,0.05,16337.24,15520.38,0,2850.64,2024,2,February,Sunday,16337.24,15520.377999999999
2024-02-04,ORD022200,CUST04332,P015,Dining Table,Furniture,Mumbai,Store,UPI,1,21422.32,0.05,21422.32,20351.2,0,3915.34,2024,2,February,Sunday,21422.32,20351.203999999998
2024-02-04,ORD006839,CUST02040,P006,Desk,Furniture,Pune,Online,UPI,1,12848.64,0.1,12848.64,11563.78,0,2067.74,2024,2,February,Sunday,12848.64,11563.776
2024-02-04,ORD033690,CUST02856,P016,Sofa,Furniture,Hyderabad,Store,Debit Card,1,33026.1,0.25,33026.1,24769.57,0,4824.26,2024,2,February,Sunday,33026.1,24769.574999999997
2024-02-04,ORD015538,CUST04961,P018,Jacket,Fashion,Kolkata,Store,Net Banking,5,4993.33,0.25,24966.65,18724.99,0,911.02,2024,2,February,Sunday,24966.65,18724.987500000003
2024-02-04,ORD007420,CUST01247,P004,Smartwatch,Electronics,Mumbai,Store,Credit Card,2,6946.75,0.1,13893.5,12504.15,0,1006.66,2024,2,February,Sunday,13893.5,12504.15
2024-02-04,ORD025538,CUST00612,P002,Smartphone,Electronics,Kolkata,Store,Credit Card,3,27465.62,0.05,82396.86,78277.02,0,14431.02,2024,2,February,Sunday,82396.86,78277.01699999999
2024-02-04,ORD041937,CUST00509,P011,Mixer Grinder,Home,Bengaluru,Online,UPI,1,5227.98,0.1,5227.98,4705.18,0,988.15,2024,2,February,Sunday,5227.98,4705.182
2024-02-04,ORD003261,CUST03541,P009,T-Shirt,Fashion,Chennai,Online,Credit Card,4,1230.57,0.05,4922.28,4676.17,0,617.0,2024,2,February,Sunday,4922.28,4676.165999999999
2024-02-04,ORD025532,CUST02871,P005,Office Chair,Furniture,Bengaluru,Online,Debit Card,1,10137.19,0.25,10137.19,7602.89,0,1388.58,2024,2,February,Sunday,10137.19,7602.8925
2024-02-04,ORD049624,CUST01275,P019,Vacuum Cleaner,Home,Kolkata,Store,UPI,3,8904.33,0.1,26712.99,24041.69,0,4108.62,2024,2,February,Sunday,26712.989999999998,24041.691000000003
2024-02-04,ORD005889,CUST04922,P015,Dining Table,Furniture,Pune,Store,UPI,4,22243.31,0.1,88973.24,80075.92,0,13512.81,2024,2,February,Sunday,88973.24,80075.91600000001
2024-02-04,ORD020503,CUST01127,P001,Laptop,Electronics,Jaipur,Online,UPI,1,67791.64,0.2,67791.64,54233.31,0,13092.08,2024,2,February,Sunday,67791.64,54233.312000000005
2024-02-04,ORD010118,CUST01701,P017,Jeans,Fashion,Bengaluru,Online,UPI,1,3064.78,0.0,3064.78,3064.78,0,505.46,2024,2,February,Sunday,3064.78,3064.78
2024-02-04,ORD044860,CUST01434,P002,Smartphone,Electronics,Delhi,Online,Credit Card,1,26398.04,0.25,26398.04,19798.53,1,-989.93,2024,2,February,Sunday,26398.04,19798.53
2024-02-04,ORD039198,CUST02296,P012,Air Fryer,Home,Jaipur,Store,Net Banking,1,6965.0,0.15,6965.0,5920.25,0,385.86,2024,2,February,Sunday,6965.0,5920.25
2024-02-04,ORD011710,CUST01234,P020,Microwave,Home,Mumbai,Store,UPI,1,10280.72,0.15,10280.72,8738.61,0,1984.27,2024,2,February,Sunday,10280.72,8738.612
2024-02-04,ORD008922,CUST04309,P006,Desk,Furniture,Ahmedabad,Online,UPI,5,13060.85,0.2,65304.25,52243.4,0,10544.56,2024,2,February,Sunday,65304.25,52243.4
2024-02-04,ORD038157,CUST04906,P019,Vacuum Cleaner,Home,Surat,Online,Cash,1,9044.31,0.15,9044.31,7687.66,0,1647.57,2024,2,February,Sunday,9044.31,7687.6635
2024-02-04,ORD020885,CUST04214,P013,Monitor,Electronics,Surat,Store,UPI,1,17722.15,0.15,17722.15,15063.83,0,3003.55,2024,2,February,Sunday,17722.15,15063.827500000001
2024-02-04,ORD039698,CUST02664,P012,Air Fryer,Home,Jaipur,Store,UPI,2,7623.13,0.05,15246.26,14483.95,0,2775.89,2024,2,February,Sunday,15246.26,14483.947
2024-02-04,ORD004840,CUST03970,P019,Vacuum Cleaner,Home,Chennai,Online,Credit Card,1,8331.85,0.1,8331.85,7498.67,0,1146.58,2024,2,February,Sunday,8331.85,7498.665000000001
2024-02-04,ORD021638,CUST04156,P008,Running Shoes,Fashion,Kolkata,Online,UPI,2,3992.68,0.2,7985.36,6388.29,1,-319.41,2024,2,February,Sunday,7985.36,6388.2880000000005
2024-02-04,ORD003679,CUST03561,P012,Air Fryer,Home,Surat,Online,Credit Card,1,6666.89,0.05,6666.89,6333.55,0,480.34,2024,2,February,Sunday,6666.89,6333.5455
2024-02-04,ORD046504,CUST02527,P009,T-Shirt,Fashion,Ahmedabad,Store,Debit Card,5,1235.98,0.05,6179.9,5870.9,0,822.62,2024,2,February,Sunday,6179.9,5870.905
2024-02-04,ORD048987,CUST03453,P019,Vacuum Cleaner,Home,Bengaluru,Online,Debit Card,1,9332.58,0.2,9332.58,7466.06,0,497.26,2024,2,February,Sunday,9332.58,7466.064
2024-02-05,ORD009270,CUST04096,P015,Dining Table,Furniture,Ahmedabad,Online,UPI,2,20918.78,0.0,41837.56,41837.56,0,7743.48,2024,2,February,Monday,41837.56,41837.56
2024-02-05,ORD007760,CUST01342,P014,Keyboard,Electronics,Bengaluru,Online,Credit Card,1,2616.75,0.05,2616.75,2485.91,0,663.93,2024,2,February,Monday,2616.75,2485.9125
2024-02-05,ORD041086,CUST03438,P017,Jeans,Fashion,Ahmedabad,Online,UPI,1,3052.45,0.25,3052.45,2289.34,0,91.57,2024,2,February,Monday,3052.45,2289.3374999999996
2024-02-05,ORD005855,CUST03671,P011,Mixer Grinder,Home,Surat,Online,UPI,1,4915.29,0.1,4915.29,4423.76,0,709.38,2024,2,February,Monday,4915.29,4423.761
2024-02-05,ORD028169,CUST01001,P009,T-Shirt,Fashion,Mumbai,Online,Credit Card,4,1263.05,0.15,5052.2,4294.37,0,688.33,2024,2,February,Monday,5052.2,4294.37
2024-02-05,ORD041073,CUST03751,P018,Jacket,Fashion,Chennai,Store,UPI,1,5303.91,0.05,5303.91,5038.71,0,1263.1,2024,2,February,Monday,5303.91,5038.7145
2024-02-05,ORD042507,CUST01113,P009,T-Shirt,Fashion,Hyderabad,Online,UPI,2,1281.24,0.15,2562.48,2178.11,0,566.9,2024,2,February,Monday,2562.48,2178.108
2024-02-05,ORD027285,CUST01339,P002,Smartphone,Electronics,Mumbai,Online,Credit Card,2,26864.86,0.0,53729.72,53729.72,0,14523.76,2024,2,February,Monday,53729.72,53729.72
2024-02-05,ORD028141,CUST03003,P019,Vacuum Cleaner,Home,Delhi,Store,Credit Card,1,8287.8,0.1,8287.8,7459.02,0,464.13,2024,2,February,Monday,8287.8,7459.0199999999995
2024-02-05,ORD007083,CUST03962,P019,Vacuum Cleaner,Home,Ahmedabad,Online,Net Banking,5,9348.28,0.05,46741.4,44404.33,0,5459.17,2024,2,February,Monday,46741.4,44404.33
2024-02-05,ORD030207,CUST02000,P001,Laptop,Electronics,Ahmedabad,Online,Cash,1,70042.32,0.2,70042.32,56033.86,0,11190.47,2024,2,February,Monday,70042.32,56033.85600000001
2024-02-05,ORD013519,CUST01192,P005,Office Chair,Furniture,Hyderabad,Store,UPI,1,9662.13,0.1,9662.13,8695.92,0,1433.17,2024,2,February,Monday,9662.13,8695.917
2024-02-05,ORD037887,CUST00854,P019,Vacuum Cleaner,Home,Chennai,Store,UPI,5,9151.66,0.2,45758.3,36606.64,0,2408.56,2024,2,February,Monday,45758.3,36606.64000000001
2024-02-05,ORD043554,CUST01715,P019,Vacuum Cleaner,Home,Pune,Online,UPI,1,9761.07,0.0,9761.07,9761.07,0,1353.56,2024,2,February,Monday,9761.07,9761.07
2024-02-05,ORD022838,CUST02935,P003,Headphones,Electronics,Surat,Store,Debit Card,1,4073.02,0.0,4073.02,4073.02,0,472.86,2024,2,February,Monday,4073.02,4073.02
2024-02-05,ORD035008,CUST00758,P013,Monitor,Electronics,Delhi,Online,UPI,5,18346.7,0.1,91733.5,82560.15,0,21311.31,2024,2,February,Monday,91733.5,82560.15000000001
2024-02-05,ORD043597,CUST00296,P008,Running Shoes,Fashion,Hyderabad,Online,Credit Card,4,3837.16,0.15,15348.64,13046.34,1,-652.32,2024,2,February,Monday,15348.64,13046.344
2024-02-05,ORD018060,CUST00927,P020,Microwave,Home,Surat,Online,Credit Card,1,9921.41,0.1,9921.41,8929.27,0,943.99,2024,2,February,Monday,9921.41,8929.269
2024-02-05,ORD046242,CUST02022,P006,Desk,Furniture,Ahmedabad,Online,Debit Card,2,12501.79,0.15,25003.58,21253.04,0,2993.61,2024,2,February,Monday,25003.58,21253.043
2024-02-05,ORD001110,CUST01101,P005,Office Chair,Furniture,Delhi,Store,UPI,1,9587.13,0.15,9587.13,8149.06,0,857.25,2024,2,February,Monday,9587.13,8149.060499999999
2024-02-05,ORD003141,CUST03906,P007,Backpack,Accessories,Ahmedabad,Online,UPI,4,2010.7,0.05,8042.8,7640.66,0,1009.83,2024,2,February,Monday,8042.8,7640.66
2024-02-05,ORD031725,CUST01433,P018,Jacket,Fashion,Hyderabad,Online,Debit Card,1,5547.89,0.0,5547.89,5547.89,0,1157.89,2024,2,February,Monday,5547.89,5547.89
2024-02-05,ORD036614,CUST03113,P009,T-Shirt,Fashion,Chennai,Online,UPI,1,1086.11,0.1,1086.11,977.5,0,273.02,2024,2,February,Monday,1086.11,977.4989999999999
2024-02-05,ORD015338,CUST01199,P018,Jacket,Fashion,Surat,Online,Debit Card,1,4967.98,0.1,4967.98,4471.18,1,-223.56,2024,2,February,Monday,4967.98,4471.182
2024-02-05,ORD036469,CUST00387,P018,Jacket,Fashion,Hyderabad,Store,Credit Card,1,4775.11,0.1,4775.11,4297.6,0,1172.34,2024,2,February,Monday,4775.11,4297.599
2024-02-05,ORD007166,CUST01227,P018,Jacket,Fashion,Jaipur,Online,Credit Card,3,5534.43,0.15,16603.29,14112.8,0,886.52,2024,2,February,Monday,16603.29,14112.7965
2024-02-05,ORD008768,CUST00120,P013,Monitor,Electronics,Ahmedabad,Online,Debit Card,2,18054.06,0.1,36108.12,32497.31,0,3314.43,2024,2,February,Monday,36108.12,32497.308000000005
2024-02-05,ORD008054,CUST01396,P012,Air Fryer,Home,Hyderabad,Online,UPI,1,7303.29,0.25,7303.29,5477.47,0,1189.56,2024,2,February,Monday,7303.29,5477.4675
2024-02-05,ORD034004,CUST02532,P010,Coffee Maker,Home,Hyderabad,Store,UPI,1,5915.73,0.2,5915.73,4732.58,0,900.16,2024,2,February,Monday,5915.73,4732.584
2024-02-05,ORD007033,CUST01459,P014,Keyboard,Electronics,Bengaluru,Online,Credit Card,3,2580.84,0.2,7742.52,6194.02,0,772.83,2024,2,February,Monday,7742.52,6194.0160000000005
2024-02-05,ORD021417,CUST00774,P010,Coffee Maker,Home,Delhi,Online,Credit Card,1,6029.8,0.15,6029.8,5125.33,0,465.76,2024,2,February,Monday,6029.8,5125.33
2024-02-05,ORD034007,CUST04549,P016,Sofa,Furniture,Bengaluru,Online,Cash,2,36902.19,0.15,73804.38,62733.72,0,9431.22,2024,2,February,Monday,73804.38,62733.723000000005
2024-02-05,ORD023390,CUST04014,P003,Headphones,Electronics,Surat,Store,Credit Card,3,4197.33,0.05,12591.99,11962.39,0,2007.25,2024,2,February,Monday,12591.99,11962.3905
2024-02-05,ORD018985,CUST00523,P018,Jacket,Fashion,Chennai,Online,UPI,5,4827.82,0.1,24139.1,21725.19,0,2146.07,2024,2,February,Monday,24139.1,21725.19
2024-02-05,ORD021307,CUST02083,P014,Keyboard,Electronics,Jaipur,Store,Net Banking,3,2465.8,0.05,7397.4,7027.53,0,1701.98,2024,2,February,Monday,7397.400000000001,7027.53
2024-02-05,ORD037060,CUST01108,P018,Jacket,Fashion,Hyderabad,Store,Cash,2,5383.64,0.05,10767.28,10228.92,0,842.74,2024,2,February,Monday,10767.28,10228.916
2024-02-05,ORD020737,CUST03798,P004,Smartwatch,Electronics,Pune,Online,UPI,1,6307.39,0.0,6307.39,6307.39,0,629.63,2024,2,February,Monday,6307.39,6307.39
2024-02-05,ORD020566,CUST01118,P006,Desk,Furniture,Pune,Online,Credit Card,2,11735.56,0.1,23471.12,21124.01,0,3466.62,2024,2,February,Monday,23471.12,21124.007999999998
2024-02-05,ORD028744,CUST04026,P012,Air Fryer,Home,Jaipur,Store,UPI,1,7490.7,0.05,7490.7,7116.16,0,1323.69,2024,2,February,Monday,7490.7,7116.164999999999
2024-02-05,ORD019823,CUST02500,P007,Backpack,Accessories,Surat,Online,Cash,2,2381.2,0.0,4762.4,4762.4,0,988.53,2024,2,February,Monday,4762.4,4762.4
2024-02-05,ORD030451,CUST04806,P005,Office Chair,Furniture,Bengaluru,Store,Net Banking,1,10372.85,0.0,10372.85,10372.85,0,1763.08,2024,2,February,Monday,10372.85,10372.85
2024-02-05,ORD022748,CUST02185,P016,Sofa,Furniture,Hyderabad,Online,Credit Card,1,32599.71,0.0,32599.71,32599.71,0,8007.13,2024,2,February,Monday,32599.71,32599.71
2024-02-05,ORD032124,CUST04748,P018,Jacket,Fashion,Kolkata,Online,Credit Card,2,4998.24,0.0,9996.48,9996.48,0,2710.38,2024,2,February,Monday,9996.48,9996.48
2024-02-05,ORD020012,CUST02445,P008,Running Shoes,Fashion,Ahmedabad,Store,Credit Card,1,4177.19,0.05,4177.19,3968.33,0,627.73,2024,2,February,Monday,4177.19,3968.3304999999996
2024-02-05,ORD045283,CUST02693,P014,Keyboard,Electronics,Delhi,Online,UPI,1,2266.9,0.05,2266.9,2153.55,0,302.1,2024,2,February,Monday,2266.9,2153.555
2024-02-05,ORD044312,CUST00636,P011,Mixer Grinder,Home,Surat,Store,Credit Card,1,4540.01,0.1,4540.01,4086.01,0,696.87,2024,2,February,Monday,4540.01,4086.0090000000005
2024-02-05,ORD008135,CUST02409,P015,Dining Table,Furniture,Bengaluru,Store,Credit Card,3,20086.25,0.05,60258.75,57245.81,1,-2862.29,2024,2,February,Monday,60258.75,57245.8125
2024-02-05,ORD020560,CUST01946,P017,Jeans,Fashion,Kolkata,Online,UPI,3,2545.32,0.15,7635.96,6490.57,0,1396.7,2024,2,February,Monday,7635.960000000001,6490.566
2024-02-05,ORD018415,CUST01976,P015,Dining Table,Furniture,Hyderabad,Online,Debit Card,1,22009.34,0.15,22009.34,18707.94,0,4409.43,2024,2,February,Monday,22009.34,18707.939
2024-02-05,ORD039303,CUST03881,P017,Jeans,Fashion,Mumbai,Online,Cash,1,2858.99,0.05,2858.99,2716.04,0,293.33,2024,2,February,Monday,2858.99,2716.0404999999996
2024-02-05,ORD049143,CUST02976,P017,Jeans,Fashion,Ahmedabad,Online,Credit Card,1,3022.62,0.05,3022.62,2871.49,0,316.59,2024,2,February,Monday,3022.62,2871.4889999999996
2024-02-05,ORD046636,CUST03473,P009,T-Shirt,Fashion,Delhi,Online,UPI,1,1209.35,0.1,1209.35,1088.42,0,189.73,2024,2,February,Monday,1209.35,1088.415
2024-02-05,ORD044936,CUST03472,P007,Backpack,Accessories,Surat,Online,UPI,1,2282.33,0.05,2282.33,2168.21,0,565.79,2024,2,February,Monday,2282.33,2168.2135
2024-02-05,ORD032644,CUST00338,P003,Headphones,Electronics,Kolkata,Store,Debit Card,2,4117.32,0.1,8234.64,7411.18,0,675.16,2024,2,February,Monday,8234.64,7411.1759999999995
2024-02-05,ORD026762,CUST04404,P019,Vacuum Cleaner,Home,Kolkata,Online,UPI,3,8724.29,0.0,26172.87,26172.87,0,7040.32,2024,2,February,Monday,26172.870000000003,26172.87
2024-02-05,ORD032603,CUST04277,P013,Monitor,Electronics,Jaipur,Online,UPI,2,19737.48,0.1,39474.96,35527.46,0,8339.42,2024,2,February,Monday,39474.96,35527.464
2024-02-05,ORD032807,CUST02952,P020,Microwave,Home,Mumbai,Online,Net Banking,1,11116.42,0.2,11116.42,8893.14,0,1448.33,2024,2,February,Monday,11116.42,8893.136
2024-02-05,ORD020032,CUST00610,P001,Laptop,Electronics,Chennai,Online,Debit Card,1,61817.07,0.2,61817.07,49453.66,0,3053.09,2024,2,February,Monday,61817.07,49453.656
2024-02-05,ORD039609,CUST02137,P004,Smartwatch,Electronics,Delhi,Online,Debit Card,1,6826.88,0.1,6826.88,6144.19,0,809.03,2024,2,February,Monday,6826.88,6144.192
2024-02-05,ORD016742,CUST04885,P015,Dining Table,Furniture,Mumbai,Online,Credit Card,1,22860.12,0.1,22860.12,20574.11,0,5069.63,2024,2,February,Monday,22860.12,20574.108
2024-02-05,ORD002405,CUST01239,P017,Jeans,Fashion,Bengaluru,Online,Cash,2,2921.62,0.2,5843.24,4674.59,0,423.55,2024,2,February,Monday,5843.24,4674.592
2024-02-05,ORD024079,CUST02334,P020,Microwave,Home,Surat,Store,UPI,2,10570.39,0.05,21140.78,20083.74,0,5629.47,2024,2,February,Monday,21140.78,20083.740999999998
2024-02-05,ORD030563,CUST01794,P020,Microwave,Home,Pune,Online,UPI,1,11777.42,0.05,11777.42,11188.55,0,791.52,2024,2,February,Monday,11777.42,11188.548999999999
2024-02-05,ORD015938,CUST04942,P013,Monitor,Electronics,Hyderabad,Store,UPI,4,19622.16,0.0,78488.64,78488.64,0,20070.98,2024,2,February,Monday,78488.64,78488.64
2024-02-05,ORD039992,CUST04470,P011,Mixer Grinder,Home,Hyderabad,Store,Credit Card,1,4341.12,0.0,4341.12,4341.12,0,818.39,2024,2,February,Monday,4341.12,4341.12
2024-02-05,ORD004218,CUST00470,P003,Headphones,Electronics,Delhi,Store,Credit Card,1,4846.8,0.25,4846.8,3635.1,0,303.43,2024,2,February,Monday,4846.8,3635.1000000000004
2024-02-05,ORD029810,CUST04076,P020,Microwave,Home,Surat,Online,Debit Card,5,10697.86,0.05,53489.3,50814.84,0,3625.72,2024,2,February,Monday,53489.3,50814.835
2024-02-05,ORD006174,CUST00010,P016,Sofa,Furniture,Pune,Store,UPI,2,33452.87,0.1,66905.74,60215.17,0,6948.42,2024,2,February,Monday,66905.74,60215.166000000005
2024-02-05,ORD020846,CUST01326,P020,Microwave,Home,Chennai,Online,UPI,1,10354.57,0.15,10354.57,8801.38,0,903.87,2024,2,February,Monday,10354.57,8801.3845
2024-02-05,ORD046578,CUST02443,P011,Mixer Grinder,Home,Bengaluru,Online,UPI,5,4981.63,0.0,24908.15,24908.15,0,6006.2,2024,2,February,Monday,24908.15,24908.15
2024-02-05,ORD042935,CUST04675,P001,Laptop,Electronics,Ahmedabad,Online,Debit Card,1,63933.95,0.05,63933.95,60737.25,0,15146.85,2024,2,February,Monday,63933.95,60737.252499999995
2024-02-05,ORD030608,CUST00460,P014,Keyboard,Electronics,Surat,Online,Credit Card,2,2694.63,0.0,5389.26,5389.26,0,735.24,2024,2,February,Monday,5389.26,5389.26
2024-02-05,ORD045176,CUST02084,P011,Mixer Grinder,Home,Jaipur,Online,Net Banking,1,4565.26,0.0,4565.26,4565.26,0,620.78,2024,2,February,Monday,4565.26,4565.26
2024-02-05,ORD020655,CUST01117,P020,Microwave,Home,Jaipur,Online,Debit Card,1,11260.16,0.15,11260.16,9571.14,0,1153.14,2024,2,February,Monday,11260.16,9571.136
2024-02-05,ORD025439,CUST04428,P017,Jeans,Fashion,Kolkata,Store,UPI,2,2812.53,0.2,5625.06,4500.05,1,-225.0,2024,2,February,Monday,5625.06,4500.048000000001
2024-02-05,ORD007433,CUST02639,P008,Running Shoes,Fashion,Chennai,Online,UPI,1,4503.67,0.05,4503.67,4278.49,0,399.95,2024,2,February,Monday,4503.67,4278.4865
2024-02-05,ORD039111,CUST00397,P007,Backpack,Accessories,Delhi,Store,Credit Card,1,2076.09,0.05,2076.09,1972.29,0,440.79,2024,2,February,Monday,2076.09,1972.2855
2024-02-05,ORD023946,CUST04958,P017,Jeans,Fashion,Surat,Store,Debit Card,1,2890.56,0.0,2890.56,2890.56,0,507.22,2024,2,February,Monday,2890.56,2890.56
2024-02-06,ORD044365,CUST03897,P006,Desk,Furniture,Bengaluru,Online,UPI,1,11873.76,0.15,11873.76,10092.7,0,939.86,2024,2,February,Tuesday,11873.76,10092.696
2024-02-06,ORD020853,CUST04204,P013,Monitor,Electronics,Mumbai,Store,Credit Card,1,17858.08,0.2,17858.08,14286.46,0,2290.47,2024,2,February,Tuesday,17858.08,14286.464000000002
2024-02-06,ORD005334,CUST02394,P007,Backpack,Accessories,Hyderabad,Online,Debit Card,2,2066.68,0.15,4133.36,3513.36,1,-175.67,2024,2,February,Tuesday,4133.36,3513.3559999999998
2024-02-06,ORD047233,CUST03302,P012,Air Fryer,Home,Mumbai,Store,Cash,1,6675.63,0.15,6675.63,5674.29,0,388.28,2024,2,February,Tuesday,6675.63,5674.2855
2024-02-06,ORD030840,CUST04783,P019,Vacuum Cleaner,Home,Delhi,Store,UPI,2,9076.48,0.15,18152.96,15430.02,0,2062.05,2024,2,February,Tuesday,18152.96,15430.016
2024-02-06,ORD033163,CUST00186,P018,Jacket,Fashion,Delhi,Store,Credit Card,1,5462.63,0.0,5462.63,5462.63,0,571.31,2024,2,February,Tuesday,5462.63,5462.63
2024-02-06,ORD030714,CUST01659,P012,Air Fryer,Home,Mumbai,Online,UPI,2,6512.98,0.25,13025.96,9769.47,0,1176.18,2024,2,February,Tuesday,13025.96,9769.47
2024-02-06,ORD049007,CUST04164,P020,Microwave,Home,Ahmedabad,Online,UPI,1,10371.18,0.05,10371.18,9852.62,0,1225.97,2024,2,February,Tuesday,10371.18,9852.621
2024-02-06,ORD001998,CUST01536,P020,Microwave,Home,Bengaluru,Store,Credit Card,1,11254.07,0.1,11254.07,10128.66,0,2720.61,2024,2,February,Tuesday,11254.07,10128.663
2024-02-06,ORD020030,CUST04267,P018,Jacket,Fashion,Pune,Store,Debit Card,1,4805.25,0.0,4805.25,4805.25,0,617.15,2024,2,February,Tuesday,4805.25,4805.25
2024-02-06,ORD014102,CUST03990,P005,Office Chair,Furniture,Surat,Online,UPI,1,9305.69,0.0,9305.69,9305.69,0,1907.83,2024,2,February,Tuesday,9305.69,9305.69
2024-02-06,ORD024288,CUST02649,P013,Monitor,Electronics,Hyderabad,Online,UPI,2,18745.54,0.0,37491.08,37491.08,0,3242.39,2024,2,February,Tuesday,37491.08,37491.08
2024-02-06,ORD011332,CUST01004,P007,Backpack,Accessories,Kolkata,Online,Credit Card,1,2102.37,0.0,2102.37,2102.37,0,207.85,2024,2,February,Tuesday,2102.37,2102.37
2024-02-06,ORD037469,CUST04926,P008,Running Shoes,Fashion,Hyderabad,Online,Cash,1,3827.37,0.0,3827.37,3827.37,0,852.42,2024,2,February,Tuesday,3827.37,3827.37
2024-02-06,ORD011308,CUST00741,P014,Keyboard,Electronics,Chennai,Online,Debit Card,2,2310.3,0.05,4620.6,4389.57,1,-219.48,2024,2,February,Tuesday,4620.6,4389.57
2024-02-06,ORD017898,CUST04628,P010,Coffee Maker,Home,Ahmedabad,Online,Credit Card,1,6006.26,0.05,6006.26,5705.95,0,1580.24,2024,2,February,Tuesday,6006.26,5705.947
2024-02-06,ORD006795,CUST02916,P016,Sofa,Furniture,Chennai,Online,Credit Card,3,33825.63,0.05,101476.89,96403.05,0,17169.34,2024,2,February,Tuesday,101476.88999999998,96403.0455
2024-02-06,ORD037130,CUST00961,P015,Dining Table,Furniture,Surat,Online,UPI,1,22501.03,0.2,22501.03,18000.82,1,-900.04,2024,2,February,Tuesday,22501.03,18000.824
2024-02-06,ORD046665,CUST04302,P018,Jacket,Fashion,Chennai,Online,UPI,1,5449.55,0.0,5449.55,5449.55,0,1071.79,2024,2,February,Tuesday,5449.55,5449.55
2024-02-06,ORD020961,CUST01672,P006,Desk,Furniture,Bengaluru,Store,Debit Card,1,13191.03,0.15,13191.03,11212.38,0,1142.32,2024,2,February,Tuesday,13191.03,11212.3755
2024-02-06,ORD041106,CUST02770,P003,Headphones,Electronics,Chennai,Online,Net Banking,3,4224.46,0.15,12673.38,10772.37,0,915.62,2024,2,February,Tuesday,12673.380000000001,10772.373
2024-02-06,ORD030259,CUST03883,P003,Headphones,Electronics,Delhi,Store,UPI,3,4434.94,0.05,13304.82,12639.58,0,2713.73,2024,2,February,Tuesday,13304.82,12639.579
2024-02-06,ORD021637,CUST04842,P002,Smartphone,Electronics,Hyderabad,Store,UPI,1,26906.8,0.1,26906.8,24216.12,0,2024.43,2024,2,February,Tuesday,26906.8,24216.12
2024-02-06,ORD037837,CUST04828,P007,Backpack,Accessories,Ahmedabad,Store,Debit Card,1,2329.07,0.15,2329.07,1979.71,0,474.02,2024,2,February,Tuesday,2329.07,1979.7095000000002
2024-02-06,ORD024078,CUST00889,P016,Sofa,Furniture,Surat,Online,Credit Card,2,31959.52,0.05,63919.04,60723.09,0,12137.88,2024,2,February,Tuesday,63919.04,60723.087999999996
2024-02-06,ORD015700,CUST00642,P002,Smartphone,Electronics,Pune,Online,UPI,2,26023.56,0.0,52047.12,52047.12,0,11012.13,2024,2,February,Tuesday,52047.12,52047.12
2024-02-06,ORD025936,CUST00998,P008,Running Shoes,Fashion,Kolkata,Store,Debit Card,4,4264.19,0.05,17056.76,16203.92,0,1926.53,2024,2,February,Tuesday,17056.76,16203.921999999997
2024-02-06,ORD010950,CUST01367,P018,Jacket,Fashion,Jaipur,Store,Credit Card,1,5033.15,0.1,5033.15,4529.84,0,888.59,2024,2,February,Tuesday,5033.15,4529.835
2024-02-06,ORD026653,CUST00717,P001,Laptop,Electronics,Mumbai,Online,Credit Card,3,67313.11,0.05,201939.33,191842.36,0,37250.24,2024,2,February,Tuesday,201939.33000000002,191842.36349999998
2024-02-06,ORD025323,CUST04096,P015,Dining Table,Furniture,Surat,Store,Debit Card,2,21899.21,0.0,43798.42,43798.42,0,12916.7,2024,2,February,Tuesday,43798.42,43798.42
2024-02-06,ORD046124,CUST02151,P007,Backpack,Accessories,Jaipur,Online,UPI,3,2320.59,0.0,6961.77,6961.77,0,1394.23,2024,2,February,Tuesday,6961.77,6961.77
2024-02-06,ORD040149,CUST04868,P016,Sofa,Furniture,Mumbai,Online,UPI,1,38357.1,0.2,38357.1,30685.68,0,2450.09,2024,2,February,Tuesday,38357.1,30685.68
2024-02-06,ORD009306,CUST03875,P004,Smartwatch,Electronics,Ahmedabad,Online,Debit Card,1,6428.88,0.15,6428.88,5464.55,0,646.87,2024,2,February,Tuesday,6428.88,5464.548
2024-02-06,ORD001874,CUST02560,P010,Coffee Maker,Home,Ahmedabad,Online,UPI,1,5700.52,0.15,5700.52,4845.44,0,394.59,2024,2,February,Tuesday,5700.52,4845.442
2024-02-06,ORD037441,CUST03937,P004,Smartwatch,Electronics,Surat,Online,Credit Card,1,6703.33,0.1,6703.33,6033.0,1,-301.65,2024,2,February,Tuesday,6703.33,6032.997
2024-02-06,ORD003038,CUST04837,P012,Air Fryer,Home,Ahmedabad,Online,Net Banking,2,7027.89,0.0,14055.78,14055.78,0,3380.79,2024,2,February,Tuesday,14055.78,14055.78
2024-02-06,ORD049701,CUST02266,P017,Jeans,Fashion,Jaipur,Online,Debit Card,2,2825.5,0.1,5651.0,5085.9,0,937.6,2024,2,February,Tuesday,5651.0,5085.900000000001
2024-02-06,ORD035564,CUST01992,P013,Monitor,Electronics,Bengaluru,Store,Credit Card,1,16284.71,0.0,16284.71,16284.71,0,3002.38,2024,2,February,Tuesday,16284.71,16284.71
2024-02-06,ORD026983,CUST04277,P015,Dining Table,Furniture,Ahmedabad,Online,Net Banking,3,20334.1,0.1,61002.3,54902.07,0,4898.38,2024,2,February,Tuesday,61002.299999999996,54902.07000000001
2024-02-06,ORD027072,CUST04369,P014,Keyboard,Electronics,Pune,Online,Credit Card,1,2304.45,0.2,2304.45,1843.56,0,319.72,2024,2,February,Tuesday,2304.45,1843.56
2024-02-06,ORD049648,CUST02009,P013,Monitor,Electronics,Bengaluru,Store,UPI,1,18382.73,0.15,18382.73,15625.32,1,-781.27,2024,2,February,Tuesday,18382.73,15625.3205
2024-02-06,ORD041876,CUST03111,P015,Dining Table,Furniture,Hyderabad,Online,Debit Card,2,23129.73,0.1,46259.46,41633.51,0,3080.49,2024,2,February,Tuesday,46259.46,41633.514
2024-02-06,ORD024725,CUST01469,P009,T-Shirt,Fashion,Pune,Store,Credit Card,1,1125.29,0.0,1125.29,1125.29,0,275.46,2024,2,February,Tuesday,1125.29,1125.29
2024-02-06,ORD001822,CUST04013,P011,Mixer Grinder,Home,Kolkata,Online,Credit Card,5,5082.3,0.1,25411.5,22870.35,0,5449.87,2024,2,February,Tuesday,25411.5,22870.350000000002
2024-02-06,ORD006939,CUST02163,P009,T-Shirt,Fashion,Delhi,Store,Debit Card,1,1134.85,0.15,1134.85,964.62,0,175.45,2024,2,February,Tuesday,1134.85,964.6225
2024-02-06,ORD038103,CUST03298,P018,Jacket,Fashion,Mumbai,Online,UPI,2,4915.97,0.15,9831.94,8357.15,0,2138.2,2024,2,February,Tuesday,9831.94,8357.149
2024-02-06,ORD016135,CUST01286,P012,Air Fryer,Home,Kolkata,Store,UPI,2,6664.43,0.15,13328.86,11329.53,0,2271.4,2024,2,February,Tuesday,13328.86,11329.531
2024-02-06,ORD007640,CUST02331,P017,Jeans,Fashion,Pune,Online,Debit Card,3,2943.17,0.2,8829.51,7063.61,0,1635.3,2024,2,February,Tuesday,8829.51,7063.608
2024-02-06,ORD030470,CUST00420,P014,Keyboard,Electronics,Jaipur,Online,UPI,5,2340.98,0.15,11704.9,9949.16,0,2402.61,2024,2,February,Tuesday,11704.9,9949.164999999999
2024-02-06,ORD045739,CUST04952,P005,Office Chair,Furniture,Surat,Online,Net Banking,1,9879.61,0.0,9879.61,9879.61,0,2522.67,2024,2,February,Tuesday,9879.61,9879.61
2024-02-06,ORD028822,CUST03773,P009,T-Shirt,Fashion,Bengaluru,Online,Debit Card,1,1204.51,0.1,1204.51,1084.06,0,298.88,2024,2,February,Tuesday,1204.51,1084.059
2024-02-06,ORD007844,CUST04170,P015,Dining Table,Furniture,Jaipur,Store,Credit Card,5,21231.62,0.1,106158.1,95542.29,0,18625.36,2024,2,February,Tuesday,106158.09999999999,95542.29000000001
2024-02-06,ORD019759,CUST02804,P013,Monitor,Electronics,Chennai,Online,Debit Card,1,17807.28,0.0,17807.28,17807.28,0,1472.63,2024,2,February,Tuesday,17807.28,17807.28
2024-02-06,ORD044086,CUST04846,P008,Running Shoes,Fashion,Pune,Online,UPI,1,4531.35,0.1,4531.35,4078.22,0,445.95,2024,2,February,Tuesday,4531.35,4078.2150000000006
2024-02-06,ORD045163,CUST03008,P001,Laptop,Electronics,Kolkata,Store,Cash,1,69112.8,0.05,69112.8,65657.16,0,16385.95,2024,2,February,Tuesday,69112.8,65657.16
2024-02-06,ORD035600,CUST03437,P004,Smartwatch,Electronics,Ahmedabad,Online,Cash,1,7092.2,0.1,7092.2,6382.98,0,641.22,2024,2,February,Tuesday,7092.2,6382.98
2024-02-06,ORD011383,CUST03021,P015,Dining Table,Furniture,Bengaluru,Online,Debit Card,1,20413.23,0.05,20413.23,19392.57,0,5484.75,2024,2,February,Tuesday,20413.23,19392.568499999998
2024-02-06,ORD039414,CUST02607,P003,Headphones,Electronics,Hyderabad,Online,Credit Card,1,4116.84,0.15,4116.84,3499.31,0,814.26,2024,2,February,Tuesday,4116.84,3499.314
2024-02-06,ORD039429,CUST01947,P013,Monitor,Electronics,Kolkata,Store,Cash,2,17275.82,0.1,34551.64,31096.48,0,3240.45,2024,2,February,Tuesday,34551.64,31096.476
2024-02-06,ORD002479,CUST04121,P007,Backpack,Accessories,Mumbai,Store,Net Banking,1,2056.47,0.05,2056.47,1953.65,0,513.47,2024,2,February,Tuesday,2056.47,1953.6464999999996
2024-02-06,ORD029608,CUST00408,P012,Air Fryer,Home,Pune,Store,Credit Card,1,7065.57,0.05,7065.57,6712.29,0,1438.34,2024,2,February,Tuesday,7065.57,6712.291499999999
2024-02-06,ORD011334,CUST01965,P016,Sofa,Furniture,Chennai,Online,Credit Card,1,37812.9,0.2,37812.9,30250.32,0,3651.18,2024,2,February,Tuesday,37812.9,30250.320000000003
2024-02-06,ORD008752,CUST03997,P008,Running Shoes,Fashion,Mumbai,Online,UPI,4,4168.61,0.1,16674.44,15007.0,0,1856.32,2024,2,February,Tuesday,16674.44,15006.996
2024-02-06,ORD019926,CUST04906,P011,Mixer Grinder,Home,Surat,Store,Credit Card,1,4811.86,0.0,4811.86,4811.86,0,1201.88,2024,2,February,Tuesday,4811.86,4811.86
2024-02-06,ORD030394,CUST03603,P019,Vacuum Cleaner,Home,Surat,Online,Debit Card,5,9302.4,0.1,46512.0,41860.8,0,9298.67,2024,2,February,Tuesday,46512.0,41860.8
2024-02-06,ORD012341,CUST03516,P010,Coffee Maker,Home,Surat,Online,UPI,1,5294.47,0.1,5294.47,4765.02,0,1252.0,2024,2,February,Tuesday,5294.47,4765.023
2024-02-06,ORD041356,CUST04646,P016,Sofa,Furniture,Hyderabad,Online,UPI,2,34443.02,0.05,68886.04,65441.74,0,6200.56,2024,2,February,Tuesday,68886.04,65441.73799999999
2024-02-06,ORD040837,CUST00666,P009,T-Shirt,Fashion,Delhi,Store,Credit Card,1,1271.35,0.0,1271.35,1271.35,0,132.82,2024,2,February,Tuesday,1271.35,1271.35
2024-02-06,ORD029696,CUST00547,P012,Air Fryer,Home,Delhi,Store,Net Banking,2,6759.76,0.15,13519.52,11491.59,0,1576.4,2024,2,February,Tuesday,13519.52,11491.592
2024-02-06,ORD010488,CUST00731,P006,Desk,Furniture,Kolkata,Online,UPI,1,12026.32,0.1,12026.32,10823.69,0,2871.94,2024,2,February,Tuesday,12026.32,10823.688
2024-02-06,ORD032621,CUST00607,P012,Air Fryer,Home,Pune,Store,Credit Card,1,7291.32,0.05,7291.32,6926.75,0,1545.92,2024,2,February,Tuesday,7291.32,6926.753999999999
2024-02-06,ORD035920,CUST02038,P016,Sofa,Furniture,Jaipur,Online,UPI,1,31803.18,0.15,31803.18,27032.7,0,6264.51,2024,2,February,Tuesday,31803.18,27032.703
2024-02-06,ORD015799,CUST03645,P011,Mixer Grinder,Home,Kolkata,Store,UPI,1,4777.37,0.15,4777.37,4060.76,0,229.71,2024,2,February,Tuesday,4777.37,4060.7644999999998
2024-02-06,ORD049510,CUST02015,P004,Smartwatch,Electronics,Hyderabad,Online,UPI,1,7298.98,0.0,7298.98,7298.98,0,2012.58,2024,2,February,Tuesday,7298.98,7298.98
2024-02-06,ORD034812,CUST02619,P002,Smartphone,Electronics,Kolkata,Store,UPI,1,27529.29,0.1,27529.29,24776.36,0,4470.07,2024,2,February,Tuesday,27529.29,24776.361
2024-02-06,ORD021817,CUST02891,P015,Dining Table,Furniture,Ahmedabad,Online,Credit Card,5,23186.06,0.1,115930.3,104337.27,0,27479.36,2024,2,February,Tuesday,115930.3,104337.27
2024-02-06,ORD031493,CUST02683,P013,Monitor,Electronics,Delhi,Online,UPI,1,17285.7,0.0,17285.7,17285.7,0,3435.64,2024,2,February,Tuesday,17285.7,17285.7
2024-02-06,ORD022735,CUST03310,P010,Coffee Maker,Home,Chennai,Store,Cash,2,5491.48,0.2,10982.96,8786.37,0,1377.36,2024,2,February,Tuesday,10982.96,8786.368
2024-02-06,ORD006399,CUST00286,P008,Running Shoes,Fashion,Bengaluru,Online,UPI,2,4140.65,0.2,8281.3,6625.04,0,694.87,2024,2,February,Tuesday,8281.3,6625.04
2024-02-07,ORD010045,CUST03471,P002,Smartphone,Electronics,Pune,Store,UPI,1,26434.59,0.1,26434.59,23791.13,0,6323.33,2024,2,February,Wednesday,26434.59,23791.131
2024-02-07,ORD043696,CUST01160,P011,Mixer Grinder,Home,Mumbai,Online,UPI,1,4551.47,0.05,4551.47,4323.9,0,700.99,2024,2,February,Wednesday,4551.47,4323.8965
2024-02-07,ORD029616,CUST00860,P008,Running Shoes,Fashion,Delhi,Online,Net Banking,1,3888.68,0.05,3888.68,3694.25,0,410.53,2024,2,February,Wednesday,3888.68,3694.2459999999996
2024-02-07,ORD024910,CUST04245,P008,Running Shoes,Fashion,Ahmedabad,Online,UPI,2,4600.63,0.05,9201.26,8741.2,0,1710.62,2024,2,February,Wednesday,9201.26,8741.197
2024-02-07,ORD011021,CUST01879,P017,Jeans,Fashion,Surat,Online,UPI,1,2636.5,0.1,2636.5,2372.85,0,609.34,2024,2,February,Wednesday,2636.5,2372.85
2024-02-07,ORD034384,CUST00925,P020,Microwave,Home,Jaipur,Store,UPI,4,11205.67,0.0,44822.68,44822.68,0,3681.87,2024,2,February,Wednesday,44822.68,44822.68
2024-02-07,ORD002812,CUST04398,P003,Headphones,Electronics,Chennai,Online,Credit Card,1,4180.21,0.05,4180.21,3971.2,0,1105.21,2024,2,February,Wednesday,4180.21,3971.1994999999997
2024-02-07,ORD032248,CUST00820,P011,Mixer Grinder,Home,Ahmedabad,Online,UPI,1,4548.68,0.05,4548.68,4321.25,0,1159.66,2024,2,February,Wednesday,4548.68,4321.246
2024-02-07,ORD041631,CUST04814,P017,Jeans,Fashion,Chennai,Online,Debit Card,2,2673.77,0.1,5347.54,4812.79,0,1161.06,2024,2,February,Wednesday,5347.54,4812.786
2024-02-07,ORD003705,CUST00902,P017,Jeans,Fashion,Surat,Online,Net Banking,2,2834.47,0.1,5668.94,5102.05,0,1117.17,2024,2,February,Wednesday,5668.94,5102.045999999999
2024-02-07,ORD021648,CUST00059,P008,Running Shoes,Fashion,Jaipur,Store,UPI,2,3786.93,0.0,7573.86,7573.86,0,2046.89,2024,2,February,Wednesday,7573.86,7573.86
2024-02-07,ORD011833,CUST01516,P017,Jeans,Fashion,Ahmedabad,Store,UPI,2,2594.73,0.1,5189.46,4670.51,0,1252.0,2024,2,February,Wednesday,5189.46,4670.514
2024-02-07,ORD039482,CUST03271,P017,Jeans,Fashion,Delhi,Store,Credit Card,1,2914.6,0.15,2914.6,2477.41,0,273.0,2024,2,February,Wednesday,2914.6,2477.41
2024-02-07,ORD037404,CUST02785,P013,Monitor,Electronics,Chennai,Online,UPI,1,17920.35,0.15,17920.35,15232.3,0,3465.87,2024,2,February,Wednesday,17920.35,15232.297499999999
2024-02-07,ORD003197,CUST03497,P001,Laptop,Electronics,Chennai,Online,Debit Card,1,68801.98,0.1,68801.98,61921.78,0,9289.71,2024,2,February,Wednesday,68801.98,61921.782
2024-02-07,ORD033541,CUST04150,P011,Mixer Grinder,Home,Bengaluru,Store,Credit Card,1,4348.38,0.15,4348.38,3696.12,0,925.27,2024,2,February,Wednesday,4348.38,3696.123
2024-02-07,ORD009338,CUST02916,P005,Office Chair,Furniture,Pune,Store,UPI,1,10051.52,0.2,10051.52,8041.22,0,1948.27,2024,2,February,Wednesday,10051.52,8041.216
2024-02-07,ORD030673,CUST04801,P019,Vacuum Cleaner,Home,Mumbai,Online,Cash,1,8242.59,0.2,8242.59,6594.07,0,1405.47,2024,2,February,Wednesday,8242.59,6594.072
2024-02-07,ORD035424,CUST00733,P001,Laptop,Electronics,Chennai,Store,Debit Card,2,68639.47,0.05,137278.94,130414.99,0,37384.67,2024,2,February,Wednesday,137278.94,130414.993
2024-02-07,ORD001198,CUST03632,P004,Smartwatch,Electronics,Jaipur,Store,Debit Card,2,7354.5,0.2,14709.0,11767.2,0,1408.59,2024,2,February,Wednesday,14709.0,11767.2
2024-02-07,ORD042548,CUST04651,P015,Dining Table,Furniture,Hyderabad,Online,UPI,1,22079.08,0.05,22079.08,20975.13,0,3555.06,2024,2,February,Wednesday,22079.08,20975.126
2024-02-07,ORD010693,CUST04650,P012,Air Fryer,Home,Delhi,Store,UPI,1,7413.49,0.25,7413.49,5560.12,0,317.42,2024,2,February,Wednesday,7413.49,5560.1175
2024-02-07,ORD022091,CUST04416,P009,T-Shirt,Fashion,Kolkata,Store,UPI,1,1117.05,0.1,1117.05,1005.34,0,90.67,2024,2,February,Wednesday,1117.05,1005.345
2024-02-07,ORD015802,CUST04944,P011,Mixer Grinder,Home,Ahmedabad,Store,Credit Card,1,4668.36,0.1,4668.36,4201.52,0,1152.75,2024,2,February,Wednesday,4668.36,4201.523999999999
2024-02-07,ORD004488,CUST00766,P004,Smartwatch,Electronics,Hyderabad,Store,UPI,1,7439.02,0.1,7439.02,6695.12,0,481.54,2024,2,February,Wednesday,7439.02,6695.118
2024-02-07,ORD023134,CUST03646,P014,Keyboard,Electronics,Pune,Online,Net Banking,2,2581.47,0.15,5162.94,4388.5,0,574.14,2024,2,February,Wednesday,5162.94,4388.499
2024-02-07,ORD028881,CUST02436,P001,Laptop,Electronics,Jaipur,Store,Credit Card,1,67542.9,0.1,67542.9,60788.61,0,4753.19,2024,2,February,Wednesday,67542.9,60788.60999999999
2024-02-07,ORD039151,CUST01319,P015,Dining Table,Furniture,Delhi,Online,Cash,1,20362.87,0.0,20362.87,20362.87,0,2866.75,2024,2,February,Wednesday,20362.87,20362.87
2024-02-07,ORD008876,CUST00366,P010,Coffee Maker,Home,Bengaluru,Store,UPI,1,5952.38,0.15,5952.38,5059.52,0,872.86,2024,2,February,Wednesday,5952.38,5059.523
2024-02-07,ORD030924,CUST04171,P007,Backpack,Accessories,Chennai,Online,UPI,4,2258.77,0.05,9035.08,8583.33,0,1359.57,2024,2,February,Wednesday,9035.08,8583.326
2024-02-07,ORD022141,CUST01223,P003,Headphones,Electronics,Chennai,Online,UPI,1,4473.39,0.0,4473.39,4473.39,0,1183.91,2024,2,February,Wednesday,4473.39,4473.39
2024-02-07,ORD047203,CUST03611,P009,T-Shirt,Fashion,Bengaluru,Store,UPI,1,1141.73,0.05,1141.73,1084.64,0,118.62,2024,2,February,Wednesday,1141.73,1084.6435
2024-02-07,ORD037166,CUST02622,P005,Office Chair,Furniture,Kolkata,Online,Cash,2,9606.02,0.2,19212.04,15369.63,0,2006.74,2024,2,February,Wednesday,19212.04,15369.632000000001
2024-02-07,ORD034409,CUST02545,P009,T-Shirt,Fashion,Kolkata,Online,Cash,1,1126.59,0.15,1126.59,957.6,0,228.51,2024,2,February,Wednesday,1126.59,957.6014999999999
2024-02-07,ORD026390,CUST00547,P003,Headphones,Electronics,Chennai,Store,UPI,2,4321.47,0.0,8642.94,8642.94,0,1854.41,2024,2,February,Wednesday,8642.94,8642.94
2024-02-07,ORD038058,CUST01148,P013,Monitor,Electronics,Kolkata,Store,UPI,1,16221.33,0.1,16221.33,14599.2,0,2303.95,2024,2,February,Wednesday,16221.33,14599.197
2024-02-07,ORD032334,CUST00712,P012,Air Fryer,Home,Mumbai,Online,UPI,2,6656.59,0.1,13313.18,11981.86,0,1161.26,2024,2,February,Wednesday,13313.18,11981.862000000001
2024-02-07,ORD002276,CUST04662,P005,Office Chair,Furniture,Bengaluru,Online,Cash,1,8728.66,0.1,8728.66,7855.79,0,1564.8,2024,2,February,Wednesday,8728.66,7855.794
2024-02-07,ORD028492,CUST00975,P006,Desk,Furniture,Jaipur,Online,Credit Card,2,13033.23,0.05,26066.46,24763.14,1,-1238.16,2024,2,February,Wednesday,26066.46,24763.137
2024-02-07,ORD002627,CUST03499,P015,Dining Table,Furniture,Jaipur,Store,Credit Card,1,23524.39,0.05,23524.39,22348.17,0,3468.14,2024,2,February,Wednesday,23524.39,22348.1705
2024-02-07,ORD040355,CUST00761,P005,Office Chair,Furniture,Delhi,Online,Cash,3,10328.06,0.1,30984.18,27885.76,0,7027.27,2024,2,February,Wednesday,30984.18,27885.762000000002
2024-02-07,ORD040360,CUST00872,P009,T-Shirt,Fashion,Kolkata,Online,Debit Card,2,1146.27,0.05,2292.54,2177.91,0,185.76,2024,2,February,Wednesday,2292.54,2177.913
2024-02-07,ORD040789,CUST01239,P002,Smartphone,Electronics,Kolkata,Online,UPI,1,29250.94,0.1,29250.94,26325.85,0,1798.91,2024,2,February,Wednesday,29250.94,26325.845999999998
2024-02-07,ORD004161,CUST01231,P005,Office Chair,Furniture,Bengaluru,Online,UPI,2,9245.01,0.15,18490.02,15716.52,1,-785.83,2024,2,February,Wednesday,18490.02,15716.517
2024-02-07,ORD009596,CUST03655,P006,Desk,Furniture,Pune,Online,UPI,2,10956.08,0.0,21912.16,21912.16,0,6305.29,2024,2,February,Wednesday,21912.16,21912.16
2024-02-07,ORD014648,CUST00195,P003,Headphones,Electronics,Pune,Online,Credit Card,1,4204.16,0.2,4204.16,3363.33,1,-168.17,2024,2,February,Wednesday,4204.16,3363.328
2024-02-07,ORD040759,CUST02748,P019,Vacuum Cleaner,Home,Delhi,Online,Debit Card,1,8825.22,0.05,8825.22,8383.96,0,1785.62,2024,2,February,Wednesday,8825.22,8383.958999999999
2024-02-07,ORD046892,CUST04528,P001,Laptop,Electronics,Kolkata,Online,UPI,3,59817.08,0.15,179451.24,152533.55,0,16166.66,2024,2,February,Wednesday,179451.24,152533.55399999997
2024-02-07,ORD006695,CUST03431,P016,Sofa,Furniture,Pune,Store,Debit Card,1,35780.18,0.2,35780.18,28624.14,0,6891.75,2024,2,February,Wednesday,35780.18,28624.144
2024-02-07,ORD037516,CUST03132,P017,Jeans,Fashion,Chennai,Online,Debit Card,5,2868.1,0.1,14340.5,12906.45,0,2414.48,2024,2,February,Wednesday,14340.5,12906.45
2024-02-07,ORD034131,CUST00171,P007,Backpack,Accessories,Chennai,Store,UPI,2,2389.89,0.05,4779.78,4540.79,0,763.6,2024,2,February,Wednesday,4779.78,4540.790999999999
2024-02-07,ORD003909,CUST02461,P006,Desk,Furniture,Mumbai,Online,UPI,2,11040.43,0.15,22080.86,18768.73,0,4789.01,2024,2,February,Wednesday,22080.86,18768.731
2024-02-07,ORD024155,CUST01475,P016,Sofa,Furniture,Mumbai,Online,UPI,1,38388.62,0.05,38388.62,36469.19,0,2753.93,2024,2,February,Wednesday,38388.62,36469.189
2024-02-07,ORD021314,CUST03370,P006,Desk,Furniture,Surat,Store,UPI,1,11670.55,0.05,11670.55,11087.02,0,1028.74,2024,2,February,Wednesday,11670.55,11087.0225
2024-02-07,ORD007635,CUST03218,P018,Jacket,Fashion,Hyderabad,Store,Cash,1,5077.02,0.2,5077.02,4061.62,0,163.73,2024,2,February,Wednesday,5077.02,4061.6160000000004
2024-02-07,ORD016889,CUST03440,P015,Dining Table,Furniture,Jaipur,Online,UPI,1,22867.41,0.25,22867.41,17150.56,0,3061.95,2024,2,February,Wednesday,22867.41,17150.5575
2024-02-07,ORD014557,CUST00644,P010,Coffee Maker,Home,Kolkata,Online,UPI,1,5559.72,0.1,5559.72,5003.75,0,400.64,2024,2,February,Wednesday,5559.72,5003.7480000000005
2024-02-07,ORD031233,CUST01449,P001,Laptop,Electronics,Hyderabad,Store,UPI,1,64623.77,0.05,64623.77,61392.58,1,-3069.63,2024,2,February,Wednesday,64623.77,61392.58149999999
2024-02-07,ORD036430,CUST02842,P012,Air Fryer,Home,Mumbai,Online,UPI,1,7699.27,0.1,7699.27,6929.34,0,1849.75,2024,2,February,Wednesday,7699.27,6929.343000000001
2024-02-07,ORD047821,CUST04706,P001,Laptop,Electronics,Jaipur,Store,UPI,2,67066.98,0.2,134133.96,107307.17,0,6705.63,2024,2,February,Wednesday,134133.96,107307.168
2024-02-07,ORD032033,CUST02869,P014,Keyboard,Electronics,Delhi,Online,Debit Card,1,2304.28,0.1,2304.28,2073.85,0,317.99,2024,2,February,Wednesday,2304.28,2073.8520000000003
2024-02-08,ORD048073,CUST01652,P002,Smartphone,Electronics,Hyderabad,Store,Cash,3,27362.23,0.2,82086.69,65669.35,0,4705.22,2024,2,February,Thursday,82086.69,65669.352
2024-02-08,ORD015518,CUST04435,P013,Monitor,Electronics,Hyderabad,Online,UPI,1,18468.95,0.15,18468.95,15698.61,0,2450.17,2024,2,February,Thursday,18468.95,15698.6075
2024-02-08,ORD029836,CUST04210,P004,Smartwatch,Electronics,Surat,Online,UPI,1,7574.14,0.0,7574.14,7574.14,0,2166.49,2024,2,February,Thursday,7574.14,7574.14
2024-02-08,ORD010506,CUST04485,P002,Smartphone,Electronics,Delhi,Online,UPI,2,26443.23,0.15,52886.46,44953.49,0,5975.73,2024,2,February,Thursday,52886.46,44953.490999999995
2024-02-08,ORD035407,CUST03691,P002,Smartphone,Electronics,Delhi,Store,Credit Card,1,30451.49,0.05,30451.49,28928.92,0,2341.77,2024,2,February,Thursday,30451.49,28928.9155
2024-02-08,ORD015797,CUST04321,P017,Jeans,Fashion,Surat,Online,Credit Card,5,2641.26,0.2,13206.3,10565.04,0,1195.62,2024,2,February,Thursday,13206.300000000001,10565.04
2024-02-08,ORD016968,CUST03375,P018,Jacket,Fashion,Pune,Store,UPI,1,5061.8,0.2,5061.8,4049.44,0,662.43,2024,2,February,Thursday,5061.8,4049.4400000000005
2024-02-08,ORD023570,CUST00990,P010,Coffee Maker,Home,Kolkata,Store,Net Banking,5,6041.48,0.1,30207.4,27186.66,0,6656.92,2024,2,February,Thursday,30207.399999999998,27186.660000000003
2024-02-08,ORD030174,CUST00378,P001,Laptop,Electronics,Kolkata,Online,UPI,1,59327.48,0.1,59327.48,53394.73,0,10436.44,2024,2,February,Thursday,59327.48,53394.732
2024-02-08,ORD001738,CUST00011,P020,Microwave,Home,Jaipur,Store,Credit Card,1,11237.51,0.0,11237.51,11237.51,1,-561.88,2024,2,February,Thursday,11237.51,11237.51
2024-02-08,ORD040301,CUST00272,P008,Running Shoes,Fashion,Jaipur,Online,UPI,1,3899.83,0.05,3899.83,3704.84,0,516.19,2024,2,February,Thursday,3899.83,3704.8385
2024-02-08,ORD038807,CUST01886,P013,Monitor,Electronics,Pune,Online,Credit Card,2,19410.95,0.05,38821.9,36880.8,0,8670.55,2024,2,February,Thursday,38821.9,36880.805
2024-02-08,ORD048584,CUST00263,P014,Keyboard,Electronics,Mumbai,Online,Debit Card,1,2705.04,0.0,2705.04,2705.04,0,410.15,2024,2,February,Thursday,2705.04,2705.04
2024-02-08,ORD025061,CUST02880,P019,Vacuum Cleaner,Home,Kolkata,Store,Net Banking,1,9371.29,0.15,9371.29,7965.6,0,1411.63,2024,2,February,Thursday,9371.29,7965.596500000001
2024-02-08,ORD023727,CUST00053,P012,Air Fryer,Home,Chennai,Online,Net Banking,1,7098.89,0.0,7098.89,7098.89,0,1150.97,2024,2,February,Thursday,7098.89,7098.89
2024-02-08,ORD026829,CUST00485,P015,Dining Table,Furniture,Jaipur,Online,Cash,1,20828.62,0.1,20828.62,18745.76,0,4037.45,2024,2,February,Thursday,20828.62,18745.757999999998
2024-02-08,ORD045775,CUST02065,P012,Air Fryer,Home,Surat,Online,Credit Card,1,7104.71,0.15,7104.71,6039.0,0,1419.21,2024,2,February,Thursday,7104.71,6039.0035
2024-02-08,ORD028171,CUST02490,P003,Headphones,Electronics,Pune,Online,Credit Card,2,4691.94,0.0,9383.88,9383.88,0,1153.79,2024,2,February,Thursday,9383.88,9383.88
2024-02-08,ORD018957,CUST01197,P008,Running Shoes,Fashion,Chennai,Online,Credit Card,1,4006.9,0.2,4006.9,3205.52,0,768.85,2024,2,February,Thursday,4006.9,3205.5200000000004
2024-02-08,ORD034322,CUST02226,P007,Backpack,Accessories,Jaipur,Store,Cash,1,2158.77,0.0,2158.77,2158.77,1,-107.94,2024,2,February,Thursday,2158.77,2158.77
2024-02-08,ORD034480,CUST03928,P020,Microwave,Home,Delhi,Online,UPI,1,11246.76,0.05,11246.76,10684.42,0,1759.68,2024,2,February,Thursday,11246.76,10684.422
2024-02-08,ORD023522,CUST00072,P002,Smartphone,Electronics,Hyderabad,Online,Credit Card,2,28971.71,0.1,57943.42,52149.08,0,3874.2,2024,2,February,Thursday,57943.42,52149.078
2024-02-08,ORD000042,CUST02157,P003,Headphones,Electronics,Delhi,Online,UPI,2,4241.46,0.1,8482.92,7634.63,1,-381.73,2024,2,February,Thursday,8482.92,7634.628000000001
2024-02-08,ORD010230,CUST01011,P007,Backpack,Accessories,Jaipur,Online,Debit Card,1,2373.37,0.25,2373.37,1780.03,0,78.49,2024,2,February,Thursday,2373.37,1780.0275
2024-02-08,ORD019607,CUST00900,P015,Dining Table,Furniture,Pune,Online,UPI,3,20063.19,0.05,60189.57,57180.09,0,13407.83,2024,2,February,Thursday,60189.56999999999,57180.091499999995
2024-02-08,ORD032847,CUST04070,P004,Smartwatch,Electronics,Chennai,Store,Debit Card,1,7398.29,0.05,7398.29,7028.38,0,1151.12,2024,2,February,Thursday,7398.29,7028.375499999999
2024-02-08,ORD000425,CUST03716,P016,Sofa,Furniture,Hyderabad,Online,Credit Card,1,34100.83,0.2,34100.83,27280.66,0,4234.12,2024,2,February,Thursday,34100.83,27280.664000000004
2024-02-08,ORD017839,CUST02989,P004,Smartwatch,Electronics,Mumbai,Online,UPI,2,6978.09,0.05,13956.18,13258.37,0,3193.07,2024,2,February,Thursday,13956.18,13258.371
2024-02-08,ORD021270,CUST02019,P019,Vacuum Cleaner,Home,Chennai,Store,Credit Card,1,8554.08,0.0,8554.08,8554.08,0,1698.93,2024,2,February,Thursday,8554.08,8554.08
2024-02-08,ORD006612,CUST00660,P001,Laptop,Electronics,Pune,Online,Debit Card,3,69874.23,0.15,209622.69,178179.29,0,34487.22,2024,2,February,Thursday,209622.69,178179.2865
2024-02-08,ORD032007,CUST04972,P011,Mixer Grinder,Home,Chennai,Online,Cash,5,5157.24,0.05,25786.2,24496.89,0,2769.67,2024,2,February,Thursday,25786.199999999997,24496.89
2024-02-08,ORD004355,CUST00473,P015,Dining Table,Furniture,Delhi,Online,Credit Card,1,21993.76,0.15,21993.76,18694.7,0,3011.57,2024,2,February,Thursday,21993.76,18694.696
2024-02-08,ORD012082,CUST00488,P019,Vacuum Cleaner,Home,Jaipur,Store,UPI,2,9420.07,0.0,18840.14,18840.14,0,3052.38,2024,2,February,Thursday,18840.14,18840.14
2024-02-08,ORD038548,CUST03211,P005,Office Chair,Furniture,Hyderabad,Store,UPI,1,8678.48,0.15,8678.48,7376.71,0,817.77,2024,2,February,Thursday,8678.48,7376.708
2024-02-08,ORD013299,CUST04829,P010,Coffee Maker,Home,Kolkata,Online,Credit Card,1,5705.55,0.1,5705.55,5135.0,0,1262.66,2024,2,February,Thursday,5705.55,5134.995
2024-02-08,ORD043269,CUST04576,P015,Dining Table,Furniture,Delhi,Store,UPI,1,23405.59,0.0,23405.59,23405.59,0,5583.94,2024,2,February,Thursday,23405.59,23405.59
2024-02-08,ORD047669,CUST02016,P012,Air Fryer,Home,Ahmedabad,Online,UPI,5,7435.15,0.05,37175.75,35316.96,0,8998.86,2024,2,February,Thursday,37175.75,35316.9625
2024-02-08,ORD040554,CUST03761,P004,Smartwatch,Electronics,Jaipur,Online,Cash,1,7346.94,0.05,7346.94,6979.59,0,1447.75,2024,2,February,Thursday,7346.94,6979.592999999999
2024-02-08,ORD039007,CUST04037,P017,Jeans,Fashion,Jaipur,Store,Credit Card,2,3056.91,0.25,6113.82,4585.36,0,486.67,2024,2,February,Thursday,6113.82,4585.365
2024-02-08,ORD032144,CUST02902,P018,Jacket,Fashion,Hyderabad,Online,UPI,1,4764.09,0.15,4764.09,4049.48,0,790.99,2024,2,February,Thursday,4764.09,4049.4765
2024-02-08,ORD006740,CUST04584,P003,Headphones,Electronics,Jaipur,Online,Cash,1,4482.44,0.1,4482.44,4034.2,0,524.9,2024,2,February,Thursday,4482.44,4034.196
2024-02-08,ORD037112,CUST01766,P009,T-Shirt,Fashion,Mumbai,Online,UPI,1,1099.61,0.15,1099.61,934.67,1,-46.73,2024,2,February,Thursday,1099.61,934.6684999999999
2024-02-08,ORD022210,CUST03903,P011,Mixer Grinder,Home,Surat,Online,UPI,5,4608.46,0.2,23042.3,18433.84,0,2898.59,2024,2,February,Thursday,23042.3,18433.84
2024-02-08,ORD037451,CUST01188,P002,Smartphone,Electronics,Chennai,Online,Cash,4,30620.31,0.05,122481.24,116357.18,0,29068.0,2024,2,February,Thursday,122481.24,116357.178
2024-02-08,ORD019266,CUST03673,P004,Smartwatch,Electronics,Surat,Online,Debit Card,1,6348.75,0.05,6348.75,6031.31,0,1092.89,2024,2,February,Thursday,6348.75,6031.3125
2024-02-08,ORD018712,CUST01068,P005,Office Chair,Furniture,Surat,Online,Debit Card,1,9567.07,0.15,9567.07,8132.01,0,1060.64,2024,2,February,Thursday,9567.07,8132.009499999999
2024-02-08,ORD020190,CUST03668,P020,Microwave,Home,Delhi,Store,Credit Card,2,12013.36,0.1,24026.72,21624.05,0,1894.85,2024,2,February,Thursday,24026.72,21624.048000000003
2024-02-08,ORD000105,CUST00814,P003,Headphones,Electronics,Pune,Online,UPI,3,4837.23,0.0,14511.69,14511.69,0,4158.98,2024,2,February,Thursday,14511.689999999999,14511.69
2024-02-08,ORD040091,CUST02249,P008,Running Shoes,Fashion,Mumbai,Store,Credit Card,1,4384.63,0.1,4384.63,3946.17,0,391.81,2024,2,February,Thursday,4384.63,3946.1670000000004
2024-02-08,ORD043214,CUST01903,P020,Microwave,Home,Jaipur,Online,UPI,1,11452.03,0.1,11452.03,10306.83,0,2799.21,2024,2,February,Thursday,11452.03,10306.827000000001
2024-02-08,ORD034532,CUST02606,P015,Dining Table,Furniture,Hyderabad,Store,UPI,4,19862.09,0.1,79448.36,71503.52,0,19297.38,2024,2,February,Thursday,79448.36,71503.524
2024-02-08,ORD027571,CUST00494,P010,Coffee Maker,Home,Hyderabad,Store,Debit Card,1,4962.45,0.15,4962.45,4218.08,0,553.7,2024,2,February,Thursday,4962.45,4218.0824999999995
2024-02-08,ORD035513,CUST00243,P014,Keyboard,Electronics,Pune,Online,UPI,2,2678.87,0.05,5357.74,5089.85,0,749.64,2024,2,February,Thursday,5357.74,5089.852999999999
2024-02-08,ORD047417,CUST02483,P016,Sofa,Furniture,Delhi,Store,Cash,1,37307.4,0.05,37307.4,35442.03,0,8750.91,2024,2,February,Thursday,37307.4,35442.03
2024-02-08,ORD019308,CUST00495,P007,Backpack,Accessories,Ahmedabad,Store,UPI,1,2028.23,0.1,2028.23,1825.41,1,-91.27,2024,2,February,Thursday,2028.23,1825.4070000000002
2024-02-08,ORD007965,CUST00562,P017,Jeans,Fashion,Pune,Store,Debit Card,3,2535.76,0.15,7607.28,6466.19,0,519.3,2024,2,February,Thursday,7607.280000000001,6466.187999999999
2024-02-08,ORD044783,CUST02750,P009,T-Shirt,Fashion,Delhi,Store,UPI,1,1299.84,0.15,1299.84,1104.86,0,180.39,2024,2,February,Thursday,1299.84,1104.8639999999998
2024-02-08,ORD032267,CUST02105,P005,Office Chair,Furniture,Pune,Online,UPI,2,8848.19,0.05,17696.38,16811.56,0,4851.88,2024,2,February,Thursday,17696.38,16811.561
2024-02-09,ORD021426,CUST01963,P019,Vacuum Cleaner,Home,Jaipur,Store,Cash,1,9345.92,0.2,9345.92,7476.74,0,1870.98,2024,2,February,Friday,9345.92,7476.736000000001
2024-02-09,ORD025820,CUST00788,P011,Mixer Grinder,Home,Jaipur,Store,Cash,2,4844.37,0.05,9688.74,9204.3,0,1470.5,2024,2,February,Friday,9688.74,9204.303
2024-02-09,ORD019596,CUST04104,P007,Backpack,Accessories,Mumbai,Store,UPI,1,2140.05,0.1,2140.05,1926.05,0,295.79,2024,2,February,Friday,2140.05,1926.0450000000003
2024-02-09,ORD047750,CUST02124,P018,Jacket,Fashion,Pune,Online,Debit Card,1,5058.54,0.05,5058.54,4805.61,0,439.25,2024,2,February,Friday,5058.54,4805.612999999999
2024-02-09,ORD010466,CUST03391,P009,T-Shirt,Fashion,Pune,Store,UPI,3,1088.52,0.1,3265.56,2939.0,0,299.72,2024,2,February,Friday,3265.56,2939.004
2024-02-09,ORD040742,CUST03882,P018,Jacket,Fashion,Delhi,Online,Net Banking,1,4935.38,0.05,4935.38,4688.61,0,763.29,2024,2,February,Friday,4935.38,4688.611
2024-02-09,ORD013062,CUST04796,P006,Desk,Furniture,Mumbai,Store,Cash,1,12628.42,0.0,12628.42,12628.42,0,3735.77,2024,2,February,Friday,12628.42,12628.42
2024-02-09,ORD045428,CUST01841,P002,Smartphone,Electronics,Ahmedabad,Online,Credit Card,1,29655.25,0.2,29655.25,23724.2,0,4265.4,2024,2,February,Friday,29655.25,23724.2
2024-02-09,ORD016163,CUST00242,P014,Keyboard,Electronics,Ahmedabad,Store,Credit Card,4,2516.58,0.2,10066.32,8053.06,0,961.92,2024,2,February,Friday,10066.32,8053.0560000000005
2024-02-09,ORD010788,CUST03377,P019,Vacuum Cleaner,Home,Kolkata,Online,Credit Card,3,9475.97,0.2,28427.91,22742.33,0,5267.7,2024,2,February,Friday,28427.909999999996,22742.328
2024-02-09,ORD039401,CUST03435,P004,Smartwatch,Electronics,Ahmedabad,Online,Net Banking,1,7003.34,0.1,7003.34,6303.01,0,685.53,2024,2,February,Friday,7003.34,6303.006
2024-02-09,ORD006472,CUST03153,P019,Vacuum Cleaner,Home,Chennai,Online,UPI,1,8814.77,0.1,8814.77,7933.29,0,656.09,2024,2,February,Friday,8814.77,7933.293000000001
2024-02-09,ORD022176,CUST01505,P009,T-Shirt,Fashion,Hyderabad,Store,Debit Card,2,1232.68,0.15,2465.36,2095.56,0,287.39,2024,2,February,Friday,2465.36,2095.556
2024-02-09,ORD003934,CUST00260,P003,Headphones,Electronics,Delhi,Online,Credit Card,1,4830.66,0.05,4830.66,4589.13,0,1303.12,2024,2,February,Friday,4830.66,4589.1269999999995
2024-02-09,ORD005452,CUST02983,P002,Smartphone,Electronics,Pune,Online,Credit Card,2,27062.46,0.1,54124.92,48712.43,0,11721.0,2024,2,February,Friday,54124.92,48712.428
2024-02-09,ORD001781,CUST04088,P008,Running Shoes,Fashion,Delhi,Store,Debit Card,1,3849.11,0.1,3849.11,3464.2,0,870.28,2024,2,February,Friday,3849.11,3464.199
2024-02-09,ORD044144,CUST03903,P020,Microwave,Home,Delhi,Online,UPI,1,10009.12,0.15,10009.12,8507.75,0,604.23,2024,2,February,Friday,10009.12,8507.752
2024-02-09,ORD022010,CUST01967,P005,Office Chair,Furniture,Chennai,Online,Credit Card,1,9286.74,0.0,9286.74,9286.74,0,800.24,2024,2,February,Friday,9286.74,9286.74
2024-02-09,ORD009599,CUST04988,P013,Monitor,Electronics,Kolkata,Store,Credit Card,2,17564.05,0.1,35128.1,31615.29,0,2869.15,2024,2,February,Friday,35128.1,31615.29
2024-02-09,ORD003298,CUST00579,P004,Smartwatch,Electronics,Ahmedabad,Online,Credit Card,1,6516.88,0.15,6516.88,5539.35,0,1211.22,2024,2,February,Friday,6516.88,5539.348
2024-02-09,ORD008629,CUST04428,P013,Monitor,Electronics,Chennai,Online,Net Banking,4,16457.26,0.1,65829.04,59246.14,0,15643.44,2024,2,February,Friday,65829.04,59246.136
2024-02-09,ORD036957,CUST02996,P002,Smartphone,Electronics,Pune,Online,Credit Card,1,28308.28,0.0,28308.28,28308.28,0,5019.42,2024,2,February,Friday,28308.28,28308.28
2024-02-09,ORD022004,CUST04547,P001,Laptop,Electronics,Hyderabad,Store,Net Banking,1,60344.43,0.05,60344.43,57327.21,0,7790.36,2024,2,February,Friday,60344.43,57327.2085
2024-02-09,ORD016131,CUST01159,P017,Jeans,Fashion,Chennai,Store,UPI,1,3078.62,0.1,3078.62,2770.76,0,460.27,2024,2,February,Friday,3078.62,2770.758
2024-02-09,ORD043090,CUST03223,P003,Headphones,Electronics,Bengaluru,Online,Debit Card,1,4298.71,0.0,4298.71,4298.71,0,1264.64,2024,2,February,Friday,4298.71,4298.71
2024-02-09,ORD034994,CUST00308,P020,Microwave,Home,Hyderabad,Store,UPI,1,10203.09,0.05,10203.09,9692.94,0,2228.97,2024,2,February,Friday,10203.09,9692.9355
2024-02-09,ORD007437,CUST02387,P018,Jacket,Fashion,Bengaluru,Store,Debit Card,1,4923.4,0.25,4923.4,3692.55,0,676.89,2024,2,February,Friday,4923.4,3692.5499999999997
2024-02-09,ORD030044,CUST02287,P016,Sofa,Furniture,Chennai,Store,UPI,3,34508.47,0.0,103525.41,103525.41,0,26760.06,2024,2,February,Friday,103525.41,103525.41
2024-02-09,ORD014858,CUST03743,P012,Air Fryer,Home,Mumbai,Store,Cash,1,7856.22,0.2,7856.22,6284.98,0,1104.09,2024,2,February,Friday,7856.22,6284.976000000001
2024-02-09,ORD030085,CUST04662,P015,Dining Table,Furniture,Kolkata,Online,Cash,1,20181.4,0.1,20181.4,18163.26,0,2186.27,2024,2,February,Friday,20181.4,18163.260000000002
2024-02-09,ORD034632,CUST03956,P008,Running Shoes,Fashion,Hyderabad,Store,UPI,2,4033.85,0.15,8067.7,6857.54,0,1842.79,2024,2,February,Friday,8067.7,6857.545
2024-02-09,ORD045744,CUST01056,P004,Smartwatch,Electronics,Surat,Online,Net Banking,2,7213.05,0.1,14426.1,12983.49,0,2454.28,2024,2,February,Friday,14426.1,12983.49
2024-02-09,ORD021185,CUST00939,P020,Microwave,Home,Pune,Online,UPI,1,11579.95,0.2,11579.95,9263.96,0,1184.2,2024,2,February,Friday,11579.95,9263.960000000001
2024-02-09,ORD035344,CUST02703,P014,Keyboard,Electronics,Surat,Online,Cash,2,2317.96,0.0,4635.92,4635.92,0,565.19,2024,2,February,Friday,4635.92,4635.92
2024-02-09,ORD003995,CUST04198,P009,T-Shirt,Fashion,Ahmedabad,Online,Net Banking,1,1087.12,0.1,1087.12,978.41,0,249.74,2024,2,February,Friday,1087.12,978.4079999999999
2024-02-09,ORD002287,CUST00914,P009,T-Shirt,Fashion,Jaipur,Online,UPI,1,1135.68,0.05,1135.68,1078.9,0,128.93,2024,2,February,Friday,1135.68,1078.896
2024-02-09,ORD041622,CUST01706,P018,Jacket,Fashion,Surat,Store,Credit Card,2,4697.96,0.05,9395.92,8926.12,0,1679.32,2024,2,February,Friday,9395.92,8926.124
2024-02-09,ORD043159,CUST02877,P017,Jeans,Fashion,Bengaluru,Online,Credit Card,5,2621.23,0.15,13106.15,11140.23,1,-557.01,2024,2,February,Friday,13106.15,11140.227499999999
2024-02-09,ORD012845,CUST01237,P011,Mixer Grinder,Home,Jaipur,Store,Credit Card,5,4660.28,0.0,23301.4,23301.4,1,-1165.07,2024,2,February,Friday,23301.399999999998,23301.4
2024-02-09,ORD010541,CUST04939,P004,Smartwatch,Electronics,Bengaluru,Store,Credit Card,1,6310.33,0.15,6310.33,5363.78,0,1295.29,2024,2,February,Friday,6310.33,5363.7805
2024-02-09,ORD023861,CUST00314,P014,Keyboard,Electronics,Pune,Online,Debit Card,4,2590.87,0.0,10363.48,10363.48,0,1044.29,2024,2,February,Friday,10363.48,10363.48
2024-02-09,ORD029294,CUST04277,P004,Smartwatch,Electronics,Delhi,Store,Debit Card,1,7202.6,0.2,7202.6,5762.08,0,1187.8,2024,2,February,Friday,7202.6,5762.080000000001
2024-02-09,ORD049294,CUST03326,P005,Office Chair,Furniture,Jaipur,Online,UPI,1,8881.45,0.05,8881.45,8437.38,0,2335.93,2024,2,February,Friday,8881.45,8437.3775
2024-02-09,ORD032276,CUST03622,P005,Office Chair,Furniture,Surat,Online,UPI,2,10195.71,0.1,20391.42,18352.28,0,3169.02,2024,2,February,Friday,20391.42,18352.278
2024-02-09,ORD032793,CUST00477,P007,Backpack,Accessories,Chennai,Online,UPI,1,2105.36,0.15,2105.36,1789.56,0,358.98,2024,2,February,Friday,2105.36,1789.556
2024-02-09,ORD024591,CUST02486,P010,Coffee Maker,Home,Ahmedabad,Online,Debit Card,5,5390.43,0.1,26952.15,24256.94,0,5691.25,2024,2,February,Friday,26952.15,24256.935
2024-02-09,ORD038497,CUST01544,P007,Backpack,Accessories,Jaipur,Store,Credit Card,1,2023.54,0.2,2023.54,1618.83,0,300.96,2024,2,February,Friday,2023.54,1618.832
2024-02-09,ORD012675,CUST00139,P009,T-Shirt,Fashion,Mumbai,Store,UPI,2,1319.51,0.0,2639.02,2639.02,0,593.23,2024,2,February,Friday,2639.02,2639.02
2024-02-09,ORD048883,CUST03468,P019,Vacuum Cleaner,Home,Kolkata,Online,UPI,2,9203.22,0.15,18406.44,15645.47,0,2323.99,2024,2,February,Friday,18406.44,15645.473999999998
2024-02-09,ORD024035,CUST03040,P001,Laptop,Electronics,Bengaluru,Online,Credit Card,5,58654.14,0.1,293270.7,263943.63,0,43383.28,2024,2,February,Friday,293270.7,263943.63
2024-02-09,ORD021768,CUST00078,P018,Jacket,Fashion,Mumbai,Online,Credit Card,1,5125.91,0.2,5125.91,4100.73,0,377.71,2024,2,February,Friday,5125.91,4100.728
2024-02-09,ORD029401,CUST03506,P011,Mixer Grinder,Home,Hyderabad,Online,Cash,5,4544.8,0.1,22724.0,20451.6,0,2165.8,2024,2,February,Friday,22724.0,20451.600000000002
2024-02-09,ORD030539,CUST01550,P014,Keyboard,Electronics,Hyderabad,Online,Credit Card,1,2553.59,0.2,2553.59,2042.87,0,339.03,2024,2,February,Friday,2553.59,2042.8720000000003
2024-02-09,ORD048335,CUST03386,P004,Smartwatch,Electronics,Kolkata,Online,Credit Card,1,7558.08,0.1,7558.08,6802.27,0,1854.95,2024,2,February,Friday,7558.08,6802.272
2024-02-09,ORD008573,CUST04955,P011,Mixer Grinder,Home,Mumbai,Online,UPI,1,4679.76,0.25,4679.76,3509.82,0,595.71,2024,2,February,Friday,4679.76,3509.82
2024-02-09,ORD039238,CUST03977,P020,Microwave,Home,Bengaluru,Online,UPI,1,10925.1,0.0,10925.1,10925.1,0,915.49,2024,2,February,Friday,10925.1,10925.1
2024-02-09,ORD004098,CUST03111,P008,Running Shoes,Fashion,Kolkata,Online,Credit Card,1,4308.32,0.2,4308.32,3446.66,0,602.27,2024,2,February,Friday,4308.32,3446.656
2024-02-09,ORD025149,CUST03753,P011,Mixer Grinder,Home,Hyderabad,Online,UPI,1,4684.63,0.15,4684.63,3981.94,0,790.68,2024,2,February,Friday,4684.63,3981.9355
2024-02-09,ORD039739,CUST03723,P018,Jacket,Fashion,Jaipur,Store,Cash,1,5577.85,0.2,5577.85,4462.28,0,593.51,2024,2,February,Friday,5577.85,4462.280000000001
2024-02-09,ORD015066,CUST03194,P018,Jacket,Fashion,Bengaluru,Store,Credit Card,1,4901.42,0.15,4901.42,4166.21,0,717.62,2024,2,February,Friday,4901.42,4166.207
2024-02-09,ORD045387,CUST03957,P011,Mixer Grinder,Home,Kolkata,Online,UPI,1,4838.51,0.1,4838.51,4354.66,0,675.11,2024,2,February,Friday,4838.51,4354.659000000001
2024-02-09,ORD013801,CUST03655,P015,Dining Table,Furniture,Kolkata,Store,Cash,1,23248.97,0.15,23248.97,19761.62,0,1689.02,2024,2,February,Friday,23248.97,19761.6245
2024-02-09,ORD009489,CUST03355,P012,Air Fryer,Home,Ahmedabad,Online,UPI,1,6769.65,0.0,6769.65,6769.65,0,1324.9,2024,2,February,Friday,6769.65,6769.65
2024-02-09,ORD047721,CUST04834,P012,Air Fryer,Home,Delhi,Online,Credit Card,2,7755.73,0.1,15511.46,13960.31,0,3106.07,2024,2,February,Friday,15511.46,13960.314
2024-02-09,ORD023722,CUST03778,P016,Sofa,Furniture,Mumbai,Store,Credit Card,1,37840.23,0.2,37840.23,30272.18,0,1703.11,2024,2,February,Friday,37840.23,30272.184000000005
2024-02-09,ORD001341,CUST03404,P010,Coffee Maker,Home,Kolkata,Online,UPI,3,5449.33,0.1,16347.99,14713.19,0,2492.33,2024,2,February,Friday,16347.99,14713.191
2024-02-09,ORD048237,CUST00503,P008,Running Shoes,Fashion,Delhi,Online,Credit Card,1,4482.28,0.1,4482.28,4034.05,0,559.56,2024,2,February,Friday,4482.28,4034.0519999999997
2024-02-09,ORD037218,CUST00620,P013,Monitor,Electronics,Bengaluru,Store,UPI,4,16729.2,0.05,66916.8,63570.96,0,9606.06,2024,2,February,Friday,66916.8,63570.96
2024-02-09,ORD022602,CUST01614,P016,Sofa,Furniture,Hyderabad,Online,Credit Card,1,35080.81,0.1,35080.81,31572.73,0,3115.61,2024,2,February,Friday,35080.81,31572.729
2024-02-09,ORD009875,CUST01490,P019,Vacuum Cleaner,Home,Chennai,Online,Credit Card,2,8983.39,0.0,17966.78,17966.78,1,-898.34,2024,2,February,Friday,17966.78,17966.78
2024-02-09,ORD019565,CUST03445,P016,Sofa,Furniture,Kolkata,Online,Credit Card,1,31792.69,0.2,31792.69,25434.15,0,1689.33,2024,2,February,Friday,31792.69,25434.152000000002
2024-02-09,ORD018544,CUST00926,P008,Running Shoes,Fashion,Kolkata,Online,Debit Card,1,4245.62,0.1,4245.62,3821.06,0,903.1,2024,2,February,Friday,4245.62,3821.058
2024-02-10,ORD013674,CUST04463,P017,Jeans,Fashion,Mumbai,Online,Debit Card,3,3023.63,0.05,9070.89,8617.35,1,-430.87,2024,2,February,Saturday,9070.89,8617.3455
2024-02-10,ORD018322,CUST02910,P018,Jacket,Fashion,Ahmedabad,Online,Credit Card,1,4763.38,0.05,4763.38,4525.21,0,1228.88,2024,2,February,Saturday,4763.38,4525.211
2024-02-10,ORD023050,CUST01059,P016,Sofa,Furniture,Delhi,Store,UPI,3,37028.06,0.0,111084.18,111084.18,0,13472.69,2024,2,February,Saturday,111084.18,111084.18
2024-02-10,ORD027505,CUST01351,P013,Monitor,Electronics,Mumbai,Store,Cash,1,18089.99,0.1,18089.99,16280.99,0,2530.54,2024,2,February,Saturday,18089.99,16280.991000000002
2024-02-10,ORD046856,CUST04980,P009,T-Shirt,Fashion,Ahmedabad,Online,UPI,1,1267.17,0.1,1267.17,1140.45,0,89.78,2024,2,February,Saturday,1267.17,1140.4530000000002
2024-02-10,ORD009619,CUST02462,P017,Jeans,Fashion,Surat,Store,UPI,4,2545.87,0.1,10183.48,9165.13,0,2097.76,2024,2,February,Saturday,10183.48,9165.132
2024-02-10,ORD046866,CUST00861,P015,Dining Table,Furniture,Mumbai,Store,Credit Card,1,23427.89,0.1,23427.89,21085.1,0,5591.08,2024,2,February,Saturday,23427.89,21085.101
2024-02-10,ORD027675,CUST03648,P019,Vacuum Cleaner,Home,Jaipur,Online,UPI,1,9029.61,0.15,9029.61,7675.17,0,1782.93,2024,2,February,Saturday,9029.61,7675.168500000001
2024-02-10,ORD018383,CUST01932,P004,Smartwatch,Electronics,Bengaluru,Store,Credit Card,3,6798.41,0.1,20395.23,18355.71,0,4923.54,2024,2,February,Saturday,20395.23,18355.707
2024-02-10,ORD046821,CUST03791,P003,Headphones,Electronics,Jaipur,Store,Credit Card,3,4460.48,0.05,13381.44,12712.37,0,2149.34,2024,2,February,Saturday,13381.439999999999,12712.368
2024-02-10,ORD042724,CUST02772,P010,Coffee Maker,Home,Chennai,Online,UPI,1,5571.49,0.15,5571.49,4735.77,0,815.12,2024,2,February,Saturday,5571.49,4735.7665
2024-02-10,ORD042597,CUST02713,P003,Headphones,Electronics,Chennai,Store,Debit Card,3,4803.35,0.2,14410.05,11528.04,0,2601.6,2024,2,February,Saturday,14410.050000000001,11528.04
2024-02-10,ORD048550,CUST00629,P002,Smartphone,Electronics,Surat,Online,UPI,1,30087.37,0.1,30087.37,27078.63,0,3327.11,2024,2,February,Saturday,30087.37,27078.632999999998
2024-02-10,ORD025069,CUST02771,P007,Backpack,Accessories,Bengaluru,Online,UPI,1,2386.96,0.05,2386.96,2267.61,0,545.92,2024,2,February,Saturday,2386.96,2267.612
2024-02-10,ORD042849,CUST04317,P016,Sofa,Furniture,Ahmedabad,Online,UPI,1,37551.17,0.1,37551.17,33796.05,0,3343.62,2024,2,February,Saturday,37551.17,33796.053
2024-02-10,ORD009458,CUST01288,P001,Laptop,Electronics,Mumbai,Store,UPI,3,63362.48,0.15,190087.44,161574.32,0,10844.1,2024,2,February,Saturday,190087.44,161574.324
2024-02-10,ORD030830,CUST04655,P004,Smartwatch,Electronics,Bengaluru,Online,Debit Card,2,6637.99,0.15,13275.98,11284.58,0,764.76,2024,2,February,Saturday,13275.98,11284.582999999999
2024-02-10,ORD036295,CUST04572,P004,Smartwatch,Electronics,Pune,Online,UPI,3,6554.09,0.25,19662.27,14746.7,0,613.49,2024,2,February,Saturday,19662.27,14746.7025
2024-02-10,ORD018122,CUST01026,P008,Running Shoes,Fashion,Mumbai,Online,Credit Card,2,3956.35,0.05,7912.7,7517.06,0,1901.84,2024,2,February,Saturday,7912.7,7517.065
2024-02-10,ORD017784,CUST03128,P012,Air Fryer,Home,Kolkata,Online,Credit Card,1,6565.04,0.1,6565.04,5908.54,0,1562.63,2024,2,February,Saturday,6565.04,5908.536
2024-02-10,ORD018683,CUST01750,P006,Desk,Furniture,Ahmedabad,Online,Credit Card,4,12478.47,0.1,49913.88,44922.49,0,10287.38,2024,2,February,Saturday,49913.88,44922.492
2024-02-10,ORD049710,CUST03924,P019,Vacuum Cleaner,Home,Jaipur,Online,UPI,1,8607.38,0.05,8607.38,8177.01,0,1393.66,2024,2,February,Saturday,8607.38,8177.010999999999
2024-02-10,ORD025175,CUST03202,P012,Air Fryer,Home,Hyderabad,Online,UPI,1,7269.93,0.1,7269.93,6542.94,0,1003.58,2024,2,February,Saturday,7269.93,6542.937000000001
2024-02-10,ORD032889,CUST00684,P005,Office Chair,Furniture,Jaipur,Store,UPI,1,9445.21,0.25,9445.21,7083.91,0,407.63,2024,2,February,Saturday,9445.21,7083.907499999999
2024-02-10,ORD009937,CUST04661,P007,Backpack,Accessories,Ahmedabad,Online,UPI,2,2059.01,0.0,4118.02,4118.02,0,809.55,2024,2,February,Saturday,4118.02,4118.02
2024-02-10,ORD043677,CUST03376,P009,T-Shirt,Fashion,Hyderabad,Online,UPI,1,1170.94,0.0,1170.94,1170.94,0,95.94,2024,2,February,Saturday,1170.94,1170.94
2024-02-10,ORD028475,CUST04289,P009,T-Shirt,Fashion,Ahmedabad,Store,Cash,1,1230.48,0.1,1230.48,1107.43,1,-55.37,2024,2,February,Saturday,1230.48,1107.432
2024-02-10,ORD006481,CUST02049,P015,Dining Table,Furniture,Bengaluru,Online,Credit Card,2,23588.34,0.1,47176.68,42459.01,0,6272.09,2024,2,February,Saturday,47176.68,42459.012
2024-02-10,ORD030238,CUST01841,P014,Keyboard,Electronics,Pune,Store,UPI,1,2712.88,0.05,2712.88,2577.24,0,730.06,2024,2,February,Saturday,2712.88,2577.236
2024-02-10,ORD021796,CUST03382,P004,Smartwatch,Electronics,Hyderabad,Store,Net Banking,3,6654.23,0.1,19962.69,17966.42,0,1784.27,2024,2,February,Saturday,19962.69,17966.421
2024-02-10,ORD025483,CUST03468,P018,Jacket,Fashion,Pune,Online,Debit Card,1,5384.46,0.1,5384.46,4846.01,0,842.13,2024,2,February,Saturday,5384.46,4846.014
2024-02-10,ORD028433,CUST03232,P019,Vacuum Cleaner,Home,Chennai,Store,UPI,2,9514.32,0.05,19028.64,18077.21,0,2627.97,2024,2,February,Saturday,19028.64,18077.208
2024-02-10,ORD016302,CUST04797,P002,Smartphone,Electronics,Mumbai,Online,Debit Card,1,25444.35,0.05,25444.35,24172.13,0,1976.56,2024,2,February,Saturday,25444.35,24172.132499999996
2024-02-10,ORD006191,CUST01996,P002,Smartphone,Electronics,Kolkata,Store,Debit Card,2,25669.26,0.15,51338.52,43637.74,0,4301.84,2024,2,February,Saturday,51338.52,43637.742
2024-02-10,ORD026598,CUST01628,P006,Desk,Furniture,Ahmedabad,Store,Credit Card,1,11976.18,0.1,11976.18,10778.56,0,1317.74,2024,2,February,Saturday,11976.18,10778.562
2024-02-10,ORD027022,CUST02920,P019,Vacuum Cleaner,Home,Mumbai,Online,UPI,2,8127.3,0.1,16254.6,14629.14,0,3236.21,2024,2,February,Saturday,16254.6,14629.140000000001
2024-02-10,ORD043883,CUST04803,P004,Smartwatch,Electronics,Delhi,Store,UPI,1,6686.79,0.05,6686.79,6352.45,0,1831.67,2024,2,February,Saturday,6686.79,6352.4505
2024-02-10,ORD038240,CUST03855,P003,Headphones,Electronics,Delhi,Store,Credit Card,1,4931.06,0.05,4931.06,4684.51,0,1316.64,2024,2,February,Saturday,4931.06,4684.5070000000005
2024-02-10,ORD045008,CUST01012,P016,Sofa,Furniture,Chennai,Store,Credit Card,1,35599.05,0.05,35599.05,33819.1,0,3951.55,2024,2,February,Saturday,35599.05,33819.0975
2024-02-10,ORD020250,CUST02949,P020,Microwave,Home,Surat,Store,UPI,2,10556.81,0.05,21113.62,20057.94,0,4046.1,2024,2,February,Saturday,21113.62,20057.939
2024-02-10,ORD010193,CUST04459,P018,Jacket,Fashion,Chennai,Online,Debit Card,1,4699.1,0.1,4699.1,4229.19,0,613.19,2024,2,February,Saturday,4699.1,4229.1900000000005
2024-02-10,ORD020124,CUST00166,P001,Laptop,Electronics,Hyderabad,Online,Credit Card,1,60300.81,0.15,60300.81,51255.69,0,8599.98,2024,2,February,Saturday,60300.81,51255.6885
2024-02-10,ORD030107,CUST03853,P020,Microwave,Home,Kolkata,Store,UPI,2,11532.15,0.15,23064.3,19604.66,0,3990.47,2024,2,February,Saturday,23064.3,19604.655
2024-02-10,ORD002331,CUST02765,P011,Mixer Grinder,Home,Ahmedabad,Store,Debit Card,1,4421.8,0.0,4421.8,4421.8,0,1160.92,2024,2,February,Saturday,4421.8,4421.8
2024-02-10,ORD004860,CUST00362,P001,Laptop,Electronics,Pune,Online,Net Banking,2,61130.89,0.1,122261.78,110035.6,0,14939.9,2024,2,February,Saturday,122261.78,110035.602
2024-02-10,ORD020070,CUST02784,P016,Sofa,Furniture,Pune,Online,UPI,1,36485.31,0.1,36485.31,32836.78,0,4499.75,2024,2,February,Saturday,36485.31,32836.779
2024-02-10,ORD036916,CUST04228,P017,Jeans,Fashion,Delhi,Online,UPI,1,2716.32,0.25,2716.32,2037.24,0,428.48,2024,2,February,Saturday,2716.32,2037.2400000000002
2024-02-10,ORD008820,CUST02324,P001,Laptop,Electronics,Bengaluru,Online,Credit Card,1,71220.41,0.0,71220.41,71220.41,0,8039.91,2024,2,February,Saturday,71220.41,71220.41
2024-02-10,ORD031839,CUST01841,P006,Desk,Furniture,Pune,Online,UPI,2,11906.98,0.25,23813.96,17860.47,0,1411.63,2024,2,February,Saturday,23813.96,17860.47
2024-02-10,ORD044403,CUST04459,P019,Vacuum Cleaner,Home,Surat,Online,Credit Card,1,8404.33,0.1,8404.33,7563.9,0,845.57,2024,2,February,Saturday,8404.33,7563.897
2024-02-10,ORD040290,CUST00116,P001,Laptop,Electronics,Chennai,Store,Cash,1,61515.21,0.1,61515.21,55363.69,0,9043.14,2024,2,February,Saturday,61515.21,55363.689
2024-02-10,ORD048187,CUST04471,P001,Laptop,Electronics,Hyderabad,Store,Debit Card,1,59680.86,0.05,59680.86,56696.82,0,10023.94,2024,2,February,Saturday,59680.86,56696.816999999995
2024-02-10,ORD007187,CUST00934,P007,Backpack,Accessories,Kolkata,Store,Debit Card,1,2395.93,0.05,2395.93,2276.13,0,391.1,2024,2,February,Saturday,2395.93,2276.1335
2024-02-10,ORD005178,CUST02903,P010,Coffee Maker,Home,Hyderabad,Online,UPI,1,5633.27,0.1,5633.27,5069.94,0,589.1,2024,2,February,Saturday,5633.27,5069.943
2024-02-10,ORD030168,CUST00027,P003,Headphones,Electronics,Jaipur,Store,UPI,2,4580.6,0.25,9161.2,6870.9,0,1643.58,2024,2,February,Saturday,9161.2,6870.900000000001
2024-02-10,ORD019281,CUST00393,P013,Monitor,Electronics,Delhi,Online,Net Banking,1,16254.06,0.1,16254.06,14628.65,0,3067.99,2024,2,February,Saturday,16254.06,14628.654
2024-02-10,ORD030005,CUST00626,P012,Air Fryer,Home,Mumbai,Store,Debit Card,1,7257.93,0.0,7257.93,7257.93,0,722.95,2024,2,February,Saturday,7257.93,7257.93
2024-02-10,ORD035855,CUST04101,P019,Vacuum Cleaner,Home,Mumbai,Online,UPI,1,9050.95,0.15,9050.95,7693.31,1,-384.67,2024,2,February,Saturday,9050.95,7693.307500000001
2024-02-10,ORD011668,CUST02789,P016,Sofa,Furniture,Bengaluru,Online,Debit Card,1,37360.76,0.0,37360.76,37360.76,0,9843.6,2024,2,February,Saturday,37360.76,37360.76
2024-02-10,ORD031488,CUST00120,P001,Laptop,Electronics,Pune,Store,UPI,1,65837.68,0.1,65837.68,59253.91,1,-2962.7,2024,2,February,Saturday,65837.68,59253.912
2024-02-10,ORD004471,CUST02431,P019,Vacuum Cleaner,Home,Jaipur,Store,Net Banking,4,8575.19,0.1,34300.76,30870.68,0,4011.33,2024,2,February,Saturday,34300.76,30870.684
2024-02-10,ORD015880,CUST02918,P014,Keyboard,Electronics,Mumbai,Store,UPI,1,2633.82,0.0,2633.82,2633.82,0,317.43,2024,2,February,Saturday,2633.82,2633.82
2024-02-10,ORD022031,CUST01858,P008,Running Shoes,Fashion,Kolkata,Online,Credit Card,1,4075.42,0.1,4075.42,3667.88,0,961.16,2024,2,February,Saturday,4075.42,3667.878
2024-02-10,ORD009352,CUST01990,P012,Air Fryer,Home,Bengaluru,Store,Credit Card,1,7809.36,0.1,7809.36,7028.42,0,1670.2,2024,2,February,Saturday,7809.36,7028.424
2024-02-10,ORD015830,CUST00365,P014,Keyboard,Electronics,Jaipur,Online,Debit Card,1,2462.51,0.1,2462.51,2216.26,0,462.95,2024,2,February,Saturday,2462.51,2216.2590000000005
2024-02-10,ORD020902,CUST03982,P020,Microwave,Home,Ahmedabad,Store,UPI,3,11948.96,0.25,35846.88,26885.16,0,5946.55,2024,2,February,Saturday,35846.88,26885.159999999996
2024-02-10,ORD028672,CUST02438,P008,Running Shoes,Fashion,Delhi,Store,Credit Card,1,4090.85,0.2,4090.85,3272.68,0,701.72,2024,2,February,Saturday,4090.85,3272.6800000000003
2024-02-10,ORD032720,CUST04026,P006,Desk,Furniture,Delhi,Store,Cash,1,12680.39,0.1,12680.39,11412.35,0,2415.17,2024,2,February,Saturday,12680.39,11412.351
2024-02-10,ORD013799,CUST03644,P002,Smartphone,Electronics,Hyderabad,Online,UPI,1,28995.96,0.1,28995.96,26096.36,0,6106.22,2024,2,February,Saturday,28995.96,26096.364
2024-02-10,ORD017304,CUST04964,P020,Microwave,Home,Mumbai,Online,Debit Card,1,10223.59,0.1,10223.59,9201.23,1,-460.06,2024,2,February,Saturday,10223.59,9201.231
2024-02-10,ORD008742,CUST04955,P011,Mixer Grinder,Home,Delhi,Store,Net Banking,3,4451.24,0.05,13353.72,12686.03,0,1567.36,2024,2,February,Saturday,13353.72,12686.034
2024-02-10,ORD013776,CUST00229,P004,Smartwatch,Electronics,Ahmedabad,Store,UPI,2,6865.68,0.0,13731.36,13731.36,0,4110.87,2024,2,February,Saturday,13731.36,13731.36
2024-02-10,ORD047897,CUST03826,P002,Smartphone,Electronics,Ahmedabad,Online,Credit Card,2,26312.01,0.1,52624.02,47361.62,0,8651.37,2024,2,February,Saturday,52624.02,47361.617999999995
2024-02-10,ORD035096,CUST03254,P013,Monitor,Electronics,Mumbai,Store,UPI,2,17825.99,0.1,35651.98,32086.78,0,4752.85,2024,2,February,Saturday,35651.98,32086.782000000003
2024-02-10,ORD039332,CUST02156,P003,Headphones,Electronics,Pune,Online,UPI,1,4740.02,0.05,4740.02,4503.02,0,389.72,2024,2,February,Saturday,4740.02,4503.019
2024-02-10,ORD049020,CUST03408,P009,T-Shirt,Fashion,Chennai,Online,Cash,2,1142.45,0.25,2284.9,1713.68,0,234.07,2024,2,February,Saturday,2284.9,1713.6750000000002
2024-02-10,ORD010338,CUST01079,P018,Jacket,Fashion,Ahmedabad,Online,Debit Card,1,5173.4,0.15,5173.4,4397.39,0,1085.83,2024,2,February,Saturday,5173.4,4397.389999999999
2024-02-10,ORD031400,CUST00098,P017,Jeans,Fashion,Delhi,Store,UPI,3,2774.88,0.0,8324.64,8324.64,0,2184.4,2024,2,February,Saturday,8324.64,8324.64
2024-02-10,ORD019227,CUST04554,P016,Sofa,Furniture,Hyderabad,Online,Credit Card,1,33627.32,0.25,33627.32,25220.49,0,3545.22,2024,2,February,Saturday,33627.32,25220.489999999998
2024-02-10,ORD019160,CUST02366,P020,Microwave,Home,Delhi,Online,UPI,1,12013.91,0.15,12013.91,10211.82,0,1713.39,2024,2,February,Saturday,12013.91,10211.8235
2024-02-11,ORD010757,CUST00182,P001,Laptop,Electronics,Hyderabad,Online,Credit Card,1,61271.65,0.05,61271.65,58208.07,0,14195.54,2024,2,February,Sunday,61271.65,58208.0675
2024-02-11,ORD029522,CUST03993,P014,Keyboard,Electronics,Mumbai,Store,UPI,2,2538.86,0.0,5077.72,5077.72,0,989.53,2024,2,February,Sunday,5077.72,5077.72
2024-02-11,ORD045368,CUST04244,P002,Smartphone,Electronics,Ahmedabad,Store,Credit Card,1,29587.3,0.05,29587.3,28107.94,0,3869.73,2024,2,February,Sunday,29587.3,28107.934999999998
2024-02-11,ORD029885,CUST00348,P017,Jeans,Fashion,Bengaluru,Store,Debit Card,1,2591.61,0.0,2591.61,2591.61,0,721.05,2024,2,February,Sunday,2591.61,2591.61
2024-02-11,ORD032182,CUST03683,P001,Laptop,Electronics,Bengaluru,Online,UPI,1,61281.3,0.2,61281.3,49025.04,0,3906.18,2024,2,February,Sunday,61281.3,49025.04000000001
2024-02-11,ORD038692,CUST02221,P011,Mixer Grinder,Home,Ahmedabad,Online,Credit Card,1,4531.51,0.05,4531.51,4304.93,0,1169.29,2024,2,February,Sunday,4531.51,4304.9345
2024-02-11,ORD000890,CUST00731,P014,Keyboard,Electronics,Jaipur,Online,Debit Card,1,2647.4,0.1,2647.4,2382.66,0,422.62,2024,2,February,Sunday,2647.4,2382.6600000000003
2024-02-11,ORD024293,CUST04388,P003,Headphones,Electronics,Jaipur,Store,UPI,1,4358.99,0.1,4358.99,3923.09,0,1012.57,2024,2,February,Sunday,4358.99,3923.091
2024-02-11,ORD045962,CUST02151,P004,Smartwatch,Electronics,Mumbai,Online,Credit Card,1,6881.16,0.1,6881.16,6193.04,0,1059.54,2024,2,February,Sunday,6881.16,6193.044
2024-02-11,ORD001061,CUST04298,P008,Running Shoes,Fashion,Surat,Store,UPI,1,4508.91,0.2,4508.91,3607.13,0,156.48,2024,2,February,Sunday,4508.91,3607.128
2024-02-11,ORD045983,CUST00323,P009,T-Shirt,Fashion,Surat,Store,Debit Card,1,1205.45,0.1,1205.45,1084.9,0,232.24,2024,2,February,Sunday,1205.45,1084.905
2024-02-11,ORD040297,CUST01541,P018,Jacket,Fashion,Chennai,Store,Debit Card,5,5012.78,0.25,25063.9,18797.92,0,999.11,2024,2,February,Sunday,25063.899999999998,18797.925000000003
2024-02-11,ORD031051,CUST03334,P007,Backpack,Accessories,Surat,Online,Credit Card,4,2047.41,0.05,8189.64,7780.16,0,587.27,2024,2,February,Sunday,8189.64,7780.158
2024-02-11,ORD022447,CUST01871,P016,Sofa,Furniture,Delhi,Store,UPI,1,31629.51,0.25,31629.51,23722.13,0,948.89,2024,2,February,Sunday,31629.51,23722.1325
2024-02-11,ORD048315,CUST01017,P006,Desk,Furniture,Kolkata,Online,Debit Card,2,11525.84,0.1,23051.68,20746.51,0,4176.34,2024,2,February,Sunday,23051.68,20746.512000000002
2024-02-11,ORD029966,CUST02064,P003,Headphones,Electronics,Bengaluru,Online,Debit Card,2,4111.67,0.15,8223.34,6989.84,0,1777.72,2024,2,February,Sunday,8223.34,6989.839
2024-02-11,ORD021030,CUST04329,P006,Desk,Furniture,Mumbai,Online,Debit Card,1,12866.91,0.0,12866.91,12866.91,1,-643.35,2024,2,February,Sunday,12866.91,12866.91
2024-02-11,ORD040190,CUST02008,P002,Smartphone,Electronics,Bengaluru,Online,UPI,5,28867.93,0.05,144339.65,137122.67,0,33780.84,2024,2,February,Sunday,144339.65,137122.66749999998
2024-02-11,ORD023822,CUST00420,P016,Sofa,Furniture,Ahmedabad,Online,UPI,1,32426.22,0.0,32426.22,32426.22,0,6329.27,2024,2,February,Sunday,32426.22,32426.22
2024-02-11,ORD029331,CUST03276,P019,Vacuum Cleaner,Home,Chennai,Store,Credit Card,5,8554.25,0.2,42771.25,34217.0,0,4204.26,2024,2,February,Sunday,42771.25,34217.0
2024-02-11,ORD035037,CUST00009,P001,Laptop,Electronics,Surat,Online,UPI,1,69915.29,0.1,69915.29,62923.76,0,7177.88,2024,2,February,Sunday,69915.29,62923.761
2024-02-11,ORD018542,CUST00867,P010,Coffee Maker,Home,Ahmedabad,Store,UPI,1,5148.42,0.05,5148.42,4891.0,0,856.94,2024,2,February,Sunday,5148.42,4890.999
2024-02-11,ORD022327,CUST00109,P019,Vacuum Cleaner,Home,Delhi,Online,UPI,2,9017.88,0.15,18035.76,15330.4,0,2675.66,2024,2,February,Sunday,18035.76,15330.395999999999
2024-02-11,ORD039662,CUST01777,P017,Jeans,Fashion,Hyderabad,Online,UPI,2,2990.11,0.2,5980.22,4784.18,0,353.45,2024,2,February,Sunday,5980.22,4784.176
2024-02-11,ORD016106,CUST00234,P019,Vacuum Cleaner,Home,Surat,Online,Credit Card,1,9442.39,0.1,9442.39,8498.15,0,1381.16,2024,2,February,Sunday,9442.39,8498.151
2024-02-11,ORD017798,CUST04385,P016,Sofa,Furniture,Delhi,Online,Credit Card,2,35805.05,0.05,71610.1,68029.6,0,11712.75,2024,2,February,Sunday,71610.1,68029.595
2024-02-11,ORD020671,CUST02809,P013,Monitor,Electronics,Delhi,Store,UPI,1,19573.91,0.25,19573.91,14680.43,0,830.94,2024,2,February,Sunday,19573.91,14680.432499999999
2024-02-11,ORD045718,CUST02215,P001,Laptop,Electronics,Jaipur,Online,Debit Card,1,66990.21,0.25,66990.21,50242.66,0,2295.09,2024,2,February,Sunday,66990.21,50242.6575
2024-02-11,ORD020519,CUST00228,P011,Mixer Grinder,Home,Pune,Store,UPI,3,5211.86,0.0,15635.58,15635.58,0,3848.52,2024,2,February,Sunday,15635.579999999998,15635.58
2024-02-11,ORD004354,CUST03996,P008,Running Shoes,Fashion,Delhi,Online,UPI,3,4045.89,0.1,12137.67,10923.9,0,1208.8,2024,2,February,Sunday,12137.67,10923.903
2024-02-11,ORD003352,CUST02199,P020,Microwave,Home,Pune,Store,Debit Card,1,11257.38,0.0,11257.38,11257.38,0,1955.22,2024,2,February,Sunday,11257.38,11257.38
2024-02-11,ORD047183,CUST04667,P019,Vacuum Cleaner,Home,Delhi,Online,UPI,3,8230.81,0.15,24692.43,20988.57,0,4421.28,2024,2,February,Sunday,24692.43,20988.5655
2024-02-11,ORD022267,CUST02118,P004,Smartwatch,Electronics,Chennai,Store,UPI,2,6950.12,0.05,13900.24,13205.23,0,2849.93,2024,2,February,Sunday,13900.24,13205.228
2024-02-11,ORD028779,CUST00599,P018,Jacket,Fashion,Kolkata,Online,Credit Card,2,5206.9,0.15,10413.8,8851.73,0,1520.68,2024,2,February,Sunday,10413.8,8851.73
2024-02-11,ORD036086,CUST03230,P014,Keyboard,Electronics,Mumbai,Online,Net Banking,1,2332.37,0.15,2332.37,1982.51,0,500.08,2024,2,February,Sunday,2332.37,1982.5144999999998
2024-02-11,ORD002057,CUST02024,P001,Laptop,Electronics,Ahmedabad,Store,UPI,4,63847.12,0.1,255388.48,229849.63,0,25361.27,2024,2,February,Sunday,255388.48,229849.632
2024-02-11,ORD006557,CUST04784,P007,Backpack,Accessories,Chennai,Online,Cash,3,2079.79,0.05,6239.37,5927.4,0,1577.42,2024,2,February,Sunday,6239.37,5927.4015
2024-02-11,ORD021402,CUST00825,P010,Coffee Maker,Home,Hyderabad,Online,Credit Card,1,5340.98,0.1,5340.98,4806.88,0,685.73,2024,2,February,Sunday,5340.98,4806.882
2024-02-11,ORD047176,CUST03807,P012,Air Fryer,Home,Surat,Online,Net Banking,1,7410.38,0.15,7410.38,6298.82,0,582.41,2024,2,February,Sunday,7410.38,6298.823
2024-02-11,ORD008032,CUST04885,P017,Jeans,Fashion,Bengaluru,Store,UPI,1,2644.32,0.15,2644.32,2247.67,0,222.39,2024,2,February,Sunday,2644.32,2247.672
2024-02-11,ORD016399,CUST02435,P008,Running Shoes,Fashion,Chennai,Online,UPI,2,4228.24,0.1,8456.48,7610.83,0,1054.53,2024,2,February,Sunday,8456.48,7610.831999999999
2024-02-11,ORD047866,CUST00865,P012,Air Fryer,Home,Chennai,Online,Net Banking,3,7400.51,0.05,22201.53,21091.45,0,3887.35,2024,2,February,Sunday,22201.53,21091.4535
2024-02-11,ORD004213,CUST00234,P011,Mixer Grinder,Home,Delhi,Store,UPI,2,4725.78,0.1,9451.56,8506.4,0,2131.62,2024,2,February,Sunday,9451.56,8506.404
2024-02-11,ORD024255,CUST03119,P005,Office Chair,Furniture,Chennai,Online,Cash,4,9156.75,0.1,36627.0,32964.3,1,-1648.22,2024,2,February,Sunday,36627.0,32964.3
2024-02-11,ORD033425,CUST04220,P010,Coffee Maker,Home,Mumbai,Store,Credit Card,1,5656.71,0.2,5656.71,4525.37,0,489.98,2024,2,February,Sunday,5656.71,4525.368
2024-02-11,ORD033047,CUST03047,P002,Smartphone,Electronics,Hyderabad,Store,Credit Card,1,27145.45,0.05,27145.45,25788.18,0,2711.72,2024,2,February,Sunday,27145.45,25788.177499999998
2024-02-11,ORD005973,CUST04498,P020,Microwave,Home,Jaipur,Store,Credit Card,2,11430.67,0.0,22861.34,22861.34,0,2734.95,2024,2,February,Sunday,22861.34,22861.34
2024-02-11,ORD028259,CUST03622,P013,Monitor,Electronics,Delhi,Online,UPI,5,18270.48,0.1,91352.4,82217.16,0,12953.25,2024,2,February,Sunday,91352.4,82217.16
2024-02-11,ORD016791,CUST00519,P016,Sofa,Furniture,Bengaluru,Online,UPI,3,31686.96,0.05,95060.88,90307.84,0,24817.52,2024,2,February,Sunday,95060.88,90307.836
2024-02-11,ORD017568,CUST02387,P012,Air Fryer,Home,Hyderabad,Online,UPI,2,7106.15,0.2,14212.3,11369.84,0,1883.68,2024,2,February,Sunday,14212.3,11369.84
2024-02-11,ORD040739,CUST00333,P003,Headphones,Electronics,Kolkata,Store,UPI,1,4866.16,0.25,4866.16,3649.62,0,210.69,2024,2,February,Sunday,4866.16,3649.62
2024-02-11,ORD021765,CUST02299,P007,Backpack,Accessories,Kolkata,Online,Net Banking,1,2235.78,0.05,2235.78,2123.99,0,549.94,2024,2,February,Sunday,2235.78,2123.991
2024-02-11,ORD002541,CUST04137,P006,Desk,Furniture,Bengaluru,Online,UPI,1,11358.08,0.2,11358.08,9086.46,0,2277.38,2024,2,February,Sunday,11358.08,9086.464
2024-02-11,ORD000505,CUST02963,P011,Mixer Grinder,Home,Bengaluru,Online,Credit Card,3,4815.96,0.1,14447.88,13003.09,0,2259.76,2024,2,February,Sunday,14447.880000000001,13003.091999999999
2024-02-11,ORD013910,CUST00650,P019,Vacuum Cleaner,Home,Jaipur,Online,Credit Card,1,8856.98,0.0,8856.98,8856.98,0,807.78,2024,2,February,Sunday,8856.98,8856.98
2024-02-11,ORD018177,CUST04632,P018,Jacket,Fashion,Mumbai,Online,UPI,1,5290.55,0.1,5290.55,4761.5,1,-238.08,2024,2,February,Sunday,5290.55,4761.495
2024-02-11,ORD007069,CUST04710,P020,Microwave,Home,Ahmedabad,Store,UPI,1,11810.04,0.1,11810.04,10629.04,0,659.79,2024,2,February,Sunday,11810.04,10629.036000000002
2024-02-11,ORD008346,CUST04363,P013,Monitor,Electronics,Kolkata,Online,UPI,5,16683.55,0.15,83417.75,70905.09,0,12426.64,2024,2,February,Sunday,83417.75,70905.0875
2024-02-11,ORD019318,CUST01656,P017,Jeans,Fashion,Jaipur,Online,UPI,2,3031.53,0.05,6063.06,5759.91,1,-288.0,2024,2,February,Sunday,6063.06,5759.907
2024-02-11,ORD017142,CUST01260,P007,Backpack,Accessories,Ahmedabad,Store,Credit Card,2,2178.16,0.15,4356.32,3702.87,0,404.09,2024,2,February,Sunday,4356.32,3702.872
2024-02-11,ORD047052,CUST01098,P001,Laptop,Electronics,Jaipur,Online,Cash,1,59154.62,0.15,59154.62,50281.43,0,13489.49,2024,2,February,Sunday,59154.62,50281.427
2024-02-11,ORD013832,CUST01985,P007,Backpack,Accessories,Bengaluru,Store,UPI,1,2204.42,0.0,2204.42,2204.42,0,616.5,2024,2,February,Sunday,2204.42,2204.42
2024-02-11,ORD038159,CUST01081,P012,Air Fryer,Home,Chennai,Online,Credit Card,2,7628.65,0.0,15257.3,15257.3,0,1455.79,2024,2,February,Sunday,15257.3,15257.3
2024-02-11,ORD043548,CUST00408,P012,Air Fryer,Home,Chennai,Online,Cash,2,7470.45,0.0,14940.9,14940.9,0,2543.9,2024,2,February,Sunday,14940.9,14940.9
2024-02-11,ORD025863,CUST02422,P011,Mixer Grinder,Home,Delhi,Online,Credit Card,1,4557.38,0.0,4557.38,4557.38,1,-227.87,2024,2,February,Sunday,4557.38,4557.38
2024-02-11,ORD033991,CUST01126,P014,Keyboard,Electronics,Bengaluru,Online,UPI,1,2629.3,0.0,2629.3,2629.3,0,450.85,2024,2,February,Sunday,2629.3,2629.3
2024-02-11,ORD046470,CUST00098,P019,Vacuum Cleaner,Home,Ahmedabad,Online,Net Banking,2,9315.06,0.0,18630.12,18630.12,0,3091.05,2024,2,February,Sunday,18630.12,18630.12
2024-02-11,ORD041381,CUST04331,P018,Jacket,Fashion,Hyderabad,Online,UPI,3,4746.1,0.15,14238.3,12102.56,0,822.65,2024,2,February,Sunday,14238.300000000001,12102.554999999998
2024-02-11,ORD011834,CUST02930,P018,Jacket,Fashion,Jaipur,Store,Net Banking,1,5415.02,0.0,5415.02,5415.02,0,1082.47,2024,2,February,Sunday,5415.02,5415.02
2024-02-11,ORD031435,CUST01802,P009,T-Shirt,Fashion,Chennai,Store,Credit Card,4,1122.65,0.0,4490.6,4490.6,0,1265.12,2024,2,February,Sunday,4490.6,4490.6
2024-02-11,ORD019048,CUST00695,P013,Monitor,Electronics,Hyderabad,Online,UPI,1,18703.32,0.05,18703.32,17768.15,1,-888.41,2024,2,February,Sunday,18703.32,17768.154
2024-02-11,ORD019028,CUST02934,P016,Sofa,Furniture,Jaipur,Store,Credit Card,2,34013.06,0.0,68026.12,68026.12,0,17365.57,2024,2,February,Sunday,68026.12,68026.12
2024-02-11,ORD031302,CUST00104,P008,Running Shoes,Fashion,Ahmedabad,Online,Credit Card,3,4437.69,0.05,13313.07,12647.42,0,3102.45,2024,2,February,Sunday,13313.07,12647.4165
2024-02-11,ORD012817,CUST02574,P009,T-Shirt,Fashion,Pune,Online,Credit Card,1,1183.67,0.25,1183.67,887.75,1,-44.39,2024,2,February,Sunday,1183.67,887.7525
2024-02-11,ORD006444,CUST00253,P006,Desk,Furniture,Ahmedabad,Online,Cash,2,11769.58,0.15,23539.16,20008.29,1,-1000.41,2024,2,February,Sunday,23539.16,20008.286
2024-02-11,ORD002507,CUST00074,P020,Microwave,Home,Jaipur,Online,UPI,1,10027.67,0.1,10027.67,9024.9,0,1945.63,2024,2,February,Sunday,10027.67,9024.903
2024-02-11,ORD011504,CUST03874,P020,Microwave,Home,Ahmedabad,Online,UPI,3,10288.25,0.1,30864.75,27778.28,0,3858.95,2024,2,February,Sunday,30864.75,27778.275
2024-02-11,ORD007189,CUST03853,P018,Jacket,Fashion,Surat,Online,Credit Card,3,5649.04,0.1,16947.12,15252.41,1,-762.62,2024,2,February,Sunday,16947.12,15252.408
2024-02-12,ORD044446,CUST01396,P008,Running Shoes,Fashion,Bengaluru,Online,Credit Card,2,4612.31,0.1,9224.62,8302.16,0,1214.13,2024,2,February,Monday,9224.62,8302.158000000001
2024-02-12,ORD005882,CUST00707,P015,Dining Table,Furniture,Bengaluru,Online,UPI,1,21930.27,0.15,21930.27,18640.73,0,3516.4,2024,2,February,Monday,21930.27,18640.7295
2024-02-12,ORD039413,CUST01515,P008,Running Shoes,Fashion,Hyderabad,Online,UPI,1,3841.87,0.1,3841.87,3457.68,0,608.42,2024,2,February,Monday,3841.87,3457.683
2024-02-12,ORD023999,CUST01907,P013,Monitor,Electronics,Jaipur,Store,UPI,1,18337.36,0.15,18337.36,15586.76,0,2187.34,2024,2,February,Monday,18337.36,15586.756
2024-02-12,ORD011275,CUST02314,P016,Sofa,Furniture,Surat,Store,Credit Card,1,34595.3,0.05,34595.3,32865.54,0,9110.49,2024,2,February,Monday,34595.3,32865.535
2024-02-12,ORD001830,CUST00209,P009,T-Shirt,Fashion,Kolkata,Online,UPI,2,1166.52,0.15,2333.04,1983.08,0,486.9,2024,2,February,Monday,2333.04,1983.0839999999998
2024-02-12,ORD002411,CUST02231,P012,Air Fryer,Home,Jaipur,Online,Debit Card,1,7245.87,0.0,7245.87,7245.87,0,733.09,2024,2,February,Monday,7245.87,7245.87
2024-02-12,ORD028184,CUST00096,P011,Mixer Grinder,Home,Jaipur,Store,Credit Card,2,4544.61,0.0,9089.22,9089.22,0,2072.7,2024,2,February,Monday,9089.22,9089.22
2024-02-12,ORD011155,CUST04349,P013,Monitor,Electronics,Chennai,Store,Cash,2,16897.92,0.05,33795.84,32106.05,0,6131.49,2024,2,February,Monday,33795.84,32106.047999999995
2024-02-12,ORD042390,CUST04762,P011,Mixer Grinder,Home,Pune,Store,UPI,5,4807.78,0.15,24038.9,20433.06,0,2430.06,2024,2,February,Monday,24038.899999999998,20433.065000000002
2024-02-12,ORD033994,CUST00945,P004,Smartwatch,Electronics,Mumbai,Store,Credit Card,2,6524.52,0.15,13049.04,11091.68,0,2405.02,2024,2,February,Monday,13049.04,11091.684000000001
2024-02-12,ORD041215,CUST00173,P014,Keyboard,Electronics,Pune,Store,Debit Card,1,2362.79,0.1,2362.79,2126.51,0,157.84,2024,2,February,Monday,2362.79,2126.511
2024-02-12,ORD016810,CUST03047,P020,Microwave,Home,Pune,Online,UPI,2,10523.93,0.0,21047.86,21047.86,0,2081.48,2024,2,February,Monday,21047.86,21047.86
2024-02-12,ORD041203,CUST01780,P015,Dining Table,Furniture,Ahmedabad,Store,Debit Card,2,20506.7,0.15,41013.4,34861.39,0,4794.12,2024,2,February,Monday,41013.4,34861.39
2024-02-12,ORD043626,CUST02199,P011,Mixer Grinder,Home,Kolkata,Store,Cash,2,4563.75,0.0,9127.5,9127.5,0,1505.24,2024,2,February,Monday,9127.5,9127.5
2024-02-12,ORD014284,CUST02940,P020,Microwave,Home,Pune,Online,UPI,1,10293.17,0.1,10293.17,9263.85,0,1065.5,2024,2,February,Monday,10293.17,9263.853000000001
2024-02-12,ORD000410,CUST00865,P002,Smartphone,Electronics,Delhi,Store,UPI,1,28811.46,0.2,28811.46,23049.17,0,2437.04,2024,2,February,Monday,28811.46,23049.168
2024-02-12,ORD005130,CUST03252,P007,Backpack,Accessories,Jaipur,Store,Cash,2,2096.37,0.1,4192.74,3773.47,0,453.37,2024,2,February,Monday,4192.74,3773.466
2024-02-12,ORD003454,CUST03907,P018,Jacket,Fashion,Mumbai,Online,UPI,3,5051.09,0.2,15153.27,12122.62,0,1840.37,2024,2,February,Monday,15153.27,12122.616000000002
2024-02-12,ORD018452,CUST04278,P012,Air Fryer,Home,Bengaluru,Store,Credit Card,1,6736.97,0.1,6736.97,6063.27,0,676.7,2024,2,February,Monday,6736.97,6063.273
2024-02-12,ORD049658,CUST02099,P003,Headphones,Electronics,Jaipur,Store,Debit Card,2,4068.66,0.0,8137.32,8137.32,0,2002.07,2024,2,February,Monday,8137.32,8137.32
2024-02-12,ORD038394,CUST04252,P012,Air Fryer,Home,Chennai,Store,UPI,1,6557.08,0.05,6557.08,6229.23,0,1295.27,2024,2,February,Monday,6557.08,6229.226
2024-02-12,ORD045490,CUST01210,P020,Microwave,Home,Bengaluru,Online,UPI,2,11740.29,0.05,23480.58,22306.55,0,5550.05,2024,2,February,Monday,23480.58,22306.551
2024-02-12,ORD033525,CUST00234,P001,Laptop,Electronics,Delhi,Store,Credit Card,2,63385.4,0.1,126770.8,114093.72,0,7126.22,2024,2,February,Monday,126770.8,114093.72
2024-02-12,ORD046027,CUST04947,P002,Smartphone,Electronics,Delhi,Online,UPI,2,28912.31,0.15,57824.62,49150.93,0,6043.22,2024,2,February,Monday,57824.62,49150.927
2024-02-12,ORD047705,CUST00345,P011,Mixer Grinder,Home,Mumbai,Online,UPI,1,5271.39,0.0,5271.39,5271.39,0,1567.7,2024,2,February,Monday,5271.39,5271.39
2024-02-12,ORD022464,CUST00946,P018,Jacket,Fashion,Chennai,Online,Debit Card,1,5467.99,0.2,5467.99,4374.39,0,512.99,2024,2,February,Monday,5467.99,4374.392
2024-02-12,ORD048135,CUST00645,P007,Backpack,Accessories,Hyderabad,Online,Net Banking,1,2014.21,0.1,2014.21,1812.79,0,495.81,2024,2,February,Monday,2014.21,1812.789
2024-02-12,ORD035583,CUST00524,P020,Microwave,Home,Pune,Store,UPI,1,10114.31,0.1,10114.31,9102.88,0,2114.05,2024,2,February,Monday,10114.31,9102.878999999999
2024-02-12,ORD042179,CUST02189,P004,Smartwatch,Electronics,Delhi,Online,Net Banking,1,6619.04,0.0,6619.04,6619.04,0,1424.73,2024,2,February,Monday,6619.04,6619.04
2024-02-12,ORD020894,CUST01615,P015,Dining Table,Furniture,Pune,Online,Credit Card,1,21138.93,0.05,21138.93,20081.98,0,5008.5,2024,2,February,Monday,21138.93,20081.9835
2024-02-12,ORD046459,CUST01804,P001,Laptop,Electronics,Delhi,Store,Credit Card,1,68259.72,0.1,68259.72,61433.75,0,7221.09,2024,2,February,Monday,68259.72,61433.748
2024-02-12,ORD024164,CUST04702,P018,Jacket,Fashion,Jaipur,Online,UPI,1,5039.51,0.05,5039.51,4787.53,0,1172.81,2024,2,February,Monday,5039.51,4787.5345
2024-02-12,ORD024023,CUST00654,P004,Smartwatch,Electronics,Mumbai,Online,Credit Card,2,6571.42,0.25,13142.84,9857.13,0,1904.55,2024,2,February,Monday,13142.84,9857.130000000001
2024-02-12,ORD009547,CUST03670,P002,Smartphone,Electronics,Pune,Store,Cash,1,25818.02,0.1,25818.02,23236.22,0,5459.09,2024,2,February,Monday,25818.02,23236.218
2024-02-12,ORD012342,CUST02085,P009,T-Shirt,Fashion,Delhi,Store,UPI,1,1169.61,0.1,1169.61,1052.65,0,131.41,2024,2,February,Monday,1169.61,1052.649
2024-02-12,ORD024485,CUST03401,P005,Office Chair,Furniture,Mumbai,Online,Cash,3,10414.82,0.0,31244.46,31244.46,0,6904.75,2024,2,February,Monday,31244.46,31244.46
2024-02-12,ORD004910,CUST02873,P016,Sofa,Furniture,Hyderabad,Online,Credit Card,3,31683.6,0.2,95050.8,76040.64,0,9495.87,2024,2,February,Monday,95050.79999999999,76040.64
2024-02-12,ORD038859,CUST01578,P020,Microwave,Home,Pune,Online,UPI,1,12081.18,0.1,12081.18,10873.06,0,1240.49,2024,2,February,Monday,12081.18,10873.062
2024-02-12,ORD040370,CUST04104,P014,Keyboard,Electronics,Delhi,Online,UPI,1,2490.16,0.05,2490.16,2365.65,0,410.07,2024,2,February,Monday,2490.16,2365.6519999999996
2024-02-12,ORD015499,CUST03954,P007,Backpack,Accessories,Mumbai,Online,Cash,1,2190.05,0.05,2190.05,2080.55,0,565.48,2024,2,February,Monday,2190.05,2080.5475
2024-02-12,ORD047670,CUST01603,P003,Headphones,Electronics,Kolkata,Online,UPI,1,4539.54,0.0,4539.54,4539.54,0,894.97,2024,2,February,Monday,4539.54,4539.54
2024-02-12,ORD010940,CUST03474,P018,Jacket,Fashion,Kolkata,Online,UPI,1,5508.16,0.1,5508.16,4957.34,0,1324.08,2024,2,February,Monday,5508.16,4957.344
2024-02-12,ORD025356,CUST01213,P011,Mixer Grinder,Home,Chennai,Store,Cash,2,5204.7,0.1,10409.4,9368.46,0,1668.33,2024,2,February,Monday,10409.4,9368.46
2024-02-12,ORD032296,CUST03658,P001,Laptop,Electronics,Chennai,Store,Net Banking,2,68353.69,0.15,136707.38,116201.27,0,18600.43,2024,2,February,Monday,136707.38,116201.273
2024-02-12,ORD023689,CUST04485,P001,Laptop,Electronics,Surat,Online,UPI,1,67189.85,0.05,67189.85,63830.36,0,8393.98,2024,2,February,Monday,67189.85,63830.357500000006
2024-02-12,ORD027805,CUST03887,P012,Air Fryer,Home,Ahmedabad,Store,Debit Card,3,6884.23,0.05,20652.69,19620.06,0,3343.76,2024,2,February,Monday,20652.69,19620.0555
2024-02-12,ORD030167,CUST04076,P009,T-Shirt,Fashion,Kolkata,Online,Credit Card,3,1091.29,0.05,3273.87,3110.18,0,444.2,2024,2,February,Monday,3273.87,3110.1764999999996
2024-02-12,ORD003119,CUST02918,P004,Smartwatch,Electronics,Pune,Online,UPI,1,7341.53,0.1,7341.53,6607.38,0,585.65,2024,2,February,Monday,7341.53,6607.3769999999995
2024-02-12,ORD049838,CUST04677,P020,Microwave,Home,Ahmedabad,Store,UPI,1,11573.64,0.1,11573.64,10416.28,0,1508.83,2024,2,February,Monday,11573.64,10416.276
2024-02-12,ORD049404,CUST02527,P006,Desk,Furniture,Pune,Store,UPI,1,11516.28,0.0,11516.28,11516.28,0,2100.99,2024,2,February,Monday,11516.28,11516.28
2024-02-12,ORD002292,CUST01150,P008,Running Shoes,Fashion,Jaipur,Online,Credit Card,1,4579.5,0.2,4579.5,3663.6,0,434.19,2024,2,February,Monday,4579.5,3663.6000000000004
2024-02-12,ORD001395,CUST00688,P020,Microwave,Home,Kolkata,Online,Debit Card,1,10053.08,0.15,10053.08,8545.12,0,1315.91,2024,2,February,Monday,10053.08,8545.118
2024-02-12,ORD021759,CUST01817,P008,Running Shoes,Fashion,Kolkata,Store,Net Banking,1,3940.1,0.25,3940.1,2955.08,0,341.3,2024,2,February,Monday,3940.1,2955.075
2024-02-12,ORD006083,CUST00490,P002,Smartphone,Electronics,Ahmedabad,Online,Credit Card,1,26684.45,0.2,26684.45,21347.56,0,2885.38,2024,2,February,Monday,26684.45,21347.56
2024-02-12,ORD046130,CUST02023,P003,Headphones,Electronics,Surat,Store,UPI,3,4305.69,0.05,12917.07,12271.22,0,1908.33,2024,2,February,Monday,12917.07,12271.216499999999
2024-02-12,ORD013271,CUST00454,P014,Keyboard,Electronics,Delhi,Online,Credit Card,5,2256.5,0.05,11282.5,10718.38,0,3004.07,2024,2,February,Monday,11282.5,10718.375
2024-02-12,ORD015259,CUST03739,P010,Coffee Maker,Home,Ahmedabad,Store,UPI,1,5070.78,0.15,5070.78,4310.16,0,1041.95,2024,2,February,Monday,5070.78,4310.163
2024-02-12,ORD019633,CUST03186,P010,Coffee Maker,Home,Bengaluru,Store,Credit Card,2,5954.55,0.05,11909.1,11313.64,0,2039.54,2024,2,February,Monday,11909.1,11313.645
2024-02-12,ORD035621,CUST02197,P005,Office Chair,Furniture,Pune,Online,Cash,2,9383.58,0.1,18767.16,16890.44,1,-844.52,2024,2,February,Monday,18767.16,16890.444
2024-02-12,ORD001652,CUST03501,P012,Air Fryer,Home,Chennai,Online,Net Banking,3,7641.24,0.2,22923.72,18338.98,0,2237.46,2024,2,February,Monday,22923.72,18338.976000000002
2024-02-12,ORD004955,CUST02704,P016,Sofa,Furniture,Mumbai,Store,UPI,1,36488.87,0.0,36488.87,36488.87,0,10360.85,2024,2,February,Monday,36488.87,36488.87
2024-02-12,ORD003222,CUST04228,P006,Desk,Furniture,Bengaluru,Store,Debit Card,1,12785.26,0.05,12785.26,12146.0,0,2011.27,2024,2,February,Monday,12785.26,12145.997
2024-02-12,ORD001251,CUST00050,P019,Vacuum Cleaner,Home,Mumbai,Store,Credit Card,1,9458.14,0.05,9458.14,8985.23,0,907.46,2024,2,February,Monday,9458.14,8985.232999999998
2024-02-12,ORD040840,CUST02537,P004,Smartwatch,Electronics,Hyderabad,Online,Credit Card,1,6582.2,0.1,6582.2,5923.98,0,1427.32,2024,2,February,Monday,6582.2,5923.98
2024-02-12,ORD038482,CUST01885,P016,Sofa,Furniture,Mumbai,Store,UPI,1,33866.94,0.25,33866.94,25400.2,0,5048.56,2024,2,February,Monday,33866.94,25400.205
2024-02-12,ORD042873,CUST01441,P004,Smartwatch,Electronics,Pune,Online,Credit Card,1,6993.68,0.1,6993.68,6294.31,0,1192.78,2024,2,February,Monday,6993.68,6294.312000000001
2024-02-12,ORD030242,CUST00537,P003,Headphones,Electronics,Delhi,Store,Credit Card,2,4300.36,0.25,8600.72,6450.54,0,865.55,2024,2,February,Monday,8600.72,6450.539999999999
2024-02-12,ORD041666,CUST01366,P004,Smartwatch,Electronics,Delhi,Online,UPI,1,7489.53,0.15,7489.53,6366.1,0,423.3,2024,2,February,Monday,7489.53,6366.1005
2024-02-12,ORD042396,CUST01860,P020,Microwave,Home,Mumbai,Online,Cash,2,10870.26,0.15,21740.52,18479.44,0,4643.37,2024,2,February,Monday,21740.52,18479.442
2024-02-12,ORD044131,CUST02405,P015,Dining Table,Furniture,Delhi,Store,UPI,2,24139.86,0.05,48279.72,45865.73,0,5646.69,2024,2,February,Monday,48279.72,45865.734
2024-02-12,ORD032914,CUST03529,P008,Running Shoes,Fashion,Mumbai,Online,UPI,4,4549.82,0.2,18199.28,14559.42,0,1913.55,2024,2,February,Monday,18199.28,14559.423999999999
2024-02-12,ORD039789,CUST03283,P012,Air Fryer,Home,Surat,Online,Credit Card,1,7385.85,0.1,7385.85,6647.26,0,678.48,2024,2,February,Monday,7385.85,6647.265
2024-02-12,ORD002380,CUST03269,P004,Smartwatch,Electronics,Kolkata,Store,Credit Card,1,6576.22,0.15,6576.22,5589.79,0,1240.76,2024,2,February,Monday,6576.22,5589.787
2024-02-12,ORD019390,CUST04909,P004,Smartwatch,Electronics,Bengaluru,Online,UPI,1,6838.49,0.2,6838.49,5470.79,0,1359.66,2024,2,February,Monday,6838.49,5470.792
2024-02-12,ORD012923,CUST02841,P016,Sofa,Furniture,Bengaluru,Online,Cash,5,32976.47,0.0,164882.35,164882.35,0,45483.0,2024,2,February,Monday,164882.35,164882.35
2024-02-12,ORD003805,CUST03123,P016,Sofa,Furniture,Mumbai,Store,UPI,1,31834.8,0.0,31834.8,31834.8,1,-1591.74,2024,2,February,Monday,31834.8,31834.8
2024-02-12,ORD024412,CUST03918,P019,Vacuum Cleaner,Home,Bengaluru,Online,UPI,1,9567.22,0.15,9567.22,8132.14,0,1608.39,2024,2,February,Monday,9567.22,8132.136999999999
2024-02-12,ORD022712,CUST04771,P019,Vacuum Cleaner,Home,Surat,Store,Credit Card,1,8126.66,0.15,8126.66,6907.66,0,1830.15,2024,2,February,Monday,8126.66,6907.661
2024-02-12,ORD004289,CUST04167,P008,Running Shoes,Fashion,Hyderabad,Store,Credit Card,1,4237.37,0.15,4237.37,3601.76,0,474.21,2024,2,February,Monday,4237.37,3601.7644999999998
2024-02-13,ORD027525,CUST00922,P010,Coffee Maker,Home,Bengaluru,Store,UPI,1,5060.68,0.1,5060.68,4554.61,0,1222.02,2024,2,February,Tuesday,5060.68,4554.612
2024-02-13,ORD024328,CUST00785,P005,Office Chair,Furniture,Ahmedabad,Online,Credit Card,4,9770.8,0.05,39083.2,37129.04,0,6012.37,2024,2,February,Tuesday,39083.2,37129.03999999999
2024-02-13,ORD010252,CUST02153,P019,Vacuum Cleaner,Home,Hyderabad,Online,Debit Card,1,9295.61,0.05,9295.61,8830.83,1,-441.54,2024,2,February,Tuesday,9295.61,8830.8295
2024-02-13,ORD034787,CUST01479,P004,Smartwatch,Electronics,Jaipur,Store,Cash,1,6657.41,0.2,6657.41,5325.93,0,648.44,2024,2,February,Tuesday,6657.41,5325.928
2024-02-13,ORD021230,CUST02276,P001,Laptop,Electronics,Hyderabad,Online,Credit Card,1,67786.03,0.05,67786.03,64396.73,0,10440.22,2024,2,February,Tuesday,67786.03,64396.7285
2024-02-13,ORD025793,CUST03739,P005,Office Chair,Furniture,Ahmedabad,Online,UPI,1,10402.82,0.0,10402.82,10402.82,0,1198.69,2024,2,February,Tuesday,10402.82,10402.82
2024-02-13,ORD009467,CUST02696,P016,Sofa,Furniture,Chennai,Store,Credit Card,2,32584.82,0.05,65169.64,61911.16,0,14911.02,2024,2,February,Tuesday,65169.64,61911.157999999996
2024-02-13,ORD004937,CUST00919,P004,Smartwatch,Electronics,Ahmedabad,Store,Credit Card,1,7294.53,0.1,7294.53,6565.08,0,953.01,2024,2,February,Tuesday,7294.53,6565.077
2024-02-13,ORD042171,CUST01509,P010,Coffee Maker,Home,Mumbai,Online,UPI,1,5274.69,0.1,5274.69,4747.22,0,668.92,2024,2,February,Tuesday,5274.69,4747.221
2024-02-13,ORD036147,CUST02750,P012,Air Fryer,Home,Surat,Online,UPI,1,7810.08,0.05,7810.08,7419.58,0,1313.23,2024,2,February,Tuesday,7810.08,7419.576
2024-02-13,ORD037912,CUST03987,P019,Vacuum Cleaner,Home,Mumbai,Online,UPI,1,8679.54,0.05,8679.54,8245.56,0,645.33,2024,2,February,Tuesday,8679.54,8245.563
2024-02-13,ORD014845,CUST02986,P005,Office Chair,Furniture,Jaipur,Online,UPI,4,9877.57,0.15,39510.28,33583.74,0,5904.33,2024,2,February,Tuesday,39510.28,33583.738
2024-02-13,ORD033235,CUST01825,P010,Coffee Maker,Home,Jaipur,Store,UPI,1,5048.71,0.15,5048.71,4291.4,0,1062.84,2024,2,February,Tuesday,5048.71,4291.4035
2024-02-13,ORD015030,CUST03994,P011,Mixer Grinder,Home,Kolkata,Store,Debit Card,3,5185.07,0.0,15555.21,15555.21,0,2691.48,2024,2,February,Tuesday,15555.21,15555.21
2024-02-13,ORD035031,CUST04726,P018,Jacket,Fashion,Mumbai,Store,Debit Card,1,5047.9,0.0,5047.9,5047.9,0,1257.12,2024,2,February,Tuesday,5047.9,5047.9
2024-02-13,ORD049276,CUST01863,P007,Backpack,Accessories,Bengaluru,Online,Credit Card,1,1992.28,0.15,1992.28,1693.44,0,164.24,2024,2,February,Tuesday,1992.28,1693.4379999999999
2024-02-13,ORD029125,CUST01765,P011,Mixer Grinder,Home,Delhi,Online,UPI,1,4795.0,0.05,4795.0,4555.25,0,1124.96,2024,2,February,Tuesday,4795.0,4555.25
2024-02-13,ORD049899,CUST03008,P019,Vacuum Cleaner,Home,Bengaluru,Online,Net Banking,1,9446.78,0.1,9446.78,8502.1,0,1956.38,2024,2,February,Tuesday,9446.78,8502.102
2024-02-13,ORD021023,CUST04747,P007,Backpack,Accessories,Ahmedabad,Online,Debit Card,1,2394.13,0.1,2394.13,2154.72,0,337.27,2024,2,February,Tuesday,2394.13,2154.717
2024-02-13,ORD028161,CUST01394,P006,Desk,Furniture,Chennai,Store,UPI,1,11099.9,0.15,11099.9,9434.91,0,2041.66,2024,2,February,Tuesday,11099.9,9434.914999999999
2024-02-13,ORD044101,CUST04451,P007,Backpack,Accessories,Bengaluru,Store,Cash,5,2246.27,0.0,11231.35,11231.35,0,1639.56,2024,2,February,Tuesday,11231.35,11231.35
2024-02-13,ORD009785,CUST02167,P005,Office Chair,Furniture,Bengaluru,Online,UPI,1,9262.73,0.1,9262.73,8336.46,0,1824.55,2024,2,February,Tuesday,9262.73,8336.457
2024-02-13,ORD024942,CUST04936,P004,Smartwatch,Electronics,Jaipur,Online,UPI,1,7416.57,0.15,7416.57,6304.08,0,517.39,2024,2,February,Tuesday,7416.57,6304.0845
2024-02-13,ORD044242,CUST00211,P010,Coffee Maker,Home,Bengaluru,Store,Net Banking,1,5473.91,0.05,5473.91,5200.21,0,1358.89,2024,2,February,Tuesday,5473.91,5200.2145
2024-02-13,ORD012715,CUST01487,P015,Dining Table,Furniture,Kolkata,Store,Net Banking,2,21482.96,0.05,42965.92,40817.62,0,6158.55,2024,2,February,Tuesday,42965.92,40817.623999999996
2024-02-13,ORD023747,CUST02112,P001,Laptop,Electronics,Hyderabad,Store,Net Banking,1,64400.36,0.1,64400.36,57960.32,0,7528.37,2024,2,February,Tuesday,64400.36,57960.324
2024-02-13,ORD016691,CUST04591,P008,Running Shoes,Fashion,Ahmedabad,Store,Credit Card,1,4283.73,0.0,4283.73,4283.73,0,1147.2,2024,2,February,Tuesday,4283.73,4283.73
2024-02-13,ORD014085,CUST04851,P005,Office Chair,Furniture,Mumbai,Store,UPI,1,10144.67,0.25,10144.67,7608.5,0,673.64,2024,2,February,Tuesday,10144.67,7608.5025000000005
2024-02-13,ORD048737,CUST01279,P006,Desk,Furniture,Jaipur,Online,UPI,1,12030.59,0.05,12030.59,11429.06,0,1531.51,2024,2,February,Tuesday,12030.59,11429.0605
2024-02-13,ORD029943,CUST00043,P017,Jeans,Fashion,Chennai,Store,UPI,3,2937.07,0.2,8811.21,7048.97,0,1517.43,2024,2,February,Tuesday,8811.210000000001,7048.968
2024-02-13,ORD040240,CUST00255,P007,Backpack,Accessories,Bengaluru,Online,Debit Card,4,2084.65,0.05,8338.6,7921.67,0,772.31,2024,2,February,Tuesday,8338.6,7921.67
2024-02-13,ORD014135,CUST00726,P020,Microwave,Home,Surat,Store,UPI,2,11094.66,0.05,22189.32,21079.85,0,2875.01,2024,2,February,Tuesday,22189.32,21079.854
2024-02-13,ORD027751,CUST00266,P012,Air Fryer,Home,Mumbai,Online,Credit Card,1,7235.6,0.15,7235.6,6150.26,0,1384.5,2024,2,February,Tuesday,7235.6,6150.26
2024-02-13,ORD007612,CUST02222,P014,Keyboard,Electronics,Mumbai,Online,Credit Card,2,2406.36,0.1,4812.72,4331.45,0,795.37,2024,2,February,Tuesday,4812.72,4331.448
2024-02-13,ORD020137,CUST04067,P018,Jacket,Fashion,Jaipur,Online,Debit Card,1,5066.1,0.1,5066.1,4559.49,0,904.91,2024,2,February,Tuesday,5066.1,4559.490000000001
2024-02-13,ORD030546,CUST00473,P006,Desk,Furniture,Hyderabad,Store,Cash,1,12195.37,0.0,12195.37,12195.37,0,2914.71,2024,2,February,Tuesday,12195.37,12195.37
2024-02-13,ORD036477,CUST03657,P009,T-Shirt,Fashion,Delhi,Online,Credit Card,2,1210.07,0.05,2420.14,2299.13,0,272.74,2024,2,February,Tuesday,2420.14,2299.133
2024-02-13,ORD031426,CUST01909,P006,Desk,Furniture,Delhi,Online,UPI,2,11231.81,0.15,22463.62,19094.08,0,3181.7,2024,2,February,Tuesday,22463.62,19094.076999999997
2024-02-13,ORD019125,CUST00702,P008,Running Shoes,Fashion,Pune,Online,Debit Card,1,4336.68,0.1,4336.68,3903.01,0,261.73,2024,2,February,Tuesday,4336.68,3903.012
2024-02-13,ORD019142,CUST00916,P017,Jeans,Fashion,Surat,Store,Cash,1,2582.14,0.05,2582.14,2453.03,0,681.55,2024,2,February,Tuesday,2582.14,2453.033
2024-02-13,ORD018908,CUST04256,P020,Microwave,Home,Mumbai,Store,UPI,1,11977.95,0.2,11977.95,9582.36,0,1732.59,2024,2,February,Tuesday,11977.95,9582.36
2024-02-13,ORD031349,CUST02463,P002,Smartphone,Electronics,Surat,Store,UPI,1,27212.91,0.0,27212.91,27212.91,0,3057.55,2024,2,February,Tuesday,27212.91,27212.91
2024-02-13,ORD000207,CUST01578,P009,T-Shirt,Fashion,Pune,Store,UPI,1,1213.92,0.15,1213.92,1031.83,0,72.96,2024,2,February,Tuesday,1213.92,1031.832
2024-02-13,ORD030133,CUST00621,P020,Microwave,Home,Hyderabad,Store,UPI,1,11449.58,0.1,11449.58,10304.62,0,1528.66,2024,2,February,Tuesday,11449.58,10304.622
2024-02-13,ORD036752,CUST03400,P009,T-Shirt,Fashion,Hyderabad,Online,Credit Card,4,1180.44,0.2,4721.76,3777.41,0,485.71,2024,2,February,Tuesday,4721.76,3777.4080000000004
2024-02-13,ORD019406,CUST00594,P019,Vacuum Cleaner,Home,Jaipur,Store,UPI,1,8452.63,0.2,8452.63,6762.1,0,675.61,2024,2,February,Tuesday,8452.63,6762.103999999999
2024-02-13,ORD043779,CUST03579,P003,Headphones,Electronics,Jaipur,Online,UPI,1,4936.81,0.1,4936.81,4443.13,0,538.93,2024,2,February,Tuesday,4936.81,4443.129000000001
2024-02-13,ORD027047,CUST04757,P016,Sofa,Furniture,Ahmedabad,Online,UPI,5,34307.66,0.05,171538.3,162961.38,0,28454.69,2024,2,February,Tuesday,171538.30000000002,162961.38499999998
2024-02-13,ORD031659,CUST02513,P004,Smartwatch,Electronics,Chennai,Online,UPI,1,6806.27,0.2,6806.27,5445.02,0,844.78,2024,2,February,Tuesday,6806.27,5445.0160000000005
2024-02-13,ORD009748,CUST02189,P011,Mixer Grinder,Home,Hyderabad,Online,Credit Card,2,5206.84,0.1,10413.68,9372.31,1,-468.62,2024,2,February,Tuesday,10413.68,9372.312
2024-02-13,ORD040834,CUST04231,P008,Running Shoes,Fashion,Delhi,Online,Credit Card,1,4575.46,0.05,4575.46,4346.69,0,810.37,2024,2,February,Tuesday,4575.46,4346.687
2024-02-13,ORD027058,CUST02739,P008,Running Shoes,Fashion,Bengaluru,Store,Credit Card,1,4591.7,0.15,4591.7,3902.94,0,873.89,2024,2,February,Tuesday,4591.7,3902.9449999999997
2024-02-13,ORD005459,CUST01612,P013,Monitor,Electronics,Ahmedabad,Online,UPI,1,18097.13,0.1,18097.13,16287.42,0,2475.15,2024,2,February,Tuesday,18097.13,16287.417000000001
2024-02-13,ORD041922,CUST04106,P003,Headphones,Electronics,Kolkata,Online,UPI,2,4181.99,0.2,8363.98,6691.18,0,1494.45,2024,2,February,Tuesday,8363.98,6691.184
2024-02-13,ORD012417,CUST04167,P016,Sofa,Furniture,Chennai,Store,UPI,1,38124.17,0.05,38124.17,36217.96,0,5005.15,2024,2,February,Tuesday,38124.17,36217.9615
2024-02-13,ORD018405,CUST02274,P001,Laptop,Electronics,Hyderabad,Online,UPI,2,69923.51,0.1,139847.02,125862.32,0,9546.74,2024,2,February,Tuesday,139847.02,125862.318
2024-02-13,ORD014441,CUST02429,P007,Backpack,Accessories,Mumbai,Online,Credit Card,3,2415.8,0.1,7247.4,6522.66,0,1020.94,2024,2,February,Tuesday,7247.400000000001,6522.66
2024-02-13,ORD001962,CUST01401,P018,Jacket,Fashion,Chennai,Online,Credit Card,3,4695.83,0.0,14087.49,14087.49,0,1431.69,2024,2,February,Tuesday,14087.49,14087.49
2024-02-13,ORD006508,CUST02297,P014,Keyboard,Electronics,Hyderabad,Online,UPI,1,2714.2,0.25,2714.2,2035.65,0,273.17,2024,2,February,Tuesday,2714.2,2035.6499999999999
2024-02-13,ORD020775,CUST03774,P008,Running Shoes,Fashion,Hyderabad,Online,UPI,1,4025.2,0.0,4025.2,4025.2,0,623.35,2024,2,February,Tuesday,4025.2,4025.2
2024-02-13,ORD034101,CUST01040,P002,Smartphone,Electronics,Mumbai,Online,Debit Card,1,28329.28,0.1,28329.28,25496.35,0,5650.77,2024,2,February,Tuesday,28329.28,25496.352
2024-02-13,ORD005350,CUST01302,P011,Mixer Grinder,Home,Chennai,Store,Net Banking,1,4828.68,0.05,4828.68,4587.25,0,1018.94,2024,2,February,Tuesday,4828.68,4587.246
2024-02-13,ORD015836,CUST04053,P019,Vacuum Cleaner,Home,Pune,Store,UPI,1,8102.0,0.1,8102.0,7291.8,0,916.7,2024,2,February,Tuesday,8102.0,7291.8
2024-02-13,ORD036365,CUST03084,P010,Coffee Maker,Home,Jaipur,Store,Credit Card,2,5270.86,0.0,10541.72,10541.72,1,-527.09,2024,2,February,Tuesday,10541.72,10541.72
2024-02-13,ORD020205,CUST03602,P012,Air Fryer,Home,Kolkata,Store,UPI,3,6677.07,0.15,20031.21,17026.53,0,4122.44,2024,2,February,Tuesday,20031.21,17026.5285
2024-02-13,ORD029655,CUST00912,P004,Smartwatch,Electronics,Mumbai,Store,Credit Card,1,7522.37,0.2,7522.37,6017.9,0,1370.1,2024,2,February,Tuesday,7522.37,6017.896000000001
2024-02-13,ORD006549,CUST03250,P012,Air Fryer,Home,Mumbai,Store,UPI,3,7457.85,0.15,22373.55,19017.52,0,4201.34,2024,2,February,Tuesday,22373.550000000003,19017.517499999998
2024-02-13,ORD020495,CUST04316,P019,Vacuum Cleaner,Home,Kolkata,Store,Net Banking,1,8145.33,0.05,8145.33,7738.06,0,1944.8,2024,2,February,Tuesday,8145.33,7738.063499999999
2024-02-13,ORD026749,CUST03289,P013,Monitor,Electronics,Mumbai,Online,Credit Card,1,19700.47,0.05,19700.47,18715.45,0,4468.17,2024,2,February,Tuesday,19700.47,18715.446500000002
2024-02-13,ORD008568,CUST01456,P015,Dining Table,Furniture,Jaipur,Online,UPI,4,23131.69,0.25,92526.76,69395.07,0,5793.94,2024,2,February,Tuesday,92526.76,69395.06999999999
2024-02-13,ORD039898,CUST02108,P003,Headphones,Electronics,Surat,Online,Credit Card,1,4755.42,0.15,4755.42,4042.11,0,205.55,2024,2,February,Tuesday,4755.42,4042.107
2024-02-14,ORD007858,CUST01832,P015,Dining Table,Furniture,Jaipur,Online,Debit Card,1,21404.22,0.2,21404.22,17123.38,0,1991.85,2024,2,February,Wednesday,21404.22,17123.376
2024-02-14,ORD033585,CUST03543,P017,Jeans,Fashion,Bengaluru,Online,Credit Card,2,2546.92,0.0,5093.84,5093.84,0,688.89,2024,2,February,Wednesday,5093.84,5093.84
2024-02-14,ORD003512,CUST01503,P002,Smartphone,Electronics,Surat,Online,Credit Card,1,28106.61,0.0,28106.61,28106.61,0,5562.12,2024,2,February,Wednesday,28106.61,28106.61
2024-02-14,ORD026316,CUST03855,P004,Smartwatch,Electronics,Mumbai,Online,UPI,5,6387.24,0.1,31936.2,28742.58,0,2383.39,2024,2,February,Wednesday,31936.199999999997,28742.58
2024-02-14,ORD022105,CUST01046,P003,Headphones,Electronics,Hyderabad,Online,UPI,1,4717.13,0.05,4717.13,4481.27,0,1108.69,2024,2,February,Wednesday,4717.13,4481.2735
2024-02-14,ORD026740,CUST04417,P002,Smartphone,Electronics,Chennai,Store,UPI,2,28596.47,0.05,57192.94,54333.29,0,4729.07,2024,2,February,Wednesday,57192.94,54333.293
2024-02-14,ORD022884,CUST00684,P008,Running Shoes,Fashion,Bengaluru,Store,UPI,2,4264.72,0.1,8529.44,7676.5,0,613.9,2024,2,February,Wednesday,8529.44,7676.496000000001
2024-02-14,ORD038172,CUST00651,P018,Jacket,Fashion,Delhi,Online,Credit Card,1,4680.56,0.0,4680.56,4680.56,0,1342.08,2024,2,February,Wednesday,4680.56,4680.56
2024-02-14,ORD025313,CUST02966,P019,Vacuum Cleaner,Home,Chennai,Online,Net Banking,2,9311.47,0.15,18622.94,15829.5,0,4174.31,2024,2,February,Wednesday,18622.94,15829.498999999998
2024-02-14,ORD025864,CUST00201,P011,Mixer Grinder,Home,Pune,Store,UPI,1,5172.73,0.05,5172.73,4914.09,0,1159.72,2024,2,February,Wednesday,5172.73,4914.093499999999
2024-02-14,ORD003703,CUST01806,P019,Vacuum Cleaner,Home,Pune,Online,Credit Card,1,8416.58,0.0,8416.58,8416.58,0,1315.34,2024,2,February,Wednesday,8416.58,8416.58
2024-02-14,ORD033506,CUST02137,P020,Microwave,Home,Pune,Online,Net Banking,2,10430.19,0.2,20860.38,16688.3,0,725.81,2024,2,February,Wednesday,20860.38,16688.304
2024-02-14,ORD003690,CUST02086,P004,Smartwatch,Electronics,Pune,Online,Net Banking,1,6779.06,0.1,6779.06,6101.15,0,652.97,2024,2,February,Wednesday,6779.06,6101.154
2024-02-14,ORD049099,CUST04568,P006,Desk,Furniture,Kolkata,Store,UPI,2,11624.58,0.0,23249.16,23249.16,0,4578.97,2024,2,February,Wednesday,23249.16,23249.16
2024-02-14,ORD004211,CUST00380,P012,Air Fryer,Home,Ahmedabad,Online,Credit Card,1,6710.2,0.15,6710.2,5703.67,1,-285.18,2024,2,February,Wednesday,6710.2,5703.67
2024-02-14,ORD012606,CUST02145,P004,Smartwatch,Electronics,Pune,Online,UPI,1,6604.3,0.1,6604.3,5943.87,0,634.83,2024,2,February,Wednesday,6604.3,5943.87
2024-02-14,ORD012221,CUST03115,P016,Sofa,Furniture,Kolkata,Online,Debit Card,1,36390.4,0.15,36390.4,30931.84,0,4808.43,2024,2,February,Wednesday,36390.4,30931.84
2024-02-14,ORD031461,CUST01450,P016,Sofa,Furniture,Mumbai,Online,Credit Card,4,37160.08,0.1,148640.32,133776.29,0,26678.24,2024,2,February,Wednesday,148640.32,133776.288
2024-02-14,ORD006987,CUST01164,P004,Smartwatch,Electronics,Ahmedabad,Online,UPI,1,7148.43,0.15,7148.43,6076.17,0,834.24,2024,2,February,Wednesday,7148.43,6076.1655
2024-02-14,ORD018913,CUST01457,P012,Air Fryer,Home,Surat,Online,UPI,1,7425.16,0.25,7425.16,5568.87,0,272.63,2024,2,February,Wednesday,7425.16,5568.87
2024-02-14,ORD025690,CUST02740,P019,Vacuum Cleaner,Home,Bengaluru,Online,Credit Card,1,9091.07,0.1,9091.07,8181.96,0,1519.85,2024,2,February,Wednesday,9091.07,8181.963
2024-02-14,ORD026676,CUST02009,P007,Backpack,Accessories,Surat,Store,Credit Card,2,2045.68,0.05,4091.36,3886.79,0,286.47,2024,2,February,Wednesday,4091.36,3886.792
2024-02-14,ORD021788,CUST00607,P020,Microwave,Home,Bengaluru,Online,Debit Card,1,10755.58,0.15,10755.58,9142.24,0,1530.82,2024,2,February,Wednesday,10755.58,9142.243
2024-02-14,ORD009522,CUST02900,P008,Running Shoes,Fashion,Chennai,Online,Debit Card,1,3804.29,0.1,3804.29,3423.86,0,309.64,2024,2,February,Wednesday,3804.29,3423.861
2024-02-14,ORD039822,CUST02513,P012,Air Fryer,Home,Bengaluru,Store,Cash,1,7113.81,0.1,7113.81,6402.43,0,1712.63,2024,2,February,Wednesday,7113.81,6402.429
2024-02-14,ORD038446,CUST00999,P011,Mixer Grinder,Home,Delhi,Store,UPI,3,5137.1,0.05,15411.3,14640.74,0,3951.34,2024,2,February,Wednesday,15411.300000000001,14640.734999999999
2024-02-14,ORD021352,CUST01001,P008,Running Shoes,Fashion,Kolkata,Online,Cash,2,4101.27,0.05,8202.54,7792.41,0,605.75,2024,2,February,Wednesday,8202.54,7792.4130000000005
2024-02-14,ORD032395,CUST01695,P001,Laptop,Electronics,Delhi,Online,UPI,2,63614.73,0.0,127229.46,127229.46,0,32708.23,2024,2,February,Wednesday,127229.46,127229.46
2024-02-14,ORD007597,CUST04811,P012,Air Fryer,Home,Mumbai,Store,UPI,1,7701.09,0.1,7701.09,6930.98,0,518.25,2024,2,February,Wednesday,7701.09,6930.981000000001
2024-02-14,ORD041853,CUST02479,P004,Smartwatch,Electronics,Kolkata,Online,UPI,1,7263.72,0.0,7263.72,7263.72,0,1278.13,2024,2,February,Wednesday,7263.72,7263.72
2024-02-14,ORD004000,CUST02177,P008,Running Shoes,Fashion,Surat,Online,Credit Card,1,4232.97,0.0,4232.97,4232.97,0,641.08,2024,2,February,Wednesday,4232.97,4232.97
2024-02-14,ORD036959,CUST02067,P019,Vacuum Cleaner,Home,Bengaluru,Online,Credit Card,2,8347.64,0.0,16695.28,16695.28,0,4467.91,2024,2,February,Wednesday,16695.28,16695.28
2024-02-14,ORD012784,CUST04802,P009,T-Shirt,Fashion,Pune,Store,UPI,1,1181.59,0.15,1181.59,1004.35,0,90.58,2024,2,February,Wednesday,1181.59,1004.3514999999999
2024-02-14,ORD011772,CUST04197,P019,Vacuum Cleaner,Home,Chennai,Store,UPI,1,8309.85,0.1,8309.85,7478.87,0,1274.51,2024,2,February,Wednesday,8309.85,7478.865000000001
2024-02-14,ORD013257,CUST02542,P002,Smartphone,Electronics,Mumbai,Online,UPI,2,30102.39,0.1,60204.78,54184.3,0,11181.19,2024,2,February,Wednesday,60204.78,54184.302
2024-02-14,ORD020553,CUST03888,P014,Keyboard,Electronics,Surat,Store,Debit Card,1,2447.3,0.15,2447.3,2080.2,0,456.4,2024,2,February,Wednesday,2447.3,2080.205
2024-02-14,ORD031834,CUST01528,P008,Running Shoes,Fashion,Ahmedabad,Online,UPI,1,4516.57,0.05,4516.57,4290.74,0,787.71,2024,2,February,Wednesday,4516.57,4290.741499999999
2024-02-14,ORD011584,CUST00276,P004,Smartwatch,Electronics,Pune,Store,Credit Card,4,6754.11,0.15,27016.44,22963.97,0,4603.11,2024,2,February,Wednesday,27016.44,22963.974
2024-02-14,ORD022797,CUST02851,P015,Dining Table,Furniture,Mumbai,Store,Cash,1,21039.09,0.1,21039.09,18935.18,0,3355.26,2024,2,February,Wednesday,21039.09,18935.181
2024-02-14,ORD022574,CUST03132,P003,Headphones,Electronics,Surat,Online,Credit Card,2,4914.25,0.0,9828.5,9828.5,0,876.43,2024,2,February,Wednesday,9828.5,9828.5
2024-02-14,ORD021553,CUST00645,P002,Smartphone,Electronics,Chennai,Online,Net Banking,2,26600.03,0.1,53200.06,47880.05,0,3306.51,2024,2,February,Wednesday,53200.06,47880.054
2024-02-14,ORD019585,CUST02834,P018,Jacket,Fashion,Kolkata,Online,Credit Card,4,5020.8,0.05,20083.2,19079.04,0,5406.54,2024,2,February,Wednesday,20083.2,19079.04
2024-02-14,ORD012387,CUST00668,P002,Smartphone,Electronics,Bengaluru,Store,UPI,1,29620.91,0.05,29620.91,28139.86,0,7842.68,2024,2,February,Wednesday,29620.91,28139.8645
2024-02-14,ORD007981,CUST03800,P013,Monitor,Electronics,Chennai,Online,UPI,1,17143.95,0.15,17143.95,14572.36,0,1908.91,2024,2,February,Wednesday,17143.95,14572.3575
2024-02-14,ORD032564,CUST00435,P015,Dining Table,Furniture,Ahmedabad,Online,UPI,4,20096.79,0.1,80387.16,72348.44,0,9787.88,2024,2,February,Wednesday,80387.16,72348.444
2024-02-14,ORD032080,CUST02557,P006,Desk,Furniture,Mumbai,Online,Cash,3,12937.7,0.1,38813.1,34931.79,0,2548.54,2024,2,February,Wednesday,38813.100000000006,34931.79
2024-02-14,ORD032952,CUST03657,P016,Sofa,Furniture,Kolkata,Online,UPI,1,32741.36,0.1,32741.36,29467.22,0,3947.51,2024,2,February,Wednesday,32741.36,29467.224000000002
2024-02-14,ORD032226,CUST01630,P010,Coffee Maker,Home,Mumbai,Online,Credit Card,1,5850.48,0.2,5850.48,4680.38,0,281.31,2024,2,February,Wednesday,5850.48,4680.384
2024-02-14,ORD040536,CUST03426,P006,Desk,Furniture,Delhi,Online,UPI,1,12756.22,0.15,12756.22,10842.79,0,1374.71,2024,2,February,Wednesday,12756.22,10842.786999999998
2024-02-14,ORD014535,CUST01365,P006,Desk,Furniture,Surat,Online,Net Banking,1,11741.26,0.25,11741.26,8805.94,0,1188.12,2024,2,February,Wednesday,11741.26,8805.945
2024-02-14,ORD035956,CUST02372,P001,Laptop,Electronics,Chennai,Online,UPI,1,70818.89,0.2,70818.89,56655.11,0,4130.39,2024,2,February,Wednesday,70818.89,56655.112
2024-02-14,ORD023875,CUST01144,P012,Air Fryer,Home,Chennai,Online,Credit Card,4,6592.8,0.2,26371.2,21096.96,1,-1054.85,2024,2,February,Wednesday,26371.2,21096.960000000003
2024-02-14,ORD043089,CUST02166,P008,Running Shoes,Fashion,Mumbai,Online,Credit Card,4,4510.63,0.1,18042.52,16238.27,0,4462.29,2024,2,February,Wednesday,18042.52,16238.268
2024-02-14,ORD011248,CUST02794,P019,Vacuum Cleaner,Home,Chennai,Online,Net Banking,1,9209.48,0.1,9209.48,8288.53,0,1914.35,2024,2,February,Wednesday,9209.48,8288.532
2024-02-14,ORD045948,CUST03475,P001,Laptop,Electronics,Ahmedabad,Store,UPI,5,70577.83,0.1,352889.15,317600.24,0,69490.12,2024,2,February,Wednesday,352889.15,317600.23500000004
2024-02-14,ORD023247,CUST01372,P020,Microwave,Home,Pune,Online,Debit Card,1,10035.9,0.2,10035.9,8028.72,0,528.14,2024,2,February,Wednesday,10035.9,8028.72
2024-02-14,ORD013923,CUST00909,P017,Jeans,Fashion,Delhi,Online,UPI,1,2818.65,0.05,2818.65,2677.72,0,731.31,2024,2,February,Wednesday,2818.65,2677.7174999999997
2024-02-14,ORD009026,CUST03481,P011,Mixer Grinder,Home,Bengaluru,Online,Net Banking,1,4637.81,0.1,4637.81,4174.03,0,872.0,2024,2,February,Wednesday,4637.81,4174.029
2024-02-14,ORD043063,CUST02924,P002,Smartphone,Electronics,Hyderabad,Online,Debit Card,4,26181.0,0.25,104724.0,78543.0,0,15593.88,2024,2,February,Wednesday,104724.0,78543.0
2024-02-14,ORD015549,CUST02118,P006,Desk,Furniture,Delhi,Store,Debit Card,4,11128.49,0.15,44513.96,37836.87,0,2863.28,2024,2,February,Wednesday,44513.96,37836.866
2024-02-14,ORD047612,CUST00578,P012,Air Fryer,Home,Surat,Online,UPI,1,6615.05,0.1,6615.05,5953.54,0,1547.0,2024,2,February,Wednesday,6615.05,5953.545
2024-02-14,ORD029404,CUST04838,P015,Dining Table,Furniture,Jaipur,Online,Cash,1,20396.98,0.0,20396.98,20396.98,0,5646.08,2024,2,February,Wednesday,20396.98,20396.98
2024-02-14,ORD014579,CUST00922,P012,Air Fryer,Home,Mumbai,Store,Debit Card,2,7060.14,0.05,14120.28,13414.27,0,1725.38,2024,2,February,Wednesday,14120.28,13414.266
2024-02-14,ORD046457,CUST02893,P008,Running Shoes,Fashion,Kolkata,Online,UPI,1,3830.14,0.1,3830.14,3447.13,0,535.65,2024,2,February,Wednesday,3830.14,3447.1259999999997
2024-02-14,ORD034449,CUST04390,P017,Jeans,Fashion,Surat,Online,UPI,4,2795.92,0.05,11183.68,10624.5,0,3015.05,2024,2,February,Wednesday,11183.68,10624.496
2024-02-14,ORD030134,CUST02574,P008,Running Shoes,Fashion,Ahmedabad,Store,UPI,1,4384.47,0.0,4384.47,4384.47,0,828.43,2024,2,February,Wednesday,4384.47,4384.47
2024-02-14,ORD030068,CUST01725,P016,Sofa,Furniture,Delhi,Store,Debit Card,1,36601.66,0.0,36601.66,36601.66,0,8744.62,2024,2,February,Wednesday,36601.66,36601.66
2024-02-14,ORD044046,CUST03100,P001,Laptop,Electronics,Mumbai,Online,Credit Card,2,63681.13,0.05,127362.26,120994.15,0,11987.45,2024,2,February,Wednesday,127362.26,120994.14699999998
2024-02-14,ORD024832,CUST03076,P011,Mixer Grinder,Home,Mumbai,Store,UPI,1,4476.2,0.2,4476.2,3580.96,0,657.26,2024,2,February,Wednesday,4476.2,3580.96
2024-02-14,ORD043592,CUST03447,P020,Microwave,Home,Surat,Online,UPI,3,10709.64,0.0,32128.92,32128.92,0,3156.5,2024,2,February,Wednesday,32128.92,32128.92
2024-02-14,ORD029763,CUST00666,P017,Jeans,Fashion,Kolkata,Store,Credit Card,3,2833.06,0.1,8499.18,7649.26,0,708.06,2024,2,February,Wednesday,8499.18,7649.262000000001
2024-02-14,ORD035456,CUST02603,P003,Headphones,Electronics,Bengaluru,Online,Credit Card,2,4514.76,0.1,9029.52,8126.57,0,1320.73,2024,2,February,Wednesday,9029.52,8126.568
2024-02-14,ORD024909,CUST00265,P014,Keyboard,Electronics,Pune,Online,Net Banking,1,2417.09,0.1,2417.09,2175.38,0,561.43,2024,2,February,Wednesday,2417.09,2175.3810000000003
2024-02-14,ORD045019,CUST00215,P001,Laptop,Electronics,Ahmedabad,Store,UPI,1,65679.65,0.15,65679.65,55827.7,0,10468.9,2024,2,February,Wednesday,65679.65,55827.70249999999
2024-02-14,ORD043283,CUST02997,P003,Headphones,Electronics,Ahmedabad,Online,Debit Card,4,4778.6,0.1,19114.4,17202.96,0,1369.21,2024,2,February,Wednesday,19114.4,17202.960000000003
2024-02-14,ORD034644,CUST03332,P017,Jeans,Fashion,Ahmedabad,Online,Credit Card,1,2692.21,0.2,2692.21,2153.77,0,451.53,2024,2,February,Wednesday,2692.21,2153.768
2024-02-14,ORD013476,CUST02585,P008,Running Shoes,Fashion,Surat,Online,UPI,4,4227.94,0.2,16911.76,13529.41,0,610.23,2024,2,February,Wednesday,16911.76,13529.408
2024-02-14,ORD013585,CUST03750,P016,Sofa,Furniture,Surat,Store,UPI,1,34241.31,0.05,34241.31,32529.24,0,5904.86,2024,2,February,Wednesday,34241.31,32529.244499999997
2024-02-14,ORD017925,CUST02935,P006,Desk,Furniture,Bengaluru,Online,Debit Card,2,11677.43,0.2,23354.86,18683.89,0,2649.76,2024,2,February,Wednesday,23354.86,18683.888000000003
2024-02-14,ORD030741,CUST03714,P016,Sofa,Furniture,Hyderabad,Store,Net Banking,1,32785.98,0.05,32785.98,31146.68,0,4681.71,2024,2,February,Wednesday,32785.98,31146.681
2024-02-14,ORD045700,CUST03961,P014,Keyboard,Electronics,Hyderabad,Store,UPI,1,2554.76,0.15,2554.76,2171.55,1,-108.58,2024,2,February,Wednesday,2554.76,2171.5460000000003
2024-02-14,ORD027711,CUST03914,P002,Smartphone,Electronics,Chennai,Store,Net Banking,1,28751.96,0.1,28751.96,25876.76,0,6712.93,2024,2,February,Wednesday,28751.96,25876.764
2024-02-14,ORD027712,CUST04102,P011,Mixer Grinder,Home,Surat,Online,Credit Card,2,4377.7,0.05,8755.4,8317.63,0,2362.28,2024,2,February,Wednesday,8755.4,8317.63
2024-02-14,ORD014223,CUST04298,P010,Coffee Maker,Home,Jaipur,Store,Credit Card,3,5715.31,0.15,17145.93,14574.04,0,2555.18,2024,2,February,Wednesday,17145.93,14574.0405
2024-02-15,ORD045331,CUST02622,P015,Dining Table,Furniture,Jaipur,Online,Credit Card,3,20231.26,0.1,60693.78,54624.4,0,3636.1,2024,2,February,Thursday,60693.78,54624.402
2024-02-15,ORD039919,CUST03459,P005,Office Chair,Furniture,Hyderabad,Online,Debit Card,2,10415.41,0.1,20830.82,18747.74,0,2577.88,2024,2,February,Thursday,20830.82,18747.738
2024-02-15,ORD034616,CUST01782,P012,Air Fryer,Home,Bengaluru,Online,Net Banking,1,6526.67,0.1,6526.67,5874.0,0,1200.09,2024,2,February,Thursday,6526.67,5874.003000000001
2024-02-15,ORD049385,CUST02125,P003,Headphones,Electronics,Chennai,Online,UPI,2,4456.71,0.05,8913.42,8467.75,0,1504.99,2024,2,February,Thursday,8913.42,8467.749
2024-02-15,ORD035995,CUST02854,P005,Office Chair,Furniture,Hyderabad,Store,Credit Card,4,9761.26,0.05,39045.04,37092.79,0,8424.48,2024,2,February,Thursday,39045.04,37092.788
2024-02-15,ORD037276,CUST02880,P010,Coffee Maker,Home,Ahmedabad,Online,Credit Card,2,5946.53,0.05,11893.06,11298.41,0,2988.69,2024,2,February,Thursday,11893.06,11298.407
2024-02-15,ORD018640,CUST00518,P016,Sofa,Furniture,Pune,Store,UPI,2,37256.03,0.15,74512.06,63335.25,1,-3166.76,2024,2,February,Thursday,74512.06,63335.251
2024-02-15,ORD006881,CUST00420,P007,Backpack,Accessories,Chennai,Store,Net Banking,1,2311.36,0.05,2311.36,2195.79,0,537.94,2024,2,February,Thursday,2311.36,2195.792
2024-02-15,ORD004465,CUST01942,P001,Laptop,Electronics,Pune,Online,UPI,4,62018.95,0.15,248075.8,210864.43,0,26680.63,2024,2,February,Thursday,248075.8,210864.43
2024-02-15,ORD039910,CUST00547,P016,Sofa,Furniture,Pune,Online,Debit Card,5,33680.97,0.2,168404.85,134723.88,0,32044.31,2024,2,February,Thursday,168404.85,134723.88
2024-02-15,ORD029387,CUST03375,P019,Vacuum Cleaner,Home,Mumbai,Store,Cash,1,8925.67,0.25,8925.67,6694.25,0,1378.53,2024,2,February,Thursday,8925.67,6694.2525000000005
2024-02-15,ORD006100,CUST01316,P001,Laptop,Electronics,Jaipur,Online,Debit Card,1,66762.12,0.0,66762.12,66762.12,0,5723.02,2024,2,February,Thursday,66762.12,66762.12
2024-02-15,ORD024505,CUST02360,P019,Vacuum Cleaner,Home,Pune,Online,Credit Card,3,9382.66,0.05,28147.98,26740.58,0,7345.76,2024,2,February,Thursday,28147.98,26740.581
2024-02-15,ORD046897,CUST02677,P013,Monitor,Electronics,Jaipur,Store,Net Banking,2,17648.79,0.05,35297.58,33532.7,0,9689.07,2024,2,February,Thursday,35297.58,33532.701
2024-02-15,ORD005381,CUST04705,P016,Sofa,Furniture,Ahmedabad,Online,Credit Card,1,33988.85,0.15,33988.85,28890.52,0,6880.24,2024,2,February,Thursday,33988.85,28890.5225
2024-02-15,ORD028218,CUST03678,P006,Desk,Furniture,Surat,Online,Net Banking,4,12328.53,0.1,49314.12,44382.71,1,-2219.14,2024,2,February,Thursday,49314.12,44382.708000000006
2024-02-15,ORD046645,CUST01355,P012,Air Fryer,Home,Mumbai,Online,UPI,2,6813.41,0.05,13626.82,12945.48,0,1918.12,2024,2,February,Thursday,13626.82,12945.479
2024-02-15,ORD002050,CUST01765,P015,Dining Table,Furniture,Jaipur,Store,UPI,2,23734.01,0.2,47468.02,37974.42,0,2931.47,2024,2,February,Thursday,47468.02,37974.416
2024-02-15,ORD014247,CUST01935,P017,Jeans,Fashion,Chennai,Store,Debit Card,2,2966.19,0.15,5932.38,5042.52,0,1265.53,2024,2,February,Thursday,5932.38,5042.523
2024-02-15,ORD036388,CUST02306,P014,Keyboard,Electronics,Hyderabad,Store,UPI,1,2475.37,0.0,2475.37,2475.37,0,382.57,2024,2,February,Thursday,2475.37,2475.37
2024-02-15,ORD026299,CUST04485,P011,Mixer Grinder,Home,Delhi,Online,UPI,1,5137.23,0.1,5137.23,4623.51,0,1192.64,2024,2,February,Thursday,5137.23,4623.507
2024-02-15,ORD009782,CUST04356,P006,Desk,Furniture,Bengaluru,Online,Debit Card,1,12456.39,0.1,12456.39,11210.75,0,1124.63,2024,2,February,Thursday,12456.39,11210.751
2024-02-15,ORD001433,CUST04744,P007,Backpack,Accessories,Kolkata,Online,Net Banking,1,2163.32,0.05,2163.32,2055.15,0,381.17,2024,2,February,Thursday,2163.32,2055.154
2024-02-15,ORD042837,CUST03449,P019,Vacuum Cleaner,Home,Hyderabad,Online,UPI,1,9827.36,0.15,9827.36,8353.26,0,1725.02,2024,2,February,Thursday,9827.36,8353.256
2024-02-15,ORD016435,CUST04874,P015,Dining Table,Furniture,Chennai,Store,Debit Card,1,23719.44,0.2,23719.44,18975.55,0,3445.38,2024,2,February,Thursday,23719.44,18975.552
2024-02-15,ORD011253,CUST04063,P015,Dining Table,Furniture,Hyderabad,Online,UPI,4,20826.01,0.15,83304.04,70808.43,0,4420.15,2024,2,February,Thursday,83304.04,70808.434
2024-02-15,ORD016408,CUST02643,P010,Coffee Maker,Home,Pune,Store,Cash,1,5529.48,0.15,5529.48,4700.06,0,533.01,2024,2,February,Thursday,5529.48,4700.057999999999
2024-02-15,ORD032152,CUST01266,P017,Jeans,Fashion,Ahmedabad,Online,Net Banking,1,3047.42,0.1,3047.42,2742.68,0,434.76,2024,2,February,Thursday,3047.42,2742.6780000000003
2024-02-15,ORD039732,CUST00899,P002,Smartphone,Electronics,Chennai,Store,UPI,1,29146.43,0.0,29146.43,29146.43,0,8007.4,2024,2,February,Thursday,29146.43,29146.43
2024-02-15,ORD000875,CUST03958,P014,Keyboard,Electronics,Delhi,Online,Credit Card,1,2282.25,0.05,2282.25,2168.14,0,448.47,2024,2,February,Thursday,2282.25,2168.1375
2024-02-15,ORD011672,CUST02563,P011,Mixer Grinder,Home,Chennai,Online,UPI,1,4622.47,0.05,4622.47,4391.35,1,-219.57,2024,2,February,Thursday,4622.47,4391.3465
2024-02-15,ORD014497,CUST00493,P015,Dining Table,Furniture,Mumbai,Store,UPI,1,23223.06,0.0,23223.06,23223.06,0,6006.38,2024,2,February,Thursday,23223.06,23223.06
2024-02-15,ORD009997,CUST04258,P020,Microwave,Home,Hyderabad,Online,UPI,1,11406.02,0.1,11406.02,10265.42,0,1155.06,2024,2,February,Thursday,11406.02,10265.418000000001
2024-02-15,ORD035566,CUST03901,P007,Backpack,Accessories,Hyderabad,Store,Credit Card,2,2110.71,0.1,4221.42,3799.28,0,578.73,2024,2,February,Thursday,4221.42,3799.2780000000002
2024-02-15,ORD025579,CUST01574,P017,Jeans,Fashion,Chennai,Store,Cash,1,2557.9,0.0,2557.9,2557.9,0,582.6,2024,2,February,Thursday,2557.9,2557.9
2024-02-15,ORD049879,CUST00703,P019,Vacuum Cleaner,Home,Kolkata,Store,Credit Card,2,9658.56,0.0,19317.12,19317.12,0,3197.99,2024,2,February,Thursday,19317.12,19317.12
2024-02-15,ORD034594,CUST03790,P013,Monitor,Electronics,Mumbai,Online,Credit Card,2,18426.75,0.2,36853.5,29482.8,0,4603.03,2024,2,February,Thursday,36853.5,29482.800000000003
2024-02-15,ORD025045,CUST01599,P005,Office Chair,Furniture,Kolkata,Online,Debit Card,1,10170.85,0.05,10170.85,9662.31,0,1007.5,2024,2,February,Thursday,10170.85,9662.3075
2024-02-15,ORD049716,CUST02977,P008,Running Shoes,Fashion,Surat,Store,UPI,3,4504.07,0.1,13512.21,12160.99,0,1299.12,2024,2,February,Thursday,13512.21,12160.989
2024-02-15,ORD019017,CUST00519,P018,Jacket,Fashion,Pune,Online,Credit Card,1,4770.3,0.05,4770.3,4531.78,0,767.38,2024,2,February,Thursday,4770.3,4531.785
2024-02-15,ORD029083,CUST01565,P020,Microwave,Home,Hyderabad,Online,Credit Card,2,11506.49,0.1,23012.98,20711.68,0,3410.51,2024,2,February,Thursday,23012.98,20711.682
2024-02-15,ORD017354,CUST02088,P002,Smartphone,Electronics,Bengaluru,Online,Net Banking,1,27654.31,0.1,27654.31,24888.88,0,6067.99,2024,2,February,Thursday,27654.31,24888.879
2024-02-15,ORD041807,CUST04784,P004,Smartwatch,Electronics,Kolkata,Store,UPI,5,6846.12,0.0,34230.6,34230.6,0,3606.13,2024,2,February,Thursday,34230.6,34230.6
2024-02-15,ORD033023,CUST01512,P019,Vacuum Cleaner,Home,Jaipur,Store,UPI,1,8791.31,0.25,8791.31,6593.48,0,1011.09,2024,2,February,Thursday,8791.31,6593.4825
2024-02-15,ORD046758,CUST01168,P016,Sofa,Furniture,Mumbai,Online,Cash,1,32333.98,0.2,32333.98,25867.18,0,4724.2,2024,2,February,Thursday,32333.98,25867.184
2024-02-15,ORD001304,CUST03966,P017,Jeans,Fashion,Ahmedabad,Online,UPI,2,3058.88,0.25,6117.76,4588.32,0,238.93,2024,2,February,Thursday,6117.76,4588.32
2024-02-15,ORD034896,CUST01926,P013,Monitor,Electronics,Ahmedabad,Online,Debit Card,1,19060.68,0.05,19060.68,18107.65,1,-905.38,2024,2,February,Thursday,19060.68,18107.646
2024-02-15,ORD013478,CUST03980,P010,Coffee Maker,Home,Pune,Store,Debit Card,1,5130.72,0.05,5130.72,4874.18,0,937.06,2024,2,February,Thursday,5130.72,4874.184
2024-02-15,ORD046007,CUST01676,P002,Smartphone,Electronics,Jaipur,Online,Debit Card,1,28599.49,0.05,28599.49,27169.52,0,6007.71,2024,2,February,Thursday,28599.49,27169.5155
2024-02-15,ORD019068,CUST03690,P020,Microwave,Home,Delhi,Online,Net Banking,1,11790.58,0.0,11790.58,11790.58,0,3435.9,2024,2,February,Thursday,11790.58,11790.58
2024-02-15,ORD030548,CUST04697,P020,Microwave,Home,Ahmedabad,Online,Debit Card,1,10752.48,0.1,10752.48,9677.23,0,801.24,2024,2,February,Thursday,10752.48,9677.232
2024-02-15,ORD002488,CUST01746,P005,Office Chair,Furniture,Jaipur,Online,Credit Card,2,8644.7,0.1,17289.4,15560.46,0,2597.6,2024,2,February,Thursday,17289.4,15560.460000000001
2024-02-15,ORD031438,CUST00148,P016,Sofa,Furniture,Pune,Store,Debit Card,1,31964.08,0.15,31964.08,27169.47,0,5494.47,2024,2,February,Thursday,31964.08,27169.468
2024-02-15,ORD033081,CUST02823,P013,Monitor,Electronics,Pune,Online,Credit Card,2,16661.82,0.1,33323.64,29991.28,0,4443.97,2024,2,February,Thursday,33323.64,29991.276
2024-02-15,ORD034366,CUST00495,P005,Office Chair,Furniture,Surat,Online,Credit Card,4,9853.46,0.15,39413.84,33501.76,0,5276.72,2024,2,February,Thursday,39413.84,33501.763999999996
2024-02-15,ORD013017,CUST04999,P013,Monitor,Electronics,Delhi,Online,Net Banking,1,17298.98,0.15,17298.98,14704.13,0,3498.58,2024,2,February,Thursday,17298.98,14704.133
2024-02-15,ORD034957,CUST01796,P009,T-Shirt,Fashion,Hyderabad,Online,Net Banking,1,1216.49,0.1,1216.49,1094.84,0,235.33,2024,2,February,Thursday,1216.49,1094.8410000000001
2024-02-15,ORD009706,CUST02174,P008,Running Shoes,Fashion,Ahmedabad,Online,Credit Card,1,3996.03,0.1,3996.03,3596.43,0,946.18,2024,2,February,Thursday,3996.03,3596.427
2024-02-15,ORD013128,CUST03267,P005,Office Chair,Furniture,Jaipur,Online,Credit Card,2,9486.48,0.0,18972.96,18972.96,0,2778.4,2024,2,February,Thursday,18972.96,18972.96
2024-02-15,ORD038486,CUST03791,P001,Laptop,Electronics,Delhi,Online,UPI,4,60224.09,0.15,240896.36,204761.91,0,20869.9,2024,2,February,Thursday,240896.36,204761.906
2024-02-15,ORD019554,CUST01115,P015,Dining Table,Furniture,Delhi,Online,UPI,1,20581.56,0.05,20581.56,19552.48,0,3096.37,2024,2,February,Thursday,20581.56,19552.482
2024-02-15,ORD017448,CUST03975,P004,Smartwatch,Electronics,Chennai,Online,Credit Card,2,6543.88,0.1,13087.76,11778.98,0,2800.19,2024,2,February,Thursday,13087.76,11778.984
2024-02-15,ORD006096,CUST04537,P008,Running Shoes,Fashion,Surat,Store,UPI,2,4316.0,0.1,8632.0,7768.8,0,911.01,2024,2,February,Thursday,8632.0,7768.8
2024-02-15,ORD026943,CUST02790,P015,Dining Table,Furniture,Surat,Store,UPI,1,20371.69,0.15,20371.69,17315.94,0,3126.76,2024,2,February,Thursday,20371.69,17315.9365
2024-02-15,ORD043036,CUST01085,P002,Smartphone,Electronics,Mumbai,Online,Credit Card,1,27241.71,0.1,27241.71,24517.54,0,3783.32,2024,2,February,Thursday,27241.71,24517.539
2024-02-15,ORD038056,CUST04284,P014,Keyboard,Electronics,Chennai,Online,UPI,1,2401.42,0.2,2401.42,1921.14,0,201.45,2024,2,February,Thursday,2401.42,1921.1360000000002
2024-02-15,ORD043983,CUST04093,P007,Backpack,Accessories,Kolkata,Online,Cash,1,2396.27,0.1,2396.27,2156.64,0,213.72,2024,2,February,Thursday,2396.27,2156.643
2024-02-15,ORD018678,CUST03729,P011,Mixer Grinder,Home,Kolkata,Store,Credit Card,1,4883.68,0.05,4883.68,4639.5,0,630.13,2024,2,February,Thursday,4883.68,4639.496
2024-02-15,ORD025750,CUST01698,P009,T-Shirt,Fashion,Hyderabad,Store,Credit Card,1,1191.54,0.1,1191.54,1072.39,0,97.77,2024,2,February,Thursday,1191.54,1072.386
2024-02-15,ORD010314,CUST01966,P001,Laptop,Electronics,Ahmedabad,Store,Credit Card,2,64918.62,0.15,129837.24,110361.65,0,29407.2,2024,2,February,Thursday,129837.24,110361.654
2024-02-15,ORD011159,CUST03764,P017,Jeans,Fashion,Bengaluru,Online,UPI,2,2885.82,0.1,5771.64,5194.48,0,537.5,2024,2,February,Thursday,5771.64,5194.476000000001
2024-02-15,ORD046941,CUST00027,P015,Dining Table,Furniture,Ahmedabad,Online,Cash,1,20152.5,0.25,20152.5,15114.38,0,2499.11,2024,2,February,Thursday,20152.5,15114.375
2024-02-15,ORD021449,CUST01613,P014,Keyboard,Electronics,Ahmedabad,Online,Credit Card,1,2273.33,0.0,2273.33,2273.33,0,609.76,2024,2,February,Thursday,2273.33,2273.33
2024-02-15,ORD036834,CUST03360,P003,Headphones,Electronics,Kolkata,Online,Credit Card,1,4424.34,0.05,4424.34,4203.12,1,-210.16,2024,2,February,Thursday,4424.34,4203.123
2024-02-15,ORD003208,CUST02552,P019,Vacuum Cleaner,Home,Bengaluru,Store,Debit Card,4,8211.53,0.2,32846.12,26276.9,0,6314.12,2024,2,February,Thursday,32846.12,26276.896000000004
2024-02-15,ORD009622,CUST04382,P012,Air Fryer,Home,Ahmedabad,Online,UPI,1,6941.36,0.05,6941.36,6594.29,0,1126.09,2024,2,February,Thursday,6941.36,6594.2919999999995
2024-02-16,ORD010448,CUST04979,P014,Keyboard,Electronics,Ahmedabad,Online,Credit Card,1,2417.69,0.05,2417.69,2296.81,0,340.07,2024,2,February,Friday,2417.69,2296.8055
2024-02-16,ORD012455,CUST04470,P009,T-Shirt,Fashion,Delhi,Online,Credit Card,1,1226.51,0.1,1226.51,1103.86,0,217.51,2024,2,February,Friday,1226.51,1103.859
2024-02-16,ORD000866,CUST01595,P020,Microwave,Home,Hyderabad,Online,Credit Card,1,11642.31,0.15,11642.31,9895.96,0,1362.51,2024,2,February,Friday,11642.31,9895.9635
2024-02-16,ORD027244,CUST04246,P018,Jacket,Fashion,Mumbai,Online,UPI,1,5170.59,0.25,5170.59,3877.94,0,178.08,2024,2,February,Friday,5170.59,3877.9425
2024-02-16,ORD005711,CUST02841,P017,Jeans,Fashion,Chennai,Online,Credit Card,3,2846.02,0.0,8538.06,8538.06,0,1098.78,2024,2,February,Friday,8538.06,8538.06
2024-02-16,ORD039875,CUST02823,P003,Headphones,Electronics,Surat,Online,UPI,1,4142.92,0.1,4142.92,3728.63,0,300.58,2024,2,February,Friday,4142.92,3728.628
2024-02-16,ORD002830,CUST02995,P010,Coffee Maker,Home,Surat,Online,Credit Card,1,5294.54,0.0,5294.54,5294.54,0,570.12,2024,2,February,Friday,5294.54,5294.54
2024-02-16,ORD049548,CUST01724,P019,Vacuum Cleaner,Home,Pune,Store,UPI,1,9405.18,0.2,9405.18,7524.14,0,1353.65,2024,2,February,Friday,9405.18,7524.144
2024-02-16,ORD033666,CUST03044,P003,Headphones,Electronics,Bengaluru,Online,UPI,2,4265.68,0.1,8531.36,7678.22,1,-383.91,2024,2,February,Friday,8531.36,7678.224000000001
2024-02-16,ORD006203,CUST03327,P014,Keyboard,Electronics,Mumbai,Store,UPI,1,2300.3,0.0,2300.3,2300.3,0,338.67,2024,2,February,Friday,2300.3,2300.3
2024-02-16,ORD035939,CUST01842,P003,Headphones,Electronics,Hyderabad,Online,UPI,1,4243.16,0.05,4243.16,4031.0,0,530.46,2024,2,February,Friday,4243.16,4031.0019999999995
2024-02-16,ORD005389,CUST01336,P015,Dining Table,Furniture,Surat,Online,Credit Card,1,23594.62,0.1,23594.62,21235.16,0,4799.8,2024,2,February,Friday,23594.62,21235.158
2024-02-16,ORD018944,CUST01591,P020,Microwave,Home,Hyderabad,Store,Net Banking,2,11527.52,0.0,23055.04,23055.04,0,6115.25,2024,2,February,Friday,23055.04,23055.04
2024-02-16,ORD043631,CUST01705,P006,Desk,Furniture,Ahmedabad,Online,UPI,1,12087.27,0.0,12087.27,12087.27,0,1293.14,2024,2,February,Friday,12087.27,12087.27
2024-02-16,ORD028417,CUST00559,P015,Dining Table,Furniture,Pune,Store,Credit Card,1,21467.21,0.1,21467.21,19320.49,0,1393.77,2024,2,February,Friday,21467.21,19320.489
2024-02-16,ORD031846,CUST00006,P016,Sofa,Furniture,Surat,Online,Credit Card,3,35196.22,0.0,105588.66,105588.66,0,25003.54,2024,2,February,Friday,105588.66,105588.66
2024-02-16,ORD017882,CUST04939,P007,Backpack,Accessories,Hyderabad,Online,Debit Card,1,1998.46,0.25,1998.46,1498.84,0,59.95,2024,2,February,Friday,1998.46,1498.845
2024-02-16,ORD024950,CUST00862,P015,Dining Table,Furniture,Kolkata,Online,UPI,1,20229.79,0.1,20229.79,18206.81,0,2937.01,2024,2,February,Friday,20229.79,18206.811
2024-02-16,ORD012771,CUST00040,P007,Backpack,Accessories,Ahmedabad,Online,UPI,4,2191.12,0.0,8764.48,8764.48,0,1354.02,2024,2,February,Friday,8764.48,8764.48
2024-02-16,ORD035673,CUST02491,P009,T-Shirt,Fashion,Pune,Online,Debit Card,2,1282.2,0.1,2564.4,2307.96,0,481.07,2024,2,February,Friday,2564.4,2307.96
2024-02-16,ORD023696,CUST03295,P016,Sofa,Furniture,Surat,Online,Credit Card,1,35211.55,0.0,35211.55,35211.55,1,-1760.58,2024,2,February,Friday,35211.55,35211.55
2024-02-16,ORD047513,CUST01987,P013,Monitor,Electronics,Hyderabad,Store,Credit Card,1,17264.75,0.1,17264.75,15538.28,0,3188.93,2024,2,February,Friday,17264.75,15538.275
2024-02-16,ORD032018,CUST02554,P012,Air Fryer,Home,Kolkata,Online,Debit Card,3,7637.01,0.05,22911.03,21765.48,0,6125.51,2024,2,February,Friday,22911.03,21765.478499999997
2024-02-16,ORD000631,CUST04071,P016,Sofa,Furniture,Chennai,Store,Credit Card,1,32715.7,0.0,32715.7,32715.7,0,7263.9,2024,2,February,Friday,32715.7,32715.7
2024-02-16,ORD020034,CUST04000,P007,Backpack,Accessories,Delhi,Online,Debit Card,4,2265.13,0.0,9060.52,9060.52,0,1706.73,2024,2,February,Friday,9060.52,9060.52
2024-02-16,ORD011231,CUST00700,P007,Backpack,Accessories,Pune,Store,UPI,1,2219.5,0.25,2219.5,1664.62,0,196.98,2024,2,February,Friday,2219.5,1664.625
2024-02-16,ORD018729,CUST02697,P005,Office Chair,Furniture,Kolkata,Online,Credit Card,3,10129.17,0.2,30387.51,24310.01,0,2573.65,2024,2,February,Friday,30387.510000000002,24310.008
2024-02-16,ORD032281,CUST04545,P016,Sofa,Furniture,Delhi,Store,Credit Card,1,35192.5,0.0,35192.5,35192.5,0,5546.36,2024,2,February,Friday,35192.5,35192.5
2024-02-16,ORD012655,CUST04736,P012,Air Fryer,Home,Chennai,Online,UPI,5,7765.21,0.1,38826.05,34943.45,0,3860.5,2024,2,February,Friday,38826.05,34943.44500000001
2024-02-16,ORD008161,CUST03571,P010,Coffee Maker,Home,Jaipur,Online,Credit Card,1,5367.01,0.05,5367.01,5098.66,0,1170.92,2024,2,February,Friday,5367.01,5098.6595
2024-02-16,ORD000983,CUST04890,P004,Smartwatch,Electronics,Pune,Store,Credit Card,1,6916.21,0.1,6916.21,6224.59,0,1294.7,2024,2,February,Friday,6916.21,6224.589
2024-02-16,ORD032231,CUST00129,P005,Office Chair,Furniture,Delhi,Online,UPI,2,8893.44,0.0,17786.88,17786.88,0,4081.57,2024,2,February,Friday,17786.88,17786.88
2024-02-16,ORD002286,CUST03665,P012,Air Fryer,Home,Mumbai,Online,Credit Card,1,7095.33,0.1,7095.33,6385.8,1,-319.29,2024,2,February,Friday,7095.33,6385.7970000000005
2024-02-16,ORD002285,CUST04975,P009,T-Shirt,Fashion,Surat,Online,Debit Card,2,1257.78,0.05,2515.56,2389.78,0,604.28,2024,2,February,Friday,2515.56,2389.7819999999997
2024-02-16,ORD041154,CUST02941,P001,Laptop,Electronics,Ahmedabad,Online,Net Banking,1,65812.45,0.0,65812.45,65812.45,0,18260.81,2024,2,February,Friday,65812.45,65812.45
2024-02-16,ORD043606,CUST04360,P004,Smartwatch,Electronics,Pune,Online,Credit Card,1,6559.42,0.0,6559.42,6559.42,0,783.42,2024,2,February,Friday,6559.42,6559.42
2024-02-16,ORD017199,CUST02415,P019,Vacuum Cleaner,Home,Mumbai,Store,Net Banking,1,9272.94,0.2,9272.94,7418.35,0,1048.43,2024,2,February,Friday,9272.94,7418.352000000001
2024-02-16,ORD003358,CUST01209,P003,Headphones,Electronics,Mumbai,Online,Net Banking,2,4281.61,0.1,8563.22,7706.9,0,1599.2,2024,2,February,Friday,8563.22,7706.897999999999
2024-02-16,ORD049364,CUST01894,P015,Dining Table,Furniture,Mumbai,Online,Credit Card,1,22615.18,0.1,22615.18,20353.66,0,2450.85,2024,2,February,Friday,22615.18,20353.662
2024-02-16,ORD035446,CUST01500,P012,Air Fryer,Home,Kolkata,Online,Credit Card,3,7092.52,0.05,21277.56,20213.68,0,2174.22,2024,2,February,Friday,21277.56,20213.682
2024-02-16,ORD036684,CUST01083,P006,Desk,Furniture,Pune,Store,Cash,3,12146.59,0.15,36439.77,30973.8,0,5623.89,2024,2,February,Friday,36439.770000000004,30973.804499999995
2024-02-16,ORD012650,CUST01098,P005,Office Chair,Furniture,Jaipur,Online,UPI,2,9120.0,0.2,18240.0,14592.0,0,2611.55,2024,2,February,Friday,18240.0,14592.0
2024-02-16,ORD048995,CUST00967,P003,Headphones,Electronics,Jaipur,Store,Debit Card,2,4602.17,0.05,9204.34,8744.12,0,720.99,2024,2,February,Friday,9204.34,8744.123
2024-02-16,ORD001197,CUST04897,P007,Backpack,Accessories,Chennai,Online,UPI,1,2242.3,0.1,2242.3,2018.07,0,127.15,2024,2,February,Friday,2242.3,2018.0700000000002
2024-02-16,ORD006757,CUST01820,P003,Headphones,Electronics,Delhi,Online,UPI,2,4443.36,0.05,8886.72,8442.38,0,1010.44,2024,2,February,Friday,8886.72,8442.383999999998
2024-02-16,ORD010851,CUST01752,P004,Smartwatch,Electronics,Surat,Online,UPI,1,6445.09,0.15,6445.09,5478.33,0,940.61,2024,2,February,Friday,6445.09,5478.3265
2024-02-16,ORD024303,CUST01402,P010,Coffee Maker,Home,Kolkata,Online,UPI,1,5835.98,0.05,5835.98,5544.18,0,814.16,2024,2,February,Friday,5835.98,5544.181
2024-02-16,ORD007387,CUST04121,P009,T-Shirt,Fashion,Hyderabad,Online,Credit Card,2,1117.85,0.05,2235.7,2123.91,0,434.24,2024,2,February,Friday,2235.7,2123.9149999999995
2024-02-16,ORD029304,CUST01063,P002,Smartphone,Electronics,Kolkata,Store,UPI,2,29477.98,0.1,58955.96,53060.36,0,12335.0,2024,2,February,Friday,58955.96,53060.364
2024-02-16,ORD001990,CUST02486,P010,Coffee Maker,Home,Kolkata,Online,UPI,5,4999.95,0.0,24999.75,24999.75,0,4113.99,2024,2,February,Friday,24999.75,24999.75
2024-02-16,ORD045388,CUST04595,P002,Smartphone,Electronics,Ahmedabad,Online,Net Banking,1,27772.95,0.0,27772.95,27772.95,0,3576.68,2024,2,February,Friday,27772.95,27772.95
2024-02-16,ORD025642,CUST02165,P018,Jacket,Fashion,Surat,Online,Debit Card,1,5698.75,0.0,5698.75,5698.75,0,872.71,2024,2,February,Friday,5698.75,5698.75
2024-02-16,ORD036263,CUST04670,P001,Laptop,Electronics,Surat,Online,Credit Card,1,65878.85,0.1,65878.85,59290.96,0,8276.3,2024,2,February,Friday,65878.85,59290.965000000004
2024-02-16,ORD027519,CUST04977,P017,Jeans,Fashion,Delhi,Online,UPI,1,2530.01,0.1,2530.01,2277.01,0,227.35,2024,2,February,Friday,2530.01,2277.0090000000005
2024-02-16,ORD018267,CUST04522,P020,Microwave,Home,Chennai,Online,Credit Card,2,11222.73,0.15,22445.46,19078.64,0,4186.56,2024,2,February,Friday,22445.46,19078.641
2024-02-16,ORD005309,CUST04847,P010,Coffee Maker,Home,Hyderabad,Store,Credit Card,1,5846.26,0.1,5846.26,5261.63,1,-263.08,2024,2,February,Friday,5846.26,5261.634
2024-02-16,ORD028768,CUST04172,P004,Smartwatch,Electronics,Pune,Online,Debit Card,4,7415.82,0.1,29663.28,26696.95,0,2002.14,2024,2,February,Friday,29663.28,26696.952
2024-02-16,ORD006753,CUST02579,P010,Coffee Maker,Home,Kolkata,Online,Credit Card,1,5227.45,0.1,5227.45,4704.7,0,914.12,2024,2,February,Friday,5227.45,4704.705
2024-02-16,ORD012159,CUST02530,P005,Office Chair,Furniture,Mumbai,Online,Debit Card,4,8640.23,0.05,34560.92,32832.87,0,9040.89,2024,2,February,Friday,34560.92,32832.873999999996
2024-02-16,ORD022349,CUST02907,P016,Sofa,Furniture,Bengaluru,Online,Credit Card,1,37933.18,0.15,37933.18,32243.2,0,3308.39,2024,2,February,Friday,37933.18,32243.202999999998
2024-02-16,ORD020581,CUST04797,P013,Monitor,Electronics,Surat,Online,Credit Card,1,17925.23,0.15,17925.23,15236.45,0,3454.92,2024,2,February,Friday,17925.23,15236.4455
2024-02-16,ORD014528,CUST00879,P020,Microwave,Home,Bengaluru,Store,Credit Card,1,11646.11,0.15,11646.11,9899.19,0,2047.77,2024,2,February,Friday,11646.11,9899.1935
2024-02-16,ORD045455,CUST03875,P015,Dining Table,Furniture,Hyderabad,Online,UPI,4,22286.72,0.0,89146.88,89146.88,0,24577.37,2024,2,February,Friday,89146.88,89146.88
2024-02-16,ORD028733,CUST02378,P016,Sofa,Furniture,Kolkata,Store,UPI,2,36409.82,0.15,72819.64,61896.69,0,6510.25,2024,2,February,Friday,72819.64,61896.693999999996
2024-02-16,ORD007298,CUST02648,P016,Sofa,Furniture,Bengaluru,Online,Cash,1,32983.38,0.15,32983.38,28035.87,0,3724.23,2024,2,February,Friday,32983.38,28035.872999999996
2024-02-16,ORD038930,CUST04721,P009,T-Shirt,Fashion,Delhi,Store,Net Banking,1,1181.1,0.2,1181.1,944.88,0,174.82,2024,2,February,Friday,1181.1,944.88
2024-02-16,ORD010177,CUST00854,P001,Laptop,Electronics,Bengaluru,Online,Debit Card,1,70463.93,0.05,70463.93,66940.73,0,17574.89,2024,2,February,Friday,70463.93,66940.73349999999
2024-02-16,ORD034952,CUST00325,P004,Smartwatch,Electronics,Bengaluru,Store,Credit Card,2,7562.71,0.1,15125.42,13612.88,0,2909.81,2024,2,February,Friday,15125.42,13612.878
2024-02-16,ORD038506,CUST02497,P008,Running Shoes,Fashion,Kolkata,Online,Credit Card,2,4229.22,0.1,8458.44,7612.6,0,1402.85,2024,2,February,Friday,8458.44,7612.5960000000005
2024-02-16,ORD038304,CUST02174,P014,Keyboard,Electronics,Surat,Store,UPI,1,2671.57,0.0,2671.57,2671.57,0,586.38,2024,2,February,Friday,2671.57,2671.57
2024-02-16,ORD047895,CUST00640,P016,Sofa,Furniture,Mumbai,Store,Credit Card,2,35100.71,0.1,70201.42,63181.28,0,15331.19,2024,2,February,Friday,70201.42,63181.278
2024-02-16,ORD008870,CUST00265,P011,Mixer Grinder,Home,Kolkata,Store,UPI,3,4688.71,0.05,14066.13,13362.82,0,2634.62,2024,2,February,Friday,14066.130000000001,13362.823499999999
2024-02-16,ORD037946,CUST02539,P005,Office Chair,Furniture,Hyderabad,Online,UPI,3,10248.18,0.1,30744.54,27670.09,0,5401.47,2024,2,February,Friday,30744.54,27670.086000000003
2024-02-16,ORD024702,CUST04588,P004,Smartwatch,Electronics,Pune,Online,UPI,1,7340.26,0.0,7340.26,7340.26,0,1982.82,2024,2,February,Friday,7340.26,7340.26
2024-02-16,ORD011920,CUST01004,P006,Desk,Furniture,Delhi,Online,UPI,2,10826.05,0.0,21652.1,21652.1,0,2773.45,2024,2,February,Friday,21652.1,21652.1
2024-02-17,ORD005232,CUST00741,P020,Microwave,Home,Jaipur,Online,Net Banking,1,10164.36,0.1,10164.36,9147.92,0,2542.37,2024,2,February,Saturday,10164.36,9147.924
2024-02-17,ORD036597,CUST02529,P003,Headphones,Electronics,Surat,Online,UPI,4,4620.89,0.15,18483.56,15711.03,1,-785.55,2024,2,February,Saturday,18483.56,15711.026
2024-02-17,ORD021330,CUST01609,P001,Laptop,Electronics,Kolkata,Store,UPI,1,63537.37,0.0,63537.37,63537.37,0,12764.47,2024,2,February,Saturday,63537.37,63537.37
2024-02-17,ORD044010,CUST04712,P014,Keyboard,Electronics,Ahmedabad,Store,Debit Card,4,2541.82,0.0,10167.28,10167.28,0,1186.91,2024,2,February,Saturday,10167.28,10167.28
2024-02-17,ORD045727,CUST01226,P003,Headphones,Electronics,Jaipur,Store,UPI,1,4310.01,0.25,4310.01,3232.51,1,-161.63,2024,2,February,Saturday,4310.01,3232.5075
2024-02-17,ORD017508,CUST03531,P009,T-Shirt,Fashion,Delhi,Store,Net Banking,4,1285.35,0.0,5141.4,5141.4,0,872.33,2024,2,February,Saturday,5141.4,5141.4
2024-02-17,ORD011901,CUST00013,P010,Coffee Maker,Home,Ahmedabad,Online,Net Banking,3,5854.74,0.05,17564.22,16686.01,0,3181.69,2024,2,February,Saturday,17564.22,16686.009000000002
2024-02-17,ORD019005,CUST02333,P001,Laptop,Electronics,Hyderabad,Online,Net Banking,1,66974.78,0.1,66974.78,60277.3,0,5270.89,2024,2,February,Saturday,66974.78,60277.302
2024-02-17,ORD042532,CUST04890,P006,Desk,Furniture,Pune,Store,Debit Card,2,12715.89,0.25,25431.78,19073.84,0,3945.71,2024,2,February,Saturday,25431.78,19073.835
2024-02-17,ORD036960,CUST04920,P004,Smartwatch,Electronics,Kolkata,Store,UPI,3,6920.67,0.2,20762.01,16609.61,0,1112.82,2024,2,February,Saturday,20762.010000000002,16609.608
2024-02-17,ORD005677,CUST03797,P004,Smartwatch,Electronics,Mumbai,Online,Credit Card,1,7470.84,0.1,7470.84,6723.76,0,1766.8,2024,2,February,Saturday,7470.84,6723.756
2024-02-17,ORD005743,CUST02382,P003,Headphones,Electronics,Pune,Store,UPI,2,4899.02,0.0,9798.04,9798.04,0,1056.72,2024,2,February,Saturday,9798.04,9798.04
2024-02-17,ORD025810,CUST03403,P012,Air Fryer,Home,Bengaluru,Online,UPI,1,7820.78,0.0,7820.78,7820.78,0,2195.34,2024,2,February,Saturday,7820.78,7820.78
2024-02-17,ORD006491,CUST03630,P004,Smartwatch,Electronics,Chennai,Store,UPI,1,7517.69,0.05,7517.69,7141.81,0,818.41,2024,2,February,Saturday,7517.69,7141.8054999999995
2024-02-17,ORD014875,CUST03035,P015,Dining Table,Furniture,Chennai,Online,Credit Card,1,19840.86,0.05,19840.86,18848.82,0,4300.39,2024,2,February,Saturday,19840.86,18848.817
2024-02-17,ORD001057,CUST03943,P014,Keyboard,Electronics,Bengaluru,Store,UPI,1,2471.54,0.0,2471.54,2471.54,0,731.7,2024,2,February,Saturday,2471.54,2471.54
2024-02-17,ORD030507,CUST02645,P013,Monitor,Electronics,Surat,Online,UPI,3,16561.64,0.1,49684.92,44716.43,0,10982.58,2024,2,February,Saturday,49684.92,44716.428
2024-02-17,ORD040321,CUST02011,P006,Desk,Furniture,Chennai,Online,UPI,1,12049.47,0.15,12049.47,10242.05,0,1478.95,2024,2,February,Saturday,12049.47,10242.0495
2024-02-17,ORD023505,CUST04902,P010,Coffee Maker,Home,Pune,Store,Credit Card,1,5390.25,0.1,5390.25,4851.23,1,-242.56,2024,2,February,Saturday,5390.25,4851.225
2024-02-17,ORD041250,CUST02623,P020,Microwave,Home,Jaipur,Online,UPI,1,11893.45,0.0,11893.45,11893.45,0,2983.67,2024,2,February,Saturday,11893.45,11893.45
2024-02-17,ORD032918,CUST03164,P008,Running Shoes,Fashion,Mumbai,Online,Credit Card,1,4291.29,0.1,4291.29,3862.16,0,867.8,2024,2,February,Saturday,4291.29,3862.161
2024-02-17,ORD013063,CUST01857,P003,Headphones,Electronics,Pune,Online,UPI,3,4794.36,0.15,14383.08,12225.62,0,2111.54,2024,2,February,Saturday,14383.079999999998,12225.618
2024-02-17,ORD049230,CUST00596,P006,Desk,Furniture,Chennai,Online,UPI,1,12060.83,0.05,12060.83,11457.79,0,1709.48,2024,2,February,Saturday,12060.83,11457.788499999999
2024-02-17,ORD007896,CUST02292,P002,Smartphone,Electronics,Kolkata,Online,UPI,1,27192.12,0.0,27192.12,27192.12,0,4142.92,2024,2,February,Saturday,27192.12,27192.12
2024-02-17,ORD033381,CUST03506,P019,Vacuum Cleaner,Home,Kolkata,Store,UPI,1,8428.1,0.25,8428.1,6321.08,0,1250.3,2024,2,February,Saturday,8428.1,6321.075000000001
2024-02-17,ORD033055,CUST00767,P007,Backpack,Accessories,Chennai,Store,Credit Card,1,2220.47,0.25,2220.47,1665.35,0,342.09,2024,2,February,Saturday,2220.47,1665.3525
2024-02-17,ORD017149,CUST02424,P005,Office Chair,Furniture,Jaipur,Online,Credit Card,2,8699.85,0.05,17399.7,16529.72,0,3084.38,2024,2,February,Saturday,17399.7,16529.715
2024-02-17,ORD018739,CUST03142,P013,Monitor,Electronics,Surat,Online,UPI,1,17543.49,0.0,17543.49,17543.49,0,3615.94,2024,2,February,Saturday,17543.49,17543.49
2024-02-17,ORD022114,CUST04172,P014,Keyboard,Electronics,Surat,Online,UPI,2,2663.31,0.1,5326.62,4793.96,0,1181.05,2024,2,February,Saturday,5326.62,4793.958
2024-02-17,ORD048629,CUST00554,P005,Office Chair,Furniture,Hyderabad,Store,Cash,1,10116.08,0.05,10116.08,9610.28,0,2310.29,2024,2,February,Saturday,10116.08,9610.276
2024-02-17,ORD043753,CUST04815,P013,Monitor,Electronics,Mumbai,Online,Credit Card,1,18738.62,0.0,18738.62,18738.62,0,5215.04,2024,2,February,Saturday,18738.62,18738.62
2024-02-17,ORD019173,CUST03670,P002,Smartphone,Electronics,Kolkata,Online,UPI,1,27642.18,0.0,27642.18,27642.18,0,6122.97,2024,2,February,Saturday,27642.18,27642.18
2024-02-17,ORD045989,CUST02263,P011,Mixer Grinder,Home,Hyderabad,Online,Credit Card,1,4346.44,0.2,4346.44,3477.15,0,838.38,2024,2,February,Saturday,4346.44,3477.152
2024-02-17,ORD030224,CUST04364,P020,Microwave,Home,Kolkata,Store,Credit Card,5,10023.07,0.15,50115.35,42598.05,0,4887.12,2024,2,February,Saturday,50115.35,42598.0475
2024-02-17,ORD021091,CUST02601,P020,Microwave,Home,Chennai,Online,UPI,5,11567.47,0.25,57837.35,43378.01,0,8726.96,2024,2,February,Saturday,57837.35,43378.0125
2024-02-17,ORD035729,CUST04639,P017,Jeans,Fashion,Surat,Store,Credit Card,4,3052.88,0.1,12211.52,10990.37,1,-549.52,2024,2,February,Saturday,12211.52,10990.368
2024-02-17,ORD021504,CUST01807,P001,Laptop,Electronics,Jaipur,Online,UPI,1,67286.27,0.05,67286.27,63921.96,0,10575.87,2024,2,February,Saturday,67286.27,63921.9565
2024-02-17,ORD006053,CUST00108,P013,Monitor,Electronics,Chennai,Online,UPI,1,19438.41,0.15,19438.41,16522.65,0,1216.15,2024,2,February,Saturday,19438.41,16522.6485
2024-02-17,ORD013176,CUST03094,P020,Microwave,Home,Pune,Store,UPI,3,12085.17,0.05,36255.51,34442.73,0,6695.56,2024,2,February,Saturday,36255.51,34442.7345
2024-02-17,ORD035831,CUST01385,P011,Mixer Grinder,Home,Chennai,Online,Credit Card,3,4433.67,0.15,13301.01,11305.86,0,2903.34,2024,2,February,Saturday,13301.01,11305.8585
2024-02-17,ORD046740,CUST00557,P002,Smartphone,Electronics,Surat,Online,Debit Card,2,29616.89,0.1,59233.78,53310.4,0,6166.68,2024,2,February,Saturday,59233.78,53310.402
2024-02-17,ORD008375,CUST01203,P016,Sofa,Furniture,Delhi,Online,UPI,3,34616.01,0.05,103848.03,98655.63,1,-4932.78,2024,2,February,Saturday,103848.03,98655.62849999999
2024-02-17,ORD026110,CUST02212,P008,Running Shoes,Fashion,Mumbai,Online,Net Banking,1,4512.12,0.05,4512.12,4286.51,0,1114.08,2024,2,February,Saturday,4512.12,4286.514
2024-02-17,ORD043882,CUST04093,P019,Vacuum Cleaner,Home,Surat,Online,UPI,1,8988.94,0.25,8988.94,6741.7,0,624.02,2024,2,February,Saturday,8988.94,6741.705
2024-02-17,ORD009292,CUST03311,P010,Coffee Maker,Home,Ahmedabad,Online,Net Banking,5,5655.71,0.25,28278.55,21208.91,0,3328.04,2024,2,February,Saturday,28278.55,21208.9125
2024-02-17,ORD001333,CUST01623,P006,Desk,Furniture,Ahmedabad,Store,UPI,3,12933.95,0.0,38801.85,38801.85,0,8896.44,2024,2,February,Saturday,38801.850000000006,38801.85
2024-02-17,ORD044369,CUST01176,P011,Mixer Grinder,Home,Surat,Store,Credit Card,1,4346.99,0.25,4346.99,3260.24,0,456.97,2024,2,February,Saturday,4346.99,3260.2425
2024-02-17,ORD016121,CUST01681,P004,Smartwatch,Electronics,Kolkata,Online,UPI,1,6708.4,0.2,6708.4,5366.72,0,541.44,2024,2,February,Saturday,6708.4,5366.72
2024-02-17,ORD016494,CUST01766,P017,Jeans,Fashion,Chennai,Online,Cash,2,2971.98,0.0,5943.96,5943.96,0,1294.15,2024,2,February,Saturday,5943.96,5943.96
2024-02-17,ORD000061,CUST03645,P009,T-Shirt,Fashion,Ahmedabad,Online,Debit Card,1,1245.07,0.1,1245.07,1120.56,0,105.93,2024,2,February,Saturday,1245.07,1120.5629999999999
2024-02-17,ORD020276,CUST02320,P014,Keyboard,Electronics,Chennai,Online,Net Banking,2,2490.16,0.0,4980.32,4980.32,0,523.74,2024,2,February,Saturday,4980.32,4980.32
2024-02-17,ORD029542,CUST04614,P016,Sofa,Furniture,Bengaluru,Store,Cash,1,34945.22,0.05,34945.22,33197.96,0,4926.42,2024,2,February,Saturday,34945.22,33197.959
2024-02-17,ORD017818,CUST01873,P010,Coffee Maker,Home,Jaipur,Online,Credit Card,1,5146.64,0.1,5146.64,4631.98,0,1042.44,2024,2,February,Saturday,5146.64,4631.976000000001
2024-02-17,ORD029850,CUST03992,P016,Sofa,Furniture,Ahmedabad,Online,UPI,1,31650.34,0.0,31650.34,31650.34,0,9203.0,2024,2,February,Saturday,31650.34,31650.34
2024-02-17,ORD032188,CUST02812,P011,Mixer Grinder,Home,Ahmedabad,Store,Cash,1,4662.8,0.05,4662.8,4429.66,0,388.4,2024,2,February,Saturday,4662.8,4429.66
2024-02-17,ORD016282,CUST04627,P010,Coffee Maker,Home,Mumbai,Online,Credit Card,1,5408.42,0.1,5408.42,4867.58,0,1028.14,2024,2,February,Saturday,5408.42,4867.578
2024-02-17,ORD039821,CUST04299,P019,Vacuum Cleaner,Home,Kolkata,Online,UPI,4,8712.06,0.15,34848.24,29621.0,0,6457.82,2024,2,February,Saturday,34848.24,29621.003999999997
2024-02-17,ORD008690,CUST02611,P011,Mixer Grinder,Home,Chennai,Online,UPI,1,4956.68,0.1,4956.68,4461.01,0,880.23,2024,2,February,Saturday,4956.68,4461.012000000001
2024-02-17,ORD018324,CUST04100,P015,Dining Table,Furniture,Bengaluru,Online,UPI,3,20177.18,0.2,60531.54,48425.23,0,5301.78,2024,2,February,Saturday,60531.54,48425.232
2024-02-17,ORD044894,CUST01418,P002,Smartphone,Electronics,Jaipur,Online,Debit Card,1,26411.68,0.15,26411.68,22449.93,0,3779.82,2024,2,February,Saturday,26411.68,22449.928
2024-02-17,ORD023920,CUST00986,P015,Dining Table,Furniture,Kolkata,Store,Credit Card,1,22195.9,0.1,22195.9,19976.31,0,2037.8,2024,2,February,Saturday,22195.9,19976.31
2024-02-17,ORD030987,CUST02310,P008,Running Shoes,Fashion,Hyderabad,Online,UPI,2,4446.38,0.2,8892.76,7114.21,0,1846.63,2024,2,February,Saturday,8892.76,7114.2080000000005
2024-02-17,ORD001183,CUST01673,P005,Office Chair,Furniture,Ahmedabad,Store,UPI,2,10312.52,0.0,20625.04,20625.04,0,2669.87,2024,2,February,Saturday,20625.04,20625.04
2024-02-17,ORD049938,CUST04403,P001,Laptop,Electronics,Hyderabad,Online,Cash,1,70993.49,0.05,70993.49,67443.82,0,6249.28,2024,2,February,Saturday,70993.49,67443.8155
2024-02-17,ORD026613,CUST02063,P017,Jeans,Fashion,Ahmedabad,Store,Cash,1,2626.25,0.0,2626.25,2626.25,0,234.52,2024,2,February,Saturday,2626.25,2626.25
2024-02-17,ORD001174,CUST01855,P011,Mixer Grinder,Home,Chennai,Store,Debit Card,1,5198.33,0.2,5198.33,4158.66,1,-207.93,2024,2,February,Saturday,5198.33,4158.664
2024-02-17,ORD042256,CUST00223,P018,Jacket,Fashion,Surat,Store,Credit Card,1,5253.17,0.15,5253.17,4465.19,0,771.67,2024,2,February,Saturday,5253.17,4465.1945
2024-02-17,ORD026369,CUST03127,P011,Mixer Grinder,Home,Surat,Store,Cash,1,4609.2,0.1,4609.2,4148.28,0,735.66,2024,2,February,Saturday,4609.2,4148.28
2024-02-17,ORD029632,CUST04161,P006,Desk,Furniture,Delhi,Store,UPI,2,11706.19,0.0,23412.38,23412.38,0,2916.15,2024,2,February,Saturday,23412.38,23412.38
2024-02-17,ORD003256,CUST03763,P018,Jacket,Fashion,Pune,Online,UPI,2,5073.16,0.05,10146.32,9639.0,0,2506.93,2024,2,February,Saturday,10146.32,9639.003999999999
2024-02-17,ORD007511,CUST02512,P020,Microwave,Home,Kolkata,Online,Net Banking,1,10906.97,0.15,10906.97,9270.92,0,2142.39,2024,2,February,Saturday,10906.97,9270.9245
2024-02-18,ORD013049,CUST01565,P002,Smartphone,Electronics,Delhi,Store,UPI,1,25425.56,0.0,25425.56,25425.56,0,2725.02,2024,2,February,Sunday,25425.56,25425.56
2024-02-18,ORD018367,CUST04149,P010,Coffee Maker,Home,Pune,Online,UPI,1,5065.97,0.1,5065.97,4559.37,0,958.76,2024,2,February,Sunday,5065.97,4559.3730000000005
2024-02-18,ORD017534,CUST00202,P006,Desk,Furniture,Mumbai,Store,UPI,2,12254.89,0.1,24509.78,22058.8,0,3792.34,2024,2,February,Sunday,24509.78,22058.802
2024-02-18,ORD035709,CUST01788,P013,Monitor,Electronics,Chennai,Store,UPI,1,18910.2,0.25,18910.2,14182.65,0,578.44,2024,2,February,Sunday,18910.2,14182.650000000001
2024-02-18,ORD018346,CUST01813,P007,Backpack,Accessories,Mumbai,Store,Credit Card,1,2189.03,0.15,2189.03,1860.68,0,315.04,2024,2,February,Sunday,2189.03,1860.6755
2024-02-18,ORD011254,CUST02354,P010,Coffee Maker,Home,Bengaluru,Online,Net Banking,1,5264.74,0.05,5264.74,5001.5,0,571.6,2024,2,February,Sunday,5264.74,5001.503
2024-02-18,ORD027903,CUST02906,P014,Keyboard,Electronics,Ahmedabad,Store,Cash,2,2422.14,0.1,4844.28,4359.85,0,614.11,2024,2,February,Sunday,4844.28,4359.852
2024-02-18,ORD046225,CUST04224,P017,Jeans,Fashion,Pune,Store,UPI,1,2605.54,0.15,2605.54,2214.71,0,498.06,2024,2,February,Sunday,2605.54,2214.709
2024-02-18,ORD019284,CUST02072,P020,Microwave,Home,Mumbai,Online,UPI,1,11222.04,0.1,11222.04,10099.84,0,670.98,2024,2,February,Sunday,11222.04,10099.836000000001
2024-02-18,ORD031278,CUST04810,P020,Microwave,Home,Kolkata,Online,Credit Card,1,11451.7,0.05,11451.7,10879.12,0,1093.26,2024,2,February,Sunday,11451.7,10879.115
2024-02-18,ORD031553,CUST03399,P008,Running Shoes,Fashion,Delhi,Store,UPI,1,4403.95,0.2,4403.95,3523.16,0,709.59,2024,2,February,Sunday,4403.95,3523.16
2024-02-18,ORD005429,CUST04215,P007,Backpack,Accessories,Pune,Online,Cash,2,2289.88,0.15,4579.76,3892.8,0,636.03,2024,2,February,Sunday,4579.76,3892.7960000000003
2024-02-18,ORD027921,CUST01971,P014,Keyboard,Electronics,Mumbai,Store,Cash,2,2614.02,0.1,5228.04,4705.24,0,936.83,2024,2,February,Sunday,5228.04,4705.236
2024-02-18,ORD021718,CUST03878,P018,Jacket,Fashion,Bengaluru,Online,UPI,1,5077.13,0.2,5077.13,4061.7,0,251.58,2024,2,February,Sunday,5077.13,4061.704
2024-02-18,ORD007736,CUST02209,P020,Microwave,Home,Ahmedabad,Online,Credit Card,2,10727.12,0.1,21454.24,19308.82,0,3476.87,2024,2,February,Sunday,21454.24,19308.816000000003
2024-02-18,ORD020337,CUST01949,P017,Jeans,Fashion,Ahmedabad,Online,Cash,1,2667.99,0.15,2667.99,2267.79,0,241.36,2024,2,February,Sunday,2667.99,2267.7915
2024-02-18,ORD020472,CUST03074,P018,Jacket,Fashion,Mumbai,Store,Debit Card,1,5391.55,0.0,5391.55,5391.55,0,1209.54,2024,2,February,Sunday,5391.55,5391.55
2024-02-18,ORD033992,CUST04357,P019,Vacuum Cleaner,Home,Kolkata,Online,UPI,2,8503.39,0.1,17006.78,15306.1,0,1649.3,2024,2,February,Sunday,17006.78,15306.101999999999
2024-02-18,ORD004536,CUST04540,P013,Monitor,Electronics,Delhi,Online,Debit Card,1,19447.57,0.0,19447.57,19447.57,0,1782.86,2024,2,February,Sunday,19447.57,19447.57
2024-02-18,ORD004916,CUST03733,P011,Mixer Grinder,Home,Hyderabad,Store,Debit Card,2,4619.93,0.15,9239.86,7853.88,0,1097.97,2024,2,February,Sunday,9239.86,7853.881
2024-02-18,ORD027191,CUST02286,P001,Laptop,Electronics,Kolkata,Online,Credit Card,4,62642.13,0.0,250568.52,250568.52,0,37243.71,2024,2,February,Sunday,250568.52,250568.52
2024-02-18,ORD002232,CUST00451,P011,Mixer Grinder,Home,Chennai,Online,Credit Card,1,4448.72,0.15,4448.72,3781.41,0,287.69,2024,2,February,Sunday,4448.72,3781.4120000000003
2024-02-18,ORD049803,CUST00728,P005,Office Chair,Furniture,Surat,Online,UPI,1,8946.73,0.1,8946.73,8052.06,0,1236.13,2024,2,February,Sunday,8946.73,8052.057
2024-02-18,ORD039292,CUST04988,P009,T-Shirt,Fashion,Surat,Online,UPI,5,1218.22,0.15,6091.1,5177.44,0,1209.14,2024,2,February,Sunday,6091.1,5177.435
2024-02-18,ORD027463,CUST01449,P010,Coffee Maker,Home,Delhi,Store,Net Banking,1,5077.77,0.15,5077.77,4316.1,0,270.72,2024,2,February,Sunday,5077.77,4316.1045
2024-02-18,ORD016253,CUST00071,P019,Vacuum Cleaner,Home,Kolkata,Online,UPI,4,9323.81,0.0,37295.24,37295.24,0,3022.17,2024,2,February,Sunday,37295.24,37295.24
2024-02-18,ORD013728,CUST03106,P004,Smartwatch,Electronics,Chennai,Online,Credit Card,4,7383.11,0.05,29532.44,28055.82,0,6187.2,2024,2,February,Sunday,29532.44,28055.817999999996
2024-02-18,ORD042013,CUST03471,P008,Running Shoes,Fashion,Surat,Online,UPI,1,4113.56,0.15,4113.56,3496.53,1,-174.83,2024,2,February,Sunday,4113.56,3496.5260000000003
2024-02-18,ORD007256,CUST00945,P015,Dining Table,Furniture,Mumbai,Store,UPI,1,22325.47,0.05,22325.47,21209.2,0,3379.34,2024,2,February,Sunday,22325.47,21209.196500000002
2024-02-18,ORD022909,CUST01887,P017,Jeans,Fashion,Mumbai,Store,UPI,1,2629.11,0.1,2629.11,2366.2,0,278.69,2024,2,February,Sunday,2629.11,2366.199
2024-02-18,ORD010501,CUST01768,P016,Sofa,Furniture,Mumbai,Store,UPI,1,32802.34,0.1,32802.34,29522.11,0,5516.9,2024,2,February,Sunday,32802.34,29522.105999999996
2024-02-18,ORD020990,CUST01546,P015,Dining Table,Furniture,Pune,Store,Cash,1,21990.32,0.05,21990.32,20890.8,0,4892.98,2024,2,February,Sunday,21990.32,20890.804
2024-02-18,ORD008458,CUST03281,P020,Microwave,Home,Bengaluru,Online,Net Banking,2,11944.98,0.05,23889.96,22695.46,0,5238.5,2024,2,February,Sunday,23889.96,22695.462
2024-02-18,ORD023797,CUST04932,P011,Mixer Grinder,Home,Ahmedabad,Store,Credit Card,1,4821.03,0.15,4821.03,4097.88,0,811.18,2024,2,February,Sunday,4821.03,4097.8755
2024-02-18,ORD042249,CUST03316,P003,Headphones,Electronics,Pune,Online,UPI,2,4346.8,0.15,8693.6,7389.56,0,1174.03,2024,2,February,Sunday,8693.6,7389.56
2024-02-18,ORD038825,CUST00102,P009,T-Shirt,Fashion,Jaipur,Store,Cash,1,1193.73,0.15,1193.73,1014.67,0,108.09,2024,2,February,Sunday,1193.73,1014.6705
2024-02-18,ORD034521,CUST01554,P010,Coffee Maker,Home,Chennai,Online,UPI,2,5796.33,0.2,11592.66,9274.13,0,2347.88,2024,2,February,Sunday,11592.66,9274.128
2024-02-18,ORD002413,CUST03524,P003,Headphones,Electronics,Pune,Online,Credit Card,2,4193.91,0.05,8387.82,7968.43,0,1531.28,2024,2,February,Sunday,8387.82,7968.428999999999
2024-02-18,ORD017889,CUST04797,P018,Jacket,Fashion,Jaipur,Store,Debit Card,1,5419.32,0.15,5419.32,4606.42,0,916.21,2024,2,February,Sunday,5419.32,4606.422
2024-02-18,ORD047568,CUST01352,P010,Coffee Maker,Home,Chennai,Store,UPI,1,5922.15,0.15,5922.15,5033.83,0,312.25,2024,2,February,Sunday,5922.15,5033.827499999999
2024-02-18,ORD044330,CUST01649,P001,Laptop,Electronics,Ahmedabad,Online,Cash,1,63165.2,0.1,63165.2,56848.68,0,7481.27,2024,2,February,Sunday,63165.2,56848.68
2024-02-18,ORD039611,CUST03735,P017,Jeans,Fashion,Delhi,Store,UPI,1,2814.05,0.15,2814.05,2391.94,0,129.95,2024,2,February,Sunday,2814.05,2391.9425
2024-02-18,ORD022039,CUST03213,P014,Keyboard,Electronics,Ahmedabad,Online,Cash,1,2678.34,0.05,2678.34,2544.42,0,612.7,2024,2,February,Sunday,2678.34,2544.4230000000002
2024-02-18,ORD040363,CUST01420,P014,Keyboard,Electronics,Surat,Online,UPI,1,2302.06,0.25,2302.06,1726.54,0,372.64,2024,2,February,Sunday,2302.06,1726.545
2024-02-18,ORD011040,CUST01210,P012,Air Fryer,Home,Kolkata,Store,Credit Card,1,7094.88,0.2,7094.88,5675.9,0,261.43,2024,2,February,Sunday,7094.88,5675.904
2024-02-18,ORD005030,CUST02228,P010,Coffee Maker,Home,Hyderabad,Store,Credit Card,1,5502.89,0.15,5502.89,4677.46,0,747.1,2024,2,February,Sunday,5502.89,4677.4565
2024-02-18,ORD044870,CUST03266,P009,T-Shirt,Fashion,Hyderabad,Online,Net Banking,2,1143.02,0.0,2286.04,2286.04,0,360.03,2024,2,February,Sunday,2286.04,2286.04
2024-02-18,ORD045445,CUST04600,P012,Air Fryer,Home,Chennai,Online,Net Banking,2,7330.77,0.15,14661.54,12462.31,0,2403.83,2024,2,February,Sunday,14661.54,12462.309000000001
2024-02-18,ORD034353,CUST04178,P012,Air Fryer,Home,Kolkata,Online,Cash,5,6533.93,0.1,32669.65,29402.68,0,2921.24,2024,2,February,Sunday,32669.65,29402.685
2024-02-18,ORD006611,CUST03541,P018,Jacket,Fashion,Kolkata,Store,Credit Card,2,4742.09,0.1,9484.18,8535.76,0,1005.17,2024,2,February,Sunday,9484.18,8535.762
2024-02-18,ORD011925,CUST02829,P010,Coffee Maker,Home,Pune,Store,Debit Card,2,5372.28,0.1,10744.56,9670.1,0,1313.66,2024,2,February,Sunday,10744.56,9670.104
2024-02-18,ORD045174,CUST00941,P005,Office Chair,Furniture,Pune,Store,Credit Card,1,9048.89,0.25,9048.89,6786.67,0,969.36,2024,2,February,Sunday,9048.89,6786.6675
2024-02-18,ORD049139,CUST01560,P007,Backpack,Accessories,Mumbai,Online,UPI,1,2066.19,0.0,2066.19,2066.19,0,289.11,2024,2,February,Sunday,2066.19,2066.19
2024-02-18,ORD037933,CUST02637,P007,Backpack,Accessories,Hyderabad,Store,Credit Card,2,2250.54,0.05,4501.08,4276.03,0,380.17,2024,2,February,Sunday,4501.08,4276.026
2024-02-18,ORD023756,CUST01711,P020,Microwave,Home,Kolkata,Online,UPI,1,11574.54,0.05,11574.54,10995.81,0,801.93,2024,2,February,Sunday,11574.54,10995.813
2024-02-18,ORD018170,CUST02103,P003,Headphones,Electronics,Ahmedabad,Store,UPI,3,4854.69,0.05,14564.07,13835.87,1,-691.79,2024,2,February,Sunday,14564.07,13835.866499999998
2024-02-18,ORD041698,CUST04820,P006,Desk,Furniture,Kolkata,Store,UPI,1,11565.46,0.05,11565.46,10987.19,0,2384.02,2024,2,February,Sunday,11565.46,10987.186999999998
2024-02-18,ORD020416,CUST03866,P010,Coffee Maker,Home,Hyderabad,Store,Debit Card,1,5657.74,0.1,5657.74,5091.97,0,677.8,2024,2,February,Sunday,5657.74,5091.966
2024-02-19,ORD044863,CUST02672,P020,Microwave,Home,Ahmedabad,Store,UPI,1,10629.69,0.0,10629.69,10629.69,0,2292.39,2024,2,February,Monday,10629.69,10629.69
2024-02-19,ORD001077,CUST01166,P008,Running Shoes,Fashion,Bengaluru,Online,UPI,1,4300.77,0.05,4300.77,4085.73,0,340.13,2024,2,February,Monday,4300.77,4085.7315000000003
2024-02-19,ORD028529,CUST01785,P011,Mixer Grinder,Home,Delhi,Store,UPI,1,4799.58,0.05,4799.58,4559.6,0,414.48,2024,2,February,Monday,4799.58,4559.601
2024-02-19,ORD004379,CUST02109,P004,Smartwatch,Electronics,Mumbai,Online,Credit Card,4,6470.19,0.05,25880.76,24586.72,1,-1229.34,2024,2,February,Monday,25880.76,24586.721999999998
2024-02-19,ORD016002,CUST04158,P002,Smartphone,Electronics,Mumbai,Online,Debit Card,3,29962.92,0.15,89888.76,76405.45,0,17523.6,2024,2,February,Monday,89888.76,76405.446
2024-02-19,ORD026479,CUST01659,P009,T-Shirt,Fashion,Bengaluru,Online,Credit Card,4,1226.12,0.1,4904.48,4414.03,0,673.48,2024,2,February,Monday,4904.48,4414.032
2024-02-19,ORD004994,CUST01364,P006,Desk,Furniture,Mumbai,Store,UPI,4,11556.91,0.05,46227.64,43916.26,0,6372.03,2024,2,February,Monday,46227.64,43916.257999999994
2024-02-19,ORD029147,CUST02651,P014,Keyboard,Electronics,Chennai,Online,UPI,3,2572.14,0.15,7716.42,6558.96,0,492.15,2024,2,February,Monday,7716.42,6558.957
2024-02-19,ORD003723,CUST02010,P004,Smartwatch,Electronics,Ahmedabad,Online,UPI,3,7050.6,0.1,21151.8,19036.62,0,4481.24,2024,2,February,Monday,21151.800000000003,19036.62
2024-02-19,ORD026515,CUST00136,P017,Jeans,Fashion,Surat,Online,Credit Card,1,2917.58,0.1,2917.58,2625.82,0,299.89,2024,2,February,Monday,2917.58,2625.822
2024-02-19,ORD040254,CUST00201,P016,Sofa,Furniture,Bengaluru,Store,UPI,3,35366.32,0.1,106098.96,95489.06,0,21248.96,2024,2,February,Monday,106098.95999999999,95489.06400000001
2024-02-19,ORD004498,CUST03823,P009,T-Shirt,Fashion,Hyderabad,Online,Debit Card,1,1265.23,0.2,1265.23,1012.18,0,41.72,2024,2,February,Monday,1265.23,1012.1840000000001
2024-02-19,ORD040685,CUST03837,P008,Running Shoes,Fashion,Kolkata,Online,UPI,1,4606.54,0.2,4606.54,3685.23,0,525.17,2024,2,February,Monday,4606.54,3685.232
2024-02-19,ORD011701,CUST03272,P002,Smartphone,Electronics,Kolkata,Online,Cash,1,28552.85,0.05,28552.85,27125.21,0,4075.06,2024,2,February,Monday,28552.85,27125.207499999997
2024-02-19,ORD048474,CUST02016,P003,Headphones,Electronics,Chennai,Store,UPI,1,4543.11,0.05,4543.11,4315.95,0,497.93,2024,2,February,Monday,4543.11,4315.9545
2024-02-19,ORD015684,CUST04390,P019,Vacuum Cleaner,Home,Jaipur,Online,Credit Card,1,9379.42,0.0,9379.42,9379.42,0,2147.22,2024,2,February,Monday,9379.42,9379.42
2024-02-19,ORD004748,CUST01538,P014,Keyboard,Electronics,Chennai,Online,Debit Card,4,2524.27,0.1,10097.08,9087.37,0,1842.41,2024,2,February,Monday,10097.08,9087.372
2024-02-19,ORD012801,CUST03090,P012,Air Fryer,Home,Jaipur,Online,UPI,3,7388.79,0.0,22166.37,22166.37,0,4206.85,2024,2,February,Monday,22166.37,22166.37
2024-02-19,ORD044571,CUST02302,P011,Mixer Grinder,Home,Kolkata,Store,UPI,1,4493.89,0.05,4493.89,4269.2,0,1209.4,2024,2,February,Monday,4493.89,4269.1955
2024-02-19,ORD047292,CUST04037,P002,Smartphone,Electronics,Jaipur,Store,Net Banking,1,27453.77,0.0,27453.77,27453.77,0,4910.27,2024,2,February,Monday,27453.77,27453.77
2024-02-19,ORD021176,CUST04257,P004,Smartwatch,Electronics,Hyderabad,Online,Debit Card,5,6413.91,0.15,32069.55,27259.12,0,3835.7,2024,2,February,Monday,32069.55,27259.1175
2024-02-19,ORD016528,CUST04053,P003,Headphones,Electronics,Bengaluru,Store,Debit Card,1,4075.72,0.05,4075.72,3871.93,1,-193.6,2024,2,February,Monday,4075.72,3871.9339999999997
2024-02-19,ORD037014,CUST00753,P004,Smartwatch,Electronics,Delhi,Online,UPI,1,7113.33,0.1,7113.33,6402.0,0,1659.42,2024,2,February,Monday,7113.33,6401.997
2024-02-19,ORD040164,CUST01762,P015,Dining Table,Furniture,Hyderabad,Online,UPI,4,22391.11,0.2,89564.44,71651.55,0,10127.37,2024,2,February,Monday,89564.44,71651.55200000001
2024-02-19,ORD022375,CUST04324,P003,Headphones,Electronics,Pune,Store,UPI,1,4140.53,0.15,4140.53,3519.45,0,812.69,2024,2,February,Monday,4140.53,3519.4504999999995
2024-02-19,ORD040362,CUST01073,P005,Office Chair,Furniture,Bengaluru,Store,Credit Card,1,10443.56,0.2,10443.56,8354.85,0,796.57,2024,2,February,Monday,10443.56,8354.848
2024-02-19,ORD029977,CUST04503,P008,Running Shoes,Fashion,Ahmedabad,Store,Credit Card,5,3908.58,0.0,19542.9,19542.9,0,5705.55,2024,2,February,Monday,19542.9,19542.9
2024-02-19,ORD009833,CUST03017,P007,Backpack,Accessories,Ahmedabad,Online,Credit Card,1,2352.87,0.0,2352.87,2352.87,1,-117.64,2024,2,February,Monday,2352.87,2352.87
2024-02-19,ORD026258,CUST01358,P007,Backpack,Accessories,Surat,Store,Credit Card,1,2158.45,0.05,2158.45,2050.53,0,177.51,2024,2,February,Monday,2158.45,2050.5274999999997
2024-02-19,ORD022717,CUST03909,P016,Sofa,Furniture,Pune,Online,UPI,1,38022.01,0.1,38022.01,34219.81,0,3332.15,2024,2,February,Monday,38022.01,34219.809
2024-02-19,ORD040257,CUST03300,P019,Vacuum Cleaner,Home,Pune,Online,Debit Card,1,8375.14,0.1,8375.14,7537.63,0,456.22,2024,2,February,Monday,8375.14,7537.625999999999
2024-02-19,ORD044045,CUST01026,P008,Running Shoes,Fashion,Delhi,Online,Credit Card,1,3821.7,0.1,3821.7,3439.53,0,643.07,2024,2,February,Monday,3821.7,3439.5299999999997
2024-02-19,ORD038345,CUST00497,P001,Laptop,Electronics,Mumbai,Store,Net Banking,4,58917.41,0.0,235669.64,235669.64,1,-11783.48,2024,2,February,Monday,235669.64,235669.64
2024-02-19,ORD012595,CUST00991,P017,Jeans,Fashion,Pune,Online,UPI,1,2697.94,0.0,2697.94,2697.94,0,394.86,2024,2,February,Monday,2697.94,2697.94
2024-02-19,ORD010743,CUST03277,P010,Coffee Maker,Home,Jaipur,Online,UPI,4,4984.05,0.1,19936.2,17942.58,0,4370.35,2024,2,February,Monday,19936.2,17942.58
2024-02-19,ORD044775,CUST01005,P016,Sofa,Furniture,Jaipur,Store,UPI,2,33475.23,0.05,66950.46,63602.94,0,6727.52,2024,2,February,Monday,66950.46,63602.937000000005
2024-02-19,ORD034978,CUST03340,P005,Office Chair,Furniture,Surat,Online,UPI,2,9539.65,0.0,19079.3,19079.3,0,1946.3,2024,2,February,Monday,19079.3,19079.3
2024-02-19,ORD024698,CUST04673,P002,Smartphone,Electronics,Kolkata,Store,Credit Card,3,28796.44,0.1,86389.32,77750.39,0,6292.77,2024,2,February,Monday,86389.31999999999,77750.388
2024-02-19,ORD047321,CUST02471,P006,Desk,Furniture,Bengaluru,Online,UPI,4,11135.17,0.1,44540.68,40086.61,0,8175.56,2024,2,February,Monday,44540.68,40086.612
2024-02-19,ORD038477,CUST02131,P017,Jeans,Fashion,Bengaluru,Online,Debit Card,1,2824.97,0.15,2824.97,2401.22,0,530.59,2024,2,February,Monday,2824.97,2401.2245
2024-02-19,ORD032992,CUST04527,P002,Smartphone,Electronics,Jaipur,Store,Credit Card,1,27831.19,0.0,27831.19,27831.19,0,7011.65,2024,2,February,Monday,27831.19,27831.19
2024-02-19,ORD036762,CUST01007,P002,Smartphone,Electronics,Chennai,Online,Net Banking,1,27200.72,0.15,27200.72,23120.61,0,2698.74,2024,2,February,Monday,27200.72,23120.612
2024-02-19,ORD035722,CUST04392,P013,Monitor,Electronics,Chennai,Online,UPI,1,19422.5,0.0,19422.5,19422.5,0,5335.11,2024,2,February,Monday,19422.5,19422.5
2024-02-19,ORD011676,CUST04972,P020,Microwave,Home,Jaipur,Store,UPI,1,11390.81,0.05,11390.81,10821.27,0,2428.33,2024,2,February,Monday,11390.81,10821.269499999999
2024-02-19,ORD045312,CUST00054,P003,Headphones,Electronics,Bengaluru,Online,Credit Card,1,4658.16,0.15,4658.16,3959.44,0,623.61,2024,2,February,Monday,4658.16,3959.4359999999997
2024-02-19,ORD008984,CUST00846,P006,Desk,Furniture,Jaipur,Store,UPI,1,12046.56,0.1,12046.56,10841.9,0,1739.43,2024,2,February,Monday,12046.56,10841.904
2024-02-19,ORD012552,CUST04481,P016,Sofa,Furniture,Kolkata,Online,Credit Card,1,37127.58,0.1,37127.58,33414.82,0,5807.86,2024,2,February,Monday,37127.58,33414.822
2024-02-19,ORD029544,CUST04826,P007,Backpack,Accessories,Bengaluru,Online,Credit Card,1,2058.56,0.15,2058.56,1749.78,0,92.76,2024,2,February,Monday,2058.56,1749.7759999999998
2024-02-19,ORD025673,CUST01256,P013,Monitor,Electronics,Hyderabad,Online,UPI,1,19609.49,0.15,19609.49,16668.07,0,3229.92,2024,2,February,Monday,19609.49,16668.0665
2024-02-19,ORD005211,CUST04554,P006,Desk,Furniture,Kolkata,Online,Net Banking,1,12014.77,0.15,12014.77,10212.55,0,1521.55,2024,2,February,Monday,12014.77,10212.5545
2024-02-19,ORD029529,CUST02106,P015,Dining Table,Furniture,Jaipur,Store,UPI,2,22618.3,0.0,45236.6,45236.6,0,8938.14,2024,2,February,Monday,45236.6,45236.6
2024-02-19,ORD029337,CUST04552,P005,Office Chair,Furniture,Mumbai,Online,Credit Card,2,8570.58,0.0,17141.16,17141.16,0,1542.76,2024,2,February,Monday,17141.16,17141.16
2024-02-19,ORD020932,CUST03556,P006,Desk,Furniture,Chennai,Online,Credit Card,4,10821.82,0.15,43287.28,36794.19,0,3518.56,2024,2,February,Monday,43287.28,36794.187999999995
2024-02-19,ORD022645,CUST00816,P008,Running Shoes,Fashion,Surat,Store,UPI,1,4378.61,0.05,4378.61,4159.68,0,718.35,2024,2,February,Monday,4378.61,4159.679499999999
2024-02-19,ORD047307,CUST01184,P010,Coffee Maker,Home,Kolkata,Online,Debit Card,1,5553.07,0.1,5553.07,4997.76,0,579.65,2024,2,February,Monday,5553.07,4997.763
2024-02-19,ORD031650,CUST00362,P017,Jeans,Fashion,Kolkata,Online,UPI,1,2763.26,0.05,2763.26,2625.1,0,667.32,2024,2,February,Monday,2763.26,2625.097
2024-02-19,ORD022023,CUST04718,P010,Coffee Maker,Home,Pune,Store,UPI,1,5035.88,0.05,5035.88,4784.09,0,1244.32,2024,2,February,Monday,5035.88,4784.086
2024-02-19,ORD027452,CUST02925,P017,Jeans,Fashion,Delhi,Online,UPI,1,2597.38,0.0,2597.38,2597.38,0,505.45,2024,2,February,Monday,2597.38,2597.38
2024-02-19,ORD030980,CUST01109,P007,Backpack,Accessories,Surat,Online,UPI,1,2345.91,0.05,2345.91,2228.61,0,544.44,2024,2,February,Monday,2345.91,2228.6144999999997
2024-02-19,ORD024934,CUST03749,P016,Sofa,Furniture,Hyderabad,Store,UPI,1,31605.16,0.15,31605.16,26864.39,1,-1343.22,2024,2,February,Monday,31605.16,26864.386
2024-02-19,ORD042889,CUST04244,P014,Keyboard,Electronics,Chennai,Store,Credit Card,4,2453.54,0.05,9814.16,9323.45,0,1797.82,2024,2,February,Monday,9814.16,9323.452
2024-02-19,ORD036247,CUST01808,P019,Vacuum Cleaner,Home,Hyderabad,Online,Credit Card,2,8483.39,0.1,16966.78,15270.1,0,2952.58,2024,2,February,Monday,16966.78,15270.101999999999
2024-02-19,ORD042994,CUST02319,P007,Backpack,Accessories,Mumbai,Store,UPI,1,2167.18,0.2,2167.18,1733.74,0,257.75,2024,2,February,Monday,2167.18,1733.744
2024-02-19,ORD042606,CUST00514,P010,Coffee Maker,Home,Surat,Store,Credit Card,1,5822.36,0.0,5822.36,5822.36,0,694.82,2024,2,February,Monday,5822.36,5822.36
2024-02-19,ORD007991,CUST04128,P003,Headphones,Electronics,Jaipur,Store,UPI,1,4546.95,0.1,4546.95,4092.26,1,-204.61,2024,2,February,Monday,4546.95,4092.255
2024-02-19,ORD042265,CUST00358,P001,Laptop,Electronics,Chennai,Online,Net Banking,2,67465.45,0.2,134930.9,107944.72,0,17406.81,2024,2,February,Monday,134930.9,107944.72
2024-02-19,ORD013620,CUST00675,P005,Office Chair,Furniture,Hyderabad,Online,Debit Card,2,8588.95,0.15,17177.9,14601.22,0,1127.78,2024,2,February,Monday,17177.9,14601.215
2024-02-19,ORD017583,CUST03522,P011,Mixer Grinder,Home,Jaipur,Online,Debit Card,2,5258.49,0.1,10516.98,9465.28,0,1803.03,2024,2,February,Monday,10516.98,9465.282
2024-02-20,ORD014716,CUST03473,P004,Smartwatch,Electronics,Chennai,Online,UPI,1,7482.44,0.1,7482.44,6734.2,0,525.15,2024,2,February,Tuesday,7482.44,6734.196
2024-02-20,ORD025384,CUST00511,P016,Sofa,Furniture,Delhi,Online,UPI,1,36168.28,0.1,36168.28,32551.45,0,6100.14,2024,2,February,Tuesday,36168.28,32551.452
2024-02-20,ORD028682,CUST01402,P013,Monitor,Electronics,Kolkata,Online,Credit Card,2,18562.64,0.25,37125.28,27843.96,0,6439.4,2024,2,February,Tuesday,37125.28,27843.96
2024-02-20,ORD040947,CUST00148,P002,Smartphone,Electronics,Jaipur,Store,Credit Card,1,30063.47,0.1,30063.47,27057.12,0,3164.44,2024,2,February,Tuesday,30063.47,27057.123000000003
2024-02-20,ORD022417,CUST02648,P013,Monitor,Electronics,Surat,Online,UPI,1,17490.87,0.1,17490.87,15741.78,0,1016.21,2024,2,February,Tuesday,17490.87,15741.783
2024-02-20,ORD037010,CUST00266,P013,Monitor,Electronics,Bengaluru,Store,Cash,3,17500.73,0.15,52502.19,44626.86,0,2476.78,2024,2,February,Tuesday,52502.19,44626.8615
2024-02-20,ORD034044,CUST03185,P020,Microwave,Home,Surat,Store,Cash,1,10852.67,0.05,10852.67,10310.04,0,2473.66,2024,2,February,Tuesday,10852.67,10310.0365
2024-02-20,ORD008477,CUST00463,P005,Office Chair,Furniture,Hyderabad,Online,Credit Card,5,8862.37,0.15,44311.85,37665.07,0,6011.88,2024,2,February,Tuesday,44311.850000000006,37665.072499999995
2024-02-20,ORD025327,CUST01192,P010,Coffee Maker,Home,Pune,Online,Credit Card,2,5724.79,0.05,11449.58,10877.1,0,1588.45,2024,2,February,Tuesday,11449.58,10877.100999999999
2024-02-20,ORD043220,CUST00756,P005,Office Chair,Furniture,Jaipur,Store,Debit Card,1,10431.06,0.25,10431.06,7823.3,0,935.33,2024,2,February,Tuesday,10431.06,7823.295
2024-02-20,ORD045497,CUST04224,P006,Desk,Furniture,Delhi,Online,UPI,1,12144.72,0.05,12144.72,11537.48,0,1774.99,2024,2,February,Tuesday,12144.72,11537.483999999999
2024-02-20,ORD005748,CUST00229,P008,Running Shoes,Fashion,Ahmedabad,Online,Credit Card,1,4065.45,0.1,4065.45,3658.9,1,-182.95,2024,2,February,Tuesday,4065.45,3658.9049999999997
2024-02-20,ORD001159,CUST04761,P015,Dining Table,Furniture,Mumbai,Online,UPI,4,22854.81,0.1,91419.24,82277.32,0,15168.94,2024,2,February,Tuesday,91419.24,82277.316
2024-02-20,ORD019060,CUST03167,P007,Backpack,Accessories,Mumbai,Store,Credit Card,1,2054.02,0.15,2054.02,1745.92,1,-87.3,2024,2,February,Tuesday,2054.02,1745.917
2024-02-20,ORD049313,CUST03144,P017,Jeans,Fashion,Mumbai,Online,UPI,1,2891.67,0.05,2891.67,2747.09,1,-137.35,2024,2,February,Tuesday,2891.67,2747.0865
2024-02-20,ORD004826,CUST01096,P012,Air Fryer,Home,Kolkata,Online,UPI,1,7031.75,0.15,7031.75,5976.99,0,1262.02,2024,2,February,Tuesday,7031.75,5976.9875
2024-02-20,ORD023140,CUST03848,P009,T-Shirt,Fashion,Pune,Store,UPI,1,1112.44,0.1,1112.44,1001.2,0,107.77,2024,2,February,Tuesday,1112.44,1001.196
2024-02-20,ORD029123,CUST03443,P004,Smartwatch,Electronics,Kolkata,Online,UPI,1,6927.72,0.05,6927.72,6581.33,0,938.95,2024,2,February,Tuesday,6927.72,6581.334
2024-02-20,ORD041999,CUST03526,P016,Sofa,Furniture,Surat,Online,Credit Card,1,33263.6,0.05,33263.6,31600.42,0,4442.21,2024,2,February,Tuesday,33263.6,31600.42
2024-02-20,ORD045336,CUST02876,P010,Coffee Maker,Home,Jaipur,Online,Debit Card,1,5974.27,0.1,5974.27,5376.84,0,363.7,2024,2,February,Tuesday,5974.27,5376.843000000001
2024-02-20,ORD030407,CUST00922,P008,Running Shoes,Fashion,Delhi,Store,Credit Card,1,4415.78,0.1,4415.78,3974.2,0,718.94,2024,2,February,Tuesday,4415.78,3974.2019999999998
2024-02-20,ORD033367,CUST00549,P008,Running Shoes,Fashion,Chennai,Online,Net Banking,2,4109.76,0.05,8219.52,7808.54,0,852.39,2024,2,February,Tuesday,8219.52,7808.544
2024-02-20,ORD008269,CUST04089,P009,T-Shirt,Fashion,Jaipur,Online,Net Banking,4,1231.27,0.1,4925.08,4432.57,0,428.92,2024,2,February,Tuesday,4925.08,4432.572
2024-02-20,ORD026822,CUST00510,P007,Backpack,Accessories,Kolkata,Store,Credit Card,1,2281.58,0.0,2281.58,2281.58,0,430.82,2024,2,February,Tuesday,2281.58,2281.58
2024-02-20,ORD015064,CUST03488,P002,Smartphone,Electronics,Kolkata,Online,UPI,4,28259.38,0.0,113037.52,113037.52,0,20071.49,2024,2,February,Tuesday,113037.52,113037.52
2024-02-20,ORD044541,CUST04575,P009,T-Shirt,Fashion,Surat,Online,Debit Card,1,1141.5,0.1,1141.5,1027.35,0,75.6,2024,2,February,Tuesday,1141.5,1027.3500000000001
2024-02-20,ORD021337,CUST04498,P015,Dining Table,Furniture,Jaipur,Online,Cash,4,20526.31,0.05,82105.24,77999.98,0,12042.6,2024,2,February,Tuesday,82105.24,77999.978
2024-02-20,ORD011434,CUST02289,P008,Running Shoes,Fashion,Kolkata,Online,Credit Card,2,3820.24,0.2,7640.48,6112.38,0,415.57,2024,2,February,Tuesday,7640.48,6112.384
2024-02-20,ORD045726,CUST01086,P019,Vacuum Cleaner,Home,Bengaluru,Store,UPI,1,8338.6,0.05,8338.6,7921.67,0,2138.34,2024,2,February,Tuesday,8338.6,7921.67
2024-02-20,ORD045723,CUST03034,P018,Jacket,Fashion,Hyderabad,Online,UPI,1,4748.77,0.05,4748.77,4511.33,0,652.58,2024,2,February,Tuesday,4748.77,4511.3315
2024-02-20,ORD022994,CUST04113,P006,Desk,Furniture,Ahmedabad,Online,Debit Card,2,11718.82,0.0,23437.64,23437.64,0,4717.7,2024,2,February,Tuesday,23437.64,23437.64
2024-02-20,ORD031797,CUST01723,P018,Jacket,Fashion,Jaipur,Online,UPI,1,5650.29,0.05,5650.29,5367.78,0,1549.13,2024,2,February,Tuesday,5650.29,5367.7755
2024-02-20,ORD035124,CUST04154,P020,Microwave,Home,Chennai,Store,Credit Card,2,11817.58,0.15,23635.16,20089.89,0,2278.41,2024,2,February,Tuesday,23635.16,20089.886
2024-02-20,ORD040709,CUST00873,P003,Headphones,Electronics,Surat,Store,Net Banking,1,4928.94,0.15,4928.94,4189.6,0,310.75,2024,2,February,Tuesday,4928.94,4189.598999999999
2024-02-20,ORD011491,CUST00578,P013,Monitor,Electronics,Bengaluru,Store,UPI,3,16345.74,0.0,49037.22,49037.22,0,11132.67,2024,2,February,Tuesday,49037.22,49037.22
2024-02-20,ORD049114,CUST04542,P015,Dining Table,Furniture,Bengaluru,Store,Debit Card,3,22334.32,0.1,67002.96,60302.66,0,7445.37,2024,2,February,Tuesday,67002.95999999999,60302.664000000004
2024-02-20,ORD018281,CUST04846,P018,Jacket,Fashion,Jaipur,Online,UPI,1,5091.41,0.1,5091.41,4582.27,0,983.21,2024,2,February,Tuesday,5091.41,4582.269
2024-02-20,ORD007811,CUST01420,P020,Microwave,Home,Chennai,Online,UPI,4,10662.12,0.1,42648.48,38383.63,0,8250.52,2024,2,February,Tuesday,42648.48,38383.632000000005
2024-02-20,ORD011157,CUST02805,P016,Sofa,Furniture,Delhi,Online,Cash,1,35699.69,0.25,35699.69,26774.77,0,5118.46,2024,2,February,Tuesday,35699.69,26774.7675
2024-02-20,ORD018787,CUST04248,P001,Laptop,Electronics,Bengaluru,Store,UPI,2,65385.18,0.05,130770.36,124231.84,0,26492.26,2024,2,February,Tuesday,130770.36,124231.84199999999
2024-02-20,ORD027341,CUST01461,P019,Vacuum Cleaner,Home,Mumbai,Store,Credit Card,3,8902.9,0.1,26708.7,24037.83,0,6714.73,2024,2,February,Tuesday,26708.699999999997,24037.83
2024-02-20,ORD036272,CUST02669,P016,Sofa,Furniture,Mumbai,Online,Net Banking,1,37506.67,0.1,37506.67,33756.0,0,5084.45,2024,2,February,Tuesday,37506.67,33756.003
2024-02-20,ORD021217,CUST03493,P009,T-Shirt,Fashion,Hyderabad,Online,UPI,1,1265.14,0.15,1265.14,1075.37,0,226.9,2024,2,February,Tuesday,1265.14,1075.3690000000001
2024-02-20,ORD038840,CUST04597,P013,Monitor,Electronics,Hyderabad,Online,UPI,1,17363.26,0.25,17363.26,13022.44,0,2443.58,2024,2,February,Tuesday,17363.26,13022.445
2024-02-20,ORD011690,CUST00897,P005,Office Chair,Furniture,Jaipur,Online,Credit Card,1,9464.48,0.1,9464.48,8518.03,0,1428.65,2024,2,February,Tuesday,9464.48,8518.032
2024-02-20,ORD044145,CUST03901,P005,Office Chair,Furniture,Chennai,Store,UPI,1,10101.98,0.05,10101.98,9596.88,0,1041.48,2024,2,February,Tuesday,10101.98,9596.881
2024-02-20,ORD041358,CUST04285,P004,Smartwatch,Electronics,Ahmedabad,Online,UPI,2,6688.44,0.0,13376.88,13376.88,0,3784.47,2024,2,February,Tuesday,13376.88,13376.88
2024-02-20,ORD042689,CUST03211,P013,Monitor,Electronics,Kolkata,Store,Credit Card,1,17163.15,0.1,17163.15,15446.84,0,2714.08,2024,2,February,Tuesday,17163.15,15446.835000000001
2024-02-20,ORD038302,CUST03014,P006,Desk,Furniture,Jaipur,Online,Cash,3,13059.09,0.25,39177.27,29382.95,0,3917.07,2024,2,February,Tuesday,39177.270000000004,29382.9525
2024-02-20,ORD000972,CUST00174,P004,Smartwatch,Electronics,Pune,Store,Debit Card,1,6642.93,0.2,6642.93,5314.34,0,1160.78,2024,2,February,Tuesday,6642.93,5314.344000000001
2024-02-20,ORD016738,CUST01016,P009,T-Shirt,Fashion,Ahmedabad,Online,Debit Card,1,1297.8,0.15,1297.8,1103.13,0,294.75,2024,2,February,Tuesday,1297.8,1103.1299999999999
2024-02-20,ORD040452,CUST02181,P014,Keyboard,Electronics,Kolkata,Online,Credit Card,1,2438.84,0.1,2438.84,2194.96,0,534.79,2024,2,February,Tuesday,2438.84,2194.956
2024-02-20,ORD043798,CUST03295,P010,Coffee Maker,Home,Kolkata,Store,Credit Card,1,5583.36,0.05,5583.36,5304.19,0,475.29,2024,2,February,Tuesday,5583.36,5304.191999999999
2024-02-20,ORD030942,CUST03552,P004,Smartwatch,Electronics,Bengaluru,Online,UPI,2,7300.26,0.05,14600.52,13870.49,0,2471.91,2024,2,February,Tuesday,14600.52,13870.494
2024-02-20,ORD005057,CUST03361,P009,T-Shirt,Fashion,Surat,Online,UPI,3,1174.21,0.0,3522.63,3522.63,1,-176.13,2024,2,February,Tuesday,3522.63,3522.63
2024-02-20,ORD011213,CUST02403,P010,Coffee Maker,Home,Kolkata,Store,UPI,2,5822.76,0.05,11645.52,11063.24,0,1282.01,2024,2,February,Tuesday,11645.52,11063.244
2024-02-20,ORD042844,CUST00101,P006,Desk,Furniture,Bengaluru,Online,Debit Card,1,10956.64,0.0,10956.64,10956.64,0,1642.28,2024,2,February,Tuesday,10956.64,10956.64
2024-02-20,ORD036368,CUST03371,P015,Dining Table,Furniture,Hyderabad,Online,Credit Card,1,21657.09,0.0,21657.09,21657.09,0,4228.44,2024,2,February,Tuesday,21657.09,21657.09
2024-02-20,ORD038057,CUST03863,P004,Smartwatch,Electronics,Delhi,Online,Credit Card,1,6857.96,0.15,6857.96,5829.27,0,1218.2,2024,2,February,Tuesday,6857.96,5829.266
2024-02-20,ORD012499,CUST01512,P007,Backpack,Accessories,Hyderabad,Store,Debit Card,1,1980.98,0.1,1980.98,1782.88,1,-89.14,2024,2,February,Tuesday,1980.98,1782.882
2024-02-20,ORD008338,CUST02447,P014,Keyboard,Electronics,Bengaluru,Online,Credit Card,1,2535.85,0.0,2535.85,2535.85,0,752.25,2024,2,February,Tuesday,2535.85,2535.85
2024-02-20,ORD032391,CUST02105,P012,Air Fryer,Home,Surat,Store,Credit Card,1,6803.06,0.05,6803.06,6462.91,0,725.52,2024,2,February,Tuesday,6803.06,6462.907
2024-02-20,ORD018903,CUST03847,P013,Monitor,Electronics,Pune,Store,UPI,4,16650.58,0.1,66602.32,59942.09,0,14191.73,2024,2,February,Tuesday,66602.32,59942.08800000001
2024-02-20,ORD046986,CUST02671,P006,Desk,Furniture,Kolkata,Online,UPI,1,12980.91,0.25,12980.91,9735.68,0,2260.27,2024,2,February,Tuesday,12980.91,9735.682499999999
2024-02-20,ORD018389,CUST01919,P009,T-Shirt,Fashion,Surat,Online,Cash,5,1189.23,0.05,5946.15,5648.84,0,648.68,2024,2,February,Tuesday,5946.15,5648.8425
2024-02-20,ORD010548,CUST04737,P016,Sofa,Furniture,Mumbai,Online,UPI,1,31732.22,0.05,31732.22,30145.61,0,4712.66,2024,2,February,Tuesday,31732.22,30145.609
2024-02-20,ORD037294,CUST00276,P001,Laptop,Electronics,Surat,Store,Credit Card,4,59486.1,0.05,237944.4,226047.18,0,27093.36,2024,2,February,Tuesday,237944.4,226047.18
2024-02-20,ORD032448,CUST03733,P006,Desk,Furniture,Chennai,Online,Credit Card,1,11653.83,0.05,11653.83,11071.14,0,1496.9,2024,2,February,Tuesday,11653.83,11071.1385
2024-02-20,ORD030809,CUST00634,P006,Desk,Furniture,Surat,Store,Credit Card,1,12581.32,0.05,12581.32,11952.25,0,3106.69,2024,2,February,Tuesday,12581.32,11952.253999999999
2024-02-20,ORD011596,CUST02213,P006,Desk,Furniture,Hyderabad,Online,UPI,3,13155.5,0.15,39466.5,33546.52,0,8970.51,2024,2,February,Tuesday,39466.5,33546.525
2024-02-20,ORD042756,CUST02602,P020,Microwave,Home,Ahmedabad,Store,Credit Card,4,10608.51,0.0,42434.04,42434.04,0,6717.57,2024,2,February,Tuesday,42434.04,42434.04
2024-02-20,ORD032476,CUST02105,P002,Smartphone,Electronics,Bengaluru,Store,UPI,1,26584.86,0.05,26584.86,25255.62,0,1966.28,2024,2,February,Tuesday,26584.86,25255.617
2024-02-20,ORD029749,CUST02122,P006,Desk,Furniture,Pune,Online,Credit Card,3,11618.6,0.0,34855.8,34855.8,0,7299.36,2024,2,February,Tuesday,34855.8,34855.8
2024-02-20,ORD020358,CUST01390,P009,T-Shirt,Fashion,Bengaluru,Store,UPI,3,1111.89,0.1,3335.67,3002.1,0,329.21,2024,2,February,Tuesday,3335.67,3002.103
2024-02-20,ORD018771,CUST04895,P020,Microwave,Home,Bengaluru,Online,Debit Card,1,10225.22,0.15,10225.22,8691.44,0,1697.25,2024,2,February,Tuesday,10225.22,8691.437
2024-02-20,ORD008912,CUST04103,P001,Laptop,Electronics,Hyderabad,Store,Debit Card,1,68686.64,0.15,68686.64,58383.64,0,4827.98,2024,2,February,Tuesday,68686.64,58383.644
2024-02-20,ORD009169,CUST03025,P014,Keyboard,Electronics,Chennai,Online,Cash,1,2395.34,0.0,2395.34,2395.34,0,307.86,2024,2,February,Tuesday,2395.34,2395.34
2024-02-21,ORD020210,CUST03467,P017,Jeans,Fashion,Kolkata,Store,UPI,1,2652.49,0.05,2652.49,2519.87,0,422.06,2024,2,February,Wednesday,2652.49,2519.8655
2024-02-21,ORD013770,CUST04258,P010,Coffee Maker,Home,Mumbai,Store,Debit Card,1,5957.56,0.25,5957.56,4468.17,0,939.86,2024,2,February,Wednesday,5957.56,4468.17
2024-02-21,ORD040113,CUST03897,P006,Desk,Furniture,Jaipur,Online,UPI,1,11790.25,0.0,11790.25,11790.25,0,2129.71,2024,2,February,Wednesday,11790.25,11790.25
2024-02-21,ORD005540,CUST04913,P006,Desk,Furniture,Surat,Online,Credit Card,1,12442.1,0.1,12442.1,11197.89,0,1092.12,2024,2,February,Wednesday,12442.1,11197.890000000001
2024-02-21,ORD016425,CUST03188,P009,T-Shirt,Fashion,Mumbai,Online,UPI,2,1234.37,0.1,2468.74,2221.87,0,606.42,2024,2,February,Wednesday,2468.74,2221.866
2024-02-21,ORD012389,CUST02013,P008,Running Shoes,Fashion,Kolkata,Online,Net Banking,1,4048.07,0.2,4048.07,3238.46,0,281.87,2024,2,February,Wednesday,4048.07,3238.456
2024-02-21,ORD040887,CUST04520,P010,Coffee Maker,Home,Kolkata,Online,UPI,1,6034.64,0.05,6034.64,5732.91,0,1087.38,2024,2,February,Wednesday,6034.64,5732.908
2024-02-21,ORD040589,CUST02364,P020,Microwave,Home,Ahmedabad,Online,Debit Card,1,9909.18,0.1,9909.18,8918.26,0,1534.49,2024,2,February,Wednesday,9909.18,8918.262
2024-02-21,ORD014360,CUST02469,P008,Running Shoes,Fashion,Jaipur,Online,UPI,2,3881.3,0.0,7762.6,7762.6,0,894.83,2024,2,February,Wednesday,7762.6,7762.6
2024-02-21,ORD048224,CUST03580,P017,Jeans,Fashion,Chennai,Store,Credit Card,1,2809.42,0.25,2809.42,2107.06,0,462.77,2024,2,February,Wednesday,2809.42,2107.065
2024-02-21,ORD042921,CUST02439,P010,Coffee Maker,Home,Chennai,Store,Cash,3,5014.36,0.0,15043.08,15043.08,0,2344.3,2024,2,February,Wednesday,15043.079999999998,15043.08
2024-02-21,ORD005752,CUST03973,P005,Office Chair,Furniture,Surat,Store,Debit Card,1,9895.43,0.15,9895.43,8411.12,0,1637.63,2024,2,February,Wednesday,9895.43,8411.1155
2024-02-21,ORD018496,CUST00721,P006,Desk,Furniture,Kolkata,Online,Debit Card,3,12243.74,0.1,36731.22,33058.1,0,6265.75,2024,2,February,Wednesday,36731.22,33058.098000000005
2024-02-21,ORD002563,CUST02860,P016,Sofa,Furniture,Chennai,Online,UPI,1,35668.64,0.05,35668.64,33885.21,1,-1694.26,2024,2,February,Wednesday,35668.64,33885.208
2024-02-21,ORD021508,CUST00123,P010,Coffee Maker,Home,Hyderabad,Store,UPI,1,5997.01,0.1,5997.01,5397.31,1,-269.87,2024,2,February,Wednesday,5997.01,5397.309
2024-02-21,ORD024605,CUST01369,P012,Air Fryer,Home,Chennai,Store,Cash,1,7449.06,0.15,7449.06,6331.7,0,1352.18,2024,2,February,Wednesday,7449.06,6331.701
2024-02-21,ORD010387,CUST04965,P020,Microwave,Home,Pune,Online,Credit Card,2,10646.45,0.1,21292.9,19163.61,0,1230.03,2024,2,February,Wednesday,21292.9,19163.61
2024-02-21,ORD021267,CUST02198,P003,Headphones,Electronics,Bengaluru,Store,UPI,1,4133.4,0.15,4133.4,3513.39,1,-175.67,2024,2,February,Wednesday,4133.4,3513.3899999999994
2024-02-21,ORD030161,CUST00019,P017,Jeans,Fashion,Bengaluru,Online,UPI,1,2556.23,0.1,2556.23,2300.61,0,404.44,2024,2,February,Wednesday,2556.23,2300.607
2024-02-21,ORD007708,CUST03224,P012,Air Fryer,Home,Mumbai,Store,Cash,1,7195.04,0.1,7195.04,6475.54,0,802.55,2024,2,February,Wednesday,7195.04,6475.536
2024-02-21,ORD001141,CUST00374,P019,Vacuum Cleaner,Home,Mumbai,Online,UPI,1,8372.86,0.15,8372.86,7116.93,0,1792.28,2024,2,February,Wednesday,8372.86,7116.9310000000005
2024-02-21,ORD006326,CUST02685,P005,Office Chair,Furniture,Surat,Online,Credit Card,1,9687.86,0.0,9687.86,9687.86,0,1334.45,2024,2,February,Wednesday,9687.86,9687.86
2024-02-21,ORD027817,CUST00050,P008,Running Shoes,Fashion,Surat,Online,Net Banking,2,4009.84,0.05,8019.68,7618.7,0,1254.21,2024,2,February,Wednesday,8019.68,7618.696
2024-02-21,ORD012833,CUST02544,P001,Laptop,Electronics,Mumbai,Store,Cash,2,67133.0,0.1,134266.0,120839.4,1,-6041.97,2024,2,February,Wednesday,134266.0,120839.40000000001
2024-02-21,ORD029558,CUST00376,P009,T-Shirt,Fashion,Hyderabad,Online,UPI,1,1285.71,0.0,1285.71,1285.71,0,153.29,2024,2,February,Wednesday,1285.71,1285.71
2024-02-21,ORD024830,CUST03661,P016,Sofa,Furniture,Mumbai,Online,Net Banking,2,38429.67,0.0,76859.34,76859.34,0,9307.98,2024,2,February,Wednesday,76859.34,76859.34
2024-02-21,ORD005323,CUST04947,P013,Monitor,Electronics,Surat,Store,UPI,1,16944.34,0.05,16944.34,16097.12,0,4479.8,2024,2,February,Wednesday,16944.34,16097.123
2024-02-21,ORD018782,CUST04664,P003,Headphones,Electronics,Bengaluru,Store,Credit Card,3,4634.93,0.15,13904.79,11819.07,0,809.24,2024,2,February,Wednesday,13904.79,11819.0715
2024-02-21,ORD000732,CUST01362,P017,Jeans,Fashion,Pune,Online,UPI,1,2719.24,0.1,2719.24,2447.32,0,310.97,2024,2,February,Wednesday,2719.24,2447.316
2024-02-21,ORD007454,CUST04332,P001,Laptop,Electronics,Delhi,Online,Credit Card,2,68040.84,0.1,136081.68,122473.51,1,-6123.68,2024,2,February,Wednesday,136081.68,122473.512
2024-02-21,ORD004156,CUST01746,P001,Laptop,Electronics,Jaipur,Store,Debit Card,1,59501.65,0.05,59501.65,56526.57,0,4102.3,2024,2,February,Wednesday,59501.65,56526.5675
2024-02-21,ORD038168,CUST03507,P019,Vacuum Cleaner,Home,Kolkata,Online,Credit Card,1,8937.33,0.1,8937.33,8043.6,1,-402.18,2024,2,February,Wednesday,8937.33,8043.597
2024-02-21,ORD038323,CUST02967,P011,Mixer Grinder,Home,Bengaluru,Store,UPI,1,4526.83,0.1,4526.83,4074.15,0,1015.27,2024,2,February,Wednesday,4526.83,4074.147
2024-02-21,ORD001257,CUST04225,P019,Vacuum Cleaner,Home,Chennai,Online,UPI,1,8880.04,0.1,8880.04,7992.04,0,2193.27,2024,2,February,Wednesday,8880.04,7992.036000000001
2024-02-21,ORD032861,CUST04451,P010,Coffee Maker,Home,Surat,Online,Cash,2,5883.57,0.25,11767.14,8825.36,0,1226.81,2024,2,February,Wednesday,11767.14,8825.355
2024-02-21,ORD023103,CUST00014,P009,T-Shirt,Fashion,Pune,Online,Debit Card,1,1271.81,0.15,1271.81,1081.04,0,56.37,2024,2,February,Wednesday,1271.81,1081.0384999999999
2024-02-21,ORD013192,CUST04398,P001,Laptop,Electronics,Ahmedabad,Store,Credit Card,5,70100.2,0.1,350501.0,315450.9,0,35987.35,2024,2,February,Wednesday,350501.0,315450.9
2024-02-21,ORD023231,CUST04820,P018,Jacket,Fashion,Pune,Online,UPI,1,5320.64,0.0,5320.64,5320.64,1,-266.03,2024,2,February,Wednesday,5320.64,5320.64
2024-02-21,ORD036815,CUST02512,P005,Office Chair,Furniture,Pune,Online,Credit Card,1,8797.98,0.05,8797.98,8358.08,0,1506.02,2024,2,February,Wednesday,8797.98,8358.080999999998
2024-02-21,ORD011741,CUST03693,P002,Smartphone,Electronics,Pune,Store,UPI,4,26020.36,0.1,104081.44,93673.3,0,12601.81,2024,2,February,Wednesday,104081.44,93673.296
2024-02-21,ORD030685,CUST00281,P017,Jeans,Fashion,Hyderabad,Store,UPI,2,2673.6,0.0,5347.2,5347.2,0,1404.65,2024,2,February,Wednesday,5347.2,5347.2
2024-02-21,ORD004066,CUST02059,P015,Dining Table,Furniture,Chennai,Store,Credit Card,1,23311.28,0.1,23311.28,20980.15,0,2815.82,2024,2,February,Wednesday,23311.28,20980.152
2024-02-21,ORD014480,CUST04325,P008,Running Shoes,Fashion,Hyderabad,Online,Net Banking,4,4550.74,0.1,18202.96,16382.66,0,1833.61,2024,2,February,Wednesday,18202.96,16382.663999999999
2024-02-21,ORD019448,CUST03721,P005,Office Chair,Furniture,Jaipur,Store,Debit Card,1,9638.66,0.25,9638.66,7229.0,0,1108.73,2024,2,February,Wednesday,9638.66,7228.995
2024-02-21,ORD008785,CUST04465,P007,Backpack,Accessories,Chennai,Online,Credit Card,1,2315.85,0.05,2315.85,2200.06,0,179.61,2024,2,February,Wednesday,2315.85,2200.0575
2024-02-21,ORD004830,CUST04129,P003,Headphones,Electronics,Kolkata,Online,UPI,1,4620.3,0.1,4620.3,4158.27,0,850.83,2024,2,February,Wednesday,4620.3,4158.27
2024-02-21,ORD006590,CUST04562,P010,Coffee Maker,Home,Pune,Online,UPI,3,5079.74,0.0,15239.22,15239.22,0,2219.42,2024,2,February,Wednesday,15239.22,15239.22
2024-02-21,ORD037137,CUST02466,P002,Smartphone,Electronics,Surat,Online,UPI,1,28171.23,0.2,28171.23,22536.98,0,4977.23,2024,2,February,Wednesday,28171.23,22536.984
2024-02-21,ORD005118,CUST01008,P019,Vacuum Cleaner,Home,Ahmedabad,Online,UPI,1,9489.83,0.05,9489.83,9015.34,0,1390.62,2024,2,February,Wednesday,9489.83,9015.3385
2024-02-21,ORD002379,CUST03251,P010,Coffee Maker,Home,Hyderabad,Online,UPI,1,5189.19,0.1,5189.19,4670.27,0,592.17,2024,2,February,Wednesday,5189.19,4670.271
2024-02-21,ORD013212,CUST03111,P001,Laptop,Electronics,Kolkata,Online,Net Banking,1,70722.5,0.05,70722.5,67186.38,1,-3359.32,2024,2,February,Wednesday,70722.5,67186.375
2024-02-21,ORD000693,CUST03622,P009,T-Shirt,Fashion,Pune,Store,Net Banking,1,1201.02,0.0,1201.02,1201.02,0,159.85,2024,2,February,Wednesday,1201.02,1201.02
2024-02-21,ORD045865,CUST04382,P016,Sofa,Furniture,Kolkata,Online,Credit Card,1,31582.17,0.0,31582.17,31582.17,0,3180.51,2024,2,February,Wednesday,31582.17,31582.17
2024-02-21,ORD009589,CUST00845,P008,Running Shoes,Fashion,Mumbai,Online,UPI,1,4328.6,0.1,4328.6,3895.74,0,957.8,2024,2,February,Wednesday,4328.6,3895.7400000000002
2024-02-21,ORD046898,CUST04864,P001,Laptop,Electronics,Surat,Online,Credit Card,4,64238.22,0.05,256952.88,244105.24,0,63282.25,2024,2,February,Wednesday,256952.88,244105.236
2024-02-21,ORD017094,CUST02818,P019,Vacuum Cleaner,Home,Pune,Online,UPI,1,9546.77,0.15,9546.77,8114.75,0,1644.56,2024,2,February,Wednesday,9546.77,8114.7545
2024-02-21,ORD034867,CUST03898,P018,Jacket,Fashion,Ahmedabad,Store,UPI,4,5252.61,0.05,21010.44,19959.92,0,4251.62,2024,2,February,Wednesday,21010.44,19959.917999999998
2024-02-21,ORD012319,CUST01923,P004,Smartwatch,Electronics,Jaipur,Store,Net Banking,3,6508.47,0.1,19525.41,17572.87,0,4226.73,2024,2,February,Wednesday,19525.41,17572.869
2024-02-21,ORD040389,CUST03429,P004,Smartwatch,Electronics,Bengaluru,Online,Cash,3,6930.64,0.05,20791.92,19752.32,0,5046.56,2024,2,February,Wednesday,20791.920000000002,19752.323999999997
2024-02-21,ORD019820,CUST04078,P017,Jeans,Fashion,Delhi,Store,Net Banking,1,2621.96,0.0,2621.96,2621.96,0,235.71,2024,2,February,Wednesday,2621.96,2621.96
2024-02-21,ORD032679,CUST02922,P014,Keyboard,Electronics,Hyderabad,Online,Net Banking,1,2683.86,0.15,2683.86,2281.28,0,322.48,2024,2,February,Wednesday,2683.86,2281.281
2024-02-21,ORD029078,CUST04995,P020,Microwave,Home,Hyderabad,Online,UPI,1,11098.51,0.15,11098.51,9433.73,0,982.35,2024,2,February,Wednesday,11098.51,9433.7335
2024-02-21,ORD041379,CUST02258,P008,Running Shoes,Fashion,Hyderabad,Store,UPI,1,4474.45,0.1,4474.45,4027.0,0,402.72,2024,2,February,Wednesday,4474.45,4027.005
2024-02-21,ORD004015,CUST02474,P008,Running Shoes,Fashion,Ahmedabad,Online,Net Banking,1,3921.75,0.05,3921.75,3725.66,0,482.4,2024,2,February,Wednesday,3921.75,3725.6625
2024-02-21,ORD016312,CUST03896,P005,Office Chair,Furniture,Delhi,Online,UPI,2,10375.02,0.2,20750.04,16600.03,0,2179.9,2024,2,February,Wednesday,20750.04,16600.032000000003
2024-02-21,ORD009104,CUST02227,P006,Desk,Furniture,Bengaluru,Online,UPI,2,12836.66,0.1,25673.32,23105.99,0,4433.48,2024,2,February,Wednesday,25673.32,23105.988
2024-02-21,ORD022702,CUST00364,P018,Jacket,Fashion,Hyderabad,Online,UPI,1,5449.69,0.25,5449.69,4087.27,0,652.12,2024,2,February,Wednesday,5449.69,4087.2675
2024-02-21,ORD038634,CUST04668,P008,Running Shoes,Fashion,Delhi,Online,UPI,3,4431.8,0.25,13295.4,9971.55,0,644.37,2024,2,February,Wednesday,13295.400000000001,9971.55
2024-02-21,ORD010953,CUST02414,P004,Smartwatch,Electronics,Ahmedabad,Online,UPI,1,6500.9,0.2,6500.9,5200.72,1,-260.04,2024,2,February,Wednesday,6500.9,5200.72
2024-02-22,ORD049441,CUST02835,P019,Vacuum Cleaner,Home,Jaipur,Store,Cash,1,9184.66,0.05,9184.66,8725.43,0,1192.31,2024,2,February,Thursday,9184.66,8725.427
2024-02-22,ORD042650,CUST01826,P002,Smartphone,Electronics,Kolkata,Store,UPI,2,25747.82,0.0,51495.64,51495.64,0,11682.45,2024,2,February,Thursday,51495.64,51495.64
2024-02-22,ORD002677,CUST01424,P018,Jacket,Fashion,Ahmedabad,Store,Credit Card,2,5655.82,0.1,11311.64,10180.48,1,-509.02,2024,2,February,Thursday,11311.64,10180.476
2024-02-22,ORD030579,CUST02085,P008,Running Shoes,Fashion,Ahmedabad,Store,Debit Card,2,4051.76,0.15,8103.52,6887.99,0,1735.47,2024,2,February,Thursday,8103.52,6887.992
2024-02-22,ORD038530,CUST04104,P012,Air Fryer,Home,Jaipur,Store,Credit Card,3,7262.56,0.1,21787.68,19608.91,0,3189.59,2024,2,February,Thursday,21787.68,19608.912
2024-02-22,ORD019401,CUST02343,P007,Backpack,Accessories,Delhi,Online,UPI,1,2223.76,0.1,2223.76,2001.38,0,443.05,2024,2,February,Thursday,2223.76,2001.3840000000002
2024-02-22,ORD011738,CUST03002,P007,Backpack,Accessories,Jaipur,Store,Credit Card,2,2224.27,0.1,4448.54,4003.69,0,983.11,2024,2,February,Thursday,4448.54,4003.686
2024-02-22,ORD013664,CUST02633,P018,Jacket,Fashion,Hyderabad,Store,Credit Card,1,5201.28,0.0,5201.28,5201.28,0,1230.29,2024,2,February,Thursday,5201.28,5201.28
2024-02-22,ORD035056,CUST00739,P003,Headphones,Electronics,Bengaluru,Online,Credit Card,1,4886.75,0.05,4886.75,4642.41,0,1061.46,2024,2,February,Thursday,4886.75,4642.412499999999
2024-02-22,ORD043872,CUST04615,P017,Jeans,Fashion,Surat,Store,Credit Card,2,2692.44,0.2,5384.88,4307.9,0,864.11,2024,2,February,Thursday,5384.88,4307.904
2024-02-22,ORD017020,CUST01562,P012,Air Fryer,Home,Chennai,Online,Credit Card,1,6894.08,0.05,6894.08,6549.38,1,-327.47,2024,2,February,Thursday,6894.08,6549.375999999999
2024-02-22,ORD001776,CUST00496,P009,T-Shirt,Fashion,Pune,Online,UPI,1,1239.29,0.0,1239.29,1239.29,1,-61.96,2024,2,February,Thursday,1239.29,1239.29
2024-02-22,ORD005933,CUST01022,P007,Backpack,Accessories,Delhi,Online,Cash,1,1996.32,0.1,1996.32,1796.69,0,488.1,2024,2,February,Thursday,1996.32,1796.6879999999999
2024-02-22,ORD013912,CUST00222,P013,Monitor,Electronics,Mumbai,Store,UPI,1,17017.29,0.15,17017.29,14464.7,1,-723.24,2024,2,February,Thursday,17017.29,14464.6965
2024-02-22,ORD043059,CUST02315,P020,Microwave,Home,Jaipur,Store,Credit Card,1,11113.88,0.15,11113.88,9446.8,0,628.84,2024,2,February,Thursday,11113.88,9446.797999999999
2024-02-22,ORD044291,CUST00721,P006,Desk,Furniture,Bengaluru,Online,Credit Card,1,10947.78,0.25,10947.78,8210.84,0,601.4,2024,2,February,Thursday,10947.78,8210.835000000001
2024-02-22,ORD016919,CUST00181,P014,Keyboard,Electronics,Chennai,Online,UPI,2,2609.19,0.0,5218.38,5218.38,0,1226.75,2024,2,February,Thursday,5218.38,5218.38
2024-02-22,ORD028400,CUST03239,P009,T-Shirt,Fashion,Hyderabad,Online,Debit Card,1,1080.61,0.05,1080.61,1026.58,0,205.03,2024,2,February,Thursday,1080.61,1026.5794999999998
2024-02-22,ORD039328,CUST02723,P012,Air Fryer,Home,Hyderabad,Online,Debit Card,2,6977.42,0.15,13954.84,11861.61,0,3163.23,2024,2,February,Thursday,13954.84,11861.614
2024-02-22,ORD020778,CUST01778,P016,Sofa,Furniture,Ahmedabad,Online,Debit Card,4,37407.46,0.05,149629.84,142148.35,0,13790.5,2024,2,February,Thursday,149629.84,142148.348
2024-02-22,ORD039899,CUST01129,P010,Coffee Maker,Home,Mumbai,Online,UPI,1,5076.69,0.2,5076.69,4061.35,0,510.32,2024,2,February,Thursday,5076.69,4061.352
2024-02-22,ORD014207,CUST00245,P015,Dining Table,Furniture,Mumbai,Store,UPI,2,20181.12,0.1,40362.24,36326.02,0,8653.79,2024,2,February,Thursday,40362.24,36326.015999999996
2024-02-22,ORD039374,CUST02402,P002,Smartphone,Electronics,Jaipur,Online,UPI,1,30421.04,0.1,30421.04,27378.94,0,1905.46,2024,2,February,Thursday,30421.04,27378.936
2024-02-22,ORD026379,CUST04116,P011,Mixer Grinder,Home,Delhi,Store,Net Banking,2,5107.74,0.0,10215.48,10215.48,0,2942.8,2024,2,February,Thursday,10215.48,10215.48
2024-02-22,ORD009464,CUST02633,P014,Keyboard,Electronics,Mumbai,Online,UPI,1,2284.85,0.1,2284.85,2056.36,0,259.99,2024,2,February,Thursday,2284.85,2056.365
2024-02-22,ORD029863,CUST03138,P015,Dining Table,Furniture,Bengaluru,Store,UPI,1,21844.77,0.2,21844.77,17475.82,0,1405.0,2024,2,February,Thursday,21844.77,17475.816000000003
2024-02-22,ORD006196,CUST00143,P015,Dining Table,Furniture,Delhi,Online,Credit Card,1,20790.78,0.05,20790.78,19751.24,0,4506.34,2024,2,February,Thursday,20790.78,19751.240999999998
2024-02-22,ORD016257,CUST04135,P016,Sofa,Furniture,Mumbai,Online,Credit Card,1,31707.1,0.05,31707.1,30121.74,0,5868.62,2024,2,February,Thursday,31707.1,30121.745
2024-02-22,ORD011269,CUST00327,P002,Smartphone,Electronics,Bengaluru,Online,Net Banking,1,26663.39,0.2,26663.39,21330.71,0,1175.64,2024,2,February,Thursday,26663.39,21330.712
2024-02-22,ORD017809,CUST03677,P013,Monitor,Electronics,Jaipur,Online,Credit Card,2,17503.0,0.1,35006.0,31505.4,0,7391.76,2024,2,February,Thursday,35006.0,31505.4
2024-02-22,ORD008138,CUST03496,P011,Mixer Grinder,Home,Surat,Store,Credit Card,1,4353.05,0.0,4353.05,4353.05,0,1095.92,2024,2,February,Thursday,4353.05,4353.05
2024-02-22,ORD029652,CUST00363,P002,Smartphone,Electronics,Jaipur,Store,Cash,1,27575.19,0.1,27575.19,24817.67,0,2708.08,2024,2,February,Thursday,27575.19,24817.671
2024-02-22,ORD025014,CUST04524,P005,Office Chair,Furniture,Chennai,Online,UPI,1,9113.04,0.1,9113.04,8201.74,0,1192.45,2024,2,February,Thursday,9113.04,8201.736
2024-02-22,ORD045002,CUST02135,P018,Jacket,Fashion,Surat,Online,Credit Card,2,5002.78,0.1,10005.56,9005.0,0,670.38,2024,2,February,Thursday,10005.56,9005.003999999999
2024-02-22,ORD012432,CUST03891,P011,Mixer Grinder,Home,Jaipur,Online,Debit Card,1,5028.31,0.0,5028.31,5028.31,0,1026.36,2024,2,February,Thursday,5028.31,5028.31
2024-02-22,ORD025487,CUST00988,P016,Sofa,Furniture,Ahmedabad,Online,UPI,1,37576.68,0.05,37576.68,35697.85,0,8802.91,2024,2,February,Thursday,37576.68,35697.846
2024-02-22,ORD019563,CUST03140,P018,Jacket,Fashion,Chennai,Online,Debit Card,1,5114.81,0.15,5114.81,4347.59,0,1121.82,2024,2,February,Thursday,5114.81,4347.5885
2024-02-22,ORD004559,CUST02726,P002,Smartphone,Electronics,Delhi,Store,Credit Card,1,25904.02,0.05,25904.02,24608.82,0,4328.84,2024,2,February,Thursday,25904.02,24608.819
2024-02-22,ORD034531,CUST00399,P014,Keyboard,Electronics,Delhi,Online,Credit Card,1,2511.4,0.15,2511.4,2134.69,0,304.86,2024,2,February,Thursday,2511.4,2134.69
2024-02-22,ORD001812,CUST03940,P011,Mixer Grinder,Home,Mumbai,Store,Debit Card,2,4529.3,0.0,9058.6,9058.6,1,-452.93,2024,2,February,Thursday,9058.6,9058.6
2024-02-22,ORD049966,CUST00101,P013,Monitor,Electronics,Delhi,Store,Credit Card,1,18718.1,0.05,18718.1,17782.19,0,3511.57,2024,2,February,Thursday,18718.1,17782.194999999996
2024-02-22,ORD018282,CUST00411,P004,Smartwatch,Electronics,Chennai,Store,Credit Card,1,7529.63,0.05,7529.63,7153.15,0,1656.91,2024,2,February,Thursday,7529.63,7153.148499999999
2024-02-22,ORD027769,CUST01645,P016,Sofa,Furniture,Jaipur,Online,UPI,3,38122.65,0.0,114367.95,114367.95,0,16928.65,2024,2,February,Thursday,114367.95000000001,114367.95
2024-02-22,ORD004726,CUST03196,P004,Smartwatch,Electronics,Kolkata,Online,UPI,1,7642.94,0.1,7642.94,6878.65,0,829.47,2024,2,February,Thursday,7642.94,6878.646
2024-02-22,ORD005536,CUST04499,P007,Backpack,Accessories,Jaipur,Online,Net Banking,2,2012.97,0.05,4025.94,3824.64,0,864.3,2024,2,February,Thursday,4025.94,3824.643
2024-02-22,ORD002942,CUST03510,P020,Microwave,Home,Hyderabad,Online,Credit Card,2,10055.29,0.2,20110.58,16088.46,1,-804.42,2024,2,February,Thursday,20110.58,16088.464000000002
2024-02-22,ORD049845,CUST00963,P004,Smartwatch,Electronics,Ahmedabad,Online,UPI,1,7413.86,0.0,7413.86,7413.86,0,1449.42,2024,2,February,Thursday,7413.86,7413.86
2024-02-22,ORD027745,CUST02294,P007,Backpack,Accessories,Mumbai,Store,UPI,1,2264.43,0.0,2264.43,2264.43,0,559.44,2024,2,February,Thursday,2264.43,2264.43
2024-02-22,ORD045535,CUST01423,P012,Air Fryer,Home,Mumbai,Online,Debit Card,1,7231.27,0.05,7231.27,6869.71,0,1935.92,2024,2,February,Thursday,7231.27,6869.7065
2024-02-22,ORD009584,CUST03121,P020,Microwave,Home,Pune,Online,Credit Card,2,11690.34,0.15,23380.68,19873.58,1,-993.68,2024,2,February,Thursday,23380.68,19873.578
2024-02-22,ORD019945,CUST03414,P012,Air Fryer,Home,Hyderabad,Store,UPI,2,7324.28,0.05,14648.56,13916.13,0,3478.85,2024,2,February,Thursday,14648.56,13916.132
2024-02-22,ORD005744,CUST00328,P014,Keyboard,Electronics,Delhi,Store,Credit Card,3,2520.28,0.1,7560.84,6804.76,0,435.44,2024,2,February,Thursday,7560.84,6804.756
2024-02-22,ORD016653,CUST03943,P013,Monitor,Electronics,Kolkata,Online,Debit Card,1,17351.4,0.1,17351.4,15616.26,0,2564.45,2024,2,February,Thursday,17351.4,15616.260000000002
2024-02-22,ORD033528,CUST01970,P006,Desk,Furniture,Surat,Online,Net Banking,1,13074.24,0.1,13074.24,11766.82,0,958.75,2024,2,February,Thursday,13074.24,11766.816
2024-02-22,ORD009202,CUST01269,P009,T-Shirt,Fashion,Chennai,Online,UPI,3,1217.08,0.1,3651.24,3286.12,0,362.19,2024,2,February,Thursday,3651.24,3286.116
2024-02-22,ORD014455,CUST04421,P006,Desk,Furniture,Bengaluru,Store,Credit Card,1,13157.8,0.1,13157.8,11842.02,0,1016.99,2024,2,February,Thursday,13157.8,11842.02
2024-02-22,ORD014105,CUST01379,P016,Sofa,Furniture,Mumbai,Store,Net Banking,1,36190.93,0.1,36190.93,32571.84,0,3934.58,2024,2,February,Thursday,36190.93,32571.837
2024-02-22,ORD028238,CUST03963,P015,Dining Table,Furniture,Surat,Store,Cash,1,19990.41,0.05,19990.41,18990.89,0,3952.12,2024,2,February,Thursday,19990.41,18990.889499999997
2024-02-22,ORD021565,CUST02772,P013,Monitor,Electronics,Delhi,Store,Net Banking,1,17096.75,0.2,17096.75,13677.4,0,3387.61,2024,2,February,Thursday,17096.75,13677.400000000001
2024-02-22,ORD031070,CUST01145,P005,Office Chair,Furniture,Jaipur,Store,Net Banking,1,9704.76,0.0,9704.76,9704.76,0,2427.53,2024,2,February,Thursday,9704.76,9704.76
2024-02-22,ORD015124,CUST02945,P019,Vacuum Cleaner,Home,Delhi,Online,Debit Card,2,8852.08,0.05,17704.16,16818.95,0,2820.84,2024,2,February,Thursday,17704.16,16818.951999999997
2024-02-22,ORD034981,CUST01065,P004,Smartwatch,Electronics,Bengaluru,Store,UPI,1,6742.29,0.1,6742.29,6068.06,0,852.72,2024,2,February,Thursday,6742.29,6068.061
2024-02-22,ORD033383,CUST00487,P001,Laptop,Electronics,Kolkata,Store,Cash,1,58593.33,0.0,58593.33,58593.33,0,17349.7,2024,2,February,Thursday,58593.33,58593.33
2024-02-22,ORD047594,CUST03796,P003,Headphones,Electronics,Surat,Store,Net Banking,2,4795.73,0.0,9591.46,9591.46,0,1401.66,2024,2,February,Thursday,9591.46,9591.46
2024-02-22,ORD027978,CUST02357,P014,Keyboard,Electronics,Pune,Store,Credit Card,1,2430.36,0.15,2430.36,2065.81,0,336.31,2024,2,February,Thursday,2430.36,2065.806
2024-02-22,ORD009625,CUST03126,P007,Backpack,Accessories,Kolkata,Store,Credit Card,1,2149.1,0.0,2149.1,2149.1,0,409.67,2024,2,February,Thursday,2149.1,2149.1
2024-02-22,ORD046490,CUST04811,P003,Headphones,Electronics,Bengaluru,Online,Credit Card,3,4933.6,0.0,14800.8,14800.8,0,2655.43,2024,2,February,Thursday,14800.800000000001,14800.8
2024-02-22,ORD046114,CUST02640,P004,Smartwatch,Electronics,Kolkata,Online,UPI,3,6520.72,0.0,19562.16,19562.16,0,1641.48,2024,2,February,Thursday,19562.16,19562.16
2024-02-22,ORD001501,CUST03860,P014,Keyboard,Electronics,Mumbai,Store,Net Banking,1,2696.33,0.15,2696.33,2291.88,0,427.04,2024,2,February,Thursday,2696.33,2291.8804999999998
2024-02-22,ORD001272,CUST04546,P019,Vacuum Cleaner,Home,Chennai,Online,Credit Card,1,9326.26,0.2,9326.26,7461.01,0,1466.49,2024,2,February,Thursday,9326.26,7461.008000000001
2024-02-22,ORD009378,CUST02486,P002,Smartphone,Electronics,Pune,Store,Net Banking,1,29109.97,0.25,29109.97,21832.48,0,2860.1,2024,2,February,Thursday,29109.97,21832.4775
2024-02-22,ORD007172,CUST01140,P011,Mixer Grinder,Home,Jaipur,Store,Credit Card,1,5268.96,0.15,5268.96,4478.62,0,826.39,2024,2,February,Thursday,5268.96,4478.616
2024-02-22,ORD000007,CUST04888,P008,Running Shoes,Fashion,Surat,Store,Credit Card,1,4587.38,0.1,4587.38,4128.64,0,926.51,2024,2,February,Thursday,4587.38,4128.642
2024-02-22,ORD024574,CUST04557,P011,Mixer Grinder,Home,Hyderabad,Online,Debit Card,1,4973.3,0.05,4973.3,4724.64,0,376.1,2024,2,February,Thursday,4973.3,4724.635
2024-02-22,ORD013040,CUST00457,P015,Dining Table,Furniture,Hyderabad,Online,UPI,1,22654.95,0.25,22654.95,16991.21,0,3036.87,2024,2,February,Thursday,22654.95,16991.2125
2024-02-22,ORD041605,CUST00207,P011,Mixer Grinder,Home,Kolkata,Online,Credit Card,1,4585.11,0.0,4585.11,4585.11,0,1017.6,2024,2,February,Thursday,4585.11,4585.11
2024-02-22,ORD029250,CUST03392,P006,Desk,Furniture,Delhi,Online,Credit Card,1,12954.28,0.1,12954.28,11658.85,0,856.13,2024,2,February,Thursday,12954.28,11658.852
2024-02-22,ORD047749,CUST02044,P003,Headphones,Electronics,Delhi,Store,Credit Card,2,4804.53,0.15,9609.06,8167.7,0,1199.31,2024,2,February,Thursday,9609.06,8167.700999999999
2024-02-22,ORD043355,CUST03410,P008,Running Shoes,Fashion,Mumbai,Store,Credit Card,3,4376.81,0.2,13130.43,10504.34,0,955.06,2024,2,February,Thursday,13130.43,10504.344000000001
2024-02-23,ORD022680,CUST00312,P003,Headphones,Electronics,Surat,Online,Debit Card,3,4772.58,0.05,14317.74,13601.85,0,3699.85,2024,2,February,Friday,14317.74,13601.853
2024-02-23,ORD029901,CUST03824,P008,Running Shoes,Fashion,Pune,Online,UPI,1,4274.9,0.0,4274.9,4274.9,0,542.1,2024,2,February,Friday,4274.9,4274.9
2024-02-23,ORD024756,CUST02859,P016,Sofa,Furniture,Bengaluru,Online,Cash,1,34787.24,0.15,34787.24,29569.15,0,2200.31,2024,2,February,Friday,34787.24,29569.154
2024-02-23,ORD031169,CUST01919,P014,Keyboard,Electronics,Ahmedabad,Online,Credit Card,2,2612.25,0.1,5224.5,4702.05,0,1158.86,2024,2,February,Friday,5224.5,4702.05
2024-02-23,ORD031688,CUST00259,P019,Vacuum Cleaner,Home,Delhi,Store,Credit Card,1,8124.01,0.05,8124.01,7717.81,0,924.99,2024,2,February,Friday,8124.01,7717.8095
2024-02-23,ORD048347,CUST04337,P018,Jacket,Fashion,Pune,Online,Credit Card,1,4855.53,0.15,4855.53,4127.2,0,544.18,2024,2,February,Friday,4855.53,4127.2005
2024-02-23,ORD006051,CUST02996,P013,Monitor,Electronics,Bengaluru,Online,Debit Card,2,18578.68,0.1,37157.36,33441.62,0,8931.81,2024,2,February,Friday,37157.36,33441.624
2024-02-23,ORD018179,CUST02060,P005,Office Chair,Furniture,Kolkata,Online,UPI,1,8576.91,0.1,8576.91,7719.22,0,1149.25,2024,2,February,Friday,8576.91,7719.219
2024-02-23,ORD010370,CUST02322,P011,Mixer Grinder,Home,Chennai,Store,UPI,3,5239.97,0.2,15719.91,12575.93,0,1865.34,2024,2,February,Friday,15719.91,12575.928
2024-02-23,ORD007306,CUST01721,P013,Monitor,Electronics,Ahmedabad,Online,UPI,4,16859.05,0.0,67436.2,67436.2,0,14773.32,2024,2,February,Friday,67436.2,67436.2
2024-02-23,ORD018709,CUST01471,P010,Coffee Maker,Home,Mumbai,Online,UPI,1,5467.71,0.15,5467.71,4647.55,0,638.06,2024,2,February,Friday,5467.71,4647.5535
2024-02-23,ORD034601,CUST01270,P014,Keyboard,Electronics,Kolkata,Online,Cash,5,2491.55,0.1,12457.75,11211.98,0,1158.93,2024,2,February,Friday,12457.75,11211.975
2024-02-23,ORD028350,CUST00920,P002,Smartphone,Electronics,Surat,Online,UPI,1,29039.93,0.1,29039.93,26135.94,0,2260.21,2024,2,February,Friday,29039.93,26135.937
2024-02-23,ORD019773,CUST02441,P020,Microwave,Home,Chennai,Online,Debit Card,2,10463.49,0.0,20926.98,20926.98,0,5287.66,2024,2,February,Friday,20926.98,20926.98
2024-02-23,ORD003819,CUST03719,P002,Smartphone,Electronics,Bengaluru,Online,Debit Card,4,27718.35,0.05,110873.4,105329.73,0,19259.98,2024,2,February,Friday,110873.4,105329.73
2024-02-23,ORD030357,CUST00767,P020,Microwave,Home,Hyderabad,Store,UPI,1,11373.77,0.1,11373.77,10236.39,0,1491.4,2024,2,February,Friday,11373.77,10236.393
2024-02-23,ORD018524,CUST03136,P002,Smartphone,Electronics,Chennai,Online,Credit Card,4,28660.88,0.1,114643.52,103179.17,0,17355.02,2024,2,February,Friday,114643.52,103179.168
2024-02-23,ORD027276,CUST01083,P018,Jacket,Fashion,Delhi,Store,UPI,1,5195.0,0.05,5195.0,4935.25,0,394.8,2024,2,February,Friday,5195.0,4935.25
2024-02-23,ORD047461,CUST00647,P002,Smartphone,Electronics,Bengaluru,Online,UPI,1,26545.16,0.2,26545.16,21236.13,0,5505.84,2024,2,February,Friday,26545.16,21236.128
2024-02-23,ORD005028,CUST00247,P019,Vacuum Cleaner,Home,Delhi,Store,Credit Card,5,9104.1,0.2,45520.5,36416.4,0,6131.48,2024,2,February,Friday,45520.5,36416.4
2024-02-23,ORD025013,CUST04495,P011,Mixer Grinder,Home,Mumbai,Online,Debit Card,2,4457.51,0.15,8915.02,7577.77,0,1341.55,2024,2,February,Friday,8915.02,7577.767
2024-02-23,ORD048507,CUST01667,P009,T-Shirt,Fashion,Mumbai,Store,Credit Card,1,1081.43,0.0,1081.43,1081.43,0,126.33,2024,2,February,Friday,1081.43,1081.43
2024-02-23,ORD048394,CUST02467,P003,Headphones,Electronics,Delhi,Store,UPI,1,4504.92,0.1,4504.92,4054.43,0,1032.15,2024,2,February,Friday,4504.92,4054.4280000000003
2024-02-23,ORD030078,CUST04206,P008,Running Shoes,Fashion,Hyderabad,Store,UPI,2,4575.03,0.0,9150.06,9150.06,0,2080.21,2024,2,February,Friday,9150.06,9150.06
2024-02-23,ORD003589,CUST04053,P015,Dining Table,Furniture,Surat,Online,UPI,2,22900.53,0.05,45801.06,43511.01,0,3354.9,2024,2,February,Friday,45801.06,43511.007
2024-02-23,ORD013300,CUST02331,P018,Jacket,Fashion,Jaipur,Online,Net Banking,1,5349.55,0.15,5349.55,4547.12,0,874.94,2024,2,February,Friday,5349.55,4547.1175
2024-02-23,ORD019580,CUST03956,P016,Sofa,Furniture,Hyderabad,Online,Credit Card,2,32724.75,0.05,65449.5,62177.02,0,5801.16,2024,2,February,Friday,65449.5,62177.024999999994
2024-02-23,ORD037116,CUST02588,P008,Running Shoes,Fashion,Pune,Online,UPI,1,3917.16,0.15,3917.16,3329.59,0,738.64,2024,2,February,Friday,3917.16,3329.586
2024-02-23,ORD016836,CUST02991,P015,Dining Table,Furniture,Ahmedabad,Online,UPI,1,21866.94,0.2,21866.94,17493.55,0,773.21,2024,2,February,Friday,21866.94,17493.552
2024-02-23,ORD031706,CUST04322,P019,Vacuum Cleaner,Home,Pune,Online,Debit Card,2,8507.46,0.2,17014.92,13611.94,0,2396.81,2024,2,February,Friday,17014.92,13611.936
2024-02-23,ORD031842,CUST00271,P015,Dining Table,Furniture,Kolkata,Store,UPI,1,21367.75,0.0,21367.75,21367.75,0,5993.39,2024,2,February,Friday,21367.75,21367.75
2024-02-23,ORD007547,CUST02922,P009,T-Shirt,Fashion,Mumbai,Store,UPI,1,1096.13,0.05,1096.13,1041.32,0,82.24,2024,2,February,Friday,1096.13,1041.3235
2024-02-23,ORD045218,CUST00439,P013,Monitor,Electronics,Kolkata,Online,Cash,1,17301.8,0.2,17301.8,13841.44,0,3595.99,2024,2,February,Friday,17301.8,13841.44
2024-02-23,ORD035987,CUST04742,P017,Jeans,Fashion,Delhi,Online,UPI,1,3035.02,0.1,3035.02,2731.52,0,565.34,2024,2,February,Friday,3035.02,2731.518
2024-02-23,ORD045685,CUST02582,P005,Office Chair,Furniture,Chennai,Online,UPI,1,9645.34,0.05,9645.34,9163.07,0,1599.36,2024,2,February,Friday,9645.34,9163.073
2024-02-23,ORD046321,CUST02491,P009,T-Shirt,Fashion,Pune,Online,Credit Card,2,1181.53,0.15,2363.06,2008.6,0,368.75,2024,2,February,Friday,2363.06,2008.6009999999999
2024-02-23,ORD049112,CUST04390,P009,T-Shirt,Fashion,Kolkata,Online,Cash,1,1311.1,0.2,1311.1,1048.88,0,167.64,2024,2,February,Friday,1311.1,1048.8799999999999
2024-02-23,ORD013595,CUST03003,P006,Desk,Furniture,Surat,Online,UPI,1,11520.1,0.15,11520.1,9792.09,0,1946.72,2024,2,February,Friday,11520.1,9792.085000000001
2024-02-23,ORD008110,CUST00233,P008,Running Shoes,Fashion,Kolkata,Online,Credit Card,1,4389.67,0.05,4389.67,4170.19,0,595.54,2024,2,February,Friday,4389.67,4170.1865
2024-02-23,ORD047523,CUST00889,P005,Office Chair,Furniture,Ahmedabad,Online,Debit Card,1,8908.0,0.1,8908.0,8017.2,0,1438.55,2024,2,February,Friday,8908.0,8017.2
2024-02-23,ORD013950,CUST01501,P011,Mixer Grinder,Home,Bengaluru,Store,Net Banking,4,4955.08,0.15,19820.32,16847.27,0,4019.88,2024,2,February,Friday,19820.32,16847.272
2024-02-23,ORD006562,CUST00319,P010,Coffee Maker,Home,Jaipur,Online,Credit Card,2,5868.39,0.0,11736.78,11736.78,0,1848.52,2024,2,February,Friday,11736.78,11736.78
2024-02-23,ORD043949,CUST00561,P004,Smartwatch,Electronics,Kolkata,Online,UPI,1,7301.29,0.1,7301.29,6571.16,0,527.89,2024,2,February,Friday,7301.29,6571.161
2024-02-23,ORD032780,CUST00422,P013,Monitor,Electronics,Hyderabad,Store,Net Banking,1,16279.72,0.1,16279.72,14651.75,0,1719.29,2024,2,February,Friday,16279.72,14651.748
2024-02-23,ORD019761,CUST02666,P007,Backpack,Accessories,Jaipur,Online,UPI,1,2020.2,0.05,2020.2,1919.19,0,208.05,2024,2,February,Friday,2020.2,1919.19
2024-02-23,ORD030278,CUST03717,P014,Keyboard,Electronics,Jaipur,Store,UPI,1,2670.22,0.0,2670.22,2670.22,0,568.15,2024,2,February,Friday,2670.22,2670.22
2024-02-23,ORD044920,CUST01091,P001,Laptop,Electronics,Bengaluru,Online,UPI,1,64521.2,0.05,64521.2,61295.14,0,12343.46,2024,2,February,Friday,64521.2,61295.13999999999
2024-02-23,ORD010571,CUST04608,P017,Jeans,Fashion,Delhi,Online,UPI,2,2991.32,0.2,5982.64,4786.11,0,536.25,2024,2,February,Friday,5982.64,4786.112
2024-02-23,ORD015680,CUST02532,P005,Office Chair,Furniture,Kolkata,Online,Debit Card,1,9058.99,0.1,9058.99,8153.09,0,1245.24,2024,2,February,Friday,9058.99,8153.091
2024-02-23,ORD008614,CUST03815,P008,Running Shoes,Fashion,Kolkata,Online,UPI,1,4069.51,0.15,4069.51,3459.08,0,482.51,2024,2,February,Friday,4069.51,3459.0835
2024-02-23,ORD040396,CUST01289,P008,Running Shoes,Fashion,Ahmedabad,Online,Credit Card,2,4312.81,0.15,8625.62,7331.78,0,1514.69,2024,2,February,Friday,8625.62,7331.777
2024-02-23,ORD033014,CUST02373,P010,Coffee Maker,Home,Mumbai,Online,UPI,1,5121.46,0.15,5121.46,4353.24,0,1055.91,2024,2,February,Friday,5121.46,4353.241
2024-02-23,ORD006538,CUST04146,P016,Sofa,Furniture,Surat,Online,Cash,2,37466.22,0.0,74932.44,74932.44,0,19308.0,2024,2,February,Friday,74932.44,74932.44
2024-02-23,ORD019832,CUST02746,P018,Jacket,Fashion,Mumbai,Store,UPI,3,5362.86,0.05,16088.58,15284.15,0,3195.24,2024,2,February,Friday,16088.579999999998,15284.151
2024-02-23,ORD043782,CUST00766,P019,Vacuum Cleaner,Home,Ahmedabad,Online,UPI,2,9450.91,0.1,18901.82,17011.64,1,-850.58,2024,2,February,Friday,18901.82,17011.638
2024-02-23,ORD017594,CUST00346,P011,Mixer Grinder,Home,Surat,Online,UPI,2,4901.22,0.15,9802.44,8332.07,0,548.47,2024,2,February,Friday,9802.44,8332.074
2024-02-23,ORD013329,CUST04301,P005,Office Chair,Furniture,Bengaluru,Online,Net Banking,2,10140.7,0.15,20281.4,17239.19,0,4192.96,2024,2,February,Friday,20281.4,17239.190000000002
2024-02-23,ORD017038,CUST04204,P015,Dining Table,Furniture,Ahmedabad,Online,Credit Card,2,23201.64,0.0,46403.28,46403.28,0,12043.47,2024,2,February,Friday,46403.28,46403.28
2024-02-23,ORD021617,CUST04971,P017,Jeans,Fashion,Bengaluru,Online,Credit Card,1,2996.23,0.1,2996.23,2696.61,0,415.96,2024,2,February,Friday,2996.23,2696.607
2024-02-23,ORD002784,CUST01181,P006,Desk,Furniture,Ahmedabad,Online,UPI,1,12508.04,0.15,12508.04,10631.83,0,2590.49,2024,2,February,Friday,12508.04,10631.834
2024-02-23,ORD001915,CUST04071,P017,Jeans,Fashion,Surat,Online,Credit Card,4,3010.79,0.1,12043.16,10838.84,0,1827.79,2024,2,February,Friday,12043.16,10838.844000000001
2024-02-23,ORD018760,CUST02445,P008,Running Shoes,Fashion,Surat,Online,Credit Card,1,4388.01,0.15,4388.01,3729.81,0,395.28,2024,2,February,Friday,4388.01,3729.8085
2024-02-24,ORD046981,CUST03724,P005,Office Chair,Furniture,Surat,Store,Credit Card,1,9281.76,0.15,9281.76,7889.5,0,942.86,2024,2,February,Saturday,9281.76,7889.496
2024-02-24,ORD035297,CUST00758,P008,Running Shoes,Fashion,Bengaluru,Store,Credit Card,2,4210.67,0.1,8421.34,7579.21,0,1691.64,2024,2,February,Saturday,8421.34,7579.206
2024-02-24,ORD023869,CUST03331,P011,Mixer Grinder,Home,Pune,Store,Debit Card,1,5243.48,0.05,5243.48,4981.31,0,1256.85,2024,2,February,Saturday,5243.48,4981.306
2024-02-24,ORD015831,CUST03869,P013,Monitor,Electronics,Kolkata,Store,Credit Card,1,18980.04,0.0,18980.04,18980.04,0,3862.84,2024,2,February,Saturday,18980.04,18980.04
2024-02-24,ORD001780,CUST01663,P004,Smartwatch,Electronics,Pune,Store,Cash,1,7608.12,0.0,7608.12,7608.12,0,1963.83,2024,2,February,Saturday,7608.12,7608.12
2024-02-24,ORD035975,CUST01353,P007,Backpack,Accessories,Chennai,Store,Net Banking,1,2204.48,0.15,2204.48,1873.81,0,285.92,2024,2,February,Saturday,2204.48,1873.808
2024-02-24,ORD043703,CUST02347,P017,Jeans,Fashion,Surat,Online,Credit Card,1,3022.58,0.0,3022.58,3022.58,0,290.85,2024,2,February,Saturday,3022.58,3022.58
2024-02-24,ORD010616,CUST04210,P001,Laptop,Electronics,Hyderabad,Online,UPI,2,63592.44,0.0,127184.88,127184.88,0,24479.06,2024,2,February,Saturday,127184.88,127184.88
2024-02-24,ORD029139,CUST01879,P003,Headphones,Electronics,Kolkata,Store,Cash,2,4737.17,0.15,9474.34,8053.19,0,1210.07,2024,2,February,Saturday,9474.34,8053.189
2024-02-24,ORD016067,CUST00721,P014,Keyboard,Electronics,Jaipur,Online,UPI,5,2662.25,0.1,13311.25,11980.12,0,1821.5,2024,2,February,Saturday,13311.25,11980.125
2024-02-24,ORD034463,CUST04736,P008,Running Shoes,Fashion,Bengaluru,Store,UPI,1,4219.47,0.05,4219.47,4008.5,0,560.92,2024,2,February,Saturday,4219.47,4008.4965
2024-02-24,ORD001650,CUST03205,P002,Smartphone,Electronics,Pune,Online,Credit Card,1,29101.75,0.05,29101.75,27646.66,0,3883.12,2024,2,February,Saturday,29101.75,27646.6625
2024-02-24,ORD028466,CUST03450,P006,Desk,Furniture,Chennai,Online,UPI,2,12311.3,0.05,24622.6,23391.47,0,6715.05,2024,2,February,Saturday,24622.6,23391.469999999998
2024-02-24,ORD031448,CUST00319,P006,Desk,Furniture,Surat,Store,UPI,1,12618.46,0.1,12618.46,11356.61,0,1324.16,2024,2,February,Saturday,12618.46,11356.614
2024-02-24,ORD049601,CUST02936,P014,Keyboard,Electronics,Kolkata,Online,Debit Card,1,2350.3,0.1,2350.3,2115.27,0,369.73,2024,2,February,Saturday,2350.3,2115.2700000000004
2024-02-24,ORD018083,CUST02034,P016,Sofa,Furniture,Kolkata,Online,Credit Card,1,32029.87,0.05,32029.87,30428.38,0,8084.62,2024,2,February,Saturday,32029.87,30428.3765
2024-02-24,ORD026348,CUST04936,P012,Air Fryer,Home,Surat,Online,Cash,1,6877.83,0.0,6877.83,6877.83,0,705.92,2024,2,February,Saturday,6877.83,6877.83
2024-02-24,ORD013786,CUST04868,P003,Headphones,Electronics,Hyderabad,Online,Credit Card,1,4355.57,0.0,4355.57,4355.57,0,599.79,2024,2,February,Saturday,4355.57,4355.57
2024-02-24,ORD019180,CUST02301,P005,Office Chair,Furniture,Kolkata,Online,Credit Card,2,10403.04,0.0,20806.08,20806.08,0,2322.07,2024,2,February,Saturday,20806.08,20806.08
2024-02-24,ORD005622,CUST03403,P017,Jeans,Fashion,Kolkata,Store,Debit Card,5,2875.27,0.25,14376.35,10782.26,0,744.97,2024,2,February,Saturday,14376.35,10782.2625
2024-02-24,ORD017312,CUST04045,P007,Backpack,Accessories,Delhi,Online,Debit Card,2,2196.68,0.1,4393.36,3954.02,0,803.76,2024,2,February,Saturday,4393.36,3954.024
2024-02-24,ORD012419,CUST00030,P005,Office Chair,Furniture,Bengaluru,Store,Cash,1,9455.99,0.1,9455.99,8510.39,0,2211.2,2024,2,February,Saturday,9455.99,8510.391
2024-02-24,ORD021547,CUST03567,P010,Coffee Maker,Home,Surat,Online,Net Banking,2,5305.56,0.0,10611.12,10611.12,0,3149.14,2024,2,February,Saturday,10611.12,10611.12
2024-02-24,ORD011585,CUST00860,P018,Jacket,Fashion,Bengaluru,Store,Debit Card,3,4692.01,0.1,14076.03,12668.43,0,3376.37,2024,2,February,Saturday,14076.03,12668.427000000001
2024-02-24,ORD042546,CUST04894,P015,Dining Table,Furniture,Hyderabad,Store,UPI,1,21790.22,0.0,21790.22,21790.22,0,2789.25,2024,2,February,Saturday,21790.22,21790.22
2024-02-24,ORD017137,CUST01498,P005,Office Chair,Furniture,Delhi,Online,UPI,1,9114.57,0.05,9114.57,8658.84,0,1189.72,2024,2,February,Saturday,9114.57,8658.841499999999
2024-02-24,ORD023736,CUST00678,P007,Backpack,Accessories,Jaipur,Online,UPI,1,2395.1,0.15,2395.1,2035.83,0,484.08,2024,2,February,Saturday,2395.1,2035.8349999999998
2024-02-24,ORD039917,CUST02504,P006,Desk,Furniture,Kolkata,Online,Credit Card,1,11805.14,0.0,11805.14,11805.14,0,2164.6,2024,2,February,Saturday,11805.14,11805.14
2024-02-24,ORD016654,CUST02977,P001,Laptop,Electronics,Pune,Store,Credit Card,1,62988.84,0.0,62988.84,62988.84,0,17813.26,2024,2,February,Saturday,62988.84,62988.84
2024-02-24,ORD046442,CUST04193,P002,Smartphone,Electronics,Delhi,Online,UPI,2,27578.19,0.05,55156.38,52398.56,0,4395.84,2024,2,February,Saturday,55156.38,52398.560999999994
2024-02-24,ORD004537,CUST03385,P010,Coffee Maker,Home,Hyderabad,Store,UPI,1,6031.39,0.05,6031.39,5729.82,0,809.52,2024,2,February,Saturday,6031.39,5729.8205
2024-02-24,ORD017725,CUST01572,P006,Desk,Furniture,Chennai,Store,Debit Card,4,11689.15,0.1,46756.6,42080.94,0,6549.13,2024,2,February,Saturday,46756.6,42080.94
2024-02-24,ORD010986,CUST02617,P004,Smartwatch,Electronics,Hyderabad,Online,Net Banking,2,7370.22,0.0,14740.44,14740.44,0,3653.16,2024,2,February,Saturday,14740.44,14740.44
2024-02-24,ORD046689,CUST04728,P014,Keyboard,Electronics,Bengaluru,Online,UPI,1,2453.03,0.2,2453.03,1962.42,0,407.39,2024,2,February,Saturday,2453.03,1962.4240000000002
2024-02-24,ORD014623,CUST00394,P014,Keyboard,Electronics,Ahmedabad,Online,Debit Card,1,2440.16,0.1,2440.16,2196.14,0,245.13,2024,2,February,Saturday,2440.16,2196.144
2024-02-24,ORD035453,CUST04157,P009,T-Shirt,Fashion,Jaipur,Online,Credit Card,1,1094.83,0.1,1094.83,985.35,0,190.47,2024,2,February,Saturday,1094.83,985.347
2024-02-24,ORD014948,CUST04537,P003,Headphones,Electronics,Chennai,Store,UPI,5,4478.32,0.25,22391.6,16793.7,0,2960.18,2024,2,February,Saturday,22391.6,16793.699999999997
2024-02-24,ORD019452,CUST02465,P014,Keyboard,Electronics,Jaipur,Online,Debit Card,1,2686.09,0.0,2686.09,2686.09,0,254.37,2024,2,February,Saturday,2686.09,2686.09
2024-02-24,ORD007797,CUST00807,P019,Vacuum Cleaner,Home,Kolkata,Store,Debit Card,3,9853.23,0.25,29559.69,22169.77,0,972.93,2024,2,February,Saturday,29559.69,22169.767499999998
2024-02-24,ORD015909,CUST00090,P007,Backpack,Accessories,Pune,Online,UPI,1,2304.07,0.0,2304.07,2304.07,0,245.06,2024,2,February,Saturday,2304.07,2304.07
2024-02-24,ORD023240,CUST02709,P006,Desk,Furniture,Surat,Store,UPI,1,11271.2,0.15,11271.2,9580.52,0,1410.41,2024,2,February,Saturday,11271.2,9580.52
2024-02-24,ORD012457,CUST03821,P016,Sofa,Furniture,Pune,Online,UPI,1,35830.91,0.15,35830.91,30456.27,0,7294.09,2024,2,February,Saturday,35830.91,30456.273500000003
2024-02-24,ORD030955,CUST03463,P001,Laptop,Electronics,Bengaluru,Store,UPI,1,60842.7,0.1,60842.7,54758.43,0,9511.06,2024,2,February,Saturday,60842.7,54758.43
2024-02-24,ORD014821,CUST04269,P012,Air Fryer,Home,Delhi,Online,UPI,1,6658.53,0.15,6658.53,5659.75,0,1285.06,2024,2,February,Saturday,6658.53,5659.750499999999
2024-02-24,ORD049394,CUST00339,P007,Backpack,Accessories,Mumbai,Store,Credit Card,1,2319.72,0.1,2319.72,2087.75,0,299.49,2024,2,February,Saturday,2319.72,2087.748
2024-02-24,ORD003992,CUST02231,P015,Dining Table,Furniture,Mumbai,Store,Credit Card,4,21850.62,0.05,87402.48,83032.36,0,12783.24,2024,2,February,Saturday,87402.48,83032.35599999999
2024-02-24,ORD033611,CUST00183,P014,Keyboard,Electronics,Pune,Store,Cash,1,2501.52,0.0,2501.52,2501.52,0,222.07,2024,2,February,Saturday,2501.52,2501.52
2024-02-24,ORD027025,CUST01953,P011,Mixer Grinder,Home,Bengaluru,Online,Credit Card,1,4836.32,0.15,4836.32,4110.87,0,868.96,2024,2,February,Saturday,4836.32,4110.871999999999
2024-02-24,ORD037520,CUST03171,P013,Monitor,Electronics,Ahmedabad,Online,Credit Card,1,17968.48,0.05,17968.48,17070.06,0,1215.78,2024,2,February,Saturday,17968.48,17070.056
2024-02-24,ORD003206,CUST01495,P009,T-Shirt,Fashion,Pune,Online,UPI,1,1167.79,0.1,1167.79,1051.01,0,208.31,2024,2,February,Saturday,1167.79,1051.011
2024-02-24,ORD004359,CUST03411,P003,Headphones,Electronics,Chennai,Online,Credit Card,1,4590.28,0.05,4590.28,4360.77,0,331.47,2024,2,February,Saturday,4590.28,4360.766
2024-02-24,ORD026435,CUST03849,P019,Vacuum Cleaner,Home,Bengaluru,Store,UPI,1,9724.32,0.05,9724.32,9238.1,0,1094.95,2024,2,February,Saturday,9724.32,9238.104
2024-02-24,ORD016524,CUST00519,P006,Desk,Furniture,Delhi,Online,Credit Card,2,11995.1,0.1,23990.2,21591.18,0,5897.43,2024,2,February,Saturday,23990.2,21591.18
2024-02-24,ORD032151,CUST01672,P016,Sofa,Furniture,Ahmedabad,Online,Credit Card,2,34470.84,0.25,68941.68,51706.26,0,11813.74,2024,2,February,Saturday,68941.68,51706.259999999995
2024-02-24,ORD003847,CUST00524,P004,Smartwatch,Electronics,Bengaluru,Online,Credit Card,4,7578.78,0.05,30315.12,28799.36,0,4348.87,2024,2,February,Saturday,30315.12,28799.363999999998
2024-02-24,ORD046247,CUST02316,P018,Jacket,Fashion,Surat,Online,Cash,1,5513.83,0.15,5513.83,4686.76,0,1225.85,2024,2,February,Saturday,5513.83,4686.7555
2024-02-24,ORD024358,CUST02966,P007,Backpack,Accessories,Kolkata,Online,UPI,3,2200.94,0.1,6602.82,5942.54,0,1553.62,2024,2,February,Saturday,6602.82,5942.538
2024-02-24,ORD030285,CUST04040,P012,Air Fryer,Home,Pune,Store,Cash,1,7429.79,0.15,7429.79,6315.32,0,957.32,2024,2,February,Saturday,7429.79,6315.3215
2024-02-24,ORD036299,CUST00642,P005,Office Chair,Furniture,Jaipur,Online,Credit Card,2,9806.94,0.0,19613.88,19613.88,1,-980.69,2024,2,February,Saturday,19613.88,19613.88
2024-02-24,ORD013793,CUST01913,P006,Desk,Furniture,Kolkata,Store,UPI,5,11938.21,0.25,59691.05,44768.29,0,6360.53,2024,2,February,Saturday,59691.049999999996,44768.287500000006
2024-02-24,ORD030402,CUST03143,P006,Desk,Furniture,Chennai,Online,UPI,1,11318.62,0.0,11318.62,11318.62,0,1474.44,2024,2,February,Saturday,11318.62,11318.62
2024-02-24,ORD033415,CUST02748,P013,Monitor,Electronics,Pune,Online,UPI,3,16784.39,0.05,50353.17,47835.51,0,4627.18,2024,2,February,Saturday,50353.17,47835.51149999999
2024-02-24,ORD048732,CUST01554,P001,Laptop,Electronics,Kolkata,Store,UPI,5,64547.66,0.05,322738.3,306601.38,1,-15330.07,2024,2,February,Saturday,322738.30000000005,306601.38499999995
2024-02-24,ORD018836,CUST02272,P005,Office Chair,Furniture,Jaipur,Online,UPI,1,8841.65,0.15,8841.65,7515.4,0,1502.43,2024,2,February,Saturday,8841.65,7515.402499999999
2024-02-24,ORD030284,CUST03704,P017,Jeans,Fashion,Ahmedabad,Online,Net Banking,2,3076.1,0.15,6152.2,5229.37,0,965.84,2024,2,February,Saturday,6152.2,5229.37
2024-02-24,ORD045335,CUST03503,P009,T-Shirt,Fashion,Mumbai,Store,UPI,1,1301.3,0.05,1301.3,1236.23,0,313.31,2024,2,February,Saturday,1301.3,1236.235
2024-02-24,ORD025599,CUST02873,P012,Air Fryer,Home,Chennai,Store,Credit Card,1,6709.65,0.05,6709.65,6374.17,0,1223.67,2024,2,February,Saturday,6709.65,6374.1675
2024-02-25,ORD048001,CUST04555,P001,Laptop,Electronics,Delhi,Store,Credit Card,1,69040.28,0.2,69040.28,55232.22,0,4679.78,2024,2,February,Sunday,69040.28,55232.224
2024-02-25,ORD014399,CUST04607,P008,Running Shoes,Fashion,Ahmedabad,Online,UPI,2,4379.44,0.05,8758.88,8320.94,0,1294.83,2024,2,February,Sunday,8758.88,8320.936
2024-02-25,ORD034527,CUST00733,P009,T-Shirt,Fashion,Chennai,Store,UPI,1,1123.13,0.1,1123.13,1010.82,1,-50.54,2024,2,February,Sunday,1123.13,1010.8170000000001
2024-02-25,ORD017297,CUST04562,P011,Mixer Grinder,Home,Kolkata,Online,Debit Card,1,4549.92,0.15,4549.92,3867.43,0,772.11,2024,2,February,Sunday,4549.92,3867.432
2024-02-25,ORD036973,CUST03734,P018,Jacket,Fashion,Kolkata,Online,UPI,1,5079.94,0.1,5079.94,4571.95,0,1199.95,2024,2,February,Sunday,5079.94,4571.946
2024-02-25,ORD049146,CUST01511,P011,Mixer Grinder,Home,Surat,Online,UPI,3,5247.29,0.05,15741.87,14954.78,0,3899.55,2024,2,February,Sunday,15741.869999999999,14954.7765
2024-02-25,ORD048070,CUST00210,P007,Backpack,Accessories,Kolkata,Online,UPI,1,2384.9,0.05,2384.9,2265.66,0,371.52,2024,2,February,Sunday,2384.9,2265.655
2024-02-25,ORD023834,CUST02009,P009,T-Shirt,Fashion,Hyderabad,Online,Debit Card,2,1228.99,0.15,2457.98,2089.28,0,460.77,2024,2,February,Sunday,2457.98,2089.283
2024-02-25,ORD047728,CUST02484,P016,Sofa,Furniture,Kolkata,Online,UPI,2,32776.7,0.05,65553.4,62275.73,0,5826.87,2024,2,February,Sunday,65553.4,62275.72999999999
2024-02-25,ORD022466,CUST00305,P018,Jacket,Fashion,Bengaluru,Online,Credit Card,1,4754.98,0.05,4754.98,4517.23,0,1216.41,2024,2,February,Sunday,4754.98,4517.231
2024-02-25,ORD005912,CUST00959,P005,Office Chair,Furniture,Pune,Online,Debit Card,1,9560.34,0.1,9560.34,8604.31,0,799.63,2024,2,February,Sunday,9560.34,8604.306
2024-02-25,ORD014098,CUST01464,P015,Dining Table,Furniture,Bengaluru,Online,UPI,1,21956.14,0.1,21956.14,19760.53,0,5145.47,2024,2,February,Sunday,21956.14,19760.526
2024-02-25,ORD008860,CUST01551,P007,Backpack,Accessories,Delhi,Online,Credit Card,5,2064.37,0.25,10321.85,7741.39,0,569.07,2024,2,February,Sunday,10321.849999999999,7741.387500000001
2024-02-25,ORD027892,CUST02794,P013,Monitor,Electronics,Chennai,Online,UPI,1,19029.86,0.0,19029.86,19029.86,0,3860.52,2024,2,February,Sunday,19029.86,19029.86
2024-02-25,ORD019734,CUST04049,P005,Office Chair,Furniture,Mumbai,Store,UPI,1,10008.12,0.1,10008.12,9007.31,0,2325.38,2024,2,February,Sunday,10008.12,9007.308
2024-02-25,ORD037533,CUST04934,P017,Jeans,Fashion,Hyderabad,Online,Cash,1,2606.85,0.1,2606.85,2346.16,0,313.21,2024,2,February,Sunday,2606.85,2346.165
2024-02-25,ORD032159,CUST03480,P015,Dining Table,Furniture,Ahmedabad,Online,Credit Card,1,19845.41,0.1,19845.41,17860.87,0,2772.33,2024,2,February,Sunday,19845.41,17860.869
2024-02-25,ORD014099,CUST00052,P005,Office Chair,Furniture,Pune,Online,Debit Card,2,8713.71,0.1,17427.42,15684.68,0,2779.92,2024,2,February,Sunday,17427.42,15684.677999999998
2024-02-25,ORD029921,CUST02852,P009,T-Shirt,Fashion,Chennai,Store,Debit Card,2,1101.6,0.2,2203.2,1762.56,0,153.76,2024,2,February,Sunday,2203.2,1762.56
2024-02-25,ORD043345,CUST00753,P002,Smartphone,Electronics,Bengaluru,Store,Cash,1,29202.66,0.2,29202.66,23362.13,0,2479.21,2024,2,February,Sunday,29202.66,23362.128
2024-02-25,ORD008524,CUST04563,P009,T-Shirt,Fashion,Bengaluru,Online,Cash,3,1285.62,0.1,3856.86,3471.17,0,355.3,2024,2,February,Sunday,3856.8599999999997,3471.174
2024-02-25,ORD033788,CUST04653,P001,Laptop,Electronics,Chennai,Online,Cash,2,69423.94,0.0,138847.88,138847.88,0,40751.58,2024,2,February,Sunday,138847.88,138847.88
2024-02-25,ORD039101,CUST03755,P019,Vacuum Cleaner,Home,Chennai,Online,UPI,2,9270.25,0.1,18540.5,16686.45,0,4548.19,2024,2,February,Sunday,18540.5,16686.45
2024-02-25,ORD027578,CUST03894,P020,Microwave,Home,Kolkata,Online,Debit Card,1,10331.23,0.05,10331.23,9814.67,0,2407.15,2024,2,February,Sunday,10331.23,9814.6685
2024-02-25,ORD047156,CUST00695,P014,Keyboard,Electronics,Chennai,Online,Net Banking,4,2682.6,0.1,10730.4,9657.36,0,633.55,2024,2,February,Sunday,10730.4,9657.36
2024-02-25,ORD013377,CUST04937,P013,Monitor,Electronics,Jaipur,Online,UPI,4,17442.81,0.15,69771.24,59305.55,0,13206.78,2024,2,February,Sunday,69771.24,59305.554000000004
2024-02-25,ORD028194,CUST02065,P012,Air Fryer,Home,Hyderabad,Online,UPI,2,7109.5,0.0,14219.0,14219.0,0,3160.75,2024,2,February,Sunday,14219.0,14219.0
2024-02-25,ORD030902,CUST02028,P006,Desk,Furniture,Mumbai,Store,Credit Card,4,11981.77,0.2,47927.08,38341.66,0,4326.79,2024,2,February,Sunday,47927.08,38341.664000000004
2024-02-25,ORD008115,CUST00701,P017,Jeans,Fashion,Ahmedabad,Store,Credit Card,3,2739.47,0.25,8218.41,6163.81,0,614.77,2024,2,February,Sunday,8218.41,6163.8075
2024-02-25,ORD030269,CUST00129,P008,Running Shoes,Fashion,Surat,Online,UPI,2,4046.34,0.15,8092.68,6878.78,0,636.63,2024,2,February,Sunday,8092.68,6878.778
2024-02-25,ORD015814,CUST03068,P015,Dining Table,Furniture,Hyderabad,Online,Debit Card,3,22763.09,0.1,68289.27,61460.34,0,15411.92,2024,2,February,Sunday,68289.27,61460.34300000001
2024-02-25,ORD041804,CUST02425,P012,Air Fryer,Home,Surat,Online,UPI,3,7796.29,0.1,23388.87,21049.98,0,5025.6,2024,2,February,Sunday,23388.87,21049.983
2024-02-25,ORD042461,CUST02121,P001,Laptop,Electronics,Bengaluru,Online,Debit Card,1,63130.82,0.15,63130.82,53661.2,0,3475.38,2024,2,February,Sunday,63130.82,53661.197
2024-02-25,ORD049746,CUST03292,P011,Mixer Grinder,Home,Hyderabad,Store,Credit Card,1,4928.97,0.0,4928.97,4928.97,0,730.55,2024,2,February,Sunday,4928.97,4928.97
2024-02-25,ORD031052,CUST03364,P016,Sofa,Furniture,Pune,Online,Debit Card,2,34124.5,0.0,68249.0,68249.0,0,20397.98,2024,2,February,Sunday,68249.0,68249.0
2024-02-25,ORD013152,CUST01991,P002,Smartphone,Electronics,Delhi,Online,UPI,1,29301.26,0.15,29301.26,24906.07,0,2543.28,2024,2,February,Sunday,29301.26,24906.070999999996
2024-02-25,ORD024314,CUST02107,P006,Desk,Furniture,Kolkata,Store,Credit Card,1,13022.05,0.05,13022.05,12370.95,0,1212.89,2024,2,February,Sunday,13022.05,12370.947499999998
2024-02-25,ORD015926,CUST03173,P018,Jacket,Fashion,Pune,Online,Credit Card,1,4766.25,0.0,4766.25,4766.25,0,397.08,2024,2,February,Sunday,4766.25,4766.25
2024-02-25,ORD047187,CUST02116,P008,Running Shoes,Fashion,Delhi,Store,Debit Card,1,4238.28,0.2,4238.28,3390.62,0,367.83,2024,2,February,Sunday,4238.28,3390.624
2024-02-25,ORD015313,CUST00509,P016,Sofa,Furniture,Kolkata,Store,UPI,2,32165.02,0.0,64330.04,64330.04,0,9944.81,2024,2,February,Sunday,64330.04,64330.04
2024-02-25,ORD000835,CUST03599,P018,Jacket,Fashion,Jaipur,Online,Cash,2,5402.61,0.0,10805.22,10805.22,0,3110.79,2024,2,February,Sunday,10805.22,10805.22
2024-02-25,ORD042603,CUST02278,P012,Air Fryer,Home,Mumbai,Store,Cash,1,6881.41,0.0,6881.41,6881.41,0,1002.5,2024,2,February,Sunday,6881.41,6881.41
2024-02-25,ORD038590,CUST00713,P014,Keyboard,Electronics,Kolkata,Store,UPI,2,2478.34,0.1,4956.68,4461.01,0,862.6,2024,2,February,Sunday,4956.68,4461.012000000001
2024-02-25,ORD011826,CUST03816,P017,Jeans,Fashion,Chennai,Store,Credit Card,1,2620.18,0.1,2620.18,2358.16,0,261.36,2024,2,February,Sunday,2620.18,2358.162
2024-02-25,ORD047971,CUST01174,P004,Smartwatch,Electronics,Hyderabad,Online,Credit Card,1,7351.38,0.0,7351.38,7351.38,0,2112.8,2024,2,February,Sunday,7351.38,7351.38
2024-02-25,ORD029045,CUST02821,P009,T-Shirt,Fashion,Surat,Online,Net Banking,2,1115.19,0.1,2230.38,2007.34,0,160.42,2024,2,February,Sunday,2230.38,2007.342
2024-02-25,ORD005220,CUST03736,P016,Sofa,Furniture,Surat,Online,Cash,1,33486.46,0.1,33486.46,30137.81,0,5801.29,2024,2,February,Sunday,33486.46,30137.814
2024-02-25,ORD029692,CUST01019,P015,Dining Table,Furniture,Hyderabad,Online,Credit Card,5,22041.78,0.1,110208.9,99188.01,0,17014.51,2024,2,February,Sunday,110208.9,99188.01
2024-02-25,ORD000971,CUST01615,P015,Dining Table,Furniture,Chennai,Store,Credit Card,1,21893.1,0.15,21893.1,18609.13,0,4087.49,2024,2,February,Sunday,21893.1,18609.135
2024-02-25,ORD018851,CUST04408,P016,Sofa,Furniture,Mumbai,Store,Net Banking,4,36546.17,0.05,146184.68,138875.45,1,-6943.77,2024,2,February,Sunday,146184.68,138875.446
2024-02-25,ORD042750,CUST02236,P014,Keyboard,Electronics,Chennai,Online,Credit Card,1,2380.27,0.05,2380.27,2261.26,0,361.57,2024,2,February,Sunday,2380.27,2261.2565
2024-02-25,ORD018937,CUST03174,P006,Desk,Furniture,Kolkata,Online,UPI,1,10960.49,0.1,10960.49,9864.44,0,2298.68,2024,2,February,Sunday,10960.49,9864.441
2024-02-25,ORD046889,CUST01376,P017,Jeans,Fashion,Hyderabad,Online,Credit Card,1,2706.82,0.05,2706.82,2571.48,0,422.84,2024,2,February,Sunday,2706.82,2571.479
2024-02-25,ORD048630,CUST03265,P003,Headphones,Electronics,Bengaluru,Store,UPI,1,4180.65,0.0,4180.65,4180.65,0,1199.68,2024,2,February,Sunday,4180.65,4180.65
2024-02-25,ORD033622,CUST02121,P001,Laptop,Electronics,Hyderabad,Online,Credit Card,1,60199.7,0.15,60199.7,51169.74,1,-2558.49,2024,2,February,Sunday,60199.7,51169.744999999995
2024-02-25,ORD029566,CUST04814,P011,Mixer Grinder,Home,Delhi,Store,Credit Card,2,4373.23,0.0,8746.46,8746.46,0,1453.53,2024,2,February,Sunday,8746.46,8746.46
2024-02-25,ORD027818,CUST04492,P015,Dining Table,Furniture,Pune,Online,Credit Card,1,21217.03,0.15,21217.03,18034.48,0,1484.85,2024,2,February,Sunday,21217.03,18034.475499999997
2024-02-25,ORD029200,CUST00656,P002,Smartphone,Electronics,Hyderabad,Store,Credit Card,1,26980.33,0.05,26980.33,25631.31,0,4430.42,2024,2,February,Sunday,26980.33,25631.3135
2024-02-25,ORD016896,CUST02665,P016,Sofa,Furniture,Delhi,Store,Credit Card,1,31537.18,0.0,31537.18,31537.18,0,5904.88,2024,2,February,Sunday,31537.18,31537.18
2024-02-25,ORD029201,CUST04818,P005,Office Chair,Furniture,Bengaluru,Online,Credit Card,1,9625.14,0.0,9625.14,9625.14,0,2033.8,2024,2,February,Sunday,9625.14,9625.14
2024-02-25,ORD023968,CUST03706,P020,Microwave,Home,Ahmedabad,Store,Credit Card,1,11504.36,0.0,11504.36,11504.36,0,2996.32,2024,2,February,Sunday,11504.36,11504.36
2024-02-25,ORD002664,CUST02895,P018,Jacket,Fashion,Jaipur,Online,Credit Card,2,5224.0,0.05,10448.0,9925.6,0,2009.95,2024,2,February,Sunday,10448.0,9925.6
2024-02-25,ORD030255,CUST03452,P012,Air Fryer,Home,Jaipur,Online,Net Banking,4,7515.09,0.1,30060.36,27054.32,0,7233.4,2024,2,February,Sunday,30060.36,27054.324
2024-02-25,ORD045062,CUST04881,P013,Monitor,Electronics,Surat,Online,Credit Card,1,19210.87,0.05,19210.87,18250.33,0,1562.42,2024,2,February,Sunday,19210.87,18250.3265
2024-02-25,ORD035324,CUST02199,P004,Smartwatch,Electronics,Mumbai,Online,UPI,1,7233.11,0.1,7233.11,6509.8,0,1424.65,2024,2,February,Sunday,7233.11,6509.799
2024-02-25,ORD036310,CUST03505,P020,Microwave,Home,Jaipur,Online,Credit Card,2,11576.22,0.05,23152.44,21994.82,0,1958.79,2024,2,February,Sunday,23152.44,21994.818
2024-02-25,ORD044677,CUST00612,P010,Coffee Maker,Home,Chennai,Online,Credit Card,1,5493.47,0.0,5493.47,5493.47,0,924.34,2024,2,February,Sunday,5493.47,5493.47
2024-02-25,ORD023400,CUST03483,P019,Vacuum Cleaner,Home,Pune,Online,Credit Card,1,8819.69,0.1,8819.69,7937.72,0,1513.27,2024,2,February,Sunday,8819.69,7937.7210000000005
2024-02-26,ORD025587,CUST02035,P013,Monitor,Electronics,Pune,Online,Debit Card,1,17530.06,0.15,17530.06,14900.55,0,3697.83,2024,2,February,Monday,17530.06,14900.551000000001
2024-02-26,ORD018065,CUST02602,P014,Keyboard,Electronics,Surat,Online,Credit Card,1,2298.37,0.15,2298.37,1953.61,0,444.63,2024,2,February,Monday,2298.37,1953.6145
2024-02-26,ORD041428,CUST00733,P010,Coffee Maker,Home,Pune,Store,Cash,1,5582.51,0.1,5582.51,5024.26,0,787.28,2024,2,February,Monday,5582.51,5024.259
2024-02-26,ORD040283,CUST01870,P012,Air Fryer,Home,Kolkata,Store,Credit Card,2,6695.48,0.25,13390.96,10043.22,0,1290.82,2024,2,February,Monday,13390.96,10043.22
2024-02-26,ORD018494,CUST02117,P012,Air Fryer,Home,Kolkata,Store,Debit Card,1,7765.37,0.1,7765.37,6988.83,0,1305.79,2024,2,February,Monday,7765.37,6988.833
2024-02-26,ORD018725,CUST02616,P007,Backpack,Accessories,Mumbai,Online,Credit Card,1,2030.33,0.05,2030.33,1928.81,0,239.1,2024,2,February,Monday,2030.33,1928.8134999999997
2024-02-26,ORD019463,CUST00361,P003,Headphones,Electronics,Mumbai,Online,UPI,1,4639.0,0.2,4639.0,3711.2,0,285.27,2024,2,February,Monday,4639.0,3711.2000000000003
2024-02-26,ORD010331,CUST01801,P002,Smartphone,Electronics,Kolkata,Online,Debit Card,1,29250.29,0.1,29250.29,26325.26,0,6200.68,2024,2,February,Monday,29250.29,26325.261000000002
2024-02-26,ORD005619,CUST03449,P004,Smartwatch,Electronics,Ahmedabad,Store,Debit Card,5,7399.12,0.1,36995.6,33296.04,0,6516.25,2024,2,February,Monday,36995.6,33296.04
2024-02-26,ORD011394,CUST00803,P005,Office Chair,Furniture,Ahmedabad,Online,UPI,2,10029.41,0.0,20058.82,20058.82,0,2624.69,2024,2,February,Monday,20058.82,20058.82
2024-02-26,ORD042968,CUST02886,P013,Monitor,Electronics,Bengaluru,Online,UPI,2,18646.7,0.1,37293.4,33564.06,0,7389.76,2024,2,February,Monday,37293.4,33564.060000000005
2024-02-26,ORD038619,CUST04407,P013,Monitor,Electronics,Delhi,Online,Net Banking,2,16963.41,0.05,33926.82,32230.48,0,2608.89,2024,2,February,Monday,33926.82,32230.479
2024-02-26,ORD015713,CUST03732,P014,Keyboard,Electronics,Mumbai,Online,Cash,1,2252.39,0.1,2252.39,2027.15,1,-101.36,2024,2,February,Monday,2252.39,2027.1509999999998
2024-02-26,ORD015646,CUST00509,P020,Microwave,Home,Delhi,Store,Debit Card,1,10020.44,0.05,10020.44,9519.42,0,1797.48,2024,2,February,Monday,10020.44,9519.418
2024-02-26,ORD033295,CUST01302,P007,Backpack,Accessories,Ahmedabad,Online,UPI,2,1987.35,0.05,3974.7,3775.96,0,947.23,2024,2,February,Monday,3974.7,3775.9649999999997
2024-02-26,ORD019887,CUST00440,P002,Smartphone,Electronics,Pune,Store,Credit Card,2,28535.9,0.2,57071.8,45657.44,0,4877.69,2024,2,February,Monday,57071.8,45657.44
2024-02-26,ORD000969,CUST00722,P004,Smartwatch,Electronics,Kolkata,Online,UPI,1,6659.08,0.05,6659.08,6326.13,0,464.73,2024,2,February,Monday,6659.08,6326.125999999999
2024-02-26,ORD036994,CUST02697,P009,T-Shirt,Fashion,Kolkata,Online,UPI,1,1205.55,0.15,1205.55,1024.72,0,100.99,2024,2,February,Monday,1205.55,1024.7175
2024-02-26,ORD049504,CUST01347,P007,Backpack,Accessories,Pune,Online,UPI,1,2136.97,0.15,2136.97,1816.42,0,235.9,2024,2,February,Monday,2136.97,1816.4244999999999
2024-02-26,ORD034919,CUST02451,P014,Keyboard,Electronics,Ahmedabad,Store,UPI,1,2384.74,0.05,2384.74,2265.5,0,475.98,2024,2,February,Monday,2384.74,2265.5029999999997
2024-02-26,ORD004868,CUST01636,P020,Microwave,Home,Kolkata,Online,Credit Card,2,11220.75,0.1,22441.5,20197.35,0,2665.49,2024,2,February,Monday,22441.5,20197.350000000002
2024-02-26,ORD016626,CUST03007,P005,Office Chair,Furniture,Pune,Store,Credit Card,1,10184.23,0.2,10184.23,8147.38,0,2064.53,2024,2,February,Monday,10184.23,8147.384
2024-02-26,ORD002640,CUST01893,P018,Jacket,Fashion,Ahmedabad,Online,Debit Card,2,5166.02,0.0,10332.04,10332.04,0,1960.91,2024,2,February,Monday,10332.04,10332.04
2024-02-26,ORD019052,CUST02900,P004,Smartwatch,Electronics,Surat,Online,Credit Card,3,6450.56,0.0,19351.68,19351.68,0,5673.96,2024,2,February,Monday,19351.68,19351.68
2024-02-26,ORD005399,CUST03265,P014,Keyboard,Electronics,Bengaluru,Store,Credit Card,2,2365.54,0.05,4731.08,4494.53,0,371.43,2024,2,February,Monday,4731.08,4494.526
2024-02-26,ORD020927,CUST04697,P012,Air Fryer,Home,Kolkata,Online,UPI,2,7342.27,0.1,14684.54,13216.09,0,1649.9,2024,2,February,Monday,14684.54,13216.086000000001
2024-02-26,ORD027630,CUST02023,P002,Smartphone,Electronics,Mumbai,Online,UPI,1,25407.19,0.25,25407.19,19055.39,0,4070.26,2024,2,February,Monday,25407.19,19055.392499999998
2024-02-26,ORD005001,CUST02562,P014,Keyboard,Electronics,Bengaluru,Store,Debit Card,1,2502.54,0.2,2502.54,2002.03,0,384.64,2024,2,February,Monday,2502.54,2002.0320000000002
2024-02-26,ORD033145,CUST00197,P015,Dining Table,Furniture,Hyderabad,Online,Debit Card,1,22955.08,0.1,22955.08,20659.57,1,-1032.98,2024,2,February,Monday,22955.08,20659.572000000004
2024-02-26,ORD035537,CUST02687,P007,Backpack,Accessories,Delhi,Store,Cash,2,2392.74,0.1,4785.48,4306.93,1,-215.35,2024,2,February,Monday,4785.48,4306.932
2024-02-26,ORD000722,CUST00977,P014,Keyboard,Electronics,Bengaluru,Online,Credit Card,1,2270.29,0.2,2270.29,1816.23,0,405.49,2024,2,February,Monday,2270.29,1816.232
2024-02-26,ORD029276,CUST00773,P009,T-Shirt,Fashion,Surat,Online,Credit Card,2,1102.78,0.05,2205.56,2095.28,0,554.74,2024,2,February,Monday,2205.56,2095.2819999999997
2024-02-26,ORD040349,CUST04920,P008,Running Shoes,Fashion,Ahmedabad,Store,Credit Card,1,3798.69,0.2,3798.69,3038.95,1,-151.95,2024,2,February,Monday,3798.69,3038.952
2024-02-26,ORD048704,CUST04331,P019,Vacuum Cleaner,Home,Jaipur,Online,UPI,3,9656.06,0.05,28968.18,27519.77,0,5335.3,2024,2,February,Monday,28968.18,27519.771
2024-02-26,ORD006977,CUST03215,P012,Air Fryer,Home,Chennai,Online,UPI,1,7913.45,0.0,7913.45,7913.45,0,903.17,2024,2,February,Monday,7913.45,7913.45
2024-02-26,ORD041859,CUST03679,P005,Office Chair,Furniture,Surat,Online,Credit Card,4,10117.28,0.0,40469.12,40469.12,0,9122.48,2024,2,February,Monday,40469.12,40469.12
2024-02-26,ORD015829,CUST00050,P004,Smartwatch,Electronics,Ahmedabad,Online,UPI,1,7471.45,0.05,7471.45,7097.88,0,1026.56,2024,2,February,Monday,7471.45,7097.8775
2024-02-26,ORD016962,CUST03304,P008,Running Shoes,Fashion,Pune,Online,UPI,1,4172.11,0.15,4172.11,3546.29,1,-177.31,2024,2,February,Monday,4172.11,3546.2934999999998
2024-02-26,ORD032274,CUST04569,P003,Headphones,Electronics,Mumbai,Store,Credit Card,2,4155.79,0.0,8311.58,8311.58,1,-415.58,2024,2,February,Monday,8311.58,8311.58
2024-02-26,ORD013690,CUST03295,P014,Keyboard,Electronics,Bengaluru,Online,Debit Card,1,2731.44,0.15,2731.44,2321.72,0,380.08,2024,2,February,Monday,2731.44,2321.724
2024-02-26,ORD033112,CUST04458,P011,Mixer Grinder,Home,Hyderabad,Online,Debit Card,2,4499.03,0.15,8998.06,7648.35,0,1065.74,2024,2,February,Monday,8998.06,7648.351
2024-02-26,ORD047810,CUST00468,P003,Headphones,Electronics,Delhi,Online,UPI,2,4312.23,0.15,8624.46,7330.79,0,1023.44,2024,2,February,Monday,8624.46,7330.790999999999
2024-02-26,ORD017976,CUST00179,P001,Laptop,Electronics,Mumbai,Online,Credit Card,1,60821.57,0.1,60821.57,54739.41,0,5179.83,2024,2,February,Monday,60821.57,54739.413
2024-02-26,ORD011433,CUST01197,P015,Dining Table,Furniture,Ahmedabad,Online,UPI,3,21939.57,0.0,65818.71,65818.71,0,11940.78,2024,2,February,Monday,65818.70999999999,65818.71
2024-02-26,ORD034579,CUST02745,P006,Desk,Furniture,Mumbai,Store,Credit Card,1,12225.93,0.0,12225.93,12225.93,0,2338.65,2024,2,February,Monday,12225.93,12225.93
2024-02-26,ORD030513,CUST01704,P005,Office Chair,Furniture,Hyderabad,Online,UPI,2,10295.25,0.15,20590.5,17501.92,0,3475.37,2024,2,February,Monday,20590.5,17501.925
2024-02-26,ORD047567,CUST00725,P020,Microwave,Home,Kolkata,Online,Net Banking,1,11771.3,0.1,11771.3,10594.17,0,800.9,2024,2,February,Monday,11771.3,10594.17
2024-02-26,ORD037626,CUST01607,P007,Backpack,Accessories,Ahmedabad,Online,Cash,1,2233.66,0.1,2233.66,2010.29,0,161.98,2024,2,February,Monday,2233.66,2010.2939999999999
2024-02-26,ORD042341,CUST03468,P007,Backpack,Accessories,Bengaluru,Online,Debit Card,1,2203.04,0.1,2203.04,1982.74,0,346.14,2024,2,February,Monday,2203.04,1982.736
2024-02-26,ORD039261,CUST00724,P017,Jeans,Fashion,Chennai,Store,Credit Card,1,2965.93,0.0,2965.93,2965.93,0,439.08,2024,2,February,Monday,2965.93,2965.93
2024-02-26,ORD045730,CUST04511,P007,Backpack,Accessories,Delhi,Online,Debit Card,1,2411.9,0.05,2411.9,2291.3,0,229.16,2024,2,February,Monday,2411.9,2291.305
2024-02-26,ORD022060,CUST00461,P018,Jacket,Fashion,Surat,Online,UPI,1,4725.62,0.0,4725.62,4725.62,0,1062.87,2024,2,February,Monday,4725.62,4725.62
2024-02-26,ORD004790,CUST04839,P015,Dining Table,Furniture,Bengaluru,Online,Credit Card,1,19957.36,0.05,19957.36,18959.49,0,2006.12,2024,2,February,Monday,19957.36,18959.492
2024-02-26,ORD040523,CUST01824,P014,Keyboard,Electronics,Ahmedabad,Store,UPI,1,2362.06,0.15,2362.06,2007.75,0,305.09,2024,2,February,Monday,2362.06,2007.751
2024-02-26,ORD040736,CUST00572,P005,Office Chair,Furniture,Pune,Store,Credit Card,1,9877.87,0.1,9877.87,8890.08,0,1624.23,2024,2,February,Monday,9877.87,8890.083
2024-02-26,ORD038322,CUST00887,P005,Office Chair,Furniture,Hyderabad,Online,UPI,1,8667.27,0.2,8667.27,6933.82,0,1071.66,2024,2,February,Monday,8667.27,6933.816000000001
2024-02-26,ORD002865,CUST02888,P012,Air Fryer,Home,Delhi,Online,Credit Card,2,7294.18,0.0,14588.36,14588.36,0,2163.72,2024,2,February,Monday,14588.36,14588.36
2024-02-26,ORD046675,CUST01218,P008,Running Shoes,Fashion,Ahmedabad,Store,Credit Card,2,4174.58,0.1,8349.16,7514.24,0,2006.58,2024,2,February,Monday,8349.16,7514.244
2024-02-26,ORD016897,CUST01000,P018,Jacket,Fashion,Delhi,Online,Credit Card,1,4892.44,0.2,4892.44,3913.95,0,527.54,2024,2,February,Monday,4892.44,3913.9519999999998
2024-02-26,ORD028523,CUST02075,P010,Coffee Maker,Home,Ahmedabad,Store,Cash,2,5630.56,0.15,11261.12,9571.95,0,1171.26,2024,2,February,Monday,11261.12,9571.952000000001
2024-02-26,ORD039911,CUST03606,P006,Desk,Furniture,Chennai,Online,UPI,1,12933.59,0.1,12933.59,11640.23,0,1428.25,2024,2,February,Monday,12933.59,11640.231
2024-02-26,ORD002258,CUST04652,P005,Office Chair,Furniture,Pune,Online,Debit Card,1,10308.66,0.1,10308.66,9277.79,1,-463.89,2024,2,February,Monday,10308.66,9277.794
2024-02-26,ORD028764,CUST03479,P015,Dining Table,Furniture,Jaipur,Online,Cash,1,20754.81,0.05,20754.81,19717.07,0,5219.23,2024,2,February,Monday,20754.81,19717.0695
2024-02-26,ORD034729,CUST03253,P010,Coffee Maker,Home,Surat,Store,UPI,2,5181.51,0.0,10363.02,10363.02,0,3060.31,2024,2,February,Monday,10363.02,10363.02
2024-02-26,ORD043560,CUST03829,P019,Vacuum Cleaner,Home,Chennai,Online,Debit Card,2,8602.61,0.1,17205.22,15484.7,0,2194.86,2024,2,February,Monday,17205.22,15484.698000000002
2024-02-26,ORD030512,CUST04469,P017,Jeans,Fashion,Mumbai,Online,Debit Card,2,2688.14,0.1,5376.28,4838.65,0,627.23,2024,2,February,Monday,5376.28,4838.652
2024-02-27,ORD040281,CUST00818,P006,Desk,Furniture,Chennai,Online,Net Banking,2,12234.22,0.15,24468.44,20798.17,0,3521.35,2024,2,February,Tuesday,24468.44,20798.174
2024-02-27,ORD039977,CUST01633,P004,Smartwatch,Electronics,Chennai,Online,Credit Card,3,7695.11,0.15,23085.33,19622.53,0,3772.84,2024,2,February,Tuesday,23085.329999999998,19622.5305
2024-02-27,ORD000617,CUST02569,P008,Running Shoes,Fashion,Mumbai,Online,UPI,3,4552.63,0.2,13657.89,10926.31,0,1745.02,2024,2,February,Tuesday,13657.89,10926.312
2024-02-27,ORD008647,CUST04154,P020,Microwave,Home,Surat,Online,Debit Card,2,10334.53,0.05,20669.06,19635.61,0,5015.51,2024,2,February,Tuesday,20669.06,19635.607
2024-02-27,ORD017365,CUST04696,P014,Keyboard,Electronics,Chennai,Store,Debit Card,1,2415.28,0.05,2415.28,2294.52,0,452.44,2024,2,February,Tuesday,2415.28,2294.516
2024-02-27,ORD031343,CUST00913,P008,Running Shoes,Fashion,Pune,Store,Credit Card,1,4437.21,0.1,4437.21,3993.49,1,-199.67,2024,2,February,Tuesday,4437.21,3993.489
2024-02-27,ORD049668,CUST00915,P019,Vacuum Cleaner,Home,Pune,Store,UPI,1,9576.77,0.1,9576.77,8619.09,0,1851.29,2024,2,February,Tuesday,9576.77,8619.093
2024-02-27,ORD033714,CUST04953,P013,Monitor,Electronics,Chennai,Online,Credit Card,1,17275.09,0.1,17275.09,15547.58,1,-777.38,2024,2,February,Tuesday,17275.09,15547.581
2024-02-27,ORD007385,CUST01956,P012,Air Fryer,Home,Ahmedabad,Online,UPI,1,7334.03,0.0,7334.03,7334.03,0,1303.88,2024,2,February,Tuesday,7334.03,7334.03
2024-02-27,ORD029823,CUST04271,P007,Backpack,Accessories,Pune,Store,UPI,1,2238.51,0.0,2238.51,2238.51,1,-111.93,2024,2,February,Tuesday,2238.51,2238.51
2024-02-27,ORD020547,CUST00045,P019,Vacuum Cleaner,Home,Hyderabad,Online,Cash,5,8942.0,0.05,44710.0,42474.5,0,4334.05,2024,2,February,Tuesday,44710.0,42474.5
2024-02-27,ORD001363,CUST01448,P012,Air Fryer,Home,Delhi,Online,Debit Card,1,6712.08,0.05,6712.08,6376.48,0,630.14,2024,2,February,Tuesday,6712.08,6376.476
2024-02-27,ORD023294,CUST03888,P012,Air Fryer,Home,Kolkata,Online,Debit Card,2,7366.95,0.1,14733.9,13260.51,0,1974.51,2024,2,February,Tuesday,14733.9,13260.51
2024-02-27,ORD006219,CUST04735,P002,Smartphone,Electronics,Chennai,Online,UPI,2,26990.59,0.0,53981.18,53981.18,0,11991.43,2024,2,February,Tuesday,53981.18,53981.18
2024-02-27,ORD010720,CUST04114,P012,Air Fryer,Home,Bengaluru,Online,UPI,5,7856.1,0.25,39280.5,29460.38,0,4960.16,2024,2,February,Tuesday,39280.5,29460.375
2024-02-27,ORD011573,CUST03966,P019,Vacuum Cleaner,Home,Chennai,Online,UPI,1,8879.43,0.05,8879.43,8435.46,0,1729.99,2024,2,February,Tuesday,8879.43,8435.4585
2024-02-27,ORD013388,CUST01261,P010,Coffee Maker,Home,Chennai,Online,Credit Card,1,5149.91,0.15,5149.91,4377.42,0,571.66,2024,2,February,Tuesday,5149.91,4377.4235
2024-02-27,ORD002193,CUST04937,P004,Smartwatch,Electronics,Delhi,Online,Credit Card,1,6680.8,0.15,6680.8,5678.68,0,959.22,2024,2,February,Tuesday,6680.8,5678.68
2024-02-27,ORD031050,CUST03180,P019,Vacuum Cleaner,Home,Pune,Store,Credit Card,1,8860.45,0.0,8860.45,8860.45,0,925.91,2024,2,February,Tuesday,8860.45,8860.45
2024-02-27,ORD039746,CUST03418,P010,Coffee Maker,Home,Surat,Online,Credit Card,1,5595.78,0.0,5595.78,5595.78,0,1559.73,2024,2,February,Tuesday,5595.78,5595.78
2024-02-27,ORD002197,CUST04086,P004,Smartwatch,Electronics,Delhi,Store,Debit Card,2,7083.77,0.05,14167.54,13459.16,0,3572.43,2024,2,February,Tuesday,14167.54,13459.163
2024-02-27,ORD039829,CUST04606,P014,Keyboard,Electronics,Ahmedabad,Online,Debit Card,1,2284.93,0.1,2284.93,2056.44,0,234.97,2024,2,February,Tuesday,2284.93,2056.437
2024-02-27,ORD001966,CUST04910,P015,Dining Table,Furniture,Hyderabad,Online,UPI,3,21010.56,0.0,63031.68,63031.68,0,17532.3,2024,2,February,Tuesday,63031.68000000001,63031.68
2024-02-27,ORD005319,CUST04533,P009,T-Shirt,Fashion,Hyderabad,Online,Debit Card,1,1259.03,0.1,1259.03,1133.13,0,181.17,2024,2,February,Tuesday,1259.03,1133.127
2024-02-27,ORD039465,CUST01964,P020,Microwave,Home,Bengaluru,Online,Credit Card,1,10589.52,0.1,10589.52,9530.57,0,2377.88,2024,2,February,Tuesday,10589.52,9530.568000000001
2024-02-27,ORD011937,CUST00477,P002,Smartphone,Electronics,Pune,Store,Debit Card,1,26982.5,0.0,26982.5,26982.5,0,7654.29,2024,2,February,Tuesday,26982.5,26982.5
2024-02-27,ORD033262,CUST02895,P016,Sofa,Furniture,Hyderabad,Store,Debit Card,1,32290.51,0.05,32290.51,30675.98,0,5925.95,2024,2,February,Tuesday,32290.51,30675.9845
2024-02-27,ORD020384,CUST01258,P013,Monitor,Electronics,Bengaluru,Store,Debit Card,1,17414.1,0.1,17414.1,15672.69,0,3220.3,2024,2,February,Tuesday,17414.1,15672.689999999999
2024-02-27,ORD048942,CUST04429,P015,Dining Table,Furniture,Mumbai,Online,UPI,1,21280.75,0.1,21280.75,19152.68,0,1733.02,2024,2,February,Tuesday,21280.75,19152.675
2024-02-27,ORD020374,CUST02666,P015,Dining Table,Furniture,Delhi,Store,Debit Card,1,23606.79,0.0,23606.79,23606.79,0,2776.45,2024,2,February,Tuesday,23606.79,23606.79
2024-02-27,ORD037086,CUST04458,P015,Dining Table,Furniture,Chennai,Online,Debit Card,1,21765.96,0.15,21765.96,18501.07,0,4517.18,2024,2,February,Tuesday,21765.96,18501.066
2024-02-27,ORD000031,CUST01370,P013,Monitor,Electronics,Delhi,Online,UPI,5,16347.84,0.15,81739.2,69478.32,0,10100.38,2024,2,February,Tuesday,81739.2,69478.31999999999
2024-02-27,ORD031011,CUST03765,P007,Backpack,Accessories,Delhi,Online,UPI,1,2357.83,0.15,2357.83,2004.16,0,123.09,2024,2,February,Tuesday,2357.83,2004.1554999999998
2024-02-27,ORD023205,CUST03138,P007,Backpack,Accessories,Bengaluru,Online,Credit Card,1,2263.6,0.15,2263.6,1924.06,0,487.64,2024,2,February,Tuesday,2263.6,1924.06
2024-02-27,ORD006923,CUST04859,P007,Backpack,Accessories,Pune,Online,UPI,1,1984.79,0.05,1984.79,1885.55,0,175.26,2024,2,February,Tuesday,1984.79,1885.5504999999998
2024-02-27,ORD030661,CUST02074,P007,Backpack,Accessories,Kolkata,Store,UPI,1,2212.23,0.1,2212.23,1991.01,0,255.88,2024,2,February,Tuesday,2212.23,1991.007
2024-02-27,ORD016049,CUST00091,P016,Sofa,Furniture,Pune,Online,Cash,1,36719.88,0.15,36719.88,31211.9,0,2242.71,2024,2,February,Tuesday,36719.88,31211.897999999997
2024-02-27,ORD026298,CUST02170,P002,Smartphone,Electronics,Mumbai,Store,UPI,1,30719.22,0.2,30719.22,24575.38,0,2459.25,2024,2,February,Tuesday,30719.22,24575.376000000004
2024-02-27,ORD012381,CUST00426,P006,Desk,Furniture,Delhi,Store,UPI,2,10842.15,0.05,21684.3,20600.08,0,2383.58,2024,2,February,Tuesday,21684.3,20600.085
2024-02-27,ORD014476,CUST00236,P011,Mixer Grinder,Home,Ahmedabad,Online,Cash,3,5015.98,0.0,15047.94,15047.94,0,1422.0,2024,2,February,Tuesday,15047.939999999999,15047.94
2024-02-27,ORD014996,CUST04837,P001,Laptop,Electronics,Hyderabad,Store,UPI,1,64501.03,0.2,64501.03,51600.82,0,11786.22,2024,2,February,Tuesday,64501.03,51600.824
2024-02-27,ORD047996,CUST01598,P014,Keyboard,Electronics,Mumbai,Online,Cash,1,2703.61,0.1,2703.61,2433.25,0,233.41,2024,2,February,Tuesday,2703.61,2433.2490000000003
2024-02-27,ORD008474,CUST04744,P010,Coffee Maker,Home,Pune,Online,Debit Card,1,5545.61,0.1,5545.61,4991.05,0,816.88,2024,2,February,Tuesday,5545.61,4991.049
2024-02-27,ORD031799,CUST03691,P008,Running Shoes,Fashion,Jaipur,Online,UPI,3,4378.17,0.1,13134.51,11821.06,0,3193.84,2024,2,February,Tuesday,13134.51,11821.059000000001
2024-02-27,ORD022426,CUST04235,P017,Jeans,Fashion,Ahmedabad,Online,Net Banking,2,2658.74,0.0,5317.48,5317.48,0,1508.28,2024,2,February,Tuesday,5317.48,5317.48
2024-02-27,ORD041035,CUST04395,P017,Jeans,Fashion,Mumbai,Store,UPI,2,2666.13,0.05,5332.26,5065.65,0,1170.17,2024,2,February,Tuesday,5332.26,5065.647
2024-02-27,ORD012431,CUST02921,P005,Office Chair,Furniture,Ahmedabad,Store,UPI,4,9346.09,0.0,37384.36,37384.36,0,5812.01,2024,2,February,Tuesday,37384.36,37384.36
2024-02-27,ORD038853,CUST01941,P015,Dining Table,Furniture,Mumbai,Online,UPI,1,22141.9,0.0,22141.9,22141.9,0,3585.08,2024,2,February,Tuesday,22141.9,22141.9
2024-02-27,ORD026153,CUST00509,P011,Mixer Grinder,Home,Delhi,Store,UPI,4,4916.56,0.0,19666.24,19666.24,0,2518.14,2024,2,February,Tuesday,19666.24,19666.24
2024-02-27,ORD043602,CUST03915,P012,Air Fryer,Home,Hyderabad,Online,Credit Card,1,7365.91,0.1,7365.91,6629.32,0,452.23,2024,2,February,Tuesday,7365.91,6629.319
2024-02-27,ORD045734,CUST01238,P007,Backpack,Accessories,Chennai,Store,Credit Card,3,2249.78,0.0,6749.34,6749.34,0,1849.95,2024,2,February,Tuesday,6749.34,6749.34
2024-02-27,ORD028789,CUST01489,P003,Headphones,Electronics,Bengaluru,Online,Cash,4,4736.04,0.1,18944.16,17049.74,0,4026.48,2024,2,February,Tuesday,18944.16,17049.744
2024-02-27,ORD048280,CUST01273,P011,Mixer Grinder,Home,Delhi,Online,Credit Card,1,4943.78,0.05,4943.78,4696.59,0,372.92,2024,2,February,Tuesday,4943.78,4696.590999999999
2024-02-27,ORD004787,CUST02372,P014,Keyboard,Electronics,Surat,Online,Cash,1,2385.36,0.0,2385.36,2385.36,1,-119.27,2024,2,February,Tuesday,2385.36,2385.36
2024-02-27,ORD041842,CUST01276,P019,Vacuum Cleaner,Home,Hyderabad,Store,Cash,2,9726.05,0.1,19452.1,17506.89,0,4814.3,2024,2,February,Tuesday,19452.1,17506.89
2024-02-27,ORD045584,CUST03432,P016,Sofa,Furniture,Chennai,Online,UPI,2,35673.72,0.05,71347.44,67780.07,0,18783.48,2024,2,February,Tuesday,71347.44,67780.068
2024-02-27,ORD018002,CUST00662,P003,Headphones,Electronics,Pune,Store,UPI,2,4639.06,0.05,9278.12,8814.21,0,1011.65,2024,2,February,Tuesday,9278.12,8814.214
2024-02-27,ORD008999,CUST01948,P016,Sofa,Furniture,Bengaluru,Online,Cash,4,36328.45,0.2,145313.8,116251.04,0,12654.77,2024,2,February,Tuesday,145313.8,116251.04
2024-02-27,ORD028866,CUST00219,P005,Office Chair,Furniture,Kolkata,Online,UPI,1,9020.98,0.1,9020.98,8118.88,0,1769.24,2024,2,February,Tuesday,9020.98,8118.882
2024-02-27,ORD047326,CUST04949,P011,Mixer Grinder,Home,Ahmedabad,Online,Debit Card,1,4496.95,0.05,4496.95,4272.1,0,1173.51,2024,2,February,Tuesday,4496.95,4272.1025
2024-02-27,ORD010122,CUST04601,P002,Smartphone,Electronics,Jaipur,Store,Credit Card,1,27414.81,0.0,27414.81,27414.81,0,4836.31,2024,2,February,Tuesday,27414.81,27414.81
2024-02-27,ORD049844,CUST00936,P009,T-Shirt,Fashion,Kolkata,Store,Debit Card,2,1143.56,0.0,2287.12,2287.12,0,574.64,2024,2,February,Tuesday,2287.12,2287.12
2024-02-27,ORD013507,CUST02904,P008,Running Shoes,Fashion,Hyderabad,Online,Credit Card,1,4298.4,0.1,4298.4,3868.56,0,994.0,2024,2,February,Tuesday,4298.4,3868.56
2024-02-27,ORD030847,CUST02339,P004,Smartwatch,Electronics,Pune,Online,Net Banking,1,6626.23,0.1,6626.23,5963.61,0,415.47,2024,2,February,Tuesday,6626.23,5963.607
2024-02-27,ORD031992,CUST04460,P002,Smartphone,Electronics,Delhi,Store,UPI,5,28526.49,0.05,142632.45,135500.83,0,14629.3,2024,2,February,Tuesday,142632.45,135500.8275
2024-02-27,ORD015271,CUST04524,P013,Monitor,Electronics,Mumbai,Store,UPI,1,19050.85,0.0,19050.85,19050.85,0,4078.69,2024,2,February,Tuesday,19050.85,19050.85
2024-02-27,ORD019375,CUST03763,P020,Microwave,Home,Kolkata,Online,UPI,1,10436.39,0.1,10436.39,9392.75,0,1887.62,2024,2,February,Tuesday,10436.39,9392.751
2024-02-27,ORD046712,CUST04655,P010,Coffee Maker,Home,Chennai,Store,UPI,1,6007.13,0.1,6007.13,5406.42,0,537.99,2024,2,February,Tuesday,6007.13,5406.417
2024-02-27,ORD049017,CUST03192,P008,Running Shoes,Fashion,Bengaluru,Store,UPI,2,4543.98,0.15,9087.96,7724.77,0,1180.13,2024,2,February,Tuesday,9087.96,7724.765999999999
2024-02-27,ORD035982,CUST02308,P015,Dining Table,Furniture,Chennai,Store,UPI,2,22246.44,0.1,44492.88,40043.59,0,4162.1,2024,2,February,Tuesday,44492.88,40043.592
2024-02-27,ORD036740,CUST02394,P007,Backpack,Accessories,Bengaluru,Online,Credit Card,1,2355.65,0.0,2355.65,2355.65,0,281.6,2024,2,February,Tuesday,2355.65,2355.65
2024-02-27,ORD021225,CUST04645,P008,Running Shoes,Fashion,Surat,Online,Net Banking,2,4468.82,0.1,8937.64,8043.88,0,817.59,2024,2,February,Tuesday,8937.64,8043.875999999999
2024-02-27,ORD033027,CUST00063,P012,Air Fryer,Home,Kolkata,Store,Net Banking,1,7149.23,0.0,7149.23,7149.23,0,1913.78,2024,2,February,Tuesday,7149.23,7149.23
2024-02-28,ORD001869,CUST03160,P002,Smartphone,Electronics,Kolkata,Store,UPI,4,29759.67,0.1,119038.68,107134.81,0,26484.24,2024,2,February,Wednesday,119038.68,107134.81199999999
2024-02-28,ORD024562,CUST02995,P015,Dining Table,Furniture,Kolkata,Online,Credit Card,1,23805.98,0.05,23805.98,22615.68,0,4436.31,2024,2,February,Wednesday,23805.98,22615.680999999997
2024-02-28,ORD048178,CUST02885,P008,Running Shoes,Fashion,Bengaluru,Store,Debit Card,1,4116.75,0.1,4116.75,3705.08,0,828.26,2024,2,February,Wednesday,4116.75,3705.0750000000003
2024-02-28,ORD009773,CUST02281,P018,Jacket,Fashion,Surat,Online,Cash,1,5447.76,0.05,5447.76,5175.37,0,1464.68,2024,2,February,Wednesday,5447.76,5175.372
2024-02-28,ORD024140,CUST04565,P006,Desk,Furniture,Kolkata,Online,UPI,1,12878.7,0.05,12878.7,12234.76,1,-611.74,2024,2,February,Wednesday,12878.7,12234.765
2024-02-28,ORD041684,CUST04300,P011,Mixer Grinder,Home,Surat,Online,UPI,3,5095.81,0.0,15287.43,15287.43,0,4122.98,2024,2,February,Wednesday,15287.43,15287.43
2024-02-28,ORD037330,CUST03518,P007,Backpack,Accessories,Mumbai,Online,UPI,5,2258.1,0.25,11290.5,8467.88,0,374.36,2024,2,February,Wednesday,11290.5,8467.875
2024-02-28,ORD014132,CUST03603,P001,Laptop,Electronics,Jaipur,Store,Credit Card,5,60658.56,0.1,303292.8,272963.52,0,66586.34,2024,2,February,Wednesday,303292.8,272963.52
2024-02-28,ORD000607,CUST02931,P011,Mixer Grinder,Home,Kolkata,Store,Debit Card,1,4418.24,0.0,4418.24,4418.24,0,1260.53,2024,2,February,Wednesday,4418.24,4418.24
2024-02-28,ORD019674,CUST01672,P016,Sofa,Furniture,Pune,Online,Debit Card,3,34588.23,0.0,103764.69,103764.69,0,30490.16,2024,2,February,Wednesday,103764.69,103764.69
2024-02-28,ORD043129,CUST04481,P011,Mixer Grinder,Home,Hyderabad,Online,Credit Card,1,4509.05,0.0,4509.05,4509.05,0,1275.72,2024,2,February,Wednesday,4509.05,4509.05
2024-02-28,ORD035611,CUST01175,P016,Sofa,Furniture,Hyderabad,Store,UPI,1,34222.02,0.2,34222.02,27377.62,0,6343.1,2024,2,February,Wednesday,34222.02,27377.615999999998
2024-02-28,ORD026965,CUST03558,P009,T-Shirt,Fashion,Chennai,Online,UPI,1,1244.16,0.1,1244.16,1119.74,0,135.88,2024,2,February,Wednesday,1244.16,1119.7440000000001
2024-02-28,ORD025986,CUST00698,P016,Sofa,Furniture,Kolkata,Store,Debit Card,2,36156.45,0.05,72312.9,68697.25,0,14578.22,2024,2,February,Wednesday,72312.9,68697.25499999999
2024-02-28,ORD040089,CUST01455,P007,Backpack,Accessories,Bengaluru,Online,Credit Card,2,2009.1,0.1,4018.2,3616.38,0,947.26,2024,2,February,Wednesday,4018.2,3616.38
2024-02-28,ORD047743,CUST02681,P007,Backpack,Accessories,Jaipur,Store,UPI,1,2371.0,0.05,2371.0,2252.45,0,281.9,2024,2,February,Wednesday,2371.0,2252.45
2024-02-28,ORD008407,CUST00084,P016,Sofa,Furniture,Mumbai,Store,Credit Card,4,35019.22,0.05,140076.88,133073.04,0,23351.87,2024,2,February,Wednesday,140076.88,133073.036
2024-02-28,ORD018980,CUST01551,P016,Sofa,Furniture,Bengaluru,Online,Debit Card,2,31712.95,0.2,63425.9,50740.72,0,7504.76,2024,2,February,Wednesday,63425.9,50740.72
2024-02-28,ORD003127,CUST02317,P003,Headphones,Electronics,Mumbai,Store,Credit Card,2,4663.11,0.15,9326.22,7927.29,0,1739.59,2024,2,February,Wednesday,9326.22,7927.286999999999
2024-02-28,ORD015770,CUST01092,P008,Running Shoes,Fashion,Jaipur,Store,Cash,1,4516.18,0.0,4516.18,4516.18,1,-225.81,2024,2,February,Wednesday,4516.18,4516.18
2024-02-28,ORD049820,CUST03067,P006,Desk,Furniture,Chennai,Online,UPI,4,10966.43,0.0,43865.72,43865.72,0,4402.8,2024,2,February,Wednesday,43865.72,43865.72
2024-02-28,ORD039234,CUST04129,P020,Microwave,Home,Pune,Online,UPI,1,10259.99,0.05,10259.99,9746.99,0,1836.91,2024,2,February,Wednesday,10259.99,9746.9905
2024-02-28,ORD015460,CUST03912,P010,Coffee Maker,Home,Hyderabad,Online,UPI,1,5135.24,0.05,5135.24,4878.48,0,1073.97,2024,2,February,Wednesday,5135.24,4878.477999999999
2024-02-28,ORD019004,CUST01105,P013,Monitor,Electronics,Surat,Store,Debit Card,1,17152.3,0.0,17152.3,17152.3,0,1454.6,2024,2,February,Wednesday,17152.3,17152.3
2024-02-28,ORD001055,CUST02957,P007,Backpack,Accessories,Chennai,Online,Net Banking,1,2229.69,0.15,2229.69,1895.24,1,-94.76,2024,2,February,Wednesday,2229.69,1895.2365
2024-02-28,ORD036637,CUST03306,P013,Monitor,Electronics,Pune,Online,Net Banking,2,18855.51,0.1,37711.02,33939.92,0,2088.37,2024,2,February,Wednesday,37711.02,33939.918
2024-02-28,ORD018301,CUST04665,P011,Mixer Grinder,Home,Jaipur,Online,Credit Card,3,4587.2,0.15,13761.6,11697.36,0,2608.89,2024,2,February,Wednesday,13761.599999999999,11697.36
2024-02-28,ORD036066,CUST01776,P009,T-Shirt,Fashion,Pune,Store,UPI,4,1274.47,0.1,5097.88,4588.09,0,740.5,2024,2,February,Wednesday,5097.88,4588.092000000001
2024-02-28,ORD010460,CUST04306,P005,Office Chair,Furniture,Kolkata,Store,Debit Card,5,10353.7,0.1,51768.5,46591.65,0,12129.84,2024,2,February,Wednesday,51768.5,46591.65
2024-02-28,ORD015839,CUST01203,P016,Sofa,Furniture,Ahmedabad,Store,Credit Card,5,36679.78,0.0,183398.9,183398.9,1,-9169.94,2024,2,February,Wednesday,183398.9,183398.9
2024-02-28,ORD009911,CUST03903,P003,Headphones,Electronics,Mumbai,Store,UPI,2,4130.7,0.1,8261.4,7435.26,0,1604.84,2024,2,February,Wednesday,8261.4,7435.26
2024-02-28,ORD035778,CUST02854,P012,Air Fryer,Home,Ahmedabad,Store,UPI,1,7512.09,0.2,7512.09,6009.67,0,1345.62,2024,2,February,Wednesday,7512.09,6009.6720000000005
2024-02-28,ORD027465,CUST03042,P005,Office Chair,Furniture,Ahmedabad,Online,UPI,2,9595.75,0.05,19191.5,18231.92,0,1453.89,2024,2,February,Wednesday,19191.5,18231.925
2024-02-28,ORD012477,CUST01885,P020,Microwave,Home,Ahmedabad,Online,UPI,3,10978.98,0.05,32936.94,31290.09,0,3751.93,2024,2,February,Wednesday,32936.94,31290.093
2024-02-28,ORD015708,CUST03103,P005,Office Chair,Furniture,Jaipur,Store,Debit Card,3,8795.18,0.05,26385.54,25066.26,0,2973.88,2024,2,February,Wednesday,26385.54,25066.263
2024-02-28,ORD004350,CUST04812,P006,Desk,Furniture,Mumbai,Store,UPI,1,11949.65,0.1,11949.65,10754.68,0,1478.29,2024,2,February,Wednesday,11949.65,10754.685
2024-02-28,ORD014615,CUST04813,P011,Mixer Grinder,Home,Chennai,Online,UPI,1,5277.24,0.15,5277.24,4485.65,0,1097.15,2024,2,February,Wednesday,5277.24,4485.6539999999995
2024-02-28,ORD037980,CUST01480,P017,Jeans,Fashion,Jaipur,Online,Debit Card,1,2877.99,0.0,2877.99,2877.99,0,592.24,2024,2,February,Wednesday,2877.99,2877.99
2024-02-28,ORD005146,CUST00376,P019,Vacuum Cleaner,Home,Pune,Store,Credit Card,1,9031.34,0.0,9031.34,9031.34,0,1259.86,2024,2,February,Wednesday,9031.34,9031.34
2024-02-28,ORD026784,CUST00464,P010,Coffee Maker,Home,Mumbai,Online,Cash,4,5060.81,0.15,20243.24,17206.75,0,2199.25,2024,2,February,Wednesday,20243.24,17206.754
2024-02-28,ORD016213,CUST03718,P008,Running Shoes,Fashion,Pune,Online,Credit Card,2,4274.72,0.1,8549.44,7694.5,0,1964.62,2024,2,February,Wednesday,8549.44,7694.496000000001
2024-02-28,ORD006361,CUST02617,P012,Air Fryer,Home,Chennai,Online,Credit Card,1,7139.79,0.0,7139.79,7139.79,0,1223.36,2024,2,February,Wednesday,7139.79,7139.79
2024-02-28,ORD016011,CUST02429,P018,Jacket,Fashion,Pune,Store,UPI,4,4743.86,0.05,18975.44,18026.67,0,1766.71,2024,2,February,Wednesday,18975.44,18026.667999999998
2024-02-28,ORD000985,CUST02434,P013,Monitor,Electronics,Chennai,Store,Cash,1,17293.44,0.0,17293.44,17293.44,0,3543.81,2024,2,February,Wednesday,17293.44,17293.44
2024-02-28,ORD021025,CUST02954,P020,Microwave,Home,Jaipur,Online,UPI,1,10364.13,0.1,10364.13,9327.72,0,2351.31,2024,2,February,Wednesday,10364.13,9327.716999999999
2024-02-28,ORD021027,CUST00149,P017,Jeans,Fashion,Chennai,Online,Debit Card,1,2896.81,0.1,2896.81,2607.13,0,472.47,2024,2,February,Wednesday,2896.81,2607.129
2024-02-28,ORD026830,CUST01034,P018,Jacket,Fashion,Delhi,Store,Debit Card,2,5203.47,0.2,10406.94,8325.55,0,1148.79,2024,2,February,Wednesday,10406.94,8325.552000000001
2024-02-28,ORD018622,CUST03013,P018,Jacket,Fashion,Surat,Store,Credit Card,3,5355.35,0.1,16066.05,14459.45,0,3595.33,2024,2,February,Wednesday,16066.050000000001,14459.445
2024-02-28,ORD020647,CUST03613,P002,Smartphone,Electronics,Delhi,Store,Debit Card,1,29187.03,0.0,29187.03,29187.03,0,8397.55,2024,2,February,Wednesday,29187.03,29187.03
2024-02-28,ORD028851,CUST00840,P015,Dining Table,Furniture,Chennai,Store,UPI,2,23744.89,0.1,47489.78,42740.8,0,9479.52,2024,2,February,Wednesday,47489.78,42740.802
2024-02-28,ORD015597,CUST00149,P020,Microwave,Home,Pune,Online,Credit Card,1,11827.05,0.1,11827.05,10644.34,0,770.5,2024,2,February,Wednesday,11827.05,10644.345
2024-02-28,ORD021844,CUST01856,P006,Desk,Furniture,Mumbai,Online,Cash,1,12603.21,0.1,12603.21,11342.89,0,1448.99,2024,2,February,Wednesday,12603.21,11342.889
2024-02-28,ORD019411,CUST02758,P018,Jacket,Fashion,Mumbai,Online,UPI,1,5694.52,0.0,5694.52,5694.52,0,1480.88,2024,2,February,Wednesday,5694.52,5694.52
2024-02-28,ORD034114,CUST03131,P009,T-Shirt,Fashion,Hyderabad,Store,UPI,1,1295.27,0.05,1295.27,1230.51,0,91.98,2024,2,February,Wednesday,1295.27,1230.5065
2024-02-28,ORD018004,CUST02013,P016,Sofa,Furniture,Ahmedabad,Online,UPI,3,36219.6,0.15,108658.8,92359.98,0,16724.0,2024,2,February,Wednesday,108658.79999999999,92359.98
2024-02-28,ORD015584,CUST00919,P010,Coffee Maker,Home,Jaipur,Online,Cash,1,5447.55,0.15,5447.55,4630.42,0,1050.49,2024,2,February,Wednesday,5447.55,4630.4175000000005
2024-02-28,ORD001683,CUST00697,P007,Backpack,Accessories,Jaipur,Store,Debit Card,1,2276.41,0.05,2276.41,2162.59,0,167.04,2024,2,February,Wednesday,2276.41,2162.5894999999996
2024-02-28,ORD020047,CUST03247,P015,Dining Table,Furniture,Bengaluru,Online,Cash,2,21636.97,0.05,43273.94,41110.24,0,7013.67,2024,2,February,Wednesday,43273.94,41110.243
2024-02-28,ORD021412,CUST00414,P017,Jeans,Fashion,Ahmedabad,Store,Credit Card,1,2964.23,0.05,2964.23,2816.02,0,763.02,2024,2,February,Wednesday,2964.23,2816.0184999999997
2024-02-28,ORD043417,CUST04711,P020,Microwave,Home,Bengaluru,Store,UPI,1,11011.75,0.0,11011.75,11011.75,0,1016.9,2024,2,February,Wednesday,11011.75,11011.75
2024-02-28,ORD005578,CUST02924,P006,Desk,Furniture,Jaipur,Online,UPI,3,11560.49,0.15,34681.47,29479.25,0,5985.91,2024,2,February,Wednesday,34681.47,29479.2495
2024-02-28,ORD022414,CUST03945,P019,Vacuum Cleaner,Home,Jaipur,Store,Cash,1,8371.59,0.2,8371.59,6697.27,1,-334.86,2024,2,February,Wednesday,8371.59,6697.272000000001
2024-02-29,ORD024285,CUST03726,P006,Desk,Furniture,Pune,Online,Credit Card,1,11299.64,0.0,11299.64,11299.64,1,-564.98,2024,2,February,Thursday,11299.64,11299.64
2024-02-29,ORD004395,CUST02609,P002,Smartphone,Electronics,Pune,Store,UPI,1,29733.99,0.05,29733.99,28247.29,0,2932.6,2024,2,February,Thursday,29733.99,28247.2905
2024-02-29,ORD044026,CUST04370,P013,Monitor,Electronics,Kolkata,Online,Credit Card,1,19649.67,0.0,19649.67,19649.67,0,5266.05,2024,2,February,Thursday,19649.67,19649.67
2024-02-29,ORD016198,CUST00528,P014,Keyboard,Electronics,Hyderabad,Online,Debit Card,1,2557.08,0.05,2557.08,2429.23,0,337.28,2024,2,February,Thursday,2557.08,2429.2259999999997
2024-02-29,ORD008177,CUST02043,P003,Headphones,Electronics,Hyderabad,Online,Credit Card,3,4703.56,0.0,14110.68,14110.68,0,1491.49,2024,2,February,Thursday,14110.68,14110.68
2024-02-29,ORD031138,CUST00877,P001,Laptop,Electronics,Ahmedabad,Online,Cash,2,62878.47,0.1,125756.94,113181.25,0,11055.53,2024,2,February,Thursday,125756.94,113181.246
2024-02-29,ORD048660,CUST02125,P016,Sofa,Furniture,Chennai,Online,UPI,2,38049.56,0.0,76099.12,76099.12,0,11955.51,2024,2,February,Thursday,76099.12,76099.12
2024-02-29,ORD029718,CUST01266,P014,Keyboard,Electronics,Surat,Online,Cash,1,2280.26,0.05,2280.26,2166.25,0,356.47,2024,2,February,Thursday,2280.26,2166.2470000000003
2024-02-29,ORD025066,CUST03154,P015,Dining Table,Furniture,Hyderabad,Online,UPI,1,20366.08,0.1,20366.08,18329.47,1,-916.47,2024,2,February,Thursday,20366.08,18329.472
2024-02-29,ORD025799,CUST04559,P013,Monitor,Electronics,Jaipur,Online,Net Banking,2,17088.0,0.2,34176.0,27340.8,1,-1367.04,2024,2,February,Thursday,34176.0,27340.800000000003
2024-02-29,ORD029220,CUST02094,P001,Laptop,Electronics,Chennai,Online,Debit Card,2,70586.16,0.0,141172.32,141172.32,0,21673.13,2024,2,February,Thursday,141172.32,141172.32
2024-02-29,ORD023938,CUST04578,P014,Keyboard,Electronics,Chennai,Online,UPI,1,2563.73,0.25,2563.73,1922.8,0,76.91,2024,2,February,Thursday,2563.73,1922.7975000000001
2024-02-29,ORD024467,CUST04717,P008,Running Shoes,Fashion,Delhi,Store,Credit Card,1,4076.85,0.05,4076.85,3873.01,0,929.54,2024,2,February,Thursday,4076.85,3873.0074999999997
2024-02-29,ORD033025,CUST04817,P006,Desk,Furniture,Hyderabad,Online,Cash,3,12037.25,0.05,36111.75,34306.16,0,7435.66,2024,2,February,Thursday,36111.75,34306.1625
2024-02-29,ORD017096,CUST00298,P012,Air Fryer,Home,Pune,Online,Credit Card,2,7239.0,0.1,14478.0,13030.2,0,3596.79,2024,2,February,Thursday,14478.0,13030.2
2024-02-29,ORD021619,CUST01106,P020,Microwave,Home,Surat,Online,UPI,1,11839.82,0.1,11839.82,10655.84,0,2678.02,2024,2,February,Thursday,11839.82,10655.838
2024-02-29,ORD018553,CUST03230,P009,T-Shirt,Fashion,Delhi,Store,Credit Card,2,1241.44,0.15,2482.88,2110.45,0,176.25,2024,2,February,Thursday,2482.88,2110.448
2024-02-29,ORD009457,CUST02345,P017,Jeans,Fashion,Mumbai,Online,UPI,2,2522.09,0.0,5044.18,5044.18,0,1130.96,2024,2,February,Thursday,5044.18,5044.18
2024-02-29,ORD000719,CUST00257,P005,Office Chair,Furniture,Ahmedabad,Online,Credit Card,1,8830.16,0.0,8830.16,8830.16,0,845.76,2024,2,February,Thursday,8830.16,8830.16
2024-02-29,ORD032883,CUST03239,P006,Desk,Furniture,Chennai,Online,UPI,3,10958.5,0.0,32875.5,32875.5,0,3123.75,2024,2,February,Thursday,32875.5,32875.5
2024-02-29,ORD003889,CUST00239,P018,Jacket,Fashion,Kolkata,Online,Debit Card,1,4890.87,0.05,4890.87,4646.33,0,493.18,2024,2,February,Thursday,4890.87,4646.3265
2024-02-29,ORD001096,CUST00435,P016,Sofa,Furniture,Delhi,Store,Credit Card,2,36722.58,0.1,73445.16,66100.64,0,9362.11,2024,2,February,Thursday,73445.16,66100.644
2024-02-29,ORD005766,CUST00885,P008,Running Shoes,Fashion,Chennai,Online,UPI,3,4506.5,0.1,13519.5,12167.55,0,2324.87,2024,2,February,Thursday,13519.5,12167.550000000001
2024-02-29,ORD036500,CUST00260,P014,Keyboard,Electronics,Pune,Online,Debit Card,1,2474.89,0.0,2474.89,2474.89,0,223.97,2024,2,February,Thursday,2474.89,2474.89
2024-02-29,ORD047757,CUST04558,P002,Smartphone,Electronics,Bengaluru,Online,Credit Card,1,27639.72,0.15,27639.72,23493.76,0,5652.94,2024,2,February,Thursday,27639.72,23493.762
2024-02-29,ORD039341,CUST04501,P002,Smartphone,Electronics,Chennai,Online,Credit Card,1,25956.61,0.0,25956.61,25956.61,0,2468.93,2024,2,February,Thursday,25956.61,25956.61
2024-02-29,ORD033972,CUST00649,P005,Office Chair,Furniture,Mumbai,Store,UPI,1,9864.15,0.15,9864.15,8384.53,0,952.55,2024,2,February,Thursday,9864.15,8384.5275
2024-02-29,ORD039921,CUST01960,P008,Running Shoes,Fashion,Bengaluru,Online,Debit Card,2,4403.49,0.15,8806.98,7485.93,0,687.84,2024,2,February,Thursday,8806.98,7485.932999999999
2024-02-29,ORD025189,CUST04440,P013,Monitor,Electronics,Bengaluru,Store,UPI,2,19748.19,0.05,39496.38,37521.56,0,4262.57,2024,2,February,Thursday,39496.38,37521.560999999994
2024-02-29,ORD045889,CUST01667,P019,Vacuum Cleaner,Home,Ahmedabad,Online,Credit Card,1,8604.15,0.1,8604.15,7743.74,0,850.26,2024,2,February,Thursday,8604.15,7743.735
2024-02-29,ORD023105,CUST00852,P005,Office Chair,Furniture,Chennai,Online,Cash,1,9478.17,0.15,9478.17,8056.44,0,1842.64,2024,2,February,Thursday,9478.17,8056.4445
2024-02-29,ORD043814,CUST03281,P001,Laptop,Electronics,Ahmedabad,Online,Credit Card,1,63181.77,0.2,63181.77,50545.42,0,2569.62,2024,2,February,Thursday,63181.77,50545.416
2024-02-29,ORD012566,CUST04315,P008,Running Shoes,Fashion,Bengaluru,Store,UPI,3,4426.33,0.2,13278.99,10623.19,0,570.63,2024,2,February,Thursday,13278.99,10623.192000000001
2024-02-29,ORD009870,CUST03935,P017,Jeans,Fashion,Hyderabad,Online,UPI,2,2666.34,0.05,5332.68,5066.05,0,630.92,2024,2,February,Thursday,5332.68,5066.046
2024-02-29,ORD027556,CUST02106,P014,Keyboard,Electronics,Jaipur,Online,Credit Card,2,2726.32,0.1,5452.64,4907.38,0,1203.75,2024,2,February,Thursday,5452.64,4907.376
2024-02-29,ORD009523,CUST03716,P018,Jacket,Fashion,Mumbai,Store,Debit Card,2,5605.74,0.1,11211.48,10090.33,0,2229.49,2024,2,February,Thursday,11211.48,10090.332
2024-02-29,ORD031036,CUST00478,P002,Smartphone,Electronics,Bengaluru,Online,Debit Card,1,26169.12,0.1,26169.12,23552.21,0,2705.67,2024,2,February,Thursday,26169.12,23552.208
2024-02-29,ORD028865,CUST01350,P005,Office Chair,Furniture,Ahmedabad,Store,Credit Card,2,8564.92,0.1,17129.84,15416.86,0,3384.23,2024,2,February,Thursday,17129.84,15416.856
2024-02-29,ORD026754,CUST01245,P012,Air Fryer,Home,Hyderabad,Store,UPI,1,6916.58,0.1,6916.58,6224.92,1,-311.25,2024,2,February,Thursday,6916.58,6224.9220000000005
2024-02-29,ORD009036,CUST00659,P016,Sofa,Furniture,Surat,Store,Net Banking,4,38196.95,0.25,152787.8,114590.85,0,10394.89,2024,2,February,Thursday,152787.8,114590.84999999999
2024-02-29,ORD013382,CUST04603,P019,Vacuum Cleaner,Home,Bengaluru,Online,Credit Card,5,8921.31,0.1,44606.55,40145.89,0,10668.48,2024,2,February,Thursday,44606.549999999996,40145.895000000004
2024-02-29,ORD031159,CUST04528,P014,Keyboard,Electronics,Delhi,Online,UPI,1,2445.44,0.0,2445.44,2445.44,0,316.13,2024,2,February,Thursday,2445.44,2445.44
2024-02-29,ORD047124,CUST01882,P009,T-Shirt,Fashion,Ahmedabad,Online,UPI,1,1086.13,0.1,1086.13,977.52,0,173.47,2024,2,February,Thursday,1086.13,977.5170000000002
2024-02-29,ORD013712,CUST03778,P014,Keyboard,Electronics,Hyderabad,Store,Debit Card,1,2490.05,0.0,2490.05,2490.05,0,725.52,2024,2,February,Thursday,2490.05,2490.05
2024-02-29,ORD030055,CUST02922,P010,Coffee Maker,Home,Ahmedabad,Online,Debit Card,1,5220.98,0.0,5220.98,5220.98,0,1132.9,2024,2,February,Thursday,5220.98,5220.98
2024-02-29,ORD006302,CUST01288,P001,Laptop,Electronics,Bengaluru,Online,Debit Card,1,65111.56,0.1,65111.56,58600.4,0,9984.19,2024,2,February,Thursday,65111.56,58600.404
2024-02-29,ORD032184,CUST02986,P015,Dining Table,Furniture,Surat,Online,Credit Card,1,23279.83,0.15,23279.83,19787.86,0,4823.66,2024,2,February,Thursday,23279.83,19787.8555
2024-02-29,ORD025598,CUST00501,P008,Running Shoes,Fashion,Chennai,Online,UPI,2,4421.27,0.05,8842.54,8400.41,0,1556.37,2024,2,February,Thursday,8842.54,8400.413
2024-02-29,ORD004044,CUST00184,P007,Backpack,Accessories,Hyderabad,Online,Net Banking,2,2083.85,0.05,4167.7,3959.31,0,481.79,2024,2,February,Thursday,4167.7,3959.3149999999996
2024-02-29,ORD012652,CUST02488,P013,Monitor,Electronics,Jaipur,Store,Credit Card,2,16890.13,0.1,33780.26,30402.23,0,6565.75,2024,2,February,Thursday,33780.26,30402.234000000004
2024-02-29,ORD038857,CUST04854,P004,Smartwatch,Electronics,Hyderabad,Online,Cash,1,7285.19,0.05,7285.19,6920.93,0,1909.18,2024,2,February,Thursday,7285.19,6920.9304999999995
2024-02-29,ORD004160,CUST02346,P013,Monitor,Electronics,Kolkata,Online,UPI,2,19517.66,0.1,39035.32,35131.79,0,8177.06,2024,2,February,Thursday,39035.32,35131.788
2024-02-29,ORD025376,CUST00143,P016,Sofa,Furniture,Ahmedabad,Store,UPI,1,33308.81,0.05,33308.81,31643.37,0,4667.89,2024,2,February,Thursday,33308.81,31643.369499999997
2024-02-29,ORD026889,CUST01090,P003,Headphones,Electronics,Delhi,Store,UPI,1,4392.32,0.1,4392.32,3953.09,0,332.34,2024,2,February,Thursday,4392.32,3953.0879999999997
2024-02-29,ORD018310,CUST01476,P015,Dining Table,Furniture,Chennai,Store,Credit Card,2,22267.24,0.1,44534.48,40081.03,0,3838.5,2024,2,February,Thursday,44534.48,40081.03200000001
2024-02-29,ORD029508,CUST03643,P014,Keyboard,Electronics,Pune,Online,UPI,1,2286.94,0.15,2286.94,1943.9,0,260.32,2024,2,February,Thursday,2286.94,1943.899
2024-02-29,ORD010542,CUST04687,P013,Monitor,Electronics,Pune,Online,Credit Card,2,19605.62,0.15,39211.24,33329.55,0,4299.61,2024,2,February,Thursday,39211.24,33329.554
2024-02-29,ORD049703,CUST02876,P005,Office Chair,Furniture,Ahmedabad,Online,Net Banking,1,9168.38,0.2,9168.38,7334.7,0,404.26,2024,2,February,Thursday,9168.38,7334.704
2024-02-29,ORD032134,CUST00482,P011,Mixer Grinder,Home,Hyderabad,Online,Credit Card,1,4419.49,0.0,4419.49,4419.49,0,1085.17,2024,2,February,Thursday,4419.49,4419.49
2024-02-29,ORD027226,CUST03619,P010,Coffee Maker,Home,Surat,Online,UPI,5,5908.84,0.2,29544.2,23635.36,0,3502.64,2024,2,February,Thursday,29544.2,23635.36
2024-02-29,ORD022434,CUST03865,P017,Jeans,Fashion,Hyderabad,Online,Credit Card,1,3021.86,0.1,3021.86,2719.67,0,706.98,2024,2,February,Thursday,3021.86,2719.674
2024-02-29,ORD048950,CUST03916,P017,Jeans,Fashion,Hyderabad,Online,Credit Card,1,2861.34,0.1,2861.34,2575.21,0,246.55,2024,2,February,Thursday,2861.34,2575.206
2024-02-29,ORD047491,CUST04274,P017,Jeans,Fashion,Bengaluru,Online,Credit Card,1,2750.91,0.2,2750.91,2200.73,0,200.35,2024,2,February,Thursday,2750.91,2200.728
2024-02-29,ORD029956,CUST01568,P002,Smartphone,Electronics,Pune,Online,Credit Card,1,27965.01,0.1,27965.01,25168.51,0,5148.3,2024,2,February,Thursday,27965.01,25168.509
2024-02-29,ORD003408,CUST00139,P018,Jacket,Fashion,Delhi,Online,UPI,1,4902.32,0.1,4902.32,4412.09,0,1190.14,2024,2,February,Thursday,4902.32,4412.088
2024-02-29,ORD045683,CUST02821,P010,Coffee Maker,Home,Jaipur,Online,UPI,1,5438.77,0.25,5438.77,4079.08,0,279.91,2024,2,February,Thursday,5438.77,4079.0775000000003
2024-02-29,ORD046191,CUST03149,P004,Smartwatch,Electronics,Surat,Store,UPI,1,6737.47,0.1,6737.47,6063.72,0,420.23,2024,2,February,Thursday,6737.47,6063.723
2024-02-29,ORD007617,CUST04692,P017,Jeans,Fashion,Ahmedabad,Store,Net Banking,1,2692.55,0.1,2692.55,2423.3,0,186.87,2024,2,February,Thursday,2692.55,2423.295
2024-02-29,ORD046565,CUST02524,P003,Headphones,Electronics,Ahmedabad,Online,Credit Card,1,4154.53,0.1,4154.53,3739.08,1,-186.95,2024,2,February,Thursday,4154.53,3739.0769999999998
2024-02-29,ORD022922,CUST02685,P014,Keyboard,Electronics,Kolkata,Online,UPI,1,2476.7,0.05,2476.7,2352.86,0,594.14,2024,2,February,Thursday,2476.7,2352.865
2024-03-01,ORD044224,CUST01524,P011,Mixer Grinder,Home,Surat,Online,Net Banking,1,4450.37,0.1,4450.37,4005.33,0,449.73,2024,3,March,Friday,4450.37,4005.333
2024-03-01,ORD038019,CUST03629,P011,Mixer Grinder,Home,Bengaluru,Online,Debit Card,4,5279.19,0.0,21116.76,21116.76,0,4163.96,2024,3,March,Friday,21116.76,21116.76
2024-03-01,ORD045081,CUST02676,P008,Running Shoes,Fashion,Chennai,Store,Debit Card,4,4273.68,0.1,17094.72,15385.25,0,1906.3,2024,3,March,Friday,17094.72,15385.248000000001
2024-03-01,ORD037022,CUST01152,P004,Smartwatch,Electronics,Jaipur,Store,Debit Card,3,6550.28,0.05,19650.84,18668.3,0,1529.53,2024,3,March,Friday,19650.84,18668.298
2024-03-01,ORD005364,CUST00082,P018,Jacket,Fashion,Pune,Online,Net Banking,1,5224.95,0.1,5224.95,4702.46,0,842.12,2024,3,March,Friday,5224.95,4702.455
2024-03-01,ORD037174,CUST03260,P014,Keyboard,Electronics,Kolkata,Store,Credit Card,3,2572.2,0.15,7716.6,6559.11,0,1484.8,2024,3,March,Friday,7716.599999999999,6559.110000000001
2024-03-01,ORD032932,CUST03895,P004,Smartwatch,Electronics,Kolkata,Store,UPI,2,6792.12,0.1,13584.24,12225.82,0,1992.84,2024,3,March,Friday,13584.24,12225.816
2024-03-01,ORD039167,CUST00587,P013,Monitor,Electronics,Chennai,Online,Debit Card,1,18906.01,0.0,18906.01,18906.01,0,5616.68,2024,3,March,Friday,18906.01,18906.01
2024-03-01,ORD039520,CUST03740,P006,Desk,Furniture,Mumbai,Online,UPI,2,11849.57,0.05,23699.14,22514.18,0,4196.44,2024,3,March,Friday,23699.14,22514.182999999997
2024-03-01,ORD048134,CUST00445,P010,Coffee Maker,Home,Hyderabad,Online,UPI,2,5501.29,0.1,11002.58,9902.32,0,1677.28,2024,3,March,Friday,11002.58,9902.322
2024-03-01,ORD003653,CUST04540,P010,Coffee Maker,Home,Jaipur,Store,Cash,1,5066.3,0.0,5066.3,5066.3,0,1025.15,2024,3,March,Friday,5066.3,5066.3
2024-03-01,ORD014570,CUST04222,P020,Microwave,Home,Delhi,Online,UPI,2,10728.41,0.15,21456.82,18238.3,0,3774.03,2024,3,March,Friday,21456.82,18238.297
2024-03-01,ORD010633,CUST04676,P018,Jacket,Fashion,Hyderabad,Store,Credit Card,1,4800.13,0.1,4800.13,4320.12,0,1090.82,2024,3,March,Friday,4800.13,4320.117
2024-03-01,ORD034626,CUST03692,P017,Jeans,Fashion,Jaipur,Online,UPI,4,2663.27,0.05,10653.08,10120.43,0,1008.53,2024,3,March,Friday,10653.08,10120.426
2024-03-01,ORD018516,CUST04276,P009,T-Shirt,Fashion,Jaipur,Online,UPI,1,1179.19,0.25,1179.19,884.39,1,-44.22,2024,3,March,Friday,1179.19,884.3925
2024-03-01,ORD004913,CUST01276,P011,Mixer Grinder,Home,Kolkata,Store,UPI,1,4325.15,0.0,4325.15,4325.15,0,1066.5,2024,3,March,Friday,4325.15,4325.15
2024-03-01,ORD039834,CUST00594,P006,Desk,Furniture,Pune,Online,Cash,4,12372.0,0.1,49488.0,44539.2,0,3411.06,2024,3,March,Friday,49488.0,44539.200000000004
2024-03-01,ORD006601,CUST04046,P020,Microwave,Home,Bengaluru,Online,Credit Card,3,10025.99,0.15,30077.97,25566.27,1,-1278.31,2024,3,March,Friday,30077.97,25566.2745
2024-03-01,ORD015262,CUST03508,P019,Vacuum Cleaner,Home,Bengaluru,Online,UPI,1,8265.74,0.15,8265.74,7025.88,0,1788.3,2024,3,March,Friday,8265.74,7025.879
2024-03-01,ORD027085,CUST00180,P011,Mixer Grinder,Home,Chennai,Store,UPI,1,4769.83,0.1,4769.83,4292.85,0,334.51,2024,3,March,Friday,4769.83,4292.847
2024-03-01,ORD037030,CUST02101,P019,Vacuum Cleaner,Home,Hyderabad,Online,Debit Card,2,9892.71,0.1,19785.42,17806.88,1,-890.34,2024,3,March,Friday,19785.42,17806.878
2024-03-01,ORD017612,CUST01378,P019,Vacuum Cleaner,Home,Hyderabad,Store,Debit Card,1,9488.77,0.1,9488.77,8539.89,1,-426.99,2024,3,March,Friday,9488.77,8539.893
2024-03-01,ORD038472,CUST00486,P006,Desk,Furniture,Jaipur,Store,Credit Card,1,12501.57,0.0,12501.57,12501.57,0,2704.58,2024,3,March,Friday,12501.57,12501.57
2024-03-01,ORD020689,CUST01207,P001,Laptop,Electronics,Delhi,Store,UPI,3,67915.8,0.05,203747.4,193560.03,0,14976.4,2024,3,March,Friday,203747.40000000002,193560.03
2024-03-01,ORD012254,CUST01896,P020,Microwave,Home,Pune,Store,UPI,1,10503.95,0.0,10503.95,10503.95,0,2418.76,2024,3,March,Friday,10503.95,10503.95
2024-03-01,ORD035731,CUST01927,P013,Monitor,Electronics,Delhi,Online,Net Banking,3,18209.13,0.0,54627.39,54627.39,0,12080.64,2024,3,March,Friday,54627.39,54627.39
2024-03-01,ORD031973,CUST00316,P019,Vacuum Cleaner,Home,Hyderabad,Online,Credit Card,4,8804.53,0.1,35218.12,31696.31,0,6360.56,2024,3,March,Friday,35218.12,31696.308000000005
2024-03-01,ORD015998,CUST01725,P018,Jacket,Fashion,Chennai,Online,Debit Card,1,4884.12,0.05,4884.12,4639.91,0,819.33,2024,3,March,Friday,4884.12,4639.914
2024-03-01,ORD007913,CUST02115,P004,Smartwatch,Electronics,Delhi,Store,Credit Card,2,7444.5,0.0,14889.0,14889.0,0,3828.92,2024,3,March,Friday,14889.0,14889.0
2024-03-01,ORD005990,CUST04603,P008,Running Shoes,Fashion,Surat,Online,Credit Card,3,4274.31,0.05,12822.93,12181.78,0,1466.5,2024,3,March,Friday,12822.93,12181.7835
2024-03-01,ORD024104,CUST02133,P014,Keyboard,Electronics,Pune,Online,Credit Card,2,2432.03,0.1,4864.06,4377.65,0,628.73,2024,3,March,Friday,4864.06,4377.654
2024-03-01,ORD049453,CUST00086,P009,T-Shirt,Fashion,Chennai,Store,Debit Card,1,1183.05,0.0,1183.05,1183.05,0,249.03,2024,3,March,Friday,1183.05,1183.05
2024-03-01,ORD034646,CUST00033,P014,Keyboard,Electronics,Chennai,Store,Net Banking,1,2673.22,0.0,2673.22,2673.22,0,683.31,2024,3,March,Friday,2673.22,2673.22
2024-03-01,ORD036824,CUST03793,P013,Monitor,Electronics,Bengaluru,Online,Credit Card,1,19394.23,0.1,19394.23,17454.81,0,1370.69,2024,3,March,Friday,19394.23,17454.807
2024-03-01,ORD005602,CUST02089,P014,Keyboard,Electronics,Pune,Online,UPI,1,2577.59,0.1,2577.59,2319.83,0,221.08,2024,3,March,Friday,2577.59,2319.831
2024-03-01,ORD040988,CUST04465,P019,Vacuum Cleaner,Home,Delhi,Online,Debit Card,1,8103.38,0.05,8103.38,7698.21,0,2070.29,2024,3,March,Friday,8103.38,7698.210999999999
2024-03-01,ORD013443,CUST00072,P008,Running Shoes,Fashion,Kolkata,Online,Net Banking,1,4604.32,0.0,4604.32,4604.32,0,1209.11,2024,3,March,Friday,4604.32,4604.32
2024-03-01,ORD021607,CUST03713,P016,Sofa,Furniture,Jaipur,Online,Credit Card,1,33965.65,0.25,33965.65,25474.24,0,2006.32,2024,3,March,Friday,33965.65,25474.237500000003
2024-03-01,ORD039756,CUST00010,P009,T-Shirt,Fashion,Chennai,Online,UPI,2,1276.5,0.0,2553.0,2553.0,0,424.26,2024,3,March,Friday,2553.0,2553.0
2024-03-01,ORD044837,CUST04473,P006,Desk,Furniture,Pune,Store,UPI,5,10934.75,0.05,54673.75,51940.06,0,13473.33,2024,3,March,Friday,54673.75,51940.0625
2024-03-01,ORD014364,CUST01291,P019,Vacuum Cleaner,Home,Surat,Online,Credit Card,1,8700.13,0.25,8700.13,6525.1,0,1090.04,2024,3,March,Friday,8700.13,6525.0975
2024-03-01,ORD011599,CUST01521,P008,Running Shoes,Fashion,Delhi,Store,Cash,1,3838.71,0.1,3838.71,3454.84,0,467.49,2024,3,March,Friday,3838.71,3454.839
2024-03-01,ORD025871,CUST02357,P011,Mixer Grinder,Home,Bengaluru,Online,Net Banking,3,4623.56,0.1,13870.68,12483.61,0,2998.7,2024,3,March,Friday,13870.68,12483.612000000001
2024-03-01,ORD046406,CUST01715,P001,Laptop,Electronics,Chennai,Online,Debit Card,4,64429.39,0.2,257717.56,206174.05,0,12607.45,2024,3,March,Friday,257717.56,206174.048
2024-03-01,ORD019838,CUST01113,P008,Running Shoes,Fashion,Chennai,Store,Credit Card,1,4029.3,0.1,4029.3,3626.37,0,538.47,2024,3,March,Friday,4029.3,3626.3700000000003
2024-03-01,ORD032965,CUST02135,P010,Coffee Maker,Home,Delhi,Store,Credit Card,3,5513.52,0.15,16540.56,14059.48,0,2751.06,2024,3,March,Friday,16540.56,14059.476
2024-03-01,ORD015180,CUST01505,P012,Air Fryer,Home,Surat,Store,Credit Card,1,7919.66,0.1,7919.66,7127.69,1,-356.38,2024,3,March,Friday,7919.66,7127.694
2024-03-01,ORD039277,CUST03314,P007,Backpack,Accessories,Ahmedabad,Online,Cash,1,2030.42,0.1,2030.42,1827.38,0,486.53,2024,3,March,Friday,2030.42,1827.3780000000002
2024-03-01,ORD043908,CUST03211,P014,Keyboard,Electronics,Surat,Online,UPI,1,2531.81,0.05,2531.81,2405.22,0,190.14,2024,3,March,Friday,2531.81,2405.2194999999997
2024-03-01,ORD004562,CUST01841,P019,Vacuum Cleaner,Home,Chennai,Online,Debit Card,1,9853.16,0.2,9853.16,7882.53,0,1432.97,2024,3,March,Friday,9853.16,7882.528
2024-03-01,ORD031787,CUST00005,P012,Air Fryer,Home,Hyderabad,Store,Net Banking,1,7580.84,0.1,7580.84,6822.76,0,410.37,2024,3,March,Friday,7580.84,6822.756
2024-03-01,ORD029786,CUST01363,P011,Mixer Grinder,Home,Jaipur,Online,Net Banking,1,4646.13,0.05,4646.13,4413.82,0,827.46,2024,3,March,Friday,4646.13,4413.8234999999995
2024-03-01,ORD041287,CUST00849,P005,Office Chair,Furniture,Chennai,Store,Credit Card,3,9275.5,0.1,27826.5,25043.85,0,3288.12,2024,3,March,Friday,27826.5,25043.850000000002
2024-03-01,ORD007615,CUST03786,P007,Backpack,Accessories,Jaipur,Online,UPI,1,2354.17,0.1,2354.17,2118.75,0,210.18,2024,3,March,Friday,2354.17,2118.753
2024-03-01,ORD011993,CUST00665,P013,Monitor,Electronics,Delhi,Online,Credit Card,1,19301.92,0.2,19301.92,15441.54,0,2828.82,2024,3,March,Friday,19301.92,15441.536
2024-03-01,ORD012616,CUST02593,P018,Jacket,Fashion,Surat,Online,UPI,1,5505.84,0.0,5505.84,5505.84,0,1453.35,2024,3,March,Friday,5505.84,5505.84
2024-03-01,ORD009389,CUST02750,P011,Mixer Grinder,Home,Mumbai,Online,UPI,1,5126.26,0.15,5126.26,4357.32,0,949.14,2024,3,March,Friday,5126.26,4357.321
2024-03-01,ORD001569,CUST01380,P004,Smartwatch,Electronics,Ahmedabad,Online,UPI,1,6871.47,0.15,6871.47,5840.75,0,1031.86,2024,3,March,Friday,6871.47,5840.7495
2024-03-01,ORD005462,CUST02720,P005,Office Chair,Furniture,Mumbai,Online,UPI,1,8639.46,0.1,8639.46,7775.51,0,1791.66,2024,3,March,Friday,8639.46,7775.513999999999
2024-03-01,ORD000948,CUST03461,P011,Mixer Grinder,Home,Bengaluru,Online,UPI,1,5061.6,0.0,5061.6,5061.6,0,453.82,2024,3,March,Friday,5061.6,5061.6
2024-03-01,ORD018355,CUST04984,P011,Mixer Grinder,Home,Bengaluru,Online,Credit Card,3,5111.66,0.0,15334.98,15334.98,0,1307.85,2024,3,March,Friday,15334.98,15334.98
2024-03-01,ORD013293,CUST03634,P003,Headphones,Electronics,Ahmedabad,Store,UPI,1,4796.76,0.1,4796.76,4317.08,0,442.21,2024,3,March,Friday,4796.76,4317.084000000001
2024-03-01,ORD030415,CUST04755,P018,Jacket,Fashion,Pune,Store,UPI,1,5573.63,0.0,5573.63,5573.63,0,602.26,2024,3,March,Friday,5573.63,5573.63
2024-03-01,ORD008083,CUST01958,P013,Monitor,Electronics,Chennai,Online,Credit Card,1,18213.29,0.2,18213.29,14570.63,0,2427.35,2024,3,March,Friday,18213.29,14570.632000000001
2024-03-01,ORD019163,CUST00666,P013,Monitor,Electronics,Jaipur,Online,Credit Card,1,18746.55,0.1,18746.55,16871.9,0,4482.67,2024,3,March,Friday,18746.55,16871.895
2024-03-01,ORD042319,CUST03062,P007,Backpack,Accessories,Hyderabad,Online,Cash,2,2338.6,0.0,4677.2,4677.2,0,1393.4,2024,3,March,Friday,4677.2,4677.2
2024-03-01,ORD031762,CUST02199,P006,Desk,Furniture,Ahmedabad,Online,Debit Card,1,12435.27,0.15,12435.27,10569.98,0,1238.44,2024,3,March,Friday,12435.27,10569.9795
2024-03-01,ORD044137,CUST03982,P006,Desk,Furniture,Mumbai,Online,UPI,1,11770.39,0.0,11770.39,11770.39,0,2836.14,2024,3,March,Friday,11770.39,11770.39
2024-03-01,ORD012769,CUST01999,P002,Smartphone,Electronics,Mumbai,Online,Net Banking,1,26281.28,0.05,26281.28,24967.22,0,3767.6,2024,3,March,Friday,26281.28,24967.215999999997
2024-03-01,ORD037521,CUST02515,P007,Backpack,Accessories,Chennai,Online,Cash,1,1997.0,0.1,1997.0,1797.3,0,310.77,2024,3,March,Friday,1997.0,1797.3
2024-03-01,ORD044723,CUST01211,P008,Running Shoes,Fashion,Bengaluru,Online,Credit Card,2,4118.35,0.1,8236.7,7413.03,0,1609.96,2024,3,March,Friday,8236.7,7413.030000000001
2024-03-01,ORD038163,CUST04731,P004,Smartwatch,Electronics,Jaipur,Store,UPI,2,7114.34,0.1,14228.68,12805.81,0,2636.59,2024,3,March,Friday,14228.68,12805.812
2024-03-01,ORD013949,CUST01497,P014,Keyboard,Electronics,Delhi,Store,UPI,2,2414.06,0.15,4828.12,4103.9,0,574.57,2024,3,March,Friday,4828.12,4103.902
2024-03-02,ORD036832,CUST00593,P015,Dining Table,Furniture,Mumbai,Online,Credit Card,1,23336.63,0.15,23336.63,19836.14,0,1114.55,2024,3,March,Saturday,23336.63,19836.1355
2024-03-02,ORD004184,CUST02464,P005,Office Chair,Furniture,Kolkata,Online,Cash,1,10051.8,0.2,10051.8,8041.44,0,1808.56,2024,3,March,Saturday,10051.8,8041.44
2024-03-02,ORD012525,CUST01089,P020,Microwave,Home,Hyderabad,Store,UPI,1,10380.38,0.0,10380.38,10380.38,0,1481.87,2024,3,March,Saturday,10380.38,10380.38
2024-03-02,ORD020683,CUST02438,P006,Desk,Furniture,Mumbai,Online,UPI,4,13186.73,0.1,52746.92,47472.23,0,11333.53,2024,3,March,Saturday,52746.92,47472.228
2024-03-02,ORD039976,CUST04692,P017,Jeans,Fashion,Pune,Online,UPI,2,2964.8,0.15,5929.6,5040.16,0,419.28,2024,3,March,Saturday,5929.6,5040.16
2024-03-02,ORD007553,CUST03286,P012,Air Fryer,Home,Mumbai,Online,UPI,1,7202.33,0.2,7202.33,5761.86,0,806.57,2024,3,March,Saturday,7202.33,5761.8640000000005
2024-03-02,ORD029540,CUST01647,P010,Coffee Maker,Home,Chennai,Online,Credit Card,1,5246.88,0.1,5246.88,4722.19,0,729.17,2024,3,March,Saturday,5246.88,4722.192
2024-03-02,ORD044274,CUST01242,P010,Coffee Maker,Home,Ahmedabad,Online,Credit Card,2,5561.1,0.1,11122.2,10009.98,0,2178.92,2024,3,March,Saturday,11122.2,10009.980000000001
2024-03-02,ORD045894,CUST02292,P016,Sofa,Furniture,Bengaluru,Online,UPI,2,37635.99,0.2,75271.98,60217.58,0,15651.57,2024,3,March,Saturday,75271.98,60217.584
2024-03-02,ORD046433,CUST04891,P014,Keyboard,Electronics,Pune,Store,Credit Card,2,2647.67,0.15,5295.34,4501.04,0,519.06,2024,3,March,Saturday,5295.34,4501.039
2024-03-02,ORD030743,CUST04937,P019,Vacuum Cleaner,Home,Bengaluru,Online,UPI,1,9590.19,0.2,9590.19,7672.15,0,1868.16,2024,3,March,Saturday,9590.19,7672.152000000001
2024-03-02,ORD007248,CUST04854,P009,T-Shirt,Fashion,Hyderabad,Online,Credit Card,1,1265.44,0.0,1265.44,1265.44,0,129.01,2024,3,March,Saturday,1265.44,1265.44
2024-03-02,ORD035551,CUST03802,P019,Vacuum Cleaner,Home,Ahmedabad,Online,UPI,1,8398.74,0.0,8398.74,8398.74,0,1749.09,2024,3,March,Saturday,8398.74,8398.74
2024-03-02,ORD044268,CUST02104,P010,Coffee Maker,Home,Bengaluru,Online,Cash,1,5008.51,0.2,5008.51,4006.81,0,701.2,2024,3,March,Saturday,5008.51,4006.8080000000004
2024-03-02,ORD032422,CUST01845,P008,Running Shoes,Fashion,Chennai,Online,UPI,1,4004.24,0.1,4004.24,3603.82,0,771.79,2024,3,March,Saturday,4004.24,3603.816
2024-03-02,ORD024212,CUST04081,P019,Vacuum Cleaner,Home,Surat,Store,UPI,1,9379.87,0.1,9379.87,8441.88,0,1764.7,2024,3,March,Saturday,9379.87,8441.883000000002
2024-03-02,ORD024418,CUST04543,P020,Microwave,Home,Pune,Online,Debit Card,1,10173.03,0.05,10173.03,9664.38,0,932.67,2024,3,March,Saturday,10173.03,9664.3785
2024-03-02,ORD027390,CUST03358,P011,Mixer Grinder,Home,Hyderabad,Online,Net Banking,1,4785.02,0.15,4785.02,4067.27,0,516.18,2024,3,March,Saturday,4785.02,4067.2670000000003
2024-03-02,ORD012160,CUST04135,P001,Laptop,Electronics,Ahmedabad,Store,UPI,1,69892.78,0.05,69892.78,66398.14,0,15890.88,2024,3,March,Saturday,69892.78,66398.14099999999
2024-03-02,ORD014822,CUST02967,P008,Running Shoes,Fashion,Pune,Online,Credit Card,3,3944.12,0.1,11832.36,10649.12,0,868.62,2024,3,March,Saturday,11832.36,10649.124000000002
2024-03-02,ORD007319,CUST03945,P006,Desk,Furniture,Surat,Online,Credit Card,1,13185.17,0.1,13185.17,11866.65,1,-593.33,2024,3,March,Saturday,13185.17,11866.653
2024-03-02,ORD027436,CUST02340,P018,Jacket,Fashion,Delhi,Store,Credit Card,2,4747.59,0.2,9495.18,7596.14,0,1168.14,2024,3,March,Saturday,9495.18,7596.144
2024-03-02,ORD045508,CUST02765,P003,Headphones,Electronics,Jaipur,Store,Credit Card,1,4901.2,0.1,4901.2,4411.08,0,988.65,2024,3,March,Saturday,4901.2,4411.08
2024-03-02,ORD020595,CUST01244,P014,Keyboard,Electronics,Kolkata,Store,Net Banking,3,2466.14,0.1,7398.42,6658.58,0,975.05,2024,3,March,Saturday,7398.42,6658.578
2024-03-02,ORD029026,CUST02418,P010,Coffee Maker,Home,Jaipur,Online,Credit Card,2,5110.99,0.0,10221.98,10221.98,0,1744.33,2024,3,March,Saturday,10221.98,10221.98
2024-03-02,ORD005616,CUST01225,P012,Air Fryer,Home,Kolkata,Online,UPI,1,7546.41,0.0,7546.41,7546.41,0,1327.72,2024,3,March,Saturday,7546.41,7546.41
2024-03-02,ORD027702,CUST00854,P003,Headphones,Electronics,Hyderabad,Online,Debit Card,2,4427.49,0.25,8854.98,6641.24,0,298.26,2024,3,March,Saturday,8854.98,6641.235
2024-03-02,ORD037723,CUST02902,P020,Microwave,Home,Delhi,Store,UPI,1,10381.37,0.1,10381.37,9343.23,0,1857.0,2024,3,March,Saturday,10381.37,9343.233
2024-03-02,ORD022350,CUST00930,P003,Headphones,Electronics,Kolkata,Online,Debit Card,1,4250.41,0.1,4250.41,3825.37,0,924.23,2024,3,March,Saturday,4250.41,3825.369
2024-03-02,ORD047860,CUST00010,P013,Monitor,Electronics,Mumbai,Store,Cash,1,16307.66,0.1,16307.66,14676.89,0,2767.21,2024,3,March,Saturday,16307.66,14676.894
2024-03-02,ORD017952,CUST04042,P002,Smartphone,Electronics,Delhi,Store,Cash,1,27458.13,0.1,27458.13,24712.32,0,6065.25,2024,3,March,Saturday,27458.13,24712.317000000003
2024-03-02,ORD048494,CUST02660,P007,Backpack,Accessories,Mumbai,Store,UPI,1,2284.24,0.25,2284.24,1713.18,0,416.61,2024,3,March,Saturday,2284.24,1713.1799999999998
2024-03-02,ORD007541,CUST02668,P005,Office Chair,Furniture,Kolkata,Store,Cash,1,8764.42,0.05,8764.42,8326.2,0,1659.24,2024,3,March,Saturday,8764.42,8326.199
2024-03-02,ORD034697,CUST00325,P010,Coffee Maker,Home,Pune,Store,UPI,3,5933.38,0.15,17800.14,15130.12,0,3114.19,2024,3,March,Saturday,17800.14,15130.118999999999
2024-03-02,ORD001449,CUST02458,P012,Air Fryer,Home,Mumbai,Store,Credit Card,1,7306.08,0.1,7306.08,6575.47,0,1126.52,2024,3,March,Saturday,7306.08,6575.472
2024-03-02,ORD034326,CUST01634,P013,Monitor,Electronics,Ahmedabad,Store,Credit Card,2,16433.96,0.05,32867.92,31224.52,0,4373.31,2024,3,March,Saturday,32867.92,31224.523999999998
2024-03-02,ORD032715,CUST03164,P018,Jacket,Fashion,Delhi,Store,UPI,1,4984.78,0.0,4984.78,4984.78,0,506.01,2024,3,March,Saturday,4984.78,4984.78
2024-03-02,ORD014610,CUST04655,P008,Running Shoes,Fashion,Bengaluru,Store,UPI,4,4398.71,0.1,17594.84,15835.36,0,3738.23,2024,3,March,Saturday,17594.84,15835.356
2024-03-02,ORD030885,CUST03795,P013,Monitor,Electronics,Kolkata,Online,UPI,2,17724.5,0.0,35449.0,35449.0,1,-1772.45,2024,3,March,Saturday,35449.0,35449.0
2024-03-02,ORD016326,CUST02072,P008,Running Shoes,Fashion,Kolkata,Online,Credit Card,3,4077.38,0.1,12232.14,11008.93,0,1425.41,2024,3,March,Saturday,12232.14,11008.926
2024-03-02,ORD016364,CUST00517,P015,Dining Table,Furniture,Delhi,Online,UPI,1,20932.87,0.05,20932.87,19886.23,0,2158.52,2024,3,March,Saturday,20932.87,19886.226499999997
2024-03-02,ORD039106,CUST04048,P014,Keyboard,Electronics,Mumbai,Online,UPI,1,2428.43,0.1,2428.43,2185.59,0,159.04,2024,3,March,Saturday,2428.43,2185.587
2024-03-02,ORD019854,CUST01522,P003,Headphones,Electronics,Ahmedabad,Online,Credit Card,2,4832.51,0.0,9665.02,9665.02,0,2411.92,2024,3,March,Saturday,9665.02,9665.02
2024-03-02,ORD005789,CUST00060,P013,Monitor,Electronics,Ahmedabad,Store,UPI,2,17137.8,0.1,34275.6,30848.04,0,4646.75,2024,3,March,Saturday,34275.6,30848.04
2024-03-02,ORD020888,CUST00451,P008,Running Shoes,Fashion,Delhi,Online,Credit Card,2,3895.47,0.05,7790.94,7401.39,0,1577.87,2024,3,March,Saturday,7790.94,7401.392999999999
2024-03-02,ORD015441,CUST00148,P002,Smartphone,Electronics,Surat,Store,Debit Card,1,29166.2,0.1,29166.2,26249.58,0,6540.6,2024,3,March,Saturday,29166.2,26249.58
2024-03-02,ORD000040,CUST00596,P005,Office Chair,Furniture,Jaipur,Online,Cash,1,9955.83,0.1,9955.83,8960.25,0,1282.21,2024,3,March,Saturday,9955.83,8960.247
2024-03-02,ORD028419,CUST02581,P013,Monitor,Electronics,Hyderabad,Store,Credit Card,2,19162.36,0.1,38324.72,34492.25,0,4064.09,2024,3,March,Saturday,38324.72,34492.248
2024-03-02,ORD008276,CUST01642,P003,Headphones,Electronics,Kolkata,Store,UPI,5,4685.51,0.15,23427.55,19913.42,0,2156.95,2024,3,March,Saturday,23427.550000000003,19913.4175
2024-03-02,ORD010679,CUST01566,P018,Jacket,Fashion,Mumbai,Online,Cash,1,4773.93,0.1,4773.93,4296.54,0,1032.25,2024,3,March,Saturday,4773.93,4296.537
2024-03-02,ORD009882,CUST00024,P019,Vacuum Cleaner,Home,Jaipur,Online,Cash,1,9529.66,0.0,9529.66,9529.66,0,1376.49,2024,3,March,Saturday,9529.66,9529.66
2024-03-02,ORD007239,CUST00951,P008,Running Shoes,Fashion,Pune,Store,UPI,1,4210.12,0.1,4210.12,3789.11,0,353.73,2024,3,March,Saturday,4210.12,3789.108
2024-03-02,ORD040961,CUST04822,P005,Office Chair,Furniture,Kolkata,Online,UPI,2,9059.91,0.2,18119.82,14495.86,1,-724.79,2024,3,March,Saturday,18119.82,14495.856
2024-03-02,ORD041600,CUST03839,P017,Jeans,Fashion,Delhi,Online,Credit Card,1,2883.69,0.1,2883.69,2595.32,0,540.7,2024,3,March,Saturday,2883.69,2595.321
2024-03-02,ORD029701,CUST02909,P011,Mixer Grinder,Home,Jaipur,Online,UPI,1,4340.08,0.1,4340.08,3906.07,0,547.93,2024,3,March,Saturday,4340.08,3906.072
2024-03-02,ORD000899,CUST04396,P013,Monitor,Electronics,Mumbai,Store,Credit Card,1,19089.96,0.15,19089.96,16226.47,0,960.62,2024,3,March,Saturday,19089.96,16226.465999999999
2024-03-02,ORD030706,CUST02128,P020,Microwave,Home,Ahmedabad,Online,Credit Card,1,10331.03,0.2,10331.03,8264.82,0,1924.94,2024,3,March,Saturday,10331.03,8264.824
2024-03-02,ORD004776,CUST01762,P009,T-Shirt,Fashion,Pune,Store,Credit Card,1,1127.91,0.05,1127.91,1071.51,0,154.66,2024,3,March,Saturday,1127.91,1071.5145
2024-03-02,ORD044684,CUST04552,P010,Coffee Maker,Home,Kolkata,Online,UPI,1,5184.69,0.05,5184.69,4925.46,0,675.54,2024,3,March,Saturday,5184.69,4925.455499999999
2024-03-02,ORD012775,CUST04036,P009,T-Shirt,Fashion,Bengaluru,Store,Credit Card,1,1303.26,0.05,1303.26,1238.1,0,213.56,2024,3,March,Saturday,1303.26,1238.097
2024-03-02,ORD031252,CUST02542,P016,Sofa,Furniture,Mumbai,Online,Credit Card,1,31757.92,0.1,31757.92,28582.13,0,6962.36,2024,3,March,Saturday,31757.92,28582.128
2024-03-02,ORD020874,CUST03947,P006,Desk,Furniture,Pune,Store,Cash,1,10849.32,0.2,10849.32,8679.46,0,1825.61,2024,3,March,Saturday,10849.32,8679.456
2024-03-02,ORD003254,CUST04571,P018,Jacket,Fashion,Hyderabad,Online,Net Banking,2,4810.39,0.1,9620.78,8658.7,0,914.94,2024,3,March,Saturday,9620.78,8658.702000000001
2024-03-02,ORD006098,CUST00861,P010,Coffee Maker,Home,Surat,Online,UPI,1,6038.12,0.0,6038.12,6038.12,0,1763.86,2024,3,March,Saturday,6038.12,6038.12
2024-03-03,ORD039415,CUST00904,P017,Jeans,Fashion,Hyderabad,Store,Credit Card,1,2801.87,0.0,2801.87,2801.87,0,487.57,2024,3,March,Sunday,2801.87,2801.87
2024-03-03,ORD008805,CUST03482,P004,Smartwatch,Electronics,Surat,Online,UPI,2,6627.8,0.1,13255.6,11930.04,0,2270.64,2024,3,March,Sunday,13255.6,11930.04
2024-03-03,ORD045500,CUST01341,P010,Coffee Maker,Home,Pune,Online,UPI,1,5784.11,0.0,5784.11,5784.11,0,1427.33,2024,3,March,Sunday,5784.11,5784.11
2024-03-03,ORD034671,CUST03065,P003,Headphones,Electronics,Chennai,Online,Net Banking,2,4052.61,0.1,8105.22,7294.7,0,1864.62,2024,3,March,Sunday,8105.22,7294.698
2024-03-03,ORD038055,CUST03885,P008,Running Shoes,Fashion,Surat,Online,UPI,2,4050.18,0.2,8100.36,6480.29,0,1678.41,2024,3,March,Sunday,8100.36,6480.2880000000005
2024-03-03,ORD006282,CUST01098,P015,Dining Table,Furniture,Surat,Online,UPI,1,20937.88,0.1,20937.88,18844.09,1,-942.2,2024,3,March,Sunday,20937.88,18844.092
2024-03-03,ORD009108,CUST02537,P008,Running Shoes,Fashion,Surat,Store,Net Banking,1,4239.62,0.05,4239.62,4027.64,0,406.27,2024,3,March,Sunday,4239.62,4027.6389999999997
2024-03-03,ORD037595,CUST04002,P018,Jacket,Fashion,Pune,Store,Credit Card,3,5566.21,0.05,16698.63,15863.7,0,1227.55,2024,3,March,Sunday,16698.63,15863.6985
2024-03-03,ORD017996,CUST00776,P015,Dining Table,Furniture,Kolkata,Online,Debit Card,1,19802.65,0.15,19802.65,16832.25,0,1269.55,2024,3,March,Sunday,19802.65,16832.252500000002
2024-03-03,ORD042518,CUST01100,P005,Office Chair,Furniture,Chennai,Store,UPI,1,8612.85,0.0,8612.85,8612.85,0,1195.84,2024,3,March,Sunday,8612.85,8612.85
2024-03-03,ORD028563,CUST01653,P005,Office Chair,Furniture,Ahmedabad,Store,UPI,1,8811.87,0.1,8811.87,7930.68,0,1954.25,2024,3,March,Sunday,8811.87,7930.683000000001
2024-03-03,ORD025815,CUST01994,P006,Desk,Furniture,Delhi,Online,UPI,1,11640.51,0.0,11640.51,11640.51,0,2577.88,2024,3,March,Sunday,11640.51,11640.51
2024-03-03,ORD026027,CUST03052,P008,Running Shoes,Fashion,Kolkata,Store,UPI,2,4558.91,0.05,9117.82,8661.93,0,764.07,2024,3,March,Sunday,9117.82,8661.929
2024-03-03,ORD001932,CUST03433,P015,Dining Table,Furniture,Jaipur,Online,Debit Card,2,20485.3,0.15,40970.6,34825.01,0,2284.34,2024,3,March,Sunday,40970.6,34825.009999999995
2024-03-03,ORD003286,CUST02444,P012,Air Fryer,Home,Delhi,Store,UPI,1,7734.01,0.2,7734.01,6187.21,0,344.85,2024,3,March,Sunday,7734.01,6187.2080000000005
2024-03-03,ORD010204,CUST02182,P004,Smartwatch,Electronics,Hyderabad,Online,Credit Card,2,7291.66,0.0,14583.32,14583.32,0,3154.69,2024,3,March,Sunday,14583.32,14583.32
2024-03-03,ORD042267,CUST03185,P020,Microwave,Home,Chennai,Online,UPI,3,11383.4,0.0,34150.2,34150.2,0,10155.14,2024,3,March,Sunday,34150.2,34150.2
2024-03-03,ORD004896,CUST00864,P006,Desk,Furniture,Delhi,Store,UPI,1,13179.69,0.15,13179.69,11202.74,0,1488.84,2024,3,March,Sunday,13179.69,11202.7365
2024-03-03,ORD037625,CUST01109,P001,Laptop,Electronics,Chennai,Store,UPI,1,61292.77,0.15,61292.77,52098.85,0,5977.64,2024,3,March,Sunday,61292.77,52098.854499999994
2024-03-03,ORD037417,CUST02860,P002,Smartphone,Electronics,Chennai,Online,UPI,1,29956.49,0.1,29956.49,26960.84,0,2212.29,2024,3,March,Sunday,29956.49,26960.841
2024-03-03,ORD008618,CUST04042,P009,T-Shirt,Fashion,Surat,Online,Debit Card,4,1093.79,0.0,4375.16,4375.16,0,752.81,2024,3,March,Sunday,4375.16,4375.16
2024-03-03,ORD015638,CUST01267,P016,Sofa,Furniture,Kolkata,Online,UPI,1,35161.22,0.05,35161.22,33403.16,0,8430.68,2024,3,March,Sunday,35161.22,33403.159
2024-03-03,ORD034918,CUST01210,P018,Jacket,Fashion,Hyderabad,Online,Credit Card,1,5211.0,0.15,5211.0,4429.35,0,1000.01,2024,3,March,Sunday,5211.0,4429.349999999999
2024-03-03,ORD014386,CUST00962,P016,Sofa,Furniture,Surat,Online,Credit Card,2,32749.37,0.05,65498.74,62223.8,0,12669.13,2024,3,March,Sunday,65498.74,62223.80299999999
2024-03-03,ORD038155,CUST02304,P008,Running Shoes,Fashion,Mumbai,Store,Credit Card,1,3885.22,0.2,3885.22,3108.18,0,699.78,2024,3,March,Sunday,3885.22,3108.176
2024-03-03,ORD004552,CUST00441,P015,Dining Table,Furniture,Kolkata,Online,Net Banking,1,23302.36,0.1,23302.36,20972.12,1,-1048.61,2024,3,March,Sunday,23302.36,20972.124
2024-03-03,ORD033613,CUST00170,P015,Dining Table,Furniture,Mumbai,Store,UPI,2,23460.55,0.1,46921.1,42228.99,0,7468.66,2024,3,March,Sunday,46921.1,42228.99
2024-03-03,ORD014843,CUST00588,P012,Air Fryer,Home,Bengaluru,Online,UPI,1,6579.94,0.0,6579.94,6579.94,0,721.38,2024,3,March,Sunday,6579.94,6579.94
2024-03-03,ORD029502,CUST03737,P017,Jeans,Fashion,Mumbai,Store,UPI,3,3064.71,0.0,9194.13,9194.13,0,787.68,2024,3,March,Sunday,9194.130000000001,9194.13
2024-03-03,ORD042212,CUST03468,P013,Monitor,Electronics,Hyderabad,Online,Net Banking,1,17257.02,0.05,17257.02,16394.17,0,2175.35,2024,3,March,Sunday,17257.02,16394.168999999998
2024-03-03,ORD020977,CUST04022,P017,Jeans,Fashion,Surat,Store,Credit Card,3,2672.29,0.1,8016.87,7215.18,0,1867.35,2024,3,March,Sunday,8016.87,7215.183
2024-03-03,ORD025789,CUST02000,P019,Vacuum Cleaner,Home,Surat,Store,Credit Card,3,9879.64,0.0,29638.92,29638.92,0,8015.8,2024,3,March,Sunday,29638.92,29638.92
2024-03-03,ORD000687,CUST00958,P020,Microwave,Home,Ahmedabad,Online,UPI,1,10691.61,0.15,10691.61,9087.87,0,1808.54,2024,3,March,Sunday,10691.61,9087.8685
2024-03-03,ORD015209,CUST04108,P016,Sofa,Furniture,Chennai,Online,UPI,1,38421.57,0.15,38421.57,32658.33,0,7627.73,2024,3,March,Sunday,38421.57,32658.334499999997
2024-03-03,ORD015449,CUST00556,P016,Sofa,Furniture,Jaipur,Store,UPI,1,33508.75,0.15,33508.75,28482.44,0,7285.91,2024,3,March,Sunday,33508.75,28482.4375
2024-03-03,ORD032531,CUST04176,P009,T-Shirt,Fashion,Chennai,Online,UPI,1,1199.96,0.0,1199.96,1199.96,0,161.02,2024,3,March,Sunday,1199.96,1199.96
2024-03-03,ORD036221,CUST01567,P009,T-Shirt,Fashion,Mumbai,Online,UPI,1,1163.86,0.2,1163.86,931.09,0,115.3,2024,3,March,Sunday,1163.86,931.088
2024-03-03,ORD046769,CUST00437,P019,Vacuum Cleaner,Home,Ahmedabad,Online,UPI,1,8254.66,0.0,8254.66,8254.66,0,1728.6,2024,3,March,Sunday,8254.66,8254.66
2024-03-03,ORD019441,CUST03071,P019,Vacuum Cleaner,Home,Kolkata,Online,Debit Card,4,9741.6,0.25,38966.4,29224.8,0,7004.17,2024,3,March,Sunday,38966.4,29224.800000000003
2024-03-03,ORD035601,CUST04391,P014,Keyboard,Electronics,Surat,Store,UPI,1,2425.89,0.1,2425.89,2183.3,0,440.43,2024,3,March,Sunday,2425.89,2183.301
2024-03-03,ORD005755,CUST03725,P008,Running Shoes,Fashion,Hyderabad,Online,UPI,4,4028.49,0.15,16113.96,13696.87,0,3598.85,2024,3,March,Sunday,16113.96,13696.865999999998
2024-03-03,ORD040394,CUST04265,P015,Dining Table,Furniture,Jaipur,Online,UPI,1,20667.04,0.0,20667.04,20667.04,0,2716.73,2024,3,March,Sunday,20667.04,20667.04
2024-03-03,ORD000848,CUST00407,P020,Microwave,Home,Bengaluru,Store,Credit Card,1,10587.9,0.0,10587.9,10587.9,0,890.47,2024,3,March,Sunday,10587.9,10587.9
2024-03-03,ORD005502,CUST03832,P001,Laptop,Electronics,Kolkata,Store,UPI,2,61418.69,0.1,122837.38,110553.64,0,18474.88,2024,3,March,Sunday,122837.38,110553.642
2024-03-03,ORD044573,CUST03273,P010,Coffee Maker,Home,Mumbai,Online,UPI,1,4960.71,0.1,4960.71,4464.64,0,708.7,2024,3,March,Sunday,4960.71,4464.639
2024-03-03,ORD039770,CUST03630,P019,Vacuum Cleaner,Home,Pune,Online,UPI,1,9626.87,0.05,9626.87,9145.53,0,1376.34,2024,3,March,Sunday,9626.87,9145.5265
2024-03-03,ORD035935,CUST00756,P014,Keyboard,Electronics,Hyderabad,Store,Credit Card,3,2669.04,0.2,8007.12,6405.7,0,807.43,2024,3,March,Sunday,8007.12,6405.696
2024-03-03,ORD033922,CUST02841,P012,Air Fryer,Home,Hyderabad,Store,UPI,1,7864.9,0.15,7864.9,6685.16,0,983.78,2024,3,March,Sunday,7864.9,6685.165
2024-03-03,ORD035570,CUST00726,P008,Running Shoes,Fashion,Delhi,Online,UPI,1,4495.88,0.1,4495.88,4046.29,0,912.13,2024,3,March,Sunday,4495.88,4046.2920000000004
2024-03-03,ORD031110,CUST03042,P009,T-Shirt,Fashion,Ahmedabad,Store,Debit Card,1,1197.1,0.0,1197.1,1197.1,0,231.24,2024,3,March,Sunday,1197.1,1197.1
2024-03-03,ORD002499,CUST01960,P009,T-Shirt,Fashion,Hyderabad,Online,Debit Card,1,1101.86,0.0,1101.86,1101.86,0,260.85,2024,3,March,Sunday,1101.86,1101.86
2024-03-03,ORD049034,CUST02884,P015,Dining Table,Furniture,Jaipur,Online,Net Banking,1,23484.16,0.05,23484.16,22309.95,0,6088.5,2024,3,March,Sunday,23484.16,22309.951999999997
2024-03-03,ORD040568,CUST00245,P020,Microwave,Home,Delhi,Online,Net Banking,1,10694.39,0.1,10694.39,9624.95,0,1934.41,2024,3,March,Sunday,10694.39,9624.951
2024-03-03,ORD006555,CUST04865,P018,Jacket,Fashion,Pune,Store,Credit Card,3,5044.98,0.0,15134.94,15134.94,0,1993.82,2024,3,March,Sunday,15134.939999999999,15134.94
2024-03-03,ORD008205,CUST04201,P011,Mixer Grinder,Home,Ahmedabad,Store,UPI,3,4417.46,0.1,13252.38,11927.14,0,1239.21,2024,3,March,Sunday,13252.380000000001,11927.142
2024-03-03,ORD036382,CUST00522,P006,Desk,Furniture,Kolkata,Online,Credit Card,1,11155.42,0.0,11155.42,11155.42,1,-557.77,2024,3,March,Sunday,11155.42,11155.42
2024-03-03,ORD040147,CUST01346,P020,Microwave,Home,Ahmedabad,Online,Credit Card,1,11359.98,0.1,11359.98,10223.98,0,2720.21,2024,3,March,Sunday,11359.98,10223.982
2024-03-03,ORD017520,CUST04226,P012,Air Fryer,Home,Mumbai,Online,UPI,1,7701.4,0.0,7701.4,7701.4,0,2076.04,2024,3,March,Sunday,7701.4,7701.4
2024-03-03,ORD016338,CUST04691,P016,Sofa,Furniture,Jaipur,Online,Net Banking,1,37172.86,0.2,37172.86,29738.29,0,2637.36,2024,3,March,Sunday,37172.86,29738.288
2024-03-03,ORD033827,CUST04280,P015,Dining Table,Furniture,Bengaluru,Online,UPI,2,21019.24,0.0,42038.48,42038.48,0,10500.84,2024,3,March,Sunday,42038.48,42038.48
2024-03-03,ORD027895,CUST03377,P015,Dining Table,Furniture,Kolkata,Online,UPI,1,20509.42,0.25,20509.42,15382.06,0,978.77,2024,3,March,Sunday,20509.42,15382.064999999999
2024-03-03,ORD023661,CUST01461,P015,Dining Table,Furniture,Kolkata,Online,Credit Card,1,20412.08,0.1,20412.08,18370.87,0,4705.76,2024,3,March,Sunday,20412.08,18370.872000000003
2024-03-03,ORD020302,CUST04844,P004,Smartwatch,Electronics,Delhi,Online,Credit Card,1,7484.78,0.05,7484.78,7110.54,0,842.14,2024,3,March,Sunday,7484.78,7110.540999999999
2024-03-03,ORD040823,CUST02935,P010,Coffee Maker,Home,Surat,Store,Credit Card,1,5410.1,0.0,5410.1,5410.1,0,652.22,2024,3,March,Sunday,5410.1,5410.1
2024-03-03,ORD036662,CUST01861,P002,Smartphone,Electronics,Chennai,Online,UPI,1,25938.63,0.05,25938.63,24641.7,0,6577.68,2024,3,March,Sunday,25938.63,24641.6985
2024-03-03,ORD010424,CUST03477,P002,Smartphone,Electronics,Delhi,Online,UPI,1,28307.56,0.2,28307.56,22646.05,0,5524.62,2024,3,March,Sunday,28307.56,22646.048000000003
2024-03-03,ORD003728,CUST04363,P014,Keyboard,Electronics,Ahmedabad,Online,Credit Card,1,2467.16,0.05,2467.16,2343.8,0,229.98,2024,3,March,Sunday,2467.16,2343.8019999999997
2024-03-03,ORD029904,CUST00451,P003,Headphones,Electronics,Kolkata,Online,Debit Card,1,4495.76,0.0,4495.76,4495.76,0,726.83,2024,3,March,Sunday,4495.76,4495.76
2024-03-03,ORD005469,CUST03934,P012,Air Fryer,Home,Ahmedabad,Online,UPI,2,6734.11,0.0,13468.22,13468.22,0,1282.07,2024,3,March,Sunday,13468.22,13468.22
2024-03-03,ORD016724,CUST03005,P001,Laptop,Electronics,Delhi,Online,UPI,2,62239.54,0.1,124479.08,112031.17,0,10534.61,2024,3,March,Sunday,124479.08,112031.172
2024-03-03,ORD022978,CUST03473,P012,Air Fryer,Home,Delhi,Online,Debit Card,2,7215.85,0.15,14431.7,12266.94,0,3121.11,2024,3,March,Sunday,14431.7,12266.945
2024-03-03,ORD013129,CUST03417,P010,Coffee Maker,Home,Delhi,Store,UPI,4,5233.41,0.15,20933.64,17793.59,0,4655.55,2024,3,March,Sunday,20933.64,17793.593999999997
2024-03-03,ORD014270,CUST02308,P007,Backpack,Accessories,Jaipur,Online,Credit Card,2,2127.64,0.0,4255.28,4255.28,0,1013.95,2024,3,March,Sunday,4255.28,4255.28
2024-03-03,ORD040556,CUST02658,P011,Mixer Grinder,Home,Pune,Store,UPI,1,4424.85,0.15,4424.85,3761.12,0,635.3,2024,3,March,Sunday,4424.85,3761.1225000000004
2024-03-03,ORD041646,CUST02208,P002,Smartphone,Electronics,Bengaluru,Online,Credit Card,1,27131.91,0.1,27131.91,24418.72,0,2683.32,2024,3,March,Sunday,27131.91,24418.719
2024-03-03,ORD039650,CUST04608,P019,Vacuum Cleaner,Home,Pune,Online,Net Banking,1,9856.72,0.0,9856.72,9856.72,0,2194.22,2024,3,March,Sunday,9856.72,9856.72
2024-03-03,ORD048129,CUST01433,P016,Sofa,Furniture,Jaipur,Online,UPI,1,31868.32,0.15,31868.32,27088.07,0,3064.11,2024,3,March,Sunday,31868.32,27088.072
2024-03-03,ORD043793,CUST01997,P012,Air Fryer,Home,Chennai,Store,Debit Card,2,6991.65,0.05,13983.3,13284.13,0,2873.95,2024,3,March,Sunday,13983.3,13284.134999999998
2024-03-03,ORD014297,CUST02984,P018,Jacket,Fashion,Mumbai,Online,UPI,1,4967.18,0.0,4967.18,4967.18,0,461.47,2024,3,March,Sunday,4967.18,4967.18
2024-03-03,ORD010558,CUST02004,P002,Smartphone,Electronics,Bengaluru,Online,Cash,1,27905.43,0.15,27905.43,23719.62,0,2903.57,2024,3,March,Sunday,27905.43,23719.6155
2024-03-03,ORD025205,CUST00641,P011,Mixer Grinder,Home,Ahmedabad,Online,UPI,4,4426.88,0.1,17707.52,15936.77,0,2079.26,2024,3,March,Sunday,17707.52,15936.768
2024-03-03,ORD035913,CUST00852,P018,Jacket,Fashion,Bengaluru,Online,UPI,1,4754.68,0.1,4754.68,4279.21,0,875.01,2024,3,March,Sunday,4754.68,4279.212
2024-03-03,ORD003799,CUST02063,P004,Smartwatch,Electronics,Mumbai,Store,Credit Card,1,7479.32,0.15,7479.32,6357.42,0,1684.67,2024,3,March,Sunday,7479.32,6357.422
2024-03-03,ORD002328,CUST01056,P001,Laptop,Electronics,Chennai,Online,UPI,1,70886.72,0.1,70886.72,63798.05,0,13894.27,2024,3,March,Sunday,70886.72,63798.048
2024-03-03,ORD041659,CUST02318,P006,Desk,Furniture,Ahmedabad,Store,Credit Card,2,11804.84,0.05,23609.68,22429.2,0,3323.37,2024,3,March,Sunday,23609.68,22429.196
2024-03-03,ORD043282,CUST03638,P009,T-Shirt,Fashion,Delhi,Online,Debit Card,1,1151.53,0.15,1151.53,978.8,0,188.92,2024,3,March,Sunday,1151.53,978.8004999999999
2024-03-03,ORD008434,CUST00727,P012,Air Fryer,Home,Hyderabad,Online,UPI,1,7551.48,0.15,7551.48,6418.76,0,1003.57,2024,3,March,Sunday,7551.48,6418.758
2024-03-03,ORD029638,CUST04739,P008,Running Shoes,Fashion,Surat,Online,Credit Card,1,4309.47,0.05,4309.47,4094.0,0,554.37,2024,3,March,Sunday,4309.47,4093.9965
2024-03-04,ORD041350,CUST02901,P008,Running Shoes,Fashion,Ahmedabad,Store,Cash,1,4499.84,0.15,4499.84,3824.86,0,665.59,2024,3,March,Monday,4499.84,3824.864
2024-03-04,ORD038912,CUST03088,P009,T-Shirt,Fashion,Jaipur,Store,Credit Card,3,1146.02,0.2,3438.06,2750.45,0,204.8,2024,3,March,Monday,3438.06,2750.4480000000003
2024-03-04,ORD019834,CUST00048,P014,Keyboard,Electronics,Bengaluru,Online,Credit Card,1,2296.77,0.1,2296.77,2067.09,0,531.8,2024,3,March,Monday,2296.77,2067.093
2024-03-04,ORD046749,CUST00182,P015,Dining Table,Furniture,Chennai,Online,Debit Card,3,20267.25,0.0,60801.75,60801.75,0,6530.26,2024,3,March,Monday,60801.75,60801.75
2024-03-04,ORD024263,CUST00212,P011,Mixer Grinder,Home,Kolkata,Online,Net Banking,1,5252.46,0.05,5252.46,4989.84,0,890.25,2024,3,March,Monday,5252.46,4989.8369999999995
2024-03-04,ORD045014,CUST01798,P002,Smartphone,Electronics,Pune,Online,Credit Card,1,27815.69,0.05,27815.69,26424.91,0,7631.61,2024,3,March,Monday,27815.69,26424.905499999997
2024-03-04,ORD017739,CUST02996,P007,Backpack,Accessories,Ahmedabad,Online,UPI,1,2140.36,0.0,2140.36,2140.36,0,338.77,2024,3,March,Monday,2140.36,2140.36
2024-03-04,ORD015452,CUST01195,P014,Keyboard,Electronics,Mumbai,Store,UPI,1,2498.92,0.0,2498.92,2498.92,0,356.41,2024,3,March,Monday,2498.92,2498.92
2024-03-04,ORD032228,CUST03723,P017,Jeans,Fashion,Mumbai,Online,UPI,1,2634.24,0.05,2634.24,2502.53,0,213.63,2024,3,March,Monday,2634.24,2502.528
2024-03-04,ORD009371,CUST04806,P007,Backpack,Accessories,Delhi,Online,UPI,1,2311.52,0.05,2311.52,2195.94,0,224.4,2024,3,March,Monday,2311.52,2195.944
2024-03-04,ORD035283,CUST02039,P008,Running Shoes,Fashion,Pune,Online,UPI,1,4218.38,0.25,4218.38,3163.78,0,675.95,2024,3,March,Monday,4218.38,3163.785
2024-03-04,ORD034368,CUST00539,P011,Mixer Grinder,Home,Kolkata,Store,Credit Card,1,4999.92,0.1,4999.92,4499.93,0,1173.94,2024,3,March,Monday,4999.92,4499.928
2024-03-04,ORD005276,CUST04590,P008,Running Shoes,Fashion,Ahmedabad,Store,Credit Card,2,4522.36,0.1,9044.72,8140.25,0,1570.79,2024,3,March,Monday,9044.72,8140.248
2024-03-04,ORD021149,CUST03452,P009,T-Shirt,Fashion,Ahmedabad,Online,Debit Card,1,1102.63,0.1,1102.63,992.37,0,177.13,2024,3,March,Monday,1102.63,992.3670000000001
2024-03-04,ORD010715,CUST02168,P013,Monitor,Electronics,Chennai,Online,Credit Card,1,18554.32,0.2,18554.32,14843.46,0,2613.24,2024,3,March,Monday,18554.32,14843.456
2024-03-04,ORD031721,CUST04553,P003,Headphones,Electronics,Hyderabad,Online,Credit Card,1,4088.72,0.0,4088.72,4088.72,0,770.51,2024,3,March,Monday,4088.72,4088.72
2024-03-04,ORD015149,CUST02936,P006,Desk,Furniture,Ahmedabad,Online,Credit Card,1,12192.21,0.15,12192.21,10363.38,0,1344.8,2024,3,March,Monday,12192.21,10363.378499999999
2024-03-04,ORD008008,CUST02430,P013,Monitor,Electronics,Bengaluru,Online,Credit Card,1,19128.43,0.05,19128.43,18172.01,0,4558.48,2024,3,March,Monday,19128.43,18172.0085
2024-03-04,ORD011337,CUST02299,P009,T-Shirt,Fashion,Ahmedabad,Online,UPI,1,1290.35,0.25,1290.35,967.76,0,38.71,2024,3,March,Monday,1290.35,967.7624999999999
2024-03-04,ORD045877,CUST01878,P011,Mixer Grinder,Home,Bengaluru,Online,Cash,5,4637.66,0.2,23188.3,18550.64,0,3910.15,2024,3,March,Monday,23188.3,18550.64
2024-03-04,ORD014400,CUST02351,P008,Running Shoes,Fashion,Bengaluru,Online,Cash,1,3862.44,0.1,3862.44,3476.2,0,340.11,2024,3,March,Monday,3862.44,3476.196
2024-03-04,ORD006176,CUST04575,P020,Microwave,Home,Ahmedabad,Store,Debit Card,1,11383.88,0.05,11383.88,10814.69,0,2810.46,2024,3,March,Monday,11383.88,10814.685999999998
2024-03-04,ORD035084,CUST00419,P011,Mixer Grinder,Home,Ahmedabad,Store,Credit Card,1,4987.43,0.2,4987.43,3989.94,0,745.06,2024,3,March,Monday,4987.43,3989.9440000000004
2024-03-04,ORD022225,CUST01205,P008,Running Shoes,Fashion,Surat,Store,Debit Card,1,3870.84,0.05,3870.84,3677.3,0,776.75,2024,3,March,Monday,3870.84,3677.298
2024-03-04,ORD028301,CUST04223,P017,Jeans,Fashion,Mumbai,Online,UPI,1,2664.31,0.0,2664.31,2664.31,1,-133.22,2024,3,March,Monday,2664.31,2664.31
2024-03-04,ORD013817,CUST04942,P014,Keyboard,Electronics,Bengaluru,Store,Cash,3,2488.15,0.0,7464.45,7464.45,0,1144.87,2024,3,March,Monday,7464.450000000001,7464.45
2024-03-04,ORD032677,CUST03906,P008,Running Shoes,Fashion,Bengaluru,Store,Net Banking,1,3881.92,0.15,3881.92,3299.63,0,696.42,2024,3,March,Monday,3881.92,3299.632
2024-03-04,ORD003076,CUST00844,P014,Keyboard,Electronics,Chennai,Store,Credit Card,2,2439.84,0.0,4879.68,4879.68,0,1037.42,2024,3,March,Monday,4879.68,4879.68
2024-03-04,ORD042350,CUST02797,P008,Running Shoes,Fashion,Kolkata,Online,UPI,2,4012.67,0.1,8025.34,7222.81,0,1046.2,2024,3,March,Monday,8025.34,7222.8060000000005
2024-03-04,ORD044735,CUST01997,P007,Backpack,Accessories,Chennai,Store,UPI,5,2182.42,0.05,10912.1,10366.49,0,2393.43,2024,3,March,Monday,10912.1,10366.494999999999
2024-03-04,ORD047408,CUST01531,P016,Sofa,Furniture,Jaipur,Store,Net Banking,2,34050.67,0.1,68101.34,61291.21,0,16676.17,2024,3,March,Monday,68101.34,61291.206
2024-03-04,ORD019305,CUST03873,P002,Smartphone,Electronics,Surat,Store,Net Banking,1,27162.73,0.05,27162.73,25804.59,0,3058.07,2024,3,March,Monday,27162.73,25804.5935
2024-03-04,ORD017326,CUST00188,P010,Coffee Maker,Home,Chennai,Store,UPI,1,5602.04,0.0,5602.04,5602.04,0,1656.53,2024,3,March,Monday,5602.04,5602.04
2024-03-04,ORD040655,CUST01001,P007,Backpack,Accessories,Hyderabad,Online,Debit Card,1,2052.55,0.15,2052.55,1744.67,0,401.84,2024,3,March,Monday,2052.55,1744.6675
2024-03-04,ORD038513,CUST00356,P007,Backpack,Accessories,Jaipur,Online,Net Banking,3,2297.96,0.2,6893.88,5515.1,0,900.73,2024,3,March,Monday,6893.88,5515.104
2024-03-04,ORD048578,CUST02657,P019,Vacuum Cleaner,Home,Delhi,Store,UPI,1,8605.11,0.1,8605.11,7744.6,0,882.36,2024,3,March,Monday,8605.11,7744.599000000001
2024-03-04,ORD040648,CUST00971,P003,Headphones,Electronics,Chennai,Online,Debit Card,2,4768.15,0.0,9536.3,9536.3,0,1270.22,2024,3,March,Monday,9536.3,9536.3
2024-03-04,ORD003152,CUST00421,P008,Running Shoes,Fashion,Mumbai,Online,UPI,1,3921.73,0.2,3921.73,3137.38,0,295.12,2024,3,March,Monday,3921.73,3137.384
2024-03-04,ORD016729,CUST01146,P001,Laptop,Electronics,Delhi,Online,Credit Card,5,71220.18,0.1,356100.9,320490.81,0,53037.77,2024,3,March,Monday,356100.89999999997,320490.81000000006
2024-03-04,ORD046326,CUST02830,P014,Keyboard,Electronics,Bengaluru,Store,UPI,5,2495.08,0.1,12475.4,11227.86,1,-561.39,2024,3,March,Monday,12475.4,11227.86
2024-03-04,ORD003952,CUST01295,P007,Backpack,Accessories,Surat,Online,Debit Card,1,2137.29,0.05,2137.29,2030.43,0,552.84,2024,3,March,Monday,2137.29,2030.4254999999998
2024-03-04,ORD030707,CUST04871,P015,Dining Table,Furniture,Mumbai,Store,Credit Card,1,23467.91,0.25,23467.91,17600.93,0,2981.67,2024,3,March,Monday,23467.91,17600.9325
2024-03-04,ORD037228,CUST02899,P011,Mixer Grinder,Home,Jaipur,Online,Cash,1,4872.32,0.2,4872.32,3897.86,0,746.54,2024,3,March,Monday,4872.32,3897.8559999999998
2024-03-04,ORD042681,CUST04771,P007,Backpack,Accessories,Delhi,Online,UPI,1,2315.66,0.0,2315.66,2315.66,1,-115.78,2024,3,March,Monday,2315.66,2315.66
2024-03-04,ORD009126,CUST02159,P018,Jacket,Fashion,Hyderabad,Store,UPI,1,5449.04,0.1,5449.04,4904.14,0,406.1,2024,3,March,Monday,5449.04,4904.136
2024-03-04,ORD044889,CUST03102,P007,Backpack,Accessories,Kolkata,Online,UPI,1,2182.35,0.15,2182.35,1855.0,1,-92.75,2024,3,March,Monday,2182.35,1854.9975
2024-03-04,ORD036996,CUST00374,P020,Microwave,Home,Bengaluru,Online,UPI,2,10421.08,0.15,20842.16,17715.84,0,3318.96,2024,3,March,Monday,20842.16,17715.836
2024-03-04,ORD020453,CUST03052,P010,Coffee Maker,Home,Pune,Online,Credit Card,1,5916.15,0.05,5916.15,5620.34,0,475.41,2024,3,March,Monday,5916.15,5620.3425
2024-03-04,ORD022373,CUST01654,P016,Sofa,Furniture,Chennai,Online,Credit Card,2,35147.55,0.25,70295.1,52721.32,0,2569.04,2024,3,March,Monday,70295.1,52721.325000000004
2024-03-04,ORD033948,CUST04774,P020,Microwave,Home,Jaipur,Store,Credit Card,1,10759.94,0.0,10759.94,10759.94,0,2946.73,2024,3,March,Monday,10759.94,10759.94
2024-03-04,ORD028904,CUST04128,P001,Laptop,Electronics,Pune,Online,UPI,1,62303.78,0.0,62303.78,62303.78,0,6979.9,2024,3,March,Monday,62303.78,62303.78
2024-03-04,ORD018517,CUST02559,P020,Microwave,Home,Mumbai,Online,Credit Card,1,11298.14,0.05,11298.14,10733.23,0,2594.86,2024,3,March,Monday,11298.14,10733.232999999998
2024-03-04,ORD002822,CUST03023,P009,T-Shirt,Fashion,Kolkata,Online,UPI,1,1217.73,0.15,1217.73,1035.07,0,175.38,2024,3,March,Monday,1217.73,1035.0705
2024-03-04,ORD014639,CUST03424,P020,Microwave,Home,Mumbai,Online,Debit Card,2,10811.62,0.1,21623.24,19460.92,0,2802.73,2024,3,March,Monday,21623.24,19460.916
2024-03-04,ORD049718,CUST01706,P013,Monitor,Electronics,Bengaluru,Online,UPI,1,16402.13,0.0,16402.13,16402.13,0,4415.5,2024,3,March,Monday,16402.13,16402.13
2024-03-04,ORD047916,CUST01468,P005,Office Chair,Furniture,Kolkata,Store,Net Banking,1,8926.89,0.0,8926.89,8926.89,0,1302.94,2024,3,March,Monday,8926.89,8926.89
2024-03-04,ORD006222,CUST03483,P011,Mixer Grinder,Home,Ahmedabad,Store,Debit Card,3,5036.67,0.1,15110.01,13599.01,0,3022.79,2024,3,March,Monday,15110.01,13599.009
2024-03-04,ORD044456,CUST01806,P018,Jacket,Fashion,Bengaluru,Online,Cash,2,5696.59,0.1,11393.18,10253.86,0,2199.59,2024,3,March,Monday,11393.18,10253.862000000001
2024-03-04,ORD006486,CUST00364,P003,Headphones,Electronics,Surat,Store,UPI,1,4827.5,0.0,4827.5,4827.5,0,1366.2,2024,3,March,Monday,4827.5,4827.5
2024-03-04,ORD002007,CUST04852,P008,Running Shoes,Fashion,Delhi,Online,Credit Card,1,3930.07,0.1,3930.07,3537.06,0,215.43,2024,3,March,Monday,3930.07,3537.063
2024-03-04,ORD018620,CUST04450,P002,Smartphone,Electronics,Mumbai,Online,Credit Card,1,27481.36,0.1,27481.36,24733.22,0,4615.46,2024,3,March,Monday,27481.36,24733.224000000002
2024-03-04,ORD022347,CUST03560,P018,Jacket,Fashion,Chennai,Online,Debit Card,1,5369.18,0.25,5369.18,4026.88,0,361.86,2024,3,March,Monday,5369.18,4026.885
2024-03-04,ORD044502,CUST00876,P016,Sofa,Furniture,Bengaluru,Store,Debit Card,3,37688.53,0.05,113065.59,107412.31,0,11719.57,2024,3,March,Monday,113065.59,107412.31049999999
2024-03-04,ORD007323,CUST01752,P016,Sofa,Furniture,Chennai,Store,Credit Card,1,32872.18,0.0,32872.18,32872.18,0,8385.09,2024,3,March,Monday,32872.18,32872.18
2024-03-04,ORD008608,CUST02755,P002,Smartphone,Electronics,Bengaluru,Online,Credit Card,3,26517.53,0.25,79552.59,59664.44,0,13141.84,2024,3,March,Monday,79552.59,59664.4425
2024-03-04,ORD028676,CUST01580,P002,Smartphone,Electronics,Chennai,Online,Debit Card,1,29015.0,0.1,29015.0,26113.5,0,4469.0,2024,3,March,Monday,29015.0,26113.5
2024-03-04,ORD043383,CUST00218,P012,Air Fryer,Home,Hyderabad,Online,UPI,5,7243.87,0.1,36219.35,32597.42,0,8575.98,2024,3,March,Monday,36219.35,32597.415
2024-03-05,ORD014585,CUST02190,P015,Dining Table,Furniture,Surat,Online,UPI,1,21248.53,0.15,21248.53,18061.25,0,4637.34,2024,3,March,Tuesday,21248.53,18061.2505
2024-03-05,ORD020920,CUST00026,P008,Running Shoes,Fashion,Ahmedabad,Store,UPI,1,4460.4,0.05,4460.4,4237.38,0,1029.33,2024,3,March,Tuesday,4460.4,4237.379999999999
2024-03-05,ORD043802,CUST01313,P006,Desk,Furniture,Chennai,Online,Debit Card,2,11809.14,0.0,23618.28,23618.28,0,6463.42,2024,3,March,Tuesday,23618.28,23618.28
2024-03-05,ORD014590,CUST01723,P005,Office Chair,Furniture,Jaipur,Store,UPI,1,10036.13,0.05,10036.13,9534.32,0,923.5,2024,3,March,Tuesday,10036.13,9534.323499999999
2024-03-05,ORD008741,CUST01424,P020,Microwave,Home,Delhi,Store,Cash,1,11353.14,0.15,11353.14,9650.17,0,1900.91,2024,3,March,Tuesday,11353.14,9650.169
2024-03-05,ORD042231,CUST01684,P016,Sofa,Furniture,Jaipur,Online,Debit Card,1,34601.02,0.2,34601.02,27680.82,1,-1384.04,2024,3,March,Tuesday,34601.02,27680.816
2024-03-05,ORD016792,CUST00237,P014,Keyboard,Electronics,Jaipur,Online,Net Banking,2,2323.78,0.2,4647.56,3718.05,0,930.66,2024,3,March,Tuesday,4647.56,3718.0480000000007
2024-03-05,ORD010915,CUST01939,P002,Smartphone,Electronics,Kolkata,Store,Debit Card,1,26914.98,0.2,26914.98,21531.98,0,3609.59,2024,3,March,Tuesday,26914.98,21531.984
2024-03-05,ORD044187,CUST02903,P013,Monitor,Electronics,Jaipur,Online,Debit Card,2,18611.53,0.05,37223.06,35361.91,0,9637.42,2024,3,March,Tuesday,37223.06,35361.907
2024-03-05,ORD028190,CUST04966,P007,Backpack,Accessories,Jaipur,Online,Credit Card,1,2069.96,0.15,2069.96,1759.47,0,424.5,2024,3,March,Tuesday,2069.96,1759.466
2024-03-05,ORD008441,CUST04544,P019,Vacuum Cleaner,Home,Mumbai,Store,Cash,1,8696.67,0.05,8696.67,8261.84,0,1543.91,2024,3,March,Tuesday,8696.67,8261.8365
2024-03-05,ORD025375,CUST01940,P008,Running Shoes,Fashion,Pune,Online,Credit Card,1,4226.19,0.1,4226.19,3803.57,0,1019.84,2024,3,March,Tuesday,4226.19,3803.571
2024-03-05,ORD010328,CUST00917,P017,Jeans,Fashion,Bengaluru,Online,Debit Card,1,2780.95,0.15,2780.95,2363.81,0,137.09,2024,3,March,Tuesday,2780.95,2363.8075
2024-03-05,ORD005255,CUST00149,P008,Running Shoes,Fashion,Chennai,Online,UPI,1,3863.72,0.1,3863.72,3477.35,0,256.41,2024,3,March,Tuesday,3863.72,3477.348
2024-03-05,ORD006487,CUST00591,P012,Air Fryer,Home,Hyderabad,Store,Credit Card,1,7276.28,0.1,7276.28,6548.65,0,1586.17,2024,3,March,Tuesday,7276.28,6548.652
2024-03-05,ORD029376,CUST04969,P008,Running Shoes,Fashion,Surat,Online,UPI,1,4314.99,0.0,4314.99,4314.99,0,1052.71,2024,3,March,Tuesday,4314.99,4314.99
2024-03-05,ORD028253,CUST04689,P020,Microwave,Home,Hyderabad,Store,Net Banking,2,10149.03,0.05,20298.06,19283.16,0,2174.81,2024,3,March,Tuesday,20298.06,19283.157
2024-03-05,ORD014299,CUST00384,P010,Coffee Maker,Home,Mumbai,Store,Credit Card,2,5234.02,0.1,10468.04,9421.24,0,1288.76,2024,3,March,Tuesday,10468.04,9421.236
2024-03-05,ORD018700,CUST04333,P007,Backpack,Accessories,Hyderabad,Online,Debit Card,1,2193.37,0.0,2193.37,2193.37,0,447.13,2024,3,March,Tuesday,2193.37,2193.37
2024-03-05,ORD029949,CUST03376,P005,Office Chair,Furniture,Bengaluru,Online,UPI,1,9591.89,0.25,9591.89,7193.92,0,1752.31,2024,3,March,Tuesday,9591.89,7193.9175
2024-03-05,ORD016903,CUST04974,P008,Running Shoes,Fashion,Kolkata,Store,Credit Card,1,3847.74,0.15,3847.74,3270.58,0,867.22,2024,3,March,Tuesday,3847.74,3270.5789999999997
2024-03-05,ORD001923,CUST03374,P003,Headphones,Electronics,Kolkata,Store,UPI,5,4385.17,0.1,21925.85,19733.26,0,5228.38,2024,3,March,Tuesday,21925.85,19733.265
2024-03-05,ORD048260,CUST03006,P006,Desk,Furniture,Hyderabad,Online,Debit Card,1,11446.41,0.0,11446.41,11446.41,0,1641.26,2024,3,March,Tuesday,11446.41,11446.41
2024-03-05,ORD014460,CUST01163,P019,Vacuum Cleaner,Home,Jaipur,Store,Cash,1,9439.55,0.1,9439.55,8495.59,0,1257.49,2024,3,March,Tuesday,9439.55,8495.595
2024-03-05,ORD043981,CUST01557,P020,Microwave,Home,Chennai,Online,Credit Card,3,10389.01,0.0,31167.03,31167.03,0,9245.27,2024,3,March,Tuesday,31167.03,31167.03
2024-03-05,ORD049306,CUST02003,P010,Coffee Maker,Home,Jaipur,Online,UPI,5,5902.33,0.05,29511.65,28036.07,0,6570.18,2024,3,March,Tuesday,29511.65,28036.0675
2024-03-05,ORD013953,CUST04433,P008,Running Shoes,Fashion,Bengaluru,Online,Credit Card,1,4406.72,0.1,4406.72,3966.05,0,682.52,2024,3,March,Tuesday,4406.72,3966.0480000000002
2024-03-05,ORD046524,CUST03161,P008,Running Shoes,Fashion,Pune,Online,Net Banking,1,4428.22,0.1,4428.22,3985.4,0,333.57,2024,3,March,Tuesday,4428.22,3985.398
2024-03-05,ORD007589,CUST04753,P017,Jeans,Fashion,Delhi,Online,Cash,1,2892.22,0.1,2892.22,2603.0,0,593.35,2024,3,March,Tuesday,2892.22,2602.998
2024-03-05,ORD048524,CUST02716,P016,Sofa,Furniture,Jaipur,Online,UPI,1,37760.94,0.15,37760.94,32096.8,0,4458.21,2024,3,March,Tuesday,37760.94,32096.799000000003
2024-03-05,ORD000671,CUST04429,P009,T-Shirt,Fashion,Ahmedabad,Store,UPI,4,1215.43,0.2,4861.72,3889.38,0,440.47,2024,3,March,Tuesday,4861.72,3889.376
2024-03-05,ORD046519,CUST01074,P013,Monitor,Electronics,Mumbai,Store,UPI,1,16536.73,0.15,16536.73,14056.22,0,2434.56,2024,3,March,Tuesday,16536.73,14056.2205
2024-03-05,ORD027550,CUST01259,P013,Monitor,Electronics,Chennai,Online,Credit Card,1,19077.79,0.05,19077.79,18123.9,1,-906.2,2024,3,March,Tuesday,19077.79,18123.9005
2024-03-05,ORD007921,CUST00579,P004,Smartwatch,Electronics,Chennai,Online,Credit Card,1,6714.08,0.0,6714.08,6714.08,0,1524.83,2024,3,March,Tuesday,6714.08,6714.08
2024-03-05,ORD013436,CUST00042,P010,Coffee Maker,Home,Hyderabad,Store,Credit Card,1,5510.82,0.15,5510.82,4684.2,1,-234.21,2024,3,March,Tuesday,5510.82,4684.196999999999
2024-03-05,ORD009133,CUST02833,P002,Smartphone,Electronics,Delhi,Online,Credit Card,1,25478.31,0.25,25478.31,19108.73,0,2801.88,2024,3,March,Tuesday,25478.31,19108.732500000002
2024-03-05,ORD047734,CUST04286,P001,Laptop,Electronics,Hyderabad,Online,Cash,1,59339.91,0.1,59339.91,53405.92,0,10130.99,2024,3,March,Tuesday,59339.91,53405.919
2024-03-05,ORD005410,CUST01827,P008,Running Shoes,Fashion,Mumbai,Online,Credit Card,1,4069.21,0.0,4069.21,4069.21,0,396.33,2024,3,March,Tuesday,4069.21,4069.21
2024-03-05,ORD039299,CUST02825,P005,Office Chair,Furniture,Ahmedabad,Online,UPI,2,8656.58,0.25,17313.16,12984.87,0,1085.54,2024,3,March,Tuesday,17313.16,12984.869999999999
2024-03-05,ORD003125,CUST03649,P010,Coffee Maker,Home,Kolkata,Online,Credit Card,1,5398.01,0.1,5398.01,4858.21,0,921.88,2024,3,March,Tuesday,5398.01,4858.209000000001
2024-03-05,ORD023273,CUST02940,P020,Microwave,Home,Surat,Online,Credit Card,2,10643.4,0.2,21286.8,17029.44,0,1502.87,2024,3,March,Tuesday,21286.8,17029.44
2024-03-05,ORD043546,CUST03651,P004,Smartwatch,Electronics,Kolkata,Online,UPI,1,7047.47,0.2,7047.47,5637.98,0,370.06,2024,3,March,Tuesday,7047.47,5637.976000000001
2024-03-05,ORD024431,CUST00410,P019,Vacuum Cleaner,Home,Delhi,Online,Credit Card,1,8302.28,0.1,8302.28,7472.05,0,1915.43,2024,3,March,Tuesday,8302.28,7472.052000000001
2024-03-05,ORD028545,CUST02118,P006,Desk,Furniture,Delhi,Online,Debit Card,1,12082.6,0.05,12082.6,11478.47,0,1160.12,2024,3,March,Tuesday,12082.6,11478.47
2024-03-05,ORD039978,CUST03010,P003,Headphones,Electronics,Delhi,Online,Credit Card,1,4599.28,0.0,4599.28,4599.28,0,966.32,2024,3,March,Tuesday,4599.28,4599.28
2024-03-05,ORD048819,CUST01960,P002,Smartphone,Electronics,Delhi,Store,Net Banking,5,27240.14,0.1,136200.7,122580.63,0,17307.24,2024,3,March,Tuesday,136200.7,122580.63000000002
2024-03-05,ORD013814,CUST04349,P008,Running Shoes,Fashion,Chennai,Store,Credit Card,2,4074.56,0.0,8149.12,8149.12,0,1993.03,2024,3,March,Tuesday,8149.12,8149.12
2024-03-05,ORD022536,CUST01428,P015,Dining Table,Furniture,Pune,Online,UPI,1,21409.36,0.15,21409.36,18197.96,0,2458.45,2024,3,March,Tuesday,21409.36,18197.956
2024-03-05,ORD031328,CUST02773,P002,Smartphone,Electronics,Bengaluru,Store,UPI,1,29573.73,0.05,29573.73,28095.04,0,3508.51,2024,3,March,Tuesday,29573.73,28095.0435
2024-03-05,ORD011786,CUST02159,P011,Mixer Grinder,Home,Mumbai,Store,Cash,2,5141.63,0.0,10283.26,10283.26,0,1702.66,2024,3,March,Tuesday,10283.26,10283.26
2024-03-05,ORD027900,CUST03045,P004,Smartwatch,Electronics,Bengaluru,Store,Net Banking,1,6428.75,0.15,6428.75,5464.44,0,1090.53,2024,3,March,Tuesday,6428.75,5464.4375
2024-03-05,ORD044555,CUST00864,P001,Laptop,Electronics,Delhi,Online,UPI,4,63340.36,0.05,253361.44,240693.37,0,38838.97,2024,3,March,Tuesday,253361.44,240693.368
2024-03-05,ORD028510,CUST00641,P009,T-Shirt,Fashion,Jaipur,Online,Debit Card,1,1189.25,0.05,1189.25,1129.79,0,120.21,2024,3,March,Tuesday,1189.25,1129.7875
2024-03-05,ORD027147,CUST03615,P007,Backpack,Accessories,Mumbai,Online,Credit Card,1,2382.02,0.05,2382.02,2262.92,0,602.03,2024,3,March,Tuesday,2382.02,2262.919
2024-03-05,ORD035844,CUST03410,P002,Smartphone,Electronics,Hyderabad,Store,Credit Card,5,26176.1,0.0,130880.5,130880.5,0,20280.89,2024,3,March,Tuesday,130880.5,130880.5
2024-03-05,ORD035905,CUST03513,P010,Coffee Maker,Home,Ahmedabad,Store,Credit Card,2,5314.06,0.15,10628.12,9033.9,0,1970.56,2024,3,March,Tuesday,10628.12,9033.902
2024-03-05,ORD000625,CUST01300,P013,Monitor,Electronics,Jaipur,Online,Credit Card,1,16305.48,0.1,16305.48,14674.93,0,2525.44,2024,3,March,Tuesday,16305.48,14674.932
2024-03-05,ORD009324,CUST04328,P003,Headphones,Electronics,Jaipur,Online,Debit Card,2,4773.86,0.0,9547.72,9547.72,0,2683.0,2024,3,March,Tuesday,9547.72,9547.72
2024-03-05,ORD046313,CUST03993,P011,Mixer Grinder,Home,Mumbai,Store,UPI,3,4754.2,0.0,14262.6,14262.6,0,4153.21,2024,3,March,Tuesday,14262.599999999999,14262.6
2024-03-05,ORD029255,CUST00437,P009,T-Shirt,Fashion,Chennai,Online,Net Banking,4,1269.52,0.15,5078.08,4316.37,0,537.15,2024,3,March,Tuesday,5078.08,4316.3679999999995
2024-03-05,ORD040506,CUST03722,P008,Running Shoes,Fashion,Pune,Online,Debit Card,1,4615.44,0.0,4615.44,4615.44,0,778.0,2024,3,March,Tuesday,4615.44,4615.44
2024-03-05,ORD022013,CUST02588,P009,T-Shirt,Fashion,Hyderabad,Online,Net Banking,1,1251.72,0.2,1251.72,1001.38,0,240.31,2024,3,March,Tuesday,1251.72,1001.3760000000001
2024-03-05,ORD029621,CUST03617,P004,Smartwatch,Electronics,Delhi,Online,Credit Card,1,7060.48,0.05,7060.48,6707.46,0,1837.82,2024,3,March,Tuesday,7060.48,6707.455999999999
2024-03-05,ORD024498,CUST02467,P010,Coffee Maker,Home,Mumbai,Online,Cash,1,5221.22,0.1,5221.22,4699.1,0,1115.67,2024,3,March,Tuesday,5221.22,4699.098
2024-03-05,ORD027819,CUST03730,P014,Keyboard,Electronics,Bengaluru,Store,Credit Card,1,2422.9,0.15,2422.9,2059.46,0,356.89,2024,3,March,Tuesday,2422.9,2059.465
2024-03-06,ORD000438,CUST04042,P007,Backpack,Accessories,Chennai,Online,UPI,1,2022.66,0.05,2022.66,1921.53,0,471.65,2024,3,March,Wednesday,2022.66,1921.527
2024-03-06,ORD014994,CUST01337,P011,Mixer Grinder,Home,Jaipur,Online,Debit Card,3,4959.64,0.0,14878.92,14878.92,1,-743.95,2024,3,March,Wednesday,14878.920000000002,14878.92
2024-03-06,ORD023814,CUST00546,P014,Keyboard,Electronics,Ahmedabad,Online,UPI,1,2405.47,0.1,2405.47,2164.92,0,323.39,2024,3,March,Wednesday,2405.47,2164.923
2024-03-06,ORD031071,CUST01571,P005,Office Chair,Furniture,Chennai,Online,Cash,1,10396.16,0.0,10396.16,10396.16,0,2852.66,2024,3,March,Wednesday,10396.16,10396.16
2024-03-06,ORD018857,CUST00881,P010,Coffee Maker,Home,Mumbai,Store,Cash,1,5783.21,0.0,5783.21,5783.21,0,1478.39,2024,3,March,Wednesday,5783.21,5783.21
2024-03-06,ORD023537,CUST04150,P011,Mixer Grinder,Home,Delhi,Online,Debit Card,2,4741.89,0.0,9483.78,9483.78,0,1742.88,2024,3,March,Wednesday,9483.78,9483.78
2024-03-06,ORD028293,CUST01758,P009,T-Shirt,Fashion,Delhi,Store,UPI,4,1155.18,0.25,4620.72,3465.54,0,663.98,2024,3,March,Wednesday,4620.72,3465.54
2024-03-06,ORD009896,CUST01970,P020,Microwave,Home,Jaipur,Online,UPI,1,10177.87,0.15,10177.87,8651.19,0,584.36,2024,3,March,Wednesday,10177.87,8651.1895
2024-03-06,ORD048899,CUST01299,P018,Jacket,Fashion,Surat,Store,UPI,1,4883.89,0.1,4883.89,4395.5,0,1194.81,2024,3,March,Wednesday,4883.89,4395.501
2024-03-06,ORD034359,CUST00926,P008,Running Shoes,Fashion,Chennai,Online,Credit Card,1,4106.3,0.1,4106.3,3695.67,0,949.49,2024,3,March,Wednesday,4106.3,3695.67
2024-03-06,ORD005955,CUST03558,P014,Keyboard,Electronics,Hyderabad,Online,Credit Card,2,2573.59,0.1,5147.18,4632.46,0,483.51,2024,3,March,Wednesday,5147.18,4632.462
2024-03-06,ORD023374,CUST02194,P017,Jeans,Fashion,Mumbai,Store,Credit Card,2,2619.76,0.2,5239.52,4191.62,0,502.79,2024,3,March,Wednesday,5239.52,4191.616000000001
2024-03-06,ORD009459,CUST01088,P018,Jacket,Fashion,Bengaluru,Store,UPI,1,5595.65,0.1,5595.65,5036.08,0,1164.5,2024,3,March,Wednesday,5595.65,5036.085
2024-03-06,ORD035134,CUST01684,P019,Vacuum Cleaner,Home,Surat,Store,UPI,1,8148.86,0.0,8148.86,8148.86,0,864.74,2024,3,March,Wednesday,8148.86,8148.86
2024-03-06,ORD008039,CUST01362,P014,Keyboard,Electronics,Hyderabad,Store,Debit Card,2,2391.42,0.0,4782.84,4782.84,0,818.9,2024,3,March,Wednesday,4782.84,4782.84
2024-03-06,ORD033365,CUST04791,P003,Headphones,Electronics,Kolkata,Online,Credit Card,2,4147.13,0.05,8294.26,7879.55,1,-393.98,2024,3,March,Wednesday,8294.26,7879.547
2024-03-06,ORD001074,CUST02189,P003,Headphones,Electronics,Surat,Store,UPI,1,4512.29,0.1,4512.29,4061.06,0,293.23,2024,3,March,Wednesday,4512.29,4061.061
2024-03-06,ORD048364,CUST03303,P007,Backpack,Accessories,Bengaluru,Online,Credit Card,1,2109.35,0.0,2109.35,2109.35,0,194.32,2024,3,March,Wednesday,2109.35,2109.35
2024-03-06,ORD002169,CUST01429,P012,Air Fryer,Home,Mumbai,Online,Credit Card,1,7775.93,0.1,7775.93,6998.34,0,1625.28,2024,3,March,Wednesday,7775.93,6998.337
2024-03-06,ORD038158,CUST03171,P018,Jacket,Fashion,Delhi,Online,Credit Card,5,5700.89,0.0,28504.45,28504.45,0,2534.91,2024,3,March,Wednesday,28504.45,28504.45
2024-03-06,ORD044829,CUST03879,P004,Smartwatch,Electronics,Hyderabad,Online,UPI,1,7345.36,0.0,7345.36,7345.36,0,2111.85,2024,3,March,Wednesday,7345.36,7345.36
2024-03-06,ORD014944,CUST01650,P020,Microwave,Home,Mumbai,Online,Debit Card,1,12015.6,0.25,12015.6,9011.7,0,817.55,2024,3,March,Wednesday,12015.6,9011.7
2024-03-06,ORD011002,CUST03790,P007,Backpack,Accessories,Mumbai,Store,Cash,1,2038.59,0.25,2038.59,1528.94,0,256.54,2024,3,March,Wednesday,2038.59,1528.9424999999999
2024-03-06,ORD002173,CUST02293,P015,Dining Table,Furniture,Jaipur,Store,Debit Card,1,22990.88,0.1,22990.88,20691.79,0,4492.33,2024,3,March,Wednesday,22990.88,20691.792
2024-03-06,ORD014265,CUST00330,P004,Smartwatch,Electronics,Hyderabad,Online,UPI,1,6402.05,0.2,6402.05,5121.64,0,1298.81,2024,3,March,Wednesday,6402.05,5121.64
2024-03-06,ORD031935,CUST03715,P003,Headphones,Electronics,Pune,Online,Credit Card,5,4859.26,0.2,24296.3,19437.04,0,885.65,2024,3,March,Wednesday,24296.300000000003,19437.04
2024-03-06,ORD019046,CUST02721,P002,Smartphone,Electronics,Kolkata,Store,Debit Card,2,29872.96,0.0,59745.92,59745.92,0,16022.6,2024,3,March,Wednesday,59745.92,59745.92
2024-03-06,ORD012180,CUST01841,P014,Keyboard,Electronics,Chennai,Online,UPI,2,2677.98,0.1,5355.96,4820.36,1,-241.02,2024,3,March,Wednesday,5355.96,4820.3640000000005
2024-03-06,ORD030467,CUST00416,P013,Monitor,Electronics,Jaipur,Store,Net Banking,2,17037.02,0.1,34074.04,30666.64,0,4643.3,2024,3,March,Wednesday,34074.04,30666.636000000002
2024-03-06,ORD013596,CUST00514,P011,Mixer Grinder,Home,Pune,Online,UPI,1,4931.07,0.05,4931.07,4684.52,0,1008.92,2024,3,March,Wednesday,4931.07,4684.5165
2024-03-06,ORD015542,CUST02336,P014,Keyboard,Electronics,Kolkata,Online,Credit Card,1,2529.47,0.0,2529.47,2529.47,1,-126.47,2024,3,March,Wednesday,2529.47,2529.47
2024-03-06,ORD007822,CUST01775,P002,Smartphone,Electronics,Mumbai,Store,UPI,1,27641.55,0.0,27641.55,27641.55,0,6346.92,2024,3,March,Wednesday,27641.55,27641.55
2024-03-06,ORD004127,CUST02205,P013,Monitor,Electronics,Mumbai,Store,Credit Card,1,17828.57,0.1,17828.57,16045.71,0,1098.41,2024,3,March,Wednesday,17828.57,16045.713
2024-03-06,ORD033051,CUST02285,P012,Air Fryer,Home,Jaipur,Online,Credit Card,1,7137.19,0.1,7137.19,6423.47,0,1074.69,2024,3,March,Wednesday,7137.19,6423.471
2024-03-06,ORD031651,CUST02351,P002,Smartphone,Electronics,Bengaluru,Online,UPI,2,26990.32,0.15,53980.64,45883.54,0,5788.06,2024,3,March,Wednesday,53980.64,45883.544
2024-03-06,ORD001424,CUST04229,P017,Jeans,Fashion,Jaipur,Store,UPI,1,3063.93,0.1,3063.93,2757.54,0,390.87,2024,3,March,Wednesday,3063.93,2757.537
2024-03-06,ORD037781,CUST00750,P015,Dining Table,Furniture,Hyderabad,Online,Credit Card,1,23539.25,0.15,23539.25,20008.36,0,2343.29,2024,3,March,Wednesday,23539.25,20008.3625
2024-03-06,ORD018688,CUST00951,P019,Vacuum Cleaner,Home,Kolkata,Online,UPI,1,8811.58,0.1,8811.58,7930.42,0,1574.02,2024,3,March,Wednesday,8811.58,7930.4220000000005
2024-03-06,ORD041216,CUST02840,P010,Coffee Maker,Home,Kolkata,Store,Cash,3,5551.47,0.1,16654.41,14988.97,0,3122.55,2024,3,March,Wednesday,16654.41,14988.969000000001
2024-03-06,ORD039181,CUST02027,P020,Microwave,Home,Chennai,Store,Debit Card,1,10335.51,0.0,10335.51,10335.51,0,1568.73,2024,3,March,Wednesday,10335.51,10335.51
2024-03-06,ORD025593,CUST01771,P002,Smartphone,Electronics,Chennai,Store,UPI,4,29816.5,0.05,119266.0,113302.7,0,18559.94,2024,3,March,Wednesday,119266.0,113302.7
2024-03-06,ORD043112,CUST03209,P015,Dining Table,Furniture,Kolkata,Store,UPI,1,20941.04,0.05,20941.04,19893.99,0,3563.97,2024,3,March,Wednesday,20941.04,19893.988
2024-03-06,ORD033888,CUST01180,P016,Sofa,Furniture,Hyderabad,Online,Cash,1,36592.06,0.1,36592.06,32932.85,0,4664.43,2024,3,March,Wednesday,36592.06,32932.854
2024-03-06,ORD048154,CUST03583,P014,Keyboard,Electronics,Mumbai,Online,UPI,1,2432.9,0.05,2432.9,2311.26,0,509.59,2024,3,March,Wednesday,2432.9,2311.255
2024-03-06,ORD026063,CUST01052,P007,Backpack,Accessories,Mumbai,Online,Debit Card,1,2318.71,0.15,2318.71,1970.9,0,374.43,2024,3,March,Wednesday,2318.71,1970.9035
2024-03-06,ORD003374,CUST00483,P011,Mixer Grinder,Home,Delhi,Store,UPI,1,4416.84,0.15,4416.84,3754.31,0,848.25,2024,3,March,Wednesday,4416.84,3754.314
2024-03-06,ORD017162,CUST04751,P013,Monitor,Electronics,Chennai,Online,Debit Card,1,18679.86,0.0,18679.86,18679.86,0,4768.64,2024,3,March,Wednesday,18679.86,18679.86
2024-03-06,ORD033867,CUST04488,P011,Mixer Grinder,Home,Pune,Online,Credit Card,1,5009.84,0.1,5009.84,4508.86,0,723.27,2024,3,March,Wednesday,5009.84,4508.856000000001
2024-03-06,ORD016360,CUST01075,P015,Dining Table,Furniture,Kolkata,Store,Cash,1,20793.55,0.1,20793.55,18714.2,0,1432.54,2024,3,March,Wednesday,20793.55,18714.195
2024-03-06,ORD032160,CUST03051,P011,Mixer Grinder,Home,Kolkata,Online,Net Banking,1,4830.73,0.0,4830.73,4830.73,0,1019.92,2024,3,March,Wednesday,4830.73,4830.73
2024-03-06,ORD033857,CUST00567,P007,Backpack,Accessories,Chennai,Online,Credit Card,2,2386.9,0.1,4773.8,4296.42,0,1166.75,2024,3,March,Wednesday,4773.8,4296.42
2024-03-06,ORD044528,CUST02884,P015,Dining Table,Furniture,Kolkata,Online,Credit Card,1,21570.88,0.1,21570.88,19413.79,0,2035.28,2024,3,March,Wednesday,21570.88,19413.792
2024-03-06,ORD019593,CUST02099,P019,Vacuum Cleaner,Home,Ahmedabad,Store,Debit Card,1,8214.3,0.05,8214.3,7803.58,0,1498.62,2024,3,March,Wednesday,8214.3,7803.584999999999
2024-03-06,ORD049301,CUST00781,P002,Smartphone,Electronics,Chennai,Online,Net Banking,1,26867.46,0.1,26867.46,24180.71,0,3491.22,2024,3,March,Wednesday,26867.46,24180.714
2024-03-06,ORD038731,CUST01634,P001,Laptop,Electronics,Kolkata,Online,Debit Card,2,63682.82,0.0,127365.64,127365.64,0,12881.47,2024,3,March,Wednesday,127365.64,127365.64
2024-03-06,ORD027902,CUST00659,P003,Headphones,Electronics,Jaipur,Online,UPI,1,4106.43,0.05,4106.43,3901.11,0,1032.03,2024,3,March,Wednesday,4106.43,3901.1085000000003
2024-03-06,ORD049284,CUST03598,P016,Sofa,Furniture,Delhi,Online,UPI,2,35203.67,0.2,70407.34,56325.87,0,12035.22,2024,3,March,Wednesday,70407.34,56325.872
2024-03-06,ORD028300,CUST01691,P017,Jeans,Fashion,Ahmedabad,Online,UPI,1,2701.61,0.15,2701.61,2296.37,0,278.05,2024,3,March,Wednesday,2701.61,2296.3685
2024-03-06,ORD032912,CUST01838,P007,Backpack,Accessories,Mumbai,Online,Cash,5,2241.01,0.1,11205.05,10084.55,0,1842.13,2024,3,March,Wednesday,11205.050000000001,10084.545
2024-03-06,ORD034963,CUST01561,P010,Coffee Maker,Home,Delhi,Online,UPI,3,5247.79,0.0,15743.37,15743.37,1,-787.17,2024,3,March,Wednesday,15743.369999999999,15743.37
2024-03-06,ORD005924,CUST04304,P011,Mixer Grinder,Home,Hyderabad,Store,UPI,1,5099.49,0.1,5099.49,4589.54,0,629.9,2024,3,March,Wednesday,5099.49,4589.541
2024-03-06,ORD029865,CUST03791,P001,Laptop,Electronics,Surat,Online,Net Banking,1,65655.25,0.1,65655.25,59089.72,0,15161.55,2024,3,March,Wednesday,65655.25,59089.725
2024-03-06,ORD030250,CUST00107,P008,Running Shoes,Fashion,Kolkata,Store,Debit Card,1,4445.33,0.05,4445.33,4223.06,0,720.1,2024,3,March,Wednesday,4445.33,4223.063499999999
2024-03-06,ORD044519,CUST03875,P008,Running Shoes,Fashion,Pune,Online,UPI,1,3993.5,0.1,3993.5,3594.15,0,714.78,2024,3,March,Wednesday,3993.5,3594.15
2024-03-06,ORD042932,CUST03167,P005,Office Chair,Furniture,Kolkata,Store,Cash,1,8912.55,0.0,8912.55,8912.55,0,726.89,2024,3,March,Wednesday,8912.55,8912.55
2024-03-06,ORD025947,CUST04826,P017,Jeans,Fashion,Kolkata,Online,Net Banking,2,2875.03,0.0,5750.06,5750.06,0,1587.54,2024,3,March,Wednesday,5750.06,5750.06
2024-03-06,ORD036057,CUST01668,P001,Laptop,Electronics,Mumbai,Store,Credit Card,1,70330.41,0.15,70330.41,59780.85,0,5515.82,2024,3,March,Wednesday,70330.41,59780.8485
2024-03-06,ORD028579,CUST04146,P011,Mixer Grinder,Home,Pune,Online,UPI,3,4427.13,0.15,13281.39,11289.18,0,1518.56,2024,3,March,Wednesday,13281.39,11289.181499999999
2024-03-07,ORD043293,CUST02189,P015,Dining Table,Furniture,Jaipur,Online,Credit Card,3,23032.53,0.05,69097.59,65642.71,1,-3282.14,2024,3,March,Thursday,69097.59,65642.71049999999
2024-03-07,ORD046547,CUST03747,P004,Smartwatch,Electronics,Chennai,Online,Cash,1,7243.26,0.1,7243.26,6518.93,0,1646.85,2024,3,March,Thursday,7243.26,6518.934
2024-03-07,ORD037550,CUST02660,P007,Backpack,Accessories,Mumbai,Store,Credit Card,5,2078.58,0.2,10392.9,8314.32,0,804.9,2024,3,March,Thursday,10392.9,8314.32
2024-03-07,ORD004829,CUST04568,P019,Vacuum Cleaner,Home,Chennai,Store,Credit Card,1,8836.02,0.1,8836.02,7952.42,0,951.22,2024,3,March,Thursday,8836.02,7952.418000000001
2024-03-07,ORD030248,CUST03718,P006,Desk,Furniture,Bengaluru,Online,Credit Card,5,11022.35,0.1,55111.75,49600.58,0,11561.64,2024,3,March,Thursday,55111.75,49600.575000000004
2024-03-07,ORD012787,CUST03169,P004,Smartwatch,Electronics,Ahmedabad,Store,Net Banking,2,6375.2,0.15,12750.4,10837.84,0,1646.45,2024,3,March,Thursday,12750.4,10837.84
2024-03-07,ORD046429,CUST02049,P010,Coffee Maker,Home,Ahmedabad,Store,Net Banking,2,4969.44,0.0,9938.88,9938.88,0,915.69,2024,3,March,Thursday,9938.88,9938.88
2024-03-07,ORD001866,CUST03741,P009,T-Shirt,Fashion,Delhi,Online,Credit Card,1,1164.9,0.05,1164.9,1106.66,0,197.8,2024,3,March,Thursday,1164.9,1106.655
2024-03-07,ORD004723,CUST02961,P018,Jacket,Fashion,Mumbai,Store,UPI,1,5399.07,0.25,5399.07,4049.3,0,419.87,2024,3,March,Thursday,5399.07,4049.3025
2024-03-07,ORD038845,CUST00153,P015,Dining Table,Furniture,Chennai,Online,Credit Card,2,19854.16,0.0,39708.32,39708.32,0,9975.08,2024,3,March,Thursday,39708.32,39708.32
2024-03-07,ORD022131,CUST01259,P012,Air Fryer,Home,Jaipur,Store,Credit Card,1,7226.45,0.2,7226.45,5781.16,0,376.27,2024,3,March,Thursday,7226.45,5781.16
2024-03-07,ORD010271,CUST02791,P008,Running Shoes,Fashion,Surat,Store,UPI,5,3873.68,0.15,19368.4,16463.14,0,3028.54,2024,3,March,Thursday,19368.399999999998,16463.14
2024-03-07,ORD041430,CUST00608,P016,Sofa,Furniture,Ahmedabad,Store,UPI,2,35054.81,0.15,70109.62,59593.18,0,5947.06,2024,3,March,Thursday,70109.62,59593.176999999996
2024-03-07,ORD016875,CUST01801,P010,Coffee Maker,Home,Delhi,Online,Net Banking,2,5338.78,0.05,10677.56,10143.68,0,1093.14,2024,3,March,Thursday,10677.56,10143.681999999999
2024-03-07,ORD011943,CUST00008,P010,Coffee Maker,Home,Chennai,Online,Credit Card,1,5683.83,0.0,5683.83,5683.83,0,1069.77,2024,3,March,Thursday,5683.83,5683.83
2024-03-07,ORD043912,CUST00187,P011,Mixer Grinder,Home,Hyderabad,Online,Credit Card,2,4409.13,0.0,8818.26,8818.26,0,863.61,2024,3,March,Thursday,8818.26,8818.26
2024-03-07,ORD011995,CUST03892,P007,Backpack,Accessories,Mumbai,Store,UPI,1,2276.77,0.15,2276.77,1935.25,0,323.46,2024,3,March,Thursday,2276.77,1935.2545
2024-03-07,ORD036669,CUST00807,P016,Sofa,Furniture,Hyderabad,Online,Credit Card,1,34966.76,0.1,34966.76,31470.08,0,4606.67,2024,3,March,Thursday,34966.76,31470.084000000003
2024-03-07,ORD019056,CUST03791,P011,Mixer Grinder,Home,Ahmedabad,Online,Credit Card,1,4679.27,0.1,4679.27,4211.34,0,656.59,2024,3,March,Thursday,4679.27,4211.343000000001
2024-03-07,ORD022305,CUST03973,P008,Running Shoes,Fashion,Mumbai,Store,UPI,2,4106.45,0.15,8212.9,6980.96,0,1167.2,2024,3,March,Thursday,8212.9,6980.964999999999
2024-03-07,ORD008924,CUST03709,P020,Microwave,Home,Mumbai,Store,Cash,1,11892.93,0.2,11892.93,9514.34,0,1737.29,2024,3,March,Thursday,11892.93,9514.344000000001
2024-03-07,ORD010523,CUST03027,P013,Monitor,Electronics,Chennai,Online,UPI,1,17209.08,0.1,17209.08,15488.17,0,3816.88,2024,3,March,Thursday,17209.08,15488.172000000002
2024-03-07,ORD018703,CUST01945,P001,Laptop,Electronics,Delhi,Store,Debit Card,1,66320.74,0.15,66320.74,56372.63,1,-2818.63,2024,3,March,Thursday,66320.74,56372.629
2024-03-07,ORD040960,CUST02938,P015,Dining Table,Furniture,Hyderabad,Online,Credit Card,2,21416.12,0.05,42832.24,40690.63,0,9924.45,2024,3,March,Thursday,42832.24,40690.628
2024-03-07,ORD017496,CUST04494,P010,Coffee Maker,Home,Delhi,Store,UPI,2,5302.89,0.1,10605.78,9545.2,0,640.98,2024,3,March,Thursday,10605.78,9545.202000000001
2024-03-07,ORD001848,CUST04510,P004,Smartwatch,Electronics,Delhi,Store,Credit Card,1,7693.04,0.1,7693.04,6923.74,0,1786.09,2024,3,March,Thursday,7693.04,6923.736
2024-03-07,ORD018153,CUST00805,P011,Mixer Grinder,Home,Bengaluru,Online,UPI,1,4837.66,0.1,4837.66,4353.89,0,921.35,2024,3,March,Thursday,4837.66,4353.894
2024-03-07,ORD043301,CUST00172,P012,Air Fryer,Home,Kolkata,Online,UPI,2,7102.29,0.05,14204.58,13494.35,0,3724.61,2024,3,March,Thursday,14204.58,13494.350999999999
2024-03-07,ORD017109,CUST03244,P010,Coffee Maker,Home,Pune,Online,Credit Card,1,5509.34,0.0,5509.34,5509.34,0,1355.13,2024,3,March,Thursday,5509.34,5509.34
2024-03-07,ORD007486,CUST03742,P001,Laptop,Electronics,Jaipur,Store,UPI,4,59196.34,0.0,236785.36,236785.36,0,37799.66,2024,3,March,Thursday,236785.36,236785.36
2024-03-07,ORD032347,CUST00278,P005,Office Chair,Furniture,Hyderabad,Online,Cash,2,9212.14,0.1,18424.28,16581.85,0,4641.28,2024,3,March,Thursday,18424.28,16581.852
2024-03-07,ORD026848,CUST02586,P016,Sofa,Furniture,Surat,Online,Credit Card,1,36940.35,0.2,36940.35,29552.28,0,6368.55,2024,3,March,Thursday,36940.35,29552.28
2024-03-07,ORD038950,CUST02531,P015,Dining Table,Furniture,Pune,Online,UPI,1,21236.04,0.05,21236.04,20174.24,0,3541.36,2024,3,March,Thursday,21236.04,20174.238
2024-03-07,ORD016020,CUST00510,P010,Coffee Maker,Home,Jaipur,Online,Debit Card,1,5905.88,0.05,5905.88,5610.59,0,1163.09,2024,3,March,Thursday,5905.88,5610.586
2024-03-07,ORD033791,CUST04699,P014,Keyboard,Electronics,Pune,Store,Debit Card,2,2362.41,0.2,4724.82,3779.86,1,-188.99,2024,3,March,Thursday,4724.82,3779.8559999999998
2024-03-07,ORD015965,CUST01792,P001,Laptop,Electronics,Kolkata,Store,Credit Card,1,67397.53,0.0,67397.53,67397.53,0,6125.54,2024,3,March,Thursday,67397.53,67397.53
2024-03-07,ORD045426,CUST01613,P005,Office Chair,Furniture,Mumbai,Online,UPI,1,10219.48,0.1,10219.48,9197.53,0,2145.19,2024,3,March,Thursday,10219.48,9197.532
2024-03-07,ORD007957,CUST03244,P016,Sofa,Furniture,Chennai,Store,UPI,1,33793.89,0.05,33793.89,32104.2,0,8963.76,2024,3,March,Thursday,33793.89,32104.195499999998
2024-03-07,ORD029855,CUST00137,P008,Running Shoes,Fashion,Jaipur,Online,Debit Card,3,4272.49,0.1,12817.47,11535.72,0,2860.15,2024,3,March,Thursday,12817.47,11535.723
2024-03-07,ORD032769,CUST03111,P005,Office Chair,Furniture,Pune,Online,Credit Card,1,10168.64,0.0,10168.64,10168.64,0,2955.5,2024,3,March,Thursday,10168.64,10168.64
2024-03-07,ORD006147,CUST00479,P008,Running Shoes,Fashion,Surat,Online,Credit Card,2,3811.08,0.1,7622.16,6859.94,0,1682.29,2024,3,March,Thursday,7622.16,6859.944
2024-03-07,ORD039783,CUST03497,P019,Vacuum Cleaner,Home,Chennai,Online,UPI,1,9778.29,0.1,9778.29,8800.46,0,1496.04,2024,3,March,Thursday,9778.29,8800.461000000001
2024-03-07,ORD008667,CUST00568,P017,Jeans,Fashion,Bengaluru,Online,Debit Card,1,2766.74,0.1,2766.74,2490.07,0,310.63,2024,3,March,Thursday,2766.74,2490.066
2024-03-07,ORD007482,CUST01025,P010,Coffee Maker,Home,Delhi,Online,Credit Card,1,5938.52,0.1,5938.52,5344.67,0,467.45,2024,3,March,Thursday,5938.52,5344.668000000001
2024-03-07,ORD037084,CUST00999,P016,Sofa,Furniture,Mumbai,Online,UPI,2,32585.01,0.15,65170.02,55394.52,0,6202.6,2024,3,March,Thursday,65170.02,55394.51699999999
2024-03-07,ORD039233,CUST03904,P006,Desk,Furniture,Kolkata,Store,Debit Card,1,10864.51,0.0,10864.51,10864.51,0,1863.8,2024,3,March,Thursday,10864.51,10864.51
2024-03-07,ORD014094,CUST03936,P019,Vacuum Cleaner,Home,Chennai,Store,Net Banking,2,8619.5,0.1,17239.0,15515.1,0,2253.37,2024,3,March,Thursday,17239.0,15515.1
2024-03-07,ORD045457,CUST03231,P009,T-Shirt,Fashion,Chennai,Online,UPI,1,1119.4,0.15,1119.4,951.49,0,62.57,2024,3,March,Thursday,1119.4,951.49
2024-03-07,ORD006896,CUST04669,P018,Jacket,Fashion,Kolkata,Store,UPI,1,5516.39,0.1,5516.39,4964.75,0,575.66,2024,3,March,Thursday,5516.39,4964.751
2024-03-07,ORD034263,CUST02994,P005,Office Chair,Furniture,Hyderabad,Online,UPI,1,9138.23,0.05,9138.23,8681.32,0,1660.81,2024,3,March,Thursday,9138.23,8681.3185
2024-03-07,ORD004014,CUST00809,P006,Desk,Furniture,Kolkata,Online,Net Banking,1,11494.27,0.05,11494.27,10919.56,0,3158.17,2024,3,March,Thursday,11494.27,10919.5565
2024-03-07,ORD034688,CUST00008,P016,Sofa,Furniture,Ahmedabad,Online,Credit Card,2,36644.06,0.1,73288.12,65959.31,0,13142.38,2024,3,March,Thursday,73288.12,65959.308
2024-03-07,ORD037414,CUST00774,P013,Monitor,Electronics,Pune,Online,UPI,1,18412.09,0.1,18412.09,16570.88,0,3851.91,2024,3,March,Thursday,18412.09,16570.881
2024-03-07,ORD022561,CUST02865,P004,Smartwatch,Electronics,Delhi,Online,UPI,1,7193.1,0.0,7193.1,7193.1,0,1648.43,2024,3,March,Thursday,7193.1,7193.1
2024-03-07,ORD036335,CUST04062,P008,Running Shoes,Fashion,Surat,Online,Credit Card,1,4074.85,0.05,4074.85,3871.11,0,886.8,2024,3,March,Thursday,4074.85,3871.1074999999996
2024-03-07,ORD048867,CUST01964,P018,Jacket,Fashion,Surat,Online,Cash,4,5277.44,0.1,21109.76,18998.78,0,5149.7,2024,3,March,Thursday,21109.76,18998.784
2024-03-07,ORD014035,CUST04125,P015,Dining Table,Furniture,Mumbai,Store,Cash,4,24011.91,0.15,96047.64,81640.49,0,16488.03,2024,3,March,Thursday,96047.64,81640.49399999999
2024-03-07,ORD029707,CUST02802,P013,Monitor,Electronics,Surat,Online,UPI,1,18220.07,0.2,18220.07,14576.06,0,3691.51,2024,3,March,Thursday,18220.07,14576.056
2024-03-07,ORD012210,CUST02981,P003,Headphones,Electronics,Chennai,Online,Debit Card,2,4387.47,0.05,8774.94,8336.19,0,817.55,2024,3,March,Thursday,8774.94,8336.193
2024-03-08,ORD030229,CUST02743,P008,Running Shoes,Fashion,Chennai,Store,Debit Card,1,4441.99,0.1,4441.99,3997.79,0,773.27,2024,3,March,Friday,4441.99,3997.7909999999997
2024-03-08,ORD040241,CUST01640,P017,Jeans,Fashion,Delhi,Store,Credit Card,2,3058.46,0.0,6116.92,6116.92,0,732.14,2024,3,March,Friday,6116.92,6116.92
2024-03-08,ORD045904,CUST04600,P020,Microwave,Home,Hyderabad,Online,Credit Card,1,10670.99,0.1,10670.99,9603.89,1,-480.19,2024,3,March,Friday,10670.99,9603.891
2024-03-08,ORD044765,CUST01225,P007,Backpack,Accessories,Hyderabad,Store,Net Banking,4,2023.39,0.1,8093.56,7284.2,0,489.24,2024,3,March,Friday,8093.56,7284.204000000001
2024-03-08,ORD049288,CUST01292,P011,Mixer Grinder,Home,Chennai,Online,Credit Card,1,4927.01,0.0,4927.01,4927.01,0,949.64,2024,3,March,Friday,4927.01,4927.01
2024-03-08,ORD002914,CUST03775,P015,Dining Table,Furniture,Chennai,Store,Debit Card,1,20792.55,0.15,20792.55,17673.67,0,1369.81,2024,3,March,Friday,20792.55,17673.6675
2024-03-08,ORD008377,CUST03781,P016,Sofa,Furniture,Ahmedabad,Store,UPI,4,32621.16,0.1,130484.64,117436.18,0,26005.24,2024,3,March,Friday,130484.64,117436.176
2024-03-08,ORD031416,CUST04778,P007,Backpack,Accessories,Surat,Online,Credit Card,1,2336.08,0.05,2336.08,2219.28,0,379.83,2024,3,March,Friday,2336.08,2219.276
2024-03-08,ORD048730,CUST01161,P013,Monitor,Electronics,Surat,Store,Net Banking,2,19708.35,0.0,39416.7,39416.7,0,4642.59,2024,3,March,Friday,39416.7,39416.7
2024-03-08,ORD039464,CUST04781,P002,Smartphone,Electronics,Kolkata,Online,Credit Card,1,28094.92,0.05,28094.92,26690.17,0,6829.59,2024,3,March,Friday,28094.92,26690.173999999995
2024-03-08,ORD001498,CUST00359,P003,Headphones,Electronics,Pune,Online,Debit Card,2,4231.99,0.2,8463.98,6771.18,0,1219.61,2024,3,March,Friday,8463.98,6771.184
2024-03-08,ORD006718,CUST02195,P013,Monitor,Electronics,Pune,Online,Net Banking,2,18073.13,0.05,36146.26,34338.95,0,4088.95,2024,3,March,Friday,36146.26,34338.947
2024-03-08,ORD019214,CUST04924,P009,T-Shirt,Fashion,Hyderabad,Online,Debit Card,1,1233.39,0.15,1233.39,1048.38,0,104.66,2024,3,March,Friday,1233.39,1048.3815
2024-03-08,ORD044561,CUST02035,P004,Smartwatch,Electronics,Chennai,Online,UPI,1,7514.73,0.05,7514.73,7138.99,0,1018.81,2024,3,March,Friday,7514.73,7138.9935
2024-03-08,ORD003824,CUST01592,P015,Dining Table,Furniture,Mumbai,Store,Credit Card,1,23501.33,0.0,23501.33,23501.33,0,4210.76,2024,3,March,Friday,23501.33,23501.33
2024-03-08,ORD031043,CUST04388,P013,Monitor,Electronics,Ahmedabad,Online,UPI,5,18076.16,0.15,90380.8,76823.68,0,12117.3,2024,3,March,Friday,90380.8,76823.68000000001
2024-03-08,ORD037927,CUST04112,P007,Backpack,Accessories,Ahmedabad,Online,Cash,1,2348.08,0.05,2348.08,2230.68,0,467.51,2024,3,March,Friday,2348.08,2230.676
2024-03-08,ORD004482,CUST02845,P009,T-Shirt,Fashion,Delhi,Store,UPI,1,1238.41,0.1,1238.41,1114.57,0,199.24,2024,3,March,Friday,1238.41,1114.5690000000002
2024-03-08,ORD046828,CUST04429,P002,Smartphone,Electronics,Ahmedabad,Store,Net Banking,3,25397.55,0.1,76192.65,68573.38,0,6464.78,2024,3,March,Friday,76192.65,68573.385
2024-03-08,ORD026119,CUST04345,P002,Smartphone,Electronics,Hyderabad,Store,Debit Card,1,25212.68,0.0,25212.68,25212.68,0,3622.79,2024,3,March,Friday,25212.68,25212.68
2024-03-08,ORD042446,CUST03963,P007,Backpack,Accessories,Chennai,Online,Debit Card,2,2012.27,0.15,4024.54,3420.86,0,872.71,2024,3,March,Friday,4024.54,3420.859
2024-03-08,ORD022541,CUST02477,P005,Office Chair,Furniture,Ahmedabad,Store,Credit Card,5,9256.02,0.1,46280.1,41652.09,0,6299.34,2024,3,March,Friday,46280.100000000006,41652.09
2024-03-08,ORD003665,CUST04524,P020,Microwave,Home,Surat,Store,Debit Card,1,11266.44,0.05,11266.44,10703.12,0,1577.34,2024,3,March,Friday,11266.44,10703.118
2024-03-08,ORD025408,CUST01426,P018,Jacket,Fashion,Delhi,Store,UPI,2,4717.5,0.1,9435.0,8491.5,0,1114.28,2024,3,March,Friday,9435.0,8491.5
2024-03-08,ORD004588,CUST01434,P017,Jeans,Fashion,Kolkata,Online,UPI,1,2578.58,0.05,2578.58,2449.65,0,447.64,2024,3,March,Friday,2578.58,2449.651
2024-03-08,ORD048150,CUST03318,P009,T-Shirt,Fashion,Mumbai,Online,UPI,4,1286.44,0.1,5145.76,4631.18,0,691.38,2024,3,March,Friday,5145.76,4631.184
2024-03-08,ORD023599,CUST03067,P013,Monitor,Electronics,Bengaluru,Store,UPI,2,19203.5,0.0,38407.0,38407.0,0,4555.77,2024,3,March,Friday,38407.0,38407.0
2024-03-08,ORD027409,CUST03988,P014,Keyboard,Electronics,Kolkata,Store,Debit Card,2,2673.78,0.1,5347.56,4812.8,0,759.8,2024,3,March,Friday,5347.56,4812.804
2024-03-08,ORD015003,CUST01882,P003,Headphones,Electronics,Ahmedabad,Online,Credit Card,5,4208.15,0.15,21040.75,17884.64,0,2478.05,2024,3,March,Friday,21040.75,17884.6375
2024-03-08,ORD005979,CUST02478,P010,Coffee Maker,Home,Mumbai,Online,UPI,1,5738.8,0.05,5738.8,5451.86,0,1321.31,2024,3,March,Friday,5738.8,5451.86
2024-03-08,ORD011472,CUST02093,P013,Monitor,Electronics,Mumbai,Online,Credit Card,2,19027.94,0.05,38055.88,36153.09,0,5270.07,2024,3,March,Friday,38055.88,36153.085999999996
2024-03-08,ORD003617,CUST01427,P004,Smartwatch,Electronics,Kolkata,Online,Credit Card,1,7350.93,0.05,7350.93,6983.38,0,1710.86,2024,3,March,Friday,7350.93,6983.3835
2024-03-08,ORD039103,CUST01289,P002,Smartphone,Electronics,Pune,Online,Debit Card,4,27725.53,0.15,110902.12,94266.8,0,12666.38,2024,3,March,Friday,110902.12,94266.802
2024-03-08,ORD041996,CUST02083,P010,Coffee Maker,Home,Surat,Online,UPI,1,5614.07,0.0,5614.07,5614.07,0,609.89,2024,3,March,Friday,5614.07,5614.07
2024-03-08,ORD008352,CUST02127,P017,Jeans,Fashion,Pune,Online,UPI,5,2620.1,0.1,13100.5,11790.45,1,-589.52,2024,3,March,Friday,13100.5,11790.45
2024-03-08,ORD047548,CUST02339,P005,Office Chair,Furniture,Bengaluru,Online,UPI,1,10032.26,0.0,10032.26,10032.26,0,1267.6,2024,3,March,Friday,10032.26,10032.26
2024-03-08,ORD022854,CUST02770,P017,Jeans,Fashion,Delhi,Online,UPI,5,2597.5,0.15,12987.5,11039.38,0,2625.87,2024,3,March,Friday,12987.5,11039.375
2024-03-08,ORD039607,CUST01601,P010,Coffee Maker,Home,Mumbai,Store,UPI,1,5682.58,0.1,5682.58,5114.32,0,632.42,2024,3,March,Friday,5682.58,5114.322
2024-03-08,ORD019159,CUST03991,P002,Smartphone,Electronics,Bengaluru,Online,Credit Card,3,28941.82,0.1,86825.46,78142.91,0,9166.64,2024,3,March,Friday,86825.45999999999,78142.914
2024-03-08,ORD021300,CUST01336,P010,Coffee Maker,Home,Hyderabad,Online,UPI,4,5141.58,0.15,20566.32,17481.37,0,1932.91,2024,3,March,Friday,20566.32,17481.372
2024-03-08,ORD011664,CUST01710,P011,Mixer Grinder,Home,Mumbai,Online,UPI,1,4348.86,0.1,4348.86,3913.97,0,671.97,2024,3,March,Friday,4348.86,3913.9739999999997
2024-03-08,ORD016475,CUST04682,P011,Mixer Grinder,Home,Mumbai,Online,Debit Card,1,4400.91,0.0,4400.91,4400.91,0,359.0,2024,3,March,Friday,4400.91,4400.91
2024-03-08,ORD043574,CUST03200,P009,T-Shirt,Fashion,Mumbai,Online,Net Banking,1,1308.36,0.0,1308.36,1308.36,0,372.8,2024,3,March,Friday,1308.36,1308.36
2024-03-08,ORD028575,CUST00749,P006,Desk,Furniture,Kolkata,Store,Net Banking,5,11681.01,0.0,58405.05,58405.05,0,7539.21,2024,3,March,Friday,58405.05,58405.05
2024-03-08,ORD041197,CUST02340,P014,Keyboard,Electronics,Chennai,Store,Debit Card,1,2343.3,0.2,2343.3,1874.64,0,250.16,2024,3,March,Friday,2343.3,1874.6400000000003
2024-03-08,ORD041778,CUST03703,P011,Mixer Grinder,Home,Jaipur,Store,UPI,1,4468.37,0.0,4468.37,4468.37,0,1254.01,2024,3,March,Friday,4468.37,4468.37
2024-03-08,ORD027620,CUST01201,P002,Smartphone,Electronics,Chennai,Store,Credit Card,3,30060.43,0.1,90181.29,81163.16,0,20531.43,2024,3,March,Friday,90181.29000000001,81163.161
2024-03-08,ORD014786,CUST00385,P016,Sofa,Furniture,Ahmedabad,Online,UPI,4,36073.25,0.1,144293.0,129863.7,0,30275.91,2024,3,March,Friday,144293.0,129863.7
2024-03-08,ORD019875,CUST01199,P015,Dining Table,Furniture,Mumbai,Online,Cash,2,21571.58,0.1,43143.16,38828.84,0,6708.57,2024,3,March,Friday,43143.16,38828.844000000005
2024-03-08,ORD043578,CUST02199,P020,Microwave,Home,Chennai,Online,UPI,1,10242.42,0.1,10242.42,9218.18,0,1656.35,2024,3,March,Friday,10242.42,9218.178
2024-03-08,ORD049165,CUST00896,P017,Jeans,Fashion,Hyderabad,Online,UPI,4,2787.73,0.05,11150.92,10593.37,0,2210.49,2024,3,March,Friday,11150.92,10593.374
2024-03-08,ORD037556,CUST02294,P003,Headphones,Electronics,Ahmedabad,Online,UPI,1,4575.75,0.1,4575.75,4118.18,0,687.52,2024,3,March,Friday,4575.75,4118.175
2024-03-08,ORD045077,CUST02408,P001,Laptop,Electronics,Mumbai,Online,Credit Card,1,60701.89,0.0,60701.89,60701.89,0,10599.54,2024,3,March,Friday,60701.89,60701.89
2024-03-08,ORD008724,CUST01853,P018,Jacket,Fashion,Bengaluru,Online,Debit Card,1,4765.57,0.1,4765.57,4289.01,0,553.88,2024,3,March,Friday,4765.57,4289.013
2024-03-08,ORD045017,CUST04116,P004,Smartwatch,Electronics,Chennai,Online,Debit Card,2,7043.94,0.1,14087.88,12679.09,0,1300.26,2024,3,March,Friday,14087.88,12679.091999999999
2024-03-08,ORD013739,CUST04662,P017,Jeans,Fashion,Surat,Store,UPI,1,2991.13,0.15,2991.13,2542.46,0,173.29,2024,3,March,Friday,2991.13,2542.4605
2024-03-08,ORD014840,CUST00787,P009,T-Shirt,Fashion,Pune,Online,Debit Card,2,1086.73,0.05,2173.46,2064.79,0,279.5,2024,3,March,Friday,2173.46,2064.787
2024-03-08,ORD042122,CUST02493,P005,Office Chair,Furniture,Ahmedabad,Online,Credit Card,3,9687.45,0.1,29062.35,26156.12,0,4729.67,2024,3,March,Friday,29062.350000000002,26156.114999999998
2024-03-08,ORD030541,CUST00349,P002,Smartphone,Electronics,Kolkata,Online,Net Banking,1,25736.1,0.0,25736.1,25736.1,0,4658.69,2024,3,March,Friday,25736.1,25736.1
2024-03-08,ORD006214,CUST00168,P013,Monitor,Electronics,Jaipur,Store,UPI,1,16725.85,0.15,16725.85,14216.97,0,1444.45,2024,3,March,Friday,16725.85,14216.972499999998
2024-03-08,ORD019233,CUST02483,P014,Keyboard,Electronics,Bengaluru,Store,UPI,5,2268.31,0.1,11341.55,10207.4,0,2660.24,2024,3,March,Friday,11341.55,10207.395
2024-03-08,ORD033935,CUST03010,P012,Air Fryer,Home,Ahmedabad,Online,UPI,1,7424.82,0.0,7424.82,7424.82,0,1158.13,2024,3,March,Friday,7424.82,7424.82
2024-03-08,ORD011490,CUST03649,P016,Sofa,Furniture,Jaipur,Online,Debit Card,2,38498.4,0.1,76996.8,69297.12,0,10334.79,2024,3,March,Friday,76996.8,69297.12000000001
2024-03-08,ORD043678,CUST01400,P019,Vacuum Cleaner,Home,Mumbai,Store,UPI,3,8491.63,0.1,25474.89,22927.4,0,4031.26,2024,3,March,Friday,25474.89,22927.401
2024-03-08,ORD038490,CUST01405,P017,Jeans,Fashion,Chennai,Online,Credit Card,4,3029.36,0.05,12117.44,11511.57,0,1343.99,2024,3,March,Friday,12117.44,11511.568
2024-03-08,ORD007607,CUST03441,P019,Vacuum Cleaner,Home,Bengaluru,Online,Credit Card,3,8818.29,0.0,26454.87,26454.87,0,3595.01,2024,3,March,Friday,26454.870000000003,26454.87
2024-03-08,ORD038122,CUST04127,P016,Sofa,Furniture,Pune,Store,UPI,4,36350.44,0.1,145401.76,130861.58,0,18798.72,2024,3,March,Friday,145401.76,130861.58400000002
2024-03-08,ORD010853,CUST01000,P005,Office Chair,Furniture,Jaipur,Store,Net Banking,2,9572.96,0.0,19145.92,19145.92,0,5644.56,2024,3,March,Friday,19145.92,19145.92
2024-03-08,ORD010017,CUST01984,P003,Headphones,Electronics,Ahmedabad,Store,UPI,1,4161.0,0.15,4161.0,3536.85,0,285.2,2024,3,March,Friday,4161.0,3536.85
2024-03-08,ORD013869,CUST04344,P010,Coffee Maker,Home,Pune,Store,UPI,1,5561.62,0.1,5561.62,5005.46,0,880.4,2024,3,March,Friday,5561.62,5005.458
2024-03-08,ORD032727,CUST00417,P014,Keyboard,Electronics,Mumbai,Store,Credit Card,1,2381.87,0.1,2381.87,2143.68,0,300.35,2024,3,March,Friday,2381.87,2143.683
2024-03-08,ORD047586,CUST01869,P007,Backpack,Accessories,Ahmedabad,Store,Credit Card,2,2391.33,0.1,4782.66,4304.39,0,651.53,2024,3,March,Friday,4782.66,4304.394
2024-03-08,ORD022204,CUST03793,P016,Sofa,Furniture,Chennai,Online,UPI,3,35294.92,0.0,105884.76,105884.76,0,16681.16,2024,3,March,Friday,105884.76,105884.76
2024-03-08,ORD027584,CUST01802,P002,Smartphone,Electronics,Ahmedabad,Online,Credit Card,1,26173.49,0.1,26173.49,23556.14,0,5229.4,2024,3,March,Friday,26173.49,23556.141000000003
2024-03-08,ORD022900,CUST04293,P008,Running Shoes,Fashion,Pune,Online,UPI,2,4209.16,0.2,8418.32,6734.66,0,966.27,2024,3,March,Friday,8418.32,6734.656
2024-03-08,ORD043330,CUST04087,P001,Laptop,Electronics,Surat,Store,UPI,1,65121.14,0.15,65121.14,55352.97,0,3839.69,2024,3,March,Friday,65121.14,55352.969
2024-03-09,ORD002293,CUST01867,P009,T-Shirt,Fashion,Delhi,Online,Credit Card,5,1296.64,0.0,6483.2,6483.2,0,623.84,2024,3,March,Saturday,6483.200000000001,6483.2
2024-03-09,ORD024798,CUST04610,P002,Smartphone,Electronics,Bengaluru,Store,UPI,1,30236.77,0.05,30236.77,28724.93,0,6497.42,2024,3,March,Saturday,30236.77,28724.9315
2024-03-09,ORD048552,CUST04270,P014,Keyboard,Electronics,Kolkata,Store,Debit Card,1,2661.01,0.0,2661.01,2661.01,0,359.62,2024,3,March,Saturday,2661.01,2661.01
2024-03-09,ORD005834,CUST03749,P020,Microwave,Home,Jaipur,Online,UPI,2,11266.87,0.0,22533.74,22533.74,0,5333.46,2024,3,March,Saturday,22533.74,22533.74
2024-03-09,ORD012993,CUST03805,P015,Dining Table,Furniture,Jaipur,Online,UPI,2,20098.6,0.15,40197.2,34167.62,0,7857.98,2024,3,March,Saturday,40197.2,34167.619999999995
2024-03-09,ORD045939,CUST01706,P008,Running Shoes,Fashion,Hyderabad,Online,Credit Card,1,4584.02,0.1,4584.02,4125.62,0,723.95,2024,3,March,Saturday,4584.02,4125.618
2024-03-09,ORD012331,CUST02359,P006,Desk,Furniture,Jaipur,Store,Net Banking,2,10881.96,0.15,21763.92,18499.33,0,3666.37,2024,3,March,Saturday,21763.92,18499.332
2024-03-09,ORD043594,CUST02615,P003,Headphones,Electronics,Ahmedabad,Store,Credit Card,1,4819.82,0.25,4819.82,3614.86,0,488.06,2024,3,March,Saturday,4819.82,3614.865
2024-03-09,ORD013372,CUST01317,P010,Coffee Maker,Home,Kolkata,Online,Credit Card,1,5637.92,0.05,5637.92,5356.02,0,537.66,2024,3,March,Saturday,5637.92,5356.023999999999
2024-03-09,ORD015343,CUST02856,P020,Microwave,Home,Chennai,Online,UPI,1,12063.95,0.2,12063.95,9651.16,0,1847.83,2024,3,March,Saturday,12063.95,9651.160000000002
2024-03-09,ORD016404,CUST03587,P003,Headphones,Electronics,Chennai,Online,UPI,1,4815.79,0.1,4815.79,4334.21,0,350.46,2024,3,March,Saturday,4815.79,4334.211
2024-03-09,ORD007046,CUST04515,P011,Mixer Grinder,Home,Delhi,Online,Cash,1,5105.68,0.1,5105.68,4595.11,0,688.92,2024,3,March,Saturday,5105.68,4595.112
2024-03-09,ORD009607,CUST00782,P014,Keyboard,Electronics,Mumbai,Store,Net Banking,2,2718.7,0.05,5437.4,5165.53,0,1400.02,2024,3,March,Saturday,5437.4,5165.53
2024-03-09,ORD048316,CUST01810,P015,Dining Table,Furniture,Chennai,Store,Debit Card,1,21352.42,0.1,21352.42,19217.18,0,3059.58,2024,3,March,Saturday,21352.42,19217.178
2024-03-09,ORD026359,CUST04822,P007,Backpack,Accessories,Chennai,Online,Debit Card,1,2073.56,0.15,2073.56,1762.53,0,244.14,2024,3,March,Saturday,2073.56,1762.5259999999998
2024-03-09,ORD036779,CUST00799,P020,Microwave,Home,Mumbai,Online,Debit Card,2,10082.32,0.0,20164.64,20164.64,0,4293.54,2024,3,March,Saturday,20164.64,20164.64
2024-03-09,ORD020197,CUST01213,P018,Jacket,Fashion,Hyderabad,Online,Credit Card,2,5252.3,0.1,10504.6,9454.14,0,1391.66,2024,3,March,Saturday,10504.6,9454.140000000001
2024-03-09,ORD019162,CUST04103,P006,Desk,Furniture,Ahmedabad,Online,UPI,1,11728.53,0.2,11728.53,9382.82,0,1353.25,2024,3,March,Saturday,11728.53,9382.824
2024-03-09,ORD006256,CUST02080,P018,Jacket,Fashion,Surat,Store,Credit Card,3,5561.62,0.1,16684.86,15016.37,0,1909.99,2024,3,March,Saturday,16684.86,15016.374000000002
2024-03-09,ORD004528,CUST04134,P013,Monitor,Electronics,Bengaluru,Online,UPI,1,19002.9,0.0,19002.9,19002.9,0,3715.09,2024,3,March,Saturday,19002.9,19002.9
2024-03-09,ORD003476,CUST01875,P003,Headphones,Electronics,Surat,Store,Credit Card,3,4632.05,0.25,13896.15,10422.11,0,1149.92,2024,3,March,Saturday,13896.150000000001,10422.1125
2024-03-09,ORD006166,CUST04735,P018,Jacket,Fashion,Hyderabad,Online,UPI,1,5073.3,0.0,5073.3,5073.3,0,1427.08,2024,3,March,Saturday,5073.3,5073.3
2024-03-09,ORD043759,CUST00839,P019,Vacuum Cleaner,Home,Mumbai,Online,UPI,1,8987.06,0.1,8987.06,8088.35,0,833.5,2024,3,March,Saturday,8987.06,8088.353999999999
2024-03-09,ORD033423,CUST00189,P013,Monitor,Electronics,Kolkata,Online,Debit Card,1,16843.15,0.1,16843.15,15158.84,0,1986.35,2024,3,March,Saturday,16843.15,15158.835000000001
2024-03-09,ORD039301,CUST01882,P020,Microwave,Home,Mumbai,Store,Net Banking,1,11435.53,0.1,11435.53,10291.98,0,2581.98,2024,3,March,Saturday,11435.53,10291.977
2024-03-09,ORD031155,CUST03818,P017,Jeans,Fashion,Kolkata,Online,Debit Card,1,2596.15,0.1,2596.15,2336.54,1,-116.83,2024,3,March,Saturday,2596.15,2336.5350000000003
2024-03-09,ORD000819,CUST00037,P010,Coffee Maker,Home,Surat,Online,Credit Card,1,6016.38,0.1,6016.38,5414.74,0,409.36,2024,3,March,Saturday,6016.38,5414.742
2024-03-09,ORD028949,CUST01267,P018,Jacket,Fashion,Kolkata,Online,UPI,1,5578.93,0.15,5578.93,4742.09,1,-237.1,2024,3,March,Saturday,5578.93,4742.0905
2024-03-09,ORD025927,CUST02466,P005,Office Chair,Furniture,Jaipur,Store,Net Banking,1,9788.33,0.1,9788.33,8809.5,0,1176.46,2024,3,March,Saturday,9788.33,8809.497
2024-03-09,ORD015675,CUST00585,P005,Office Chair,Furniture,Jaipur,Online,Credit Card,1,10388.51,0.1,10388.51,9349.66,0,2024.43,2024,3,March,Saturday,10388.51,9349.659
2024-03-09,ORD011060,CUST04217,P020,Microwave,Home,Pune,Store,Credit Card,2,12011.0,0.05,24022.0,22820.9,0,5159.52,2024,3,March,Saturday,24022.0,22820.899999999998
2024-03-09,ORD005734,CUST02744,P005,Office Chair,Furniture,Surat,Online,Net Banking,2,8634.16,0.0,17268.32,17268.32,0,4799.93,2024,3,March,Saturday,17268.32,17268.32
2024-03-09,ORD013369,CUST02498,P012,Air Fryer,Home,Hyderabad,Online,Credit Card,1,6776.47,0.1,6776.47,6098.82,0,855.35,2024,3,March,Saturday,6776.47,6098.823
2024-03-09,ORD033475,CUST00715,P002,Smartphone,Electronics,Jaipur,Online,Cash,3,29375.08,0.0,88125.24,88125.24,0,15905.35,2024,3,March,Saturday,88125.24,88125.24
2024-03-09,ORD035117,CUST02109,P007,Backpack,Accessories,Surat,Online,Credit Card,2,2109.52,0.05,4219.04,4008.09,0,818.43,2024,3,March,Saturday,4219.04,4008.0879999999997
2024-03-09,ORD034606,CUST02066,P019,Vacuum Cleaner,Home,Hyderabad,Online,Credit Card,1,8996.02,0.1,8996.02,8096.42,0,1714.17,2024,3,March,Saturday,8996.02,8096.418000000001
2024-03-09,ORD048106,CUST00598,P002,Smartphone,Electronics,Ahmedabad,Online,UPI,1,26501.45,0.2,26501.45,21201.16,0,1648.92,2024,3,March,Saturday,26501.45,21201.160000000003
2024-03-09,ORD000299,CUST00888,P011,Mixer Grinder,Home,Ahmedabad,Online,Credit Card,1,5217.59,0.05,5217.59,4956.71,0,1304.39,2024,3,March,Saturday,5217.59,4956.7105
2024-03-09,ORD037945,CUST03030,P020,Microwave,Home,Surat,Online,UPI,1,10847.66,0.0,10847.66,10847.66,0,1983.98,2024,3,March,Saturday,10847.66,10847.66
2024-03-09,ORD005395,CUST02493,P008,Running Shoes,Fashion,Mumbai,Store,Debit Card,1,4462.02,0.25,4462.02,3346.52,0,331.22,2024,3,March,Saturday,4462.02,3346.5150000000003
2024-03-09,ORD032743,CUST04847,P008,Running Shoes,Fashion,Jaipur,Online,Credit Card,1,4400.24,0.1,4400.24,3960.22,0,961.11,2024,3,March,Saturday,4400.24,3960.216
2024-03-09,ORD010812,CUST02607,P014,Keyboard,Electronics,Chennai,Online,Credit Card,1,2516.41,0.15,2516.41,2138.95,0,131.42,2024,3,March,Saturday,2516.41,2138.9485
2024-03-09,ORD035590,CUST01786,P016,Sofa,Furniture,Bengaluru,Online,Net Banking,2,33941.15,0.0,67882.3,67882.3,0,17727.56,2024,3,March,Saturday,67882.3,67882.3
2024-03-09,ORD005289,CUST00594,P017,Jeans,Fashion,Ahmedabad,Online,UPI,1,2662.89,0.0,2662.89,2662.89,0,292.45,2024,3,March,Saturday,2662.89,2662.89
2024-03-09,ORD049581,CUST01356,P013,Monitor,Electronics,Hyderabad,Store,UPI,1,17896.88,0.15,17896.88,15212.35,0,1789.8,2024,3,March,Saturday,17896.88,15212.348
2024-03-09,ORD041573,CUST03862,P011,Mixer Grinder,Home,Delhi,Store,UPI,1,5180.57,0.15,5180.57,4403.48,0,398.63,2024,3,March,Saturday,5180.57,4403.4845
2024-03-09,ORD007285,CUST03217,P018,Jacket,Fashion,Chennai,Online,UPI,2,4777.07,0.15,9554.14,8121.02,0,1904.44,2024,3,March,Saturday,9554.14,8121.018999999999
2024-03-09,ORD028694,CUST01693,P011,Mixer Grinder,Home,Delhi,Online,UPI,2,5012.09,0.1,10024.18,9021.76,1,-451.09,2024,3,March,Saturday,10024.18,9021.762
2024-03-09,ORD049025,CUST04893,P011,Mixer Grinder,Home,Jaipur,Online,Credit Card,2,4419.42,0.05,8838.84,8396.9,0,1798.07,2024,3,March,Saturday,8838.84,8396.898
2024-03-09,ORD007109,CUST00922,P018,Jacket,Fashion,Pune,Online,UPI,1,5717.96,0.1,5717.96,5146.16,0,1418.54,2024,3,March,Saturday,5717.96,5146.164
2024-03-09,ORD018309,CUST01342,P005,Office Chair,Furniture,Bengaluru,Online,Debit Card,2,9499.22,0.05,18998.44,18048.52,0,3214.07,2024,3,March,Saturday,18998.44,18048.517999999996
2024-03-09,ORD005879,CUST01386,P003,Headphones,Electronics,Bengaluru,Online,Debit Card,1,4821.38,0.1,4821.38,4339.24,0,919.18,2024,3,March,Saturday,4821.38,4339.242
2024-03-09,ORD034317,CUST01327,P020,Microwave,Home,Bengaluru,Online,UPI,1,11992.71,0.0,11992.71,11992.71,0,2649.48,2024,3,March,Saturday,11992.71,11992.71
2024-03-09,ORD005089,CUST02242,P017,Jeans,Fashion,Jaipur,Online,Credit Card,2,2977.52,0.1,5955.04,5359.54,0,1095.33,2024,3,March,Saturday,5955.04,5359.536
2024-03-09,ORD008443,CUST01546,P003,Headphones,Electronics,Ahmedabad,Store,UPI,2,4743.81,0.25,9487.62,7115.72,0,334.77,2024,3,March,Saturday,9487.62,7115.715
2024-03-09,ORD007873,CUST00072,P006,Desk,Furniture,Hyderabad,Online,UPI,1,12236.13,0.0,12236.13,12236.13,0,1090.46,2024,3,March,Saturday,12236.13,12236.13
2024-03-09,ORD031421,CUST00832,P019,Vacuum Cleaner,Home,Jaipur,Online,UPI,1,8888.88,0.0,8888.88,8888.88,0,1005.83,2024,3,March,Saturday,8888.88,8888.88
2024-03-09,ORD001696,CUST04159,P018,Jacket,Fashion,Hyderabad,Online,UPI,1,4875.93,0.0,4875.93,4875.93,0,768.19,2024,3,March,Saturday,4875.93,4875.93
2024-03-09,ORD039799,CUST03307,P003,Headphones,Electronics,Ahmedabad,Online,Debit Card,1,4512.39,0.25,4512.39,3384.29,0,647.54,2024,3,March,Saturday,4512.39,3384.2925000000005
2024-03-09,ORD038206,CUST04068,P003,Headphones,Electronics,Surat,Store,Net Banking,4,4941.68,0.05,19766.72,18778.38,0,1563.14,2024,3,March,Saturday,19766.72,18778.384000000002
2024-03-09,ORD035543,CUST03099,P005,Office Chair,Furniture,Jaipur,Online,Debit Card,1,10014.33,0.1,10014.33,9012.9,0,1714.29,2024,3,March,Saturday,10014.33,9012.897
2024-03-09,ORD006135,CUST04969,P011,Mixer Grinder,Home,Chennai,Online,UPI,4,4392.84,0.1,17571.36,15814.22,0,1579.41,2024,3,March,Saturday,17571.36,15814.224
2024-03-09,ORD030948,CUST04934,P001,Laptop,Electronics,Ahmedabad,Online,Debit Card,1,66243.72,0.0,66243.72,66243.72,0,10610.81,2024,3,March,Saturday,66243.72,66243.72
2024-03-09,ORD042926,CUST01871,P005,Office Chair,Furniture,Kolkata,Store,Credit Card,2,10440.94,0.2,20881.88,16705.5,0,1197.35,2024,3,March,Saturday,20881.88,16705.504
2024-03-09,ORD022913,CUST01907,P011,Mixer Grinder,Home,Ahmedabad,Online,UPI,1,4415.17,0.0,4415.17,4415.17,1,-220.76,2024,3,March,Saturday,4415.17,4415.17
2024-03-09,ORD011576,CUST02085,P017,Jeans,Fashion,Delhi,Online,UPI,1,2590.56,0.2,2590.56,2072.45,0,374.8,2024,3,March,Saturday,2590.56,2072.448
2024-03-09,ORD043412,CUST00714,P017,Jeans,Fashion,Kolkata,Online,Credit Card,1,2781.08,0.05,2781.08,2642.03,0,289.87,2024,3,March,Saturday,2781.08,2642.026
2024-03-09,ORD037871,CUST02593,P003,Headphones,Electronics,Kolkata,Store,Credit Card,5,4723.37,0.1,23616.85,21255.16,0,5697.43,2024,3,March,Saturday,23616.85,21255.165
2024-03-09,ORD021874,CUST04038,P003,Headphones,Electronics,Pune,Online,UPI,2,4864.14,0.1,9728.28,8755.45,0,2313.7,2024,3,March,Saturday,9728.28,8755.452000000001
2024-03-09,ORD028138,CUST03369,P013,Monitor,Electronics,Ahmedabad,Online,UPI,2,18656.91,0.1,37313.82,33582.44,0,2780.16,2024,3,March,Saturday,37313.82,33582.438
2024-03-09,ORD002571,CUST03425,P020,Microwave,Home,Delhi,Store,UPI,3,10624.89,0.0,31874.67,31874.67,0,8214.67,2024,3,March,Saturday,31874.67,31874.67
2024-03-10,ORD047712,CUST02013,P015,Dining Table,Furniture,Hyderabad,Store,Cash,1,21787.54,0.2,21787.54,17430.03,0,1255.38,2024,3,March,Sunday,21787.54,17430.032000000003
2024-03-10,ORD047837,CUST00342,P003,Headphones,Electronics,Kolkata,Online,Credit Card,1,4255.95,0.15,4255.95,3617.56,0,719.98,2024,3,March,Sunday,4255.95,3617.5575
2024-03-10,ORD036547,CUST02513,P002,Smartphone,Electronics,Pune,Online,UPI,1,26446.26,0.15,26446.26,22479.32,0,2541.43,2024,3,March,Sunday,26446.26,22479.320999999996
2024-03-10,ORD006834,CUST03166,P004,Smartwatch,Electronics,Mumbai,Online,Debit Card,1,6803.95,0.1,6803.95,6123.56,0,1344.86,2024,3,March,Sunday,6803.95,6123.555
2024-03-10,ORD043347,CUST00048,P001,Laptop,Electronics,Mumbai,Store,Credit Card,1,63627.58,0.25,63627.58,47720.68,0,2924.33,2024,3,March,Sunday,63627.58,47720.685
2024-03-10,ORD023472,CUST00407,P014,Keyboard,Electronics,Kolkata,Online,Credit Card,1,2649.5,0.1,2649.5,2384.55,0,248.77,2024,3,March,Sunday,2649.5,2384.55
2024-03-10,ORD008132,CUST01348,P020,Microwave,Home,Ahmedabad,Store,Debit Card,1,9950.16,0.2,9950.16,7960.13,0,1398.26,2024,3,March,Sunday,9950.16,7960.128000000001
2024-03-10,ORD047590,CUST00677,P012,Air Fryer,Home,Mumbai,Online,UPI,1,7411.08,0.05,7411.08,7040.53,0,1696.27,2024,3,March,Sunday,7411.08,7040.526
2024-03-10,ORD028853,CUST04851,P010,Coffee Maker,Home,Delhi,Store,UPI,1,5401.29,0.2,5401.29,4321.03,0,765.0,2024,3,March,Sunday,5401.29,4321.032
2024-03-10,ORD033337,CUST00695,P005,Office Chair,Furniture,Delhi,Online,UPI,1,8847.14,0.05,8847.14,8404.78,0,933.12,2024,3,March,Sunday,8847.14,8404.783
2024-03-10,ORD011282,CUST04343,P002,Smartphone,Electronics,Pune,Online,Net Banking,2,25572.72,0.15,51145.44,43473.62,0,7832.41,2024,3,March,Sunday,51145.44,43473.624
2024-03-10,ORD048426,CUST01817,P019,Vacuum Cleaner,Home,Chennai,Online,UPI,1,8847.28,0.25,8847.28,6635.46,0,1154.33,2024,3,March,Sunday,8847.28,6635.460000000001
2024-03-10,ORD048434,CUST02991,P005,Office Chair,Furniture,Pune,Store,UPI,4,10130.89,0.2,40523.56,32418.85,0,8087.79,2024,3,March,Sunday,40523.56,32418.847999999998
2024-03-10,ORD002731,CUST02840,P013,Monitor,Electronics,Bengaluru,Store,UPI,1,18273.72,0.05,18273.72,17360.03,0,2401.97,2024,3,March,Sunday,18273.72,17360.034
2024-03-10,ORD044930,CUST01558,P015,Dining Table,Furniture,Delhi,Online,Credit Card,5,23673.39,0.1,118366.95,106530.26,0,12754.14,2024,3,March,Sunday,118366.95,106530.255
2024-03-10,ORD020268,CUST02992,P015,Dining Table,Furniture,Kolkata,Store,Cash,4,21068.12,0.2,84272.48,67417.98,0,9032.23,2024,3,March,Sunday,84272.48,67417.984
2024-03-10,ORD013021,CUST03732,P001,Laptop,Electronics,Hyderabad,Store,Credit Card,3,59921.56,0.1,179764.68,161788.21,0,42623.88,2024,3,March,Sunday,179764.68,161788.212
2024-03-10,ORD025148,CUST01130,P019,Vacuum Cleaner,Home,Kolkata,Store,Credit Card,1,9688.05,0.1,9688.05,8719.24,1,-435.96,2024,3,March,Sunday,9688.05,8719.244999999999
2024-03-10,ORD013809,CUST02324,P005,Office Chair,Furniture,Ahmedabad,Online,Credit Card,1,9263.47,0.15,9263.47,7873.95,0,1853.66,2024,3,March,Sunday,9263.47,7873.949499999999
2024-03-10,ORD018107,CUST02890,P009,T-Shirt,Fashion,Kolkata,Online,UPI,1,1289.7,0.1,1289.7,1160.73,0,74.95,2024,3,March,Sunday,1289.7,1160.73
2024-03-10,ORD041692,CUST04865,P011,Mixer Grinder,Home,Chennai,Online,Credit Card,1,5121.12,0.0,5121.12,5121.12,0,846.08,2024,3,March,Sunday,5121.12,5121.12
2024-03-10,ORD001590,CUST02787,P020,Microwave,Home,Pune,Online,Credit Card,4,10596.51,0.05,42386.04,40266.74,1,-2013.34,2024,3,March,Sunday,42386.04,40266.738
2024-03-10,ORD041318,CUST01497,P008,Running Shoes,Fashion,Chennai,Online,Credit Card,1,4229.0,0.15,4229.0,3594.65,0,699.19,2024,3,March,Sunday,4229.0,3594.65
2024-03-10,ORD017367,CUST02380,P001,Laptop,Electronics,Mumbai,Online,Credit Card,1,64209.78,0.1,64209.78,57788.8,0,8684.58,2024,3,March,Sunday,64209.78,57788.802
2024-03-10,ORD046102,CUST03471,P002,Smartphone,Electronics,Hyderabad,Store,UPI,4,25981.31,0.05,103925.24,98728.98,0,19566.97,2024,3,March,Sunday,103925.24,98728.978
2024-03-10,ORD026457,CUST00539,P011,Mixer Grinder,Home,Delhi,Online,Credit Card,2,4858.32,0.0,9716.64,9716.64,0,2705.59,2024,3,March,Sunday,9716.64,9716.64
2024-03-10,ORD049335,CUST03534,P006,Desk,Furniture,Delhi,Online,Debit Card,1,12180.98,0.05,12180.98,11571.93,0,2802.65,2024,3,March,Sunday,12180.98,11571.930999999999
2024-03-10,ORD014907,CUST00260,P001,Laptop,Electronics,Surat,Online,UPI,1,67570.69,0.05,67570.69,64192.16,0,15106.93,2024,3,March,Sunday,67570.69,64192.1555
2024-03-10,ORD030329,CUST00249,P004,Smartwatch,Electronics,Hyderabad,Store,UPI,1,7302.25,0.0,7302.25,7302.25,0,737.12,2024,3,March,Sunday,7302.25,7302.25
2024-03-10,ORD001066,CUST03595,P010,Coffee Maker,Home,Surat,Online,Credit Card,1,5333.57,0.05,5333.57,5066.89,0,462.76,2024,3,March,Sunday,5333.57,5066.8915
2024-03-10,ORD025739,CUST02349,P003,Headphones,Electronics,Mumbai,Store,UPI,1,4097.36,0.2,4097.36,3277.89,0,528.27,2024,3,March,Sunday,4097.36,3277.888
2024-03-10,ORD041452,CUST01786,P004,Smartwatch,Electronics,Bengaluru,Online,Net Banking,2,7041.91,0.25,14083.82,10562.86,0,2465.49,2024,3,March,Sunday,14083.82,10562.865
2024-03-10,ORD047039,CUST00155,P017,Jeans,Fashion,Jaipur,Store,Debit Card,1,3032.57,0.05,3032.57,2880.94,0,342.86,2024,3,March,Sunday,3032.57,2880.9415
2024-03-10,ORD000501,CUST03925,P017,Jeans,Fashion,Jaipur,Online,Credit Card,2,2701.78,0.0,5403.56,5403.56,0,833.22,2024,3,March,Sunday,5403.56,5403.56
2024-03-10,ORD048510,CUST03798,P003,Headphones,Electronics,Bengaluru,Store,Cash,1,4341.72,0.0,4341.72,4341.72,0,552.77,2024,3,March,Sunday,4341.72,4341.72
2024-03-10,ORD047332,CUST02587,P009,T-Shirt,Fashion,Chennai,Store,Net Banking,2,1117.65,0.1,2235.3,2011.77,0,124.4,2024,3,March,Sunday,2235.3,2011.7700000000002
2024-03-10,ORD041891,CUST03589,P019,Vacuum Cleaner,Home,Ahmedabad,Store,UPI,1,8295.33,0.1,8295.33,7465.8,0,1940.32,2024,3,March,Sunday,8295.33,7465.7970000000005
2024-03-10,ORD002303,CUST00105,P002,Smartphone,Electronics,Jaipur,Online,Cash,1,26221.52,0.0,26221.52,26221.52,0,4087.11,2024,3,March,Sunday,26221.52,26221.52
2024-03-10,ORD025396,CUST00424,P016,Sofa,Furniture,Surat,Store,Cash,2,38327.82,0.1,76655.64,68990.08,0,12634.12,2024,3,March,Sunday,76655.64,68990.076
2024-03-10,ORD026718,CUST02777,P015,Dining Table,Furniture,Chennai,Store,UPI,1,23502.04,0.05,23502.04,22326.94,0,3451.49,2024,3,March,Sunday,23502.04,22326.938
2024-03-10,ORD020021,CUST03752,P019,Vacuum Cleaner,Home,Hyderabad,Store,Debit Card,2,8379.09,0.05,16758.18,15920.27,0,4121.76,2024,3,March,Sunday,16758.18,15920.270999999999
2024-03-10,ORD040171,CUST01141,P004,Smartwatch,Electronics,Surat,Online,Cash,1,7114.21,0.15,7114.21,6047.08,0,376.39,2024,3,March,Sunday,7114.21,6047.0785
2024-03-10,ORD037470,CUST03679,P018,Jacket,Fashion,Delhi,Store,Credit Card,1,5584.57,0.05,5584.57,5305.34,0,963.68,2024,3,March,Sunday,5584.57,5305.3414999999995
2024-03-10,ORD019960,CUST02760,P002,Smartphone,Electronics,Delhi,Store,UPI,4,26932.89,0.15,107731.56,91571.83,0,8337.9,2024,3,March,Sunday,107731.56,91571.826
2024-03-10,ORD018030,CUST00566,P011,Mixer Grinder,Home,Pune,Online,Cash,2,4600.98,0.05,9201.96,8741.86,0,1763.06,2024,3,March,Sunday,9201.96,8741.862
2024-03-10,ORD012932,CUST03573,P014,Keyboard,Electronics,Mumbai,Online,Credit Card,1,2692.5,0.05,2692.5,2557.88,0,537.02,2024,3,March,Sunday,2692.5,2557.875
2024-03-10,ORD004116,CUST03170,P014,Keyboard,Electronics,Jaipur,Online,UPI,2,2334.71,0.2,4669.42,3735.54,0,279.06,2024,3,March,Sunday,4669.42,3735.536
2024-03-10,ORD049949,CUST02017,P014,Keyboard,Electronics,Surat,Online,UPI,1,2674.63,0.05,2674.63,2540.9,0,435.85,2024,3,March,Sunday,2674.63,2540.8985
2024-03-10,ORD040874,CUST00304,P010,Coffee Maker,Home,Mumbai,Online,UPI,1,5331.77,0.15,5331.77,4532.0,0,380.23,2024,3,March,Sunday,5331.77,4532.0045
2024-03-10,ORD045343,CUST02943,P010,Coffee Maker,Home,Chennai,Online,Debit Card,3,5267.33,0.05,15801.99,15011.89,0,1708.84,2024,3,March,Sunday,15801.99,15011.8905
2024-03-10,ORD027015,CUST02704,P014,Keyboard,Electronics,Delhi,Online,Credit Card,2,2558.05,0.1,5116.1,4604.49,0,817.21,2024,3,March,Sunday,5116.1,4604.490000000001
2024-03-10,ORD030561,CUST00092,P003,Headphones,Electronics,Delhi,Online,Credit Card,3,4666.43,0.0,13999.29,13999.29,0,4121.37,2024,3,March,Sunday,13999.29,13999.29
2024-03-10,ORD046735,CUST00522,P005,Office Chair,Furniture,Surat,Store,Credit Card,4,9926.59,0.05,39706.36,37721.04,0,9481.53,2024,3,March,Sunday,39706.36,37721.042
2024-03-10,ORD047822,CUST04338,P006,Desk,Furniture,Surat,Store,Debit Card,1,10927.44,0.1,10927.44,9834.7,0,869.17,2024,3,March,Sunday,10927.44,9834.696
2024-03-10,ORD008409,CUST02126,P007,Backpack,Accessories,Mumbai,Store,UPI,1,2037.8,0.25,2037.8,1528.35,0,198.27,2024,3,March,Sunday,2037.8,1528.35
2024-03-10,ORD022885,CUST01924,P004,Smartwatch,Electronics,Kolkata,Online,UPI,1,6542.82,0.1,6542.82,5888.54,0,544.47,2024,3,March,Sunday,6542.82,5888.538
2024-03-10,ORD040478,CUST00683,P020,Microwave,Home,Pune,Online,Credit Card,1,12033.03,0.0,12033.03,12033.03,0,963.79,2024,3,March,Sunday,12033.03,12033.03
2024-03-10,ORD044249,CUST01192,P010,Coffee Maker,Home,Delhi,Online,UPI,1,5047.34,0.0,5047.34,5047.34,0,914.73,2024,3,March,Sunday,5047.34,5047.34
2024-03-10,ORD038866,CUST02679,P004,Smartwatch,Electronics,Pune,Online,UPI,1,7533.07,0.0,7533.07,7533.07,0,719.04,2024,3,March,Sunday,7533.07,7533.07
2024-03-10,ORD037582,CUST02932,P007,Backpack,Accessories,Mumbai,Online,UPI,4,1993.82,0.1,7975.28,7177.75,1,-358.89,2024,3,March,Sunday,7975.28,7177.7519999999995
2024-03-10,ORD017999,CUST00838,P009,T-Shirt,Fashion,Kolkata,Store,UPI,1,1270.02,0.1,1270.02,1143.02,0,207.62,2024,3,March,Sunday,1270.02,1143.018
2024-03-10,ORD014504,CUST04525,P020,Microwave,Home,Bengaluru,Online,Credit Card,1,10134.46,0.25,10134.46,7600.84,0,398.89,2024,3,March,Sunday,10134.46,7600.844999999999
2024-03-10,ORD028181,CUST03670,P006,Desk,Furniture,Chennai,Store,Credit Card,1,12461.95,0.15,12461.95,10592.66,0,898.49,2024,3,March,Sunday,12461.95,10592.657500000001
2024-03-11,ORD025737,CUST03476,P010,Coffee Maker,Home,Pune,Store,UPI,1,5510.46,0.25,5510.46,4132.84,0,793.49,2024,3,March,Monday,5510.46,4132.845
2024-03-11,ORD019779,CUST01625,P004,Smartwatch,Electronics,Hyderabad,Store,Cash,4,6655.04,0.15,26620.16,22627.14,0,1358.42,2024,3,March,Monday,26620.16,22627.136
2024-03-11,ORD033043,CUST01119,P009,T-Shirt,Fashion,Pune,Online,Credit Card,1,1305.83,0.15,1305.83,1109.96,0,143.98,2024,3,March,Monday,1305.83,1109.9554999999998
2024-03-11,ORD039141,CUST01119,P002,Smartphone,Electronics,Kolkata,Store,Cash,2,30236.88,0.05,60473.76,57450.07,0,9567.64,2024,3,March,Monday,60473.76,57450.072
2024-03-11,ORD027632,CUST02628,P001,Laptop,Electronics,Ahmedabad,Online,Cash,1,66423.07,0.05,66423.07,63101.92,0,5500.31,2024,3,March,Monday,66423.07,63101.91650000001
2024-03-11,ORD002352,CUST00568,P009,T-Shirt,Fashion,Mumbai,Online,Credit Card,1,1313.23,0.15,1313.23,1116.25,0,71.2,2024,3,March,Monday,1313.23,1116.2455
2024-03-11,ORD030501,CUST03871,P015,Dining Table,Furniture,Delhi,Online,UPI,1,20594.49,0.15,20594.49,17505.32,0,4301.92,2024,3,March,Monday,20594.49,17505.3165
2024-03-11,ORD049608,CUST03228,P020,Microwave,Home,Kolkata,Store,Cash,4,10183.47,0.1,40733.88,36660.49,0,3635.38,2024,3,March,Monday,40733.88,36660.492
2024-03-11,ORD022784,CUST03414,P006,Desk,Furniture,Delhi,Store,UPI,1,10860.81,0.15,10860.81,9231.69,0,623.87,2024,3,March,Monday,10860.81,9231.6885
2024-03-11,ORD033165,CUST04256,P008,Running Shoes,Fashion,Delhi,Store,Net Banking,1,4478.37,0.1,4478.37,4030.53,0,411.48,2024,3,March,Monday,4478.37,4030.533
2024-03-11,ORD022118,CUST03432,P017,Jeans,Fashion,Pune,Online,Credit Card,1,2759.49,0.05,2759.49,2621.52,0,448.7,2024,3,March,Monday,2759.49,2621.5154999999995
2024-03-11,ORD010631,CUST04026,P002,Smartphone,Electronics,Mumbai,Online,Credit Card,1,29280.68,0.15,29280.68,24888.58,0,2592.8,2024,3,March,Monday,29280.68,24888.578
2024-03-11,ORD001075,CUST03987,P019,Vacuum Cleaner,Home,Kolkata,Store,Credit Card,1,8375.2,0.1,8375.2,7537.68,0,810.35,2024,3,March,Monday,8375.2,7537.680000000001
2024-03-11,ORD006507,CUST02690,P013,Monitor,Electronics,Surat,Online,Credit Card,2,18418.35,0.0,36836.7,36836.7,0,8631.78,2024,3,March,Monday,36836.7,36836.7
2024-03-11,ORD028898,CUST02722,P019,Vacuum Cleaner,Home,Mumbai,Store,Debit Card,1,8523.35,0.2,8523.35,6818.68,0,601.15,2024,3,March,Monday,8523.35,6818.68
2024-03-11,ORD044192,CUST03595,P010,Coffee Maker,Home,Ahmedabad,Store,Credit Card,2,5931.12,0.05,11862.24,11269.13,0,1275.33,2024,3,March,Monday,11862.24,11269.127999999999
2024-03-11,ORD044796,CUST01715,P003,Headphones,Electronics,Hyderabad,Store,Credit Card,2,4336.77,0.2,8673.54,6938.83,0,1721.81,2024,3,March,Monday,8673.54,6938.832000000001
2024-03-11,ORD047364,CUST03588,P003,Headphones,Electronics,Mumbai,Store,Debit Card,1,4290.38,0.05,4290.38,4075.86,0,732.32,2024,3,March,Monday,4290.38,4075.861
2024-03-11,ORD011229,CUST01932,P013,Monitor,Electronics,Mumbai,Online,UPI,1,17316.38,0.0,17316.38,17316.38,0,3116.89,2024,3,March,Monday,17316.38,17316.38
2024-03-11,ORD045441,CUST04910,P007,Backpack,Accessories,Chennai,Online,Credit Card,1,2382.6,0.2,2382.6,1906.08,0,234.88,2024,3,March,Monday,2382.6,1906.08
2024-03-11,ORD045190,CUST04429,P001,Laptop,Electronics,Pune,Online,UPI,3,59941.62,0.05,179824.86,170833.62,0,45838.65,2024,3,March,Monday,179824.86000000002,170833.61699999997
2024-03-11,ORD020455,CUST02299,P020,Microwave,Home,Kolkata,Store,UPI,4,10669.05,0.0,42676.2,42676.2,0,11593.2,2024,3,March,Monday,42676.2,42676.2
2024-03-11,ORD019699,CUST03309,P001,Laptop,Electronics,Surat,Store,Credit Card,1,70301.46,0.1,70301.46,63271.31,0,8719.6,2024,3,March,Monday,70301.46,63271.314000000006
2024-03-11,ORD031357,CUST01048,P012,Air Fryer,Home,Hyderabad,Online,UPI,1,7320.39,0.0,7320.39,7320.39,0,895.53,2024,3,March,Monday,7320.39,7320.39
2024-03-11,ORD009587,CUST03551,P016,Sofa,Furniture,Bengaluru,Online,Credit Card,2,32687.0,0.15,65374.0,55567.9,0,3919.25,2024,3,March,Monday,65374.0,55567.9
2024-03-11,ORD021906,CUST01081,P010,Coffee Maker,Home,Bengaluru,Online,UPI,1,5785.16,0.05,5785.16,5495.9,0,1440.93,2024,3,March,Monday,5785.16,5495.902
2024-03-11,ORD018955,CUST04119,P020,Microwave,Home,Kolkata,Online,UPI,2,11819.24,0.05,23638.48,22456.56,0,3519.29,2024,3,March,Monday,23638.48,22456.555999999997
2024-03-11,ORD001414,CUST01878,P010,Coffee Maker,Home,Mumbai,Online,Credit Card,1,5154.97,0.1,5154.97,4639.47,0,410.13,2024,3,March,Monday,5154.97,4639.473
2024-03-11,ORD012469,CUST00054,P011,Mixer Grinder,Home,Bengaluru,Store,Credit Card,1,4896.07,0.1,4896.07,4406.46,0,593.96,2024,3,March,Monday,4896.07,4406.463
2024-03-11,ORD031259,CUST04117,P005,Office Chair,Furniture,Ahmedabad,Store,UPI,1,9127.14,0.15,9127.14,7758.07,1,-387.9,2024,3,March,Monday,9127.14,7758.0689999999995
2024-03-11,ORD038119,CUST04920,P010,Coffee Maker,Home,Chennai,Online,Debit Card,1,5102.76,0.05,5102.76,4847.62,1,-242.38,2024,3,March,Monday,5102.76,4847.622
2024-03-11,ORD036899,CUST04339,P014,Keyboard,Electronics,Hyderabad,Online,UPI,1,2549.55,0.15,2549.55,2167.12,0,142.98,2024,3,March,Monday,2549.55,2167.1175000000003
2024-03-11,ORD040839,CUST04819,P010,Coffee Maker,Home,Jaipur,Online,UPI,1,5796.51,0.0,5796.51,5796.51,0,629.4,2024,3,March,Monday,5796.51,5796.51
2024-03-11,ORD018149,CUST00393,P015,Dining Table,Furniture,Chennai,Online,Debit Card,1,19838.2,0.1,19838.2,17854.38,0,4237.46,2024,3,March,Monday,19838.2,17854.38
2024-03-11,ORD030007,CUST03052,P017,Jeans,Fashion,Pune,Online,Credit Card,5,2787.69,0.0,13938.45,13938.45,0,3885.46,2024,3,March,Monday,13938.45,13938.45
2024-03-11,ORD018425,CUST04301,P001,Laptop,Electronics,Delhi,Online,UPI,1,59304.38,0.15,59304.38,50408.72,0,4814.29,2024,3,March,Monday,59304.38,50408.723
2024-03-11,ORD022705,CUST03580,P001,Laptop,Electronics,Bengaluru,Online,Cash,3,67008.61,0.1,201025.83,180923.25,0,14742.62,2024,3,March,Monday,201025.83000000002,180923.247
2024-03-11,ORD041509,CUST04909,P007,Backpack,Accessories,Jaipur,Online,Credit Card,1,2004.48,0.1,2004.48,1804.03,0,289.63,2024,3,March,Monday,2004.48,1804.0320000000002
2024-03-11,ORD039461,CUST04069,P004,Smartwatch,Electronics,Chennai,Online,UPI,1,7085.59,0.0,7085.59,7085.59,0,1089.43,2024,3,March,Monday,7085.59,7085.59
2024-03-11,ORD030963,CUST00371,P014,Keyboard,Electronics,Mumbai,Online,Credit Card,2,2252.08,0.1,4504.16,4053.74,0,513.61,2024,3,March,Monday,4504.16,4053.744
2024-03-11,ORD018328,CUST00055,P008,Running Shoes,Fashion,Jaipur,Online,UPI,1,4083.65,0.15,4083.65,3471.1,0,521.36,2024,3,March,Monday,4083.65,3471.1025
2024-03-11,ORD047793,CUST02281,P005,Office Chair,Furniture,Mumbai,Store,Debit Card,2,8574.1,0.05,17148.2,16290.79,0,4625.74,2024,3,March,Monday,17148.2,16290.789999999999
2024-03-11,ORD035594,CUST02774,P004,Smartwatch,Electronics,Mumbai,Online,UPI,2,6547.12,0.15,13094.24,11130.1,0,2378.79,2024,3,March,Monday,13094.24,11130.104
2024-03-11,ORD014547,CUST01651,P005,Office Chair,Furniture,Bengaluru,Store,UPI,1,9897.91,0.1,9897.91,8908.12,0,989.87,2024,3,March,Monday,9897.91,8908.119
2024-03-11,ORD024906,CUST03519,P010,Coffee Maker,Home,Delhi,Online,UPI,1,5123.19,0.1,5123.19,4610.87,0,1218.38,2024,3,March,Monday,5123.19,4610.871
2024-03-11,ORD026004,CUST02401,P019,Vacuum Cleaner,Home,Bengaluru,Store,UPI,1,8208.48,0.0,8208.48,8208.48,1,-410.42,2024,3,March,Monday,8208.48,8208.48
2024-03-11,ORD031716,CUST01016,P012,Air Fryer,Home,Bengaluru,Online,UPI,2,7587.04,0.1,15174.08,13656.67,0,3542.34,2024,3,March,Monday,15174.08,13656.672
2024-03-11,ORD019429,CUST03968,P020,Microwave,Home,Mumbai,Online,UPI,1,11654.7,0.1,11654.7,10489.23,0,2710.36,2024,3,March,Monday,11654.7,10489.230000000001
2024-03-11,ORD006972,CUST01087,P011,Mixer Grinder,Home,Bengaluru,Store,Debit Card,1,4612.85,0.25,4612.85,3459.64,0,725.14,2024,3,March,Monday,4612.85,3459.6375000000003
2024-03-11,ORD002671,CUST00941,P013,Monitor,Electronics,Chennai,Store,UPI,1,16328.62,0.05,16328.62,15512.19,0,2297.51,2024,3,March,Monday,16328.62,15512.189
2024-03-11,ORD039959,CUST01423,P006,Desk,Furniture,Pune,Online,Debit Card,4,11428.28,0.15,45713.12,38856.15,0,7616.25,2024,3,March,Monday,45713.12,38856.152
2024-03-11,ORD034178,CUST02669,P001,Laptop,Electronics,Hyderabad,Online,UPI,1,70441.86,0.15,70441.86,59875.58,0,13920.69,2024,3,March,Monday,70441.86,59875.581
2024-03-11,ORD031289,CUST01382,P017,Jeans,Fashion,Chennai,Store,Debit Card,1,2734.38,0.15,2734.38,2324.22,0,609.77,2024,3,March,Monday,2734.38,2324.223
2024-03-11,ORD004568,CUST01223,P019,Vacuum Cleaner,Home,Ahmedabad,Store,Cash,1,9790.96,0.15,9790.96,8322.32,0,2096.06,2024,3,March,Monday,9790.96,8322.315999999999
2024-03-11,ORD015183,CUST04527,P017,Jeans,Fashion,Pune,Online,Credit Card,1,3014.43,0.15,3014.43,2562.27,0,192.04,2024,3,March,Monday,3014.43,2562.2655
2024-03-11,ORD028836,CUST00941,P004,Smartwatch,Electronics,Jaipur,Online,UPI,1,6529.86,0.1,6529.86,5876.87,0,554.15,2024,3,March,Monday,6529.86,5876.874
2024-03-11,ORD009600,CUST02440,P010,Coffee Maker,Home,Bengaluru,Online,Debit Card,1,5632.8,0.1,5632.8,5069.52,0,334.08,2024,3,March,Monday,5632.8,5069.52
2024-03-11,ORD009608,CUST01817,P018,Jacket,Fashion,Ahmedabad,Store,Debit Card,1,5388.51,0.1,5388.51,4849.66,0,795.94,2024,3,March,Monday,5388.51,4849.659000000001
2024-03-11,ORD045971,CUST02548,P018,Jacket,Fashion,Mumbai,Store,Debit Card,1,4723.0,0.05,4723.0,4486.85,0,984.99,2024,3,March,Monday,4723.0,4486.849999999999
2024-03-11,ORD011465,CUST00435,P002,Smartphone,Electronics,Pune,Online,UPI,1,27338.82,0.0,27338.82,27338.82,0,4121.94,2024,3,March,Monday,27338.82,27338.82
2024-03-11,ORD015171,CUST01408,P020,Microwave,Home,Jaipur,Store,Net Banking,1,11130.57,0.25,11130.57,8347.93,0,1640.18,2024,3,March,Monday,11130.57,8347.9275
2024-03-11,ORD045220,CUST04473,P016,Sofa,Furniture,Hyderabad,Online,UPI,2,34893.59,0.1,69787.18,62808.46,0,10193.08,2024,3,March,Monday,69787.18,62808.46199999999
2024-03-11,ORD012562,CUST02891,P005,Office Chair,Furniture,Pune,Online,UPI,4,8712.92,0.2,34851.68,27881.34,0,4985.94,2024,3,March,Monday,34851.68,27881.344
2024-03-11,ORD025105,CUST00995,P015,Dining Table,Furniture,Kolkata,Store,UPI,2,22443.47,0.15,44886.94,38153.9,0,2395.08,2024,3,March,Monday,44886.94,38153.899
2024-03-11,ORD010281,CUST00564,P015,Dining Table,Furniture,Kolkata,Online,UPI,1,21882.38,0.25,21882.38,16411.78,1,-820.59,2024,3,March,Monday,21882.38,16411.785
2024-03-11,ORD007972,CUST02274,P018,Jacket,Fashion,Delhi,Online,Credit Card,2,5554.21,0.15,11108.42,9442.16,0,700.96,2024,3,March,Monday,11108.42,9442.157
2024-03-11,ORD046151,CUST01626,P006,Desk,Furniture,Ahmedabad,Online,Debit Card,1,11241.15,0.15,11241.15,9554.98,0,673.53,2024,3,March,Monday,11241.15,9554.977499999999
2024-03-11,ORD033543,CUST03714,P020,Microwave,Home,Pune,Online,Debit Card,2,11953.28,0.1,23906.56,21515.9,1,-1075.8,2024,3,March,Monday,23906.56,21515.904000000002
2024-03-11,ORD004226,CUST04204,P010,Coffee Maker,Home,Surat,Online,Credit Card,4,5364.17,0.15,21456.68,18238.18,0,4340.62,2024,3,March,Monday,21456.68,18238.178
2024-03-11,ORD000395,CUST03196,P016,Sofa,Furniture,Delhi,Store,Credit Card,1,35885.2,0.0,35885.2,35885.2,0,5079.34,2024,3,March,Monday,35885.2,35885.2
2024-03-11,ORD041770,CUST00539,P013,Monitor,Electronics,Surat,Store,Credit Card,1,16456.69,0.1,16456.69,14811.02,0,1136.67,2024,3,March,Monday,16456.69,14811.020999999999
2024-03-11,ORD039360,CUST03898,P015,Dining Table,Furniture,Bengaluru,Online,UPI,2,23058.73,0.15,46117.46,39199.84,0,6798.27,2024,3,March,Monday,46117.46,39199.841
2024-03-11,ORD029902,CUST01750,P002,Smartphone,Electronics,Hyderabad,Online,Debit Card,2,29647.22,0.1,59294.44,53365.0,0,3779.38,2024,3,March,Monday,59294.44,53364.99600000001
2024-03-11,ORD025591,CUST01722,P003,Headphones,Electronics,Chennai,Online,Credit Card,1,4700.67,0.2,4700.67,3760.54,0,526.66,2024,3,March,Monday,4700.67,3760.536
2024-03-11,ORD042883,CUST04138,P012,Air Fryer,Home,Kolkata,Online,UPI,1,7491.26,0.05,7491.26,7116.7,1,-355.84,2024,3,March,Monday,7491.26,7116.697
2024-03-11,ORD014516,CUST02011,P008,Running Shoes,Fashion,Bengaluru,Store,Net Banking,2,4011.71,0.05,8023.42,7622.25,0,2190.93,2024,3,March,Monday,8023.42,7622.249
2024-03-11,ORD024302,CUST01306,P005,Office Chair,Furniture,Delhi,Store,Credit Card,2,8905.3,0.1,17810.6,16029.54,0,2698.45,2024,3,March,Monday,17810.6,16029.539999999999
2024-03-11,ORD033748,CUST02704,P011,Mixer Grinder,Home,Mumbai,Store,UPI,1,5098.27,0.05,5098.27,4843.36,1,-242.17,2024,3,March,Monday,5098.27,4843.3565
2024-03-11,ORD039365,CUST01820,P009,T-Shirt,Fashion,Hyderabad,Online,UPI,2,1285.85,0.0,2571.7,2571.7,0,221.94,2024,3,March,Monday,2571.7,2571.7
2024-03-12,ORD049014,CUST02587,P002,Smartphone,Electronics,Pune,Online,UPI,4,25488.98,0.1,101955.92,91760.33,0,7855.32,2024,3,March,Tuesday,101955.92,91760.328
2024-03-12,ORD014899,CUST01163,P019,Vacuum Cleaner,Home,Chennai,Online,UPI,1,9441.04,0.1,9441.04,8496.94,0,1715.08,2024,3,March,Tuesday,9441.04,8496.936000000002
2024-03-12,ORD023243,CUST00785,P008,Running Shoes,Fashion,Ahmedabad,Store,Debit Card,1,4594.57,0.1,4594.57,4135.11,0,403.16,2024,3,March,Tuesday,4594.57,4135.113
2024-03-12,ORD039991,CUST01898,P012,Air Fryer,Home,Bengaluru,Store,UPI,1,6647.45,0.1,6647.45,5982.7,0,1373.34,2024,3,March,Tuesday,6647.45,5982.705
2024-03-12,ORD018672,CUST01373,P018,Jacket,Fashion,Surat,Store,Net Banking,1,5393.85,0.1,5393.85,4854.46,0,596.47,2024,3,March,Tuesday,5393.85,4854.465
2024-03-12,ORD032017,CUST01784,P016,Sofa,Furniture,Bengaluru,Online,Debit Card,2,34216.22,0.1,68432.44,61589.2,0,13717.68,2024,3,March,Tuesday,68432.44,61589.196
2024-03-12,ORD031364,CUST04295,P001,Laptop,Electronics,Kolkata,Store,UPI,2,63580.34,0.05,127160.68,120802.65,0,27012.02,2024,3,March,Tuesday,127160.68,120802.646
2024-03-12,ORD010732,CUST04936,P002,Smartphone,Electronics,Mumbai,Store,UPI,1,30192.83,0.2,30192.83,24154.26,0,4733.3,2024,3,March,Tuesday,30192.83,24154.264000000003
2024-03-12,ORD021946,CUST02980,P020,Microwave,Home,Hyderabad,Store,UPI,2,12015.56,0.05,24031.12,22829.56,0,6327.93,2024,3,March,Tuesday,24031.12,22829.564
2024-03-12,ORD043566,CUST02805,P002,Smartphone,Electronics,Pune,Online,UPI,1,30648.62,0.15,30648.62,26051.33,0,1761.27,2024,3,March,Tuesday,30648.62,26051.326999999997
2024-03-12,ORD018071,CUST02960,P017,Jeans,Fashion,Chennai,Online,Net Banking,1,2576.19,0.0,2576.19,2576.19,0,365.79,2024,3,March,Tuesday,2576.19,2576.19
2024-03-12,ORD008031,CUST03833,P010,Coffee Maker,Home,Pune,Store,UPI,1,5403.27,0.1,5403.27,4862.94,0,674.56,2024,3,March,Tuesday,5403.27,4862.943
2024-03-12,ORD029410,CUST03070,P008,Running Shoes,Fashion,Bengaluru,Online,Debit Card,1,4296.48,0.1,4296.48,3866.83,1,-193.34,2024,3,March,Tuesday,4296.48,3866.832
2024-03-12,ORD025248,CUST01650,P020,Microwave,Home,Ahmedabad,Online,UPI,1,11040.02,0.15,11040.02,9384.02,0,733.76,2024,3,March,Tuesday,11040.02,9384.017
2024-03-12,ORD046781,CUST02838,P017,Jeans,Fashion,Jaipur,Online,Credit Card,1,2977.17,0.0,2977.17,2977.17,0,777.77,2024,3,March,Tuesday,2977.17,2977.17
2024-03-12,ORD033341,CUST01589,P009,T-Shirt,Fashion,Chennai,Store,Credit Card,1,1244.26,0.25,1244.26,933.2,0,155.13,2024,3,March,Tuesday,1244.26,933.1949999999999
2024-03-12,ORD016746,CUST02375,P011,Mixer Grinder,Home,Pune,Online,UPI,1,5002.76,0.05,5002.76,4752.62,0,415.64,2024,3,March,Tuesday,5002.76,4752.622
2024-03-12,ORD001003,CUST00028,P020,Microwave,Home,Delhi,Online,UPI,1,10428.5,0.2,10428.5,8342.8,0,431.21,2024,3,March,Tuesday,10428.5,8342.800000000001
2024-03-12,ORD011442,CUST00210,P016,Sofa,Furniture,Kolkata,Online,Net Banking,1,32946.82,0.1,32946.82,29652.14,0,8095.41,2024,3,March,Tuesday,32946.82,29652.138
2024-03-12,ORD001851,CUST01471,P016,Sofa,Furniture,Pune,Store,Credit Card,2,33685.28,0.1,67370.56,60633.5,0,6396.54,2024,3,March,Tuesday,67370.56,60633.504
2024-03-12,ORD002721,CUST00317,P002,Smartphone,Electronics,Delhi,Online,UPI,1,28684.97,0.1,28684.97,25816.47,0,6528.37,2024,3,March,Tuesday,28684.97,25816.473
2024-03-12,ORD014324,CUST01344,P018,Jacket,Fashion,Pune,Store,UPI,1,5365.43,0.1,5365.43,4828.89,0,1337.31,2024,3,March,Tuesday,5365.43,4828.887000000001
2024-03-12,ORD011862,CUST01102,P004,Smartwatch,Electronics,Surat,Online,UPI,1,6372.61,0.15,6372.61,5416.72,0,1072.29,2024,3,March,Tuesday,6372.61,5416.7185
2024-03-12,ORD016046,CUST02486,P015,Dining Table,Furniture,Mumbai,Online,UPI,1,21084.15,0.2,21084.15,16867.32,0,2776.84,2024,3,March,Tuesday,21084.15,16867.320000000003
2024-03-12,ORD024117,CUST03544,P016,Sofa,Furniture,Surat,Online,UPI,1,32081.32,0.05,32081.32,30477.25,0,5002.22,2024,3,March,Tuesday,32081.32,30477.253999999997
2024-03-12,ORD033808,CUST04976,P019,Vacuum Cleaner,Home,Surat,Online,UPI,1,9331.37,0.05,9331.37,8864.8,0,2288.78,2024,3,March,Tuesday,9331.37,8864.8015
2024-03-12,ORD038478,CUST01596,P012,Air Fryer,Home,Jaipur,Online,Credit Card,1,7686.44,0.1,7686.44,6917.8,0,566.51,2024,3,March,Tuesday,7686.44,6917.795999999999
2024-03-12,ORD004656,CUST02772,P008,Running Shoes,Fashion,Chennai,Store,UPI,1,4022.2,0.1,4022.2,3619.98,0,368.79,2024,3,March,Tuesday,4022.2,3619.98
2024-03-12,ORD035751,CUST04474,P007,Backpack,Accessories,Pune,Store,Credit Card,1,2108.89,0.1,2108.89,1898.0,0,241.43,2024,3,March,Tuesday,2108.89,1898.001
2024-03-12,ORD023953,CUST00774,P004,Smartwatch,Electronics,Jaipur,Online,Credit Card,1,6819.08,0.15,6819.08,5796.22,0,753.1,2024,3,March,Tuesday,6819.08,5796.218
2024-03-12,ORD044729,CUST04083,P002,Smartphone,Electronics,Chennai,Store,Cash,2,26253.65,0.15,52507.3,44631.2,0,5284.55,2024,3,March,Tuesday,52507.3,44631.205
2024-03-12,ORD012961,CUST00021,P019,Vacuum Cleaner,Home,Hyderabad,Online,UPI,1,8823.02,0.0,8823.02,8823.02,0,963.6,2024,3,March,Tuesday,8823.02,8823.02
2024-03-12,ORD024896,CUST00683,P006,Desk,Furniture,Hyderabad,Online,UPI,2,11001.17,0.1,22002.34,19802.11,0,2381.04,2024,3,March,Tuesday,22002.34,19802.106
2024-03-12,ORD023818,CUST00059,P006,Desk,Furniture,Hyderabad,Store,Credit Card,1,13186.34,0.05,13186.34,12527.02,0,1382.25,2024,3,March,Tuesday,13186.34,12527.023
2024-03-12,ORD017122,CUST01838,P005,Office Chair,Furniture,Pune,Online,UPI,1,10357.6,0.0,10357.6,10357.6,1,-517.88,2024,3,March,Tuesday,10357.6,10357.6
2024-03-12,ORD012856,CUST04593,P018,Jacket,Fashion,Jaipur,Online,Net Banking,1,5487.21,0.2,5487.21,4389.77,0,1066.43,2024,3,March,Tuesday,5487.21,4389.768
2024-03-12,ORD007952,CUST02648,P012,Air Fryer,Home,Pune,Online,UPI,3,7351.84,0.15,22055.52,18747.19,0,4377.9,2024,3,March,Tuesday,22055.52,18747.192
2024-03-12,ORD022816,CUST01785,P018,Jacket,Fashion,Chennai,Online,Debit Card,3,5446.52,0.1,16339.56,14705.6,1,-735.28,2024,3,March,Tuesday,16339.560000000001,14705.604
2024-03-12,ORD044430,CUST00230,P004,Smartwatch,Electronics,Kolkata,Online,UPI,4,7321.67,0.05,29286.68,27822.35,0,6595.2,2024,3,March,Tuesday,29286.68,27822.345999999998
2024-03-12,ORD033389,CUST03345,P009,T-Shirt,Fashion,Ahmedabad,Store,Credit Card,5,1318.95,0.15,6594.75,5605.54,1,-280.28,2024,3,March,Tuesday,6594.75,5605.537499999999
2024-03-12,ORD035514,CUST03925,P006,Desk,Furniture,Pune,Online,UPI,1,11193.9,0.1,11193.9,10074.51,0,1186.04,2024,3,March,Tuesday,11193.9,10074.51
2024-03-12,ORD030585,CUST04018,P015,Dining Table,Furniture,Mumbai,Store,Credit Card,1,22073.27,0.15,22073.27,18762.28,0,3770.25,2024,3,March,Tuesday,22073.27,18762.2795
2024-03-12,ORD011044,CUST00219,P017,Jeans,Fashion,Jaipur,Store,UPI,2,2706.93,0.0,5413.86,5413.86,0,1297.53,2024,3,March,Tuesday,5413.86,5413.86
2024-03-12,ORD049535,CUST02910,P008,Running Shoes,Fashion,Jaipur,Online,Credit Card,2,4417.63,0.0,8835.26,8835.26,1,-441.76,2024,3,March,Tuesday,8835.26,8835.26
2024-03-12,ORD047907,CUST01154,P017,Jeans,Fashion,Mumbai,Online,UPI,1,2524.86,0.1,2524.86,2272.37,0,183.68,2024,3,March,Tuesday,2524.86,2272.3740000000003
2024-03-12,ORD004476,CUST02030,P019,Vacuum Cleaner,Home,Ahmedabad,Online,UPI,1,8872.26,0.0,8872.26,8872.26,0,937.09,2024,3,March,Tuesday,8872.26,8872.26
2024-03-12,ORD023659,CUST02290,P006,Desk,Furniture,Ahmedabad,Store,Net Banking,1,12961.47,0.05,12961.47,12313.4,1,-615.67,2024,3,March,Tuesday,12961.47,12313.396499999999
2024-03-12,ORD030957,CUST00238,P011,Mixer Grinder,Home,Kolkata,Online,Net Banking,2,4376.45,0.1,8752.9,7877.61,0,1138.69,2024,3,March,Tuesday,8752.9,7877.61
2024-03-12,ORD047537,CUST01007,P007,Backpack,Accessories,Surat,Online,Debit Card,2,2165.76,0.2,4331.52,3465.22,0,424.09,2024,3,March,Tuesday,4331.52,3465.2160000000003
2024-03-12,ORD048976,CUST03687,P001,Laptop,Electronics,Delhi,Online,UPI,2,68377.46,0.2,136754.92,109403.94,0,17613.6,2024,3,March,Tuesday,136754.92,109403.93600000002
2024-03-12,ORD013277,CUST04041,P008,Running Shoes,Fashion,Chennai,Online,Credit Card,3,4521.21,0.1,13563.63,12207.27,0,2995.28,2024,3,March,Tuesday,13563.630000000001,12207.267
2024-03-12,ORD037691,CUST03664,P005,Office Chair,Furniture,Kolkata,Online,Cash,3,9607.56,0.05,28822.68,27381.55,0,6621.65,2024,3,March,Tuesday,28822.68,27381.546
2024-03-12,ORD007162,CUST02912,P007,Backpack,Accessories,Hyderabad,Online,UPI,1,2026.73,0.2,2026.73,1621.38,0,137.13,2024,3,March,Tuesday,2026.73,1621.384
2024-03-12,ORD025092,CUST01844,P014,Keyboard,Electronics,Jaipur,Online,Net Banking,1,2713.78,0.05,2713.78,2578.09,0,670.28,2024,3,March,Tuesday,2713.78,2578.091
2024-03-12,ORD017057,CUST04210,P007,Backpack,Accessories,Delhi,Store,Credit Card,1,1986.09,0.05,1986.09,1886.79,0,348.59,2024,3,March,Tuesday,1986.09,1886.7854999999997
2024-03-12,ORD026074,CUST02599,P012,Air Fryer,Home,Hyderabad,Online,Cash,4,7298.98,0.0,29195.92,29195.92,0,2536.24,2024,3,March,Tuesday,29195.92,29195.92
2024-03-12,ORD025636,CUST02419,P006,Desk,Furniture,Jaipur,Online,UPI,2,13146.73,0.05,26293.46,24978.79,0,4124.93,2024,3,March,Tuesday,26293.46,24978.786999999997
2024-03-12,ORD046714,CUST01010,P018,Jacket,Fashion,Ahmedabad,Store,UPI,2,5371.13,0.1,10742.26,9668.03,0,2423.31,2024,3,March,Tuesday,10742.26,9668.034
2024-03-12,ORD017364,CUST04553,P013,Monitor,Electronics,Delhi,Store,Credit Card,4,17606.93,0.05,70427.72,66906.33,0,11039.42,2024,3,March,Tuesday,70427.72,66906.334
2024-03-12,ORD029873,CUST02756,P011,Mixer Grinder,Home,Hyderabad,Online,UPI,1,4878.76,0.05,4878.76,4634.82,0,936.03,2024,3,March,Tuesday,4878.76,4634.822
2024-03-12,ORD019559,CUST03536,P011,Mixer Grinder,Home,Jaipur,Online,UPI,2,5147.75,0.05,10295.5,9780.72,0,991.25,2024,3,March,Tuesday,10295.5,9780.725
2024-03-12,ORD037936,CUST03542,P013,Monitor,Electronics,Ahmedabad,Store,Credit Card,1,18390.93,0.2,18390.93,14712.74,0,2977.03,2024,3,March,Tuesday,18390.93,14712.744
2024-03-12,ORD009161,CUST00531,P019,Vacuum Cleaner,Home,Surat,Online,UPI,2,9066.48,0.1,18132.96,16319.66,0,3159.02,2024,3,March,Tuesday,18132.96,16319.663999999999
2024-03-12,ORD025843,CUST04517,P004,Smartwatch,Electronics,Delhi,Online,UPI,1,6599.14,0.05,6599.14,6269.18,0,559.57,2024,3,March,Tuesday,6599.14,6269.183
2024-03-12,ORD027708,CUST02108,P006,Desk,Furniture,Chennai,Online,Debit Card,2,11720.41,0.2,23440.82,18752.66,0,1187.01,2024,3,March,Tuesday,23440.82,18752.656
2024-03-12,ORD023716,CUST01558,P015,Dining Table,Furniture,Chennai,Online,Credit Card,1,22300.41,0.05,22300.41,21185.39,1,-1059.27,2024,3,March,Tuesday,22300.41,21185.389499999997
2024-03-12,ORD026412,CUST03378,P010,Coffee Maker,Home,Mumbai,Online,UPI,3,5890.79,0.1,17672.37,15905.13,0,957.16,2024,3,March,Tuesday,17672.37,15905.133
2024-03-12,ORD000364,CUST01691,P012,Air Fryer,Home,Ahmedabad,Online,UPI,1,6821.97,0.1,6821.97,6139.77,0,1347.14,2024,3,March,Tuesday,6821.97,6139.773
2024-03-13,ORD034559,CUST00553,P013,Monitor,Electronics,Surat,Online,Credit Card,4,17200.61,0.0,68802.44,68802.44,1,-3440.12,2024,3,March,Wednesday,68802.44,68802.44
2024-03-13,ORD011161,CUST00260,P005,Office Chair,Furniture,Hyderabad,Online,UPI,5,10272.1,0.0,51360.5,51360.5,0,9296.7,2024,3,March,Wednesday,51360.5,51360.5
2024-03-13,ORD010852,CUST02218,P014,Keyboard,Electronics,Hyderabad,Store,Cash,1,2468.82,0.0,2468.82,2468.82,0,436.84,2024,3,March,Wednesday,2468.82,2468.82
2024-03-13,ORD033440,CUST02407,P012,Air Fryer,Home,Bengaluru,Online,Credit Card,1,7885.73,0.2,7885.73,6308.58,0,357.23,2024,3,March,Wednesday,7885.73,6308.584
2024-03-13,ORD023460,CUST00233,P016,Sofa,Furniture,Jaipur,Online,Debit Card,1,37756.88,0.2,37756.88,30205.5,0,5996.2,2024,3,March,Wednesday,37756.88,30205.504
2024-03-13,ORD036869,CUST00227,P009,T-Shirt,Fashion,Bengaluru,Online,Credit Card,2,1103.67,0.2,2207.34,1765.87,0,213.57,2024,3,March,Wednesday,2207.34,1765.8720000000003
2024-03-13,ORD010512,CUST03116,P015,Dining Table,Furniture,Chennai,Online,Credit Card,1,23729.56,0.15,23729.56,20170.13,0,1797.22,2024,3,March,Wednesday,23729.56,20170.126
2024-03-13,ORD011716,CUST00634,P014,Keyboard,Electronics,Kolkata,Store,Cash,2,2729.44,0.2,5458.88,4367.1,0,253.27,2024,3,March,Wednesday,5458.88,4367.104
2024-03-13,ORD005564,CUST02350,P007,Backpack,Accessories,Surat,Store,Credit Card,1,2142.32,0.1,2142.32,1928.09,0,285.63,2024,3,March,Wednesday,2142.32,1928.0880000000002
2024-03-13,ORD037253,CUST03182,P006,Desk,Furniture,Kolkata,Online,UPI,2,12893.84,0.1,25787.68,23208.91,0,1411.2,2024,3,March,Wednesday,25787.68,23208.912
2024-03-13,ORD006358,CUST04079,P007,Backpack,Accessories,Ahmedabad,Online,Credit Card,2,2177.32,0.1,4354.64,3919.18,0,945.22,2024,3,March,Wednesday,4354.64,3919.1760000000004
2024-03-13,ORD022752,CUST02783,P010,Coffee Maker,Home,Ahmedabad,Online,Credit Card,2,5746.8,0.1,11493.6,10344.24,0,2443.69,2024,3,March,Wednesday,11493.6,10344.24
2024-03-13,ORD022099,CUST00803,P010,Coffee Maker,Home,Pune,Store,Cash,1,6030.84,0.1,6030.84,5427.76,0,417.29,2024,3,March,Wednesday,6030.84,5427.756
2024-03-13,ORD000370,CUST01306,P014,Keyboard,Electronics,Pune,Store,Credit Card,1,2344.7,0.2,2344.7,1875.76,0,99.83,2024,3,March,Wednesday,2344.7,1875.76
2024-03-13,ORD047508,CUST00094,P004,Smartwatch,Electronics,Chennai,Store,Net Banking,5,7527.84,0.05,37639.2,35757.24,0,6048.04,2024,3,March,Wednesday,37639.2,35757.24
2024-03-13,ORD023075,CUST02004,P012,Air Fryer,Home,Mumbai,Store,UPI,3,7696.36,0.05,23089.08,21934.63,0,5064.27,2024,3,March,Wednesday,23089.079999999998,21934.626
2024-03-13,ORD022929,CUST00519,P006,Desk,Furniture,Jaipur,Online,UPI,2,11241.04,0.15,22482.08,19109.77,0,4800.4,2024,3,March,Wednesday,22482.08,19109.768
2024-03-13,ORD006309,CUST02115,P005,Office Chair,Furniture,Ahmedabad,Store,Debit Card,2,9616.95,0.05,19233.9,18272.21,0,4080.3,2024,3,March,Wednesday,19233.9,18272.205
2024-03-13,ORD034839,CUST03486,P017,Jeans,Fashion,Chennai,Store,UPI,2,2869.45,0.0,5738.9,5738.9,0,917.88,2024,3,March,Wednesday,5738.9,5738.9
2024-03-13,ORD039213,CUST04900,P002,Smartphone,Electronics,Delhi,Online,UPI,1,28342.86,0.2,28342.86,22674.29,0,5130.09,2024,3,March,Wednesday,28342.86,22674.288
2024-03-13,ORD043670,CUST01865,P002,Smartphone,Electronics,Jaipur,Store,Debit Card,4,27007.18,0.15,108028.72,91824.41,0,20983.65,2024,3,March,Wednesday,108028.72,91824.412
2024-03-13,ORD005024,CUST02006,P006,Desk,Furniture,Surat,Store,Debit Card,1,12179.55,0.2,12179.55,9743.64,0,1384.05,2024,3,March,Wednesday,12179.55,9743.64
2024-03-13,ORD029622,CUST01797,P014,Keyboard,Electronics,Hyderabad,Online,Credit Card,1,2684.45,0.15,2684.45,2281.78,0,488.73,2024,3,March,Wednesday,2684.45,2281.7825
2024-03-13,ORD028242,CUST02657,P020,Microwave,Home,Ahmedabad,Store,Net Banking,1,12067.94,0.1,12067.94,10861.15,0,2777.81,2024,3,March,Wednesday,12067.94,10861.146
2024-03-13,ORD042488,CUST04762,P004,Smartwatch,Electronics,Hyderabad,Online,Net Banking,1,6649.32,0.15,6649.32,5651.92,0,752.08,2024,3,March,Wednesday,6649.32,5651.922
2024-03-13,ORD017714,CUST02156,P001,Laptop,Electronics,Surat,Store,Cash,1,64321.41,0.1,64321.41,57889.27,0,8570.15,2024,3,March,Wednesday,64321.41,57889.26900000001
2024-03-13,ORD008978,CUST00852,P019,Vacuum Cleaner,Home,Kolkata,Online,UPI,1,8269.4,0.0,8269.4,8269.4,0,1908.91,2024,3,March,Wednesday,8269.4,8269.4
2024-03-13,ORD000684,CUST03588,P016,Sofa,Furniture,Jaipur,Store,Credit Card,1,35461.22,0.05,35461.22,33688.16,0,2651.35,2024,3,March,Wednesday,35461.22,33688.159
2024-03-13,ORD021806,CUST04821,P013,Monitor,Electronics,Mumbai,Store,Debit Card,1,19102.27,0.0,19102.27,19102.27,0,4605.2,2024,3,March,Wednesday,19102.27,19102.27
2024-03-13,ORD017910,CUST01816,P008,Running Shoes,Fashion,Mumbai,Online,Credit Card,1,3820.94,0.0,3820.94,3820.94,0,426.03,2024,3,March,Wednesday,3820.94,3820.94
2024-03-13,ORD013725,CUST00805,P002,Smartphone,Electronics,Ahmedabad,Store,Credit Card,4,30019.6,0.1,120078.4,108070.56,0,21219.51,2024,3,March,Wednesday,120078.4,108070.56
2024-03-13,ORD040223,CUST02668,P002,Smartphone,Electronics,Ahmedabad,Online,Credit Card,4,26603.66,0.1,106414.64,95773.18,0,23215.83,2024,3,March,Wednesday,106414.64,95773.176
2024-03-13,ORD048391,CUST00305,P009,T-Shirt,Fashion,Kolkata,Store,UPI,1,1101.85,0.1,1101.85,991.66,0,263.71,2024,3,March,Wednesday,1101.85,991.665
2024-03-13,ORD029623,CUST01959,P004,Smartwatch,Electronics,Hyderabad,Online,Debit Card,1,6333.54,0.05,6333.54,6016.86,0,729.84,2024,3,March,Wednesday,6333.54,6016.862999999999
2024-03-13,ORD009042,CUST03562,P013,Monitor,Electronics,Kolkata,Store,UPI,2,18373.31,0.15,36746.62,31234.63,0,7172.38,2024,3,March,Wednesday,36746.62,31234.627
2024-03-13,ORD032619,CUST03926,P015,Dining Table,Furniture,Bengaluru,Online,Credit Card,1,23340.06,0.0,23340.06,23340.06,0,2168.08,2024,3,March,Wednesday,23340.06,23340.06
2024-03-13,ORD032145,CUST00099,P014,Keyboard,Electronics,Mumbai,Online,Credit Card,1,2382.1,0.1,2382.1,2143.89,0,596.45,2024,3,March,Wednesday,2382.1,2143.89
2024-03-13,ORD031332,CUST01159,P004,Smartwatch,Electronics,Pune,Store,Credit Card,1,6355.34,0.1,6355.34,5719.81,0,1170.04,2024,3,March,Wednesday,6355.34,5719.8060000000005
2024-03-13,ORD046906,CUST02222,P011,Mixer Grinder,Home,Bengaluru,Online,UPI,1,5179.47,0.0,5179.47,5179.47,0,509.99,2024,3,March,Wednesday,5179.47,5179.47
2024-03-13,ORD041366,CUST03861,P006,Desk,Furniture,Delhi,Online,UPI,1,11117.41,0.1,11117.41,10005.67,0,2741.66,2024,3,March,Wednesday,11117.41,10005.669
2024-03-13,ORD041384,CUST02266,P017,Jeans,Fashion,Chennai,Online,UPI,1,2820.16,0.1,2820.16,2538.14,0,278.58,2024,3,March,Wednesday,2820.16,2538.144
2024-03-13,ORD017188,CUST04178,P014,Keyboard,Electronics,Chennai,Online,UPI,1,2383.66,0.05,2383.66,2264.48,0,332.19,2024,3,March,Wednesday,2383.66,2264.477
2024-03-13,ORD048593,CUST01258,P018,Jacket,Fashion,Bengaluru,Store,Cash,1,5309.38,0.05,5309.38,5043.91,0,1257.32,2024,3,March,Wednesday,5309.38,5043.911
2024-03-13,ORD042055,CUST04398,P008,Running Shoes,Fashion,Jaipur,Online,UPI,3,4514.07,0.05,13542.21,12865.1,1,-643.26,2024,3,March,Wednesday,13542.21,12865.099499999998
2024-03-13,ORD017269,CUST02951,P013,Monitor,Electronics,Kolkata,Online,UPI,1,16404.7,0.1,16404.7,14764.23,0,2427.44,2024,3,March,Wednesday,16404.7,14764.230000000001
2024-03-13,ORD020514,CUST02469,P005,Office Chair,Furniture,Kolkata,Online,Debit Card,1,9529.18,0.05,9529.18,9052.72,0,1799.26,2024,3,March,Wednesday,9529.18,9052.721
2024-03-13,ORD004644,CUST04791,P009,T-Shirt,Fashion,Jaipur,Online,Cash,3,1249.95,0.05,3749.85,3562.36,0,322.72,2024,3,March,Wednesday,3749.8500000000004,3562.3574999999996
2024-03-13,ORD032968,CUST00550,P015,Dining Table,Furniture,Surat,Online,Credit Card,2,22967.47,0.0,45934.94,45934.94,0,11602.89,2024,3,March,Wednesday,45934.94,45934.94
2024-03-13,ORD043014,CUST01190,P010,Coffee Maker,Home,Kolkata,Online,Net Banking,4,5559.73,0.15,22238.92,18903.08,1,-945.15,2024,3,March,Wednesday,22238.92,18903.082
2024-03-13,ORD038618,CUST02854,P003,Headphones,Electronics,Hyderabad,Store,UPI,1,4722.32,0.0,4722.32,4722.32,0,554.27,2024,3,March,Wednesday,4722.32,4722.32
2024-03-13,ORD015936,CUST00245,P016,Sofa,Furniture,Mumbai,Online,UPI,1,32606.96,0.0,32606.96,32606.96,0,3565.23,2024,3,March,Wednesday,32606.96,32606.96
2024-03-13,ORD042810,CUST03111,P011,Mixer Grinder,Home,Chennai,Online,Credit Card,1,4714.6,0.05,4714.6,4478.87,0,1195.85,2024,3,March,Wednesday,4714.6,4478.87
2024-03-13,ORD020649,CUST03125,P006,Desk,Furniture,Chennai,Online,Credit Card,2,13000.24,0.1,26000.48,23400.43,0,5420.86,2024,3,March,Wednesday,26000.48,23400.432
2024-03-13,ORD033336,CUST00567,P016,Sofa,Furniture,Bengaluru,Store,UPI,1,35775.41,0.1,35775.41,32197.87,0,5187.98,2024,3,March,Wednesday,35775.41,32197.869000000002
2024-03-13,ORD027933,CUST03026,P006,Desk,Furniture,Surat,Store,UPI,1,12724.83,0.15,12724.83,10816.11,0,1734.62,2024,3,March,Wednesday,12724.83,10816.1055
2024-03-13,ORD013505,CUST00731,P017,Jeans,Fashion,Pune,Store,Credit Card,1,2531.69,0.15,2531.69,2151.94,0,204.81,2024,3,March,Wednesday,2531.69,2151.9365
2024-03-13,ORD016622,CUST04140,P014,Keyboard,Electronics,Chennai,Online,Credit Card,1,2726.18,0.05,2726.18,2589.87,0,205.81,2024,3,March,Wednesday,2726.18,2589.8709999999996
2024-03-13,ORD045293,CUST04034,P015,Dining Table,Furniture,Hyderabad,Online,UPI,5,21116.94,0.15,105584.7,89747.0,0,14318.35,2024,3,March,Wednesday,105584.7,89746.995
2024-03-13,ORD027318,CUST01690,P017,Jeans,Fashion,Pune,Online,Net Banking,2,2951.47,0.1,5902.94,5312.65,0,1461.07,2024,3,March,Wednesday,5902.94,5312.646
2024-03-14,ORD001205,CUST03847,P011,Mixer Grinder,Home,Pune,Online,Credit Card,5,5182.3,0.15,25911.5,22024.78,0,5908.11,2024,3,March,Thursday,25911.5,22024.774999999998
2024-03-14,ORD018912,CUST04710,P015,Dining Table,Furniture,Delhi,Store,Credit Card,1,19800.64,0.0,19800.64,19800.64,0,3555.52,2024,3,March,Thursday,19800.64,19800.64
2024-03-14,ORD037811,CUST03478,P002,Smartphone,Electronics,Pune,Online,UPI,1,26554.33,0.1,26554.33,23898.9,0,4785.38,2024,3,March,Thursday,26554.33,23898.897
2024-03-14,ORD019143,CUST03168,P019,Vacuum Cleaner,Home,Pune,Store,UPI,1,8321.88,0.0,8321.88,8321.88,0,982.87,2024,3,March,Thursday,8321.88,8321.88
2024-03-14,ORD028149,CUST03432,P002,Smartphone,Electronics,Bengaluru,Online,Credit Card,1,28319.42,0.05,28319.42,26903.45,0,3818.61,2024,3,March,Thursday,28319.42,26903.448999999997
2024-03-14,ORD033394,CUST03773,P007,Backpack,Accessories,Chennai,Online,Cash,1,1994.07,0.1,1994.07,1794.66,0,337.18,2024,3,March,Thursday,1994.07,1794.663
2024-03-14,ORD019327,CUST00143,P015,Dining Table,Furniture,Pune,Online,Credit Card,3,22071.09,0.1,66213.27,59591.94,0,14068.22,2024,3,March,Thursday,66213.27,59591.94300000001
2024-03-14,ORD043083,CUST02184,P001,Laptop,Electronics,Ahmedabad,Online,UPI,1,63922.8,0.1,63922.8,57530.52,0,3852.44,2024,3,March,Thursday,63922.8,57530.520000000004
2024-03-14,ORD031092,CUST00030,P002,Smartphone,Electronics,Delhi,Store,Debit Card,1,25261.95,0.15,25261.95,21472.66,0,5720.33,2024,3,March,Thursday,25261.95,21472.6575
2024-03-14,ORD004863,CUST04975,P007,Backpack,Accessories,Ahmedabad,Online,Credit Card,1,2076.63,0.15,2076.63,1765.14,0,350.0,2024,3,March,Thursday,2076.63,1765.1355
2024-03-14,ORD034224,CUST02932,P011,Mixer Grinder,Home,Ahmedabad,Store,Credit Card,1,5048.51,0.1,5048.51,4543.66,0,1027.36,2024,3,March,Thursday,5048.51,4543.659000000001
2024-03-14,ORD000724,CUST02109,P012,Air Fryer,Home,Surat,Online,UPI,1,7492.13,0.1,7492.13,6742.92,0,692.05,2024,3,March,Thursday,7492.13,6742.917
2024-03-14,ORD047570,CUST03691,P008,Running Shoes,Fashion,Ahmedabad,Store,UPI,1,4347.4,0.0,4347.4,4347.4,0,550.68,2024,3,March,Thursday,4347.4,4347.4
2024-03-14,ORD018297,CUST02429,P017,Jeans,Fashion,Mumbai,Store,Cash,1,2521.54,0.1,2521.54,2269.39,0,574.1,2024,3,March,Thursday,2521.54,2269.386
2024-03-14,ORD034536,CUST03586,P006,Desk,Furniture,Mumbai,Online,Debit Card,3,11769.19,0.05,35307.57,33542.19,0,6454.88,2024,3,March,Thursday,35307.57,33542.1915
2024-03-14,ORD002246,CUST00571,P014,Keyboard,Electronics,Mumbai,Online,Net Banking,4,2678.11,0.05,10712.44,10176.82,0,1830.71,2024,3,March,Thursday,10712.44,10176.818
2024-03-14,ORD024000,CUST04353,P007,Backpack,Accessories,Hyderabad,Store,UPI,1,2227.89,0.1,2227.89,2005.1,0,452.61,2024,3,March,Thursday,2227.89,2005.1009999999999
2024-03-14,ORD032818,CUST03019,P002,Smartphone,Electronics,Ahmedabad,Online,Credit Card,2,30421.1,0.0,60842.2,60842.2,0,16224.92,2024,3,March,Thursday,60842.2,60842.2
2024-03-14,ORD020466,CUST00333,P008,Running Shoes,Fashion,Delhi,Online,Credit Card,3,4541.1,0.15,13623.3,11579.8,0,2486.38,2024,3,March,Thursday,13623.300000000001,11579.804999999998
2024-03-14,ORD006116,CUST00571,P003,Headphones,Electronics,Bengaluru,Online,UPI,1,4726.04,0.05,4726.04,4489.74,1,-224.49,2024,3,March,Thursday,4726.04,4489.737999999999
2024-03-14,ORD049848,CUST03428,P016,Sofa,Furniture,Chennai,Store,UPI,1,37224.66,0.1,37224.66,33502.19,0,6881.48,2024,3,March,Thursday,37224.66,33502.194
2024-03-14,ORD044382,CUST02356,P006,Desk,Furniture,Kolkata,Online,UPI,1,12682.29,0.15,12682.29,10779.95,0,1042.45,2024,3,March,Thursday,12682.29,10779.9465
2024-03-14,ORD013266,CUST04281,P015,Dining Table,Furniture,Jaipur,Online,Credit Card,1,21078.07,0.1,21078.07,18970.26,0,1356.12,2024,3,March,Thursday,21078.07,18970.263
2024-03-14,ORD012092,CUST03418,P008,Running Shoes,Fashion,Kolkata,Store,UPI,2,3861.74,0.0,7723.48,7723.48,0,1841.79,2024,3,March,Thursday,7723.48,7723.48
2024-03-14,ORD015743,CUST04550,P020,Microwave,Home,Delhi,Store,Net Banking,2,10002.03,0.25,20004.06,15003.05,0,2239.27,2024,3,March,Thursday,20004.06,15003.045000000002
2024-03-14,ORD011385,CUST04066,P001,Laptop,Electronics,Bengaluru,Online,Credit Card,2,63070.49,0.15,126140.98,107219.83,0,7378.07,2024,3,March,Thursday,126140.98,107219.833
2024-03-14,ORD007718,CUST02715,P005,Office Chair,Furniture,Surat,Online,Credit Card,3,9734.64,0.0,29203.92,29203.92,0,4802.53,2024,3,March,Thursday,29203.92,29203.92
2024-03-14,ORD049551,CUST01287,P017,Jeans,Fashion,Pune,Store,Credit Card,1,2726.73,0.15,2726.73,2317.72,0,330.32,2024,3,March,Thursday,2726.73,2317.7205
2024-03-14,ORD038089,CUST03267,P003,Headphones,Electronics,Surat,Store,Credit Card,1,4418.24,0.0,4418.24,4418.24,0,1004.54,2024,3,March,Thursday,4418.24,4418.24
2024-03-14,ORD012863,CUST02192,P003,Headphones,Electronics,Chennai,Store,Debit Card,2,4659.91,0.0,9319.82,9319.82,1,-465.99,2024,3,March,Thursday,9319.82,9319.82
2024-03-14,ORD031872,CUST01584,P001,Laptop,Electronics,Jaipur,Online,UPI,2,67560.19,0.0,135120.38,135120.38,0,25257.16,2024,3,March,Thursday,135120.38,135120.38
2024-03-14,ORD019216,CUST04778,P005,Office Chair,Furniture,Hyderabad,Online,Credit Card,1,8917.0,0.05,8917.0,8471.15,0,1940.02,2024,3,March,Thursday,8917.0,8471.15
2024-03-14,ORD013034,CUST02588,P017,Jeans,Fashion,Chennai,Online,Credit Card,2,3028.95,0.15,6057.9,5149.21,0,433.71,2024,3,March,Thursday,6057.9,5149.214999999999
2024-03-14,ORD025043,CUST00975,P012,Air Fryer,Home,Bengaluru,Store,Credit Card,1,7143.89,0.0,7143.89,7143.89,0,2009.28,2024,3,March,Thursday,7143.89,7143.89
2024-03-14,ORD023115,CUST01944,P006,Desk,Furniture,Delhi,Online,Credit Card,1,12241.16,0.0,12241.16,12241.16,0,2542.86,2024,3,March,Thursday,12241.16,12241.16
2024-03-14,ORD047656,CUST03750,P002,Smartphone,Electronics,Pune,Store,Net Banking,1,26014.58,0.0,26014.58,26014.58,0,4371.52,2024,3,March,Thursday,26014.58,26014.58
2024-03-14,ORD007364,CUST00257,P014,Keyboard,Electronics,Chennai,Online,Credit Card,3,2365.49,0.1,7096.47,6386.82,0,411.87,2024,3,March,Thursday,7096.469999999999,6386.823
2024-03-14,ORD013236,CUST04071,P014,Keyboard,Electronics,Jaipur,Online,Net Banking,2,2262.87,0.1,4525.74,4073.17,0,875.47,2024,3,March,Thursday,4525.74,4073.1659999999997
2024-03-14,ORD028037,CUST04021,P008,Running Shoes,Fashion,Pune,Online,UPI,1,4367.83,0.05,4367.83,4149.44,0,706.62,2024,3,March,Thursday,4367.83,4149.438499999999
2024-03-14,ORD042772,CUST02886,P003,Headphones,Electronics,Surat,Online,Debit Card,4,4734.43,0.0,18937.72,18937.72,1,-946.89,2024,3,March,Thursday,18937.72,18937.72
2024-03-14,ORD001656,CUST02874,P009,T-Shirt,Fashion,Chennai,Online,UPI,1,1203.4,0.15,1203.4,1022.89,0,68.08,2024,3,March,Thursday,1203.4,1022.8900000000001
2024-03-14,ORD003464,CUST02413,P002,Smartphone,Electronics,Kolkata,Online,UPI,3,26617.37,0.0,79852.11,79852.11,0,14532.83,2024,3,March,Thursday,79852.11,79852.11
2024-03-14,ORD032008,CUST02107,P007,Backpack,Accessories,Ahmedabad,Online,Cash,1,2223.96,0.05,2223.96,2112.76,0,566.43,2024,3,March,Thursday,2223.96,2112.7619999999997
2024-03-14,ORD003518,CUST01985,P005,Office Chair,Furniture,Ahmedabad,Store,Credit Card,1,8856.43,0.2,8856.43,7085.14,0,938.9,2024,3,March,Thursday,8856.43,7085.144
2024-03-14,ORD043806,CUST04498,P007,Backpack,Accessories,Kolkata,Store,Credit Card,1,2043.66,0.05,2043.66,1941.48,0,337.82,2024,3,March,Thursday,2043.66,1941.477
2024-03-14,ORD037241,CUST03810,P003,Headphones,Electronics,Chennai,Online,UPI,3,4638.59,0.0,13915.77,13915.77,0,2663.3,2024,3,March,Thursday,13915.77,13915.77
2024-03-14,ORD031562,CUST00060,P001,Laptop,Electronics,Bengaluru,Online,Credit Card,1,65458.52,0.25,65458.52,49093.89,0,3614.43,2024,3,March,Thursday,65458.52,49093.89
2024-03-14,ORD049600,CUST02824,P016,Sofa,Furniture,Mumbai,Online,Debit Card,1,35456.14,0.1,35456.14,31910.53,0,3823.82,2024,3,March,Thursday,35456.14,31910.526
2024-03-14,ORD010064,CUST00836,P009,T-Shirt,Fashion,Pune,Online,UPI,1,1127.0,0.1,1127.0,1014.3,0,152.15,2024,3,March,Thursday,1127.0,1014.3000000000001
2024-03-14,ORD018661,CUST02861,P017,Jeans,Fashion,Hyderabad,Online,Debit Card,1,2858.58,0.0,2858.58,2858.58,0,684.76,2024,3,March,Thursday,2858.58,2858.58
2024-03-14,ORD017920,CUST03141,P008,Running Shoes,Fashion,Delhi,Online,UPI,1,4580.48,0.25,4580.48,3435.36,0,756.87,2024,3,March,Thursday,4580.48,3435.3599999999997
2024-03-14,ORD015102,CUST00268,P010,Coffee Maker,Home,Mumbai,Online,Net Banking,2,5671.85,0.05,11343.7,10776.52,0,774.05,2024,3,March,Thursday,11343.7,10776.515
2024-03-14,ORD016951,CUST03840,P008,Running Shoes,Fashion,Jaipur,Store,UPI,1,4464.07,0.25,4464.07,3348.05,1,-167.4,2024,3,March,Thursday,4464.07,3348.0525
2024-03-15,ORD021035,CUST00583,P002,Smartphone,Electronics,Surat,Store,Credit Card,1,30116.86,0.05,30116.86,28611.02,0,2831.75,2024,3,March,Friday,30116.86,28611.017
2024-03-15,ORD035508,CUST03601,P017,Jeans,Fashion,Mumbai,Store,Net Banking,2,2543.98,0.1,5087.96,4579.16,1,-228.96,2024,3,March,Friday,5087.96,4579.164
2024-03-15,ORD000419,CUST00366,P016,Sofa,Furniture,Surat,Online,Net Banking,1,36414.75,0.15,36414.75,30952.54,0,6148.59,2024,3,March,Friday,36414.75,30952.5375
2024-03-15,ORD042803,CUST04021,P001,Laptop,Electronics,Mumbai,Online,Credit Card,1,64534.52,0.0,64534.52,64534.52,0,7008.17,2024,3,March,Friday,64534.52,64534.52
2024-03-15,ORD031520,CUST03663,P004,Smartwatch,Electronics,Ahmedabad,Online,Cash,1,7294.53,0.0,7294.53,7294.53,0,1140.91,2024,3,March,Friday,7294.53,7294.53
2024-03-15,ORD045721,CUST00612,P003,Headphones,Electronics,Bengaluru,Online,UPI,1,4349.38,0.1,4349.38,3914.44,0,808.14,2024,3,March,Friday,4349.38,3914.442
2024-03-15,ORD012420,CUST03734,P014,Keyboard,Electronics,Pune,Store,UPI,3,2745.2,0.15,8235.6,7000.26,0,680.17,2024,3,March,Friday,8235.599999999999,7000.26
2024-03-15,ORD016481,CUST03774,P006,Desk,Furniture,Jaipur,Online,UPI,2,12061.37,0.0,24122.74,24122.74,0,3760.49,2024,3,March,Friday,24122.74,24122.74
2024-03-15,ORD001471,CUST04054,P014,Keyboard,Electronics,Jaipur,Store,UPI,1,2375.32,0.0,2375.32,2375.32,0,320.59,2024,3,March,Friday,2375.32,2375.32
2024-03-15,ORD015471,CUST01716,P007,Backpack,Accessories,Chennai,Online,Debit Card,1,2262.77,0.1,2262.77,2036.49,0,147.14,2024,3,March,Friday,2262.77,2036.493
2024-03-15,ORD026324,CUST04429,P011,Mixer Grinder,Home,Surat,Online,UPI,1,4673.45,0.05,4673.45,4439.78,0,1204.99,2024,3,March,Friday,4673.45,4439.777499999999
2024-03-15,ORD042000,CUST01984,P009,T-Shirt,Fashion,Mumbai,Store,Credit Card,4,1311.03,0.2,5244.12,4195.3,0,680.01,2024,3,March,Friday,5244.12,4195.296
2024-03-15,ORD015615,CUST04518,P018,Jacket,Fashion,Mumbai,Store,Debit Card,2,5500.31,0.1,11000.62,9900.56,0,918.13,2024,3,March,Friday,11000.62,9900.558
2024-03-15,ORD028685,CUST04988,P006,Desk,Furniture,Surat,Store,Credit Card,1,11262.24,0.0,11262.24,11262.24,0,1205.94,2024,3,March,Friday,11262.24,11262.24
2024-03-15,ORD005355,CUST04283,P019,Vacuum Cleaner,Home,Kolkata,Online,Cash,1,9228.8,0.15,9228.8,7844.48,0,1534.78,2024,3,March,Friday,9228.8,7844.48
2024-03-15,ORD004693,CUST00828,P011,Mixer Grinder,Home,Delhi,Online,UPI,1,4464.28,0.0,4464.28,4464.28,0,936.44,2024,3,March,Friday,4464.28,4464.28
2024-03-15,ORD046651,CUST04630,P008,Running Shoes,Fashion,Surat,Store,Credit Card,1,3957.45,0.15,3957.45,3363.83,0,759.12,2024,3,March,Friday,3957.45,3363.8325
2024-03-15,ORD017863,CUST02235,P003,Headphones,Electronics,Chennai,Store,UPI,1,4692.89,0.05,4692.89,4458.25,0,1160.12,2024,3,March,Friday,4692.89,4458.2455
2024-03-15,ORD027747,CUST01838,P019,Vacuum Cleaner,Home,Chennai,Store,Debit Card,1,8924.23,0.05,8924.23,8478.02,0,668.77,2024,3,March,Friday,8924.23,8478.018499999998
2024-03-15,ORD042747,CUST03417,P017,Jeans,Fashion,Ahmedabad,Store,Credit Card,1,2570.84,0.25,2570.84,1928.13,1,-96.41,2024,3,March,Friday,2570.84,1928.13
2024-03-15,ORD016119,CUST02074,P013,Monitor,Electronics,Kolkata,Store,UPI,2,16336.53,0.0,32673.06,32673.06,0,6968.44,2024,3,March,Friday,32673.06,32673.06
2024-03-15,ORD011703,CUST03038,P016,Sofa,Furniture,Hyderabad,Store,UPI,1,36394.93,0.0,36394.93,36394.93,0,8909.31,2024,3,March,Friday,36394.93,36394.93
2024-03-15,ORD038832,CUST03099,P006,Desk,Furniture,Delhi,Store,Debit Card,2,12774.49,0.05,25548.98,24271.53,0,2308.49,2024,3,March,Friday,25548.98,24271.531
2024-03-15,ORD022918,CUST03438,P020,Microwave,Home,Kolkata,Online,Credit Card,4,11584.78,0.25,46339.12,34754.34,0,4710.05,2024,3,March,Friday,46339.12,34754.340000000004
2024-03-15,ORD031609,CUST04750,P009,T-Shirt,Fashion,Pune,Store,Debit Card,1,1298.19,0.05,1298.19,1233.28,0,296.66,2024,3,March,Friday,1298.19,1233.2805
2024-03-15,ORD043386,CUST00858,P005,Office Chair,Furniture,Pune,Online,Credit Card,1,9449.36,0.1,9449.36,8504.42,0,1443.36,2024,3,March,Friday,9449.36,8504.424
2024-03-15,ORD047211,CUST01628,P001,Laptop,Electronics,Jaipur,Online,Credit Card,1,67825.86,0.1,67825.86,61043.27,0,6349.49,2024,3,March,Friday,67825.86,61043.274000000005
2024-03-15,ORD032810,CUST00169,P014,Keyboard,Electronics,Bengaluru,Online,Debit Card,1,2508.56,0.0,2508.56,2508.56,0,255.23,2024,3,March,Friday,2508.56,2508.56
2024-03-15,ORD029329,CUST03066,P008,Running Shoes,Fashion,Bengaluru,Online,Credit Card,3,4216.9,0.15,12650.7,10753.1,0,2635.01,2024,3,March,Friday,12650.699999999999,10753.095000000001
2024-03-15,ORD044486,CUST02474,P012,Air Fryer,Home,Hyderabad,Online,UPI,1,7537.91,0.1,7537.91,6784.12,0,1262.39,2024,3,March,Friday,7537.91,6784.119
2024-03-15,ORD022633,CUST01421,P001,Laptop,Electronics,Ahmedabad,Store,Cash,2,66380.45,0.1,132760.9,119484.81,0,24650.06,2024,3,March,Friday,132760.9,119484.81
2024-03-15,ORD030836,CUST01061,P016,Sofa,Furniture,Jaipur,Online,Cash,1,32636.67,0.05,32636.67,31004.84,0,7233.74,2024,3,March,Friday,32636.67,31004.836499999998
2024-03-15,ORD010651,CUST03032,P013,Monitor,Electronics,Delhi,Online,UPI,1,16335.14,0.15,16335.14,13884.87,0,2352.1,2024,3,March,Friday,16335.14,13884.868999999999
2024-03-15,ORD047847,CUST01693,P003,Headphones,Electronics,Jaipur,Online,Debit Card,1,4613.36,0.15,4613.36,3921.36,1,-196.07,2024,3,March,Friday,4613.36,3921.3559999999998
2024-03-15,ORD038391,CUST00856,P019,Vacuum Cleaner,Home,Bengaluru,Store,Cash,2,8385.68,0.0,16771.36,16771.36,0,1935.11,2024,3,March,Friday,16771.36,16771.36
2024-03-15,ORD045982,CUST04693,P008,Running Shoes,Fashion,Chennai,Store,Debit Card,1,3855.85,0.1,3855.85,3470.26,0,765.88,2024,3,March,Friday,3855.85,3470.265
2024-03-15,ORD044058,CUST04031,P020,Microwave,Home,Hyderabad,Online,UPI,1,11794.1,0.2,11794.1,9435.28,0,2312.22,2024,3,March,Friday,11794.1,9435.28
2024-03-15,ORD011411,CUST00855,P003,Headphones,Electronics,Ahmedabad,Store,Cash,5,4551.26,0.1,22756.3,20480.67,0,4904.44,2024,3,March,Friday,22756.300000000003,20480.67
2024-03-15,ORD037829,CUST04283,P008,Running Shoes,Fashion,Bengaluru,Online,UPI,1,4155.17,0.0,4155.17,4155.17,0,408.96,2024,3,March,Friday,4155.17,4155.17
2024-03-15,ORD035658,CUST02459,P003,Headphones,Electronics,Surat,Store,Cash,1,4087.42,0.05,4087.42,3883.05,0,472.97,2024,3,March,Friday,4087.42,3883.049
2024-03-15,ORD025933,CUST01873,P015,Dining Table,Furniture,Kolkata,Store,Credit Card,1,19912.78,0.0,19912.78,19912.78,0,3367.62,2024,3,March,Friday,19912.78,19912.78
2024-03-15,ORD025740,CUST01849,P008,Running Shoes,Fashion,Pune,Store,UPI,2,4048.77,0.05,8097.54,7692.66,0,894.57,2024,3,March,Friday,8097.54,7692.663
2024-03-15,ORD027920,CUST01068,P004,Smartwatch,Electronics,Delhi,Online,Debit Card,2,7391.14,0.1,14782.28,13304.05,0,3713.96,2024,3,March,Friday,14782.28,13304.052000000001
2024-03-15,ORD011391,CUST01896,P010,Coffee Maker,Home,Jaipur,Store,Credit Card,1,5834.02,0.0,5834.02,5834.02,0,829.81,2024,3,March,Friday,5834.02,5834.02
2024-03-15,ORD005969,CUST00250,P007,Backpack,Accessories,Bengaluru,Online,UPI,1,2207.67,0.0,2207.67,2207.67,0,355.16,2024,3,March,Friday,2207.67,2207.67
2024-03-15,ORD001668,CUST02926,P007,Backpack,Accessories,Bengaluru,Store,Debit Card,1,2377.28,0.0,2377.28,2377.28,0,459.64,2024,3,March,Friday,2377.28,2377.28
2024-03-15,ORD040401,CUST04434,P007,Backpack,Accessories,Mumbai,Online,Cash,1,2308.0,0.0,2308.0,2308.0,0,630.17,2024,3,March,Friday,2308.0,2308.0
2024-03-15,ORD047358,CUST00861,P019,Vacuum Cleaner,Home,Jaipur,Online,Net Banking,1,8829.39,0.2,8829.39,7063.51,0,1822.81,2024,3,March,Friday,8829.39,7063.512
2024-03-15,ORD005948,CUST04233,P014,Keyboard,Electronics,Hyderabad,Store,Net Banking,2,2450.68,0.05,4901.36,4656.29,0,424.93,2024,3,March,Friday,4901.36,4656.2919999999995
2024-03-15,ORD030239,CUST04935,P009,T-Shirt,Fashion,Kolkata,Online,Credit Card,1,1230.03,0.1,1230.03,1107.03,0,148.99,2024,3,March,Friday,1230.03,1107.027
2024-03-15,ORD037908,CUST04878,P007,Backpack,Accessories,Ahmedabad,Online,Credit Card,1,2033.94,0.1,2033.94,1830.55,0,431.31,2024,3,March,Friday,2033.94,1830.546
2024-03-15,ORD012513,CUST03085,P010,Coffee Maker,Home,Chennai,Online,Credit Card,1,5767.37,0.1,5767.37,5190.63,0,393.64,2024,3,March,Friday,5767.37,5190.633
2024-03-15,ORD041616,CUST03767,P012,Air Fryer,Home,Kolkata,Online,UPI,5,7092.13,0.1,35460.65,31914.59,0,5647.01,2024,3,March,Friday,35460.65,31914.585000000003
2024-03-15,ORD025869,CUST01890,P013,Monitor,Electronics,Surat,Online,Cash,2,19166.73,0.1,38333.46,34500.11,1,-1725.01,2024,3,March,Friday,38333.46,34500.114
2024-03-15,ORD037751,CUST00832,P007,Backpack,Accessories,Ahmedabad,Online,Net Banking,1,2272.74,0.25,2272.74,1704.55,0,211.52,2024,3,March,Friday,2272.74,1704.5549999999998
2024-03-15,ORD029335,CUST03544,P007,Backpack,Accessories,Bengaluru,Store,Debit Card,1,2051.55,0.0,2051.55,2051.55,0,357.04,2024,3,March,Friday,2051.55,2051.55
2024-03-15,ORD044351,CUST01832,P014,Keyboard,Electronics,Mumbai,Online,Credit Card,1,2483.59,0.15,2483.59,2111.05,1,-105.55,2024,3,March,Friday,2483.59,2111.0515
2024-03-15,ORD022258,CUST04955,P020,Microwave,Home,Mumbai,Online,UPI,1,10114.21,0.2,10114.21,8091.37,0,1351.36,2024,3,March,Friday,10114.21,8091.3679999999995
2024-03-15,ORD041598,CUST02012,P014,Keyboard,Electronics,Ahmedabad,Store,Debit Card,1,2426.46,0.1,2426.46,2183.81,0,264.21,2024,3,March,Friday,2426.46,2183.8140000000003
2024-03-15,ORD005413,CUST04252,P012,Air Fryer,Home,Mumbai,Online,UPI,1,7028.3,0.1,7028.3,6325.47,0,567.87,2024,3,March,Friday,7028.3,6325.47
2024-03-15,ORD010752,CUST03806,P003,Headphones,Electronics,Chennai,Online,Credit Card,1,4379.06,0.15,4379.06,3722.2,0,507.29,2024,3,March,Friday,4379.06,3722.201
2024-03-15,ORD037216,CUST01298,P003,Headphones,Electronics,Pune,Online,UPI,1,4897.57,0.1,4897.57,4407.81,0,429.3,2024,3,March,Friday,4897.57,4407.813
2024-03-15,ORD000961,CUST02051,P014,Keyboard,Electronics,Delhi,Store,Credit Card,1,2527.35,0.05,2527.35,2400.98,0,237.2,2024,3,March,Friday,2527.35,2400.9824999999996
2024-03-15,ORD003434,CUST01864,P010,Coffee Maker,Home,Ahmedabad,Online,Cash,1,5274.37,0.05,5274.37,5010.65,1,-250.53,2024,3,March,Friday,5274.37,5010.6515
2024-03-15,ORD044358,CUST01602,P010,Coffee Maker,Home,Chennai,Store,Credit Card,1,5403.43,0.0,5403.43,5403.43,0,1528.2,2024,3,March,Friday,5403.43,5403.43
2024-03-15,ORD045883,CUST00986,P016,Sofa,Furniture,Surat,Online,Debit Card,1,36865.78,0.15,36865.78,31335.91,0,7415.68,2024,3,March,Friday,36865.78,31335.912999999997
2024-03-15,ORD035971,CUST02457,P006,Desk,Furniture,Ahmedabad,Online,UPI,5,12303.08,0.1,61515.4,55363.86,0,7771.01,2024,3,March,Friday,61515.4,55363.86
2024-03-15,ORD040661,CUST01063,P008,Running Shoes,Fashion,Jaipur,Online,UPI,3,3897.84,0.1,11693.52,10524.17,0,747.4,2024,3,March,Friday,11693.52,10524.168000000001
2024-03-15,ORD030389,CUST00545,P020,Microwave,Home,Chennai,Online,UPI,1,11465.6,0.1,11465.6,10319.04,0,622.53,2024,3,March,Friday,11465.6,10319.04
2024-03-15,ORD028780,CUST03056,P011,Mixer Grinder,Home,Chennai,Online,Net Banking,1,5220.12,0.0,5220.12,5220.12,0,1358.01,2024,3,March,Friday,5220.12,5220.12
2024-03-15,ORD022601,CUST01152,P013,Monitor,Electronics,Kolkata,Online,UPI,1,18072.9,0.15,18072.9,15361.96,0,940.73,2024,3,March,Friday,18072.9,15361.965
2024-03-15,ORD041087,CUST03670,P014,Keyboard,Electronics,Hyderabad,Online,Cash,2,2631.72,0.1,5263.44,4737.1,0,1106.68,2024,3,March,Friday,5263.44,4737.096
2024-03-16,ORD009390,CUST01782,P016,Sofa,Furniture,Kolkata,Store,UPI,1,36649.37,0.15,36649.37,31151.96,0,4090.44,2024,3,March,Saturday,36649.37,31151.964500000002
2024-03-16,ORD006037,CUST03748,P020,Microwave,Home,Chennai,Store,Debit Card,3,12090.04,0.0,36270.12,36270.12,0,9605.27,2024,3,March,Saturday,36270.12,36270.12
2024-03-16,ORD045029,CUST01264,P004,Smartwatch,Electronics,Mumbai,Online,Credit Card,3,7441.09,0.0,22323.27,22323.27,0,4114.73,2024,3,March,Saturday,22323.27,22323.27
2024-03-16,ORD032647,CUST03561,P006,Desk,Furniture,Ahmedabad,Online,UPI,1,12684.32,0.0,12684.32,12684.32,1,-634.22,2024,3,March,Saturday,12684.32,12684.32
2024-03-16,ORD039211,CUST01653,P010,Coffee Maker,Home,Kolkata,Online,Cash,2,5348.8,0.2,10697.6,8558.08,0,1737.73,2024,3,March,Saturday,10697.6,8558.08
2024-03-16,ORD017808,CUST02049,P007,Backpack,Accessories,Surat,Online,UPI,3,2220.99,0.05,6662.97,6329.82,0,461.23,2024,3,March,Saturday,6662.969999999999,6329.8215
2024-03-16,ORD013607,CUST03117,P002,Smartphone,Electronics,Ahmedabad,Online,Net Banking,1,29955.68,0.15,29955.68,25462.33,0,5765.34,2024,3,March,Saturday,29955.68,25462.328
2024-03-16,ORD032671,CUST02249,P018,Jacket,Fashion,Kolkata,Store,UPI,1,4856.87,0.1,4856.87,4371.18,1,-218.56,2024,3,March,Saturday,4856.87,4371.183
2024-03-16,ORD040674,CUST03793,P010,Coffee Maker,Home,Jaipur,Store,UPI,1,5350.79,0.15,5350.79,4548.17,0,897.17,2024,3,March,Saturday,5350.79,4548.1714999999995
2024-03-16,ORD043331,CUST02062,P006,Desk,Furniture,Hyderabad,Online,UPI,1,12641.22,0.0,12641.22,12641.22,0,3736.04,2024,3,March,Saturday,12641.22,12641.22
2024-03-16,ORD027743,CUST03043,P018,Jacket,Fashion,Hyderabad,Store,UPI,1,5047.88,0.1,5047.88,4543.09,0,1144.68,2024,3,March,Saturday,5047.88,4543.092000000001
2024-03-16,ORD005964,CUST01677,P008,Running Shoes,Fashion,Kolkata,Online,Credit Card,1,4318.11,0.25,4318.11,3238.58,0,785.62,2024,3,March,Saturday,4318.11,3238.5824999999995
2024-03-16,ORD049682,CUST02724,P003,Headphones,Electronics,Ahmedabad,Store,UPI,1,4712.32,0.1,4712.32,4241.09,0,754.97,2024,3,March,Saturday,4712.32,4241.088
2024-03-16,ORD026283,CUST02145,P001,Laptop,Electronics,Pune,Online,UPI,1,61758.75,0.05,61758.75,58670.81,0,12738.5,2024,3,March,Saturday,61758.75,58670.8125
2024-03-16,ORD043449,CUST01598,P012,Air Fryer,Home,Bengaluru,Store,UPI,1,6610.39,0.15,6610.39,5618.83,0,1255.12,2024,3,March,Saturday,6610.39,5618.8315
2024-03-16,ORD019622,CUST04352,P018,Jacket,Fashion,Pune,Online,Debit Card,1,5096.36,0.15,5096.36,4331.91,0,1007.44,2024,3,March,Saturday,5096.36,4331.906
2024-03-16,ORD030428,CUST02125,P009,T-Shirt,Fashion,Chennai,Store,Cash,2,1170.09,0.1,2340.18,2106.16,0,553.69,2024,3,March,Saturday,2340.18,2106.162
2024-03-16,ORD047154,CUST00761,P012,Air Fryer,Home,Jaipur,Online,Debit Card,2,7712.12,0.2,15424.24,12339.39,1,-616.97,2024,3,March,Saturday,15424.24,12339.392
2024-03-16,ORD005573,CUST00333,P003,Headphones,Electronics,Mumbai,Store,Cash,1,4346.05,0.2,4346.05,3476.84,0,847.87,2024,3,March,Saturday,4346.05,3476.84
2024-03-16,ORD022589,CUST02721,P019,Vacuum Cleaner,Home,Bengaluru,Store,Debit Card,1,9812.18,0.0,9812.18,9812.18,0,2361.58,2024,3,March,Saturday,9812.18,9812.18
2024-03-16,ORD028379,CUST02261,P004,Smartwatch,Electronics,Bengaluru,Online,Credit Card,1,7341.33,0.05,7341.33,6974.26,0,1068.15,2024,3,March,Saturday,7341.33,6974.2635
2024-03-16,ORD020442,CUST03959,P006,Desk,Furniture,Chennai,Online,Credit Card,1,12377.33,0.0,12377.33,12377.33,0,3356.71,2024,3,March,Saturday,12377.33,12377.33
2024-03-16,ORD016395,CUST00018,P009,T-Shirt,Fashion,Surat,Online,Cash,1,1297.86,0.0,1297.86,1297.86,0,168.62,2024,3,March,Saturday,1297.86,1297.86
2024-03-16,ORD041118,CUST00810,P009,T-Shirt,Fashion,Kolkata,Online,Debit Card,4,1197.01,0.05,4788.04,4548.64,0,977.31,2024,3,March,Saturday,4788.04,4548.638
2024-03-16,ORD002239,CUST04343,P009,T-Shirt,Fashion,Pune,Online,UPI,2,1264.53,0.25,2529.06,1896.8,0,289.44,2024,3,March,Saturday,2529.06,1896.795
2024-03-16,ORD048094,CUST03352,P004,Smartwatch,Electronics,Pune,Store,UPI,2,6591.36,0.15,13182.72,11205.31,0,1864.9,2024,3,March,Saturday,13182.72,11205.312
2024-03-16,ORD039840,CUST03863,P016,Sofa,Furniture,Surat,Online,Credit Card,1,31974.83,0.05,31974.83,30376.09,1,-1518.8,2024,3,March,Saturday,31974.83,30376.0885
2024-03-16,ORD036280,CUST00929,P008,Running Shoes,Fashion,Jaipur,Store,UPI,1,3929.26,0.1,3929.26,3536.33,0,782.61,2024,3,March,Saturday,3929.26,3536.3340000000003
2024-03-16,ORD016843,CUST00299,P008,Running Shoes,Fashion,Chennai,Online,UPI,2,3996.47,0.0,7992.94,7992.94,0,2199.57,2024,3,March,Saturday,7992.94,7992.94
2024-03-16,ORD012721,CUST00828,P005,Office Chair,Furniture,Jaipur,Store,UPI,1,9003.44,0.05,9003.44,8553.27,1,-427.66,2024,3,March,Saturday,9003.44,8553.268
2024-03-16,ORD026337,CUST02290,P011,Mixer Grinder,Home,Surat,Online,UPI,2,5102.46,0.1,10204.92,9184.43,0,2097.55,2024,3,March,Saturday,10204.92,9184.428
2024-03-16,ORD009852,CUST00255,P011,Mixer Grinder,Home,Hyderabad,Online,UPI,2,5259.17,0.25,10518.34,7888.76,0,1904.75,2024,3,March,Saturday,10518.34,7888.755
2024-03-16,ORD022861,CUST01939,P012,Air Fryer,Home,Surat,Online,Credit Card,1,7242.18,0.1,7242.18,6517.96,0,1738.85,2024,3,March,Saturday,7242.18,6517.962
2024-03-16,ORD033756,CUST04136,P004,Smartwatch,Electronics,Bengaluru,Online,Credit Card,2,6845.6,0.1,13691.2,12322.08,0,2050.51,2024,3,March,Saturday,13691.2,12322.080000000002
2024-03-16,ORD040956,CUST02283,P014,Keyboard,Electronics,Bengaluru,Online,UPI,2,2661.79,0.15,5323.58,4525.04,0,762.87,2024,3,March,Saturday,5323.58,4525.043
2024-03-16,ORD007374,CUST00977,P017,Jeans,Fashion,Ahmedabad,Store,Cash,1,2873.5,0.1,2873.5,2586.15,0,694.48,2024,3,March,Saturday,2873.5,2586.15
2024-03-16,ORD030647,CUST00214,P011,Mixer Grinder,Home,Bengaluru,Online,Credit Card,2,5090.89,0.1,10181.78,9163.6,0,1562.94,2024,3,March,Saturday,10181.78,9163.602
2024-03-16,ORD031239,CUST04183,P013,Monitor,Electronics,Delhi,Store,UPI,1,18130.04,0.2,18130.04,14504.03,0,845.68,2024,3,March,Saturday,18130.04,14504.032000000001
2024-03-16,ORD010991,CUST01982,P004,Smartwatch,Electronics,Pune,Online,UPI,1,6772.41,0.25,6772.41,5079.31,0,322.79,2024,3,March,Saturday,6772.41,5079.3075
2024-03-16,ORD040950,CUST02575,P003,Headphones,Electronics,Delhi,Online,Credit Card,2,4497.94,0.0,8995.88,8995.88,0,1512.98,2024,3,March,Saturday,8995.88,8995.88
2024-03-16,ORD012712,CUST01570,P017,Jeans,Fashion,Jaipur,Online,Cash,3,2867.05,0.2,8601.15,6880.92,0,1605.32,2024,3,March,Saturday,8601.150000000001,6880.92
2024-03-16,ORD044030,CUST03340,P008,Running Shoes,Fashion,Chennai,Online,Credit Card,1,4361.75,0.1,4361.75,3925.58,0,729.44,2024,3,March,Saturday,4361.75,3925.5750000000003
2024-03-16,ORD000531,CUST03393,P009,T-Shirt,Fashion,Delhi,Online,Credit Card,2,1270.56,0.1,2541.12,2287.01,0,309.33,2024,3,March,Saturday,2541.12,2287.008
2024-03-16,ORD033668,CUST04081,P015,Dining Table,Furniture,Kolkata,Online,Debit Card,1,20133.01,0.0,20133.01,20133.01,0,3637.87,2024,3,March,Saturday,20133.01,20133.01
2024-03-16,ORD015556,CUST00160,P019,Vacuum Cleaner,Home,Chennai,Online,Credit Card,1,8628.88,0.15,8628.88,7334.55,0,1377.83,2024,3,March,Saturday,8628.88,7334.547999999999
2024-03-16,ORD000294,CUST01904,P009,T-Shirt,Fashion,Chennai,Online,UPI,1,1314.85,0.05,1314.85,1249.11,0,280.12,2024,3,March,Saturday,1314.85,1249.1074999999998
2024-03-16,ORD006272,CUST02340,P009,T-Shirt,Fashion,Jaipur,Online,Cash,2,1305.45,0.05,2610.9,2480.36,0,342.76,2024,3,March,Saturday,2610.9,2480.355
2024-03-16,ORD049157,CUST04445,P013,Monitor,Electronics,Chennai,Online,Credit Card,1,18813.23,0.05,18813.23,17872.57,0,2967.52,2024,3,March,Saturday,18813.23,17872.568499999998
2024-03-16,ORD019158,CUST00509,P016,Sofa,Furniture,Bengaluru,Online,Credit Card,1,36128.28,0.1,36128.28,32515.45,0,7845.02,2024,3,March,Saturday,36128.28,32515.452
2024-03-16,ORD031308,CUST00095,P019,Vacuum Cleaner,Home,Delhi,Online,Net Banking,1,8403.97,0.1,8403.97,7563.57,0,1597.72,2024,3,March,Saturday,8403.97,7563.572999999999
2024-03-16,ORD018794,CUST04618,P020,Microwave,Home,Bengaluru,Store,Credit Card,1,10624.12,0.1,10624.12,9561.71,0,2036.62,2024,3,March,Saturday,10624.12,9561.708
2024-03-16,ORD018811,CUST03772,P017,Jeans,Fashion,Chennai,Online,Credit Card,1,2550.32,0.25,2550.32,1912.74,0,184.62,2024,3,March,Saturday,2550.32,1912.7400000000002
2024-03-16,ORD000692,CUST03230,P011,Mixer Grinder,Home,Pune,Online,UPI,3,4656.62,0.15,13969.86,11874.38,0,1987.56,2024,3,March,Saturday,13969.86,11874.381
2024-03-16,ORD017991,CUST00854,P017,Jeans,Fashion,Surat,Online,UPI,1,2881.39,0.0,2881.39,2881.39,0,780.75,2024,3,March,Saturday,2881.39,2881.39
2024-03-16,ORD025880,CUST00749,P005,Office Chair,Furniture,Jaipur,Store,UPI,1,10252.26,0.05,10252.26,9739.65,0,1997.04,2024,3,March,Saturday,10252.26,9739.646999999999
2024-03-16,ORD013168,CUST02553,P015,Dining Table,Furniture,Surat,Store,UPI,2,23888.5,0.05,47777.0,45388.15,0,11944.41,2024,3,March,Saturday,47777.0,45388.15
2024-03-16,ORD036168,CUST02495,P009,T-Shirt,Fashion,Hyderabad,Online,Credit Card,1,1141.64,0.1,1141.64,1027.48,0,253.55,2024,3,March,Saturday,1141.64,1027.476
2024-03-16,ORD005234,CUST03157,P016,Sofa,Furniture,Chennai,Online,Debit Card,1,34631.77,0.1,34631.77,31168.59,0,7541.12,2024,3,March,Saturday,34631.77,31168.592999999997
2024-03-16,ORD033009,CUST00948,P009,T-Shirt,Fashion,Surat,Online,UPI,2,1305.83,0.25,2611.66,1958.74,1,-97.94,2024,3,March,Saturday,2611.66,1958.745
2024-03-16,ORD004794,CUST00528,P003,Headphones,Electronics,Hyderabad,Online,Net Banking,3,4599.94,0.0,13799.82,13799.82,0,2318.79,2024,3,March,Saturday,13799.82,13799.82
2024-03-16,ORD026127,CUST03698,P012,Air Fryer,Home,Ahmedabad,Store,Net Banking,1,7417.16,0.0,7417.16,7417.16,0,1709.85,2024,3,March,Saturday,7417.16,7417.16
2024-03-16,ORD041689,CUST03396,P014,Keyboard,Electronics,Pune,Online,Credit Card,3,2439.72,0.1,7319.16,6587.24,0,894.67,2024,3,March,Saturday,7319.16,6587.244
2024-03-16,ORD011958,CUST01835,P002,Smartphone,Electronics,Bengaluru,Store,Debit Card,1,29367.99,0.2,29367.99,23494.39,0,1193.96,2024,3,March,Saturday,29367.99,23494.392000000003
2024-03-16,ORD037706,CUST00777,P014,Keyboard,Electronics,Kolkata,Online,UPI,1,2741.66,0.1,2741.66,2467.49,0,516.8,2024,3,March,Saturday,2741.66,2467.494
2024-03-16,ORD045960,CUST03899,P014,Keyboard,Electronics,Delhi,Online,Debit Card,1,2720.33,0.05,2720.33,2584.31,0,615.7,2024,3,March,Saturday,2720.33,2584.3134999999997
2024-03-16,ORD034869,CUST04705,P009,T-Shirt,Fashion,Kolkata,Online,UPI,1,1179.32,0.05,1179.32,1120.35,0,269.34,2024,3,March,Saturday,1179.32,1120.3539999999998
2024-03-16,ORD001779,CUST03091,P007,Backpack,Accessories,Delhi,Store,Credit Card,2,2271.39,0.15,4542.78,3861.36,0,942.03,2024,3,March,Saturday,4542.78,3861.363
2024-03-16,ORD048362,CUST03547,P012,Air Fryer,Home,Ahmedabad,Online,Net Banking,3,7039.55,0.1,21118.65,19006.79,0,3590.4,2024,3,March,Saturday,21118.65,19006.785000000003
2024-03-16,ORD029033,CUST00216,P018,Jacket,Fashion,Surat,Store,Net Banking,2,5304.6,0.15,10609.2,9017.82,0,1119.44,2024,3,March,Saturday,10609.2,9017.82
2024-03-16,ORD011437,CUST04549,P004,Smartwatch,Electronics,Hyderabad,Store,Net Banking,1,7129.29,0.05,7129.29,6772.83,0,651.74,2024,3,March,Saturday,7129.29,6772.8255
2024-03-16,ORD021056,CUST02953,P002,Smartphone,Electronics,Bengaluru,Store,Debit Card,1,25858.76,0.0,25858.76,25858.76,0,7012.6,2024,3,March,Saturday,25858.76,25858.76
2024-03-16,ORD021075,CUST02715,P003,Headphones,Electronics,Kolkata,Online,Debit Card,2,4764.59,0.2,9529.18,7623.34,0,1778.23,2024,3,March,Saturday,9529.18,7623.344000000001
2024-03-16,ORD003535,CUST01870,P007,Backpack,Accessories,Jaipur,Online,UPI,1,2125.59,0.2,2125.59,1700.47,0,108.1,2024,3,March,Saturday,2125.59,1700.4720000000002
2024-03-17,ORD037083,CUST03451,P010,Coffee Maker,Home,Ahmedabad,Online,UPI,2,5903.14,0.05,11806.28,11215.97,0,3024.99,2024,3,March,Sunday,11806.28,11215.966
2024-03-17,ORD038453,CUST02739,P007,Backpack,Accessories,Pune,Store,Debit Card,3,2277.34,0.25,6832.02,5124.02,0,1258.21,2024,3,March,Sunday,6832.02,5124.015
2024-03-17,ORD002544,CUST04446,P001,Laptop,Electronics,Chennai,Store,Credit Card,1,58712.78,0.2,58712.78,46970.22,0,3626.58,2024,3,March,Sunday,58712.78,46970.224
2024-03-17,ORD013312,CUST03640,P020,Microwave,Home,Hyderabad,Online,Credit Card,1,11495.26,0.2,11495.26,9196.21,0,809.86,2024,3,March,Sunday,11495.26,9196.208
2024-03-17,ORD046707,CUST04835,P004,Smartwatch,Electronics,Chennai,Store,UPI,4,7398.15,0.05,29592.6,28112.97,1,-1405.65,2024,3,March,Sunday,29592.6,28112.969999999998
2024-03-17,ORD022733,CUST03333,P007,Backpack,Accessories,Jaipur,Online,Credit Card,1,2389.03,0.0,2389.03,2389.03,0,548.32,2024,3,March,Sunday,2389.03,2389.03
2024-03-17,ORD013914,CUST03282,P003,Headphones,Electronics,Delhi,Store,UPI,1,4232.33,0.05,4232.33,4020.71,0,730.6,2024,3,March,Sunday,4232.33,4020.7135
2024-03-17,ORD028397,CUST02452,P020,Microwave,Home,Jaipur,Online,Debit Card,1,10854.58,0.0,10854.58,10854.58,0,2801.15,2024,3,March,Sunday,10854.58,10854.58
2024-03-17,ORD037164,CUST02890,P004,Smartwatch,Electronics,Chennai,Store,Credit Card,2,6983.66,0.05,13967.32,13268.95,0,2729.03,2024,3,March,Sunday,13967.32,13268.954
2024-03-17,ORD042123,CUST00006,P010,Coffee Maker,Home,Delhi,Online,Debit Card,2,5039.54,0.1,10079.08,9071.17,0,1623.2,2024,3,March,Sunday,10079.08,9071.172
2024-03-17,ORD035121,CUST04742,P007,Backpack,Accessories,Surat,Online,Debit Card,1,2103.06,0.1,2103.06,1892.75,0,116.61,2024,3,March,Sunday,2103.06,1892.754
2024-03-17,ORD044607,CUST02162,P018,Jacket,Fashion,Chennai,Store,Debit Card,3,5003.4,0.2,15010.2,12008.16,0,2179.43,2024,3,March,Sunday,15010.199999999999,12008.160000000002
2024-03-17,ORD032332,CUST04912,P016,Sofa,Furniture,Ahmedabad,Online,Net Banking,1,37400.64,0.0,37400.64,37400.64,0,5173.27,2024,3,March,Sunday,37400.64,37400.64
2024-03-17,ORD021699,CUST03988,P009,T-Shirt,Fashion,Hyderabad,Online,Debit Card,1,1251.21,0.1,1251.21,1126.09,0,299.83,2024,3,March,Sunday,1251.21,1126.0890000000002
2024-03-17,ORD041512,CUST02998,P012,Air Fryer,Home,Surat,Store,Debit Card,1,7622.12,0.05,7622.12,7241.01,0,1820.01,2024,3,March,Sunday,7622.12,7241.013999999999
2024-03-17,ORD047609,CUST04440,P008,Running Shoes,Fashion,Ahmedabad,Store,UPI,1,4416.87,0.1,4416.87,3975.18,0,685.28,2024,3,March,Sunday,4416.87,3975.183
2024-03-17,ORD020994,CUST02448,P012,Air Fryer,Home,Ahmedabad,Online,Credit Card,1,7142.36,0.2,7142.36,5713.89,0,523.39,2024,3,March,Sunday,7142.36,5713.888
2024-03-17,ORD024977,CUST00270,P006,Desk,Furniture,Pune,Online,UPI,2,12559.6,0.1,25119.2,22607.28,0,2569.56,2024,3,March,Sunday,25119.2,22607.280000000002
2024-03-17,ORD039722,CUST04582,P010,Coffee Maker,Home,Kolkata,Online,UPI,1,5434.48,0.0,5434.48,5434.48,0,1587.1,2024,3,March,Sunday,5434.48,5434.48
2024-03-17,ORD015118,CUST00865,P011,Mixer Grinder,Home,Hyderabad,Store,UPI,3,4974.19,0.2,14922.57,11938.06,0,1855.46,2024,3,March,Sunday,14922.57,11938.056
2024-03-17,ORD048343,CUST02899,P010,Coffee Maker,Home,Ahmedabad,Store,Credit Card,1,5089.66,0.2,5089.66,4071.73,0,297.26,2024,3,March,Sunday,5089.66,4071.728
2024-03-17,ORD002787,CUST03062,P019,Vacuum Cleaner,Home,Jaipur,Online,Net Banking,3,8774.5,0.0,26323.5,26323.5,0,7857.42,2024,3,March,Sunday,26323.5,26323.5
2024-03-17,ORD040681,CUST01639,P010,Coffee Maker,Home,Pune,Online,Credit Card,2,5927.11,0.1,11854.22,10668.8,0,1388.34,2024,3,March,Sunday,11854.22,10668.797999999999
2024-03-17,ORD003391,CUST02684,P001,Laptop,Electronics,Hyderabad,Store,Credit Card,1,58647.07,0.0,58647.07,58647.07,0,15770.51,2024,3,March,Sunday,58647.07,58647.07
2024-03-17,ORD008506,CUST04573,P010,Coffee Maker,Home,Jaipur,Online,UPI,1,5518.99,0.05,5518.99,5243.04,0,1389.91,2024,3,March,Sunday,5518.99,5243.040499999999
2024-03-17,ORD047003,CUST04941,P004,Smartwatch,Electronics,Mumbai,Online,UPI,3,7626.32,0.1,22878.96,20591.06,0,5249.96,2024,3,March,Sunday,22878.96,20591.064
2024-03-17,ORD010312,CUST04180,P018,Jacket,Fashion,Pune,Online,Debit Card,1,5229.2,0.05,5229.2,4967.74,0,1177.23,2024,3,March,Sunday,5229.2,4967.74
2024-03-17,ORD010517,CUST00358,P018,Jacket,Fashion,Chennai,Store,UPI,1,5158.28,0.1,5158.28,4642.45,0,450.63,2024,3,March,Sunday,5158.28,4642.452
2024-03-17,ORD038608,CUST04558,P011,Mixer Grinder,Home,Hyderabad,Online,UPI,1,5216.0,0.1,5216.0,4694.4,0,1044.5,2024,3,March,Sunday,5216.0,4694.400000000001
2024-03-17,ORD039633,CUST04983,P012,Air Fryer,Home,Jaipur,Online,UPI,2,7914.04,0.1,15828.08,14245.27,1,-712.26,2024,3,March,Sunday,15828.08,14245.272
2024-03-17,ORD022864,CUST03966,P005,Office Chair,Furniture,Surat,Store,Debit Card,3,10059.13,0.05,30177.39,28668.52,0,7324.2,2024,3,March,Sunday,30177.39,28668.5205
2024-03-17,ORD037697,CUST03195,P005,Office Chair,Furniture,Bengaluru,Online,UPI,2,8942.02,0.15,17884.04,15201.43,0,3675.61,2024,3,March,Sunday,17884.04,15201.434000000001
2024-03-17,ORD025660,CUST03111,P007,Backpack,Accessories,Delhi,Online,Credit Card,1,2007.71,0.1,2007.71,1806.94,0,477.29,2024,3,March,Sunday,2007.71,1806.939
2024-03-17,ORD000685,CUST01466,P006,Desk,Furniture,Delhi,Online,Debit Card,2,11181.42,0.1,22362.84,20126.56,0,3181.05,2024,3,March,Sunday,22362.84,20126.556
2024-03-17,ORD027007,CUST03840,P019,Vacuum Cleaner,Home,Delhi,Store,Credit Card,2,9512.19,0.1,19024.38,17121.94,0,2998.18,2024,3,March,Sunday,19024.38,17121.942000000003
2024-03-17,ORD038931,CUST03659,P001,Laptop,Electronics,Kolkata,Store,Cash,3,59714.86,0.15,179144.58,152272.89,0,23476.1,2024,3,March,Sunday,179144.58000000002,152272.89299999998
2024-03-17,ORD001379,CUST01913,P003,Headphones,Electronics,Mumbai,Store,Net Banking,2,4761.37,0.1,9522.74,8570.47,0,1246.5,2024,3,March,Sunday,9522.74,8570.466
2024-03-17,ORD009094,CUST02627,P011,Mixer Grinder,Home,Surat,Online,UPI,3,4588.77,0.05,13766.31,13077.99,0,3507.57,2024,3,March,Sunday,13766.310000000001,13077.994499999999
2024-03-17,ORD023580,CUST02622,P011,Mixer Grinder,Home,Kolkata,Store,UPI,3,5113.16,0.1,15339.48,13805.53,0,1045.92,2024,3,March,Sunday,15339.48,13805.532
2024-03-17,ORD009722,CUST00331,P005,Office Chair,Furniture,Kolkata,Online,Cash,1,8898.45,0.15,8898.45,7563.68,0,971.97,2024,3,March,Sunday,8898.45,7563.682500000001
2024-03-17,ORD045003,CUST02065,P013,Monitor,Electronics,Delhi,Store,UPI,1,16508.63,0.1,16508.63,14857.77,0,3056.77,2024,3,March,Sunday,16508.63,14857.767000000002
2024-03-17,ORD023576,CUST00781,P004,Smartwatch,Electronics,Kolkata,Store,Credit Card,1,6824.76,0.25,6824.76,5118.57,0,690.23,2024,3,March,Sunday,6824.76,5118.57
2024-03-17,ORD042777,CUST02254,P006,Desk,Furniture,Hyderabad,Store,UPI,1,12929.6,0.05,12929.6,12283.12,0,2738.61,2024,3,March,Sunday,12929.6,12283.119999999999
2024-03-17,ORD010698,CUST00680,P001,Laptop,Electronics,Ahmedabad,Store,Credit Card,2,64672.75,0.0,129345.5,129345.5,0,28518.31,2024,3,March,Sunday,129345.5,129345.5
2024-03-17,ORD025473,CUST00037,P018,Jacket,Fashion,Ahmedabad,Online,UPI,2,5123.59,0.15,10247.18,8710.1,0,1676.91,2024,3,March,Sunday,10247.18,8710.103
2024-03-17,ORD012188,CUST04590,P005,Office Chair,Furniture,Bengaluru,Online,UPI,2,9525.89,0.1,19051.78,17146.6,0,3610.25,2024,3,March,Sunday,19051.78,17146.602
2024-03-17,ORD005522,CUST04950,P007,Backpack,Accessories,Jaipur,Online,Net Banking,1,2285.12,0.1,2285.12,2056.61,0,471.84,2024,3,March,Sunday,2285.12,2056.608
2024-03-17,ORD023572,CUST00313,P015,Dining Table,Furniture,Hyderabad,Online,Net Banking,1,20166.07,0.1,20166.07,18149.46,0,4020.02,2024,3,March,Sunday,20166.07,18149.463
2024-03-17,ORD006001,CUST00569,P008,Running Shoes,Fashion,Mumbai,Store,Net Banking,1,4121.87,0.0,4121.87,4121.87,0,460.83,2024,3,March,Sunday,4121.87,4121.87
2024-03-17,ORD016111,CUST04836,P001,Laptop,Electronics,Ahmedabad,Online,UPI,2,60507.78,0.15,121015.56,102863.23,1,-5143.16,2024,3,March,Sunday,121015.56,102863.226
2024-03-17,ORD039266,CUST02484,P017,Jeans,Fashion,Bengaluru,Online,Net Banking,1,2982.06,0.0,2982.06,2982.06,0,638.08,2024,3,March,Sunday,2982.06,2982.06
2024-03-17,ORD045884,CUST01012,P011,Mixer Grinder,Home,Jaipur,Store,Credit Card,2,4701.82,0.2,9403.64,7522.91,0,1194.86,2024,3,March,Sunday,9403.64,7522.912
2024-03-17,ORD022819,CUST04781,P009,T-Shirt,Fashion,Mumbai,Online,Credit Card,2,1282.27,0.2,2564.54,2051.63,0,310.78,2024,3,March,Sunday,2564.54,2051.632
2024-03-17,ORD036239,CUST04808,P019,Vacuum Cleaner,Home,Mumbai,Online,Net Banking,2,9627.64,0.1,19255.28,17329.75,0,4691.31,2024,3,March,Sunday,19255.28,17329.752
2024-03-17,ORD047063,CUST02272,P002,Smartphone,Electronics,Hyderabad,Store,UPI,1,25464.13,0.15,25464.13,21644.51,1,-1082.23,2024,3,March,Sunday,25464.13,21644.5105
2024-03-17,ORD007201,CUST02628,P014,Keyboard,Electronics,Kolkata,Online,Credit Card,4,2447.48,0.0,9789.92,9789.92,0,1264.45,2024,3,March,Sunday,9789.92,9789.92
2024-03-17,ORD020199,CUST01331,P016,Sofa,Furniture,Chennai,Online,Credit Card,2,31887.97,0.05,63775.94,60587.14,0,4404.96,2024,3,March,Sunday,63775.94,60587.143
2024-03-17,ORD010092,CUST04264,P013,Monitor,Electronics,Bengaluru,Store,Credit Card,2,18026.6,0.1,36053.2,32447.88,0,2333.58,2024,3,March,Sunday,36053.2,32447.879999999997
2024-03-17,ORD036007,CUST03087,P015,Dining Table,Furniture,Surat,Online,Credit Card,1,23184.99,0.2,23184.99,18547.99,1,-927.4,2024,3,March,Sunday,23184.99,18547.992000000002
2024-03-17,ORD027857,CUST04465,P020,Microwave,Home,Jaipur,Store,Net Banking,3,11597.72,0.0,34793.16,34793.16,0,9500.82,2024,3,March,Sunday,34793.159999999996,34793.16
2024-03-17,ORD043681,CUST04636,P007,Backpack,Accessories,Kolkata,Store,Credit Card,1,2101.94,0.05,2101.94,1996.84,0,194.71,2024,3,March,Sunday,2101.94,1996.8429999999998
2024-03-17,ORD021868,CUST01549,P015,Dining Table,Furniture,Kolkata,Store,Cash,5,20453.68,0.1,102268.4,92041.56,0,6824.95,2024,3,March,Sunday,102268.4,92041.56
2024-03-17,ORD009623,CUST03615,P015,Dining Table,Furniture,Mumbai,Online,Debit Card,2,22312.18,0.1,44624.36,40161.92,0,9488.98,2024,3,March,Sunday,44624.36,40161.924
2024-03-17,ORD040065,CUST02751,P020,Microwave,Home,Ahmedabad,Store,UPI,1,11532.41,0.05,11532.41,10955.79,0,2447.52,2024,3,March,Sunday,11532.41,10955.789499999999
2024-03-17,ORD019545,CUST04693,P010,Coffee Maker,Home,Hyderabad,Online,UPI,1,5276.26,0.1,5276.26,4748.63,0,1148.49,2024,3,March,Sunday,5276.26,4748.634
2024-03-17,ORD004485,CUST00265,P004,Smartwatch,Electronics,Kolkata,Store,UPI,2,6670.58,0.2,13341.16,10672.93,1,-533.65,2024,3,March,Sunday,13341.16,10672.928
2024-03-17,ORD009987,CUST02723,P017,Jeans,Fashion,Mumbai,Store,Net Banking,1,3056.83,0.0,3056.83,3056.83,1,-152.84,2024,3,March,Sunday,3056.83,3056.83
2024-03-18,ORD006093,CUST04474,P017,Jeans,Fashion,Pune,Store,Credit Card,1,2625.84,0.1,2625.84,2363.26,1,-118.16,2024,3,March,Monday,2625.84,2363.2560000000003
2024-03-18,ORD024307,CUST00934,P011,Mixer Grinder,Home,Mumbai,Online,Net Banking,1,4889.23,0.1,4889.23,4400.31,0,304.63,2024,3,March,Monday,4889.23,4400.307
2024-03-18,ORD046020,CUST00116,P014,Keyboard,Electronics,Hyderabad,Store,Net Banking,1,2495.83,0.1,2495.83,2246.25,0,143.75,2024,3,March,Monday,2495.83,2246.247
2024-03-18,ORD004203,CUST01176,P017,Jeans,Fashion,Kolkata,Store,Net Banking,1,2627.17,0.0,2627.17,2627.17,0,585.72,2024,3,March,Monday,2627.17,2627.17
2024-03-18,ORD025454,CUST03240,P018,Jacket,Fashion,Chennai,Online,UPI,1,5300.68,0.05,5300.68,5035.65,0,1418.23,2024,3,March,Monday,5300.68,5035.646
2024-03-18,ORD025958,CUST01595,P010,Coffee Maker,Home,Pune,Online,UPI,3,5220.24,0.1,15660.72,14094.65,0,1808.28,2024,3,March,Monday,15660.72,14094.648
2024-03-18,ORD035310,CUST00131,P010,Coffee Maker,Home,Delhi,Store,UPI,2,5682.45,0.05,11364.9,10796.66,0,2812.52,2024,3,March,Monday,11364.9,10796.654999999999
2024-03-18,ORD027795,CUST04150,P020,Microwave,Home,Mumbai,Online,UPI,1,12005.4,0.05,12005.4,11405.13,0,2550.72,2024,3,March,Monday,12005.4,11405.13
2024-03-18,ORD030395,CUST04715,P005,Office Chair,Furniture,Pune,Online,Cash,1,9380.5,0.0,9380.5,9380.5,0,1969.78,2024,3,March,Monday,9380.5,9380.5
2024-03-18,ORD002792,CUST04666,P007,Backpack,Accessories,Pune,Store,UPI,2,2275.11,0.1,4550.22,4095.2,0,974.67,2024,3,March,Monday,4550.22,4095.1980000000003
2024-03-18,ORD048133,CUST04925,P004,Smartwatch,Electronics,Chennai,Online,Credit Card,1,6491.13,0.1,6491.13,5842.02,0,364.84,2024,3,March,Monday,6491.13,5842.017
2024-03-18,ORD031131,CUST02444,P004,Smartwatch,Electronics,Ahmedabad,Online,UPI,2,7397.57,0.15,14795.14,12575.87,0,1677.59,2024,3,March,Monday,14795.14,12575.868999999999
2024-03-18,ORD042382,CUST02994,P003,Headphones,Electronics,Chennai,Store,Debit Card,1,4171.77,0.2,4171.77,3337.42,0,309.46,2024,3,March,Monday,4171.77,3337.4160000000006
2024-03-18,ORD048841,CUST01191,P011,Mixer Grinder,Home,Hyderabad,Online,UPI,2,4873.96,0.15,9747.92,8285.73,0,1382.85,2024,3,March,Monday,9747.92,8285.732
2024-03-18,ORD000406,CUST00527,P002,Smartphone,Electronics,Delhi,Online,Credit Card,1,26178.02,0.1,26178.02,23560.22,0,4854.38,2024,3,March,Monday,26178.02,23560.218
2024-03-18,ORD019722,CUST01626,P016,Sofa,Furniture,Bengaluru,Online,Debit Card,1,36330.01,0.1,36330.01,32697.01,0,6945.12,2024,3,March,Monday,36330.01,32697.009000000002
2024-03-18,ORD049115,CUST00446,P019,Vacuum Cleaner,Home,Bengaluru,Store,UPI,2,8594.98,0.0,17189.96,17189.96,0,4152.59,2024,3,March,Monday,17189.96,17189.96
2024-03-18,ORD033359,CUST02986,P005,Office Chair,Furniture,Chennai,Online,UPI,2,9709.09,0.1,19418.18,17476.36,0,3328.79,2024,3,March,Monday,19418.18,17476.362
2024-03-18,ORD014911,CUST02549,P004,Smartwatch,Electronics,Jaipur,Online,UPI,1,7604.58,0.15,7604.58,6463.89,0,1064.88,2024,3,March,Monday,7604.58,6463.893
2024-03-18,ORD006885,CUST01298,P014,Keyboard,Electronics,Kolkata,Online,Debit Card,1,2510.84,0.15,2510.84,2134.21,0,268.96,2024,3,March,Monday,2510.84,2134.214
2024-03-18,ORD046475,CUST02497,P019,Vacuum Cleaner,Home,Hyderabad,Store,Debit Card,3,9246.69,0.1,27740.07,24966.06,0,6115.28,2024,3,March,Monday,27740.07,24966.063000000002
2024-03-18,ORD005023,CUST01773,P012,Air Fryer,Home,Delhi,Online,Debit Card,1,7406.63,0.05,7406.63,7036.3,0,1928.78,2024,3,March,Monday,7406.63,7036.2985
2024-03-18,ORD021854,CUST00549,P004,Smartwatch,Electronics,Ahmedabad,Store,UPI,2,7303.8,0.15,14607.6,12416.46,1,-620.82,2024,3,March,Monday,14607.6,12416.46
2024-03-18,ORD048063,CUST04850,P001,Laptop,Electronics,Bengaluru,Online,UPI,1,61751.65,0.1,61751.65,55576.48,0,4635.32,2024,3,March,Monday,61751.65,55576.485
2024-03-18,ORD013879,CUST02339,P017,Jeans,Fashion,Hyderabad,Online,Credit Card,1,2680.08,0.0,2680.08,2680.08,0,320.99,2024,3,March,Monday,2680.08,2680.08
2024-03-18,ORD017085,CUST03601,P012,Air Fryer,Home,Pune,Online,UPI,3,7475.33,0.15,22425.99,19062.09,0,2290.68,2024,3,March,Monday,22425.989999999998,19062.091500000002
2024-03-18,ORD043803,CUST03542,P017,Jeans,Fashion,Hyderabad,Store,UPI,1,2707.71,0.05,2707.71,2572.32,0,242.44,2024,3,March,Monday,2707.71,2572.3244999999997
2024-03-18,ORD030493,CUST04821,P004,Smartwatch,Electronics,Surat,Online,UPI,1,6507.0,0.2,6507.0,5205.6,0,336.17,2024,3,March,Monday,6507.0,5205.6
2024-03-18,ORD024555,CUST03601,P010,Coffee Maker,Home,Ahmedabad,Online,UPI,1,5501.65,0.1,5501.65,4951.48,0,360.09,2024,3,March,Monday,5501.65,4951.485
2024-03-18,ORD008824,CUST04058,P016,Sofa,Furniture,Kolkata,Online,Debit Card,1,34876.93,0.15,34876.93,29645.39,0,7727.46,2024,3,March,Monday,34876.93,29645.390499999998
2024-03-18,ORD024341,CUST03304,P002,Smartphone,Electronics,Bengaluru,Online,UPI,3,28227.81,0.0,84683.43,84683.43,0,22916.16,2024,3,March,Monday,84683.43000000001,84683.43
2024-03-18,ORD002588,CUST01570,P010,Coffee Maker,Home,Ahmedabad,Online,Cash,1,5799.05,0.15,5799.05,4929.19,0,965.54,2024,3,March,Monday,5799.05,4929.1925
2024-03-18,ORD008002,CUST02977,P003,Headphones,Electronics,Surat,Online,Net Banking,2,4745.34,0.0,9490.68,9490.68,0,1927.5,2024,3,March,Monday,9490.68,9490.68
2024-03-18,ORD010191,CUST00527,P013,Monitor,Electronics,Bengaluru,Online,UPI,1,16421.77,0.0,16421.77,16421.77,0,2962.12,2024,3,March,Monday,16421.77,16421.77
2024-03-18,ORD033122,CUST02948,P012,Air Fryer,Home,Jaipur,Store,UPI,2,7297.37,0.1,14594.74,13135.27,0,963.29,2024,3,March,Monday,14594.74,13135.266
2024-03-18,ORD030975,CUST02972,P012,Air Fryer,Home,Pune,Online,UPI,1,6995.52,0.05,6995.52,6645.74,0,512.98,2024,3,March,Monday,6995.52,6645.744
2024-03-18,ORD019436,CUST01367,P016,Sofa,Furniture,Surat,Online,Net Banking,1,34801.46,0.2,34801.46,27841.17,0,1795.8,2024,3,March,Monday,34801.46,27841.168
2024-03-18,ORD034055,CUST02475,P019,Vacuum Cleaner,Home,Jaipur,Store,Cash,1,9349.88,0.1,9349.88,8414.89,0,1953.95,2024,3,March,Monday,9349.88,8414.892
2024-03-18,ORD048194,CUST01123,P001,Laptop,Electronics,Kolkata,Store,Cash,4,59366.42,0.0,237465.68,237465.68,1,-11873.28,2024,3,March,Monday,237465.68,237465.68
2024-03-18,ORD039729,CUST03485,P005,Office Chair,Furniture,Kolkata,Store,UPI,4,10103.02,0.25,40412.08,30309.06,0,3539.81,2024,3,March,Monday,40412.08,30309.06
2024-03-18,ORD047853,CUST02815,P016,Sofa,Furniture,Pune,Store,Credit Card,1,38012.87,0.2,38012.87,30410.3,0,6702.06,2024,3,March,Monday,38012.87,30410.296000000002
2024-03-18,ORD032953,CUST04964,P006,Desk,Furniture,Surat,Store,UPI,1,12817.9,0.1,12817.9,11536.11,0,1300.62,2024,3,March,Monday,12817.9,11536.11
2024-03-18,ORD037679,CUST04962,P011,Mixer Grinder,Home,Ahmedabad,Online,Credit Card,1,4564.16,0.15,4564.16,3879.54,0,248.11,2024,3,March,Monday,4564.16,3879.5359999999996
2024-03-18,ORD029533,CUST04030,P011,Mixer Grinder,Home,Mumbai,Online,Credit Card,1,5025.38,0.15,5025.38,4271.57,0,1053.14,2024,3,March,Monday,5025.38,4271.573
2024-03-18,ORD039286,CUST02296,P010,Coffee Maker,Home,Bengaluru,Online,Net Banking,1,4965.29,0.25,4965.29,3723.97,0,663.99,2024,3,March,Monday,4965.29,3723.9674999999997
2024-03-18,ORD010696,CUST02273,P003,Headphones,Electronics,Bengaluru,Online,Debit Card,1,4220.96,0.25,4220.96,3165.72,0,307.2,2024,3,March,Monday,4220.96,3165.7200000000003
2024-03-18,ORD033496,CUST00655,P004,Smartwatch,Electronics,Surat,Store,UPI,3,7177.81,0.1,21533.43,19380.09,0,2189.58,2024,3,March,Monday,21533.43,19380.087
2024-03-18,ORD041269,CUST02816,P010,Coffee Maker,Home,Delhi,Store,UPI,1,5246.66,0.05,5246.66,4984.33,0,1179.51,2024,3,March,Monday,5246.66,4984.326999999999
2024-03-18,ORD013102,CUST02341,P002,Smartphone,Electronics,Kolkata,Store,UPI,2,28782.28,0.15,57564.56,48929.88,0,8019.1,2024,3,March,Monday,57564.56,48929.876
2024-03-18,ORD013087,CUST00582,P003,Headphones,Electronics,Kolkata,Online,Debit Card,2,4131.25,0.2,8262.5,6610.0,1,-330.5,2024,3,March,Monday,8262.5,6610.0
2024-03-18,ORD035233,CUST01031,P002,Smartphone,Electronics,Mumbai,Online,UPI,1,29168.8,0.1,29168.8,26251.92,0,1845.03,2024,3,March,Monday,29168.8,26251.92
2024-03-18,ORD045400,CUST03791,P012,Air Fryer,Home,Hyderabad,Online,UPI,1,6545.35,0.1,6545.35,5890.82,0,1641.76,2024,3,March,Monday,6545.35,5890.8150000000005
2024-03-18,ORD029383,CUST04659,P007,Backpack,Accessories,Jaipur,Online,Net Banking,3,2300.97,0.1,6902.91,6212.62,0,787.54,2024,3,March,Monday,6902.91,6212.619
2024-03-18,ORD035146,CUST02303,P014,Keyboard,Electronics,Pune,Online,Credit Card,1,2332.19,0.05,2332.19,2215.58,0,251.94,2024,3,March,Monday,2332.19,2215.5805
2024-03-18,ORD013557,CUST02642,P005,Office Chair,Furniture,Hyderabad,Online,Net Banking,1,8806.8,0.05,8806.8,8366.46,0,705.38,2024,3,March,Monday,8806.8,8366.46
2024-03-18,ORD032556,CUST00843,P008,Running Shoes,Fashion,Hyderabad,Online,UPI,1,4236.44,0.15,4236.44,3600.97,0,639.92,2024,3,March,Monday,4236.44,3600.9739999999997
2024-03-18,ORD045510,CUST03578,P008,Running Shoes,Fashion,Kolkata,Online,Debit Card,1,4203.72,0.0,4203.72,4203.72,0,776.32,2024,3,March,Monday,4203.72,4203.72
2024-03-18,ORD011029,CUST00261,P004,Smartwatch,Electronics,Surat,Online,Credit Card,1,7113.43,0.05,7113.43,6757.76,0,681.46,2024,3,March,Monday,7113.43,6757.7585
2024-03-18,ORD018296,CUST04198,P013,Monitor,Electronics,Mumbai,Store,Net Banking,2,17223.24,0.0,34446.48,34446.48,0,6456.89,2024,3,March,Monday,34446.48,34446.48
2024-03-18,ORD037334,CUST00486,P016,Sofa,Furniture,Jaipur,Store,Credit Card,2,32121.19,0.15,64242.38,54606.02,0,12856.85,2024,3,March,Monday,64242.38,54606.022999999994
2024-03-18,ORD021549,CUST00057,P008,Running Shoes,Fashion,Surat,Online,Debit Card,4,3854.36,0.25,15417.44,11563.08,0,717.04,2024,3,March,Monday,15417.44,11563.08
2024-03-18,ORD020956,CUST02201,P008,Running Shoes,Fashion,Delhi,Online,UPI,1,4503.62,0.1,4503.62,4053.26,0,762.26,2024,3,March,Monday,4503.62,4053.258
2024-03-18,ORD032374,CUST01960,P010,Coffee Maker,Home,Surat,Online,UPI,1,5092.96,0.1,5092.96,4583.66,0,626.24,2024,3,March,Monday,5092.96,4583.664
2024-03-18,ORD024804,CUST03765,P014,Keyboard,Electronics,Surat,Online,UPI,1,2674.74,0.05,2674.74,2541.0,0,183.97,2024,3,March,Monday,2674.74,2541.0029999999997
2024-03-18,ORD039133,CUST01277,P003,Headphones,Electronics,Mumbai,Online,Credit Card,2,4495.48,0.1,8990.96,8091.86,0,1667.88,2024,3,March,Monday,8990.96,8091.864
2024-03-18,ORD008778,CUST02784,P004,Smartwatch,Electronics,Bengaluru,Online,UPI,2,6554.17,0.1,13108.34,11797.51,0,3104.75,2024,3,March,Monday,13108.34,11797.506000000001
2024-03-18,ORD034251,CUST01827,P009,T-Shirt,Fashion,Surat,Store,UPI,1,1139.61,0.15,1139.61,968.67,0,129.31,2024,3,March,Monday,1139.61,968.6684999999999
2024-03-18,ORD007331,CUST04874,P008,Running Shoes,Fashion,Mumbai,Store,Credit Card,1,4046.96,0.1,4046.96,3642.26,0,557.01,2024,3,March,Monday,4046.96,3642.264
2024-03-18,ORD006526,CUST03515,P008,Running Shoes,Fashion,Kolkata,Online,Credit Card,1,3913.98,0.15,3913.98,3326.88,0,882.96,2024,3,March,Monday,3913.98,3326.883
2024-03-18,ORD013498,CUST04463,P010,Coffee Maker,Home,Ahmedabad,Online,Debit Card,2,5114.02,0.2,10228.04,8182.43,0,1418.94,2024,3,March,Monday,10228.04,8182.432000000001
2024-03-18,ORD015882,CUST00612,P015,Dining Table,Furniture,Kolkata,Store,Credit Card,1,22812.56,0.1,22812.56,20531.3,1,-1026.56,2024,3,March,Monday,22812.56,20531.304
2024-03-18,ORD039038,CUST00880,P011,Mixer Grinder,Home,Surat,Store,Credit Card,1,4640.53,0.1,4640.53,4176.48,0,762.74,2024,3,March,Monday,4640.53,4176.477
2024-03-18,ORD045214,CUST04914,P002,Smartphone,Electronics,Chennai,Online,Cash,1,27206.67,0.0,27206.67,27206.67,0,2761.45,2024,3,March,Monday,27206.67,27206.67
2024-03-19,ORD047453,CUST02994,P003,Headphones,Electronics,Pune,Online,Credit Card,1,4674.38,0.0,4674.38,4674.38,0,1107.18,2024,3,March,Tuesday,4674.38,4674.38
2024-03-19,ORD035750,CUST01962,P010,Coffee Maker,Home,Hyderabad,Store,Debit Card,1,5097.48,0.2,5097.48,4077.98,0,705.98,2024,3,March,Tuesday,5097.48,4077.984
2024-03-19,ORD003859,CUST02576,P017,Jeans,Fashion,Delhi,Online,Debit Card,1,2721.29,0.15,2721.29,2313.1,1,-115.66,2024,3,March,Tuesday,2721.29,2313.0965
2024-03-19,ORD015621,CUST04054,P020,Microwave,Home,Pune,Online,Debit Card,3,10629.02,0.05,31887.06,30292.71,0,5143.62,2024,3,March,Tuesday,31887.06,30292.707
2024-03-19,ORD017740,CUST03653,P011,Mixer Grinder,Home,Mumbai,Online,Cash,1,4537.21,0.0,4537.21,4537.21,0,451.13,2024,3,March,Tuesday,4537.21,4537.21
2024-03-19,ORD038021,CUST03945,P008,Running Shoes,Fashion,Pune,Online,Net Banking,5,3888.53,0.05,19442.65,18470.52,0,1838.75,2024,3,March,Tuesday,19442.65,18470.5175
2024-03-19,ORD043633,CUST04372,P010,Coffee Maker,Home,Hyderabad,Online,Credit Card,1,5436.96,0.1,5436.96,4893.26,0,412.93,2024,3,March,Tuesday,5436.96,4893.264
2024-03-19,ORD021017,CUST01752,P016,Sofa,Furniture,Hyderabad,Store,UPI,1,33564.98,0.0,33564.98,33564.98,0,2763.76,2024,3,March,Tuesday,33564.98,33564.98
2024-03-19,ORD025581,CUST02474,P012,Air Fryer,Home,Hyderabad,Store,UPI,2,7511.62,0.25,15023.24,11267.43,0,2486.57,2024,3,March,Tuesday,15023.24,11267.43
2024-03-19,ORD025184,CUST04838,P013,Monitor,Electronics,Delhi,Online,UPI,1,17076.11,0.05,17076.11,16222.3,0,3794.36,2024,3,March,Tuesday,17076.11,16222.3045
2024-03-19,ORD011182,CUST04961,P020,Microwave,Home,Delhi,Online,UPI,1,10642.91,0.0,10642.91,10642.91,0,2175.79,2024,3,March,Tuesday,10642.91,10642.91
2024-03-19,ORD006218,CUST04636,P009,T-Shirt,Fashion,Hyderabad,Online,Net Banking,1,1302.01,0.05,1302.01,1236.91,0,342.02,2024,3,March,Tuesday,1302.01,1236.9095
2024-03-19,ORD012799,CUST03426,P009,T-Shirt,Fashion,Delhi,Store,UPI,2,1209.93,0.15,2419.86,2056.88,0,212.78,2024,3,March,Tuesday,2419.86,2056.881
2024-03-19,ORD019537,CUST03671,P004,Smartwatch,Electronics,Delhi,Online,UPI,1,7262.91,0.05,7262.91,6899.76,0,1761.48,2024,3,March,Tuesday,7262.91,6899.764499999999
2024-03-19,ORD031532,CUST03796,P002,Smartphone,Electronics,Ahmedabad,Online,UPI,1,27502.66,0.15,27502.66,23377.26,0,5308.24,2024,3,March,Tuesday,27502.66,23377.261
2024-03-19,ORD016051,CUST02346,P001,Laptop,Electronics,Hyderabad,Store,Credit Card,1,67005.06,0.05,67005.06,63654.81,0,9716.02,2024,3,March,Tuesday,67005.06,63654.80699999999
2024-03-19,ORD014850,CUST03754,P007,Backpack,Accessories,Ahmedabad,Online,Net Banking,4,1992.05,0.1,7968.2,7171.38,0,1749.4,2024,3,March,Tuesday,7968.2,7171.38
2024-03-19,ORD000206,CUST01750,P020,Microwave,Home,Pune,Store,UPI,1,11559.04,0.15,11559.04,9825.18,0,764.16,2024,3,March,Tuesday,11559.04,9825.184000000001
2024-03-19,ORD037979,CUST02097,P004,Smartwatch,Electronics,Chennai,Store,UPI,1,6393.48,0.1,6393.48,5754.13,0,1135.84,2024,3,March,Tuesday,6393.48,5754.132
2024-03-19,ORD006522,CUST01244,P014,Keyboard,Electronics,Delhi,Online,UPI,1,2727.17,0.2,2727.17,2181.74,0,242.88,2024,3,March,Tuesday,2727.17,2181.7360000000003
2024-03-19,ORD008898,CUST02191,P013,Monitor,Electronics,Surat,Store,Credit Card,3,19489.05,0.15,58467.15,49697.08,0,9831.82,2024,3,March,Tuesday,58467.149999999994,49697.0775
2024-03-19,ORD044854,CUST02728,P010,Coffee Maker,Home,Delhi,Online,Cash,4,5887.2,0.05,23548.8,22371.36,0,3480.09,2024,3,March,Tuesday,23548.8,22371.359999999997
2024-03-19,ORD005648,CUST04846,P010,Coffee Maker,Home,Surat,Online,UPI,1,5090.53,0.1,5090.53,4581.48,0,803.6,2024,3,March,Tuesday,5090.53,4581.477
2024-03-19,ORD029000,CUST02711,P008,Running Shoes,Fashion,Jaipur,Store,Debit Card,1,4463.03,0.1,4463.03,4016.73,0,898.53,2024,3,March,Tuesday,4463.03,4016.727
2024-03-19,ORD047678,CUST04103,P006,Desk,Furniture,Surat,Store,UPI,1,11834.04,0.05,11834.04,11242.34,0,1226.9,2024,3,March,Tuesday,11834.04,11242.338
2024-03-19,ORD015724,CUST02293,P012,Air Fryer,Home,Bengaluru,Store,Credit Card,1,7503.26,0.0,7503.26,7503.26,0,1802.87,2024,3,March,Tuesday,7503.26,7503.26
2024-03-19,ORD047963,CUST00582,P019,Vacuum Cleaner,Home,Mumbai,Online,Credit Card,1,9425.13,0.15,9425.13,8011.36,0,1164.87,2024,3,March,Tuesday,9425.13,8011.360499999999
2024-03-19,ORD026902,CUST03890,P004,Smartwatch,Electronics,Kolkata,Store,Credit Card,1,7251.68,0.0,7251.68,7251.68,0,1004.42,2024,3,March,Tuesday,7251.68,7251.68
2024-03-19,ORD000654,CUST04040,P013,Monitor,Electronics,Mumbai,Online,Credit Card,1,18109.53,0.1,18109.53,16298.58,0,3094.08,2024,3,March,Tuesday,18109.53,16298.577
2024-03-19,ORD000486,CUST00155,P004,Smartwatch,Electronics,Delhi,Store,UPI,4,7136.4,0.15,28545.6,24263.76,0,1477.99,2024,3,March,Tuesday,28545.6,24263.76
2024-03-19,ORD002188,CUST03626,P013,Monitor,Electronics,Jaipur,Store,UPI,4,17091.53,0.1,68366.12,61529.51,0,6810.14,2024,3,March,Tuesday,68366.12,61529.507999999994
2024-03-19,ORD011547,CUST04511,P012,Air Fryer,Home,Mumbai,Online,Debit Card,3,6941.54,0.1,20824.62,18742.16,0,3722.88,2024,3,March,Tuesday,20824.62,18742.158
2024-03-19,ORD009843,CUST04506,P007,Backpack,Accessories,Jaipur,Store,Debit Card,1,2376.39,0.1,2376.39,2138.75,0,266.92,2024,3,March,Tuesday,2376.39,2138.7509999999997
2024-03-19,ORD022856,CUST02492,P002,Smartphone,Electronics,Delhi,Store,UPI,1,27351.99,0.15,27351.99,23249.19,0,4793.6,2024,3,March,Tuesday,27351.99,23249.1915
2024-03-19,ORD046048,CUST03178,P006,Desk,Furniture,Ahmedabad,Store,UPI,2,12608.52,0.1,25217.04,22695.34,0,2541.89,2024,3,March,Tuesday,25217.04,22695.336000000003
2024-03-19,ORD021427,CUST02470,P002,Smartphone,Electronics,Mumbai,Store,Credit Card,3,27661.44,0.15,82984.32,70536.67,0,15527.46,2024,3,March,Tuesday,82984.31999999999,70536.672
2024-03-19,ORD021463,CUST00296,P020,Microwave,Home,Chennai,Online,UPI,1,10467.52,0.05,10467.52,9944.14,0,2156.04,2024,3,March,Tuesday,10467.52,9944.144
2024-03-19,ORD043040,CUST04222,P005,Office Chair,Furniture,Mumbai,Online,Net Banking,1,9435.22,0.15,9435.22,8019.94,0,1599.08,2024,3,March,Tuesday,9435.22,8019.936999999999
2024-03-19,ORD016693,CUST02601,P014,Keyboard,Electronics,Mumbai,Online,UPI,1,2636.98,0.1,2636.98,2373.28,0,368.97,2024,3,March,Tuesday,2636.98,2373.282
2024-03-19,ORD026742,CUST02555,P002,Smartphone,Electronics,Hyderabad,Online,Cash,1,30475.33,0.05,30475.33,28951.56,0,2640.16,2024,3,March,Tuesday,30475.33,28951.5635
2024-03-19,ORD000634,CUST04681,P006,Desk,Furniture,Chennai,Online,UPI,1,10914.68,0.2,10914.68,8731.74,0,1994.73,2024,3,March,Tuesday,10914.68,8731.744
2024-03-19,ORD026666,CUST02287,P012,Air Fryer,Home,Ahmedabad,Store,UPI,2,7703.59,0.1,15407.18,13866.46,0,2398.09,2024,3,March,Tuesday,15407.18,13866.462000000001
2024-03-19,ORD038400,CUST02655,P015,Dining Table,Furniture,Delhi,Store,Debit Card,3,20419.08,0.0,61257.24,61257.24,0,15457.07,2024,3,March,Tuesday,61257.240000000005,61257.24
2024-03-19,ORD029979,CUST00217,P005,Office Chair,Furniture,Delhi,Online,UPI,3,9580.58,0.25,28741.74,21556.3,0,4118.69,2024,3,March,Tuesday,28741.739999999998,21556.305
2024-03-19,ORD011569,CUST03693,P007,Backpack,Accessories,Hyderabad,Online,Cash,1,2171.46,0.1,2171.46,1954.31,0,531.15,2024,3,March,Tuesday,2171.46,1954.314
2024-03-19,ORD008473,CUST00908,P020,Microwave,Home,Mumbai,Online,Net Banking,1,10993.13,0.0,10993.13,10993.13,0,2820.63,2024,3,March,Tuesday,10993.13,10993.13
2024-03-19,ORD012535,CUST00440,P020,Microwave,Home,Bengaluru,Online,Credit Card,1,11798.37,0.0,11798.37,11798.37,0,3219.69,2024,3,March,Tuesday,11798.37,11798.37
2024-03-19,ORD020380,CUST02932,P005,Office Chair,Furniture,Mumbai,Online,Credit Card,1,9041.75,0.1,9041.75,8137.58,0,995.6,2024,3,March,Tuesday,9041.75,8137.575
2024-03-19,ORD031647,CUST00745,P016,Sofa,Furniture,Ahmedabad,Online,UPI,1,34153.38,0.1,34153.38,30738.04,0,4446.29,2024,3,March,Tuesday,34153.38,30738.041999999998
2024-03-19,ORD011571,CUST00987,P010,Coffee Maker,Home,Surat,Online,Credit Card,1,5448.6,0.0,5448.6,5448.6,0,1489.53,2024,3,March,Tuesday,5448.6,5448.6
2024-03-19,ORD001071,CUST01299,P011,Mixer Grinder,Home,Hyderabad,Store,UPI,2,4854.53,0.05,9709.06,9223.61,0,918.44,2024,3,March,Tuesday,9709.06,9223.607
2024-03-19,ORD001788,CUST01059,P004,Smartwatch,Electronics,Ahmedabad,Online,UPI,2,6954.3,0.25,13908.6,10431.45,0,1449.14,2024,3,March,Tuesday,13908.6,10431.45
2024-03-19,ORD040156,CUST01861,P013,Monitor,Electronics,Ahmedabad,Store,Debit Card,4,18227.59,0.1,72910.36,65619.32,0,5952.71,2024,3,March,Tuesday,72910.36,65619.32400000001
2024-03-19,ORD033204,CUST02093,P014,Keyboard,Electronics,Ahmedabad,Online,Credit Card,2,2487.52,0.1,4975.04,4477.54,0,319.49,2024,3,March,Tuesday,4975.04,4477.536
2024-03-19,ORD030008,CUST01473,P009,T-Shirt,Fashion,Mumbai,Online,UPI,3,1319.42,0.05,3958.26,3760.35,1,-188.02,2024,3,March,Tuesday,3958.26,3760.347
2024-03-19,ORD026432,CUST01892,P011,Mixer Grinder,Home,Mumbai,Online,Cash,1,5125.61,0.25,5125.61,3844.21,1,-192.21,2024,3,March,Tuesday,5125.61,3844.2074999999995
2024-03-19,ORD003435,CUST03957,P009,T-Shirt,Fashion,Delhi,Store,Credit Card,2,1205.21,0.1,2410.42,2169.38,0,367.28,2024,3,March,Tuesday,2410.42,2169.378
2024-03-19,ORD006179,CUST00434,P009,T-Shirt,Fashion,Delhi,Online,Net Banking,3,1273.39,0.15,3820.17,3247.14,0,615.64,2024,3,March,Tuesday,3820.17,3247.1445
2024-03-19,ORD004089,CUST04842,P014,Keyboard,Electronics,Ahmedabad,Store,UPI,3,2640.88,0.2,7922.64,6338.11,1,-316.91,2024,3,March,Tuesday,7922.64,6338.112000000001
2024-03-19,ORD043243,CUST03176,P003,Headphones,Electronics,Pune,Online,Cash,1,4495.75,0.0,4495.75,4495.75,0,1184.61,2024,3,March,Tuesday,4495.75,4495.75
2024-03-19,ORD007449,CUST00609,P008,Running Shoes,Fashion,Mumbai,Online,Credit Card,1,3950.08,0.05,3950.08,3752.58,0,860.39,2024,3,March,Tuesday,3950.08,3752.5759999999996
2024-03-19,ORD003155,CUST01189,P008,Running Shoes,Fashion,Chennai,Online,UPI,1,4231.93,0.2,4231.93,3385.54,0,399.13,2024,3,March,Tuesday,4231.93,3385.5440000000003
2024-03-19,ORD002785,CUST02062,P001,Laptop,Electronics,Chennai,Online,Credit Card,1,66272.92,0.1,66272.92,59645.63,0,8811.14,2024,3,March,Tuesday,66272.92,59645.628
2024-03-19,ORD032947,CUST04042,P016,Sofa,Furniture,Pune,Store,UPI,2,37506.44,0.0,75012.88,75012.88,0,6504.71,2024,3,March,Tuesday,75012.88,75012.88
2024-03-19,ORD042670,CUST01350,P012,Air Fryer,Home,Kolkata,Online,Debit Card,1,6505.8,0.1,6505.8,5855.22,0,1470.39,2024,3,March,Tuesday,6505.8,5855.22
2024-03-19,ORD017004,CUST04978,P018,Jacket,Fashion,Pune,Online,Credit Card,1,5656.08,0.05,5656.08,5373.28,0,690.33,2024,3,March,Tuesday,5656.08,5373.276
2024-03-20,ORD036528,CUST04604,P011,Mixer Grinder,Home,Kolkata,Store,UPI,1,4642.51,0.1,4642.51,4178.26,0,976.12,2024,3,March,Wednesday,4642.51,4178.259
2024-03-20,ORD033880,CUST04473,P015,Dining Table,Furniture,Delhi,Store,UPI,5,22208.92,0.0,111044.6,111044.6,1,-5552.23,2024,3,March,Wednesday,111044.59999999999,111044.6
2024-03-20,ORD023338,CUST03273,P011,Mixer Grinder,Home,Delhi,Store,UPI,1,4518.76,0.1,4518.76,4066.88,0,428.15,2024,3,March,Wednesday,4518.76,4066.8840000000005
2024-03-20,ORD010500,CUST03722,P019,Vacuum Cleaner,Home,Bengaluru,Online,UPI,1,8784.68,0.05,8784.68,8345.45,0,1195.89,2024,3,March,Wednesday,8784.68,8345.446
2024-03-20,ORD027791,CUST01382,P004,Smartwatch,Electronics,Delhi,Online,Credit Card,4,7619.53,0.0,30478.12,30478.12,0,6873.32,2024,3,March,Wednesday,30478.12,30478.12
2024-03-20,ORD008240,CUST03401,P013,Monitor,Electronics,Surat,Online,Debit Card,1,17787.42,0.1,17787.42,16008.68,0,1869.4,2024,3,March,Wednesday,17787.42,16008.677999999998
2024-03-20,ORD023242,CUST03987,P013,Monitor,Electronics,Bengaluru,Store,Debit Card,1,18604.37,0.05,18604.37,17674.15,1,-883.71,2024,3,March,Wednesday,18604.37,17674.1515
2024-03-20,ORD042700,CUST00052,P010,Coffee Maker,Home,Mumbai,Store,Debit Card,1,5588.65,0.15,5588.65,4750.35,0,328.25,2024,3,March,Wednesday,5588.65,4750.3525
2024-03-20,ORD007886,CUST02509,P006,Desk,Furniture,Chennai,Online,Credit Card,2,11130.63,0.25,22261.26,16695.94,0,1304.47,2024,3,March,Wednesday,22261.26,16695.945
2024-03-20,ORD009428,CUST02823,P015,Dining Table,Furniture,Chennai,Store,Debit Card,2,19905.4,0.0,39810.8,39810.8,1,-1990.54,2024,3,March,Wednesday,39810.8,39810.8
2024-03-20,ORD025083,CUST03573,P004,Smartwatch,Electronics,Delhi,Store,UPI,1,7203.3,0.1,7203.3,6482.97,0,1250.94,2024,3,March,Wednesday,7203.3,6482.97
2024-03-20,ORD007911,CUST02157,P010,Coffee Maker,Home,Pune,Online,UPI,1,4999.27,0.0,4999.27,4999.27,0,1307.75,2024,3,March,Wednesday,4999.27,4999.27
2024-03-20,ORD040993,CUST01963,P006,Desk,Furniture,Hyderabad,Store,Debit Card,2,10846.52,0.0,21693.04,21693.04,0,3785.39,2024,3,March,Wednesday,21693.04,21693.04
2024-03-20,ORD027699,CUST00507,P019,Vacuum Cleaner,Home,Surat,Online,UPI,1,8621.45,0.1,8621.45,7759.31,0,810.99,2024,3,March,Wednesday,8621.45,7759.305000000001
2024-03-20,ORD042471,CUST03559,P010,Coffee Maker,Home,Mumbai,Store,UPI,2,5937.03,0.1,11874.06,10686.65,1,-534.33,2024,3,March,Wednesday,11874.06,10686.654
2024-03-20,ORD005767,CUST00119,P002,Smartphone,Electronics,Hyderabad,Store,UPI,2,25924.82,0.25,51849.64,38887.23,0,5597.19,2024,3,March,Wednesday,51849.64,38887.229999999996
2024-03-20,ORD028551,CUST04319,P002,Smartphone,Electronics,Ahmedabad,Online,Credit Card,1,26211.48,0.05,26211.48,24900.91,0,3693.71,2024,3,March,Wednesday,26211.48,24900.906
2024-03-20,ORD024849,CUST03017,P006,Desk,Furniture,Kolkata,Online,Credit Card,1,12575.61,0.05,12575.61,11946.83,0,981.93,2024,3,March,Wednesday,12575.61,11946.8295
2024-03-20,ORD004148,CUST02123,P020,Microwave,Home,Chennai,Online,UPI,4,10809.36,0.05,43237.44,41075.57,0,9247.95,2024,3,March,Wednesday,43237.44,41075.568
2024-03-20,ORD015280,CUST02747,P012,Air Fryer,Home,Ahmedabad,Store,Debit Card,1,7611.15,0.05,7611.15,7230.59,0,1421.35,2024,3,March,Wednesday,7611.15,7230.5925
2024-03-20,ORD010869,CUST00245,P014,Keyboard,Electronics,Ahmedabad,Online,Cash,2,2370.06,0.15,4740.12,4029.1,0,350.65,2024,3,March,Wednesday,4740.12,4029.102
2024-03-20,ORD009282,CUST00222,P007,Backpack,Accessories,Jaipur,Online,Cash,2,2248.28,0.25,4496.56,3372.42,0,289.32,2024,3,March,Wednesday,4496.56,3372.42
2024-03-20,ORD018619,CUST04635,P001,Laptop,Electronics,Mumbai,Online,Credit Card,1,67819.86,0.1,67819.86,61037.87,0,12218.42,2024,3,March,Wednesday,67819.86,61037.874
2024-03-20,ORD013992,CUST00270,P011,Mixer Grinder,Home,Delhi,Online,Credit Card,1,4525.84,0.1,4525.84,4073.26,0,289.04,2024,3,March,Wednesday,4525.84,4073.2560000000003
2024-03-20,ORD001727,CUST03288,P014,Keyboard,Electronics,Kolkata,Store,UPI,1,2541.08,0.1,2541.08,2286.97,0,379.13,2024,3,March,Wednesday,2541.08,2286.972
2024-03-20,ORD016798,CUST03659,P004,Smartwatch,Electronics,Ahmedabad,Online,UPI,1,6469.9,0.2,6469.9,5175.92,0,630.25,2024,3,March,Wednesday,6469.9,5175.92
2024-03-20,ORD029994,CUST00533,P015,Dining Table,Furniture,Ahmedabad,Online,UPI,1,21636.29,0.15,21636.29,18390.85,0,3873.18,2024,3,March,Wednesday,21636.29,18390.8465
2024-03-20,ORD022358,CUST00734,P010,Coffee Maker,Home,Ahmedabad,Online,Credit Card,1,5219.53,0.2,5219.53,4175.62,0,285.69,2024,3,March,Wednesday,5219.53,4175.624
2024-03-20,ORD023893,CUST03822,P012,Air Fryer,Home,Surat,Online,Net Banking,3,7604.93,0.1,22814.79,20533.31,0,2414.61,2024,3,March,Wednesday,22814.79,20533.311
2024-03-20,ORD048765,CUST04020,P002,Smartphone,Electronics,Surat,Online,Cash,2,29405.13,0.15,58810.26,49988.72,0,5930.89,2024,3,March,Wednesday,58810.26,49988.721
2024-03-20,ORD020745,CUST02227,P019,Vacuum Cleaner,Home,Delhi,Store,Debit Card,1,9639.19,0.1,9639.19,8675.27,0,830.43,2024,3,March,Wednesday,9639.19,8675.271
2024-03-20,ORD039400,CUST03886,P009,T-Shirt,Fashion,Hyderabad,Online,UPI,2,1301.11,0.05,2602.22,2472.11,1,-123.61,2024,3,March,Wednesday,2602.22,2472.1089999999995
2024-03-20,ORD045579,CUST01610,P012,Air Fryer,Home,Hyderabad,Store,UPI,1,6872.58,0.0,6872.58,6872.58,0,781.21,2024,3,March,Wednesday,6872.58,6872.58
2024-03-20,ORD034709,CUST04985,P018,Jacket,Fashion,Jaipur,Online,UPI,3,5509.45,0.0,16528.35,16528.35,0,4586.14,2024,3,March,Wednesday,16528.35,16528.35
2024-03-20,ORD036390,CUST02448,P003,Headphones,Electronics,Bengaluru,Online,UPI,1,4474.46,0.15,4474.46,3803.29,1,-190.16,2024,3,March,Wednesday,4474.46,3803.2909999999997
2024-03-20,ORD029412,CUST03934,P004,Smartwatch,Electronics,Chennai,Online,UPI,2,7391.05,0.05,14782.1,14043.0,0,3569.26,2024,3,March,Wednesday,14782.1,14042.994999999999
2024-03-20,ORD004443,CUST02684,P001,Laptop,Electronics,Ahmedabad,Online,Credit Card,1,70196.43,0.2,70196.43,56157.14,0,3276.49,2024,3,March,Wednesday,70196.43,56157.144
2024-03-20,ORD001880,CUST00066,P004,Smartwatch,Electronics,Kolkata,Online,Credit Card,2,6681.81,0.1,13363.62,12027.26,0,1685.22,2024,3,March,Wednesday,13363.62,12027.258000000002
2024-03-20,ORD002318,CUST04282,P015,Dining Table,Furniture,Delhi,Store,Credit Card,4,23214.81,0.15,92859.24,78930.35,0,7505.54,2024,3,March,Wednesday,92859.24,78930.354
2024-03-20,ORD004804,CUST03111,P011,Mixer Grinder,Home,Bengaluru,Store,UPI,2,4507.54,0.1,9015.08,8113.57,1,-405.68,2024,3,March,Wednesday,9015.08,8113.572
2024-03-20,ORD014548,CUST00703,P013,Monitor,Electronics,Jaipur,Store,Debit Card,1,17222.78,0.0,17222.78,17222.78,0,2225.28,2024,3,March,Wednesday,17222.78,17222.78
2024-03-20,ORD033678,CUST00879,P011,Mixer Grinder,Home,Surat,Online,Net Banking,1,4683.71,0.15,4683.71,3981.15,0,332.58,2024,3,March,Wednesday,4683.71,3981.1535
2024-03-20,ORD045998,CUST01344,P007,Backpack,Accessories,Delhi,Store,Cash,5,2164.68,0.15,10823.4,9199.89,0,1647.16,2024,3,March,Wednesday,10823.4,9199.89
2024-03-20,ORD044901,CUST03644,P013,Monitor,Electronics,Kolkata,Online,UPI,5,19381.96,0.15,96909.8,82373.33,0,5727.93,2024,3,March,Wednesday,96909.79999999999,82373.33
2024-03-20,ORD040255,CUST02972,P016,Sofa,Furniture,Jaipur,Store,UPI,1,36341.7,0.05,36341.7,34524.62,0,6561.19,2024,3,March,Wednesday,36341.7,34524.615
2024-03-20,ORD017311,CUST03892,P017,Jeans,Fashion,Mumbai,Store,Net Banking,4,3079.39,0.1,12317.56,11085.8,0,1237.56,2024,3,March,Wednesday,12317.56,11085.804
2024-03-20,ORD022808,CUST01812,P015,Dining Table,Furniture,Delhi,Online,Net Banking,2,21636.56,0.2,43273.12,34618.5,0,1805.83,2024,3,March,Wednesday,43273.12,34618.49600000001
2024-03-20,ORD030369,CUST02042,P006,Desk,Furniture,Delhi,Online,Debit Card,1,12428.01,0.0,12428.01,12428.01,0,2603.0,2024,3,March,Wednesday,12428.01,12428.01
2024-03-20,ORD038035,CUST03213,P006,Desk,Furniture,Bengaluru,Online,Debit Card,1,11570.36,0.0,11570.36,11570.36,0,3213.11,2024,3,March,Wednesday,11570.36,11570.36
2024-03-20,ORD040613,CUST04446,P001,Laptop,Electronics,Pune,Online,UPI,1,61859.65,0.2,61859.65,49487.72,0,5087.6,2024,3,March,Wednesday,61859.65,49487.72
2024-03-20,ORD038948,CUST01966,P003,Headphones,Electronics,Delhi,Store,Debit Card,2,4419.5,0.05,8839.0,8397.05,0,818.54,2024,3,March,Wednesday,8839.0,8397.05
2024-03-20,ORD031875,CUST03034,P008,Running Shoes,Fashion,Surat,Online,UPI,3,3919.76,0.0,11759.28,11759.28,0,2086.69,2024,3,March,Wednesday,11759.28,11759.28
2024-03-20,ORD021676,CUST02436,P013,Monitor,Electronics,Delhi,Online,UPI,1,18517.56,0.15,18517.56,15739.93,1,-787.0,2024,3,March,Wednesday,18517.56,15739.926000000001
2024-03-20,ORD033217,CUST03398,P010,Coffee Maker,Home,Pune,Online,Credit Card,1,5030.11,0.1,5030.11,4527.1,0,457.31,2024,3,March,Wednesday,5030.11,4527.099
2024-03-20,ORD005125,CUST04140,P015,Dining Table,Furniture,Pune,Online,Debit Card,1,23758.72,0.1,23758.72,21382.85,1,-1069.14,2024,3,March,Wednesday,23758.72,21382.848
2024-03-20,ORD022398,CUST01966,P002,Smartphone,Electronics,Jaipur,Store,UPI,1,25270.6,0.1,25270.6,22743.54,0,3417.71,2024,3,March,Wednesday,25270.6,22743.54
2024-03-20,ORD034403,CUST00069,P002,Smartphone,Electronics,Surat,Online,UPI,1,29390.39,0.1,29390.39,26451.35,0,6101.55,2024,3,March,Wednesday,29390.39,26451.351
2024-03-20,ORD026193,CUST01726,P005,Office Chair,Furniture,Pune,Online,UPI,3,10345.0,0.25,31035.0,23276.25,0,952.33,2024,3,March,Wednesday,31035.0,23276.25
2024-03-20,ORD007175,CUST01985,P007,Backpack,Accessories,Surat,Store,UPI,1,1984.97,0.0,1984.97,1984.97,0,557.5,2024,3,March,Wednesday,1984.97,1984.97
2024-03-20,ORD022165,CUST02897,P015,Dining Table,Furniture,Surat,Store,Cash,1,21740.74,0.05,21740.74,20653.7,0,1950.35,2024,3,March,Wednesday,21740.74,20653.703
2024-03-20,ORD008935,CUST03793,P008,Running Shoes,Fashion,Bengaluru,Online,Net Banking,1,3926.82,0.1,3926.82,3534.14,0,785.24,2024,3,March,Wednesday,3926.82,3534.1380000000004
2024-03-20,ORD036358,CUST00583,P013,Monitor,Electronics,Ahmedabad,Online,Cash,1,18904.71,0.2,18904.71,15123.77,0,1122.71,2024,3,March,Wednesday,18904.71,15123.768
2024-03-20,ORD038869,CUST03211,P009,T-Shirt,Fashion,Mumbai,Online,Credit Card,2,1232.59,0.15,2465.18,2095.4,1,-104.77,2024,3,March,Wednesday,2465.18,2095.403
2024-03-20,ORD000977,CUST03764,P016,Sofa,Furniture,Surat,Online,UPI,1,32089.89,0.15,32089.89,27276.41,0,5677.84,2024,3,March,Wednesday,32089.89,27276.406499999997
2024-03-20,ORD015061,CUST01243,P008,Running Shoes,Fashion,Chennai,Online,UPI,2,4576.39,0.05,9152.78,8695.14,0,1285.94,2024,3,March,Wednesday,9152.78,8695.141
2024-03-20,ORD011933,CUST00331,P006,Desk,Furniture,Kolkata,Store,Debit Card,1,11055.38,0.0,11055.38,11055.38,0,3244.82,2024,3,March,Wednesday,11055.38,11055.38
2024-03-20,ORD039624,CUST02415,P019,Vacuum Cleaner,Home,Chennai,Store,UPI,2,8323.68,0.05,16647.36,15814.99,0,3779.7,2024,3,March,Wednesday,16647.36,15814.992
2024-03-21,ORD029561,CUST02412,P013,Monitor,Electronics,Surat,Online,Credit Card,2,19522.75,0.05,39045.5,37093.22,0,4581.11,2024,3,March,Thursday,39045.5,37093.225
2024-03-21,ORD004666,CUST04966,P019,Vacuum Cleaner,Home,Ahmedabad,Online,Credit Card,3,9863.66,0.1,29590.98,26631.88,0,2328.22,2024,3,March,Thursday,29590.98,26631.882
2024-03-21,ORD019087,CUST02189,P001,Laptop,Electronics,Jaipur,Store,Net Banking,4,68352.99,0.1,273411.96,246070.76,0,31894.12,2024,3,March,Thursday,273411.96,246070.76400000002
2024-03-21,ORD043381,CUST01371,P017,Jeans,Fashion,Chennai,Store,Debit Card,1,2874.19,0.05,2874.19,2730.48,0,230.8,2024,3,March,Thursday,2874.19,2730.4805
2024-03-21,ORD010058,CUST03701,P002,Smartphone,Electronics,Delhi,Store,Credit Card,1,27096.12,0.0,27096.12,27096.12,0,4131.74,2024,3,March,Thursday,27096.12,27096.12
2024-03-21,ORD013534,CUST04301,P013,Monitor,Electronics,Hyderabad,Online,Debit Card,1,17823.15,0.15,17823.15,15149.68,0,2851.48,2024,3,March,Thursday,17823.15,15149.677500000002
2024-03-21,ORD035866,CUST00217,P011,Mixer Grinder,Home,Chennai,Store,UPI,2,4706.96,0.2,9413.92,7531.14,0,826.61,2024,3,March,Thursday,9413.92,7531.136
2024-03-21,ORD001836,CUST01385,P015,Dining Table,Furniture,Kolkata,Online,UPI,2,21931.35,0.0,43862.7,43862.7,0,5072.04,2024,3,March,Thursday,43862.7,43862.7
2024-03-21,ORD001332,CUST04498,P013,Monitor,Electronics,Delhi,Store,UPI,1,19689.46,0.0,19689.46,19689.46,1,-984.47,2024,3,March,Thursday,19689.46,19689.46
2024-03-21,ORD047402,CUST01852,P019,Vacuum Cleaner,Home,Delhi,Store,Debit Card,1,9459.28,0.15,9459.28,8040.39,0,1997.1,2024,3,March,Thursday,9459.28,8040.388
2024-03-21,ORD018189,CUST00534,P007,Backpack,Accessories,Hyderabad,Store,Net Banking,1,2372.96,0.2,2372.96,1898.37,0,454.12,2024,3,March,Thursday,2372.96,1898.3680000000002
2024-03-21,ORD000005,CUST01956,P020,Microwave,Home,Bengaluru,Store,UPI,1,11241.99,0.1,11241.99,10117.79,0,992.96,2024,3,March,Thursday,11241.99,10117.791
2024-03-21,ORD046888,CUST03178,P016,Sofa,Furniture,Pune,Online,UPI,1,31903.87,0.1,31903.87,28713.48,0,6712.28,2024,3,March,Thursday,31903.87,28713.483
2024-03-21,ORD005032,CUST04974,P014,Keyboard,Electronics,Chennai,Store,Credit Card,1,2618.56,0.2,2618.56,2094.85,0,482.49,2024,3,March,Thursday,2618.56,2094.848
2024-03-21,ORD028868,CUST03403,P009,T-Shirt,Fashion,Mumbai,Store,UPI,1,1158.03,0.15,1158.03,984.33,0,69.32,2024,3,March,Thursday,1158.03,984.3254999999999
2024-03-21,ORD038319,CUST04958,P003,Headphones,Electronics,Jaipur,Online,Cash,2,4323.73,0.05,8647.46,8215.09,0,1695.43,2024,3,March,Thursday,8647.46,8215.087
2024-03-21,ORD008967,CUST02493,P003,Headphones,Electronics,Surat,Online,Credit Card,1,4434.8,0.0,4434.8,4434.8,0,837.87,2024,3,March,Thursday,4434.8,4434.8
2024-03-21,ORD048530,CUST00330,P011,Mixer Grinder,Home,Chennai,Store,Net Banking,2,4889.67,0.15,9779.34,8312.44,0,961.62,2024,3,March,Thursday,9779.34,8312.439
2024-03-21,ORD003603,CUST04630,P001,Laptop,Electronics,Kolkata,Online,Debit Card,1,69622.32,0.0,69622.32,69622.32,0,20341.33,2024,3,March,Thursday,69622.32,69622.32
2024-03-21,ORD036506,CUST01725,P019,Vacuum Cleaner,Home,Jaipur,Store,UPI,2,9140.65,0.0,18281.3,18281.3,0,4108.21,2024,3,March,Thursday,18281.3,18281.3
2024-03-21,ORD012026,CUST01863,P011,Mixer Grinder,Home,Mumbai,Store,Credit Card,2,4495.17,0.0,8990.34,8990.34,0,2407.78,2024,3,March,Thursday,8990.34,8990.34
2024-03-21,ORD025202,CUST00744,P018,Jacket,Fashion,Surat,Online,UPI,1,5238.45,0.15,5238.45,4452.68,0,1050.64,2024,3,March,Thursday,5238.45,4452.6825
2024-03-21,ORD018911,CUST01080,P005,Office Chair,Furniture,Kolkata,Online,Cash,1,9198.97,0.2,9198.97,7359.18,0,1296.44,2024,3,March,Thursday,9198.97,7359.1759999999995
2024-03-21,ORD045819,CUST03297,P013,Monitor,Electronics,Surat,Online,UPI,1,16314.83,0.05,16314.83,15499.09,1,-774.95,2024,3,March,Thursday,16314.83,15499.0885
2024-03-21,ORD023239,CUST02472,P002,Smartphone,Electronics,Pune,Online,Net Banking,1,30650.93,0.2,30650.93,24520.74,0,3364.28,2024,3,March,Thursday,30650.93,24520.744000000002
2024-03-21,ORD025099,CUST04895,P017,Jeans,Fashion,Bengaluru,Online,UPI,1,2584.77,0.1,2584.77,2326.29,0,645.7,2024,3,March,Thursday,2584.77,2326.293
2024-03-21,ORD001772,CUST02663,P009,T-Shirt,Fashion,Mumbai,Online,UPI,1,1115.56,0.1,1115.56,1004.0,0,201.87,2024,3,March,Thursday,1115.56,1004.004
2024-03-21,ORD009002,CUST00644,P008,Running Shoes,Fashion,Ahmedabad,Online,UPI,2,3880.38,0.25,7760.76,5820.57,0,814.24,2024,3,March,Thursday,7760.76,5820.57
2024-03-21,ORD046531,CUST00415,P002,Smartphone,Electronics,Ahmedabad,Online,Credit Card,1,27645.14,0.1,27645.14,24880.63,0,5851.03,2024,3,March,Thursday,27645.14,24880.626
2024-03-21,ORD009635,CUST00330,P002,Smartphone,Electronics,Kolkata,Online,Credit Card,4,27025.96,0.05,108103.84,102698.65,0,24888.54,2024,3,March,Thursday,108103.84,102698.64799999999
2024-03-21,ORD038406,CUST00763,P020,Microwave,Home,Kolkata,Online,UPI,1,10819.96,0.2,10819.96,8655.97,0,1410.88,2024,3,March,Thursday,10819.96,8655.967999999999
2024-03-21,ORD046506,CUST02679,P018,Jacket,Fashion,Surat,Online,Cash,1,5352.2,0.25,5352.2,4014.15,0,985.36,2024,3,March,Thursday,5352.2,4014.1499999999996
2024-03-21,ORD031108,CUST04880,P010,Coffee Maker,Home,Ahmedabad,Store,Cash,1,5060.72,0.1,5060.72,4554.65,0,945.53,2024,3,March,Thursday,5060.72,4554.648
2024-03-21,ORD041841,CUST03737,P011,Mixer Grinder,Home,Hyderabad,Store,UPI,1,4500.83,0.05,4500.83,4275.79,0,1175.7,2024,3,March,Thursday,4500.83,4275.7885
2024-03-21,ORD005913,CUST03675,P015,Dining Table,Furniture,Surat,Store,UPI,2,21960.63,0.05,43921.26,41725.2,0,5911.47,2024,3,March,Thursday,43921.26,41725.197
2024-03-21,ORD044761,CUST02837,P005,Office Chair,Furniture,Ahmedabad,Store,Credit Card,2,9086.38,0.15,18172.76,15446.85,1,-772.34,2024,3,March,Thursday,18172.76,15446.845999999998
2024-03-21,ORD031980,CUST02966,P005,Office Chair,Furniture,Chennai,Store,Net Banking,2,9888.73,0.05,19777.46,18788.59,0,2246.4,2024,3,March,Thursday,19777.46,18788.587
2024-03-21,ORD033790,CUST02443,P008,Running Shoes,Fashion,Bengaluru,Store,Net Banking,1,3884.33,0.1,3884.33,3495.9,0,737.02,2024,3,March,Thursday,3884.33,3495.897
2024-03-21,ORD029880,CUST04926,P015,Dining Table,Furniture,Kolkata,Online,UPI,1,20008.09,0.0,20008.09,20008.09,0,3598.24,2024,3,March,Thursday,20008.09,20008.09
2024-03-21,ORD016592,CUST03295,P020,Microwave,Home,Hyderabad,Store,Credit Card,1,10992.43,0.1,10992.43,9893.19,0,1500.8,2024,3,March,Thursday,10992.43,9893.187
2024-03-21,ORD047135,CUST03234,P005,Office Chair,Furniture,Surat,Store,UPI,4,10217.06,0.0,40868.24,40868.24,0,10795.74,2024,3,March,Thursday,40868.24,40868.24
2024-03-21,ORD013398,CUST03479,P007,Backpack,Accessories,Bengaluru,Store,Net Banking,3,2082.12,0.1,6246.36,5621.72,0,1009.24,2024,3,March,Thursday,6246.36,5621.724
2024-03-21,ORD024850,CUST03984,P011,Mixer Grinder,Home,Delhi,Online,UPI,1,4750.25,0.2,4750.25,3800.2,0,607.78,2024,3,March,Thursday,4750.25,3800.2000000000003
2024-03-21,ORD004316,CUST03257,P015,Dining Table,Furniture,Jaipur,Online,Credit Card,2,24109.54,0.15,48219.08,40986.22,0,3455.48,2024,3,March,Thursday,48219.08,40986.218
2024-03-21,ORD007601,CUST02648,P002,Smartphone,Electronics,Hyderabad,Online,UPI,1,28980.15,0.0,28980.15,28980.15,0,8178.52,2024,3,March,Thursday,28980.15,28980.15
2024-03-21,ORD004107,CUST02237,P004,Smartwatch,Electronics,Chennai,Online,UPI,4,7530.54,0.1,30122.16,27109.94,1,-1355.5,2024,3,March,Thursday,30122.16,27109.944
2024-03-21,ORD030179,CUST03152,P011,Mixer Grinder,Home,Delhi,Store,UPI,1,5143.34,0.1,5143.34,4629.01,0,1271.35,2024,3,March,Thursday,5143.34,4629.006
2024-03-21,ORD041075,CUST02358,P012,Air Fryer,Home,Chennai,Store,Debit Card,4,6912.42,0.05,27649.68,26267.2,0,7399.85,2024,3,March,Thursday,27649.68,26267.196
2024-03-21,ORD028541,CUST03258,P017,Jeans,Fashion,Mumbai,Online,UPI,3,3070.52,0.2,9211.56,7369.25,0,415.54,2024,3,March,Thursday,9211.56,7369.248
2024-03-21,ORD035936,CUST01103,P013,Monitor,Electronics,Pune,Online,UPI,3,16867.14,0.1,50601.42,45541.28,1,-2277.06,2024,3,March,Thursday,50601.42,45541.278
2024-03-21,ORD012618,CUST04052,P015,Dining Table,Furniture,Hyderabad,Online,UPI,2,20225.09,0.15,40450.18,34382.65,0,2242.63,2024,3,March,Thursday,40450.18,34382.653
2024-03-21,ORD036806,CUST01350,P017,Jeans,Fashion,Jaipur,Online,UPI,2,2719.61,0.2,5439.22,4351.38,0,825.53,2024,3,March,Thursday,5439.22,4351.376
2024-03-21,ORD001252,CUST04859,P014,Keyboard,Electronics,Mumbai,Online,Credit Card,1,2570.21,0.05,2570.21,2441.7,0,220.57,2024,3,March,Thursday,2570.21,2441.6994999999997
2024-03-21,ORD043653,CUST01883,P017,Jeans,Fashion,Hyderabad,Online,UPI,1,3007.43,0.1,3007.43,2706.69,0,495.96,2024,3,March,Thursday,3007.43,2706.687
2024-03-21,ORD020735,CUST00608,P006,Desk,Furniture,Bengaluru,Online,Debit Card,2,11765.84,0.1,23531.68,21178.51,0,3035.45,2024,3,March,Thursday,23531.68,21178.512000000002
2024-03-21,ORD047985,CUST00049,P012,Air Fryer,Home,Ahmedabad,Store,UPI,2,6996.09,0.1,13992.18,12592.96,0,2016.27,2024,3,March,Thursday,13992.18,12592.962000000001
2024-03-21,ORD036896,CUST03478,P017,Jeans,Fashion,Hyderabad,Store,UPI,1,2545.07,0.2,2545.07,2036.06,0,400.72,2024,3,March,Thursday,2545.07,2036.0560000000003
2024-03-21,ORD045167,CUST04581,P018,Jacket,Fashion,Bengaluru,Store,Debit Card,2,5444.65,0.25,10889.3,8166.98,0,808.61,2024,3,March,Thursday,10889.3,8166.974999999999
2024-03-21,ORD007651,CUST03088,P013,Monitor,Electronics,Kolkata,Store,UPI,1,18280.22,0.05,18280.22,17366.21,0,2536.08,2024,3,March,Thursday,18280.22,17366.209
2024-03-21,ORD005560,CUST00697,P012,Air Fryer,Home,Hyderabad,Store,UPI,1,7857.48,0.0,7857.48,7857.48,0,1152.94,2024,3,March,Thursday,7857.48,7857.48
2024-03-21,ORD014332,CUST03555,P012,Air Fryer,Home,Bengaluru,Online,UPI,1,6751.27,0.1,6751.27,6076.14,0,823.15,2024,3,March,Thursday,6751.27,6076.143000000001
2024-03-21,ORD010028,CUST02980,P002,Smartphone,Electronics,Chennai,Store,UPI,2,26542.85,0.05,53085.7,50431.41,0,4770.94,2024,3,March,Thursday,53085.7,50431.41499999999
2024-03-21,ORD043459,CUST00702,P006,Desk,Furniture,Delhi,Store,Debit Card,1,12083.11,0.2,12083.11,9666.49,1,-483.32,2024,3,March,Thursday,12083.11,9666.488000000001
2024-03-21,ORD019814,CUST01495,P007,Backpack,Accessories,Hyderabad,Online,Cash,1,2024.64,0.1,2024.64,1822.18,0,476.33,2024,3,March,Thursday,2024.64,1822.1760000000002
2024-03-22,ORD035798,CUST04042,P020,Microwave,Home,Hyderabad,Online,Cash,1,10170.65,0.15,10170.65,8645.05,0,1904.49,2024,3,March,Friday,10170.65,8645.0525
2024-03-22,ORD042375,CUST04218,P014,Keyboard,Electronics,Jaipur,Store,UPI,4,2299.22,0.05,9196.88,8737.04,0,1191.94,2024,3,March,Friday,9196.88,8737.035999999998
2024-03-22,ORD000571,CUST04850,P018,Jacket,Fashion,Jaipur,Online,Cash,2,5428.16,0.05,10856.32,10313.5,0,1573.54,2024,3,March,Friday,10856.32,10313.503999999999
2024-03-22,ORD034823,CUST02016,P011,Mixer Grinder,Home,Chennai,Store,Cash,1,4530.22,0.15,4530.22,3850.69,0,874.27,2024,3,March,Friday,4530.22,3850.687
2024-03-22,ORD029080,CUST04572,P020,Microwave,Home,Hyderabad,Online,Credit Card,1,11939.3,0.25,11939.3,8954.47,0,1856.77,2024,3,March,Friday,11939.3,8954.474999999999
2024-03-22,ORD046291,CUST02066,P007,Backpack,Accessories,Jaipur,Online,Debit Card,1,2380.95,0.2,2380.95,1904.76,0,302.17,2024,3,March,Friday,2380.95,1904.76
2024-03-22,ORD015199,CUST00337,P010,Coffee Maker,Home,Pune,Online,UPI,2,5582.12,0.2,11164.24,8931.39,0,1725.68,2024,3,March,Friday,11164.24,8931.392
2024-03-22,ORD027373,CUST04319,P003,Headphones,Electronics,Hyderabad,Online,UPI,3,4391.72,0.0,13175.16,13175.16,0,1553.0,2024,3,March,Friday,13175.16,13175.16
2024-03-22,ORD033241,CUST04375,P002,Smartphone,Electronics,Jaipur,Online,UPI,1,29503.24,0.05,29503.24,28028.08,0,2456.41,2024,3,March,Friday,29503.24,28028.078
2024-03-22,ORD007902,CUST03658,P005,Office Chair,Furniture,Surat,Online,Credit Card,1,10314.77,0.1,10314.77,9283.29,0,2142.1,2024,3,March,Friday,10314.77,9283.293000000001
2024-03-22,ORD034021,CUST02830,P017,Jeans,Fashion,Chennai,Online,UPI,3,2821.97,0.0,8465.91,8465.91,1,-423.3,2024,3,March,Friday,8465.91,8465.91
2024-03-22,ORD011163,CUST00073,P008,Running Shoes,Fashion,Delhi,Store,Debit Card,2,4188.91,0.25,8377.82,6283.36,0,254.37,2024,3,March,Friday,8377.82,6283.365
2024-03-22,ORD042452,CUST04361,P009,T-Shirt,Fashion,Delhi,Online,UPI,2,1285.85,0.0,2571.7,2571.7,0,229.64,2024,3,March,Friday,2571.7,2571.7
2024-03-22,ORD033151,CUST00264,P018,Jacket,Fashion,Bengaluru,Online,Net Banking,1,5316.85,0.0,5316.85,5316.85,0,622.15,2024,3,March,Friday,5316.85,5316.85
2024-03-22,ORD005707,CUST01704,P017,Jeans,Fashion,Bengaluru,Store,UPI,1,2708.92,0.05,2708.92,2573.47,0,335.82,2024,3,March,Friday,2708.92,2573.474
2024-03-22,ORD007143,CUST01250,P008,Running Shoes,Fashion,Mumbai,Online,Debit Card,1,4283.62,0.0,4283.62,4283.62,0,1197.38,2024,3,March,Friday,4283.62,4283.62
2024-03-22,ORD002655,CUST00094,P006,Desk,Furniture,Ahmedabad,Online,Cash,1,11911.14,0.05,11911.14,11315.58,0,1854.09,2024,3,March,Friday,11911.14,11315.582999999999
2024-03-22,ORD023221,CUST01658,P011,Mixer Grinder,Home,Surat,Online,UPI,2,4558.81,0.0,9117.62,9117.62,1,-455.88,2024,3,March,Friday,9117.62,9117.62
2024-03-22,ORD026870,CUST00504,P001,Laptop,Electronics,Surat,Store,Credit Card,2,70079.6,0.15,140159.2,119135.32,0,12386.7,2024,3,March,Friday,140159.2,119135.32
2024-03-22,ORD022742,CUST00493,P014,Keyboard,Electronics,Bengaluru,Store,UPI,1,2667.65,0.05,2667.65,2534.27,0,502.87,2024,3,March,Friday,2667.65,2534.2675
2024-03-22,ORD005117,CUST02137,P001,Laptop,Electronics,Bengaluru,Online,UPI,1,61142.43,0.0,61142.43,61142.43,0,7858.05,2024,3,March,Friday,61142.43,61142.43
2024-03-22,ORD016943,CUST00323,P019,Vacuum Cleaner,Home,Hyderabad,Online,UPI,1,8379.86,0.2,8379.86,6703.89,0,791.03,2024,3,March,Friday,8379.86,6703.888000000001
2024-03-22,ORD035290,CUST01988,P020,Microwave,Home,Surat,Online,Credit Card,1,10842.04,0.0,10842.04,10842.04,0,2963.58,2024,3,March,Friday,10842.04,10842.04
2024-03-22,ORD042054,CUST04401,P012,Air Fryer,Home,Delhi,Online,UPI,1,7754.44,0.05,7754.44,7366.72,0,998.49,2024,3,March,Friday,7754.44,7366.717999999999
2024-03-22,ORD009128,CUST00235,P006,Desk,Furniture,Chennai,Online,Credit Card,4,11160.87,0.05,44643.48,42411.31,0,7764.53,2024,3,March,Friday,44643.48,42411.306000000004
2024-03-22,ORD022359,CUST03503,P017,Jeans,Fashion,Pune,Store,UPI,1,2937.0,0.0,2937.0,2937.0,0,873.59,2024,3,March,Friday,2937.0,2937.0
2024-03-22,ORD044962,CUST03458,P001,Laptop,Electronics,Hyderabad,Store,Credit Card,4,67455.35,0.2,269821.4,215857.12,0,33429.94,2024,3,March,Friday,269821.4,215857.12000000002
2024-03-22,ORD049947,CUST00738,P011,Mixer Grinder,Home,Ahmedabad,Store,Net Banking,1,4389.83,0.0,4389.83,4389.83,0,683.61,2024,3,March,Friday,4389.83,4389.83
2024-03-22,ORD042026,CUST03668,P014,Keyboard,Electronics,Kolkata,Online,Credit Card,2,2543.7,0.0,5087.4,5087.4,0,631.94,2024,3,March,Friday,5087.4,5087.4
2024-03-22,ORD018671,CUST00943,P018,Jacket,Fashion,Surat,Online,Credit Card,1,5409.79,0.1,5409.79,4868.81,0,951.42,2024,3,March,Friday,5409.79,4868.811
2024-03-22,ORD012196,CUST01795,P003,Headphones,Electronics,Kolkata,Online,Debit Card,1,4250.95,0.1,4250.95,3825.86,0,915.86,2024,3,March,Friday,4250.95,3825.855
2024-03-22,ORD014244,CUST02063,P003,Headphones,Electronics,Kolkata,Online,UPI,1,4861.01,0.05,4861.01,4617.96,0,464.76,2024,3,March,Friday,4861.01,4617.9595
2024-03-22,ORD006843,CUST04085,P010,Coffee Maker,Home,Kolkata,Store,UPI,2,5507.45,0.0,11014.9,11014.9,0,1223.08,2024,3,March,Friday,11014.9,11014.9
2024-03-22,ORD031113,CUST02965,P013,Monitor,Electronics,Chennai,Online,UPI,5,17444.44,0.2,87222.2,69777.76,0,2934.23,2024,3,March,Friday,87222.2,69777.76
2024-03-22,ORD039174,CUST00730,P007,Backpack,Accessories,Hyderabad,Store,Cash,1,2296.14,0.15,2296.14,1951.72,0,152.88,2024,3,March,Friday,2296.14,1951.7189999999998
2024-03-22,ORD026287,CUST02908,P006,Desk,Furniture,Bengaluru,Online,Net Banking,3,12091.02,0.1,36273.06,32645.75,0,6005.23,2024,3,March,Friday,36273.06,32645.753999999997
2024-03-22,ORD038949,CUST00616,P002,Smartphone,Electronics,Bengaluru,Online,Credit Card,2,26249.19,0.0,52498.38,52498.38,0,7057.96,2024,3,March,Friday,52498.38,52498.38
2024-03-22,ORD019251,CUST02850,P001,Laptop,Electronics,Delhi,Online,Debit Card,1,61115.07,0.1,61115.07,55003.56,0,5584.85,2024,3,March,Friday,61115.07,55003.563
2024-03-22,ORD006990,CUST04667,P003,Headphones,Electronics,Chennai,Store,Net Banking,1,4621.7,0.1,4621.7,4159.53,0,689.2,2024,3,March,Friday,4621.7,4159.53
2024-03-22,ORD032761,CUST02795,P011,Mixer Grinder,Home,Chennai,Online,Debit Card,1,4833.1,0.2,4833.1,3866.48,0,820.4,2024,3,March,Friday,4833.1,3866.4800000000005
2024-03-22,ORD036119,CUST02227,P015,Dining Table,Furniture,Surat,Store,Credit Card,1,22492.29,0.25,22492.29,16869.22,0,1562.17,2024,3,March,Friday,22492.29,16869.2175
2024-03-22,ORD020753,CUST02427,P019,Vacuum Cleaner,Home,Surat,Online,Net Banking,1,9783.1,0.0,9783.1,9783.1,0,1374.88,2024,3,March,Friday,9783.1,9783.1
2024-03-22,ORD037601,CUST01119,P014,Keyboard,Electronics,Mumbai,Online,UPI,4,2356.12,0.1,9424.48,8482.03,0,2158.2,2024,3,March,Friday,9424.48,8482.032
2024-03-22,ORD000939,CUST01745,P014,Keyboard,Electronics,Ahmedabad,Online,UPI,2,2330.15,0.05,4660.3,4427.28,0,828.38,2024,3,March,Friday,4660.3,4427.285
2024-03-22,ORD047976,CUST01912,P011,Mixer Grinder,Home,Pune,Online,UPI,3,4779.52,0.05,14338.56,13621.63,0,3324.78,2024,3,March,Friday,14338.560000000001,13621.632
2024-03-22,ORD049456,CUST02225,P012,Air Fryer,Home,Jaipur,Online,Net Banking,3,7333.68,0.1,22001.04,19800.94,1,-990.05,2024,3,March,Friday,22001.04,19800.936
2024-03-22,ORD026077,CUST02766,P008,Running Shoes,Fashion,Pune,Online,Net Banking,1,3864.34,0.25,3864.34,2898.26,0,421.18,2024,3,March,Friday,3864.34,2898.255
2024-03-22,ORD044259,CUST02930,P020,Microwave,Home,Surat,Store,UPI,1,11351.09,0.1,11351.09,10215.98,0,1631.3,2024,3,March,Friday,11351.09,10215.981
2024-03-22,ORD041601,CUST01488,P018,Jacket,Fashion,Pune,Online,UPI,2,4918.32,0.25,9836.64,7377.48,1,-368.87,2024,3,March,Friday,9836.64,7377.48
2024-03-22,ORD009913,CUST02661,P007,Backpack,Accessories,Surat,Online,Credit Card,1,2407.98,0.1,2407.98,2167.18,0,581.49,2024,3,March,Friday,2407.98,2167.1820000000002
2024-03-22,ORD029021,CUST04641,P017,Jeans,Fashion,Mumbai,Online,Cash,1,2834.58,0.15,2834.58,2409.39,0,162.11,2024,3,March,Friday,2834.58,2409.393
2024-03-22,ORD019388,CUST04927,P016,Sofa,Furniture,Ahmedabad,Store,Debit Card,1,35745.65,0.05,35745.65,33958.37,0,6589.28,2024,3,March,Friday,35745.65,33958.3675
2024-03-22,ORD026521,CUST00857,P011,Mixer Grinder,Home,Delhi,Online,Debit Card,1,4825.51,0.15,4825.51,4101.68,0,597.6,2024,3,March,Friday,4825.51,4101.6835
2024-03-22,ORD022292,CUST00611,P018,Jacket,Fashion,Hyderabad,Online,UPI,1,5388.2,0.1,5388.2,4849.38,0,837.49,2024,3,March,Friday,5388.2,4849.38
2024-03-22,ORD024183,CUST00626,P016,Sofa,Furniture,Jaipur,Online,Net Banking,1,31858.3,0.0,31858.3,31858.3,0,6689.25,2024,3,March,Friday,31858.3,31858.3
2024-03-22,ORD005608,CUST02656,P006,Desk,Furniture,Bengaluru,Online,Debit Card,1,13070.33,0.1,13070.33,11763.3,0,775.77,2024,3,March,Friday,13070.33,11763.297
2024-03-22,ORD035505,CUST01192,P003,Headphones,Electronics,Kolkata,Store,Credit Card,1,4713.92,0.2,4713.92,3771.14,0,737.77,2024,3,March,Friday,4713.92,3771.1360000000004
2024-03-22,ORD029809,CUST04317,P011,Mixer Grinder,Home,Surat,Store,Credit Card,1,4624.34,0.1,4624.34,4161.91,0,347.12,2024,3,March,Friday,4624.34,4161.906
2024-03-22,ORD005231,CUST02443,P011,Mixer Grinder,Home,Hyderabad,Store,UPI,1,4525.28,0.1,4525.28,4072.75,0,967.28,2024,3,March,Friday,4525.28,4072.752
2024-03-22,ORD038745,CUST01398,P014,Keyboard,Electronics,Bengaluru,Store,UPI,1,2495.19,0.0,2495.19,2495.19,0,403.88,2024,3,March,Friday,2495.19,2495.19
2024-03-22,ORD002211,CUST04928,P019,Vacuum Cleaner,Home,Hyderabad,Store,Credit Card,4,8264.93,0.1,33059.72,29753.75,0,2117.65,2024,3,March,Friday,33059.72,29753.748000000003
2024-03-22,ORD016863,CUST01261,P003,Headphones,Electronics,Pune,Online,UPI,3,4102.09,0.1,12306.27,11075.64,0,1924.05,2024,3,March,Friday,12306.27,11075.643
2024-03-22,ORD005194,CUST00265,P001,Laptop,Electronics,Surat,Store,Credit Card,1,66400.16,0.05,66400.16,63080.15,0,11859.07,2024,3,March,Friday,66400.16,63080.152
2024-03-23,ORD038008,CUST03221,P013,Monitor,Electronics,Ahmedabad,Store,UPI,2,18201.35,0.1,36402.7,32762.43,0,2512.75,2024,3,March,Saturday,36402.7,32762.429999999997
2024-03-23,ORD042411,CUST04154,P017,Jeans,Fashion,Delhi,Store,Cash,1,2751.51,0.15,2751.51,2338.78,0,126.0,2024,3,March,Saturday,2751.51,2338.7835
2024-03-23,ORD001535,CUST04873,P015,Dining Table,Furniture,Bengaluru,Store,UPI,3,22702.76,0.1,68108.28,61297.45,1,-3064.87,2024,3,March,Saturday,68108.28,61297.452
2024-03-23,ORD046413,CUST04302,P013,Monitor,Electronics,Pune,Store,UPI,1,17968.93,0.1,17968.93,16172.04,0,3715.66,2024,3,March,Saturday,17968.93,16172.037
2024-03-23,ORD001777,CUST03933,P007,Backpack,Accessories,Delhi,Store,Cash,3,2007.3,0.05,6021.9,5720.8,0,740.07,2024,3,March,Saturday,6021.9,5720.804999999999
2024-03-23,ORD029363,CUST01711,P010,Coffee Maker,Home,Mumbai,Online,UPI,1,5198.17,0.0,5198.17,5198.17,0,1010.51,2024,3,March,Saturday,5198.17,5198.17
2024-03-23,ORD024171,CUST02327,P017,Jeans,Fashion,Bengaluru,Store,UPI,3,2590.98,0.0,7772.94,7772.94,0,2162.09,2024,3,March,Saturday,7772.9400000000005,7772.94
2024-03-23,ORD001969,CUST04515,P013,Monitor,Electronics,Surat,Online,UPI,1,16490.37,0.1,16490.37,14841.33,0,1807.38,2024,3,March,Saturday,16490.37,14841.332999999999
2024-03-23,ORD001993,CUST01559,P019,Vacuum Cleaner,Home,Delhi,Online,UPI,1,8363.65,0.1,8363.65,7527.28,0,922.19,2024,3,March,Saturday,8363.65,7527.285
2024-03-23,ORD035281,CUST04778,P002,Smartphone,Electronics,Kolkata,Online,Net Banking,2,28577.97,0.1,57155.94,51440.35,0,4231.74,2024,3,March,Saturday,57155.94,51440.346000000005
2024-03-23,ORD028562,CUST04755,P009,T-Shirt,Fashion,Hyderabad,Online,Credit Card,2,1118.07,0.05,2236.14,2124.33,0,412.33,2024,3,March,Saturday,2236.14,2124.3329999999996
2024-03-23,ORD010703,CUST03895,P014,Keyboard,Electronics,Jaipur,Online,Credit Card,1,2473.23,0.1,2473.23,2225.91,0,168.97,2024,3,March,Saturday,2473.23,2225.907
2024-03-23,ORD016178,CUST00840,P012,Air Fryer,Home,Pune,Online,Debit Card,1,7798.39,0.1,7798.39,7018.55,0,1001.54,2024,3,March,Saturday,7798.39,7018.551
2024-03-23,ORD001445,CUST00543,P013,Monitor,Electronics,Bengaluru,Online,Cash,1,16812.9,0.05,16812.9,15972.26,0,4344.88,2024,3,March,Saturday,16812.9,15972.255000000001
2024-03-23,ORD016240,CUST00744,P002,Smartphone,Electronics,Surat,Online,UPI,2,30149.16,0.1,60298.32,54268.49,0,5851.48,2024,3,March,Saturday,60298.32,54268.488
2024-03-23,ORD035400,CUST00190,P013,Monitor,Electronics,Surat,Online,UPI,1,17194.87,0.2,17194.87,13755.9,1,-687.8,2024,3,March,Saturday,17194.87,13755.896
2024-03-23,ORD035557,CUST04436,P001,Laptop,Electronics,Mumbai,Store,UPI,2,61544.94,0.1,123089.88,110780.89,0,24247.93,2024,3,March,Saturday,123089.88,110780.892
2024-03-23,ORD000641,CUST02351,P008,Running Shoes,Fashion,Hyderabad,Online,UPI,1,4277.69,0.0,4277.69,4277.69,0,928.12,2024,3,March,Saturday,4277.69,4277.69
2024-03-23,ORD035647,CUST00065,P006,Desk,Furniture,Delhi,Online,Cash,3,11898.47,0.1,35695.41,32125.87,0,3587.79,2024,3,March,Saturday,35695.409999999996,32125.869000000002
2024-03-23,ORD042515,CUST03076,P011,Mixer Grinder,Home,Bengaluru,Online,UPI,1,5093.52,0.05,5093.52,4838.84,1,-241.94,2024,3,March,Saturday,5093.52,4838.844
2024-03-23,ORD003094,CUST04925,P012,Air Fryer,Home,Kolkata,Online,Net Banking,3,6785.74,0.0,20357.22,20357.22,0,5327.28,2024,3,March,Saturday,20357.22,20357.22
2024-03-23,ORD042680,CUST02464,P020,Microwave,Home,Mumbai,Online,UPI,3,10650.15,0.2,31950.45,25560.36,0,3589.65,2024,3,March,Saturday,31950.449999999997,25560.36
2024-03-23,ORD042920,CUST02189,P020,Microwave,Home,Bengaluru,Online,UPI,1,10649.7,0.1,10649.7,9584.73,0,880.54,2024,3,March,Saturday,10649.7,9584.730000000001
2024-03-23,ORD011242,CUST01820,P006,Desk,Furniture,Chennai,Store,Credit Card,1,10998.9,0.15,10998.9,9349.06,0,778.13,2024,3,March,Saturday,10998.9,9349.064999999999
2024-03-23,ORD030584,CUST00441,P019,Vacuum Cleaner,Home,Bengaluru,Online,Debit Card,1,8926.68,0.15,8926.68,7587.68,0,694.73,2024,3,March,Saturday,8926.68,7587.678
2024-03-23,ORD034127,CUST03144,P006,Desk,Furniture,Surat,Store,Debit Card,1,11375.99,0.0,11375.99,11375.99,0,2890.46,2024,3,March,Saturday,11375.99,11375.99
2024-03-23,ORD017563,CUST00961,P008,Running Shoes,Fashion,Chennai,Store,UPI,1,4356.47,0.05,4356.47,4138.65,0,1029.18,2024,3,March,Saturday,4356.47,4138.6465
2024-03-23,ORD023422,CUST03607,P008,Running Shoes,Fashion,Bengaluru,Online,Debit Card,2,4207.92,0.1,8415.84,7574.26,0,1697.03,2024,3,March,Saturday,8415.84,7574.256
2024-03-23,ORD002840,CUST02753,P013,Monitor,Electronics,Jaipur,Online,Credit Card,1,19723.06,0.0,19723.06,19723.06,0,3607.39,2024,3,March,Saturday,19723.06,19723.06
2024-03-23,ORD048480,CUST01466,P014,Keyboard,Electronics,Chennai,Store,Cash,1,2493.33,0.2,2493.33,1994.66,0,423.66,2024,3,March,Saturday,2493.33,1994.664
2024-03-23,ORD023660,CUST00333,P020,Microwave,Home,Ahmedabad,Online,UPI,5,10691.68,0.1,53458.4,48112.56,0,7412.77,2024,3,March,Saturday,53458.4,48112.560000000005
2024-03-23,ORD002582,CUST03871,P007,Backpack,Accessories,Delhi,Store,Credit Card,1,2137.33,0.1,2137.33,1923.6,0,314.93,2024,3,March,Saturday,2137.33,1923.597
2024-03-23,ORD001401,CUST01731,P017,Jeans,Fashion,Bengaluru,Online,UPI,1,3069.33,0.15,3069.33,2608.93,0,632.31,2024,3,March,Saturday,3069.33,2608.9305
2024-03-23,ORD013708,CUST00036,P017,Jeans,Fashion,Bengaluru,Online,Cash,3,3017.96,0.15,9053.88,7695.8,0,1447.83,2024,3,March,Saturday,9053.880000000001,7695.797999999999
2024-03-23,ORD008470,CUST00984,P001,Laptop,Electronics,Surat,Online,UPI,1,62988.36,0.0,62988.36,62988.36,0,16039.85,2024,3,March,Saturday,62988.36,62988.36
2024-03-23,ORD008890,CUST04825,P009,T-Shirt,Fashion,Mumbai,Online,UPI,2,1159.73,0.1,2319.46,2087.51,0,340.44,2024,3,March,Saturday,2319.46,2087.514
2024-03-23,ORD007275,CUST04958,P018,Jacket,Fashion,Jaipur,Store,Credit Card,1,5066.99,0.05,5066.99,4813.64,0,812.51,2024,3,March,Saturday,5066.99,4813.6404999999995
2024-03-23,ORD025623,CUST01467,P009,T-Shirt,Fashion,Jaipur,Online,Net Banking,1,1228.55,0.1,1228.55,1105.7,0,71.43,2024,3,March,Saturday,1228.55,1105.695
2024-03-23,ORD027260,CUST01228,P020,Microwave,Home,Kolkata,Online,Credit Card,2,11157.35,0.2,22314.7,17851.76,0,3500.17,2024,3,March,Saturday,22314.7,17851.760000000002
2024-03-23,ORD019860,CUST01460,P019,Vacuum Cleaner,Home,Chennai,Online,Cash,1,8466.14,0.15,8466.14,7196.22,0,856.26,2024,3,March,Saturday,8466.14,7196.218999999999
2024-03-23,ORD041471,CUST03502,P016,Sofa,Furniture,Surat,Online,Credit Card,1,36138.3,0.1,36138.3,32524.47,1,-1626.22,2024,3,March,Saturday,36138.3,32524.470000000005
2024-03-23,ORD027259,CUST02910,P007,Backpack,Accessories,Surat,Online,Credit Card,1,2063.45,0.1,2063.45,1857.1,0,264.3,2024,3,March,Saturday,2063.45,1857.1049999999998
2024-03-23,ORD001237,CUST02850,P020,Microwave,Home,Hyderabad,Online,Credit Card,2,11402.52,0.1,22805.04,20524.54,0,5211.01,2024,3,March,Saturday,22805.04,20524.536
2024-03-23,ORD022849,CUST02279,P008,Running Shoes,Fashion,Hyderabad,Online,Debit Card,1,4417.48,0.2,4417.48,3533.98,0,208.59,2024,3,March,Saturday,4417.48,3533.984
2024-03-23,ORD026490,CUST04830,P004,Smartwatch,Electronics,Mumbai,Store,Credit Card,2,7622.89,0.2,15245.78,12196.62,0,932.55,2024,3,March,Saturday,15245.78,12196.624000000002
2024-03-23,ORD036783,CUST04110,P008,Running Shoes,Fashion,Kolkata,Store,Cash,3,4477.05,0.0,13431.15,13431.15,0,3686.29,2024,3,March,Saturday,13431.150000000001,13431.15
2024-03-23,ORD047093,CUST03184,P005,Office Chair,Furniture,Surat,Online,UPI,2,10140.8,0.05,20281.6,19267.52,0,5270.56,2024,3,March,Saturday,20281.6,19267.519999999997
2024-03-23,ORD020403,CUST01190,P020,Microwave,Home,Surat,Store,Credit Card,2,12074.5,0.2,24149.0,19319.2,0,1197.5,2024,3,March,Saturday,24149.0,19319.2
2024-03-23,ORD031432,CUST03030,P004,Smartwatch,Electronics,Ahmedabad,Store,Credit Card,1,6786.25,0.1,6786.25,6107.62,0,423.96,2024,3,March,Saturday,6786.25,6107.625
2024-03-23,ORD047795,CUST00270,P018,Jacket,Fashion,Mumbai,Online,Credit Card,1,4987.57,0.2,4987.57,3990.06,0,172.77,2024,3,March,Saturday,4987.57,3990.056
2024-03-23,ORD005723,CUST04451,P011,Mixer Grinder,Home,Bengaluru,Store,UPI,2,4521.74,0.1,9043.48,8139.13,0,643.54,2024,3,March,Saturday,9043.48,8139.132
2024-03-23,ORD004371,CUST00168,P007,Backpack,Accessories,Jaipur,Online,Debit Card,1,2190.87,0.0,2190.87,2190.87,0,254.53,2024,3,March,Saturday,2190.87,2190.87
2024-03-23,ORD025689,CUST03722,P013,Monitor,Electronics,Hyderabad,Store,UPI,1,18946.28,0.0,18946.28,18946.28,0,3429.79,2024,3,March,Saturday,18946.28,18946.28
2024-03-23,ORD027016,CUST01081,P019,Vacuum Cleaner,Home,Chennai,Online,Credit Card,1,9363.96,0.05,9363.96,8895.76,0,1487.05,2024,3,March,Saturday,9363.96,8895.761999999999
2024-03-23,ORD026567,CUST04666,P015,Dining Table,Furniture,Surat,Store,Credit Card,1,22818.16,0.05,22818.16,21677.25,0,5729.44,2024,3,March,Saturday,22818.16,21677.252
2024-03-23,ORD031355,CUST03013,P002,Smartphone,Electronics,Ahmedabad,Store,UPI,1,25702.93,0.1,25702.93,23132.64,0,6385.93,2024,3,March,Saturday,25702.93,23132.637000000002
2024-03-23,ORD021613,CUST01951,P010,Coffee Maker,Home,Bengaluru,Online,UPI,1,4985.6,0.05,4985.6,4736.32,0,424.43,2024,3,March,Saturday,4985.6,4736.32
2024-03-23,ORD012670,CUST01171,P007,Backpack,Accessories,Delhi,Online,Credit Card,1,2065.05,0.05,2065.05,1961.8,0,484.41,2024,3,March,Saturday,2065.05,1961.7975000000001
2024-03-23,ORD040915,CUST03833,P011,Mixer Grinder,Home,Jaipur,Store,UPI,1,5160.12,0.0,5160.12,5160.12,0,765.68,2024,3,March,Saturday,5160.12,5160.12
2024-03-23,ORD007102,CUST00751,P012,Air Fryer,Home,Surat,Online,Debit Card,1,7074.39,0.1,7074.39,6366.95,0,1252.46,2024,3,March,Saturday,7074.39,6366.951
2024-03-23,ORD022989,CUST03722,P013,Monitor,Electronics,Pune,Store,Net Banking,1,16711.18,0.0,16711.18,16711.18,0,4666.85,2024,3,March,Saturday,16711.18,16711.18
2024-03-23,ORD003375,CUST00251,P014,Keyboard,Electronics,Hyderabad,Store,Net Banking,1,2700.38,0.0,2700.38,2700.38,1,-135.02,2024,3,March,Saturday,2700.38,2700.38
2024-03-23,ORD007010,CUST00180,P002,Smartphone,Electronics,Ahmedabad,Online,UPI,1,25406.68,0.0,25406.68,25406.68,0,6937.63,2024,3,March,Saturday,25406.68,25406.68
2024-03-23,ORD005505,CUST04339,P003,Headphones,Electronics,Delhi,Store,UPI,3,4414.24,0.1,13242.72,11918.45,1,-595.92,2024,3,March,Saturday,13242.72,11918.448
2024-03-23,ORD040475,CUST02791,P002,Smartphone,Electronics,Bengaluru,Online,Debit Card,1,26109.41,0.0,26109.41,26109.41,0,6967.25,2024,3,March,Saturday,26109.41,26109.41
2024-03-23,ORD012997,CUST04854,P011,Mixer Grinder,Home,Ahmedabad,Store,UPI,1,4628.75,0.05,4628.75,4397.31,0,1217.46,2024,3,March,Saturday,4628.75,4397.3125
2024-03-23,ORD004754,CUST01266,P012,Air Fryer,Home,Bengaluru,Store,UPI,2,7567.61,0.1,15135.22,13621.7,0,2698.13,2024,3,March,Saturday,15135.22,13621.698
2024-03-23,ORD041715,CUST03758,P001,Laptop,Electronics,Mumbai,Store,Credit Card,2,67785.5,0.1,135571.0,122013.9,0,13518.31,2024,3,March,Saturday,135571.0,122013.90000000001
2024-03-23,ORD033943,CUST00050,P010,Coffee Maker,Home,Surat,Online,Cash,1,5170.9,0.0,5170.9,5170.9,0,1012.22,2024,3,March,Saturday,5170.9,5170.9
2024-03-23,ORD005506,CUST00225,P001,Laptop,Electronics,Bengaluru,Online,Debit Card,2,70275.2,0.05,140550.4,133522.88,0,23451.88,2024,3,March,Saturday,140550.4,133522.87999999998
2024-03-24,ORD020145,CUST04250,P006,Desk,Furniture,Delhi,Store,Net Banking,1,12133.89,0.0,12133.89,12133.89,0,2960.34,2024,3,March,Sunday,12133.89,12133.89
2024-03-24,ORD047732,CUST03290,P020,Microwave,Home,Chennai,Online,Debit Card,1,11964.68,0.1,11964.68,10768.21,0,1071.97,2024,3,March,Sunday,11964.68,10768.212000000001
2024-03-24,ORD015407,CUST01257,P010,Coffee Maker,Home,Chennai,Online,UPI,2,5725.57,0.05,11451.14,10878.58,0,2332.71,2024,3,March,Sunday,11451.14,10878.582999999999
2024-03-24,ORD024586,CUST02531,P013,Monitor,Electronics,Kolkata,Online,Credit Card,1,17055.24,0.15,17055.24,14496.95,0,3898.57,2024,3,March,Sunday,17055.24,14496.954000000002
2024-03-24,ORD035662,CUST01585,P007,Backpack,Accessories,Surat,Store,Credit Card,2,2241.62,0.05,4483.24,4259.08,1,-212.95,2024,3,March,Sunday,4483.24,4259.0779999999995
2024-03-24,ORD035293,CUST01372,P019,Vacuum Cleaner,Home,Hyderabad,Online,UPI,2,8815.27,0.0,17630.54,17630.54,0,4015.18,2024,3,March,Sunday,17630.54,17630.54
2024-03-24,ORD043894,CUST01590,P005,Office Chair,Furniture,Ahmedabad,Store,Debit Card,1,9251.76,0.15,9251.76,7864.0,0,1475.1,2024,3,March,Sunday,9251.76,7863.996
2024-03-24,ORD025607,CUST04814,P002,Smartphone,Electronics,Kolkata,Store,UPI,1,29305.39,0.25,29305.39,21979.04,1,-1098.95,2024,3,March,Sunday,29305.39,21979.0425
2024-03-24,ORD038800,CUST04265,P014,Keyboard,Electronics,Chennai,Online,UPI,4,2472.62,0.1,9890.48,8901.43,0,2219.64,2024,3,March,Sunday,9890.48,8901.432
2024-03-24,ORD048914,CUST02697,P016,Sofa,Furniture,Delhi,Store,UPI,1,37199.71,0.1,37199.71,33479.74,0,6322.46,2024,3,March,Sunday,37199.71,33479.739
2024-03-24,ORD022343,CUST02730,P018,Jacket,Fashion,Bengaluru,Online,Net Banking,1,5434.82,0.0,5434.82,5434.82,0,1357.16,2024,3,March,Sunday,5434.82,5434.82
2024-03-24,ORD009697,CUST03904,P017,Jeans,Fashion,Bengaluru,Store,UPI,1,2782.19,0.0,2782.19,2782.19,0,255.1,2024,3,March,Sunday,2782.19,2782.19
2024-03-24,ORD049693,CUST02106,P001,Laptop,Electronics,Bengaluru,Store,Cash,1,60815.12,0.2,60815.12,48652.1,0,11499.51,2024,3,March,Sunday,60815.12,48652.096000000005
2024-03-24,ORD047060,CUST03424,P006,Desk,Furniture,Surat,Online,Cash,2,11667.89,0.05,23335.78,22168.99,0,5961.12,2024,3,March,Sunday,23335.78,22168.990999999998
2024-03-24,ORD029414,CUST03341,P013,Monitor,Electronics,Hyderabad,Online,Credit Card,3,17243.0,0.1,51729.0,46556.1,0,2889.55,2024,3,March,Sunday,51729.0,46556.1
2024-03-24,ORD036724,CUST04413,P002,Smartphone,Electronics,Hyderabad,Online,UPI,2,26516.73,0.15,53033.46,45078.44,0,5053.34,2024,3,March,Sunday,53033.46,45078.441
2024-03-24,ORD000300,CUST03766,P019,Vacuum Cleaner,Home,Chennai,Store,UPI,2,8469.72,0.0,16939.44,16939.44,0,5014.94,2024,3,March,Sunday,16939.44,16939.44
2024-03-24,ORD007317,CUST02582,P005,Office Chair,Furniture,Chennai,Online,Credit Card,1,10094.82,0.15,10094.82,8580.6,0,1218.05,2024,3,March,Sunday,10094.82,8580.597
2024-03-24,ORD017694,CUST03055,P015,Dining Table,Furniture,Bengaluru,Store,Net Banking,2,22190.12,0.1,44380.24,39942.22,0,10761.61,2024,3,March,Sunday,44380.24,39942.216
2024-03-24,ORD035711,CUST00996,P020,Microwave,Home,Pune,Store,Debit Card,2,10811.14,0.2,21622.28,17297.82,0,1435.13,2024,3,March,Sunday,21622.28,17297.824
2024-03-24,ORD022895,CUST02667,P009,T-Shirt,Fashion,Bengaluru,Online,UPI,1,1132.26,0.25,1132.26,849.2,0,144.77,2024,3,March,Sunday,1132.26,849.1949999999999
2024-03-24,ORD002282,CUST01236,P005,Office Chair,Furniture,Bengaluru,Online,UPI,1,9045.29,0.2,9045.29,7236.23,0,1093.31,2024,3,March,Sunday,9045.29,7236.232000000001
2024-03-24,ORD017604,CUST02639,P002,Smartphone,Electronics,Jaipur,Online,Debit Card,1,27803.18,0.1,27803.18,25022.86,0,3575.71,2024,3,March,Sunday,27803.18,25022.862
2024-03-24,ORD041276,CUST01934,P015,Dining Table,Furniture,Chennai,Online,Debit Card,1,21632.68,0.1,21632.68,19469.41,0,3932.78,2024,3,March,Sunday,21632.68,19469.412
2024-03-24,ORD015287,CUST02601,P008,Running Shoes,Fashion,Ahmedabad,Online,UPI,1,3890.54,0.05,3890.54,3696.01,0,515.02,2024,3,March,Sunday,3890.54,3696.013
2024-03-24,ORD047308,CUST04217,P006,Desk,Furniture,Hyderabad,Store,Debit Card,1,12213.28,0.05,12213.28,11602.62,0,1941.57,2024,3,March,Sunday,12213.28,11602.616
2024-03-24,ORD015445,CUST00694,P012,Air Fryer,Home,Bengaluru,Online,Cash,1,7296.6,0.15,7296.6,6202.11,0,494.84,2024,3,March,Sunday,7296.6,6202.110000000001
2024-03-24,ORD030536,CUST02466,P018,Jacket,Fashion,Delhi,Store,Cash,1,4787.41,0.15,4787.41,4069.3,0,706.33,2024,3,March,Sunday,4787.41,4069.2985
2024-03-24,ORD003713,CUST04983,P013,Monitor,Electronics,Surat,Store,Credit Card,1,17075.54,0.1,17075.54,15367.99,0,3903.63,2024,3,March,Sunday,17075.54,15367.986
2024-03-24,ORD012722,CUST02039,P016,Sofa,Furniture,Kolkata,Online,UPI,1,32863.21,0.15,32863.21,27933.73,0,3355.36,2024,3,March,Sunday,32863.21,27933.728499999997
2024-03-24,ORD026274,CUST02503,P009,T-Shirt,Fashion,Chennai,Store,Credit Card,1,1221.41,0.0,1221.41,1221.41,0,339.13,2024,3,March,Sunday,1221.41,1221.41
2024-03-24,ORD009807,CUST01077,P015,Dining Table,Furniture,Pune,Online,Debit Card,2,23639.53,0.2,47279.06,37823.25,0,7946.64,2024,3,March,Sunday,47279.06,37823.248
2024-03-24,ORD036438,CUST02955,P007,Backpack,Accessories,Surat,Store,UPI,1,2012.06,0.2,2012.06,1609.65,0,170.21,2024,3,March,Sunday,2012.06,1609.6480000000001
2024-03-24,ORD009764,CUST01465,P006,Desk,Furniture,Surat,Online,Debit Card,1,12364.1,0.1,12364.1,11127.69,0,1921.06,2024,3,March,Sunday,12364.1,11127.69
2024-03-24,ORD003933,CUST04807,P014,Keyboard,Electronics,Hyderabad,Online,Credit Card,1,2504.97,0.15,2504.97,2129.22,0,237.42,2024,3,March,Sunday,2504.97,2129.2245
2024-03-24,ORD001167,CUST01891,P010,Coffee Maker,Home,Hyderabad,Online,Net Banking,1,5687.73,0.2,5687.73,4550.18,1,-227.51,2024,3,March,Sunday,5687.73,4550.184
2024-03-24,ORD000084,CUST03433,P001,Laptop,Electronics,Ahmedabad,Online,Cash,1,66719.44,0.1,66719.44,60047.5,0,12368.48,2024,3,March,Sunday,66719.44,60047.49600000001
2024-03-24,ORD043419,CUST00109,P009,T-Shirt,Fashion,Jaipur,Store,Credit Card,1,1086.63,0.0,1086.63,1086.63,0,314.78,2024,3,March,Sunday,1086.63,1086.63
2024-03-24,ORD007674,CUST02522,P005,Office Chair,Furniture,Surat,Online,Net Banking,1,9603.93,0.1,9603.93,8643.54,0,2219.63,2024,3,March,Sunday,9603.93,8643.537
2024-03-24,ORD033581,CUST03628,P011,Mixer Grinder,Home,Jaipur,Online,Credit Card,2,5025.0,0.0,10050.0,10050.0,0,2892.77,2024,3,March,Sunday,10050.0,10050.0
2024-03-24,ORD019850,CUST00298,P009,T-Shirt,Fashion,Hyderabad,Store,Debit Card,1,1107.96,0.0,1107.96,1107.96,0,220.21,2024,3,March,Sunday,1107.96,1107.96
2024-03-24,ORD008598,CUST00208,P012,Air Fryer,Home,Delhi,Online,Credit Card,4,7414.32,0.0,29657.28,29657.28,0,3889.66,2024,3,March,Sunday,29657.28,29657.28
2024-03-24,ORD033355,CUST00415,P013,Monitor,Electronics,Mumbai,Store,Credit Card,2,16218.6,0.15,32437.2,27571.62,0,3919.58,2024,3,March,Sunday,32437.2,27571.62
2024-03-24,ORD028228,CUST04500,P003,Headphones,Electronics,Kolkata,Store,Credit Card,1,4694.62,0.05,4694.62,4459.89,0,521.72,2024,3,March,Sunday,4694.62,4459.889
2024-03-24,ORD031933,CUST03674,P006,Desk,Furniture,Ahmedabad,Store,Debit Card,2,13103.9,0.15,26207.8,22276.63,0,2459.62,2024,3,March,Sunday,26207.8,22276.629999999997
2024-03-24,ORD033685,CUST03838,P014,Keyboard,Electronics,Kolkata,Online,Credit Card,1,2705.78,0.0,2705.78,2705.78,0,259.55,2024,3,March,Sunday,2705.78,2705.78
2024-03-24,ORD010241,CUST04284,P004,Smartwatch,Electronics,Bengaluru,Online,Debit Card,1,7165.29,0.05,7165.29,6807.03,0,1004.59,2024,3,March,Sunday,7165.29,6807.0255
2024-03-24,ORD023113,CUST01294,P007,Backpack,Accessories,Delhi,Store,UPI,2,2419.97,0.25,4839.94,3629.96,0,664.28,2024,3,March,Sunday,4839.94,3629.955
2024-03-24,ORD027451,CUST00646,P012,Air Fryer,Home,Bengaluru,Store,Debit Card,1,6843.12,0.15,6843.12,5816.65,0,1128.19,2024,3,March,Sunday,6843.12,5816.652
2024-03-24,ORD049991,CUST04546,P017,Jeans,Fashion,Hyderabad,Store,Cash,2,2698.06,0.15,5396.12,4586.7,0,691.1,2024,3,March,Sunday,5396.12,4586.702
2024-03-24,ORD015169,CUST00039,P005,Office Chair,Furniture,Jaipur,Online,UPI,1,9234.66,0.1,9234.66,8311.19,0,1029.89,2024,3,March,Sunday,9234.66,8311.194
2024-03-24,ORD026212,CUST04386,P005,Office Chair,Furniture,Chennai,Store,Debit Card,2,9180.21,0.1,18360.42,16524.38,0,3617.75,2024,3,March,Sunday,18360.42,16524.378
2024-03-24,ORD020884,CUST03960,P015,Dining Table,Furniture,Hyderabad,Online,Credit Card,2,23782.96,0.15,47565.92,40431.03,0,8823.08,2024,3,March,Sunday,47565.92,40431.032
2024-03-24,ORD022477,CUST01725,P013,Monitor,Electronics,Kolkata,Online,Net Banking,2,16450.74,0.0,32901.48,32901.48,0,3992.25,2024,3,March,Sunday,32901.48,32901.48
2024-03-24,ORD026969,CUST01311,P005,Office Chair,Furniture,Chennai,Store,Credit Card,1,10098.07,0.2,10098.07,8078.46,0,727.72,2024,3,March,Sunday,10098.07,8078.456
2024-03-24,ORD010507,CUST02117,P019,Vacuum Cleaner,Home,Chennai,Online,Credit Card,1,9366.49,0.15,9366.49,7961.52,0,1554.8,2024,3,March,Sunday,9366.49,7961.5165
2024-03-24,ORD044460,CUST03656,P002,Smartphone,Electronics,Ahmedabad,Store,Credit Card,2,29455.63,0.25,58911.26,44183.44,0,6538.05,2024,3,March,Sunday,58911.26,44183.445
2024-03-24,ORD008326,CUST02737,P004,Smartwatch,Electronics,Kolkata,Online,UPI,1,7581.37,0.1,7581.37,6823.23,0,993.56,2024,3,March,Sunday,7581.37,6823.233
2024-03-24,ORD004205,CUST01422,P012,Air Fryer,Home,Kolkata,Store,Debit Card,1,7902.02,0.1,7902.02,7111.82,0,1152.49,2024,3,March,Sunday,7902.02,7111.818
2024-03-24,ORD010181,CUST00917,P014,Keyboard,Electronics,Mumbai,Online,Debit Card,1,2484.38,0.0,2484.38,2484.38,1,-124.22,2024,3,March,Sunday,2484.38,2484.38
2024-03-24,ORD007889,CUST04158,P012,Air Fryer,Home,Hyderabad,Online,UPI,1,6658.98,0.0,6658.98,6658.98,0,1687.23,2024,3,March,Sunday,6658.98,6658.98
2024-03-25,ORD028597,CUST00803,P015,Dining Table,Furniture,Pune,Online,Debit Card,4,20396.92,0.0,81587.68,81587.68,0,21011.83,2024,3,March,Monday,81587.68,81587.68
2024-03-25,ORD005513,CUST01198,P018,Jacket,Fashion,Pune,Store,UPI,2,5032.74,0.15,10065.48,8555.66,0,1318.04,2024,3,March,Monday,10065.48,8555.658
2024-03-25,ORD005491,CUST04784,P007,Backpack,Accessories,Chennai,Online,Credit Card,5,2264.77,0.05,11323.85,10757.66,0,2818.3,2024,3,March,Monday,11323.85,10757.6575
2024-03-25,ORD005956,CUST03315,P019,Vacuum Cleaner,Home,Ahmedabad,Online,UPI,1,9025.17,0.1,9025.17,8122.65,0,1225.65,2024,3,March,Monday,9025.17,8122.653
2024-03-25,ORD039318,CUST03904,P019,Vacuum Cleaner,Home,Kolkata,Store,Debit Card,2,8767.96,0.15,17535.92,14905.53,0,2760.24,2024,3,March,Monday,17535.92,14905.531999999997
2024-03-25,ORD021021,CUST04603,P020,Microwave,Home,Kolkata,Online,Cash,1,10108.74,0.1,10108.74,9097.87,0,1500.42,2024,3,March,Monday,10108.74,9097.866
2024-03-25,ORD002809,CUST04342,P001,Laptop,Electronics,Pune,Online,UPI,2,64446.91,0.15,128893.82,109559.75,0,16682.88,2024,3,March,Monday,128893.82,109559.747
2024-03-25,ORD034602,CUST02959,P018,Jacket,Fashion,Mumbai,Store,Credit Card,1,5141.52,0.05,5141.52,4884.44,0,1374.52,2024,3,March,Monday,5141.52,4884.444
2024-03-25,ORD043266,CUST02213,P012,Air Fryer,Home,Pune,Store,UPI,2,7235.15,0.1,14470.3,13023.27,0,3492.06,2024,3,March,Monday,14470.3,13023.27
2024-03-25,ORD038850,CUST04304,P018,Jacket,Fashion,Surat,Online,Credit Card,1,5533.27,0.2,5533.27,4426.62,0,766.2,2024,3,March,Monday,5533.27,4426.616000000001
2024-03-25,ORD035333,CUST04765,P004,Smartwatch,Electronics,Hyderabad,Store,Debit Card,3,7063.9,0.2,21191.7,16953.36,0,2914.24,2024,3,March,Monday,21191.699999999997,16953.36
2024-03-25,ORD042970,CUST02531,P002,Smartphone,Electronics,Bengaluru,Online,Net Banking,4,30393.96,0.0,121575.84,121575.84,0,22184.02,2024,3,March,Monday,121575.84,121575.84
2024-03-25,ORD009146,CUST01634,P018,Jacket,Fashion,Mumbai,Store,Credit Card,1,4980.34,0.1,4980.34,4482.31,0,1188.63,2024,3,March,Monday,4980.34,4482.3060000000005
2024-03-25,ORD046745,CUST03425,P009,T-Shirt,Fashion,Bengaluru,Online,Debit Card,2,1100.26,0.2,2200.52,1760.42,0,220.93,2024,3,March,Monday,2200.52,1760.4160000000002
2024-03-25,ORD028451,CUST00326,P001,Laptop,Electronics,Ahmedabad,Online,Credit Card,4,62864.74,0.1,251458.96,226313.06,0,62432.82,2024,3,March,Monday,251458.96,226313.06399999998
2024-03-25,ORD002184,CUST03769,P002,Smartphone,Electronics,Ahmedabad,Online,UPI,2,27750.26,0.15,55500.52,47175.44,0,9795.55,2024,3,March,Monday,55500.52,47175.441999999995
2024-03-25,ORD012287,CUST02774,P011,Mixer Grinder,Home,Pune,Online,UPI,2,4413.94,0.1,8827.88,7945.09,0,2086.23,2024,3,March,Monday,8827.88,7945.092
2024-03-25,ORD031891,CUST01100,P014,Keyboard,Electronics,Bengaluru,Online,Debit Card,1,2747.93,0.1,2747.93,2473.14,0,321.51,2024,3,March,Monday,2747.93,2473.1369999999997
2024-03-25,ORD031883,CUST04998,P018,Jacket,Fashion,Jaipur,Store,UPI,1,5543.78,0.15,5543.78,4712.21,0,663.36,2024,3,March,Monday,5543.78,4712.213
2024-03-25,ORD043784,CUST01411,P007,Backpack,Accessories,Mumbai,Store,UPI,1,2138.79,0.1,2138.79,1924.91,0,418.06,2024,3,March,Monday,2138.79,1924.911
2024-03-25,ORD040525,CUST01372,P013,Monitor,Electronics,Bengaluru,Online,Cash,5,18184.94,0.2,90924.7,72739.76,0,8391.47,2024,3,March,Monday,90924.7,72739.76
2024-03-25,ORD039012,CUST04418,P019,Vacuum Cleaner,Home,Ahmedabad,Online,UPI,2,9128.13,0.2,18256.26,14605.01,0,1437.38,2024,3,March,Monday,18256.26,14605.008
2024-03-25,ORD026961,CUST03454,P010,Coffee Maker,Home,Pune,Store,UPI,1,6026.08,0.1,6026.08,5423.47,1,-271.17,2024,3,March,Monday,6026.08,5423.472
2024-03-25,ORD047088,CUST00190,P014,Keyboard,Electronics,Chennai,Store,UPI,1,2330.82,0.15,2330.82,1981.2,1,-99.06,2024,3,March,Monday,2330.82,1981.1970000000001
2024-03-25,ORD017328,CUST00222,P018,Jacket,Fashion,Kolkata,Online,UPI,2,5197.29,0.0,10394.58,10394.58,0,1716.27,2024,3,March,Monday,10394.58,10394.58
2024-03-25,ORD002123,CUST01851,P015,Dining Table,Furniture,Kolkata,Online,Cash,2,23312.75,0.1,46625.5,41962.95,0,7226.99,2024,3,March,Monday,46625.5,41962.950000000004
2024-03-25,ORD011176,CUST02488,P015,Dining Table,Furniture,Pune,Store,UPI,4,20097.12,0.1,80388.48,72349.63,0,7729.52,2024,3,March,Monday,80388.48,72349.632
2024-03-25,ORD024907,CUST02328,P001,Laptop,Electronics,Ahmedabad,Online,UPI,1,69118.6,0.2,69118.6,55294.88,1,-2764.74,2024,3,March,Monday,69118.6,55294.880000000005
2024-03-25,ORD037507,CUST01757,P012,Air Fryer,Home,Kolkata,Online,UPI,1,6578.41,0.05,6578.41,6249.49,0,613.62,2024,3,March,Monday,6578.41,6249.4895
2024-03-25,ORD047076,CUST02034,P011,Mixer Grinder,Home,Mumbai,Online,UPI,2,4477.29,0.0,8954.58,8954.58,0,2311.02,2024,3,March,Monday,8954.58,8954.58
2024-03-25,ORD022744,CUST00716,P012,Air Fryer,Home,Surat,Online,Credit Card,1,7339.46,0.15,7339.46,6238.54,0,1125.58,2024,3,March,Monday,7339.46,6238.541
2024-03-25,ORD016412,CUST03002,P018,Jacket,Fashion,Kolkata,Store,Credit Card,2,5608.72,0.15,11217.44,9534.82,0,2500.28,2024,3,March,Monday,11217.44,9534.824
2024-03-25,ORD036910,CUST00788,P013,Monitor,Electronics,Hyderabad,Store,UPI,1,16917.8,0.1,16917.8,15226.02,0,4164.81,2024,3,March,Monday,16917.8,15226.02
2024-03-25,ORD017477,CUST02347,P005,Office Chair,Furniture,Surat,Online,UPI,4,9058.97,0.05,36235.88,34424.09,0,5485.56,2024,3,March,Monday,36235.88,34424.085999999996
2024-03-25,ORD010419,CUST00662,P017,Jeans,Fashion,Delhi,Store,Credit Card,2,2619.78,0.05,5239.56,4977.58,0,850.87,2024,3,March,Monday,5239.56,4977.582
2024-03-25,ORD017598,CUST01253,P004,Smartwatch,Electronics,Jaipur,Online,UPI,1,7434.03,0.2,7434.03,5947.22,0,404.12,2024,3,March,Monday,7434.03,5947.224
2024-03-25,ORD040868,CUST01176,P004,Smartwatch,Electronics,Mumbai,Online,UPI,1,6376.4,0.05,6376.4,6057.58,0,1511.75,2024,3,March,Monday,6376.4,6057.579999999999
2024-03-25,ORD009123,CUST03534,P006,Desk,Furniture,Ahmedabad,Online,Net Banking,2,11895.95,0.05,23791.9,22602.3,0,4975.25,2024,3,March,Monday,23791.9,22602.305
2024-03-25,ORD023379,CUST01019,P015,Dining Table,Furniture,Jaipur,Store,Credit Card,2,22337.62,0.0,44675.24,44675.24,0,12463.19,2024,3,March,Monday,44675.24,44675.24
2024-03-25,ORD026469,CUST01815,P006,Desk,Furniture,Delhi,Store,Credit Card,2,12883.88,0.1,25767.76,23190.98,0,1801.37,2024,3,March,Monday,25767.76,23190.984
2024-03-25,ORD011609,CUST00845,P016,Sofa,Furniture,Mumbai,Store,Credit Card,1,35261.02,0.1,35261.02,31734.92,0,4518.47,2024,3,March,Monday,35261.02,31734.917999999998
2024-03-25,ORD036791,CUST02707,P015,Dining Table,Furniture,Ahmedabad,Online,Credit Card,2,19810.93,0.2,39621.86,31697.49,0,4503.21,2024,3,March,Monday,39621.86,31697.488
2024-03-25,ORD034098,CUST00032,P008,Running Shoes,Fashion,Delhi,Store,Debit Card,2,3986.77,0.1,7973.54,7176.19,0,1115.56,2024,3,March,Monday,7973.54,7176.186
2024-03-25,ORD032572,CUST01123,P015,Dining Table,Furniture,Bengaluru,Store,UPI,1,23356.21,0.25,23356.21,17517.16,0,3246.71,2024,3,March,Monday,23356.21,17517.1575
2024-03-25,ORD023679,CUST04886,P008,Running Shoes,Fashion,Kolkata,Online,Debit Card,2,4506.18,0.2,9012.36,7209.89,0,1686.49,2024,3,March,Monday,9012.36,7209.888000000001
2024-03-25,ORD023695,CUST04273,P005,Office Chair,Furniture,Ahmedabad,Online,UPI,1,10025.93,0.15,10025.93,8522.04,0,1387.83,2024,3,March,Monday,10025.93,8522.0405
2024-03-25,ORD027510,CUST01946,P011,Mixer Grinder,Home,Bengaluru,Store,UPI,1,4532.99,0.0,4532.99,4532.99,0,1034.12,2024,3,March,Monday,4532.99,4532.99
2024-03-25,ORD034816,CUST04337,P013,Monitor,Electronics,Delhi,Online,UPI,1,19790.04,0.1,19790.04,17811.04,0,3549.21,2024,3,March,Monday,19790.04,17811.036
2024-03-25,ORD003632,CUST02420,P016,Sofa,Furniture,Pune,Online,Credit Card,1,36053.2,0.0,36053.2,36053.2,0,4553.01,2024,3,March,Monday,36053.2,36053.2
2024-03-25,ORD022608,CUST03148,P013,Monitor,Electronics,Delhi,Online,Credit Card,1,17429.93,0.0,17429.93,17429.93,0,2036.58,2024,3,March,Monday,17429.93,17429.93
2024-03-25,ORD038162,CUST00601,P020,Microwave,Home,Mumbai,Store,UPI,1,11711.4,0.2,11711.4,9369.12,0,1828.02,2024,3,March,Monday,11711.4,9369.12
2024-03-25,ORD014727,CUST01493,P016,Sofa,Furniture,Ahmedabad,Online,Credit Card,1,37292.74,0.05,37292.74,35428.1,0,4994.67,2024,3,March,Monday,37292.74,35428.102999999996
2024-03-25,ORD038564,CUST02300,P011,Mixer Grinder,Home,Surat,Online,Credit Card,1,4408.47,0.0,4408.47,4408.47,0,833.96,2024,3,March,Monday,4408.47,4408.47
2024-03-25,ORD021790,CUST04049,P005,Office Chair,Furniture,Bengaluru,Online,Credit Card,2,9078.79,0.0,18157.58,18157.58,0,1568.51,2024,3,March,Monday,18157.58,18157.58
2024-03-25,ORD041854,CUST03185,P002,Smartphone,Electronics,Jaipur,Online,Cash,2,30174.59,0.15,60349.18,51296.8,0,4849.6,2024,3,March,Monday,60349.18,51296.803
2024-03-25,ORD009494,CUST02454,P011,Mixer Grinder,Home,Ahmedabad,Store,Debit Card,1,4841.97,0.0,4841.97,4841.97,0,985.47,2024,3,March,Monday,4841.97,4841.97
2024-03-25,ORD012473,CUST04700,P018,Jacket,Fashion,Surat,Store,UPI,1,5463.35,0.15,5463.35,4643.85,0,419.92,2024,3,March,Monday,5463.35,4643.8475
2024-03-25,ORD034018,CUST04722,P008,Running Shoes,Fashion,Surat,Store,Net Banking,2,4561.44,0.05,9122.88,8666.74,0,2353.56,2024,3,March,Monday,9122.88,8666.735999999999
2024-03-25,ORD005807,CUST02546,P015,Dining Table,Furniture,Chennai,Online,Net Banking,1,21858.31,0.1,21858.31,19672.48,0,3368.46,2024,3,March,Monday,21858.31,19672.479000000003
2024-03-25,ORD042358,CUST01647,P020,Microwave,Home,Delhi,Online,Credit Card,2,10234.66,0.05,20469.32,19445.85,0,5519.58,2024,3,March,Monday,20469.32,19445.854
2024-03-25,ORD041701,CUST04289,P020,Microwave,Home,Bengaluru,Online,Net Banking,1,11680.01,0.05,11680.01,11096.01,0,2000.04,2024,3,March,Monday,11680.01,11096.0095
2024-03-25,ORD033127,CUST00369,P003,Headphones,Electronics,Chennai,Store,Credit Card,1,4797.15,0.25,4797.15,3597.86,0,369.3,2024,3,March,Monday,4797.15,3597.8624999999997
2024-03-25,ORD029249,CUST03717,P006,Desk,Furniture,Mumbai,Store,Credit Card,1,11406.22,0.15,11406.22,9695.29,0,1190.38,2024,3,March,Monday,11406.22,9695.286999999998
2024-03-25,ORD032237,CUST01891,P019,Vacuum Cleaner,Home,Ahmedabad,Online,UPI,1,9432.59,0.05,9432.59,8960.96,0,1994.04,2024,3,March,Monday,9432.59,8960.9605
2024-03-25,ORD025714,CUST02530,P002,Smartphone,Electronics,Pune,Online,UPI,1,26552.83,0.1,26552.83,23897.55,0,3372.77,2024,3,March,Monday,26552.83,23897.547000000002
2024-03-25,ORD030719,CUST01522,P013,Monitor,Electronics,Mumbai,Store,UPI,1,19212.49,0.05,19212.49,18251.87,0,2393.51,2024,3,March,Monday,19212.49,18251.8655
2024-03-25,ORD001140,CUST01710,P006,Desk,Furniture,Surat,Online,Debit Card,2,10809.43,0.05,21618.86,20537.92,0,1890.52,2024,3,March,Monday,21618.86,20537.917
2024-03-25,ORD032389,CUST00707,P017,Jeans,Fashion,Mumbai,Online,Debit Card,1,2991.8,0.05,2991.8,2842.21,0,382.23,2024,3,March,Monday,2991.8,2842.21
2024-03-25,ORD026560,CUST02439,P010,Coffee Maker,Home,Jaipur,Store,UPI,3,5633.44,0.1,16900.32,15210.29,0,4106.46,2024,3,March,Monday,16900.32,15210.288
2024-03-25,ORD006158,CUST02834,P010,Coffee Maker,Home,Jaipur,Online,UPI,1,5493.42,0.0,5493.42,5493.42,0,1408.71,2024,3,March,Monday,5493.42,5493.42
2024-03-25,ORD020039,CUST04656,P009,T-Shirt,Fashion,Pune,Online,Credit Card,2,1238.8,0.0,2477.6,2477.6,0,245.97,2024,3,March,Monday,2477.6,2477.6
2024-03-25,ORD005637,CUST02065,P016,Sofa,Furniture,Kolkata,Online,Debit Card,1,36031.45,0.1,36031.45,32428.3,0,7165.89,2024,3,March,Monday,36031.45,32428.304999999997
2024-03-25,ORD017793,CUST00799,P013,Monitor,Electronics,Bengaluru,Store,Credit Card,4,18576.99,0.2,74307.96,59446.37,0,13891.58,2024,3,March,Monday,74307.96,59446.36800000001
2024-03-25,ORD048907,CUST00400,P008,Running Shoes,Fashion,Chennai,Online,Debit Card,3,4010.18,0.15,12030.54,10225.96,0,1190.84,2024,3,March,Monday,12030.539999999999,10225.959
2024-03-25,ORD023097,CUST02878,P005,Office Chair,Furniture,Hyderabad,Online,Credit Card,2,10141.6,0.05,20283.2,19269.04,0,4966.62,2024,3,March,Monday,20283.2,19269.04
2024-03-25,ORD045615,CUST03877,P010,Coffee Maker,Home,Pune,Online,UPI,1,5476.87,0.0,5476.87,5476.87,0,748.01,2024,3,March,Monday,5476.87,5476.87
2024-03-25,ORD016824,CUST04742,P020,Microwave,Home,Mumbai,Online,UPI,4,11226.39,0.05,44905.56,42660.28,0,5828.06,2024,3,March,Monday,44905.56,42660.282
2024-03-25,ORD027412,CUST01297,P004,Smartwatch,Electronics,Jaipur,Online,Credit Card,2,6979.07,0.1,13958.14,12562.33,0,3010.17,2024,3,March,Monday,13958.14,12562.326
2024-03-25,ORD015567,CUST04253,P013,Monitor,Electronics,Hyderabad,Store,Net Banking,1,19706.89,0.1,19706.89,17736.2,0,3168.93,2024,3,March,Monday,19706.89,17736.201
2024-03-25,ORD016708,CUST04480,P016,Sofa,Furniture,Mumbai,Online,UPI,1,35000.18,0.15,35000.18,29750.15,0,2682.98,2024,3,March,Monday,35000.18,29750.153
2024-03-25,ORD031067,CUST04587,P008,Running Shoes,Fashion,Delhi,Online,UPI,1,4141.5,0.1,4141.5,3727.35,0,696.02,2024,3,March,Monday,4141.5,3727.35
2024-03-25,ORD006415,CUST04433,P005,Office Chair,Furniture,Pune,Online,UPI,3,9943.94,0.0,29831.82,29831.82,0,2906.61,2024,3,March,Monday,29831.82,29831.82
2024-03-25,ORD047797,CUST03660,P010,Coffee Maker,Home,Surat,Online,Cash,1,5679.22,0.0,5679.22,5679.22,1,-283.96,2024,3,March,Monday,5679.22,5679.22
2024-03-25,ORD042096,CUST00110,P010,Coffee Maker,Home,Kolkata,Store,UPI,1,5786.81,0.0,5786.81,5786.81,0,559.71,2024,3,March,Monday,5786.81,5786.81
2024-03-26,ORD006961,CUST00571,P008,Running Shoes,Fashion,Mumbai,Online,UPI,1,4400.44,0.0,4400.44,4400.44,0,902.32,2024,3,March,Tuesday,4400.44,4400.44
2024-03-26,ORD036871,CUST01616,P001,Laptop,Electronics,Mumbai,Store,Debit Card,1,66243.78,0.2,66243.78,52995.02,0,13117.02,2024,3,March,Tuesday,66243.78,52995.024000000005
2024-03-26,ORD011877,CUST03467,P006,Desk,Furniture,Mumbai,Online,Debit Card,4,12308.47,0.2,49233.88,39387.1,0,6231.88,2024,3,March,Tuesday,49233.88,39387.104
2024-03-26,ORD045013,CUST02140,P016,Sofa,Furniture,Ahmedabad,Store,Cash,2,36738.14,0.05,73476.28,69802.47,0,18946.57,2024,3,March,Tuesday,73476.28,69802.466
2024-03-26,ORD047839,CUST01331,P003,Headphones,Electronics,Kolkata,Store,UPI,1,4797.68,0.1,4797.68,4317.91,0,1194.59,2024,3,March,Tuesday,4797.68,4317.912
2024-03-26,ORD010794,CUST02902,P012,Air Fryer,Home,Hyderabad,Online,UPI,3,6650.66,0.15,19951.98,16959.18,0,3224.54,2024,3,March,Tuesday,19951.98,16959.183
2024-03-26,ORD034048,CUST00284,P002,Smartphone,Electronics,Kolkata,Store,Debit Card,1,27292.91,0.15,27292.91,23198.97,0,3849.66,2024,3,March,Tuesday,27292.91,23198.9735
2024-03-26,ORD046167,CUST04277,P010,Coffee Maker,Home,Hyderabad,Store,UPI,1,5238.26,0.25,5238.26,3928.7,0,445.01,2024,3,March,Tuesday,5238.26,3928.695
2024-03-26,ORD027973,CUST01152,P007,Backpack,Accessories,Mumbai,Online,Debit Card,1,2245.34,0.0,2245.34,2245.34,0,661.53,2024,3,March,Tuesday,2245.34,2245.34
2024-03-26,ORD014918,CUST02975,P008,Running Shoes,Fashion,Kolkata,Store,UPI,1,4454.7,0.05,4454.7,4231.96,0,1216.72,2024,3,March,Tuesday,4454.7,4231.964999999999
2024-03-26,ORD020320,CUST04536,P001,Laptop,Electronics,Surat,Online,Net Banking,2,58930.34,0.15,117860.68,100181.58,0,13900.58,2024,3,March,Tuesday,117860.68,100181.578
2024-03-26,ORD028976,CUST04833,P009,T-Shirt,Fashion,Kolkata,Store,Credit Card,4,1302.74,0.15,5210.96,4429.32,0,1160.1,2024,3,March,Tuesday,5210.96,4429.316
2024-03-26,ORD030097,CUST02446,P013,Monitor,Electronics,Ahmedabad,Online,Net Banking,1,17807.35,0.05,17807.35,16916.98,0,3833.84,2024,3,March,Tuesday,17807.35,16916.9825
2024-03-26,ORD017277,CUST04098,P012,Air Fryer,Home,Kolkata,Online,Credit Card,1,6881.66,0.15,6881.66,5849.41,0,1235.92,2024,3,March,Tuesday,6881.66,5849.411
2024-03-26,ORD023924,CUST04364,P011,Mixer Grinder,Home,Kolkata,Store,Credit Card,4,4446.12,0.0,17784.48,17784.48,0,4867.32,2024,3,March,Tuesday,17784.48,17784.48
2024-03-26,ORD005986,CUST04331,P008,Running Shoes,Fashion,Bengaluru,Online,Credit Card,2,4404.07,0.1,8808.14,7927.33,0,1066.31,2024,3,March,Tuesday,8808.14,7927.326
2024-03-26,ORD002747,CUST00518,P006,Desk,Furniture,Hyderabad,Online,UPI,1,12892.85,0.2,12892.85,10314.28,0,467.29,2024,3,March,Tuesday,12892.85,10314.28
2024-03-26,ORD017296,CUST04333,P009,T-Shirt,Fashion,Hyderabad,Online,UPI,1,1171.01,0.05,1171.01,1112.46,0,283.39,2024,3,March,Tuesday,1171.01,1112.4595
2024-03-26,ORD030276,CUST02939,P004,Smartwatch,Electronics,Mumbai,Online,UPI,2,7236.83,0.15,14473.66,12302.61,0,1144.41,2024,3,March,Tuesday,14473.66,12302.610999999999
2024-03-26,ORD030310,CUST03663,P014,Keyboard,Electronics,Kolkata,Online,Cash,1,2481.87,0.15,2481.87,2109.59,0,336.47,2024,3,March,Tuesday,2481.87,2109.5895
2024-03-26,ORD049199,CUST04084,P007,Backpack,Accessories,Bengaluru,Online,UPI,1,2065.28,0.2,2065.28,1652.22,1,-82.61,2024,3,March,Tuesday,2065.28,1652.2240000000002
2024-03-26,ORD015000,CUST01937,P003,Headphones,Electronics,Pune,Store,Credit Card,1,4301.7,0.15,4301.7,3656.44,0,660.87,2024,3,March,Tuesday,4301.7,3656.4449999999997
2024-03-26,ORD046797,CUST04945,P016,Sofa,Furniture,Surat,Online,UPI,1,32198.79,0.05,32198.79,30588.85,0,7601.3,2024,3,March,Tuesday,32198.79,30588.8505
2024-03-26,ORD004438,CUST03726,P008,Running Shoes,Fashion,Surat,Online,Net Banking,5,3933.84,0.1,19669.2,17702.28,0,2311.05,2024,3,March,Tuesday,19669.2,17702.280000000002
2024-03-26,ORD014119,CUST03027,P007,Backpack,Accessories,Bengaluru,Online,UPI,2,2362.82,0.0,4725.64,4725.64,0,679.73,2024,3,March,Tuesday,4725.64,4725.64
2024-03-26,ORD005324,CUST02128,P002,Smartphone,Electronics,Delhi,Online,UPI,2,28407.42,0.15,56814.84,48292.61,0,11363.72,2024,3,March,Tuesday,56814.84,48292.613999999994
2024-03-26,ORD015173,CUST02491,P018,Jacket,Fashion,Delhi,Online,Debit Card,2,5291.29,0.1,10582.58,9524.32,0,1646.2,2024,3,March,Tuesday,10582.58,9524.322
2024-03-26,ORD021065,CUST00793,P009,T-Shirt,Fashion,Jaipur,Online,Debit Card,5,1102.82,0.1,5514.1,4962.69,0,437.81,2024,3,March,Tuesday,5514.099999999999,4962.6900000000005
2024-03-26,ORD040951,CUST00265,P019,Vacuum Cleaner,Home,Bengaluru,Online,Credit Card,1,9139.96,0.05,9139.96,8682.96,0,803.12,2024,3,March,Tuesday,9139.96,8682.962
2024-03-26,ORD025062,CUST03194,P003,Headphones,Electronics,Hyderabad,Online,UPI,1,4810.36,0.2,4810.36,3848.29,0,564.87,2024,3,March,Tuesday,4810.36,3848.288
2024-03-26,ORD048004,CUST00356,P015,Dining Table,Furniture,Hyderabad,Online,UPI,2,23823.91,0.15,47647.82,40500.65,0,2224.24,2024,3,March,Tuesday,47647.82,40500.647
2024-03-26,ORD029834,CUST00296,P009,T-Shirt,Fashion,Ahmedabad,Online,Credit Card,1,1258.54,0.05,1258.54,1195.61,0,149.07,2024,3,March,Tuesday,1258.54,1195.6129999999998
2024-03-26,ORD048631,CUST02809,P020,Microwave,Home,Ahmedabad,Online,Cash,1,10892.37,0.0,10892.37,10892.37,1,-544.62,2024,3,March,Tuesday,10892.37,10892.37
2024-03-26,ORD035267,CUST04312,P008,Running Shoes,Fashion,Mumbai,Store,Credit Card,1,3976.09,0.15,3976.09,3379.68,0,687.49,2024,3,March,Tuesday,3976.09,3379.6765
2024-03-26,ORD035494,CUST00633,P004,Smartwatch,Electronics,Ahmedabad,Online,Credit Card,1,7001.62,0.0,7001.62,7001.62,0,1066.19,2024,3,March,Tuesday,7001.62,7001.62
2024-03-26,ORD013008,CUST00153,P008,Running Shoes,Fashion,Ahmedabad,Online,UPI,4,4377.83,0.2,17511.32,14009.06,0,1240.62,2024,3,March,Tuesday,17511.32,14009.056
2024-03-26,ORD017639,CUST00335,P007,Backpack,Accessories,Delhi,Store,UPI,1,2419.07,0.2,2419.07,1935.26,1,-96.76,2024,3,March,Tuesday,2419.07,1935.2560000000003
2024-03-26,ORD037565,CUST02335,P004,Smartwatch,Electronics,Ahmedabad,Online,Credit Card,1,6422.28,0.05,6422.28,6101.17,0,1328.83,2024,3,March,Tuesday,6422.28,6101.165999999999
2024-03-26,ORD014438,CUST03823,P004,Smartwatch,Electronics,Bengaluru,Store,Debit Card,5,7667.07,0.15,38335.35,32585.05,0,5735.67,2024,3,March,Tuesday,38335.35,32585.047499999997
2024-03-26,ORD001476,CUST03093,P002,Smartphone,Electronics,Hyderabad,Store,UPI,2,27221.44,0.15,54442.88,46276.45,0,5697.29,2024,3,March,Tuesday,54442.88,46276.448
2024-03-26,ORD010628,CUST04041,P015,Dining Table,Furniture,Bengaluru,Online,Credit Card,1,20556.6,0.1,20556.6,18500.94,0,3803.51,2024,3,March,Tuesday,20556.6,18500.94
2024-03-26,ORD042888,CUST02329,P017,Jeans,Fashion,Delhi,Online,UPI,2,2958.73,0.1,5917.46,5325.71,0,456.84,2024,3,March,Tuesday,5917.46,5325.714
2024-03-26,ORD010928,CUST02219,P009,T-Shirt,Fashion,Bengaluru,Online,Credit Card,1,1264.89,0.0,1264.89,1264.89,0,108.75,2024,3,March,Tuesday,1264.89,1264.89
2024-03-26,ORD010674,CUST02832,P001,Laptop,Electronics,Hyderabad,Online,UPI,1,63626.27,0.1,63626.27,57263.64,0,10788.51,2024,3,March,Tuesday,63626.27,57263.643
2024-03-26,ORD045757,CUST00548,P007,Backpack,Accessories,Pune,Store,Debit Card,1,2337.1,0.2,2337.1,1869.68,0,98.86,2024,3,March,Tuesday,2337.1,1869.68
2024-03-26,ORD030169,CUST04336,P006,Desk,Furniture,Chennai,Online,Debit Card,1,12494.73,0.05,12494.73,11869.99,0,936.66,2024,3,March,Tuesday,12494.73,11869.993499999999
2024-03-26,ORD011223,CUST02314,P009,T-Shirt,Fashion,Mumbai,Online,Cash,2,1286.74,0.0,2573.48,2573.48,0,507.84,2024,3,March,Tuesday,2573.48,2573.48
2024-03-26,ORD003605,CUST03628,P005,Office Chair,Furniture,Hyderabad,Online,Debit Card,1,10336.61,0.1,10336.61,9302.95,0,1907.85,2024,3,March,Tuesday,10336.61,9302.949
2024-03-26,ORD026111,CUST04676,P016,Sofa,Furniture,Delhi,Store,Cash,1,35073.38,0.0,35073.38,35073.38,0,6823.27,2024,3,March,Tuesday,35073.38,35073.38
2024-03-26,ORD022820,CUST00180,P019,Vacuum Cleaner,Home,Jaipur,Store,UPI,2,8815.49,0.25,17630.98,13223.24,0,1129.26,2024,3,March,Tuesday,17630.98,13223.235
2024-03-26,ORD037735,CUST01492,P008,Running Shoes,Fashion,Jaipur,Store,Credit Card,1,4162.72,0.15,4162.72,3538.31,0,925.57,2024,3,March,Tuesday,4162.72,3538.312
2024-03-26,ORD003108,CUST03061,P004,Smartwatch,Electronics,Jaipur,Online,Cash,2,7214.82,0.0,14429.64,14429.64,0,3977.93,2024,3,March,Tuesday,14429.64,14429.64
2024-03-26,ORD021575,CUST04722,P008,Running Shoes,Fashion,Delhi,Store,Debit Card,3,4320.6,0.2,12961.8,10369.44,0,2644.36,2024,3,March,Tuesday,12961.800000000001,10369.44
2024-03-26,ORD026048,CUST04215,P010,Coffee Maker,Home,Bengaluru,Online,UPI,1,6004.53,0.1,6004.53,5404.08,0,817.74,2024,3,March,Tuesday,6004.53,5404.077
2024-03-26,ORD036030,CUST03666,P011,Mixer Grinder,Home,Chennai,Store,UPI,2,4592.12,0.1,9184.24,8265.82,1,-413.29,2024,3,March,Tuesday,9184.24,8265.816
2024-03-26,ORD012889,CUST02783,P020,Microwave,Home,Delhi,Online,Credit Card,1,10607.42,0.15,10607.42,9016.31,0,1378.53,2024,3,March,Tuesday,10607.42,9016.307
2024-03-26,ORD029339,CUST01771,P003,Headphones,Electronics,Ahmedabad,Online,UPI,1,4225.68,0.0,4225.68,4225.68,0,561.24,2024,3,March,Tuesday,4225.68,4225.68
2024-03-26,ORD014146,CUST04411,P020,Microwave,Home,Ahmedabad,Store,Net Banking,1,11350.14,0.05,11350.14,10782.63,0,1376.28,2024,3,March,Tuesday,11350.14,10782.633
2024-03-26,ORD041702,CUST02530,P018,Jacket,Fashion,Delhi,Online,Debit Card,1,4694.9,0.1,4694.9,4225.41,0,469.0,2024,3,March,Tuesday,4694.9,4225.41
2024-03-26,ORD034569,CUST00416,P014,Keyboard,Electronics,Jaipur,Online,UPI,1,2558.95,0.0,2558.95,2558.95,0,411.74,2024,3,March,Tuesday,2558.95,2558.95
2024-03-26,ORD048928,CUST01745,P011,Mixer Grinder,Home,Ahmedabad,Store,UPI,1,4728.47,0.1,4728.47,4255.62,0,427.42,2024,3,March,Tuesday,4728.47,4255.6230000000005
2024-03-26,ORD019505,CUST04192,P010,Coffee Maker,Home,Chennai,Online,Credit Card,1,5122.38,0.1,5122.38,4610.14,0,1082.28,2024,3,March,Tuesday,5122.38,4610.142
2024-03-27,ORD007428,CUST03165,P005,Office Chair,Furniture,Ahmedabad,Store,UPI,1,9555.23,0.05,9555.23,9077.47,0,1844.76,2024,3,March,Wednesday,9555.23,9077.468499999999
2024-03-27,ORD039564,CUST00543,P006,Desk,Furniture,Jaipur,Online,UPI,1,11983.29,0.2,11983.29,9586.63,0,2142.86,2024,3,March,Wednesday,11983.29,9586.632000000001
2024-03-27,ORD004081,CUST00263,P020,Microwave,Home,Chennai,Online,Net Banking,1,10632.74,0.1,10632.74,9569.47,0,677.49,2024,3,March,Wednesday,10632.74,9569.466
2024-03-27,ORD020003,CUST01326,P019,Vacuum Cleaner,Home,Kolkata,Online,Debit Card,1,9243.25,0.1,9243.25,8318.93,0,1242.12,2024,3,March,Wednesday,9243.25,8318.925000000001
2024-03-27,ORD009181,CUST00010,P013,Monitor,Electronics,Pune,Online,Debit Card,1,17267.4,0.2,17267.4,13813.92,0,2726.38,2024,3,March,Wednesday,17267.4,13813.920000000002
2024-03-27,ORD033751,CUST03088,P015,Dining Table,Furniture,Surat,Store,UPI,2,20884.67,0.2,41769.34,33415.47,0,5040.92,2024,3,March,Wednesday,41769.34,33415.472
2024-03-27,ORD016994,CUST00997,P015,Dining Table,Furniture,Kolkata,Online,Debit Card,2,23966.93,0.05,47933.86,45537.17,0,9439.31,2024,3,March,Wednesday,47933.86,45537.167
2024-03-27,ORD044520,CUST01798,P016,Sofa,Furniture,Delhi,Store,UPI,1,37127.14,0.15,37127.14,31558.07,0,3000.24,2024,3,March,Wednesday,37127.14,31558.069
2024-03-27,ORD002311,CUST00716,P005,Office Chair,Furniture,Kolkata,Online,UPI,2,9799.5,0.15,19599.0,16659.15,1,-832.96,2024,3,March,Wednesday,19599.0,16659.149999999998
2024-03-27,ORD035469,CUST04615,P007,Backpack,Accessories,Chennai,Online,UPI,1,2203.76,0.0,2203.76,2203.76,0,447.12,2024,3,March,Wednesday,2203.76,2203.76
2024-03-27,ORD028143,CUST01906,P019,Vacuum Cleaner,Home,Chennai,Online,UPI,1,8490.78,0.05,8490.78,8066.24,0,1055.57,2024,3,March,Wednesday,8490.78,8066.241
2024-03-27,ORD020563,CUST04749,P003,Headphones,Electronics,Jaipur,Online,Debit Card,4,4548.27,0.15,18193.08,15464.12,0,2296.82,2024,3,March,Wednesday,18193.08,15464.118
2024-03-27,ORD022622,CUST00999,P007,Backpack,Accessories,Hyderabad,Online,Credit Card,2,2254.95,0.1,4509.9,4058.91,0,586.95,2024,3,March,Wednesday,4509.9,4058.91
2024-03-27,ORD011534,CUST04938,P018,Jacket,Fashion,Chennai,Store,Credit Card,1,5429.43,0.0,5429.43,5429.43,0,1493.02,2024,3,March,Wednesday,5429.43,5429.43
2024-03-27,ORD024825,CUST02647,P017,Jeans,Fashion,Delhi,Online,UPI,2,2592.22,0.05,5184.44,4925.22,0,1048.97,2024,3,March,Wednesday,5184.44,4925.217999999999
2024-03-27,ORD042753,CUST01493,P009,T-Shirt,Fashion,Ahmedabad,Online,Debit Card,2,1122.1,0.0,2244.2,2244.2,0,321.11,2024,3,March,Wednesday,2244.2,2244.2
2024-03-27,ORD001947,CUST01866,P013,Monitor,Electronics,Delhi,Store,UPI,1,17832.07,0.1,17832.07,16048.86,0,3421.61,2024,3,March,Wednesday,17832.07,16048.863
2024-03-27,ORD041165,CUST04314,P009,T-Shirt,Fashion,Bengaluru,Online,Net Banking,3,1279.09,0.15,3837.27,3261.68,0,557.96,2024,3,March,Wednesday,3837.2699999999995,3261.6794999999997
2024-03-27,ORD034691,CUST02963,P006,Desk,Furniture,Hyderabad,Online,UPI,1,11793.98,0.15,11793.98,10024.88,0,2593.13,2024,3,March,Wednesday,11793.98,10024.883
2024-03-27,ORD021249,CUST04527,P002,Smartphone,Electronics,Ahmedabad,Online,UPI,5,28591.31,0.1,142956.55,128660.9,0,25673.85,2024,3,March,Wednesday,142956.55000000002,128660.89499999999
2024-03-27,ORD048521,CUST00293,P015,Dining Table,Furniture,Hyderabad,Store,Credit Card,1,21813.73,0.2,21813.73,17450.98,1,-872.55,2024,3,March,Wednesday,21813.73,17450.984
2024-03-27,ORD003018,CUST00483,P005,Office Chair,Furniture,Kolkata,Online,UPI,1,10105.15,0.05,10105.15,9599.89,0,1718.13,2024,3,March,Wednesday,10105.15,9599.8925
2024-03-27,ORD042782,CUST02612,P011,Mixer Grinder,Home,Surat,Store,Cash,3,4927.26,0.15,14781.78,12564.51,0,1659.72,2024,3,March,Wednesday,14781.78,12564.513
2024-03-27,ORD015524,CUST02224,P001,Laptop,Electronics,Kolkata,Online,Credit Card,1,64856.66,0.05,64856.66,61613.83,0,17154.07,2024,3,March,Wednesday,64856.66,61613.827
2024-03-27,ORD031512,CUST04767,P016,Sofa,Furniture,Hyderabad,Online,UPI,4,32996.05,0.1,131984.2,118785.78,0,24870.43,2024,3,March,Wednesday,131984.2,118785.78000000001
2024-03-27,ORD037628,CUST03684,P019,Vacuum Cleaner,Home,Ahmedabad,Online,Debit Card,2,8368.92,0.15,16737.84,14227.16,0,896.33,2024,3,March,Wednesday,16737.84,14227.163999999999
2024-03-27,ORD042649,CUST01350,P013,Monitor,Electronics,Hyderabad,Online,UPI,1,17434.62,0.05,17434.62,16562.89,0,3350.19,2024,3,March,Wednesday,17434.62,16562.889
2024-03-27,ORD044800,CUST01446,P017,Jeans,Fashion,Pune,Store,Debit Card,1,2755.48,0.05,2755.48,2617.71,0,434.94,2024,3,March,Wednesday,2755.48,2617.7059999999997
2024-03-27,ORD041957,CUST03177,P001,Laptop,Electronics,Hyderabad,Online,Credit Card,1,67179.99,0.15,67179.99,57102.99,0,5065.81,2024,3,March,Wednesday,67179.99,57102.991500000004
2024-03-27,ORD045711,CUST04925,P005,Office Chair,Furniture,Surat,Store,Cash,1,10022.11,0.0,10022.11,10022.11,0,2960.89,2024,3,March,Wednesday,10022.11,10022.11
2024-03-27,ORD038253,CUST02642,P005,Office Chair,Furniture,Jaipur,Online,Credit Card,2,9925.84,0.1,19851.68,17866.51,0,4152.66,2024,3,March,Wednesday,19851.68,17866.512000000002
2024-03-27,ORD005813,CUST04447,P020,Microwave,Home,Bengaluru,Store,Credit Card,1,11587.77,0.1,11587.77,10428.99,0,1007.95,2024,3,March,Wednesday,11587.77,10428.993
2024-03-27,ORD042422,CUST01620,P013,Monitor,Electronics,Pune,Store,UPI,1,19286.44,0.15,19286.44,16393.47,0,1480.38,2024,3,March,Wednesday,19286.44,16393.474
2024-03-27,ORD049609,CUST04192,P003,Headphones,Electronics,Ahmedabad,Store,Cash,1,4184.6,0.1,4184.6,3766.14,0,331.48,2024,3,March,Wednesday,4184.6,3766.1400000000003
2024-03-27,ORD021746,CUST01936,P011,Mixer Grinder,Home,Chennai,Online,Debit Card,1,4735.61,0.25,4735.61,3551.71,0,349.97,2024,3,March,Wednesday,4735.61,3551.7074999999995
2024-03-27,ORD021424,CUST00005,P004,Smartwatch,Electronics,Bengaluru,Store,UPI,1,6730.73,0.0,6730.73,6730.73,0,1610.26,2024,3,March,Wednesday,6730.73,6730.73
2024-03-27,ORD041706,CUST03974,P016,Sofa,Furniture,Surat,Online,Cash,4,31806.25,0.05,127225.0,120863.75,0,18942.28,2024,3,March,Wednesday,127225.0,120863.75
2024-03-27,ORD033062,CUST02481,P013,Monitor,Electronics,Mumbai,Store,UPI,1,17998.38,0.05,17998.38,17098.46,0,4549.19,2024,3,March,Wednesday,17998.38,17098.461
2024-03-27,ORD010102,CUST00612,P003,Headphones,Electronics,Ahmedabad,Store,Cash,2,4363.93,0.15,8727.86,7418.68,0,1503.75,2024,3,March,Wednesday,8727.86,7418.6810000000005
2024-03-27,ORD010066,CUST00802,P020,Microwave,Home,Jaipur,Online,UPI,2,11816.3,0.05,23632.6,22450.97,0,1838.08,2024,3,March,Wednesday,23632.6,22450.969999999998
2024-03-27,ORD022212,CUST01374,P011,Mixer Grinder,Home,Pune,Store,Credit Card,2,4681.23,0.1,9362.46,8426.21,0,2169.57,2024,3,March,Wednesday,9362.46,8426.214
2024-03-27,ORD033358,CUST04396,P009,T-Shirt,Fashion,Jaipur,Online,UPI,1,1183.1,0.25,1183.1,887.32,0,207.84,2024,3,March,Wednesday,1183.1,887.3249999999999
2024-03-27,ORD007094,CUST02276,P013,Monitor,Electronics,Delhi,Online,Net Banking,1,18971.16,0.0,18971.16,18971.16,0,2453.17,2024,3,March,Wednesday,18971.16,18971.16
2024-03-27,ORD024886,CUST01979,P019,Vacuum Cleaner,Home,Mumbai,Store,UPI,1,8470.64,0.25,8470.64,6352.98,0,1565.41,2024,3,March,Wednesday,8470.64,6352.98
2024-03-27,ORD028462,CUST02298,P008,Running Shoes,Fashion,Ahmedabad,Online,UPI,1,4544.77,0.0,4544.77,4544.77,0,1085.55,2024,3,March,Wednesday,4544.77,4544.77
2024-03-27,ORD016218,CUST01712,P010,Coffee Maker,Home,Surat,Store,UPI,2,5886.54,0.15,11773.08,10007.12,0,517.73,2024,3,March,Wednesday,11773.08,10007.118
2024-03-27,ORD035383,CUST01459,P009,T-Shirt,Fashion,Jaipur,Online,Cash,1,1267.12,0.05,1267.12,1203.76,0,169.71,2024,3,March,Wednesday,1267.12,1203.764
2024-03-27,ORD016203,CUST01110,P001,Laptop,Electronics,Mumbai,Store,UPI,1,60110.69,0.2,60110.69,48088.55,0,9511.98,2024,3,March,Wednesday,60110.69,48088.552
2024-03-27,ORD031864,CUST00402,P008,Running Shoes,Fashion,Chennai,Online,Debit Card,1,3961.97,0.1,3961.97,3565.77,0,514.77,2024,3,March,Wednesday,3961.97,3565.7729999999997
2024-03-27,ORD039251,CUST00731,P018,Jacket,Fashion,Delhi,Online,Credit Card,1,5012.0,0.1,5012.0,4510.8,0,1161.97,2024,3,March,Wednesday,5012.0,4510.8
2024-03-27,ORD031779,CUST03889,P004,Smartwatch,Electronics,Jaipur,Online,UPI,2,6563.74,0.0,13127.48,13127.48,0,2446.31,2024,3,March,Wednesday,13127.48,13127.48
2024-03-27,ORD005757,CUST01909,P013,Monitor,Electronics,Delhi,Online,Credit Card,1,18654.77,0.0,18654.77,18654.77,0,3388.51,2024,3,March,Wednesday,18654.77,18654.77
2024-03-27,ORD034880,CUST02305,P010,Coffee Maker,Home,Chennai,Store,UPI,1,5158.33,0.0,5158.33,5158.33,0,527.89,2024,3,March,Wednesday,5158.33,5158.33
2024-03-27,ORD048847,CUST02243,P014,Keyboard,Electronics,Ahmedabad,Online,Credit Card,1,2669.07,0.05,2669.07,2535.62,0,629.62,2024,3,March,Wednesday,2669.07,2535.6165
2024-03-27,ORD030479,CUST01424,P011,Mixer Grinder,Home,Chennai,Online,Cash,2,4523.21,0.1,9046.42,8141.78,1,-407.09,2024,3,March,Wednesday,9046.42,8141.778
2024-03-27,ORD031178,CUST01620,P001,Laptop,Electronics,Pune,Store,UPI,4,67895.27,0.05,271581.08,258002.03,0,45026.87,2024,3,March,Wednesday,271581.08,258002.026
2024-03-27,ORD045201,CUST00820,P012,Air Fryer,Home,Hyderabad,Online,Credit Card,1,7450.51,0.2,7450.51,5960.41,0,793.04,2024,3,March,Wednesday,7450.51,5960.408
2024-03-27,ORD002866,CUST02079,P001,Laptop,Electronics,Pune,Store,UPI,1,64841.84,0.05,64841.84,61599.75,0,17009.73,2024,3,March,Wednesday,64841.84,61599.74799999999
2024-03-27,ORD008207,CUST01698,P014,Keyboard,Electronics,Bengaluru,Online,UPI,1,2655.83,0.1,2655.83,2390.25,0,372.8,2024,3,March,Wednesday,2655.83,2390.247
2024-03-27,ORD027470,CUST02706,P008,Running Shoes,Fashion,Pune,Online,Debit Card,1,4451.49,0.1,4451.49,4006.34,0,1032.55,2024,3,March,Wednesday,4451.49,4006.341
2024-03-27,ORD012214,CUST02067,P007,Backpack,Accessories,Surat,Online,UPI,4,1991.15,0.1,7964.6,7168.14,1,-358.41,2024,3,March,Wednesday,7964.6,7168.14
2024-03-27,ORD036334,CUST04511,P011,Mixer Grinder,Home,Chennai,Online,Cash,1,4929.58,0.15,4929.58,4190.14,0,792.53,2024,3,March,Wednesday,4929.58,4190.143
2024-03-27,ORD049293,CUST01465,P013,Monitor,Electronics,Jaipur,Online,Credit Card,1,19030.96,0.05,19030.96,18079.41,0,1481.38,2024,3,March,Wednesday,19030.96,18079.411999999997
2024-03-27,ORD024042,CUST02540,P001,Laptop,Electronics,Jaipur,Store,UPI,1,69283.91,0.1,69283.91,62355.52,0,12299.37,2024,3,March,Wednesday,69283.91,62355.51900000001
2024-03-27,ORD008175,CUST03685,P003,Headphones,Electronics,Surat,Store,Debit Card,4,4561.75,0.1,18247.0,16422.3,0,2786.18,2024,3,March,Wednesday,18247.0,16422.3
2024-03-27,ORD037407,CUST04696,P018,Jacket,Fashion,Bengaluru,Online,UPI,2,5647.84,0.1,11295.68,10166.11,0,1606.32,2024,3,March,Wednesday,11295.68,10166.112000000001
2024-03-28,ORD046232,CUST04976,P003,Headphones,Electronics,Mumbai,Store,Credit Card,1,4455.28,0.1,4455.28,4009.75,0,568.68,2024,3,March,Thursday,4455.28,4009.752
2024-03-28,ORD000689,CUST01337,P014,Keyboard,Electronics,Mumbai,Online,Credit Card,1,2468.02,0.1,2468.02,2221.22,0,537.85,2024,3,March,Thursday,2468.02,2221.218
2024-03-28,ORD029922,CUST02585,P009,T-Shirt,Fashion,Kolkata,Online,UPI,1,1132.06,0.1,1132.06,1018.85,0,256.35,2024,3,March,Thursday,1132.06,1018.8539999999999
2024-03-28,ORD000504,CUST03965,P005,Office Chair,Furniture,Delhi,Online,Debit Card,1,9647.46,0.1,9647.46,8682.71,0,1155.96,2024,3,March,Thursday,9647.46,8682.714
2024-03-28,ORD005353,CUST00480,P016,Sofa,Furniture,Delhi,Store,UPI,2,34302.04,0.05,68604.08,65173.88,1,-3258.69,2024,3,March,Thursday,68604.08,65173.876
2024-03-28,ORD025992,CUST04542,P018,Jacket,Fashion,Delhi,Online,Debit Card,1,5480.88,0.0,5480.88,5480.88,0,959.69,2024,3,March,Thursday,5480.88,5480.88
2024-03-28,ORD039355,CUST04597,P005,Office Chair,Furniture,Chennai,Store,UPI,1,8562.84,0.05,8562.84,8134.7,0,2103.27,2024,3,March,Thursday,8562.84,8134.697999999999
2024-03-28,ORD039244,CUST03092,P007,Backpack,Accessories,Hyderabad,Store,Cash,1,2418.6,0.0,2418.6,2418.6,0,660.66,2024,3,March,Thursday,2418.6,2418.6
2024-03-28,ORD020936,CUST00777,P001,Laptop,Electronics,Mumbai,Store,UPI,1,67736.67,0.15,67736.67,57576.17,0,9386.09,2024,3,March,Thursday,67736.67,57576.169499999996
2024-03-28,ORD045287,CUST02041,P017,Jeans,Fashion,Pune,Store,Net Banking,1,2752.87,0.05,2752.87,2615.23,0,461.57,2024,3,March,Thursday,2752.87,2615.2264999999998
2024-03-28,ORD021134,CUST04159,P004,Smartwatch,Electronics,Delhi,Online,Credit Card,1,6314.56,0.05,6314.56,5998.83,0,695.35,2024,3,March,Thursday,6314.56,5998.832
2024-03-28,ORD024064,CUST04945,P006,Desk,Furniture,Pune,Online,Credit Card,1,11839.93,0.05,11839.93,11247.93,0,3016.05,2024,3,March,Thursday,11839.93,11247.9335
2024-03-28,ORD028609,CUST03790,P001,Laptop,Electronics,Chennai,Store,Net Banking,1,68405.68,0.05,68405.68,64985.4,0,10896.88,2024,3,March,Thursday,68405.68,64985.39599999999
2024-03-28,ORD006281,CUST04532,P012,Air Fryer,Home,Surat,Online,Credit Card,4,7399.02,0.2,29596.08,23676.86,0,4318.83,2024,3,March,Thursday,29596.08,23676.864
2024-03-28,ORD022329,CUST00402,P017,Jeans,Fashion,Mumbai,Online,UPI,1,2872.79,0.1,2872.79,2585.51,0,204.7,2024,3,March,Thursday,2872.79,2585.511
2024-03-28,ORD044597,CUST03080,P017,Jeans,Fashion,Ahmedabad,Online,UPI,1,2844.87,0.05,2844.87,2702.63,0,430.01,2024,3,March,Thursday,2844.87,2702.6265
2024-03-28,ORD038657,CUST03518,P010,Coffee Maker,Home,Pune,Online,UPI,1,6049.67,0.1,6049.67,5444.7,0,1052.47,2024,3,March,Thursday,6049.67,5444.703
2024-03-28,ORD047197,CUST01817,P018,Jacket,Fashion,Surat,Online,Debit Card,1,5304.87,0.05,5304.87,5039.63,0,952.46,2024,3,March,Thursday,5304.87,5039.626499999999
2024-03-28,ORD038630,CUST02660,P006,Desk,Furniture,Surat,Store,UPI,1,11148.23,0.15,11148.23,9476.0,0,1523.65,2024,3,March,Thursday,11148.23,9475.995499999999
2024-03-28,ORD039649,CUST00233,P017,Jeans,Fashion,Mumbai,Online,UPI,2,2679.85,0.25,5359.7,4019.77,0,788.58,2024,3,March,Thursday,5359.7,4019.7749999999996
2024-03-28,ORD022283,CUST03568,P017,Jeans,Fashion,Mumbai,Online,UPI,2,2548.32,0.1,5096.64,4586.98,0,1069.6,2024,3,March,Thursday,5096.64,4586.976000000001
2024-03-28,ORD045765,CUST01057,P004,Smartwatch,Electronics,Mumbai,Online,Debit Card,1,7112.19,0.2,7112.19,5689.75,0,1308.32,2024,3,March,Thursday,7112.19,5689.752
2024-03-28,ORD020533,CUST04419,P011,Mixer Grinder,Home,Kolkata,Online,Credit Card,5,4887.78,0.15,24438.9,20773.06,0,1595.97,2024,3,March,Thursday,24438.899999999998,20773.065000000002
2024-03-28,ORD005201,CUST01455,P016,Sofa,Furniture,Delhi,Online,UPI,2,36701.43,0.05,73402.86,69732.72,0,12944.37,2024,3,March,Thursday,73402.86,69732.717
2024-03-28,ORD049880,CUST03202,P002,Smartphone,Electronics,Mumbai,Online,Debit Card,1,26140.48,0.15,26140.48,22219.41,0,5376.52,2024,3,March,Thursday,26140.48,22219.408
2024-03-28,ORD001716,CUST04838,P004,Smartwatch,Electronics,Jaipur,Store,Credit Card,2,7674.53,0.05,15349.06,14581.61,0,3069.39,2024,3,March,Thursday,15349.06,14581.606999999998
2024-03-28,ORD012209,CUST04999,P010,Coffee Maker,Home,Pune,Online,Credit Card,1,5055.78,0.1,5055.78,4550.2,0,914.82,2024,3,March,Thursday,5055.78,4550.202
2024-03-28,ORD011559,CUST03996,P009,T-Shirt,Fashion,Mumbai,Store,UPI,1,1147.03,0.1,1147.03,1032.33,0,189.68,2024,3,March,Thursday,1147.03,1032.327
2024-03-28,ORD043139,CUST01956,P013,Monitor,Electronics,Bengaluru,Store,Net Banking,5,16351.23,0.2,81756.15,65404.92,1,-3270.25,2024,3,March,Thursday,81756.15,65404.92
2024-03-28,ORD041436,CUST01017,P009,T-Shirt,Fashion,Chennai,Online,Credit Card,1,1295.97,0.1,1295.97,1166.37,0,303.77,2024,3,March,Thursday,1295.97,1166.373
2024-03-28,ORD036638,CUST01470,P001,Laptop,Electronics,Chennai,Online,Cash,1,60781.02,0.2,60781.02,48624.82,0,11334.53,2024,3,March,Thursday,60781.02,48624.816
2024-03-28,ORD005750,CUST02393,P020,Microwave,Home,Mumbai,Online,Debit Card,1,10193.38,0.1,10193.38,9174.04,0,1188.35,2024,3,March,Thursday,10193.38,9174.042
2024-03-28,ORD031446,CUST00115,P002,Smartphone,Electronics,Jaipur,Online,UPI,1,26898.94,0.0,26898.94,26898.94,0,2784.96,2024,3,March,Thursday,26898.94,26898.94
2024-03-28,ORD011073,CUST03471,P004,Smartwatch,Electronics,Delhi,Online,Credit Card,3,7642.05,0.0,22926.15,22926.15,0,4234.33,2024,3,March,Thursday,22926.15,22926.15
2024-03-28,ORD004010,CUST00400,P016,Sofa,Furniture,Delhi,Online,Credit Card,1,32403.24,0.1,32403.24,29162.92,0,3818.58,2024,3,March,Thursday,32403.24,29162.916
2024-03-28,ORD041742,CUST02033,P010,Coffee Maker,Home,Surat,Store,Credit Card,2,5380.93,0.1,10761.86,9685.67,0,1469.12,2024,3,March,Thursday,10761.86,9685.674
2024-03-28,ORD005514,CUST04633,P011,Mixer Grinder,Home,Chennai,Online,UPI,1,4849.85,0.0,4849.85,4849.85,0,481.87,2024,3,March,Thursday,4849.85,4849.85
2024-03-28,ORD033876,CUST04271,P004,Smartwatch,Electronics,Bengaluru,Online,Cash,1,7655.41,0.0,7655.41,7655.41,0,1221.34,2024,3,March,Thursday,7655.41,7655.41
2024-03-28,ORD048516,CUST04168,P014,Keyboard,Electronics,Delhi,Online,UPI,1,2735.76,0.05,2735.76,2598.97,0,319.26,2024,3,March,Thursday,2735.76,2598.972
2024-03-28,ORD008120,CUST03870,P019,Vacuum Cleaner,Home,Jaipur,Online,Credit Card,3,8783.86,0.1,26351.58,23716.42,0,5856.3,2024,3,March,Thursday,26351.58,23716.422000000002
2024-03-28,ORD018362,CUST04470,P014,Keyboard,Electronics,Mumbai,Online,UPI,1,2640.07,0.15,2640.07,2244.06,0,355.54,2024,3,March,Thursday,2640.07,2244.0595000000003
2024-03-28,ORD004075,CUST01165,P012,Air Fryer,Home,Surat,Online,Cash,1,6817.98,0.0,6817.98,6817.98,0,1166.05,2024,3,March,Thursday,6817.98,6817.98
2024-03-28,ORD034418,CUST01072,P016,Sofa,Furniture,Pune,Store,Credit Card,3,37249.04,0.0,111747.12,111747.12,0,16971.95,2024,3,March,Thursday,111747.12,111747.12
2024-03-28,ORD049134,CUST03242,P014,Keyboard,Electronics,Bengaluru,Online,Debit Card,1,2729.01,0.1,2729.01,2456.11,0,221.57,2024,3,March,Thursday,2729.01,2456.1090000000004
2024-03-28,ORD006860,CUST03385,P017,Jeans,Fashion,Mumbai,Online,Credit Card,1,2619.18,0.15,2619.18,2226.3,0,428.39,2024,3,March,Thursday,2619.18,2226.303
2024-03-28,ORD042018,CUST01270,P004,Smartwatch,Electronics,Jaipur,Online,UPI,2,6823.1,0.05,13646.2,12963.89,1,-648.19,2024,3,March,Thursday,13646.2,12963.89
2024-03-28,ORD048130,CUST01320,P006,Desk,Furniture,Pune,Online,Credit Card,1,11848.22,0.15,11848.22,10070.99,0,586.36,2024,3,March,Thursday,11848.22,10070.987
2024-03-28,ORD019714,CUST00630,P001,Laptop,Electronics,Hyderabad,Online,UPI,1,63680.96,0.05,63680.96,60496.91,0,14580.02,2024,3,March,Thursday,63680.96,60496.912
2024-03-28,ORD031137,CUST00374,P007,Backpack,Accessories,Mumbai,Online,Debit Card,1,2352.26,0.0,2352.26,2352.26,0,302.47,2024,3,March,Thursday,2352.26,2352.26
2024-03-28,ORD022768,CUST03631,P002,Smartphone,Electronics,Mumbai,Store,Credit Card,1,25437.38,0.1,25437.38,22893.64,0,6071.4,2024,3,March,Thursday,25437.38,22893.642
2024-03-28,ORD035809,CUST01562,P011,Mixer Grinder,Home,Mumbai,Online,Net Banking,5,4868.13,0.0,24340.65,24340.65,0,4161.11,2024,3,March,Thursday,24340.65,24340.65
2024-03-28,ORD026951,CUST00242,P009,T-Shirt,Fashion,Bengaluru,Online,Credit Card,1,1122.12,0.0,1122.12,1122.12,0,336.26,2024,3,March,Thursday,1122.12,1122.12
2024-03-28,ORD034045,CUST02511,P017,Jeans,Fashion,Surat,Online,UPI,1,2588.83,0.05,2588.83,2459.39,0,711.93,2024,3,March,Thursday,2588.83,2459.3885
2024-03-28,ORD048036,CUST04235,P020,Microwave,Home,Surat,Online,UPI,1,11011.89,0.0,11011.89,11011.89,0,2044.85,2024,3,March,Thursday,11011.89,11011.89
2024-03-28,ORD043325,CUST02838,P018,Jacket,Fashion,Ahmedabad,Online,UPI,1,5525.34,0.05,5525.34,5249.07,0,1078.01,2024,3,March,Thursday,5525.34,5249.073
2024-03-28,ORD007575,CUST02356,P002,Smartphone,Electronics,Jaipur,Store,UPI,1,28344.08,0.2,28344.08,22675.26,0,2173.06,2024,3,March,Thursday,28344.08,22675.264000000003
2024-03-28,ORD001307,CUST02980,P010,Coffee Maker,Home,Hyderabad,Store,UPI,4,5134.68,0.2,20538.72,16430.98,0,1280.62,2024,3,March,Thursday,20538.72,16430.976000000002
2024-03-28,ORD020346,CUST02605,P020,Microwave,Home,Delhi,Online,Credit Card,2,11976.87,0.1,23953.74,21558.37,0,2369.24,2024,3,March,Thursday,23953.74,21558.366
2024-03-29,ORD003837,CUST01317,P002,Smartphone,Electronics,Bengaluru,Online,Credit Card,1,25248.89,0.1,25248.89,22724.0,0,6123.01,2024,3,March,Friday,25248.89,22724.001
2024-03-29,ORD049380,CUST04414,P006,Desk,Furniture,Delhi,Online,Debit Card,1,10936.05,0.05,10936.05,10389.25,0,1184.89,2024,3,March,Friday,10936.05,10389.2475
2024-03-29,ORD038957,CUST02896,P020,Microwave,Home,Bengaluru,Online,Cash,5,10883.34,0.2,54416.7,43533.36,0,5314.18,2024,3,March,Friday,54416.7,43533.36
2024-03-29,ORD024800,CUST00951,P008,Running Shoes,Fashion,Jaipur,Store,UPI,1,4345.37,0.05,4345.37,4128.1,0,1138.3,2024,3,March,Friday,4345.37,4128.1015
2024-03-29,ORD021364,CUST04526,P002,Smartphone,Electronics,Pune,Store,Cash,5,28825.69,0.05,144128.45,136922.03,0,34662.93,2024,3,March,Friday,144128.44999999998,136922.0275
2024-03-29,ORD009671,CUST02690,P014,Keyboard,Electronics,Jaipur,Online,UPI,1,2689.3,0.1,2689.3,2420.37,0,640.79,2024,3,March,Friday,2689.3,2420.3700000000003
2024-03-29,ORD030198,CUST00248,P012,Air Fryer,Home,Pune,Online,Cash,4,7515.37,0.1,30061.48,27055.33,0,6559.04,2024,3,March,Friday,30061.48,27055.332
2024-03-29,ORD035918,CUST03359,P016,Sofa,Furniture,Hyderabad,Store,UPI,2,38245.24,0.05,76490.48,72665.96,1,-3633.3,2024,3,March,Friday,76490.48,72665.95599999999
2024-03-29,ORD042776,CUST00252,P013,Monitor,Electronics,Ahmedabad,Online,Credit Card,3,16209.24,0.0,48627.72,48627.72,0,10453.89,2024,3,March,Friday,48627.72,48627.72
2024-03-29,ORD014216,CUST02179,P017,Jeans,Fashion,Mumbai,Store,UPI,1,2747.01,0.15,2747.01,2334.96,0,463.83,2024,3,March,Friday,2747.01,2334.9585
2024-03-29,ORD046044,CUST02701,P011,Mixer Grinder,Home,Hyderabad,Online,UPI,1,5071.1,0.15,5071.1,4310.44,0,484.69,2024,3,March,Friday,5071.1,4310.435
2024-03-29,ORD044700,CUST02502,P009,T-Shirt,Fashion,Hyderabad,Online,Debit Card,3,1216.62,0.15,3649.86,3102.38,0,832.14,2024,3,March,Friday,3649.8599999999997,3102.381
2024-03-29,ORD031452,CUST02784,P017,Jeans,Fashion,Surat,Store,Debit Card,1,2850.82,0.1,2850.82,2565.74,0,266.49,2024,3,March,Friday,2850.82,2565.7380000000003
2024-03-29,ORD025946,CUST00083,P004,Smartwatch,Electronics,Ahmedabad,Store,Credit Card,2,6669.57,0.15,13339.14,11338.27,0,1190.76,2024,3,March,Friday,13339.14,11338.268999999998
2024-03-29,ORD002194,CUST04101,P014,Keyboard,Electronics,Delhi,Online,UPI,3,2719.58,0.0,8158.74,8158.74,0,1755.71,2024,3,March,Friday,8158.74,8158.74
2024-03-29,ORD029689,CUST03073,P001,Laptop,Electronics,Chennai,Store,Net Banking,2,66165.27,0.1,132330.54,119097.49,0,16557.25,2024,3,March,Friday,132330.54,119097.486
2024-03-29,ORD018869,CUST03757,P009,T-Shirt,Fashion,Hyderabad,Store,UPI,1,1314.84,0.1,1314.84,1183.36,0,169.17,2024,3,March,Friday,1314.84,1183.356
2024-03-29,ORD007857,CUST01037,P009,T-Shirt,Fashion,Pune,Store,UPI,1,1297.06,0.05,1297.06,1232.21,0,101.87,2024,3,March,Friday,1297.06,1232.2069999999999
2024-03-29,ORD037336,CUST02979,P002,Smartphone,Electronics,Bengaluru,Online,UPI,1,30677.5,0.0,30677.5,30677.5,0,3500.2,2024,3,March,Friday,30677.5,30677.5
2024-03-29,ORD046799,CUST02872,P016,Sofa,Furniture,Pune,Online,Debit Card,1,35056.27,0.05,35056.27,33303.46,0,8304.77,2024,3,March,Friday,35056.27,33303.45649999999
2024-03-29,ORD009375,CUST02805,P014,Keyboard,Electronics,Jaipur,Store,Credit Card,1,2527.5,0.05,2527.5,2401.12,0,375.39,2024,3,March,Friday,2527.5,2401.125
2024-03-29,ORD027947,CUST02743,P003,Headphones,Electronics,Mumbai,Online,Credit Card,1,4810.72,0.0,4810.72,4810.72,0,892.45,2024,3,March,Friday,4810.72,4810.72
2024-03-29,ORD002730,CUST00079,P018,Jacket,Fashion,Delhi,Store,UPI,1,4882.76,0.05,4882.76,4638.62,0,917.96,2024,3,March,Friday,4882.76,4638.622
2024-03-29,ORD032508,CUST02994,P015,Dining Table,Furniture,Mumbai,Store,Cash,1,23815.82,0.1,23815.82,21434.24,0,2103.76,2024,3,March,Friday,23815.82,21434.238
2024-03-29,ORD047105,CUST00485,P004,Smartwatch,Electronics,Bengaluru,Online,UPI,1,6645.98,0.0,6645.98,6645.98,0,1029.11,2024,3,March,Friday,6645.98,6645.98
2024-03-29,ORD023108,CUST00215,P013,Monitor,Electronics,Ahmedabad,Store,Credit Card,1,17530.98,0.0,17530.98,17530.98,0,5157.78,2024,3,March,Friday,17530.98,17530.98
2024-03-29,ORD024929,CUST00887,P005,Office Chair,Furniture,Ahmedabad,Store,UPI,4,9833.8,0.0,39335.2,39335.2,0,6445.04,2024,3,March,Friday,39335.2,39335.2
2024-03-29,ORD037128,CUST01506,P005,Office Chair,Furniture,Pune,Online,UPI,3,9063.17,0.05,27189.51,25830.03,0,1825.91,2024,3,March,Friday,27189.510000000002,25830.034499999998
2024-03-29,ORD003767,CUST02669,P003,Headphones,Electronics,Hyderabad,Store,UPI,5,4683.73,0.0,23418.65,23418.65,0,5631.32,2024,3,March,Friday,23418.649999999998,23418.65
2024-03-29,ORD032864,CUST02653,P017,Jeans,Fashion,Hyderabad,Online,Credit Card,1,3023.77,0.2,3023.77,2419.02,0,581.24,2024,3,March,Friday,3023.77,2419.016
2024-03-29,ORD044417,CUST00673,P019,Vacuum Cleaner,Home,Ahmedabad,Store,UPI,4,9102.22,0.1,36408.88,32767.99,0,3860.56,2024,3,March,Friday,36408.88,32767.992
2024-03-29,ORD005047,CUST02928,P003,Headphones,Electronics,Surat,Store,UPI,4,4661.11,0.1,18644.44,16780.0,1,-839.0,2024,3,March,Friday,18644.44,16779.996
2024-03-29,ORD012489,CUST03892,P012,Air Fryer,Home,Kolkata,Store,Net Banking,5,6590.37,0.1,32951.85,29656.66,0,8293.48,2024,3,March,Friday,32951.85,29656.665
2024-03-29,ORD046846,CUST03971,P002,Smartphone,Electronics,Mumbai,Online,UPI,1,26669.64,0.2,26669.64,21335.71,0,1918.65,2024,3,March,Friday,26669.64,21335.712
2024-03-29,ORD037196,CUST00313,P008,Running Shoes,Fashion,Bengaluru,Online,Debit Card,1,4319.07,0.0,4319.07,4319.07,0,552.27,2024,3,March,Friday,4319.07,4319.07
2024-03-29,ORD038077,CUST02836,P002,Smartphone,Electronics,Bengaluru,Store,UPI,1,27120.15,0.0,27120.15,27120.15,0,3172.34,2024,3,March,Friday,27120.15,27120.15
2024-03-29,ORD047162,CUST02850,P008,Running Shoes,Fashion,Surat,Store,UPI,1,4155.53,0.05,4155.53,3947.75,1,-197.39,2024,3,March,Friday,4155.53,3947.7534999999993
2024-03-29,ORD016688,CUST04821,P012,Air Fryer,Home,Bengaluru,Store,Cash,1,7252.01,0.0,7252.01,7252.01,0,1644.51,2024,3,March,Friday,7252.01,7252.01
2024-03-29,ORD005417,CUST03606,P006,Desk,Furniture,Kolkata,Store,Credit Card,4,12423.79,0.2,49695.16,39756.13,0,4590.56,2024,3,March,Friday,49695.16,39756.128000000004
2024-03-29,ORD005069,CUST03247,P011,Mixer Grinder,Home,Hyderabad,Online,Cash,3,4364.56,0.2,13093.68,10474.94,0,512.03,2024,3,March,Friday,13093.68,10474.944000000001
2024-03-29,ORD028170,CUST04003,P015,Dining Table,Furniture,Delhi,Online,UPI,1,23625.82,0.15,23625.82,20081.95,1,-1004.1,2024,3,March,Friday,23625.82,20081.947
2024-03-29,ORD008424,CUST02971,P012,Air Fryer,Home,Surat,Online,Credit Card,2,6556.06,0.0,13112.12,13112.12,0,1566.29,2024,3,March,Friday,13112.12,13112.12
2024-03-29,ORD034510,CUST02017,P003,Headphones,Electronics,Delhi,Store,UPI,4,4134.35,0.15,16537.4,14056.79,0,2221.06,2024,3,March,Friday,16537.4,14056.79
2024-03-29,ORD046913,CUST04348,P018,Jacket,Fashion,Ahmedabad,Store,Debit Card,2,5068.16,0.15,10136.32,8615.87,0,1778.58,2024,3,March,Friday,10136.32,8615.872
2024-03-29,ORD046706,CUST03146,P011,Mixer Grinder,Home,Hyderabad,Store,UPI,1,4891.79,0.15,4891.79,4158.02,0,240.6,2024,3,March,Friday,4891.79,4158.0215
2024-03-29,ORD036377,CUST01416,P012,Air Fryer,Home,Ahmedabad,Store,Credit Card,1,6556.16,0.0,6556.16,6556.16,1,-327.81,2024,3,March,Friday,6556.16,6556.16
2024-03-29,ORD027746,CUST01043,P013,Monitor,Electronics,Delhi,Online,Debit Card,5,19775.12,0.0,98875.6,98875.6,0,19888.31,2024,3,March,Friday,98875.59999999999,98875.6
2024-03-29,ORD001357,CUST03045,P010,Coffee Maker,Home,Ahmedabad,Store,UPI,1,5795.39,0.05,5795.39,5505.62,0,1377.8,2024,3,March,Friday,5795.39,5505.6205
2024-03-29,ORD027496,CUST01198,P014,Keyboard,Electronics,Kolkata,Online,UPI,1,2625.6,0.05,2625.6,2494.32,0,556.89,2024,3,March,Friday,2625.6,2494.3199999999997
2024-03-29,ORD020832,CUST04998,P011,Mixer Grinder,Home,Kolkata,Store,UPI,1,4835.76,0.1,4835.76,4352.18,0,1128.54,2024,3,March,Friday,4835.76,4352.184
2024-03-29,ORD008017,CUST03066,P020,Microwave,Home,Jaipur,Store,Credit Card,2,10360.53,0.05,20721.06,19685.01,0,3622.03,2024,3,March,Friday,20721.06,19685.007
2024-03-29,ORD042875,CUST01040,P005,Office Chair,Furniture,Chennai,Store,Cash,1,9763.34,0.0,9763.34,9763.34,0,2282.48,2024,3,March,Friday,9763.34,9763.34
2024-03-29,ORD037547,CUST00288,P020,Microwave,Home,Mumbai,Online,Cash,1,10686.29,0.1,10686.29,9617.66,0,1528.35,2024,3,March,Friday,10686.29,9617.661000000002
2024-03-29,ORD001311,CUST02778,P019,Vacuum Cleaner,Home,Surat,Store,UPI,1,9697.66,0.1,9697.66,8727.89,0,1832.31,2024,3,March,Friday,9697.66,8727.894
2024-03-29,ORD011907,CUST01310,P004,Smartwatch,Electronics,Ahmedabad,Store,Debit Card,1,7460.5,0.15,7460.5,6341.42,0,821.75,2024,3,March,Friday,7460.5,6341.425
2024-03-29,ORD035535,CUST02418,P014,Keyboard,Electronics,Pune,Store,Credit Card,1,2536.53,0.25,2536.53,1902.4,0,469.3,2024,3,March,Friday,2536.53,1902.3975
2024-03-29,ORD024520,CUST00214,P012,Air Fryer,Home,Jaipur,Store,UPI,4,7739.02,0.1,30956.08,27860.47,0,3200.92,2024,3,March,Friday,30956.08,27860.472
2024-03-29,ORD024953,CUST01722,P007,Backpack,Accessories,Delhi,Online,UPI,5,2209.03,0.1,11045.15,9940.64,0,2039.82,2024,3,March,Friday,11045.150000000001,9940.635
2024-03-30,ORD006221,CUST00168,P020,Microwave,Home,Mumbai,Online,Credit Card,1,10103.74,0.05,10103.74,9598.55,0,2103.69,2024,3,March,Saturday,10103.74,9598.553
2024-03-30,ORD008143,CUST00880,P006,Desk,Furniture,Bengaluru,Store,Debit Card,2,11588.07,0.2,23176.14,18540.91,0,2387.74,2024,3,March,Saturday,23176.14,18540.912
2024-03-30,ORD020835,CUST00851,P013,Monitor,Electronics,Jaipur,Online,Cash,1,19257.15,0.1,19257.15,17331.44,0,3857.85,2024,3,March,Saturday,19257.15,17331.435
2024-03-30,ORD023354,CUST02819,P010,Coffee Maker,Home,Surat,Store,Debit Card,1,5349.83,0.25,5349.83,4012.37,0,312.49,2024,3,March,Saturday,5349.83,4012.3725
2024-03-30,ORD022383,CUST01289,P006,Desk,Furniture,Jaipur,Store,Debit Card,1,12326.16,0.05,12326.16,11709.85,0,2663.47,2024,3,March,Saturday,12326.16,11709.851999999999
2024-03-30,ORD028195,CUST04330,P009,T-Shirt,Fashion,Mumbai,Online,UPI,1,1212.15,0.05,1212.15,1151.54,0,185.26,2024,3,March,Saturday,1212.15,1151.5425
2024-03-30,ORD041183,CUST01213,P009,T-Shirt,Fashion,Surat,Store,UPI,3,1192.9,0.25,3578.7,2684.02,0,197.83,2024,3,March,Saturday,3578.7000000000003,2684.0249999999996
2024-03-30,ORD038904,CUST01593,P009,T-Shirt,Fashion,Kolkata,Online,UPI,1,1173.86,0.05,1173.86,1115.17,0,127.01,2024,3,March,Saturday,1173.86,1115.167
2024-03-30,ORD007793,CUST03310,P007,Backpack,Accessories,Hyderabad,Online,UPI,5,2296.77,0.2,11483.85,9187.08,0,801.07,2024,3,March,Saturday,11483.85,9187.08
2024-03-30,ORD007272,CUST01668,P004,Smartwatch,Electronics,Mumbai,Online,Debit Card,1,7573.66,0.1,7573.66,6816.29,0,1451.08,2024,3,March,Saturday,7573.66,6816.294
2024-03-30,ORD030509,CUST04733,P005,Office Chair,Furniture,Hyderabad,Online,Cash,2,8868.01,0.0,17736.02,17736.02,0,5046.37,2024,3,March,Saturday,17736.02,17736.02
2024-03-30,ORD032937,CUST03008,P007,Backpack,Accessories,Ahmedabad,Online,Net Banking,2,2336.16,0.15,4672.32,3971.47,0,577.84,2024,3,March,Saturday,4672.32,3971.4719999999998
2024-03-30,ORD039219,CUST03860,P017,Jeans,Fashion,Ahmedabad,Store,Debit Card,5,2524.66,0.15,12623.3,10729.8,0,1553.09,2024,3,March,Saturday,12623.3,10729.804999999998
2024-03-30,ORD005908,CUST02120,P010,Coffee Maker,Home,Chennai,Online,Cash,1,5356.54,0.05,5356.54,5088.71,0,1271.15,2024,3,March,Saturday,5356.54,5088.713
2024-03-30,ORD045084,CUST02777,P005,Office Chair,Furniture,Jaipur,Online,Net Banking,4,8922.53,0.0,35690.12,35690.12,0,3642.79,2024,3,March,Saturday,35690.12,35690.12
2024-03-30,ORD017780,CUST01833,P011,Mixer Grinder,Home,Ahmedabad,Store,Credit Card,1,4909.94,0.05,4909.94,4664.44,0,1168.27,2024,3,March,Saturday,4909.94,4664.442999999999
2024-03-30,ORD031597,CUST01542,P019,Vacuum Cleaner,Home,Chennai,Online,UPI,1,8990.29,0.2,8990.29,7192.23,0,950.86,2024,3,March,Saturday,8990.29,7192.232000000001
2024-03-30,ORD046525,CUST00310,P007,Backpack,Accessories,Hyderabad,Store,UPI,4,2249.8,0.0,8999.2,8999.2,0,1973.46,2024,3,March,Saturday,8999.2,8999.2
2024-03-30,ORD024710,CUST02649,P010,Coffee Maker,Home,Delhi,Online,UPI,4,5731.87,0.15,22927.48,19488.36,0,4855.12,2024,3,March,Saturday,22927.48,19488.358
2024-03-30,ORD019498,CUST02890,P008,Running Shoes,Fashion,Hyderabad,Online,Cash,1,3801.38,0.15,3801.38,3231.17,0,860.37,2024,3,March,Saturday,3801.38,3231.1730000000002
2024-03-30,ORD012277,CUST03920,P012,Air Fryer,Home,Chennai,Online,UPI,1,7255.47,0.15,7255.47,6167.15,0,1341.65,2024,3,March,Saturday,7255.47,6167.1495
2024-03-30,ORD001165,CUST02024,P020,Microwave,Home,Chennai,Online,Cash,2,11637.81,0.1,23275.62,20948.06,0,2595.59,2024,3,March,Saturday,23275.62,20948.058
2024-03-30,ORD048917,CUST03508,P016,Sofa,Furniture,Ahmedabad,Store,UPI,1,35292.06,0.0,35292.06,35292.06,0,7676.16,2024,3,March,Saturday,35292.06,35292.06
2024-03-30,ORD033449,CUST01606,P013,Monitor,Electronics,Mumbai,Store,UPI,2,18023.29,0.05,36046.58,34244.25,0,8115.33,2024,3,March,Saturday,36046.58,34244.251
2024-03-30,ORD005652,CUST04646,P006,Desk,Furniture,Jaipur,Online,Cash,2,12668.72,0.2,25337.44,20269.95,0,1847.54,2024,3,March,Saturday,25337.44,20269.952
2024-03-30,ORD041123,CUST04860,P011,Mixer Grinder,Home,Kolkata,Online,Cash,1,5157.48,0.05,5157.48,4899.61,0,549.54,2024,3,March,Saturday,5157.48,4899.606
2024-03-30,ORD015257,CUST02429,P001,Laptop,Electronics,Bengaluru,Online,Net Banking,2,68592.18,0.25,137184.36,102888.27,0,8889.67,2024,3,March,Saturday,137184.36,102888.26999999999
2024-03-30,ORD040533,CUST02246,P018,Jacket,Fashion,Bengaluru,Online,Credit Card,1,5185.1,0.25,5185.1,3888.82,0,187.72,2024,3,March,Saturday,5185.1,3888.8250000000003
2024-03-30,ORD037876,CUST00397,P006,Desk,Furniture,Mumbai,Store,Cash,1,12728.01,0.2,12728.01,10182.41,0,882.72,2024,3,March,Saturday,12728.01,10182.408000000001
2024-03-30,ORD038230,CUST03722,P018,Jacket,Fashion,Hyderabad,Store,UPI,5,5669.67,0.0,28348.35,28348.35,0,6595.93,2024,3,March,Saturday,28348.35,28348.35
2024-03-30,ORD006382,CUST04455,P016,Sofa,Furniture,Chennai,Online,Credit Card,1,33234.85,0.15,33234.85,28249.62,0,4811.45,2024,3,March,Saturday,33234.85,28249.622499999998
2024-03-30,ORD039579,CUST04975,P010,Coffee Maker,Home,Pune,Store,UPI,1,5604.53,0.0,5604.53,5604.53,0,589.13,2024,3,March,Saturday,5604.53,5604.53
2024-03-30,ORD048932,CUST03179,P016,Sofa,Furniture,Delhi,Store,UPI,1,32744.61,0.2,32744.61,26195.69,1,-1309.78,2024,3,March,Saturday,32744.61,26195.688000000002
2024-03-30,ORD012653,CUST01366,P004,Smartwatch,Electronics,Surat,Online,UPI,2,7012.17,0.15,14024.34,11920.69,0,2646.34,2024,3,March,Saturday,14024.34,11920.689
2024-03-30,ORD043886,CUST01911,P007,Backpack,Accessories,Kolkata,Store,Net Banking,4,2260.46,0.15,9041.84,7685.56,0,593.32,2024,3,March,Saturday,9041.84,7685.564
2024-03-30,ORD049828,CUST02401,P017,Jeans,Fashion,Kolkata,Store,Credit Card,1,2909.74,0.1,2909.74,2618.77,0,273.27,2024,3,March,Saturday,2909.74,2618.766
2024-03-30,ORD023859,CUST04694,P020,Microwave,Home,Surat,Online,UPI,1,10691.15,0.1,10691.15,9622.04,0,1858.18,2024,3,March,Saturday,10691.15,9622.035
2024-03-30,ORD023141,CUST01218,P002,Smartphone,Electronics,Bengaluru,Store,Credit Card,1,27046.2,0.15,27046.2,22989.27,0,3931.34,2024,3,March,Saturday,27046.2,22989.27
2024-03-30,ORD029129,CUST04220,P007,Backpack,Accessories,Kolkata,Online,Cash,3,2410.02,0.1,7230.06,6507.05,0,833.31,2024,3,March,Saturday,7230.0599999999995,6507.054
2024-03-30,ORD035657,CUST04084,P012,Air Fryer,Home,Mumbai,Online,Credit Card,1,7383.88,0.05,7383.88,7014.69,0,1149.48,2024,3,March,Saturday,7383.88,7014.686
2024-03-30,ORD046276,CUST03502,P002,Smartphone,Electronics,Pune,Online,Debit Card,1,27821.09,0.05,27821.09,26430.04,0,4031.4,2024,3,March,Saturday,27821.09,26430.035499999998
2024-03-30,ORD014761,CUST03288,P004,Smartwatch,Electronics,Delhi,Online,Credit Card,5,6697.24,0.0,33486.2,33486.2,0,7062.6,2024,3,March,Saturday,33486.2,33486.2
2024-03-30,ORD009932,CUST01938,P010,Coffee Maker,Home,Ahmedabad,Store,Cash,1,5603.86,0.1,5603.86,5043.47,0,1173.17,2024,3,March,Saturday,5603.86,5043.474
2024-03-30,ORD016593,CUST04443,P013,Monitor,Electronics,Bengaluru,Online,UPI,2,17856.74,0.05,35713.48,33927.81,0,4971.69,2024,3,March,Saturday,35713.48,33927.806000000004
2024-03-30,ORD033251,CUST01027,P013,Monitor,Electronics,Mumbai,Store,Credit Card,1,16788.1,0.1,16788.1,15109.29,0,2797.65,2024,3,March,Saturday,16788.1,15109.289999999999
2024-03-30,ORD005109,CUST01821,P010,Coffee Maker,Home,Pune,Online,Cash,1,5148.29,0.15,5148.29,4376.05,0,940.22,2024,3,March,Saturday,5148.29,4376.0464999999995
2024-03-30,ORD020328,CUST03997,P011,Mixer Grinder,Home,Ahmedabad,Online,UPI,1,4913.56,0.0,4913.56,4913.56,0,1230.95,2024,3,March,Saturday,4913.56,4913.56
2024-03-30,ORD022022,CUST04463,P001,Laptop,Electronics,Hyderabad,Online,Credit Card,2,69926.29,0.15,139852.58,118874.69,0,16907.75,2024,3,March,Saturday,139852.58,118874.69299999998
2024-03-30,ORD000913,CUST03284,P008,Running Shoes,Fashion,Hyderabad,Online,Debit Card,1,4516.41,0.15,4516.41,3838.95,0,873.68,2024,3,March,Saturday,4516.41,3838.9485
2024-03-30,ORD010480,CUST02217,P018,Jacket,Fashion,Bengaluru,Store,Debit Card,3,5546.63,0.1,16639.89,14975.9,0,3577.25,2024,3,March,Saturday,16639.89,14975.901
2024-03-30,ORD034570,CUST03980,P005,Office Chair,Furniture,Jaipur,Online,Debit Card,2,9703.65,0.1,19407.3,17466.57,0,2034.14,2024,3,March,Saturday,19407.3,17466.57
2024-03-30,ORD035198,CUST04583,P004,Smartwatch,Electronics,Hyderabad,Online,Cash,5,7293.88,0.1,36469.4,32822.46,0,2723.84,2024,3,March,Saturday,36469.4,32822.46
2024-03-30,ORD044807,CUST03796,P015,Dining Table,Furniture,Mumbai,Online,Credit Card,1,20438.85,0.15,20438.85,17373.02,0,2136.61,2024,3,March,Saturday,20438.85,17373.0225
2024-03-30,ORD012013,CUST00012,P012,Air Fryer,Home,Hyderabad,Store,Cash,4,7606.99,0.25,30427.96,22820.97,0,5098.87,2024,3,March,Saturday,30427.96,22820.97
2024-03-30,ORD043582,CUST00559,P012,Air Fryer,Home,Surat,Store,Cash,1,6885.65,0.2,6885.65,5508.52,0,929.09,2024,3,March,Saturday,6885.65,5508.52
2024-03-30,ORD038432,CUST04075,P016,Sofa,Furniture,Bengaluru,Store,Credit Card,2,36606.15,0.2,73212.3,58569.84,0,10554.46,2024,3,March,Saturday,73212.3,58569.840000000004
2024-03-30,ORD029278,CUST04247,P015,Dining Table,Furniture,Surat,Online,Credit Card,4,23927.9,0.1,95711.6,86140.44,0,18517.2,2024,3,March,Saturday,95711.6,86140.44
2024-03-30,ORD029712,CUST01777,P003,Headphones,Electronics,Ahmedabad,Store,Net Banking,1,4331.54,0.15,4331.54,3681.81,1,-184.09,2024,3,March,Saturday,4331.54,3681.8089999999997
2024-03-30,ORD011418,CUST03042,P017,Jeans,Fashion,Delhi,Online,UPI,1,2888.14,0.0,2888.14,2888.14,0,677.93,2024,3,March,Saturday,2888.14,2888.14
2024-03-30,ORD033957,CUST02641,P013,Monitor,Electronics,Bengaluru,Store,Credit Card,1,16454.21,0.15,16454.21,13986.08,1,-699.3,2024,3,March,Saturday,16454.21,13986.0785
2024-03-30,ORD011413,CUST02857,P007,Backpack,Accessories,Chennai,Online,Credit Card,1,1999.01,0.2,1999.01,1599.21,0,306.58,2024,3,March,Saturday,1999.01,1599.208
2024-03-30,ORD036225,CUST01261,P005,Office Chair,Furniture,Hyderabad,Online,UPI,1,8922.38,0.05,8922.38,8476.26,0,1063.5,2024,3,March,Saturday,8922.38,8476.260999999999
2024-03-30,ORD047557,CUST04338,P001,Laptop,Electronics,Pune,Online,Credit Card,1,67997.16,0.0,67997.16,67997.16,0,8891.4,2024,3,March,Saturday,67997.16,67997.16
2024-03-30,ORD035772,CUST01407,P007,Backpack,Accessories,Surat,Store,Credit Card,1,2396.37,0.05,2396.37,2276.55,0,336.43,2024,3,March,Saturday,2396.37,2276.5514999999996
2024-03-30,ORD049793,CUST04039,P014,Keyboard,Electronics,Ahmedabad,Store,Cash,1,2326.4,0.1,2326.4,2093.76,0,287.72,2024,3,March,Saturday,2326.4,2093.76
2024-03-31,ORD005061,CUST00289,P010,Coffee Maker,Home,Surat,Store,UPI,1,5561.69,0.15,5561.69,4727.44,0,406.35,2024,3,March,Sunday,5561.69,4727.4365
2024-03-31,ORD003732,CUST04329,P010,Coffee Maker,Home,Mumbai,Online,Credit Card,1,4974.49,0.2,4974.49,3979.59,0,839.15,2024,3,March,Sunday,4974.49,3979.592
2024-03-31,ORD021443,CUST04161,P005,Office Chair,Furniture,Ahmedabad,Online,UPI,3,9219.17,0.15,27657.51,23508.88,0,5785.09,2024,3,March,Sunday,27657.510000000002,23508.883499999996
2024-03-31,ORD021888,CUST00668,P008,Running Shoes,Fashion,Ahmedabad,Store,Credit Card,2,3860.35,0.1,7720.7,6948.63,0,980.6,2024,3,March,Sunday,7720.7,6948.63
2024-03-31,ORD026021,CUST02532,P006,Desk,Furniture,Pune,Store,UPI,1,11523.46,0.1,11523.46,10371.11,1,-518.56,2024,3,March,Sunday,11523.46,10371.114
2024-03-31,ORD027676,CUST04641,P018,Jacket,Fashion,Surat,Store,Net Banking,5,4931.93,0.05,24659.65,23426.67,0,3559.63,2024,3,March,Sunday,24659.65,23426.6675
2024-03-31,ORD041576,CUST04739,P017,Jeans,Fashion,Jaipur,Store,UPI,2,2951.95,0.1,5903.9,5313.51,0,643.06,2024,3,March,Sunday,5903.9,5313.51
2024-03-31,ORD012079,CUST01952,P004,Smartwatch,Electronics,Surat,Online,Debit Card,1,6350.12,0.2,6350.12,5080.1,0,1270.77,2024,3,March,Sunday,6350.12,5080.0960000000005
2024-03-31,ORD018335,CUST02897,P004,Smartwatch,Electronics,Delhi,Store,UPI,1,7484.52,0.0,7484.52,7484.52,1,-374.23,2024,3,March,Sunday,7484.52,7484.52
2024-03-31,ORD023077,CUST01456,P018,Jacket,Fashion,Pune,Online,UPI,2,5060.51,0.0,10121.02,10121.02,0,2703.0,2024,3,March,Sunday,10121.02,10121.02
2024-03-31,ORD018418,CUST02968,P008,Running Shoes,Fashion,Delhi,Store,UPI,1,3868.29,0.2,3868.29,3094.63,0,722.23,2024,3,March,Sunday,3868.29,3094.632
2024-03-31,ORD003099,CUST03899,P018,Jacket,Fashion,Jaipur,Online,UPI,4,4854.43,0.05,19417.72,18446.83,0,1496.28,2024,3,March,Sunday,19417.72,18446.834
2024-03-31,ORD041200,CUST03117,P002,Smartphone,Electronics,Bengaluru,Online,UPI,4,30153.99,0.05,120615.96,114585.16,0,25627.21,2024,3,March,Sunday,120615.96,114585.162
2024-03-31,ORD010276,CUST02824,P008,Running Shoes,Fashion,Surat,Store,UPI,2,3963.26,0.05,7926.52,7530.19,0,1274.45,2024,3,March,Sunday,7926.52,7530.194
2024-03-31,ORD042554,CUST02300,P010,Coffee Maker,Home,Mumbai,Store,Net Banking,2,5988.54,0.15,11977.08,10180.52,0,1484.36,2024,3,March,Sunday,11977.08,10180.518
2024-03-31,ORD041912,CUST03494,P019,Vacuum Cleaner,Home,Mumbai,Store,UPI,1,8956.55,0.25,8956.55,6717.41,0,522.61,2024,3,March,Sunday,8956.55,6717.412499999999
2024-03-31,ORD013228,CUST04995,P020,Microwave,Home,Surat,Store,UPI,1,10838.32,0.05,10838.32,10296.4,0,2555.0,2024,3,March,Sunday,10838.32,10296.403999999999
2024-03-31,ORD037884,CUST00777,P010,Coffee Maker,Home,Ahmedabad,Online,UPI,1,5798.2,0.1,5798.2,5218.38,0,641.03,2024,3,March,Sunday,5798.2,5218.38
2024-03-31,ORD024346,CUST01753,P008,Running Shoes,Fashion,Ahmedabad,Store,Net Banking,1,4093.13,0.05,4093.13,3888.47,0,664.98,2024,3,March,Sunday,4093.13,3888.4735
2024-03-31,ORD008953,CUST00787,P001,Laptop,Electronics,Delhi,Store,Cash,1,68142.62,0.1,68142.62,61328.36,0,16352.22,2024,3,March,Sunday,68142.62,61328.358
2024-03-31,ORD017893,CUST04453,P002,Smartphone,Electronics,Surat,Store,Debit Card,1,29570.81,0.0,29570.81,29570.81,0,3161.77,2024,3,March,Sunday,29570.81,29570.81
2024-03-31,ORD012040,CUST00008,P002,Smartphone,Electronics,Hyderabad,Online,Cash,1,28664.22,0.2,28664.22,22931.38,0,4308.2,2024,3,March,Sunday,28664.22,22931.376000000004
2024-03-31,ORD024637,CUST01352,P018,Jacket,Fashion,Bengaluru,Online,Net Banking,2,5398.96,0.05,10797.92,10258.02,0,844.74,2024,3,March,Sunday,10797.92,10258.024
2024-03-31,ORD048041,CUST02035,P004,Smartwatch,Electronics,Mumbai,Online,UPI,3,7631.52,0.15,22894.56,19460.38,0,1929.17,2024,3,March,Sunday,22894.56,19460.376
2024-03-31,ORD000940,CUST03125,P016,Sofa,Furniture,Surat,Online,Cash,1,33279.24,0.05,33279.24,31615.28,0,8932.64,2024,3,March,Sunday,33279.24,31615.277999999995
2024-03-31,ORD011808,CUST00950,P006,Desk,Furniture,Delhi,Online,Credit Card,1,11210.48,0.05,11210.48,10649.96,0,2843.08,2024,3,March,Sunday,11210.48,10649.955999999998
2024-03-31,ORD049509,CUST00655,P003,Headphones,Electronics,Pune,Online,Credit Card,2,4174.86,0.2,8349.72,6679.78,0,1603.82,2024,3,March,Sunday,8349.72,6679.776
2024-03-31,ORD014714,CUST02227,P006,Desk,Furniture,Mumbai,Online,UPI,4,11390.07,0.0,45560.28,45560.28,0,6294.45,2024,3,March,Sunday,45560.28,45560.28
2024-03-31,ORD013532,CUST03124,P003,Headphones,Electronics,Bengaluru,Online,UPI,3,4502.51,0.0,13507.53,13507.53,0,3671.34,2024,3,March,Sunday,13507.53,13507.53
2024-03-31,ORD024098,CUST03497,P020,Microwave,Home,Surat,Store,UPI,1,11312.23,0.05,11312.23,10746.62,0,1719.73,2024,3,March,Sunday,11312.23,10746.618499999999
2024-03-31,ORD005738,CUST01762,P007,Backpack,Accessories,Ahmedabad,Online,Cash,2,2060.03,0.15,4120.06,3502.05,0,517.02,2024,3,March,Sunday,4120.06,3502.0510000000004
2024-03-31,ORD048815,CUST04049,P015,Dining Table,Furniture,Hyderabad,Online,UPI,1,20037.21,0.2,20037.21,16029.77,0,1034.27,2024,3,March,Sunday,20037.21,16029.768
2024-03-31,ORD027197,CUST01359,P013,Monitor,Electronics,Hyderabad,Store,UPI,1,19345.36,0.15,19345.36,16443.56,0,3598.96,2024,3,March,Sunday,19345.36,16443.556
2024-03-31,ORD015488,CUST00824,P016,Sofa,Furniture,Chennai,Online,Credit Card,2,35727.31,0.1,71454.62,64309.16,0,4596.43,2024,3,March,Sunday,71454.62,64309.157999999996
2024-03-31,ORD007747,CUST01400,P020,Microwave,Home,Delhi,Online,Credit Card,2,11923.54,0.05,23847.08,22654.73,0,4529.13,2024,3,March,Sunday,23847.08,22654.726000000002
2024-03-31,ORD005902,CUST02701,P002,Smartphone,Electronics,Delhi,Online,Credit Card,3,25301.66,0.1,75904.98,68314.48,0,7811.69,2024,3,March,Sunday,75904.98,68314.482
2024-03-31,ORD029936,CUST01720,P014,Keyboard,Electronics,Bengaluru,Online,UPI,1,2521.58,0.05,2521.58,2395.5,0,274.15,2024,3,March,Sunday,2521.58,2395.5009999999997
2024-03-31,ORD006134,CUST02979,P016,Sofa,Furniture,Jaipur,Online,Credit Card,1,35277.86,0.05,35277.86,33513.97,0,6638.2,2024,3,March,Sunday,35277.86,33513.967
2024-03-31,ORD016581,CUST03919,P014,Keyboard,Electronics,Jaipur,Online,UPI,1,2576.41,0.1,2576.41,2318.77,0,272.53,2024,3,March,Sunday,2576.41,2318.769
2024-03-31,ORD022450,CUST02415,P018,Jacket,Fashion,Pune,Store,UPI,3,5173.52,0.15,15520.56,13192.48,0,2213.58,2024,3,March,Sunday,15520.560000000001,13192.475999999999
2024-03-31,ORD030136,CUST00006,P001,Laptop,Electronics,Kolkata,Online,UPI,1,61276.81,0.1,61276.81,55149.13,0,11786.56,2024,3,March,Sunday,61276.81,55149.129
2024-03-31,ORD004366,CUST04411,P007,Backpack,Accessories,Ahmedabad,Store,Credit Card,1,2240.92,0.0,2240.92,2240.92,0,456.18,2024,3,March,Sunday,2240.92,2240.92
2024-03-31,ORD030139,CUST04463,P020,Microwave,Home,Pune,Online,Cash,1,11398.54,0.0,11398.54,11398.54,0,2636.01,2024,3,March,Sunday,11398.54,11398.54
2024-03-31,ORD033758,CUST00140,P008,Running Shoes,Fashion,Pune,Store,UPI,2,4046.33,0.05,8092.66,7688.03,0,1474.01,2024,3,March,Sunday,8092.66,7688.026999999999
2024-03-31,ORD033859,CUST04887,P015,Dining Table,Furniture,Bengaluru,Online,UPI,1,21375.39,0.0,21375.39,21375.39,0,5497.76,2024,3,March,Sunday,21375.39,21375.39
2024-03-31,ORD040931,CUST03563,P020,Microwave,Home,Pune,Online,Debit Card,2,11769.42,0.05,23538.84,22361.9,0,4426.1,2024,3,March,Sunday,23538.84,22361.897999999997
2024-03-31,ORD020125,CUST03767,P007,Backpack,Accessories,Pune,Store,Cash,1,2155.13,0.2,2155.13,1724.1,0,79.22,2024,3,March,Sunday,2155.13,1724.1040000000003
2024-03-31,ORD043786,CUST00633,P017,Jeans,Fashion,Chennai,Store,Credit Card,1,3071.48,0.05,3071.48,2917.91,0,666.06,2024,3,March,Sunday,3071.48,2917.906
2024-03-31,ORD043773,CUST02533,P007,Backpack,Accessories,Surat,Online,Credit Card,1,2334.08,0.1,2334.08,2100.67,0,533.4,2024,3,March,Sunday,2334.08,2100.672
2024-03-31,ORD016417,CUST00828,P007,Backpack,Accessories,Chennai,Store,UPI,1,2008.94,0.0,2008.94,2008.94,0,550.43,2024,3,March,Sunday,2008.94,2008.94
2024-03-31,ORD020675,CUST04236,P007,Backpack,Accessories,Ahmedabad,Store,Cash,1,2090.33,0.0,2090.33,2090.33,0,553.13,2024,3,March,Sunday,2090.33,2090.33
2024-03-31,ORD031989,CUST01130,P016,Sofa,Furniture,Kolkata,Online,Credit Card,1,34696.31,0.05,34696.31,32961.49,0,4346.42,2024,3,March,Sunday,34696.31,32961.49449999999
2024-03-31,ORD019805,CUST00642,P019,Vacuum Cleaner,Home,Hyderabad,Store,UPI,1,9342.35,0.05,9342.35,8875.23,0,1645.94,2024,3,March,Sunday,9342.35,8875.2325
2024-03-31,ORD006644,CUST03633,P016,Sofa,Furniture,Pune,Store,UPI,1,34494.44,0.0,34494.44,34494.44,0,5028.88,2024,3,March,Sunday,34494.44,34494.44
2024-03-31,ORD039524,CUST04637,P013,Monitor,Electronics,Bengaluru,Online,Credit Card,1,18630.92,0.25,18630.92,13973.19,1,-698.66,2024,3,March,Sunday,18630.92,13973.189999999999
2024-03-31,ORD017178,CUST03895,P002,Smartphone,Electronics,Jaipur,Store,Credit Card,3,27603.18,0.15,82809.54,70388.11,0,13748.11,2024,3,March,Sunday,82809.54000000001,70388.109
2024-03-31,ORD004118,CUST04744,P017,Jeans,Fashion,Delhi,Store,UPI,1,2533.5,0.25,2533.5,1900.12,0,187.14,2024,3,March,Sunday,2533.5,1900.125
2024-03-31,ORD026247,CUST00019,P010,Coffee Maker,Home,Bengaluru,Online,Credit Card,2,5774.29,0.15,11548.58,9816.29,1,-490.81,2024,3,March,Sunday,11548.58,9816.293
2024-03-31,ORD044537,CUST03224,P017,Jeans,Fashion,Jaipur,Store,UPI,1,2668.65,0.1,2668.65,2401.79,0,606.6,2024,3,March,Sunday,2668.65,2401.7850000000003
2024-03-31,ORD041079,CUST04407,P008,Running Shoes,Fashion,Ahmedabad,Online,UPI,1,3800.95,0.05,3800.95,3610.9,0,701.09,2024,3,March,Sunday,3800.95,3610.9024999999997
2024-03-31,ORD041098,CUST00374,P019,Vacuum Cleaner,Home,Bengaluru,Online,Credit Card,2,8597.04,0.1,17194.08,15474.67,0,3978.85,2024,3,March,Sunday,17194.08,15474.672000000002
2024-03-31,ORD047282,CUST01159,P010,Coffee Maker,Home,Kolkata,Store,UPI,3,5755.79,0.15,17267.37,14677.26,0,1956.59,2024,3,March,Sunday,17267.37,14677.2645
2024-03-31,ORD020429,CUST04740,P016,Sofa,Furniture,Delhi,Store,UPI,1,36849.07,0.0,36849.07,36849.07,0,4739.93,2024,3,March,Sunday,36849.07,36849.07
2024-03-31,ORD020436,CUST03736,P018,Jacket,Fashion,Kolkata,Store,UPI,1,5180.18,0.1,5180.18,4662.16,0,1170.54,2024,3,March,Sunday,5180.18,4662.162
2024-03-31,ORD014445,CUST00048,P019,Vacuum Cleaner,Home,Pune,Online,Credit Card,1,9002.55,0.1,9002.55,8102.29,0,830.88,2024,3,March,Sunday,9002.55,8102.294999999999
2024-03-31,ORD043039,CUST04068,P014,Keyboard,Electronics,Jaipur,Online,Credit Card,4,2628.21,0.05,10512.84,9987.2,0,841.36,2024,3,March,Sunday,10512.84,9987.198
2024-03-31,ORD044298,CUST02893,P002,Smartphone,Electronics,Ahmedabad,Online,UPI,1,30510.14,0.1,30510.14,27459.13,1,-1372.96,2024,3,March,Sunday,30510.14,27459.126
2024-03-31,ORD005421,CUST02436,P007,Backpack,Accessories,Surat,Online,UPI,1,2245.0,0.1,2245.0,2020.5,0,295.24,2024,3,March,Sunday,2245.0,2020.5
2024-03-31,ORD017663,CUST02920,P015,Dining Table,Furniture,Delhi,Online,Debit Card,2,21563.67,0.05,43127.34,40970.97,0,8394.8,2024,3,March,Sunday,43127.34,40970.973
2024-03-31,ORD004340,CUST01957,P011,Mixer Grinder,Home,Jaipur,Online,UPI,2,4341.76,0.05,8683.52,8249.34,0,2220.57,2024,3,March,Sunday,8683.52,8249.344
2024-03-31,ORD022612,CUST01433,P003,Headphones,Electronics,Hyderabad,Online,Debit Card,2,4160.92,0.05,8321.84,7905.75,0,1521.45,2024,3,March,Sunday,8321.84,7905.748
2024-03-31,ORD023398,CUST00612,P010,Coffee Maker,Home,Chennai,Online,UPI,1,5906.28,0.15,5906.28,5020.34,0,281.66,2024,3,March,Sunday,5906.28,5020.338
2024-03-31,ORD020423,CUST04521,P017,Jeans,Fashion,Ahmedabad,Online,UPI,2,2538.75,0.15,5077.5,4315.88,0,1160.22,2024,3,March,Sunday,5077.5,4315.875
2024-03-31,ORD009216,CUST02523,P020,Microwave,Home,Kolkata,Online,UPI,2,10143.63,0.15,20287.26,17244.17,0,2772.82,2024,3,March,Sunday,20287.26,17244.171
2024-03-31,ORD039763,CUST01149,P019,Vacuum Cleaner,Home,Surat,Online,Credit Card,1,9757.71,0.15,9757.71,8294.05,1,-414.7,2024,3,March,Sunday,9757.71,8294.053499999998
2024-04-01,ORD038022,CUST04776,P006,Desk,Furniture,Kolkata,Online,Debit Card,3,11659.78,0.0,34979.34,34979.34,0,4631.62,2024,4,April,Monday,34979.340000000004,34979.34
2024-04-01,ORD018255,CUST04164,P003,Headphones,Electronics,Jaipur,Store,Credit Card,1,4685.83,0.0,4685.83,4685.83,0,1340.72,2024,4,April,Monday,4685.83,4685.83
2024-04-01,ORD023188,CUST01278,P012,Air Fryer,Home,Chennai,Store,Credit Card,2,7185.91,0.05,14371.82,13653.23,0,3086.01,2024,4,April,Monday,14371.82,13653.229
2024-04-01,ORD027573,CUST01820,P015,Dining Table,Furniture,Bengaluru,Online,Credit Card,1,20435.96,0.05,20435.96,19414.16,0,1493.36,2024,4,April,Monday,20435.96,19414.161999999997
2024-04-01,ORD004425,CUST02838,P015,Dining Table,Furniture,Delhi,Online,Credit Card,3,20336.35,0.1,61009.05,54908.14,0,12690.1,2024,4,April,Monday,61009.049999999996,54908.145000000004
2024-04-01,ORD016341,CUST02244,P015,Dining Table,Furniture,Ahmedabad,Store,UPI,4,22288.71,0.05,89154.84,84697.1,1,-4234.86,2024,4,April,Monday,89154.84,84697.098
2024-04-01,ORD022550,CUST02104,P010,Coffee Maker,Home,Jaipur,Store,UPI,1,5135.58,0.25,5135.58,3851.68,0,324.58,2024,4,April,Monday,5135.58,3851.685
2024-04-01,ORD016769,CUST03186,P013,Monitor,Electronics,Pune,Online,Net Banking,1,17156.56,0.15,17156.56,14583.08,0,3310.25,2024,4,April,Monday,17156.56,14583.076000000001
2024-04-01,ORD028024,CUST03694,P002,Smartphone,Electronics,Jaipur,Online,UPI,1,28829.04,0.15,28829.04,24504.68,0,3448.88,2024,4,April,Monday,28829.04,24504.684
2024-04-01,ORD048061,CUST01754,P011,Mixer Grinder,Home,Bengaluru,Online,UPI,1,4927.4,0.1,4927.4,4434.66,0,464.64,2024,4,April,Monday,4927.4,4434.66
2024-04-01,ORD028401,CUST02948,P003,Headphones,Electronics,Surat,Store,Net Banking,2,4136.23,0.15,8272.46,7031.59,0,1695.9,2024,4,April,Monday,8272.46,7031.590999999999
2024-04-01,ORD020275,CUST03580,P005,Office Chair,Furniture,Surat,Online,Cash,1,10437.37,0.1,10437.37,9393.63,0,941.73,2024,4,April,Monday,10437.37,9393.633000000002
2024-04-01,ORD035493,CUST02236,P008,Running Shoes,Fashion,Delhi,Store,Credit Card,1,3986.7,0.05,3986.7,3787.36,1,-189.37,2024,4,April,Monday,3986.7,3787.365
2024-04-01,ORD010677,CUST02829,P007,Backpack,Accessories,Mumbai,Online,UPI,4,2250.26,0.25,9001.04,6750.78,0,1565.19,2024,4,April,Monday,9001.04,6750.780000000001
2024-04-01,ORD010811,CUST01204,P001,Laptop,Electronics,Bengaluru,Online,Credit Card,2,68107.77,0.05,136215.54,129404.76,0,9305.17,2024,4,April,Monday,136215.54,129404.763
2024-04-01,ORD001190,CUST04245,P010,Coffee Maker,Home,Delhi,Online,Credit Card,1,5331.3,0.1,5331.3,4798.17,0,1140.34,2024,4,April,Monday,5331.3,4798.17
2024-04-01,ORD004189,CUST00739,P014,Keyboard,Electronics,Kolkata,Online,Cash,2,2464.02,0.25,4928.04,3696.03,0,702.16,2024,4,April,Monday,4928.04,3696.0299999999997
2024-04-01,ORD040056,CUST02975,P010,Coffee Maker,Home,Bengaluru,Online,Credit Card,2,5920.47,0.05,11840.94,11248.89,1,-562.44,2024,4,April,Monday,11840.94,11248.893
2024-04-01,ORD030874,CUST02582,P004,Smartwatch,Electronics,Mumbai,Store,UPI,1,7471.79,0.1,7471.79,6724.61,0,1617.2,2024,4,April,Monday,7471.79,6724.611
2024-04-01,ORD028245,CUST04245,P010,Coffee Maker,Home,Ahmedabad,Online,Debit Card,1,5503.24,0.0,5503.24,5503.24,0,1339.55,2024,4,April,Monday,5503.24,5503.24
2024-04-01,ORD004055,CUST00872,P010,Coffee Maker,Home,Hyderabad,Online,UPI,1,5697.45,0.25,5697.45,4273.09,0,328.0,2024,4,April,Monday,5697.45,4273.0875
2024-04-01,ORD002410,CUST03433,P008,Running Shoes,Fashion,Bengaluru,Store,UPI,5,4419.05,0.05,22095.25,20990.49,0,3568.13,2024,4,April,Monday,22095.25,20990.4875
2024-04-01,ORD010826,CUST01213,P008,Running Shoes,Fashion,Bengaluru,Online,Cash,1,3809.14,0.15,3809.14,3237.77,0,245.6,2024,4,April,Monday,3809.14,3237.769
2024-04-01,ORD046171,CUST02458,P014,Keyboard,Electronics,Chennai,Store,Credit Card,2,2474.97,0.1,4949.94,4454.95,0,580.34,2024,4,April,Monday,4949.94,4454.946
2024-04-01,ORD028366,CUST00649,P008,Running Shoes,Fashion,Chennai,Store,Net Banking,4,4424.77,0.15,17699.08,15044.22,0,1468.5,2024,4,April,Monday,17699.08,15044.218
2024-04-01,ORD015044,CUST00066,P011,Mixer Grinder,Home,Hyderabad,Online,Cash,1,5244.79,0.0,5244.79,5244.79,0,472.85,2024,4,April,Monday,5244.79,5244.79
2024-04-01,ORD042146,CUST02327,P011,Mixer Grinder,Home,Mumbai,Store,UPI,1,4909.05,0.05,4909.05,4663.6,0,1056.87,2024,4,April,Monday,4909.05,4663.5975
2024-04-01,ORD001431,CUST01782,P011,Mixer Grinder,Home,Delhi,Online,Net Banking,1,4729.72,0.1,4729.72,4256.75,0,800.78,2024,4,April,Monday,4729.72,4256.7480000000005
2024-04-01,ORD034443,CUST03912,P006,Desk,Furniture,Kolkata,Store,UPI,1,11070.3,0.1,11070.3,9963.27,0,1935.76,2024,4,April,Monday,11070.3,9963.27
2024-04-01,ORD036219,CUST04310,P012,Air Fryer,Home,Surat,Online,Debit Card,1,7136.77,0.1,7136.77,6423.09,0,1624.98,2024,4,April,Monday,7136.77,6423.093000000001
2024-04-01,ORD013840,CUST02514,P003,Headphones,Electronics,Surat,Online,Net Banking,2,4649.86,0.15,9299.72,7904.76,0,438.68,2024,4,April,Monday,9299.72,7904.761999999999
2024-04-01,ORD038790,CUST01921,P003,Headphones,Electronics,Hyderabad,Online,Debit Card,1,4342.05,0.0,4342.05,4342.05,0,1072.91,2024,4,April,Monday,4342.05,4342.05
2024-04-01,ORD034215,CUST02007,P002,Smartphone,Electronics,Chennai,Online,UPI,2,30039.98,0.0,60079.96,60079.96,0,10079.41,2024,4,April,Monday,60079.96,60079.96
2024-04-01,ORD004923,CUST01698,P014,Keyboard,Electronics,Kolkata,Online,UPI,2,2258.48,0.1,4516.96,4065.26,0,402.3,2024,4,April,Monday,4516.96,4065.264
2024-04-01,ORD005961,CUST04027,P015,Dining Table,Furniture,Jaipur,Store,UPI,1,22625.59,0.05,22625.59,21494.31,0,4730.23,2024,4,April,Monday,22625.59,21494.3105
2024-04-01,ORD004601,CUST04690,P001,Laptop,Electronics,Pune,Store,Credit Card,1,62307.3,0.1,62307.3,56076.57,0,3724.16,2024,4,April,Monday,62307.3,56076.57000000001
2024-04-01,ORD043277,CUST00330,P002,Smartphone,Electronics,Delhi,Store,Debit Card,4,29414.75,0.2,117659.0,94127.2,0,4484.4,2024,4,April,Monday,117659.0,94127.20000000001
2024-04-01,ORD009461,CUST03242,P014,Keyboard,Electronics,Pune,Online,UPI,2,2306.58,0.1,4613.16,4151.84,1,-207.59,2024,4,April,Monday,4613.16,4151.844
2024-04-01,ORD047450,CUST04626,P018,Jacket,Fashion,Chennai,Online,Net Banking,1,5220.2,0.15,5220.2,4437.17,0,362.19,2024,4,April,Monday,5220.2,4437.17
2024-04-01,ORD040926,CUST00335,P011,Mixer Grinder,Home,Hyderabad,Store,Credit Card,1,4812.96,0.1,4812.96,4331.66,0,493.02,2024,4,April,Monday,4812.96,4331.664
2024-04-01,ORD045703,CUST04179,P018,Jacket,Fashion,Ahmedabad,Store,Cash,2,5170.39,0.0,10340.78,10340.78,0,2178.71,2024,4,April,Monday,10340.78,10340.78
2024-04-01,ORD001832,CUST00651,P020,Microwave,Home,Delhi,Online,UPI,3,10309.88,0.15,30929.64,26290.19,0,5181.08,2024,4,April,Monday,30929.64,26290.194
2024-04-01,ORD048119,CUST03310,P002,Smartphone,Electronics,Ahmedabad,Online,Credit Card,1,25718.07,0.05,25718.07,24432.17,0,2983.29,2024,4,April,Monday,25718.07,24432.1665
2024-04-01,ORD048755,CUST03541,P005,Office Chair,Furniture,Surat,Online,Debit Card,1,10092.7,0.1,10092.7,9083.43,0,2505.79,2024,4,April,Monday,10092.7,9083.43
2024-04-01,ORD024021,CUST02455,P002,Smartphone,Electronics,Hyderabad,Online,UPI,2,26855.57,0.15,53711.14,45654.47,1,-2282.72,2024,4,April,Monday,53711.14,45654.469
2024-04-01,ORD045664,CUST04000,P019,Vacuum Cleaner,Home,Jaipur,Online,UPI,1,9835.4,0.15,9835.4,8360.09,0,1204.23,2024,4,April,Monday,9835.4,8360.09
2024-04-01,ORD045267,CUST02583,P016,Sofa,Furniture,Delhi,Store,Credit Card,1,34983.24,0.05,34983.24,33234.08,0,6603.38,2024,4,April,Monday,34983.24,33234.077999999994
2024-04-01,ORD030547,CUST04875,P013,Monitor,Electronics,Hyderabad,Store,UPI,1,18789.7,0.1,18789.7,16910.73,0,2019.55,2024,4,April,Monday,18789.7,16910.73
2024-04-01,ORD025317,CUST00992,P019,Vacuum Cleaner,Home,Surat,Store,Credit Card,1,9571.24,0.1,9571.24,8614.12,0,1872.49,2024,4,April,Monday,9571.24,8614.116
2024-04-01,ORD014428,CUST00205,P012,Air Fryer,Home,Hyderabad,Online,Credit Card,1,7866.04,0.1,7866.04,7079.44,0,1552.59,2024,4,April,Monday,7866.04,7079.436
2024-04-01,ORD033894,CUST00118,P015,Dining Table,Furniture,Delhi,Online,Credit Card,1,24162.94,0.05,24162.94,22954.79,0,3550.03,2024,4,April,Monday,24162.94,22954.792999999998
2024-04-01,ORD030656,CUST01719,P017,Jeans,Fashion,Ahmedabad,Store,UPI,1,2730.36,0.0,2730.36,2730.36,0,220.3,2024,4,April,Monday,2730.36,2730.36
2024-04-01,ORD042902,CUST00544,P019,Vacuum Cleaner,Home,Jaipur,Online,Net Banking,4,8344.95,0.15,33379.8,28372.83,0,6189.58,2024,4,April,Monday,33379.8,28372.83
2024-04-01,ORD008695,CUST03409,P016,Sofa,Furniture,Jaipur,Online,Credit Card,1,31834.29,0.05,31834.29,30242.58,0,5591.08,2024,4,April,Monday,31834.29,30242.5755
2024-04-01,ORD047295,CUST02339,P006,Desk,Furniture,Hyderabad,Online,UPI,1,11319.56,0.15,11319.56,9621.63,0,536.0,2024,4,April,Monday,11319.56,9621.626
2024-04-01,ORD014566,CUST00725,P008,Running Shoes,Fashion,Chennai,Store,UPI,2,3888.49,0.1,7776.98,6999.28,0,1545.32,2024,4,April,Monday,7776.98,6999.282
2024-04-01,ORD036544,CUST00414,P009,T-Shirt,Fashion,Pune,Online,UPI,2,1141.69,0.05,2283.38,2169.21,0,535.44,2024,4,April,Monday,2283.38,2169.211
2024-04-01,ORD006234,CUST01721,P012,Air Fryer,Home,Delhi,Online,Debit Card,3,7067.3,0.1,21201.9,19081.71,0,2588.91,2024,4,April,Monday,21201.9,19081.710000000003
2024-04-01,ORD037380,CUST02322,P007,Backpack,Accessories,Pune,Store,Credit Card,2,2287.95,0.05,4575.9,4347.1,0,790.97,2024,4,April,Monday,4575.9,4347.105
2024-04-01,ORD035802,CUST01870,P013,Monitor,Electronics,Kolkata,Store,Cash,1,17080.69,0.1,17080.69,15372.62,0,2450.35,2024,4,April,Monday,17080.69,15372.621
2024-04-01,ORD007045,CUST03359,P013,Monitor,Electronics,Pune,Online,Net Banking,1,19110.33,0.05,19110.33,18154.81,0,1734.7,2024,4,April,Monday,19110.33,18154.8135
2024-04-01,ORD039276,CUST03101,P020,Microwave,Home,Jaipur,Store,Credit Card,3,10283.82,0.1,30851.46,27766.31,0,7266.34,2024,4,April,Monday,30851.46,27766.314
2024-04-01,ORD007377,CUST00387,P019,Vacuum Cleaner,Home,Pune,Store,Cash,2,8974.39,0.05,17948.78,17051.34,0,3934.87,2024,4,April,Monday,17948.78,17051.340999999997
2024-04-01,ORD030788,CUST02964,P012,Air Fryer,Home,Jaipur,Store,Debit Card,2,7532.71,0.1,15065.42,13558.88,0,1036.18,2024,4,April,Monday,15065.42,13558.878
2024-04-01,ORD003543,CUST02935,P019,Vacuum Cleaner,Home,Kolkata,Store,UPI,1,9556.99,0.1,9556.99,8601.29,0,590.38,2024,4,April,Monday,9556.99,8601.291
2024-04-01,ORD035401,CUST03425,P013,Monitor,Electronics,Pune,Store,Credit Card,1,18641.99,0.1,18641.99,16777.79,0,4619.76,2024,4,April,Monday,18641.99,16777.791
2024-04-01,ORD012366,CUST00083,P010,Coffee Maker,Home,Mumbai,Store,UPI,1,5495.94,0.15,5495.94,4671.55,0,824.59,2024,4,April,Monday,5495.94,4671.549
2024-04-01,ORD043565,CUST03950,P004,Smartwatch,Electronics,Jaipur,Store,UPI,2,7402.41,0.1,14804.82,13324.34,0,3673.57,2024,4,April,Monday,14804.82,13324.338
2024-04-01,ORD024279,CUST04077,P012,Air Fryer,Home,Mumbai,Store,Debit Card,2,7059.77,0.0,14119.54,14119.54,0,3343.64,2024,4,April,Monday,14119.54,14119.54
2024-04-01,ORD033999,CUST02871,P012,Air Fryer,Home,Ahmedabad,Online,UPI,1,7068.96,0.0,7068.96,7068.96,0,1947.17,2024,4,April,Monday,7068.96,7068.96
2024-04-01,ORD022214,CUST02817,P015,Dining Table,Furniture,Chennai,Store,Credit Card,2,20644.23,0.05,41288.46,39224.04,0,3043.42,2024,4,April,Monday,41288.46,39224.037
2024-04-01,ORD006459,CUST03101,P012,Air Fryer,Home,Ahmedabad,Store,Net Banking,2,6791.02,0.05,13582.04,12902.94,0,3627.57,2024,4,April,Monday,13582.04,12902.938
2024-04-01,ORD044978,CUST01919,P008,Running Shoes,Fashion,Kolkata,Online,Credit Card,1,3792.05,0.15,3792.05,3223.24,0,728.12,2024,4,April,Monday,3792.05,3223.2425000000003
2024-04-01,ORD043579,CUST04491,P017,Jeans,Fashion,Surat,Online,Debit Card,3,2784.96,0.0,8354.88,8354.88,0,1796.9,2024,4,April,Monday,8354.880000000001,8354.88
2024-04-01,ORD007373,CUST00892,P015,Dining Table,Furniture,Pune,Online,UPI,2,22229.64,0.05,44459.28,42236.32,0,3367.92,2024,4,April,Monday,44459.28,42236.316
2024-04-01,ORD041602,CUST03691,P019,Vacuum Cleaner,Home,Delhi,Online,Debit Card,1,8259.83,0.05,8259.83,7846.84,0,1795.44,2024,4,April,Monday,8259.83,7846.8385
2024-04-02,ORD008807,CUST02068,P009,T-Shirt,Fashion,Ahmedabad,Online,UPI,1,1244.19,0.1,1244.19,1119.77,0,271.02,2024,4,April,Tuesday,1244.19,1119.7710000000002
2024-04-02,ORD027976,CUST00218,P017,Jeans,Fashion,Kolkata,Store,UPI,2,2975.04,0.05,5950.08,5652.58,0,1390.16,2024,4,April,Tuesday,5950.08,5652.576
2024-04-02,ORD028421,CUST01852,P004,Smartwatch,Electronics,Bengaluru,Online,UPI,1,7635.65,0.1,7635.65,6872.08,1,-343.6,2024,4,April,Tuesday,7635.65,6872.085
2024-04-02,ORD009419,CUST00328,P010,Coffee Maker,Home,Mumbai,Store,UPI,1,5912.25,0.2,5912.25,4729.8,0,1216.37,2024,4,April,Tuesday,5912.25,4729.8
2024-04-02,ORD000904,CUST03179,P005,Office Chair,Furniture,Kolkata,Online,UPI,1,10323.29,0.0,10323.29,10323.29,0,1323.17,2024,4,April,Tuesday,10323.29,10323.29
2024-04-02,ORD031809,CUST01682,P014,Keyboard,Electronics,Kolkata,Store,Credit Card,2,2730.06,0.2,5460.12,4368.1,0,434.97,2024,4,April,Tuesday,5460.12,4368.0960000000005
2024-04-02,ORD032232,CUST02129,P001,Laptop,Electronics,Hyderabad,Store,Credit Card,1,65580.48,0.1,65580.48,59022.43,0,11308.18,2024,4,April,Tuesday,65580.48,59022.432
2024-04-02,ORD032000,CUST02068,P007,Backpack,Accessories,Hyderabad,Online,Credit Card,1,2032.95,0.05,2032.95,1931.3,0,162.77,2024,4,April,Tuesday,2032.95,1931.3025
2024-04-02,ORD026700,CUST00270,P018,Jacket,Fashion,Kolkata,Online,Cash,1,4772.45,0.0,4772.45,4772.45,0,582.4,2024,4,April,Tuesday,4772.45,4772.45
2024-04-02,ORD010713,CUST00800,P018,Jacket,Fashion,Delhi,Store,Credit Card,1,5422.87,0.05,5422.87,5151.73,0,1026.77,2024,4,April,Tuesday,5422.87,5151.7265
2024-04-02,ORD025900,CUST01018,P017,Jeans,Fashion,Mumbai,Online,Credit Card,3,2721.21,0.0,8163.63,8163.63,0,917.07,2024,4,April,Tuesday,8163.63,8163.63
2024-04-02,ORD027823,CUST01760,P011,Mixer Grinder,Home,Chennai,Store,Debit Card,1,4330.91,0.1,4330.91,3897.82,0,495.79,2024,4,April,Tuesday,4330.91,3897.819
2024-04-02,ORD048572,CUST00998,P006,Desk,Furniture,Bengaluru,Online,Cash,1,11730.73,0.05,11730.73,11144.19,0,1999.25,2024,4,April,Tuesday,11730.73,11144.1935
2024-04-02,ORD007030,CUST00605,P014,Keyboard,Electronics,Hyderabad,Online,UPI,5,2713.94,0.15,13569.7,11534.24,0,2782.8,2024,4,April,Tuesday,13569.7,11534.245
2024-04-02,ORD008929,CUST03458,P005,Office Chair,Furniture,Ahmedabad,Store,Debit Card,4,10197.7,0.0,40790.8,40790.8,0,4867.96,2024,4,April,Tuesday,40790.8,40790.8
2024-04-02,ORD027710,CUST02605,P004,Smartwatch,Electronics,Mumbai,Online,UPI,2,7231.13,0.0,14462.26,14462.26,0,1475.33,2024,4,April,Tuesday,14462.26,14462.26
2024-04-02,ORD033550,CUST00056,P013,Monitor,Electronics,Ahmedabad,Online,Debit Card,1,17224.1,0.2,17224.1,13779.28,0,557.95,2024,4,April,Tuesday,17224.1,13779.279999999999
2024-04-02,ORD032071,CUST02127,P003,Headphones,Electronics,Kolkata,Store,UPI,1,4560.06,0.1,4560.06,4104.05,1,-205.2,2024,4,April,Tuesday,4560.06,4104.054
2024-04-02,ORD000808,CUST01909,P019,Vacuum Cleaner,Home,Surat,Online,UPI,1,9662.93,0.0,9662.93,9662.93,0,776.89,2024,4,April,Tuesday,9662.93,9662.93
2024-04-02,ORD034323,CUST02438,P019,Vacuum Cleaner,Home,Jaipur,Online,Credit Card,1,8745.63,0.15,8745.63,7433.79,0,1400.72,2024,4,April,Tuesday,8745.63,7433.785499999999
2024-04-02,ORD008306,CUST01243,P014,Keyboard,Electronics,Chennai,Store,UPI,1,2444.19,0.1,2444.19,2199.77,0,453.28,2024,4,April,Tuesday,2444.19,2199.771
2024-04-02,ORD026585,CUST01696,P005,Office Chair,Furniture,Delhi,Store,UPI,1,9694.36,0.0,9694.36,9694.36,0,1803.78,2024,4,April,Tuesday,9694.36,9694.36
2024-04-02,ORD005206,CUST02533,P013,Monitor,Electronics,Delhi,Online,Credit Card,4,16905.7,0.1,67622.8,60860.52,0,7897.57,2024,4,April,Tuesday,67622.8,60860.520000000004
2024-04-02,ORD042726,CUST02735,P003,Headphones,Electronics,Kolkata,Online,Cash,2,4066.4,0.1,8132.8,7319.52,0,963.47,2024,4,April,Tuesday,8132.8,7319.52
2024-04-02,ORD002831,CUST03649,P019,Vacuum Cleaner,Home,Chennai,Online,Credit Card,1,9669.2,0.2,9669.2,7735.36,0,1482.62,2024,4,April,Tuesday,9669.2,7735.360000000001
2024-04-02,ORD000350,CUST00862,P008,Running Shoes,Fashion,Kolkata,Online,UPI,1,3910.68,0.0,3910.68,3910.68,0,855.37,2024,4,April,Tuesday,3910.68,3910.68
2024-04-02,ORD039294,CUST02081,P015,Dining Table,Furniture,Kolkata,Online,Credit Card,1,20655.11,0.1,20655.11,18589.6,0,4235.84,2024,4,April,Tuesday,20655.11,18589.599000000002
2024-04-02,ORD001684,CUST04724,P020,Microwave,Home,Delhi,Store,Credit Card,1,9998.75,0.0,9998.75,9998.75,0,2640.49,2024,4,April,Tuesday,9998.75,9998.75
2024-04-02,ORD020792,CUST01776,P001,Laptop,Electronics,Surat,Online,Credit Card,2,59785.2,0.05,119570.4,113591.88,0,10301.84,2024,4,April,Tuesday,119570.4,113591.87999999999
2024-04-02,ORD014670,CUST03105,P017,Jeans,Fashion,Kolkata,Store,Cash,3,2664.02,0.1,7992.06,7192.85,0,1510.82,2024,4,April,Tuesday,7992.0599999999995,7192.854
2024-04-02,ORD035966,CUST03021,P006,Desk,Furniture,Hyderabad,Store,Credit Card,1,12403.99,0.0,12403.99,12403.99,0,3267.77,2024,4,April,Tuesday,12403.99,12403.99
2024-04-02,ORD039438,CUST03206,P001,Laptop,Electronics,Bengaluru,Store,UPI,3,63193.82,0.05,189581.46,180102.39,0,38520.68,2024,4,April,Tuesday,189581.46,180102.387
2024-04-02,ORD022644,CUST04362,P011,Mixer Grinder,Home,Jaipur,Store,UPI,1,4534.13,0.05,4534.13,4307.42,0,835.52,2024,4,April,Tuesday,4534.13,4307.4235
2024-04-02,ORD035455,CUST04545,P005,Office Chair,Furniture,Kolkata,Store,UPI,3,9634.07,0.15,28902.21,24566.88,0,4134.82,2024,4,April,Tuesday,28902.21,24566.8785
2024-04-02,ORD047581,CUST00321,P007,Backpack,Accessories,Ahmedabad,Online,Credit Card,1,2411.58,0.2,2411.58,1929.26,0,178.54,2024,4,April,Tuesday,2411.58,1929.2640000000001
2024-04-02,ORD003065,CUST03370,P015,Dining Table,Furniture,Surat,Online,Net Banking,2,22973.6,0.0,45947.2,45947.2,0,11755.07,2024,4,April,Tuesday,45947.2,45947.2
2024-04-02,ORD013453,CUST04398,P014,Keyboard,Electronics,Chennai,Store,UPI,1,2634.5,0.2,2634.5,2107.6,0,136.07,2024,4,April,Tuesday,2634.5,2107.6
2024-04-02,ORD023182,CUST00036,P013,Monitor,Electronics,Delhi,Online,UPI,1,19648.29,0.15,19648.29,16701.05,0,2391.24,2024,4,April,Tuesday,19648.29,16701.0465
2024-04-02,ORD023175,CUST01533,P002,Smartphone,Electronics,Delhi,Online,Credit Card,2,29602.73,0.25,59205.46,44404.1,0,6580.27,2024,4,April,Tuesday,59205.46,44404.095
2024-04-02,ORD000059,CUST00672,P016,Sofa,Furniture,Bengaluru,Online,UPI,2,33919.67,0.0,67839.34,67839.34,0,12500.86,2024,4,April,Tuesday,67839.34,67839.34
2024-04-02,ORD041516,CUST00578,P017,Jeans,Fashion,Bengaluru,Store,Debit Card,1,2669.15,0.1,2669.15,2402.24,0,467.95,2024,4,April,Tuesday,2669.15,2402.235
2024-04-02,ORD023135,CUST02132,P014,Keyboard,Electronics,Mumbai,Online,Debit Card,3,2714.03,0.15,8142.09,6920.78,0,1618.24,2024,4,April,Tuesday,8142.09,6920.7765
2024-04-02,ORD000386,CUST02967,P013,Monitor,Electronics,Hyderabad,Online,Cash,2,19595.43,0.0,39190.86,39190.86,0,4063.12,2024,4,April,Tuesday,39190.86,39190.86
2024-04-02,ORD014600,CUST04151,P005,Office Chair,Furniture,Surat,Store,Cash,1,8934.67,0.1,8934.67,8041.2,0,1204.9,2024,4,April,Tuesday,8934.67,8041.203
2024-04-02,ORD013319,CUST04328,P020,Microwave,Home,Mumbai,Store,Credit Card,3,11961.82,0.0,35885.46,35885.46,0,4519.14,2024,4,April,Tuesday,35885.46,35885.46
2024-04-02,ORD020270,CUST00665,P003,Headphones,Electronics,Jaipur,Online,UPI,5,4409.79,0.15,22048.95,18741.61,0,2633.19,2024,4,April,Tuesday,22048.95,18741.607500000002
2024-04-02,ORD020279,CUST04701,P007,Backpack,Accessories,Surat,Online,Credit Card,1,2158.8,0.2,2158.8,1727.04,0,70.78,2024,4,April,Tuesday,2158.8,1727.0400000000002
2024-04-02,ORD017355,CUST03273,P016,Sofa,Furniture,Chennai,Online,UPI,1,31869.04,0.1,31869.04,28682.14,0,3580.43,2024,4,April,Tuesday,31869.04,28682.136000000002
2024-04-02,ORD046813,CUST01638,P015,Dining Table,Furniture,Surat,Online,UPI,1,21022.73,0.0,21022.73,21022.73,0,3701.08,2024,4,April,Tuesday,21022.73,21022.73
2024-04-02,ORD024296,CUST04228,P018,Jacket,Fashion,Chennai,Online,UPI,1,5239.42,0.0,5239.42,5239.42,0,1373.24,2024,4,April,Tuesday,5239.42,5239.42
2024-04-02,ORD004269,CUST01835,P017,Jeans,Fashion,Mumbai,Store,UPI,1,2740.49,0.1,2740.49,2466.44,0,490.05,2024,4,April,Tuesday,2740.49,2466.441
2024-04-02,ORD000325,CUST00505,P011,Mixer Grinder,Home,Hyderabad,Store,Credit Card,2,4329.58,0.05,8659.16,8226.2,0,1545.25,2024,4,April,Tuesday,8659.16,8226.202
2024-04-02,ORD001468,CUST02406,P012,Air Fryer,Home,Hyderabad,Online,UPI,2,6578.79,0.0,13157.58,13157.58,0,1516.12,2024,4,April,Tuesday,13157.58,13157.58
2024-04-02,ORD049110,CUST02970,P013,Monitor,Electronics,Pune,Store,UPI,2,17407.8,0.0,34815.6,34815.6,0,4219.64,2024,4,April,Tuesday,34815.6,34815.6
2024-04-02,ORD013886,CUST01778,P010,Coffee Maker,Home,Surat,Online,Debit Card,2,5962.55,0.0,11925.1,11925.1,1,-596.26,2024,4,April,Tuesday,11925.1,11925.1
2024-04-02,ORD047380,CUST04743,P010,Coffee Maker,Home,Ahmedabad,Store,Credit Card,1,5203.78,0.1,5203.78,4683.4,0,1244.62,2024,4,April,Tuesday,5203.78,4683.402
2024-04-02,ORD037054,CUST01354,P003,Headphones,Electronics,Surat,Online,UPI,1,4337.38,0.25,4337.38,3253.04,0,559.17,2024,4,April,Tuesday,4337.38,3253.035
2024-04-02,ORD045198,CUST00491,P010,Coffee Maker,Home,Ahmedabad,Online,UPI,2,5258.83,0.1,10517.66,9465.89,0,1074.99,2024,4,April,Tuesday,10517.66,9465.894
2024-04-02,ORD015711,CUST02094,P003,Headphones,Electronics,Surat,Online,UPI,2,4736.36,0.05,9472.72,8999.08,0,1614.78,2024,4,April,Tuesday,9472.72,8999.083999999999
2024-04-02,ORD011853,CUST00134,P003,Headphones,Electronics,Jaipur,Online,Credit Card,1,4624.24,0.05,4624.24,4393.03,1,-219.65,2024,4,April,Tuesday,4624.24,4393.027999999999
2024-04-02,ORD043663,CUST02612,P006,Desk,Furniture,Mumbai,Online,UPI,1,11773.7,0.1,11773.7,10596.33,0,2412.03,2024,4,April,Tuesday,11773.7,10596.330000000002
2024-04-02,ORD035546,CUST01876,P005,Office Chair,Furniture,Ahmedabad,Online,UPI,1,9212.64,0.05,9212.64,8752.01,0,1887.07,2024,4,April,Tuesday,9212.64,8752.008
2024-04-02,ORD013851,CUST04616,P020,Microwave,Home,Hyderabad,Store,Credit Card,5,10861.19,0.05,54305.95,51590.65,0,11745.61,2024,4,April,Tuesday,54305.950000000004,51590.6525
2024-04-02,ORD012898,CUST04768,P018,Jacket,Fashion,Bengaluru,Online,Cash,2,5311.28,0.05,10622.56,10091.43,0,1409.22,2024,4,April,Tuesday,10622.56,10091.431999999999
2024-04-02,ORD035847,CUST03549,P014,Keyboard,Electronics,Kolkata,Online,UPI,1,2648.86,0.0,2648.86,2648.86,0,741.44,2024,4,April,Tuesday,2648.86,2648.86
2024-04-02,ORD024348,CUST00063,P008,Running Shoes,Fashion,Ahmedabad,Store,Credit Card,1,3888.22,0.2,3888.22,3110.58,0,359.01,2024,4,April,Tuesday,3888.22,3110.576
2024-04-02,ORD022217,CUST02713,P009,T-Shirt,Fashion,Surat,Online,Net Banking,2,1112.21,0.05,2224.42,2113.2,0,580.47,2024,4,April,Tuesday,2224.42,2113.199
2024-04-02,ORD023531,CUST02000,P005,Office Chair,Furniture,Hyderabad,Online,Debit Card,1,9874.79,0.0,9874.79,9874.79,0,1817.81,2024,4,April,Tuesday,9874.79,9874.79
2024-04-02,ORD043394,CUST01870,P013,Monitor,Electronics,Jaipur,Store,UPI,1,18106.75,0.2,18106.75,14485.4,0,2172.55,2024,4,April,Tuesday,18106.75,14485.400000000001
2024-04-02,ORD037696,CUST01326,P007,Backpack,Accessories,Hyderabad,Online,Credit Card,1,2064.06,0.15,2064.06,1754.45,0,469.5,2024,4,April,Tuesday,2064.06,1754.4509999999998
2024-04-02,ORD046336,CUST04214,P008,Running Shoes,Fashion,Chennai,Online,UPI,1,4543.24,0.1,4543.24,4088.92,0,1116.55,2024,4,April,Tuesday,4543.24,4088.9159999999997
2024-04-02,ORD038226,CUST04610,P007,Backpack,Accessories,Bengaluru,Online,UPI,1,2219.13,0.15,2219.13,1886.26,0,225.19,2024,4,April,Tuesday,2219.13,1886.2605
2024-04-03,ORD009627,CUST01323,P012,Air Fryer,Home,Chennai,Online,UPI,5,6590.05,0.1,32950.25,29655.22,0,7816.87,2024,4,April,Wednesday,32950.25,29655.225000000002
2024-04-03,ORD002102,CUST01635,P003,Headphones,Electronics,Delhi,Online,Credit Card,2,4740.1,0.15,9480.2,8058.17,0,1288.53,2024,4,April,Wednesday,9480.2,8058.17
2024-04-03,ORD003715,CUST01938,P014,Keyboard,Electronics,Hyderabad,Online,UPI,1,2385.73,0.0,2385.73,2385.73,0,506.2,2024,4,April,Wednesday,2385.73,2385.73
2024-04-03,ORD047550,CUST00660,P009,T-Shirt,Fashion,Kolkata,Online,UPI,3,1133.82,0.05,3401.46,3231.39,0,929.67,2024,4,April,Wednesday,3401.46,3231.3869999999997
2024-04-03,ORD013035,CUST02502,P003,Headphones,Electronics,Pune,Online,UPI,2,4469.54,0.0,8939.08,8939.08,0,848.59,2024,4,April,Wednesday,8939.08,8939.08
2024-04-03,ORD007767,CUST00192,P013,Monitor,Electronics,Pune,Online,Debit Card,1,19785.81,0.1,19785.81,17807.23,0,3592.44,2024,4,April,Wednesday,19785.81,17807.229000000003
2024-04-03,ORD019304,CUST03925,P015,Dining Table,Furniture,Pune,Online,Credit Card,2,20664.69,0.15,41329.38,35129.97,0,8245.57,2024,4,April,Wednesday,41329.38,35129.973
2024-04-03,ORD007812,CUST02625,P001,Laptop,Electronics,Hyderabad,Online,Debit Card,2,66635.88,0.0,133271.76,133271.76,0,37554.97,2024,4,April,Wednesday,133271.76,133271.76
2024-04-03,ORD013065,CUST02827,P010,Coffee Maker,Home,Pune,Online,UPI,1,5608.17,0.1,5608.17,5047.35,0,1360.8,2024,4,April,Wednesday,5608.17,5047.353
2024-04-03,ORD022879,CUST02198,P004,Smartwatch,Electronics,Chennai,Online,Credit Card,3,6720.84,0.05,20162.52,19154.39,0,4760.52,2024,4,April,Wednesday,20162.52,19154.394
2024-04-03,ORD007997,CUST00938,P011,Mixer Grinder,Home,Kolkata,Store,UPI,1,4798.26,0.15,4798.26,4078.52,0,911.39,2024,4,April,Wednesday,4798.26,4078.521
2024-04-03,ORD049566,CUST04746,P002,Smartphone,Electronics,Kolkata,Online,Debit Card,1,30626.32,0.05,30626.32,29095.0,0,2277.47,2024,4,April,Wednesday,30626.32,29095.003999999997
2024-04-03,ORD043941,CUST00498,P019,Vacuum Cleaner,Home,Bengaluru,Store,Credit Card,1,8923.44,0.2,8923.44,7138.75,0,1256.49,2024,4,April,Wednesday,8923.44,7138.752
2024-04-03,ORD016935,CUST04082,P005,Office Chair,Furniture,Mumbai,Online,UPI,3,9333.06,0.1,27999.18,25199.26,0,3291.67,2024,4,April,Wednesday,27999.18,25199.262000000002
2024-04-03,ORD013940,CUST02982,P018,Jacket,Fashion,Bengaluru,Online,Debit Card,1,5401.25,0.0,5401.25,5401.25,0,1410.52,2024,4,April,Wednesday,5401.25,5401.25
2024-04-03,ORD030216,CUST03104,P013,Monitor,Electronics,Surat,Store,Debit Card,1,16649.4,0.2,16649.4,13319.52,0,2621.04,2024,4,April,Wednesday,16649.4,13319.520000000002
2024-04-03,ORD006119,CUST01263,P011,Mixer Grinder,Home,Bengaluru,Store,UPI,2,4579.42,0.0,9158.84,9158.84,0,944.86,2024,4,April,Wednesday,9158.84,9158.84
2024-04-03,ORD000464,CUST04436,P006,Desk,Furniture,Delhi,Online,Debit Card,1,11937.62,0.05,11937.62,11340.74,0,2962.41,2024,4,April,Wednesday,11937.62,11340.739
2024-04-03,ORD002425,CUST04128,P010,Coffee Maker,Home,Chennai,Online,Cash,1,5248.01,0.0,5248.01,5248.01,0,929.01,2024,4,April,Wednesday,5248.01,5248.01
2024-04-03,ORD011039,CUST02819,P020,Microwave,Home,Ahmedabad,Store,UPI,1,11437.64,0.2,11437.64,9150.11,0,1693.85,2024,4,April,Wednesday,11437.64,9150.112
2024-04-03,ORD000822,CUST02387,P012,Air Fryer,Home,Delhi,Online,Cash,1,6745.9,0.0,6745.9,6745.9,0,1346.34,2024,4,April,Wednesday,6745.9,6745.9
2024-04-03,ORD017320,CUST03179,P015,Dining Table,Furniture,Bengaluru,Store,Debit Card,1,22254.66,0.15,22254.66,18916.46,0,2745.16,2024,4,April,Wednesday,22254.66,18916.461
2024-04-03,ORD030495,CUST01967,P011,Mixer Grinder,Home,Pune,Store,Debit Card,1,4878.27,0.1,4878.27,4390.44,0,1145.15,2024,4,April,Wednesday,4878.27,4390.443
2024-04-03,ORD034290,CUST01456,P017,Jeans,Fashion,Jaipur,Online,Net Banking,1,2542.13,0.0,2542.13,2542.13,0,283.5,2024,4,April,Wednesday,2542.13,2542.13
2024-04-03,ORD048906,CUST01954,P016,Sofa,Furniture,Ahmedabad,Online,Net Banking,2,32827.89,0.0,65655.78,65655.78,0,9232.48,2024,4,April,Wednesday,65655.78,65655.78
2024-04-03,ORD029841,CUST00125,P019,Vacuum Cleaner,Home,Ahmedabad,Online,Net Banking,1,8135.66,0.1,8135.66,7322.09,0,1235.41,2024,4,April,Wednesday,8135.66,7322.094
2024-04-03,ORD027600,CUST03497,P004,Smartwatch,Electronics,Chennai,Online,Credit Card,2,7446.09,0.0,14892.18,14892.18,0,3048.09,2024,4,April,Wednesday,14892.18,14892.18
2024-04-03,ORD003243,CUST00711,P008,Running Shoes,Fashion,Jaipur,Store,Debit Card,1,3866.63,0.1,3866.63,3479.97,0,836.89,2024,4,April,Wednesday,3866.63,3479.967
2024-04-03,ORD025219,CUST03283,P017,Jeans,Fashion,Kolkata,Store,UPI,1,2905.69,0.0,2905.69,2905.69,0,506.3,2024,4,April,Wednesday,2905.69,2905.69
2024-04-03,ORD044798,CUST01892,P017,Jeans,Fashion,Delhi,Online,UPI,1,2806.87,0.1,2806.87,2526.18,0,596.89,2024,4,April,Wednesday,2806.87,2526.183
2024-04-03,ORD024908,CUST03911,P010,Coffee Maker,Home,Ahmedabad,Online,Credit Card,1,5755.22,0.1,5755.22,5179.7,0,557.46,2024,4,April,Wednesday,5755.22,5179.698
2024-04-03,ORD001980,CUST02148,P011,Mixer Grinder,Home,Jaipur,Store,Credit Card,1,4983.28,0.1,4983.28,4484.95,0,755.86,2024,4,April,Wednesday,4983.28,4484.952
2024-04-03,ORD035274,CUST02305,P005,Office Chair,Furniture,Jaipur,Store,Credit Card,2,9921.68,0.0,19843.36,19843.36,0,3499.38,2024,4,April,Wednesday,19843.36,19843.36
2024-04-03,ORD028142,CUST00934,P012,Air Fryer,Home,Ahmedabad,Store,Net Banking,2,6527.7,0.1,13055.4,11749.86,0,1726.52,2024,4,April,Wednesday,13055.4,11749.86
2024-04-03,ORD037318,CUST04555,P016,Sofa,Furniture,Surat,Online,UPI,4,37553.35,0.15,150213.4,127681.39,0,26569.14,2024,4,April,Wednesday,150213.4,127681.38999999998
2024-04-03,ORD012215,CUST01767,P013,Monitor,Electronics,Chennai,Store,Credit Card,1,18445.19,0.05,18445.19,17522.93,0,4369.78,2024,4,April,Wednesday,18445.19,17522.9305
2024-04-03,ORD009901,CUST02883,P016,Sofa,Furniture,Bengaluru,Store,Credit Card,2,32872.47,0.25,65744.94,49308.7,0,6077.32,2024,4,April,Wednesday,65744.94,49308.705
2024-04-03,ORD004297,CUST02767,P018,Jacket,Fashion,Surat,Online,UPI,1,5505.98,0.0,5505.98,5505.98,1,-275.3,2024,4,April,Wednesday,5505.98,5505.98
2024-04-03,ORD020482,CUST00890,P006,Desk,Furniture,Bengaluru,Online,Credit Card,2,13084.62,0.1,26169.24,23552.32,0,3104.51,2024,4,April,Wednesday,26169.24,23552.316000000003
2024-04-03,ORD004531,CUST02363,P018,Jacket,Fashion,Jaipur,Store,Credit Card,2,5080.16,0.0,10160.32,10160.32,0,1451.39,2024,4,April,Wednesday,10160.32,10160.32
2024-04-03,ORD037669,CUST04809,P005,Office Chair,Furniture,Kolkata,Online,UPI,1,9320.44,0.1,9320.44,8388.4,0,1392.82,2024,4,April,Wednesday,9320.44,8388.396
2024-04-03,ORD048962,CUST01140,P006,Desk,Furniture,Delhi,Store,UPI,1,11244.27,0.05,11244.27,10682.06,0,1984.54,2024,4,April,Wednesday,11244.27,10682.0565
2024-04-03,ORD015146,CUST02985,P019,Vacuum Cleaner,Home,Kolkata,Store,Credit Card,5,9637.75,0.2,48188.75,38551.0,0,9867.37,2024,4,April,Wednesday,48188.75,38551.0
2024-04-03,ORD039725,CUST04918,P020,Microwave,Home,Delhi,Online,Net Banking,2,11102.17,0.0,22204.34,22204.34,0,3353.19,2024,4,April,Wednesday,22204.34,22204.34
2024-04-03,ORD037622,CUST04195,P011,Mixer Grinder,Home,Chennai,Online,UPI,1,4496.18,0.0,4496.18,4496.18,0,867.35,2024,4,April,Wednesday,4496.18,4496.18
2024-04-03,ORD035048,CUST01436,P004,Smartwatch,Electronics,Jaipur,Online,Debit Card,1,6549.5,0.1,6549.5,5894.55,0,841.78,2024,4,April,Wednesday,6549.5,5894.55
2024-04-03,ORD024628,CUST02671,P004,Smartwatch,Electronics,Mumbai,Online,Credit Card,1,6423.61,0.2,6423.61,5138.89,0,703.41,2024,4,April,Wednesday,6423.61,5138.888
2024-04-03,ORD022340,CUST00402,P015,Dining Table,Furniture,Hyderabad,Online,UPI,1,22993.48,0.1,22993.48,20694.13,0,2958.17,2024,4,April,Wednesday,22993.48,20694.132
2024-04-03,ORD045901,CUST04393,P005,Office Chair,Furniture,Delhi,Online,Credit Card,2,10253.79,0.1,20507.58,18456.82,0,1142.54,2024,4,April,Wednesday,20507.58,18456.822000000004
2024-04-03,ORD032836,CUST03441,P001,Laptop,Electronics,Mumbai,Store,Net Banking,1,70948.93,0.2,70948.93,56759.14,0,10962.28,2024,4,April,Wednesday,70948.93,56759.144
2024-04-03,ORD014507,CUST03951,P015,Dining Table,Furniture,Ahmedabad,Online,Credit Card,2,22145.79,0.1,44291.58,39862.42,0,10925.94,2024,4,April,Wednesday,44291.58,39862.422000000006
2024-04-03,ORD004646,CUST01212,P009,T-Shirt,Fashion,Kolkata,Online,UPI,1,1103.12,0.1,1103.12,992.81,0,81.51,2024,4,April,Wednesday,1103.12,992.8079999999999
2024-04-03,ORD033672,CUST03692,P020,Microwave,Home,Kolkata,Online,Credit Card,2,10950.48,0.1,21900.96,19710.86,1,-985.54,2024,4,April,Wednesday,21900.96,19710.864
2024-04-03,ORD049196,CUST02459,P008,Running Shoes,Fashion,Kolkata,Online,Cash,1,3870.75,0.15,3870.75,3290.14,1,-164.51,2024,4,April,Wednesday,3870.75,3290.1375
2024-04-03,ORD038311,CUST02141,P015,Dining Table,Furniture,Chennai,Store,Debit Card,1,23237.07,0.05,23237.07,22075.22,0,4897.84,2024,4,April,Wednesday,23237.07,22075.2165
2024-04-03,ORD046248,CUST00072,P005,Office Chair,Furniture,Ahmedabad,Online,UPI,2,9371.65,0.1,18743.3,16868.97,0,2670.09,2024,4,April,Wednesday,18743.3,16868.97
2024-04-03,ORD004889,CUST02130,P010,Coffee Maker,Home,Pune,Store,Debit Card,4,5737.91,0.2,22951.64,18361.31,0,1865.2,2024,4,April,Wednesday,22951.64,18361.312
2024-04-03,ORD037278,CUST02093,P014,Keyboard,Electronics,Hyderabad,Online,Credit Card,1,2503.39,0.1,2503.39,2253.05,0,544.26,2024,4,April,Wednesday,2503.39,2253.051
2024-04-03,ORD028665,CUST01725,P005,Office Chair,Furniture,Jaipur,Store,Debit Card,1,9242.52,0.05,9242.52,8780.39,0,1126.58,2024,4,April,Wednesday,9242.52,8780.394
2024-04-03,ORD028677,CUST03047,P015,Dining Table,Furniture,Bengaluru,Online,Credit Card,1,21306.48,0.0,21306.48,21306.48,0,5612.82,2024,4,April,Wednesday,21306.48,21306.48
2024-04-03,ORD012454,CUST00051,P015,Dining Table,Furniture,Kolkata,Online,UPI,1,22338.59,0.0,22338.59,22338.59,0,3701.98,2024,4,April,Wednesday,22338.59,22338.59
2024-04-03,ORD021323,CUST02133,P018,Jacket,Fashion,Surat,Online,UPI,1,5253.08,0.2,5253.08,4202.46,0,537.63,2024,4,April,Wednesday,5253.08,4202.464
2024-04-03,ORD005463,CUST02725,P006,Desk,Furniture,Pune,Store,UPI,1,13028.94,0.1,13028.94,11726.05,0,2387.83,2024,4,April,Wednesday,13028.94,11726.046
2024-04-03,ORD010109,CUST01835,P004,Smartwatch,Electronics,Delhi,Online,UPI,4,6443.98,0.25,25775.92,19331.94,0,4615.33,2024,4,April,Wednesday,25775.92,19331.94
2024-04-03,ORD026869,CUST00415,P018,Jacket,Fashion,Chennai,Online,UPI,2,5698.16,0.05,11396.32,10826.5,0,912.55,2024,4,April,Wednesday,11396.32,10826.503999999999
2024-04-04,ORD047426,CUST03894,P017,Jeans,Fashion,Bengaluru,Store,Credit Card,1,2851.61,0.0,2851.61,2851.61,0,854.03,2024,4,April,Thursday,2851.61,2851.61
2024-04-04,ORD003058,CUST03869,P016,Sofa,Furniture,Jaipur,Store,UPI,1,35512.1,0.15,35512.1,30185.28,0,2010.98,2024,4,April,Thursday,35512.1,30185.284999999996
2024-04-04,ORD030658,CUST04837,P011,Mixer Grinder,Home,Pune,Online,UPI,1,4413.33,0.0,4413.33,4413.33,0,791.53,2024,4,April,Thursday,4413.33,4413.33
2024-04-04,ORD004451,CUST03933,P020,Microwave,Home,Kolkata,Store,UPI,1,11023.33,0.05,11023.33,10472.16,0,1193.89,2024,4,April,Thursday,11023.33,10472.163499999999
2024-04-04,ORD005014,CUST03311,P019,Vacuum Cleaner,Home,Kolkata,Online,Net Banking,1,8832.22,0.15,8832.22,7507.39,0,1341.58,2024,4,April,Thursday,8832.22,7507.386999999999
2024-04-04,ORD030545,CUST01381,P004,Smartwatch,Electronics,Mumbai,Online,Cash,4,7522.68,0.05,30090.72,28586.18,0,7697.3,2024,4,April,Thursday,30090.72,28586.184
2024-04-04,ORD048497,CUST03911,P007,Backpack,Accessories,Hyderabad,Online,UPI,1,2395.71,0.0,2395.71,2395.71,0,392.05,2024,4,April,Thursday,2395.71,2395.71
2024-04-04,ORD017516,CUST01127,P004,Smartwatch,Electronics,Jaipur,Online,Cash,1,7289.72,0.05,7289.72,6925.23,0,1128.29,2024,4,April,Thursday,7289.72,6925.2339999999995
2024-04-04,ORD038820,CUST04290,P011,Mixer Grinder,Home,Chennai,Online,UPI,1,4761.85,0.2,4761.85,3809.48,0,453.43,2024,4,April,Thursday,4761.85,3809.4800000000005
2024-04-04,ORD043188,CUST03929,P019,Vacuum Cleaner,Home,Hyderabad,Online,UPI,2,9757.46,0.05,19514.92,18539.17,0,3119.92,2024,4,April,Thursday,19514.92,18539.174
2024-04-04,ORD038349,CUST00856,P018,Jacket,Fashion,Kolkata,Online,Credit Card,1,5266.67,0.1,5266.67,4740.0,0,975.57,2024,4,April,Thursday,5266.67,4740.003000000001
2024-04-04,ORD021620,CUST00333,P014,Keyboard,Electronics,Surat,Online,UPI,1,2532.65,0.1,2532.65,2279.39,0,234.64,2024,4,April,Thursday,2532.65,2279.385
2024-04-04,ORD022080,CUST00983,P014,Keyboard,Electronics,Delhi,Store,Credit Card,1,2658.56,0.1,2658.56,2392.7,1,-119.64,2024,4,April,Thursday,2658.56,2392.704
2024-04-04,ORD043307,CUST02710,P007,Backpack,Accessories,Bengaluru,Store,UPI,1,2287.52,0.05,2287.52,2173.14,0,600.09,2024,4,April,Thursday,2287.52,2173.144
2024-04-04,ORD033500,CUST04476,P017,Jeans,Fashion,Surat,Store,Debit Card,1,2599.86,0.0,2599.86,2599.86,0,464.89,2024,4,April,Thursday,2599.86,2599.86
2024-04-04,ORD047251,CUST01337,P015,Dining Table,Furniture,Kolkata,Online,Credit Card,2,23757.46,0.0,47514.92,47514.92,0,11717.34,2024,4,April,Thursday,47514.92,47514.92
2024-04-04,ORD000880,CUST02777,P018,Jacket,Fashion,Ahmedabad,Store,UPI,2,5587.36,0.15,11174.72,9498.51,0,650.05,2024,4,April,Thursday,11174.72,9498.511999999999
2024-04-04,ORD049234,CUST01687,P020,Microwave,Home,Delhi,Store,UPI,3,12011.16,0.1,36033.48,32430.13,0,8318.24,2024,4,April,Thursday,36033.479999999996,32430.132000000005
2024-04-04,ORD043271,CUST03796,P012,Air Fryer,Home,Ahmedabad,Online,UPI,1,6966.68,0.05,6966.68,6618.35,0,1031.45,2024,4,April,Thursday,6966.68,6618.346
2024-04-04,ORD036911,CUST01917,P005,Office Chair,Furniture,Chennai,Store,Debit Card,2,9193.74,0.15,18387.48,15629.36,0,1913.56,2024,4,April,Thursday,18387.48,15629.357999999998
2024-04-04,ORD003080,CUST00989,P018,Jacket,Fashion,Chennai,Store,Debit Card,1,4925.14,0.0,4925.14,4925.14,0,702.16,2024,4,April,Thursday,4925.14,4925.14
2024-04-04,ORD005687,CUST02530,P020,Microwave,Home,Surat,Store,UPI,1,10542.46,0.05,10542.46,10015.34,0,2333.37,2024,4,April,Thursday,10542.46,10015.337
2024-04-04,ORD003579,CUST01715,P003,Headphones,Electronics,Mumbai,Online,UPI,1,4466.23,0.2,4466.23,3572.98,0,153.2,2024,4,April,Thursday,4466.23,3572.984
2024-04-04,ORD040302,CUST01407,P019,Vacuum Cleaner,Home,Hyderabad,Online,Credit Card,1,8280.66,0.15,8280.66,7038.56,0,1193.59,2024,4,April,Thursday,8280.66,7038.561
2024-04-04,ORD033925,CUST02993,P010,Coffee Maker,Home,Ahmedabad,Online,Credit Card,5,5611.76,0.0,28058.8,28058.8,0,2874.28,2024,4,April,Thursday,28058.800000000003,28058.8
2024-04-04,ORD001064,CUST04002,P016,Sofa,Furniture,Mumbai,Online,UPI,1,36742.42,0.05,36742.42,34905.3,0,3998.15,2024,4,April,Thursday,36742.42,34905.299
2024-04-04,ORD031616,CUST01922,P018,Jacket,Fashion,Hyderabad,Online,UPI,1,5713.43,0.2,5713.43,4570.74,0,452.49,2024,4,April,Thursday,5713.43,4570.744000000001
2024-04-04,ORD033600,CUST00204,P017,Jeans,Fashion,Chennai,Online,Credit Card,1,2559.03,0.1,2559.03,2303.13,0,620.71,2024,4,April,Thursday,2559.03,2303.1270000000004
2024-04-04,ORD019354,CUST02881,P015,Dining Table,Furniture,Surat,Store,UPI,3,20293.14,0.0,60879.42,60879.42,0,8942.7,2024,4,April,Thursday,60879.42,60879.42
2024-04-04,ORD003961,CUST01414,P018,Jacket,Fashion,Surat,Online,UPI,1,5417.34,0.15,5417.34,4604.74,0,1130.06,2024,4,April,Thursday,5417.34,4604.739
2024-04-04,ORD036716,CUST03119,P020,Microwave,Home,Surat,Online,Credit Card,1,10312.82,0.1,10312.82,9281.54,0,1012.0,2024,4,April,Thursday,10312.82,9281.538
2024-04-04,ORD040740,CUST02235,P011,Mixer Grinder,Home,Jaipur,Store,Credit Card,1,4934.78,0.2,4934.78,3947.82,0,936.14,2024,4,April,Thursday,4934.78,3947.824
2024-04-04,ORD049128,CUST00462,P015,Dining Table,Furniture,Mumbai,Online,Credit Card,1,22797.24,0.1,22797.24,20517.52,0,3838.67,2024,4,April,Thursday,22797.24,20517.516000000003
2024-04-04,ORD026979,CUST02234,P014,Keyboard,Electronics,Bengaluru,Online,Net Banking,1,2439.74,0.05,2439.74,2317.75,0,505.36,2024,4,April,Thursday,2439.74,2317.7529999999997
2024-04-04,ORD040884,CUST04647,P010,Coffee Maker,Home,Bengaluru,Online,Credit Card,3,4973.5,0.1,14920.5,13428.45,0,1004.83,2024,4,April,Thursday,14920.5,13428.45
2024-04-04,ORD033889,CUST02311,P006,Desk,Furniture,Pune,Online,Cash,1,12589.89,0.05,12589.89,11960.4,0,2967.25,2024,4,April,Thursday,12589.89,11960.395499999999
2024-04-04,ORD041654,CUST03076,P018,Jacket,Fashion,Hyderabad,Online,UPI,1,4687.05,0.1,4687.05,4218.34,0,762.3,2024,4,April,Thursday,4687.05,4218.345
2024-04-04,ORD036529,CUST00062,P018,Jacket,Fashion,Ahmedabad,Store,Net Banking,2,5638.36,0.0,11276.72,11276.72,0,1202.95,2024,4,April,Thursday,11276.72,11276.72
2024-04-04,ORD031282,CUST01514,P006,Desk,Furniture,Pune,Online,Debit Card,5,10842.54,0.05,54212.7,51502.06,0,7685.78,2024,4,April,Thursday,54212.700000000004,51502.064999999995
2024-04-04,ORD027673,CUST03938,P002,Smartphone,Electronics,Mumbai,Online,UPI,3,27195.05,0.2,81585.15,65268.12,0,15452.35,2024,4,April,Thursday,81585.15,65268.119999999995
2024-04-04,ORD023220,CUST00312,P008,Running Shoes,Fashion,Hyderabad,Online,UPI,1,4486.77,0.0,4486.77,4486.77,0,1327.36,2024,4,April,Thursday,4486.77,4486.77
2024-04-04,ORD037499,CUST04291,P020,Microwave,Home,Ahmedabad,Online,Credit Card,1,10912.04,0.0,10912.04,10912.04,0,3133.65,2024,4,April,Thursday,10912.04,10912.04
2024-04-04,ORD003209,CUST03994,P013,Monitor,Electronics,Jaipur,Store,UPI,1,16862.07,0.05,16862.07,16018.97,0,1853.66,2024,4,April,Thursday,16862.07,16018.966499999999
2024-04-04,ORD026986,CUST04728,P003,Headphones,Electronics,Kolkata,Online,Debit Card,1,4498.49,0.1,4498.49,4048.64,0,879.52,2024,4,April,Thursday,4498.49,4048.641
2024-04-04,ORD012458,CUST02958,P013,Monitor,Electronics,Jaipur,Online,Credit Card,2,17717.83,0.05,35435.66,33663.88,0,3375.87,2024,4,April,Thursday,35435.66,33663.877
2024-04-04,ORD000806,CUST01246,P002,Smartphone,Electronics,Chennai,Online,Debit Card,1,29586.42,0.05,29586.42,28107.1,1,-1405.36,2024,4,April,Thursday,29586.42,28107.099
2024-04-04,ORD036257,CUST03498,P015,Dining Table,Furniture,Jaipur,Online,UPI,1,21992.71,0.15,21992.71,18693.8,0,1663.27,2024,4,April,Thursday,21992.71,18693.803499999998
2024-04-04,ORD027534,CUST04753,P006,Desk,Furniture,Ahmedabad,Store,Credit Card,5,11709.99,0.15,58549.95,49767.46,0,7255.32,2024,4,April,Thursday,58549.95,49767.4575
2024-04-04,ORD042247,CUST00396,P015,Dining Table,Furniture,Ahmedabad,Online,Cash,2,23128.64,0.2,46257.28,37005.82,0,3754.53,2024,4,April,Thursday,46257.28,37005.824
2024-04-04,ORD042135,CUST03989,P015,Dining Table,Furniture,Surat,Online,UPI,1,20413.9,0.15,20413.9,17351.82,0,956.09,2024,4,April,Thursday,20413.9,17351.815000000002
2024-04-04,ORD022454,CUST02666,P005,Office Chair,Furniture,Bengaluru,Store,Credit Card,2,8558.41,0.0,17116.82,17116.82,0,1609.69,2024,4,April,Thursday,17116.82,17116.82
2024-04-04,ORD010333,CUST04307,P006,Desk,Furniture,Jaipur,Store,Credit Card,4,11781.86,0.25,47127.44,35345.58,0,1763.87,2024,4,April,Thursday,47127.44,35345.58
2024-04-04,ORD039727,CUST04372,P004,Smartwatch,Electronics,Kolkata,Online,Credit Card,4,7200.67,0.1,28802.68,25922.41,0,1719.87,2024,4,April,Thursday,28802.68,25922.412
2024-04-04,ORD018504,CUST02207,P003,Headphones,Electronics,Pune,Store,Debit Card,2,4736.23,0.1,9472.46,8525.21,0,1548.61,2024,4,April,Thursday,9472.46,8525.214
2024-04-04,ORD020636,CUST01989,P020,Microwave,Home,Hyderabad,Store,Credit Card,2,11090.08,0.0,22180.16,22180.16,0,3617.17,2024,4,April,Thursday,22180.16,22180.16
2024-04-04,ORD039687,CUST01007,P018,Jacket,Fashion,Pune,Store,UPI,1,5107.23,0.1,5107.23,4596.51,0,679.1,2024,4,April,Thursday,5107.23,4596.507
2024-04-04,ORD040513,CUST02006,P009,T-Shirt,Fashion,Kolkata,Online,Credit Card,5,1308.73,0.1,6543.65,5889.28,0,789.1,2024,4,April,Thursday,6543.65,5889.285
2024-04-04,ORD044362,CUST00795,P007,Backpack,Accessories,Mumbai,Online,Debit Card,1,2409.85,0.05,2409.85,2289.36,0,425.72,2024,4,April,Thursday,2409.85,2289.3574999999996
2024-04-04,ORD028220,CUST01605,P016,Sofa,Furniture,Delhi,Store,UPI,1,38018.83,0.05,38018.83,36117.89,0,9503.13,2024,4,April,Thursday,38018.83,36117.8885
2024-04-04,ORD045324,CUST04451,P020,Microwave,Home,Surat,Online,Credit Card,2,10644.4,0.2,21288.8,17031.04,0,1993.06,2024,4,April,Thursday,21288.8,17031.04
2024-04-04,ORD024068,CUST02167,P001,Laptop,Electronics,Jaipur,Store,Credit Card,1,70049.41,0.15,70049.41,59542.0,0,5062.06,2024,4,April,Thursday,70049.41,59541.9985
2024-04-04,ORD045543,CUST04729,P005,Office Chair,Furniture,Ahmedabad,Online,UPI,1,10269.42,0.0,10269.42,10269.42,0,1454.59,2024,4,April,Thursday,10269.42,10269.42
2024-04-04,ORD045222,CUST00525,P010,Coffee Maker,Home,Jaipur,Store,Credit Card,3,5909.74,0.05,17729.22,16842.76,0,1819.13,2024,4,April,Thursday,17729.22,16842.759000000002
2024-04-04,ORD002040,CUST04491,P010,Coffee Maker,Home,Delhi,Online,Credit Card,1,5580.24,0.05,5580.24,5301.23,0,1149.33,2024,4,April,Thursday,5580.24,5301.227999999999
2024-04-04,ORD009004,CUST04012,P016,Sofa,Furniture,Bengaluru,Store,Credit Card,1,32265.9,0.2,32265.9,25812.72,0,4470.62,2024,4,April,Thursday,32265.9,25812.72
2024-04-04,ORD045162,CUST03777,P016,Sofa,Furniture,Jaipur,Online,Credit Card,5,35457.05,0.1,177285.25,159556.72,0,27332.23,2024,4,April,Thursday,177285.25,159556.725
2024-04-04,ORD006315,CUST03308,P012,Air Fryer,Home,Delhi,Store,Credit Card,1,6734.32,0.05,6734.32,6397.6,0,893.32,2024,4,April,Thursday,6734.32,6397.603999999999
2024-04-04,ORD014571,CUST04643,P007,Backpack,Accessories,Jaipur,Online,Credit Card,1,2257.72,0.0,2257.72,2257.72,0,546.08,2024,4,April,Thursday,2257.72,2257.72
2024-04-04,ORD028585,CUST03833,P010,Coffee Maker,Home,Kolkata,Online,UPI,1,5377.57,0.0,5377.57,5377.57,0,940.64,2024,4,April,Thursday,5377.57,5377.57
2024-04-04,ORD010751,CUST03032,P005,Office Chair,Furniture,Hyderabad,Online,Debit Card,1,9231.24,0.1,9231.24,8308.12,0,1422.64,2024,4,April,Thursday,9231.24,8308.116
2024-04-04,ORD015095,CUST00985,P008,Running Shoes,Fashion,Ahmedabad,Online,Debit Card,2,4072.45,0.2,8144.9,6515.92,0,1245.96,2024,4,April,Thursday,8144.9,6515.92
2024-04-04,ORD024028,CUST00849,P018,Jacket,Fashion,Ahmedabad,Store,Credit Card,1,4743.69,0.25,4743.69,3557.77,0,709.7,2024,4,April,Thursday,4743.69,3557.7675
2024-04-04,ORD023954,CUST01883,P019,Vacuum Cleaner,Home,Delhi,Online,Cash,5,9586.69,0.05,47933.45,45536.78,0,3977.15,2024,4,April,Thursday,47933.450000000004,45536.7775
2024-04-04,ORD030070,CUST04829,P010,Coffee Maker,Home,Delhi,Online,Debit Card,1,5160.32,0.1,5160.32,4644.29,0,323.36,2024,4,April,Thursday,5160.32,4644.288
2024-04-04,ORD002462,CUST01779,P002,Smartphone,Electronics,Delhi,Store,UPI,1,28185.26,0.0,28185.26,28185.26,1,-1409.26,2024,4,April,Thursday,28185.26,28185.26
2024-04-04,ORD029890,CUST02013,P001,Laptop,Electronics,Mumbai,Online,Cash,1,61835.68,0.05,61835.68,58743.9,0,15615.67,2024,4,April,Thursday,61835.68,58743.896
2024-04-04,ORD035421,CUST04383,P013,Monitor,Electronics,Jaipur,Online,UPI,3,16307.08,0.1,48921.24,44029.12,0,6414.65,2024,4,April,Thursday,48921.24,44029.116
2024-04-04,ORD000078,CUST02675,P015,Dining Table,Furniture,Mumbai,Online,Debit Card,2,20808.71,0.0,41617.42,41617.42,0,9921.93,2024,4,April,Thursday,41617.42,41617.42
2024-04-05,ORD018400,CUST02224,P013,Monitor,Electronics,Ahmedabad,Online,Credit Card,2,16593.29,0.0,33186.58,33186.58,0,3622.74,2024,4,April,Friday,33186.58,33186.58
2024-04-05,ORD002385,CUST02075,P012,Air Fryer,Home,Pune,Online,Credit Card,1,7154.91,0.05,7154.91,6797.16,0,1870.91,2024,4,April,Friday,7154.91,6797.1645
2024-04-05,ORD040957,CUST01001,P009,T-Shirt,Fashion,Hyderabad,Store,UPI,1,1313.22,0.0,1313.22,1313.22,0,158.72,2024,4,April,Friday,1313.22,1313.22
2024-04-05,ORD023383,CUST03222,P003,Headphones,Electronics,Surat,Store,Credit Card,1,4867.49,0.05,4867.49,4624.12,0,1201.1,2024,4,April,Friday,4867.49,4624.1155
2024-04-05,ORD015763,CUST02576,P019,Vacuum Cleaner,Home,Chennai,Store,Credit Card,1,8199.83,0.1,8199.83,7379.85,1,-368.99,2024,4,April,Friday,8199.83,7379.847
2024-04-05,ORD015808,CUST03426,P009,T-Shirt,Fashion,Delhi,Online,Credit Card,1,1181.09,0.05,1181.09,1122.04,0,135.57,2024,4,April,Friday,1181.09,1122.0355
2024-04-05,ORD048113,CUST04030,P005,Office Chair,Furniture,Chennai,Store,Credit Card,1,10090.8,0.2,10090.8,8072.64,0,1297.34,2024,4,April,Friday,10090.8,8072.639999999999
2024-04-05,ORD022897,CUST00407,P019,Vacuum Cleaner,Home,Surat,Online,Credit Card,1,9477.08,0.1,9477.08,8529.37,0,1035.5,2024,4,April,Friday,9477.08,8529.372
2024-04-05,ORD041322,CUST02694,P013,Monitor,Electronics,Delhi,Store,UPI,1,18576.86,0.2,18576.86,14861.49,0,1126.48,2024,4,April,Friday,18576.86,14861.488000000001
2024-04-05,ORD028516,CUST01045,P007,Backpack,Accessories,Ahmedabad,Online,Debit Card,1,2365.69,0.05,2365.69,2247.41,0,438.66,2024,4,April,Friday,2365.69,2247.4055
2024-04-05,ORD008179,CUST03243,P001,Laptop,Electronics,Surat,Online,Credit Card,1,65482.67,0.25,65482.67,49112.0,0,4807.22,2024,4,April,Friday,65482.67,49112.0025
2024-04-05,ORD042571,CUST04975,P002,Smartphone,Electronics,Bengaluru,Online,Debit Card,1,25696.17,0.15,25696.17,21841.74,0,1717.73,2024,4,April,Friday,25696.17,21841.744499999997
2024-04-05,ORD046654,CUST02183,P014,Keyboard,Electronics,Kolkata,Store,UPI,1,2420.06,0.05,2420.06,2299.06,0,301.44,2024,4,April,Friday,2420.06,2299.057
2024-04-05,ORD042248,CUST04880,P005,Office Chair,Furniture,Jaipur,Online,Credit Card,1,8608.51,0.15,8608.51,7317.23,0,1804.22,2024,4,April,Friday,8608.51,7317.2335
2024-04-05,ORD015925,CUST04944,P018,Jacket,Fashion,Kolkata,Online,Credit Card,2,5013.27,0.2,10026.54,8021.23,0,1614.24,2024,4,April,Friday,10026.54,8021.232000000001
2024-04-05,ORD025275,CUST02331,P008,Running Shoes,Fashion,Jaipur,Online,UPI,2,4506.78,0.05,9013.56,8562.88,0,973.66,2024,4,April,Friday,9013.56,8562.882
2024-04-05,ORD030997,CUST01770,P015,Dining Table,Furniture,Hyderabad,Store,Debit Card,2,20507.36,0.1,41014.72,36913.25,1,-1845.66,2024,4,April,Friday,41014.72,36913.248
2024-04-05,ORD036512,CUST03234,P013,Monitor,Electronics,Pune,Online,Credit Card,1,17732.1,0.2,17732.1,14185.68,0,1753.57,2024,4,April,Friday,17732.1,14185.68
2024-04-05,ORD014224,CUST01914,P005,Office Chair,Furniture,Ahmedabad,Store,Credit Card,2,10243.99,0.2,20487.98,16390.38,0,1596.54,2024,4,April,Friday,20487.98,16390.384000000002
2024-04-05,ORD013343,CUST00372,P015,Dining Table,Furniture,Pune,Online,Credit Card,4,22605.88,0.2,90423.52,72338.82,0,9233.47,2024,4,April,Friday,90423.52,72338.816
2024-04-05,ORD031486,CUST00384,P019,Vacuum Cleaner,Home,Ahmedabad,Online,Net Banking,4,8545.07,0.1,34180.28,30762.25,0,5109.11,2024,4,April,Friday,34180.28,30762.252
2024-04-05,ORD008613,CUST00947,P019,Vacuum Cleaner,Home,Mumbai,Store,UPI,1,8890.95,0.0,8890.95,8890.95,0,1013.71,2024,4,April,Friday,8890.95,8890.95
2024-04-05,ORD016876,CUST00454,P019,Vacuum Cleaner,Home,Surat,Online,Credit Card,2,9044.07,0.15,18088.14,15374.92,0,1042.53,2024,4,April,Friday,18088.14,15374.919
2024-04-05,ORD007700,CUST04106,P015,Dining Table,Furniture,Jaipur,Store,Net Banking,1,20870.51,0.15,20870.51,17739.93,0,3538.01,2024,4,April,Friday,20870.51,17739.9335
2024-04-05,ORD046393,CUST03409,P003,Headphones,Electronics,Delhi,Online,UPI,3,4277.96,0.0,12833.88,12833.88,0,2575.0,2024,4,April,Friday,12833.880000000001,12833.88
2024-04-05,ORD010206,CUST03260,P020,Microwave,Home,Mumbai,Store,Debit Card,1,10330.79,0.1,10330.79,9297.71,0,1129.88,2024,4,April,Friday,10330.79,9297.711000000001
2024-04-05,ORD026102,CUST02020,P003,Headphones,Electronics,Ahmedabad,Online,Debit Card,1,4050.57,0.15,4050.57,3442.98,0,872.35,2024,4,April,Friday,4050.57,3442.9845
2024-04-05,ORD021414,CUST04774,P009,T-Shirt,Fashion,Pune,Online,Debit Card,1,1136.91,0.1,1136.91,1023.22,0,238.51,2024,4,April,Friday,1136.91,1023.219
2024-04-05,ORD014742,CUST00770,P016,Sofa,Furniture,Hyderabad,Online,Debit Card,1,32798.85,0.1,32798.85,29518.96,0,5128.92,2024,4,April,Friday,32798.85,29518.965
2024-04-05,ORD048778,CUST02483,P008,Running Shoes,Fashion,Bengaluru,Online,UPI,1,3989.63,0.0,3989.63,3989.63,0,1016.77,2024,4,April,Friday,3989.63,3989.63
2024-04-05,ORD026167,CUST04423,P008,Running Shoes,Fashion,Kolkata,Store,Credit Card,3,4603.44,0.25,13810.32,10357.74,0,1186.48,2024,4,April,Friday,13810.32,10357.74
2024-04-05,ORD025707,CUST00316,P001,Laptop,Electronics,Mumbai,Store,Debit Card,1,69807.97,0.1,69807.97,62827.17,0,3959.91,2024,4,April,Friday,69807.97,62827.173
2024-04-05,ORD000706,CUST00774,P003,Headphones,Electronics,Delhi,Online,Debit Card,2,4564.46,0.1,9128.92,8216.03,0,1620.79,2024,4,April,Friday,9128.92,8216.028
2024-04-05,ORD015020,CUST00766,P012,Air Fryer,Home,Ahmedabad,Store,UPI,5,7146.49,0.1,35732.45,32159.2,0,7609.62,2024,4,April,Friday,35732.45,32159.204999999998
2024-04-05,ORD004639,CUST00602,P014,Keyboard,Electronics,Chennai,Online,UPI,1,2423.24,0.05,2423.24,2302.08,0,395.86,2024,4,April,Friday,2423.24,2302.0779999999995
2024-04-05,ORD032636,CUST01353,P020,Microwave,Home,Pune,Store,Net Banking,1,9940.62,0.15,9940.62,8449.53,0,1712.32,2024,4,April,Friday,9940.62,8449.527
2024-04-05,ORD008817,CUST03041,P018,Jacket,Fashion,Ahmedabad,Online,UPI,1,5276.28,0.1,5276.28,4748.65,0,358.1,2024,4,April,Friday,5276.28,4748.652
2024-04-05,ORD035039,CUST02798,P010,Coffee Maker,Home,Bengaluru,Store,UPI,1,5418.52,0.05,5418.52,5147.59,0,362.46,2024,4,April,Friday,5418.52,5147.594
2024-04-05,ORD001722,CUST03758,P020,Microwave,Home,Surat,Online,UPI,1,10600.69,0.0,10600.69,10600.69,0,3055.74,2024,4,April,Friday,10600.69,10600.69
2024-04-05,ORD020559,CUST00666,P009,T-Shirt,Fashion,Bengaluru,Online,Credit Card,3,1209.98,0.25,3629.94,2722.46,0,120.37,2024,4,April,Friday,3629.94,2722.455
2024-04-05,ORD022459,CUST01101,P019,Vacuum Cleaner,Home,Hyderabad,Online,Net Banking,2,9532.9,0.0,19065.8,19065.8,0,4780.6,2024,4,April,Friday,19065.8,19065.8
2024-04-05,ORD039811,CUST04155,P005,Office Chair,Furniture,Delhi,Store,UPI,1,9689.85,0.1,9689.85,8720.86,0,747.52,2024,4,April,Friday,9689.85,8720.865
2024-04-05,ORD037361,CUST03664,P007,Backpack,Accessories,Bengaluru,Online,Debit Card,3,2319.89,0.0,6959.67,6959.67,0,1675.47,2024,4,April,Friday,6959.67,6959.67
2024-04-05,ORD009010,CUST03536,P013,Monitor,Electronics,Ahmedabad,Store,UPI,2,17629.31,0.0,35258.62,35258.62,0,4036.18,2024,4,April,Friday,35258.62,35258.62
2024-04-05,ORD047164,CUST01565,P016,Sofa,Furniture,Jaipur,Store,UPI,5,35531.63,0.05,177658.15,168775.24,0,21434.57,2024,4,April,Friday,177658.15,168775.2425
2024-04-05,ORD040057,CUST04560,P004,Smartwatch,Electronics,Delhi,Online,Credit Card,3,6844.52,0.0,20533.56,20533.56,0,3507.22,2024,4,April,Friday,20533.56,20533.56
2024-04-05,ORD020029,CUST04429,P013,Monitor,Electronics,Mumbai,Store,Net Banking,1,18166.27,0.2,18166.27,14533.02,0,3458.47,2024,4,April,Friday,18166.27,14533.016000000001
2024-04-05,ORD026783,CUST04754,P020,Microwave,Home,Pune,Online,Net Banking,4,11473.67,0.05,45894.68,43599.95,0,11135.44,2024,4,April,Friday,45894.68,43599.945999999996
2024-04-05,ORD034706,CUST01944,P017,Jeans,Fashion,Jaipur,Online,Debit Card,2,3076.51,0.1,6153.02,5537.72,0,772.19,2024,4,April,Friday,6153.02,5537.718000000001
2024-04-05,ORD000852,CUST00989,P001,Laptop,Electronics,Jaipur,Store,UPI,3,71318.88,0.1,213956.64,192560.98,0,46889.47,2024,4,April,Friday,213956.64,192560.97600000002
2024-04-05,ORD027856,CUST02444,P019,Vacuum Cleaner,Home,Bengaluru,Store,UPI,1,9847.58,0.1,9847.58,8862.82,1,-443.14,2024,4,April,Friday,9847.58,8862.822
2024-04-05,ORD012850,CUST00587,P016,Sofa,Furniture,Mumbai,Online,UPI,1,36650.11,0.15,36650.11,31152.59,0,5078.34,2024,4,April,Friday,36650.11,31152.5935
2024-04-05,ORD019902,CUST02057,P018,Jacket,Fashion,Pune,Store,UPI,4,5143.49,0.15,20573.96,17487.87,0,3144.41,2024,4,April,Friday,20573.96,17487.865999999998
2024-04-05,ORD031677,CUST02402,P005,Office Chair,Furniture,Pune,Store,UPI,4,10324.04,0.1,41296.16,37166.54,0,7107.67,2024,4,April,Friday,41296.16,37166.544
2024-04-05,ORD011175,CUST03036,P020,Microwave,Home,Mumbai,Store,UPI,4,11358.75,0.05,45435.0,43163.25,0,10777.65,2024,4,April,Friday,45435.0,43163.25
2024-04-05,ORD002570,CUST04124,P012,Air Fryer,Home,Hyderabad,Online,Credit Card,1,7462.49,0.05,7462.49,7089.37,0,1482.82,2024,4,April,Friday,7462.49,7089.3655
2024-04-05,ORD013931,CUST04514,P003,Headphones,Electronics,Pune,Online,UPI,1,4857.17,0.05,4857.17,4614.31,0,1260.94,2024,4,April,Friday,4857.17,4614.3115
2024-04-05,ORD008400,CUST03417,P003,Headphones,Electronics,Chennai,Online,Net Banking,2,4830.31,0.15,9660.62,8211.53,0,1004.16,2024,4,April,Friday,9660.62,8211.527
2024-04-05,ORD043493,CUST02746,P018,Jacket,Fashion,Chennai,Store,Debit Card,1,5238.03,0.0,5238.03,5238.03,0,593.4,2024,4,April,Friday,5238.03,5238.03
2024-04-05,ORD024789,CUST01042,P011,Mixer Grinder,Home,Pune,Online,UPI,1,4430.34,0.1,4430.34,3987.31,0,524.57,2024,4,April,Friday,4430.34,3987.306
2024-04-05,ORD043442,CUST00060,P018,Jacket,Fashion,Surat,Store,UPI,1,5503.7,0.2,5503.7,4402.96,0,583.08,2024,4,April,Friday,5503.7,4402.96
2024-04-05,ORD017290,CUST03054,P014,Keyboard,Electronics,Pune,Online,UPI,1,2600.62,0.1,2600.62,2340.56,0,592.29,2024,4,April,Friday,2600.62,2340.558
2024-04-05,ORD043691,CUST02254,P012,Air Fryer,Home,Kolkata,Store,Debit Card,1,6606.0,0.1,6606.0,5945.4,0,448.74,2024,4,April,Friday,6606.0,5945.400000000001
2024-04-05,ORD014046,CUST01044,P017,Jeans,Fashion,Kolkata,Online,Net Banking,3,2558.74,0.0,7676.22,7676.22,0,1017.14,2024,4,April,Friday,7676.219999999999,7676.22
2024-04-05,ORD013824,CUST02749,P017,Jeans,Fashion,Pune,Online,Credit Card,2,2577.53,0.05,5155.06,4897.31,0,714.69,2024,4,April,Friday,5155.06,4897.307
2024-04-05,ORD008492,CUST00899,P017,Jeans,Fashion,Delhi,Store,UPI,1,2771.69,0.05,2771.69,2633.11,0,715.36,2024,4,April,Friday,2771.69,2633.1055
2024-04-05,ORD049756,CUST00872,P020,Microwave,Home,Jaipur,Online,Credit Card,1,11617.2,0.0,11617.2,11617.2,0,3392.93,2024,4,April,Friday,11617.2,11617.2
2024-04-05,ORD009369,CUST02113,P020,Microwave,Home,Jaipur,Online,UPI,1,10060.49,0.1,10060.49,9054.44,0,952.98,2024,4,April,Friday,10060.49,9054.441
2024-04-05,ORD006118,CUST04986,P019,Vacuum Cleaner,Home,Surat,Online,UPI,1,8406.01,0.0,8406.01,8406.01,0,1789.79,2024,4,April,Friday,8406.01,8406.01
2024-04-06,ORD022288,CUST03408,P017,Jeans,Fashion,Bengaluru,Online,UPI,1,2559.29,0.1,2559.29,2303.36,0,358.48,2024,4,April,Saturday,2559.29,2303.361
2024-04-06,ORD037310,CUST04800,P009,T-Shirt,Fashion,Bengaluru,Online,UPI,5,1280.06,0.05,6400.3,6080.28,0,757.06,2024,4,April,Saturday,6400.299999999999,6080.285
2024-04-06,ORD033434,CUST04255,P002,Smartphone,Electronics,Mumbai,Store,Debit Card,1,29018.5,0.15,29018.5,24665.72,0,4633.65,2024,4,April,Saturday,29018.5,24665.725
2024-04-06,ORD007689,CUST00750,P002,Smartphone,Electronics,Kolkata,Store,UPI,1,26148.41,0.15,26148.41,22226.15,0,3776.23,2024,4,April,Saturday,26148.41,22226.1485
2024-04-06,ORD044712,CUST01568,P001,Laptop,Electronics,Hyderabad,Store,UPI,1,68188.19,0.0,68188.19,68188.19,0,16134.7,2024,4,April,Saturday,68188.19,68188.19
2024-04-06,ORD011089,CUST02469,P016,Sofa,Furniture,Pune,Store,Cash,5,36122.12,0.05,180610.6,171580.07,0,19277.75,2024,4,April,Saturday,180610.6,171580.07
2024-04-06,ORD022893,CUST03144,P011,Mixer Grinder,Home,Bengaluru,Online,Net Banking,5,4329.64,0.15,21648.2,18400.97,0,2103.09,2024,4,April,Saturday,21648.2,18400.97
2024-04-06,ORD022597,CUST03455,P010,Coffee Maker,Home,Hyderabad,Store,Cash,1,5973.0,0.1,5973.0,5375.7,1,-268.79,2024,4,April,Saturday,5973.0,5375.7
2024-04-06,ORD000076,CUST03069,P015,Dining Table,Furniture,Delhi,Store,UPI,2,23733.13,0.1,47466.26,42719.63,0,3988.67,2024,4,April,Saturday,47466.26,42719.634000000005
2024-04-06,ORD043717,CUST04849,P011,Mixer Grinder,Home,Hyderabad,Online,UPI,1,4679.1,0.2,4679.1,3743.28,0,451.28,2024,4,April,Saturday,4679.1,3743.2800000000007
2024-04-06,ORD011758,CUST03235,P012,Air Fryer,Home,Kolkata,Store,Credit Card,1,6563.21,0.1,6563.21,5906.89,0,537.33,2024,4,April,Saturday,6563.21,5906.889
2024-04-06,ORD012591,CUST04394,P002,Smartphone,Electronics,Jaipur,Online,UPI,1,28356.22,0.1,28356.22,25520.6,0,4675.22,2024,4,April,Saturday,28356.22,25520.598
2024-04-06,ORD042373,CUST01578,P009,T-Shirt,Fashion,Kolkata,Online,Cash,2,1302.82,0.15,2605.64,2214.79,0,231.11,2024,4,April,Saturday,2605.64,2214.794
2024-04-06,ORD012361,CUST00884,P006,Desk,Furniture,Chennai,Online,UPI,1,13109.52,0.1,13109.52,11798.57,0,2635.01,2024,4,April,Saturday,13109.52,11798.568000000001
2024-04-06,ORD019392,CUST00556,P019,Vacuum Cleaner,Home,Bengaluru,Online,UPI,4,9285.86,0.05,37143.44,35286.27,0,5702.76,2024,4,April,Saturday,37143.44,35286.268000000004
2024-04-06,ORD003462,CUST00653,P010,Coffee Maker,Home,Ahmedabad,Store,Credit Card,1,5463.18,0.15,5463.18,4643.7,0,463.88,2024,4,April,Saturday,5463.18,4643.703
2024-04-06,ORD014591,CUST01483,P016,Sofa,Furniture,Delhi,Online,Debit Card,1,32673.65,0.05,32673.65,31039.97,0,4940.36,2024,4,April,Saturday,32673.65,31039.9675
2024-04-06,ORD041831,CUST03672,P014,Keyboard,Electronics,Kolkata,Online,UPI,4,2272.51,0.0,9090.04,9090.04,0,1830.7,2024,4,April,Saturday,9090.04,9090.04
2024-04-06,ORD004361,CUST02578,P007,Backpack,Accessories,Delhi,Online,Net Banking,1,2283.18,0.2,2283.18,1826.54,0,200.78,2024,4,April,Saturday,2283.18,1826.5439999999999
2024-04-06,ORD016234,CUST02680,P001,Laptop,Electronics,Bengaluru,Online,Debit Card,5,59944.04,0.15,299720.2,254762.17,0,65269.14,2024,4,April,Saturday,299720.2,254762.17
2024-04-06,ORD010880,CUST02354,P012,Air Fryer,Home,Kolkata,Online,UPI,1,6756.68,0.0,6756.68,6756.68,0,2022.51,2024,4,April,Saturday,6756.68,6756.68
2024-04-06,ORD015997,CUST04610,P003,Headphones,Electronics,Delhi,Online,UPI,1,4060.57,0.0,4060.57,4060.57,0,588.64,2024,4,April,Saturday,4060.57,4060.57
2024-04-06,ORD048566,CUST01131,P005,Office Chair,Furniture,Delhi,Store,Credit Card,1,10089.8,0.0,10089.8,10089.8,0,2000.58,2024,4,April,Saturday,10089.8,10089.8
2024-04-06,ORD010665,CUST00016,P007,Backpack,Accessories,Surat,Online,Debit Card,1,2162.17,0.1,2162.17,1945.95,0,222.1,2024,4,April,Saturday,2162.17,1945.9530000000002
2024-04-06,ORD008287,CUST03882,P010,Coffee Maker,Home,Bengaluru,Online,Credit Card,1,5755.55,0.1,5755.55,5180.0,0,504.14,2024,4,April,Saturday,5755.55,5179.995
2024-04-06,ORD026477,CUST03778,P005,Office Chair,Furniture,Delhi,Online,UPI,1,9516.12,0.15,9516.12,8088.7,0,1714.72,2024,4,April,Saturday,9516.12,8088.702
2024-04-06,ORD042014,CUST03309,P005,Office Chair,Furniture,Kolkata,Store,Debit Card,3,9935.13,0.1,29805.39,26824.85,0,4273.33,2024,4,April,Saturday,29805.39,26824.851
2024-04-06,ORD023043,CUST03459,P019,Vacuum Cleaner,Home,Kolkata,Store,UPI,1,8445.53,0.05,8445.53,8023.25,0,1031.81,2024,4,April,Saturday,8445.53,8023.2535
2024-04-06,ORD024176,CUST02713,P015,Dining Table,Furniture,Mumbai,Online,UPI,3,23217.95,0.05,69653.85,66171.16,0,5045.62,2024,4,April,Saturday,69653.85,66171.1575
2024-04-06,ORD024726,CUST00215,P007,Backpack,Accessories,Ahmedabad,Online,Credit Card,3,2187.02,0.0,6561.06,6561.06,0,1304.04,2024,4,April,Saturday,6561.0599999999995,6561.06
2024-04-06,ORD006773,CUST00304,P020,Microwave,Home,Ahmedabad,Store,UPI,1,10372.57,0.05,10372.57,9853.94,1,-492.7,2024,4,April,Saturday,10372.57,9853.941499999999
2024-04-06,ORD025813,CUST01793,P004,Smartwatch,Electronics,Pune,Online,UPI,2,7256.7,0.0,14513.4,14513.4,0,3652.87,2024,4,April,Saturday,14513.4,14513.4
2024-04-06,ORD015214,CUST03544,P018,Jacket,Fashion,Hyderabad,Store,UPI,2,5056.7,0.0,10113.4,10113.4,1,-505.67,2024,4,April,Saturday,10113.4,10113.4
2024-04-06,ORD005361,CUST04510,P013,Monitor,Electronics,Ahmedabad,Online,Debit Card,1,17106.47,0.05,17106.47,16251.15,0,4109.43,2024,4,April,Saturday,17106.47,16251.1465
2024-04-06,ORD033458,CUST04874,P016,Sofa,Furniture,Surat,Online,Net Banking,1,33841.43,0.05,33841.43,32149.36,0,5349.74,2024,4,April,Saturday,33841.43,32149.3585
2024-04-06,ORD006887,CUST01167,P003,Headphones,Electronics,Chennai,Store,Debit Card,1,4898.82,0.15,4898.82,4164.0,0,560.23,2024,4,April,Saturday,4898.82,4163.996999999999
2024-04-06,ORD042505,CUST02030,P010,Coffee Maker,Home,Surat,Online,Credit Card,2,6002.04,0.1,12004.08,10803.67,0,2420.78,2024,4,April,Saturday,12004.08,10803.672
2024-04-06,ORD009822,CUST01757,P002,Smartphone,Electronics,Surat,Online,Credit Card,2,26644.26,0.1,53288.52,47959.67,0,6017.81,2024,4,April,Saturday,53288.52,47959.668
2024-04-06,ORD002946,CUST02427,P004,Smartwatch,Electronics,Surat,Store,Cash,3,6503.78,0.05,19511.34,18535.77,0,2932.25,2024,4,April,Saturday,19511.34,18535.773
2024-04-06,ORD036099,CUST04310,P011,Mixer Grinder,Home,Bengaluru,Store,Cash,1,5140.38,0.05,5140.38,4883.36,0,1214.01,2024,4,April,Saturday,5140.38,4883.361
2024-04-06,ORD009450,CUST01200,P018,Jacket,Fashion,Hyderabad,Online,Debit Card,1,5654.21,0.1,5654.21,5088.79,1,-254.44,2024,4,April,Saturday,5654.21,5088.789
2024-04-06,ORD024522,CUST01509,P016,Sofa,Furniture,Mumbai,Online,UPI,3,37048.35,0.1,111145.05,100030.54,0,19767.82,2024,4,April,Saturday,111145.04999999999,100030.545
2024-04-06,ORD044578,CUST02502,P009,T-Shirt,Fashion,Bengaluru,Online,Cash,1,1167.57,0.0,1167.57,1167.57,0,234.05,2024,4,April,Saturday,1167.57,1167.57
2024-04-06,ORD029531,CUST02769,P011,Mixer Grinder,Home,Delhi,Store,Debit Card,1,4415.87,0.25,4415.87,3311.9,0,177.67,2024,4,April,Saturday,4415.87,3311.9025
2024-04-06,ORD045338,CUST03602,P017,Jeans,Fashion,Delhi,Store,UPI,2,2940.56,0.1,5881.12,5293.01,0,614.65,2024,4,April,Saturday,5881.12,5293.008
2024-04-06,ORD042985,CUST01857,P014,Keyboard,Electronics,Surat,Online,Debit Card,1,2386.83,0.1,2386.83,2148.15,0,344.66,2024,4,April,Saturday,2386.83,2148.147
2024-04-06,ORD043715,CUST02798,P014,Keyboard,Electronics,Hyderabad,Online,Cash,2,2541.4,0.1,5082.8,4574.52,0,467.4,2024,4,April,Saturday,5082.8,4574.52
2024-04-06,ORD017230,CUST04020,P008,Running Shoes,Fashion,Delhi,Online,Net Banking,1,4464.4,0.1,4464.4,4017.96,1,-200.9,2024,4,April,Saturday,4464.4,4017.9599999999996
2024-04-06,ORD040886,CUST03599,P016,Sofa,Furniture,Delhi,Online,UPI,1,33698.59,0.0,33698.59,33698.59,0,5246.78,2024,4,April,Saturday,33698.59,33698.59
2024-04-06,ORD022044,CUST00591,P010,Coffee Maker,Home,Chennai,Online,UPI,2,5594.23,0.05,11188.46,10629.04,0,1106.82,2024,4,April,Saturday,11188.46,10629.036999999998
2024-04-06,ORD023356,CUST03217,P015,Dining Table,Furniture,Bengaluru,Online,UPI,1,22073.85,0.1,22073.85,19866.46,1,-993.32,2024,4,April,Saturday,22073.85,19866.465
2024-04-06,ORD007168,CUST02466,P013,Monitor,Electronics,Delhi,Online,Credit Card,1,16287.79,0.0,16287.79,16287.79,1,-814.39,2024,4,April,Saturday,16287.79,16287.79
2024-04-06,ORD038280,CUST00998,P019,Vacuum Cleaner,Home,Ahmedabad,Store,UPI,1,9306.13,0.15,9306.13,7910.21,0,837.68,2024,4,April,Saturday,9306.13,7910.210499999999
2024-04-06,ORD043160,CUST04428,P002,Smartphone,Electronics,Ahmedabad,Store,UPI,1,27132.37,0.0,27132.37,27132.37,0,6397.8,2024,4,April,Saturday,27132.37,27132.37
2024-04-06,ORD019570,CUST03310,P008,Running Shoes,Fashion,Bengaluru,Online,UPI,1,3927.94,0.15,3927.94,3338.75,0,518.15,2024,4,April,Saturday,3927.94,3338.749
2024-04-06,ORD005080,CUST01704,P011,Mixer Grinder,Home,Delhi,Online,UPI,1,4516.01,0.2,4516.01,3612.81,1,-180.64,2024,4,April,Saturday,4516.01,3612.8080000000004
2024-04-06,ORD049853,CUST02728,P011,Mixer Grinder,Home,Kolkata,Store,Cash,1,5210.15,0.1,5210.15,4689.14,0,677.35,2024,4,April,Saturday,5210.15,4689.135
2024-04-06,ORD037035,CUST04532,P005,Office Chair,Furniture,Jaipur,Online,Net Banking,1,9813.31,0.15,9813.31,8341.31,1,-417.07,2024,4,April,Saturday,9813.31,8341.3135
2024-04-06,ORD000467,CUST00513,P002,Smartphone,Electronics,Kolkata,Online,UPI,1,25578.59,0.0,25578.59,25578.59,0,7272.96,2024,4,April,Saturday,25578.59,25578.59
2024-04-06,ORD001427,CUST04645,P017,Jeans,Fashion,Kolkata,Online,UPI,1,2750.66,0.0,2750.66,2750.66,0,465.27,2024,4,April,Saturday,2750.66,2750.66
2024-04-06,ORD027732,CUST04224,P011,Mixer Grinder,Home,Delhi,Store,UPI,1,5052.27,0.0,5052.27,5052.27,0,693.71,2024,4,April,Saturday,5052.27,5052.27
2024-04-06,ORD001758,CUST00819,P009,T-Shirt,Fashion,Hyderabad,Store,Net Banking,2,1242.42,0.05,2484.84,2360.6,0,224.8,2024,4,April,Saturday,2484.84,2360.598
2024-04-06,ORD021465,CUST02748,P019,Vacuum Cleaner,Home,Chennai,Online,Credit Card,1,9872.09,0.2,9872.09,7897.67,0,1386.19,2024,4,April,Saturday,9872.09,7897.6720000000005
2024-04-06,ORD007244,CUST04469,P005,Office Chair,Furniture,Surat,Store,Credit Card,5,10246.22,0.0,51231.1,51231.1,0,13317.21,2024,4,April,Saturday,51231.1,51231.1
2024-04-06,ORD006561,CUST01006,P018,Jacket,Fashion,Pune,Store,Cash,3,5229.3,0.0,15687.9,15687.9,0,1372.54,2024,4,April,Saturday,15687.900000000001,15687.9
2024-04-06,ORD001513,CUST00108,P010,Coffee Maker,Home,Chennai,Store,Credit Card,1,5960.01,0.1,5960.01,5364.01,0,1224.83,2024,4,April,Saturday,5960.01,5364.009
2024-04-06,ORD036853,CUST01152,P016,Sofa,Furniture,Ahmedabad,Store,Cash,1,33000.26,0.1,33000.26,29700.23,0,5266.88,2024,4,April,Saturday,33000.26,29700.234000000004
2024-04-06,ORD003019,CUST04168,P012,Air Fryer,Home,Ahmedabad,Store,Credit Card,1,6540.73,0.0,6540.73,6540.73,0,1736.99,2024,4,April,Saturday,6540.73,6540.73
2024-04-06,ORD021484,CUST04769,P019,Vacuum Cleaner,Home,Mumbai,Online,Credit Card,2,8515.76,0.05,17031.52,16179.94,0,4645.42,2024,4,April,Saturday,17031.52,16179.944
2024-04-06,ORD019844,CUST00846,P008,Running Shoes,Fashion,Ahmedabad,Online,UPI,1,4539.87,0.0,4539.87,4539.87,0,1292.28,2024,4,April,Saturday,4539.87,4539.87
2024-04-06,ORD030721,CUST01787,P011,Mixer Grinder,Home,Bengaluru,Online,Credit Card,3,5095.07,0.05,15285.21,14520.95,0,3989.95,2024,4,April,Saturday,15285.21,14520.949499999999
2024-04-06,ORD025734,CUST03722,P015,Dining Table,Furniture,Surat,Online,UPI,1,20002.67,0.15,20002.67,17002.27,0,1004.19,2024,4,April,Saturday,20002.67,17002.2695
2024-04-07,ORD002094,CUST02158,P012,Air Fryer,Home,Chennai,Store,Credit Card,2,7473.28,0.05,14946.56,14199.23,0,1947.06,2024,4,April,Sunday,14946.56,14199.231999999998
2024-04-07,ORD040262,CUST03828,P009,T-Shirt,Fashion,Delhi,Store,Debit Card,1,1303.16,0.1,1303.16,1172.84,0,245.9,2024,4,April,Sunday,1303.16,1172.844
2024-04-07,ORD033746,CUST02679,P002,Smartphone,Electronics,Chennai,Online,Credit Card,1,28138.9,0.0,28138.9,28138.9,0,3390.88,2024,4,April,Sunday,28138.9,28138.9
2024-04-07,ORD022481,CUST01359,P001,Laptop,Electronics,Hyderabad,Online,UPI,3,67514.64,0.1,202543.92,182289.53,0,39957.17,2024,4,April,Sunday,202543.91999999998,182289.52800000002
2024-04-07,ORD004291,CUST01973,P006,Desk,Furniture,Mumbai,Store,Debit Card,1,11108.97,0.15,11108.97,9442.62,0,1112.58,2024,4,April,Sunday,11108.97,9442.6245
2024-04-07,ORD040484,CUST02815,P016,Sofa,Furniture,Chennai,Online,UPI,2,32731.25,0.15,65462.5,55643.12,0,3291.71,2024,4,April,Sunday,65462.5,55643.125
2024-04-07,ORD049420,CUST03017,P004,Smartwatch,Electronics,Chennai,Online,UPI,2,7137.52,0.2,14275.04,11420.03,0,1632.24,2024,4,April,Sunday,14275.04,11420.032000000001
2024-04-07,ORD017240,CUST03154,P006,Desk,Furniture,Surat,Online,Cash,1,13055.1,0.0,13055.1,13055.1,1,-652.76,2024,4,April,Sunday,13055.1,13055.1
2024-04-07,ORD019679,CUST03149,P017,Jeans,Fashion,Delhi,Online,UPI,1,2943.92,0.25,2943.92,2207.94,0,527.34,2024,4,April,Sunday,2943.92,2207.94
2024-04-07,ORD006160,CUST02832,P012,Air Fryer,Home,Jaipur,Store,Credit Card,1,6973.37,0.0,6973.37,6973.37,0,1448.85,2024,4,April,Sunday,6973.37,6973.37
2024-04-07,ORD022948,CUST04289,P013,Monitor,Electronics,Chennai,Online,Cash,3,18961.0,0.0,56883.0,56883.0,0,9468.04,2024,4,April,Sunday,56883.0,56883.0
2024-04-07,ORD019640,CUST02642,P008,Running Shoes,Fashion,Bengaluru,Store,Credit Card,1,3936.1,0.05,3936.1,3739.29,1,-186.96,2024,4,April,Sunday,3936.1,3739.2949999999996
2024-04-07,ORD028199,CUST03778,P014,Keyboard,Electronics,Chennai,Online,Credit Card,1,2357.02,0.15,2357.02,2003.47,0,346.71,2024,4,April,Sunday,2357.02,2003.4669999999999
2024-04-07,ORD005436,CUST04332,P011,Mixer Grinder,Home,Mumbai,Store,UPI,1,5227.29,0.05,5227.29,4965.93,0,921.14,2024,4,April,Sunday,5227.29,4965.925499999999
2024-04-07,ORD027040,CUST01660,P020,Microwave,Home,Ahmedabad,Online,UPI,1,11713.62,0.0,11713.62,11713.62,0,1526.52,2024,4,April,Sunday,11713.62,11713.62
2024-04-07,ORD012481,CUST00506,P019,Vacuum Cleaner,Home,Delhi,Online,Credit Card,1,8171.25,0.0,8171.25,8171.25,0,2012.35,2024,4,April,Sunday,8171.25,8171.25
2024-04-07,ORD014305,CUST04302,P006,Desk,Furniture,Delhi,Online,UPI,2,12211.71,0.05,24423.42,23202.25,0,3966.66,2024,4,April,Sunday,24423.42,23202.248999999996
2024-04-07,ORD033805,CUST02460,P005,Office Chair,Furniture,Delhi,Online,UPI,1,8822.91,0.1,8822.91,7940.62,0,1850.09,2024,4,April,Sunday,8822.91,7940.619
2024-04-07,ORD037085,CUST01043,P015,Dining Table,Furniture,Jaipur,Online,UPI,2,22954.62,0.2,45909.24,36727.39,0,8411.37,2024,4,April,Sunday,45909.24,36727.392
2024-04-07,ORD015606,CUST01237,P011,Mixer Grinder,Home,Chennai,Store,Net Banking,1,4544.61,0.05,4544.61,4317.38,0,1196.31,2024,4,April,Sunday,4544.61,4317.379499999999
2024-04-07,ORD005644,CUST00816,P014,Keyboard,Electronics,Jaipur,Online,UPI,1,2287.18,0.1,2287.18,2058.46,0,226.77,2024,4,April,Sunday,2287.18,2058.462
2024-04-07,ORD026717,CUST01389,P012,Air Fryer,Home,Jaipur,Online,Cash,5,7094.99,0.1,35474.95,31927.46,0,5160.79,2024,4,April,Sunday,35474.95,31927.454999999998
2024-04-07,ORD008349,CUST02742,P018,Jacket,Fashion,Bengaluru,Online,Cash,3,4935.38,0.05,14806.14,14065.83,1,-703.29,2024,4,April,Sunday,14806.14,14065.832999999999
2024-04-07,ORD019783,CUST04036,P002,Smartphone,Electronics,Ahmedabad,Store,Credit Card,1,29199.59,0.0,29199.59,29199.59,0,8526.2,2024,4,April,Sunday,29199.59,29199.59
2024-04-07,ORD027102,CUST03747,P015,Dining Table,Furniture,Hyderabad,Online,Debit Card,2,20844.06,0.15,41688.12,35434.9,0,9005.23,2024,4,April,Sunday,41688.12,35434.902
2024-04-07,ORD002736,CUST03198,P019,Vacuum Cleaner,Home,Surat,Online,UPI,1,9160.17,0.25,9160.17,6870.13,0,821.77,2024,4,April,Sunday,9160.17,6870.1275000000005
2024-04-07,ORD037206,CUST00251,P011,Mixer Grinder,Home,Bengaluru,Online,Net Banking,1,4440.03,0.1,4440.03,3996.03,0,793.99,2024,4,April,Sunday,4440.03,3996.027
2024-04-07,ORD048689,CUST01796,P020,Microwave,Home,Mumbai,Store,Net Banking,1,10604.48,0.1,10604.48,9544.03,0,2035.32,2024,4,April,Sunday,10604.48,9544.032
2024-04-07,ORD036545,CUST01804,P004,Smartwatch,Electronics,Mumbai,Store,UPI,1,6664.42,0.1,6664.42,5997.98,0,832.39,2024,4,April,Sunday,6664.42,5997.978
2024-04-07,ORD013850,CUST01498,P016,Sofa,Furniture,Hyderabad,Online,Net Banking,1,37887.62,0.15,37887.62,32204.48,1,-1610.22,2024,4,April,Sunday,37887.62,32204.477000000003
2024-04-07,ORD020360,CUST00893,P016,Sofa,Furniture,Jaipur,Online,UPI,1,32680.47,0.2,32680.47,26144.38,0,2839.77,2024,4,April,Sunday,32680.47,26144.376000000004
2024-04-07,ORD009747,CUST00904,P019,Vacuum Cleaner,Home,Kolkata,Online,Debit Card,3,9219.85,0.2,27659.55,22127.64,0,1517.08,2024,4,April,Sunday,27659.550000000003,22127.64
2024-04-07,ORD000463,CUST01106,P020,Microwave,Home,Hyderabad,Online,UPI,1,10712.1,0.25,10712.1,8034.08,0,849.2,2024,4,April,Sunday,10712.1,8034.075000000001
2024-04-07,ORD015432,CUST00669,P015,Dining Table,Furniture,Jaipur,Store,UPI,5,22925.8,0.2,114629.0,91703.2,0,14209.34,2024,4,April,Sunday,114629.0,91703.20000000001
2024-04-07,ORD049924,CUST00567,P017,Jeans,Fashion,Delhi,Store,UPI,1,2790.4,0.15,2790.4,2371.84,0,402.06,2024,4,April,Sunday,2790.4,2371.84
2024-04-07,ORD015586,CUST03212,P010,Coffee Maker,Home,Hyderabad,Online,Debit Card,5,5325.86,0.1,26629.3,23966.37,0,4304.63,2024,4,April,Sunday,26629.3,23966.37
2024-04-07,ORD032287,CUST02747,P008,Running Shoes,Fashion,Mumbai,Online,Credit Card,1,3859.34,0.15,3859.34,3280.44,0,382.0,2024,4,April,Sunday,3859.34,3280.439
2024-04-07,ORD040908,CUST03410,P006,Desk,Furniture,Ahmedabad,Online,Debit Card,1,12989.89,0.1,12989.89,11690.9,0,963.91,2024,4,April,Sunday,12989.89,11690.901
2024-04-07,ORD019447,CUST01013,P009,T-Shirt,Fashion,Ahmedabad,Online,Credit Card,1,1278.81,0.05,1278.81,1214.87,0,141.61,2024,4,April,Sunday,1278.81,1214.8694999999998
2024-04-07,ORD027435,CUST04574,P011,Mixer Grinder,Home,Ahmedabad,Store,Credit Card,1,5049.4,0.1,5049.4,4544.46,0,860.22,2024,4,April,Sunday,5049.4,4544.46
2024-04-07,ORD044841,CUST04886,P010,Coffee Maker,Home,Ahmedabad,Online,UPI,1,5120.25,0.05,5120.25,4864.24,0,1096.98,2024,4,April,Sunday,5120.25,4864.2375
2024-04-07,ORD016381,CUST02564,P003,Headphones,Electronics,Hyderabad,Store,Credit Card,2,4864.35,0.0,9728.7,9728.7,0,876.56,2024,4,April,Sunday,9728.7,9728.7
2024-04-07,ORD013438,CUST02626,P010,Coffee Maker,Home,Hyderabad,Store,Debit Card,1,5673.92,0.05,5673.92,5390.22,0,841.24,2024,4,April,Sunday,5673.92,5390.224
2024-04-07,ORD021037,CUST03399,P012,Air Fryer,Home,Jaipur,Online,Credit Card,1,6511.05,0.05,6511.05,6185.5,0,493.86,2024,4,April,Sunday,6511.05,6185.4974999999995
2024-04-07,ORD042400,CUST03608,P004,Smartwatch,Electronics,Kolkata,Store,UPI,3,7487.73,0.05,22463.19,21340.03,0,2094.37,2024,4,April,Sunday,22463.19,21340.030499999997
2024-04-07,ORD029797,CUST04451,P011,Mixer Grinder,Home,Ahmedabad,Online,Credit Card,3,4798.69,0.0,14396.07,14396.07,0,3056.26,2024,4,April,Sunday,14396.07,14396.07
2024-04-07,ORD029325,CUST03031,P010,Coffee Maker,Home,Ahmedabad,Online,Cash,3,5687.31,0.2,17061.93,13649.54,0,1016.25,2024,4,April,Sunday,17061.93,13649.544000000002
2024-04-07,ORD023745,CUST01231,P012,Air Fryer,Home,Chennai,Online,Debit Card,1,6661.52,0.0,6661.52,6661.52,0,1915.45,2024,4,April,Sunday,6661.52,6661.52
2024-04-07,ORD044640,CUST04007,P014,Keyboard,Electronics,Bengaluru,Online,UPI,1,2415.48,0.1,2415.48,2173.93,0,411.8,2024,4,April,Sunday,2415.48,2173.9320000000002
2024-04-07,ORD033401,CUST00931,P017,Jeans,Fashion,Bengaluru,Online,UPI,1,2820.5,0.0,2820.5,2820.5,0,452.27,2024,4,April,Sunday,2820.5,2820.5
2024-04-07,ORD038829,CUST00821,P018,Jacket,Fashion,Jaipur,Online,Net Banking,1,5518.13,0.1,5518.13,4966.32,0,558.44,2024,4,April,Sunday,5518.13,4966.317
2024-04-07,ORD014735,CUST03752,P013,Monitor,Electronics,Pune,Online,Debit Card,1,18172.0,0.05,18172.0,17263.4,0,2810.53,2024,4,April,Sunday,18172.0,17263.399999999998
2024-04-07,ORD047296,CUST03554,P007,Backpack,Accessories,Hyderabad,Online,UPI,1,2168.7,0.2,2168.7,1734.96,0,174.51,2024,4,April,Sunday,2168.7,1734.96
2024-04-07,ORD044611,CUST03585,P004,Smartwatch,Electronics,Bengaluru,Online,UPI,1,7574.86,0.1,7574.86,6817.37,0,723.1,2024,4,April,Sunday,7574.86,6817.374
2024-04-07,ORD036165,CUST03037,P009,T-Shirt,Fashion,Jaipur,Online,Debit Card,1,1105.51,0.15,1105.51,939.68,0,222.33,2024,4,April,Sunday,1105.51,939.6835
2024-04-07,ORD023173,CUST01137,P005,Office Chair,Furniture,Hyderabad,Store,Cash,1,9533.79,0.15,9533.79,8103.72,0,1819.05,2024,4,April,Sunday,9533.79,8103.721500000001
2024-04-07,ORD044591,CUST01165,P017,Jeans,Fashion,Hyderabad,Store,Credit Card,3,2722.13,0.1,8166.39,7349.75,0,1222.29,2024,4,April,Sunday,8166.39,7349.751
2024-04-07,ORD049247,CUST00160,P009,T-Shirt,Fashion,Jaipur,Store,Credit Card,3,1308.63,0.1,3925.89,3533.3,0,312.77,2024,4,April,Sunday,3925.8900000000003,3533.301
2024-04-07,ORD017789,CUST02183,P011,Mixer Grinder,Home,Bengaluru,Store,UPI,1,4873.61,0.2,4873.61,3898.89,0,193.33,2024,4,April,Sunday,4873.61,3898.888
2024-04-07,ORD002973,CUST04031,P009,T-Shirt,Fashion,Hyderabad,Online,Credit Card,1,1091.54,0.05,1091.54,1036.96,0,267.45,2024,4,April,Sunday,1091.54,1036.963
2024-04-07,ORD034902,CUST03350,P017,Jeans,Fashion,Kolkata,Store,UPI,2,2876.39,0.05,5752.78,5465.14,0,487.05,2024,4,April,Sunday,5752.78,5465.141
2024-04-07,ORD021698,CUST03508,P007,Backpack,Accessories,Pune,Online,Cash,1,2185.19,0.05,2185.19,2075.93,0,528.34,2024,4,April,Sunday,2185.19,2075.9305
2024-04-07,ORD002931,CUST04727,P009,T-Shirt,Fashion,Bengaluru,Online,Net Banking,1,1289.7,0.0,1289.7,1289.7,0,326.01,2024,4,April,Sunday,1289.7,1289.7
2024-04-07,ORD017599,CUST02302,P003,Headphones,Electronics,Jaipur,Online,Credit Card,2,4248.5,0.1,8497.0,7647.3,0,1841.83,2024,4,April,Sunday,8497.0,7647.3
2024-04-07,ORD030437,CUST04814,P017,Jeans,Fashion,Chennai,Store,Credit Card,1,2608.18,0.0,2608.18,2608.18,0,303.5,2024,4,April,Sunday,2608.18,2608.18
2024-04-07,ORD009420,CUST01054,P019,Vacuum Cleaner,Home,Hyderabad,Online,UPI,3,8689.09,0.1,26067.27,23460.54,0,1787.35,2024,4,April,Sunday,26067.27,23460.543
2024-04-07,ORD028998,CUST02551,P013,Monitor,Electronics,Mumbai,Online,UPI,1,16831.24,0.05,16831.24,15989.68,0,2067.08,2024,4,April,Sunday,16831.24,15989.678
2024-04-07,ORD047394,CUST04800,P013,Monitor,Electronics,Chennai,Online,Net Banking,2,17411.38,0.1,34822.76,31340.48,0,8301.8,2024,4,April,Sunday,34822.76,31340.484000000004
2024-04-07,ORD044376,CUST01658,P015,Dining Table,Furniture,Surat,Store,Credit Card,2,21988.82,0.1,43977.64,39579.88,0,4867.91,2024,4,April,Sunday,43977.64,39579.876000000004
2024-04-07,ORD017484,CUST03597,P020,Microwave,Home,Delhi,Store,Cash,1,11587.04,0.05,11587.04,11007.69,0,2530.16,2024,4,April,Sunday,11587.04,11007.688
2024-04-07,ORD021970,CUST03242,P010,Coffee Maker,Home,Delhi,Online,UPI,1,5946.89,0.15,5946.89,5054.86,0,1292.04,2024,4,April,Sunday,5946.89,5054.8565
2024-04-07,ORD038534,CUST02107,P014,Keyboard,Electronics,Chennai,Store,Credit Card,2,2335.95,0.15,4671.9,3971.12,0,941.12,2024,4,April,Sunday,4671.9,3971.115
2024-04-07,ORD001505,CUST03961,P011,Mixer Grinder,Home,Kolkata,Online,Credit Card,1,4320.53,0.0,4320.53,4320.53,0,689.87,2024,4,April,Sunday,4320.53,4320.53
2024-04-07,ORD042433,CUST00970,P009,T-Shirt,Fashion,Delhi,Online,UPI,1,1189.31,0.0,1189.31,1189.31,0,117.29,2024,4,April,Sunday,1189.31,1189.31
2024-04-07,ORD031788,CUST00272,P018,Jacket,Fashion,Bengaluru,Online,UPI,1,4995.59,0.2,4995.59,3996.47,1,-199.82,2024,4,April,Sunday,4995.59,3996.472
2024-04-07,ORD048303,CUST04316,P013,Monitor,Electronics,Kolkata,Online,Cash,3,19682.45,0.15,59047.35,50190.25,0,12368.07,2024,4,April,Sunday,59047.350000000006,50190.2475
2024-04-07,ORD007408,CUST04421,P009,T-Shirt,Fashion,Jaipur,Online,Cash,1,1313.73,0.25,1313.73,985.3,0,148.78,2024,4,April,Sunday,1313.73,985.2975
2024-04-07,ORD028871,CUST01435,P020,Microwave,Home,Jaipur,Online,Credit Card,1,11029.04,0.1,11029.04,9926.14,0,2365.08,2024,4,April,Sunday,11029.04,9926.136
2024-04-07,ORD031166,CUST03620,P002,Smartphone,Electronics,Jaipur,Online,UPI,1,27037.18,0.0,27037.18,27037.18,0,4790.36,2024,4,April,Sunday,27037.18,27037.18
2024-04-07,ORD031173,CUST00064,P009,T-Shirt,Fashion,Hyderabad,Online,UPI,5,1097.32,0.1,5486.6,4937.94,0,676.49,2024,4,April,Sunday,5486.599999999999,4937.9400000000005
2024-04-07,ORD028097,CUST02518,P020,Microwave,Home,Pune,Online,Credit Card,2,9914.32,0.1,19828.64,17845.78,0,2631.41,2024,4,April,Sunday,19828.64,17845.776
2024-04-07,ORD006164,CUST00173,P002,Smartphone,Electronics,Jaipur,Online,Debit Card,3,28157.45,0.0,84472.35,84472.35,0,23852.79,2024,4,April,Sunday,84472.35,84472.35
2024-04-07,ORD017022,CUST00309,P010,Coffee Maker,Home,Pune,Online,Debit Card,1,5320.42,0.15,5320.42,4522.36,0,567.69,2024,4,April,Sunday,5320.42,4522.357
2024-04-07,ORD018623,CUST03826,P013,Monitor,Electronics,Surat,Online,Debit Card,1,19645.41,0.0,19645.41,19645.41,0,3212.35,2024,4,April,Sunday,19645.41,19645.41
2024-04-07,ORD014211,CUST01149,P015,Dining Table,Furniture,Jaipur,Store,UPI,2,23192.78,0.05,46385.56,44066.28,0,9663.28,2024,4,April,Sunday,46385.56,44066.282
2024-04-07,ORD009971,CUST00653,P016,Sofa,Furniture,Ahmedabad,Store,Credit Card,2,36172.95,0.1,72345.9,65111.31,0,12877.01,2024,4,April,Sunday,72345.9,65111.31
2024-04-07,ORD025635,CUST02903,P007,Backpack,Accessories,Pune,Store,Debit Card,1,2255.78,0.1,2255.78,2030.2,0,423.48,2024,4,April,Sunday,2255.78,2030.2020000000002
2024-04-07,ORD013243,CUST00210,P005,Office Chair,Furniture,Hyderabad,Online,Cash,1,9119.39,0.05,9119.39,8663.42,0,738.21,2024,4,April,Sunday,9119.39,8663.420499999998
2024-04-07,ORD028436,CUST00491,P009,T-Shirt,Fashion,Ahmedabad,Store,Credit Card,1,1153.53,0.05,1153.53,1095.85,0,225.1,2024,4,April,Sunday,1153.53,1095.8535
2024-04-07,ORD003237,CUST01043,P003,Headphones,Electronics,Bengaluru,Online,Debit Card,1,4050.09,0.15,4050.09,3442.58,0,212.64,2024,4,April,Sunday,4050.09,3442.5765
2024-04-07,ORD037661,CUST03667,P008,Running Shoes,Fashion,Ahmedabad,Online,UPI,2,3962.88,0.0,7925.76,7925.76,0,2076.26,2024,4,April,Sunday,7925.76,7925.76
2024-04-07,ORD036269,CUST01990,P005,Office Chair,Furniture,Hyderabad,Online,Credit Card,1,10198.04,0.1,10198.04,9178.24,1,-458.91,2024,4,April,Sunday,10198.04,9178.236
2024-04-07,ORD031264,CUST01587,P014,Keyboard,Electronics,Pune,Online,Credit Card,3,2598.51,0.05,7795.53,7405.75,0,1243.46,2024,4,April,Sunday,7795.530000000001,7405.7535
2024-04-07,ORD034022,CUST00818,P010,Coffee Maker,Home,Kolkata,Online,Credit Card,4,5291.51,0.0,21166.04,21166.04,0,5321.49,2024,4,April,Sunday,21166.04,21166.04
2024-04-07,ORD024243,CUST00232,P007,Backpack,Accessories,Mumbai,Online,Credit Card,1,2173.43,0.1,2173.43,1956.09,0,172.4,2024,4,April,Sunday,2173.43,1956.087
2024-04-08,ORD038384,CUST01839,P016,Sofa,Furniture,Ahmedabad,Online,UPI,1,32679.01,0.2,32679.01,26143.21,0,3965.86,2024,4,April,Monday,32679.01,26143.208
2024-04-08,ORD001734,CUST03461,P012,Air Fryer,Home,Hyderabad,Store,Credit Card,1,7528.18,0.0,7528.18,7528.18,1,-376.41,2024,4,April,Monday,7528.18,7528.18
2024-04-08,ORD000672,CUST02171,P016,Sofa,Furniture,Ahmedabad,Store,Credit Card,1,32190.8,0.0,32190.8,32190.8,0,7021.78,2024,4,April,Monday,32190.8,32190.8
2024-04-08,ORD011982,CUST04641,P008,Running Shoes,Fashion,Delhi,Online,Debit Card,1,4389.14,0.15,4389.14,3730.77,0,866.5,2024,4,April,Monday,4389.14,3730.7690000000002
2024-04-08,ORD029496,CUST02701,P009,T-Shirt,Fashion,Kolkata,Store,Cash,5,1197.2,0.15,5986.0,5088.1,0,778.69,2024,4,April,Monday,5986.0,5088.099999999999
2024-04-08,ORD046350,CUST04336,P018,Jacket,Fashion,Chennai,Online,Debit Card,2,4822.46,0.1,9644.92,8680.43,0,1530.83,2024,4,April,Monday,9644.92,8680.428
2024-04-08,ORD024621,CUST02910,P019,Vacuum Cleaner,Home,Ahmedabad,Online,Cash,5,8812.61,0.1,44063.05,39656.75,0,5676.06,2024,4,April,Monday,44063.05,39656.745
2024-04-08,ORD048172,CUST04346,P001,Laptop,Electronics,Ahmedabad,Online,UPI,1,63903.97,0.1,63903.97,57513.57,0,10890.37,2024,4,April,Monday,63903.97,57513.573000000004
2024-04-08,ORD020456,CUST02416,P019,Vacuum Cleaner,Home,Surat,Store,Credit Card,1,9440.27,0.05,9440.27,8968.26,0,1717.46,2024,4,April,Monday,9440.27,8968.2565
2024-04-08,ORD031807,CUST01827,P008,Running Shoes,Fashion,Hyderabad,Online,Credit Card,1,3930.29,0.1,3930.29,3537.26,0,291.35,2024,4,April,Monday,3930.29,3537.261
2024-04-08,ORD004188,CUST04891,P004,Smartwatch,Electronics,Chennai,Online,UPI,4,7166.9,0.0,28667.6,28667.6,0,7507.97,2024,4,April,Monday,28667.6,28667.6
2024-04-08,ORD002547,CUST02780,P007,Backpack,Accessories,Pune,Online,Debit Card,3,2292.26,0.05,6876.78,6532.94,0,1543.63,2024,4,April,Monday,6876.780000000001,6532.941
2024-04-08,ORD039166,CUST03117,P018,Jacket,Fashion,Surat,Online,UPI,1,5098.41,0.05,5098.41,4843.49,0,768.79,2024,4,April,Monday,5098.41,4843.4895
2024-04-08,ORD035732,CUST02871,P011,Mixer Grinder,Home,Jaipur,Online,UPI,1,5080.38,0.15,5080.38,4318.32,0,294.36,2024,4,April,Monday,5080.38,4318.323
2024-04-08,ORD004565,CUST01510,P006,Desk,Furniture,Bengaluru,Online,Debit Card,1,11820.21,0.0,11820.21,11820.21,0,3242.64,2024,4,April,Monday,11820.21,11820.21
2024-04-08,ORD032201,CUST02629,P010,Coffee Maker,Home,Delhi,Online,Net Banking,4,5841.9,0.05,23367.6,22199.22,0,3857.21,2024,4,April,Monday,23367.6,22199.219999999998
2024-04-08,ORD004553,CUST02460,P008,Running Shoes,Fashion,Pune,Store,Credit Card,1,3986.6,0.1,3986.6,3587.94,0,882.44,2024,4,April,Monday,3986.6,3587.94
2024-04-08,ORD039243,CUST00021,P004,Smartwatch,Electronics,Kolkata,Online,Debit Card,1,6386.05,0.1,6386.05,5747.45,0,933.47,2024,4,April,Monday,6386.05,5747.445000000001
2024-04-08,ORD001814,CUST03469,P008,Running Shoes,Fashion,Pune,Online,Cash,2,4608.32,0.1,9216.64,8294.98,0,598.76,2024,4,April,Monday,9216.64,8294.976
2024-04-08,ORD012364,CUST04784,P004,Smartwatch,Electronics,Chennai,Store,Debit Card,1,7312.86,0.0,7312.86,7312.86,0,2146.64,2024,4,April,Monday,7312.86,7312.86
2024-04-08,ORD007293,CUST01937,P003,Headphones,Electronics,Mumbai,Online,Credit Card,2,4097.0,0.1,8194.0,7374.6,0,1904.47,2024,4,April,Monday,8194.0,7374.6
2024-04-08,ORD012669,CUST01958,P014,Keyboard,Electronics,Pune,Online,Debit Card,1,2487.66,0.05,2487.66,2363.28,0,476.72,2024,4,April,Monday,2487.66,2363.2769999999996
2024-04-08,ORD032259,CUST02204,P014,Keyboard,Electronics,Surat,Store,UPI,1,2658.09,0.1,2658.09,2392.28,0,207.92,2024,4,April,Monday,2658.09,2392.2810000000004
2024-04-08,ORD038767,CUST01429,P017,Jeans,Fashion,Pune,Online,Debit Card,1,3031.3,0.2,3031.3,2425.04,0,597.01,2024,4,April,Monday,3031.3,2425.0400000000004
2024-04-08,ORD009285,CUST04545,P002,Smartphone,Electronics,Jaipur,Online,UPI,1,27658.08,0.1,27658.08,24892.27,0,6781.77,2024,4,April,Monday,27658.08,24892.272
2024-04-08,ORD009811,CUST04093,P019,Vacuum Cleaner,Home,Chennai,Store,UPI,1,8813.33,0.15,8813.33,7491.33,0,1176.66,2024,4,April,Monday,8813.33,7491.3305
2024-04-08,ORD004788,CUST00323,P017,Jeans,Fashion,Jaipur,Online,UPI,2,2982.55,0.2,5965.1,4772.08,1,-238.6,2024,4,April,Monday,5965.1,4772.080000000001
2024-04-08,ORD000568,CUST04026,P009,T-Shirt,Fashion,Chennai,Online,Cash,1,1124.02,0.05,1124.02,1067.82,0,184.46,2024,4,April,Monday,1124.02,1067.819
2024-04-08,ORD026859,CUST03243,P005,Office Chair,Furniture,Hyderabad,Store,Debit Card,1,8582.09,0.1,8582.09,7723.88,0,919.0,2024,4,April,Monday,8582.09,7723.881
2024-04-08,ORD005253,CUST02704,P013,Monitor,Electronics,Ahmedabad,Store,Credit Card,1,16269.39,0.25,16269.39,12202.04,0,1705.6,2024,4,April,Monday,16269.39,12202.0425
2024-04-08,ORD010726,CUST00479,P011,Mixer Grinder,Home,Mumbai,Online,Credit Card,2,4475.85,0.1,8951.7,8056.53,0,589.61,2024,4,April,Monday,8951.7,8056.530000000001
2024-04-08,ORD024787,CUST04653,P003,Headphones,Electronics,Chennai,Store,UPI,1,4512.85,0.0,4512.85,4512.85,0,1020.89,2024,4,April,Monday,4512.85,4512.85
2024-04-08,ORD005055,CUST01507,P009,T-Shirt,Fashion,Pune,Online,Debit Card,2,1102.6,0.2,2205.2,1764.16,1,-88.21,2024,4,April,Monday,2205.2,1764.1599999999999
2024-04-08,ORD036847,CUST04500,P012,Air Fryer,Home,Bengaluru,Online,Debit Card,1,7027.77,0.0,7027.77,7027.77,0,1343.14,2024,4,April,Monday,7027.77,7027.77
2024-04-08,ORD044633,CUST00397,P014,Keyboard,Electronics,Bengaluru,Store,UPI,1,2597.41,0.0,2597.41,2597.41,0,775.2,2024,4,April,Monday,2597.41,2597.41
2024-04-08,ORD000391,CUST01621,P014,Keyboard,Electronics,Delhi,Store,UPI,1,2258.3,0.0,2258.3,2258.3,0,479.98,2024,4,April,Monday,2258.3,2258.3
2024-04-08,ORD014064,CUST04269,P019,Vacuum Cleaner,Home,Bengaluru,Store,UPI,1,8164.3,0.05,8164.3,7756.08,0,1590.37,2024,4,April,Monday,8164.3,7756.085
2024-04-08,ORD046890,CUST01781,P006,Desk,Furniture,Chennai,Online,UPI,2,11784.85,0.0,23569.7,23569.7,1,-1178.49,2024,4,April,Monday,23569.7,23569.7
2024-04-08,ORD034152,CUST01632,P011,Mixer Grinder,Home,Surat,Online,UPI,1,4360.8,0.25,4360.8,3270.6,0,238.35,2024,4,April,Monday,4360.8,3270.6000000000004
2024-04-08,ORD029784,CUST02901,P002,Smartphone,Electronics,Ahmedabad,Store,UPI,1,29462.98,0.2,29462.98,23570.38,0,4885.18,2024,4,April,Monday,29462.98,23570.384000000002
2024-04-08,ORD035397,CUST03985,P001,Laptop,Electronics,Surat,Online,UPI,5,62178.38,0.1,310891.9,279802.71,0,53880.08,2024,4,April,Monday,310891.89999999997,279802.71
2024-04-08,ORD035807,CUST03940,P018,Jacket,Fashion,Bengaluru,Online,Credit Card,1,5553.42,0.1,5553.42,4998.08,0,1042.18,2024,4,April,Monday,5553.42,4998.078
2024-04-08,ORD014413,CUST04003,P014,Keyboard,Electronics,Pune,Online,Credit Card,2,2666.09,0.05,5332.18,5065.57,1,-253.28,2024,4,April,Monday,5332.18,5065.571
2024-04-08,ORD023132,CUST03209,P008,Running Shoes,Fashion,Chennai,Store,UPI,1,4385.13,0.15,4385.13,3727.36,0,765.52,2024,4,April,Monday,4385.13,3727.3605
2024-04-08,ORD042161,CUST00521,P007,Backpack,Accessories,Mumbai,Online,Credit Card,1,2046.67,0.0,2046.67,2046.67,0,274.51,2024,4,April,Monday,2046.67,2046.67
2024-04-08,ORD016667,CUST01718,P005,Office Chair,Furniture,Pune,Online,UPI,1,9992.27,0.05,9992.27,9492.66,0,1761.9,2024,4,April,Monday,9992.27,9492.6565
2024-04-08,ORD018735,CUST00249,P018,Jacket,Fashion,Bengaluru,Online,Debit Card,4,5223.87,0.1,20895.48,18805.93,0,1914.49,2024,4,April,Monday,20895.48,18805.932
2024-04-08,ORD003521,CUST02561,P006,Desk,Furniture,Delhi,Store,Debit Card,2,12701.36,0.0,25402.72,25402.72,0,4800.8,2024,4,April,Monday,25402.72,25402.72
2024-04-08,ORD019516,CUST02279,P014,Keyboard,Electronics,Surat,Online,Debit Card,1,2721.32,0.25,2721.32,2040.99,0,437.34,2024,4,April,Monday,2721.32,2040.9900000000002
2024-04-08,ORD030687,CUST01955,P010,Coffee Maker,Home,Mumbai,Store,Cash,2,5854.2,0.0,11708.4,11708.4,1,-585.42,2024,4,April,Monday,11708.4,11708.4
2024-04-08,ORD036552,CUST00388,P013,Monitor,Electronics,Delhi,Online,Debit Card,5,18163.16,0.25,90815.8,68111.85,0,12519.37,2024,4,April,Monday,90815.8,68111.85
2024-04-08,ORD001008,CUST01396,P020,Microwave,Home,Mumbai,Online,UPI,2,10343.22,0.15,20686.44,17583.47,0,2895.63,2024,4,April,Monday,20686.44,17583.474
2024-04-08,ORD036097,CUST03350,P004,Smartwatch,Electronics,Hyderabad,Store,UPI,1,7188.65,0.1,7188.65,6469.78,0,1491.86,2024,4,April,Monday,7188.65,6469.785
2024-04-08,ORD027882,CUST03540,P009,T-Shirt,Fashion,Pune,Online,UPI,3,1156.58,0.1,3469.74,3122.77,0,556.79,2024,4,April,Monday,3469.74,3122.766
2024-04-08,ORD043342,CUST00670,P016,Sofa,Furniture,Ahmedabad,Online,Credit Card,2,35868.4,0.1,71736.8,64563.12,0,4758.67,2024,4,April,Monday,71736.8,64563.12
2024-04-08,ORD019581,CUST00481,P019,Vacuum Cleaner,Home,Surat,Online,UPI,1,9195.65,0.0,9195.65,9195.65,0,869.1,2024,4,April,Monday,9195.65,9195.65
2024-04-08,ORD043035,CUST03308,P009,T-Shirt,Fashion,Jaipur,Online,UPI,1,1305.26,0.05,1305.26,1240.0,0,129.11,2024,4,April,Monday,1305.26,1239.9969999999998
2024-04-08,ORD002902,CUST02727,P012,Air Fryer,Home,Bengaluru,Online,Credit Card,1,7606.6,0.1,7606.6,6845.94,0,1633.71,2024,4,April,Monday,7606.6,6845.9400000000005
2024-04-08,ORD031767,CUST02852,P005,Office Chair,Furniture,Bengaluru,Online,Credit Card,2,9376.79,0.05,18753.58,17815.9,0,2980.96,2024,4,April,Monday,18753.58,17815.901
2024-04-09,ORD037948,CUST01526,P012,Air Fryer,Home,Delhi,Store,UPI,1,7729.75,0.1,7729.75,6956.78,0,560.21,2024,4,April,Tuesday,7729.75,6956.775000000001
2024-04-09,ORD000263,CUST02079,P014,Keyboard,Electronics,Bengaluru,Online,Credit Card,2,2679.48,0.0,5358.96,5358.96,0,1079.59,2024,4,April,Tuesday,5358.96,5358.96
2024-04-09,ORD014665,CUST01782,P020,Microwave,Home,Surat,Online,UPI,1,10423.14,0.0,10423.14,10423.14,0,1912.94,2024,4,April,Tuesday,10423.14,10423.14
2024-04-09,ORD001536,CUST04241,P005,Office Chair,Furniture,Surat,Online,Credit Card,2,10419.01,0.2,20838.02,16670.42,0,2338.3,2024,4,April,Tuesday,20838.02,16670.416
2024-04-09,ORD027874,CUST02464,P010,Coffee Maker,Home,Hyderabad,Online,Cash,2,5290.17,0.1,10580.34,9522.31,0,2532.77,2024,4,April,Tuesday,10580.34,9522.306
2024-04-09,ORD012384,CUST03646,P012,Air Fryer,Home,Surat,Online,UPI,1,6523.75,0.1,6523.75,5871.38,0,924.51,2024,4,April,Tuesday,6523.75,5871.375
2024-04-09,ORD032481,CUST02654,P016,Sofa,Furniture,Delhi,Online,UPI,3,32961.11,0.0,98883.33,98883.33,0,11626.49,2024,4,April,Tuesday,98883.33,98883.33
2024-04-09,ORD001372,CUST02192,P007,Backpack,Accessories,Jaipur,Store,UPI,2,2364.12,0.05,4728.24,4491.83,0,926.81,2024,4,April,Tuesday,4728.24,4491.8279999999995
2024-04-09,ORD036332,CUST03685,P005,Office Chair,Furniture,Hyderabad,Online,UPI,1,9807.52,0.1,9807.52,8826.77,0,2380.93,2024,4,April,Tuesday,9807.52,8826.768
2024-04-09,ORD014611,CUST03137,P015,Dining Table,Furniture,Pune,Online,UPI,2,23860.24,0.1,47720.48,42948.43,0,5349.21,2024,4,April,Tuesday,47720.48,42948.432
2024-04-09,ORD013203,CUST04544,P019,Vacuum Cleaner,Home,Jaipur,Online,UPI,1,9754.66,0.15,9754.66,8291.46,0,1010.28,2024,4,April,Tuesday,9754.66,8291.461
2024-04-09,ORD046980,CUST00122,P015,Dining Table,Furniture,Hyderabad,Store,Credit Card,1,22889.87,0.1,22889.87,20600.88,0,2665.89,2024,4,April,Tuesday,22889.87,20600.882999999998
2024-04-09,ORD014795,CUST00600,P001,Laptop,Electronics,Ahmedabad,Online,Cash,1,63707.44,0.0,63707.44,63707.44,0,6756.69,2024,4,April,Tuesday,63707.44,63707.44
2024-04-09,ORD020451,CUST02746,P013,Monitor,Electronics,Hyderabad,Online,Debit Card,1,17413.82,0.05,17413.82,16543.13,0,2045.95,2024,4,April,Tuesday,17413.82,16543.128999999997
2024-04-09,ORD039825,CUST02251,P012,Air Fryer,Home,Surat,Online,Net Banking,1,7843.17,0.05,7843.17,7451.01,0,1288.39,2024,4,April,Tuesday,7843.17,7451.0115
2024-04-09,ORD037378,CUST02761,P001,Laptop,Electronics,Surat,Online,Debit Card,1,68106.51,0.15,68106.51,57890.53,0,11790.86,2024,4,April,Tuesday,68106.51,57890.53349999999
2024-04-09,ORD039890,CUST02347,P011,Mixer Grinder,Home,Delhi,Online,Credit Card,3,4954.14,0.0,14862.42,14862.42,0,3059.8,2024,4,April,Tuesday,14862.420000000002,14862.42
2024-04-09,ORD014628,CUST00053,P004,Smartwatch,Electronics,Hyderabad,Store,Debit Card,2,6450.4,0.0,12900.8,12900.8,0,1134.16,2024,4,April,Tuesday,12900.8,12900.8
2024-04-09,ORD047887,CUST00209,P013,Monitor,Electronics,Jaipur,Online,UPI,2,17811.94,0.05,35623.88,33842.69,0,9248.82,2024,4,April,Tuesday,35623.88,33842.685999999994
2024-04-09,ORD001331,CUST03812,P004,Smartwatch,Electronics,Mumbai,Online,UPI,1,6480.86,0.05,6480.86,6156.82,0,1187.16,2024,4,April,Tuesday,6480.86,6156.816999999999
2024-04-09,ORD028266,CUST00633,P014,Keyboard,Electronics,Bengaluru,Online,UPI,4,2578.73,0.05,10314.92,9799.17,0,2765.86,2024,4,April,Tuesday,10314.92,9799.173999999999
2024-04-09,ORD049664,CUST02295,P007,Backpack,Accessories,Surat,Store,Debit Card,1,2072.75,0.15,2072.75,1761.84,0,290.44,2024,4,April,Tuesday,2072.75,1761.8374999999999
2024-04-09,ORD046216,CUST03897,P007,Backpack,Accessories,Bengaluru,Store,UPI,2,2128.62,0.2,4257.24,3405.79,0,495.64,2024,4,April,Tuesday,4257.24,3405.792
2024-04-09,ORD042972,CUST03543,P008,Running Shoes,Fashion,Chennai,Store,Debit Card,1,4114.6,0.1,4114.6,3703.14,0,925.18,2024,4,April,Tuesday,4114.6,3703.1400000000003
2024-04-09,ORD018041,CUST04097,P015,Dining Table,Furniture,Delhi,Online,Debit Card,1,22480.35,0.05,22480.35,21356.33,0,2144.79,2024,4,April,Tuesday,22480.35,21356.332499999997
2024-04-09,ORD027640,CUST01792,P001,Laptop,Electronics,Mumbai,Online,Net Banking,1,65293.44,0.1,65293.44,58764.1,0,4078.91,2024,4,April,Tuesday,65293.44,58764.096000000005
2024-04-09,ORD046886,CUST00591,P001,Laptop,Electronics,Mumbai,Online,UPI,1,58575.25,0.2,58575.25,46860.2,0,9057.65,2024,4,April,Tuesday,58575.25,46860.200000000004
2024-04-09,ORD021136,CUST01289,P008,Running Shoes,Fashion,Mumbai,Store,UPI,1,4357.22,0.05,4357.22,4139.36,0,633.35,2024,4,April,Tuesday,4357.22,4139.359
2024-04-09,ORD012208,CUST03309,P017,Jeans,Fashion,Surat,Store,UPI,2,2996.68,0.1,5993.36,5394.02,0,1171.71,2024,4,April,Tuesday,5993.36,5394.023999999999
2024-04-09,ORD046480,CUST01594,P015,Dining Table,Furniture,Bengaluru,Store,Credit Card,1,20168.77,0.0,20168.77,20168.77,1,-1008.44,2024,4,April,Tuesday,20168.77,20168.77
2024-04-09,ORD021070,CUST03578,P014,Keyboard,Electronics,Bengaluru,Online,Debit Card,2,2636.47,0.05,5272.94,5009.29,0,718.35,2024,4,April,Tuesday,5272.94,5009.293
2024-04-09,ORD038992,CUST01620,P007,Backpack,Accessories,Bengaluru,Store,Credit Card,2,2007.38,0.05,4014.76,3814.02,0,820.09,2024,4,April,Tuesday,4014.76,3814.022
2024-04-09,ORD004975,CUST02653,P013,Monitor,Electronics,Bengaluru,Online,Cash,1,16527.23,0.0,16527.23,16527.23,0,4543.7,2024,4,April,Tuesday,16527.23,16527.23
2024-04-09,ORD025920,CUST01369,P019,Vacuum Cleaner,Home,Jaipur,Store,Credit Card,1,9805.17,0.05,9805.17,9314.91,0,1582.66,2024,4,April,Tuesday,9805.17,9314.9115
2024-04-09,ORD044731,CUST04773,P016,Sofa,Furniture,Mumbai,Online,Debit Card,1,34590.82,0.15,34590.82,29402.2,0,4670.5,2024,4,April,Tuesday,34590.82,29402.197
2024-04-09,ORD024471,CUST01779,P005,Office Chair,Furniture,Bengaluru,Online,UPI,2,10043.3,0.0,20086.6,20086.6,0,2687.21,2024,4,April,Tuesday,20086.6,20086.6
2024-04-09,ORD025894,CUST03228,P010,Coffee Maker,Home,Pune,Store,UPI,3,5576.33,0.1,16728.99,15056.09,0,3184.23,2024,4,April,Tuesday,16728.989999999998,15056.091000000002
2024-04-09,ORD020900,CUST03785,P016,Sofa,Furniture,Pune,Online,Credit Card,3,34847.74,0.1,104543.22,94088.9,0,11208.41,2024,4,April,Tuesday,104543.22,94088.898
2024-04-09,ORD035976,CUST00497,P014,Keyboard,Electronics,Pune,Online,Credit Card,2,2301.33,0.05,4602.66,4372.53,0,523.43,2024,4,April,Tuesday,4602.66,4372.527
2024-04-09,ORD009536,CUST00689,P006,Desk,Furniture,Ahmedabad,Online,UPI,1,11058.72,0.25,11058.72,8294.04,0,1530.44,2024,4,April,Tuesday,11058.72,8294.039999999999
2024-04-09,ORD023703,CUST00115,P005,Office Chair,Furniture,Surat,Store,Net Banking,1,9472.63,0.1,9472.63,8525.37,0,1338.22,2024,4,April,Tuesday,9472.63,8525.367
2024-04-09,ORD021043,CUST00934,P006,Desk,Furniture,Kolkata,Store,Credit Card,1,12821.78,0.05,12821.78,12180.69,0,1207.17,2024,4,April,Tuesday,12821.78,12180.691
2024-04-09,ORD045348,CUST04934,P015,Dining Table,Furniture,Chennai,Online,Net Banking,1,21535.19,0.1,21535.19,19381.67,0,2426.9,2024,4,April,Tuesday,21535.19,19381.671
2024-04-09,ORD049590,CUST03535,P003,Headphones,Electronics,Surat,Online,Credit Card,1,4501.44,0.05,4501.44,4276.37,0,1190.21,2024,4,April,Tuesday,4501.44,4276.3679999999995
2024-04-09,ORD036840,CUST04925,P006,Desk,Furniture,Hyderabad,Store,Net Banking,1,11847.24,0.05,11847.24,11254.88,0,3185.64,2024,4,April,Tuesday,11847.24,11254.877999999999
2024-04-09,ORD019495,CUST01455,P006,Desk,Furniture,Jaipur,Online,Credit Card,1,13188.07,0.0,13188.07,13188.07,0,2538.27,2024,4,April,Tuesday,13188.07,13188.07
2024-04-09,ORD032163,CUST03583,P007,Backpack,Accessories,Surat,Store,UPI,1,2065.9,0.05,2065.9,1962.6,0,484.67,2024,4,April,Tuesday,2065.9,1962.605
2024-04-09,ORD048483,CUST01854,P003,Headphones,Electronics,Bengaluru,Store,Cash,4,4078.61,0.0,16314.44,16314.44,0,4507.67,2024,4,April,Tuesday,16314.44,16314.44
2024-04-09,ORD014488,CUST00724,P004,Smartwatch,Electronics,Kolkata,Store,UPI,1,7434.44,0.2,7434.44,5947.55,0,782.41,2024,4,April,Tuesday,7434.44,5947.552
2024-04-09,ORD033815,CUST04252,P008,Running Shoes,Fashion,Pune,Online,Debit Card,1,4037.84,0.2,4037.84,3230.27,0,758.01,2024,4,April,Tuesday,4037.84,3230.2720000000004
2024-04-09,ORD034673,CUST04755,P017,Jeans,Fashion,Pune,Online,UPI,1,2691.9,0.1,2691.9,2422.71,0,197.57,2024,4,April,Tuesday,2691.9,2422.71
2024-04-09,ORD005385,CUST03155,P016,Sofa,Furniture,Jaipur,Online,Credit Card,1,36217.04,0.05,36217.04,34406.19,0,4913.41,2024,4,April,Tuesday,36217.04,34406.188
2024-04-09,ORD012851,CUST02328,P008,Running Shoes,Fashion,Mumbai,Online,UPI,5,4110.53,0.1,20552.65,18497.38,0,1117.61,2024,4,April,Tuesday,20552.649999999998,18497.385000000002
2024-04-09,ORD040125,CUST04262,P013,Monitor,Electronics,Hyderabad,Online,UPI,1,17229.0,0.1,17229.0,15506.1,1,-775.3,2024,4,April,Tuesday,17229.0,15506.1
2024-04-09,ORD000570,CUST01682,P010,Coffee Maker,Home,Jaipur,Online,UPI,1,5998.12,0.2,5998.12,4798.5,0,850.8,2024,4,April,Tuesday,5998.12,4798.496
2024-04-09,ORD046611,CUST04418,P007,Backpack,Accessories,Kolkata,Store,UPI,4,2347.59,0.1,9390.36,8451.32,0,891.75,2024,4,April,Tuesday,9390.36,8451.324
2024-04-09,ORD025456,CUST02064,P001,Laptop,Electronics,Jaipur,Online,UPI,1,67485.06,0.15,67485.06,57362.3,0,5304.32,2024,4,April,Tuesday,67485.06,57362.301
2024-04-09,ORD009828,CUST03370,P007,Backpack,Accessories,Ahmedabad,Online,Debit Card,1,2248.66,0.05,2248.66,2136.23,0,325.44,2024,4,April,Tuesday,2248.66,2136.227
2024-04-09,ORD040017,CUST04658,P009,T-Shirt,Fashion,Mumbai,Store,UPI,3,1169.13,0.2,3507.39,2805.91,0,300.87,2024,4,April,Tuesday,3507.3900000000003,2805.9120000000003
2024-04-09,ORD032096,CUST03005,P013,Monitor,Electronics,Chennai,Online,Credit Card,2,19425.62,0.0,38851.24,38851.24,0,8523.19,2024,4,April,Tuesday,38851.24,38851.24
2024-04-09,ORD040676,CUST01106,P017,Jeans,Fashion,Delhi,Online,Debit Card,1,2653.11,0.0,2653.11,2653.11,0,662.77,2024,4,April,Tuesday,2653.11,2653.11
2024-04-09,ORD033802,CUST01213,P020,Microwave,Home,Chennai,Online,Cash,1,10179.37,0.1,10179.37,9161.43,0,659.3,2024,4,April,Tuesday,10179.37,9161.433
2024-04-09,ORD019247,CUST00639,P014,Keyboard,Electronics,Chennai,Store,Debit Card,1,2414.4,0.05,2414.4,2293.68,0,170.67,2024,4,April,Tuesday,2414.4,2293.68
2024-04-09,ORD007626,CUST03616,P008,Running Shoes,Fashion,Surat,Store,Credit Card,2,3987.94,0.1,7975.88,7178.29,0,458.11,2024,4,April,Tuesday,7975.88,7178.292
2024-04-09,ORD041031,CUST00124,P005,Office Chair,Furniture,Pune,Online,UPI,2,9920.43,0.1,19840.86,17856.77,0,3420.73,2024,4,April,Tuesday,19840.86,17856.774
2024-04-09,ORD040995,CUST04063,P002,Smartphone,Electronics,Bengaluru,Online,Credit Card,2,29687.43,0.15,59374.86,50468.63,0,6876.66,2024,4,April,Tuesday,59374.86,50468.631
2024-04-09,ORD040350,CUST00869,P018,Jacket,Fashion,Bengaluru,Online,Credit Card,1,5494.16,0.15,5494.16,4670.04,1,-233.5,2024,4,April,Tuesday,5494.16,4670.036
2024-04-09,ORD002662,CUST01114,P009,T-Shirt,Fashion,Kolkata,Online,UPI,2,1137.05,0.1,2274.1,2046.69,1,-102.33,2024,4,April,Tuesday,2274.1,2046.69
2024-04-09,ORD016816,CUST01366,P007,Backpack,Accessories,Hyderabad,Online,Credit Card,2,2180.68,0.1,4361.36,3925.22,0,453.67,2024,4,April,Tuesday,4361.36,3925.2239999999997
2024-04-10,ORD037133,CUST04548,P001,Laptop,Electronics,Surat,Online,UPI,5,69497.76,0.1,347488.8,312739.92,0,77685.94,2024,4,April,Wednesday,347488.8,312739.92
2024-04-10,ORD029169,CUST02113,P011,Mixer Grinder,Home,Surat,Store,Cash,1,4616.09,0.05,4616.09,4385.29,0,534.22,2024,4,April,Wednesday,4616.09,4385.2855
2024-04-10,ORD005975,CUST00959,P009,T-Shirt,Fashion,Bengaluru,Store,Credit Card,2,1086.24,0.05,2172.48,2063.86,0,572.35,2024,4,April,Wednesday,2172.48,2063.8559999999998
2024-04-10,ORD049064,CUST04977,P002,Smartphone,Electronics,Chennai,Online,Credit Card,2,30045.54,0.05,60091.08,57086.53,0,9085.23,2024,4,April,Wednesday,60091.08,57086.526
2024-04-10,ORD012692,CUST03282,P017,Jeans,Fashion,Chennai,Online,Credit Card,1,2653.79,0.25,2653.79,1990.34,0,330.02,2024,4,April,Wednesday,2653.79,1990.3425
2024-04-10,ORD011552,CUST04868,P013,Monitor,Electronics,Kolkata,Store,Credit Card,2,16614.63,0.1,33229.26,29906.33,1,-1495.32,2024,4,April,Wednesday,33229.26,29906.334000000003
2024-04-10,ORD029437,CUST03697,P020,Microwave,Home,Hyderabad,Store,UPI,1,10095.24,0.05,10095.24,9590.48,0,1568.71,2024,4,April,Wednesday,10095.24,9590.478
2024-04-10,ORD028932,CUST00429,P015,Dining Table,Furniture,Chennai,Online,Credit Card,1,23590.58,0.05,23590.58,22411.05,0,2571.37,2024,4,April,Wednesday,23590.58,22411.051
2024-04-10,ORD046877,CUST00241,P002,Smartphone,Electronics,Ahmedabad,Online,UPI,3,26059.76,0.1,78179.28,70361.35,1,-3518.07,2024,4,April,Wednesday,78179.28,70361.352
2024-04-10,ORD024577,CUST00041,P011,Mixer Grinder,Home,Pune,Store,Debit Card,4,4636.37,0.1,18545.48,16690.93,0,1658.91,2024,4,April,Wednesday,18545.48,16690.932
2024-04-10,ORD033861,CUST01269,P012,Air Fryer,Home,Hyderabad,Store,Credit Card,4,7473.36,0.0,29893.44,29893.44,0,3624.64,2024,4,April,Wednesday,29893.44,29893.44
2024-04-10,ORD010998,CUST01084,P016,Sofa,Furniture,Surat,Online,Debit Card,3,38381.26,0.15,115143.78,97872.21,0,15711.99,2024,4,April,Wednesday,115143.78,97872.213
2024-04-10,ORD047074,CUST03635,P016,Sofa,Furniture,Delhi,Online,Credit Card,5,34148.59,0.05,170742.95,162205.8,0,45458.6,2024,4,April,Wednesday,170742.94999999998,162205.8025
2024-04-10,ORD036159,CUST00895,P007,Backpack,Accessories,Pune,Online,Debit Card,2,2022.93,0.05,4045.86,3843.57,0,969.28,2024,4,April,Wednesday,4045.86,3843.567
2024-04-10,ORD026070,CUST03456,P010,Coffee Maker,Home,Ahmedabad,Store,Credit Card,1,4973.42,0.25,4973.42,3730.06,0,175.02,2024,4,April,Wednesday,4973.42,3730.065
2024-04-10,ORD008124,CUST03860,P004,Smartwatch,Electronics,Mumbai,Online,UPI,1,6494.1,0.0,6494.1,6494.1,0,1425.19,2024,4,April,Wednesday,6494.1,6494.1
2024-04-10,ORD010233,CUST00163,P018,Jacket,Fashion,Jaipur,Store,Net Banking,1,4796.39,0.25,4796.39,3597.29,0,408.31,2024,4,April,Wednesday,4796.39,3597.2925000000005
2024-04-10,ORD011520,CUST03376,P018,Jacket,Fashion,Jaipur,Online,Net Banking,3,4909.3,0.15,14727.9,12518.72,0,1219.72,2024,4,April,Wednesday,14727.900000000001,12518.715
2024-04-10,ORD044406,CUST04240,P013,Monitor,Electronics,Bengaluru,Store,Net Banking,1,17751.29,0.1,17751.29,15976.16,1,-798.81,2024,4,April,Wednesday,17751.29,15976.161000000002
2024-04-10,ORD027864,CUST01280,P010,Coffee Maker,Home,Mumbai,Online,UPI,1,6018.32,0.1,6018.32,5416.49,0,1017.85,2024,4,April,Wednesday,6018.32,5416.488
2024-04-10,ORD046729,CUST01011,P007,Backpack,Accessories,Delhi,Online,UPI,2,2241.6,0.05,4483.2,4259.04,0,500.34,2024,4,April,Wednesday,4483.2,4259.04
2024-04-10,ORD038178,CUST03205,P017,Jeans,Fashion,Jaipur,Store,Debit Card,3,2996.55,0.0,8989.65,8989.65,1,-449.48,2024,4,April,Wednesday,8989.650000000001,8989.65
2024-04-10,ORD021997,CUST00832,P016,Sofa,Furniture,Surat,Online,Cash,1,34050.88,0.1,34050.88,30645.79,0,7067.94,2024,4,April,Wednesday,34050.88,30645.791999999998
2024-04-10,ORD010413,CUST04225,P016,Sofa,Furniture,Delhi,Store,UPI,2,33237.06,0.0,66474.12,66474.12,0,11816.63,2024,4,April,Wednesday,66474.12,66474.12
2024-04-10,ORD016541,CUST00933,P002,Smartphone,Electronics,Kolkata,Store,Net Banking,1,28064.09,0.25,28064.09,21048.07,0,841.92,2024,4,April,Wednesday,28064.09,21048.0675
2024-04-10,ORD011507,CUST02051,P006,Desk,Furniture,Bengaluru,Online,Cash,2,11162.98,0.05,22325.96,21209.66,0,1616.36,2024,4,April,Wednesday,22325.96,21209.661999999997
2024-04-10,ORD013711,CUST01337,P005,Office Chair,Furniture,Ahmedabad,Online,Cash,1,9718.02,0.0,9718.02,9718.02,0,2400.97,2024,4,April,Wednesday,9718.02,9718.02
2024-04-10,ORD036941,CUST00918,P009,T-Shirt,Fashion,Mumbai,Store,UPI,1,1267.54,0.1,1267.54,1140.79,0,317.66,2024,4,April,Wednesday,1267.54,1140.786
2024-04-10,ORD025371,CUST02762,P010,Coffee Maker,Home,Ahmedabad,Online,UPI,1,5710.1,0.2,5710.1,4568.08,0,961.69,2024,4,April,Wednesday,5710.1,4568.080000000001
2024-04-10,ORD014767,CUST02913,P010,Coffee Maker,Home,Surat,Online,Credit Card,1,5829.29,0.0,5829.29,5829.29,0,1084.95,2024,4,April,Wednesday,5829.29,5829.29
2024-04-10,ORD006901,CUST00141,P010,Coffee Maker,Home,Jaipur,Online,Net Banking,2,5534.35,0.1,11068.7,9961.83,0,1036.97,2024,4,April,Wednesday,11068.7,9961.830000000002
2024-04-10,ORD001578,CUST02079,P005,Office Chair,Furniture,Delhi,Online,UPI,2,10374.06,0.25,20748.12,15561.09,0,2950.03,2024,4,April,Wednesday,20748.12,15561.09
2024-04-10,ORD022033,CUST00640,P004,Smartwatch,Electronics,Delhi,Store,Debit Card,2,7117.91,0.05,14235.82,13524.03,0,1287.67,2024,4,April,Wednesday,14235.82,13524.028999999999
2024-04-10,ORD048104,CUST03131,P019,Vacuum Cleaner,Home,Jaipur,Store,UPI,2,9299.77,0.1,18599.54,16739.59,0,3219.08,2024,4,April,Wednesday,18599.54,16739.586000000003
2024-04-10,ORD031901,CUST04508,P006,Desk,Furniture,Kolkata,Online,UPI,2,11283.9,0.1,22567.8,20311.02,0,1624.28,2024,4,April,Wednesday,22567.8,20311.02
2024-04-10,ORD046243,CUST04782,P007,Backpack,Accessories,Pune,Online,Net Banking,1,2409.69,0.0,2409.69,2409.69,0,385.61,2024,4,April,Wednesday,2409.69,2409.69
2024-04-10,ORD049179,CUST03481,P004,Smartwatch,Electronics,Delhi,Online,Net Banking,1,6603.55,0.25,6603.55,4952.66,0,1024.72,2024,4,April,Wednesday,6603.55,4952.6625
2024-04-10,ORD037091,CUST00775,P006,Desk,Furniture,Pune,Online,UPI,2,12027.01,0.2,24054.02,19243.22,0,3699.86,2024,4,April,Wednesday,24054.02,19243.216
2024-04-10,ORD023275,CUST04832,P003,Headphones,Electronics,Hyderabad,Online,UPI,3,4320.48,0.1,12961.44,11665.3,0,2836.12,2024,4,April,Wednesday,12961.439999999999,11665.296
2024-04-10,ORD042792,CUST02821,P007,Backpack,Accessories,Chennai,Online,UPI,1,2164.65,0.0,2164.65,2164.65,0,497.82,2024,4,April,Wednesday,2164.65,2164.65
2024-04-10,ORD023913,CUST03334,P019,Vacuum Cleaner,Home,Pune,Store,Debit Card,2,9271.97,0.25,18543.94,13907.95,0,883.68,2024,4,April,Wednesday,18543.94,13907.954999999998
2024-04-10,ORD032939,CUST02398,P001,Laptop,Electronics,Delhi,Store,Debit Card,2,67410.44,0.1,134820.88,121338.79,0,9051.54,2024,4,April,Wednesday,134820.88,121338.792
2024-04-10,ORD043726,CUST02662,P018,Jacket,Fashion,Delhi,Store,Credit Card,3,4935.36,0.0,14806.08,14806.08,0,3423.73,2024,4,April,Wednesday,14806.079999999998,14806.08
2024-04-10,ORD007800,CUST03298,P020,Microwave,Home,Bengaluru,Online,UPI,1,11979.79,0.05,11979.79,11380.8,0,876.82,2024,4,April,Wednesday,11979.79,11380.800500000001
2024-04-10,ORD032063,CUST01236,P004,Smartwatch,Electronics,Ahmedabad,Online,UPI,1,6675.19,0.1,6675.19,6007.67,0,1251.59,2024,4,April,Wednesday,6675.19,6007.670999999999
2024-04-10,ORD000262,CUST02588,P015,Dining Table,Furniture,Jaipur,Online,UPI,4,21891.79,0.05,87567.16,83188.8,0,24114.98,2024,4,April,Wednesday,87567.16,83188.802
2024-04-10,ORD039563,CUST01633,P012,Air Fryer,Home,Ahmedabad,Online,UPI,1,6587.47,0.2,6587.47,5269.98,0,783.61,2024,4,April,Wednesday,6587.47,5269.976000000001
2024-04-10,ORD012826,CUST00587,P001,Laptop,Electronics,Hyderabad,Online,Credit Card,1,60007.41,0.1,60007.41,54006.67,0,8598.18,2024,4,April,Wednesday,60007.41,54006.669
2024-04-10,ORD020624,CUST00535,P013,Monitor,Electronics,Mumbai,Online,UPI,1,19730.96,0.05,19730.96,18744.41,0,4500.63,2024,4,April,Wednesday,19730.96,18744.411999999997
2024-04-10,ORD024847,CUST04822,P009,T-Shirt,Fashion,Jaipur,Online,Credit Card,4,1125.54,0.1,4502.16,4051.94,1,-202.6,2024,4,April,Wednesday,4502.16,4051.944
2024-04-10,ORD000485,CUST00557,P018,Jacket,Fashion,Bengaluru,Online,Cash,3,5235.94,0.1,15707.82,14137.04,0,1365.22,2024,4,April,Wednesday,15707.82,14137.038
2024-04-10,ORD041896,CUST04545,P019,Vacuum Cleaner,Home,Surat,Store,UPI,2,9142.48,0.0,18284.96,18284.96,0,1730.9,2024,4,April,Wednesday,18284.96,18284.96
2024-04-10,ORD036491,CUST03876,P010,Coffee Maker,Home,Jaipur,Store,Credit Card,1,5481.93,0.1,5481.93,4933.74,0,904.43,2024,4,April,Wednesday,5481.93,4933.737
2024-04-10,ORD013812,CUST01308,P003,Headphones,Electronics,Kolkata,Online,Cash,4,4427.96,0.0,17711.84,17711.84,0,3078.87,2024,4,April,Wednesday,17711.84,17711.84
2024-04-10,ORD027154,CUST01589,P007,Backpack,Accessories,Chennai,Online,Cash,2,2325.23,0.1,4650.46,4185.41,0,585.81,2024,4,April,Wednesday,4650.46,4185.414
2024-04-10,ORD016204,CUST02291,P014,Keyboard,Electronics,Delhi,Store,Cash,2,2344.28,0.0,4688.56,4688.56,0,496.61,2024,4,April,Wednesday,4688.56,4688.56
2024-04-10,ORD004318,CUST04621,P003,Headphones,Electronics,Mumbai,Online,Debit Card,1,4098.16,0.1,4098.16,3688.34,0,972.09,2024,4,April,Wednesday,4098.16,3688.344
2024-04-10,ORD017024,CUST00944,P001,Laptop,Electronics,Chennai,Online,Credit Card,1,68969.05,0.05,68969.05,65520.6,0,13080.97,2024,4,April,Wednesday,68969.05,65520.597499999996
2024-04-10,ORD002072,CUST01618,P005,Office Chair,Furniture,Kolkata,Store,Debit Card,1,10349.47,0.1,10349.47,9314.52,0,647.16,2024,4,April,Wednesday,10349.47,9314.523
2024-04-10,ORD028047,CUST02721,P010,Coffee Maker,Home,Surat,Online,Credit Card,5,5060.65,0.0,25303.25,25303.25,0,7280.46,2024,4,April,Wednesday,25303.25,25303.25
2024-04-10,ORD004281,CUST04757,P014,Keyboard,Electronics,Delhi,Store,Cash,1,2635.67,0.0,2635.67,2635.67,0,671.49,2024,4,April,Wednesday,2635.67,2635.67
2024-04-10,ORD031419,CUST01942,P002,Smartphone,Electronics,Delhi,Online,UPI,1,27804.71,0.05,27804.71,26414.47,0,3507.72,2024,4,April,Wednesday,27804.71,26414.474499999997
2024-04-10,ORD019085,CUST00280,P003,Headphones,Electronics,Bengaluru,Online,Credit Card,1,4741.47,0.05,4741.47,4504.4,1,-225.22,2024,4,April,Wednesday,4741.47,4504.3965
2024-04-10,ORD005650,CUST01249,P004,Smartwatch,Electronics,Surat,Online,UPI,1,6686.0,0.15,6686.0,5683.1,0,301.08,2024,4,April,Wednesday,6686.0,5683.099999999999
2024-04-10,ORD027186,CUST00841,P006,Desk,Furniture,Ahmedabad,Online,Debit Card,1,11470.49,0.1,11470.49,10323.44,0,1493.27,2024,4,April,Wednesday,11470.49,10323.441
2024-04-10,ORD043750,CUST00387,P010,Coffee Maker,Home,Pune,Store,UPI,1,5750.79,0.0,5750.79,5750.79,0,1622.73,2024,4,April,Wednesday,5750.79,5750.79
2024-04-10,ORD018497,CUST03519,P007,Backpack,Accessories,Delhi,Store,UPI,1,2345.76,0.1,2345.76,2111.18,0,371.49,2024,4,April,Wednesday,2345.76,2111.184
2024-04-10,ORD015217,CUST02098,P014,Keyboard,Electronics,Jaipur,Online,UPI,1,2748.68,0.05,2748.68,2611.25,0,672.77,2024,4,April,Wednesday,2748.68,2611.2459999999996
2024-04-10,ORD023677,CUST02940,P012,Air Fryer,Home,Mumbai,Online,Credit Card,1,6586.05,0.15,6586.05,5598.14,0,921.37,2024,4,April,Wednesday,6586.05,5598.1425
2024-04-10,ORD023951,CUST01792,P008,Running Shoes,Fashion,Chennai,Online,UPI,1,3882.35,0.25,3882.35,2911.76,0,201.92,2024,4,April,Wednesday,3882.35,2911.7625
2024-04-10,ORD036360,CUST02814,P001,Laptop,Electronics,Chennai,Store,Credit Card,1,64158.54,0.0,64158.54,64158.54,0,19005.24,2024,4,April,Wednesday,64158.54,64158.54
2024-04-10,ORD015190,CUST00718,P009,T-Shirt,Fashion,Hyderabad,Online,UPI,1,1123.23,0.15,1123.23,954.75,0,88.42,2024,4,April,Wednesday,1123.23,954.7455
2024-04-10,ORD033462,CUST02835,P016,Sofa,Furniture,Kolkata,Online,Credit Card,1,37863.09,0.1,37863.09,34076.78,1,-1703.84,2024,4,April,Wednesday,37863.09,34076.780999999995
2024-04-10,ORD020748,CUST04229,P018,Jacket,Fashion,Delhi,Online,Debit Card,1,4849.96,0.25,4849.96,3637.47,0,463.86,2024,4,April,Wednesday,4849.96,3637.4700000000003
2024-04-10,ORD031029,CUST04413,P015,Dining Table,Furniture,Ahmedabad,Store,Debit Card,1,23011.2,0.25,23011.2,17258.4,0,1633.5,2024,4,April,Wednesday,23011.2,17258.4
2024-04-10,ORD044781,CUST00841,P003,Headphones,Electronics,Surat,Online,Net Banking,2,4929.62,0.05,9859.24,9366.28,0,2538.87,2024,4,April,Wednesday,9859.24,9366.278
2024-04-10,ORD040142,CUST00812,P020,Microwave,Home,Chennai,Store,Net Banking,1,10272.33,0.05,10272.33,9758.71,0,2600.66,2024,4,April,Wednesday,10272.33,9758.7135
2024-04-10,ORD043853,CUST00681,P019,Vacuum Cleaner,Home,Pune,Online,Debit Card,1,8527.55,0.05,8527.55,8101.17,0,2318.28,2024,4,April,Wednesday,8527.55,8101.172499999999
2024-04-11,ORD004301,CUST01750,P015,Dining Table,Furniture,Pune,Store,UPI,3,19943.13,0.05,59829.39,56837.92,0,6579.46,2024,4,April,Thursday,59829.39,56837.9205
2024-04-11,ORD027329,CUST00712,P011,Mixer Grinder,Home,Surat,Online,UPI,1,4900.98,0.1,4900.98,4410.88,0,1036.38,2024,4,April,Thursday,4900.98,4410.882
2024-04-11,ORD014410,CUST01537,P012,Air Fryer,Home,Hyderabad,Store,Credit Card,1,6592.47,0.1,6592.47,5933.22,0,1631.46,2024,4,April,Thursday,6592.47,5933.223
2024-04-11,ORD016537,CUST00038,P005,Office Chair,Furniture,Jaipur,Store,Net Banking,5,10223.78,0.1,51118.9,46007.01,0,10123.43,2024,4,April,Thursday,51118.9,46007.01
2024-04-11,ORD038272,CUST02665,P007,Backpack,Accessories,Surat,Online,Debit Card,1,2409.9,0.1,2409.9,2168.91,0,475.08,2024,4,April,Thursday,2409.9,2168.9100000000003
2024-04-11,ORD041527,CUST00555,P004,Smartwatch,Electronics,Chennai,Store,Credit Card,1,7637.65,0.0,7637.65,7637.65,0,1702.54,2024,4,April,Thursday,7637.65,7637.65
2024-04-11,ORD040186,CUST04222,P019,Vacuum Cleaner,Home,Ahmedabad,Online,Credit Card,2,8947.44,0.0,17894.88,17894.88,1,-894.74,2024,4,April,Thursday,17894.88,17894.88
2024-04-11,ORD029741,CUST04898,P014,Keyboard,Electronics,Jaipur,Store,UPI,3,2566.57,0.1,7699.71,6929.74,0,954.07,2024,4,April,Thursday,7699.710000000001,6929.7390000000005
2024-04-11,ORD009640,CUST02563,P014,Keyboard,Electronics,Ahmedabad,Store,UPI,1,2271.57,0.0,2271.57,2271.57,0,462.33,2024,4,April,Thursday,2271.57,2271.57
2024-04-11,ORD007488,CUST03817,P010,Coffee Maker,Home,Kolkata,Online,Debit Card,1,5462.44,0.15,5462.44,4643.07,0,1066.63,2024,4,April,Thursday,5462.44,4643.074
2024-04-11,ORD017336,CUST04295,P002,Smartphone,Electronics,Pune,Online,UPI,2,29777.13,0.1,59554.26,53598.83,0,10736.71,2024,4,April,Thursday,59554.26,53598.834
2024-04-11,ORD019573,CUST01640,P005,Office Chair,Furniture,Kolkata,Online,Credit Card,1,8748.09,0.05,8748.09,8310.69,0,1510.81,2024,4,April,Thursday,8748.09,8310.6855
2024-04-11,ORD031023,CUST01378,P015,Dining Table,Furniture,Ahmedabad,Online,UPI,1,23805.42,0.1,23805.42,21424.88,0,3361.54,2024,4,April,Thursday,23805.42,21424.878
2024-04-11,ORD003644,CUST02433,P002,Smartphone,Electronics,Chennai,Online,UPI,1,28672.22,0.05,28672.22,27238.61,0,4216.76,2024,4,April,Thursday,28672.22,27238.609
2024-04-11,ORD040248,CUST02226,P015,Dining Table,Furniture,Hyderabad,Store,Cash,1,21654.79,0.15,21654.79,18406.57,0,2030.6,2024,4,April,Thursday,21654.79,18406.571500000002
2024-04-11,ORD017295,CUST02870,P001,Laptop,Electronics,Jaipur,Online,UPI,1,70393.66,0.1,70393.66,63354.29,0,6289.59,2024,4,April,Thursday,70393.66,63354.294
2024-04-11,ORD003655,CUST04878,P018,Jacket,Fashion,Chennai,Online,Cash,2,5549.64,0.0,11099.28,11099.28,1,-554.96,2024,4,April,Thursday,11099.28,11099.28
2024-04-11,ORD021886,CUST01617,P001,Laptop,Electronics,Hyderabad,Store,UPI,4,62761.71,0.1,251046.84,225942.16,0,60678.86,2024,4,April,Thursday,251046.84,225942.156
2024-04-11,ORD001274,CUST01580,P012,Air Fryer,Home,Jaipur,Store,Debit Card,1,6886.98,0.05,6886.98,6542.63,0,484.39,2024,4,April,Thursday,6886.98,6542.630999999999
2024-04-11,ORD002748,CUST02394,P011,Mixer Grinder,Home,Surat,Store,Credit Card,1,4404.41,0.05,4404.41,4184.19,1,-209.21,2024,4,April,Thursday,4404.41,4184.1894999999995
2024-04-11,ORD009017,CUST00049,P011,Mixer Grinder,Home,Kolkata,Store,UPI,2,5171.62,0.0,10343.24,10343.24,0,1275.11,2024,4,April,Thursday,10343.24,10343.24
2024-04-11,ORD019946,CUST00070,P016,Sofa,Furniture,Mumbai,Online,UPI,2,37898.35,0.05,75796.7,72006.86,0,9883.18,2024,4,April,Thursday,75796.7,72006.86499999999
2024-04-11,ORD038369,CUST03124,P004,Smartwatch,Electronics,Chennai,Store,UPI,4,6429.4,0.0,25717.6,25717.6,0,5504.5,2024,4,April,Thursday,25717.6,25717.6
2024-04-11,ORD009255,CUST02330,P015,Dining Table,Furniture,Hyderabad,Store,UPI,1,21250.49,0.0,21250.49,21250.49,0,6072.8,2024,4,April,Thursday,21250.49,21250.49
2024-04-11,ORD040154,CUST00498,P008,Running Shoes,Fashion,Kolkata,Store,UPI,1,4458.41,0.1,4458.41,4012.57,0,398.93,2024,4,April,Thursday,4458.41,4012.569
2024-04-11,ORD018077,CUST00716,P004,Smartwatch,Electronics,Delhi,Store,Debit Card,1,6482.34,0.05,6482.34,6158.22,0,826.39,2024,4,April,Thursday,6482.34,6158.223
2024-04-11,ORD031030,CUST02725,P011,Mixer Grinder,Home,Mumbai,Online,Credit Card,2,5106.21,0.05,10212.42,9701.8,0,2119.75,2024,4,April,Thursday,10212.42,9701.798999999999
2024-04-11,ORD043952,CUST04028,P012,Air Fryer,Home,Jaipur,Store,UPI,1,7492.77,0.0,7492.77,7492.77,0,1452.91,2024,4,April,Thursday,7492.77,7492.77
2024-04-11,ORD049650,CUST00988,P004,Smartwatch,Electronics,Hyderabad,Online,UPI,1,6312.66,0.05,6312.66,5997.03,0,983.37,2024,4,April,Thursday,6312.66,5997.026999999999
2024-04-11,ORD046927,CUST03684,P017,Jeans,Fashion,Kolkata,Online,UPI,1,2570.61,0.1,2570.61,2313.55,0,442.82,2024,4,April,Thursday,2570.61,2313.549
2024-04-11,ORD021383,CUST00642,P004,Smartwatch,Electronics,Mumbai,Online,Debit Card,1,7632.69,0.2,7632.69,6106.15,0,469.05,2024,4,April,Thursday,7632.69,6106.152
2024-04-11,ORD013265,CUST00656,P016,Sofa,Furniture,Delhi,Store,Debit Card,1,38122.41,0.1,38122.41,34310.17,0,8748.16,2024,4,April,Thursday,38122.41,34310.169
2024-04-11,ORD013547,CUST00754,P003,Headphones,Electronics,Delhi,Store,Debit Card,2,4204.0,0.1,8408.0,7567.2,0,586.42,2024,4,April,Thursday,8408.0,7567.2
2024-04-11,ORD047855,CUST03678,P015,Dining Table,Furniture,Kolkata,Online,UPI,1,20929.9,0.05,20929.9,19883.4,0,2702.96,2024,4,April,Thursday,20929.9,19883.405
2024-04-11,ORD032942,CUST03165,P001,Laptop,Electronics,Kolkata,Store,Debit Card,4,59150.85,0.2,236603.4,189282.72,0,21279.96,2024,4,April,Thursday,236603.4,189282.72
2024-04-11,ORD030065,CUST03647,P017,Jeans,Fashion,Jaipur,Online,Debit Card,1,2879.6,0.15,2879.6,2447.66,1,-122.38,2024,4,April,Thursday,2879.6,2447.66
2024-04-11,ORD004048,CUST00377,P002,Smartphone,Electronics,Jaipur,Online,Debit Card,1,30748.02,0.1,30748.02,27673.22,0,5902.15,2024,4,April,Thursday,30748.02,27673.218
2024-04-11,ORD040094,CUST00264,P005,Office Chair,Furniture,Surat,Online,UPI,4,8553.36,0.05,34213.44,32502.77,0,6603.71,2024,4,April,Thursday,34213.44,32502.768
2024-04-11,ORD013246,CUST04070,P020,Microwave,Home,Chennai,Online,UPI,4,11705.7,0.1,46822.8,42140.52,0,9685.11,2024,4,April,Thursday,46822.8,42140.520000000004
2024-04-11,ORD029564,CUST01156,P015,Dining Table,Furniture,Hyderabad,Online,Credit Card,1,22673.48,0.05,22673.48,21539.81,0,5787.79,2024,4,April,Thursday,22673.48,21539.805999999997
2024-04-11,ORD021052,CUST01900,P009,T-Shirt,Fashion,Hyderabad,Store,Credit Card,2,1178.35,0.1,2356.7,2121.03,0,461.11,2024,4,April,Thursday,2356.7,2121.0299999999997
2024-04-11,ORD049690,CUST00663,P003,Headphones,Electronics,Chennai,Online,UPI,2,4673.76,0.15,9347.52,7945.39,0,2134.37,2024,4,April,Thursday,9347.52,7945.392
2024-04-11,ORD012628,CUST02303,P003,Headphones,Electronics,Mumbai,Store,UPI,3,4787.11,0.0,14361.33,14361.33,0,3680.25,2024,4,April,Thursday,14361.329999999998,14361.33
2024-04-11,ORD028557,CUST03456,P018,Jacket,Fashion,Kolkata,Online,Credit Card,1,5313.94,0.0,5313.94,5313.94,1,-265.7,2024,4,April,Thursday,5313.94,5313.94
2024-04-11,ORD031554,CUST01759,P013,Monitor,Electronics,Jaipur,Store,Debit Card,1,18481.8,0.2,18481.8,14785.44,0,2362.76,2024,4,April,Thursday,18481.8,14785.44
2024-04-11,ORD028095,CUST01907,P010,Coffee Maker,Home,Chennai,Store,UPI,1,5872.24,0.1,5872.24,5285.02,0,775.55,2024,4,April,Thursday,5872.24,5285.016
2024-04-11,ORD020776,CUST02608,P009,T-Shirt,Fashion,Jaipur,Store,Credit Card,2,1194.42,0.1,2388.84,2149.96,0,448.83,2024,4,April,Thursday,2388.84,2149.956
2024-04-11,ORD028002,CUST01406,P017,Jeans,Fashion,Chennai,Online,UPI,1,2695.53,0.0,2695.53,2695.53,0,650.03,2024,4,April,Thursday,2695.53,2695.53
2024-04-11,ORD027049,CUST03288,P013,Monitor,Electronics,Hyderabad,Online,UPI,1,18469.32,0.15,18469.32,15698.92,1,-784.95,2024,4,April,Thursday,18469.32,15698.921999999999
2024-04-11,ORD024502,CUST02446,P002,Smartphone,Electronics,Surat,Online,Debit Card,1,28097.03,0.2,28097.03,22477.62,0,4034.77,2024,4,April,Thursday,28097.03,22477.624
2024-04-11,ORD037589,CUST02997,P006,Desk,Furniture,Jaipur,Store,Cash,3,12405.85,0.2,37217.55,29774.04,0,4056.04,2024,4,April,Thursday,37217.55,29774.040000000005
2024-04-11,ORD005696,CUST01305,P002,Smartphone,Electronics,Jaipur,Online,UPI,5,30697.41,0.25,153487.05,115115.29,0,26611.46,2024,4,April,Thursday,153487.05,115115.28749999999
2024-04-11,ORD011366,CUST00814,P014,Keyboard,Electronics,Delhi,Online,UPI,1,2298.37,0.15,2298.37,1953.61,1,-97.68,2024,4,April,Thursday,2298.37,1953.6145
2024-04-11,ORD036278,CUST04819,P009,T-Shirt,Fashion,Chennai,Online,UPI,1,1253.81,0.1,1253.81,1128.43,0,304.96,2024,4,April,Thursday,1253.81,1128.429
2024-04-11,ORD000902,CUST00899,P018,Jacket,Fashion,Kolkata,Online,Credit Card,4,5299.79,0.1,21199.16,19079.24,0,1859.45,2024,4,April,Thursday,21199.16,19079.244
2024-04-11,ORD047738,CUST02956,P016,Sofa,Furniture,Pune,Online,UPI,1,37068.29,0.15,37068.29,31508.05,0,6358.61,2024,4,April,Thursday,37068.29,31508.0465
2024-04-11,ORD036986,CUST04518,P017,Jeans,Fashion,Bengaluru,Online,UPI,1,2909.71,0.0,2909.71,2909.71,0,479.49,2024,4,April,Thursday,2909.71,2909.71
2024-04-11,ORD033646,CUST01727,P003,Headphones,Electronics,Pune,Online,UPI,1,4212.37,0.25,4212.37,3159.28,0,457.63,2024,4,April,Thursday,4212.37,3159.2775
2024-04-11,ORD023281,CUST02121,P014,Keyboard,Electronics,Bengaluru,Online,Debit Card,5,2464.41,0.1,12322.05,11089.84,0,3063.02,2024,4,April,Thursday,12322.05,11089.845
2024-04-11,ORD037226,CUST01236,P002,Smartphone,Electronics,Pune,Store,Cash,1,27107.91,0.1,27107.91,24397.12,0,6727.11,2024,4,April,Thursday,27107.91,24397.119
2024-04-11,ORD022276,CUST00058,P010,Coffee Maker,Home,Ahmedabad,Store,Credit Card,2,6049.93,0.0,12099.86,12099.86,0,1345.87,2024,4,April,Thursday,12099.86,12099.86
2024-04-11,ORD036056,CUST02862,P005,Office Chair,Furniture,Surat,Online,UPI,1,9769.05,0.0,9769.05,9769.05,0,2475.88,2024,4,April,Thursday,9769.05,9769.05
2024-04-11,ORD007071,CUST00119,P014,Keyboard,Electronics,Bengaluru,Store,UPI,2,2609.77,0.1,5219.54,4697.59,0,1041.73,2024,4,April,Thursday,5219.54,4697.586
2024-04-11,ORD023060,CUST04417,P002,Smartphone,Electronics,Ahmedabad,Online,Credit Card,1,27062.0,0.1,27062.0,24355.8,0,4594.18,2024,4,April,Thursday,27062.0,24355.8
2024-04-11,ORD005713,CUST00030,P020,Microwave,Home,Mumbai,Online,Cash,1,11280.53,0.0,11280.53,11280.53,1,-564.03,2024,4,April,Thursday,11280.53,11280.53
2024-04-11,ORD034331,CUST03781,P009,T-Shirt,Fashion,Ahmedabad,Store,UPI,1,1156.37,0.1,1156.37,1040.73,0,183.85,2024,4,April,Thursday,1156.37,1040.733
2024-04-11,ORD005742,CUST01553,P016,Sofa,Furniture,Ahmedabad,Online,Net Banking,1,34086.45,0.1,34086.45,30677.8,0,2447.38,2024,4,April,Thursday,34086.45,30677.804999999997
2024-04-11,ORD036605,CUST01611,P003,Headphones,Electronics,Chennai,Store,Cash,1,4224.9,0.05,4224.9,4013.65,0,475.63,2024,4,April,Thursday,4224.9,4013.6549999999993
2024-04-11,ORD024675,CUST04445,P015,Dining Table,Furniture,Jaipur,Online,Credit Card,2,22200.63,0.0,44401.26,44401.26,1,-2220.06,2024,4,April,Thursday,44401.26,44401.26
2024-04-11,ORD036296,CUST04447,P001,Laptop,Electronics,Chennai,Online,Credit Card,1,68034.76,0.0,68034.76,68034.76,0,6578.02,2024,4,April,Thursday,68034.76,68034.76
2024-04-12,ORD008751,CUST00132,P017,Jeans,Fashion,Delhi,Store,Debit Card,1,2928.39,0.1,2928.39,2635.55,0,343.94,2024,4,April,Friday,2928.39,2635.551
2024-04-12,ORD042502,CUST03476,P011,Mixer Grinder,Home,Hyderabad,Online,Net Banking,1,4516.18,0.0,4516.18,4516.18,0,700.23,2024,4,April,Friday,4516.18,4516.18
2024-04-12,ORD024718,CUST02940,P004,Smartwatch,Electronics,Delhi,Store,Net Banking,2,7607.14,0.15,15214.28,12932.14,0,2046.41,2024,4,April,Friday,15214.28,12932.138
2024-04-12,ORD013956,CUST03396,P001,Laptop,Electronics,Delhi,Store,UPI,3,68753.97,0.25,206261.91,154696.43,0,20458.3,2024,4,April,Friday,206261.91,154696.4325
2024-04-12,ORD025112,CUST01792,P019,Vacuum Cleaner,Home,Mumbai,Online,UPI,4,9239.82,0.1,36959.28,33263.35,0,7985.6,2024,4,April,Friday,36959.28,33263.352
2024-04-12,ORD027474,CUST01729,P013,Monitor,Electronics,Ahmedabad,Online,Credit Card,1,17465.83,0.05,17465.83,16592.54,0,2265.17,2024,4,April,Friday,17465.83,16592.538500000002
2024-04-12,ORD009412,CUST01878,P014,Keyboard,Electronics,Bengaluru,Store,Debit Card,1,2343.21,0.05,2343.21,2226.05,0,250.58,2024,4,April,Friday,2343.21,2226.0495
2024-04-12,ORD048961,CUST00916,P020,Microwave,Home,Pune,Store,UPI,1,11582.41,0.2,11582.41,9265.93,0,934.04,2024,4,April,Friday,11582.41,9265.928
2024-04-12,ORD048862,CUST04816,P006,Desk,Furniture,Jaipur,Online,Credit Card,1,11643.54,0.1,11643.54,10479.19,0,1633.81,2024,4,April,Friday,11643.54,10479.186000000002
2024-04-12,ORD047807,CUST03699,P008,Running Shoes,Fashion,Delhi,Online,UPI,4,4231.07,0.0,16924.28,16924.28,0,3878.83,2024,4,April,Friday,16924.28,16924.28
2024-04-12,ORD042497,CUST00685,P015,Dining Table,Furniture,Jaipur,Store,UPI,1,22481.4,0.0,22481.4,22481.4,0,4017.76,2024,4,April,Friday,22481.4,22481.4
2024-04-12,ORD013715,CUST02221,P003,Headphones,Electronics,Delhi,Online,UPI,1,4845.2,0.15,4845.2,4118.42,0,723.97,2024,4,April,Friday,4845.2,4118.42
2024-04-12,ORD019045,CUST03371,P013,Monitor,Electronics,Jaipur,Online,Debit Card,1,18860.95,0.1,18860.95,16974.86,0,2517.86,2024,4,April,Friday,18860.95,16974.855
2024-04-12,ORD009648,CUST01419,P020,Microwave,Home,Hyderabad,Online,Credit Card,5,10484.51,0.1,52422.55,47180.3,1,-2359.02,2024,4,April,Friday,52422.55,47180.295000000006
2024-04-12,ORD009283,CUST03535,P011,Mixer Grinder,Home,Ahmedabad,Online,Debit Card,1,4980.06,0.15,4980.06,4233.05,0,728.22,2024,4,April,Friday,4980.06,4233.051
2024-04-12,ORD032240,CUST03915,P009,T-Shirt,Fashion,Ahmedabad,Online,Credit Card,1,1292.97,0.0,1292.97,1292.97,0,123.95,2024,4,April,Friday,1292.97,1292.97
2024-04-12,ORD013318,CUST03368,P004,Smartwatch,Electronics,Delhi,Online,Cash,5,6647.15,0.0,33235.75,33235.75,0,3320.04,2024,4,April,Friday,33235.75,33235.75
2024-04-12,ORD003694,CUST04532,P007,Backpack,Accessories,Chennai,Online,Debit Card,1,2211.6,0.1,2211.6,1990.44,0,205.73,2024,4,April,Friday,2211.6,1990.44
2024-04-12,ORD003132,CUST02645,P020,Microwave,Home,Surat,Online,Credit Card,2,11291.27,0.1,22582.54,20324.29,0,2321.77,2024,4,April,Friday,22582.54,20324.286
2024-04-12,ORD017397,CUST02348,P004,Smartwatch,Electronics,Pune,Online,UPI,1,6996.16,0.1,6996.16,6296.54,0,1405.09,2024,4,April,Friday,6996.16,6296.544
2024-04-12,ORD049052,CUST00091,P019,Vacuum Cleaner,Home,Jaipur,Store,Credit Card,1,8556.33,0.05,8556.33,8128.51,0,1359.14,2024,4,April,Friday,8556.33,8128.513499999999
2024-04-12,ORD026517,CUST02623,P012,Air Fryer,Home,Jaipur,Store,Net Banking,2,6574.34,0.0,13148.68,13148.68,0,2858.24,2024,4,April,Friday,13148.68,13148.68
2024-04-12,ORD047600,CUST02735,P012,Air Fryer,Home,Bengaluru,Online,UPI,1,6577.18,0.15,6577.18,5590.6,0,929.88,2024,4,April,Friday,6577.18,5590.603
2024-04-12,ORD011766,CUST02975,P002,Smartphone,Electronics,Jaipur,Online,UPI,1,26150.79,0.15,26150.79,22228.17,0,3337.07,2024,4,April,Friday,26150.79,22228.1715
2024-04-12,ORD041974,CUST02518,P009,T-Shirt,Fashion,Surat,Online,UPI,2,1089.74,0.2,2179.48,1743.58,0,205.72,2024,4,April,Friday,2179.48,1743.584
2024-04-12,ORD015551,CUST01346,P017,Jeans,Fashion,Mumbai,Online,Cash,2,2622.88,0.15,5245.76,4458.9,0,571.77,2024,4,April,Friday,5245.76,4458.896
2024-04-12,ORD002804,CUST01207,P004,Smartwatch,Electronics,Jaipur,Online,UPI,3,6787.06,0.05,20361.18,19343.12,0,4096.92,2024,4,April,Friday,20361.18,19343.121
2024-04-12,ORD026401,CUST00286,P001,Laptop,Electronics,Pune,Online,Credit Card,1,63142.04,0.1,63142.04,56827.84,0,9352.67,2024,4,April,Friday,63142.04,56827.836
2024-04-12,ORD046502,CUST04224,P005,Office Chair,Furniture,Jaipur,Online,Credit Card,1,8835.63,0.0,8835.63,8835.63,0,1820.03,2024,4,April,Friday,8835.63,8835.63
2024-04-12,ORD023142,CUST02688,P017,Jeans,Fashion,Mumbai,Online,Cash,1,2931.51,0.0,2931.51,2931.51,0,793.65,2024,4,April,Friday,2931.51,2931.51
2024-04-12,ORD009977,CUST01563,P017,Jeans,Fashion,Jaipur,Store,UPI,1,3058.77,0.15,3058.77,2599.95,0,403.21,2024,4,April,Friday,3058.77,2599.9545
2024-04-12,ORD012127,CUST01818,P009,T-Shirt,Fashion,Surat,Online,Credit Card,3,1081.98,0.1,3245.94,2921.35,0,766.0,2024,4,April,Friday,3245.94,2921.346
2024-04-12,ORD009054,CUST04942,P007,Backpack,Accessories,Bengaluru,Online,Credit Card,2,2008.37,0.0,4016.74,4016.74,0,1026.23,2024,4,April,Friday,4016.74,4016.74
2024-04-12,ORD028108,CUST00794,P011,Mixer Grinder,Home,Delhi,Online,Cash,2,4464.21,0.0,8928.42,8928.42,0,2599.5,2024,4,April,Friday,8928.42,8928.42
2024-04-12,ORD030433,CUST02991,P012,Air Fryer,Home,Ahmedabad,Online,UPI,1,7071.66,0.15,7071.66,6010.91,0,1268.77,2024,4,April,Friday,7071.66,6010.911
2024-04-12,ORD031296,CUST00187,P011,Mixer Grinder,Home,Ahmedabad,Store,UPI,2,4721.77,0.1,9443.54,8499.19,0,1623.98,2024,4,April,Friday,9443.54,8499.186000000002
2024-04-12,ORD022136,CUST00957,P020,Microwave,Home,Pune,Online,Credit Card,2,9905.12,0.05,19810.24,18819.73,0,4481.31,2024,4,April,Friday,19810.24,18819.728
2024-04-12,ORD031156,CUST03533,P007,Backpack,Accessories,Mumbai,Online,Debit Card,3,2348.3,0.15,7044.9,5988.16,0,830.91,2024,4,April,Friday,7044.900000000001,5988.165
2024-04-12,ORD024261,CUST03108,P005,Office Chair,Furniture,Pune,Online,Credit Card,1,8726.38,0.0,8726.38,8726.38,1,-436.32,2024,4,April,Friday,8726.38,8726.38
2024-04-12,ORD010753,CUST02666,P019,Vacuum Cleaner,Home,Chennai,Online,Debit Card,1,9867.68,0.1,9867.68,8880.91,0,1586.21,2024,4,April,Friday,9867.68,8880.912
2024-04-12,ORD046583,CUST01703,P013,Monitor,Electronics,Kolkata,Online,UPI,1,17247.47,0.1,17247.47,15522.72,0,3773.83,2024,4,April,Friday,17247.47,15522.723000000002
2024-04-12,ORD035716,CUST01402,P001,Laptop,Electronics,Jaipur,Store,UPI,1,60949.73,0.1,60949.73,54854.76,0,9869.11,2024,4,April,Friday,60949.73,54854.757000000005
2024-04-12,ORD001512,CUST00042,P008,Running Shoes,Fashion,Mumbai,Store,Credit Card,1,3907.78,0.0,3907.78,3907.78,0,1162.54,2024,4,April,Friday,3907.78,3907.78
2024-04-12,ORD017378,CUST04149,P001,Laptop,Electronics,Jaipur,Store,Net Banking,1,70284.8,0.1,70284.8,63256.32,0,9948.46,2024,4,April,Friday,70284.8,63256.32000000001
2024-04-12,ORD011665,CUST04926,P010,Coffee Maker,Home,Jaipur,Online,Credit Card,5,5212.98,0.15,26064.9,22155.16,0,2039.86,2024,4,April,Friday,26064.899999999998,22155.165
2024-04-12,ORD028808,CUST02051,P009,T-Shirt,Fashion,Surat,Store,Credit Card,1,1232.45,0.25,1232.45,924.34,0,127.83,2024,4,April,Friday,1232.45,924.3375000000001
2024-04-12,ORD029503,CUST01893,P008,Running Shoes,Fashion,Delhi,Online,Credit Card,1,3967.2,0.1,3967.2,3570.48,0,980.34,2024,4,April,Friday,3967.2,3570.48
2024-04-12,ORD038365,CUST03724,P003,Headphones,Electronics,Delhi,Online,Cash,1,4161.31,0.0,4161.31,4161.31,0,1099.41,2024,4,April,Friday,4161.31,4161.31
2024-04-12,ORD026228,CUST00995,P019,Vacuum Cleaner,Home,Kolkata,Online,Credit Card,1,9771.56,0.15,9771.56,8305.83,0,604.74,2024,4,April,Friday,9771.56,8305.826
2024-04-12,ORD005555,CUST01248,P006,Desk,Furniture,Jaipur,Online,Credit Card,1,12857.68,0.15,12857.68,10929.03,0,596.45,2024,4,April,Friday,12857.68,10929.028
2024-04-12,ORD006719,CUST02721,P020,Microwave,Home,Delhi,Store,Debit Card,1,11304.04,0.05,11304.04,10738.84,0,1322.8,2024,4,April,Friday,11304.04,10738.838
2024-04-12,ORD005910,CUST00998,P003,Headphones,Electronics,Surat,Online,UPI,1,4918.25,0.0,4918.25,4918.25,0,940.62,2024,4,April,Friday,4918.25,4918.25
2024-04-12,ORD011055,CUST03822,P013,Monitor,Electronics,Surat,Online,Debit Card,1,17143.0,0.2,17143.0,13714.4,0,1416.88,2024,4,April,Friday,17143.0,13714.400000000001
2024-04-12,ORD019765,CUST03075,P009,T-Shirt,Fashion,Kolkata,Store,Debit Card,1,1173.07,0.15,1173.07,997.11,0,191.28,2024,4,April,Friday,1173.07,997.1094999999999
2024-04-12,ORD040388,CUST03502,P006,Desk,Furniture,Delhi,Store,UPI,1,12034.45,0.25,12034.45,9025.84,0,916.67,2024,4,April,Friday,12034.45,9025.837500000001
2024-04-12,ORD044582,CUST00625,P002,Smartphone,Electronics,Bengaluru,Store,Debit Card,2,27757.01,0.0,55514.02,55514.02,0,7475.46,2024,4,April,Friday,55514.02,55514.02
2024-04-12,ORD006541,CUST04756,P007,Backpack,Accessories,Surat,Store,UPI,1,2027.31,0.2,2027.31,1621.85,0,112.48,2024,4,April,Friday,2027.31,1621.848
2024-04-12,ORD035408,CUST02897,P002,Smartphone,Electronics,Pune,Online,UPI,1,26371.31,0.1,26371.31,23734.18,0,4694.27,2024,4,April,Friday,26371.31,23734.179
2024-04-12,ORD040711,CUST02383,P008,Running Shoes,Fashion,Bengaluru,Online,UPI,1,3917.24,0.1,3917.24,3525.52,0,647.33,2024,4,April,Friday,3917.24,3525.516
2024-04-12,ORD027794,CUST03373,P015,Dining Table,Furniture,Ahmedabad,Online,Net Banking,1,21121.37,0.1,21121.37,19009.23,0,1858.65,2024,4,April,Friday,21121.37,19009.233
2024-04-12,ORD008740,CUST03612,P015,Dining Table,Furniture,Bengaluru,Online,Credit Card,1,20297.37,0.1,20297.37,18267.63,0,3386.97,2024,4,April,Friday,20297.37,18267.632999999998
2024-04-12,ORD046537,CUST03919,P011,Mixer Grinder,Home,Pune,Store,Credit Card,1,4984.81,0.15,4984.81,4237.09,0,436.48,2024,4,April,Friday,4984.81,4237.0885
2024-04-12,ORD017672,CUST03669,P005,Office Chair,Furniture,Ahmedabad,Online,UPI,1,8933.51,0.1,8933.51,8040.16,0,766.68,2024,4,April,Friday,8933.51,8040.159000000001
2024-04-12,ORD002524,CUST01199,P002,Smartphone,Electronics,Bengaluru,Online,Credit Card,5,30461.66,0.15,152308.3,129462.06,0,18084.29,2024,4,April,Friday,152308.3,129462.055
2024-04-12,ORD044865,CUST01126,P008,Running Shoes,Fashion,Surat,Online,UPI,1,4238.05,0.25,4238.05,3178.54,0,717.85,2024,4,April,Friday,4238.05,3178.5375000000004
2024-04-12,ORD022281,CUST00799,P020,Microwave,Home,Mumbai,Online,Debit Card,4,11446.3,0.1,45785.2,41206.68,0,6451.66,2024,4,April,Friday,45785.2,41206.68
2024-04-12,ORD017317,CUST04182,P006,Desk,Furniture,Delhi,Store,UPI,1,13196.27,0.2,13196.27,10557.02,0,2020.18,2024,4,April,Friday,13196.27,10557.016000000001
2024-04-12,ORD006579,CUST01960,P011,Mixer Grinder,Home,Hyderabad,Online,UPI,2,4947.64,0.1,9895.28,8905.75,0,1987.83,2024,4,April,Friday,9895.28,8905.752
2024-04-12,ORD028445,CUST02428,P019,Vacuum Cleaner,Home,Surat,Online,UPI,5,9539.0,0.25,47695.0,35771.25,0,6098.75,2024,4,April,Friday,47695.0,35771.25
2024-04-12,ORD019662,CUST04733,P010,Coffee Maker,Home,Ahmedabad,Online,Credit Card,1,5711.01,0.15,5711.01,4854.36,0,1101.15,2024,4,April,Friday,5711.01,4854.3585
2024-04-13,ORD043041,CUST03325,P010,Coffee Maker,Home,Pune,Store,UPI,1,5222.48,0.05,5222.48,4961.36,0,1381.86,2024,4,April,Saturday,5222.48,4961.356
2024-04-13,ORD026840,CUST00237,P004,Smartwatch,Electronics,Ahmedabad,Online,Net Banking,1,7282.43,0.1,7282.43,6554.19,0,495.81,2024,4,April,Saturday,7282.43,6554.187000000001
2024-04-13,ORD022626,CUST04287,P006,Desk,Furniture,Kolkata,Online,Credit Card,1,10807.86,0.1,10807.86,9727.07,0,960.77,2024,4,April,Saturday,10807.86,9727.074
2024-04-13,ORD007967,CUST03227,P010,Coffee Maker,Home,Surat,Store,UPI,4,5888.75,0.05,23555.0,22377.25,0,4430.7,2024,4,April,Saturday,23555.0,22377.25
2024-04-13,ORD001115,CUST04457,P014,Keyboard,Electronics,Bengaluru,Store,Credit Card,1,2504.44,0.0,2504.44,2504.44,0,724.65,2024,4,April,Saturday,2504.44,2504.44
2024-04-13,ORD018808,CUST01329,P008,Running Shoes,Fashion,Chennai,Online,UPI,1,4121.44,0.2,4121.44,3297.15,0,446.95,2024,4,April,Saturday,4121.44,3297.152
2024-04-13,ORD043797,CUST02253,P004,Smartwatch,Electronics,Chennai,Online,Debit Card,1,6720.41,0.1,6720.41,6048.37,0,403.74,2024,4,April,Saturday,6720.41,6048.369
2024-04-13,ORD000681,CUST04282,P009,T-Shirt,Fashion,Bengaluru,Online,UPI,4,1172.06,0.2,4688.24,3750.59,0,889.53,2024,4,April,Saturday,4688.24,3750.592
2024-04-13,ORD023465,CUST03899,P019,Vacuum Cleaner,Home,Delhi,Store,UPI,1,9323.28,0.1,9323.28,8390.95,0,1221.48,2024,4,April,Saturday,9323.28,8390.952000000001
2024-04-13,ORD006647,CUST02220,P017,Jeans,Fashion,Delhi,Store,UPI,1,2670.35,0.1,2670.35,2403.32,1,-120.17,2024,4,April,Saturday,2670.35,2403.315
2024-04-13,ORD014172,CUST00421,P008,Running Shoes,Fashion,Chennai,Online,UPI,1,4538.4,0.25,4538.4,3403.8,0,511.69,2024,4,April,Saturday,4538.4,3403.7999999999997
2024-04-13,ORD044619,CUST03748,P019,Vacuum Cleaner,Home,Mumbai,Online,Credit Card,3,8825.06,0.0,26475.18,26475.18,0,3924.47,2024,4,April,Saturday,26475.18,26475.18
2024-04-13,ORD025458,CUST04996,P008,Running Shoes,Fashion,Delhi,Online,Credit Card,2,4236.54,0.2,8473.08,6778.46,0,777.32,2024,4,April,Saturday,8473.08,6778.464
2024-04-13,ORD030109,CUST01473,P013,Monitor,Electronics,Hyderabad,Online,Net Banking,4,18917.17,0.05,75668.68,71885.25,0,12058.92,2024,4,April,Saturday,75668.68,71885.24599999998
2024-04-13,ORD036498,CUST02752,P017,Jeans,Fashion,Jaipur,Online,Net Banking,1,2746.07,0.05,2746.07,2608.77,0,234.59,2024,4,April,Saturday,2746.07,2608.7665
2024-04-13,ORD006702,CUST00643,P002,Smartphone,Electronics,Pune,Online,Cash,2,30294.04,0.1,60588.08,54529.27,0,12488.21,2024,4,April,Saturday,60588.08,54529.272000000004
2024-04-13,ORD008980,CUST04145,P011,Mixer Grinder,Home,Surat,Online,UPI,1,4915.57,0.1,4915.57,4424.01,0,305.28,2024,4,April,Saturday,4915.57,4424.013
2024-04-13,ORD011393,CUST02295,P001,Laptop,Electronics,Chennai,Store,UPI,1,62085.8,0.0,62085.8,62085.8,0,7262.66,2024,4,April,Saturday,62085.8,62085.8
2024-04-13,ORD029443,CUST02572,P016,Sofa,Furniture,Bengaluru,Store,UPI,1,35453.26,0.05,35453.26,33680.6,0,2763.0,2024,4,April,Saturday,35453.26,33680.597
2024-04-13,ORD018602,CUST01168,P007,Backpack,Accessories,Bengaluru,Store,UPI,1,2075.03,0.2,2075.03,1660.02,0,345.76,2024,4,April,Saturday,2075.03,1660.0240000000003
2024-04-13,ORD023312,CUST04644,P019,Vacuum Cleaner,Home,Ahmedabad,Store,Net Banking,3,8552.55,0.1,25657.65,23091.88,0,4231.83,2024,4,April,Saturday,25657.649999999998,23091.885000000002
2024-04-13,ORD015653,CUST00703,P019,Vacuum Cleaner,Home,Surat,Store,UPI,1,8222.33,0.15,8222.33,6988.98,0,1778.66,2024,4,April,Saturday,8222.33,6988.9805
2024-04-13,ORD028273,CUST02029,P020,Microwave,Home,Kolkata,Store,Credit Card,2,11430.64,0.2,22861.28,18289.02,0,2645.36,2024,4,April,Saturday,22861.28,18289.024
2024-04-13,ORD038766,CUST01511,P009,T-Shirt,Fashion,Pune,Store,Credit Card,4,1233.82,0.25,4935.28,3701.46,0,494.44,2024,4,April,Saturday,4935.28,3701.46
2024-04-13,ORD005017,CUST01204,P019,Vacuum Cleaner,Home,Ahmedabad,Online,Net Banking,3,8309.79,0.15,24929.37,21189.96,0,3840.17,2024,4,April,Saturday,24929.370000000003,21189.9645
2024-04-13,ORD042914,CUST03666,P013,Monitor,Electronics,Kolkata,Online,UPI,1,17249.24,0.1,17249.24,15524.32,0,2941.01,2024,4,April,Saturday,17249.24,15524.316000000003
2024-04-13,ORD018220,CUST01362,P013,Monitor,Electronics,Delhi,Online,UPI,2,16894.64,0.1,33789.28,30410.35,0,6156.32,2024,4,April,Saturday,33789.28,30410.352
2024-04-13,ORD025823,CUST03602,P001,Laptop,Electronics,Delhi,Online,UPI,3,66579.59,0.1,199738.77,179764.89,0,39643.73,2024,4,April,Saturday,199738.77,179764.89299999998
2024-04-13,ORD020707,CUST03592,P005,Office Chair,Furniture,Surat,Store,Cash,1,8702.84,0.05,8702.84,8267.7,0,1901.52,2024,4,April,Saturday,8702.84,8267.698
2024-04-13,ORD008483,CUST02483,P014,Keyboard,Electronics,Kolkata,Online,Credit Card,1,2573.94,0.05,2573.94,2445.24,0,648.04,2024,4,April,Saturday,2573.94,2445.243
2024-04-13,ORD005703,CUST00603,P010,Coffee Maker,Home,Jaipur,Online,UPI,2,5489.47,0.1,10978.94,9881.05,0,964.56,2024,4,April,Saturday,10978.94,9881.046
2024-04-13,ORD022956,CUST00558,P003,Headphones,Electronics,Bengaluru,Store,Credit Card,1,4630.61,0.1,4630.61,4167.55,0,1105.46,2024,4,April,Saturday,4630.61,4167.549
2024-04-13,ORD022963,CUST04113,P017,Jeans,Fashion,Chennai,Store,UPI,2,2818.92,0.05,5637.84,5355.95,0,944.75,2024,4,April,Saturday,5637.84,5355.948
2024-04-13,ORD035218,CUST04536,P019,Vacuum Cleaner,Home,Hyderabad,Online,UPI,2,9786.85,0.15,19573.7,16637.64,0,3612.8,2024,4,April,Saturday,19573.7,16637.645
2024-04-13,ORD047701,CUST03155,P014,Keyboard,Electronics,Ahmedabad,Online,Credit Card,1,2323.37,0.1,2323.37,2091.03,0,467.85,2024,4,April,Saturday,2323.37,2091.033
2024-04-13,ORD016661,CUST00607,P005,Office Chair,Furniture,Chennai,Store,Credit Card,3,8825.96,0.05,26477.88,25153.99,0,3697.13,2024,4,April,Saturday,26477.879999999997,25153.986
2024-04-13,ORD021882,CUST00819,P013,Monitor,Electronics,Pune,Online,UPI,1,19729.28,0.05,19729.28,18742.82,0,2714.68,2024,4,April,Saturday,19729.28,18742.816
2024-04-13,ORD033854,CUST01047,P008,Running Shoes,Fashion,Kolkata,Store,Net Banking,2,3798.47,0.1,7596.94,6837.25,0,727.78,2024,4,April,Saturday,7596.94,6837.246
2024-04-13,ORD042261,CUST04919,P004,Smartwatch,Electronics,Kolkata,Online,UPI,2,7508.57,0.2,15017.14,12013.71,0,2298.03,2024,4,April,Saturday,15017.14,12013.712
2024-04-13,ORD029617,CUST04326,P010,Coffee Maker,Home,Chennai,Store,Cash,1,4965.8,0.15,4965.8,4220.93,0,670.68,2024,4,April,Saturday,4965.8,4220.93
2024-04-13,ORD042201,CUST02464,P018,Jacket,Fashion,Ahmedabad,Online,UPI,2,5286.07,0.05,10572.14,10043.53,0,2024.14,2024,4,April,Saturday,10572.14,10043.533
2024-04-13,ORD017456,CUST01560,P013,Monitor,Electronics,Hyderabad,Online,Credit Card,2,17747.82,0.1,35495.64,31946.08,0,3955.67,2024,4,April,Saturday,35495.64,31946.076
2024-04-13,ORD040172,CUST01582,P009,T-Shirt,Fashion,Chennai,Online,UPI,5,1319.08,0.05,6595.4,6265.63,0,1583.63,2024,4,April,Saturday,6595.4,6265.629999999999
2024-04-13,ORD010150,CUST02237,P003,Headphones,Electronics,Bengaluru,Online,Credit Card,1,4791.1,0.05,4791.1,4551.54,0,1223.04,2024,4,April,Saturday,4791.1,4551.545
2024-04-13,ORD021570,CUST04623,P011,Mixer Grinder,Home,Chennai,Online,UPI,1,4725.89,0.15,4725.89,4017.01,0,1054.85,2024,4,April,Saturday,4725.89,4017.0065
2024-04-13,ORD010766,CUST04666,P009,T-Shirt,Fashion,Ahmedabad,Store,UPI,1,1213.65,0.0,1213.65,1213.65,0,192.29,2024,4,April,Saturday,1213.65,1213.65
2024-04-13,ORD001618,CUST02699,P004,Smartwatch,Electronics,Mumbai,Online,UPI,1,7281.3,0.05,7281.3,6917.24,0,998.71,2024,4,April,Saturday,7281.3,6917.235
2024-04-13,ORD026637,CUST00511,P008,Running Shoes,Fashion,Kolkata,Store,UPI,1,4052.34,0.1,4052.34,3647.11,0,606.09,2024,4,April,Saturday,4052.34,3647.106
2024-04-13,ORD025255,CUST00624,P010,Coffee Maker,Home,Mumbai,Online,UPI,3,5487.03,0.0,16461.09,16461.09,0,3254.05,2024,4,April,Saturday,16461.09,16461.09
2024-04-13,ORD014291,CUST02557,P012,Air Fryer,Home,Jaipur,Store,UPI,1,7672.08,0.2,7672.08,6137.66,0,795.55,2024,4,April,Saturday,7672.08,6137.664000000001
2024-04-13,ORD037353,CUST03635,P006,Desk,Furniture,Bengaluru,Online,UPI,2,12642.87,0.05,25285.74,24021.45,0,4404.79,2024,4,April,Saturday,25285.74,24021.453
2024-04-13,ORD041179,CUST02805,P018,Jacket,Fashion,Mumbai,Online,UPI,2,4945.94,0.15,9891.88,8408.1,0,1106.32,2024,4,April,Saturday,9891.88,8408.098
2024-04-13,ORD021704,CUST01133,P020,Microwave,Home,Surat,Online,Net Banking,1,11757.43,0.0,11757.43,11757.43,0,1538.24,2024,4,April,Saturday,11757.43,11757.43
2024-04-13,ORD008391,CUST02171,P019,Vacuum Cleaner,Home,Pune,Store,UPI,1,9665.98,0.1,9665.98,8699.38,0,2210.17,2024,4,April,Saturday,9665.98,8699.382
2024-04-13,ORD049742,CUST03456,P020,Microwave,Home,Chennai,Store,UPI,2,10846.45,0.0,21692.9,21692.9,0,3478.33,2024,4,April,Saturday,21692.9,21692.9
2024-04-13,ORD022598,CUST01436,P017,Jeans,Fashion,Ahmedabad,Online,Credit Card,1,2537.24,0.2,2537.24,2029.79,0,357.71,2024,4,April,Saturday,2537.24,2029.792
2024-04-13,ORD024838,CUST02684,P018,Jacket,Fashion,Hyderabad,Online,UPI,1,5012.47,0.25,5012.47,3759.35,0,820.43,2024,4,April,Saturday,5012.47,3759.3525
2024-04-13,ORD038348,CUST02927,P003,Headphones,Electronics,Delhi,Online,Credit Card,1,4704.18,0.1,4704.18,4233.76,0,680.55,2024,4,April,Saturday,4704.18,4233.762000000001
2024-04-13,ORD029138,CUST01130,P008,Running Shoes,Fashion,Surat,Online,Net Banking,1,4172.24,0.0,4172.24,4172.24,0,920.13,2024,4,April,Saturday,4172.24,4172.24
2024-04-13,ORD033420,CUST04944,P003,Headphones,Electronics,Ahmedabad,Store,Debit Card,2,4105.96,0.15,8211.92,6980.13,0,588.72,2024,4,April,Saturday,8211.92,6980.132
2024-04-13,ORD047479,CUST00874,P012,Air Fryer,Home,Ahmedabad,Online,UPI,2,7499.68,0.0,14999.36,14999.36,0,2065.82,2024,4,April,Saturday,14999.36,14999.36
2024-04-13,ORD022482,CUST01856,P002,Smartphone,Electronics,Surat,Online,Credit Card,1,27511.11,0.1,27511.11,24760.0,1,-1238.0,2024,4,April,Saturday,27511.11,24759.999
2024-04-13,ORD031652,CUST00339,P020,Microwave,Home,Mumbai,Online,UPI,1,11412.1,0.1,11412.1,10270.89,1,-513.54,2024,4,April,Saturday,11412.1,10270.890000000001
2024-04-13,ORD021420,CUST01168,P009,T-Shirt,Fashion,Jaipur,Store,UPI,1,1210.14,0.15,1210.14,1028.62,0,51.95,2024,4,April,Saturday,1210.14,1028.6190000000001
2024-04-13,ORD007599,CUST00143,P015,Dining Table,Furniture,Ahmedabad,Online,UPI,3,20362.86,0.05,61088.58,58034.15,0,15332.21,2024,4,April,Saturday,61088.58,58034.151
2024-04-13,ORD044692,CUST04982,P014,Keyboard,Electronics,Pune,Online,Credit Card,1,2300.19,0.1,2300.19,2070.17,0,149.74,2024,4,April,Saturday,2300.19,2070.1710000000003
2024-04-13,ORD018914,CUST02644,P009,T-Shirt,Fashion,Pune,Store,UPI,3,1102.53,0.0,3307.59,3307.59,0,754.67,2024,4,April,Saturday,3307.59,3307.59
2024-04-13,ORD041051,CUST00555,P018,Jacket,Fashion,Bengaluru,Online,Cash,3,4823.99,0.2,14471.97,11577.58,0,739.92,2024,4,April,Saturday,14471.97,11577.576000000001
2024-04-13,ORD017265,CUST01530,P012,Air Fryer,Home,Hyderabad,Online,Debit Card,2,7505.87,0.1,15011.74,13510.57,0,2609.47,2024,4,April,Saturday,15011.74,13510.566
2024-04-13,ORD048230,CUST01564,P016,Sofa,Furniture,Mumbai,Online,Credit Card,2,38041.71,0.1,76083.42,68475.08,0,18312.98,2024,4,April,Saturday,76083.42,68475.078
2024-04-13,ORD025467,CUST00808,P016,Sofa,Furniture,Hyderabad,Online,UPI,1,32404.55,0.05,32404.55,30784.32,0,4923.54,2024,4,April,Saturday,32404.55,30784.3225
2024-04-13,ORD033075,CUST04885,P008,Running Shoes,Fashion,Delhi,Online,UPI,2,4322.07,0.05,8644.14,8211.93,0,2076.33,2024,4,April,Saturday,8644.14,8211.932999999999
2024-04-13,ORD029385,CUST02332,P001,Laptop,Electronics,Mumbai,Online,Debit Card,1,62156.89,0.05,62156.89,59049.05,0,6090.47,2024,4,April,Saturday,62156.89,59049.0455
2024-04-13,ORD001580,CUST00312,P017,Jeans,Fashion,Hyderabad,Store,Credit Card,2,2979.15,0.0,5958.3,5958.3,0,1005.84,2024,4,April,Saturday,5958.3,5958.3
2024-04-13,ORD027636,CUST02214,P004,Smartwatch,Electronics,Delhi,Online,Credit Card,1,7027.28,0.15,7027.28,5973.19,1,-298.66,2024,4,April,Saturday,7027.28,5973.187999999999
2024-04-13,ORD038540,CUST02446,P020,Microwave,Home,Hyderabad,Online,Net Banking,1,11184.42,0.1,11184.42,10065.98,0,2681.68,2024,4,April,Saturday,11184.42,10065.978000000001
2024-04-13,ORD024169,CUST01985,P019,Vacuum Cleaner,Home,Ahmedabad,Store,Credit Card,1,8440.37,0.1,8440.37,7596.33,0,1039.4,2024,4,April,Saturday,8440.37,7596.3330000000005
2024-04-13,ORD025592,CUST04884,P001,Laptop,Electronics,Pune,Online,Cash,1,63631.67,0.1,63631.67,57268.5,0,4676.4,2024,4,April,Saturday,63631.67,57268.503
2024-04-13,ORD040343,CUST00750,P004,Smartwatch,Electronics,Mumbai,Online,UPI,2,7309.6,0.2,14619.2,11695.36,0,2661.22,2024,4,April,Saturday,14619.2,11695.36
2024-04-13,ORD023974,CUST00580,P013,Monitor,Electronics,Surat,Online,Credit Card,1,18749.06,0.05,18749.06,17811.61,0,1632.71,2024,4,April,Saturday,18749.06,17811.607
2024-04-13,ORD033529,CUST00862,P018,Jacket,Fashion,Mumbai,Store,Credit Card,3,4798.24,0.1,14394.72,12955.25,0,2639.49,2024,4,April,Saturday,14394.72,12955.248
2024-04-14,ORD023559,CUST02320,P015,Dining Table,Furniture,Ahmedabad,Store,UPI,1,22704.79,0.0,22704.79,22704.79,0,3395.66,2024,4,April,Sunday,22704.79,22704.79
2024-04-14,ORD026278,CUST00717,P004,Smartwatch,Electronics,Mumbai,Online,Credit Card,5,6687.31,0.05,33436.55,31764.72,0,4855.78,2024,4,April,Sunday,33436.55,31764.7225
2024-04-14,ORD023563,CUST04247,P014,Keyboard,Electronics,Kolkata,Online,UPI,1,2614.26,0.1,2614.26,2352.83,0,481.08,2024,4,April,Sunday,2614.26,2352.8340000000003
2024-04-14,ORD022286,CUST03281,P011,Mixer Grinder,Home,Mumbai,Online,Credit Card,1,4438.14,0.0,4438.14,4438.14,0,733.19,2024,4,April,Sunday,4438.14,4438.14
2024-04-14,ORD026302,CUST03024,P019,Vacuum Cleaner,Home,Kolkata,Store,Debit Card,1,9519.9,0.0,9519.9,9519.9,0,2247.81,2024,4,April,Sunday,9519.9,9519.9
2024-04-14,ORD045583,CUST03059,P002,Smartphone,Electronics,Bengaluru,Online,Credit Card,1,29226.33,0.2,29226.33,23381.06,0,4861.1,2024,4,April,Sunday,29226.33,23381.064000000002
2024-04-14,ORD015648,CUST02560,P004,Smartwatch,Electronics,Pune,Online,UPI,5,7313.6,0.1,36568.0,32911.2,0,7847.77,2024,4,April,Sunday,36568.0,32911.200000000004
2024-04-14,ORD042002,CUST04948,P015,Dining Table,Furniture,Ahmedabad,Online,Net Banking,1,24189.12,0.2,24189.12,19351.3,0,2839.51,2024,4,April,Sunday,24189.12,19351.296
2024-04-14,ORD013975,CUST03826,P013,Monitor,Electronics,Kolkata,Store,UPI,1,18385.33,0.25,18385.33,13789.0,0,1607.1,2024,4,April,Sunday,18385.33,13788.997500000001
2024-04-14,ORD028460,CUST00326,P013,Monitor,Electronics,Delhi,Online,UPI,2,17674.57,0.05,35349.14,33581.68,0,6259.07,2024,4,April,Sunday,35349.14,33581.683
2024-04-14,ORD009135,CUST02783,P002,Smartphone,Electronics,Surat,Online,Debit Card,3,30335.24,0.2,91005.72,72804.58,0,14438.54,2024,4,April,Sunday,91005.72,72804.576
2024-04-14,ORD006105,CUST02722,P008,Running Shoes,Fashion,Chennai,Online,UPI,1,4575.32,0.1,4575.32,4117.79,0,443.54,2024,4,April,Sunday,4575.32,4117.788
2024-04-14,ORD000371,CUST03765,P003,Headphones,Electronics,Surat,Store,Cash,1,4897.38,0.0,4897.38,4897.38,0,889.98,2024,4,April,Sunday,4897.38,4897.38
2024-04-14,ORD022870,CUST02491,P014,Keyboard,Electronics,Surat,Online,Credit Card,1,2489.81,0.1,2489.81,2240.83,0,603.48,2024,4,April,Sunday,2489.81,2240.829
2024-04-14,ORD016193,CUST01705,P009,T-Shirt,Fashion,Pune,Online,Net Banking,1,1195.16,0.05,1195.16,1135.4,0,131.54,2024,4,April,Sunday,1195.16,1135.402
2024-04-14,ORD036741,CUST03526,P013,Monitor,Electronics,Kolkata,Online,UPI,2,16560.69,0.0,33121.38,33121.38,0,9911.77,2024,4,April,Sunday,33121.38,33121.38
2024-04-14,ORD007614,CUST03413,P013,Monitor,Electronics,Pune,Online,Credit Card,1,17198.45,0.05,17198.45,16338.53,0,2938.45,2024,4,April,Sunday,17198.45,16338.5275
2024-04-14,ORD046698,CUST00061,P010,Coffee Maker,Home,Hyderabad,Store,Debit Card,1,5036.37,0.2,5036.37,4029.1,0,393.08,2024,4,April,Sunday,5036.37,4029.096
2024-04-14,ORD035447,CUST00506,P005,Office Chair,Furniture,Jaipur,Online,Net Banking,5,10083.05,0.1,50415.25,45373.72,0,12001.57,2024,4,April,Sunday,50415.25,45373.725
2024-04-14,ORD019817,CUST01115,P003,Headphones,Electronics,Jaipur,Store,UPI,1,4949.89,0.15,4949.89,4207.41,0,478.65,2024,4,April,Sunday,4949.89,4207.4065
2024-04-14,ORD016485,CUST04135,P010,Coffee Maker,Home,Kolkata,Online,Debit Card,1,5601.93,0.0,5601.93,5601.93,1,-280.1,2024,4,April,Sunday,5601.93,5601.93
2024-04-14,ORD044489,CUST03785,P003,Headphones,Electronics,Mumbai,Online,Net Banking,1,4197.76,0.05,4197.76,3987.87,0,293.56,2024,4,April,Sunday,4197.76,3987.872
2024-04-14,ORD030042,CUST02756,P001,Laptop,Electronics,Pune,Store,Net Banking,1,66236.25,0.0,66236.25,66236.25,0,14076.7,2024,4,April,Sunday,66236.25,66236.25
2024-04-14,ORD007378,CUST04761,P014,Keyboard,Electronics,Pune,Store,UPI,2,2533.46,0.1,5066.92,4560.23,0,974.53,2024,4,April,Sunday,5066.92,4560.228
2024-04-14,ORD027271,CUST01255,P008,Running Shoes,Fashion,Pune,Online,Cash,1,4429.71,0.2,4429.71,3543.77,0,574.34,2024,4,April,Sunday,4429.71,3543.768
2024-04-14,ORD023969,CUST02162,P019,Vacuum Cleaner,Home,Ahmedabad,Online,Cash,4,9364.58,0.05,37458.32,35585.4,0,3649.98,2024,4,April,Sunday,37458.32,35585.403999999995
2024-04-14,ORD039339,CUST03508,P006,Desk,Furniture,Jaipur,Online,Debit Card,1,11659.92,0.05,11659.92,11076.92,0,2177.7,2024,4,April,Sunday,11659.92,11076.923999999999
2024-04-14,ORD020719,CUST02247,P020,Microwave,Home,Bengaluru,Online,Debit Card,1,10515.45,0.1,10515.45,9463.91,0,1480.02,2024,4,April,Sunday,10515.45,9463.905
2024-04-14,ORD048735,CUST04906,P014,Keyboard,Electronics,Surat,Online,UPI,1,2527.28,0.0,2527.28,2527.28,0,557.99,2024,4,April,Sunday,2527.28,2527.28
2024-04-14,ORD028628,CUST00662,P012,Air Fryer,Home,Pune,Online,UPI,1,6569.31,0.1,6569.31,5912.38,0,392.07,2024,4,April,Sunday,6569.31,5912.379000000001
2024-04-14,ORD039550,CUST02936,P017,Jeans,Fashion,Hyderabad,Online,Credit Card,4,2992.22,0.1,11968.88,10771.99,0,1021.42,2024,4,April,Sunday,11968.88,10771.992
2024-04-14,ORD027365,CUST01942,P019,Vacuum Cleaner,Home,Delhi,Store,Debit Card,1,8370.49,0.0,8370.49,8370.49,0,1692.88,2024,4,April,Sunday,8370.49,8370.49
2024-04-14,ORD013093,CUST02865,P012,Air Fryer,Home,Kolkata,Store,Credit Card,5,7363.11,0.15,36815.55,31293.22,0,2432.45,2024,4,April,Sunday,36815.549999999996,31293.217500000002
2024-04-14,ORD030210,CUST01762,P018,Jacket,Fashion,Mumbai,Online,Net Banking,1,4813.79,0.2,4813.79,3851.03,0,564.13,2024,4,April,Sunday,4813.79,3851.032
2024-04-14,ORD037482,CUST00853,P020,Microwave,Home,Pune,Store,Debit Card,2,11411.68,0.0,22823.36,22823.36,0,2603.84,2024,4,April,Sunday,22823.36,22823.36
2024-04-14,ORD034441,CUST02066,P016,Sofa,Furniture,Mumbai,Online,Credit Card,4,35208.82,0.2,140835.28,112668.22,1,-5633.41,2024,4,April,Sunday,140835.28,112668.224
2024-04-14,ORD005685,CUST04463,P002,Smartphone,Electronics,Mumbai,Online,Debit Card,2,27346.14,0.05,54692.28,51957.67,0,9290.05,2024,4,April,Sunday,54692.28,51957.666
2024-04-14,ORD045212,CUST00028,P015,Dining Table,Furniture,Ahmedabad,Online,Credit Card,2,21968.98,0.25,43937.96,32953.47,0,3749.04,2024,4,April,Sunday,43937.96,32953.47
2024-04-14,ORD033956,CUST03661,P009,T-Shirt,Fashion,Jaipur,Online,Net Banking,1,1258.33,0.2,1258.33,1006.66,0,116.51,2024,4,April,Sunday,1258.33,1006.664
2024-04-14,ORD049549,CUST01384,P004,Smartwatch,Electronics,Surat,Store,UPI,2,7267.0,0.25,14534.0,10900.5,1,-545.02,2024,4,April,Sunday,14534.0,10900.5
2024-04-14,ORD011655,CUST03777,P015,Dining Table,Furniture,Pune,Store,UPI,2,21682.96,0.05,43365.92,41197.62,0,6790.07,2024,4,April,Sunday,43365.92,41197.623999999996
2024-04-14,ORD022470,CUST01601,P016,Sofa,Furniture,Ahmedabad,Online,UPI,2,36326.39,0.2,72652.78,58122.22,0,9956.55,2024,4,April,Sunday,72652.78,58122.224
2024-04-14,ORD040631,CUST02608,P006,Desk,Furniture,Hyderabad,Store,Debit Card,1,11079.26,0.15,11079.26,9417.37,0,1962.33,2024,4,April,Sunday,11079.26,9417.371
2024-04-14,ORD032928,CUST03151,P018,Jacket,Fashion,Mumbai,Store,UPI,2,5647.51,0.1,11295.02,10165.52,0,1729.64,2024,4,April,Sunday,11295.02,10165.518
2024-04-14,ORD038404,CUST03888,P004,Smartwatch,Electronics,Mumbai,Online,Debit Card,1,7456.08,0.05,7456.08,7083.28,0,726.34,2024,4,April,Sunday,7456.08,7083.276
2024-04-14,ORD049215,CUST01472,P003,Headphones,Electronics,Jaipur,Online,UPI,1,4828.39,0.0,4828.39,4828.39,0,657.44,2024,4,April,Sunday,4828.39,4828.39
2024-04-14,ORD034747,CUST03898,P007,Backpack,Accessories,Ahmedabad,Online,UPI,4,2223.53,0.1,8894.12,8004.71,0,1582.63,2024,4,April,Sunday,8894.12,8004.7080000000005
2024-04-14,ORD030533,CUST04208,P016,Sofa,Furniture,Chennai,Online,UPI,2,37220.25,0.05,74440.5,70718.47,0,5094.14,2024,4,April,Sunday,74440.5,70718.47499999999
2024-04-14,ORD025928,CUST02952,P017,Jeans,Fashion,Ahmedabad,Online,Debit Card,1,2645.5,0.1,2645.5,2380.95,0,527.58,2024,4,April,Sunday,2645.5,2380.9500000000003
2024-04-14,ORD014881,CUST00635,P009,T-Shirt,Fashion,Ahmedabad,Store,UPI,1,1264.74,0.2,1264.74,1011.79,0,122.19,2024,4,April,Sunday,1264.74,1011.792
2024-04-14,ORD013551,CUST01452,P009,T-Shirt,Fashion,Bengaluru,Online,Cash,1,1216.5,0.1,1216.5,1094.85,0,117.16,2024,4,April,Sunday,1216.5,1094.8500000000001
2024-04-14,ORD023520,CUST00373,P010,Coffee Maker,Home,Delhi,Store,Debit Card,1,6024.9,0.05,6024.9,5723.66,0,855.29,2024,4,April,Sunday,6024.9,5723.655
2024-04-14,ORD038310,CUST03652,P012,Air Fryer,Home,Chennai,Online,Credit Card,1,7091.2,0.1,7091.2,6382.08,0,499.38,2024,4,April,Sunday,7091.2,6382.08
2024-04-14,ORD036307,CUST03404,P011,Mixer Grinder,Home,Delhi,Store,Credit Card,1,4729.04,0.1,4729.04,4256.14,0,288.69,2024,4,April,Sunday,4729.04,4256.136
2024-04-14,ORD015322,CUST00911,P009,T-Shirt,Fashion,Chennai,Store,Credit Card,1,1130.76,0.2,1130.76,904.61,0,79.87,2024,4,April,Sunday,1130.76,904.6080000000001
2024-04-14,ORD045915,CUST01505,P008,Running Shoes,Fashion,Kolkata,Online,UPI,1,4550.45,0.0,4550.45,4550.45,0,1093.42,2024,4,April,Sunday,4550.45,4550.45
2024-04-14,ORD046017,CUST03528,P011,Mixer Grinder,Home,Hyderabad,Online,Credit Card,1,5039.43,0.15,5039.43,4283.52,0,948.36,2024,4,April,Sunday,5039.43,4283.5155
2024-04-14,ORD036175,CUST03897,P002,Smartphone,Electronics,Delhi,Online,UPI,1,30366.84,0.05,30366.84,28848.5,0,6025.67,2024,4,April,Sunday,30366.84,28848.498
2024-04-14,ORD007235,CUST00061,P004,Smartwatch,Electronics,Bengaluru,Online,Net Banking,1,6579.31,0.2,6579.31,5263.45,0,1080.65,2024,4,April,Sunday,6579.31,5263.448
2024-04-14,ORD013765,CUST04604,P003,Headphones,Electronics,Kolkata,Online,Net Banking,2,4343.05,0.25,8686.1,6514.58,0,1453.92,2024,4,April,Sunday,8686.1,6514.575000000001
2024-04-14,ORD005877,CUST00006,P010,Coffee Maker,Home,Mumbai,Store,Debit Card,1,5704.04,0.05,5704.04,5418.84,0,1337.93,2024,4,April,Sunday,5704.04,5418.838
2024-04-14,ORD017790,CUST01854,P014,Keyboard,Electronics,Ahmedabad,Store,Debit Card,2,2712.79,0.05,5425.58,5154.3,0,596.94,2024,4,April,Sunday,5425.58,5154.3009999999995
2024-04-14,ORD029270,CUST01193,P012,Air Fryer,Home,Kolkata,Store,UPI,1,6878.27,0.05,6878.27,6534.36,0,1846.6,2024,4,April,Sunday,6878.27,6534.3565
2024-04-14,ORD033173,CUST00475,P019,Vacuum Cleaner,Home,Chennai,Online,UPI,1,9483.6,0.1,9483.6,8535.24,0,1034.12,2024,4,April,Sunday,9483.6,8535.24
2024-04-14,ORD034342,CUST01030,P016,Sofa,Furniture,Kolkata,Online,Credit Card,4,32473.46,0.1,129893.84,116904.46,0,7738.02,2024,4,April,Sunday,129893.84,116904.456
2024-04-14,ORD010226,CUST04629,P015,Dining Table,Furniture,Ahmedabad,Online,Credit Card,1,22047.09,0.2,22047.09,17637.67,0,1629.27,2024,4,April,Sunday,22047.09,17637.672000000002
2024-04-14,ORD021785,CUST01898,P018,Jacket,Fashion,Ahmedabad,Online,UPI,2,4711.41,0.15,9422.82,8009.4,0,416.55,2024,4,April,Sunday,9422.82,8009.397
2024-04-14,ORD006353,CUST00962,P001,Laptop,Electronics,Jaipur,Store,Debit Card,1,63472.36,0.1,63472.36,57125.12,0,11320.58,2024,4,April,Sunday,63472.36,57125.124
2024-04-14,ORD042144,CUST03220,P008,Running Shoes,Fashion,Bengaluru,Online,UPI,2,4429.39,0.15,8858.78,7529.96,0,579.48,2024,4,April,Sunday,8858.78,7529.963000000001
2024-04-14,ORD001767,CUST00547,P008,Running Shoes,Fashion,Ahmedabad,Store,UPI,1,4006.18,0.15,4006.18,3405.25,0,211.43,2024,4,April,Sunday,4006.18,3405.2529999999997
2024-04-14,ORD002813,CUST04223,P014,Keyboard,Electronics,Mumbai,Store,Net Banking,1,2387.02,0.0,2387.02,2387.02,0,452.87,2024,4,April,Sunday,2387.02,2387.02
2024-04-14,ORD037894,CUST02831,P011,Mixer Grinder,Home,Kolkata,Online,Credit Card,1,5155.23,0.25,5155.23,3866.42,0,654.45,2024,4,April,Sunday,5155.23,3866.4224999999997
2024-04-14,ORD035889,CUST01245,P014,Keyboard,Electronics,Ahmedabad,Online,Credit Card,1,2465.19,0.0,2465.19,2465.19,0,240.66,2024,4,April,Sunday,2465.19,2465.19
2024-04-15,ORD009668,CUST02843,P002,Smartphone,Electronics,Hyderabad,Online,UPI,1,27631.66,0.05,27631.66,26250.08,0,4182.14,2024,4,April,Monday,27631.66,26250.076999999997
2024-04-15,ORD031926,CUST00824,P003,Headphones,Electronics,Pune,Store,UPI,4,4834.15,0.1,19336.6,17402.94,0,3619.61,2024,4,April,Monday,19336.6,17402.94
2024-04-15,ORD035273,CUST04344,P002,Smartphone,Electronics,Surat,Online,Credit Card,1,30516.27,0.0,30516.27,30516.27,0,5568.87,2024,4,April,Monday,30516.27,30516.27
2024-04-15,ORD045319,CUST02491,P006,Desk,Furniture,Kolkata,Store,Credit Card,2,11335.83,0.15,22671.66,19270.91,0,2223.56,2024,4,April,Monday,22671.66,19270.911
2024-04-15,ORD024701,CUST01625,P003,Headphones,Electronics,Pune,Online,Net Banking,4,4721.03,0.0,18884.12,18884.12,0,3499.08,2024,4,April,Monday,18884.12,18884.12
2024-04-15,ORD034906,CUST03538,P019,Vacuum Cleaner,Home,Surat,Online,Cash,1,8936.64,0.15,8936.64,7596.14,0,770.15,2024,4,April,Monday,8936.64,7596.143999999999
2024-04-15,ORD006712,CUST00946,P006,Desk,Furniture,Jaipur,Online,UPI,2,13081.55,0.0,26163.1,26163.1,0,4155.8,2024,4,April,Monday,26163.1,26163.1
2024-04-15,ORD038668,CUST02197,P013,Monitor,Electronics,Hyderabad,Online,UPI,2,16234.4,0.1,32468.8,29221.92,0,5655.84,2024,4,April,Monday,32468.8,29221.92
2024-04-15,ORD013755,CUST00778,P017,Jeans,Fashion,Delhi,Online,UPI,1,2809.57,0.15,2809.57,2388.13,0,306.15,2024,4,April,Monday,2809.57,2388.1345
2024-04-15,ORD009217,CUST02540,P009,T-Shirt,Fashion,Kolkata,Online,UPI,1,1304.1,0.2,1304.1,1043.28,0,105.88,2024,4,April,Monday,1304.1,1043.28
2024-04-15,ORD015229,CUST03987,P007,Backpack,Accessories,Jaipur,Store,Net Banking,1,2344.43,0.0,2344.43,2344.43,0,323.42,2024,4,April,Monday,2344.43,2344.43
2024-04-15,ORD005821,CUST04076,P013,Monitor,Electronics,Bengaluru,Online,UPI,1,19350.7,0.1,19350.7,17415.63,0,2308.89,2024,4,April,Monday,19350.7,17415.63
2024-04-15,ORD029874,CUST01395,P010,Coffee Maker,Home,Pune,Online,UPI,3,6039.22,0.2,18117.66,14494.13,0,683.08,2024,4,April,Monday,18117.66,14494.128
2024-04-15,ORD037934,CUST00209,P016,Sofa,Furniture,Delhi,Online,Credit Card,1,33862.75,0.1,33862.75,30476.48,0,3216.52,2024,4,April,Monday,33862.75,30476.475000000002
2024-04-15,ORD002941,CUST02765,P008,Running Shoes,Fashion,Delhi,Online,Net Banking,1,3795.08,0.05,3795.08,3605.33,0,670.19,2024,4,April,Monday,3795.08,3605.3259999999996
2024-04-15,ORD041390,CUST03682,P019,Vacuum Cleaner,Home,Mumbai,Online,UPI,1,8816.82,0.0,8816.82,8816.82,0,2384.64,2024,4,April,Monday,8816.82,8816.82
2024-04-15,ORD001079,CUST04512,P008,Running Shoes,Fashion,Surat,Online,UPI,1,4594.17,0.1,4594.17,4134.75,0,786.08,2024,4,April,Monday,4594.17,4134.753000000001
2024-04-15,ORD045143,CUST03965,P016,Sofa,Furniture,Mumbai,Store,Credit Card,1,35387.33,0.0,35387.33,35387.33,0,8265.95,2024,4,April,Monday,35387.33,35387.33
2024-04-15,ORD030676,CUST00023,P010,Coffee Maker,Home,Surat,Store,Cash,1,5787.46,0.05,5787.46,5498.09,1,-274.9,2024,4,April,Monday,5787.46,5498.0869999999995
2024-04-15,ORD026058,CUST04145,P013,Monitor,Electronics,Kolkata,Online,Credit Card,2,16500.29,0.1,33000.58,29700.52,0,3604.82,2024,4,April,Monday,33000.58,29700.522
2024-04-15,ORD006676,CUST04986,P014,Keyboard,Electronics,Pune,Store,Net Banking,2,2737.93,0.15,5475.86,4654.48,0,581.6,2024,4,April,Monday,5475.86,4654.481
2024-04-15,ORD010722,CUST03681,P006,Desk,Furniture,Jaipur,Store,Credit Card,1,11665.88,0.15,11665.88,9916.0,0,2426.22,2024,4,April,Monday,11665.88,9915.998
2024-04-15,ORD024512,CUST02109,P010,Coffee Maker,Home,Chennai,Online,Net Banking,1,5375.0,0.0,5375.0,5375.0,0,838.41,2024,4,April,Monday,5375.0,5375.0
2024-04-15,ORD000152,CUST01682,P016,Sofa,Furniture,Bengaluru,Online,Credit Card,1,38007.24,0.1,38007.24,34206.52,0,6424.16,2024,4,April,Monday,38007.24,34206.515999999996
2024-04-15,ORD038674,CUST01069,P002,Smartphone,Electronics,Jaipur,Online,Debit Card,1,27463.85,0.05,27463.85,26090.66,0,7036.43,2024,4,April,Monday,27463.85,26090.657499999998
2024-04-15,ORD007178,CUST04317,P010,Coffee Maker,Home,Surat,Store,UPI,3,5798.36,0.1,17395.08,15655.57,0,3767.46,2024,4,April,Monday,17395.079999999998,15655.572000000002
2024-04-15,ORD033721,CUST00725,P020,Microwave,Home,Surat,Online,Credit Card,4,10190.7,0.0,40762.8,40762.8,0,10934.51,2024,4,April,Monday,40762.8,40762.8
2024-04-15,ORD006494,CUST01860,P009,T-Shirt,Fashion,Hyderabad,Online,Cash,1,1104.59,0.0,1104.59,1104.59,0,98.83,2024,4,April,Monday,1104.59,1104.59
2024-04-15,ORD021772,CUST04924,P015,Dining Table,Furniture,Ahmedabad,Online,Credit Card,2,22687.38,0.2,45374.76,36299.81,0,7961.45,2024,4,April,Monday,45374.76,36299.808000000005
2024-04-15,ORD022846,CUST00298,P001,Laptop,Electronics,Pune,Store,Credit Card,1,64087.87,0.15,64087.87,54474.69,0,10312.21,2024,4,April,Monday,64087.87,54474.6895
2024-04-15,ORD048851,CUST02442,P001,Laptop,Electronics,Mumbai,Online,UPI,4,64244.34,0.1,256977.36,231279.62,0,54244.39,2024,4,April,Monday,256977.36,231279.62399999998
2024-04-15,ORD023998,CUST00524,P005,Office Chair,Furniture,Jaipur,Online,Credit Card,4,9010.51,0.1,36042.04,32437.84,0,3434.02,2024,4,April,Monday,36042.04,32437.836000000003
2024-04-15,ORD048644,CUST01370,P019,Vacuum Cleaner,Home,Bengaluru,Online,Cash,1,9321.15,0.1,9321.15,8389.04,0,524.51,2024,4,April,Monday,9321.15,8389.035
2024-04-15,ORD011177,CUST04038,P014,Keyboard,Electronics,Kolkata,Store,Credit Card,1,2708.32,0.25,2708.32,2031.24,0,490.35,2024,4,April,Monday,2708.32,2031.2400000000002
2024-04-15,ORD040386,CUST01393,P007,Backpack,Accessories,Ahmedabad,Store,UPI,1,2217.68,0.25,2217.68,1663.26,0,166.25,2024,4,April,Monday,2217.68,1663.2599999999998
2024-04-15,ORD036143,CUST00336,P001,Laptop,Electronics,Bengaluru,Store,UPI,2,71412.14,0.1,142824.28,128541.85,0,15287.5,2024,4,April,Monday,142824.28,128541.852
2024-04-15,ORD026289,CUST01311,P020,Microwave,Home,Chennai,Store,Debit Card,1,11899.02,0.2,11899.02,9519.22,0,523.86,2024,4,April,Monday,11899.02,9519.216
2024-04-15,ORD002774,CUST04997,P011,Mixer Grinder,Home,Jaipur,Store,Debit Card,3,4973.85,0.05,14921.55,14175.47,1,-708.77,2024,4,April,Monday,14921.550000000001,14175.472499999998
2024-04-15,ORD019983,CUST02535,P010,Coffee Maker,Home,Mumbai,Online,UPI,1,5917.94,0.0,5917.94,5917.94,0,477.71,2024,4,April,Monday,5917.94,5917.94
2024-04-15,ORD045253,CUST02530,P017,Jeans,Fashion,Surat,Store,UPI,1,3045.92,0.05,3045.92,2893.62,0,473.36,2024,4,April,Monday,3045.92,2893.624
2024-04-15,ORD011173,CUST01467,P004,Smartwatch,Electronics,Delhi,Store,UPI,1,7677.12,0.0,7677.12,7677.12,0,951.46,2024,4,April,Monday,7677.12,7677.12
2024-04-15,ORD044626,CUST01509,P001,Laptop,Electronics,Jaipur,Online,Credit Card,1,67969.53,0.25,67969.53,50977.15,0,2039.09,2024,4,April,Monday,67969.53,50977.1475
2024-04-15,ORD009944,CUST03436,P014,Keyboard,Electronics,Chennai,Store,Credit Card,3,2641.04,0.05,7923.12,7526.96,0,1072.33,2024,4,April,Monday,7923.12,7526.964
2024-04-15,ORD005193,CUST04136,P007,Backpack,Accessories,Ahmedabad,Online,Net Banking,1,2378.99,0.05,2378.99,2260.04,0,310.79,2024,4,April,Monday,2378.99,2260.0404999999996
2024-04-15,ORD017597,CUST04474,P017,Jeans,Fashion,Surat,Store,UPI,1,2813.84,0.15,2813.84,2391.76,0,510.4,2024,4,April,Monday,2813.84,2391.764
2024-04-15,ORD035443,CUST00778,P015,Dining Table,Furniture,Bengaluru,Online,Net Banking,1,21124.3,0.05,21124.3,20068.08,0,4424.05,2024,4,April,Monday,21124.3,20068.085
2024-04-15,ORD038307,CUST00988,P009,T-Shirt,Fashion,Bengaluru,Store,UPI,3,1280.64,0.0,3841.92,3841.92,0,841.31,2024,4,April,Monday,3841.92,3841.92
2024-04-15,ORD013991,CUST03270,P015,Dining Table,Furniture,Mumbai,Store,UPI,1,19943.83,0.05,19943.83,18946.64,0,3206.88,2024,4,April,Monday,19943.83,18946.6385
2024-04-15,ORD049811,CUST04502,P016,Sofa,Furniture,Hyderabad,Store,Debit Card,1,32238.25,0.0,32238.25,32238.25,0,4623.63,2024,4,April,Monday,32238.25,32238.25
2024-04-15,ORD043110,CUST03386,P002,Smartphone,Electronics,Chennai,Online,UPI,1,25276.46,0.2,25276.46,20221.17,0,2198.46,2024,4,April,Monday,25276.46,20221.168
2024-04-15,ORD044833,CUST01215,P003,Headphones,Electronics,Delhi,Store,Credit Card,1,4091.84,0.05,4091.84,3887.25,0,513.27,2024,4,April,Monday,4091.84,3887.248
2024-04-15,ORD026223,CUST02419,P001,Laptop,Electronics,Chennai,Store,Cash,2,60419.78,0.25,120839.56,90629.67,0,13993.25,2024,4,April,Monday,120839.56,90629.67
2024-04-15,ORD017943,CUST02825,P013,Monitor,Electronics,Kolkata,Online,Credit Card,2,19750.03,0.05,39500.06,37525.06,0,3224.85,2024,4,April,Monday,39500.06,37525.05699999999
2024-04-15,ORD008259,CUST04970,P015,Dining Table,Furniture,Bengaluru,Online,Credit Card,2,23652.35,0.05,47304.7,44939.46,0,12164.62,2024,4,April,Monday,47304.7,44939.465
2024-04-15,ORD036865,CUST00600,P012,Air Fryer,Home,Chennai,Store,UPI,2,7164.33,0.2,14328.66,11462.93,1,-573.15,2024,4,April,Monday,14328.66,11462.928
2024-04-15,ORD001873,CUST02946,P006,Desk,Furniture,Mumbai,Online,Cash,1,11728.06,0.05,11728.06,11141.66,0,1727.43,2024,4,April,Monday,11728.06,11141.657
2024-04-15,ORD020090,CUST04187,P009,T-Shirt,Fashion,Pune,Online,UPI,2,1204.39,0.1,2408.78,2167.9,0,284.39,2024,4,April,Monday,2408.78,2167.902
2024-04-15,ORD048628,CUST03360,P010,Coffee Maker,Home,Jaipur,Online,Debit Card,2,5086.58,0.05,10173.16,9664.5,0,2626.09,2024,4,April,Monday,10173.16,9664.501999999999
2024-04-15,ORD041142,CUST02556,P004,Smartwatch,Electronics,Kolkata,Online,UPI,1,7386.54,0.0,7386.54,7386.54,0,1250.38,2024,4,April,Monday,7386.54,7386.54
2024-04-15,ORD041126,CUST02443,P013,Monitor,Electronics,Kolkata,Store,Credit Card,1,18363.14,0.05,18363.14,17444.98,0,3552.22,2024,4,April,Monday,18363.14,17444.983
2024-04-15,ORD003356,CUST01461,P014,Keyboard,Electronics,Delhi,Store,UPI,1,2602.94,0.2,2602.94,2082.35,0,147.14,2024,4,April,Monday,2602.94,2082.3520000000003
2024-04-15,ORD025316,CUST01000,P006,Desk,Furniture,Surat,Online,UPI,1,11000.33,0.05,11000.33,10450.31,0,1821.94,2024,4,April,Monday,11000.33,10450.3135
2024-04-15,ORD048972,CUST02144,P010,Coffee Maker,Home,Mumbai,Online,Debit Card,2,5918.72,0.1,11837.44,10653.7,0,2378.63,2024,4,April,Monday,11837.44,10653.696
2024-04-15,ORD027140,CUST02815,P017,Jeans,Fashion,Kolkata,Store,Credit Card,1,2885.85,0.1,2885.85,2597.26,0,302.79,2024,4,April,Monday,2885.85,2597.265
2024-04-15,ORD010326,CUST04764,P010,Coffee Maker,Home,Mumbai,Online,Debit Card,1,5903.38,0.0,5903.38,5903.38,0,871.91,2024,4,April,Monday,5903.38,5903.38
2024-04-16,ORD043284,CUST00361,P005,Office Chair,Furniture,Chennai,Online,UPI,1,9310.71,0.0,9310.71,9310.71,0,2407.51,2024,4,April,Tuesday,9310.71,9310.71
2024-04-16,ORD009219,CUST00614,P012,Air Fryer,Home,Bengaluru,Online,Credit Card,2,6990.14,0.0,13980.28,13980.28,0,3701.13,2024,4,April,Tuesday,13980.28,13980.28
2024-04-16,ORD030870,CUST01565,P014,Keyboard,Electronics,Surat,Online,Credit Card,3,2406.43,0.05,7219.29,6858.33,0,1175.64,2024,4,April,Tuesday,7219.289999999999,6858.3255
2024-04-16,ORD042549,CUST00265,P008,Running Shoes,Fashion,Mumbai,Online,Credit Card,1,4456.85,0.1,4456.85,4011.17,0,1082.43,2024,4,April,Tuesday,4456.85,4011.1650000000004
2024-04-16,ORD033530,CUST03294,P012,Air Fryer,Home,Kolkata,Store,UPI,4,6566.67,0.1,26266.68,23640.01,0,1785.52,2024,4,April,Tuesday,26266.68,23640.012000000002
2024-04-16,ORD018956,CUST04963,P003,Headphones,Electronics,Jaipur,Store,UPI,1,4888.25,0.0,4888.25,4888.25,0,652.82,2024,4,April,Tuesday,4888.25,4888.25
2024-04-16,ORD039706,CUST00087,P017,Jeans,Fashion,Surat,Online,UPI,1,3068.18,0.15,3068.18,2607.95,0,392.75,2024,4,April,Tuesday,3068.18,2607.953
2024-04-16,ORD005322,CUST03967,P015,Dining Table,Furniture,Pune,Online,UPI,2,23628.37,0.15,47256.74,40168.23,0,4949.93,2024,4,April,Tuesday,47256.74,40168.229
2024-04-16,ORD003163,CUST03325,P009,T-Shirt,Fashion,Jaipur,Online,Debit Card,1,1175.98,0.1,1175.98,1058.38,0,80.24,2024,4,April,Tuesday,1175.98,1058.382
2024-04-16,ORD001269,CUST04082,P017,Jeans,Fashion,Chennai,Store,Credit Card,1,2694.07,0.05,2694.07,2559.37,1,-127.97,2024,4,April,Tuesday,2694.07,2559.3665
2024-04-16,ORD046115,CUST03843,P003,Headphones,Electronics,Ahmedabad,Online,Debit Card,4,4203.82,0.0,16815.28,16815.28,0,4021.04,2024,4,April,Tuesday,16815.28,16815.28
2024-04-16,ORD005082,CUST02335,P006,Desk,Furniture,Chennai,Store,Debit Card,1,12910.41,0.1,12910.41,11619.37,0,2955.9,2024,4,April,Tuesday,12910.41,11619.369
2024-04-16,ORD043051,CUST04763,P017,Jeans,Fashion,Delhi,Online,UPI,1,2734.24,0.15,2734.24,2324.1,0,321.09,2024,4,April,Tuesday,2734.24,2324.104
2024-04-16,ORD019963,CUST01195,P015,Dining Table,Furniture,Ahmedabad,Online,UPI,1,21264.08,0.05,21264.08,20200.88,0,4143.82,2024,4,April,Tuesday,21264.08,20200.876
2024-04-16,ORD008915,CUST01615,P009,T-Shirt,Fashion,Chennai,Online,UPI,1,1240.58,0.15,1240.58,1054.49,0,273.14,2024,4,April,Tuesday,1240.58,1054.493
2024-04-16,ORD016413,CUST04205,P017,Jeans,Fashion,Jaipur,Online,UPI,1,2965.17,0.1,2965.17,2668.65,0,287.78,2024,4,April,Tuesday,2965.17,2668.6530000000002
2024-04-16,ORD035414,CUST02299,P015,Dining Table,Furniture,Surat,Store,Net Banking,2,24126.65,0.0,48253.3,48253.3,1,-2412.67,2024,4,April,Tuesday,48253.3,48253.3
2024-04-16,ORD041009,CUST00838,P018,Jacket,Fashion,Delhi,Online,Net Banking,4,4778.43,0.2,19113.72,15290.98,0,3002.72,2024,4,April,Tuesday,19113.72,15290.976000000002
2024-04-16,ORD012632,CUST03046,P002,Smartphone,Electronics,Kolkata,Online,Net Banking,1,27387.33,0.15,27387.33,23279.23,0,5984.56,2024,4,April,Tuesday,27387.33,23279.2305
2024-04-16,ORD011829,CUST00263,P009,T-Shirt,Fashion,Delhi,Store,Credit Card,1,1217.79,0.15,1217.79,1035.12,0,206.04,2024,4,April,Tuesday,1217.79,1035.1215
2024-04-16,ORD013689,CUST03573,P007,Backpack,Accessories,Pune,Online,Debit Card,1,2235.05,0.05,2235.05,2123.3,0,296.83,2024,4,April,Tuesday,2235.05,2123.2975
2024-04-16,ORD032994,CUST00480,P004,Smartwatch,Electronics,Ahmedabad,Online,Credit Card,2,6929.33,0.15,13858.66,11779.86,0,3049.43,2024,4,April,Tuesday,13858.66,11779.860999999999
2024-04-16,ORD029137,CUST03873,P006,Desk,Furniture,Bengaluru,Online,UPI,1,11061.15,0.15,11061.15,9401.98,0,874.51,2024,4,April,Tuesday,11061.15,9401.977499999999
2024-04-16,ORD013025,CUST01894,P004,Smartwatch,Electronics,Jaipur,Online,UPI,2,6548.84,0.1,13097.68,11787.91,0,1397.7,2024,4,April,Tuesday,13097.68,11787.912
2024-04-16,ORD029995,CUST01214,P006,Desk,Furniture,Kolkata,Online,Debit Card,2,12022.09,0.15,24044.18,20437.55,0,1769.28,2024,4,April,Tuesday,24044.18,20437.553
2024-04-16,ORD008842,CUST04714,P001,Laptop,Electronics,Kolkata,Online,Net Banking,1,71228.13,0.05,71228.13,67666.72,0,13917.79,2024,4,April,Tuesday,71228.13,67666.72350000001
2024-04-16,ORD044531,CUST02068,P019,Vacuum Cleaner,Home,Pune,Online,Credit Card,1,8639.25,0.15,8639.25,7343.36,0,1100.96,2024,4,April,Tuesday,8639.25,7343.3625
2024-04-16,ORD004264,CUST00535,P016,Sofa,Furniture,Jaipur,Store,UPI,1,31869.94,0.25,31869.94,23902.46,1,-1195.12,2024,4,April,Tuesday,31869.94,23902.454999999998
2024-04-16,ORD034568,CUST02876,P012,Air Fryer,Home,Ahmedabad,Online,Debit Card,4,7420.14,0.0,29680.56,29680.56,0,3803.49,2024,4,April,Tuesday,29680.56,29680.56
2024-04-16,ORD001282,CUST02670,P007,Backpack,Accessories,Pune,Online,UPI,1,2409.96,0.05,2409.96,2289.46,0,596.89,2024,4,April,Tuesday,2409.96,2289.462
2024-04-16,ORD035327,CUST02571,P009,T-Shirt,Fashion,Jaipur,Store,Debit Card,3,1297.53,0.0,3892.59,3892.59,0,763.98,2024,4,April,Tuesday,3892.59,3892.59
2024-04-16,ORD001012,CUST03620,P019,Vacuum Cleaner,Home,Mumbai,Online,Net Banking,1,8130.46,0.05,8130.46,7723.94,0,1005.78,2024,4,April,Tuesday,8130.46,7723.937
2024-04-16,ORD039837,CUST04468,P016,Sofa,Furniture,Bengaluru,Store,Debit Card,1,34424.62,0.15,34424.62,29260.93,0,7785.56,2024,4,April,Tuesday,34424.62,29260.927
2024-04-16,ORD031511,CUST02061,P012,Air Fryer,Home,Chennai,Store,Net Banking,1,7905.42,0.25,7905.42,5929.06,0,656.37,2024,4,April,Tuesday,7905.42,5929.0650000000005
2024-04-16,ORD010469,CUST04110,P011,Mixer Grinder,Home,Hyderabad,Store,UPI,1,4456.83,0.05,4456.83,4233.99,0,373.34,2024,4,April,Tuesday,4456.83,4233.9884999999995
2024-04-16,ORD009921,CUST02290,P013,Monitor,Electronics,Hyderabad,Store,UPI,4,18428.44,0.05,73713.76,70028.07,0,10497.14,2024,4,April,Tuesday,73713.76,70028.07199999999
2024-04-16,ORD035083,CUST02635,P019,Vacuum Cleaner,Home,Mumbai,Store,UPI,1,8410.48,0.15,8410.48,7148.91,0,747.3,2024,4,April,Tuesday,8410.48,7148.907999999999
2024-04-16,ORD032557,CUST02564,P002,Smartphone,Electronics,Ahmedabad,Online,Cash,3,25732.06,0.15,77196.18,65616.75,0,7379.66,2024,4,April,Tuesday,77196.18000000001,65616.753
2024-04-16,ORD041950,CUST01312,P013,Monitor,Electronics,Ahmedabad,Store,UPI,1,19607.02,0.05,19607.02,18626.67,0,1727.19,2024,4,April,Tuesday,19607.02,18626.668999999998
2024-04-16,ORD028036,CUST01456,P015,Dining Table,Furniture,Bengaluru,Online,Cash,1,22265.94,0.05,22265.94,21152.64,0,4623.11,2024,4,April,Tuesday,22265.94,21152.642999999996
2024-04-16,ORD034393,CUST01642,P001,Laptop,Electronics,Pune,Online,Credit Card,1,62743.1,0.15,62743.1,53331.63,0,7460.11,2024,4,April,Tuesday,62743.1,53331.634999999995
2024-04-16,ORD038739,CUST04875,P019,Vacuum Cleaner,Home,Jaipur,Online,UPI,2,9575.01,0.15,19150.02,16277.52,0,3820.23,2024,4,April,Tuesday,19150.02,16277.517
2024-04-16,ORD003382,CUST01217,P011,Mixer Grinder,Home,Pune,Store,Net Banking,2,5128.44,0.1,10256.88,9231.19,0,1879.74,2024,4,April,Tuesday,10256.88,9231.192
2024-04-16,ORD008692,CUST00443,P010,Coffee Maker,Home,Surat,Online,Credit Card,1,5260.48,0.0,5260.48,5260.48,0,1126.4,2024,4,April,Tuesday,5260.48,5260.48
2024-04-16,ORD022361,CUST03262,P013,Monitor,Electronics,Surat,Store,Net Banking,2,16947.98,0.1,33895.96,30506.36,1,-1525.32,2024,4,April,Tuesday,33895.96,30506.364
2024-04-16,ORD028314,CUST02728,P010,Coffee Maker,Home,Kolkata,Online,Credit Card,5,4987.67,0.05,24938.35,23691.43,0,3836.23,2024,4,April,Tuesday,24938.35,23691.4325
2024-04-16,ORD021939,CUST04959,P016,Sofa,Furniture,Bengaluru,Online,Net Banking,1,35957.19,0.1,35957.19,32361.47,0,4897.83,2024,4,April,Tuesday,35957.19,32361.471
2024-04-16,ORD012178,CUST02195,P005,Office Chair,Furniture,Delhi,Store,Credit Card,1,10157.78,0.0,10157.78,10157.78,0,2396.96,2024,4,April,Tuesday,10157.78,10157.78
2024-04-16,ORD045838,CUST04900,P016,Sofa,Furniture,Jaipur,Store,Debit Card,1,35510.51,0.0,35510.51,35510.51,0,4145.83,2024,4,April,Tuesday,35510.51,35510.51
2024-04-16,ORD009567,CUST02365,P012,Air Fryer,Home,Hyderabad,Store,Cash,1,6905.29,0.1,6905.29,6214.76,0,1102.35,2024,4,April,Tuesday,6905.29,6214.761
2024-04-16,ORD026314,CUST00711,P008,Running Shoes,Fashion,Surat,Store,Credit Card,5,4464.57,0.0,22322.85,22322.85,0,2022.27,2024,4,April,Tuesday,22322.85,22322.85
2024-04-16,ORD042230,CUST03490,P012,Air Fryer,Home,Ahmedabad,Online,Credit Card,1,7528.97,0.15,7528.97,6399.62,0,660.08,2024,4,April,Tuesday,7528.97,6399.6245
2024-04-16,ORD018316,CUST00909,P003,Headphones,Electronics,Mumbai,Store,UPI,1,4308.19,0.05,4308.19,4092.78,0,303.84,2024,4,April,Tuesday,4308.19,4092.7804999999994
2024-04-16,ORD018259,CUST03017,P012,Air Fryer,Home,Hyderabad,Online,Debit Card,1,6627.55,0.1,6627.55,5964.8,0,907.17,2024,4,April,Tuesday,6627.55,5964.795
2024-04-16,ORD006052,CUST03486,P018,Jacket,Fashion,Mumbai,Store,UPI,1,4865.47,0.15,4865.47,4135.65,0,315.35,2024,4,April,Tuesday,4865.47,4135.6495
2024-04-16,ORD001829,CUST00088,P014,Keyboard,Electronics,Mumbai,Online,UPI,1,2528.33,0.2,2528.33,2022.66,0,506.78,2024,4,April,Tuesday,2528.33,2022.664
2024-04-16,ORD045749,CUST01490,P017,Jeans,Fashion,Kolkata,Online,Cash,1,2688.64,0.15,2688.64,2285.34,0,387.41,2024,4,April,Tuesday,2688.64,2285.344
2024-04-16,ORD032488,CUST00557,P002,Smartphone,Electronics,Pune,Online,Cash,5,28593.14,0.25,142965.7,107224.28,0,19570.82,2024,4,April,Tuesday,142965.7,107224.27500000001
2024-04-16,ORD018449,CUST04290,P019,Vacuum Cleaner,Home,Kolkata,Store,Debit Card,2,9464.57,0.05,18929.14,17982.68,0,1761.95,2024,4,April,Tuesday,18929.14,17982.682999999997
2024-04-17,ORD005853,CUST02113,P011,Mixer Grinder,Home,Ahmedabad,Online,Debit Card,1,4723.52,0.0,4723.52,4723.52,1,-236.18,2024,4,April,Wednesday,4723.52,4723.52
2024-04-17,ORD012611,CUST02033,P001,Laptop,Electronics,Surat,Store,UPI,1,68030.55,0.1,68030.55,61227.5,0,14851.17,2024,4,April,Wednesday,68030.55,61227.495
2024-04-17,ORD030006,CUST00672,P004,Smartwatch,Electronics,Ahmedabad,Online,Debit Card,3,7555.3,0.1,22665.9,20399.31,0,4487.76,2024,4,April,Wednesday,22665.9,20399.31
2024-04-17,ORD026198,CUST04479,P001,Laptop,Electronics,Chennai,Store,UPI,2,60826.21,0.0,121652.42,121652.42,0,16127.99,2024,4,April,Wednesday,121652.42,121652.42
2024-04-17,ORD020172,CUST02592,P018,Jacket,Fashion,Surat,Online,UPI,1,4852.32,0.0,4852.32,4852.32,0,573.29,2024,4,April,Wednesday,4852.32,4852.32
2024-04-17,ORD038632,CUST02205,P017,Jeans,Fashion,Pune,Store,Credit Card,1,3009.39,0.1,3009.39,2708.45,0,225.23,2024,4,April,Wednesday,3009.39,2708.451
2024-04-17,ORD026194,CUST02765,P015,Dining Table,Furniture,Surat,Store,UPI,2,23170.89,0.25,46341.78,34756.34,1,-1737.82,2024,4,April,Wednesday,46341.78,34756.335
2024-04-17,ORD006335,CUST01720,P001,Laptop,Electronics,Chennai,Store,UPI,1,64483.99,0.0,64483.99,64483.99,0,14727.23,2024,4,April,Wednesday,64483.99,64483.99
2024-04-17,ORD044207,CUST04794,P009,T-Shirt,Fashion,Delhi,Online,UPI,1,1151.31,0.0,1151.31,1151.31,0,126.52,2024,4,April,Wednesday,1151.31,1151.31
2024-04-17,ORD040663,CUST01705,P004,Smartwatch,Electronics,Kolkata,Store,UPI,2,6642.57,0.1,13285.14,11956.63,0,1243.6,2024,4,April,Wednesday,13285.14,11956.626
2024-04-17,ORD025578,CUST04670,P014,Keyboard,Electronics,Surat,Store,Debit Card,1,2451.22,0.15,2451.22,2083.54,0,189.3,2024,4,April,Wednesday,2451.22,2083.537
2024-04-17,ORD034350,CUST01635,P015,Dining Table,Furniture,Mumbai,Store,UPI,1,21509.72,0.15,21509.72,18283.26,0,4551.1,2024,4,April,Wednesday,21509.72,18283.262
2024-04-17,ORD023751,CUST04065,P007,Backpack,Accessories,Jaipur,Store,UPI,1,2034.94,0.15,2034.94,1729.7,0,106.27,2024,4,April,Wednesday,2034.94,1729.699
2024-04-17,ORD024529,CUST02395,P001,Laptop,Electronics,Kolkata,Online,UPI,1,62876.64,0.1,62876.64,56588.98,0,11892.98,2024,4,April,Wednesday,62876.64,56588.976
2024-04-17,ORD048428,CUST04133,P014,Keyboard,Electronics,Hyderabad,Online,UPI,4,2626.93,0.1,10507.72,9456.95,1,-472.85,2024,4,April,Wednesday,10507.72,9456.948
2024-04-17,ORD004473,CUST01859,P012,Air Fryer,Home,Surat,Online,Credit Card,1,6482.77,0.1,6482.77,5834.49,0,1312.36,2024,4,April,Wednesday,6482.77,5834.493
2024-04-17,ORD028377,CUST02254,P011,Mixer Grinder,Home,Chennai,Online,Credit Card,1,5242.2,0.25,5242.2,3931.65,0,226.38,2024,4,April,Wednesday,5242.2,3931.6499999999996
2024-04-17,ORD026664,CUST04886,P009,T-Shirt,Fashion,Delhi,Online,Credit Card,2,1093.43,0.05,2186.86,2077.52,0,162.12,2024,4,April,Wednesday,2186.86,2077.517
2024-04-17,ORD014484,CUST01145,P018,Jacket,Fashion,Chennai,Online,UPI,1,5089.86,0.1,5089.86,4580.87,0,677.4,2024,4,April,Wednesday,5089.86,4580.874
2024-04-17,ORD014908,CUST01556,P012,Air Fryer,Home,Chennai,Online,Debit Card,3,6730.75,0.1,20192.25,18173.03,0,1571.91,2024,4,April,Wednesday,20192.25,18173.025
2024-04-17,ORD016763,CUST02087,P009,T-Shirt,Fashion,Bengaluru,Store,Credit Card,2,1138.36,0.25,2276.72,1707.54,0,189.32,2024,4,April,Wednesday,2276.72,1707.54
2024-04-17,ORD040970,CUST01464,P013,Monitor,Electronics,Bengaluru,Online,Cash,2,16355.0,0.2,32710.0,26168.0,0,5098.98,2024,4,April,Wednesday,32710.0,26168.0
2024-04-17,ORD003335,CUST04987,P010,Coffee Maker,Home,Chennai,Store,Credit Card,4,5408.3,0.0,21633.2,21633.2,0,2372.31,2024,4,April,Wednesday,21633.2,21633.2
2024-04-17,ORD047956,CUST03152,P002,Smartphone,Electronics,Ahmedabad,Store,UPI,2,26728.93,0.15,53457.86,45439.18,0,6125.8,2024,4,April,Wednesday,53457.86,45439.181
2024-04-17,ORD021737,CUST02135,P018,Jacket,Fashion,Pune,Online,Cash,1,4792.85,0.05,4792.85,4553.21,0,1026.86,2024,4,April,Wednesday,4792.85,4553.2075
2024-04-17,ORD013367,CUST04373,P004,Smartwatch,Electronics,Delhi,Online,UPI,2,7422.34,0.05,14844.68,14102.45,0,2559.83,2024,4,April,Wednesday,14844.68,14102.446
2024-04-17,ORD040212,CUST04088,P019,Vacuum Cleaner,Home,Chennai,Online,UPI,3,9718.55,0.1,29155.65,26240.08,0,5181.62,2024,4,April,Wednesday,29155.649999999998,26240.085000000003
2024-04-17,ORD033882,CUST04114,P011,Mixer Grinder,Home,Ahmedabad,Store,Credit Card,1,4353.32,0.05,4353.32,4135.65,0,533.14,2024,4,April,Wednesday,4353.32,4135.6539999999995
2024-04-17,ORD009720,CUST02416,P019,Vacuum Cleaner,Home,Jaipur,Online,Debit Card,1,9403.71,0.1,9403.71,8463.34,0,1380.9,2024,4,April,Wednesday,9403.71,8463.339
2024-04-17,ORD035373,CUST00602,P005,Office Chair,Furniture,Bengaluru,Store,UPI,1,10157.58,0.0,10157.58,10157.58,1,-507.88,2024,4,April,Wednesday,10157.58,10157.58
2024-04-17,ORD001019,CUST03327,P017,Jeans,Fashion,Ahmedabad,Online,Credit Card,4,2917.19,0.0,11668.76,11668.76,0,2160.27,2024,4,April,Wednesday,11668.76,11668.76
2024-04-17,ORD031941,CUST02115,P001,Laptop,Electronics,Hyderabad,Online,Debit Card,1,66565.34,0.2,66565.34,53252.27,0,6289.65,2024,4,April,Wednesday,66565.34,53252.272
2024-04-17,ORD003267,CUST01993,P006,Desk,Furniture,Delhi,Store,UPI,1,12934.44,0.0,12934.44,12934.44,0,3098.08,2024,4,April,Wednesday,12934.44,12934.44
2024-04-17,ORD049897,CUST01888,P001,Laptop,Electronics,Mumbai,Store,UPI,1,69343.93,0.1,69343.93,62409.54,0,10025.82,2024,4,April,Wednesday,69343.93,62409.537
2024-04-17,ORD030749,CUST02180,P019,Vacuum Cleaner,Home,Bengaluru,Online,Credit Card,2,8762.21,0.0,17524.42,17524.42,1,-876.22,2024,4,April,Wednesday,17524.42,17524.42
2024-04-17,ORD049227,CUST03012,P010,Coffee Maker,Home,Ahmedabad,Online,Credit Card,1,5865.49,0.05,5865.49,5572.22,0,788.38,2024,4,April,Wednesday,5865.49,5572.215499999999
2024-04-17,ORD033606,CUST00830,P007,Backpack,Accessories,Mumbai,Online,UPI,1,2142.52,0.15,2142.52,1821.14,1,-91.06,2024,4,April,Wednesday,2142.52,1821.1419999999998
2024-04-17,ORD035796,CUST04523,P004,Smartwatch,Electronics,Mumbai,Store,Debit Card,1,7169.77,0.15,7169.77,6094.3,0,1045.86,2024,4,April,Wednesday,7169.77,6094.3045
2024-04-17,ORD044107,CUST02691,P016,Sofa,Furniture,Hyderabad,Online,UPI,1,37602.64,0.25,37602.64,28201.98,0,6005.78,2024,4,April,Wednesday,37602.64,28201.98
2024-04-17,ORD042289,CUST01491,P019,Vacuum Cleaner,Home,Mumbai,Online,Credit Card,3,8960.87,0.2,26882.61,21506.09,1,-1075.3,2024,4,April,Wednesday,26882.61,21506.088000000003
2024-04-17,ORD019490,CUST00526,P016,Sofa,Furniture,Surat,Store,Credit Card,1,35183.97,0.15,35183.97,29906.37,0,4862.1,2024,4,April,Wednesday,35183.97,29906.3745
2024-04-17,ORD012630,CUST00103,P006,Desk,Furniture,Hyderabad,Online,Net Banking,2,12529.96,0.1,25059.92,22553.93,0,2841.18,2024,4,April,Wednesday,25059.92,22553.928
2024-04-17,ORD010040,CUST00813,P019,Vacuum Cleaner,Home,Chennai,Online,Cash,1,9654.93,0.05,9654.93,9172.18,0,756.22,2024,4,April,Wednesday,9654.93,9172.1835
2024-04-17,ORD046240,CUST04988,P002,Smartphone,Electronics,Surat,Online,Credit Card,1,30061.61,0.2,30061.61,24049.29,0,5861.58,2024,4,April,Wednesday,30061.61,24049.288
2024-04-17,ORD027170,CUST00551,P019,Vacuum Cleaner,Home,Chennai,Online,Credit Card,1,9191.41,0.1,9191.41,8272.27,0,912.91,2024,4,April,Wednesday,9191.41,8272.269
2024-04-17,ORD041633,CUST03389,P011,Mixer Grinder,Home,Kolkata,Online,UPI,2,4866.89,0.15,9733.78,8273.71,0,495.38,2024,4,April,Wednesday,9733.78,8273.713
2024-04-17,ORD049536,CUST02387,P018,Jacket,Fashion,Bengaluru,Online,UPI,3,4920.95,0.1,14762.85,13286.56,0,2690.67,2024,4,April,Wednesday,14762.849999999999,13286.565
2024-04-17,ORD030851,CUST03746,P013,Monitor,Electronics,Bengaluru,Store,Credit Card,1,18924.73,0.05,18924.73,17978.49,0,1398.97,2024,4,April,Wednesday,18924.73,17978.4935
2024-04-17,ORD028494,CUST01603,P015,Dining Table,Furniture,Chennai,Online,UPI,2,21666.53,0.1,43333.06,38999.75,0,4300.72,2024,4,April,Wednesday,43333.06,38999.754
2024-04-17,ORD030235,CUST01624,P013,Monitor,Electronics,Chennai,Store,Cash,1,16252.95,0.1,16252.95,14627.66,0,2620.07,2024,4,April,Wednesday,16252.95,14627.655
2024-04-17,ORD013095,CUST04961,P020,Microwave,Home,Surat,Online,UPI,1,10209.43,0.0,10209.43,10209.43,0,2360.39,2024,4,April,Wednesday,10209.43,10209.43
2024-04-17,ORD005898,CUST01928,P019,Vacuum Cleaner,Home,Jaipur,Store,UPI,2,9373.79,0.1,18747.58,16872.82,0,3530.0,2024,4,April,Wednesday,18747.58,16872.822000000004
2024-04-17,ORD048155,CUST03175,P015,Dining Table,Furniture,Delhi,Online,Credit Card,1,21081.7,0.1,21081.7,18973.53,0,4921.44,2024,4,April,Wednesday,21081.7,18973.530000000002
2024-04-17,ORD031449,CUST01507,P010,Coffee Maker,Home,Jaipur,Store,Cash,2,5034.18,0.05,10068.36,9564.94,1,-478.25,2024,4,April,Wednesday,10068.36,9564.942000000001
2024-04-17,ORD026931,CUST04702,P019,Vacuum Cleaner,Home,Ahmedabad,Online,Credit Card,2,9860.81,0.2,19721.62,15777.3,0,3202.41,2024,4,April,Wednesday,19721.62,15777.296
2024-04-17,ORD045182,CUST03473,P015,Dining Table,Furniture,Bengaluru,Store,Net Banking,3,23176.93,0.1,69530.79,62577.71,0,4815.23,2024,4,April,Wednesday,69530.79000000001,62577.710999999996
2024-04-17,ORD026463,CUST02982,P005,Office Chair,Furniture,Pune,Online,UPI,2,9615.03,0.05,19230.06,18268.56,0,1353.68,2024,4,April,Wednesday,19230.06,18268.557
2024-04-17,ORD043315,CUST03055,P019,Vacuum Cleaner,Home,Chennai,Store,UPI,1,9482.72,0.25,9482.72,7112.04,0,396.93,2024,4,April,Wednesday,9482.72,7112.039999999999
2024-04-17,ORD008231,CUST03933,P004,Smartwatch,Electronics,Chennai,Store,Credit Card,1,7600.11,0.1,7600.11,6840.1,0,1076.58,2024,4,April,Wednesday,7600.11,6840.099
2024-04-17,ORD034659,CUST00958,P008,Running Shoes,Fashion,Pune,Store,UPI,1,4034.35,0.1,4034.35,3630.92,1,-181.55,2024,4,April,Wednesday,4034.35,3630.915
2024-04-17,ORD006050,CUST01943,P004,Smartwatch,Electronics,Jaipur,Online,Debit Card,4,6718.75,0.05,26875.0,25531.25,0,4194.74,2024,4,April,Wednesday,26875.0,25531.25
2024-04-17,ORD049431,CUST04649,P008,Running Shoes,Fashion,Jaipur,Store,Credit Card,2,4505.34,0.1,9010.68,8109.61,0,1474.1,2024,4,April,Wednesday,9010.68,8109.612
2024-04-17,ORD027334,CUST01494,P012,Air Fryer,Home,Bengaluru,Online,Credit Card,1,6539.71,0.0,6539.71,6539.71,0,1491.13,2024,4,April,Wednesday,6539.71,6539.71
2024-04-17,ORD029594,CUST03679,P003,Headphones,Electronics,Pune,Online,Credit Card,3,4315.3,0.05,12945.9,12298.61,1,-614.93,2024,4,April,Wednesday,12945.900000000001,12298.605
2024-04-17,ORD013432,CUST02162,P010,Coffee Maker,Home,Kolkata,Online,Credit Card,2,5401.56,0.1,10803.12,9722.81,0,618.65,2024,4,April,Wednesday,10803.12,9722.808
2024-04-17,ORD037941,CUST00273,P001,Laptop,Electronics,Ahmedabad,Store,UPI,1,68001.12,0.15,68001.12,57800.95,0,14298.41,2024,4,April,Wednesday,68001.12,57800.952
2024-04-17,ORD040804,CUST04340,P013,Monitor,Electronics,Hyderabad,Online,UPI,1,19043.97,0.15,19043.97,16187.37,1,-809.37,2024,4,April,Wednesday,19043.97,16187.3745
2024-04-17,ORD036967,CUST01645,P008,Running Shoes,Fashion,Jaipur,Online,Cash,1,4319.02,0.05,4319.02,4103.07,0,1023.26,2024,4,April,Wednesday,4319.02,4103.069
2024-04-17,ORD009645,CUST03451,P003,Headphones,Electronics,Surat,Online,Cash,1,4548.66,0.0,4548.66,4548.66,0,1224.84,2024,4,April,Wednesday,4548.66,4548.66
2024-04-17,ORD022500,CUST02137,P004,Smartwatch,Electronics,Kolkata,Store,Debit Card,4,6431.66,0.1,25726.64,23153.98,0,4936.11,2024,4,April,Wednesday,25726.64,23153.976
2024-04-17,ORD035199,CUST02714,P018,Jacket,Fashion,Jaipur,Online,Net Banking,2,5033.99,0.1,10067.98,9061.18,0,1245.68,2024,4,April,Wednesday,10067.98,9061.182
2024-04-18,ORD013415,CUST02460,P005,Office Chair,Furniture,Pune,Online,UPI,3,8830.29,0.05,26490.87,25166.33,0,3011.51,2024,4,April,Thursday,26490.870000000003,25166.3265
2024-04-18,ORD001825,CUST00284,P017,Jeans,Fashion,Jaipur,Store,Cash,2,2971.07,0.1,5942.14,5347.93,0,1496.66,2024,4,April,Thursday,5942.14,5347.926
2024-04-18,ORD021041,CUST03145,P002,Smartphone,Electronics,Bengaluru,Online,UPI,1,30773.17,0.0,30773.17,30773.17,0,7321.2,2024,4,April,Thursday,30773.17,30773.17
2024-04-18,ORD012574,CUST01040,P002,Smartphone,Electronics,Hyderabad,Store,UPI,1,25268.83,0.05,25268.83,24005.39,0,4654.22,2024,4,April,Thursday,25268.83,24005.3885
2024-04-18,ORD034772,CUST00772,P013,Monitor,Electronics,Pune,Online,Cash,1,17490.69,0.0,17490.69,17490.69,0,2563.33,2024,4,April,Thursday,17490.69,17490.69
2024-04-18,ORD044206,CUST02246,P017,Jeans,Fashion,Mumbai,Online,Debit Card,1,2865.88,0.1,2865.88,2579.29,0,308.29,2024,4,April,Thursday,2865.88,2579.2920000000004
2024-04-18,ORD028580,CUST03060,P012,Air Fryer,Home,Chennai,Online,Debit Card,1,7767.27,0.1,7767.27,6990.54,0,1678.89,2024,4,April,Thursday,7767.27,6990.543000000001
2024-04-18,ORD005239,CUST03951,P008,Running Shoes,Fashion,Bengaluru,Online,Cash,2,3893.35,0.1,7786.7,7008.03,0,1527.7,2024,4,April,Thursday,7786.7,7008.03
2024-04-18,ORD011106,CUST03024,P003,Headphones,Electronics,Kolkata,Online,Net Banking,1,4283.7,0.0,4283.7,4283.7,0,542.09,2024,4,April,Thursday,4283.7,4283.7
2024-04-18,ORD037079,CUST03775,P009,T-Shirt,Fashion,Delhi,Store,Cash,1,1117.62,0.25,1117.62,838.21,0,80.43,2024,4,April,Thursday,1117.62,838.2149999999999
2024-04-18,ORD003279,CUST01202,P009,T-Shirt,Fashion,Jaipur,Online,Net Banking,2,1114.68,0.05,2229.36,2117.89,0,267.75,2024,4,April,Thursday,2229.36,2117.892
2024-04-18,ORD028004,CUST03207,P001,Laptop,Electronics,Jaipur,Online,Credit Card,1,66002.89,0.15,66002.89,56102.46,0,11117.81,2024,4,April,Thursday,66002.89,56102.4565
2024-04-18,ORD001837,CUST04942,P010,Coffee Maker,Home,Mumbai,Store,Credit Card,4,5766.05,0.05,23064.2,21910.99,0,2954.3,2024,4,April,Thursday,23064.2,21910.989999999998
2024-04-18,ORD028292,CUST03597,P012,Air Fryer,Home,Delhi,Online,UPI,1,6624.6,0.15,6624.6,5630.91,0,966.67,2024,4,April,Thursday,6624.6,5630.91
2024-04-18,ORD043105,CUST03298,P019,Vacuum Cleaner,Home,Ahmedabad,Online,Debit Card,1,8146.91,0.2,8146.91,6517.53,0,467.13,2024,4,April,Thursday,8146.91,6517.528
2024-04-18,ORD047420,CUST02215,P017,Jeans,Fashion,Jaipur,Online,Debit Card,2,3024.47,0.1,6048.94,5444.05,0,1399.98,2024,4,April,Thursday,6048.94,5444.045999999999
2024-04-18,ORD000284,CUST00700,P005,Office Chair,Furniture,Chennai,Store,Net Banking,2,9362.25,0.1,18724.5,16852.05,0,4124.12,2024,4,April,Thursday,18724.5,16852.05
2024-04-18,ORD046667,CUST00770,P008,Running Shoes,Fashion,Chennai,Online,Cash,3,3925.76,0.0,11777.28,11777.28,0,1442.31,2024,4,April,Thursday,11777.28,11777.28
2024-04-18,ORD028980,CUST00670,P008,Running Shoes,Fashion,Hyderabad,Online,UPI,1,4500.8,0.1,4500.8,4050.72,0,907.18,2024,4,April,Thursday,4500.8,4050.7200000000003
2024-04-18,ORD000285,CUST04317,P008,Running Shoes,Fashion,Kolkata,Online,UPI,1,4471.46,0.15,4471.46,3800.74,0,645.33,2024,4,April,Thursday,4471.46,3800.741
2024-04-18,ORD041408,CUST03765,P013,Monitor,Electronics,Surat,Online,Debit Card,1,17913.98,0.05,17913.98,17018.28,0,3558.88,2024,4,April,Thursday,17913.98,17018.281
2024-04-18,ORD031960,CUST04506,P017,Jeans,Fashion,Kolkata,Online,Credit Card,1,2652.64,0.15,2652.64,2254.74,0,463.06,2024,4,April,Thursday,2652.64,2254.7439999999997
2024-04-18,ORD035097,CUST00775,P019,Vacuum Cleaner,Home,Hyderabad,Store,UPI,3,9546.41,0.1,28639.23,25775.31,0,3468.63,2024,4,April,Thursday,28639.23,25775.307
2024-04-18,ORD047828,CUST00585,P016,Sofa,Furniture,Kolkata,Online,UPI,2,36513.01,0.05,73026.02,69374.72,0,10639.12,2024,4,April,Thursday,73026.02,69374.719
2024-04-18,ORD042827,CUST01977,P008,Running Shoes,Fashion,Mumbai,Store,UPI,3,4389.5,0.1,13168.5,11851.65,0,1030.76,2024,4,April,Thursday,13168.5,11851.65
2024-04-18,ORD017017,CUST03487,P015,Dining Table,Furniture,Chennai,Store,Debit Card,3,21941.26,0.1,65823.78,59241.4,0,14034.85,2024,4,April,Thursday,65823.78,59241.402
2024-04-18,ORD016446,CUST02595,P020,Microwave,Home,Ahmedabad,Online,UPI,4,9979.91,0.1,39919.64,35927.68,0,3421.73,2024,4,April,Thursday,39919.64,35927.676
2024-04-18,ORD046095,CUST01354,P016,Sofa,Furniture,Surat,Online,UPI,1,34111.16,0.15,34111.16,28994.49,0,5304.55,2024,4,April,Thursday,34111.16,28994.486
2024-04-18,ORD025688,CUST04782,P006,Desk,Furniture,Mumbai,Store,Debit Card,5,11626.34,0.1,58131.7,52318.53,0,5512.73,2024,4,April,Thursday,58131.7,52318.53
2024-04-18,ORD011733,CUST03482,P015,Dining Table,Furniture,Surat,Online,UPI,1,22255.31,0.15,22255.31,18917.01,0,4390.75,2024,4,April,Thursday,22255.31,18917.0135
2024-04-18,ORD012087,CUST04894,P016,Sofa,Furniture,Delhi,Store,Cash,1,31958.41,0.05,31958.41,30360.49,0,5393.34,2024,4,April,Thursday,31958.41,30360.4895
2024-04-18,ORD032427,CUST03138,P008,Running Shoes,Fashion,Bengaluru,Store,UPI,2,4421.87,0.15,8843.74,7517.18,0,1352.5,2024,4,April,Thursday,8843.74,7517.178999999999
2024-04-18,ORD004985,CUST01476,P017,Jeans,Fashion,Hyderabad,Online,Credit Card,2,2673.14,0.1,5346.28,4811.65,0,1136.47,2024,4,April,Thursday,5346.28,4811.652
2024-04-18,ORD044610,CUST03143,P003,Headphones,Electronics,Bengaluru,Online,Net Banking,2,4772.77,0.05,9545.54,9068.26,0,2489.42,2024,4,April,Thursday,9545.54,9068.263
2024-04-18,ORD040603,CUST02471,P001,Laptop,Electronics,Mumbai,Online,Credit Card,3,62981.87,0.05,188945.61,179498.33,0,48348.39,2024,4,April,Thursday,188945.61000000002,179498.3295
2024-04-18,ORD004641,CUST04639,P010,Coffee Maker,Home,Bengaluru,Online,Credit Card,1,5888.78,0.2,5888.78,4711.02,0,573.77,2024,4,April,Thursday,5888.78,4711.024
2024-04-18,ORD033318,CUST04212,P014,Keyboard,Electronics,Chennai,Online,UPI,1,2582.65,0.1,2582.65,2324.39,0,166.3,2024,4,April,Thursday,2582.65,2324.385
2024-04-18,ORD011798,CUST04925,P018,Jacket,Fashion,Delhi,Online,Credit Card,1,5313.7,0.15,5313.7,4516.64,0,749.3,2024,4,April,Thursday,5313.7,4516.6449999999995
2024-04-18,ORD003009,CUST04839,P013,Monitor,Electronics,Pune,Online,Credit Card,5,16272.71,0.15,81363.55,69159.02,1,-3457.95,2024,4,April,Thursday,81363.54999999999,69159.0175
2024-04-18,ORD043856,CUST00198,P007,Backpack,Accessories,Delhi,Store,Credit Card,1,1999.59,0.2,1999.59,1599.67,0,160.35,2024,4,April,Thursday,1999.59,1599.672
2024-04-18,ORD007866,CUST04710,P011,Mixer Grinder,Home,Surat,Online,UPI,1,5038.8,0.1,5038.8,4534.92,0,631.98,2024,4,April,Thursday,5038.8,4534.92
2024-04-18,ORD014026,CUST04330,P018,Jacket,Fashion,Delhi,Store,Debit Card,1,4873.91,0.1,4873.91,4386.52,0,1105.0,2024,4,April,Thursday,4873.91,4386.519
2024-04-18,ORD034169,CUST02529,P019,Vacuum Cleaner,Home,Mumbai,Store,Credit Card,1,8233.99,0.0,8233.99,8233.99,0,1012.33,2024,4,April,Thursday,8233.99,8233.99
2024-04-18,ORD022664,CUST00037,P020,Microwave,Home,Ahmedabad,Store,Credit Card,1,11080.62,0.1,11080.62,9972.56,0,986.23,2024,4,April,Thursday,11080.62,9972.558
2024-04-18,ORD015557,CUST03601,P014,Keyboard,Electronics,Bengaluru,Online,Credit Card,1,2353.56,0.0,2353.56,2353.56,0,611.28,2024,4,April,Thursday,2353.56,2353.56
2024-04-18,ORD002396,CUST02976,P008,Running Shoes,Fashion,Mumbai,Online,Debit Card,1,4180.41,0.1,4180.41,3762.37,0,269.67,2024,4,April,Thursday,4180.41,3762.369
2024-04-18,ORD009586,CUST03225,P005,Office Chair,Furniture,Bengaluru,Online,UPI,5,8630.83,0.2,43154.15,34523.32,0,3835.01,2024,4,April,Thursday,43154.15,34523.32
2024-04-18,ORD010169,CUST00450,P015,Dining Table,Furniture,Chennai,Online,Credit Card,5,22419.09,0.25,112095.45,84071.59,0,13220.71,2024,4,April,Thursday,112095.45,84071.5875
2024-04-18,ORD011438,CUST02290,P005,Office Chair,Furniture,Surat,Online,UPI,1,8778.8,0.1,8778.8,7900.92,0,777.67,2024,4,April,Thursday,8778.8,7900.919999999999
2024-04-18,ORD032733,CUST04829,P003,Headphones,Electronics,Pune,Online,Net Banking,5,4873.76,0.25,24368.8,18276.6,0,2543.15,2024,4,April,Thursday,24368.800000000003,18276.6
2024-04-18,ORD047285,CUST00548,P013,Monitor,Electronics,Pune,Online,Debit Card,4,17583.64,0.05,70334.56,66817.83,0,9778.41,2024,4,April,Thursday,70334.56,66817.832
2024-04-18,ORD044341,CUST01673,P018,Jacket,Fashion,Kolkata,Online,Cash,1,5416.01,0.15,5416.01,4603.61,0,1183.02,2024,4,April,Thursday,5416.01,4603.6085
2024-04-18,ORD038062,CUST00064,P007,Backpack,Accessories,Delhi,Online,UPI,1,2315.35,0.15,2315.35,1968.05,0,163.32,2024,4,April,Thursday,2315.35,1968.0475
2024-04-18,ORD032307,CUST01515,P006,Desk,Furniture,Mumbai,Online,Credit Card,1,11612.74,0.1,11612.74,10451.47,0,640.57,2024,4,April,Thursday,11612.74,10451.466
2024-04-18,ORD015665,CUST04527,P009,T-Shirt,Fashion,Kolkata,Online,UPI,1,1096.67,0.1,1096.67,987.0,0,242.17,2024,4,April,Thursday,1096.67,987.003
2024-04-18,ORD046931,CUST00756,P003,Headphones,Electronics,Surat,Online,Debit Card,2,4597.55,0.05,9195.1,8735.34,1,-436.77,2024,4,April,Thursday,9195.1,8735.345
2024-04-18,ORD038827,CUST00146,P013,Monitor,Electronics,Pune,Online,Net Banking,3,18894.22,0.1,56682.66,51014.39,0,5689.54,2024,4,April,Thursday,56682.66,51014.39400000001
2024-04-18,ORD033944,CUST01812,P020,Microwave,Home,Jaipur,Online,UPI,1,12093.87,0.05,12093.87,11489.18,0,1661.88,2024,4,April,Thursday,12093.87,11489.1765
2024-04-18,ORD013987,CUST04195,P004,Smartwatch,Electronics,Ahmedabad,Store,Credit Card,5,6434.89,0.05,32174.45,30565.73,0,7908.89,2024,4,April,Thursday,32174.45,30565.7275
2024-04-18,ORD019023,CUST03404,P002,Smartphone,Electronics,Ahmedabad,Store,Credit Card,2,27403.91,0.1,54807.82,49327.04,0,3429.12,2024,4,April,Thursday,54807.82,49327.038
2024-04-18,ORD033116,CUST01205,P012,Air Fryer,Home,Surat,Online,Credit Card,2,6830.34,0.15,13660.68,11611.58,0,1892.3,2024,4,April,Thursday,13660.68,11611.578
2024-04-18,ORD049473,CUST01369,P012,Air Fryer,Home,Pune,Store,UPI,1,6693.56,0.2,6693.56,5354.85,0,368.02,2024,4,April,Thursday,6693.56,5354.848000000001
2024-04-18,ORD010016,CUST01187,P019,Vacuum Cleaner,Home,Chennai,Online,Credit Card,1,9558.03,0.1,9558.03,8602.23,1,-430.11,2024,4,April,Thursday,9558.03,8602.227
2024-04-18,ORD043205,CUST04570,P010,Coffee Maker,Home,Chennai,Online,UPI,1,5333.79,0.1,5333.79,4800.41,1,-240.02,2024,4,April,Thursday,5333.79,4800.411
2024-04-18,ORD037855,CUST02316,P013,Monitor,Electronics,Bengaluru,Store,Credit Card,3,16891.37,0.0,50674.11,50674.11,0,9460.64,2024,4,April,Thursday,50674.11,50674.11
2024-04-18,ORD046697,CUST04589,P015,Dining Table,Furniture,Pune,Store,UPI,2,22603.5,0.0,45207.0,45207.0,0,11607.81,2024,4,April,Thursday,45207.0,45207.0
2024-04-18,ORD048717,CUST01352,P015,Dining Table,Furniture,Delhi,Online,Net Banking,4,21654.2,0.1,86616.8,77955.12,0,4706.51,2024,4,April,Thursday,86616.8,77955.12000000001
2024-04-18,ORD024472,CUST01563,P014,Keyboard,Electronics,Bengaluru,Store,Credit Card,1,2308.32,0.15,2308.32,1962.07,0,430.22,2024,4,April,Thursday,2308.32,1962.0720000000001
2024-04-18,ORD029961,CUST00508,P006,Desk,Furniture,Delhi,Online,UPI,4,11725.93,0.1,46903.72,42213.35,0,4622.51,2024,4,April,Thursday,46903.72,42213.348000000005
2024-04-18,ORD002846,CUST01232,P007,Backpack,Accessories,Ahmedabad,Store,UPI,1,2104.73,0.05,2104.73,1999.49,0,257.94,2024,4,April,Thursday,2104.73,1999.4934999999998
2024-04-18,ORD007089,CUST01905,P001,Laptop,Electronics,Kolkata,Online,Credit Card,1,62133.08,0.05,62133.08,59026.43,0,10909.85,2024,4,April,Thursday,62133.08,59026.426
2024-04-18,ORD039806,CUST01829,P011,Mixer Grinder,Home,Delhi,Online,Debit Card,5,4891.06,0.2,24455.3,19564.24,0,1423.37,2024,4,April,Thursday,24455.300000000003,19564.24
2024-04-18,ORD028071,CUST01448,P011,Mixer Grinder,Home,Hyderabad,Store,UPI,1,4322.06,0.05,4322.06,4105.96,0,1167.63,2024,4,April,Thursday,4322.06,4105.957
2024-04-18,ORD006225,CUST04401,P017,Jeans,Fashion,Ahmedabad,Store,UPI,1,2522.53,0.15,2522.53,2144.15,0,419.01,2024,4,April,Thursday,2522.53,2144.1505
2024-04-18,ORD028669,CUST04749,P012,Air Fryer,Home,Hyderabad,Online,Debit Card,1,7450.96,0.2,7450.96,5960.77,0,648.07,2024,4,April,Thursday,7450.96,5960.768
2024-04-18,ORD045668,CUST01538,P013,Monitor,Electronics,Ahmedabad,Store,UPI,2,17489.57,0.05,34979.14,33230.18,0,7374.11,2024,4,April,Thursday,34979.14,33230.183
2024-04-18,ORD014524,CUST01677,P015,Dining Table,Furniture,Surat,Store,Cash,1,21689.67,0.0,21689.67,21689.67,0,3145.78,2024,4,April,Thursday,21689.67,21689.67
2024-04-18,ORD036937,CUST02816,P007,Backpack,Accessories,Mumbai,Store,UPI,1,2393.59,0.0,2393.59,2393.59,0,533.37,2024,4,April,Thursday,2393.59,2393.59
2024-04-18,ORD007127,CUST04068,P001,Laptop,Electronics,Hyderabad,Online,Credit Card,3,71481.45,0.05,214444.35,203722.13,0,53284.02,2024,4,April,Thursday,214444.34999999998,203722.1325
2024-04-18,ORD014652,CUST01190,P006,Desk,Furniture,Hyderabad,Store,Credit Card,1,11396.6,0.0,11396.6,11396.6,0,1383.85,2024,4,April,Thursday,11396.6,11396.6
2024-04-18,ORD019339,CUST02844,P002,Smartphone,Electronics,Bengaluru,Online,Net Banking,5,25511.91,0.1,127559.55,114803.6,0,22631.48,2024,4,April,Thursday,127559.55,114803.595
2024-04-18,ORD020446,CUST01785,P010,Coffee Maker,Home,Bengaluru,Online,UPI,2,5474.53,0.1,10949.06,9854.15,1,-492.71,2024,4,April,Thursday,10949.06,9854.154
2024-04-19,ORD002429,CUST00479,P018,Jacket,Fashion,Surat,Online,UPI,1,5546.47,0.05,5546.47,5269.15,0,1362.01,2024,4,April,Friday,5546.47,5269.1465
2024-04-19,ORD043406,CUST04958,P011,Mixer Grinder,Home,Kolkata,Online,Credit Card,4,5142.27,0.0,20569.08,20569.08,0,5931.7,2024,4,April,Friday,20569.08,20569.08
2024-04-19,ORD036142,CUST01656,P007,Backpack,Accessories,Ahmedabad,Online,UPI,1,2300.28,0.05,2300.28,2185.27,0,260.15,2024,4,April,Friday,2300.28,2185.266
2024-04-19,ORD016983,CUST01372,P015,Dining Table,Furniture,Surat,Store,Credit Card,4,21613.38,0.0,86453.52,86453.52,0,11915.21,2024,4,April,Friday,86453.52,86453.52
2024-04-19,ORD023509,CUST03972,P016,Sofa,Furniture,Delhi,Online,UPI,1,35472.53,0.05,35472.53,33698.9,0,3872.05,2024,4,April,Friday,35472.53,33698.9035
2024-04-19,ORD036231,CUST02618,P011,Mixer Grinder,Home,Pune,Online,Credit Card,1,4984.39,0.0,4984.39,4984.39,0,1017.44,2024,4,April,Friday,4984.39,4984.39
2024-04-19,ORD031316,CUST00940,P002,Smartphone,Electronics,Surat,Online,UPI,1,30390.27,0.2,30390.27,24312.22,0,4986.42,2024,4,April,Friday,30390.27,24312.216
2024-04-19,ORD017058,CUST00949,P006,Desk,Furniture,Jaipur,Online,Debit Card,2,11300.58,0.05,22601.16,21471.1,0,4365.33,2024,4,April,Friday,22601.16,21471.102
2024-04-19,ORD031283,CUST00213,P007,Backpack,Accessories,Mumbai,Store,Credit Card,4,2414.82,0.2,9659.28,7727.42,0,1062.93,2024,4,April,Friday,9659.28,7727.424000000001
2024-04-19,ORD007917,CUST04008,P012,Air Fryer,Home,Delhi,Store,Net Banking,1,7178.7,0.15,7178.7,6101.9,0,1390.6,2024,4,April,Friday,7178.7,6101.8949999999995
2024-04-19,ORD013943,CUST04541,P010,Coffee Maker,Home,Pune,Store,Debit Card,2,5941.59,0.1,11883.18,10694.86,0,2720.77,2024,4,April,Friday,11883.18,10694.862000000001
2024-04-19,ORD025141,CUST04353,P005,Office Chair,Furniture,Bengaluru,Online,Debit Card,3,9894.84,0.0,29684.52,29684.52,0,2774.42,2024,4,April,Friday,29684.52,29684.52
2024-04-19,ORD036485,CUST00389,P017,Jeans,Fashion,Jaipur,Store,Net Banking,5,2972.5,0.05,14862.5,14119.38,0,3351.59,2024,4,April,Friday,14862.5,14119.375
2024-04-19,ORD028029,CUST00742,P017,Jeans,Fashion,Delhi,Online,UPI,1,2918.47,0.05,2918.47,2772.55,0,395.94,2024,4,April,Friday,2918.47,2772.5464999999995
2024-04-19,ORD002701,CUST03496,P006,Desk,Furniture,Jaipur,Store,UPI,1,11720.89,0.1,11720.89,10548.8,0,735.96,2024,4,April,Friday,11720.89,10548.801
2024-04-19,ORD013831,CUST01138,P015,Dining Table,Furniture,Pune,Online,Credit Card,1,20054.84,0.1,20054.84,18049.36,0,2870.43,2024,4,April,Friday,20054.84,18049.356
2024-04-19,ORD042281,CUST03642,P018,Jacket,Fashion,Jaipur,Store,UPI,1,5248.38,0.1,5248.38,4723.54,0,1150.33,2024,4,April,Friday,5248.38,4723.542
2024-04-19,ORD003320,CUST01703,P013,Monitor,Electronics,Bengaluru,Store,UPI,2,17776.54,0.2,35553.08,28442.46,0,3828.53,2024,4,April,Friday,35553.08,28442.464000000004
2024-04-19,ORD003307,CUST04381,P003,Headphones,Electronics,Mumbai,Store,Credit Card,4,4245.68,0.0,16982.72,16982.72,0,2860.0,2024,4,April,Friday,16982.72,16982.72
2024-04-19,ORD041877,CUST02013,P007,Backpack,Accessories,Hyderabad,Online,Net Banking,3,2393.57,0.0,7180.71,7180.71,0,658.46,2024,4,April,Friday,7180.710000000001,7180.71
2024-04-19,ORD030577,CUST03424,P016,Sofa,Furniture,Delhi,Online,UPI,1,31932.13,0.05,31932.13,30335.52,0,6546.5,2024,4,April,Friday,31932.13,30335.5235
2024-04-19,ORD002854,CUST01797,P016,Sofa,Furniture,Jaipur,Store,Credit Card,1,35618.02,0.15,35618.02,30275.32,0,5320.42,2024,4,April,Friday,35618.02,30275.316999999995
2024-04-19,ORD046876,CUST04654,P014,Keyboard,Electronics,Jaipur,Online,Net Banking,2,2344.77,0.1,4689.54,4220.59,0,284.45,2024,4,April,Friday,4689.54,4220.586
2024-04-19,ORD027031,CUST04912,P011,Mixer Grinder,Home,Mumbai,Store,Cash,5,4574.4,0.15,22872.0,19441.2,0,3029.5,2024,4,April,Friday,22872.0,19441.2
2024-04-19,ORD036153,CUST04337,P016,Sofa,Furniture,Pune,Online,Credit Card,1,33430.34,0.15,33430.34,28415.79,0,2024.53,2024,4,April,Friday,33430.34,28415.788999999997
2024-04-19,ORD027066,CUST04741,P003,Headphones,Electronics,Surat,Online,Debit Card,1,4385.79,0.05,4385.79,4166.5,0,457.87,2024,4,April,Friday,4385.79,4166.5005
2024-04-19,ORD031614,CUST00890,P010,Coffee Maker,Home,Bengaluru,Online,UPI,2,5525.18,0.15,11050.36,9392.81,0,1914.65,2024,4,April,Friday,11050.36,9392.806
2024-04-19,ORD010449,CUST02635,P018,Jacket,Fashion,Pune,Store,Debit Card,1,5711.98,0.05,5711.98,5426.38,0,499.17,2024,4,April,Friday,5711.98,5426.380999999999
2024-04-19,ORD043973,CUST03239,P020,Microwave,Home,Bengaluru,Online,Net Banking,4,11084.36,0.05,44337.44,42120.57,0,10875.25,2024,4,April,Friday,44337.44,42120.568
2024-04-19,ORD006090,CUST04949,P017,Jeans,Fashion,Hyderabad,Online,UPI,1,2996.24,0.25,2996.24,2247.18,0,197.16,2024,4,April,Friday,2996.24,2247.18
2024-04-19,ORD028137,CUST04914,P011,Mixer Grinder,Home,Chennai,Store,UPI,2,4457.6,0.05,8915.2,8469.44,0,1174.28,2024,4,April,Friday,8915.2,8469.44
2024-04-19,ORD042696,CUST01016,P009,T-Shirt,Fashion,Delhi,Store,UPI,1,1224.08,0.1,1224.08,1101.67,0,107.68,2024,4,April,Friday,1224.08,1101.672
2024-04-19,ORD036542,CUST03810,P011,Mixer Grinder,Home,Ahmedabad,Online,UPI,1,4922.02,0.05,4922.02,4675.92,0,1233.17,2024,4,April,Friday,4922.02,4675.919
2024-04-19,ORD018026,CUST01960,P006,Desk,Furniture,Kolkata,Online,UPI,2,11890.88,0.1,23781.76,21403.58,0,3252.86,2024,4,April,Friday,23781.76,21403.584
2024-04-19,ORD042642,CUST04668,P018,Jacket,Fashion,Kolkata,Online,Net Banking,2,5190.78,0.1,10381.56,9343.4,0,1003.33,2024,4,April,Friday,10381.56,9343.404
2024-04-19,ORD042638,CUST03668,P012,Air Fryer,Home,Jaipur,Online,Credit Card,1,7012.95,0.2,7012.95,5610.36,0,1344.8,2024,4,April,Friday,7012.95,5610.360000000001
2024-04-19,ORD027803,CUST00696,P018,Jacket,Fashion,Ahmedabad,Store,Credit Card,1,4732.89,0.15,4732.89,4022.96,0,439.98,2024,4,April,Friday,4732.89,4022.9565000000002
2024-04-19,ORD035962,CUST02784,P018,Jacket,Fashion,Bengaluru,Online,Cash,1,4942.18,0.05,4942.18,4695.07,0,1109.97,2024,4,April,Friday,4942.18,4695.071
2024-04-19,ORD030163,CUST04595,P003,Headphones,Electronics,Chennai,Online,Net Banking,1,4144.55,0.1,4144.55,3730.1,0,788.7,2024,4,April,Friday,4144.55,3730.0950000000003
2024-04-19,ORD013523,CUST02565,P013,Monitor,Electronics,Surat,Online,Credit Card,3,19291.27,0.1,57873.81,52086.43,0,11645.96,2024,4,April,Friday,57873.81,52086.429
2024-04-19,ORD000168,CUST04918,P010,Coffee Maker,Home,Pune,Online,UPI,3,5898.22,0.0,17694.66,17694.66,0,3311.62,2024,4,April,Friday,17694.66,17694.66
2024-04-19,ORD028359,CUST00890,P004,Smartwatch,Electronics,Surat,Store,Credit Card,1,7543.32,0.1,7543.32,6788.99,0,834.6,2024,4,April,Friday,7543.32,6788.988
2024-04-19,ORD020428,CUST02201,P018,Jacket,Fashion,Pune,Store,Debit Card,1,5513.3,0.1,5513.3,4961.97,0,1233.64,2024,4,April,Friday,5513.3,4961.97
2024-04-19,ORD004274,CUST03099,P004,Smartwatch,Electronics,Bengaluru,Store,Net Banking,1,6383.49,0.15,6383.49,5425.97,0,385.22,2024,4,April,Friday,6383.49,5425.9664999999995
2024-04-19,ORD026876,CUST02199,P015,Dining Table,Furniture,Kolkata,Store,Debit Card,2,23480.79,0.1,46961.58,42265.42,0,8841.61,2024,4,April,Friday,46961.58,42265.422000000006
2024-04-19,ORD044504,CUST03927,P003,Headphones,Electronics,Pune,Online,UPI,5,4131.45,0.2,20657.25,16525.8,0,1832.75,2024,4,April,Friday,20657.25,16525.8
2024-04-19,ORD046258,CUST03264,P002,Smartphone,Electronics,Jaipur,Online,Debit Card,1,27387.53,0.15,27387.53,23279.4,0,4290.45,2024,4,April,Friday,27387.53,23279.4005
2024-04-19,ORD047191,CUST00564,P014,Keyboard,Electronics,Delhi,Store,Net Banking,4,2655.26,0.0,10621.04,10621.04,0,992.18,2024,4,April,Friday,10621.04,10621.04
2024-04-19,ORD025464,CUST01218,P019,Vacuum Cleaner,Home,Jaipur,Online,Credit Card,1,8887.24,0.1,8887.24,7998.52,0,1084.71,2024,4,April,Friday,8887.24,7998.516
2024-04-19,ORD005418,CUST02248,P005,Office Chair,Furniture,Kolkata,Store,Net Banking,2,9789.81,0.1,19579.62,17621.66,0,1958.06,2024,4,April,Friday,19579.62,17621.658
2024-04-19,ORD012300,CUST03863,P016,Sofa,Furniture,Hyderabad,Store,Net Banking,1,38291.92,0.0,38291.92,38291.92,0,11356.54,2024,4,April,Friday,38291.92,38291.92
2024-04-19,ORD032777,CUST02054,P010,Coffee Maker,Home,Kolkata,Online,UPI,1,5128.15,0.15,5128.15,4358.93,0,454.52,2024,4,April,Friday,5128.15,4358.9275
2024-04-19,ORD025990,CUST03864,P013,Monitor,Electronics,Ahmedabad,Online,UPI,2,17194.95,0.1,34389.9,30950.91,0,5597.19,2024,4,April,Friday,34389.9,30950.910000000003
2024-04-19,ORD021895,CUST04775,P005,Office Chair,Furniture,Kolkata,Online,UPI,2,9626.42,0.1,19252.84,17327.56,0,3261.48,2024,4,April,Friday,19252.84,17327.556
2024-04-19,ORD014966,CUST04771,P013,Monitor,Electronics,Mumbai,Store,Debit Card,2,18866.18,0.0,37732.36,37732.36,0,8756.14,2024,4,April,Friday,37732.36,37732.36
2024-04-19,ORD049333,CUST02777,P005,Office Chair,Furniture,Pune,Online,Credit Card,1,8825.0,0.1,8825.0,7942.5,0,2223.24,2024,4,April,Friday,8825.0,7942.5
2024-04-19,ORD014248,CUST00390,P016,Sofa,Furniture,Jaipur,Store,Cash,3,38432.28,0.2,115296.84,92237.47,0,5426.6,2024,4,April,Friday,115296.84,92237.47200000001
2024-04-19,ORD028742,CUST02944,P004,Smartwatch,Electronics,Hyderabad,Store,Debit Card,2,6934.45,0.05,13868.9,13175.46,0,2463.44,2024,4,April,Friday,13868.9,13175.455
2024-04-19,ORD045439,CUST03201,P003,Headphones,Electronics,Bengaluru,Online,Debit Card,1,4259.9,0.05,4259.9,4046.9,0,550.66,2024,4,April,Friday,4259.9,4046.9049999999993
2024-04-19,ORD039748,CUST02706,P014,Keyboard,Electronics,Jaipur,Online,UPI,1,2632.93,0.0,2632.93,2632.93,0,676.19,2024,4,April,Friday,2632.93,2632.93
2024-04-19,ORD000502,CUST01017,P018,Jacket,Fashion,Pune,Online,Net Banking,1,5550.97,0.0,5550.97,5550.97,0,682.16,2024,4,April,Friday,5550.97,5550.97
2024-04-19,ORD047850,CUST04528,P013,Monitor,Electronics,Delhi,Store,Debit Card,1,16419.62,0.1,16419.62,14777.66,0,2266.97,2024,4,April,Friday,16419.62,14777.658
2024-04-19,ORD038124,CUST02235,P005,Office Chair,Furniture,Ahmedabad,Online,Credit Card,2,9465.57,0.1,18931.14,17038.03,0,2207.55,2024,4,April,Friday,18931.14,17038.026
2024-04-19,ORD015093,CUST02330,P004,Smartwatch,Electronics,Mumbai,Online,UPI,2,7444.0,0.05,14888.0,14143.6,0,1873.71,2024,4,April,Friday,14888.0,14143.599999999999
2024-04-19,ORD015433,CUST04007,P011,Mixer Grinder,Home,Surat,Online,Net Banking,2,4658.24,0.15,9316.48,7919.01,0,897.78,2024,4,April,Friday,9316.48,7919.008
2024-04-19,ORD001100,CUST03011,P005,Office Chair,Furniture,Surat,Online,Credit Card,4,9809.17,0.0,39236.68,39236.68,0,5315.9,2024,4,April,Friday,39236.68,39236.68
2024-04-19,ORD012639,CUST02909,P002,Smartphone,Electronics,Kolkata,Store,Credit Card,1,27433.47,0.0,27433.47,27433.47,0,2537.15,2024,4,April,Friday,27433.47,27433.47
2024-04-19,ORD033387,CUST03996,P011,Mixer Grinder,Home,Ahmedabad,Online,UPI,1,4575.4,0.05,4575.4,4346.63,0,578.41,2024,4,April,Friday,4575.4,4346.629999999999
2024-04-19,ORD029481,CUST03592,P020,Microwave,Home,Hyderabad,Online,UPI,2,11155.49,0.05,22310.98,21195.43,0,1691.07,2024,4,April,Friday,22310.98,21195.430999999997
2024-04-19,ORD023874,CUST00193,P004,Smartwatch,Electronics,Ahmedabad,Store,Debit Card,5,7070.08,0.2,35350.4,28280.32,0,1769.76,2024,4,April,Friday,35350.4,28280.320000000003
2024-04-19,ORD046169,CUST03298,P003,Headphones,Electronics,Ahmedabad,Online,UPI,5,4839.48,0.05,24197.4,22987.53,0,5258.02,2024,4,April,Friday,24197.399999999998,22987.53
2024-04-19,ORD007536,CUST00928,P005,Office Chair,Furniture,Hyderabad,Online,Debit Card,2,10186.02,0.1,20372.04,18334.84,0,3602.87,2024,4,April,Friday,20372.04,18334.836000000003
2024-04-19,ORD025925,CUST03752,P019,Vacuum Cleaner,Home,Bengaluru,Online,Cash,2,8369.09,0.2,16738.18,13390.54,0,2431.49,2024,4,April,Friday,16738.18,13390.544000000002
2024-04-19,ORD026224,CUST02336,P015,Dining Table,Furniture,Hyderabad,Online,Debit Card,1,23075.54,0.05,23075.54,21921.76,0,2015.11,2024,4,April,Friday,23075.54,21921.763
2024-04-19,ORD028481,CUST04030,P009,T-Shirt,Fashion,Mumbai,Store,Debit Card,2,1272.04,0.0,2544.08,2544.08,0,270.94,2024,4,April,Friday,2544.08,2544.08
2024-04-19,ORD020058,CUST01284,P018,Jacket,Fashion,Pune,Online,UPI,1,4817.37,0.2,4817.37,3853.9,0,802.47,2024,4,April,Friday,4817.37,3853.896
2024-04-19,ORD044896,CUST04116,P003,Headphones,Electronics,Ahmedabad,Online,Debit Card,3,4148.52,0.1,12445.56,11201.0,0,3049.27,2024,4,April,Friday,12445.560000000001,11201.003999999999
2024-04-19,ORD020101,CUST03560,P008,Running Shoes,Fashion,Hyderabad,Online,UPI,1,4293.88,0.05,4293.88,4079.19,0,772.12,2024,4,April,Friday,4293.88,4079.1859999999997
2024-04-19,ORD014448,CUST03913,P010,Coffee Maker,Home,Chennai,Online,UPI,1,5544.85,0.05,5544.85,5267.61,1,-263.38,2024,4,April,Friday,5544.85,5267.6075
2024-04-19,ORD031882,CUST00977,P020,Microwave,Home,Chennai,Store,UPI,1,10520.37,0.1,10520.37,9468.33,1,-473.42,2024,4,April,Friday,10520.37,9468.333
2024-04-19,ORD007050,CUST00829,P011,Mixer Grinder,Home,Chennai,Online,Credit Card,1,4498.2,0.1,4498.2,4048.38,0,672.98,2024,4,April,Friday,4498.2,4048.38
2024-04-19,ORD016560,CUST03896,P009,T-Shirt,Fashion,Ahmedabad,Store,Net Banking,4,1162.71,0.25,4650.84,3488.13,1,-174.41,2024,4,April,Friday,4650.84,3488.13
2024-04-19,ORD002182,CUST04894,P004,Smartwatch,Electronics,Mumbai,Online,UPI,1,6918.91,0.1,6918.91,6227.02,0,554.35,2024,4,April,Friday,6918.91,6227.019
2024-04-19,ORD012241,CUST03153,P015,Dining Table,Furniture,Ahmedabad,Online,UPI,1,20010.72,0.15,20010.72,17009.11,0,4106.01,2024,4,April,Friday,20010.72,17009.112
2024-04-20,ORD041735,CUST03192,P007,Backpack,Accessories,Chennai,Online,UPI,1,2004.9,0.2,2004.9,1603.92,0,162.3,2024,4,April,Saturday,2004.9,1603.92
2024-04-20,ORD012070,CUST04875,P020,Microwave,Home,Kolkata,Online,Credit Card,1,10531.69,0.1,10531.69,9478.52,0,2561.09,2024,4,April,Saturday,10531.69,9478.521
2024-04-20,ORD034731,CUST04969,P009,T-Shirt,Fashion,Mumbai,Online,UPI,1,1268.8,0.1,1268.8,1141.92,0,124.92,2024,4,April,Saturday,1268.8,1141.92
2024-04-20,ORD018766,CUST01702,P006,Desk,Furniture,Kolkata,Store,UPI,1,11034.37,0.0,11034.37,11034.37,1,-551.72,2024,4,April,Saturday,11034.37,11034.37
2024-04-20,ORD011449,CUST01375,P003,Headphones,Electronics,Delhi,Store,UPI,4,4203.32,0.1,16813.28,15131.95,0,3406.95,2024,4,April,Saturday,16813.28,15131.952
2024-04-20,ORD035232,CUST02594,P019,Vacuum Cleaner,Home,Chennai,Online,UPI,1,9128.93,0.05,9128.93,8672.48,0,2092.55,2024,4,April,Saturday,9128.93,8672.4835
2024-04-20,ORD012399,CUST03840,P020,Microwave,Home,Delhi,Store,Credit Card,1,11664.64,0.1,11664.64,10498.18,0,1559.68,2024,4,April,Saturday,11664.64,10498.176
2024-04-20,ORD004818,CUST00247,P011,Mixer Grinder,Home,Bengaluru,Store,UPI,1,4386.81,0.0,4386.81,4386.81,0,876.82,2024,4,April,Saturday,4386.81,4386.81
2024-04-20,ORD023654,CUST03449,P017,Jeans,Fashion,Pune,Store,UPI,2,2910.21,0.25,5820.42,4365.32,1,-218.27,2024,4,April,Saturday,5820.42,4365.3150000000005
2024-04-20,ORD044141,CUST03586,P015,Dining Table,Furniture,Mumbai,Online,Credit Card,1,22272.45,0.05,22272.45,21158.83,0,3008.92,2024,4,April,Saturday,22272.45,21158.8275
2024-04-20,ORD000058,CUST00761,P005,Office Chair,Furniture,Chennai,Online,UPI,5,9174.63,0.1,45873.15,41285.84,0,4658.37,2024,4,April,Saturday,45873.149999999994,41285.835
2024-04-20,ORD045321,CUST04783,P013,Monitor,Electronics,Pune,Store,Credit Card,3,18086.51,0.05,54259.53,51546.55,0,13193.87,2024,4,April,Saturday,54259.53,51546.553499999995
2024-04-20,ORD034999,CUST01565,P005,Office Chair,Furniture,Pune,Online,UPI,1,8801.31,0.05,8801.31,8361.24,0,1419.27,2024,4,April,Saturday,8801.31,8361.244499999999
2024-04-20,ORD002170,CUST02201,P020,Microwave,Home,Delhi,Online,Debit Card,1,10630.96,0.1,10630.96,9567.86,0,1485.62,2024,4,April,Saturday,10630.96,9567.864
2024-04-20,ORD033080,CUST01197,P004,Smartwatch,Electronics,Bengaluru,Online,Net Banking,2,6909.88,0.1,13819.76,12437.78,0,2329.75,2024,4,April,Saturday,13819.76,12437.784
2024-04-20,ORD030825,CUST04727,P003,Headphones,Electronics,Kolkata,Store,Net Banking,1,4809.07,0.1,4809.07,4328.16,0,1192.56,2024,4,April,Saturday,4809.07,4328.163
2024-04-20,ORD014992,CUST04766,P009,T-Shirt,Fashion,Delhi,Online,UPI,4,1220.81,0.1,4883.24,4394.92,0,912.15,2024,4,April,Saturday,4883.24,4394.916
2024-04-20,ORD034202,CUST02915,P002,Smartphone,Electronics,Surat,Store,Debit Card,1,26739.54,0.1,26739.54,24065.59,0,1787.25,2024,4,April,Saturday,26739.54,24065.586000000003
2024-04-20,ORD008930,CUST02089,P010,Coffee Maker,Home,Ahmedabad,Online,UPI,1,5991.26,0.0,5991.26,5991.26,0,997.65,2024,4,April,Saturday,5991.26,5991.26
2024-04-20,ORD048602,CUST04699,P009,T-Shirt,Fashion,Chennai,Online,Credit Card,1,1138.95,0.05,1138.95,1082.0,0,153.19,2024,4,April,Saturday,1138.95,1082.0025
2024-04-20,ORD039988,CUST03018,P019,Vacuum Cleaner,Home,Delhi,Online,UPI,2,8878.18,0.0,17756.36,17756.36,1,-887.82,2024,4,April,Saturday,17756.36,17756.36
2024-04-20,ORD000415,CUST01973,P006,Desk,Furniture,Hyderabad,Online,UPI,1,12416.88,0.15,12416.88,10554.35,0,1241.79,2024,4,April,Saturday,12416.88,10554.347999999998
2024-04-20,ORD005667,CUST04082,P016,Sofa,Furniture,Hyderabad,Online,UPI,2,34243.87,0.0,68487.74,68487.74,0,15828.41,2024,4,April,Saturday,68487.74,68487.74
2024-04-20,ORD039908,CUST01410,P020,Microwave,Home,Hyderabad,Online,Credit Card,1,10890.11,0.15,10890.11,9256.59,0,1421.15,2024,4,April,Saturday,10890.11,9256.5935
2024-04-20,ORD046652,CUST04242,P010,Coffee Maker,Home,Surat,Online,Credit Card,1,5198.0,0.15,5198.0,4418.3,0,1118.07,2024,4,April,Saturday,5198.0,4418.3
2024-04-20,ORD048698,CUST04590,P009,T-Shirt,Fashion,Ahmedabad,Online,Net Banking,2,1235.57,0.05,2471.14,2347.58,0,517.89,2024,4,April,Saturday,2471.14,2347.5829999999996
2024-04-20,ORD012007,CUST00755,P020,Microwave,Home,Mumbai,Online,Debit Card,1,11538.44,0.25,11538.44,8653.83,1,-432.69,2024,4,April,Saturday,11538.44,8653.83
2024-04-20,ORD019011,CUST02621,P012,Air Fryer,Home,Hyderabad,Online,Net Banking,1,7523.76,0.1,7523.76,6771.38,0,1149.44,2024,4,April,Saturday,7523.76,6771.384
2024-04-20,ORD045164,CUST02394,P008,Running Shoes,Fashion,Surat,Online,Cash,2,4418.7,0.05,8837.4,8395.53,0,820.64,2024,4,April,Saturday,8837.4,8395.529999999999
2024-04-20,ORD026559,CUST00059,P007,Backpack,Accessories,Ahmedabad,Online,Cash,3,2152.34,0.25,6457.02,4842.77,0,302.79,2024,4,April,Saturday,6457.02,4842.765
2024-04-20,ORD000550,CUST04434,P011,Mixer Grinder,Home,Ahmedabad,Online,Credit Card,2,5255.46,0.15,10510.92,8934.28,1,-446.71,2024,4,April,Saturday,10510.92,8934.282
2024-04-20,ORD012475,CUST02795,P007,Backpack,Accessories,Pune,Store,UPI,1,1984.41,0.1,1984.41,1785.97,0,223.93,2024,4,April,Saturday,1984.41,1785.969
2024-04-20,ORD023987,CUST02402,P009,T-Shirt,Fashion,Bengaluru,Online,Net Banking,2,1174.82,0.1,2349.64,2114.68,0,385.84,2024,4,April,Saturday,2349.64,2114.676
2024-04-20,ORD047619,CUST00615,P006,Desk,Furniture,Chennai,Online,UPI,2,12941.58,0.15,25883.16,22000.69,0,2100.23,2024,4,April,Saturday,25883.16,22000.685999999998
2024-04-20,ORD047730,CUST00592,P010,Coffee Maker,Home,Kolkata,Online,UPI,1,5656.45,0.1,5656.45,5090.8,0,1000.64,2024,4,April,Saturday,5656.45,5090.805
2024-04-20,ORD014252,CUST00051,P003,Headphones,Electronics,Pune,Online,Credit Card,1,4413.44,0.0,4413.44,4413.44,0,785.52,2024,4,April,Saturday,4413.44,4413.44
2024-04-20,ORD003047,CUST04305,P013,Monitor,Electronics,Hyderabad,Online,Cash,5,17459.53,0.15,87297.65,74203.0,0,10501.49,2024,4,April,Saturday,87297.65,74203.00249999999
2024-04-20,ORD010544,CUST01625,P003,Headphones,Electronics,Hyderabad,Online,Debit Card,1,4114.66,0.0,4114.66,4114.66,0,1125.49,2024,4,April,Saturday,4114.66,4114.66
2024-04-20,ORD029214,CUST03281,P014,Keyboard,Electronics,Ahmedabad,Store,Credit Card,4,2650.99,0.1,10603.96,9543.56,0,675.91,2024,4,April,Saturday,10603.96,9543.564
2024-04-20,ORD049358,CUST02594,P010,Coffee Maker,Home,Surat,Online,Cash,1,5654.11,0.05,5654.11,5371.4,0,803.74,2024,4,April,Saturday,5654.11,5371.4045
2024-04-20,ORD004533,CUST02662,P007,Backpack,Accessories,Jaipur,Online,UPI,2,2225.85,0.0,4451.7,4451.7,0,517.62,2024,4,April,Saturday,4451.7,4451.7
2024-04-20,ORD048503,CUST02986,P004,Smartwatch,Electronics,Jaipur,Online,Net Banking,1,6671.93,0.1,6671.93,6004.74,0,713.12,2024,4,April,Saturday,6671.93,6004.737
2024-04-20,ORD022289,CUST04706,P017,Jeans,Fashion,Hyderabad,Store,Credit Card,2,2748.52,0.1,5497.04,4947.34,1,-247.37,2024,4,April,Saturday,5497.04,4947.336
2024-04-20,ORD030001,CUST04345,P010,Coffee Maker,Home,Surat,Store,Debit Card,1,5852.23,0.1,5852.23,5267.01,0,1187.79,2024,4,April,Saturday,5852.23,5267.007
2024-04-20,ORD042880,CUST02039,P012,Air Fryer,Home,Delhi,Online,UPI,1,6533.53,0.1,6533.53,5880.18,0,568.9,2024,4,April,Saturday,6533.53,5880.177
2024-04-20,ORD019536,CUST00301,P003,Headphones,Electronics,Bengaluru,Online,Cash,1,4166.54,0.0,4166.54,4166.54,1,-208.33,2024,4,April,Saturday,4166.54,4166.54
2024-04-20,ORD029999,CUST01868,P020,Microwave,Home,Mumbai,Online,Debit Card,2,11737.16,0.1,23474.32,21126.89,1,-1056.34,2024,4,April,Saturday,23474.32,21126.888
2024-04-20,ORD021151,CUST00847,P003,Headphones,Electronics,Hyderabad,Online,UPI,1,4285.15,0.05,4285.15,4070.89,0,567.37,2024,4,April,Saturday,4285.15,4070.8924999999995
2024-04-20,ORD020916,CUST00337,P019,Vacuum Cleaner,Home,Pune,Online,UPI,1,8435.84,0.05,8435.84,8014.05,0,615.45,2024,4,April,Saturday,8435.84,8014.048
2024-04-20,ORD025361,CUST04404,P004,Smartwatch,Electronics,Chennai,Online,UPI,4,7278.62,0.15,29114.48,24747.31,0,4930.26,2024,4,April,Saturday,29114.48,24747.307999999997
2024-04-20,ORD039145,CUST03259,P017,Jeans,Fashion,Ahmedabad,Online,UPI,1,2692.03,0.0,2692.03,2692.03,0,223.66,2024,4,April,Saturday,2692.03,2692.03
2024-04-20,ORD034076,CUST03009,P019,Vacuum Cleaner,Home,Mumbai,Online,Debit Card,1,9844.7,0.0,9844.7,9844.7,0,2372.93,2024,4,April,Saturday,9844.7,9844.7
2024-04-20,ORD009373,CUST02011,P001,Laptop,Electronics,Mumbai,Store,UPI,2,65940.31,0.2,131880.62,105504.5,0,12179.6,2024,4,April,Saturday,131880.62,105504.496
2024-04-20,ORD034567,CUST04361,P014,Keyboard,Electronics,Mumbai,Online,Cash,4,2378.21,0.0,9512.84,9512.84,0,1295.99,2024,4,April,Saturday,9512.84,9512.84
2024-04-20,ORD003253,CUST01784,P012,Air Fryer,Home,Ahmedabad,Online,Debit Card,2,7321.66,0.1,14643.32,13178.99,0,1316.8,2024,4,April,Saturday,14643.32,13178.988
2024-04-20,ORD005059,CUST03966,P017,Jeans,Fashion,Kolkata,Store,UPI,1,2585.33,0.15,2585.33,2197.53,0,389.21,2024,4,April,Saturday,2585.33,2197.5305
2024-04-20,ORD047108,CUST04817,P007,Backpack,Accessories,Bengaluru,Store,Credit Card,2,2224.1,0.05,4448.2,4225.79,0,922.83,2024,4,April,Saturday,4448.2,4225.79
2024-04-20,ORD028321,CUST00331,P012,Air Fryer,Home,Chennai,Store,Debit Card,1,7211.93,0.15,7211.93,6130.14,0,1440.67,2024,4,April,Saturday,7211.93,6130.1405
2024-04-20,ORD049750,CUST04343,P017,Jeans,Fashion,Mumbai,Online,Credit Card,2,3049.64,0.1,6099.28,5489.35,0,1219.98,2024,4,April,Saturday,6099.28,5489.352
2024-04-20,ORD016579,CUST02834,P001,Laptop,Electronics,Delhi,Store,Credit Card,3,66160.06,0.15,198480.18,168708.15,0,39609.68,2024,4,April,Saturday,198480.18,168708.153
2024-04-20,ORD026912,CUST03656,P017,Jeans,Fashion,Chennai,Store,Debit Card,1,2855.99,0.05,2855.99,2713.19,0,751.16,2024,4,April,Saturday,2855.99,2713.1904999999997
2024-04-20,ORD024777,CUST03804,P002,Smartphone,Electronics,Surat,Online,UPI,1,26180.46,0.05,26180.46,24871.44,0,5187.53,2024,4,April,Saturday,26180.46,24871.436999999998
2024-04-20,ORD025648,CUST02646,P016,Sofa,Furniture,Surat,Online,Debit Card,1,36588.06,0.15,36588.06,31099.85,0,2966.28,2024,4,April,Saturday,36588.06,31099.851
2024-04-20,ORD026824,CUST01605,P010,Coffee Maker,Home,Jaipur,Store,Debit Card,1,5349.62,0.1,5349.62,4814.66,0,1253.15,2024,4,April,Saturday,5349.62,4814.658
2024-04-20,ORD018033,CUST02532,P013,Monitor,Electronics,Surat,Online,UPI,2,18203.42,0.1,36406.84,32766.16,0,5140.2,2024,4,April,Saturday,36406.84,32766.156
2024-04-20,ORD042762,CUST01814,P015,Dining Table,Furniture,Delhi,Online,UPI,1,21378.01,0.0,21378.01,21378.01,0,4799.74,2024,4,April,Saturday,21378.01,21378.01
2024-04-20,ORD038204,CUST00753,P006,Desk,Furniture,Kolkata,Online,UPI,1,11843.69,0.0,11843.69,11843.69,0,3538.28,2024,4,April,Saturday,11843.69,11843.69
2024-04-20,ORD001558,CUST00080,P012,Air Fryer,Home,Pune,Store,Debit Card,3,6817.94,0.2,20453.82,16363.06,0,846.82,2024,4,April,Saturday,20453.82,16363.056
2024-04-20,ORD010479,CUST00628,P008,Running Shoes,Fashion,Hyderabad,Online,UPI,1,4101.71,0.25,4101.71,3076.28,0,138.45,2024,4,April,Saturday,4101.71,3076.2825000000003
2024-04-20,ORD038816,CUST03784,P012,Air Fryer,Home,Hyderabad,Store,Net Banking,1,6529.33,0.1,6529.33,5876.4,0,642.15,2024,4,April,Saturday,6529.33,5876.397
2024-04-20,ORD015210,CUST00756,P014,Keyboard,Electronics,Pune,Online,UPI,3,2371.21,0.15,7113.63,6046.59,1,-302.33,2024,4,April,Saturday,7113.63,6046.5855
2024-04-20,ORD042766,CUST04527,P007,Backpack,Accessories,Pune,Online,Debit Card,1,2082.8,0.0,2082.8,2082.8,0,555.19,2024,4,April,Saturday,2082.8,2082.8
2024-04-20,ORD032866,CUST03757,P018,Jacket,Fashion,Chennai,Online,UPI,1,5195.07,0.2,5195.07,4156.06,0,560.31,2024,4,April,Saturday,5195.07,4156.056
2024-04-20,ORD014503,CUST01012,P006,Desk,Furniture,Ahmedabad,Online,Net Banking,1,11531.53,0.05,11531.53,10954.95,0,1847.41,2024,4,April,Saturday,11531.53,10954.9535
2024-04-20,ORD046872,CUST04085,P015,Dining Table,Furniture,Surat,Online,Credit Card,1,24176.59,0.15,24176.59,20550.1,0,1897.25,2024,4,April,Saturday,24176.59,20550.1015
2024-04-20,ORD036838,CUST02118,P008,Running Shoes,Fashion,Surat,Store,Debit Card,3,4081.51,0.1,12244.53,11020.08,0,2886.51,2024,4,April,Saturday,12244.53,11020.077000000001
2024-04-20,ORD030050,CUST02007,P003,Headphones,Electronics,Pune,Online,Debit Card,1,4945.35,0.0,4945.35,4945.35,0,1440.84,2024,4,April,Saturday,4945.35,4945.35
2024-04-20,ORD003807,CUST03487,P019,Vacuum Cleaner,Home,Delhi,Store,UPI,2,8840.54,0.15,17681.08,15028.92,1,-751.45,2024,4,April,Saturday,17681.08,15028.918000000001
2024-04-20,ORD047519,CUST00747,P020,Microwave,Home,Kolkata,Online,Debit Card,1,10163.05,0.1,10163.05,9146.74,0,1113.1,2024,4,April,Saturday,10163.05,9146.744999999999
2024-04-20,ORD009727,CUST02702,P010,Coffee Maker,Home,Surat,Store,Debit Card,1,5226.87,0.0,5226.87,5226.87,0,663.79,2024,4,April,Saturday,5226.87,5226.87
2024-04-21,ORD049794,CUST01562,P011,Mixer Grinder,Home,Delhi,Online,UPI,1,4604.8,0.2,4604.8,3683.84,0,395.58,2024,4,April,Sunday,4604.8,3683.84
2024-04-21,ORD007407,CUST02334,P007,Backpack,Accessories,Surat,Online,Credit Card,1,2145.6,0.05,2145.6,2038.32,0,276.21,2024,4,April,Sunday,2145.6,2038.3199999999997
2024-04-21,ORD013144,CUST03616,P014,Keyboard,Electronics,Jaipur,Online,UPI,5,2508.77,0.05,12543.85,11916.66,0,3137.05,2024,4,April,Sunday,12543.85,11916.6575
2024-04-21,ORD015349,CUST01098,P012,Air Fryer,Home,Bengaluru,Online,UPI,1,6596.72,0.1,6596.72,5937.05,0,952.7,2024,4,April,Sunday,6596.72,5937.048000000001
2024-04-21,ORD011128,CUST01350,P002,Smartphone,Electronics,Pune,Store,Cash,1,29328.78,0.0,29328.78,29328.78,0,8294.27,2024,4,April,Sunday,29328.78,29328.78
2024-04-21,ORD043350,CUST02849,P010,Coffee Maker,Home,Pune,Online,UPI,1,5564.75,0.2,5564.75,4451.8,0,858.6,2024,4,April,Sunday,5564.75,4451.8
2024-04-21,ORD032772,CUST04374,P012,Air Fryer,Home,Chennai,Online,Credit Card,2,7765.82,0.0,15531.64,15531.64,0,3485.29,2024,4,April,Sunday,15531.64,15531.64
2024-04-21,ORD036350,CUST01912,P019,Vacuum Cleaner,Home,Bengaluru,Store,UPI,3,9803.8,0.1,29411.4,26470.26,0,5797.19,2024,4,April,Sunday,29411.399999999998,26470.260000000002
2024-04-21,ORD014592,CUST02733,P015,Dining Table,Furniture,Mumbai,Online,UPI,1,24128.55,0.05,24128.55,22922.12,0,5728.46,2024,4,April,Sunday,24128.55,22922.122499999998
2024-04-21,ORD001630,CUST01403,P007,Backpack,Accessories,Surat,Store,Credit Card,1,2209.78,0.25,2209.78,1657.34,0,393.04,2024,4,April,Sunday,2209.78,1657.335
2024-04-21,ORD000738,CUST00865,P019,Vacuum Cleaner,Home,Pune,Store,UPI,2,9572.23,0.05,19144.46,18187.24,0,4757.33,2024,4,April,Sunday,19144.46,18187.236999999997
2024-04-21,ORD045694,CUST03132,P020,Microwave,Home,Hyderabad,Online,UPI,2,11908.84,0.05,23817.68,22626.8,0,1835.11,2024,4,April,Sunday,23817.68,22626.796
2024-04-21,ORD045600,CUST02976,P014,Keyboard,Electronics,Ahmedabad,Store,Credit Card,2,2474.08,0.0,4948.16,4948.16,0,769.9,2024,4,April,Sunday,4948.16,4948.16
2024-04-21,ORD003553,CUST04693,P013,Monitor,Electronics,Surat,Online,UPI,4,19673.96,0.05,78695.84,74761.05,0,19676.89,2024,4,April,Sunday,78695.84,74761.048
2024-04-21,ORD022291,CUST04951,P005,Office Chair,Furniture,Delhi,Online,UPI,1,9920.78,0.0,9920.78,9920.78,0,1756.61,2024,4,April,Sunday,9920.78,9920.78
2024-04-21,ORD025231,CUST01332,P015,Dining Table,Furniture,Ahmedabad,Store,UPI,1,20872.02,0.05,20872.02,19828.42,0,1741.1,2024,4,April,Sunday,20872.02,19828.418999999998
2024-04-21,ORD039712,CUST03738,P011,Mixer Grinder,Home,Hyderabad,Online,UPI,1,5248.67,0.1,5248.67,4723.8,0,903.14,2024,4,April,Sunday,5248.67,4723.803
2024-04-21,ORD032447,CUST00950,P018,Jacket,Fashion,Mumbai,Online,Credit Card,1,5456.71,0.05,5456.71,5183.87,0,513.68,2024,4,April,Sunday,5456.71,5183.8745
2024-04-21,ORD021353,CUST02115,P006,Desk,Furniture,Hyderabad,Online,UPI,1,12413.2,0.15,12413.2,10551.22,1,-527.56,2024,4,April,Sunday,12413.2,10551.220000000001
2024-04-21,ORD015530,CUST00064,P016,Sofa,Furniture,Delhi,Store,Debit Card,5,31959.89,0.05,159799.45,151809.48,0,15308.68,2024,4,April,Sunday,159799.45,151809.4775
2024-04-21,ORD024893,CUST00638,P018,Jacket,Fashion,Bengaluru,Store,Credit Card,1,4917.51,0.05,4917.51,4671.63,0,357.62,2024,4,April,Sunday,4917.51,4671.6345
2024-04-21,ORD015587,CUST01012,P018,Jacket,Fashion,Surat,Online,Credit Card,1,4718.39,0.1,4718.39,4246.55,0,464.96,2024,4,April,Sunday,4718.39,4246.551
2024-04-21,ORD046585,CUST03356,P016,Sofa,Furniture,Surat,Store,UPI,1,33813.05,0.0,33813.05,33813.05,0,8426.34,2024,4,April,Sunday,33813.05,33813.05
2024-04-21,ORD021278,CUST00583,P015,Dining Table,Furniture,Jaipur,Store,UPI,1,21908.81,0.15,21908.81,18622.49,0,2870.48,2024,4,April,Sunday,21908.81,18622.4885
2024-04-21,ORD009613,CUST02729,P014,Keyboard,Electronics,Jaipur,Online,UPI,1,2714.04,0.2,2714.04,2171.23,0,501.5,2024,4,April,Sunday,2714.04,2171.232
2024-04-21,ORD003403,CUST00584,P019,Vacuum Cleaner,Home,Kolkata,Store,Debit Card,1,8754.29,0.0,8754.29,8754.29,0,1342.75,2024,4,April,Sunday,8754.29,8754.29
2024-04-21,ORD020868,CUST00139,P010,Coffee Maker,Home,Hyderabad,Online,Credit Card,1,5948.53,0.1,5948.53,5353.68,0,1333.61,2024,4,April,Sunday,5948.53,5353.677
2024-04-21,ORD018929,CUST03143,P019,Vacuum Cleaner,Home,Jaipur,Online,UPI,1,8344.33,0.1,8344.33,7509.9,1,-375.5,2024,4,April,Sunday,8344.33,7509.897
2024-04-21,ORD012528,CUST04786,P003,Headphones,Electronics,Delhi,Online,UPI,2,4273.92,0.15,8547.84,7265.66,0,1856.1,2024,4,April,Sunday,8547.84,7265.664
2024-04-21,ORD044160,CUST00522,P004,Smartwatch,Electronics,Chennai,Store,UPI,1,7484.26,0.05,7484.26,7110.05,0,961.43,2024,4,April,Sunday,7484.26,7110.047
2024-04-21,ORD031588,CUST03706,P015,Dining Table,Furniture,Kolkata,Store,UPI,1,23288.09,0.0,23288.09,23288.09,0,6926.0,2024,4,April,Sunday,23288.09,23288.09
2024-04-21,ORD001581,CUST03160,P006,Desk,Furniture,Pune,Store,Credit Card,1,11393.7,0.05,11393.7,10824.02,1,-541.2,2024,4,April,Sunday,11393.7,10824.015
2024-04-21,ORD032137,CUST01345,P013,Monitor,Electronics,Bengaluru,Store,UPI,1,16400.1,0.0,16400.1,16400.1,0,4651.15,2024,4,April,Sunday,16400.1,16400.1
2024-04-21,ORD020073,CUST00917,P014,Keyboard,Electronics,Chennai,Online,Credit Card,1,2256.07,0.05,2256.07,2143.27,0,506.43,2024,4,April,Sunday,2256.07,2143.2665
2024-04-21,ORD044127,CUST01596,P014,Keyboard,Electronics,Chennai,Online,UPI,5,2364.53,0.1,11822.65,10640.39,0,1898.82,2024,4,April,Sunday,11822.650000000001,10640.385
2024-04-21,ORD012620,CUST02497,P004,Smartwatch,Electronics,Hyderabad,Store,UPI,1,6513.05,0.15,6513.05,5536.09,0,1222.66,2024,4,April,Sunday,6513.05,5536.0925
2024-04-21,ORD013647,CUST03063,P014,Keyboard,Electronics,Hyderabad,Online,UPI,1,2665.0,0.05,2665.0,2531.75,0,320.61,2024,4,April,Sunday,2665.0,2531.75
2024-04-21,ORD011824,CUST02434,P014,Keyboard,Electronics,Kolkata,Online,UPI,1,2557.82,0.1,2557.82,2302.04,0,594.68,2024,4,April,Sunday,2557.82,2302.038
2024-04-21,ORD009832,CUST00086,P017,Jeans,Fashion,Surat,Store,Credit Card,1,2583.96,0.0,2583.96,2583.96,0,606.42,2024,4,April,Sunday,2583.96,2583.96
2024-04-21,ORD011239,CUST00160,P011,Mixer Grinder,Home,Jaipur,Store,UPI,2,4448.1,0.05,8896.2,8451.39,0,2122.7,2024,4,April,Sunday,8896.2,8451.39
2024-04-21,ORD000829,CUST03835,P012,Air Fryer,Home,Pune,Online,Credit Card,1,6609.07,0.1,6609.07,5948.16,1,-297.41,2024,4,April,Sunday,6609.07,5948.163
2024-04-21,ORD028313,CUST00170,P006,Desk,Furniture,Chennai,Store,Credit Card,5,12231.37,0.15,61156.85,51983.32,0,2732.8,2024,4,April,Sunday,61156.850000000006,51983.322499999995
2024-04-21,ORD000458,CUST03798,P019,Vacuum Cleaner,Home,Chennai,Online,Debit Card,4,9292.16,0.05,37168.64,35310.21,0,8779.11,2024,4,April,Sunday,37168.64,35310.208
2024-04-21,ORD023934,CUST03725,P003,Headphones,Electronics,Hyderabad,Store,Debit Card,1,4713.0,0.1,4713.0,4241.7,0,605.19,2024,4,April,Sunday,4713.0,4241.7
2024-04-21,ORD000204,CUST03138,P002,Smartphone,Electronics,Surat,Online,Credit Card,1,27914.3,0.1,27914.3,25122.87,0,6734.28,2024,4,April,Sunday,27914.3,25122.87
2024-04-21,ORD005479,CUST00740,P009,T-Shirt,Fashion,Jaipur,Store,UPI,1,1194.97,0.1,1194.97,1075.47,0,135.78,2024,4,April,Sunday,1194.97,1075.473
2024-04-21,ORD028404,CUST00382,P005,Office Chair,Furniture,Pune,Store,Cash,3,9064.03,0.1,27192.09,24472.88,0,6384.36,2024,4,April,Sunday,27192.090000000004,24472.881
2024-04-21,ORD044683,CUST03758,P001,Laptop,Electronics,Bengaluru,Online,UPI,2,61584.76,0.25,123169.52,92377.14,0,9567.45,2024,4,April,Sunday,123169.52,92377.14
2024-04-21,ORD048003,CUST03410,P002,Smartphone,Electronics,Chennai,Online,UPI,1,25459.1,0.1,25459.1,22913.19,0,6191.04,2024,4,April,Sunday,25459.1,22913.19
2024-04-22,ORD000389,CUST00841,P013,Monitor,Electronics,Chennai,Online,Cash,5,18372.7,0.0,91863.5,91863.5,0,21254.46,2024,4,April,Monday,91863.5,91863.5
2024-04-22,ORD024066,CUST04256,P011,Mixer Grinder,Home,Kolkata,Store,Credit Card,1,5123.79,0.05,5123.79,4867.6,1,-243.38,2024,4,April,Monday,5123.79,4867.6005
2024-04-22,ORD023792,CUST00499,P020,Microwave,Home,Jaipur,Store,UPI,2,11383.02,0.25,22766.04,17074.53,0,932.93,2024,4,April,Monday,22766.04,17074.53
2024-04-22,ORD030280,CUST00854,P016,Sofa,Furniture,Hyderabad,Online,Credit Card,4,32672.24,0.1,130688.96,117620.06,0,18027.98,2024,4,April,Monday,130688.96,117620.06400000001
2024-04-22,ORD001968,CUST02700,P016,Sofa,Furniture,Jaipur,Store,Credit Card,1,32447.17,0.15,32447.17,27580.09,0,6226.74,2024,4,April,Monday,32447.17,27580.0945
2024-04-22,ORD011688,CUST02225,P009,T-Shirt,Fashion,Hyderabad,Online,Credit Card,1,1263.11,0.0,1263.11,1263.11,0,309.06,2024,4,April,Monday,1263.11,1263.11
2024-04-22,ORD033314,CUST00162,P011,Mixer Grinder,Home,Ahmedabad,Store,Credit Card,1,4507.86,0.0,4507.86,4507.86,0,464.18,2024,4,April,Monday,4507.86,4507.86
2024-04-22,ORD033503,CUST04627,P004,Smartwatch,Electronics,Hyderabad,Online,Credit Card,4,7334.88,0.2,29339.52,23471.62,0,1361.0,2024,4,April,Monday,29339.52,23471.616
2024-04-22,ORD023815,CUST01800,P007,Backpack,Accessories,Pune,Store,UPI,1,2325.42,0.05,2325.42,2209.15,0,360.37,2024,4,April,Monday,2325.42,2209.149
2024-04-22,ORD035411,CUST02490,P016,Sofa,Furniture,Hyderabad,Online,Credit Card,2,35839.56,0.25,71679.12,53759.34,1,-2687.97,2024,4,April,Monday,71679.12,53759.34
2024-04-22,ORD028196,CUST03029,P005,Office Chair,Furniture,Chennai,Store,Credit Card,1,9397.68,0.0,9397.68,9397.68,0,2792.62,2024,4,April,Monday,9397.68,9397.68
2024-04-22,ORD026486,CUST01627,P011,Mixer Grinder,Home,Ahmedabad,Store,Credit Card,1,4593.25,0.05,4593.25,4363.59,0,515.33,2024,4,April,Monday,4593.25,4363.5875
2024-04-22,ORD018225,CUST00314,P018,Jacket,Fashion,Hyderabad,Online,Debit Card,4,4968.03,0.2,19872.12,15897.7,0,669.55,2024,4,April,Monday,19872.12,15897.696
2024-04-22,ORD015311,CUST02201,P007,Backpack,Accessories,Hyderabad,Store,UPI,5,2196.84,0.15,10984.2,9336.57,0,2280.8,2024,4,April,Monday,10984.2,9336.57
2024-04-22,ORD038571,CUST03840,P002,Smartphone,Electronics,Surat,Online,Cash,4,27307.71,0.05,109230.84,103769.3,0,9192.14,2024,4,April,Monday,109230.84,103769.298
2024-04-22,ORD039514,CUST04240,P018,Jacket,Fashion,Mumbai,Online,Debit Card,2,5173.17,0.05,10346.34,9829.02,0,2464.35,2024,4,April,Monday,10346.34,9829.023
2024-04-22,ORD049008,CUST02472,P006,Desk,Furniture,Bengaluru,Online,UPI,2,11009.02,0.05,22018.04,20917.14,0,3401.43,2024,4,April,Monday,22018.04,20917.138
2024-04-22,ORD032612,CUST02852,P014,Keyboard,Electronics,Kolkata,Online,Debit Card,4,2350.09,0.15,9400.36,7990.31,0,1825.63,2024,4,April,Monday,9400.36,7990.3060000000005
2024-04-22,ORD042035,CUST02559,P013,Monitor,Electronics,Ahmedabad,Online,Cash,1,17471.71,0.1,17471.71,15724.54,0,2996.89,2024,4,April,Monday,17471.71,15724.538999999999
2024-04-22,ORD008139,CUST01935,P002,Smartphone,Electronics,Jaipur,Online,Credit Card,1,30220.7,0.05,30220.7,28709.66,0,4876.68,2024,4,April,Monday,30220.7,28709.665
2024-04-22,ORD027396,CUST04699,P007,Backpack,Accessories,Ahmedabad,Online,Credit Card,1,2263.18,0.0,2263.18,2263.18,0,274.01,2024,4,April,Monday,2263.18,2263.18
2024-04-22,ORD003005,CUST01300,P002,Smartphone,Electronics,Ahmedabad,Online,Credit Card,1,29571.74,0.0,29571.74,29571.74,0,5797.76,2024,4,April,Monday,29571.74,29571.74
2024-04-22,ORD045973,CUST03383,P018,Jacket,Fashion,Mumbai,Store,UPI,2,5700.31,0.0,11400.62,11400.62,1,-570.03,2024,4,April,Monday,11400.62,11400.62
2024-04-22,ORD031250,CUST00951,P005,Office Chair,Furniture,Ahmedabad,Online,Credit Card,1,9671.59,0.05,9671.59,9188.01,0,2010.64,2024,4,April,Monday,9671.59,9188.0105
2024-04-22,ORD021371,CUST04117,P019,Vacuum Cleaner,Home,Mumbai,Online,Credit Card,1,8258.98,0.1,8258.98,7433.08,0,1730.1,2024,4,April,Monday,8258.98,7433.081999999999
2024-04-22,ORD034822,CUST02539,P016,Sofa,Furniture,Mumbai,Online,UPI,1,32578.77,0.0,32578.77,32578.77,0,2728.19,2024,4,April,Monday,32578.77,32578.77
2024-04-22,ORD025637,CUST04911,P020,Microwave,Home,Surat,Online,Debit Card,1,11354.37,0.05,11354.37,10786.65,0,2544.18,2024,4,April,Monday,11354.37,10786.6515
2024-04-22,ORD022352,CUST01284,P009,T-Shirt,Fashion,Ahmedabad,Online,UPI,1,1101.08,0.1,1101.08,990.97,0,74.85,2024,4,April,Monday,1101.08,990.972
2024-04-22,ORD039194,CUST02732,P007,Backpack,Accessories,Surat,Online,Credit Card,1,2305.57,0.05,2305.57,2190.29,0,577.73,2024,4,April,Monday,2305.57,2190.2915000000003
2024-04-22,ORD046775,CUST03650,P009,T-Shirt,Fashion,Bengaluru,Store,UPI,1,1156.34,0.15,1156.34,982.89,0,117.0,2024,4,April,Monday,1156.34,982.8889999999999
2024-04-22,ORD022121,CUST00830,P001,Laptop,Electronics,Mumbai,Store,UPI,1,68619.39,0.2,68619.39,54895.51,0,4820.69,2024,4,April,Monday,68619.39,54895.512
2024-04-22,ORD011381,CUST02110,P018,Jacket,Fashion,Surat,Online,Net Banking,2,4876.08,0.05,9752.16,9264.55,0,1413.12,2024,4,April,Monday,9752.16,9264.552
2024-04-22,ORD027785,CUST03099,P010,Coffee Maker,Home,Ahmedabad,Online,UPI,4,5959.99,0.2,23839.96,19071.97,0,1971.58,2024,4,April,Monday,23839.96,19071.968
2024-04-22,ORD011012,CUST04701,P018,Jacket,Fashion,Chennai,Online,UPI,2,5156.8,0.05,10313.6,9797.92,0,1270.81,2024,4,April,Monday,10313.6,9797.92
2024-04-22,ORD044129,CUST04048,P019,Vacuum Cleaner,Home,Bengaluru,Online,Credit Card,1,9174.85,0.05,9174.85,8716.11,0,1842.82,2024,4,April,Monday,9174.85,8716.1075
2024-04-22,ORD040234,CUST03687,P016,Sofa,Furniture,Delhi,Online,Credit Card,1,38029.14,0.0,38029.14,38029.14,0,6463.03,2024,4,April,Monday,38029.14,38029.14
2024-04-22,ORD026871,CUST04287,P009,T-Shirt,Fashion,Surat,Online,UPI,1,1280.66,0.2,1280.66,1024.53,1,-51.23,2024,4,April,Monday,1280.66,1024.528
2024-04-22,ORD003509,CUST03354,P002,Smartphone,Electronics,Delhi,Store,Credit Card,1,27483.63,0.15,27483.63,23361.09,0,2730.25,2024,4,April,Monday,27483.63,23361.0855
2024-04-22,ORD005392,CUST00126,P011,Mixer Grinder,Home,Surat,Online,Debit Card,2,4797.35,0.15,9594.7,8155.5,0,1603.81,2024,4,April,Monday,9594.7,8155.495000000001
2024-04-22,ORD030778,CUST04249,P001,Laptop,Electronics,Pune,Store,Cash,3,58892.94,0.0,176678.82,176678.82,0,19720.08,2024,4,April,Monday,176678.82,176678.82
2024-04-22,ORD034841,CUST01739,P014,Keyboard,Electronics,Pune,Online,Credit Card,1,2391.93,0.1,2391.93,2152.74,0,303.17,2024,4,April,Monday,2391.93,2152.737
2024-04-22,ORD004643,CUST01525,P019,Vacuum Cleaner,Home,Kolkata,Store,UPI,2,8707.87,0.25,17415.74,13061.8,0,2751.94,2024,4,April,Monday,17415.74,13061.805
2024-04-22,ORD000086,CUST02162,P008,Running Shoes,Fashion,Hyderabad,Store,UPI,1,4379.81,0.05,4379.81,4160.82,0,780.49,2024,4,April,Monday,4379.81,4160.8195000000005
2024-04-22,ORD018334,CUST00772,P017,Jeans,Fashion,Kolkata,Online,UPI,5,2573.41,0.0,12867.05,12867.05,0,1598.78,2024,4,April,Monday,12867.05,12867.05
2024-04-22,ORD034548,CUST02048,P019,Vacuum Cleaner,Home,Ahmedabad,Store,Debit Card,1,8770.06,0.2,8770.06,7016.05,0,305.85,2024,4,April,Monday,8770.06,7016.048
2024-04-22,ORD007542,CUST02215,P014,Keyboard,Electronics,Delhi,Store,Debit Card,1,2688.34,0.25,2688.34,2016.26,0,410.87,2024,4,April,Monday,2688.34,2016.255
2024-04-22,ORD046126,CUST03044,P011,Mixer Grinder,Home,Jaipur,Online,Credit Card,2,4995.76,0.2,9991.52,7993.22,0,1426.1,2024,4,April,Monday,9991.52,7993.216
2024-04-22,ORD016005,CUST01151,P017,Jeans,Fashion,Jaipur,Online,Debit Card,1,2598.2,0.0,2598.2,2598.2,0,521.14,2024,4,April,Monday,2598.2,2598.2
2024-04-22,ORD013976,CUST02709,P020,Microwave,Home,Mumbai,Online,Credit Card,2,11900.63,0.1,23801.26,21421.13,0,2831.28,2024,4,April,Monday,23801.26,21421.134
2024-04-22,ORD026933,CUST01779,P002,Smartphone,Electronics,Surat,Online,Net Banking,2,26690.39,0.15,53380.78,45373.66,0,11204.92,2024,4,April,Monday,53380.78,45373.663
2024-04-22,ORD035331,CUST02106,P001,Laptop,Electronics,Mumbai,Online,Credit Card,2,59663.71,0.05,119327.42,113361.05,0,26618.5,2024,4,April,Monday,119327.42,113361.049
2024-04-22,ORD038410,CUST02932,P014,Keyboard,Electronics,Jaipur,Online,Credit Card,1,2675.4,0.0,2675.4,2675.4,0,780.06,2024,4,April,Monday,2675.4,2675.4
2024-04-22,ORD026694,CUST02457,P007,Backpack,Accessories,Bengaluru,Online,UPI,2,2019.41,0.0,4038.82,4038.82,0,772.22,2024,4,April,Monday,4038.82,4038.82
2024-04-22,ORD005352,CUST04257,P012,Air Fryer,Home,Hyderabad,Online,UPI,1,7825.18,0.15,7825.18,6651.4,0,1509.82,2024,4,April,Monday,7825.18,6651.403
2024-04-22,ORD013376,CUST03523,P015,Dining Table,Furniture,Mumbai,Online,Debit Card,2,21517.01,0.05,43034.02,40882.32,0,9040.94,2024,4,April,Monday,43034.02,40882.318999999996
2024-04-22,ORD002548,CUST01048,P002,Smartphone,Electronics,Pune,Store,Credit Card,2,29487.31,0.05,58974.62,56025.89,1,-2801.29,2024,4,April,Monday,58974.62,56025.889
2024-04-22,ORD036541,CUST04075,P016,Sofa,Furniture,Chennai,Online,Debit Card,1,34445.89,0.0,34445.89,34445.89,0,8452.57,2024,4,April,Monday,34445.89,34445.89
2024-04-22,ORD018070,CUST03453,P002,Smartphone,Electronics,Jaipur,Online,Net Banking,1,27787.49,0.15,27787.49,23619.37,0,3843.73,2024,4,April,Monday,27787.49,23619.3665
2024-04-22,ORD041432,CUST00155,P020,Microwave,Home,Mumbai,Online,UPI,1,11706.11,0.0,11706.11,11706.11,0,1494.8,2024,4,April,Monday,11706.11,11706.11
2024-04-22,ORD016205,CUST02987,P005,Office Chair,Furniture,Pune,Online,Credit Card,2,10270.01,0.2,20540.02,16432.02,0,2700.38,2024,4,April,Monday,20540.02,16432.016
2024-04-22,ORD016650,CUST04681,P011,Mixer Grinder,Home,Jaipur,Store,Net Banking,1,5175.38,0.1,5175.38,4657.84,0,522.24,2024,4,April,Monday,5175.38,4657.842000000001
2024-04-22,ORD021048,CUST00188,P010,Coffee Maker,Home,Bengaluru,Online,UPI,1,4994.62,0.0,4994.62,4994.62,0,841.87,2024,4,April,Monday,4994.62,4994.62
2024-04-22,ORD009629,CUST03554,P015,Dining Table,Furniture,Kolkata,Store,Credit Card,1,24166.94,0.0,24166.94,24166.94,0,5087.0,2024,4,April,Monday,24166.94,24166.94
2024-04-22,ORD013955,CUST02671,P017,Jeans,Fashion,Bengaluru,Store,UPI,1,2613.95,0.05,2613.95,2483.25,0,644.81,2024,4,April,Monday,2613.95,2483.2524999999996
2024-04-22,ORD030856,CUST01461,P011,Mixer Grinder,Home,Kolkata,Store,Debit Card,1,4358.49,0.0,4358.49,4358.49,0,927.68,2024,4,April,Monday,4358.49,4358.49
2024-04-22,ORD005530,CUST04998,P013,Monitor,Electronics,Bengaluru,Online,Credit Card,2,19096.42,0.0,38192.84,38192.84,0,9154.08,2024,4,April,Monday,38192.84,38192.84
2024-04-22,ORD017013,CUST04222,P004,Smartwatch,Electronics,Hyderabad,Online,Credit Card,1,6688.71,0.15,6688.71,5685.4,0,1280.96,2024,4,April,Monday,6688.71,5685.403499999999
2024-04-22,ORD047395,CUST04473,P001,Laptop,Electronics,Mumbai,Online,Credit Card,1,58648.38,0.1,58648.38,52783.54,0,9333.09,2024,4,April,Monday,58648.38,52783.542
2024-04-22,ORD018423,CUST02100,P002,Smartphone,Electronics,Jaipur,Online,UPI,1,26231.35,0.1,26231.35,23608.22,1,-1180.41,2024,4,April,Monday,26231.35,23608.215
2024-04-22,ORD000015,CUST04098,P012,Air Fryer,Home,Bengaluru,Online,UPI,1,6913.26,0.1,6913.26,6221.93,0,423.81,2024,4,April,Monday,6913.26,6221.934
2024-04-22,ORD000638,CUST03062,P002,Smartphone,Electronics,Chennai,Store,UPI,5,25556.17,0.1,127780.85,115002.76,0,28180.41,2024,4,April,Monday,127780.84999999999,115002.76500000001
2024-04-22,ORD040760,CUST01701,P017,Jeans,Fashion,Jaipur,Online,UPI,2,3009.86,0.0,6019.72,6019.72,0,1161.69,2024,4,April,Monday,6019.72,6019.72
2024-04-22,ORD030190,CUST00723,P007,Backpack,Accessories,Delhi,Online,UPI,2,2326.31,0.1,4652.62,4187.36,0,721.62,2024,4,April,Monday,4652.62,4187.358
2024-04-22,ORD018601,CUST01226,P020,Microwave,Home,Kolkata,Online,Credit Card,1,11226.32,0.05,11226.32,10665.0,0,1845.45,2024,4,April,Monday,11226.32,10665.003999999999
2024-04-22,ORD047952,CUST00845,P014,Keyboard,Electronics,Mumbai,Online,Credit Card,1,2580.59,0.05,2580.59,2451.56,0,186.87,2024,4,April,Monday,2580.59,2451.5605
2024-04-22,ORD000434,CUST01452,P013,Monitor,Electronics,Ahmedabad,Online,Credit Card,1,19000.12,0.2,19000.12,15200.1,0,3626.87,2024,4,April,Monday,19000.12,15200.096
2024-04-23,ORD010280,CUST00750,P012,Air Fryer,Home,Chennai,Online,UPI,2,6957.38,0.15,13914.76,11827.55,0,2747.76,2024,4,April,Tuesday,13914.76,11827.546
2024-04-23,ORD044556,CUST01968,P011,Mixer Grinder,Home,Bengaluru,Store,Debit Card,4,5111.39,0.05,20445.56,19423.28,0,5537.6,2024,4,April,Tuesday,20445.56,19423.282
2024-04-23,ORD022183,CUST03365,P018,Jacket,Fashion,Jaipur,Store,UPI,2,5560.27,0.1,11120.54,10008.49,0,1644.35,2024,4,April,Tuesday,11120.54,10008.486
2024-04-23,ORD025407,CUST03915,P005,Office Chair,Furniture,Ahmedabad,Online,Credit Card,2,10012.61,0.15,20025.22,17021.44,0,4001.89,2024,4,April,Tuesday,20025.22,17021.437
2024-04-23,ORD015498,CUST04251,P004,Smartwatch,Electronics,Hyderabad,Online,Credit Card,3,7491.59,0.1,22474.77,20227.29,0,3770.33,2024,4,April,Tuesday,22474.77,20227.293
2024-04-23,ORD030358,CUST01373,P005,Office Chair,Furniture,Pune,Store,Net Banking,2,9399.98,0.1,18799.96,16919.96,0,2095.24,2024,4,April,Tuesday,18799.96,16919.964
2024-04-23,ORD002717,CUST04630,P018,Jacket,Fashion,Pune,Online,UPI,1,4819.78,0.1,4819.78,4337.8,1,-216.89,2024,4,April,Tuesday,4819.78,4337.802
2024-04-23,ORD046527,CUST01747,P019,Vacuum Cleaner,Home,Hyderabad,Store,UPI,3,8554.94,0.15,25664.82,21815.1,0,2107.18,2024,4,April,Tuesday,25664.82,21815.096999999998
2024-04-23,ORD012235,CUST01987,P011,Mixer Grinder,Home,Mumbai,Store,UPI,1,4505.28,0.25,4505.28,3378.96,0,562.28,2024,4,April,Tuesday,4505.28,3378.96
2024-04-23,ORD006667,CUST00723,P002,Smartphone,Electronics,Chennai,Online,Cash,2,28833.29,0.1,57666.58,51899.92,0,13612.93,2024,4,April,Tuesday,57666.58,51899.922000000006
2024-04-23,ORD014863,CUST01792,P018,Jacket,Fashion,Hyderabad,Online,Credit Card,3,5015.34,0.05,15046.02,14293.72,0,3164.08,2024,4,April,Tuesday,15046.02,14293.719
2024-04-23,ORD010400,CUST03940,P003,Headphones,Electronics,Chennai,Online,Net Banking,1,4889.5,0.0,4889.5,4889.5,0,1343.37,2024,4,April,Tuesday,4889.5,4889.5
2024-04-23,ORD019864,CUST01542,P001,Laptop,Electronics,Ahmedabad,Online,Cash,1,63596.41,0.05,63596.41,60416.59,0,16154.01,2024,4,April,Tuesday,63596.41,60416.5895
2024-04-23,ORD046423,CUST02200,P015,Dining Table,Furniture,Delhi,Online,Cash,2,23456.5,0.0,46913.0,46913.0,0,11833.93,2024,4,April,Tuesday,46913.0,46913.0
2024-04-23,ORD022625,CUST03733,P010,Coffee Maker,Home,Kolkata,Online,Credit Card,3,5294.43,0.15,15883.29,13500.8,0,1604.52,2024,4,April,Tuesday,15883.29,13500.7965
2024-04-23,ORD014868,CUST04349,P017,Jeans,Fashion,Chennai,Store,UPI,2,3040.1,0.05,6080.2,5776.19,0,414.21,2024,4,April,Tuesday,6080.2,5776.19
2024-04-23,ORD040459,CUST04205,P013,Monitor,Electronics,Jaipur,Online,UPI,1,18082.56,0.0,18082.56,18082.56,0,4233.94,2024,4,April,Tuesday,18082.56,18082.56
2024-04-23,ORD042109,CUST02913,P010,Coffee Maker,Home,Pune,Online,Debit Card,1,5525.29,0.1,5525.29,4972.76,0,1217.3,2024,4,April,Tuesday,5525.29,4972.761
2024-04-23,ORD036281,CUST02390,P010,Coffee Maker,Home,Delhi,Online,UPI,2,5586.79,0.05,11173.58,10614.9,0,882.28,2024,4,April,Tuesday,11173.58,10614.901
2024-04-23,ORD025345,CUST01732,P005,Office Chair,Furniture,Ahmedabad,Online,Credit Card,5,10222.89,0.05,51114.45,48558.73,0,7571.12,2024,4,April,Tuesday,51114.45,48558.72749999999
2024-04-23,ORD013285,CUST02198,P002,Smartphone,Electronics,Ahmedabad,Online,Debit Card,3,25344.15,0.15,76032.45,64627.58,0,9025.76,2024,4,April,Tuesday,76032.45000000001,64627.5825
2024-04-23,ORD047566,CUST00932,P002,Smartphone,Electronics,Surat,Online,Credit Card,1,29916.0,0.05,29916.0,28420.2,0,4373.31,2024,4,April,Tuesday,29916.0,28420.199999999997
2024-04-23,ORD025349,CUST04315,P015,Dining Table,Furniture,Chennai,Online,UPI,2,23532.72,0.1,47065.44,42358.9,0,4492.97,2024,4,April,Tuesday,47065.44,42358.896
2024-04-23,ORD021918,CUST01528,P016,Sofa,Furniture,Pune,Online,Debit Card,1,35406.72,0.1,35406.72,31866.05,0,3203.06,2024,4,April,Tuesday,35406.72,31866.048000000003
2024-04-23,ORD004709,CUST00679,P016,Sofa,Furniture,Hyderabad,Online,UPI,1,35416.4,0.15,35416.4,30103.94,0,4935.73,2024,4,April,Tuesday,35416.4,30103.94
2024-04-23,ORD042999,CUST00505,P006,Desk,Furniture,Ahmedabad,Online,UPI,3,12150.97,0.1,36452.91,32807.62,0,6500.2,2024,4,April,Tuesday,36452.909999999996,32807.619000000006
2024-04-23,ORD042012,CUST00712,P010,Coffee Maker,Home,Mumbai,Online,UPI,4,6045.97,0.1,24183.88,21765.49,0,1974.21,2024,4,April,Tuesday,24183.88,21765.492000000002
2024-04-23,ORD033421,CUST01942,P005,Office Chair,Furniture,Chennai,Online,Credit Card,1,9669.86,0.1,9669.86,8702.87,0,2124.89,2024,4,April,Tuesday,9669.86,8702.874000000002
2024-04-23,ORD037313,CUST04133,P006,Desk,Furniture,Chennai,Store,UPI,2,12581.87,0.0,25163.74,25163.74,0,4581.76,2024,4,April,Tuesday,25163.74,25163.74
2024-04-23,ORD039333,CUST03285,P002,Smartphone,Electronics,Hyderabad,Store,UPI,1,27243.59,0.1,27243.59,24519.23,0,3781.17,2024,4,April,Tuesday,27243.59,24519.231
2024-04-23,ORD029113,CUST00724,P004,Smartwatch,Electronics,Mumbai,Online,UPI,1,7347.22,0.1,7347.22,6612.5,0,1835.13,2024,4,April,Tuesday,7347.22,6612.4980000000005
2024-04-23,ORD011678,CUST01503,P001,Laptop,Electronics,Bengaluru,Online,UPI,1,64430.06,0.1,64430.06,57987.05,0,4729.08,2024,4,April,Tuesday,64430.06,57987.054
2024-04-23,ORD039629,CUST03236,P005,Office Chair,Furniture,Bengaluru,Store,UPI,2,9819.71,0.05,19639.42,18657.45,0,4250.13,2024,4,April,Tuesday,19639.42,18657.448999999997
2024-04-23,ORD046103,CUST04347,P007,Backpack,Accessories,Surat,Store,UPI,1,2241.98,0.15,2241.98,1905.68,0,449.64,2024,4,April,Tuesday,2241.98,1905.683
2024-04-23,ORD011580,CUST02721,P011,Mixer Grinder,Home,Kolkata,Online,Net Banking,1,5227.4,0.05,5227.4,4966.03,0,1244.1,2024,4,April,Tuesday,5227.4,4966.03
2024-04-23,ORD034817,CUST04038,P017,Jeans,Fashion,Ahmedabad,Store,Cash,1,2992.48,0.15,2992.48,2543.61,0,408.14,2024,4,April,Tuesday,2992.48,2543.608
2024-04-23,ORD001399,CUST04676,P015,Dining Table,Furniture,Mumbai,Store,UPI,1,24100.89,0.1,24100.89,21690.8,0,2997.1,2024,4,April,Tuesday,24100.89,21690.801
2024-04-23,ORD027431,CUST04402,P015,Dining Table,Furniture,Hyderabad,Store,Debit Card,1,23867.84,0.05,23867.84,22674.45,0,5161.38,2024,4,April,Tuesday,23867.84,22674.448
2024-04-23,ORD047913,CUST04757,P010,Coffee Maker,Home,Delhi,Online,Debit Card,1,5045.37,0.1,5045.37,4540.83,0,510.58,2024,4,April,Tuesday,5045.37,4540.833
2024-04-23,ORD045230,CUST01816,P012,Air Fryer,Home,Pune,Store,Credit Card,1,7782.03,0.15,7782.03,6614.73,0,636.82,2024,4,April,Tuesday,7782.03,6614.7255
2024-04-23,ORD046105,CUST04021,P011,Mixer Grinder,Home,Hyderabad,Online,Credit Card,1,5095.73,0.1,5095.73,4586.16,0,1221.46,2024,4,April,Tuesday,5095.73,4586.157
2024-04-23,ORD036163,CUST02175,P005,Office Chair,Furniture,Surat,Online,UPI,1,10395.03,0.0,10395.03,10395.03,0,1273.69,2024,4,April,Tuesday,10395.03,10395.03
2024-04-23,ORD012988,CUST03112,P008,Running Shoes,Fashion,Jaipur,Online,UPI,1,4126.22,0.05,4126.22,3919.91,0,627.96,2024,4,April,Tuesday,4126.22,3919.909
2024-04-23,ORD020433,CUST01388,P016,Sofa,Furniture,Mumbai,Online,Cash,1,31901.02,0.0,31901.02,31901.02,0,4360.1,2024,4,April,Tuesday,31901.02,31901.02
2024-04-23,ORD003074,CUST00837,P005,Office Chair,Furniture,Pune,Online,Credit Card,2,10174.81,0.2,20349.62,16279.7,0,3914.8,2024,4,April,Tuesday,20349.62,16279.696
2024-04-23,ORD000633,CUST01232,P016,Sofa,Furniture,Mumbai,Online,UPI,1,34582.62,0.2,34582.62,27666.1,0,5953.27,2024,4,April,Tuesday,34582.62,27666.096000000005
2024-04-23,ORD004342,CUST00948,P006,Desk,Furniture,Delhi,Online,Net Banking,1,11160.9,0.15,11160.9,9486.76,0,1019.31,2024,4,April,Tuesday,11160.9,9486.765
2024-04-23,ORD016888,CUST04334,P003,Headphones,Electronics,Jaipur,Online,UPI,1,4436.17,0.05,4436.17,4214.36,1,-210.72,2024,4,April,Tuesday,4436.17,4214.3615
2024-04-23,ORD026461,CUST04853,P018,Jacket,Fashion,Ahmedabad,Online,UPI,1,5710.47,0.2,5710.47,4568.38,0,242.12,2024,4,April,Tuesday,5710.47,4568.376
2024-04-23,ORD035001,CUST03408,P019,Vacuum Cleaner,Home,Mumbai,Store,Net Banking,2,8643.59,0.05,17287.18,16422.82,0,3034.32,2024,4,April,Tuesday,17287.18,16422.821
2024-04-23,ORD022012,CUST03906,P009,T-Shirt,Fashion,Chennai,Store,UPI,1,1207.16,0.1,1207.16,1086.44,0,118.36,2024,4,April,Tuesday,1207.16,1086.4440000000002
2024-04-23,ORD049603,CUST04617,P012,Air Fryer,Home,Jaipur,Online,Credit Card,2,7186.44,0.15,14372.88,12216.95,0,722.34,2024,4,April,Tuesday,14372.88,12216.947999999999
2024-04-23,ORD017152,CUST01906,P004,Smartwatch,Electronics,Bengaluru,Online,Credit Card,1,6698.49,0.1,6698.49,6028.64,0,1575.43,2024,4,April,Tuesday,6698.49,6028.641
2024-04-23,ORD025137,CUST02552,P006,Desk,Furniture,Jaipur,Online,UPI,1,11801.99,0.15,11801.99,10031.69,0,954.88,2024,4,April,Tuesday,11801.99,10031.691499999999
2024-04-23,ORD028923,CUST04197,P010,Coffee Maker,Home,Hyderabad,Online,UPI,1,5653.68,0.1,5653.68,5088.31,0,550.93,2024,4,April,Tuesday,5653.68,5088.312000000001
2024-04-23,ORD019075,CUST03247,P008,Running Shoes,Fashion,Chennai,Store,Cash,1,3800.93,0.2,3800.93,3040.74,0,605.89,2024,4,April,Tuesday,3800.93,3040.744
2024-04-23,ORD002624,CUST01086,P005,Office Chair,Furniture,Pune,Store,UPI,2,9164.95,0.1,18329.9,16496.91,0,3315.32,2024,4,April,Tuesday,18329.9,16496.910000000003
2024-04-23,ORD023955,CUST01131,P015,Dining Table,Furniture,Pune,Online,UPI,5,23794.17,0.1,118970.85,107073.76,0,9308.34,2024,4,April,Tuesday,118970.84999999999,107073.76500000001
2024-04-23,ORD027258,CUST04193,P008,Running Shoes,Fashion,Pune,Store,UPI,1,4017.5,0.0,4017.5,4017.5,0,752.82,2024,4,April,Tuesday,4017.5,4017.5
2024-04-23,ORD007827,CUST02768,P019,Vacuum Cleaner,Home,Ahmedabad,Online,UPI,2,8494.33,0.1,16988.66,15289.79,0,3521.7,2024,4,April,Tuesday,16988.66,15289.794
2024-04-23,ORD019069,CUST03194,P017,Jeans,Fashion,Mumbai,Online,Credit Card,2,2948.71,0.05,5897.42,5602.55,0,682.15,2024,4,April,Tuesday,5897.42,5602.549
2024-04-23,ORD029468,CUST02970,P020,Microwave,Home,Kolkata,Online,UPI,1,10502.98,0.2,10502.98,8402.38,0,557.27,2024,4,April,Tuesday,10502.98,8402.384
2024-04-23,ORD000519,CUST03065,P004,Smartwatch,Electronics,Bengaluru,Online,UPI,4,6965.65,0.05,27862.6,26469.47,0,5865.81,2024,4,April,Tuesday,27862.6,26469.469999999998
2024-04-23,ORD038504,CUST02415,P011,Mixer Grinder,Home,Hyderabad,Online,Credit Card,1,4667.32,0.1,4667.32,4200.59,0,1162.0,2024,4,April,Tuesday,4667.32,4200.588
2024-04-23,ORD021545,CUST00874,P001,Laptop,Electronics,Pune,Online,UPI,1,66421.95,0.1,66421.95,59779.76,0,5744.05,2024,4,April,Tuesday,66421.95,59779.755
2024-04-23,ORD013207,CUST03039,P011,Mixer Grinder,Home,Jaipur,Store,UPI,5,4851.58,0.2,24257.9,19406.32,0,1767.62,2024,4,April,Tuesday,24257.9,19406.320000000003
2024-04-23,ORD008438,CUST00840,P019,Vacuum Cleaner,Home,Bengaluru,Online,Credit Card,1,9411.27,0.1,9411.27,8470.14,0,632.61,2024,4,April,Tuesday,9411.27,8470.143
2024-04-23,ORD041530,CUST03757,P005,Office Chair,Furniture,Ahmedabad,Store,Debit Card,1,8684.46,0.05,8684.46,8250.24,0,643.98,2024,4,April,Tuesday,8684.46,8250.237
2024-04-24,ORD004909,CUST02624,P015,Dining Table,Furniture,Bengaluru,Store,Credit Card,1,24071.65,0.25,24071.65,18053.74,0,2694.47,2024,4,April,Wednesday,24071.65,18053.737500000003
2024-04-24,ORD042664,CUST01536,P005,Office Chair,Furniture,Delhi,Store,UPI,1,10442.59,0.1,10442.59,9398.33,0,1513.9,2024,4,April,Wednesday,10442.59,9398.331
2024-04-24,ORD046202,CUST03647,P009,T-Shirt,Fashion,Pune,Online,Credit Card,1,1173.45,0.15,1173.45,997.43,0,243.73,2024,4,April,Wednesday,1173.45,997.4325
2024-04-24,ORD042234,CUST03811,P011,Mixer Grinder,Home,Surat,Online,UPI,4,5249.72,0.1,20998.88,18898.99,0,1866.64,2024,4,April,Wednesday,20998.88,18898.992000000002
2024-04-24,ORD027520,CUST04614,P018,Jacket,Fashion,Surat,Store,UPI,1,5420.02,0.25,5420.02,4065.02,0,640.34,2024,4,April,Wednesday,5420.02,4065.0150000000003
2024-04-24,ORD017519,CUST00769,P020,Microwave,Home,Surat,Store,Cash,1,10900.82,0.15,10900.82,9265.7,0,1167.25,2024,4,April,Wednesday,10900.82,9265.697
2024-04-24,ORD023232,CUST03448,P011,Mixer Grinder,Home,Hyderabad,Online,Net Banking,1,5267.08,0.1,5267.08,4740.37,0,528.88,2024,4,April,Wednesday,5267.08,4740.372
2024-04-24,ORD002844,CUST03148,P014,Keyboard,Electronics,Jaipur,Store,Credit Card,1,2617.38,0.0,2617.38,2617.38,0,402.46,2024,4,April,Wednesday,2617.38,2617.38
2024-04-24,ORD027890,CUST01732,P012,Air Fryer,Home,Ahmedabad,Store,Credit Card,2,7151.87,0.05,14303.74,13588.55,0,1081.21,2024,4,April,Wednesday,14303.74,13588.553
2024-04-24,ORD029097,CUST04153,P019,Vacuum Cleaner,Home,Ahmedabad,Store,Credit Card,3,8278.84,0.1,24836.52,22352.87,0,4863.31,2024,4,April,Wednesday,24836.52,22352.868000000002
2024-04-24,ORD032911,CUST02320,P005,Office Chair,Furniture,Delhi,Online,Credit Card,1,9372.69,0.15,9372.69,7966.79,0,854.78,2024,4,April,Wednesday,9372.69,7966.7865
2024-04-24,ORD012108,CUST00945,P006,Desk,Furniture,Kolkata,Store,UPI,1,11159.06,0.1,11159.06,10043.15,0,920.18,2024,4,April,Wednesday,11159.06,10043.154
2024-04-24,ORD009431,CUST03741,P004,Smartwatch,Electronics,Delhi,Store,UPI,1,7584.99,0.05,7584.99,7205.74,0,1933.98,2024,4,April,Wednesday,7584.99,7205.7405
2024-04-24,ORD023467,CUST02431,P011,Mixer Grinder,Home,Hyderabad,Online,UPI,3,4942.59,0.2,14827.77,11862.22,0,598.79,2024,4,April,Wednesday,14827.77,11862.216
2024-04-24,ORD025858,CUST04720,P007,Backpack,Accessories,Bengaluru,Online,Credit Card,1,2374.9,0.0,2374.9,2374.9,0,553.26,2024,4,April,Wednesday,2374.9,2374.9
2024-04-24,ORD038362,CUST04916,P001,Laptop,Electronics,Delhi,Store,UPI,2,66754.7,0.1,133509.4,120158.46,0,30017.47,2024,4,April,Wednesday,133509.4,120158.45999999999
2024-04-24,ORD045874,CUST03694,P002,Smartphone,Electronics,Surat,Store,UPI,3,30559.24,0.15,91677.72,77926.06,0,4943.56,2024,4,April,Wednesday,91677.72,77926.062
2024-04-24,ORD009465,CUST02017,P010,Coffee Maker,Home,Kolkata,Online,UPI,2,5576.66,0.1,11153.32,10037.99,0,1239.38,2024,4,April,Wednesday,11153.32,10037.988
2024-04-24,ORD025171,CUST02626,P008,Running Shoes,Fashion,Hyderabad,Online,Net Banking,1,4393.2,0.05,4393.2,4173.54,0,464.59,2024,4,April,Wednesday,4393.2,4173.54
2024-04-24,ORD021902,CUST04347,P003,Headphones,Electronics,Pune,Store,UPI,5,4778.54,0.2,23892.7,19114.16,0,3904.39,2024,4,April,Wednesday,23892.7,19114.16
2024-04-24,ORD010821,CUST02896,P002,Smartphone,Electronics,Hyderabad,Online,Credit Card,2,27958.09,0.1,55916.18,50324.56,1,-2516.23,2024,4,April,Wednesday,55916.18,50324.562
2024-04-24,ORD006480,CUST04899,P010,Coffee Maker,Home,Chennai,Online,UPI,1,5632.75,0.05,5632.75,5351.11,0,1520.09,2024,4,April,Wednesday,5632.75,5351.1125
2024-04-24,ORD000787,CUST04021,P005,Office Chair,Furniture,Mumbai,Store,Credit Card,1,9697.85,0.1,9697.85,8728.06,0,973.01,2024,4,April,Wednesday,9697.85,8728.065
2024-04-24,ORD029110,CUST01130,P008,Running Shoes,Fashion,Ahmedabad,Online,Net Banking,1,4363.45,0.05,4363.45,4145.28,0,545.61,2024,4,April,Wednesday,4363.45,4145.277499999999
2024-04-24,ORD029955,CUST02157,P006,Desk,Furniture,Pune,Online,Cash,1,12635.88,0.1,12635.88,11372.29,0,1687.79,2024,4,April,Wednesday,12635.88,11372.292
2024-04-24,ORD007008,CUST04453,P020,Microwave,Home,Surat,Store,UPI,1,10807.55,0.1,10807.55,9726.8,0,1018.27,2024,4,April,Wednesday,10807.55,9726.795
2024-04-24,ORD020343,CUST04407,P010,Coffee Maker,Home,Bengaluru,Online,Debit Card,1,5362.94,0.0,5362.94,5362.94,0,1021.54,2024,4,April,Wednesday,5362.94,5362.94
2024-04-24,ORD016379,CUST04116,P009,T-Shirt,Fashion,Jaipur,Online,Credit Card,1,1302.84,0.15,1302.84,1107.41,0,156.14,2024,4,April,Wednesday,1302.84,1107.414
2024-04-24,ORD032568,CUST01419,P003,Headphones,Electronics,Kolkata,Online,Credit Card,4,4174.19,0.05,16696.76,15861.92,0,1480.69,2024,4,April,Wednesday,16696.76,15861.921999999997
2024-04-24,ORD034396,CUST02867,P014,Keyboard,Electronics,Chennai,Online,Credit Card,1,2471.48,0.1,2471.48,2224.33,0,502.09,2024,4,April,Wednesday,2471.48,2224.332
2024-04-24,ORD000742,CUST01242,P018,Jacket,Fashion,Jaipur,Store,Net Banking,3,4928.78,0.05,14786.34,14047.02,0,1157.53,2024,4,April,Wednesday,14786.34,14047.023
2024-04-24,ORD029458,CUST02615,P002,Smartphone,Electronics,Delhi,Online,UPI,2,25442.13,0.05,50884.26,48340.05,0,4383.71,2024,4,April,Wednesday,50884.26,48340.047
2024-04-24,ORD011691,CUST04008,P014,Keyboard,Electronics,Mumbai,Store,Net Banking,1,2671.0,0.0,2671.0,2671.0,0,751.73,2024,4,April,Wednesday,2671.0,2671.0
2024-04-24,ORD031636,CUST00267,P012,Air Fryer,Home,Bengaluru,Online,UPI,1,6482.37,0.15,6482.37,5510.01,0,724.78,2024,4,April,Wednesday,6482.37,5510.014499999999
2024-04-24,ORD009716,CUST00262,P016,Sofa,Furniture,Hyderabad,Online,Credit Card,1,37270.89,0.1,37270.89,33543.8,0,4712.53,2024,4,April,Wednesday,37270.89,33543.801
2024-04-24,ORD003488,CUST01116,P010,Coffee Maker,Home,Surat,Online,Credit Card,2,5713.68,0.0,11427.36,11427.36,0,3051.95,2024,4,April,Wednesday,11427.36,11427.36
2024-04-24,ORD006109,CUST01290,P002,Smartphone,Electronics,Bengaluru,Online,Credit Card,2,26126.48,0.0,52252.96,52252.96,0,7660.29,2024,4,April,Wednesday,52252.96,52252.96
2024-04-24,ORD015776,CUST01975,P007,Backpack,Accessories,Surat,Store,UPI,1,2160.13,0.05,2160.13,2052.12,0,340.48,2024,4,April,Wednesday,2160.13,2052.1235
2024-04-24,ORD011415,CUST03877,P012,Air Fryer,Home,Jaipur,Online,UPI,1,6778.55,0.0,6778.55,6778.55,0,1519.12,2024,4,April,Wednesday,6778.55,6778.55
2024-04-24,ORD015807,CUST01272,P008,Running Shoes,Fashion,Delhi,Online,Net Banking,2,3931.69,0.1,7863.38,7077.04,0,1030.04,2024,4,April,Wednesday,7863.38,7077.042
2024-04-24,ORD000592,CUST00031,P003,Headphones,Electronics,Chennai,Online,Debit Card,1,4918.44,0.05,4918.44,4672.52,0,737.91,2024,4,April,Wednesday,4918.44,4672.517999999999
2024-04-24,ORD000457,CUST03554,P006,Desk,Furniture,Mumbai,Online,UPI,2,12001.39,0.05,24002.78,22802.64,0,4157.5,2024,4,April,Wednesday,24002.78,22802.641
2024-04-24,ORD007781,CUST01366,P006,Desk,Furniture,Kolkata,Online,UPI,1,11915.42,0.25,11915.42,8936.56,0,1847.23,2024,4,April,Wednesday,11915.42,8936.565
2024-04-24,ORD019273,CUST04358,P003,Headphones,Electronics,Ahmedabad,Online,Credit Card,3,4223.2,0.05,12669.6,12036.12,0,2533.94,2024,4,April,Wednesday,12669.599999999999,12036.119999999999
2024-04-24,ORD008414,CUST01149,P003,Headphones,Electronics,Hyderabad,Store,Net Banking,2,4856.84,0.05,9713.68,9228.0,0,1558.13,2024,4,April,Wednesday,9713.68,9227.996
2024-04-24,ORD044873,CUST00769,P002,Smartphone,Electronics,Hyderabad,Store,Debit Card,1,26229.85,0.1,26229.85,23606.86,0,3360.59,2024,4,April,Wednesday,26229.85,23606.864999999998
2024-04-24,ORD003627,CUST04447,P005,Office Chair,Furniture,Pune,Online,Net Banking,1,10210.14,0.0,10210.14,10210.14,1,-510.51,2024,4,April,Wednesday,10210.14,10210.14
2024-04-24,ORD040021,CUST01597,P006,Desk,Furniture,Jaipur,Online,Debit Card,3,11324.53,0.2,33973.59,27178.87,0,4261.29,2024,4,April,Wednesday,33973.590000000004,27178.872
2024-04-24,ORD004197,CUST01878,P004,Smartwatch,Electronics,Ahmedabad,Online,Credit Card,1,6502.12,0.15,6502.12,5526.8,0,705.31,2024,4,April,Wednesday,6502.12,5526.802
2024-04-24,ORD003662,CUST03480,P005,Office Chair,Furniture,Surat,Online,UPI,2,9859.13,0.1,19718.26,17746.43,0,2910.76,2024,4,April,Wednesday,19718.26,17746.433999999997
2024-04-24,ORD033930,CUST03616,P003,Headphones,Electronics,Ahmedabad,Store,Credit Card,2,4370.45,0.05,8740.9,8303.86,0,1454.11,2024,4,April,Wednesday,8740.9,8303.855
2024-04-24,ORD013970,CUST00654,P012,Air Fryer,Home,Delhi,Store,UPI,2,7577.86,0.15,15155.72,12882.36,0,1540.59,2024,4,April,Wednesday,15155.72,12882.362
2024-04-24,ORD000726,CUST01573,P017,Jeans,Fashion,Ahmedabad,Online,UPI,1,2774.77,0.05,2774.77,2636.03,0,594.32,2024,4,April,Wednesday,2774.77,2636.0315
2024-04-24,ORD011707,CUST00678,P004,Smartwatch,Electronics,Chennai,Store,UPI,1,7605.24,0.0,7605.24,7605.24,0,964.46,2024,4,April,Wednesday,7605.24,7605.24
2024-04-24,ORD048485,CUST04983,P016,Sofa,Furniture,Ahmedabad,Store,Cash,1,34211.75,0.05,34211.75,32501.16,0,5643.85,2024,4,April,Wednesday,34211.75,32501.1625
2024-04-24,ORD024840,CUST01216,P009,T-Shirt,Fashion,Ahmedabad,Online,Credit Card,2,1164.88,0.15,2329.76,1980.3,1,-99.02,2024,4,April,Wednesday,2329.76,1980.296
2024-04-24,ORD004630,CUST01368,P011,Mixer Grinder,Home,Surat,Online,Credit Card,3,5270.67,0.15,15812.01,13440.21,0,2055.27,2024,4,April,Wednesday,15812.01,13440.2085
2024-04-24,ORD043487,CUST01277,P011,Mixer Grinder,Home,Kolkata,Store,Credit Card,5,4784.92,0.2,23924.6,19139.68,1,-956.98,2024,4,April,Wednesday,23924.6,19139.68
2024-04-24,ORD002449,CUST00621,P010,Coffee Maker,Home,Hyderabad,Online,Credit Card,1,5924.23,0.1,5924.23,5331.81,0,586.37,2024,4,April,Wednesday,5924.23,5331.807
2024-04-24,ORD043505,CUST00809,P008,Running Shoes,Fashion,Hyderabad,Online,UPI,2,4320.11,0.05,8640.22,8208.21,0,1964.63,2024,4,April,Wednesday,8640.22,8208.208999999999
2024-04-24,ORD017282,CUST03423,P016,Sofa,Furniture,Surat,Store,Credit Card,1,32892.2,0.0,32892.2,32892.2,0,5484.67,2024,4,April,Wednesday,32892.2,32892.2
2024-04-24,ORD006649,CUST03722,P020,Microwave,Home,Delhi,Store,Net Banking,1,10269.91,0.1,10269.91,9242.92,0,2317.86,2024,4,April,Wednesday,10269.91,9242.919
2024-04-24,ORD012865,CUST01716,P008,Running Shoes,Fashion,Hyderabad,Store,Cash,1,3825.61,0.05,3825.61,3634.33,0,708.71,2024,4,April,Wednesday,3825.61,3634.3295
2024-04-24,ORD033716,CUST00235,P008,Running Shoes,Fashion,Pune,Store,Credit Card,2,4112.67,0.1,8225.34,7402.81,0,1576.06,2024,4,April,Wednesday,8225.34,7402.8060000000005
2024-04-24,ORD010047,CUST01796,P003,Headphones,Electronics,Hyderabad,Online,UPI,1,4311.73,0.1,4311.73,3880.56,0,512.1,2024,4,April,Wednesday,4311.73,3880.557
2024-04-24,ORD014080,CUST02931,P006,Desk,Furniture,Delhi,Online,Credit Card,1,12250.43,0.05,12250.43,11637.91,0,3138.94,2024,4,April,Wednesday,12250.43,11637.9085
2024-04-24,ORD008275,CUST01710,P016,Sofa,Furniture,Hyderabad,Online,Credit Card,1,33251.23,0.1,33251.23,29926.11,0,5892.09,2024,4,April,Wednesday,33251.23,29926.107000000004
2024-04-24,ORD039319,CUST04297,P005,Office Chair,Furniture,Delhi,Store,Debit Card,1,9979.2,0.1,9979.2,8981.28,0,2187.35,2024,4,April,Wednesday,9979.2,8981.28
2024-04-24,ORD011030,CUST03260,P004,Smartwatch,Electronics,Ahmedabad,Online,UPI,5,7618.25,0.0,38091.25,38091.25,0,8982.12,2024,4,April,Wednesday,38091.25,38091.25
2024-04-24,ORD004515,CUST00204,P010,Coffee Maker,Home,Jaipur,Online,Cash,4,5969.04,0.05,23876.16,22682.35,0,5492.81,2024,4,April,Wednesday,23876.16,22682.352
2024-04-24,ORD017183,CUST00123,P011,Mixer Grinder,Home,Hyderabad,Store,Credit Card,1,5013.49,0.1,5013.49,4512.14,0,907.29,2024,4,April,Wednesday,5013.49,4512.141
2024-04-24,ORD008010,CUST01981,P010,Coffee Maker,Home,Jaipur,Online,UPI,1,5603.7,0.1,5603.7,5043.33,0,1077.26,2024,4,April,Wednesday,5603.7,5043.33
2024-04-24,ORD044627,CUST01545,P019,Vacuum Cleaner,Home,Ahmedabad,Online,UPI,1,8868.62,0.15,8868.62,7538.33,0,523.25,2024,4,April,Wednesday,8868.62,7538.327
2024-04-24,ORD009574,CUST02819,P006,Desk,Furniture,Delhi,Store,UPI,1,12922.72,0.05,12922.72,12276.58,0,1901.83,2024,4,April,Wednesday,12922.72,12276.583999999999
2024-04-24,ORD018380,CUST00287,P017,Jeans,Fashion,Delhi,Online,UPI,1,2709.62,0.05,2709.62,2574.14,0,478.03,2024,4,April,Wednesday,2709.62,2574.1389999999997
2024-04-25,ORD016709,CUST02165,P013,Monitor,Electronics,Jaipur,Online,Debit Card,1,18959.03,0.2,18959.03,15167.22,0,1318.4,2024,4,April,Thursday,18959.03,15167.224
2024-04-25,ORD040520,CUST02913,P019,Vacuum Cleaner,Home,Hyderabad,Online,Debit Card,1,9701.82,0.05,9701.82,9216.73,0,869.0,2024,4,April,Thursday,9701.82,9216.729
2024-04-25,ORD041189,CUST02249,P015,Dining Table,Furniture,Ahmedabad,Store,UPI,1,24157.77,0.2,24157.77,19326.22,0,2223.04,2024,4,April,Thursday,24157.77,19326.216
2024-04-25,ORD004196,CUST02839,P014,Keyboard,Electronics,Delhi,Online,UPI,2,2473.41,0.25,4946.82,3710.12,0,842.98,2024,4,April,Thursday,4946.82,3710.115
2024-04-25,ORD030122,CUST03452,P002,Smartphone,Electronics,Mumbai,Online,Debit Card,1,26660.21,0.25,26660.21,19995.16,1,-999.76,2024,4,April,Thursday,26660.21,19995.1575
2024-04-25,ORD040079,CUST03515,P010,Coffee Maker,Home,Mumbai,Online,UPI,4,5201.84,0.15,20807.36,17686.26,0,1793.76,2024,4,April,Thursday,20807.36,17686.256
2024-04-25,ORD002986,CUST00392,P019,Vacuum Cleaner,Home,Chennai,Online,Credit Card,1,8157.0,0.1,8157.0,7341.3,0,1180.0,2024,4,April,Thursday,8157.0,7341.3
2024-04-25,ORD033057,CUST04668,P002,Smartphone,Electronics,Hyderabad,Store,Credit Card,1,29365.71,0.05,29365.71,27897.42,0,2929.98,2024,4,April,Thursday,29365.71,27897.424499999997
2024-04-25,ORD010355,CUST03228,P003,Headphones,Electronics,Surat,Store,UPI,1,4657.94,0.05,4657.94,4425.04,0,720.1,2024,4,April,Thursday,4657.94,4425.043
2024-04-25,ORD037007,CUST03237,P010,Coffee Maker,Home,Pune,Store,UPI,1,5400.72,0.05,5400.72,5130.68,0,1376.39,2024,4,April,Thursday,5400.72,5130.684
2024-04-25,ORD041204,CUST01679,P007,Backpack,Accessories,Kolkata,Store,Cash,4,2141.97,0.25,8567.88,6425.91,0,663.43,2024,4,April,Thursday,8567.88,6425.91
2024-04-25,ORD034620,CUST02720,P002,Smartphone,Electronics,Surat,Online,UPI,1,26672.71,0.1,26672.71,24005.44,0,2910.78,2024,4,April,Thursday,26672.71,24005.439
2024-04-25,ORD034824,CUST01827,P017,Jeans,Fashion,Mumbai,Store,UPI,2,2900.74,0.05,5801.48,5511.41,0,1148.13,2024,4,April,Thursday,5801.48,5511.405999999999
2024-04-25,ORD012640,CUST00823,P005,Office Chair,Furniture,Bengaluru,Online,Net Banking,1,9801.89,0.05,9801.89,9311.8,0,1438.63,2024,4,April,Thursday,9801.89,9311.795499999998
2024-04-25,ORD020020,CUST01110,P017,Jeans,Fashion,Delhi,Online,Debit Card,3,2744.22,0.1,8232.66,7409.39,0,474.13,2024,4,April,Thursday,8232.66,7409.394
2024-04-25,ORD036804,CUST01206,P007,Backpack,Accessories,Chennai,Online,UPI,1,2169.52,0.15,2169.52,1844.09,0,211.28,2024,4,April,Thursday,2169.52,1844.0919999999999
2024-04-25,ORD030023,CUST02945,P008,Running Shoes,Fashion,Mumbai,Online,Debit Card,1,4160.0,0.15,4160.0,3536.0,0,294.02,2024,4,April,Thursday,4160.0,3536.0
2024-04-25,ORD047480,CUST04836,P003,Headphones,Electronics,Kolkata,Store,Net Banking,1,4884.33,0.15,4884.33,4151.68,0,549.76,2024,4,April,Thursday,4884.33,4151.6804999999995
2024-04-25,ORD044170,CUST01208,P017,Jeans,Fashion,Ahmedabad,Online,Debit Card,1,2583.14,0.15,2583.14,2195.67,1,-109.78,2024,4,April,Thursday,2583.14,2195.669
2024-04-25,ORD037199,CUST03041,P018,Jacket,Fashion,Chennai,Online,Credit Card,1,5369.54,0.15,5369.54,4564.11,1,-228.21,2024,4,April,Thursday,5369.54,4564.1089999999995
2024-04-25,ORD047938,CUST02356,P001,Laptop,Electronics,Pune,Store,UPI,2,70658.01,0.15,141316.02,120118.62,0,31762.9,2024,4,April,Thursday,141316.02,120118.61699999998
2024-04-25,ORD032078,CUST01346,P010,Coffee Maker,Home,Mumbai,Online,Credit Card,1,5122.29,0.0,5122.29,5122.29,0,592.75,2024,4,April,Thursday,5122.29,5122.29
2024-04-25,ORD023941,CUST02951,P002,Smartphone,Electronics,Pune,Store,Debit Card,2,26283.49,0.1,52566.98,47310.28,0,3674.54,2024,4,April,Thursday,52566.98,47310.28200000001
2024-04-25,ORD036882,CUST03420,P011,Mixer Grinder,Home,Hyderabad,Store,Credit Card,1,4967.94,0.05,4967.94,4719.54,0,506.22,2024,4,April,Thursday,4967.94,4719.543
2024-04-25,ORD001411,CUST01710,P011,Mixer Grinder,Home,Delhi,Store,Credit Card,2,5005.38,0.2,10010.76,8008.61,0,986.14,2024,4,April,Thursday,10010.76,8008.608
2024-04-25,ORD006940,CUST04733,P007,Backpack,Accessories,Bengaluru,Online,Cash,2,2214.7,0.0,4429.4,4429.4,0,1214.16,2024,4,April,Thursday,4429.4,4429.4
2024-04-25,ORD008916,CUST00316,P016,Sofa,Furniture,Kolkata,Online,UPI,1,31622.35,0.1,31622.35,28460.12,0,5680.66,2024,4,April,Thursday,31622.35,28460.114999999998
2024-04-25,ORD019370,CUST04108,P010,Coffee Maker,Home,Surat,Store,UPI,1,5528.02,0.0,5528.02,5528.02,0,1219.38,2024,4,April,Thursday,5528.02,5528.02
2024-04-25,ORD030736,CUST03572,P012,Air Fryer,Home,Ahmedabad,Online,UPI,2,6648.53,0.1,13297.06,11967.35,0,3208.35,2024,4,April,Thursday,13297.06,11967.354
2024-04-25,ORD030557,CUST03497,P018,Jacket,Fashion,Chennai,Online,Credit Card,1,4979.73,0.1,4979.73,4481.76,0,662.94,2024,4,April,Thursday,4979.73,4481.757
2024-04-25,ORD040471,CUST03412,P017,Jeans,Fashion,Jaipur,Online,UPI,1,2601.21,0.2,2601.21,2080.97,0,374.57,2024,4,April,Thursday,2601.21,2080.9680000000003
2024-04-25,ORD014933,CUST00914,P018,Jacket,Fashion,Hyderabad,Online,UPI,1,5500.24,0.05,5500.24,5225.23,0,868.49,2024,4,April,Thursday,5500.24,5225.227999999999
2024-04-25,ORD019802,CUST04726,P015,Dining Table,Furniture,Delhi,Store,UPI,4,21188.3,0.1,84753.2,76277.88,0,12489.15,2024,4,April,Thursday,84753.2,76277.88
2024-04-25,ORD049297,CUST03564,P020,Microwave,Home,Ahmedabad,Online,UPI,1,11877.62,0.0,11877.62,11877.62,0,3046.67,2024,4,April,Thursday,11877.62,11877.62
2024-04-25,ORD007066,CUST00685,P013,Monitor,Electronics,Surat,Online,Net Banking,3,17077.22,0.25,51231.66,38423.75,0,7465.1,2024,4,April,Thursday,51231.66,38423.745
2024-04-25,ORD032394,CUST02132,P014,Keyboard,Electronics,Mumbai,Store,UPI,2,2553.6,0.1,5107.2,4596.48,0,1112.44,2024,4,April,Thursday,5107.2,4596.48
2024-04-25,ORD031139,CUST03924,P010,Coffee Maker,Home,Ahmedabad,Online,UPI,1,5486.5,0.05,5486.5,5212.18,0,848.62,2024,4,April,Thursday,5486.5,5212.175
2024-04-25,ORD026494,CUST03545,P001,Laptop,Electronics,Ahmedabad,Store,UPI,1,70121.14,0.0,70121.14,70121.14,0,9251.7,2024,4,April,Thursday,70121.14,70121.14
2024-04-25,ORD018132,CUST04033,P018,Jacket,Fashion,Delhi,Store,UPI,1,5095.78,0.05,5095.78,4840.99,0,1327.55,2024,4,April,Thursday,5095.78,4840.991
2024-04-25,ORD036266,CUST04407,P010,Coffee Maker,Home,Bengaluru,Store,UPI,4,5824.38,0.1,23297.52,20967.77,0,4723.08,2024,4,April,Thursday,23297.52,20967.768
2024-04-25,ORD013881,CUST02327,P007,Backpack,Accessories,Jaipur,Store,UPI,1,2097.2,0.25,2097.2,1572.9,0,153.84,2024,4,April,Thursday,2097.2,1572.8999999999999
2024-04-25,ORD033940,CUST04301,P018,Jacket,Fashion,Mumbai,Store,Credit Card,2,5417.67,0.1,10835.34,9751.81,0,1654.66,2024,4,April,Thursday,10835.34,9751.806
2024-04-25,ORD010268,CUST00955,P012,Air Fryer,Home,Mumbai,Online,UPI,1,7498.57,0.1,7498.57,6748.71,0,640.11,2024,4,April,Thursday,7498.57,6748.713
2024-04-25,ORD021387,CUST00123,P019,Vacuum Cleaner,Home,Mumbai,Online,Credit Card,1,9558.66,0.2,9558.66,7646.93,0,1339.22,2024,4,April,Thursday,9558.66,7646.928
2024-04-25,ORD048147,CUST02666,P018,Jacket,Fashion,Chennai,Online,UPI,2,5033.63,0.05,10067.26,9563.9,0,2638.19,2024,4,April,Thursday,10067.26,9563.896999999999
2024-04-25,ORD007403,CUST01124,P001,Laptop,Electronics,Bengaluru,Online,Net Banking,1,64387.06,0.15,64387.06,54729.0,0,2865.1,2024,4,April,Thursday,64387.06,54729.001
2024-04-25,ORD038678,CUST03332,P012,Air Fryer,Home,Chennai,Online,UPI,1,7625.68,0.0,7625.68,7625.68,0,1197.28,2024,4,April,Thursday,7625.68,7625.68
2024-04-25,ORD009384,CUST01517,P010,Coffee Maker,Home,Pune,Online,Credit Card,4,5089.4,0.25,20357.6,15268.2,0,2394.44,2024,4,April,Thursday,20357.6,15268.199999999999
2024-04-25,ORD029450,CUST01027,P011,Mixer Grinder,Home,Pune,Online,Net Banking,2,4433.32,0.1,8866.64,7979.98,0,1775.33,2024,4,April,Thursday,8866.64,7979.976
2024-04-25,ORD021334,CUST02103,P018,Jacket,Fashion,Kolkata,Online,Debit Card,3,4746.08,0.05,14238.24,13526.33,0,947.67,2024,4,April,Thursday,14238.24,13526.328
2024-04-25,ORD020787,CUST03492,P011,Mixer Grinder,Home,Bengaluru,Online,Credit Card,1,5203.44,0.2,5203.44,4162.75,0,391.61,2024,4,April,Thursday,5203.44,4162.7519999999995
2024-04-25,ORD040620,CUST00142,P020,Microwave,Home,Surat,Online,Credit Card,5,11938.18,0.0,59690.9,59690.9,0,13428.42,2024,4,April,Thursday,59690.9,59690.9
2024-04-25,ORD045185,CUST04592,P010,Coffee Maker,Home,Chennai,Online,UPI,2,5565.99,0.15,11131.98,9462.18,0,2125.57,2024,4,April,Thursday,11131.98,9462.182999999999
2024-04-25,ORD015069,CUST01920,P011,Mixer Grinder,Home,Delhi,Online,Debit Card,1,5054.08,0.2,5054.08,4043.26,0,507.04,2024,4,April,Thursday,5054.08,4043.264
2024-04-25,ORD032872,CUST01384,P019,Vacuum Cleaner,Home,Hyderabad,Online,Credit Card,2,8495.53,0.2,16991.06,13592.85,0,3450.12,2024,4,April,Thursday,16991.06,13592.848000000002
2024-04-25,ORD028804,CUST04081,P012,Air Fryer,Home,Kolkata,Online,UPI,1,7576.23,0.05,7576.23,7197.42,0,572.88,2024,4,April,Thursday,7576.23,7197.418499999999
2024-04-25,ORD042584,CUST03376,P011,Mixer Grinder,Home,Ahmedabad,Store,UPI,3,5190.16,0.15,15570.48,13234.91,0,1773.25,2024,4,April,Thursday,15570.48,13234.908
2024-04-25,ORD039023,CUST03547,P006,Desk,Furniture,Ahmedabad,Online,UPI,1,12190.13,0.1,12190.13,10971.12,0,1411.94,2024,4,April,Thursday,12190.13,10971.117
2024-04-25,ORD045654,CUST01942,P009,T-Shirt,Fashion,Ahmedabad,Online,Debit Card,1,1081.04,0.25,1081.04,810.78,0,99.02,2024,4,April,Thursday,1081.04,810.78
2024-04-25,ORD033020,CUST00767,P007,Backpack,Accessories,Hyderabad,Store,Credit Card,5,2139.36,0.1,10696.8,9627.12,0,2173.33,2024,4,April,Thursday,10696.800000000001,9627.119999999999
2024-04-25,ORD004259,CUST04663,P006,Desk,Furniture,Jaipur,Online,UPI,2,11019.76,0.0,22039.52,22039.52,0,2168.76,2024,4,April,Thursday,22039.52,22039.52
2024-04-25,ORD026261,CUST01203,P017,Jeans,Fashion,Jaipur,Online,UPI,3,2733.18,0.05,8199.54,7789.56,0,844.24,2024,4,April,Thursday,8199.539999999999,7789.563
2024-04-25,ORD042621,CUST01003,P008,Running Shoes,Fashion,Pune,Store,Credit Card,1,3781.22,0.05,3781.22,3592.16,0,723.43,2024,4,April,Thursday,3781.22,3592.1589999999997
2024-04-25,ORD034628,CUST02658,P007,Backpack,Accessories,Bengaluru,Store,Credit Card,5,2357.74,0.15,11788.7,10020.39,0,2408.63,2024,4,April,Thursday,11788.699999999999,10020.395
2024-04-25,ORD024900,CUST00917,P003,Headphones,Electronics,Pune,Online,Debit Card,4,4350.79,0.05,17403.16,16533.0,0,2487.19,2024,4,April,Thursday,17403.16,16533.002
2024-04-25,ORD033362,CUST00020,P014,Keyboard,Electronics,Pune,Store,Debit Card,1,2284.84,0.05,2284.84,2170.6,0,480.79,2024,4,April,Thursday,2284.84,2170.598
2024-04-25,ORD023711,CUST01563,P009,T-Shirt,Fashion,Bengaluru,Store,Debit Card,1,1309.9,0.05,1309.9,1244.4,0,216.92,2024,4,April,Thursday,1309.9,1244.405
2024-04-25,ORD008771,CUST01061,P019,Vacuum Cleaner,Home,Chennai,Store,UPI,1,9544.85,0.1,9544.85,8590.36,0,1960.19,2024,4,April,Thursday,9544.85,8590.365
2024-04-25,ORD027893,CUST01953,P010,Coffee Maker,Home,Mumbai,Online,UPI,1,5957.95,0.25,5957.95,4468.46,1,-223.42,2024,4,April,Thursday,5957.95,4468.4625
2024-04-25,ORD031027,CUST02126,P004,Smartwatch,Electronics,Delhi,Store,Net Banking,1,6512.93,0.2,6512.93,5210.34,0,456.58,2024,4,April,Thursday,6512.93,5210.344000000001
2024-04-26,ORD048342,CUST00094,P007,Backpack,Accessories,Surat,Online,Debit Card,1,2405.67,0.0,2405.67,2405.67,0,556.61,2024,4,April,Friday,2405.67,2405.67
2024-04-26,ORD036058,CUST02958,P014,Keyboard,Electronics,Bengaluru,Online,Net Banking,3,2693.16,0.05,8079.48,7675.51,0,1055.25,2024,4,April,Friday,8079.48,7675.505999999999
2024-04-26,ORD049776,CUST00626,P018,Jacket,Fashion,Hyderabad,Store,Debit Card,1,5192.39,0.25,5192.39,3894.29,0,462.0,2024,4,April,Friday,5192.39,3894.2925000000005
2024-04-26,ORD006419,CUST03658,P014,Keyboard,Electronics,Hyderabad,Store,Net Banking,1,2745.21,0.05,2745.21,2607.95,0,628.68,2024,4,April,Friday,2745.21,2607.9494999999997
2024-04-26,ORD028749,CUST01760,P015,Dining Table,Furniture,Bengaluru,Online,UPI,2,20767.95,0.0,41535.9,41535.9,0,3605.14,2024,4,April,Friday,41535.9,41535.9
2024-04-26,ORD045958,CUST02697,P012,Air Fryer,Home,Bengaluru,Store,UPI,1,6900.79,0.1,6900.79,6210.71,0,464.6,2024,4,April,Friday,6900.79,6210.711
2024-04-26,ORD045804,CUST04916,P011,Mixer Grinder,Home,Delhi,Online,Credit Card,1,4532.23,0.0,4532.23,4532.23,0,1204.69,2024,4,April,Friday,4532.23,4532.23
2024-04-26,ORD027884,CUST02587,P015,Dining Table,Furniture,Pune,Online,Net Banking,2,21150.98,0.1,42301.96,38071.76,0,6796.37,2024,4,April,Friday,42301.96,38071.764
2024-04-26,ORD044965,CUST01638,P014,Keyboard,Electronics,Hyderabad,Store,Cash,1,2513.36,0.1,2513.36,2262.02,0,351.77,2024,4,April,Friday,2513.36,2262.0240000000003
2024-04-26,ORD023604,CUST03374,P017,Jeans,Fashion,Ahmedabad,Online,UPI,1,3026.68,0.1,3026.68,2724.01,0,401.44,2024,4,April,Friday,3026.68,2724.0119999999997
2024-04-26,ORD030159,CUST04090,P003,Headphones,Electronics,Mumbai,Online,Credit Card,3,4419.33,0.0,13257.99,13257.99,1,-662.9,2024,4,April,Friday,13257.99,13257.99
2024-04-26,ORD048218,CUST03699,P013,Monitor,Electronics,Kolkata,Online,Net Banking,1,17106.88,0.1,17106.88,15396.19,0,1226.0,2024,4,April,Friday,17106.88,15396.192000000001
2024-04-26,ORD002125,CUST02288,P016,Sofa,Furniture,Bengaluru,Online,UPI,2,36226.14,0.1,72452.28,65207.05,0,9011.24,2024,4,April,Friday,72452.28,65207.052
2024-04-26,ORD043209,CUST01281,P016,Sofa,Furniture,Hyderabad,Online,UPI,2,32287.27,0.1,64574.54,58117.09,0,9352.21,2024,4,April,Friday,64574.54,58117.086
2024-04-26,ORD009287,CUST01637,P020,Microwave,Home,Bengaluru,Online,Credit Card,1,10778.65,0.15,10778.65,9161.85,0,1450.58,2024,4,April,Friday,10778.65,9161.852499999999
2024-04-26,ORD028449,CUST04001,P016,Sofa,Furniture,Surat,Online,Cash,5,35458.0,0.0,177290.0,177290.0,0,14980.71,2024,4,April,Friday,177290.0,177290.0
2024-04-26,ORD010705,CUST02829,P016,Sofa,Furniture,Pune,Online,UPI,2,32573.97,0.05,65147.94,61890.54,1,-3094.53,2024,4,April,Friday,65147.94,61890.543
2024-04-26,ORD002502,CUST00943,P013,Monitor,Electronics,Hyderabad,Store,Credit Card,1,17564.88,0.0,17564.88,17564.88,0,3914.8,2024,4,April,Friday,17564.88,17564.88
2024-04-26,ORD048419,CUST04799,P013,Monitor,Electronics,Delhi,Online,Debit Card,2,17023.52,0.1,34047.04,30642.34,0,3634.51,2024,4,April,Friday,34047.04,30642.336000000003
2024-04-26,ORD016862,CUST03079,P007,Backpack,Accessories,Delhi,Online,Credit Card,1,2389.47,0.05,2389.47,2270.0,0,279.46,2024,4,April,Friday,2389.47,2269.9964999999997
2024-04-26,ORD000082,CUST00575,P019,Vacuum Cleaner,Home,Pune,Online,Net Banking,1,8198.57,0.05,8198.57,7788.64,0,1920.89,2024,4,April,Friday,8198.57,7788.6415
2024-04-26,ORD002599,CUST02934,P009,T-Shirt,Fashion,Kolkata,Online,Debit Card,1,1092.95,0.05,1092.95,1038.3,0,259.22,2024,4,April,Friday,1092.95,1038.3025
2024-04-26,ORD044789,CUST03604,P010,Coffee Maker,Home,Chennai,Store,UPI,2,5219.23,0.15,10438.46,8872.69,0,633.71,2024,4,April,Friday,10438.46,8872.690999999999
2024-04-26,ORD017030,CUST01974,P002,Smartphone,Electronics,Bengaluru,Online,UPI,2,29694.31,0.15,59388.62,50480.33,0,3013.39,2024,4,April,Friday,59388.62,50480.327
2024-04-26,ORD034421,CUST04883,P009,T-Shirt,Fashion,Ahmedabad,Online,UPI,1,1299.66,0.1,1299.66,1169.69,1,-58.48,2024,4,April,Friday,1299.66,1169.6940000000002
2024-04-26,ORD028038,CUST00434,P015,Dining Table,Furniture,Jaipur,Online,Credit Card,3,22050.15,0.1,66150.45,59535.41,0,4939.18,2024,4,April,Friday,66150.45000000001,59535.405
2024-04-26,ORD024468,CUST04593,P006,Desk,Furniture,Ahmedabad,Store,UPI,2,13128.94,0.05,26257.88,24944.99,0,6059.84,2024,4,April,Friday,26257.88,24944.986
2024-04-26,ORD023930,CUST03218,P015,Dining Table,Furniture,Kolkata,Store,UPI,1,22837.24,0.1,22837.24,20553.52,0,5646.92,2024,4,April,Friday,22837.24,20553.516000000003
2024-04-26,ORD042990,CUST00390,P012,Air Fryer,Home,Kolkata,Store,Net Banking,1,7416.2,0.05,7416.2,7045.39,0,581.41,2024,4,April,Friday,7416.2,7045.389999999999
2024-04-26,ORD046456,CUST03547,P017,Jeans,Fashion,Surat,Online,UPI,1,2625.45,0.0,2625.45,2625.45,0,253.62,2024,4,April,Friday,2625.45,2625.45
2024-04-26,ORD025486,CUST02246,P006,Desk,Furniture,Surat,Online,Credit Card,1,11107.83,0.15,11107.83,9441.66,0,990.74,2024,4,April,Friday,11107.83,9441.655499999999
2024-04-26,ORD027713,CUST04432,P008,Running Shoes,Fashion,Kolkata,Online,Net Banking,1,4059.19,0.0,4059.19,4059.19,0,473.11,2024,4,April,Friday,4059.19,4059.19
2024-04-26,ORD013136,CUST03197,P008,Running Shoes,Fashion,Hyderabad,Online,Debit Card,1,3894.28,0.05,3894.28,3699.57,0,409.33,2024,4,April,Friday,3894.28,3699.566
2024-04-26,ORD038474,CUST00386,P019,Vacuum Cleaner,Home,Delhi,Store,Cash,2,8307.6,0.2,16615.2,13292.16,0,2072.41,2024,4,April,Friday,16615.2,13292.160000000002
2024-04-26,ORD019391,CUST02494,P016,Sofa,Furniture,Pune,Online,Credit Card,4,32949.61,0.0,131798.44,131798.44,0,32478.39,2024,4,April,Friday,131798.44,131798.44
2024-04-26,ORD019462,CUST01636,P003,Headphones,Electronics,Ahmedabad,Online,Debit Card,3,4570.81,0.1,13712.43,12341.19,0,2784.31,2024,4,April,Friday,13712.43,12341.187
2024-04-26,ORD026260,CUST02204,P006,Desk,Furniture,Bengaluru,Store,UPI,1,13109.4,0.1,13109.4,11798.46,0,1528.6,2024,4,April,Friday,13109.4,11798.46
2024-04-26,ORD022788,CUST02506,P020,Microwave,Home,Jaipur,Online,UPI,1,10394.57,0.1,10394.57,9355.11,0,2468.06,2024,4,April,Friday,10394.57,9355.113
2024-04-26,ORD031268,CUST03473,P006,Desk,Furniture,Surat,Online,Cash,2,12971.13,0.15,25942.26,22050.92,0,1847.6,2024,4,April,Friday,25942.26,22050.921
2024-04-26,ORD003240,CUST01034,P011,Mixer Grinder,Home,Chennai,Store,UPI,1,4782.11,0.05,4782.11,4543.0,0,1056.46,2024,4,April,Friday,4782.11,4543.004499999999
2024-04-26,ORD047272,CUST02289,P008,Running Shoes,Fashion,Hyderabad,Online,Credit Card,1,3952.29,0.05,3952.29,3754.68,0,777.24,2024,4,April,Friday,3952.29,3754.6755
2024-04-26,ORD013131,CUST03937,P003,Headphones,Electronics,Ahmedabad,Online,Debit Card,1,4139.7,0.05,4139.7,3932.71,0,379.96,2024,4,April,Friday,4139.7,3932.7149999999997
2024-04-26,ORD000543,CUST01930,P016,Sofa,Furniture,Surat,Store,Credit Card,1,33324.96,0.0,33324.96,33324.96,0,7960.92,2024,4,April,Friday,33324.96,33324.96
2024-04-26,ORD041931,CUST02314,P003,Headphones,Electronics,Ahmedabad,Online,Credit Card,1,4656.7,0.1,4656.7,4191.03,0,939.94,2024,4,April,Friday,4656.7,4191.03
2024-04-26,ORD041951,CUST00525,P014,Keyboard,Electronics,Jaipur,Online,UPI,2,2656.82,0.15,5313.64,4516.59,0,889.29,2024,4,April,Friday,5313.64,4516.594
2024-04-26,ORD027417,CUST01492,P014,Keyboard,Electronics,Delhi,Store,Debit Card,1,2291.45,0.0,2291.45,2291.45,0,576.91,2024,4,April,Friday,2291.45,2291.45
2024-04-26,ORD025785,CUST03663,P014,Keyboard,Electronics,Bengaluru,Store,UPI,1,2329.4,0.15,2329.4,1979.99,0,263.43,2024,4,April,Friday,2329.4,1979.99
2024-04-26,ORD047103,CUST00001,P005,Office Chair,Furniture,Surat,Online,UPI,1,9236.78,0.1,9236.78,8313.1,0,1854.39,2024,4,April,Friday,9236.78,8313.102
2024-04-26,ORD030890,CUST03741,P003,Headphones,Electronics,Kolkata,Online,Credit Card,1,4344.08,0.1,4344.08,3909.67,0,336.99,2024,4,April,Friday,4344.08,3909.672
2024-04-26,ORD007976,CUST01599,P019,Vacuum Cleaner,Home,Hyderabad,Online,UPI,2,8572.46,0.05,17144.92,16287.67,0,4096.66,2024,4,April,Friday,17144.92,16287.673999999997
2024-04-26,ORD007586,CUST03464,P002,Smartphone,Electronics,Kolkata,Store,Net Banking,1,27518.2,0.1,27518.2,24766.38,0,4759.63,2024,4,April,Friday,27518.2,24766.38
2024-04-26,ORD027478,CUST03176,P011,Mixer Grinder,Home,Jaipur,Online,UPI,1,5116.74,0.1,5116.74,4605.07,0,1131.91,2024,4,April,Friday,5116.74,4605.066
2024-04-26,ORD003193,CUST02199,P003,Headphones,Electronics,Mumbai,Online,Debit Card,2,4403.04,0.1,8806.08,7925.47,0,1611.41,2024,4,April,Friday,8806.08,7925.472
2024-04-26,ORD025835,CUST03219,P005,Office Chair,Furniture,Jaipur,Online,Credit Card,2,10015.52,0.0,20031.04,20031.04,0,3556.36,2024,4,April,Friday,20031.04,20031.04
2024-04-26,ORD041137,CUST03695,P010,Coffee Maker,Home,Hyderabad,Online,Debit Card,1,5559.37,0.05,5559.37,5281.4,0,1109.74,2024,4,April,Friday,5559.37,5281.4015
2024-04-26,ORD048791,CUST00394,P017,Jeans,Fashion,Pune,Online,UPI,1,2889.39,0.0,2889.39,2889.39,0,663.52,2024,4,April,Friday,2889.39,2889.39
2024-04-26,ORD025168,CUST04013,P012,Air Fryer,Home,Jaipur,Store,Net Banking,1,7609.55,0.1,7609.55,6848.6,1,-342.43,2024,4,April,Friday,7609.55,6848.595
2024-04-26,ORD012262,CUST04290,P020,Microwave,Home,Chennai,Online,Credit Card,1,10650.94,0.0,10650.94,10650.94,0,912.76,2024,4,April,Friday,10650.94,10650.94
2024-04-26,ORD023307,CUST02689,P005,Office Chair,Furniture,Hyderabad,Online,UPI,1,9195.09,0.15,9195.09,7815.83,0,1499.83,2024,4,April,Friday,9195.09,7815.8265
2024-04-26,ORD041247,CUST01452,P020,Microwave,Home,Bengaluru,Online,UPI,1,10253.9,0.0,10253.9,10253.9,0,2912.57,2024,4,April,Friday,10253.9,10253.9
2024-04-26,ORD047051,CUST00809,P004,Smartwatch,Electronics,Chennai,Store,Debit Card,3,6521.32,0.2,19563.96,15651.17,0,3728.8,2024,4,April,Friday,19563.96,15651.168
2024-04-26,ORD004596,CUST04659,P007,Backpack,Accessories,Ahmedabad,Store,UPI,2,2146.47,0.1,4292.94,3863.65,0,240.04,2024,4,April,Friday,4292.94,3863.6459999999997
2024-04-26,ORD004592,CUST00109,P002,Smartphone,Electronics,Surat,Store,Net Banking,4,25403.13,0.0,101612.52,101612.52,0,23407.45,2024,4,April,Friday,101612.52,101612.52
2024-04-26,ORD007823,CUST01598,P009,T-Shirt,Fashion,Bengaluru,Online,Debit Card,1,1111.24,0.2,1111.24,888.99,0,159.2,2024,4,April,Friday,1111.24,888.9920000000001
2024-04-26,ORD009685,CUST04788,P004,Smartwatch,Electronics,Bengaluru,Store,Cash,5,7340.88,0.0,36704.4,36704.4,1,-1835.22,2024,4,April,Friday,36704.4,36704.4
2024-04-26,ORD000193,CUST02975,P019,Vacuum Cleaner,Home,Pune,Online,Credit Card,1,8205.39,0.0,8205.39,8205.39,0,2073.32,2024,4,April,Friday,8205.39,8205.39
2024-04-26,ORD039021,CUST01655,P014,Keyboard,Electronics,Mumbai,Online,UPI,3,2677.71,0.1,8033.13,7229.82,0,759.96,2024,4,April,Friday,8033.13,7229.817
2024-04-26,ORD031385,CUST02336,P014,Keyboard,Electronics,Hyderabad,Online,UPI,2,2268.55,0.1,4537.1,4083.39,0,788.34,2024,4,April,Friday,4537.1,4083.3900000000003
2024-04-26,ORD012035,CUST04435,P016,Sofa,Furniture,Ahmedabad,Online,UPI,2,36607.18,0.05,73214.36,69553.64,0,14332.07,2024,4,April,Friday,73214.36,69553.64199999999
2024-04-26,ORD007780,CUST01905,P016,Sofa,Furniture,Pune,Store,Cash,1,33129.93,0.15,33129.93,28160.44,0,5169.59,2024,4,April,Friday,33129.93,28160.4405
2024-04-26,ORD017822,CUST03399,P011,Mixer Grinder,Home,Kolkata,Store,Credit Card,4,4991.04,0.0,19964.16,19964.16,0,4932.14,2024,4,April,Friday,19964.16,19964.16
2024-04-27,ORD004016,CUST03728,P004,Smartwatch,Electronics,Surat,Online,UPI,2,6450.89,0.0,12901.78,12901.78,0,1321.98,2024,4,April,Saturday,12901.78,12901.78
2024-04-27,ORD047125,CUST00067,P009,T-Shirt,Fashion,Hyderabad,Store,Credit Card,1,1295.3,0.05,1295.3,1230.53,0,106.94,2024,4,April,Saturday,1295.3,1230.5349999999999
2024-04-27,ORD031963,CUST04099,P016,Sofa,Furniture,Kolkata,Store,Debit Card,1,35426.38,0.1,35426.38,31883.74,0,3809.35,2024,4,April,Saturday,35426.38,31883.742
2024-04-27,ORD048441,CUST04027,P005,Office Chair,Furniture,Pune,Online,Cash,1,9534.62,0.1,9534.62,8581.16,0,2325.86,2024,4,April,Saturday,9534.62,8581.158000000001
2024-04-27,ORD041385,CUST02273,P006,Desk,Furniture,Mumbai,Online,UPI,1,13019.08,0.1,13019.08,11717.17,0,2257.22,2024,4,April,Saturday,13019.08,11717.172
2024-04-27,ORD048223,CUST02204,P019,Vacuum Cleaner,Home,Pune,Online,UPI,4,8859.2,0.2,35436.8,28349.44,0,2815.79,2024,4,April,Saturday,35436.8,28349.440000000002
2024-04-27,ORD049084,CUST00384,P001,Laptop,Electronics,Chennai,Online,Cash,1,69553.32,0.05,69553.32,66075.65,0,18816.93,2024,4,April,Saturday,69553.32,66075.65400000001
2024-04-27,ORD042238,CUST03798,P013,Monitor,Electronics,Bengaluru,Store,Debit Card,2,18460.35,0.1,36920.7,33228.63,0,4505.47,2024,4,April,Saturday,36920.7,33228.63
2024-04-27,ORD044839,CUST04986,P012,Air Fryer,Home,Mumbai,Online,UPI,2,6950.15,0.0,13900.3,13900.3,0,2382.13,2024,4,April,Saturday,13900.3,13900.3
2024-04-27,ORD014926,CUST03029,P003,Headphones,Electronics,Kolkata,Online,Credit Card,2,4253.72,0.25,8507.44,6380.58,0,959.16,2024,4,April,Saturday,8507.44,6380.58
2024-04-27,ORD048436,CUST01256,P009,T-Shirt,Fashion,Kolkata,Online,Credit Card,1,1091.37,0.1,1091.37,982.23,0,153.6,2024,4,April,Saturday,1091.37,982.233
2024-04-27,ORD038020,CUST03610,P008,Running Shoes,Fashion,Hyderabad,Online,UPI,1,3790.46,0.05,3790.46,3600.94,0,897.52,2024,4,April,Saturday,3790.46,3600.937
2024-04-27,ORD021362,CUST04577,P018,Jacket,Fashion,Surat,Online,UPI,3,4798.49,0.1,14395.47,12955.92,0,1121.14,2024,4,April,Saturday,14395.47,12955.922999999999
2024-04-27,ORD019221,CUST04348,P006,Desk,Furniture,Jaipur,Online,Credit Card,4,12738.37,0.05,50953.48,48405.81,0,11985.15,2024,4,April,Saturday,50953.48,48405.806000000004
2024-04-27,ORD019181,CUST02095,P007,Backpack,Accessories,Ahmedabad,Online,Net Banking,1,1997.87,0.15,1997.87,1698.19,0,312.47,2024,4,April,Saturday,1997.87,1698.1895
2024-04-27,ORD029751,CUST04018,P010,Coffee Maker,Home,Hyderabad,Store,Net Banking,1,5226.38,0.15,5226.38,4442.42,0,1137.72,2024,4,April,Saturday,5226.38,4442.423
2024-04-27,ORD003308,CUST01078,P010,Coffee Maker,Home,Kolkata,Online,Credit Card,1,5100.24,0.15,5100.24,4335.2,0,403.0,2024,4,April,Saturday,5100.24,4335.204
2024-04-27,ORD004902,CUST02083,P011,Mixer Grinder,Home,Pune,Online,UPI,1,5246.19,0.1,5246.19,4721.57,0,878.53,2024,4,April,Saturday,5246.19,4721.571
2024-04-27,ORD004129,CUST02101,P015,Dining Table,Furniture,Pune,Online,Debit Card,2,21301.95,0.2,42603.9,34083.12,0,3415.78,2024,4,April,Saturday,42603.9,34083.12
2024-04-27,ORD025509,CUST02788,P020,Microwave,Home,Ahmedabad,Online,UPI,4,9901.41,0.0,39605.64,39605.64,0,11147.14,2024,4,April,Saturday,39605.64,39605.64
2024-04-27,ORD047149,CUST04835,P015,Dining Table,Furniture,Jaipur,Online,UPI,3,23321.25,0.1,69963.75,62967.38,0,16456.9,2024,4,April,Saturday,69963.75,62967.375
2024-04-27,ORD044017,CUST00172,P002,Smartphone,Electronics,Chennai,Store,Credit Card,4,27671.25,0.2,110685.0,88548.0,0,14255.38,2024,4,April,Saturday,110685.0,88548.0
2024-04-27,ORD044440,CUST00526,P020,Microwave,Home,Mumbai,Online,Debit Card,5,10270.73,0.1,51353.65,46218.28,0,8849.48,2024,4,April,Saturday,51353.649999999994,46218.285
2024-04-27,ORD031563,CUST00892,P006,Desk,Furniture,Jaipur,Online,Cash,4,13068.82,0.1,52275.28,47047.75,0,9454.62,2024,4,April,Saturday,52275.28,47047.752
2024-04-27,ORD049091,CUST03538,P004,Smartwatch,Electronics,Pune,Online,UPI,1,7352.96,0.0,7352.96,7352.96,0,1035.76,2024,4,April,Saturday,7352.96,7352.96
2024-04-27,ORD003549,CUST03557,P007,Backpack,Accessories,Ahmedabad,Online,Debit Card,1,2375.83,0.1,2375.83,2138.25,0,185.69,2024,4,April,Saturday,2375.83,2138.247
2024-04-27,ORD041063,CUST00097,P015,Dining Table,Furniture,Kolkata,Online,Credit Card,3,20979.23,0.15,62937.69,53497.04,0,12723.39,2024,4,April,Saturday,62937.69,53497.0365
2024-04-27,ORD015041,CUST02504,P019,Vacuum Cleaner,Home,Surat,Online,UPI,1,8824.53,0.05,8824.53,8383.3,0,1471.93,2024,4,April,Saturday,8824.53,8383.3035
2024-04-27,ORD043811,CUST04023,P010,Coffee Maker,Home,Chennai,Online,UPI,2,6048.07,0.05,12096.14,11491.33,1,-574.57,2024,4,April,Saturday,12096.14,11491.332999999999
2024-04-27,ORD023798,CUST03329,P017,Jeans,Fashion,Hyderabad,Online,Credit Card,1,2682.0,0.1,2682.0,2413.8,0,265.96,2024,4,April,Saturday,2682.0,2413.8
2024-04-27,ORD012056,CUST04484,P018,Jacket,Fashion,Bengaluru,Online,UPI,1,5492.14,0.0,5492.14,5492.14,0,645.95,2024,4,April,Saturday,5492.14,5492.14
2024-04-27,ORD005699,CUST02570,P012,Air Fryer,Home,Kolkata,Online,UPI,2,6650.59,0.2,13301.18,10640.94,0,1175.59,2024,4,April,Saturday,13301.18,10640.944000000001
2024-04-27,ORD038374,CUST02617,P016,Sofa,Furniture,Delhi,Store,UPI,2,37720.2,0.2,75440.4,60352.32,0,13734.52,2024,4,April,Saturday,75440.4,60352.32
2024-04-27,ORD022959,CUST00689,P014,Keyboard,Electronics,Jaipur,Online,UPI,2,2509.92,0.2,5019.84,4015.87,0,225.45,2024,4,April,Saturday,5019.84,4015.8720000000003
2024-04-27,ORD046252,CUST03226,P006,Desk,Furniture,Delhi,Online,Debit Card,2,11770.09,0.1,23540.18,21186.16,0,1932.11,2024,4,April,Saturday,23540.18,21186.162
2024-04-27,ORD003461,CUST01010,P003,Headphones,Electronics,Kolkata,Store,UPI,1,4080.01,0.1,4080.01,3672.01,0,341.27,2024,4,April,Saturday,4080.01,3672.0090000000005
2024-04-27,ORD027274,CUST03957,P003,Headphones,Electronics,Pune,Online,Credit Card,1,4544.56,0.2,4544.56,3635.65,0,473.51,2024,4,April,Saturday,4544.56,3635.6480000000006
2024-04-27,ORD041479,CUST00127,P020,Microwave,Home,Hyderabad,Store,Debit Card,2,10987.85,0.0,21975.7,21975.7,0,4597.22,2024,4,April,Saturday,21975.7,21975.7
2024-04-27,ORD049804,CUST03285,P010,Coffee Maker,Home,Surat,Online,Credit Card,3,5517.43,0.25,16552.29,12414.22,0,677.31,2024,4,April,Saturday,16552.29,12414.2175
2024-04-27,ORD018667,CUST01130,P015,Dining Table,Furniture,Surat,Store,UPI,4,23652.12,0.0,94608.48,94608.48,0,17359.31,2024,4,April,Saturday,94608.48,94608.48
2024-04-27,ORD004953,CUST02528,P020,Microwave,Home,Bengaluru,Online,UPI,3,11786.2,0.05,35358.6,33590.67,0,9411.17,2024,4,April,Saturday,35358.600000000006,33590.67
2024-04-27,ORD004824,CUST04706,P007,Backpack,Accessories,Surat,Store,UPI,2,2317.15,0.0,4634.3,4634.3,0,423.37,2024,4,April,Saturday,4634.3,4634.3
2024-04-27,ORD028252,CUST04909,P018,Jacket,Fashion,Pune,Online,Debit Card,2,4834.07,0.2,9668.14,7734.51,1,-386.73,2024,4,April,Saturday,9668.14,7734.512
2024-04-27,ORD031804,CUST00747,P017,Jeans,Fashion,Ahmedabad,Online,UPI,1,2663.56,0.1,2663.56,2397.2,0,658.51,2024,4,April,Saturday,2663.56,2397.204
2024-04-27,ORD015157,CUST01726,P014,Keyboard,Electronics,Hyderabad,Store,UPI,4,2610.34,0.1,10441.36,9397.22,0,2253.64,2024,4,April,Saturday,10441.36,9397.224
2024-04-27,ORD034444,CUST01113,P002,Smartphone,Electronics,Mumbai,Online,UPI,1,26709.29,0.0,26709.29,26709.29,0,3666.05,2024,4,April,Saturday,26709.29,26709.29
2024-04-27,ORD021611,CUST04733,P002,Smartphone,Electronics,Delhi,Online,UPI,1,30703.7,0.2,30703.7,24562.96,0,2369.02,2024,4,April,Saturday,30703.7,24562.960000000003
2024-04-27,ORD031859,CUST00221,P003,Headphones,Electronics,Surat,Online,UPI,1,4580.3,0.2,4580.3,3664.24,0,846.44,2024,4,April,Saturday,4580.3,3664.2400000000002
2024-04-27,ORD002718,CUST03430,P009,T-Shirt,Fashion,Surat,Online,Debit Card,2,1166.35,0.25,2332.7,1749.52,0,109.75,2024,4,April,Saturday,2332.7,1749.5249999999999
2024-04-27,ORD040610,CUST01999,P010,Coffee Maker,Home,Pune,Store,Credit Card,1,5406.71,0.15,5406.71,4595.7,0,1225.41,2024,4,April,Saturday,5406.71,4595.7035
2024-04-27,ORD011072,CUST01831,P005,Office Chair,Furniture,Delhi,Store,Debit Card,4,8756.58,0.1,35026.32,31523.69,1,-1576.18,2024,4,April,Saturday,35026.32,31523.688000000002
2024-04-27,ORD025126,CUST04878,P010,Coffee Maker,Home,Pune,Online,UPI,1,5822.83,0.15,5822.83,4949.41,0,668.3,2024,4,April,Saturday,5822.83,4949.4055
2024-04-27,ORD024956,CUST01005,P012,Air Fryer,Home,Delhi,Store,UPI,1,6776.15,0.1,6776.15,6098.54,0,678.48,2024,4,April,Saturday,6776.15,6098.535
2024-04-27,ORD015299,CUST00386,P017,Jeans,Fashion,Delhi,Store,Debit Card,2,2782.25,0.05,5564.5,5286.28,0,646.51,2024,4,April,Saturday,5564.5,5286.275
2024-04-27,ORD026466,CUST04397,P006,Desk,Furniture,Jaipur,Store,UPI,4,11635.2,0.1,46540.8,41886.72,0,9822.57,2024,4,April,Saturday,46540.8,41886.72
2024-04-27,ORD008133,CUST00807,P007,Backpack,Accessories,Pune,Store,Credit Card,1,2130.05,0.1,2130.05,1917.05,0,219.82,2024,4,April,Saturday,2130.05,1917.0450000000003
2024-04-27,ORD048736,CUST03623,P020,Microwave,Home,Ahmedabad,Store,UPI,3,12039.87,0.1,36119.61,32507.65,0,8122.81,2024,4,April,Saturday,36119.61,32507.649
2024-04-27,ORD036196,CUST04731,P016,Sofa,Furniture,Pune,Online,Cash,2,34802.41,0.05,69604.82,66124.58,0,17983.5,2024,4,April,Saturday,69604.82,66124.579
2024-04-27,ORD024134,CUST00498,P001,Laptop,Electronics,Pune,Online,Cash,1,69999.1,0.1,69999.1,62999.19,0,7122.31,2024,4,April,Saturday,69999.1,62999.19000000001
2024-04-27,ORD000154,CUST01301,P007,Backpack,Accessories,Hyderabad,Online,Debit Card,2,2211.66,0.05,4423.32,4202.15,0,296.54,2024,4,April,Saturday,4423.32,4202.1539999999995
2024-04-27,ORD026380,CUST02518,P001,Laptop,Electronics,Surat,Online,Credit Card,1,65392.22,0.15,65392.22,55583.39,1,-2779.17,2024,4,April,Saturday,65392.22,55583.387
2024-04-27,ORD009872,CUST03166,P006,Desk,Furniture,Jaipur,Store,Credit Card,1,13076.79,0.1,13076.79,11769.11,0,2465.15,2024,4,April,Saturday,13076.79,11769.111
2024-04-27,ORD045852,CUST00559,P013,Monitor,Electronics,Surat,Online,UPI,2,18963.74,0.05,37927.48,36031.11,0,4541.13,2024,4,April,Saturday,37927.48,36031.106
2024-04-27,ORD011768,CUST03492,P002,Smartphone,Electronics,Delhi,Online,UPI,1,26538.37,0.0,26538.37,26538.37,0,5913.12,2024,4,April,Saturday,26538.37,26538.37
2024-04-27,ORD034698,CUST02839,P014,Keyboard,Electronics,Pune,Store,Debit Card,1,2360.65,0.05,2360.65,2242.62,0,193.17,2024,4,April,Saturday,2360.65,2242.6175
2024-04-27,ORD035280,CUST00598,P018,Jacket,Fashion,Kolkata,Online,UPI,1,5538.86,0.05,5538.86,5261.92,0,1429.72,2024,4,April,Saturday,5538.86,5261.9169999999995
2024-04-27,ORD049641,CUST02496,P018,Jacket,Fashion,Mumbai,Store,UPI,1,5475.06,0.05,5475.06,5201.31,0,470.24,2024,4,April,Saturday,5475.06,5201.307
2024-04-27,ORD008655,CUST02372,P006,Desk,Furniture,Kolkata,Store,Debit Card,1,12167.05,0.05,12167.05,11558.7,0,2636.72,2024,4,April,Saturday,12167.05,11558.697499999998
2024-04-27,ORD017562,CUST02700,P008,Running Shoes,Fashion,Kolkata,Store,Debit Card,4,4110.12,0.15,16440.48,13974.41,0,1058.24,2024,4,April,Saturday,16440.48,13974.408
2024-04-27,ORD045893,CUST01278,P013,Monitor,Electronics,Delhi,Online,UPI,1,16235.29,0.1,16235.29,14611.76,0,3955.45,2024,4,April,Saturday,16235.29,14611.761
2024-04-27,ORD026255,CUST03167,P012,Air Fryer,Home,Pune,Online,Debit Card,3,7038.33,0.15,21114.99,17947.74,0,1953.19,2024,4,April,Saturday,21114.989999999998,17947.7415
2024-04-27,ORD000032,CUST00560,P009,T-Shirt,Fashion,Jaipur,Store,UPI,2,1299.65,0.0,2599.3,2599.3,0,345.07,2024,4,April,Saturday,2599.3,2599.3
2024-04-27,ORD042427,CUST04361,P017,Jeans,Fashion,Delhi,Online,Debit Card,1,2828.21,0.2,2828.21,2262.57,0,220.49,2024,4,April,Saturday,2828.21,2262.568
2024-04-27,ORD013656,CUST00269,P010,Coffee Maker,Home,Delhi,Store,UPI,2,5368.66,0.15,10737.32,9126.72,0,1081.57,2024,4,April,Saturday,10737.32,9126.722
2024-04-27,ORD005320,CUST04360,P014,Keyboard,Electronics,Mumbai,Online,Credit Card,1,2282.66,0.0,2282.66,2282.66,0,426.33,2024,4,April,Saturday,2282.66,2282.66
2024-04-27,ORD012256,CUST03425,P001,Laptop,Electronics,Ahmedabad,Online,Credit Card,1,70789.25,0.0,70789.25,70789.25,0,20149.0,2024,4,April,Saturday,70789.25,70789.25
2024-04-27,ORD005236,CUST01104,P013,Monitor,Electronics,Jaipur,Online,Debit Card,1,18471.26,0.1,18471.26,16624.13,0,4517.72,2024,4,April,Saturday,18471.26,16624.134
2024-04-27,ORD048383,CUST00089,P003,Headphones,Electronics,Chennai,Online,UPI,1,4261.79,0.2,4261.79,3409.43,0,346.19,2024,4,April,Saturday,4261.79,3409.4320000000002
2024-04-27,ORD039823,CUST02179,P013,Monitor,Electronics,Jaipur,Online,Debit Card,2,19249.1,0.0,38498.2,38498.2,0,7028.61,2024,4,April,Saturday,38498.2,38498.2
2024-04-27,ORD026569,CUST00598,P004,Smartwatch,Electronics,Ahmedabad,Online,UPI,1,6737.4,0.05,6737.4,6400.53,0,538.68,2024,4,April,Saturday,6737.4,6400.53
2024-04-27,ORD012507,CUST03235,P011,Mixer Grinder,Home,Pune,Store,UPI,1,4798.44,0.1,4798.44,4318.6,0,403.28,2024,4,April,Saturday,4798.44,4318.596
2024-04-27,ORD046632,CUST02104,P011,Mixer Grinder,Home,Surat,Store,UPI,1,4944.87,0.0,4944.87,4944.87,0,1100.49,2024,4,April,Saturday,4944.87,4944.87
2024-04-27,ORD020692,CUST01927,P001,Laptop,Electronics,Ahmedabad,Online,UPI,1,66038.73,0.1,66038.73,59434.86,0,11424.84,2024,4,April,Saturday,66038.73,59434.856999999996
2024-04-27,ORD010894,CUST03040,P008,Running Shoes,Fashion,Hyderabad,Online,Debit Card,4,4233.57,0.1,16934.28,15240.85,0,2446.3,2024,4,April,Saturday,16934.28,15240.851999999999
2024-04-28,ORD043710,CUST00240,P010,Coffee Maker,Home,Pune,Online,Credit Card,3,5452.85,0.15,16358.55,13904.77,0,1157.89,2024,4,April,Sunday,16358.550000000001,13904.7675
2024-04-28,ORD012859,CUST00910,P010,Coffee Maker,Home,Bengaluru,Online,Cash,1,5446.25,0.15,5446.25,4629.31,0,1074.64,2024,4,April,Sunday,5446.25,4629.3125
2024-04-28,ORD005920,CUST01611,P011,Mixer Grinder,Home,Ahmedabad,Store,UPI,2,4652.52,0.1,9305.04,8374.54,0,941.94,2024,4,April,Sunday,9305.04,8374.536000000002
2024-04-28,ORD003813,CUST03558,P001,Laptop,Electronics,Chennai,Online,Credit Card,2,62629.59,0.1,125259.18,112733.26,0,25877.06,2024,4,April,Sunday,125259.18,112733.262
2024-04-28,ORD017559,CUST03787,P017,Jeans,Fashion,Pune,Online,UPI,2,3034.88,0.1,6069.76,5462.78,0,826.63,2024,4,April,Sunday,6069.76,5462.784000000001
2024-04-28,ORD041827,CUST03500,P009,T-Shirt,Fashion,Jaipur,Online,UPI,3,1197.67,0.0,3593.01,3593.01,0,931.0,2024,4,April,Sunday,3593.01,3593.01
2024-04-28,ORD038013,CUST02768,P017,Jeans,Fashion,Bengaluru,Store,Credit Card,1,3053.02,0.0,3053.02,3053.02,0,536.11,2024,4,April,Sunday,3053.02,3053.02
2024-04-28,ORD001927,CUST00906,P012,Air Fryer,Home,Bengaluru,Store,Debit Card,1,6757.97,0.0,6757.97,6757.97,1,-337.9,2024,4,April,Sunday,6757.97,6757.97
2024-04-28,ORD031298,CUST01783,P005,Office Chair,Furniture,Kolkata,Online,Net Banking,2,8572.95,0.15,17145.9,14574.02,0,1190.95,2024,4,April,Sunday,17145.9,14574.015000000001
2024-04-28,ORD009989,CUST04918,P004,Smartwatch,Electronics,Jaipur,Store,UPI,3,7598.31,0.05,22794.93,21655.18,1,-1082.76,2024,4,April,Sunday,22794.93,21655.1835
2024-04-28,ORD043730,CUST03322,P010,Coffee Maker,Home,Pune,Store,Credit Card,1,5315.56,0.25,5315.56,3986.67,0,571.62,2024,4,April,Sunday,5315.56,3986.67
2024-04-28,ORD038522,CUST04202,P012,Air Fryer,Home,Delhi,Store,Net Banking,3,7041.87,0.05,21125.61,20069.33,0,2834.7,2024,4,April,Sunday,21125.61,20069.3295
2024-04-28,ORD002882,CUST04819,P009,T-Shirt,Fashion,Pune,Store,Credit Card,1,1193.99,0.0,1193.99,1193.99,0,119.49,2024,4,April,Sunday,1193.99,1193.99
2024-04-28,ORD027698,CUST03523,P016,Sofa,Furniture,Delhi,Online,Credit Card,2,32727.66,0.0,65455.32,65455.32,0,16314.26,2024,4,April,Sunday,65455.32,65455.32
2024-04-28,ORD000051,CUST01016,P005,Office Chair,Furniture,Ahmedabad,Store,Credit Card,2,10322.18,0.05,20644.36,19612.14,0,1567.95,2024,4,April,Sunday,20644.36,19612.142
2024-04-28,ORD017932,CUST00061,P005,Office Chair,Furniture,Mumbai,Store,UPI,1,8971.4,0.15,8971.4,7625.69,0,2013.33,2024,4,April,Sunday,8971.4,7625.69
2024-04-28,ORD041728,CUST03908,P012,Air Fryer,Home,Delhi,Online,Credit Card,1,7236.19,0.15,7236.19,6150.76,0,602.23,2024,4,April,Sunday,7236.19,6150.7615
2024-04-28,ORD003677,CUST04874,P020,Microwave,Home,Bengaluru,Online,UPI,4,11860.51,0.15,47442.04,40325.73,0,6310.72,2024,4,April,Sunday,47442.04,40325.734
2024-04-28,ORD021635,CUST00311,P010,Coffee Maker,Home,Mumbai,Online,UPI,1,5696.87,0.2,5696.87,4557.5,0,872.55,2024,4,April,Sunday,5696.87,4557.496
2024-04-28,ORD005673,CUST01608,P009,T-Shirt,Fashion,Hyderabad,Store,Credit Card,1,1231.11,0.0,1231.11,1231.11,0,118.61,2024,4,April,Sunday,1231.11,1231.11
2024-04-28,ORD039037,CUST00505,P017,Jeans,Fashion,Hyderabad,Online,Credit Card,4,2958.21,0.1,11832.84,10649.56,0,2205.68,2024,4,April,Sunday,11832.84,10649.556
2024-04-28,ORD012257,CUST04868,P003,Headphones,Electronics,Surat,Store,Credit Card,2,4179.36,0.2,8358.72,6686.98,0,1335.42,2024,4,April,Sunday,8358.72,6686.976
2024-04-28,ORD012292,CUST01286,P013,Monitor,Electronics,Surat,Online,UPI,4,16773.79,0.1,67095.16,60385.64,0,14431.38,2024,4,April,Sunday,67095.16,60385.64400000001
2024-04-28,ORD037675,CUST04918,P003,Headphones,Electronics,Chennai,Store,Debit Card,1,4215.94,0.25,4215.94,3161.96,0,301.01,2024,4,April,Sunday,4215.94,3161.955
2024-04-28,ORD043042,CUST00233,P004,Smartwatch,Electronics,Pune,Store,Credit Card,2,7573.0,0.15,15146.0,12874.1,0,2595.38,2024,4,April,Sunday,15146.0,12874.1
2024-04-28,ORD043935,CUST04771,P010,Coffee Maker,Home,Kolkata,Online,Credit Card,1,5574.62,0.25,5574.62,4180.96,0,963.21,2024,4,April,Sunday,5574.62,4180.965
2024-04-28,ORD031407,CUST03904,P004,Smartwatch,Electronics,Pune,Store,UPI,2,7284.93,0.1,14569.86,13112.87,0,1633.27,2024,4,April,Sunday,14569.86,13112.874000000002
2024-04-28,ORD020849,CUST02674,P015,Dining Table,Furniture,Surat,Store,Debit Card,2,21512.49,0.1,43024.98,38722.48,1,-1936.12,2024,4,April,Sunday,43024.98,38722.482
2024-04-28,ORD024344,CUST04987,P019,Vacuum Cleaner,Home,Delhi,Store,Credit Card,3,9228.49,0.2,27685.47,22148.38,0,4849.1,2024,4,April,Sunday,27685.47,22148.376000000004
2024-04-28,ORD032622,CUST04107,P016,Sofa,Furniture,Jaipur,Online,UPI,1,32730.9,0.1,32730.9,29457.81,0,5672.69,2024,4,April,Sunday,32730.9,29457.81
2024-04-28,ORD020837,CUST03271,P008,Running Shoes,Fashion,Bengaluru,Online,Credit Card,1,3856.28,0.05,3856.28,3663.47,0,612.97,2024,4,April,Sunday,3856.28,3663.466
2024-04-28,ORD014010,CUST01990,P020,Microwave,Home,Hyderabad,Online,UPI,2,10635.57,0.1,21271.14,19144.03,1,-957.2,2024,4,April,Sunday,21271.14,19144.026
2024-04-28,ORD020795,CUST04775,P006,Desk,Furniture,Pune,Store,Credit Card,1,11235.85,0.15,11235.85,9550.47,0,1071.84,2024,4,April,Sunday,11235.85,9550.4725
2024-04-28,ORD031369,CUST03772,P014,Keyboard,Electronics,Jaipur,Online,Credit Card,1,2413.39,0.05,2413.39,2292.72,0,259.96,2024,4,April,Sunday,2413.39,2292.7205
2024-04-28,ORD048931,CUST04908,P015,Dining Table,Furniture,Hyderabad,Store,Credit Card,1,23093.47,0.2,23093.47,18474.78,0,993.3,2024,4,April,Sunday,23093.47,18474.776
2024-04-28,ORD008894,CUST01632,P003,Headphones,Electronics,Kolkata,Online,UPI,1,4729.76,0.1,4729.76,4256.78,0,482.8,2024,4,April,Sunday,4729.76,4256.784000000001
2024-04-28,ORD003784,CUST01884,P005,Office Chair,Furniture,Kolkata,Online,Credit Card,1,9217.26,0.05,9217.26,8756.4,0,2126.57,2024,4,April,Sunday,9217.26,8756.396999999999
2024-04-28,ORD010282,CUST01062,P017,Jeans,Fashion,Ahmedabad,Online,Net Banking,1,2556.71,0.1,2556.71,2301.04,0,196.08,2024,4,April,Sunday,2556.71,2301.039
2024-04-28,ORD034278,CUST02665,P004,Smartwatch,Electronics,Chennai,Online,UPI,3,7152.13,0.05,21456.39,20383.57,0,4395.29,2024,4,April,Sunday,21456.39,20383.570499999998
2024-04-28,ORD028224,CUST03610,P006,Desk,Furniture,Hyderabad,Online,Credit Card,1,11331.54,0.15,11331.54,9631.81,0,1611.73,2024,4,April,Sunday,11331.54,9631.809000000001
2024-04-28,ORD027671,CUST04381,P003,Headphones,Electronics,Jaipur,Online,Credit Card,1,4260.11,0.1,4260.11,3834.1,0,394.57,2024,4,April,Sunday,4260.11,3834.0989999999997
2024-04-28,ORD045226,CUST00237,P003,Headphones,Electronics,Delhi,Store,Credit Card,2,4231.01,0.1,8462.02,7615.82,0,847.28,2024,4,April,Sunday,8462.02,7615.818
2024-04-28,ORD002349,CUST02835,P015,Dining Table,Furniture,Chennai,Online,Debit Card,1,23034.78,0.1,23034.78,20731.3,0,3937.22,2024,4,April,Sunday,23034.78,20731.302
2024-04-28,ORD031133,CUST02046,P018,Jacket,Fashion,Jaipur,Online,UPI,1,5120.42,0.15,5120.42,4352.36,1,-217.62,2024,4,April,Sunday,5120.42,4352.357
2024-04-28,ORD045294,CUST03845,P012,Air Fryer,Home,Hyderabad,Online,UPI,1,6554.9,0.2,6554.9,5243.92,0,680.83,2024,4,April,Sunday,6554.9,5243.92
2024-04-28,ORD022423,CUST04194,P005,Office Chair,Furniture,Ahmedabad,Online,UPI,1,8752.95,0.15,8752.95,7440.01,0,1178.92,2024,4,April,Sunday,8752.95,7440.007500000001
2024-04-28,ORD016421,CUST01482,P010,Coffee Maker,Home,Jaipur,Online,Debit Card,1,5229.39,0.15,5229.39,4444.98,0,1135.7,2024,4,April,Sunday,5229.39,4444.9815
2024-04-28,ORD034658,CUST02951,P008,Running Shoes,Fashion,Jaipur,Online,UPI,1,4422.52,0.1,4422.52,3980.27,0,728.54,2024,4,April,Sunday,4422.52,3980.2680000000005
2024-04-28,ORD014920,CUST00959,P020,Microwave,Home,Bengaluru,Online,Credit Card,1,11731.92,0.05,11731.92,11145.32,0,2490.38,2024,4,April,Sunday,11731.92,11145.323999999999
2024-04-28,ORD023931,CUST00389,P006,Desk,Furniture,Surat,Online,UPI,1,11428.78,0.1,11428.78,10285.9,1,-514.29,2024,4,April,Sunday,11428.78,10285.902
2024-04-28,ORD002368,CUST01799,P018,Jacket,Fashion,Mumbai,Online,Credit Card,2,4921.58,0.1,9843.16,8858.84,1,-442.94,2024,4,April,Sunday,9843.16,8858.844000000001
2024-04-28,ORD046323,CUST02792,P008,Running Shoes,Fashion,Chennai,Store,Credit Card,4,4218.45,0.1,16873.8,15186.42,0,2771.96,2024,4,April,Sunday,16873.8,15186.42
2024-04-28,ORD003327,CUST01378,P011,Mixer Grinder,Home,Pune,Online,Credit Card,1,4552.47,0.05,4552.47,4324.85,0,863.03,2024,4,April,Sunday,4552.47,4324.8465
2024-04-28,ORD031068,CUST01553,P005,Office Chair,Furniture,Jaipur,Online,Debit Card,4,10049.38,0.05,40197.52,38187.64,1,-1909.38,2024,4,April,Sunday,40197.52,38187.64399999999
2024-04-28,ORD035366,CUST04684,P006,Desk,Furniture,Pune,Store,Debit Card,1,11035.02,0.05,11035.02,10483.27,0,1781.57,2024,4,April,Sunday,11035.02,10483.269
2024-04-28,ORD012122,CUST00648,P019,Vacuum Cleaner,Home,Pune,Online,UPI,1,8112.76,0.1,8112.76,7301.48,0,1836.69,2024,4,April,Sunday,8112.76,7301.484
2024-04-28,ORD025542,CUST02031,P007,Backpack,Accessories,Hyderabad,Online,UPI,2,2378.12,0.05,4756.24,4518.43,1,-225.92,2024,4,April,Sunday,4756.24,4518.428
2024-04-28,ORD026701,CUST04830,P012,Air Fryer,Home,Jaipur,Online,Credit Card,1,7130.28,0.05,7130.28,6773.77,0,1145.21,2024,4,April,Sunday,7130.28,6773.766
2024-04-28,ORD036370,CUST02975,P003,Headphones,Electronics,Pune,Online,Debit Card,1,4534.42,0.1,4534.42,4080.98,0,776.68,2024,4,April,Sunday,4534.42,4080.978
2024-04-28,ORD009903,CUST03392,P001,Laptop,Electronics,Bengaluru,Store,UPI,1,70803.02,0.0,70803.02,70803.02,0,13219.83,2024,4,April,Sunday,70803.02,70803.02
2024-04-28,ORD022137,CUST01388,P017,Jeans,Fashion,Hyderabad,Online,Credit Card,1,2892.09,0.25,2892.09,2169.07,1,-108.45,2024,4,April,Sunday,2892.09,2169.0675
2024-04-28,ORD010676,CUST03466,P002,Smartphone,Electronics,Hyderabad,Online,UPI,5,29519.35,0.1,147596.75,132837.08,0,30211.14,2024,4,April,Sunday,147596.75,132837.075
2024-04-28,ORD002954,CUST04616,P011,Mixer Grinder,Home,Chennai,Store,Net Banking,2,4340.99,0.1,8681.98,7813.78,0,839.37,2024,4,April,Sunday,8681.98,7813.782
2024-04-28,ORD032934,CUST02735,P015,Dining Table,Furniture,Delhi,Store,Debit Card,2,22843.57,0.0,45687.14,45687.14,0,11713.83,2024,4,April,Sunday,45687.14,45687.14
2024-04-28,ORD040725,CUST03718,P015,Dining Table,Furniture,Delhi,Online,UPI,1,22353.25,0.0,22353.25,22353.25,0,2350.05,2024,4,April,Sunday,22353.25,22353.25
2024-04-28,ORD045344,CUST00250,P004,Smartwatch,Electronics,Ahmedabad,Online,Debit Card,1,7666.12,0.05,7666.12,7282.81,0,725.56,2024,4,April,Sunday,7666.12,7282.813999999999
2024-04-28,ORD038610,CUST04592,P013,Monitor,Electronics,Kolkata,Store,UPI,2,18821.56,0.0,37643.12,37643.12,0,8516.5,2024,4,April,Sunday,37643.12,37643.12
2024-04-28,ORD008674,CUST02856,P010,Coffee Maker,Home,Ahmedabad,Online,UPI,2,5112.76,0.2,10225.52,8180.42,0,2028.56,2024,4,April,Sunday,10225.52,8180.416000000001
2024-04-28,ORD013259,CUST01799,P013,Monitor,Electronics,Surat,Online,Debit Card,3,17597.82,0.0,52793.46,52793.46,0,14793.27,2024,4,April,Sunday,52793.46,52793.46
2024-04-28,ORD024437,CUST01307,P009,T-Shirt,Fashion,Hyderabad,Online,Net Banking,1,1092.6,0.0,1092.6,1092.6,0,138.01,2024,4,April,Sunday,1092.6,1092.6
2024-04-28,ORD047836,CUST04794,P018,Jacket,Fashion,Ahmedabad,Online,Credit Card,1,5411.66,0.05,5411.66,5141.08,0,1434.99,2024,4,April,Sunday,5411.66,5141.076999999999
2024-04-28,ORD010586,CUST03804,P016,Sofa,Furniture,Pune,Online,Cash,1,31931.45,0.0,31931.45,31931.45,0,7603.95,2024,4,April,Sunday,31931.45,31931.45
2024-04-28,ORD031852,CUST04690,P007,Backpack,Accessories,Surat,Online,Net Banking,1,2027.07,0.1,2027.07,1824.36,0,240.89,2024,4,April,Sunday,2027.07,1824.363
2024-04-28,ORD030506,CUST01371,P012,Air Fryer,Home,Surat,Online,Cash,2,7281.8,0.15,14563.6,12379.06,0,1586.65,2024,4,April,Sunday,14563.6,12379.06
2024-04-29,ORD004207,CUST04485,P001,Laptop,Electronics,Jaipur,Online,Credit Card,2,70665.9,0.1,141331.8,127198.62,0,25389.72,2024,4,April,Monday,141331.8,127198.62
2024-04-29,ORD024749,CUST01795,P001,Laptop,Electronics,Ahmedabad,Online,UPI,2,68107.17,0.0,136214.34,136214.34,0,34938.1,2024,4,April,Monday,136214.34,136214.34
2024-04-29,ORD049320,CUST00422,P015,Dining Table,Furniture,Mumbai,Online,UPI,1,22695.81,0.05,22695.81,21561.02,0,4863.47,2024,4,April,Monday,22695.81,21561.0195
2024-04-29,ORD010361,CUST03303,P006,Desk,Furniture,Delhi,Online,Debit Card,5,12643.3,0.2,63216.5,50573.2,0,10493.75,2024,4,April,Monday,63216.5,50573.200000000004
2024-04-29,ORD012518,CUST03472,P019,Vacuum Cleaner,Home,Bengaluru,Online,Credit Card,1,9262.8,0.15,9262.8,7873.38,0,678.65,2024,4,April,Monday,9262.8,7873.379999999999
2024-04-29,ORD004832,CUST03386,P017,Jeans,Fashion,Surat,Online,UPI,1,2590.83,0.05,2590.83,2461.29,0,348.39,2024,4,April,Monday,2590.83,2461.2884999999997
2024-04-29,ORD003720,CUST01128,P008,Running Shoes,Fashion,Bengaluru,Online,Credit Card,1,4475.92,0.05,4475.92,4252.12,0,348.85,2024,4,April,Monday,4475.92,4252.124
2024-04-29,ORD010748,CUST00722,P017,Jeans,Fashion,Ahmedabad,Online,UPI,1,2715.59,0.0,2715.59,2715.59,0,663.17,2024,4,April,Monday,2715.59,2715.59
2024-04-29,ORD028651,CUST02243,P017,Jeans,Fashion,Kolkata,Online,Net Banking,4,2757.67,0.2,11030.68,8824.54,0,1024.84,2024,4,April,Monday,11030.68,8824.544
2024-04-29,ORD024636,CUST04976,P007,Backpack,Accessories,Mumbai,Online,Debit Card,5,2149.02,0.0,10745.1,10745.1,0,2652.83,2024,4,April,Monday,10745.1,10745.1
2024-04-29,ORD005154,CUST02860,P020,Microwave,Home,Ahmedabad,Online,Credit Card,2,11137.91,0.15,22275.82,18934.45,0,1836.19,2024,4,April,Monday,22275.82,18934.447
2024-04-29,ORD004273,CUST04539,P016,Sofa,Furniture,Surat,Store,UPI,2,32222.34,0.0,64444.68,64444.68,0,10485.0,2024,4,April,Monday,64444.68,64444.68
2024-04-29,ORD012551,CUST04267,P015,Dining Table,Furniture,Surat,Online,Net Banking,3,23862.05,0.05,71586.15,68006.84,0,14407.63,2024,4,April,Monday,71586.15,68006.84249999998
2024-04-29,ORD011737,CUST04857,P017,Jeans,Fashion,Kolkata,Online,Debit Card,5,2953.53,0.0,14767.65,14767.65,0,2468.46,2024,4,April,Monday,14767.650000000001,14767.65
2024-04-29,ORD028641,CUST04788,P007,Backpack,Accessories,Bengaluru,Online,Debit Card,3,2022.56,0.1,6067.68,5460.91,0,1335.69,2024,4,April,Monday,6067.68,5460.912
2024-04-29,ORD023982,CUST00975,P009,T-Shirt,Fashion,Surat,Store,Cash,1,1156.0,0.15,1156.0,982.6,0,112.74,2024,4,April,Monday,1156.0,982.6
2024-04-29,ORD039543,CUST01537,P013,Monitor,Electronics,Ahmedabad,Store,UPI,1,17055.77,0.2,17055.77,13644.62,0,2000.06,2024,4,April,Monday,17055.77,13644.616000000002
2024-04-29,ORD001466,CUST02145,P007,Backpack,Accessories,Kolkata,Online,UPI,2,1989.98,0.1,3979.96,3581.96,0,755.69,2024,4,April,Monday,3979.96,3581.964
2024-04-29,ORD047280,CUST00675,P013,Monitor,Electronics,Kolkata,Online,Credit Card,2,16727.58,0.1,33455.16,30109.64,0,5189.02,2024,4,April,Monday,33455.16,30109.644000000004
2024-04-29,ORD002467,CUST01784,P016,Sofa,Furniture,Bengaluru,Online,UPI,1,34525.09,0.0,34525.09,34525.09,0,3415.42,2024,4,April,Monday,34525.09,34525.09
2024-04-29,ORD000336,CUST01838,P001,Laptop,Electronics,Bengaluru,Store,Credit Card,1,63898.13,0.05,63898.13,60703.22,0,15257.87,2024,4,April,Monday,63898.13,60703.22349999999
2024-04-29,ORD016728,CUST01497,P007,Backpack,Accessories,Mumbai,Online,UPI,1,2352.56,0.15,2352.56,1999.68,0,268.9,2024,4,April,Monday,2352.56,1999.676
2024-04-29,ORD021561,CUST02389,P017,Jeans,Fashion,Jaipur,Online,Debit Card,1,2635.55,0.05,2635.55,2503.77,1,-125.19,2024,4,April,Monday,2635.55,2503.7725
2024-04-29,ORD048210,CUST03088,P016,Sofa,Furniture,Chennai,Store,UPI,4,37766.84,0.0,151067.36,151067.36,0,29321.17,2024,4,April,Monday,151067.36,151067.36
2024-04-29,ORD006914,CUST00538,P010,Coffee Maker,Home,Kolkata,Online,UPI,2,5487.72,0.05,10975.44,10426.67,0,2053.79,2024,4,April,Monday,10975.44,10426.668
2024-04-29,ORD044718,CUST01799,P001,Laptop,Electronics,Ahmedabad,Store,UPI,1,64525.79,0.05,64525.79,61299.5,0,11249.36,2024,4,April,Monday,64525.79,61299.500499999995
2024-04-29,ORD016813,CUST00200,P018,Jacket,Fashion,Surat,Store,Net Banking,1,4717.43,0.25,4717.43,3538.07,0,241.34,2024,4,April,Monday,4717.43,3538.0725
2024-04-29,ORD011045,CUST02480,P009,T-Shirt,Fashion,Jaipur,Online,Credit Card,1,1115.4,0.1,1115.4,1003.86,0,194.31,2024,4,April,Monday,1115.4,1003.8600000000001
2024-04-29,ORD009257,CUST00184,P019,Vacuum Cleaner,Home,Kolkata,Online,Debit Card,3,8670.69,0.15,26012.07,22110.26,0,2973.59,2024,4,April,Monday,26012.07,22110.2595
2024-04-29,ORD035177,CUST01444,P005,Office Chair,Furniture,Mumbai,Store,UPI,5,9895.22,0.0,49476.1,49476.1,0,14808.76,2024,4,April,Monday,49476.1,49476.1
2024-04-29,ORD039730,CUST03779,P019,Vacuum Cleaner,Home,Chennai,Store,UPI,1,9421.04,0.1,9421.04,8478.94,0,1081.19,2024,4,April,Monday,9421.04,8478.936000000002
2024-04-29,ORD032393,CUST03961,P014,Keyboard,Electronics,Ahmedabad,Online,Credit Card,2,2468.42,0.05,4936.84,4690.0,0,1110.53,2024,4,April,Monday,4936.84,4689.998
2024-04-29,ORD049475,CUST01388,P010,Coffee Maker,Home,Kolkata,Store,Debit Card,1,5480.87,0.2,5480.87,4384.7,0,509.15,2024,4,April,Monday,5480.87,4384.696
2024-04-29,ORD006266,CUST02921,P012,Air Fryer,Home,Surat,Store,UPI,1,7844.19,0.25,7844.19,5883.14,1,-294.16,2024,4,April,Monday,7844.19,5883.1425
2024-04-29,ORD011027,CUST00193,P010,Coffee Maker,Home,Jaipur,Online,UPI,1,5308.29,0.0,5308.29,5308.29,0,758.59,2024,4,April,Monday,5308.29,5308.29
2024-04-29,ORD019525,CUST02884,P001,Laptop,Electronics,Delhi,Online,UPI,1,59275.88,0.0,59275.88,59275.88,0,14769.86,2024,4,April,Monday,59275.88,59275.88
2024-04-29,ORD044276,CUST01709,P008,Running Shoes,Fashion,Bengaluru,Online,Credit Card,2,4370.33,0.1,8740.66,7866.59,0,944.16,2024,4,April,Monday,8740.66,7866.594
2024-04-29,ORD003870,CUST03325,P012,Air Fryer,Home,Chennai,Store,UPI,1,7724.75,0.1,7724.75,6952.28,0,1641.11,2024,4,April,Monday,7724.75,6952.275000000001
2024-04-29,ORD027661,CUST03063,P012,Air Fryer,Home,Kolkata,Store,UPI,1,7569.21,0.05,7569.21,7190.75,0,1236.68,2024,4,April,Monday,7569.21,7190.7495
2024-04-29,ORD008286,CUST02187,P009,T-Shirt,Fashion,Mumbai,Online,Credit Card,2,1142.25,0.0,2284.5,2284.5,0,548.72,2024,4,April,Monday,2284.5,2284.5
2024-04-29,ORD002860,CUST03651,P012,Air Fryer,Home,Mumbai,Online,Credit Card,1,7238.8,0.0,7238.8,7238.8,0,1360.91,2024,4,April,Monday,7238.8,7238.8
2024-04-29,ORD033284,CUST00760,P007,Backpack,Accessories,Mumbai,Online,UPI,1,2357.95,0.05,2357.95,2240.05,0,214.2,2024,4,April,Monday,2357.95,2240.0525
2024-04-29,ORD008339,CUST02027,P018,Jacket,Fashion,Hyderabad,Store,Credit Card,1,5144.7,0.0,5144.7,5144.7,0,669.84,2024,4,April,Monday,5144.7,5144.7
2024-04-29,ORD018095,CUST00770,P006,Desk,Furniture,Surat,Online,Credit Card,2,12068.33,0.0,24136.66,24136.66,0,4962.95,2024,4,April,Monday,24136.66,24136.66
2024-04-29,ORD038034,CUST03685,P006,Desk,Furniture,Kolkata,Online,UPI,5,12577.85,0.1,62889.25,56600.32,0,14942.22,2024,4,April,Monday,62889.25,56600.325000000004
2024-04-29,ORD035901,CUST03344,P017,Jeans,Fashion,Pune,Online,UPI,1,2683.39,0.0,2683.39,2683.39,0,468.11,2024,4,April,Monday,2683.39,2683.39
2024-04-29,ORD047342,CUST01449,P013,Monitor,Electronics,Mumbai,Store,Net Banking,1,19313.84,0.05,19313.84,18348.15,0,3772.14,2024,4,April,Monday,19313.84,18348.148
2024-04-29,ORD025018,CUST03154,P006,Desk,Furniture,Kolkata,Store,UPI,1,11663.27,0.15,11663.27,9913.78,0,2275.92,2024,4,April,Monday,11663.27,9913.7795
2024-04-29,ORD017748,CUST01170,P016,Sofa,Furniture,Kolkata,Online,UPI,1,31778.37,0.2,31778.37,25422.7,0,4577.75,2024,4,April,Monday,31778.37,25422.696
2024-04-29,ORD023377,CUST01516,P002,Smartphone,Electronics,Mumbai,Store,UPI,5,26494.08,0.0,132470.4,132470.4,0,22522.98,2024,4,April,Monday,132470.40000000002,132470.4
2024-04-29,ORD014970,CUST00802,P016,Sofa,Furniture,Delhi,Store,Debit Card,1,36324.57,0.2,36324.57,29059.66,0,2099.4,2024,4,April,Monday,36324.57,29059.656000000003
2024-04-29,ORD003248,CUST03029,P002,Smartphone,Electronics,Ahmedabad,Online,Debit Card,3,30082.26,0.1,90246.78,81222.1,0,19705.0,2024,4,April,Monday,90246.78,81222.102
2024-04-29,ORD001526,CUST03826,P018,Jacket,Fashion,Kolkata,Store,Credit Card,2,5431.2,0.15,10862.4,9233.04,0,2195.44,2024,4,April,Monday,10862.4,9233.039999999999
2024-04-29,ORD017382,CUST00431,P020,Microwave,Home,Kolkata,Store,Debit Card,1,10954.24,0.15,10954.24,9311.1,0,1215.2,2024,4,April,Monday,10954.24,9311.104
2024-04-29,ORD038249,CUST04923,P020,Microwave,Home,Kolkata,Online,Credit Card,1,11518.14,0.1,11518.14,10366.33,0,1935.6,2024,4,April,Monday,11518.14,10366.326
2024-04-29,ORD034033,CUST04479,P003,Headphones,Electronics,Bengaluru,Store,Credit Card,3,4060.07,0.15,12180.21,10353.18,0,2717.87,2024,4,April,Monday,12180.210000000001,10353.178499999998
2024-04-29,ORD007859,CUST04602,P010,Coffee Maker,Home,Chennai,Store,UPI,2,4997.0,0.0,9994.0,9994.0,0,874.81,2024,4,April,Monday,9994.0,9994.0
2024-04-30,ORD022977,CUST01597,P007,Backpack,Accessories,Hyderabad,Online,Credit Card,1,2149.22,0.2,2149.22,1719.38,0,177.99,2024,4,April,Tuesday,2149.22,1719.376
2024-04-30,ORD005534,CUST03798,P007,Backpack,Accessories,Pune,Online,Credit Card,1,2143.07,0.15,2143.07,1821.61,0,298.54,2024,4,April,Tuesday,2143.07,1821.6095
2024-04-30,ORD022295,CUST01519,P012,Air Fryer,Home,Kolkata,Online,Cash,2,7863.44,0.0,15726.88,15726.88,0,2450.45,2024,4,April,Tuesday,15726.88,15726.88
2024-04-30,ORD038018,CUST02080,P006,Desk,Furniture,Chennai,Store,Debit Card,2,11632.99,0.15,23265.98,19776.08,0,2252.58,2024,4,April,Tuesday,23265.98,19776.083
2024-04-30,ORD006246,CUST00015,P010,Coffee Maker,Home,Mumbai,Store,Cash,1,5161.52,0.0,5161.52,5161.52,0,458.65,2024,4,April,Tuesday,5161.52,5161.52
2024-04-30,ORD037008,CUST02325,P010,Coffee Maker,Home,Chennai,Online,Credit Card,5,6007.06,0.1,30035.3,27031.77,0,6069.18,2024,4,April,Tuesday,30035.300000000003,27031.77
2024-04-30,ORD017596,CUST03112,P020,Microwave,Home,Pune,Store,UPI,1,10405.34,0.15,10405.34,8844.54,0,2242.86,2024,4,April,Tuesday,10405.34,8844.539
2024-04-30,ORD007652,CUST04256,P017,Jeans,Fashion,Mumbai,Online,Cash,3,3023.31,0.1,9069.93,8162.94,0,626.97,2024,4,April,Tuesday,9069.93,8162.937000000001
2024-04-30,ORD039501,CUST02706,P016,Sofa,Furniture,Bengaluru,Store,Credit Card,1,32545.58,0.05,32545.58,30918.3,0,6306.07,2024,4,April,Tuesday,32545.58,30918.301
2024-04-30,ORD003035,CUST04671,P006,Desk,Furniture,Ahmedabad,Online,UPI,1,10810.35,0.25,10810.35,8107.76,0,840.45,2024,4,April,Tuesday,10810.35,8107.762500000001
2024-04-30,ORD042091,CUST01159,P010,Coffee Maker,Home,Pune,Online,UPI,2,5703.0,0.2,11406.0,9124.8,1,-456.24,2024,4,April,Tuesday,11406.0,9124.800000000001
2024-04-30,ORD042420,CUST03898,P002,Smartphone,Electronics,Kolkata,Online,UPI,2,28378.02,0.05,56756.04,53918.24,0,14073.51,2024,4,April,Tuesday,56756.04,53918.238
2024-04-30,ORD004698,CUST02206,P011,Mixer Grinder,Home,Ahmedabad,Online,Credit Card,2,5052.36,0.0,10104.72,10104.72,0,1315.51,2024,4,April,Tuesday,10104.72,10104.72
2024-04-30,ORD006002,CUST00154,P013,Monitor,Electronics,Hyderabad,Online,Credit Card,1,17832.83,0.1,17832.83,16049.55,0,1979.47,2024,4,April,Tuesday,17832.83,16049.547000000002
2024-04-30,ORD012717,CUST03135,P010,Coffee Maker,Home,Pune,Online,Cash,3,5178.82,0.25,15536.46,11652.34,0,1614.16,2024,4,April,Tuesday,15536.46,11652.345
2024-04-30,ORD024494,CUST03194,P018,Jacket,Fashion,Surat,Online,Credit Card,3,4802.67,0.15,14408.01,12246.81,0,1933.93,2024,4,April,Tuesday,14408.01,12246.8085
2024-04-30,ORD039527,CUST02024,P012,Air Fryer,Home,Kolkata,Online,Net Banking,1,7236.0,0.0,7236.0,7236.0,0,1359.6,2024,4,April,Tuesday,7236.0,7236.0
2024-04-30,ORD049950,CUST02316,P005,Office Chair,Furniture,Kolkata,Store,Cash,1,8670.87,0.25,8670.87,6503.15,0,799.36,2024,4,April,Tuesday,8670.87,6503.1525
2024-04-30,ORD002414,CUST04614,P015,Dining Table,Furniture,Kolkata,Online,UPI,2,22566.9,0.15,45133.8,38363.73,0,6388.06,2024,4,April,Tuesday,45133.8,38363.73
2024-04-30,ORD031312,CUST02452,P015,Dining Table,Furniture,Ahmedabad,Online,Credit Card,2,23432.39,0.15,46864.78,39835.06,0,6110.53,2024,4,April,Tuesday,46864.78,39835.062999999995
2024-04-30,ORD005072,CUST00337,P018,Jacket,Fashion,Surat,Online,UPI,4,5524.05,0.15,22096.2,18781.77,0,4738.65,2024,4,April,Tuesday,22096.2,18781.77
2024-04-30,ORD000497,CUST03204,P019,Vacuum Cleaner,Home,Bengaluru,Store,Net Banking,1,8414.26,0.0,8414.26,8414.26,0,1990.74,2024,4,April,Tuesday,8414.26,8414.26
2024-04-30,ORD020535,CUST01106,P009,T-Shirt,Fashion,Surat,Online,Credit Card,1,1227.52,0.1,1227.52,1104.77,0,267.71,2024,4,April,Tuesday,1227.52,1104.768
2024-04-30,ORD039738,CUST03731,P017,Jeans,Fashion,Bengaluru,Online,UPI,1,3038.84,0.1,3038.84,2734.96,0,304.72,2024,4,April,Tuesday,3038.84,2734.956
2024-04-30,ORD013751,CUST01200,P019,Vacuum Cleaner,Home,Bengaluru,Online,Credit Card,1,8282.47,0.15,8282.47,7040.1,0,685.2,2024,4,April,Tuesday,8282.47,7040.099499999999
2024-04-30,ORD024895,CUST00079,P002,Smartphone,Electronics,Hyderabad,Store,UPI,1,25234.08,0.1,25234.08,22710.67,0,2354.95,2024,4,April,Tuesday,25234.08,22710.672000000002
2024-04-30,ORD003149,CUST03707,P005,Office Chair,Furniture,Mumbai,Online,UPI,1,10367.78,0.1,10367.78,9331.0,1,-466.55,2024,4,April,Tuesday,10367.78,9331.002
2024-04-30,ORD019940,CUST01047,P016,Sofa,Furniture,Surat,Online,Credit Card,3,34398.51,0.0,103195.53,103195.53,0,9346.08,2024,4,April,Tuesday,103195.53,103195.53
2024-04-30,ORD026506,CUST02278,P001,Laptop,Electronics,Bengaluru,Store,UPI,2,66088.06,0.1,132176.12,118958.51,0,20931.95,2024,4,April,Tuesday,132176.12,118958.508
2024-04-30,ORD045672,CUST00017,P010,Coffee Maker,Home,Ahmedabad,Store,Cash,1,5201.09,0.0,5201.09,5201.09,0,854.88,2024,4,April,Tuesday,5201.09,5201.09
2024-04-30,ORD036391,CUST04693,P020,Microwave,Home,Ahmedabad,Online,UPI,2,11210.27,0.0,22420.54,22420.54,0,4266.47,2024,4,April,Tuesday,22420.54,22420.54
2024-04-30,ORD049049,CUST04242,P018,Jacket,Fashion,Surat,Online,Credit Card,3,5427.84,0.05,16283.52,15469.34,0,4089.74,2024,4,April,Tuesday,16283.52,15469.344
2024-04-30,ORD016199,CUST01580,P015,Dining Table,Furniture,Chennai,Online,Credit Card,3,23212.76,0.1,69638.28,62674.45,0,14157.81,2024,4,April,Tuesday,69638.28,62674.452
2024-04-30,ORD021018,CUST03577,P006,Desk,Furniture,Hyderabad,Online,UPI,1,12992.4,0.15,12992.4,11043.54,0,1945.85,2024,4,April,Tuesday,12992.4,11043.539999999999
2024-04-30,ORD043874,CUST02864,P018,Jacket,Fashion,Ahmedabad,Online,Credit Card,1,4704.78,0.0,4704.78,4704.78,0,637.71,2024,4,April,Tuesday,4704.78,4704.78
2024-04-30,ORD007263,CUST03015,P001,Laptop,Electronics,Delhi,Online,Credit Card,1,61124.66,0.1,61124.66,55012.19,0,11385.35,2024,4,April,Tuesday,61124.66,55012.194
2024-04-30,ORD012636,CUST00927,P004,Smartwatch,Electronics,Chennai,Online,Debit Card,3,7047.14,0.2,21141.42,16913.14,0,2750.17,2024,4,April,Tuesday,21141.420000000002,16913.136
2024-04-30,ORD044443,CUST01452,P008,Running Shoes,Fashion,Jaipur,Online,Net Banking,2,4490.46,0.2,8980.92,7184.74,0,1257.46,2024,4,April,Tuesday,8980.92,7184.736000000001
2024-04-30,ORD041214,CUST03543,P005,Office Chair,Furniture,Jaipur,Store,Debit Card,3,10065.21,0.05,30195.63,28685.85,0,3487.4,2024,4,April,Tuesday,30195.629999999997,28685.8485
2024-04-30,ORD013632,CUST01267,P018,Jacket,Fashion,Kolkata,Online,UPI,1,5142.08,0.0,5142.08,5142.08,0,484.34,2024,4,April,Tuesday,5142.08,5142.08
2024-04-30,ORD009406,CUST02344,P012,Air Fryer,Home,Hyderabad,Online,Credit Card,1,7262.4,0.15,7262.4,6173.04,0,1308.16,2024,4,April,Tuesday,7262.4,6173.04
2024-04-30,ORD038199,CUST00899,P020,Microwave,Home,Chennai,Store,Credit Card,1,10149.22,0.0,10149.22,10149.22,0,2047.37,2024,4,April,Tuesday,10149.22,10149.22
2024-04-30,ORD009864,CUST02676,P011,Mixer Grinder,Home,Hyderabad,Store,Cash,4,4656.75,0.15,18627.0,15832.95,0,1740.62,2024,4,April,Tuesday,18627.0,15832.949999999999
2024-04-30,ORD030488,CUST00861,P015,Dining Table,Furniture,Chennai,Online,UPI,4,23680.34,0.1,94721.36,85249.22,0,10169.27,2024,4,April,Tuesday,94721.36,85249.224
2024-04-30,ORD012585,CUST03990,P011,Mixer Grinder,Home,Kolkata,Online,Credit Card,1,4902.46,0.15,4902.46,4167.09,0,1018.15,2024,4,April,Tuesday,4902.46,4167.091
2024-04-30,ORD038388,CUST02626,P002,Smartphone,Electronics,Surat,Store,Credit Card,3,27289.08,0.15,81867.24,69587.15,0,17466.57,2024,4,April,Tuesday,81867.24,69587.15400000001
2024-04-30,ORD013288,CUST04956,P003,Headphones,Electronics,Mumbai,Store,Cash,1,4606.93,0.2,4606.93,3685.54,0,907.18,2024,4,April,Tuesday,4606.93,3685.5440000000003
2024-04-30,ORD048682,CUST03236,P013,Monitor,Electronics,Delhi,Online,Debit Card,5,16386.06,0.0,81930.3,81930.3,0,14700.99,2024,4,April,Tuesday,81930.3,81930.3
2024-04-30,ORD033643,CUST04225,P011,Mixer Grinder,Home,Pune,Store,Debit Card,5,4832.67,0.1,24163.35,21747.02,0,2576.64,2024,4,April,Tuesday,24163.35,21747.015
2024-04-30,ORD022548,CUST04731,P004,Smartwatch,Electronics,Bengaluru,Online,UPI,1,7457.19,0.1,7457.19,6711.47,0,926.71,2024,4,April,Tuesday,7457.19,6711.471
2024-04-30,ORD033386,CUST04002,P014,Keyboard,Electronics,Ahmedabad,Online,UPI,1,2293.06,0.05,2293.06,2178.41,0,419.91,2024,4,April,Tuesday,2293.06,2178.4069999999997
2024-04-30,ORD018187,CUST03862,P010,Coffee Maker,Home,Kolkata,Online,Credit Card,5,5983.2,0.0,29916.0,29916.0,0,6074.24,2024,4,April,Tuesday,29916.0,29916.0
2024-04-30,ORD028769,CUST02970,P018,Jacket,Fashion,Mumbai,Store,Credit Card,1,5306.52,0.0,5306.52,5306.52,0,1433.49,2024,4,April,Tuesday,5306.52,5306.52
2024-04-30,ORD007878,CUST04158,P001,Laptop,Electronics,Surat,Online,UPI,1,59764.57,0.1,59764.57,53788.11,0,12652.75,2024,4,April,Tuesday,59764.57,53788.113
2024-04-30,ORD005951,CUST02902,P009,T-Shirt,Fashion,Kolkata,Online,UPI,1,1166.25,0.05,1166.25,1107.94,0,150.6,2024,4,April,Tuesday,1166.25,1107.9375
2024-04-30,ORD014043,CUST02651,P001,Laptop,Electronics,Pune,Online,Credit Card,1,65725.12,0.05,65725.12,62438.86,0,12138.9,2024,4,April,Tuesday,65725.12,62438.863999999994
2024-04-30,ORD020887,CUST02637,P015,Dining Table,Furniture,Chennai,Online,Credit Card,1,23104.03,0.0,23104.03,23104.03,0,2631.05,2024,4,April,Tuesday,23104.03,23104.03
2024-04-30,ORD042856,CUST03926,P003,Headphones,Electronics,Ahmedabad,Online,UPI,1,4937.37,0.1,4937.37,4443.63,0,605.82,2024,4,April,Tuesday,4937.37,4443.633
2024-04-30,ORD045814,CUST04069,P018,Jacket,Fashion,Hyderabad,Store,UPI,2,4904.06,0.0,9808.12,9808.12,0,1374.75,2024,4,April,Tuesday,9808.12,9808.12
2024-04-30,ORD048894,CUST04954,P012,Air Fryer,Home,Bengaluru,Online,UPI,2,6659.85,0.2,13319.7,10655.76,0,1530.05,2024,4,April,Tuesday,13319.7,10655.760000000002
2024-04-30,ORD039138,CUST02521,P016,Sofa,Furniture,Hyderabad,Online,Credit Card,1,38466.28,0.05,38466.28,36542.97,0,4098.15,2024,4,April,Tuesday,38466.28,36542.966
2024-04-30,ORD013190,CUST02901,P019,Vacuum Cleaner,Home,Mumbai,Store,Credit Card,1,9896.03,0.1,9896.03,8906.43,0,667.21,2024,4,April,Tuesday,9896.03,8906.427000000001
2024-04-30,ORD045706,CUST00755,P014,Keyboard,Electronics,Kolkata,Online,Credit Card,1,2301.17,0.15,2301.17,1955.99,0,473.24,2024,4,April,Tuesday,2301.17,1955.9945
2024-04-30,ORD021892,CUST04355,P013,Monitor,Electronics,Kolkata,Online,UPI,1,17059.85,0.0,17059.85,17059.85,0,3233.1,2024,4,April,Tuesday,17059.85,17059.85
2024-04-30,ORD006064,CUST01818,P014,Keyboard,Electronics,Chennai,Online,UPI,1,2594.49,0.15,2594.49,2205.32,0,566.08,2024,4,April,Tuesday,2594.49,2205.3165
2024-04-30,ORD008851,CUST03178,P005,Office Chair,Furniture,Hyderabad,Store,UPI,3,10259.69,0.2,30779.07,24623.26,0,2693.81,2024,4,April,Tuesday,30779.07,24623.256
2024-04-30,ORD049976,CUST02065,P012,Air Fryer,Home,Mumbai,Online,UPI,3,7127.36,0.2,21382.08,17105.66,0,3116.77,2024,4,April,Tuesday,21382.079999999998,17105.664
2024-04-30,ORD032489,CUST04663,P010,Coffee Maker,Home,Kolkata,Online,UPI,1,6032.62,0.1,6032.62,5429.36,0,459.36,2024,4,April,Tuesday,6032.62,5429.358
2024-04-30,ORD025801,CUST03104,P003,Headphones,Electronics,Kolkata,Online,Credit Card,1,4189.48,0.2,4189.48,3351.58,0,237.66,2024,4,April,Tuesday,4189.48,3351.584
2024-04-30,ORD025315,CUST03003,P017,Jeans,Fashion,Pune,Store,Credit Card,2,2576.65,0.1,5153.3,4637.97,0,464.56,2024,4,April,Tuesday,5153.3,4637.97
2024-04-30,ORD035883,CUST03633,P013,Monitor,Electronics,Bengaluru,Store,Debit Card,3,18343.0,0.05,55029.0,52277.55,0,9482.32,2024,4,April,Tuesday,55029.0,52277.549999999996
2024-04-30,ORD045347,CUST00581,P010,Coffee Maker,Home,Bengaluru,Store,Debit Card,4,5433.71,0.0,21734.84,21734.84,0,4543.33,2024,4,April,Tuesday,21734.84,21734.84
2024-05-01,ORD018566,CUST03885,P015,Dining Table,Furniture,Kolkata,Store,Credit Card,2,20119.09,0.1,40238.18,36214.36,0,7222.62,2024,5,May,Wednesday,40238.18,36214.362
2024-05-01,ORD013818,CUST03316,P012,Air Fryer,Home,Kolkata,Store,Cash,1,7122.66,0.05,7122.66,6766.53,0,930.04,2024,5,May,Wednesday,7122.66,6766.526999999999
2024-05-01,ORD039627,CUST00596,P012,Air Fryer,Home,Ahmedabad,Online,UPI,1,7367.85,0.1,7367.85,6631.06,0,1554.6,2024,5,May,Wednesday,7367.85,6631.0650000000005
2024-05-01,ORD037111,CUST04726,P014,Keyboard,Electronics,Hyderabad,Online,Credit Card,1,2596.46,0.05,2596.46,2466.64,0,423.71,2024,5,May,Wednesday,2596.46,2466.6369999999997
2024-05-01,ORD037403,CUST03614,P001,Laptop,Electronics,Ahmedabad,Store,Cash,1,70916.47,0.1,70916.47,63824.82,0,8131.24,2024,5,May,Wednesday,70916.47,63824.823000000004
2024-05-01,ORD006465,CUST03387,P001,Laptop,Electronics,Bengaluru,Online,UPI,2,69154.05,0.0,138308.1,138308.1,0,25748.14,2024,5,May,Wednesday,138308.1,138308.1
2024-05-01,ORD034622,CUST00687,P006,Desk,Furniture,Jaipur,Online,Credit Card,2,11656.56,0.0,23313.12,23313.12,0,4437.03,2024,5,May,Wednesday,23313.12,23313.12
2024-05-01,ORD006660,CUST04009,P015,Dining Table,Furniture,Pune,Online,UPI,1,21831.24,0.1,21831.24,19648.12,0,3077.95,2024,5,May,Wednesday,21831.24,19648.116
2024-05-01,ORD015232,CUST01944,P016,Sofa,Furniture,Hyderabad,Online,UPI,1,31878.48,0.15,31878.48,27096.71,0,3956.89,2024,5,May,Wednesday,31878.48,27096.708
2024-05-01,ORD042131,CUST00734,P010,Coffee Maker,Home,Delhi,Online,UPI,4,5970.49,0.15,23881.96,20299.67,0,2861.06,2024,5,May,Wednesday,23881.96,20299.665999999997
2024-05-01,ORD022615,CUST03031,P017,Jeans,Fashion,Ahmedabad,Online,Debit Card,1,2867.77,0.15,2867.77,2437.6,0,581.39,2024,5,May,Wednesday,2867.77,2437.6045
2024-05-01,ORD004271,CUST03533,P016,Sofa,Furniture,Jaipur,Online,UPI,2,35911.68,0.15,71823.36,61049.86,0,5297.2,2024,5,May,Wednesday,71823.36,61049.856
2024-05-01,ORD039852,CUST02995,P003,Headphones,Electronics,Jaipur,Online,Credit Card,2,4581.76,0.1,9163.52,8247.17,0,902.16,2024,5,May,Wednesday,9163.52,8247.168000000001
2024-05-01,ORD013444,CUST02021,P002,Smartphone,Electronics,Mumbai,Online,Credit Card,1,26198.89,0.1,26198.89,23579.0,0,2322.04,2024,5,May,Wednesday,26198.89,23579.001
2024-05-01,ORD038654,CUST04935,P012,Air Fryer,Home,Ahmedabad,Online,UPI,2,7546.84,0.15,15093.68,12829.63,0,3223.64,2024,5,May,Wednesday,15093.68,12829.628
2024-05-01,ORD030346,CUST03649,P011,Mixer Grinder,Home,Pune,Store,Debit Card,4,4811.58,0.0,19246.32,19246.32,0,2511.78,2024,5,May,Wednesday,19246.32,19246.32
2024-05-01,ORD011639,CUST00989,P015,Dining Table,Furniture,Hyderabad,Store,UPI,1,20424.05,0.0,20424.05,20424.05,0,5566.86,2024,5,May,Wednesday,20424.05,20424.05
2024-05-01,ORD026817,CUST03290,P017,Jeans,Fashion,Chennai,Online,UPI,3,2583.23,0.05,7749.69,7362.21,1,-368.11,2024,5,May,Wednesday,7749.6900000000005,7362.205499999999
2024-05-01,ORD033534,CUST03702,P008,Running Shoes,Fashion,Hyderabad,Online,Net Banking,1,3862.5,0.05,3862.5,3669.38,0,382.51,2024,5,May,Wednesday,3862.5,3669.375
2024-05-01,ORD048227,CUST02989,P008,Running Shoes,Fashion,Chennai,Store,UPI,5,3883.57,0.15,19417.85,16505.17,0,956.42,2024,5,May,Wednesday,19417.850000000002,16505.172499999997
2024-05-01,ORD030892,CUST00347,P013,Monitor,Electronics,Hyderabad,Online,Net Banking,1,18093.35,0.15,18093.35,15379.35,0,1878.53,2024,5,May,Wednesday,18093.35,15379.347499999998
2024-05-01,ORD034763,CUST01138,P010,Coffee Maker,Home,Mumbai,Store,UPI,2,5500.34,0.05,11000.68,10450.65,0,796.48,2024,5,May,Wednesday,11000.68,10450.646
2024-05-01,ORD010063,CUST02904,P013,Monitor,Electronics,Jaipur,Online,UPI,1,17055.08,0.05,17055.08,16202.33,0,1303.57,2024,5,May,Wednesday,17055.08,16202.326000000001
2024-05-01,ORD029693,CUST01083,P007,Backpack,Accessories,Kolkata,Online,Net Banking,1,2049.98,0.15,2049.98,1742.48,0,109.59,2024,5,May,Wednesday,2049.98,1742.483
2024-05-01,ORD007225,CUST03749,P002,Smartphone,Electronics,Chennai,Store,UPI,1,25496.75,0.25,25496.75,19122.56,0,4158.08,2024,5,May,Wednesday,25496.75,19122.5625
2024-05-01,ORD026103,CUST04384,P009,T-Shirt,Fashion,Surat,Store,Net Banking,1,1097.38,0.2,1097.38,877.9,0,207.44,2024,5,May,Wednesday,1097.38,877.9040000000001
2024-05-01,ORD035942,CUST00129,P005,Office Chair,Furniture,Bengaluru,Store,Net Banking,2,8966.68,0.15,17933.36,15243.36,0,2144.74,2024,5,May,Wednesday,17933.36,15243.356
2024-05-01,ORD045546,CUST03841,P007,Backpack,Accessories,Jaipur,Store,Debit Card,2,2049.29,0.1,4098.58,3688.72,0,284.24,2024,5,May,Wednesday,4098.58,3688.722
2024-05-01,ORD042742,CUST00684,P017,Jeans,Fashion,Jaipur,Store,UPI,3,3018.99,0.0,9056.97,9056.97,0,1437.6,2024,5,May,Wednesday,9056.97,9056.97
2024-05-01,ORD041791,CUST03291,P010,Coffee Maker,Home,Delhi,Store,Credit Card,1,5796.15,0.1,5796.15,5216.54,0,568.77,2024,5,May,Wednesday,5796.15,5216.535
2024-05-01,ORD019520,CUST03167,P019,Vacuum Cleaner,Home,Jaipur,Online,Debit Card,2,8820.36,0.1,17640.72,15876.65,0,2709.41,2024,5,May,Wednesday,17640.72,15876.648000000001
2024-05-01,ORD011484,CUST04308,P009,T-Shirt,Fashion,Surat,Store,UPI,1,1175.04,0.15,1175.04,998.78,0,148.3,2024,5,May,Wednesday,1175.04,998.784
2024-05-01,ORD025656,CUST03667,P008,Running Shoes,Fashion,Bengaluru,Store,Credit Card,1,4430.82,0.15,4430.82,3766.2,0,597.25,2024,5,May,Wednesday,4430.82,3766.1969999999997
2024-05-01,ORD030019,CUST04831,P018,Jacket,Fashion,Chennai,Online,UPI,1,5227.77,0.15,5227.77,4443.6,0,980.24,2024,5,May,Wednesday,5227.77,4443.6045
2024-05-01,ORD021965,CUST02322,P008,Running Shoes,Fashion,Bengaluru,Online,UPI,1,4354.67,0.05,4354.67,4136.94,0,900.33,2024,5,May,Wednesday,4354.67,4136.9365
2024-05-01,ORD018830,CUST03295,P007,Backpack,Accessories,Mumbai,Store,Credit Card,1,2081.24,0.05,2081.24,1977.18,0,233.08,2024,5,May,Wednesday,2081.24,1977.1779999999997
2024-05-01,ORD046741,CUST03090,P016,Sofa,Furniture,Bengaluru,Store,Credit Card,1,36223.96,0.1,36223.96,32601.56,0,3244.8,2024,5,May,Wednesday,36223.96,32601.564
2024-05-01,ORD000821,CUST01879,P019,Vacuum Cleaner,Home,Mumbai,Store,Debit Card,1,8587.21,0.1,8587.21,7728.49,0,1492.54,2024,5,May,Wednesday,8587.21,7728.489
2024-05-01,ORD003537,CUST03937,P017,Jeans,Fashion,Surat,Online,UPI,2,2863.62,0.05,5727.24,5440.88,0,1558.93,2024,5,May,Wednesday,5727.24,5440.878
2024-05-01,ORD035140,CUST03096,P020,Microwave,Home,Chennai,Online,UPI,1,11690.05,0.05,11690.05,11105.55,0,2967.47,2024,5,May,Wednesday,11690.05,11105.547499999999
2024-05-01,ORD010824,CUST01734,P003,Headphones,Electronics,Ahmedabad,Store,Debit Card,1,4820.23,0.1,4820.23,4338.21,0,700.15,2024,5,May,Wednesday,4820.23,4338.206999999999
2024-05-01,ORD017746,CUST01197,P005,Office Chair,Furniture,Bengaluru,Store,UPI,1,10202.3,0.0,10202.3,10202.3,0,2076.96,2024,5,May,Wednesday,10202.3,10202.3
2024-05-01,ORD016974,CUST03592,P008,Running Shoes,Fashion,Bengaluru,Store,Credit Card,1,4082.91,0.0,4082.91,4082.91,0,352.55,2024,5,May,Wednesday,4082.91,4082.91
2024-05-01,ORD024843,CUST03160,P010,Coffee Maker,Home,Jaipur,Online,UPI,1,5355.61,0.05,5355.61,5087.83,0,974.59,2024,5,May,Wednesday,5355.61,5087.8295
2024-05-01,ORD024541,CUST00297,P005,Office Chair,Furniture,Surat,Online,UPI,1,10426.18,0.1,10426.18,9383.56,0,2028.62,2024,5,May,Wednesday,10426.18,9383.562
2024-05-01,ORD013080,CUST03063,P008,Running Shoes,Fashion,Mumbai,Online,Debit Card,1,4061.68,0.15,4061.68,3452.43,0,382.38,2024,5,May,Wednesday,4061.68,3452.428
2024-05-01,ORD015416,CUST04204,P010,Coffee Maker,Home,Ahmedabad,Store,Debit Card,2,5875.21,0.0,11750.42,11750.42,0,3181.08,2024,5,May,Wednesday,11750.42,11750.42
2024-05-01,ORD041253,CUST02623,P008,Running Shoes,Fashion,Pune,Online,UPI,5,4279.13,0.0,21395.65,21395.65,0,5401.03,2024,5,May,Wednesday,21395.65,21395.65
2024-05-01,ORD028781,CUST00447,P004,Smartwatch,Electronics,Kolkata,Online,UPI,1,6753.87,0.15,6753.87,5740.79,0,732.36,2024,5,May,Wednesday,6753.87,5740.7895
2024-05-01,ORD025295,CUST03075,P002,Smartphone,Electronics,Delhi,Online,Credit Card,3,26241.68,0.15,78725.04,66916.28,0,14867.3,2024,5,May,Wednesday,78725.04000000001,66916.284
2024-05-01,ORD036593,CUST03666,P015,Dining Table,Furniture,Delhi,Store,Net Banking,2,23788.61,0.0,47577.22,47577.22,0,4076.01,2024,5,May,Wednesday,47577.22,47577.22
2024-05-01,ORD036592,CUST04990,P003,Headphones,Electronics,Kolkata,Online,Cash,2,4469.45,0.2,8938.9,7151.12,0,673.36,2024,5,May,Wednesday,8938.9,7151.12
2024-05-01,ORD044270,CUST00087,P016,Sofa,Furniture,Pune,Online,UPI,1,36823.05,0.15,36823.05,31299.59,0,8065.52,2024,5,May,Wednesday,36823.05,31299.592500000002
2024-05-01,ORD036155,CUST02227,P001,Laptop,Electronics,Mumbai,Online,Credit Card,1,64251.42,0.0,64251.42,64251.42,0,15585.24,2024,5,May,Wednesday,64251.42,64251.42
2024-05-01,ORD013833,CUST01718,P007,Backpack,Accessories,Surat,Online,Credit Card,1,2214.76,0.1,2214.76,1993.28,0,541.33,2024,5,May,Wednesday,2214.76,1993.2840000000003
2024-05-01,ORD034027,CUST03536,P016,Sofa,Furniture,Surat,Store,Credit Card,1,33042.94,0.2,33042.94,26434.35,0,6322.48,2024,5,May,Wednesday,33042.94,26434.352000000003
2024-05-01,ORD001936,CUST04962,P007,Backpack,Accessories,Ahmedabad,Store,UPI,2,2180.78,0.25,4361.56,3271.17,0,357.31,2024,5,May,Wednesday,4361.56,3271.17
2024-05-01,ORD017135,CUST03651,P015,Dining Table,Furniture,Ahmedabad,Online,Cash,3,21765.49,0.15,65296.47,55502.0,1,-2775.1,2024,5,May,Wednesday,65296.47,55501.9995
2024-05-01,ORD023614,CUST02149,P006,Desk,Furniture,Chennai,Online,Debit Card,1,11279.24,0.2,11279.24,9023.39,0,1264.18,2024,5,May,Wednesday,11279.24,9023.392
2024-05-01,ORD017224,CUST01199,P019,Vacuum Cleaner,Home,Surat,Online,Debit Card,1,9117.69,0.05,9117.69,8661.81,0,2384.72,2024,5,May,Wednesday,9117.69,8661.8055
2024-05-01,ORD045417,CUST03042,P019,Vacuum Cleaner,Home,Pune,Store,Credit Card,1,9007.72,0.1,9007.72,8106.95,0,642.31,2024,5,May,Wednesday,9007.72,8106.947999999999
2024-05-01,ORD039510,CUST04816,P002,Smartphone,Electronics,Bengaluru,Store,UPI,1,28941.42,0.05,28941.42,27494.35,0,4644.83,2024,5,May,Wednesday,28941.42,27494.349
2024-05-01,ORD018660,CUST01013,P002,Smartphone,Electronics,Surat,Store,Debit Card,2,26804.82,0.0,53609.64,53609.64,0,14116.92,2024,5,May,Wednesday,53609.64,53609.64
2024-05-01,ORD013373,CUST00655,P015,Dining Table,Furniture,Jaipur,Store,UPI,3,23305.76,0.1,69917.28,62925.55,0,13208.31,2024,5,May,Wednesday,69917.28,62925.552
2024-05-01,ORD016616,CUST03843,P011,Mixer Grinder,Home,Hyderabad,Online,UPI,1,5111.57,0.05,5111.57,4855.99,0,1269.01,2024,5,May,Wednesday,5111.57,4855.991499999999
2024-05-01,ORD012806,CUST03712,P005,Office Chair,Furniture,Hyderabad,Online,UPI,2,10392.35,0.05,20784.7,19745.46,0,4070.49,2024,5,May,Wednesday,20784.7,19745.465
2024-05-01,ORD002881,CUST02456,P002,Smartphone,Electronics,Delhi,Online,Credit Card,1,27555.58,0.15,27555.58,23422.24,0,3015.68,2024,5,May,Wednesday,27555.58,23422.243000000002
2024-05-01,ORD048074,CUST04973,P003,Headphones,Electronics,Ahmedabad,Store,Cash,1,4144.27,0.0,4144.27,4144.27,0,976.35,2024,5,May,Wednesday,4144.27,4144.27
2024-05-01,ORD012400,CUST03384,P019,Vacuum Cleaner,Home,Mumbai,Online,UPI,1,9756.76,0.15,9756.76,8293.25,0,587.96,2024,5,May,Wednesday,9756.76,8293.246
2024-05-01,ORD014081,CUST02326,P012,Air Fryer,Home,Mumbai,Online,UPI,2,7608.89,0.05,15217.78,14456.89,0,2471.72,2024,5,May,Wednesday,15217.78,14456.891
2024-05-01,ORD019760,CUST01142,P014,Keyboard,Electronics,Hyderabad,Online,Credit Card,1,2516.34,0.1,2516.34,2264.71,0,426.89,2024,5,May,Wednesday,2516.34,2264.706
2024-05-01,ORD043676,CUST02755,P007,Backpack,Accessories,Kolkata,Online,Debit Card,1,2193.18,0.1,2193.18,1973.86,0,301.28,2024,5,May,Wednesday,2193.18,1973.8619999999999
2024-05-02,ORD008756,CUST04952,P018,Jacket,Fashion,Pune,Store,Credit Card,5,5572.11,0.05,27860.55,26467.52,0,3396.66,2024,5,May,Thursday,27860.55,26467.5225
2024-05-02,ORD004428,CUST02837,P008,Running Shoes,Fashion,Delhi,Online,Debit Card,1,4086.35,0.05,4086.35,3882.03,0,468.44,2024,5,May,Thursday,4086.35,3882.0325
2024-05-02,ORD014263,CUST01807,P020,Microwave,Home,Jaipur,Store,Credit Card,1,11335.93,0.05,11335.93,10769.13,0,2824.57,2024,5,May,Thursday,11335.93,10769.1335
2024-05-02,ORD035296,CUST00251,P001,Laptop,Electronics,Hyderabad,Store,Credit Card,1,66746.04,0.2,66746.04,53396.83,0,4072.08,2024,5,May,Thursday,66746.04,53396.831999999995
2024-05-02,ORD010960,CUST01092,P003,Headphones,Electronics,Mumbai,Online,Credit Card,1,4077.87,0.05,4077.87,3873.98,0,524.82,2024,5,May,Thursday,4077.87,3873.9764999999998
2024-05-02,ORD048293,CUST02165,P010,Coffee Maker,Home,Surat,Online,UPI,4,5443.31,0.05,21773.24,20684.58,0,5003.62,2024,5,May,Thursday,21773.24,20684.578
2024-05-02,ORD022318,CUST02284,P017,Jeans,Fashion,Hyderabad,Store,Net Banking,1,3023.44,0.1,3023.44,2721.1,0,588.2,2024,5,May,Thursday,3023.44,2721.096
2024-05-02,ORD022538,CUST02916,P020,Microwave,Home,Delhi,Online,UPI,1,10668.5,0.0,10668.5,10668.5,0,892.07,2024,5,May,Thursday,10668.5,10668.5
2024-05-02,ORD030803,CUST03177,P010,Coffee Maker,Home,Delhi,Store,UPI,1,5458.08,0.05,5458.08,5185.18,0,405.27,2024,5,May,Thursday,5458.08,5185.1759999999995
2024-05-02,ORD028989,CUST02811,P018,Jacket,Fashion,Kolkata,Online,UPI,1,5212.56,0.15,5212.56,4430.68,0,636.37,2024,5,May,Thursday,5212.56,4430.676
2024-05-02,ORD007299,CUST02196,P001,Laptop,Electronics,Jaipur,Online,UPI,2,65087.79,0.0,130175.58,130175.58,0,24693.04,2024,5,May,Thursday,130175.58,130175.58
2024-05-02,ORD030964,CUST04523,P015,Dining Table,Furniture,Surat,Online,Credit Card,3,24148.41,0.05,72445.23,68822.97,0,9434.85,2024,5,May,Thursday,72445.23,68822.96849999999
2024-05-02,ORD030785,CUST02412,P015,Dining Table,Furniture,Chennai,Online,Credit Card,1,20880.01,0.1,20880.01,18792.01,0,4481.08,2024,5,May,Thursday,20880.01,18792.009
2024-05-02,ORD032795,CUST02655,P013,Monitor,Electronics,Bengaluru,Store,Debit Card,3,16967.14,0.05,50901.42,48356.35,0,4868.05,2024,5,May,Thursday,50901.42,48356.348999999995
2024-05-02,ORD014531,CUST01283,P005,Office Chair,Furniture,Bengaluru,Store,Cash,1,9600.65,0.25,9600.65,7200.49,0,363.87,2024,5,May,Thursday,9600.65,7200.487499999999
2024-05-02,ORD033478,CUST01986,P016,Sofa,Furniture,Delhi,Online,UPI,1,32732.21,0.15,32732.21,27822.38,0,3743.49,2024,5,May,Thursday,32732.21,27822.3785
2024-05-02,ORD013669,CUST01989,P006,Desk,Furniture,Chennai,Store,UPI,1,11169.32,0.15,11169.32,9493.92,0,2069.06,2024,5,May,Thursday,11169.32,9493.921999999999
2024-05-02,ORD020805,CUST04995,P009,T-Shirt,Fashion,Bengaluru,Online,UPI,1,1300.64,0.05,1300.64,1235.61,0,213.46,2024,5,May,Thursday,1300.64,1235.608
2024-05-02,ORD007463,CUST01387,P016,Sofa,Furniture,Mumbai,Online,Credit Card,1,36401.22,0.25,36401.22,27300.92,1,-1365.05,2024,5,May,Thursday,36401.22,27300.915
2024-05-02,ORD005298,CUST00635,P003,Headphones,Electronics,Jaipur,Online,Net Banking,1,4182.18,0.2,4182.18,3345.74,0,573.28,2024,5,May,Thursday,4182.18,3345.7440000000006
2024-05-02,ORD014392,CUST03934,P001,Laptop,Electronics,Chennai,Online,Cash,1,59821.52,0.1,59821.52,53839.37,0,7644.07,2024,5,May,Thursday,59821.52,53839.367999999995
2024-05-02,ORD022460,CUST02395,P015,Dining Table,Furniture,Jaipur,Online,Cash,3,22955.36,0.1,68866.08,61979.47,1,-3098.97,2024,5,May,Thursday,68866.08,61979.472
2024-05-02,ORD014406,CUST02850,P002,Smartphone,Electronics,Hyderabad,Online,UPI,1,29888.96,0.15,29888.96,25405.62,0,5954.13,2024,5,May,Thursday,29888.96,25405.615999999998
2024-05-02,ORD022364,CUST02860,P015,Dining Table,Furniture,Pune,Store,Debit Card,1,22973.02,0.1,22973.02,20675.72,0,1727.14,2024,5,May,Thursday,22973.02,20675.718
2024-05-02,ORD035599,CUST04889,P016,Sofa,Furniture,Ahmedabad,Store,UPI,2,32119.85,0.05,64239.7,61027.72,1,-3051.39,2024,5,May,Thursday,64239.7,61027.715
2024-05-02,ORD011146,CUST01770,P001,Laptop,Electronics,Bengaluru,Store,Credit Card,2,68719.05,0.05,137438.1,130566.2,0,18991.78,2024,5,May,Thursday,137438.1,130566.19499999999
2024-05-02,ORD044663,CUST00516,P012,Air Fryer,Home,Surat,Store,Debit Card,1,7560.65,0.1,7560.65,6804.58,0,624.56,2024,5,May,Thursday,7560.65,6804.585
2024-05-02,ORD028405,CUST03278,P020,Microwave,Home,Pune,Store,Credit Card,4,12032.12,0.2,48128.48,38502.78,0,1737.09,2024,5,May,Thursday,48128.48,38502.78400000001
2024-05-02,ORD022875,CUST03224,P002,Smartphone,Electronics,Delhi,Store,Debit Card,1,29020.09,0.15,29020.09,24667.08,0,1683.49,2024,5,May,Thursday,29020.09,24667.0765
2024-05-02,ORD005428,CUST02482,P003,Headphones,Electronics,Bengaluru,Store,Credit Card,3,4761.29,0.1,14283.87,12855.48,0,811.98,2024,5,May,Thursday,14283.869999999999,12855.483
2024-05-02,ORD014188,CUST00057,P002,Smartphone,Electronics,Mumbai,Online,UPI,3,30060.99,0.1,90182.97,81164.67,0,5413.22,2024,5,May,Thursday,90182.97,81164.67300000001
2024-05-02,ORD046975,CUST03515,P017,Jeans,Fashion,Pune,Store,Net Banking,1,2733.5,0.1,2733.5,2460.15,0,360.45,2024,5,May,Thursday,2733.5,2460.15
2024-05-02,ORD008445,CUST01890,P013,Monitor,Electronics,Surat,Store,Debit Card,1,17366.82,0.1,17366.82,15630.14,0,2921.33,2024,5,May,Thursday,17366.82,15630.138
2024-05-02,ORD012100,CUST00816,P001,Laptop,Electronics,Pune,Online,Credit Card,2,69216.48,0.0,138432.96,138432.96,0,40612.63,2024,5,May,Thursday,138432.96,138432.96
2024-05-02,ORD029232,CUST04083,P002,Smartphone,Electronics,Kolkata,Online,UPI,5,28347.23,0.15,141736.15,120475.73,0,19186.88,2024,5,May,Thursday,141736.15,120475.7275
2024-05-02,ORD006157,CUST01870,P016,Sofa,Furniture,Pune,Online,Net Banking,2,33935.58,0.15,67871.16,57690.49,0,12714.63,2024,5,May,Thursday,67871.16,57690.486000000004
2024-05-02,ORD008531,CUST03777,P008,Running Shoes,Fashion,Delhi,Store,Credit Card,2,3965.06,0.0,7930.12,7930.12,0,2230.8,2024,5,May,Thursday,7930.12,7930.12
2024-05-02,ORD042983,CUST03067,P008,Running Shoes,Fashion,Mumbai,Online,Credit Card,1,4507.5,0.05,4507.5,4282.12,0,384.26,2024,5,May,Thursday,4507.5,4282.125
2024-05-02,ORD012759,CUST04427,P014,Keyboard,Electronics,Kolkata,Online,UPI,1,2393.15,0.05,2393.15,2273.49,0,466.05,2024,5,May,Thursday,2393.15,2273.4925
2024-05-02,ORD019775,CUST02776,P006,Desk,Furniture,Kolkata,Online,Credit Card,1,11183.36,0.1,11183.36,10065.02,0,2694.95,2024,5,May,Thursday,11183.36,10065.024000000001
2024-05-02,ORD048840,CUST00151,P015,Dining Table,Furniture,Kolkata,Store,Credit Card,4,23898.74,0.15,95594.96,81255.72,1,-4062.79,2024,5,May,Thursday,95594.96,81255.716
2024-05-02,ORD023888,CUST04601,P020,Microwave,Home,Kolkata,Online,Debit Card,1,10269.65,0.1,10269.65,9242.68,0,1581.53,2024,5,May,Thursday,10269.65,9242.685
2024-05-02,ORD042007,CUST03405,P020,Microwave,Home,Bengaluru,Online,Net Banking,2,10672.51,0.1,21345.02,19210.52,0,5183.6,2024,5,May,Thursday,21345.02,19210.518
2024-05-02,ORD029941,CUST00397,P016,Sofa,Furniture,Surat,Online,Credit Card,1,33491.48,0.1,33491.48,30142.33,0,6969.22,2024,5,May,Thursday,33491.48,30142.332000000002
2024-05-02,ORD041959,CUST02503,P003,Headphones,Electronics,Pune,Online,UPI,1,4854.9,0.0,4854.9,4854.9,0,933.23,2024,5,May,Thursday,4854.9,4854.9
2024-05-02,ORD019671,CUST01888,P017,Jeans,Fashion,Delhi,Store,Net Banking,4,2526.95,0.2,10107.8,8086.24,0,1154.0,2024,5,May,Thursday,10107.8,8086.24
2024-05-02,ORD014697,CUST00762,P016,Sofa,Furniture,Pune,Online,Credit Card,1,37779.02,0.2,37779.02,30223.22,0,4145.64,2024,5,May,Thursday,37779.02,30223.216
2024-05-02,ORD035758,CUST04446,P005,Office Chair,Furniture,Surat,Online,Cash,2,9740.03,0.15,19480.06,16558.05,0,4145.51,2024,5,May,Thursday,19480.06,16558.051
2024-05-02,ORD002409,CUST02003,P003,Headphones,Electronics,Kolkata,Online,Net Banking,1,4121.34,0.15,4121.34,3503.14,0,217.99,2024,5,May,Thursday,4121.34,3503.139
2024-05-02,ORD038476,CUST04955,P011,Mixer Grinder,Home,Ahmedabad,Store,UPI,4,4370.68,0.15,17482.72,14860.31,0,2855.05,2024,5,May,Thursday,17482.72,14860.312
2024-05-02,ORD007768,CUST01242,P014,Keyboard,Electronics,Mumbai,Store,Credit Card,1,2450.75,0.0,2450.75,2450.75,0,677.65,2024,5,May,Thursday,2450.75,2450.75
2024-05-02,ORD036761,CUST00688,P018,Jacket,Fashion,Jaipur,Store,Debit Card,1,5555.09,0.0,5555.09,5555.09,0,636.5,2024,5,May,Thursday,5555.09,5555.09
2024-05-02,ORD031484,CUST00518,P011,Mixer Grinder,Home,Kolkata,Store,UPI,3,4390.91,0.15,13172.73,11196.82,0,1417.62,2024,5,May,Thursday,13172.73,11196.8205
2024-05-02,ORD005756,CUST01046,P020,Microwave,Home,Surat,Online,Cash,1,11342.09,0.05,11342.09,10774.99,0,2362.85,2024,5,May,Thursday,11342.09,10774.985499999999
2024-05-02,ORD029703,CUST01309,P010,Coffee Maker,Home,Kolkata,Store,UPI,1,5466.65,0.0,5466.65,5466.65,0,780.7,2024,5,May,Thursday,5466.65,5466.65
2024-05-02,ORD010441,CUST03698,P012,Air Fryer,Home,Bengaluru,Online,Net Banking,1,6879.86,0.0,6879.86,6879.86,0,1016.52,2024,5,May,Thursday,6879.86,6879.86
2024-05-02,ORD044119,CUST03285,P002,Smartphone,Electronics,Kolkata,Store,UPI,1,27133.37,0.0,27133.37,27133.37,0,2679.11,2024,5,May,Thursday,27133.37,27133.37
2024-05-02,ORD008838,CUST04027,P013,Monitor,Electronics,Pune,Online,UPI,4,18207.61,0.2,72830.44,58264.35,0,4649.37,2024,5,May,Thursday,72830.44,58264.352000000006
2024-05-02,ORD007820,CUST03540,P020,Microwave,Home,Chennai,Online,UPI,3,11470.11,0.0,34410.33,34410.33,0,6289.58,2024,5,May,Thursday,34410.33,34410.33
2024-05-03,ORD002771,CUST01585,P004,Smartwatch,Electronics,Kolkata,Store,Cash,1,7071.37,0.1,7071.37,6364.23,0,1664.37,2024,5,May,Friday,7071.37,6364.233
2024-05-03,ORD005465,CUST01198,P014,Keyboard,Electronics,Mumbai,Store,Credit Card,3,2586.09,0.05,7758.27,7370.36,0,696.5,2024,5,May,Friday,7758.27,7370.3565
2024-05-03,ORD039631,CUST04413,P011,Mixer Grinder,Home,Chennai,Online,Debit Card,2,5192.25,0.1,10384.5,9346.05,0,1161.62,2024,5,May,Friday,10384.5,9346.050000000001
2024-05-03,ORD031044,CUST02837,P016,Sofa,Furniture,Delhi,Online,Net Banking,1,37459.37,0.1,37459.37,33713.43,0,4035.2,2024,5,May,Friday,37459.37,33713.433000000005
2024-05-03,ORD005760,CUST01903,P004,Smartwatch,Electronics,Ahmedabad,Online,Credit Card,3,6792.08,0.0,20376.24,20376.24,0,3906.07,2024,5,May,Friday,20376.239999999998,20376.24
2024-05-03,ORD021150,CUST04603,P018,Jacket,Fashion,Ahmedabad,Online,Credit Card,2,5598.5,0.1,11197.0,10077.3,0,2612.95,2024,5,May,Friday,11197.0,10077.300000000001
2024-05-03,ORD020237,CUST01672,P010,Coffee Maker,Home,Kolkata,Online,Net Banking,5,5839.66,0.15,29198.3,24818.56,0,1922.76,2024,5,May,Friday,29198.3,24818.555
2024-05-03,ORD019752,CUST00138,P002,Smartphone,Electronics,Bengaluru,Store,Credit Card,1,27516.35,0.0,27516.35,27516.35,0,5526.94,2024,5,May,Friday,27516.35,27516.35
2024-05-03,ORD026315,CUST03372,P011,Mixer Grinder,Home,Mumbai,Online,UPI,1,5238.64,0.05,5238.64,4976.71,0,1382.09,2024,5,May,Friday,5238.64,4976.708
2024-05-03,ORD006350,CUST04412,P017,Jeans,Fashion,Ahmedabad,Store,UPI,2,2727.27,0.15,5454.54,4636.36,0,567.12,2024,5,May,Friday,5454.54,4636.3589999999995
2024-05-03,ORD046679,CUST02289,P003,Headphones,Electronics,Jaipur,Store,Credit Card,3,4619.59,0.25,13858.77,10394.08,0,1960.42,2024,5,May,Friday,13858.77,10394.0775
2024-05-03,ORD031900,CUST03355,P011,Mixer Grinder,Home,Delhi,Online,UPI,1,4323.28,0.1,4323.28,3890.95,0,551.53,2024,5,May,Friday,4323.28,3890.9519999999998
2024-05-03,ORD011121,CUST02908,P020,Microwave,Home,Jaipur,Online,UPI,1,11836.15,0.25,11836.15,8877.11,0,759.37,2024,5,May,Friday,11836.15,8877.1125
2024-05-03,ORD027979,CUST02949,P017,Jeans,Fashion,Hyderabad,Store,Net Banking,1,2877.73,0.05,2877.73,2733.84,0,696.97,2024,5,May,Friday,2877.73,2733.8435
2024-05-03,ORD000195,CUST00075,P017,Jeans,Fashion,Chennai,Online,Credit Card,2,2619.82,0.1,5239.64,4715.68,0,1311.18,2024,5,May,Friday,5239.64,4715.676
2024-05-03,ORD005848,CUST03090,P019,Vacuum Cleaner,Home,Pune,Online,Credit Card,1,9013.79,0.2,9013.79,7211.03,0,1357.36,2024,5,May,Friday,9013.79,7211.032000000001
2024-05-03,ORD039314,CUST01829,P019,Vacuum Cleaner,Home,Chennai,Store,Credit Card,1,9055.57,0.2,9055.57,7244.46,0,490.09,2024,5,May,Friday,9055.57,7244.456
2024-05-03,ORD024089,CUST01156,P006,Desk,Furniture,Chennai,Store,UPI,1,11278.25,0.1,11278.25,10150.43,0,741.71,2024,5,May,Friday,11278.25,10150.425000000001
2024-05-03,ORD034289,CUST02568,P009,T-Shirt,Fashion,Chennai,Store,Net Banking,2,1309.0,0.15,2618.0,2225.3,0,158.83,2024,5,May,Friday,2618.0,2225.2999999999997
2024-05-03,ORD007419,CUST01868,P002,Smartphone,Electronics,Delhi,Online,UPI,1,28870.85,0.05,28870.85,27427.31,0,7147.83,2024,5,May,Friday,28870.85,27427.3075
2024-05-03,ORD003938,CUST03949,P009,T-Shirt,Fashion,Mumbai,Store,Credit Card,1,1107.35,0.1,1107.35,996.61,0,67.61,2024,5,May,Friday,1107.35,996.6149999999999
2024-05-03,ORD040702,CUST02789,P005,Office Chair,Furniture,Surat,Online,UPI,1,10317.44,0.25,10317.44,7738.08,0,1869.95,2024,5,May,Friday,10317.44,7738.08
2024-05-03,ORD013882,CUST01089,P013,Monitor,Electronics,Mumbai,Store,UPI,2,16856.42,0.25,33712.84,25284.63,0,4489.51,2024,5,May,Friday,33712.84,25284.629999999997
2024-05-03,ORD048981,CUST04607,P020,Microwave,Home,Chennai,Online,Credit Card,4,11163.95,0.1,44655.8,40190.22,0,3328.31,2024,5,May,Friday,44655.8,40190.22
2024-05-03,ORD045547,CUST03826,P002,Smartphone,Electronics,Chennai,Store,Debit Card,1,27832.75,0.1,27832.75,25049.48,0,5756.72,2024,5,May,Friday,27832.75,25049.475000000002
2024-05-03,ORD041883,CUST00398,P018,Jacket,Fashion,Delhi,Store,UPI,2,5269.42,0.05,10538.84,10011.9,0,1671.68,2024,5,May,Friday,10538.84,10011.898
2024-05-03,ORD028374,CUST01453,P008,Running Shoes,Fashion,Jaipur,Online,Credit Card,1,4258.09,0.1,4258.09,3832.28,0,1056.0,2024,5,May,Friday,4258.09,3832.2810000000004
2024-05-03,ORD048086,CUST02886,P001,Laptop,Electronics,Chennai,Online,UPI,4,63305.45,0.2,253221.8,202577.44,0,8180.4,2024,5,May,Friday,253221.8,202577.44
2024-05-03,ORD012358,CUST00551,P018,Jacket,Fashion,Delhi,Online,Net Banking,1,5392.66,0.05,5392.66,5123.03,0,1282.17,2024,5,May,Friday,5392.66,5123.027
2024-05-03,ORD028174,CUST02701,P012,Air Fryer,Home,Delhi,Online,UPI,3,7588.62,0.15,22765.86,19350.98,0,3299.68,2024,5,May,Friday,22765.86,19350.981
2024-05-03,ORD022938,CUST03141,P017,Jeans,Fashion,Chennai,Online,UPI,2,2945.95,0.1,5891.9,5302.71,0,702.13,2024,5,May,Friday,5891.9,5302.71
2024-05-03,ORD003232,CUST00156,P012,Air Fryer,Home,Delhi,Online,UPI,1,6505.86,0.15,6505.86,5529.98,0,776.52,2024,5,May,Friday,6505.86,5529.981
2024-05-03,ORD004263,CUST00630,P014,Keyboard,Electronics,Hyderabad,Online,UPI,3,2455.03,0.25,7365.09,5523.82,0,971.83,2024,5,May,Friday,7365.09,5523.8175
2024-05-03,ORD014889,CUST02882,P002,Smartphone,Electronics,Ahmedabad,Online,Credit Card,1,27572.35,0.1,27572.35,24815.12,0,4759.31,2024,5,May,Friday,27572.35,24815.114999999998
2024-05-03,ORD045195,CUST02558,P004,Smartwatch,Electronics,Mumbai,Online,Credit Card,1,7564.46,0.2,7564.46,6051.57,0,914.94,2024,5,May,Friday,7564.46,6051.568
2024-05-03,ORD037184,CUST02059,P004,Smartwatch,Electronics,Ahmedabad,Online,Debit Card,1,7369.43,0.1,7369.43,6632.49,0,1122.64,2024,5,May,Friday,7369.43,6632.487
2024-05-03,ORD003315,CUST03491,P013,Monitor,Electronics,Hyderabad,Online,Net Banking,1,19751.98,0.05,19751.98,18764.38,0,3512.75,2024,5,May,Friday,19751.98,18764.380999999998
2024-05-03,ORD007598,CUST02853,P001,Laptop,Electronics,Hyderabad,Online,UPI,1,59908.43,0.05,59908.43,56913.01,0,11251.14,2024,5,May,Friday,59908.43,56913.008499999996
2024-05-03,ORD010242,CUST01239,P010,Coffee Maker,Home,Mumbai,Online,Credit Card,1,5264.67,0.05,5264.67,5001.44,1,-250.07,2024,5,May,Friday,5264.67,5001.4365
2024-05-03,ORD010248,CUST03933,P003,Headphones,Electronics,Jaipur,Online,Net Banking,1,4363.21,0.0,4363.21,4363.21,0,559.62,2024,5,May,Friday,4363.21,4363.21
2024-05-03,ORD004080,CUST04730,P001,Laptop,Electronics,Chennai,Online,Net Banking,4,71343.84,0.1,285375.36,256837.82,0,46252.34,2024,5,May,Friday,285375.36,256837.824
2024-05-03,ORD046819,CUST02551,P013,Monitor,Electronics,Delhi,Store,Credit Card,2,17548.7,0.05,35097.4,33342.53,0,4565.22,2024,5,May,Friday,35097.4,33342.53
2024-05-03,ORD018437,CUST01724,P001,Laptop,Electronics,Pune,Store,UPI,1,62853.13,0.2,62853.13,50282.5,0,11323.66,2024,5,May,Friday,62853.13,50282.504
2024-05-03,ORD023970,CUST03379,P005,Office Chair,Furniture,Kolkata,Store,Net Banking,1,8606.39,0.15,8606.39,7315.43,1,-365.77,2024,5,May,Friday,8606.39,7315.4315
2024-05-03,ORD033584,CUST04873,P006,Desk,Furniture,Delhi,Store,Credit Card,1,11017.16,0.1,11017.16,9915.44,0,2330.92,2024,5,May,Friday,11017.16,9915.444
2024-05-03,ORD042976,CUST03389,P010,Coffee Maker,Home,Bengaluru,Store,Credit Card,1,6016.63,0.05,6016.63,5715.8,0,819.58,2024,5,May,Friday,6016.63,5715.7985
2024-05-03,ORD049901,CUST01316,P016,Sofa,Furniture,Bengaluru,Online,UPI,1,34262.74,0.1,34262.74,30836.47,0,6183.7,2024,5,May,Friday,34262.74,30836.466
2024-05-03,ORD037388,CUST02885,P019,Vacuum Cleaner,Home,Bengaluru,Online,Credit Card,1,8924.93,0.0,8924.93,8924.93,0,1230.24,2024,5,May,Friday,8924.93,8924.93
2024-05-03,ORD006114,CUST00470,P015,Dining Table,Furniture,Jaipur,Store,Credit Card,4,21005.86,0.0,84023.44,84023.44,0,15613.5,2024,5,May,Friday,84023.44,84023.44
2024-05-03,ORD013315,CUST03473,P014,Keyboard,Electronics,Surat,Online,Debit Card,2,2621.46,0.05,5242.92,4980.77,0,868.37,2024,5,May,Friday,5242.92,4980.773999999999
2024-05-03,ORD024914,CUST03351,P001,Laptop,Electronics,Chennai,Online,Credit Card,1,58630.7,0.1,58630.7,52767.63,0,7011.45,2024,5,May,Friday,58630.7,52767.63
2024-05-03,ORD039146,CUST00522,P016,Sofa,Furniture,Kolkata,Store,Debit Card,1,37678.32,0.1,37678.32,33910.49,0,2565.69,2024,5,May,Friday,37678.32,33910.488
2024-05-03,ORD046597,CUST02495,P001,Laptop,Electronics,Kolkata,Online,Net Banking,1,63315.27,0.2,63315.27,50652.22,0,4163.04,2024,5,May,Friday,63315.27,50652.216
2024-05-03,ORD006110,CUST03474,P007,Backpack,Accessories,Pune,Online,Net Banking,1,2274.5,0.05,2274.5,2160.78,0,539.47,2024,5,May,Friday,2274.5,2160.775
2024-05-03,ORD034587,CUST04286,P016,Sofa,Furniture,Mumbai,Store,Credit Card,1,33222.65,0.2,33222.65,26578.12,0,3368.66,2024,5,May,Friday,33222.65,26578.120000000003
2024-05-03,ORD032116,CUST00992,P002,Smartphone,Electronics,Chennai,Store,UPI,5,27285.07,0.1,136425.35,122782.82,0,24634.19,2024,5,May,Friday,136425.35,122782.815
2024-05-04,ORD022020,CUST00421,P011,Mixer Grinder,Home,Jaipur,Online,UPI,1,4370.0,0.05,4370.0,4151.5,0,826.1,2024,5,May,Saturday,4370.0,4151.5
2024-05-04,ORD008426,CUST02828,P004,Smartwatch,Electronics,Mumbai,Online,UPI,1,7007.55,0.1,7007.55,6306.8,0,1320.39,2024,5,May,Saturday,7007.55,6306.795
2024-05-04,ORD028701,CUST03870,P009,T-Shirt,Fashion,Chennai,Store,Credit Card,4,1199.58,0.2,4798.32,3838.66,0,883.53,2024,5,May,Saturday,4798.32,3838.656
2024-05-04,ORD010930,CUST04295,P008,Running Shoes,Fashion,Bengaluru,Store,Net Banking,2,4593.84,0.2,9187.68,7350.14,0,1082.69,2024,5,May,Saturday,9187.68,7350.144
2024-05-04,ORD033450,CUST02496,P013,Monitor,Electronics,Hyderabad,Online,UPI,2,18897.56,0.05,37795.12,35905.36,0,7150.64,2024,5,May,Saturday,37795.12,35905.364
2024-05-04,ORD046939,CUST00263,P020,Microwave,Home,Bengaluru,Online,Net Banking,1,10219.65,0.0,10219.65,10219.65,0,3048.68,2024,5,May,Saturday,10219.65,10219.65
2024-05-04,ORD015389,CUST00156,P003,Headphones,Electronics,Delhi,Store,UPI,1,4419.53,0.1,4419.53,3977.58,0,710.3,2024,5,May,Saturday,4419.53,3977.5769999999998
2024-05-04,ORD022848,CUST02857,P004,Smartwatch,Electronics,Hyderabad,Online,UPI,4,7082.15,0.1,28328.6,25495.74,0,2914.01,2024,5,May,Saturday,28328.6,25495.739999999998
2024-05-04,ORD042744,CUST04983,P006,Desk,Furniture,Hyderabad,Online,Debit Card,1,12133.27,0.05,12133.27,11526.61,0,1166.19,2024,5,May,Saturday,12133.27,11526.6065
2024-05-04,ORD023347,CUST02386,P013,Monitor,Electronics,Ahmedabad,Store,Debit Card,1,17844.71,0.0,17844.71,17844.71,0,3258.97,2024,5,May,Saturday,17844.71,17844.71
2024-05-04,ORD001299,CUST01089,P006,Desk,Furniture,Jaipur,Online,Net Banking,5,11533.74,0.1,57668.7,51901.83,0,7646.37,2024,5,May,Saturday,57668.7,51901.83
2024-05-04,ORD012872,CUST01763,P013,Monitor,Electronics,Delhi,Online,Credit Card,1,17804.22,0.15,17804.22,15133.59,0,1755.85,2024,5,May,Saturday,17804.22,15133.587000000001
2024-05-04,ORD018781,CUST00288,P018,Jacket,Fashion,Ahmedabad,Online,Debit Card,1,5216.56,0.15,5216.56,4434.08,1,-221.7,2024,5,May,Saturday,5216.56,4434.076
2024-05-04,ORD005099,CUST01707,P005,Office Chair,Furniture,Bengaluru,Store,Credit Card,1,9943.95,0.15,9943.95,8452.36,0,845.97,2024,5,May,Saturday,9943.95,8452.3575
2024-05-04,ORD021681,CUST03787,P013,Monitor,Electronics,Delhi,Online,Credit Card,1,19318.78,0.15,19318.78,16420.96,0,2684.28,2024,5,May,Saturday,19318.78,16420.963
2024-05-04,ORD013591,CUST01944,P008,Running Shoes,Fashion,Kolkata,Store,Cash,1,4482.94,0.05,4482.94,4258.79,0,971.31,2024,5,May,Saturday,4482.94,4258.793
2024-05-04,ORD014705,CUST00913,P012,Air Fryer,Home,Surat,Store,Credit Card,2,6779.32,0.15,13558.64,11524.84,0,1583.57,2024,5,May,Saturday,13558.64,11524.844
2024-05-04,ORD027371,CUST01295,P013,Monitor,Electronics,Hyderabad,Store,Debit Card,5,17523.58,0.05,87617.9,83237.0,0,8709.97,2024,5,May,Saturday,87617.90000000001,83237.00499999999
2024-05-04,ORD027760,CUST02083,P012,Air Fryer,Home,Delhi,Online,Credit Card,1,7040.83,0.1,7040.83,6336.75,0,550.92,2024,5,May,Saturday,7040.83,6336.747
2024-05-04,ORD001853,CUST01538,P017,Jeans,Fashion,Surat,Online,Cash,1,2783.32,0.0,2783.32,2783.32,0,271.86,2024,5,May,Saturday,2783.32,2783.32
2024-05-04,ORD024652,CUST01108,P007,Backpack,Accessories,Surat,Store,UPI,1,2276.27,0.1,2276.27,2048.64,0,291.4,2024,5,May,Saturday,2276.27,2048.643
2024-05-04,ORD009732,CUST04632,P020,Microwave,Home,Delhi,Online,UPI,5,11812.45,0.15,59062.25,50202.91,0,8571.77,2024,5,May,Saturday,59062.25,50202.9125
2024-05-04,ORD021668,CUST00365,P005,Office Chair,Furniture,Surat,Online,UPI,2,9381.39,0.1,18762.78,16886.5,0,4019.76,2024,5,May,Saturday,18762.78,16886.502
2024-05-04,ORD022945,CUST04084,P007,Backpack,Accessories,Ahmedabad,Store,Credit Card,1,2161.45,0.05,2161.45,2053.38,0,562.85,2024,5,May,Saturday,2161.45,2053.3774999999996
2024-05-04,ORD022594,CUST02468,P019,Vacuum Cleaner,Home,Hyderabad,Online,Cash,1,8894.87,0.1,8894.87,8005.38,0,2155.84,2024,5,May,Saturday,8894.87,8005.383000000001
2024-05-04,ORD040381,CUST01499,P011,Mixer Grinder,Home,Pune,Online,Net Banking,1,4822.26,0.0,4822.26,4822.26,0,414.17,2024,5,May,Saturday,4822.26,4822.26
2024-05-04,ORD035192,CUST00347,P013,Monitor,Electronics,Delhi,Online,Debit Card,2,17396.77,0.2,34793.54,27834.83,0,2714.76,2024,5,May,Saturday,34793.54,27834.832000000002
2024-05-04,ORD039684,CUST02546,P018,Jacket,Fashion,Mumbai,Online,UPI,1,4914.51,0.15,4914.51,4177.33,0,346.52,2024,5,May,Saturday,4914.51,4177.3335
2024-05-04,ORD024761,CUST00230,P014,Keyboard,Electronics,Bengaluru,Online,Net Banking,1,2511.86,0.05,2511.86,2386.27,0,341.45,2024,5,May,Saturday,2511.86,2386.267
2024-05-04,ORD005433,CUST02431,P018,Jacket,Fashion,Delhi,Online,UPI,1,4817.63,0.1,4817.63,4335.87,0,1177.11,2024,5,May,Saturday,4817.63,4335.867
2024-05-04,ORD012683,CUST01748,P012,Air Fryer,Home,Chennai,Store,Credit Card,1,7000.65,0.25,7000.65,5250.49,0,510.32,2024,5,May,Saturday,7000.65,5250.487499999999
2024-05-04,ORD024759,CUST01351,P014,Keyboard,Electronics,Ahmedabad,Store,UPI,3,2280.77,0.1,6842.31,6158.08,0,1699.06,2024,5,May,Saturday,6842.3099999999995,6158.079000000001
2024-05-04,ORD017373,CUST01521,P007,Backpack,Accessories,Bengaluru,Store,Credit Card,1,2003.8,0.1,2003.8,1803.42,0,230.59,2024,5,May,Saturday,2003.8,1803.42
2024-05-04,ORD002820,CUST01336,P005,Office Chair,Furniture,Pune,Store,UPI,1,9134.07,0.1,9134.07,8220.66,0,1762.69,2024,5,May,Saturday,9134.07,8220.663
2024-05-04,ORD044720,CUST00042,P016,Sofa,Furniture,Delhi,Store,Credit Card,1,36205.24,0.0,36205.24,36205.24,0,7112.14,2024,5,May,Saturday,36205.24,36205.24
2024-05-04,ORD034641,CUST03965,P008,Running Shoes,Fashion,Mumbai,Online,UPI,5,4523.62,0.2,22618.1,18094.48,0,2644.27,2024,5,May,Saturday,22618.1,18094.48
2024-05-04,ORD018244,CUST01102,P013,Monitor,Electronics,Surat,Online,Credit Card,1,18645.38,0.15,18645.38,15848.57,0,2640.46,2024,5,May,Saturday,18645.38,15848.573
2024-05-04,ORD009821,CUST03373,P013,Monitor,Electronics,Bengaluru,Store,Credit Card,5,19740.2,0.05,98701.0,93765.95,0,25542.51,2024,5,May,Saturday,98701.0,93765.95
2024-05-04,ORD030417,CUST03130,P008,Running Shoes,Fashion,Kolkata,Online,Debit Card,1,4284.53,0.15,4284.53,3641.85,0,717.05,2024,5,May,Saturday,4284.53,3641.8504999999996
2024-05-04,ORD007591,CUST02081,P011,Mixer Grinder,Home,Hyderabad,Store,UPI,4,5030.83,0.1,20123.32,18110.99,0,3761.65,2024,5,May,Saturday,20123.32,18110.988
2024-05-04,ORD004734,CUST03373,P001,Laptop,Electronics,Chennai,Online,UPI,1,60063.29,0.15,60063.29,51053.8,0,2744.05,2024,5,May,Saturday,60063.29,51053.7965
2024-05-04,ORD017308,CUST02416,P019,Vacuum Cleaner,Home,Kolkata,Online,Debit Card,1,8973.26,0.05,8973.26,8524.6,0,1452.7,2024,5,May,Saturday,8973.26,8524.597
2024-05-04,ORD047167,CUST04257,P008,Running Shoes,Fashion,Pune,Online,Credit Card,2,4296.67,0.05,8593.34,8163.67,0,614.41,2024,5,May,Saturday,8593.34,8163.673
2024-05-04,ORD009834,CUST02216,P018,Jacket,Fashion,Bengaluru,Online,UPI,2,5715.21,0.1,11430.42,10287.38,0,2805.69,2024,5,May,Saturday,11430.42,10287.378
2024-05-04,ORD040081,CUST01210,P001,Laptop,Electronics,Bengaluru,Store,Credit Card,1,62246.6,0.05,62246.6,59134.27,1,-2956.71,2024,5,May,Saturday,62246.6,59134.27
2024-05-04,ORD026731,CUST03914,P010,Coffee Maker,Home,Delhi,Online,Cash,2,5949.02,0.0,11898.04,11898.04,0,1582.32,2024,5,May,Saturday,11898.04,11898.04
2024-05-04,ORD021954,CUST03622,P014,Keyboard,Electronics,Jaipur,Store,Credit Card,1,2345.21,0.2,2345.21,1876.17,0,321.9,2024,5,May,Saturday,2345.21,1876.1680000000001
2024-05-04,ORD046884,CUST00251,P011,Mixer Grinder,Home,Bengaluru,Online,UPI,3,4491.43,0.1,13474.29,12126.86,0,1985.12,2024,5,May,Saturday,13474.29,12126.861
2024-05-04,ORD042041,CUST04789,P008,Running Shoes,Fashion,Bengaluru,Store,Credit Card,2,3903.78,0.1,7807.56,7026.8,0,1672.49,2024,5,May,Saturday,7807.56,7026.804
2024-05-04,ORD033433,CUST03863,P006,Desk,Furniture,Bengaluru,Online,Credit Card,1,11534.28,0.05,11534.28,10957.57,0,2433.27,2024,5,May,Saturday,11534.28,10957.566
2024-05-04,ORD017259,CUST03200,P014,Keyboard,Electronics,Kolkata,Online,Debit Card,1,2716.54,0.15,2716.54,2309.06,1,-115.45,2024,5,May,Saturday,2716.54,2309.0589999999997
2024-05-04,ORD033778,CUST02369,P004,Smartwatch,Electronics,Hyderabad,Online,UPI,1,7528.4,0.0,7528.4,7528.4,0,1556.72,2024,5,May,Saturday,7528.4,7528.4
2024-05-04,ORD048203,CUST01609,P010,Coffee Maker,Home,Pune,Store,Net Banking,2,5654.42,0.05,11308.84,10743.4,0,1692.26,2024,5,May,Saturday,11308.84,10743.398
2024-05-04,ORD003913,CUST00348,P008,Running Shoes,Fashion,Jaipur,Store,Credit Card,1,3938.33,0.1,3938.33,3544.5,0,275.39,2024,5,May,Saturday,3938.33,3544.497
2024-05-04,ORD012388,CUST04567,P004,Smartwatch,Electronics,Chennai,Store,Debit Card,1,6776.75,0.0,6776.75,6776.75,0,1738.55,2024,5,May,Saturday,6776.75,6776.75
2024-05-04,ORD005041,CUST04897,P008,Running Shoes,Fashion,Mumbai,Store,Credit Card,1,4331.56,0.1,4331.56,3898.4,0,661.39,2024,5,May,Saturday,4331.56,3898.4040000000005
2024-05-04,ORD039497,CUST03459,P016,Sofa,Furniture,Ahmedabad,Online,UPI,2,38075.31,0.1,76150.62,68535.56,0,16752.56,2024,5,May,Saturday,76150.62,68535.558
2024-05-04,ORD005840,CUST01573,P011,Mixer Grinder,Home,Chennai,Store,Debit Card,2,4657.74,0.1,9315.48,8383.93,0,2270.58,2024,5,May,Saturday,9315.48,8383.932
2024-05-04,ORD047634,CUST01851,P009,T-Shirt,Fashion,Hyderabad,Online,UPI,1,1119.57,0.05,1119.57,1063.59,0,232.01,2024,5,May,Saturday,1119.57,1063.5915
2024-05-04,ORD007426,CUST02042,P001,Laptop,Electronics,Mumbai,Online,Credit Card,1,63536.54,0.2,63536.54,50829.23,0,13039.01,2024,5,May,Saturday,63536.54,50829.232
2024-05-04,ORD038893,CUST04909,P016,Sofa,Furniture,Ahmedabad,Online,Net Banking,2,34597.27,0.1,69194.54,62275.09,0,11199.0,2024,5,May,Saturday,69194.54,62275.085999999996
2024-05-04,ORD005846,CUST00234,P020,Microwave,Home,Ahmedabad,Online,UPI,5,11235.6,0.0,56178.0,56178.0,0,11798.36,2024,5,May,Saturday,56178.0,56178.0
2024-05-04,ORD025411,CUST01267,P011,Mixer Grinder,Home,Pune,Online,UPI,5,4357.29,0.05,21786.45,20697.13,0,3515.17,2024,5,May,Saturday,21786.45,20697.1275
2024-05-04,ORD027814,CUST04818,P014,Keyboard,Electronics,Delhi,Online,Net Banking,1,2589.18,0.15,2589.18,2200.8,0,349.32,2024,5,May,Saturday,2589.18,2200.803
2024-05-04,ORD042009,CUST03477,P020,Microwave,Home,Delhi,Online,UPI,2,11205.46,0.1,22410.92,20169.83,0,5235.71,2024,5,May,Saturday,22410.92,20169.827999999998
2024-05-04,ORD042565,CUST04768,P001,Laptop,Electronics,Mumbai,Store,UPI,2,62368.26,0.1,124736.52,112262.87,0,17312.02,2024,5,May,Saturday,124736.52,112262.868
2024-05-04,ORD023633,CUST03983,P013,Monitor,Electronics,Pune,Online,Credit Card,1,17466.92,0.0,17466.92,17466.92,0,3882.18,2024,5,May,Saturday,17466.92,17466.92
2024-05-04,ORD006346,CUST00024,P017,Jeans,Fashion,Kolkata,Online,UPI,1,2888.17,0.1,2888.17,2599.35,1,-129.97,2024,5,May,Saturday,2888.17,2599.353
2024-05-04,ORD047114,CUST01198,P002,Smartphone,Electronics,Ahmedabad,Online,UPI,5,27537.46,0.1,137687.3,123918.57,0,21228.01,2024,5,May,Saturday,137687.3,123918.56999999999
2024-05-04,ORD003078,CUST00451,P002,Smartphone,Electronics,Surat,Online,UPI,1,28990.71,0.0,28990.71,28990.71,0,7714.18,2024,5,May,Saturday,28990.71,28990.71
2024-05-04,ORD021750,CUST03608,P001,Laptop,Electronics,Mumbai,Online,UPI,1,68152.13,0.15,68152.13,57929.31,0,12028.42,2024,5,May,Saturday,68152.13,57929.3105
2024-05-05,ORD049987,CUST03223,P020,Microwave,Home,Ahmedabad,Online,Debit Card,1,11340.23,0.15,11340.23,9639.2,0,1306.92,2024,5,May,Sunday,11340.23,9639.1955
2024-05-05,ORD021304,CUST02719,P006,Desk,Furniture,Chennai,Online,UPI,4,12162.24,0.1,48648.96,43784.06,0,9058.09,2024,5,May,Sunday,48648.96,43784.064
2024-05-05,ORD035060,CUST04762,P014,Keyboard,Electronics,Chennai,Store,Debit Card,2,2624.83,0.1,5249.66,4724.69,0,488.42,2024,5,May,Sunday,5249.66,4724.694
2024-05-05,ORD037736,CUST04783,P013,Monitor,Electronics,Ahmedabad,Store,Debit Card,2,16313.52,0.1,32627.04,29364.34,0,5354.63,2024,5,May,Sunday,32627.04,29364.336000000003
2024-05-05,ORD038939,CUST03794,P001,Laptop,Electronics,Surat,Online,Cash,1,69762.37,0.1,69762.37,62786.13,0,16515.27,2024,5,May,Sunday,69762.37,62786.132999999994
2024-05-05,ORD004802,CUST02233,P019,Vacuum Cleaner,Home,Kolkata,Store,UPI,1,9115.63,0.15,9115.63,7748.29,0,1649.62,2024,5,May,Sunday,9115.63,7748.285499999999
2024-05-05,ORD021774,CUST04851,P004,Smartwatch,Electronics,Ahmedabad,Online,Credit Card,1,7057.36,0.1,7057.36,6351.62,0,1124.43,2024,5,May,Sunday,7057.36,6351.624
2024-05-05,ORD011825,CUST02137,P016,Sofa,Furniture,Ahmedabad,Store,Credit Card,1,31931.39,0.1,31931.39,28738.25,0,2197.79,2024,5,May,Sunday,31931.39,28738.251
2024-05-05,ORD014595,CUST02745,P001,Laptop,Electronics,Ahmedabad,Online,Credit Card,1,59238.7,0.1,59238.7,53314.83,0,8218.82,2024,5,May,Sunday,59238.7,53314.83
2024-05-05,ORD033740,CUST03111,P017,Jeans,Fashion,Jaipur,Online,Debit Card,3,2865.44,0.0,8596.32,8596.32,0,1437.69,2024,5,May,Sunday,8596.32,8596.32
2024-05-05,ORD014226,CUST00260,P012,Air Fryer,Home,Ahmedabad,Store,Cash,2,7454.77,0.1,14909.54,13418.59,0,1577.6,2024,5,May,Sunday,14909.54,13418.586000000001
2024-05-05,ORD034374,CUST00802,P001,Laptop,Electronics,Surat,Online,UPI,3,70229.69,0.0,210689.07,210689.07,0,47277.64,2024,5,May,Sunday,210689.07,210689.07
2024-05-05,ORD034624,CUST01053,P002,Smartphone,Electronics,Bengaluru,Online,UPI,5,30086.09,0.1,150430.45,135387.41,0,14788.6,2024,5,May,Sunday,150430.45,135387.40500000003
2024-05-05,ORD020238,CUST03079,P003,Headphones,Electronics,Chennai,Store,UPI,1,4404.65,0.15,4404.65,3743.95,0,936.16,2024,5,May,Sunday,4404.65,3743.9524999999994
2024-05-05,ORD043504,CUST00828,P010,Coffee Maker,Home,Ahmedabad,Online,UPI,4,5024.74,0.1,20098.96,18089.06,0,1304.17,2024,5,May,Sunday,20098.96,18089.064
2024-05-05,ORD027905,CUST01555,P019,Vacuum Cleaner,Home,Delhi,Store,UPI,1,8610.13,0.15,8610.13,7318.61,0,1903.05,2024,5,May,Sunday,8610.13,7318.610499999999
2024-05-05,ORD030326,CUST01690,P001,Laptop,Electronics,Chennai,Store,UPI,2,59958.42,0.15,119916.84,101929.31,0,26486.26,2024,5,May,Sunday,119916.84,101929.314
2024-05-05,ORD044844,CUST01967,P020,Microwave,Home,Ahmedabad,Online,Credit Card,1,10324.24,0.2,10324.24,8259.39,0,1526.24,2024,5,May,Sunday,10324.24,8259.392
2024-05-05,ORD031123,CUST03392,P004,Smartwatch,Electronics,Jaipur,Store,UPI,1,6754.06,0.2,6754.06,5403.25,0,734.05,2024,5,May,Sunday,6754.06,5403.2480000000005
2024-05-05,ORD048033,CUST02075,P013,Monitor,Electronics,Kolkata,Online,UPI,3,17859.74,0.2,53579.22,42863.38,0,2023.82,2024,5,May,Sunday,53579.22,42863.376000000004
2024-05-05,ORD026917,CUST00304,P015,Dining Table,Furniture,Ahmedabad,Online,Credit Card,1,21221.52,0.1,21221.52,19099.37,0,4060.05,2024,5,May,Sunday,21221.52,19099.368000000002
2024-05-05,ORD016882,CUST01765,P012,Air Fryer,Home,Ahmedabad,Online,UPI,1,6737.19,0.05,6737.19,6400.33,0,1515.21,2024,5,May,Sunday,6737.19,6400.330499999999
2024-05-05,ORD040261,CUST02665,P013,Monitor,Electronics,Ahmedabad,Online,Net Banking,1,17177.04,0.05,17177.04,16318.19,0,2639.82,2024,5,May,Sunday,17177.04,16318.188
2024-05-05,ORD033677,CUST03247,P006,Desk,Furniture,Hyderabad,Store,UPI,1,12260.1,0.0,12260.1,12260.1,0,1237.58,2024,5,May,Sunday,12260.1,12260.1
2024-05-05,ORD019942,CUST00526,P008,Running Shoes,Fashion,Delhi,Online,UPI,3,3925.35,0.15,11776.05,10009.64,0,1889.23,2024,5,May,Sunday,11776.05,10009.6425
2024-05-05,ORD016696,CUST04571,P007,Backpack,Accessories,Ahmedabad,Store,Debit Card,1,2282.43,0.1,2282.43,2054.19,0,538.14,2024,5,May,Sunday,2282.43,2054.187
2024-05-05,ORD022755,CUST01467,P005,Office Chair,Furniture,Hyderabad,Online,Credit Card,1,9077.91,0.0,9077.91,9077.91,0,1728.67,2024,5,May,Sunday,9077.91,9077.91
2024-05-05,ORD008363,CUST04534,P005,Office Chair,Furniture,Chennai,Online,Net Banking,1,9299.57,0.15,9299.57,7904.63,0,876.97,2024,5,May,Sunday,9299.57,7904.634499999999
2024-05-05,ORD016577,CUST00517,P014,Keyboard,Electronics,Ahmedabad,Online,UPI,1,2343.34,0.05,2343.34,2226.17,0,173.74,2024,5,May,Sunday,2343.34,2226.1730000000002
2024-05-05,ORD018765,CUST01118,P006,Desk,Furniture,Bengaluru,Online,Net Banking,5,12412.31,0.0,62061.55,62061.55,0,9154.98,2024,5,May,Sunday,62061.549999999996,62061.55
2024-05-05,ORD035746,CUST01484,P003,Headphones,Electronics,Ahmedabad,Store,Net Banking,1,4872.15,0.0,4872.15,4872.15,0,933.42,2024,5,May,Sunday,4872.15,4872.15
2024-05-05,ORD020075,CUST03357,P006,Desk,Furniture,Bengaluru,Online,UPI,1,12498.46,0.15,12498.46,10623.69,0,676.52,2024,5,May,Sunday,12498.46,10623.690999999999
2024-05-05,ORD026989,CUST01465,P020,Microwave,Home,Mumbai,Online,UPI,1,11367.44,0.15,11367.44,9662.32,0,1056.57,2024,5,May,Sunday,11367.44,9662.324
2024-05-05,ORD039847,CUST02880,P009,T-Shirt,Fashion,Surat,Store,Debit Card,4,1191.57,0.05,4766.28,4527.97,0,575.82,2024,5,May,Sunday,4766.28,4527.965999999999
2024-05-05,ORD041375,CUST02343,P016,Sofa,Furniture,Chennai,Online,Debit Card,2,38234.59,0.1,76469.18,68822.26,1,-3441.11,2024,5,May,Sunday,76469.18,68822.262
2024-05-05,ORD035139,CUST00969,P013,Monitor,Electronics,Delhi,Online,UPI,1,19453.79,0.1,19453.79,17508.41,0,2390.51,2024,5,May,Sunday,19453.79,17508.411
2024-05-05,ORD047579,CUST04332,P007,Backpack,Accessories,Mumbai,Online,Credit Card,2,2237.56,0.05,4475.12,4251.36,0,375.27,2024,5,May,Sunday,4475.12,4251.364
2024-05-05,ORD003714,CUST03286,P017,Jeans,Fashion,Mumbai,Online,Net Banking,1,2685.07,0.05,2685.07,2550.82,0,535.39,2024,5,May,Sunday,2685.07,2550.8165
2024-05-05,ORD033918,CUST01060,P015,Dining Table,Furniture,Ahmedabad,Online,UPI,2,20966.54,0.0,41933.08,41933.08,0,8929.93,2024,5,May,Sunday,41933.08,41933.08
2024-05-05,ORD019349,CUST04195,P005,Office Chair,Furniture,Delhi,Online,Debit Card,2,9711.94,0.1,19423.88,17481.49,0,1736.53,2024,5,May,Sunday,19423.88,17481.492000000002
2024-05-05,ORD012330,CUST00866,P013,Monitor,Electronics,Hyderabad,Store,Credit Card,1,17517.13,0.05,17517.13,16641.27,0,1583.29,2024,5,May,Sunday,17517.13,16641.2735
2024-05-05,ORD005919,CUST02422,P002,Smartphone,Electronics,Pune,Online,Debit Card,5,29483.18,0.15,147415.9,125303.51,0,17932.7,2024,5,May,Sunday,147415.9,125303.51499999998
2024-05-05,ORD012363,CUST03392,P010,Coffee Maker,Home,Hyderabad,Online,Credit Card,1,5117.98,0.2,5117.98,4094.38,0,441.46,2024,5,May,Sunday,5117.98,4094.384
2024-05-05,ORD043980,CUST03690,P020,Microwave,Home,Pune,Online,UPI,2,10156.57,0.05,20313.14,19297.48,0,2483.65,2024,5,May,Sunday,20313.14,19297.483
2024-05-05,ORD000551,CUST04588,P007,Backpack,Accessories,Surat,Online,Credit Card,2,2238.88,0.15,4477.76,3806.1,0,271.54,2024,5,May,Sunday,4477.76,3806.096
2024-05-05,ORD022722,CUST02569,P020,Microwave,Home,Ahmedabad,Online,Credit Card,1,10610.6,0.0,10610.6,10610.6,0,2548.28,2024,5,May,Sunday,10610.6,10610.6
2024-05-05,ORD049533,CUST03966,P004,Smartwatch,Electronics,Delhi,Online,UPI,1,7344.0,0.15,7344.0,6242.4,0,472.35,2024,5,May,Sunday,7344.0,6242.4
2024-05-05,ORD003183,CUST02462,P010,Coffee Maker,Home,Chennai,Store,UPI,1,5146.53,0.05,5146.53,4889.2,0,1365.45,2024,5,May,Sunday,5146.53,4889.2035
2024-05-05,ORD024690,CUST02181,P011,Mixer Grinder,Home,Mumbai,Online,UPI,1,4836.34,0.05,4836.34,4594.52,0,1317.63,2024,5,May,Sunday,4836.34,4594.523
2024-05-05,ORD048045,CUST00599,P004,Smartwatch,Electronics,Jaipur,Store,UPI,3,6527.48,0.1,19582.44,17624.2,0,4308.79,2024,5,May,Sunday,19582.44,17624.196
2024-05-05,ORD037561,CUST01070,P014,Keyboard,Electronics,Surat,Online,Debit Card,5,2401.27,0.1,12006.35,10805.72,0,1645.65,2024,5,May,Sunday,12006.35,10805.715
2024-05-05,ORD040929,CUST03090,P014,Keyboard,Electronics,Surat,Store,UPI,1,2264.66,0.1,2264.66,2038.19,0,380.32,2024,5,May,Sunday,2264.66,2038.194
2024-05-05,ORD029559,CUST02222,P003,Headphones,Electronics,Jaipur,Store,UPI,2,4167.94,0.05,8335.88,7919.09,0,1361.59,2024,5,May,Sunday,8335.88,7919.085999999998
2024-05-05,ORD033949,CUST00433,P013,Monitor,Electronics,Pune,Online,UPI,1,18042.85,0.0,18042.85,18042.85,0,2717.46,2024,5,May,Sunday,18042.85,18042.85
2024-05-05,ORD027238,CUST01687,P001,Laptop,Electronics,Chennai,Store,UPI,1,62657.65,0.15,62657.65,53259.0,0,13846.88,2024,5,May,Sunday,62657.65,53259.0025
2024-05-06,ORD013126,CUST04942,P006,Desk,Furniture,Surat,Online,Debit Card,2,12362.57,0.0,24725.14,24725.14,0,6850.86,2024,5,May,Monday,24725.14,24725.14
2024-05-06,ORD033351,CUST01475,P006,Desk,Furniture,Mumbai,Online,Debit Card,1,11642.86,0.0,11642.86,11642.86,0,1172.96,2024,5,May,Monday,11642.86,11642.86
2024-05-06,ORD006070,CUST02052,P009,T-Shirt,Fashion,Bengaluru,Online,UPI,2,1171.73,0.05,2343.46,2226.29,0,518.37,2024,5,May,Monday,2343.46,2226.287
2024-05-06,ORD007860,CUST01874,P011,Mixer Grinder,Home,Bengaluru,Store,Cash,5,4894.85,0.1,24474.25,22026.82,0,2206.71,2024,5,May,Monday,24474.25,22026.825
2024-05-06,ORD025261,CUST02469,P011,Mixer Grinder,Home,Mumbai,Online,Net Banking,1,4580.3,0.15,4580.3,3893.26,0,568.28,2024,5,May,Monday,4580.3,3893.255
2024-05-06,ORD041021,CUST00425,P014,Keyboard,Electronics,Kolkata,Online,Credit Card,1,2547.41,0.2,2547.41,2037.93,0,400.64,2024,5,May,Monday,2547.41,2037.9279999999999
2024-05-06,ORD010619,CUST00098,P018,Jacket,Fashion,Pune,Online,Credit Card,1,4954.47,0.15,4954.47,4211.3,0,800.5,2024,5,May,Monday,4954.47,4211.2995
2024-05-06,ORD013604,CUST03840,P020,Microwave,Home,Jaipur,Store,UPI,1,11958.71,0.1,11958.71,10762.84,0,2480.17,2024,5,May,Monday,11958.71,10762.839
2024-05-06,ORD024984,CUST03911,P020,Microwave,Home,Kolkata,Online,UPI,1,11468.38,0.1,11468.38,10321.54,0,1403.65,2024,5,May,Monday,11468.38,10321.542
2024-05-06,ORD030549,CUST03569,P010,Coffee Maker,Home,Mumbai,Online,Credit Card,3,5654.68,0.0,16964.04,16964.04,0,4012.83,2024,5,May,Monday,16964.04,16964.04
2024-05-06,ORD008088,CUST00300,P001,Laptop,Electronics,Bengaluru,Online,Credit Card,1,66257.04,0.05,66257.04,62944.19,0,17715.31,2024,5,May,Monday,66257.04,62944.18799999999
2024-05-06,ORD017445,CUST03121,P016,Sofa,Furniture,Kolkata,Store,Credit Card,5,34574.3,0.0,172871.5,172871.5,0,43260.47,2024,5,May,Monday,172871.5,172871.5
2024-05-06,ORD027851,CUST02782,P009,T-Shirt,Fashion,Surat,Online,Debit Card,1,1315.41,0.15,1315.41,1118.1,0,210.24,2024,5,May,Monday,1315.41,1118.0985
2024-05-06,ORD013450,CUST04622,P020,Microwave,Home,Mumbai,Online,UPI,2,10156.28,0.1,20312.56,18281.3,0,2407.22,2024,5,May,Monday,20312.56,18281.304
2024-05-06,ORD043346,CUST01420,P017,Jeans,Fashion,Delhi,Online,UPI,1,2983.03,0.0,2983.03,2983.03,0,330.64,2024,5,May,Monday,2983.03,2983.03
2024-05-06,ORD021713,CUST01330,P017,Jeans,Fashion,Ahmedabad,Online,UPI,1,2907.08,0.2,2907.08,2325.66,0,494.09,2024,5,May,Monday,2907.08,2325.664
2024-05-06,ORD030403,CUST00294,P018,Jacket,Fashion,Hyderabad,Online,Debit Card,2,4706.12,0.2,9412.24,7529.79,0,1043.84,2024,5,May,Monday,9412.24,7529.792
2024-05-06,ORD018438,CUST03079,P019,Vacuum Cleaner,Home,Chennai,Online,UPI,2,8730.34,0.05,17460.68,16587.65,0,2977.17,2024,5,May,Monday,17460.68,16587.646
2024-05-06,ORD007982,CUST02956,P011,Mixer Grinder,Home,Mumbai,Store,UPI,2,4820.52,0.05,9641.04,9158.99,0,2488.77,2024,5,May,Monday,9641.04,9158.988000000001
2024-05-06,ORD021779,CUST03123,P010,Coffee Maker,Home,Kolkata,Store,Debit Card,5,5829.93,0.0,29149.65,29149.65,0,7450.86,2024,5,May,Monday,29149.65,29149.65
2024-05-06,ORD047559,CUST00851,P012,Air Fryer,Home,Mumbai,Store,Credit Card,1,7133.09,0.2,7133.09,5706.47,0,920.29,2024,5,May,Monday,7133.09,5706.472000000001
2024-05-06,ORD003406,CUST00924,P009,T-Shirt,Fashion,Bengaluru,Online,Credit Card,3,1277.91,0.05,3833.73,3642.04,0,1053.42,2024,5,May,Monday,3833.7300000000005,3642.0434999999998
2024-05-06,ORD046777,CUST01347,P019,Vacuum Cleaner,Home,Surat,Online,UPI,1,8390.17,0.1,8390.17,7551.15,0,975.63,2024,5,May,Monday,8390.17,7551.153
2024-05-06,ORD024875,CUST00911,P006,Desk,Furniture,Bengaluru,Online,UPI,1,11379.74,0.0,11379.74,11379.74,0,3075.32,2024,5,May,Monday,11379.74,11379.74
2024-05-06,ORD017113,CUST03031,P007,Backpack,Accessories,Mumbai,Online,UPI,3,2005.85,0.15,6017.55,5114.92,0,1225.98,2024,5,May,Monday,6017.549999999999,5114.9175000000005
2024-05-06,ORD043435,CUST02222,P016,Sofa,Furniture,Kolkata,Online,Credit Card,2,35332.81,0.2,70665.62,56532.5,1,-2826.62,2024,5,May,Monday,70665.62,56532.496
2024-05-06,ORD006387,CUST04993,P009,T-Shirt,Fashion,Hyderabad,Online,Debit Card,1,1271.39,0.15,1271.39,1080.68,0,234.41,2024,5,May,Monday,1271.39,1080.6815000000001
2024-05-06,ORD025812,CUST04925,P009,T-Shirt,Fashion,Kolkata,Store,Credit Card,5,1258.55,0.0,6292.75,6292.75,0,1242.99,2024,5,May,Monday,6292.75,6292.75
2024-05-06,ORD007077,CUST04119,P017,Jeans,Fashion,Jaipur,Store,Cash,1,2982.83,0.0,2982.83,2982.83,0,891.77,2024,5,May,Monday,2982.83,2982.83
2024-05-06,ORD011556,CUST00121,P013,Monitor,Electronics,Delhi,Online,Debit Card,2,19766.58,0.1,39533.16,35579.84,0,2708.54,2024,5,May,Monday,39533.16,35579.844000000005
2024-05-06,ORD047212,CUST02585,P002,Smartphone,Electronics,Surat,Store,Credit Card,1,27240.81,0.05,27240.81,25878.77,0,6661.1,2024,5,May,Monday,27240.81,25878.7695
2024-05-06,ORD019939,CUST00818,P003,Headphones,Electronics,Delhi,Store,UPI,2,4088.75,0.15,8177.5,6950.88,0,1560.45,2024,5,May,Monday,8177.5,6950.875
2024-05-06,ORD032553,CUST01799,P015,Dining Table,Furniture,Ahmedabad,Store,Credit Card,2,23165.22,0.2,46330.44,37064.35,0,8487.99,2024,5,May,Monday,46330.44,37064.352000000006
2024-05-06,ORD011443,CUST01318,P015,Dining Table,Furniture,Jaipur,Online,Credit Card,2,21143.75,0.15,42287.5,35944.38,0,4213.34,2024,5,May,Monday,42287.5,35944.375
2024-05-06,ORD016279,CUST00920,P011,Mixer Grinder,Home,Mumbai,Online,Credit Card,2,4745.16,0.15,9490.32,8066.77,0,1630.74,2024,5,May,Monday,9490.32,8066.772
2024-05-06,ORD009197,CUST04758,P012,Air Fryer,Home,Jaipur,Online,Credit Card,1,7021.57,0.15,7021.57,5968.33,0,1032.13,2024,5,May,Monday,7021.57,5968.3345
2024-05-06,ORD008794,CUST04629,P016,Sofa,Furniture,Bengaluru,Online,Credit Card,1,36392.3,0.15,36392.3,30933.46,0,2762.35,2024,5,May,Monday,36392.3,30933.455
2024-05-06,ORD038753,CUST03594,P006,Desk,Furniture,Bengaluru,Store,UPI,1,11683.97,0.05,11683.97,11099.77,0,1123.48,2024,5,May,Monday,11683.97,11099.771499999999
2024-05-06,ORD010988,CUST01640,P011,Mixer Grinder,Home,Mumbai,Store,Credit Card,1,5163.97,0.15,5163.97,4389.37,0,336.88,2024,5,May,Monday,5163.97,4389.3745
2024-05-06,ORD033393,CUST00884,P006,Desk,Furniture,Surat,Store,Credit Card,1,12016.69,0.1,12016.69,10815.02,1,-540.75,2024,5,May,Monday,12016.69,10815.021
2024-05-06,ORD006239,CUST03404,P003,Headphones,Electronics,Surat,Online,Credit Card,4,4645.27,0.25,18581.08,13935.81,0,696.64,2024,5,May,Monday,18581.08,13935.810000000001
2024-05-06,ORD026416,CUST01323,P009,T-Shirt,Fashion,Hyderabad,Online,Credit Card,3,1291.77,0.05,3875.31,3681.54,0,711.83,2024,5,May,Monday,3875.31,3681.5445
2024-05-06,ORD048725,CUST04902,P014,Keyboard,Electronics,Bengaluru,Online,Debit Card,4,2618.53,0.25,10474.12,7855.59,0,582.87,2024,5,May,Monday,10474.12,7855.59
2024-05-06,ORD040030,CUST01899,P002,Smartphone,Electronics,Chennai,Store,Net Banking,1,29633.49,0.15,29633.49,25188.47,0,3151.33,2024,5,May,Monday,29633.49,25188.466500000002
2024-05-06,ORD020626,CUST04116,P019,Vacuum Cleaner,Home,Ahmedabad,Online,UPI,1,8360.16,0.15,8360.16,7106.14,0,1808.29,2024,5,May,Monday,8360.16,7106.1359999999995
2024-05-06,ORD033767,CUST01905,P015,Dining Table,Furniture,Mumbai,Online,Net Banking,1,21402.45,0.1,21402.45,19262.21,0,4332.24,2024,5,May,Monday,21402.45,19262.205
2024-05-06,ORD040878,CUST00470,P008,Running Shoes,Fashion,Kolkata,Store,Net Banking,2,3861.38,0.05,7722.76,7336.62,0,1540.72,2024,5,May,Monday,7722.76,7336.622
2024-05-06,ORD002498,CUST02872,P016,Sofa,Furniture,Surat,Online,UPI,2,34026.68,0.05,68053.36,64650.69,0,15774.78,2024,5,May,Monday,68053.36,64650.691999999995
2024-05-06,ORD026297,CUST04006,P017,Jeans,Fashion,Surat,Online,Credit Card,2,2525.96,0.1,5051.92,4546.73,0,1143.56,2024,5,May,Monday,5051.92,4546.728
2024-05-06,ORD041110,CUST03485,P014,Keyboard,Electronics,Surat,Online,Credit Card,1,2337.51,0.05,2337.51,2220.63,0,633.44,2024,5,May,Monday,2337.51,2220.6345
2024-05-06,ORD007755,CUST00390,P005,Office Chair,Furniture,Kolkata,Online,Debit Card,2,10401.85,0.0,20803.7,20803.7,0,3821.04,2024,5,May,Monday,20803.7,20803.7
2024-05-06,ORD000080,CUST03178,P001,Laptop,Electronics,Ahmedabad,Online,Credit Card,1,70617.54,0.2,70617.54,56494.03,0,10918.22,2024,5,May,Monday,70617.54,56494.032
2024-05-06,ORD019407,CUST04248,P003,Headphones,Electronics,Chennai,Store,Credit Card,2,4606.1,0.15,9212.2,7830.37,0,618.81,2024,5,May,Monday,9212.2,7830.370000000001
2024-05-06,ORD010900,CUST03723,P011,Mixer Grinder,Home,Ahmedabad,Store,UPI,3,4355.28,0.15,13065.84,11105.96,0,2116.82,2024,5,May,Monday,13065.84,11105.964
2024-05-06,ORD038529,CUST02895,P007,Backpack,Accessories,Delhi,Store,Debit Card,2,2140.98,0.0,4281.96,4281.96,0,948.66,2024,5,May,Monday,4281.96,4281.96
2024-05-06,ORD035278,CUST00549,P001,Laptop,Electronics,Mumbai,Online,Debit Card,1,64062.62,0.1,64062.62,57656.36,0,10691.17,2024,5,May,Monday,64062.62,57656.358
2024-05-06,ORD000308,CUST04463,P006,Desk,Furniture,Pune,Online,Debit Card,1,11840.6,0.0,11840.6,11840.6,0,2896.74,2024,5,May,Monday,11840.6,11840.6
2024-05-06,ORD012847,CUST04371,P004,Smartwatch,Electronics,Kolkata,Store,Credit Card,1,6902.27,0.1,6902.27,6212.04,0,820.05,2024,5,May,Monday,6902.27,6212.043000000001
2024-05-06,ORD019577,CUST03789,P013,Monitor,Electronics,Pune,Online,Credit Card,3,16992.72,0.1,50978.16,45880.34,0,11077.06,2024,5,May,Monday,50978.16,45880.344000000005
2024-05-06,ORD025691,CUST03501,P018,Jacket,Fashion,Delhi,Store,Debit Card,1,5100.61,0.05,5100.61,4845.58,0,802.28,2024,5,May,Monday,5100.61,4845.5795
2024-05-06,ORD004816,CUST04052,P004,Smartwatch,Electronics,Ahmedabad,Store,Net Banking,1,6740.2,0.05,6740.2,6403.19,0,1794.07,2024,5,May,Monday,6740.2,6403.19
2024-05-07,ORD012321,CUST00240,P011,Mixer Grinder,Home,Hyderabad,Online,Credit Card,2,4992.06,0.05,9984.12,9484.91,0,1740.78,2024,5,May,Tuesday,9984.12,9484.914
2024-05-07,ORD014458,CUST01615,P006,Desk,Furniture,Pune,Online,Debit Card,1,11037.76,0.15,11037.76,9382.1,0,2031.41,2024,5,May,Tuesday,11037.76,9382.096
2024-05-07,ORD029001,CUST01537,P019,Vacuum Cleaner,Home,Chennai,Store,UPI,4,8439.63,0.1,33758.52,30382.67,0,6713.22,2024,5,May,Tuesday,33758.52,30382.667999999998
2024-05-07,ORD014526,CUST02200,P007,Backpack,Accessories,Ahmedabad,Online,Net Banking,1,2372.76,0.15,2372.76,2016.85,0,215.91,2024,5,May,Tuesday,2372.76,2016.8460000000002
2024-05-07,ORD009495,CUST00448,P007,Backpack,Accessories,Hyderabad,Store,UPI,2,2250.96,0.2,4501.92,3601.54,0,262.87,2024,5,May,Tuesday,4501.92,3601.536
2024-05-07,ORD017640,CUST04624,P009,T-Shirt,Fashion,Mumbai,Online,UPI,1,1263.37,0.1,1263.37,1137.03,0,216.77,2024,5,May,Tuesday,1263.37,1137.033
2024-05-07,ORD026376,CUST00508,P007,Backpack,Accessories,Hyderabad,Store,UPI,1,2037.69,0.1,2037.69,1833.92,0,431.11,2024,5,May,Tuesday,2037.69,1833.921
2024-05-07,ORD020091,CUST00791,P013,Monitor,Electronics,Surat,Online,Cash,4,17238.76,0.1,68955.04,62059.54,0,16725.17,2024,5,May,Tuesday,68955.04,62059.53599999999
2024-05-07,ORD014401,CUST04449,P009,T-Shirt,Fashion,Mumbai,Store,Cash,1,1104.48,0.0,1104.48,1104.48,0,284.8,2024,5,May,Tuesday,1104.48,1104.48
2024-05-07,ORD015281,CUST00976,P014,Keyboard,Electronics,Ahmedabad,Online,UPI,1,2621.25,0.0,2621.25,2621.25,0,312.26,2024,5,May,Tuesday,2621.25,2621.25
2024-05-07,ORD016348,CUST01774,P001,Laptop,Electronics,Bengaluru,Online,UPI,2,63057.28,0.1,126114.56,113503.1,0,31226.57,2024,5,May,Tuesday,126114.56,113503.104
2024-05-07,ORD016419,CUST04502,P014,Keyboard,Electronics,Mumbai,Online,UPI,1,2577.91,0.0,2577.91,2577.91,0,345.89,2024,5,May,Tuesday,2577.91,2577.91
2024-05-07,ORD021743,CUST01891,P005,Office Chair,Furniture,Pune,Store,Debit Card,1,9937.97,0.1,9937.97,8944.17,0,1698.8,2024,5,May,Tuesday,9937.97,8944.172999999999
2024-05-07,ORD019745,CUST04399,P018,Jacket,Fashion,Pune,Online,Credit Card,2,4804.94,0.15,9609.88,8168.4,0,1625.38,2024,5,May,Tuesday,9609.88,8168.397999999999
2024-05-07,ORD021393,CUST02432,P015,Dining Table,Furniture,Chennai,Online,UPI,2,20848.38,0.1,41696.76,37527.08,0,6477.03,2024,5,May,Tuesday,41696.76,37527.084
2024-05-07,ORD000187,CUST03301,P003,Headphones,Electronics,Kolkata,Online,UPI,1,4670.0,0.1,4670.0,4203.0,0,840.53,2024,5,May,Tuesday,4670.0,4203.0
2024-05-07,ORD025388,CUST02967,P011,Mixer Grinder,Home,Jaipur,Online,Debit Card,1,4417.58,0.0,4417.58,4417.58,0,623.18,2024,5,May,Tuesday,4417.58,4417.58
2024-05-07,ORD016705,CUST04173,P017,Jeans,Fashion,Ahmedabad,Store,Credit Card,2,2995.2,0.05,5990.4,5690.88,0,580.44,2024,5,May,Tuesday,5990.4,5690.879999999999
2024-05-07,ORD010172,CUST04495,P013,Monitor,Electronics,Surat,Store,UPI,1,18264.61,0.05,18264.61,17351.38,0,4589.64,2024,5,May,Tuesday,18264.61,17351.3795
2024-05-07,ORD028908,CUST04324,P016,Sofa,Furniture,Delhi,Online,Cash,1,36214.11,0.05,36214.11,34403.4,0,3483.38,2024,5,May,Tuesday,36214.11,34403.4045
2024-05-07,ORD026206,CUST01389,P013,Monitor,Electronics,Hyderabad,Online,Credit Card,1,16485.83,0.2,16485.83,13188.66,0,3256.01,2024,5,May,Tuesday,16485.83,13188.664000000002
2024-05-07,ORD014573,CUST03669,P009,T-Shirt,Fashion,Surat,Online,Debit Card,2,1205.76,0.15,2411.52,2049.79,0,396.19,2024,5,May,Tuesday,2411.52,2049.792
2024-05-07,ORD030633,CUST03387,P015,Dining Table,Furniture,Delhi,Store,UPI,2,20783.6,0.1,41567.2,37410.48,0,9127.68,2024,5,May,Tuesday,41567.2,37410.479999999996
2024-05-07,ORD037685,CUST01204,P012,Air Fryer,Home,Mumbai,Online,UPI,1,7660.22,0.0,7660.22,7660.22,0,1140.61,2024,5,May,Tuesday,7660.22,7660.22
2024-05-07,ORD000914,CUST00723,P006,Desk,Furniture,Delhi,Store,UPI,1,11843.18,0.15,11843.18,10066.7,0,899.01,2024,5,May,Tuesday,11843.18,10066.703
2024-05-07,ORD031410,CUST03539,P016,Sofa,Furniture,Jaipur,Online,Net Banking,1,34164.45,0.1,34164.45,30748.0,0,8414.88,2024,5,May,Tuesday,34164.45,30748.004999999997
2024-05-07,ORD043702,CUST01445,P014,Keyboard,Electronics,Surat,Online,UPI,3,2529.25,0.05,7587.75,7208.36,0,1359.56,2024,5,May,Tuesday,7587.75,7208.362499999999
2024-05-07,ORD043850,CUST04882,P014,Keyboard,Electronics,Kolkata,Store,UPI,1,2715.85,0.15,2715.85,2308.47,0,309.76,2024,5,May,Tuesday,2715.85,2308.4725
2024-05-07,ORD006625,CUST02845,P010,Coffee Maker,Home,Ahmedabad,Online,Credit Card,1,5282.19,0.05,5282.19,5018.08,0,988.07,2024,5,May,Tuesday,5282.19,5018.080499999999
2024-05-07,ORD038707,CUST01581,P020,Microwave,Home,Surat,Online,Net Banking,1,11408.42,0.25,11408.42,8556.32,0,1958.07,2024,5,May,Tuesday,11408.42,8556.315
2024-05-07,ORD007443,CUST04038,P012,Air Fryer,Home,Ahmedabad,Online,Debit Card,1,6941.14,0.1,6941.14,6247.03,0,1694.31,2024,5,May,Tuesday,6941.14,6247.026000000001
2024-05-07,ORD040803,CUST00925,P010,Coffee Maker,Home,Kolkata,Store,Credit Card,1,5942.48,0.05,5942.48,5645.36,0,859.85,2024,5,May,Tuesday,5942.48,5645.356
2024-05-07,ORD034598,CUST03274,P016,Sofa,Furniture,Mumbai,Store,Credit Card,1,33235.85,0.05,33235.85,31574.06,0,5970.32,2024,5,May,Tuesday,33235.85,31574.057499999995
2024-05-07,ORD040747,CUST02889,P002,Smartphone,Electronics,Jaipur,Store,Credit Card,1,26497.02,0.25,26497.02,19872.76,0,3511.14,2024,5,May,Tuesday,26497.02,19872.765
2024-05-07,ORD041741,CUST03499,P017,Jeans,Fashion,Chennai,Store,Net Banking,4,2654.41,0.1,10617.64,9555.88,0,1996.19,2024,5,May,Tuesday,10617.64,9555.876
2024-05-07,ORD041222,CUST02568,P004,Smartwatch,Electronics,Pune,Store,Credit Card,1,6741.99,0.05,6741.99,6404.89,0,469.78,2024,5,May,Tuesday,6741.99,6404.8904999999995
2024-05-07,ORD046982,CUST04123,P020,Microwave,Home,Ahmedabad,Store,UPI,3,12089.49,0.1,36268.47,32641.62,0,7875.93,2024,5,May,Tuesday,36268.47,32641.623000000003
2024-05-07,ORD000825,CUST00838,P012,Air Fryer,Home,Mumbai,Online,Credit Card,1,7681.16,0.25,7681.16,5760.87,0,1139.3,2024,5,May,Tuesday,7681.16,5760.87
2024-05-07,ORD007534,CUST00149,P005,Office Chair,Furniture,Kolkata,Store,UPI,1,9929.01,0.1,9929.01,8936.11,0,1007.97,2024,5,May,Tuesday,9929.01,8936.109
2024-05-07,ORD039929,CUST03681,P015,Dining Table,Furniture,Chennai,Store,Credit Card,1,21643.98,0.25,21643.98,16232.98,0,2274.85,2024,5,May,Tuesday,21643.98,16232.985
2024-05-07,ORD035475,CUST03293,P007,Backpack,Accessories,Delhi,Online,Credit Card,1,2334.75,0.15,2334.75,1984.54,0,241.6,2024,5,May,Tuesday,2334.75,1984.5375
2024-05-07,ORD046865,CUST01186,P012,Air Fryer,Home,Kolkata,Online,UPI,1,7674.77,0.05,7674.77,7291.03,0,719.62,2024,5,May,Tuesday,7674.77,7291.0315
2024-05-07,ORD038589,CUST00724,P018,Jacket,Fashion,Surat,Online,UPI,4,5688.57,0.0,22754.28,22754.28,1,-1137.71,2024,5,May,Tuesday,22754.28,22754.28
2024-05-07,ORD047521,CUST03025,P006,Desk,Furniture,Delhi,Online,UPI,2,11133.14,0.05,22266.28,21152.97,1,-1057.65,2024,5,May,Tuesday,22266.28,21152.965999999997
2024-05-07,ORD004522,CUST03572,P016,Sofa,Furniture,Pune,Online,UPI,1,32507.38,0.0,32507.38,32507.38,0,6448.47,2024,5,May,Tuesday,32507.38,32507.38
2024-05-07,ORD001886,CUST04829,P009,T-Shirt,Fashion,Bengaluru,Store,UPI,4,1315.99,0.1,5263.96,4737.56,0,534.72,2024,5,May,Tuesday,5263.96,4737.564
2024-05-07,ORD043944,CUST04959,P011,Mixer Grinder,Home,Hyderabad,Online,Credit Card,4,5167.92,0.2,20671.68,16537.34,0,4275.6,2024,5,May,Tuesday,20671.68,16537.344
2024-05-07,ORD044913,CUST00203,P002,Smartphone,Electronics,Bengaluru,Online,UPI,4,29737.74,0.15,118950.96,101108.32,0,5288.2,2024,5,May,Tuesday,118950.96,101108.316
2024-05-07,ORD046550,CUST01626,P020,Microwave,Home,Ahmedabad,Online,Credit Card,1,10454.7,0.05,10454.7,9931.96,0,2327.57,2024,5,May,Tuesday,10454.7,9931.965
2024-05-07,ORD005871,CUST00399,P013,Monitor,Electronics,Bengaluru,Online,UPI,1,16540.51,0.0,16540.51,16540.51,0,2432.11,2024,5,May,Tuesday,16540.51,16540.51
2024-05-07,ORD006905,CUST00440,P007,Backpack,Accessories,Jaipur,Online,UPI,1,2339.8,0.05,2339.8,2222.81,0,589.91,2024,5,May,Tuesday,2339.8,2222.81
2024-05-07,ORD042203,CUST03209,P008,Running Shoes,Fashion,Hyderabad,Online,Cash,1,3951.74,0.1,3951.74,3556.57,0,388.98,2024,5,May,Tuesday,3951.74,3556.566
2024-05-07,ORD039373,CUST01173,P004,Smartwatch,Electronics,Pune,Online,UPI,1,7428.87,0.15,7428.87,6314.54,0,1419.32,2024,5,May,Tuesday,7428.87,6314.5395
2024-05-07,ORD030431,CUST04636,P014,Keyboard,Electronics,Chennai,Online,Cash,1,2265.7,0.15,2265.7,1925.84,0,103.48,2024,5,May,Tuesday,2265.7,1925.8449999999998
2024-05-07,ORD029426,CUST04380,P009,T-Shirt,Fashion,Bengaluru,Store,Credit Card,2,1102.57,0.1,2205.14,1984.63,1,-99.23,2024,5,May,Tuesday,2205.14,1984.626
2024-05-07,ORD046207,CUST04559,P007,Backpack,Accessories,Ahmedabad,Store,UPI,1,2173.09,0.15,2173.09,1847.13,0,171.04,2024,5,May,Tuesday,2173.09,1847.1265
2024-05-07,ORD041038,CUST02711,P007,Backpack,Accessories,Jaipur,Online,Debit Card,1,2180.58,0.0,2180.58,2180.58,0,444.99,2024,5,May,Tuesday,2180.58,2180.58
2024-05-07,ORD029886,CUST03147,P005,Office Chair,Furniture,Bengaluru,Online,Net Banking,1,8680.3,0.15,8680.3,7378.25,0,1475.28,2024,5,May,Tuesday,8680.3,7378.254999999999
2024-05-07,ORD038017,CUST00509,P003,Headphones,Electronics,Jaipur,Online,UPI,2,4808.63,0.1,9617.26,8655.53,0,2181.41,2024,5,May,Tuesday,9617.26,8655.534
2024-05-07,ORD002345,CUST04182,P019,Vacuum Cleaner,Home,Surat,Store,UPI,1,9196.84,0.05,9196.84,8737.0,0,1904.99,2024,5,May,Tuesday,9196.84,8736.998
2024-05-08,ORD043632,CUST04764,P018,Jacket,Fashion,Delhi,Online,Net Banking,1,5246.5,0.05,5246.5,4984.18,0,793.61,2024,5,May,Wednesday,5246.5,4984.175
2024-05-08,ORD028825,CUST02975,P008,Running Shoes,Fashion,Ahmedabad,Store,UPI,3,3824.07,0.05,11472.21,10898.6,0,2317.27,2024,5,May,Wednesday,11472.210000000001,10898.599499999998
2024-05-08,ORD011610,CUST01068,P008,Running Shoes,Fashion,Pune,Online,Debit Card,4,4098.45,0.1,16393.8,14754.42,0,1033.41,2024,5,May,Wednesday,16393.8,14754.42
2024-05-08,ORD038854,CUST02483,P011,Mixer Grinder,Home,Chennai,Store,Net Banking,5,5028.85,0.2,25144.25,20115.4,1,-1005.77,2024,5,May,Wednesday,25144.25,20115.4
2024-05-08,ORD010613,CUST04113,P002,Smartphone,Electronics,Chennai,Online,Credit Card,1,28874.62,0.0,28874.62,28874.62,0,5835.92,2024,5,May,Wednesday,28874.62,28874.62
2024-05-08,ORD035186,CUST01693,P012,Air Fryer,Home,Ahmedabad,Store,Net Banking,5,6624.77,0.1,33123.85,29811.47,0,7695.72,2024,5,May,Wednesday,33123.850000000006,29811.465
2024-05-08,ORD003072,CUST01404,P002,Smartphone,Electronics,Bengaluru,Online,UPI,5,25799.61,0.05,128998.05,122548.15,0,9382.73,2024,5,May,Wednesday,128998.05,122548.14749999999
2024-05-08,ORD031666,CUST00741,P015,Dining Table,Furniture,Surat,Store,UPI,3,21135.24,0.05,63405.72,60235.43,0,7566.41,2024,5,May,Wednesday,63405.72,60235.434
2024-05-08,ORD001220,CUST03905,P002,Smartphone,Electronics,Pune,Store,UPI,1,27941.54,0.1,27941.54,25147.39,0,2646.47,2024,5,May,Wednesday,27941.54,25147.386000000002
2024-05-08,ORD041300,CUST04007,P001,Laptop,Electronics,Mumbai,Online,Credit Card,2,61199.67,0.1,122399.34,110159.41,0,10153.06,2024,5,May,Wednesday,122399.34,110159.406
2024-05-08,ORD003048,CUST03604,P009,T-Shirt,Fashion,Pune,Online,Cash,1,1142.26,0.0,1142.26,1142.26,0,117.38,2024,5,May,Wednesday,1142.26,1142.26
2024-05-08,ORD003802,CUST01533,P002,Smartphone,Electronics,Kolkata,Online,UPI,1,29469.43,0.15,29469.43,25049.02,0,6274.15,2024,5,May,Wednesday,29469.43,25049.0155
2024-05-08,ORD044317,CUST02522,P004,Smartwatch,Electronics,Delhi,Store,UPI,1,7192.54,0.15,7192.54,6113.66,0,910.43,2024,5,May,Wednesday,7192.54,6113.659
2024-05-08,ORD019428,CUST02552,P012,Air Fryer,Home,Mumbai,Store,Credit Card,5,6908.41,0.1,34542.05,31087.85,0,7935.92,2024,5,May,Wednesday,34542.05,31087.845000000005
2024-05-08,ORD005075,CUST02137,P019,Vacuum Cleaner,Home,Bengaluru,Store,Credit Card,1,8819.14,0.1,8819.14,7937.23,0,515.15,2024,5,May,Wednesday,8819.14,7937.226
2024-05-08,ORD007070,CUST01203,P016,Sofa,Furniture,Delhi,Store,Credit Card,1,32044.62,0.0,32044.62,32044.62,0,4536.59,2024,5,May,Wednesday,32044.62,32044.62
2024-05-08,ORD042069,CUST00658,P005,Office Chair,Furniture,Mumbai,Store,UPI,1,10130.43,0.05,10130.43,9623.91,0,1015.53,2024,5,May,Wednesday,10130.43,9623.9085
2024-05-08,ORD002886,CUST03796,P006,Desk,Furniture,Kolkata,Store,Debit Card,5,12063.72,0.15,60318.6,51270.81,0,2606.12,2024,5,May,Wednesday,60318.6,51270.81
2024-05-08,ORD041096,CUST00658,P004,Smartwatch,Electronics,Pune,Store,Credit Card,2,6592.07,0.1,13184.14,11865.73,1,-593.29,2024,5,May,Wednesday,13184.14,11865.726
2024-05-08,ORD030508,CUST00637,P013,Monitor,Electronics,Ahmedabad,Store,Cash,1,18198.96,0.2,18198.96,14559.17,0,2545.71,2024,5,May,Wednesday,18198.96,14559.168
2024-05-08,ORD011889,CUST00762,P020,Microwave,Home,Delhi,Online,UPI,1,11078.06,0.05,11078.06,10524.16,0,2078.61,2024,5,May,Wednesday,11078.06,10524.157
2024-05-08,ORD032215,CUST01424,P014,Keyboard,Electronics,Mumbai,Online,Credit Card,4,2373.03,0.0,9492.12,9492.12,0,1174.34,2024,5,May,Wednesday,9492.12,9492.12
2024-05-08,ORD024734,CUST01746,P015,Dining Table,Furniture,Mumbai,Online,Debit Card,1,24058.18,0.1,24058.18,21652.36,0,3932.94,2024,5,May,Wednesday,24058.18,21652.362
2024-05-08,ORD024441,CUST01373,P003,Headphones,Electronics,Pune,Store,UPI,2,4445.97,0.0,8891.94,8891.94,0,1540.29,2024,5,May,Wednesday,8891.94,8891.94
2024-05-08,ORD017421,CUST03330,P002,Smartphone,Electronics,Mumbai,Online,UPI,1,29110.42,0.15,29110.42,24743.86,0,6031.42,2024,5,May,Wednesday,29110.42,24743.856999999996
2024-05-08,ORD046436,CUST02624,P020,Microwave,Home,Mumbai,Online,Debit Card,2,12053.0,0.2,24106.0,19284.8,0,4459.14,2024,5,May,Wednesday,24106.0,19284.8
2024-05-08,ORD031817,CUST03861,P008,Running Shoes,Fashion,Ahmedabad,Store,UPI,2,4516.3,0.05,9032.6,8580.97,0,1122.6,2024,5,May,Wednesday,9032.6,8580.97
2024-05-08,ORD002300,CUST00699,P009,T-Shirt,Fashion,Chennai,Store,Credit Card,2,1114.9,0.05,2229.8,2118.31,0,208.67,2024,5,May,Wednesday,2229.8,2118.31
2024-05-08,ORD042860,CUST03854,P007,Backpack,Accessories,Pune,Store,Credit Card,1,2255.07,0.15,2255.07,1916.81,1,-95.84,2024,5,May,Wednesday,2255.07,1916.8095
2024-05-08,ORD005251,CUST04257,P003,Headphones,Electronics,Ahmedabad,Online,Credit Card,1,4728.35,0.15,4728.35,4019.1,0,969.57,2024,5,May,Wednesday,4728.35,4019.0975000000003
2024-05-08,ORD047317,CUST01855,P018,Jacket,Fashion,Chennai,Online,Cash,3,5695.29,0.05,17085.87,16231.58,0,4683.85,2024,5,May,Wednesday,17085.87,16231.576499999997
2024-05-08,ORD041400,CUST01403,P003,Headphones,Electronics,Mumbai,Online,Net Banking,2,4338.8,0.1,8677.6,7809.84,0,537.89,2024,5,May,Wednesday,8677.6,7809.84
2024-05-08,ORD019446,CUST00089,P012,Air Fryer,Home,Ahmedabad,Store,UPI,1,6597.37,0.15,6597.37,5607.76,0,1487.38,2024,5,May,Wednesday,6597.37,5607.764499999999
2024-05-08,ORD015647,CUST03307,P007,Backpack,Accessories,Pune,Online,Credit Card,1,2119.9,0.1,2119.9,1907.91,0,191.3,2024,5,May,Wednesday,2119.9,1907.91
2024-05-08,ORD047616,CUST03878,P001,Laptop,Electronics,Jaipur,Online,UPI,1,69451.46,0.2,69451.46,55561.17,0,3724.39,2024,5,May,Wednesday,69451.46,55561.168000000005
2024-05-08,ORD036685,CUST04674,P013,Monitor,Electronics,Pune,Online,Credit Card,2,16744.93,0.1,33489.86,30140.87,0,4852.81,2024,5,May,Wednesday,33489.86,30140.874
2024-05-08,ORD034236,CUST04934,P018,Jacket,Fashion,Bengaluru,Store,Credit Card,1,5162.86,0.0,5162.86,5162.86,0,739.06,2024,5,May,Wednesday,5162.86,5162.86
2024-05-08,ORD005621,CUST03483,P011,Mixer Grinder,Home,Jaipur,Online,Cash,1,5113.42,0.1,5113.42,4602.08,0,1051.79,2024,5,May,Wednesday,5113.42,4602.078
2024-05-08,ORD010450,CUST03151,P017,Jeans,Fashion,Surat,Online,UPI,1,2899.67,0.1,2899.67,2609.7,0,526.74,2024,5,May,Wednesday,2899.67,2609.703
2024-05-08,ORD036158,CUST03120,P007,Backpack,Accessories,Delhi,Store,UPI,1,2351.38,0.15,2351.38,1998.67,0,144.16,2024,5,May,Wednesday,2351.38,1998.673
2024-05-08,ORD016521,CUST04199,P014,Keyboard,Electronics,Kolkata,Online,UPI,1,2492.06,0.05,2492.06,2367.46,1,-118.37,2024,5,May,Wednesday,2492.06,2367.457
2024-05-08,ORD002181,CUST03013,P002,Smartphone,Electronics,Chennai,Store,UPI,1,29749.41,0.25,29749.41,22312.06,0,892.48,2024,5,May,Wednesday,29749.41,22312.0575
2024-05-08,ORD030158,CUST04833,P004,Smartwatch,Electronics,Hyderabad,Online,Debit Card,1,6815.32,0.15,6815.32,5793.02,0,423.99,2024,5,May,Wednesday,6815.32,5793.022
2024-05-08,ORD042423,CUST00819,P007,Backpack,Accessories,Kolkata,Online,UPI,1,2046.55,0.1,2046.55,1841.9,0,208.09,2024,5,May,Wednesday,2046.55,1841.895
2024-05-08,ORD022815,CUST01782,P018,Jacket,Fashion,Hyderabad,Online,Net Banking,1,5704.86,0.1,5704.86,5134.37,0,1338.67,2024,5,May,Wednesday,5704.86,5134.374
2024-05-08,ORD037040,CUST04624,P018,Jacket,Fashion,Mumbai,Store,UPI,1,5392.16,0.05,5392.16,5122.55,0,840.9,2024,5,May,Wednesday,5392.16,5122.552
2024-05-08,ORD046090,CUST01146,P002,Smartphone,Electronics,Delhi,Online,Cash,3,30171.05,0.05,90513.15,85987.49,0,12853.79,2024,5,May,Wednesday,90513.15,85987.4925
2024-05-08,ORD008476,CUST01556,P003,Headphones,Electronics,Bengaluru,Online,UPI,2,4937.54,0.0,9875.08,9875.08,0,1049.99,2024,5,May,Wednesday,9875.08,9875.08
2024-05-08,ORD018360,CUST01152,P008,Running Shoes,Fashion,Jaipur,Online,Debit Card,2,4582.28,0.15,9164.56,7789.88,0,1518.62,2024,5,May,Wednesday,9164.56,7789.875999999999
2024-05-08,ORD018831,CUST04610,P002,Smartphone,Electronics,Ahmedabad,Store,Net Banking,1,26915.92,0.1,26915.92,24224.33,1,-1211.22,2024,5,May,Wednesday,26915.92,24224.327999999998
2024-05-08,ORD001813,CUST03295,P018,Jacket,Fashion,Pune,Store,Credit Card,4,5404.02,0.1,21616.08,19454.47,0,1339.91,2024,5,May,Wednesday,21616.08,19454.472
2024-05-08,ORD011271,CUST00664,P002,Smartphone,Electronics,Pune,Online,UPI,1,25802.07,0.1,25802.07,23221.86,0,2818.85,2024,5,May,Wednesday,25802.07,23221.863
2024-05-08,ORD041483,CUST00726,P012,Air Fryer,Home,Bengaluru,Online,Credit Card,3,7741.7,0.1,23225.1,20902.59,0,2483.37,2024,5,May,Wednesday,23225.1,20902.59
2024-05-08,ORD046320,CUST01993,P005,Office Chair,Furniture,Surat,Online,UPI,3,9004.03,0.0,27012.09,27012.09,0,3660.48,2024,5,May,Wednesday,27012.090000000004,27012.09
2024-05-08,ORD027618,CUST03602,P014,Keyboard,Electronics,Surat,Online,Debit Card,1,2687.49,0.0,2687.49,2687.49,0,764.45,2024,5,May,Wednesday,2687.49,2687.49
2024-05-08,ORD034333,CUST04107,P014,Keyboard,Electronics,Surat,Online,UPI,1,2300.65,0.25,2300.65,1725.49,0,167.94,2024,5,May,Wednesday,2300.65,1725.4875000000002
2024-05-08,ORD015125,CUST03795,P004,Smartwatch,Electronics,Chennai,Online,UPI,1,6600.55,0.1,6600.55,5940.5,0,499.11,2024,5,May,Wednesday,6600.55,5940.495
2024-05-08,ORD018778,CUST04236,P002,Smartphone,Electronics,Hyderabad,Online,UPI,1,27912.63,0.2,27912.63,22330.1,0,1768.45,2024,5,May,Wednesday,27912.63,22330.104000000003
2024-05-08,ORD046780,CUST04828,P016,Sofa,Furniture,Bengaluru,Online,Debit Card,1,32954.55,0.1,32954.55,29659.1,0,3708.51,2024,5,May,Wednesday,32954.55,29659.095000000005
2024-05-08,ORD000642,CUST04145,P020,Microwave,Home,Pune,Online,Cash,1,11472.33,0.1,11472.33,10325.1,0,1298.52,2024,5,May,Wednesday,11472.33,10325.097
2024-05-08,ORD031258,CUST01841,P013,Monitor,Electronics,Ahmedabad,Online,Net Banking,2,17774.67,0.25,35549.34,26662.0,0,3423.62,2024,5,May,Wednesday,35549.34,26662.004999999997
2024-05-08,ORD021026,CUST00027,P012,Air Fryer,Home,Pune,Online,UPI,1,6690.58,0.2,6690.58,5352.46,0,929.18,2024,5,May,Wednesday,6690.58,5352.464
2024-05-08,ORD030084,CUST02029,P013,Monitor,Electronics,Kolkata,Online,Cash,2,19750.7,0.1,39501.4,35551.26,0,7988.22,2024,5,May,Wednesday,39501.4,35551.26
2024-05-09,ORD019310,CUST03925,P013,Monitor,Electronics,Delhi,Online,Net Banking,1,18182.5,0.0,18182.5,18182.5,0,5437.88,2024,5,May,Thursday,18182.5,18182.5
2024-05-09,ORD007550,CUST02018,P014,Keyboard,Electronics,Surat,Online,Credit Card,1,2503.34,0.1,2503.34,2253.01,0,462.15,2024,5,May,Thursday,2503.34,2253.0060000000003
2024-05-09,ORD002269,CUST04175,P003,Headphones,Electronics,Mumbai,Online,Debit Card,5,4309.24,0.1,21546.2,19391.58,0,1843.14,2024,5,May,Thursday,21546.199999999997,19391.58
2024-05-09,ORD047657,CUST03168,P003,Headphones,Electronics,Kolkata,Online,UPI,1,4368.9,0.2,4368.9,3495.12,0,247.48,2024,5,May,Thursday,4368.9,3495.12
2024-05-09,ORD019383,CUST04072,P020,Microwave,Home,Hyderabad,Online,UPI,1,11876.64,0.1,11876.64,10688.98,1,-534.45,2024,5,May,Thursday,11876.64,10688.976
2024-05-09,ORD013387,CUST01398,P007,Backpack,Accessories,Mumbai,Store,Debit Card,2,2059.11,0.15,4118.22,3500.49,0,904.44,2024,5,May,Thursday,4118.22,3500.487
2024-05-09,ORD046893,CUST00264,P002,Smartphone,Electronics,Kolkata,Online,UPI,1,29762.17,0.15,29762.17,25297.84,0,6202.67,2024,5,May,Thursday,29762.17,25297.8445
2024-05-09,ORD032703,CUST00239,P001,Laptop,Electronics,Mumbai,Store,Debit Card,1,63113.47,0.2,63113.47,50490.78,0,10692.14,2024,5,May,Thursday,63113.47,50490.776000000005
2024-05-09,ORD023605,CUST01199,P009,T-Shirt,Fashion,Ahmedabad,Store,UPI,1,1270.87,0.05,1270.87,1207.33,0,227.09,2024,5,May,Thursday,1270.87,1207.3265
2024-05-09,ORD007340,CUST03133,P010,Coffee Maker,Home,Ahmedabad,Online,UPI,1,5344.41,0.15,5344.41,4542.75,0,473.61,2024,5,May,Thursday,5344.41,4542.7485
2024-05-09,ORD016415,CUST04345,P010,Coffee Maker,Home,Ahmedabad,Online,Credit Card,1,5725.1,0.05,5725.1,5438.84,0,1127.99,2024,5,May,Thursday,5725.1,5438.845
2024-05-09,ORD003319,CUST01504,P014,Keyboard,Electronics,Hyderabad,Online,Credit Card,2,2326.53,0.05,4653.06,4420.41,0,1048.29,2024,5,May,Thursday,4653.06,4420.407
2024-05-09,ORD028357,CUST04017,P018,Jacket,Fashion,Bengaluru,Store,Credit Card,2,5036.63,0.05,10073.26,9569.6,0,1330.23,2024,5,May,Thursday,10073.26,9569.597
2024-05-09,ORD024464,CUST00098,P011,Mixer Grinder,Home,Chennai,Online,UPI,1,5218.37,0.1,5218.37,4696.53,0,997.3,2024,5,May,Thursday,5218.37,4696.533
2024-05-09,ORD037885,CUST04439,P017,Jeans,Fashion,Jaipur,Online,Net Banking,4,2625.79,0.0,10503.16,10503.16,0,2602.03,2024,5,May,Thursday,10503.16,10503.16
2024-05-09,ORD023824,CUST04569,P016,Sofa,Furniture,Chennai,Online,Credit Card,1,33220.56,0.1,33220.56,29898.5,0,4379.66,2024,5,May,Thursday,33220.56,29898.503999999997
2024-05-09,ORD014974,CUST00815,P004,Smartwatch,Electronics,Ahmedabad,Store,UPI,1,7006.98,0.15,7006.98,5955.93,0,1384.29,2024,5,May,Thursday,7006.98,5955.932999999999
2024-05-09,ORD035224,CUST03645,P010,Coffee Maker,Home,Kolkata,Online,UPI,1,5458.5,0.2,5458.5,4366.8,0,1134.26,2024,5,May,Thursday,5458.5,4366.8
2024-05-09,ORD016652,CUST03878,P010,Coffee Maker,Home,Delhi,Online,Cash,1,5115.08,0.0,5115.08,5115.08,0,1438.54,2024,5,May,Thursday,5115.08,5115.08
2024-05-09,ORD033042,CUST03993,P005,Office Chair,Furniture,Ahmedabad,Online,Debit Card,2,10153.4,0.0,20306.8,20306.8,0,5305.24,2024,5,May,Thursday,20306.8,20306.8
2024-05-09,ORD006298,CUST03974,P006,Desk,Furniture,Mumbai,Online,UPI,1,12251.38,0.15,12251.38,10413.67,0,2492.96,2024,5,May,Thursday,12251.38,10413.672999999999
2024-05-09,ORD033074,CUST01749,P015,Dining Table,Furniture,Kolkata,Online,Debit Card,1,20238.2,0.1,20238.2,18214.38,0,1880.24,2024,5,May,Thursday,20238.2,18214.38
2024-05-09,ORD018115,CUST04277,P020,Microwave,Home,Surat,Online,Net Banking,2,11117.79,0.1,22235.58,20012.02,0,3727.15,2024,5,May,Thursday,22235.58,20012.022
2024-05-09,ORD011617,CUST03415,P014,Keyboard,Electronics,Delhi,Online,Debit Card,1,2458.46,0.0,2458.46,2458.46,0,260.34,2024,5,May,Thursday,2458.46,2458.46
2024-05-09,ORD032337,CUST04083,P017,Jeans,Fashion,Ahmedabad,Online,UPI,1,2929.19,0.1,2929.19,2636.27,0,220.15,2024,5,May,Thursday,2929.19,2636.271
2024-05-09,ORD042524,CUST02439,P003,Headphones,Electronics,Chennai,Store,Cash,2,4747.84,0.1,9495.68,8546.11,0,2057.81,2024,5,May,Thursday,9495.68,8546.112000000001
2024-05-09,ORD018125,CUST04862,P005,Office Chair,Furniture,Mumbai,Store,Net Banking,1,10073.28,0.1,10073.28,9065.95,0,635.89,2024,5,May,Thursday,10073.28,9065.952000000001
2024-05-09,ORD017892,CUST03918,P013,Monitor,Electronics,Jaipur,Store,UPI,2,17109.65,0.0,34219.3,34219.3,0,7602.78,2024,5,May,Thursday,34219.3,34219.3
2024-05-09,ORD019185,CUST01501,P007,Backpack,Accessories,Chennai,Online,UPI,2,2336.28,0.1,4672.56,4205.3,0,501.16,2024,5,May,Thursday,4672.56,4205.304
2024-05-09,ORD008642,CUST01170,P012,Air Fryer,Home,Bengaluru,Online,UPI,1,7113.89,0.1,7113.89,6402.5,0,796.9,2024,5,May,Thursday,7113.89,6402.501
2024-05-09,ORD029675,CUST01407,P017,Jeans,Fashion,Pune,Online,Net Banking,4,2833.03,0.1,11332.12,10198.91,0,2339.16,2024,5,May,Thursday,11332.12,10198.908000000001
2024-05-09,ORD016465,CUST03195,P019,Vacuum Cleaner,Home,Pune,Online,UPI,2,8347.6,0.0,16695.2,16695.2,0,2256.41,2024,5,May,Thursday,16695.2,16695.2
2024-05-09,ORD015877,CUST02115,P013,Monitor,Electronics,Chennai,Online,Debit Card,4,18368.04,0.15,73472.16,62451.34,0,3175.15,2024,5,May,Thursday,73472.16,62451.336
2024-05-09,ORD022381,CUST01479,P014,Keyboard,Electronics,Pune,Store,Net Banking,1,2261.51,0.05,2261.51,2148.43,0,337.54,2024,5,May,Thursday,2261.51,2148.4345000000003
2024-05-09,ORD034979,CUST02534,P004,Smartwatch,Electronics,Chennai,Online,UPI,1,6585.31,0.2,6585.31,5268.25,0,221.56,2024,5,May,Thursday,6585.31,5268.2480000000005
2024-05-09,ORD023876,CUST01373,P009,T-Shirt,Fashion,Hyderabad,Online,UPI,1,1140.6,0.0,1140.6,1140.6,0,305.33,2024,5,May,Thursday,1140.6,1140.6
2024-05-09,ORD041286,CUST01859,P018,Jacket,Fashion,Hyderabad,Online,Credit Card,2,5029.95,0.0,10059.9,10059.9,0,1029.84,2024,5,May,Thursday,10059.9,10059.9
2024-05-09,ORD028441,CUST04893,P015,Dining Table,Furniture,Ahmedabad,Online,Credit Card,5,23832.84,0.15,119164.2,101289.57,1,-5064.48,2024,5,May,Thursday,119164.2,101289.56999999999
2024-05-09,ORD024096,CUST01382,P018,Jacket,Fashion,Bengaluru,Online,Debit Card,3,5093.42,0.05,15280.26,14516.25,0,3627.38,2024,5,May,Thursday,15280.26,14516.247
2024-05-09,ORD041613,CUST04279,P011,Mixer Grinder,Home,Kolkata,Online,UPI,1,5267.89,0.0,5267.89,5267.89,0,569.4,2024,5,May,Thursday,5267.89,5267.89
2024-05-09,ORD049481,CUST03865,P010,Coffee Maker,Home,Chennai,Online,Credit Card,1,5550.91,0.25,5550.91,4163.18,0,788.98,2024,5,May,Thursday,5550.91,4163.1825
2024-05-09,ORD014596,CUST00393,P014,Keyboard,Electronics,Delhi,Online,UPI,1,2317.08,0.0,2317.08,2317.08,0,478.62,2024,5,May,Thursday,2317.08,2317.08
2024-05-09,ORD049877,CUST00319,P009,T-Shirt,Fashion,Surat,Store,UPI,5,1122.99,0.2,5614.95,4491.96,0,589.06,2024,5,May,Thursday,5614.95,4491.96
2024-05-09,ORD020855,CUST02502,P011,Mixer Grinder,Home,Chennai,Store,UPI,2,4571.61,0.05,9143.22,8686.06,0,1544.31,2024,5,May,Thursday,9143.22,8686.059
2024-05-09,ORD006724,CUST00323,P003,Headphones,Electronics,Surat,Store,Cash,5,4223.33,0.15,21116.65,17949.15,0,3047.73,2024,5,May,Thursday,21116.65,17949.1525
2024-05-09,ORD019547,CUST02377,P013,Monitor,Electronics,Pune,Online,Cash,1,17652.72,0.0,17652.72,17652.72,0,4381.99,2024,5,May,Thursday,17652.72,17652.72
2024-05-09,ORD021822,CUST04146,P012,Air Fryer,Home,Bengaluru,Online,UPI,1,7171.04,0.15,7171.04,6095.38,0,1186.7,2024,5,May,Thursday,7171.04,6095.384
2024-05-09,ORD034249,CUST04955,P015,Dining Table,Furniture,Bengaluru,Store,Net Banking,1,20505.26,0.05,20505.26,19480.0,0,2246.53,2024,5,May,Thursday,20505.26,19479.996999999996
2024-05-09,ORD030773,CUST00252,P017,Jeans,Fashion,Pune,Online,Debit Card,2,2551.83,0.05,5103.66,4848.48,0,560.74,2024,5,May,Thursday,5103.66,4848.477
2024-05-09,ORD009644,CUST02397,P016,Sofa,Furniture,Surat,Store,UPI,1,32302.6,0.2,32302.6,25842.08,0,5127.44,2024,5,May,Thursday,32302.6,25842.08
2024-05-09,ORD019812,CUST00470,P014,Keyboard,Electronics,Bengaluru,Online,UPI,1,2738.58,0.05,2738.58,2601.65,1,-130.08,2024,5,May,Thursday,2738.58,2601.651
2024-05-09,ORD029263,CUST02684,P006,Desk,Furniture,Hyderabad,Online,Credit Card,4,12397.62,0.0,49590.48,49590.48,0,6952.25,2024,5,May,Thursday,49590.48,49590.48
2024-05-09,ORD028957,CUST01866,P013,Monitor,Electronics,Kolkata,Online,Credit Card,1,17550.61,0.15,17550.61,14918.02,0,2633.84,2024,5,May,Thursday,17550.61,14918.0185
2024-05-09,ORD038440,CUST04307,P013,Monitor,Electronics,Hyderabad,Online,Credit Card,2,17902.27,0.05,35804.54,34014.31,0,3204.7,2024,5,May,Thursday,35804.54,34014.313
2024-05-09,ORD020361,CUST04581,P004,Smartwatch,Electronics,Pune,Online,UPI,1,7176.51,0.15,7176.51,6100.03,0,940.67,2024,5,May,Thursday,7176.51,6100.0335000000005
2024-05-09,ORD012272,CUST02185,P013,Monitor,Electronics,Ahmedabad,Online,UPI,1,18295.4,0.05,18295.4,17380.63,0,4908.19,2024,5,May,Thursday,18295.4,17380.63
2024-05-09,ORD000465,CUST00597,P005,Office Chair,Furniture,Chennai,Online,Credit Card,3,9346.04,0.1,28038.12,25234.31,0,2938.85,2024,5,May,Thursday,28038.120000000003,25234.308
2024-05-09,ORD034549,CUST00074,P015,Dining Table,Furniture,Pune,Store,Credit Card,1,23211.01,0.05,23211.01,22050.46,0,1796.39,2024,5,May,Thursday,23211.01,22050.459499999997
2024-05-09,ORD026981,CUST04178,P011,Mixer Grinder,Home,Jaipur,Online,UPI,3,4991.09,0.0,14973.27,14973.27,0,1628.83,2024,5,May,Thursday,14973.27,14973.27
2024-05-09,ORD000095,CUST03068,P007,Backpack,Accessories,Hyderabad,Store,UPI,1,2157.93,0.15,2157.93,1834.24,0,262.02,2024,5,May,Thursday,2157.93,1834.2404999999999
2024-05-09,ORD010508,CUST02071,P011,Mixer Grinder,Home,Mumbai,Store,UPI,3,4425.57,0.05,13276.71,12612.87,0,2442.27,2024,5,May,Thursday,13276.71,12612.874499999998
2024-05-09,ORD044988,CUST02871,P001,Laptop,Electronics,Delhi,Online,Credit Card,1,70790.85,0.0,70790.85,70790.85,0,13952.25,2024,5,May,Thursday,70790.85,70790.85
2024-05-09,ORD001846,CUST00753,P007,Backpack,Accessories,Hyderabad,Online,UPI,2,2323.15,0.1,4646.3,4181.67,0,782.93,2024,5,May,Thursday,4646.3,4181.67
2024-05-09,ORD012129,CUST01851,P020,Microwave,Home,Bengaluru,Online,Credit Card,2,11891.08,0.2,23782.16,19025.73,0,2276.71,2024,5,May,Thursday,23782.16,19025.728
2024-05-09,ORD012710,CUST04214,P005,Office Chair,Furniture,Bengaluru,Store,Credit Card,1,8589.12,0.1,8589.12,7730.21,0,1101.02,2024,5,May,Thursday,8589.12,7730.2080000000005
2024-05-09,ORD020782,CUST01568,P017,Jeans,Fashion,Hyderabad,Online,Credit Card,1,2936.8,0.0,2936.8,2936.8,0,769.74,2024,5,May,Thursday,2936.8,2936.8
2024-05-09,ORD006856,CUST00662,P014,Keyboard,Electronics,Hyderabad,Online,UPI,1,2498.96,0.0,2498.96,2498.96,0,509.33,2024,5,May,Thursday,2498.96,2498.96
2024-05-09,ORD000673,CUST03365,P013,Monitor,Electronics,Ahmedabad,Online,Net Banking,1,16387.46,0.15,16387.46,13929.34,0,3134.38,2024,5,May,Thursday,16387.46,13929.340999999999
2024-05-09,ORD046486,CUST00822,P015,Dining Table,Furniture,Pune,Online,Debit Card,1,20496.85,0.0,20496.85,20496.85,0,1884.49,2024,5,May,Thursday,20496.85,20496.85
2024-05-09,ORD006893,CUST02220,P009,T-Shirt,Fashion,Chennai,Online,UPI,5,1300.91,0.15,6504.55,5528.87,0,1234.74,2024,5,May,Thursday,6504.55,5528.8675
2024-05-09,ORD013699,CUST04883,P019,Vacuum Cleaner,Home,Hyderabad,Online,Debit Card,1,8605.61,0.15,8605.61,7314.77,0,1734.3,2024,5,May,Thursday,8605.61,7314.7685
2024-05-09,ORD007086,CUST00228,P020,Microwave,Home,Ahmedabad,Store,Net Banking,1,10129.48,0.15,10129.48,8610.06,0,2091.44,2024,5,May,Thursday,10129.48,8610.057999999999
2024-05-09,ORD012418,CUST03764,P019,Vacuum Cleaner,Home,Jaipur,Store,Credit Card,2,9287.67,0.1,18575.34,16717.81,0,4305.86,2024,5,May,Thursday,18575.34,16717.806
2024-05-09,ORD000587,CUST01317,P004,Smartwatch,Electronics,Kolkata,Online,Debit Card,2,7160.3,0.1,14320.6,12888.54,0,996.26,2024,5,May,Thursday,14320.6,12888.54
2024-05-09,ORD000674,CUST00350,P003,Headphones,Electronics,Bengaluru,Online,UPI,2,4518.29,0.1,9036.58,8132.92,1,-406.65,2024,5,May,Thursday,9036.58,8132.9220000000005
2024-05-09,ORD048059,CUST00538,P015,Dining Table,Furniture,Ahmedabad,Online,Credit Card,5,23144.83,0.05,115724.15,109937.94,0,29290.5,2024,5,May,Thursday,115724.15000000001,109937.94249999999
2024-05-09,ORD038111,CUST03221,P002,Smartphone,Electronics,Jaipur,Online,UPI,1,26806.52,0.1,26806.52,24125.87,0,2660.03,2024,5,May,Thursday,26806.52,24125.868000000002
2024-05-09,ORD039455,CUST01781,P008,Running Shoes,Fashion,Jaipur,Store,UPI,1,4172.86,0.05,4172.86,3964.22,0,768.06,2024,5,May,Thursday,4172.86,3964.2169999999996
2024-05-09,ORD049348,CUST03757,P004,Smartwatch,Electronics,Bengaluru,Online,Net Banking,2,7437.12,0.1,14874.24,13386.82,0,1095.61,2024,5,May,Thursday,14874.24,13386.816
2024-05-09,ORD043180,CUST00534,P003,Headphones,Electronics,Mumbai,Online,UPI,3,4112.13,0.15,12336.39,10485.93,0,2309.89,2024,5,May,Thursday,12336.39,10485.931499999999
2024-05-09,ORD029175,CUST03324,P009,T-Shirt,Fashion,Kolkata,Store,UPI,2,1083.18,0.1,2166.36,1949.72,0,159.74,2024,5,May,Thursday,2166.36,1949.7240000000002
2024-05-09,ORD010430,CUST04526,P018,Jacket,Fashion,Hyderabad,Online,Cash,1,5408.17,0.05,5408.17,5137.76,0,761.84,2024,5,May,Thursday,5408.17,5137.7615
2024-05-09,ORD029077,CUST01095,P018,Jacket,Fashion,Bengaluru,Online,UPI,5,5276.62,0.0,26383.1,26383.1,0,6006.66,2024,5,May,Thursday,26383.1,26383.1
2024-05-09,ORD049374,CUST00564,P013,Monitor,Electronics,Mumbai,Store,UPI,1,16757.04,0.2,16757.04,13405.63,0,775.32,2024,5,May,Thursday,16757.04,13405.632000000001
2024-05-09,ORD010274,CUST03477,P011,Mixer Grinder,Home,Kolkata,Online,Cash,1,5011.66,0.1,5011.66,4510.49,0,903.43,2024,5,May,Thursday,5011.66,4510.494
2024-05-09,ORD013709,CUST01654,P015,Dining Table,Furniture,Chennai,Online,Debit Card,2,19973.53,0.1,39947.06,35952.35,0,5239.16,2024,5,May,Thursday,39947.06,35952.354
2024-05-09,ORD045791,CUST04369,P016,Sofa,Furniture,Chennai,Store,UPI,1,35586.5,0.05,35586.5,33807.17,0,8789.54,2024,5,May,Thursday,35586.5,33807.174999999996
2024-05-10,ORD035342,CUST04357,P011,Mixer Grinder,Home,Hyderabad,Online,Debit Card,1,4699.79,0.1,4699.79,4229.81,0,748.77,2024,5,May,Friday,4699.79,4229.811
2024-05-10,ORD040045,CUST04832,P015,Dining Table,Furniture,Kolkata,Online,UPI,3,23745.17,0.1,71235.51,64111.96,0,8122.3,2024,5,May,Friday,71235.51,64111.958999999995
2024-05-10,ORD012226,CUST01325,P006,Desk,Furniture,Chennai,Store,Credit Card,1,12367.64,0.05,12367.64,11749.26,0,1808.57,2024,5,May,Friday,12367.64,11749.257999999998
2024-05-10,ORD028686,CUST03835,P007,Backpack,Accessories,Mumbai,Online,UPI,1,2011.37,0.05,2011.37,1910.8,0,231.57,2024,5,May,Friday,2011.37,1910.8014999999998
2024-05-10,ORD004177,CUST02349,P018,Jacket,Fashion,Pune,Online,UPI,2,5419.42,0.05,10838.84,10296.9,0,827.01,2024,5,May,Friday,10838.84,10296.898
2024-05-10,ORD030895,CUST04284,P020,Microwave,Home,Hyderabad,Store,UPI,2,10030.25,0.1,20060.5,18054.45,0,1983.65,2024,5,May,Friday,20060.5,18054.45
2024-05-10,ORD043672,CUST02121,P010,Coffee Maker,Home,Pune,Online,UPI,1,5023.41,0.05,5023.41,4772.24,0,547.63,2024,5,May,Friday,5023.41,4772.2395
2024-05-10,ORD038916,CUST03144,P014,Keyboard,Electronics,Ahmedabad,Online,Cash,2,2277.84,0.05,4555.68,4327.9,0,1216.24,2024,5,May,Friday,4555.68,4327.896
2024-05-10,ORD005441,CUST03097,P012,Air Fryer,Home,Ahmedabad,Online,UPI,2,6648.52,0.0,13297.04,13297.04,0,2280.61,2024,5,May,Friday,13297.04,13297.04
2024-05-10,ORD037161,CUST04306,P001,Laptop,Electronics,Surat,Online,Credit Card,1,61603.22,0.05,61603.22,58523.06,0,15242.19,2024,5,May,Friday,61603.22,58523.059
2024-05-10,ORD028878,CUST02601,P016,Sofa,Furniture,Mumbai,Online,Credit Card,3,37806.98,0.05,113420.94,107749.89,0,10920.4,2024,5,May,Friday,113420.94,107749.893
2024-05-10,ORD013070,CUST02108,P018,Jacket,Fashion,Surat,Online,Credit Card,3,5703.63,0.0,17110.89,17110.89,0,3647.48,2024,5,May,Friday,17110.89,17110.89
2024-05-10,ORD047482,CUST02413,P011,Mixer Grinder,Home,Ahmedabad,Store,Net Banking,1,4655.89,0.05,4655.89,4423.1,0,939.75,2024,5,May,Friday,4655.89,4423.0955
2024-05-10,ORD038978,CUST00548,P001,Laptop,Electronics,Mumbai,Store,Net Banking,1,62719.37,0.1,62719.37,56447.43,0,8732.12,2024,5,May,Friday,62719.37,56447.433000000005
2024-05-10,ORD004629,CUST02702,P005,Office Chair,Furniture,Delhi,Online,UPI,1,9289.49,0.05,9289.49,8825.02,0,1511.0,2024,5,May,Friday,9289.49,8825.0155
2024-05-10,ORD018966,CUST00638,P014,Keyboard,Electronics,Chennai,Online,UPI,1,2609.46,0.0,2609.46,2609.46,0,328.03,2024,5,May,Friday,2609.46,2609.46
2024-05-10,ORD018467,CUST04918,P009,T-Shirt,Fashion,Chennai,Online,UPI,4,1258.81,0.05,5035.24,4783.48,0,1159.73,2024,5,May,Friday,5035.24,4783.477999999999
2024-05-10,ORD042093,CUST03130,P002,Smartphone,Electronics,Ahmedabad,Online,Debit Card,1,26975.36,0.15,26975.36,22929.06,0,3484.21,2024,5,May,Friday,26975.36,22929.056
2024-05-10,ORD049047,CUST02273,P006,Desk,Furniture,Ahmedabad,Online,Cash,1,11387.38,0.05,11387.38,10818.01,0,1017.8,2024,5,May,Friday,11387.38,10818.010999999999
2024-05-10,ORD027408,CUST00190,P003,Headphones,Electronics,Jaipur,Online,Credit Card,1,4932.07,0.1,4932.07,4438.86,0,687.24,2024,5,May,Friday,4932.07,4438.863
2024-05-10,ORD003404,CUST00343,P013,Monitor,Electronics,Bengaluru,Online,UPI,2,17963.03,0.1,35926.06,32333.45,0,5518.35,2024,5,May,Friday,35926.06,32333.453999999998
2024-05-10,ORD010039,CUST00852,P004,Smartwatch,Electronics,Delhi,Online,UPI,1,7502.47,0.05,7502.47,7127.35,0,1852.27,2024,5,May,Friday,7502.47,7127.3465
2024-05-10,ORD004487,CUST02434,P012,Air Fryer,Home,Pune,Online,Credit Card,1,7169.03,0.0,7169.03,7169.03,0,939.31,2024,5,May,Friday,7169.03,7169.03
2024-05-10,ORD042470,CUST00200,P010,Coffee Maker,Home,Kolkata,Store,Credit Card,1,5268.35,0.1,5268.35,4741.52,0,1154.88,2024,5,May,Friday,5268.35,4741.515
2024-05-10,ORD044905,CUST04837,P007,Backpack,Accessories,Surat,Online,UPI,1,2041.84,0.05,2041.84,1939.75,0,445.92,2024,5,May,Friday,2041.84,1939.7479999999998
2024-05-10,ORD018707,CUST02077,P019,Vacuum Cleaner,Home,Pune,Store,Credit Card,1,8219.81,0.0,8219.81,8219.81,0,1849.13,2024,5,May,Friday,8219.81,8219.81
2024-05-10,ORD014271,CUST00404,P013,Monitor,Electronics,Pune,Store,Net Banking,2,18277.68,0.1,36555.36,32899.82,0,2998.7,2024,5,May,Friday,36555.36,32899.824
2024-05-10,ORD020949,CUST02472,P005,Office Chair,Furniture,Chennai,Store,Debit Card,5,8932.76,0.0,44663.8,44663.8,0,9851.67,2024,5,May,Friday,44663.8,44663.8
2024-05-10,ORD008566,CUST02072,P003,Headphones,Electronics,Hyderabad,Online,UPI,1,4137.37,0.05,4137.37,3930.5,0,635.79,2024,5,May,Friday,4137.37,3930.5015
2024-05-10,ORD044533,CUST01854,P013,Monitor,Electronics,Ahmedabad,Online,Net Banking,1,18048.5,0.1,18048.5,16243.65,0,1315.57,2024,5,May,Friday,18048.5,16243.65
2024-05-10,ORD006954,CUST01034,P016,Sofa,Furniture,Bengaluru,Online,Debit Card,1,33436.46,0.1,33436.46,30092.81,0,5922.7,2024,5,May,Friday,33436.46,30092.814
2024-05-10,ORD044835,CUST00026,P017,Jeans,Fashion,Kolkata,Store,Credit Card,1,2969.2,0.0,2969.2,2969.2,0,852.35,2024,5,May,Friday,2969.2,2969.2
2024-05-10,ORD007974,CUST01100,P007,Backpack,Accessories,Mumbai,Online,Credit Card,2,2269.0,0.05,4538.0,4311.1,0,418.31,2024,5,May,Friday,4538.0,4311.099999999999
2024-05-10,ORD037210,CUST03626,P012,Air Fryer,Home,Kolkata,Store,UPI,3,7700.16,0.05,23100.48,21945.46,0,3190.79,2024,5,May,Friday,23100.48,21945.456
2024-05-10,ORD044082,CUST01870,P006,Desk,Furniture,Pune,Online,Credit Card,2,11749.31,0.15,23498.62,19973.83,0,1220.72,2024,5,May,Friday,23498.62,19973.826999999997
2024-05-10,ORD010313,CUST03714,P020,Microwave,Home,Jaipur,Store,Cash,1,10131.97,0.05,10131.97,9625.37,0,1035.44,2024,5,May,Friday,10131.97,9625.3715
2024-05-10,ORD022122,CUST03565,P007,Backpack,Accessories,Mumbai,Online,UPI,2,2078.68,0.0,4157.36,4157.36,0,1070.53,2024,5,May,Friday,4157.36,4157.36
2024-05-10,ORD021821,CUST03251,P019,Vacuum Cleaner,Home,Chennai,Store,Credit Card,1,8993.29,0.05,8993.29,8543.63,0,2192.21,2024,5,May,Friday,8993.29,8543.6255
2024-05-10,ORD022067,CUST01715,P003,Headphones,Electronics,Hyderabad,Store,Debit Card,2,4615.49,0.0,9230.98,9230.98,1,-461.55,2024,5,May,Friday,9230.98,9230.98
2024-05-10,ORD022237,CUST03718,P019,Vacuum Cleaner,Home,Ahmedabad,Online,Credit Card,3,8447.23,0.2,25341.69,20273.35,0,4124.14,2024,5,May,Friday,25341.69,20273.352
2024-05-10,ORD009409,CUST01166,P020,Microwave,Home,Chennai,Online,Debit Card,2,11832.5,0.15,23665.0,20115.25,0,3038.99,2024,5,May,Friday,23665.0,20115.25
2024-05-10,ORD005278,CUST04763,P018,Jacket,Fashion,Mumbai,Store,Debit Card,2,4857.87,0.05,9715.74,9229.95,0,1496.46,2024,5,May,Friday,9715.74,9229.953
2024-05-10,ORD033324,CUST02167,P016,Sofa,Furniture,Bengaluru,Store,Credit Card,2,34614.66,0.15,69229.32,58844.92,0,11577.23,2024,5,May,Friday,69229.32,58844.922000000006
2024-05-10,ORD010636,CUST02302,P020,Microwave,Home,Ahmedabad,Online,Credit Card,1,11892.48,0.2,11892.48,9513.98,0,2003.2,2024,5,May,Friday,11892.48,9513.984
2024-05-10,ORD034489,CUST03929,P017,Jeans,Fashion,Pune,Online,Credit Card,3,2634.88,0.0,7904.64,7904.64,0,1400.79,2024,5,May,Friday,7904.64,7904.64
2024-05-10,ORD038542,CUST01480,P002,Smartphone,Electronics,Surat,Store,UPI,1,25668.24,0.2,25668.24,20534.59,0,5112.72,2024,5,May,Friday,25668.24,20534.592000000004
2024-05-10,ORD043348,CUST01741,P016,Sofa,Furniture,Mumbai,Online,UPI,1,36625.03,0.1,36625.03,32962.53,0,4801.38,2024,5,May,Friday,36625.03,32962.527
2024-05-10,ORD030311,CUST02224,P004,Smartwatch,Electronics,Ahmedabad,Store,Credit Card,1,6604.02,0.05,6604.02,6273.82,0,1634.27,2024,5,May,Friday,6604.02,6273.819
2024-05-10,ORD012941,CUST02577,P011,Mixer Grinder,Home,Pune,Online,Debit Card,1,4534.81,0.1,4534.81,4081.33,1,-204.07,2024,5,May,Friday,4534.81,4081.3290000000006
2024-05-10,ORD024380,CUST00430,P013,Monitor,Electronics,Ahmedabad,Online,UPI,3,19417.3,0.05,58251.9,55339.3,0,14019.16,2024,5,May,Friday,58251.899999999994,55339.305
2024-05-10,ORD016358,CUST03718,P002,Smartphone,Electronics,Jaipur,Online,UPI,1,26192.95,0.0,26192.95,26192.95,0,6452.16,2024,5,May,Friday,26192.95,26192.95
2024-05-10,ORD014486,CUST02508,P018,Jacket,Fashion,Jaipur,Store,Credit Card,1,5030.11,0.1,5030.11,4527.1,0,496.03,2024,5,May,Friday,5030.11,4527.099
2024-05-10,ORD016349,CUST04392,P004,Smartwatch,Electronics,Hyderabad,Store,UPI,3,6981.91,0.05,20945.73,19898.44,0,5706.33,2024,5,May,Friday,20945.73,19898.443499999998
2024-05-10,ORD047056,CUST00079,P004,Smartwatch,Electronics,Bengaluru,Online,UPI,4,7143.67,0.15,28574.68,24288.48,0,3315.54,2024,5,May,Friday,28574.68,24288.478
2024-05-10,ORD026615,CUST04464,P006,Desk,Furniture,Jaipur,Online,UPI,1,11672.92,0.2,11672.92,9338.34,0,1498.64,2024,5,May,Friday,11672.92,9338.336000000001
2024-05-10,ORD038149,CUST01894,P002,Smartphone,Electronics,Ahmedabad,Online,UPI,1,25414.49,0.15,25414.49,21602.32,0,2429.57,2024,5,May,Friday,25414.49,21602.3165
2024-05-10,ORD047476,CUST02754,P004,Smartwatch,Electronics,Pune,Online,UPI,2,7478.03,0.15,14956.06,12712.65,0,1143.93,2024,5,May,Friday,14956.06,12712.651
2024-05-10,ORD045020,CUST01941,P018,Jacket,Fashion,Kolkata,Online,UPI,1,4730.58,0.2,4730.58,3784.46,0,371.64,2024,5,May,Friday,4730.58,3784.464
2024-05-10,ORD033484,CUST00522,P018,Jacket,Fashion,Pune,Online,UPI,2,5445.39,0.15,10890.78,9257.16,0,1099.19,2024,5,May,Friday,10890.78,9257.163
2024-05-10,ORD038737,CUST04198,P004,Smartwatch,Electronics,Bengaluru,Online,Debit Card,1,7585.98,0.0,7585.98,7585.98,0,1569.93,2024,5,May,Friday,7585.98,7585.98
2024-05-10,ORD005051,CUST00964,P015,Dining Table,Furniture,Hyderabad,Online,UPI,1,22701.34,0.05,22701.34,21566.27,0,1560.99,2024,5,May,Friday,22701.34,21566.272999999997
2024-05-10,ORD006300,CUST01544,P004,Smartwatch,Electronics,Jaipur,Online,UPI,2,6645.52,0.1,13291.04,11961.94,0,1097.18,2024,5,May,Friday,13291.04,11961.936000000002
2024-05-10,ORD000020,CUST04500,P005,Office Chair,Furniture,Kolkata,Online,Cash,4,9194.16,0.1,36776.64,33098.98,0,7272.19,2024,5,May,Friday,36776.64,33098.976
2024-05-10,ORD019480,CUST00096,P006,Desk,Furniture,Mumbai,Online,Credit Card,2,12541.82,0.25,25083.64,18812.73,0,3233.24,2024,5,May,Friday,25083.64,18812.73
2024-05-10,ORD048248,CUST01945,P009,T-Shirt,Fashion,Kolkata,Store,UPI,1,1212.26,0.0,1212.26,1212.26,0,257.62,2024,5,May,Friday,1212.26,1212.26
2024-05-10,ORD010184,CUST00649,P008,Running Shoes,Fashion,Delhi,Store,Debit Card,1,4469.38,0.1,4469.38,4022.44,0,884.26,2024,5,May,Friday,4469.38,4022.442
2024-05-10,ORD028625,CUST02026,P014,Keyboard,Electronics,Delhi,Online,UPI,1,2664.8,0.2,2664.8,2131.84,0,263.2,2024,5,May,Friday,2664.8,2131.84
2024-05-10,ORD042738,CUST03212,P016,Sofa,Furniture,Ahmedabad,Online,Credit Card,1,36573.9,0.0,36573.9,36573.9,0,7819.86,2024,5,May,Friday,36573.9,36573.9
2024-05-10,ORD022478,CUST02036,P016,Sofa,Furniture,Delhi,Online,Net Banking,3,33749.19,0.15,101247.57,86060.43,0,23119.49,2024,5,May,Friday,101247.57,86060.4345
2024-05-10,ORD043118,CUST01801,P001,Laptop,Electronics,Hyderabad,Store,Credit Card,1,63375.8,0.15,63375.8,53869.43,0,8061.77,2024,5,May,Friday,63375.8,53869.43
2024-05-10,ORD015192,CUST04171,P009,T-Shirt,Fashion,Surat,Store,Credit Card,2,1194.04,0.15,2388.08,2029.87,0,397.73,2024,5,May,Friday,2388.08,2029.868
2024-05-10,ORD021993,CUST03887,P016,Sofa,Furniture,Kolkata,Online,Credit Card,1,35294.44,0.05,35294.44,33529.72,0,8996.44,2024,5,May,Friday,35294.44,33529.718
2024-05-10,ORD002737,CUST03882,P003,Headphones,Electronics,Jaipur,Store,UPI,1,4350.6,0.1,4350.6,3915.54,0,477.56,2024,5,May,Friday,4350.6,3915.5400000000004
2024-05-10,ORD010684,CUST01808,P015,Dining Table,Furniture,Mumbai,Store,Credit Card,2,21310.91,0.05,42621.82,40490.73,0,6657.72,2024,5,May,Friday,42621.82,40490.729
2024-05-11,ORD048619,CUST04910,P015,Dining Table,Furniture,Delhi,Online,UPI,3,22791.28,0.05,68373.84,64955.15,0,13594.55,2024,5,May,Saturday,68373.84,64955.147999999994
2024-05-11,ORD015194,CUST04420,P007,Backpack,Accessories,Delhi,Online,Cash,4,2391.6,0.1,9566.4,8609.76,0,2291.9,2024,5,May,Saturday,9566.4,8609.76
2024-05-11,ORD036051,CUST01266,P020,Microwave,Home,Ahmedabad,Store,Credit Card,2,10544.97,0.1,21089.94,18980.95,0,1703.55,2024,5,May,Saturday,21089.94,18980.946
2024-05-11,ORD013298,CUST04113,P015,Dining Table,Furniture,Pune,Online,Debit Card,1,19827.32,0.15,19827.32,16853.22,0,1206.33,2024,5,May,Saturday,19827.32,16853.221999999998
2024-05-11,ORD039572,CUST00839,P015,Dining Table,Furniture,Ahmedabad,Online,Net Banking,1,20968.16,0.1,20968.16,18871.34,0,2436.08,2024,5,May,Saturday,20968.16,18871.344
2024-05-11,ORD045147,CUST02115,P003,Headphones,Electronics,Ahmedabad,Online,UPI,3,4362.74,0.2,13088.22,10470.58,0,1555.7,2024,5,May,Saturday,13088.22,10470.576000000001
2024-05-11,ORD042036,CUST03101,P005,Office Chair,Furniture,Bengaluru,Online,UPI,1,8925.49,0.1,8925.49,8032.94,0,1439.95,2024,5,May,Saturday,8925.49,8032.941
2024-05-11,ORD048121,CUST03256,P015,Dining Table,Furniture,Ahmedabad,Online,Credit Card,3,20491.1,0.15,61473.3,52252.3,0,8205.89,2024,5,May,Saturday,61473.299999999996,52252.305
2024-05-11,ORD042063,CUST00458,P009,T-Shirt,Fashion,Hyderabad,Store,Credit Card,1,1132.01,0.0,1132.01,1132.01,0,105.01,2024,5,May,Saturday,1132.01,1132.01
2024-05-11,ORD042068,CUST01083,P009,T-Shirt,Fashion,Hyderabad,Store,UPI,1,1241.82,0.1,1241.82,1117.64,0,227.22,2024,5,May,Saturday,1241.82,1117.638
2024-05-11,ORD036072,CUST03543,P018,Jacket,Fashion,Ahmedabad,Online,Debit Card,1,5488.3,0.05,5488.3,5213.88,0,719.23,2024,5,May,Saturday,5488.3,5213.885
2024-05-11,ORD014175,CUST00882,P019,Vacuum Cleaner,Home,Chennai,Store,UPI,1,8270.84,0.15,8270.84,7030.21,0,1505.5,2024,5,May,Saturday,8270.84,7030.214
2024-05-11,ORD027738,CUST03427,P006,Desk,Furniture,Bengaluru,Store,Debit Card,2,11321.83,0.05,22643.66,21511.48,0,1826.67,2024,5,May,Saturday,22643.66,21511.477
2024-05-11,ORD002154,CUST04680,P013,Monitor,Electronics,Kolkata,Store,Cash,1,19564.51,0.05,19564.51,18586.28,0,1755.15,2024,5,May,Saturday,19564.51,18586.284499999998
2024-05-11,ORD005391,CUST04973,P019,Vacuum Cleaner,Home,Kolkata,Store,Credit Card,2,8259.03,0.1,16518.06,14866.25,0,3937.93,2024,5,May,Saturday,16518.06,14866.254
2024-05-11,ORD011612,CUST00462,P007,Backpack,Accessories,Delhi,Online,Credit Card,1,2079.2,0.05,2079.2,1975.24,0,395.43,2024,5,May,Saturday,2079.2,1975.2399999999998
2024-05-11,ORD011627,CUST00194,P007,Backpack,Accessories,Delhi,Store,Debit Card,3,2015.96,0.1,6047.88,5443.09,0,865.46,2024,5,May,Saturday,6047.88,5443.092000000001
2024-05-11,ORD000805,CUST04968,P006,Desk,Furniture,Kolkata,Store,Credit Card,1,11570.25,0.2,11570.25,9256.2,0,1458.12,2024,5,May,Saturday,11570.25,9256.2
2024-05-11,ORD037468,CUST01962,P015,Dining Table,Furniture,Mumbai,Store,UPI,1,20829.36,0.2,20829.36,16663.49,0,1326.02,2024,5,May,Saturday,20829.36,16663.488
2024-05-11,ORD040028,CUST04244,P017,Jeans,Fashion,Kolkata,Online,Credit Card,1,2963.93,0.15,2963.93,2519.34,0,241.13,2024,5,May,Saturday,2963.93,2519.3405
2024-05-11,ORD019895,CUST03073,P008,Running Shoes,Fashion,Bengaluru,Store,Cash,1,4319.72,0.1,4319.72,3887.75,0,655.79,2024,5,May,Saturday,4319.72,3887.7480000000005
2024-05-11,ORD009890,CUST03484,P014,Keyboard,Electronics,Kolkata,Online,UPI,2,2507.76,0.0,5015.52,5015.52,0,1026.26,2024,5,May,Saturday,5015.52,5015.52
2024-05-11,ORD039391,CUST01760,P004,Smartwatch,Electronics,Chennai,Online,UPI,2,7231.23,0.1,14462.46,13016.21,0,3237.8,2024,5,May,Saturday,14462.46,13016.214
2024-05-11,ORD000190,CUST01405,P020,Microwave,Home,Pune,Store,Cash,1,10572.33,0.0,10572.33,10572.33,0,3163.17,2024,5,May,Saturday,10572.33,10572.33
2024-05-11,ORD005642,CUST00943,P013,Monitor,Electronics,Kolkata,Online,UPI,1,19080.42,0.0,19080.42,19080.42,0,4251.94,2024,5,May,Saturday,19080.42,19080.42
2024-05-11,ORD039022,CUST01321,P005,Office Chair,Furniture,Delhi,Online,UPI,1,9379.52,0.15,9379.52,7972.59,0,896.78,2024,5,May,Saturday,9379.52,7972.592000000001
2024-05-11,ORD027216,CUST03804,P003,Headphones,Electronics,Jaipur,Online,Credit Card,4,4338.28,0.1,17353.12,15617.81,0,3628.48,2024,5,May,Saturday,17353.12,15617.807999999999
2024-05-11,ORD011364,CUST04069,P012,Air Fryer,Home,Ahmedabad,Store,Net Banking,5,7624.8,0.0,38124.0,38124.0,0,10269.28,2024,5,May,Saturday,38124.0,38124.0
2024-05-11,ORD009436,CUST03827,P004,Smartwatch,Electronics,Bengaluru,Online,UPI,1,7137.2,0.1,7137.2,6423.48,0,709.02,2024,5,May,Saturday,7137.2,6423.48
2024-05-11,ORD016530,CUST03373,P018,Jacket,Fashion,Bengaluru,Online,Debit Card,1,5385.77,0.05,5385.77,5116.48,0,1028.0,2024,5,May,Saturday,5385.77,5116.4815
2024-05-11,ORD030327,CUST01036,P004,Smartwatch,Electronics,Chennai,Online,Net Banking,1,7009.29,0.0,7009.29,7009.29,0,1331.83,2024,5,May,Saturday,7009.29,7009.29
2024-05-11,ORD040872,CUST00275,P012,Air Fryer,Home,Chennai,Store,Credit Card,2,6882.3,0.15,13764.6,11699.91,0,612.71,2024,5,May,Saturday,13764.6,11699.91
2024-05-11,ORD048083,CUST02708,P007,Backpack,Accessories,Ahmedabad,Store,Credit Card,5,2236.02,0.1,11180.1,10062.09,0,2684.57,2024,5,May,Saturday,11180.1,10062.09
2024-05-11,ORD002308,CUST03612,P002,Smartphone,Electronics,Mumbai,Store,UPI,1,27878.3,0.1,27878.3,25090.47,0,1516.12,2024,5,May,Saturday,27878.3,25090.47
2024-05-11,ORD027391,CUST01979,P014,Keyboard,Electronics,Surat,Store,Credit Card,3,2286.95,0.1,6860.85,6174.76,0,1591.0,2024,5,May,Saturday,6860.849999999999,6174.765
2024-05-11,ORD016679,CUST02275,P005,Office Chair,Furniture,Kolkata,Store,UPI,1,10132.55,0.1,10132.55,9119.3,0,1874.12,2024,5,May,Saturday,10132.55,9119.295
2024-05-11,ORD013426,CUST04305,P008,Running Shoes,Fashion,Pune,Online,UPI,1,4212.17,0.0,4212.17,4212.17,0,1114.95,2024,5,May,Saturday,4212.17,4212.17
2024-05-11,ORD035458,CUST02633,P009,T-Shirt,Fashion,Kolkata,Online,Credit Card,1,1210.39,0.05,1210.39,1149.87,0,142.3,2024,5,May,Saturday,1210.39,1149.8705
2024-05-11,ORD010604,CUST00585,P012,Air Fryer,Home,Pune,Store,UPI,5,7593.08,0.15,37965.4,32270.59,0,7046.24,2024,5,May,Saturday,37965.4,32270.59
2024-05-11,ORD023829,CUST04509,P006,Desk,Furniture,Pune,Online,UPI,1,11059.99,0.1,11059.99,9953.99,0,2402.24,2024,5,May,Saturday,11059.99,9953.991
2024-05-11,ORD033244,CUST04872,P016,Sofa,Furniture,Hyderabad,Online,UPI,2,36570.23,0.15,73140.46,62169.39,0,4661.04,2024,5,May,Saturday,73140.46,62169.391
2024-05-11,ORD006056,CUST04696,P011,Mixer Grinder,Home,Chennai,Store,UPI,3,5102.68,0.0,15308.04,15308.04,0,1783.54,2024,5,May,Saturday,15308.04,15308.04
2024-05-11,ORD001338,CUST01117,P012,Air Fryer,Home,Surat,Store,UPI,4,7137.93,0.2,28551.72,22841.38,0,3702.63,2024,5,May,Saturday,28551.72,22841.376000000004
2024-05-11,ORD023742,CUST00058,P007,Backpack,Accessories,Chennai,Store,Credit Card,1,2312.89,0.15,2312.89,1965.96,0,163.76,2024,5,May,Saturday,2312.89,1965.9564999999998
2024-05-11,ORD024423,CUST01025,P018,Jacket,Fashion,Bengaluru,Online,UPI,1,5322.76,0.1,5322.76,4790.48,0,553.54,2024,5,May,Saturday,5322.76,4790.484
2024-05-11,ORD000934,CUST00521,P017,Jeans,Fashion,Mumbai,Store,UPI,5,2890.6,0.0,14453.0,14453.0,0,2576.28,2024,5,May,Saturday,14453.0,14453.0
2024-05-11,ORD028761,CUST03512,P001,Laptop,Electronics,Ahmedabad,Online,UPI,2,63474.65,0.1,126949.3,114254.37,0,22379.75,2024,5,May,Saturday,126949.3,114254.37000000001
2024-05-11,ORD043212,CUST04414,P007,Backpack,Accessories,Hyderabad,Online,Debit Card,1,2301.92,0.0,2301.92,2301.92,0,683.46,2024,5,May,Saturday,2301.92,2301.92
2024-05-11,ORD035544,CUST03601,P008,Running Shoes,Fashion,Bengaluru,Online,UPI,1,3942.37,0.15,3942.37,3351.01,0,560.12,2024,5,May,Saturday,3942.37,3351.0144999999998
2024-05-11,ORD033215,CUST04612,P009,T-Shirt,Fashion,Chennai,Online,UPI,1,1127.74,0.15,1127.74,958.58,0,197.6,2024,5,May,Saturday,1127.74,958.579
2024-05-11,ORD043247,CUST04203,P003,Headphones,Electronics,Surat,Online,Net Banking,1,4941.34,0.1,4941.34,4447.21,0,1088.45,2024,5,May,Saturday,4941.34,4447.206
2024-05-11,ORD045815,CUST01903,P019,Vacuum Cleaner,Home,Mumbai,Store,UPI,2,9823.44,0.15,19646.88,16699.85,0,3355.23,2024,5,May,Saturday,19646.88,16699.848
2024-05-11,ORD010472,CUST03897,P012,Air Fryer,Home,Jaipur,Store,Credit Card,1,6822.43,0.25,6822.43,5116.82,0,735.3,2024,5,May,Saturday,6822.43,5116.8225
2024-05-11,ORD017673,CUST01891,P016,Sofa,Furniture,Delhi,Online,Cash,2,32601.75,0.0,65203.5,65203.5,0,8503.63,2024,5,May,Saturday,65203.5,65203.5
2024-05-11,ORD025766,CUST02040,P015,Dining Table,Furniture,Ahmedabad,Store,UPI,2,20584.77,0.05,41169.54,39111.06,0,10512.38,2024,5,May,Saturday,41169.54,39111.063
2024-05-11,ORD014860,CUST03314,P013,Monitor,Electronics,Surat,Store,Net Banking,1,18308.72,0.0,18308.72,18308.72,0,5083.65,2024,5,May,Saturday,18308.72,18308.72
2024-05-11,ORD025387,CUST00491,P005,Office Chair,Furniture,Pune,Online,Net Banking,1,9108.24,0.05,9108.24,8652.83,0,1006.8,2024,5,May,Saturday,9108.24,8652.828
2024-05-11,ORD016819,CUST02890,P010,Coffee Maker,Home,Surat,Store,UPI,1,5166.45,0.1,5166.45,4649.8,0,403.03,2024,5,May,Saturday,5166.45,4649.805
2024-05-12,ORD040845,CUST03976,P009,T-Shirt,Fashion,Bengaluru,Store,Cash,1,1253.06,0.0,1253.06,1253.06,0,373.31,2024,5,May,Sunday,1253.06,1253.06
2024-05-12,ORD016094,CUST02523,P010,Coffee Maker,Home,Bengaluru,Online,Credit Card,4,5982.96,0.0,23931.84,23931.84,1,-1196.59,2024,5,May,Sunday,23931.84,23931.84
2024-05-12,ORD003524,CUST03871,P003,Headphones,Electronics,Surat,Online,UPI,1,4879.7,0.1,4879.7,4391.73,0,657.1,2024,5,May,Sunday,4879.7,4391.73
2024-05-12,ORD046875,CUST02137,P005,Office Chair,Furniture,Mumbai,Store,UPI,2,10346.79,0.1,20693.58,18624.22,0,1337.25,2024,5,May,Sunday,20693.58,18624.222
2024-05-12,ORD014939,CUST03643,P004,Smartwatch,Electronics,Delhi,Store,UPI,2,6857.05,0.2,13714.1,10971.28,0,1652.25,2024,5,May,Sunday,13714.1,10971.28
2024-05-12,ORD017356,CUST03948,P014,Keyboard,Electronics,Jaipur,Store,UPI,1,2635.32,0.2,2635.32,2108.26,0,334.07,2024,5,May,Sunday,2635.32,2108.2560000000003
2024-05-12,ORD001138,CUST01306,P004,Smartwatch,Electronics,Ahmedabad,Online,Debit Card,1,6947.16,0.0,6947.16,6947.16,0,1492.36,2024,5,May,Sunday,6947.16,6947.16
2024-05-12,ORD028179,CUST00528,P011,Mixer Grinder,Home,Ahmedabad,Store,UPI,1,4704.34,0.15,4704.34,3998.69,0,840.19,2024,5,May,Sunday,4704.34,3998.689
2024-05-12,ORD042317,CUST04814,P009,T-Shirt,Fashion,Kolkata,Online,Net Banking,1,1171.42,0.0,1171.42,1171.42,0,242.07,2024,5,May,Sunday,1171.42,1171.42
2024-05-12,ORD049161,CUST03382,P017,Jeans,Fashion,Bengaluru,Online,UPI,1,2608.58,0.0,2608.58,2608.58,0,335.3,2024,5,May,Sunday,2608.58,2608.58
2024-05-12,ORD016095,CUST02646,P016,Sofa,Furniture,Pune,Store,Net Banking,1,34480.9,0.25,34480.9,25860.68,0,3966.48,2024,5,May,Sunday,34480.9,25860.675000000003
2024-05-12,ORD045075,CUST04320,P002,Smartphone,Electronics,Surat,Store,UPI,1,29588.28,0.1,29588.28,26629.45,0,3230.58,2024,5,May,Sunday,29588.28,26629.452
2024-05-12,ORD008444,CUST02252,P002,Smartphone,Electronics,Kolkata,Store,UPI,3,27373.42,0.15,82120.26,69802.22,0,18352.92,2024,5,May,Sunday,82120.26,69802.22099999999
2024-05-12,ORD010689,CUST01140,P013,Monitor,Electronics,Surat,Online,Credit Card,5,17107.66,0.15,85538.3,72707.56,0,17984.55,2024,5,May,Sunday,85538.3,72707.55500000001
2024-05-12,ORD005424,CUST01017,P019,Vacuum Cleaner,Home,Kolkata,Online,Credit Card,2,8671.87,0.25,17343.74,13007.8,0,2221.92,2024,5,May,Sunday,17343.74,13007.805
2024-05-12,ORD030222,CUST03856,P012,Air Fryer,Home,Surat,Online,Credit Card,1,7842.4,0.1,7842.4,7058.16,0,613.06,2024,5,May,Sunday,7842.4,7058.16
2024-05-12,ORD021843,CUST04940,P004,Smartwatch,Electronics,Kolkata,Online,Cash,1,6685.96,0.05,6685.96,6351.66,0,635.61,2024,5,May,Sunday,6685.96,6351.661999999999
2024-05-12,ORD036844,CUST00096,P002,Smartphone,Electronics,Mumbai,Store,UPI,1,29512.74,0.2,29512.74,23610.19,0,4190.09,2024,5,May,Sunday,29512.74,23610.192000000003
2024-05-12,ORD007756,CUST01224,P017,Jeans,Fashion,Hyderabad,Online,Credit Card,1,2891.91,0.25,2891.91,2168.93,1,-108.45,2024,5,May,Sunday,2891.91,2168.9325
2024-05-12,ORD040549,CUST04008,P010,Coffee Maker,Home,Hyderabad,Online,Credit Card,3,5428.02,0.15,16284.06,13841.45,0,3447.67,2024,5,May,Sunday,16284.060000000001,13841.451
2024-05-12,ORD047035,CUST01645,P017,Jeans,Fashion,Kolkata,Online,Net Banking,1,2837.8,0.0,2837.8,2837.8,0,633.74,2024,5,May,Sunday,2837.8,2837.8
2024-05-12,ORD021645,CUST03888,P005,Office Chair,Furniture,Chennai,Store,Credit Card,2,9529.7,0.0,19059.4,19059.4,0,4736.11,2024,5,May,Sunday,19059.4,19059.4
2024-05-12,ORD019705,CUST02556,P002,Smartphone,Electronics,Jaipur,Online,Cash,2,30503.86,0.15,61007.72,51856.56,0,4862.04,2024,5,May,Sunday,61007.72,51856.562
2024-05-12,ORD041578,CUST00338,P012,Air Fryer,Home,Pune,Store,Debit Card,3,7117.31,0.0,21351.93,21351.93,0,4130.43,2024,5,May,Sunday,21351.93,21351.93
2024-05-12,ORD018925,CUST04329,P012,Air Fryer,Home,Mumbai,Online,Debit Card,2,7904.0,0.15,15808.0,13436.8,0,3389.03,2024,5,May,Sunday,15808.0,13436.8
2024-05-12,ORD047953,CUST00982,P018,Jacket,Fashion,Bengaluru,Online,Credit Card,2,5439.66,0.0,10879.32,10879.32,0,2265.98,2024,5,May,Sunday,10879.32,10879.32
2024-05-12,ORD007200,CUST04311,P017,Jeans,Fashion,Ahmedabad,Store,Net Banking,1,2599.0,0.0,2599.0,2599.0,0,434.45,2024,5,May,Sunday,2599.0,2599.0
2024-05-12,ORD040693,CUST02980,P016,Sofa,Furniture,Kolkata,Store,Net Banking,1,33702.29,0.0,33702.29,33702.29,0,7540.73,2024,5,May,Sunday,33702.29,33702.29
2024-05-12,ORD040524,CUST02343,P019,Vacuum Cleaner,Home,Kolkata,Online,Cash,1,9727.19,0.0,9727.19,9727.19,0,1724.91,2024,5,May,Sunday,9727.19,9727.19
2024-05-12,ORD032377,CUST04311,P003,Headphones,Electronics,Pune,Store,UPI,1,4581.06,0.1,4581.06,4122.95,0,298.38,2024,5,May,Sunday,4581.06,4122.954000000001
2024-05-12,ORD018056,CUST02672,P014,Keyboard,Electronics,Mumbai,Online,UPI,1,2481.21,0.15,2481.21,2109.03,0,358.93,2024,5,May,Sunday,2481.21,2109.0285
2024-05-12,ORD029578,CUST03195,P004,Smartwatch,Electronics,Mumbai,Online,Cash,1,7041.89,0.15,7041.89,5985.61,0,1465.75,2024,5,May,Sunday,7041.89,5985.6065
2024-05-12,ORD040795,CUST03681,P020,Microwave,Home,Surat,Online,Credit Card,3,11314.92,0.05,33944.76,32247.52,0,3006.55,2024,5,May,Sunday,33944.76,32247.522
2024-05-12,ORD030025,CUST01590,P013,Monitor,Electronics,Bengaluru,Store,UPI,2,17816.02,0.15,35632.04,30287.23,0,7317.91,2024,5,May,Sunday,35632.04,30287.234
2024-05-12,ORD001417,CUST00344,P011,Mixer Grinder,Home,Jaipur,Store,Net Banking,1,4498.91,0.1,4498.91,4049.02,0,733.98,2024,5,May,Sunday,4498.91,4049.019
2024-05-12,ORD023817,CUST01977,P008,Running Shoes,Fashion,Delhi,Online,Credit Card,1,4451.64,0.1,4451.64,4006.48,0,241.15,2024,5,May,Sunday,4451.64,4006.4760000000006
2024-05-12,ORD039217,CUST01792,P004,Smartwatch,Electronics,Surat,Online,UPI,1,7633.25,0.1,7633.25,6869.92,0,1431.52,2024,5,May,Sunday,7633.25,6869.925
2024-05-12,ORD041994,CUST02528,P009,T-Shirt,Fashion,Ahmedabad,Store,Credit Card,2,1111.75,0.0,2223.5,2223.5,0,479.52,2024,5,May,Sunday,2223.5,2223.5
2024-05-12,ORD048140,CUST02901,P008,Running Shoes,Fashion,Mumbai,Store,UPI,4,4119.68,0.0,16478.72,16478.72,0,1908.0,2024,5,May,Sunday,16478.72,16478.72
2024-05-12,ORD020481,CUST02853,P007,Backpack,Accessories,Bengaluru,Online,Debit Card,1,1980.41,0.1,1980.41,1782.37,0,347.76,2024,5,May,Sunday,1980.41,1782.3690000000001
2024-05-12,ORD042142,CUST03756,P001,Laptop,Electronics,Bengaluru,Store,Cash,1,62723.16,0.1,62723.16,56450.84,0,5971.67,2024,5,May,Sunday,62723.16,56450.844000000005
2024-05-12,ORD044644,CUST04663,P007,Backpack,Accessories,Surat,Online,UPI,1,2198.2,0.15,2198.2,1868.47,0,274.73,2024,5,May,Sunday,2198.2,1868.4699999999998
2024-05-12,ORD007971,CUST01851,P018,Jacket,Fashion,Jaipur,Online,Net Banking,2,5251.66,0.05,10503.32,9978.15,0,2625.53,2024,5,May,Sunday,10503.32,9978.153999999999
2024-05-12,ORD004304,CUST00856,P005,Office Chair,Furniture,Kolkata,Online,UPI,3,9590.11,0.1,28770.33,25893.3,0,2990.63,2024,5,May,Sunday,28770.33,25893.297000000002
2024-05-12,ORD013651,CUST01434,P003,Headphones,Electronics,Delhi,Store,Credit Card,3,4937.61,0.1,14812.83,13331.55,0,2293.23,2024,5,May,Sunday,14812.829999999998,13331.547
2024-05-12,ORD039667,CUST02248,P014,Keyboard,Electronics,Ahmedabad,Store,Credit Card,1,2703.35,0.15,2703.35,2297.85,0,165.03,2024,5,May,Sunday,2703.35,2297.8475
2024-05-12,ORD043976,CUST04907,P004,Smartwatch,Electronics,Jaipur,Store,Credit Card,1,7018.35,0.0,7018.35,7018.35,0,1435.48,2024,5,May,Sunday,7018.35,7018.35
2024-05-12,ORD022092,CUST01415,P018,Jacket,Fashion,Pune,Online,UPI,1,5121.82,0.15,5121.82,4353.55,0,274.99,2024,5,May,Sunday,5121.82,4353.547
2024-05-12,ORD010768,CUST03837,P016,Sofa,Furniture,Hyderabad,Store,Debit Card,1,34698.19,0.1,34698.19,31228.37,0,3004.85,2024,5,May,Sunday,34698.19,31228.371000000003
2024-05-12,ORD009186,CUST01748,P017,Jeans,Fashion,Kolkata,Online,Debit Card,1,2849.76,0.2,2849.76,2279.81,0,131.6,2024,5,May,Sunday,2849.76,2279.8080000000004
2024-05-12,ORD006876,CUST02977,P012,Air Fryer,Home,Delhi,Online,Credit Card,1,7534.03,0.15,7534.03,6403.93,0,1096.8,2024,5,May,Sunday,7534.03,6403.925499999999
2024-05-12,ORD019408,CUST00929,P014,Keyboard,Electronics,Hyderabad,Online,UPI,2,2333.87,0.0,4667.74,4667.74,0,1399.37,2024,5,May,Sunday,4667.74,4667.74
2024-05-12,ORD043899,CUST02847,P002,Smartphone,Electronics,Pune,Online,UPI,1,26789.54,0.1,26789.54,24110.59,0,6332.16,2024,5,May,Sunday,26789.54,24110.586000000003
2024-05-12,ORD019469,CUST00965,P017,Jeans,Fashion,Chennai,Store,UPI,3,2945.33,0.1,8835.99,7952.39,0,1258.67,2024,5,May,Sunday,8835.99,7952.391
2024-05-12,ORD011152,CUST01567,P017,Jeans,Fashion,Surat,Online,UPI,1,2669.14,0.05,2669.14,2535.68,0,675.22,2024,5,May,Sunday,2669.14,2535.6829999999995
2024-05-12,ORD044212,CUST04703,P013,Monitor,Electronics,Kolkata,Online,Debit Card,1,18437.56,0.1,18437.56,16593.8,0,3949.11,2024,5,May,Sunday,18437.56,16593.804
2024-05-12,ORD025711,CUST02535,P019,Vacuum Cleaner,Home,Pune,Online,Cash,1,9145.0,0.0,9145.0,9145.0,1,-457.25,2024,5,May,Sunday,9145.0,9145.0
2024-05-12,ORD015709,CUST01099,P012,Air Fryer,Home,Surat,Online,UPI,1,6617.11,0.0,6617.11,6617.11,0,552.64,2024,5,May,Sunday,6617.11,6617.11
2024-05-12,ORD034096,CUST01346,P011,Mixer Grinder,Home,Delhi,Store,UPI,1,5114.09,0.05,5114.09,4858.39,0,713.82,2024,5,May,Sunday,5114.09,4858.3855
2024-05-12,ORD028918,CUST04245,P020,Microwave,Home,Pune,Store,Debit Card,2,11337.69,0.05,22675.38,21541.61,0,5270.55,2024,5,May,Sunday,22675.38,21541.611
2024-05-12,ORD021042,CUST02699,P014,Keyboard,Electronics,Mumbai,Online,UPI,2,2680.42,0.1,5360.84,4824.76,0,611.41,2024,5,May,Sunday,5360.84,4824.756
2024-05-12,ORD025504,CUST01370,P006,Desk,Furniture,Ahmedabad,Online,UPI,1,10832.26,0.25,10832.26,8124.2,0,1199.31,2024,5,May,Sunday,10832.26,8124.195
2024-05-12,ORD014227,CUST04126,P010,Coffee Maker,Home,Surat,Store,Credit Card,3,5194.37,0.05,15583.11,14803.95,0,2103.32,2024,5,May,Sunday,15583.11,14803.9545
2024-05-12,ORD023774,CUST04124,P007,Backpack,Accessories,Bengaluru,Online,Net Banking,1,2329.58,0.0,2329.58,2329.58,0,587.39,2024,5,May,Sunday,2329.58,2329.58
2024-05-12,ORD033378,CUST03759,P019,Vacuum Cleaner,Home,Delhi,Store,Credit Card,1,9532.9,0.05,9532.9,9056.25,0,2493.2,2024,5,May,Sunday,9532.9,9056.255
2024-05-13,ORD045620,CUST01728,P015,Dining Table,Furniture,Ahmedabad,Online,UPI,1,20192.23,0.1,20192.23,18173.01,0,2882.51,2024,5,May,Monday,20192.23,18173.007
2024-05-13,ORD037181,CUST01481,P007,Backpack,Accessories,Jaipur,Online,Cash,2,2170.95,0.05,4341.9,4124.8,0,889.0,2024,5,May,Monday,4341.9,4124.804999999999
2024-05-13,ORD013762,CUST02981,P009,T-Shirt,Fashion,Jaipur,Online,Credit Card,1,1131.37,0.2,1131.37,905.1,0,180.35,2024,5,May,Monday,1131.37,905.096
2024-05-13,ORD045634,CUST03853,P015,Dining Table,Furniture,Ahmedabad,Store,UPI,1,21523.86,0.25,21523.86,16142.9,0,3535.21,2024,5,May,Monday,21523.86,16142.895
2024-05-13,ORD010716,CUST03930,P009,T-Shirt,Fashion,Mumbai,Online,Debit Card,1,1220.43,0.05,1220.43,1159.41,0,180.68,2024,5,May,Monday,1220.43,1159.4085
2024-05-13,ORD038537,CUST03535,P011,Mixer Grinder,Home,Mumbai,Store,Debit Card,1,4621.18,0.2,4621.18,3696.94,0,408.24,2024,5,May,Monday,4621.18,3696.9440000000004
2024-05-13,ORD041378,CUST03157,P006,Desk,Furniture,Chennai,Store,Credit Card,3,12612.88,0.1,37838.64,34054.78,0,3325.2,2024,5,May,Monday,37838.64,34054.776
2024-05-13,ORD029438,CUST04422,P013,Monitor,Electronics,Chennai,Store,UPI,1,16609.59,0.0,16609.59,16609.59,0,2823.96,2024,5,May,Monday,16609.59,16609.59
2024-05-13,ORD003025,CUST04751,P007,Backpack,Accessories,Mumbai,Store,Credit Card,1,2090.35,0.15,2090.35,1776.8,0,151.7,2024,5,May,Monday,2090.35,1776.7975
2024-05-13,ORD024728,CUST00622,P013,Monitor,Electronics,Bengaluru,Online,UPI,1,17460.13,0.0,17460.13,17460.13,0,3252.12,2024,5,May,Monday,17460.13,17460.13
2024-05-13,ORD037630,CUST03983,P016,Sofa,Furniture,Surat,Online,Credit Card,1,32714.15,0.1,32714.15,29442.74,0,5678.45,2024,5,May,Monday,32714.15,29442.735
2024-05-13,ORD008748,CUST03078,P011,Mixer Grinder,Home,Mumbai,Store,Credit Card,1,4949.35,0.05,4949.35,4701.88,0,415.32,2024,5,May,Monday,4949.35,4701.8825
2024-05-13,ORD030672,CUST04576,P004,Smartwatch,Electronics,Ahmedabad,Online,Credit Card,5,7659.3,0.1,38296.5,34466.85,1,-1723.34,2024,5,May,Monday,38296.5,34466.85
2024-05-13,ORD025738,CUST04136,P014,Keyboard,Electronics,Mumbai,Online,Credit Card,2,2533.94,0.25,5067.88,3800.91,0,865.14,2024,5,May,Monday,5067.88,3800.91
2024-05-13,ORD003827,CUST01185,P003,Headphones,Electronics,Kolkata,Store,UPI,1,4090.13,0.1,4090.13,3681.12,0,858.47,2024,5,May,Monday,4090.13,3681.117
2024-05-13,ORD045112,CUST02386,P006,Desk,Furniture,Mumbai,Store,Credit Card,2,11695.99,0.2,23391.98,18713.58,0,3408.68,2024,5,May,Monday,23391.98,18713.584
2024-05-13,ORD046379,CUST02706,P013,Monitor,Electronics,Mumbai,Store,Credit Card,1,17104.76,0.2,17104.76,13683.81,0,2052.76,2024,5,May,Monday,17104.76,13683.807999999999
2024-05-13,ORD032077,CUST02434,P009,T-Shirt,Fashion,Ahmedabad,Online,Credit Card,1,1217.2,0.0,1217.2,1217.2,0,168.55,2024,5,May,Monday,1217.2,1217.2
2024-05-13,ORD022441,CUST03043,P013,Monitor,Electronics,Mumbai,Online,Debit Card,1,19625.18,0.2,19625.18,15700.14,0,1510.25,2024,5,May,Monday,19625.18,15700.144
2024-05-13,ORD045171,CUST04093,P013,Monitor,Electronics,Kolkata,Online,UPI,1,16676.53,0.15,16676.53,14175.05,1,-708.75,2024,5,May,Monday,16676.53,14175.0505
2024-05-13,ORD046857,CUST03232,P009,T-Shirt,Fashion,Surat,Store,Credit Card,1,1118.53,0.1,1118.53,1006.68,0,156.09,2024,5,May,Monday,1118.53,1006.677
2024-05-13,ORD037449,CUST00382,P017,Jeans,Fashion,Delhi,Online,UPI,2,2737.12,0.15,5474.24,4653.1,0,1080.4,2024,5,May,Monday,5474.24,4653.103999999999
2024-05-13,ORD019694,CUST02372,P010,Coffee Maker,Home,Delhi,Online,Debit Card,3,5667.9,0.0,17003.7,17003.7,0,3749.42,2024,5,May,Monday,17003.699999999997,17003.7
2024-05-13,ORD012890,CUST04102,P017,Jeans,Fashion,Pune,Online,Credit Card,1,2715.25,0.0,2715.25,2715.25,0,242.34,2024,5,May,Monday,2715.25,2715.25
2024-05-13,ORD027800,CUST01438,P008,Running Shoes,Fashion,Pune,Store,UPI,1,4377.92,0.05,4377.92,4159.02,0,491.67,2024,5,May,Monday,4377.92,4159.023999999999
2024-05-13,ORD022187,CUST01424,P011,Mixer Grinder,Home,Jaipur,Online,UPI,1,5057.27,0.05,5057.27,4804.41,0,772.35,2024,5,May,Monday,5057.27,4804.4065
2024-05-13,ORD045159,CUST02475,P005,Office Chair,Furniture,Delhi,Online,Debit Card,1,10381.05,0.25,10381.05,7785.79,0,1791.11,2024,5,May,Monday,10381.05,7785.787499999999
2024-05-13,ORD038498,CUST04975,P018,Jacket,Fashion,Pune,Online,Credit Card,1,5470.21,0.0,5470.21,5470.21,0,1188.42,2024,5,May,Monday,5470.21,5470.21
2024-05-13,ORD008214,CUST01428,P007,Backpack,Accessories,Chennai,Store,Credit Card,1,2059.99,0.0,2059.99,2059.99,0,586.86,2024,5,May,Monday,2059.99,2059.99
2024-05-13,ORD046833,CUST04303,P020,Microwave,Home,Kolkata,Store,UPI,2,10728.31,0.2,21456.62,17165.3,0,2463.92,2024,5,May,Monday,21456.62,17165.296
2024-05-13,ORD001021,CUST04684,P013,Monitor,Electronics,Pune,Online,Credit Card,1,16799.09,0.1,16799.09,15119.18,0,1738.89,2024,5,May,Monday,16799.09,15119.181
2024-05-13,ORD027706,CUST00965,P008,Running Shoes,Fashion,Bengaluru,Online,Net Banking,1,4217.67,0.0,4217.67,4217.67,0,744.05,2024,5,May,Monday,4217.67,4217.67
2024-05-13,ORD007790,CUST02103,P006,Desk,Furniture,Ahmedabad,Store,Debit Card,1,12194.69,0.15,12194.69,10365.49,0,2624.72,2024,5,May,Monday,12194.69,10365.4865
2024-05-13,ORD018890,CUST04774,P011,Mixer Grinder,Home,Ahmedabad,Online,Credit Card,1,4356.37,0.1,4356.37,3920.73,0,241.73,2024,5,May,Monday,4356.37,3920.733
2024-05-13,ORD001294,CUST02247,P006,Desk,Furniture,Pune,Store,Net Banking,1,11366.01,0.15,11366.01,9661.11,0,1487.39,2024,5,May,Monday,11366.01,9661.1085
2024-05-13,ORD030905,CUST01448,P015,Dining Table,Furniture,Bengaluru,Online,Cash,2,22786.14,0.1,45572.28,41015.05,0,10266.94,2024,5,May,Monday,45572.28,41015.052
2024-05-13,ORD034485,CUST00718,P008,Running Shoes,Fashion,Bengaluru,Store,Credit Card,1,4169.25,0.1,4169.25,3752.32,0,965.61,2024,5,May,Monday,4169.25,3752.3250000000003
2024-05-13,ORD020161,CUST03157,P002,Smartphone,Electronics,Bengaluru,Store,UPI,2,27112.1,0.1,54224.2,48801.78,0,13227.15,2024,5,May,Monday,54224.2,48801.78
2024-05-13,ORD013180,CUST04924,P019,Vacuum Cleaner,Home,Pune,Store,UPI,1,9746.48,0.25,9746.48,7309.86,0,642.02,2024,5,May,Monday,9746.48,7309.86
2024-05-13,ORD036415,CUST01514,P011,Mixer Grinder,Home,Hyderabad,Online,UPI,3,5193.99,0.05,15581.97,14802.87,1,-740.14,2024,5,May,Monday,15581.97,14802.8715
2024-05-13,ORD036384,CUST03862,P013,Monitor,Electronics,Chennai,Store,UPI,1,17810.23,0.25,17810.23,13357.67,0,1334.95,2024,5,May,Monday,17810.23,13357.6725
2024-05-13,ORD014828,CUST02959,P018,Jacket,Fashion,Pune,Online,UPI,1,5483.02,0.15,5483.02,4660.57,0,550.35,2024,5,May,Monday,5483.02,4660.567
2024-05-13,ORD023744,CUST02799,P005,Office Chair,Furniture,Bengaluru,Store,UPI,1,10013.13,0.1,10013.13,9011.82,0,1210.53,2024,5,May,Monday,10013.13,9011.817
2024-05-13,ORD029120,CUST01289,P003,Headphones,Electronics,Ahmedabad,Online,Credit Card,1,4145.39,0.2,4145.39,3316.31,0,222.4,2024,5,May,Monday,4145.39,3316.3120000000004
2024-05-13,ORD020937,CUST04419,P002,Smartphone,Electronics,Kolkata,Store,UPI,3,27601.38,0.15,82804.14,70383.52,0,15588.23,2024,5,May,Monday,82804.14,70383.519
2024-05-13,ORD028395,CUST01065,P013,Monitor,Electronics,Jaipur,Online,Debit Card,2,18634.81,0.15,37269.62,31679.18,0,4933.78,2024,5,May,Monday,37269.62,31679.177
2024-05-13,ORD045733,CUST02679,P014,Keyboard,Electronics,Mumbai,Online,UPI,2,2618.03,0.0,5236.06,5236.06,0,751.17,2024,5,May,Monday,5236.06,5236.06
2024-05-13,ORD013283,CUST01925,P012,Air Fryer,Home,Chennai,Online,Debit Card,2,7803.97,0.2,15607.94,12486.35,0,2263.01,2024,5,May,Monday,15607.94,12486.352
2024-05-13,ORD023529,CUST00782,P003,Headphones,Electronics,Surat,Online,Net Banking,1,4174.58,0.0,4174.58,4174.58,0,1174.86,2024,5,May,Monday,4174.58,4174.58
2024-05-13,ORD039709,CUST04741,P004,Smartwatch,Electronics,Pune,Store,Debit Card,4,7076.63,0.15,28306.52,24060.54,0,6329.36,2024,5,May,Monday,28306.52,24060.542
2024-05-13,ORD013937,CUST01499,P008,Running Shoes,Fashion,Hyderabad,Store,Debit Card,1,3950.8,0.1,3950.8,3555.72,0,788.29,2024,5,May,Monday,3950.8,3555.7200000000003
2024-05-13,ORD000602,CUST04056,P012,Air Fryer,Home,Pune,Store,UPI,1,6953.41,0.1,6953.41,6258.07,0,629.41,2024,5,May,Monday,6953.41,6258.069
2024-05-13,ORD025338,CUST00080,P017,Jeans,Fashion,Jaipur,Online,UPI,1,2563.54,0.05,2563.54,2435.36,0,654.31,2024,5,May,Monday,2563.54,2435.363
2024-05-13,ORD025344,CUST04978,P016,Sofa,Furniture,Surat,Store,Debit Card,1,37810.98,0.0,37810.98,37810.98,0,8883.45,2024,5,May,Monday,37810.98,37810.98
2024-05-13,ORD031192,CUST01277,P004,Smartwatch,Electronics,Bengaluru,Store,Debit Card,5,7298.49,0.0,36492.45,36492.45,0,7465.36,2024,5,May,Monday,36492.45,36492.45
2024-05-13,ORD039625,CUST00606,P008,Running Shoes,Fashion,Delhi,Online,Debit Card,1,3793.53,0.0,3793.53,3793.53,0,805.39,2024,5,May,Monday,3793.53,3793.53
2024-05-13,ORD018482,CUST00156,P001,Laptop,Electronics,Jaipur,Store,Debit Card,2,63032.61,0.1,126065.22,113458.7,0,20758.48,2024,5,May,Monday,126065.22,113458.698
2024-05-13,ORD015478,CUST01900,P016,Sofa,Furniture,Delhi,Store,Debit Card,1,32632.92,0.2,32632.92,26106.34,0,1507.63,2024,5,May,Monday,32632.92,26106.336
2024-05-13,ORD028166,CUST04920,P004,Smartwatch,Electronics,Pune,Online,Credit Card,1,7259.02,0.15,7259.02,6170.17,0,602.53,2024,5,May,Monday,7259.02,6170.167
2024-05-13,ORD024972,CUST03711,P009,T-Shirt,Fashion,Hyderabad,Online,Cash,1,1259.92,0.05,1259.92,1196.92,0,329.47,2024,5,May,Monday,1259.92,1196.924
2024-05-13,ORD002010,CUST02210,P018,Jacket,Fashion,Pune,Online,UPI,1,5391.18,0.1,5391.18,4852.06,0,792.56,2024,5,May,Monday,5391.18,4852.062000000001
2024-05-13,ORD038683,CUST02379,P011,Mixer Grinder,Home,Bengaluru,Online,UPI,1,5038.65,0.05,5038.65,4786.72,0,1125.37,2024,5,May,Monday,5038.65,4786.7175
2024-05-13,ORD024837,CUST02216,P013,Monitor,Electronics,Surat,Store,Net Banking,1,19023.78,0.05,19023.78,18072.59,0,1326.0,2024,5,May,Monday,19023.78,18072.590999999997
2024-05-13,ORD019896,CUST00479,P005,Office Chair,Furniture,Kolkata,Online,Credit Card,3,9512.56,0.2,28537.68,22830.14,1,-1141.51,2024,5,May,Monday,28537.68,22830.144
2024-05-13,ORD001437,CUST02162,P018,Jacket,Fashion,Jaipur,Store,Net Banking,5,4727.43,0.2,23637.15,18909.72,0,4331.24,2024,5,May,Monday,23637.15,18909.72
2024-05-13,ORD047505,CUST04882,P001,Laptop,Electronics,Surat,Online,Debit Card,1,63494.8,0.05,63494.8,60320.06,0,12276.74,2024,5,May,Monday,63494.8,60320.06
2024-05-13,ORD040084,CUST02008,P017,Jeans,Fashion,Surat,Online,Debit Card,1,2979.5,0.0,2979.5,2979.5,0,343.74,2024,5,May,Monday,2979.5,2979.5
2024-05-13,ORD019021,CUST01879,P020,Microwave,Home,Pune,Online,UPI,1,10056.04,0.1,10056.04,9050.44,0,981.4,2024,5,May,Monday,10056.04,9050.436000000002
2024-05-13,ORD003211,CUST03044,P012,Air Fryer,Home,Bengaluru,Store,UPI,4,6778.3,0.1,27113.2,24401.88,0,5348.25,2024,5,May,Monday,27113.2,24401.88
2024-05-13,ORD001841,CUST04493,P019,Vacuum Cleaner,Home,Chennai,Store,Debit Card,3,8647.33,0.2,25941.99,20753.59,0,2104.19,2024,5,May,Monday,25941.989999999998,20753.592000000004
2024-05-13,ORD042513,CUST03262,P019,Vacuum Cleaner,Home,Bengaluru,Online,Net Banking,1,9640.63,0.0,9640.63,9640.63,0,1479.4,2024,5,May,Monday,9640.63,9640.63
2024-05-13,ORD028155,CUST02206,P019,Vacuum Cleaner,Home,Hyderabad,Online,UPI,1,8303.6,0.2,8303.6,6642.88,0,505.91,2024,5,May,Monday,8303.6,6642.880000000001
2024-05-13,ORD045219,CUST00630,P009,T-Shirt,Fashion,Pune,Online,Credit Card,1,1183.97,0.05,1183.97,1124.77,0,201.58,2024,5,May,Monday,1183.97,1124.7715
2024-05-13,ORD014156,CUST03861,P004,Smartwatch,Electronics,Pune,Online,Debit Card,1,6771.88,0.0,6771.88,6771.88,0,2009.83,2024,5,May,Monday,6771.88,6771.88
2024-05-14,ORD010736,CUST03042,P005,Office Chair,Furniture,Jaipur,Online,Debit Card,1,10052.86,0.2,10052.86,8042.29,0,454.83,2024,5,May,Tuesday,10052.86,8042.2880000000005
2024-05-14,ORD006782,CUST02560,P011,Mixer Grinder,Home,Hyderabad,Online,Credit Card,1,4593.82,0.05,4593.82,4364.13,0,815.76,2024,5,May,Tuesday,4593.82,4364.129
2024-05-14,ORD019842,CUST00980,P010,Coffee Maker,Home,Chennai,Store,Debit Card,2,5898.25,0.15,11796.5,10027.02,0,2245.53,2024,5,May,Tuesday,11796.5,10027.025
2024-05-14,ORD014807,CUST00092,P007,Backpack,Accessories,Pune,Online,Cash,4,2161.7,0.0,8646.8,8646.8,0,1439.38,2024,5,May,Tuesday,8646.8,8646.8
2024-05-14,ORD025606,CUST01446,P004,Smartwatch,Electronics,Hyderabad,Store,UPI,3,6925.71,0.2,20777.13,16621.7,0,2081.83,2024,5,May,Tuesday,20777.13,16621.704
2024-05-14,ORD025652,CUST01571,P010,Coffee Maker,Home,Jaipur,Online,Debit Card,1,5273.34,0.05,5273.34,5009.67,0,781.68,2024,5,May,Tuesday,5273.34,5009.673
2024-05-14,ORD038543,CUST00993,P018,Jacket,Fashion,Jaipur,Online,UPI,1,4853.13,0.05,4853.13,4610.47,0,1219.5,2024,5,May,Tuesday,4853.13,4610.4735
2024-05-14,ORD020539,CUST01781,P008,Running Shoes,Fashion,Hyderabad,Store,UPI,1,3994.01,0.0,3994.01,3994.01,0,928.28,2024,5,May,Tuesday,3994.01,3994.01
2024-05-14,ORD030728,CUST03943,P015,Dining Table,Furniture,Bengaluru,Online,UPI,5,22318.04,0.2,111590.2,89272.16,0,14476.47,2024,5,May,Tuesday,111590.20000000001,89272.16
2024-05-14,ORD035917,CUST00892,P015,Dining Table,Furniture,Pune,Store,Debit Card,1,24106.31,0.15,24106.31,20490.36,0,1836.36,2024,5,May,Tuesday,24106.31,20490.3635
2024-05-14,ORD021368,CUST00270,P010,Coffee Maker,Home,Jaipur,Online,Debit Card,1,5792.56,0.0,5792.56,5792.56,0,1510.89,2024,5,May,Tuesday,5792.56,5792.56
2024-05-14,ORD025354,CUST01466,P004,Smartwatch,Electronics,Jaipur,Store,Debit Card,1,7567.63,0.05,7567.63,7189.25,0,1004.53,2024,5,May,Tuesday,7567.63,7189.2485
2024-05-14,ORD002068,CUST04152,P020,Microwave,Home,Chennai,Online,UPI,5,11882.62,0.05,59413.1,56442.44,1,-2822.12,2024,5,May,Tuesday,59413.100000000006,56442.44499999999
2024-05-14,ORD025225,CUST04962,P009,T-Shirt,Fashion,Surat,Online,UPI,1,1111.19,0.0,1111.19,1111.19,0,192.8,2024,5,May,Tuesday,1111.19,1111.19
2024-05-14,ORD041036,CUST00989,P002,Smartphone,Electronics,Pune,Store,UPI,1,25299.86,0.2,25299.86,20239.89,0,3106.02,2024,5,May,Tuesday,25299.86,20239.888000000003
2024-05-14,ORD039088,CUST01711,P018,Jacket,Fashion,Ahmedabad,Store,Credit Card,3,4959.45,0.1,14878.35,13390.52,0,2112.79,2024,5,May,Tuesday,14878.349999999999,13390.515000000001
2024-05-14,ORD025604,CUST03775,P020,Microwave,Home,Jaipur,Store,Credit Card,1,10859.78,0.05,10859.78,10316.79,0,2648.89,2024,5,May,Tuesday,10859.78,10316.791
2024-05-14,ORD020136,CUST00455,P010,Coffee Maker,Home,Pune,Store,UPI,1,6019.43,0.1,6019.43,5417.49,0,1133.42,2024,5,May,Tuesday,6019.43,5417.487
2024-05-14,ORD024885,CUST03193,P007,Backpack,Accessories,Delhi,Store,Cash,1,2208.14,0.0,2208.14,2208.14,0,646.7,2024,5,May,Tuesday,2208.14,2208.14
2024-05-14,ORD019561,CUST00745,P007,Backpack,Accessories,Delhi,Store,UPI,3,2018.4,0.1,6055.2,5449.68,0,885.17,2024,5,May,Tuesday,6055.200000000001,5449.68
2024-05-14,ORD038254,CUST01637,P012,Air Fryer,Home,Ahmedabad,Store,UPI,5,7287.35,0.0,36436.75,36436.75,0,8532.07,2024,5,May,Tuesday,36436.75,36436.75
2024-05-14,ORD045699,CUST00646,P009,T-Shirt,Fashion,Chennai,Online,UPI,2,1287.19,0.1,2574.38,2316.94,0,557.38,2024,5,May,Tuesday,2574.38,2316.942
2024-05-14,ORD008828,CUST00224,P009,T-Shirt,Fashion,Delhi,Online,Debit Card,3,1288.0,0.0,3864.0,3864.0,0,465.18,2024,5,May,Tuesday,3864.0,3864.0
2024-05-14,ORD024883,CUST04025,P003,Headphones,Electronics,Chennai,Online,Debit Card,1,4924.01,0.2,4924.01,3939.21,0,259.37,2024,5,May,Tuesday,4924.01,3939.2080000000005
2024-05-14,ORD031800,CUST02864,P019,Vacuum Cleaner,Home,Mumbai,Online,Credit Card,1,9451.1,0.0,9451.1,9451.1,0,797.2,2024,5,May,Tuesday,9451.1,9451.1
2024-05-14,ORD044840,CUST01268,P005,Office Chair,Furniture,Jaipur,Store,Net Banking,1,9323.7,0.15,9323.7,7925.14,0,880.93,2024,5,May,Tuesday,9323.7,7925.145
2024-05-14,ORD001377,CUST00391,P010,Coffee Maker,Home,Kolkata,Online,UPI,1,5870.78,0.0,5870.78,5870.78,0,1362.08,2024,5,May,Tuesday,5870.78,5870.78
2024-05-14,ORD028862,CUST01015,P013,Monitor,Electronics,Ahmedabad,Online,Cash,3,18792.0,0.1,56376.0,50738.4,0,6287.26,2024,5,May,Tuesday,56376.0,50738.4
2024-05-14,ORD025030,CUST01918,P011,Mixer Grinder,Home,Pune,Store,UPI,2,4340.35,0.0,8680.7,8680.7,0,2006.74,2024,5,May,Tuesday,8680.7,8680.7
2024-05-14,ORD020193,CUST01812,P004,Smartwatch,Electronics,Delhi,Online,Credit Card,1,6431.68,0.2,6431.68,5145.34,0,601.01,2024,5,May,Tuesday,6431.68,5145.344000000001
2024-05-14,ORD021221,CUST04407,P002,Smartphone,Electronics,Bengaluru,Online,Net Banking,1,28773.05,0.15,28773.05,24457.09,0,5270.2,2024,5,May,Tuesday,28773.05,24457.0925
2024-05-14,ORD008041,CUST03796,P020,Microwave,Home,Ahmedabad,Store,Net Banking,1,12067.43,0.05,12067.43,11464.06,0,2227.5,2024,5,May,Tuesday,12067.43,11464.0585
2024-05-14,ORD039942,CUST02513,P002,Smartphone,Electronics,Pune,Store,UPI,4,26792.83,0.2,107171.32,85737.06,0,20722.3,2024,5,May,Tuesday,107171.32,85737.05600000001
2024-05-14,ORD048369,CUST04932,P006,Desk,Furniture,Surat,Online,UPI,1,11491.55,0.05,11491.55,10916.97,0,2877.69,2024,5,May,Tuesday,11491.55,10916.972499999998
2024-05-14,ORD025156,CUST01037,P010,Coffee Maker,Home,Jaipur,Online,UPI,4,5456.68,0.1,21826.72,19644.05,0,4788.08,2024,5,May,Tuesday,21826.72,19644.048000000003
2024-05-14,ORD046757,CUST02647,P014,Keyboard,Electronics,Mumbai,Store,UPI,1,2596.25,0.0,2596.25,2596.25,1,-129.81,2024,5,May,Tuesday,2596.25,2596.25
2024-05-14,ORD048891,CUST01292,P009,T-Shirt,Fashion,Hyderabad,Online,UPI,2,1240.94,0.05,2481.88,2357.79,0,372.04,2024,5,May,Tuesday,2481.88,2357.786
2024-05-14,ORD021315,CUST04792,P017,Jeans,Fashion,Chennai,Online,UPI,1,3024.88,0.1,3024.88,2722.39,0,592.32,2024,5,May,Tuesday,3024.88,2722.3920000000003
2024-05-14,ORD026202,CUST04498,P007,Backpack,Accessories,Surat,Store,Credit Card,1,2189.53,0.2,2189.53,1751.62,1,-87.58,2024,5,May,Tuesday,2189.53,1751.6240000000003
2024-05-14,ORD034749,CUST04535,P010,Coffee Maker,Home,Surat,Store,UPI,2,4974.24,0.2,9948.48,7958.78,0,1325.03,2024,5,May,Tuesday,9948.48,7958.784
2024-05-14,ORD045288,CUST01064,P005,Office Chair,Furniture,Ahmedabad,Online,Credit Card,1,8959.75,0.1,8959.75,8063.78,1,-403.19,2024,5,May,Tuesday,8959.75,8063.775000000001
2024-05-14,ORD010059,CUST00566,P009,T-Shirt,Fashion,Kolkata,Store,Credit Card,1,1267.89,0.2,1267.89,1014.31,1,-50.72,2024,5,May,Tuesday,1267.89,1014.3120000000001
2024-05-14,ORD018192,CUST00191,P018,Jacket,Fashion,Kolkata,Online,UPI,1,5168.42,0.2,5168.42,4134.74,0,589.97,2024,5,May,Tuesday,5168.42,4134.736
2024-05-14,ORD045322,CUST01675,P010,Coffee Maker,Home,Chennai,Store,Credit Card,4,5630.49,0.0,22521.96,22521.96,0,2355.67,2024,5,May,Tuesday,22521.96,22521.96
2024-05-14,ORD033181,CUST00875,P013,Monitor,Electronics,Jaipur,Online,UPI,4,16662.09,0.1,66648.36,59983.52,0,6585.37,2024,5,May,Tuesday,66648.36,59983.524000000005
2024-05-14,ORD006341,CUST00157,P010,Coffee Maker,Home,Mumbai,Store,UPI,1,5145.54,0.1,5145.54,4630.99,0,465.56,2024,5,May,Tuesday,5145.54,4630.986
2024-05-14,ORD032534,CUST04888,P002,Smartphone,Electronics,Hyderabad,Store,Credit Card,5,26730.65,0.25,133653.25,100239.94,0,8700.77,2024,5,May,Tuesday,133653.25,100239.9375
2024-05-14,ORD030293,CUST01805,P015,Dining Table,Furniture,Delhi,Store,Net Banking,1,20445.01,0.1,20445.01,18400.51,0,4044.95,2024,5,May,Tuesday,20445.01,18400.509
2024-05-14,ORD023526,CUST01268,P014,Keyboard,Electronics,Mumbai,Store,Net Banking,4,2550.16,0.05,10200.64,9690.61,0,2385.04,2024,5,May,Tuesday,10200.64,9690.607999999998
2024-05-14,ORD042456,CUST01581,P008,Running Shoes,Fashion,Kolkata,Store,UPI,1,4258.27,0.05,4258.27,4045.36,0,854.02,2024,5,May,Tuesday,4258.27,4045.3565000000003
2024-05-14,ORD028543,CUST02840,P010,Coffee Maker,Home,Jaipur,Online,UPI,1,5520.75,0.0,5520.75,5520.75,0,1214.95,2024,5,May,Tuesday,5520.75,5520.75
2024-05-14,ORD042745,CUST00878,P009,T-Shirt,Fashion,Ahmedabad,Store,Credit Card,4,1153.3,0.05,4613.2,4382.54,0,394.31,2024,5,May,Tuesday,4613.2,4382.54
2024-05-14,ORD041344,CUST01634,P006,Desk,Furniture,Bengaluru,Store,UPI,1,10916.29,0.1,10916.29,9824.66,0,1848.36,2024,5,May,Tuesday,10916.29,9824.661000000002
2024-05-14,ORD001006,CUST04470,P011,Mixer Grinder,Home,Kolkata,Online,UPI,2,4972.14,0.15,9944.28,8452.64,0,1143.96,2024,5,May,Tuesday,9944.28,8452.638
2024-05-14,ORD030175,CUST04342,P018,Jacket,Fashion,Ahmedabad,Online,Credit Card,1,5714.5,0.0,5714.5,5714.5,0,1412.6,2024,5,May,Tuesday,5714.5,5714.5
2024-05-14,ORD022493,CUST00324,P013,Monitor,Electronics,Bengaluru,Online,Cash,4,17664.65,0.1,70658.6,63592.74,0,13175.56,2024,5,May,Tuesday,70658.6,63592.740000000005
2024-05-14,ORD024016,CUST03457,P006,Desk,Furniture,Surat,Online,Credit Card,1,12473.62,0.0,12473.62,12473.62,0,3681.42,2024,5,May,Tuesday,12473.62,12473.62
2024-05-14,ORD018086,CUST03528,P008,Running Shoes,Fashion,Jaipur,Online,UPI,1,3938.05,0.05,3938.05,3741.15,0,929.52,2024,5,May,Tuesday,3938.05,3741.1475
2024-05-14,ORD009168,CUST02842,P005,Office Chair,Furniture,Kolkata,Store,UPI,5,9154.43,0.1,45772.15,41194.94,0,5298.44,2024,5,May,Tuesday,45772.15,41194.935000000005
2024-05-14,ORD008353,CUST02105,P006,Desk,Furniture,Jaipur,Store,Credit Card,2,11976.58,0.1,23953.16,21557.84,0,5235.67,2024,5,May,Tuesday,23953.16,21557.844
2024-05-14,ORD047870,CUST03180,P020,Microwave,Home,Kolkata,Store,Debit Card,3,11245.11,0.1,33735.33,30361.8,0,6906.0,2024,5,May,Tuesday,33735.33,30361.797000000002
2024-05-14,ORD041596,CUST02279,P005,Office Chair,Furniture,Kolkata,Online,UPI,1,9486.68,0.1,9486.68,8538.01,0,780.17,2024,5,May,Tuesday,9486.68,8538.012
2024-05-14,ORD033013,CUST02871,P003,Headphones,Electronics,Hyderabad,Store,UPI,1,4414.94,0.05,4414.94,4194.19,0,841.22,2024,5,May,Tuesday,4414.94,4194.192999999999
2024-05-14,ORD049078,CUST01609,P014,Keyboard,Electronics,Bengaluru,Online,UPI,3,2377.8,0.1,7133.4,6420.06,0,448.81,2024,5,May,Tuesday,7133.400000000001,6420.0599999999995
2024-05-14,ORD041156,CUST01706,P007,Backpack,Accessories,Surat,Online,Debit Card,1,2265.12,0.0,2265.12,2265.12,0,570.98,2024,5,May,Tuesday,2265.12,2265.12
2024-05-14,ORD042897,CUST04326,P011,Mixer Grinder,Home,Mumbai,Online,Cash,2,4700.96,0.15,9401.92,7991.63,0,1502.28,2024,5,May,Tuesday,9401.92,7991.632
2024-05-14,ORD045410,CUST01961,P007,Backpack,Accessories,Hyderabad,Store,Debit Card,5,2000.06,0.15,10000.3,8500.25,1,-425.01,2024,5,May,Tuesday,10000.3,8500.255
2024-05-14,ORD032837,CUST02835,P012,Air Fryer,Home,Pune,Online,UPI,2,7720.78,0.05,15441.56,14669.48,0,1668.82,2024,5,May,Tuesday,15441.56,14669.481999999998
2024-05-14,ORD006396,CUST01358,P013,Monitor,Electronics,Ahmedabad,Online,UPI,1,17542.29,0.25,17542.29,13156.72,1,-657.84,2024,5,May,Tuesday,17542.29,13156.7175
2024-05-14,ORD006421,CUST04733,P001,Laptop,Electronics,Delhi,Store,Credit Card,2,68974.37,0.05,137948.74,131051.3,0,26292.73,2024,5,May,Tuesday,137948.74,131051.30299999999
2024-05-14,ORD032235,CUST01878,P014,Keyboard,Electronics,Jaipur,Online,Credit Card,1,2674.92,0.15,2674.92,2273.68,0,555.83,2024,5,May,Tuesday,2674.92,2273.682
2024-05-14,ORD003496,CUST03832,P004,Smartwatch,Electronics,Jaipur,Store,UPI,1,7513.14,0.1,7513.14,6761.83,0,1306.62,2024,5,May,Tuesday,7513.14,6761.826
2024-05-14,ORD019290,CUST02778,P020,Microwave,Home,Bengaluru,Online,Cash,1,10657.82,0.15,10657.82,9059.15,0,1578.87,2024,5,May,Tuesday,10657.82,9059.146999999999
2024-05-14,ORD049602,CUST04687,P004,Smartwatch,Electronics,Delhi,Online,Credit Card,1,6492.07,0.05,6492.07,6167.47,0,1419.81,2024,5,May,Tuesday,6492.07,6167.4664999999995
2024-05-14,ORD036563,CUST01486,P009,T-Shirt,Fashion,Chennai,Store,Cash,1,1208.88,0.0,1208.88,1208.88,0,267.73,2024,5,May,Tuesday,1208.88,1208.88
2024-05-14,ORD007134,CUST01095,P001,Laptop,Electronics,Ahmedabad,Online,UPI,1,65026.76,0.1,65026.76,58524.08,1,-2926.2,2024,5,May,Tuesday,65026.76,58524.084
2024-05-14,ORD037787,CUST02038,P002,Smartphone,Electronics,Delhi,Store,Net Banking,5,27504.16,0.05,137520.8,130644.76,0,19953.46,2024,5,May,Tuesday,137520.8,130644.75999999998
2024-05-14,ORD032575,CUST02311,P014,Keyboard,Electronics,Ahmedabad,Online,Credit Card,1,2674.22,0.05,2674.22,2540.51,0,461.04,2024,5,May,Tuesday,2674.22,2540.5089999999996
2024-05-14,ORD041771,CUST03264,P015,Dining Table,Furniture,Mumbai,Online,UPI,1,20675.07,0.15,20675.07,17573.81,0,4510.27,2024,5,May,Tuesday,20675.07,17573.8095
2024-05-15,ORD034243,CUST02290,P013,Monitor,Electronics,Delhi,Online,UPI,1,17956.16,0.1,17956.16,16160.54,0,3838.22,2024,5,May,Wednesday,17956.16,16160.544
2024-05-15,ORD013085,CUST00971,P003,Headphones,Electronics,Jaipur,Online,UPI,1,4677.89,0.0,4677.89,4677.89,0,532.2,2024,5,May,Wednesday,4677.89,4677.89
2024-05-15,ORD022760,CUST01143,P019,Vacuum Cleaner,Home,Chennai,Online,Debit Card,5,8125.54,0.0,40627.7,40627.7,0,6822.24,2024,5,May,Wednesday,40627.7,40627.7
2024-05-15,ORD023997,CUST03825,P015,Dining Table,Furniture,Pune,Online,Net Banking,1,21146.93,0.1,21146.93,19032.24,0,4365.74,2024,5,May,Wednesday,21146.93,19032.237
2024-05-15,ORD015055,CUST04410,P002,Smartphone,Electronics,Delhi,Online,Credit Card,1,29831.18,0.0,29831.18,29831.18,0,7268.36,2024,5,May,Wednesday,29831.18,29831.18
2024-05-15,ORD045830,CUST04301,P003,Headphones,Electronics,Bengaluru,Online,Credit Card,1,4139.66,0.1,4139.66,3725.69,0,529.3,2024,5,May,Wednesday,4139.66,3725.694
2024-05-15,ORD041656,CUST00801,P008,Running Shoes,Fashion,Hyderabad,Online,Credit Card,3,3993.77,0.0,11981.31,11981.31,0,2927.84,2024,5,May,Wednesday,11981.31,11981.31
2024-05-15,ORD039990,CUST02322,P016,Sofa,Furniture,Kolkata,Online,Debit Card,1,38216.11,0.25,38216.11,28662.08,0,2307.64,2024,5,May,Wednesday,38216.11,28662.0825
2024-05-15,ORD046473,CUST01827,P013,Monitor,Electronics,Ahmedabad,Store,Debit Card,3,19569.31,0.05,58707.93,55772.53,0,6925.54,2024,5,May,Wednesday,58707.93000000001,55772.5335
2024-05-15,ORD018364,CUST04521,P019,Vacuum Cleaner,Home,Jaipur,Online,Credit Card,3,8683.24,0.05,26049.72,24747.23,0,6179.33,2024,5,May,Wednesday,26049.72,24747.234
2024-05-15,ORD046162,CUST00700,P016,Sofa,Furniture,Mumbai,Store,Net Banking,1,37092.42,0.0,37092.42,37092.42,0,5664.3,2024,5,May,Wednesday,37092.42,37092.42
2024-05-15,ORD023256,CUST04195,P011,Mixer Grinder,Home,Mumbai,Store,Credit Card,2,4563.36,0.15,9126.72,7757.71,0,938.96,2024,5,May,Wednesday,9126.72,7757.7119999999995
2024-05-15,ORD029135,CUST04584,P010,Coffee Maker,Home,Delhi,Online,Debit Card,1,5261.81,0.1,5261.81,4735.63,0,841.25,2024,5,May,Wednesday,5261.81,4735.629000000001
2024-05-15,ORD038728,CUST02347,P001,Laptop,Electronics,Bengaluru,Online,Credit Card,1,66598.08,0.15,66598.08,56608.37,1,-2830.42,2024,5,May,Wednesday,66598.08,56608.368
2024-05-15,ORD032669,CUST04044,P008,Running Shoes,Fashion,Bengaluru,Store,UPI,1,4318.14,0.15,4318.14,3670.42,0,391.12,2024,5,May,Wednesday,4318.14,3670.4190000000003
2024-05-15,ORD041819,CUST02045,P015,Dining Table,Furniture,Bengaluru,Store,Net Banking,1,22695.7,0.05,22695.7,21560.92,0,5580.32,2024,5,May,Wednesday,22695.7,21560.915
2024-05-15,ORD034415,CUST01843,P015,Dining Table,Furniture,Ahmedabad,Store,Credit Card,4,19942.73,0.1,79770.92,71793.83,0,13499.28,2024,5,May,Wednesday,79770.92,71793.828
2024-05-15,ORD045279,CUST01853,P017,Jeans,Fashion,Mumbai,Online,Cash,1,3003.7,0.15,3003.7,2553.14,0,228.62,2024,5,May,Wednesday,3003.7,2553.145
2024-05-15,ORD035617,CUST04668,P005,Office Chair,Furniture,Mumbai,Store,UPI,1,9303.25,0.15,9303.25,7907.76,0,1444.25,2024,5,May,Wednesday,9303.25,7907.7625
2024-05-15,ORD016764,CUST04558,P010,Coffee Maker,Home,Bengaluru,Store,Debit Card,1,5334.0,0.15,5334.0,4533.9,0,702.18,2024,5,May,Wednesday,5334.0,4533.9
2024-05-15,ORD015120,CUST01103,P006,Desk,Furniture,Ahmedabad,Store,Debit Card,2,12437.93,0.0,24875.86,24875.86,0,5852.97,2024,5,May,Wednesday,24875.86,24875.86
2024-05-15,ORD009145,CUST03657,P002,Smartphone,Electronics,Delhi,Online,Credit Card,1,28595.68,0.1,28595.68,25736.11,0,6013.68,2024,5,May,Wednesday,28595.68,25736.112
2024-05-15,ORD036100,CUST01709,P019,Vacuum Cleaner,Home,Hyderabad,Store,Credit Card,1,8683.89,0.2,8683.89,6947.11,1,-347.36,2024,5,May,Wednesday,8683.89,6947.112
2024-05-15,ORD045689,CUST02922,P004,Smartwatch,Electronics,Chennai,Online,UPI,1,6536.39,0.1,6536.39,5882.75,1,-294.14,2024,5,May,Wednesday,6536.39,5882.751
2024-05-15,ORD027539,CUST00160,P003,Headphones,Electronics,Bengaluru,Online,Debit Card,3,4467.38,0.05,13402.14,12732.03,1,-636.6,2024,5,May,Wednesday,13402.14,12732.033
2024-05-15,ORD041545,CUST00580,P012,Air Fryer,Home,Mumbai,Store,Net Banking,1,7003.56,0.0,7003.56,7003.56,0,1852.8,2024,5,May,Wednesday,7003.56,7003.56
2024-05-15,ORD023760,CUST00644,P016,Sofa,Furniture,Bengaluru,Store,Debit Card,5,34879.62,0.1,174398.1,156958.29,0,28707.16,2024,5,May,Wednesday,174398.1,156958.29
2024-05-15,ORD028432,CUST00712,P003,Headphones,Electronics,Surat,Store,UPI,1,4888.38,0.0,4888.38,4888.38,0,1031.7,2024,5,May,Wednesday,4888.38,4888.38
2024-05-15,ORD038967,CUST02017,P012,Air Fryer,Home,Hyderabad,Online,UPI,1,7602.57,0.0,7602.57,7602.57,0,1730.66,2024,5,May,Wednesday,7602.57,7602.57
2024-05-15,ORD009552,CUST03323,P017,Jeans,Fashion,Mumbai,Online,Debit Card,1,3023.15,0.0,3023.15,3023.15,0,483.29,2024,5,May,Wednesday,3023.15,3023.15
2024-05-15,ORD008336,CUST04833,P005,Office Chair,Furniture,Surat,Store,UPI,3,9173.6,0.05,27520.8,26144.76,0,6843.07,2024,5,May,Wednesday,27520.800000000003,26144.76
2024-05-15,ORD035880,CUST04817,P012,Air Fryer,Home,Ahmedabad,Online,UPI,1,7423.82,0.2,7423.82,5939.06,0,764.34,2024,5,May,Wednesday,7423.82,5939.0560000000005
2024-05-15,ORD024760,CUST00028,P013,Monitor,Electronics,Hyderabad,Store,Debit Card,5,19071.61,0.1,95358.05,85822.25,0,11991.28,2024,5,May,Wednesday,95358.05,85822.24500000001
2024-05-15,ORD022409,CUST03382,P014,Keyboard,Electronics,Hyderabad,Store,UPI,1,2728.63,0.15,2728.63,2319.34,0,116.44,2024,5,May,Wednesday,2728.63,2319.3355
2024-05-15,ORD000433,CUST03088,P008,Running Shoes,Fashion,Mumbai,Store,Credit Card,1,4178.53,0.0,4178.53,4178.53,0,358.01,2024,5,May,Wednesday,4178.53,4178.53
2024-05-15,ORD031072,CUST03031,P016,Sofa,Furniture,Bengaluru,Online,Credit Card,2,31749.88,0.15,63499.76,53974.8,0,6513.78,2024,5,May,Wednesday,63499.76,53974.796
2024-05-15,ORD002572,CUST00383,P015,Dining Table,Furniture,Surat,Store,UPI,1,23210.12,0.0,23210.12,23210.12,0,4607.25,2024,5,May,Wednesday,23210.12,23210.12
2024-05-15,ORD037591,CUST02235,P012,Air Fryer,Home,Chennai,Store,Net Banking,1,7693.38,0.15,7693.38,6539.37,0,731.98,2024,5,May,Wednesday,7693.38,6539.373
2024-05-15,ORD010848,CUST04999,P007,Backpack,Accessories,Bengaluru,Online,Credit Card,2,2253.52,0.1,4507.04,4056.34,0,481.29,2024,5,May,Wednesday,4507.04,4056.3360000000002
2024-05-15,ORD019511,CUST02037,P005,Office Chair,Furniture,Mumbai,Store,UPI,1,9554.81,0.15,9554.81,8121.59,0,1966.05,2024,5,May,Wednesday,9554.81,8121.588499999999
2024-05-15,ORD038164,CUST02363,P020,Microwave,Home,Pune,Store,UPI,1,11329.43,0.2,11329.43,9063.54,0,979.07,2024,5,May,Wednesday,11329.43,9063.544
2024-05-15,ORD042100,CUST03763,P015,Dining Table,Furniture,Bengaluru,Store,UPI,1,21366.6,0.0,21366.6,21366.6,1,-1068.33,2024,5,May,Wednesday,21366.6,21366.6
2024-05-15,ORD019212,CUST04100,P014,Keyboard,Electronics,Ahmedabad,Online,Cash,2,2649.58,0.05,5299.16,5034.2,0,1114.18,2024,5,May,Wednesday,5299.16,5034.201999999999
2024-05-15,ORD003347,CUST03997,P006,Desk,Furniture,Hyderabad,Store,Credit Card,1,11514.47,0.05,11514.47,10938.75,0,2974.22,2024,5,May,Wednesday,11514.47,10938.7465
2024-05-15,ORD008874,CUST00495,P002,Smartphone,Electronics,Surat,Online,UPI,3,25506.01,0.15,76518.03,65040.33,0,6803.64,2024,5,May,Wednesday,76518.03,65040.3255
2024-05-15,ORD013328,CUST01607,P001,Laptop,Electronics,Mumbai,Online,Debit Card,1,63633.25,0.15,63633.25,54088.26,0,10008.84,2024,5,May,Wednesday,63633.25,54088.2625
2024-05-15,ORD001494,CUST01101,P014,Keyboard,Electronics,Bengaluru,Online,Credit Card,1,2378.79,0.1,2378.79,2140.91,0,336.41,2024,5,May,Wednesday,2378.79,2140.911
2024-05-15,ORD048842,CUST00931,P007,Backpack,Accessories,Hyderabad,Online,Debit Card,1,2084.98,0.05,2084.98,1980.73,0,471.42,2024,5,May,Wednesday,2084.98,1980.731
2024-05-15,ORD029504,CUST00583,P009,T-Shirt,Fashion,Ahmedabad,Online,Net Banking,1,1302.75,0.1,1302.75,1172.48,0,141.45,2024,5,May,Wednesday,1302.75,1172.4750000000001
2024-05-15,ORD019384,CUST02730,P004,Smartwatch,Electronics,Delhi,Online,UPI,1,7329.93,0.15,7329.93,6230.44,0,875.37,2024,5,May,Wednesday,7329.93,6230.4405
2024-05-15,ORD017643,CUST03601,P013,Monitor,Electronics,Bengaluru,Online,UPI,4,19163.03,0.0,76652.12,76652.12,0,20450.65,2024,5,May,Wednesday,76652.12,76652.12
2024-05-15,ORD030416,CUST02305,P008,Running Shoes,Fashion,Pune,Online,Credit Card,3,3979.55,0.15,11938.65,10147.85,0,1079.92,2024,5,May,Wednesday,11938.650000000001,10147.852499999999
2024-05-15,ORD038137,CUST04079,P003,Headphones,Electronics,Bengaluru,Online,UPI,1,4256.11,0.1,4256.11,3830.5,0,699.23,2024,5,May,Wednesday,4256.11,3830.499
2024-05-15,ORD016574,CUST04569,P004,Smartwatch,Electronics,Kolkata,Store,Credit Card,1,7291.33,0.1,7291.33,6562.2,0,1532.62,2024,5,May,Wednesday,7291.33,6562.197
2024-05-15,ORD009246,CUST04961,P020,Microwave,Home,Hyderabad,Store,Credit Card,5,10288.05,0.05,51440.25,48868.24,0,10465.69,2024,5,May,Wednesday,51440.25,48868.237499999996
2024-05-15,ORD025280,CUST01755,P010,Coffee Maker,Home,Ahmedabad,Store,Debit Card,1,5704.7,0.15,5704.7,4849.0,0,330.21,2024,5,May,Wednesday,5704.7,4848.995
2024-05-15,ORD024149,CUST04486,P019,Vacuum Cleaner,Home,Pune,Store,UPI,1,9244.81,0.05,9244.81,8782.57,0,2029.05,2024,5,May,Wednesday,9244.81,8782.5695
2024-05-15,ORD019144,CUST03086,P003,Headphones,Electronics,Chennai,Store,Cash,1,4506.37,0.0,4506.37,4506.37,0,942.04,2024,5,May,Wednesday,4506.37,4506.37
2024-05-15,ORD017985,CUST01102,P001,Laptop,Electronics,Delhi,Store,Credit Card,1,63959.63,0.15,63959.63,54365.69,0,3133.56,2024,5,May,Wednesday,63959.63,54365.6855
2024-05-15,ORD036090,CUST04855,P020,Microwave,Home,Ahmedabad,Online,Debit Card,3,11406.63,0.1,34219.89,30797.9,0,6203.82,2024,5,May,Wednesday,34219.89,30797.901
2024-05-15,ORD025663,CUST04698,P005,Office Chair,Furniture,Jaipur,Store,Net Banking,3,10139.86,0.0,30419.58,30419.58,0,7596.83,2024,5,May,Wednesday,30419.58,30419.58
2024-05-15,ORD001452,CUST00096,P002,Smartphone,Electronics,Chennai,Online,UPI,1,28989.73,0.0,28989.73,28989.73,0,2436.95,2024,5,May,Wednesday,28989.73,28989.73
2024-05-15,ORD031095,CUST04320,P017,Jeans,Fashion,Delhi,Online,Credit Card,1,2864.99,0.1,2864.99,2578.49,0,227.31,2024,5,May,Wednesday,2864.99,2578.491
2024-05-15,ORD047182,CUST03343,P006,Desk,Furniture,Jaipur,Store,Cash,1,12697.66,0.0,12697.66,12697.66,0,1159.55,2024,5,May,Wednesday,12697.66,12697.66
2024-05-15,ORD047698,CUST04214,P007,Backpack,Accessories,Surat,Store,Net Banking,1,2233.34,0.15,2233.34,1898.34,0,425.02,2024,5,May,Wednesday,2233.34,1898.3390000000002
2024-05-15,ORD047235,CUST01094,P017,Jeans,Fashion,Chennai,Store,Debit Card,1,3049.51,0.05,3049.51,2897.03,0,504.96,2024,5,May,Wednesday,3049.51,2897.0345
2024-05-15,ORD001453,CUST01391,P018,Jacket,Fashion,Delhi,Store,Net Banking,3,5518.14,0.1,16554.42,14898.98,0,1265.63,2024,5,May,Wednesday,16554.420000000002,14898.978
2024-05-15,ORD029345,CUST00514,P019,Vacuum Cleaner,Home,Pune,Online,Debit Card,3,8618.64,0.05,25855.92,24563.12,0,2621.62,2024,5,May,Wednesday,25855.92,24563.123999999996
2024-05-15,ORD020857,CUST00054,P006,Desk,Furniture,Chennai,Online,Credit Card,1,13198.56,0.0,13198.56,13198.56,0,2137.49,2024,5,May,Wednesday,13198.56,13198.56
2024-05-15,ORD042006,CUST04675,P015,Dining Table,Furniture,Surat,Online,Credit Card,1,20217.06,0.05,20217.06,19206.21,0,5170.3,2024,5,May,Wednesday,20217.06,19206.207000000002
2024-05-16,ORD031208,CUST00633,P013,Monitor,Electronics,Bengaluru,Online,Debit Card,1,17490.51,0.1,17490.51,15741.46,0,3625.25,2024,5,May,Thursday,17490.51,15741.458999999999
2024-05-16,ORD015677,CUST02751,P018,Jacket,Fashion,Jaipur,Store,Credit Card,1,4681.07,0.1,4681.07,4212.96,0,947.71,2024,5,May,Thursday,4681.07,4212.963
2024-05-16,ORD016997,CUST00595,P020,Microwave,Home,Surat,Online,UPI,2,12007.23,0.05,24014.46,22813.74,1,-1140.69,2024,5,May,Thursday,24014.46,22813.736999999997
2024-05-16,ORD020682,CUST04987,P004,Smartwatch,Electronics,Delhi,Store,Cash,1,7310.63,0.0,7310.63,7310.63,0,1346.33,2024,5,May,Thursday,7310.63,7310.63
2024-05-16,ORD004448,CUST04570,P016,Sofa,Furniture,Hyderabad,Store,Net Banking,1,32723.97,0.05,32723.97,31087.77,0,3183.78,2024,5,May,Thursday,32723.97,31087.7715
2024-05-16,ORD023497,CUST01976,P018,Jacket,Fashion,Jaipur,Store,UPI,4,5674.32,0.0,22697.28,22697.28,0,3351.61,2024,5,May,Thursday,22697.28,22697.28
2024-05-16,ORD044163,CUST04408,P002,Smartphone,Electronics,Pune,Online,Credit Card,1,30238.65,0.0,30238.65,30238.65,0,5934.85,2024,5,May,Thursday,30238.65,30238.65
2024-05-16,ORD020963,CUST00681,P014,Keyboard,Electronics,Hyderabad,Online,UPI,1,2505.93,0.0,2505.93,2505.93,0,735.01,2024,5,May,Thursday,2505.93,2505.93
2024-05-16,ORD003424,CUST01370,P020,Microwave,Home,Mumbai,Online,Credit Card,1,10781.02,0.05,10781.02,10241.97,0,2088.82,2024,5,May,Thursday,10781.02,10241.969
2024-05-16,ORD020562,CUST03379,P003,Headphones,Electronics,Kolkata,Store,UPI,1,4261.25,0.1,4261.25,3835.12,0,893.72,2024,5,May,Thursday,4261.25,3835.125
2024-05-16,ORD005967,CUST00793,P008,Running Shoes,Fashion,Jaipur,Online,Debit Card,1,3985.53,0.1,3985.53,3586.98,0,626.95,2024,5,May,Thursday,3985.53,3586.9770000000003
2024-05-16,ORD002554,CUST04247,P006,Desk,Furniture,Pune,Online,Debit Card,1,11504.14,0.1,11504.14,10353.73,0,1359.91,2024,5,May,Thursday,11504.14,10353.726
2024-05-16,ORD036404,CUST00711,P013,Monitor,Electronics,Chennai,Online,Credit Card,1,16934.13,0.15,16934.13,14394.01,0,1035.56,2024,5,May,Thursday,16934.13,14394.0105
2024-05-16,ORD005822,CUST02785,P004,Smartwatch,Electronics,Mumbai,Store,Credit Card,1,7053.22,0.25,7053.22,5289.92,0,621.56,2024,5,May,Thursday,7053.22,5289.915
2024-05-16,ORD036243,CUST02768,P004,Smartwatch,Electronics,Ahmedabad,Store,UPI,1,7252.91,0.0,7252.91,7252.91,0,979.66,2024,5,May,Thursday,7252.91,7252.91
2024-05-16,ORD029795,CUST02821,P010,Coffee Maker,Home,Delhi,Online,Debit Card,1,5374.45,0.2,5374.45,4299.56,0,361.65,2024,5,May,Thursday,5374.45,4299.56
2024-05-16,ORD042037,CUST01386,P008,Running Shoes,Fashion,Mumbai,Online,Credit Card,3,4090.53,0.1,12271.59,11044.43,0,1179.68,2024,5,May,Thursday,12271.59,11044.431
2024-05-16,ORD016168,CUST04678,P013,Monitor,Electronics,Kolkata,Store,UPI,3,18073.84,0.2,54221.52,43377.22,0,7485.85,2024,5,May,Thursday,54221.520000000004,43377.216
2024-05-16,ORD015116,CUST01308,P018,Jacket,Fashion,Kolkata,Store,UPI,1,5326.36,0.1,5326.36,4793.72,1,-239.69,2024,5,May,Thursday,5326.36,4793.724
2024-05-16,ORD004225,CUST02038,P020,Microwave,Home,Delhi,Online,UPI,1,10056.95,0.1,10056.95,9051.26,0,2388.78,2024,5,May,Thursday,10056.95,9051.255000000001
2024-05-16,ORD020443,CUST04913,P015,Dining Table,Furniture,Delhi,Store,Debit Card,3,19981.46,0.1,59944.38,53949.94,0,3693.27,2024,5,May,Thursday,59944.38,53949.941999999995
2024-05-16,ORD028666,CUST00651,P002,Smartphone,Electronics,Mumbai,Online,UPI,2,25578.69,0.2,51157.38,40925.9,0,6251.57,2024,5,May,Thursday,51157.38,40925.904
2024-05-16,ORD014626,CUST03831,P018,Jacket,Fashion,Mumbai,Store,UPI,2,5116.79,0.2,10233.58,8186.86,1,-409.34,2024,5,May,Thursday,10233.58,8186.8640000000005
2024-05-16,ORD030708,CUST01503,P008,Running Shoes,Fashion,Surat,Store,UPI,1,4163.08,0.1,4163.08,3746.77,0,859.33,2024,5,May,Thursday,4163.08,3746.772
2024-05-16,ORD035141,CUST01574,P011,Mixer Grinder,Home,Chennai,Store,Net Banking,1,4820.7,0.1,4820.7,4338.63,0,703.17,2024,5,May,Thursday,4820.7,4338.63
2024-05-16,ORD028909,CUST02221,P003,Headphones,Electronics,Ahmedabad,Store,Debit Card,2,4388.57,0.15,8777.14,7460.57,0,1809.72,2024,5,May,Thursday,8777.14,7460.5689999999995
2024-05-16,ORD008324,CUST00538,P020,Microwave,Home,Ahmedabad,Online,Credit Card,1,11101.25,0.15,11101.25,9436.06,0,2337.5,2024,5,May,Thursday,11101.25,9436.0625
2024-05-16,ORD001511,CUST03907,P002,Smartphone,Electronics,Jaipur,Online,UPI,2,30312.02,0.0,60624.04,60624.04,0,9192.24,2024,5,May,Thursday,60624.04,60624.04
2024-05-16,ORD001239,CUST04863,P009,T-Shirt,Fashion,Pune,Store,UPI,1,1217.24,0.0,1217.24,1217.24,0,140.32,2024,5,May,Thursday,1217.24,1217.24
2024-05-16,ORD038392,CUST01717,P004,Smartwatch,Electronics,Surat,Online,UPI,5,7690.22,0.25,38451.1,28838.32,0,1153.53,2024,5,May,Thursday,38451.1,28838.324999999997
2024-05-16,ORD002087,CUST02242,P015,Dining Table,Furniture,Bengaluru,Online,Net Banking,2,22538.79,0.0,45077.58,45077.58,0,8141.48,2024,5,May,Thursday,45077.58,45077.58
2024-05-16,ORD029350,CUST02127,P013,Monitor,Electronics,Ahmedabad,Online,UPI,2,16267.99,0.05,32535.98,30909.18,0,5262.4,2024,5,May,Thursday,32535.98,30909.180999999997
2024-05-16,ORD042755,CUST00162,P014,Keyboard,Electronics,Mumbai,Store,Cash,2,2710.0,0.0,5420.0,5420.0,0,1067.64,2024,5,May,Thursday,5420.0,5420.0
2024-05-16,ORD015175,CUST03637,P016,Sofa,Furniture,Pune,Online,Debit Card,1,37412.12,0.1,37412.12,33670.91,0,6760.97,2024,5,May,Thursday,37412.12,33670.908
2024-05-16,ORD029366,CUST03581,P003,Headphones,Electronics,Jaipur,Online,Credit Card,1,4825.43,0.1,4825.43,4342.89,0,419.6,2024,5,May,Thursday,4825.43,4342.887000000001
2024-05-16,ORD011908,CUST03168,P005,Office Chair,Furniture,Jaipur,Online,Credit Card,1,9437.31,0.1,9437.31,8493.58,0,1213.44,2024,5,May,Thursday,9437.31,8493.579
2024-05-16,ORD044247,CUST00643,P012,Air Fryer,Home,Ahmedabad,Online,UPI,4,6617.67,0.2,26470.68,21176.54,0,4915.6,2024,5,May,Thursday,26470.68,21176.544
2024-05-16,ORD003850,CUST02621,P001,Laptop,Electronics,Kolkata,Online,UPI,2,62335.85,0.1,124671.7,112204.53,1,-5610.23,2024,5,May,Thursday,124671.7,112204.53
2024-05-16,ORD024339,CUST01066,P017,Jeans,Fashion,Surat,Online,UPI,1,2790.66,0.05,2790.66,2651.13,0,504.32,2024,5,May,Thursday,2790.66,2651.127
2024-05-16,ORD043181,CUST02488,P020,Microwave,Home,Surat,Store,Credit Card,1,10149.13,0.15,10149.13,8626.76,0,770.43,2024,5,May,Thursday,10149.13,8626.760499999999
2024-05-16,ORD006439,CUST03469,P002,Smartphone,Electronics,Kolkata,Online,UPI,2,30666.27,0.05,61332.54,58265.91,0,8224.97,2024,5,May,Thursday,61332.54,58265.913
2024-05-16,ORD026778,CUST04153,P004,Smartwatch,Electronics,Pune,Online,Debit Card,2,7696.11,0.15,15392.22,13083.39,0,1987.72,2024,5,May,Thursday,15392.22,13083.386999999999
2024-05-16,ORD025796,CUST02265,P014,Keyboard,Electronics,Mumbai,Store,UPI,1,2251.67,0.1,2251.67,2026.5,0,185.3,2024,5,May,Thursday,2251.67,2026.5030000000002
2024-05-16,ORD025783,CUST04741,P016,Sofa,Furniture,Hyderabad,Store,Credit Card,2,35240.79,0.2,70481.58,56385.26,0,2507.71,2024,5,May,Thursday,70481.58,56385.264
2024-05-16,ORD018059,CUST01650,P014,Keyboard,Electronics,Pune,Online,Credit Card,2,2718.27,0.1,5436.54,4892.89,0,1201.63,2024,5,May,Thursday,5436.54,4892.886
2024-05-16,ORD002796,CUST00279,P013,Monitor,Electronics,Delhi,Online,Credit Card,2,16390.96,0.05,32781.92,31142.82,0,7246.42,2024,5,May,Thursday,32781.92,31142.823999999997
2024-05-16,ORD026577,CUST00768,P010,Coffee Maker,Home,Hyderabad,Store,Cash,1,5468.51,0.1,5468.51,4921.66,0,396.73,2024,5,May,Thursday,5468.51,4921.659000000001
2024-05-16,ORD007762,CUST03019,P010,Coffee Maker,Home,Jaipur,Online,UPI,4,5844.35,0.1,23377.4,21039.66,0,2129.87,2024,5,May,Thursday,23377.4,21039.660000000003
2024-05-16,ORD029316,CUST02945,P006,Desk,Furniture,Pune,Online,UPI,2,11051.46,0.0,22102.92,22102.92,0,2420.6,2024,5,May,Thursday,22102.92,22102.92
2024-05-16,ORD015541,CUST00114,P017,Jeans,Fashion,Mumbai,Online,Debit Card,1,2771.39,0.0,2771.39,2771.39,0,558.04,2024,5,May,Thursday,2771.39,2771.39
2024-05-16,ORD038875,CUST01939,P009,T-Shirt,Fashion,Chennai,Online,UPI,1,1256.71,0.2,1256.71,1005.37,0,121.52,2024,5,May,Thursday,1256.71,1005.368
2024-05-16,ORD000763,CUST02384,P011,Mixer Grinder,Home,Hyderabad,Online,Credit Card,2,5094.24,0.1,10188.48,9169.63,0,2485.99,2024,5,May,Thursday,10188.48,9169.632
2024-05-16,ORD004686,CUST03610,P011,Mixer Grinder,Home,Hyderabad,Online,Credit Card,2,4917.55,0.25,9835.1,7376.33,1,-368.82,2024,5,May,Thursday,9835.1,7376.325000000001
2024-05-16,ORD043521,CUST00200,P011,Mixer Grinder,Home,Hyderabad,Online,Cash,1,4782.25,0.2,4782.25,3825.8,0,929.99,2024,5,May,Thursday,4782.25,3825.8
2024-05-16,ORD047542,CUST01568,P019,Vacuum Cleaner,Home,Bengaluru,Online,Debit Card,3,8363.99,0.1,25091.97,22582.77,0,3005.14,2024,5,May,Thursday,25091.97,22582.773
2024-05-16,ORD049881,CUST04831,P011,Mixer Grinder,Home,Surat,Online,UPI,1,4959.18,0.0,4959.18,4959.18,0,611.72,2024,5,May,Thursday,4959.18,4959.18
2024-05-16,ORD020151,CUST02682,P002,Smartphone,Electronics,Kolkata,Store,UPI,2,27113.33,0.15,54226.66,46092.66,0,2811.92,2024,5,May,Thursday,54226.66,46092.661
2024-05-16,ORD007794,CUST01655,P015,Dining Table,Furniture,Mumbai,Store,Net Banking,1,21330.71,0.1,21330.71,19197.64,0,5338.32,2024,5,May,Thursday,21330.71,19197.639
2024-05-16,ORD035365,CUST03500,P001,Laptop,Electronics,Pune,Online,UPI,1,61805.25,0.05,61805.25,58714.99,0,9672.68,2024,5,May,Thursday,61805.25,58714.987499999996
2024-05-17,ORD005700,CUST02057,P019,Vacuum Cleaner,Home,Kolkata,Online,Credit Card,1,8580.62,0.15,8580.62,7293.53,0,386.33,2024,5,May,Friday,8580.62,7293.527
2024-05-17,ORD000400,CUST00130,P003,Headphones,Electronics,Bengaluru,Online,Credit Card,1,4310.5,0.2,4310.5,3448.4,0,607.83,2024,5,May,Friday,4310.5,3448.4
2024-05-17,ORD049042,CUST02296,P002,Smartphone,Electronics,Jaipur,Store,Cash,1,30051.07,0.05,30051.07,28548.52,0,2953.53,2024,5,May,Friday,30051.07,28548.516499999998
2024-05-17,ORD023375,CUST00285,P002,Smartphone,Electronics,Delhi,Online,Debit Card,1,30147.17,0.0,30147.17,30147.17,0,7170.53,2024,5,May,Friday,30147.17,30147.17
2024-05-17,ORD023117,CUST04257,P020,Microwave,Home,Chennai,Online,Debit Card,1,10329.42,0.1,10329.42,9296.48,0,1380.89,2024,5,May,Friday,10329.42,9296.478000000001
2024-05-17,ORD015558,CUST00602,P013,Monitor,Electronics,Kolkata,Online,Credit Card,2,18293.07,0.15,36586.14,31098.22,0,6039.66,2024,5,May,Friday,36586.14,31098.218999999997
2024-05-17,ORD020664,CUST04690,P008,Running Shoes,Fashion,Jaipur,Online,Net Banking,1,4220.01,0.15,4220.01,3587.01,0,394.47,2024,5,May,Friday,4220.01,3587.0085
2024-05-17,ORD015939,CUST01518,P015,Dining Table,Furniture,Pune,Online,Net Banking,2,23240.7,0.15,46481.4,39509.19,0,5583.91,2024,5,May,Friday,46481.4,39509.19
2024-05-17,ORD036424,CUST03115,P019,Vacuum Cleaner,Home,Mumbai,Store,Debit Card,4,9412.43,0.15,37649.72,32002.26,0,5182.3,2024,5,May,Friday,37649.72,32002.262
2024-05-17,ORD047808,CUST03975,P001,Laptop,Electronics,Bengaluru,Store,Debit Card,1,68407.63,0.05,68407.63,64987.25,0,8133.9,2024,5,May,Friday,68407.63,64987.2485
2024-05-17,ORD006403,CUST02439,P017,Jeans,Fashion,Delhi,Online,Net Banking,1,3029.09,0.15,3029.09,2574.73,0,425.86,2024,5,May,Friday,3029.09,2574.7265
2024-05-17,ORD024446,CUST04367,P014,Keyboard,Electronics,Ahmedabad,Online,Credit Card,1,2348.9,0.05,2348.9,2231.46,0,193.66,2024,5,May,Friday,2348.9,2231.455
2024-05-17,ORD047416,CUST04814,P012,Air Fryer,Home,Hyderabad,Online,Credit Card,1,7681.02,0.0,7681.02,7681.02,0,2053.16,2024,5,May,Friday,7681.02,7681.02
2024-05-17,ORD024638,CUST04265,P013,Monitor,Electronics,Hyderabad,Store,Cash,1,18615.86,0.05,18615.86,17685.07,0,2925.1,2024,5,May,Friday,18615.86,17685.067
2024-05-17,ORD022235,CUST01543,P016,Sofa,Furniture,Chennai,Store,Net Banking,5,35503.25,0.25,177516.25,133137.19,0,32591.58,2024,5,May,Friday,177516.25,133137.1875
2024-05-17,ORD007728,CUST03521,P018,Jacket,Fashion,Kolkata,Online,UPI,1,4933.03,0.05,4933.03,4686.38,0,1350.78,2024,5,May,Friday,4933.03,4686.3785
2024-05-17,ORD035399,CUST03554,P017,Jeans,Fashion,Surat,Online,Debit Card,1,2808.52,0.0,2808.52,2808.52,0,638.54,2024,5,May,Friday,2808.52,2808.52
2024-05-17,ORD007471,CUST02559,P001,Laptop,Electronics,Jaipur,Store,UPI,3,59369.47,0.1,178108.41,160297.57,0,28486.51,2024,5,May,Friday,178108.41,160297.56900000002
2024-05-17,ORD033445,CUST01385,P004,Smartwatch,Electronics,Bengaluru,Store,UPI,1,7297.35,0.15,7297.35,6202.75,0,1159.54,2024,5,May,Friday,7297.35,6202.7475
2024-05-17,ORD026279,CUST01989,P005,Office Chair,Furniture,Mumbai,Store,UPI,5,9818.5,0.05,49092.5,46637.88,0,11297.88,2024,5,May,Friday,49092.5,46637.875
2024-05-17,ORD024084,CUST01073,P015,Dining Table,Furniture,Bengaluru,Online,Cash,2,22258.86,0.05,44517.72,42291.83,0,4839.99,2024,5,May,Friday,44517.72,42291.834
2024-05-17,ORD024820,CUST04257,P016,Sofa,Furniture,Hyderabad,Online,Debit Card,1,36402.21,0.1,36402.21,32761.99,0,5166.44,2024,5,May,Friday,36402.21,32761.989
2024-05-17,ORD024129,CUST02024,P005,Office Chair,Furniture,Ahmedabad,Online,UPI,1,9475.73,0.05,9475.73,9001.94,0,2059.15,2024,5,May,Friday,9475.73,9001.9435
2024-05-17,ORD032503,CUST00408,P004,Smartwatch,Electronics,Chennai,Store,Credit Card,2,7579.25,0.05,15158.5,14400.58,0,3695.74,2024,5,May,Friday,15158.5,14400.574999999999
2024-05-17,ORD038507,CUST02165,P013,Monitor,Electronics,Surat,Online,Credit Card,5,16246.78,0.1,81233.9,73110.51,0,7922.56,2024,5,May,Friday,81233.90000000001,73110.51
2024-05-17,ORD006201,CUST01506,P009,T-Shirt,Fashion,Jaipur,Store,Debit Card,4,1149.03,0.05,4596.12,4366.31,1,-218.32,2024,5,May,Friday,4596.12,4366.313999999999
2024-05-17,ORD006766,CUST03785,P012,Air Fryer,Home,Surat,Online,UPI,3,7259.8,0.05,21779.4,20690.43,0,1786.53,2024,5,May,Friday,21779.4,20690.43
2024-05-17,ORD007158,CUST01486,P003,Headphones,Electronics,Ahmedabad,Online,Debit Card,1,4535.17,0.1,4535.17,4081.65,0,450.21,2024,5,May,Friday,4535.17,4081.6530000000002
2024-05-17,ORD035819,CUST04727,P017,Jeans,Fashion,Delhi,Online,UPI,1,2813.52,0.15,2813.52,2391.49,0,277.33,2024,5,May,Friday,2813.52,2391.4919999999997
2024-05-17,ORD033129,CUST04944,P011,Mixer Grinder,Home,Mumbai,Store,Cash,1,4608.7,0.05,4608.7,4378.26,0,1114.68,2024,5,May,Friday,4608.7,4378.264999999999
2024-05-17,ORD033455,CUST01985,P014,Keyboard,Electronics,Chennai,Online,UPI,2,2500.41,0.0,5000.82,5000.82,0,936.89,2024,5,May,Friday,5000.82,5000.82
2024-05-17,ORD001669,CUST01260,P011,Mixer Grinder,Home,Kolkata,Online,UPI,3,4476.34,0.1,13429.02,12086.12,0,2658.25,2024,5,May,Friday,13429.02,12086.118
2024-05-17,ORD044998,CUST00335,P008,Running Shoes,Fashion,Ahmedabad,Online,UPI,2,4458.75,0.1,8917.5,8025.75,0,1002.85,2024,5,May,Friday,8917.5,8025.75
2024-05-17,ORD039307,CUST03285,P018,Jacket,Fashion,Surat,Online,UPI,1,5410.27,0.15,5410.27,4598.73,0,1048.96,2024,5,May,Friday,5410.27,4598.7295
2024-05-17,ORD033442,CUST03163,P010,Coffee Maker,Home,Mumbai,Store,UPI,1,5214.61,0.2,5214.61,4171.69,0,362.26,2024,5,May,Friday,5214.61,4171.688
2024-05-17,ORD036176,CUST04818,P001,Laptop,Electronics,Jaipur,Store,Cash,1,65997.72,0.1,65997.72,59397.95,0,11138.08,2024,5,May,Friday,65997.72,59397.948000000004
2024-05-17,ORD033132,CUST02979,P005,Office Chair,Furniture,Ahmedabad,Online,Credit Card,5,8842.86,0.0,44214.3,44214.3,0,11032.18,2024,5,May,Friday,44214.3,44214.3
2024-05-17,ORD006879,CUST03420,P009,T-Shirt,Fashion,Ahmedabad,Store,UPI,1,1161.86,0.25,1161.86,871.4,0,193.72,2024,5,May,Friday,1161.86,871.395
2024-05-17,ORD017753,CUST03644,P013,Monitor,Electronics,Ahmedabad,Store,Credit Card,2,19642.6,0.0,39285.2,39285.2,0,7718.41,2024,5,May,Friday,39285.2,39285.2
2024-05-17,ORD014972,CUST03326,P005,Office Chair,Furniture,Surat,Online,Credit Card,2,9633.25,0.1,19266.5,17339.85,0,2070.75,2024,5,May,Friday,19266.5,17339.850000000002
2024-05-17,ORD043744,CUST01136,P017,Jeans,Fashion,Mumbai,Store,Cash,2,2771.82,0.15,5543.64,4712.09,0,294.39,2024,5,May,Friday,5543.64,4712.094
2024-05-17,ORD030763,CUST02865,P008,Running Shoes,Fashion,Ahmedabad,Store,Credit Card,4,4389.33,0.15,17557.32,14923.72,0,3282.27,2024,5,May,Friday,17557.32,14923.722
2024-05-17,ORD003712,CUST00083,P016,Sofa,Furniture,Kolkata,Online,Net Banking,1,32897.76,0.05,32897.76,31252.87,0,5706.26,2024,5,May,Friday,32897.76,31252.872
2024-05-17,ORD042845,CUST02412,P006,Desk,Furniture,Jaipur,Store,UPI,1,11618.48,0.05,11618.48,11037.56,0,3145.91,2024,5,May,Friday,11618.48,11037.555999999999
2024-05-17,ORD029620,CUST04927,P011,Mixer Grinder,Home,Ahmedabad,Online,Debit Card,1,4520.09,0.1,4520.09,4068.08,0,962.41,2024,5,May,Friday,4520.09,4068.081
2024-05-17,ORD008822,CUST00985,P015,Dining Table,Furniture,Mumbai,Online,Credit Card,1,21698.89,0.2,21698.89,17359.11,0,1541.4,2024,5,May,Friday,21698.89,17359.112
2024-05-17,ORD029565,CUST04376,P010,Coffee Maker,Home,Hyderabad,Online,Net Banking,3,5413.97,0.05,16241.91,15429.81,0,3894.2,2024,5,May,Friday,16241.91,15429.814499999999
2024-05-17,ORD049528,CUST01743,P014,Keyboard,Electronics,Ahmedabad,Store,UPI,4,2284.58,0.05,9138.32,8681.4,1,-434.07,2024,5,May,Friday,9138.32,8681.403999999999
2024-05-17,ORD046144,CUST04792,P014,Keyboard,Electronics,Mumbai,Online,UPI,1,2739.69,0.05,2739.69,2602.71,0,481.76,2024,5,May,Friday,2739.69,2602.7055
2024-05-17,ORD008330,CUST03552,P016,Sofa,Furniture,Surat,Online,Debit Card,3,36995.97,0.05,110987.91,105438.51,0,17330.29,2024,5,May,Friday,110987.91,105438.5145
2024-05-17,ORD041435,CUST00346,P007,Backpack,Accessories,Jaipur,Online,UPI,3,2187.29,0.0,6561.87,6561.87,0,1427.66,2024,5,May,Friday,6561.87,6561.87
2024-05-17,ORD018378,CUST03836,P006,Desk,Furniture,Jaipur,Online,UPI,3,12056.59,0.05,36169.77,34361.28,0,6210.88,2024,5,May,Friday,36169.770000000004,34361.2815
2024-05-17,ORD016241,CUST03221,P008,Running Shoes,Fashion,Ahmedabad,Store,UPI,1,3978.29,0.15,3978.29,3381.55,1,-169.08,2024,5,May,Friday,3978.29,3381.5465
2024-05-17,ORD018351,CUST04842,P003,Headphones,Electronics,Chennai,Online,UPI,2,4230.75,0.1,8461.5,7615.35,0,1328.81,2024,5,May,Friday,8461.5,7615.35
2024-05-17,ORD009301,CUST03553,P003,Headphones,Electronics,Ahmedabad,Store,UPI,1,4138.94,0.05,4138.94,3931.99,0,814.79,2024,5,May,Friday,4138.94,3931.9929999999995
2024-05-17,ORD004078,CUST03064,P007,Backpack,Accessories,Pune,Store,UPI,2,2012.03,0.15,4024.06,3420.45,0,651.99,2024,5,May,Friday,4024.06,3420.451
2024-05-17,ORD013959,CUST01925,P015,Dining Table,Furniture,Ahmedabad,Online,Credit Card,1,20194.57,0.1,20194.57,18175.11,0,5014.68,2024,5,May,Friday,20194.57,18175.113
2024-05-17,ORD008152,CUST03966,P006,Desk,Furniture,Chennai,Store,Net Banking,1,12282.1,0.1,12282.1,11053.89,0,1672.15,2024,5,May,Friday,12282.1,11053.890000000001
2024-05-17,ORD031212,CUST01777,P001,Laptop,Electronics,Kolkata,Online,Debit Card,4,60349.65,0.0,241398.6,241398.6,0,46244.49,2024,5,May,Friday,241398.6,241398.6
2024-05-17,ORD040069,CUST02692,P019,Vacuum Cleaner,Home,Ahmedabad,Online,UPI,2,9777.45,0.1,19554.9,17599.41,0,1126.26,2024,5,May,Friday,19554.9,17599.410000000003
2024-05-17,ORD017545,CUST00463,P003,Headphones,Electronics,Bengaluru,Online,Credit Card,1,4124.58,0.1,4124.58,3712.12,0,863.25,2024,5,May,Friday,4124.58,3712.122
2024-05-17,ORD012846,CUST02369,P001,Laptop,Electronics,Chennai,Online,UPI,2,66918.96,0.1,133837.92,120454.13,0,13198.16,2024,5,May,Friday,133837.92,120454.12800000001
2024-05-17,ORD004220,CUST04584,P003,Headphones,Electronics,Delhi,Online,Credit Card,1,4692.41,0.05,4692.41,4457.79,0,540.46,2024,5,May,Friday,4692.41,4457.7895
2024-05-17,ORD043778,CUST00974,P009,T-Shirt,Fashion,Kolkata,Store,Net Banking,1,1310.88,0.05,1310.88,1245.34,0,328.03,2024,5,May,Friday,1310.88,1245.336
2024-05-17,ORD049582,CUST01016,P004,Smartwatch,Electronics,Delhi,Online,Credit Card,1,6324.63,0.2,6324.63,5059.7,0,982.42,2024,5,May,Friday,6324.63,5059.704000000001
2024-05-17,ORD043849,CUST02497,P016,Sofa,Furniture,Bengaluru,Online,UPI,3,33331.48,0.05,99994.44,94994.72,0,12266.71,2024,5,May,Friday,99994.44,94994.718
2024-05-17,ORD031200,CUST02876,P006,Desk,Furniture,Mumbai,Online,UPI,2,11899.56,0.1,23799.12,21419.21,0,3148.13,2024,5,May,Friday,23799.12,21419.208
2024-05-18,ORD038861,CUST00037,P006,Desk,Furniture,Ahmedabad,Online,Debit Card,3,12008.49,0.15,36025.47,30621.65,0,6884.69,2024,5,May,Saturday,36025.47,30621.6495
2024-05-18,ORD003234,CUST01398,P002,Smartphone,Electronics,Surat,Online,UPI,1,28911.39,0.2,28911.39,23129.11,1,-1156.46,2024,5,May,Saturday,28911.39,23129.112
2024-05-18,ORD009111,CUST00918,P014,Keyboard,Electronics,Mumbai,Online,UPI,4,2677.06,0.1,10708.24,9637.42,0,906.37,2024,5,May,Saturday,10708.24,9637.416
2024-05-18,ORD014601,CUST00181,P020,Microwave,Home,Jaipur,Store,Debit Card,1,11482.59,0.2,11482.59,9186.07,0,867.84,2024,5,May,Saturday,11482.59,9186.072
2024-05-18,ORD037134,CUST04613,P010,Coffee Maker,Home,Bengaluru,Store,UPI,1,5055.26,0.0,5055.26,5055.26,0,808.27,2024,5,May,Saturday,5055.26,5055.26
2024-05-18,ORD011524,CUST00766,P012,Air Fryer,Home,Pune,Store,Debit Card,1,7800.46,0.15,7800.46,6630.39,0,1701.22,2024,5,May,Saturday,7800.46,6630.391
2024-05-18,ORD021081,CUST01988,P007,Backpack,Accessories,Chennai,Online,UPI,1,2295.7,0.05,2295.7,2180.91,0,400.57,2024,5,May,Saturday,2295.7,2180.9149999999995
2024-05-18,ORD040734,CUST04074,P010,Coffee Maker,Home,Pune,Store,UPI,1,5735.02,0.1,5735.02,5161.52,0,343.24,2024,5,May,Saturday,5735.02,5161.518000000001
2024-05-18,ORD023986,CUST04968,P003,Headphones,Electronics,Mumbai,Online,Debit Card,1,4688.08,0.1,4688.08,4219.27,0,446.32,2024,5,May,Saturday,4688.08,4219.272
2024-05-18,ORD036881,CUST01581,P019,Vacuum Cleaner,Home,Ahmedabad,Online,Cash,4,9107.69,0.1,36430.76,32787.68,0,7774.29,2024,5,May,Saturday,36430.76,32787.684
2024-05-18,ORD038889,CUST02838,P015,Dining Table,Furniture,Delhi,Store,Credit Card,1,23591.69,0.05,23591.69,22412.11,0,3650.36,2024,5,May,Saturday,23591.69,22412.105499999998
2024-05-18,ORD017888,CUST04955,P019,Vacuum Cleaner,Home,Hyderabad,Online,Credit Card,1,8879.05,0.0,8879.05,8879.05,0,1112.07,2024,5,May,Saturday,8879.05,8879.05
2024-05-18,ORD007489,CUST02755,P014,Keyboard,Electronics,Pune,Store,UPI,1,2395.46,0.15,2395.46,2036.14,0,342.31,2024,5,May,Saturday,2395.46,2036.141
2024-05-18,ORD010275,CUST03735,P020,Microwave,Home,Chennai,Online,UPI,1,10369.91,0.15,10369.91,8814.42,0,1173.76,2024,5,May,Saturday,10369.91,8814.423499999999
2024-05-18,ORD006525,CUST00882,P016,Sofa,Furniture,Kolkata,Store,UPI,1,37290.13,0.0,37290.13,37290.13,0,4232.2,2024,5,May,Saturday,37290.13,37290.13
2024-05-18,ORD044650,CUST04308,P014,Keyboard,Electronics,Kolkata,Online,Net Banking,3,2601.56,0.0,7804.68,7804.68,0,989.52,2024,5,May,Saturday,7804.68,7804.68
2024-05-18,ORD045630,CUST03337,P018,Jacket,Fashion,Kolkata,Store,UPI,1,4929.0,0.15,4929.0,4189.65,0,718.75,2024,5,May,Saturday,4929.0,4189.65
2024-05-18,ORD034811,CUST02518,P005,Office Chair,Furniture,Bengaluru,Online,Credit Card,3,8888.07,0.15,26664.21,22664.58,0,4068.26,2024,5,May,Saturday,26664.21,22664.5785
2024-05-18,ORD045142,CUST04082,P001,Laptop,Electronics,Delhi,Online,UPI,4,66248.5,0.1,264994.0,238494.6,0,56683.02,2024,5,May,Saturday,264994.0,238494.6
2024-05-18,ORD027842,CUST00341,P020,Microwave,Home,Kolkata,Store,Credit Card,1,10159.29,0.25,10159.29,7619.47,0,1288.52,2024,5,May,Saturday,10159.29,7619.467500000001
2024-05-18,ORD045610,CUST01884,P008,Running Shoes,Fashion,Surat,Store,UPI,2,3904.31,0.2,7808.62,6246.9,0,1047.31,2024,5,May,Saturday,7808.62,6246.896000000001
2024-05-18,ORD007696,CUST01489,P002,Smartphone,Electronics,Kolkata,Online,UPI,2,30435.84,0.05,60871.68,57828.1,0,13942.32,2024,5,May,Saturday,60871.68,57828.096
2024-05-18,ORD033430,CUST02320,P011,Mixer Grinder,Home,Surat,Online,UPI,1,5050.36,0.0,5050.36,5050.36,0,870.85,2024,5,May,Saturday,5050.36,5050.36
2024-05-18,ORD047692,CUST01639,P015,Dining Table,Furniture,Ahmedabad,Online,UPI,5,23205.04,0.15,116025.2,98621.42,0,24415.91,2024,5,May,Saturday,116025.20000000001,98621.42
2024-05-18,ORD029343,CUST02803,P003,Headphones,Electronics,Delhi,Store,Debit Card,2,4224.86,0.0,8449.72,8449.72,0,726.64,2024,5,May,Saturday,8449.72,8449.72
2024-05-18,ORD047421,CUST01593,P017,Jeans,Fashion,Chennai,Online,Debit Card,2,3009.09,0.2,6018.18,4814.54,0,411.79,2024,5,May,Saturday,6018.18,4814.544000000001
2024-05-18,ORD024331,CUST04896,P011,Mixer Grinder,Home,Pune,Online,UPI,2,4641.06,0.05,9282.12,8818.01,0,2143.51,2024,5,May,Saturday,9282.12,8818.014000000001
2024-05-18,ORD040446,CUST04610,P018,Jacket,Fashion,Delhi,Online,Cash,1,5045.56,0.25,5045.56,3784.17,0,620.94,2024,5,May,Saturday,5045.56,3784.17
2024-05-18,ORD004767,CUST00710,P014,Keyboard,Electronics,Bengaluru,Online,Credit Card,3,2591.97,0.05,7775.91,7387.11,0,1092.67,2024,5,May,Saturday,7775.91,7387.1145
2024-05-18,ORD029223,CUST02569,P013,Monitor,Electronics,Delhi,Online,UPI,1,19375.48,0.05,19375.48,18406.71,0,3901.17,2024,5,May,Saturday,19375.48,18406.706
2024-05-18,ORD038775,CUST04106,P017,Jeans,Fashion,Pune,Store,UPI,1,2933.8,0.05,2933.8,2787.11,0,630.77,2024,5,May,Saturday,2933.8,2787.11
2024-05-18,ORD035154,CUST01150,P002,Smartphone,Electronics,Hyderabad,Online,Credit Card,1,27687.2,0.1,27687.2,24918.48,0,5401.53,2024,5,May,Saturday,27687.2,24918.48
2024-05-18,ORD002395,CUST03729,P002,Smartphone,Electronics,Mumbai,Store,Credit Card,1,26118.46,0.0,26118.46,26118.46,1,-1305.92,2024,5,May,Saturday,26118.46,26118.46
2024-05-18,ORD035572,CUST00854,P013,Monitor,Electronics,Hyderabad,Online,UPI,1,17487.55,0.2,17487.55,13990.04,0,3239.37,2024,5,May,Saturday,17487.55,13990.04
2024-05-18,ORD000326,CUST03765,P019,Vacuum Cleaner,Home,Jaipur,Store,Cash,1,9019.01,0.1,9019.01,8117.11,0,1209.49,2024,5,May,Saturday,9019.01,8117.109
2024-05-18,ORD016920,CUST04659,P018,Jacket,Fashion,Bengaluru,Store,UPI,1,5713.81,0.2,5713.81,4571.05,0,503.02,2024,5,May,Saturday,5713.81,4571.048000000001
2024-05-18,ORD046568,CUST02189,P001,Laptop,Electronics,Chennai,Store,Credit Card,4,67999.47,0.1,271997.88,244798.09,0,24548.59,2024,5,May,Saturday,271997.88,244798.092
2024-05-18,ORD048598,CUST04022,P019,Vacuum Cleaner,Home,Bengaluru,Store,Credit Card,1,8118.15,0.15,8118.15,6900.43,0,873.33,2024,5,May,Saturday,8118.15,6900.4275
2024-05-18,ORD004319,CUST00072,P017,Jeans,Fashion,Delhi,Online,UPI,1,2601.9,0.05,2601.9,2471.8,0,348.01,2024,5,May,Saturday,2601.9,2471.805
2024-05-18,ORD007389,CUST02703,P019,Vacuum Cleaner,Home,Pune,Online,UPI,1,8286.05,0.0,8286.05,8286.05,0,1287.71,2024,5,May,Saturday,8286.05,8286.05
2024-05-18,ORD023641,CUST01404,P007,Backpack,Accessories,Ahmedabad,Online,Credit Card,5,2025.7,0.15,10128.5,8609.22,0,663.06,2024,5,May,Saturday,10128.5,8609.225
2024-05-18,ORD013366,CUST02306,P005,Office Chair,Furniture,Pune,Store,UPI,1,8730.94,0.15,8730.94,7421.3,0,1425.43,2024,5,May,Saturday,8730.94,7421.299
2024-05-18,ORD011259,CUST03362,P017,Jeans,Fashion,Pune,Store,UPI,1,2797.41,0.15,2797.41,2377.8,0,418.32,2024,5,May,Saturday,2797.41,2377.7985
2024-05-18,ORD016554,CUST01035,P020,Microwave,Home,Hyderabad,Store,Cash,1,11050.31,0.05,11050.31,10497.79,0,1548.77,2024,5,May,Saturday,11050.31,10497.794499999998
2024-05-18,ORD047591,CUST00996,P020,Microwave,Home,Kolkata,Online,UPI,1,12003.61,0.1,12003.61,10803.25,0,816.79,2024,5,May,Saturday,12003.61,10803.249000000002
2024-05-18,ORD028352,CUST02110,P017,Jeans,Fashion,Delhi,Online,Net Banking,1,2631.66,0.05,2631.66,2500.08,0,471.89,2024,5,May,Saturday,2631.66,2500.0769999999998
2024-05-18,ORD020770,CUST02023,P005,Office Chair,Furniture,Bengaluru,Store,Credit Card,2,9787.39,0.1,19574.78,17617.3,0,1522.71,2024,5,May,Saturday,19574.78,17617.302
2024-05-18,ORD015425,CUST01445,P009,T-Shirt,Fashion,Jaipur,Online,Net Banking,2,1279.57,0.05,2559.14,2431.18,0,568.62,2024,5,May,Saturday,2559.14,2431.183
2024-05-18,ORD041825,CUST01069,P009,T-Shirt,Fashion,Mumbai,Store,Cash,1,1141.46,0.05,1141.46,1084.39,0,154.6,2024,5,May,Saturday,1141.46,1084.387
2024-05-18,ORD013263,CUST00218,P020,Microwave,Home,Delhi,Online,Credit Card,2,10328.85,0.1,20657.7,18591.93,0,4500.73,2024,5,May,Saturday,20657.7,18591.93
2024-05-18,ORD007375,CUST03412,P005,Office Chair,Furniture,Surat,Store,UPI,1,10145.98,0.05,10145.98,9638.68,0,2015.26,2024,5,May,Saturday,10145.98,9638.680999999999
2024-05-18,ORD039535,CUST00454,P016,Sofa,Furniture,Ahmedabad,Online,UPI,1,35396.41,0.1,35396.41,31856.77,0,8633.0,2024,5,May,Saturday,35396.41,31856.769000000004
2024-05-18,ORD039408,CUST04733,P002,Smartphone,Electronics,Surat,Online,Debit Card,2,26922.54,0.1,53845.08,48460.57,0,11449.21,2024,5,May,Saturday,53845.08,48460.572
2024-05-18,ORD031039,CUST00362,P011,Mixer Grinder,Home,Bengaluru,Store,UPI,1,5207.95,0.05,5207.95,4947.55,0,784.2,2024,5,May,Saturday,5207.95,4947.5525
2024-05-18,ORD039074,CUST02252,P006,Desk,Furniture,Pune,Online,Net Banking,1,12226.19,0.25,12226.19,9169.64,1,-458.48,2024,5,May,Saturday,12226.19,9169.6425
2024-05-18,ORD045936,CUST03554,P002,Smartphone,Electronics,Pune,Store,UPI,1,30740.15,0.1,30740.15,27666.14,0,5356.79,2024,5,May,Saturday,30740.15,27666.135000000002
2024-05-18,ORD016548,CUST01900,P014,Keyboard,Electronics,Mumbai,Online,Credit Card,3,2465.89,0.15,7397.67,6288.02,0,1104.14,2024,5,May,Saturday,7397.67,6288.0195
2024-05-18,ORD032551,CUST00178,P017,Jeans,Fashion,Pune,Online,UPI,3,2751.21,0.1,8253.63,7428.27,0,1234.97,2024,5,May,Saturday,8253.630000000001,7428.267
2024-05-19,ORD003331,CUST00252,P019,Vacuum Cleaner,Home,Mumbai,Store,UPI,2,8490.94,0.1,16981.88,15283.69,0,1490.65,2024,5,May,Sunday,16981.88,15283.692000000001
2024-05-19,ORD033093,CUST03270,P013,Monitor,Electronics,Pune,Store,Net Banking,1,17244.35,0.0,17244.35,17244.35,0,4471.73,2024,5,May,Sunday,17244.35,17244.35
2024-05-19,ORD004369,CUST02817,P009,T-Shirt,Fashion,Hyderabad,Online,UPI,1,1189.24,0.2,1189.24,951.39,0,139.94,2024,5,May,Sunday,1189.24,951.392
2024-05-19,ORD035112,CUST02130,P018,Jacket,Fashion,Delhi,Online,Debit Card,3,5295.55,0.25,15886.65,11914.99,0,1708.07,2024,5,May,Sunday,15886.650000000001,11914.9875
2024-05-19,ORD035087,CUST03940,P016,Sofa,Furniture,Hyderabad,Online,Credit Card,1,36512.53,0.1,36512.53,32861.28,0,6011.81,2024,5,May,Sunday,36512.53,32861.277
2024-05-19,ORD047625,CUST00901,P016,Sofa,Furniture,Mumbai,Online,UPI,1,33247.26,0.15,33247.26,28260.17,0,4919.77,2024,5,May,Sunday,33247.26,28260.171000000002
2024-05-19,ORD033910,CUST02526,P015,Dining Table,Furniture,Jaipur,Online,UPI,1,23491.64,0.1,23491.64,21142.48,0,1369.19,2024,5,May,Sunday,23491.64,21142.476
2024-05-19,ORD007869,CUST04731,P019,Vacuum Cleaner,Home,Surat,Online,UPI,5,8612.26,0.15,43061.3,36602.11,0,2688.72,2024,5,May,Sunday,43061.3,36602.105
2024-05-19,ORD003675,CUST02926,P013,Monitor,Electronics,Bengaluru,Online,UPI,2,19539.24,0.1,39078.48,35170.63,0,8684.71,2024,5,May,Sunday,39078.48,35170.632000000005
2024-05-19,ORD007743,CUST00634,P007,Backpack,Accessories,Kolkata,Online,Cash,1,2098.37,0.2,2098.37,1678.7,0,256.2,2024,5,May,Sunday,2098.37,1678.696
2024-05-19,ORD040427,CUST01516,P005,Office Chair,Furniture,Jaipur,Store,UPI,2,9520.54,0.0,19041.08,19041.08,0,3939.45,2024,5,May,Sunday,19041.08,19041.08
2024-05-19,ORD004893,CUST03837,P002,Smartphone,Electronics,Mumbai,Store,Net Banking,1,25759.23,0.1,25759.23,23183.31,0,1716.12,2024,5,May,Sunday,25759.23,23183.307
2024-05-19,ORD047655,CUST02600,P001,Laptop,Electronics,Kolkata,Store,UPI,1,59218.86,0.1,59218.86,53296.97,0,7750.97,2024,5,May,Sunday,59218.86,53296.974
2024-05-19,ORD037808,CUST01257,P002,Smartphone,Electronics,Pune,Online,UPI,1,28429.07,0.05,28429.07,27007.62,0,7340.44,2024,5,May,Sunday,28429.07,27007.6165
2024-05-19,ORD044121,CUST00981,P015,Dining Table,Furniture,Delhi,Store,UPI,2,20022.4,0.2,40044.8,32035.84,0,7884.82,2024,5,May,Sunday,40044.8,32035.840000000004
2024-05-19,ORD012949,CUST04521,P020,Microwave,Home,Ahmedabad,Online,Credit Card,1,11970.49,0.0,11970.49,11970.49,0,1143.48,2024,5,May,Sunday,11970.49,11970.49
2024-05-19,ORD003689,CUST00893,P015,Dining Table,Furniture,Pune,Online,UPI,1,23798.89,0.0,23798.89,23798.89,0,3733.95,2024,5,May,Sunday,23798.89,23798.89
2024-05-19,ORD041271,CUST02759,P004,Smartwatch,Electronics,Bengaluru,Online,Net Banking,5,7699.92,0.15,38499.6,32724.66,0,3686.16,2024,5,May,Sunday,38499.6,32724.659999999996
2024-05-19,ORD013849,CUST01495,P004,Smartwatch,Electronics,Ahmedabad,Online,UPI,1,7043.28,0.2,7043.28,5634.62,0,456.59,2024,5,May,Sunday,7043.28,5634.624
2024-05-19,ORD021370,CUST03742,P004,Smartwatch,Electronics,Delhi,Online,UPI,1,6460.1,0.0,6460.1,6460.1,1,-323.01,2024,5,May,Sunday,6460.1,6460.1
2024-05-19,ORD008977,CUST04584,P004,Smartwatch,Electronics,Ahmedabad,Online,UPI,2,7000.09,0.0,14000.18,14000.18,0,3985.23,2024,5,May,Sunday,14000.18,14000.18
2024-05-19,ORD020710,CUST02686,P011,Mixer Grinder,Home,Surat,Online,UPI,1,4484.45,0.1,4484.45,4036.0,0,1099.86,2024,5,May,Sunday,4484.45,4036.005
2024-05-19,ORD003981,CUST00706,P002,Smartphone,Electronics,Bengaluru,Store,Credit Card,1,29523.91,0.25,29523.91,22142.93,0,992.84,2024,5,May,Sunday,29523.91,22142.9325
2024-05-19,ORD022290,CUST04013,P008,Running Shoes,Fashion,Ahmedabad,Online,Debit Card,3,3869.28,0.05,11607.84,11027.45,0,2816.3,2024,5,May,Sunday,11607.84,11027.448
2024-05-19,ORD001440,CUST04560,P014,Keyboard,Electronics,Mumbai,Online,UPI,1,2359.82,0.15,2359.82,2005.85,0,109.37,2024,5,May,Sunday,2359.82,2005.847
2024-05-19,ORD030776,CUST01267,P015,Dining Table,Furniture,Chennai,Store,UPI,4,23308.08,0.05,93232.32,88570.7,0,17128.66,2024,5,May,Sunday,93232.32,88570.704
2024-05-19,ORD007126,CUST02157,P008,Running Shoes,Fashion,Mumbai,Store,UPI,1,4340.45,0.1,4340.45,3906.4,0,960.79,2024,5,May,Sunday,4340.45,3906.4049999999997
2024-05-19,ORD027937,CUST00801,P002,Smartphone,Electronics,Ahmedabad,Online,Debit Card,1,26051.09,0.1,26051.09,23445.98,0,5190.78,2024,5,May,Sunday,26051.09,23445.981
2024-05-19,ORD023425,CUST00548,P020,Microwave,Home,Hyderabad,Online,Debit Card,1,12022.51,0.1,12022.51,10820.26,0,1179.66,2024,5,May,Sunday,12022.51,10820.259
2024-05-19,ORD029526,CUST01055,P009,T-Shirt,Fashion,Chennai,Online,UPI,1,1212.5,0.15,1212.5,1030.62,0,219.92,2024,5,May,Sunday,1212.5,1030.625
2024-05-19,ORD045712,CUST00758,P011,Mixer Grinder,Home,Chennai,Store,Credit Card,2,4649.0,0.0,9298.0,9298.0,0,2690.85,2024,5,May,Sunday,9298.0,9298.0
2024-05-19,ORD007519,CUST00621,P009,T-Shirt,Fashion,Delhi,Online,Credit Card,1,1141.0,0.05,1141.0,1083.95,0,116.97,2024,5,May,Sunday,1141.0,1083.95
2024-05-19,ORD009039,CUST04107,P003,Headphones,Electronics,Surat,Store,Net Banking,1,4255.56,0.1,4255.56,3830.0,0,370.13,2024,5,May,Sunday,4255.56,3830.0040000000004
2024-05-19,ORD043788,CUST04472,P006,Desk,Furniture,Mumbai,Store,UPI,1,11413.47,0.1,11413.47,10272.12,0,1064.89,2024,5,May,Sunday,11413.47,10272.123
2024-05-19,ORD005895,CUST00679,P008,Running Shoes,Fashion,Surat,Online,Credit Card,3,3882.58,0.1,11647.74,10482.97,0,1960.7,2024,5,May,Sunday,11647.74,10482.966
2024-05-19,ORD021074,CUST02506,P006,Desk,Furniture,Mumbai,Online,UPI,1,11408.13,0.05,11408.13,10837.72,0,1485.39,2024,5,May,Sunday,11408.13,10837.723499999998
2024-05-19,ORD047091,CUST01236,P016,Sofa,Furniture,Mumbai,Store,Cash,1,31913.56,0.05,31913.56,30317.88,0,5552.05,2024,5,May,Sunday,31913.56,30317.882
2024-05-19,ORD041610,CUST01710,P007,Backpack,Accessories,Pune,Online,Net Banking,3,2291.6,0.05,6874.8,6531.06,0,1046.85,2024,5,May,Sunday,6874.799999999999,6531.0599999999995
2024-05-19,ORD040060,CUST00639,P009,T-Shirt,Fashion,Bengaluru,Online,Debit Card,1,1096.02,0.2,1096.02,876.82,0,214.76,2024,5,May,Sunday,1096.02,876.816
2024-05-19,ORD030601,CUST02510,P003,Headphones,Electronics,Chennai,Online,Credit Card,1,4759.88,0.05,4759.88,4521.89,0,516.76,2024,5,May,Sunday,4759.88,4521.8859999999995
2024-05-19,ORD049810,CUST03793,P005,Office Chair,Furniture,Chennai,Online,UPI,1,9956.44,0.05,9956.44,9458.62,0,1951.29,2024,5,May,Sunday,9956.44,9458.618
2024-05-19,ORD042368,CUST03250,P009,T-Shirt,Fashion,Mumbai,Online,Cash,1,1130.26,0.0,1130.26,1130.26,0,231.83,2024,5,May,Sunday,1130.26,1130.26
2024-05-19,ORD008425,CUST01437,P009,T-Shirt,Fashion,Hyderabad,Store,Debit Card,2,1263.95,0.15,2527.9,2148.72,1,-107.44,2024,5,May,Sunday,2527.9,2148.715
2024-05-19,ORD033590,CUST01959,P015,Dining Table,Furniture,Mumbai,Online,Debit Card,3,23604.75,0.1,70814.25,63732.82,0,16505.48,2024,5,May,Sunday,70814.25,63732.825000000004
2024-05-19,ORD018100,CUST01373,P012,Air Fryer,Home,Mumbai,Store,Debit Card,5,6777.91,0.15,33889.55,28806.12,0,2876.51,2024,5,May,Sunday,33889.55,28806.1175
2024-05-19,ORD025588,CUST02849,P001,Laptop,Electronics,Delhi,Online,Credit Card,1,71153.88,0.1,71153.88,64038.49,0,12125.53,2024,5,May,Sunday,71153.88,64038.492000000006
2024-05-19,ORD009907,CUST03400,P017,Jeans,Fashion,Kolkata,Online,Credit Card,1,2707.71,0.1,2707.71,2436.94,0,447.06,2024,5,May,Sunday,2707.71,2436.9390000000003
2024-05-19,ORD010775,CUST03289,P012,Air Fryer,Home,Ahmedabad,Online,UPI,1,7863.51,0.1,7863.51,7077.16,0,813.39,2024,5,May,Sunday,7863.51,7077.159000000001
2024-05-19,ORD029108,CUST03623,P001,Laptop,Electronics,Chennai,Online,UPI,1,60845.6,0.1,60845.6,54761.04,0,13882.2,2024,5,May,Sunday,60845.6,54761.04
2024-05-19,ORD041423,CUST04363,P003,Headphones,Electronics,Ahmedabad,Store,Credit Card,1,4168.48,0.0,4168.48,4168.48,0,988.3,2024,5,May,Sunday,4168.48,4168.48
2024-05-19,ORD023072,CUST04956,P013,Monitor,Electronics,Chennai,Store,Net Banking,2,19094.72,0.05,38189.44,36279.97,0,8348.89,2024,5,May,Sunday,38189.44,36279.968
2024-05-19,ORD006985,CUST02037,P002,Smartphone,Electronics,Ahmedabad,Store,UPI,2,29970.71,0.05,59941.42,56944.35,0,9600.34,2024,5,May,Sunday,59941.42,56944.348999999995
2024-05-19,ORD043652,CUST01526,P015,Dining Table,Furniture,Ahmedabad,Store,Credit Card,2,22732.72,0.05,45465.44,43192.17,0,3609.94,2024,5,May,Sunday,45465.44,43192.168
2024-05-19,ORD049589,CUST01032,P008,Running Shoes,Fashion,Delhi,Online,UPI,1,4126.31,0.15,4126.31,3507.36,0,422.05,2024,5,May,Sunday,4126.31,3507.3635000000004
2024-05-19,ORD029839,CUST03510,P013,Monitor,Electronics,Chennai,Online,Debit Card,1,17931.57,0.05,17931.57,17034.99,0,3487.09,2024,5,May,Sunday,17931.57,17034.9915
2024-05-19,ORD033411,CUST04933,P016,Sofa,Furniture,Hyderabad,Store,UPI,1,37589.1,0.1,37589.1,33830.19,0,2415.57,2024,5,May,Sunday,37589.1,33830.19
2024-05-19,ORD028135,CUST03272,P020,Microwave,Home,Bengaluru,Online,Debit Card,1,10034.38,0.25,10034.38,7525.78,0,1288.92,2024,5,May,Sunday,10034.38,7525.785
2024-05-19,ORD045355,CUST02439,P016,Sofa,Furniture,Mumbai,Online,Credit Card,1,37903.17,0.1,37903.17,34112.85,0,9184.19,2024,5,May,Sunday,37903.17,34112.853
2024-05-19,ORD048837,CUST03871,P005,Office Chair,Furniture,Pune,Online,Debit Card,1,8693.44,0.0,8693.44,8693.44,0,1832.05,2024,5,May,Sunday,8693.44,8693.44
2024-05-19,ORD047473,CUST02475,P015,Dining Table,Furniture,Bengaluru,Store,Credit Card,1,20080.75,0.05,20080.75,19076.71,0,1800.72,2024,5,May,Sunday,20080.75,19076.712499999998
2024-05-19,ORD010458,CUST00423,P011,Mixer Grinder,Home,Delhi,Store,Credit Card,5,4716.04,0.15,23580.2,20043.17,0,5118.99,2024,5,May,Sunday,23580.2,20043.170000000002
2024-05-19,ORD014803,CUST02653,P008,Running Shoes,Fashion,Bengaluru,Store,Credit Card,2,3835.32,0.2,7670.64,6136.51,0,685.52,2024,5,May,Sunday,7670.64,6136.512000000001
2024-05-19,ORD036862,CUST04420,P001,Laptop,Electronics,Bengaluru,Store,UPI,2,63683.62,0.1,127367.24,114630.52,0,10552.15,2024,5,May,Sunday,127367.24,114630.516
2024-05-20,ORD027889,CUST04784,P009,T-Shirt,Fashion,Kolkata,Online,UPI,5,1106.52,0.05,5532.6,5255.97,0,571.29,2024,5,May,Monday,5532.6,5255.97
2024-05-20,ORD018576,CUST00253,P019,Vacuum Cleaner,Home,Hyderabad,Online,Debit Card,1,9352.67,0.05,9352.67,8885.04,0,1254.68,2024,5,May,Monday,9352.67,8885.0365
2024-05-20,ORD028724,CUST00746,P015,Dining Table,Furniture,Mumbai,Online,UPI,1,20145.01,0.25,20145.01,15108.76,0,1726.44,2024,5,May,Monday,20145.01,15108.7575
2024-05-20,ORD049176,CUST03526,P010,Coffee Maker,Home,Mumbai,Online,UPI,1,5794.07,0.05,5794.07,5504.37,0,1373.82,2024,5,May,Monday,5794.07,5504.366499999999
2024-05-20,ORD046195,CUST01673,P019,Vacuum Cleaner,Home,Hyderabad,Store,Debit Card,1,9709.08,0.15,9709.08,8252.72,0,1833.97,2024,5,May,Monday,9709.08,8252.717999999999
2024-05-20,ORD036063,CUST02621,P014,Keyboard,Electronics,Bengaluru,Online,Net Banking,1,2527.09,0.05,2527.09,2400.74,0,633.37,2024,5,May,Monday,2527.09,2400.7355000000002
2024-05-20,ORD028263,CUST03287,P016,Sofa,Furniture,Delhi,Online,UPI,1,38370.59,0.2,38370.59,30696.47,0,6346.83,2024,5,May,Monday,38370.59,30696.471999999998
2024-05-20,ORD002077,CUST01476,P011,Mixer Grinder,Home,Pune,Online,Debit Card,1,4627.03,0.15,4627.03,3932.98,0,603.68,2024,5,May,Monday,4627.03,3932.9754999999996
2024-05-20,ORD022050,CUST04853,P020,Microwave,Home,Mumbai,Store,UPI,4,11623.56,0.1,46494.24,41844.82,0,5924.19,2024,5,May,Monday,46494.24,41844.816
2024-05-20,ORD001455,CUST02894,P015,Dining Table,Furniture,Bengaluru,Online,Cash,2,22300.2,0.0,44600.4,44600.4,0,13162.88,2024,5,May,Monday,44600.4,44600.4
2024-05-20,ORD042969,CUST04663,P018,Jacket,Fashion,Pune,Online,Credit Card,2,5672.22,0.0,11344.44,11344.44,0,2895.65,2024,5,May,Monday,11344.44,11344.44
2024-05-20,ORD041547,CUST01969,P019,Vacuum Cleaner,Home,Bengaluru,Online,UPI,2,8303.56,0.0,16607.12,16607.12,0,4495.3,2024,5,May,Monday,16607.12,16607.12
2024-05-20,ORD023524,CUST00190,P013,Monitor,Electronics,Chennai,Online,Net Banking,1,18758.46,0.1,18758.46,16882.61,1,-844.13,2024,5,May,Monday,18758.46,16882.614
2024-05-20,ORD046851,CUST04278,P012,Air Fryer,Home,Kolkata,Store,Debit Card,2,7248.88,0.1,14497.76,13047.98,0,2646.84,2024,5,May,Monday,14497.76,13047.984
2024-05-20,ORD009284,CUST02677,P016,Sofa,Furniture,Surat,Store,Cash,1,37584.55,0.05,37584.55,35705.32,0,9796.77,2024,5,May,Monday,37584.55,35705.3225
2024-05-20,ORD041528,CUST02810,P006,Desk,Furniture,Hyderabad,Store,UPI,1,12673.65,0.1,12673.65,11406.28,0,1313.86,2024,5,May,Monday,12673.65,11406.285
2024-05-20,ORD042278,CUST03404,P013,Monitor,Electronics,Ahmedabad,Online,UPI,1,16686.24,0.1,16686.24,15017.62,0,3989.05,2024,5,May,Monday,16686.24,15017.616000000002
2024-05-20,ORD023830,CUST00146,P010,Coffee Maker,Home,Hyderabad,Online,Credit Card,1,5713.33,0.25,5713.33,4285.0,0,235.29,2024,5,May,Monday,5713.33,4284.9974999999995
2024-05-20,ORD036963,CUST03798,P015,Dining Table,Furniture,Bengaluru,Online,Credit Card,1,20070.93,0.1,20070.93,18063.84,0,1132.44,2024,5,May,Monday,20070.93,18063.837
2024-05-20,ORD000540,CUST04763,P008,Running Shoes,Fashion,Hyderabad,Store,UPI,2,4004.95,0.05,8009.9,7609.4,0,685.81,2024,5,May,Monday,8009.9,7609.405
2024-05-20,ORD018210,CUST02847,P015,Dining Table,Furniture,Bengaluru,Online,Credit Card,1,22081.16,0.0,22081.16,22081.16,1,-1104.06,2024,5,May,Monday,22081.16,22081.16
2024-05-20,ORD036987,CUST02013,P013,Monitor,Electronics,Hyderabad,Store,Credit Card,1,17374.84,0.15,17374.84,14768.61,0,2609.54,2024,5,May,Monday,17374.84,14768.614
2024-05-20,ORD042397,CUST01881,P003,Headphones,Electronics,Chennai,Online,UPI,1,4499.53,0.2,4499.53,3599.62,0,384.31,2024,5,May,Monday,4499.53,3599.624
2024-05-20,ORD010983,CUST01013,P015,Dining Table,Furniture,Ahmedabad,Online,Cash,1,21410.78,0.1,21410.78,19269.7,0,3685.68,2024,5,May,Monday,21410.78,19269.702
2024-05-20,ORD036535,CUST01985,P008,Running Shoes,Fashion,Pune,Online,Net Banking,1,4357.31,0.0,4357.31,4357.31,0,1037.26,2024,5,May,Monday,4357.31,4357.31
2024-05-20,ORD000651,CUST04826,P001,Laptop,Electronics,Jaipur,Online,UPI,4,65023.66,0.2,260094.64,208075.71,0,23873.02,2024,5,May,Monday,260094.64,208075.71200000003
2024-05-20,ORD023702,CUST03597,P020,Microwave,Home,Ahmedabad,Store,Cash,1,11423.55,0.0,11423.55,11423.55,0,1491.94,2024,5,May,Monday,11423.55,11423.55
2024-05-20,ORD023393,CUST00338,P018,Jacket,Fashion,Jaipur,Store,UPI,1,5088.85,0.0,5088.85,5088.85,0,587.44,2024,5,May,Monday,5088.85,5088.85
2024-05-20,ORD041441,CUST03029,P001,Laptop,Electronics,Pune,Store,Credit Card,1,66671.37,0.1,66671.37,60004.23,0,11902.48,2024,5,May,Monday,66671.37,60004.233
2024-05-20,ORD000151,CUST04566,P015,Dining Table,Furniture,Mumbai,Online,Credit Card,1,22680.65,0.25,22680.65,17010.49,0,1248.13,2024,5,May,Monday,22680.65,17010.487500000003
2024-05-20,ORD010099,CUST00261,P011,Mixer Grinder,Home,Ahmedabad,Store,UPI,1,4379.15,0.1,4379.15,3941.23,0,1095.9,2024,5,May,Monday,4379.15,3941.2349999999997
2024-05-20,ORD041364,CUST00288,P013,Monitor,Electronics,Surat,Store,UPI,4,19252.03,0.15,77008.12,65456.9,0,12695.3,2024,5,May,Monday,77008.12,65456.901999999995
2024-05-20,ORD015745,CUST01844,P015,Dining Table,Furniture,Ahmedabad,Store,Net Banking,1,21373.07,0.1,21373.07,19235.76,0,4627.11,2024,5,May,Monday,21373.07,19235.763
2024-05-20,ORD030252,CUST04837,P017,Jeans,Fashion,Chennai,Store,Credit Card,1,2650.15,0.05,2650.15,2517.64,0,439.51,2024,5,May,Monday,2650.15,2517.6425
2024-05-20,ORD028538,CUST01713,P019,Vacuum Cleaner,Home,Chennai,Online,UPI,2,9620.61,0.1,19241.22,17317.1,0,1360.6,2024,5,May,Monday,19241.22,17317.098
2024-05-20,ORD026192,CUST01049,P007,Backpack,Accessories,Surat,Online,Credit Card,1,2230.38,0.15,2230.38,1895.82,1,-94.79,2024,5,May,Monday,2230.38,1895.823
2024-05-20,ORD041298,CUST01235,P001,Laptop,Electronics,Bengaluru,Online,Debit Card,5,62565.26,0.05,312826.3,297184.98,0,58471.48,2024,5,May,Monday,312826.3,297184.985
2024-05-20,ORD037641,CUST01354,P013,Monitor,Electronics,Jaipur,Online,Cash,1,18586.86,0.15,18586.86,15798.83,0,3535.94,2024,5,May,Monday,18586.86,15798.831
2024-05-20,ORD002052,CUST04336,P005,Office Chair,Furniture,Pune,Store,Credit Card,1,8556.02,0.2,8556.02,6844.82,0,1084.36,2024,5,May,Monday,8556.02,6844.816000000001
2024-05-20,ORD026318,CUST02410,P015,Dining Table,Furniture,Delhi,Online,Cash,1,20229.47,0.1,20229.47,18206.52,0,3347.68,2024,5,May,Monday,20229.47,18206.523
2024-05-20,ORD047589,CUST00027,P008,Running Shoes,Fashion,Delhi,Store,Credit Card,2,4309.56,0.1,8619.12,7757.21,0,1013.23,2024,5,May,Monday,8619.12,7757.2080000000005
2024-05-20,ORD041168,CUST01585,P007,Backpack,Accessories,Kolkata,Store,UPI,1,2332.53,0.25,2332.53,1749.4,0,197.93,2024,5,May,Monday,2332.53,1749.3975
2024-05-20,ORD019134,CUST00965,P014,Keyboard,Electronics,Hyderabad,Online,Credit Card,1,2511.6,0.05,2511.6,2386.02,0,201.0,2024,5,May,Monday,2511.6,2386.02
2024-05-20,ORD016514,CUST00153,P020,Microwave,Home,Ahmedabad,Store,Credit Card,1,10950.36,0.0,10950.36,10950.36,0,1847.24,2024,5,May,Monday,10950.36,10950.36
2024-05-20,ORD010240,CUST03258,P004,Smartwatch,Electronics,Ahmedabad,Online,UPI,1,6525.73,0.1,6525.73,5873.16,0,591.34,2024,5,May,Monday,6525.73,5873.157
2024-05-20,ORD043542,CUST00934,P009,T-Shirt,Fashion,Bengaluru,Online,UPI,1,1263.21,0.05,1263.21,1200.05,0,204.79,2024,5,May,Monday,1263.21,1200.0495
2024-05-20,ORD025138,CUST02838,P005,Office Chair,Furniture,Chennai,Online,Debit Card,2,9349.27,0.05,18698.54,17763.61,1,-888.18,2024,5,May,Monday,18698.54,17763.613
2024-05-20,ORD029015,CUST01562,P013,Monitor,Electronics,Hyderabad,Online,Credit Card,2,16602.62,0.1,33205.24,29884.72,0,6074.63,2024,5,May,Monday,33205.24,29884.716
2024-05-20,ORD039450,CUST00901,P007,Backpack,Accessories,Surat,Online,UPI,1,2056.16,0.0,2056.16,2056.16,0,351.94,2024,5,May,Monday,2056.16,2056.16
2024-05-20,ORD019732,CUST03353,P009,T-Shirt,Fashion,Jaipur,Online,Credit Card,1,1088.13,0.05,1088.13,1033.72,1,-51.69,2024,5,May,Monday,1088.13,1033.7235
2024-05-20,ORD021598,CUST04805,P009,T-Shirt,Fashion,Delhi,Online,UPI,1,1146.25,0.0,1146.25,1146.25,0,208.07,2024,5,May,Monday,1146.25,1146.25
2024-05-20,ORD038495,CUST00522,P015,Dining Table,Furniture,Delhi,Online,Credit Card,2,21590.89,0.05,43181.78,41022.69,0,9629.12,2024,5,May,Monday,43181.78,41022.691
2024-05-20,ORD039208,CUST02252,P001,Laptop,Electronics,Kolkata,Online,UPI,1,69629.01,0.1,69629.01,62666.11,0,11801.71,2024,5,May,Monday,69629.01,62666.109
2024-05-20,ORD040527,CUST03752,P002,Smartphone,Electronics,Ahmedabad,Store,UPI,1,28221.58,0.1,28221.58,25399.42,0,3453.9,2024,5,May,Monday,28221.58,25399.422000000002
2024-05-20,ORD004519,CUST04954,P001,Laptop,Electronics,Mumbai,Online,UPI,1,67003.56,0.15,67003.56,56953.03,0,13478.76,2024,5,May,Monday,67003.56,56953.026
2024-05-20,ORD044157,CUST00268,P002,Smartphone,Electronics,Ahmedabad,Store,Debit Card,1,27842.71,0.05,27842.71,26450.57,0,5520.17,2024,5,May,Monday,27842.71,26450.5745
2024-05-20,ORD012074,CUST03353,P001,Laptop,Electronics,Ahmedabad,Store,Cash,2,66899.78,0.1,133799.56,120419.6,1,-6020.98,2024,5,May,Monday,133799.56,120419.604
2024-05-20,ORD046392,CUST02906,P006,Desk,Furniture,Mumbai,Online,Credit Card,1,11210.57,0.1,11210.57,10089.51,0,1855.22,2024,5,May,Monday,11210.57,10089.513
2024-05-20,ORD021413,CUST00556,P018,Jacket,Fashion,Surat,Store,UPI,2,5292.36,0.25,10584.72,7938.54,0,1439.17,2024,5,May,Monday,10584.72,7938.539999999999
2024-05-20,ORD006693,CUST00091,P011,Mixer Grinder,Home,Hyderabad,Online,UPI,1,4924.61,0.15,4924.61,4185.92,0,441.42,2024,5,May,Monday,4924.61,4185.9185
2024-05-20,ORD019826,CUST02824,P008,Running Shoes,Fashion,Surat,Online,UPI,1,4277.61,0.05,4277.61,4063.73,0,507.36,2024,5,May,Monday,4277.61,4063.7294999999995
2024-05-20,ORD006980,CUST01095,P015,Dining Table,Furniture,Jaipur,Store,UPI,2,23906.33,0.0,47812.66,47812.66,0,13923.33,2024,5,May,Monday,47812.66,47812.66
2024-05-20,ORD039685,CUST00377,P020,Microwave,Home,Jaipur,Store,Debit Card,2,10786.13,0.05,21572.26,20493.65,0,3269.53,2024,5,May,Monday,21572.26,20493.646999999997
2024-05-20,ORD012110,CUST00154,P020,Microwave,Home,Mumbai,Store,UPI,1,10874.17,0.25,10874.17,8155.63,0,791.21,2024,5,May,Monday,10874.17,8155.6275000000005
2024-05-20,ORD033729,CUST03169,P020,Microwave,Home,Chennai,Store,Credit Card,5,10262.43,0.15,51312.15,43615.33,0,9157.56,2024,5,May,Monday,51312.15,43615.3275
2024-05-20,ORD020515,CUST00381,P010,Coffee Maker,Home,Kolkata,Online,UPI,2,5968.63,0.15,11937.26,10146.67,0,1276.54,2024,5,May,Monday,11937.26,10146.671
2024-05-20,ORD020528,CUST00416,P010,Coffee Maker,Home,Hyderabad,Online,UPI,1,5756.61,0.05,5756.61,5468.78,0,1206.61,2024,5,May,Monday,5756.61,5468.7795
2024-05-20,ORD016775,CUST02831,P008,Running Shoes,Fashion,Jaipur,Store,Net Banking,5,4423.23,0.05,22116.15,21010.34,0,3447.11,2024,5,May,Monday,22116.149999999998,21010.3425
2024-05-20,ORD027080,CUST01783,P007,Backpack,Accessories,Kolkata,Store,UPI,1,1993.87,0.1,1993.87,1794.48,0,188.96,2024,5,May,Monday,1993.87,1794.483
2024-05-20,ORD021220,CUST04383,P006,Desk,Furniture,Kolkata,Online,UPI,2,11553.28,0.0,23106.56,23106.56,0,4815.05,2024,5,May,Monday,23106.56,23106.56
2024-05-20,ORD020556,CUST02510,P020,Microwave,Home,Pune,Store,UPI,1,11094.53,0.15,11094.53,9430.35,0,1225.68,2024,5,May,Monday,11094.53,9430.3505
2024-05-20,ORD017064,CUST03703,P001,Laptop,Electronics,Kolkata,Store,Net Banking,5,62505.24,0.05,312526.2,296899.89,0,31543.77,2024,5,May,Monday,312526.2,296899.89
2024-05-20,ORD006657,CUST03820,P013,Monitor,Electronics,Ahmedabad,Online,UPI,1,17081.33,0.0,17081.33,17081.33,0,2451.55,2024,5,May,Monday,17081.33,17081.33
2024-05-20,ORD008849,CUST01114,P005,Office Chair,Furniture,Ahmedabad,Store,Cash,2,9621.75,0.15,19243.5,16356.98,0,1294.42,2024,5,May,Monday,19243.5,16356.975
2024-05-20,ORD025234,CUST03616,P013,Monitor,Electronics,Jaipur,Online,Credit Card,1,17468.12,0.0,17468.12,17468.12,0,3505.77,2024,5,May,Monday,17468.12,17468.12
2024-05-20,ORD009777,CUST03675,P019,Vacuum Cleaner,Home,Chennai,Online,UPI,3,8799.95,0.2,26399.85,21119.88,0,4745.51,2024,5,May,Monday,26399.850000000002,21119.88
2024-05-20,ORD039599,CUST01618,P014,Keyboard,Electronics,Pune,Online,UPI,5,2684.05,0.15,13420.25,11407.21,0,1125.43,2024,5,May,Monday,13420.25,11407.2125
2024-05-20,ORD014236,CUST02120,P018,Jacket,Fashion,Jaipur,Online,Debit Card,2,4861.97,0.05,9723.94,9237.74,0,1548.84,2024,5,May,Monday,9723.94,9237.743
2024-05-20,ORD029126,CUST04440,P003,Headphones,Electronics,Delhi,Store,Credit Card,2,4786.23,0.1,9572.46,8615.21,0,2378.93,2024,5,May,Monday,9572.46,8615.214
2024-05-20,ORD010704,CUST04301,P009,T-Shirt,Fashion,Chennai,Store,Credit Card,1,1265.61,0.0,1265.61,1265.61,0,254.13,2024,5,May,Monday,1265.61,1265.61
2024-05-20,ORD024677,CUST00484,P017,Jeans,Fashion,Chennai,Store,Credit Card,1,2772.7,0.1,2772.7,2495.43,0,593.37,2024,5,May,Monday,2772.7,2495.43
2024-05-21,ORD015292,CUST00949,P014,Keyboard,Electronics,Chennai,Online,Debit Card,1,2501.52,0.15,2501.52,2126.29,0,242.62,2024,5,May,Tuesday,2501.52,2126.292
2024-05-21,ORD017852,CUST04815,P015,Dining Table,Furniture,Delhi,Store,UPI,4,23612.62,0.1,94450.48,85005.43,0,6255.31,2024,5,May,Tuesday,94450.48,85005.432
2024-05-21,ORD014857,CUST00785,P001,Laptop,Electronics,Ahmedabad,Online,UPI,1,61331.52,0.1,61331.52,55198.37,0,11139.62,2024,5,May,Tuesday,61331.52,55198.367999999995
2024-05-21,ORD024317,CUST01762,P009,T-Shirt,Fashion,Hyderabad,Store,UPI,1,1235.63,0.15,1235.63,1050.29,0,105.81,2024,5,May,Tuesday,1235.63,1050.2855
2024-05-21,ORD024683,CUST00204,P006,Desk,Furniture,Kolkata,Online,UPI,1,12054.27,0.1,12054.27,10848.84,0,1886.24,2024,5,May,Tuesday,12054.27,10848.843
2024-05-21,ORD032736,CUST01693,P011,Mixer Grinder,Home,Bengaluru,Online,UPI,2,4928.0,0.1,9856.0,8870.4,0,1928.06,2024,5,May,Tuesday,9856.0,8870.4
2024-05-21,ORD037147,CUST03350,P001,Laptop,Electronics,Delhi,Online,Credit Card,4,69155.28,0.2,276621.12,221296.9,0,41059.54,2024,5,May,Tuesday,276621.12,221296.896
2024-05-21,ORD041248,CUST00077,P018,Jacket,Fashion,Bengaluru,Online,Credit Card,2,5418.31,0.0,10836.62,10836.62,0,1471.52,2024,5,May,Tuesday,10836.62,10836.62
2024-05-21,ORD034964,CUST02264,P002,Smartphone,Electronics,Hyderabad,Online,UPI,2,29756.87,0.0,59513.74,59513.74,0,11294.01,2024,5,May,Tuesday,59513.74,59513.74
2024-05-21,ORD048850,CUST01864,P008,Running Shoes,Fashion,Pune,Online,Credit Card,1,4289.61,0.25,4289.61,3217.21,0,752.83,2024,5,May,Tuesday,4289.61,3217.2074999999995
2024-05-21,ORD013804,CUST04234,P013,Monitor,Electronics,Delhi,Store,UPI,1,17913.81,0.1,17913.81,16122.43,1,-806.12,2024,5,May,Tuesday,17913.81,16122.429000000002
2024-05-21,ORD031411,CUST03631,P014,Keyboard,Electronics,Bengaluru,Store,Debit Card,4,2377.12,0.1,9508.48,8557.63,0,1844.71,2024,5,May,Tuesday,9508.48,8557.632
2024-05-21,ORD028331,CUST01422,P007,Backpack,Accessories,Surat,Store,Debit Card,1,2146.0,0.15,2146.0,1824.1,0,316.19,2024,5,May,Tuesday,2146.0,1824.1
2024-05-21,ORD017517,CUST00548,P017,Jeans,Fashion,Mumbai,Online,Credit Card,1,2661.04,0.0,2661.04,2661.04,0,508.15,2024,5,May,Tuesday,2661.04,2661.04
2024-05-21,ORD042774,CUST01197,P015,Dining Table,Furniture,Bengaluru,Online,UPI,1,20548.51,0.25,20548.51,15411.38,0,1275.66,2024,5,May,Tuesday,20548.51,15411.3825
2024-05-21,ORD019847,CUST02026,P011,Mixer Grinder,Home,Kolkata,Online,Debit Card,2,4559.54,0.1,9119.08,8207.17,0,1803.0,2024,5,May,Tuesday,9119.08,8207.172
2024-05-21,ORD005291,CUST01795,P006,Desk,Furniture,Mumbai,Online,Net Banking,2,11674.11,0.15,23348.22,19845.99,0,2517.54,2024,5,May,Tuesday,23348.22,19845.987
2024-05-21,ORD004070,CUST02700,P005,Office Chair,Furniture,Chennai,Store,Credit Card,2,8966.6,0.05,17933.2,17036.54,0,4917.67,2024,5,May,Tuesday,17933.2,17036.54
2024-05-21,ORD011591,CUST00241,P004,Smartwatch,Electronics,Kolkata,Store,Credit Card,2,7020.06,0.2,14040.12,11232.1,0,1849.5,2024,5,May,Tuesday,14040.12,11232.096000000001
2024-05-21,ORD041365,CUST00531,P008,Running Shoes,Fashion,Hyderabad,Online,UPI,1,4139.18,0.1,4139.18,3725.26,1,-186.26,2024,5,May,Tuesday,4139.18,3725.262
2024-05-21,ORD027090,CUST01798,P004,Smartwatch,Electronics,Delhi,Online,UPI,2,7489.21,0.2,14978.42,11982.74,0,716.05,2024,5,May,Tuesday,14978.42,11982.736
2024-05-21,ORD020525,CUST00540,P011,Mixer Grinder,Home,Pune,Online,Credit Card,2,5038.35,0.05,10076.7,9572.86,0,2537.47,2024,5,May,Tuesday,10076.7,9572.865
2024-05-21,ORD000737,CUST04240,P003,Headphones,Electronics,Ahmedabad,Online,Cash,1,4281.39,0.05,4281.39,4067.32,0,613.36,2024,5,May,Tuesday,4281.39,4067.3205000000003
2024-05-21,ORD015235,CUST01348,P015,Dining Table,Furniture,Kolkata,Store,UPI,3,22885.01,0.1,68655.03,61789.53,0,16707.87,2024,5,May,Tuesday,68655.03,61789.527
2024-05-21,ORD043635,CUST02213,P005,Office Chair,Furniture,Mumbai,Online,Debit Card,1,8625.83,0.15,8625.83,7331.96,0,1869.76,2024,5,May,Tuesday,8625.83,7331.9555
2024-05-21,ORD024146,CUST04478,P015,Dining Table,Furniture,Ahmedabad,Online,Debit Card,1,23333.69,0.05,23333.69,22167.01,0,3865.14,2024,5,May,Tuesday,23333.69,22167.0055
2024-05-21,ORD005988,CUST00932,P017,Jeans,Fashion,Kolkata,Online,UPI,2,3066.71,0.05,6133.42,5826.75,0,687.16,2024,5,May,Tuesday,6133.42,5826.749
2024-05-21,ORD042659,CUST03111,P016,Sofa,Furniture,Bengaluru,Online,UPI,2,37379.62,0.0,74759.24,74759.24,0,6377.37,2024,5,May,Tuesday,74759.24,74759.24
2024-05-21,ORD004506,CUST02498,P014,Keyboard,Electronics,Jaipur,Store,UPI,2,2681.56,0.0,5363.12,5363.12,0,1282.78,2024,5,May,Tuesday,5363.12,5363.12
2024-05-21,ORD019912,CUST04756,P018,Jacket,Fashion,Chennai,Online,Credit Card,1,5639.73,0.0,5639.73,5639.73,1,-281.99,2024,5,May,Tuesday,5639.73,5639.73
2024-05-21,ORD001114,CUST00601,P001,Laptop,Electronics,Surat,Store,Net Banking,1,59005.65,0.0,59005.65,59005.65,0,13095.13,2024,5,May,Tuesday,59005.65,59005.65
2024-05-21,ORD020829,CUST03761,P009,T-Shirt,Fashion,Hyderabad,Store,UPI,4,1093.4,0.15,4373.6,3717.56,0,545.11,2024,5,May,Tuesday,4373.6,3717.5600000000004
2024-05-21,ORD046364,CUST02341,P015,Dining Table,Furniture,Hyderabad,Store,Debit Card,1,23153.01,0.05,23153.01,21995.36,0,4450.08,2024,5,May,Tuesday,23153.01,21995.3595
2024-05-21,ORD013681,CUST01782,P002,Smartphone,Electronics,Bengaluru,Online,Debit Card,5,27612.6,0.1,138063.0,124256.7,0,27127.85,2024,5,May,Tuesday,138063.0,124256.7
2024-05-21,ORD041337,CUST04425,P011,Mixer Grinder,Home,Jaipur,Online,Cash,3,5148.07,0.0,15444.21,15444.21,0,2572.08,2024,5,May,Tuesday,15444.21,15444.21
2024-05-21,ORD011211,CUST03864,P009,T-Shirt,Fashion,Delhi,Store,Credit Card,2,1297.93,0.1,2595.86,2336.27,0,448.73,2024,5,May,Tuesday,2595.86,2336.2740000000003
2024-05-21,ORD039915,CUST02515,P011,Mixer Grinder,Home,Chennai,Online,UPI,4,4556.86,0.15,18227.44,15493.32,0,2377.2,2024,5,May,Tuesday,18227.44,15493.323999999999
2024-05-21,ORD048647,CUST03438,P011,Mixer Grinder,Home,Bengaluru,Store,Credit Card,1,4572.19,0.0,4572.19,4572.19,0,954.2,2024,5,May,Tuesday,4572.19,4572.19
2024-05-21,ORD043772,CUST03327,P010,Coffee Maker,Home,Delhi,Online,UPI,2,5528.33,0.0,11056.66,11056.66,0,2984.49,2024,5,May,Tuesday,11056.66,11056.66
2024-05-21,ORD010115,CUST03277,P006,Desk,Furniture,Pune,Store,UPI,1,10821.45,0.25,10821.45,8116.09,0,1681.98,2024,5,May,Tuesday,10821.45,8116.087500000001
2024-05-21,ORD032164,CUST03295,P007,Backpack,Accessories,Chennai,Store,Cash,3,2323.39,0.05,6970.17,6621.66,0,1386.85,2024,5,May,Tuesday,6970.17,6621.6615
2024-05-21,ORD031330,CUST00663,P005,Office Chair,Furniture,Bengaluru,Store,Net Banking,1,9630.35,0.2,9630.35,7704.28,0,811.07,2024,5,May,Tuesday,9630.35,7704.280000000001
2024-05-21,ORD005138,CUST03929,P020,Microwave,Home,Mumbai,Store,Credit Card,1,11716.19,0.15,11716.19,9958.76,0,2318.25,2024,5,May,Tuesday,11716.19,9958.7615
2024-05-21,ORD023033,CUST03377,P004,Smartwatch,Electronics,Hyderabad,Online,Debit Card,1,7527.8,0.15,7527.8,6398.63,0,1602.85,2024,5,May,Tuesday,7527.8,6398.63
2024-05-21,ORD020907,CUST03627,P005,Office Chair,Furniture,Mumbai,Store,UPI,4,8902.41,0.1,35609.64,32048.68,0,6436.22,2024,5,May,Tuesday,35609.64,32048.676
2024-05-21,ORD020280,CUST00634,P019,Vacuum Cleaner,Home,Jaipur,Online,UPI,1,9095.21,0.25,9095.21,6821.41,0,794.5,2024,5,May,Tuesday,9095.21,6821.407499999999
2024-05-21,ORD014893,CUST01419,P002,Smartphone,Electronics,Delhi,Store,Credit Card,1,28805.49,0.25,28805.49,21604.12,0,3607.16,2024,5,May,Tuesday,28805.49,21604.1175
2024-05-21,ORD034849,CUST03738,P009,T-Shirt,Fashion,Mumbai,Store,UPI,2,1239.24,0.1,2478.48,2230.63,0,274.25,2024,5,May,Tuesday,2478.48,2230.632
2024-05-21,ORD016374,CUST04158,P010,Coffee Maker,Home,Ahmedabad,Store,Credit Card,2,5173.58,0.0,10347.16,10347.16,0,2486.27,2024,5,May,Tuesday,10347.16,10347.16
2024-05-21,ORD011828,CUST02685,P012,Air Fryer,Home,Mumbai,Store,Debit Card,2,7549.25,0.1,15098.5,13588.65,0,3738.19,2024,5,May,Tuesday,15098.5,13588.65
2024-05-21,ORD003393,CUST00030,P004,Smartwatch,Electronics,Mumbai,Online,Debit Card,1,6340.01,0.05,6340.01,6023.01,0,526.97,2024,5,May,Tuesday,6340.01,6023.0095
2024-05-21,ORD014669,CUST02276,P006,Desk,Furniture,Jaipur,Online,UPI,4,11857.92,0.1,47431.68,42688.51,1,-2134.43,2024,5,May,Tuesday,47431.68,42688.512
2024-05-21,ORD017622,CUST02882,P003,Headphones,Electronics,Jaipur,Store,Cash,1,4549.53,0.2,4549.53,3639.62,1,-181.98,2024,5,May,Tuesday,4549.53,3639.624
2024-05-21,ORD004904,CUST00104,P004,Smartwatch,Electronics,Chennai,Store,UPI,1,7296.1,0.15,7296.1,6201.68,0,1078.23,2024,5,May,Tuesday,7296.1,6201.685
2024-05-21,ORD030654,CUST00057,P014,Keyboard,Electronics,Pune,Online,Credit Card,1,2674.71,0.05,2674.71,2540.97,0,183.5,2024,5,May,Tuesday,2674.71,2540.9745
2024-05-21,ORD035698,CUST01582,P006,Desk,Furniture,Bengaluru,Online,Credit Card,2,11040.37,0.25,22080.74,16560.56,0,3383.26,2024,5,May,Tuesday,22080.74,16560.555
2024-05-21,ORD034193,CUST02710,P002,Smartphone,Electronics,Kolkata,Online,Debit Card,3,29292.99,0.2,87878.97,70303.18,0,10869.21,2024,5,May,Tuesday,87878.97,70303.176
2024-05-21,ORD039387,CUST04640,P004,Smartwatch,Electronics,Mumbai,Online,Credit Card,1,7044.02,0.1,7044.02,6339.62,0,1594.64,2024,5,May,Tuesday,7044.02,6339.618
2024-05-21,ORD024392,CUST02099,P016,Sofa,Furniture,Ahmedabad,Store,Cash,1,36231.52,0.0,36231.52,36231.52,0,5627.69,2024,5,May,Tuesday,36231.52,36231.52
2024-05-21,ORD034584,CUST04862,P011,Mixer Grinder,Home,Kolkata,Online,UPI,4,5027.26,0.1,20109.04,18098.14,0,4104.93,2024,5,May,Tuesday,20109.04,18098.136000000002
2024-05-21,ORD031956,CUST01641,P006,Desk,Furniture,Pune,Online,Debit Card,2,12753.52,0.0,25507.04,25507.04,0,5559.15,2024,5,May,Tuesday,25507.04,25507.04
2024-05-21,ORD010675,CUST02911,P017,Jeans,Fashion,Mumbai,Store,UPI,1,3075.86,0.05,3075.86,2922.07,0,699.08,2024,5,May,Tuesday,3075.86,2922.067
2024-05-21,ORD007891,CUST03550,P011,Mixer Grinder,Home,Bengaluru,Store,UPI,1,5005.81,0.1,5005.81,4505.23,0,976.06,2024,5,May,Tuesday,5005.81,4505.229
2024-05-21,ORD004244,CUST00014,P013,Monitor,Electronics,Pune,Online,Credit Card,1,16586.97,0.1,16586.97,14928.27,0,3238.04,2024,5,May,Tuesday,16586.97,14928.273000000001
2024-05-21,ORD013479,CUST00931,P017,Jeans,Fashion,Pune,Store,Credit Card,2,3064.0,0.15,6128.0,5208.8,0,1098.04,2024,5,May,Tuesday,6128.0,5208.8
2024-05-21,ORD024389,CUST03090,P011,Mixer Grinder,Home,Surat,Store,Net Banking,1,5049.26,0.1,5049.26,4544.33,1,-227.22,2024,5,May,Tuesday,5049.26,4544.334000000001
2024-05-21,ORD048870,CUST02350,P016,Sofa,Furniture,Ahmedabad,Online,UPI,1,35754.46,0.0,35754.46,35754.46,0,3448.55,2024,5,May,Tuesday,35754.46,35754.46
2024-05-21,ORD001826,CUST01494,P004,Smartwatch,Electronics,Ahmedabad,Online,UPI,1,7438.96,0.15,7438.96,6323.12,0,1449.93,2024,5,May,Tuesday,7438.96,6323.116
2024-05-21,ORD043087,CUST00126,P001,Laptop,Electronics,Pune,Online,Credit Card,1,69555.05,0.05,69555.05,66077.3,0,6377.2,2024,5,May,Tuesday,69555.05,66077.2975
2024-05-22,ORD006264,CUST02800,P014,Keyboard,Electronics,Pune,Online,Debit Card,1,2484.07,0.1,2484.07,2235.66,0,253.36,2024,5,May,Wednesday,2484.07,2235.663
2024-05-22,ORD028910,CUST00878,P013,Monitor,Electronics,Bengaluru,Online,Credit Card,2,18023.07,0.0,36046.14,36046.14,0,7515.7,2024,5,May,Wednesday,36046.14,36046.14
2024-05-22,ORD015336,CUST04292,P016,Sofa,Furniture,Bengaluru,Store,Debit Card,1,37234.52,0.0,37234.52,37234.52,0,3299.28,2024,5,May,Wednesday,37234.52,37234.52
2024-05-22,ORD039121,CUST00856,P001,Laptop,Electronics,Jaipur,Store,UPI,1,67007.79,0.2,67007.79,53606.23,0,11549.3,2024,5,May,Wednesday,67007.79,53606.231999999996
2024-05-22,ORD034028,CUST00031,P007,Backpack,Accessories,Pune,Online,UPI,1,2222.42,0.1,2222.42,2000.18,0,373.91,2024,5,May,Wednesday,2222.42,2000.178
2024-05-22,ORD022656,CUST02984,P017,Jeans,Fashion,Chennai,Store,UPI,3,2662.2,0.1,7986.6,7187.94,0,1243.2,2024,5,May,Wednesday,7986.599999999999,7187.9400000000005
2024-05-22,ORD047175,CUST03866,P014,Keyboard,Electronics,Chennai,Store,UPI,1,2528.42,0.1,2528.42,2275.58,0,341.43,2024,5,May,Wednesday,2528.42,2275.578
2024-05-22,ORD042295,CUST00016,P008,Running Shoes,Fashion,Ahmedabad,Online,Debit Card,1,4416.63,0.1,4416.63,3974.97,0,970.3,2024,5,May,Wednesday,4416.63,3974.967
2024-05-22,ORD042662,CUST03302,P002,Smartphone,Electronics,Jaipur,Online,UPI,1,26535.64,0.0,26535.64,26535.64,0,4789.98,2024,5,May,Wednesday,26535.64,26535.64
2024-05-22,ORD020297,CUST04937,P004,Smartwatch,Electronics,Pune,Online,Credit Card,3,6741.07,0.15,20223.21,17189.73,0,4039.8,2024,5,May,Wednesday,20223.21,17189.728499999997
2024-05-22,ORD042517,CUST04847,P017,Jeans,Fashion,Surat,Store,Cash,1,3072.51,0.0,3072.51,3072.51,0,384.49,2024,5,May,Wednesday,3072.51,3072.51
2024-05-22,ORD003624,CUST04519,P012,Air Fryer,Home,Jaipur,Online,UPI,2,7327.43,0.2,14654.86,11723.89,0,903.21,2024,5,May,Wednesday,14654.86,11723.888
2024-05-22,ORD036936,CUST02329,P018,Jacket,Fashion,Ahmedabad,Store,Cash,3,5412.29,0.1,16236.87,14613.18,0,1398.09,2024,5,May,Wednesday,16236.869999999999,14613.183
2024-05-22,ORD047644,CUST02440,P018,Jacket,Fashion,Bengaluru,Online,Debit Card,1,5656.26,0.05,5656.26,5373.45,0,1285.98,2024,5,May,Wednesday,5656.26,5373.447
2024-05-22,ORD033008,CUST02147,P008,Running Shoes,Fashion,Jaipur,Online,Credit Card,1,3944.68,0.1,3944.68,3550.21,0,756.38,2024,5,May,Wednesday,3944.68,3550.212
2024-05-22,ORD007388,CUST02220,P020,Microwave,Home,Kolkata,Online,Debit Card,4,10978.37,0.05,43913.48,41717.81,0,3013.24,2024,5,May,Wednesday,43913.48,41717.806000000004
2024-05-22,ORD027132,CUST01541,P010,Coffee Maker,Home,Delhi,Online,Credit Card,1,5447.67,0.0,5447.67,5447.67,1,-272.38,2024,5,May,Wednesday,5447.67,5447.67
2024-05-22,ORD006011,CUST02305,P006,Desk,Furniture,Pune,Online,UPI,5,11507.07,0.05,57535.35,54658.58,0,9234.81,2024,5,May,Wednesday,57535.35,54658.5825
2024-05-22,ORD020469,CUST03685,P012,Air Fryer,Home,Mumbai,Online,Debit Card,1,7170.38,0.2,7170.38,5736.3,0,1019.93,2024,5,May,Wednesday,7170.38,5736.304
2024-05-22,ORD022578,CUST04605,P006,Desk,Furniture,Bengaluru,Online,Credit Card,1,12872.3,0.05,12872.3,12228.68,0,1063.2,2024,5,May,Wednesday,12872.3,12228.685
2024-05-22,ORD003578,CUST00061,P003,Headphones,Electronics,Pune,Store,UPI,4,4373.92,0.1,17495.68,15746.11,1,-787.31,2024,5,May,Wednesday,17495.68,15746.112000000001
2024-05-22,ORD023367,CUST02438,P007,Backpack,Accessories,Bengaluru,Store,UPI,4,2369.14,0.0,9476.56,9476.56,0,1787.29,2024,5,May,Wednesday,9476.56,9476.56
2024-05-22,ORD026329,CUST04641,P013,Monitor,Electronics,Pune,Store,UPI,1,18422.62,0.1,18422.62,16580.36,0,1575.91,2024,5,May,Wednesday,18422.62,16580.358
2024-05-22,ORD026222,CUST04737,P002,Smartphone,Electronics,Surat,Online,Cash,2,26494.41,0.05,52988.82,50339.38,0,3525.17,2024,5,May,Wednesday,52988.82,50339.379
2024-05-22,ORD037273,CUST04894,P005,Office Chair,Furniture,Hyderabad,Store,Net Banking,1,9433.21,0.15,9433.21,8018.23,0,569.42,2024,5,May,Wednesday,9433.21,8018.228499999999
2024-05-22,ORD002064,CUST03316,P014,Keyboard,Electronics,Hyderabad,Online,Credit Card,1,2710.96,0.05,2710.96,2575.41,0,409.83,2024,5,May,Wednesday,2710.96,2575.412
2024-05-22,ORD007041,CUST04124,P007,Backpack,Accessories,Jaipur,Online,Cash,1,2263.48,0.15,2263.48,1923.96,0,456.71,2024,5,May,Wednesday,2263.48,1923.9579999999999
2024-05-22,ORD024493,CUST00299,P002,Smartphone,Electronics,Hyderabad,Store,Credit Card,5,26632.16,0.15,133160.8,113186.68,0,20883.36,2024,5,May,Wednesday,133160.8,113186.68
2024-05-22,ORD042982,CUST02614,P018,Jacket,Fashion,Hyderabad,Online,Debit Card,1,4697.61,0.1,4697.61,4227.85,0,651.91,2024,5,May,Wednesday,4697.61,4227.849
2024-05-22,ORD037953,CUST00542,P007,Backpack,Accessories,Chennai,Store,UPI,3,2343.49,0.1,7030.47,6327.42,0,1491.16,2024,5,May,Wednesday,7030.469999999999,6327.423000000001
2024-05-22,ORD032796,CUST00661,P007,Backpack,Accessories,Jaipur,Store,Debit Card,2,2231.06,0.05,4462.12,4239.01,0,932.83,2024,5,May,Wednesday,4462.12,4239.014
2024-05-22,ORD046312,CUST02817,P005,Office Chair,Furniture,Kolkata,Online,Net Banking,1,9817.88,0.1,9817.88,8836.09,1,-441.8,2024,5,May,Wednesday,9817.88,8836.091999999999
2024-05-22,ORD032055,CUST02148,P009,T-Shirt,Fashion,Kolkata,Online,Net Banking,1,1202.15,0.0,1202.15,1202.15,0,111.12,2024,5,May,Wednesday,1202.15,1202.15
2024-05-22,ORD039494,CUST03391,P003,Headphones,Electronics,Hyderabad,Store,Net Banking,1,4243.54,0.1,4243.54,3819.19,0,728.59,2024,5,May,Wednesday,4243.54,3819.186
2024-05-22,ORD044018,CUST01119,P007,Backpack,Accessories,Pune,Store,UPI,2,2064.81,0.15,4129.62,3510.18,0,936.82,2024,5,May,Wednesday,4129.62,3510.1769999999997
2024-05-22,ORD043202,CUST02416,P001,Laptop,Electronics,Delhi,Store,Net Banking,1,69552.82,0.05,69552.82,66075.18,0,11640.74,2024,5,May,Wednesday,69552.82,66075.179
2024-05-22,ORD004406,CUST02242,P013,Monitor,Electronics,Surat,Store,Net Banking,1,17851.06,0.1,17851.06,16065.95,0,2359.91,2024,5,May,Wednesday,17851.06,16065.954000000002
2024-05-22,ORD009044,CUST02523,P004,Smartwatch,Electronics,Chennai,Store,Debit Card,2,6348.68,0.25,12697.36,9523.02,0,2057.31,2024,5,May,Wednesday,12697.36,9523.02
2024-05-22,ORD001124,CUST00254,P013,Monitor,Electronics,Jaipur,Online,UPI,3,17728.46,0.25,53185.38,39889.03,0,1664.84,2024,5,May,Wednesday,53185.38,39889.034999999996
2024-05-22,ORD001518,CUST03354,P003,Headphones,Electronics,Hyderabad,Online,Debit Card,1,4226.2,0.15,4226.2,3592.27,0,377.64,2024,5,May,Wednesday,4226.2,3592.2699999999995
2024-05-22,ORD048743,CUST03250,P006,Desk,Furniture,Mumbai,Online,UPI,1,10874.75,0.15,10874.75,9243.54,0,1533.21,2024,5,May,Wednesday,10874.75,9243.5375
2024-05-22,ORD021860,CUST01147,P001,Laptop,Electronics,Delhi,Online,Cash,1,59769.95,0.1,59769.95,53792.96,0,10883.2,2024,5,May,Wednesday,59769.95,53792.955
2024-05-22,ORD043176,CUST03128,P011,Mixer Grinder,Home,Pune,Online,UPI,1,5088.3,0.25,5088.3,3816.23,0,252.95,2024,5,May,Wednesday,5088.3,3816.2250000000004
2024-05-22,ORD011928,CUST01716,P017,Jeans,Fashion,Bengaluru,Store,UPI,1,2565.48,0.15,2565.48,2180.66,0,157.39,2024,5,May,Wednesday,2565.48,2180.658
2024-05-22,ORD031870,CUST01763,P007,Backpack,Accessories,Kolkata,Store,UPI,1,2034.19,0.2,2034.19,1627.35,0,264.41,2024,5,May,Wednesday,2034.19,1627.352
2024-05-22,ORD049421,CUST00963,P016,Sofa,Furniture,Chennai,Online,UPI,1,37759.19,0.1,37759.19,33983.27,0,8353.87,2024,5,May,Wednesday,37759.19,33983.271
2024-05-22,ORD000216,CUST04629,P001,Laptop,Electronics,Mumbai,Store,Credit Card,3,66857.46,0.05,200572.38,190543.76,0,34828.36,2024,5,May,Wednesday,200572.38,190543.761
2024-05-22,ORD024771,CUST03583,P010,Coffee Maker,Home,Bengaluru,Online,UPI,5,5659.05,0.1,28295.25,25465.72,0,5244.02,2024,5,May,Wednesday,28295.25,25465.725000000002
2024-05-22,ORD025836,CUST01621,P012,Air Fryer,Home,Kolkata,Online,Debit Card,1,7183.57,0.2,7183.57,5746.86,0,1017.85,2024,5,May,Wednesday,7183.57,5746.856
2024-05-22,ORD008305,CUST02951,P017,Jeans,Fashion,Ahmedabad,Online,Debit Card,2,2610.3,0.1,5220.6,4698.54,0,889.81,2024,5,May,Wednesday,5220.6,4698.540000000001
2024-05-22,ORD038664,CUST04860,P004,Smartwatch,Electronics,Bengaluru,Store,Debit Card,3,6671.89,0.05,20015.67,19014.89,1,-950.74,2024,5,May,Wednesday,20015.670000000002,19014.886499999997
2024-05-22,ORD000509,CUST03824,P018,Jacket,Fashion,Pune,Store,Credit Card,3,5376.54,0.1,16129.62,14516.66,0,1822.73,2024,5,May,Wednesday,16129.619999999999,14516.658000000001
2024-05-22,ORD037592,CUST03674,P006,Desk,Furniture,Hyderabad,Store,UPI,1,11759.69,0.15,11759.69,9995.74,0,1131.97,2024,5,May,Wednesday,11759.69,9995.7365
2024-05-22,ORD034990,CUST03216,P010,Coffee Maker,Home,Mumbai,Online,Net Banking,1,5972.06,0.1,5972.06,5374.85,0,1215.5,2024,5,May,Wednesday,5972.06,5374.854
2024-05-22,ORD013574,CUST01190,P002,Smartphone,Electronics,Mumbai,Store,Net Banking,1,25561.85,0.05,25561.85,24283.76,0,5813.05,2024,5,May,Wednesday,25561.85,24283.757499999996
2024-05-22,ORD037483,CUST01525,P020,Microwave,Home,Bengaluru,Online,UPI,1,11422.7,0.1,11422.7,10280.43,0,2444.26,2024,5,May,Wednesday,11422.7,10280.43
2024-05-22,ORD003246,CUST02755,P002,Smartphone,Electronics,Bengaluru,Online,Debit Card,1,25554.08,0.05,25554.08,24276.38,0,3661.51,2024,5,May,Wednesday,25554.08,24276.376
2024-05-22,ORD001227,CUST00062,P006,Desk,Furniture,Bengaluru,Store,Net Banking,1,11521.26,0.15,11521.26,9793.07,0,977.28,2024,5,May,Wednesday,11521.26,9793.071
2024-05-22,ORD015731,CUST01949,P014,Keyboard,Electronics,Ahmedabad,Online,Net Banking,2,2518.4,0.2,5036.8,4029.44,0,811.59,2024,5,May,Wednesday,5036.8,4029.4400000000005
2024-05-22,ORD048144,CUST00827,P001,Laptop,Electronics,Mumbai,Online,Debit Card,1,62373.49,0.2,62373.49,49898.79,0,7155.97,2024,5,May,Wednesday,62373.49,49898.792
2024-05-22,ORD026168,CUST00008,P004,Smartwatch,Electronics,Surat,Online,UPI,1,6899.89,0.1,6899.89,6209.9,0,1486.05,2024,5,May,Wednesday,6899.89,6209.901000000001
2024-05-22,ORD019260,CUST04204,P012,Air Fryer,Home,Kolkata,Online,UPI,1,6941.24,0.0,6941.24,6941.24,0,1393.68,2024,5,May,Wednesday,6941.24,6941.24
2024-05-22,ORD011615,CUST04880,P011,Mixer Grinder,Home,Chennai,Online,Debit Card,4,4894.65,0.15,19578.6,16641.81,0,2736.49,2024,5,May,Wednesday,19578.6,16641.809999999998
2024-05-22,ORD034574,CUST00236,P009,T-Shirt,Fashion,Hyderabad,Online,UPI,1,1269.52,0.05,1269.52,1206.04,0,309.45,2024,5,May,Wednesday,1269.52,1206.0439999999999
2024-05-22,ORD000048,CUST03487,P005,Office Chair,Furniture,Ahmedabad,Store,Credit Card,1,8693.33,0.1,8693.33,7824.0,0,842.63,2024,5,May,Wednesday,8693.33,7823.997
2024-05-22,ORD010020,CUST02782,P018,Jacket,Fashion,Pune,Online,Debit Card,1,5706.52,0.0,5706.52,5706.52,0,986.66,2024,5,May,Wednesday,5706.52,5706.52
2024-05-23,ORD010392,CUST01388,P016,Sofa,Furniture,Jaipur,Store,UPI,4,32394.85,0.05,129579.4,123100.43,0,12064.27,2024,5,May,Thursday,129579.4,123100.43
2024-05-23,ORD030013,CUST04973,P002,Smartphone,Electronics,Pune,Store,Credit Card,1,27026.4,0.1,27026.4,24323.76,1,-1216.19,2024,5,May,Thursday,27026.4,24323.760000000002
2024-05-23,ORD039350,CUST02129,P007,Backpack,Accessories,Delhi,Store,Debit Card,1,2265.92,0.0,2265.92,2265.92,0,334.4,2024,5,May,Thursday,2265.92,2265.92
2024-05-23,ORD004300,CUST01543,P004,Smartwatch,Electronics,Kolkata,Online,UPI,1,7552.49,0.05,7552.49,7174.87,0,1889.69,2024,5,May,Thursday,7552.49,7174.8655
2024-05-23,ORD033969,CUST03927,P018,Jacket,Fashion,Ahmedabad,Online,Credit Card,1,5568.2,0.1,5568.2,5011.38,0,652.4,2024,5,May,Thursday,5568.2,5011.38
2024-05-23,ORD049328,CUST01977,P005,Office Chair,Furniture,Bengaluru,Online,Credit Card,1,9152.92,0.0,9152.92,9152.92,0,2066.7,2024,5,May,Thursday,9152.92,9152.92
2024-05-23,ORD013325,CUST01508,P017,Jeans,Fashion,Bengaluru,Online,Debit Card,4,3021.15,0.2,12084.6,9667.68,0,2474.76,2024,5,May,Thursday,12084.6,9667.68
2024-05-23,ORD036204,CUST00899,P003,Headphones,Electronics,Kolkata,Online,UPI,1,4434.09,0.05,4434.09,4212.39,0,534.08,2024,5,May,Thursday,4434.09,4212.3855
2024-05-23,ORD025412,CUST01302,P005,Office Chair,Furniture,Hyderabad,Online,Credit Card,1,10448.19,0.0,10448.19,10448.19,0,2549.54,2024,5,May,Thursday,10448.19,10448.19
2024-05-23,ORD036096,CUST00737,P013,Monitor,Electronics,Delhi,Store,UPI,1,17184.6,0.1,17184.6,15466.14,0,3762.58,2024,5,May,Thursday,17184.6,15466.14
2024-05-23,ORD023064,CUST03032,P018,Jacket,Fashion,Bengaluru,Store,Credit Card,3,4793.82,0.0,14381.46,14381.46,0,3000.69,2024,5,May,Thursday,14381.46,14381.46
2024-05-23,ORD039664,CUST04034,P004,Smartwatch,Electronics,Mumbai,Online,UPI,3,7403.11,0.1,22209.33,19988.4,0,4908.92,2024,5,May,Thursday,22209.329999999998,19988.397
2024-05-23,ORD045902,CUST02016,P015,Dining Table,Furniture,Mumbai,Online,UPI,1,20437.03,0.05,20437.03,19415.18,1,-970.76,2024,5,May,Thursday,20437.03,19415.178499999998
2024-05-23,ORD023405,CUST04815,P002,Smartphone,Electronics,Chennai,Online,UPI,2,30542.21,0.15,61084.42,51921.76,0,10494.2,2024,5,May,Thursday,61084.42,51921.757
2024-05-23,ORD003444,CUST03688,P017,Jeans,Fashion,Surat,Store,Credit Card,1,3008.45,0.25,3008.45,2256.34,0,240.57,2024,5,May,Thursday,3008.45,2256.3374999999996
2024-05-23,ORD014416,CUST04922,P001,Laptop,Electronics,Jaipur,Store,Credit Card,2,67648.16,0.1,135296.32,121766.69,0,23114.46,2024,5,May,Thursday,135296.32,121766.68800000001
2024-05-23,ORD032757,CUST04144,P008,Running Shoes,Fashion,Delhi,Online,Credit Card,1,4034.28,0.2,4034.28,3227.42,0,183.63,2024,5,May,Thursday,4034.28,3227.4240000000004
2024-05-23,ORD028968,CUST00988,P020,Microwave,Home,Ahmedabad,Store,Credit Card,2,12035.67,0.15,24071.34,20460.64,1,-1023.03,2024,5,May,Thursday,24071.34,20460.639
2024-05-23,ORD021803,CUST03789,P015,Dining Table,Furniture,Kolkata,Online,UPI,3,19826.31,0.0,59478.93,59478.93,0,10962.4,2024,5,May,Thursday,59478.93000000001,59478.93
2024-05-23,ORD039836,CUST02370,P020,Microwave,Home,Surat,Online,Net Banking,5,10546.33,0.1,52731.65,47458.48,0,11465.81,2024,5,May,Thursday,52731.65,47458.485
2024-05-23,ORD012146,CUST02369,P004,Smartwatch,Electronics,Surat,Store,Debit Card,1,7176.98,0.0,7176.98,7176.98,0,1175.27,2024,5,May,Thursday,7176.98,7176.98
2024-05-23,ORD013834,CUST04826,P007,Backpack,Accessories,Delhi,Store,Net Banking,3,2291.17,0.05,6873.51,6529.83,0,840.12,2024,5,May,Thursday,6873.51,6529.8345
2024-05-23,ORD026586,CUST04556,P006,Desk,Furniture,Pune,Store,Debit Card,3,12849.35,0.1,38548.05,34693.25,0,2084.76,2024,5,May,Thursday,38548.05,34693.245
2024-05-23,ORD024228,CUST02486,P019,Vacuum Cleaner,Home,Mumbai,Online,Credit Card,2,8126.45,0.15,16252.9,13814.96,0,2697.77,2024,5,May,Thursday,16252.9,13814.965
2024-05-23,ORD008321,CUST00108,P003,Headphones,Electronics,Kolkata,Store,UPI,1,4354.19,0.1,4354.19,3918.77,0,900.63,2024,5,May,Thursday,4354.19,3918.7709999999997
2024-05-23,ORD046503,CUST00099,P008,Running Shoes,Fashion,Pune,Store,UPI,2,4122.15,0.0,8244.3,8244.3,0,1663.41,2024,5,May,Thursday,8244.3,8244.3
2024-05-23,ORD030777,CUST01457,P012,Air Fryer,Home,Pune,Online,UPI,1,6686.17,0.05,6686.17,6351.86,0,836.44,2024,5,May,Thursday,6686.17,6351.8615
2024-05-23,ORD027029,CUST00948,P018,Jacket,Fashion,Mumbai,Online,Net Banking,4,4949.39,0.1,19797.56,17817.8,0,1606.13,2024,5,May,Thursday,19797.56,17817.804
2024-05-23,ORD034976,CUST02352,P010,Coffee Maker,Home,Hyderabad,Online,Credit Card,1,5432.1,0.15,5432.1,4617.28,0,1029.46,2024,5,May,Thursday,5432.1,4617.285
2024-05-23,ORD034430,CUST01356,P007,Backpack,Accessories,Jaipur,Online,UPI,2,2072.96,0.05,4145.92,3938.62,0,965.07,2024,5,May,Thursday,4145.92,3938.624
2024-05-23,ORD026663,CUST03207,P001,Laptop,Electronics,Jaipur,Store,Credit Card,1,64769.48,0.05,64769.48,61531.01,0,14766.54,2024,5,May,Thursday,64769.48,61531.006
2024-05-23,ORD007527,CUST04348,P010,Coffee Maker,Home,Ahmedabad,Online,Net Banking,2,5221.09,0.1,10442.18,9397.96,0,1436.88,2024,5,May,Thursday,10442.18,9397.962000000001
2024-05-23,ORD046778,CUST02989,P019,Vacuum Cleaner,Home,Bengaluru,Online,Credit Card,4,8817.2,0.0,35268.8,35268.8,0,9290.87,2024,5,May,Thursday,35268.8,35268.8
2024-05-23,ORD001521,CUST01275,P017,Jeans,Fashion,Mumbai,Store,UPI,1,2557.51,0.2,2557.51,2046.01,0,258.21,2024,5,May,Thursday,2557.51,2046.0080000000003
2024-05-23,ORD029320,CUST04260,P009,T-Shirt,Fashion,Delhi,Online,UPI,1,1123.43,0.1,1123.43,1011.09,0,210.25,2024,5,May,Thursday,1123.43,1011.0870000000001
2024-05-23,ORD024393,CUST02024,P015,Dining Table,Furniture,Jaipur,Store,UPI,4,20710.75,0.1,82843.0,74558.7,0,11087.0,2024,5,May,Thursday,82843.0,74558.7
2024-05-23,ORD003986,CUST04410,P003,Headphones,Electronics,Jaipur,Store,Debit Card,3,4936.7,0.0,14810.1,14810.1,0,3666.47,2024,5,May,Thursday,14810.099999999999,14810.1
2024-05-23,ORD009453,CUST04625,P019,Vacuum Cleaner,Home,Jaipur,Online,Debit Card,3,8160.7,0.05,24482.1,23258.0,0,3680.0,2024,5,May,Thursday,24482.1,23257.995
2024-05-23,ORD013621,CUST01902,P003,Headphones,Electronics,Chennai,Online,UPI,3,4220.81,0.0,12662.43,12662.43,0,2037.92,2024,5,May,Thursday,12662.43,12662.43
2024-05-23,ORD037895,CUST04017,P014,Keyboard,Electronics,Surat,Store,Credit Card,3,2599.51,0.2,7798.53,6238.82,0,845.94,2024,5,May,Thursday,7798.530000000001,6238.8240000000005
2024-05-23,ORD030424,CUST00587,P005,Office Chair,Furniture,Jaipur,Online,UPI,1,8808.52,0.15,8808.52,7487.24,0,1107.68,2024,5,May,Thursday,8808.52,7487.242
2024-05-23,ORD030463,CUST00909,P018,Jacket,Fashion,Bengaluru,Online,UPI,1,5523.22,0.05,5523.22,5247.06,0,1419.85,2024,5,May,Thursday,5523.22,5247.059
2024-05-23,ORD027822,CUST03543,P019,Vacuum Cleaner,Home,Bengaluru,Store,Credit Card,3,8587.5,0.15,25762.5,21898.12,0,4392.59,2024,5,May,Thursday,25762.5,21898.125
2024-05-23,ORD015555,CUST02737,P015,Dining Table,Furniture,Mumbai,Online,Debit Card,1,21225.31,0.15,21225.31,18041.51,0,1985.6,2024,5,May,Thursday,21225.31,18041.5135
2024-05-23,ORD040910,CUST03909,P011,Mixer Grinder,Home,Chennai,Online,Debit Card,2,4650.47,0.05,9300.94,8835.89,0,1231.5,2024,5,May,Thursday,9300.94,8835.893
2024-05-23,ORD009034,CUST01934,P012,Air Fryer,Home,Mumbai,Store,UPI,2,7729.29,0.0,15458.58,15458.58,0,3922.79,2024,5,May,Thursday,15458.58,15458.58
2024-05-23,ORD045069,CUST03922,P017,Jeans,Fashion,Kolkata,Online,Net Banking,1,2602.54,0.0,2602.54,2602.54,0,615.32,2024,5,May,Thursday,2602.54,2602.54
2024-05-23,ORD000430,CUST03982,P002,Smartphone,Electronics,Chennai,Online,UPI,3,29592.67,0.1,88778.01,79900.21,0,12073.8,2024,5,May,Thursday,88778.01,79900.209
2024-05-23,ORD043573,CUST02049,P007,Backpack,Accessories,Surat,Online,UPI,1,2294.14,0.15,2294.14,1950.02,0,261.89,2024,5,May,Thursday,2294.14,1950.0189999999998
2024-05-23,ORD017148,CUST03573,P005,Office Chair,Furniture,Ahmedabad,Online,UPI,5,9050.91,0.0,45254.55,45254.55,0,9885.98,2024,5,May,Thursday,45254.55,45254.55
2024-05-23,ORD034118,CUST04221,P016,Sofa,Furniture,Hyderabad,Store,Cash,1,34218.58,0.1,34218.58,30796.72,0,5942.24,2024,5,May,Thursday,34218.58,30796.722
2024-05-23,ORD020258,CUST04038,P002,Smartphone,Electronics,Jaipur,Online,Cash,2,25420.08,0.05,50840.16,48298.15,0,13479.84,2024,5,May,Thursday,50840.16,48298.152
2024-05-23,ORD028131,CUST04039,P015,Dining Table,Furniture,Mumbai,Online,Debit Card,1,23649.15,0.05,23649.15,22466.69,0,6366.01,2024,5,May,Thursday,23649.15,22466.6925
2024-05-23,ORD025972,CUST02806,P005,Office Chair,Furniture,Jaipur,Store,UPI,2,9880.97,0.2,19761.94,15809.55,0,2519.99,2024,5,May,Thursday,19761.94,15809.552
2024-05-23,ORD048829,CUST04990,P003,Headphones,Electronics,Bengaluru,Store,Credit Card,1,4937.37,0.05,4937.37,4690.5,0,560.44,2024,5,May,Thursday,4937.37,4690.501499999999
2024-05-23,ORD027602,CUST02259,P003,Headphones,Electronics,Mumbai,Online,UPI,2,4321.85,0.15,8643.7,7347.14,0,1228.55,2024,5,May,Thursday,8643.7,7347.145
2024-05-23,ORD040082,CUST04674,P001,Laptop,Electronics,Chennai,Online,UPI,1,66131.2,0.0,66131.2,66131.2,0,15465.23,2024,5,May,Thursday,66131.2,66131.2
2024-05-23,ORD031575,CUST02930,P008,Running Shoes,Fashion,Kolkata,Online,Debit Card,1,4383.03,0.1,4383.03,3944.73,0,432.23,2024,5,May,Thursday,4383.03,3944.727
2024-05-23,ORD011535,CUST04610,P009,T-Shirt,Fashion,Surat,Online,Credit Card,2,1215.05,0.0,2430.1,2430.1,0,429.68,2024,5,May,Thursday,2430.1,2430.1
2024-05-23,ORD030215,CUST03314,P018,Jacket,Fashion,Kolkata,Store,Credit Card,2,5513.79,0.1,11027.58,9924.82,0,1665.25,2024,5,May,Thursday,11027.58,9924.822
2024-05-23,ORD029598,CUST04064,P013,Monitor,Electronics,Bengaluru,Online,Credit Card,1,17339.73,0.2,17339.73,13871.78,0,2454.96,2024,5,May,Thursday,17339.73,13871.784
2024-05-23,ORD042629,CUST04038,P007,Backpack,Accessories,Ahmedabad,Online,Credit Card,2,2154.12,0.2,4308.24,3446.59,0,445.96,2024,5,May,Thursday,4308.24,3446.592
2024-05-23,ORD044185,CUST00341,P006,Desk,Furniture,Ahmedabad,Online,Credit Card,1,10878.19,0.15,10878.19,9246.46,0,779.0,2024,5,May,Thursday,10878.19,9246.4615
2024-05-23,ORD000582,CUST03789,P015,Dining Table,Furniture,Chennai,Online,Credit Card,3,21771.58,0.1,65314.74,58783.27,0,6168.51,2024,5,May,Thursday,65314.740000000005,58783.265999999996
2024-05-23,ORD038862,CUST01084,P006,Desk,Furniture,Kolkata,Online,Debit Card,2,10961.0,0.2,21922.0,17537.6,0,1952.74,2024,5,May,Thursday,21922.0,17537.600000000002
2024-05-23,ORD042365,CUST02443,P018,Jacket,Fashion,Chennai,Store,Net Banking,2,5701.59,0.1,11403.18,10262.86,0,1930.71,2024,5,May,Thursday,11403.18,10262.862000000001
2024-05-24,ORD029775,CUST04986,P009,T-Shirt,Fashion,Ahmedabad,Store,Net Banking,1,1284.69,0.15,1284.69,1091.99,0,213.82,2024,5,May,Friday,1284.69,1091.9865
2024-05-24,ORD014792,CUST00983,P007,Backpack,Accessories,Jaipur,Store,UPI,1,2025.94,0.1,2025.94,1823.35,0,260.75,2024,5,May,Friday,2025.94,1823.346
2024-05-24,ORD007224,CUST03141,P001,Laptop,Electronics,Chennai,Store,Credit Card,4,60733.94,0.05,242935.76,230788.97,1,-11539.45,2024,5,May,Friday,242935.76,230788.972
2024-05-24,ORD017661,CUST02946,P016,Sofa,Furniture,Kolkata,Store,UPI,1,34658.66,0.05,34658.66,32925.73,0,4432.48,2024,5,May,Friday,34658.66,32925.727
2024-05-24,ORD007104,CUST00991,P006,Desk,Furniture,Mumbai,Online,UPI,1,13030.57,0.05,13030.57,12379.04,0,1399.25,2024,5,May,Friday,13030.57,12379.0415
2024-05-24,ORD016835,CUST00811,P001,Laptop,Electronics,Hyderabad,Store,UPI,1,60999.68,0.2,60999.68,48799.74,0,4245.57,2024,5,May,Friday,60999.68,48799.744000000006
2024-05-24,ORD013677,CUST03981,P010,Coffee Maker,Home,Jaipur,Online,Cash,3,5631.54,0.15,16894.62,14360.43,0,3558.61,2024,5,May,Friday,16894.62,14360.426999999998
2024-05-24,ORD028751,CUST02115,P009,T-Shirt,Fashion,Hyderabad,Online,Credit Card,1,1081.99,0.15,1081.99,919.69,0,211.35,2024,5,May,Friday,1081.99,919.6915
2024-05-24,ORD008560,CUST03575,P002,Smartphone,Electronics,Ahmedabad,Store,UPI,1,29177.28,0.05,29177.28,27718.42,0,2094.38,2024,5,May,Friday,29177.28,27718.415999999997
2024-05-24,ORD010695,CUST01222,P011,Mixer Grinder,Home,Bengaluru,Online,Credit Card,4,4767.88,0.0,19071.52,19071.52,0,4717.69,2024,5,May,Friday,19071.52,19071.52
2024-05-24,ORD035565,CUST00256,P011,Mixer Grinder,Home,Jaipur,Online,Debit Card,1,4436.09,0.0,4436.09,4436.09,0,403.61,2024,5,May,Friday,4436.09,4436.09
2024-05-24,ORD049948,CUST01482,P008,Running Shoes,Fashion,Ahmedabad,Online,UPI,1,3983.2,0.0,3983.2,3983.2,0,819.43,2024,5,May,Friday,3983.2,3983.2
2024-05-24,ORD049723,CUST02521,P005,Office Chair,Furniture,Chennai,Online,Credit Card,5,9908.44,0.0,49542.2,49542.2,0,6980.26,2024,5,May,Friday,49542.200000000004,49542.2
2024-05-24,ORD015683,CUST00455,P014,Keyboard,Electronics,Bengaluru,Online,UPI,1,2547.91,0.1,2547.91,2293.12,0,287.63,2024,5,May,Friday,2547.91,2293.119
2024-05-24,ORD033283,CUST00359,P008,Running Shoes,Fashion,Delhi,Online,Cash,1,4028.92,0.1,4028.92,3626.03,0,308.37,2024,5,May,Friday,4028.92,3626.0280000000002
2024-05-24,ORD032806,CUST02071,P004,Smartwatch,Electronics,Jaipur,Online,UPI,1,7346.07,0.15,7346.07,6244.16,0,1516.64,2024,5,May,Friday,7346.07,6244.1595
2024-05-24,ORD029507,CUST02355,P002,Smartphone,Electronics,Jaipur,Online,Debit Card,2,29675.89,0.0,59351.78,59351.78,0,15030.21,2024,5,May,Friday,59351.78,59351.78
2024-05-24,ORD032930,CUST01423,P004,Smartwatch,Electronics,Ahmedabad,Store,Net Banking,1,6866.29,0.0,6866.29,6866.29,1,-343.31,2024,5,May,Friday,6866.29,6866.29
2024-05-24,ORD042074,CUST02033,P015,Dining Table,Furniture,Bengaluru,Online,Net Banking,5,21969.3,0.15,109846.5,93369.52,0,19846.44,2024,5,May,Friday,109846.5,93369.525
2024-05-24,ORD025100,CUST03795,P016,Sofa,Furniture,Jaipur,Online,Net Banking,1,34726.84,0.0,34726.84,34726.84,0,4817.89,2024,5,May,Friday,34726.84,34726.84
2024-05-24,ORD025862,CUST02072,P007,Backpack,Accessories,Bengaluru,Store,Credit Card,2,2140.87,0.15,4281.74,3639.48,0,309.08,2024,5,May,Friday,4281.74,3639.479
2024-05-24,ORD017800,CUST04544,P015,Dining Table,Furniture,Surat,Store,Cash,1,20074.01,0.25,20074.01,15055.51,0,1818.48,2024,5,May,Friday,20074.01,15055.5075
2024-05-24,ORD035706,CUST03913,P019,Vacuum Cleaner,Home,Chennai,Online,Credit Card,4,8720.93,0.2,34883.72,27906.98,0,5710.25,2024,5,May,Friday,34883.72,27906.976000000002
2024-05-24,ORD043749,CUST02979,P018,Jacket,Fashion,Mumbai,Online,UPI,1,5565.69,0.15,5565.69,4730.84,0,1229.05,2024,5,May,Friday,5565.69,4730.836499999999
2024-05-24,ORD016784,CUST02765,P002,Smartphone,Electronics,Surat,Online,Cash,2,29573.9,0.0,59147.8,59147.8,0,15947.06,2024,5,May,Friday,59147.8,59147.8
2024-05-24,ORD033741,CUST00037,P015,Dining Table,Furniture,Chennai,Online,UPI,2,20285.46,0.1,40570.92,36513.83,0,7531.46,2024,5,May,Friday,40570.92,36513.828
2024-05-24,ORD002692,CUST02957,P016,Sofa,Furniture,Surat,Online,UPI,1,33686.78,0.15,33686.78,28633.76,0,2781.93,2024,5,May,Friday,33686.78,28633.763
2024-05-24,ORD015682,CUST03086,P001,Laptop,Electronics,Jaipur,Store,UPI,2,70169.54,0.15,140339.08,119288.22,0,22482.1,2024,5,May,Friday,140339.08,119288.21799999998
2024-05-24,ORD006162,CUST03798,P008,Running Shoes,Fashion,Jaipur,Online,Credit Card,1,4202.27,0.1,4202.27,3782.04,1,-189.1,2024,5,May,Friday,4202.27,3782.0430000000006
2024-05-24,ORD024419,CUST03425,P001,Laptop,Electronics,Mumbai,Store,UPI,1,67935.23,0.15,67935.23,57744.95,0,14304.58,2024,5,May,Friday,67935.23,57744.945499999994
2024-05-24,ORD020948,CUST00935,P015,Dining Table,Furniture,Hyderabad,Store,Debit Card,1,23503.63,0.2,23503.63,18802.9,1,-940.15,2024,5,May,Friday,23503.63,18802.904000000002
2024-05-24,ORD002033,CUST04617,P006,Desk,Furniture,Pune,Store,Credit Card,2,12001.6,0.05,24003.2,22803.04,0,4764.63,2024,5,May,Friday,24003.2,22803.04
2024-05-24,ORD038880,CUST04649,P006,Desk,Furniture,Surat,Online,Credit Card,5,10922.71,0.1,54613.55,49152.2,0,9613.94,2024,5,May,Friday,54613.549999999996,49152.19500000001
2024-05-24,ORD029989,CUST02203,P003,Headphones,Electronics,Surat,Store,Debit Card,1,4653.21,0.15,4653.21,3955.23,0,418.88,2024,5,May,Friday,4653.21,3955.2284999999997
2024-05-24,ORD009263,CUST02471,P017,Jeans,Fashion,Pune,Store,Credit Card,2,2545.7,0.1,5091.4,4582.26,0,1116.1,2024,5,May,Friday,5091.4,4582.26
2024-05-24,ORD027113,CUST00431,P016,Sofa,Furniture,Ahmedabad,Store,Net Banking,5,35659.9,0.0,178299.5,178299.5,0,39148.42,2024,5,May,Friday,178299.5,178299.5
2024-05-24,ORD004757,CUST01368,P007,Backpack,Accessories,Kolkata,Online,Credit Card,2,2105.81,0.05,4211.62,4001.04,0,450.27,2024,5,May,Friday,4211.62,4001.0389999999998
2024-05-24,ORD014167,CUST00929,P018,Jacket,Fashion,Pune,Online,Credit Card,1,4873.63,0.05,4873.63,4629.95,0,638.11,2024,5,May,Friday,4873.63,4629.9484999999995
2024-05-24,ORD012702,CUST00383,P018,Jacket,Fashion,Kolkata,Online,Debit Card,1,5564.95,0.0,5564.95,5564.95,0,1367.51,2024,5,May,Friday,5564.95,5564.95
2024-05-24,ORD038642,CUST01058,P014,Keyboard,Electronics,Bengaluru,Online,UPI,2,2743.73,0.15,5487.46,4664.34,0,805.97,2024,5,May,Friday,5487.46,4664.341
2024-05-24,ORD026319,CUST02390,P008,Running Shoes,Fashion,Bengaluru,Online,Net Banking,1,3945.34,0.05,3945.34,3748.07,0,580.12,2024,5,May,Friday,3945.34,3748.073
2024-05-24,ORD031761,CUST01517,P002,Smartphone,Electronics,Chennai,Online,UPI,1,29899.46,0.05,29899.46,28404.49,0,7309.03,2024,5,May,Friday,29899.46,28404.486999999997
2024-05-24,ORD012020,CUST02208,P020,Microwave,Home,Hyderabad,Store,Debit Card,1,10292.74,0.05,10292.74,9778.1,0,1452.93,2024,5,May,Friday,10292.74,9778.103
2024-05-24,ORD022881,CUST00791,P019,Vacuum Cleaner,Home,Chennai,Store,UPI,1,9347.13,0.0,9347.13,9347.13,0,1243.57,2024,5,May,Friday,9347.13,9347.13
2024-05-24,ORD037974,CUST02178,P019,Vacuum Cleaner,Home,Delhi,Online,Cash,1,8319.99,0.1,8319.99,7487.99,0,1234.26,2024,5,May,Friday,8319.99,7487.991
2024-05-24,ORD038248,CUST02772,P005,Office Chair,Furniture,Delhi,Online,UPI,3,8823.97,0.1,26471.91,23824.72,1,-1191.24,2024,5,May,Friday,26471.909999999996,23824.719
2024-05-24,ORD032573,CUST02558,P010,Coffee Maker,Home,Hyderabad,Online,UPI,1,5044.37,0.15,5044.37,4287.71,0,342.34,2024,5,May,Friday,5044.37,4287.7145
2024-05-24,ORD012886,CUST02426,P019,Vacuum Cleaner,Home,Mumbai,Online,Credit Card,1,8471.78,0.1,8471.78,7624.6,1,-381.23,2024,5,May,Friday,8471.78,7624.602000000001
2024-05-24,ORD012885,CUST03700,P011,Mixer Grinder,Home,Hyderabad,Online,Cash,2,4674.82,0.1,9349.64,8414.68,0,2330.09,2024,5,May,Friday,9349.64,8414.676
2024-05-24,ORD012831,CUST04441,P015,Dining Table,Furniture,Hyderabad,Online,Cash,1,22865.93,0.05,22865.93,21722.63,0,2550.74,2024,5,May,Friday,22865.93,21722.6335
2024-05-24,ORD019394,CUST03329,P003,Headphones,Electronics,Hyderabad,Online,UPI,2,4685.75,0.1,9371.5,8434.35,0,904.94,2024,5,May,Friday,9371.5,8434.35
2024-05-24,ORD009291,CUST00104,P009,T-Shirt,Fashion,Kolkata,Online,UPI,1,1304.25,0.0,1304.25,1304.25,0,200.33,2024,5,May,Friday,1304.25,1304.25
2024-05-24,ORD020054,CUST04176,P020,Microwave,Home,Jaipur,Online,Debit Card,1,11061.98,0.2,11061.98,8849.58,0,928.44,2024,5,May,Friday,11061.98,8849.584
2024-05-24,ORD040854,CUST02562,P017,Jeans,Fashion,Chennai,Online,UPI,1,2791.33,0.05,2791.33,2651.76,0,412.3,2024,5,May,Friday,2791.33,2651.7635
2024-05-24,ORD004669,CUST02673,P011,Mixer Grinder,Home,Delhi,Online,UPI,1,4472.25,0.0,4472.25,4472.25,0,1291.66,2024,5,May,Friday,4472.25,4472.25
2024-05-24,ORD026545,CUST01663,P009,T-Shirt,Fashion,Surat,Store,Credit Card,2,1174.84,0.05,2349.68,2232.2,0,455.92,2024,5,May,Friday,2349.68,2232.196
2024-05-24,ORD046491,CUST02895,P015,Dining Table,Furniture,Ahmedabad,Online,Net Banking,1,23320.47,0.0,23320.47,23320.47,0,6900.63,2024,5,May,Friday,23320.47,23320.47
2024-05-24,ORD027400,CUST00507,P012,Air Fryer,Home,Pune,Online,Credit Card,2,7840.37,0.05,15680.74,14896.7,0,2449.66,2024,5,May,Friday,15680.74,14896.703
2024-05-24,ORD047464,CUST04212,P007,Backpack,Accessories,Kolkata,Online,Credit Card,1,2351.05,0.05,2351.05,2233.5,0,500.17,2024,5,May,Friday,2351.05,2233.4975
2024-05-24,ORD008486,CUST00061,P017,Jeans,Fashion,Surat,Online,Net Banking,1,2522.62,0.1,2522.62,2270.36,0,364.11,2024,5,May,Friday,2522.62,2270.358
2024-05-24,ORD026531,CUST04788,P020,Microwave,Home,Ahmedabad,Store,UPI,2,10939.12,0.0,21878.24,21878.24,0,3154.17,2024,5,May,Friday,21878.24,21878.24
2024-05-24,ORD005308,CUST04315,P019,Vacuum Cleaner,Home,Jaipur,Online,UPI,1,8570.32,0.15,8570.32,7284.77,0,537.17,2024,5,May,Friday,8570.32,7284.772
2024-05-24,ORD021050,CUST03035,P013,Monitor,Electronics,Delhi,Online,UPI,1,18318.01,0.1,18318.01,16486.21,0,1745.37,2024,5,May,Friday,18318.01,16486.209
2024-05-24,ORD027967,CUST01982,P014,Keyboard,Electronics,Delhi,Online,Credit Card,2,2462.58,0.05,4925.16,4678.9,0,466.15,2024,5,May,Friday,4925.16,4678.902
2024-05-24,ORD032268,CUST02223,P002,Smartphone,Electronics,Mumbai,Online,Debit Card,1,28390.71,0.05,28390.71,26971.17,0,4286.28,2024,5,May,Friday,28390.71,26971.174499999997
2024-05-24,ORD046148,CUST01501,P019,Vacuum Cleaner,Home,Ahmedabad,Online,UPI,1,9500.75,0.15,9500.75,8075.64,0,774.15,2024,5,May,Friday,9500.75,8075.6375
2024-05-25,ORD029599,CUST00919,P015,Dining Table,Furniture,Surat,Online,Cash,3,20717.79,0.05,62153.37,59045.7,0,12335.64,2024,5,May,Saturday,62153.37,59045.7015
2024-05-25,ORD030498,CUST01938,P007,Backpack,Accessories,Mumbai,Store,Credit Card,1,2314.77,0.1,2314.77,2083.29,0,408.67,2024,5,May,Saturday,2314.77,2083.293
2024-05-25,ORD027835,CUST03827,P017,Jeans,Fashion,Ahmedabad,Online,UPI,1,2880.31,0.15,2880.31,2448.26,0,347.9,2024,5,May,Saturday,2880.31,2448.2635
2024-05-25,ORD019510,CUST02293,P009,T-Shirt,Fashion,Hyderabad,Online,Debit Card,1,1235.23,0.0,1235.23,1235.23,0,246.13,2024,5,May,Saturday,1235.23,1235.23
2024-05-25,ORD009920,CUST03074,P002,Smartphone,Electronics,Bengaluru,Online,Net Banking,4,30511.3,0.1,122045.2,109840.68,0,22472.92,2024,5,May,Saturday,122045.2,109840.68
2024-05-25,ORD028043,CUST00942,P006,Desk,Furniture,Chennai,Online,Net Banking,1,12678.34,0.15,12678.34,10776.59,0,1620.26,2024,5,May,Saturday,12678.34,10776.589
2024-05-25,ORD026680,CUST03939,P002,Smartphone,Electronics,Mumbai,Online,UPI,1,27463.76,0.0,27463.76,27463.76,0,7536.62,2024,5,May,Saturday,27463.76,27463.76
2024-05-25,ORD045612,CUST02305,P004,Smartwatch,Electronics,Pune,Online,UPI,1,7263.99,0.0,7263.99,7263.99,0,1559.43,2024,5,May,Saturday,7263.99,7263.99
2024-05-25,ORD007328,CUST01339,P009,T-Shirt,Fashion,Mumbai,Online,UPI,2,1299.31,0.1,2598.62,2338.76,0,399.63,2024,5,May,Saturday,2598.62,2338.758
2024-05-25,ORD005142,CUST01040,P005,Office Chair,Furniture,Jaipur,Online,UPI,1,9500.17,0.0,9500.17,9500.17,0,2193.92,2024,5,May,Saturday,9500.17,9500.17
2024-05-25,ORD002959,CUST04567,P013,Monitor,Electronics,Ahmedabad,Store,Debit Card,1,19172.03,0.15,19172.03,16296.23,0,3277.54,2024,5,May,Saturday,19172.03,16296.225499999999
2024-05-25,ORD013548,CUST04283,P001,Laptop,Electronics,Pune,Online,Credit Card,2,66397.51,0.1,132795.02,119515.52,0,18149.66,2024,5,May,Saturday,132795.02,119515.518
2024-05-25,ORD034904,CUST04089,P004,Smartwatch,Electronics,Mumbai,Online,Credit Card,1,7051.74,0.2,7051.74,5641.39,0,1095.24,2024,5,May,Saturday,7051.74,5641.392
2024-05-25,ORD016436,CUST01329,P001,Laptop,Electronics,Delhi,Online,UPI,3,58707.82,0.05,176123.46,167317.29,0,12029.09,2024,5,May,Saturday,176123.46,167317.28699999998
2024-05-25,ORD022480,CUST02731,P010,Coffee Maker,Home,Surat,Online,Credit Card,1,5780.71,0.2,5780.71,4624.57,0,927.92,2024,5,May,Saturday,5780.71,4624.568
2024-05-25,ORD028534,CUST04454,P004,Smartwatch,Electronics,Hyderabad,Online,Credit Card,1,7094.73,0.15,7094.73,6030.52,0,352.88,2024,5,May,Saturday,7094.73,6030.5205
2024-05-25,ORD019201,CUST02484,P014,Keyboard,Electronics,Ahmedabad,Store,Net Banking,1,2278.4,0.1,2278.4,2050.56,0,155.33,2024,5,May,Saturday,2278.4,2050.56
2024-05-25,ORD028584,CUST03409,P004,Smartwatch,Electronics,Jaipur,Store,Debit Card,1,6525.26,0.05,6525.26,6199.0,0,645.81,2024,5,May,Saturday,6525.26,6198.997
2024-05-25,ORD022495,CUST00273,P009,T-Shirt,Fashion,Hyderabad,Online,Cash,3,1091.72,0.0,3275.16,3275.16,0,786.84,2024,5,May,Saturday,3275.16,3275.16
2024-05-25,ORD041077,CUST03551,P014,Keyboard,Electronics,Surat,Online,Debit Card,3,2521.75,0.1,7565.25,6808.72,0,854.36,2024,5,May,Saturday,7565.25,6808.725
2024-05-25,ORD046329,CUST01571,P009,T-Shirt,Fashion,Mumbai,Online,UPI,5,1161.25,0.25,5806.25,4354.69,0,723.43,2024,5,May,Saturday,5806.25,4354.6875
2024-05-25,ORD021863,CUST03018,P004,Smartwatch,Electronics,Delhi,Store,Credit Card,1,6805.72,0.05,6805.72,6465.43,0,1803.59,2024,5,May,Saturday,6805.72,6465.434
2024-05-25,ORD033617,CUST04062,P011,Mixer Grinder,Home,Bengaluru,Online,UPI,1,4717.49,0.1,4717.49,4245.74,0,816.41,2024,5,May,Saturday,4717.49,4245.741
2024-05-25,ORD049368,CUST00697,P002,Smartphone,Electronics,Chennai,Online,Net Banking,3,26023.64,0.1,78070.92,70263.83,0,4571.23,2024,5,May,Saturday,78070.92,70263.828
2024-05-25,ORD046079,CUST00498,P008,Running Shoes,Fashion,Bengaluru,Store,Credit Card,2,4179.54,0.2,8359.08,6687.26,0,1207.27,2024,5,May,Saturday,8359.08,6687.264
2024-05-25,ORD029146,CUST00323,P007,Backpack,Accessories,Bengaluru,Online,UPI,1,2176.18,0.05,2176.18,2067.37,0,306.49,2024,5,May,Saturday,2176.18,2067.3709999999996
2024-05-25,ORD006877,CUST02897,P011,Mixer Grinder,Home,Kolkata,Online,UPI,1,4612.45,0.1,4612.45,4151.2,0,742.81,2024,5,May,Saturday,4612.45,4151.205
2024-05-25,ORD007847,CUST02528,P019,Vacuum Cleaner,Home,Bengaluru,Online,UPI,1,8837.55,0.1,8837.55,7953.79,0,1309.93,2024,5,May,Saturday,8837.55,7953.794999999999
2024-05-25,ORD040073,CUST00653,P001,Laptop,Electronics,Bengaluru,Online,UPI,1,58525.33,0.1,58525.33,52672.8,0,5907.91,2024,5,May,Saturday,58525.33,52672.797000000006
2024-05-25,ORD029100,CUST00403,P007,Backpack,Accessories,Pune,Online,UPI,1,2367.61,0.05,2367.61,2249.23,0,357.99,2024,5,May,Saturday,2367.61,2249.2295
2024-05-25,ORD044847,CUST02778,P011,Mixer Grinder,Home,Jaipur,Online,Credit Card,1,5127.67,0.05,5127.67,4871.29,0,843.17,2024,5,May,Saturday,5127.67,4871.2865
2024-05-25,ORD000093,CUST02176,P014,Keyboard,Electronics,Delhi,Store,Credit Card,5,2335.84,0.1,11679.2,10511.28,0,673.2,2024,5,May,Saturday,11679.2,10511.28
2024-05-25,ORD004507,CUST04313,P020,Microwave,Home,Hyderabad,Store,Credit Card,1,9993.42,0.2,9993.42,7994.74,0,1290.5,2024,5,May,Saturday,9993.42,7994.736000000001
2024-05-25,ORD039368,CUST01986,P015,Dining Table,Furniture,Pune,Online,Debit Card,1,20571.68,0.2,20571.68,16457.34,0,2928.67,2024,5,May,Saturday,20571.68,16457.344
2024-05-25,ORD016826,CUST02588,P009,T-Shirt,Fashion,Mumbai,Online,Credit Card,1,1238.3,0.05,1238.3,1176.38,0,239.06,2024,5,May,Saturday,1238.3,1176.385
2024-05-25,ORD039621,CUST00588,P005,Office Chair,Furniture,Delhi,Online,Credit Card,4,10428.78,0.1,41715.12,37543.61,0,4575.23,2024,5,May,Saturday,41715.12,37543.608
2024-05-25,ORD015439,CUST01375,P017,Jeans,Fashion,Delhi,Store,Credit Card,1,2916.36,0.1,2916.36,2624.72,0,689.49,2024,5,May,Saturday,2916.36,2624.724
2024-05-25,ORD010761,CUST03866,P010,Coffee Maker,Home,Ahmedabad,Online,Credit Card,1,4952.94,0.1,4952.94,4457.65,0,804.91,2024,5,May,Saturday,4952.94,4457.646
2024-05-25,ORD010347,CUST04387,P008,Running Shoes,Fashion,Pune,Online,Debit Card,1,4544.34,0.2,4544.34,3635.47,0,476.42,2024,5,May,Saturday,4544.34,3635.472
2024-05-25,ORD047304,CUST04322,P018,Jacket,Fashion,Chennai,Online,UPI,1,4834.53,0.0,4834.53,4834.53,0,806.14,2024,5,May,Saturday,4834.53,4834.53
2024-05-25,ORD033357,CUST04816,P006,Desk,Furniture,Bengaluru,Online,Credit Card,1,12695.82,0.15,12695.82,10791.45,0,2492.88,2024,5,May,Saturday,12695.82,10791.447
2024-05-25,ORD045641,CUST00035,P001,Laptop,Electronics,Delhi,Online,UPI,1,61684.51,0.0,61684.51,61684.51,0,4948.36,2024,5,May,Saturday,61684.51,61684.51
2024-05-25,ORD006512,CUST03347,P003,Headphones,Electronics,Hyderabad,Online,Credit Card,1,4189.12,0.05,4189.12,3979.66,0,286.46,2024,5,May,Saturday,4189.12,3979.6639999999998
2024-05-25,ORD006261,CUST03899,P007,Backpack,Accessories,Chennai,Store,UPI,1,2110.22,0.1,2110.22,1899.2,0,302.47,2024,5,May,Saturday,2110.22,1899.1979999999999
2024-05-25,ORD034617,CUST02353,P002,Smartphone,Electronics,Mumbai,Store,UPI,2,27129.21,0.05,54258.42,51545.5,0,13537.97,2024,5,May,Saturday,54258.42,51545.498999999996
2024-05-25,ORD027744,CUST01037,P010,Coffee Maker,Home,Chennai,Online,UPI,5,5357.66,0.0,26788.3,26788.3,0,4910.22,2024,5,May,Saturday,26788.3,26788.3
2024-05-25,ORD047151,CUST02565,P006,Desk,Furniture,Pune,Online,UPI,1,11721.56,0.05,11721.56,11135.48,0,2942.83,2024,5,May,Saturday,11721.56,11135.481999999998
2024-05-25,ORD038491,CUST01926,P007,Backpack,Accessories,Pune,Online,UPI,2,2101.85,0.1,4203.7,3783.33,0,822.62,2024,5,May,Saturday,4203.7,3783.33
2024-05-25,ORD048909,CUST02453,P004,Smartwatch,Electronics,Chennai,Online,UPI,2,6760.19,0.0,13520.38,13520.38,0,2744.59,2024,5,May,Saturday,13520.38,13520.38
2024-05-25,ORD009474,CUST04765,P016,Sofa,Furniture,Surat,Online,UPI,1,33565.49,0.0,33565.49,33565.49,0,9059.19,2024,5,May,Saturday,33565.49,33565.49
2024-05-25,ORD044205,CUST00450,P004,Smartwatch,Electronics,Delhi,Store,UPI,1,6850.91,0.2,6850.91,5480.73,0,812.24,2024,5,May,Saturday,6850.91,5480.728
2024-05-25,ORD044197,CUST04464,P012,Air Fryer,Home,Mumbai,Online,UPI,5,7749.86,0.05,38749.3,36811.83,1,-1840.59,2024,5,May,Saturday,38749.299999999996,36811.835
2024-05-25,ORD021376,CUST00221,P002,Smartphone,Electronics,Chennai,Store,Debit Card,1,26834.6,0.1,26834.6,24151.14,0,4183.89,2024,5,May,Saturday,26834.6,24151.14
2024-05-25,ORD021363,CUST03283,P020,Microwave,Home,Chennai,Store,UPI,2,11914.25,0.1,23828.5,21445.65,0,4213.63,2024,5,May,Saturday,23828.5,21445.65
2024-05-25,ORD043308,CUST01829,P002,Smartphone,Electronics,Chennai,Online,UPI,1,29269.13,0.0,29269.13,29269.13,0,3063.7,2024,5,May,Saturday,29269.13,29269.13
2024-05-25,ORD040689,CUST01270,P002,Smartphone,Electronics,Delhi,Online,Credit Card,2,27362.47,0.15,54724.94,46516.2,0,10153.77,2024,5,May,Saturday,54724.94,46516.199
2024-05-25,ORD039583,CUST04131,P017,Jeans,Fashion,Surat,Online,Credit Card,3,2830.02,0.1,8490.06,7641.05,0,1935.31,2024,5,May,Saturday,8490.06,7641.054
2024-05-25,ORD036887,CUST03373,P009,T-Shirt,Fashion,Surat,Online,Credit Card,1,1191.76,0.1,1191.76,1072.58,0,65.73,2024,5,May,Saturday,1191.76,1072.584
2024-05-25,ORD044448,CUST03054,P016,Sofa,Furniture,Ahmedabad,Store,UPI,1,33250.65,0.0,33250.65,33250.65,1,-1662.53,2024,5,May,Saturday,33250.65,33250.65
2024-05-25,ORD022917,CUST01654,P002,Smartphone,Electronics,Mumbai,Store,Credit Card,2,29434.27,0.05,58868.54,55925.11,0,5657.02,2024,5,May,Saturday,58868.54,55925.113
2024-05-25,ORD035427,CUST01741,P014,Keyboard,Electronics,Bengaluru,Store,UPI,1,2267.18,0.1,2267.18,2040.46,0,380.43,2024,5,May,Saturday,2267.18,2040.462
2024-05-25,ORD018462,CUST04483,P016,Sofa,Furniture,Pune,Online,UPI,5,36947.73,0.1,184738.65,166264.79,0,23664.28,2024,5,May,Saturday,184738.65000000002,166264.785
2024-05-25,ORD001041,CUST00887,P015,Dining Table,Furniture,Delhi,Store,Debit Card,1,23301.11,0.05,23301.11,22136.05,0,1564.98,2024,5,May,Saturday,23301.11,22136.0545
2024-05-25,ORD036244,CUST03796,P005,Office Chair,Furniture,Mumbai,Store,Credit Card,1,9209.75,0.1,9209.75,8288.78,0,1223.39,2024,5,May,Saturday,9209.75,8288.775
2024-05-25,ORD032485,CUST00864,P017,Jeans,Fashion,Delhi,Online,Credit Card,3,2808.85,0.0,8426.55,8426.55,0,1448.76,2024,5,May,Saturday,8426.55,8426.55
2024-05-25,ORD042391,CUST03282,P003,Headphones,Electronics,Jaipur,Online,Debit Card,2,4090.33,0.05,8180.66,7771.63,0,1266.35,2024,5,May,Saturday,8180.66,7771.6269999999995
2024-05-25,ORD003556,CUST00415,P007,Backpack,Accessories,Pune,Store,Credit Card,1,2115.45,0.1,2115.45,1903.9,0,304.88,2024,5,May,Saturday,2115.45,1903.905
2024-05-25,ORD018727,CUST02105,P009,T-Shirt,Fashion,Jaipur,Store,UPI,1,1167.41,0.15,1167.41,992.3,0,108.36,2024,5,May,Saturday,1167.41,992.2985
2024-05-25,ORD018733,CUST03676,P004,Smartwatch,Electronics,Delhi,Online,Credit Card,1,6953.09,0.1,6953.09,6257.78,0,981.74,2024,5,May,Saturday,6953.09,6257.781
2024-05-25,ORD036386,CUST01336,P014,Keyboard,Electronics,Chennai,Store,UPI,1,2511.77,0.1,2511.77,2260.59,0,244.99,2024,5,May,Saturday,2511.77,2260.593
2024-05-25,ORD046960,CUST04716,P017,Jeans,Fashion,Surat,Online,UPI,1,2690.42,0.0,2690.42,2690.42,0,396.5,2024,5,May,Saturday,2690.42,2690.42
2024-05-25,ORD014104,CUST04198,P016,Sofa,Furniture,Bengaluru,Store,UPI,1,31861.29,0.25,31861.29,23895.97,0,2111.38,2024,5,May,Saturday,31861.29,23895.9675
2024-05-25,ORD031243,CUST02817,P018,Jacket,Fashion,Delhi,Online,Credit Card,3,5695.7,0.25,17087.1,12815.32,0,3159.69,2024,5,May,Saturday,17087.1,12815.324999999999
2024-05-25,ORD028186,CUST02040,P012,Air Fryer,Home,Bengaluru,Online,Credit Card,1,7348.77,0.1,7348.77,6613.89,0,732.91,2024,5,May,Saturday,7348.77,6613.893000000001
2024-05-25,ORD035806,CUST00482,P010,Coffee Maker,Home,Chennai,Online,Debit Card,1,5309.94,0.1,5309.94,4778.95,0,320.61,2024,5,May,Saturday,5309.94,4778.946
2024-05-25,ORD036000,CUST04739,P011,Mixer Grinder,Home,Ahmedabad,Online,UPI,2,4995.73,0.15,9991.46,8492.74,0,2196.9,2024,5,May,Saturday,9991.46,8492.740999999998
2024-05-25,ORD005927,CUST04936,P001,Laptop,Electronics,Surat,Online,Net Banking,1,60429.13,0.0,60429.13,60429.13,0,13797.24,2024,5,May,Saturday,60429.13,60429.13
2024-05-26,ORD041761,CUST00498,P020,Microwave,Home,Bengaluru,Online,Debit Card,1,10616.82,0.15,10616.82,9024.3,0,1360.82,2024,5,May,Sunday,10616.82,9024.296999999999
2024-05-26,ORD010842,CUST02736,P010,Coffee Maker,Home,Jaipur,Store,UPI,1,5356.52,0.05,5356.52,5088.69,1,-254.43,2024,5,May,Sunday,5356.52,5088.694
2024-05-26,ORD010859,CUST01886,P004,Smartwatch,Electronics,Jaipur,Online,UPI,4,7498.03,0.0,29992.12,29992.12,0,5176.27,2024,5,May,Sunday,29992.12,29992.12
2024-05-26,ORD028565,CUST00269,P019,Vacuum Cleaner,Home,Kolkata,Online,Net Banking,2,8315.4,0.15,16630.8,14136.18,0,1789.92,2024,5,May,Sunday,16630.8,14136.179999999998
2024-05-26,ORD013584,CUST04145,P009,T-Shirt,Fashion,Bengaluru,Store,UPI,1,1232.48,0.0,1232.48,1232.48,0,296.33,2024,5,May,Sunday,1232.48,1232.48
2024-05-26,ORD022930,CUST04403,P018,Jacket,Fashion,Bengaluru,Online,Debit Card,4,5435.97,0.05,21743.88,20656.69,0,3797.58,2024,5,May,Sunday,21743.88,20656.686
2024-05-26,ORD037614,CUST02216,P015,Dining Table,Furniture,Chennai,Store,Net Banking,1,23177.48,0.05,23177.48,22018.61,0,3272.46,2024,5,May,Sunday,23177.48,22018.606
2024-05-26,ORD034975,CUST03041,P005,Office Chair,Furniture,Kolkata,Online,UPI,4,9262.4,0.15,37049.6,31492.16,0,8094.11,2024,5,May,Sunday,37049.6,31492.159999999996
2024-05-26,ORD020055,CUST01811,P017,Jeans,Fashion,Kolkata,Store,Credit Card,1,2665.48,0.05,2665.48,2532.21,0,265.57,2024,5,May,Sunday,2665.48,2532.2059999999997
2024-05-26,ORD010569,CUST04585,P005,Office Chair,Furniture,Hyderabad,Store,Credit Card,2,10284.18,0.1,20568.36,18511.52,0,4287.56,2024,5,May,Sunday,20568.36,18511.524
2024-05-26,ORD049728,CUST00004,P004,Smartwatch,Electronics,Bengaluru,Online,Credit Card,3,7140.5,0.0,21421.5,21421.5,0,3518.92,2024,5,May,Sunday,21421.5,21421.5
2024-05-26,ORD032239,CUST01089,P016,Sofa,Furniture,Surat,Online,Credit Card,3,36006.94,0.0,108020.82,108020.82,0,29935.56,2024,5,May,Sunday,108020.82,108020.82
2024-05-26,ORD014580,CUST00870,P013,Monitor,Electronics,Mumbai,Store,Debit Card,1,18401.65,0.15,18401.65,15641.4,0,1605.75,2024,5,May,Sunday,18401.65,15641.4025
2024-05-26,ORD028134,CUST04894,P008,Running Shoes,Fashion,Hyderabad,Online,Debit Card,1,3903.47,0.2,3903.47,3122.78,0,691.0,2024,5,May,Sunday,3903.47,3122.776
2024-05-26,ORD034838,CUST03260,P005,Office Chair,Furniture,Mumbai,Online,Credit Card,1,8585.96,0.1,8585.96,7727.36,0,1615.72,2024,5,May,Sunday,8585.96,7727.364
2024-05-26,ORD001288,CUST04444,P015,Dining Table,Furniture,Mumbai,Online,Debit Card,2,23493.23,0.1,46986.46,42287.81,1,-2114.39,2024,5,May,Sunday,46986.46,42287.814
2024-05-26,ORD041515,CUST00890,P005,Office Chair,Furniture,Kolkata,Online,UPI,1,9404.66,0.15,9404.66,7993.96,0,555.97,2024,5,May,Sunday,9404.66,7993.960999999999
2024-05-26,ORD000759,CUST04355,P007,Backpack,Accessories,Pune,Online,UPI,1,2253.16,0.0,2253.16,2253.16,0,462.56,2024,5,May,Sunday,2253.16,2253.16
2024-05-26,ORD005096,CUST00578,P008,Running Shoes,Fashion,Bengaluru,Online,Credit Card,1,4514.62,0.2,4514.62,3611.7,0,858.12,2024,5,May,Sunday,4514.62,3611.696
2024-05-26,ORD016405,CUST04401,P017,Jeans,Fashion,Bengaluru,Online,UPI,1,2701.51,0.0,2701.51,2701.51,0,669.23,2024,5,May,Sunday,2701.51,2701.51
2024-05-26,ORD031582,CUST04417,P006,Desk,Furniture,Mumbai,Online,UPI,1,10959.69,0.1,10959.69,9863.72,0,649.49,2024,5,May,Sunday,10959.69,9863.721000000001
2024-05-26,ORD049749,CUST00922,P011,Mixer Grinder,Home,Surat,Store,Credit Card,1,4800.59,0.05,4800.59,4560.56,0,1073.22,2024,5,May,Sunday,4800.59,4560.5605
2024-05-26,ORD029349,CUST04518,P003,Headphones,Electronics,Pune,Online,Net Banking,1,4472.62,0.1,4472.62,4025.36,0,634.44,2024,5,May,Sunday,4472.62,4025.358
2024-05-26,ORD004762,CUST04717,P006,Desk,Furniture,Hyderabad,Online,UPI,2,12923.23,0.15,25846.46,21969.49,0,3292.75,2024,5,May,Sunday,25846.46,21969.490999999998
2024-05-26,ORD015200,CUST00852,P010,Coffee Maker,Home,Bengaluru,Store,Net Banking,2,5991.23,0.15,11982.46,10185.09,0,1282.7,2024,5,May,Sunday,11982.46,10185.090999999999
2024-05-26,ORD037830,CUST01993,P019,Vacuum Cleaner,Home,Surat,Store,UPI,4,9640.03,0.2,38560.12,30848.1,0,5046.49,2024,5,May,Sunday,38560.12,30848.096000000005
2024-05-26,ORD030347,CUST00833,P011,Mixer Grinder,Home,Ahmedabad,Online,Credit Card,1,4718.1,0.1,4718.1,4246.29,0,1118.0,2024,5,May,Sunday,4718.1,4246.290000000001
2024-05-26,ORD029362,CUST03302,P004,Smartwatch,Electronics,Kolkata,Store,UPI,5,6723.09,0.0,33615.45,33615.45,0,9089.23,2024,5,May,Sunday,33615.45,33615.45
2024-05-26,ORD029498,CUST00454,P018,Jacket,Fashion,Kolkata,Store,UPI,1,4775.79,0.1,4775.79,4298.21,0,729.8,2024,5,May,Sunday,4775.79,4298.211
2024-05-26,ORD000246,CUST04762,P005,Office Chair,Furniture,Pune,Store,Credit Card,2,10216.47,0.05,20432.94,19411.29,1,-970.56,2024,5,May,Sunday,20432.94,19411.292999999998
2024-05-26,ORD026856,CUST00841,P012,Air Fryer,Home,Mumbai,Store,Credit Card,1,7134.71,0.15,7134.71,6064.5,0,823.19,2024,5,May,Sunday,7134.71,6064.5035
2024-05-26,ORD006018,CUST01551,P006,Desk,Furniture,Bengaluru,Online,UPI,1,11392.19,0.25,11392.19,8544.14,0,1477.29,2024,5,May,Sunday,11392.19,8544.1425
2024-05-26,ORD004919,CUST00886,P007,Backpack,Accessories,Surat,Online,Debit Card,1,2044.76,0.05,2044.76,1942.52,0,327.76,2024,5,May,Sunday,2044.76,1942.522
2024-05-26,ORD011293,CUST03238,P005,Office Chair,Furniture,Kolkata,Online,Debit Card,1,10119.32,0.25,10119.32,7589.49,0,815.54,2024,5,May,Sunday,10119.32,7589.49
2024-05-26,ORD015602,CUST02322,P020,Microwave,Home,Hyderabad,Store,Debit Card,1,9989.34,0.15,9989.34,8490.94,0,593.12,2024,5,May,Sunday,9989.34,8490.939
2024-05-26,ORD018698,CUST04255,P005,Office Chair,Furniture,Mumbai,Store,UPI,2,9570.79,0.05,19141.58,18184.5,0,2584.74,2024,5,May,Sunday,19141.58,18184.501
2024-05-26,ORD037271,CUST03471,P012,Air Fryer,Home,Mumbai,Online,Net Banking,1,7570.25,0.2,7570.25,6056.2,0,608.09,2024,5,May,Sunday,7570.25,6056.200000000001
2024-05-26,ORD005390,CUST03414,P007,Backpack,Accessories,Pune,Store,UPI,5,2071.55,0.1,10357.75,9321.98,0,1817.53,2024,5,May,Sunday,10357.75,9321.975
2024-05-26,ORD027312,CUST01263,P012,Air Fryer,Home,Surat,Store,Credit Card,5,6912.2,0.15,34561.0,29376.85,0,7734.36,2024,5,May,Sunday,34561.0,29376.85
2024-05-26,ORD030309,CUST03063,P005,Office Chair,Furniture,Bengaluru,Online,Net Banking,1,10253.89,0.1,10253.89,9228.5,0,922.95,2024,5,May,Sunday,10253.89,9228.501
2024-05-26,ORD021683,CUST02646,P020,Microwave,Home,Pune,Online,Debit Card,1,10011.37,0.15,10011.37,8509.66,0,1081.14,2024,5,May,Sunday,10011.37,8509.6645
2024-05-26,ORD038320,CUST04048,P014,Keyboard,Electronics,Bengaluru,Store,UPI,2,2682.24,0.1,5364.48,4828.03,0,1216.24,2024,5,May,Sunday,5364.48,4828.032
2024-05-26,ORD048589,CUST00435,P010,Coffee Maker,Home,Surat,Online,UPI,5,5091.2,0.1,25456.0,22910.4,0,5335.67,2024,5,May,Sunday,25456.0,22910.4
2024-05-26,ORD001755,CUST02073,P001,Laptop,Electronics,Mumbai,Online,Credit Card,1,64572.6,0.2,64572.6,51658.08,0,10292.96,2024,5,May,Sunday,64572.6,51658.08
2024-05-26,ORD029967,CUST02672,P016,Sofa,Furniture,Chennai,Online,Credit Card,2,38345.13,0.05,76690.26,72855.75,0,6738.39,2024,5,May,Sunday,76690.26,72855.74699999999
2024-05-26,ORD035994,CUST02676,P013,Monitor,Electronics,Mumbai,Online,Debit Card,1,16711.77,0.1,16711.77,15040.59,0,2885.0,2024,5,May,Sunday,16711.77,15040.593
2024-05-26,ORD033824,CUST01592,P010,Coffee Maker,Home,Jaipur,Online,UPI,1,5931.66,0.05,5931.66,5635.08,0,995.93,2024,5,May,Sunday,5931.66,5635.076999999999
2024-05-26,ORD002028,CUST04460,P014,Keyboard,Electronics,Chennai,Online,UPI,5,2433.69,0.15,12168.45,10343.18,0,1864.31,2024,5,May,Sunday,12168.45,10343.1825
2024-05-26,ORD046098,CUST02808,P008,Running Shoes,Fashion,Chennai,Store,UPI,2,3786.71,0.1,7573.42,6816.08,0,1541.71,2024,5,May,Sunday,7573.42,6816.078
2024-05-26,ORD029439,CUST02102,P010,Coffee Maker,Home,Jaipur,Online,UPI,2,5710.07,0.05,11420.14,10849.13,0,2797.8,2024,5,May,Sunday,11420.14,10849.133
2024-05-26,ORD015632,CUST03686,P009,T-Shirt,Fashion,Kolkata,Online,UPI,5,1130.2,0.05,5651.0,5368.45,0,935.54,2024,5,May,Sunday,5651.0,5368.45
2024-05-26,ORD028026,CUST01099,P001,Laptop,Electronics,Ahmedabad,Online,UPI,1,68042.18,0.1,68042.18,61237.96,1,-3061.9,2024,5,May,Sunday,68042.18,61237.96199999999
2024-05-26,ORD001982,CUST03265,P004,Smartwatch,Electronics,Kolkata,Store,UPI,1,6359.29,0.1,6359.29,5723.36,0,491.61,2024,5,May,Sunday,6359.29,5723.361
2024-05-26,ORD026619,CUST00146,P018,Jacket,Fashion,Surat,Store,UPI,4,5473.45,0.25,21893.8,16420.35,0,786.37,2024,5,May,Sunday,21893.8,16420.35
2024-05-26,ORD014578,CUST01505,P002,Smartphone,Electronics,Jaipur,Online,UPI,1,30415.82,0.15,30415.82,25853.45,0,3049.21,2024,5,May,Sunday,30415.82,25853.447
2024-05-26,ORD039010,CUST00038,P020,Microwave,Home,Chennai,Online,Credit Card,3,10043.69,0.2,30131.07,24104.86,0,5908.7,2024,5,May,Sunday,30131.07,24104.856
2024-05-26,ORD034190,CUST00519,P017,Jeans,Fashion,Kolkata,Store,UPI,1,2864.79,0.1,2864.79,2578.31,0,310.82,2024,5,May,Sunday,2864.79,2578.311
2024-05-26,ORD024730,CUST00060,P008,Running Shoes,Fashion,Kolkata,Store,Net Banking,2,4039.05,0.1,8078.1,7270.29,0,1935.0,2024,5,May,Sunday,8078.1,7270.290000000001
2024-05-26,ORD026387,CUST00615,P012,Air Fryer,Home,Ahmedabad,Online,UPI,2,7615.64,0.1,15231.28,13708.15,0,2599.4,2024,5,May,Sunday,15231.28,13708.152
2024-05-26,ORD019041,CUST03194,P010,Coffee Maker,Home,Surat,Online,UPI,1,5872.15,0.25,5872.15,4404.11,0,907.53,2024,5,May,Sunday,5872.15,4404.112499999999
2024-05-26,ORD014574,CUST03538,P004,Smartwatch,Electronics,Surat,Online,UPI,2,6678.63,0.25,13357.26,10017.94,0,906.15,2024,5,May,Sunday,13357.26,10017.945
2024-05-26,ORD016283,CUST03956,P016,Sofa,Furniture,Hyderabad,Online,UPI,1,35708.42,0.1,35708.42,32137.58,0,2964.22,2024,5,May,Sunday,35708.42,32137.577999999998
2024-05-26,ORD047006,CUST04429,P005,Office Chair,Furniture,Delhi,Online,Debit Card,1,8971.81,0.15,8971.81,7626.04,0,1290.9,2024,5,May,Sunday,8971.81,7626.0385
2024-05-26,ORD032313,CUST00076,P010,Coffee Maker,Home,Jaipur,Store,Credit Card,1,5907.12,0.25,5907.12,4430.34,0,377.03,2024,5,May,Sunday,5907.12,4430.34
2024-05-26,ORD033670,CUST04105,P004,Smartwatch,Electronics,Ahmedabad,Online,UPI,1,7383.81,0.15,7383.81,6276.24,0,682.43,2024,5,May,Sunday,7383.81,6276.2385
2024-05-26,ORD003452,CUST01436,P003,Headphones,Electronics,Bengaluru,Store,Credit Card,1,4466.01,0.05,4466.01,4242.71,0,1013.71,2024,5,May,Sunday,4466.01,4242.7095
2024-05-26,ORD016245,CUST03268,P019,Vacuum Cleaner,Home,Kolkata,Store,UPI,4,9155.81,0.2,36623.24,29298.59,0,3316.34,2024,5,May,Sunday,36623.24,29298.592
2024-05-26,ORD006543,CUST02114,P019,Vacuum Cleaner,Home,Mumbai,Store,Debit Card,5,9568.88,0.0,47844.4,47844.4,0,4673.59,2024,5,May,Sunday,47844.399999999994,47844.4
2024-05-26,ORD028938,CUST02304,P006,Desk,Furniture,Chennai,Online,Credit Card,1,10921.14,0.15,10921.14,9282.97,0,1893.92,2024,5,May,Sunday,10921.14,9282.969
2024-05-27,ORD009759,CUST04095,P013,Monitor,Electronics,Mumbai,Online,Credit Card,2,16231.74,0.25,32463.48,24347.61,0,5411.8,2024,5,May,Monday,32463.48,24347.61
2024-05-27,ORD038317,CUST03984,P017,Jeans,Fashion,Chennai,Store,UPI,1,2784.0,0.0,2784.0,2784.0,0,299.86,2024,5,May,Monday,2784.0,2784.0
2024-05-27,ORD011954,CUST02632,P019,Vacuum Cleaner,Home,Hyderabad,Store,UPI,1,8805.53,0.2,8805.53,7044.42,0,1650.98,2024,5,May,Monday,8805.53,7044.424000000001
2024-05-27,ORD049258,CUST03098,P007,Backpack,Accessories,Pune,Online,Net Banking,3,2103.3,0.15,6309.9,5363.42,0,1429.8,2024,5,May,Monday,6309.900000000001,5363.415
2024-05-27,ORD022687,CUST02922,P001,Laptop,Electronics,Ahmedabad,Online,UPI,1,61814.14,0.1,61814.14,55632.73,0,4243.88,2024,5,May,Monday,61814.14,55632.726
2024-05-27,ORD047118,CUST04173,P011,Mixer Grinder,Home,Pune,Online,UPI,5,4493.61,0.05,22468.05,21344.65,0,3685.37,2024,5,May,Monday,22468.05,21344.6475
2024-05-27,ORD029039,CUST03250,P001,Laptop,Electronics,Bengaluru,Online,Credit Card,3,62484.04,0.1,187452.12,168706.91,1,-8435.35,2024,5,May,Monday,187452.12,168706.908
2024-05-27,ORD000489,CUST03143,P010,Coffee Maker,Home,Jaipur,Online,UPI,1,5591.76,0.05,5591.76,5312.17,0,1095.5,2024,5,May,Monday,5591.76,5312.172
2024-05-27,ORD012450,CUST04061,P006,Desk,Furniture,Hyderabad,Online,Credit Card,1,12182.32,0.0,12182.32,12182.32,1,-609.12,2024,5,May,Monday,12182.32,12182.32
2024-05-27,ORD033899,CUST01413,P002,Smartphone,Electronics,Mumbai,Online,Credit Card,1,28236.72,0.1,28236.72,25413.05,0,6990.98,2024,5,May,Monday,28236.72,25413.048000000003
2024-05-27,ORD014134,CUST00142,P014,Keyboard,Electronics,Chennai,Store,Net Banking,1,2683.71,0.05,2683.71,2549.52,0,327.26,2024,5,May,Monday,2683.71,2549.5245
2024-05-27,ORD020882,CUST02432,P014,Keyboard,Electronics,Kolkata,Online,UPI,1,2318.54,0.1,2318.54,2086.69,0,236.82,2024,5,May,Monday,2318.54,2086.686
2024-05-27,ORD006921,CUST01869,P001,Laptop,Electronics,Hyderabad,Store,UPI,1,64584.63,0.1,64584.63,58126.17,0,15233.92,2024,5,May,Monday,64584.63,58126.167
2024-05-27,ORD028322,CUST02173,P009,T-Shirt,Fashion,Delhi,Store,Credit Card,2,1251.66,0.25,2503.32,1877.49,0,121.42,2024,5,May,Monday,2503.32,1877.4900000000002
2024-05-27,ORD027208,CUST00199,P011,Mixer Grinder,Home,Delhi,Online,Credit Card,1,4674.49,0.0,4674.49,4674.49,0,1082.25,2024,5,May,Monday,4674.49,4674.49
2024-05-27,ORD010519,CUST01377,P016,Sofa,Furniture,Pune,Online,UPI,1,32809.94,0.0,32809.94,32809.94,0,4387.92,2024,5,May,Monday,32809.94,32809.94
2024-05-27,ORD017358,CUST03425,P019,Vacuum Cleaner,Home,Jaipur,Online,Debit Card,1,8173.83,0.0,8173.83,8173.83,0,2000.38,2024,5,May,Monday,8173.83,8173.83
2024-05-27,ORD018480,CUST02933,P016,Sofa,Furniture,Pune,Online,Credit Card,1,36489.19,0.1,36489.19,32840.27,1,-1642.01,2024,5,May,Monday,36489.19,32840.271
2024-05-27,ORD021121,CUST04584,P011,Mixer Grinder,Home,Jaipur,Store,Credit Card,1,4812.12,0.1,4812.12,4330.91,0,341.1,2024,5,May,Monday,4812.12,4330.908
2024-05-27,ORD031548,CUST04728,P005,Office Chair,Furniture,Chennai,Online,UPI,1,10085.07,0.15,10085.07,8572.31,0,1500.86,2024,5,May,Monday,10085.07,8572.3095
2024-05-27,ORD024944,CUST03822,P004,Smartwatch,Electronics,Jaipur,Online,UPI,1,7261.6,0.25,7261.6,5446.2,0,217.85,2024,5,May,Monday,7261.6,5446.200000000001
2024-05-27,ORD044184,CUST01543,P014,Keyboard,Electronics,Delhi,Online,Credit Card,2,2564.82,0.05,5129.64,4873.16,1,-243.66,2024,5,May,Monday,5129.64,4873.158
2024-05-27,ORD038847,CUST01333,P016,Sofa,Furniture,Mumbai,Online,Cash,1,35945.59,0.1,35945.59,32351.03,0,3525.9,2024,5,May,Monday,35945.59,32351.031
2024-05-27,ORD038796,CUST00122,P004,Smartwatch,Electronics,Mumbai,Online,UPI,2,6668.47,0.0,13336.94,13336.94,0,2662.24,2024,5,May,Monday,13336.94,13336.94
2024-05-27,ORD002706,CUST04797,P016,Sofa,Furniture,Hyderabad,Store,UPI,4,36734.19,0.1,146936.76,132243.08,0,27705.87,2024,5,May,Monday,146936.76,132243.084
2024-05-27,ORD014044,CUST02968,P010,Coffee Maker,Home,Ahmedabad,Online,Net Banking,1,5717.53,0.1,5717.53,5145.78,1,-257.29,2024,5,May,Monday,5717.53,5145.777
2024-05-27,ORD019810,CUST00562,P007,Backpack,Accessories,Kolkata,Online,Credit Card,2,2077.69,0.15,4155.38,3532.07,0,765.3,2024,5,May,Monday,4155.38,3532.073
2024-05-27,ORD048380,CUST01749,P017,Jeans,Fashion,Hyderabad,Online,Credit Card,1,2976.3,0.15,2976.3,2529.86,0,236.79,2024,5,May,Monday,2976.3,2529.855
2024-05-27,ORD004677,CUST02686,P017,Jeans,Fashion,Jaipur,Online,UPI,2,2637.84,0.2,5275.68,4220.54,0,1036.52,2024,5,May,Monday,5275.68,4220.544000000001
2024-05-27,ORD013874,CUST02112,P017,Jeans,Fashion,Mumbai,Online,Net Banking,1,2952.65,0.0,2952.65,2952.65,0,759.82,2024,5,May,Monday,2952.65,2952.65
2024-05-27,ORD024723,CUST01891,P019,Vacuum Cleaner,Home,Jaipur,Store,UPI,2,9457.85,0.1,18915.7,17024.13,0,4624.05,2024,5,May,Monday,18915.7,17024.13
2024-05-27,ORD015273,CUST04496,P014,Keyboard,Electronics,Kolkata,Online,UPI,1,2277.34,0.1,2277.34,2049.61,0,184.98,2024,5,May,Monday,2277.34,2049.606
2024-05-27,ORD036673,CUST04143,P004,Smartwatch,Electronics,Bengaluru,Online,Credit Card,1,6499.31,0.2,6499.31,5199.45,0,389.82,2024,5,May,Monday,6499.31,5199.448
2024-05-27,ORD029493,CUST01186,P009,T-Shirt,Fashion,Ahmedabad,Online,Debit Card,3,1206.39,0.1,3619.17,3257.25,0,598.98,2024,5,May,Monday,3619.17,3257.253
2024-05-27,ORD011011,CUST04739,P002,Smartphone,Electronics,Chennai,Store,UPI,1,30167.12,0.1,30167.12,27150.41,0,7496.63,2024,5,May,Monday,30167.12,27150.408
2024-05-27,ORD049108,CUST01395,P008,Running Shoes,Fashion,Pune,Online,UPI,1,4536.29,0.0,4536.29,4536.29,0,379.74,2024,5,May,Monday,4536.29,4536.29
2024-05-27,ORD048948,CUST04902,P016,Sofa,Furniture,Kolkata,Online,Credit Card,3,33120.26,0.1,99360.78,89424.7,0,7674.86,2024,5,May,Monday,99360.78,89424.702
2024-05-27,ORD011053,CUST04332,P004,Smartwatch,Electronics,Hyderabad,Online,UPI,1,7245.45,0.1,7245.45,6520.9,0,929.79,2024,5,May,Monday,7245.45,6520.905
2024-05-27,ORD033109,CUST00922,P010,Coffee Maker,Home,Kolkata,Online,Cash,1,6015.31,0.05,6015.31,5714.54,0,961.83,2024,5,May,Monday,6015.31,5714.5445
2024-05-27,ORD032191,CUST00197,P004,Smartwatch,Electronics,Delhi,Online,Debit Card,3,6838.15,0.1,20514.45,18463.0,0,1163.11,2024,5,May,Monday,20514.449999999997,18463.005
2024-05-27,ORD011789,CUST00761,P010,Coffee Maker,Home,Delhi,Online,Credit Card,1,4988.79,0.1,4988.79,4489.91,0,773.88,2024,5,May,Monday,4988.79,4489.911
2024-05-27,ORD041109,CUST04854,P005,Office Chair,Furniture,Hyderabad,Online,Net Banking,1,9737.77,0.05,9737.77,9250.88,0,960.85,2024,5,May,Monday,9737.77,9250.8815
2024-05-27,ORD035002,CUST04400,P003,Headphones,Electronics,Chennai,Store,Debit Card,1,4408.23,0.15,4408.23,3747.0,0,926.65,2024,5,May,Monday,4408.23,3746.9954999999995
2024-05-27,ORD048694,CUST02405,P012,Air Fryer,Home,Mumbai,Online,UPI,1,7845.72,0.0,7845.72,7845.72,0,1878.35,2024,5,May,Monday,7845.72,7845.72
2024-05-27,ORD018243,CUST02984,P009,T-Shirt,Fashion,Pune,Store,Cash,1,1318.08,0.2,1318.08,1054.46,0,138.22,2024,5,May,Monday,1318.08,1054.464
2024-05-27,ORD015902,CUST04391,P006,Desk,Furniture,Chennai,Store,Credit Card,1,11818.01,0.1,11818.01,10636.21,0,844.68,2024,5,May,Monday,11818.01,10636.209
2024-05-27,ORD032241,CUST01201,P011,Mixer Grinder,Home,Kolkata,Store,UPI,1,4470.31,0.1,4470.31,4023.28,0,480.63,2024,5,May,Monday,4470.31,4023.2790000000005
2024-05-27,ORD019138,CUST04001,P015,Dining Table,Furniture,Surat,Online,Debit Card,3,23992.93,0.05,71978.79,68379.85,0,15465.71,2024,5,May,Monday,71978.79000000001,68379.85049999999
2024-05-27,ORD003249,CUST00574,P013,Monitor,Electronics,Surat,Store,Cash,2,16298.03,0.15,32596.06,27706.65,0,6163.05,2024,5,May,Monday,32596.06,27706.651
2024-05-27,ORD023851,CUST04471,P006,Desk,Furniture,Surat,Store,Cash,1,11086.62,0.1,11086.62,9977.96,0,2586.89,2024,5,May,Monday,11086.62,9977.958
2024-05-27,ORD038170,CUST00629,P019,Vacuum Cleaner,Home,Bengaluru,Online,UPI,1,8792.13,0.15,8792.13,7473.31,0,946.92,2024,5,May,Monday,8792.13,7473.310499999999
2024-05-27,ORD022743,CUST01246,P017,Jeans,Fashion,Hyderabad,Online,UPI,2,2999.37,0.1,5998.74,5398.87,1,-269.94,2024,5,May,Monday,5998.74,5398.866
2024-05-27,ORD007456,CUST04730,P010,Coffee Maker,Home,Bengaluru,Store,UPI,1,5965.09,0.0,5965.09,5965.09,0,1449.89,2024,5,May,Monday,5965.09,5965.09
2024-05-27,ORD018867,CUST03327,P013,Monitor,Electronics,Chennai,Store,UPI,3,18734.15,0.1,56202.45,50582.2,0,10484.17,2024,5,May,Monday,56202.450000000004,50582.205
2024-05-27,ORD019073,CUST03514,P015,Dining Table,Furniture,Chennai,Online,Debit Card,1,20585.3,0.15,20585.3,17497.5,1,-874.88,2024,5,May,Monday,20585.3,17497.504999999997
2024-05-27,ORD034725,CUST01312,P012,Air Fryer,Home,Mumbai,Online,UPI,1,7262.14,0.25,7262.14,5446.6,0,1337.78,2024,5,May,Monday,7262.14,5446.6050000000005
2024-05-27,ORD042555,CUST04913,P008,Running Shoes,Fashion,Ahmedabad,Online,Cash,2,4038.89,0.25,8077.78,6058.34,0,959.76,2024,5,May,Monday,8077.78,6058.335
2024-05-28,ORD004450,CUST00625,P015,Dining Table,Furniture,Hyderabad,Store,UPI,2,21877.84,0.15,43755.68,37192.33,0,9056.84,2024,5,May,Tuesday,43755.68,37192.328
2024-05-28,ORD037472,CUST03630,P015,Dining Table,Furniture,Pune,Online,Net Banking,2,22800.86,0.1,45601.72,41041.55,0,6595.81,2024,5,May,Tuesday,45601.72,41041.548
2024-05-28,ORD026604,CUST02614,P008,Running Shoes,Fashion,Hyderabad,Online,UPI,1,4197.25,0.05,4197.25,3987.39,0,928.59,2024,5,May,Tuesday,4197.25,3987.3875
2024-05-28,ORD024248,CUST00890,P004,Smartwatch,Electronics,Mumbai,Store,Credit Card,3,6690.29,0.05,20070.87,19067.33,0,4564.46,2024,5,May,Tuesday,20070.87,19067.3265
2024-05-28,ORD036213,CUST02452,P006,Desk,Furniture,Surat,Store,Credit Card,1,12108.99,0.1,12108.99,10898.09,0,1908.04,2024,5,May,Tuesday,12108.99,10898.091
2024-05-28,ORD035325,CUST00461,P006,Desk,Furniture,Delhi,Online,UPI,1,12637.16,0.15,12637.16,10741.59,0,869.45,2024,5,May,Tuesday,12637.16,10741.586
2024-05-28,ORD025292,CUST01850,P017,Jeans,Fashion,Chennai,Store,Debit Card,1,2717.65,0.1,2717.65,2445.89,0,176.65,2024,5,May,Tuesday,2717.65,2445.885
2024-05-28,ORD046000,CUST01842,P010,Coffee Maker,Home,Pune,Store,UPI,1,5566.17,0.25,5566.17,4174.63,0,187.34,2024,5,May,Tuesday,5566.17,4174.6275000000005
2024-05-28,ORD034235,CUST02845,P014,Keyboard,Electronics,Ahmedabad,Online,Debit Card,4,2369.38,0.0,9477.52,9477.52,0,2315.82,2024,5,May,Tuesday,9477.52,9477.52
2024-05-28,ORD024270,CUST01186,P002,Smartphone,Electronics,Delhi,Store,UPI,1,26314.43,0.1,26314.43,23682.99,0,2982.1,2024,5,May,Tuesday,26314.43,23682.987
2024-05-28,ORD047434,CUST04980,P001,Laptop,Electronics,Chennai,Online,Credit Card,4,59362.34,0.15,237449.36,201831.96,0,48800.97,2024,5,May,Tuesday,237449.36,201831.95599999998
2024-05-28,ORD005976,CUST02687,P004,Smartwatch,Electronics,Pune,Online,Net Banking,2,7694.8,0.1,15389.6,13850.64,0,3221.97,2024,5,May,Tuesday,15389.6,13850.640000000001
2024-05-28,ORD020622,CUST03764,P017,Jeans,Fashion,Jaipur,Store,UPI,1,2793.44,0.05,2793.44,2653.77,0,497.06,2024,5,May,Tuesday,2793.44,2653.768
2024-05-28,ORD009299,CUST03000,P012,Air Fryer,Home,Delhi,Store,UPI,4,6836.55,0.1,27346.2,24611.58,0,1870.83,2024,5,May,Tuesday,27346.2,24611.58
2024-05-28,ORD018783,CUST03050,P010,Coffee Maker,Home,Chennai,Online,Debit Card,1,5080.32,0.1,5080.32,4572.29,0,317.63,2024,5,May,Tuesday,5080.32,4572.288
2024-05-28,ORD016850,CUST00707,P008,Running Shoes,Fashion,Surat,Store,UPI,4,4003.63,0.15,16014.52,13612.34,0,3656.73,2024,5,May,Tuesday,16014.52,13612.342
2024-05-28,ORD043764,CUST01457,P011,Mixer Grinder,Home,Surat,Store,Credit Card,1,4791.12,0.1,4791.12,4312.01,0,960.59,2024,5,May,Tuesday,4791.12,4312.008
2024-05-28,ORD027586,CUST02456,P001,Laptop,Electronics,Pune,Online,Debit Card,2,65709.84,0.1,131419.68,118277.71,0,21887.8,2024,5,May,Tuesday,131419.68,118277.712
2024-05-28,ORD020307,CUST04908,P015,Dining Table,Furniture,Ahmedabad,Online,UPI,2,21072.06,0.05,42144.12,40036.91,0,8958.86,2024,5,May,Tuesday,42144.12,40036.914
2024-05-28,ORD008867,CUST02206,P004,Smartwatch,Electronics,Hyderabad,Online,UPI,1,7106.07,0.05,7106.07,6750.77,0,1795.36,2024,5,May,Tuesday,7106.07,6750.7665
2024-05-28,ORD039737,CUST04974,P016,Sofa,Furniture,Kolkata,Online,UPI,1,37464.08,0.0,37464.08,37464.08,0,5213.88,2024,5,May,Tuesday,37464.08,37464.08
2024-05-28,ORD033060,CUST04629,P003,Headphones,Electronics,Ahmedabad,Store,Debit Card,2,4349.95,0.05,8699.9,8264.9,0,2154.67,2024,5,May,Tuesday,8699.9,8264.904999999999
2024-05-28,ORD035409,CUST01524,P008,Running Shoes,Fashion,Pune,Online,Cash,1,4141.13,0.0,4141.13,4141.13,0,545.76,2024,5,May,Tuesday,4141.13,4141.13
2024-05-28,ORD006288,CUST04100,P011,Mixer Grinder,Home,Pune,Store,UPI,1,4375.68,0.1,4375.68,3938.11,1,-196.91,2024,5,May,Tuesday,4375.68,3938.1120000000005
2024-05-28,ORD023260,CUST02827,P013,Monitor,Electronics,Jaipur,Online,UPI,1,19262.24,0.15,19262.24,16372.9,0,4100.2,2024,5,May,Tuesday,19262.24,16372.904
2024-05-28,ORD039741,CUST00155,P006,Desk,Furniture,Kolkata,Online,UPI,1,12146.25,0.15,12146.25,10324.31,0,1407.15,2024,5,May,Tuesday,12146.25,10324.3125
2024-05-28,ORD047474,CUST00113,P003,Headphones,Electronics,Surat,Store,Credit Card,2,4822.47,0.15,9644.94,8198.2,0,1124.67,2024,5,May,Tuesday,9644.94,8198.199
2024-05-28,ORD029588,CUST01643,P020,Microwave,Home,Chennai,Online,Credit Card,5,11415.26,0.05,57076.3,54222.48,1,-2711.12,2024,5,May,Tuesday,57076.3,54222.485
2024-05-28,ORD041446,CUST01435,P006,Desk,Furniture,Pune,Online,UPI,1,11841.38,0.05,11841.38,11249.31,0,3126.29,2024,5,May,Tuesday,11841.38,11249.310999999998
2024-05-28,ORD044846,CUST00198,P013,Monitor,Electronics,Mumbai,Online,Credit Card,1,16655.62,0.05,16655.62,15822.84,1,-791.14,2024,5,May,Tuesday,16655.62,15822.838999999998
2024-05-28,ORD017939,CUST04962,P005,Office Chair,Furniture,Hyderabad,Online,UPI,1,8919.61,0.1,8919.61,8027.65,0,1922.42,2024,5,May,Tuesday,8919.61,8027.649
2024-05-28,ORD004608,CUST03399,P015,Dining Table,Furniture,Pune,Online,Cash,3,21543.33,0.1,64629.99,58166.99,0,15492.49,2024,5,May,Tuesday,64629.990000000005,58166.991
2024-05-28,ORD024370,CUST02180,P006,Desk,Furniture,Bengaluru,Online,Credit Card,1,11676.41,0.1,11676.41,10508.77,0,2906.26,2024,5,May,Tuesday,11676.41,10508.769
2024-05-28,ORD027240,CUST02219,P004,Smartwatch,Electronics,Kolkata,Online,Debit Card,1,7220.41,0.05,7220.41,6859.39,0,1331.59,2024,5,May,Tuesday,7220.41,6859.389499999999
2024-05-28,ORD012266,CUST02113,P018,Jacket,Fashion,Pune,Store,UPI,2,4865.3,0.15,9730.6,8271.01,0,1060.47,2024,5,May,Tuesday,9730.6,8271.01
2024-05-28,ORD003670,CUST02831,P013,Monitor,Electronics,Chennai,Online,UPI,2,18310.22,0.05,36620.44,34789.42,0,2968.81,2024,5,May,Tuesday,36620.44,34789.418
2024-05-28,ORD024024,CUST00909,P008,Running Shoes,Fashion,Ahmedabad,Online,UPI,4,4384.6,0.05,17538.4,16661.48,0,3014.17,2024,5,May,Tuesday,17538.4,16661.48
2024-05-28,ORD018719,CUST02229,P007,Backpack,Accessories,Kolkata,Store,Credit Card,2,2054.12,0.0,4108.24,4108.24,0,676.56,2024,5,May,Tuesday,4108.24,4108.24
2024-05-28,ORD006761,CUST00648,P006,Desk,Furniture,Kolkata,Online,Credit Card,1,11765.3,0.05,11765.3,11177.03,0,2295.82,2024,5,May,Tuesday,11765.3,11177.034999999998
2024-05-28,ORD021038,CUST03373,P007,Backpack,Accessories,Jaipur,Online,UPI,1,2123.6,0.1,2123.6,1911.24,1,-95.56,2024,5,May,Tuesday,2123.6,1911.24
2024-05-28,ORD026905,CUST00235,P016,Sofa,Furniture,Hyderabad,Online,UPI,2,34347.3,0.1,68694.6,61825.14,0,5998.36,2024,5,May,Tuesday,68694.6,61825.14000000001
2024-05-28,ORD037667,CUST03824,P020,Microwave,Home,Delhi,Store,UPI,1,11524.69,0.0,11524.69,11524.69,0,1377.54,2024,5,May,Tuesday,11524.69,11524.69
2024-05-28,ORD012195,CUST02335,P013,Monitor,Electronics,Mumbai,Online,Credit Card,1,16748.56,0.05,16748.56,15911.13,0,3409.28,2024,5,May,Tuesday,16748.56,15911.132
2024-05-28,ORD046809,CUST01871,P008,Running Shoes,Fashion,Surat,Online,UPI,1,4220.34,0.1,4220.34,3798.31,0,279.02,2024,5,May,Tuesday,4220.34,3798.306
2024-05-28,ORD017343,CUST00569,P019,Vacuum Cleaner,Home,Jaipur,Online,Credit Card,1,8148.17,0.0,8148.17,8148.17,0,691.39,2024,5,May,Tuesday,8148.17,8148.17
2024-05-28,ORD047071,CUST03212,P013,Monitor,Electronics,Chennai,Store,UPI,3,19155.27,0.0,57465.81,57465.81,0,14254.13,2024,5,May,Tuesday,57465.81,57465.81
2024-05-28,ORD031729,CUST04613,P003,Headphones,Electronics,Mumbai,Store,Credit Card,2,4492.72,0.0,8985.44,8985.44,0,1854.34,2024,5,May,Tuesday,8985.44,8985.44
2024-05-28,ORD001922,CUST03170,P008,Running Shoes,Fashion,Kolkata,Online,Credit Card,1,4604.48,0.2,4604.48,3683.58,0,402.44,2024,5,May,Tuesday,4604.48,3683.584
2024-05-28,ORD041016,CUST01254,P020,Microwave,Home,Kolkata,Store,Net Banking,3,11100.26,0.1,33300.78,29970.7,0,6594.32,2024,5,May,Tuesday,33300.78,29970.702
2024-05-28,ORD040491,CUST03152,P010,Coffee Maker,Home,Mumbai,Online,Credit Card,1,5459.35,0.0,5459.35,5459.35,0,805.74,2024,5,May,Tuesday,5459.35,5459.35
2024-05-28,ORD047400,CUST03229,P010,Coffee Maker,Home,Kolkata,Store,Credit Card,1,5883.45,0.0,5883.45,5883.45,0,1320.75,2024,5,May,Tuesday,5883.45,5883.45
2024-05-28,ORD040903,CUST03263,P011,Mixer Grinder,Home,Ahmedabad,Store,UPI,1,4919.3,0.1,4919.3,4427.37,0,365.06,2024,5,May,Tuesday,4919.3,4427.37
2024-05-28,ORD018897,CUST02806,P008,Running Shoes,Fashion,Hyderabad,Online,UPI,1,4330.62,0.0,4330.62,4330.62,0,1007.0,2024,5,May,Tuesday,4330.62,4330.62
2024-05-28,ORD001933,CUST03871,P016,Sofa,Furniture,Ahmedabad,Store,UPI,1,38075.07,0.15,38075.07,32363.81,0,5221.95,2024,5,May,Tuesday,38075.07,32363.8095
2024-05-28,ORD038169,CUST00665,P007,Backpack,Accessories,Ahmedabad,Online,Net Banking,2,2182.98,0.1,4365.96,3929.36,0,865.47,2024,5,May,Tuesday,4365.96,3929.364
2024-05-28,ORD048922,CUST03157,P008,Running Shoes,Fashion,Hyderabad,Store,UPI,3,4065.06,0.05,12195.18,11585.42,0,3169.65,2024,5,May,Tuesday,12195.18,11585.421
2024-05-28,ORD003971,CUST02966,P019,Vacuum Cleaner,Home,Chennai,Online,UPI,2,9208.09,0.15,18416.18,15653.75,0,1686.71,2024,5,May,Tuesday,18416.18,15653.753
2024-05-28,ORD047102,CUST03296,P005,Office Chair,Furniture,Surat,Online,UPI,1,10416.03,0.05,10416.03,9895.23,0,2376.56,2024,5,May,Tuesday,10416.03,9895.2285
2024-05-28,ORD003602,CUST04104,P015,Dining Table,Furniture,Pune,Store,Credit Card,4,21402.52,0.05,85610.08,81329.58,0,9915.05,2024,5,May,Tuesday,85610.08,81329.576
2024-05-28,ORD014465,CUST02364,P008,Running Shoes,Fashion,Mumbai,Online,UPI,2,3932.16,0.1,7864.32,7077.89,0,1857.43,2024,5,May,Tuesday,7864.32,7077.888
2024-05-28,ORD009438,CUST01152,P011,Mixer Grinder,Home,Jaipur,Online,UPI,2,4397.99,0.2,8795.98,7036.78,0,1113.73,2024,5,May,Tuesday,8795.98,7036.784
2024-05-28,ORD030048,CUST00373,P002,Smartphone,Electronics,Surat,Online,Debit Card,4,27726.16,0.1,110904.64,99814.18,0,19208.95,2024,5,May,Tuesday,110904.64,99814.176
2024-05-28,ORD008540,CUST01650,P020,Microwave,Home,Hyderabad,Online,UPI,1,11819.5,0.0,11819.5,11819.5,0,2909.48,2024,5,May,Tuesday,11819.5,11819.5
2024-05-28,ORD013411,CUST00329,P017,Jeans,Fashion,Surat,Store,Debit Card,1,3008.06,0.15,3008.06,2556.85,0,659.72,2024,5,May,Tuesday,3008.06,2556.851
2024-05-28,ORD041080,CUST00826,P014,Keyboard,Electronics,Chennai,Store,UPI,1,2749.75,0.1,2749.75,2474.78,0,400.47,2024,5,May,Tuesday,2749.75,2474.775
2024-05-28,ORD018385,CUST03909,P004,Smartwatch,Electronics,Mumbai,Store,UPI,3,6449.74,0.0,19349.22,19349.22,0,2541.46,2024,5,May,Tuesday,19349.22,19349.22
2024-05-28,ORD040460,CUST01246,P020,Microwave,Home,Jaipur,Online,Debit Card,1,11478.22,0.1,11478.22,10330.4,0,2373.71,2024,5,May,Tuesday,11478.22,10330.398
2024-05-28,ORD030002,CUST00339,P004,Smartwatch,Electronics,Bengaluru,Online,UPI,2,7123.63,0.0,14247.26,14247.26,0,3667.93,2024,5,May,Tuesday,14247.26,14247.26
2024-05-28,ORD002109,CUST04881,P013,Monitor,Electronics,Mumbai,Online,Net Banking,1,16981.75,0.1,16981.75,15283.58,0,1061.82,2024,5,May,Tuesday,16981.75,15283.575
2024-05-28,ORD040368,CUST01431,P018,Jacket,Fashion,Surat,Store,Net Banking,3,4853.33,0.1,14559.99,13103.99,0,2296.47,2024,5,May,Tuesday,14559.99,13103.991
2024-05-28,ORD045022,CUST04352,P018,Jacket,Fashion,Bengaluru,Store,UPI,1,5468.02,0.15,5468.02,4647.82,0,1029.32,2024,5,May,Tuesday,5468.02,4647.817
2024-05-28,ORD005778,CUST01819,P019,Vacuum Cleaner,Home,Chennai,Online,UPI,2,9467.06,0.15,18934.12,16094.0,1,-804.7,2024,5,May,Tuesday,18934.12,16094.001999999999
2024-05-28,ORD047067,CUST04374,P003,Headphones,Electronics,Delhi,Online,UPI,3,4616.79,0.0,13850.37,13850.37,1,-692.52,2024,5,May,Tuesday,13850.369999999999,13850.37
2024-05-28,ORD019974,CUST02021,P003,Headphones,Electronics,Bengaluru,Store,UPI,4,4596.11,0.25,18384.44,13788.33,0,3434.3,2024,5,May,Tuesday,18384.44,13788.329999999998
2024-05-28,ORD000366,CUST01474,P005,Office Chair,Furniture,Kolkata,Store,UPI,2,8716.34,0.1,17432.68,15689.41,0,2386.17,2024,5,May,Tuesday,17432.68,15689.412
2024-05-28,ORD042874,CUST00201,P013,Monitor,Electronics,Pune,Online,Credit Card,4,18349.9,0.1,73399.6,66059.64,0,11597.83,2024,5,May,Tuesday,73399.6,66059.64000000001
2024-05-28,ORD032193,CUST01046,P002,Smartphone,Electronics,Ahmedabad,Online,UPI,1,25894.6,0.1,25894.6,23305.14,0,3025.94,2024,5,May,Tuesday,25894.6,23305.14
2024-05-29,ORD021724,CUST03192,P020,Microwave,Home,Ahmedabad,Store,UPI,1,10581.52,0.1,10581.52,9523.37,0,1988.84,2024,5,May,Wednesday,10581.52,9523.368
2024-05-29,ORD011358,CUST04538,P016,Sofa,Furniture,Surat,Store,UPI,1,34575.47,0.1,34575.47,31117.92,0,5892.28,2024,5,May,Wednesday,34575.47,31117.923000000003
2024-05-29,ORD040738,CUST03236,P009,T-Shirt,Fashion,Surat,Store,Credit Card,3,1181.67,0.1,3545.01,3190.51,0,819.25,2024,5,May,Wednesday,3545.01,3190.5090000000005
2024-05-29,ORD002465,CUST01651,P012,Air Fryer,Home,Pune,Online,Credit Card,3,7757.81,0.0,23273.43,23273.43,0,2196.02,2024,5,May,Wednesday,23273.43,23273.43
2024-05-29,ORD037200,CUST03157,P016,Sofa,Furniture,Pune,Online,Cash,5,37980.76,0.15,189903.8,161418.23,0,10133.8,2024,5,May,Wednesday,189903.80000000002,161418.22999999998
2024-05-29,ORD018138,CUST03859,P010,Coffee Maker,Home,Chennai,Online,Cash,3,5400.85,0.1,16202.55,14582.3,0,2688.2,2024,5,May,Wednesday,16202.550000000001,14582.295
2024-05-29,ORD043911,CUST01498,P017,Jeans,Fashion,Hyderabad,Store,UPI,1,2942.7,0.2,2942.7,2354.16,0,167.34,2024,5,May,Wednesday,2942.7,2354.16
2024-05-29,ORD047555,CUST03603,P018,Jacket,Fashion,Surat,Store,Debit Card,2,5230.36,0.15,10460.72,8891.61,0,1833.24,2024,5,May,Wednesday,10460.72,8891.612
2024-05-29,ORD049930,CUST00552,P001,Laptop,Electronics,Delhi,Online,Debit Card,1,60535.79,0.1,60535.79,54482.21,0,3656.04,2024,5,May,Wednesday,60535.79,54482.211
2024-05-29,ORD020568,CUST01784,P005,Office Chair,Furniture,Ahmedabad,Store,UPI,3,9635.53,0.2,28906.59,23125.27,0,5610.35,2024,5,May,Wednesday,28906.590000000004,23125.272
2024-05-29,ORD018458,CUST01288,P017,Jeans,Fashion,Hyderabad,Store,Cash,1,2694.59,0.1,2694.59,2425.13,0,168.28,2024,5,May,Wednesday,2694.59,2425.1310000000003
2024-05-29,ORD036997,CUST04230,P003,Headphones,Electronics,Ahmedabad,Online,Credit Card,1,4642.76,0.0,4642.76,4642.76,0,483.04,2024,5,May,Wednesday,4642.76,4642.76
2024-05-29,ORD017557,CUST04061,P009,T-Shirt,Fashion,Delhi,Online,UPI,1,1248.79,0.0,1248.79,1248.79,1,-62.44,2024,5,May,Wednesday,1248.79,1248.79
2024-05-29,ORD042053,CUST02113,P012,Air Fryer,Home,Delhi,Store,Debit Card,2,7239.63,0.05,14479.26,13755.3,0,3693.53,2024,5,May,Wednesday,14479.26,13755.296999999999
2024-05-29,ORD035768,CUST02880,P019,Vacuum Cleaner,Home,Hyderabad,Online,Debit Card,1,9690.91,0.05,9690.91,9206.36,0,2262.99,2024,5,May,Wednesday,9690.91,9206.3645
2024-05-29,ORD034909,CUST03040,P006,Desk,Furniture,Delhi,Store,Credit Card,1,10952.59,0.1,10952.59,9857.33,0,1135.53,2024,5,May,Wednesday,10952.59,9857.331
2024-05-29,ORD041767,CUST01988,P010,Coffee Maker,Home,Surat,Store,UPI,2,5928.45,0.15,11856.9,10078.36,0,1491.33,2024,5,May,Wednesday,11856.9,10078.365
2024-05-29,ORD034785,CUST04934,P015,Dining Table,Furniture,Ahmedabad,Store,Credit Card,2,21236.87,0.0,42473.74,42473.74,0,5168.63,2024,5,May,Wednesday,42473.74,42473.74
2024-05-29,ORD000407,CUST04132,P010,Coffee Maker,Home,Pune,Store,Debit Card,1,5090.23,0.15,5090.23,4326.7,0,1037.81,2024,5,May,Wednesday,5090.23,4326.6955
2024-05-29,ORD003059,CUST04810,P019,Vacuum Cleaner,Home,Delhi,Online,Net Banking,1,8337.1,0.1,8337.1,7503.39,0,787.39,2024,5,May,Wednesday,8337.1,7503.39
2024-05-29,ORD046794,CUST04500,P014,Keyboard,Electronics,Surat,Online,Credit Card,1,2283.84,0.15,2283.84,1941.26,0,227.28,2024,5,May,Wednesday,2283.84,1941.2640000000001
2024-05-29,ORD005849,CUST04932,P016,Sofa,Furniture,Pune,Store,UPI,2,34418.78,0.1,68837.56,61953.8,0,12263.2,2024,5,May,Wednesday,68837.56,61953.804
2024-05-29,ORD021032,CUST01414,P011,Mixer Grinder,Home,Hyderabad,Online,Credit Card,4,4848.34,0.0,19393.36,19393.36,0,3777.59,2024,5,May,Wednesday,19393.36,19393.36
2024-05-29,ORD010890,CUST00495,P018,Jacket,Fashion,Delhi,Store,Debit Card,2,4837.57,0.05,9675.14,9191.38,0,1415.38,2024,5,May,Wednesday,9675.14,9191.383
2024-05-29,ORD000029,CUST01716,P002,Smartphone,Electronics,Surat,Store,UPI,1,27037.65,0.1,27037.65,24333.88,0,6716.27,2024,5,May,Wednesday,27037.65,24333.885000000002
2024-05-29,ORD018295,CUST02772,P014,Keyboard,Electronics,Bengaluru,Online,Credit Card,1,2288.74,0.1,2288.74,2059.87,0,371.61,2024,5,May,Wednesday,2288.74,2059.866
2024-05-29,ORD000346,CUST04392,P013,Monitor,Electronics,Surat,Online,Credit Card,1,17197.25,0.1,17197.25,15477.52,0,2914.45,2024,5,May,Wednesday,17197.25,15477.525
2024-05-29,ORD019845,CUST01348,P017,Jeans,Fashion,Jaipur,Store,Credit Card,2,3008.4,0.0,6016.8,6016.8,0,1157.54,2024,5,May,Wednesday,6016.8,6016.8
2024-05-29,ORD004181,CUST03935,P009,T-Shirt,Fashion,Kolkata,Online,UPI,1,1229.55,0.1,1229.55,1106.6,0,261.49,2024,5,May,Wednesday,1229.55,1106.595
2024-05-29,ORD012763,CUST01572,P009,T-Shirt,Fashion,Ahmedabad,Store,UPI,1,1291.42,0.05,1291.42,1226.85,0,170.03,2024,5,May,Wednesday,1291.42,1226.849
2024-05-29,ORD035903,CUST01104,P014,Keyboard,Electronics,Surat,Online,UPI,5,2707.45,0.0,13537.25,13537.25,0,2637.26,2024,5,May,Wednesday,13537.25,13537.25
2024-05-29,ORD034577,CUST00067,P006,Desk,Furniture,Pune,Online,Net Banking,3,11499.48,0.05,34498.44,32773.52,0,4788.68,2024,5,May,Wednesday,34498.44,32773.518000000004
2024-05-29,ORD002306,CUST02494,P015,Dining Table,Furniture,Ahmedabad,Online,Debit Card,2,22645.79,0.25,45291.58,33968.68,0,7318.38,2024,5,May,Wednesday,45291.58,33968.685
2024-05-29,ORD049747,CUST03789,P019,Vacuum Cleaner,Home,Kolkata,Store,UPI,1,8294.44,0.0,8294.44,8294.44,0,1516.81,2024,5,May,Wednesday,8294.44,8294.44
2024-05-29,ORD016726,CUST03745,P007,Backpack,Accessories,Pune,Online,UPI,1,2023.53,0.15,2023.53,1720.0,0,216.66,2024,5,May,Wednesday,2023.53,1720.0004999999999
2024-05-29,ORD003440,CUST02310,P003,Headphones,Electronics,Bengaluru,Online,UPI,1,4624.65,0.05,4624.65,4393.42,0,472.98,2024,5,May,Wednesday,4624.65,4393.4175
2024-05-29,ORD035439,CUST01993,P008,Running Shoes,Fashion,Jaipur,Online,UPI,1,4278.52,0.1,4278.52,3850.67,0,654.49,2024,5,May,Wednesday,4278.52,3850.6680000000006
2024-05-29,ORD020424,CUST02457,P008,Running Shoes,Fashion,Jaipur,Online,UPI,1,4316.6,0.1,4316.6,3884.94,0,934.31,2024,5,May,Wednesday,4316.6,3884.9400000000005
2024-05-29,ORD001037,CUST04375,P020,Microwave,Home,Ahmedabad,Online,UPI,2,10568.38,0.15,21136.76,17966.25,0,3851.57,2024,5,May,Wednesday,21136.76,17966.246
2024-05-29,ORD009731,CUST00946,P015,Dining Table,Furniture,Pune,Online,UPI,1,21005.17,0.1,21005.17,18904.65,0,1783.34,2024,5,May,Wednesday,21005.17,18904.653
2024-05-29,ORD007863,CUST01055,P017,Jeans,Fashion,Jaipur,Online,Credit Card,4,2521.99,0.05,10087.96,9583.56,0,2008.52,2024,5,May,Wednesday,10087.96,9583.561999999998
2024-05-29,ORD027886,CUST03398,P005,Office Chair,Furniture,Ahmedabad,Online,Debit Card,1,10421.76,0.0,10421.76,10421.76,0,1396.83,2024,5,May,Wednesday,10421.76,10421.76
2024-05-29,ORD009009,CUST02297,P008,Running Shoes,Fashion,Delhi,Online,Net Banking,1,4248.54,0.15,4248.54,3611.26,0,804.2,2024,5,May,Wednesday,4248.54,3611.259
2024-05-29,ORD028996,CUST00687,P014,Keyboard,Electronics,Chennai,Store,Debit Card,2,2448.1,0.2,4896.2,3916.96,0,899.96,2024,5,May,Wednesday,4896.2,3916.96
2024-05-29,ORD006929,CUST00763,P011,Mixer Grinder,Home,Surat,Online,UPI,1,5106.04,0.15,5106.04,4340.13,0,461.74,2024,5,May,Wednesday,5106.04,4340.134
2024-05-29,ORD045916,CUST00622,P011,Mixer Grinder,Home,Jaipur,Online,UPI,2,4813.99,0.05,9627.98,9146.58,0,1357.72,2024,5,May,Wednesday,9627.98,9146.580999999998
2024-05-29,ORD029685,CUST02193,P005,Office Chair,Furniture,Mumbai,Online,Credit Card,4,10229.99,0.25,40919.96,30689.97,0,5391.97,2024,5,May,Wednesday,40919.96,30689.97
2024-05-29,ORD009881,CUST03249,P019,Vacuum Cleaner,Home,Surat,Online,Cash,1,9019.88,0.0,9019.88,9019.88,0,1947.14,2024,5,May,Wednesday,9019.88,9019.88
2024-05-29,ORD015004,CUST03999,P012,Air Fryer,Home,Jaipur,Online,UPI,4,6482.56,0.15,25930.24,22040.7,0,3426.69,2024,5,May,Wednesday,25930.24,22040.704
2024-05-29,ORD007262,CUST00617,P009,T-Shirt,Fashion,Ahmedabad,Online,Net Banking,2,1175.01,0.15,2350.02,1997.52,0,535.62,2024,5,May,Wednesday,2350.02,1997.5169999999998
2024-05-29,ORD049989,CUST04002,P002,Smartphone,Electronics,Bengaluru,Store,Net Banking,1,26683.22,0.25,26683.22,20012.42,0,4889.02,2024,5,May,Wednesday,26683.22,20012.415
2024-05-30,ORD028448,CUST04138,P003,Headphones,Electronics,Kolkata,Online,UPI,2,4459.97,0.0,8919.94,8919.94,0,1597.03,2024,5,May,Thursday,8919.94,8919.94
2024-05-30,ORD008517,CUST02694,P003,Headphones,Electronics,Ahmedabad,Store,UPI,1,4821.59,0.05,4821.59,4580.51,0,1283.84,2024,5,May,Thursday,4821.59,4580.5105
2024-05-30,ORD018186,CUST02240,P015,Dining Table,Furniture,Jaipur,Store,UPI,2,22967.25,0.1,45934.5,41341.05,0,6075.36,2024,5,May,Thursday,45934.5,41341.05
2024-05-30,ORD034767,CUST03279,P008,Running Shoes,Fashion,Ahmedabad,Store,Debit Card,1,3966.98,0.05,3966.98,3768.63,0,777.03,2024,5,May,Thursday,3966.98,3768.631
2024-05-30,ORD023019,CUST03750,P011,Mixer Grinder,Home,Kolkata,Store,UPI,3,5094.66,0.1,15283.98,13755.58,0,1828.64,2024,5,May,Thursday,15283.98,13755.582
2024-05-30,ORD020673,CUST02839,P015,Dining Table,Furniture,Mumbai,Online,UPI,1,21234.52,0.05,21234.52,20172.79,0,2363.12,2024,5,May,Thursday,21234.52,20172.793999999998
2024-05-30,ORD048935,CUST02240,P015,Dining Table,Furniture,Kolkata,Online,Credit Card,1,20224.35,0.2,20224.35,16179.48,0,2701.54,2024,5,May,Thursday,20224.35,16179.48
2024-05-30,ORD013418,CUST04517,P003,Headphones,Electronics,Mumbai,Online,Credit Card,1,4671.49,0.1,4671.49,4204.34,0,845.54,2024,5,May,Thursday,4671.49,4204.341
2024-05-30,ORD009165,CUST01541,P005,Office Chair,Furniture,Chennai,Store,UPI,1,9533.6,0.1,9533.6,8580.24,0,2027.05,2024,5,May,Thursday,9533.6,8580.24
2024-05-30,ORD032608,CUST04371,P001,Laptop,Electronics,Chennai,Store,Credit Card,1,67469.47,0.1,67469.47,60722.52,0,8155.31,2024,5,May,Thursday,67469.47,60722.523
2024-05-30,ORD048037,CUST04766,P007,Backpack,Accessories,Bengaluru,Online,UPI,1,2323.0,0.25,2323.0,1742.25,0,94.74,2024,5,May,Thursday,2323.0,1742.25
2024-05-30,ORD044842,CUST04254,P012,Air Fryer,Home,Pune,Store,Debit Card,1,6774.41,0.05,6774.41,6435.69,0,1771.06,2024,5,May,Thursday,6774.41,6435.6894999999995
2024-05-30,ORD048205,CUST03295,P004,Smartwatch,Electronics,Delhi,Online,UPI,1,7001.43,0.2,7001.43,5601.14,0,1086.78,2024,5,May,Thursday,7001.43,5601.144
2024-05-30,ORD018568,CUST02928,P020,Microwave,Home,Jaipur,Online,UPI,1,10283.7,0.15,10283.7,8741.14,0,1716.59,2024,5,May,Thursday,10283.7,8741.145
2024-05-30,ORD034986,CUST00339,P010,Coffee Maker,Home,Delhi,Online,Credit Card,1,5246.33,0.05,5246.33,4984.01,0,425.16,2024,5,May,Thursday,5246.33,4984.0135
2024-05-30,ORD013248,CUST00149,P014,Keyboard,Electronics,Delhi,Store,UPI,5,2504.4,0.2,12522.0,10017.6,0,2093.46,2024,5,May,Thursday,12522.0,10017.6
2024-05-30,ORD016783,CUST03294,P002,Smartphone,Electronics,Hyderabad,Online,Net Banking,1,25571.35,0.05,25571.35,24292.78,0,4690.93,2024,5,May,Thursday,25571.35,24292.782499999998
2024-05-30,ORD024631,CUST03425,P018,Jacket,Fashion,Hyderabad,Online,UPI,5,4944.3,0.25,24721.5,18541.12,0,2698.67,2024,5,May,Thursday,24721.5,18541.125
2024-05-30,ORD022882,CUST03160,P012,Air Fryer,Home,Delhi,Online,Credit Card,2,7627.58,0.05,15255.16,14492.4,0,2607.87,2024,5,May,Thursday,15255.16,14492.402
2024-05-30,ORD039226,CUST02257,P002,Smartphone,Electronics,Chennai,Online,Cash,1,26797.11,0.05,26797.11,25457.25,0,4391.46,2024,5,May,Thursday,26797.11,25457.2545
2024-05-30,ORD006692,CUST00026,P001,Laptop,Electronics,Ahmedabad,Online,Debit Card,2,58931.61,0.15,117863.22,100183.74,0,25778.75,2024,5,May,Thursday,117863.22,100183.737
2024-05-30,ORD007726,CUST01688,P020,Microwave,Home,Chennai,Store,Credit Card,2,11484.42,0.0,22968.84,22968.84,0,3012.47,2024,5,May,Thursday,22968.84,22968.84
2024-05-30,ORD044221,CUST00734,P003,Headphones,Electronics,Ahmedabad,Online,Net Banking,1,4599.65,0.1,4599.65,4139.68,0,625.97,2024,5,May,Thursday,4599.65,4139.6849999999995
2024-05-30,ORD021494,CUST00584,P015,Dining Table,Furniture,Chennai,Online,Cash,1,21973.15,0.05,21973.15,20874.49,0,2399.03,2024,5,May,Thursday,21973.15,20874.4925
2024-05-30,ORD043146,CUST00250,P006,Desk,Furniture,Surat,Online,UPI,1,12743.76,0.0,12743.76,12743.76,0,3621.87,2024,5,May,Thursday,12743.76,12743.76
2024-05-30,ORD017528,CUST03054,P005,Office Chair,Furniture,Surat,Store,Debit Card,2,9965.79,0.0,19931.58,19931.58,0,5601.07,2024,5,May,Thursday,19931.58,19931.58
2024-05-30,ORD010332,CUST03225,P018,Jacket,Fashion,Bengaluru,Online,Debit Card,1,5122.17,0.1,5122.17,4609.95,0,949.56,2024,5,May,Thursday,5122.17,4609.953
2024-05-30,ORD031625,CUST00505,P005,Office Chair,Furniture,Chennai,Online,UPI,2,9579.98,0.1,19159.96,17243.96,0,3620.52,2024,5,May,Thursday,19159.96,17243.964
2024-05-30,ORD006637,CUST01876,P015,Dining Table,Furniture,Chennai,Online,Debit Card,1,20544.12,0.1,20544.12,18489.71,0,1338.28,2024,5,May,Thursday,20544.12,18489.708
2024-05-30,ORD045024,CUST02361,P016,Sofa,Furniture,Kolkata,Online,Credit Card,2,35872.4,0.0,71744.8,71744.8,0,10107.31,2024,5,May,Thursday,71744.8,71744.8
2024-05-30,ORD010630,CUST00309,P006,Desk,Furniture,Ahmedabad,Online,Credit Card,2,11441.78,0.1,22883.56,20595.2,0,4580.34,2024,5,May,Thursday,22883.56,20595.204
2024-05-30,ORD015503,CUST00756,P012,Air Fryer,Home,Mumbai,Online,UPI,1,6566.34,0.2,6566.34,5253.07,0,531.26,2024,5,May,Thursday,6566.34,5253.072
2024-05-30,ORD010632,CUST00459,P015,Dining Table,Furniture,Pune,Online,UPI,1,23075.26,0.1,23075.26,20767.73,0,4078.27,2024,5,May,Thursday,23075.26,20767.734
2024-05-30,ORD038851,CUST01674,P013,Monitor,Electronics,Pune,Store,Credit Card,1,18881.22,0.15,18881.22,16049.04,0,3067.85,2024,5,May,Thursday,18881.22,16049.037
2024-05-30,ORD033452,CUST02564,P003,Headphones,Electronics,Ahmedabad,Online,UPI,1,4150.33,0.0,4150.33,4150.33,0,380.64,2024,5,May,Thursday,4150.33,4150.33
2024-05-30,ORD038419,CUST00528,P019,Vacuum Cleaner,Home,Jaipur,Store,Cash,1,9537.62,0.05,9537.62,9060.74,0,2326.42,2024,5,May,Thursday,9537.62,9060.739
2024-05-30,ORD025645,CUST01308,P006,Desk,Furniture,Jaipur,Online,Debit Card,1,12419.29,0.15,12419.29,10556.4,0,1761.63,2024,5,May,Thursday,12419.29,10556.3965
2024-05-30,ORD028559,CUST01760,P002,Smartphone,Electronics,Kolkata,Store,UPI,3,28707.91,0.25,86123.73,64592.8,0,4881.74,2024,5,May,Thursday,86123.73,64592.7975
2024-05-30,ORD033441,CUST04750,P015,Dining Table,Furniture,Bengaluru,Online,UPI,1,21062.03,0.15,21062.03,17902.73,0,2755.98,2024,5,May,Thursday,21062.03,17902.725499999997
2024-05-30,ORD010518,CUST03960,P007,Backpack,Accessories,Kolkata,Online,Debit Card,1,2248.5,0.1,2248.5,2023.65,0,146.71,2024,5,May,Thursday,2248.5,2023.65
2024-05-30,ORD024247,CUST00746,P003,Headphones,Electronics,Hyderabad,Store,UPI,4,4550.18,0.0,18200.72,18200.72,0,5093.96,2024,5,May,Thursday,18200.72,18200.72
2024-05-30,ORD018040,CUST00845,P018,Jacket,Fashion,Bengaluru,Store,Credit Card,1,5712.67,0.05,5712.67,5427.04,0,1009.17,2024,5,May,Thursday,5712.67,5427.0365
2024-05-30,ORD027562,CUST04549,P002,Smartphone,Electronics,Chennai,Online,UPI,2,25728.6,0.05,51457.2,48884.34,0,7627.01,2024,5,May,Thursday,51457.2,48884.34
2024-05-30,ORD002798,CUST02950,P019,Vacuum Cleaner,Home,Bengaluru,Online,Credit Card,2,8515.04,0.25,17030.08,12772.56,0,2066.02,2024,5,May,Thursday,17030.08,12772.560000000001
2024-05-30,ORD035431,CUST04084,P004,Smartwatch,Electronics,Mumbai,Store,UPI,1,6683.64,0.1,6683.64,6015.28,0,1027.09,2024,5,May,Thursday,6683.64,6015.276000000001
2024-05-30,ORD015899,CUST02259,P014,Keyboard,Electronics,Chennai,Store,Net Banking,1,2360.18,0.0,2360.18,2360.18,0,396.32,2024,5,May,Thursday,2360.18,2360.18
2024-05-30,ORD035362,CUST03711,P014,Keyboard,Electronics,Jaipur,Store,Debit Card,2,2567.64,0.1,5135.28,4621.75,0,773.05,2024,5,May,Thursday,5135.28,4621.7519999999995
2024-05-30,ORD000981,CUST00444,P001,Laptop,Electronics,Chennai,Online,Credit Card,3,69201.94,0.2,207605.82,166084.66,0,14954.03,2024,5,May,Thursday,207605.82,166084.65600000002
2024-05-30,ORD033753,CUST01744,P007,Backpack,Accessories,Surat,Store,Net Banking,1,2373.4,0.1,2373.4,2136.06,0,335.8,2024,5,May,Thursday,2373.4,2136.06
2024-05-30,ORD004057,CUST03397,P004,Smartwatch,Electronics,Mumbai,Online,Credit Card,2,6437.56,0.1,12875.12,11587.61,0,1836.08,2024,5,May,Thursday,12875.12,11587.608
2024-05-30,ORD040345,CUST01163,P017,Jeans,Fashion,Jaipur,Store,UPI,1,2886.94,0.15,2886.94,2453.9,0,390.84,2024,5,May,Thursday,2886.94,2453.899
2024-05-30,ORD041581,CUST00948,P007,Backpack,Accessories,Chennai,Store,UPI,3,2007.19,0.0,6021.57,6021.57,0,923.72,2024,5,May,Thursday,6021.57,6021.57
2024-05-30,ORD016952,CUST04286,P019,Vacuum Cleaner,Home,Bengaluru,Online,Credit Card,1,8713.89,0.05,8713.89,8278.2,0,750.31,2024,5,May,Thursday,8713.89,8278.1955
2024-05-30,ORD047861,CUST01001,P007,Backpack,Accessories,Kolkata,Online,Credit Card,2,2386.36,0.05,4772.72,4534.08,0,651.42,2024,5,May,Thursday,4772.72,4534.084
2024-05-30,ORD027649,CUST02583,P011,Mixer Grinder,Home,Pune,Online,Credit Card,5,4363.75,0.05,21818.75,20727.81,0,2926.37,2024,5,May,Thursday,21818.75,20727.8125
2024-05-30,ORD041228,CUST00899,P012,Air Fryer,Home,Ahmedabad,Online,Cash,2,6675.68,0.1,13351.36,12016.22,0,754.26,2024,5,May,Thursday,13351.36,12016.224
2024-05-30,ORD048805,CUST00493,P015,Dining Table,Furniture,Mumbai,Online,Debit Card,1,23021.97,0.0,23021.97,23021.97,0,6786.23,2024,5,May,Thursday,23021.97,23021.97
2024-05-30,ORD015674,CUST04965,P007,Backpack,Accessories,Ahmedabad,Online,Credit Card,1,2154.25,0.05,2154.25,2046.54,0,168.94,2024,5,May,Thursday,2154.25,2046.5375
2024-05-30,ORD035471,CUST01534,P020,Microwave,Home,Chennai,Store,UPI,2,11646.0,0.0,23292.0,23292.0,0,4587.64,2024,5,May,Thursday,23292.0,23292.0
2024-05-30,ORD008361,CUST04518,P016,Sofa,Furniture,Surat,Online,UPI,2,34174.99,0.05,68349.98,64932.48,0,13146.71,2024,5,May,Thursday,68349.98,64932.48099999999
2024-05-30,ORD019312,CUST03232,P009,T-Shirt,Fashion,Surat,Online,UPI,1,1166.09,0.1,1166.09,1049.48,0,207.27,2024,5,May,Thursday,1166.09,1049.481
2024-05-30,ORD030568,CUST01088,P006,Desk,Furniture,Kolkata,Online,Debit Card,1,11947.03,0.05,11947.03,11349.68,0,1578.36,2024,5,May,Thursday,11947.03,11349.6785
2024-05-30,ORD030410,CUST01072,P001,Laptop,Electronics,Chennai,Store,UPI,2,62330.86,0.1,124661.72,112195.55,0,20194.97,2024,5,May,Thursday,124661.72,112195.54800000001
2024-05-30,ORD021891,CUST02532,P005,Office Chair,Furniture,Surat,Online,Debit Card,1,9173.37,0.1,9173.37,8256.03,0,1995.73,2024,5,May,Thursday,9173.37,8256.033000000001
2024-05-30,ORD023845,CUST00125,P013,Monitor,Electronics,Bengaluru,Online,Debit Card,1,16225.56,0.15,16225.56,13791.73,0,3663.98,2024,5,May,Thursday,16225.56,13791.725999999999
2024-05-30,ORD002065,CUST04151,P005,Office Chair,Furniture,Delhi,Store,Credit Card,2,10119.05,0.1,20238.1,18214.29,0,4417.08,2024,5,May,Thursday,20238.1,18214.29
2024-05-30,ORD016898,CUST04654,P008,Running Shoes,Fashion,Surat,Store,UPI,1,4453.62,0.1,4453.62,4008.26,0,548.03,2024,5,May,Thursday,4453.62,4008.258
2024-05-30,ORD032774,CUST01166,P011,Mixer Grinder,Home,Jaipur,Store,Net Banking,2,5183.13,0.05,10366.26,9847.95,0,2470.49,2024,5,May,Thursday,10366.26,9847.947
2024-05-31,ORD002982,CUST02354,P017,Jeans,Fashion,Chennai,Online,Credit Card,1,2796.87,0.0,2796.87,2796.87,0,273.57,2024,5,May,Friday,2796.87,2796.87
2024-05-31,ORD003809,CUST03533,P009,T-Shirt,Fashion,Kolkata,Online,UPI,2,1210.12,0.2,2420.24,1936.19,0,102.78,2024,5,May,Friday,2420.24,1936.192
2024-05-31,ORD027997,CUST02510,P018,Jacket,Fashion,Pune,Online,Debit Card,1,5293.16,0.15,5293.16,4499.19,0,1016.56,2024,5,May,Friday,5293.16,4499.186
2024-05-31,ORD020979,CUST01053,P010,Coffee Maker,Home,Ahmedabad,Online,Credit Card,1,5989.54,0.05,5989.54,5690.06,0,1013.52,2024,5,May,Friday,5989.54,5690.063
2024-05-31,ORD024821,CUST01442,P004,Smartwatch,Electronics,Jaipur,Store,UPI,1,6522.72,0.1,6522.72,5870.45,0,387.03,2024,5,May,Friday,6522.72,5870.448
2024-05-31,ORD028771,CUST01244,P013,Monitor,Electronics,Hyderabad,Store,Debit Card,1,19709.96,0.05,19709.96,18724.46,0,4820.61,2024,5,May,Friday,19709.96,18724.462
2024-05-31,ORD022525,CUST04472,P016,Sofa,Furniture,Chennai,Online,Net Banking,1,36154.81,0.15,36154.81,30731.59,0,7821.44,2024,5,May,Friday,36154.81,30731.588499999998
2024-05-31,ORD029574,CUST02644,P004,Smartwatch,Electronics,Mumbai,Store,UPI,5,7590.93,0.1,37954.65,34159.19,0,4581.25,2024,5,May,Friday,37954.65,34159.185000000005
2024-05-31,ORD035619,CUST04420,P017,Jeans,Fashion,Hyderabad,Online,Credit Card,1,2789.44,0.05,2789.44,2649.97,0,286.1,2024,5,May,Friday,2789.44,2649.968
2024-05-31,ORD005377,CUST04822,P011,Mixer Grinder,Home,Pune,Online,Credit Card,1,5060.31,0.15,5060.31,4301.26,0,807.17,2024,5,May,Friday,5060.31,4301.2635
2024-05-31,ORD046231,CUST03263,P014,Keyboard,Electronics,Jaipur,Online,Cash,1,2447.08,0.0,2447.08,2447.08,0,404.33,2024,5,May,Friday,2447.08,2447.08
2024-05-31,ORD049890,CUST01722,P020,Microwave,Home,Chennai,Online,UPI,1,11519.78,0.1,11519.78,10367.8,0,2595.36,2024,5,May,Friday,11519.78,10367.802000000001
2024-05-31,ORD017730,CUST00608,P012,Air Fryer,Home,Bengaluru,Online,Credit Card,1,7211.33,0.2,7211.33,5769.06,0,1426.1,2024,5,May,Friday,7211.33,5769.064
2024-05-31,ORD022727,CUST02848,P019,Vacuum Cleaner,Home,Pune,Online,Debit Card,2,9085.61,0.1,18171.22,16354.1,0,4009.96,2024,5,May,Friday,18171.22,16354.098000000002
2024-05-31,ORD019780,CUST03246,P008,Running Shoes,Fashion,Bengaluru,Online,Cash,3,4379.06,0.2,13137.18,10509.74,0,1226.22,2024,5,May,Friday,13137.18,10509.744
2024-05-31,ORD030621,CUST02684,P009,T-Shirt,Fashion,Pune,Store,Credit Card,3,1227.59,0.2,3682.77,2946.22,1,-147.31,2024,5,May,Friday,3682.7699999999995,2946.2160000000003
2024-05-31,ORD027784,CUST04780,P001,Laptop,Electronics,Ahmedabad,Store,Credit Card,2,66837.59,0.1,133675.18,120307.66,0,23757.12,2024,5,May,Friday,133675.18,120307.662
2024-05-31,ORD005466,CUST04673,P002,Smartphone,Electronics,Surat,Online,UPI,2,29330.12,0.2,58660.24,46928.19,0,7451.04,2024,5,May,Friday,58660.24,46928.192
2024-05-31,ORD003756,CUST00538,P009,T-Shirt,Fashion,Chennai,Online,Credit Card,2,1143.06,0.15,2286.12,1943.2,0,522.8,2024,5,May,Friday,2286.12,1943.2019999999998
2024-05-31,ORD044603,CUST00355,P013,Monitor,Electronics,Mumbai,Store,Credit Card,2,17409.01,0.05,34818.02,33077.12,0,7125.78,2024,5,May,Friday,34818.02,33077.119
2024-05-31,ORD017490,CUST04698,P016,Sofa,Furniture,Ahmedabad,Online,Credit Card,2,33760.91,0.25,67521.82,50641.37,1,-2532.07,2024,5,May,Friday,67521.82,50641.365000000005
2024-05-31,ORD012604,CUST04082,P014,Keyboard,Electronics,Jaipur,Store,Credit Card,4,2421.44,0.1,9685.76,8717.18,1,-435.86,2024,5,May,Friday,9685.76,8717.184000000001
2024-05-31,ORD027324,CUST03324,P011,Mixer Grinder,Home,Surat,Store,UPI,2,4753.7,0.1,9507.4,8556.66,0,1057.26,2024,5,May,Friday,9507.4,8556.66
2024-05-31,ORD006501,CUST03997,P017,Jeans,Fashion,Ahmedabad,Store,Credit Card,2,2995.6,0.0,5991.2,5991.2,0,1774.28,2024,5,May,Friday,5991.2,5991.2
2024-05-31,ORD004353,CUST04071,P010,Coffee Maker,Home,Bengaluru,Online,Credit Card,3,5923.0,0.15,17769.0,15103.65,0,2202.12,2024,5,May,Friday,17769.0,15103.65
2024-05-31,ORD015360,CUST01785,P015,Dining Table,Furniture,Hyderabad,Online,UPI,1,22125.39,0.0,22125.39,22125.39,0,4501.18,2024,5,May,Friday,22125.39,22125.39
2024-05-31,ORD028216,CUST04934,P011,Mixer Grinder,Home,Bengaluru,Store,UPI,1,5234.82,0.0,5234.82,5234.82,0,479.82,2024,5,May,Friday,5234.82,5234.82
2024-05-31,ORD023164,CUST03044,P020,Microwave,Home,Jaipur,Store,UPI,1,10053.28,0.1,10053.28,9047.95,0,1388.92,2024,5,May,Friday,10053.28,9047.952000000001
2024-05-31,ORD043338,CUST02006,P006,Desk,Furniture,Hyderabad,Online,UPI,2,12212.77,0.1,24425.54,21982.99,0,4331.3,2024,5,May,Friday,24425.54,21982.986
2024-05-31,ORD005817,CUST04570,P007,Backpack,Accessories,Delhi,Online,Credit Card,2,2325.02,0.1,4650.04,4185.04,0,317.21,2024,5,May,Friday,4650.04,4185.036
2024-05-31,ORD035965,CUST00012,P010,Coffee Maker,Home,Hyderabad,Online,Debit Card,1,5381.72,0.15,5381.72,4574.46,0,603.95,2024,5,May,Friday,5381.72,4574.462
2024-05-31,ORD029911,CUST01045,P016,Sofa,Furniture,Mumbai,Store,UPI,1,33748.77,0.15,33748.77,28686.45,0,7319.71,2024,5,May,Friday,33748.77,28686.454499999996
2024-05-31,ORD041792,CUST03517,P016,Sofa,Furniture,Jaipur,Online,UPI,4,36279.31,0.1,145117.24,130605.52,0,33071.66,2024,5,May,Friday,145117.24,130605.51599999999
2024-05-31,ORD027615,CUST03143,P019,Vacuum Cleaner,Home,Chennai,Store,Debit Card,1,8802.36,0.05,8802.36,8362.24,0,2423.79,2024,5,May,Friday,8802.36,8362.242
2024-05-31,ORD003398,CUST03912,P003,Headphones,Electronics,Delhi,Online,UPI,1,4213.63,0.15,4213.63,3581.59,0,318.75,2024,5,May,Friday,4213.63,3581.5855
2024-05-31,ORD020308,CUST02084,P013,Monitor,Electronics,Kolkata,Online,Cash,1,19385.27,0.05,19385.27,18416.01,0,2071.65,2024,5,May,Friday,19385.27,18416.0065
2024-05-31,ORD008063,CUST00460,P013,Monitor,Electronics,Surat,Online,UPI,1,18265.17,0.15,18265.17,15525.39,0,2903.76,2024,5,May,Friday,18265.17,15525.394499999999
2024-05-31,ORD041923,CUST03967,P009,T-Shirt,Fashion,Kolkata,Online,Net Banking,3,1148.06,0.1,3444.18,3099.76,0,566.62,2024,5,May,Friday,3444.18,3099.7619999999997
2024-05-31,ORD028258,CUST00838,P006,Desk,Furniture,Hyderabad,Online,Debit Card,3,11399.94,0.05,34199.82,32489.83,0,5879.91,2024,5,May,Friday,34199.82,32489.828999999998
2024-05-31,ORD018424,CUST03713,P012,Air Fryer,Home,Kolkata,Online,UPI,2,7833.27,0.2,15666.54,12533.23,0,2649.01,2024,5,May,Friday,15666.54,12533.232000000002
2024-05-31,ORD032546,CUST02756,P013,Monitor,Electronics,Chennai,Online,Debit Card,1,17926.72,0.15,17926.72,15237.71,0,2034.13,2024,5,May,Friday,17926.72,15237.712000000001
2024-05-31,ORD041786,CUST01464,P009,T-Shirt,Fashion,Jaipur,Store,UPI,1,1215.09,0.2,1215.09,972.07,0,172.77,2024,5,May,Friday,1215.09,972.072
2024-05-31,ORD014898,CUST00834,P010,Coffee Maker,Home,Hyderabad,Online,Debit Card,3,5878.42,0.2,17635.26,14108.21,0,1561.3,2024,5,May,Friday,17635.260000000002,14108.207999999999
2024-05-31,ORD024661,CUST01189,P010,Coffee Maker,Home,Pune,Online,Credit Card,1,5792.42,0.1,5792.42,5213.18,0,1396.94,2024,5,May,Friday,5792.42,5213.178
2024-05-31,ORD013495,CUST04112,P013,Monitor,Electronics,Ahmedabad,Online,Credit Card,3,16765.46,0.15,50296.38,42751.92,0,2579.5,2024,5,May,Friday,50296.38,42751.922999999995
2024-05-31,ORD023331,CUST03680,P004,Smartwatch,Electronics,Surat,Online,Credit Card,1,7537.42,0.2,7537.42,6029.94,0,442.57,2024,5,May,Friday,7537.42,6029.936000000001
2024-05-31,ORD012339,CUST04409,P008,Running Shoes,Fashion,Chennai,Store,Credit Card,1,4378.86,0.15,4378.86,3722.03,0,304.68,2024,5,May,Friday,4378.86,3722.0309999999995
2024-05-31,ORD035823,CUST00918,P007,Backpack,Accessories,Jaipur,Store,Debit Card,2,2033.46,0.15,4066.92,3456.88,0,555.76,2024,5,May,Friday,4066.92,3456.882
2024-05-31,ORD004029,CUST00708,P017,Jeans,Fashion,Delhi,Store,Credit Card,1,2539.32,0.1,2539.32,2285.39,0,235.09,2024,5,May,Friday,2539.32,2285.3880000000004
2024-05-31,ORD039431,CUST02655,P005,Office Chair,Furniture,Mumbai,Online,UPI,1,8884.7,0.1,8884.7,7996.23,0,1169.9,2024,5,May,Friday,8884.7,7996.2300000000005
2024-05-31,ORD008404,CUST04537,P001,Laptop,Electronics,Mumbai,Store,UPI,1,61102.4,0.1,61102.4,54992.16,0,14149.51,2024,5,May,Friday,61102.4,54992.16
2024-05-31,ORD020687,CUST04473,P017,Jeans,Fashion,Delhi,Store,Cash,2,2701.3,0.0,5402.6,5402.6,0,786.2,2024,5,May,Friday,5402.6,5402.6
2024-05-31,ORD008419,CUST01692,P005,Office Chair,Furniture,Chennai,Online,UPI,5,9131.79,0.0,45658.95,45658.95,0,5896.44,2024,5,May,Friday,45658.950000000004,45658.95
2024-05-31,ORD029722,CUST01390,P006,Desk,Furniture,Kolkata,Online,Credit Card,1,12299.97,0.0,12299.97,12299.97,0,1494.17,2024,5,May,Friday,12299.97,12299.97
2024-05-31,ORD012659,CUST04381,P017,Jeans,Fashion,Jaipur,Online,UPI,3,2769.98,0.25,8309.94,6232.46,0,760.58,2024,5,May,Friday,8309.94,6232.455
2024-05-31,ORD002206,CUST00189,P001,Laptop,Electronics,Pune,Online,Cash,1,64860.93,0.2,64860.93,51888.74,0,11857.37,2024,5,May,Friday,64860.93,51888.744000000006
2024-05-31,ORD042263,CUST00831,P012,Air Fryer,Home,Bengaluru,Store,Credit Card,1,7915.6,0.25,7915.6,5936.7,0,929.42,2024,5,May,Friday,7915.6,5936.700000000001
2024-05-31,ORD010002,CUST02900,P001,Laptop,Electronics,Mumbai,Online,Debit Card,1,64451.7,0.05,64451.7,61229.12,0,9792.9,2024,5,May,Friday,64451.7,61229.115
2024-05-31,ORD030016,CUST01517,P019,Vacuum Cleaner,Home,Hyderabad,Online,UPI,3,8675.07,0.0,26025.21,26025.21,1,-1301.26,2024,5,May,Friday,26025.21,26025.21
2024-05-31,ORD050000,CUST03410,P016,Sofa,Furniture,Bengaluru,Online,UPI,1,36093.6,0.05,36093.6,34288.92,0,7922.85,2024,5,May,Friday,36093.6,34288.92
2024-05-31,ORD019460,CUST02607,P019,Vacuum Cleaner,Home,Kolkata,Store,UPI,4,9435.77,0.15,37743.08,32081.62,0,4763.0,2024,5,May,Friday,37743.08,32081.618000000002
2024-05-31,ORD029252,CUST02755,P018,Jacket,Fashion,Delhi,Online,Debit Card,1,5716.58,0.1,5716.58,5144.92,0,1177.13,2024,5,May,Friday,5716.58,5144.9220000000005
2024-05-31,ORD038073,CUST01397,P016,Sofa,Furniture,Delhi,Store,Credit Card,2,35571.41,0.15,71142.82,60471.4,0,5194.75,2024,5,May,Friday,71142.82,60471.397000000004
2024-05-31,ORD028944,CUST01607,P009,T-Shirt,Fashion,Hyderabad,Online,UPI,1,1270.84,0.0,1270.84,1270.84,0,108.69,2024,5,May,Friday,1270.84,1270.84
2024-05-31,ORD017323,CUST00357,P015,Dining Table,Furniture,Hyderabad,Store,Debit Card,1,23568.86,0.0,23568.86,23568.86,0,4784.02,2024,5,May,Friday,23568.86,23568.86
2024-05-31,ORD044011,CUST01029,P002,Smartphone,Electronics,Mumbai,Online,Credit Card,1,30438.88,0.1,30438.88,27394.99,0,7561.54,2024,5,May,Friday,30438.88,27394.992000000002
2024-05-31,ORD008921,CUST01304,P020,Microwave,Home,Pune,Store,UPI,1,11869.69,0.05,11869.69,11276.21,0,2363.21,2024,5,May,Friday,11869.69,11276.2055
2024-05-31,ORD028970,CUST04181,P015,Dining Table,Furniture,Pune,Store,Credit Card,1,23371.15,0.05,23371.15,22202.59,1,-1110.13,2024,5,May,Friday,23371.15,22202.5925
2024-05-31,ORD043893,CUST02777,P020,Microwave,Home,Chennai,Online,UPI,5,10271.65,0.25,51358.25,38518.69,0,6998.93,2024,5,May,Friday,51358.25,38518.6875
2024-05-31,ORD032321,CUST04521,P004,Smartwatch,Electronics,Hyderabad,Online,UPI,3,7396.31,0.2,22188.93,17751.14,0,2377.48,2024,5,May,Friday,22188.93,17751.144
2024-05-31,ORD038105,CUST04819,P016,Sofa,Furniture,Pune,Online,Cash,2,33090.52,0.0,66181.04,66181.04,0,9811.18,2024,5,May,Friday,66181.04,66181.04
2024-05-31,ORD005284,CUST00461,P007,Backpack,Accessories,Kolkata,Online,Credit Card,1,2068.64,0.0,2068.64,2068.64,0,578.75,2024,5,May,Friday,2068.64,2068.64
2024-05-31,ORD013945,CUST00324,P009,T-Shirt,Fashion,Chennai,Store,Credit Card,5,1178.18,0.0,5890.9,5890.9,0,1039.05,2024,5,May,Friday,5890.900000000001,5890.9
2024-05-31,ORD013865,CUST00985,P007,Backpack,Accessories,Jaipur,Online,UPI,2,2385.49,0.2,4770.98,3816.78,0,954.66,2024,5,May,Friday,4770.98,3816.7839999999997
2024-05-31,ORD000686,CUST01470,P013,Monitor,Electronics,Bengaluru,Online,Cash,2,18622.83,0.2,37245.66,29796.53,0,4904.24,2024,5,May,Friday,37245.66,29796.528000000006
2024-05-31,ORD026743,CUST04560,P020,Microwave,Home,Surat,Online,UPI,1,10797.29,0.05,10797.29,10257.43,0,825.1,2024,5,May,Friday,10797.29,10257.425500000001
2024-06-01,ORD045196,CUST02887,P010,Coffee Maker,Home,Pune,Online,Credit Card,1,5122.16,0.05,5122.16,4866.05,0,1178.72,2024,6,June,Saturday,5122.16,4866.052
2024-06-01,ORD046926,CUST04648,P001,Laptop,Electronics,Mumbai,Store,Credit Card,5,60388.79,0.15,301943.95,256652.36,0,28122.08,2024,6,June,Saturday,301943.95,256652.3575
2024-06-01,ORD038779,CUST01872,P013,Monitor,Electronics,Ahmedabad,Online,Net Banking,1,19766.98,0.1,19766.98,17790.28,1,-889.51,2024,6,June,Saturday,19766.98,17790.282
2024-06-01,ORD026481,CUST03263,P010,Coffee Maker,Home,Jaipur,Online,Debit Card,1,5909.99,0.2,5909.99,4727.99,0,575.54,2024,6,June,Saturday,5909.99,4727.992
2024-06-01,ORD011301,CUST03587,P010,Coffee Maker,Home,Pune,Online,Credit Card,1,5407.21,0.1,5407.21,4866.49,0,677.44,2024,6,June,Saturday,5407.21,4866.4890000000005
2024-06-01,ORD020321,CUST04563,P002,Smartphone,Electronics,Pune,Store,UPI,1,28177.68,0.1,28177.68,25359.91,0,2575.31,2024,6,June,Saturday,28177.68,25359.912
2024-06-01,ORD010878,CUST04286,P002,Smartphone,Electronics,Hyderabad,Online,Credit Card,2,27448.33,0.2,54896.66,43917.33,0,1978.8,2024,6,June,Saturday,54896.66,43917.32800000001
2024-06-01,ORD044168,CUST02711,P017,Jeans,Fashion,Chennai,Online,Credit Card,1,2761.6,0.1,2761.6,2485.44,0,655.56,2024,6,June,Saturday,2761.6,2485.44
2024-06-01,ORD035089,CUST00363,P004,Smartwatch,Electronics,Bengaluru,Online,Net Banking,1,7397.92,0.05,7397.92,7028.02,0,1909.87,2024,6,June,Saturday,7397.92,7028.023999999999
2024-06-01,ORD035206,CUST02222,P010,Coffee Maker,Home,Surat,Store,Debit Card,1,5153.67,0.1,5153.67,4638.3,0,1104.17,2024,6,June,Saturday,5153.67,4638.303
2024-06-01,ORD042027,CUST02053,P020,Microwave,Home,Mumbai,Online,UPI,2,10447.75,0.05,20895.5,19850.72,0,4681.9,2024,6,June,Saturday,20895.5,19850.725
2024-06-01,ORD033058,CUST00848,P010,Coffee Maker,Home,Hyderabad,Online,UPI,2,5631.01,0.1,11262.02,10135.82,0,2032.15,2024,6,June,Saturday,11262.02,10135.818000000001
2024-06-01,ORD046510,CUST04170,P013,Monitor,Electronics,Hyderabad,Store,Credit Card,1,18490.45,0.0,18490.45,18490.45,0,4157.07,2024,6,June,Saturday,18490.45,18490.45
2024-06-01,ORD017659,CUST02095,P017,Jeans,Fashion,Jaipur,Store,UPI,1,3078.15,0.05,3078.15,2924.24,0,399.3,2024,6,June,Saturday,3078.15,2924.2425
2024-06-01,ORD010211,CUST04338,P019,Vacuum Cleaner,Home,Hyderabad,Online,Debit Card,1,8568.09,0.1,8568.09,7711.28,0,1587.34,2024,6,June,Saturday,8568.09,7711.281
2024-06-01,ORD043725,CUST03736,P005,Office Chair,Furniture,Pune,Online,Debit Card,2,8942.72,0.05,17885.44,16991.17,0,3779.97,2024,6,June,Saturday,17885.44,16991.167999999998
2024-06-01,ORD004647,CUST04419,P020,Microwave,Home,Hyderabad,Online,Credit Card,2,10932.0,0.05,21864.0,20770.8,0,5638.24,2024,6,June,Saturday,21864.0,20770.8
2024-06-01,ORD034728,CUST01463,P018,Jacket,Fashion,Kolkata,Store,UPI,5,5659.27,0.1,28296.35,25466.72,0,6590.25,2024,6,June,Saturday,28296.350000000002,25466.715
2024-06-01,ORD004466,CUST03839,P017,Jeans,Fashion,Pune,Online,Credit Card,3,2554.18,0.05,7662.54,7279.41,0,1306.15,2024,6,June,Saturday,7662.539999999999,7279.413
2024-06-01,ORD027364,CUST03981,P015,Dining Table,Furniture,Kolkata,Store,UPI,1,23139.16,0.05,23139.16,21982.2,0,2393.98,2024,6,June,Saturday,23139.16,21982.201999999997
2024-06-01,ORD034123,CUST03808,P018,Jacket,Fashion,Delhi,Store,Debit Card,1,4998.54,0.1,4998.54,4498.69,0,785.42,2024,6,June,Saturday,4998.54,4498.686
2024-06-01,ORD003109,CUST01042,P018,Jacket,Fashion,Ahmedabad,Online,UPI,1,5229.39,0.1,5229.39,4706.45,1,-235.32,2024,6,June,Saturday,5229.39,4706.451
2024-06-01,ORD007843,CUST02295,P017,Jeans,Fashion,Jaipur,Online,UPI,1,2933.41,0.0,2933.41,2933.41,0,731.42,2024,6,June,Saturday,2933.41,2933.41
2024-06-01,ORD001638,CUST02599,P001,Laptop,Electronics,Surat,Online,UPI,1,67391.74,0.15,67391.74,57282.98,1,-2864.15,2024,6,June,Saturday,67391.74,57282.979
2024-06-01,ORD049638,CUST04722,P015,Dining Table,Furniture,Jaipur,Online,UPI,1,23797.2,0.1,23797.2,21417.48,0,2289.31,2024,6,June,Saturday,23797.2,21417.48
2024-06-01,ORD042708,CUST04593,P017,Jeans,Fashion,Chennai,Store,UPI,3,2891.36,0.1,8674.08,7806.67,0,1283.6,2024,6,June,Saturday,8674.08,7806.6720000000005
2024-06-01,ORD045315,CUST04940,P020,Microwave,Home,Ahmedabad,Online,UPI,1,11889.53,0.1,11889.53,10700.58,0,912.35,2024,6,June,Saturday,11889.53,10700.577000000001
2024-06-01,ORD031184,CUST01556,P002,Smartphone,Electronics,Hyderabad,Store,UPI,1,25531.71,0.0,25531.71,25531.71,0,6589.77,2024,6,June,Saturday,25531.71,25531.71
2024-06-01,ORD032591,CUST03013,P020,Microwave,Home,Mumbai,Store,Debit Card,2,11672.77,0.0,23345.54,23345.54,0,5224.96,2024,6,June,Saturday,23345.54,23345.54
2024-06-01,ORD002132,CUST03609,P008,Running Shoes,Fashion,Jaipur,Store,Credit Card,1,4338.93,0.15,4338.93,3688.09,0,279.3,2024,6,June,Saturday,4338.93,3688.0905000000002
2024-06-01,ORD034870,CUST01306,P004,Smartwatch,Electronics,Hyderabad,Online,Debit Card,1,7095.9,0.15,7095.9,6031.52,0,1480.16,2024,6,June,Saturday,7095.9,6031.514999999999
2024-06-01,ORD011987,CUST02580,P020,Microwave,Home,Jaipur,Store,UPI,1,10186.54,0.05,10186.54,9677.21,0,791.12,2024,6,June,Saturday,10186.54,9677.213
2024-06-01,ORD026338,CUST00310,P007,Backpack,Accessories,Jaipur,Online,UPI,2,2382.95,0.05,4765.9,4527.6,0,1012.89,2024,6,June,Saturday,4765.9,4527.605
2024-06-01,ORD020996,CUST04456,P010,Coffee Maker,Home,Pune,Online,UPI,3,5735.41,0.1,17206.23,15485.61,0,3929.7,2024,6,June,Saturday,17206.23,15485.607
2024-06-01,ORD047515,CUST00471,P002,Smartphone,Electronics,Delhi,Store,Credit Card,1,28887.34,0.2,28887.34,23109.87,0,4975.75,2024,6,June,Saturday,28887.34,23109.872000000003
2024-06-01,ORD005569,CUST01449,P003,Headphones,Electronics,Ahmedabad,Online,Net Banking,2,4948.97,0.15,9897.94,8413.25,0,552.62,2024,6,June,Saturday,9897.94,8413.249
2024-06-01,ORD048722,CUST03732,P006,Desk,Furniture,Kolkata,Online,Debit Card,2,11303.13,0.1,22606.26,20345.63,0,4873.34,2024,6,June,Saturday,22606.26,20345.634
2024-06-01,ORD014834,CUST00115,P016,Sofa,Furniture,Jaipur,Online,UPI,1,31705.05,0.15,31705.05,26949.29,0,6498.79,2024,6,June,Saturday,31705.05,26949.2925
2024-06-01,ORD041534,CUST03297,P018,Jacket,Fashion,Delhi,Store,UPI,1,5150.68,0.15,5150.68,4378.08,0,693.93,2024,6,June,Saturday,5150.68,4378.078
2024-06-01,ORD042121,CUST03660,P010,Coffee Maker,Home,Jaipur,Store,UPI,1,5875.18,0.15,5875.18,4993.9,0,849.5,2024,6,June,Saturday,5875.18,4993.903
2024-06-01,ORD035323,CUST04411,P003,Headphones,Electronics,Ahmedabad,Online,Credit Card,1,4392.07,0.1,4392.07,3952.86,0,689.48,2024,6,June,Saturday,4392.07,3952.863
2024-06-01,ORD041224,CUST00857,P018,Jacket,Fashion,Jaipur,Online,UPI,1,4889.43,0.05,4889.43,4644.96,0,1017.54,2024,6,June,Saturday,4889.43,4644.9585
2024-06-01,ORD003967,CUST00529,P016,Sofa,Furniture,Mumbai,Online,Credit Card,1,37995.71,0.2,37995.71,30396.57,0,5508.93,2024,6,June,Saturday,37995.71,30396.568
2024-06-01,ORD029348,CUST04539,P006,Desk,Furniture,Mumbai,Online,Debit Card,2,12394.7,0.1,24789.4,22310.46,0,4747.64,2024,6,June,Saturday,24789.4,22310.460000000003
2024-06-01,ORD043922,CUST04482,P014,Keyboard,Electronics,Bengaluru,Online,Credit Card,1,2680.41,0.1,2680.41,2412.37,0,655.44,2024,6,June,Saturday,2680.41,2412.369
2024-06-01,ORD017366,CUST01629,P009,T-Shirt,Fashion,Hyderabad,Store,Credit Card,3,1178.11,0.05,3534.33,3357.61,1,-167.88,2024,6,June,Saturday,3534.33,3357.6135
2024-06-01,ORD021942,CUST04109,P004,Smartwatch,Electronics,Bengaluru,Store,UPI,4,6494.57,0.0,25978.28,25978.28,0,3007.77,2024,6,June,Saturday,25978.28,25978.28
2024-06-01,ORD013726,CUST03698,P007,Backpack,Accessories,Hyderabad,Online,UPI,1,2372.71,0.05,2372.71,2254.07,0,256.51,2024,6,June,Saturday,2372.71,2254.0744999999997
2024-06-01,ORD025577,CUST02598,P009,T-Shirt,Fashion,Mumbai,Online,Cash,2,1317.49,0.0,2634.98,2634.98,0,545.93,2024,6,June,Saturday,2634.98,2634.98
2024-06-01,ORD026069,CUST04073,P018,Jacket,Fashion,Hyderabad,Online,Credit Card,1,4681.91,0.0,4681.91,4681.91,0,1178.03,2024,6,June,Saturday,4681.91,4681.91
2024-06-01,ORD012830,CUST03526,P014,Keyboard,Electronics,Jaipur,Store,Credit Card,2,2364.86,0.15,4729.72,4020.26,0,589.62,2024,6,June,Saturday,4729.72,4020.262
2024-06-01,ORD022529,CUST01313,P006,Desk,Furniture,Delhi,Online,Credit Card,1,12398.94,0.0,12398.94,12398.94,0,1775.99,2024,6,June,Saturday,12398.94,12398.94
2024-06-01,ORD013051,CUST02605,P013,Monitor,Electronics,Surat,Online,UPI,1,18800.64,0.1,18800.64,16920.58,0,1839.81,2024,6,June,Saturday,18800.64,16920.576
2024-06-01,ORD032136,CUST01719,P009,T-Shirt,Fashion,Pune,Store,UPI,1,1309.16,0.0,1309.16,1309.16,0,125.17,2024,6,June,Saturday,1309.16,1309.16
2024-06-01,ORD035412,CUST00442,P018,Jacket,Fashion,Hyderabad,Store,Debit Card,1,5625.38,0.05,5625.38,5344.11,0,1299.3,2024,6,June,Saturday,5625.38,5344.111
2024-06-01,ORD041510,CUST04781,P008,Running Shoes,Fashion,Pune,Online,Credit Card,1,4560.85,0.1,4560.85,4104.77,0,822.69,2024,6,June,Saturday,4560.85,4104.765
2024-06-01,ORD026082,CUST01201,P009,T-Shirt,Fashion,Bengaluru,Online,Credit Card,1,1120.31,0.0,1120.31,1120.31,0,175.63,2024,6,June,Saturday,1120.31,1120.31
2024-06-01,ORD023738,CUST03472,P010,Coffee Maker,Home,Kolkata,Online,UPI,4,5318.41,0.05,21273.64,20209.96,0,4725.32,2024,6,June,Saturday,21273.64,20209.958
2024-06-01,ORD048897,CUST00716,P014,Keyboard,Electronics,Jaipur,Online,Cash,2,2652.34,0.05,5304.68,5039.45,0,764.45,2024,6,June,Saturday,5304.68,5039.446
2024-06-02,ORD045679,CUST01231,P016,Sofa,Furniture,Delhi,Online,Debit Card,1,32664.94,0.05,32664.94,31031.69,0,3170.65,2024,6,June,Sunday,32664.94,31031.692999999996
2024-06-02,ORD018326,CUST00263,P019,Vacuum Cleaner,Home,Bengaluru,Online,Cash,2,8446.25,0.1,16892.5,15203.25,0,2069.22,2024,6,June,Sunday,16892.5,15203.25
2024-06-02,ORD037631,CUST04955,P018,Jacket,Fashion,Bengaluru,Online,Cash,1,4730.19,0.1,4730.19,4257.17,0,330.25,2024,6,June,Sunday,4730.19,4257.170999999999
2024-06-02,ORD031906,CUST00967,P001,Laptop,Electronics,Bengaluru,Store,Credit Card,1,69742.09,0.1,69742.09,62767.88,0,15668.4,2024,6,June,Sunday,69742.09,62767.881
2024-06-02,ORD015561,CUST04422,P007,Backpack,Accessories,Bengaluru,Online,Debit Card,1,2305.46,0.1,2305.46,2074.91,0,262.79,2024,6,June,Sunday,2305.46,2074.914
2024-06-02,ORD042687,CUST01802,P017,Jeans,Fashion,Ahmedabad,Online,Credit Card,2,2971.44,0.0,5942.88,5942.88,0,844.71,2024,6,June,Sunday,5942.88,5942.88
2024-06-02,ORD033610,CUST01277,P018,Jacket,Fashion,Jaipur,Online,UPI,4,4698.13,0.1,18792.52,16913.27,0,1499.13,2024,6,June,Sunday,18792.52,16913.268
2024-06-02,ORD028439,CUST00568,P019,Vacuum Cleaner,Home,Chennai,Online,Credit Card,1,8627.67,0.05,8627.67,8196.29,0,1576.59,2024,6,June,Sunday,8627.67,8196.2865
2024-06-02,ORD010406,CUST04851,P017,Jeans,Fashion,Mumbai,Online,UPI,1,2959.71,0.15,2959.71,2515.75,0,610.85,2024,6,June,Sunday,2959.71,2515.7535
2024-06-02,ORD020584,CUST00166,P006,Desk,Furniture,Delhi,Store,Cash,3,11668.37,0.0,35005.11,35005.11,0,5543.06,2024,6,June,Sunday,35005.11,35005.11
2024-06-02,ORD020376,CUST01486,P004,Smartwatch,Electronics,Delhi,Online,UPI,1,6360.99,0.05,6360.99,6042.94,1,-302.15,2024,6,June,Sunday,6360.99,6042.9405
2024-06-02,ORD034269,CUST02316,P011,Mixer Grinder,Home,Hyderabad,Store,UPI,1,4795.2,0.1,4795.2,4315.68,0,980.41,2024,6,June,Sunday,4795.2,4315.68
2024-06-02,ORD000033,CUST01680,P016,Sofa,Furniture,Mumbai,Store,UPI,1,34549.71,0.1,34549.71,31094.74,0,2192.1,2024,6,June,Sunday,34549.71,31094.739
2024-06-02,ORD014707,CUST03096,P001,Laptop,Electronics,Pune,Online,Debit Card,3,65285.68,0.1,195857.04,176271.34,0,29539.31,2024,6,June,Sunday,195857.04,176271.336
2024-06-02,ORD000258,CUST01810,P002,Smartphone,Electronics,Hyderabad,Store,UPI,2,27453.7,0.05,54907.4,52162.03,0,5820.69,2024,6,June,Sunday,54907.4,52162.03
2024-06-02,ORD032085,CUST00969,P002,Smartphone,Electronics,Kolkata,Online,UPI,1,26223.18,0.1,26223.18,23600.86,0,3814.31,2024,6,June,Sunday,26223.18,23600.862
2024-06-02,ORD022813,CUST02754,P003,Headphones,Electronics,Kolkata,Online,Cash,3,4598.87,0.1,13796.61,12416.95,0,2228.06,2024,6,June,Sunday,13796.61,12416.949
2024-06-02,ORD026562,CUST01474,P003,Headphones,Electronics,Hyderabad,Online,Credit Card,4,4189.16,0.1,16756.64,15080.98,0,4029.27,2024,6,June,Sunday,16756.64,15080.976
2024-06-02,ORD013370,CUST01536,P018,Jacket,Fashion,Kolkata,Online,Credit Card,1,5267.87,0.1,5267.87,4741.08,0,618.82,2024,6,June,Sunday,5267.87,4741.083
2024-06-02,ORD042185,CUST03041,P009,T-Shirt,Fashion,Ahmedabad,Store,Cash,2,1171.28,0.1,2342.56,2108.3,0,163.16,2024,6,June,Sunday,2342.56,2108.304
2024-06-02,ORD028422,CUST02620,P011,Mixer Grinder,Home,Bengaluru,Store,UPI,4,5066.59,0.1,20266.36,18239.72,0,1279.2,2024,6,June,Sunday,20266.36,18239.724000000002
2024-06-02,ORD034885,CUST04487,P017,Jeans,Fashion,Mumbai,Store,Credit Card,1,3020.76,0.1,3020.76,2718.68,0,189.07,2024,6,June,Sunday,3020.76,2718.684
2024-06-02,ORD015645,CUST01108,P010,Coffee Maker,Home,Bengaluru,Online,Credit Card,1,5807.02,0.1,5807.02,5226.32,0,922.93,2024,6,June,Sunday,5807.02,5226.318
2024-06-02,ORD035656,CUST00578,P008,Running Shoes,Fashion,Hyderabad,Store,UPI,1,4486.07,0.1,4486.07,4037.46,0,949.93,2024,6,June,Sunday,4486.07,4037.4629999999997
2024-06-02,ORD039679,CUST00795,P017,Jeans,Fashion,Hyderabad,Online,Debit Card,1,2582.23,0.05,2582.23,2453.12,0,292.08,2024,6,June,Sunday,2582.23,2453.1185
2024-06-02,ORD044307,CUST04299,P013,Monitor,Electronics,Surat,Store,Credit Card,4,19001.22,0.1,76004.88,68404.39,0,12941.39,2024,6,June,Sunday,76004.88,68404.392
2024-06-02,ORD000277,CUST01284,P012,Air Fryer,Home,Mumbai,Store,UPI,1,7334.73,0.1,7334.73,6601.26,0,1299.89,2024,6,June,Sunday,7334.73,6601.257
2024-06-02,ORD002651,CUST02238,P020,Microwave,Home,Surat,Store,Credit Card,1,10957.51,0.0,10957.51,10957.51,0,1882.17,2024,6,June,Sunday,10957.51,10957.51
2024-06-02,ORD018427,CUST00503,P002,Smartphone,Electronics,Jaipur,Online,Credit Card,1,27064.04,0.1,27064.04,24357.64,0,6784.13,2024,6,June,Sunday,27064.04,24357.636000000002
2024-06-02,ORD042307,CUST04320,P020,Microwave,Home,Ahmedabad,Online,UPI,1,11776.99,0.05,11776.99,11188.14,0,2347.95,2024,6,June,Sunday,11776.99,11188.1405
2024-06-02,ORD046212,CUST04691,P015,Dining Table,Furniture,Pune,Online,Net Banking,1,22833.07,0.1,22833.07,20549.76,0,4618.68,2024,6,June,Sunday,22833.07,20549.763
2024-06-02,ORD004558,CUST01739,P010,Coffee Maker,Home,Mumbai,Store,Net Banking,3,5579.11,0.2,16737.33,13389.86,1,-669.49,2024,6,June,Sunday,16737.329999999998,13389.864000000001
2024-06-02,ORD040398,CUST01161,P002,Smartphone,Electronics,Kolkata,Online,Cash,1,28672.84,0.15,28672.84,24371.91,0,1331.39,2024,6,June,Sunday,28672.84,24371.914
2024-06-02,ORD037498,CUST02090,P005,Office Chair,Furniture,Pune,Online,Cash,1,8567.57,0.1,8567.57,7710.81,0,2129.4,2024,6,June,Sunday,8567.57,7710.813
2024-06-02,ORD039909,CUST00357,P006,Desk,Furniture,Ahmedabad,Online,Credit Card,1,12886.91,0.15,12886.91,10953.87,0,2903.17,2024,6,June,Sunday,12886.91,10953.8735
2024-06-02,ORD048876,CUST04670,P011,Mixer Grinder,Home,Hyderabad,Online,UPI,1,4806.31,0.1,4806.31,4325.68,0,787.48,2024,6,June,Sunday,4806.31,4325.679
2024-06-02,ORD038081,CUST02337,P020,Microwave,Home,Mumbai,Online,Cash,1,11801.85,0.05,11801.85,11211.76,0,2552.09,2024,6,June,Sunday,11801.85,11211.7575
2024-06-02,ORD004082,CUST02656,P017,Jeans,Fashion,Chennai,Online,UPI,1,2612.84,0.0,2612.84,2612.84,0,503.98,2024,6,June,Sunday,2612.84,2612.84
2024-06-02,ORD031603,CUST01041,P004,Smartwatch,Electronics,Bengaluru,Store,Debit Card,1,7380.78,0.1,7380.78,6642.7,0,1294.19,2024,6,June,Sunday,7380.78,6642.702
2024-06-02,ORD026166,CUST03233,P013,Monitor,Electronics,Delhi,Store,Debit Card,2,18505.99,0.1,37011.98,33310.78,0,2896.83,2024,6,June,Sunday,37011.98,33310.78200000001
2024-06-02,ORD001655,CUST00619,P010,Coffee Maker,Home,Bengaluru,Online,Credit Card,1,5390.34,0.25,5390.34,4042.76,0,747.06,2024,6,June,Sunday,5390.34,4042.755
2024-06-02,ORD002938,CUST04712,P013,Monitor,Electronics,Jaipur,Store,Cash,1,19621.71,0.05,19621.71,18640.62,0,3580.85,2024,6,June,Sunday,19621.71,18640.624499999998
2024-06-02,ORD022958,CUST00537,P001,Laptop,Electronics,Delhi,Online,UPI,1,68406.36,0.2,68406.36,54725.09,0,13934.62,2024,6,June,Sunday,68406.36,54725.088
2024-06-02,ORD032857,CUST03823,P008,Running Shoes,Fashion,Pune,Online,Debit Card,5,4263.13,0.1,21315.65,19184.09,1,-959.2,2024,6,June,Sunday,21315.65,19184.085000000003
2024-06-02,ORD023437,CUST01615,P002,Smartphone,Electronics,Kolkata,Online,Credit Card,2,26747.03,0.05,53494.06,50819.36,0,7248.1,2024,6,June,Sunday,53494.06,50819.356999999996
2024-06-02,ORD036525,CUST01123,P020,Microwave,Home,Hyderabad,Online,UPI,3,11655.78,0.1,34967.34,31470.61,0,6728.37,2024,6,June,Sunday,34967.340000000004,31470.605999999996
2024-06-02,ORD021538,CUST02325,P009,T-Shirt,Fashion,Surat,Online,UPI,1,1156.24,0.25,1156.24,867.18,0,77.25,2024,6,June,Sunday,1156.24,867.1800000000001
2024-06-02,ORD001068,CUST00059,P020,Microwave,Home,Jaipur,Online,Net Banking,2,10797.58,0.0,21595.16,21595.16,0,5607.32,2024,6,June,Sunday,21595.16,21595.16
2024-06-02,ORD037221,CUST03570,P013,Monitor,Electronics,Delhi,Online,Credit Card,1,16612.15,0.25,16612.15,12459.11,0,1736.45,2024,6,June,Sunday,16612.15,12459.112500000001
2024-06-02,ORD004062,CUST03006,P001,Laptop,Electronics,Delhi,Online,UPI,1,59588.75,0.05,59588.75,56609.31,0,14901.46,2024,6,June,Sunday,59588.75,56609.3125
2024-06-02,ORD000155,CUST04955,P015,Dining Table,Furniture,Delhi,Online,Debit Card,2,23495.39,0.05,46990.78,44641.24,0,6595.86,2024,6,June,Sunday,46990.78,44641.240999999995
2024-06-02,ORD025020,CUST02269,P009,T-Shirt,Fashion,Hyderabad,Store,Credit Card,5,1156.33,0.15,5781.65,4914.4,0,521.19,2024,6,June,Sunday,5781.65,4914.402499999999
2024-06-02,ORD039585,CUST01196,P018,Jacket,Fashion,Pune,Online,UPI,1,5230.75,0.1,5230.75,4707.68,0,732.72,2024,6,June,Sunday,5230.75,4707.675
2024-06-02,ORD026218,CUST01762,P005,Office Chair,Furniture,Delhi,Store,UPI,4,9910.4,0.2,39641.6,31713.28,0,4467.32,2024,6,June,Sunday,39641.6,31713.28
2024-06-02,ORD042991,CUST01636,P004,Smartwatch,Electronics,Kolkata,Store,Debit Card,1,6362.39,0.0,6362.39,6362.39,0,1532.16,2024,6,June,Sunday,6362.39,6362.39
2024-06-02,ORD023600,CUST02871,P011,Mixer Grinder,Home,Ahmedabad,Online,UPI,1,4647.47,0.2,4647.47,3717.98,0,880.03,2024,6,June,Sunday,4647.47,3717.9760000000006
2024-06-02,ORD016228,CUST03070,P002,Smartphone,Electronics,Jaipur,Online,UPI,1,25236.12,0.25,25236.12,18927.09,0,3648.81,2024,6,June,Sunday,25236.12,18927.09
2024-06-02,ORD025908,CUST04867,P019,Vacuum Cleaner,Home,Surat,Store,UPI,1,9598.85,0.05,9598.85,9118.91,0,2388.0,2024,6,June,Sunday,9598.85,9118.9075
2024-06-02,ORD006040,CUST02583,P007,Backpack,Accessories,Surat,Store,Credit Card,2,2031.9,0.1,4063.8,3657.42,0,651.68,2024,6,June,Sunday,4063.8,3657.42
2024-06-02,ORD035005,CUST02972,P019,Vacuum Cleaner,Home,Jaipur,Store,UPI,4,8894.99,0.15,35579.96,30242.97,0,7455.5,2024,6,June,Sunday,35579.96,30242.965999999997
2024-06-02,ORD029686,CUST03253,P003,Headphones,Electronics,Pune,Store,Credit Card,1,4459.86,0.1,4459.86,4013.87,0,435.08,2024,6,June,Sunday,4459.86,4013.874
2024-06-02,ORD007412,CUST01683,P008,Running Shoes,Fashion,Bengaluru,Store,Credit Card,1,4383.17,0.25,4383.17,3287.38,0,809.5,2024,6,June,Sunday,4383.17,3287.3775
2024-06-02,ORD039957,CUST00415,P013,Monitor,Electronics,Mumbai,Online,Credit Card,1,18876.75,0.1,18876.75,16989.08,0,1176.15,2024,6,June,Sunday,18876.75,16989.075
2024-06-02,ORD020666,CUST03756,P013,Monitor,Electronics,Pune,Store,Credit Card,4,18805.23,0.15,75220.92,63937.78,0,13697.77,2024,6,June,Sunday,75220.92,63937.782
2024-06-02,ORD040896,CUST03263,P008,Running Shoes,Fashion,Bengaluru,Store,Debit Card,4,4175.59,0.15,16702.36,14197.01,0,3523.54,2024,6,June,Sunday,16702.36,14197.006
2024-06-02,ORD047117,CUST02193,P017,Jeans,Fashion,Mumbai,Online,UPI,4,3063.64,0.0,12254.56,12254.56,0,1882.85,2024,6,June,Sunday,12254.56,12254.56
2024-06-02,ORD045483,CUST02113,P019,Vacuum Cleaner,Home,Mumbai,Online,Debit Card,1,9426.7,0.25,9426.7,7070.02,0,826.64,2024,6,June,Sunday,9426.7,7070.025000000001
2024-06-02,ORD011913,CUST00207,P014,Keyboard,Electronics,Pune,Store,UPI,5,2298.44,0.15,11492.2,9768.37,0,859.63,2024,6,June,Sunday,11492.2,9768.37
2024-06-02,ORD009229,CUST04888,P011,Mixer Grinder,Home,Ahmedabad,Store,UPI,1,4474.57,0.0,4474.57,4474.57,0,1314.06,2024,6,June,Sunday,4474.57,4474.57
2024-06-02,ORD046244,CUST01554,P012,Air Fryer,Home,Chennai,Online,Cash,1,7180.5,0.0,7180.5,7180.5,1,-359.02,2024,6,June,Sunday,7180.5,7180.5
2024-06-02,ORD005077,CUST02302,P016,Sofa,Furniture,Pune,Online,Cash,3,34522.42,0.05,103567.26,98388.9,1,-4919.44,2024,6,June,Sunday,103567.26,98388.897
2024-06-02,ORD038837,CUST01501,P011,Mixer Grinder,Home,Jaipur,Online,UPI,5,5123.0,0.1,25615.0,23053.5,0,4724.96,2024,6,June,Sunday,25615.0,23053.5
2024-06-02,ORD013635,CUST04785,P010,Coffee Maker,Home,Kolkata,Online,UPI,1,5970.96,0.1,5970.96,5373.86,0,994.4,2024,6,June,Sunday,5970.96,5373.8640000000005
2024-06-02,ORD049437,CUST04956,P008,Running Shoes,Fashion,Jaipur,Store,Credit Card,2,3932.61,0.05,7865.22,7471.96,0,1296.31,2024,6,June,Sunday,7865.22,7471.959
2024-06-03,ORD044064,CUST04612,P011,Mixer Grinder,Home,Chennai,Online,Credit Card,1,4871.82,0.05,4871.82,4628.23,0,790.69,2024,6,June,Monday,4871.82,4628.228999999999
2024-06-03,ORD022952,CUST02681,P009,T-Shirt,Fashion,Surat,Online,Credit Card,1,1311.21,0.1,1311.21,1180.09,0,234.96,2024,6,June,Monday,1311.21,1180.0890000000002
2024-06-03,ORD036427,CUST01569,P009,T-Shirt,Fashion,Hyderabad,Store,UPI,2,1235.65,0.0,2471.3,2471.3,0,225.46,2024,6,June,Monday,2471.3,2471.3
2024-06-03,ORD011070,CUST02373,P003,Headphones,Electronics,Bengaluru,Store,Credit Card,3,4946.41,0.1,14839.23,13355.31,0,2034.35,2024,6,June,Monday,14839.23,13355.307
2024-06-03,ORD038276,CUST02500,P008,Running Shoes,Fashion,Delhi,Store,UPI,1,4186.99,0.05,4186.99,3977.64,0,773.49,2024,6,June,Monday,4186.99,3977.6404999999995
2024-06-03,ORD037596,CUST04812,P014,Keyboard,Electronics,Jaipur,Online,Credit Card,1,2684.63,0.0,2684.63,2684.63,0,556.61,2024,6,June,Monday,2684.63,2684.63
2024-06-03,ORD023013,CUST03660,P013,Monitor,Electronics,Kolkata,Store,Credit Card,1,17787.18,0.2,17787.18,14229.74,1,-711.49,2024,6,June,Monday,17787.18,14229.744
2024-06-03,ORD024409,CUST02540,P018,Jacket,Fashion,Chennai,Online,UPI,1,5158.06,0.1,5158.06,4642.25,0,514.37,2024,6,June,Monday,5158.06,4642.254000000001
2024-06-03,ORD007223,CUST00860,P019,Vacuum Cleaner,Home,Pune,Online,UPI,1,8310.69,0.1,8310.69,7479.62,0,1008.48,2024,6,June,Monday,8310.69,7479.621000000001
2024-06-03,ORD025999,CUST03193,P020,Microwave,Home,Jaipur,Online,UPI,1,11832.44,0.0,11832.44,11832.44,0,3026.85,2024,6,June,Monday,11832.44,11832.44
2024-06-03,ORD008099,CUST01463,P019,Vacuum Cleaner,Home,Surat,Online,Debit Card,1,9676.76,0.05,9676.76,9192.92,0,2433.03,2024,6,June,Monday,9676.76,9192.922
2024-06-03,ORD013115,CUST00722,P003,Headphones,Electronics,Bengaluru,Store,UPI,1,4341.07,0.05,4341.07,4124.02,0,865.4,2024,6,June,Monday,4341.07,4124.0165
2024-06-03,ORD023530,CUST02970,P006,Desk,Furniture,Jaipur,Online,Cash,1,12709.56,0.1,12709.56,11438.6,0,847.24,2024,6,June,Monday,12709.56,11438.604
2024-06-03,ORD023456,CUST03544,P019,Vacuum Cleaner,Home,Pune,Online,Credit Card,1,8474.66,0.1,8474.66,7627.19,0,1249.1,2024,6,June,Monday,8474.66,7627.194
2024-06-03,ORD002220,CUST03535,P010,Coffee Maker,Home,Chennai,Online,UPI,1,5634.02,0.0,5634.02,5634.02,0,816.38,2024,6,June,Monday,5634.02,5634.02
2024-06-03,ORD003613,CUST02832,P011,Mixer Grinder,Home,Bengaluru,Store,UPI,3,5077.71,0.1,15233.13,13709.82,0,1133.48,2024,6,June,Monday,15233.130000000001,13709.817
2024-06-03,ORD030108,CUST02976,P004,Smartwatch,Electronics,Jaipur,Online,Debit Card,3,6966.11,0.05,20898.33,19853.41,0,4757.56,2024,6,June,Monday,20898.329999999998,19853.413500000002
2024-06-03,ORD002574,CUST01404,P018,Jacket,Fashion,Kolkata,Store,Debit Card,1,4709.03,0.0,4709.03,4709.03,0,1125.24,2024,6,June,Monday,4709.03,4709.03
2024-06-03,ORD008237,CUST00858,P016,Sofa,Furniture,Hyderabad,Store,UPI,1,37495.81,0.15,37495.81,31871.44,0,7814.14,2024,6,June,Monday,37495.81,31871.438499999997
2024-06-03,ORD045385,CUST01636,P003,Headphones,Electronics,Jaipur,Online,Credit Card,1,4460.82,0.1,4460.82,4014.74,0,337.8,2024,6,June,Monday,4460.82,4014.738
2024-06-03,ORD009520,CUST01079,P004,Smartwatch,Electronics,Mumbai,Online,UPI,3,6801.03,0.2,20403.09,16322.47,0,3756.19,2024,6,June,Monday,20403.09,16322.472000000002
2024-06-03,ORD039971,CUST01929,P002,Smartphone,Electronics,Delhi,Online,Cash,2,25790.69,0.05,51581.38,49002.31,0,10718.76,2024,6,June,Monday,51581.38,49002.310999999994
2024-06-03,ORD041865,CUST04485,P002,Smartphone,Electronics,Jaipur,Store,Credit Card,1,28072.95,0.05,28072.95,26669.3,0,6089.5,2024,6,June,Monday,28072.95,26669.302499999998
2024-06-03,ORD048990,CUST01247,P004,Smartwatch,Electronics,Surat,Online,Credit Card,1,6395.33,0.0,6395.33,6395.33,0,615.33,2024,6,June,Monday,6395.33,6395.33
2024-06-03,ORD027535,CUST03440,P006,Desk,Furniture,Jaipur,Store,Credit Card,1,11818.64,0.0,11818.64,11818.64,0,3160.61,2024,6,June,Monday,11818.64,11818.64
2024-06-03,ORD039904,CUST00218,P015,Dining Table,Furniture,Surat,Online,UPI,2,23704.77,0.05,47409.54,45039.06,0,3157.35,2024,6,June,Monday,47409.54,45039.063
2024-06-03,ORD044122,CUST02550,P010,Coffee Maker,Home,Chennai,Store,Debit Card,1,5021.43,0.05,5021.43,4770.36,0,470.98,2024,6,June,Monday,5021.43,4770.3585
2024-06-03,ORD046678,CUST01810,P003,Headphones,Electronics,Mumbai,Online,Net Banking,1,4476.62,0.1,4476.62,4028.96,0,541.26,2024,6,June,Monday,4476.62,4028.958
2024-06-03,ORD005831,CUST02894,P020,Microwave,Home,Pune,Online,Debit Card,2,10447.49,0.1,20894.98,18805.48,1,-940.27,2024,6,June,Monday,20894.98,18805.482
2024-06-03,ORD030336,CUST04400,P003,Headphones,Electronics,Ahmedabad,Online,UPI,2,4730.09,0.05,9460.18,8987.17,0,1145.0,2024,6,June,Monday,9460.18,8987.171
2024-06-03,ORD009176,CUST03421,P020,Microwave,Home,Chennai,Online,UPI,2,10113.7,0.1,20227.4,18204.66,0,3747.43,2024,6,June,Monday,20227.4,18204.660000000003
2024-06-03,ORD026066,CUST00315,P007,Backpack,Accessories,Surat,Store,UPI,2,2195.18,0.05,4390.36,4170.84,0,1145.6,2024,6,June,Monday,4390.36,4170.842
2024-06-03,ORD003313,CUST00698,P013,Monitor,Electronics,Delhi,Online,UPI,5,17738.29,0.0,88691.45,88691.45,0,25730.69,2024,6,June,Monday,88691.45000000001,88691.45
2024-06-03,ORD034888,CUST00531,P001,Laptop,Electronics,Hyderabad,Online,Credit Card,1,63337.07,0.1,63337.07,57003.36,0,3865.09,2024,6,June,Monday,63337.07,57003.363
2024-06-03,ORD049985,CUST00665,P001,Laptop,Electronics,Hyderabad,Online,Credit Card,1,59063.98,0.0,59063.98,59063.98,0,12381.96,2024,6,June,Monday,59063.98,59063.98
2024-06-03,ORD023333,CUST00453,P002,Smartphone,Electronics,Mumbai,Online,UPI,1,29021.01,0.1,29021.01,26118.91,0,7294.11,2024,6,June,Monday,29021.01,26118.909
2024-06-03,ORD018094,CUST01848,P012,Air Fryer,Home,Bengaluru,Store,Credit Card,4,7754.98,0.15,31019.92,26366.93,0,3778.51,2024,6,June,Monday,31019.92,26366.931999999997
2024-06-03,ORD028535,CUST03499,P013,Monitor,Electronics,Chennai,Store,Credit Card,1,17660.5,0.2,17660.5,14128.4,0,1146.57,2024,6,June,Monday,17660.5,14128.400000000001
2024-06-03,ORD006733,CUST01654,P007,Backpack,Accessories,Delhi,Store,Net Banking,3,2240.36,0.0,6721.08,6721.08,0,1249.3,2024,6,June,Monday,6721.08,6721.08
2024-06-03,ORD000347,CUST03328,P020,Microwave,Home,Jaipur,Store,UPI,1,11212.91,0.1,11212.91,10091.62,0,2772.78,2024,6,June,Monday,11212.91,10091.619
2024-06-03,ORD015153,CUST04793,P004,Smartwatch,Electronics,Hyderabad,Store,Debit Card,1,7130.82,0.15,7130.82,6061.2,0,1017.88,2024,6,June,Monday,7130.82,6061.196999999999
2024-06-03,ORD048389,CUST03517,P015,Dining Table,Furniture,Pune,Online,Debit Card,1,23454.61,0.0,23454.61,23454.61,0,2947.86,2024,6,June,Monday,23454.61,23454.61
2024-06-03,ORD045054,CUST00994,P019,Vacuum Cleaner,Home,Mumbai,Store,UPI,3,9194.62,0.1,27583.86,24825.47,0,3639.24,2024,6,June,Monday,27583.86,24825.474000000002
2024-06-03,ORD038768,CUST01781,P012,Air Fryer,Home,Bengaluru,Online,Credit Card,1,6682.72,0.1,6682.72,6014.45,1,-300.72,2024,6,June,Monday,6682.72,6014.448
2024-06-03,ORD005528,CUST00912,P009,T-Shirt,Fashion,Hyderabad,Store,Credit Card,1,1255.72,0.2,1255.72,1004.58,0,59.4,2024,6,June,Monday,1255.72,1004.576
2024-06-03,ORD034168,CUST01597,P012,Air Fryer,Home,Ahmedabad,Store,UPI,3,7811.04,0.05,23433.12,22261.46,0,3447.8,2024,6,June,Monday,23433.12,22261.463999999996
2024-06-03,ORD043570,CUST03652,P005,Office Chair,Furniture,Surat,Store,UPI,1,9198.75,0.1,9198.75,8278.88,0,1241.17,2024,6,June,Monday,9198.75,8278.875
2024-06-03,ORD004699,CUST01808,P020,Microwave,Home,Hyderabad,Online,Debit Card,2,11819.47,0.0,23638.94,23638.94,0,3454.46,2024,6,June,Monday,23638.94,23638.94
2024-06-03,ORD016718,CUST01646,P004,Smartwatch,Electronics,Pune,Online,UPI,4,6910.69,0.15,27642.76,23496.35,0,4591.05,2024,6,June,Monday,27642.76,23496.345999999998
2024-06-03,ORD012116,CUST00152,P005,Office Chair,Furniture,Jaipur,Online,Credit Card,1,8752.4,0.05,8752.4,8314.78,0,673.73,2024,6,June,Monday,8752.4,8314.779999999999
2024-06-03,ORD048225,CUST01700,P002,Smartphone,Electronics,Delhi,Online,UPI,1,25200.83,0.0,25200.83,25200.83,0,3282.65,2024,6,June,Monday,25200.83,25200.83
2024-06-03,ORD021055,CUST00428,P005,Office Chair,Furniture,Jaipur,Store,UPI,2,9275.05,0.1,18550.1,16695.09,0,2888.17,2024,6,June,Monday,18550.1,16695.09
2024-06-03,ORD043402,CUST03703,P009,T-Shirt,Fashion,Surat,Store,Net Banking,2,1197.19,0.1,2394.38,2154.94,0,360.84,2024,6,June,Monday,2394.38,2154.942
2024-06-03,ORD016146,CUST03116,P012,Air Fryer,Home,Chennai,Online,UPI,4,7462.97,0.1,29851.88,26866.69,0,5707.57,2024,6,June,Monday,29851.88,26866.692000000003
2024-06-03,ORD021320,CUST04122,P018,Jacket,Fashion,Delhi,Online,UPI,2,5121.09,0.1,10242.18,9217.96,0,1537.52,2024,6,June,Monday,10242.18,9217.962000000001
2024-06-03,ORD021157,CUST00940,P009,T-Shirt,Fashion,Hyderabad,Store,Credit Card,1,1284.19,0.1,1284.19,1155.77,1,-57.79,2024,6,June,Monday,1284.19,1155.7710000000002
2024-06-03,ORD002719,CUST01030,P016,Sofa,Furniture,Jaipur,Online,UPI,1,34896.52,0.1,34896.52,31406.87,0,5701.5,2024,6,June,Monday,34896.52,31406.868
2024-06-03,ORD029520,CUST02851,P014,Keyboard,Electronics,Pune,Store,Cash,2,2581.49,0.15,5162.98,4388.53,0,523.38,2024,6,June,Monday,5162.98,4388.532999999999
2024-06-03,ORD031521,CUST02305,P018,Jacket,Fashion,Surat,Online,UPI,1,4987.54,0.15,4987.54,4239.41,0,226.8,2024,6,June,Monday,4987.54,4239.409
2024-06-03,ORD039254,CUST00555,P014,Keyboard,Electronics,Delhi,Online,Debit Card,1,2390.29,0.0,2390.29,2390.29,0,528.17,2024,6,June,Monday,2390.29,2390.29
2024-06-03,ORD028784,CUST02212,P012,Air Fryer,Home,Ahmedabad,Store,Credit Card,1,7657.13,0.2,7657.13,6125.7,0,1039.25,2024,6,June,Monday,7657.13,6125.704000000001
2024-06-03,ORD016727,CUST01011,P020,Microwave,Home,Delhi,Online,Cash,1,10303.65,0.05,10303.65,9788.47,0,2233.03,2024,6,June,Monday,10303.65,9788.467499999999
2024-06-03,ORD007490,CUST04376,P015,Dining Table,Furniture,Delhi,Online,Debit Card,1,21974.74,0.1,21974.74,19777.27,0,2731.16,2024,6,June,Monday,21974.74,19777.266000000003
2024-06-03,ORD033564,CUST02425,P017,Jeans,Fashion,Ahmedabad,Online,Credit Card,1,2748.13,0.05,2748.13,2610.72,0,483.04,2024,6,June,Monday,2748.13,2610.7235
2024-06-03,ORD007668,CUST02013,P010,Coffee Maker,Home,Jaipur,Store,UPI,5,5338.75,0.15,26693.75,22689.69,0,5475.48,2024,6,June,Monday,26693.75,22689.6875
2024-06-03,ORD046640,CUST03856,P014,Keyboard,Electronics,Delhi,Store,Credit Card,1,2440.11,0.05,2440.11,2318.1,1,-115.9,2024,6,June,Monday,2440.11,2318.1045
2024-06-03,ORD038277,CUST03757,P016,Sofa,Furniture,Mumbai,Store,UPI,1,37782.94,0.1,37782.94,34004.65,0,2175.31,2024,6,June,Monday,37782.94,34004.646
2024-06-03,ORD009781,CUST00717,P010,Coffee Maker,Home,Bengaluru,Online,Credit Card,1,5024.13,0.15,5024.13,4270.51,0,1086.66,2024,6,June,Monday,5024.13,4270.5105
2024-06-03,ORD022462,CUST02455,P020,Microwave,Home,Hyderabad,Store,UPI,1,11308.44,0.05,11308.44,10743.02,0,1770.79,2024,6,June,Monday,11308.44,10743.018
2024-06-03,ORD046403,CUST00868,P008,Running Shoes,Fashion,Ahmedabad,Online,Debit Card,2,4482.37,0.0,8964.74,8964.74,0,1718.17,2024,6,June,Monday,8964.74,8964.74
2024-06-04,ORD001195,CUST03139,P004,Smartwatch,Electronics,Jaipur,Online,Net Banking,1,7530.25,0.05,7530.25,7153.74,0,862.36,2024,6,June,Tuesday,7530.25,7153.737499999999
2024-06-04,ORD034093,CUST02219,P007,Backpack,Accessories,Surat,Online,Credit Card,5,2318.94,0.05,11594.7,11014.96,0,1151.44,2024,6,June,Tuesday,11594.7,11014.965
2024-06-04,ORD001676,CUST04448,P015,Dining Table,Furniture,Kolkata,Store,UPI,5,21873.7,0.0,109368.5,109368.5,0,10985.03,2024,6,June,Tuesday,109368.5,109368.5
2024-06-04,ORD032808,CUST02691,P016,Sofa,Furniture,Ahmedabad,Online,UPI,1,34449.72,0.15,34449.72,29282.26,0,2363.24,2024,6,June,Tuesday,34449.72,29282.262
2024-06-04,ORD000361,CUST01725,P014,Keyboard,Electronics,Chennai,Online,Credit Card,2,2642.91,0.2,5285.82,4228.66,0,175.13,2024,6,June,Tuesday,5285.82,4228.656
2024-06-04,ORD012182,CUST03595,P002,Smartphone,Electronics,Chennai,Online,UPI,2,28510.89,0.05,57021.78,54170.69,1,-2708.53,2024,6,June,Tuesday,57021.78,54170.691
2024-06-04,ORD023389,CUST02114,P011,Mixer Grinder,Home,Jaipur,Online,Credit Card,2,5170.17,0.15,10340.34,8789.29,1,-439.46,2024,6,June,Tuesday,10340.34,8789.289
2024-06-04,ORD028920,CUST02655,P001,Laptop,Electronics,Chennai,Online,Credit Card,4,65587.68,0.1,262350.72,236115.65,0,34795.76,2024,6,June,Tuesday,262350.72,236115.648
2024-06-04,ORD009678,CUST01239,P007,Backpack,Accessories,Ahmedabad,Store,Debit Card,5,2255.62,0.2,11278.1,9022.48,0,1125.46,2024,6,June,Tuesday,11278.099999999999,9022.480000000001
2024-06-04,ORD019888,CUST00874,P003,Headphones,Electronics,Pune,Online,Cash,4,4731.66,0.0,18926.64,18926.64,0,4394.56,2024,6,June,Tuesday,18926.64,18926.64
2024-06-04,ORD045257,CUST03212,P010,Coffee Maker,Home,Ahmedabad,Online,UPI,1,5610.76,0.0,5610.76,5610.76,0,1354.62,2024,6,June,Tuesday,5610.76,5610.76
2024-06-04,ORD025996,CUST01237,P017,Jeans,Fashion,Kolkata,Online,Credit Card,3,2712.13,0.15,8136.39,6915.93,0,1692.73,2024,6,June,Tuesday,8136.39,6915.9315
2024-06-04,ORD026184,CUST00747,P017,Jeans,Fashion,Pune,Online,Debit Card,1,2547.42,0.0,2547.42,2547.42,0,721.81,2024,6,June,Tuesday,2547.42,2547.42
2024-06-04,ORD009204,CUST03879,P018,Jacket,Fashion,Mumbai,Store,Credit Card,5,5221.41,0.25,26107.05,19580.29,0,4520.63,2024,6,June,Tuesday,26107.05,19580.2875
2024-06-04,ORD016126,CUST03452,P005,Office Chair,Furniture,Delhi,Online,UPI,1,8893.76,0.1,8893.76,8004.38,0,1172.65,2024,6,June,Tuesday,8893.76,8004.384
2024-06-04,ORD046738,CUST00405,P004,Smartwatch,Electronics,Bengaluru,Store,Credit Card,1,7131.78,0.25,7131.78,5348.84,1,-267.44,2024,6,June,Tuesday,7131.78,5348.835
2024-06-04,ORD039850,CUST00307,P018,Jacket,Fashion,Surat,Store,UPI,1,5057.86,0.05,5057.86,4804.97,0,877.98,2024,6,June,Tuesday,5057.86,4804.967
2024-06-04,ORD001106,CUST04808,P008,Running Shoes,Fashion,Chennai,Online,Debit Card,4,4138.81,0.05,16555.24,15727.48,0,2808.71,2024,6,June,Tuesday,16555.24,15727.478000000001
2024-06-04,ORD013178,CUST01938,P013,Monitor,Electronics,Hyderabad,Store,UPI,1,17185.82,0.0,17185.82,17185.82,0,2897.81,2024,6,June,Tuesday,17185.82,17185.82
2024-06-04,ORD025609,CUST00500,P020,Microwave,Home,Delhi,Online,UPI,5,11389.97,0.05,56949.85,54102.36,0,14144.77,2024,6,June,Tuesday,56949.85,54102.3575
2024-06-04,ORD016761,CUST03048,P015,Dining Table,Furniture,Kolkata,Online,Credit Card,2,21401.17,0.15,42802.34,36381.99,0,5034.0,2024,6,June,Tuesday,42802.34,36381.988999999994
2024-06-04,ORD043868,CUST02908,P014,Keyboard,Electronics,Jaipur,Store,UPI,3,2736.59,0.0,8209.77,8209.77,0,1175.31,2024,6,June,Tuesday,8209.77,8209.77
2024-06-04,ORD013796,CUST03279,P017,Jeans,Fashion,Chennai,Online,Debit Card,2,2539.36,0.0,5078.72,5078.72,0,1187.0,2024,6,June,Tuesday,5078.72,5078.72
2024-06-04,ORD028229,CUST03724,P002,Smartphone,Electronics,Surat,Online,Credit Card,5,27038.03,0.05,135190.15,128430.64,0,28465.83,2024,6,June,Tuesday,135190.15,128430.64249999999
2024-06-04,ORD028112,CUST03267,P001,Laptop,Electronics,Jaipur,Store,UPI,1,60967.88,0.1,60967.88,54871.09,0,13734.65,2024,6,June,Tuesday,60967.88,54871.092
2024-06-04,ORD029523,CUST03995,P004,Smartwatch,Electronics,Mumbai,Store,UPI,4,6579.07,0.05,26316.28,25000.47,0,6937.39,2024,6,June,Tuesday,26316.28,25000.465999999997
2024-06-04,ORD011088,CUST02811,P003,Headphones,Electronics,Mumbai,Online,UPI,1,4614.7,0.1,4614.7,4153.23,0,456.24,2024,6,June,Tuesday,4614.7,4153.23
2024-06-04,ORD017452,CUST03939,P004,Smartwatch,Electronics,Chennai,Online,Net Banking,1,6769.75,0.1,6769.75,6092.78,0,666.65,2024,6,June,Tuesday,6769.75,6092.775000000001
2024-06-04,ORD019621,CUST03845,P012,Air Fryer,Home,Pune,Online,UPI,1,6829.59,0.1,6829.59,6146.63,0,496.97,2024,6,June,Tuesday,6829.59,6146.631
2024-06-04,ORD048646,CUST01200,P016,Sofa,Furniture,Ahmedabad,Online,UPI,4,35154.98,0.1,140619.92,126557.93,0,27806.05,2024,6,June,Tuesday,140619.92,126557.92800000001
2024-06-04,ORD046099,CUST00426,P012,Air Fryer,Home,Ahmedabad,Online,Credit Card,1,6655.99,0.1,6655.99,5990.39,0,1426.94,2024,6,June,Tuesday,6655.99,5990.391
2024-06-04,ORD016823,CUST04716,P005,Office Chair,Furniture,Bengaluru,Online,UPI,1,9136.37,0.2,9136.37,7309.1,0,1797.56,2024,6,June,Tuesday,9136.37,7309.096000000001
2024-06-04,ORD017342,CUST03654,P002,Smartphone,Electronics,Hyderabad,Online,UPI,1,26270.44,0.15,26270.44,22329.87,1,-1116.49,2024,6,June,Tuesday,26270.44,22329.874
2024-06-04,ORD032385,CUST01247,P013,Monitor,Electronics,Kolkata,Online,Credit Card,2,16714.92,0.1,33429.84,30086.86,0,4048.57,2024,6,June,Tuesday,33429.84,30086.855999999996
2024-06-04,ORD024802,CUST01621,P018,Jacket,Fashion,Jaipur,Online,Credit Card,2,5388.25,0.1,10776.5,9698.85,0,2660.05,2024,6,June,Tuesday,10776.5,9698.85
2024-06-04,ORD002779,CUST03969,P008,Running Shoes,Fashion,Pune,Online,Cash,2,3788.73,0.05,7577.46,7198.59,0,1881.49,2024,6,June,Tuesday,7577.46,7198.5869999999995
2024-06-04,ORD003660,CUST04976,P004,Smartwatch,Electronics,Bengaluru,Online,UPI,2,6742.31,0.2,13484.62,10787.7,0,2565.47,2024,6,June,Tuesday,13484.62,10787.696000000002
2024-06-04,ORD020281,CUST00635,P016,Sofa,Furniture,Jaipur,Store,Credit Card,4,34439.63,0.05,137758.52,130870.59,0,23426.85,2024,6,June,Tuesday,137758.52,130870.59399999998
2024-06-04,ORD004795,CUST03099,P009,T-Shirt,Fashion,Jaipur,Store,UPI,5,1271.29,0.1,6356.45,5720.8,0,1361.8,2024,6,June,Tuesday,6356.45,5720.805
2024-06-04,ORD038449,CUST04260,P020,Microwave,Home,Chennai,Online,Net Banking,1,10416.45,0.15,10416.45,8853.98,0,2215.97,2024,6,June,Tuesday,10416.45,8853.9825
2024-06-04,ORD012426,CUST01051,P002,Smartphone,Electronics,Delhi,Online,UPI,1,28925.47,0.0,28925.47,28925.47,0,4910.51,2024,6,June,Tuesday,28925.47,28925.47
2024-06-04,ORD025428,CUST02775,P009,T-Shirt,Fashion,Delhi,Online,UPI,1,1122.67,0.05,1122.67,1066.54,0,102.14,2024,6,June,Tuesday,1122.67,1066.5365
2024-06-04,ORD015017,CUST04051,P011,Mixer Grinder,Home,Bengaluru,Store,Credit Card,1,4834.3,0.1,4834.3,4350.87,0,593.99,2024,6,June,Tuesday,4834.3,4350.87
2024-06-04,ORD046561,CUST04660,P020,Microwave,Home,Ahmedabad,Online,UPI,1,11267.74,0.2,11267.74,9014.19,0,2309.11,2024,6,June,Tuesday,11267.74,9014.192000000001
2024-06-04,ORD024721,CUST04773,P017,Jeans,Fashion,Ahmedabad,Online,Debit Card,1,2611.55,0.0,2611.55,2611.55,0,308.48,2024,6,June,Tuesday,2611.55,2611.55
2024-06-04,ORD049245,CUST02553,P016,Sofa,Furniture,Chennai,Store,UPI,4,33370.51,0.1,133482.04,120133.84,0,29300.07,2024,6,June,Tuesday,133482.04,120133.83600000001
2024-06-04,ORD009305,CUST04143,P012,Air Fryer,Home,Surat,Online,Net Banking,1,7128.23,0.05,7128.23,6771.82,0,792.8,2024,6,June,Tuesday,7128.23,6771.818499999999
2024-06-04,ORD045129,CUST04049,P015,Dining Table,Furniture,Pune,Store,Credit Card,2,20001.13,0.0,40002.26,40002.26,0,9216.37,2024,6,June,Tuesday,40002.26,40002.26
2024-06-04,ORD038051,CUST02748,P009,T-Shirt,Fashion,Chennai,Store,UPI,1,1171.88,0.0,1171.88,1171.88,0,270.05,2024,6,June,Tuesday,1171.88,1171.88
2024-06-04,ORD022582,CUST00583,P008,Running Shoes,Fashion,Ahmedabad,Store,UPI,1,4569.75,0.25,4569.75,3427.31,0,537.08,2024,6,June,Tuesday,4569.75,3427.3125
2024-06-04,ORD019357,CUST00899,P004,Smartwatch,Electronics,Jaipur,Online,UPI,3,6725.96,0.05,20177.88,19168.99,1,-958.45,2024,6,June,Tuesday,20177.88,19168.986
2024-06-05,ORD010062,CUST02914,P008,Running Shoes,Fashion,Jaipur,Online,UPI,1,4317.85,0.25,4317.85,3238.39,0,611.06,2024,6,June,Wednesday,4317.85,3238.3875000000003
2024-06-05,ORD035043,CUST04474,P007,Backpack,Accessories,Mumbai,Store,Net Banking,1,2293.09,0.05,2293.09,2178.44,0,527.61,2024,6,June,Wednesday,2293.09,2178.4355
2024-06-05,ORD026843,CUST04998,P007,Backpack,Accessories,Jaipur,Online,Debit Card,3,2237.72,0.1,6713.16,6041.84,0,827.39,2024,6,June,Wednesday,6713.16,6041.844
2024-06-05,ORD026296,CUST02770,P007,Backpack,Accessories,Bengaluru,Online,Credit Card,1,2248.93,0.0,2248.93,2248.93,0,473.73,2024,6,June,Wednesday,2248.93,2248.93
2024-06-05,ORD033950,CUST02064,P010,Coffee Maker,Home,Jaipur,Online,UPI,1,5975.38,0.1,5975.38,5377.84,0,1349.42,2024,6,June,Wednesday,5975.38,5377.842000000001
2024-06-05,ORD015300,CUST01436,P016,Sofa,Furniture,Hyderabad,Store,Credit Card,1,36724.98,0.25,36724.98,27543.74,0,5006.78,2024,6,June,Wednesday,36724.98,27543.735
2024-06-05,ORD032271,CUST03253,P009,T-Shirt,Fashion,Chennai,Online,UPI,1,1272.4,0.1,1272.4,1145.16,0,192.89,2024,6,June,Wednesday,1272.4,1145.16
2024-06-05,ORD045890,CUST00520,P013,Monitor,Electronics,Delhi,Online,Debit Card,1,16582.72,0.0,16582.72,16582.72,0,2560.42,2024,6,June,Wednesday,16582.72,16582.72
2024-06-05,ORD040027,CUST03080,P012,Air Fryer,Home,Bengaluru,Store,UPI,1,6616.65,0.05,6616.65,6285.82,0,621.1,2024,6,June,Wednesday,6616.65,6285.817499999999
2024-06-05,ORD044349,CUST00551,P020,Microwave,Home,Pune,Store,UPI,2,10990.81,0.0,21981.62,21981.62,0,4361.68,2024,6,June,Wednesday,21981.62,21981.62
2024-06-05,ORD010910,CUST02342,P008,Running Shoes,Fashion,Bengaluru,Online,UPI,2,4613.46,0.1,9226.92,8304.23,0,1681.49,2024,6,June,Wednesday,9226.92,8304.228000000001
2024-06-05,ORD003872,CUST01013,P007,Backpack,Accessories,Hyderabad,Online,Credit Card,1,2308.25,0.05,2308.25,2192.84,0,496.15,2024,6,June,Wednesday,2308.25,2192.8375
2024-06-05,ORD030540,CUST02019,P002,Smartphone,Electronics,Ahmedabad,Store,Credit Card,1,28799.36,0.1,28799.36,25919.42,0,5428.81,2024,6,June,Wednesday,28799.36,25919.424000000003
2024-06-05,ORD019332,CUST03054,P008,Running Shoes,Fashion,Pune,Online,Credit Card,1,4209.99,0.05,4209.99,3999.49,0,968.83,2024,6,June,Wednesday,4209.99,3999.4904999999994
2024-06-05,ORD043962,CUST01563,P011,Mixer Grinder,Home,Chennai,Online,UPI,1,4820.95,0.0,4820.95,4820.95,0,1048.04,2024,6,June,Wednesday,4820.95,4820.95
2024-06-05,ORD027018,CUST01141,P006,Desk,Furniture,Kolkata,Online,UPI,1,12472.62,0.05,12472.62,11848.99,0,3096.14,2024,6,June,Wednesday,12472.62,11848.989
2024-06-05,ORD035742,CUST02675,P015,Dining Table,Furniture,Delhi,Online,Credit Card,1,21025.1,0.1,21025.1,18922.59,0,3278.29,2024,6,June,Wednesday,21025.1,18922.59
2024-06-05,ORD000121,CUST01099,P002,Smartphone,Electronics,Pune,Store,Debit Card,1,27586.62,0.25,27586.62,20689.96,0,1365.48,2024,6,June,Wednesday,27586.62,20689.965
2024-06-05,ORD038648,CUST01548,P007,Backpack,Accessories,Bengaluru,Online,UPI,2,2309.67,0.0,4619.34,4619.34,0,715.17,2024,6,June,Wednesday,4619.34,4619.34
2024-06-05,ORD011135,CUST00305,P017,Jeans,Fashion,Surat,Online,Credit Card,1,2566.62,0.05,2566.62,2438.29,0,497.28,2024,6,June,Wednesday,2566.62,2438.2889999999998
2024-06-05,ORD035390,CUST03978,P014,Keyboard,Electronics,Jaipur,Online,Cash,1,2280.02,0.15,2280.02,1938.02,0,157.84,2024,6,June,Wednesday,2280.02,1938.0169999999998
2024-06-05,ORD027728,CUST02139,P003,Headphones,Electronics,Ahmedabad,Online,UPI,1,4437.73,0.0,4437.73,4437.73,0,983.19,2024,6,June,Wednesday,4437.73,4437.73
2024-06-05,ORD034307,CUST00968,P006,Desk,Furniture,Jaipur,Store,Debit Card,1,11410.64,0.1,11410.64,10269.58,0,2397.89,2024,6,June,Wednesday,11410.64,10269.576
2024-06-05,ORD020109,CUST00168,P003,Headphones,Electronics,Hyderabad,Online,Cash,1,4434.81,0.05,4434.81,4213.07,0,928.05,2024,6,June,Wednesday,4434.81,4213.0695000000005
2024-06-05,ORD030723,CUST02088,P012,Air Fryer,Home,Jaipur,Store,Debit Card,4,7444.53,0.05,29778.12,28289.21,0,3994.79,2024,6,June,Wednesday,29778.12,28289.213999999996
2024-06-05,ORD045453,CUST02650,P003,Headphones,Electronics,Delhi,Store,UPI,2,4095.17,0.15,8190.34,6961.79,0,1695.85,2024,6,June,Wednesday,8190.34,6961.789
2024-06-05,ORD032858,CUST03347,P015,Dining Table,Furniture,Surat,Store,UPI,1,20236.75,0.1,20236.75,18213.08,0,1980.65,2024,6,June,Wednesday,20236.75,18213.075
2024-06-05,ORD035858,CUST02343,P003,Headphones,Electronics,Delhi,Online,UPI,2,4642.79,0.25,9285.58,6964.18,0,504.93,2024,6,June,Wednesday,9285.58,6964.1849999999995
2024-06-05,ORD019014,CUST01241,P013,Monitor,Electronics,Delhi,Store,Net Banking,5,18447.79,0.0,92238.95,92238.95,0,8749.86,2024,6,June,Wednesday,92238.95000000001,92238.95
2024-06-05,ORD005958,CUST03611,P007,Backpack,Accessories,Jaipur,Online,Debit Card,1,2317.98,0.1,2317.98,2086.18,0,274.5,2024,6,June,Wednesday,2317.98,2086.1820000000002
2024-06-05,ORD025310,CUST02344,P004,Smartwatch,Electronics,Pune,Store,Cash,1,6886.34,0.1,6886.34,6197.71,0,431.48,2024,6,June,Wednesday,6886.34,6197.706
2024-06-05,ORD045413,CUST00693,P002,Smartphone,Electronics,Pune,Online,Debit Card,1,28088.67,0.05,28088.67,26684.24,0,2740.04,2024,6,June,Wednesday,28088.67,26684.236499999995
2024-06-05,ORD038799,CUST00733,P011,Mixer Grinder,Home,Bengaluru,Online,UPI,1,4682.44,0.25,4682.44,3511.83,0,679.69,2024,6,June,Wednesday,4682.44,3511.83
2024-06-05,ORD009264,CUST01476,P003,Headphones,Electronics,Chennai,Online,UPI,1,4158.73,0.0,4158.73,4158.73,0,940.53,2024,6,June,Wednesday,4158.73,4158.73
2024-06-05,ORD040123,CUST01137,P016,Sofa,Furniture,Hyderabad,Online,Debit Card,1,36565.39,0.1,36565.39,32908.85,0,7338.61,2024,6,June,Wednesday,36565.39,32908.851
2024-06-05,ORD048807,CUST04764,P016,Sofa,Furniture,Pune,Online,UPI,2,34386.98,0.15,68773.96,58457.87,0,9761.95,2024,6,June,Wednesday,68773.96,58457.866
2024-06-05,ORD001895,CUST01290,P009,T-Shirt,Fashion,Hyderabad,Store,UPI,1,1188.69,0.2,1188.69,950.95,0,46.38,2024,6,June,Wednesday,1188.69,950.9520000000001
2024-06-05,ORD007207,CUST00165,P001,Laptop,Electronics,Kolkata,Online,Credit Card,1,68537.0,0.25,68537.0,51402.75,0,5547.14,2024,6,June,Wednesday,68537.0,51402.75
2024-06-05,ORD020342,CUST02339,P013,Monitor,Electronics,Jaipur,Online,UPI,1,19771.35,0.0,19771.35,19771.35,0,2457.95,2024,6,June,Wednesday,19771.35,19771.35
2024-06-05,ORD011896,CUST01168,P009,T-Shirt,Fashion,Kolkata,Online,UPI,5,1311.02,0.1,6555.1,5899.59,0,797.74,2024,6,June,Wednesday,6555.1,5899.59
2024-06-05,ORD029586,CUST02255,P012,Air Fryer,Home,Ahmedabad,Online,UPI,1,6672.57,0.1,6672.57,6005.31,0,1484.14,2024,6,June,Wednesday,6672.57,6005.313
2024-06-05,ORD020866,CUST01284,P016,Sofa,Furniture,Pune,Online,UPI,1,32018.37,0.0,32018.37,32018.37,0,2918.18,2024,6,June,Wednesday,32018.37,32018.37
2024-06-05,ORD043682,CUST01097,P019,Vacuum Cleaner,Home,Ahmedabad,Store,Cash,1,8780.5,0.15,8780.5,7463.42,0,830.13,2024,6,June,Wednesday,8780.5,7463.425
2024-06-05,ORD002668,CUST02473,P008,Running Shoes,Fashion,Delhi,Store,Net Banking,1,4587.25,0.15,4587.25,3899.16,0,935.0,2024,6,June,Wednesday,4587.25,3899.1625
2024-06-05,ORD017079,CUST02384,P015,Dining Table,Furniture,Hyderabad,Online,Cash,1,24066.43,0.05,24066.43,22863.11,1,-1143.16,2024,6,June,Wednesday,24066.43,22863.1085
2024-06-05,ORD011942,CUST03999,P015,Dining Table,Furniture,Bengaluru,Online,UPI,1,21465.43,0.1,21465.43,19318.89,0,4603.3,2024,6,June,Wednesday,21465.43,19318.887000000002
2024-06-05,ORD008591,CUST03716,P001,Laptop,Electronics,Mumbai,Online,UPI,1,70319.35,0.2,70319.35,56255.48,0,10907.67,2024,6,June,Wednesday,70319.35,56255.48000000001
2024-06-05,ORD033391,CUST03230,P005,Office Chair,Furniture,Chennai,Online,UPI,3,8963.69,0.05,26891.07,25546.52,0,3368.78,2024,6,June,Wednesday,26891.07,25546.516499999998
2024-06-05,ORD036608,CUST03359,P001,Laptop,Electronics,Surat,Store,Credit Card,1,60380.38,0.05,60380.38,57361.36,1,-2868.07,2024,6,June,Wednesday,60380.38,57361.361
2024-06-05,ORD031393,CUST02046,P010,Coffee Maker,Home,Delhi,Store,UPI,5,5274.88,0.15,26374.4,22418.24,0,1657.85,2024,6,June,Wednesday,26374.4,22418.24
2024-06-05,ORD011960,CUST04876,P013,Monitor,Electronics,Delhi,Online,Credit Card,1,18179.18,0.1,18179.18,16361.26,0,3122.71,2024,6,June,Wednesday,18179.18,16361.262
2024-06-05,ORD042718,CUST02789,P002,Smartphone,Electronics,Ahmedabad,Online,Debit Card,1,28438.98,0.05,28438.98,27017.03,0,5721.8,2024,6,June,Wednesday,28438.98,27017.031
2024-06-05,ORD038979,CUST03942,P003,Headphones,Electronics,Bengaluru,Online,Credit Card,1,4424.72,0.1,4424.72,3982.25,0,526.35,2024,6,June,Wednesday,4424.72,3982.2480000000005
2024-06-05,ORD017065,CUST04217,P001,Laptop,Electronics,Hyderabad,Online,Cash,4,68718.57,0.1,274874.28,247386.85,0,63031.63,2024,6,June,Wednesday,274874.28,247386.85200000004
2024-06-05,ORD024603,CUST04746,P010,Coffee Maker,Home,Surat,Store,Debit Card,1,5449.67,0.2,5449.67,4359.74,1,-217.99,2024,6,June,Wednesday,5449.67,4359.736
2024-06-05,ORD004295,CUST02061,P009,T-Shirt,Fashion,Chennai,Online,Credit Card,1,1152.27,0.25,1152.27,864.2,0,145.79,2024,6,June,Wednesday,1152.27,864.2025
2024-06-05,ORD027511,CUST03353,P014,Keyboard,Electronics,Bengaluru,Store,Debit Card,1,2256.09,0.2,2256.09,1804.87,1,-90.24,2024,6,June,Wednesday,2256.09,1804.8720000000003
2024-06-05,ORD027257,CUST02972,P005,Office Chair,Furniture,Kolkata,Online,Credit Card,2,9033.45,0.05,18066.9,17163.56,0,2961.16,2024,6,June,Wednesday,18066.9,17163.555
2024-06-05,ORD006475,CUST02914,P009,T-Shirt,Fashion,Pune,Online,UPI,1,1245.24,0.0,1245.24,1245.24,0,367.06,2024,6,June,Wednesday,1245.24,1245.24
2024-06-05,ORD046371,CUST01641,P014,Keyboard,Electronics,Delhi,Online,Credit Card,5,2367.73,0.1,11838.65,10654.78,0,1325.46,2024,6,June,Wednesday,11838.65,10654.785
2024-06-05,ORD036385,CUST00131,P003,Headphones,Electronics,Ahmedabad,Store,UPI,2,4754.71,0.1,9509.42,8558.48,0,1525.42,2024,6,June,Wednesday,9509.42,8558.478000000001
2024-06-05,ORD024648,CUST04780,P014,Keyboard,Electronics,Mumbai,Store,Debit Card,1,2269.44,0.1,2269.44,2042.5,0,426.54,2024,6,June,Wednesday,2269.44,2042.496
2024-06-05,ORD028375,CUST00649,P018,Jacket,Fashion,Mumbai,Store,UPI,3,5058.56,0.15,15175.68,12899.33,0,2188.69,2024,6,June,Wednesday,15175.68,12899.328
2024-06-06,ORD022736,CUST04901,P017,Jeans,Fashion,Chennai,Online,Cash,1,2801.65,0.15,2801.65,2381.4,0,377.55,2024,6,June,Thursday,2801.65,2381.4025
2024-06-06,ORD010318,CUST00528,P014,Keyboard,Electronics,Ahmedabad,Online,Net Banking,1,2476.42,0.2,2476.42,1981.14,0,266.93,2024,6,June,Thursday,2476.42,1981.1360000000002
2024-06-06,ORD001465,CUST04115,P016,Sofa,Furniture,Chennai,Online,UPI,1,33129.41,0.05,33129.41,31472.94,0,7334.37,2024,6,June,Thursday,33129.41,31472.9395
2024-06-06,ORD013347,CUST04791,P013,Monitor,Electronics,Bengaluru,Store,Credit Card,1,16270.13,0.2,16270.13,13016.1,1,-650.81,2024,6,June,Thursday,16270.13,13016.104
2024-06-06,ORD023066,CUST00054,P003,Headphones,Electronics,Delhi,Store,UPI,1,4226.39,0.0,4226.39,4226.39,0,1153.23,2024,6,June,Thursday,4226.39,4226.39
2024-06-06,ORD012046,CUST03078,P013,Monitor,Electronics,Kolkata,Online,Credit Card,1,17128.21,0.1,17128.21,15415.39,0,2517.23,2024,6,June,Thursday,17128.21,15415.389
2024-06-06,ORD049271,CUST04943,P010,Coffee Maker,Home,Pune,Store,UPI,1,5288.58,0.0,5288.58,5288.58,0,878.9,2024,6,June,Thursday,5288.58,5288.58
2024-06-06,ORD045254,CUST04889,P013,Monitor,Electronics,Delhi,Online,UPI,1,19591.65,0.05,19591.65,18612.07,0,2497.31,2024,6,June,Thursday,19591.65,18612.0675
2024-06-06,ORD046170,CUST04986,P004,Smartwatch,Electronics,Jaipur,Online,UPI,1,7516.49,0.05,7516.49,7140.67,0,1322.2,2024,6,June,Thursday,7516.49,7140.665499999999
2024-06-06,ORD026197,CUST01933,P018,Jacket,Fashion,Hyderabad,Online,UPI,1,4799.22,0.0,4799.22,4799.22,0,1000.07,2024,6,June,Thursday,4799.22,4799.22
2024-06-06,ORD045278,CUST03771,P014,Keyboard,Electronics,Bengaluru,Online,UPI,5,2337.04,0.1,11685.2,10516.68,0,1408.74,2024,6,June,Thursday,11685.2,10516.68
2024-06-06,ORD038705,CUST00303,P018,Jacket,Fashion,Pune,Store,UPI,1,4788.91,0.1,4788.91,4310.02,0,338.04,2024,6,June,Thursday,4788.91,4310.019
2024-06-06,ORD042645,CUST03918,P012,Air Fryer,Home,Mumbai,Store,Credit Card,1,6773.31,0.15,6773.31,5757.31,0,353.29,2024,6,June,Thursday,6773.31,5757.3135
2024-06-06,ORD014572,CUST04926,P012,Air Fryer,Home,Bengaluru,Store,Debit Card,1,7465.96,0.0,7465.96,7465.96,0,1609.97,2024,6,June,Thursday,7465.96,7465.96
2024-06-06,ORD005655,CUST02419,P008,Running Shoes,Fashion,Kolkata,Online,UPI,2,4373.55,0.05,8747.1,8309.75,0,1202.59,2024,6,June,Thursday,8747.1,8309.745
2024-06-06,ORD018053,CUST01693,P018,Jacket,Fashion,Mumbai,Online,Net Banking,5,5086.51,0.2,25432.55,20346.04,0,1181.84,2024,6,June,Thursday,25432.550000000003,20346.04
2024-06-06,ORD034258,CUST02206,P011,Mixer Grinder,Home,Kolkata,Online,Credit Card,5,4816.23,0.05,24081.15,22877.09,0,5909.2,2024,6,June,Thursday,24081.149999999998,22877.0925
2024-06-06,ORD003844,CUST03176,P010,Coffee Maker,Home,Kolkata,Online,Credit Card,5,5814.26,0.05,29071.3,27617.74,0,3606.38,2024,6,June,Thursday,29071.300000000003,27617.734999999997
2024-06-06,ORD041032,CUST02477,P001,Laptop,Electronics,Jaipur,Store,Cash,2,66374.93,0.15,132749.86,112837.38,0,18277.89,2024,6,June,Thursday,132749.86,112837.38099999998
2024-06-06,ORD011679,CUST01422,P019,Vacuum Cleaner,Home,Ahmedabad,Online,Credit Card,1,9342.73,0.15,9342.73,7941.32,0,1804.89,2024,6,June,Thursday,9342.73,7941.3205
2024-06-06,ORD048797,CUST04826,P002,Smartphone,Electronics,Mumbai,Store,Credit Card,1,29355.93,0.05,29355.93,27888.13,0,5601.01,2024,6,June,Thursday,29355.93,27888.1335
2024-06-06,ORD019488,CUST01288,P019,Vacuum Cleaner,Home,Pune,Store,UPI,1,8875.54,0.0,8875.54,8875.54,0,2540.08,2024,6,June,Thursday,8875.54,8875.54
2024-06-06,ORD022150,CUST04446,P015,Dining Table,Furniture,Bengaluru,Store,UPI,2,20298.75,0.0,40597.5,40597.5,0,9557.06,2024,6,June,Thursday,40597.5,40597.5
2024-06-06,ORD033577,CUST04721,P005,Office Chair,Furniture,Jaipur,Online,Credit Card,1,8774.36,0.2,8774.36,7019.49,0,357.95,2024,6,June,Thursday,8774.36,7019.488000000001
2024-06-06,ORD041085,CUST03160,P007,Backpack,Accessories,Surat,Online,Credit Card,2,2022.57,0.0,4045.14,4045.14,0,1200.25,2024,6,June,Thursday,4045.14,4045.14
2024-06-06,ORD037381,CUST00219,P016,Sofa,Furniture,Chennai,Store,UPI,1,38058.71,0.05,38058.71,36155.77,0,6658.51,2024,6,June,Thursday,38058.71,36155.7745
2024-06-06,ORD007062,CUST01623,P012,Air Fryer,Home,Bengaluru,Store,Debit Card,1,7644.27,0.15,7644.27,6497.63,0,838.66,2024,6,June,Thursday,7644.27,6497.6295
2024-06-06,ORD018133,CUST02852,P001,Laptop,Electronics,Jaipur,Store,Cash,1,65322.78,0.1,65322.78,58790.5,0,13457.28,2024,6,June,Thursday,65322.78,58790.502
2024-06-06,ORD040844,CUST01722,P002,Smartphone,Electronics,Kolkata,Store,Credit Card,1,25305.53,0.15,25305.53,21509.7,0,2056.25,2024,6,June,Thursday,25305.53,21509.7005
2024-06-06,ORD023712,CUST04419,P004,Smartwatch,Electronics,Delhi,Online,Cash,1,7057.97,0.2,7057.97,5646.38,0,392.15,2024,6,June,Thursday,7057.97,5646.376
2024-06-06,ORD030378,CUST04883,P011,Mixer Grinder,Home,Jaipur,Online,Credit Card,2,5132.82,0.05,10265.64,9752.36,0,2640.55,2024,6,June,Thursday,10265.64,9752.357999999998
2024-06-06,ORD007725,CUST00685,P013,Monitor,Electronics,Mumbai,Store,UPI,2,17520.96,0.0,35041.92,35041.92,0,8950.15,2024,6,June,Thursday,35041.92,35041.92
2024-06-06,ORD033599,CUST00050,P018,Jacket,Fashion,Ahmedabad,Online,Credit Card,4,5127.33,0.0,20509.32,20509.32,0,5755.71,2024,6,June,Thursday,20509.32,20509.32
2024-06-06,ORD026908,CUST01598,P005,Office Chair,Furniture,Ahmedabad,Store,Credit Card,2,9777.17,0.15,19554.34,16621.19,0,1474.6,2024,6,June,Thursday,19554.34,16621.189
2024-06-06,ORD006041,CUST04982,P005,Office Chair,Furniture,Bengaluru,Online,Debit Card,1,10168.07,0.0,10168.07,10168.07,0,1409.51,2024,6,June,Thursday,10168.07,10168.07
2024-06-06,ORD022018,CUST04096,P010,Coffee Maker,Home,Chennai,Online,Credit Card,1,5426.27,0.2,5426.27,4341.02,0,444.21,2024,6,June,Thursday,5426.27,4341.0160000000005
2024-06-06,ORD041623,CUST00874,P002,Smartphone,Electronics,Chennai,Online,UPI,1,25622.01,0.1,25622.01,23059.81,0,4140.83,2024,6,June,Thursday,25622.01,23059.808999999997
2024-06-06,ORD026885,CUST00161,P012,Air Fryer,Home,Mumbai,Store,Cash,4,7173.48,0.05,28693.92,27259.22,0,4879.11,2024,6,June,Thursday,28693.92,27259.224
2024-06-06,ORD018081,CUST00351,P013,Monitor,Electronics,Ahmedabad,Store,Credit Card,1,18290.23,0.05,18290.23,17375.72,0,2846.61,2024,6,June,Thursday,18290.23,17375.7185
2024-06-06,ORD042095,CUST01320,P013,Monitor,Electronics,Jaipur,Online,Debit Card,1,19706.32,0.05,19706.32,18721.0,0,4979.73,2024,6,June,Thursday,19706.32,18721.003999999997
2024-06-06,ORD024824,CUST01408,P015,Dining Table,Furniture,Kolkata,Online,Credit Card,4,21262.57,0.0,85050.28,85050.28,1,-4252.51,2024,6,June,Thursday,85050.28,85050.28
2024-06-06,ORD037061,CUST03610,P009,T-Shirt,Fashion,Surat,Store,Debit Card,1,1315.39,0.05,1315.39,1249.62,0,135.72,2024,6,June,Thursday,1315.39,1249.6205
2024-06-06,ORD008498,CUST04682,P014,Keyboard,Electronics,Bengaluru,Online,UPI,4,2298.74,0.15,9194.96,7815.72,0,648.25,2024,6,June,Thursday,9194.96,7815.715999999999
2024-06-06,ORD039819,CUST02397,P014,Keyboard,Electronics,Hyderabad,Store,Net Banking,2,2484.52,0.15,4969.04,4223.68,0,624.84,2024,6,June,Thursday,4969.04,4223.684
2024-06-06,ORD018738,CUST04960,P020,Microwave,Home,Chennai,Online,UPI,1,11705.5,0.05,11705.5,11120.22,0,1233.2,2024,6,June,Thursday,11705.5,11120.225
2024-06-06,ORD014530,CUST02041,P005,Office Chair,Furniture,Kolkata,Online,Credit Card,5,10330.25,0.0,51651.25,51651.25,0,4597.55,2024,6,June,Thursday,51651.25,51651.25
2024-06-06,ORD042938,CUST00127,P005,Office Chair,Furniture,Delhi,Store,UPI,1,9506.12,0.05,9506.12,9030.81,0,2324.02,2024,6,June,Thursday,9506.12,9030.814
2024-06-06,ORD031916,CUST00843,P016,Sofa,Furniture,Pune,Store,UPI,1,33345.92,0.2,33345.92,26676.74,0,3744.63,2024,6,June,Thursday,33345.92,26676.736
2024-06-06,ORD020092,CUST02663,P019,Vacuum Cleaner,Home,Ahmedabad,Store,Debit Card,2,8692.93,0.15,17385.86,14777.98,0,1141.8,2024,6,June,Thursday,17385.86,14777.981
2024-06-06,ORD043780,CUST03010,P004,Smartwatch,Electronics,Jaipur,Online,Debit Card,1,6473.8,0.1,6473.8,5826.42,0,1206.76,2024,6,June,Thursday,6473.8,5826.42
2024-06-06,ORD025887,CUST01993,P009,T-Shirt,Fashion,Mumbai,Store,Net Banking,1,1115.59,0.15,1115.59,948.25,0,246.93,2024,6,June,Thursday,1115.59,948.2514999999999
2024-06-06,ORD006804,CUST00951,P002,Smartphone,Electronics,Jaipur,Store,Debit Card,4,29410.33,0.25,117641.32,88230.99,0,5424.59,2024,6,June,Thursday,117641.32,88230.99
2024-06-06,ORD025450,CUST04214,P020,Microwave,Home,Ahmedabad,Online,Credit Card,4,10095.91,0.1,40383.64,36345.28,0,9983.33,2024,6,June,Thursday,40383.64,36345.276
2024-06-06,ORD024136,CUST01926,P018,Jacket,Fashion,Surat,Online,Net Banking,1,4865.06,0.1,4865.06,4378.55,0,725.63,2024,6,June,Thursday,4865.06,4378.554
2024-06-06,ORD043838,CUST03999,P002,Smartphone,Electronics,Mumbai,Store,UPI,5,28618.29,0.1,143091.45,128782.3,0,22677.52,2024,6,June,Thursday,143091.45,128782.30500000001
2024-06-06,ORD018596,CUST00351,P001,Laptop,Electronics,Hyderabad,Store,UPI,1,70495.67,0.15,70495.67,59921.32,0,9203.65,2024,6,June,Thursday,70495.67,59921.3195
2024-06-06,ORD039009,CUST02445,P014,Keyboard,Electronics,Pune,Store,Credit Card,5,2627.84,0.15,13139.2,11168.32,0,1086.31,2024,6,June,Thursday,13139.2,11168.32
2024-06-06,ORD024845,CUST04125,P014,Keyboard,Electronics,Delhi,Online,Net Banking,1,2326.97,0.2,2326.97,1861.58,0,81.91,2024,6,June,Thursday,2326.97,1861.576
2024-06-06,ORD044314,CUST04436,P002,Smartphone,Electronics,Kolkata,Online,Net Banking,1,26335.57,0.0,26335.57,26335.57,0,2714.28,2024,6,June,Thursday,26335.57,26335.57
2024-06-06,ORD047143,CUST01968,P005,Office Chair,Furniture,Mumbai,Store,Credit Card,1,8955.5,0.05,8955.5,8507.72,0,2149.97,2024,6,June,Thursday,8955.5,8507.725
2024-06-06,ORD048833,CUST00669,P004,Smartwatch,Electronics,Ahmedabad,Store,UPI,1,7205.94,0.15,7205.94,6125.05,0,1153.21,2024,6,June,Thursday,7205.94,6125.048999999999
2024-06-06,ORD031793,CUST03419,P015,Dining Table,Furniture,Bengaluru,Online,Credit Card,1,23785.29,0.1,23785.29,21406.76,0,5290.12,2024,6,June,Thursday,23785.29,21406.761000000002
2024-06-06,ORD016073,CUST04648,P012,Air Fryer,Home,Delhi,Store,UPI,1,7374.49,0.1,7374.49,6637.04,0,618.38,2024,6,June,Thursday,7374.49,6637.041
2024-06-06,ORD001314,CUST00066,P008,Running Shoes,Fashion,Delhi,Store,UPI,1,3945.97,0.1,3945.97,3551.37,0,605.06,2024,6,June,Thursday,3945.97,3551.373
2024-06-06,ORD022419,CUST02352,P004,Smartwatch,Electronics,Delhi,Online,Cash,1,7346.75,0.2,7346.75,5877.4,0,530.68,2024,6,June,Thursday,7346.75,5877.400000000001
2024-06-06,ORD005009,CUST00660,P019,Vacuum Cleaner,Home,Surat,Online,UPI,2,9358.55,0.0,18717.1,18717.1,0,2054.69,2024,6,June,Thursday,18717.1,18717.1
2024-06-06,ORD042001,CUST03201,P003,Headphones,Electronics,Bengaluru,Online,Net Banking,3,4311.56,0.05,12934.68,12287.95,0,1047.24,2024,6,June,Thursday,12934.68,12287.946
2024-06-06,ORD010023,CUST02324,P002,Smartphone,Electronics,Pune,Store,Credit Card,1,25273.58,0.25,25273.58,18955.19,0,3594.05,2024,6,June,Thursday,25273.58,18955.185
2024-06-06,ORD035970,CUST04762,P015,Dining Table,Furniture,Surat,Online,UPI,1,20670.21,0.05,20670.21,19636.7,0,4557.41,2024,6,June,Thursday,20670.21,19636.6995
2024-06-06,ORD015594,CUST02245,P016,Sofa,Furniture,Chennai,Online,UPI,1,37269.56,0.05,37269.56,35406.08,0,8438.0,2024,6,June,Thursday,37269.56,35406.081999999995
2024-06-06,ORD021046,CUST04483,P011,Mixer Grinder,Home,Kolkata,Store,UPI,2,4586.24,0.0,9172.48,9172.48,0,1337.68,2024,6,June,Thursday,9172.48,9172.48
2024-06-06,ORD016278,CUST03697,P004,Smartwatch,Electronics,Chennai,Store,Credit Card,1,6393.23,0.05,6393.23,6073.57,0,577.22,2024,6,June,Thursday,6393.23,6073.568499999999
2024-06-07,ORD005134,CUST02513,P019,Vacuum Cleaner,Home,Hyderabad,Online,UPI,1,8565.41,0.1,8565.41,7708.87,0,807.71,2024,6,June,Friday,8565.41,7708.869
2024-06-07,ORD045480,CUST02103,P018,Jacket,Fashion,Pune,Online,Cash,3,4778.26,0.0,14334.78,14334.78,0,3854.59,2024,6,June,Friday,14334.78,14334.78
2024-06-07,ORD022095,CUST02572,P019,Vacuum Cleaner,Home,Bengaluru,Store,Net Banking,1,8363.38,0.0,8363.38,8363.38,0,2113.39,2024,6,June,Friday,8363.38,8363.38
2024-06-07,ORD047969,CUST02182,P015,Dining Table,Furniture,Mumbai,Online,Net Banking,2,20644.78,0.0,41289.56,41289.56,0,9651.46,2024,6,June,Friday,41289.56,41289.56
2024-06-07,ORD018069,CUST03392,P017,Jeans,Fashion,Bengaluru,Online,UPI,2,2699.76,0.05,5399.52,5129.54,1,-256.48,2024,6,June,Friday,5399.52,5129.544
2024-06-07,ORD027360,CUST00852,P005,Office Chair,Furniture,Surat,Online,Debit Card,1,9153.83,0.05,9153.83,8696.14,0,1086.88,2024,6,June,Friday,9153.83,8696.1385
2024-06-07,ORD012085,CUST01789,P006,Desk,Furniture,Jaipur,Online,UPI,1,12079.66,0.1,12079.66,10871.69,0,1575.96,2024,6,June,Friday,12079.66,10871.694
2024-06-07,ORD025930,CUST01429,P020,Microwave,Home,Chennai,Store,Debit Card,1,10791.89,0.1,10791.89,9712.7,0,1031.12,2024,6,June,Friday,10791.89,9712.701
2024-06-07,ORD034705,CUST04730,P001,Laptop,Electronics,Mumbai,Store,Credit Card,1,65553.55,0.15,65553.55,55720.52,0,5652.13,2024,6,June,Friday,65553.55,55720.5175
2024-06-07,ORD009894,CUST04323,P010,Coffee Maker,Home,Surat,Store,UPI,2,5494.73,0.0,10989.46,10989.46,0,2048.15,2024,6,June,Friday,10989.46,10989.46
2024-06-07,ORD044804,CUST00650,P006,Desk,Furniture,Surat,Online,Debit Card,1,10910.74,0.15,10910.74,9274.13,0,2337.6,2024,6,June,Friday,10910.74,9274.128999999999
2024-06-07,ORD038941,CUST03508,P015,Dining Table,Furniture,Chennai,Online,UPI,1,22406.96,0.05,22406.96,21286.61,0,2774.22,2024,6,June,Friday,22406.96,21286.611999999997
2024-06-07,ORD016954,CUST02202,P017,Jeans,Fashion,Ahmedabad,Store,UPI,1,2679.3,0.1,2679.3,2411.37,0,597.32,2024,6,June,Friday,2679.3,2411.3700000000003
2024-06-07,ORD022186,CUST03793,P012,Air Fryer,Home,Kolkata,Store,Credit Card,3,6821.02,0.05,20463.06,19439.91,0,3824.71,2024,6,June,Friday,20463.06,19439.907
2024-06-07,ORD006213,CUST00773,P001,Laptop,Electronics,Mumbai,Online,Debit Card,2,62392.27,0.15,124784.54,106066.86,0,22775.73,2024,6,June,Friday,124784.54,106066.859
2024-06-07,ORD021485,CUST00321,P020,Microwave,Home,Kolkata,Online,Credit Card,1,10800.4,0.1,10800.4,9720.36,0,1176.91,2024,6,June,Friday,10800.4,9720.36
2024-06-07,ORD031394,CUST03208,P008,Running Shoes,Fashion,Mumbai,Online,Debit Card,1,4588.27,0.05,4588.27,4358.86,0,516.11,2024,6,June,Friday,4588.27,4358.8565
2024-06-07,ORD030478,CUST04124,P014,Keyboard,Electronics,Ahmedabad,Online,Debit Card,1,2523.48,0.05,2523.48,2397.31,0,280.95,2024,6,June,Friday,2523.48,2397.306
2024-06-07,ORD015566,CUST04568,P019,Vacuum Cleaner,Home,Surat,Store,Debit Card,1,8984.53,0.15,8984.53,7636.85,1,-381.84,2024,6,June,Friday,8984.53,7636.8505000000005
2024-06-07,ORD006092,CUST00895,P007,Backpack,Accessories,Pune,Online,Net Banking,1,2124.99,0.1,2124.99,1912.49,0,372.65,2024,6,June,Friday,2124.99,1912.4909999999998
2024-06-07,ORD046010,CUST01132,P019,Vacuum Cleaner,Home,Surat,Store,UPI,1,9054.73,0.05,9054.73,8601.99,0,2208.06,2024,6,June,Friday,9054.73,8601.993499999999
2024-06-07,ORD029327,CUST03444,P018,Jacket,Fashion,Kolkata,Online,UPI,1,5459.83,0.05,5459.83,5186.84,0,1347.27,2024,6,June,Friday,5459.83,5186.8385
2024-06-07,ORD022307,CUST00500,P005,Office Chair,Furniture,Bengaluru,Online,Net Banking,5,8693.88,0.05,43469.4,41295.93,0,10647.44,2024,6,June,Friday,43469.399999999994,41295.93
2024-06-07,ORD035623,CUST01411,P019,Vacuum Cleaner,Home,Jaipur,Online,Credit Card,3,9254.99,0.1,27764.97,24988.47,0,5899.64,2024,6,June,Friday,27764.97,24988.473
2024-06-07,ORD009836,CUST02534,P006,Desk,Furniture,Ahmedabad,Online,Credit Card,3,11695.23,0.05,35085.69,33331.41,0,2911.56,2024,6,June,Friday,35085.69,33331.4055
2024-06-07,ORD017388,CUST01088,P020,Microwave,Home,Hyderabad,Store,UPI,2,10180.0,0.1,20360.0,18324.0,0,3480.42,2024,6,June,Friday,20360.0,18324.0
2024-06-07,ORD011417,CUST00396,P013,Monitor,Electronics,Jaipur,Store,Debit Card,4,19031.18,0.15,76124.72,64706.01,0,3930.99,2024,6,June,Friday,76124.72,64706.012
2024-06-07,ORD000273,CUST04782,P011,Mixer Grinder,Home,Bengaluru,Store,Net Banking,2,4643.85,0.2,9287.7,7430.16,0,1177.97,2024,6,June,Friday,9287.7,7430.160000000001
2024-06-07,ORD026084,CUST04419,P017,Jeans,Fashion,Mumbai,Online,UPI,1,2836.72,0.05,2836.72,2694.88,0,581.48,2024,6,June,Friday,2836.72,2694.8839999999996
2024-06-07,ORD046879,CUST01766,P005,Office Chair,Furniture,Chennai,Online,Credit Card,1,9750.1,0.1,9750.1,8775.09,0,1731.42,2024,6,June,Friday,9750.1,8775.09
2024-06-07,ORD031018,CUST03932,P011,Mixer Grinder,Home,Pune,Store,UPI,1,5126.34,0.1,5126.34,4613.71,1,-230.69,2024,6,June,Friday,5126.34,4613.706
2024-06-07,ORD045887,CUST02970,P008,Running Shoes,Fashion,Hyderabad,Store,UPI,1,4020.02,0.0,4020.02,4020.02,0,950.21,2024,6,June,Friday,4020.02,4020.02
2024-06-07,ORD035498,CUST00421,P008,Running Shoes,Fashion,Ahmedabad,Online,UPI,1,4154.59,0.0,4154.59,4154.59,0,1016.33,2024,6,June,Friday,4154.59,4154.59
2024-06-07,ORD007025,CUST02266,P006,Desk,Furniture,Kolkata,Online,UPI,1,11257.29,0.25,11257.29,8442.97,0,794.09,2024,6,June,Friday,11257.29,8442.9675
2024-06-07,ORD043254,CUST01087,P010,Coffee Maker,Home,Ahmedabad,Online,Debit Card,1,5737.85,0.0,5737.85,5737.85,0,1695.58,2024,6,June,Friday,5737.85,5737.85
2024-06-07,ORD009699,CUST00977,P009,T-Shirt,Fashion,Mumbai,Store,Credit Card,1,1288.78,0.15,1288.78,1095.46,0,136.24,2024,6,June,Friday,1288.78,1095.463
2024-06-07,ORD003362,CUST01750,P018,Jacket,Fashion,Surat,Store,Credit Card,3,4760.27,0.15,14280.81,12138.69,0,2045.67,2024,6,June,Friday,14280.810000000001,12138.688499999998
2024-06-07,ORD029119,CUST02617,P006,Desk,Furniture,Hyderabad,Store,UPI,1,12556.14,0.05,12556.14,11928.33,0,2721.75,2024,6,June,Friday,12556.14,11928.332999999999
2024-06-07,ORD027488,CUST04821,P002,Smartphone,Electronics,Chennai,Online,Credit Card,1,26470.78,0.1,26470.78,23823.7,0,1517.64,2024,6,June,Friday,26470.78,23823.702
2024-06-07,ORD043344,CUST01765,P011,Mixer Grinder,Home,Mumbai,Online,UPI,1,4535.29,0.1,4535.29,4081.76,0,342.3,2024,6,June,Friday,4535.29,4081.761
2024-06-07,ORD019857,CUST01735,P004,Smartwatch,Electronics,Hyderabad,Store,UPI,4,7064.65,0.25,28258.6,21193.95,0,3943.92,2024,6,June,Friday,28258.6,21193.949999999997
2024-06-07,ORD034635,CUST04551,P009,T-Shirt,Fashion,Delhi,Store,Credit Card,2,1213.05,0.2,2426.1,1940.88,0,472.49,2024,6,June,Friday,2426.1,1940.88
2024-06-07,ORD032438,CUST02283,P010,Coffee Maker,Home,Ahmedabad,Online,Credit Card,1,5580.29,0.05,5580.29,5301.28,0,1111.75,2024,6,June,Friday,5580.29,5301.2755
2024-06-07,ORD030862,CUST00588,P013,Monitor,Electronics,Jaipur,Online,Credit Card,1,18356.83,0.0,18356.83,18356.83,0,3849.99,2024,6,June,Friday,18356.83,18356.83
2024-06-07,ORD000534,CUST03351,P004,Smartwatch,Electronics,Pune,Online,UPI,3,7544.62,0.05,22633.86,21502.17,0,2323.64,2024,6,June,Friday,22633.86,21502.167
2024-06-07,ORD010951,CUST00853,P011,Mixer Grinder,Home,Kolkata,Store,Debit Card,2,4566.96,0.05,9133.92,8677.22,0,1263.75,2024,6,June,Friday,9133.92,8677.224
2024-06-07,ORD044423,CUST03457,P003,Headphones,Electronics,Hyderabad,Online,UPI,1,4520.23,0.0,4520.23,4520.23,0,650.06,2024,6,June,Friday,4520.23,4520.23
2024-06-07,ORD042225,CUST01141,P013,Monitor,Electronics,Pune,Online,UPI,1,18360.89,0.15,18360.89,15606.76,0,3929.15,2024,6,June,Friday,18360.89,15606.7565
2024-06-07,ORD018963,CUST04505,P003,Headphones,Electronics,Hyderabad,Online,Net Banking,1,4193.69,0.05,4193.69,3984.01,0,744.99,2024,6,June,Friday,4193.69,3984.0054999999993
2024-06-07,ORD000077,CUST04911,P004,Smartwatch,Electronics,Pune,Online,Credit Card,1,7527.47,0.15,7527.47,6398.35,0,1475.95,2024,6,June,Friday,7527.47,6398.3495
2024-06-07,ORD010967,CUST00222,P016,Sofa,Furniture,Pune,Store,UPI,1,32378.93,0.1,32378.93,29141.04,0,5570.43,2024,6,June,Friday,32378.93,29141.037
2024-06-07,ORD024882,CUST03653,P016,Sofa,Furniture,Jaipur,Store,Cash,2,33482.45,0.0,66964.9,66964.9,0,16023.64,2024,6,June,Friday,66964.9,66964.9
2024-06-07,ORD036303,CUST03854,P002,Smartphone,Electronics,Pune,Store,UPI,2,27258.89,0.1,54517.78,49066.0,0,11943.56,2024,6,June,Friday,54517.78,49066.002
2024-06-07,ORD004158,CUST00406,P009,T-Shirt,Fashion,Pune,Online,UPI,2,1098.6,0.05,2197.2,2087.34,0,284.04,2024,6,June,Friday,2197.2,2087.3399999999997
2024-06-07,ORD038117,CUST03639,P001,Laptop,Electronics,Kolkata,Online,Credit Card,2,66125.89,0.15,132251.78,112414.01,1,-5620.7,2024,6,June,Friday,132251.78,112414.01299999999
2024-06-07,ORD027252,CUST01671,P019,Vacuum Cleaner,Home,Hyderabad,Store,Credit Card,2,9520.99,0.0,19041.98,19041.98,0,2230.79,2024,6,June,Friday,19041.98,19041.98
2024-06-07,ORD010783,CUST04180,P012,Air Fryer,Home,Jaipur,Online,UPI,2,6741.13,0.1,13482.26,12134.03,0,2156.77,2024,6,June,Friday,13482.26,12134.034
2024-06-07,ORD006413,CUST00874,P004,Smartwatch,Electronics,Kolkata,Store,UPI,1,6336.12,0.1,6336.12,5702.51,0,484.08,2024,6,June,Friday,6336.12,5702.508
2024-06-07,ORD005568,CUST03386,P004,Smartwatch,Electronics,Pune,Online,UPI,2,6912.95,0.2,13825.9,11060.72,0,1416.76,2024,6,June,Friday,13825.9,11060.720000000001
2024-06-07,ORD007828,CUST03737,P009,T-Shirt,Fashion,Mumbai,Online,Debit Card,1,1183.79,0.05,1183.79,1124.6,0,211.46,2024,6,June,Friday,1183.79,1124.6005
2024-06-07,ORD021920,CUST03657,P007,Backpack,Accessories,Ahmedabad,Online,Credit Card,3,2042.19,0.2,6126.57,4901.26,0,1049.94,2024,6,June,Friday,6126.57,4901.256
2024-06-07,ORD024196,CUST02366,P001,Laptop,Electronics,Mumbai,Online,UPI,3,64005.91,0.2,192017.73,153614.18,0,7261.64,2024,6,June,Friday,192017.73,153614.184
2024-06-07,ORD044686,CUST04392,P014,Keyboard,Electronics,Kolkata,Online,UPI,1,2483.58,0.1,2483.58,2235.22,0,287.19,2024,6,June,Friday,2483.58,2235.222
2024-06-07,ORD016354,CUST04829,P014,Keyboard,Electronics,Mumbai,Store,UPI,1,2597.61,0.05,2597.61,2467.73,0,309.46,2024,6,June,Friday,2597.61,2467.7295
2024-06-07,ORD015148,CUST00345,P006,Desk,Furniture,Surat,Online,UPI,1,12761.46,0.05,12761.46,12123.39,0,2676.29,2024,6,June,Friday,12761.46,12123.386999999999
2024-06-07,ORD017702,CUST00744,P018,Jacket,Fashion,Surat,Online,Credit Card,1,5613.69,0.1,5613.69,5052.32,0,790.35,2024,6,June,Friday,5613.69,5052.321
2024-06-07,ORD046576,CUST00550,P002,Smartphone,Electronics,Jaipur,Online,Credit Card,2,26441.69,0.25,52883.38,39662.53,0,6676.83,2024,6,June,Friday,52883.38,39662.534999999996
2024-06-07,ORD008528,CUST02903,P002,Smartphone,Electronics,Surat,Store,UPI,1,26684.9,0.15,26684.9,22682.16,0,3795.2,2024,6,June,Friday,26684.9,22682.165
2024-06-07,ORD004755,CUST01815,P020,Microwave,Home,Delhi,Online,UPI,2,11323.26,0.1,22646.52,20381.87,0,4557.58,2024,6,June,Friday,22646.52,20381.868000000002
2024-06-07,ORD004001,CUST01918,P003,Headphones,Electronics,Kolkata,Online,UPI,5,4200.51,0.05,21002.55,19952.42,0,3510.08,2024,6,June,Friday,21002.550000000003,19952.422499999997
2024-06-07,ORD024091,CUST01135,P006,Desk,Furniture,Surat,Store,UPI,1,13125.84,0.05,13125.84,12469.55,0,1574.7,2024,6,June,Friday,13125.84,12469.547999999999
2024-06-07,ORD037078,CUST00627,P019,Vacuum Cleaner,Home,Kolkata,Store,UPI,1,9673.44,0.05,9673.44,9189.77,0,1185.56,2024,6,June,Friday,9673.44,9189.768
2024-06-07,ORD007731,CUST03181,P006,Desk,Furniture,Ahmedabad,Store,UPI,3,12438.72,0.1,37316.16,33584.54,0,8043.54,2024,6,June,Friday,37316.159999999996,33584.544
2024-06-08,ORD047885,CUST03638,P019,Vacuum Cleaner,Home,Bengaluru,Store,UPI,1,9871.91,0.0,9871.91,9871.91,0,1795.69,2024,6,June,Saturday,9871.91,9871.91
2024-06-08,ORD031608,CUST01963,P009,T-Shirt,Fashion,Jaipur,Online,Credit Card,1,1140.19,0.0,1140.19,1140.19,0,213.38,2024,6,June,Saturday,1140.19,1140.19
2024-06-08,ORD009660,CUST03056,P007,Backpack,Accessories,Chennai,Online,Credit Card,1,2063.22,0.2,2063.22,1650.58,0,94.28,2024,6,June,Saturday,2063.22,1650.576
2024-06-08,ORD045087,CUST00040,P005,Office Chair,Furniture,Ahmedabad,Online,UPI,2,9542.28,0.1,19084.56,17176.1,0,2977.42,2024,6,June,Saturday,19084.56,17176.104000000003
2024-06-08,ORD026654,CUST01841,P004,Smartwatch,Electronics,Delhi,Online,UPI,1,6582.93,0.1,6582.93,5924.64,0,1252.71,2024,6,June,Saturday,6582.93,5924.637000000001
2024-06-08,ORD011212,CUST03285,P005,Office Chair,Furniture,Jaipur,Online,Credit Card,1,9891.35,0.1,9891.35,8902.22,0,2357.2,2024,6,June,Saturday,9891.35,8902.215
2024-06-08,ORD049378,CUST00121,P003,Headphones,Electronics,Hyderabad,Online,Net Banking,1,4687.24,0.05,4687.24,4452.88,0,748.32,2024,6,June,Saturday,4687.24,4452.878
2024-06-08,ORD012887,CUST00135,P013,Monitor,Electronics,Pune,Online,Net Banking,2,18500.8,0.1,37001.6,33301.44,0,2269.48,2024,6,June,Saturday,37001.6,33301.44
2024-06-08,ORD038788,CUST02767,P018,Jacket,Fashion,Bengaluru,Online,UPI,1,5255.15,0.05,5255.15,4992.39,0,688.36,2024,6,June,Saturday,5255.15,4992.392499999999
2024-06-08,ORD026793,CUST04538,P011,Mixer Grinder,Home,Ahmedabad,Store,UPI,1,4617.47,0.05,4617.47,4386.6,0,882.5,2024,6,June,Saturday,4617.47,4386.5965
2024-06-08,ORD007842,CUST03151,P015,Dining Table,Furniture,Hyderabad,Online,Net Banking,1,23854.77,0.05,23854.77,22662.03,0,6486.14,2024,6,June,Saturday,23854.77,22662.0315
2024-06-08,ORD014293,CUST03066,P020,Microwave,Home,Bengaluru,Store,Debit Card,1,11394.08,0.1,11394.08,10254.67,0,1366.71,2024,6,June,Saturday,11394.08,10254.672
2024-06-08,ORD020126,CUST04898,P005,Office Chair,Furniture,Bengaluru,Online,Credit Card,5,8838.89,0.0,44194.45,44194.45,0,7977.52,2024,6,June,Saturday,44194.45,44194.45
2024-06-08,ORD048673,CUST02121,P001,Laptop,Electronics,Delhi,Store,Net Banking,1,70725.78,0.1,70725.78,63653.2,0,9286.33,2024,6,June,Saturday,70725.78,63653.202
2024-06-08,ORD049095,CUST03276,P010,Coffee Maker,Home,Pune,Online,Credit Card,2,5840.52,0.1,11681.04,10512.94,0,1006.22,2024,6,June,Saturday,11681.04,10512.936000000002
2024-06-08,ORD014388,CUST03569,P017,Jeans,Fashion,Chennai,Online,UPI,2,2666.02,0.1,5332.04,4798.84,0,958.77,2024,6,June,Saturday,5332.04,4798.836
2024-06-08,ORD049267,CUST03597,P015,Dining Table,Furniture,Chennai,Online,Credit Card,2,22523.22,0.1,45046.44,40541.8,0,7482.39,2024,6,June,Saturday,45046.44,40541.796
2024-06-08,ORD007371,CUST04139,P019,Vacuum Cleaner,Home,Surat,Store,UPI,3,9572.03,0.05,28716.09,27280.29,0,5037.92,2024,6,June,Saturday,28716.090000000004,27280.285499999998
2024-06-08,ORD021824,CUST00988,P019,Vacuum Cleaner,Home,Bengaluru,Store,Credit Card,1,9875.64,0.15,9875.64,8394.29,0,1743.05,2024,6,June,Saturday,9875.64,8394.294
2024-06-08,ORD032104,CUST04235,P014,Keyboard,Electronics,Chennai,Online,Net Banking,1,2392.3,0.1,2392.3,2153.07,0,346.86,2024,6,June,Saturday,2392.3,2153.07
2024-06-08,ORD040699,CUST01194,P012,Air Fryer,Home,Hyderabad,Online,Credit Card,4,6543.47,0.05,26173.88,24865.19,0,3170.23,2024,6,June,Saturday,26173.88,24865.186
2024-06-08,ORD016101,CUST00765,P008,Running Shoes,Fashion,Jaipur,Online,UPI,3,4165.17,0.05,12495.51,11870.73,0,2855.23,2024,6,June,Saturday,12495.51,11870.7345
2024-06-08,ORD027395,CUST04968,P012,Air Fryer,Home,Mumbai,Store,UPI,1,7612.78,0.05,7612.78,7232.14,0,1878.88,2024,6,June,Saturday,7612.78,7232.141
2024-06-08,ORD036682,CUST01464,P016,Sofa,Furniture,Ahmedabad,Store,Credit Card,4,31990.32,0.0,127961.28,127961.28,0,16243.09,2024,6,June,Saturday,127961.28,127961.28
2024-06-08,ORD047921,CUST04538,P009,T-Shirt,Fashion,Ahmedabad,Store,Credit Card,2,1189.04,0.2,2378.08,1902.46,0,419.6,2024,6,June,Saturday,2378.08,1902.464
2024-06-08,ORD003917,CUST04525,P016,Sofa,Furniture,Pune,Online,UPI,1,37000.99,0.0,37000.99,37000.99,0,9211.19,2024,6,June,Saturday,37000.99,37000.99
2024-06-08,ORD022771,CUST04899,P018,Jacket,Fashion,Hyderabad,Store,Debit Card,1,5183.98,0.0,5183.98,5183.98,0,1213.02,2024,6,June,Saturday,5183.98,5183.98
2024-06-08,ORD016100,CUST03868,P001,Laptop,Electronics,Bengaluru,Store,Cash,1,68354.47,0.15,68354.47,58101.3,0,8314.87,2024,6,June,Saturday,68354.47,58101.2995
2024-06-08,ORD026418,CUST04704,P017,Jeans,Fashion,Surat,Online,Debit Card,2,2921.47,0.0,5842.94,5842.94,0,1422.21,2024,6,June,Saturday,5842.94,5842.94
2024-06-08,ORD032318,CUST04797,P016,Sofa,Furniture,Ahmedabad,Store,Net Banking,1,36798.48,0.2,36798.48,29438.78,0,3722.31,2024,6,June,Saturday,36798.48,29438.784000000003
2024-06-08,ORD020544,CUST00733,P016,Sofa,Furniture,Delhi,Store,Debit Card,1,34537.56,0.0,34537.56,34537.56,0,3185.75,2024,6,June,Saturday,34537.56,34537.56
2024-06-08,ORD036718,CUST04632,P014,Keyboard,Electronics,Jaipur,Store,Net Banking,1,2297.98,0.1,2297.98,2068.18,0,160.47,2024,6,June,Saturday,2297.98,2068.1820000000002
2024-06-08,ORD032279,CUST02733,P005,Office Chair,Furniture,Ahmedabad,Online,UPI,1,9591.87,0.1,9591.87,8632.68,0,2208.65,2024,6,June,Saturday,9591.87,8632.683
2024-06-08,ORD047920,CUST04887,P008,Running Shoes,Fashion,Pune,Store,UPI,1,4397.09,0.2,4397.09,3517.67,1,-175.88,2024,6,June,Saturday,4397.09,3517.6720000000005
2024-06-08,ORD037848,CUST01876,P019,Vacuum Cleaner,Home,Ahmedabad,Online,UPI,4,9001.97,0.05,36007.88,34207.49,0,4022.37,2024,6,June,Saturday,36007.88,34207.486
2024-06-08,ORD014746,CUST01044,P006,Desk,Furniture,Delhi,Online,UPI,1,13146.1,0.0,13146.1,13146.1,0,1355.64,2024,6,June,Saturday,13146.1,13146.1
2024-06-08,ORD025078,CUST04272,P001,Laptop,Electronics,Bengaluru,Store,UPI,1,61502.16,0.1,61502.16,55351.94,1,-2767.6,2024,6,June,Saturday,61502.16,55351.944
2024-06-08,ORD024072,CUST01441,P012,Air Fryer,Home,Surat,Online,Debit Card,2,7761.28,0.0,15522.56,15522.56,0,3577.6,2024,6,June,Saturday,15522.56,15522.56
2024-06-08,ORD030288,CUST00767,P008,Running Shoes,Fashion,Chennai,Online,UPI,1,4031.78,0.0,4031.78,4031.78,0,425.31,2024,6,June,Saturday,4031.78,4031.78
2024-06-08,ORD013425,CUST03241,P016,Sofa,Furniture,Jaipur,Online,Debit Card,2,37577.79,0.0,75155.58,75155.58,0,6883.11,2024,6,June,Saturday,75155.58,75155.58
2024-06-08,ORD042207,CUST01115,P020,Microwave,Home,Chennai,Store,Debit Card,1,11763.37,0.1,11763.37,10587.03,0,970.8,2024,6,June,Saturday,11763.37,10587.033000000001
2024-06-08,ORD042868,CUST02145,P017,Jeans,Fashion,Hyderabad,Online,UPI,1,2857.61,0.1,2857.61,2571.85,0,540.09,2024,6,June,Saturday,2857.61,2571.849
2024-06-08,ORD049959,CUST01983,P019,Vacuum Cleaner,Home,Ahmedabad,Online,Debit Card,1,8909.87,0.15,8909.87,7573.39,0,510.12,2024,6,June,Saturday,8909.87,7573.3895
2024-06-08,ORD029577,CUST02022,P017,Jeans,Fashion,Mumbai,Online,Cash,1,2924.96,0.05,2924.96,2778.71,0,359.6,2024,6,June,Saturday,2924.96,2778.712
2024-06-08,ORD018745,CUST01613,P013,Monitor,Electronics,Hyderabad,Online,UPI,2,16671.11,0.15,33342.22,28340.89,0,7204.7,2024,6,June,Saturday,33342.22,28340.887
2024-06-08,ORD024235,CUST00948,P014,Keyboard,Electronics,Pune,Online,UPI,1,2524.51,0.0,2524.51,2524.51,1,-126.23,2024,6,June,Saturday,2524.51,2524.51
2024-06-08,ORD001334,CUST03949,P005,Office Chair,Furniture,Mumbai,Online,Credit Card,1,8961.24,0.15,8961.24,7617.05,0,1050.55,2024,6,June,Saturday,8961.24,7617.053999999999
2024-06-08,ORD024580,CUST00597,P010,Coffee Maker,Home,Bengaluru,Online,Debit Card,1,5568.4,0.05,5568.4,5289.98,0,1005.26,2024,6,June,Saturday,5568.4,5289.98
2024-06-08,ORD033470,CUST00938,P017,Jeans,Fashion,Chennai,Store,Credit Card,1,2631.55,0.0,2631.55,2631.55,0,263.67,2024,6,June,Saturday,2631.55,2631.55
2024-06-08,ORD018767,CUST04120,P008,Running Shoes,Fashion,Jaipur,Online,Cash,5,3941.22,0.25,19706.1,14779.58,0,3665.19,2024,6,June,Saturday,19706.1,14779.574999999999
2024-06-08,ORD034414,CUST01617,P002,Smartphone,Electronics,Ahmedabad,Online,Cash,4,28961.85,0.0,115847.4,115847.4,0,11591.11,2024,6,June,Saturday,115847.4,115847.4
2024-06-08,ORD024600,CUST01415,P019,Vacuum Cleaner,Home,Chennai,Store,Debit Card,4,8902.02,0.1,35608.08,32047.27,0,8056.13,2024,6,June,Saturday,35608.08,32047.272
2024-06-08,ORD042503,CUST03635,P013,Monitor,Electronics,Kolkata,Online,Debit Card,1,18663.75,0.15,18663.75,15864.19,0,4143.28,2024,6,June,Saturday,18663.75,15864.1875
2024-06-08,ORD029177,CUST00404,P011,Mixer Grinder,Home,Kolkata,Online,Debit Card,2,4512.05,0.05,9024.1,8572.9,0,1409.25,2024,6,June,Saturday,9024.1,8572.895
2024-06-08,ORD046694,CUST04044,P013,Monitor,Electronics,Surat,Online,UPI,1,19617.23,0.05,19617.23,18636.37,0,2824.16,2024,6,June,Saturday,19617.23,18636.3685
2024-06-08,ORD029870,CUST00623,P017,Jeans,Fashion,Kolkata,Store,UPI,1,2752.88,0.1,2752.88,2477.59,0,343.08,2024,6,June,Saturday,2752.88,2477.592
2024-06-08,ORD028741,CUST03542,P012,Air Fryer,Home,Pune,Online,Credit Card,1,6543.57,0.1,6543.57,5889.21,0,933.52,2024,6,June,Saturday,6543.57,5889.213
2024-06-08,ORD029075,CUST02341,P008,Running Shoes,Fashion,Chennai,Online,Cash,1,4547.27,0.15,4547.27,3865.18,0,288.35,2024,6,June,Saturday,4547.27,3865.1795
2024-06-08,ORD028893,CUST04948,P003,Headphones,Electronics,Ahmedabad,Online,Credit Card,3,4475.25,0.1,13425.75,12083.18,0,2765.59,2024,6,June,Saturday,13425.75,12083.175000000001
2024-06-08,ORD042576,CUST04300,P019,Vacuum Cleaner,Home,Chennai,Store,UPI,1,8942.23,0.1,8942.23,8048.01,0,1681.72,2024,6,June,Saturday,8942.23,8048.007
2024-06-09,ORD040379,CUST01283,P002,Smartphone,Electronics,Hyderabad,Online,Debit Card,1,27172.43,0.1,27172.43,24455.19,0,3594.66,2024,6,June,Sunday,27172.43,24455.187
2024-06-09,ORD028033,CUST03167,P011,Mixer Grinder,Home,Pune,Online,UPI,1,5020.07,0.1,5020.07,4518.06,0,857.07,2024,6,June,Sunday,5020.07,4518.063
2024-06-09,ORD046783,CUST04972,P020,Microwave,Home,Bengaluru,Online,Credit Card,3,11758.14,0.1,35274.42,31746.98,0,3298.23,2024,6,June,Sunday,35274.42,31746.978
2024-06-09,ORD007365,CUST03619,P020,Microwave,Home,Jaipur,Online,Credit Card,4,11753.99,0.05,47015.96,44665.16,0,4076.35,2024,6,June,Sunday,47015.96,44665.162
2024-06-09,ORD032838,CUST02872,P015,Dining Table,Furniture,Surat,Online,Net Banking,1,23109.96,0.0,23109.96,23109.96,0,2370.56,2024,6,June,Sunday,23109.96,23109.96
2024-06-09,ORD030187,CUST00568,P001,Laptop,Electronics,Ahmedabad,Store,UPI,3,61869.52,0.05,185608.56,176328.13,0,41760.24,2024,6,June,Sunday,185608.56,176328.13199999998
2024-06-09,ORD018491,CUST00889,P019,Vacuum Cleaner,Home,Kolkata,Store,Net Banking,1,9094.97,0.25,9094.97,6821.23,1,-341.06,2024,6,June,Sunday,9094.97,6821.227499999999
2024-06-09,ORD048766,CUST00430,P009,T-Shirt,Fashion,Hyderabad,Online,UPI,1,1301.92,0.1,1301.92,1171.73,0,158.97,2024,6,June,Sunday,1301.92,1171.728
2024-06-09,ORD042759,CUST01357,P014,Keyboard,Electronics,Hyderabad,Online,Credit Card,1,2639.07,0.0,2639.07,2639.07,0,490.64,2024,6,June,Sunday,2639.07,2639.07
2024-06-09,ORD024774,CUST02927,P003,Headphones,Electronics,Kolkata,Store,Debit Card,2,4201.19,0.05,8402.38,7982.26,0,1031.05,2024,6,June,Sunday,8402.38,7982.260999999999
2024-06-09,ORD049787,CUST03566,P015,Dining Table,Furniture,Surat,Online,UPI,3,20175.75,0.1,60527.25,54474.52,0,4058.45,2024,6,June,Sunday,60527.25,54474.525
2024-06-09,ORD001120,CUST01968,P010,Coffee Maker,Home,Ahmedabad,Online,Net Banking,1,5358.98,0.15,5358.98,4555.13,0,958.32,2024,6,June,Sunday,5358.98,4555.133
2024-06-09,ORD047737,CUST03182,P007,Backpack,Accessories,Kolkata,Online,Credit Card,1,2121.55,0.05,2121.55,2015.47,0,465.41,2024,6,June,Sunday,2121.55,2015.4725
2024-06-09,ORD027705,CUST00539,P003,Headphones,Electronics,Pune,Store,UPI,2,4727.99,0.05,9455.98,8983.18,0,1870.52,2024,6,June,Sunday,9455.98,8983.180999999999
2024-06-09,ORD000104,CUST04112,P012,Air Fryer,Home,Surat,Store,Credit Card,1,7255.3,0.15,7255.3,6167.0,0,1309.43,2024,6,June,Sunday,7255.3,6167.005
2024-06-09,ORD027668,CUST04014,P004,Smartwatch,Electronics,Mumbai,Online,UPI,1,6937.38,0.2,6937.38,5549.9,1,-277.5,2024,6,June,Sunday,6937.38,5549.904
2024-06-09,ORD010685,CUST03667,P001,Laptop,Electronics,Delhi,Online,Credit Card,4,61122.8,0.05,244491.2,232266.64,0,46309.5,2024,6,June,Sunday,244491.2,232266.64
2024-06-09,ORD012700,CUST02642,P009,T-Shirt,Fashion,Bengaluru,Online,UPI,1,1236.53,0.05,1236.53,1174.7,0,302.08,2024,6,June,Sunday,1236.53,1174.7034999999998
2024-06-09,ORD023569,CUST04787,P015,Dining Table,Furniture,Surat,Online,UPI,1,22909.99,0.15,22909.99,19473.49,0,2800.01,2024,6,June,Sunday,22909.99,19473.4915
2024-06-09,ORD042882,CUST00562,P020,Microwave,Home,Pune,Store,UPI,1,10473.52,0.1,10473.52,9426.17,0,854.58,2024,6,June,Sunday,10473.52,9426.168000000001
2024-06-09,ORD029463,CUST01364,P004,Smartwatch,Electronics,Surat,Store,Net Banking,1,7344.52,0.1,7344.52,6610.07,0,555.14,2024,6,June,Sunday,7344.52,6610.068
2024-06-09,ORD030927,CUST03340,P010,Coffee Maker,Home,Surat,Store,Debit Card,1,5630.93,0.1,5630.93,5067.84,0,1039.34,2024,6,June,Sunday,5630.93,5067.837
2024-06-09,ORD015308,CUST01697,P008,Running Shoes,Fashion,Bengaluru,Online,Credit Card,1,4200.08,0.1,4200.08,3780.07,0,686.56,2024,6,June,Sunday,4200.08,3780.072
2024-06-09,ORD035093,CUST04194,P015,Dining Table,Furniture,Bengaluru,Online,Debit Card,1,21347.58,0.0,21347.58,21347.58,0,4609.61,2024,6,June,Sunday,21347.58,21347.58
2024-06-09,ORD005387,CUST04503,P002,Smartphone,Electronics,Delhi,Online,Net Banking,3,25519.71,0.2,76559.13,61247.3,0,12913.45,2024,6,June,Sunday,76559.13,61247.304000000004
2024-06-09,ORD004164,CUST03774,P008,Running Shoes,Fashion,Ahmedabad,Store,Cash,2,4582.36,0.05,9164.72,8706.48,0,1950.37,2024,6,June,Sunday,9164.72,8706.483999999999
2024-06-09,ORD045571,CUST02661,P013,Monitor,Electronics,Mumbai,Store,Debit Card,1,16743.83,0.0,16743.83,16743.83,0,3628.26,2024,6,June,Sunday,16743.83,16743.83
2024-06-09,ORD037305,CUST04318,P012,Air Fryer,Home,Delhi,Online,Debit Card,1,6832.78,0.0,6832.78,6832.78,0,1598.01,2024,6,June,Sunday,6832.78,6832.78
2024-06-09,ORD017703,CUST04652,P007,Backpack,Accessories,Jaipur,Store,Credit Card,2,2006.55,0.1,4013.1,3611.79,0,238.16,2024,6,June,Sunday,4013.1,3611.79
2024-06-09,ORD024932,CUST00650,P016,Sofa,Furniture,Hyderabad,Online,UPI,2,34915.0,0.1,69830.0,62847.0,0,12812.54,2024,6,June,Sunday,69830.0,62847.0
2024-06-09,ORD001482,CUST01257,P011,Mixer Grinder,Home,Mumbai,Online,UPI,1,4904.72,0.2,4904.72,3923.78,0,488.32,2024,6,June,Sunday,4904.72,3923.7760000000003
2024-06-09,ORD037074,CUST04780,P014,Keyboard,Electronics,Bengaluru,Store,Debit Card,1,2302.63,0.05,2302.63,2187.5,0,414.49,2024,6,June,Sunday,2302.63,2187.4985
2024-06-09,ORD040182,CUST01658,P003,Headphones,Electronics,Kolkata,Online,Credit Card,1,4833.33,0.0,4833.33,4833.33,0,882.7,2024,6,June,Sunday,4833.33,4833.33
2024-06-09,ORD017440,CUST03293,P007,Backpack,Accessories,Pune,Online,UPI,2,2110.65,0.05,4221.3,4010.24,0,1133.95,2024,6,June,Sunday,4221.3,4010.235
2024-06-09,ORD002443,CUST00403,P012,Air Fryer,Home,Jaipur,Online,UPI,1,7029.39,0.05,7029.39,6677.92,0,1529.52,2024,6,June,Sunday,7029.39,6677.9205
2024-06-09,ORD018654,CUST04128,P013,Monitor,Electronics,Hyderabad,Online,Credit Card,2,19463.86,0.1,38927.72,35034.95,0,7718.23,2024,6,June,Sunday,38927.72,35034.948000000004
2024-06-09,ORD029317,CUST00861,P019,Vacuum Cleaner,Home,Pune,Store,Debit Card,1,9240.54,0.2,9240.54,7392.43,0,1572.27,2024,6,June,Sunday,9240.54,7392.432000000001
2024-06-09,ORD004705,CUST00664,P011,Mixer Grinder,Home,Chennai,Store,UPI,2,4523.87,0.2,9047.74,7238.19,0,445.0,2024,6,June,Sunday,9047.74,7238.192
2024-06-09,ORD017763,CUST01954,P008,Running Shoes,Fashion,Pune,Store,Credit Card,2,3926.84,0.1,7853.68,7068.31,0,1446.15,2024,6,June,Sunday,7853.68,7068.312000000001
2024-06-09,ORD026985,CUST03818,P007,Backpack,Accessories,Jaipur,Store,UPI,1,2041.99,0.1,2041.99,1837.79,0,251.72,2024,6,June,Sunday,2041.99,1837.791
2024-06-09,ORD046673,CUST02383,P011,Mixer Grinder,Home,Surat,Store,Credit Card,2,4848.88,0.05,9697.76,9212.87,0,684.52,2024,6,June,Sunday,9697.76,9212.872
2024-06-09,ORD013262,CUST02435,P020,Microwave,Home,Delhi,Online,Credit Card,1,11619.44,0.1,11619.44,10457.5,0,2004.07,2024,6,June,Sunday,11619.44,10457.496000000001
2024-06-09,ORD011280,CUST04855,P016,Sofa,Furniture,Pune,Online,Debit Card,1,34412.04,0.1,34412.04,30970.84,0,7164.73,2024,6,June,Sunday,34412.04,30970.836000000003
2024-06-09,ORD011207,CUST01558,P002,Smartphone,Electronics,Pune,Online,Credit Card,2,30004.96,0.0,60009.92,60009.92,0,10064.68,2024,6,June,Sunday,60009.92,60009.92
2024-06-09,ORD032762,CUST03941,P005,Office Chair,Furniture,Mumbai,Online,UPI,1,10437.87,0.1,10437.87,9394.08,0,2008.95,2024,6,June,Sunday,10437.87,9394.083
2024-06-09,ORD005629,CUST00499,P002,Smartphone,Electronics,Jaipur,Online,Debit Card,3,30211.02,0.15,90633.06,77038.1,0,15479.11,2024,6,June,Sunday,90633.06,77038.101
2024-06-09,ORD042682,CUST01382,P011,Mixer Grinder,Home,Pune,Store,UPI,1,4592.35,0.05,4592.35,4362.73,0,555.48,2024,6,June,Sunday,4592.35,4362.7325
2024-06-09,ORD038147,CUST03294,P003,Headphones,Electronics,Surat,Online,Credit Card,1,4508.07,0.05,4508.07,4282.67,0,986.92,2024,6,June,Sunday,4508.07,4282.666499999999
2024-06-09,ORD026430,CUST00058,P006,Desk,Furniture,Jaipur,Store,Credit Card,1,12243.18,0.1,12243.18,11018.86,0,2373.31,2024,6,June,Sunday,12243.18,11018.862000000001
2024-06-09,ORD008202,CUST02649,P020,Microwave,Home,Kolkata,Store,Credit Card,1,11175.01,0.0,11175.01,11175.01,0,2843.12,2024,6,June,Sunday,11175.01,11175.01
2024-06-09,ORD042598,CUST02337,P002,Smartphone,Electronics,Mumbai,Online,Debit Card,1,26954.17,0.0,26954.17,26954.17,0,4881.69,2024,6,June,Sunday,26954.17,26954.17
2024-06-09,ORD046493,CUST02254,P020,Microwave,Home,Bengaluru,Online,UPI,4,11500.47,0.0,46001.88,46001.88,0,4037.24,2024,6,June,Sunday,46001.88,46001.88
2024-06-09,ORD012953,CUST04885,P009,T-Shirt,Fashion,Bengaluru,Online,UPI,1,1298.64,0.1,1298.64,1168.78,0,212.43,2024,6,June,Sunday,1298.64,1168.776
2024-06-09,ORD036678,CUST00143,P002,Smartphone,Electronics,Bengaluru,Online,Credit Card,1,26601.53,0.0,26601.53,26601.53,0,5676.79,2024,6,June,Sunday,26601.53,26601.53
2024-06-09,ORD016806,CUST01941,P017,Jeans,Fashion,Pune,Store,UPI,4,2732.75,0.1,10931.0,9837.9,0,1260.32,2024,6,June,Sunday,10931.0,9837.9
2024-06-09,ORD011041,CUST04073,P019,Vacuum Cleaner,Home,Kolkata,Online,Debit Card,1,8483.8,0.2,8483.8,6787.04,0,1105.7,2024,6,June,Sunday,8483.8,6787.04
2024-06-09,ORD044959,CUST03231,P002,Smartphone,Electronics,Hyderabad,Online,UPI,1,25475.28,0.2,25475.28,20380.22,0,976.21,2024,6,June,Sunday,25475.28,20380.224000000002
2024-06-09,ORD002398,CUST01426,P006,Desk,Furniture,Hyderabad,Online,Credit Card,3,12072.57,0.0,36217.71,36217.71,0,3647.93,2024,6,June,Sunday,36217.71,36217.71
2024-06-09,ORD001246,CUST03935,P018,Jacket,Fashion,Bengaluru,Online,Debit Card,1,5633.73,0.1,5633.73,5070.36,0,504.83,2024,6,June,Sunday,5633.73,5070.357
2024-06-09,ORD029791,CUST02524,P004,Smartwatch,Electronics,Mumbai,Online,UPI,1,7323.96,0.1,7323.96,6591.56,0,560.74,2024,6,June,Sunday,7323.96,6591.564
2024-06-09,ORD008273,CUST01601,P015,Dining Table,Furniture,Hyderabad,Online,UPI,1,21807.05,0.1,21807.05,19626.34,0,2508.68,2024,6,June,Sunday,21807.05,19626.345
2024-06-09,ORD049922,CUST01001,P017,Jeans,Fashion,Mumbai,Store,Net Banking,5,2532.85,0.1,12664.25,11397.82,0,2906.28,2024,6,June,Sunday,12664.25,11397.825
2024-06-09,ORD045296,CUST01167,P001,Laptop,Electronics,Bengaluru,Online,UPI,1,67840.15,0.2,67840.15,54272.12,0,11121.97,2024,6,June,Sunday,67840.15,54272.119999999995
2024-06-09,ORD000741,CUST00289,P005,Office Chair,Furniture,Kolkata,Store,Net Banking,2,9844.77,0.05,19689.54,18705.06,0,4946.02,2024,6,June,Sunday,19689.54,18705.063
2024-06-09,ORD012925,CUST02940,P005,Office Chair,Furniture,Delhi,Online,Debit Card,1,9647.24,0.05,9647.24,9164.88,0,959.79,2024,6,June,Sunday,9647.24,9164.877999999999
2024-06-09,ORD007892,CUST00156,P002,Smartphone,Electronics,Delhi,Store,Credit Card,3,27798.59,0.0,83395.77,83395.77,0,12108.47,2024,6,June,Sunday,83395.77,83395.77
2024-06-09,ORD036558,CUST02977,P009,T-Shirt,Fashion,Chennai,Online,UPI,1,1290.67,0.0,1290.67,1290.67,0,167.82,2024,6,June,Sunday,1290.67,1290.67
2024-06-09,ORD037768,CUST03288,P001,Laptop,Electronics,Jaipur,Online,UPI,1,60260.8,0.15,60260.8,51221.68,0,11639.81,2024,6,June,Sunday,60260.8,51221.68
2024-06-09,ORD011427,CUST04016,P005,Office Chair,Furniture,Chennai,Online,Net Banking,1,8729.41,0.05,8729.41,8292.94,0,657.03,2024,6,June,Sunday,8729.41,8292.939499999999
2024-06-09,ORD012874,CUST01353,P019,Vacuum Cleaner,Home,Ahmedabad,Online,Credit Card,1,8805.61,0.2,8805.61,7044.49,0,836.54,2024,6,June,Sunday,8805.61,7044.488000000001
2024-06-10,ORD035229,CUST00195,P003,Headphones,Electronics,Hyderabad,Online,Cash,3,4105.61,0.05,12316.83,11700.99,0,1176.02,2024,6,June,Monday,12316.829999999998,11700.9885
2024-06-10,ORD005507,CUST04700,P015,Dining Table,Furniture,Surat,Online,Credit Card,1,22972.29,0.1,22972.29,20675.06,0,5129.79,2024,6,June,Monday,22972.29,20675.061
2024-06-10,ORD035222,CUST00941,P006,Desk,Furniture,Pune,Store,UPI,1,12942.16,0.1,12942.16,11647.94,0,2528.45,2024,6,June,Monday,12942.16,11647.944
2024-06-10,ORD034795,CUST00211,P013,Monitor,Electronics,Delhi,Online,Credit Card,2,17145.43,0.1,34290.86,30861.77,0,6547.21,2024,6,June,Monday,34290.86,30861.774
2024-06-10,ORD042751,CUST01734,P010,Coffee Maker,Home,Kolkata,Online,UPI,2,5993.62,0.2,11987.24,9589.79,0,1212.42,2024,6,June,Monday,11987.24,9589.792
2024-06-10,ORD046009,CUST02444,P018,Jacket,Fashion,Ahmedabad,Online,Cash,1,4853.17,0.2,4853.17,3882.54,0,643.86,2024,6,June,Monday,4853.17,3882.536
2024-06-10,ORD035225,CUST02981,P015,Dining Table,Furniture,Ahmedabad,Online,UPI,1,24193.33,0.1,24193.33,21774.0,0,4374.72,2024,6,June,Monday,24193.33,21773.997000000003
2024-06-10,ORD046133,CUST03488,P006,Desk,Furniture,Jaipur,Online,UPI,1,11291.57,0.1,11291.57,10162.41,0,1398.0,2024,6,June,Monday,11291.57,10162.413
2024-06-10,ORD035024,CUST02019,P020,Microwave,Home,Delhi,Store,UPI,1,10802.05,0.15,10802.05,9181.74,0,504.54,2024,6,June,Monday,10802.05,9181.742499999998
2024-06-10,ORD030558,CUST03744,P003,Headphones,Electronics,Chennai,Online,Credit Card,2,4529.19,0.05,9058.38,8605.46,0,1431.75,2024,6,June,Monday,9058.38,8605.461
2024-06-10,ORD025436,CUST00569,P003,Headphones,Electronics,Ahmedabad,Store,Cash,1,4111.21,0.1,4111.21,3700.09,0,518.39,2024,6,June,Monday,4111.21,3700.089
2024-06-10,ORD012793,CUST01250,P013,Monitor,Electronics,Delhi,Store,UPI,2,18283.14,0.0,36566.28,36566.28,0,5636.99,2024,6,June,Monday,36566.28,36566.28
2024-06-10,ORD041099,CUST01615,P010,Coffee Maker,Home,Surat,Store,UPI,1,6012.23,0.15,6012.23,5110.4,0,1172.05,2024,6,June,Monday,6012.23,5110.3955
2024-06-10,ORD001293,CUST04226,P015,Dining Table,Furniture,Delhi,Store,Net Banking,1,20690.91,0.15,20690.91,17587.27,0,1585.4,2024,6,June,Monday,20690.91,17587.2735
2024-06-10,ORD040860,CUST03899,P011,Mixer Grinder,Home,Surat,Store,Credit Card,2,4631.53,0.05,9263.06,8799.91,0,969.93,2024,6,June,Monday,9263.06,8799.907
2024-06-10,ORD014228,CUST03321,P016,Sofa,Furniture,Ahmedabad,Online,Credit Card,1,31908.14,0.25,31908.14,23931.1,0,1847.92,2024,6,June,Monday,31908.14,23931.105
2024-06-10,ORD024244,CUST02467,P002,Smartphone,Electronics,Pune,Online,Net Banking,1,29420.29,0.1,29420.29,26478.26,0,7038.11,2024,6,June,Monday,29420.29,26478.261000000002
2024-06-10,ORD018211,CUST00013,P016,Sofa,Furniture,Ahmedabad,Store,Debit Card,2,38439.45,0.05,76878.9,73034.95,0,14048.32,2024,6,June,Monday,76878.9,73034.95499999999
2024-06-10,ORD036573,CUST02816,P010,Coffee Maker,Home,Delhi,Store,UPI,4,5622.01,0.0,22488.04,22488.04,0,4064.74,2024,6,June,Monday,22488.04,22488.04
2024-06-10,ORD022215,CUST00489,P013,Monitor,Electronics,Hyderabad,Online,Net Banking,1,16809.06,0.0,16809.06,16809.06,1,-840.45,2024,6,June,Monday,16809.06,16809.06
2024-06-10,ORD009379,CUST03374,P007,Backpack,Accessories,Ahmedabad,Online,Credit Card,1,2094.95,0.1,2094.95,1885.46,0,482.48,2024,6,June,Monday,2094.95,1885.455
2024-06-10,ORD020810,CUST02046,P009,T-Shirt,Fashion,Surat,Online,Debit Card,1,1304.94,0.15,1304.94,1109.2,0,267.73,2024,6,June,Monday,1304.94,1109.199
2024-06-10,ORD033777,CUST01354,P002,Smartphone,Electronics,Hyderabad,Online,UPI,1,25922.55,0.1,25922.55,23330.3,0,6385.33,2024,6,June,Monday,25922.55,23330.295
2024-06-10,ORD024641,CUST01591,P014,Keyboard,Electronics,Delhi,Store,Cash,1,2428.31,0.1,2428.31,2185.48,0,261.82,2024,6,June,Monday,2428.31,2185.479
2024-06-10,ORD023358,CUST02732,P019,Vacuum Cleaner,Home,Ahmedabad,Store,Debit Card,1,8397.85,0.1,8397.85,7558.06,0,1008.48,2024,6,June,Monday,8397.85,7558.0650000000005
2024-06-10,ORD039375,CUST01972,P019,Vacuum Cleaner,Home,Jaipur,Online,UPI,1,8804.46,0.15,8804.46,7483.79,0,743.86,2024,6,June,Monday,8804.46,7483.790999999999
2024-06-10,ORD027115,CUST03666,P012,Air Fryer,Home,Surat,Online,UPI,2,6951.54,0.0,13903.08,13903.08,0,3340.84,2024,6,June,Monday,13903.08,13903.08
2024-06-10,ORD010067,CUST03187,P016,Sofa,Furniture,Ahmedabad,Online,UPI,3,31653.25,0.0,94959.75,94959.75,0,21833.59,2024,6,June,Monday,94959.75,94959.75
2024-06-10,ORD037694,CUST00719,P019,Vacuum Cleaner,Home,Pune,Online,Credit Card,1,9211.01,0.2,9211.01,7368.81,0,428.43,2024,6,June,Monday,9211.01,7368.808000000001
2024-06-10,ORD031769,CUST04199,P003,Headphones,Electronics,Delhi,Store,UPI,2,4538.02,0.15,9076.04,7714.63,1,-385.73,2024,6,June,Monday,9076.04,7714.634000000001
2024-06-10,ORD007133,CUST00517,P007,Backpack,Accessories,Hyderabad,Store,Credit Card,2,2029.52,0.05,4059.04,3856.09,0,828.46,2024,6,June,Monday,4059.04,3856.0879999999997
2024-06-10,ORD006003,CUST03548,P012,Air Fryer,Home,Pune,Store,UPI,2,7441.43,0.2,14882.86,11906.29,0,866.71,2024,6,June,Monday,14882.86,11906.288
2024-06-10,ORD042081,CUST01658,P001,Laptop,Electronics,Pune,Online,Credit Card,1,70396.88,0.05,70396.88,66877.04,0,5807.64,2024,6,June,Monday,70396.88,66877.03600000001
2024-06-10,ORD039042,CUST03281,P005,Office Chair,Furniture,Chennai,Store,UPI,2,10013.25,0.1,20026.5,18023.85,0,1400.64,2024,6,June,Monday,20026.5,18023.850000000002
2024-06-10,ORD004764,CUST00639,P010,Coffee Maker,Home,Bengaluru,Store,UPI,1,5211.25,0.05,5211.25,4950.69,0,780.4,2024,6,June,Monday,5211.25,4950.6875
2024-06-10,ORD037645,CUST02304,P019,Vacuum Cleaner,Home,Ahmedabad,Online,UPI,1,8563.08,0.1,8563.08,7706.77,0,581.7,2024,6,June,Monday,8563.08,7706.772
2024-06-10,ORD043607,CUST01566,P007,Backpack,Accessories,Chennai,Store,Cash,2,2386.58,0.05,4773.16,4534.5,0,1223.03,2024,6,June,Monday,4773.16,4534.5019999999995
2024-06-10,ORD038261,CUST03474,P019,Vacuum Cleaner,Home,Kolkata,Online,UPI,2,9754.9,0.05,19509.8,18534.31,0,2666.48,2024,6,June,Monday,19509.8,18534.309999999998
2024-06-10,ORD029866,CUST03505,P020,Microwave,Home,Hyderabad,Online,Credit Card,2,10439.3,0.0,20878.6,20878.6,0,2309.26,2024,6,June,Monday,20878.6,20878.6
2024-06-10,ORD020520,CUST01440,P014,Keyboard,Electronics,Delhi,Store,Credit Card,2,2286.88,0.25,4573.76,3430.32,0,787.81,2024,6,June,Monday,4573.76,3430.32
2024-06-10,ORD038220,CUST03165,P006,Desk,Furniture,Jaipur,Store,Debit Card,1,12328.04,0.1,12328.04,11095.24,0,1151.61,2024,6,June,Monday,12328.04,11095.236
2024-06-10,ORD047642,CUST04406,P014,Keyboard,Electronics,Jaipur,Online,Net Banking,4,2684.61,0.1,10738.44,9664.6,0,1871.43,2024,6,June,Monday,10738.44,9664.596000000001
2024-06-10,ORD033658,CUST04586,P017,Jeans,Fashion,Kolkata,Store,UPI,1,2593.08,0.1,2593.08,2333.77,0,281.25,2024,6,June,Monday,2593.08,2333.772
2024-06-10,ORD034062,CUST04618,P018,Jacket,Fashion,Chennai,Online,Net Banking,2,4895.47,0.15,9790.94,8322.3,0,678.53,2024,6,June,Monday,9790.94,8322.299
2024-06-10,ORD027964,CUST02398,P015,Dining Table,Furniture,Delhi,Online,Credit Card,1,23296.41,0.05,23296.41,22131.59,0,5576.52,2024,6,June,Monday,23296.41,22131.5895
2024-06-10,ORD017111,CUST00985,P020,Microwave,Home,Chennai,Online,Debit Card,1,11617.89,0.1,11617.89,10456.1,0,768.12,2024,6,June,Monday,11617.89,10456.101
2024-06-10,ORD040485,CUST01209,P013,Monitor,Electronics,Kolkata,Online,Debit Card,2,18150.5,0.05,36301.0,34485.95,0,9533.87,2024,6,June,Monday,36301.0,34485.95
2024-06-10,ORD006937,CUST03584,P008,Running Shoes,Fashion,Jaipur,Store,UPI,1,4570.52,0.0,4570.52,4570.52,0,1312.69,2024,6,June,Monday,4570.52,4570.52
2024-06-10,ORD015010,CUST02231,P020,Microwave,Home,Chennai,Online,UPI,2,10335.98,0.05,20671.96,19638.36,0,5189.06,2024,6,June,Monday,20671.96,19638.361999999997
2024-06-10,ORD010292,CUST03713,P008,Running Shoes,Fashion,Delhi,Online,Cash,2,4477.49,0.1,8954.98,8059.48,0,826.33,2024,6,June,Monday,8954.98,8059.482
2024-06-10,ORD009177,CUST03292,P012,Air Fryer,Home,Ahmedabad,Store,Debit Card,3,7270.58,0.0,21811.74,21811.74,1,-1090.59,2024,6,June,Monday,21811.739999999998,21811.74
2024-06-10,ORD017302,CUST03834,P004,Smartwatch,Electronics,Jaipur,Store,UPI,4,7171.06,0.0,28684.24,28684.24,0,3952.55,2024,6,June,Monday,28684.24,28684.24
2024-06-10,ORD010307,CUST04624,P017,Jeans,Fashion,Pune,Store,Cash,1,2652.44,0.0,2652.44,2652.44,0,276.28,2024,6,June,Monday,2652.44,2652.44
2024-06-10,ORD032530,CUST03048,P009,T-Shirt,Fashion,Delhi,Online,Credit Card,4,1136.12,0.05,4544.48,4317.26,0,1195.76,2024,6,June,Monday,4544.48,4317.255999999999
2024-06-10,ORD044629,CUST00659,P006,Desk,Furniture,Chennai,Online,Credit Card,2,10802.44,0.15,21604.88,18364.15,0,1807.48,2024,6,June,Monday,21604.88,18364.148
2024-06-10,ORD031190,CUST02140,P012,Air Fryer,Home,Delhi,Online,Credit Card,2,7842.07,0.05,15684.14,14899.93,0,2789.3,2024,6,June,Monday,15684.14,14899.932999999999
2024-06-10,ORD029534,CUST00980,P011,Mixer Grinder,Home,Kolkata,Online,Debit Card,1,5244.69,0.2,5244.69,4195.75,0,270.45,2024,6,June,Monday,5244.69,4195.7519999999995
2024-06-10,ORD040371,CUST01850,P012,Air Fryer,Home,Delhi,Online,Debit Card,4,7311.24,0.1,29244.96,26320.46,0,2702.07,2024,6,June,Monday,29244.96,26320.464
2024-06-10,ORD020417,CUST01653,P011,Mixer Grinder,Home,Chennai,Online,Cash,2,5211.08,0.1,10422.16,9379.94,0,2450.44,2024,6,June,Monday,10422.16,9379.944
2024-06-10,ORD001154,CUST04813,P004,Smartwatch,Electronics,Ahmedabad,Store,UPI,5,7138.62,0.05,35693.1,33908.44,0,3249.84,2024,6,June,Monday,35693.1,33908.445
2024-06-10,ORD018588,CUST00001,P008,Running Shoes,Fashion,Mumbai,Online,UPI,1,4061.38,0.05,4061.38,3858.31,0,846.58,2024,6,June,Monday,4061.38,3858.311
2024-06-10,ORD006582,CUST04919,P017,Jeans,Fashion,Jaipur,Online,UPI,3,2645.27,0.1,7935.81,7142.23,0,649.81,2024,6,June,Monday,7935.8099999999995,7142.229
2024-06-10,ORD006437,CUST01405,P014,Keyboard,Electronics,Jaipur,Store,UPI,2,2476.97,0.2,4953.94,3963.15,0,882.79,2024,6,June,Monday,4953.94,3963.152
2024-06-10,ORD039902,CUST00905,P002,Smartphone,Electronics,Delhi,Online,Net Banking,2,28454.09,0.1,56908.18,51217.36,0,12000.91,2024,6,June,Monday,56908.18,51217.362
2024-06-10,ORD001762,CUST04064,P015,Dining Table,Furniture,Delhi,Online,Credit Card,2,24192.5,0.15,48385.0,41127.25,0,8336.97,2024,6,June,Monday,48385.0,41127.25
2024-06-10,ORD029275,CUST02432,P013,Monitor,Electronics,Hyderabad,Online,UPI,1,17422.1,0.1,17422.1,15679.89,0,3736.53,2024,6,June,Monday,17422.1,15679.89
2024-06-10,ORD003368,CUST02555,P015,Dining Table,Furniture,Jaipur,Online,UPI,2,23852.21,0.0,47704.42,47704.42,0,13932.86,2024,6,June,Monday,47704.42,47704.42
2024-06-11,ORD021258,CUST01587,P018,Jacket,Fashion,Hyderabad,Online,Net Banking,1,5453.07,0.05,5453.07,5180.42,1,-259.02,2024,6,June,Tuesday,5453.07,5180.416499999999
2024-06-11,ORD013344,CUST04385,P018,Jacket,Fashion,Pune,Store,UPI,1,5567.12,0.05,5567.12,5288.76,0,588.87,2024,6,June,Tuesday,5567.12,5288.763999999999
2024-06-11,ORD036981,CUST01494,P014,Keyboard,Electronics,Hyderabad,Store,Net Banking,1,2381.56,0.1,2381.56,2143.4,0,141.75,2024,6,June,Tuesday,2381.56,2143.404
2024-06-11,ORD009723,CUST01913,P008,Running Shoes,Fashion,Delhi,Online,Debit Card,2,4442.13,0.2,8884.26,7107.41,0,1065.24,2024,6,June,Tuesday,8884.26,7107.408
2024-06-11,ORD034908,CUST04140,P009,T-Shirt,Fashion,Jaipur,Store,UPI,3,1203.39,0.05,3610.17,3429.66,0,324.58,2024,6,June,Tuesday,3610.17,3429.6614999999997
2024-06-11,ORD016144,CUST03515,P007,Backpack,Accessories,Pune,Store,UPI,1,2027.43,0.15,2027.43,1723.32,0,362.61,2024,6,June,Tuesday,2027.43,1723.3155
2024-06-11,ORD049964,CUST02493,P008,Running Shoes,Fashion,Kolkata,Online,UPI,1,4176.54,0.15,4176.54,3550.06,0,759.2,2024,6,June,Tuesday,4176.54,3550.0589999999997
2024-06-11,ORD029766,CUST01950,P014,Keyboard,Electronics,Surat,Online,Cash,2,2532.58,0.0,5065.16,5065.16,0,1156.0,2024,6,June,Tuesday,5065.16,5065.16
2024-06-11,ORD038852,CUST01073,P011,Mixer Grinder,Home,Surat,Online,UPI,1,4354.24,0.0,4354.24,4354.24,0,872.4,2024,6,June,Tuesday,4354.24,4354.24
2024-06-11,ORD027381,CUST03103,P019,Vacuum Cleaner,Home,Surat,Online,UPI,1,8321.0,0.15,8321.0,7072.85,0,1707.48,2024,6,June,Tuesday,8321.0,7072.849999999999
2024-06-11,ORD030977,CUST01899,P009,T-Shirt,Fashion,Kolkata,Store,Credit Card,1,1086.5,0.1,1086.5,977.85,0,160.82,2024,6,June,Tuesday,1086.5,977.85
2024-06-11,ORD006547,CUST04990,P013,Monitor,Electronics,Delhi,Online,Debit Card,1,18723.01,0.15,18723.01,15914.56,0,2369.91,2024,6,June,Tuesday,18723.01,15914.558499999997
2024-06-11,ORD006443,CUST03155,P008,Running Shoes,Fashion,Chennai,Online,UPI,1,3811.45,0.15,3811.45,3239.73,0,208.33,2024,6,June,Tuesday,3811.45,3239.7324999999996
2024-06-11,ORD005500,CUST01308,P010,Coffee Maker,Home,Ahmedabad,Online,UPI,5,5534.79,0.15,27673.95,23522.86,0,4076.42,2024,6,June,Tuesday,27673.95,23522.8575
2024-06-11,ORD002971,CUST01772,P005,Office Chair,Furniture,Kolkata,Store,UPI,4,8718.48,0.1,34873.92,31386.53,0,5177.98,2024,6,June,Tuesday,34873.92,31386.528
2024-06-11,ORD031055,CUST03375,P017,Jeans,Fashion,Mumbai,Online,UPI,2,2895.76,0.1,5791.52,5212.37,0,1289.49,2024,6,June,Tuesday,5791.52,5212.368
2024-06-11,ORD012565,CUST02101,P004,Smartwatch,Electronics,Chennai,Store,Net Banking,1,6822.06,0.1,6822.06,6139.85,0,822.09,2024,6,June,Tuesday,6822.06,6139.854
2024-06-11,ORD012407,CUST04798,P007,Backpack,Accessories,Surat,Store,Debit Card,1,2195.0,0.05,2195.0,2085.25,0,198.52,2024,6,June,Tuesday,2195.0,2085.25
2024-06-11,ORD039164,CUST02330,P020,Microwave,Home,Hyderabad,Online,Net Banking,1,11549.78,0.05,11549.78,10972.29,0,1608.52,2024,6,June,Tuesday,11549.78,10972.291
2024-06-11,ORD015824,CUST04433,P009,T-Shirt,Fashion,Bengaluru,Store,UPI,3,1273.12,0.25,3819.36,2864.52,0,657.5,2024,6,June,Tuesday,3819.3599999999997,2864.52
2024-06-11,ORD041926,CUST02521,P005,Office Chair,Furniture,Surat,Online,UPI,1,9719.44,0.1,9719.44,8747.5,0,1198.13,2024,6,June,Tuesday,9719.44,8747.496000000001
2024-06-11,ORD013501,CUST00702,P017,Jeans,Fashion,Delhi,Store,Debit Card,5,2871.6,0.1,14358.0,12922.2,0,1920.97,2024,6,June,Tuesday,14358.0,12922.2
2024-06-11,ORD036209,CUST03416,P005,Office Chair,Furniture,Mumbai,Online,Cash,2,9082.21,0.1,18164.42,16347.98,0,4341.42,2024,6,June,Tuesday,18164.42,16347.978
2024-06-11,ORD042992,CUST01411,P005,Office Chair,Furniture,Chennai,Store,Credit Card,2,9063.97,0.0,18127.94,18127.94,0,1511.19,2024,6,June,Tuesday,18127.94,18127.94
2024-06-11,ORD044357,CUST03215,P012,Air Fryer,Home,Delhi,Online,Credit Card,3,6904.77,0.1,20714.31,18642.88,0,3460.51,2024,6,June,Tuesday,20714.31,18642.879
2024-06-11,ORD009380,CUST04936,P018,Jacket,Fashion,Bengaluru,Store,Net Banking,4,5087.94,0.15,20351.76,17299.0,0,1077.49,2024,6,June,Tuesday,20351.76,17298.996
2024-06-11,ORD008871,CUST03174,P005,Office Chair,Furniture,Mumbai,Online,UPI,1,10396.62,0.05,10396.62,9876.79,0,1857.52,2024,6,June,Tuesday,10396.62,9876.789
2024-06-11,ORD017043,CUST00817,P009,T-Shirt,Fashion,Pune,Store,UPI,4,1200.06,0.1,4800.24,4320.22,0,796.9,2024,6,June,Tuesday,4800.24,4320.216
2024-06-11,ORD045518,CUST04237,P013,Monitor,Electronics,Delhi,Store,UPI,1,18226.06,0.25,18226.06,13669.55,0,1094.39,2024,6,June,Tuesday,18226.06,13669.545000000002
2024-06-11,ORD013754,CUST02464,P003,Headphones,Electronics,Surat,Online,UPI,5,4221.55,0.0,21107.75,21107.75,0,3400.04,2024,6,June,Tuesday,21107.75,21107.75
2024-06-11,ORD045533,CUST04120,P003,Headphones,Electronics,Kolkata,Store,Debit Card,1,4206.79,0.25,4206.79,3155.09,0,210.93,2024,6,June,Tuesday,4206.79,3155.0924999999997
2024-06-11,ORD031932,CUST04042,P006,Desk,Furniture,Pune,Store,UPI,4,12897.28,0.0,51589.12,51589.12,0,10044.84,2024,6,June,Tuesday,51589.12,51589.12
2024-06-11,ORD026582,CUST03454,P007,Backpack,Accessories,Pune,Online,UPI,5,2060.09,0.15,10300.45,8755.38,0,2081.29,2024,6,June,Tuesday,10300.45,8755.3825
2024-06-11,ORD000936,CUST04534,P009,T-Shirt,Fashion,Chennai,Online,UPI,1,1241.04,0.1,1241.04,1116.94,0,68.93,2024,6,June,Tuesday,1241.04,1116.936
2024-06-11,ORD019204,CUST03459,P005,Office Chair,Furniture,Mumbai,Store,Cash,1,8913.69,0.05,8913.69,8468.01,0,1097.29,2024,6,June,Tuesday,8913.69,8468.0055
2024-06-11,ORD049381,CUST00515,P018,Jacket,Fashion,Chennai,Online,Credit Card,1,5014.79,0.0,5014.79,5014.79,0,1023.4,2024,6,June,Tuesday,5014.79,5014.79
2024-06-11,ORD030064,CUST03357,P003,Headphones,Electronics,Jaipur,Online,UPI,3,4841.61,0.2,14524.83,11619.86,0,2340.04,2024,6,June,Tuesday,14524.829999999998,11619.864000000001
2024-06-11,ORD008401,CUST00331,P001,Laptop,Electronics,Pune,Store,Net Banking,4,70796.96,0.25,283187.84,212390.88,0,14999.03,2024,6,June,Tuesday,283187.84,212390.88
2024-06-11,ORD014749,CUST03425,P017,Jeans,Fashion,Bengaluru,Online,UPI,3,2765.26,0.15,8295.78,7051.41,0,599.69,2024,6,June,Tuesday,8295.78,7051.4130000000005
2024-06-11,ORD035352,CUST03871,P015,Dining Table,Furniture,Bengaluru,Online,UPI,1,23743.78,0.0,23743.78,23743.78,0,4893.46,2024,6,June,Tuesday,23743.78,23743.78
2024-06-11,ORD001613,CUST01356,P020,Microwave,Home,Kolkata,Online,Net Banking,1,10818.64,0.0,10818.64,10818.64,0,2071.25,2024,6,June,Tuesday,10818.64,10818.64
2024-06-11,ORD041380,CUST04306,P002,Smartphone,Electronics,Kolkata,Online,Credit Card,1,27285.75,0.15,27285.75,23192.89,0,2154.19,2024,6,June,Tuesday,27285.75,23192.8875
2024-06-11,ORD025096,CUST03953,P009,T-Shirt,Fashion,Hyderabad,Store,Net Banking,2,1144.47,0.15,2288.94,1945.6,0,448.21,2024,6,June,Tuesday,2288.94,1945.599
2024-06-11,ORD009313,CUST02569,P003,Headphones,Electronics,Surat,Online,UPI,1,4798.05,0.0,4798.05,4798.05,1,-239.9,2024,6,June,Tuesday,4798.05,4798.05
2024-06-11,ORD019051,CUST02587,P001,Laptop,Electronics,Ahmedabad,Online,UPI,2,60324.1,0.1,120648.2,108583.38,0,17351.79,2024,6,June,Tuesday,120648.2,108583.38
2024-06-11,ORD016068,CUST02998,P011,Mixer Grinder,Home,Hyderabad,Store,UPI,1,5240.23,0.05,5240.23,4978.22,0,783.48,2024,6,June,Tuesday,5240.23,4978.218499999999
2024-06-11,ORD007545,CUST01878,P009,T-Shirt,Fashion,Surat,Online,Debit Card,2,1202.81,0.15,2405.62,2044.78,0,161.89,2024,6,June,Tuesday,2405.62,2044.7769999999998
2024-06-11,ORD043556,CUST00471,P018,Jacket,Fashion,Pune,Store,Debit Card,1,5591.7,0.25,5591.7,4193.77,0,813.5,2024,6,June,Tuesday,5591.7,4193.775
2024-06-11,ORD045422,CUST01001,P013,Monitor,Electronics,Jaipur,Online,Credit Card,1,18743.53,0.0,18743.53,18743.53,0,3800.25,2024,6,June,Tuesday,18743.53,18743.53
2024-06-11,ORD020069,CUST04557,P013,Monitor,Electronics,Delhi,Online,Cash,1,18114.78,0.2,18114.78,14491.82,0,2955.65,2024,6,June,Tuesday,18114.78,14491.824
2024-06-11,ORD019689,CUST00011,P003,Headphones,Electronics,Bengaluru,Online,Debit Card,1,4129.88,0.0,4129.88,4129.88,0,499.88,2024,6,June,Tuesday,4129.88,4129.88
2024-06-11,ORD030586,CUST03653,P012,Air Fryer,Home,Kolkata,Store,UPI,1,7898.8,0.05,7898.8,7503.86,0,2151.85,2024,6,June,Tuesday,7898.8,7503.86
2024-06-11,ORD012624,CUST04229,P004,Smartwatch,Electronics,Jaipur,Online,Debit Card,2,7044.97,0.15,14089.94,11976.45,0,1241.68,2024,6,June,Tuesday,14089.94,11976.449
2024-06-11,ORD015672,CUST04129,P015,Dining Table,Furniture,Ahmedabad,Online,Credit Card,2,23544.97,0.1,47089.94,42380.95,0,11406.56,2024,6,June,Tuesday,47089.94,42380.946
2024-06-11,ORD047146,CUST04905,P006,Desk,Furniture,Mumbai,Store,Debit Card,2,12734.89,0.25,25469.78,19102.34,0,2282.76,2024,6,June,Tuesday,25469.78,19102.335
2024-06-11,ORD037258,CUST04147,P005,Office Chair,Furniture,Jaipur,Online,UPI,3,10013.97,0.1,30041.91,27037.72,0,6276.43,2024,6,June,Tuesday,30041.909999999996,27037.719
2024-06-11,ORD029991,CUST01078,P001,Laptop,Electronics,Chennai,Online,UPI,5,61652.77,0.05,308263.85,292850.66,0,35028.8,2024,6,June,Tuesday,308263.85,292850.6575
2024-06-11,ORD012992,CUST03071,P013,Monitor,Electronics,Chennai,Online,UPI,3,16555.02,0.2,49665.06,39732.05,0,6049.25,2024,6,June,Tuesday,49665.06,39732.048
2024-06-11,ORD021922,CUST01279,P018,Jacket,Fashion,Hyderabad,Online,UPI,5,4826.34,0.25,24131.7,18098.78,0,1163.91,2024,6,June,Tuesday,24131.7,18098.775
2024-06-11,ORD040673,CUST04063,P016,Sofa,Furniture,Chennai,Online,Credit Card,2,31728.99,0.1,63457.98,57112.18,0,3863.48,2024,6,June,Tuesday,63457.98,57112.182
2024-06-11,ORD002520,CUST00653,P003,Headphones,Electronics,Ahmedabad,Online,Credit Card,2,4141.51,0.05,8283.02,7868.87,0,1733.27,2024,6,June,Tuesday,8283.02,7868.869
2024-06-11,ORD027589,CUST02823,P012,Air Fryer,Home,Jaipur,Online,Debit Card,2,6705.01,0.15,13410.02,11398.52,0,2254.74,2024,6,June,Tuesday,13410.02,11398.517
2024-06-11,ORD029064,CUST04666,P005,Office Chair,Furniture,Jaipur,Store,Cash,1,10164.16,0.1,10164.16,9147.74,0,2448.92,2024,6,June,Tuesday,10164.16,9147.744
2024-06-11,ORD021390,CUST00589,P019,Vacuum Cleaner,Home,Surat,Store,Credit Card,1,8275.64,0.2,8275.64,6620.51,0,716.0,2024,6,June,Tuesday,8275.64,6620.512
2024-06-11,ORD015888,CUST04914,P014,Keyboard,Electronics,Jaipur,Online,UPI,3,2683.36,0.1,8050.08,7245.07,0,1133.19,2024,6,June,Tuesday,8050.08,7245.072
2024-06-11,ORD011905,CUST00352,P017,Jeans,Fashion,Pune,Store,Credit Card,1,2987.22,0.0,2987.22,2987.22,0,424.66,2024,6,June,Tuesday,2987.22,2987.22
2024-06-12,ORD044951,CUST03475,P010,Coffee Maker,Home,Delhi,Online,UPI,3,5539.66,0.15,16618.98,14126.13,0,2349.61,2024,6,June,Wednesday,16618.98,14126.133
2024-06-12,ORD006827,CUST01218,P013,Monitor,Electronics,Bengaluru,Store,Net Banking,1,17633.63,0.1,17633.63,15870.27,0,1153.57,2024,6,June,Wednesday,17633.63,15870.267000000002
2024-06-12,ORD038399,CUST04210,P013,Monitor,Electronics,Surat,Online,UPI,1,18022.55,0.1,18022.55,16220.3,0,2649.03,2024,6,June,Wednesday,18022.55,16220.295
2024-06-12,ORD048933,CUST03767,P010,Coffee Maker,Home,Jaipur,Online,UPI,1,5771.83,0.1,5771.83,5194.65,0,1323.05,2024,6,June,Wednesday,5771.83,5194.647
2024-06-12,ORD001919,CUST01770,P019,Vacuum Cleaner,Home,Jaipur,Store,Cash,1,9491.28,0.05,9491.28,9016.72,0,1843.05,2024,6,June,Wednesday,9491.28,9016.716
2024-06-12,ORD041387,CUST02334,P013,Monitor,Electronics,Ahmedabad,Online,Debit Card,2,19072.33,0.1,38144.66,34330.19,0,7178.86,2024,6,June,Wednesday,38144.66,34330.194
2024-06-12,ORD013048,CUST01423,P010,Coffee Maker,Home,Jaipur,Online,Credit Card,1,5205.22,0.0,5205.22,5205.22,0,1375.67,2024,6,June,Wednesday,5205.22,5205.22
2024-06-12,ORD016808,CUST01547,P018,Jacket,Fashion,Chennai,Store,Net Banking,1,4985.88,0.0,4985.88,4985.88,0,769.85,2024,6,June,Wednesday,4985.88,4985.88
2024-06-12,ORD020691,CUST02884,P020,Microwave,Home,Delhi,Online,Cash,2,10992.44,0.0,21984.88,21984.88,0,2849.15,2024,6,June,Wednesday,21984.88,21984.88
2024-06-12,ORD045260,CUST00627,P020,Microwave,Home,Mumbai,Store,Cash,1,10070.25,0.05,10070.25,9566.74,0,1811.8,2024,6,June,Wednesday,10070.25,9566.7375
2024-06-12,ORD039733,CUST03883,P016,Sofa,Furniture,Jaipur,Store,Credit Card,1,38137.68,0.1,38137.68,34323.91,0,3899.58,2024,6,June,Wednesday,38137.68,34323.912000000004
2024-06-12,ORD033291,CUST02948,P011,Mixer Grinder,Home,Hyderabad,Online,Credit Card,5,4878.45,0.2,24392.25,19513.8,0,4494.03,2024,6,June,Wednesday,24392.25,19513.8
2024-06-12,ORD015810,CUST02726,P020,Microwave,Home,Jaipur,Store,UPI,1,11078.87,0.0,11078.87,11078.87,0,1687.23,2024,6,June,Wednesday,11078.87,11078.87
2024-06-12,ORD032920,CUST04642,P019,Vacuum Cleaner,Home,Hyderabad,Online,Credit Card,2,9060.16,0.05,18120.32,17214.3,0,2103.33,2024,6,June,Wednesday,18120.32,17214.304
2024-06-12,ORD003324,CUST03615,P012,Air Fryer,Home,Pune,Online,Net Banking,1,6713.12,0.2,6713.12,5370.5,0,1160.07,2024,6,June,Wednesday,6713.12,5370.496
2024-06-12,ORD021988,CUST01822,P005,Office Chair,Furniture,Bengaluru,Online,Credit Card,1,10217.43,0.0,10217.43,10217.43,0,3063.91,2024,6,June,Wednesday,10217.43,10217.43
2024-06-12,ORD042712,CUST01523,P011,Mixer Grinder,Home,Surat,Store,Credit Card,2,5100.61,0.0,10201.22,10201.22,0,2517.23,2024,6,June,Wednesday,10201.22,10201.22
2024-06-12,ORD009797,CUST04414,P010,Coffee Maker,Home,Mumbai,Online,Credit Card,2,5942.64,0.0,11885.28,11885.28,0,3448.88,2024,6,June,Wednesday,11885.28,11885.28
2024-06-12,ORD014272,CUST03697,P017,Jeans,Fashion,Mumbai,Online,UPI,1,3013.29,0.2,3013.29,2410.63,0,355.37,2024,6,June,Wednesday,3013.29,2410.632
2024-06-12,ORD039245,CUST02275,P020,Microwave,Home,Pune,Online,Credit Card,5,11429.48,0.0,57147.4,57147.4,0,15689.12,2024,6,June,Wednesday,57147.399999999994,57147.4
2024-06-12,ORD009106,CUST03071,P004,Smartwatch,Electronics,Surat,Online,Credit Card,1,6451.68,0.1,6451.68,5806.51,0,704.67,2024,6,June,Wednesday,6451.68,5806.512000000001
2024-06-12,ORD020654,CUST03300,P019,Vacuum Cleaner,Home,Ahmedabad,Online,Credit Card,1,9779.31,0.05,9779.31,9290.34,0,1658.53,2024,6,June,Wednesday,9779.31,9290.3445
2024-06-12,ORD039691,CUST02771,P015,Dining Table,Furniture,Ahmedabad,Online,UPI,1,19933.5,0.25,19933.5,14950.12,0,3312.42,2024,6,June,Wednesday,19933.5,14950.125
2024-06-12,ORD045472,CUST03096,P009,T-Shirt,Fashion,Kolkata,Online,Credit Card,2,1236.72,0.1,2473.44,2226.1,1,-111.3,2024,6,June,Wednesday,2473.44,2226.096
2024-06-12,ORD037658,CUST03710,P003,Headphones,Electronics,Kolkata,Store,Credit Card,1,4310.29,0.05,4310.29,4094.78,0,618.54,2024,6,June,Wednesday,4310.29,4094.7754999999997
2024-06-12,ORD045743,CUST03259,P016,Sofa,Furniture,Chennai,Store,UPI,1,37422.82,0.1,37422.82,33680.54,0,6929.1,2024,6,June,Wednesday,37422.82,33680.538
2024-06-12,ORD046049,CUST01904,P001,Laptop,Electronics,Hyderabad,Online,Net Banking,1,71273.86,0.1,71273.86,64146.47,0,10719.27,2024,6,June,Wednesday,71273.86,64146.474
2024-06-12,ORD006673,CUST01262,P016,Sofa,Furniture,Mumbai,Store,Credit Card,1,34391.1,0.0,34391.1,34391.1,0,7047.35,2024,6,June,Wednesday,34391.1,34391.1
2024-06-12,ORD044380,CUST04391,P016,Sofa,Furniture,Delhi,Online,Debit Card,4,34042.62,0.15,136170.48,115744.91,0,6117.87,2024,6,June,Wednesday,136170.48,115744.90800000001
2024-06-12,ORD014660,CUST03013,P003,Headphones,Electronics,Pune,Online,Debit Card,1,4574.65,0.1,4574.65,4117.18,0,670.8,2024,6,June,Wednesday,4574.65,4117.1849999999995
2024-06-12,ORD011618,CUST02868,P008,Running Shoes,Fashion,Pune,Store,UPI,3,4166.55,0.0,12499.65,12499.65,0,2885.53,2024,6,June,Wednesday,12499.650000000001,12499.65
2024-06-12,ORD011771,CUST01822,P011,Mixer Grinder,Home,Ahmedabad,Online,Credit Card,2,4573.66,0.05,9147.32,8689.95,0,1772.56,2024,6,June,Wednesday,9147.32,8689.954
2024-06-12,ORD002277,CUST01227,P008,Running Shoes,Fashion,Delhi,Online,Credit Card,2,3819.17,0.1,7638.34,6874.51,0,752.03,2024,6,June,Wednesday,7638.34,6874.506
2024-06-12,ORD039947,CUST04928,P001,Laptop,Electronics,Hyderabad,Store,Credit Card,1,61633.58,0.05,61633.58,58551.9,0,12528.42,2024,6,June,Wednesday,61633.58,58551.901
2024-06-12,ORD020062,CUST04089,P006,Desk,Furniture,Jaipur,Store,Credit Card,1,12905.47,0.15,12905.47,10969.65,0,2772.19,2024,6,June,Wednesday,12905.47,10969.6495
2024-06-12,ORD033561,CUST03155,P007,Backpack,Accessories,Chennai,Store,UPI,2,2118.77,0.1,4237.54,3813.79,0,564.51,2024,6,June,Wednesday,4237.54,3813.786
2024-06-12,ORD014501,CUST04191,P003,Headphones,Electronics,Bengaluru,Store,Credit Card,3,4783.52,0.1,14350.56,12915.5,0,1880.61,2024,6,June,Wednesday,14350.560000000001,12915.503999999999
2024-06-12,ORD011605,CUST01685,P008,Running Shoes,Fashion,Bengaluru,Store,Credit Card,1,4403.61,0.0,4403.61,4403.61,0,1283.54,2024,6,June,Wednesday,4403.61,4403.61
2024-06-12,ORD021385,CUST03300,P008,Running Shoes,Fashion,Bengaluru,Online,Debit Card,1,3784.59,0.1,3784.59,3406.13,0,390.76,2024,6,June,Wednesday,3784.59,3406.1310000000003
2024-06-12,ORD043152,CUST03857,P011,Mixer Grinder,Home,Bengaluru,Online,Credit Card,1,4427.36,0.1,4427.36,3984.62,0,1013.11,2024,6,June,Wednesday,4427.36,3984.624
2024-06-12,ORD022149,CUST04044,P007,Backpack,Accessories,Delhi,Online,Net Banking,4,2115.42,0.1,8461.68,7615.51,0,1172.15,2024,6,June,Wednesday,8461.68,7615.512000000001
2024-06-12,ORD036074,CUST00358,P003,Headphones,Electronics,Bengaluru,Store,Debit Card,1,4531.92,0.1,4531.92,4078.73,0,808.81,2024,6,June,Wednesday,4531.92,4078.728
2024-06-12,ORD005439,CUST00651,P010,Coffee Maker,Home,Pune,Online,Credit Card,1,5682.39,0.1,5682.39,5114.15,0,516.01,2024,6,June,Wednesday,5682.39,5114.151000000001
2024-06-12,ORD004746,CUST01029,P017,Jeans,Fashion,Jaipur,Online,UPI,2,3049.01,0.0,6098.02,6098.02,0,1553.37,2024,6,June,Wednesday,6098.02,6098.02
2024-06-12,ORD009518,CUST03131,P019,Vacuum Cleaner,Home,Chennai,Store,Credit Card,3,9414.28,0.15,28242.84,24006.41,0,2157.45,2024,6,June,Wednesday,28242.840000000004,24006.414
2024-06-12,ORD004747,CUST01899,P014,Keyboard,Electronics,Surat,Online,UPI,1,2741.85,0.1,2741.85,2467.66,0,252.63,2024,6,June,Wednesday,2741.85,2467.665
2024-06-12,ORD013684,CUST00302,P007,Backpack,Accessories,Mumbai,Online,Credit Card,1,2017.8,0.05,2017.8,1916.91,0,215.04,2024,6,June,Wednesday,2017.8,1916.9099999999999
2024-06-12,ORD026528,CUST00030,P002,Smartphone,Electronics,Jaipur,Store,UPI,2,30194.04,0.1,60388.08,54349.27,0,10589.3,2024,6,June,Wednesday,60388.08,54349.272000000004
2024-06-12,ORD037167,CUST01257,P017,Jeans,Fashion,Bengaluru,Online,UPI,3,3062.2,0.0,9186.6,9186.6,0,1928.69,2024,6,June,Wednesday,9186.599999999999,9186.6
2024-06-12,ORD001495,CUST02372,P019,Vacuum Cleaner,Home,Kolkata,Store,Debit Card,1,9147.5,0.0,9147.5,9147.5,0,1072.4,2024,6,June,Wednesday,9147.5,9147.5
2024-06-12,ORD014434,CUST00812,P013,Monitor,Electronics,Delhi,Online,Cash,1,16671.54,0.05,16671.54,15837.96,0,4125.82,2024,6,June,Wednesday,16671.54,15837.963
2024-06-12,ORD018171,CUST02179,P010,Coffee Maker,Home,Kolkata,Online,UPI,1,5322.75,0.25,5322.75,3992.06,0,643.94,2024,6,June,Wednesday,5322.75,3992.0625
2024-06-12,ORD038573,CUST01780,P002,Smartphone,Electronics,Jaipur,Store,Cash,1,29659.12,0.1,29659.12,26693.21,0,5943.44,2024,6,June,Wednesday,29659.12,26693.208
2024-06-12,ORD021499,CUST01368,P006,Desk,Furniture,Bengaluru,Store,UPI,1,12697.76,0.0,12697.76,12697.76,0,1109.78,2024,6,June,Wednesday,12697.76,12697.76
2024-06-12,ORD005827,CUST00202,P010,Coffee Maker,Home,Surat,Store,Net Banking,1,5228.94,0.05,5228.94,4967.49,0,862.5,2024,6,June,Wednesday,5228.94,4967.4929999999995
2024-06-12,ORD049446,CUST01168,P007,Backpack,Accessories,Hyderabad,Online,Credit Card,3,2236.88,0.1,6710.64,6039.58,0,726.85,2024,6,June,Wednesday,6710.64,6039.576
2024-06-12,ORD035876,CUST00161,P005,Office Chair,Furniture,Mumbai,Online,Credit Card,1,10202.41,0.1,10202.41,9182.17,0,2181.35,2024,6,June,Wednesday,10202.41,9182.169
2024-06-12,ORD024544,CUST00877,P017,Jeans,Fashion,Jaipur,Online,Credit Card,1,2630.75,0.1,2630.75,2367.68,0,370.54,2024,6,June,Wednesday,2630.75,2367.675
2024-06-12,ORD019006,CUST01421,P016,Sofa,Furniture,Bengaluru,Store,Credit Card,1,33971.01,0.0,33971.01,33971.01,0,9139.44,2024,6,June,Wednesday,33971.01,33971.01
2024-06-12,ORD021103,CUST02553,P011,Mixer Grinder,Home,Chennai,Online,Cash,2,4882.48,0.2,9764.96,7811.97,0,1376.72,2024,6,June,Wednesday,9764.96,7811.968
2024-06-12,ORD003174,CUST03461,P020,Microwave,Home,Delhi,Online,UPI,1,10902.69,0.1,10902.69,9812.42,0,1512.88,2024,6,June,Wednesday,10902.69,9812.421
2024-06-12,ORD000311,CUST02367,P011,Mixer Grinder,Home,Kolkata,Online,Credit Card,1,4639.71,0.05,4639.71,4407.72,0,680.21,2024,6,June,Wednesday,4639.71,4407.7245
2024-06-12,ORD021113,CUST01892,P015,Dining Table,Furniture,Chennai,Store,UPI,1,20864.26,0.05,20864.26,19821.05,1,-991.05,2024,6,June,Wednesday,20864.26,19821.047
2024-06-12,ORD004054,CUST04484,P015,Dining Table,Furniture,Mumbai,Store,UPI,1,22402.14,0.1,22402.14,20161.93,0,3252.22,2024,6,June,Wednesday,22402.14,20161.926
2024-06-12,ORD041561,CUST04495,P002,Smartphone,Electronics,Jaipur,Online,UPI,5,29113.19,0.0,145565.95,145565.95,0,14908.19,2024,6,June,Wednesday,145565.94999999998,145565.95
2024-06-12,ORD009949,CUST02100,P007,Backpack,Accessories,Mumbai,Online,Credit Card,4,2284.94,0.1,9139.76,8225.78,0,1248.0,2024,6,June,Wednesday,9139.76,8225.784
2024-06-12,ORD031733,CUST04566,P006,Desk,Furniture,Delhi,Store,Credit Card,1,12021.04,0.1,12021.04,10818.94,0,1799.82,2024,6,June,Wednesday,12021.04,10818.936000000002
2024-06-12,ORD046792,CUST02550,P016,Sofa,Furniture,Ahmedabad,Online,Credit Card,1,31855.18,0.05,31855.18,30262.42,0,6451.64,2024,6,June,Wednesday,31855.18,30262.421
2024-06-12,ORD035904,CUST01784,P008,Running Shoes,Fashion,Jaipur,Store,Credit Card,1,4543.48,0.0,4543.48,4543.48,0,1291.5,2024,6,June,Wednesday,4543.48,4543.48
2024-06-12,ORD015437,CUST00552,P017,Jeans,Fashion,Pune,Online,Net Banking,1,2869.5,0.0,2869.5,2869.5,0,459.07,2024,6,June,Wednesday,2869.5,2869.5
2024-06-12,ORD030806,CUST01806,P018,Jacket,Fashion,Delhi,Online,UPI,1,4736.3,0.05,4736.3,4499.48,0,724.43,2024,6,June,Wednesday,4736.3,4499.485
2024-06-12,ORD034977,CUST00407,P011,Mixer Grinder,Home,Bengaluru,Online,Net Banking,1,4612.2,0.2,4612.2,3689.76,0,496.66,2024,6,June,Wednesday,4612.2,3689.76
2024-06-13,ORD045761,CUST03124,P019,Vacuum Cleaner,Home,Ahmedabad,Online,Credit Card,2,8598.53,0.05,17197.06,16337.21,0,1397.89,2024,6,June,Thursday,17197.06,16337.207
2024-06-13,ORD037780,CUST02639,P016,Sofa,Furniture,Mumbai,Online,Net Banking,5,34512.82,0.0,172564.1,172564.1,0,20219.9,2024,6,June,Thursday,172564.1,172564.1
2024-06-13,ORD016963,CUST01991,P006,Desk,Furniture,Kolkata,Online,UPI,1,11606.79,0.0,11606.79,11606.79,0,2619.28,2024,6,June,Thursday,11606.79,11606.79
2024-06-13,ORD037878,CUST01383,P014,Keyboard,Electronics,Pune,Store,Net Banking,1,2662.61,0.0,2662.61,2662.61,0,395.73,2024,6,June,Thursday,2662.61,2662.61
2024-06-13,ORD049187,CUST00193,P005,Office Chair,Furniture,Pune,Store,Credit Card,3,8634.97,0.05,25904.91,24609.66,0,5680.29,2024,6,June,Thursday,25904.909999999996,24609.6645
2024-06-13,ORD044061,CUST02955,P009,T-Shirt,Fashion,Ahmedabad,Online,Credit Card,1,1294.79,0.2,1294.79,1035.83,0,171.51,2024,6,June,Thursday,1294.79,1035.832
2024-06-13,ORD047406,CUST00507,P019,Vacuum Cleaner,Home,Jaipur,Online,Credit Card,4,8595.98,0.1,34383.92,30945.53,0,3767.16,2024,6,June,Thursday,34383.92,30945.528
2024-06-13,ORD047403,CUST02079,P006,Desk,Furniture,Ahmedabad,Online,UPI,1,10818.29,0.1,10818.29,9736.46,0,1798.99,2024,6,June,Thursday,10818.29,9736.461000000001
2024-06-13,ORD015205,CUST02243,P016,Sofa,Furniture,Jaipur,Store,Net Banking,1,38141.07,0.2,38141.07,30512.86,0,2965.77,2024,6,June,Thursday,38141.07,30512.856
2024-06-13,ORD015241,CUST02711,P007,Backpack,Accessories,Pune,Store,Cash,1,2147.57,0.1,2147.57,1932.81,0,297.08,2024,6,June,Thursday,2147.57,1932.813
2024-06-13,ORD039221,CUST01703,P012,Air Fryer,Home,Kolkata,Store,UPI,1,6682.08,0.1,6682.08,6013.87,0,401.45,2024,6,June,Thursday,6682.08,6013.872
2024-06-13,ORD038722,CUST04250,P006,Desk,Furniture,Hyderabad,Store,Credit Card,2,12550.05,0.05,25100.1,23845.09,0,3042.81,2024,6,June,Thursday,25100.1,23845.094999999998
2024-06-13,ORD021234,CUST00589,P001,Laptop,Electronics,Pune,Online,Credit Card,2,65684.8,0.1,131369.6,118232.64,0,28702.74,2024,6,June,Thursday,131369.6,118232.64000000001
2024-06-13,ORD013650,CUST04443,P020,Microwave,Home,Kolkata,Online,Credit Card,1,12013.94,0.05,12013.94,11413.24,0,2191.86,2024,6,June,Thursday,12013.94,11413.243
2024-06-13,ORD048712,CUST02904,P010,Coffee Maker,Home,Chennai,Store,Credit Card,1,5386.89,0.1,5386.89,4848.2,0,792.57,2024,6,June,Thursday,5386.89,4848.201
2024-06-13,ORD012167,CUST04425,P010,Coffee Maker,Home,Jaipur,Online,Credit Card,4,5326.05,0.1,21304.2,19173.78,0,1189.05,2024,6,June,Thursday,21304.2,19173.780000000002
2024-06-13,ORD043164,CUST01956,P007,Backpack,Accessories,Delhi,Online,Credit Card,1,2029.62,0.05,2029.62,1928.14,1,-96.41,2024,6,June,Thursday,2029.62,1928.139
2024-06-13,ORD006609,CUST02958,P012,Air Fryer,Home,Bengaluru,Store,UPI,1,7225.47,0.05,7225.47,6864.2,0,869.04,2024,6,June,Thursday,7225.47,6864.1965
2024-06-13,ORD031711,CUST04580,P014,Keyboard,Electronics,Bengaluru,Store,UPI,1,2448.5,0.1,2448.5,2203.65,0,475.21,2024,6,June,Thursday,2448.5,2203.65
2024-06-13,ORD002789,CUST03338,P010,Coffee Maker,Home,Chennai,Online,Credit Card,1,5270.39,0.1,5270.39,4743.35,0,1165.92,2024,6,June,Thursday,5270.39,4743.351000000001
2024-06-13,ORD010646,CUST02434,P002,Smartphone,Electronics,Jaipur,Online,UPI,2,30641.78,0.05,61283.56,58219.38,0,13304.97,2024,6,June,Thursday,61283.56,58219.382
2024-06-13,ORD048606,CUST02278,P011,Mixer Grinder,Home,Kolkata,Store,Debit Card,1,4441.35,0.1,4441.35,3997.22,0,360.12,2024,6,June,Thursday,4441.35,3997.2150000000006
2024-06-13,ORD008670,CUST04853,P017,Jeans,Fashion,Jaipur,Online,Net Banking,4,2633.12,0.05,10532.48,10005.86,0,1545.24,2024,6,June,Thursday,10532.48,10005.856
2024-06-13,ORD011654,CUST01272,P005,Office Chair,Furniture,Hyderabad,Online,Net Banking,3,9514.23,0.05,28542.69,27115.56,0,4586.25,2024,6,June,Thursday,28542.69,27115.5555
2024-06-13,ORD021088,CUST01083,P014,Keyboard,Electronics,Bengaluru,Online,UPI,1,2483.82,0.1,2483.82,2235.44,0,208.25,2024,6,June,Thursday,2483.82,2235.438
2024-06-13,ORD000716,CUST02782,P015,Dining Table,Furniture,Chennai,Store,UPI,5,19898.78,0.15,99493.9,84569.81,0,17166.86,2024,6,June,Thursday,99493.9,84569.81499999999
2024-06-13,ORD011990,CUST01891,P002,Smartphone,Electronics,Kolkata,Online,Debit Card,1,30051.29,0.1,30051.29,27046.16,0,4509.55,2024,6,June,Thursday,30051.29,27046.161
2024-06-13,ORD045674,CUST00915,P019,Vacuum Cleaner,Home,Ahmedabad,Store,UPI,2,9748.2,0.0,19496.4,19496.4,0,2281.25,2024,6,June,Thursday,19496.4,19496.4
2024-06-13,ORD007510,CUST01731,P001,Laptop,Electronics,Ahmedabad,Online,Debit Card,1,68555.75,0.05,68555.75,65127.96,0,7545.21,2024,6,June,Thursday,68555.75,65127.962499999994
2024-06-13,ORD013836,CUST02711,P006,Desk,Furniture,Surat,Online,UPI,1,11538.22,0.0,11538.22,11538.22,0,2270.08,2024,6,June,Thursday,11538.22,11538.22
2024-06-13,ORD043067,CUST03058,P005,Office Chair,Furniture,Pune,Online,Credit Card,1,9999.04,0.15,9999.04,8499.18,0,1305.82,2024,6,June,Thursday,9999.04,8499.184000000001
2024-06-13,ORD007655,CUST04584,P010,Coffee Maker,Home,Mumbai,Online,Credit Card,1,5871.53,0.0,5871.53,5871.53,0,594.11,2024,6,June,Thursday,5871.53,5871.53
2024-06-13,ORD047941,CUST00789,P016,Sofa,Furniture,Ahmedabad,Online,UPI,2,35712.05,0.1,71424.1,64281.69,0,10460.53,2024,6,June,Thursday,71424.1,64281.69000000001
2024-06-13,ORD007829,CUST02119,P016,Sofa,Furniture,Jaipur,Online,Debit Card,2,36970.72,0.15,73941.44,62850.22,0,12658.02,2024,6,June,Thursday,73941.44,62850.224
2024-06-13,ORD026635,CUST00601,P005,Office Chair,Furniture,Bengaluru,Online,UPI,5,10423.35,0.05,52116.75,49510.91,0,9742.3,2024,6,June,Thursday,52116.75,49510.9125
2024-06-13,ORD031441,CUST02303,P011,Mixer Grinder,Home,Bengaluru,Online,Debit Card,4,4693.6,0.15,18774.4,15958.24,0,3445.58,2024,6,June,Thursday,18774.4,15958.240000000002
2024-06-13,ORD020943,CUST04566,P007,Backpack,Accessories,Mumbai,Online,UPI,1,2292.75,0.15,2292.75,1948.84,0,343.18,2024,6,June,Thursday,2292.75,1948.8374999999999
2024-06-13,ORD049661,CUST03898,P013,Monitor,Electronics,Bengaluru,Online,Net Banking,2,17651.15,0.2,35302.3,28241.84,0,1719.41,2024,6,June,Thursday,35302.3,28241.840000000004
2024-06-13,ORD039135,CUST03834,P008,Running Shoes,Fashion,Chennai,Online,UPI,4,4607.56,0.05,18430.24,17508.73,0,4377.81,2024,6,June,Thursday,18430.24,17508.728
2024-06-13,ORD027269,CUST02354,P007,Backpack,Accessories,Ahmedabad,Store,Net Banking,3,2196.49,0.0,6589.47,6589.47,0,1518.68,2024,6,June,Thursday,6589.469999999999,6589.47
2024-06-13,ORD006514,CUST02295,P001,Laptop,Electronics,Bengaluru,Online,Net Banking,1,61564.15,0.0,61564.15,61564.15,0,12107.1,2024,6,June,Thursday,61564.15,61564.15
2024-06-13,ORD047241,CUST00710,P007,Backpack,Accessories,Chennai,Online,UPI,1,2047.05,0.05,2047.05,1944.7,0,545.33,2024,6,June,Thursday,2047.05,1944.6974999999998
2024-06-13,ORD023715,CUST00327,P020,Microwave,Home,Kolkata,Online,Credit Card,1,11788.02,0.1,11788.02,10609.22,0,2064.31,2024,6,June,Thursday,11788.02,10609.218
2024-06-13,ORD035189,CUST04847,P001,Laptop,Electronics,Chennai,Online,UPI,1,65002.79,0.0,65002.79,65002.79,0,16631.91,2024,6,June,Thursday,65002.79,65002.79
2024-06-13,ORD042306,CUST04120,P019,Vacuum Cleaner,Home,Jaipur,Online,UPI,1,8923.35,0.1,8923.35,8031.02,0,1863.33,2024,6,June,Thursday,8923.35,8031.015
2024-06-13,ORD012442,CUST00010,P003,Headphones,Electronics,Mumbai,Online,Credit Card,3,4845.56,0.0,14536.68,14536.68,0,3203.26,2024,6,June,Thursday,14536.68,14536.68
2024-06-13,ORD018354,CUST02650,P010,Coffee Maker,Home,Mumbai,Store,Net Banking,5,5241.02,0.15,26205.1,22274.34,0,3833.53,2024,6,June,Thursday,26205.100000000002,22274.335
2024-06-13,ORD049567,CUST04043,P011,Mixer Grinder,Home,Ahmedabad,Online,UPI,1,4714.19,0.2,4714.19,3771.35,0,516.52,2024,6,June,Thursday,4714.19,3771.352
2024-06-13,ORD042136,CUST04878,P008,Running Shoes,Fashion,Pune,Online,Credit Card,1,4598.69,0.2,4598.69,3678.95,0,250.05,2024,6,June,Thursday,4598.69,3678.9519999999998
2024-06-13,ORD035861,CUST00985,P016,Sofa,Furniture,Chennai,Online,Credit Card,1,38152.43,0.0,38152.43,38152.43,0,10155.6,2024,6,June,Thursday,38152.43,38152.43
2024-06-13,ORD008381,CUST03276,P019,Vacuum Cleaner,Home,Kolkata,Online,UPI,1,8365.08,0.0,8365.08,8365.08,0,1106.17,2024,6,June,Thursday,8365.08,8365.08
2024-06-13,ORD044857,CUST03108,P020,Microwave,Home,Kolkata,Online,UPI,1,9901.53,0.15,9901.53,8416.3,0,1136.56,2024,6,June,Thursday,9901.53,8416.300500000001
2024-06-13,ORD046165,CUST04644,P009,T-Shirt,Fashion,Ahmedabad,Store,Net Banking,1,1276.43,0.1,1276.43,1148.79,1,-57.44,2024,6,June,Thursday,1276.43,1148.787
2024-06-13,ORD028235,CUST01757,P016,Sofa,Furniture,Ahmedabad,Online,UPI,1,36514.16,0.0,36514.16,36514.16,0,7839.9,2024,6,June,Thursday,36514.16,36514.16
2024-06-13,ORD020439,CUST04548,P001,Laptop,Electronics,Kolkata,Online,UPI,1,62954.6,0.2,62954.6,50363.68,0,10563.1,2024,6,June,Thursday,62954.6,50363.68
2024-06-13,ORD028347,CUST02202,P008,Running Shoes,Fashion,Hyderabad,Store,UPI,4,3869.47,0.2,15477.88,12382.3,0,2675.88,2024,6,June,Thursday,15477.88,12382.304
2024-06-13,ORD041484,CUST00086,P001,Laptop,Electronics,Kolkata,Online,UPI,1,68737.95,0.05,68737.95,65301.05,1,-3265.05,2024,6,June,Thursday,68737.95,65301.05249999999
2024-06-13,ORD010216,CUST03193,P004,Smartwatch,Electronics,Ahmedabad,Online,Net Banking,1,6334.14,0.0,6334.14,6334.14,0,899.62,2024,6,June,Thursday,6334.14,6334.14
2024-06-13,ORD035428,CUST00439,P005,Office Chair,Furniture,Hyderabad,Online,Credit Card,1,9844.75,0.0,9844.75,9844.75,0,2559.49,2024,6,June,Thursday,9844.75,9844.75
2024-06-13,ORD025884,CUST01732,P009,T-Shirt,Fashion,Surat,Store,UPI,1,1315.15,0.05,1315.15,1249.39,0,233.38,2024,6,June,Thursday,1315.15,1249.3925
2024-06-13,ORD012734,CUST04491,P010,Coffee Maker,Home,Ahmedabad,Online,Cash,4,5846.44,0.2,23385.76,18708.61,0,3754.44,2024,6,June,Thursday,23385.76,18708.608
2024-06-13,ORD006364,CUST00080,P017,Jeans,Fashion,Pune,Store,UPI,2,2829.48,0.05,5658.96,5376.01,0,1295.44,2024,6,June,Thursday,5658.96,5376.012
2024-06-13,ORD039918,CUST03930,P017,Jeans,Fashion,Chennai,Store,Credit Card,1,2703.15,0.1,2703.15,2432.84,0,592.42,2024,6,June,Thursday,2703.15,2432.835
2024-06-13,ORD008107,CUST00629,P015,Dining Table,Furniture,Jaipur,Online,UPI,3,22737.07,0.2,68211.21,54568.97,0,10950.5,2024,6,June,Thursday,68211.20999999999,54568.96800000001
2024-06-13,ORD029975,CUST02851,P011,Mixer Grinder,Home,Bengaluru,Online,UPI,5,4678.83,0.05,23394.15,22224.44,0,2144.34,2024,6,June,Thursday,23394.15,22224.4425
2024-06-13,ORD040456,CUST02259,P020,Microwave,Home,Ahmedabad,Online,Cash,2,10815.9,0.1,21631.8,19468.62,0,3543.28,2024,6,June,Thursday,21631.8,19468.62
2024-06-13,ORD006035,CUST00676,P005,Office Chair,Furniture,Jaipur,Store,Debit Card,1,9969.21,0.15,9969.21,8473.83,1,-423.69,2024,6,June,Thursday,9969.21,8473.8285
2024-06-13,ORD030946,CUST00883,P011,Mixer Grinder,Home,Hyderabad,Online,Credit Card,3,4518.84,0.05,13556.52,12878.69,0,3375.27,2024,6,June,Thursday,13556.52,12878.694
2024-06-13,ORD040463,CUST01461,P015,Dining Table,Furniture,Jaipur,Store,Net Banking,3,22590.75,0.2,67772.25,54217.8,0,7055.69,2024,6,June,Thursday,67772.25,54217.8
2024-06-13,ORD026146,CUST03956,P014,Keyboard,Electronics,Jaipur,Online,UPI,1,2571.08,0.0,2571.08,2571.08,0,748.1,2024,6,June,Thursday,2571.08,2571.08
2024-06-13,ORD040481,CUST04134,P005,Office Chair,Furniture,Delhi,Store,Debit Card,3,8942.63,0.15,26827.89,22803.71,0,3292.87,2024,6,June,Thursday,26827.89,22803.7065
2024-06-13,ORD041089,CUST01377,P015,Dining Table,Furniture,Mumbai,Online,Credit Card,5,21805.36,0.05,109026.8,103575.46,0,24518.53,2024,6,June,Thursday,109026.8,103575.45999999999
2024-06-13,ORD041521,CUST02136,P017,Jeans,Fashion,Chennai,Online,Credit Card,1,2687.52,0.2,2687.52,2150.02,0,259.93,2024,6,June,Thursday,2687.52,2150.016
2024-06-13,ORD047172,CUST04032,P018,Jacket,Fashion,Mumbai,Online,UPI,3,5689.84,0.2,17069.52,13655.62,0,1302.09,2024,6,June,Thursday,17069.52,13655.616000000002
2024-06-13,ORD018870,CUST04305,P014,Keyboard,Electronics,Hyderabad,Online,Net Banking,1,2653.66,0.1,2653.66,2388.29,0,255.44,2024,6,June,Thursday,2653.66,2388.294
2024-06-13,ORD047130,CUST01457,P007,Backpack,Accessories,Pune,Online,UPI,1,2366.71,0.1,2366.71,2130.04,0,258.63,2024,6,June,Thursday,2366.71,2130.039
2024-06-13,ORD027834,CUST01431,P016,Sofa,Furniture,Hyderabad,Store,Credit Card,1,34458.32,0.0,34458.32,34458.32,1,-1722.92,2024,6,June,Thursday,34458.32,34458.32
2024-06-13,ORD023443,CUST00307,P009,T-Shirt,Fashion,Chennai,Online,UPI,1,1239.44,0.1,1239.44,1115.5,0,268.5,2024,6,June,Thursday,1239.44,1115.496
2024-06-13,ORD035230,CUST02501,P012,Air Fryer,Home,Kolkata,Online,UPI,1,6828.62,0.1,6828.62,6145.76,0,1321.66,2024,6,June,Thursday,6828.62,6145.758
2024-06-13,ORD001748,CUST00831,P011,Mixer Grinder,Home,Chennai,Online,Cash,1,4451.44,0.0,4451.44,4451.44,0,782.93,2024,6,June,Thursday,4451.44,4451.44
2024-06-14,ORD034678,CUST00704,P008,Running Shoes,Fashion,Bengaluru,Store,Debit Card,1,4030.64,0.15,4030.64,3426.04,0,683.0,2024,6,June,Friday,4030.64,3426.044
2024-06-14,ORD041068,CUST00893,P012,Air Fryer,Home,Pune,Store,Credit Card,1,6650.37,0.1,6650.37,5985.33,0,524.75,2024,6,June,Friday,6650.37,5985.333
2024-06-14,ORD027162,CUST04697,P017,Jeans,Fashion,Bengaluru,Store,Credit Card,1,2933.19,0.15,2933.19,2493.21,0,192.22,2024,6,June,Friday,2933.19,2493.2115
2024-06-14,ORD048713,CUST04385,P008,Running Shoes,Fashion,Chennai,Store,UPI,1,4016.33,0.1,4016.33,3614.7,0,585.53,2024,6,June,Friday,4016.33,3614.697
2024-06-14,ORD000126,CUST01568,P013,Monitor,Electronics,Jaipur,Store,Debit Card,1,18649.64,0.1,18649.64,16784.68,0,4606.29,2024,6,June,Friday,18649.64,16784.676
2024-06-14,ORD017036,CUST02567,P017,Jeans,Fashion,Jaipur,Store,Credit Card,1,3020.45,0.1,3020.45,2718.4,0,641.08,2024,6,June,Friday,3020.45,2718.4049999999997
2024-06-14,ORD046910,CUST04338,P011,Mixer Grinder,Home,Jaipur,Online,UPI,1,5040.99,0.05,5040.99,4788.94,0,609.59,2024,6,June,Friday,5040.99,4788.9405
2024-06-14,ORD020401,CUST01162,P017,Jeans,Fashion,Pune,Store,Cash,1,2819.93,0.2,2819.93,2255.94,0,418.34,2024,6,June,Friday,2819.93,2255.944
2024-06-14,ORD020164,CUST00857,P005,Office Chair,Furniture,Delhi,Online,Credit Card,1,10213.11,0.1,10213.11,9191.8,0,864.66,2024,6,June,Friday,10213.11,9191.799
2024-06-14,ORD040231,CUST02552,P016,Sofa,Furniture,Mumbai,Online,UPI,2,36579.07,0.0,73158.14,73158.14,0,8179.95,2024,6,June,Friday,73158.14,73158.14
2024-06-14,ORD008513,CUST02749,P010,Coffee Maker,Home,Delhi,Online,Net Banking,2,5939.27,0.0,11878.54,11878.54,0,1502.97,2024,6,June,Friday,11878.54,11878.54
2024-06-14,ORD002841,CUST00653,P003,Headphones,Electronics,Chennai,Store,UPI,1,4926.29,0.1,4926.29,4433.66,0,715.11,2024,6,June,Friday,4926.29,4433.661
2024-06-14,ORD048529,CUST00368,P002,Smartphone,Electronics,Ahmedabad,Store,UPI,1,29835.54,0.0,29835.54,29835.54,0,7213.44,2024,6,June,Friday,29835.54,29835.54
2024-06-14,ORD034550,CUST03842,P010,Coffee Maker,Home,Ahmedabad,Online,UPI,1,5303.09,0.1,5303.09,4772.78,0,1019.52,2024,6,June,Friday,5303.09,4772.781
2024-06-14,ORD021682,CUST00046,P012,Air Fryer,Home,Kolkata,Store,Net Banking,1,7046.07,0.25,7046.07,5284.55,0,1043.01,2024,6,June,Friday,7046.07,5284.5525
2024-06-14,ORD034553,CUST02883,P006,Desk,Furniture,Pune,Store,UPI,1,12812.95,0.1,12812.95,11531.66,0,1218.2,2024,6,June,Friday,12812.95,11531.655
2024-06-14,ORD018757,CUST03555,P010,Coffee Maker,Home,Hyderabad,Online,Credit Card,1,5804.41,0.0,5804.41,5804.41,0,1373.88,2024,6,June,Friday,5804.41,5804.41
2024-06-14,ORD034174,CUST04204,P019,Vacuum Cleaner,Home,Bengaluru,Online,Cash,1,8100.96,0.05,8100.96,7695.91,0,1901.82,2024,6,June,Friday,8100.96,7695.911999999999
2024-06-14,ORD014073,CUST04407,P018,Jacket,Fashion,Jaipur,Online,UPI,1,5576.4,0.1,5576.4,5018.76,0,968.65,2024,6,June,Friday,5576.4,5018.76
2024-06-14,ORD043796,CUST04302,P009,T-Shirt,Fashion,Kolkata,Online,UPI,1,1141.34,0.0,1141.34,1141.34,0,337.82,2024,6,June,Friday,1141.34,1141.34
2024-06-14,ORD046907,CUST03464,P014,Keyboard,Electronics,Delhi,Online,UPI,1,2714.14,0.0,2714.14,2714.14,0,359.36,2024,6,June,Friday,2714.14,2714.14
2024-06-14,ORD031586,CUST02457,P001,Laptop,Electronics,Chennai,Online,Credit Card,1,61073.31,0.05,61073.31,58019.64,0,13335.47,2024,6,June,Friday,61073.31,58019.644499999995
2024-06-14,ORD045097,CUST02122,P001,Laptop,Electronics,Hyderabad,Store,UPI,2,65679.14,0.1,131358.28,118222.45,0,10532.46,2024,6,June,Friday,131358.28,118222.452
2024-06-14,ORD027714,CUST01105,P006,Desk,Furniture,Delhi,Store,Cash,2,11080.48,0.05,22160.96,21052.91,0,2187.88,2024,6,June,Friday,22160.96,21052.911999999997
2024-06-14,ORD016842,CUST00744,P020,Microwave,Home,Surat,Online,Credit Card,1,10129.97,0.05,10129.97,9623.47,0,871.13,2024,6,June,Friday,10129.97,9623.4715
2024-06-14,ORD048371,CUST04458,P003,Headphones,Electronics,Delhi,Online,Credit Card,4,4288.06,0.1,17152.24,15437.02,0,4128.43,2024,6,June,Friday,17152.24,15437.016000000001
2024-06-14,ORD047922,CUST00009,P010,Coffee Maker,Home,Pune,Online,Credit Card,1,4951.46,0.15,4951.46,4208.74,0,509.66,2024,6,June,Friday,4951.46,4208.741
2024-06-14,ORD036131,CUST04761,P006,Desk,Furniture,Kolkata,Online,UPI,2,10801.35,0.1,21602.7,19442.43,0,4269.35,2024,6,June,Friday,21602.7,19442.43
2024-06-14,ORD049214,CUST03914,P013,Monitor,Electronics,Bengaluru,Store,UPI,2,19555.72,0.1,39111.44,35200.3,0,4114.35,2024,6,June,Friday,39111.44,35200.296
2024-06-14,ORD002945,CUST04681,P014,Keyboard,Electronics,Ahmedabad,Store,UPI,1,2366.35,0.05,2366.35,2248.03,1,-112.4,2024,6,June,Friday,2366.35,2248.0325
2024-06-14,ORD046935,CUST01810,P007,Backpack,Accessories,Jaipur,Store,UPI,1,2008.64,0.0,2008.64,2008.64,0,228.38,2024,6,June,Friday,2008.64,2008.64
2024-06-14,ORD045155,CUST04357,P005,Office Chair,Furniture,Hyderabad,Online,Debit Card,1,10442.8,0.15,10442.8,8876.38,0,2138.4,2024,6,June,Friday,10442.8,8876.38
2024-06-14,ORD032469,CUST02341,P020,Microwave,Home,Ahmedabad,Online,UPI,2,11966.69,0.05,23933.38,22736.71,0,3984.07,2024,6,June,Friday,23933.38,22736.711
2024-06-14,ORD019225,CUST04085,P008,Running Shoes,Fashion,Ahmedabad,Online,Cash,2,3849.1,0.25,7698.2,5773.65,0,1402.24,2024,6,June,Friday,7698.2,5773.65
2024-06-14,ORD021154,CUST00984,P007,Backpack,Accessories,Ahmedabad,Online,Cash,3,2085.47,0.1,6256.41,5630.77,0,1458.83,2024,6,June,Friday,6256.41,5630.769
2024-06-14,ORD047580,CUST04577,P011,Mixer Grinder,Home,Mumbai,Store,UPI,1,4588.46,0.05,4588.46,4359.04,0,476.85,2024,6,June,Friday,4588.46,4359.037
2024-06-14,ORD012368,CUST00634,P003,Headphones,Electronics,Delhi,Online,Net Banking,5,4612.75,0.2,23063.75,18451.0,0,4176.65,2024,6,June,Friday,23063.75,18451.0
2024-06-14,ORD043765,CUST04422,P015,Dining Table,Furniture,Chennai,Online,Credit Card,1,22946.73,0.1,22946.73,20652.06,0,4561.69,2024,6,June,Friday,22946.73,20652.057
2024-06-14,ORD044186,CUST04518,P013,Monitor,Electronics,Kolkata,Online,UPI,2,18829.42,0.15,37658.84,32010.01,0,6051.07,2024,6,June,Friday,37658.84,32010.013999999996
2024-06-14,ORD043027,CUST02771,P011,Mixer Grinder,Home,Pune,Store,UPI,1,4917.27,0.1,4917.27,4425.54,0,863.19,2024,6,June,Friday,4917.27,4425.543000000001
2024-06-14,ORD045835,CUST02423,P011,Mixer Grinder,Home,Pune,Online,Net Banking,3,4853.38,0.1,14560.14,13104.13,0,1617.55,2024,6,June,Friday,14560.14,13104.126
2024-06-14,ORD037371,CUST00618,P012,Air Fryer,Home,Jaipur,Online,Credit Card,2,6752.17,0.1,13504.34,12153.91,0,1524.11,2024,6,June,Friday,13504.34,12153.906
2024-06-14,ORD046682,CUST02147,P003,Headphones,Electronics,Pune,Store,Credit Card,1,4371.66,0.15,4371.66,3715.91,0,793.22,2024,6,June,Friday,4371.66,3715.9109999999996
2024-06-14,ORD029548,CUST00573,P006,Desk,Furniture,Bengaluru,Store,UPI,2,12419.65,0.05,24839.3,23597.34,0,6636.41,2024,6,June,Friday,24839.3,23597.335
2024-06-14,ORD037710,CUST01986,P010,Coffee Maker,Home,Bengaluru,Online,UPI,1,5474.55,0.15,5474.55,4653.37,0,1199.37,2024,6,June,Friday,5474.55,4653.3675
2024-06-14,ORD006165,CUST04108,P020,Microwave,Home,Ahmedabad,Store,Debit Card,1,10066.64,0.1,10066.64,9059.98,0,897.48,2024,6,June,Friday,10066.64,9059.976
2024-06-14,ORD034873,CUST00239,P011,Mixer Grinder,Home,Mumbai,Online,Net Banking,1,5236.56,0.15,5236.56,4451.08,0,857.91,2024,6,June,Friday,5236.56,4451.076
2024-06-14,ORD004461,CUST00082,P004,Smartwatch,Electronics,Hyderabad,Online,Cash,1,6952.21,0.05,6952.21,6604.6,0,1063.78,2024,6,June,Friday,6952.21,6604.599499999999
2024-06-14,ORD013170,CUST04373,P013,Monitor,Electronics,Pune,Online,Net Banking,2,18068.92,0.15,36137.84,30717.16,0,4169.75,2024,6,June,Friday,36137.84,30717.163999999997
2024-06-14,ORD016081,CUST04825,P015,Dining Table,Furniture,Pune,Store,Cash,1,21158.0,0.1,21158.0,19042.2,0,4324.27,2024,6,June,Friday,21158.0,19042.2
2024-06-14,ORD000747,CUST02748,P007,Backpack,Accessories,Hyderabad,Online,Net Banking,2,2373.4,0.1,4746.8,4272.12,0,308.17,2024,6,June,Friday,4746.8,4272.12
2024-06-14,ORD046498,CUST02111,P009,T-Shirt,Fashion,Bengaluru,Online,UPI,3,1247.63,0.05,3742.89,3555.75,0,736.43,2024,6,June,Friday,3742.8900000000003,3555.7454999999995
2024-06-14,ORD031118,CUST00683,P020,Microwave,Home,Hyderabad,Online,Net Banking,2,11173.32,0.2,22346.64,17877.31,0,4105.13,2024,6,June,Friday,22346.64,17877.312
2024-06-14,ORD046871,CUST00558,P019,Vacuum Cleaner,Home,Pune,Store,Credit Card,1,8816.83,0.1,8816.83,7935.15,0,1738.33,2024,6,June,Friday,8816.83,7935.147
2024-06-14,ORD023493,CUST04710,P015,Dining Table,Furniture,Delhi,Online,Credit Card,1,21579.46,0.05,21579.46,20500.49,0,4141.4,2024,6,June,Friday,21579.46,20500.486999999997
2024-06-14,ORD012849,CUST03065,P012,Air Fryer,Home,Surat,Online,UPI,1,6610.64,0.0,6610.64,6610.64,0,735.33,2024,6,June,Friday,6610.64,6610.64
2024-06-14,ORD031776,CUST00790,P019,Vacuum Cleaner,Home,Pune,Online,UPI,1,8276.65,0.0,8276.65,8276.65,0,1339.85,2024,6,June,Friday,8276.65,8276.65
2024-06-14,ORD000778,CUST03467,P015,Dining Table,Furniture,Surat,Online,Cash,1,21503.02,0.1,21503.02,19352.72,0,1351.77,2024,6,June,Friday,21503.02,19352.718
2024-06-14,ORD049925,CUST00293,P019,Vacuum Cleaner,Home,Surat,Online,UPI,1,9148.3,0.0,9148.3,9148.3,0,982.79,2024,6,June,Friday,9148.3,9148.3
2024-06-14,ORD011842,CUST02278,P015,Dining Table,Furniture,Mumbai,Online,Debit Card,1,22233.84,0.0,22233.84,22233.84,0,1961.83,2024,6,June,Friday,22233.84,22233.84
2024-06-14,ORD032058,CUST04380,P017,Jeans,Fashion,Delhi,Store,UPI,2,3010.01,0.1,6020.02,5418.02,0,615.0,2024,6,June,Friday,6020.02,5418.018000000001
2024-06-14,ORD018338,CUST03490,P004,Smartwatch,Electronics,Chennai,Store,UPI,1,6635.2,0.05,6635.2,6303.44,0,1513.06,2024,6,June,Friday,6635.2,6303.44
2024-06-14,ORD018398,CUST00259,P005,Office Chair,Furniture,Surat,Online,Credit Card,2,10194.68,0.05,20389.36,19369.89,0,3020.69,2024,6,June,Friday,20389.36,19369.892
2024-06-14,ORD008068,CUST02094,P007,Backpack,Accessories,Delhi,Online,UPI,1,2366.95,0.1,2366.95,2130.26,0,207.9,2024,6,June,Friday,2366.95,2130.255
2024-06-14,ORD047064,CUST00741,P013,Monitor,Electronics,Kolkata,Online,UPI,1,16376.37,0.1,16376.37,14738.73,0,1925.82,2024,6,June,Friday,16376.37,14738.733
2024-06-14,ORD030189,CUST02552,P008,Running Shoes,Fashion,Ahmedabad,Online,UPI,4,4015.37,0.2,16061.48,12849.18,1,-642.46,2024,6,June,Friday,16061.48,12849.184000000001
2024-06-14,ORD025596,CUST03623,P006,Desk,Furniture,Ahmedabad,Online,UPI,1,12851.17,0.05,12851.17,12208.61,0,1165.02,2024,6,June,Friday,12851.17,12208.611499999999
2024-06-14,ORD037245,CUST02550,P008,Running Shoes,Fashion,Bengaluru,Online,Credit Card,1,4377.13,0.0,4377.13,4377.13,0,831.31,2024,6,June,Friday,4377.13,4377.13
2024-06-14,ORD026041,CUST00599,P001,Laptop,Electronics,Mumbai,Online,UPI,2,58753.3,0.1,117506.6,105755.94,0,23709.44,2024,6,June,Friday,117506.6,105755.94
2024-06-14,ORD042379,CUST04427,P010,Coffee Maker,Home,Kolkata,Online,Debit Card,1,5204.43,0.15,5204.43,4423.77,0,1103.63,2024,6,June,Friday,5204.43,4423.7655
2024-06-14,ORD032002,CUST00357,P006,Desk,Furniture,Kolkata,Online,Credit Card,1,11591.17,0.05,11591.17,11011.61,0,2919.03,2024,6,June,Friday,11591.17,11011.611499999999
2024-06-14,ORD049476,CUST00527,P017,Jeans,Fashion,Pune,Online,Credit Card,1,2832.98,0.1,2832.98,2549.68,0,347.54,2024,6,June,Friday,2832.98,2549.6820000000002
2024-06-14,ORD044321,CUST03876,P013,Monitor,Electronics,Hyderabad,Online,Credit Card,4,18906.22,0.1,75624.88,68062.39,0,6076.97,2024,6,June,Friday,75624.88,68062.392
2024-06-15,ORD030835,CUST00939,P007,Backpack,Accessories,Surat,Online,Credit Card,1,2342.13,0.05,2342.13,2225.02,0,225.65,2024,6,June,Saturday,2342.13,2225.0235
2024-06-15,ORD034128,CUST00989,P007,Backpack,Accessories,Ahmedabad,Online,Credit Card,2,2115.0,0.2,4230.0,3384.0,0,496.01,2024,6,June,Saturday,4230.0,3384.0
2024-06-15,ORD005997,CUST01631,P005,Office Chair,Furniture,Ahmedabad,Online,UPI,1,8737.72,0.2,8737.72,6990.18,1,-349.51,2024,6,June,Saturday,8737.72,6990.1759999999995
2024-06-15,ORD026201,CUST04018,P015,Dining Table,Furniture,Chennai,Online,Credit Card,1,20630.81,0.1,20630.81,18567.73,0,4530.82,2024,6,June,Saturday,20630.81,18567.729000000003
2024-06-15,ORD023350,CUST02035,P007,Backpack,Accessories,Chennai,Store,UPI,5,2022.82,0.15,10114.1,8596.98,0,1583.91,2024,6,June,Saturday,10114.1,8596.985
2024-06-15,ORD038237,CUST04561,P017,Jeans,Fashion,Delhi,Online,UPI,2,2837.03,0.25,5674.06,4255.54,0,383.59,2024,6,June,Saturday,5674.06,4255.545
2024-06-15,ORD007316,CUST03141,P019,Vacuum Cleaner,Home,Delhi,Online,Debit Card,3,9168.58,0.0,27505.74,27505.74,0,2426.81,2024,6,June,Saturday,27505.739999999998,27505.74
2024-06-15,ORD049044,CUST02088,P020,Microwave,Home,Mumbai,Store,Credit Card,2,12069.82,0.15,24139.64,20518.69,0,1563.93,2024,6,June,Saturday,24139.64,20518.694
2024-06-15,ORD024056,CUST00541,P006,Desk,Furniture,Ahmedabad,Store,UPI,1,10827.77,0.2,10827.77,8662.22,0,1179.24,2024,6,June,Saturday,10827.77,8662.216
2024-06-15,ORD045183,CUST04756,P007,Backpack,Accessories,Ahmedabad,Online,Credit Card,1,2310.2,0.2,2310.2,1848.16,0,372.78,2024,6,June,Saturday,2310.2,1848.1599999999999
2024-06-15,ORD028814,CUST03595,P020,Microwave,Home,Jaipur,Store,Credit Card,1,10965.33,0.05,10965.33,10417.06,0,1368.56,2024,6,June,Saturday,10965.33,10417.0635
2024-06-15,ORD031715,CUST00728,P018,Jacket,Fashion,Delhi,Online,UPI,1,4989.58,0.15,4989.58,4241.14,0,451.98,2024,6,June,Saturday,4989.58,4241.143
2024-06-15,ORD011181,CUST02378,P013,Monitor,Electronics,Hyderabad,Store,Debit Card,2,17346.87,0.05,34693.74,32959.05,0,3044.1,2024,6,June,Saturday,34693.74,32959.053
2024-06-15,ORD022452,CUST02408,P016,Sofa,Furniture,Mumbai,Online,Credit Card,4,38347.76,0.1,153391.04,138051.94,0,10540.62,2024,6,June,Saturday,153391.04,138051.93600000002
2024-06-15,ORD032304,CUST03556,P002,Smartphone,Electronics,Ahmedabad,Store,UPI,3,28528.44,0.1,85585.32,77026.79,0,15729.69,2024,6,June,Saturday,85585.31999999999,77026.78800000002
2024-06-15,ORD034328,CUST04096,P003,Headphones,Electronics,Kolkata,Online,Debit Card,1,4809.56,0.05,4809.56,4569.08,0,603.37,2024,6,June,Saturday,4809.56,4569.082
2024-06-15,ORD014924,CUST01262,P014,Keyboard,Electronics,Surat,Online,UPI,2,2602.21,0.05,5204.42,4944.2,0,1431.28,2024,6,June,Saturday,5204.42,4944.199
2024-06-15,ORD028833,CUST03379,P016,Sofa,Furniture,Bengaluru,Online,Credit Card,4,33360.59,0.1,133442.36,120098.12,0,7592.46,2024,6,June,Saturday,133442.36,120098.124
2024-06-15,ORD043511,CUST04254,P003,Headphones,Electronics,Ahmedabad,Store,Credit Card,1,4103.32,0.05,4103.32,3898.15,0,847.51,2024,6,June,Saturday,4103.32,3898.1539999999995
2024-06-15,ORD006324,CUST03240,P003,Headphones,Electronics,Delhi,Online,Debit Card,4,4890.18,0.1,19560.72,17604.65,1,-880.23,2024,6,June,Saturday,19560.72,17604.648
2024-06-15,ORD037333,CUST00292,P015,Dining Table,Furniture,Surat,Online,UPI,1,20653.75,0.05,20653.75,19621.06,0,5630.24,2024,6,June,Saturday,20653.75,19621.0625
2024-06-15,ORD018691,CUST04043,P010,Coffee Maker,Home,Jaipur,Online,Credit Card,1,5638.2,0.2,5638.2,4510.56,0,198.71,2024,6,June,Saturday,5638.2,4510.56
2024-06-15,ORD033554,CUST01240,P019,Vacuum Cleaner,Home,Ahmedabad,Store,Cash,5,8970.73,0.05,44853.65,42610.97,0,5173.27,2024,6,June,Saturday,44853.649999999994,42610.9675
2024-06-15,ORD043064,CUST01268,P007,Backpack,Accessories,Chennai,Store,UPI,1,2253.8,0.15,2253.8,1915.73,0,434.13,2024,6,June,Saturday,2253.8,1915.73
2024-06-15,ORD015821,CUST00913,P019,Vacuum Cleaner,Home,Pune,Store,Credit Card,2,9541.04,0.25,19082.08,14311.56,0,1111.81,2024,6,June,Saturday,19082.08,14311.560000000001
2024-06-15,ORD005481,CUST00269,P019,Vacuum Cleaner,Home,Surat,Store,UPI,1,9780.6,0.0,9780.6,9780.6,0,1736.62,2024,6,June,Saturday,9780.6,9780.6
2024-06-15,ORD021910,CUST00399,P018,Jacket,Fashion,Pune,Store,Cash,4,5248.3,0.0,20993.2,20993.2,0,4919.49,2024,6,June,Saturday,20993.2,20993.2
2024-06-15,ORD010293,CUST04290,P020,Microwave,Home,Delhi,Store,UPI,1,10021.83,0.15,10021.83,8518.56,0,1552.02,2024,6,June,Saturday,10021.83,8518.5555
2024-06-15,ORD008292,CUST04658,P018,Jacket,Fashion,Hyderabad,Store,UPI,1,5510.3,0.1,5510.3,4959.27,0,767.83,2024,6,June,Saturday,5510.3,4959.27
2024-06-15,ORD049598,CUST01698,P003,Headphones,Electronics,Bengaluru,Online,Credit Card,2,4388.85,0.1,8777.7,7899.93,0,858.86,2024,6,June,Saturday,8777.7,7899.930000000001
2024-06-15,ORD038054,CUST02502,P014,Keyboard,Electronics,Hyderabad,Online,Net Banking,2,2352.24,0.1,4704.48,4234.03,0,990.49,2024,6,June,Saturday,4704.48,4234.032
2024-06-15,ORD002168,CUST04355,P013,Monitor,Electronics,Hyderabad,Online,Credit Card,1,19607.96,0.1,19607.96,17647.16,0,4045.32,2024,6,June,Saturday,19607.96,17647.164
2024-06-15,ORD036399,CUST00632,P009,T-Shirt,Fashion,Kolkata,Online,Credit Card,1,1295.16,0.1,1295.16,1165.64,0,308.01,2024,6,June,Saturday,1295.16,1165.644
2024-06-15,ORD003905,CUST01343,P020,Microwave,Home,Chennai,Online,UPI,2,11571.87,0.1,23143.74,20829.37,0,2900.69,2024,6,June,Saturday,23143.74,20829.366
2024-06-15,ORD036406,CUST04154,P008,Running Shoes,Fashion,Mumbai,Online,Credit Card,1,3945.77,0.05,3945.77,3748.48,0,442.58,2024,6,June,Saturday,3945.77,3748.4815
2024-06-15,ORD033404,CUST03537,P012,Air Fryer,Home,Jaipur,Online,UPI,2,6725.96,0.05,13451.92,12779.32,0,1489.12,2024,6,June,Saturday,13451.92,12779.323999999999
2024-06-15,ORD040820,CUST04055,P020,Microwave,Home,Kolkata,Store,UPI,1,10675.23,0.25,10675.23,8006.42,0,1031.28,2024,6,June,Saturday,10675.23,8006.4225
2024-06-15,ORD016247,CUST00136,P019,Vacuum Cleaner,Home,Ahmedabad,Online,Debit Card,4,9574.33,0.05,38297.32,36382.45,0,9314.59,2024,6,June,Saturday,38297.32,36382.454
2024-06-15,ORD022231,CUST04849,P005,Office Chair,Furniture,Pune,Online,Debit Card,3,9732.11,0.1,29196.33,26276.7,0,6431.04,2024,6,June,Saturday,29196.33,26276.697000000004
2024-06-15,ORD005732,CUST04189,P003,Headphones,Electronics,Surat,Store,Credit Card,1,4425.06,0.0,4425.06,4425.06,0,466.04,2024,6,June,Saturday,4425.06,4425.06
2024-06-15,ORD020660,CUST04194,P016,Sofa,Furniture,Ahmedabad,Store,Debit Card,2,35778.38,0.1,71556.76,64401.08,0,9180.23,2024,6,June,Saturday,71556.76,64401.083999999995
2024-06-15,ORD016945,CUST02819,P020,Microwave,Home,Ahmedabad,Store,Net Banking,1,10648.62,0.0,10648.62,10648.62,0,3004.11,2024,6,June,Saturday,10648.62,10648.62
2024-06-15,ORD046122,CUST02587,P016,Sofa,Furniture,Jaipur,Online,Net Banking,2,37947.8,0.2,75895.6,60716.48,1,-3035.82,2024,6,June,Saturday,75895.6,60716.48000000001
2024-06-15,ORD042449,CUST03033,P003,Headphones,Electronics,Delhi,Online,Credit Card,4,4354.68,0.0,17418.72,17418.72,0,4659.67,2024,6,June,Saturday,17418.72,17418.72
2024-06-15,ORD003854,CUST02120,P009,T-Shirt,Fashion,Ahmedabad,Store,Credit Card,1,1094.79,0.0,1094.79,1094.79,0,266.99,2024,6,June,Saturday,1094.79,1094.79
2024-06-15,ORD043965,CUST00546,P016,Sofa,Furniture,Delhi,Store,UPI,2,36938.13,0.15,73876.26,62794.82,0,16276.9,2024,6,June,Saturday,73876.26,62794.820999999996
2024-06-15,ORD030502,CUST02692,P020,Microwave,Home,Ahmedabad,Online,UPI,4,11427.51,0.05,45710.04,43424.54,0,6916.6,2024,6,June,Saturday,45710.04,43424.538
2024-06-15,ORD049324,CUST01448,P002,Smartphone,Electronics,Chennai,Online,Credit Card,1,25901.23,0.05,25901.23,24606.17,0,4518.19,2024,6,June,Saturday,25901.23,24606.1685
2024-06-15,ORD011403,CUST04212,P002,Smartphone,Electronics,Delhi,Online,Credit Card,1,26944.78,0.15,26944.78,22903.06,0,5490.87,2024,6,June,Saturday,26944.78,22903.063
2024-06-15,ORD001408,CUST03415,P015,Dining Table,Furniture,Surat,Online,UPI,3,20879.01,0.15,62637.03,53241.48,0,2810.16,2024,6,June,Saturday,62637.03,53241.4755
2024-06-15,ORD027394,CUST04391,P003,Headphones,Electronics,Pune,Online,UPI,5,4519.87,0.0,22599.35,22599.35,0,2649.33,2024,6,June,Saturday,22599.35,22599.35
2024-06-15,ORD017000,CUST01746,P009,T-Shirt,Fashion,Surat,Online,Net Banking,2,1199.73,0.0,2399.46,2399.46,0,324.15,2024,6,June,Saturday,2399.46,2399.46
2024-06-15,ORD028987,CUST03450,P010,Coffee Maker,Home,Jaipur,Online,Credit Card,3,5907.81,0.0,17723.43,17723.43,0,2275.44,2024,6,June,Saturday,17723.43,17723.43
2024-06-15,ORD047959,CUST02929,P019,Vacuum Cleaner,Home,Chennai,Online,UPI,1,8213.25,0.0,8213.25,8213.25,0,768.59,2024,6,June,Saturday,8213.25,8213.25
2024-06-15,ORD010315,CUST03336,P014,Keyboard,Electronics,Delhi,Store,UPI,2,2315.1,0.0,4630.2,4630.2,0,557.29,2024,6,June,Saturday,4630.2,4630.2
2024-06-15,ORD019692,CUST00342,P011,Mixer Grinder,Home,Jaipur,Store,UPI,3,4919.99,0.0,14759.97,14759.97,0,2749.3,2024,6,June,Saturday,14759.97,14759.97
2024-06-15,ORD003402,CUST04149,P006,Desk,Furniture,Surat,Online,Credit Card,1,11960.81,0.1,11960.81,10764.73,0,2993.71,2024,6,June,Saturday,11960.81,10764.729
2024-06-15,ORD014710,CUST00862,P003,Headphones,Electronics,Chennai,Store,Debit Card,1,4241.07,0.1,4241.07,3816.96,0,256.06,2024,6,June,Saturday,4241.07,3816.9629999999997
2024-06-15,ORD007140,CUST02692,P001,Laptop,Electronics,Kolkata,Online,UPI,1,64048.57,0.0,64048.57,64048.57,0,7268.84,2024,6,June,Saturday,64048.57,64048.57
2024-06-15,ORD033210,CUST04057,P002,Smartphone,Electronics,Mumbai,Online,Debit Card,2,28465.54,0.2,56931.08,45544.86,0,9945.33,2024,6,June,Saturday,56931.08,45544.864
2024-06-15,ORD006391,CUST03379,P003,Headphones,Electronics,Delhi,Store,Cash,1,4676.7,0.05,4676.7,4442.86,0,737.16,2024,6,June,Saturday,4676.7,4442.865
2024-06-15,ORD017750,CUST02005,P005,Office Chair,Furniture,Kolkata,Store,UPI,2,8661.88,0.1,17323.76,15591.38,0,4111.64,2024,6,June,Saturday,17323.76,15591.383999999998
2024-06-15,ORD001052,CUST03707,P018,Jacket,Fashion,Surat,Store,Credit Card,2,5157.16,0.1,10314.32,9282.89,1,-464.14,2024,6,June,Saturday,10314.32,9282.888
2024-06-15,ORD022789,CUST00532,P016,Sofa,Furniture,Bengaluru,Store,Debit Card,1,34752.05,0.25,34752.05,26064.04,0,5451.99,2024,6,June,Saturday,34752.05,26064.037500000002
2024-06-15,ORD000293,CUST00509,P002,Smartphone,Electronics,Jaipur,Online,Debit Card,2,27785.61,0.15,55571.22,47235.54,0,9579.89,2024,6,June,Saturday,55571.22,47235.537
2024-06-15,ORD030317,CUST02953,P005,Office Chair,Furniture,Jaipur,Store,UPI,1,8875.56,0.15,8875.56,7544.23,0,1499.49,2024,6,June,Saturday,8875.56,7544.226
2024-06-15,ORD028616,CUST01667,P001,Laptop,Electronics,Jaipur,Online,Credit Card,1,71148.85,0.1,71148.85,64033.96,0,15152.98,2024,6,June,Saturday,71148.85,64033.965000000004
2024-06-15,ORD047483,CUST02741,P017,Jeans,Fashion,Ahmedabad,Online,Net Banking,2,2778.33,0.05,5556.66,5278.83,0,988.71,2024,6,June,Saturday,5556.66,5278.826999999999
2024-06-15,ORD008659,CUST02479,P006,Desk,Furniture,Mumbai,Online,Credit Card,1,11805.2,0.0,11805.2,11805.2,0,1574.41,2024,6,June,Saturday,11805.2,11805.2
2024-06-15,ORD038856,CUST01161,P004,Smartwatch,Electronics,Jaipur,Online,UPI,1,7202.64,0.1,7202.64,6482.38,0,1418.15,2024,6,June,Saturday,7202.64,6482.376
2024-06-16,ORD006123,CUST01799,P016,Sofa,Furniture,Hyderabad,Store,UPI,4,34124.02,0.0,136496.08,136496.08,0,25275.77,2024,6,June,Sunday,136496.08,136496.08
2024-06-16,ORD028895,CUST01018,P007,Backpack,Accessories,Kolkata,Online,Net Banking,4,2146.75,0.15,8587.0,7298.95,0,1379.52,2024,6,June,Sunday,8587.0,7298.95
2024-06-16,ORD019523,CUST00757,P005,Office Chair,Furniture,Chennai,Store,Cash,2,9636.75,0.1,19273.5,17346.15,0,4457.04,2024,6,June,Sunday,19273.5,17346.15
2024-06-16,ORD019937,CUST02669,P016,Sofa,Furniture,Ahmedabad,Online,UPI,1,36853.96,0.1,36853.96,33168.56,0,4161.3,2024,6,June,Sunday,36853.96,33168.564
2024-06-16,ORD016936,CUST03668,P005,Office Chair,Furniture,Bengaluru,Online,Credit Card,2,10141.54,0.1,20283.08,18254.77,0,4647.77,2024,6,June,Sunday,20283.08,18254.772
2024-06-16,ORD030828,CUST03427,P005,Office Chair,Furniture,Surat,Online,UPI,5,9330.7,0.05,46653.5,44320.82,0,11995.94,2024,6,June,Sunday,46653.5,44320.825
2024-06-16,ORD034230,CUST00094,P001,Laptop,Electronics,Kolkata,Store,Credit Card,1,66821.69,0.0,66821.69,66821.69,0,11401.82,2024,6,June,Sunday,66821.69,66821.69
2024-06-16,ORD011816,CUST02396,P004,Smartwatch,Electronics,Pune,Store,UPI,1,7323.56,0.0,7323.56,7323.56,0,2010.34,2024,6,June,Sunday,7323.56,7323.56
2024-06-16,ORD044722,CUST04594,P007,Backpack,Accessories,Pune,Online,Debit Card,2,2146.71,0.2,4293.42,3434.74,0,303.91,2024,6,June,Sunday,4293.42,3434.7360000000003
2024-06-16,ORD011069,CUST00004,P019,Vacuum Cleaner,Home,Pune,Store,Credit Card,4,8390.54,0.0,33562.16,33562.16,0,4008.92,2024,6,June,Sunday,33562.16,33562.16
2024-06-16,ORD006895,CUST02564,P001,Laptop,Electronics,Chennai,Online,Credit Card,5,70854.16,0.1,354270.8,318843.72,0,61753.85,2024,6,June,Sunday,354270.80000000005,318843.72
2024-06-16,ORD046181,CUST00890,P004,Smartwatch,Electronics,Surat,Online,Credit Card,2,6429.85,0.05,12859.7,12216.72,1,-610.84,2024,6,June,Sunday,12859.7,12216.715
2024-06-16,ORD037810,CUST01763,P008,Running Shoes,Fashion,Mumbai,Online,UPI,2,4392.67,0.15,8785.34,7467.54,0,1830.61,2024,6,June,Sunday,8785.34,7467.539
2024-06-16,ORD035635,CUST04857,P001,Laptop,Electronics,Delhi,Online,Net Banking,2,64625.25,0.05,129250.5,122787.98,0,34488.67,2024,6,June,Sunday,129250.5,122787.97499999999
2024-06-16,ORD044671,CUST02426,P003,Headphones,Electronics,Ahmedabad,Online,Cash,1,4837.44,0.05,4837.44,4595.57,0,667.89,2024,6,June,Sunday,4837.44,4595.567999999999
2024-06-16,ORD043757,CUST01159,P018,Jacket,Fashion,Delhi,Online,Credit Card,2,5304.24,0.05,10608.48,10078.06,0,2495.42,2024,6,June,Sunday,10608.48,10078.055999999999
2024-06-16,ORD032851,CUST03290,P002,Smartphone,Electronics,Delhi,Online,Debit Card,1,26183.07,0.2,26183.07,20946.46,0,3998.74,2024,6,June,Sunday,26183.07,20946.456000000002
2024-06-16,ORD027930,CUST02857,P012,Air Fryer,Home,Kolkata,Online,UPI,1,7222.0,0.05,7222.0,6860.9,0,1357.92,2024,6,June,Sunday,7222.0,6860.9
2024-06-16,ORD046736,CUST02229,P007,Backpack,Accessories,Chennai,Online,Cash,2,2287.06,0.05,4574.12,4345.41,0,996.31,2024,6,June,Sunday,4574.12,4345.414
2024-06-16,ORD008166,CUST01823,P005,Office Chair,Furniture,Jaipur,Store,Cash,2,8610.97,0.2,17221.94,13777.55,0,958.9,2024,6,June,Sunday,17221.94,13777.552
2024-06-16,ORD043842,CUST01051,P011,Mixer Grinder,Home,Hyderabad,Online,UPI,1,4620.69,0.1,4620.69,4158.62,0,340.6,2024,6,June,Sunday,4620.69,4158.621
2024-06-16,ORD035271,CUST01237,P004,Smartwatch,Electronics,Kolkata,Store,UPI,1,6426.13,0.05,6426.13,6104.82,0,1115.89,2024,6,June,Sunday,6426.13,6104.8234999999995
2024-06-16,ORD044190,CUST00913,P010,Coffee Maker,Home,Mumbai,Store,UPI,1,5075.19,0.1,5075.19,4567.67,0,800.85,2024,6,June,Sunday,5075.19,4567.670999999999
2024-06-16,ORD030576,CUST00490,P013,Monitor,Electronics,Hyderabad,Online,Net Banking,2,17666.2,0.0,35332.4,35332.4,0,8922.87,2024,6,June,Sunday,35332.4,35332.4
2024-06-16,ORD003753,CUST01062,P004,Smartwatch,Electronics,Jaipur,Online,UPI,1,7500.08,0.1,7500.08,6750.07,0,1640.4,2024,6,June,Sunday,7500.08,6750.072
2024-06-16,ORD012755,CUST02135,P012,Air Fryer,Home,Mumbai,Online,Credit Card,1,6764.58,0.0,6764.58,6764.58,0,1081.3,2024,6,June,Sunday,6764.58,6764.58
2024-06-16,ORD019872,CUST04086,P015,Dining Table,Furniture,Kolkata,Online,Net Banking,1,20423.84,0.1,20423.84,18381.46,0,2487.38,2024,6,June,Sunday,20423.84,18381.456000000002
2024-06-16,ORD021589,CUST02475,P018,Jacket,Fashion,Kolkata,Online,Credit Card,1,4725.05,0.2,4725.05,3780.04,0,438.09,2024,6,June,Sunday,4725.05,3780.0400000000004
2024-06-16,ORD021700,CUST02469,P017,Jeans,Fashion,Bengaluru,Online,Credit Card,2,2539.44,0.25,5078.88,3809.16,0,252.94,2024,6,June,Sunday,5078.88,3809.16
2024-06-16,ORD038463,CUST03544,P012,Air Fryer,Home,Chennai,Store,Credit Card,4,6496.5,0.0,25986.0,25986.0,0,7001.04,2024,6,June,Sunday,25986.0,25986.0
2024-06-16,ORD002566,CUST02135,P015,Dining Table,Furniture,Hyderabad,Store,UPI,4,20156.85,0.1,80627.4,72564.66,0,10604.86,2024,6,June,Sunday,80627.4,72564.66
2024-06-16,ORD045988,CUST01140,P007,Backpack,Accessories,Bengaluru,Store,Debit Card,3,2086.42,0.05,6259.26,5946.3,1,-297.32,2024,6,June,Sunday,6259.26,5946.297
2024-06-16,ORD022249,CUST01671,P013,Monitor,Electronics,Delhi,Online,Credit Card,1,19581.36,0.15,19581.36,16644.16,0,1623.38,2024,6,June,Sunday,19581.36,16644.156
2024-06-16,ORD047344,CUST02917,P020,Microwave,Home,Chennai,Online,UPI,4,10709.8,0.1,42839.2,38555.28,0,6607.02,2024,6,June,Sunday,42839.2,38555.28
2024-06-16,ORD047031,CUST01327,P013,Monitor,Electronics,Mumbai,Store,UPI,2,17226.54,0.05,34453.08,32730.43,0,6538.12,2024,6,June,Sunday,34453.08,32730.426
2024-06-16,ORD037778,CUST04727,P002,Smartphone,Electronics,Bengaluru,Store,Credit Card,1,28547.32,0.2,28547.32,22837.86,0,5922.68,2024,6,June,Sunday,28547.32,22837.856
2024-06-16,ORD045203,CUST00971,P018,Jacket,Fashion,Surat,Online,UPI,2,4741.01,0.1,9482.02,8533.82,0,788.44,2024,6,June,Sunday,9482.02,8533.818000000001
2024-06-16,ORD007404,CUST02200,P018,Jacket,Fashion,Kolkata,Store,Debit Card,2,5130.48,0.2,10260.96,8208.77,0,629.91,2024,6,June,Sunday,10260.96,8208.768
2024-06-16,ORD006296,CUST02426,P012,Air Fryer,Home,Ahmedabad,Store,Credit Card,1,7042.95,0.1,7042.95,6338.66,0,1082.14,2024,6,June,Sunday,7042.95,6338.655
2024-06-16,ORD031633,CUST04889,P019,Vacuum Cleaner,Home,Kolkata,Store,Credit Card,1,9797.05,0.1,9797.05,8817.34,0,1831.43,2024,6,June,Sunday,9797.05,8817.345
2024-06-16,ORD008691,CUST01330,P004,Smartwatch,Electronics,Jaipur,Store,UPI,1,7180.62,0.25,7180.62,5385.46,0,853.42,2024,6,June,Sunday,7180.62,5385.465
2024-06-16,ORD049140,CUST03981,P005,Office Chair,Furniture,Kolkata,Online,UPI,1,9447.59,0.2,9447.59,7558.07,0,1375.88,2024,6,June,Sunday,9447.59,7558.072
2024-06-16,ORD028508,CUST01085,P016,Sofa,Furniture,Jaipur,Online,Debit Card,2,35293.41,0.05,70586.82,67057.48,0,8279.24,2024,6,June,Sunday,70586.82,67057.479
2024-06-16,ORD021271,CUST02897,P017,Jeans,Fashion,Chennai,Store,Credit Card,1,3055.61,0.05,3055.61,2902.83,0,772.42,2024,6,June,Sunday,3055.61,2902.8295
2024-06-16,ORD012428,CUST00510,P007,Backpack,Accessories,Ahmedabad,Store,Debit Card,5,2345.6,0.0,11728.0,11728.0,0,1415.75,2024,6,June,Sunday,11728.0,11728.0
2024-06-16,ORD014068,CUST02939,P002,Smartphone,Electronics,Kolkata,Online,Net Banking,3,27916.78,0.0,83750.34,83750.34,0,19950.85,2024,6,June,Sunday,83750.34,83750.34
2024-06-16,ORD020613,CUST01433,P018,Jacket,Fashion,Kolkata,Store,Net Banking,2,5551.1,0.1,11102.2,9991.98,0,1727.73,2024,6,June,Sunday,11102.2,9991.980000000001
2024-06-16,ORD004404,CUST00875,P003,Headphones,Electronics,Surat,Online,UPI,2,4613.89,0.0,9227.78,9227.78,0,2600.63,2024,6,June,Sunday,9227.78,9227.78
2024-06-16,ORD041839,CUST02451,P004,Smartwatch,Electronics,Pune,Online,Credit Card,1,7086.05,0.1,7086.05,6377.45,0,1505.08,2024,6,June,Sunday,7086.05,6377.445000000001
2024-06-16,ORD020173,CUST03491,P003,Headphones,Electronics,Pune,Online,Credit Card,3,4283.37,0.1,12850.11,11565.1,0,2295.66,2024,6,June,Sunday,12850.11,11565.099
2024-06-16,ORD002939,CUST00223,P017,Jeans,Fashion,Delhi,Online,UPI,1,2666.4,0.0,2666.4,2666.4,0,713.12,2024,6,June,Sunday,2666.4,2666.4
2024-06-16,ORD002948,CUST02922,P020,Microwave,Home,Kolkata,Online,Net Banking,1,11484.62,0.1,11484.62,10336.16,0,794.87,2024,6,June,Sunday,11484.62,10336.158000000001
2024-06-16,ORD046150,CUST01981,P002,Smartphone,Electronics,Surat,Store,UPI,4,28520.91,0.1,114083.64,102675.28,0,18826.95,2024,6,June,Sunday,114083.64,102675.276
2024-06-16,ORD035079,CUST04147,P016,Sofa,Furniture,Surat,Store,Debit Card,4,32731.27,0.1,130925.08,117832.57,0,31547.56,2024,6,June,Sunday,130925.08,117832.572
2024-06-16,ORD036308,CUST00821,P003,Headphones,Electronics,Ahmedabad,Online,Debit Card,1,4375.44,0.05,4375.44,4156.67,0,671.39,2024,6,June,Sunday,4375.44,4156.668
2024-06-16,ORD041901,CUST00454,P015,Dining Table,Furniture,Kolkata,Online,Debit Card,1,20587.51,0.1,20587.51,18528.76,0,2564.24,2024,6,June,Sunday,20587.51,18528.759
2024-06-16,ORD017909,CUST04630,P002,Smartphone,Electronics,Ahmedabad,Online,UPI,2,30671.06,0.0,61342.12,61342.12,0,17303.43,2024,6,June,Sunday,61342.12,61342.12
2024-06-16,ORD020991,CUST00688,P011,Mixer Grinder,Home,Surat,Online,Credit Card,1,4439.5,0.05,4439.5,4217.52,0,1093.04,2024,6,June,Sunday,4439.5,4217.525
2024-06-16,ORD028549,CUST01470,P015,Dining Table,Furniture,Chennai,Online,Credit Card,1,23431.94,0.15,23431.94,19917.15,0,4612.29,2024,6,June,Sunday,23431.94,19917.148999999998
2024-06-16,ORD028358,CUST03124,P005,Office Chair,Furniture,Hyderabad,Store,Debit Card,1,9163.38,0.15,9163.38,7788.87,1,-389.44,2024,6,June,Sunday,9163.38,7788.872999999999
2024-06-16,ORD031089,CUST00925,P009,T-Shirt,Fashion,Kolkata,Online,UPI,1,1209.37,0.1,1209.37,1088.43,0,236.04,2024,6,June,Sunday,1209.37,1088.433
2024-06-16,ORD046289,CUST03871,P017,Jeans,Fashion,Bengaluru,Store,UPI,1,3060.3,0.1,3060.3,2754.27,0,692.99,2024,6,June,Sunday,3060.3,2754.2700000000004
2024-06-16,ORD023287,CUST00593,P017,Jeans,Fashion,Chennai,Store,Credit Card,2,2819.05,0.05,5638.1,5356.2,0,1170.08,2024,6,June,Sunday,5638.1,5356.195
2024-06-16,ORD023174,CUST00126,P015,Dining Table,Furniture,Delhi,Online,Credit Card,1,20338.02,0.05,20338.02,19321.12,0,3261.93,2024,6,June,Sunday,20338.02,19321.119
2024-06-16,ORD036138,CUST01768,P005,Office Chair,Furniture,Bengaluru,Store,UPI,1,10114.73,0.1,10114.73,9103.26,0,973.05,2024,6,June,Sunday,10114.73,9103.257
2024-06-16,ORD032692,CUST01675,P010,Coffee Maker,Home,Jaipur,Online,Credit Card,4,5839.86,0.0,23359.44,23359.44,0,3104.78,2024,6,June,Sunday,23359.44,23359.44
2024-06-16,ORD042633,CUST02650,P013,Monitor,Electronics,Chennai,Online,Credit Card,1,17492.2,0.15,17492.2,14868.37,0,1397.15,2024,6,June,Sunday,17492.2,14868.37
2024-06-16,ORD016534,CUST04329,P018,Jacket,Fashion,Ahmedabad,Store,UPI,2,5240.07,0.15,10480.14,8908.12,0,1741.97,2024,6,June,Sunday,10480.14,8908.118999999999
2024-06-16,ORD031619,CUST01914,P005,Office Chair,Furniture,Bengaluru,Online,UPI,1,9249.12,0.1,9249.12,8324.21,0,2245.98,2024,6,June,Sunday,9249.12,8324.208
2024-06-16,ORD000893,CUST02703,P004,Smartwatch,Electronics,Ahmedabad,Online,Net Banking,5,6730.81,0.2,33654.05,26923.24,0,6050.95,2024,6,June,Sunday,33654.05,26923.240000000005
2024-06-16,ORD024988,CUST02350,P019,Vacuum Cleaner,Home,Hyderabad,Store,Net Banking,4,8528.88,0.2,34115.52,27292.42,0,5848.9,2024,6,June,Sunday,34115.52,27292.415999999997
2024-06-16,ORD020783,CUST03617,P018,Jacket,Fashion,Jaipur,Online,Debit Card,1,5115.09,0.2,5115.09,4092.07,0,822.33,2024,6,June,Sunday,5115.09,4092.072
2024-06-16,ORD034282,CUST03229,P014,Keyboard,Electronics,Chennai,Store,Debit Card,2,2329.07,0.05,4658.14,4425.23,0,1155.21,2024,6,June,Sunday,4658.14,4425.233
2024-06-16,ORD043241,CUST03461,P008,Running Shoes,Fashion,Mumbai,Store,Credit Card,1,4548.2,0.15,4548.2,3865.97,0,280.42,2024,6,June,Sunday,4548.2,3865.97
2024-06-16,ORD046269,CUST01478,P018,Jacket,Fashion,Delhi,Store,UPI,1,5440.9,0.15,5440.9,4624.76,0,559.97,2024,6,June,Sunday,5440.9,4624.764999999999
2024-06-16,ORD001364,CUST03043,P015,Dining Table,Furniture,Bengaluru,Online,Credit Card,1,24134.04,0.1,24134.04,21720.64,0,2668.62,2024,6,June,Sunday,24134.04,21720.636000000002
2024-06-16,ORD000449,CUST02669,P020,Microwave,Home,Jaipur,Online,UPI,1,10692.83,0.0,10692.83,10692.83,0,1766.88,2024,6,June,Sunday,10692.83,10692.83
2024-06-16,ORD024915,CUST04986,P008,Running Shoes,Fashion,Chennai,Online,Debit Card,4,3885.52,0.05,15542.08,14764.98,0,2014.22,2024,6,June,Sunday,15542.08,14764.975999999999
2024-06-16,ORD028221,CUST03074,P001,Laptop,Electronics,Bengaluru,Online,UPI,3,63553.64,0.0,190660.92,190660.92,1,-9533.05,2024,6,June,Sunday,190660.91999999998,190660.92
2024-06-16,ORD020729,CUST04206,P005,Office Chair,Furniture,Hyderabad,Online,Credit Card,3,8793.28,0.2,26379.84,21103.87,0,2814.4,2024,6,June,Sunday,26379.840000000004,21103.872000000003
2024-06-16,ORD023250,CUST00742,P004,Smartwatch,Electronics,Ahmedabad,Online,UPI,2,6421.28,0.15,12842.56,10916.18,1,-545.81,2024,6,June,Sunday,12842.56,10916.176
2024-06-16,ORD014258,CUST00179,P007,Backpack,Accessories,Bengaluru,Store,UPI,1,2080.59,0.1,2080.59,1872.53,0,448.77,2024,6,June,Sunday,2080.59,1872.5310000000002
2024-06-16,ORD033369,CUST04782,P005,Office Chair,Furniture,Jaipur,Store,Debit Card,2,10026.33,0.05,20052.66,19050.03,0,2950.63,2024,6,June,Sunday,20052.66,19050.027
2024-06-16,ORD002891,CUST03316,P001,Laptop,Electronics,Surat,Online,UPI,1,65840.14,0.1,65840.14,59256.13,0,11927.31,2024,6,June,Sunday,65840.14,59256.126000000004
2024-06-17,ORD036651,CUST02730,P020,Microwave,Home,Mumbai,Online,UPI,1,10046.12,0.2,10046.12,8036.9,0,1605.98,2024,6,June,Monday,10046.12,8036.896000000001
2024-06-17,ORD046040,CUST02559,P018,Jacket,Fashion,Kolkata,Online,Cash,3,5320.3,0.0,15960.9,15960.9,0,4033.97,2024,6,June,Monday,15960.900000000001,15960.9
2024-06-17,ORD031341,CUST03617,P001,Laptop,Electronics,Delhi,Store,Credit Card,1,64899.56,0.1,64899.56,58409.6,0,4129.42,2024,6,June,Monday,64899.56,58409.604
2024-06-17,ORD045250,CUST02033,P006,Desk,Furniture,Kolkata,Online,UPI,1,12443.4,0.15,12443.4,10576.89,1,-528.84,2024,6,June,Monday,12443.4,10576.89
2024-06-17,ORD035721,CUST00733,P011,Mixer Grinder,Home,Kolkata,Store,Credit Card,2,4780.12,0.1,9560.24,8604.22,0,2040.49,2024,6,June,Monday,9560.24,8604.216
2024-06-17,ORD027861,CUST02785,P001,Laptop,Electronics,Delhi,Online,UPI,3,60275.27,0.2,180825.81,144660.65,0,10839.48,2024,6,June,Monday,180825.81,144660.64800000002
2024-06-17,ORD034943,CUST02779,P013,Monitor,Electronics,Hyderabad,Online,UPI,2,18767.37,0.2,37534.74,30027.79,1,-1501.39,2024,6,June,Monday,37534.74,30027.792
2024-06-17,ORD027212,CUST01659,P020,Microwave,Home,Chennai,Online,Cash,1,11657.73,0.05,11657.73,11074.84,0,3000.65,2024,6,June,Monday,11657.73,11074.843499999999
2024-06-17,ORD013578,CUST02740,P003,Headphones,Electronics,Kolkata,Online,UPI,1,4633.97,0.0,4633.97,4633.97,0,549.83,2024,6,June,Monday,4633.97,4633.97
2024-06-17,ORD014348,CUST01695,P002,Smartphone,Electronics,Hyderabad,Store,Credit Card,2,30139.67,0.05,60279.34,57265.37,0,13606.32,2024,6,June,Monday,60279.34,57265.37299999999
2024-06-17,ORD016637,CUST01103,P003,Headphones,Electronics,Mumbai,Online,UPI,2,4307.54,0.05,8615.08,8184.33,0,1791.53,2024,6,June,Monday,8615.08,8184.325999999999
2024-06-17,ORD036668,CUST04451,P010,Coffee Maker,Home,Kolkata,Online,UPI,5,5220.6,0.15,26103.0,22187.55,0,2314.57,2024,6,June,Monday,26103.0,22187.55
2024-06-17,ORD042476,CUST04910,P005,Office Chair,Furniture,Pune,Online,Debit Card,3,10373.97,0.05,31121.91,29565.81,0,8317.55,2024,6,June,Monday,31121.909999999996,29565.814499999997
2024-06-17,ORD039381,CUST01600,P020,Microwave,Home,Kolkata,Store,UPI,4,11407.37,0.25,45629.48,34222.11,0,1915.51,2024,6,June,Monday,45629.48,34222.11
2024-06-17,ORD003171,CUST03356,P011,Mixer Grinder,Home,Surat,Store,Credit Card,1,4759.64,0.1,4759.64,4283.68,0,649.45,2024,6,June,Monday,4759.64,4283.676
2024-06-17,ORD034794,CUST03526,P003,Headphones,Electronics,Mumbai,Online,Debit Card,1,4664.98,0.1,4664.98,4198.48,0,803.85,2024,6,June,Monday,4664.98,4198.482
2024-06-17,ORD032105,CUST02779,P008,Running Shoes,Fashion,Ahmedabad,Online,UPI,2,3955.06,0.15,7910.12,6723.6,0,766.13,2024,6,June,Monday,7910.12,6723.602
2024-06-17,ORD001787,CUST03820,P007,Backpack,Accessories,Bengaluru,Store,Credit Card,4,2338.87,0.15,9355.48,7952.16,0,2099.2,2024,6,June,Monday,9355.48,7952.157999999999
2024-06-17,ORD034804,CUST00541,P019,Vacuum Cleaner,Home,Hyderabad,Online,UPI,1,9488.67,0.1,9488.67,8539.8,1,-426.99,2024,6,June,Monday,9488.67,8539.803
2024-06-17,ORD028467,CUST02360,P008,Running Shoes,Fashion,Surat,Online,Credit Card,1,4564.75,0.05,4564.75,4336.51,0,590.02,2024,6,June,Monday,4564.75,4336.5125
2024-06-17,ORD017033,CUST03323,P011,Mixer Grinder,Home,Hyderabad,Online,UPI,5,4805.03,0.1,24025.15,21622.64,0,4742.79,2024,6,June,Monday,24025.149999999998,21622.635000000002
2024-06-17,ORD042637,CUST00627,P019,Vacuum Cleaner,Home,Jaipur,Store,Debit Card,2,8710.64,0.05,17421.28,16550.22,0,4656.59,2024,6,June,Monday,17421.28,16550.215999999997
2024-06-17,ORD015795,CUST03294,P020,Microwave,Home,Jaipur,Store,Debit Card,1,11174.07,0.15,11174.07,9497.96,0,1559.57,2024,6,June,Monday,11174.07,9497.959499999999
2024-06-17,ORD039641,CUST01877,P002,Smartphone,Electronics,Pune,Online,UPI,1,28545.76,0.2,28545.76,22836.61,0,2904.28,2024,6,June,Monday,28545.76,22836.608
2024-06-17,ORD009427,CUST01874,P008,Running Shoes,Fashion,Delhi,Online,Credit Card,2,4056.19,0.05,8112.38,7706.76,0,2095.21,2024,6,June,Monday,8112.38,7706.7609999999995
2024-06-17,ORD049083,CUST00466,P014,Keyboard,Electronics,Kolkata,Online,Net Banking,2,2343.96,0.15,4687.92,3984.73,0,294.22,2024,6,June,Monday,4687.92,3984.732
2024-06-17,ORD027801,CUST03735,P017,Jeans,Fashion,Kolkata,Online,UPI,1,3037.4,0.1,3037.4,2733.66,0,260.45,2024,6,June,Monday,3037.4,2733.6600000000003
2024-06-17,ORD022053,CUST00359,P001,Laptop,Electronics,Delhi,Online,Debit Card,2,60104.17,0.1,120208.34,108187.51,0,18661.27,2024,6,June,Monday,120208.34,108187.506
2024-06-17,ORD000873,CUST03428,P018,Jacket,Fashion,Jaipur,Online,UPI,4,5203.19,0.0,20812.76,20812.76,0,5878.43,2024,6,June,Monday,20812.76,20812.76
2024-06-17,ORD011083,CUST03045,P012,Air Fryer,Home,Hyderabad,Online,Credit Card,1,6879.5,0.0,6879.5,6879.5,0,1785.87,2024,6,June,Monday,6879.5,6879.5
2024-06-17,ORD036486,CUST00029,P016,Sofa,Furniture,Surat,Online,Net Banking,3,31995.45,0.1,95986.35,86387.72,0,7020.24,2024,6,June,Monday,95986.35,86387.71500000001
2024-06-17,ORD013558,CUST00882,P015,Dining Table,Furniture,Pune,Online,UPI,1,20771.23,0.15,20771.23,17655.55,0,2708.35,2024,6,June,Monday,20771.23,17655.5455
2024-06-17,ORD011057,CUST00879,P007,Backpack,Accessories,Pune,Store,Net Banking,1,2023.23,0.0,2023.23,2023.23,0,228.33,2024,6,June,Monday,2023.23,2023.23
2024-06-17,ORD036489,CUST02790,P017,Jeans,Fashion,Pune,Online,UPI,1,2878.65,0.15,2878.65,2446.85,0,515.04,2024,6,June,Monday,2878.65,2446.8525
2024-06-17,ORD049998,CUST04462,P002,Smartphone,Electronics,Pune,Online,Credit Card,1,30790.97,0.15,30790.97,26172.32,0,1835.32,2024,6,June,Monday,30790.97,26172.3245
2024-06-17,ORD023252,CUST04033,P004,Smartwatch,Electronics,Hyderabad,Store,Debit Card,1,6477.89,0.2,6477.89,5182.31,0,1184.35,2024,6,June,Monday,6477.89,5182.312000000001
2024-06-17,ORD025991,CUST03655,P014,Keyboard,Electronics,Jaipur,Store,UPI,1,2348.78,0.15,2348.78,1996.46,0,314.9,2024,6,June,Monday,2348.78,1996.4630000000002
2024-06-17,ORD010322,CUST00416,P012,Air Fryer,Home,Pune,Online,UPI,5,7223.35,0.15,36116.75,30699.24,0,5708.68,2024,6,June,Monday,36116.75,30699.2375
2024-06-17,ORD046043,CUST04469,P019,Vacuum Cleaner,Home,Bengaluru,Store,UPI,2,9265.12,0.15,18530.24,15750.7,0,1841.97,2024,6,June,Monday,18530.24,15750.704000000002
2024-06-17,ORD041244,CUST00578,P016,Sofa,Furniture,Hyderabad,Online,Cash,2,37061.37,0.1,74122.74,66710.47,0,12134.83,2024,6,June,Monday,74122.74,66710.466
2024-06-17,ORD044549,CUST03306,P013,Monitor,Electronics,Kolkata,Online,UPI,4,17424.47,0.05,69697.88,66212.99,0,14940.69,2024,6,June,Monday,69697.88,66212.986
2024-06-17,ORD000181,CUST04313,P009,T-Shirt,Fashion,Surat,Online,Cash,1,1109.13,0.05,1109.13,1053.67,0,253.32,2024,6,June,Monday,1109.13,1053.6735
2024-06-17,ORD038340,CUST02072,P017,Jeans,Fashion,Bengaluru,Online,UPI,3,2934.43,0.1,8803.29,7922.96,0,618.47,2024,6,June,Monday,8803.289999999999,7922.961000000001
2024-06-17,ORD043545,CUST03759,P016,Sofa,Furniture,Ahmedabad,Online,Credit Card,1,34800.24,0.1,34800.24,31320.22,1,-1566.01,2024,6,June,Monday,34800.24,31320.216
2024-06-17,ORD023341,CUST04530,P017,Jeans,Fashion,Hyderabad,Online,Debit Card,1,2898.0,0.15,2898.0,2463.3,0,476.41,2024,6,June,Monday,2898.0,2463.2999999999997
2024-06-17,ORD002107,CUST00515,P009,T-Shirt,Fashion,Jaipur,Online,Net Banking,2,1120.48,0.25,2240.96,1680.72,0,101.96,2024,6,June,Monday,2240.96,1680.72
2024-06-17,ORD029445,CUST00539,P004,Smartwatch,Electronics,Chennai,Store,UPI,3,6930.48,0.0,20791.44,20791.44,0,4560.45,2024,6,June,Monday,20791.44,20791.44
2024-06-17,ORD040016,CUST03818,P011,Mixer Grinder,Home,Bengaluru,Online,Debit Card,2,5151.59,0.15,10303.18,8757.7,0,758.52,2024,6,June,Monday,10303.18,8757.703
2024-06-17,ORD003465,CUST02118,P014,Keyboard,Electronics,Delhi,Online,Debit Card,1,2388.07,0.0,2388.07,2388.07,0,649.79,2024,6,June,Monday,2388.07,2388.07
2024-06-17,ORD033544,CUST01014,P006,Desk,Furniture,Surat,Store,Debit Card,2,11148.93,0.05,22297.86,21182.97,0,3677.73,2024,6,June,Monday,22297.86,21182.967
2024-06-17,ORD035145,CUST03422,P001,Laptop,Electronics,Surat,Store,UPI,1,64623.27,0.1,64623.27,58160.94,0,13433.86,2024,6,June,Monday,64623.27,58160.943
2024-06-17,ORD024159,CUST03093,P008,Running Shoes,Fashion,Jaipur,Store,UPI,1,4086.33,0.1,4086.33,3677.7,0,263.88,2024,6,June,Monday,4086.33,3677.697
2024-06-17,ORD021391,CUST02804,P006,Desk,Furniture,Hyderabad,Store,Credit Card,3,11492.98,0.1,34478.94,31031.05,0,2486.87,2024,6,June,Monday,34478.94,31031.046000000002
2024-06-17,ORD047462,CUST03959,P013,Monitor,Electronics,Delhi,Online,UPI,1,19263.2,0.1,19263.2,17336.88,1,-866.84,2024,6,June,Monday,19263.2,17336.88
2024-06-17,ORD048188,CUST02727,P010,Coffee Maker,Home,Ahmedabad,Online,UPI,2,5471.7,0.1,10943.4,9849.06,0,1407.44,2024,6,June,Monday,10943.4,9849.06
2024-06-17,ORD025079,CUST02642,P010,Coffee Maker,Home,Jaipur,Store,UPI,1,5180.03,0.0,5180.03,5180.03,1,-259.0,2024,6,June,Monday,5180.03,5180.03
2024-06-17,ORD023401,CUST03327,P010,Coffee Maker,Home,Chennai,Online,UPI,1,5400.85,0.15,5400.85,4590.72,0,469.52,2024,6,June,Monday,5400.85,4590.7225
2024-06-17,ORD001216,CUST03596,P001,Laptop,Electronics,Jaipur,Store,Cash,2,69056.43,0.1,138112.86,124301.57,0,29060.29,2024,6,June,Monday,138112.86,124301.574
2024-06-17,ORD010573,CUST00230,P013,Monitor,Electronics,Jaipur,Online,Net Banking,4,17814.71,0.0,71258.84,71258.84,0,19824.76,2024,6,June,Monday,71258.84,71258.84
2024-06-17,ORD048699,CUST01993,P009,T-Shirt,Fashion,Bengaluru,Store,UPI,2,1230.49,0.1,2460.98,2214.88,0,233.47,2024,6,June,Monday,2460.98,2214.882
2024-06-17,ORD038802,CUST04801,P006,Desk,Furniture,Ahmedabad,Online,Credit Card,2,11559.12,0.15,23118.24,19650.5,0,4217.92,2024,6,June,Monday,23118.24,19650.504
2024-06-17,ORD049619,CUST00481,P009,T-Shirt,Fashion,Kolkata,Store,Credit Card,4,1263.46,0.05,5053.84,4801.15,0,1265.22,2024,6,June,Monday,5053.84,4801.148
2024-06-17,ORD028636,CUST01350,P004,Smartwatch,Electronics,Bengaluru,Online,UPI,1,7198.24,0.15,7198.24,6118.5,0,872.22,2024,6,June,Monday,7198.24,6118.504
2024-06-17,ORD046062,CUST02989,P010,Coffee Maker,Home,Pune,Online,UPI,1,4989.85,0.2,4989.85,3991.88,0,723.52,2024,6,June,Monday,4989.85,3991.8800000000006
2024-06-17,ORD026049,CUST04758,P010,Coffee Maker,Home,Surat,Online,UPI,2,5401.12,0.15,10802.24,9181.9,0,1053.27,2024,6,June,Monday,10802.24,9181.904
2024-06-17,ORD024844,CUST01117,P018,Jacket,Fashion,Hyderabad,Store,UPI,2,4738.67,0.15,9477.34,8055.74,0,849.6,2024,6,June,Monday,9477.34,8055.739
2024-06-17,ORD027104,CUST02066,P001,Laptop,Electronics,Ahmedabad,Online,Debit Card,1,66281.22,0.05,66281.22,62967.16,0,17889.35,2024,6,June,Monday,66281.22,62967.159
2024-06-17,ORD048830,CUST04370,P011,Mixer Grinder,Home,Pune,Store,Credit Card,1,5130.61,0.2,5130.61,4104.49,0,1022.89,2024,6,June,Monday,5130.61,4104.488
2024-06-17,ORD021798,CUST02887,P007,Backpack,Accessories,Delhi,Online,Credit Card,2,2104.2,0.05,4208.4,3997.98,0,634.43,2024,6,June,Monday,4208.4,3997.9799999999996
2024-06-17,ORD012758,CUST01177,P018,Jacket,Fashion,Ahmedabad,Online,UPI,2,4805.75,0.1,9611.5,8650.35,0,1435.99,2024,6,June,Monday,9611.5,8650.35
2024-06-17,ORD006754,CUST04933,P008,Running Shoes,Fashion,Delhi,Online,UPI,1,4435.84,0.1,4435.84,3992.26,0,244.29,2024,6,June,Monday,4435.84,3992.2560000000003
2024-06-17,ORD022723,CUST00588,P020,Microwave,Home,Kolkata,Store,UPI,1,10214.44,0.0,10214.44,10214.44,0,1683.06,2024,6,June,Monday,10214.44,10214.44
2024-06-17,ORD035749,CUST02435,P006,Desk,Furniture,Mumbai,Store,Cash,2,12774.15,0.15,25548.3,21716.06,0,3179.21,2024,6,June,Monday,25548.3,21716.055
2024-06-18,ORD004517,CUST01450,P018,Jacket,Fashion,Surat,Online,Debit Card,1,5517.51,0.2,5517.51,4414.01,0,1081.95,2024,6,June,Tuesday,5517.51,4414.008000000001
2024-06-18,ORD022064,CUST00051,P010,Coffee Maker,Home,Chennai,Online,Cash,2,5343.97,0.0,10687.94,10687.94,0,2623.1,2024,6,June,Tuesday,10687.94,10687.94
2024-06-18,ORD014876,CUST03923,P019,Vacuum Cleaner,Home,Surat,Store,Net Banking,1,9289.78,0.15,9289.78,7896.31,0,911.77,2024,6,June,Tuesday,9289.78,7896.313
2024-06-18,ORD021587,CUST04051,P015,Dining Table,Furniture,Surat,Store,Debit Card,3,22666.42,0.1,67999.26,61199.33,0,11797.46,2024,6,June,Tuesday,67999.26,61199.333999999995
2024-06-18,ORD040876,CUST04866,P010,Coffee Maker,Home,Pune,Store,Debit Card,1,5213.02,0.0,5213.02,5213.02,1,-260.65,2024,6,June,Tuesday,5213.02,5213.02
2024-06-18,ORD038919,CUST02958,P016,Sofa,Furniture,Delhi,Online,Credit Card,1,36765.23,0.2,36765.23,29412.18,0,1807.89,2024,6,June,Tuesday,36765.23,29412.184000000005
2024-06-18,ORD039035,CUST03497,P011,Mixer Grinder,Home,Delhi,Store,Credit Card,1,4633.83,0.0,4633.83,4633.83,0,1134.03,2024,6,June,Tuesday,4633.83,4633.83
2024-06-18,ORD043761,CUST04363,P011,Mixer Grinder,Home,Bengaluru,Store,Net Banking,2,4911.81,0.0,9823.62,9823.62,0,1448.71,2024,6,June,Tuesday,9823.62,9823.62
2024-06-18,ORD049327,CUST04628,P010,Coffee Maker,Home,Chennai,Online,UPI,1,5234.01,0.0,5234.01,5234.01,0,807.24,2024,6,June,Tuesday,5234.01,5234.01
2024-06-18,ORD004865,CUST00863,P005,Office Chair,Furniture,Pune,Online,UPI,5,9954.37,0.0,49771.85,49771.85,0,13629.58,2024,6,June,Tuesday,49771.850000000006,49771.85
2024-06-18,ORD043208,CUST04325,P009,T-Shirt,Fashion,Pune,Online,Credit Card,1,1258.42,0.1,1258.42,1132.58,0,268.61,2024,6,June,Tuesday,1258.42,1132.5780000000002
2024-06-18,ORD047381,CUST01438,P002,Smartphone,Electronics,Surat,Store,UPI,3,29884.01,0.05,89652.03,85169.43,0,19937.03,2024,6,June,Tuesday,89652.03,85169.4285
2024-06-18,ORD026745,CUST02381,P003,Headphones,Electronics,Pune,Online,UPI,1,4226.6,0.25,4226.6,3169.95,0,579.89,2024,6,June,Tuesday,4226.6,3169.9500000000003
2024-06-18,ORD049210,CUST01196,P003,Headphones,Electronics,Chennai,Online,UPI,1,4333.9,0.0,4333.9,4333.9,0,511.74,2024,6,June,Tuesday,4333.9,4333.9
2024-06-18,ORD014079,CUST00270,P008,Running Shoes,Fashion,Ahmedabad,Online,Credit Card,2,4497.55,0.05,8995.1,8545.34,0,2162.58,2024,6,June,Tuesday,8995.1,8545.345
2024-06-18,ORD008484,CUST03993,P017,Jeans,Fashion,Delhi,Online,Debit Card,3,2859.95,0.0,8579.85,8579.85,0,691.17,2024,6,June,Tuesday,8579.849999999999,8579.85
2024-06-18,ORD040382,CUST04537,P012,Air Fryer,Home,Pune,Store,UPI,1,7448.12,0.05,7448.12,7075.71,0,1119.12,2024,6,June,Tuesday,7448.12,7075.714
2024-06-18,ORD008290,CUST03351,P009,T-Shirt,Fashion,Hyderabad,Online,UPI,1,1091.52,0.0,1091.52,1091.52,0,297.91,2024,6,June,Tuesday,1091.52,1091.52
2024-06-18,ORD017540,CUST03321,P013,Monitor,Electronics,Chennai,Store,UPI,1,19355.94,0.25,19355.94,14516.95,0,2346.8,2024,6,June,Tuesday,19355.94,14516.954999999998
2024-06-18,ORD008636,CUST04337,P016,Sofa,Furniture,Chennai,Online,Cash,3,38410.01,0.05,115230.03,109468.53,0,25798.58,2024,6,June,Tuesday,115230.03,109468.5285
2024-06-18,ORD014274,CUST04387,P001,Laptop,Electronics,Ahmedabad,Online,Net Banking,2,65722.57,0.15,131445.14,111728.37,0,9127.43,2024,6,June,Tuesday,131445.14,111728.369
2024-06-18,ORD009649,CUST00012,P011,Mixer Grinder,Home,Chennai,Store,Credit Card,1,5215.44,0.1,5215.44,4693.9,0,1204.6,2024,6,June,Tuesday,5215.44,4693.896
2024-06-18,ORD001240,CUST04255,P005,Office Chair,Furniture,Surat,Store,Credit Card,1,10351.04,0.15,10351.04,8798.38,0,2146.12,2024,6,June,Tuesday,10351.04,8798.384
2024-06-18,ORD047068,CUST01375,P005,Office Chair,Furniture,Chennai,Online,UPI,2,9418.55,0.0,18837.1,18837.1,0,4303.46,2024,6,June,Tuesday,18837.1,18837.1
2024-06-18,ORD012158,CUST02701,P001,Laptop,Electronics,Delhi,Online,UPI,1,58707.23,0.2,58707.23,46965.78,0,6599.42,2024,6,June,Tuesday,58707.23,46965.78400000001
2024-06-18,ORD009563,CUST03929,P002,Smartphone,Electronics,Delhi,Online,Debit Card,1,25629.06,0.15,25629.06,21784.7,0,2617.71,2024,6,June,Tuesday,25629.06,21784.701
2024-06-18,ORD014841,CUST02234,P014,Keyboard,Electronics,Chennai,Online,Debit Card,2,2442.77,0.0,4885.54,4885.54,1,-244.28,2024,6,June,Tuesday,4885.54,4885.54
2024-06-18,ORD039072,CUST00907,P012,Air Fryer,Home,Jaipur,Store,UPI,1,7693.5,0.25,7693.5,5770.12,0,433.82,2024,6,June,Tuesday,7693.5,5770.125
2024-06-18,ORD032029,CUST02545,P003,Headphones,Electronics,Surat,Online,UPI,2,4839.35,0.05,9678.7,9194.76,0,1464.14,2024,6,June,Tuesday,9678.7,9194.765
2024-06-18,ORD000823,CUST04797,P004,Smartwatch,Electronics,Pune,Store,Credit Card,4,6547.97,0.0,26191.88,26191.88,0,2825.5,2024,6,June,Tuesday,26191.88,26191.88
2024-06-18,ORD043927,CUST03738,P006,Desk,Furniture,Kolkata,Store,UPI,5,13078.54,0.1,65392.7,58853.43,0,8504.36,2024,6,June,Tuesday,65392.700000000004,58853.43
2024-06-18,ORD017708,CUST01618,P016,Sofa,Furniture,Ahmedabad,Store,UPI,4,36547.69,0.05,146190.76,138881.22,0,19093.3,2024,6,June,Tuesday,146190.76,138881.222
2024-06-18,ORD047018,CUST00271,P016,Sofa,Furniture,Jaipur,Store,UPI,1,35680.91,0.1,35680.91,32112.82,0,6452.17,2024,6,June,Tuesday,35680.91,32112.819000000003
2024-06-18,ORD044123,CUST04500,P015,Dining Table,Furniture,Hyderabad,Store,UPI,2,23438.2,0.05,46876.4,44532.58,0,12168.04,2024,6,June,Tuesday,46876.4,44532.58
2024-06-18,ORD016988,CUST00770,P019,Vacuum Cleaner,Home,Bengaluru,Online,UPI,1,8208.82,0.2,8208.82,6567.06,0,478.09,2024,6,June,Tuesday,8208.82,6567.0560000000005
2024-06-18,ORD004185,CUST00147,P013,Monitor,Electronics,Hyderabad,Store,Credit Card,1,17085.87,0.1,17085.87,15377.28,0,3956.9,2024,6,June,Tuesday,17085.87,15377.283
2024-06-18,ORD005106,CUST01437,P018,Jacket,Fashion,Mumbai,Store,UPI,1,5567.69,0.1,5567.69,5010.92,0,1227.3,2024,6,June,Tuesday,5567.69,5010.920999999999
2024-06-18,ORD043072,CUST02982,P003,Headphones,Electronics,Bengaluru,Online,UPI,1,4699.54,0.1,4699.54,4229.59,0,1158.94,2024,6,June,Tuesday,4699.54,4229.586
2024-06-18,ORD030391,CUST00860,P012,Air Fryer,Home,Pune,Online,Credit Card,3,6872.23,0.0,20616.69,20616.69,0,2845.89,2024,6,June,Tuesday,20616.69,20616.69
2024-06-18,ORD020459,CUST04814,P012,Air Fryer,Home,Ahmedabad,Online,Net Banking,1,7611.77,0.1,7611.77,6850.59,0,1729.11,2024,6,June,Tuesday,7611.77,6850.593000000001
2024-06-18,ORD038675,CUST04311,P017,Jeans,Fashion,Pune,Online,Credit Card,5,3048.35,0.05,15241.75,14479.66,0,1461.72,2024,6,June,Tuesday,15241.75,14479.662499999999
2024-06-18,ORD018692,CUST00704,P010,Coffee Maker,Home,Jaipur,Store,Credit Card,1,5996.28,0.15,5996.28,5096.84,0,448.86,2024,6,June,Tuesday,5996.28,5096.838
2024-06-18,ORD038902,CUST02963,P017,Jeans,Fashion,Chennai,Online,UPI,4,2681.37,0.0,10725.48,10725.48,0,2645.32,2024,6,June,Tuesday,10725.48,10725.48
2024-06-18,ORD037843,CUST00727,P019,Vacuum Cleaner,Home,Surat,Online,UPI,3,9685.12,0.1,29055.36,26149.82,0,3958.66,2024,6,June,Tuesday,29055.36,26149.824
2024-06-18,ORD000342,CUST03540,P005,Office Chair,Furniture,Hyderabad,Online,UPI,2,9391.81,0.1,18783.62,16905.26,0,4216.68,2024,6,June,Tuesday,18783.62,16905.257999999998
2024-06-18,ORD035470,CUST00841,P005,Office Chair,Furniture,Pune,Online,Credit Card,3,10127.34,0.1,30382.02,27343.82,0,6761.95,2024,6,June,Tuesday,30382.02,27343.818
2024-06-18,ORD024406,CUST04150,P015,Dining Table,Furniture,Hyderabad,Online,Credit Card,2,21802.46,0.1,43604.92,39244.43,0,8258.93,2024,6,June,Tuesday,43604.92,39244.428
2024-06-18,ORD035536,CUST04409,P001,Laptop,Electronics,Kolkata,Online,Credit Card,1,65760.03,0.05,65760.03,62472.03,0,13310.67,2024,6,June,Tuesday,65760.03,62472.02849999999
2024-06-18,ORD006776,CUST01809,P004,Smartwatch,Electronics,Delhi,Online,Debit Card,1,6364.12,0.0,6364.12,6364.12,0,1604.22,2024,6,June,Tuesday,6364.12,6364.12
2024-06-18,ORD005286,CUST04446,P001,Laptop,Electronics,Pune,Online,Credit Card,2,61334.32,0.05,122668.64,116535.21,0,32785.8,2024,6,June,Tuesday,122668.64,116535.208
2024-06-18,ORD035574,CUST01141,P018,Jacket,Fashion,Surat,Store,Credit Card,2,5212.79,0.0,10425.58,10425.58,0,2456.33,2024,6,June,Tuesday,10425.58,10425.58
2024-06-18,ORD033270,CUST04303,P005,Office Chair,Furniture,Chennai,Online,Cash,1,9234.03,0.15,9234.03,7848.93,0,865.47,2024,6,June,Tuesday,9234.03,7848.9255
2024-06-18,ORD033272,CUST03847,P003,Headphones,Electronics,Kolkata,Online,Cash,1,4164.15,0.05,4164.15,3955.94,0,387.91,2024,6,June,Tuesday,4164.15,3955.9424999999997
2024-06-18,ORD010365,CUST01300,P010,Coffee Maker,Home,Mumbai,Store,UPI,1,5478.08,0.05,5478.08,5204.18,0,559.52,2024,6,June,Tuesday,5478.08,5204.1759999999995
2024-06-18,ORD037458,CUST00996,P013,Monitor,Electronics,Kolkata,Store,UPI,2,18768.38,0.05,37536.76,35659.92,0,5379.74,2024,6,June,Tuesday,37536.76,35659.922
2024-06-18,ORD037401,CUST04438,P007,Backpack,Accessories,Chennai,Online,UPI,1,2345.67,0.05,2345.67,2228.39,0,531.17,2024,6,June,Tuesday,2345.67,2228.3865
2024-06-18,ORD049953,CUST00417,P006,Desk,Furniture,Delhi,Online,Credit Card,1,12037.02,0.05,12037.02,11435.17,0,2125.72,2024,6,June,Tuesday,12037.02,11435.169
2024-06-18,ORD015321,CUST03618,P006,Desk,Furniture,Kolkata,Online,Credit Card,1,12164.16,0.15,12164.16,10339.54,0,1625.86,2024,6,June,Tuesday,12164.16,10339.536
2024-06-18,ORD045468,CUST03549,P018,Jacket,Fashion,Delhi,Online,UPI,2,4851.84,0.0,9703.68,9703.68,0,1866.79,2024,6,June,Tuesday,9703.68,9703.68
2024-06-18,ORD034781,CUST01042,P003,Headphones,Electronics,Pune,Store,Net Banking,1,4159.49,0.1,4159.49,3743.54,0,792.61,2024,6,June,Tuesday,4159.49,3743.5409999999997
2024-06-18,ORD035813,CUST01301,P002,Smartphone,Electronics,Delhi,Online,Credit Card,2,27120.58,0.15,54241.16,46104.99,0,12159.07,2024,6,June,Tuesday,54241.16,46104.986000000004
2024-06-18,ORD011554,CUST01908,P015,Dining Table,Furniture,Pune,Store,Debit Card,1,23310.24,0.1,23310.24,20979.22,0,2301.42,2024,6,June,Tuesday,23310.24,20979.216
2024-06-18,ORD026180,CUST04009,P005,Office Chair,Furniture,Bengaluru,Online,Credit Card,1,8553.71,0.0,8553.71,8553.71,0,2503.09,2024,6,June,Tuesday,8553.71,8553.71
2024-06-18,ORD048887,CUST02613,P009,T-Shirt,Fashion,Pune,Online,Credit Card,1,1196.24,0.15,1196.24,1016.8,0,176.18,2024,6,June,Tuesday,1196.24,1016.804
2024-06-18,ORD023315,CUST00200,P004,Smartwatch,Electronics,Kolkata,Online,Debit Card,1,6810.18,0.0,6810.18,6810.18,0,1920.18,2024,6,June,Tuesday,6810.18,6810.18
2024-06-18,ORD036118,CUST04623,P015,Dining Table,Furniture,Pune,Store,Debit Card,1,19934.75,0.0,19934.75,19934.75,0,3966.89,2024,6,June,Tuesday,19934.75,19934.75
2024-06-18,ORD044073,CUST01932,P012,Air Fryer,Home,Chennai,Online,UPI,4,7434.49,0.15,29737.96,25277.27,0,6707.72,2024,6,June,Tuesday,29737.96,25277.266
2024-06-18,ORD001493,CUST02033,P017,Jeans,Fashion,Surat,Store,Credit Card,2,3045.48,0.15,6090.96,5177.32,0,1061.62,2024,6,June,Tuesday,6090.96,5177.316
2024-06-18,ORD007014,CUST02705,P020,Microwave,Home,Pune,Online,UPI,1,10046.48,0.1,10046.48,9041.83,0,987.18,2024,6,June,Tuesday,10046.48,9041.832
2024-06-18,ORD045298,CUST02503,P003,Headphones,Electronics,Chennai,Online,Debit Card,1,4805.12,0.05,4805.12,4564.86,0,472.16,2024,6,June,Tuesday,4805.12,4564.864
2024-06-18,ORD037368,CUST03012,P006,Desk,Furniture,Kolkata,Online,UPI,2,12344.75,0.05,24689.5,23455.02,1,-1172.75,2024,6,June,Tuesday,24689.5,23455.024999999998
2024-06-18,ORD033136,CUST03917,P002,Smartphone,Electronics,Chennai,Store,Credit Card,2,29322.27,0.0,58644.54,58644.54,0,10316.25,2024,6,June,Tuesday,58644.54,58644.54
2024-06-18,ORD035760,CUST02774,P012,Air Fryer,Home,Hyderabad,Online,UPI,1,7350.84,0.1,7350.84,6615.76,0,1755.5,2024,6,June,Tuesday,7350.84,6615.756
2024-06-19,ORD011544,CUST03275,P005,Office Chair,Furniture,Kolkata,Online,UPI,1,9955.18,0.25,9955.18,7466.38,0,1177.99,2024,6,June,Wednesday,9955.18,7466.385
2024-06-19,ORD009127,CUST03747,P020,Microwave,Home,Surat,Online,Credit Card,1,10220.2,0.05,10220.2,9709.19,0,1769.26,2024,6,June,Wednesday,10220.2,9709.19
2024-06-19,ORD019528,CUST00621,P010,Coffee Maker,Home,Pune,Online,UPI,1,5671.54,0.1,5671.54,5104.39,0,860.9,2024,6,June,Wednesday,5671.54,5104.386
2024-06-19,ORD004880,CUST00101,P016,Sofa,Furniture,Mumbai,Online,Debit Card,2,32784.33,0.05,65568.66,62290.23,0,13347.3,2024,6,June,Wednesday,65568.66,62290.227
2024-06-19,ORD024131,CUST02526,P015,Dining Table,Furniture,Delhi,Online,Debit Card,2,20822.36,0.15,41644.72,35398.01,0,7059.31,2024,6,June,Wednesday,41644.72,35398.012
2024-06-19,ORD005303,CUST04328,P009,T-Shirt,Fashion,Surat,Online,Credit Card,1,1137.45,0.15,1137.45,966.83,0,240.12,2024,6,June,Wednesday,1137.45,966.8325
2024-06-19,ORD032832,CUST03210,P001,Laptop,Electronics,Hyderabad,Online,UPI,1,64733.11,0.0,64733.11,64733.11,0,18461.21,2024,6,June,Wednesday,64733.11,64733.11
2024-06-19,ORD001310,CUST00253,P017,Jeans,Fashion,Delhi,Online,Credit Card,3,2874.92,0.1,8624.76,7762.28,0,2049.23,2024,6,June,Wednesday,8624.76,7762.284000000001
2024-06-19,ORD034151,CUST04338,P003,Headphones,Electronics,Bengaluru,Online,UPI,3,4055.41,0.15,12166.23,10341.3,0,2695.03,2024,6,June,Wednesday,12166.23,10341.2955
2024-06-19,ORD005455,CUST04693,P018,Jacket,Fashion,Hyderabad,Online,UPI,3,5358.7,0.1,16076.1,14468.49,0,2091.52,2024,6,June,Wednesday,16076.099999999999,14468.49
2024-06-19,ORD011198,CUST02896,P019,Vacuum Cleaner,Home,Jaipur,Store,UPI,1,8685.32,0.2,8685.32,6948.26,0,891.16,2024,6,June,Wednesday,8685.32,6948.256
2024-06-19,ORD020013,CUST04896,P010,Coffee Maker,Home,Kolkata,Online,Credit Card,2,5931.51,0.0,11863.02,11863.02,0,1393.14,2024,6,June,Wednesday,11863.02,11863.02
2024-06-19,ORD004084,CUST00632,P003,Headphones,Electronics,Kolkata,Online,UPI,3,4178.3,0.0,12534.9,12534.9,0,2939.35,2024,6,June,Wednesday,12534.900000000001,12534.9
2024-06-19,ORD021929,CUST01236,P020,Microwave,Home,Kolkata,Online,Credit Card,1,11410.77,0.05,11410.77,10840.23,0,1518.76,2024,6,June,Wednesday,11410.77,10840.2315
2024-06-19,ORD041478,CUST02310,P004,Smartwatch,Electronics,Delhi,Online,Net Banking,3,6915.18,0.1,20745.54,18670.99,0,5161.29,2024,6,June,Wednesday,20745.54,18670.986
2024-06-19,ORD035954,CUST00141,P004,Smartwatch,Electronics,Hyderabad,Store,Credit Card,1,6495.86,0.0,6495.86,6495.86,0,703.4,2024,6,June,Wednesday,6495.86,6495.86
2024-06-19,ORD043608,CUST04584,P008,Running Shoes,Fashion,Pune,Online,Debit Card,2,3812.63,0.0,7625.26,7625.26,0,1806.63,2024,6,June,Wednesday,7625.26,7625.26
2024-06-19,ORD013494,CUST00182,P005,Office Chair,Furniture,Chennai,Online,Debit Card,1,10232.92,0.1,10232.92,9209.63,1,-460.48,2024,6,June,Wednesday,10232.92,9209.628
2024-06-19,ORD000362,CUST01648,P017,Jeans,Fashion,Chennai,Store,UPI,2,2730.45,0.2,5460.9,4368.72,0,631.94,2024,6,June,Wednesday,5460.9,4368.72
2024-06-19,ORD024991,CUST00264,P008,Running Shoes,Fashion,Surat,Online,UPI,1,4445.53,0.0,4445.53,4445.53,0,704.08,2024,6,June,Wednesday,4445.53,4445.53
2024-06-19,ORD048418,CUST01586,P019,Vacuum Cleaner,Home,Bengaluru,Store,Debit Card,1,9573.96,0.0,9573.96,9573.96,0,1377.9,2024,6,June,Wednesday,9573.96,9573.96
2024-06-19,ORD011641,CUST00910,P003,Headphones,Electronics,Hyderabad,Store,Credit Card,3,4870.82,0.05,14612.46,13881.84,0,1684.75,2024,6,June,Wednesday,14612.46,13881.836999999998
2024-06-19,ORD034220,CUST02102,P001,Laptop,Electronics,Kolkata,Store,UPI,1,65332.83,0.15,65332.83,55532.91,0,10242.8,2024,6,June,Wednesday,65332.83,55532.9055
2024-06-19,ORD010524,CUST01385,P006,Desk,Furniture,Ahmedabad,Online,Net Banking,5,12291.15,0.2,61455.75,49164.6,0,4536.54,2024,6,June,Wednesday,61455.75,49164.600000000006
2024-06-19,ORD041360,CUST04072,P006,Desk,Furniture,Jaipur,Store,UPI,1,12377.66,0.0,12377.66,12377.66,0,3449.27,2024,6,June,Wednesday,12377.66,12377.66
2024-06-19,ORD033939,CUST03125,P001,Laptop,Electronics,Ahmedabad,Store,Credit Card,1,60812.7,0.1,60812.7,54731.43,0,4177.47,2024,6,June,Wednesday,60812.7,54731.43
2024-06-19,ORD040615,CUST02000,P003,Headphones,Electronics,Jaipur,Online,Cash,2,4803.03,0.05,9606.06,9125.76,0,854.52,2024,6,June,Wednesday,9606.06,9125.757
2024-06-19,ORD042354,CUST04713,P001,Laptop,Electronics,Kolkata,Store,UPI,2,65825.28,0.05,131650.56,125068.03,0,22875.59,2024,6,June,Wednesday,131650.56,125068.03199999999
2024-06-19,ORD005730,CUST00490,P016,Sofa,Furniture,Kolkata,Online,Debit Card,1,37040.05,0.2,37040.05,29632.04,0,3804.97,2024,6,June,Wednesday,37040.05,29632.040000000005
2024-06-19,ORD033022,CUST04277,P011,Mixer Grinder,Home,Hyderabad,Store,UPI,2,5132.65,0.05,10265.3,9752.03,1,-487.6,2024,6,June,Wednesday,10265.3,9752.034999999998
2024-06-19,ORD038561,CUST03948,P018,Jacket,Fashion,Jaipur,Online,Net Banking,3,4752.22,0.0,14256.66,14256.66,0,4044.63,2024,6,June,Wednesday,14256.66,14256.66
2024-06-19,ORD041949,CUST01979,P016,Sofa,Furniture,Delhi,Online,Credit Card,1,37332.66,0.1,37332.66,33599.39,0,6690.16,2024,6,June,Wednesday,37332.66,33599.39400000001
2024-06-19,ORD012066,CUST01014,P010,Coffee Maker,Home,Delhi,Store,Cash,1,4979.98,0.15,4979.98,4232.98,0,422.0,2024,6,June,Wednesday,4979.98,4232.982999999999
2024-06-19,ORD038659,CUST01305,P018,Jacket,Fashion,Pune,Store,Debit Card,5,5468.16,0.05,27340.8,25973.76,0,4776.18,2024,6,June,Wednesday,27340.8,25973.76
2024-06-19,ORD035664,CUST00388,P006,Desk,Furniture,Hyderabad,Online,UPI,2,11703.82,0.1,23407.64,21066.88,0,4386.83,2024,6,June,Wednesday,23407.64,21066.876
2024-06-19,ORD005407,CUST04299,P015,Dining Table,Furniture,Hyderabad,Online,Net Banking,2,21648.34,0.2,43296.68,34637.34,0,5234.27,2024,6,June,Wednesday,43296.68,34637.344000000005
2024-06-19,ORD046176,CUST01747,P019,Vacuum Cleaner,Home,Hyderabad,Store,Cash,2,9348.43,0.05,18696.86,17762.02,0,4068.69,2024,6,June,Wednesday,18696.86,17762.017
2024-06-19,ORD045026,CUST00421,P018,Jacket,Fashion,Bengaluru,Store,UPI,1,4685.83,0.1,4685.83,4217.25,0,553.87,2024,6,June,Wednesday,4685.83,4217.247
2024-06-19,ORD035803,CUST02944,P016,Sofa,Furniture,Kolkata,Store,Credit Card,2,33352.59,0.05,66705.18,63369.92,0,9603.72,2024,6,June,Wednesday,66705.18,63369.92099999999
2024-06-19,ORD034171,CUST04343,P004,Smartwatch,Electronics,Hyderabad,Online,Credit Card,1,7127.91,0.05,7127.91,6771.51,0,1071.06,2024,6,June,Wednesday,7127.91,6771.514499999999
2024-06-19,ORD048216,CUST00745,P001,Laptop,Electronics,Bengaluru,Online,UPI,2,65794.58,0.2,131589.16,105271.33,0,20992.09,2024,6,June,Wednesday,131589.16,105271.32800000001
2024-06-19,ORD033742,CUST00095,P003,Headphones,Electronics,Bengaluru,Online,UPI,2,4111.03,0.0,8222.06,8222.06,0,2426.2,2024,6,June,Wednesday,8222.06,8222.06
2024-06-19,ORD019033,CUST01964,P009,T-Shirt,Fashion,Delhi,Online,UPI,1,1207.92,0.2,1207.92,966.34,0,159.39,2024,6,June,Wednesday,1207.92,966.3360000000001
2024-06-19,ORD029937,CUST00583,P005,Office Chair,Furniture,Mumbai,Online,Credit Card,1,9619.47,0.1,9619.47,8657.52,0,1670.12,2024,6,June,Wednesday,9619.47,8657.523
2024-06-19,ORD013713,CUST00302,P004,Smartwatch,Electronics,Pune,Online,UPI,1,6713.98,0.0,6713.98,6713.98,0,1760.39,2024,6,June,Wednesday,6713.98,6713.98
2024-06-19,ORD007425,CUST00892,P015,Dining Table,Furniture,Hyderabad,Store,UPI,2,23124.22,0.25,46248.44,34686.33,1,-1734.32,2024,6,June,Wednesday,46248.44,34686.33
2024-06-19,ORD048816,CUST03431,P007,Backpack,Accessories,Chennai,Online,Cash,2,2065.91,0.15,4131.82,3512.05,0,572.0,2024,6,June,Wednesday,4131.82,3512.0469999999996
2024-06-19,ORD029455,CUST04337,P009,T-Shirt,Fashion,Jaipur,Store,Debit Card,1,1292.63,0.1,1292.63,1163.37,0,310.71,2024,6,June,Wednesday,1292.63,1163.3670000000002
2024-06-19,ORD017590,CUST00194,P019,Vacuum Cleaner,Home,Jaipur,Online,UPI,1,8712.36,0.0,8712.36,8712.36,0,898.91,2024,6,June,Wednesday,8712.36,8712.36
2024-06-19,ORD029976,CUST00663,P001,Laptop,Electronics,Bengaluru,Online,Debit Card,1,68341.69,0.05,68341.69,64924.61,0,6806.27,2024,6,June,Wednesday,68341.69,64924.6055
2024-06-19,ORD017880,CUST00161,P007,Backpack,Accessories,Ahmedabad,Online,Credit Card,4,2148.44,0.1,8593.76,7734.38,0,926.42,2024,6,June,Wednesday,8593.76,7734.384
2024-06-19,ORD048863,CUST02573,P012,Air Fryer,Home,Chennai,Store,Net Banking,3,6941.16,0.15,20823.48,17699.96,0,2418.59,2024,6,June,Wednesday,20823.48,17699.958
2024-06-19,ORD003032,CUST02300,P007,Backpack,Accessories,Jaipur,Online,Cash,1,2210.08,0.15,2210.08,1878.57,0,352.3,2024,6,June,Wednesday,2210.08,1878.568
2024-06-19,ORD036497,CUST03898,P008,Running Shoes,Fashion,Surat,Store,UPI,1,3872.97,0.05,3872.97,3679.32,0,306.15,2024,6,June,Wednesday,3872.97,3679.3214999999996
2024-06-19,ORD000946,CUST01554,P017,Jeans,Fashion,Surat,Store,UPI,1,3053.63,0.0,3053.63,3053.63,0,470.83,2024,6,June,Wednesday,3053.63,3053.63
2024-06-19,ORD046552,CUST02278,P020,Microwave,Home,Chennai,Online,UPI,1,9901.45,0.0,9901.45,9901.45,0,1398.57,2024,6,June,Wednesday,9901.45,9901.45
2024-06-19,ORD010126,CUST03635,P007,Backpack,Accessories,Mumbai,Online,UPI,2,2214.33,0.1,4428.66,3985.79,0,873.28,2024,6,June,Wednesday,4428.66,3985.794
2024-06-19,ORD029046,CUST01863,P011,Mixer Grinder,Home,Jaipur,Online,Credit Card,1,4731.62,0.05,4731.62,4495.04,0,981.89,2024,6,June,Wednesday,4731.62,4495.039
2024-06-19,ORD047444,CUST00214,P001,Laptop,Electronics,Kolkata,Online,Credit Card,1,69370.34,0.1,69370.34,62433.31,0,10428.25,2024,6,June,Wednesday,69370.34,62433.306
2024-06-19,ORD026367,CUST01148,P013,Monitor,Electronics,Delhi,Store,UPI,3,16649.0,0.1,49947.0,44952.3,1,-2247.62,2024,6,June,Wednesday,49947.0,44952.3
2024-06-19,ORD010133,CUST02590,P014,Keyboard,Electronics,Ahmedabad,Store,Credit Card,1,2625.98,0.05,2625.98,2494.68,0,188.19,2024,6,June,Wednesday,2625.98,2494.681
2024-06-19,ORD039529,CUST03229,P012,Air Fryer,Home,Jaipur,Online,Credit Card,1,6871.33,0.15,6871.33,5840.63,0,474.25,2024,6,June,Wednesday,6871.33,5840.6305
2024-06-19,ORD036124,CUST01320,P008,Running Shoes,Fashion,Chennai,Store,Credit Card,1,4158.42,0.05,4158.42,3950.5,0,821.48,2024,6,June,Wednesday,4158.42,3950.499
2024-06-19,ORD018791,CUST02751,P011,Mixer Grinder,Home,Delhi,Online,UPI,1,4638.0,0.1,4638.0,4174.2,0,905.42,2024,6,June,Wednesday,4638.0,4174.2
2024-06-19,ORD017582,CUST01015,P010,Coffee Maker,Home,Mumbai,Store,UPI,1,5898.06,0.05,5898.06,5603.16,0,532.75,2024,6,June,Wednesday,5898.06,5603.157
2024-06-19,ORD012913,CUST00268,P012,Air Fryer,Home,Chennai,Online,UPI,1,7777.76,0.2,7777.76,6222.21,0,1336.96,2024,6,June,Wednesday,7777.76,6222.2080000000005
2024-06-19,ORD008630,CUST00894,P010,Coffee Maker,Home,Delhi,Online,Debit Card,2,5612.36,0.15,11224.72,9541.01,0,1280.79,2024,6,June,Wednesday,11224.72,9541.011999999999
2024-06-19,ORD005559,CUST03198,P017,Jeans,Fashion,Hyderabad,Store,UPI,1,2872.81,0.05,2872.81,2729.17,0,267.51,2024,6,June,Wednesday,2872.81,2729.1695
2024-06-19,ORD002262,CUST04946,P008,Running Shoes,Fashion,Surat,Online,Credit Card,3,3986.69,0.05,11960.07,11362.07,0,2920.53,2024,6,June,Wednesday,11960.07,11362.066499999999
2024-06-19,ORD046220,CUST04084,P018,Jacket,Fashion,Jaipur,Online,Cash,1,5255.23,0.0,5255.23,5255.23,0,1488.16,2024,6,June,Wednesday,5255.23,5255.23
2024-06-19,ORD020227,CUST00358,P017,Jeans,Fashion,Pune,Online,Cash,2,2979.59,0.25,5959.18,4469.38,0,317.89,2024,6,June,Wednesday,5959.18,4469.385
2024-06-19,ORD011476,CUST00339,P012,Air Fryer,Home,Kolkata,Online,Credit Card,2,7089.61,0.15,14179.22,12052.34,0,1204.66,2024,6,June,Wednesday,14179.22,12052.337
2024-06-19,ORD015301,CUST03267,P005,Office Chair,Furniture,Surat,Online,Debit Card,1,8788.79,0.05,8788.79,8349.35,0,1415.99,2024,6,June,Wednesday,8788.79,8349.3505
2024-06-19,ORD029022,CUST01327,P016,Sofa,Furniture,Chennai,Store,UPI,5,32288.45,0.1,161442.25,145298.02,0,18539.17,2024,6,June,Wednesday,161442.25,145298.025
2024-06-19,ORD038617,CUST00640,P003,Headphones,Electronics,Bengaluru,Store,Credit Card,1,4508.37,0.05,4508.37,4282.95,0,980.55,2024,6,June,Wednesday,4508.37,4282.9515
2024-06-19,ORD008386,CUST02933,P014,Keyboard,Electronics,Bengaluru,Online,UPI,3,2724.55,0.15,8173.65,6947.6,0,767.57,2024,6,June,Wednesday,8173.650000000001,6947.6025
2024-06-19,ORD045768,CUST01533,P016,Sofa,Furniture,Ahmedabad,Online,UPI,1,32446.36,0.0,32446.36,32446.36,1,-1622.32,2024,6,June,Wednesday,32446.36,32446.36
2024-06-19,ORD019444,CUST04156,P017,Jeans,Fashion,Ahmedabad,Online,Debit Card,1,2826.65,0.0,2826.65,2826.65,0,417.89,2024,6,June,Wednesday,2826.65,2826.65
2024-06-19,ORD029868,CUST00804,P005,Office Chair,Furniture,Delhi,Online,Credit Card,1,8743.23,0.15,8743.23,7431.75,0,1407.49,2024,6,June,Wednesday,8743.23,7431.745499999999
2024-06-20,ORD029194,CUST00168,P004,Smartwatch,Electronics,Ahmedabad,Online,Credit Card,1,6382.87,0.0,6382.87,6382.87,0,1342.97,2024,6,June,Thursday,6382.87,6382.87
2024-06-20,ORD035714,CUST04885,P015,Dining Table,Furniture,Surat,Online,UPI,2,20370.98,0.05,40741.96,38704.86,0,5476.94,2024,6,June,Thursday,40741.96,38704.862
2024-06-20,ORD008421,CUST04839,P015,Dining Table,Furniture,Pune,Online,Cash,2,22853.67,0.1,45707.34,41136.61,0,4159.28,2024,6,June,Thursday,45707.34,41136.606
2024-06-20,ORD001099,CUST04143,P009,T-Shirt,Fashion,Bengaluru,Online,Credit Card,1,1285.02,0.2,1285.02,1028.02,0,178.97,2024,6,June,Thursday,1285.02,1028.016
2024-06-20,ORD042154,CUST04390,P008,Running Shoes,Fashion,Jaipur,Online,Debit Card,1,4021.54,0.1,4021.54,3619.39,0,733.15,2024,6,June,Thursday,4021.54,3619.386
2024-06-20,ORD040726,CUST03452,P006,Desk,Furniture,Surat,Online,UPI,2,11653.05,0.25,23306.1,17479.57,0,978.95,2024,6,June,Thursday,23306.1,17479.574999999997
2024-06-20,ORD038451,CUST04663,P007,Backpack,Accessories,Mumbai,Online,UPI,1,2294.1,0.0,2294.1,2294.1,0,616.17,2024,6,June,Thursday,2294.1,2294.1
2024-06-20,ORD017110,CUST02069,P016,Sofa,Furniture,Mumbai,Online,Net Banking,1,32292.32,0.1,32292.32,29063.09,0,7993.26,2024,6,June,Thursday,32292.32,29063.088
2024-06-20,ORD023765,CUST00014,P018,Jacket,Fashion,Pune,Store,Credit Card,1,4963.04,0.0,4963.04,4963.04,0,743.74,2024,6,June,Thursday,4963.04,4963.04
2024-06-20,ORD033240,CUST02658,P019,Vacuum Cleaner,Home,Hyderabad,Online,Credit Card,2,9079.1,0.0,18158.2,18158.2,0,3044.55,2024,6,June,Thursday,18158.2,18158.2
2024-06-20,ORD042211,CUST04421,P020,Microwave,Home,Hyderabad,Online,Credit Card,3,10884.55,0.1,32653.65,29388.28,0,5773.76,2024,6,June,Thursday,32653.649999999998,29388.285000000003
2024-06-20,ORD005292,CUST04677,P020,Microwave,Home,Hyderabad,Store,Cash,1,11634.65,0.0,11634.65,11634.65,0,1047.22,2024,6,June,Thursday,11634.65,11634.65
2024-06-20,ORD035193,CUST01651,P001,Laptop,Electronics,Bengaluru,Online,UPI,1,60601.61,0.05,60601.61,57571.53,0,6608.94,2024,6,June,Thursday,60601.61,57571.5295
2024-06-20,ORD023820,CUST01048,P006,Desk,Furniture,Kolkata,Online,UPI,1,13098.1,0.15,13098.1,11133.38,0,2381.43,2024,6,June,Thursday,13098.1,11133.385
2024-06-20,ORD018396,CUST04674,P010,Coffee Maker,Home,Delhi,Online,UPI,3,4995.93,0.1,14987.79,13489.01,0,1594.95,2024,6,June,Thursday,14987.79,13489.011
2024-06-20,ORD011765,CUST00475,P017,Jeans,Fashion,Chennai,Store,Credit Card,1,2524.58,0.0,2524.58,2524.58,0,515.45,2024,6,June,Thursday,2524.58,2524.58
2024-06-20,ORD011607,CUST00109,P012,Air Fryer,Home,Hyderabad,Online,Net Banking,1,7045.23,0.15,7045.23,5988.45,0,1054.37,2024,6,June,Thursday,7045.23,5988.4455
2024-06-20,ORD039948,CUST01466,P016,Sofa,Furniture,Delhi,Store,Credit Card,1,34362.76,0.2,34362.76,27490.21,0,5077.37,2024,6,June,Thursday,34362.76,27490.208000000002
2024-06-20,ORD009098,CUST02900,P001,Laptop,Electronics,Jaipur,Store,Credit Card,1,62325.18,0.15,62325.18,52976.4,0,11082.34,2024,6,June,Thursday,62325.18,52976.403
2024-06-20,ORD013537,CUST03843,P009,T-Shirt,Fashion,Mumbai,Online,UPI,1,1168.95,0.1,1168.95,1052.06,0,84.24,2024,6,June,Thursday,1168.95,1052.055
2024-06-20,ORD009532,CUST01119,P006,Desk,Furniture,Pune,Online,Credit Card,5,11977.15,0.1,59885.75,53897.18,0,7917.87,2024,6,June,Thursday,59885.75,53897.175
2024-06-20,ORD008036,CUST00102,P001,Laptop,Electronics,Surat,Online,UPI,2,58891.11,0.05,117782.22,111893.11,0,29969.49,2024,6,June,Thursday,117782.22,111893.109
2024-06-20,ORD002434,CUST03098,P004,Smartwatch,Electronics,Hyderabad,Store,UPI,3,7376.95,0.05,22130.85,21024.31,0,4714.93,2024,6,June,Thursday,22130.85,21024.3075
2024-06-20,ORD003061,CUST01513,P008,Running Shoes,Fashion,Chennai,Online,Net Banking,1,4136.31,0.1,4136.31,3722.68,0,671.05,2024,6,June,Thursday,4136.31,3722.6790000000005
2024-06-20,ORD039053,CUST02323,P010,Coffee Maker,Home,Bengaluru,Online,Debit Card,2,5884.75,0.15,11769.5,10004.07,0,743.83,2024,6,June,Thursday,11769.5,10004.074999999999
2024-06-20,ORD036556,CUST01390,P005,Office Chair,Furniture,Hyderabad,Store,UPI,3,9770.64,0.2,29311.92,23449.54,0,4760.65,2024,6,June,Thursday,29311.92,23449.536
2024-06-20,ORD039325,CUST01216,P015,Dining Table,Furniture,Chennai,Online,UPI,1,23757.41,0.0,23757.41,23757.41,0,3434.68,2024,6,June,Thursday,23757.41,23757.41
2024-06-20,ORD025676,CUST04560,P013,Monitor,Electronics,Chennai,Store,Cash,1,16586.56,0.1,16586.56,14927.9,0,2904.55,2024,6,June,Thursday,16586.56,14927.904000000002
2024-06-20,ORD015777,CUST03711,P002,Smartphone,Electronics,Ahmedabad,Online,Net Banking,2,28860.53,0.1,57721.06,51948.95,0,10046.4,2024,6,June,Thursday,57721.06,51948.954
2024-06-20,ORD007394,CUST02887,P009,T-Shirt,Fashion,Chennai,Online,UPI,1,1163.71,0.25,1163.71,872.78,0,194.17,2024,6,June,Thursday,1163.71,872.7825
2024-06-20,ORD048553,CUST01699,P012,Air Fryer,Home,Jaipur,Store,UPI,2,6796.37,0.25,13592.74,10194.56,0,1635.43,2024,6,June,Thursday,13592.74,10194.555
2024-06-20,ORD023089,CUST04319,P006,Desk,Furniture,Kolkata,Online,Credit Card,1,11291.91,0.25,11291.91,8468.93,0,738.59,2024,6,June,Thursday,11291.91,8468.932499999999
2024-06-20,ORD047562,CUST00852,P006,Desk,Furniture,Hyderabad,Store,Debit Card,1,12688.31,0.05,12688.31,12053.89,0,2272.75,2024,6,June,Thursday,12688.31,12053.894499999999
2024-06-20,ORD005684,CUST02426,P004,Smartwatch,Electronics,Ahmedabad,Online,UPI,1,7443.57,0.0,7443.57,7443.57,0,2186.31,2024,6,June,Thursday,7443.57,7443.57
2024-06-20,ORD042334,CUST04401,P010,Coffee Maker,Home,Delhi,Online,UPI,1,5581.59,0.0,5581.59,5581.59,0,1329.89,2024,6,June,Thursday,5581.59,5581.59
2024-06-20,ORD012259,CUST03322,P003,Headphones,Electronics,Bengaluru,Online,UPI,4,4074.64,0.05,16298.56,15483.63,0,2041.18,2024,6,June,Thursday,16298.56,15483.632
2024-06-20,ORD011262,CUST00535,P014,Keyboard,Electronics,Ahmedabad,Online,Credit Card,2,2362.75,0.15,4725.5,4016.68,0,661.53,2024,6,June,Thursday,4725.5,4016.6749999999997
2024-06-20,ORD019706,CUST04171,P012,Air Fryer,Home,Delhi,Store,UPI,2,7110.86,0.0,14221.72,14221.72,0,2698.28,2024,6,June,Thursday,14221.72,14221.72
2024-06-20,ORD021372,CUST03368,P011,Mixer Grinder,Home,Kolkata,Store,Cash,2,5135.5,0.0,10271.0,10271.0,0,2932.26,2024,6,June,Thursday,10271.0,10271.0
2024-06-20,ORD014569,CUST02043,P017,Jeans,Fashion,Mumbai,Online,UPI,3,2572.66,0.05,7717.98,7332.08,0,1626.04,2024,6,June,Thursday,7717.98,7332.080999999999
2024-06-20,ORD032380,CUST02158,P013,Monitor,Electronics,Jaipur,Online,UPI,1,17800.8,0.05,17800.8,16910.76,0,3986.72,2024,6,June,Thursday,17800.8,16910.76
2024-06-20,ORD034793,CUST02039,P011,Mixer Grinder,Home,Ahmedabad,Store,UPI,1,4420.48,0.05,4420.48,4199.46,0,916.9,2024,6,June,Thursday,4420.48,4199.455999999999
2024-06-20,ORD018178,CUST04303,P007,Backpack,Accessories,Chennai,Online,Debit Card,3,2021.32,0.05,6063.96,5760.76,0,1379.34,2024,6,June,Thursday,6063.96,5760.762
2024-06-20,ORD026512,CUST01442,P010,Coffee Maker,Home,Pune,Online,Net Banking,1,5448.18,0.15,5448.18,4630.95,1,-231.55,2024,6,June,Thursday,5448.18,4630.953
2024-06-20,ORD039994,CUST01777,P001,Laptop,Electronics,Kolkata,Store,UPI,1,62628.66,0.25,62628.66,46971.5,0,4409.76,2024,6,June,Thursday,62628.66,46971.495
2024-06-20,ORD038273,CUST00581,P001,Laptop,Electronics,Jaipur,Online,UPI,3,59685.85,0.0,179057.55,179057.55,0,41552.28,2024,6,June,Thursday,179057.55,179057.55
2024-06-20,ORD000962,CUST00217,P011,Mixer Grinder,Home,Delhi,Online,Debit Card,1,4932.31,0.05,4932.31,4685.69,0,361.99,2024,6,June,Thursday,4932.31,4685.6945000000005
2024-06-20,ORD041720,CUST00746,P009,T-Shirt,Fashion,Jaipur,Online,Credit Card,1,1149.07,0.0,1149.07,1149.07,0,276.75,2024,6,June,Thursday,1149.07,1149.07
2024-06-20,ORD001002,CUST00909,P014,Keyboard,Electronics,Pune,Store,Debit Card,1,2265.93,0.1,2265.93,2039.34,0,537.2,2024,6,June,Thursday,2265.93,2039.337
2024-06-20,ORD018084,CUST02039,P003,Headphones,Electronics,Surat,Store,Credit Card,3,4100.36,0.1,12301.08,11070.97,0,1971.97,2024,6,June,Thursday,12301.079999999998,11070.972
2024-06-20,ORD017442,CUST03839,P003,Headphones,Electronics,Surat,Store,Cash,2,4369.4,0.2,8738.8,6991.04,0,1341.7,2024,6,June,Thursday,8738.8,6991.04
2024-06-20,ORD023378,CUST04570,P016,Sofa,Furniture,Delhi,Online,Credit Card,1,37472.94,0.15,37472.94,31852.0,0,8119.84,2024,6,June,Thursday,37472.94,31851.999
2024-06-20,ORD036021,CUST00334,P012,Air Fryer,Home,Mumbai,Store,Credit Card,1,6993.22,0.2,6993.22,5594.58,0,673.52,2024,6,June,Thursday,6993.22,5594.576000000001
2024-06-20,ORD008762,CUST03582,P002,Smartphone,Electronics,Delhi,Online,UPI,1,29742.89,0.1,29742.89,26768.6,0,6733.32,2024,6,June,Thursday,29742.89,26768.601
2024-06-20,ORD047440,CUST01577,P020,Microwave,Home,Delhi,Online,UPI,1,10017.05,0.25,10017.05,7512.79,0,728.58,2024,6,June,Thursday,10017.05,7512.787499999999
2024-06-20,ORD013797,CUST04885,P016,Sofa,Furniture,Bengaluru,Online,Debit Card,1,33092.51,0.05,33092.51,31437.88,0,6929.62,2024,6,June,Thursday,33092.51,31437.8845
2024-06-20,ORD035018,CUST00605,P001,Laptop,Electronics,Hyderabad,Store,UPI,1,63184.78,0.2,63184.78,50547.82,0,6116.26,2024,6,June,Thursday,63184.78,50547.824
2024-06-20,ORD030244,CUST02935,P012,Air Fryer,Home,Hyderabad,Online,Net Banking,3,6637.45,0.15,19912.35,16925.5,0,3552.83,2024,6,June,Thursday,19912.35,16925.497499999998
2024-06-20,ORD022294,CUST01914,P015,Dining Table,Furniture,Mumbai,Online,UPI,2,22475.93,0.05,44951.86,42704.27,0,5718.84,2024,6,June,Thursday,44951.86,42704.267
2024-06-20,ORD005026,CUST00978,P004,Smartwatch,Electronics,Mumbai,Store,UPI,1,7655.1,0.0,7655.1,7655.1,0,1292.34,2024,6,June,Thursday,7655.1,7655.1
2024-06-20,ORD007142,CUST02375,P017,Jeans,Fashion,Pune,Online,UPI,2,2612.72,0.05,5225.44,4964.17,0,697.02,2024,6,June,Thursday,5225.44,4964.168
2024-06-20,ORD046296,CUST00339,P015,Dining Table,Furniture,Jaipur,Online,UPI,1,20543.59,0.2,20543.59,16434.87,1,-821.74,2024,6,June,Thursday,20543.59,16434.872
2024-06-20,ORD046008,CUST03174,P018,Jacket,Fashion,Ahmedabad,Store,UPI,1,4877.96,0.05,4877.96,4634.06,0,1114.71,2024,6,June,Thursday,4877.96,4634.062
2024-06-20,ORD047047,CUST02792,P008,Running Shoes,Fashion,Surat,Online,Credit Card,1,4161.0,0.0,4161.0,4161.0,0,372.45,2024,6,June,Thursday,4161.0,4161.0
2024-06-20,ORD011721,CUST01186,P006,Desk,Furniture,Pune,Online,Credit Card,1,12649.99,0.15,12649.99,10752.49,0,2890.94,2024,6,June,Thursday,12649.99,10752.4915
2024-06-20,ORD005207,CUST03142,P011,Mixer Grinder,Home,Chennai,Online,Net Banking,1,4736.1,0.1,4736.1,4262.49,0,327.09,2024,6,June,Thursday,4736.1,4262.490000000001
2024-06-20,ORD005187,CUST03770,P015,Dining Table,Furniture,Surat,Online,UPI,3,22905.46,0.0,68716.38,68716.38,0,5617.5,2024,6,June,Thursday,68716.38,68716.38
2024-06-20,ORD006845,CUST01519,P010,Coffee Maker,Home,Mumbai,Store,Net Banking,5,5189.28,0.05,25946.4,24649.08,0,4262.81,2024,6,June,Thursday,25946.399999999998,24649.08
2024-06-20,ORD033759,CUST03203,P015,Dining Table,Furniture,Chennai,Online,UPI,1,22520.43,0.05,22520.43,21394.41,0,4265.67,2024,6,June,Thursday,22520.43,21394.408499999998
2024-06-20,ORD018905,CUST02600,P018,Jacket,Fashion,Chennai,Store,UPI,1,5580.55,0.05,5580.55,5301.52,0,1011.86,2024,6,June,Thursday,5580.55,5301.5225
2024-06-20,ORD000428,CUST00274,P012,Air Fryer,Home,Mumbai,Online,Credit Card,2,6670.34,0.05,13340.68,12673.65,0,2682.64,2024,6,June,Thursday,13340.68,12673.645999999999
2024-06-20,ORD033077,CUST04376,P020,Microwave,Home,Surat,Online,Debit Card,1,11513.99,0.1,11513.99,10362.59,0,1517.43,2024,6,June,Thursday,11513.99,10362.591
2024-06-20,ORD029947,CUST02282,P009,T-Shirt,Fashion,Pune,Online,UPI,2,1254.79,0.2,2509.58,2007.66,0,462.33,2024,6,June,Thursday,2509.58,2007.664
2024-06-20,ORD001444,CUST01754,P012,Air Fryer,Home,Jaipur,Store,UPI,1,7456.42,0.15,7456.42,6337.96,0,619.69,2024,6,June,Thursday,7456.42,6337.957
2024-06-20,ORD006871,CUST02293,P008,Running Shoes,Fashion,Mumbai,Online,Credit Card,2,4493.99,0.0,8987.98,8987.98,0,1321.05,2024,6,June,Thursday,8987.98,8987.98
2024-06-20,ORD044604,CUST03922,P013,Monitor,Electronics,Delhi,Online,Credit Card,2,18095.61,0.15,36191.22,30762.54,0,3001.38,2024,6,June,Thursday,36191.22,30762.537
2024-06-20,ORD049471,CUST02160,P005,Office Chair,Furniture,Kolkata,Online,Credit Card,1,8578.17,0.1,8578.17,7720.35,0,1821.67,2024,6,June,Thursday,8578.17,7720.353
2024-06-21,ORD042714,CUST03584,P001,Laptop,Electronics,Pune,Online,UPI,1,70584.44,0.1,70584.44,63526.0,0,17204.18,2024,6,June,Friday,70584.44,63525.99600000001
2024-06-21,ORD035736,CUST04548,P013,Monitor,Electronics,Mumbai,Online,Net Banking,2,17199.91,0.1,34399.82,30959.84,0,3381.01,2024,6,June,Friday,34399.82,30959.838
2024-06-21,ORD029738,CUST04656,P017,Jeans,Fashion,Jaipur,Store,Credit Card,2,2797.98,0.15,5595.96,4756.57,0,336.96,2024,6,June,Friday,5595.96,4756.566
2024-06-21,ORD014540,CUST03764,P004,Smartwatch,Electronics,Hyderabad,Online,UPI,1,7221.25,0.1,7221.25,6499.12,0,1149.38,2024,6,June,Friday,7221.25,6499.125
2024-06-21,ORD035694,CUST00443,P019,Vacuum Cleaner,Home,Mumbai,Store,Credit Card,1,8127.71,0.15,8127.71,6908.55,0,1521.71,2024,6,June,Friday,8127.71,6908.5535
2024-06-21,ORD011458,CUST00234,P002,Smartphone,Electronics,Mumbai,Online,UPI,1,27053.62,0.25,27053.62,20290.22,0,2782.86,2024,6,June,Friday,27053.62,20290.215
2024-06-21,ORD000047,CUST01853,P017,Jeans,Fashion,Delhi,Online,Net Banking,1,2764.35,0.1,2764.35,2487.92,0,684.52,2024,6,June,Friday,2764.35,2487.915
2024-06-21,ORD034831,CUST01874,P013,Monitor,Electronics,Ahmedabad,Online,UPI,3,19611.86,0.15,58835.58,50010.24,0,6468.53,2024,6,June,Friday,58835.58,50010.243
2024-06-21,ORD020385,CUST01900,P005,Office Chair,Furniture,Chennai,Online,Cash,2,9817.21,0.05,19634.42,18652.7,0,2512.69,2024,6,June,Friday,19634.42,18652.698999999997
2024-06-21,ORD023464,CUST01161,P008,Running Shoes,Fashion,Ahmedabad,Online,Credit Card,1,4131.9,0.2,4131.9,3305.52,0,377.84,2024,6,June,Friday,4131.9,3305.52
2024-06-21,ORD019567,CUST01731,P012,Air Fryer,Home,Mumbai,Online,UPI,1,7218.32,0.0,7218.32,7218.32,0,1643.53,2024,6,June,Friday,7218.32,7218.32
2024-06-21,ORD027944,CUST01701,P012,Air Fryer,Home,Kolkata,Store,UPI,1,7700.09,0.1,7700.09,6930.08,0,1217.62,2024,6,June,Friday,7700.09,6930.081
2024-06-21,ORD039830,CUST00589,P003,Headphones,Electronics,Jaipur,Store,Net Banking,1,4095.3,0.0,4095.3,4095.3,0,1219.32,2024,6,June,Friday,4095.3,4095.3
2024-06-21,ORD012511,CUST04997,P003,Headphones,Electronics,Delhi,Store,Credit Card,3,4624.72,0.1,13874.16,12486.74,0,889.79,2024,6,June,Friday,13874.16,12486.744
2024-06-21,ORD034844,CUST02125,P001,Laptop,Electronics,Kolkata,Online,Debit Card,1,64617.12,0.1,64617.12,58155.41,0,7400.99,2024,6,June,Friday,64617.12,58155.408
2024-06-21,ORD000903,CUST03915,P002,Smartphone,Electronics,Surat,Online,UPI,1,27984.06,0.1,27984.06,25185.65,0,4259.82,2024,6,June,Friday,27984.06,25185.654000000002
2024-06-21,ORD014708,CUST01877,P012,Air Fryer,Home,Delhi,Store,Credit Card,2,6642.88,0.1,13285.76,11957.18,0,1822.87,2024,6,June,Friday,13285.76,11957.184000000001
2024-06-21,ORD019231,CUST00219,P016,Sofa,Furniture,Hyderabad,Online,UPI,3,33749.31,0.05,101247.93,96185.53,0,25925.19,2024,6,June,Friday,101247.93,96185.53349999999
2024-06-21,ORD009560,CUST02735,P014,Keyboard,Electronics,Ahmedabad,Online,Cash,4,2657.52,0.15,10630.08,9035.57,0,1362.42,2024,6,June,Friday,10630.08,9035.568
2024-06-21,ORD031116,CUST04505,P005,Office Chair,Furniture,Ahmedabad,Store,Net Banking,1,8782.85,0.05,8782.85,8343.71,0,1337.02,2024,6,June,Friday,8782.85,8343.7075
2024-06-21,ORD049168,CUST01144,P016,Sofa,Furniture,Delhi,Store,UPI,1,32779.68,0.15,32779.68,27862.73,0,3617.96,2024,6,June,Friday,32779.68,27862.728
2024-06-21,ORD015907,CUST04709,P014,Keyboard,Electronics,Delhi,Online,Credit Card,4,2459.79,0.05,9839.16,9347.2,0,1610.46,2024,6,June,Friday,9839.16,9347.202
2024-06-21,ORD006334,CUST02569,P001,Laptop,Electronics,Mumbai,Store,Debit Card,1,59794.98,0.05,59794.98,56805.23,0,16428.66,2024,6,June,Friday,59794.98,56805.231
2024-06-21,ORD045133,CUST04706,P015,Dining Table,Furniture,Ahmedabad,Online,Credit Card,1,21235.52,0.05,21235.52,20173.74,0,2169.78,2024,6,June,Friday,21235.52,20173.744
2024-06-21,ORD011926,CUST00788,P019,Vacuum Cleaner,Home,Ahmedabad,Store,Credit Card,1,8282.25,0.15,8282.25,7039.91,0,760.22,2024,6,June,Friday,8282.25,7039.912499999999
2024-06-21,ORD034271,CUST04162,P010,Coffee Maker,Home,Jaipur,Online,UPI,1,5949.47,0.0,5949.47,5949.47,0,1596.35,2024,6,June,Friday,5949.47,5949.47
2024-06-21,ORD040369,CUST04680,P009,T-Shirt,Fashion,Bengaluru,Store,Debit Card,1,1256.53,0.2,1256.53,1005.22,0,136.82,2024,6,June,Friday,1256.53,1005.224
2024-06-21,ORD019890,CUST04856,P011,Mixer Grinder,Home,Kolkata,Online,Debit Card,2,4620.74,0.05,9241.48,8779.41,0,1032.42,2024,6,June,Friday,9241.48,8779.405999999999
2024-06-21,ORD005210,CUST00289,P013,Monitor,Electronics,Pune,Online,UPI,1,18451.69,0.15,18451.69,15683.94,0,3281.48,2024,6,June,Friday,18451.69,15683.936499999998
2024-06-21,ORD012644,CUST02135,P014,Keyboard,Electronics,Bengaluru,Online,UPI,2,2345.13,0.0,4690.26,4690.26,0,1140.3,2024,6,June,Friday,4690.26,4690.26
2024-06-21,ORD008103,CUST00713,P011,Mixer Grinder,Home,Bengaluru,Online,UPI,1,5246.75,0.0,5246.75,5246.75,0,930.68,2024,6,June,Friday,5246.75,5246.75
2024-06-21,ORD040085,CUST04880,P016,Sofa,Furniture,Mumbai,Store,Credit Card,1,35464.74,0.2,35464.74,28371.79,0,4926.61,2024,6,June,Friday,35464.74,28371.792
2024-06-21,ORD022805,CUST00881,P017,Jeans,Fashion,Mumbai,Online,Credit Card,1,2544.89,0.1,2544.89,2290.4,0,399.67,2024,6,June,Friday,2544.89,2290.401
2024-06-21,ORD020144,CUST01034,P010,Coffee Maker,Home,Ahmedabad,Online,UPI,3,5262.56,0.1,15787.68,14208.91,0,3017.85,2024,6,June,Friday,15787.68,14208.912
2024-06-21,ORD014618,CUST01954,P012,Air Fryer,Home,Delhi,Online,Net Banking,2,7278.33,0.05,14556.66,13828.83,0,3787.83,2024,6,June,Friday,14556.66,13828.827
2024-06-21,ORD028927,CUST02492,P008,Running Shoes,Fashion,Bengaluru,Online,Credit Card,1,4538.69,0.1,4538.69,4084.82,0,412.21,2024,6,June,Friday,4538.69,4084.821
2024-06-21,ORD035784,CUST04828,P017,Jeans,Fashion,Mumbai,Store,UPI,2,2917.91,0.0,5835.82,5835.82,0,978.53,2024,6,June,Friday,5835.82,5835.82
2024-06-21,ORD005165,CUST00397,P017,Jeans,Fashion,Surat,Store,UPI,1,2645.83,0.15,2645.83,2248.96,0,565.87,2024,6,June,Friday,2645.83,2248.9555
2024-06-21,ORD026037,CUST01978,P001,Laptop,Electronics,Chennai,Store,Credit Card,2,62216.1,0.1,124432.2,111988.98,0,27291.57,2024,6,June,Friday,124432.2,111988.98
2024-06-21,ORD020232,CUST00502,P012,Air Fryer,Home,Pune,Store,Credit Card,2,6676.04,0.1,13352.08,12016.87,0,1159.3,2024,6,June,Friday,13352.08,12016.872
2024-06-21,ORD005380,CUST03970,P016,Sofa,Furniture,Kolkata,Online,UPI,1,33019.39,0.15,33019.39,28066.48,0,4355.83,2024,6,June,Friday,33019.39,28066.481499999998
2024-06-21,ORD014602,CUST01584,P009,T-Shirt,Fashion,Surat,Store,UPI,2,1279.16,0.2,2558.32,2046.66,0,330.98,2024,6,June,Friday,2558.32,2046.6560000000002
2024-06-21,ORD048406,CUST01577,P013,Monitor,Electronics,Hyderabad,Online,UPI,2,17268.56,0.05,34537.12,32810.26,0,2448.5,2024,6,June,Friday,34537.12,32810.264
2024-06-21,ORD007606,CUST02426,P010,Coffee Maker,Home,Mumbai,Online,UPI,4,5364.01,0.0,21456.04,21456.04,0,5481.78,2024,6,June,Friday,21456.04,21456.04
2024-06-21,ORD022148,CUST01360,P002,Smartphone,Electronics,Surat,Online,UPI,1,28968.25,0.05,28968.25,27519.84,0,4490.35,2024,6,June,Friday,28968.25,27519.837499999998
2024-06-21,ORD049173,CUST02442,P014,Keyboard,Electronics,Bengaluru,Online,Credit Card,3,2525.3,0.15,7575.9,6439.52,0,690.3,2024,6,June,Friday,7575.900000000001,6439.514999999999
2024-06-21,ORD037515,CUST02955,P019,Vacuum Cleaner,Home,Chennai,Online,UPI,1,8870.81,0.15,8870.81,7540.19,0,617.75,2024,6,June,Friday,8870.81,7540.188499999999
2024-06-21,ORD013521,CUST03653,P013,Monitor,Electronics,Chennai,Online,Credit Card,3,16422.83,0.2,49268.49,39414.79,0,3441.37,2024,6,June,Friday,49268.490000000005,39414.792
2024-06-21,ORD001289,CUST01213,P006,Desk,Furniture,Kolkata,Store,UPI,1,11654.62,0.0,11654.62,11654.62,0,1204.94,2024,6,June,Friday,11654.62,11654.62
2024-06-21,ORD022240,CUST03818,P012,Air Fryer,Home,Pune,Online,Credit Card,2,7316.45,0.2,14632.9,11706.32,0,3027.34,2024,6,June,Friday,14632.9,11706.32
2024-06-21,ORD039458,CUST02446,P003,Headphones,Electronics,Bengaluru,Store,Credit Card,1,4453.16,0.1,4453.16,4007.84,0,340.99,2024,6,June,Friday,4453.16,4007.844
2024-06-21,ORD026368,CUST04327,P007,Backpack,Accessories,Chennai,Store,Debit Card,1,2269.89,0.05,2269.89,2156.4,0,542.49,2024,6,June,Friday,2269.89,2156.3954999999996
2024-06-21,ORD033686,CUST00935,P004,Smartwatch,Electronics,Hyderabad,Online,UPI,2,6317.58,0.1,12635.16,11371.64,0,1866.59,2024,6,June,Friday,12635.16,11371.644
2024-06-21,ORD029505,CUST03268,P013,Monitor,Electronics,Delhi,Store,UPI,5,18614.56,0.1,93072.8,83765.52,0,12271.88,2024,6,June,Friday,93072.8,83765.52
2024-06-21,ORD005746,CUST04728,P006,Desk,Furniture,Hyderabad,Store,Net Banking,3,11840.16,0.05,35520.48,33744.46,0,2458.41,2024,6,June,Friday,35520.479999999996,33744.456
2024-06-21,ORD020774,CUST03325,P004,Smartwatch,Electronics,Hyderabad,Store,UPI,2,6322.14,0.0,12644.28,12644.28,0,2172.22,2024,6,June,Friday,12644.28,12644.28
2024-06-21,ORD031370,CUST00072,P009,T-Shirt,Fashion,Chennai,Online,Net Banking,2,1175.71,0.0,2351.42,2351.42,0,339.86,2024,6,June,Friday,2351.42,2351.42
2024-06-21,ORD036420,CUST00391,P004,Smartwatch,Electronics,Ahmedabad,Online,UPI,2,7431.06,0.05,14862.12,14119.01,0,2649.25,2024,6,June,Friday,14862.12,14119.014
2024-06-21,ORD032979,CUST02074,P017,Jeans,Fashion,Chennai,Online,Credit Card,3,2807.9,0.15,8423.7,7160.14,0,939.59,2024,6,June,Friday,8423.7,7160.145
2024-06-21,ORD045096,CUST04262,P018,Jacket,Fashion,Pune,Online,Credit Card,1,5609.81,0.0,5609.81,5609.81,1,-280.49,2024,6,June,Friday,5609.81,5609.81
2024-06-21,ORD028564,CUST02076,P019,Vacuum Cleaner,Home,Delhi,Online,Credit Card,1,9099.63,0.1,9099.63,8189.67,0,1754.1,2024,6,June,Friday,9099.63,8189.6669999999995
2024-06-21,ORD047940,CUST01036,P012,Air Fryer,Home,Surat,Store,Cash,2,7095.21,0.05,14190.42,13480.9,0,3234.69,2024,6,June,Friday,14190.42,13480.899
2024-06-21,ORD016492,CUST04782,P002,Smartphone,Electronics,Chennai,Store,UPI,4,29130.18,0.2,116520.72,93216.58,0,11486.62,2024,6,June,Friday,116520.72,93216.576
2024-06-21,ORD009178,CUST02122,P019,Vacuum Cleaner,Home,Kolkata,Online,Debit Card,1,8389.76,0.05,8389.76,7970.27,0,1918.29,2024,6,June,Friday,8389.76,7970.272
2024-06-21,ORD007890,CUST04902,P008,Running Shoes,Fashion,Mumbai,Online,Net Banking,1,4103.53,0.0,4103.53,4103.53,0,674.27,2024,6,June,Friday,4103.53,4103.53
2024-06-21,ORD009991,CUST00882,P001,Laptop,Electronics,Hyderabad,Online,Debit Card,3,59516.23,0.05,178548.69,169621.26,0,45646.91,2024,6,June,Friday,178548.69,169621.2555
2024-06-21,ORD014824,CUST04177,P002,Smartphone,Electronics,Chennai,Store,UPI,4,26236.53,0.25,104946.12,78709.59,0,5813.68,2024,6,June,Friday,104946.12,78709.59
2024-06-21,ORD042795,CUST02854,P007,Backpack,Accessories,Chennai,Online,UPI,1,2057.85,0.0,2057.85,2057.85,0,259.11,2024,6,June,Friday,2057.85,2057.85
2024-06-22,ORD047893,CUST01257,P004,Smartwatch,Electronics,Mumbai,Online,UPI,1,6694.61,0.05,6694.61,6359.88,0,481.99,2024,6,June,Saturday,6694.61,6359.879499999999
2024-06-22,ORD021826,CUST01943,P007,Backpack,Accessories,Hyderabad,Online,Debit Card,2,2327.79,0.0,4655.58,4655.58,0,1293.45,2024,6,June,Saturday,4655.58,4655.58
2024-06-22,ORD018617,CUST01433,P015,Dining Table,Furniture,Delhi,Store,UPI,1,20633.98,0.1,20633.98,18570.58,1,-928.53,2024,6,June,Saturday,20633.98,18570.582
2024-06-22,ORD021673,CUST00084,P020,Microwave,Home,Surat,Store,Credit Card,1,10095.8,0.05,10095.8,9591.01,1,-479.55,2024,6,June,Saturday,10095.8,9591.009999999998
2024-06-22,ORD034183,CUST01802,P006,Desk,Furniture,Jaipur,Store,UPI,1,11300.76,0.1,11300.76,10170.68,0,1062.52,2024,6,June,Saturday,11300.76,10170.684000000001
2024-06-22,ORD022637,CUST02985,P008,Running Shoes,Fashion,Bengaluru,Store,UPI,1,4063.81,0.05,4063.81,3860.62,0,1035.92,2024,6,June,Saturday,4063.81,3860.6195
2024-06-22,ORD002204,CUST00406,P016,Sofa,Furniture,Bengaluru,Online,Credit Card,3,37861.03,0.0,113583.09,113583.09,0,24544.94,2024,6,June,Saturday,113583.09,113583.09
2024-06-22,ORD026864,CUST01784,P019,Vacuum Cleaner,Home,Surat,Store,UPI,2,9353.86,0.0,18707.72,18707.72,0,4501.23,2024,6,June,Saturday,18707.72,18707.72
2024-06-22,ORD004667,CUST04442,P004,Smartwatch,Electronics,Chennai,Store,Credit Card,2,6473.12,0.05,12946.24,12298.93,0,3382.57,2024,6,June,Saturday,12946.24,12298.928
2024-06-22,ORD020958,CUST02251,P017,Jeans,Fashion,Jaipur,Store,UPI,1,2987.2,0.05,2987.2,2837.84,0,401.4,2024,6,June,Saturday,2987.2,2837.8399999999997
2024-06-22,ORD015254,CUST03037,P011,Mixer Grinder,Home,Hyderabad,Online,UPI,2,4587.19,0.15,9174.38,7798.22,0,644.89,2024,6,June,Saturday,9174.38,7798.222999999999
2024-06-22,ORD005939,CUST04763,P004,Smartwatch,Electronics,Pune,Online,Debit Card,2,6814.67,0.1,13629.34,12266.41,0,2884.43,2024,6,June,Saturday,13629.34,12266.406
2024-06-22,ORD008040,CUST03049,P001,Laptop,Electronics,Ahmedabad,Store,UPI,2,67434.6,0.15,134869.2,114638.82,0,20335.31,2024,6,June,Saturday,134869.2,114638.82
2024-06-22,ORD049399,CUST04097,P015,Dining Table,Furniture,Delhi,Store,UPI,1,24137.0,0.1,24137.0,21723.3,0,4773.54,2024,6,June,Saturday,24137.0,21723.3
2024-06-22,ORD034111,CUST00108,P006,Desk,Furniture,Surat,Online,Net Banking,4,12980.2,0.1,51920.8,46728.72,0,3997.87,2024,6,June,Saturday,51920.8,46728.72
2024-06-22,ORD047024,CUST04216,P001,Laptop,Electronics,Delhi,Store,Debit Card,2,67629.3,0.25,135258.6,101443.95,0,18877.92,2024,6,June,Saturday,135258.6,101443.95000000001
2024-06-22,ORD025721,CUST01161,P003,Headphones,Electronics,Bengaluru,Online,Net Banking,1,4814.88,0.15,4814.88,4092.65,0,636.51,2024,6,June,Saturday,4814.88,4092.648
2024-06-22,ORD040477,CUST04069,P012,Air Fryer,Home,Ahmedabad,Online,Debit Card,2,7041.67,0.1,14083.34,12675.01,0,2646.23,2024,6,June,Saturday,14083.34,12675.006000000001
2024-06-22,ORD018663,CUST01334,P012,Air Fryer,Home,Delhi,Store,UPI,1,7302.97,0.1,7302.97,6572.67,0,416.54,2024,6,June,Saturday,7302.97,6572.673000000001
2024-06-22,ORD019090,CUST00068,P003,Headphones,Electronics,Delhi,Store,UPI,1,4413.24,0.2,4413.24,3530.59,0,687.24,2024,6,June,Saturday,4413.24,3530.592
2024-06-22,ORD045976,CUST01331,P018,Jacket,Fashion,Hyderabad,Online,UPI,1,5070.25,0.0,5070.25,5070.25,1,-253.51,2024,6,June,Saturday,5070.25,5070.25
2024-06-22,ORD042698,CUST00997,P002,Smartphone,Electronics,Kolkata,Online,UPI,1,28222.07,0.05,28222.07,26810.97,0,5730.76,2024,6,June,Saturday,28222.07,26810.9665
2024-06-22,ORD007532,CUST03205,P006,Desk,Furniture,Delhi,Online,Debit Card,1,12262.19,0.15,12262.19,10422.86,0,1155.69,2024,6,June,Saturday,12262.19,10422.8615
2024-06-22,ORD029915,CUST02229,P001,Laptop,Electronics,Bengaluru,Online,Credit Card,3,64285.23,0.2,192855.69,154284.55,0,28025.61,2024,6,June,Saturday,192855.69,154284.552
2024-06-22,ORD042445,CUST02183,P007,Backpack,Accessories,Pune,Online,Debit Card,1,2254.97,0.1,2254.97,2029.47,0,549.52,2024,6,June,Saturday,2254.97,2029.473
2024-06-22,ORD036047,CUST01189,P011,Mixer Grinder,Home,Mumbai,Online,Debit Card,3,5068.0,0.15,15204.0,12923.4,0,3105.26,2024,6,June,Saturday,15204.0,12923.4
2024-06-22,ORD013099,CUST00382,P005,Office Chair,Furniture,Kolkata,Online,Debit Card,1,9565.01,0.05,9565.01,9086.76,0,2118.18,2024,6,June,Saturday,9565.01,9086.7595
2024-06-22,ORD013529,CUST02832,P012,Air Fryer,Home,Kolkata,Online,Debit Card,3,7386.71,0.0,22160.13,22160.13,0,5511.35,2024,6,June,Saturday,22160.13,22160.13
2024-06-22,ORD024585,CUST04940,P006,Desk,Furniture,Kolkata,Online,Cash,1,13152.34,0.05,13152.34,12494.72,0,3593.38,2024,6,June,Saturday,13152.34,12494.723
2024-06-22,ORD046253,CUST01680,P001,Laptop,Electronics,Ahmedabad,Online,Cash,3,60661.14,0.05,181983.42,172884.25,0,14206.25,2024,6,June,Saturday,181983.41999999998,172884.249
2024-06-22,ORD022530,CUST00559,P002,Smartphone,Electronics,Delhi,Online,UPI,2,29228.72,0.1,58457.44,52611.7,0,11123.37,2024,6,June,Saturday,58457.44,52611.696
2024-06-22,ORD006989,CUST00245,P007,Backpack,Accessories,Hyderabad,Store,Credit Card,1,2282.52,0.2,2282.52,1826.02,0,205.67,2024,6,June,Saturday,2282.52,1826.016
2024-06-22,ORD030674,CUST01006,P004,Smartwatch,Electronics,Surat,Store,UPI,2,6838.75,0.2,13677.5,10942.0,0,610.81,2024,6,June,Saturday,13677.5,10942.0
2024-06-22,ORD048536,CUST00481,P003,Headphones,Electronics,Ahmedabad,Online,Debit Card,1,4180.77,0.05,4180.77,3971.73,0,758.31,2024,6,June,Saturday,4180.77,3971.7315000000003
2024-06-22,ORD009857,CUST03839,P016,Sofa,Furniture,Hyderabad,Online,UPI,1,36766.88,0.0,36766.88,36766.88,0,5508.79,2024,6,June,Saturday,36766.88,36766.88
2024-06-22,ORD047615,CUST01329,P010,Coffee Maker,Home,Kolkata,Store,UPI,1,5997.79,0.0,5997.79,5997.79,0,638.1,2024,6,June,Saturday,5997.79,5997.79
2024-06-22,ORD002819,CUST01783,P016,Sofa,Furniture,Jaipur,Store,Credit Card,1,37327.87,0.05,37327.87,35461.48,0,7447.24,2024,6,June,Saturday,37327.87,35461.476500000004
2024-06-22,ORD029609,CUST03074,P017,Jeans,Fashion,Surat,Online,Debit Card,1,2603.4,0.1,2603.4,2343.06,0,536.48,2024,6,June,Saturday,2603.4,2343.06
2024-06-22,ORD026501,CUST02741,P004,Smartwatch,Electronics,Delhi,Store,Credit Card,1,6304.53,0.1,6304.53,5674.08,0,877.05,2024,6,June,Saturday,6304.53,5674.077
2024-06-22,ORD027475,CUST01573,P015,Dining Table,Furniture,Surat,Store,UPI,2,21487.66,0.0,42975.32,42975.32,0,5352.32,2024,6,June,Saturday,42975.32,42975.32
2024-06-22,ORD021927,CUST00253,P016,Sofa,Furniture,Chennai,Online,UPI,2,35380.07,0.05,70760.14,67222.13,0,19408.33,2024,6,June,Saturday,70760.14,67222.133
2024-06-22,ORD044662,CUST04587,P007,Backpack,Accessories,Surat,Store,UPI,2,2263.6,0.2,4527.2,3621.76,0,341.21,2024,6,June,Saturday,4527.2,3621.76
2024-06-22,ORD037445,CUST03902,P014,Keyboard,Electronics,Kolkata,Store,UPI,2,2435.96,0.0,4871.92,4871.92,1,-243.6,2024,6,June,Saturday,4871.92,4871.92
2024-06-22,ORD047129,CUST04629,P002,Smartphone,Electronics,Hyderabad,Store,Debit Card,2,29735.89,0.05,59471.78,56498.19,0,9573.94,2024,6,June,Saturday,59471.78,56498.191
2024-06-22,ORD014779,CUST01596,P018,Jacket,Fashion,Chennai,Online,UPI,1,5265.09,0.0,5265.09,5265.09,0,729.51,2024,6,June,Saturday,5265.09,5265.09
2024-06-22,ORD029554,CUST02420,P015,Dining Table,Furniture,Delhi,Store,Credit Card,4,23517.49,0.0,94069.96,94069.96,0,17910.46,2024,6,June,Saturday,94069.96,94069.96
2024-06-22,ORD008502,CUST00838,P013,Monitor,Electronics,Ahmedabad,Online,Net Banking,2,17570.9,0.1,35141.8,31627.62,0,4648.0,2024,6,June,Saturday,35141.8,31627.620000000003
2024-06-22,ORD009562,CUST01886,P016,Sofa,Furniture,Kolkata,Store,UPI,2,32489.52,0.1,64979.04,58481.14,1,-2924.06,2024,6,June,Saturday,64979.04,58481.136
2024-06-22,ORD043031,CUST01701,P016,Sofa,Furniture,Bengaluru,Store,UPI,1,33775.26,0.0,33775.26,33775.26,0,8498.88,2024,6,June,Saturday,33775.26,33775.26
2024-06-22,ORD042542,CUST04642,P018,Jacket,Fashion,Kolkata,Store,Credit Card,2,4776.84,0.0,9553.68,9553.68,0,1237.49,2024,6,June,Saturday,9553.68,9553.68
2024-06-22,ORD031359,CUST03873,P004,Smartwatch,Electronics,Bengaluru,Store,Cash,2,7090.22,0.0,14180.44,14180.44,0,1494.94,2024,6,June,Saturday,14180.44,14180.44
2024-06-22,ORD045908,CUST01024,P012,Air Fryer,Home,Bengaluru,Online,Credit Card,1,6800.46,0.05,6800.46,6460.44,0,797.39,2024,6,June,Saturday,6800.46,6460.437
2024-06-22,ORD043290,CUST01170,P015,Dining Table,Furniture,Delhi,Online,UPI,1,22138.93,0.1,22138.93,19925.04,0,3649.33,2024,6,June,Saturday,22138.93,19925.037
2024-06-22,ORD032075,CUST02464,P007,Backpack,Accessories,Pune,Store,UPI,2,2358.5,0.25,4717.0,3537.75,0,193.18,2024,6,June,Saturday,4717.0,3537.75
2024-06-22,ORD045662,CUST03027,P017,Jeans,Fashion,Kolkata,Online,Debit Card,1,2556.14,0.05,2556.14,2428.33,0,236.28,2024,6,June,Saturday,2556.14,2428.3329999999996
2024-06-22,ORD040372,CUST04677,P009,T-Shirt,Fashion,Hyderabad,Online,Credit Card,2,1174.84,0.05,2349.68,2232.2,0,568.94,2024,6,June,Saturday,2349.68,2232.196
2024-06-22,ORD009072,CUST01136,P002,Smartphone,Electronics,Chennai,Online,Debit Card,1,28789.2,0.15,28789.2,24470.82,0,4940.21,2024,6,June,Saturday,28789.2,24470.82
2024-06-22,ORD047881,CUST03287,P011,Mixer Grinder,Home,Hyderabad,Online,UPI,1,4950.94,0.1,4950.94,4455.85,0,838.96,2024,6,June,Saturday,4950.94,4455.846
2024-06-22,ORD036181,CUST03512,P018,Jacket,Fashion,Bengaluru,Online,UPI,5,5513.78,0.1,27568.9,24812.01,0,6095.48,2024,6,June,Saturday,27568.899999999998,24812.010000000002
2024-06-22,ORD006208,CUST03506,P011,Mixer Grinder,Home,Bengaluru,Online,Credit Card,1,4990.69,0.15,4990.69,4242.09,0,321.65,2024,6,June,Saturday,4990.69,4242.086499999999
2024-06-22,ORD044048,CUST04110,P006,Desk,Furniture,Ahmedabad,Store,UPI,1,12566.57,0.15,12566.57,10681.58,0,1864.55,2024,6,June,Saturday,12566.57,10681.584499999999
2024-06-22,ORD014788,CUST00402,P016,Sofa,Furniture,Hyderabad,Online,Net Banking,1,35799.79,0.1,35799.79,32219.81,0,3053.24,2024,6,June,Saturday,35799.79,32219.811
2024-06-22,ORD000231,CUST03742,P016,Sofa,Furniture,Chennai,Online,Cash,1,38178.23,0.15,38178.23,32451.5,0,7782.96,2024,6,June,Saturday,38178.23,32451.4955
2024-06-22,ORD049483,CUST02401,P005,Office Chair,Furniture,Pune,Online,Debit Card,3,9163.58,0.05,27490.74,26116.2,0,7050.1,2024,6,June,Saturday,27490.739999999998,26116.203
2024-06-23,ORD015134,CUST00519,P012,Air Fryer,Home,Hyderabad,Online,Debit Card,3,7152.35,0.1,21457.05,19311.35,0,3427.78,2024,6,June,Sunday,21457.050000000003,19311.345
2024-06-23,ORD023579,CUST01374,P005,Office Chair,Furniture,Jaipur,Store,Credit Card,2,10279.6,0.25,20559.2,15419.4,0,2690.0,2024,6,June,Sunday,20559.2,15419.400000000001
2024-06-23,ORD005989,CUST04597,P008,Running Shoes,Fashion,Kolkata,Online,Credit Card,1,4040.41,0.1,4040.41,3636.37,0,908.45,2024,6,June,Sunday,4040.41,3636.369
2024-06-23,ORD049617,CUST03101,P014,Keyboard,Electronics,Chennai,Store,Credit Card,1,2661.79,0.05,2661.79,2528.7,0,251.45,2024,6,June,Sunday,2661.79,2528.7005
2024-06-23,ORD015264,CUST00266,P010,Coffee Maker,Home,Pune,Store,Credit Card,1,5006.41,0.1,5006.41,4505.77,0,389.74,2024,6,June,Sunday,5006.41,4505.769
2024-06-23,ORD001917,CUST03271,P016,Sofa,Furniture,Pune,Online,UPI,4,36027.85,0.1,144111.4,129700.26,0,13161.32,2024,6,June,Sunday,144111.4,129700.26
2024-06-23,ORD035817,CUST04018,P017,Jeans,Fashion,Pune,Store,Cash,2,2520.06,0.15,5040.12,4284.1,0,265.22,2024,6,June,Sunday,5040.12,4284.102
2024-06-23,ORD026633,CUST00325,P012,Air Fryer,Home,Surat,Online,Debit Card,1,7433.04,0.0,7433.04,7433.04,0,816.64,2024,6,June,Sunday,7433.04,7433.04
2024-06-23,ORD024833,CUST03869,P009,T-Shirt,Fashion,Hyderabad,Store,Credit Card,5,1162.88,0.0,5814.4,5814.4,0,1065.86,2024,6,June,Sunday,5814.400000000001,5814.4
2024-06-23,ORD005943,CUST01596,P013,Monitor,Electronics,Jaipur,Online,Net Banking,1,17361.14,0.05,17361.14,16493.08,0,1358.96,2024,6,June,Sunday,17361.14,16493.083
2024-06-23,ORD040412,CUST04542,P012,Air Fryer,Home,Bengaluru,Online,Credit Card,1,7358.27,0.2,7358.27,5886.62,0,300.03,2024,6,June,Sunday,7358.27,5886.616000000001
2024-06-23,ORD013249,CUST01209,P020,Microwave,Home,Hyderabad,Online,UPI,1,11875.5,0.2,11875.5,9500.4,1,-475.02,2024,6,June,Sunday,11875.5,9500.4
2024-06-23,ORD004038,CUST02852,P006,Desk,Furniture,Hyderabad,Store,UPI,1,11561.14,0.1,11561.14,10405.03,0,1194.55,2024,6,June,Sunday,11561.14,10405.026
2024-06-23,ORD012937,CUST03061,P007,Backpack,Accessories,Chennai,Store,Net Banking,2,2021.2,0.0,4042.4,4042.4,0,1163.82,2024,6,June,Sunday,4042.4,4042.4
2024-06-23,ORD015469,CUST04279,P010,Coffee Maker,Home,Chennai,Online,Debit Card,2,5572.19,0.2,11144.38,8915.5,0,1801.08,2024,6,June,Sunday,11144.38,8915.503999999999
2024-06-23,ORD031279,CUST02544,P009,T-Shirt,Fashion,Delhi,Store,UPI,1,1128.65,0.1,1128.65,1015.79,0,182.49,2024,6,June,Sunday,1128.65,1015.7850000000001
2024-06-23,ORD037037,CUST02900,P002,Smartphone,Electronics,Mumbai,Online,Credit Card,2,29851.7,0.1,59703.4,53733.06,0,6872.84,2024,6,June,Sunday,59703.4,53733.060000000005
2024-06-23,ORD004086,CUST01872,P010,Coffee Maker,Home,Delhi,Online,UPI,5,5910.0,0.1,29550.0,26595.0,0,4605.98,2024,6,June,Sunday,29550.0,26595.0
2024-06-23,ORD032463,CUST03297,P004,Smartwatch,Electronics,Ahmedabad,Online,Credit Card,3,6899.83,0.05,20699.49,19664.52,0,5114.78,2024,6,June,Sunday,20699.489999999998,19664.5155
2024-06-23,ORD010560,CUST04365,P012,Air Fryer,Home,Surat,Online,Net Banking,1,7887.82,0.05,7887.82,7493.43,0,1475.42,2024,6,June,Sunday,7887.82,7493.428999999999
2024-06-23,ORD011876,CUST00457,P020,Microwave,Home,Hyderabad,Online,UPI,5,11103.36,0.15,55516.8,47189.28,0,3109.5,2024,6,June,Sunday,55516.8,47189.28
2024-06-23,ORD042450,CUST04427,P013,Monitor,Electronics,Delhi,Store,UPI,3,16557.32,0.25,49671.96,37253.97,0,5326.25,2024,6,June,Sunday,49671.96,37253.97
2024-06-23,ORD027696,CUST04676,P004,Smartwatch,Electronics,Chennai,Store,UPI,2,6339.72,0.15,12679.44,10777.52,0,2586.84,2024,6,June,Sunday,12679.44,10777.524
2024-06-23,ORD000864,CUST02899,P002,Smartphone,Electronics,Bengaluru,Store,UPI,2,28657.79,0.0,57315.58,57315.58,0,10646.89,2024,6,June,Sunday,57315.58,57315.58
2024-06-23,ORD016979,CUST04028,P015,Dining Table,Furniture,Bengaluru,Online,UPI,2,20484.12,0.1,40968.24,36871.42,0,9154.94,2024,6,June,Sunday,40968.24,36871.416
2024-06-23,ORD043318,CUST02126,P001,Laptop,Electronics,Delhi,Online,UPI,1,70338.54,0.1,70338.54,63304.69,1,-3165.23,2024,6,June,Sunday,70338.54,63304.685999999994
2024-06-23,ORD029634,CUST02001,P010,Coffee Maker,Home,Ahmedabad,Online,Credit Card,3,5409.79,0.1,16229.37,14606.43,0,3523.13,2024,6,June,Sunday,16229.369999999999,14606.433
2024-06-23,ORD004474,CUST00436,P004,Smartwatch,Electronics,Delhi,Online,UPI,2,6339.39,0.05,12678.78,12044.84,0,3455.02,2024,6,June,Sunday,12678.78,12044.841
2024-06-23,ORD049579,CUST03380,P015,Dining Table,Furniture,Delhi,Online,UPI,1,23807.09,0.15,23807.09,20236.03,0,1633.11,2024,6,June,Sunday,23807.09,20236.0265
2024-06-23,ORD023305,CUST01310,P018,Jacket,Fashion,Delhi,Online,UPI,1,5081.73,0.15,5081.73,4319.47,0,314.38,2024,6,June,Sunday,5081.73,4319.470499999999
2024-06-23,ORD001517,CUST01268,P008,Running Shoes,Fashion,Surat,Store,Credit Card,1,4218.69,0.1,4218.69,3796.82,0,348.45,2024,6,June,Sunday,4218.69,3796.821
2024-06-23,ORD002363,CUST02346,P017,Jeans,Fashion,Chennai,Store,Debit Card,2,2761.41,0.25,5522.82,4142.12,0,530.65,2024,6,June,Sunday,5522.82,4142.115
2024-06-23,ORD029644,CUST01993,P016,Sofa,Furniture,Hyderabad,Online,Cash,3,32016.51,0.0,96049.53,96049.53,0,22531.84,2024,6,June,Sunday,96049.53,96049.53
2024-06-23,ORD039295,CUST04882,P009,T-Shirt,Fashion,Mumbai,Online,UPI,1,1316.28,0.1,1316.28,1184.65,0,269.14,2024,6,June,Sunday,1316.28,1184.652
2024-06-23,ORD031013,CUST02606,P017,Jeans,Fashion,Chennai,Store,Debit Card,4,2878.8,0.0,11515.2,11515.2,0,990.3,2024,6,June,Sunday,11515.2,11515.2
2024-06-23,ORD003342,CUST01468,P008,Running Shoes,Fashion,Jaipur,Online,UPI,1,4257.93,0.0,4257.93,4257.93,0,490.27,2024,6,June,Sunday,4257.93,4257.93
2024-06-23,ORD023187,CUST04301,P010,Coffee Maker,Home,Mumbai,Online,UPI,2,5135.4,0.1,10270.8,9243.72,0,1383.16,2024,6,June,Sunday,10270.8,9243.72
2024-06-23,ORD018975,CUST01023,P008,Running Shoes,Fashion,Bengaluru,Online,UPI,1,4176.57,0.1,4176.57,3758.91,0,973.35,2024,6,June,Sunday,4176.57,3758.913
2024-06-23,ORD011805,CUST04476,P004,Smartwatch,Electronics,Mumbai,Online,UPI,3,6764.52,0.15,20293.56,17249.53,0,1146.07,2024,6,June,Sunday,20293.56,17249.526
2024-06-23,ORD027335,CUST00870,P020,Microwave,Home,Surat,Online,UPI,2,9968.06,0.1,19936.12,17942.51,0,2410.84,2024,6,June,Sunday,19936.12,17942.507999999998
2024-06-23,ORD048978,CUST03591,P014,Keyboard,Electronics,Kolkata,Online,Credit Card,2,2531.37,0.1,5062.74,4556.47,0,788.53,2024,6,June,Sunday,5062.74,4556.466
2024-06-23,ORD021319,CUST00260,P008,Running Shoes,Fashion,Pune,Online,Net Banking,1,4466.54,0.1,4466.54,4019.89,0,580.97,2024,6,June,Sunday,4466.54,4019.886
2024-06-23,ORD000322,CUST00449,P008,Running Shoes,Fashion,Bengaluru,Online,Credit Card,5,4413.25,0.05,22066.25,20962.94,0,4598.75,2024,6,June,Sunday,22066.25,20962.9375
2024-06-23,ORD007898,CUST03783,P013,Monitor,Electronics,Jaipur,Store,Credit Card,1,16524.83,0.1,16524.83,14872.35,0,3625.44,2024,6,June,Sunday,16524.83,14872.347000000002
2024-06-23,ORD019432,CUST04892,P006,Desk,Furniture,Surat,Store,UPI,1,11597.81,0.1,11597.81,10438.03,0,2500.19,2024,6,June,Sunday,11597.81,10438.029
2024-06-23,ORD012438,CUST02446,P013,Monitor,Electronics,Kolkata,Online,UPI,2,19596.54,0.15,39193.08,33314.12,0,8567.83,2024,6,June,Sunday,39193.08,33314.118
2024-06-23,ORD034106,CUST02483,P007,Backpack,Accessories,Jaipur,Store,Credit Card,1,2116.0,0.15,2116.0,1798.6,0,279.28,2024,6,June,Sunday,2116.0,1798.6
2024-06-23,ORD018228,CUST01931,P004,Smartwatch,Electronics,Kolkata,Online,Credit Card,1,6542.25,0.1,6542.25,5888.02,0,1341.73,2024,6,June,Sunday,6542.25,5888.025000000001
2024-06-23,ORD045994,CUST03721,P007,Backpack,Accessories,Ahmedabad,Store,UPI,4,2077.65,0.1,8310.6,7479.54,0,1060.4,2024,6,June,Sunday,8310.6,7479.540000000001
2024-06-23,ORD042732,CUST03897,P010,Coffee Maker,Home,Pune,Store,UPI,1,5858.51,0.1,5858.51,5272.66,0,1198.77,2024,6,June,Sunday,5858.51,5272.659000000001
2024-06-23,ORD035553,CUST02113,P008,Running Shoes,Fashion,Kolkata,Store,Credit Card,2,4143.63,0.05,8287.26,7872.9,0,1868.83,2024,6,June,Sunday,8287.26,7872.897
2024-06-23,ORD036861,CUST01709,P008,Running Shoes,Fashion,Mumbai,Store,Credit Card,3,4341.44,0.1,13024.32,11721.89,0,3129.41,2024,6,June,Sunday,13024.32,11721.888
2024-06-23,ORD029575,CUST01470,P003,Headphones,Electronics,Delhi,Online,Credit Card,1,4218.73,0.1,4218.73,3796.86,0,761.15,2024,6,June,Sunday,4218.73,3796.8569999999995
2024-06-23,ORD028839,CUST01101,P003,Headphones,Electronics,Delhi,Store,UPI,3,4094.14,0.15,12282.42,10440.06,0,639.53,2024,6,June,Sunday,12282.42,10440.057
2024-06-23,ORD005141,CUST01569,P007,Backpack,Accessories,Bengaluru,Online,Debit Card,1,2328.17,0.15,2328.17,1978.94,0,475.45,2024,6,June,Sunday,2328.17,1978.9445
2024-06-23,ORD019502,CUST01951,P015,Dining Table,Furniture,Ahmedabad,Store,UPI,1,24055.84,0.05,24055.84,22853.05,0,6599.44,2024,6,June,Sunday,24055.84,22853.048
2024-06-23,ORD033319,CUST03855,P001,Laptop,Electronics,Chennai,Store,UPI,5,58802.18,0.05,294010.9,279310.36,0,49696.01,2024,6,June,Sunday,294010.9,279310.355
2024-06-23,ORD045953,CUST02330,P007,Backpack,Accessories,Delhi,Online,UPI,2,2238.02,0.1,4476.04,4028.44,0,820.39,2024,6,June,Sunday,4476.04,4028.436
2024-06-24,ORD040289,CUST01984,P002,Smartphone,Electronics,Hyderabad,Online,Credit Card,1,30494.81,0.15,30494.81,25920.59,0,5011.07,2024,6,June,Monday,30494.81,25920.5885
2024-06-24,ORD030060,CUST00481,P007,Backpack,Accessories,Chennai,Online,Net Banking,2,2117.45,0.0,4234.9,4234.9,0,505.19,2024,6,June,Monday,4234.9,4234.9
2024-06-24,ORD049842,CUST00604,P020,Microwave,Home,Bengaluru,Online,Cash,1,11000.49,0.2,11000.49,8800.39,0,691.62,2024,6,June,Monday,11000.49,8800.392
2024-06-24,ORD031395,CUST03549,P013,Monitor,Electronics,Ahmedabad,Online,Debit Card,2,18620.87,0.1,37241.74,33517.57,0,3269.61,2024,6,June,Monday,37241.74,33517.566
2024-06-24,ORD033516,CUST00819,P018,Jacket,Fashion,Delhi,Online,Credit Card,1,5630.56,0.0,5630.56,5630.56,1,-281.53,2024,6,June,Monday,5630.56,5630.56
2024-06-24,ORD046942,CUST03330,P013,Monitor,Electronics,Surat,Online,Debit Card,4,19582.83,0.05,78331.32,74414.75,0,13650.08,2024,6,June,Monday,78331.32,74414.754
2024-06-24,ORD020804,CUST00572,P019,Vacuum Cleaner,Home,Hyderabad,Store,Credit Card,2,9216.01,0.05,18432.02,17510.42,0,3319.85,2024,6,June,Monday,18432.02,17510.418999999998
2024-06-24,ORD039570,CUST02556,P016,Sofa,Furniture,Pune,Store,UPI,1,34984.94,0.1,34984.94,31486.45,0,4919.91,2024,6,June,Monday,34984.94,31486.446000000004
2024-06-24,ORD031154,CUST04580,P011,Mixer Grinder,Home,Hyderabad,Online,Credit Card,1,4734.71,0.1,4734.71,4261.24,0,470.88,2024,6,June,Monday,4734.71,4261.2390000000005
2024-06-24,ORD005151,CUST02658,P017,Jeans,Fashion,Pune,Store,Debit Card,2,2722.22,0.1,5444.44,4900.0,0,1052.51,2024,6,June,Monday,5444.44,4899.996
2024-06-24,ORD007027,CUST04506,P015,Dining Table,Furniture,Delhi,Online,Credit Card,1,20870.38,0.15,20870.38,17739.82,0,1322.37,2024,6,June,Monday,20870.38,17739.823
2024-06-24,ORD047179,CUST03209,P010,Coffee Maker,Home,Jaipur,Online,Debit Card,1,5443.68,0.0,5443.68,5443.68,0,683.19,2024,6,June,Monday,5443.68,5443.68
2024-06-24,ORD015787,CUST00727,P013,Monitor,Electronics,Delhi,Online,UPI,1,16960.34,0.05,16960.34,16112.32,0,4500.31,2024,6,June,Monday,16960.34,16112.322999999999
2024-06-24,ORD017504,CUST04189,P001,Laptop,Electronics,Mumbai,Online,Net Banking,1,59297.61,0.05,59297.61,56332.73,0,11893.41,2024,6,June,Monday,59297.61,56332.7295
2024-06-24,ORD019035,CUST04095,P008,Running Shoes,Fashion,Jaipur,Online,Debit Card,5,4170.81,0.15,20854.05,17725.94,0,3336.16,2024,6,June,Monday,20854.050000000003,17725.942499999997
2024-06-24,ORD039551,CUST02213,P005,Office Chair,Furniture,Ahmedabad,Online,Credit Card,1,9655.31,0.1,9655.31,8689.78,0,1778.61,2024,6,June,Monday,9655.31,8689.779
2024-06-24,ORD044536,CUST00478,P007,Backpack,Accessories,Surat,Online,Debit Card,4,2378.67,0.05,9514.68,9038.95,0,1298.7,2024,6,June,Monday,9514.68,9038.946
2024-06-24,ORD032709,CUST00059,P002,Smartphone,Electronics,Pune,Online,Net Banking,1,27369.7,0.1,27369.7,24632.73,0,2122.97,2024,6,June,Monday,27369.7,24632.73
2024-06-24,ORD024951,CUST04624,P004,Smartwatch,Electronics,Pune,Online,Credit Card,3,7473.07,0.1,22419.21,20177.29,0,4697.52,2024,6,June,Monday,22419.21,20177.289
2024-06-24,ORD005056,CUST00617,P005,Office Chair,Furniture,Bengaluru,Online,Credit Card,1,10089.87,0.05,10089.87,9585.38,0,1895.84,2024,6,June,Monday,10089.87,9585.3765
2024-06-24,ORD000816,CUST02668,P007,Backpack,Accessories,Mumbai,Online,Credit Card,2,2017.66,0.15,4035.32,3430.02,0,743.8,2024,6,June,Monday,4035.32,3430.022
2024-06-24,ORD042988,CUST04418,P007,Backpack,Accessories,Delhi,Online,Credit Card,4,2206.11,0.0,8824.44,8824.44,0,2269.63,2024,6,June,Monday,8824.44,8824.44
2024-06-24,ORD048587,CUST02527,P005,Office Chair,Furniture,Mumbai,Online,UPI,4,8686.12,0.0,34744.48,34744.48,0,5683.57,2024,6,June,Monday,34744.48,34744.48
2024-06-24,ORD004235,CUST00544,P019,Vacuum Cleaner,Home,Surat,Store,UPI,1,9586.12,0.05,9586.12,9106.81,0,1469.12,2024,6,June,Monday,9586.12,9106.814
2024-06-24,ORD036431,CUST01498,P005,Office Chair,Furniture,Surat,Online,UPI,1,8615.0,0.1,8615.0,7753.5,0,1716.38,2024,6,June,Monday,8615.0,7753.5
2024-06-24,ORD030846,CUST00116,P003,Headphones,Electronics,Mumbai,Store,UPI,1,4387.69,0.15,4387.69,3729.54,0,833.26,2024,6,June,Monday,4387.69,3729.5364999999997
2024-06-24,ORD006994,CUST03293,P012,Air Fryer,Home,Hyderabad,Online,Debit Card,1,7576.55,0.05,7576.55,7197.72,0,1672.29,2024,6,June,Monday,7576.55,7197.7225
2024-06-24,ORD036949,CUST03835,P003,Headphones,Electronics,Jaipur,Store,Cash,1,4511.23,0.05,4511.23,4285.67,0,1006.39,2024,6,June,Monday,4511.23,4285.6685
2024-06-24,ORD040256,CUST04981,P012,Air Fryer,Home,Bengaluru,Online,Credit Card,1,7716.72,0.1,7716.72,6945.05,0,1384.35,2024,6,June,Monday,7716.72,6945.048000000001
2024-06-24,ORD040260,CUST01820,P020,Microwave,Home,Kolkata,Online,UPI,1,10887.53,0.0,10887.53,10887.53,0,2865.65,2024,6,June,Monday,10887.53,10887.53
2024-06-24,ORD039065,CUST03980,P019,Vacuum Cleaner,Home,Mumbai,Online,Credit Card,1,8225.0,0.05,8225.0,7813.75,0,773.88,2024,6,June,Monday,8225.0,7813.75
2024-06-24,ORD007665,CUST04180,P017,Jeans,Fashion,Surat,Online,Credit Card,1,2554.04,0.1,2554.04,2298.64,0,311.09,2024,6,June,Monday,2554.04,2298.636
2024-06-24,ORD033934,CUST02736,P019,Vacuum Cleaner,Home,Surat,Online,UPI,2,8578.7,0.1,17157.4,15441.66,0,1545.31,2024,6,June,Monday,17157.4,15441.660000000002
2024-06-24,ORD007103,CUST02691,P012,Air Fryer,Home,Ahmedabad,Store,Credit Card,1,7367.88,0.0,7367.88,7367.88,0,1246.37,2024,6,June,Monday,7367.88,7367.88
2024-06-24,ORD029853,CUST04268,P001,Laptop,Electronics,Bengaluru,Online,Credit Card,2,61594.9,0.05,123189.8,117030.31,0,19377.05,2024,6,June,Monday,123189.8,117030.31
2024-06-24,ORD030505,CUST00425,P010,Coffee Maker,Home,Pune,Online,Debit Card,2,5461.8,0.2,10923.6,8738.88,0,1025.38,2024,6,June,Monday,10923.6,8738.880000000001
2024-06-24,ORD018376,CUST02277,P019,Vacuum Cleaner,Home,Bengaluru,Online,Debit Card,1,8426.15,0.15,8426.15,7162.23,0,1205.07,2024,6,June,Monday,8426.15,7162.227499999999
2024-06-24,ORD019380,CUST04480,P020,Microwave,Home,Mumbai,Online,Debit Card,1,10837.8,0.1,10837.8,9754.02,0,2300.74,2024,6,June,Monday,10837.8,9754.02
2024-06-24,ORD040902,CUST01794,P016,Sofa,Furniture,Delhi,Online,Debit Card,1,36243.73,0.05,36243.73,34431.54,0,6519.55,2024,6,June,Monday,36243.73,34431.5435
2024-06-24,ORD008802,CUST01722,P003,Headphones,Electronics,Jaipur,Store,Credit Card,3,4447.52,0.1,13342.56,12008.3,0,2988.49,2024,6,June,Monday,13342.560000000001,12008.304
2024-06-24,ORD025539,CUST01450,P013,Monitor,Electronics,Jaipur,Store,Net Banking,5,18848.38,0.15,94241.9,80105.62,0,20368.8,2024,6,June,Monday,94241.90000000001,80105.61499999999
2024-06-24,ORD006463,CUST02259,P005,Office Chair,Furniture,Surat,Online,Cash,1,9121.59,0.05,9121.59,8665.51,0,2201.46,2024,6,June,Monday,9121.59,8665.5105
2024-06-24,ORD026516,CUST00475,P003,Headphones,Electronics,Pune,Store,Cash,1,4241.1,0.25,4241.1,3180.82,0,336.53,2024,6,June,Monday,4241.1,3180.8250000000003
2024-06-24,ORD003683,CUST03063,P005,Office Chair,Furniture,Hyderabad,Online,Debit Card,3,8780.12,0.1,26340.36,23706.32,0,6272.21,2024,6,June,Monday,26340.36,23706.324
2024-06-24,ORD033289,CUST01454,P007,Backpack,Accessories,Jaipur,Online,UPI,1,2290.82,0.15,2290.82,1947.2,0,389.69,2024,6,June,Monday,2290.82,1947.1970000000001
2024-06-24,ORD035641,CUST01403,P009,T-Shirt,Fashion,Hyderabad,Online,Credit Card,1,1182.19,0.0,1182.19,1182.19,0,253.22,2024,6,June,Monday,1182.19,1182.19
2024-06-24,ORD032323,CUST00172,P017,Jeans,Fashion,Chennai,Online,Cash,4,2871.95,0.2,11487.8,9190.24,0,1998.79,2024,6,June,Monday,11487.8,9190.24
2024-06-24,ORD023733,CUST04496,P008,Running Shoes,Fashion,Mumbai,Online,Credit Card,1,4070.55,0.0,4070.55,4070.55,0,599.06,2024,6,June,Monday,4070.55,4070.55
2024-06-24,ORD042460,CUST01596,P015,Dining Table,Furniture,Delhi,Online,Credit Card,2,21000.68,0.05,42001.36,39901.29,0,8941.02,2024,6,June,Monday,42001.36,39901.292
2024-06-24,ORD006107,CUST01245,P014,Keyboard,Electronics,Mumbai,Store,Debit Card,1,2605.73,0.05,2605.73,2475.44,0,175.31,2024,6,June,Monday,2605.73,2475.4435
2024-06-24,ORD043826,CUST04043,P012,Air Fryer,Home,Kolkata,Store,UPI,1,7584.99,0.2,7584.99,6067.99,0,676.63,2024,6,June,Monday,7584.99,6067.992
2024-06-24,ORD041043,CUST03204,P011,Mixer Grinder,Home,Mumbai,Online,Net Banking,2,4629.16,0.15,9258.32,7869.57,0,938.31,2024,6,June,Monday,9258.32,7869.571999999999
2024-06-24,ORD034934,CUST01681,P009,T-Shirt,Fashion,Hyderabad,Store,UPI,1,1307.12,0.1,1307.12,1176.41,0,127.35,2024,6,June,Monday,1307.12,1176.408
2024-06-24,ORD013275,CUST00437,P006,Desk,Furniture,Pune,Online,Credit Card,3,11029.45,0.05,33088.35,31433.93,1,-1571.7,2024,6,June,Monday,33088.350000000006,31433.932499999995
2024-06-24,ORD044416,CUST03514,P003,Headphones,Electronics,Hyderabad,Store,UPI,1,4336.14,0.0,4336.14,4336.14,0,436.52,2024,6,June,Monday,4336.14,4336.14
2024-06-24,ORD028021,CUST03729,P005,Office Chair,Furniture,Bengaluru,Store,Credit Card,1,10089.87,0.1,10089.87,9080.88,0,2001.51,2024,6,June,Monday,10089.87,9080.883000000002
2024-06-24,ORD006755,CUST02665,P002,Smartphone,Electronics,Delhi,Online,Net Banking,1,26996.84,0.05,26996.84,25647.0,0,7110.75,2024,6,June,Monday,26996.84,25646.998
2024-06-24,ORD021808,CUST00956,P020,Microwave,Home,Ahmedabad,Online,Debit Card,2,11229.53,0.15,22459.06,19090.2,0,3351.9,2024,6,June,Monday,22459.06,19090.201
2024-06-24,ORD037070,CUST01028,P017,Jeans,Fashion,Delhi,Online,Credit Card,3,2792.67,0.1,8378.01,7540.21,0,1926.09,2024,6,June,Monday,8378.01,7540.209000000001
2024-06-24,ORD025860,CUST04572,P014,Keyboard,Electronics,Ahmedabad,Store,UPI,5,2360.69,0.15,11803.45,10032.93,0,1702.68,2024,6,June,Monday,11803.45,10032.9325
2024-06-24,ORD025853,CUST01930,P013,Monitor,Electronics,Ahmedabad,Online,Debit Card,1,18847.39,0.1,18847.39,16962.65,0,2479.73,2024,6,June,Monday,18847.39,16962.651
2024-06-24,ORD043327,CUST02431,P002,Smartphone,Electronics,Jaipur,Online,Credit Card,4,26402.81,0.0,105611.24,105611.24,0,12666.42,2024,6,June,Monday,105611.24,105611.24
2024-06-24,ORD041624,CUST04342,P006,Desk,Furniture,Ahmedabad,Online,UPI,1,12268.49,0.05,12268.49,11655.07,0,3359.08,2024,6,June,Monday,12268.49,11655.065499999999
2024-06-24,ORD024553,CUST04176,P013,Monitor,Electronics,Mumbai,Online,UPI,1,19285.96,0.15,19285.96,16393.07,1,-819.65,2024,6,June,Monday,19285.96,16393.066
2024-06-24,ORD019755,CUST02844,P019,Vacuum Cleaner,Home,Pune,Online,UPI,1,9534.02,0.15,9534.02,8103.92,0,1049.75,2024,6,June,Monday,9534.02,8103.917
2024-06-25,ORD014437,CUST04569,P010,Coffee Maker,Home,Kolkata,Online,Debit Card,1,6005.93,0.0,6005.93,6005.93,0,998.22,2024,6,June,Tuesday,6005.93,6005.93
2024-06-25,ORD020878,CUST03004,P015,Dining Table,Furniture,Ahmedabad,Online,Credit Card,2,22348.77,0.0,44697.54,44697.54,0,10203.13,2024,6,June,Tuesday,44697.54,44697.54
2024-06-25,ORD038555,CUST02543,P020,Microwave,Home,Chennai,Online,Credit Card,2,11685.73,0.0,23371.46,23371.46,0,3131.15,2024,6,June,Tuesday,23371.46,23371.46
2024-06-25,ORD044480,CUST03724,P009,T-Shirt,Fashion,Kolkata,Online,Credit Card,1,1208.22,0.2,1208.22,966.58,0,162.37,2024,6,June,Tuesday,1208.22,966.576
2024-06-25,ORD016659,CUST01733,P005,Office Chair,Furniture,Kolkata,Online,Net Banking,1,8712.44,0.15,8712.44,7405.57,0,1032.46,2024,6,June,Tuesday,8712.44,7405.5740000000005
2024-06-25,ORD039205,CUST04445,P011,Mixer Grinder,Home,Bengaluru,Online,Credit Card,4,5074.66,0.05,20298.64,19283.71,0,4078.14,2024,6,June,Tuesday,20298.64,19283.708
2024-06-25,ORD009540,CUST00390,P016,Sofa,Furniture,Jaipur,Store,UPI,1,32346.4,0.1,32346.4,29111.76,1,-1455.59,2024,6,June,Tuesday,32346.4,29111.760000000002
2024-06-25,ORD027008,CUST04231,P009,T-Shirt,Fashion,Ahmedabad,Store,Net Banking,1,1109.76,0.05,1109.76,1054.27,1,-52.71,2024,6,June,Tuesday,1109.76,1054.272
2024-06-25,ORD035689,CUST00160,P005,Office Chair,Furniture,Hyderabad,Online,UPI,4,8650.78,0.15,34603.12,29412.65,1,-1470.63,2024,6,June,Tuesday,34603.12,29412.652000000002
2024-06-25,ORD043131,CUST01622,P005,Office Chair,Furniture,Pune,Online,UPI,1,10125.98,0.1,10125.98,9113.38,0,1231.55,2024,6,June,Tuesday,10125.98,9113.382
2024-06-25,ORD030616,CUST04309,P018,Jacket,Fashion,Surat,Store,Debit Card,1,4803.67,0.2,4803.67,3842.94,0,699.18,2024,6,June,Tuesday,4803.67,3842.936
2024-06-25,ORD014635,CUST00645,P013,Monitor,Electronics,Surat,Online,Net Banking,1,16756.2,0.0,16756.2,16756.2,0,2843.83,2024,6,June,Tuesday,16756.2,16756.2
2024-06-25,ORD030408,CUST03014,P014,Keyboard,Electronics,Delhi,Online,UPI,1,2459.77,0.0,2459.77,2459.77,0,306.5,2024,6,June,Tuesday,2459.77,2459.77
2024-06-25,ORD016077,CUST01597,P017,Jeans,Fashion,Kolkata,Online,Credit Card,2,2957.83,0.0,5915.66,5915.66,0,1378.27,2024,6,June,Tuesday,5915.66,5915.66
2024-06-25,ORD006947,CUST04909,P005,Office Chair,Furniture,Ahmedabad,Online,Credit Card,1,8788.76,0.0,8788.76,8788.76,0,1945.63,2024,6,June,Tuesday,8788.76,8788.76
2024-06-25,ORD023902,CUST04271,P009,T-Shirt,Fashion,Kolkata,Online,Debit Card,1,1136.16,0.05,1136.16,1079.35,0,122.75,2024,6,June,Tuesday,1136.16,1079.352
2024-06-25,ORD020614,CUST03952,P009,T-Shirt,Fashion,Hyderabad,Online,Debit Card,1,1247.3,0.1,1247.3,1122.57,0,87.6,2024,6,June,Tuesday,1247.3,1122.57
2024-06-25,ORD039530,CUST03553,P007,Backpack,Accessories,Mumbai,Online,Credit Card,2,2379.8,0.05,4759.6,4521.62,0,1004.08,2024,6,June,Tuesday,4759.6,4521.62
2024-06-25,ORD034949,CUST00633,P017,Jeans,Fashion,Mumbai,Store,UPI,2,2707.04,0.15,5414.08,4601.97,0,754.59,2024,6,June,Tuesday,5414.08,4601.968
2024-06-25,ORD021658,CUST03563,P005,Office Chair,Furniture,Kolkata,Store,Credit Card,2,9697.42,0.25,19394.84,14546.13,1,-727.31,2024,6,June,Tuesday,19394.84,14546.130000000001
2024-06-25,ORD008845,CUST02716,P004,Smartwatch,Electronics,Mumbai,Online,UPI,1,6395.99,0.25,6395.99,4796.99,0,472.75,2024,6,June,Tuesday,6395.99,4796.9925
2024-06-25,ORD020742,CUST00217,P013,Monitor,Electronics,Pune,Online,UPI,1,17992.03,0.15,17992.03,15293.23,0,3612.33,2024,6,June,Tuesday,17992.03,15293.225499999999
2024-06-25,ORD047214,CUST02896,P016,Sofa,Furniture,Pune,Online,Credit Card,2,32589.3,0.05,65178.6,61919.67,0,17701.98,2024,6,June,Tuesday,65178.6,61919.67
2024-06-25,ORD015333,CUST02894,P008,Running Shoes,Fashion,Jaipur,Store,Credit Card,1,4612.84,0.05,4612.84,4382.2,0,487.91,2024,6,June,Tuesday,4612.84,4382.198
2024-06-25,ORD002618,CUST01779,P017,Jeans,Fashion,Bengaluru,Online,UPI,1,2851.55,0.05,2851.55,2708.97,0,336.37,2024,6,June,Tuesday,2851.55,2708.9725
2024-06-25,ORD024168,CUST01657,P016,Sofa,Furniture,Ahmedabad,Online,Debit Card,1,38096.15,0.0,38096.15,38096.15,0,11042.07,2024,6,June,Tuesday,38096.15,38096.15
2024-06-25,ORD008966,CUST02836,P014,Keyboard,Electronics,Delhi,Store,UPI,1,2310.03,0.1,2310.03,2079.03,0,373.01,2024,6,June,Tuesday,2310.03,2079.027
2024-06-25,ORD024182,CUST02195,P010,Coffee Maker,Home,Pune,Online,Cash,4,5033.42,0.1,20133.68,18120.31,0,2517.66,2024,6,June,Tuesday,20133.68,18120.312
2024-06-25,ORD041093,CUST03026,P014,Keyboard,Electronics,Pune,Online,UPI,3,2645.73,0.1,7937.19,7143.47,0,1477.22,2024,6,June,Tuesday,7937.1900000000005,7143.471
2024-06-25,ORD004956,CUST04878,P001,Laptop,Electronics,Hyderabad,Store,Cash,1,69917.37,0.1,69917.37,62925.63,0,7987.84,2024,6,June,Tuesday,69917.37,62925.632999999994
2024-06-25,ORD043133,CUST00400,P014,Keyboard,Electronics,Bengaluru,Store,Net Banking,1,2591.66,0.1,2591.66,2332.49,0,573.48,2024,6,June,Tuesday,2591.66,2332.494
2024-06-25,ORD046592,CUST00533,P016,Sofa,Furniture,Mumbai,Store,Debit Card,1,34238.39,0.0,34238.39,34238.39,0,3675.66,2024,6,June,Tuesday,34238.39,34238.39
2024-06-25,ORD010846,CUST02260,P019,Vacuum Cleaner,Home,Chennai,Online,UPI,1,8744.03,0.2,8744.03,6995.22,0,965.88,2024,6,June,Tuesday,8744.03,6995.224000000001
2024-06-25,ORD026958,CUST01939,P009,T-Shirt,Fashion,Delhi,Store,UPI,3,1182.18,0.1,3546.54,3191.89,0,867.45,2024,6,June,Tuesday,3546.54,3191.886
2024-06-25,ORD039308,CUST04240,P011,Mixer Grinder,Home,Chennai,Store,UPI,1,4515.7,0.05,4515.7,4289.92,0,565.97,2024,6,June,Tuesday,4515.7,4289.915
2024-06-25,ORD032957,CUST00206,P014,Keyboard,Electronics,Bengaluru,Store,UPI,1,2527.78,0.1,2527.78,2275.0,0,532.73,2024,6,June,Tuesday,2527.78,2275.0020000000004
2024-06-25,ORD003530,CUST02021,P008,Running Shoes,Fashion,Chennai,Online,UPI,1,3811.01,0.25,3811.01,2858.26,0,129.46,2024,6,June,Tuesday,3811.01,2858.2575
2024-06-25,ORD048401,CUST01434,P018,Jacket,Fashion,Ahmedabad,Online,Debit Card,4,5501.23,0.15,22004.92,18704.18,0,3436.32,2024,6,June,Tuesday,22004.92,18704.181999999997
2024-06-25,ORD040743,CUST03270,P013,Monitor,Electronics,Mumbai,Online,UPI,5,18515.97,0.2,92579.85,74063.88,0,18585.19,2024,6,June,Tuesday,92579.85,74063.88
2024-06-25,ORD016986,CUST01776,P015,Dining Table,Furniture,Kolkata,Online,Cash,1,23913.11,0.2,23913.11,19130.49,0,3225.67,2024,6,June,Tuesday,23913.11,19130.488
2024-06-25,ORD011273,CUST00292,P018,Jacket,Fashion,Kolkata,Online,Credit Card,1,5177.5,0.05,5177.5,4918.62,0,1137.28,2024,6,June,Tuesday,5177.5,4918.625
2024-06-25,ORD002850,CUST03282,P005,Office Chair,Furniture,Kolkata,Online,Net Banking,2,9592.67,0.0,19185.34,19185.34,0,2814.16,2024,6,June,Tuesday,19185.34,19185.34
2024-06-25,ORD027227,CUST03147,P003,Headphones,Electronics,Chennai,Online,UPI,1,4138.33,0.1,4138.33,3724.5,0,275.29,2024,6,June,Tuesday,4138.33,3724.497
2024-06-25,ORD036918,CUST00612,P006,Desk,Furniture,Kolkata,Online,Credit Card,3,12744.92,0.1,38234.76,34411.28,0,8779.03,2024,6,June,Tuesday,38234.76,34411.284
2024-06-25,ORD017402,CUST02217,P007,Backpack,Accessories,Hyderabad,Online,UPI,2,2197.1,0.15,4394.2,3735.07,1,-186.75,2024,6,June,Tuesday,4394.2,3735.0699999999997
2024-06-25,ORD037728,CUST02103,P002,Smartphone,Electronics,Pune,Online,Credit Card,2,28102.96,0.2,56205.92,44964.74,0,11019.4,2024,6,June,Tuesday,56205.92,44964.736000000004
2024-06-25,ORD002118,CUST02885,P010,Coffee Maker,Home,Pune,Online,Credit Card,1,6043.41,0.0,6043.41,6043.41,0,1227.15,2024,6,June,Tuesday,6043.41,6043.41
2024-06-25,ORD013247,CUST04213,P006,Desk,Furniture,Surat,Online,UPI,3,11321.85,0.2,33965.55,27172.44,0,5883.91,2024,6,June,Tuesday,33965.55,27172.440000000002
2024-06-25,ORD011719,CUST02952,P018,Jacket,Fashion,Mumbai,Online,Debit Card,1,4786.24,0.1,4786.24,4307.62,0,459.31,2024,6,June,Tuesday,4786.24,4307.616
2024-06-25,ORD034765,CUST03018,P005,Office Chair,Furniture,Kolkata,Online,UPI,2,8782.4,0.1,17564.8,15808.32,0,1871.46,2024,6,June,Tuesday,17564.8,15808.32
2024-06-25,ORD020165,CUST03571,P019,Vacuum Cleaner,Home,Hyderabad,Store,Debit Card,1,9477.0,0.1,9477.0,8529.3,0,1517.68,2024,6,June,Tuesday,9477.0,8529.300000000001
2024-06-25,ORD015679,CUST00141,P017,Jeans,Fashion,Bengaluru,Online,Debit Card,1,2549.37,0.0,2549.37,2549.37,0,539.21,2024,6,June,Tuesday,2549.37,2549.37
2024-06-25,ORD049142,CUST00861,P001,Laptop,Electronics,Ahmedabad,Store,UPI,1,67288.12,0.05,67288.12,63923.71,0,16430.11,2024,6,June,Tuesday,67288.12,63923.71399999999
2024-06-25,ORD025782,CUST01476,P009,T-Shirt,Fashion,Delhi,Store,Credit Card,1,1280.96,0.2,1280.96,1024.77,0,120.59,2024,6,June,Tuesday,1280.96,1024.768
2024-06-25,ORD026016,CUST03276,P014,Keyboard,Electronics,Chennai,Online,Credit Card,1,2492.63,0.05,2492.63,2368.0,0,593.08,2024,6,June,Tuesday,2492.63,2367.9985
2024-06-25,ORD022710,CUST01981,P003,Headphones,Electronics,Delhi,Online,Credit Card,2,4584.56,0.05,9169.12,8710.66,0,1498.74,2024,6,June,Tuesday,9169.12,8710.664
2024-06-25,ORD008370,CUST02632,P015,Dining Table,Furniture,Bengaluru,Store,Net Banking,1,22141.51,0.2,22141.51,17713.21,0,2055.79,2024,6,June,Tuesday,22141.51,17713.208
2024-06-25,ORD013787,CUST01616,P019,Vacuum Cleaner,Home,Ahmedabad,Online,Credit Card,1,8781.57,0.1,8781.57,7903.41,0,2000.37,2024,6,June,Tuesday,8781.57,7903.413
2024-06-25,ORD006784,CUST02085,P012,Air Fryer,Home,Pune,Store,Cash,1,7844.87,0.15,7844.87,6668.14,0,539.25,2024,6,June,Tuesday,7844.87,6668.139499999999
2024-06-25,ORD037693,CUST01453,P014,Keyboard,Electronics,Bengaluru,Online,UPI,1,2289.14,0.0,2289.14,2289.14,0,409.61,2024,6,June,Tuesday,2289.14,2289.14
2024-06-25,ORD037004,CUST03946,P011,Mixer Grinder,Home,Chennai,Online,UPI,1,4390.92,0.0,4390.92,4390.92,0,635.71,2024,6,June,Tuesday,4390.92,4390.92
2024-06-25,ORD031679,CUST02781,P013,Monitor,Electronics,Ahmedabad,Online,Credit Card,1,17480.07,0.1,17480.07,15732.06,1,-786.6,2024,6,June,Tuesday,17480.07,15732.063
2024-06-25,ORD001576,CUST00416,P020,Microwave,Home,Hyderabad,Store,UPI,1,11768.33,0.1,11768.33,10591.5,0,1195.29,2024,6,June,Tuesday,11768.33,10591.497
2024-06-26,ORD011160,CUST02426,P016,Sofa,Furniture,Jaipur,Online,Credit Card,1,31512.95,0.25,31512.95,23634.71,0,945.39,2024,6,June,Wednesday,31512.95,23634.7125
2024-06-26,ORD011866,CUST00398,P002,Smartphone,Electronics,Hyderabad,Online,UPI,1,29682.18,0.0,29682.18,29682.18,0,5458.3,2024,6,June,Wednesday,29682.18,29682.18
2024-06-26,ORD015461,CUST01754,P002,Smartphone,Electronics,Delhi,Store,Debit Card,1,26063.92,0.0,26063.92,26063.92,0,3184.25,2024,6,June,Wednesday,26063.92,26063.92
2024-06-26,ORD041017,CUST01267,P011,Mixer Grinder,Home,Jaipur,Online,UPI,1,4460.51,0.15,4460.51,3791.43,0,576.56,2024,6,June,Wednesday,4460.51,3791.4335
2024-06-26,ORD031820,CUST02135,P019,Vacuum Cleaner,Home,Jaipur,Store,Cash,2,8839.92,0.0,17679.84,17679.84,0,1714.68,2024,6,June,Wednesday,17679.84,17679.84
2024-06-26,ORD047699,CUST00296,P016,Sofa,Furniture,Hyderabad,Store,Credit Card,3,36801.53,0.05,110404.59,104884.36,0,7846.75,2024,6,June,Wednesday,110404.59,104884.3605
2024-06-26,ORD042607,CUST01524,P007,Backpack,Accessories,Delhi,Online,Debit Card,2,2407.83,0.05,4815.66,4574.88,0,671.91,2024,6,June,Wednesday,4815.66,4574.8769999999995
2024-06-26,ORD011823,CUST01246,P018,Jacket,Fashion,Chennai,Store,Credit Card,2,5646.67,0.1,11293.34,10164.01,0,1373.85,2024,6,June,Wednesday,11293.34,10164.006000000001
2024-06-26,ORD010874,CUST02608,P015,Dining Table,Furniture,Surat,Store,Debit Card,2,23377.15,0.0,46754.3,46754.3,0,11634.41,2024,6,June,Wednesday,46754.3,46754.3
2024-06-26,ORD007180,CUST02464,P019,Vacuum Cleaner,Home,Hyderabad,Online,Credit Card,1,9678.61,0.15,9678.61,8226.82,0,771.75,2024,6,June,Wednesday,9678.61,8226.8185
2024-06-26,ORD042872,CUST01289,P018,Jacket,Fashion,Delhi,Online,Debit Card,2,4783.23,0.25,9566.46,7174.84,0,551.78,2024,6,June,Wednesday,9566.46,7174.844999999999
2024-06-26,ORD012982,CUST02359,P011,Mixer Grinder,Home,Ahmedabad,Store,UPI,1,4933.26,0.05,4933.26,4686.6,0,835.5,2024,6,June,Wednesday,4933.26,4686.597
2024-06-26,ORD044306,CUST04127,P018,Jacket,Fashion,Hyderabad,Store,Credit Card,1,5626.79,0.15,5626.79,4782.77,0,765.65,2024,6,June,Wednesday,5626.79,4782.7715
2024-06-26,ORD030212,CUST03475,P009,T-Shirt,Fashion,Chennai,Store,Debit Card,2,1285.85,0.2,2571.7,2057.36,0,172.07,2024,6,June,Wednesday,2571.7,2057.36
2024-06-26,ORD024466,CUST04328,P004,Smartwatch,Electronics,Surat,Online,UPI,1,6302.31,0.05,6302.31,5987.19,0,740.34,2024,6,June,Wednesday,6302.31,5987.1945000000005
2024-06-26,ORD042134,CUST03143,P004,Smartwatch,Electronics,Pune,Store,UPI,5,7314.14,0.2,36570.7,29256.56,0,3953.8,2024,6,June,Wednesday,36570.700000000004,29256.559999999998
2024-06-26,ORD024092,CUST00576,P019,Vacuum Cleaner,Home,Bengaluru,Store,UPI,1,8841.55,0.1,8841.55,7957.4,0,2153.35,2024,6,June,Wednesday,8841.55,7957.3949999999995
2024-06-26,ORD023770,CUST00669,P017,Jeans,Fashion,Surat,Online,Net Banking,1,2691.75,0.05,2691.75,2557.16,0,566.81,2024,6,June,Wednesday,2691.75,2557.1625
2024-06-26,ORD031350,CUST00958,P006,Desk,Furniture,Bengaluru,Store,Credit Card,3,11711.98,0.1,35135.94,31622.35,1,-1581.12,2024,6,June,Wednesday,35135.94,31622.346
2024-06-26,ORD035436,CUST03913,P019,Vacuum Cleaner,Home,Kolkata,Online,Debit Card,1,9266.79,0.1,9266.79,8340.11,0,1455.79,2024,6,June,Wednesday,9266.79,8340.111
2024-06-26,ORD022632,CUST01442,P008,Running Shoes,Fashion,Ahmedabad,Store,UPI,1,4285.81,0.25,4285.81,3214.36,0,683.12,2024,6,June,Wednesday,4285.81,3214.3575
2024-06-26,ORD002711,CUST02143,P020,Microwave,Home,Delhi,Store,Net Banking,1,11346.68,0.15,11346.68,9644.68,0,719.42,2024,6,June,Wednesday,11346.68,9644.678
2024-06-26,ORD024455,CUST00498,P011,Mixer Grinder,Home,Delhi,Online,Credit Card,1,4500.47,0.25,4500.47,3375.35,1,-168.77,2024,6,June,Wednesday,4500.47,3375.3525
2024-06-26,ORD006865,CUST03249,P005,Office Chair,Furniture,Bengaluru,Store,Credit Card,2,10304.62,0.15,20609.24,17517.85,0,1354.89,2024,6,June,Wednesday,20609.24,17517.854
2024-06-26,ORD020791,CUST02449,P013,Monitor,Electronics,Chennai,Online,Credit Card,2,16424.97,0.15,32849.94,27922.45,0,4733.75,2024,6,June,Wednesday,32849.94,27922.449
2024-06-26,ORD040875,CUST01242,P019,Vacuum Cleaner,Home,Jaipur,Online,Credit Card,1,9635.8,0.1,9635.8,8672.22,0,1119.29,2024,6,June,Wednesday,9635.8,8672.22
2024-06-26,ORD031181,CUST01140,P020,Microwave,Home,Chennai,Store,UPI,1,11413.0,0.05,11413.0,10842.35,0,2805.21,2024,6,June,Wednesday,11413.0,10842.35
2024-06-26,ORD022630,CUST04714,P019,Vacuum Cleaner,Home,Delhi,Store,UPI,4,9010.65,0.2,36042.6,28834.08,0,5048.84,2024,6,June,Wednesday,36042.6,28834.08
2024-06-26,ORD005793,CUST02379,P020,Microwave,Home,Kolkata,Online,Debit Card,1,10288.31,0.15,10288.31,8745.06,1,-437.25,2024,6,June,Wednesday,10288.31,8745.0635
2024-06-26,ORD013145,CUST02005,P002,Smartphone,Electronics,Bengaluru,Store,Net Banking,1,27493.47,0.1,27493.47,24744.12,0,5863.52,2024,6,June,Wednesday,27493.47,24744.123000000003
2024-06-26,ORD016721,CUST00727,P003,Headphones,Electronics,Delhi,Store,UPI,3,4442.37,0.05,13327.11,12660.75,0,2114.84,2024,6,June,Wednesday,13327.11,12660.7545
2024-06-26,ORD005716,CUST00671,P004,Smartwatch,Electronics,Kolkata,Online,Credit Card,5,6853.69,0.05,34268.45,32555.03,0,8449.06,2024,6,June,Wednesday,34268.45,32555.027499999997
2024-06-26,ORD044277,CUST00629,P018,Jacket,Fashion,Kolkata,Store,UPI,2,4686.38,0.0,9372.76,9372.76,0,1203.98,2024,6,June,Wednesday,9372.76,9372.76
2024-06-26,ORD009551,CUST01112,P017,Jeans,Fashion,Ahmedabad,Store,UPI,1,3073.7,0.0,3073.7,3073.7,0,522.25,2024,6,June,Wednesday,3073.7,3073.7
2024-06-26,ORD038901,CUST02462,P015,Dining Table,Furniture,Hyderabad,Store,Debit Card,1,20783.65,0.1,20783.65,18705.29,0,4875.33,2024,6,June,Wednesday,20783.65,18705.285000000003
2024-06-26,ORD005343,CUST00002,P013,Monitor,Electronics,Bengaluru,Online,Cash,5,16434.72,0.15,82173.6,69847.56,0,13704.12,2024,6,June,Wednesday,82173.6,69847.56
2024-06-26,ORD003432,CUST02156,P004,Smartwatch,Electronics,Mumbai,Online,Credit Card,1,7042.57,0.1,7042.57,6338.31,0,432.53,2024,6,June,Wednesday,7042.57,6338.313
2024-06-26,ORD009392,CUST04201,P016,Sofa,Furniture,Ahmedabad,Store,Debit Card,1,32217.57,0.05,32217.57,30606.69,0,6268.08,2024,6,June,Wednesday,32217.57,30606.691499999997
2024-06-26,ORD012183,CUST00889,P003,Headphones,Electronics,Hyderabad,Online,UPI,1,4594.28,0.1,4594.28,4134.85,0,324.54,2024,6,June,Wednesday,4594.28,4134.852
2024-06-26,ORD011376,CUST02888,P006,Desk,Furniture,Surat,Online,Credit Card,1,11357.8,0.2,11357.8,9086.24,0,1207.83,2024,6,June,Wednesday,11357.8,9086.24
2024-06-26,ORD002876,CUST02846,P011,Mixer Grinder,Home,Ahmedabad,Online,UPI,2,4589.5,0.1,9179.0,8261.1,0,659.48,2024,6,June,Wednesday,9179.0,8261.1
2024-06-26,ORD003776,CUST02317,P006,Desk,Furniture,Jaipur,Online,Credit Card,2,10893.87,0.15,21787.74,18519.58,0,4740.41,2024,6,June,Wednesday,21787.74,18519.579
2024-06-26,ORD042305,CUST03151,P003,Headphones,Electronics,Bengaluru,Online,Credit Card,1,4841.33,0.05,4841.33,4599.26,0,986.02,2024,6,June,Wednesday,4841.33,4599.2635
2024-06-26,ORD048174,CUST04488,P017,Jeans,Fashion,Pune,Store,Credit Card,1,2647.47,0.1,2647.47,2382.72,0,207.72,2024,6,June,Wednesday,2647.47,2382.723
2024-06-26,ORD023882,CUST03399,P020,Microwave,Home,Chennai,Online,UPI,2,9997.16,0.2,19994.32,15995.46,0,2061.05,2024,6,June,Wednesday,19994.32,15995.456
2024-06-26,ORD003338,CUST02736,P007,Backpack,Accessories,Kolkata,Online,UPI,1,2269.13,0.15,2269.13,1928.76,0,366.6,2024,6,June,Wednesday,2269.13,1928.7605
2024-06-26,ORD038665,CUST01555,P011,Mixer Grinder,Home,Chennai,Online,UPI,3,4632.56,0.05,13897.68,13202.8,0,2063.12,2024,6,June,Wednesday,13897.68,13202.796
2024-06-26,ORD029669,CUST04233,P006,Desk,Furniture,Chennai,Online,Credit Card,2,11452.37,0.1,22904.74,20614.27,0,4875.2,2024,6,June,Wednesday,22904.74,20614.266000000003
2024-06-26,ORD030648,CUST03190,P003,Headphones,Electronics,Kolkata,Store,UPI,2,4154.81,0.05,8309.62,7894.14,0,1015.56,2024,6,June,Wednesday,8309.62,7894.139
2024-06-26,ORD029399,CUST04094,P015,Dining Table,Furniture,Jaipur,Online,Debit Card,2,20087.88,0.05,40175.76,38166.97,0,2894.47,2024,6,June,Wednesday,40175.76,38166.972
2024-06-26,ORD021411,CUST00872,P002,Smartphone,Electronics,Chennai,Store,Debit Card,1,27763.05,0.05,27763.05,26374.9,0,2388.03,2024,6,June,Wednesday,27763.05,26374.8975
2024-06-26,ORD043490,CUST01802,P002,Smartphone,Electronics,Mumbai,Store,Cash,1,28546.67,0.15,28546.67,24264.67,0,5613.81,2024,6,June,Wednesday,28546.67,24264.669499999996
2024-06-26,ORD022546,CUST03140,P003,Headphones,Electronics,Jaipur,Store,Net Banking,2,4886.93,0.15,9773.86,8307.78,0,753.28,2024,6,June,Wednesday,9773.86,8307.781
2024-06-26,ORD041902,CUST00083,P015,Dining Table,Furniture,Hyderabad,Online,UPI,2,20237.6,0.1,40475.2,36427.68,0,7565.29,2024,6,June,Wednesday,40475.2,36427.68
2024-06-26,ORD031628,CUST00050,P002,Smartphone,Electronics,Jaipur,Store,UPI,1,27584.65,0.05,27584.65,26205.42,0,3088.1,2024,6,June,Wednesday,27584.65,26205.4175
2024-06-26,ORD020684,CUST03192,P020,Microwave,Home,Pune,Store,Debit Card,1,10281.02,0.0,10281.02,10281.02,0,2218.42,2024,6,June,Wednesday,10281.02,10281.02
2024-06-26,ORD046265,CUST00104,P006,Desk,Furniture,Ahmedabad,Online,Cash,2,11124.29,0.1,22248.58,20023.72,0,2864.74,2024,6,June,Wednesday,22248.58,20023.722
2024-06-26,ORD037955,CUST03984,P014,Keyboard,Electronics,Ahmedabad,Store,Cash,1,2725.35,0.2,2725.35,2180.28,1,-109.01,2024,6,June,Wednesday,2725.35,2180.28
2024-06-26,ORD014657,CUST02295,P009,T-Shirt,Fashion,Mumbai,Online,UPI,1,1240.08,0.0,1240.08,1240.08,0,350.69,2024,6,June,Wednesday,1240.08,1240.08
2024-06-26,ORD021487,CUST01268,P005,Office Chair,Furniture,Hyderabad,Online,Credit Card,1,9104.12,0.1,9104.12,8193.71,0,1372.51,2024,6,June,Wednesday,9104.12,8193.708
2024-06-26,ORD006844,CUST00590,P014,Keyboard,Electronics,Delhi,Online,UPI,4,2601.31,0.1,10405.24,9364.72,0,1250.12,2024,6,June,Wednesday,10405.24,9364.716
2024-06-26,ORD019587,CUST04064,P010,Coffee Maker,Home,Delhi,Online,Debit Card,1,5711.62,0.15,5711.62,4854.88,0,1071.53,2024,6,June,Wednesday,5711.62,4854.8769999999995
2024-06-26,ORD000535,CUST02858,P015,Dining Table,Furniture,Hyderabad,Store,Credit Card,1,21188.79,0.05,21188.79,20129.35,0,2829.41,2024,6,June,Wednesday,21188.79,20129.3505
2024-06-26,ORD011387,CUST00407,P002,Smartphone,Electronics,Ahmedabad,Online,Debit Card,1,25264.93,0.0,25264.93,25264.93,0,3027.78,2024,6,June,Wednesday,25264.93,25264.93
2024-06-26,ORD026177,CUST04768,P016,Sofa,Furniture,Pune,Store,UPI,1,32235.15,0.1,32235.15,29011.64,0,2399.33,2024,6,June,Wednesday,32235.15,29011.635000000002
2024-06-26,ORD020150,CUST02282,P004,Smartwatch,Electronics,Pune,Store,Credit Card,2,7431.59,0.25,14863.18,11147.38,0,1083.5,2024,6,June,Wednesday,14863.18,11147.385
2024-06-26,ORD012049,CUST01374,P020,Microwave,Home,Jaipur,Store,Debit Card,2,11513.02,0.1,23026.04,20723.44,0,1978.86,2024,6,June,Wednesday,23026.04,20723.436
2024-06-26,ORD013474,CUST01459,P002,Smartphone,Electronics,Mumbai,Store,UPI,1,25456.28,0.1,25456.28,22910.65,1,-1145.53,2024,6,June,Wednesday,25456.28,22910.652
2024-06-26,ORD020338,CUST02371,P005,Office Chair,Furniture,Surat,Online,Credit Card,1,8565.04,0.15,8565.04,7280.28,0,386.38,2024,6,June,Wednesday,8565.04,7280.284000000001
2024-06-26,ORD043920,CUST01928,P016,Sofa,Furniture,Jaipur,Store,UPI,1,36604.85,0.1,36604.85,32944.36,0,4234.47,2024,6,June,Wednesday,36604.85,32944.365
2024-06-26,ORD025971,CUST01743,P003,Headphones,Electronics,Pune,Online,UPI,1,4434.35,0.1,4434.35,3990.92,0,799.68,2024,6,June,Wednesday,4434.35,3990.9150000000004
2024-06-26,ORD046348,CUST01400,P015,Dining Table,Furniture,Chennai,Store,Cash,1,20347.64,0.05,20347.64,19330.26,0,5176.89,2024,6,June,Wednesday,20347.64,19330.257999999998
2024-06-26,ORD027267,CUST02742,P009,T-Shirt,Fashion,Jaipur,Store,Net Banking,2,1288.6,0.25,2577.2,1932.9,0,200.94,2024,6,June,Wednesday,2577.2,1932.8999999999999
2024-06-26,ORD016384,CUST00368,P002,Smartphone,Electronics,Hyderabad,Store,Debit Card,2,28443.93,0.15,56887.86,48354.68,0,4451.92,2024,6,June,Wednesday,56887.86,48354.681
2024-06-27,ORD031195,CUST02276,P013,Monitor,Electronics,Pune,Store,UPI,5,19788.03,0.1,98940.15,89046.14,0,11771.68,2024,6,June,Thursday,98940.15,89046.135
2024-06-27,ORD036416,CUST02405,P008,Running Shoes,Fashion,Chennai,Online,UPI,1,4064.74,0.05,4064.74,3861.5,0,912.4,2024,6,June,Thursday,4064.74,3861.5029999999997
2024-06-27,ORD015354,CUST00543,P008,Running Shoes,Fashion,Kolkata,Store,Cash,4,3914.85,0.15,15659.4,13310.49,0,1297.49,2024,6,June,Thursday,15659.4,13310.49
2024-06-27,ORD009363,CUST00058,P015,Dining Table,Furniture,Kolkata,Store,UPI,1,24184.34,0.0,24184.34,24184.34,0,2762.46,2024,6,June,Thursday,24184.34,24184.34
2024-06-27,ORD033031,CUST04592,P012,Air Fryer,Home,Surat,Online,UPI,1,6859.14,0.0,6859.14,6859.14,0,1455.59,2024,6,June,Thursday,6859.14,6859.14
2024-06-27,ORD008244,CUST04023,P015,Dining Table,Furniture,Delhi,Store,UPI,3,23495.19,0.05,70485.57,66961.29,0,11599.33,2024,6,June,Thursday,70485.56999999999,66961.2915
2024-06-27,ORD013269,CUST00559,P007,Backpack,Accessories,Bengaluru,Online,UPI,1,2322.88,0.2,2322.88,1858.3,0,222.67,2024,6,June,Thursday,2322.88,1858.304
2024-06-27,ORD009421,CUST00411,P002,Smartphone,Electronics,Delhi,Online,UPI,1,30198.5,0.05,30198.5,28688.57,0,4632.87,2024,6,June,Thursday,30198.5,28688.574999999997
2024-06-27,ORD033443,CUST02918,P007,Backpack,Accessories,Hyderabad,Store,UPI,5,2033.16,0.05,10165.8,9657.51,0,1578.11,2024,6,June,Thursday,10165.800000000001,9657.509999999998
2024-06-27,ORD023613,CUST03480,P011,Mixer Grinder,Home,Hyderabad,Online,Net Banking,5,4659.59,0.15,23297.95,19803.26,0,2205.32,2024,6,June,Thursday,23297.95,19803.2575
2024-06-27,ORD034818,CUST02381,P018,Jacket,Fashion,Mumbai,Online,Credit Card,2,5248.59,0.0,10497.18,10497.18,0,1922.91,2024,6,June,Thursday,10497.18,10497.18
2024-06-27,ORD023697,CUST04271,P010,Coffee Maker,Home,Ahmedabad,Store,Cash,1,5181.56,0.1,5181.56,4663.4,0,557.0,2024,6,June,Thursday,5181.56,4663.404
2024-06-27,ORD025698,CUST04780,P005,Office Chair,Furniture,Jaipur,Online,UPI,2,9507.16,0.05,19014.32,18063.6,0,2467.8,2024,6,June,Thursday,19014.32,18063.604
2024-06-27,ORD012549,CUST04216,P008,Running Shoes,Fashion,Surat,Online,UPI,1,4158.63,0.1,4158.63,3742.77,0,974.12,2024,6,June,Thursday,4158.63,3742.7670000000003
2024-06-27,ORD029770,CUST03824,P010,Coffee Maker,Home,Kolkata,Online,UPI,1,6014.8,0.0,6014.8,6014.8,0,1516.44,2024,6,June,Thursday,6014.8,6014.8
2024-06-27,ORD011305,CUST04615,P019,Vacuum Cleaner,Home,Kolkata,Online,UPI,1,8632.68,0.1,8632.68,7769.41,0,474.62,2024,6,June,Thursday,8632.68,7769.412
2024-06-27,ORD024322,CUST01100,P008,Running Shoes,Fashion,Pune,Online,Debit Card,1,4235.62,0.05,4235.62,4023.84,1,-201.19,2024,6,June,Thursday,4235.62,4023.8389999999995
2024-06-27,ORD019016,CUST03097,P008,Running Shoes,Fashion,Kolkata,Online,Net Banking,4,4190.33,0.05,16761.32,15923.25,0,1444.31,2024,6,June,Thursday,16761.32,15923.253999999999
2024-06-27,ORD010035,CUST03147,P008,Running Shoes,Fashion,Chennai,Online,UPI,2,3895.94,0.0,7791.88,7791.88,0,1048.78,2024,6,June,Thursday,7791.88,7791.88
2024-06-27,ORD020214,CUST00293,P005,Office Chair,Furniture,Chennai,Online,UPI,3,8700.45,0.15,26101.35,22186.15,0,1518.5,2024,6,June,Thursday,26101.350000000002,22186.1475
2024-06-27,ORD035532,CUST02717,P012,Air Fryer,Home,Jaipur,Online,Debit Card,1,6737.7,0.15,6737.7,5727.04,0,465.69,2024,6,June,Thursday,6737.7,5727.045
2024-06-27,ORD009268,CUST03321,P018,Jacket,Fashion,Ahmedabad,Online,Cash,1,5530.22,0.1,5530.22,4977.2,0,367.97,2024,6,June,Thursday,5530.22,4977.198
2024-06-27,ORD003591,CUST02200,P003,Headphones,Electronics,Mumbai,Online,Net Banking,1,4201.4,0.2,4201.4,3361.12,0,708.54,2024,6,June,Thursday,4201.4,3361.12
2024-06-27,ORD018479,CUST04691,P004,Smartwatch,Electronics,Mumbai,Online,UPI,1,7080.12,0.05,7080.12,6726.11,0,540.57,2024,6,June,Thursday,7080.12,6726.114
2024-06-27,ORD006406,CUST02254,P004,Smartwatch,Electronics,Delhi,Online,Debit Card,1,7092.35,0.1,7092.35,6383.12,0,566.0,2024,6,June,Thursday,7092.35,6383.115000000001
2024-06-27,ORD047605,CUST03634,P016,Sofa,Furniture,Bengaluru,Online,UPI,1,35126.97,0.2,35126.97,28101.58,0,5532.97,2024,6,June,Thursday,35126.97,28101.576
2024-06-27,ORD030559,CUST02593,P011,Mixer Grinder,Home,Bengaluru,Store,UPI,1,4660.61,0.1,4660.61,4194.55,0,607.76,2024,6,June,Thursday,4660.61,4194.549
2024-06-27,ORD030860,CUST00571,P015,Dining Table,Furniture,Jaipur,Store,Net Banking,1,23630.65,0.2,23630.65,18904.52,0,3303.1,2024,6,June,Thursday,23630.65,18904.52
2024-06-27,ORD048786,CUST00290,P017,Jeans,Fashion,Hyderabad,Online,Debit Card,1,2734.35,0.05,2734.35,2597.63,0,293.09,2024,6,June,Thursday,2734.35,2597.6324999999997
2024-06-27,ORD041491,CUST03373,P009,T-Shirt,Fashion,Bengaluru,Store,UPI,1,1268.06,0.0,1268.06,1268.06,0,123.98,2024,6,June,Thursday,1268.06,1268.06
2024-06-27,ORD030087,CUST02536,P007,Backpack,Accessories,Delhi,Online,Debit Card,2,2333.71,0.05,4667.42,4434.05,0,564.79,2024,6,June,Thursday,4667.42,4434.049
2024-06-27,ORD016552,CUST01106,P014,Keyboard,Electronics,Pune,Online,Net Banking,1,2733.69,0.1,2733.69,2460.32,0,591.37,2024,6,June,Thursday,2733.69,2460.321
2024-06-27,ORD024143,CUST04046,P004,Smartwatch,Electronics,Surat,Online,UPI,3,6369.19,0.0,19107.57,19107.57,0,3889.22,2024,6,June,Thursday,19107.57,19107.57
2024-06-27,ORD024231,CUST04039,P018,Jacket,Fashion,Pune,Online,Debit Card,1,5083.08,0.2,5083.08,4066.46,0,897.28,2024,6,June,Thursday,5083.08,4066.464
2024-06-27,ORD011339,CUST00997,P015,Dining Table,Furniture,Ahmedabad,Store,Debit Card,1,21188.37,0.0,21188.37,21188.37,0,4196.95,2024,6,June,Thursday,21188.37,21188.37
2024-06-27,ORD003970,CUST01966,P010,Coffee Maker,Home,Kolkata,Online,UPI,2,5971.6,0.2,11943.2,9554.56,0,1038.33,2024,6,June,Thursday,11943.2,9554.560000000001
2024-06-27,ORD039771,CUST04719,P019,Vacuum Cleaner,Home,Kolkata,Online,Net Banking,3,9436.86,0.05,28310.58,26895.05,0,2109.06,2024,6,June,Thursday,28310.58,26895.051
2024-06-27,ORD024668,CUST01765,P010,Coffee Maker,Home,Mumbai,Online,UPI,5,5760.17,0.0,28800.85,28800.85,0,5842.98,2024,6,June,Thursday,28800.85,28800.85
2024-06-27,ORD004310,CUST02052,P005,Office Chair,Furniture,Mumbai,Store,Net Banking,2,8550.18,0.15,17100.36,14535.31,0,1441.73,2024,6,June,Thursday,17100.36,14535.306
2024-06-27,ORD048141,CUST01031,P002,Smartphone,Electronics,Pune,Online,Credit Card,1,27086.77,0.0,27086.77,27086.77,0,5183.87,2024,6,June,Thursday,27086.77,27086.77
2024-06-27,ORD003636,CUST01281,P009,T-Shirt,Fashion,Surat,Online,UPI,4,1223.04,0.05,4892.16,4647.55,0,1146.16,2024,6,June,Thursday,4892.16,4647.552
2024-06-27,ORD035618,CUST00024,P017,Jeans,Fashion,Ahmedabad,Store,Debit Card,1,3049.98,0.0,3049.98,3049.98,0,904.52,2024,6,June,Thursday,3049.98,3049.98
2024-06-27,ORD023826,CUST01616,P020,Microwave,Home,Bengaluru,Online,Credit Card,1,10854.43,0.15,10854.43,9226.27,1,-461.31,2024,6,June,Thursday,10854.43,9226.2655
2024-06-27,ORD001757,CUST01605,P001,Laptop,Electronics,Ahmedabad,Online,Credit Card,2,70304.97,0.15,140609.94,119518.45,0,31584.33,2024,6,June,Thursday,140609.94,119518.449
2024-06-27,ORD038222,CUST02074,P017,Jeans,Fashion,Ahmedabad,Online,UPI,1,2565.97,0.25,2565.97,1924.48,0,83.42,2024,6,June,Thursday,2565.97,1924.4775
2024-06-27,ORD037011,CUST04089,P006,Desk,Furniture,Surat,Store,Net Banking,2,12908.29,0.0,25816.58,25816.58,0,4997.97,2024,6,June,Thursday,25816.58,25816.58
2024-06-27,ORD029393,CUST02112,P015,Dining Table,Furniture,Pune,Store,Credit Card,1,22711.15,0.0,22711.15,22711.15,0,3967.12,2024,6,June,Thursday,22711.15,22711.15
2024-06-27,ORD016202,CUST02114,P009,T-Shirt,Fashion,Ahmedabad,Online,UPI,2,1152.63,0.1,2305.26,2074.73,0,329.51,2024,6,June,Thursday,2305.26,2074.7340000000004
2024-06-27,ORD000298,CUST04596,P005,Office Chair,Furniture,Kolkata,Online,Credit Card,1,10327.06,0.05,10327.06,9810.71,0,2806.05,2024,6,June,Thursday,10327.06,9810.706999999999
2024-06-27,ORD007399,CUST04559,P020,Microwave,Home,Kolkata,Store,UPI,1,10188.1,0.1,10188.1,9169.29,0,2455.58,2024,6,June,Thursday,10188.1,9169.29
2024-06-27,ORD011841,CUST00711,P015,Dining Table,Furniture,Mumbai,Online,Debit Card,1,20645.22,0.1,20645.22,18580.7,1,-929.04,2024,6,June,Thursday,20645.22,18580.698
2024-06-27,ORD046494,CUST02275,P017,Jeans,Fashion,Bengaluru,Online,Credit Card,1,2567.38,0.1,2567.38,2310.64,0,433.43,2024,6,June,Thursday,2567.38,2310.6420000000003
2024-06-27,ORD048836,CUST01192,P020,Microwave,Home,Ahmedabad,Store,UPI,5,11452.16,0.1,57260.8,51534.72,0,3787.51,2024,6,June,Thursday,57260.8,51534.72
2024-06-27,ORD036786,CUST04886,P001,Laptop,Electronics,Mumbai,Store,Credit Card,1,69063.77,0.1,69063.77,62157.39,0,8841.4,2024,6,June,Thursday,69063.77,62157.393000000004
2024-06-27,ORD026605,CUST00982,P011,Mixer Grinder,Home,Hyderabad,Store,Credit Card,1,4335.28,0.15,4335.28,3684.99,0,574.69,2024,6,June,Thursday,4335.28,3684.988
2024-06-27,ORD036893,CUST03481,P011,Mixer Grinder,Home,Bengaluru,Store,UPI,2,4764.05,0.15,9528.1,8098.88,0,1478.85,2024,6,June,Thursday,9528.1,8098.885
2024-06-27,ORD021310,CUST02453,P008,Running Shoes,Fashion,Pune,Store,Credit Card,1,3962.56,0.1,3962.56,3566.3,0,747.98,2024,6,June,Thursday,3962.56,3566.304
2024-06-27,ORD025117,CUST02970,P003,Headphones,Electronics,Delhi,Store,Net Banking,3,4729.23,0.0,14187.69,14187.69,0,1505.6,2024,6,June,Thursday,14187.689999999999,14187.69
2024-06-27,ORD009631,CUST00733,P014,Keyboard,Electronics,Chennai,Online,Cash,1,2376.36,0.15,2376.36,2019.91,0,241.73,2024,6,June,Thursday,2376.36,2019.906
2024-06-27,ORD031337,CUST04278,P001,Laptop,Electronics,Surat,Online,UPI,2,66995.83,0.15,133991.66,113892.91,0,6798.83,2024,6,June,Thursday,133991.66,113892.911
2024-06-27,ORD044124,CUST03791,P016,Sofa,Furniture,Kolkata,Online,Credit Card,1,36088.91,0.1,36088.91,32480.02,0,4560.05,2024,6,June,Thursday,36088.91,32480.019000000004
2024-06-27,ORD037674,CUST00616,P010,Coffee Maker,Home,Ahmedabad,Store,UPI,2,5824.33,0.05,11648.66,11066.23,0,2312.27,2024,6,June,Thursday,11648.66,11066.226999999999
2024-06-27,ORD049314,CUST03313,P012,Air Fryer,Home,Delhi,Online,UPI,1,6841.12,0.15,6841.12,5814.95,0,734.78,2024,6,June,Thursday,6841.12,5814.951999999999
2024-06-27,ORD033856,CUST01691,P009,T-Shirt,Fashion,Hyderabad,Store,Credit Card,1,1301.33,0.1,1301.33,1171.2,0,233.88,2024,6,June,Thursday,1301.33,1171.197
2024-06-27,ORD008945,CUST03481,P011,Mixer Grinder,Home,Hyderabad,Store,UPI,1,4996.54,0.15,4996.54,4247.06,0,665.65,2024,6,June,Thursday,4996.54,4247.059
2024-06-27,ORD007664,CUST02557,P019,Vacuum Cleaner,Home,Pune,Online,Net Banking,1,9056.15,0.0,9056.15,9056.15,0,1589.35,2024,6,June,Thursday,9056.15,9056.15
2024-06-27,ORD027279,CUST03388,P007,Backpack,Accessories,Bengaluru,Online,Credit Card,4,2015.88,0.2,8063.52,6450.82,0,1498.86,2024,6,June,Thursday,8063.52,6450.816000000001
2024-06-27,ORD011929,CUST03766,P018,Jacket,Fashion,Kolkata,Store,Debit Card,1,5108.43,0.05,5108.43,4853.01,0,758.57,2024,6,June,Thursday,5108.43,4853.0085
2024-06-27,ORD038198,CUST01792,P019,Vacuum Cleaner,Home,Delhi,Store,Debit Card,1,9259.67,0.25,9259.67,6944.75,0,950.01,2024,6,June,Thursday,9259.67,6944.7525000000005
2024-06-27,ORD037544,CUST01509,P014,Keyboard,Electronics,Mumbai,Online,UPI,1,2673.59,0.2,2673.59,2138.87,0,152.83,2024,6,June,Thursday,2673.59,2138.8720000000003
2024-06-27,ORD049942,CUST02392,P008,Running Shoes,Fashion,Delhi,Store,Credit Card,2,4063.7,0.05,8127.4,7721.03,1,-386.05,2024,6,June,Thursday,8127.4,7721.03
2024-06-27,ORD014397,CUST03337,P017,Jeans,Fashion,Bengaluru,Online,UPI,4,3011.06,0.1,12044.24,10839.82,0,2642.61,2024,6,June,Thursday,12044.24,10839.816
2024-06-27,ORD049160,CUST03365,P005,Office Chair,Furniture,Pune,Store,Debit Card,2,8826.25,0.1,17652.5,15887.25,0,1805.42,2024,6,June,Thursday,17652.5,15887.25
2024-06-27,ORD032179,CUST01445,P014,Keyboard,Electronics,Mumbai,Online,Credit Card,1,2713.21,0.15,2713.21,2306.23,0,351.86,2024,6,June,Thursday,2713.21,2306.2285
2024-06-27,ORD013763,CUST02803,P013,Monitor,Electronics,Surat,Online,Net Banking,2,19192.6,0.1,38385.2,34546.68,0,8892.38,2024,6,June,Thursday,38385.2,34546.68
2024-06-27,ORD000083,CUST01206,P002,Smartphone,Electronics,Kolkata,Online,UPI,1,30343.35,0.1,30343.35,27309.02,0,1835.88,2024,6,June,Thursday,30343.35,27309.015
2024-06-28,ORD008552,CUST01254,P008,Running Shoes,Fashion,Bengaluru,Store,Debit Card,2,4477.52,0.0,8955.04,8955.04,0,1625.16,2024,6,June,Friday,8955.04,8955.04
2024-06-28,ORD000919,CUST00693,P007,Backpack,Accessories,Kolkata,Store,Net Banking,1,2133.94,0.05,2133.94,2027.24,0,305.96,2024,6,June,Friday,2133.94,2027.243
2024-06-28,ORD037650,CUST00216,P016,Sofa,Furniture,Bengaluru,Store,UPI,2,35728.58,0.0,71457.16,71457.16,0,18181.28,2024,6,June,Friday,71457.16,71457.16
2024-06-28,ORD015759,CUST01263,P002,Smartphone,Electronics,Pune,Online,UPI,2,30604.94,0.05,61209.88,58149.39,0,13223.16,2024,6,June,Friday,61209.88,58149.38599999999
2024-06-28,ORD010327,CUST00476,P005,Office Chair,Furniture,Pune,Store,UPI,1,10182.29,0.05,10182.29,9673.18,0,1198.08,2024,6,June,Friday,10182.29,9673.175500000001
2024-06-28,ORD046932,CUST02594,P017,Jeans,Fashion,Mumbai,Store,UPI,1,2766.25,0.0,2766.25,2766.25,0,331.47,2024,6,June,Friday,2766.25,2766.25
2024-06-28,ORD023395,CUST03475,P007,Backpack,Accessories,Kolkata,Online,Debit Card,1,2187.54,0.0,2187.54,2187.54,0,180.36,2024,6,June,Friday,2187.54,2187.54
2024-06-28,ORD037188,CUST02364,P016,Sofa,Furniture,Mumbai,Online,UPI,1,32320.69,0.05,32320.69,30704.66,0,5038.68,2024,6,June,Friday,32320.69,30704.655499999997
2024-06-28,ORD014912,CUST03342,P005,Office Chair,Furniture,Ahmedabad,Online,UPI,1,8928.43,0.05,8928.43,8482.01,0,674.53,2024,6,June,Friday,8928.43,8482.0085
2024-06-28,ORD037567,CUST02248,P015,Dining Table,Furniture,Delhi,Online,Debit Card,1,24120.59,0.05,24120.59,22914.56,0,5858.89,2024,6,June,Friday,24120.59,22914.5605
2024-06-28,ORD048180,CUST03843,P014,Keyboard,Electronics,Hyderabad,Store,Credit Card,1,2510.73,0.1,2510.73,2259.66,0,156.15,2024,6,June,Friday,2510.73,2259.657
2024-06-28,ORD021086,CUST03645,P018,Jacket,Fashion,Delhi,Online,Credit Card,3,5028.83,0.1,15086.49,13577.84,0,1138.82,2024,6,June,Friday,15086.49,13577.841
2024-06-28,ORD010019,CUST04727,P008,Running Shoes,Fashion,Surat,Store,UPI,5,4087.28,0.15,20436.4,17370.94,0,3562.06,2024,6,June,Friday,20436.4,17370.940000000002
2024-06-28,ORD041270,CUST00627,P011,Mixer Grinder,Home,Pune,Online,Credit Card,2,5065.42,0.1,10130.84,9117.76,0,572.98,2024,6,June,Friday,10130.84,9117.756000000001
2024-06-28,ORD026399,CUST04540,P004,Smartwatch,Electronics,Bengaluru,Store,Net Banking,3,6368.43,0.05,19105.29,18150.03,0,2367.77,2024,6,June,Friday,19105.29,18150.0255
2024-06-28,ORD046004,CUST03730,P020,Microwave,Home,Ahmedabad,Online,UPI,1,10529.04,0.05,10529.04,10002.59,0,1824.54,2024,6,June,Friday,10529.04,10002.588
2024-06-28,ORD024551,CUST04183,P015,Dining Table,Furniture,Kolkata,Store,UPI,1,21051.24,0.0,21051.24,21051.24,0,2213.62,2024,6,June,Friday,21051.24,21051.24
2024-06-28,ORD035767,CUST03075,P018,Jacket,Fashion,Hyderabad,Store,Credit Card,3,5467.61,0.1,16402.83,14762.55,0,1437.32,2024,6,June,Friday,16402.829999999998,14762.547000000002
2024-06-28,ORD025226,CUST02246,P001,Laptop,Electronics,Delhi,Store,Net Banking,1,63525.21,0.1,63525.21,57172.69,0,9094.0,2024,6,June,Friday,63525.21,57172.689
2024-06-28,ORD049898,CUST02925,P012,Air Fryer,Home,Jaipur,Online,Credit Card,1,7856.33,0.1,7856.33,7070.7,0,1451.63,2024,6,June,Friday,7856.33,7070.697
2024-06-28,ORD034718,CUST04034,P009,T-Shirt,Fashion,Jaipur,Online,Net Banking,2,1240.12,0.05,2480.24,2356.23,0,636.77,2024,6,June,Friday,2480.24,2356.2279999999996
2024-06-28,ORD001765,CUST02812,P015,Dining Table,Furniture,Kolkata,Online,Credit Card,2,22790.72,0.0,45581.44,45581.44,0,12391.97,2024,6,June,Friday,45581.44,45581.44
2024-06-28,ORD001446,CUST00385,P004,Smartwatch,Electronics,Chennai,Online,UPI,2,7532.52,0.0,15065.04,15065.04,0,3044.46,2024,6,June,Friday,15065.04,15065.04
2024-06-28,ORD039269,CUST01282,P017,Jeans,Fashion,Kolkata,Online,Debit Card,1,2552.51,0.25,2552.51,1914.38,0,161.11,2024,6,June,Friday,2552.51,1914.3825000000002
2024-06-28,ORD030442,CUST02610,P018,Jacket,Fashion,Delhi,Online,Cash,1,5111.04,0.05,5111.04,4855.49,0,982.28,2024,6,June,Friday,5111.04,4855.487999999999
2024-06-28,ORD014747,CUST03703,P011,Mixer Grinder,Home,Surat,Store,UPI,1,4566.38,0.1,4566.38,4109.74,0,391.28,2024,6,June,Friday,4566.38,4109.742
2024-06-28,ORD000627,CUST01894,P014,Keyboard,Electronics,Chennai,Online,UPI,2,2344.97,0.0,4689.94,4689.94,0,670.57,2024,6,June,Friday,4689.94,4689.94
2024-06-28,ORD012697,CUST04443,P014,Keyboard,Electronics,Hyderabad,Store,UPI,2,2267.7,0.0,4535.4,4535.4,0,498.07,2024,6,June,Friday,4535.4,4535.4
2024-06-28,ORD042320,CUST01506,P003,Headphones,Electronics,Chennai,Store,Credit Card,5,4884.37,0.1,24421.85,21979.66,0,3589.41,2024,6,June,Friday,24421.85,21979.665
2024-06-28,ORD017281,CUST02385,P011,Mixer Grinder,Home,Kolkata,Store,UPI,1,4501.47,0.0,4501.47,4501.47,0,1061.46,2024,6,June,Friday,4501.47,4501.47
2024-06-28,ORD049194,CUST00287,P006,Desk,Furniture,Jaipur,Online,Credit Card,1,10808.15,0.1,10808.15,9727.33,0,2564.1,2024,6,June,Friday,10808.15,9727.335
2024-06-28,ORD012478,CUST03862,P020,Microwave,Home,Ahmedabad,Online,Cash,1,10469.24,0.1,10469.24,9422.32,0,2402.42,2024,6,June,Friday,10469.24,9422.316
2024-06-28,ORD001937,CUST01394,P014,Keyboard,Electronics,Pune,Online,UPI,3,2491.73,0.1,7475.19,6727.67,0,1812.03,2024,6,June,Friday,7475.1900000000005,6727.670999999999
2024-06-28,ORD048425,CUST00857,P009,T-Shirt,Fashion,Surat,Store,Credit Card,1,1252.65,0.1,1252.65,1127.39,0,301.8,2024,6,June,Friday,1252.65,1127.3850000000002
2024-06-28,ORD014802,CUST03864,P016,Sofa,Furniture,Ahmedabad,Online,Cash,1,36336.95,0.1,36336.95,32703.25,0,4290.18,2024,6,June,Friday,36336.95,32703.254999999997
2024-06-28,ORD004388,CUST03675,P017,Jeans,Fashion,Bengaluru,Store,UPI,1,2571.9,0.0,2571.9,2571.9,0,260.24,2024,6,June,Friday,2571.9,2571.9
2024-06-28,ORD031618,CUST02634,P018,Jacket,Fashion,Delhi,Online,Credit Card,1,5262.58,0.1,5262.58,4736.32,0,790.59,2024,6,June,Friday,5262.58,4736.322
2024-06-28,ORD013230,CUST03762,P007,Backpack,Accessories,Pune,Online,UPI,1,2039.58,0.2,2039.58,1631.66,0,165.28,2024,6,June,Friday,2039.58,1631.664
2024-06-28,ORD005884,CUST02696,P017,Jeans,Fashion,Mumbai,Online,Net Banking,3,2779.94,0.25,8339.82,6254.86,0,250.19,2024,6,June,Friday,8339.82,6254.865
2024-06-28,ORD008819,CUST02952,P007,Backpack,Accessories,Hyderabad,Store,UPI,2,2311.86,0.05,4623.72,4392.53,0,706.7,2024,6,June,Friday,4623.72,4392.534
2024-06-28,ORD018960,CUST03580,P007,Backpack,Accessories,Surat,Store,UPI,1,2094.3,0.05,2094.3,1989.58,0,572.43,2024,6,June,Friday,2094.3,1989.585
2024-06-28,ORD011835,CUST04946,P006,Desk,Furniture,Jaipur,Online,Cash,1,11607.9,0.1,11607.9,10447.11,0,2302.79,2024,6,June,Friday,11607.9,10447.11
2024-06-28,ORD007336,CUST02228,P020,Microwave,Home,Hyderabad,Online,Credit Card,1,10851.94,0.05,10851.94,10309.34,0,2038.53,2024,6,June,Friday,10851.94,10309.343
2024-06-28,ORD004854,CUST01773,P005,Office Chair,Furniture,Kolkata,Store,Credit Card,1,8790.79,0.0,8790.79,8790.79,0,2171.18,2024,6,June,Friday,8790.79,8790.79
2024-06-28,ORD044490,CUST00339,P007,Backpack,Accessories,Mumbai,Store,Credit Card,3,2029.42,0.05,6088.26,5783.85,0,649.2,2024,6,June,Friday,6088.26,5783.847
2024-06-28,ORD004652,CUST01831,P011,Mixer Grinder,Home,Hyderabad,Store,Credit Card,2,4561.7,0.15,9123.4,7754.89,0,1687.35,2024,6,June,Friday,9123.4,7754.889999999999
2024-06-28,ORD017768,CUST01797,P003,Headphones,Electronics,Pune,Store,Debit Card,1,4767.87,0.15,4767.87,4052.69,0,434.59,2024,6,June,Friday,4767.87,4052.6895
2024-06-28,ORD019886,CUST01305,P020,Microwave,Home,Pune,Online,Credit Card,1,11878.4,0.1,11878.4,10690.56,0,1913.87,2024,6,June,Friday,11878.4,10690.56
2024-06-28,ORD005119,CUST03344,P016,Sofa,Furniture,Ahmedabad,Store,UPI,5,34469.35,0.1,172346.75,155112.08,0,37939.71,2024,6,June,Friday,172346.75,155112.075
2024-06-28,ORD016518,CUST02750,P017,Jeans,Fashion,Hyderabad,Online,Net Banking,1,2675.92,0.0,2675.92,2675.92,0,357.77,2024,6,June,Friday,2675.92,2675.92
2024-06-28,ORD010258,CUST02577,P002,Smartphone,Electronics,Delhi,Store,Credit Card,1,26102.18,0.1,26102.18,23491.96,0,3160.61,2024,6,June,Friday,26102.18,23491.962
2024-06-28,ORD010931,CUST04003,P006,Desk,Furniture,Mumbai,Store,Net Banking,1,11257.2,0.1,11257.2,10131.48,0,956.23,2024,6,June,Friday,11257.2,10131.480000000001
2024-06-28,ORD024108,CUST00568,P011,Mixer Grinder,Home,Kolkata,Online,Credit Card,2,4514.25,0.05,9028.5,8577.07,0,1279.23,2024,6,June,Friday,9028.5,8577.074999999999
2024-06-28,ORD049085,CUST04556,P001,Laptop,Electronics,Chennai,Online,Debit Card,2,67337.72,0.1,134675.44,121207.9,0,13881.21,2024,6,June,Friday,134675.44,121207.89600000001
2024-06-28,ORD013375,CUST01589,P003,Headphones,Electronics,Delhi,Online,Debit Card,1,4373.54,0.0,4373.54,4373.54,1,-218.68,2024,6,June,Friday,4373.54,4373.54
2024-06-28,ORD016220,CUST04840,P003,Headphones,Electronics,Bengaluru,Online,Credit Card,1,4195.79,0.15,4195.79,3566.42,0,894.14,2024,6,June,Friday,4195.79,3566.4215
2024-06-28,ORD002714,CUST02938,P005,Office Chair,Furniture,Bengaluru,Store,Net Banking,2,8784.85,0.1,17569.7,15812.73,0,2886.88,2024,6,June,Friday,17569.7,15812.730000000001
2024-06-28,ORD030011,CUST02793,P020,Microwave,Home,Pune,Online,UPI,1,11099.87,0.15,11099.87,9434.89,0,1500.44,2024,6,June,Friday,11099.87,9434.889500000001
2024-06-28,ORD037770,CUST02312,P018,Jacket,Fashion,Surat,Online,UPI,1,5628.66,0.0,5628.66,5628.66,0,957.01,2024,6,June,Friday,5628.66,5628.66
2024-06-28,ORD016584,CUST03102,P013,Monitor,Electronics,Hyderabad,Online,UPI,1,18003.73,0.1,18003.73,16203.36,0,2846.7,2024,6,June,Friday,18003.73,16203.357
2024-06-28,ORD017153,CUST01770,P015,Dining Table,Furniture,Chennai,Store,UPI,2,20222.39,0.05,40444.78,38422.54,0,10471.93,2024,6,June,Friday,40444.78,38422.541
2024-06-28,ORD042140,CUST02213,P002,Smartphone,Electronics,Delhi,Online,UPI,2,26317.56,0.1,52635.12,47371.61,0,6083.92,2024,6,June,Friday,52635.12,47371.608
2024-06-28,ORD019856,CUST03208,P016,Sofa,Furniture,Chennai,Online,Credit Card,1,35618.43,0.0,35618.43,35618.43,0,5944.53,2024,6,June,Friday,35618.43,35618.43
2024-06-28,ORD033159,CUST04188,P003,Headphones,Electronics,Kolkata,Online,Debit Card,2,4820.08,0.15,9640.16,8194.14,0,1369.13,2024,6,June,Friday,9640.16,8194.136
2024-06-28,ORD031353,CUST01838,P002,Smartphone,Electronics,Ahmedabad,Online,UPI,1,29230.11,0.1,29230.11,26307.1,0,3087.57,2024,6,June,Friday,29230.11,26307.099000000002
2024-06-28,ORD041505,CUST00794,P003,Headphones,Electronics,Delhi,Online,Credit Card,2,4533.1,0.05,9066.2,8612.89,0,2093.17,2024,6,June,Friday,9066.2,8612.89
2024-06-28,ORD005181,CUST03065,P016,Sofa,Furniture,Ahmedabad,Online,UPI,1,37731.88,0.05,37731.88,35845.29,0,6951.42,2024,6,June,Friday,37731.88,35845.28599999999
2024-06-28,ORD042124,CUST01765,P003,Headphones,Electronics,Pune,Online,Credit Card,1,4913.38,0.1,4913.38,4422.04,0,453.61,2024,6,June,Friday,4913.38,4422.042
2024-06-28,ORD002562,CUST01662,P013,Monitor,Electronics,Mumbai,Store,Net Banking,1,19549.77,0.0,19549.77,19549.77,0,4751.57,2024,6,June,Friday,19549.77,19549.77
2024-06-28,ORD017348,CUST01689,P001,Laptop,Electronics,Kolkata,Online,UPI,2,62369.26,0.25,124738.52,93553.89,1,-4677.69,2024,6,June,Friday,124738.52,93553.89
2024-06-28,ORD009430,CUST03315,P014,Keyboard,Electronics,Hyderabad,Store,UPI,1,2621.11,0.15,2621.11,2227.94,0,453.53,2024,6,June,Friday,2621.11,2227.9435
2024-06-28,ORD042797,CUST02881,P018,Jacket,Fashion,Jaipur,Online,UPI,1,5482.16,0.1,5482.16,4933.94,0,1283.54,2024,6,June,Friday,5482.16,4933.944
2024-06-28,ORD004206,CUST02164,P020,Microwave,Home,Ahmedabad,Store,Cash,1,10613.45,0.2,10613.45,8490.76,0,961.11,2024,6,June,Friday,10613.45,8490.76
2024-06-29,ORD013722,CUST03275,P007,Backpack,Accessories,Surat,Online,Debit Card,4,2132.15,0.05,8528.6,8102.17,0,1101.93,2024,6,June,Saturday,8528.6,8102.17
2024-06-29,ORD035482,CUST02633,P004,Smartwatch,Electronics,Bengaluru,Online,Credit Card,2,6751.49,0.05,13502.98,12827.83,0,3625.36,2024,6,June,Saturday,13502.98,12827.830999999998
2024-06-29,ORD040919,CUST03103,P011,Mixer Grinder,Home,Hyderabad,Online,UPI,2,4680.42,0.1,9360.84,8424.76,0,1040.07,2024,6,June,Saturday,9360.84,8424.756000000001
2024-06-29,ORD000025,CUST00607,P014,Keyboard,Electronics,Mumbai,Store,UPI,4,2257.73,0.05,9030.92,8579.37,0,1408.74,2024,6,June,Saturday,9030.92,8579.374
2024-06-29,ORD002264,CUST04830,P015,Dining Table,Furniture,Bengaluru,Store,UPI,1,23192.65,0.05,23192.65,22033.02,1,-1101.65,2024,6,June,Saturday,23192.65,22033.0175
2024-06-29,ORD001155,CUST01717,P005,Office Chair,Furniture,Delhi,Store,Credit Card,1,10192.85,0.0,10192.85,10192.85,0,2098.43,2024,6,June,Saturday,10192.85,10192.85
2024-06-29,ORD020327,CUST01151,P012,Air Fryer,Home,Mumbai,Online,Debit Card,1,6940.05,0.2,6940.05,5552.04,0,326.94,2024,6,June,Saturday,6940.05,5552.040000000001
2024-06-29,ORD006405,CUST00735,P017,Jeans,Fashion,Jaipur,Online,UPI,1,2969.96,0.05,2969.96,2821.46,0,397.36,2024,6,June,Saturday,2969.96,2821.462
2024-06-29,ORD042707,CUST01407,P006,Desk,Furniture,Mumbai,Store,Credit Card,1,12413.66,0.05,12413.66,11792.98,1,-589.65,2024,6,June,Saturday,12413.66,11792.976999999999
2024-06-29,ORD016158,CUST04677,P010,Coffee Maker,Home,Kolkata,Online,Credit Card,1,4985.61,0.05,4985.61,4736.33,0,1216.36,2024,6,June,Saturday,4985.61,4736.3295
2024-06-29,ORD007220,CUST04127,P015,Dining Table,Furniture,Surat,Store,Net Banking,5,23628.6,0.1,118143.0,106328.7,0,6952.47,2024,6,June,Saturday,118143.0,106328.7
2024-06-29,ORD038438,CUST01305,P011,Mixer Grinder,Home,Hyderabad,Online,Credit Card,1,5156.1,0.1,5156.1,4640.49,0,1023.08,2024,6,June,Saturday,5156.1,4640.490000000001
2024-06-29,ORD025515,CUST03299,P003,Headphones,Electronics,Kolkata,Online,UPI,2,4881.45,0.0,9762.9,9762.9,0,1762.31,2024,6,June,Saturday,9762.9,9762.9
2024-06-29,ORD011469,CUST02190,P017,Jeans,Fashion,Delhi,Store,Cash,1,2736.92,0.1,2736.92,2463.23,0,249.86,2024,6,June,Saturday,2736.92,2463.228
2024-06-29,ORD038444,CUST02929,P020,Microwave,Home,Chennai,Online,UPI,1,10580.83,0.15,10580.83,8993.71,0,1425.9,2024,6,June,Saturday,10580.83,8993.7055
2024-06-29,ORD006735,CUST00937,P006,Desk,Furniture,Pune,Online,UPI,2,12061.66,0.05,24123.32,22917.15,1,-1145.86,2024,6,June,Saturday,24123.32,22917.154
2024-06-29,ORD044622,CUST04091,P014,Keyboard,Electronics,Surat,Store,UPI,1,2422.68,0.2,2422.68,1938.14,0,436.69,2024,6,June,Saturday,2422.68,1938.144
2024-06-29,ORD037505,CUST01186,P010,Coffee Maker,Home,Bengaluru,Online,Debit Card,3,5101.14,0.1,15303.42,13773.08,0,3656.31,2024,6,June,Saturday,15303.420000000002,13773.078
2024-06-29,ORD031790,CUST01120,P019,Vacuum Cleaner,Home,Delhi,Online,UPI,1,9827.4,0.15,9827.4,8353.29,0,1732.22,2024,6,June,Saturday,9827.4,8353.289999999999
2024-06-29,ORD017133,CUST00228,P014,Keyboard,Electronics,Chennai,Online,UPI,2,2473.86,0.1,4947.72,4452.95,0,680.58,2024,6,June,Saturday,4947.72,4452.948
2024-06-29,ORD035967,CUST00926,P006,Desk,Furniture,Mumbai,Online,Credit Card,1,12539.31,0.1,12539.31,11285.38,0,913.95,2024,6,June,Saturday,12539.31,11285.378999999999
2024-06-29,ORD021751,CUST04712,P007,Backpack,Accessories,Mumbai,Store,UPI,1,2032.54,0.25,2032.54,1524.4,0,261.0,2024,6,June,Saturday,2032.54,1524.405
2024-06-29,ORD027541,CUST02855,P009,T-Shirt,Fashion,Bengaluru,Online,Debit Card,5,1236.73,0.1,6183.65,5565.28,0,1238.81,2024,6,June,Saturday,6183.65,5565.285
2024-06-29,ORD012055,CUST04831,P016,Sofa,Furniture,Kolkata,Online,Cash,1,34832.79,0.2,34832.79,27866.23,0,4954.25,2024,6,June,Saturday,34832.79,27866.232000000004
2024-06-29,ORD049470,CUST00490,P018,Jacket,Fashion,Kolkata,Online,Credit Card,2,5267.51,0.0,10535.02,10535.02,0,2675.39,2024,6,June,Saturday,10535.02,10535.02
2024-06-29,ORD024495,CUST03862,P013,Monitor,Electronics,Bengaluru,Online,Debit Card,1,19291.33,0.2,19291.33,15433.06,0,844.22,2024,6,June,Saturday,19291.33,15433.064000000002
2024-06-29,ORD007311,CUST01478,P016,Sofa,Furniture,Jaipur,Store,UPI,1,32215.63,0.0,32215.63,32215.63,0,5288.35,2024,6,June,Saturday,32215.63,32215.63
2024-06-29,ORD006681,CUST00374,P015,Dining Table,Furniture,Mumbai,Online,Credit Card,2,20590.29,0.0,41180.58,41180.58,0,11810.44,2024,6,June,Saturday,41180.58,41180.58
2024-06-29,ORD009189,CUST02118,P012,Air Fryer,Home,Surat,Online,UPI,5,7791.42,0.0,38957.1,38957.1,0,5155.0,2024,6,June,Saturday,38957.1,38957.1
2024-06-29,ORD020950,CUST02927,P015,Dining Table,Furniture,Hyderabad,Online,Credit Card,1,21324.89,0.0,21324.89,21324.89,0,5098.95,2024,6,June,Saturday,21324.89,21324.89
2024-06-29,ORD022709,CUST02915,P011,Mixer Grinder,Home,Pune,Online,Debit Card,2,4626.33,0.0,9252.66,9252.66,0,2245.39,2024,6,June,Saturday,9252.66,9252.66
2024-06-29,ORD030554,CUST01782,P003,Headphones,Electronics,Pune,Online,UPI,2,4838.75,0.2,9677.5,7742.0,0,1140.15,2024,6,June,Saturday,9677.5,7742.0
2024-06-29,ORD018510,CUST02417,P008,Running Shoes,Fashion,Kolkata,Online,UPI,1,4611.47,0.1,4611.47,4150.32,0,996.02,2024,6,June,Saturday,4611.47,4150.323
2024-06-29,ORD027063,CUST03365,P017,Jeans,Fashion,Pune,Store,Credit Card,3,2965.73,0.1,8897.19,8007.47,0,1231.15,2024,6,June,Saturday,8897.19,8007.4710000000005
2024-06-29,ORD047665,CUST03855,P009,T-Shirt,Fashion,Mumbai,Store,Debit Card,1,1266.83,0.2,1266.83,1013.46,0,151.49,2024,6,June,Saturday,1266.83,1013.4639999999999
2024-06-29,ORD024868,CUST04156,P004,Smartwatch,Electronics,Bengaluru,Online,Net Banking,1,6376.61,0.05,6376.61,6057.78,0,693.56,2024,6,June,Saturday,6376.61,6057.7795
2024-06-29,ORD005693,CUST03129,P001,Laptop,Electronics,Chennai,Online,UPI,2,66120.59,0.1,132241.18,119017.06,0,28524.12,2024,6,June,Saturday,132241.18,119017.06199999999
2024-06-29,ORD008594,CUST01252,P009,T-Shirt,Fashion,Chennai,Online,Debit Card,1,1269.62,0.0,1269.62,1269.62,0,269.73,2024,6,June,Saturday,1269.62,1269.62
2024-06-29,ORD045759,CUST04007,P013,Monitor,Electronics,Bengaluru,Online,Credit Card,3,19572.91,0.0,58718.73,58718.73,0,14874.14,2024,6,June,Saturday,58718.729999999996,58718.73
2024-06-29,ORD025429,CUST02428,P018,Jacket,Fashion,Surat,Online,Debit Card,1,4875.86,0.05,4875.86,4632.07,0,373.3,2024,6,June,Saturday,4875.86,4632.066999999999
2024-06-29,ORD019029,CUST04824,P005,Office Chair,Furniture,Kolkata,Store,UPI,4,8986.07,0.05,35944.28,34147.07,1,-1707.35,2024,6,June,Saturday,35944.28,34147.066
2024-06-29,ORD018113,CUST01322,P015,Dining Table,Furniture,Pune,Store,UPI,1,22581.5,0.0,22581.5,22581.5,0,5807.81,2024,6,June,Saturday,22581.5,22581.5
2024-06-29,ORD022248,CUST00204,P012,Air Fryer,Home,Kolkata,Online,UPI,1,6500.93,0.1,6500.93,5850.84,0,1440.8,2024,6,June,Saturday,6500.93,5850.837
2024-06-29,ORD005090,CUST00361,P007,Backpack,Accessories,Kolkata,Store,Credit Card,4,2020.46,0.1,8081.84,7273.66,0,1789.74,2024,6,June,Saturday,8081.84,7273.656
2024-06-29,ORD006594,CUST01586,P009,T-Shirt,Fashion,Kolkata,Online,Credit Card,1,1303.41,0.15,1303.41,1107.9,0,205.06,2024,6,June,Saturday,1303.41,1107.8985
2024-06-29,ORD011749,CUST02805,P006,Desk,Furniture,Chennai,Online,Net Banking,2,12366.71,0.0,24733.42,24733.42,0,2285.04,2024,6,June,Saturday,24733.42,24733.42
2024-06-29,ORD004382,CUST03612,P011,Mixer Grinder,Home,Delhi,Online,Credit Card,1,4836.71,0.1,4836.71,4353.04,0,697.78,2024,6,June,Saturday,4836.71,4353.039
2024-06-29,ORD005097,CUST00846,P009,T-Shirt,Fashion,Hyderabad,Online,UPI,2,1276.27,0.15,2552.54,2169.66,0,438.17,2024,6,June,Saturday,2552.54,2169.659
2024-06-29,ORD030152,CUST03483,P020,Microwave,Home,Ahmedabad,Store,Credit Card,1,11512.19,0.15,11512.19,9785.36,0,2369.21,2024,6,June,Saturday,11512.19,9785.3615
2024-06-29,ORD015510,CUST04549,P019,Vacuum Cleaner,Home,Jaipur,Store,UPI,1,8213.11,0.1,8213.11,7391.8,0,1882.78,2024,6,June,Saturday,8213.11,7391.799000000001
2024-06-29,ORD045631,CUST04050,P012,Air Fryer,Home,Jaipur,Store,Cash,1,6524.75,0.1,6524.75,5872.28,0,450.81,2024,6,June,Saturday,6524.75,5872.275000000001
2024-06-29,ORD023069,CUST01457,P012,Air Fryer,Home,Surat,Online,UPI,1,7696.67,0.25,7696.67,5772.5,0,1161.74,2024,6,June,Saturday,7696.67,5772.5025000000005
2024-06-29,ORD039615,CUST02656,P010,Coffee Maker,Home,Pune,Online,Credit Card,3,5809.78,0.1,17429.34,15686.41,0,2513.62,2024,6,June,Saturday,17429.34,15686.406
2024-06-29,ORD035928,CUST01666,P015,Dining Table,Furniture,Surat,Online,UPI,1,21490.51,0.25,21490.51,16117.88,0,644.72,2024,6,June,Saturday,21490.51,16117.8825
2024-06-29,ORD014793,CUST02477,P016,Sofa,Furniture,Ahmedabad,Store,Credit Card,1,33030.65,0.15,33030.65,28076.05,0,6253.6,2024,6,June,Saturday,33030.65,28076.0525
2024-06-29,ORD041776,CUST00387,P017,Jeans,Fashion,Pune,Online,Debit Card,1,2840.17,0.0,2840.17,2840.17,0,435.64,2024,6,June,Saturday,2840.17,2840.17
2024-06-29,ORD041675,CUST02976,P010,Coffee Maker,Home,Bengaluru,Online,Net Banking,1,6046.63,0.2,6046.63,4837.3,0,639.72,2024,6,June,Saturday,6046.63,4837.304
2024-06-29,ORD037032,CUST00424,P006,Desk,Furniture,Kolkata,Online,Credit Card,1,11919.33,0.1,11919.33,10727.4,0,1762.56,2024,6,June,Saturday,11919.33,10727.397
2024-06-29,ORD001751,CUST04241,P008,Running Shoes,Fashion,Jaipur,Online,Credit Card,1,4613.48,0.1,4613.48,4152.13,0,527.18,2024,6,June,Saturday,4613.48,4152.132
2024-06-29,ORD019768,CUST00507,P016,Sofa,Furniture,Ahmedabad,Online,Debit Card,1,36608.44,0.05,36608.44,34778.02,0,3315.33,2024,6,June,Saturday,36608.44,34778.018000000004
2024-06-29,ORD045576,CUST03812,P014,Keyboard,Electronics,Jaipur,Online,UPI,1,2328.74,0.05,2328.74,2212.3,0,228.05,2024,6,June,Saturday,2328.74,2212.303
2024-06-29,ORD022302,CUST03532,P015,Dining Table,Furniture,Pune,Store,UPI,1,22419.09,0.0,22419.09,22419.09,0,5061.64,2024,6,June,Saturday,22419.09,22419.09
2024-06-29,ORD024338,CUST03299,P017,Jeans,Fashion,Kolkata,Online,UPI,1,2840.16,0.1,2840.16,2556.14,0,436.1,2024,6,June,Saturday,2840.16,2556.144
2024-06-29,ORD031035,CUST03916,P018,Jacket,Fashion,Kolkata,Online,Debit Card,1,5507.44,0.1,5507.44,4956.7,0,1313.31,2024,6,June,Saturday,5507.44,4956.696
2024-06-29,ORD002758,CUST02889,P006,Desk,Furniture,Chennai,Online,UPI,2,12260.21,0.0,24520.42,24520.42,1,-1226.02,2024,6,June,Saturday,24520.42,24520.42
2024-06-29,ORD043108,CUST00690,P011,Mixer Grinder,Home,Jaipur,Online,UPI,1,4365.1,0.2,4365.1,3492.08,0,843.58,2024,6,June,Saturday,4365.1,3492.0800000000004
2024-06-29,ORD044329,CUST03467,P018,Jacket,Fashion,Hyderabad,Online,Credit Card,1,5399.91,0.1,5399.91,4859.92,0,733.85,2024,6,June,Saturday,5399.91,4859.919
2024-06-29,ORD016459,CUST04989,P016,Sofa,Furniture,Delhi,Online,UPI,1,36468.79,0.05,36468.79,34645.35,0,5059.67,2024,6,June,Saturday,36468.79,34645.3505
2024-06-29,ORD005820,CUST03646,P006,Desk,Furniture,Surat,Online,Net Banking,4,11770.61,0.15,47082.44,40020.07,0,3900.16,2024,6,June,Saturday,47082.44,40020.074
2024-06-29,ORD023414,CUST02944,P003,Headphones,Electronics,Jaipur,Store,UPI,1,4365.94,0.15,4365.94,3711.05,0,907.8,2024,6,June,Saturday,4365.94,3711.0489999999995
2024-06-29,ORD025697,CUST04063,P008,Running Shoes,Fashion,Surat,Online,UPI,1,3821.65,0.2,3821.65,3057.32,0,417.42,2024,6,June,Saturday,3821.65,3057.32
2024-06-29,ORD043501,CUST03011,P012,Air Fryer,Home,Kolkata,Store,Credit Card,4,7392.46,0.2,29569.84,23655.87,0,5931.03,2024,6,June,Saturday,29569.84,23655.872000000003
2024-06-29,ORD042366,CUST04018,P019,Vacuum Cleaner,Home,Surat,Store,UPI,1,8596.5,0.05,8596.5,8166.67,0,1502.36,2024,6,June,Saturday,8596.5,8166.674999999999
2024-06-29,ORD015878,CUST01494,P020,Microwave,Home,Ahmedabad,Store,Debit Card,1,11381.85,0.0,11381.85,11381.85,0,1346.61,2024,6,June,Saturday,11381.85,11381.85
2024-06-29,ORD035395,CUST00335,P002,Smartphone,Electronics,Pune,Store,Debit Card,1,28838.82,0.0,28838.82,28838.82,0,4419.59,2024,6,June,Saturday,28838.82,28838.82
2024-06-29,ORD028285,CUST02994,P010,Coffee Maker,Home,Ahmedabad,Online,UPI,2,5965.17,0.15,11930.34,10140.79,0,522.27,2024,6,June,Saturday,11930.34,10140.789
2024-06-29,ORD044924,CUST02047,P001,Laptop,Electronics,Pune,Online,Credit Card,4,65171.47,0.1,260685.88,234617.29,0,45242.82,2024,6,June,Saturday,260685.88,234617.29200000002
2024-06-29,ORD042719,CUST04721,P011,Mixer Grinder,Home,Ahmedabad,Online,Net Banking,5,4505.45,0.1,22527.25,20274.53,0,2517.85,2024,6,June,Saturday,22527.25,20274.525
2024-06-29,ORD003384,CUST04361,P008,Running Shoes,Fashion,Surat,Store,UPI,3,4087.91,0.15,12263.73,10424.17,0,2070.42,2024,6,June,Saturday,12263.73,10424.1705
2024-06-29,ORD048661,CUST01972,P003,Headphones,Electronics,Ahmedabad,Store,UPI,2,4122.51,0.0,8245.02,8245.02,0,1512.76,2024,6,June,Saturday,8245.02,8245.02
2024-06-29,ORD038616,CUST02791,P006,Desk,Furniture,Pune,Store,Credit Card,1,12018.97,0.1,12018.97,10817.07,0,974.02,2024,6,June,Saturday,12018.97,10817.073
2024-06-29,ORD044838,CUST03522,P004,Smartwatch,Electronics,Kolkata,Online,Credit Card,5,7089.37,0.0,35446.85,35446.85,0,4159.63,2024,6,June,Saturday,35446.85,35446.85
2024-06-30,ORD000447,CUST02889,P011,Mixer Grinder,Home,Ahmedabad,Online,UPI,1,4921.89,0.05,4921.89,4675.8,0,956.49,2024,6,June,Sunday,4921.89,4675.7955
2024-06-30,ORD030834,CUST01986,P016,Sofa,Furniture,Ahmedabad,Online,UPI,1,38479.16,0.1,38479.16,34631.24,0,3874.98,2024,6,June,Sunday,38479.16,34631.244000000006
2024-06-30,ORD034740,CUST03720,P007,Backpack,Accessories,Delhi,Online,UPI,5,2010.82,0.1,10054.1,9048.69,0,636.32,2024,6,June,Sunday,10054.1,9048.69
2024-06-30,ORD033591,CUST03192,P003,Headphones,Electronics,Mumbai,Store,Debit Card,2,4811.65,0.05,9623.3,9142.13,0,2519.14,2024,6,June,Sunday,9623.3,9142.134999999998
2024-06-30,ORD012078,CUST01639,P003,Headphones,Electronics,Pune,Store,Credit Card,1,4558.93,0.0,4558.93,4558.93,0,495.26,2024,6,June,Sunday,4558.93,4558.93
2024-06-30,ORD004799,CUST01892,P016,Sofa,Furniture,Kolkata,Online,UPI,1,34681.97,0.0,34681.97,34681.97,1,-1734.1,2024,6,June,Sunday,34681.97,34681.97
2024-06-30,ORD026550,CUST02737,P002,Smartphone,Electronics,Chennai,Store,UPI,1,28192.95,0.25,28192.95,21144.71,0,4767.74,2024,6,June,Sunday,28192.95,21144.7125
2024-06-30,ORD027142,CUST02706,P003,Headphones,Electronics,Bengaluru,Store,Debit Card,3,4093.05,0.05,12279.15,11665.19,0,1735.43,2024,6,June,Sunday,12279.150000000001,11665.1925
2024-06-30,ORD006683,CUST00689,P001,Laptop,Electronics,Mumbai,Online,UPI,1,70175.01,0.1,70175.01,63157.51,0,7233.4,2024,6,June,Sunday,70175.01,63157.509
2024-06-30,ORD045974,CUST01404,P011,Mixer Grinder,Home,Chennai,Store,UPI,1,5271.21,0.1,5271.21,4744.09,0,595.99,2024,6,June,Sunday,5271.21,4744.089
2024-06-30,ORD038920,CUST01198,P009,T-Shirt,Fashion,Delhi,Online,UPI,1,1090.6,0.0,1090.6,1090.6,0,242.18,2024,6,June,Sunday,1090.6,1090.6
2024-06-30,ORD044223,CUST01623,P017,Jeans,Fashion,Kolkata,Store,Credit Card,5,2840.62,0.1,14203.1,12782.79,0,1728.4,2024,6,June,Sunday,14203.099999999999,12782.79
2024-06-30,ORD027000,CUST01472,P009,T-Shirt,Fashion,Bengaluru,Online,Cash,1,1104.22,0.1,1104.22,993.8,0,136.12,2024,6,June,Sunday,1104.22,993.798
2024-06-30,ORD008587,CUST03450,P019,Vacuum Cleaner,Home,Jaipur,Online,Credit Card,1,8532.53,0.05,8532.53,8105.9,0,862.07,2024,6,June,Sunday,8532.53,8105.9035
2024-06-30,ORD021325,CUST01599,P005,Office Chair,Furniture,Delhi,Store,UPI,3,8573.17,0.0,25719.51,25719.51,0,3748.94,2024,6,June,Sunday,25719.510000000002,25719.51
2024-06-30,ORD031681,CUST00777,P009,T-Shirt,Fashion,Ahmedabad,Online,Cash,1,1126.64,0.1,1126.64,1013.98,0,256.33,2024,6,June,Sunday,1126.64,1013.9760000000001
2024-06-30,ORD049903,CUST01584,P002,Smartphone,Electronics,Kolkata,Online,Credit Card,2,30183.52,0.1,60367.04,54330.34,0,10166.84,2024,6,June,Sunday,60367.04,54330.336
2024-06-30,ORD000045,CUST02215,P007,Backpack,Accessories,Surat,Store,UPI,5,2145.55,0.15,10727.75,9118.59,0,2014.96,2024,6,June,Sunday,10727.75,9118.5875
2024-06-30,ORD047571,CUST01564,P008,Running Shoes,Fashion,Kolkata,Online,Credit Card,4,4515.12,0.05,18060.48,17157.46,0,1247.92,2024,6,June,Sunday,18060.48,17157.456
2024-06-30,ORD030314,CUST00453,P001,Laptop,Electronics,Pune,Online,Credit Card,1,63402.51,0.0,63402.51,63402.51,0,15713.39,2024,6,June,Sunday,63402.51,63402.51
2024-06-30,ORD032630,CUST03248,P016,Sofa,Furniture,Chennai,Online,UPI,3,35101.01,0.05,105303.03,100037.88,0,11297.45,2024,6,June,Sunday,105303.03,100037.87849999999
2024-06-30,ORD002469,CUST02819,P018,Jacket,Fashion,Delhi,Store,UPI,2,4736.28,0.0,9472.56,9472.56,0,2606.9,2024,6,June,Sunday,9472.56,9472.56
2024-06-30,ORD037629,CUST01058,P012,Air Fryer,Home,Bengaluru,Store,Net Banking,1,6776.11,0.0,6776.11,6776.11,0,567.72,2024,6,June,Sunday,6776.11,6776.11
2024-06-30,ORD003363,CUST04539,P004,Smartwatch,Electronics,Bengaluru,Store,UPI,1,7412.2,0.2,7412.2,5929.76,0,745.66,2024,6,June,Sunday,7412.2,5929.76
2024-06-30,ORD037632,CUST02708,P002,Smartphone,Electronics,Pune,Store,Cash,1,26880.67,0.05,26880.67,25536.64,0,2356.22,2024,6,June,Sunday,26880.67,25536.636499999997
2024-06-30,ORD023016,CUST00096,P001,Laptop,Electronics,Mumbai,Store,UPI,2,66143.93,0.15,132287.86,112444.68,0,5968.63,2024,6,June,Sunday,132287.86,112444.68099999998
2024-06-30,ORD028530,CUST02140,P014,Keyboard,Electronics,Mumbai,Store,Debit Card,1,2290.98,0.25,2290.98,1718.24,0,262.34,2024,6,June,Sunday,2290.98,1718.2350000000001
2024-06-30,ORD002990,CUST02574,P001,Laptop,Electronics,Pune,Store,Net Banking,1,62677.8,0.1,62677.8,56410.02,0,15444.32,2024,6,June,Sunday,62677.8,56410.020000000004
2024-06-30,ORD027959,CUST01286,P005,Office Chair,Furniture,Surat,Online,Net Banking,3,9367.22,0.2,28101.66,22481.33,0,2650.41,2024,6,June,Sunday,28101.659999999996,22481.328
2024-06-30,ORD021916,CUST04087,P014,Keyboard,Electronics,Surat,Online,Debit Card,2,2391.36,0.05,4782.72,4543.58,0,332.11,2024,6,June,Sunday,4782.72,4543.584
2024-06-30,ORD025885,CUST01658,P018,Jacket,Fashion,Mumbai,Online,Debit Card,4,4723.03,0.1,18892.12,17002.91,0,4498.19,2024,6,June,Sunday,18892.12,17002.908
2024-06-30,ORD020546,CUST03070,P013,Monitor,Electronics,Jaipur,Online,Debit Card,1,18927.38,0.05,18927.38,17981.01,0,4494.05,2024,6,June,Sunday,18927.38,17981.011
2024-06-30,ORD016670,CUST02212,P001,Laptop,Electronics,Kolkata,Online,Cash,1,66304.17,0.1,66304.17,59673.75,0,6368.25,2024,6,June,Sunday,66304.17,59673.753
2024-06-30,ORD009332,CUST04736,P009,T-Shirt,Fashion,Jaipur,Online,UPI,5,1153.91,0.0,5769.55,5769.55,0,967.76,2024,6,June,Sunday,5769.55,5769.55
2024-06-30,ORD025657,CUST02960,P009,T-Shirt,Fashion,Jaipur,Online,Credit Card,1,1201.76,0.05,1201.76,1141.67,0,229.96,2024,6,June,Sunday,1201.76,1141.672
2024-06-30,ORD025679,CUST02872,P003,Headphones,Electronics,Surat,Store,UPI,2,4272.47,0.0,8544.94,8544.94,0,1449.75,2024,6,June,Sunday,8544.94,8544.94
2024-06-30,ORD000605,CUST03539,P020,Microwave,Home,Delhi,Online,UPI,1,11445.28,0.05,11445.28,10873.02,0,3127.16,2024,6,June,Sunday,11445.28,10873.016
2024-06-30,ORD041403,CUST02466,P019,Vacuum Cleaner,Home,Kolkata,Online,UPI,2,9838.79,0.1,19677.58,17709.82,0,2122.09,2024,6,June,Sunday,19677.58,17709.822000000004
2024-06-30,ORD022277,CUST01642,P008,Running Shoes,Fashion,Hyderabad,Store,UPI,1,3970.41,0.15,3970.41,3374.85,0,622.47,2024,6,June,Sunday,3970.41,3374.8484999999996
2024-06-30,ORD048980,CUST03138,P014,Keyboard,Electronics,Chennai,Online,UPI,5,2272.23,0.05,11361.15,10793.09,1,-539.65,2024,6,June,Sunday,11361.15,10793.092499999999
2024-06-30,ORD035313,CUST01928,P002,Smartphone,Electronics,Hyderabad,Online,Debit Card,2,26387.32,0.1,52774.64,47497.18,1,-2374.86,2024,6,June,Sunday,52774.64,47497.176
2024-06-30,ORD041845,CUST02689,P012,Air Fryer,Home,Kolkata,Online,UPI,2,6827.77,0.05,13655.54,12972.76,0,1227.47,2024,6,June,Sunday,13655.54,12972.763
2024-06-30,ORD010477,CUST03486,P001,Laptop,Electronics,Pune,Online,Credit Card,2,64340.99,0.05,128681.98,122247.88,0,21169.16,2024,6,June,Sunday,128681.98,122247.881
2024-06-30,ORD032617,CUST01246,P019,Vacuum Cleaner,Home,Kolkata,Online,UPI,1,9855.78,0.1,9855.78,8870.2,0,1180.07,2024,6,June,Sunday,9855.78,8870.202000000001
2024-06-30,ORD048447,CUST03522,P001,Laptop,Electronics,Mumbai,Online,UPI,1,70990.08,0.1,70990.08,63891.07,0,12705.12,2024,6,June,Sunday,70990.08,63891.072
2024-06-30,ORD041734,CUST00191,P006,Desk,Furniture,Mumbai,Store,UPI,1,12634.39,0.05,12634.39,12002.67,0,2090.75,2024,6,June,Sunday,12634.39,12002.670499999998
2024-06-30,ORD025522,CUST03749,P004,Smartwatch,Electronics,Pune,Online,Credit Card,2,6521.66,0.25,13043.32,9782.49,0,959.79,2024,6,June,Sunday,13043.32,9782.49
2024-06-30,ORD004640,CUST01755,P006,Desk,Furniture,Bengaluru,Online,Credit Card,3,12191.72,0.15,36575.16,31088.89,0,3886.13,2024,6,June,Sunday,36575.159999999996,31088.886000000002
2024-06-30,ORD001862,CUST03577,P014,Keyboard,Electronics,Hyderabad,Online,UPI,1,2636.07,0.05,2636.07,2504.27,0,315.1,2024,6,June,Sunday,2636.07,2504.2665
2024-06-30,ORD034292,CUST02260,P008,Running Shoes,Fashion,Pune,Online,UPI,1,4152.61,0.1,4152.61,3737.35,0,745.73,2024,6,June,Sunday,4152.61,3737.3489999999997
2024-06-30,ORD008823,CUST01156,P019,Vacuum Cleaner,Home,Pune,Store,Credit Card,1,9220.91,0.05,9220.91,8759.86,0,1495.35,2024,6,June,Sunday,9220.91,8759.8645
2024-06-30,ORD025700,CUST03120,P001,Laptop,Electronics,Chennai,Online,UPI,1,59916.2,0.05,59916.2,56920.39,0,4430.23,2024,6,June,Sunday,59916.2,56920.38999999999
2024-06-30,ORD028168,CUST04910,P003,Headphones,Electronics,Bengaluru,Online,Credit Card,2,4827.55,0.1,9655.1,8689.59,0,678.12,2024,6,June,Sunday,9655.1,8689.59
2024-06-30,ORD006136,CUST02168,P018,Jacket,Fashion,Pune,Online,UPI,1,5390.8,0.2,5390.8,4312.64,0,569.0,2024,6,June,Sunday,5390.8,4312.64
2024-06-30,ORD044025,CUST01778,P004,Smartwatch,Electronics,Surat,Online,UPI,1,6316.26,0.1,6316.26,5684.63,0,591.64,2024,6,June,Sunday,6316.26,5684.634
2024-06-30,ORD038306,CUST04800,P013,Monitor,Electronics,Delhi,Online,Cash,3,19247.17,0.15,57741.51,49080.28,0,3476.92,2024,6,June,Sunday,57741.509999999995,49080.2835
2024-06-30,ORD005103,CUST03572,P008,Running Shoes,Fashion,Surat,Online,UPI,1,4034.51,0.05,4034.51,3832.78,0,898.24,2024,6,June,Sunday,4034.51,3832.7845
2024-06-30,ORD033097,CUST02367,P010,Coffee Maker,Home,Hyderabad,Online,UPI,5,5135.86,0.15,25679.3,21827.4,0,4955.28,2024,6,June,Sunday,25679.3,21827.405
2024-06-30,ORD007900,CUST01526,P013,Monitor,Electronics,Surat,Store,UPI,1,16930.37,0.15,16930.37,14390.81,0,3257.64,2024,6,June,Sunday,16930.37,14390.814499999999
2024-06-30,ORD046593,CUST01111,P012,Air Fryer,Home,Chennai,Online,UPI,1,7559.97,0.0,7559.97,7559.97,0,1663.28,2024,6,June,Sunday,7559.97,7559.97
2024-06-30,ORD029161,CUST01080,P014,Keyboard,Electronics,Hyderabad,Online,UPI,1,2646.76,0.05,2646.76,2514.42,0,415.21,2024,6,June,Sunday,2646.76,2514.422
2024-06-30,ORD041105,CUST01149,P010,Coffee Maker,Home,Delhi,Online,Credit Card,2,5999.42,0.0,11998.84,11998.84,0,1833.74,2024,6,June,Sunday,11998.84,11998.84
2024-07-01,ORD009488,CUST04394,P012,Air Fryer,Home,Mumbai,Store,Credit Card,1,6881.94,0.1,6881.94,6193.75,0,383.92,2024,7,July,Monday,6881.94,6193.746
2024-07-01,ORD047425,CUST00461,P013,Monitor,Electronics,Ahmedabad,Online,Credit Card,1,16233.48,0.05,16233.48,15421.81,0,2634.16,2024,7,July,Monday,16233.48,15421.805999999999
2024-07-01,ORD025311,CUST04937,P017,Jeans,Fashion,Jaipur,Store,Debit Card,1,2575.56,0.05,2575.56,2446.78,0,703.61,2024,7,July,Monday,2575.56,2446.7819999999997
2024-07-01,ORD003456,CUST03566,P007,Backpack,Accessories,Chennai,Online,Cash,2,2323.24,0.05,4646.48,4414.16,0,903.98,2024,7,July,Monday,4646.48,4414.155999999999
2024-07-01,ORD047924,CUST01744,P020,Microwave,Home,Mumbai,Online,Credit Card,1,10238.17,0.0,10238.17,10238.17,0,2773.54,2024,7,July,Monday,10238.17,10238.17
2024-07-01,ORD028146,CUST02167,P006,Desk,Furniture,Surat,Store,Credit Card,1,12326.85,0.1,12326.85,11094.16,0,894.32,2024,7,July,Monday,12326.85,11094.165
2024-07-01,ORD034257,CUST02622,P014,Keyboard,Electronics,Pune,Online,UPI,1,2674.37,0.1,2674.37,2406.93,0,403.52,2024,7,July,Monday,2674.37,2406.933
2024-07-01,ORD037940,CUST03749,P016,Sofa,Furniture,Mumbai,Online,Net Banking,1,37329.72,0.05,37329.72,35463.23,0,8863.04,2024,7,July,Monday,37329.72,35463.234
2024-07-01,ORD002116,CUST01886,P014,Keyboard,Electronics,Ahmedabad,Store,UPI,1,2581.3,0.1,2581.3,2323.17,0,507.51,2024,7,July,Monday,2581.3,2323.17
2024-07-01,ORD019880,CUST03765,P014,Keyboard,Electronics,Mumbai,Online,Net Banking,5,2439.25,0.25,12196.25,9147.19,0,1933.03,2024,7,July,Monday,12196.25,9147.1875
2024-07-01,ORD002814,CUST02284,P001,Laptop,Electronics,Jaipur,Online,UPI,1,65551.85,0.0,65551.85,65551.85,0,6469.01,2024,7,July,Monday,65551.85,65551.85
2024-07-01,ORD016385,CUST02899,P006,Desk,Furniture,Chennai,Online,Credit Card,1,11302.28,0.15,11302.28,9606.94,0,1464.86,2024,7,July,Monday,11302.28,9606.938
2024-07-01,ORD030703,CUST01640,P012,Air Fryer,Home,Kolkata,Store,UPI,1,6981.49,0.0,6981.49,6981.49,0,1159.99,2024,7,July,Monday,6981.49,6981.49
2024-07-01,ORD022628,CUST04104,P018,Jacket,Fashion,Ahmedabad,Store,Credit Card,2,5086.06,0.0,10172.12,10172.12,0,834.14,2024,7,July,Monday,10172.12,10172.12
2024-07-01,ORD011637,CUST00506,P016,Sofa,Furniture,Jaipur,Online,UPI,1,34867.35,0.05,34867.35,33123.98,0,4377.25,2024,7,July,Monday,34867.35,33123.9825
2024-07-01,ORD023725,CUST04110,P014,Keyboard,Electronics,Ahmedabad,Online,Credit Card,1,2254.39,0.25,2254.39,1690.79,0,399.42,2024,7,July,Monday,2254.39,1690.7925
2024-07-01,ORD000988,CUST00864,P017,Jeans,Fashion,Pune,Online,Net Banking,3,3050.16,0.2,9150.48,7320.38,0,642.52,2024,7,July,Monday,9150.48,7320.384
2024-07-01,ORD010802,CUST04535,P002,Smartphone,Electronics,Surat,Online,UPI,2,26576.27,0.1,53152.54,47837.29,0,11291.17,2024,7,July,Monday,53152.54,47837.286
2024-07-01,ORD002091,CUST00410,P019,Vacuum Cleaner,Home,Kolkata,Store,Debit Card,1,9399.19,0.1,9399.19,8459.27,0,560.02,2024,7,July,Monday,9399.19,8459.271
2024-07-01,ORD014120,CUST01490,P002,Smartphone,Electronics,Chennai,Store,Credit Card,1,28318.14,0.1,28318.14,25486.33,0,6627.86,2024,7,July,Monday,28318.14,25486.326
2024-07-01,ORD002661,CUST00016,P014,Keyboard,Electronics,Pune,Store,Debit Card,1,2413.11,0.0,2413.11,2413.11,0,691.03,2024,7,July,Monday,2413.11,2413.11
2024-07-01,ORD006071,CUST01006,P002,Smartphone,Electronics,Mumbai,Online,Credit Card,2,25397.11,0.0,50794.22,50794.22,0,6289.66,2024,7,July,Monday,50794.22,50794.22
2024-07-01,ORD027873,CUST03547,P011,Mixer Grinder,Home,Mumbai,Online,Credit Card,2,4733.61,0.15,9467.22,8047.14,0,1088.71,2024,7,July,Monday,9467.22,8047.136999999999
2024-07-01,ORD038252,CUST02966,P017,Jeans,Fashion,Pune,Online,Net Banking,2,2909.31,0.15,5818.62,4945.83,0,431.45,2024,7,July,Monday,5818.62,4945.827
2024-07-01,ORD003924,CUST00184,P008,Running Shoes,Fashion,Surat,Online,UPI,4,4176.84,0.1,16707.36,15036.62,0,2892.28,2024,7,July,Monday,16707.36,15036.624000000002
2024-07-01,ORD002738,CUST04250,P002,Smartphone,Electronics,Chennai,Store,Cash,1,27649.09,0.15,27649.09,23501.73,0,4699.97,2024,7,July,Monday,27649.09,23501.7265
2024-07-01,ORD010831,CUST00315,P001,Laptop,Electronics,Kolkata,Online,UPI,1,65711.72,0.1,65711.72,59140.55,0,6754.44,2024,7,July,Monday,65711.72,59140.548
2024-07-01,ORD046226,CUST03664,P019,Vacuum Cleaner,Home,Mumbai,Online,Credit Card,1,9632.49,0.1,9632.49,8669.24,0,829.59,2024,7,July,Monday,9632.49,8669.241
2024-07-01,ORD031670,CUST01935,P015,Dining Table,Furniture,Jaipur,Online,Debit Card,4,23172.08,0.25,92688.32,69516.24,0,3141.83,2024,7,July,Monday,92688.32,69516.24
2024-07-01,ORD006377,CUST02312,P005,Office Chair,Furniture,Mumbai,Online,UPI,1,8965.15,0.25,8965.15,6723.86,0,1412.95,2024,7,July,Monday,8965.15,6723.862499999999
2024-07-01,ORD009207,CUST02685,P001,Laptop,Electronics,Kolkata,Online,UPI,2,66374.05,0.1,132748.1,119473.29,0,29254.29,2024,7,July,Monday,132748.1,119473.29000000001
2024-07-01,ORD022476,CUST02997,P007,Backpack,Accessories,Kolkata,Online,Debit Card,1,2089.95,0.05,2089.95,1985.45,0,544.84,2024,7,July,Monday,2089.95,1985.4524999999996
2024-07-01,ORD021883,CUST03466,P014,Keyboard,Electronics,Bengaluru,Store,Credit Card,1,2718.91,0.1,2718.91,2447.02,0,451.26,2024,7,July,Monday,2718.91,2447.019
2024-07-01,ORD023980,CUST01896,P018,Jacket,Fashion,Bengaluru,Online,Net Banking,1,5095.99,0.05,5095.99,4841.19,0,440.4,2024,7,July,Monday,5095.99,4841.1905
2024-07-01,ORD029091,CUST02280,P005,Office Chair,Furniture,Kolkata,Online,Debit Card,2,9520.39,0.15,19040.78,16184.66,0,4045.37,2024,7,July,Monday,19040.78,16184.662999999999
2024-07-01,ORD041955,CUST03502,P014,Keyboard,Electronics,Bengaluru,Online,UPI,1,2464.78,0.05,2464.78,2341.54,0,193.12,2024,7,July,Monday,2464.78,2341.541
2024-07-01,ORD019089,CUST03195,P008,Running Shoes,Fashion,Mumbai,Online,UPI,3,4017.96,0.15,12053.88,10245.8,0,2162.89,2024,7,July,Monday,12053.880000000001,10245.797999999999
2024-07-01,ORD035011,CUST03786,P004,Smartwatch,Electronics,Chennai,Online,UPI,1,6468.0,0.15,6468.0,5497.8,0,302.78,2024,7,July,Monday,6468.0,5497.8
2024-07-01,ORD034500,CUST03719,P005,Office Chair,Furniture,Bengaluru,Store,Debit Card,1,9367.94,0.1,9367.94,8431.15,0,928.06,2024,7,July,Monday,9367.94,8431.146
2024-07-01,ORD001235,CUST04027,P004,Smartwatch,Electronics,Delhi,Online,Credit Card,1,7309.59,0.1,7309.59,6578.63,0,523.89,2024,7,July,Monday,7309.59,6578.631
2024-07-01,ORD039742,CUST03783,P005,Office Chair,Furniture,Hyderabad,Online,Debit Card,1,9486.12,0.05,9486.12,9011.81,0,1480.64,2024,7,July,Monday,9486.12,9011.814
2024-07-01,ORD034426,CUST03828,P014,Keyboard,Electronics,Mumbai,Online,Credit Card,1,2654.84,0.15,2654.84,2256.61,0,140.41,2024,7,July,Monday,2654.84,2256.614
2024-07-01,ORD017821,CUST01553,P008,Running Shoes,Fashion,Mumbai,Online,Net Banking,1,4386.68,0.1,4386.68,3948.01,0,407.71,2024,7,July,Monday,4386.68,3948.012
2024-07-01,ORD000453,CUST04305,P014,Keyboard,Electronics,Bengaluru,Store,Credit Card,1,2325.69,0.2,2325.69,1860.55,0,208.91,2024,7,July,Monday,2325.69,1860.5520000000001
2024-07-01,ORD042763,CUST03859,P005,Office Chair,Furniture,Surat,Online,Credit Card,3,8833.37,0.2,26500.11,21200.09,0,1170.31,2024,7,July,Monday,26500.11,21200.088000000003
2024-07-01,ORD013573,CUST04280,P005,Office Chair,Furniture,Hyderabad,Online,UPI,2,9189.03,0.05,18378.06,17459.16,0,3303.83,2024,7,July,Monday,18378.06,17459.157
2024-07-01,ORD005683,CUST01130,P013,Monitor,Electronics,Bengaluru,Online,Debit Card,1,18014.95,0.0,18014.95,18014.95,0,2424.28,2024,7,July,Monday,18014.95,18014.95
2024-07-01,ORD028659,CUST04450,P008,Running Shoes,Fashion,Chennai,Online,Cash,2,4027.88,0.05,8055.76,7652.97,0,1480.37,2024,7,July,Monday,8055.76,7652.972
2024-07-01,ORD023149,CUST01574,P002,Smartphone,Electronics,Chennai,Online,Debit Card,1,29345.83,0.0,29345.83,29345.83,0,5663.81,2024,7,July,Monday,29345.83,29345.83
2024-07-01,ORD020865,CUST01796,P003,Headphones,Electronics,Kolkata,Online,UPI,1,4871.85,0.0,4871.85,4871.85,0,1394.52,2024,7,July,Monday,4871.85,4871.85
2024-07-01,ORD020339,CUST00888,P011,Mixer Grinder,Home,Surat,Store,Debit Card,2,5055.28,0.0,10110.56,10110.56,0,2602.08,2024,7,July,Monday,10110.56,10110.56
2024-07-01,ORD016295,CUST02431,P006,Desk,Furniture,Chennai,Store,Debit Card,3,11408.81,0.0,34226.43,34226.43,0,6892.92,2024,7,July,Monday,34226.43,34226.43
2024-07-01,ORD029403,CUST04964,P003,Headphones,Electronics,Mumbai,Online,Debit Card,1,4700.9,0.1,4700.9,4230.81,0,520.8,2024,7,July,Monday,4700.9,4230.8099999999995
2024-07-01,ORD023394,CUST02557,P003,Headphones,Electronics,Delhi,Store,UPI,3,4778.09,0.1,14334.27,12900.84,0,2825.86,2024,7,July,Monday,14334.27,12900.843
2024-07-01,ORD043158,CUST04813,P002,Smartphone,Electronics,Pune,Online,Credit Card,1,28314.93,0.2,28314.93,22651.94,0,3446.18,2024,7,July,Monday,28314.93,22651.944000000003
2024-07-01,ORD002201,CUST04813,P001,Laptop,Electronics,Hyderabad,Store,UPI,1,65982.77,0.1,65982.77,59384.49,0,11599.4,2024,7,July,Monday,65982.77,59384.493
2024-07-01,ORD004655,CUST02547,P006,Desk,Furniture,Ahmedabad,Online,Credit Card,4,13011.95,0.05,52047.8,49445.41,0,7885.52,2024,7,July,Monday,52047.8,49445.41
2024-07-01,ORD015105,CUST04526,P019,Vacuum Cleaner,Home,Mumbai,Online,Credit Card,1,9563.93,0.0,9563.93,9563.93,0,2734.88,2024,7,July,Monday,9563.93,9563.93
2024-07-01,ORD042630,CUST00825,P019,Vacuum Cleaner,Home,Bengaluru,Online,Credit Card,2,8952.59,0.0,17905.18,17905.18,0,4630.35,2024,7,July,Monday,17905.18,17905.18
2024-07-01,ORD036013,CUST03731,P001,Laptop,Electronics,Hyderabad,Online,UPI,4,59974.84,0.1,239899.36,215909.42,0,53100.16,2024,7,July,Monday,239899.36,215909.424
2024-07-01,ORD004467,CUST03629,P016,Sofa,Furniture,Hyderabad,Online,Credit Card,1,34006.43,0.05,34006.43,32306.11,0,8071.62,2024,7,July,Monday,34006.43,32306.1085
2024-07-01,ORD047138,CUST03138,P016,Sofa,Furniture,Delhi,Online,UPI,4,35383.85,0.05,141535.4,134458.63,0,34892.31,2024,7,July,Monday,141535.4,134458.62999999998
2024-07-01,ORD034378,CUST02320,P017,Jeans,Fashion,Surat,Store,UPI,1,2977.95,0.0,2977.95,2977.95,0,812.56,2024,7,July,Monday,2977.95,2977.95
2024-07-01,ORD033457,CUST01675,P001,Laptop,Electronics,Kolkata,Online,Debit Card,5,62249.65,0.0,311248.25,311248.25,0,40947.69,2024,7,July,Monday,311248.25,311248.25
2024-07-01,ORD020557,CUST01463,P003,Headphones,Electronics,Jaipur,Store,Credit Card,1,4758.97,0.0,4758.97,4758.97,0,480.71,2024,7,July,Monday,4758.97,4758.97
2024-07-01,ORD015692,CUST02241,P008,Running Shoes,Fashion,Jaipur,Online,UPI,2,4397.07,0.0,8794.14,8794.14,0,2046.42,2024,7,July,Monday,8794.14,8794.14
2024-07-02,ORD040213,CUST02307,P004,Smartwatch,Electronics,Pune,Online,Credit Card,2,7302.65,0.1,14605.3,13144.77,0,2366.95,2024,7,July,Tuesday,14605.3,13144.77
2024-07-02,ORD015303,CUST02299,P018,Jacket,Fashion,Pune,Online,UPI,1,5685.35,0.15,5685.35,4832.55,0,1176.22,2024,7,July,Tuesday,5685.35,4832.547500000001
2024-07-02,ORD043816,CUST02183,P008,Running Shoes,Fashion,Chennai,Store,Credit Card,3,3957.38,0.1,11872.14,10684.93,0,2547.45,2024,7,July,Tuesday,11872.14,10684.926
2024-07-02,ORD010717,CUST00786,P011,Mixer Grinder,Home,Mumbai,Online,Credit Card,1,4600.29,0.2,4600.29,3680.23,0,883.19,2024,7,July,Tuesday,4600.29,3680.232
2024-07-02,ORD017930,CUST00435,P001,Laptop,Electronics,Pune,Online,Credit Card,1,69418.31,0.05,69418.31,65947.39,0,6694.35,2024,7,July,Tuesday,69418.31,65947.3945
2024-07-02,ORD034958,CUST00036,P002,Smartphone,Electronics,Pune,Store,Net Banking,4,29101.22,0.1,116404.88,104764.39,0,14871.44,2024,7,July,Tuesday,116404.88,104764.392
2024-07-02,ORD040483,CUST04412,P013,Monitor,Electronics,Chennai,Online,UPI,1,18312.81,0.2,18312.81,14650.25,0,3537.1,2024,7,July,Tuesday,18312.81,14650.248000000001
2024-07-02,ORD040217,CUST00372,P018,Jacket,Fashion,Mumbai,Store,Credit Card,1,5191.67,0.05,5191.67,4932.09,0,766.87,2024,7,July,Tuesday,5191.67,4932.086499999999
2024-07-02,ORD022769,CUST01951,P016,Sofa,Furniture,Mumbai,Online,UPI,1,31562.75,0.05,31562.75,29984.61,0,4297.31,2024,7,July,Tuesday,31562.75,29984.6125
2024-07-02,ORD004774,CUST00018,P012,Air Fryer,Home,Mumbai,Store,Credit Card,1,7069.78,0.0,7069.78,7069.78,0,1672.0,2024,7,July,Tuesday,7069.78,7069.78
2024-07-02,ORD017917,CUST00615,P011,Mixer Grinder,Home,Bengaluru,Online,Net Banking,1,4330.84,0.15,4330.84,3681.21,0,425.42,2024,7,July,Tuesday,4330.84,3681.214
2024-07-02,ORD003133,CUST00761,P004,Smartwatch,Electronics,Chennai,Online,Net Banking,1,6967.34,0.1,6967.34,6270.61,0,763.59,2024,7,July,Tuesday,6967.34,6270.606000000001
2024-07-02,ORD047955,CUST02369,P011,Mixer Grinder,Home,Delhi,Store,Net Banking,1,5136.92,0.0,5136.92,5136.92,0,1466.27,2024,7,July,Tuesday,5136.92,5136.92
2024-07-02,ORD030793,CUST04239,P013,Monitor,Electronics,Delhi,Online,UPI,2,18744.17,0.15,37488.34,31865.09,0,5668.96,2024,7,July,Tuesday,37488.34,31865.088999999996
2024-07-02,ORD047315,CUST03690,P002,Smartphone,Electronics,Jaipur,Store,UPI,3,26803.57,0.1,80410.71,72369.64,0,9477.27,2024,7,July,Tuesday,80410.70999999999,72369.63900000001
2024-07-02,ORD014219,CUST04206,P007,Backpack,Accessories,Bengaluru,Online,Credit Card,3,2134.82,0.15,6404.46,5443.79,0,846.59,2024,7,July,Tuesday,6404.460000000001,5443.791
2024-07-02,ORD000057,CUST03473,P015,Dining Table,Furniture,Surat,Store,UPI,1,23594.4,0.1,23594.4,21234.96,1,-1061.75,2024,7,July,Tuesday,23594.4,21234.960000000003
2024-07-02,ORD010129,CUST02567,P008,Running Shoes,Fashion,Bengaluru,Store,UPI,1,4576.67,0.05,4576.67,4347.84,0,909.21,2024,7,July,Tuesday,4576.67,4347.836499999999
2024-07-02,ORD034277,CUST02475,P020,Microwave,Home,Delhi,Online,Credit Card,4,11731.67,0.2,46926.68,37541.34,0,2545.82,2024,7,July,Tuesday,46926.68,37541.344000000005
2024-07-02,ORD047339,CUST03506,P005,Office Chair,Furniture,Surat,Online,Net Banking,1,9470.0,0.15,9470.0,8049.5,0,1340.64,2024,7,July,Tuesday,9470.0,8049.5
2024-07-02,ORD036693,CUST00338,P001,Laptop,Electronics,Kolkata,Store,Debit Card,1,61167.73,0.05,61167.73,58109.34,0,12030.66,2024,7,July,Tuesday,61167.73,58109.3435
2024-07-02,ORD020243,CUST02792,P005,Office Chair,Furniture,Pune,Online,Credit Card,2,10058.54,0.1,20117.08,18105.37,0,4887.24,2024,7,July,Tuesday,20117.08,18105.372000000003
2024-07-02,ORD040595,CUST02837,P018,Jacket,Fashion,Hyderabad,Online,Debit Card,3,4833.9,0.05,14501.7,13776.61,1,-688.83,2024,7,July,Tuesday,14501.699999999999,13776.615
2024-07-02,ORD002829,CUST04413,P012,Air Fryer,Home,Jaipur,Online,Credit Card,1,7049.77,0.1,7049.77,6344.79,0,1278.64,2024,7,July,Tuesday,7049.77,6344.793000000001
2024-07-02,ORD013806,CUST03121,P014,Keyboard,Electronics,Bengaluru,Online,Credit Card,1,2626.62,0.1,2626.62,2363.96,0,405.53,2024,7,July,Tuesday,2626.62,2363.958
2024-07-02,ORD044580,CUST02107,P015,Dining Table,Furniture,Hyderabad,Online,Credit Card,1,19893.76,0.1,19893.76,17904.38,0,2053.09,2024,7,July,Tuesday,19893.76,17904.384
2024-07-02,ORD033016,CUST03071,P004,Smartwatch,Electronics,Jaipur,Store,Credit Card,2,6329.03,0.1,12658.06,11392.25,0,933.58,2024,7,July,Tuesday,12658.06,11392.253999999999
2024-07-02,ORD049858,CUST02564,P020,Microwave,Home,Bengaluru,Online,UPI,1,10269.08,0.05,10269.08,9755.63,0,2653.02,2024,7,July,Tuesday,10269.08,9755.626
2024-07-02,ORD004835,CUST02713,P016,Sofa,Furniture,Pune,Store,UPI,1,31590.61,0.1,31590.61,28431.55,0,6597.04,2024,7,July,Tuesday,31590.61,28431.549000000003
2024-07-02,ORD046532,CUST00483,P001,Laptop,Electronics,Ahmedabad,Online,Credit Card,1,69548.22,0.1,69548.22,62593.4,0,7970.41,2024,7,July,Tuesday,69548.22,62593.398
2024-07-02,ORD045327,CUST02392,P020,Microwave,Home,Jaipur,Online,UPI,1,11936.74,0.15,11936.74,10146.23,0,1538.78,2024,7,July,Tuesday,11936.74,10146.229
2024-07-02,ORD038012,CUST03689,P002,Smartphone,Electronics,Bengaluru,Store,Debit Card,2,27015.52,0.2,54031.04,43224.83,0,7323.58,2024,7,July,Tuesday,54031.04,43224.832
2024-07-02,ORD042254,CUST02876,P019,Vacuum Cleaner,Home,Ahmedabad,Online,Credit Card,1,8855.02,0.05,8855.02,8412.27,0,1452.57,2024,7,July,Tuesday,8855.02,8412.269
2024-07-02,ORD046311,CUST01309,P005,Office Chair,Furniture,Chennai,Store,Credit Card,3,9718.74,0.15,29156.22,24782.79,0,5513.55,2024,7,July,Tuesday,29156.22,24782.787
2024-07-02,ORD041053,CUST01952,P005,Office Chair,Furniture,Hyderabad,Store,UPI,1,9168.09,0.0,9168.09,9168.09,0,2607.92,2024,7,July,Tuesday,9168.09,9168.09
2024-07-02,ORD025091,CUST01590,P015,Dining Table,Furniture,Chennai,Online,UPI,1,22092.43,0.0,22092.43,22092.43,0,3584.46,2024,7,July,Tuesday,22092.43,22092.43
2024-07-02,ORD040066,CUST04857,P008,Running Shoes,Fashion,Bengaluru,Store,UPI,4,4617.45,0.1,18469.8,16622.82,0,2376.78,2024,7,July,Tuesday,18469.8,16622.82
2024-07-02,ORD038462,CUST01988,P005,Office Chair,Furniture,Pune,Store,Cash,3,10120.69,0.0,30362.07,30362.07,0,3170.87,2024,7,July,Tuesday,30362.07,30362.07
2024-07-02,ORD013581,CUST01014,P003,Headphones,Electronics,Chennai,Online,Credit Card,1,4677.23,0.0,4677.23,4677.23,0,934.85,2024,7,July,Tuesday,4677.23,4677.23
2024-07-02,ORD014260,CUST01270,P007,Backpack,Accessories,Chennai,Online,Credit Card,2,2258.51,0.0,4517.02,4517.02,0,1032.75,2024,7,July,Tuesday,4517.02,4517.02
2024-07-02,ORD028649,CUST03362,P017,Jeans,Fashion,Ahmedabad,Online,UPI,1,2941.34,0.1,2941.34,2647.21,0,173.6,2024,7,July,Tuesday,2941.34,2647.206
2024-07-02,ORD043373,CUST02937,P005,Office Chair,Furniture,Jaipur,Store,Credit Card,1,9494.76,0.05,9494.76,9020.02,0,1657.35,2024,7,July,Tuesday,9494.76,9020.021999999999
2024-07-02,ORD028250,CUST02641,P002,Smartphone,Electronics,Bengaluru,Store,Debit Card,1,26390.79,0.1,26390.79,23751.71,0,3761.98,2024,7,July,Tuesday,26390.79,23751.711000000003
2024-07-02,ORD004738,CUST04616,P013,Monitor,Electronics,Pune,Online,Cash,1,17973.77,0.25,17973.77,13480.33,0,2179.6,2024,7,July,Tuesday,17973.77,13480.3275
2024-07-02,ORD036429,CUST03745,P006,Desk,Furniture,Kolkata,Store,Credit Card,1,12170.21,0.0,12170.21,12170.21,0,1793.67,2024,7,July,Tuesday,12170.21,12170.21
2024-07-02,ORD015038,CUST02055,P014,Keyboard,Electronics,Ahmedabad,Online,Credit Card,2,2261.72,0.05,4523.44,4297.27,0,1105.89,2024,7,July,Tuesday,4523.44,4297.267999999999
2024-07-02,ORD047010,CUST03077,P006,Desk,Furniture,Kolkata,Online,UPI,1,10930.38,0.05,10930.38,10383.86,0,1106.63,2024,7,July,Tuesday,10930.38,10383.860999999999
2024-07-02,ORD022003,CUST03610,P010,Coffee Maker,Home,Pune,Online,Debit Card,1,5400.97,0.05,5400.97,5130.92,0,541.01,2024,7,July,Tuesday,5400.97,5130.9215
2024-07-02,ORD040337,CUST02033,P006,Desk,Furniture,Hyderabad,Online,UPI,1,11221.19,0.0,11221.19,11221.19,0,3274.32,2024,7,July,Tuesday,11221.19,11221.19
2024-07-02,ORD001637,CUST01635,P011,Mixer Grinder,Home,Mumbai,Store,UPI,4,4947.26,0.25,19789.04,14841.78,0,2430.23,2024,7,July,Tuesday,19789.04,14841.78
2024-07-02,ORD023525,CUST00845,P010,Coffee Maker,Home,Delhi,Online,UPI,1,5765.29,0.2,5765.29,4612.23,0,899.33,2024,7,July,Tuesday,5765.29,4612.232
2024-07-02,ORD040768,CUST02704,P007,Backpack,Accessories,Hyderabad,Online,Credit Card,1,2290.2,0.05,2290.2,2175.69,0,448.15,2024,7,July,Tuesday,2290.2,2175.6899999999996
2024-07-02,ORD005427,CUST03568,P008,Running Shoes,Fashion,Jaipur,Store,UPI,1,4484.44,0.0,4484.44,4484.44,0,434.42,2024,7,July,Tuesday,4484.44,4484.44
2024-07-02,ORD035659,CUST04845,P020,Microwave,Home,Hyderabad,Online,UPI,2,10770.25,0.0,21540.5,21540.5,0,1808.76,2024,7,July,Tuesday,21540.5,21540.5
2024-07-02,ORD041971,CUST03469,P015,Dining Table,Furniture,Bengaluru,Online,UPI,1,21362.11,0.05,21362.11,20294.0,0,1430.0,2024,7,July,Tuesday,21362.11,20294.0045
2024-07-02,ORD026468,CUST01184,P019,Vacuum Cleaner,Home,Chennai,Store,Credit Card,1,9856.43,0.05,9856.43,9363.61,0,2600.0,2024,7,July,Tuesday,9856.43,9363.6085
2024-07-02,ORD043401,CUST03479,P016,Sofa,Furniture,Pune,Online,Credit Card,1,33056.26,0.05,33056.26,31403.45,1,-1570.17,2024,7,July,Tuesday,33056.26,31403.447
2024-07-02,ORD012500,CUST01861,P011,Mixer Grinder,Home,Mumbai,Store,UPI,1,5260.53,0.0,5260.53,5260.53,0,1129.46,2024,7,July,Tuesday,5260.53,5260.53
2024-07-02,ORD024584,CUST01370,P010,Coffee Maker,Home,Kolkata,Online,Debit Card,1,5198.7,0.15,5198.7,4418.89,0,1067.27,2024,7,July,Tuesday,5198.7,4418.8949999999995
2024-07-02,ORD043977,CUST03781,P018,Jacket,Fashion,Jaipur,Online,UPI,3,4807.16,0.1,14421.48,12979.33,0,2002.02,2024,7,July,Tuesday,14421.48,12979.332
2024-07-02,ORD025763,CUST02786,P006,Desk,Furniture,Chennai,Online,Credit Card,3,12181.27,0.1,36543.81,32889.43,0,2980.88,2024,7,July,Tuesday,36543.81,32889.429
2024-07-02,ORD026478,CUST04194,P006,Desk,Furniture,Jaipur,Online,Debit Card,2,11854.2,0.1,23708.4,21337.56,0,4641.35,2024,7,July,Tuesday,23708.4,21337.56
2024-07-02,ORD033733,CUST03132,P018,Jacket,Fashion,Ahmedabad,Online,Credit Card,2,5037.84,0.1,10075.68,9068.11,0,888.17,2024,7,July,Tuesday,10075.68,9068.112000000001
2024-07-02,ORD018977,CUST00447,P004,Smartwatch,Electronics,Hyderabad,Online,Net Banking,1,6943.31,0.1,6943.31,6248.98,1,-312.45,2024,7,July,Tuesday,6943.31,6248.979
2024-07-03,ORD047090,CUST02447,P015,Dining Table,Furniture,Hyderabad,Online,Cash,1,22527.89,0.15,22527.89,19148.71,0,3007.98,2024,7,July,Wednesday,22527.89,19148.7065
2024-07-03,ORD000314,CUST04352,P011,Mixer Grinder,Home,Chennai,Online,Credit Card,4,5111.75,0.0,20447.0,20447.0,0,3632.66,2024,7,July,Wednesday,20447.0,20447.0
2024-07-03,ORD006599,CUST03006,P020,Microwave,Home,Kolkata,Online,Debit Card,2,11308.71,0.25,22617.42,16963.06,0,2431.75,2024,7,July,Wednesday,22617.42,16963.065
2024-07-03,ORD048902,CUST02688,P002,Smartphone,Electronics,Bengaluru,Store,UPI,1,30072.32,0.1,30072.32,27065.09,0,4174.45,2024,7,July,Wednesday,30072.32,27065.088
2024-07-03,ORD025849,CUST04023,P011,Mixer Grinder,Home,Surat,Store,UPI,1,4382.31,0.15,4382.31,3724.96,0,508.35,2024,7,July,Wednesday,4382.31,3724.9635000000003
2024-07-03,ORD007232,CUST03583,P018,Jacket,Fashion,Jaipur,Online,UPI,1,4754.31,0.0,4754.31,4754.31,1,-237.72,2024,7,July,Wednesday,4754.31,4754.31
2024-07-03,ORD006536,CUST00418,P006,Desk,Furniture,Jaipur,Store,UPI,1,12542.7,0.0,12542.7,12542.7,0,1065.62,2024,7,July,Wednesday,12542.7,12542.7
2024-07-03,ORD034651,CUST01145,P011,Mixer Grinder,Home,Delhi,Store,Credit Card,1,5164.05,0.2,5164.05,4131.24,0,563.65,2024,7,July,Wednesday,5164.05,4131.240000000001
2024-07-03,ORD039057,CUST03607,P010,Coffee Maker,Home,Chennai,Store,Debit Card,2,5577.52,0.0,11155.04,11155.04,0,2135.27,2024,7,July,Wednesday,11155.04,11155.04
2024-07-03,ORD023726,CUST04177,P002,Smartphone,Electronics,Kolkata,Online,UPI,1,29106.03,0.05,29106.03,27650.73,0,3257.01,2024,7,July,Wednesday,29106.03,27650.728499999997
2024-07-03,ORD033853,CUST04419,P009,T-Shirt,Fashion,Jaipur,Online,UPI,1,1225.57,0.25,1225.57,919.18,0,124.57,2024,7,July,Wednesday,1225.57,919.1775
2024-07-03,ORD016066,CUST02361,P013,Monitor,Electronics,Jaipur,Store,Debit Card,1,19220.43,0.05,19220.43,18259.41,0,3007.07,2024,7,July,Wednesday,19220.43,18259.408499999998
2024-07-03,ORD017502,CUST03536,P004,Smartwatch,Electronics,Jaipur,Online,Debit Card,2,6457.44,0.05,12914.88,12269.14,0,1410.14,2024,7,July,Wednesday,12914.88,12269.135999999999
2024-07-03,ORD010237,CUST03674,P010,Coffee Maker,Home,Kolkata,Online,UPI,3,5982.47,0.15,17947.41,15255.3,0,2490.87,2024,7,July,Wednesday,17947.41,15255.298499999999
2024-07-03,ORD032221,CUST02814,P010,Coffee Maker,Home,Bengaluru,Store,Cash,4,5383.55,0.1,21534.2,19380.78,0,3647.9,2024,7,July,Wednesday,21534.2,19380.780000000002
2024-07-03,ORD019553,CUST02275,P020,Microwave,Home,Surat,Store,Debit Card,3,11450.22,0.1,34350.66,30915.59,0,2245.84,2024,7,July,Wednesday,34350.659999999996,30915.594000000005
2024-07-03,ORD003113,CUST02823,P002,Smartphone,Electronics,Bengaluru,Store,UPI,1,28133.47,0.0,28133.47,28133.47,0,7130.88,2024,7,July,Wednesday,28133.47,28133.47
2024-07-03,ORD017787,CUST04415,P019,Vacuum Cleaner,Home,Mumbai,Store,Net Banking,1,8234.12,0.15,8234.12,6999.0,0,1685.52,2024,7,July,Wednesday,8234.12,6999.002
2024-07-03,ORD024335,CUST03795,P006,Desk,Furniture,Bengaluru,Online,Credit Card,2,12153.0,0.1,24306.0,21875.4,0,2556.03,2024,7,July,Wednesday,24306.0,21875.4
2024-07-03,ORD026760,CUST03232,P011,Mixer Grinder,Home,Mumbai,Store,Net Banking,4,5025.52,0.1,20102.08,18091.87,0,1698.38,2024,7,July,Wednesday,20102.08,18091.872000000003
2024-07-03,ORD047044,CUST04458,P003,Headphones,Electronics,Kolkata,Online,Debit Card,1,4555.6,0.0,4555.6,4555.6,0,1205.48,2024,7,July,Wednesday,4555.6,4555.6
2024-07-03,ORD039468,CUST03361,P003,Headphones,Electronics,Mumbai,Online,Net Banking,1,4610.35,0.1,4610.35,4149.32,0,984.82,2024,7,July,Wednesday,4610.35,4149.3150000000005
2024-07-03,ORD020449,CUST01220,P012,Air Fryer,Home,Bengaluru,Store,Cash,1,7777.27,0.25,7777.27,5832.95,1,-291.65,2024,7,July,Wednesday,7777.27,5832.9525
2024-07-03,ORD024226,CUST02232,P002,Smartphone,Electronics,Delhi,Store,UPI,2,26121.33,0.2,52242.66,41794.13,0,6072.06,2024,7,July,Wednesday,52242.66,41794.128000000004
2024-07-03,ORD033162,CUST03673,P009,T-Shirt,Fashion,Jaipur,Online,UPI,1,1268.89,0.2,1268.89,1015.11,0,82.77,2024,7,July,Wednesday,1268.89,1015.1120000000001
2024-07-03,ORD049534,CUST01917,P015,Dining Table,Furniture,Jaipur,Store,UPI,1,22263.89,0.0,22263.89,22263.89,0,5748.17,2024,7,July,Wednesday,22263.89,22263.89
2024-07-03,ORD043021,CUST01945,P010,Coffee Maker,Home,Chennai,Online,Credit Card,1,5704.11,0.0,5704.11,5704.11,0,577.27,2024,7,July,Wednesday,5704.11,5704.11
2024-07-03,ORD041431,CUST04635,P012,Air Fryer,Home,Hyderabad,Online,Debit Card,1,6860.88,0.05,6860.88,6517.84,0,492.42,2024,7,July,Wednesday,6860.88,6517.836
2024-07-03,ORD000978,CUST04128,P009,T-Shirt,Fashion,Hyderabad,Store,Net Banking,1,1169.52,0.0,1169.52,1169.52,0,237.23,2024,7,July,Wednesday,1169.52,1169.52
2024-07-03,ORD017650,CUST04079,P008,Running Shoes,Fashion,Bengaluru,Online,UPI,2,4039.96,0.15,8079.92,6867.93,0,1376.57,2024,7,July,Wednesday,8079.92,6867.932
2024-07-03,ORD026685,CUST02766,P017,Jeans,Fashion,Ahmedabad,Online,Credit Card,1,3059.21,0.0,3059.21,3059.21,0,611.18,2024,7,July,Wednesday,3059.21,3059.21
2024-07-03,ORD004504,CUST02313,P016,Sofa,Furniture,Bengaluru,Online,Net Banking,1,33317.96,0.25,33317.96,24988.47,0,4356.24,2024,7,July,Wednesday,33317.96,24988.47
2024-07-03,ORD010447,CUST02746,P012,Air Fryer,Home,Kolkata,Store,Cash,2,6803.71,0.15,13607.42,11566.31,0,1664.44,2024,7,July,Wednesday,13607.42,11566.306999999999
2024-07-03,ORD039696,CUST01135,P013,Monitor,Electronics,Kolkata,Online,UPI,1,16244.58,0.15,16244.58,13807.89,0,3704.2,2024,7,July,Wednesday,16244.58,13807.893
2024-07-03,ORD022985,CUST01537,P008,Running Shoes,Fashion,Hyderabad,Online,Credit Card,3,3805.81,0.15,11417.43,9704.82,0,845.97,2024,7,July,Wednesday,11417.43,9704.8155
2024-07-03,ORD011916,CUST00035,P019,Vacuum Cleaner,Home,Ahmedabad,Online,UPI,3,9272.24,0.1,27816.72,25035.05,0,3307.75,2024,7,July,Wednesday,27816.72,25035.048000000003
2024-07-03,ORD023159,CUST04715,P018,Jacket,Fashion,Kolkata,Online,UPI,3,4724.21,0.1,14172.63,12755.37,0,2939.69,2024,7,July,Wednesday,14172.630000000001,12755.367
2024-07-03,ORD045801,CUST01011,P013,Monitor,Electronics,Mumbai,Online,UPI,1,19782.96,0.0,19782.96,19782.96,0,2264.81,2024,7,July,Wednesday,19782.96,19782.96
2024-07-03,ORD033304,CUST01420,P018,Jacket,Fashion,Surat,Online,UPI,4,4856.73,0.1,19426.92,17484.23,0,1128.58,2024,7,July,Wednesday,19426.92,17484.228
2024-07-03,ORD004961,CUST03693,P005,Office Chair,Furniture,Pune,Store,Credit Card,1,8994.18,0.1,8994.18,8094.76,0,570.15,2024,7,July,Wednesday,8994.18,8094.762000000001
2024-07-03,ORD001556,CUST00123,P009,T-Shirt,Fashion,Jaipur,Online,UPI,1,1161.97,0.05,1161.97,1103.87,1,-55.19,2024,7,July,Wednesday,1161.97,1103.8715
2024-07-03,ORD016941,CUST02828,P012,Air Fryer,Home,Mumbai,Store,Debit Card,4,7454.41,0.1,29817.64,26835.88,0,7422.16,2024,7,July,Wednesday,29817.64,26835.876
2024-07-03,ORD030991,CUST02614,P009,T-Shirt,Fashion,Delhi,Store,Debit Card,1,1244.8,0.25,1244.8,933.6,0,166.76,2024,7,July,Wednesday,1244.8,933.5999999999999
2024-07-03,ORD029152,CUST02327,P002,Smartphone,Electronics,Surat,Online,Debit Card,1,27504.05,0.0,27504.05,27504.05,0,7108.22,2024,7,July,Wednesday,27504.05,27504.05
2024-07-03,ORD012296,CUST03562,P008,Running Shoes,Fashion,Mumbai,Online,Debit Card,3,4188.54,0.15,12565.62,10680.78,0,1319.57,2024,7,July,Wednesday,12565.619999999999,10680.777
2024-07-03,ORD012978,CUST01772,P017,Jeans,Fashion,Surat,Online,Credit Card,1,2960.77,0.15,2960.77,2516.65,0,602.35,2024,7,July,Wednesday,2960.77,2516.6545
2024-07-03,ORD005580,CUST01095,P011,Mixer Grinder,Home,Pune,Online,Credit Card,1,5036.12,0.0,5036.12,5036.12,0,1053.67,2024,7,July,Wednesday,5036.12,5036.12
2024-07-03,ORD029928,CUST01920,P002,Smartphone,Electronics,Bengaluru,Online,Credit Card,1,30206.13,0.05,30206.13,28695.82,0,5923.6,2024,7,July,Wednesday,30206.13,28695.8235
2024-07-03,ORD022892,CUST01576,P015,Dining Table,Furniture,Pune,Online,UPI,2,21870.17,0.0,43740.34,43740.34,0,4820.62,2024,7,July,Wednesday,43740.34,43740.34
2024-07-03,ORD011435,CUST00708,P007,Backpack,Accessories,Hyderabad,Online,UPI,1,2390.96,0.15,2390.96,2032.32,0,516.86,2024,7,July,Wednesday,2390.96,2032.316
2024-07-03,ORD001200,CUST03578,P019,Vacuum Cleaner,Home,Hyderabad,Store,Credit Card,4,9577.41,0.1,38309.64,34478.68,0,8941.86,2024,7,July,Wednesday,38309.64,34478.676
2024-07-03,ORD018556,CUST02652,P016,Sofa,Furniture,Mumbai,Store,Credit Card,1,36327.85,0.2,36327.85,29062.28,0,5175.16,2024,7,July,Wednesday,36327.85,29062.28
2024-07-03,ORD046629,CUST04593,P009,T-Shirt,Fashion,Hyderabad,Online,UPI,1,1157.48,0.05,1157.48,1099.61,0,184.86,2024,7,July,Wednesday,1157.48,1099.606
2024-07-03,ORD020863,CUST03130,P004,Smartwatch,Electronics,Mumbai,Online,Credit Card,1,6693.26,0.05,6693.26,6358.6,0,1024.59,2024,7,July,Wednesday,6693.26,6358.597
2024-07-03,ORD031399,CUST02396,P007,Backpack,Accessories,Chennai,Store,Net Banking,1,2138.53,0.2,2138.53,1710.82,0,441.99,2024,7,July,Wednesday,2138.53,1710.8240000000003
2024-07-03,ORD031315,CUST03037,P020,Microwave,Home,Kolkata,Online,Debit Card,2,10963.73,0.15,21927.46,18638.34,0,1156.69,2024,7,July,Wednesday,21927.46,18638.341
2024-07-03,ORD023361,CUST00069,P019,Vacuum Cleaner,Home,Pune,Online,Debit Card,1,8525.19,0.0,8525.19,8525.19,0,1332.81,2024,7,July,Wednesday,8525.19,8525.19
2024-07-03,ORD023492,CUST04007,P014,Keyboard,Electronics,Ahmedabad,Online,UPI,2,2587.49,0.0,5174.98,5174.98,0,1152.54,2024,7,July,Wednesday,5174.98,5174.98
2024-07-03,ORD014681,CUST03837,P005,Office Chair,Furniture,Pune,Online,Credit Card,1,9971.12,0.1,9971.12,8974.01,0,2268.26,2024,7,July,Wednesday,9971.12,8974.008000000002
2024-07-03,ORD045451,CUST00748,P017,Jeans,Fashion,Chennai,Online,Debit Card,3,2987.8,0.05,8963.4,8515.23,0,2127.38,2024,7,July,Wednesday,8963.400000000001,8515.23
2024-07-03,ORD023513,CUST00886,P014,Keyboard,Electronics,Chennai,Online,UPI,2,2397.12,0.05,4794.24,4554.53,0,1130.58,2024,7,July,Wednesday,4794.24,4554.527999999999
2024-07-03,ORD012193,CUST02608,P011,Mixer Grinder,Home,Hyderabad,Online,Credit Card,1,4945.64,0.1,4945.64,4451.08,0,473.02,2024,7,July,Wednesday,4945.64,4451.076
2024-07-03,ORD028487,CUST03323,P009,T-Shirt,Fashion,Mumbai,Online,Credit Card,1,1185.29,0.0,1185.29,1185.29,0,181.46,2024,7,July,Wednesday,1185.29,1185.29
2024-07-03,ORD049855,CUST02586,P006,Desk,Furniture,Delhi,Online,Net Banking,2,11761.69,0.1,23523.38,21171.04,0,5094.2,2024,7,July,Wednesday,23523.38,21171.042
2024-07-03,ORD035933,CUST00875,P010,Coffee Maker,Home,Mumbai,Online,Credit Card,5,5490.27,0.05,27451.35,26078.78,0,6049.12,2024,7,July,Wednesday,27451.350000000002,26078.782499999998
2024-07-03,ORD004002,CUST02480,P001,Laptop,Electronics,Kolkata,Online,UPI,1,60290.74,0.2,60290.74,48232.59,0,6575.9,2024,7,July,Wednesday,60290.74,48232.592000000004
2024-07-03,ORD025563,CUST00300,P014,Keyboard,Electronics,Pune,Online,Debit Card,2,2543.56,0.1,5087.12,4578.41,0,810.34,2024,7,July,Wednesday,5087.12,4578.408
2024-07-03,ORD044396,CUST04670,P001,Laptop,Electronics,Ahmedabad,Store,UPI,1,61639.03,0.05,61639.03,58557.08,0,16189.74,2024,7,July,Wednesday,61639.03,58557.078499999996
2024-07-03,ORD013503,CUST04983,P017,Jeans,Fashion,Pune,Store,Credit Card,1,2671.3,0.0,2671.3,2671.3,0,499.01,2024,7,July,Wednesday,2671.3,2671.3
2024-07-03,ORD032478,CUST01340,P017,Jeans,Fashion,Chennai,Online,UPI,4,2773.74,0.1,11094.96,9985.46,1,-499.27,2024,7,July,Wednesday,11094.96,9985.464
2024-07-03,ORD004132,CUST01831,P016,Sofa,Furniture,Surat,Store,UPI,1,37500.49,0.1,37500.49,33750.44,0,2360.83,2024,7,July,Wednesday,37500.49,33750.441
2024-07-03,ORD042582,CUST04583,P020,Microwave,Home,Chennai,Store,UPI,2,10566.62,0.1,21133.24,19019.92,0,2703.13,2024,7,July,Wednesday,21133.24,19019.916
2024-07-03,ORD016606,CUST01446,P013,Monitor,Electronics,Chennai,Online,UPI,2,19393.42,0.0,38786.84,38786.84,0,7850.18,2024,7,July,Wednesday,38786.84,38786.84
2024-07-03,ORD020078,CUST02605,P010,Coffee Maker,Home,Ahmedabad,Online,Net Banking,1,5540.64,0.05,5540.64,5263.61,0,571.69,2024,7,July,Wednesday,5540.64,5263.608
2024-07-03,ORD049940,CUST04225,P006,Desk,Furniture,Delhi,Store,UPI,1,11193.85,0.0,11193.85,11193.85,0,905.38,2024,7,July,Wednesday,11193.85,11193.85
2024-07-03,ORD003266,CUST01926,P011,Mixer Grinder,Home,Surat,Store,UPI,5,4578.68,0.05,22893.4,21748.73,0,4379.57,2024,7,July,Wednesday,22893.4,21748.73
2024-07-03,ORD001210,CUST03694,P015,Dining Table,Furniture,Mumbai,Store,Credit Card,2,24137.28,0.1,48274.56,43447.1,0,8321.63,2024,7,July,Wednesday,48274.56,43447.104
2024-07-04,ORD032886,CUST01933,P015,Dining Table,Furniture,Mumbai,Store,UPI,3,19842.1,0.05,59526.3,56549.98,0,4126.79,2024,7,July,Thursday,59526.299999999996,56549.985
2024-07-04,ORD019730,CUST04556,P010,Coffee Maker,Home,Hyderabad,Online,Debit Card,2,5579.27,0.05,11158.54,10600.61,0,2145.9,2024,7,July,Thursday,11158.54,10600.613000000001
2024-07-04,ORD048213,CUST04627,P013,Monitor,Electronics,Kolkata,Online,UPI,1,16884.29,0.05,16884.29,16040.08,0,3287.78,2024,7,July,Thursday,16884.29,16040.0755
2024-07-04,ORD048702,CUST00033,P013,Monitor,Electronics,Bengaluru,Online,Net Banking,1,17270.45,0.15,17270.45,14679.88,0,1823.39,2024,7,July,Thursday,17270.45,14679.8825
2024-07-04,ORD035951,CUST03111,P013,Monitor,Electronics,Kolkata,Online,Credit Card,3,17681.19,0.0,53043.57,53043.57,0,9240.74,2024,7,July,Thursday,53043.56999999999,53043.57
2024-07-04,ORD017575,CUST04894,P016,Sofa,Furniture,Chennai,Online,Cash,2,33662.77,0.1,67325.54,60592.99,0,7664.34,2024,7,July,Thursday,67325.54,60592.986
2024-07-04,ORD044256,CUST03761,P016,Sofa,Furniture,Hyderabad,Online,UPI,2,34186.8,0.05,68373.6,64954.92,0,15997.18,2024,7,July,Thursday,68373.6,64954.920000000006
2024-07-04,ORD023037,CUST04138,P007,Backpack,Accessories,Hyderabad,Store,UPI,2,2296.59,0.1,4593.18,4133.86,0,851.18,2024,7,July,Thursday,4593.18,4133.862
2024-07-04,ORD022504,CUST04435,P007,Backpack,Accessories,Pune,Online,Credit Card,4,2106.58,0.15,8426.32,7162.37,0,729.67,2024,7,July,Thursday,8426.32,7162.371999999999
2024-07-04,ORD038234,CUST04497,P016,Sofa,Furniture,Chennai,Online,UPI,3,37640.31,0.15,112920.93,95982.79,0,21023.59,2024,7,July,Thursday,112920.93,95982.79049999999
2024-07-04,ORD033410,CUST01773,P002,Smartphone,Electronics,Kolkata,Store,UPI,1,26541.18,0.25,26541.18,19905.89,0,1481.64,2024,7,July,Thursday,26541.18,19905.885000000002
2024-07-04,ORD013539,CUST01916,P003,Headphones,Electronics,Kolkata,Store,UPI,1,4339.71,0.25,4339.71,3254.78,0,203.8,2024,7,July,Thursday,4339.71,3254.7825000000003
2024-07-04,ORD016383,CUST01336,P018,Jacket,Fashion,Mumbai,Online,Cash,1,5630.77,0.1,5630.77,5067.69,0,1193.8,2024,7,July,Thursday,5630.77,5067.693
2024-07-04,ORD024897,CUST00974,P018,Jacket,Fashion,Bengaluru,Online,Credit Card,1,4925.76,0.05,4925.76,4679.47,0,411.76,2024,7,July,Thursday,4925.76,4679.472
2024-07-04,ORD035511,CUST00704,P001,Laptop,Electronics,Hyderabad,Online,UPI,1,61853.69,0.05,61853.69,58761.01,0,12535.38,2024,7,July,Thursday,61853.69,58761.0055
2024-07-04,ORD000868,CUST04357,P019,Vacuum Cleaner,Home,Ahmedabad,Online,Credit Card,1,8310.68,0.0,8310.68,8310.68,0,872.53,2024,7,July,Thursday,8310.68,8310.68
2024-07-04,ORD027759,CUST03057,P002,Smartphone,Electronics,Jaipur,Online,Credit Card,2,26890.55,0.05,53781.1,51092.04,0,10650.75,2024,7,July,Thursday,53781.1,51092.045
2024-07-04,ORD010780,CUST03826,P003,Headphones,Electronics,Pune,Store,UPI,4,4788.28,0.15,19153.12,16280.15,0,3253.95,2024,7,July,Thursday,19153.12,16280.151999999998
2024-07-04,ORD013330,CUST03509,P019,Vacuum Cleaner,Home,Mumbai,Online,Credit Card,1,8819.42,0.05,8819.42,8378.45,0,636.3,2024,7,July,Thursday,8819.42,8378.449
2024-07-04,ORD045690,CUST02471,P007,Backpack,Accessories,Kolkata,Store,UPI,1,2028.15,0.1,2028.15,1825.34,0,321.34,2024,7,July,Thursday,2028.15,1825.335
2024-07-04,ORD019396,CUST00354,P015,Dining Table,Furniture,Surat,Online,Credit Card,2,20243.0,0.15,40486.0,34413.1,0,5386.29,2024,7,July,Thursday,40486.0,34413.1
2024-07-04,ORD032349,CUST02449,P011,Mixer Grinder,Home,Mumbai,Store,Credit Card,1,5138.06,0.2,5138.06,4110.45,0,799.43,2024,7,July,Thursday,5138.06,4110.448
2024-07-04,ORD009388,CUST04310,P003,Headphones,Electronics,Jaipur,Online,Net Banking,1,4529.06,0.2,4529.06,3623.25,0,379.7,2024,7,July,Thursday,4529.06,3623.2480000000005
2024-07-04,ORD033669,CUST02454,P016,Sofa,Furniture,Kolkata,Online,Credit Card,1,32409.71,0.1,32409.71,29168.74,0,3866.19,2024,7,July,Thursday,32409.71,29168.739
2024-07-04,ORD003702,CUST00734,P017,Jeans,Fashion,Ahmedabad,Store,UPI,2,3060.3,0.0,6120.6,6120.6,0,1153.31,2024,7,July,Thursday,6120.6,6120.6
2024-07-04,ORD031428,CUST02511,P009,T-Shirt,Fashion,Pune,Store,Credit Card,2,1186.1,0.1,2372.2,2134.98,0,582.0,2024,7,July,Thursday,2372.2,2134.98
2024-07-04,ORD001360,CUST01540,P008,Running Shoes,Fashion,Surat,Online,Net Banking,4,4136.29,0.1,16545.16,14890.64,0,1915.46,2024,7,July,Thursday,16545.16,14890.644
2024-07-04,ORD017895,CUST00765,P010,Coffee Maker,Home,Chennai,Online,Credit Card,1,5171.69,0.05,5171.69,4913.11,0,576.81,2024,7,July,Thursday,5171.69,4913.1055
2024-07-04,ORD014001,CUST04427,P015,Dining Table,Furniture,Pune,Online,Credit Card,2,21399.22,0.15,42798.44,36378.67,0,4006.92,2024,7,July,Thursday,42798.44,36378.674
2024-07-04,ORD003502,CUST03489,P002,Smartphone,Electronics,Mumbai,Online,Credit Card,1,29142.04,0.2,29142.04,23313.63,0,3413.48,2024,7,July,Thursday,29142.04,23313.632
2024-07-04,ORD039575,CUST04078,P012,Air Fryer,Home,Kolkata,Online,Credit Card,1,6923.09,0.05,6923.09,6576.94,0,1679.63,2024,7,July,Thursday,6923.09,6576.9355
2024-07-04,ORD015591,CUST03167,P011,Mixer Grinder,Home,Jaipur,Online,Cash,1,4634.89,0.05,4634.89,4403.15,0,874.52,2024,7,July,Thursday,4634.89,4403.1455000000005
2024-07-04,ORD010171,CUST01540,P006,Desk,Furniture,Delhi,Store,Debit Card,2,12417.57,0.15,24835.14,21109.87,0,4151.72,2024,7,July,Thursday,24835.14,21109.869
2024-07-04,ORD031225,CUST02740,P004,Smartwatch,Electronics,Bengaluru,Store,Debit Card,2,6600.07,0.05,13200.14,12540.13,0,1166.69,2024,7,July,Thursday,13200.14,12540.132999999998
2024-07-04,ORD013149,CUST02162,P006,Desk,Furniture,Ahmedabad,Online,Debit Card,1,11466.91,0.1,11466.91,10320.22,0,2748.43,2024,7,July,Thursday,11466.91,10320.219000000001
2024-07-04,ORD021179,CUST01646,P013,Monitor,Electronics,Kolkata,Online,Credit Card,2,19583.25,0.1,39166.5,35249.85,0,4460.9,2024,7,July,Thursday,39166.5,35249.85
2024-07-04,ORD011536,CUST01621,P004,Smartwatch,Electronics,Delhi,Online,UPI,1,7159.97,0.15,7159.97,6085.97,0,833.16,2024,7,July,Thursday,7159.97,6085.9745
2024-07-04,ORD018126,CUST04801,P004,Smartwatch,Electronics,Ahmedabad,Store,UPI,1,7001.42,0.1,7001.42,6301.28,0,924.06,2024,7,July,Thursday,7001.42,6301.278
2024-07-04,ORD013499,CUST03015,P019,Vacuum Cleaner,Home,Jaipur,Online,UPI,2,9887.02,0.1,19774.04,17796.64,1,-889.83,2024,7,July,Thursday,19774.04,17796.636000000002
2024-07-04,ORD009575,CUST00069,P009,T-Shirt,Fashion,Hyderabad,Online,Debit Card,2,1308.85,0.05,2617.7,2486.81,0,220.15,2024,7,July,Thursday,2617.7,2486.8149999999996
2024-07-04,ORD013643,CUST03172,P002,Smartphone,Electronics,Kolkata,Online,Debit Card,1,28458.91,0.15,28458.91,24190.07,0,4348.2,2024,7,July,Thursday,28458.91,24190.0735
2024-07-04,ORD014770,CUST02623,P019,Vacuum Cleaner,Home,Surat,Online,Credit Card,5,9267.51,0.1,46337.55,41703.8,0,7489.2,2024,7,July,Thursday,46337.55,41703.795000000006
2024-07-04,ORD000832,CUST04580,P003,Headphones,Electronics,Kolkata,Online,Net Banking,1,4617.36,0.1,4617.36,4155.62,0,632.48,2024,7,July,Thursday,4617.36,4155.624
2024-07-04,ORD008744,CUST00921,P019,Vacuum Cleaner,Home,Chennai,Store,UPI,1,9089.72,0.2,9089.72,7271.78,0,692.65,2024,7,July,Thursday,9089.72,7271.776
2024-07-04,ORD020475,CUST02366,P001,Laptop,Electronics,Hyderabad,Online,Credit Card,5,62574.47,0.1,312872.35,281585.12,0,63108.74,2024,7,July,Thursday,312872.35,281585.115
2024-07-04,ORD040232,CUST02756,P014,Keyboard,Electronics,Jaipur,Online,Credit Card,1,2491.37,0.1,2491.37,2242.23,0,438.24,2024,7,July,Thursday,2491.37,2242.233
2024-07-04,ORD027059,CUST04015,P004,Smartwatch,Electronics,Pune,Online,Credit Card,1,6522.54,0.25,6522.54,4891.9,0,369.08,2024,7,July,Thursday,6522.54,4891.905
2024-07-04,ORD009317,CUST03910,P010,Coffee Maker,Home,Pune,Store,Cash,2,5696.6,0.1,11393.2,10253.88,0,713.75,2024,7,July,Thursday,11393.2,10253.880000000001
2024-07-04,ORD049197,CUST01642,P020,Microwave,Home,Surat,Online,Net Banking,1,11088.08,0.15,11088.08,9424.87,0,1361.78,2024,7,July,Thursday,11088.08,9424.868
2024-07-04,ORD037202,CUST04674,P001,Laptop,Electronics,Pune,Online,Debit Card,2,70815.37,0.15,141630.74,120386.13,0,17986.3,2024,7,July,Thursday,141630.74,120386.12899999999
2024-07-04,ORD015964,CUST04220,P018,Jacket,Fashion,Hyderabad,Online,Net Banking,5,5053.44,0.1,25267.2,22740.48,1,-1137.02,2024,7,July,Thursday,25267.199999999997,22740.48
2024-07-04,ORD000980,CUST02907,P015,Dining Table,Furniture,Mumbai,Online,Credit Card,1,23627.59,0.05,23627.59,22446.21,0,4603.72,2024,7,July,Thursday,23627.59,22446.210499999997
2024-07-04,ORD043416,CUST04153,P017,Jeans,Fashion,Surat,Online,Debit Card,1,2927.21,0.15,2927.21,2488.13,0,563.14,2024,7,July,Thursday,2927.21,2488.1285
2024-07-04,ORD038326,CUST00889,P015,Dining Table,Furniture,Mumbai,Online,Cash,1,20070.5,0.1,20070.5,18063.45,0,4316.81,2024,7,July,Thursday,20070.5,18063.45
2024-07-04,ORD048941,CUST03178,P013,Monitor,Electronics,Ahmedabad,Store,Credit Card,1,18445.88,0.1,18445.88,16601.29,0,3361.04,2024,7,July,Thursday,18445.88,16601.292
2024-07-04,ORD007480,CUST00576,P012,Air Fryer,Home,Jaipur,Store,UPI,1,7160.78,0.1,7160.78,6444.7,0,913.9,2024,7,July,Thursday,7160.78,6444.702
2024-07-04,ORD012022,CUST00410,P001,Laptop,Electronics,Pune,Online,Credit Card,2,62600.62,0.15,125201.24,106421.05,0,27729.8,2024,7,July,Thursday,125201.24,106421.054
2024-07-04,ORD034132,CUST00748,P019,Vacuum Cleaner,Home,Chennai,Online,Debit Card,2,8706.24,0.1,17412.48,15671.23,0,4345.31,2024,7,July,Thursday,17412.48,15671.232
2024-07-04,ORD027852,CUST04940,P012,Air Fryer,Home,Pune,Online,Credit Card,1,6926.15,0.0,6926.15,6926.15,0,1082.53,2024,7,July,Thursday,6926.15,6926.15
2024-07-04,ORD037429,CUST02082,P017,Jeans,Fashion,Chennai,Store,UPI,5,2935.79,0.0,14678.95,14678.95,0,2912.94,2024,7,July,Thursday,14678.95,14678.95
2024-07-04,ORD000368,CUST01379,P013,Monitor,Electronics,Kolkata,Online,Cash,1,18742.49,0.15,18742.49,15931.12,0,4266.74,2024,7,July,Thursday,18742.49,15931.1165
2024-07-04,ORD016063,CUST03667,P008,Running Shoes,Fashion,Ahmedabad,Store,UPI,1,3922.4,0.1,3922.4,3530.16,0,336.3,2024,7,July,Thursday,3922.4,3530.1600000000003
2024-07-04,ORD022145,CUST01758,P006,Desk,Furniture,Ahmedabad,Online,Net Banking,1,11559.71,0.05,11559.71,10981.72,0,2961.55,2024,7,July,Thursday,11559.71,10981.724499999998
2024-07-04,ORD043547,CUST02852,P012,Air Fryer,Home,Hyderabad,Online,Credit Card,2,6666.39,0.05,13332.78,12666.14,0,1249.78,2024,7,July,Thursday,13332.78,12666.141
2024-07-04,ORD024492,CUST00731,P006,Desk,Furniture,Ahmedabad,Online,Credit Card,1,11990.9,0.05,11990.9,11391.36,0,2877.34,2024,7,July,Thursday,11990.9,11391.355
2024-07-04,ORD012250,CUST00676,P001,Laptop,Electronics,Delhi,Online,Debit Card,1,65935.4,0.1,65935.4,59341.86,1,-2967.09,2024,7,July,Thursday,65935.4,59341.85999999999
2024-07-04,ORD034285,CUST03923,P004,Smartwatch,Electronics,Kolkata,Online,UPI,1,7527.96,0.2,7527.96,6022.37,0,826.99,2024,7,July,Thursday,7527.96,6022.368
2024-07-04,ORD010711,CUST00186,P008,Running Shoes,Fashion,Bengaluru,Online,Cash,2,3941.76,0.0,7883.52,7883.52,0,1862.59,2024,7,July,Thursday,7883.52,7883.52
2024-07-05,ORD034241,CUST04641,P011,Mixer Grinder,Home,Kolkata,Store,Credit Card,1,4785.17,0.05,4785.17,4545.91,0,462.15,2024,7,July,Friday,4785.17,4545.9115
2024-07-05,ORD025294,CUST03476,P004,Smartwatch,Electronics,Kolkata,Online,UPI,1,6323.51,0.2,6323.51,5058.81,1,-252.94,2024,7,July,Friday,6323.51,5058.808000000001
2024-07-05,ORD049387,CUST03636,P006,Desk,Furniture,Jaipur,Online,Credit Card,1,10927.6,0.1,10927.6,9834.84,1,-491.74,2024,7,July,Friday,10927.6,9834.84
2024-07-05,ORD048423,CUST01366,P016,Sofa,Furniture,Jaipur,Online,Cash,2,36685.18,0.15,73370.36,62364.81,0,5459.31,2024,7,July,Friday,73370.36,62364.806
2024-07-05,ORD039711,CUST01015,P005,Office Chair,Furniture,Pune,Store,UPI,1,8785.43,0.0,8785.43,8785.43,0,2010.07,2024,7,July,Friday,8785.43,8785.43
2024-07-05,ORD010390,CUST00681,P011,Mixer Grinder,Home,Hyderabad,Online,UPI,1,4527.89,0.05,4527.89,4301.5,0,478.08,2024,7,July,Friday,4527.89,4301.4955
2024-07-05,ORD047017,CUST02237,P010,Coffee Maker,Home,Delhi,Online,UPI,2,5440.7,0.05,10881.4,10337.33,0,2671.04,2024,7,July,Friday,10881.4,10337.33
2024-07-05,ORD022512,CUST03783,P006,Desk,Furniture,Ahmedabad,Store,Debit Card,1,11197.24,0.0,11197.24,11197.24,0,2670.34,2024,7,July,Friday,11197.24,11197.24
2024-07-05,ORD048152,CUST01664,P012,Air Fryer,Home,Kolkata,Online,Credit Card,2,6832.16,0.1,13664.32,12297.89,0,2113.32,2024,7,July,Friday,13664.32,12297.888
2024-07-05,ORD004516,CUST02772,P009,T-Shirt,Fashion,Jaipur,Store,UPI,1,1251.25,0.15,1251.25,1063.56,0,62.25,2024,7,July,Friday,1251.25,1063.5625
2024-07-05,ORD038330,CUST00172,P006,Desk,Furniture,Ahmedabad,Store,Debit Card,2,10891.86,0.1,21783.72,19605.35,0,2631.93,2024,7,July,Friday,21783.72,19605.348
2024-07-05,ORD002589,CUST04726,P003,Headphones,Electronics,Delhi,Online,UPI,1,4738.71,0.1,4738.71,4264.84,0,964.12,2024,7,July,Friday,4738.71,4264.839
2024-07-05,ORD049362,CUST01076,P012,Air Fryer,Home,Hyderabad,Online,Debit Card,1,6906.57,0.1,6906.57,6215.91,0,1608.27,2024,7,July,Friday,6906.57,6215.913
2024-07-05,ORD031967,CUST04603,P007,Backpack,Accessories,Mumbai,Online,UPI,3,2011.88,0.1,6035.64,5432.08,0,862.64,2024,7,July,Friday,6035.64,5432.076
2024-07-05,ORD040227,CUST04582,P009,T-Shirt,Fashion,Delhi,Store,Debit Card,1,1156.46,0.1,1156.46,1040.81,0,278.73,2024,7,July,Friday,1156.46,1040.814
2024-07-05,ORD026534,CUST00220,P009,T-Shirt,Fashion,Ahmedabad,Online,UPI,1,1298.39,0.15,1298.39,1103.63,0,207.48,2024,7,July,Friday,1298.39,1103.6315
2024-07-05,ORD044342,CUST00169,P020,Microwave,Home,Ahmedabad,Online,UPI,3,11863.11,0.1,35589.33,32030.4,0,7171.16,2024,7,July,Friday,35589.33,32030.397
2024-07-05,ORD021360,CUST04551,P003,Headphones,Electronics,Surat,Store,Debit Card,2,4282.89,0.0,8565.78,8565.78,0,1488.73,2024,7,July,Friday,8565.78,8565.78
2024-07-05,ORD048775,CUST00295,P006,Desk,Furniture,Ahmedabad,Store,Credit Card,1,11674.51,0.15,11674.51,9923.33,0,2041.6,2024,7,July,Friday,11674.51,9923.3335
2024-07-05,ORD029603,CUST02965,P004,Smartwatch,Electronics,Surat,Online,UPI,1,7683.63,0.1,7683.63,6915.27,0,1687.89,2024,7,July,Friday,7683.63,6915.267
2024-07-05,ORD048039,CUST02154,P006,Desk,Furniture,Hyderabad,Online,UPI,1,11482.15,0.1,11482.15,10333.94,0,1424.77,2024,7,July,Friday,11482.15,10333.935
2024-07-05,ORD034303,CUST03225,P007,Backpack,Accessories,Ahmedabad,Online,UPI,3,1987.71,0.2,5963.13,4770.5,0,1183.1,2024,7,July,Friday,5963.13,4770.504
2024-07-05,ORD030510,CUST02196,P009,T-Shirt,Fashion,Ahmedabad,Online,Debit Card,2,1081.41,0.0,2162.82,2162.82,0,548.43,2024,7,July,Friday,2162.82,2162.82
2024-07-05,ORD041388,CUST02437,P001,Laptop,Electronics,Jaipur,Online,Debit Card,4,59691.04,0.0,238764.16,238764.16,0,26030.67,2024,7,July,Friday,238764.16,238764.16
2024-07-05,ORD015898,CUST04130,P004,Smartwatch,Electronics,Surat,Store,UPI,1,7584.47,0.15,7584.47,6446.8,0,750.57,2024,7,July,Friday,7584.47,6446.7995
2024-07-05,ORD020352,CUST03601,P001,Laptop,Electronics,Jaipur,Store,Cash,5,61040.36,0.1,305201.8,274681.62,0,54873.82,2024,7,July,Friday,305201.8,274681.62
2024-07-05,ORD044084,CUST01192,P011,Mixer Grinder,Home,Kolkata,Online,UPI,1,4764.04,0.0,4764.04,4764.04,0,603.6,2024,7,July,Friday,4764.04,4764.04
2024-07-05,ORD033803,CUST03534,P011,Mixer Grinder,Home,Pune,Store,UPI,1,5063.59,0.15,5063.59,4304.05,0,399.84,2024,7,July,Friday,5063.59,4304.0515
2024-07-05,ORD044532,CUST00961,P014,Keyboard,Electronics,Mumbai,Store,Debit Card,1,2572.76,0.25,2572.76,1929.57,0,366.96,2024,7,July,Friday,2572.76,1929.5700000000002
2024-07-05,ORD014680,CUST03125,P009,T-Shirt,Fashion,Delhi,Store,UPI,1,1187.02,0.05,1187.02,1127.67,0,304.03,2024,7,July,Friday,1187.02,1127.6689999999999
2024-07-05,ORD044050,CUST04467,P012,Air Fryer,Home,Kolkata,Online,Credit Card,2,7122.5,0.15,14245.0,12108.25,0,1740.78,2024,7,July,Friday,14245.0,12108.25
2024-07-05,ORD049175,CUST01332,P018,Jacket,Fashion,Ahmedabad,Online,UPI,1,4714.53,0.25,4714.53,3535.9,0,854.19,2024,7,July,Friday,4714.53,3535.8975
2024-07-05,ORD037818,CUST00654,P004,Smartwatch,Electronics,Kolkata,Store,Debit Card,3,7368.17,0.0,22104.51,22104.51,0,5254.14,2024,7,July,Friday,22104.510000000002,22104.51
2024-07-05,ORD040044,CUST02875,P015,Dining Table,Furniture,Ahmedabad,Online,Debit Card,1,19997.89,0.25,19997.89,14998.42,0,3185.06,2024,7,July,Friday,19997.89,14998.4175
2024-07-05,ORD009262,CUST01251,P018,Jacket,Fashion,Jaipur,Online,Net Banking,1,4966.02,0.2,4966.02,3972.82,0,1001.97,2024,7,July,Friday,4966.02,3972.8160000000007
2024-07-05,ORD049553,CUST02826,P017,Jeans,Fashion,Ahmedabad,Online,Debit Card,2,2596.41,0.1,5192.82,4673.54,0,586.67,2024,7,July,Friday,5192.82,4673.538
2024-07-05,ORD019589,CUST00016,P011,Mixer Grinder,Home,Bengaluru,Store,Credit Card,1,4678.59,0.15,4678.59,3976.8,0,596.9,2024,7,July,Friday,4678.59,3976.8015
2024-07-05,ORD007171,CUST01849,P019,Vacuum Cleaner,Home,Ahmedabad,Online,UPI,2,8704.11,0.15,17408.22,14796.99,0,2112.81,2024,7,July,Friday,17408.22,14796.987000000001
2024-07-05,ORD027670,CUST02209,P010,Coffee Maker,Home,Kolkata,Online,Debit Card,2,5558.81,0.1,11117.62,10005.86,0,1753.19,2024,7,July,Friday,11117.62,10005.858
2024-07-05,ORD010627,CUST02229,P020,Microwave,Home,Bengaluru,Online,Credit Card,1,11190.4,0.2,11190.4,8952.32,0,554.35,2024,7,July,Friday,11190.4,8952.32
2024-07-05,ORD036439,CUST01857,P006,Desk,Furniture,Jaipur,Online,UPI,2,11336.62,0.15,22673.24,19272.25,0,2459.98,2024,7,July,Friday,22673.24,19272.254
2024-07-05,ORD001462,CUST04592,P007,Backpack,Accessories,Mumbai,Online,UPI,1,2171.23,0.15,2171.23,1845.55,0,400.94,2024,7,July,Friday,2171.23,1845.5455
2024-07-05,ORD005100,CUST03014,P002,Smartphone,Electronics,Kolkata,Store,UPI,4,28197.48,0.1,112789.92,101510.93,1,-5075.55,2024,7,July,Friday,112789.92,101510.928
2024-07-05,ORD006598,CUST00133,P008,Running Shoes,Fashion,Hyderabad,Online,Debit Card,1,4155.01,0.05,4155.01,3947.26,0,407.96,2024,7,July,Friday,4155.01,3947.2595
2024-07-05,ORD049783,CUST01684,P020,Microwave,Home,Delhi,Store,UPI,1,11351.21,0.0,11351.21,11351.21,1,-567.56,2024,7,July,Friday,11351.21,11351.21
2024-07-05,ORD000383,CUST04828,P006,Desk,Furniture,Pune,Online,UPI,2,10968.26,0.1,21936.52,19742.87,0,1974.12,2024,7,July,Friday,21936.52,19742.868000000002
2024-07-05,ORD035879,CUST03666,P020,Microwave,Home,Pune,Online,Net Banking,1,10007.56,0.05,10007.56,9507.18,0,1052.95,2024,7,July,Friday,10007.56,9507.181999999999
2024-07-05,ORD024063,CUST01385,P003,Headphones,Electronics,Mumbai,Online,Credit Card,1,4460.44,0.0,4460.44,4460.44,0,1069.65,2024,7,July,Friday,4460.44,4460.44
2024-07-05,ORD047649,CUST01372,P015,Dining Table,Furniture,Hyderabad,Store,Credit Card,2,23926.92,0.05,47853.84,45461.15,0,5655.01,2024,7,July,Friday,47853.84,45461.147999999994
2024-07-05,ORD002956,CUST01351,P005,Office Chair,Furniture,Chennai,Online,Debit Card,2,10317.61,0.05,20635.22,19603.46,0,5009.34,2024,7,July,Friday,20635.22,19603.459
2024-07-05,ORD009490,CUST03167,P020,Microwave,Home,Kolkata,Store,Debit Card,5,10558.55,0.1,52792.75,47513.48,0,10113.81,2024,7,July,Friday,52792.75,47513.475
2024-07-05,ORD014214,CUST03246,P019,Vacuum Cleaner,Home,Ahmedabad,Online,UPI,2,9353.15,0.1,18706.3,16835.67,0,2563.44,2024,7,July,Friday,18706.3,16835.67
2024-07-05,ORD020747,CUST00794,P019,Vacuum Cleaner,Home,Pune,Online,Credit Card,1,8878.91,0.15,8878.91,7547.07,0,1748.5,2024,7,July,Friday,8878.91,7547.0734999999995
2024-07-05,ORD047007,CUST00470,P017,Jeans,Fashion,Delhi,Online,UPI,1,2881.7,0.15,2881.7,2449.44,0,395.34,2024,7,July,Friday,2881.7,2449.4449999999997
2024-07-05,ORD006285,CUST00764,P007,Backpack,Accessories,Pune,Online,Credit Card,1,2118.54,0.0,2118.54,2118.54,0,421.22,2024,7,July,Friday,2118.54,2118.54
2024-07-05,ORD006183,CUST02043,P014,Keyboard,Electronics,Surat,Store,Net Banking,1,2377.4,0.1,2377.4,2139.66,0,339.67,2024,7,July,Friday,2377.4,2139.6600000000003
2024-07-05,ORD025727,CUST04473,P012,Air Fryer,Home,Chennai,Online,UPI,2,7736.08,0.2,15472.16,12377.73,0,2907.59,2024,7,July,Friday,15472.16,12377.728000000001
2024-07-05,ORD005941,CUST03156,P011,Mixer Grinder,Home,Mumbai,Store,UPI,2,4755.47,0.1,9510.94,8559.85,0,2153.54,2024,7,July,Friday,9510.94,8559.846000000001
2024-07-05,ORD035506,CUST00468,P010,Coffee Maker,Home,Kolkata,Online,Credit Card,1,5443.59,0.05,5443.59,5171.41,0,922.67,2024,7,July,Friday,5443.59,5171.4105
2024-07-05,ORD007121,CUST04839,P002,Smartphone,Electronics,Surat,Online,UPI,1,29387.87,0.05,29387.87,27918.48,0,4355.96,2024,7,July,Friday,29387.87,27918.476499999997
2024-07-05,ORD043125,CUST00930,P005,Office Chair,Furniture,Chennai,Online,Cash,1,9165.51,0.15,9165.51,7790.68,0,1845.72,2024,7,July,Friday,9165.51,7790.6835
2024-07-05,ORD031815,CUST01678,P009,T-Shirt,Fashion,Surat,Online,Credit Card,5,1180.72,0.05,5903.6,5608.42,0,618.69,2024,7,July,Friday,5903.6,5608.42
2024-07-05,ORD040135,CUST00115,P009,T-Shirt,Fashion,Delhi,Online,Debit Card,1,1179.52,0.1,1179.52,1061.57,0,77.21,2024,7,July,Friday,1179.52,1061.568
2024-07-05,ORD000096,CUST02855,P004,Smartwatch,Electronics,Kolkata,Online,Credit Card,2,7471.91,0.0,14943.82,14943.82,0,4205.39,2024,7,July,Friday,14943.82,14943.82
2024-07-05,ORD048262,CUST02531,P020,Microwave,Home,Kolkata,Online,UPI,1,11520.89,0.15,11520.89,9792.76,0,1821.68,2024,7,July,Friday,11520.89,9792.7565
2024-07-05,ORD037590,CUST04977,P007,Backpack,Accessories,Surat,Store,Credit Card,1,2025.33,0.05,2025.33,1924.06,0,167.24,2024,7,July,Friday,2025.33,1924.0634999999997
2024-07-05,ORD016098,CUST00057,P010,Coffee Maker,Home,Chennai,Online,UPI,1,5296.98,0.1,5296.98,4767.28,0,1230.57,2024,7,July,Friday,5296.98,4767.282
2024-07-05,ORD040752,CUST00461,P013,Monitor,Electronics,Delhi,Online,UPI,1,18947.41,0.0,18947.41,18947.41,0,5417.98,2024,7,July,Friday,18947.41,18947.41
2024-07-05,ORD015491,CUST02371,P014,Keyboard,Electronics,Chennai,Store,Credit Card,1,2657.4,0.15,2657.4,2258.79,1,-112.94,2024,7,July,Friday,2657.4,2258.79
2024-07-05,ORD026265,CUST04889,P020,Microwave,Home,Mumbai,Online,UPI,1,11363.28,0.0,11363.28,11363.28,0,1331.06,2024,7,July,Friday,11363.28,11363.28
2024-07-05,ORD009915,CUST02310,P020,Microwave,Home,Chennai,Online,Credit Card,1,10284.39,0.15,10284.39,8741.73,0,869.75,2024,7,July,Friday,10284.39,8741.7315
2024-07-05,ORD043732,CUST02212,P005,Office Chair,Furniture,Bengaluru,Online,Credit Card,1,9499.88,0.15,9499.88,8074.9,0,1020.66,2024,7,July,Friday,9499.88,8074.897999999999
2024-07-05,ORD017074,CUST02153,P005,Office Chair,Furniture,Hyderabad,Online,UPI,1,8867.16,0.15,8867.16,7537.09,0,1455.77,2024,7,July,Friday,8867.16,7537.085999999999
2024-07-05,ORD022435,CUST01466,P018,Jacket,Fashion,Mumbai,Online,UPI,1,5085.48,0.2,5085.48,4068.38,0,987.59,2024,7,July,Friday,5085.48,4068.384
2024-07-05,ORD033214,CUST02920,P012,Air Fryer,Home,Bengaluru,Online,Credit Card,2,6767.61,0.25,13535.22,10151.41,0,998.91,2024,7,July,Friday,13535.22,10151.414999999999
2024-07-05,ORD037508,CUST04979,P001,Laptop,Electronics,Mumbai,Online,UPI,1,61319.28,0.15,61319.28,52121.39,0,10921.36,2024,7,July,Friday,61319.28,52121.388
2024-07-05,ORD036703,CUST01635,P015,Dining Table,Furniture,Kolkata,Online,UPI,2,21400.31,0.05,42800.62,40660.59,0,4258.17,2024,7,July,Friday,42800.62,40660.589
2024-07-05,ORD017037,CUST04294,P013,Monitor,Electronics,Hyderabad,Store,Net Banking,1,19364.79,0.15,19364.79,16460.07,1,-823.0,2024,7,July,Friday,19364.79,16460.071500000002
2024-07-05,ORD031818,CUST01822,P016,Sofa,Furniture,Kolkata,Online,Credit Card,1,36375.78,0.05,36375.78,34556.99,0,6136.53,2024,7,July,Friday,36375.78,34556.990999999995
2024-07-06,ORD040417,CUST01303,P012,Air Fryer,Home,Bengaluru,Store,UPI,4,7226.8,0.1,28907.2,26016.48,0,6285.57,2024,7,July,Saturday,28907.2,26016.48
2024-07-06,ORD005847,CUST00418,P005,Office Chair,Furniture,Jaipur,Store,UPI,1,8658.39,0.0,8658.39,8658.39,0,1603.64,2024,7,July,Saturday,8658.39,8658.39
2024-07-06,ORD007815,CUST00422,P008,Running Shoes,Fashion,Pune,Online,UPI,2,4123.5,0.0,8247.0,8247.0,0,664.26,2024,7,July,Saturday,8247.0,8247.0
2024-07-06,ORD048325,CUST01662,P012,Air Fryer,Home,Hyderabad,Online,Cash,1,6638.73,0.0,6638.73,6638.73,0,1766.41,2024,7,July,Saturday,6638.73,6638.73
2024-07-06,ORD003020,CUST04310,P006,Desk,Furniture,Surat,Store,UPI,2,12012.73,0.15,24025.46,20421.64,0,1736.08,2024,7,July,Saturday,24025.46,20421.641
2024-07-06,ORD014865,CUST00203,P006,Desk,Furniture,Jaipur,Store,UPI,1,11242.16,0.1,11242.16,10117.94,1,-505.9,2024,7,July,Saturday,11242.16,10117.944
2024-07-06,ORD011274,CUST04240,P012,Air Fryer,Home,Mumbai,Online,Cash,1,7771.15,0.1,7771.15,6994.04,0,1157.57,2024,7,July,Saturday,7771.15,6994.035
2024-07-06,ORD000766,CUST02759,P018,Jacket,Fashion,Ahmedabad,Online,Debit Card,3,5318.4,0.0,15955.2,15955.2,0,2650.77,2024,7,July,Saturday,15955.199999999999,15955.2
2024-07-06,ORD035288,CUST03256,P014,Keyboard,Electronics,Delhi,Store,Debit Card,1,2445.63,0.15,2445.63,2078.79,0,439.73,2024,7,July,Saturday,2445.63,2078.7855
2024-07-06,ORD035038,CUST00957,P002,Smartphone,Electronics,Ahmedabad,Store,UPI,1,27207.59,0.0,27207.59,27207.59,0,2883.2,2024,7,July,Saturday,27207.59,27207.59
2024-07-06,ORD022534,CUST04538,P017,Jeans,Fashion,Hyderabad,Store,Net Banking,1,3061.69,0.05,3061.69,2908.61,0,299.13,2024,7,July,Saturday,3061.69,2908.6055
2024-07-06,ORD018644,CUST00418,P001,Laptop,Electronics,Surat,Online,UPI,2,59692.37,0.0,119384.74,119384.74,0,28108.47,2024,7,July,Saturday,119384.74,119384.74
2024-07-06,ORD021132,CUST01422,P006,Desk,Furniture,Surat,Online,Credit Card,2,10854.49,0.15,21708.98,18452.63,0,2701.17,2024,7,July,Saturday,21708.98,18452.632999999998
2024-07-06,ORD000253,CUST04045,P014,Keyboard,Electronics,Bengaluru,Online,UPI,1,2283.0,0.05,2283.0,2168.85,0,204.78,2024,7,July,Saturday,2283.0,2168.85
2024-07-06,ORD006829,CUST03266,P020,Microwave,Home,Surat,Online,Credit Card,1,10881.85,0.1,10881.85,9793.67,0,1706.76,2024,7,July,Saturday,10881.85,9793.665
2024-07-06,ORD028072,CUST03608,P015,Dining Table,Furniture,Ahmedabad,Store,UPI,3,23932.59,0.0,71797.77,71797.77,0,18844.82,2024,7,July,Saturday,71797.77,71797.77
2024-07-06,ORD021125,CUST03740,P009,T-Shirt,Fashion,Chennai,Online,Net Banking,1,1224.98,0.1,1224.98,1102.48,0,86.2,2024,7,July,Saturday,1224.98,1102.482
2024-07-06,ORD016970,CUST02252,P001,Laptop,Electronics,Surat,Online,Credit Card,1,69135.32,0.0,69135.32,69135.32,0,9252.99,2024,7,July,Saturday,69135.32,69135.32
2024-07-06,ORD002358,CUST02382,P015,Dining Table,Furniture,Mumbai,Online,Debit Card,2,19815.24,0.1,39630.48,35667.43,0,3711.52,2024,7,July,Saturday,39630.48,35667.432
2024-07-06,ORD048162,CUST03255,P017,Jeans,Fashion,Ahmedabad,Online,Debit Card,1,2582.74,0.05,2582.74,2453.6,0,516.96,2024,7,July,Saturday,2582.74,2453.6029999999996
2024-07-06,ORD028929,CUST01711,P007,Backpack,Accessories,Kolkata,Store,UPI,1,2131.89,0.1,2131.89,1918.7,0,283.04,2024,7,July,Saturday,2131.89,1918.701
2024-07-06,ORD027206,CUST02979,P008,Running Shoes,Fashion,Delhi,Online,Credit Card,2,4561.38,0.05,9122.76,8666.62,0,663.85,2024,7,July,Saturday,9122.76,8666.622
2024-07-06,ORD022157,CUST03468,P017,Jeans,Fashion,Ahmedabad,Online,UPI,1,3074.87,0.15,3074.87,2613.64,0,146.53,2024,7,July,Saturday,3074.87,2613.6394999999998
2024-07-06,ORD002970,CUST03985,P003,Headphones,Electronics,Kolkata,Online,UPI,2,4745.01,0.1,9490.02,8541.02,0,883.05,2024,7,July,Saturday,9490.02,8541.018
2024-07-06,ORD035170,CUST00283,P018,Jacket,Fashion,Jaipur,Online,Credit Card,3,5337.05,0.1,16011.15,14410.04,0,2489.64,2024,7,July,Saturday,16011.150000000001,14410.035
2024-07-06,ORD028177,CUST03016,P015,Dining Table,Furniture,Kolkata,Online,Debit Card,1,21341.76,0.05,21341.76,20274.67,0,2491.5,2024,7,July,Saturday,21341.76,20274.672
2024-07-06,ORD012575,CUST02782,P015,Dining Table,Furniture,Surat,Online,Debit Card,1,23517.9,0.0,23517.9,23517.9,0,6406.93,2024,7,July,Saturday,23517.9,23517.9
2024-07-06,ORD016226,CUST01640,P015,Dining Table,Furniture,Surat,Online,Cash,1,22558.92,0.0,22558.92,22558.92,0,3984.73,2024,7,July,Saturday,22558.92,22558.92
2024-07-06,ORD037814,CUST03093,P002,Smartphone,Electronics,Hyderabad,Online,Credit Card,2,25479.17,0.15,50958.34,43314.59,1,-2165.73,2024,7,July,Saturday,50958.34,43314.58899999999
2024-07-06,ORD049847,CUST00031,P013,Monitor,Electronics,Ahmedabad,Online,Debit Card,1,16846.89,0.0,16846.89,16846.89,0,2819.76,2024,7,July,Saturday,16846.89,16846.89
2024-07-06,ORD024826,CUST01703,P007,Backpack,Accessories,Kolkata,Online,UPI,1,2082.08,0.05,2082.08,1977.98,0,158.96,2024,7,July,Saturday,2082.08,1977.9759999999999
2024-07-06,ORD045698,CUST01527,P015,Dining Table,Furniture,Ahmedabad,Store,UPI,2,22323.3,0.2,44646.6,35717.28,0,3854.17,2024,7,July,Saturday,44646.6,35717.28
2024-07-06,ORD042955,CUST04887,P010,Coffee Maker,Home,Ahmedabad,Store,UPI,1,5466.1,0.05,5466.1,5192.8,0,1076.65,2024,7,July,Saturday,5466.1,5192.795
2024-07-06,ORD047204,CUST04410,P015,Dining Table,Furniture,Ahmedabad,Online,UPI,3,23002.03,0.0,69006.09,69006.09,0,19764.93,2024,7,July,Saturday,69006.09,69006.09
2024-07-06,ORD049599,CUST04974,P006,Desk,Furniture,Bengaluru,Store,Debit Card,1,12217.51,0.0,12217.51,12217.51,0,1275.59,2024,7,July,Saturday,12217.51,12217.51
2024-07-06,ORD033771,CUST03948,P009,T-Shirt,Fashion,Surat,Online,Debit Card,2,1228.37,0.1,2456.74,2211.07,0,372.03,2024,7,July,Saturday,2456.74,2211.066
2024-07-06,ORD035135,CUST04835,P002,Smartphone,Electronics,Hyderabad,Online,Credit Card,2,27756.16,0.15,55512.32,47185.47,0,11198.31,2024,7,July,Saturday,55512.32,47185.472
2024-07-06,ORD048800,CUST00341,P014,Keyboard,Electronics,Ahmedabad,Online,UPI,1,2292.98,0.05,2292.98,2178.33,0,576.86,2024,7,July,Saturday,2292.98,2178.331
2024-07-06,ORD000191,CUST01081,P003,Headphones,Electronics,Pune,Online,Cash,1,4051.69,0.1,4051.69,3646.52,0,242.11,2024,7,July,Saturday,4051.69,3646.521
2024-07-06,ORD030120,CUST02006,P020,Microwave,Home,Kolkata,Online,Debit Card,3,11571.95,0.05,34715.85,32980.06,0,3340.15,2024,7,July,Saturday,34715.850000000006,32980.057499999995
2024-07-06,ORD041556,CUST04157,P015,Dining Table,Furniture,Jaipur,Store,UPI,1,20032.13,0.05,20032.13,19030.52,0,1360.37,2024,7,July,Saturday,20032.13,19030.5235
2024-07-06,ORD029409,CUST04780,P015,Dining Table,Furniture,Hyderabad,Online,Debit Card,4,20497.93,0.05,81991.72,77892.13,0,21614.37,2024,7,July,Saturday,81991.72,77892.13399999999
2024-07-06,ORD035724,CUST01005,P016,Sofa,Furniture,Delhi,Online,Credit Card,2,34202.97,0.05,68405.94,64985.64,0,18241.48,2024,7,July,Saturday,68405.94,64985.643
2024-07-06,ORD008111,CUST04401,P003,Headphones,Electronics,Delhi,Online,UPI,2,4635.43,0.0,9270.86,9270.86,0,2559.35,2024,7,July,Saturday,9270.86,9270.86
2024-07-06,ORD007251,CUST02550,P010,Coffee Maker,Home,Ahmedabad,Online,Cash,1,5892.27,0.2,5892.27,4713.82,0,965.45,2024,7,July,Saturday,5892.27,4713.816000000001
2024-07-06,ORD040377,CUST01256,P005,Office Chair,Furniture,Ahmedabad,Online,Cash,4,9301.22,0.05,37204.88,35344.64,0,9508.12,2024,7,July,Saturday,37204.88,35344.636
2024-07-06,ORD036462,CUST00478,P012,Air Fryer,Home,Delhi,Online,UPI,3,7731.18,0.05,23193.54,22033.86,0,6227.59,2024,7,July,Saturday,23193.54,22033.863
2024-07-06,ORD034445,CUST03774,P009,T-Shirt,Fashion,Chennai,Online,UPI,2,1101.31,0.1,2202.62,1982.36,0,272.49,2024,7,July,Saturday,2202.62,1982.358
2024-07-06,ORD022690,CUST04541,P001,Laptop,Electronics,Hyderabad,Store,Debit Card,1,59858.46,0.0,59858.46,59858.46,0,8102.0,2024,7,July,Saturday,59858.46,59858.46
2024-07-06,ORD017974,CUST01844,P013,Monitor,Electronics,Bengaluru,Store,Credit Card,1,17714.51,0.05,17714.51,16828.78,0,3978.58,2024,7,July,Saturday,17714.51,16828.784499999998
2024-07-06,ORD020529,CUST01317,P016,Sofa,Furniture,Ahmedabad,Store,UPI,1,37689.2,0.05,37689.2,35804.74,0,3634.87,2024,7,July,Saturday,37689.2,35804.74
2024-07-06,ORD040467,CUST02495,P009,T-Shirt,Fashion,Bengaluru,Store,UPI,1,1139.0,0.25,1139.0,854.25,0,110.37,2024,7,July,Saturday,1139.0,854.25
2024-07-06,ORD037639,CUST04469,P008,Running Shoes,Fashion,Hyderabad,Store,UPI,2,4023.48,0.05,8046.96,7644.61,0,940.71,2024,7,July,Saturday,8046.96,7644.612
2024-07-06,ORD033562,CUST01557,P004,Smartwatch,Electronics,Bengaluru,Online,Cash,2,7605.66,0.05,15211.32,14450.75,0,3809.99,2024,7,July,Saturday,15211.32,14450.753999999999
2024-07-06,ORD011930,CUST04069,P019,Vacuum Cleaner,Home,Bengaluru,Store,UPI,1,8397.18,0.15,8397.18,7137.6,0,1669.46,2024,7,July,Saturday,8397.18,7137.603
2024-07-06,ORD025263,CUST03847,P004,Smartwatch,Electronics,Chennai,Store,Credit Card,1,6954.61,0.1,6954.61,6259.15,0,562.53,2024,7,July,Saturday,6954.61,6259.148999999999
2024-07-06,ORD020825,CUST00574,P007,Backpack,Accessories,Delhi,Store,UPI,1,2047.0,0.0,2047.0,2047.0,0,608.76,2024,7,July,Saturday,2047.0,2047.0
2024-07-06,ORD029805,CUST02834,P004,Smartwatch,Electronics,Ahmedabad,Online,UPI,2,6585.37,0.0,13170.74,13170.74,0,1879.48,2024,7,July,Saturday,13170.74,13170.74
2024-07-06,ORD048298,CUST00418,P013,Monitor,Electronics,Ahmedabad,Store,Debit Card,1,17438.74,0.15,17438.74,14822.93,0,2974.9,2024,7,July,Saturday,17438.74,14822.929
2024-07-06,ORD046661,CUST00477,P003,Headphones,Electronics,Hyderabad,Online,Debit Card,1,4092.48,0.15,4092.48,3478.61,0,516.25,2024,7,July,Saturday,4092.48,3478.6079999999997
2024-07-06,ORD039791,CUST00033,P004,Smartwatch,Electronics,Surat,Store,Net Banking,1,6744.68,0.05,6744.68,6407.45,0,582.16,2024,7,July,Saturday,6744.68,6407.446
2024-07-06,ORD045796,CUST01908,P001,Laptop,Electronics,Delhi,Store,Cash,3,65754.39,0.15,197263.17,167673.69,0,17810.98,2024,7,July,Saturday,197263.16999999998,167673.6945
2024-07-06,ORD038224,CUST01050,P015,Dining Table,Furniture,Chennai,Online,Net Banking,3,23577.84,0.1,70733.52,63660.17,0,9518.73,2024,7,July,Saturday,70733.52,63660.168000000005
2024-07-06,ORD003349,CUST04859,P019,Vacuum Cleaner,Home,Hyderabad,Online,UPI,1,8833.13,0.0,8833.13,8833.13,0,1059.93,2024,7,July,Saturday,8833.13,8833.13
2024-07-06,ORD002035,CUST02188,P015,Dining Table,Furniture,Jaipur,Online,Cash,2,23515.84,0.1,47031.68,42328.51,0,3791.0,2024,7,July,Saturday,47031.68,42328.512
2024-07-06,ORD033971,CUST03601,P019,Vacuum Cleaner,Home,Delhi,Online,Credit Card,1,9753.56,0.1,9753.56,8778.2,0,1962.98,2024,7,July,Saturday,9753.56,8778.204
2024-07-06,ORD047716,CUST02634,P010,Coffee Maker,Home,Hyderabad,Store,Net Banking,1,5890.69,0.15,5890.69,5007.09,0,407.11,2024,7,July,Saturday,5890.69,5007.086499999999
2024-07-06,ORD021650,CUST02258,P010,Coffee Maker,Home,Mumbai,Online,Credit Card,1,5661.2,0.1,5661.2,5095.08,0,375.45,2024,7,July,Saturday,5661.2,5095.08
2024-07-06,ORD012750,CUST01754,P009,T-Shirt,Fashion,Hyderabad,Online,UPI,2,1266.56,0.0,2533.12,2533.12,0,305.62,2024,7,July,Saturday,2533.12,2533.12
2024-07-06,ORD017637,CUST03889,P019,Vacuum Cleaner,Home,Surat,Online,UPI,1,8448.4,0.05,8448.4,8025.98,0,1543.51,2024,7,July,Saturday,8448.4,8025.98
2024-07-06,ORD042057,CUST04507,P003,Headphones,Electronics,Surat,Online,UPI,2,4148.29,0.2,8296.58,6637.26,0,1711.52,2024,7,July,Saturday,8296.58,6637.264
2024-07-06,ORD049994,CUST00900,P014,Keyboard,Electronics,Chennai,Online,UPI,1,2622.81,0.25,2622.81,1967.11,1,-98.36,2024,7,July,Saturday,2622.81,1967.1075
2024-07-06,ORD005262,CUST01840,P014,Keyboard,Electronics,Ahmedabad,Online,Debit Card,3,2569.77,0.0,7709.31,7709.31,0,1956.7,2024,7,July,Saturday,7709.3099999999995,7709.31
2024-07-06,ORD000103,CUST00131,P003,Headphones,Electronics,Delhi,Online,Credit Card,1,4083.31,0.15,4083.31,3470.81,0,349.17,2024,7,July,Saturday,4083.31,3470.8134999999997
2024-07-06,ORD015377,CUST02882,P015,Dining Table,Furniture,Ahmedabad,Store,UPI,2,20632.63,0.15,41265.26,35075.47,0,4479.14,2024,7,July,Saturday,41265.26,35075.471
2024-07-06,ORD000254,CUST04546,P006,Desk,Furniture,Surat,Online,UPI,1,12001.5,0.0,12001.5,12001.5,0,2827.06,2024,7,July,Saturday,12001.5,12001.5
2024-07-07,ORD048781,CUST04544,P005,Office Chair,Furniture,Ahmedabad,Online,Credit Card,2,9743.68,0.05,19487.36,18512.99,0,4895.82,2024,7,July,Sunday,19487.36,18512.992
2024-07-07,ORD020284,CUST00835,P010,Coffee Maker,Home,Mumbai,Store,Debit Card,1,5696.3,0.0,5696.3,5696.3,0,976.45,2024,7,July,Sunday,5696.3,5696.3
2024-07-07,ORD019639,CUST02312,P003,Headphones,Electronics,Mumbai,Online,UPI,1,4802.82,0.0,4802.82,4802.82,0,773.9,2024,7,July,Sunday,4802.82,4802.82
2024-07-07,ORD043593,CUST00340,P001,Laptop,Electronics,Kolkata,Online,Credit Card,1,66909.38,0.0,66909.38,66909.38,0,17697.99,2024,7,July,Sunday,66909.38,66909.38
2024-07-07,ORD005327,CUST01167,P001,Laptop,Electronics,Jaipur,Online,Debit Card,2,61397.73,0.25,122795.46,92096.6,0,21550.42,2024,7,July,Sunday,122795.46,92096.595
2024-07-07,ORD011526,CUST01844,P007,Backpack,Accessories,Bengaluru,Store,Cash,2,2163.58,0.0,4327.16,4327.16,0,1035.79,2024,7,July,Sunday,4327.16,4327.16
2024-07-07,ORD026520,CUST04874,P010,Coffee Maker,Home,Chennai,Online,Credit Card,4,5313.42,0.15,21253.68,18065.63,0,1546.24,2024,7,July,Sunday,21253.68,18065.628
2024-07-07,ORD047838,CUST03678,P006,Desk,Furniture,Ahmedabad,Online,UPI,1,11947.66,0.15,11947.66,10155.51,0,1207.63,2024,7,July,Sunday,11947.66,10155.511
2024-07-07,ORD025541,CUST03014,P016,Sofa,Furniture,Ahmedabad,Online,UPI,1,33446.92,0.05,33446.92,31774.57,0,5435.61,2024,7,July,Sunday,33446.92,31774.573999999997
2024-07-07,ORD040358,CUST02533,P007,Backpack,Accessories,Mumbai,Online,Credit Card,2,2360.03,0.0,4720.06,4720.06,0,491.23,2024,7,July,Sunday,4720.06,4720.06
2024-07-07,ORD039950,CUST00165,P012,Air Fryer,Home,Jaipur,Store,Debit Card,1,7726.14,0.0,7726.14,7726.14,0,1325.88,2024,7,July,Sunday,7726.14,7726.14
2024-07-07,ORD014613,CUST02494,P007,Backpack,Accessories,Mumbai,Store,Credit Card,2,2091.71,0.1,4183.42,3765.08,0,332.0,2024,7,July,Sunday,4183.42,3765.078
2024-07-07,ORD004228,CUST04155,P006,Desk,Furniture,Kolkata,Store,Debit Card,1,12031.68,0.05,12031.68,11430.1,0,1880.02,2024,7,July,Sunday,12031.68,11430.096
2024-07-07,ORD016549,CUST02069,P002,Smartphone,Electronics,Pune,Store,UPI,1,25468.57,0.05,25468.57,24195.14,0,2419.47,2024,7,July,Sunday,25468.57,24195.141499999998
2024-07-07,ORD038672,CUST04818,P005,Office Chair,Furniture,Mumbai,Online,UPI,3,9442.9,0.1,28328.7,25495.83,0,6699.45,2024,7,July,Sunday,28328.699999999997,25495.83
2024-07-07,ORD029459,CUST00720,P019,Vacuum Cleaner,Home,Pune,Online,Cash,1,9340.52,0.0,9340.52,9340.52,0,1394.52,2024,7,July,Sunday,9340.52,9340.52
2024-07-07,ORD002260,CUST02586,P013,Monitor,Electronics,Surat,Online,Credit Card,3,17287.48,0.0,51862.44,51862.44,0,9105.91,2024,7,July,Sunday,51862.44,51862.44
2024-07-07,ORD025485,CUST04356,P018,Jacket,Fashion,Kolkata,Online,UPI,4,5514.97,0.05,22059.88,20956.89,0,5157.95,2024,7,July,Sunday,22059.88,20956.886
2024-07-07,ORD048844,CUST01142,P004,Smartwatch,Electronics,Kolkata,Online,Cash,1,6306.97,0.0,6306.97,6306.97,0,626.88,2024,7,July,Sunday,6306.97,6306.97
2024-07-07,ORD007230,CUST00451,P006,Desk,Furniture,Bengaluru,Store,Cash,1,11054.98,0.05,11054.98,10502.23,0,1690.83,2024,7,July,Sunday,11054.98,10502.231
2024-07-07,ORD018145,CUST03212,P013,Monitor,Electronics,Jaipur,Online,Net Banking,2,16492.98,0.1,32985.96,29687.36,0,3110.42,2024,7,July,Sunday,32985.96,29687.364
2024-07-07,ORD008875,CUST02627,P003,Headphones,Electronics,Ahmedabad,Store,UPI,1,4569.26,0.25,4569.26,3426.94,0,255.78,2024,7,July,Sunday,4569.26,3426.945
2024-07-07,ORD027955,CUST02959,P003,Headphones,Electronics,Jaipur,Online,Debit Card,1,4306.92,0.25,4306.92,3230.19,0,516.81,2024,7,July,Sunday,4306.92,3230.19
2024-07-07,ORD022216,CUST02441,P011,Mixer Grinder,Home,Hyderabad,Store,Net Banking,3,4668.16,0.1,14004.48,12604.03,0,3413.76,2024,7,July,Sunday,14004.48,12604.032
2024-07-07,ORD041800,CUST01586,P013,Monitor,Electronics,Kolkata,Store,Cash,1,19742.03,0.15,19742.03,16780.73,0,1514.34,2024,7,July,Sunday,19742.03,16780.725499999997
2024-07-07,ORD035769,CUST02078,P018,Jacket,Fashion,Ahmedabad,Online,Net Banking,1,5666.25,0.1,5666.25,5099.62,0,550.06,2024,7,July,Sunday,5666.25,5099.625
2024-07-07,ORD027720,CUST00290,P018,Jacket,Fashion,Kolkata,Online,UPI,1,4971.88,0.15,4971.88,4226.1,0,600.62,2024,7,July,Sunday,4971.88,4226.098
2024-07-07,ORD047773,CUST03964,P018,Jacket,Fashion,Surat,Online,UPI,1,5602.28,0.15,5602.28,4761.94,0,844.07,2024,7,July,Sunday,5602.28,4761.938
2024-07-07,ORD018999,CUST02305,P002,Smartphone,Electronics,Surat,Online,Debit Card,1,26128.57,0.1,26128.57,23515.71,0,1487.55,2024,7,July,Sunday,26128.57,23515.713
2024-07-07,ORD025890,CUST02267,P016,Sofa,Furniture,Hyderabad,Store,Credit Card,1,32065.87,0.1,32065.87,28859.28,0,3991.93,2024,7,July,Sunday,32065.87,28859.283
2024-07-07,ORD010440,CUST02439,P018,Jacket,Fashion,Mumbai,Online,UPI,3,5587.72,0.05,16763.16,15925.0,0,4515.29,2024,7,July,Sunday,16763.16,15925.001999999999
2024-07-07,ORD015056,CUST04927,P019,Vacuum Cleaner,Home,Kolkata,Store,Cash,1,8113.8,0.2,8113.8,6491.04,0,937.42,2024,7,July,Sunday,8113.8,6491.040000000001
2024-07-07,ORD033936,CUST01532,P020,Microwave,Home,Bengaluru,Store,Credit Card,5,10350.17,0.2,51750.85,41400.68,0,3878.79,2024,7,July,Sunday,51750.85,41400.68
2024-07-07,ORD023773,CUST01414,P003,Headphones,Electronics,Chennai,Online,Net Banking,1,4478.76,0.0,4478.76,4478.76,0,1096.22,2024,7,July,Sunday,4478.76,4478.76
2024-07-07,ORD020117,CUST01119,P009,T-Shirt,Fashion,Bengaluru,Online,Cash,1,1292.64,0.05,1292.64,1228.01,0,217.17,2024,7,July,Sunday,1292.64,1228.008
2024-07-07,ORD024831,CUST01302,P018,Jacket,Fashion,Ahmedabad,Store,UPI,5,5642.21,0.05,28211.05,26800.5,0,7448.13,2024,7,July,Sunday,28211.05,26800.497499999998
2024-07-07,ORD038594,CUST03350,P019,Vacuum Cleaner,Home,Mumbai,Store,Credit Card,3,8724.68,0.05,26174.04,24865.34,0,4918.18,2024,7,July,Sunday,26174.04,24865.338
2024-07-07,ORD014472,CUST02282,P015,Dining Table,Furniture,Surat,Online,Credit Card,1,19954.91,0.1,19954.91,17959.42,0,1445.53,2024,7,July,Sunday,19954.91,17959.419
2024-07-07,ORD022514,CUST00018,P009,T-Shirt,Fashion,Delhi,Online,UPI,1,1204.32,0.05,1204.32,1144.1,0,286.1,2024,7,July,Sunday,1204.32,1144.1039999999998
2024-07-07,ORD017634,CUST01990,P019,Vacuum Cleaner,Home,Surat,Online,Net Banking,2,8875.84,0.0,17751.68,17751.68,0,3193.05,2024,7,July,Sunday,17751.68,17751.68
2024-07-07,ORD036727,CUST03307,P015,Dining Table,Furniture,Jaipur,Store,Net Banking,1,20692.42,0.05,20692.42,19657.8,0,3314.33,2024,7,July,Sunday,20692.42,19657.799
2024-07-07,ORD007445,CUST00340,P020,Microwave,Home,Mumbai,Online,Cash,1,11004.59,0.0,11004.59,11004.59,0,2170.05,2024,7,July,Sunday,11004.59,11004.59
2024-07-07,ORD022753,CUST04296,P002,Smartphone,Electronics,Ahmedabad,Online,UPI,2,29327.24,0.15,58654.48,49856.31,0,10381.19,2024,7,July,Sunday,58654.48,49856.308000000005
2024-07-07,ORD019103,CUST03074,P007,Backpack,Accessories,Bengaluru,Online,UPI,3,2116.99,0.15,6350.97,5398.32,0,531.46,2024,7,July,Sunday,6350.969999999999,5398.3245
2024-07-07,ORD030365,CUST02647,P017,Jeans,Fashion,Chennai,Online,Debit Card,1,2974.25,0.2,2974.25,2379.4,0,267.84,2024,7,July,Sunday,2974.25,2379.4
2024-07-07,ORD043669,CUST00537,P011,Mixer Grinder,Home,Hyderabad,Store,Credit Card,2,4410.77,0.1,8821.54,7939.39,0,1383.73,2024,7,July,Sunday,8821.54,7939.386000000001
2024-07-07,ORD025282,CUST04175,P005,Office Chair,Furniture,Jaipur,Online,UPI,1,9286.47,0.1,9286.47,8357.82,0,2045.38,2024,7,July,Sunday,9286.47,8357.823
2024-07-07,ORD012760,CUST00527,P011,Mixer Grinder,Home,Ahmedabad,Online,Credit Card,1,5033.02,0.05,5033.02,4781.37,0,1046.61,2024,7,July,Sunday,5033.02,4781.369000000001
2024-07-07,ORD017234,CUST02394,P007,Backpack,Accessories,Pune,Store,Debit Card,1,2169.92,0.05,2169.92,2061.42,0,544.53,2024,7,July,Sunday,2169.92,2061.424
2024-07-07,ORD036212,CUST02270,P003,Headphones,Electronics,Hyderabad,Store,Credit Card,5,4240.16,0.15,21200.8,18020.68,0,1336.36,2024,7,July,Sunday,21200.8,18020.68
2024-07-07,ORD008335,CUST01556,P014,Keyboard,Electronics,Jaipur,Online,UPI,2,2460.48,0.1,4920.96,4428.86,0,1087.54,2024,7,July,Sunday,4920.96,4428.8640000000005
2024-07-07,ORD016567,CUST00847,P017,Jeans,Fashion,Surat,Online,Credit Card,1,2627.5,0.15,2627.5,2233.38,0,335.95,2024,7,July,Sunday,2627.5,2233.375
2024-07-07,ORD014842,CUST02412,P009,T-Shirt,Fashion,Mumbai,Online,Credit Card,1,1179.5,0.0,1179.5,1179.5,0,257.52,2024,7,July,Sunday,1179.5,1179.5
2024-07-07,ORD022111,CUST02521,P009,T-Shirt,Fashion,Kolkata,Store,UPI,1,1092.31,0.2,1092.31,873.85,0,123.03,2024,7,July,Sunday,1092.31,873.848
2024-07-07,ORD015934,CUST02266,P017,Jeans,Fashion,Ahmedabad,Online,UPI,2,2913.7,0.1,5827.4,5244.66,0,810.34,2024,7,July,Sunday,5827.4,5244.66
2024-07-07,ORD021522,CUST04999,P003,Headphones,Electronics,Bengaluru,Online,Credit Card,1,4887.11,0.0,4887.11,4887.11,0,425.16,2024,7,July,Sunday,4887.11,4887.11
2024-07-07,ORD031934,CUST04007,P020,Microwave,Home,Hyderabad,Online,Cash,2,10166.44,0.2,20332.88,16266.3,0,1007.8,2024,7,July,Sunday,20332.88,16266.304000000002
2024-07-07,ORD029178,CUST01744,P015,Dining Table,Furniture,Mumbai,Store,UPI,1,19802.16,0.15,19802.16,16831.84,0,3381.01,2024,7,July,Sunday,19802.16,16831.836
2024-07-07,ORD048528,CUST02135,P006,Desk,Furniture,Chennai,Online,Cash,5,12741.37,0.05,63706.85,60521.51,1,-3026.08,2024,7,July,Sunday,63706.850000000006,60521.50749999999
2024-07-07,ORD012701,CUST02425,P011,Mixer Grinder,Home,Hyderabad,Store,UPI,1,4778.07,0.05,4778.07,4539.17,0,672.21,2024,7,July,Sunday,4778.07,4539.166499999999
2024-07-07,ORD012168,CUST02413,P018,Jacket,Fashion,Hyderabad,Online,Credit Card,1,5327.55,0.1,5327.55,4794.8,0,608.0,2024,7,July,Sunday,5327.55,4794.795
2024-07-07,ORD010565,CUST01367,P019,Vacuum Cleaner,Home,Bengaluru,Store,Credit Card,1,8856.71,0.05,8856.71,8413.87,0,2329.25,2024,7,July,Sunday,8856.71,8413.874499999998
2024-07-07,ORD047900,CUST00313,P007,Backpack,Accessories,Surat,Store,Credit Card,1,2389.18,0.05,2389.18,2269.72,0,215.85,2024,7,July,Sunday,2389.18,2269.7209999999995
2024-07-07,ORD021687,CUST02442,P010,Coffee Maker,Home,Hyderabad,Store,Credit Card,1,5274.25,0.0,5274.25,5274.25,0,1454.53,2024,7,July,Sunday,5274.25,5274.25
2024-07-07,ORD013482,CUST04184,P003,Headphones,Electronics,Jaipur,Online,UPI,1,4373.39,0.15,4373.39,3717.38,0,552.04,2024,7,July,Sunday,4373.39,3717.3815
2024-07-07,ORD042243,CUST02677,P016,Sofa,Furniture,Pune,Online,Credit Card,1,36168.79,0.1,36168.79,32551.91,0,5017.1,2024,7,July,Sunday,36168.79,32551.911
2024-07-07,ORD011957,CUST03075,P009,T-Shirt,Fashion,Bengaluru,Online,Credit Card,2,1319.69,0.05,2639.38,2507.41,0,712.21,2024,7,July,Sunday,2639.38,2507.411
2024-07-07,ORD023420,CUST02366,P001,Laptop,Electronics,Surat,Online,Credit Card,1,61500.08,0.0,61500.08,61500.08,0,7381.49,2024,7,July,Sunday,61500.08,61500.08
2024-07-07,ORD006192,CUST03506,P006,Desk,Furniture,Delhi,Online,Credit Card,1,11423.55,0.1,11423.55,10281.2,0,1276.93,2024,7,July,Sunday,11423.55,10281.195
2024-07-08,ORD013492,CUST01881,P010,Coffee Maker,Home,Hyderabad,Store,Debit Card,1,6040.92,0.0,6040.92,6040.92,0,1384.95,2024,7,July,Monday,6040.92,6040.92
2024-07-08,ORD028212,CUST03668,P016,Sofa,Furniture,Delhi,Store,Credit Card,1,33242.27,0.05,33242.27,31580.16,0,5386.32,2024,7,July,Monday,33242.27,31580.156499999994
2024-07-08,ORD025745,CUST01926,P009,T-Shirt,Fashion,Pune,Online,UPI,4,1209.1,0.1,4836.4,4352.76,0,893.31,2024,7,July,Monday,4836.4,4352.76
2024-07-08,ORD045792,CUST01551,P013,Monitor,Electronics,Chennai,Online,Credit Card,1,16379.52,0.05,16379.52,15560.54,0,1677.74,2024,7,July,Monday,16379.52,15560.544
2024-07-08,ORD046390,CUST00799,P017,Jeans,Fashion,Surat,Store,UPI,3,2616.93,0.0,7850.79,7850.79,0,1699.57,2024,7,July,Monday,7850.789999999999,7850.79
2024-07-08,ORD043536,CUST00600,P001,Laptop,Electronics,Hyderabad,Store,UPI,2,62956.76,0.1,125913.52,113322.17,0,25917.76,2024,7,July,Monday,125913.52,113322.168
2024-07-08,ORD049864,CUST02814,P002,Smartphone,Electronics,Delhi,Online,Credit Card,1,26599.45,0.2,26599.45,21279.56,0,2929.13,2024,7,July,Monday,26599.45,21279.56
2024-07-08,ORD045686,CUST01220,P019,Vacuum Cleaner,Home,Chennai,Store,UPI,1,8431.08,0.1,8431.08,7587.97,0,1991.08,2024,7,July,Monday,8431.08,7587.972
2024-07-08,ORD028985,CUST04550,P019,Vacuum Cleaner,Home,Delhi,Online,UPI,1,8966.48,0.0,8966.48,8966.48,0,1634.1,2024,7,July,Monday,8966.48,8966.48
2024-07-08,ORD017510,CUST04604,P009,T-Shirt,Fashion,Jaipur,Store,Debit Card,1,1205.05,0.15,1205.05,1024.29,0,224.33,2024,7,July,Monday,1205.05,1024.2925
2024-07-08,ORD041990,CUST02871,P003,Headphones,Electronics,Delhi,Online,Credit Card,3,4191.45,0.15,12574.35,10688.2,0,2155.2,2024,7,July,Monday,12574.349999999999,10688.1975
2024-07-08,ORD047675,CUST01986,P007,Backpack,Accessories,Delhi,Store,UPI,2,2349.42,0.2,4698.84,3759.07,0,668.78,2024,7,July,Monday,4698.84,3759.072
2024-07-08,ORD015376,CUST03544,P006,Desk,Furniture,Mumbai,Store,UPI,1,13123.05,0.1,13123.05,11810.74,0,2524.69,2024,7,July,Monday,13123.05,11810.744999999999
2024-07-08,ORD006857,CUST00952,P002,Smartphone,Electronics,Chennai,Online,Credit Card,3,30682.38,0.1,92047.14,82842.43,0,5465.63,2024,7,July,Monday,92047.14,82842.426
2024-07-08,ORD029303,CUST02777,P003,Headphones,Electronics,Chennai,Online,Debit Card,1,4669.04,0.1,4669.04,4202.14,0,707.48,2024,7,July,Monday,4669.04,4202.136
2024-07-08,ORD042887,CUST04208,P020,Microwave,Home,Surat,Online,Credit Card,1,10745.62,0.15,10745.62,9133.78,0,1352.41,2024,7,July,Monday,10745.62,9133.777
2024-07-08,ORD024209,CUST01858,P009,T-Shirt,Fashion,Kolkata,Store,UPI,1,1132.0,0.1,1132.0,1018.8,0,134.25,2024,7,July,Monday,1132.0,1018.8000000000001
2024-07-08,ORD047767,CUST03092,P005,Office Chair,Furniture,Hyderabad,Store,UPI,2,10074.83,0.15,20149.66,17127.21,0,3451.0,2024,7,July,Monday,20149.66,17127.211
2024-07-08,ORD013614,CUST01099,P013,Monitor,Electronics,Surat,Online,UPI,1,16769.28,0.05,16769.28,15930.82,0,4443.92,2024,7,July,Monday,16769.28,15930.815999999999
2024-07-08,ORD010251,CUST03258,P006,Desk,Furniture,Ahmedabad,Online,UPI,2,13028.35,0.1,26056.7,23451.03,0,1928.17,2024,7,July,Monday,26056.7,23451.030000000002
2024-07-08,ORD028593,CUST03603,P014,Keyboard,Electronics,Ahmedabad,Online,UPI,4,2408.58,0.1,9634.32,8670.89,0,1713.06,2024,7,July,Monday,9634.32,8670.888
2024-07-08,ORD025167,CUST01786,P018,Jacket,Fashion,Pune,Online,UPI,1,4904.2,0.1,4904.2,4413.78,0,849.91,2024,7,July,Monday,4904.2,4413.78
2024-07-08,ORD033333,CUST00508,P012,Air Fryer,Home,Pune,Store,UPI,2,6882.3,0.1,13764.6,12388.14,0,1905.74,2024,7,July,Monday,13764.6,12388.140000000001
2024-07-08,ORD019470,CUST01281,P001,Laptop,Electronics,Jaipur,Store,Credit Card,1,62081.97,0.0,62081.97,62081.97,1,-3104.1,2024,7,July,Monday,62081.97,62081.97
2024-07-08,ORD011283,CUST03723,P012,Air Fryer,Home,Bengaluru,Online,UPI,2,7359.79,0.1,14719.58,13247.62,0,3003.57,2024,7,July,Monday,14719.58,13247.622
2024-07-08,ORD038048,CUST01025,P014,Keyboard,Electronics,Pune,Store,Net Banking,1,2441.42,0.15,2441.42,2075.21,0,160.3,2024,7,July,Monday,2441.42,2075.207
2024-07-08,ORD012704,CUST01909,P014,Keyboard,Electronics,Kolkata,Store,Credit Card,1,2714.59,0.25,2714.59,2035.94,0,145.83,2024,7,July,Monday,2714.59,2035.9425
2024-07-08,ORD036472,CUST03182,P019,Vacuum Cleaner,Home,Ahmedabad,Store,UPI,1,9796.98,0.05,9796.98,9307.13,0,1985.95,2024,7,July,Monday,9796.98,9307.131
2024-07-08,ORD005197,CUST00963,P005,Office Chair,Furniture,Bengaluru,Online,UPI,1,9245.22,0.1,9245.22,8320.7,0,1336.96,2024,7,July,Monday,9245.22,8320.698
2024-07-08,ORD039411,CUST00741,P020,Microwave,Home,Delhi,Online,Net Banking,1,11585.98,0.0,11585.98,11585.98,0,1878.9,2024,7,July,Monday,11585.98,11585.98
2024-07-08,ORD005704,CUST04108,P012,Air Fryer,Home,Mumbai,Online,Debit Card,1,7073.5,0.1,7073.5,6366.15,0,1455.41,2024,7,July,Monday,7073.5,6366.150000000001
2024-07-08,ORD030792,CUST02127,P014,Keyboard,Electronics,Surat,Online,UPI,1,2617.56,0.1,2617.56,2355.8,0,382.64,2024,7,July,Monday,2617.56,2355.804
2024-07-08,ORD011885,CUST02334,P002,Smartphone,Electronics,Ahmedabad,Online,UPI,1,26874.31,0.2,26874.31,21499.45,0,4851.8,2024,7,July,Monday,26874.31,21499.448000000004
2024-07-08,ORD026165,CUST01786,P020,Microwave,Home,Delhi,Online,Debit Card,1,11992.46,0.2,11992.46,9593.97,0,1643.4,2024,7,July,Monday,11992.46,9593.967999999999
2024-07-08,ORD005686,CUST01637,P013,Monitor,Electronics,Surat,Online,Net Banking,1,16678.03,0.0,16678.03,16678.03,1,-833.9,2024,7,July,Monday,16678.03,16678.03
2024-07-08,ORD021865,CUST01807,P011,Mixer Grinder,Home,Delhi,Online,Debit Card,1,5126.11,0.0,5126.11,5126.11,0,450.01,2024,7,July,Monday,5126.11,5126.11
2024-07-08,ORD003980,CUST02200,P014,Keyboard,Electronics,Kolkata,Store,Cash,1,2513.9,0.05,2513.9,2388.2,0,688.32,2024,7,July,Monday,2513.9,2388.205
2024-07-08,ORD014160,CUST04604,P003,Headphones,Electronics,Ahmedabad,Online,UPI,4,4809.32,0.1,19237.28,17313.55,1,-865.68,2024,7,July,Monday,19237.28,17313.552
2024-07-08,ORD011466,CUST00206,P015,Dining Table,Furniture,Hyderabad,Online,Debit Card,1,24072.22,0.1,24072.22,21665.0,0,5084.62,2024,7,July,Monday,24072.22,21664.998000000003
2024-07-08,ORD039046,CUST03095,P014,Keyboard,Electronics,Delhi,Online,Debit Card,1,2489.08,0.1,2489.08,2240.17,0,625.46,2024,7,July,Monday,2489.08,2240.172
2024-07-08,ORD019642,CUST03662,P004,Smartwatch,Electronics,Chennai,Store,UPI,1,6647.44,0.0,6647.44,6647.44,0,860.8,2024,7,July,Monday,6647.44,6647.44
2024-07-08,ORD040767,CUST01586,P001,Laptop,Electronics,Chennai,Online,Credit Card,1,69411.31,0.05,69411.31,65940.74,0,15530.81,2024,7,July,Monday,69411.31,65940.7445
2024-07-08,ORD022402,CUST04541,P001,Laptop,Electronics,Mumbai,Online,UPI,1,60040.35,0.1,60040.35,54036.32,0,3352.68,2024,7,July,Monday,60040.35,54036.315
2024-07-08,ORD007670,CUST02743,P011,Mixer Grinder,Home,Hyderabad,Store,Debit Card,1,4506.75,0.25,4506.75,3380.06,0,297.03,2024,7,July,Monday,4506.75,3380.0625
2024-07-08,ORD046074,CUST03919,P010,Coffee Maker,Home,Hyderabad,Online,UPI,1,5965.75,0.15,5965.75,5070.89,0,1249.21,2024,7,July,Monday,5965.75,5070.8875
2024-07-08,ORD022734,CUST02075,P016,Sofa,Furniture,Kolkata,Online,UPI,2,34627.94,0.0,69255.88,69255.88,0,12308.9,2024,7,July,Monday,69255.88,69255.88
2024-07-08,ORD031789,CUST03190,P020,Microwave,Home,Hyderabad,Store,Net Banking,1,11904.25,0.15,11904.25,10118.61,0,1470.91,2024,7,July,Monday,11904.25,10118.6125
2024-07-08,ORD044594,CUST02746,P014,Keyboard,Electronics,Pune,Online,UPI,1,2609.73,0.05,2609.73,2479.24,0,596.18,2024,7,July,Monday,2609.73,2479.2435
2024-07-08,ORD047077,CUST00051,P016,Sofa,Furniture,Chennai,Store,Net Banking,1,36952.87,0.05,36952.87,35105.23,0,5060.48,2024,7,July,Monday,36952.87,35105.226500000004
2024-07-08,ORD030484,CUST03062,P003,Headphones,Electronics,Jaipur,Store,UPI,1,4765.75,0.1,4765.75,4289.18,0,555.29,2024,7,July,Monday,4765.75,4289.175
2024-07-08,ORD012061,CUST02448,P009,T-Shirt,Fashion,Ahmedabad,Store,Credit Card,1,1147.16,0.05,1147.16,1089.8,0,93.08,2024,7,July,Monday,1147.16,1089.8020000000001
2024-07-08,ORD038577,CUST01185,P003,Headphones,Electronics,Surat,Online,UPI,1,4537.31,0.05,4537.31,4310.44,0,525.34,2024,7,July,Monday,4537.31,4310.4445000000005
2024-07-08,ORD030456,CUST01788,P007,Backpack,Accessories,Bengaluru,Store,Net Banking,2,2416.57,0.05,4833.14,4591.48,0,424.5,2024,7,July,Monday,4833.14,4591.483
2024-07-08,ORD012114,CUST00347,P019,Vacuum Cleaner,Home,Mumbai,Store,Debit Card,2,8918.94,0.2,17837.88,14270.3,0,1712.56,2024,7,July,Monday,17837.88,14270.304000000002
2024-07-08,ORD008403,CUST02701,P015,Dining Table,Furniture,Hyderabad,Store,Cash,2,21422.54,0.2,42845.08,34276.06,0,6016.04,2024,7,July,Monday,42845.08,34276.064000000006
2024-07-08,ORD032816,CUST00210,P011,Mixer Grinder,Home,Mumbai,Online,Net Banking,2,4524.15,0.05,9048.3,8595.88,0,1381.99,2024,7,July,Monday,9048.3,8595.884999999998
2024-07-08,ORD039256,CUST02827,P009,T-Shirt,Fashion,Surat,Online,Credit Card,1,1205.97,0.15,1205.97,1025.07,0,194.94,2024,7,July,Monday,1205.97,1025.0745
2024-07-08,ORD023841,CUST04460,P002,Smartphone,Electronics,Pune,Store,Cash,1,25252.47,0.0,25252.47,25252.47,1,-1262.62,2024,7,July,Monday,25252.47,25252.47
2024-07-08,ORD007985,CUST02263,P018,Jacket,Fashion,Pune,Store,Credit Card,3,5112.26,0.05,15336.78,14569.94,0,3231.0,2024,7,July,Monday,15336.78,14569.941
2024-07-08,ORD007960,CUST01386,P010,Coffee Maker,Home,Kolkata,Store,Net Banking,2,5013.4,0.05,10026.8,9525.46,0,1512.84,2024,7,July,Monday,10026.8,9525.46
2024-07-08,ORD026323,CUST02302,P020,Microwave,Home,Jaipur,Store,Credit Card,1,11716.58,0.15,11716.58,9959.09,0,826.32,2024,7,July,Monday,11716.58,9959.092999999999
2024-07-08,ORD039782,CUST02847,P017,Jeans,Fashion,Jaipur,Online,Credit Card,3,2888.16,0.05,8664.48,8231.26,1,-411.56,2024,7,July,Monday,8664.48,8231.256
2024-07-09,ORD018344,CUST04428,P006,Desk,Furniture,Chennai,Store,UPI,1,11981.32,0.05,11981.32,11382.25,0,3124.13,2024,7,July,Tuesday,11981.32,11382.253999999999
2024-07-09,ORD024510,CUST01247,P007,Backpack,Accessories,Ahmedabad,Store,Cash,1,2237.99,0.0,2237.99,2237.99,0,358.36,2024,7,July,Tuesday,2237.99,2237.99
2024-07-09,ORD006197,CUST03133,P007,Backpack,Accessories,Pune,Store,Debit Card,1,2010.22,0.25,2010.22,1507.66,0,155.9,2024,7,July,Tuesday,2010.22,1507.665
2024-07-09,ORD040782,CUST00130,P002,Smartphone,Electronics,Delhi,Store,Net Banking,1,25758.69,0.05,25758.69,24470.76,0,3489.97,2024,7,July,Tuesday,25758.69,24470.7555
2024-07-09,ORD042635,CUST01515,P015,Dining Table,Furniture,Chennai,Online,Cash,1,20556.72,0.1,20556.72,18501.05,0,2766.56,2024,7,July,Tuesday,20556.72,18501.048000000003
2024-07-09,ORD040753,CUST00689,P014,Keyboard,Electronics,Jaipur,Online,Net Banking,4,2531.43,0.15,10125.72,8606.86,0,1303.33,2024,7,July,Tuesday,10125.72,8606.862
2024-07-09,ORD014057,CUST00822,P010,Coffee Maker,Home,Hyderabad,Online,UPI,1,5088.05,0.05,5088.05,4833.65,0,879.72,2024,7,July,Tuesday,5088.05,4833.6475
2024-07-09,ORD025678,CUST04885,P012,Air Fryer,Home,Delhi,Online,Credit Card,1,7789.99,0.05,7789.99,7400.49,0,824.39,2024,7,July,Tuesday,7789.99,7400.4905
2024-07-09,ORD044984,CUST03114,P002,Smartphone,Electronics,Kolkata,Store,UPI,1,26594.15,0.2,26594.15,21275.32,0,1968.82,2024,7,July,Tuesday,26594.15,21275.320000000003
2024-07-09,ORD045541,CUST04969,P017,Jeans,Fashion,Ahmedabad,Online,UPI,1,2723.51,0.0,2723.51,2723.51,0,495.33,2024,7,July,Tuesday,2723.51,2723.51
2024-07-09,ORD039063,CUST02578,P004,Smartwatch,Electronics,Mumbai,Online,Cash,3,6985.3,0.15,20955.9,17812.52,0,4639.89,2024,7,July,Tuesday,20955.9,17812.515
2024-07-09,ORD039069,CUST01471,P016,Sofa,Furniture,Bengaluru,Store,Debit Card,1,36880.24,0.0,36880.24,36880.24,0,6893.68,2024,7,July,Tuesday,36880.24,36880.24
2024-07-09,ORD030918,CUST02496,P006,Desk,Furniture,Mumbai,Online,UPI,1,12025.18,0.05,12025.18,11423.92,0,1749.26,2024,7,July,Tuesday,12025.18,11423.921
2024-07-09,ORD023634,CUST00987,P007,Backpack,Accessories,Ahmedabad,Online,UPI,1,2039.68,0.15,2039.68,1733.73,0,114.95,2024,7,July,Tuesday,2039.68,1733.728
2024-07-09,ORD035329,CUST02380,P009,T-Shirt,Fashion,Kolkata,Store,Debit Card,2,1273.86,0.1,2547.72,2292.95,0,483.96,2024,7,July,Tuesday,2547.72,2292.948
2024-07-09,ORD037574,CUST03317,P009,T-Shirt,Fashion,Delhi,Online,Credit Card,4,1274.46,0.0,5097.84,5097.84,0,955.69,2024,7,July,Tuesday,5097.84,5097.84
2024-07-09,ORD019128,CUST03805,P002,Smartphone,Electronics,Hyderabad,Online,Cash,1,25408.27,0.1,25408.27,22867.44,0,4314.88,2024,7,July,Tuesday,25408.27,22867.443
2024-07-09,ORD023718,CUST04086,P020,Microwave,Home,Ahmedabad,Store,Credit Card,2,10926.08,0.0,21852.16,21852.16,0,4474.78,2024,7,July,Tuesday,21852.16,21852.16
2024-07-09,ORD013193,CUST00629,P019,Vacuum Cleaner,Home,Kolkata,Store,Net Banking,2,8198.49,0.05,16396.98,15577.13,0,2571.71,2024,7,July,Tuesday,16396.98,15577.131
2024-07-09,ORD029799,CUST03486,P012,Air Fryer,Home,Ahmedabad,Online,Net Banking,5,7523.45,0.1,37617.25,33855.52,0,5498.24,2024,7,July,Tuesday,37617.25,33855.525
2024-07-09,ORD030531,CUST02144,P011,Mixer Grinder,Home,Jaipur,Store,UPI,5,4744.22,0.0,23721.1,23721.1,0,4322.72,2024,7,July,Tuesday,23721.100000000002,23721.1
2024-07-09,ORD045150,CUST02960,P020,Microwave,Home,Mumbai,Online,UPI,1,10622.88,0.1,10622.88,9560.59,0,2086.05,2024,7,July,Tuesday,10622.88,9560.591999999999
2024-07-09,ORD038575,CUST03901,P008,Running Shoes,Fashion,Jaipur,Online,UPI,2,4113.15,0.1,8226.3,7403.67,0,1627.53,2024,7,July,Tuesday,8226.3,7403.669999999999
2024-07-09,ORD018466,CUST03879,P006,Desk,Furniture,Chennai,Online,Credit Card,4,12168.1,0.1,48672.4,43805.16,0,6708.83,2024,7,July,Tuesday,48672.4,43805.16
2024-07-09,ORD049766,CUST02322,P016,Sofa,Furniture,Jaipur,Online,UPI,1,31918.49,0.05,31918.49,30322.57,0,6060.01,2024,7,July,Tuesday,31918.49,30322.5655
2024-07-09,ORD001824,CUST01748,P007,Backpack,Accessories,Jaipur,Online,Credit Card,1,2158.41,0.15,2158.41,1834.65,0,402.46,2024,7,July,Tuesday,2158.41,1834.6484999999998
2024-07-09,ORD044624,CUST01464,P008,Running Shoes,Fashion,Chennai,Store,UPI,1,4470.98,0.0,4470.98,4470.98,0,906.64,2024,7,July,Tuesday,4470.98,4470.98
2024-07-09,ORD037423,CUST02207,P015,Dining Table,Furniture,Kolkata,Online,Cash,1,23392.81,0.1,23392.81,21053.53,0,2361.26,2024,7,July,Tuesday,23392.81,21053.529000000002
2024-07-09,ORD010349,CUST03838,P008,Running Shoes,Fashion,Pune,Store,UPI,1,3973.98,0.05,3973.98,3775.28,0,546.77,2024,7,July,Tuesday,3973.98,3775.281
2024-07-09,ORD019291,CUST03874,P006,Desk,Furniture,Chennai,Online,UPI,1,11999.97,0.25,11999.97,8999.98,0,1585.85,2024,7,July,Tuesday,11999.97,8999.977499999999
2024-07-09,ORD002895,CUST01211,P004,Smartwatch,Electronics,Ahmedabad,Online,UPI,2,7234.87,0.0,14469.74,14469.74,0,3809.99,2024,7,July,Tuesday,14469.74,14469.74
2024-07-09,ORD033598,CUST03906,P011,Mixer Grinder,Home,Pune,Store,Credit Card,1,4397.05,0.1,4397.05,3957.34,0,728.01,2024,7,July,Tuesday,4397.05,3957.3450000000003
2024-07-09,ORD017934,CUST01076,P004,Smartwatch,Electronics,Bengaluru,Online,Credit Card,5,6701.92,0.1,33509.6,30158.64,0,7189.74,2024,7,July,Tuesday,33509.6,30158.64
2024-07-09,ORD041665,CUST04941,P014,Keyboard,Electronics,Chennai,Online,Cash,3,2619.67,0.0,7859.01,7859.01,0,730.51,2024,7,July,Tuesday,7859.01,7859.01
2024-07-09,ORD038465,CUST01841,P001,Laptop,Electronics,Jaipur,Store,Credit Card,1,58984.56,0.05,58984.56,56035.33,0,9985.58,2024,7,July,Tuesday,58984.56,56035.331999999995
2024-07-09,ORD000292,CUST01753,P017,Jeans,Fashion,Mumbai,Online,Net Banking,2,2920.08,0.05,5840.16,5548.15,0,513.5,2024,7,July,Tuesday,5840.16,5548.152
2024-07-09,ORD043645,CUST01668,P020,Microwave,Home,Pune,Store,UPI,2,11028.44,0.1,22056.88,19851.19,0,3541.73,2024,7,July,Tuesday,22056.88,19851.192000000003
2024-07-09,ORD032970,CUST02306,P005,Office Chair,Furniture,Surat,Online,Debit Card,1,9480.34,0.2,9480.34,7584.27,0,432.45,2024,7,July,Tuesday,9480.34,7584.272000000001
2024-07-09,ORD027151,CUST01220,P006,Desk,Furniture,Kolkata,Online,UPI,1,11254.29,0.0,11254.29,11254.29,0,1662.23,2024,7,July,Tuesday,11254.29,11254.29
2024-07-09,ORD049246,CUST01884,P003,Headphones,Electronics,Jaipur,Online,UPI,1,4638.17,0.05,4638.17,4406.26,0,965.12,2024,7,July,Tuesday,4638.17,4406.2615
2024-07-09,ORD021651,CUST03070,P020,Microwave,Home,Mumbai,Online,Credit Card,2,11205.18,0.05,22410.36,21289.84,0,2527.43,2024,7,July,Tuesday,22410.36,21289.842
2024-07-09,ORD042736,CUST01284,P016,Sofa,Furniture,Chennai,Online,Net Banking,1,33740.57,0.0,33740.57,33740.57,1,-1687.03,2024,7,July,Tuesday,33740.57,33740.57
2024-07-09,ORD037598,CUST00945,P020,Microwave,Home,Ahmedabad,Store,Credit Card,1,11886.79,0.1,11886.79,10698.11,0,1826.5,2024,7,July,Tuesday,11886.79,10698.111
2024-07-09,ORD002975,CUST03022,P004,Smartwatch,Electronics,Bengaluru,Store,Net Banking,1,6900.15,0.1,6900.15,6210.14,0,587.21,2024,7,July,Tuesday,6900.15,6210.135
2024-07-09,ORD034341,CUST04779,P015,Dining Table,Furniture,Surat,Store,UPI,1,21957.51,0.15,21957.51,18663.88,0,2167.38,2024,7,July,Tuesday,21957.51,18663.8835
2024-07-09,ORD028243,CUST02662,P008,Running Shoes,Fashion,Hyderabad,Online,UPI,1,4103.11,0.0,4103.11,4103.11,0,352.02,2024,7,July,Tuesday,4103.11,4103.11
2024-07-09,ORD044864,CUST04677,P009,T-Shirt,Fashion,Bengaluru,Store,UPI,1,1196.51,0.25,1196.51,897.38,0,125.49,2024,7,July,Tuesday,1196.51,897.3824999999999
2024-07-09,ORD045812,CUST04798,P012,Air Fryer,Home,Ahmedabad,Online,Credit Card,2,7838.39,0.15,15676.78,13325.26,0,1630.57,2024,7,July,Tuesday,15676.78,13325.263
2024-07-09,ORD018174,CUST03129,P013,Monitor,Electronics,Hyderabad,Online,Net Banking,1,17227.32,0.0,17227.32,17227.32,0,3908.91,2024,7,July,Tuesday,17227.32,17227.32
2024-07-09,ORD049185,CUST03803,P014,Keyboard,Electronics,Kolkata,Online,Credit Card,1,2560.03,0.1,2560.03,2304.03,0,575.13,2024,7,July,Tuesday,2560.03,2304.027
2024-07-09,ORD046173,CUST01379,P019,Vacuum Cleaner,Home,Surat,Store,Net Banking,2,8577.62,0.25,17155.24,12866.43,0,2871.51,2024,7,July,Tuesday,17155.24,12866.43
2024-07-09,ORD031299,CUST04445,P014,Keyboard,Electronics,Hyderabad,Store,Credit Card,4,2275.51,0.15,9102.04,7736.73,0,1510.74,2024,7,July,Tuesday,9102.04,7736.734
2024-07-09,ORD020577,CUST02588,P010,Coffee Maker,Home,Mumbai,Store,Net Banking,1,5855.26,0.05,5855.26,5562.5,0,1011.27,2024,7,July,Tuesday,5855.26,5562.497
2024-07-09,ORD019013,CUST01746,P009,T-Shirt,Fashion,Chennai,Store,UPI,4,1166.7,0.05,4666.8,4433.46,0,761.04,2024,7,July,Tuesday,4666.8,4433.46
2024-07-09,ORD010428,CUST04431,P010,Coffee Maker,Home,Chennai,Online,UPI,1,5564.4,0.05,5564.4,5286.18,0,479.13,2024,7,July,Tuesday,5564.4,5286.179999999999
2024-07-09,ORD001286,CUST00461,P012,Air Fryer,Home,Pune,Store,Net Banking,2,6834.38,0.05,13668.76,12985.32,0,2102.59,2024,7,July,Tuesday,13668.76,12985.322
2024-07-09,ORD032100,CUST01722,P001,Laptop,Electronics,Chennai,Online,Credit Card,1,67511.65,0.1,67511.65,60760.48,0,15506.27,2024,7,July,Tuesday,67511.65,60760.48499999999
2024-07-09,ORD047195,CUST03627,P011,Mixer Grinder,Home,Surat,Store,Credit Card,1,4886.72,0.2,4886.72,3909.38,0,659.73,2024,7,July,Tuesday,4886.72,3909.376
2024-07-09,ORD025401,CUST03247,P008,Running Shoes,Fashion,Ahmedabad,Store,Net Banking,1,4586.61,0.0,4586.61,4586.61,0,604.06,2024,7,July,Tuesday,4586.61,4586.61
2024-07-09,ORD015958,CUST01178,P009,T-Shirt,Fashion,Mumbai,Online,UPI,1,1168.41,0.2,1168.41,934.73,0,228.26,2024,7,July,Tuesday,1168.41,934.7280000000001
2024-07-09,ORD034778,CUST00974,P004,Smartwatch,Electronics,Ahmedabad,Online,Credit Card,1,7478.15,0.0,7478.15,7478.15,0,657.64,2024,7,July,Tuesday,7478.15,7478.15
2024-07-09,ORD023594,CUST00735,P017,Jeans,Fashion,Kolkata,Online,Debit Card,2,2804.28,0.15,5608.56,4767.28,0,668.45,2024,7,July,Tuesday,5608.56,4767.276
2024-07-09,ORD035295,CUST03456,P002,Smartphone,Electronics,Chennai,Online,Cash,1,30400.17,0.1,30400.17,27360.15,0,3142.18,2024,7,July,Tuesday,30400.17,27360.153
2024-07-09,ORD010649,CUST04952,P002,Smartphone,Electronics,Ahmedabad,Store,UPI,2,28014.36,0.15,56028.72,47624.41,1,-2381.22,2024,7,July,Tuesday,56028.72,47624.412
2024-07-09,ORD036683,CUST04916,P008,Running Shoes,Fashion,Chennai,Online,Credit Card,1,4023.93,0.1,4023.93,3621.54,0,845.17,2024,7,July,Tuesday,4023.93,3621.537
2024-07-09,ORD028058,CUST02141,P011,Mixer Grinder,Home,Delhi,Online,Net Banking,1,4626.28,0.1,4626.28,4163.65,0,393.08,2024,7,July,Tuesday,4626.28,4163.652
2024-07-09,ORD023622,CUST04266,P016,Sofa,Furniture,Delhi,Store,UPI,1,31859.64,0.1,31859.64,28673.68,0,4844.23,2024,7,July,Tuesday,31859.64,28673.676
2024-07-09,ORD013066,CUST02086,P012,Air Fryer,Home,Bengaluru,Online,Debit Card,2,7391.67,0.1,14783.34,13305.01,0,1445.97,2024,7,July,Tuesday,14783.34,13305.006000000001
2024-07-09,ORD039312,CUST01940,P020,Microwave,Home,Chennai,Store,UPI,1,11848.19,0.1,11848.19,10663.37,0,925.84,2024,7,July,Tuesday,11848.19,10663.371000000001
2024-07-09,ORD046434,CUST02519,P009,T-Shirt,Fashion,Delhi,Online,Cash,1,1297.7,0.2,1297.7,1038.16,0,179.61,2024,7,July,Tuesday,1297.7,1038.16
2024-07-09,ORD005636,CUST03643,P004,Smartwatch,Electronics,Hyderabad,Online,Credit Card,2,6440.29,0.15,12880.58,10948.49,0,1712.13,2024,7,July,Tuesday,12880.58,10948.493
2024-07-09,ORD003475,CUST01825,P009,T-Shirt,Fashion,Surat,Online,Debit Card,5,1200.41,0.05,6002.05,5701.95,0,1197.47,2024,7,July,Tuesday,6002.05,5701.9475
2024-07-09,ORD010945,CUST03518,P020,Microwave,Home,Surat,Online,UPI,2,11065.45,0.0,22130.9,22130.9,0,2278.44,2024,7,July,Tuesday,22130.9,22130.9
2024-07-09,ORD011836,CUST00577,P019,Vacuum Cleaner,Home,Delhi,Online,Net Banking,1,9657.56,0.15,9657.56,8208.93,0,2027.18,2024,7,July,Tuesday,9657.56,8208.926
2024-07-09,ORD006595,CUST03669,P017,Jeans,Fashion,Surat,Online,UPI,2,2571.47,0.15,5142.94,4371.5,0,896.98,2024,7,July,Tuesday,5142.94,4371.499
2024-07-10,ORD008236,CUST04301,P020,Microwave,Home,Ahmedabad,Online,UPI,1,10665.88,0.0,10665.88,10665.88,0,1437.44,2024,7,July,Wednesday,10665.88,10665.88
2024-07-10,ORD014253,CUST02863,P001,Laptop,Electronics,Pune,Online,Debit Card,5,59729.62,0.15,298648.1,253850.88,0,24562.63,2024,7,July,Wednesday,298648.10000000003,253850.88499999998
2024-07-10,ORD014532,CUST04503,P013,Monitor,Electronics,Hyderabad,Online,Credit Card,1,16707.44,0.05,16707.44,15872.07,0,2977.23,2024,7,July,Wednesday,16707.44,15872.067999999997
2024-07-10,ORD020248,CUST00718,P004,Smartwatch,Electronics,Hyderabad,Online,Credit Card,1,6626.87,0.05,6626.87,6295.53,0,639.9,2024,7,July,Wednesday,6626.87,6295.5265
2024-07-10,ORD032825,CUST04205,P015,Dining Table,Furniture,Kolkata,Store,Net Banking,1,20204.64,0.05,20204.64,19194.41,1,-959.72,2024,7,July,Wednesday,20204.64,19194.408
2024-07-10,ORD007346,CUST04262,P001,Laptop,Electronics,Chennai,Store,Net Banking,1,60819.38,0.0,60819.38,60819.38,0,11476.76,2024,7,July,Wednesday,60819.38,60819.38
2024-07-10,ORD017362,CUST02885,P014,Keyboard,Electronics,Kolkata,Online,UPI,5,2254.9,0.15,11274.5,9583.32,0,661.66,2024,7,July,Wednesday,11274.5,9583.324999999999
2024-07-10,ORD048540,CUST02114,P019,Vacuum Cleaner,Home,Hyderabad,Store,UPI,1,9062.3,0.05,9062.3,8609.18,0,1019.83,2024,7,July,Wednesday,9062.3,8609.185
2024-07-10,ORD019968,CUST02058,P017,Jeans,Fashion,Chennai,Store,Credit Card,1,2762.6,0.1,2762.6,2486.34,0,569.18,2024,7,July,Wednesday,2762.6,2486.34
2024-07-10,ORD049680,CUST00418,P004,Smartwatch,Electronics,Delhi,Online,UPI,1,7690.25,0.1,7690.25,6921.22,0,1768.66,2024,7,July,Wednesday,7690.25,6921.225
2024-07-10,ORD010013,CUST01926,P008,Running Shoes,Fashion,Surat,Store,Debit Card,1,4441.39,0.1,4441.39,3997.25,0,444.96,2024,7,July,Wednesday,4441.39,3997.251
2024-07-10,ORD028721,CUST01546,P017,Jeans,Fashion,Hyderabad,Online,UPI,1,2961.15,0.1,2961.15,2665.04,0,447.33,2024,7,July,Wednesday,2961.15,2665.0350000000003
2024-07-10,ORD042799,CUST02709,P004,Smartwatch,Electronics,Bengaluru,Online,UPI,1,6370.75,0.05,6370.75,6052.21,0,975.02,2024,7,July,Wednesday,6370.75,6052.2125
2024-07-10,ORD040316,CUST01475,P002,Smartphone,Electronics,Pune,Online,Debit Card,3,27896.43,0.15,83689.29,71135.9,0,12611.12,2024,7,July,Wednesday,83689.29000000001,71135.89649999999
2024-07-10,ORD010253,CUST02819,P015,Dining Table,Furniture,Surat,Store,Debit Card,1,22758.5,0.15,22758.5,19344.72,0,1870.01,2024,7,July,Wednesday,22758.5,19344.725
2024-07-10,ORD044412,CUST02960,P009,T-Shirt,Fashion,Surat,Online,UPI,2,1230.46,0.0,2460.92,2460.92,0,533.27,2024,7,July,Wednesday,2460.92,2460.92
2024-07-10,ORD027776,CUST01176,P002,Smartphone,Electronics,Hyderabad,Online,UPI,1,25922.74,0.0,25922.74,25922.74,0,6774.81,2024,7,July,Wednesday,25922.74,25922.74
2024-07-10,ORD048385,CUST03813,P015,Dining Table,Furniture,Kolkata,Online,Credit Card,2,21561.01,0.1,43122.02,38809.82,0,9717.39,2024,7,July,Wednesday,43122.02,38809.818
2024-07-10,ORD032505,CUST03678,P020,Microwave,Home,Surat,Online,Credit Card,1,10779.04,0.25,10779.04,8084.28,0,407.41,2024,7,July,Wednesday,10779.04,8084.280000000001
2024-07-10,ORD011419,CUST03885,P003,Headphones,Electronics,Pune,Store,Credit Card,2,4347.99,0.05,8695.98,8261.18,0,1970.78,2024,7,July,Wednesday,8695.98,8261.180999999999
2024-07-10,ORD026161,CUST00679,P013,Monitor,Electronics,Mumbai,Store,Debit Card,1,19674.89,0.0,19674.89,19674.89,0,5900.34,2024,7,July,Wednesday,19674.89,19674.89
2024-07-10,ORD007029,CUST04625,P008,Running Shoes,Fashion,Hyderabad,Online,Debit Card,4,3853.74,0.0,15414.96,15414.96,0,2152.24,2024,7,July,Wednesday,15414.96,15414.96
2024-07-10,ORD011156,CUST01286,P001,Laptop,Electronics,Ahmedabad,Online,UPI,4,62202.52,0.2,248810.08,199048.06,0,39093.03,2024,7,July,Wednesday,248810.08,199048.064
2024-07-10,ORD042198,CUST04633,P019,Vacuum Cleaner,Home,Bengaluru,Online,Cash,1,9010.9,0.1,9010.9,8109.81,0,1272.37,2024,7,July,Wednesday,9010.9,8109.8099999999995
2024-07-10,ORD017428,CUST00080,P015,Dining Table,Furniture,Delhi,Online,UPI,1,23701.16,0.05,23701.16,22516.1,0,5960.5,2024,7,July,Wednesday,23701.16,22516.102
2024-07-10,ORD004603,CUST04903,P005,Office Chair,Furniture,Jaipur,Store,Credit Card,1,9141.85,0.2,9141.85,7313.48,0,1160.88,2024,7,July,Wednesday,9141.85,7313.4800000000005
2024-07-10,ORD012344,CUST01114,P020,Microwave,Home,Kolkata,Online,UPI,2,10383.74,0.2,20767.48,16613.98,0,3156.97,2024,7,July,Wednesday,20767.48,16613.984
2024-07-10,ORD027807,CUST04451,P019,Vacuum Cleaner,Home,Kolkata,Online,Credit Card,2,9386.92,0.0,18773.84,18773.84,1,-938.69,2024,7,July,Wednesday,18773.84,18773.84
2024-07-10,ORD048506,CUST00083,P002,Smartphone,Electronics,Kolkata,Store,UPI,5,25575.04,0.15,127875.2,108693.92,1,-5434.7,2024,7,July,Wednesday,127875.20000000001,108693.92
2024-07-10,ORD000375,CUST02053,P003,Headphones,Electronics,Surat,Online,Credit Card,1,4898.39,0.1,4898.39,4408.55,0,510.8,2024,7,July,Wednesday,4898.39,4408.551
2024-07-10,ORD030863,CUST00631,P004,Smartwatch,Electronics,Bengaluru,Online,Debit Card,1,7567.25,0.2,7567.25,6053.8,0,1424.2,2024,7,July,Wednesday,7567.25,6053.8
2024-07-10,ORD049296,CUST04516,P015,Dining Table,Furniture,Hyderabad,Online,UPI,1,21750.39,0.2,21750.39,17400.31,0,4150.43,2024,7,July,Wednesday,21750.39,17400.312
2024-07-10,ORD009073,CUST03468,P008,Running Shoes,Fashion,Mumbai,Store,Debit Card,1,4268.46,0.1,4268.46,3841.61,0,747.88,2024,7,July,Wednesday,4268.46,3841.614
2024-07-10,ORD035615,CUST04573,P020,Microwave,Home,Kolkata,Online,Credit Card,2,10000.16,0.0,20000.32,20000.32,0,5008.55,2024,7,July,Wednesday,20000.32,20000.32
2024-07-10,ORD006899,CUST02400,P015,Dining Table,Furniture,Pune,Online,Debit Card,5,20076.98,0.15,100384.9,85327.16,0,14563.63,2024,7,July,Wednesday,100384.9,85327.165
2024-07-10,ORD010454,CUST04601,P009,T-Shirt,Fashion,Kolkata,Online,UPI,4,1152.04,0.15,4608.16,3916.94,0,617.31,2024,7,July,Wednesday,4608.16,3916.9359999999997
2024-07-10,ORD026627,CUST00252,P011,Mixer Grinder,Home,Jaipur,Online,Debit Card,1,4338.61,0.0,4338.61,4338.61,0,1290.22,2024,7,July,Wednesday,4338.61,4338.61
2024-07-10,ORD002593,CUST00881,P015,Dining Table,Furniture,Mumbai,Online,UPI,1,23367.56,0.0,23367.56,23367.56,0,2355.6,2024,7,July,Wednesday,23367.56,23367.56
2024-07-10,ORD047012,CUST02922,P016,Sofa,Furniture,Surat,Online,Credit Card,1,34821.11,0.0,34821.11,34821.11,0,8974.63,2024,7,July,Wednesday,34821.11,34821.11
2024-07-10,ORD018931,CUST04623,P013,Monitor,Electronics,Jaipur,Online,Debit Card,2,17733.76,0.05,35467.52,33694.14,0,9152.88,2024,7,July,Wednesday,35467.52,33694.14399999999
2024-07-10,ORD007679,CUST02174,P003,Headphones,Electronics,Mumbai,Store,UPI,1,4411.41,0.05,4411.41,4190.84,0,361.1,2024,7,July,Wednesday,4411.41,4190.8395
2024-07-10,ORD022570,CUST03181,P007,Backpack,Accessories,Chennai,Online,Cash,5,2112.02,0.15,10560.1,8976.09,0,1591.23,2024,7,July,Wednesday,10560.1,8976.085000000001
2024-07-10,ORD001484,CUST00514,P019,Vacuum Cleaner,Home,Ahmedabad,Online,UPI,3,9438.95,0.1,28316.85,25485.16,0,5289.66,2024,7,July,Wednesday,28316.850000000002,25485.165
2024-07-10,ORD002340,CUST01245,P012,Air Fryer,Home,Mumbai,Store,UPI,1,6485.88,0.05,6485.88,6161.59,0,588.76,2024,7,July,Wednesday,6485.88,6161.586
2024-07-10,ORD044455,CUST02059,P003,Headphones,Electronics,Ahmedabad,Online,UPI,1,4805.5,0.1,4805.5,4324.95,0,981.48,2024,7,July,Wednesday,4805.5,4324.95
2024-07-10,ORD017086,CUST04178,P001,Laptop,Electronics,Chennai,Online,Credit Card,1,60545.6,0.05,60545.6,57518.32,0,5953.85,2024,7,July,Wednesday,60545.6,57518.31999999999
2024-07-10,ORD028874,CUST00665,P012,Air Fryer,Home,Ahmedabad,Store,UPI,1,7526.66,0.1,7526.66,6773.99,0,1684.96,2024,7,July,Wednesday,7526.66,6773.994
2024-07-10,ORD033084,CUST03255,P008,Running Shoes,Fashion,Pune,Store,UPI,2,4335.79,0.05,8671.58,8238.0,0,1851.45,2024,7,July,Wednesday,8671.58,8238.001
2024-07-10,ORD009798,CUST04782,P006,Desk,Furniture,Kolkata,Online,Debit Card,1,11014.34,0.1,11014.34,9912.91,0,846.84,2024,7,July,Wednesday,11014.34,9912.906
2024-07-10,ORD015869,CUST03345,P010,Coffee Maker,Home,Chennai,Online,Cash,1,5998.32,0.15,5998.32,5098.57,0,467.95,2024,7,July,Wednesday,5998.32,5098.571999999999
2024-07-10,ORD037870,CUST01993,P004,Smartwatch,Electronics,Surat,Store,Credit Card,1,7118.06,0.05,7118.06,6762.16,0,1518.23,2024,7,July,Wednesday,7118.06,6762.157
2024-07-10,ORD014593,CUST02016,P013,Monitor,Electronics,Bengaluru,Online,Credit Card,1,18681.25,0.0,18681.25,18681.25,0,2526.86,2024,7,July,Wednesday,18681.25,18681.25
2024-07-10,ORD002456,CUST04817,P005,Office Chair,Furniture,Surat,Store,UPI,1,8924.67,0.15,8924.67,7585.97,0,941.75,2024,7,July,Wednesday,8924.67,7585.9695
2024-07-10,ORD026691,CUST01018,P001,Laptop,Electronics,Hyderabad,Online,Credit Card,1,66553.7,0.25,66553.7,49915.27,0,4005.55,2024,7,July,Wednesday,66553.7,49915.274999999994
2024-07-10,ORD026725,CUST02311,P013,Monitor,Electronics,Delhi,Online,Debit Card,5,16372.5,0.2,81862.5,65490.0,0,14519.11,2024,7,July,Wednesday,81862.5,65490.0
2024-07-10,ORD043707,CUST03316,P016,Sofa,Furniture,Chennai,Online,Credit Card,1,37109.05,0.05,37109.05,35253.6,0,10004.24,2024,7,July,Wednesday,37109.05,35253.5975
2024-07-10,ORD013161,CUST02385,P005,Office Chair,Furniture,Delhi,Online,Debit Card,2,10246.12,0.0,20492.24,20492.24,0,4256.17,2024,7,July,Wednesday,20492.24,20492.24
2024-07-10,ORD005163,CUST04052,P001,Laptop,Electronics,Surat,Store,Credit Card,1,65725.33,0.1,65725.33,59152.8,0,7393.81,2024,7,July,Wednesday,65725.33,59152.797000000006
2024-07-10,ORD041413,CUST03896,P013,Monitor,Electronics,Ahmedabad,Online,Credit Card,4,19294.42,0.2,77177.68,61742.14,0,7828.84,2024,7,July,Wednesday,77177.68,61742.144
2024-07-11,ORD041519,CUST00198,P016,Sofa,Furniture,Mumbai,Store,Credit Card,1,32705.9,0.15,32705.9,27800.02,0,1501.71,2024,7,July,Thursday,32705.9,27800.015
2024-07-11,ORD007198,CUST02575,P012,Air Fryer,Home,Bengaluru,Online,Net Banking,5,6683.78,0.25,33418.9,25064.18,0,4476.89,2024,7,July,Thursday,33418.9,25064.175000000003
2024-07-11,ORD019851,CUST03023,P008,Running Shoes,Fashion,Ahmedabad,Online,UPI,2,3930.62,0.1,7861.24,7075.12,0,672.11,2024,7,July,Thursday,7861.24,7075.116
2024-07-11,ORD002940,CUST01363,P005,Office Chair,Furniture,Chennai,Store,UPI,1,9973.86,0.2,9973.86,7979.09,0,1516.13,2024,7,July,Thursday,9973.86,7979.088000000001
2024-07-11,ORD014782,CUST00807,P018,Jacket,Fashion,Bengaluru,Online,UPI,1,5668.26,0.1,5668.26,5101.43,0,1244.91,2024,7,July,Thursday,5668.26,5101.434
2024-07-11,ORD018167,CUST00799,P009,T-Shirt,Fashion,Ahmedabad,Store,Credit Card,2,1090.27,0.0,2180.54,2180.54,0,545.14,2024,7,July,Thursday,2180.54,2180.54
2024-07-11,ORD008918,CUST01333,P006,Desk,Furniture,Pune,Online,UPI,1,12958.93,0.05,12958.93,12310.98,0,1103.41,2024,7,July,Thursday,12958.93,12310.9835
2024-07-11,ORD045824,CUST02944,P012,Air Fryer,Home,Jaipur,Store,Credit Card,5,7744.96,0.1,38724.8,34852.32,0,8676.79,2024,7,July,Thursday,38724.8,34852.32000000001
2024-07-11,ORD043857,CUST02128,P013,Monitor,Electronics,Surat,Store,UPI,1,17565.71,0.2,17565.71,14052.57,0,2299.96,2024,7,July,Thursday,17565.71,14052.568
2024-07-11,ORD044285,CUST00374,P016,Sofa,Furniture,Bengaluru,Online,UPI,1,36172.28,0.25,36172.28,27129.21,0,6703.56,2024,7,July,Thursday,36172.28,27129.21
2024-07-11,ORD033962,CUST04371,P013,Monitor,Electronics,Bengaluru,Store,Debit Card,1,17296.37,0.0,17296.37,17296.37,0,5067.92,2024,7,July,Thursday,17296.37,17296.37
2024-07-11,ORD036626,CUST01809,P001,Laptop,Electronics,Kolkata,Online,Credit Card,1,63778.84,0.15,63778.84,54212.01,0,6148.52,2024,7,July,Thursday,63778.84,54212.013999999996
2024-07-11,ORD022334,CUST04352,P007,Backpack,Accessories,Ahmedabad,Online,Credit Card,1,2362.31,0.05,2362.31,2244.19,0,562.77,2024,7,July,Thursday,2362.31,2244.1945
2024-07-11,ORD018630,CUST00112,P012,Air Fryer,Home,Ahmedabad,Store,UPI,2,7365.1,0.1,14730.2,13257.18,0,1196.28,2024,7,July,Thursday,14730.2,13257.18
2024-07-11,ORD005628,CUST00154,P010,Coffee Maker,Home,Bengaluru,Online,Cash,4,5571.64,0.05,22286.56,21172.23,0,5354.31,2024,7,July,Thursday,22286.56,21172.232
2024-07-11,ORD019101,CUST00850,P005,Office Chair,Furniture,Kolkata,Online,UPI,2,9629.4,0.05,19258.8,18295.86,1,-914.79,2024,7,July,Thursday,19258.8,18295.859999999997
2024-07-11,ORD009653,CUST01357,P009,T-Shirt,Fashion,Ahmedabad,Online,UPI,2,1146.06,0.05,2292.12,2177.51,0,197.63,2024,7,July,Thursday,2292.12,2177.5139999999997
2024-07-11,ORD017063,CUST04725,P016,Sofa,Furniture,Pune,Online,UPI,1,33785.09,0.1,33785.09,30406.58,0,5877.97,2024,7,July,Thursday,33785.09,30406.581
2024-07-11,ORD048259,CUST00086,P014,Keyboard,Electronics,Chennai,Online,Cash,1,2573.1,0.1,2573.1,2315.79,1,-115.79,2024,7,July,Thursday,2573.1,2315.79
2024-07-11,ORD026687,CUST02545,P004,Smartwatch,Electronics,Pune,Store,Debit Card,1,7060.04,0.0,7060.04,7060.04,0,1952.75,2024,7,July,Thursday,7060.04,7060.04
2024-07-11,ORD016488,CUST01707,P014,Keyboard,Electronics,Hyderabad,Store,Credit Card,1,2565.75,0.25,2565.75,1924.31,0,355.9,2024,7,July,Thursday,2565.75,1924.3125
2024-07-11,ORD035869,CUST03538,P010,Coffee Maker,Home,Jaipur,Online,Cash,1,5314.95,0.25,5314.95,3986.21,0,159.45,2024,7,July,Thursday,5314.95,3986.2124999999996
2024-07-11,ORD012576,CUST01994,P007,Backpack,Accessories,Ahmedabad,Store,Credit Card,2,2086.11,0.05,4172.22,3963.61,0,741.5,2024,7,July,Thursday,4172.22,3963.609
2024-07-11,ORD012519,CUST00101,P020,Microwave,Home,Bengaluru,Online,UPI,1,10262.14,0.1,10262.14,9235.93,0,596.29,2024,7,July,Thursday,10262.14,9235.926
2024-07-11,ORD010709,CUST03992,P011,Mixer Grinder,Home,Bengaluru,Store,Debit Card,1,4862.48,0.0,4862.48,4862.48,0,912.53,2024,7,July,Thursday,4862.48,4862.48
2024-07-11,ORD034610,CUST02592,P020,Microwave,Home,Mumbai,Store,Credit Card,1,10848.35,0.05,10848.35,10305.93,0,1132.29,2024,7,July,Thursday,10848.35,10305.932499999999
2024-07-11,ORD039797,CUST00268,P006,Desk,Furniture,Kolkata,Store,UPI,5,10876.04,0.05,54380.2,51661.19,0,6151.12,2024,7,July,Thursday,54380.200000000004,51661.189999999995
2024-07-11,ORD006304,CUST00225,P012,Air Fryer,Home,Delhi,Store,Credit Card,1,6678.7,0.0,6678.7,6678.7,0,1262.32,2024,7,July,Thursday,6678.7,6678.7
2024-07-11,ORD020500,CUST01928,P014,Keyboard,Electronics,Jaipur,Online,UPI,1,2598.8,0.1,2598.8,2338.92,0,363.24,2024,7,July,Thursday,2598.8,2338.92
2024-07-11,ORD048911,CUST01143,P017,Jeans,Fashion,Kolkata,Online,Debit Card,2,2623.55,0.15,5247.1,4460.04,0,642.99,2024,7,July,Thursday,5247.1,4460.035
2024-07-11,ORD028568,CUST04642,P018,Jacket,Fashion,Ahmedabad,Online,Credit Card,2,4847.69,0.05,9695.38,9210.61,0,1935.58,2024,7,July,Thursday,9695.38,9210.610999999999
2024-07-11,ORD011250,CUST04573,P003,Headphones,Electronics,Chennai,Online,Debit Card,1,4112.53,0.1,4112.53,3701.28,0,588.67,2024,7,July,Thursday,4112.53,3701.277
2024-07-11,ORD044098,CUST03915,P012,Air Fryer,Home,Pune,Online,Debit Card,3,7458.52,0.1,22375.56,20138.0,0,2981.35,2024,7,July,Thursday,22375.56,20138.004
2024-07-11,ORD044492,CUST02363,P007,Backpack,Accessories,Bengaluru,Store,Credit Card,2,2177.29,0.0,4354.58,4354.58,0,948.56,2024,7,July,Thursday,4354.58,4354.58
2024-07-11,ORD048356,CUST02776,P004,Smartwatch,Electronics,Hyderabad,Online,Credit Card,1,6454.8,0.1,6454.8,5809.32,0,695.81,2024,7,July,Thursday,6454.8,5809.320000000001
2024-07-11,ORD001020,CUST03535,P017,Jeans,Fashion,Pune,Store,Debit Card,1,2960.47,0.1,2960.47,2664.42,1,-133.22,2024,7,July,Thursday,2960.47,2664.423
2024-07-11,ORD010730,CUST04449,P002,Smartphone,Electronics,Pune,Online,Net Banking,2,29961.37,0.15,59922.74,50934.33,0,8873.13,2024,7,July,Thursday,59922.74,50934.329
2024-07-11,ORD016937,CUST02549,P013,Monitor,Electronics,Mumbai,Online,Credit Card,1,18407.75,0.05,18407.75,17487.36,0,5027.43,2024,7,July,Thursday,18407.75,17487.3625
2024-07-11,ORD042896,CUST00739,P015,Dining Table,Furniture,Delhi,Online,UPI,4,21387.38,0.1,85549.52,76994.57,0,8405.62,2024,7,July,Thursday,85549.52,76994.568
2024-07-11,ORD004050,CUST00053,P020,Microwave,Home,Chennai,Online,UPI,1,12065.96,0.1,12065.96,10859.36,1,-542.97,2024,7,July,Thursday,12065.96,10859.364
2024-07-11,ORD010639,CUST04612,P020,Microwave,Home,Surat,Online,Credit Card,1,11452.16,0.1,11452.16,10306.94,0,1294.31,2024,7,July,Thursday,11452.16,10306.944
2024-07-11,ORD000283,CUST02402,P013,Monitor,Electronics,Kolkata,Online,Net Banking,5,19223.34,0.0,96116.7,96116.7,0,12525.23,2024,7,July,Thursday,96116.7,96116.7
2024-07-11,ORD000949,CUST04945,P007,Backpack,Accessories,Delhi,Store,Net Banking,2,2088.36,0.1,4176.72,3759.05,0,311.86,2024,7,July,Thursday,4176.72,3759.0480000000002
2024-07-11,ORD015583,CUST00249,P013,Monitor,Electronics,Hyderabad,Store,Net Banking,2,16446.74,0.15,32893.48,27959.46,0,6911.75,2024,7,July,Thursday,32893.48,27959.458000000002
2024-07-11,ORD001524,CUST01808,P008,Running Shoes,Fashion,Chennai,Store,Credit Card,1,4475.63,0.05,4475.63,4251.85,0,1137.87,2024,7,July,Thursday,4475.63,4251.8485
2024-07-11,ORD021933,CUST04585,P004,Smartwatch,Electronics,Pune,Online,Debit Card,1,7171.61,0.2,7171.61,5737.29,0,464.52,2024,7,July,Thursday,7171.61,5737.2880000000005
2024-07-11,ORD029627,CUST01865,P017,Jeans,Fashion,Jaipur,Store,Cash,3,2602.9,0.25,7808.7,5856.52,0,489.72,2024,7,July,Thursday,7808.700000000001,5856.525
2024-07-11,ORD047141,CUST00294,P020,Microwave,Home,Bengaluru,Online,Debit Card,1,11949.55,0.15,11949.55,10157.12,0,1593.13,2024,7,July,Thursday,11949.55,10157.117499999998
2024-07-11,ORD031285,CUST00877,P006,Desk,Furniture,Surat,Online,UPI,1,12560.53,0.1,12560.53,11304.48,0,2111.84,2024,7,July,Thursday,12560.53,11304.477
2024-07-11,ORD043932,CUST01863,P002,Smartphone,Electronics,Hyderabad,Online,UPI,1,26480.24,0.0,26480.24,26480.24,0,7606.08,2024,7,July,Thursday,26480.24,26480.24
2024-07-11,ORD020046,CUST03428,P020,Microwave,Home,Delhi,Online,UPI,1,10428.98,0.0,10428.98,10428.98,0,3123.31,2024,7,July,Thursday,10428.98,10428.98
2024-07-11,ORD007393,CUST00070,P008,Running Shoes,Fashion,Hyderabad,Online,Credit Card,1,4058.06,0.25,4058.06,3043.54,0,555.86,2024,7,July,Thursday,4058.06,3043.545
2024-07-11,ORD040166,CUST00966,P016,Sofa,Furniture,Ahmedabad,Online,UPI,1,37179.22,0.25,37179.22,27884.42,0,4984.9,2024,7,July,Thursday,37179.22,27884.415
2024-07-11,ORD034494,CUST03560,P017,Jeans,Fashion,Kolkata,Online,Cash,1,2842.32,0.0,2842.32,2842.32,0,450.54,2024,7,July,Thursday,2842.32,2842.32
2024-07-11,ORD016615,CUST03150,P012,Air Fryer,Home,Surat,Online,Net Banking,1,6694.59,0.05,6694.59,6359.86,0,1824.22,2024,7,July,Thursday,6694.59,6359.8605
2024-07-11,ORD043080,CUST01158,P018,Jacket,Fashion,Jaipur,Store,Debit Card,1,4727.12,0.0,4727.12,4727.12,0,1417.57,2024,7,July,Thursday,4727.12,4727.12
2024-07-11,ORD022436,CUST01346,P012,Air Fryer,Home,Bengaluru,Store,Credit Card,2,7318.46,0.1,14636.92,13173.23,0,1392.07,2024,7,July,Thursday,14636.92,13173.228000000001
2024-07-11,ORD029174,CUST04469,P016,Sofa,Furniture,Surat,Online,Credit Card,3,37644.43,0.15,112933.29,95993.3,0,9984.47,2024,7,July,Thursday,112933.29000000001,95993.2965
2024-07-11,ORD034259,CUST01062,P005,Office Chair,Furniture,Mumbai,Online,UPI,1,8595.09,0.05,8595.09,8165.34,0,1661.27,2024,7,July,Thursday,8595.09,8165.3355
2024-07-11,ORD033259,CUST02784,P008,Running Shoes,Fashion,Hyderabad,Online,Credit Card,1,4381.68,0.1,4381.68,3943.51,0,1093.25,2024,7,July,Thursday,4381.68,3943.512
2024-07-11,ORD043210,CUST02408,P016,Sofa,Furniture,Mumbai,Store,UPI,2,35777.74,0.25,71555.48,53666.61,0,5910.07,2024,7,July,Thursday,71555.48,53666.61
2024-07-11,ORD021533,CUST00839,P002,Smartphone,Electronics,Mumbai,Online,UPI,1,29465.41,0.0,29465.41,29465.41,0,8517.41,2024,7,July,Thursday,29465.41,29465.41
2024-07-11,ORD021729,CUST01942,P005,Office Chair,Furniture,Mumbai,Store,Cash,1,9381.19,0.05,9381.19,8912.13,0,1690.93,2024,7,July,Thursday,9381.19,8912.1305
2024-07-11,ORD000296,CUST01477,P004,Smartwatch,Electronics,Hyderabad,Online,Net Banking,1,7288.67,0.1,7288.67,6559.8,0,1173.95,2024,7,July,Thursday,7288.67,6559.803
2024-07-11,ORD033199,CUST01270,P004,Smartwatch,Electronics,Hyderabad,Online,UPI,2,7395.74,0.2,14791.48,11833.18,0,3061.84,2024,7,July,Thursday,14791.48,11833.184000000001
2024-07-11,ORD045095,CUST03834,P013,Monitor,Electronics,Ahmedabad,Online,Credit Card,1,17275.07,0.0,17275.07,17275.07,0,2997.38,2024,7,July,Thursday,17275.07,17275.07
2024-07-11,ORD017463,CUST02009,P014,Keyboard,Electronics,Chennai,Online,Cash,1,2684.55,0.15,2684.55,2281.87,0,505.7,2024,7,July,Thursday,2684.55,2281.8675000000003
2024-07-11,ORD029328,CUST02284,P008,Running Shoes,Fashion,Ahmedabad,Store,Cash,2,3790.03,0.1,7580.06,6822.05,0,1710.09,2024,7,July,Thursday,7580.06,6822.054
2024-07-11,ORD037082,CUST02903,P011,Mixer Grinder,Home,Delhi,Online,UPI,2,4481.12,0.2,8962.24,7169.79,0,1719.04,2024,7,July,Thursday,8962.24,7169.792
2024-07-11,ORD015816,CUST01694,P008,Running Shoes,Fashion,Pune,Store,UPI,2,3803.75,0.0,7607.5,7607.5,0,734.41,2024,7,July,Thursday,7607.5,7607.5
2024-07-11,ORD003744,CUST02947,P003,Headphones,Electronics,Kolkata,Online,UPI,2,4590.19,0.05,9180.38,8721.36,0,931.78,2024,7,July,Thursday,9180.38,8721.360999999999
2024-07-11,ORD038974,CUST01461,P014,Keyboard,Electronics,Pune,Online,Credit Card,1,2346.18,0.15,2346.18,1994.25,0,258.79,2024,7,July,Thursday,2346.18,1994.2529999999997
2024-07-11,ORD027787,CUST02551,P001,Laptop,Electronics,Kolkata,Store,UPI,1,70043.88,0.1,70043.88,63039.49,0,17310.52,2024,7,July,Thursday,70043.88,63039.492000000006
2024-07-11,ORD034884,CUST04505,P011,Mixer Grinder,Home,Ahmedabad,Online,UPI,2,4826.88,0.0,9653.76,9653.76,0,2461.12,2024,7,July,Thursday,9653.76,9653.76
2024-07-11,ORD047086,CUST00980,P013,Monitor,Electronics,Chennai,Store,UPI,1,18572.56,0.1,18572.56,16715.3,0,2534.7,2024,7,July,Thursday,18572.56,16715.304
2024-07-11,ORD000470,CUST03889,P004,Smartwatch,Electronics,Pune,Store,UPI,5,7681.65,0.1,38408.25,34567.43,0,3964.64,2024,7,July,Thursday,38408.25,34567.425
2024-07-11,ORD022446,CUST03160,P001,Laptop,Electronics,Pune,Store,Credit Card,4,59408.23,0.0,237632.92,237632.92,0,48019.28,2024,7,July,Thursday,237632.92,237632.92
2024-07-11,ORD012001,CUST01066,P013,Monitor,Electronics,Ahmedabad,Store,UPI,5,18917.8,0.0,94589.0,94589.0,0,15858.37,2024,7,July,Thursday,94589.0,94589.0
2024-07-11,ORD032964,CUST01245,P007,Backpack,Accessories,Delhi,Store,Net Banking,1,2104.14,0.05,2104.14,1998.93,0,314.7,2024,7,July,Thursday,2104.14,1998.9329999999998
2024-07-11,ORD037322,CUST03311,P013,Monitor,Electronics,Chennai,Store,UPI,4,19615.8,0.25,78463.2,58847.4,0,11473.83,2024,7,July,Thursday,78463.2,58847.399999999994
2024-07-11,ORD034047,CUST04390,P014,Keyboard,Electronics,Ahmedabad,Online,Debit Card,1,2473.51,0.15,2473.51,2102.48,0,541.86,2024,7,July,Thursday,2473.51,2102.4835000000003
2024-07-11,ORD006711,CUST02208,P019,Vacuum Cleaner,Home,Kolkata,Store,Net Banking,5,9572.89,0.1,47864.45,43078.0,0,11506.49,2024,7,July,Thursday,47864.45,43078.005
2024-07-11,ORD011533,CUST00473,P015,Dining Table,Furniture,Hyderabad,Store,UPI,2,20937.37,0.1,41874.74,37687.27,0,8523.58,2024,7,July,Thursday,41874.74,37687.265999999996
2024-07-11,ORD022448,CUST02839,P016,Sofa,Furniture,Chennai,Online,Net Banking,1,34339.67,0.0,34339.67,34339.67,0,5579.75,2024,7,July,Thursday,34339.67,34339.67
2024-07-11,ORD002253,CUST02771,P015,Dining Table,Furniture,Surat,Store,UPI,1,19932.62,0.15,19932.62,16942.73,0,3115.33,2024,7,July,Thursday,19932.62,16942.727
2024-07-11,ORD019643,CUST02402,P018,Jacket,Fashion,Chennai,Store,Debit Card,1,4798.04,0.1,4798.04,4318.24,0,535.02,2024,7,July,Thursday,4798.04,4318.236
2024-07-11,ORD027136,CUST00344,P007,Backpack,Accessories,Hyderabad,Store,Credit Card,1,2304.85,0.0,2304.85,2304.85,0,678.77,2024,7,July,Thursday,2304.85,2304.85
2024-07-11,ORD021430,CUST02422,P017,Jeans,Fashion,Mumbai,Store,Debit Card,4,2918.48,0.05,11673.92,11090.22,0,2942.93,2024,7,July,Thursday,11673.92,11090.224
2024-07-12,ORD014414,CUST03534,P009,T-Shirt,Fashion,Pune,Online,Credit Card,1,1230.12,0.15,1230.12,1045.6,0,261.97,2024,7,July,Friday,1230.12,1045.6019999999999
2024-07-12,ORD029002,CUST02538,P011,Mixer Grinder,Home,Surat,Store,Debit Card,5,4361.42,0.0,21807.1,21807.1,0,3759.1,2024,7,July,Friday,21807.1,21807.1
2024-07-12,ORD043648,CUST03386,P004,Smartwatch,Electronics,Delhi,Store,UPI,2,6565.6,0.2,13131.2,10504.96,0,514.78,2024,7,July,Friday,13131.2,10504.960000000001
2024-07-12,ORD039600,CUST03971,P019,Vacuum Cleaner,Home,Surat,Online,Credit Card,1,9267.17,0.05,9267.17,8803.81,0,1513.84,2024,7,July,Friday,9267.17,8803.8115
2024-07-12,ORD024806,CUST04474,P004,Smartwatch,Electronics,Pune,Online,UPI,2,7078.02,0.05,14156.04,13448.24,0,2949.92,2024,7,July,Friday,14156.04,13448.238
2024-07-12,ORD045192,CUST04507,P013,Monitor,Electronics,Mumbai,Store,Credit Card,2,16798.46,0.25,33596.92,25197.69,0,1353.24,2024,7,July,Friday,33596.92,25197.69
2024-07-12,ORD019258,CUST00496,P018,Jacket,Fashion,Bengaluru,Online,UPI,1,4827.56,0.05,4827.56,4586.18,0,1095.52,2024,7,July,Friday,4827.56,4586.182
2024-07-12,ORD023309,CUST01295,P015,Dining Table,Furniture,Kolkata,Online,UPI,1,21831.86,0.1,21831.86,19648.67,0,3987.3,2024,7,July,Friday,21831.86,19648.674000000003
2024-07-12,ORD047238,CUST04919,P019,Vacuum Cleaner,Home,Chennai,Online,Debit Card,1,9022.04,0.15,9022.04,7668.73,0,956.28,2024,7,July,Friday,9022.04,7668.734
2024-07-12,ORD005110,CUST00511,P011,Mixer Grinder,Home,Ahmedabad,Store,Credit Card,1,4558.27,0.05,4558.27,4330.36,0,969.53,2024,7,July,Friday,4558.27,4330.3565
2024-07-12,ORD015463,CUST01232,P015,Dining Table,Furniture,Chennai,Online,UPI,1,21664.08,0.2,21664.08,17331.26,0,820.13,2024,7,July,Friday,21664.08,17331.264000000003
2024-07-12,ORD020269,CUST02615,P013,Monitor,Electronics,Mumbai,Online,Credit Card,1,19101.3,0.1,19101.3,17191.17,0,3977.7,2024,7,July,Friday,19101.3,17191.17
2024-07-12,ORD041710,CUST00978,P020,Microwave,Home,Surat,Store,UPI,1,9900.45,0.2,9900.45,7920.36,0,1835.35,2024,7,July,Friday,9900.45,7920.360000000001
2024-07-12,ORD039853,CUST03409,P005,Office Chair,Furniture,Delhi,Store,UPI,1,9397.57,0.15,9397.57,7987.93,0,1544.82,2024,7,July,Friday,9397.57,7987.934499999999
2024-07-12,ORD032625,CUST00099,P006,Desk,Furniture,Kolkata,Store,Credit Card,1,11865.68,0.15,11865.68,10085.83,0,879.32,2024,7,July,Friday,11865.68,10085.828
2024-07-12,ORD033793,CUST00988,P004,Smartwatch,Electronics,Jaipur,Store,Cash,3,7135.62,0.15,21406.86,18195.83,0,3302.33,2024,7,July,Friday,21406.86,18195.831
2024-07-12,ORD015408,CUST03221,P014,Keyboard,Electronics,Kolkata,Store,Cash,2,2551.81,0.1,5103.62,4593.26,0,1007.63,2024,7,July,Friday,5103.62,4593.258
2024-07-12,ORD031642,CUST03547,P004,Smartwatch,Electronics,Delhi,Store,UPI,1,6903.91,0.0,6903.91,6903.91,1,-345.2,2024,7,July,Friday,6903.91,6903.91
2024-07-12,ORD023320,CUST04615,P019,Vacuum Cleaner,Home,Bengaluru,Online,Debit Card,5,8477.19,0.0,42385.95,42385.95,0,12597.02,2024,7,July,Friday,42385.950000000004,42385.95
2024-07-12,ORD018414,CUST04776,P007,Backpack,Accessories,Bengaluru,Online,Debit Card,1,2069.92,0.25,2069.92,1552.44,0,322.11,2024,7,July,Friday,2069.92,1552.44
2024-07-12,ORD037387,CUST03380,P005,Office Chair,Furniture,Hyderabad,Online,UPI,2,9887.48,0.0,19774.96,19774.96,0,1934.62,2024,7,July,Friday,19774.96,19774.96
2024-07-12,ORD034669,CUST01235,P016,Sofa,Furniture,Ahmedabad,Online,Net Banking,4,36503.79,0.1,146015.16,131413.64,0,31031.99,2024,7,July,Friday,146015.16,131413.644
2024-07-12,ORD025720,CUST04256,P005,Office Chair,Furniture,Mumbai,Store,UPI,2,8951.43,0.05,17902.86,17007.72,0,1890.22,2024,7,July,Friday,17902.86,17007.717
2024-07-12,ORD002790,CUST00592,P006,Desk,Furniture,Surat,Online,UPI,2,11642.08,0.05,23284.16,22119.95,0,1739.42,2024,7,July,Friday,23284.16,22119.951999999997
2024-07-12,ORD022100,CUST03409,P014,Keyboard,Electronics,Chennai,Online,Credit Card,1,2607.19,0.05,2607.19,2476.83,0,197.97,2024,7,July,Friday,2607.19,2476.8305
2024-07-12,ORD032444,CUST02823,P011,Mixer Grinder,Home,Surat,Store,Cash,2,5234.79,0.15,10469.58,8899.14,0,1119.85,2024,7,July,Friday,10469.58,8899.143
2024-07-12,ORD028798,CUST04243,P010,Coffee Maker,Home,Surat,Store,Net Banking,1,5722.15,0.05,5722.15,5436.04,0,857.6,2024,7,July,Friday,5722.15,5436.0425
2024-07-12,ORD033265,CUST03233,P017,Jeans,Fashion,Hyderabad,Store,Net Banking,3,3057.94,0.0,9173.82,9173.82,0,1202.47,2024,7,July,Friday,9173.82,9173.82
2024-07-12,ORD015694,CUST03026,P003,Headphones,Electronics,Bengaluru,Online,Credit Card,4,4282.01,0.15,17128.04,14558.83,0,2032.91,2024,7,July,Friday,17128.04,14558.834
2024-07-12,ORD033053,CUST04721,P012,Air Fryer,Home,Mumbai,Online,UPI,1,7041.48,0.05,7041.48,6689.41,0,1264.49,2024,7,July,Friday,7041.48,6689.405999999999
2024-07-12,ORD006890,CUST01485,P020,Microwave,Home,Surat,Store,Net Banking,1,10838.28,0.1,10838.28,9754.45,0,697.5,2024,7,July,Friday,10838.28,9754.452000000001
2024-07-12,ORD032455,CUST04792,P009,T-Shirt,Fashion,Hyderabad,Online,UPI,1,1141.77,0.2,1141.77,913.42,0,62.56,2024,7,July,Friday,1141.77,913.416
2024-07-12,ORD033282,CUST03624,P016,Sofa,Furniture,Pune,Online,UPI,4,36395.13,0.05,145580.52,138301.49,0,39279.61,2024,7,July,Friday,145580.52,138301.49399999998
2024-07-12,ORD048697,CUST02185,P017,Jeans,Fashion,Pune,Online,UPI,1,2655.21,0.05,2655.21,2522.45,1,-126.12,2024,7,July,Friday,2655.21,2522.4494999999997
2024-07-12,ORD013386,CUST00064,P008,Running Shoes,Fashion,Bengaluru,Store,Cash,1,3816.1,0.25,3816.1,2862.08,0,247.32,2024,7,July,Friday,3816.1,2862.075
2024-07-12,ORD034066,CUST04726,P013,Monitor,Electronics,Surat,Online,UPI,1,17141.96,0.2,17141.96,13713.57,0,994.21,2024,7,July,Friday,17141.96,13713.568
2024-07-12,ORD015960,CUST00087,P016,Sofa,Furniture,Kolkata,Online,Cash,4,35827.22,0.05,143308.88,136143.44,0,16761.73,2024,7,July,Friday,143308.88,136143.436
2024-07-12,ORD017611,CUST01938,P004,Smartwatch,Electronics,Jaipur,Store,UPI,2,6528.58,0.05,13057.16,12404.3,1,-620.22,2024,7,July,Friday,13057.16,12404.302
2024-07-12,ORD011206,CUST03832,P017,Jeans,Fashion,Pune,Store,Debit Card,1,2900.38,0.0,2900.38,2900.38,0,808.97,2024,7,July,Friday,2900.38,2900.38
2024-07-12,ORD044169,CUST03867,P011,Mixer Grinder,Home,Ahmedabad,Online,Credit Card,2,5181.95,0.1,10363.9,9327.51,0,1164.71,2024,7,July,Friday,10363.9,9327.51
2024-07-12,ORD023709,CUST01075,P011,Mixer Grinder,Home,Delhi,Online,Credit Card,2,4980.1,0.0,9960.2,9960.2,0,1900.81,2024,7,July,Friday,9960.2,9960.2
2024-07-12,ORD032554,CUST02024,P005,Office Chair,Furniture,Mumbai,Store,Net Banking,2,9634.43,0.0,19268.86,19268.86,0,3310.4,2024,7,July,Friday,19268.86,19268.86
2024-07-12,ORD049220,CUST04542,P002,Smartphone,Electronics,Kolkata,Online,Cash,1,30334.95,0.05,30334.95,28818.2,1,-1440.91,2024,7,July,Friday,30334.95,28818.2025
2024-07-12,ORD049428,CUST00363,P002,Smartphone,Electronics,Chennai,Online,Credit Card,1,29603.43,0.0,29603.43,29603.43,0,4612.09,2024,7,July,Friday,29603.43,29603.43
2024-07-12,ORD016179,CUST04603,P003,Headphones,Electronics,Chennai,Online,UPI,1,4906.74,0.1,4906.74,4416.07,0,734.3,2024,7,July,Friday,4906.74,4416.066
2024-07-12,ORD047744,CUST03083,P002,Smartphone,Electronics,Ahmedabad,Online,Credit Card,1,29255.39,0.1,29255.39,26329.85,0,5757.3,2024,7,July,Friday,29255.39,26329.851
2024-07-12,ORD006790,CUST02586,P017,Jeans,Fashion,Pune,Online,Debit Card,3,2539.46,0.05,7618.38,7237.46,0,1165.42,2024,7,July,Friday,7618.38,7237.460999999999
2024-07-12,ORD035708,CUST03052,P002,Smartphone,Electronics,Jaipur,Online,Credit Card,2,27441.68,0.1,54883.36,49395.02,0,4844.14,2024,7,July,Friday,54883.36,49395.024000000005
2024-07-12,ORD008487,CUST03969,P001,Laptop,Electronics,Jaipur,Online,UPI,2,60663.1,0.15,121326.2,103127.27,0,17614.91,2024,7,July,Friday,121326.2,103127.26999999999
2024-07-12,ORD018258,CUST04767,P020,Microwave,Home,Hyderabad,Store,Credit Card,4,11290.64,0.1,45162.56,40646.3,0,6024.38,2024,7,July,Friday,45162.56,40646.304
2024-07-12,ORD010994,CUST02776,P007,Backpack,Accessories,Surat,Store,Credit Card,1,2234.37,0.05,2234.37,2122.65,0,375.81,2024,7,July,Friday,2234.37,2122.6515
2024-07-12,ORD038130,CUST03102,P001,Laptop,Electronics,Pune,Online,Debit Card,1,60250.11,0.1,60250.11,54225.1,0,11559.19,2024,7,July,Friday,60250.11,54225.099
2024-07-12,ORD040799,CUST02494,P017,Jeans,Fashion,Pune,Online,UPI,1,2636.17,0.15,2636.17,2240.74,0,261.04,2024,7,July,Friday,2636.17,2240.7445
2024-07-12,ORD037283,CUST04351,P002,Smartphone,Electronics,Ahmedabad,Store,Debit Card,2,26792.57,0.1,53585.14,48226.63,0,3089.82,2024,7,July,Friday,53585.14,48226.626000000004
2024-07-12,ORD042032,CUST00947,P020,Microwave,Home,Kolkata,Store,Credit Card,2,11453.0,0.05,22906.0,21760.7,1,-1088.04,2024,7,July,Friday,22906.0,21760.7
2024-07-12,ORD021133,CUST03028,P019,Vacuum Cleaner,Home,Delhi,Online,UPI,1,8368.94,0.0,8368.94,8368.94,0,1461.27,2024,7,July,Friday,8368.94,8368.94
2024-07-12,ORD021914,CUST01983,P016,Sofa,Furniture,Chennai,Online,UPI,1,33960.41,0.1,33960.41,30564.37,0,6216.33,2024,7,July,Friday,33960.41,30564.369000000002
2024-07-12,ORD040852,CUST02218,P010,Coffee Maker,Home,Delhi,Online,UPI,1,5497.99,0.05,5497.99,5223.09,0,422.9,2024,7,July,Friday,5497.99,5223.090499999999
2024-07-12,ORD044225,CUST01434,P013,Monitor,Electronics,Chennai,Online,UPI,1,18784.57,0.1,18784.57,16906.11,0,2638.96,2024,7,July,Friday,18784.57,16906.113
2024-07-12,ORD010745,CUST01090,P015,Dining Table,Furniture,Hyderabad,Store,UPI,3,23705.99,0.25,71117.97,53338.48,0,10893.59,2024,7,July,Friday,71117.97,53338.4775
2024-07-12,ORD041259,CUST00055,P004,Smartwatch,Electronics,Surat,Online,UPI,2,7161.36,0.2,14322.72,11458.18,0,819.28,2024,7,July,Friday,14322.72,11458.176
2024-07-12,ORD047205,CUST01743,P014,Keyboard,Electronics,Chennai,Store,Credit Card,4,2607.77,0.15,10431.08,8866.42,0,1164.61,2024,7,July,Friday,10431.08,8866.418
2024-07-12,ORD006468,CUST01910,P001,Laptop,Electronics,Delhi,Store,Cash,1,69967.11,0.25,69967.11,52475.33,1,-2623.77,2024,7,July,Friday,69967.11,52475.332500000004
2024-07-12,ORD021654,CUST04420,P006,Desk,Furniture,Jaipur,Store,UPI,1,12490.03,0.25,12490.03,9367.52,0,1650.17,2024,7,July,Friday,12490.03,9367.522500000001
2024-07-12,ORD022269,CUST04884,P016,Sofa,Furniture,Bengaluru,Online,Credit Card,1,36669.79,0.1,36669.79,33002.81,0,2183.34,2024,7,July,Friday,36669.79,33002.811
2024-07-12,ORD041838,CUST01925,P014,Keyboard,Electronics,Jaipur,Online,UPI,1,2291.78,0.0,2291.78,2291.78,0,296.71,2024,7,July,Friday,2291.78,2291.78
2024-07-12,ORD023768,CUST02540,P017,Jeans,Fashion,Pune,Online,Credit Card,1,2978.21,0.2,2978.21,2382.57,1,-119.13,2024,7,July,Friday,2978.21,2382.568
2024-07-13,ORD017551,CUST04920,P010,Coffee Maker,Home,Surat,Online,Credit Card,2,5133.87,0.05,10267.74,9754.35,0,2265.58,2024,7,July,Saturday,10267.74,9754.353
2024-07-13,ORD022247,CUST03105,P011,Mixer Grinder,Home,Pune,Online,Debit Card,1,5050.29,0.2,5050.29,4040.23,0,189.38,2024,7,July,Saturday,5050.29,4040.232
2024-07-13,ORD012352,CUST04321,P012,Air Fryer,Home,Mumbai,Store,UPI,1,7482.86,0.1,7482.86,6734.57,0,1880.51,2024,7,July,Saturday,7482.86,6734.574
2024-07-13,ORD016944,CUST03332,P007,Backpack,Accessories,Chennai,Store,UPI,3,2173.06,0.05,6519.18,6193.22,0,463.51,2024,7,July,Saturday,6519.18,6193.221
2024-07-13,ORD004268,CUST02309,P014,Keyboard,Electronics,Bengaluru,Online,Net Banking,1,2357.09,0.2,2357.09,1885.67,1,-94.28,2024,7,July,Saturday,2357.09,1885.6720000000003
2024-07-13,ORD013899,CUST02580,P007,Backpack,Accessories,Mumbai,Online,UPI,2,2377.51,0.1,4755.02,4279.52,0,465.71,2024,7,July,Saturday,4755.02,4279.518000000001
2024-07-13,ORD004623,CUST02299,P012,Air Fryer,Home,Hyderabad,Store,UPI,1,6981.97,0.1,6981.97,6283.77,0,954.53,2024,7,July,Saturday,6981.97,6283.773
2024-07-13,ORD034483,CUST02840,P013,Monitor,Electronics,Chennai,Online,Cash,1,16673.75,0.0,16673.75,16673.75,0,4440.1,2024,7,July,Saturday,16673.75,16673.75
2024-07-13,ORD034031,CUST02700,P001,Laptop,Electronics,Delhi,Online,UPI,1,69682.88,0.2,69682.88,55746.3,1,-2787.32,2024,7,July,Saturday,69682.88,55746.304000000004
2024-07-13,ORD015911,CUST01562,P010,Coffee Maker,Home,Chennai,Online,UPI,1,5000.57,0.1,5000.57,4500.51,0,1122.04,2024,7,July,Saturday,5000.57,4500.513
2024-07-13,ORD047770,CUST00043,P003,Headphones,Electronics,Surat,Online,Debit Card,1,4933.06,0.1,4933.06,4439.75,0,416.31,2024,7,July,Saturday,4933.06,4439.754000000001
2024-07-13,ORD032512,CUST00869,P014,Keyboard,Electronics,Ahmedabad,Store,Debit Card,1,2308.06,0.1,2308.06,2077.25,0,386.58,2024,7,July,Saturday,2308.06,2077.254
2024-07-13,ORD039824,CUST02816,P010,Coffee Maker,Home,Kolkata,Online,Credit Card,1,5332.81,0.1,5332.81,4799.53,0,434.8,2024,7,July,Saturday,5332.81,4799.529
2024-07-13,ORD027202,CUST01900,P018,Jacket,Fashion,Ahmedabad,Store,Credit Card,1,4821.45,0.0,4821.45,4821.45,0,410.07,2024,7,July,Saturday,4821.45,4821.45
2024-07-13,ORD015980,CUST00988,P004,Smartwatch,Electronics,Mumbai,Online,Credit Card,1,7515.05,0.15,7515.05,6387.79,0,837.87,2024,7,July,Saturday,7515.05,6387.7925
2024-07-13,ORD037146,CUST02306,P014,Keyboard,Electronics,Chennai,Online,UPI,1,2412.61,0.1,2412.61,2171.35,0,151.14,2024,7,July,Saturday,2412.61,2171.349
2024-07-13,ORD006648,CUST03955,P013,Monitor,Electronics,Chennai,Store,UPI,1,19358.91,0.0,19358.91,19358.91,1,-967.95,2024,7,July,Saturday,19358.91,19358.91
2024-07-13,ORD001534,CUST02457,P006,Desk,Furniture,Chennai,Online,Credit Card,1,13029.2,0.0,13029.2,13029.2,0,1389.76,2024,7,July,Saturday,13029.2,13029.2
2024-07-13,ORD034175,CUST00779,P017,Jeans,Fashion,Jaipur,Online,UPI,1,2714.73,0.15,2714.73,2307.52,0,435.37,2024,7,July,Saturday,2714.73,2307.5205
2024-07-13,ORD017208,CUST02417,P017,Jeans,Fashion,Jaipur,Store,UPI,1,2601.81,0.05,2601.81,2471.72,0,410.61,2024,7,July,Saturday,2601.81,2471.7194999999997
2024-07-13,ORD039726,CUST02216,P016,Sofa,Furniture,Hyderabad,Store,Debit Card,5,37930.6,0.2,189653.0,151722.4,0,17518.37,2024,7,July,Saturday,189653.0,151722.4
2024-07-13,ORD015819,CUST02597,P013,Monitor,Electronics,Ahmedabad,Online,Credit Card,3,16723.74,0.0,50171.22,50171.22,0,9670.74,2024,7,July,Saturday,50171.22,50171.22
2024-07-13,ORD044292,CUST04292,P001,Laptop,Electronics,Mumbai,Store,UPI,1,68856.93,0.1,68856.93,61971.24,0,4238.1,2024,7,July,Saturday,68856.93,61971.236999999994
2024-07-13,ORD022976,CUST01592,P011,Mixer Grinder,Home,Delhi,Online,Credit Card,3,4373.37,0.25,13120.11,9840.08,0,603.98,2024,7,July,Saturday,13120.11,9840.0825
2024-07-13,ORD014359,CUST03813,P004,Smartwatch,Electronics,Kolkata,Online,Credit Card,4,7268.89,0.05,29075.56,27621.78,0,2614.51,2024,7,July,Saturday,29075.56,27621.782
2024-07-13,ORD005040,CUST04727,P009,T-Shirt,Fashion,Bengaluru,Online,Debit Card,1,1292.31,0.1,1292.31,1163.08,0,113.8,2024,7,July,Saturday,1292.31,1163.079
2024-07-13,ORD007370,CUST03518,P006,Desk,Furniture,Delhi,Online,Debit Card,1,11233.91,0.25,11233.91,8425.43,0,1772.74,2024,7,July,Saturday,11233.91,8425.432499999999
2024-07-13,ORD001463,CUST01771,P020,Microwave,Home,Jaipur,Store,Debit Card,1,11403.27,0.05,11403.27,10833.11,0,1510.36,2024,7,July,Saturday,11403.27,10833.1065
2024-07-13,ORD006883,CUST02731,P010,Coffee Maker,Home,Ahmedabad,Online,Credit Card,1,5722.03,0.1,5722.03,5149.83,0,789.85,2024,7,July,Saturday,5722.03,5149.827
2024-07-13,ORD015339,CUST04540,P008,Running Shoes,Fashion,Pune,Online,Credit Card,4,3939.64,0.2,15758.56,12606.85,0,1293.93,2024,7,July,Saturday,15758.56,12606.848
2024-07-13,ORD019552,CUST04982,P018,Jacket,Fashion,Ahmedabad,Online,Credit Card,5,4901.81,0.05,24509.05,23283.6,0,5431.75,2024,7,July,Saturday,24509.050000000003,23283.5975
2024-07-13,ORD026236,CUST00894,P003,Headphones,Electronics,Surat,Online,UPI,2,4911.66,0.0,9823.32,9823.32,0,1707.33,2024,7,July,Saturday,9823.32,9823.32
2024-07-13,ORD032885,CUST03880,P017,Jeans,Fashion,Delhi,Online,Credit Card,2,2880.03,0.2,5760.06,4608.05,0,408.99,2024,7,July,Saturday,5760.06,4608.048000000001
2024-07-13,ORD019248,CUST04574,P014,Keyboard,Electronics,Delhi,Online,Credit Card,5,2450.72,0.2,12253.6,9802.88,0,1743.74,2024,7,July,Saturday,12253.599999999999,9802.880000000001
2024-07-13,ORD041818,CUST01009,P015,Dining Table,Furniture,Chennai,Online,Credit Card,1,23285.42,0.05,23285.42,22121.15,0,4079.34,2024,7,July,Saturday,23285.42,22121.148999999998
2024-07-13,ORD002322,CUST02043,P018,Jacket,Fashion,Bengaluru,Online,Credit Card,3,5057.24,0.1,15171.72,13654.55,1,-682.73,2024,7,July,Saturday,15171.72,13654.547999999999
2024-07-13,ORD030660,CUST03358,P002,Smartphone,Electronics,Mumbai,Store,Cash,3,28715.2,0.2,86145.6,68916.48,0,3408.56,2024,7,July,Saturday,86145.6,68916.48000000001
2024-07-13,ORD030067,CUST03987,P020,Microwave,Home,Jaipur,Online,UPI,3,10768.22,0.0,32304.66,32304.66,0,4540.7,2024,7,July,Saturday,32304.659999999996,32304.66
2024-07-13,ORD003956,CUST00484,P019,Vacuum Cleaner,Home,Kolkata,Online,UPI,1,8121.36,0.05,8121.36,7715.29,0,2113.31,2024,7,July,Saturday,8121.36,7715.2919999999995
2024-07-13,ORD044701,CUST02903,P015,Dining Table,Furniture,Hyderabad,Store,Credit Card,1,23235.8,0.1,23235.8,20912.22,0,2361.24,2024,7,July,Saturday,23235.8,20912.22
2024-07-13,ORD032905,CUST01982,P004,Smartwatch,Electronics,Jaipur,Online,UPI,1,6858.04,0.1,6858.04,6172.24,0,1008.86,2024,7,July,Saturday,6858.04,6172.236
2024-07-13,ORD042658,CUST03473,P012,Air Fryer,Home,Bengaluru,Online,UPI,1,7069.58,0.2,7069.58,5655.66,0,1389.76,2024,7,July,Saturday,7069.58,5655.664000000001
2024-07-13,ORD004021,CUST00100,P009,T-Shirt,Fashion,Pune,Store,UPI,5,1293.19,0.05,6465.95,6142.65,0,1229.27,2024,7,July,Saturday,6465.950000000001,6142.652499999999
2024-07-13,ORD049520,CUST01393,P007,Backpack,Accessories,Jaipur,Store,UPI,3,1996.49,0.0,5989.47,5989.47,0,1399.78,2024,7,July,Saturday,5989.47,5989.47
2024-07-13,ORD003897,CUST00466,P016,Sofa,Furniture,Bengaluru,Online,Credit Card,1,31628.93,0.2,31628.93,25303.14,0,4378.57,2024,7,July,Saturday,31628.93,25303.144
2024-07-13,ORD011266,CUST00988,P008,Running Shoes,Fashion,Hyderabad,Store,Debit Card,1,4444.22,0.05,4444.22,4222.01,0,1089.89,2024,7,July,Saturday,4444.22,4222.009
2024-07-13,ORD030960,CUST00606,P012,Air Fryer,Home,Bengaluru,Online,Net Banking,2,7197.43,0.0,14394.86,14394.86,0,3668.01,2024,7,July,Saturday,14394.86,14394.86
2024-07-13,ORD009194,CUST03310,P002,Smartphone,Electronics,Surat,Online,UPI,1,28395.32,0.1,28395.32,25555.79,0,5914.68,2024,7,July,Saturday,28395.32,25555.788
2024-07-13,ORD041007,CUST04789,P011,Mixer Grinder,Home,Hyderabad,Online,Net Banking,1,5257.32,0.05,5257.32,4994.45,0,1237.46,2024,7,July,Saturday,5257.32,4994.454
2024-07-13,ORD035560,CUST00494,P005,Office Chair,Furniture,Mumbai,Store,Credit Card,1,8792.36,0.0,8792.36,8792.36,0,1794.28,2024,7,July,Saturday,8792.36,8792.36
2024-07-13,ORD039985,CUST00230,P009,T-Shirt,Fashion,Ahmedabad,Store,Debit Card,2,1237.44,0.1,2474.88,2227.39,0,326.13,2024,7,July,Saturday,2474.88,2227.3920000000003
2024-07-13,ORD003699,CUST02976,P003,Headphones,Electronics,Pune,Online,UPI,1,4494.91,0.05,4494.91,4270.16,0,904.45,2024,7,July,Saturday,4494.91,4270.1645
2024-07-13,ORD018131,CUST02395,P016,Sofa,Furniture,Mumbai,Store,UPI,4,34262.8,0.2,137051.2,109640.96,0,15981.77,2024,7,July,Saturday,137051.2,109640.96000000002
2024-07-13,ORD012593,CUST03275,P019,Vacuum Cleaner,Home,Kolkata,Store,Net Banking,1,8918.4,0.1,8918.4,8026.56,0,782.71,2024,7,July,Saturday,8918.4,8026.5599999999995
2024-07-13,ORD045594,CUST04546,P007,Backpack,Accessories,Jaipur,Store,UPI,2,1995.16,0.0,3990.32,3990.32,0,393.8,2024,7,July,Saturday,3990.32,3990.32
2024-07-13,ORD015577,CUST02652,P017,Jeans,Fashion,Jaipur,Online,Debit Card,3,2797.02,0.1,8391.06,7551.95,0,1276.29,2024,7,July,Saturday,8391.06,7551.954
2024-07-13,ORD019367,CUST01666,P001,Laptop,Electronics,Jaipur,Online,UPI,1,68059.52,0.15,68059.52,57850.59,0,3794.2,2024,7,July,Saturday,68059.52,57850.592000000004
2024-07-13,ORD002208,CUST01761,P001,Laptop,Electronics,Delhi,Online,UPI,1,61211.71,0.15,61211.71,52029.95,0,12405.3,2024,7,July,Saturday,61211.71,52029.953499999996
2024-07-13,ORD048475,CUST02752,P009,T-Shirt,Fashion,Delhi,Store,Debit Card,2,1259.24,0.05,2518.48,2392.56,0,559.67,2024,7,July,Saturday,2518.48,2392.556
2024-07-14,ORD039100,CUST03562,P003,Headphones,Electronics,Jaipur,Store,Cash,1,4714.66,0.15,4714.66,4007.46,0,716.38,2024,7,July,Sunday,4714.66,4007.461
2024-07-14,ORD040552,CUST02142,P002,Smartphone,Electronics,Jaipur,Store,Credit Card,1,26489.7,0.2,26489.7,21191.76,0,1459.22,2024,7,July,Sunday,26489.7,21191.760000000002
2024-07-14,ORD020292,CUST01591,P006,Desk,Furniture,Jaipur,Store,Credit Card,4,12937.99,0.05,51751.96,49164.36,0,9590.64,2024,7,July,Sunday,51751.96,49164.361999999994
2024-07-14,ORD013437,CUST02913,P001,Laptop,Electronics,Jaipur,Store,UPI,1,65505.5,0.1,65505.5,58954.95,0,6516.73,2024,7,July,Sunday,65505.5,58954.950000000004
2024-07-14,ORD008340,CUST04696,P020,Microwave,Home,Ahmedabad,Online,UPI,1,11885.08,0.25,11885.08,8913.81,0,1944.11,2024,7,July,Sunday,11885.08,8913.81
2024-07-14,ORD037563,CUST02264,P006,Desk,Furniture,Jaipur,Online,Credit Card,2,12425.51,0.0,24851.02,24851.02,0,6791.3,2024,7,July,Sunday,24851.02,24851.02
2024-07-14,ORD032363,CUST01423,P002,Smartphone,Electronics,Kolkata,Online,Credit Card,2,25637.26,0.0,51274.52,51274.52,0,9006.3,2024,7,July,Sunday,51274.52,51274.52
2024-07-14,ORD041962,CUST04960,P004,Smartwatch,Electronics,Ahmedabad,Store,Credit Card,1,7524.84,0.1,7524.84,6772.36,0,1676.81,2024,7,July,Sunday,7524.84,6772.356000000001
2024-07-14,ORD011408,CUST01201,P009,T-Shirt,Fashion,Ahmedabad,Online,Net Banking,4,1298.89,0.1,5195.56,4676.0,0,1258.0,2024,7,July,Sunday,5195.56,4676.004000000001
2024-07-14,ORD042501,CUST01717,P010,Coffee Maker,Home,Kolkata,Online,Net Banking,2,5596.38,0.2,11192.76,8954.21,0,2134.94,2024,7,July,Sunday,11192.76,8954.208
2024-07-14,ORD000038,CUST00826,P017,Jeans,Fashion,Delhi,Online,Net Banking,2,2901.7,0.05,5803.4,5513.23,0,702.13,2024,7,July,Sunday,5803.4,5513.23
2024-07-14,ORD044750,CUST02265,P016,Sofa,Furniture,Surat,Store,Debit Card,1,36402.2,0.1,36402.2,32761.98,0,9091.87,2024,7,July,Sunday,36402.2,32761.98
2024-07-14,ORD048165,CUST03908,P006,Desk,Furniture,Mumbai,Store,UPI,1,13065.68,0.05,13065.68,12412.4,0,2017.95,2024,7,July,Sunday,13065.68,12412.395999999999
2024-07-14,ORD032541,CUST01246,P003,Headphones,Electronics,Ahmedabad,Store,Credit Card,2,4829.36,0.1,9658.72,8692.85,0,2064.3,2024,7,July,Sunday,9658.72,8692.848
2024-07-14,ORD040562,CUST00244,P013,Monitor,Electronics,Jaipur,Store,Debit Card,1,19508.36,0.15,19508.36,16582.11,0,1501.06,2024,7,July,Sunday,19508.36,16582.106
2024-07-14,ORD046084,CUST03390,P002,Smartphone,Electronics,Bengaluru,Online,Debit Card,2,25975.33,0.0,51950.66,51950.66,0,6624.74,2024,7,July,Sunday,51950.66,51950.66
2024-07-14,ORD036784,CUST01797,P002,Smartphone,Electronics,Bengaluru,Store,Credit Card,2,29546.55,0.1,59093.1,53183.79,0,11749.59,2024,7,July,Sunday,59093.1,53183.79
2024-07-14,ORD035501,CUST03234,P012,Air Fryer,Home,Chennai,Online,Credit Card,2,7075.38,0.0,14150.76,14150.76,0,1249.05,2024,7,July,Sunday,14150.76,14150.76
2024-07-14,ORD043533,CUST04116,P018,Jacket,Fashion,Ahmedabad,Store,UPI,2,4900.43,0.05,9800.86,9310.82,0,2260.79,2024,7,July,Sunday,9800.86,9310.817000000001
2024-07-14,ORD038727,CUST04255,P006,Desk,Furniture,Mumbai,Online,UPI,1,12497.15,0.2,12497.15,9997.72,0,1981.73,2024,7,July,Sunday,12497.15,9997.720000000001
2024-07-14,ORD017270,CUST01865,P013,Monitor,Electronics,Chennai,Online,UPI,1,16369.33,0.05,16369.33,15550.86,0,1670.51,2024,7,July,Sunday,16369.33,15550.8635
2024-07-14,ORD029271,CUST01542,P017,Jeans,Fashion,Surat,Store,UPI,1,2522.45,0.15,2522.45,2144.08,0,429.13,2024,7,July,Sunday,2522.45,2144.0825
2024-07-14,ORD011023,CUST00709,P001,Laptop,Electronics,Mumbai,Store,Credit Card,4,71193.79,0.0,284775.16,284775.16,0,61498.99,2024,7,July,Sunday,284775.16,284775.16
2024-07-14,ORD021455,CUST02559,P006,Desk,Furniture,Jaipur,Online,Credit Card,3,12331.52,0.15,36994.56,31445.38,0,5583.06,2024,7,July,Sunday,36994.56,31445.375999999997
2024-07-14,ORD025025,CUST03888,P006,Desk,Furniture,Pune,Online,Credit Card,2,11995.49,0.0,23990.98,23990.98,0,3565.75,2024,7,July,Sunday,23990.98,23990.98
2024-07-14,ORD047457,CUST00169,P012,Air Fryer,Home,Pune,Online,UPI,5,6625.77,0.1,33128.85,29815.97,0,5328.61,2024,7,July,Sunday,33128.850000000006,29815.965
2024-07-14,ORD027916,CUST03781,P008,Running Shoes,Fashion,Ahmedabad,Online,UPI,1,4119.78,0.05,4119.78,3913.79,0,649.04,2024,7,July,Sunday,4119.78,3913.7909999999997
2024-07-14,ORD004886,CUST01236,P010,Coffee Maker,Home,Chennai,Store,UPI,4,5640.54,0.0,22562.16,22562.16,0,5712.65,2024,7,July,Sunday,22562.16,22562.16
2024-07-14,ORD039090,CUST01125,P007,Backpack,Accessories,Kolkata,Online,Net Banking,1,2206.18,0.05,2206.18,2095.87,0,477.88,2024,7,July,Sunday,2206.18,2095.8709999999996
2024-07-14,ORD015465,CUST02650,P001,Laptop,Electronics,Hyderabad,Online,Net Banking,1,59029.25,0.0,59029.25,59029.25,0,5935.86,2024,7,July,Sunday,59029.25,59029.25
2024-07-14,ORD017174,CUST01868,P001,Laptop,Electronics,Pune,Online,Credit Card,4,63094.4,0.05,252377.6,239758.72,0,60493.25,2024,7,July,Sunday,252377.6,239758.72
2024-07-14,ORD037479,CUST02262,P003,Headphones,Electronics,Surat,Store,Cash,2,4728.02,0.2,9456.04,7564.83,0,500.44,2024,7,July,Sunday,9456.04,7564.832000000001
2024-07-14,ORD000316,CUST02188,P018,Jacket,Fashion,Kolkata,Online,UPI,3,5392.54,0.15,16177.62,13750.98,0,1562.4,2024,7,July,Sunday,16177.619999999999,13750.977
2024-07-14,ORD032933,CUST04876,P008,Running Shoes,Fashion,Chennai,Online,Net Banking,1,4372.05,0.1,4372.05,3934.84,0,843.38,2024,7,July,Sunday,4372.05,3934.8450000000003
2024-07-14,ORD001245,CUST03976,P010,Coffee Maker,Home,Ahmedabad,Online,Debit Card,2,5403.09,0.15,10806.18,9185.25,0,1275.71,2024,7,July,Sunday,10806.18,9185.253
2024-07-14,ORD009426,CUST01643,P010,Coffee Maker,Home,Delhi,Online,UPI,4,4992.45,0.05,19969.8,18971.31,0,5370.36,2024,7,July,Sunday,19969.8,18971.309999999998
2024-07-14,ORD016585,CUST00626,P004,Smartwatch,Electronics,Kolkata,Online,UPI,1,7506.74,0.2,7506.74,6005.39,0,316.88,2024,7,July,Sunday,7506.74,6005.392
2024-07-14,ORD019230,CUST00555,P003,Headphones,Electronics,Delhi,Store,UPI,1,4680.64,0.15,4680.64,3978.54,0,425.41,2024,7,July,Sunday,4680.64,3978.5440000000003
2024-07-14,ORD034505,CUST02757,P009,T-Shirt,Fashion,Jaipur,Online,Debit Card,3,1112.93,0.2,3338.79,2671.03,0,543.51,2024,7,July,Sunday,3338.79,2671.032
2024-07-14,ORD040659,CUST02331,P019,Vacuum Cleaner,Home,Pune,Online,Credit Card,1,8282.96,0.1,8282.96,7454.66,0,1121.37,2024,7,July,Sunday,8282.96,7454.664
2024-07-14,ORD002251,CUST02249,P001,Laptop,Electronics,Hyderabad,Store,UPI,4,69511.92,0.1,278047.68,250242.91,0,55721.8,2024,7,July,Sunday,278047.68,250242.912
2024-07-14,ORD040927,CUST04992,P006,Desk,Furniture,Mumbai,Store,Credit Card,1,12706.88,0.05,12706.88,12071.54,0,1734.79,2024,7,July,Sunday,12706.88,12071.535999999998
2024-07-14,ORD023046,CUST01120,P001,Laptop,Electronics,Chennai,Store,UPI,1,59711.44,0.0,59711.44,59711.44,0,6540.03,2024,7,July,Sunday,59711.44,59711.44
2024-07-14,ORD049757,CUST03227,P014,Keyboard,Electronics,Chennai,Online,UPI,2,2378.21,0.05,4756.42,4518.6,0,615.05,2024,7,July,Sunday,4756.42,4518.599
2024-07-14,ORD017938,CUST04400,P012,Air Fryer,Home,Kolkata,Online,Net Banking,1,7788.81,0.1,7788.81,7009.93,0,684.56,2024,7,July,Sunday,7788.81,7009.929
2024-07-14,ORD034546,CUST04231,P001,Laptop,Electronics,Pune,Store,UPI,2,64386.91,0.1,128773.82,115896.44,0,19833.95,2024,7,July,Sunday,128773.82,115896.43800000001
2024-07-14,ORD017794,CUST00236,P008,Running Shoes,Fashion,Chennai,Online,Credit Card,2,4383.55,0.05,8767.1,8328.75,1,-416.44,2024,7,July,Sunday,8767.1,8328.745
2024-07-14,ORD041657,CUST01878,P013,Monitor,Electronics,Bengaluru,Online,Credit Card,2,19666.2,0.0,39332.4,39332.4,0,9306.18,2024,7,July,Sunday,39332.4,39332.4
2024-07-14,ORD013135,CUST03414,P011,Mixer Grinder,Home,Mumbai,Online,UPI,2,5147.35,0.15,10294.7,8750.5,0,1472.57,2024,7,July,Sunday,10294.7,8750.495
2024-07-14,ORD001860,CUST00600,P012,Air Fryer,Home,Ahmedabad,Online,Credit Card,1,7531.74,0.25,7531.74,5648.8,0,884.37,2024,7,July,Sunday,7531.74,5648.805
2024-07-14,ORD046365,CUST03268,P020,Microwave,Home,Surat,Online,UPI,4,9937.41,0.0,39749.64,39749.64,0,6283.82,2024,7,July,Sunday,39749.64,39749.64
2024-07-14,ORD034538,CUST01333,P007,Backpack,Accessories,Kolkata,Online,UPI,1,2038.97,0.05,2038.97,1937.02,0,305.81,2024,7,July,Sunday,2038.97,1937.0214999999998
2024-07-14,ORD036059,CUST02290,P001,Laptop,Electronics,Chennai,Online,Debit Card,1,62916.71,0.05,62916.71,59770.87,0,6172.6,2024,7,July,Sunday,62916.71,59770.8745
2024-07-14,ORD049678,CUST00694,P020,Microwave,Home,Kolkata,Store,Debit Card,1,11320.24,0.0,11320.24,11320.24,0,1295.96,2024,7,July,Sunday,11320.24,11320.24
2024-07-14,ORD005784,CUST04188,P002,Smartphone,Electronics,Kolkata,Online,UPI,4,26909.38,0.0,107637.52,107637.52,0,19265.09,2024,7,July,Sunday,107637.52,107637.52
2024-07-14,ORD031201,CUST00288,P001,Laptop,Electronics,Surat,Online,Credit Card,1,70253.8,0.05,70253.8,66741.11,0,15303.31,2024,7,July,Sunday,70253.8,66741.11
2024-07-14,ORD023136,CUST03717,P008,Running Shoes,Fashion,Kolkata,Online,Cash,1,3831.13,0.15,3831.13,3256.46,0,765.75,2024,7,July,Sunday,3831.13,3256.4605
2024-07-14,ORD045317,CUST03965,P019,Vacuum Cleaner,Home,Pune,Store,UPI,1,9029.0,0.0,9029.0,9029.0,0,1666.81,2024,7,July,Sunday,9029.0,9029.0
2024-07-14,ORD026330,CUST02423,P002,Smartphone,Electronics,Jaipur,Store,Credit Card,3,30207.74,0.15,90623.22,77029.74,0,19908.8,2024,7,July,Sunday,90623.22,77029.737
2024-07-14,ORD001893,CUST00126,P011,Mixer Grinder,Home,Hyderabad,Online,Debit Card,1,4483.41,0.1,4483.41,4035.07,0,541.25,2024,7,July,Sunday,4483.41,4035.069
2024-07-14,ORD003458,CUST00151,P019,Vacuum Cleaner,Home,Chennai,Store,Credit Card,1,8815.4,0.0,8815.4,8815.4,1,-440.77,2024,7,July,Sunday,8815.4,8815.4
2024-07-14,ORD025989,CUST01863,P006,Desk,Furniture,Bengaluru,Store,Credit Card,1,11515.82,0.0,11515.82,11515.82,0,1887.59,2024,7,July,Sunday,11515.82,11515.82
2024-07-14,ORD013184,CUST03494,P007,Backpack,Accessories,Hyderabad,Online,UPI,1,2172.74,0.1,2172.74,1955.47,0,350.77,2024,7,July,Sunday,2172.74,1955.466
2024-07-14,ORD020072,CUST01408,P017,Jeans,Fashion,Mumbai,Online,Cash,3,2836.96,0.0,8510.88,8510.88,0,2189.37,2024,7,July,Sunday,8510.880000000001,8510.88
2024-07-15,ORD032417,CUST03006,P002,Smartphone,Electronics,Jaipur,Online,Credit Card,4,26497.18,0.05,105988.72,100689.28,0,12062.45,2024,7,July,Monday,105988.72,100689.284
2024-07-15,ORD024563,CUST00557,P018,Jacket,Fashion,Jaipur,Store,Debit Card,1,4815.18,0.05,4815.18,4574.42,0,504.19,2024,7,July,Monday,4815.18,4574.421
2024-07-15,ORD020427,CUST02952,P011,Mixer Grinder,Home,Ahmedabad,Store,Debit Card,3,5139.96,0.1,15419.88,13877.89,0,2176.44,2024,7,July,Monday,15419.880000000001,13877.892
2024-07-15,ORD001166,CUST03905,P018,Jacket,Fashion,Bengaluru,Online,UPI,1,5552.66,0.25,5552.66,4164.5,0,922.69,2024,7,July,Monday,5552.66,4164.495
2024-07-15,ORD034703,CUST02625,P004,Smartwatch,Electronics,Surat,Online,Debit Card,4,7496.56,0.0,29986.24,29986.24,0,4752.51,2024,7,July,Monday,29986.24,29986.24
2024-07-15,ORD026415,CUST01029,P004,Smartwatch,Electronics,Jaipur,Online,Credit Card,1,6332.51,0.1,6332.51,5699.26,0,672.18,2024,7,July,Monday,6332.51,5699.259
2024-07-15,ORD005358,CUST04474,P006,Desk,Furniture,Jaipur,Store,Debit Card,3,11801.5,0.05,35404.5,33634.28,0,6428.16,2024,7,July,Monday,35404.5,33634.275
2024-07-15,ORD017190,CUST01862,P005,Office Chair,Furniture,Pune,Online,UPI,1,9648.87,0.2,9648.87,7719.1,0,1897.39,2024,7,July,Monday,9648.87,7719.096000000001
2024-07-15,ORD002742,CUST01742,P012,Air Fryer,Home,Pune,Store,Credit Card,1,7803.24,0.15,7803.24,6632.75,0,1399.21,2024,7,July,Monday,7803.24,6632.754
2024-07-15,ORD039753,CUST00468,P016,Sofa,Furniture,Pune,Online,UPI,1,36520.93,0.2,36520.93,29216.74,0,2158.21,2024,7,July,Monday,36520.93,29216.744000000002
2024-07-15,ORD003057,CUST03807,P010,Coffee Maker,Home,Delhi,Store,UPI,1,5130.59,0.2,5130.59,4104.47,0,711.56,2024,7,July,Monday,5130.59,4104.472000000001
2024-07-15,ORD048397,CUST02845,P005,Office Chair,Furniture,Delhi,Store,Debit Card,1,9688.98,0.25,9688.98,7266.74,0,1601.26,2024,7,July,Monday,9688.98,7266.735
2024-07-15,ORD028182,CUST00003,P018,Jacket,Fashion,Chennai,Store,UPI,1,5033.14,0.0,5033.14,5033.14,0,890.4,2024,7,July,Monday,5033.14,5033.14
2024-07-15,ORD020330,CUST04752,P019,Vacuum Cleaner,Home,Surat,Online,Net Banking,2,9513.67,0.15,19027.34,16173.24,0,1689.3,2024,7,July,Monday,19027.34,16173.239
2024-07-15,ORD026062,CUST01638,P004,Smartwatch,Electronics,Kolkata,Online,UPI,2,7114.19,0.15,14228.38,12094.12,0,3005.08,2024,7,July,Monday,14228.38,12094.123
2024-07-15,ORD006682,CUST03291,P016,Sofa,Furniture,Bengaluru,Online,UPI,1,31969.68,0.2,31969.68,25575.74,0,5479.02,2024,7,July,Monday,31969.68,25575.744000000002
2024-07-15,ORD039809,CUST04757,P013,Monitor,Electronics,Pune,Store,UPI,1,16919.34,0.15,16919.34,14381.44,0,1166.89,2024,7,July,Monday,16919.34,14381.439
2024-07-15,ORD029757,CUST00179,P009,T-Shirt,Fashion,Delhi,Online,Cash,1,1179.36,0.0,1179.36,1179.36,0,272.76,2024,7,July,Monday,1179.36,1179.36
2024-07-15,ORD001191,CUST02443,P009,T-Shirt,Fashion,Surat,Store,UPI,2,1157.92,0.15,2315.84,1968.46,0,471.85,2024,7,July,Monday,2315.84,1968.4640000000002
2024-07-15,ORD013973,CUST03718,P008,Running Shoes,Fashion,Pune,Store,UPI,1,4482.44,0.05,4482.44,4258.32,0,805.91,2024,7,July,Monday,4482.44,4258.317999999999
2024-07-15,ORD027153,CUST01912,P019,Vacuum Cleaner,Home,Pune,Online,Debit Card,1,8128.05,0.05,8128.05,7721.65,0,955.81,2024,7,July,Monday,8128.05,7721.6475
2024-07-15,ORD049836,CUST04483,P017,Jeans,Fashion,Delhi,Store,Net Banking,3,3005.94,0.05,9017.82,8566.93,0,2420.19,2024,7,July,Monday,9017.82,8566.929
2024-07-15,ORD017150,CUST03271,P013,Monitor,Electronics,Mumbai,Store,Credit Card,1,17603.12,0.0,17603.12,17603.12,0,3455.34,2024,7,July,Monday,17603.12,17603.12
2024-07-15,ORD019249,CUST02144,P016,Sofa,Furniture,Kolkata,Store,Credit Card,1,31592.34,0.0,31592.34,31592.34,0,5171.95,2024,7,July,Monday,31592.34,31592.34
2024-07-15,ORD005490,CUST03062,P005,Office Chair,Furniture,Hyderabad,Store,UPI,2,10176.34,0.1,20352.68,18317.41,0,1123.52,2024,7,July,Monday,20352.68,18317.412
2024-07-15,ORD010596,CUST03612,P013,Monitor,Electronics,Ahmedabad,Store,UPI,1,17236.9,0.0,17236.9,17236.9,0,4898.33,2024,7,July,Monday,17236.9,17236.9
2024-07-15,ORD049081,CUST04249,P017,Jeans,Fashion,Chennai,Store,Debit Card,2,2657.01,0.15,5314.02,4516.92,0,462.91,2024,7,July,Monday,5314.02,4516.917
2024-07-15,ORD011977,CUST01536,P017,Jeans,Fashion,Mumbai,Online,UPI,4,2597.48,0.15,10389.92,8831.43,0,1904.02,2024,7,July,Monday,10389.92,8831.432
2024-07-15,ORD031473,CUST01719,P003,Headphones,Electronics,Kolkata,Store,Debit Card,1,4321.38,0.0,4321.38,4321.38,0,720.59,2024,7,July,Monday,4321.38,4321.38
2024-07-15,ORD008224,CUST00373,P016,Sofa,Furniture,Delhi,Store,Debit Card,2,35148.31,0.05,70296.62,66781.79,0,10421.12,2024,7,July,Monday,70296.62,66781.78899999999
2024-07-15,ORD038312,CUST03551,P001,Laptop,Electronics,Chennai,Store,UPI,3,71128.11,0.0,213384.33,213384.33,0,29724.72,2024,7,July,Monday,213384.33000000002,213384.33
2024-07-15,ORD040104,CUST03766,P012,Air Fryer,Home,Delhi,Online,Credit Card,1,7077.33,0.15,7077.33,6015.73,0,568.62,2024,7,July,Monday,7077.33,6015.7305
2024-07-15,ORD041332,CUST04692,P018,Jacket,Fashion,Hyderabad,Online,UPI,3,5263.31,0.1,15789.93,14210.94,0,1776.79,2024,7,July,Monday,15789.93,14210.937
2024-07-15,ORD041171,CUST01897,P004,Smartwatch,Electronics,Kolkata,Online,Credit Card,5,7381.89,0.0,36909.45,36909.45,0,4165.55,2024,7,July,Monday,36909.450000000004,36909.45
2024-07-15,ORD008504,CUST03239,P016,Sofa,Furniture,Bengaluru,Online,Credit Card,2,38180.59,0.05,76361.18,72543.12,0,12714.09,2024,7,July,Monday,76361.18,72543.12099999998
2024-07-15,ORD040180,CUST02938,P011,Mixer Grinder,Home,Bengaluru,Online,Credit Card,1,4861.81,0.0,4861.81,4861.81,0,1226.75,2024,7,July,Monday,4861.81,4861.81
2024-07-15,ORD028234,CUST01348,P015,Dining Table,Furniture,Mumbai,Online,UPI,2,21539.59,0.0,43079.18,43079.18,0,5720.32,2024,7,July,Monday,43079.18,43079.18
2024-07-15,ORD032285,CUST03451,P020,Microwave,Home,Hyderabad,Online,UPI,3,11053.84,0.05,33161.52,31503.44,0,5022.79,2024,7,July,Monday,33161.520000000004,31503.443999999996
2024-07-15,ORD010121,CUST04456,P007,Backpack,Accessories,Mumbai,Online,UPI,1,2009.3,0.1,2009.3,1808.37,0,492.7,2024,7,July,Monday,2009.3,1808.37
2024-07-15,ORD048873,CUST00445,P017,Jeans,Fashion,Ahmedabad,Store,Debit Card,2,2925.99,0.1,5851.98,5266.78,0,570.95,2024,7,July,Monday,5851.98,5266.782
2024-07-15,ORD013189,CUST02292,P005,Office Chair,Furniture,Hyderabad,Store,Credit Card,2,10079.15,0.0,20158.3,20158.3,0,5073.04,2024,7,July,Monday,20158.3,20158.3
2024-07-15,ORD030194,CUST03561,P002,Smartphone,Electronics,Ahmedabad,Store,Credit Card,1,30799.27,0.1,30799.27,27719.34,0,5101.1,2024,7,July,Monday,30799.27,27719.343
2024-07-15,ORD027024,CUST03520,P008,Running Shoes,Fashion,Jaipur,Online,Credit Card,1,4214.42,0.1,4214.42,3792.98,0,666.66,2024,7,July,Monday,4214.42,3792.978
2024-07-15,ORD047431,CUST02646,P008,Running Shoes,Fashion,Surat,Online,UPI,2,4548.21,0.05,9096.42,8641.6,0,1605.75,2024,7,July,Monday,9096.42,8641.599
2024-07-15,ORD041242,CUST00191,P017,Jeans,Fashion,Hyderabad,Online,Debit Card,3,2876.67,0.15,8630.01,7335.51,1,-366.78,2024,7,July,Monday,8630.01,7335.5085
2024-07-15,ORD015317,CUST02512,P005,Office Chair,Furniture,Pune,Store,Debit Card,1,9073.49,0.0,9073.49,9073.49,0,1450.58,2024,7,July,Monday,9073.49,9073.49
2024-07-15,ORD038750,CUST03294,P003,Headphones,Electronics,Pune,Online,UPI,1,4788.48,0.15,4788.48,4070.21,0,1039.15,2024,7,July,Monday,4788.48,4070.2079999999996
2024-07-15,ORD010081,CUST01997,P011,Mixer Grinder,Home,Surat,Online,Cash,4,4465.72,0.0,17862.88,17862.88,0,4580.29,2024,7,July,Monday,17862.88,17862.88
2024-07-15,ORD044883,CUST03818,P007,Backpack,Accessories,Surat,Online,UPI,3,2010.42,0.0,6031.26,6031.26,0,803.6,2024,7,July,Monday,6031.26,6031.26
2024-07-15,ORD014089,CUST04685,P012,Air Fryer,Home,Hyderabad,Store,UPI,2,7718.31,0.15,15436.62,13121.13,0,1160.53,2024,7,July,Monday,15436.62,13121.127
2024-07-15,ORD029368,CUST03710,P015,Dining Table,Furniture,Chennai,Online,UPI,1,22188.33,0.0,22188.33,22188.33,0,3399.89,2024,7,July,Monday,22188.33,22188.33
2024-07-15,ORD021280,CUST04541,P011,Mixer Grinder,Home,Delhi,Online,Debit Card,1,4809.36,0.1,4809.36,4328.42,0,1008.61,2024,7,July,Monday,4809.36,4328.424
2024-07-15,ORD026779,CUST01236,P013,Monitor,Electronics,Delhi,Store,Debit Card,1,16812.96,0.0,16812.96,16812.96,0,1531.95,2024,7,July,Monday,16812.96,16812.96
2024-07-15,ORD035257,CUST02757,P001,Laptop,Electronics,Delhi,Store,Credit Card,1,63291.79,0.2,63291.79,50633.43,0,2989.38,2024,7,July,Monday,63291.79,50633.432
2024-07-15,ORD027065,CUST04477,P009,T-Shirt,Fashion,Hyderabad,Online,Debit Card,1,1133.79,0.15,1133.79,963.72,0,225.52,2024,7,July,Monday,1133.79,963.7215
2024-07-15,ORD005841,CUST00995,P009,T-Shirt,Fashion,Hyderabad,Store,Cash,1,1146.82,0.1,1146.82,1032.14,0,159.96,2024,7,July,Monday,1146.82,1032.138
2024-07-15,ORD006627,CUST02465,P015,Dining Table,Furniture,Hyderabad,Store,Debit Card,2,21690.12,0.1,43380.24,39042.22,0,6556.16,2024,7,July,Monday,43380.24,39042.216
2024-07-15,ORD041822,CUST02710,P001,Laptop,Electronics,Chennai,Online,UPI,1,62646.36,0.0,62646.36,62646.36,0,6657.81,2024,7,July,Monday,62646.36,62646.36
2024-07-15,ORD031937,CUST04092,P020,Microwave,Home,Kolkata,Online,Credit Card,4,10360.27,0.1,41441.08,37296.97,1,-1864.85,2024,7,July,Monday,41441.08,37296.972
2024-07-15,ORD021069,CUST00935,P010,Coffee Maker,Home,Hyderabad,Online,Credit Card,5,5183.01,0.1,25915.05,23323.54,0,5543.7,2024,7,July,Monday,25915.050000000003,23323.545
2024-07-15,ORD013379,CUST02778,P014,Keyboard,Electronics,Chennai,Store,UPI,2,2253.6,0.1,4507.2,4056.48,0,334.31,2024,7,July,Monday,4507.2,4056.48
2024-07-15,ORD034619,CUST00326,P005,Office Chair,Furniture,Hyderabad,Online,Debit Card,1,9633.57,0.1,9633.57,8670.21,0,2391.66,2024,7,July,Monday,9633.57,8670.213
2024-07-15,ORD012918,CUST04080,P005,Office Chair,Furniture,Chennai,Online,UPI,1,9655.95,0.1,9655.95,8690.36,0,1017.26,2024,7,July,Monday,9655.95,8690.355000000001
2024-07-15,ORD045511,CUST00566,P020,Microwave,Home,Kolkata,Online,Net Banking,1,10088.95,0.0,10088.95,10088.95,0,866.24,2024,7,July,Monday,10088.95,10088.95
2024-07-15,ORD012335,CUST03461,P010,Coffee Maker,Home,Jaipur,Online,Debit Card,4,5401.74,0.05,21606.96,20526.61,0,1968.55,2024,7,July,Monday,21606.96,20526.611999999997
2024-07-15,ORD002236,CUST01371,P017,Jeans,Fashion,Ahmedabad,Store,Cash,1,2746.42,0.1,2746.42,2471.78,0,341.44,2024,7,July,Monday,2746.42,2471.7780000000002
2024-07-15,ORD026155,CUST00716,P015,Dining Table,Furniture,Bengaluru,Store,Credit Card,4,20847.38,0.1,83389.52,75050.57,0,15713.36,2024,7,July,Monday,83389.52,75050.568
2024-07-15,ORD024284,CUST00985,P003,Headphones,Electronics,Pune,Online,UPI,1,4897.98,0.15,4897.98,4163.28,0,882.42,2024,7,July,Monday,4897.98,4163.282999999999
2024-07-15,ORD037600,CUST04722,P014,Keyboard,Electronics,Hyderabad,Store,UPI,2,2653.76,0.05,5307.52,5042.14,0,913.17,2024,7,July,Monday,5307.52,5042.144
2024-07-15,ORD009684,CUST00464,P005,Office Chair,Furniture,Bengaluru,Online,Credit Card,1,10408.55,0.0,10408.55,10408.55,0,2042.6,2024,7,July,Monday,10408.55,10408.55
2024-07-15,ORD002601,CUST02984,P020,Microwave,Home,Hyderabad,Online,Credit Card,1,11984.21,0.1,11984.21,10785.79,0,932.87,2024,7,July,Monday,11984.21,10785.788999999999
2024-07-15,ORD019007,CUST02367,P017,Jeans,Fashion,Mumbai,Store,UPI,2,2705.84,0.15,5411.68,4599.93,0,643.96,2024,7,July,Monday,5411.68,4599.928
2024-07-15,ORD039331,CUST04167,P001,Laptop,Electronics,Surat,Online,UPI,1,67735.43,0.1,67735.43,60961.89,0,10698.89,2024,7,July,Monday,67735.43,60961.886999999995
2024-07-15,ORD002074,CUST02695,P006,Desk,Furniture,Mumbai,Store,UPI,1,12455.64,0.05,12455.64,11832.86,0,3025.63,2024,7,July,Monday,12455.64,11832.857999999998
2024-07-15,ORD000385,CUST02781,P019,Vacuum Cleaner,Home,Chennai,Store,Debit Card,1,8614.26,0.05,8614.26,8183.55,0,1139.65,2024,7,July,Monday,8614.26,8183.547
2024-07-15,ORD031464,CUST00408,P012,Air Fryer,Home,Mumbai,Store,Cash,4,7674.38,0.05,30697.52,29162.64,1,-1458.13,2024,7,July,Monday,30697.52,29162.644
2024-07-16,ORD013984,CUST01799,P010,Coffee Maker,Home,Pune,Online,Cash,5,5078.46,0.05,25392.3,24122.68,0,4925.36,2024,7,July,Tuesday,25392.3,24122.684999999998
2024-07-16,ORD003865,CUST04653,P006,Desk,Furniture,Mumbai,Online,UPI,1,12463.57,0.05,12463.57,11840.39,0,3192.3,2024,7,July,Tuesday,12463.57,11840.3915
2024-07-16,ORD003283,CUST01186,P012,Air Fryer,Home,Ahmedabad,Online,Debit Card,2,6529.41,0.1,13058.82,11752.94,0,1666.52,2024,7,July,Tuesday,13058.82,11752.938
2024-07-16,ORD005816,CUST03177,P006,Desk,Furniture,Pune,Online,Cash,1,10847.89,0.05,10847.89,10305.5,0,2106.39,2024,7,July,Tuesday,10847.89,10305.495499999999
2024-07-16,ORD011049,CUST04997,P016,Sofa,Furniture,Ahmedabad,Online,Credit Card,1,35540.27,0.0,35540.27,35540.27,0,7729.99,2024,7,July,Tuesday,35540.27,35540.27
2024-07-16,ORD025110,CUST01084,P010,Coffee Maker,Home,Pune,Store,UPI,2,5474.6,0.15,10949.2,9306.82,0,2484.7,2024,7,July,Tuesday,10949.2,9306.82
2024-07-16,ORD012133,CUST00242,P012,Air Fryer,Home,Hyderabad,Store,Net Banking,3,7366.01,0.05,22098.03,20993.13,0,5368.28,2024,7,July,Tuesday,22098.03,20993.1285
2024-07-16,ORD044193,CUST03517,P015,Dining Table,Furniture,Pune,Online,Net Banking,1,20423.71,0.15,20423.71,17360.15,0,3593.89,2024,7,July,Tuesday,20423.71,17360.1535
2024-07-16,ORD043387,CUST01220,P009,T-Shirt,Fashion,Surat,Online,Credit Card,2,1220.71,0.2,2441.42,1953.14,0,471.92,2024,7,July,Tuesday,2441.42,1953.1360000000002
2024-07-16,ORD013995,CUST04531,P014,Keyboard,Electronics,Surat,Store,Debit Card,1,2431.11,0.1,2431.11,2188.0,0,198.55,2024,7,July,Tuesday,2431.11,2187.9990000000003
2024-07-16,ORD039979,CUST00264,P013,Monitor,Electronics,Chennai,Store,Credit Card,1,17504.73,0.15,17504.73,14879.02,0,1445.31,2024,7,July,Tuesday,17504.73,14879.020499999999
2024-07-16,ORD043354,CUST04223,P014,Keyboard,Electronics,Ahmedabad,Store,UPI,2,2712.23,0.05,5424.46,5153.24,0,714.27,2024,7,July,Tuesday,5424.46,5153.237
2024-07-16,ORD025049,CUST01492,P014,Keyboard,Electronics,Delhi,Online,Credit Card,1,2357.26,0.05,2357.26,2239.4,0,648.74,2024,7,July,Tuesday,2357.26,2239.397
2024-07-16,ORD017332,CUST03554,P011,Mixer Grinder,Home,Bengaluru,Store,Debit Card,1,5107.1,0.0,5107.1,5107.1,0,605.07,2024,7,July,Tuesday,5107.1,5107.1
2024-07-16,ORD041151,CUST03305,P009,T-Shirt,Fashion,Jaipur,Store,UPI,1,1184.88,0.15,1184.88,1007.15,0,245.67,2024,7,July,Tuesday,1184.88,1007.148
2024-07-16,ORD018795,CUST04817,P007,Backpack,Accessories,Jaipur,Store,Debit Card,1,2335.27,0.1,2335.27,2101.74,0,145.52,2024,7,July,Tuesday,2335.27,2101.743
2024-07-16,ORD020335,CUST02892,P002,Smartphone,Electronics,Ahmedabad,Online,Credit Card,2,25935.83,0.05,51871.66,49278.08,0,11050.2,2024,7,July,Tuesday,51871.66,49278.077
2024-07-16,ORD016082,CUST01762,P015,Dining Table,Furniture,Jaipur,Online,Cash,3,23526.37,0.1,70579.11,63521.2,0,7244.75,2024,7,July,Tuesday,70579.11,63521.199
2024-07-16,ORD023889,CUST01401,P014,Keyboard,Electronics,Surat,Store,UPI,1,2462.33,0.15,2462.33,2092.98,0,210.93,2024,7,July,Tuesday,2462.33,2092.9804999999997
2024-07-16,ORD033647,CUST01667,P010,Coffee Maker,Home,Bengaluru,Online,Credit Card,2,5119.76,0.25,10239.52,7679.64,0,579.22,2024,7,July,Tuesday,10239.52,7679.64
2024-07-16,ORD020185,CUST01664,P018,Jacket,Fashion,Delhi,Store,UPI,2,5297.9,0.15,10595.8,9006.43,1,-450.32,2024,7,July,Tuesday,10595.8,9006.429999999998
2024-07-16,ORD023271,CUST02444,P018,Jacket,Fashion,Kolkata,Online,Debit Card,1,5390.74,0.2,5390.74,4312.59,0,190.0,2024,7,July,Tuesday,5390.74,4312.592
2024-07-16,ORD019478,CUST02288,P008,Running Shoes,Fashion,Hyderabad,Online,Debit Card,2,4130.06,0.0,8260.12,8260.12,0,1865.17,2024,7,July,Tuesday,8260.12,8260.12
2024-07-16,ORD000477,CUST00902,P012,Air Fryer,Home,Ahmedabad,Online,UPI,2,7409.57,0.15,14819.14,12596.27,0,2145.77,2024,7,July,Tuesday,14819.14,12596.268999999998
2024-07-16,ORD035227,CUST01732,P001,Laptop,Electronics,Kolkata,Store,UPI,1,63036.69,0.1,63036.69,56733.02,0,11369.38,2024,7,July,Tuesday,63036.69,56733.021
2024-07-16,ORD000590,CUST03063,P018,Jacket,Fashion,Pune,Online,Credit Card,1,5523.37,0.15,5523.37,4694.86,0,1213.03,2024,7,July,Tuesday,5523.37,4694.8645
2024-07-16,ORD039265,CUST03117,P009,T-Shirt,Fashion,Pune,Online,Credit Card,2,1291.54,0.1,2583.08,2324.77,1,-116.24,2024,7,July,Tuesday,2583.08,2324.772
2024-07-16,ORD047707,CUST04022,P009,T-Shirt,Fashion,Kolkata,Online,UPI,3,1212.56,0.1,3637.68,3273.91,0,383.6,2024,7,July,Tuesday,3637.68,3273.912
2024-07-16,ORD012774,CUST04258,P016,Sofa,Furniture,Hyderabad,Online,UPI,1,32264.72,0.15,32264.72,27425.01,0,1726.35,2024,7,July,Tuesday,32264.72,27425.012
2024-07-16,ORD016925,CUST04540,P017,Jeans,Fashion,Surat,Online,Credit Card,1,2814.76,0.0,2814.76,2814.76,0,376.9,2024,7,July,Tuesday,2814.76,2814.76
2024-07-16,ORD016031,CUST01267,P004,Smartwatch,Electronics,Ahmedabad,Store,UPI,2,7083.75,0.0,14167.5,14167.5,0,3636.9,2024,7,July,Tuesday,14167.5,14167.5
2024-07-16,ORD035249,CUST02346,P016,Sofa,Furniture,Jaipur,Online,Net Banking,2,33858.62,0.15,67717.24,57559.65,0,10344.35,2024,7,July,Tuesday,67717.24,57559.654
2024-07-16,ORD039557,CUST02466,P001,Laptop,Electronics,Chennai,Store,UPI,2,64668.98,0.2,129337.96,103470.37,0,19171.42,2024,7,July,Tuesday,129337.96,103470.36800000002
2024-07-16,ORD034383,CUST02250,P002,Smartphone,Electronics,Ahmedabad,Store,Credit Card,2,30597.57,0.1,61195.14,55075.63,0,11180.94,2024,7,July,Tuesday,61195.14,55075.626000000004
2024-07-16,ORD012224,CUST00889,P019,Vacuum Cleaner,Home,Surat,Store,Credit Card,1,9342.84,0.2,9342.84,7474.27,0,505.43,2024,7,July,Tuesday,9342.84,7474.272000000001
2024-07-16,ORD015620,CUST02525,P005,Office Chair,Furniture,Chennai,Online,Credit Card,2,9197.9,0.1,18395.8,16556.22,0,1480.61,2024,7,July,Tuesday,18395.8,16556.22
2024-07-16,ORD040331,CUST01802,P001,Laptop,Electronics,Kolkata,Online,Net Banking,2,59950.51,0.15,119901.02,101915.87,0,26527.1,2024,7,July,Tuesday,119901.02,101915.867
2024-07-16,ORD028055,CUST01727,P012,Air Fryer,Home,Kolkata,Online,Credit Card,1,7468.49,0.1,7468.49,6721.64,0,1480.59,2024,7,July,Tuesday,7468.49,6721.641
2024-07-16,ORD025462,CUST04671,P013,Monitor,Electronics,Bengaluru,Online,Credit Card,1,19239.12,0.05,19239.12,18277.16,0,2245.96,2024,7,July,Tuesday,19239.12,18277.163999999997
2024-07-16,ORD015619,CUST01999,P003,Headphones,Electronics,Mumbai,Store,UPI,1,4350.29,0.2,4350.29,3480.23,0,152.57,2024,7,July,Tuesday,4350.29,3480.232
2024-07-16,ORD031346,CUST02757,P020,Microwave,Home,Bengaluru,Online,Debit Card,1,11912.83,0.1,11912.83,10721.55,0,662.23,2024,7,July,Tuesday,11912.83,10721.547
2024-07-16,ORD025446,CUST03307,P002,Smartphone,Electronics,Surat,Store,UPI,1,28990.2,0.1,28990.2,26091.18,0,5928.14,2024,7,July,Tuesday,28990.2,26091.18
2024-07-16,ORD035997,CUST03366,P010,Coffee Maker,Home,Surat,Online,UPI,1,5721.27,0.15,5721.27,4863.08,0,978.9,2024,7,July,Tuesday,5721.27,4863.0795
2024-07-16,ORD026175,CUST00587,P001,Laptop,Electronics,Bengaluru,Store,Cash,1,68781.29,0.15,68781.29,58464.1,0,12359.0,2024,7,July,Tuesday,68781.29,58464.09649999999
2024-07-16,ORD021899,CUST00222,P017,Jeans,Fashion,Delhi,Online,UPI,2,2690.67,0.1,5381.34,4843.21,1,-242.16,2024,7,July,Tuesday,5381.34,4843.206
2024-07-16,ORD043055,CUST04622,P001,Laptop,Electronics,Chennai,Store,Net Banking,1,59290.2,0.15,59290.2,50396.67,0,9733.5,2024,7,July,Tuesday,59290.2,50396.67
2024-07-16,ORD002900,CUST00377,P016,Sofa,Furniture,Bengaluru,Online,UPI,1,31520.54,0.1,31520.54,28368.49,0,2147.97,2024,7,July,Tuesday,31520.54,28368.486
2024-07-16,ORD016042,CUST00505,P005,Office Chair,Furniture,Surat,Online,Credit Card,2,10144.32,0.1,20288.64,18259.78,0,1767.57,2024,7,July,Tuesday,20288.64,18259.776
2024-07-16,ORD033363,CUST02005,P013,Monitor,Electronics,Hyderabad,Online,Cash,2,16519.1,0.0,33038.2,33038.2,0,5580.19,2024,7,July,Tuesday,33038.2,33038.2
2024-07-16,ORD035929,CUST04988,P007,Backpack,Accessories,Chennai,Online,Debit Card,4,2013.62,0.0,8054.48,8054.48,0,1043.91,2024,7,July,Tuesday,8054.48,8054.48
2024-07-16,ORD013291,CUST02724,P019,Vacuum Cleaner,Home,Hyderabad,Online,UPI,1,8205.47,0.15,8205.47,6974.65,0,592.4,2024,7,July,Tuesday,8205.47,6974.6494999999995
2024-07-16,ORD014325,CUST03587,P001,Laptop,Electronics,Delhi,Online,Credit Card,3,58735.75,0.05,176207.25,167396.89,0,48140.98,2024,7,July,Tuesday,176207.25,167396.88749999998
2024-07-16,ORD048467,CUST01059,P010,Coffee Maker,Home,Pune,Online,Debit Card,4,5861.04,0.1,23444.16,21099.74,0,4456.11,2024,7,July,Tuesday,23444.16,21099.744
2024-07-16,ORD028427,CUST00693,P010,Coffee Maker,Home,Bengaluru,Store,Credit Card,1,5634.98,0.0,5634.98,5634.98,0,955.58,2024,7,July,Tuesday,5634.98,5634.98
2024-07-16,ORD001045,CUST04639,P008,Running Shoes,Fashion,Ahmedabad,Online,Cash,1,4157.38,0.05,4157.38,3949.51,0,1020.36,2024,7,July,Tuesday,4157.38,3949.511
2024-07-16,ORD026056,CUST02017,P018,Jacket,Fashion,Kolkata,Online,Credit Card,1,4853.84,0.0,4853.84,4853.84,0,1407.66,2024,7,July,Tuesday,4853.84,4853.84
2024-07-16,ORD048411,CUST01685,P003,Headphones,Electronics,Jaipur,Online,Debit Card,1,4611.4,0.15,4611.4,3919.69,0,821.41,2024,7,July,Tuesday,4611.4,3919.6899999999996
2024-07-16,ORD014586,CUST04799,P015,Dining Table,Furniture,Kolkata,Store,UPI,2,21291.51,0.05,42583.02,40453.87,0,4254.46,2024,7,July,Tuesday,42583.02,40453.86899999999
2024-07-16,ORD018052,CUST00426,P015,Dining Table,Furniture,Jaipur,Store,Credit Card,2,22900.0,0.05,45800.0,43510.0,0,11268.99,2024,7,July,Tuesday,45800.0,43510.0
2024-07-16,ORD044547,CUST03063,P010,Coffee Maker,Home,Jaipur,Store,Debit Card,1,5925.16,0.05,5925.16,5628.9,0,1424.41,2024,7,July,Tuesday,5925.16,5628.902
2024-07-16,ORD045831,CUST02166,P015,Dining Table,Furniture,Jaipur,Online,Credit Card,1,24013.49,0.1,24013.49,21612.14,0,6013.83,2024,7,July,Tuesday,24013.49,21612.141000000003
2024-07-16,ORD001103,CUST01764,P009,T-Shirt,Fashion,Delhi,Online,Credit Card,2,1164.39,0.15,2328.78,1979.46,0,370.09,2024,7,July,Tuesday,2328.78,1979.4630000000002
2024-07-16,ORD033194,CUST04825,P002,Smartphone,Electronics,Pune,Store,UPI,4,30597.62,0.15,122390.48,104031.91,0,23367.57,2024,7,July,Tuesday,122390.48,104031.908
2024-07-16,ORD025888,CUST03309,P009,T-Shirt,Fashion,Pune,Online,UPI,1,1316.42,0.15,1316.42,1118.96,0,111.2,2024,7,July,Tuesday,1316.42,1118.957
2024-07-16,ORD027461,CUST02103,P018,Jacket,Fashion,Chennai,Online,Credit Card,2,5538.89,0.0,11077.78,11077.78,1,-553.89,2024,7,July,Tuesday,11077.78,11077.78
2024-07-16,ORD038068,CUST01652,P012,Air Fryer,Home,Chennai,Store,UPI,1,7404.32,0.05,7404.32,7034.1,1,-351.71,2024,7,July,Tuesday,7404.32,7034.103999999999
2024-07-17,ORD016484,CUST02808,P004,Smartwatch,Electronics,Kolkata,Online,UPI,1,7220.94,0.15,7220.94,6137.8,0,791.87,2024,7,July,Wednesday,7220.94,6137.798999999999
2024-07-17,ORD033044,CUST02202,P008,Running Shoes,Fashion,Jaipur,Online,Cash,1,4235.76,0.05,4235.76,4023.97,0,776.17,2024,7,July,Wednesday,4235.76,4023.972
2024-07-17,ORD021943,CUST03859,P018,Jacket,Fashion,Pune,Online,Debit Card,1,4891.93,0.15,4891.93,4158.14,0,736.54,2024,7,July,Wednesday,4891.93,4158.1405
2024-07-17,ORD003582,CUST04945,P009,T-Shirt,Fashion,Ahmedabad,Online,Credit Card,1,1259.12,0.1,1259.12,1133.21,0,298.52,2024,7,July,Wednesday,1259.12,1133.2079999999999
2024-07-17,ORD045809,CUST03251,P011,Mixer Grinder,Home,Delhi,Online,UPI,4,4446.94,0.15,17787.76,15119.6,0,3981.73,2024,7,July,Wednesday,17787.76,15119.595999999998
2024-07-17,ORD016865,CUST02604,P004,Smartwatch,Electronics,Delhi,Store,Credit Card,1,6591.51,0.15,6591.51,5602.78,0,892.44,2024,7,July,Wednesday,6591.51,5602.7835000000005
2024-07-17,ORD019025,CUST04203,P016,Sofa,Furniture,Surat,Online,Credit Card,2,34409.18,0.15,68818.36,58495.61,0,4485.57,2024,7,July,Wednesday,68818.36,58495.606
2024-07-17,ORD046025,CUST00556,P019,Vacuum Cleaner,Home,Kolkata,Online,Credit Card,2,9399.55,0.05,18799.1,17859.14,0,4336.44,2024,7,July,Wednesday,18799.1,17859.144999999997
2024-07-17,ORD021659,CUST00277,P003,Headphones,Electronics,Chennai,Online,UPI,1,4336.49,0.05,4336.49,4119.67,0,439.68,2024,7,July,Wednesday,4336.49,4119.665499999999
2024-07-17,ORD028973,CUST03275,P006,Desk,Furniture,Hyderabad,Store,Credit Card,1,11809.77,0.25,11809.77,8857.33,0,1292.5,2024,7,July,Wednesday,11809.77,8857.3275
2024-07-17,ORD001128,CUST02649,P019,Vacuum Cleaner,Home,Kolkata,Online,Cash,1,9239.52,0.25,9239.52,6929.64,0,1283.22,2024,7,July,Wednesday,9239.52,6929.64
2024-07-17,ORD038344,CUST02100,P001,Laptop,Electronics,Bengaluru,Online,Credit Card,1,66241.27,0.0,66241.27,66241.27,0,11914.54,2024,7,July,Wednesday,66241.27,66241.27
2024-07-17,ORD018884,CUST02873,P006,Desk,Furniture,Delhi,Online,Credit Card,1,11739.62,0.0,11739.62,11739.62,0,2972.51,2024,7,July,Wednesday,11739.62,11739.62
2024-07-17,ORD006936,CUST03400,P020,Microwave,Home,Delhi,Online,Credit Card,3,10898.03,0.2,32694.09,26155.27,0,3836.03,2024,7,July,Wednesday,32694.090000000004,26155.272
2024-07-17,ORD048336,CUST01156,P005,Office Chair,Furniture,Ahmedabad,Online,UPI,2,10093.11,0.2,20186.22,16148.98,0,2839.26,2024,7,July,Wednesday,20186.22,16148.976000000002
2024-07-17,ORD001916,CUST03233,P009,T-Shirt,Fashion,Chennai,Online,UPI,1,1186.58,0.05,1186.58,1127.25,0,271.06,2024,7,July,Wednesday,1186.58,1127.251
2024-07-17,ORD027913,CUST04017,P004,Smartwatch,Electronics,Ahmedabad,Online,Credit Card,1,7155.61,0.2,7155.61,5724.49,0,726.83,2024,7,July,Wednesday,7155.61,5724.488
2024-07-17,ORD035282,CUST00635,P001,Laptop,Electronics,Surat,Online,Net Banking,2,64123.05,0.05,128246.1,121833.8,0,30683.21,2024,7,July,Wednesday,128246.1,121833.795
2024-07-17,ORD000201,CUST01450,P007,Backpack,Accessories,Surat,Online,UPI,1,2302.28,0.05,2302.28,2187.17,0,214.69,2024,7,July,Wednesday,2302.28,2187.166
2024-07-17,ORD037903,CUST04717,P009,T-Shirt,Fashion,Bengaluru,Store,Credit Card,3,1317.34,0.1,3952.02,3556.82,0,825.17,2024,7,July,Wednesday,3952.0199999999995,3556.818
2024-07-17,ORD030341,CUST00613,P009,T-Shirt,Fashion,Ahmedabad,Store,Cash,4,1180.65,0.0,4722.6,4722.6,0,409.99,2024,7,July,Wednesday,4722.6,4722.6
2024-07-17,ORD041551,CUST03777,P013,Monitor,Electronics,Mumbai,Store,Credit Card,2,18662.2,0.0,37324.4,37324.4,0,7757.91,2024,7,July,Wednesday,37324.4,37324.4
2024-07-17,ORD005332,CUST04192,P008,Running Shoes,Fashion,Hyderabad,Online,Credit Card,1,4419.42,0.1,4419.42,3977.48,0,397.07,2024,7,July,Wednesday,4419.42,3977.478
2024-07-17,ORD002343,CUST04694,P010,Coffee Maker,Home,Pune,Online,Credit Card,1,5507.0,0.2,5507.0,4405.6,0,313.19,2024,7,July,Wednesday,5507.0,4405.6
2024-07-17,ORD025866,CUST04252,P004,Smartwatch,Electronics,Surat,Online,Net Banking,1,6549.84,0.1,6549.84,5894.86,0,882.01,2024,7,July,Wednesday,6549.84,5894.856000000001
2024-07-17,ORD041469,CUST00843,P008,Running Shoes,Fashion,Kolkata,Online,Credit Card,2,4568.14,0.0,9136.28,9136.28,0,1680.66,2024,7,July,Wednesday,9136.28,9136.28
2024-07-17,ORD037568,CUST01064,P009,T-Shirt,Fashion,Hyderabad,Store,UPI,1,1090.73,0.1,1090.73,981.66,0,65.2,2024,7,July,Wednesday,1090.73,981.657
2024-07-17,ORD038321,CUST03444,P017,Jeans,Fashion,Bengaluru,Online,UPI,1,2560.79,0.05,2560.79,2432.75,0,656.97,2024,7,July,Wednesday,2560.79,2432.7504999999996
2024-07-17,ORD034248,CUST03523,P014,Keyboard,Electronics,Kolkata,Store,Net Banking,1,2560.75,0.0,2560.75,2560.75,0,703.08,2024,7,July,Wednesday,2560.75,2560.75
2024-07-17,ORD008442,CUST00133,P017,Jeans,Fashion,Surat,Store,Credit Card,2,3065.34,0.0,6130.68,6130.68,0,1440.73,2024,7,July,Wednesday,6130.68,6130.68
2024-07-17,ORD027110,CUST02671,P017,Jeans,Fashion,Chennai,Online,UPI,1,2832.84,0.0,2832.84,2832.84,0,706.55,2024,7,July,Wednesday,2832.84,2832.84
2024-07-17,ORD030875,CUST02753,P007,Backpack,Accessories,Delhi,Online,UPI,1,2303.28,0.05,2303.28,2188.12,0,392.09,2024,7,July,Wednesday,2303.28,2188.116
2024-07-17,ORD049396,CUST01219,P018,Jacket,Fashion,Jaipur,Store,UPI,2,5546.75,0.05,11093.5,10538.82,0,2787.37,2024,7,July,Wednesday,11093.5,10538.824999999999
2024-07-17,ORD046643,CUST04175,P020,Microwave,Home,Jaipur,Store,Cash,4,10373.26,0.1,41493.04,37343.74,0,2339.81,2024,7,July,Wednesday,41493.04,37343.736000000004
2024-07-17,ORD018218,CUST04098,P015,Dining Table,Furniture,Bengaluru,Store,Cash,1,20980.12,0.15,20980.12,17833.1,0,2583.37,2024,7,July,Wednesday,20980.12,17833.102
2024-07-17,ORD013802,CUST00200,P009,T-Shirt,Fashion,Chennai,Store,UPI,1,1082.56,0.15,1082.56,920.18,0,204.71,2024,7,July,Wednesday,1082.56,920.1759999999999
2024-07-17,ORD023407,CUST04560,P003,Headphones,Electronics,Bengaluru,Online,Debit Card,1,4179.14,0.0,4179.14,4179.14,1,-208.96,2024,7,July,Wednesday,4179.14,4179.14
2024-07-17,ORD003820,CUST00174,P017,Jeans,Fashion,Jaipur,Online,Credit Card,1,3012.91,0.15,3012.91,2560.97,0,151.84,2024,7,July,Wednesday,3012.91,2560.9734999999996
2024-07-17,ORD034395,CUST04076,P017,Jeans,Fashion,Hyderabad,Online,Credit Card,1,2831.68,0.15,2831.68,2406.93,0,235.04,2024,7,July,Wednesday,2831.68,2406.928
2024-07-17,ORD047560,CUST02718,P013,Monitor,Electronics,Ahmedabad,Online,UPI,1,16428.76,0.0,16428.76,16428.76,0,3517.36,2024,7,July,Wednesday,16428.76,16428.76
2024-07-17,ORD040436,CUST01827,P004,Smartwatch,Electronics,Jaipur,Store,UPI,1,6923.42,0.05,6923.42,6577.25,0,856.24,2024,7,July,Wednesday,6923.42,6577.249
2024-07-17,ORD024862,CUST02361,P008,Running Shoes,Fashion,Jaipur,Store,Debit Card,1,4152.97,0.1,4152.97,3737.67,0,445.5,2024,7,July,Wednesday,4152.97,3737.6730000000002
2024-07-17,ORD004032,CUST04835,P019,Vacuum Cleaner,Home,Hyderabad,Store,Debit Card,2,9332.42,0.05,18664.84,17731.6,0,2921.85,2024,7,July,Wednesday,18664.84,17731.597999999998
2024-07-17,ORD025752,CUST01161,P016,Sofa,Furniture,Delhi,Store,Debit Card,1,33831.58,0.05,33831.58,32140.0,0,4528.43,2024,7,July,Wednesday,33831.58,32140.001
2024-07-17,ORD012677,CUST03367,P009,T-Shirt,Fashion,Pune,Online,Cash,1,1286.27,0.05,1286.27,1221.96,0,88.59,2024,7,July,Wednesday,1286.27,1221.9565
2024-07-17,ORD023454,CUST04821,P018,Jacket,Fashion,Hyderabad,Store,Debit Card,2,5143.11,0.1,10286.22,9257.6,0,932.62,2024,7,July,Wednesday,10286.22,9257.598
2024-07-17,ORD004510,CUST04331,P001,Laptop,Electronics,Hyderabad,Store,Credit Card,2,60962.2,0.2,121924.4,97539.52,0,17679.56,2024,7,July,Wednesday,121924.4,97539.52
2024-07-17,ORD028542,CUST02090,P010,Coffee Maker,Home,Kolkata,Online,UPI,3,5390.45,0.2,16171.35,12937.08,0,2392.83,2024,7,July,Wednesday,16171.349999999999,12937.080000000002
2024-07-17,ORD033313,CUST01562,P017,Jeans,Fashion,Surat,Online,Cash,1,3036.54,0.0,3036.54,3036.54,0,575.8,2024,7,July,Wednesday,3036.54,3036.54
2024-07-17,ORD006534,CUST00767,P015,Dining Table,Furniture,Ahmedabad,Store,UPI,3,22600.8,0.1,67802.4,61022.16,0,15296.55,2024,7,July,Wednesday,67802.4,61022.159999999996
2024-07-17,ORD013527,CUST04786,P001,Laptop,Electronics,Chennai,Online,UPI,1,65482.51,0.0,65482.51,65482.51,0,18077.98,2024,7,July,Wednesday,65482.51,65482.51
2024-07-17,ORD020222,CUST03766,P003,Headphones,Electronics,Hyderabad,Online,Debit Card,1,4625.05,0.1,4625.05,4162.54,0,554.85,2024,7,July,Wednesday,4625.05,4162.545
2024-07-18,ORD001852,CUST02595,P019,Vacuum Cleaner,Home,Bengaluru,Online,Credit Card,1,8322.71,0.0,8322.71,8322.71,0,2164.19,2024,7,July,Thursday,8322.71,8322.71
2024-07-18,ORD018724,CUST00984,P007,Backpack,Accessories,Ahmedabad,Store,UPI,2,2153.03,0.05,4306.06,4090.76,0,755.36,2024,7,July,Thursday,4306.06,4090.757
2024-07-18,ORD040501,CUST02201,P016,Sofa,Furniture,Hyderabad,Store,Cash,3,32297.7,0.15,96893.1,82359.14,0,19704.11,2024,7,July,Thursday,96893.1,82359.13500000001
2024-07-18,ORD007950,CUST00572,P004,Smartwatch,Electronics,Mumbai,Online,Net Banking,4,6668.01,0.05,26672.04,25338.44,0,7330.42,2024,7,July,Thursday,26672.04,25338.438
2024-07-18,ORD027303,CUST02648,P017,Jeans,Fashion,Ahmedabad,Online,UPI,1,2757.06,0.1,2757.06,2481.35,0,375.84,2024,7,July,Thursday,2757.06,2481.354
2024-07-18,ORD034917,CUST04810,P020,Microwave,Home,Hyderabad,Store,Cash,1,11113.74,0.1,11113.74,10002.37,0,1692.63,2024,7,July,Thursday,11113.74,10002.366
2024-07-18,ORD019753,CUST04810,P005,Office Chair,Furniture,Kolkata,Store,UPI,1,10412.67,0.05,10412.67,9892.04,0,2465.38,2024,7,July,Thursday,10412.67,9892.0365
2024-07-18,ORD015005,CUST01240,P019,Vacuum Cleaner,Home,Kolkata,Online,UPI,1,9523.83,0.05,9523.83,9047.64,0,1765.93,2024,7,July,Thursday,9523.83,9047.6385
2024-07-18,ORD017080,CUST03199,P014,Keyboard,Electronics,Surat,Online,Debit Card,3,2286.49,0.15,6859.47,5830.55,0,1348.18,2024,7,July,Thursday,6859.469999999999,5830.5495
2024-07-18,ORD036758,CUST01628,P017,Jeans,Fashion,Delhi,Store,Debit Card,1,2828.23,0.2,2828.23,2262.58,0,310.2,2024,7,July,Thursday,2828.23,2262.5840000000003
2024-07-18,ORD037782,CUST02402,P001,Laptop,Electronics,Hyderabad,Online,Cash,2,60143.5,0.0,120287.0,120287.0,0,14226.73,2024,7,July,Thursday,120287.0,120287.0
2024-07-18,ORD019200,CUST01397,P002,Smartphone,Electronics,Mumbai,Online,UPI,3,30706.22,0.15,92118.66,78300.86,0,17560.22,2024,7,July,Thursday,92118.66,78300.861
2024-07-18,ORD026053,CUST01756,P002,Smartphone,Electronics,Hyderabad,Store,Credit Card,1,26151.75,0.05,26151.75,24844.16,0,2737.25,2024,7,July,Thursday,26151.75,24844.1625
2024-07-18,ORD014887,CUST00877,P020,Microwave,Home,Kolkata,Store,UPI,2,11548.73,0.15,23097.46,19632.84,0,3057.16,2024,7,July,Thursday,23097.46,19632.841
2024-07-18,ORD007953,CUST02555,P019,Vacuum Cleaner,Home,Chennai,Store,UPI,1,9049.79,0.1,9049.79,8144.81,0,1224.63,2024,7,July,Thursday,9049.79,8144.811000000001
2024-07-18,ORD026715,CUST03584,P001,Laptop,Electronics,Chennai,Store,UPI,3,68950.21,0.1,206850.63,186165.57,0,24473.57,2024,7,July,Thursday,206850.63,186165.567
2024-07-18,ORD039569,CUST04561,P008,Running Shoes,Fashion,Mumbai,Online,Debit Card,2,3824.09,0.0,7648.18,7648.18,0,1419.9,2024,7,July,Thursday,7648.18,7648.18
2024-07-18,ORD036751,CUST04350,P004,Smartwatch,Electronics,Kolkata,Store,UPI,2,6828.88,0.2,13657.76,10926.21,0,2752.67,2024,7,July,Thursday,13657.76,10926.208
2024-07-18,ORD001872,CUST01263,P009,T-Shirt,Fashion,Delhi,Online,Cash,2,1311.71,0.05,2623.42,2492.25,0,437.75,2024,7,July,Thursday,2623.42,2492.249
2024-07-18,ORD028051,CUST03539,P013,Monitor,Electronics,Hyderabad,Online,Debit Card,1,17452.84,0.1,17452.84,15707.56,0,3156.51,2024,7,July,Thursday,17452.84,15707.556
2024-07-18,ORD029679,CUST03883,P014,Keyboard,Electronics,Bengaluru,Store,Credit Card,1,2389.27,0.05,2389.27,2269.81,0,476.43,2024,7,July,Thursday,2389.27,2269.8064999999997
2024-07-18,ORD001255,CUST01960,P007,Backpack,Accessories,Chennai,Online,UPI,1,2062.09,0.1,2062.09,1855.88,0,212.83,2024,7,July,Thursday,2062.09,1855.881
2024-07-18,ORD039439,CUST03438,P019,Vacuum Cleaner,Home,Mumbai,Online,UPI,1,8510.53,0.2,8510.53,6808.42,0,575.74,2024,7,July,Thursday,8510.53,6808.424000000001
2024-07-18,ORD015789,CUST02100,P009,T-Shirt,Fashion,Pune,Online,Debit Card,1,1185.62,0.0,1185.62,1185.62,0,179.1,2024,7,July,Thursday,1185.62,1185.62
2024-07-18,ORD041920,CUST00750,P018,Jacket,Fashion,Mumbai,Store,UPI,4,5269.79,0.15,21079.16,17917.29,0,2649.48,2024,7,July,Thursday,21079.16,17917.286
2024-07-18,ORD005719,CUST00512,P014,Keyboard,Electronics,Bengaluru,Online,UPI,1,2643.05,0.2,2643.05,2114.44,0,339.25,2024,7,July,Thursday,2643.05,2114.44
2024-07-18,ORD017759,CUST00469,P014,Keyboard,Electronics,Pune,Online,Credit Card,1,2425.03,0.15,2425.03,2061.28,0,171.86,2024,7,July,Thursday,2425.03,2061.2755
2024-07-18,ORD044525,CUST00122,P006,Desk,Furniture,Delhi,Store,UPI,1,10869.52,0.1,10869.52,9782.57,0,1075.75,2024,7,July,Thursday,10869.52,9782.568000000001
2024-07-18,ORD015379,CUST03978,P011,Mixer Grinder,Home,Ahmedabad,Store,UPI,1,5149.65,0.25,5149.65,3862.24,0,747.92,2024,7,July,Thursday,5149.65,3862.2374999999997
2024-07-18,ORD048685,CUST03496,P008,Running Shoes,Fashion,Mumbai,Store,UPI,1,3812.14,0.0,3812.14,3812.14,0,463.41,2024,7,July,Thursday,3812.14,3812.14
2024-07-18,ORD018656,CUST00727,P017,Jeans,Fashion,Kolkata,Store,UPI,1,2554.56,0.2,2554.56,2043.65,0,390.23,2024,7,July,Thursday,2554.56,2043.6480000000001
2024-07-18,ORD032670,CUST03502,P006,Desk,Furniture,Pune,Online,UPI,1,11685.27,0.2,11685.27,9348.22,0,1306.0,2024,7,July,Thursday,11685.27,9348.216
2024-07-18,ORD012732,CUST01631,P014,Keyboard,Electronics,Ahmedabad,Store,Cash,2,2600.81,0.0,5201.62,5201.62,0,579.36,2024,7,July,Thursday,5201.62,5201.62
2024-07-18,ORD020631,CUST04936,P014,Keyboard,Electronics,Mumbai,Store,Credit Card,1,2567.38,0.0,2567.38,2567.38,0,652.53,2024,7,July,Thursday,2567.38,2567.38
2024-07-18,ORD029031,CUST01717,P019,Vacuum Cleaner,Home,Chennai,Online,Credit Card,1,9001.21,0.0,9001.21,9001.21,0,2627.81,2024,7,July,Thursday,9001.21,9001.21
2024-07-18,ORD033494,CUST02804,P017,Jeans,Fashion,Surat,Online,Cash,2,2848.45,0.0,5696.9,5696.9,0,963.18,2024,7,July,Thursday,5696.9,5696.9
2024-07-18,ORD047630,CUST01011,P003,Headphones,Electronics,Jaipur,Online,Credit Card,2,4149.14,0.05,8298.28,7883.37,0,2092.47,2024,7,July,Thursday,8298.28,7883.366
2024-07-18,ORD006331,CUST03321,P011,Mixer Grinder,Home,Hyderabad,Online,UPI,1,4763.04,0.1,4763.04,4286.74,0,449.61,2024,7,July,Thursday,4763.04,4286.736
2024-07-18,ORD045107,CUST01080,P013,Monitor,Electronics,Mumbai,Online,Credit Card,1,18779.52,0.2,18779.52,15023.62,0,1701.56,2024,7,July,Thursday,18779.52,15023.616000000002
2024-07-18,ORD025235,CUST03227,P019,Vacuum Cleaner,Home,Bengaluru,Online,UPI,1,9853.33,0.15,9853.33,8375.33,0,1535.07,2024,7,July,Thursday,9853.33,8375.3305
2024-07-18,ORD046340,CUST03939,P019,Vacuum Cleaner,Home,Hyderabad,Online,UPI,1,9220.03,0.15,9220.03,7837.03,0,1836.97,2024,7,July,Thursday,9220.03,7837.025500000001
2024-07-18,ORD044668,CUST00902,P009,T-Shirt,Fashion,Chennai,Online,UPI,3,1253.26,0.1,3759.78,3383.8,0,834.03,2024,7,July,Thursday,3759.7799999999997,3383.802
2024-07-18,ORD021936,CUST02602,P020,Microwave,Home,Ahmedabad,Online,Credit Card,1,10170.63,0.15,10170.63,8645.04,0,2159.91,2024,7,July,Thursday,10170.63,8645.0355
2024-07-18,ORD023769,CUST04742,P020,Microwave,Home,Surat,Store,Credit Card,3,11800.82,0.1,35402.46,31862.21,0,4843.18,2024,7,July,Thursday,35402.46,31862.214
2024-07-18,ORD028153,CUST02138,P001,Laptop,Electronics,Jaipur,Online,UPI,1,65091.67,0.1,65091.67,58582.5,0,13588.47,2024,7,July,Thursday,65091.67,58582.503
2024-07-18,ORD022205,CUST04613,P020,Microwave,Home,Jaipur,Online,Credit Card,2,10770.79,0.1,21541.58,19387.42,0,5109.32,2024,7,July,Thursday,21541.58,19387.422000000002
2024-07-18,ORD014839,CUST00993,P015,Dining Table,Furniture,Delhi,Store,Credit Card,1,20172.43,0.0,20172.43,20172.43,0,3057.17,2024,7,July,Thursday,20172.43,20172.43
2024-07-18,ORD037036,CUST03960,P019,Vacuum Cleaner,Home,Ahmedabad,Online,Credit Card,1,8969.65,0.25,8969.65,6727.24,0,1228.12,2024,7,July,Thursday,8969.65,6727.237499999999
2024-07-18,ORD012032,CUST04186,P001,Laptop,Electronics,Kolkata,Online,UPI,3,60345.42,0.1,181036.26,162932.63,0,13393.73,2024,7,July,Thursday,181036.26,162932.63400000002
2024-07-18,ORD027812,CUST02608,P010,Coffee Maker,Home,Ahmedabad,Store,Credit Card,1,5979.48,0.2,5979.48,4783.58,0,1038.33,2024,7,July,Thursday,5979.48,4783.584
2024-07-18,ORD034956,CUST02207,P008,Running Shoes,Fashion,Delhi,Store,UPI,2,4502.48,0.05,9004.96,8554.71,0,1595.25,2024,7,July,Thursday,9004.96,8554.712
2024-07-18,ORD008972,CUST00386,P020,Microwave,Home,Pune,Online,Credit Card,1,11424.63,0.1,11424.63,10282.17,0,1173.4,2024,7,July,Thursday,11424.63,10282.167
2024-07-18,ORD026498,CUST00770,P007,Backpack,Accessories,Jaipur,Online,UPI,1,2090.53,0.05,2090.53,1986.0,0,473.32,2024,7,July,Thursday,2090.53,1986.0035
2024-07-18,ORD031752,CUST00377,P005,Office Chair,Furniture,Kolkata,Online,Debit Card,1,10143.83,0.2,10143.83,8115.06,0,1298.42,2024,7,July,Thursday,10143.83,8115.064
2024-07-18,ORD032211,CUST04703,P010,Coffee Maker,Home,Hyderabad,Online,Credit Card,1,4986.8,0.1,4986.8,4488.12,0,468.11,2024,7,July,Thursday,4986.8,4488.12
2024-07-18,ORD034287,CUST00386,P004,Smartwatch,Electronics,Delhi,Online,UPI,2,7250.67,0.2,14501.34,11601.07,0,1131.78,2024,7,July,Thursday,14501.34,11601.072
2024-07-18,ORD038976,CUST03005,P001,Laptop,Electronics,Kolkata,Store,UPI,1,60322.5,0.25,60322.5,45241.88,0,4621.15,2024,7,July,Thursday,60322.5,45241.875
2024-07-19,ORD018035,CUST00416,P003,Headphones,Electronics,Pune,Online,UPI,5,4313.39,0.0,21566.95,21566.95,0,5620.41,2024,7,July,Friday,21566.95,21566.95
2024-07-19,ORD016216,CUST03750,P001,Laptop,Electronics,Chennai,Store,Net Banking,1,68287.84,0.0,68287.84,68287.84,0,9093.73,2024,7,July,Friday,68287.84,68287.84
2024-07-19,ORD046891,CUST01526,P011,Mixer Grinder,Home,Pune,Online,Credit Card,4,5122.05,0.1,20488.2,18439.38,0,3074.08,2024,7,July,Friday,20488.2,18439.38
2024-07-19,ORD006155,CUST01512,P011,Mixer Grinder,Home,Bengaluru,Store,Debit Card,3,4931.47,0.15,14794.41,12575.25,0,1526.93,2024,7,July,Friday,14794.41,12575.2485
2024-07-19,ORD046023,CUST00081,P016,Sofa,Furniture,Mumbai,Online,Cash,2,34821.89,0.05,69643.78,66161.59,0,9811.2,2024,7,July,Friday,69643.78,66161.591
2024-07-19,ORD040935,CUST01610,P002,Smartphone,Electronics,Delhi,Store,Net Banking,1,28899.8,0.1,28899.8,26009.82,0,6087.93,2024,7,July,Friday,28899.8,26009.82
2024-07-19,ORD008603,CUST01800,P011,Mixer Grinder,Home,Pune,Online,Credit Card,2,4992.21,0.15,9984.42,8486.76,0,1884.91,2024,7,July,Friday,9984.42,8486.757
2024-07-19,ORD019064,CUST04569,P004,Smartwatch,Electronics,Ahmedabad,Online,Net Banking,1,6450.17,0.2,6450.17,5160.14,0,357.47,2024,7,July,Friday,6450.17,5160.136
2024-07-19,ORD046742,CUST01187,P020,Microwave,Home,Jaipur,Store,UPI,5,10395.21,0.1,51976.05,46778.44,0,8051.97,2024,7,July,Friday,51976.049999999996,46778.44500000001
2024-07-19,ORD017718,CUST02546,P016,Sofa,Furniture,Hyderabad,Online,UPI,1,34066.78,0.0,34066.78,34066.78,1,-1703.34,2024,7,July,Friday,34066.78,34066.78
2024-07-19,ORD041447,CUST02478,P003,Headphones,Electronics,Hyderabad,Online,Credit Card,1,4508.36,0.1,4508.36,4057.52,0,489.97,2024,7,July,Friday,4508.36,4057.524
2024-07-19,ORD002492,CUST01891,P004,Smartwatch,Electronics,Pune,Store,Debit Card,1,7530.42,0.1,7530.42,6777.38,0,1336.17,2024,7,July,Friday,7530.42,6777.378000000001
2024-07-19,ORD022129,CUST04508,P011,Mixer Grinder,Home,Kolkata,Store,Net Banking,1,4716.88,0.1,4716.88,4245.19,0,702.25,2024,7,July,Friday,4716.88,4245.192
2024-07-19,ORD007337,CUST00006,P017,Jeans,Fashion,Pune,Online,UPI,1,2807.13,0.2,2807.13,2245.7,0,378.99,2024,7,July,Friday,2807.13,2245.704
2024-07-19,ORD046908,CUST02698,P013,Monitor,Electronics,Surat,Online,Credit Card,1,19463.44,0.25,19463.44,14597.58,0,2448.14,2024,7,July,Friday,19463.44,14597.579999999998
2024-07-19,ORD034595,CUST00921,P009,T-Shirt,Fashion,Mumbai,Online,Debit Card,3,1230.8,0.1,3692.4,3323.16,1,-166.16,2024,7,July,Friday,3692.3999999999996,3323.1600000000003
2024-07-19,ORD032251,CUST00297,P009,T-Shirt,Fashion,Ahmedabad,Online,UPI,2,1149.42,0.0,2298.84,2298.84,0,238.94,2024,7,July,Friday,2298.84,2298.84
2024-07-19,ORD044917,CUST01911,P007,Backpack,Accessories,Chennai,Store,UPI,1,2261.73,0.1,2261.73,2035.56,0,132.98,2024,7,July,Friday,2261.73,2035.557
2024-07-19,ORD020696,CUST04803,P020,Microwave,Home,Chennai,Online,Debit Card,3,11258.38,0.15,33775.14,28708.87,0,1661.57,2024,7,July,Friday,33775.14,28708.869
2024-07-19,ORD023879,CUST01614,P011,Mixer Grinder,Home,Hyderabad,Online,Credit Card,2,4544.05,0.1,9088.1,8179.29,0,1807.33,2024,7,July,Friday,9088.1,8179.290000000001
2024-07-19,ORD030080,CUST00419,P002,Smartphone,Electronics,Bengaluru,Online,Credit Card,1,29919.64,0.15,29919.64,25431.69,0,5586.88,2024,7,July,Friday,29919.64,25431.694
2024-07-19,ORD027844,CUST01604,P001,Laptop,Electronics,Kolkata,Store,Credit Card,2,63554.52,0.05,127109.04,120753.59,0,25208.37,2024,7,July,Friday,127109.04,120753.58799999999
2024-07-19,ORD018509,CUST02642,P011,Mixer Grinder,Home,Surat,Store,Debit Card,2,5147.72,0.1,10295.44,9265.9,0,1180.01,2024,7,July,Friday,10295.44,9265.896
2024-07-19,ORD000405,CUST00522,P009,T-Shirt,Fashion,Jaipur,Online,UPI,5,1222.59,0.0,6112.95,6112.95,0,659.01,2024,7,July,Friday,6112.95,6112.95
2024-07-19,ORD016756,CUST03922,P005,Office Chair,Furniture,Pune,Online,UPI,1,10401.04,0.2,10401.04,8320.83,0,1254.12,2024,7,July,Friday,10401.04,8320.832
2024-07-19,ORD007804,CUST04642,P018,Jacket,Fashion,Kolkata,Online,Credit Card,1,5196.55,0.1,5196.55,4676.9,0,1065.06,2024,7,July,Friday,5196.55,4676.895
2024-07-19,ORD016074,CUST00546,P002,Smartphone,Electronics,Jaipur,Online,UPI,1,28069.31,0.0,28069.31,28069.31,0,6661.68,2024,7,July,Friday,28069.31,28069.31
2024-07-19,ORD011755,CUST03814,P007,Backpack,Accessories,Delhi,Online,Credit Card,1,2171.5,0.05,2171.5,2062.92,0,250.11,2024,7,July,Friday,2171.5,2062.9249999999997
2024-07-19,ORD001596,CUST03124,P017,Jeans,Fashion,Delhi,Online,UPI,1,3029.36,0.15,3029.36,2574.96,0,287.61,2024,7,July,Friday,3029.36,2574.956
2024-07-19,ORD009007,CUST04859,P009,T-Shirt,Fashion,Pune,Online,UPI,2,1170.58,0.1,2341.16,2107.04,0,192.07,2024,7,July,Friday,2341.16,2107.044
2024-07-19,ORD000968,CUST02270,P020,Microwave,Home,Kolkata,Online,Credit Card,1,11319.76,0.2,11319.76,9055.81,0,2215.75,2024,7,July,Friday,11319.76,9055.808
2024-07-19,ORD049154,CUST03282,P019,Vacuum Cleaner,Home,Pune,Online,Cash,1,9073.28,0.0,9073.28,9073.28,0,786.41,2024,7,July,Friday,9073.28,9073.28
2024-07-19,ORD027187,CUST01107,P010,Coffee Maker,Home,Pune,Online,UPI,1,5972.58,0.1,5972.58,5375.32,0,358.25,2024,7,July,Friday,5972.58,5375.322
2024-07-19,ORD021483,CUST03930,P009,T-Shirt,Fashion,Mumbai,Online,Credit Card,1,1220.37,0.0,1220.37,1220.37,0,326.35,2024,7,July,Friday,1220.37,1220.37
2024-07-19,ORD022160,CUST00185,P013,Monitor,Electronics,Kolkata,Store,Cash,1,18799.72,0.15,18799.72,15979.76,0,1760.32,2024,7,July,Friday,18799.72,15979.762
2024-07-19,ORD000676,CUST00878,P011,Mixer Grinder,Home,Mumbai,Store,UPI,5,4480.27,0.2,22401.35,17921.08,0,1053.58,2024,7,July,Friday,22401.350000000002,17921.079999999998
2024-07-19,ORD048092,CUST03779,P012,Air Fryer,Home,Bengaluru,Store,UPI,1,6719.41,0.0,6719.41,6719.41,0,1162.56,2024,7,July,Friday,6719.41,6719.41
2024-07-19,ORD012995,CUST00804,P011,Mixer Grinder,Home,Mumbai,Online,UPI,1,4411.79,0.2,4411.79,3529.43,0,906.09,2024,7,July,Friday,4411.79,3529.4320000000002
2024-07-19,ORD031152,CUST02526,P005,Office Chair,Furniture,Jaipur,Online,Cash,1,9673.3,0.1,9673.3,8705.97,0,1731.17,2024,7,July,Friday,9673.3,8705.97
2024-07-19,ORD048803,CUST00885,P003,Headphones,Electronics,Delhi,Online,Credit Card,1,4382.7,0.25,4382.7,3287.02,0,600.68,2024,7,July,Friday,4382.7,3287.0249999999996
2024-07-19,ORD043299,CUST01131,P001,Laptop,Electronics,Delhi,Online,Debit Card,2,69703.21,0.25,139406.42,104554.82,0,15444.57,2024,7,July,Friday,139406.42,104554.815
2024-07-19,ORD002826,CUST03879,P002,Smartphone,Electronics,Mumbai,Store,Net Banking,2,27303.71,0.0,54607.42,54607.42,0,8817.65,2024,7,July,Friday,54607.42,54607.42
2024-07-19,ORD043175,CUST00286,P015,Dining Table,Furniture,Kolkata,Store,Credit Card,1,21584.13,0.05,21584.13,20504.92,0,5218.19,2024,7,July,Friday,21584.13,20504.9235
2024-07-19,ORD020499,CUST04618,P001,Laptop,Electronics,Surat,Online,UPI,3,67580.67,0.1,202742.01,182467.81,0,29855.56,2024,7,July,Friday,202742.01,182467.809
2024-07-19,ORD045784,CUST00417,P011,Mixer Grinder,Home,Bengaluru,Online,Cash,1,4951.83,0.25,4951.83,3713.87,1,-185.69,2024,7,July,Friday,4951.83,3713.8725
2024-07-19,ORD017042,CUST02652,P010,Coffee Maker,Home,Delhi,Online,Debit Card,2,5782.0,0.05,11564.0,10985.8,0,2516.91,2024,7,July,Friday,11564.0,10985.8
2024-07-19,ORD005892,CUST04605,P020,Microwave,Home,Surat,Online,Net Banking,5,11392.23,0.1,56961.15,51265.04,0,9139.07,2024,7,July,Friday,56961.149999999994,51265.035
2024-07-19,ORD011125,CUST04473,P011,Mixer Grinder,Home,Delhi,Store,Debit Card,1,4368.81,0.05,4368.81,4150.37,0,477.79,2024,7,July,Friday,4368.81,4150.3695
2024-07-20,ORD040080,CUST01094,P020,Microwave,Home,Delhi,Online,Credit Card,1,10059.6,0.0,10059.6,10059.6,0,2351.23,2024,7,July,Saturday,10059.6,10059.6
2024-07-20,ORD021950,CUST00488,P008,Running Shoes,Fashion,Surat,Online,UPI,2,4004.44,0.1,8008.88,7207.99,0,1978.95,2024,7,July,Saturday,8008.88,7207.992
2024-07-20,ORD033397,CUST02475,P001,Laptop,Electronics,Hyderabad,Online,Credit Card,1,67224.51,0.0,67224.51,67224.51,0,6072.12,2024,7,July,Saturday,67224.51,67224.51
2024-07-20,ORD045346,CUST01467,P009,T-Shirt,Fashion,Kolkata,Store,UPI,2,1230.92,0.0,2461.84,2461.84,0,292.66,2024,7,July,Saturday,2461.84,2461.84
2024-07-20,ORD047923,CUST00708,P014,Keyboard,Electronics,Bengaluru,Online,UPI,1,2490.26,0.2,2490.26,1992.21,0,380.41,2024,7,July,Saturday,2490.26,1992.2080000000003
2024-07-20,ORD003468,CUST04343,P010,Coffee Maker,Home,Ahmedabad,Store,UPI,1,5287.46,0.15,5287.46,4494.34,0,1116.95,2024,7,July,Saturday,5287.46,4494.341
2024-07-20,ORD010301,CUST03874,P016,Sofa,Furniture,Hyderabad,Online,UPI,2,33896.46,0.0,67792.92,67792.92,0,17893.56,2024,7,July,Saturday,67792.92,67792.92
2024-07-20,ORD042848,CUST02095,P001,Laptop,Electronics,Surat,Online,Credit Card,2,61066.25,0.1,122132.5,109919.25,0,7600.58,2024,7,July,Saturday,122132.5,109919.25
2024-07-20,ORD032127,CUST01142,P002,Smartphone,Electronics,Ahmedabad,Online,Credit Card,2,26505.27,0.05,53010.54,50360.01,0,13984.51,2024,7,July,Saturday,53010.54,50360.013
2024-07-20,ORD039717,CUST00106,P017,Jeans,Fashion,Pune,Online,Net Banking,2,2787.51,0.1,5575.02,5017.52,0,706.64,2024,7,July,Saturday,5575.02,5017.518000000001
2024-07-20,ORD032805,CUST03542,P016,Sofa,Furniture,Chennai,Store,UPI,2,32673.61,0.15,65347.22,55545.14,0,5022.32,2024,7,July,Saturday,65347.22,55545.137
2024-07-20,ORD041765,CUST00122,P004,Smartwatch,Electronics,Delhi,Online,Credit Card,2,6545.75,0.1,13091.5,11782.35,0,1961.21,2024,7,July,Saturday,13091.5,11782.35
2024-07-20,ORD015387,CUST01884,P018,Jacket,Fashion,Hyderabad,Online,Credit Card,2,5562.95,0.1,11125.9,10013.31,0,915.6,2024,7,July,Saturday,11125.9,10013.31
2024-07-20,ORD020122,CUST02605,P005,Office Chair,Furniture,Mumbai,Online,Credit Card,5,9350.09,0.2,46750.45,37400.36,0,3937.82,2024,7,July,Saturday,46750.45,37400.36
2024-07-20,ORD045562,CUST02166,P004,Smartwatch,Electronics,Mumbai,Online,Cash,2,6642.12,0.0,13284.24,13284.24,0,2491.43,2024,7,July,Saturday,13284.24,13284.24
2024-07-20,ORD009739,CUST02655,P016,Sofa,Furniture,Pune,Online,UPI,1,38359.48,0.1,38359.48,34523.53,0,3897.57,2024,7,July,Saturday,38359.48,34523.53200000001
2024-07-20,ORD009601,CUST01480,P004,Smartwatch,Electronics,Jaipur,Online,Debit Card,1,7106.42,0.05,7106.42,6751.1,0,1286.58,2024,7,July,Saturday,7106.42,6751.099
2024-07-20,ORD046912,CUST01626,P020,Microwave,Home,Jaipur,Store,Debit Card,2,10779.15,0.1,21558.3,19402.47,0,5142.08,2024,7,July,Saturday,21558.3,19402.47
2024-07-20,ORD029203,CUST04277,P017,Jeans,Fashion,Delhi,Online,Credit Card,5,2597.76,0.1,12988.8,11689.92,0,849.33,2024,7,July,Saturday,12988.800000000001,11689.92
2024-07-20,ORD026948,CUST01154,P015,Dining Table,Furniture,Mumbai,Store,UPI,1,21591.37,0.15,21591.37,18352.66,0,2202.53,2024,7,July,Saturday,21591.37,18352.6645
2024-07-20,ORD045968,CUST03556,P018,Jacket,Fashion,Hyderabad,Online,Cash,1,4722.6,0.1,4722.6,4250.34,0,346.99,2024,7,July,Saturday,4722.6,4250.34
2024-07-20,ORD021187,CUST01886,P010,Coffee Maker,Home,Mumbai,Online,UPI,1,4965.99,0.05,4965.99,4717.69,0,353.59,2024,7,July,Saturday,4965.99,4717.6905
2024-07-20,ORD049249,CUST03712,P017,Jeans,Fashion,Ahmedabad,Store,Debit Card,1,2654.15,0.1,2654.15,2388.74,0,647.97,2024,7,July,Saturday,2654.15,2388.735
2024-07-20,ORD034142,CUST03421,P005,Office Chair,Furniture,Jaipur,Online,UPI,2,9627.33,0.1,19254.66,17329.19,0,2762.91,2024,7,July,Saturday,19254.66,17329.194
2024-07-20,ORD023910,CUST04925,P008,Running Shoes,Fashion,Mumbai,Store,UPI,1,4399.43,0.1,4399.43,3959.49,0,681.89,2024,7,July,Saturday,4399.43,3959.4870000000005
2024-07-20,ORD021206,CUST01361,P004,Smartwatch,Electronics,Hyderabad,Online,Cash,1,6415.52,0.1,6415.52,5773.97,1,-288.7,2024,7,July,Saturday,6415.52,5773.968000000001
2024-07-20,ORD037075,CUST00751,P004,Smartwatch,Electronics,Mumbai,Store,Cash,1,6614.46,0.1,6614.46,5953.01,0,931.66,2024,7,July,Saturday,6614.46,5953.014
2024-07-20,ORD004079,CUST01191,P014,Keyboard,Electronics,Delhi,Store,Cash,1,2388.64,0.15,2388.64,2030.34,1,-101.52,2024,7,July,Saturday,2388.64,2030.3439999999998
2024-07-20,ORD041001,CUST00128,P015,Dining Table,Furniture,Mumbai,Store,Cash,3,24132.05,0.1,72396.15,65156.54,0,6760.51,2024,7,July,Saturday,72396.15,65156.534999999996
2024-07-20,ORD018439,CUST02041,P011,Mixer Grinder,Home,Pune,Online,UPI,1,4592.71,0.1,4592.71,4133.44,0,941.57,2024,7,July,Saturday,4592.71,4133.439
2024-07-20,ORD041019,CUST03005,P002,Smartphone,Electronics,Kolkata,Online,Credit Card,3,25881.7,0.25,77645.1,58233.82,0,3270.7,2024,7,July,Saturday,77645.1,58233.825000000004
2024-07-20,ORD013783,CUST00493,P015,Dining Table,Furniture,Mumbai,Online,UPI,1,20653.19,0.1,20653.19,18587.87,0,3863.03,2024,7,July,Saturday,20653.19,18587.871
2024-07-20,ORD002110,CUST02269,P003,Headphones,Electronics,Delhi,Store,Cash,2,4438.65,0.05,8877.3,8433.44,0,2408.63,2024,7,July,Saturday,8877.3,8433.435
2024-07-20,ORD007746,CUST04072,P014,Keyboard,Electronics,Ahmedabad,Store,UPI,1,2719.85,0.15,2719.85,2311.87,0,545.65,2024,7,July,Saturday,2719.85,2311.8725
2024-07-20,ORD038723,CUST02517,P005,Office Chair,Furniture,Hyderabad,Online,Net Banking,4,10360.14,0.2,41440.56,33152.45,0,2228.07,2024,7,July,Saturday,41440.56,33152.448
2024-07-20,ORD047904,CUST00644,P012,Air Fryer,Home,Kolkata,Online,Net Banking,3,7229.96,0.25,21689.88,16267.41,0,1546.86,2024,7,July,Saturday,21689.88,16267.41
2024-07-20,ORD007740,CUST04039,P013,Monitor,Electronics,Mumbai,Store,Debit Card,1,19616.29,0.1,19616.29,17654.66,0,4153.01,2024,7,July,Saturday,19616.29,17654.661
2024-07-20,ORD009916,CUST00934,P018,Jacket,Fashion,Jaipur,Online,Cash,1,5151.98,0.05,5151.98,4894.38,0,911.29,2024,7,July,Saturday,5151.98,4894.380999999999
2024-07-20,ORD006143,CUST00924,P015,Dining Table,Furniture,Surat,Store,UPI,1,20261.15,0.1,20261.15,18235.04,0,2218.62,2024,7,July,Saturday,20261.15,18235.035000000003
2024-07-20,ORD032977,CUST00847,P014,Keyboard,Electronics,Mumbai,Store,UPI,1,2513.11,0.25,2513.11,1884.83,0,138.25,2024,7,July,Saturday,2513.11,1884.8325
2024-07-20,ORD003287,CUST00266,P013,Monitor,Electronics,Hyderabad,Online,UPI,1,17577.47,0.2,17577.47,14061.98,0,1014.04,2024,7,July,Saturday,17577.47,14061.976000000002
2024-07-20,ORD017157,CUST00124,P005,Office Chair,Furniture,Hyderabad,Online,Net Banking,3,9785.33,0.05,29355.99,27888.19,0,7015.28,2024,7,July,Saturday,29355.989999999998,27888.1905
2024-07-20,ORD046657,CUST00683,P017,Jeans,Fashion,Pune,Online,Credit Card,3,2682.84,0.1,8048.52,7243.67,0,1668.64,2024,7,July,Saturday,8048.52,7243.668000000001
2024-07-20,ORD009793,CUST01269,P004,Smartwatch,Electronics,Chennai,Online,UPI,2,7484.19,0.1,14968.38,13471.54,0,2837.99,2024,7,July,Saturday,14968.38,13471.542
2024-07-20,ORD001176,CUST01390,P007,Backpack,Accessories,Surat,Online,UPI,1,2319.53,0.05,2319.53,2203.55,0,495.72,2024,7,July,Saturday,2319.53,2203.5535
2024-07-20,ORD046825,CUST00455,P016,Sofa,Furniture,Ahmedabad,Store,Net Banking,3,36368.55,0.15,109105.65,92739.8,0,18796.74,2024,7,July,Saturday,109105.65000000001,92739.80249999999
2024-07-20,ORD023957,CUST02080,P017,Jeans,Fashion,Bengaluru,Online,Debit Card,2,2550.53,0.2,5101.06,4080.85,0,598.38,2024,7,July,Saturday,5101.06,4080.8480000000004
2024-07-20,ORD044734,CUST03146,P006,Desk,Furniture,Pune,Store,UPI,2,10907.35,0.1,21814.7,19633.23,0,4887.49,2024,7,July,Saturday,21814.7,19633.23
2024-07-20,ORD005709,CUST00664,P020,Microwave,Home,Kolkata,Online,Credit Card,1,11544.8,0.15,11544.8,9813.08,0,2632.85,2024,7,July,Saturday,11544.8,9813.08
2024-07-20,ORD042196,CUST02232,P015,Dining Table,Furniture,Ahmedabad,Store,UPI,1,23693.75,0.05,23693.75,22509.06,0,2765.43,2024,7,July,Saturday,23693.75,22509.0625
2024-07-20,ORD013900,CUST04003,P004,Smartwatch,Electronics,Bengaluru,Online,UPI,1,7531.79,0.1,7531.79,6778.61,0,1228.65,2024,7,July,Saturday,7531.79,6778.611
2024-07-20,ORD008699,CUST02902,P019,Vacuum Cleaner,Home,Ahmedabad,Online,Debit Card,1,8281.19,0.15,8281.19,7039.01,0,1569.52,2024,7,July,Saturday,8281.19,7039.0115000000005
2024-07-20,ORD022353,CUST04547,P014,Keyboard,Electronics,Ahmedabad,Store,Credit Card,2,2696.03,0.05,5392.06,5122.46,0,1395.56,2024,7,July,Saturday,5392.06,5122.457
2024-07-20,ORD029084,CUST00494,P010,Coffee Maker,Home,Bengaluru,Online,Credit Card,2,6005.16,0.1,12010.32,10809.29,0,2307.8,2024,7,July,Saturday,12010.32,10809.288
2024-07-20,ORD006934,CUST02685,P008,Running Shoes,Fashion,Pune,Store,Net Banking,2,3879.13,0.05,7758.26,7370.35,0,1851.77,2024,7,July,Saturday,7758.26,7370.347
2024-07-20,ORD042355,CUST02959,P003,Headphones,Electronics,Chennai,Online,Credit Card,1,4347.0,0.2,4347.0,3477.6,0,752.34,2024,7,July,Saturday,4347.0,3477.6000000000004
2024-07-20,ORD029958,CUST03438,P018,Jacket,Fashion,Hyderabad,Store,UPI,1,4843.59,0.1,4843.59,4359.23,0,304.12,2024,7,July,Saturday,4843.59,4359.231000000001
2024-07-20,ORD036759,CUST01001,P004,Smartwatch,Electronics,Ahmedabad,Online,Debit Card,1,6930.71,0.15,6930.71,5891.1,0,1229.53,2024,7,July,Saturday,6930.71,5891.1035
2024-07-20,ORD009656,CUST02708,P008,Running Shoes,Fashion,Ahmedabad,Online,Cash,1,4146.96,0.15,4146.96,3524.92,0,368.1,2024,7,July,Saturday,4146.96,3524.9159999999997
2024-07-20,ORD045954,CUST02419,P015,Dining Table,Furniture,Hyderabad,Online,UPI,1,21850.16,0.0,21850.16,21850.16,0,5965.52,2024,7,July,Saturday,21850.16,21850.16
2024-07-20,ORD033017,CUST03692,P011,Mixer Grinder,Home,Chennai,Online,Credit Card,1,5145.1,0.0,5145.1,5145.1,0,890.79,2024,7,July,Saturday,5145.1,5145.1
2024-07-20,ORD005287,CUST01142,P017,Jeans,Fashion,Jaipur,Online,UPI,4,2681.25,0.25,10725.0,8043.75,0,1560.07,2024,7,July,Saturday,10725.0,8043.75
2024-07-20,ORD035042,CUST02449,P015,Dining Table,Furniture,Pune,Store,Debit Card,2,22388.76,0.25,44777.52,33583.14,0,3220.53,2024,7,July,Saturday,44777.52,33583.14
2024-07-20,ORD021771,CUST02077,P008,Running Shoes,Fashion,Chennai,Online,Debit Card,3,4278.33,0.1,12834.99,11551.49,0,1151.96,2024,7,July,Saturday,12834.99,11551.491
2024-07-20,ORD000006,CUST01982,P006,Desk,Furniture,Pune,Online,Net Banking,1,10875.15,0.1,10875.15,9787.64,0,1555.71,2024,7,July,Saturday,10875.15,9787.635
2024-07-21,ORD015846,CUST02680,P011,Mixer Grinder,Home,Mumbai,Online,UPI,1,4533.25,0.0,4533.25,4533.25,0,871.31,2024,7,July,Sunday,4533.25,4533.25
2024-07-21,ORD002199,CUST01979,P005,Office Chair,Furniture,Surat,Online,Credit Card,5,9175.65,0.05,45878.25,43584.34,0,3930.36,2024,7,July,Sunday,45878.25,43584.3375
2024-07-21,ORD001821,CUST01760,P011,Mixer Grinder,Home,Pune,Online,UPI,2,5052.43,0.1,10104.86,9094.37,0,2493.34,2024,7,July,Sunday,10104.86,9094.374000000002
2024-07-21,ORD014736,CUST04883,P005,Office Chair,Furniture,Mumbai,Online,Cash,1,10295.18,0.15,10295.18,8750.9,0,2052.24,2024,7,July,Sunday,10295.18,8750.903
2024-07-21,ORD046076,CUST00388,P011,Mixer Grinder,Home,Delhi,Store,Credit Card,3,5093.44,0.0,15280.32,15280.32,0,2140.17,2024,7,July,Sunday,15280.32,15280.32
2024-07-21,ORD049874,CUST03564,P006,Desk,Furniture,Ahmedabad,Online,Cash,1,11602.67,0.15,11602.67,9862.27,0,1136.15,2024,7,July,Sunday,11602.67,9862.2695
2024-07-21,ORD016685,CUST02391,P009,T-Shirt,Fashion,Jaipur,Online,Net Banking,1,1319.99,0.0,1319.99,1319.99,0,216.72,2024,7,July,Sunday,1319.99,1319.99
2024-07-21,ORD038042,CUST03625,P014,Keyboard,Electronics,Delhi,Online,Credit Card,2,2352.62,0.05,4705.24,4469.98,0,757.47,2024,7,July,Sunday,4705.24,4469.977999999999
2024-07-21,ORD004345,CUST02247,P001,Laptop,Electronics,Jaipur,Store,UPI,4,69360.66,0.15,277442.64,235826.24,0,39118.47,2024,7,July,Sunday,277442.64,235826.244
2024-07-21,ORD026011,CUST03234,P001,Laptop,Electronics,Bengaluru,Online,Cash,4,70902.45,0.2,283609.8,226887.84,0,45810.46,2024,7,July,Sunday,283609.8,226887.84
2024-07-21,ORD013108,CUST04010,P011,Mixer Grinder,Home,Jaipur,Store,Credit Card,5,4665.08,0.0,23325.4,23325.4,1,-1166.27,2024,7,July,Sunday,23325.4,23325.4
2024-07-21,ORD014003,CUST02956,P015,Dining Table,Furniture,Hyderabad,Online,Debit Card,2,23353.52,0.1,46707.04,42036.34,0,9933.72,2024,7,July,Sunday,46707.04,42036.336
2024-07-21,ORD027611,CUST01533,P002,Smartphone,Electronics,Delhi,Store,UPI,1,28762.94,0.1,28762.94,25886.65,0,2363.81,2024,7,July,Sunday,28762.94,25886.646
2024-07-21,ORD034562,CUST01782,P020,Microwave,Home,Chennai,Online,Net Banking,2,11106.19,0.1,22212.38,19991.14,0,5153.42,2024,7,July,Sunday,22212.38,19991.142
2024-07-21,ORD030935,CUST02168,P013,Monitor,Electronics,Hyderabad,Store,Cash,5,17960.34,0.15,89801.7,76331.44,0,5001.38,2024,7,July,Sunday,89801.7,76331.44499999999
2024-07-21,ORD049515,CUST01919,P011,Mixer Grinder,Home,Mumbai,Store,UPI,4,4572.58,0.2,18290.32,14632.26,0,2017.79,2024,7,July,Sunday,18290.32,14632.256000000001
2024-07-21,ORD036836,CUST01129,P014,Keyboard,Electronics,Mumbai,Store,Cash,2,2749.23,0.2,5498.46,4398.77,0,634.08,2024,7,July,Sunday,5498.46,4398.768
2024-07-21,ORD038324,CUST01397,P007,Backpack,Accessories,Bengaluru,Store,Credit Card,1,2340.38,0.1,2340.38,2106.34,0,140.47,2024,7,July,Sunday,2340.38,2106.342
2024-07-21,ORD030969,CUST03681,P006,Desk,Furniture,Pune,Online,UPI,1,12977.04,0.1,12977.04,11679.34,0,1209.17,2024,7,July,Sunday,12977.04,11679.336000000001
2024-07-21,ORD013767,CUST01454,P001,Laptop,Electronics,Bengaluru,Online,Credit Card,5,66437.24,0.05,332186.2,315576.89,0,56750.01,2024,7,July,Sunday,332186.2,315576.89
2024-07-21,ORD026217,CUST00496,P012,Air Fryer,Home,Jaipur,Online,Debit Card,1,6760.86,0.0,6760.86,6760.86,0,2003.75,2024,7,July,Sunday,6760.86,6760.86
2024-07-21,ORD030998,CUST00264,P002,Smartphone,Electronics,Hyderabad,Store,Debit Card,1,30644.56,0.1,30644.56,27580.1,0,4600.65,2024,7,July,Sunday,30644.56,27580.104000000003
2024-07-21,ORD039147,CUST00042,P003,Headphones,Electronics,Chennai,Online,Credit Card,1,4553.04,0.0,4553.04,4553.04,0,1141.03,2024,7,July,Sunday,4553.04,4553.04
2024-07-21,ORD019372,CUST01581,P002,Smartphone,Electronics,Hyderabad,Online,Debit Card,1,28473.49,0.2,28473.49,22778.79,0,5631.1,2024,7,July,Sunday,28473.49,22778.792
2024-07-21,ORD041550,CUST01536,P015,Dining Table,Furniture,Mumbai,Store,Debit Card,2,19925.65,0.1,39851.3,35866.17,0,2803.01,2024,7,July,Sunday,39851.3,35866.170000000006
2024-07-21,ORD006638,CUST03669,P003,Headphones,Electronics,Ahmedabad,Online,UPI,1,4910.3,0.0,4910.3,4910.3,0,800.01,2024,7,July,Sunday,4910.3,4910.3
2024-07-21,ORD030730,CUST01986,P012,Air Fryer,Home,Pune,Online,Credit Card,2,7229.78,0.05,14459.56,13736.58,0,2614.93,2024,7,July,Sunday,14459.56,13736.581999999999
2024-07-21,ORD011208,CUST00495,P004,Smartwatch,Electronics,Ahmedabad,Online,UPI,1,7613.86,0.0,7613.86,7613.86,0,1625.89,2024,7,July,Sunday,7613.86,7613.86
2024-07-21,ORD032759,CUST04598,P005,Office Chair,Furniture,Ahmedabad,Store,Net Banking,1,10145.25,0.05,10145.25,9637.99,0,886.64,2024,7,July,Sunday,10145.25,9637.9875
2024-07-21,ORD042557,CUST02024,P010,Coffee Maker,Home,Delhi,Store,UPI,1,4971.51,0.05,4971.51,4722.93,0,566.17,2024,7,July,Sunday,4971.51,4722.9345
2024-07-21,ORD038822,CUST00899,P019,Vacuum Cleaner,Home,Chennai,Store,Credit Card,1,8709.23,0.15,8709.23,7402.85,0,1953.98,2024,7,July,Sunday,8709.23,7402.845499999999
2024-07-21,ORD021820,CUST04314,P009,T-Shirt,Fashion,Pune,Store,UPI,1,1304.66,0.05,1304.66,1239.43,0,90.23,2024,7,July,Sunday,1304.66,1239.427
2024-07-21,ORD006395,CUST02603,P005,Office Chair,Furniture,Surat,Store,UPI,1,9968.44,0.15,9968.44,8473.17,0,922.12,2024,7,July,Sunday,9968.44,8473.174
2024-07-21,ORD024385,CUST00501,P007,Backpack,Accessories,Chennai,Online,UPI,1,2167.19,0.1,2167.19,1950.47,0,203.13,2024,7,July,Sunday,2167.19,1950.471
2024-07-21,ORD030297,CUST03622,P020,Microwave,Home,Ahmedabad,Online,Debit Card,1,10394.55,0.0,10394.55,10394.55,0,987.55,2024,7,July,Sunday,10394.55,10394.55
2024-07-21,ORD023329,CUST03914,P004,Smartwatch,Electronics,Chennai,Online,Debit Card,1,7537.27,0.15,7537.27,6406.68,0,1209.13,2024,7,July,Sunday,7537.27,6406.6795
2024-07-21,ORD024294,CUST01773,P003,Headphones,Electronics,Chennai,Store,UPI,4,4319.83,0.15,17279.32,14687.42,0,3933.7,2024,7,July,Sunday,17279.32,14687.421999999999
2024-07-21,ORD030318,CUST00723,P005,Office Chair,Furniture,Ahmedabad,Store,Credit Card,2,8848.88,0.15,17697.76,15043.1,0,2876.44,2024,7,July,Sunday,17697.76,15043.095999999998
2024-07-21,ORD023062,CUST02611,P015,Dining Table,Furniture,Jaipur,Store,UPI,2,21592.31,0.1,43184.62,38866.16,0,8164.17,2024,7,July,Sunday,43184.62,38866.158
2024-07-21,ORD002984,CUST01949,P009,T-Shirt,Fashion,Hyderabad,Online,Net Banking,1,1172.8,0.0,1172.8,1172.8,0,349.7,2024,7,July,Sunday,1172.8,1172.8
2024-07-21,ORD027729,CUST03447,P003,Headphones,Electronics,Kolkata,Online,Debit Card,1,4890.41,0.1,4890.41,4401.37,0,591.21,2024,7,July,Sunday,4890.41,4401.369
2024-07-21,ORD032711,CUST00758,P015,Dining Table,Furniture,Surat,Store,Credit Card,1,21115.09,0.1,21115.09,19003.58,0,3285.22,2024,7,July,Sunday,21115.09,19003.581000000002
2024-07-21,ORD007347,CUST02722,P013,Monitor,Electronics,Pune,Online,Debit Card,2,19153.13,0.15,38306.26,32560.32,0,3430.75,2024,7,July,Sunday,38306.26,32560.321
2024-07-21,ORD028356,CUST00965,P012,Air Fryer,Home,Mumbai,Online,Net Banking,1,7802.12,0.15,7802.12,6631.8,0,1139.09,2024,7,July,Sunday,7802.12,6631.802
2024-07-21,ORD009626,CUST01676,P019,Vacuum Cleaner,Home,Mumbai,Online,Debit Card,2,8289.16,0.05,16578.32,15749.4,0,2242.55,2024,7,July,Sunday,16578.32,15749.403999999999
2024-07-21,ORD036202,CUST01381,P008,Running Shoes,Fashion,Pune,Online,Credit Card,3,4242.32,0.1,12726.96,11454.26,0,2861.68,2024,7,July,Sunday,12726.96,11454.264
2024-07-21,ORD004503,CUST04672,P018,Jacket,Fashion,Mumbai,Store,Credit Card,1,5041.93,0.05,5041.93,4789.83,0,1330.64,2024,7,July,Sunday,5041.93,4789.8335
2024-07-21,ORD020171,CUST02164,P002,Smartphone,Electronics,Jaipur,Store,UPI,1,25292.97,0.1,25292.97,22763.67,0,1960.91,2024,7,July,Sunday,25292.97,22763.673000000003
2024-07-21,ORD039578,CUST04581,P013,Monitor,Electronics,Kolkata,Online,Credit Card,1,16447.58,0.2,16447.58,13158.06,0,1870.32,2024,7,July,Sunday,16447.58,13158.064000000002
2024-07-21,ORD025265,CUST01404,P017,Jeans,Fashion,Kolkata,Online,Net Banking,1,2822.73,0.05,2822.73,2681.59,0,750.75,2024,7,July,Sunday,2822.73,2681.5935
2024-07-21,ORD020052,CUST03121,P002,Smartphone,Electronics,Hyderabad,Store,Debit Card,1,28370.22,0.0,28370.22,28370.22,0,7970.68,2024,7,July,Sunday,28370.22,28370.22
2024-07-21,ORD038154,CUST00682,P018,Jacket,Fashion,Ahmedabad,Online,Net Banking,2,5083.33,0.0,10166.66,10166.66,0,1902.85,2024,7,July,Sunday,10166.66,10166.66
2024-07-21,ORD016999,CUST01314,P014,Keyboard,Electronics,Mumbai,Online,Credit Card,2,2341.98,0.15,4683.96,3981.37,0,965.77,2024,7,July,Sunday,4683.96,3981.366
2024-07-21,ORD032453,CUST04822,P011,Mixer Grinder,Home,Surat,Online,UPI,1,4725.49,0.05,4725.49,4489.22,0,1099.52,2024,7,July,Sunday,4725.49,4489.215499999999
2024-07-21,ORD037959,CUST03500,P017,Jeans,Fashion,Ahmedabad,Store,Cash,2,3010.09,0.05,6020.18,5719.17,0,805.94,2024,7,July,Sunday,6020.18,5719.171
2024-07-21,ORD012512,CUST01060,P004,Smartwatch,Electronics,Pune,Online,UPI,1,6913.99,0.0,6913.99,6913.99,0,813.35,2024,7,July,Sunday,6913.99,6913.99
2024-07-21,ORD019956,CUST04071,P019,Vacuum Cleaner,Home,Ahmedabad,Online,Net Banking,1,9589.69,0.15,9589.69,8151.24,0,1891.97,2024,7,July,Sunday,9589.69,8151.2365
2024-07-21,ORD010218,CUST04485,P013,Monitor,Electronics,Jaipur,Store,Credit Card,2,17214.04,0.05,34428.08,32706.68,0,2441.29,2024,7,July,Sunday,34428.08,32706.676
2024-07-21,ORD007016,CUST01451,P002,Smartphone,Electronics,Delhi,Store,UPI,1,29577.81,0.0,29577.81,29577.81,0,4768.29,2024,7,July,Sunday,29577.81,29577.81
2024-07-21,ORD038457,CUST04936,P011,Mixer Grinder,Home,Surat,Store,Net Banking,3,4774.47,0.0,14323.41,14323.41,0,1298.78,2024,7,July,Sunday,14323.41,14323.41
2024-07-21,ORD022049,CUST01298,P020,Microwave,Home,Pune,Store,UPI,1,10743.67,0.2,10743.67,8594.94,0,1752.74,2024,7,July,Sunday,10743.67,8594.936
2024-07-21,ORD038515,CUST03128,P007,Backpack,Accessories,Ahmedabad,Online,Credit Card,1,2079.6,0.05,2079.6,1975.62,0,420.84,2024,7,July,Sunday,2079.6,1975.62
2024-07-21,ORD025102,CUST02519,P018,Jacket,Fashion,Jaipur,Online,Debit Card,3,5324.91,0.0,15974.73,15974.73,0,4580.57,2024,7,July,Sunday,15974.73,15974.73
2024-07-21,ORD009687,CUST01625,P001,Laptop,Electronics,Bengaluru,Online,Credit Card,1,60739.41,0.2,60739.41,48591.53,0,5001.4,2024,7,July,Sunday,60739.41,48591.528000000006
2024-07-21,ORD027181,CUST03574,P007,Backpack,Accessories,Surat,Store,Debit Card,1,2358.32,0.0,2358.32,2358.32,0,190.05,2024,7,July,Sunday,2358.32,2358.32
2024-07-21,ORD020824,CUST03218,P014,Keyboard,Electronics,Surat,Online,Debit Card,1,2684.68,0.1,2684.68,2416.21,0,628.17,2024,7,July,Sunday,2684.68,2416.212
2024-07-21,ORD038511,CUST01988,P011,Mixer Grinder,Home,Chennai,Store,Debit Card,4,4637.49,0.05,18549.96,17622.46,0,3399.62,2024,7,July,Sunday,18549.96,17622.462
2024-07-21,ORD029112,CUST01064,P006,Desk,Furniture,Pune,Store,UPI,4,10929.87,0.2,43719.48,34975.58,0,6574.03,2024,7,July,Sunday,43719.48,34975.584
2024-07-21,ORD022133,CUST04136,P016,Sofa,Furniture,Jaipur,Store,UPI,2,32078.69,0.25,64157.38,48118.04,0,10190.04,2024,7,July,Sunday,64157.38,48118.034999999996
2024-07-21,ORD043588,CUST04690,P003,Headphones,Electronics,Hyderabad,Online,Credit Card,1,4291.4,0.25,4291.4,3218.55,1,-160.93,2024,7,July,Sunday,4291.4,3218.5499999999997
2024-07-21,ORD004326,CUST03104,P006,Desk,Furniture,Ahmedabad,Store,UPI,1,11934.38,0.05,11934.38,11337.66,0,2150.45,2024,7,July,Sunday,11934.38,11337.660999999998
2024-07-21,ORD007837,CUST04092,P004,Smartwatch,Electronics,Chennai,Online,UPI,1,7225.47,0.1,7225.47,6502.92,0,1723.74,2024,7,July,Sunday,7225.47,6502.923000000001
2024-07-22,ORD021199,CUST00312,P002,Smartphone,Electronics,Ahmedabad,Store,Debit Card,5,26550.94,0.0,132754.7,132754.7,0,33764.25,2024,7,July,Monday,132754.69999999998,132754.7
2024-07-22,ORD006952,CUST03018,P014,Keyboard,Electronics,Ahmedabad,Online,UPI,1,2608.23,0.1,2608.23,2347.41,0,557.72,2024,7,July,Monday,2608.23,2347.407
2024-07-22,ORD016572,CUST03888,P020,Microwave,Home,Pune,Store,Debit Card,2,11810.91,0.1,23621.82,21259.64,0,3418.22,2024,7,July,Monday,23621.82,21259.638
2024-07-22,ORD023131,CUST04827,P007,Backpack,Accessories,Kolkata,Online,UPI,2,2380.22,0.0,4760.44,4760.44,0,501.04,2024,7,July,Monday,4760.44,4760.44
2024-07-22,ORD046233,CUST01095,P009,T-Shirt,Fashion,Bengaluru,Online,UPI,1,1136.14,0.1,1136.14,1022.53,0,61.53,2024,7,July,Monday,1136.14,1022.5260000000001
2024-07-22,ORD032242,CUST00112,P020,Microwave,Home,Mumbai,Online,UPI,4,11636.38,0.1,46545.52,41890.97,0,4185.59,2024,7,July,Monday,46545.52,41890.968
2024-07-22,ORD039623,CUST02847,P018,Jacket,Fashion,Kolkata,Online,Net Banking,1,4743.39,0.0,4743.39,4743.39,0,640.14,2024,7,July,Monday,4743.39,4743.39
2024-07-22,ORD042241,CUST02096,P017,Jeans,Fashion,Chennai,Online,UPI,2,2945.0,0.15,5890.0,5006.5,0,1166.88,2024,7,July,Monday,5890.0,5006.5
2024-07-22,ORD034335,CUST03519,P013,Monitor,Electronics,Mumbai,Online,Credit Card,1,16785.76,0.0,16785.76,16785.76,0,3838.66,2024,7,July,Monday,16785.76,16785.76
2024-07-22,ORD039028,CUST04226,P012,Air Fryer,Home,Surat,Store,Credit Card,4,7657.48,0.05,30629.92,29098.42,0,4475.04,2024,7,July,Monday,30629.92,29098.423999999995
2024-07-22,ORD042076,CUST00703,P016,Sofa,Furniture,Kolkata,Store,Credit Card,2,33735.79,0.15,67471.58,57350.84,1,-2867.54,2024,7,July,Monday,67471.58,57350.843
2024-07-22,ORD049454,CUST03268,P006,Desk,Furniture,Delhi,Store,Debit Card,5,12097.32,0.0,60486.6,60486.6,0,16994.83,2024,7,July,Monday,60486.6,60486.6
2024-07-22,ORD037009,CUST03121,P005,Office Chair,Furniture,Bengaluru,Online,Cash,2,10184.83,0.25,20369.66,15277.24,0,3481.18,2024,7,July,Monday,20369.66,15277.244999999999
2024-07-22,ORD021953,CUST04424,P008,Running Shoes,Fashion,Delhi,Online,UPI,3,4557.71,0.15,13673.13,11622.16,0,3099.05,2024,7,July,Monday,13673.130000000001,11622.160499999998
2024-07-22,ORD049432,CUST00175,P010,Coffee Maker,Home,Hyderabad,Online,Debit Card,1,5008.6,0.0,5008.6,5008.6,0,519.53,2024,7,July,Monday,5008.6,5008.6
2024-07-22,ORD034456,CUST03503,P014,Keyboard,Electronics,Chennai,Store,UPI,1,2434.75,0.15,2434.75,2069.54,0,524.93,2024,7,July,Monday,2434.75,2069.5375
2024-07-22,ORD044915,CUST02969,P003,Headphones,Electronics,Chennai,Store,UPI,2,4235.61,0.2,8471.22,6776.98,0,1563.54,2024,7,July,Monday,8471.22,6776.976
2024-07-22,ORD001996,CUST04441,P019,Vacuum Cleaner,Home,Kolkata,Store,Net Banking,1,9681.32,0.15,9681.32,8229.12,0,2090.43,2024,7,July,Monday,9681.32,8229.122
2024-07-22,ORD047244,CUST02075,P002,Smartphone,Electronics,Kolkata,Store,UPI,3,29047.47,0.05,87142.41,82785.29,0,11517.2,2024,7,July,Monday,87142.41,82785.2895
2024-07-22,ORD031910,CUST04351,P013,Monitor,Electronics,Surat,Store,Net Banking,1,18956.33,0.05,18956.33,18008.51,0,2583.94,2024,7,July,Monday,18956.33,18008.5135
2024-07-22,ORD018741,CUST02910,P011,Mixer Grinder,Home,Delhi,Online,Cash,1,4470.87,0.1,4470.87,4023.78,0,845.01,2024,7,July,Monday,4470.87,4023.783
2024-07-22,ORD044512,CUST01312,P001,Laptop,Electronics,Pune,Online,UPI,1,69674.03,0.2,69674.03,55739.22,0,6585.92,2024,7,July,Monday,69674.03,55739.224
2024-07-22,ORD031968,CUST02508,P001,Laptop,Electronics,Jaipur,Store,UPI,2,66855.21,0.05,133710.42,127024.9,0,35944.11,2024,7,July,Monday,133710.42,127024.899
2024-07-22,ORD004162,CUST01044,P001,Laptop,Electronics,Delhi,Store,UPI,1,66964.35,0.0,66964.35,66964.35,0,7056.28,2024,7,July,Monday,66964.35,66964.35
2024-07-22,ORD016155,CUST00966,P017,Jeans,Fashion,Bengaluru,Online,Debit Card,1,3005.33,0.05,3005.33,2855.06,0,645.68,2024,7,July,Monday,3005.33,2855.0634999999997
2024-07-22,ORD019972,CUST03307,P016,Sofa,Furniture,Hyderabad,Online,UPI,1,37501.25,0.2,37501.25,30001.0,0,3976.24,2024,7,July,Monday,37501.25,30001.0
2024-07-22,ORD041167,CUST02686,P019,Vacuum Cleaner,Home,Bengaluru,Store,UPI,5,8233.19,0.15,41165.95,34991.06,0,4872.7,2024,7,July,Monday,41165.950000000004,34991.057499999995
2024-07-22,ORD042066,CUST03674,P014,Keyboard,Electronics,Surat,Online,UPI,1,2457.65,0.2,2457.65,1966.12,0,185.22,2024,7,July,Monday,2457.65,1966.1200000000001
2024-07-22,ORD025988,CUST03066,P003,Headphones,Electronics,Chennai,Online,UPI,1,4332.8,0.2,4332.8,3466.24,0,241.29,2024,7,July,Monday,4332.8,3466.2400000000002
2024-07-22,ORD047309,CUST03962,P019,Vacuum Cleaner,Home,Hyderabad,Store,Debit Card,2,9172.19,0.0,18344.38,18344.38,0,5183.49,2024,7,July,Monday,18344.38,18344.38
2024-07-22,ORD028299,CUST00148,P013,Monitor,Electronics,Chennai,Store,Debit Card,1,17124.68,0.05,17124.68,16268.45,0,1857.88,2024,7,July,Monday,17124.68,16268.446
2024-07-22,ORD013627,CUST02759,P012,Air Fryer,Home,Pune,Store,Credit Card,1,7179.59,0.0,7179.59,7179.59,0,1590.7,2024,7,July,Monday,7179.59,7179.59
2024-07-22,ORD014451,CUST01679,P016,Sofa,Furniture,Delhi,Store,UPI,1,34712.58,0.1,34712.58,31241.32,0,2744.75,2024,7,July,Monday,34712.58,31241.322000000004
2024-07-22,ORD017797,CUST02006,P008,Running Shoes,Fashion,Surat,Store,Debit Card,1,4256.2,0.1,4256.2,3830.58,0,433.15,2024,7,July,Monday,4256.2,3830.58
2024-07-22,ORD042839,CUST01540,P013,Monitor,Electronics,Hyderabad,Online,UPI,1,17127.73,0.0,17127.73,17127.73,0,3584.61,2024,7,July,Monday,17127.73,17127.73
2024-07-22,ORD046782,CUST03239,P013,Monitor,Electronics,Delhi,Store,Credit Card,1,16277.97,0.15,16277.97,13836.27,1,-691.81,2024,7,July,Monday,16277.97,13836.2745
2024-07-22,ORD045525,CUST03741,P002,Smartphone,Electronics,Kolkata,Online,Net Banking,1,30631.58,0.05,30631.58,29100.0,0,2219.96,2024,7,July,Monday,30631.58,29100.001
2024-07-22,ORD023821,CUST02791,P007,Backpack,Accessories,Ahmedabad,Online,UPI,2,2345.95,0.0,4691.9,4691.9,0,398.76,2024,7,July,Monday,4691.9,4691.9
2024-07-22,ORD002925,CUST03110,P017,Jeans,Fashion,Surat,Online,UPI,4,2594.52,0.0,10378.08,10378.08,0,2655.39,2024,7,July,Monday,10378.08,10378.08
2024-07-22,ORD024190,CUST04986,P005,Office Chair,Furniture,Pune,Store,Debit Card,1,9467.9,0.0,9467.9,9467.9,0,2354.39,2024,7,July,Monday,9467.9,9467.9
2024-07-22,ORD044154,CUST02998,P015,Dining Table,Furniture,Ahmedabad,Store,UPI,2,20497.81,0.0,40995.62,40995.62,0,3605.88,2024,7,July,Monday,40995.62,40995.62
2024-07-22,ORD047366,CUST00840,P007,Backpack,Accessories,Bengaluru,Online,UPI,2,2333.3,0.1,4666.6,4199.94,1,-210.0,2024,7,July,Monday,4666.6,4199.9400000000005
2024-07-22,ORD014794,CUST03813,P011,Mixer Grinder,Home,Ahmedabad,Online,Debit Card,1,5249.09,0.15,5249.09,4461.73,0,985.13,2024,7,July,Monday,5249.09,4461.7265
2024-07-22,ORD028767,CUST03221,P007,Backpack,Accessories,Hyderabad,Store,Credit Card,2,2316.03,0.0,4632.06,4632.06,0,671.81,2024,7,July,Monday,4632.06,4632.06
2024-07-22,ORD035682,CUST02375,P013,Monitor,Electronics,Jaipur,Online,UPI,2,18583.88,0.0,37167.76,37167.76,0,10744.51,2024,7,July,Monday,37167.76,37167.76
2024-07-22,ORD038505,CUST00805,P020,Microwave,Home,Ahmedabad,Online,Credit Card,1,11345.9,0.15,11345.9,9644.02,0,596.9,2024,7,July,Monday,11345.9,9644.015
2024-07-22,ORD029254,CUST03788,P014,Keyboard,Electronics,Mumbai,Store,UPI,2,2260.29,0.1,4520.58,4068.52,1,-203.43,2024,7,July,Monday,4520.58,4068.522
2024-07-22,ORD043126,CUST04164,P017,Jeans,Fashion,Hyderabad,Online,UPI,3,2612.53,0.05,7837.59,7445.71,1,-372.29,2024,7,July,Monday,7837.59,7445.7105
2024-07-22,ORD010929,CUST02087,P005,Office Chair,Furniture,Ahmedabad,Online,Credit Card,4,9916.84,0.0,39667.36,39667.36,0,11438.48,2024,7,July,Monday,39667.36,39667.36
2024-07-22,ORD029734,CUST02146,P008,Running Shoes,Fashion,Jaipur,Store,UPI,2,4287.27,0.05,8574.54,8145.81,0,1448.9,2024,7,July,Monday,8574.54,8145.813
2024-07-22,ORD035311,CUST02142,P007,Backpack,Accessories,Kolkata,Online,Debit Card,5,2058.59,0.0,10292.95,10292.95,0,1440.6,2024,7,July,Monday,10292.95,10292.95
2024-07-22,ORD028882,CUST00162,P001,Laptop,Electronics,Delhi,Online,UPI,1,63829.92,0.25,63829.92,47872.44,0,6312.36,2024,7,July,Monday,63829.92,47872.44
2024-07-22,ORD017201,CUST03021,P019,Vacuum Cleaner,Home,Chennai,Store,Debit Card,2,8924.25,0.1,17848.5,16063.65,0,1758.75,2024,7,July,Monday,17848.5,16063.65
2024-07-22,ORD008735,CUST03651,P002,Smartphone,Electronics,Mumbai,Online,Debit Card,3,25209.12,0.1,75627.36,68064.62,0,6015.78,2024,7,July,Monday,75627.36,68064.624
2024-07-23,ORD014629,CUST00884,P014,Keyboard,Electronics,Chennai,Online,UPI,2,2737.63,0.2,5475.26,4380.21,0,1037.35,2024,7,July,Tuesday,5475.26,4380.2080000000005
2024-07-23,ORD017457,CUST04129,P004,Smartwatch,Electronics,Jaipur,Online,Net Banking,1,6933.67,0.1,6933.67,6240.3,0,1326.75,2024,7,July,Tuesday,6933.67,6240.303
2024-07-23,ORD024233,CUST04618,P018,Jacket,Fashion,Bengaluru,Online,Credit Card,2,4707.3,0.05,9414.6,8943.87,0,1796.63,2024,7,July,Tuesday,9414.6,8943.87
2024-07-23,ORD004813,CUST02876,P007,Backpack,Accessories,Pune,Online,Debit Card,2,2098.01,0.2,4196.02,3356.82,0,575.32,2024,7,July,Tuesday,4196.02,3356.8160000000007
2024-07-23,ORD044776,CUST00630,P008,Running Shoes,Fashion,Jaipur,Online,Credit Card,1,4303.19,0.15,4303.19,3657.71,0,869.22,2024,7,July,Tuesday,4303.19,3657.7114999999994
2024-07-23,ORD036775,CUST04787,P020,Microwave,Home,Chennai,Store,Cash,2,10501.96,0.05,21003.92,19953.72,0,4861.22,2024,7,July,Tuesday,21003.92,19953.724
2024-07-23,ORD029584,CUST02158,P010,Coffee Maker,Home,Ahmedabad,Store,UPI,1,5926.57,0.1,5926.57,5333.91,0,694.17,2024,7,July,Tuesday,5926.57,5333.913
2024-07-23,ORD045970,CUST02682,P009,T-Shirt,Fashion,Hyderabad,Online,UPI,1,1272.63,0.0,1272.63,1272.63,0,253.96,2024,7,July,Tuesday,1272.63,1272.63
2024-07-23,ORD022467,CUST04418,P001,Laptop,Electronics,Ahmedabad,Online,Credit Card,1,68421.87,0.05,68421.87,65000.78,0,13745.69,2024,7,July,Tuesday,68421.87,65000.77649999999
2024-07-23,ORD017129,CUST01954,P001,Laptop,Electronics,Bengaluru,Store,UPI,1,71132.74,0.1,71132.74,64019.47,0,11183.27,2024,7,July,Tuesday,71132.74,64019.46600000001
2024-07-23,ORD025684,CUST03075,P011,Mixer Grinder,Home,Chennai,Online,Credit Card,2,4731.78,0.1,9463.56,8517.2,0,1360.16,2024,7,July,Tuesday,9463.56,8517.204
2024-07-23,ORD031780,CUST03297,P012,Air Fryer,Home,Bengaluru,Store,UPI,1,7768.33,0.15,7768.33,6603.08,0,1766.17,2024,7,July,Tuesday,7768.33,6603.0805
2024-07-23,ORD027193,CUST01300,P013,Monitor,Electronics,Chennai,Online,Credit Card,1,18586.58,0.05,18586.58,17657.25,0,1251.31,2024,7,July,Tuesday,18586.58,17657.251
2024-07-23,ORD049392,CUST04440,P017,Jeans,Fashion,Delhi,Store,UPI,2,2541.41,0.05,5082.82,4828.68,0,807.35,2024,7,July,Tuesday,5082.82,4828.678999999999
2024-07-23,ORD045548,CUST03104,P018,Jacket,Fashion,Pune,Online,UPI,5,5476.68,0.05,27383.4,26014.23,0,5929.56,2024,7,July,Tuesday,27383.4,26014.23
2024-07-23,ORD007417,CUST03979,P003,Headphones,Electronics,Delhi,Store,Net Banking,1,4785.14,0.2,4785.14,3828.11,0,217.75,2024,7,July,Tuesday,4785.14,3828.1120000000005
2024-07-23,ORD043844,CUST01229,P005,Office Chair,Furniture,Bengaluru,Store,UPI,1,8901.47,0.1,8901.47,8011.32,0,834.92,2024,7,July,Tuesday,8901.47,8011.322999999999
2024-07-23,ORD040982,CUST00064,P004,Smartwatch,Electronics,Jaipur,Online,Credit Card,1,6592.06,0.1,6592.06,5932.85,0,874.31,2024,7,July,Tuesday,6592.06,5932.854
2024-07-23,ORD040989,CUST00328,P016,Sofa,Furniture,Kolkata,Store,UPI,1,35124.4,0.0,35124.4,35124.4,0,9678.71,2024,7,July,Tuesday,35124.4,35124.4
2024-07-23,ORD002225,CUST00779,P017,Jeans,Fashion,Kolkata,Store,UPI,1,2541.48,0.15,2541.48,2160.26,0,147.63,2024,7,July,Tuesday,2541.48,2160.258
2024-07-23,ORD017268,CUST01128,P007,Backpack,Accessories,Pune,Online,Cash,1,2303.39,0.25,2303.39,1727.54,0,229.44,2024,7,July,Tuesday,2303.39,1727.5425
2024-07-23,ORD037073,CUST04886,P010,Coffee Maker,Home,Jaipur,Store,UPI,1,5728.71,0.05,5728.71,5442.27,0,678.09,2024,7,July,Tuesday,5728.71,5442.2744999999995
2024-07-23,ORD048077,CUST03760,P011,Mixer Grinder,Home,Bengaluru,Store,UPI,2,4962.05,0.1,9924.1,8931.69,0,1671.84,2024,7,July,Tuesday,9924.1,8931.69
2024-07-23,ORD044203,CUST00040,P011,Mixer Grinder,Home,Jaipur,Store,UPI,5,5023.18,0.15,25115.9,21348.52,0,2357.88,2024,7,July,Tuesday,25115.9,21348.515
2024-07-23,ORD012023,CUST03401,P018,Jacket,Fashion,Pune,Online,UPI,1,4839.21,0.05,4839.21,4597.25,0,1223.23,2024,7,July,Tuesday,4839.21,4597.2495
2024-07-23,ORD031260,CUST01133,P001,Laptop,Electronics,Delhi,Store,Credit Card,1,59621.93,0.05,59621.93,56640.83,0,15072.0,2024,7,July,Tuesday,59621.93,56640.8335
2024-07-23,ORD043551,CUST02035,P013,Monitor,Electronics,Chennai,Store,Credit Card,1,18136.16,0.0,18136.16,18136.16,0,2020.43,2024,7,July,Tuesday,18136.16,18136.16
2024-07-23,ORD002907,CUST03319,P002,Smartphone,Electronics,Ahmedabad,Online,Net Banking,2,25533.78,0.05,51067.56,48514.18,0,13048.95,2024,7,July,Tuesday,51067.56,48514.18199999999
2024-07-23,ORD049931,CUST00677,P009,T-Shirt,Fashion,Mumbai,Store,Cash,1,1270.16,0.1,1270.16,1143.14,0,241.19,2024,7,July,Tuesday,1270.16,1143.144
2024-07-23,ORD010299,CUST04122,P013,Monitor,Electronics,Bengaluru,Online,Credit Card,1,18710.21,0.1,18710.21,16839.19,0,2668.0,2024,7,July,Tuesday,18710.21,16839.189
2024-07-23,ORD026721,CUST01327,P003,Headphones,Electronics,Mumbai,Store,Credit Card,4,4150.62,0.0,16602.48,16602.48,0,3884.55,2024,7,July,Tuesday,16602.48,16602.48
2024-07-23,ORD014764,CUST04866,P006,Desk,Furniture,Mumbai,Online,Credit Card,3,12063.56,0.15,36190.68,30762.08,0,2463.11,2024,7,July,Tuesday,36190.68,30762.077999999998
2024-07-23,ORD042752,CUST01846,P017,Jeans,Fashion,Kolkata,Store,UPI,5,2920.51,0.05,14602.55,13872.42,0,3990.77,2024,7,July,Tuesday,14602.550000000001,13872.422499999999
2024-07-23,ORD042102,CUST03508,P018,Jacket,Fashion,Surat,Store,Debit Card,2,5190.16,0.15,10380.32,8823.27,0,2269.63,2024,7,July,Tuesday,10380.32,8823.271999999999
2024-07-23,ORD047852,CUST03022,P017,Jeans,Fashion,Surat,Online,Credit Card,1,2829.86,0.2,2829.86,2263.89,0,454.92,2024,7,July,Tuesday,2829.86,2263.8880000000004
2024-07-23,ORD035380,CUST00174,P020,Microwave,Home,Bengaluru,Online,UPI,1,10215.58,0.15,10215.58,8683.24,0,1857.14,2024,7,July,Tuesday,10215.58,8683.243
2024-07-23,ORD028907,CUST04424,P019,Vacuum Cleaner,Home,Jaipur,Store,Net Banking,2,8315.11,0.0,16630.22,16630.22,0,3737.14,2024,7,July,Tuesday,16630.22,16630.22
2024-07-23,ORD011289,CUST04742,P016,Sofa,Furniture,Mumbai,Online,Net Banking,1,37208.17,0.0,37208.17,37208.17,0,10621.43,2024,7,July,Tuesday,37208.17,37208.17
2024-07-23,ORD026085,CUST02389,P010,Coffee Maker,Home,Pune,Store,Net Banking,1,5443.68,0.05,5443.68,5171.5,0,943.17,2024,7,July,Tuesday,5443.68,5171.496
2024-07-23,ORD022125,CUST01202,P010,Coffee Maker,Home,Surat,Online,UPI,2,5605.18,0.1,11210.36,10089.32,0,1603.63,2024,7,July,Tuesday,11210.36,10089.324
2024-07-23,ORD000900,CUST03339,P015,Dining Table,Furniture,Surat,Online,Debit Card,3,22692.76,0.1,68078.28,61270.45,0,8973.01,2024,7,July,Tuesday,68078.28,61270.452
2024-07-23,ORD044420,CUST04235,P004,Smartwatch,Electronics,Pune,Online,UPI,1,7413.55,0.0,7413.55,7413.55,0,1343.58,2024,7,July,Tuesday,7413.55,7413.55
2024-07-23,ORD042371,CUST02845,P019,Vacuum Cleaner,Home,Hyderabad,Store,Credit Card,1,8958.95,0.0,8958.95,8958.95,0,2635.41,2024,7,July,Tuesday,8958.95,8958.95
2024-07-23,ORD044414,CUST01079,P007,Backpack,Accessories,Kolkata,Store,Credit Card,1,2193.65,0.05,2193.65,2083.97,0,434.61,2024,7,July,Tuesday,2193.65,2083.9675
2024-07-23,ORD008905,CUST03114,P016,Sofa,Furniture,Bengaluru,Store,UPI,1,32936.94,0.0,32936.94,32936.94,0,7675.11,2024,7,July,Tuesday,32936.94,32936.94
2024-07-23,ORD028091,CUST04734,P016,Sofa,Furniture,Kolkata,Store,UPI,5,37821.54,0.2,189107.7,151286.16,0,28409.66,2024,7,July,Tuesday,189107.7,151286.16
2024-07-23,ORD002089,CUST02888,P019,Vacuum Cleaner,Home,Kolkata,Store,Debit Card,1,9246.2,0.2,9246.2,7396.96,0,1894.23,2024,7,July,Tuesday,9246.2,7396.960000000001
2024-07-23,ORD002376,CUST04065,P012,Air Fryer,Home,Ahmedabad,Online,UPI,2,7408.76,0.0,14817.52,14817.52,1,-740.88,2024,7,July,Tuesday,14817.52,14817.52
2024-07-23,ORD018293,CUST01842,P014,Keyboard,Electronics,Surat,Online,Net Banking,1,2667.88,0.2,2667.88,2134.3,1,-106.72,2024,7,July,Tuesday,2667.88,2134.304
2024-07-23,ORD000257,CUST01036,P018,Jacket,Fashion,Chennai,Online,Cash,2,5516.12,0.15,11032.24,9377.4,0,1542.0,2024,7,July,Tuesday,11032.24,9377.404
2024-07-23,ORD001326,CUST03580,P017,Jeans,Fashion,Jaipur,Online,Credit Card,1,2549.12,0.1,2549.12,2294.21,0,403.71,2024,7,July,Tuesday,2549.12,2294.208
2024-07-23,ORD018549,CUST01605,P015,Dining Table,Furniture,Chennai,Online,Debit Card,1,22104.0,0.1,22104.0,19893.6,0,4462.44,2024,7,July,Tuesday,22104.0,19893.600000000002
2024-07-23,ORD036534,CUST00064,P001,Laptop,Electronics,Kolkata,Online,Debit Card,5,70250.42,0.05,351252.1,333689.49,0,72302.37,2024,7,July,Tuesday,351252.1,333689.49499999994
2024-07-23,ORD026350,CUST03148,P009,T-Shirt,Fashion,Bengaluru,Online,Debit Card,1,1082.71,0.25,1082.71,812.03,0,167.86,2024,7,July,Tuesday,1082.71,812.0325
2024-07-23,ORD041650,CUST00921,P017,Jeans,Fashion,Bengaluru,Store,Net Banking,1,2912.66,0.15,2912.66,2475.76,0,203.22,2024,7,July,Tuesday,2912.66,2475.761
2024-07-23,ORD030738,CUST03891,P005,Office Chair,Furniture,Hyderabad,Online,UPI,1,8815.86,0.15,8815.86,7493.48,0,1402.23,2024,7,July,Tuesday,8815.86,7493.481000000001
2024-07-23,ORD026580,CUST02666,P002,Smartphone,Electronics,Ahmedabad,Online,Cash,3,29399.62,0.15,88198.86,74969.03,0,19836.84,2024,7,July,Tuesday,88198.86,74969.031
2024-07-23,ORD003477,CUST00745,P016,Sofa,Furniture,Ahmedabad,Online,UPI,1,35784.88,0.2,35784.88,28627.9,0,2272.0,2024,7,July,Tuesday,35784.88,28627.904
2024-07-23,ORD043066,CUST01092,P013,Monitor,Electronics,Kolkata,Store,UPI,1,16391.96,0.0,16391.96,16391.96,0,1673.28,2024,7,July,Tuesday,16391.96,16391.96
2024-07-23,ORD025845,CUST02440,P019,Vacuum Cleaner,Home,Jaipur,Online,UPI,5,8152.93,0.25,40764.65,30573.49,0,5694.79,2024,7,July,Tuesday,40764.65,30573.487500000003
2024-07-23,ORD046945,CUST02776,P009,T-Shirt,Fashion,Kolkata,Online,Credit Card,3,1310.97,0.0,3932.91,3932.91,0,866.91,2024,7,July,Tuesday,3932.91,3932.91
2024-07-23,ORD001621,CUST02043,P011,Mixer Grinder,Home,Surat,Store,Debit Card,3,5071.74,0.05,15215.22,14454.46,0,2456.81,2024,7,July,Tuesday,15215.22,14454.458999999999
2024-07-23,ORD033818,CUST04159,P011,Mixer Grinder,Home,Surat,Online,UPI,1,5034.26,0.1,5034.26,4530.83,0,1038.76,2024,7,July,Tuesday,5034.26,4530.834000000001
2024-07-23,ORD040493,CUST03375,P004,Smartwatch,Electronics,Kolkata,Online,Debit Card,2,7059.71,0.1,14119.42,12707.48,0,3189.95,2024,7,July,Tuesday,14119.42,12707.478000000001
2024-07-23,ORD004993,CUST02703,P001,Laptop,Electronics,Surat,Online,Credit Card,3,68502.86,0.2,205508.58,164406.86,0,15417.45,2024,7,July,Tuesday,205508.58000000002,164406.864
2024-07-23,ORD037698,CUST02862,P003,Headphones,Electronics,Mumbai,Store,Cash,1,4247.31,0.1,4247.31,3822.58,1,-191.13,2024,7,July,Tuesday,4247.31,3822.5790000000006
2024-07-23,ORD025776,CUST03113,P018,Jacket,Fashion,Ahmedabad,Store,Debit Card,1,5685.89,0.2,5685.89,4548.71,0,931.66,2024,7,July,Tuesday,5685.89,4548.712
2024-07-23,ORD014288,CUST00304,P013,Monitor,Electronics,Hyderabad,Online,UPI,1,19445.39,0.1,19445.39,17500.85,0,2073.86,2024,7,July,Tuesday,19445.39,17500.851
2024-07-24,ORD004091,CUST03650,P014,Keyboard,Electronics,Bengaluru,Store,Credit Card,1,2387.4,0.1,2387.4,2148.66,0,174.17,2024,7,July,Wednesday,2387.4,2148.6600000000003
2024-07-24,ORD007100,CUST01457,P006,Desk,Furniture,Bengaluru,Online,UPI,1,11957.89,0.0,11957.89,11957.89,0,3334.86,2024,7,July,Wednesday,11957.89,11957.89
2024-07-24,ORD047918,CUST04763,P015,Dining Table,Furniture,Kolkata,Online,UPI,1,23192.84,0.1,23192.84,20873.56,0,4889.19,2024,7,July,Wednesday,23192.84,20873.556
2024-07-24,ORD015208,CUST01440,P002,Smartphone,Electronics,Jaipur,Online,Credit Card,4,25569.5,0.0,102278.0,102278.0,0,20327.55,2024,7,July,Wednesday,102278.0,102278.0
2024-07-24,ORD011133,CUST04719,P015,Dining Table,Furniture,Delhi,Store,Debit Card,1,23720.08,0.1,23720.08,21348.07,0,2706.59,2024,7,July,Wednesday,23720.08,21348.072000000004
2024-07-24,ORD046656,CUST00460,P015,Dining Table,Furniture,Kolkata,Online,Credit Card,1,21215.63,0.05,21215.63,20154.85,0,4725.59,2024,7,July,Wednesday,21215.63,20154.8485
2024-07-24,ORD039790,CUST03226,P019,Vacuum Cleaner,Home,Bengaluru,Online,Debit Card,2,9856.38,0.05,19712.76,18727.12,0,2419.6,2024,7,July,Wednesday,19712.76,18727.122
2024-07-24,ORD024034,CUST02543,P015,Dining Table,Furniture,Bengaluru,Online,UPI,4,22816.38,0.1,91265.52,82138.97,0,15115.94,2024,7,July,Wednesday,91265.52,82138.96800000001
2024-07-24,ORD048323,CUST03655,P012,Air Fryer,Home,Surat,Store,UPI,1,7117.81,0.1,7117.81,6406.03,0,584.75,2024,7,July,Wednesday,7117.81,6406.029
2024-07-24,ORD039593,CUST03482,P011,Mixer Grinder,Home,Jaipur,Store,UPI,1,4405.9,0.0,4405.9,4405.9,0,750.43,2024,7,July,Wednesday,4405.9,4405.9
2024-07-24,ORD020272,CUST01913,P005,Office Chair,Furniture,Kolkata,Online,Credit Card,3,8821.16,0.0,26463.48,26463.48,0,2325.82,2024,7,July,Wednesday,26463.48,26463.48
2024-07-24,ORD011659,CUST03724,P013,Monitor,Electronics,Chennai,Online,UPI,2,17592.2,0.0,35184.4,35184.4,0,5671.92,2024,7,July,Wednesday,35184.4,35184.4
2024-07-24,ORD034753,CUST00490,P013,Monitor,Electronics,Surat,Store,Cash,2,18397.65,0.0,36795.3,36795.3,0,7329.01,2024,7,July,Wednesday,36795.3,36795.3
2024-07-24,ORD022551,CUST01455,P018,Jacket,Fashion,Kolkata,Store,UPI,2,5097.47,0.15,10194.94,8665.7,0,1946.27,2024,7,July,Wednesday,10194.94,8665.699
2024-07-24,ORD046962,CUST04032,P018,Jacket,Fashion,Jaipur,Store,Credit Card,2,5701.35,0.25,11402.7,8552.03,0,1322.32,2024,7,July,Wednesday,11402.7,8552.025000000001
2024-07-24,ORD004806,CUST02270,P012,Air Fryer,Home,Bengaluru,Store,Cash,1,6767.46,0.0,6767.46,6767.46,0,1675.15,2024,7,July,Wednesday,6767.46,6767.46
2024-07-24,ORD044304,CUST01673,P003,Headphones,Electronics,Delhi,Online,Debit Card,1,4619.97,0.0,4619.97,4619.97,0,1081.49,2024,7,July,Wednesday,4619.97,4619.97
2024-07-24,ORD002995,CUST02196,P009,T-Shirt,Fashion,Chennai,Store,Credit Card,1,1160.66,0.1,1160.66,1044.59,0,191.19,2024,7,July,Wednesday,1160.66,1044.594
2024-07-24,ORD014076,CUST00902,P008,Running Shoes,Fashion,Delhi,Online,Credit Card,1,4542.98,0.15,4542.98,3861.53,0,481.04,2024,7,July,Wednesday,4542.98,3861.5329999999994
2024-07-24,ORD033321,CUST01529,P015,Dining Table,Furniture,Pune,Store,Debit Card,1,22237.61,0.05,22237.61,21125.73,0,2953.7,2024,7,July,Wednesday,22237.61,21125.7295
2024-07-24,ORD018459,CUST02905,P010,Coffee Maker,Home,Hyderabad,Online,UPI,1,5248.81,0.05,5248.81,4986.37,0,515.92,2024,7,July,Wednesday,5248.81,4986.3695
2024-07-24,ORD022527,CUST02685,P006,Desk,Furniture,Delhi,Store,Credit Card,2,11285.16,0.2,22570.32,18056.26,0,1737.43,2024,7,July,Wednesday,22570.32,18056.256
2024-07-24,ORD045362,CUST00465,P019,Vacuum Cleaner,Home,Hyderabad,Online,UPI,1,9110.46,0.05,9110.46,8654.94,1,-432.75,2024,7,July,Wednesday,9110.46,8654.936999999998
2024-07-24,ORD016130,CUST01794,P016,Sofa,Furniture,Bengaluru,Online,UPI,2,33681.02,0.0,67362.04,67362.04,0,12493.16,2024,7,July,Wednesday,67362.04,67362.04
2024-07-24,ORD036289,CUST00876,P013,Monitor,Electronics,Pune,Store,Credit Card,1,17025.17,0.1,17025.17,15322.65,0,934.1,2024,7,July,Wednesday,17025.17,15322.652999999998
2024-07-24,ORD005003,CUST00357,P013,Monitor,Electronics,Kolkata,Online,Credit Card,1,17263.62,0.0,17263.62,17263.62,0,4439.35,2024,7,July,Wednesday,17263.62,17263.62
2024-07-24,ORD023251,CUST00946,P005,Office Chair,Furniture,Kolkata,Store,Credit Card,5,9057.73,0.1,45288.65,40759.78,0,9794.13,2024,7,July,Wednesday,45288.649999999994,40759.785
2024-07-24,ORD018242,CUST01325,P019,Vacuum Cleaner,Home,Jaipur,Online,UPI,1,8869.98,0.0,8869.98,8869.98,1,-443.5,2024,7,July,Wednesday,8869.98,8869.98
2024-07-24,ORD021308,CUST01257,P001,Laptop,Electronics,Ahmedabad,Online,UPI,1,68483.0,0.15,68483.0,58210.55,0,13146.76,2024,7,July,Wednesday,68483.0,58210.549999999996
2024-07-24,ORD036192,CUST01939,P019,Vacuum Cleaner,Home,Jaipur,Online,Debit Card,1,9529.0,0.05,9529.0,9052.55,0,2605.34,2024,7,July,Wednesday,9529.0,9052.55
2024-07-24,ORD038833,CUST03515,P015,Dining Table,Furniture,Kolkata,Store,Debit Card,5,22015.77,0.15,110078.85,93567.02,0,15398.83,2024,7,July,Wednesday,110078.85,93567.0225
2024-07-24,ORD041604,CUST00850,P002,Smartphone,Electronics,Hyderabad,Online,Credit Card,2,28528.87,0.15,57057.74,48499.08,0,6445.17,2024,7,July,Wednesday,57057.74,48499.079
2024-07-24,ORD047245,CUST00060,P013,Monitor,Electronics,Surat,Online,Credit Card,1,18857.35,0.0,18857.35,18857.35,1,-942.87,2024,7,July,Wednesday,18857.35,18857.35
2024-07-24,ORD003580,CUST01299,P013,Monitor,Electronics,Mumbai,Online,Credit Card,1,19124.49,0.05,19124.49,18168.27,0,4799.9,2024,7,July,Wednesday,19124.49,18168.2655
2024-07-24,ORD007803,CUST02647,P013,Monitor,Electronics,Jaipur,Online,Cash,1,17159.2,0.15,17159.2,14585.32,0,1375.97,2024,7,July,Wednesday,17159.2,14585.32
2024-07-24,ORD019612,CUST01722,P016,Sofa,Furniture,Hyderabad,Online,UPI,1,32167.25,0.25,32167.25,24125.44,0,3327.65,2024,7,July,Wednesday,32167.25,24125.4375
2024-07-24,ORD009670,CUST04179,P009,T-Shirt,Fashion,Hyderabad,Online,Credit Card,1,1121.54,0.1,1121.54,1009.39,0,259.15,2024,7,July,Wednesday,1121.54,1009.386
2024-07-24,ORD008705,CUST03711,P006,Desk,Furniture,Delhi,Store,Debit Card,3,12419.5,0.1,37258.5,33532.65,0,3475.83,2024,7,July,Wednesday,37258.5,33532.65
2024-07-24,ORD038082,CUST02294,P014,Keyboard,Electronics,Surat,Online,UPI,2,2561.68,0.15,5123.36,4354.86,0,347.46,2024,7,July,Wednesday,5123.36,4354.856
2024-07-24,ORD008698,CUST00394,P006,Desk,Furniture,Mumbai,Store,Debit Card,3,13065.09,0.15,39195.27,33315.98,0,4336.86,2024,7,July,Wednesday,39195.270000000004,33315.979499999994
2024-07-24,ORD049448,CUST01744,P014,Keyboard,Electronics,Kolkata,Online,Credit Card,1,2504.25,0.05,2504.25,2379.04,0,309.51,2024,7,July,Wednesday,2504.25,2379.0375
2024-07-24,ORD015286,CUST03287,P015,Dining Table,Furniture,Hyderabad,Store,UPI,1,20463.42,0.05,20463.42,19440.25,0,2485.91,2024,7,July,Wednesday,20463.42,19440.248999999996
2024-07-24,ORD002422,CUST04139,P016,Sofa,Furniture,Bengaluru,Online,Net Banking,2,37222.05,0.05,74444.1,70721.9,0,15526.74,2024,7,July,Wednesday,74444.1,70721.895
2024-07-24,ORD006005,CUST03675,P011,Mixer Grinder,Home,Pune,Online,Cash,1,5035.5,0.15,5035.5,4280.18,0,1148.59,2024,7,July,Wednesday,5035.5,4280.175
2024-07-24,ORD031174,CUST01164,P009,T-Shirt,Fashion,Surat,Store,Net Banking,2,1245.31,0.05,2490.62,2366.09,0,634.11,2024,7,July,Wednesday,2490.62,2366.089
2024-07-24,ORD038599,CUST00407,P004,Smartwatch,Electronics,Jaipur,Store,UPI,1,6356.33,0.15,6356.33,5402.88,0,1331.51,2024,7,July,Wednesday,6356.33,5402.8805
2024-07-24,ORD021789,CUST04383,P006,Desk,Furniture,Pune,Store,Cash,1,11610.9,0.05,11610.9,11030.36,0,2762.36,2024,7,July,Wednesday,11610.9,11030.355
2024-07-24,ORD002868,CUST02966,P005,Office Chair,Furniture,Jaipur,Store,UPI,1,9085.58,0.0,9085.58,9085.58,0,1045.45,2024,7,July,Wednesday,9085.58,9085.58
2024-07-24,ORD010288,CUST03146,P016,Sofa,Furniture,Surat,Online,UPI,2,37173.72,0.1,74347.44,66912.7,0,11816.75,2024,7,July,Wednesday,74347.44,66912.69600000001
2024-07-24,ORD038216,CUST02793,P020,Microwave,Home,Delhi,Online,UPI,1,12032.18,0.1,12032.18,10828.96,0,2346.3,2024,7,July,Wednesday,12032.18,10828.962000000001
2024-07-24,ORD015726,CUST03638,P004,Smartwatch,Electronics,Bengaluru,Online,Debit Card,3,7268.23,0.0,21804.69,21804.69,0,3592.36,2024,7,July,Wednesday,21804.69,21804.69
2024-07-24,ORD021712,CUST03774,P014,Keyboard,Electronics,Jaipur,Online,Debit Card,1,2585.93,0.05,2585.93,2456.63,0,536.16,2024,7,July,Wednesday,2585.93,2456.6335
2024-07-25,ORD033414,CUST01372,P007,Backpack,Accessories,Kolkata,Store,Credit Card,2,2125.64,0.0,4251.28,4251.28,0,1146.76,2024,7,July,Thursday,4251.28,4251.28
2024-07-25,ORD026344,CUST00607,P020,Microwave,Home,Delhi,Store,Debit Card,1,11073.11,0.0,11073.11,11073.11,0,1072.14,2024,7,July,Thursday,11073.11,11073.11
2024-07-25,ORD026219,CUST00650,P010,Coffee Maker,Home,Kolkata,Online,Debit Card,2,5022.39,0.15,10044.78,8538.06,0,1830.93,2024,7,July,Thursday,10044.78,8538.063
2024-07-25,ORD012411,CUST00279,P019,Vacuum Cleaner,Home,Mumbai,Online,UPI,1,9070.17,0.2,9070.17,7256.14,0,845.98,2024,7,July,Thursday,9070.17,7256.136
2024-07-25,ORD034431,CUST03951,P002,Smartphone,Electronics,Kolkata,Online,UPI,1,29310.29,0.0,29310.29,29310.29,1,-1465.51,2024,7,July,Thursday,29310.29,29310.29
2024-07-25,ORD030640,CUST01660,P007,Backpack,Accessories,Mumbai,Online,UPI,5,2116.37,0.05,10581.85,10052.76,0,2098.63,2024,7,July,Thursday,10581.849999999999,10052.7575
2024-07-25,ORD049550,CUST02171,P010,Coffee Maker,Home,Hyderabad,Online,Debit Card,2,5929.88,0.1,11859.76,10673.78,0,1655.62,2024,7,July,Thursday,11859.76,10673.784
2024-07-25,ORD045660,CUST02317,P019,Vacuum Cleaner,Home,Pune,Online,Cash,1,9697.15,0.0,9697.15,9697.15,0,2522.8,2024,7,July,Thursday,9697.15,9697.15
2024-07-25,ORD036468,CUST04879,P001,Laptop,Electronics,Bengaluru,Store,UPI,4,65727.11,0.05,262908.44,249763.02,0,26729.17,2024,7,July,Thursday,262908.44,249763.01799999998
2024-07-25,ORD041914,CUST02133,P007,Backpack,Accessories,Pune,Online,Credit Card,3,2026.06,0.0,6078.18,6078.18,0,1550.96,2024,7,July,Thursday,6078.18,6078.18
2024-07-25,ORD029419,CUST03685,P011,Mixer Grinder,Home,Delhi,Store,Credit Card,1,5214.03,0.15,5214.03,4431.93,0,298.87,2024,7,July,Thursday,5214.03,4431.925499999999
2024-07-25,ORD013841,CUST01888,P005,Office Chair,Furniture,Chennai,Online,Debit Card,1,10292.83,0.2,10292.83,8234.26,0,572.28,2024,7,July,Thursday,10292.83,8234.264000000001
2024-07-25,ORD024139,CUST03845,P013,Monitor,Electronics,Ahmedabad,Online,UPI,4,16204.12,0.05,64816.48,61575.66,0,13262.54,2024,7,July,Thursday,64816.48,61575.656
2024-07-25,ORD007504,CUST00472,P007,Backpack,Accessories,Kolkata,Online,UPI,2,2184.53,0.15,4369.06,3713.7,0,274.82,2024,7,July,Thursday,4369.06,3713.701
2024-07-25,ORD035826,CUST02406,P019,Vacuum Cleaner,Home,Delhi,Online,Credit Card,2,9050.18,0.1,18100.36,16290.32,0,3079.34,2024,7,July,Thursday,18100.36,16290.324
2024-07-25,ORD023470,CUST03028,P012,Air Fryer,Home,Hyderabad,Online,Debit Card,1,6764.03,0.05,6764.03,6425.83,0,874.88,2024,7,July,Thursday,6764.03,6425.8285
2024-07-25,ORD027927,CUST04914,P009,T-Shirt,Fashion,Delhi,Online,Credit Card,1,1091.52,0.0,1091.52,1091.52,0,258.47,2024,7,July,Thursday,1091.52,1091.52
2024-07-25,ORD048429,CUST03137,P008,Running Shoes,Fashion,Pune,Store,Cash,3,4411.27,0.05,13233.81,12572.12,0,2121.0,2024,7,July,Thursday,13233.810000000001,12572.119499999999
2024-07-25,ORD023137,CUST03367,P018,Jacket,Fashion,Hyderabad,Online,Debit Card,2,5099.03,0.05,10198.06,9688.16,0,687.04,2024,7,July,Thursday,10198.06,9688.157
2024-07-25,ORD036262,CUST01155,P008,Running Shoes,Fashion,Hyderabad,Store,Debit Card,3,4052.15,0.15,12156.45,10332.98,0,950.2,2024,7,July,Thursday,12156.45,10332.9825
2024-07-25,ORD015539,CUST00368,P004,Smartwatch,Electronics,Pune,Store,UPI,1,6898.56,0.1,6898.56,6208.7,0,1341.04,2024,7,July,Thursday,6898.56,6208.704000000001
2024-07-25,ORD014951,CUST02606,P001,Laptop,Electronics,Mumbai,Store,Cash,1,63864.99,0.1,63864.99,57478.49,0,5879.68,2024,7,July,Thursday,63864.99,57478.491
2024-07-25,ORD034792,CUST02898,P008,Running Shoes,Fashion,Mumbai,Store,Debit Card,2,3992.96,0.0,7985.92,7985.92,0,1757.64,2024,7,July,Thursday,7985.92,7985.92
2024-07-25,ORD030021,CUST01257,P010,Coffee Maker,Home,Pune,Online,Net Banking,2,5284.44,0.15,10568.88,8983.55,0,2418.85,2024,7,July,Thursday,10568.88,8983.547999999999
2024-07-25,ORD003124,CUST00411,P008,Running Shoes,Fashion,Bengaluru,Store,Credit Card,2,4487.49,0.0,8974.98,8974.98,0,1494.03,2024,7,July,Thursday,8974.98,8974.98
2024-07-25,ORD036102,CUST01701,P019,Vacuum Cleaner,Home,Pune,Online,Credit Card,1,8643.86,0.05,8643.86,8211.67,0,1278.84,2024,7,July,Thursday,8643.86,8211.667
2024-07-25,ORD003077,CUST00267,P013,Monitor,Electronics,Bengaluru,Online,Credit Card,2,19618.73,0.05,39237.46,37275.59,0,3201.92,2024,7,July,Thursday,39237.46,37275.587
2024-07-25,ORD028286,CUST01041,P008,Running Shoes,Fashion,Surat,Online,Credit Card,3,4033.39,0.1,12100.17,10890.15,0,1610.62,2024,7,July,Thursday,12100.17,10890.153
2024-07-25,ORD000133,CUST00353,P009,T-Shirt,Fashion,Chennai,Online,Cash,1,1176.78,0.0,1176.78,1176.78,0,202.46,2024,7,July,Thursday,1176.78,1176.78
2024-07-25,ORD002408,CUST01625,P007,Backpack,Accessories,Ahmedabad,Store,UPI,1,2320.19,0.1,2320.19,2088.17,0,494.02,2024,7,July,Thursday,2320.19,2088.1710000000003
2024-07-25,ORD017601,CUST00700,P009,T-Shirt,Fashion,Surat,Online,Credit Card,3,1197.14,0.05,3591.42,3411.85,0,920.03,2024,7,July,Thursday,3591.42,3411.8489999999997
2024-07-25,ORD035051,CUST03288,P009,T-Shirt,Fashion,Pune,Online,Cash,1,1232.86,0.05,1232.86,1171.22,0,257.34,2024,7,July,Thursday,1232.86,1171.2169999999999
2024-07-25,ORD030759,CUST01084,P009,T-Shirt,Fashion,Chennai,Store,UPI,1,1155.21,0.05,1155.21,1097.45,0,121.98,2024,7,July,Thursday,1155.21,1097.4495
2024-07-25,ORD001290,CUST00544,P016,Sofa,Furniture,Surat,Store,UPI,1,32933.75,0.1,32933.75,29640.38,0,3088.28,2024,7,July,Thursday,32933.75,29640.375
2024-07-25,ORD027563,CUST03384,P006,Desk,Furniture,Bengaluru,Online,UPI,1,10833.62,0.05,10833.62,10291.94,0,2416.88,2024,7,July,Thursday,10833.62,10291.939
2024-07-25,ORD045997,CUST01665,P019,Vacuum Cleaner,Home,Kolkata,Online,UPI,5,9182.91,0.05,45914.55,43618.82,0,7324.66,2024,7,July,Thursday,45914.55,43618.8225
2024-07-25,ORD023932,CUST03600,P020,Microwave,Home,Chennai,Store,Credit Card,1,11748.63,0.05,11748.63,11161.2,0,3228.44,2024,7,July,Thursday,11748.63,11161.198499999999
2024-07-25,ORD022163,CUST04913,P002,Smartphone,Electronics,Hyderabad,Online,UPI,1,25346.99,0.2,25346.99,20277.59,0,855.98,2024,7,July,Thursday,25346.99,20277.592000000004
2024-07-25,ORD011036,CUST04928,P007,Backpack,Accessories,Pune,Online,Credit Card,1,2026.06,0.0,2026.06,2026.06,0,496.81,2024,7,July,Thursday,2026.06,2026.06
2024-07-25,ORD000562,CUST01295,P010,Coffee Maker,Home,Jaipur,Online,Cash,2,5952.96,0.1,11905.92,10715.33,0,2165.61,2024,7,July,Thursday,11905.92,10715.328
2024-07-25,ORD002527,CUST04437,P009,T-Shirt,Fashion,Chennai,Online,UPI,2,1141.87,0.15,2283.74,1941.18,0,301.4,2024,7,July,Thursday,2283.74,1941.1789999999999
2024-07-25,ORD011724,CUST00128,P001,Laptop,Electronics,Jaipur,Store,Credit Card,1,69604.8,0.15,69604.8,59164.08,0,14962.08,2024,7,July,Thursday,69604.8,59164.08
2024-07-25,ORD014225,CUST04130,P019,Vacuum Cleaner,Home,Pune,Online,UPI,1,9333.5,0.05,9333.5,8866.82,0,2157.26,2024,7,July,Thursday,9333.5,8866.824999999999
2024-07-25,ORD035319,CUST00741,P014,Keyboard,Electronics,Bengaluru,Online,Credit Card,2,2303.25,0.05,4606.5,4376.18,0,722.21,2024,7,July,Thursday,4606.5,4376.175
2024-07-25,ORD025252,CUST04429,P004,Smartwatch,Electronics,Hyderabad,Online,UPI,1,6769.72,0.1,6769.72,6092.75,1,-304.64,2024,7,July,Thursday,6769.72,6092.7480000000005
2024-07-25,ORD035652,CUST02073,P003,Headphones,Electronics,Chennai,Online,Net Banking,1,4731.77,0.1,4731.77,4258.59,0,949.82,2024,7,July,Thursday,4731.77,4258.593000000001
2024-07-25,ORD026938,CUST04800,P002,Smartphone,Electronics,Chennai,Online,UPI,1,29388.17,0.05,29388.17,27918.76,0,7654.35,2024,7,July,Thursday,29388.17,27918.761499999997
2024-07-25,ORD006550,CUST04477,P014,Keyboard,Electronics,Mumbai,Online,UPI,4,2693.02,0.1,10772.08,9694.87,0,2385.67,2024,7,July,Thursday,10772.08,9694.872
2024-07-25,ORD031736,CUST03656,P015,Dining Table,Furniture,Surat,Online,Credit Card,1,23755.02,0.0,23755.02,23755.02,1,-1187.75,2024,7,July,Thursday,23755.02,23755.02
2024-07-25,ORD022560,CUST00510,P016,Sofa,Furniture,Delhi,Online,Credit Card,1,34590.12,0.1,34590.12,31131.11,0,8233.57,2024,7,July,Thursday,34590.12,31131.108000000004
2024-07-25,ORD002602,CUST02039,P004,Smartwatch,Electronics,Jaipur,Online,Credit Card,3,6839.82,0.15,20519.46,17441.54,0,3122.82,2024,7,July,Thursday,20519.46,17441.540999999997
2024-07-25,ORD019518,CUST04371,P009,T-Shirt,Fashion,Chennai,Online,Cash,1,1138.88,0.05,1138.88,1081.94,0,135.4,2024,7,July,Thursday,1138.88,1081.9360000000001
2024-07-25,ORD037126,CUST02938,P013,Monitor,Electronics,Chennai,Store,UPI,1,18611.47,0.1,18611.47,16750.32,0,3581.21,2024,7,July,Thursday,18611.47,16750.323
2024-07-25,ORD040967,CUST03961,P003,Headphones,Electronics,Jaipur,Store,Credit Card,1,4839.36,0.0,4839.36,4839.36,0,1019.18,2024,7,July,Thursday,4839.36,4839.36
2024-07-25,ORD048384,CUST02209,P016,Sofa,Furniture,Mumbai,Online,Debit Card,1,35526.7,0.0,35526.7,35526.7,0,10006.73,2024,7,July,Thursday,35526.7,35526.7
2024-07-25,ORD019439,CUST00163,P016,Sofa,Furniture,Surat,Online,UPI,1,36654.85,0.05,36654.85,34822.11,0,3940.7,2024,7,July,Thursday,36654.85,34822.1075
2024-07-25,ORD029375,CUST03640,P010,Coffee Maker,Home,Bengaluru,Store,Debit Card,1,5530.42,0.15,5530.42,4700.86,0,326.63,2024,7,July,Thursday,5530.42,4700.857
2024-07-25,ORD034425,CUST01310,P009,T-Shirt,Fashion,Hyderabad,Store,UPI,3,1144.02,0.15,3432.06,2917.25,0,784.86,2024,7,July,Thursday,3432.06,2917.2509999999997
2024-07-25,ORD031663,CUST03336,P015,Dining Table,Furniture,Bengaluru,Online,Debit Card,1,23794.52,0.05,23794.52,22604.79,0,2033.75,2024,7,July,Thursday,23794.52,22604.793999999998
2024-07-25,ORD023461,CUST00233,P017,Jeans,Fashion,Pune,Store,Net Banking,1,2877.4,0.05,2877.4,2733.53,0,582.71,2024,7,July,Thursday,2877.4,2733.5299999999997
2024-07-26,ORD006330,CUST00827,P001,Laptop,Electronics,Pune,Online,Credit Card,1,63669.99,0.2,63669.99,50935.99,0,7715.71,2024,7,July,Friday,63669.99,50935.992
2024-07-26,ORD004978,CUST04871,P008,Running Shoes,Fashion,Ahmedabad,Online,UPI,4,3818.1,0.05,15272.4,14508.78,0,3826.28,2024,7,July,Friday,15272.4,14508.779999999999
2024-07-26,ORD035381,CUST04829,P016,Sofa,Furniture,Surat,Store,UPI,2,37638.08,0.05,75276.16,71512.35,0,8353.32,2024,7,July,Friday,75276.16,71512.352
2024-07-26,ORD021726,CUST04939,P001,Laptop,Electronics,Mumbai,Store,UPI,1,59454.37,0.1,59454.37,53508.93,0,7194.16,2024,7,July,Friday,59454.37,53508.933000000005
2024-07-26,ORD005150,CUST04188,P019,Vacuum Cleaner,Home,Hyderabad,Online,Credit Card,1,8704.05,0.0,8704.05,8704.05,0,1034.89,2024,7,July,Friday,8704.05,8704.05
2024-07-26,ORD036379,CUST01465,P002,Smartphone,Electronics,Pune,Online,Debit Card,1,27459.71,0.0,27459.71,27459.71,0,6888.36,2024,7,July,Friday,27459.71,27459.71
2024-07-26,ORD037806,CUST01433,P012,Air Fryer,Home,Ahmedabad,Online,UPI,1,7223.09,0.15,7223.09,6139.63,0,770.65,2024,7,July,Friday,7223.09,6139.6265
2024-07-26,ORD011740,CUST02250,P013,Monitor,Electronics,Ahmedabad,Online,UPI,3,18977.55,0.1,56932.65,51239.38,0,4744.66,2024,7,July,Friday,56932.649999999994,51239.385
2024-07-26,ORD045755,CUST01354,P004,Smartwatch,Electronics,Bengaluru,Online,UPI,1,6623.63,0.1,6623.63,5961.27,0,1147.69,2024,7,July,Friday,6623.63,5961.267
2024-07-26,ORD022382,CUST01408,P008,Running Shoes,Fashion,Hyderabad,Store,Debit Card,4,3947.86,0.05,15791.44,15001.87,0,1895.71,2024,7,July,Friday,15791.44,15001.868
2024-07-26,ORD025228,CUST03820,P019,Vacuum Cleaner,Home,Surat,Online,UPI,1,8531.77,0.0,8531.77,8531.77,0,1240.7,2024,7,July,Friday,8531.77,8531.77
2024-07-26,ORD006677,CUST01546,P012,Air Fryer,Home,Chennai,Store,UPI,2,6627.81,0.1,13255.62,11930.06,0,805.26,2024,7,July,Friday,13255.62,11930.058
2024-07-26,ORD005037,CUST00886,P011,Mixer Grinder,Home,Mumbai,Online,UPI,5,5267.24,0.0,26336.2,26336.2,0,4658.77,2024,7,July,Friday,26336.199999999997,26336.2
2024-07-26,ORD006655,CUST02785,P011,Mixer Grinder,Home,Bengaluru,Store,Net Banking,1,4995.32,0.0,4995.32,4995.32,0,1440.32,2024,7,July,Friday,4995.32,4995.32
2024-07-26,ORD047503,CUST03735,P013,Monitor,Electronics,Hyderabad,Store,UPI,1,19685.57,0.15,19685.57,16732.73,0,3235.05,2024,7,July,Friday,19685.57,16732.7345
2024-07-26,ORD034670,CUST01539,P018,Jacket,Fashion,Jaipur,Online,Credit Card,1,5033.95,0.1,5033.95,4530.56,0,1079.01,2024,7,July,Friday,5033.95,4530.555
2024-07-26,ORD025694,CUST01662,P002,Smartphone,Electronics,Chennai,Online,UPI,1,28341.8,0.0,28341.8,28341.8,0,7771.02,2024,7,July,Friday,28341.8,28341.8
2024-07-26,ORD015991,CUST04909,P008,Running Shoes,Fashion,Pune,Store,UPI,1,4480.25,0.2,4480.25,3584.2,0,593.39,2024,7,July,Friday,4480.25,3584.2000000000003
2024-07-26,ORD034699,CUST04671,P016,Sofa,Furniture,Delhi,Online,UPI,2,36748.07,0.15,73496.14,62471.72,0,8103.7,2024,7,July,Friday,73496.14,62471.719
2024-07-26,ORD021848,CUST01005,P018,Jacket,Fashion,Bengaluru,Store,UPI,1,4736.9,0.1,4736.9,4263.21,0,551.72,2024,7,July,Friday,4736.9,4263.21
2024-07-26,ORD005770,CUST04911,P019,Vacuum Cleaner,Home,Pune,Online,Credit Card,2,8839.21,0.0,17678.42,17678.42,0,1518.76,2024,7,July,Friday,17678.42,17678.42
2024-07-26,ORD015537,CUST02023,P002,Smartphone,Electronics,Pune,Online,UPI,4,27406.8,0.0,109627.2,109627.2,0,24607.41,2024,7,July,Friday,109627.2,109627.2
2024-07-26,ORD016251,CUST01135,P019,Vacuum Cleaner,Home,Jaipur,Online,Debit Card,2,8694.67,0.15,17389.34,14780.94,0,2639.83,2024,7,July,Friday,17389.34,14780.939
2024-07-26,ORD023870,CUST02757,P017,Jeans,Fashion,Mumbai,Online,UPI,1,2819.62,0.15,2819.62,2396.68,0,515.55,2024,7,July,Friday,2819.62,2396.6769999999997
2024-07-26,ORD033232,CUST00820,P013,Monitor,Electronics,Jaipur,Store,UPI,1,17303.5,0.15,17303.5,14707.98,0,1844.46,2024,7,July,Friday,17303.5,14707.975
2024-07-26,ORD020841,CUST00061,P020,Microwave,Home,Chennai,Store,UPI,1,11418.14,0.05,11418.14,10847.23,0,883.41,2024,7,July,Friday,11418.14,10847.232999999998
2024-07-26,ORD031947,CUST01553,P017,Jeans,Fashion,Hyderabad,Online,Net Banking,1,2586.8,0.15,2586.8,2198.78,0,489.74,2024,7,July,Friday,2586.8,2198.78
2024-07-26,ORD027811,CUST01742,P012,Air Fryer,Home,Surat,Store,Credit Card,1,6873.02,0.1,6873.02,6185.72,0,1410.99,2024,7,July,Friday,6873.02,6185.718000000001
2024-07-26,ORD000660,CUST03789,P001,Laptop,Electronics,Kolkata,Store,UPI,2,59041.37,0.2,118082.74,94466.19,0,15652.41,2024,7,July,Friday,118082.74,94466.19200000001
2024-07-26,ORD013778,CUST00769,P014,Keyboard,Electronics,Kolkata,Online,UPI,1,2340.26,0.05,2340.26,2223.25,0,513.88,2024,7,July,Friday,2340.26,2223.2470000000003
2024-07-26,ORD046823,CUST02244,P013,Monitor,Electronics,Kolkata,Store,Credit Card,1,16217.56,0.0,16217.56,16217.56,0,3238.34,2024,7,July,Friday,16217.56,16217.56
2024-07-26,ORD012425,CUST00585,P019,Vacuum Cleaner,Home,Pune,Online,Credit Card,4,9257.26,0.15,37029.04,31474.68,0,5892.25,2024,7,July,Friday,37029.04,31474.684
2024-07-26,ORD017715,CUST00035,P016,Sofa,Furniture,Mumbai,Store,Debit Card,5,33390.54,0.1,166952.7,150257.43,0,19316.99,2024,7,July,Friday,166952.7,150257.43000000002
2024-07-26,ORD015275,CUST03333,P005,Office Chair,Furniture,Chennai,Store,UPI,1,9179.9,0.1,9179.9,8261.91,0,1285.97,2024,7,July,Friday,9179.9,8261.91
2024-07-26,ORD047987,CUST02797,P005,Office Chair,Furniture,Jaipur,Online,Credit Card,4,9455.17,0.25,37820.68,28365.51,0,2626.77,2024,7,July,Friday,37820.68,28365.510000000002
2024-07-26,ORD029981,CUST03841,P020,Microwave,Home,Delhi,Online,Credit Card,1,10261.76,0.25,10261.76,7696.32,0,1405.52,2024,7,July,Friday,10261.76,7696.32
2024-07-26,ORD040462,CUST03086,P005,Office Chair,Furniture,Jaipur,Online,Debit Card,2,8637.47,0.1,17274.94,15547.45,0,1794.65,2024,7,July,Friday,17274.94,15547.446
2024-07-26,ORD009254,CUST04615,P019,Vacuum Cleaner,Home,Bengaluru,Store,UPI,2,9131.93,0.1,18263.86,16437.47,0,2240.02,2024,7,July,Friday,18263.86,16437.474000000002
2024-07-26,ORD044432,CUST03539,P011,Mixer Grinder,Home,Surat,Online,Credit Card,1,4997.21,0.1,4997.21,4497.49,0,909.88,2024,7,July,Friday,4997.21,4497.4890000000005
2024-07-26,ORD004251,CUST04017,P018,Jacket,Fashion,Ahmedabad,Online,Cash,3,4806.78,0.05,14420.34,13699.32,0,2019.8,2024,7,July,Friday,14420.34,13699.323
2024-07-26,ORD020004,CUST02002,P002,Smartphone,Electronics,Pune,Online,UPI,5,29136.54,0.15,145682.7,123830.3,0,29150.51,2024,7,July,Friday,145682.7,123830.29500000001
2024-07-26,ORD048676,CUST04593,P015,Dining Table,Furniture,Surat,Online,Debit Card,1,20593.65,0.1,20593.65,18534.29,0,2639.66,2024,7,July,Friday,20593.65,18534.285000000003
2024-07-26,ORD028053,CUST01573,P009,T-Shirt,Fashion,Chennai,Online,UPI,1,1234.4,0.1,1234.4,1110.96,0,310.68,2024,7,July,Friday,1234.4,1110.96
2024-07-26,ORD018512,CUST00356,P007,Backpack,Accessories,Hyderabad,Store,Net Banking,2,2397.58,0.0,4795.16,4795.16,0,565.68,2024,7,July,Friday,4795.16,4795.16
2024-07-26,ORD039255,CUST00696,P012,Air Fryer,Home,Mumbai,Online,UPI,2,7913.8,0.0,15827.6,15827.6,0,4103.21,2024,7,July,Friday,15827.6,15827.6
2024-07-26,ORD031402,CUST02100,P010,Coffee Maker,Home,Hyderabad,Online,UPI,1,5481.46,0.15,5481.46,4659.24,0,833.62,2024,7,July,Friday,5481.46,4659.241
2024-07-26,ORD018631,CUST03155,P013,Monitor,Electronics,Jaipur,Store,Credit Card,1,19385.22,0.0,19385.22,19385.22,0,3460.86,2024,7,July,Friday,19385.22,19385.22
2024-07-26,ORD012081,CUST01102,P001,Laptop,Electronics,Pune,Online,UPI,2,68271.18,0.15,136542.36,116061.01,0,21300.62,2024,7,July,Friday,136542.36,116061.00599999998
2024-07-26,ORD013981,CUST04188,P015,Dining Table,Furniture,Kolkata,Online,UPI,4,20846.64,0.15,83386.56,70878.58,0,8444.94,2024,7,July,Friday,83386.56,70878.576
2024-07-26,ORD049829,CUST01329,P010,Coffee Maker,Home,Kolkata,Online,Credit Card,2,6042.17,0.2,12084.34,9667.47,0,844.76,2024,7,July,Friday,12084.34,9667.472
2024-07-26,ORD027566,CUST04393,P005,Office Chair,Furniture,Kolkata,Online,Credit Card,1,9538.32,0.0,9538.32,9538.32,0,2832.88,2024,7,July,Friday,9538.32,9538.32
2024-07-26,ORD026007,CUST01246,P020,Microwave,Home,Pune,Store,Credit Card,1,11891.26,0.25,11891.26,8918.44,0,1031.15,2024,7,July,Friday,11891.26,8918.445
2024-07-26,ORD028877,CUST00517,P018,Jacket,Fashion,Chennai,Online,UPI,2,5052.95,0.15,10105.9,8590.02,0,1772.56,2024,7,July,Friday,10105.9,8590.015
2024-07-26,ORD038709,CUST02880,P013,Monitor,Electronics,Kolkata,Online,Net Banking,1,17721.85,0.1,17721.85,15949.66,0,2491.13,2024,7,July,Friday,17721.85,15949.664999999999
2024-07-26,ORD000870,CUST03885,P014,Keyboard,Electronics,Chennai,Online,Cash,2,2359.4,0.05,4718.8,4482.86,0,467.0,2024,7,July,Friday,4718.8,4482.86
2024-07-26,ORD032740,CUST04863,P016,Sofa,Furniture,Jaipur,Online,Debit Card,1,33486.15,0.15,33486.15,28463.23,0,2793.57,2024,7,July,Friday,33486.15,28463.2275
2024-07-26,ORD044143,CUST04476,P005,Office Chair,Furniture,Kolkata,Online,Credit Card,1,9923.14,0.05,9923.14,9426.98,0,1990.47,2024,7,July,Friday,9923.14,9426.982999999998
2024-07-26,ORD016441,CUST04550,P005,Office Chair,Furniture,Mumbai,Store,UPI,2,9817.68,0.0,19635.36,19635.36,0,4675.19,2024,7,July,Friday,19635.36,19635.36
2024-07-26,ORD038898,CUST02739,P010,Coffee Maker,Home,Hyderabad,Online,UPI,1,5056.6,0.0,5056.6,5056.6,0,946.24,2024,7,July,Friday,5056.6,5056.6
2024-07-26,ORD007395,CUST04953,P002,Smartphone,Electronics,Mumbai,Store,Credit Card,1,29764.75,0.05,29764.75,28276.51,0,7130.96,2024,7,July,Friday,29764.75,28276.512499999997
2024-07-26,ORD042271,CUST03392,P005,Office Chair,Furniture,Pune,Online,UPI,1,8707.58,0.05,8707.58,8272.2,0,1010.99,2024,7,July,Friday,8707.58,8272.201
2024-07-27,ORD016480,CUST00475,P004,Smartwatch,Electronics,Pune,Online,Credit Card,1,6584.91,0.15,6584.91,5597.17,0,787.08,2024,7,July,Saturday,6584.91,5597.1735
2024-07-27,ORD030455,CUST03335,P010,Coffee Maker,Home,Surat,Store,UPI,2,4987.97,0.25,9975.94,7481.96,0,1105.43,2024,7,July,Saturday,9975.94,7481.955
2024-07-27,ORD018478,CUST02394,P006,Desk,Furniture,Mumbai,Online,Credit Card,2,12623.79,0.1,25247.58,22722.82,0,2182.84,2024,7,July,Saturday,25247.58,22722.822000000004
2024-07-27,ORD008317,CUST03665,P005,Office Chair,Furniture,Surat,Store,Debit Card,1,9355.99,0.05,9355.99,8888.19,0,2197.36,2024,7,July,Saturday,9355.99,8888.190499999999
2024-07-27,ORD023073,CUST00896,P015,Dining Table,Furniture,Jaipur,Online,Cash,1,23003.68,0.15,23003.68,19553.13,0,4258.22,2024,7,July,Saturday,23003.68,19553.128
2024-07-27,ORD042182,CUST01355,P007,Backpack,Accessories,Kolkata,Online,Credit Card,1,1983.72,0.2,1983.72,1586.98,0,338.14,2024,7,July,Saturday,1983.72,1586.976
2024-07-27,ORD027628,CUST03559,P015,Dining Table,Furniture,Pune,Online,Net Banking,4,21044.36,0.1,84177.44,75759.7,0,20995.97,2024,7,July,Saturday,84177.44,75759.69600000001
2024-07-27,ORD027689,CUST04918,P014,Keyboard,Electronics,Kolkata,Online,Credit Card,3,2733.58,0.0,8200.74,8200.74,0,1724.74,2024,7,July,Saturday,8200.74,8200.74
2024-07-27,ORD018910,CUST00885,P017,Jeans,Fashion,Chennai,Store,Net Banking,4,2987.9,0.1,11951.6,10756.44,0,1697.05,2024,7,July,Saturday,11951.6,10756.44
2024-07-27,ORD042239,CUST00972,P014,Keyboard,Electronics,Ahmedabad,Online,UPI,1,2458.62,0.25,2458.62,1843.96,0,166.74,2024,7,July,Saturday,2458.62,1843.965
2024-07-27,ORD034661,CUST03720,P016,Sofa,Furniture,Delhi,Online,UPI,1,33443.24,0.1,33443.24,30098.92,0,2618.34,2024,7,July,Saturday,33443.24,30098.915999999997
2024-07-27,ORD036723,CUST04694,P009,T-Shirt,Fashion,Bengaluru,Online,Credit Card,1,1192.36,0.25,1192.36,894.27,0,159.78,2024,7,July,Saturday,1192.36,894.27
2024-07-27,ORD015785,CUST04795,P015,Dining Table,Furniture,Mumbai,Online,Credit Card,1,19875.45,0.15,19875.45,16894.13,0,4346.95,2024,7,July,Saturday,19875.45,16894.1325
2024-07-27,ORD036103,CUST02502,P005,Office Chair,Furniture,Hyderabad,Store,Debit Card,1,9102.37,0.15,9102.37,7737.01,0,838.48,2024,7,July,Saturday,9102.37,7737.0145
2024-07-27,ORD042393,CUST03466,P004,Smartwatch,Electronics,Pune,Store,Credit Card,1,6767.45,0.25,6767.45,5075.59,0,1061.4,2024,7,July,Saturday,6767.45,5075.5875
2024-07-27,ORD016877,CUST03839,P007,Backpack,Accessories,Surat,Store,UPI,2,2233.59,0.0,4467.18,4467.18,0,1093.38,2024,7,July,Saturday,4467.18,4467.18
2024-07-27,ORD016926,CUST03770,P019,Vacuum Cleaner,Home,Bengaluru,Online,UPI,3,8457.11,0.1,25371.33,22834.2,0,5704.69,2024,7,July,Saturday,25371.33,22834.197000000004
2024-07-27,ORD013936,CUST00242,P001,Laptop,Electronics,Mumbai,Online,Credit Card,1,65463.96,0.15,65463.96,55644.37,0,5675.32,2024,7,July,Saturday,65463.96,55644.365999999995
2024-07-27,ORD017012,CUST00849,P014,Keyboard,Electronics,Surat,Store,Net Banking,2,2266.4,0.05,4532.8,4306.16,1,-215.31,2024,7,July,Saturday,4532.8,4306.16
2024-07-27,ORD029289,CUST01989,P003,Headphones,Electronics,Delhi,Online,Debit Card,1,4271.01,0.15,4271.01,3630.36,0,252.0,2024,7,July,Saturday,4271.01,3630.3585000000003
2024-07-27,ORD024055,CUST02065,P010,Coffee Maker,Home,Mumbai,Online,Debit Card,2,5264.93,0.2,10529.86,8423.89,0,423.03,2024,7,July,Saturday,10529.86,8423.888
2024-07-27,ORD001391,CUST04367,P003,Headphones,Electronics,Delhi,Online,Debit Card,2,4656.38,0.05,9312.76,8847.12,0,1963.37,2024,7,July,Saturday,9312.76,8847.122
2024-07-27,ORD043675,CUST01103,P014,Keyboard,Electronics,Surat,Online,UPI,2,2388.99,0.1,4777.98,4300.18,0,1091.25,2024,7,July,Saturday,4777.98,4300.182
2024-07-27,ORD002720,CUST03040,P014,Keyboard,Electronics,Chennai,Online,UPI,1,2465.77,0.0,2465.77,2465.77,0,470.55,2024,7,July,Saturday,2465.77,2465.77
2024-07-27,ORD010922,CUST00037,P007,Backpack,Accessories,Pune,Online,Credit Card,3,1994.53,0.15,5983.59,5086.05,0,1294.58,2024,7,July,Saturday,5983.59,5086.0515
2024-07-27,ORD023189,CUST01794,P017,Jeans,Fashion,Ahmedabad,Online,Debit Card,1,2617.27,0.0,2617.27,2617.27,0,652.39,2024,7,July,Saturday,2617.27,2617.27
2024-07-27,ORD028647,CUST01874,P018,Jacket,Fashion,Bengaluru,Online,Debit Card,1,4716.96,0.05,4716.96,4481.11,0,1202.27,2024,7,July,Saturday,4716.96,4481.112
2024-07-27,ORD013744,CUST03768,P013,Monitor,Electronics,Kolkata,Online,UPI,1,18213.8,0.15,18213.8,15481.73,1,-774.09,2024,7,July,Saturday,18213.8,15481.73
2024-07-27,ORD009150,CUST01562,P004,Smartwatch,Electronics,Chennai,Online,Debit Card,2,7490.67,0.05,14981.34,14232.27,0,3269.35,2024,7,July,Saturday,14981.34,14232.273
2024-07-27,ORD003066,CUST00215,P012,Air Fryer,Home,Chennai,Online,Credit Card,2,6999.58,0.25,13999.16,10499.37,0,1288.58,2024,7,July,Saturday,13999.16,10499.369999999999
2024-07-27,ORD000966,CUST01957,P019,Vacuum Cleaner,Home,Jaipur,Store,Net Banking,1,8562.19,0.1,8562.19,7705.97,0,1157.89,2024,7,July,Saturday,8562.19,7705.9710000000005
2024-07-27,ORD000460,CUST03811,P011,Mixer Grinder,Home,Delhi,Store,Net Banking,2,4705.72,0.1,9411.44,8470.3,0,1081.93,2024,7,July,Saturday,9411.44,8470.296
2024-07-27,ORD024561,CUST03364,P014,Keyboard,Electronics,Bengaluru,Store,UPI,2,2686.63,0.1,5373.26,4835.93,0,854.99,2024,7,July,Saturday,5373.26,4835.934
2024-07-27,ORD028197,CUST02454,P003,Headphones,Electronics,Pune,Online,Debit Card,1,4871.73,0.1,4871.73,4384.56,0,619.37,2024,7,July,Saturday,4871.73,4384.557
2024-07-27,ORD003169,CUST02172,P007,Backpack,Accessories,Hyderabad,Store,Credit Card,5,2285.87,0.05,11429.35,10857.88,0,1426.76,2024,7,July,Saturday,11429.349999999999,10857.8825
2024-07-27,ORD028094,CUST04320,P011,Mixer Grinder,Home,Pune,Online,Debit Card,3,4414.32,0.1,13242.96,11918.66,0,1971.02,2024,7,July,Saturday,13242.96,11918.663999999999
2024-07-27,ORD042428,CUST03298,P004,Smartwatch,Electronics,Mumbai,Online,Credit Card,1,6378.4,0.1,6378.4,5740.56,0,709.44,2024,7,July,Saturday,6378.4,5740.5599999999995
2024-07-27,ORD017391,CUST03743,P008,Running Shoes,Fashion,Bengaluru,Online,UPI,2,4419.73,0.1,8839.46,7955.51,0,1164.57,2024,7,July,Saturday,8839.46,7955.513999999999
2024-07-27,ORD019098,CUST04704,P006,Desk,Furniture,Delhi,Online,UPI,1,11411.3,0.0,11411.3,11411.3,0,2896.77,2024,7,July,Saturday,11411.3,11411.3
2024-07-27,ORD049097,CUST01438,P014,Keyboard,Electronics,Delhi,Store,UPI,2,2295.17,0.2,4590.34,3672.27,0,821.84,2024,7,July,Saturday,4590.34,3672.2720000000004
2024-07-27,ORD038385,CUST03928,P002,Smartphone,Electronics,Chennai,Online,Debit Card,1,26364.93,0.1,26364.93,23728.44,0,2848.08,2024,7,July,Saturday,26364.93,23728.437
2024-07-27,ORD004508,CUST03029,P018,Jacket,Fashion,Jaipur,Store,UPI,1,5189.2,0.2,5189.2,4151.36,0,693.75,2024,7,July,Saturday,5189.2,4151.36
2024-07-27,ORD004216,CUST02546,P019,Vacuum Cleaner,Home,Chennai,Store,Debit Card,1,8802.5,0.05,8802.5,8362.38,0,1886.18,2024,7,July,Saturday,8802.5,8362.375
2024-07-27,ORD004683,CUST00248,P016,Sofa,Furniture,Surat,Store,UPI,1,32167.65,0.0,32167.65,32167.65,0,3230.98,2024,7,July,Saturday,32167.65,32167.65
2024-07-27,ORD037765,CUST03257,P002,Smartphone,Electronics,Delhi,Online,Cash,2,26954.86,0.05,53909.72,51214.23,0,14787.45,2024,7,July,Saturday,53909.72,51214.234
2024-07-27,ORD039895,CUST01576,P009,T-Shirt,Fashion,Jaipur,Store,Credit Card,1,1126.3,0.25,1126.3,844.72,0,175.1,2024,7,July,Saturday,1126.3,844.7249999999999
2024-07-27,ORD039873,CUST02805,P020,Microwave,Home,Bengaluru,Online,UPI,2,10141.82,0.15,20283.64,17241.09,0,4599.94,2024,7,July,Saturday,20283.64,17241.093999999997
2024-07-27,ORD033621,CUST04646,P001,Laptop,Electronics,Surat,Online,UPI,1,61581.84,0.15,61581.84,52344.56,0,12432.61,2024,7,July,Saturday,61581.84,52344.564
2024-07-27,ORD020536,CUST03443,P017,Jeans,Fashion,Surat,Online,Credit Card,1,2605.05,0.25,2605.05,1953.79,1,-97.69,2024,7,July,Saturday,2605.05,1953.7875000000001
2024-07-27,ORD020191,CUST02430,P018,Jacket,Fashion,Bengaluru,Store,UPI,3,5615.25,0.2,16845.75,13476.6,0,567.97,2024,7,July,Saturday,16845.75,13476.6
2024-07-27,ORD015230,CUST00972,P018,Jacket,Fashion,Pune,Online,Credit Card,1,5184.94,0.05,5184.94,4925.69,0,473.46,2024,7,July,Saturday,5184.94,4925.692999999999
2024-07-27,ORD022128,CUST04647,P020,Microwave,Home,Pune,Store,Credit Card,2,11826.83,0.05,23653.66,22470.98,0,2893.32,2024,7,July,Saturday,23653.66,22470.977
2024-07-27,ORD032716,CUST01312,P020,Microwave,Home,Pune,Online,UPI,2,11829.3,0.15,23658.6,20109.81,0,1356.31,2024,7,July,Saturday,23658.6,20109.809999999998
2024-07-27,ORD015976,CUST01916,P006,Desk,Furniture,Bengaluru,Online,Debit Card,2,11939.75,0.05,23879.5,22685.52,0,4006.14,2024,7,July,Saturday,23879.5,22685.524999999998
2024-07-27,ORD032527,CUST04651,P017,Jeans,Fashion,Kolkata,Store,UPI,5,2600.67,0.15,13003.35,11052.85,0,2311.44,2024,7,July,Saturday,13003.35,11052.8475
2024-07-27,ORD044868,CUST04597,P017,Jeans,Fashion,Mumbai,Online,Debit Card,1,2950.37,0.15,2950.37,2507.81,0,497.16,2024,7,July,Saturday,2950.37,2507.8145
2024-07-27,ORD045967,CUST03312,P017,Jeans,Fashion,Bengaluru,Online,Cash,3,2991.67,0.15,8975.01,7628.76,0,1076.54,2024,7,July,Saturday,8975.01,7628.7585
2024-07-27,ORD037944,CUST01632,P014,Keyboard,Electronics,Surat,Online,UPI,3,2632.12,0.05,7896.36,7501.54,0,1403.98,2024,7,July,Saturday,7896.36,7501.5419999999995
2024-07-27,ORD032440,CUST00261,P013,Monitor,Electronics,Chennai,Online,Debit Card,1,17601.06,0.05,17601.06,16721.01,0,3608.88,2024,7,July,Saturday,17601.06,16721.007
2024-07-27,ORD022847,CUST01573,P016,Sofa,Furniture,Hyderabad,Store,Net Banking,3,34572.18,0.05,103716.54,98530.71,0,22944.17,2024,7,July,Saturday,103716.54000000001,98530.71299999999
2024-07-27,ORD037597,CUST02010,P018,Jacket,Fashion,Delhi,Store,Net Banking,4,5631.24,0.0,22524.96,22524.96,0,6618.46,2024,7,July,Saturday,22524.96,22524.96
2024-07-27,ORD011714,CUST02486,P012,Air Fryer,Home,Jaipur,Online,UPI,1,7412.21,0.1,7412.21,6670.99,0,888.09,2024,7,July,Saturday,7412.21,6670.9890000000005
2024-07-27,ORD002080,CUST02587,P015,Dining Table,Furniture,Mumbai,Online,Debit Card,2,20655.72,0.1,41311.44,37180.3,0,6071.83,2024,7,July,Saturday,41311.44,37180.296
2024-07-27,ORD013044,CUST03113,P008,Running Shoes,Fashion,Delhi,Online,Debit Card,2,4101.49,0.15,8202.98,6972.53,0,1836.4,2024,7,July,Saturday,8202.98,6972.532999999999
2024-07-27,ORD049502,CUST01476,P002,Smartphone,Electronics,Delhi,Online,UPI,1,28825.52,0.1,28825.52,25942.97,0,6627.55,2024,7,July,Saturday,28825.52,25942.968
2024-07-27,ORD041112,CUST01212,P013,Monitor,Electronics,Delhi,Online,UPI,1,19444.79,0.2,19444.79,15555.83,0,3324.31,2024,7,July,Saturday,19444.79,15555.832000000002
2024-07-27,ORD007912,CUST00263,P004,Smartwatch,Electronics,Jaipur,Online,UPI,1,7093.99,0.05,7093.99,6739.29,0,1626.56,2024,7,July,Saturday,7093.99,6739.290499999999
2024-07-27,ORD025942,CUST02551,P012,Air Fryer,Home,Surat,Store,Debit Card,1,7637.19,0.05,7637.19,7255.33,0,1751.84,2024,7,July,Saturday,7637.19,7255.330499999999
2024-07-27,ORD010159,CUST03897,P007,Backpack,Accessories,Delhi,Online,Credit Card,1,2385.95,0.1,2385.95,2147.36,0,514.57,2024,7,July,Saturday,2385.95,2147.355
2024-07-27,ORD027362,CUST01302,P008,Running Shoes,Fashion,Kolkata,Store,Net Banking,1,4270.77,0.15,4270.77,3630.15,0,324.29,2024,7,July,Saturday,4270.77,3630.1545
2024-07-27,ORD019985,CUST02607,P016,Sofa,Furniture,Kolkata,Online,Credit Card,1,35040.03,0.05,35040.03,33288.03,0,4591.55,2024,7,July,Saturday,35040.03,33288.0285
2024-07-27,ORD040906,CUST00571,P005,Office Chair,Furniture,Kolkata,Store,UPI,1,9926.94,0.2,9926.94,7941.55,1,-397.08,2024,7,July,Saturday,9926.94,7941.552000000001
2024-07-27,ORD003804,CUST01007,P007,Backpack,Accessories,Bengaluru,Online,Net Banking,1,1990.81,0.1,1990.81,1791.73,0,363.4,2024,7,July,Saturday,1990.81,1791.729
2024-07-27,ORD040769,CUST02271,P016,Sofa,Furniture,Chennai,Online,Credit Card,1,33611.92,0.15,33611.92,28570.13,0,2662.9,2024,7,July,Saturday,33611.92,28570.131999999998
2024-07-27,ORD014308,CUST01102,P015,Dining Table,Furniture,Ahmedabad,Online,Credit Card,1,21068.68,0.0,21068.68,21068.68,0,3721.64,2024,7,July,Saturday,21068.68,21068.68
2024-07-27,ORD007776,CUST04205,P003,Headphones,Electronics,Ahmedabad,Online,UPI,1,4755.14,0.15,4755.14,4041.87,0,642.19,2024,7,July,Saturday,4755.14,4041.869
2024-07-27,ORD040512,CUST02768,P015,Dining Table,Furniture,Delhi,Online,UPI,2,23053.71,0.1,46107.42,41496.68,0,4184.34,2024,7,July,Saturday,46107.42,41496.678
2024-07-27,ORD044697,CUST04359,P020,Microwave,Home,Jaipur,Store,Net Banking,1,10418.61,0.1,10418.61,9376.75,0,2588.7,2024,7,July,Saturday,10418.61,9376.749000000002
2024-07-27,ORD002086,CUST04312,P007,Backpack,Accessories,Jaipur,Online,UPI,1,2336.99,0.1,2336.99,2103.29,0,133.93,2024,7,July,Saturday,2336.99,2103.2909999999997
2024-07-27,ORD032991,CUST02596,P010,Coffee Maker,Home,Mumbai,Store,Credit Card,1,5546.43,0.1,5546.43,4991.79,0,1022.13,2024,7,July,Saturday,5546.43,4991.787
2024-07-27,ORD011838,CUST04101,P019,Vacuum Cleaner,Home,Chennai,Online,Credit Card,1,8693.75,0.0,8693.75,8693.75,0,759.72,2024,7,July,Saturday,8693.75,8693.75
2024-07-28,ORD035322,CUST02016,P009,T-Shirt,Fashion,Surat,Online,Credit Card,1,1230.49,0.1,1230.49,1107.44,1,-55.37,2024,7,July,Sunday,1230.49,1107.441
2024-07-28,ORD033373,CUST01029,P016,Sofa,Furniture,Surat,Online,UPI,1,36527.96,0.1,36527.96,32875.16,0,2055.62,2024,7,July,Sunday,36527.96,32875.164
2024-07-28,ORD010935,CUST00045,P001,Laptop,Electronics,Pune,Store,Credit Card,2,65226.39,0.2,130452.78,104362.22,0,25662.49,2024,7,July,Sunday,130452.78,104362.224
2024-07-28,ORD028988,CUST03968,P005,Office Chair,Furniture,Kolkata,Online,UPI,2,10443.42,0.1,20886.84,18798.16,0,2936.7,2024,7,July,Sunday,20886.84,18798.156
2024-07-28,ORD009986,CUST04819,P011,Mixer Grinder,Home,Chennai,Store,Credit Card,1,4342.27,0.1,4342.27,3908.04,0,402.26,2024,7,July,Sunday,4342.27,3908.0430000000006
2024-07-28,ORD026124,CUST03283,P005,Office Chair,Furniture,Mumbai,Store,Debit Card,4,9838.4,0.15,39353.6,33450.56,0,8679.97,2024,7,July,Sunday,39353.6,33450.56
2024-07-28,ORD008641,CUST01376,P015,Dining Table,Furniture,Chennai,Online,Debit Card,1,23614.46,0.0,23614.46,23614.46,0,2768.72,2024,7,July,Sunday,23614.46,23614.46
2024-07-28,ORD015310,CUST01489,P018,Jacket,Fashion,Jaipur,Online,Credit Card,3,4933.47,0.1,14800.41,13320.37,0,2168.14,2024,7,July,Sunday,14800.41,13320.369
2024-07-28,ORD029970,CUST01184,P013,Monitor,Electronics,Kolkata,Online,Cash,3,16761.13,0.05,50283.39,47769.22,0,13509.52,2024,7,July,Sunday,50283.39,47769.220499999996
2024-07-28,ORD006958,CUST01460,P019,Vacuum Cleaner,Home,Surat,Store,Debit Card,1,9326.97,0.1,9326.97,8394.27,0,2122.05,2024,7,July,Sunday,9326.97,8394.273
2024-07-28,ORD031324,CUST04617,P004,Smartwatch,Electronics,Jaipur,Store,Credit Card,1,6842.31,0.0,6842.31,6842.31,0,1900.32,2024,7,July,Sunday,6842.31,6842.31
2024-07-28,ORD001620,CUST02198,P004,Smartwatch,Electronics,Pune,Store,UPI,2,7237.93,0.05,14475.86,13752.07,0,1704.17,2024,7,July,Sunday,14475.86,13752.067
2024-07-28,ORD027719,CUST04127,P015,Dining Table,Furniture,Pune,Store,UPI,1,19982.57,0.1,19982.57,17984.31,0,1404.77,2024,7,July,Sunday,19982.57,17984.313000000002
2024-07-28,ORD008156,CUST03986,P001,Laptop,Electronics,Kolkata,Online,UPI,2,70658.86,0.0,141317.72,141317.72,0,23477.44,2024,7,July,Sunday,141317.72,141317.72
2024-07-28,ORD027166,CUST04756,P016,Sofa,Furniture,Jaipur,Store,UPI,1,35148.64,0.25,35148.64,26361.48,0,4080.29,2024,7,July,Sunday,35148.64,26361.48
2024-07-28,ORD025191,CUST04093,P011,Mixer Grinder,Home,Kolkata,Online,Debit Card,2,4527.75,0.1,9055.5,8149.95,0,1019.66,2024,7,July,Sunday,9055.5,8149.95
2024-07-28,ORD025193,CUST02199,P001,Laptop,Electronics,Hyderabad,Online,Debit Card,2,58624.5,0.0,117249.0,117249.0,0,19908.57,2024,7,July,Sunday,117249.0,117249.0
2024-07-28,ORD009780,CUST04140,P019,Vacuum Cleaner,Home,Pune,Online,UPI,3,9679.71,0.15,29039.13,24683.26,0,2039.85,2024,7,July,Sunday,29039.129999999997,24683.2605
2024-07-28,ORD030225,CUST01351,P016,Sofa,Furniture,Hyderabad,Online,Cash,2,33100.08,0.1,66200.16,59580.14,0,5351.24,2024,7,July,Sunday,66200.16,59580.14400000001
2024-07-28,ORD001688,CUST02304,P019,Vacuum Cleaner,Home,Jaipur,Store,UPI,1,8735.55,0.0,8735.55,8735.55,0,1648.2,2024,7,July,Sunday,8735.55,8735.55
2024-07-28,ORD032298,CUST01298,P003,Headphones,Electronics,Chennai,Online,Cash,4,4709.23,0.15,18836.92,16011.38,0,2290.31,2024,7,July,Sunday,18836.92,16011.381999999998
2024-07-28,ORD045986,CUST01906,P008,Running Shoes,Fashion,Kolkata,Online,Net Banking,1,4305.03,0.1,4305.03,3874.53,0,954.38,2024,7,July,Sunday,4305.03,3874.527
2024-07-28,ORD028261,CUST01983,P017,Jeans,Fashion,Pune,Online,Credit Card,1,2560.28,0.15,2560.28,2176.24,0,473.91,2024,7,July,Sunday,2560.28,2176.2380000000003
2024-07-28,ORD008485,CUST03200,P015,Dining Table,Furniture,Jaipur,Online,Debit Card,1,20807.25,0.1,20807.25,18726.53,0,2805.67,2024,7,July,Sunday,20807.25,18726.525
2024-07-28,ORD006389,CUST02208,P013,Monitor,Electronics,Pune,Store,UPI,2,16724.18,0.1,33448.36,30103.52,0,7101.31,2024,7,July,Sunday,33448.36,30103.524
2024-07-28,ORD010865,CUST01166,P011,Mixer Grinder,Home,Hyderabad,Store,UPI,1,5028.85,0.0,5028.85,5028.85,1,-251.44,2024,7,July,Sunday,5028.85,5028.85
2024-07-28,ORD028284,CUST04467,P002,Smartphone,Electronics,Ahmedabad,Online,Credit Card,1,28547.04,0.2,28547.04,22837.63,0,4635.71,2024,7,July,Sunday,28547.04,22837.632
2024-07-28,ORD028403,CUST02160,P015,Dining Table,Furniture,Bengaluru,Online,UPI,2,22806.71,0.05,45613.42,43332.75,0,12315.91,2024,7,July,Sunday,45613.42,43332.748999999996
2024-07-28,ORD028495,CUST01458,P007,Backpack,Accessories,Jaipur,Online,Debit Card,1,2114.18,0.0,2114.18,2114.18,1,-105.71,2024,7,July,Sunday,2114.18,2114.18
2024-07-28,ORD033522,CUST02271,P014,Keyboard,Electronics,Pune,Store,UPI,1,2640.42,0.1,2640.42,2376.38,0,455.3,2024,7,July,Sunday,2640.42,2376.378
2024-07-28,ORD045684,CUST04379,P019,Vacuum Cleaner,Home,Kolkata,Store,Debit Card,2,8635.16,0.1,17270.32,15543.29,0,1195.32,2024,7,July,Sunday,17270.32,15543.288
2024-07-28,ORD000701,CUST04839,P020,Microwave,Home,Ahmedabad,Store,UPI,2,9994.97,0.1,19989.94,17990.95,0,2346.46,2024,7,July,Sunday,19989.94,17990.946
2024-07-28,ORD035924,CUST03540,P018,Jacket,Fashion,Jaipur,Online,UPI,1,5173.42,0.15,5173.42,4397.41,0,905.29,2024,7,July,Sunday,5173.42,4397.407
2024-07-28,ORD038789,CUST04036,P006,Desk,Furniture,Chennai,Online,Credit Card,2,11334.82,0.1,22669.64,20402.68,0,5636.8,2024,7,July,Sunday,22669.64,20402.676
2024-07-28,ORD035852,CUST00232,P002,Smartphone,Electronics,Mumbai,Online,Net Banking,2,28988.32,0.05,57976.64,55077.81,0,6651.44,2024,7,July,Sunday,57976.64,55077.808
2024-07-28,ORD003143,CUST00852,P006,Desk,Furniture,Bengaluru,Online,UPI,1,11778.46,0.1,11778.46,10600.61,1,-530.03,2024,7,July,Sunday,11778.46,10600.614
2024-07-28,ORD003207,CUST02788,P015,Dining Table,Furniture,Pune,Online,UPI,1,23229.55,0.0,23229.55,23229.55,0,3117.07,2024,7,July,Sunday,23229.55,23229.55
2024-07-28,ORD011405,CUST04751,P006,Desk,Furniture,Chennai,Store,UPI,1,11284.77,0.1,11284.77,10156.29,1,-507.81,2024,7,July,Sunday,11284.77,10156.293000000001
2024-07-28,ORD016571,CUST00468,P008,Running Shoes,Fashion,Chennai,Online,Cash,3,3830.11,0.05,11490.33,10915.81,0,2959.21,2024,7,July,Sunday,11490.33,10915.8135
2024-07-28,ORD014195,CUST01583,P016,Sofa,Furniture,Delhi,Online,Credit Card,1,32534.59,0.15,32534.59,27654.4,0,3108.58,2024,7,July,Sunday,32534.59,27654.4015
2024-07-28,ORD040817,CUST02241,P011,Mixer Grinder,Home,Kolkata,Store,Debit Card,1,4692.68,0.1,4692.68,4223.41,0,1052.89,2024,7,July,Sunday,4692.68,4223.412
2024-07-28,ORD022766,CUST01805,P019,Vacuum Cleaner,Home,Mumbai,Online,Debit Card,1,9544.47,0.2,9544.47,7635.58,0,532.78,2024,7,July,Sunday,9544.47,7635.576
2024-07-28,ORD018682,CUST04309,P018,Jacket,Fashion,Delhi,Store,Debit Card,5,5147.29,0.2,25736.45,20589.16,1,-1029.46,2024,7,July,Sunday,25736.45,20589.160000000003
2024-07-28,ORD002122,CUST02571,P012,Air Fryer,Home,Hyderabad,Online,Credit Card,2,7879.27,0.0,15758.54,15758.54,0,3917.51,2024,7,July,Sunday,15758.54,15758.54
2024-07-28,ORD021031,CUST03509,P001,Laptop,Electronics,Hyderabad,Online,Net Banking,3,59480.0,0.0,178440.0,178440.0,0,43313.03,2024,7,July,Sunday,178440.0,178440.0
2024-07-28,ORD000217,CUST01139,P020,Microwave,Home,Ahmedabad,Store,UPI,4,11585.34,0.2,46341.36,37073.09,0,6906.59,2024,7,July,Sunday,46341.36,37073.088
2024-07-28,ORD039573,CUST01691,P013,Monitor,Electronics,Hyderabad,Online,UPI,2,17911.51,0.05,35823.02,34031.87,0,4237.26,2024,7,July,Sunday,35823.02,34031.869
2024-07-28,ORD012945,CUST02136,P014,Keyboard,Electronics,Bengaluru,Online,UPI,5,2359.37,0.15,11796.85,10027.32,0,1071.03,2024,7,July,Sunday,11796.849999999999,10027.3225
2024-07-28,ORD012141,CUST01234,P014,Keyboard,Electronics,Ahmedabad,Online,Cash,2,2306.1,0.1,4612.2,4150.98,0,903.13,2024,7,July,Sunday,4612.2,4150.98
2024-07-28,ORD049322,CUST00652,P018,Jacket,Fashion,Kolkata,Store,UPI,1,5466.6,0.05,5466.6,5193.27,0,1340.58,2024,7,July,Sunday,5466.6,5193.27
2024-07-28,ORD017902,CUST01464,P014,Keyboard,Electronics,Ahmedabad,Online,Credit Card,1,2423.16,0.05,2423.16,2302.0,0,515.25,2024,7,July,Sunday,2423.16,2302.002
2024-07-28,ORD047306,CUST02718,P015,Dining Table,Furniture,Ahmedabad,Online,Cash,1,20750.7,0.0,20750.7,20750.7,0,4043.59,2024,7,July,Sunday,20750.7,20750.7
2024-07-28,ORD019743,CUST01951,P006,Desk,Furniture,Kolkata,Online,UPI,1,12641.52,0.05,12641.52,12009.44,0,2047.05,2024,7,July,Sunday,12641.52,12009.444
2024-07-28,ORD016987,CUST01665,P015,Dining Table,Furniture,Pune,Online,Net Banking,5,23152.41,0.1,115762.05,104185.84,0,20923.65,2024,7,July,Sunday,115762.05,104185.845
2024-07-28,ORD014028,CUST03523,P018,Jacket,Fashion,Chennai,Store,Debit Card,1,5260.62,0.2,5260.62,4208.5,0,739.67,2024,7,July,Sunday,5260.62,4208.496
2024-07-28,ORD045476,CUST03840,P011,Mixer Grinder,Home,Chennai,Online,UPI,5,5179.95,0.2,25899.75,20719.8,0,2073.16,2024,7,July,Sunday,25899.75,20719.800000000003
2024-07-28,ORD003028,CUST04864,P019,Vacuum Cleaner,Home,Jaipur,Online,Debit Card,1,9628.77,0.1,9628.77,8665.89,1,-433.29,2024,7,July,Sunday,9628.77,8665.893
2024-07-28,ORD011120,CUST02820,P011,Mixer Grinder,Home,Mumbai,Online,Debit Card,1,4470.39,0.05,4470.39,4246.87,0,1077.67,2024,7,July,Sunday,4470.39,4246.8705
2024-07-28,ORD017100,CUST04029,P011,Mixer Grinder,Home,Bengaluru,Online,Debit Card,2,4657.42,0.15,9314.84,7917.61,0,1791.04,2024,7,July,Sunday,9314.84,7917.614
2024-07-28,ORD002676,CUST03794,P016,Sofa,Furniture,Surat,Online,UPI,1,33424.76,0.0,33424.76,33424.76,0,9200.01,2024,7,July,Sunday,33424.76,33424.76
2024-07-28,ORD001188,CUST04984,P003,Headphones,Electronics,Hyderabad,Store,Net Banking,1,4887.51,0.1,4887.51,4398.76,0,584.62,2024,7,July,Sunday,4887.51,4398.759
2024-07-28,ORD002762,CUST04133,P010,Coffee Maker,Home,Surat,Store,Debit Card,1,5207.55,0.1,5207.55,4686.8,0,512.89,2024,7,July,Sunday,5207.55,4686.795
2024-07-28,ORD004836,CUST02542,P018,Jacket,Fashion,Chennai,Online,Net Banking,5,5365.84,0.2,26829.2,21463.36,0,4164.31,2024,7,July,Sunday,26829.2,21463.36
2024-07-28,ORD021849,CUST03352,P018,Jacket,Fashion,Bengaluru,Store,UPI,1,5379.18,0.1,5379.18,4841.26,0,728.96,2024,7,July,Sunday,5379.18,4841.262000000001
2024-07-28,ORD045329,CUST00965,P004,Smartwatch,Electronics,Pune,Online,UPI,1,6610.43,0.2,6610.43,5288.34,0,1350.22,2024,7,July,Sunday,6610.43,5288.344000000001
2024-07-29,ORD039838,CUST00823,P018,Jacket,Fashion,Bengaluru,Online,Credit Card,1,5534.62,0.2,5534.62,4427.7,0,823.33,2024,7,July,Monday,5534.62,4427.696
2024-07-29,ORD040019,CUST01637,P005,Office Chair,Furniture,Delhi,Online,Debit Card,1,9097.65,0.0,9097.65,9097.65,0,2149.16,2024,7,July,Monday,9097.65,9097.65
2024-07-29,ORD015234,CUST00929,P013,Monitor,Electronics,Ahmedabad,Online,UPI,1,16800.78,0.0,16800.78,16800.78,0,2273.96,2024,7,July,Monday,16800.78,16800.78
2024-07-29,ORD026777,CUST03104,P018,Jacket,Fashion,Chennai,Online,Credit Card,1,5609.78,0.0,5609.78,5609.78,0,612.59,2024,7,July,Monday,5609.78,5609.78
2024-07-29,ORD048991,CUST01015,P014,Keyboard,Electronics,Pune,Online,Credit Card,1,2413.29,0.0,2413.29,2413.29,0,269.36,2024,7,July,Monday,2413.29,2413.29
2024-07-29,ORD039149,CUST01436,P017,Jeans,Fashion,Kolkata,Online,UPI,2,2640.89,0.05,5281.78,5017.69,0,960.38,2024,7,July,Monday,5281.78,5017.691
2024-07-29,ORD047868,CUST02073,P001,Laptop,Electronics,Kolkata,Online,UPI,3,63537.15,0.1,190611.45,171550.31,0,15813.41,2024,7,July,Monday,190611.45,171550.30500000002
2024-07-29,ORD038909,CUST01268,P020,Microwave,Home,Kolkata,Store,UPI,1,10548.81,0.0,10548.81,10548.81,0,2180.88,2024,7,July,Monday,10548.81,10548.81
2024-07-29,ORD021361,CUST00662,P002,Smartphone,Electronics,Ahmedabad,Online,UPI,3,26346.51,0.05,79039.53,75087.55,0,18160.47,2024,7,July,Monday,79039.53,75087.5535
2024-07-29,ORD004873,CUST03986,P007,Backpack,Accessories,Chennai,Online,Credit Card,1,2053.64,0.05,2053.64,1950.96,0,244.79,2024,7,July,Monday,2053.64,1950.9579999999999
2024-07-29,ORD011780,CUST00813,P019,Vacuum Cleaner,Home,Hyderabad,Store,UPI,2,9552.66,0.05,19105.32,18150.05,0,1617.59,2024,7,July,Monday,19105.32,18150.054
2024-07-29,ORD037799,CUST03336,P010,Coffee Maker,Home,Surat,Online,Credit Card,2,5379.78,0.05,10759.56,10221.58,0,1593.61,2024,7,July,Monday,10759.56,10221.581999999999
2024-07-29,ORD033914,CUST01538,P010,Coffee Maker,Home,Pune,Online,UPI,1,4997.97,0.15,4997.97,4248.27,1,-212.41,2024,7,July,Monday,4997.97,4248.2745
2024-07-29,ORD045178,CUST01907,P014,Keyboard,Electronics,Pune,Online,Net Banking,1,2408.53,0.05,2408.53,2288.1,0,545.46,2024,7,July,Monday,2408.53,2288.1035
2024-07-29,ORD026403,CUST00227,P012,Air Fryer,Home,Pune,Online,Credit Card,1,7379.52,0.1,7379.52,6641.57,0,1204.0,2024,7,July,Monday,7379.52,6641.568
2024-07-29,ORD031944,CUST01265,P018,Jacket,Fashion,Pune,Online,UPI,1,5065.12,0.05,5065.12,4811.86,0,610.85,2024,7,July,Monday,5065.12,4811.864
2024-07-29,ORD014183,CUST01591,P009,T-Shirt,Fashion,Chennai,Store,UPI,1,1258.95,0.05,1258.95,1196.0,0,157.86,2024,7,July,Monday,1258.95,1196.0025
2024-07-29,ORD012764,CUST03496,P018,Jacket,Fashion,Hyderabad,Online,Debit Card,2,5371.75,0.05,10743.5,10206.32,0,1218.9,2024,7,July,Monday,10743.5,10206.324999999999
2024-07-29,ORD044089,CUST01416,P008,Running Shoes,Fashion,Chennai,Online,Cash,3,4305.53,0.0,12916.59,12916.59,0,2577.65,2024,7,July,Monday,12916.59,12916.59
2024-07-29,ORD046453,CUST04277,P003,Headphones,Electronics,Ahmedabad,Store,UPI,2,4320.57,0.1,8641.14,7777.03,0,2130.18,2024,7,July,Monday,8641.14,7777.026
2024-07-29,ORD043833,CUST03876,P011,Mixer Grinder,Home,Bengaluru,Online,Cash,1,5141.94,0.1,5141.94,4627.75,0,783.87,2024,7,July,Monday,5141.94,4627.746
2024-07-29,ORD028829,CUST02830,P002,Smartphone,Electronics,Hyderabad,Online,UPI,1,25608.37,0.0,25608.37,25608.37,0,7295.25,2024,7,July,Monday,25608.37,25608.37
2024-07-29,ORD001386,CUST00658,P015,Dining Table,Furniture,Pune,Online,Credit Card,4,22582.56,0.0,90330.24,90330.24,0,9625.81,2024,7,July,Monday,90330.24,90330.24
2024-07-29,ORD017210,CUST02594,P011,Mixer Grinder,Home,Ahmedabad,Online,UPI,2,4895.61,0.0,9791.22,9791.22,1,-489.56,2024,7,July,Monday,9791.22,9791.22
2024-07-29,ORD043261,CUST04675,P009,T-Shirt,Fashion,Hyderabad,Store,Credit Card,1,1245.98,0.15,1245.98,1059.08,0,280.52,2024,7,July,Monday,1245.98,1059.083
2024-07-29,ORD029682,CUST03190,P014,Keyboard,Electronics,Hyderabad,Store,UPI,1,2469.33,0.2,2469.33,1975.46,0,322.86,2024,7,July,Monday,2469.33,1975.464
2024-07-29,ORD016680,CUST00123,P009,T-Shirt,Fashion,Delhi,Online,Credit Card,1,1274.0,0.15,1274.0,1082.9,0,96.64,2024,7,July,Monday,1274.0,1082.8999999999999
2024-07-29,ORD049663,CUST02330,P014,Keyboard,Electronics,Ahmedabad,Store,UPI,1,2563.04,0.1,2563.04,2306.74,0,463.91,2024,7,July,Monday,2563.04,2306.736
2024-07-29,ORD003068,CUST00792,P019,Vacuum Cleaner,Home,Kolkata,Store,UPI,3,8513.13,0.05,25539.39,24262.42,0,2422.49,2024,7,July,Monday,25539.39,24262.420499999997
2024-07-29,ORD016316,CUST01964,P007,Backpack,Accessories,Bengaluru,Online,UPI,3,2092.89,0.15,6278.67,5336.87,0,372.33,2024,7,July,Monday,6278.67,5336.8695
2024-07-29,ORD030339,CUST01689,P013,Monitor,Electronics,Chennai,Online,UPI,1,19340.51,0.15,19340.51,16439.43,0,1993.03,2024,7,July,Monday,19340.51,16439.4335
2024-07-29,ORD041857,CUST00191,P015,Dining Table,Furniture,Delhi,Online,Net Banking,1,20371.73,0.05,20371.73,19353.14,0,3540.81,2024,7,July,Monday,20371.73,19353.1435
2024-07-29,ORD049564,CUST01499,P003,Headphones,Electronics,Pune,Online,UPI,3,4119.84,0.2,12359.52,9887.62,0,2380.34,2024,7,July,Monday,12359.52,9887.616000000002
2024-07-29,ORD046484,CUST00705,P006,Desk,Furniture,Delhi,Store,Debit Card,2,12184.05,0.15,24368.1,20712.88,0,3968.07,2024,7,July,Monday,24368.1,20712.885
2024-07-29,ORD031063,CUST02004,P018,Jacket,Fashion,Mumbai,Online,Credit Card,1,5626.88,0.05,5626.88,5345.54,0,1506.63,2024,7,July,Monday,5626.88,5345.536
2024-07-29,ORD041164,CUST02166,P008,Running Shoes,Fashion,Ahmedabad,Store,UPI,1,4015.19,0.05,4015.19,3814.43,0,763.44,2024,7,July,Monday,4015.19,3814.4305
2024-07-29,ORD002281,CUST03298,P005,Office Chair,Furniture,Chennai,Online,Debit Card,3,9030.08,0.15,27090.24,23026.7,0,2129.41,2024,7,July,Monday,27090.239999999998,23026.704
2024-07-29,ORD025257,CUST00303,P011,Mixer Grinder,Home,Pune,Online,UPI,1,4965.11,0.0,4965.11,4965.11,0,606.58,2024,7,July,Monday,4965.11,4965.11
2024-07-29,ORD040677,CUST02058,P006,Desk,Furniture,Jaipur,Online,UPI,1,11130.03,0.0,11130.03,11130.03,0,2787.56,2024,7,July,Monday,11130.03,11130.03
2024-07-29,ORD019672,CUST01953,P010,Coffee Maker,Home,Delhi,Store,Debit Card,1,5408.6,0.1,5408.6,4867.74,0,387.89,2024,7,July,Monday,5408.6,4867.740000000001
2024-07-29,ORD040621,CUST04839,P001,Laptop,Electronics,Delhi,Online,UPI,1,65068.56,0.05,65068.56,61815.13,0,4763.13,2024,7,July,Monday,65068.56,61815.132
2024-07-29,ORD040541,CUST00937,P003,Headphones,Electronics,Chennai,Store,Debit Card,4,4133.21,0.1,16532.84,14879.56,0,3950.26,2024,7,July,Monday,16532.84,14879.556
2024-07-29,ORD030636,CUST03963,P011,Mixer Grinder,Home,Ahmedabad,Store,UPI,4,4806.89,0.1,19227.56,17304.8,0,4798.92,2024,7,July,Monday,19227.56,17304.804
2024-07-29,ORD001085,CUST01361,P007,Backpack,Accessories,Surat,Online,UPI,1,2287.41,0.2,2287.41,1829.93,0,300.29,2024,7,July,Monday,2287.41,1829.9279999999999
2024-07-29,ORD015258,CUST04022,P014,Keyboard,Electronics,Hyderabad,Online,UPI,1,2342.15,0.2,2342.15,1873.72,0,102.51,2024,7,July,Monday,2342.15,1873.7200000000003
2024-07-29,ORD044069,CUST03885,P005,Office Chair,Furniture,Bengaluru,Online,UPI,2,9509.19,0.15,19018.38,16165.62,0,1914.03,2024,7,July,Monday,19018.38,16165.623
2024-07-29,ORD010570,CUST04780,P006,Desk,Furniture,Pune,Store,UPI,1,11279.45,0.15,11279.45,9587.53,0,1321.55,2024,7,July,Monday,11279.45,9587.532500000001
2024-07-29,ORD011270,CUST01228,P016,Sofa,Furniture,Mumbai,Store,Credit Card,1,35435.82,0.1,35435.82,31892.24,0,3380.73,2024,7,July,Monday,35435.82,31892.238
2024-07-29,ORD034752,CUST02124,P012,Air Fryer,Home,Delhi,Online,Cash,1,7507.96,0.15,7507.96,6381.77,0,378.54,2024,7,July,Monday,7507.96,6381.766
2024-07-29,ORD015687,CUST01035,P010,Coffee Maker,Home,Chennai,Store,Credit Card,3,5826.91,0.15,17480.73,14858.62,0,2088.93,2024,7,July,Monday,17480.73,14858.620499999999
2024-07-29,ORD022449,CUST03426,P016,Sofa,Furniture,Mumbai,Online,Cash,1,38131.38,0.1,38131.38,34318.24,1,-1715.91,2024,7,July,Monday,38131.38,34318.242
2024-07-29,ORD034682,CUST01450,P007,Backpack,Accessories,Ahmedabad,Online,UPI,1,2209.0,0.2,2209.0,1767.2,0,80.5,2024,7,July,Monday,2209.0,1767.2
2024-07-29,ORD024154,CUST01046,P013,Monitor,Electronics,Ahmedabad,Online,Credit Card,1,16775.43,0.1,16775.43,15097.89,0,1347.3,2024,7,July,Monday,16775.43,15097.887
2024-07-29,ORD035770,CUST01170,P007,Backpack,Accessories,Bengaluru,Online,Credit Card,1,2097.32,0.2,2097.32,1677.86,0,401.59,2024,7,July,Monday,2097.32,1677.8560000000002
2024-07-29,ORD048973,CUST04504,P005,Office Chair,Furniture,Delhi,Online,Credit Card,1,9548.54,0.05,9548.54,9071.11,0,866.06,2024,7,July,Monday,9548.54,9071.113000000001
2024-07-29,ORD023632,CUST00017,P007,Backpack,Accessories,Bengaluru,Store,UPI,1,2399.15,0.1,2399.15,2159.24,0,583.47,2024,7,July,Monday,2399.15,2159.235
2024-07-29,ORD005379,CUST01920,P005,Office Chair,Furniture,Hyderabad,Store,Credit Card,1,9535.94,0.0,9535.94,9535.94,0,1709.39,2024,7,July,Monday,9535.94,9535.94
2024-07-30,ORD032309,CUST04741,P013,Monitor,Electronics,Ahmedabad,Store,Cash,3,19093.13,0.05,57279.39,54415.42,0,7483.82,2024,7,July,Tuesday,57279.39,54415.4205
2024-07-30,ORD036914,CUST03600,P005,Office Chair,Furniture,Bengaluru,Online,UPI,1,9646.46,0.0,9646.46,9646.46,1,-482.32,2024,7,July,Tuesday,9646.46,9646.46
2024-07-30,ORD009964,CUST02092,P001,Laptop,Electronics,Mumbai,Online,Credit Card,1,66194.27,0.15,66194.27,56265.13,0,15071.07,2024,7,July,Tuesday,66194.27,56265.1295
2024-07-30,ORD034807,CUST04084,P002,Smartphone,Electronics,Chennai,Online,Credit Card,1,25978.53,0.1,25978.53,23380.68,0,4046.41,2024,7,July,Tuesday,25978.53,23380.677
2024-07-30,ORD027462,CUST01342,P007,Backpack,Accessories,Kolkata,Store,Credit Card,1,2096.09,0.2,2096.09,1676.87,0,108.37,2024,7,July,Tuesday,2096.09,1676.8720000000003
2024-07-30,ORD036187,CUST01801,P004,Smartwatch,Electronics,Pune,Store,UPI,1,7481.67,0.05,7481.67,7107.59,0,1245.92,2024,7,July,Tuesday,7481.67,7107.586499999999
2024-07-30,ORD007887,CUST01403,P010,Coffee Maker,Home,Bengaluru,Store,UPI,1,5970.94,0.15,5970.94,5075.3,0,452.46,2024,7,July,Tuesday,5970.94,5075.299
2024-07-30,ORD012893,CUST03260,P019,Vacuum Cleaner,Home,Kolkata,Online,Debit Card,1,9221.23,0.15,9221.23,7838.05,0,1678.72,2024,7,July,Tuesday,9221.23,7838.045499999999
2024-07-30,ORD040862,CUST01483,P014,Keyboard,Electronics,Delhi,Online,UPI,2,2495.12,0.05,4990.24,4740.73,0,606.6,2024,7,July,Tuesday,4990.24,4740.727999999999
2024-07-30,ORD020803,CUST03440,P011,Mixer Grinder,Home,Jaipur,Online,Credit Card,5,4805.13,0.05,24025.65,22824.37,0,4433.35,2024,7,July,Tuesday,24025.65,22824.3675
2024-07-30,ORD005779,CUST04744,P015,Dining Table,Furniture,Pune,Store,Debit Card,1,21838.47,0.0,21838.47,21838.47,0,6097.0,2024,7,July,Tuesday,21838.47,21838.47
2024-07-30,ORD010734,CUST01051,P019,Vacuum Cleaner,Home,Kolkata,Online,UPI,2,8627.11,0.15,17254.22,14666.09,0,3825.63,2024,7,July,Tuesday,17254.22,14666.087000000001
2024-07-30,ORD036820,CUST02495,P016,Sofa,Furniture,Delhi,Online,Credit Card,1,36547.26,0.0,36547.26,36547.26,0,7948.11,2024,7,July,Tuesday,36547.26,36547.26
2024-07-30,ORD032497,CUST02636,P002,Smartphone,Electronics,Kolkata,Online,UPI,1,28024.82,0.0,28024.82,28024.82,0,3584.09,2024,7,July,Tuesday,28024.82,28024.82
2024-07-30,ORD020773,CUST02171,P015,Dining Table,Furniture,Mumbai,Store,Credit Card,2,22541.2,0.1,45082.4,40574.16,0,3138.37,2024,7,July,Tuesday,45082.4,40574.16
2024-07-30,ORD023877,CUST00877,P003,Headphones,Electronics,Mumbai,Store,Credit Card,1,4568.58,0.1,4568.58,4111.72,0,376.17,2024,7,July,Tuesday,4568.58,4111.722
2024-07-30,ORD004430,CUST00585,P007,Backpack,Accessories,Delhi,Online,UPI,2,2399.99,0.05,4799.98,4559.98,0,391.68,2024,7,July,Tuesday,4799.98,4559.981
2024-07-30,ORD019855,CUST02493,P013,Monitor,Electronics,Hyderabad,Online,Credit Card,1,16489.6,0.1,16489.6,14840.64,0,3922.91,2024,7,July,Tuesday,16489.6,14840.64
2024-07-30,ORD008030,CUST03207,P009,T-Shirt,Fashion,Hyderabad,Online,Credit Card,1,1175.84,0.1,1175.84,1058.26,0,123.76,2024,7,July,Tuesday,1175.84,1058.2559999999999
2024-07-30,ORD004121,CUST00599,P013,Monitor,Electronics,Mumbai,Store,UPI,2,16639.41,0.0,33278.82,33278.82,0,5145.8,2024,7,July,Tuesday,33278.82,33278.82
2024-07-30,ORD032404,CUST03089,P016,Sofa,Furniture,Kolkata,Store,Credit Card,2,32756.65,0.15,65513.3,55686.3,0,11674.96,2024,7,July,Tuesday,65513.3,55686.305
2024-07-30,ORD036831,CUST03193,P011,Mixer Grinder,Home,Ahmedabad,Store,Credit Card,2,4347.37,0.1,8694.74,7825.27,0,1905.07,2024,7,July,Tuesday,8694.74,7825.266
2024-07-30,ORD032095,CUST00804,P019,Vacuum Cleaner,Home,Mumbai,Store,Net Banking,1,8400.08,0.05,8400.08,7980.08,0,1199.09,2024,7,July,Tuesday,8400.08,7980.075999999999
2024-07-30,ORD039966,CUST01790,P017,Jeans,Fashion,Mumbai,Online,Cash,2,2731.81,0.05,5463.62,5190.44,1,-259.52,2024,7,July,Tuesday,5463.62,5190.438999999999
2024-07-30,ORD039891,CUST03121,P001,Laptop,Electronics,Hyderabad,Online,Credit Card,3,68852.1,0.05,206556.3,196228.48,0,47825.9,2024,7,July,Tuesday,206556.30000000002,196228.485
2024-07-30,ORD001666,CUST01259,P007,Backpack,Accessories,Kolkata,Online,UPI,1,2210.04,0.1,2210.04,1989.04,0,482.57,2024,7,July,Tuesday,2210.04,1989.036
2024-07-30,ORD003717,CUST01275,P013,Monitor,Electronics,Mumbai,Online,Net Banking,1,18184.17,0.2,18184.17,14547.34,0,693.44,2024,7,July,Tuesday,18184.17,14547.336
2024-07-30,ORD018962,CUST03736,P007,Backpack,Accessories,Hyderabad,Store,UPI,2,2132.72,0.25,4265.44,3199.08,0,265.02,2024,7,July,Tuesday,4265.44,3199.08
2024-07-30,ORD000064,CUST01604,P007,Backpack,Accessories,Surat,Store,Credit Card,1,2124.1,0.05,2124.1,2017.89,0,536.59,2024,7,July,Tuesday,2124.1,2017.8949999999998
2024-07-30,ORD035496,CUST03115,P011,Mixer Grinder,Home,Ahmedabad,Online,UPI,2,4638.51,0.1,9277.02,8349.32,0,1977.18,2024,7,July,Tuesday,9277.02,8349.318000000001
2024-07-30,ORD015644,CUST03311,P013,Monitor,Electronics,Hyderabad,Store,UPI,1,19771.54,0.0,19771.54,19771.54,0,5030.1,2024,7,July,Tuesday,19771.54,19771.54
2024-07-30,ORD044053,CUST02930,P014,Keyboard,Electronics,Chennai,Store,Credit Card,1,2738.37,0.15,2738.37,2327.61,0,322.55,2024,7,July,Tuesday,2738.37,2327.6144999999997
2024-07-30,ORD048366,CUST01937,P012,Air Fryer,Home,Bengaluru,Online,Credit Card,2,7820.17,0.0,15640.34,15640.34,0,4070.66,2024,7,July,Tuesday,15640.34,15640.34
2024-07-30,ORD043928,CUST04183,P017,Jeans,Fashion,Delhi,Store,UPI,3,2702.0,0.0,8106.0,8106.0,0,1900.79,2024,7,July,Tuesday,8106.0,8106.0
2024-07-30,ORD035589,CUST04756,P020,Microwave,Home,Ahmedabad,Online,UPI,1,10477.58,0.15,10477.58,8905.94,0,1106.51,2024,7,July,Tuesday,10477.58,8905.943
2024-07-30,ORD028811,CUST02101,P016,Sofa,Furniture,Pune,Store,UPI,1,34532.48,0.1,34532.48,31079.23,0,2529.63,2024,7,July,Tuesday,34532.48,31079.232000000004
2024-07-30,ORD024026,CUST02086,P013,Monitor,Electronics,Ahmedabad,Online,Credit Card,2,17425.23,0.1,34850.46,31365.41,0,7060.77,2024,7,July,Tuesday,34850.46,31365.414
2024-07-30,ORD035700,CUST03352,P018,Jacket,Fashion,Hyderabad,Online,Credit Card,1,4815.86,0.15,4815.86,4093.48,0,345.34,2024,7,July,Tuesday,4815.86,4093.4809999999998
2024-07-30,ORD002660,CUST01774,P004,Smartwatch,Electronics,Kolkata,Online,UPI,2,7503.73,0.1,15007.46,13506.71,0,1552.43,2024,7,July,Tuesday,15007.46,13506.714
2024-07-30,ORD014862,CUST02953,P008,Running Shoes,Fashion,Bengaluru,Online,Credit Card,3,3958.43,0.2,11875.29,9500.23,0,2428.28,2024,7,July,Tuesday,11875.289999999999,9500.232000000002
2024-07-30,ORD017244,CUST01941,P014,Keyboard,Electronics,Kolkata,Online,UPI,3,2652.73,0.25,7958.19,5968.64,0,936.5,2024,7,July,Tuesday,7958.1900000000005,5968.6425
2024-07-30,ORD043479,CUST02537,P011,Mixer Grinder,Home,Surat,Online,UPI,4,5066.43,0.05,20265.72,19252.43,0,3658.08,2024,7,July,Tuesday,20265.72,19252.434
2024-07-30,ORD043473,CUST04717,P015,Dining Table,Furniture,Mumbai,Online,Cash,4,21922.53,0.1,87690.12,78921.11,0,13845.43,2024,7,July,Tuesday,87690.12,78921.108
2024-07-30,ORD043134,CUST03369,P015,Dining Table,Furniture,Delhi,Store,Credit Card,1,21333.19,0.0,21333.19,21333.19,0,2920.69,2024,7,July,Tuesday,21333.19,21333.19
2024-07-30,ORD044261,CUST02026,P001,Laptop,Electronics,Delhi,Online,Debit Card,1,61453.56,0.0,61453.56,61453.56,0,9412.78,2024,7,July,Tuesday,61453.56,61453.56
2024-07-30,ORD028290,CUST01741,P019,Vacuum Cleaner,Home,Surat,Store,Credit Card,5,8883.64,0.05,44418.2,42197.29,0,4055.23,2024,7,July,Tuesday,44418.2,42197.28999999999
2024-07-30,ORD039105,CUST00441,P012,Air Fryer,Home,Surat,Online,Credit Card,1,7259.5,0.1,7259.5,6533.55,0,607.43,2024,7,July,Tuesday,7259.5,6533.55
2024-07-30,ORD045360,CUST00465,P011,Mixer Grinder,Home,Ahmedabad,Online,Debit Card,1,4826.45,0.1,4826.45,4343.8,0,550.62,2024,7,July,Tuesday,4826.45,4343.805
2024-07-30,ORD042016,CUST03363,P009,T-Shirt,Fashion,Pune,Online,UPI,1,1291.56,0.2,1291.56,1033.25,0,139.18,2024,7,July,Tuesday,1291.56,1033.248
2024-07-30,ORD006360,CUST03594,P004,Smartwatch,Electronics,Surat,Online,Cash,5,7503.38,0.15,37516.9,31889.36,0,7687.52,2024,7,July,Tuesday,37516.9,31889.365
2024-07-30,ORD008212,CUST01251,P008,Running Shoes,Fashion,Kolkata,Online,UPI,2,3811.42,0.05,7622.84,7241.7,0,1908.6,2024,7,July,Tuesday,7622.84,7241.697999999999
2024-07-30,ORD018561,CUST04686,P005,Office Chair,Furniture,Bengaluru,Online,Credit Card,3,10314.35,0.1,30943.05,27848.75,0,4130.83,2024,7,July,Tuesday,30943.050000000003,27848.745
2024-07-30,ORD030910,CUST03368,P003,Headphones,Electronics,Kolkata,Online,UPI,2,4517.0,0.05,9034.0,8582.3,0,1527.51,2024,7,July,Tuesday,9034.0,8582.3
2024-07-30,ORD027820,CUST00786,P009,T-Shirt,Fashion,Delhi,Online,Cash,1,1317.09,0.15,1317.09,1119.53,0,67.61,2024,7,July,Tuesday,1317.09,1119.5265
2024-07-30,ORD048143,CUST00826,P004,Smartwatch,Electronics,Jaipur,Online,Credit Card,1,6342.24,0.1,6342.24,5708.02,0,527.06,2024,7,July,Tuesday,6342.24,5708.016
2024-07-30,ORD003316,CUST03290,P017,Jeans,Fashion,Delhi,Store,UPI,1,2736.99,0.1,2736.99,2463.29,0,169.86,2024,7,July,Tuesday,2736.99,2463.2909999999997
2024-07-30,ORD030271,CUST01146,P011,Mixer Grinder,Home,Pune,Online,Credit Card,1,4427.48,0.05,4427.48,4206.11,0,623.89,2024,7,July,Tuesday,4427.48,4206.106
2024-07-30,ORD042634,CUST03187,P012,Air Fryer,Home,Bengaluru,Online,UPI,1,6816.21,0.1,6816.21,6134.59,0,1601.89,2024,7,July,Tuesday,6816.21,6134.589
2024-07-30,ORD035133,CUST04553,P018,Jacket,Fashion,Mumbai,Store,Credit Card,1,5031.18,0.1,5031.18,4528.06,0,809.61,2024,7,July,Tuesday,5031.18,4528.062000000001
2024-07-30,ORD029950,CUST00327,P003,Headphones,Electronics,Ahmedabad,Online,UPI,1,4152.77,0.05,4152.77,3945.13,0,699.64,2024,7,July,Tuesday,4152.77,3945.1315000000004
2024-07-30,ORD013341,CUST03611,P018,Jacket,Fashion,Jaipur,Online,Cash,3,4780.15,0.05,14340.45,13623.43,0,1365.3,2024,7,July,Tuesday,14340.449999999999,13623.4275
2024-07-30,ORD039093,CUST02077,P016,Sofa,Furniture,Delhi,Online,Credit Card,1,37286.79,0.0,37286.79,37286.79,0,10187.63,2024,7,July,Tuesday,37286.79,37286.79
2024-07-30,ORD005281,CUST03074,P011,Mixer Grinder,Home,Ahmedabad,Store,Debit Card,1,4952.64,0.0,4952.64,4952.64,0,1106.11,2024,7,July,Tuesday,4952.64,4952.64
2024-07-30,ORD047875,CUST01648,P019,Vacuum Cleaner,Home,Delhi,Online,Credit Card,2,9463.55,0.1,18927.1,17034.39,0,2432.87,2024,7,July,Tuesday,18927.1,17034.39
2024-07-30,ORD021661,CUST02091,P009,T-Shirt,Fashion,Hyderabad,Store,Credit Card,2,1192.11,0.25,2384.22,1788.16,1,-89.41,2024,7,July,Tuesday,2384.22,1788.165
2024-07-30,ORD037676,CUST04356,P018,Jacket,Fashion,Pune,Online,Cash,2,5008.2,0.15,10016.4,8513.94,0,1054.61,2024,7,July,Tuesday,10016.4,8513.939999999999
2024-07-30,ORD021631,CUST02918,P002,Smartphone,Electronics,Kolkata,Online,Debit Card,1,29395.01,0.1,29395.01,26455.51,0,2980.53,2024,7,July,Tuesday,29395.01,26455.509
2024-07-30,ORD049978,CUST04693,P013,Monitor,Electronics,Jaipur,Online,UPI,1,18997.41,0.05,18997.41,18047.54,0,1445.86,2024,7,July,Tuesday,18997.41,18047.5395
2024-07-30,ORD025931,CUST02603,P019,Vacuum Cleaner,Home,Kolkata,Store,Credit Card,1,9496.67,0.1,9496.67,8547.0,0,678.59,2024,7,July,Tuesday,9496.67,8547.003
2024-07-30,ORD006818,CUST02861,P014,Keyboard,Electronics,Delhi,Online,UPI,1,2641.65,0.1,2641.65,2377.48,0,240.0,2024,7,July,Tuesday,2641.65,2377.485
2024-07-30,ORD021615,CUST04771,P013,Monitor,Electronics,Delhi,Online,UPI,5,18611.35,0.05,93056.75,88403.91,0,11753.2,2024,7,July,Tuesday,93056.75,88403.91249999999
2024-07-30,ORD025337,CUST02226,P002,Smartphone,Electronics,Chennai,Online,Debit Card,3,25298.65,0.15,75895.95,64511.56,0,8766.6,2024,7,July,Tuesday,75895.95000000001,64511.557499999995
2024-07-30,ORD006878,CUST00939,P015,Dining Table,Furniture,Delhi,Online,Credit Card,4,20052.14,0.0,80208.56,80208.56,0,12523.12,2024,7,July,Tuesday,80208.56,80208.56
2024-07-30,ORD024927,CUST01549,P008,Running Shoes,Fashion,Chennai,Online,Cash,4,4129.62,0.0,16518.48,16518.48,0,2753.01,2024,7,July,Tuesday,16518.48,16518.48
2024-07-30,ORD007147,CUST03982,P006,Desk,Furniture,Surat,Online,Debit Card,4,11833.67,0.15,47334.68,40234.48,0,9711.65,2024,7,July,Tuesday,47334.68,40234.478
2024-07-30,ORD038045,CUST02116,P018,Jacket,Fashion,Mumbai,Online,Cash,2,5394.87,0.1,10789.74,9710.77,0,2465.07,2024,7,July,Tuesday,10789.74,9710.766
2024-07-30,ORD010044,CUST00657,P010,Coffee Maker,Home,Ahmedabad,Store,Credit Card,2,5536.78,0.1,11073.56,9966.2,0,2134.93,2024,7,July,Tuesday,11073.56,9966.204
2024-07-31,ORD046063,CUST00790,P019,Vacuum Cleaner,Home,Delhi,Online,Debit Card,1,9443.03,0.1,9443.03,8498.73,0,830.02,2024,7,July,Wednesday,9443.03,8498.727
2024-07-31,ORD012816,CUST04326,P002,Smartphone,Electronics,Kolkata,Store,Debit Card,1,29355.48,0.0,29355.48,29355.48,0,5220.36,2024,7,July,Wednesday,29355.48,29355.48
2024-07-31,ORD031540,CUST03909,P013,Monitor,Electronics,Pune,Store,Credit Card,1,17356.72,0.05,17356.72,16488.88,0,2100.24,2024,7,July,Wednesday,17356.72,16488.884000000002
2024-07-31,ORD042137,CUST01653,P001,Laptop,Electronics,Delhi,Store,UPI,2,59360.21,0.15,118720.42,100912.36,1,-5045.62,2024,7,July,Wednesday,118720.42,100912.35699999999
2024-07-31,ORD015990,CUST04186,P015,Dining Table,Furniture,Hyderabad,Online,Credit Card,1,23503.17,0.05,23503.17,22328.01,0,4260.17,2024,7,July,Wednesday,23503.17,22328.011499999997
2024-07-31,ORD011382,CUST02657,P017,Jeans,Fashion,Mumbai,Online,Cash,5,3019.67,0.05,15098.35,14343.43,0,2531.59,2024,7,July,Wednesday,15098.35,14343.432499999999
2024-07-31,ORD019742,CUST02138,P007,Backpack,Accessories,Pune,Store,Credit Card,1,2128.62,0.05,2128.62,2022.19,1,-101.11,2024,7,July,Wednesday,2128.62,2022.1889999999999
2024-07-31,ORD032879,CUST03491,P017,Jeans,Fashion,Bengaluru,Store,Credit Card,2,2885.8,0.2,5771.6,4617.28,0,1075.66,2024,7,July,Wednesday,5771.6,4617.280000000001
2024-07-31,ORD001421,CUST02109,P019,Vacuum Cleaner,Home,Mumbai,Online,UPI,1,9069.01,0.25,9069.01,6801.76,0,352.89,2024,7,July,Wednesday,9069.01,6801.7575
2024-07-31,ORD026215,CUST04148,P005,Office Chair,Furniture,Mumbai,Online,UPI,1,9185.93,0.1,9185.93,8267.34,0,562.04,2024,7,July,Wednesday,9185.93,8267.337000000001
2024-07-31,ORD014439,CUST04827,P009,T-Shirt,Fashion,Mumbai,Online,Credit Card,2,1226.5,0.1,2453.0,2207.7,0,219.14,2024,7,July,Wednesday,2453.0,2207.7000000000003
2024-07-31,ORD030296,CUST03621,P015,Dining Table,Furniture,Hyderabad,Store,UPI,1,22589.84,0.1,22589.84,20330.86,0,3959.8,2024,7,July,Wednesday,22589.84,20330.856
2024-07-31,ORD045038,CUST01858,P014,Keyboard,Electronics,Kolkata,Online,Debit Card,2,2743.4,0.0,5486.8,5486.8,0,1479.13,2024,7,July,Wednesday,5486.8,5486.8
2024-07-31,ORD045349,CUST04666,P004,Smartwatch,Electronics,Mumbai,Online,UPI,1,7160.38,0.1,7160.38,6444.34,0,1526.41,2024,7,July,Wednesday,7160.38,6444.342000000001
2024-07-31,ORD041074,CUST04764,P019,Vacuum Cleaner,Home,Delhi,Online,Credit Card,1,8806.21,0.1,8806.21,7925.59,0,1464.89,2024,7,July,Wednesday,8806.21,7925.588999999999
2024-07-31,ORD036008,CUST00584,P003,Headphones,Electronics,Kolkata,Online,UPI,1,4471.35,0.1,4471.35,4024.22,0,286.11,2024,7,July,Wednesday,4471.35,4024.2150000000006
2024-07-31,ORD002373,CUST02747,P014,Keyboard,Electronics,Ahmedabad,Online,UPI,2,2588.31,0.1,5176.62,4658.96,0,806.09,2024,7,July,Wednesday,5176.62,4658.958
2024-07-31,ORD018552,CUST02649,P010,Coffee Maker,Home,Mumbai,Online,Credit Card,1,5790.7,0.15,5790.7,4922.09,0,705.07,2024,7,July,Wednesday,5790.7,4922.094999999999
2024-07-31,ORD006835,CUST00403,P013,Monitor,Electronics,Bengaluru,Online,UPI,4,17219.53,0.05,68878.12,65434.21,1,-3271.71,2024,7,July,Wednesday,68878.12,65434.21399999999
2024-07-31,ORD034805,CUST01105,P007,Backpack,Accessories,Jaipur,Online,Credit Card,1,2354.8,0.05,2354.8,2237.06,0,585.27,2024,7,July,Wednesday,2354.8,2237.06
2024-07-31,ORD011976,CUST02497,P006,Desk,Furniture,Surat,Online,Debit Card,1,12224.56,0.1,12224.56,11002.1,0,1492.67,2024,7,July,Wednesday,12224.56,11002.104
2024-07-31,ORD015364,CUST00823,P010,Coffee Maker,Home,Pune,Online,Credit Card,4,5160.94,0.1,20643.76,18579.38,0,3315.33,2024,7,July,Wednesday,20643.76,18579.384
2024-07-31,ORD014712,CUST00854,P001,Laptop,Electronics,Delhi,Online,Credit Card,1,67604.96,0.15,67604.96,57464.22,0,11433.42,2024,7,July,Wednesday,67604.96,57464.216
2024-07-31,ORD000174,CUST02010,P006,Desk,Furniture,Bengaluru,Store,UPI,1,11129.06,0.15,11129.06,9459.7,0,920.85,2024,7,July,Wednesday,11129.06,9459.701
2024-07-31,ORD013866,CUST03566,P019,Vacuum Cleaner,Home,Hyderabad,Store,Credit Card,2,8933.7,0.1,17867.4,16080.66,0,1121.22,2024,7,July,Wednesday,17867.4,16080.660000000002
2024-07-31,ORD006853,CUST00976,P007,Backpack,Accessories,Mumbai,Online,UPI,1,2395.67,0.1,2395.67,2156.1,0,403.09,2024,7,July,Wednesday,2395.67,2156.103
2024-07-31,ORD041501,CUST00586,P004,Smartwatch,Electronics,Mumbai,Store,Cash,1,6689.62,0.0,6689.62,6689.62,0,1722.95,2024,7,July,Wednesday,6689.62,6689.62
2024-07-31,ORD001164,CUST03743,P007,Backpack,Accessories,Pune,Online,UPI,2,2225.73,0.1,4451.46,4006.31,0,436.04,2024,7,July,Wednesday,4451.46,4006.3140000000003
2024-07-31,ORD033310,CUST04935,P004,Smartwatch,Electronics,Jaipur,Online,UPI,1,6706.02,0.05,6706.02,6370.72,0,1446.81,2024,7,July,Wednesday,6706.02,6370.719
2024-07-31,ORD025087,CUST04051,P020,Microwave,Home,Bengaluru,Store,Credit Card,1,11820.3,0.0,11820.3,11820.3,0,2384.79,2024,7,July,Wednesday,11820.3,11820.3
2024-07-31,ORD003508,CUST02329,P002,Smartphone,Electronics,Jaipur,Online,Credit Card,2,30624.01,0.0,61248.02,61248.02,0,5810.3,2024,7,July,Wednesday,61248.02,61248.02
2024-07-31,ORD044373,CUST02662,P020,Microwave,Home,Ahmedabad,Online,Net Banking,1,11675.37,0.15,11675.37,9924.06,0,1478.49,2024,7,July,Wednesday,11675.37,9924.0645
2024-07-31,ORD001062,CUST00949,P017,Jeans,Fashion,Jaipur,Store,UPI,2,2940.29,0.0,5880.58,5880.58,0,1388.86,2024,7,July,Wednesday,5880.58,5880.58
2024-07-31,ORD020484,CUST04013,P015,Dining Table,Furniture,Hyderabad,Store,Net Banking,3,23159.42,0.1,69478.26,62530.43,0,7778.46,2024,7,July,Wednesday,69478.26,62530.433999999994
2024-07-31,ORD009900,CUST02562,P002,Smartphone,Electronics,Surat,Online,Cash,1,26832.69,0.0,26832.69,26832.69,0,6165.47,2024,7,July,Wednesday,26832.69,26832.69
2024-07-31,ORD039692,CUST01983,P011,Mixer Grinder,Home,Jaipur,Online,UPI,5,4366.33,0.05,21831.65,20740.07,0,3694.13,2024,7,July,Wednesday,21831.65,20740.0675
2024-07-31,ORD004427,CUST04366,P001,Laptop,Electronics,Kolkata,Online,Net Banking,1,71239.77,0.2,71239.77,56991.82,1,-2849.59,2024,7,July,Wednesday,71239.77,56991.816000000006
2024-07-31,ORD034404,CUST00703,P018,Jacket,Fashion,Mumbai,Online,Debit Card,5,5683.05,0.15,28415.25,24152.96,0,2864.75,2024,7,July,Wednesday,28415.25,24152.962499999998
2024-07-31,ORD039011,CUST03889,P012,Air Fryer,Home,Delhi,Online,Debit Card,3,7041.73,0.1,21125.19,19012.67,0,4264.65,2024,7,July,Wednesday,21125.19,19012.671
2024-07-31,ORD022650,CUST01727,P012,Air Fryer,Home,Pune,Online,Cash,1,6585.38,0.1,6585.38,5926.84,0,660.15,2024,7,July,Wednesday,6585.38,5926.842000000001
2024-07-31,ORD016885,CUST02891,P019,Vacuum Cleaner,Home,Kolkata,Online,Debit Card,1,8225.48,0.1,8225.48,7402.93,0,757.26,2024,7,July,Wednesday,8225.48,7402.932
2024-07-31,ORD037532,CUST01910,P019,Vacuum Cleaner,Home,Surat,Store,UPI,3,9855.94,0.05,29567.82,28089.43,0,7727.87,2024,7,July,Wednesday,29567.82,28089.429
2024-07-31,ORD034448,CUST00668,P016,Sofa,Furniture,Mumbai,Store,Debit Card,1,37903.6,0.15,37903.6,32218.06,0,6238.15,2024,7,July,Wednesday,37903.6,32218.059999999998
2024-07-31,ORD043111,CUST01340,P001,Laptop,Electronics,Chennai,Store,Credit Card,4,59953.82,0.15,239815.28,203842.99,0,27887.55,2024,7,July,Wednesday,239815.28,203842.98799999998
2024-07-31,ORD028588,CUST04318,P010,Coffee Maker,Home,Bengaluru,Store,Cash,1,5883.45,0.25,5883.45,4412.59,0,176.5,2024,7,July,Wednesday,5883.45,4412.5875
2024-07-31,ORD014634,CUST02079,P017,Jeans,Fashion,Hyderabad,Store,Cash,2,2977.38,0.25,5954.76,4466.07,0,998.78,2024,7,July,Wednesday,5954.76,4466.07
2024-07-31,ORD006726,CUST01849,P019,Vacuum Cleaner,Home,Kolkata,Store,UPI,1,9706.78,0.0,9706.78,9706.78,0,1300.93,2024,7,July,Wednesday,9706.78,9706.78
2024-07-31,ORD005539,CUST03709,P001,Laptop,Electronics,Kolkata,Online,UPI,1,71203.17,0.0,71203.17,71203.17,0,10635.22,2024,7,July,Wednesday,71203.17,71203.17
2024-07-31,ORD028411,CUST02944,P016,Sofa,Furniture,Pune,Online,UPI,1,32828.93,0.1,32828.93,29546.04,0,7153.79,2024,7,July,Wednesday,32828.93,29546.037
2024-07-31,ORD024829,CUST04318,P016,Sofa,Furniture,Chennai,Store,UPI,5,37569.09,0.05,187845.45,178453.18,0,45442.73,2024,7,July,Wednesday,187845.44999999998,178453.1775
2024-07-31,ORD039808,CUST03145,P003,Headphones,Electronics,Delhi,Online,Debit Card,2,4086.66,0.05,8173.32,7764.65,0,1938.85,2024,7,July,Wednesday,8173.32,7764.6539999999995
2024-07-31,ORD024783,CUST00539,P019,Vacuum Cleaner,Home,Delhi,Store,UPI,1,9380.98,0.25,9380.98,7035.74,0,1611.33,2024,7,July,Wednesday,9380.98,7035.735
2024-07-31,ORD011914,CUST04084,P012,Air Fryer,Home,Mumbai,Online,Credit Card,1,7433.25,0.05,7433.25,7061.59,0,1554.32,2024,7,July,Wednesday,7433.25,7061.5875
2024-07-31,ORD035152,CUST02964,P010,Coffee Maker,Home,Kolkata,Online,UPI,4,5994.94,0.05,23979.76,22780.77,0,6391.41,2024,7,July,Wednesday,23979.76,22780.771999999997
2024-07-31,ORD005011,CUST04280,P004,Smartwatch,Electronics,Hyderabad,Online,Debit Card,1,6916.5,0.1,6916.5,6224.85,0,571.51,2024,7,July,Wednesday,6916.5,6224.85
2024-07-31,ORD006308,CUST02147,P012,Air Fryer,Home,Bengaluru,Store,Credit Card,2,7156.05,0.05,14312.1,13596.5,0,2215.43,2024,7,July,Wednesday,14312.1,13596.494999999999
2024-07-31,ORD049169,CUST02293,P014,Keyboard,Electronics,Surat,Online,Net Banking,1,2538.79,0.05,2538.79,2411.85,0,610.9,2024,7,July,Wednesday,2538.79,2411.8505
2024-07-31,ORD009837,CUST02821,P017,Jeans,Fashion,Hyderabad,Online,Debit Card,1,2996.21,0.1,2996.21,2696.59,0,428.93,2024,7,July,Wednesday,2996.21,2696.589
2024-07-31,ORD036686,CUST03154,P017,Jeans,Fashion,Chennai,Store,Credit Card,1,2846.88,0.15,2846.88,2419.85,0,526.8,2024,7,July,Wednesday,2846.88,2419.848
2024-07-31,ORD004272,CUST04884,P011,Mixer Grinder,Home,Kolkata,Online,UPI,1,4685.09,0.0,4685.09,4685.09,0,1134.26,2024,7,July,Wednesday,4685.09,4685.09
2024-07-31,ORD029140,CUST04661,P009,T-Shirt,Fashion,Delhi,Store,UPI,1,1311.77,0.1,1311.77,1180.59,0,309.22,2024,7,July,Wednesday,1311.77,1180.593
2024-08-01,ORD049023,CUST02426,P019,Vacuum Cleaner,Home,Ahmedabad,Online,Net Banking,4,9200.39,0.0,36801.56,36801.56,1,-1840.08,2024,8,August,Thursday,36801.56,36801.56
2024-08-01,ORD023656,CUST02560,P011,Mixer Grinder,Home,Surat,Online,UPI,2,5170.57,0.05,10341.14,9824.08,0,1826.25,2024,8,August,Thursday,10341.14,9824.082999999999
2024-08-01,ORD011243,CUST01293,P018,Jacket,Fashion,Delhi,Online,Debit Card,1,4706.05,0.0,4706.05,4706.05,0,539.24,2024,8,August,Thursday,4706.05,4706.05
2024-08-01,ORD033343,CUST04160,P008,Running Shoes,Fashion,Pune,Store,UPI,1,4500.64,0.15,4500.64,3825.54,0,786.09,2024,8,August,Thursday,4500.64,3825.5440000000003
2024-08-01,ORD022034,CUST04636,P007,Backpack,Accessories,Jaipur,Store,Credit Card,3,2417.08,0.05,7251.24,6888.68,0,782.78,2024,8,August,Thursday,7251.24,6888.678
2024-08-01,ORD049627,CUST03884,P019,Vacuum Cleaner,Home,Mumbai,Online,Debit Card,1,8902.13,0.2,8902.13,7121.7,0,1223.75,2024,8,August,Thursday,8902.13,7121.704
2024-08-01,ORD018265,CUST04264,P018,Jacket,Fashion,Delhi,Online,UPI,1,4807.44,0.15,4807.44,4086.32,0,933.02,2024,8,August,Thursday,4807.44,4086.3239999999996
2024-08-01,ORD030312,CUST02802,P001,Laptop,Electronics,Surat,Online,UPI,4,62900.26,0.15,251601.04,213860.88,0,23514.79,2024,8,August,Thursday,251601.04,213860.884
2024-08-01,ORD012016,CUST02901,P004,Smartwatch,Electronics,Jaipur,Online,UPI,1,6994.33,0.1,6994.33,6294.9,0,664.95,2024,8,August,Thursday,6994.33,6294.897
2024-08-01,ORD021846,CUST02533,P004,Smartwatch,Electronics,Mumbai,Online,UPI,2,7671.25,0.05,15342.5,14575.38,0,2740.88,2024,8,August,Thursday,15342.5,14575.375
2024-08-01,ORD029806,CUST02799,P020,Microwave,Home,Mumbai,Online,UPI,1,10228.81,0.0,10228.81,10228.81,0,2159.06,2024,8,August,Thursday,10228.81,10228.81
2024-08-01,ORD043028,CUST04315,P007,Backpack,Accessories,Jaipur,Online,Credit Card,1,2374.85,0.0,2374.85,2374.85,0,612.31,2024,8,August,Thursday,2374.85,2374.85
2024-08-01,ORD015405,CUST03401,P004,Smartwatch,Electronics,Kolkata,Online,Debit Card,4,7615.93,0.05,30463.72,28940.53,0,8347.92,2024,8,August,Thursday,30463.72,28940.534
2024-08-01,ORD046317,CUST03794,P008,Running Shoes,Fashion,Mumbai,Online,Cash,2,4203.66,0.0,8407.32,8407.32,0,2314.4,2024,8,August,Thursday,8407.32,8407.32
2024-08-01,ORD011214,CUST01727,P005,Office Chair,Furniture,Pune,Online,UPI,2,10406.66,0.1,20813.32,18731.99,0,2313.19,2024,8,August,Thursday,20813.32,18731.988
2024-08-01,ORD025070,CUST03245,P020,Microwave,Home,Ahmedabad,Store,UPI,4,11408.78,0.05,45635.12,43353.36,0,11281.71,2024,8,August,Thursday,45635.12,43353.364
2024-08-01,ORD002997,CUST00291,P013,Monitor,Electronics,Surat,Store,Cash,1,17223.57,0.0,17223.57,17223.57,0,4765.27,2024,8,August,Thursday,17223.57,17223.57
2024-08-01,ORD029397,CUST02107,P003,Headphones,Electronics,Kolkata,Store,UPI,4,4328.28,0.15,17313.12,14716.15,1,-735.81,2024,8,August,Thursday,17313.12,14716.151999999998
2024-08-01,ORD021979,CUST02323,P001,Laptop,Electronics,Mumbai,Online,UPI,3,65553.47,0.1,196660.41,176994.37,0,44097.18,2024,8,August,Thursday,196660.41,176994.369
2024-08-01,ORD019333,CUST02644,P007,Backpack,Accessories,Pune,Online,Cash,2,2361.3,0.1,4722.6,4250.34,0,606.93,2024,8,August,Thursday,4722.6,4250.34
2024-08-01,ORD038003,CUST01631,P019,Vacuum Cleaner,Home,Kolkata,Store,Net Banking,1,9334.63,0.1,9334.63,8401.17,0,1644.51,2024,8,August,Thursday,9334.63,8401.167
2024-08-01,ORD018958,CUST03269,P007,Backpack,Accessories,Ahmedabad,Online,Net Banking,1,2202.37,0.1,2202.37,1982.13,0,463.22,2024,8,August,Thursday,2202.37,1982.133
2024-08-01,ORD006554,CUST02155,P006,Desk,Furniture,Delhi,Online,Credit Card,1,11413.84,0.05,11413.84,10843.15,0,1002.16,2024,8,August,Thursday,11413.84,10843.148
2024-08-01,ORD049370,CUST01355,P003,Headphones,Electronics,Delhi,Online,Credit Card,4,4490.09,0.05,17960.36,17062.34,0,2315.21,2024,8,August,Thursday,17960.36,17062.342
2024-08-01,ORD013961,CUST00783,P007,Backpack,Accessories,Ahmedabad,Online,Net Banking,1,2184.56,0.15,2184.56,1856.88,0,444.22,2024,8,August,Thursday,2184.56,1856.876
2024-08-01,ORD047930,CUST01429,P002,Smartphone,Electronics,Hyderabad,Online,Net Banking,1,27620.59,0.15,27620.59,23477.5,0,2965.15,2024,8,August,Thursday,27620.59,23477.5015
2024-08-01,ORD002525,CUST02976,P006,Desk,Furniture,Jaipur,Store,Credit Card,1,11721.03,0.0,11721.03,11721.03,0,1410.06,2024,8,August,Thursday,11721.03,11721.03
2024-08-01,ORD007290,CUST00240,P019,Vacuum Cleaner,Home,Bengaluru,Store,Cash,2,9609.94,0.05,19219.88,18258.89,0,5080.93,2024,8,August,Thursday,19219.88,18258.886
2024-08-01,ORD025122,CUST03546,P012,Air Fryer,Home,Pune,Online,UPI,3,6785.49,0.1,20356.47,18320.82,0,4004.1,2024,8,August,Thursday,20356.47,18320.823
2024-08-01,ORD032199,CUST01946,P016,Sofa,Furniture,Pune,Online,UPI,1,38080.83,0.05,38080.83,36176.79,0,3745.05,2024,8,August,Thursday,38080.83,36176.7885
2024-08-01,ORD021224,CUST02590,P011,Mixer Grinder,Home,Delhi,Online,UPI,1,4363.63,0.2,4363.63,3490.9,0,786.52,2024,8,August,Thursday,4363.63,3490.9040000000005
2024-08-01,ORD020319,CUST00678,P018,Jacket,Fashion,Bengaluru,Online,Credit Card,3,5000.6,0.25,15001.8,11251.35,0,752.38,2024,8,August,Thursday,15001.800000000001,11251.349999999999
2024-08-01,ORD048283,CUST04354,P006,Desk,Furniture,Jaipur,Store,Cash,1,12150.58,0.0,12150.58,12150.58,0,1814.22,2024,8,August,Thursday,12150.58,12150.58
2024-08-01,ORD004248,CUST01584,P006,Desk,Furniture,Hyderabad,Store,UPI,2,11463.4,0.2,22926.8,18341.44,0,3547.26,2024,8,August,Thursday,22926.8,18341.44
2024-08-01,ORD034363,CUST02226,P006,Desk,Furniture,Delhi,Online,UPI,2,12326.84,0.1,24653.68,22188.31,0,1794.17,2024,8,August,Thursday,24653.68,22188.312
2024-08-01,ORD038983,CUST04713,P003,Headphones,Electronics,Ahmedabad,Store,UPI,3,4728.72,0.05,14186.16,13476.85,0,2793.85,2024,8,August,Thursday,14186.16,13476.851999999999
2024-08-01,ORD006743,CUST00035,P005,Office Chair,Furniture,Chennai,Store,UPI,4,9019.32,0.0,36077.28,36077.28,0,6338.73,2024,8,August,Thursday,36077.28,36077.28
2024-08-01,ORD032658,CUST02825,P020,Microwave,Home,Chennai,Online,Credit Card,3,10069.7,0.0,30209.1,30209.1,0,8537.72,2024,8,August,Thursday,30209.100000000002,30209.1
2024-08-01,ORD010624,CUST03943,P011,Mixer Grinder,Home,Pune,Store,Net Banking,5,4872.35,0.1,24361.75,21925.58,0,1394.97,2024,8,August,Thursday,24361.75,21925.575
2024-08-01,ORD004543,CUST04699,P014,Keyboard,Electronics,Pune,Online,Cash,2,2488.58,0.0,4977.16,4977.16,0,1146.42,2024,8,August,Thursday,4977.16,4977.16
2024-08-01,ORD044940,CUST01156,P018,Jacket,Fashion,Mumbai,Store,UPI,3,5564.96,0.05,16694.88,15860.14,0,2383.78,2024,8,August,Thursday,16694.88,15860.136
2024-08-01,ORD039200,CUST01068,P018,Jacket,Fashion,Surat,Online,UPI,2,5234.92,0.1,10469.84,9422.86,0,2195.41,2024,8,August,Thursday,10469.84,9422.856
2024-08-01,ORD032550,CUST04240,P004,Smartwatch,Electronics,Hyderabad,Online,Credit Card,3,6934.04,0.0,20802.12,20802.12,0,4691.9,2024,8,August,Thursday,20802.12,20802.12
2024-08-01,ORD010000,CUST00446,P014,Keyboard,Electronics,Hyderabad,Online,Credit Card,1,2676.91,0.15,2676.91,2275.37,0,326.62,2024,8,August,Thursday,2676.91,2275.3734999999997
2024-08-01,ORD039861,CUST03772,P014,Keyboard,Electronics,Chennai,Store,UPI,4,2635.87,0.1,10543.48,9489.13,0,1781.24,2024,8,August,Thursday,10543.48,9489.132
2024-08-01,ORD022557,CUST00807,P011,Mixer Grinder,Home,Hyderabad,Online,Credit Card,1,5140.04,0.05,5140.04,4883.04,0,518.63,2024,8,August,Thursday,5140.04,4883.038
2024-08-01,ORD049107,CUST01066,P019,Vacuum Cleaner,Home,Ahmedabad,Store,Credit Card,2,9851.35,0.25,19702.7,14777.03,0,1663.43,2024,8,August,Thursday,19702.7,14777.025000000001
2024-08-01,ORD002567,CUST04944,P002,Smartphone,Electronics,Bengaluru,Store,Cash,1,26452.62,0.1,26452.62,23807.36,0,6565.55,2024,8,August,Thursday,26452.62,23807.358
2024-08-01,ORD034899,CUST01918,P010,Coffee Maker,Home,Delhi,Online,UPI,2,5275.63,0.1,10551.26,9496.13,0,2334.89,2024,8,August,Thursday,10551.26,9496.134
2024-08-01,ORD041434,CUST02463,P018,Jacket,Fashion,Kolkata,Online,UPI,1,4783.19,0.05,4783.19,4544.03,0,665.96,2024,8,August,Thursday,4783.19,4544.0305
2024-08-01,ORD034261,CUST01190,P016,Sofa,Furniture,Chennai,Store,Cash,3,38234.65,0.15,114703.95,97498.36,1,-4874.92,2024,8,August,Thursday,114703.95000000001,97498.3575
2024-08-01,ORD008997,CUST02568,P004,Smartwatch,Electronics,Jaipur,Online,UPI,1,6603.17,0.0,6603.17,6603.17,0,1435.49,2024,8,August,Thursday,6603.17,6603.17
2024-08-01,ORD033076,CUST00654,P020,Microwave,Home,Chennai,Store,UPI,1,9950.43,0.1,9950.43,8955.39,0,763.88,2024,8,August,Thursday,9950.43,8955.387
2024-08-01,ORD038593,CUST04337,P010,Coffee Maker,Home,Ahmedabad,Online,Net Banking,1,5123.68,0.05,5123.68,4867.5,0,368.64,2024,8,August,Thursday,5123.68,4867.496
2024-08-01,ORD027516,CUST04704,P014,Keyboard,Electronics,Jaipur,Online,Net Banking,1,2360.95,0.1,2360.95,2124.86,0,446.62,2024,8,August,Thursday,2360.95,2124.855
2024-08-01,ORD033897,CUST03845,P013,Monitor,Electronics,Chennai,Online,UPI,1,16221.31,0.05,16221.31,15410.24,0,2043.4,2024,8,August,Thursday,16221.31,15410.244499999999
2024-08-01,ORD048295,CUST03190,P006,Desk,Furniture,Kolkata,Store,Cash,2,11172.03,0.1,22344.06,20109.65,0,1741.24,2024,8,August,Thursday,22344.06,20109.654000000002
2024-08-01,ORD026939,CUST01513,P010,Coffee Maker,Home,Delhi,Online,Credit Card,3,5219.1,0.2,15657.3,12525.84,0,2840.65,2024,8,August,Thursday,15657.300000000001,12525.84
2024-08-01,ORD026038,CUST02586,P003,Headphones,Electronics,Delhi,Store,Credit Card,2,4068.76,0.1,8137.52,7323.77,0,1296.41,2024,8,August,Thursday,8137.52,7323.768000000001
2024-08-01,ORD013784,CUST00370,P008,Running Shoes,Fashion,Jaipur,Store,UPI,2,4360.82,0.0,8721.64,8721.64,0,1768.56,2024,8,August,Thursday,8721.64,8721.64
2024-08-01,ORD023177,CUST03679,P011,Mixer Grinder,Home,Ahmedabad,Online,Cash,1,4543.17,0.0,4543.17,4543.17,0,401.96,2024,8,August,Thursday,4543.17,4543.17
2024-08-01,ORD010128,CUST01165,P008,Running Shoes,Fashion,Kolkata,Online,Debit Card,2,3866.08,0.1,7732.16,6958.94,0,1463.02,2024,8,August,Thursday,7732.16,6958.944
2024-08-01,ORD027198,CUST02126,P020,Microwave,Home,Mumbai,Online,Debit Card,1,11490.32,0.15,11490.32,9766.77,0,682.95,2024,8,August,Thursday,11490.32,9766.771999999999
2024-08-01,ORD006474,CUST03728,P014,Keyboard,Electronics,Hyderabad,Online,UPI,4,2593.11,0.0,10372.44,10372.44,0,1674.64,2024,8,August,Thursday,10372.44,10372.44
2024-08-01,ORD034304,CUST02259,P010,Coffee Maker,Home,Kolkata,Store,Credit Card,2,5187.17,0.05,10374.34,9855.62,0,2854.27,2024,8,August,Thursday,10374.34,9855.623
2024-08-01,ORD010083,CUST03848,P018,Jacket,Fashion,Pune,Store,Credit Card,3,4799.97,0.15,14399.91,12239.92,0,692.22,2024,8,August,Thursday,14399.91,12239.923499999999
2024-08-01,ORD036442,CUST01214,P007,Backpack,Accessories,Delhi,Store,UPI,1,2387.41,0.0,2387.41,2387.41,0,272.26,2024,8,August,Thursday,2387.41,2387.41
2024-08-01,ORD023682,CUST04104,P003,Headphones,Electronics,Pune,Online,Credit Card,1,4080.09,0.15,4080.09,3468.08,0,502.93,2024,8,August,Thursday,4080.09,3468.0765
2024-08-02,ORD033659,CUST02396,P012,Air Fryer,Home,Hyderabad,Store,Cash,1,7736.84,0.05,7736.84,7350.0,0,1003.34,2024,8,August,Friday,7736.84,7349.998
2024-08-02,ORD048242,CUST04815,P016,Sofa,Furniture,Bengaluru,Online,Debit Card,2,33780.23,0.1,67560.46,60804.41,0,5110.25,2024,8,August,Friday,67560.46,60804.414000000004
2024-08-02,ORD035523,CUST04691,P006,Desk,Furniture,Jaipur,Online,Net Banking,1,12956.34,0.2,12956.34,10365.07,1,-518.25,2024,8,August,Friday,12956.34,10365.072
2024-08-02,ORD029197,CUST03823,P014,Keyboard,Electronics,Ahmedabad,Online,Credit Card,4,2528.84,0.1,10115.36,9103.82,0,1006.47,2024,8,August,Friday,10115.36,9103.824
2024-08-02,ORD047654,CUST01753,P010,Coffee Maker,Home,Hyderabad,Store,Credit Card,5,5397.24,0.1,26986.2,24287.58,0,5532.14,2024,8,August,Friday,26986.199999999997,24287.58
2024-08-02,ORD015289,CUST02640,P004,Smartwatch,Electronics,Ahmedabad,Online,Credit Card,4,6958.94,0.15,27835.76,23660.4,0,5887.81,2024,8,August,Friday,27835.76,23660.395999999997
2024-08-02,ORD025923,CUST00634,P019,Vacuum Cleaner,Home,Pune,Online,Credit Card,1,8314.35,0.15,8314.35,7067.2,0,392.63,2024,8,August,Friday,8314.35,7067.1975
2024-08-02,ORD049743,CUST02639,P013,Monitor,Electronics,Bengaluru,Store,Credit Card,1,18428.14,0.0,18428.14,18428.14,1,-921.41,2024,8,August,Friday,18428.14,18428.14
2024-08-02,ORD016182,CUST03520,P018,Jacket,Fashion,Delhi,Store,Net Banking,2,5166.52,0.15,10333.04,8783.08,0,634.25,2024,8,August,Friday,10333.04,8783.084
2024-08-02,ORD047901,CUST03284,P015,Dining Table,Furniture,Surat,Store,UPI,1,21443.2,0.05,21443.2,20371.04,0,1939.4,2024,8,August,Friday,21443.2,20371.04
2024-08-02,ORD026530,CUST04697,P015,Dining Table,Furniture,Chennai,Online,Cash,1,21513.52,0.05,21513.52,20437.84,0,2223.27,2024,8,August,Friday,21513.52,20437.844
2024-08-02,ORD022863,CUST03585,P002,Smartphone,Electronics,Bengaluru,Online,UPI,1,25267.12,0.15,25267.12,21477.05,0,1279.08,2024,8,August,Friday,25267.12,21477.052
2024-08-02,ORD021195,CUST02573,P009,T-Shirt,Fashion,Kolkata,Store,UPI,2,1219.3,0.0,2438.6,2438.6,0,406.67,2024,8,August,Friday,2438.6,2438.6
2024-08-02,ORD026738,CUST02644,P008,Running Shoes,Fashion,Bengaluru,Online,Credit Card,1,4527.28,0.25,4527.28,3395.46,0,768.25,2024,8,August,Friday,4527.28,3395.46
2024-08-02,ORD032011,CUST00913,P011,Mixer Grinder,Home,Delhi,Store,UPI,2,4535.43,0.1,9070.86,8163.77,0,1153.12,2024,8,August,Friday,9070.86,8163.774
2024-08-02,ORD026832,CUST00473,P020,Microwave,Home,Delhi,Online,Credit Card,1,10132.51,0.25,10132.51,7599.38,0,1158.66,2024,8,August,Friday,10132.51,7599.3825
2024-08-02,ORD016333,CUST02096,P014,Keyboard,Electronics,Jaipur,Online,Cash,1,2699.44,0.05,2699.44,2564.47,0,327.27,2024,8,August,Friday,2699.44,2564.468
2024-08-02,ORD036443,CUST03697,P002,Smartphone,Electronics,Pune,Store,Credit Card,1,29952.83,0.05,29952.83,28455.19,0,4419.32,2024,8,August,Friday,29952.83,28455.1885
2024-08-02,ORD026137,CUST02935,P007,Backpack,Accessories,Mumbai,Online,Credit Card,1,2384.67,0.1,2384.67,2146.2,0,386.62,2024,8,August,Friday,2384.67,2146.203
2024-08-02,ORD031485,CUST02788,P017,Jeans,Fashion,Kolkata,Online,UPI,1,2865.07,0.0,2865.07,2865.07,0,359.5,2024,8,August,Friday,2865.07,2865.07
2024-08-02,ORD041020,CUST04202,P006,Desk,Furniture,Chennai,Store,UPI,1,11024.01,0.05,11024.01,10472.81,0,2180.79,2024,8,August,Friday,11024.01,10472.8095
2024-08-02,ORD021378,CUST01886,P007,Backpack,Accessories,Kolkata,Online,Credit Card,1,1983.47,0.0,1983.47,1983.47,0,430.04,2024,8,August,Friday,1983.47,1983.47
2024-08-02,ORD035795,CUST00321,P015,Dining Table,Furniture,Ahmedabad,Store,Debit Card,3,22480.96,0.0,67442.88,67442.88,0,15522.9,2024,8,August,Friday,67442.88,67442.88
2024-08-02,ORD031198,CUST04960,P004,Smartwatch,Electronics,Kolkata,Store,UPI,1,6541.18,0.0,6541.18,6541.18,0,790.5,2024,8,August,Friday,6541.18,6541.18
2024-08-02,ORD038623,CUST03626,P007,Backpack,Accessories,Surat,Store,UPI,2,2089.24,0.0,4178.48,4178.48,0,718.24,2024,8,August,Friday,4178.48,4178.48
2024-08-02,ORD041175,CUST04412,P009,T-Shirt,Fashion,Kolkata,Online,Credit Card,1,1109.53,0.0,1109.53,1109.53,0,306.85,2024,8,August,Friday,1109.53,1109.53
2024-08-02,ORD041232,CUST02164,P012,Air Fryer,Home,Hyderabad,Online,UPI,4,6991.49,0.15,27965.96,23771.07,0,6109.21,2024,8,August,Friday,27965.96,23771.066
2024-08-02,ORD041449,CUST04112,P010,Coffee Maker,Home,Jaipur,Online,UPI,1,5602.13,0.0,5602.13,5602.13,0,1255.85,2024,8,August,Friday,5602.13,5602.13
2024-08-02,ORD015018,CUST00966,P004,Smartwatch,Electronics,Hyderabad,Online,Credit Card,1,6306.7,0.15,6306.7,5360.7,0,690.64,2024,8,August,Friday,6306.7,5360.695
2024-08-02,ORD018720,CUST04141,P009,T-Shirt,Fashion,Pune,Store,UPI,1,1254.16,0.25,1254.16,940.62,0,160.13,2024,8,August,Friday,1254.16,940.6200000000001
2024-08-02,ORD018604,CUST04625,P018,Jacket,Fashion,Kolkata,Online,UPI,4,4846.4,0.1,19385.6,17447.04,0,4190.4,2024,8,August,Friday,19385.6,17447.04
2024-08-02,ORD027928,CUST04223,P015,Dining Table,Furniture,Ahmedabad,Online,Debit Card,2,20161.36,0.1,40322.72,36290.45,0,6515.99,2024,8,August,Friday,40322.72,36290.448000000004
2024-08-02,ORD018345,CUST03870,P006,Desk,Furniture,Pune,Store,Net Banking,1,11587.78,0.05,11587.78,11008.39,1,-550.42,2024,8,August,Friday,11587.78,11008.391
2024-08-02,ORD018168,CUST00438,P020,Microwave,Home,Bengaluru,Online,UPI,1,11996.95,0.0,11996.95,11996.95,0,2830.26,2024,8,August,Friday,11996.95,11996.95
2024-08-02,ORD021859,CUST01639,P012,Air Fryer,Home,Pune,Store,UPI,1,6894.18,0.2,6894.18,5515.34,0,1266.6,2024,8,August,Friday,6894.18,5515.344000000001
2024-08-02,ORD021978,CUST02024,P010,Coffee Maker,Home,Bengaluru,Online,Debit Card,2,5343.45,0.1,10686.9,9618.21,0,2687.41,2024,8,August,Friday,10686.9,9618.21
2024-08-02,ORD042812,CUST04349,P005,Office Chair,Furniture,Hyderabad,Online,Cash,2,10238.09,0.25,20476.18,15357.14,0,2724.55,2024,8,August,Friday,20476.18,15357.135
2024-08-02,ORD047592,CUST03158,P010,Coffee Maker,Home,Surat,Online,UPI,1,5578.84,0.0,5578.84,5578.84,0,1649.82,2024,8,August,Friday,5578.84,5578.84
2024-08-02,ORD038627,CUST02478,P003,Headphones,Electronics,Pune,Online,UPI,1,4255.91,0.05,4255.91,4043.11,0,429.59,2024,8,August,Friday,4255.91,4043.1144999999997
2024-08-02,ORD031630,CUST04104,P005,Office Chair,Furniture,Chennai,Online,UPI,1,9781.51,0.2,9781.51,7825.21,0,1054.87,2024,8,August,Friday,9781.51,7825.2080000000005
2024-08-02,ORD000001,CUST04427,P007,Backpack,Accessories,Kolkata,Online,UPI,2,2323.06,0.0,4646.12,4646.12,0,827.4,2024,8,August,Friday,4646.12,4646.12
2024-08-02,ORD006104,CUST00415,P001,Laptop,Electronics,Mumbai,Online,UPI,1,61485.06,0.2,61485.06,49188.05,0,12241.65,2024,8,August,Friday,61485.06,49188.048
2024-08-02,ORD001123,CUST00399,P002,Smartphone,Electronics,Surat,Store,UPI,1,28854.15,0.0,28854.15,28854.15,0,7309.63,2024,8,August,Friday,28854.15,28854.15
2024-08-02,ORD005423,CUST00744,P015,Dining Table,Furniture,Hyderabad,Store,Credit Card,1,20393.87,0.15,20393.87,17334.79,1,-866.74,2024,8,August,Friday,20393.87,17334.7895
2024-08-02,ORD004045,CUST01173,P001,Laptop,Electronics,Kolkata,Online,Credit Card,1,66378.22,0.0,66378.22,66378.22,0,8166.54,2024,8,August,Friday,66378.22,66378.22
2024-08-02,ORD000514,CUST03020,P019,Vacuum Cleaner,Home,Bengaluru,Store,Credit Card,1,9753.34,0.25,9753.34,7315.0,0,764.7,2024,8,August,Friday,9753.34,7315.005
2024-08-02,ORD009814,CUST03357,P009,T-Shirt,Fashion,Kolkata,Online,UPI,1,1296.47,0.05,1296.47,1231.65,0,276.59,2024,8,August,Friday,1296.47,1231.6465
2024-08-02,ORD009385,CUST03680,P004,Smartwatch,Electronics,Kolkata,Store,Debit Card,1,7284.8,0.0,7284.8,7284.8,0,601.6,2024,8,August,Friday,7284.8,7284.8
2024-08-02,ORD001950,CUST04090,P007,Backpack,Accessories,Surat,Online,Credit Card,4,2414.94,0.0,9659.76,9659.76,0,1878.69,2024,8,August,Friday,9659.76,9659.76
2024-08-02,ORD002332,CUST02781,P001,Laptop,Electronics,Bengaluru,Store,UPI,1,67211.39,0.25,67211.39,50408.54,0,2832.01,2024,8,August,Friday,67211.39,50408.542499999996
2024-08-02,ORD003230,CUST02628,P003,Headphones,Electronics,Kolkata,Store,UPI,1,4503.45,0.0,4503.45,4503.45,0,832.31,2024,8,August,Friday,4503.45,4503.45
2024-08-02,ORD003300,CUST04081,P015,Dining Table,Furniture,Surat,Online,Credit Card,1,20970.16,0.0,20970.16,20970.16,0,3568.75,2024,8,August,Friday,20970.16,20970.16
2024-08-02,ORD005617,CUST02034,P016,Sofa,Furniture,Hyderabad,Online,Credit Card,1,38265.22,0.2,38265.22,30612.18,0,2373.07,2024,8,August,Friday,38265.22,30612.176000000003
2024-08-02,ORD013107,CUST00675,P002,Smartphone,Electronics,Surat,Store,UPI,1,26117.94,0.05,26117.94,24812.04,0,4772.12,2024,8,August,Friday,26117.94,24812.042999999998
2024-08-02,ORD002851,CUST01354,P012,Air Fryer,Home,Bengaluru,Online,Credit Card,2,7143.01,0.05,14286.02,13571.72,0,3604.4,2024,8,August,Friday,14286.02,13571.719
2024-08-02,ORD000591,CUST03230,P008,Running Shoes,Fashion,Delhi,Online,Net Banking,1,4463.52,0.05,4463.52,4240.34,0,802.47,2024,8,August,Friday,4463.52,4240.344
2024-08-02,ORD004230,CUST00996,P001,Laptop,Electronics,Kolkata,Online,UPI,1,67768.53,0.0,67768.53,67768.53,0,18687.89,2024,8,August,Friday,67768.53,67768.53
2024-08-02,ORD003822,CUST03430,P020,Microwave,Home,Pune,Online,Credit Card,1,10737.82,0.0,10737.82,10737.82,0,2077.03,2024,8,August,Friday,10737.82,10737.82
2024-08-02,ORD003135,CUST02682,P005,Office Chair,Furniture,Hyderabad,Online,UPI,1,10229.91,0.0,10229.91,10229.91,0,1805.86,2024,8,August,Friday,10229.91,10229.91
2024-08-02,ORD009813,CUST02367,P019,Vacuum Cleaner,Home,Chennai,Online,UPI,1,9057.55,0.1,9057.55,8151.79,0,493.72,2024,8,August,Friday,9057.55,8151.794999999999
2024-08-02,ORD009173,CUST03576,P001,Laptop,Electronics,Delhi,Store,UPI,1,69435.43,0.1,69435.43,62491.89,0,5208.0,2024,8,August,Friday,69435.43,62491.886999999995
2024-08-02,ORD000517,CUST00898,P017,Jeans,Fashion,Ahmedabad,Store,Credit Card,1,2563.39,0.15,2563.39,2178.88,0,389.51,2024,8,August,Friday,2563.39,2178.8815
2024-08-02,ORD010362,CUST04905,P007,Backpack,Accessories,Kolkata,Online,Credit Card,1,2257.61,0.1,2257.61,2031.85,0,172.35,2024,8,August,Friday,2257.61,2031.8490000000002
2024-08-02,ORD001278,CUST01334,P001,Laptop,Electronics,Kolkata,Store,UPI,2,62312.46,0.0,124624.92,124624.92,0,14678.43,2024,8,August,Friday,124624.92,124624.92
2024-08-03,ORD013885,CUST01352,P008,Running Shoes,Fashion,Mumbai,Store,Credit Card,1,3804.17,0.2,3804.17,3043.34,0,132.37,2024,8,August,Saturday,3804.17,3043.3360000000002
2024-08-03,ORD040423,CUST02751,P013,Monitor,Electronics,Ahmedabad,Online,UPI,1,17528.41,0.15,17528.41,14899.15,0,2893.59,2024,8,August,Saturday,17528.41,14899.1485
2024-08-03,ORD015643,CUST03272,P015,Dining Table,Furniture,Mumbai,Online,Debit Card,1,22956.83,0.1,22956.83,20661.15,0,5060.44,2024,8,August,Saturday,22956.83,20661.147
2024-08-03,ORD024646,CUST04666,P004,Smartwatch,Electronics,Jaipur,Online,UPI,1,6953.63,0.2,6953.63,5562.9,0,841.32,2024,8,August,Saturday,6953.63,5562.904
2024-08-03,ORD001261,CUST04198,P001,Laptop,Electronics,Hyderabad,Online,Debit Card,1,59186.72,0.1,59186.72,53268.05,0,12863.61,2024,8,August,Saturday,59186.72,53268.048
2024-08-03,ORD014691,CUST02894,P013,Monitor,Electronics,Hyderabad,Store,UPI,1,19174.92,0.15,19174.92,16298.68,0,4312.19,2024,8,August,Saturday,19174.92,16298.681999999999
2024-08-03,ORD014287,CUST04898,P012,Air Fryer,Home,Pune,Online,UPI,4,7130.19,0.2,28520.76,22816.61,0,2578.01,2024,8,August,Saturday,28520.76,22816.608
2024-08-03,ORD040476,CUST01751,P013,Monitor,Electronics,Hyderabad,Store,UPI,1,17580.39,0.1,17580.39,15822.35,0,1365.03,2024,8,August,Saturday,17580.39,15822.351
2024-08-03,ORD022005,CUST02746,P011,Mixer Grinder,Home,Pune,Online,UPI,2,4687.79,0.0,9375.58,9375.58,0,1499.74,2024,8,August,Saturday,9375.58,9375.58
2024-08-03,ORD012314,CUST03337,P013,Monitor,Electronics,Hyderabad,Online,Cash,1,17669.15,0.15,17669.15,15018.78,0,2647.96,2024,8,August,Saturday,17669.15,15018.7775
2024-08-03,ORD040367,CUST01532,P020,Microwave,Home,Pune,Online,Credit Card,1,11302.78,0.0,11302.78,11302.78,0,1381.95,2024,8,August,Saturday,11302.78,11302.78
2024-08-03,ORD022843,CUST02335,P003,Headphones,Electronics,Hyderabad,Online,UPI,2,4405.87,0.1,8811.74,7930.57,0,1075.29,2024,8,August,Saturday,8811.74,7930.566
2024-08-03,ORD017117,CUST00662,P018,Jacket,Fashion,Bengaluru,Online,UPI,1,5358.14,0.0,5358.14,5358.14,0,443.81,2024,8,August,Saturday,5358.14,5358.14
2024-08-03,ORD027585,CUST01585,P016,Sofa,Furniture,Mumbai,Online,UPI,1,35647.24,0.0,35647.24,35647.24,0,4603.12,2024,8,August,Saturday,35647.24,35647.24
2024-08-03,ORD006794,CUST01248,P017,Jeans,Fashion,Delhi,Online,UPI,2,2879.43,0.15,5758.86,4895.03,0,1311.94,2024,8,August,Saturday,5758.86,4895.031
2024-08-03,ORD002802,CUST02992,P019,Vacuum Cleaner,Home,Surat,Online,UPI,1,8629.88,0.1,8629.88,7766.89,0,1191.32,2024,8,August,Saturday,8629.88,7766.892
2024-08-03,ORD005695,CUST02781,P012,Air Fryer,Home,Hyderabad,Online,UPI,1,6831.4,0.25,6831.4,5123.55,0,349.92,2024,8,August,Saturday,6831.4,5123.549999999999
2024-08-03,ORD020572,CUST03530,P007,Backpack,Accessories,Delhi,Online,UPI,2,2002.42,0.05,4004.84,3804.6,0,781.94,2024,8,August,Saturday,4004.84,3804.598
2024-08-03,ORD041813,CUST04891,P004,Smartwatch,Electronics,Delhi,Online,UPI,1,6369.81,0.1,6369.81,5732.83,1,-286.64,2024,8,August,Saturday,6369.81,5732.829000000001
2024-08-03,ORD005826,CUST00166,P014,Keyboard,Electronics,Bengaluru,Online,Debit Card,1,2602.02,0.05,2602.02,2471.92,0,664.1,2024,8,August,Saturday,2602.02,2471.919
2024-08-03,ORD044319,CUST00228,P005,Office Chair,Furniture,Chennai,Store,Net Banking,2,9201.44,0.1,18402.88,16562.59,0,4378.5,2024,8,August,Saturday,18402.88,16562.592
2024-08-03,ORD027960,CUST03684,P011,Mixer Grinder,Home,Delhi,Online,Credit Card,1,4937.25,0.2,4937.25,3949.8,0,751.23,2024,8,August,Saturday,4937.25,3949.8
2024-08-03,ORD032264,CUST03660,P007,Backpack,Accessories,Hyderabad,Store,UPI,1,2026.52,0.05,2026.52,1925.19,0,290.39,2024,8,August,Saturday,2026.52,1925.194
2024-08-03,ORD040115,CUST03984,P004,Smartwatch,Electronics,Kolkata,Store,Credit Card,1,7044.31,0.0,7044.31,7044.31,0,1269.34,2024,8,August,Saturday,7044.31,7044.31
2024-08-03,ORD014744,CUST02183,P017,Jeans,Fashion,Bengaluru,Online,Credit Card,1,2738.83,0.15,2738.83,2328.01,0,463.59,2024,8,August,Saturday,2738.83,2328.0054999999998
2024-08-03,ORD014281,CUST04902,P009,T-Shirt,Fashion,Ahmedabad,Online,Credit Card,1,1310.39,0.15,1310.39,1113.83,0,77.09,2024,8,August,Saturday,1310.39,1113.8315
2024-08-03,ORD022255,CUST01989,P016,Sofa,Furniture,Jaipur,Online,UPI,2,38184.89,0.1,76369.78,68732.8,0,14369.23,2024,8,August,Saturday,76369.78,68732.802
2024-08-03,ORD020317,CUST02822,P015,Dining Table,Furniture,Jaipur,Online,Credit Card,1,21376.04,0.05,21376.04,20307.24,0,2101.74,2024,8,August,Saturday,21376.04,20307.238
2024-08-03,ORD033603,CUST03508,P015,Dining Table,Furniture,Chennai,Online,UPI,1,20698.45,0.15,20698.45,17593.68,0,1044.49,2024,8,August,Saturday,20698.45,17593.6825
2024-08-03,ORD027736,CUST03955,P012,Air Fryer,Home,Chennai,Online,UPI,2,6765.4,0.25,13530.8,10148.1,0,727.66,2024,8,August,Saturday,13530.8,10148.099999999999
2024-08-03,ORD017165,CUST04065,P002,Smartphone,Electronics,Ahmedabad,Online,UPI,2,27299.7,0.2,54599.4,43679.52,0,6218.84,2024,8,August,Saturday,54599.4,43679.520000000004
2024-08-03,ORD049675,CUST02624,P006,Desk,Furniture,Surat,Online,UPI,1,12976.49,0.1,12976.49,11678.84,0,2665.94,2024,8,August,Saturday,12976.49,11678.841
2024-08-03,ORD009102,CUST04603,P017,Jeans,Fashion,Bengaluru,Online,UPI,1,2572.89,0.05,2572.89,2444.25,0,489.44,2024,8,August,Saturday,2572.89,2444.2454999999995
2024-08-03,ORD033447,CUST01764,P002,Smartphone,Electronics,Hyderabad,Online,Credit Card,1,30243.63,0.1,30243.63,27219.27,0,3198.64,2024,8,August,Saturday,30243.63,27219.267
2024-08-03,ORD049814,CUST03595,P005,Office Chair,Furniture,Kolkata,Online,UPI,1,8759.58,0.05,8759.58,8321.6,1,-416.08,2024,8,August,Saturday,8759.58,8321.600999999999
2024-08-03,ORD001912,CUST02769,P017,Jeans,Fashion,Jaipur,Online,UPI,1,2961.36,0.2,2961.36,2369.09,0,412.86,2024,8,August,Saturday,2961.36,2369.088
2024-08-03,ORD042094,CUST01630,P002,Smartphone,Electronics,Ahmedabad,Store,Debit Card,1,29601.82,0.1,29601.82,26641.64,0,3480.34,2024,8,August,Saturday,29601.82,26641.638
2024-08-03,ORD047170,CUST03431,P015,Dining Table,Furniture,Jaipur,Store,Credit Card,1,23315.54,0.2,23315.54,18652.43,0,1943.41,2024,8,August,Saturday,23315.54,18652.432
2024-08-03,ORD000561,CUST01837,P001,Laptop,Electronics,Surat,Online,UPI,1,61228.93,0.25,61228.93,45921.7,0,9202.98,2024,8,August,Saturday,61228.93,45921.6975
2024-08-03,ORD006721,CUST03335,P011,Mixer Grinder,Home,Chennai,Online,Debit Card,1,4753.36,0.1,4753.36,4278.02,0,1051.6,2024,8,August,Saturday,4753.36,4278.023999999999
2024-08-03,ORD045193,CUST01797,P020,Microwave,Home,Surat,Store,Credit Card,1,11473.85,0.05,11473.85,10900.16,0,2823.97,2024,8,August,Saturday,11473.85,10900.1575
2024-08-03,ORD003581,CUST04566,P008,Running Shoes,Fashion,Pune,Online,UPI,1,3988.46,0.0,3988.46,3988.46,0,481.26,2024,8,August,Saturday,3988.46,3988.46
2024-08-03,ORD028334,CUST00838,P010,Coffee Maker,Home,Chennai,Online,UPI,1,5771.03,0.0,5771.03,5771.03,1,-288.55,2024,8,August,Saturday,5771.03,5771.03
2024-08-03,ORD032638,CUST02770,P017,Jeans,Fashion,Surat,Online,Cash,1,2788.77,0.05,2788.77,2649.33,0,766.75,2024,8,August,Saturday,2788.77,2649.3315
2024-08-03,ORD008136,CUST02643,P019,Vacuum Cleaner,Home,Ahmedabad,Online,Debit Card,2,8897.09,0.05,17794.18,16904.47,0,4647.32,2024,8,August,Saturday,17794.18,16904.470999999998
2024-08-03,ORD043884,CUST04552,P019,Vacuum Cleaner,Home,Chennai,Online,Credit Card,5,9805.64,0.1,49028.2,44125.38,0,5848.83,2024,8,August,Saturday,49028.2,44125.38
2024-08-03,ORD048915,CUST01908,P009,T-Shirt,Fashion,Jaipur,Online,Credit Card,1,1304.06,0.2,1304.06,1043.25,0,190.48,2024,8,August,Saturday,1304.06,1043.248
2024-08-03,ORD008090,CUST02912,P007,Backpack,Accessories,Mumbai,Store,Net Banking,1,2103.83,0.05,2103.83,1998.64,0,354.83,2024,8,August,Saturday,2103.83,1998.6384999999998
2024-08-03,ORD023249,CUST03661,P014,Keyboard,Electronics,Kolkata,Store,Debit Card,1,2594.95,0.2,2594.95,2075.96,0,173.44,2024,8,August,Saturday,2594.95,2075.96
2024-08-03,ORD013626,CUST04901,P017,Jeans,Fashion,Jaipur,Store,UPI,1,2923.03,0.1,2923.03,2630.73,0,534.0,2024,8,August,Saturday,2923.03,2630.7270000000003
2024-08-03,ORD010165,CUST01718,P006,Desk,Furniture,Delhi,Online,Debit Card,2,12154.2,0.1,24308.4,21877.56,0,1351.46,2024,8,August,Saturday,24308.4,21877.56
2024-08-03,ORD040941,CUST03095,P010,Coffee Maker,Home,Pune,Online,Credit Card,4,5900.28,0.0,23601.12,23601.12,0,3897.76,2024,8,August,Saturday,23601.12,23601.12
2024-08-03,ORD024479,CUST00945,P017,Jeans,Fashion,Pune,Online,UPI,1,2663.74,0.1,2663.74,2397.37,0,202.62,2024,8,August,Saturday,2663.74,2397.366
2024-08-03,ORD031366,CUST03194,P014,Keyboard,Electronics,Bengaluru,Online,Credit Card,2,2712.23,0.1,5424.46,4882.01,0,742.84,2024,8,August,Saturday,5424.46,4882.014
2024-08-03,ORD005044,CUST02285,P014,Keyboard,Electronics,Chennai,Store,Credit Card,1,2700.6,0.15,2700.6,2295.51,0,549.31,2024,8,August,Saturday,2700.6,2295.5099999999998
2024-08-03,ORD027070,CUST04797,P010,Coffee Maker,Home,Kolkata,Online,Credit Card,3,5170.54,0.1,15511.62,13960.46,0,3390.37,2024,8,August,Saturday,15511.619999999999,13960.458
2024-08-03,ORD031536,CUST00973,P002,Smartphone,Electronics,Ahmedabad,Online,UPI,1,29161.5,0.1,29161.5,26245.35,0,2827.66,2024,8,August,Saturday,29161.5,26245.350000000002
2024-08-03,ORD012761,CUST01314,P002,Smartphone,Electronics,Surat,Online,UPI,1,29904.35,0.15,29904.35,25418.7,0,6407.12,2024,8,August,Saturday,29904.35,25418.6975
2024-08-03,ORD001552,CUST02481,P015,Dining Table,Furniture,Jaipur,Online,Credit Card,1,22620.27,0.15,22620.27,19227.23,0,1366.02,2024,8,August,Saturday,22620.27,19227.2295
2024-08-03,ORD019733,CUST01669,P004,Smartwatch,Electronics,Bengaluru,Store,Cash,1,7620.07,0.15,7620.07,6477.06,0,437.73,2024,8,August,Saturday,7620.07,6477.059499999999
2024-08-03,ORD044587,CUST04687,P005,Office Chair,Furniture,Ahmedabad,Online,Credit Card,2,8636.69,0.15,17273.38,14682.37,0,2434.02,2024,8,August,Saturday,17273.38,14682.373
2024-08-03,ORD029612,CUST01076,P001,Laptop,Electronics,Jaipur,Online,UPI,4,62055.68,0.05,248222.72,235811.58,0,52205.72,2024,8,August,Saturday,248222.72,235811.584
2024-08-03,ORD023921,CUST03369,P006,Desk,Furniture,Chennai,Online,Debit Card,2,12022.35,0.15,24044.7,20438.0,0,4191.72,2024,8,August,Saturday,24044.7,20437.995
2024-08-03,ORD000872,CUST01333,P008,Running Shoes,Fashion,Mumbai,Online,Debit Card,2,4130.02,0.0,8260.04,8260.04,0,1631.64,2024,8,August,Saturday,8260.04,8260.04
2024-08-03,ORD029552,CUST03093,P016,Sofa,Furniture,Chennai,Online,Credit Card,1,34391.12,0.15,34391.12,29232.45,0,7708.28,2024,8,August,Saturday,34391.12,29232.452
2024-08-03,ORD031326,CUST04123,P006,Desk,Furniture,Chennai,Store,Cash,2,11422.59,0.0,22845.18,22845.18,0,3742.64,2024,8,August,Saturday,22845.18,22845.18
2024-08-03,ORD035477,CUST02578,P013,Monitor,Electronics,Jaipur,Online,Credit Card,1,19006.44,0.25,19006.44,14254.83,0,2038.09,2024,8,August,Saturday,19006.44,14254.829999999998
2024-08-03,ORD022970,CUST03859,P006,Desk,Furniture,Mumbai,Online,Net Banking,1,11999.76,0.1,11999.76,10799.78,1,-539.99,2024,8,August,Saturday,11999.76,10799.784
2024-08-03,ORD018829,CUST02747,P019,Vacuum Cleaner,Home,Kolkata,Store,Credit Card,1,8190.81,0.15,8190.81,6962.19,0,1777.14,2024,8,August,Saturday,8190.81,6962.1885
2024-08-03,ORD048568,CUST02825,P010,Coffee Maker,Home,Jaipur,Online,Credit Card,2,4956.19,0.0,9912.38,9912.38,0,2001.51,2024,8,August,Saturday,9912.38,9912.38
2024-08-03,ORD023620,CUST04704,P005,Office Chair,Furniture,Delhi,Online,Debit Card,1,9165.0,0.2,9165.0,7332.0,0,295.62,2024,8,August,Saturday,9165.0,7332.0
2024-08-03,ORD033252,CUST04373,P016,Sofa,Furniture,Ahmedabad,Store,Net Banking,3,31801.16,0.2,95403.48,76322.78,0,19416.49,2024,8,August,Saturday,95403.48,76322.784
2024-08-03,ORD017055,CUST01201,P011,Mixer Grinder,Home,Ahmedabad,Online,Credit Card,1,5020.49,0.15,5020.49,4267.42,0,955.29,2024,8,August,Saturday,5020.49,4267.416499999999
2024-08-03,ORD040570,CUST01847,P020,Microwave,Home,Bengaluru,Online,UPI,1,11287.48,0.0,11287.48,11287.48,0,1922.49,2024,8,August,Saturday,11287.48,11287.48
2024-08-03,ORD013162,CUST02315,P007,Backpack,Accessories,Bengaluru,Store,Debit Card,4,1991.72,0.15,7966.88,6771.85,0,612.09,2024,8,August,Saturday,7966.88,6771.848
2024-08-03,ORD019240,CUST03948,P001,Laptop,Electronics,Chennai,Online,Net Banking,2,69771.38,0.0,139542.76,139542.76,0,15489.24,2024,8,August,Saturday,139542.76,139542.76
2024-08-03,ORD025505,CUST02138,P006,Desk,Furniture,Delhi,Online,Credit Card,2,12770.79,0.05,25541.58,24264.5,1,-1213.23,2024,8,August,Saturday,25541.58,24264.501
2024-08-04,ORD046363,CUST04706,P016,Sofa,Furniture,Hyderabad,Store,UPI,1,35652.19,0.1,35652.19,32086.97,0,8405.72,2024,8,August,Sunday,35652.19,32086.971
2024-08-04,ORD048665,CUST00048,P001,Laptop,Electronics,Mumbai,Online,UPI,1,58779.6,0.15,58779.6,49962.66,0,7339.51,2024,8,August,Sunday,58779.6,49962.659999999996
2024-08-04,ORD009312,CUST02208,P008,Running Shoes,Fashion,Jaipur,Store,Credit Card,1,3967.72,0.05,3967.72,3769.33,0,664.92,2024,8,August,Sunday,3967.72,3769.334
2024-08-04,ORD010670,CUST02626,P005,Office Chair,Furniture,Bengaluru,Online,UPI,1,10071.12,0.05,10071.12,9567.56,0,2498.63,2024,8,August,Sunday,10071.12,9567.564
2024-08-04,ORD001330,CUST01759,P007,Backpack,Accessories,Bengaluru,Store,Net Banking,1,2396.12,0.1,2396.12,2156.51,0,475.98,2024,8,August,Sunday,2396.12,2156.508
2024-08-04,ORD048490,CUST03178,P002,Smartphone,Electronics,Surat,Store,Credit Card,1,27917.94,0.1,27917.94,25126.15,0,1835.17,2024,8,August,Sunday,27917.94,25126.146
2024-08-04,ORD007277,CUST04646,P008,Running Shoes,Fashion,Chennai,Online,Credit Card,1,4102.95,0.0,4102.95,4102.95,0,687.56,2024,8,August,Sunday,4102.95,4102.95
2024-08-04,ORD024373,CUST01342,P014,Keyboard,Electronics,Mumbai,Store,Net Banking,1,2694.99,0.1,2694.99,2425.49,0,479.72,2024,8,August,Sunday,2694.99,2425.491
2024-08-04,ORD047263,CUST04562,P019,Vacuum Cleaner,Home,Delhi,Online,Debit Card,1,8324.6,0.0,8324.6,8324.6,0,1742.67,2024,8,August,Sunday,8324.6,8324.6
2024-08-04,ORD037453,CUST02842,P012,Air Fryer,Home,Kolkata,Store,UPI,1,7359.75,0.25,7359.75,5519.81,0,1199.15,2024,8,August,Sunday,7359.75,5519.8125
2024-08-04,ORD032252,CUST04407,P003,Headphones,Electronics,Chennai,Online,UPI,4,4276.52,0.1,17106.08,15395.47,0,2726.93,2024,8,August,Sunday,17106.08,15395.472000000002
2024-08-04,ORD045795,CUST03379,P014,Keyboard,Electronics,Chennai,Online,Credit Card,1,2288.87,0.0,2288.87,2288.87,0,545.7,2024,8,August,Sunday,2288.87,2288.87
2024-08-04,ORD043104,CUST02686,P005,Office Chair,Furniture,Surat,Online,Cash,1,9030.83,0.25,9030.83,6773.12,0,1045.43,2024,8,August,Sunday,9030.83,6773.1224999999995
2024-08-04,ORD037081,CUST01920,P014,Keyboard,Electronics,Surat,Online,Credit Card,2,2264.02,0.05,4528.04,4301.64,0,1200.99,2024,8,August,Sunday,4528.04,4301.638
2024-08-04,ORD043279,CUST00432,P017,Jeans,Fashion,Mumbai,Store,Debit Card,1,2614.25,0.15,2614.25,2222.11,0,558.54,2024,8,August,Sunday,2614.25,2222.1124999999997
2024-08-04,ORD042359,CUST01755,P020,Microwave,Home,Delhi,Online,UPI,4,10013.35,0.2,40053.4,32042.72,0,1384.71,2024,8,August,Sunday,40053.4,32042.72
2024-08-04,ORD025359,CUST01370,P002,Smartphone,Electronics,Hyderabad,Online,UPI,2,26190.2,0.15,52380.4,44523.34,0,9668.58,2024,8,August,Sunday,52380.4,44523.34
2024-08-04,ORD014467,CUST02532,P019,Vacuum Cleaner,Home,Surat,Store,Credit Card,1,9466.22,0.05,9466.22,8992.91,0,1691.71,2024,8,August,Sunday,9466.22,8992.909
2024-08-04,ORD018012,CUST03970,P008,Running Shoes,Fashion,Delhi,Online,Credit Card,5,4406.98,0.1,22034.9,19831.41,0,4826.1,2024,8,August,Sunday,22034.899999999998,19831.410000000003
2024-08-04,ORD042764,CUST00640,P017,Jeans,Fashion,Kolkata,Online,Debit Card,1,2598.82,0.1,2598.82,2338.94,0,405.12,2024,8,August,Sunday,2598.82,2338.938
2024-08-04,ORD048656,CUST03913,P018,Jacket,Fashion,Mumbai,Store,UPI,1,5645.75,0.2,5645.75,4516.6,0,500.52,2024,8,August,Sunday,5645.75,4516.6
2024-08-04,ORD047069,CUST00983,P014,Keyboard,Electronics,Mumbai,Online,UPI,5,2273.7,0.0,11368.5,11368.5,0,2806.34,2024,8,August,Sunday,11368.5,11368.5
2024-08-04,ORD020725,CUST01529,P002,Smartphone,Electronics,Ahmedabad,Online,Credit Card,2,27149.51,0.1,54299.02,48869.12,0,7164.77,2024,8,August,Sunday,54299.02,48869.117999999995
2024-08-04,ORD001600,CUST02048,P020,Microwave,Home,Kolkata,Online,Net Banking,1,11436.88,0.25,11436.88,8577.66,0,1342.04,2024,8,August,Sunday,11436.88,8577.66
2024-08-04,ORD012199,CUST02136,P010,Coffee Maker,Home,Jaipur,Store,UPI,1,5098.01,0.1,5098.01,4588.21,0,409.91,2024,8,August,Sunday,5098.01,4588.209000000001
2024-08-04,ORD037522,CUST00713,P008,Running Shoes,Fashion,Bengaluru,Store,UPI,1,3966.8,0.15,3966.8,3371.78,0,451.66,2024,8,August,Sunday,3966.8,3371.78
2024-08-04,ORD007132,CUST03890,P017,Jeans,Fashion,Hyderabad,Online,Credit Card,1,2533.46,0.05,2533.46,2406.79,0,478.57,2024,8,August,Sunday,2533.46,2406.787
2024-08-04,ORD033451,CUST00698,P004,Smartwatch,Electronics,Kolkata,Online,Debit Card,2,7082.14,0.0,14164.28,14164.28,0,3611.39,2024,8,August,Sunday,14164.28,14164.28
2024-08-04,ORD007999,CUST03946,P017,Jeans,Fashion,Hyderabad,Store,Credit Card,3,2714.49,0.05,8143.47,7736.3,0,2156.99,2024,8,August,Sunday,8143.469999999999,7736.2964999999995
2024-08-04,ORD041890,CUST04616,P010,Coffee Maker,Home,Mumbai,Online,UPI,2,5129.82,0.05,10259.64,9746.66,0,1102.77,2024,8,August,Sunday,10259.64,9746.658
2024-08-04,ORD023145,CUST02665,P012,Air Fryer,Home,Hyderabad,Online,Credit Card,3,7451.35,0.15,22354.05,19000.94,0,4788.63,2024,8,August,Sunday,22354.050000000003,19000.942499999997
2024-08-04,ORD047546,CUST01837,P011,Mixer Grinder,Home,Jaipur,Online,UPI,1,5057.57,0.0,5057.57,5057.57,0,940.22,2024,8,August,Sunday,5057.57,5057.57
2024-08-04,ORD047857,CUST00343,P011,Mixer Grinder,Home,Ahmedabad,Online,Credit Card,2,5265.18,0.25,10530.36,7897.77,0,349.03,2024,8,August,Sunday,10530.36,7897.77
2024-08-04,ORD043771,CUST03592,P010,Coffee Maker,Home,Bengaluru,Online,Credit Card,2,5432.8,0.1,10865.6,9779.04,0,889.67,2024,8,August,Sunday,10865.6,9779.04
2024-08-04,ORD040548,CUST04800,P011,Mixer Grinder,Home,Pune,Online,Net Banking,1,4335.55,0.25,4335.55,3251.66,0,496.39,2024,8,August,Sunday,4335.55,3251.6625000000004
2024-08-04,ORD043604,CUST02791,P007,Backpack,Accessories,Ahmedabad,Online,Net Banking,1,2061.81,0.1,2061.81,1855.63,0,429.03,2024,8,August,Sunday,2061.81,1855.629
2024-08-04,ORD025814,CUST04774,P002,Smartphone,Electronics,Kolkata,Online,Cash,4,30357.67,0.1,121430.68,109287.61,0,29982.05,2024,8,August,Sunday,121430.68,109287.612
2024-08-04,ORD035927,CUST02395,P010,Coffee Maker,Home,Hyderabad,Store,UPI,4,5514.77,0.05,22059.08,20956.13,0,3889.71,2024,8,August,Sunday,22059.08,20956.126
2024-08-04,ORD000850,CUST00320,P003,Headphones,Electronics,Hyderabad,Store,UPI,1,4727.53,0.1,4727.53,4254.78,0,1078.45,2024,8,August,Sunday,4727.53,4254.777
2024-08-04,ORD036114,CUST04422,P015,Dining Table,Furniture,Mumbai,Online,Cash,2,20318.35,0.05,40636.7,38604.86,0,8805.04,2024,8,August,Sunday,40636.7,38604.865
2024-08-04,ORD030200,CUST04225,P020,Microwave,Home,Jaipur,Store,Credit Card,1,11706.02,0.0,11706.02,11706.02,0,2577.75,2024,8,August,Sunday,11706.02,11706.02
2024-08-04,ORD033959,CUST04179,P012,Air Fryer,Home,Hyderabad,Online,Cash,1,7767.92,0.1,7767.92,6991.13,0,911.46,2024,8,August,Sunday,7767.92,6991.128000000001
2024-08-04,ORD040137,CUST02876,P003,Headphones,Electronics,Chennai,Online,UPI,1,4785.83,0.1,4785.83,4307.25,0,1157.56,2024,8,August,Sunday,4785.83,4307.247
2024-08-04,ORD019468,CUST00742,P005,Office Chair,Furniture,Chennai,Store,Credit Card,3,8693.25,0.0,26079.75,26079.75,0,7232.19,2024,8,August,Sunday,26079.75,26079.75
2024-08-04,ORD035701,CUST04557,P007,Backpack,Accessories,Pune,Online,Credit Card,1,2305.9,0.0,2305.9,2305.9,0,259.64,2024,8,August,Sunday,2305.9,2305.9
2024-08-04,ORD036010,CUST00563,P016,Sofa,Furniture,Jaipur,Online,Credit Card,1,36458.3,0.15,36458.3,30989.56,0,4895.09,2024,8,August,Sunday,36458.3,30989.555
2024-08-04,ORD044808,CUST02534,P003,Headphones,Electronics,Jaipur,Store,UPI,2,4172.27,0.15,8344.54,7092.86,0,765.03,2024,8,August,Sunday,8344.54,7092.859
2024-08-04,ORD005726,CUST02489,P015,Dining Table,Furniture,Surat,Store,Debit Card,1,20613.05,0.0,20613.05,20613.05,0,3315.14,2024,8,August,Sunday,20613.05,20613.05
2024-08-04,ORD043395,CUST00433,P007,Backpack,Accessories,Bengaluru,Store,Credit Card,1,2045.92,0.0,2045.92,2045.92,0,585.61,2024,8,August,Sunday,2045.92,2045.92
2024-08-04,ORD023291,CUST04916,P012,Air Fryer,Home,Mumbai,Online,UPI,1,6742.88,0.15,6742.88,5731.45,0,1009.74,2024,8,August,Sunday,6742.88,5731.448
2024-08-04,ORD014856,CUST03882,P003,Headphones,Electronics,Surat,Store,Credit Card,1,4825.36,0.2,4825.36,3860.29,0,855.4,2024,8,August,Sunday,4825.36,3860.288
2024-08-04,ORD006241,CUST00245,P005,Office Chair,Furniture,Surat,Store,Credit Card,3,10076.16,0.05,30228.48,28717.06,0,2745.61,2024,8,August,Sunday,30228.48,28717.055999999997
2024-08-04,ORD006189,CUST01194,P001,Laptop,Electronics,Hyderabad,Online,Credit Card,4,63513.74,0.25,254054.96,190541.22,0,14184.74,2024,8,August,Sunday,254054.96,190541.22
2024-08-04,ORD041583,CUST02257,P015,Dining Table,Furniture,Chennai,Online,UPI,1,23023.62,0.1,23023.62,20721.26,0,4292.16,2024,8,August,Sunday,23023.62,20721.257999999998
2024-08-04,ORD027757,CUST03103,P004,Smartwatch,Electronics,Pune,Online,Credit Card,1,6385.36,0.0,6385.36,6385.36,0,1406.57,2024,8,August,Sunday,6385.36,6385.36
2024-08-04,ORD028368,CUST00432,P019,Vacuum Cleaner,Home,Delhi,Store,Debit Card,1,9371.97,0.0,9371.97,9371.97,0,1929.83,2024,8,August,Sunday,9371.97,9371.97
2024-08-04,ORD035374,CUST03131,P009,T-Shirt,Fashion,Delhi,Online,UPI,2,1248.55,0.1,2497.1,2247.39,0,182.9,2024,8,August,Sunday,2497.1,2247.39
2024-08-04,ORD032083,CUST02527,P008,Running Shoes,Fashion,Ahmedabad,Online,UPI,1,4337.47,0.25,4337.47,3253.1,0,677.29,2024,8,August,Sunday,4337.47,3253.1025
2024-08-05,ORD033152,CUST04868,P014,Keyboard,Electronics,Delhi,Store,UPI,1,2641.67,0.0,2641.67,2641.67,0,647.49,2024,8,August,Monday,2641.67,2641.67
2024-08-05,ORD008000,CUST01317,P010,Coffee Maker,Home,Pune,Store,Cash,1,5655.15,0.15,5655.15,4806.88,1,-240.34,2024,8,August,Monday,5655.15,4806.8775
2024-08-05,ORD030102,CUST03156,P015,Dining Table,Furniture,Kolkata,Store,Credit Card,1,19972.7,0.0,19972.7,19972.7,0,4198.08,2024,8,August,Monday,19972.7,19972.7
2024-08-05,ORD026358,CUST01445,P014,Keyboard,Electronics,Ahmedabad,Online,UPI,1,2653.94,0.1,2653.94,2388.55,0,151.58,2024,8,August,Monday,2653.94,2388.5460000000003
2024-08-05,ORD032587,CUST04719,P002,Smartphone,Electronics,Pune,Store,Credit Card,1,28504.0,0.0,28504.0,28504.0,0,7501.74,2024,8,August,Monday,28504.0,28504.0
2024-08-05,ORD008494,CUST03634,P004,Smartwatch,Electronics,Hyderabad,Store,Credit Card,1,6954.42,0.15,6954.42,5911.26,0,1473.47,2024,8,August,Monday,6954.42,5911.257
2024-08-05,ORD024556,CUST01530,P003,Headphones,Electronics,Surat,Store,Net Banking,1,4435.94,0.05,4435.94,4214.14,0,1159.02,2024,8,August,Monday,4435.94,4214.142999999999
2024-08-05,ORD042863,CUST00578,P004,Smartwatch,Electronics,Jaipur,Online,Credit Card,1,6843.3,0.1,6843.3,6158.97,0,902.24,2024,8,August,Monday,6843.3,6158.97
2024-08-05,ORD004668,CUST02201,P015,Dining Table,Furniture,Delhi,Online,Debit Card,2,20814.58,0.1,41629.16,37466.24,0,9454.5,2024,8,August,Monday,41629.16,37466.244000000006
2024-08-05,ORD003001,CUST01795,P017,Jeans,Fashion,Ahmedabad,Store,Credit Card,1,2980.47,0.1,2980.47,2682.42,0,729.24,2024,8,August,Monday,2980.47,2682.423
2024-08-05,ORD023100,CUST01319,P006,Desk,Furniture,Pune,Online,Credit Card,2,13055.5,0.2,26111.0,20888.8,0,2330.77,2024,8,August,Monday,26111.0,20888.800000000003
2024-08-05,ORD010303,CUST02106,P019,Vacuum Cleaner,Home,Kolkata,Online,UPI,1,8165.32,0.25,8165.32,6123.99,0,244.96,2024,8,August,Monday,8165.32,6123.99
2024-08-05,ORD048358,CUST03673,P019,Vacuum Cleaner,Home,Ahmedabad,Online,Credit Card,1,9794.75,0.1,9794.75,8815.28,0,1047.98,2024,8,August,Monday,9794.75,8815.275
2024-08-05,ORD041323,CUST02183,P018,Jacket,Fashion,Jaipur,Store,UPI,1,4942.98,0.1,4942.98,4448.68,0,430.97,2024,8,August,Monday,4942.98,4448.682
2024-08-05,ORD011193,CUST01854,P004,Smartwatch,Electronics,Pune,Online,Credit Card,2,6796.83,0.0,13593.66,13593.66,0,1232.52,2024,8,August,Monday,13593.66,13593.66
2024-08-05,ORD038557,CUST02986,P008,Running Shoes,Fashion,Bengaluru,Store,Net Banking,1,4292.64,0.1,4292.64,3863.38,0,732.75,2024,8,August,Monday,4292.64,3863.376
2024-08-05,ORD013098,CUST02529,P004,Smartwatch,Electronics,Delhi,Store,Debit Card,5,7361.8,0.1,36809.0,33128.1,0,8270.91,2024,8,August,Monday,36809.0,33128.1
2024-08-05,ORD006441,CUST03008,P010,Coffee Maker,Home,Chennai,Store,Debit Card,1,4993.1,0.05,4993.1,4743.44,0,679.41,2024,8,August,Monday,4993.1,4743.445
2024-08-05,ORD048379,CUST02153,P009,T-Shirt,Fashion,Chennai,Online,Debit Card,3,1242.35,0.0,3727.05,3727.05,0,303.96,2024,8,August,Monday,3727.0499999999997,3727.05
2024-08-05,ORD048744,CUST01975,P006,Desk,Furniture,Kolkata,Online,Net Banking,3,12237.21,0.15,36711.63,31204.89,1,-1560.24,2024,8,August,Monday,36711.63,31204.885499999997
2024-08-05,ORD005068,CUST01445,P016,Sofa,Furniture,Bengaluru,Online,UPI,3,36185.98,0.2,108557.94,86846.35,0,10001.12,2024,8,August,Monday,108557.94,86846.35200000001
2024-08-05,ORD046407,CUST01489,P003,Headphones,Electronics,Kolkata,Online,UPI,4,4147.77,0.05,16591.08,15761.53,0,2453.62,2024,8,August,Monday,16591.08,15761.526000000002
2024-08-05,ORD026942,CUST04287,P011,Mixer Grinder,Home,Hyderabad,Online,UPI,1,5148.24,0.05,5148.24,4890.83,0,420.47,2024,8,August,Monday,5148.24,4890.8279999999995
2024-08-05,ORD012033,CUST00520,P003,Headphones,Electronics,Chennai,Online,Debit Card,1,4723.24,0.2,4723.24,3778.59,0,274.48,2024,8,August,Monday,4723.24,3778.592
2024-08-05,ORD038650,CUST01207,P016,Sofa,Furniture,Delhi,Online,UPI,1,31613.25,0.1,31613.25,28451.92,0,5378.95,2024,8,August,Monday,31613.25,28451.925
2024-08-05,ORD007874,CUST04120,P011,Mixer Grinder,Home,Hyderabad,Store,Credit Card,5,5255.16,0.15,26275.8,22334.43,0,3862.66,2024,8,August,Monday,26275.8,22334.43
2024-08-05,ORD031345,CUST01704,P015,Dining Table,Furniture,Surat,Online,UPI,1,20364.07,0.1,20364.07,18327.66,0,1460.97,2024,8,August,Monday,20364.07,18327.663
2024-08-05,ORD023225,CUST02348,P005,Office Chair,Furniture,Kolkata,Store,Credit Card,1,10243.15,0.05,10243.15,9730.99,0,2410.46,2024,8,August,Monday,10243.15,9730.992499999998
2024-08-05,ORD008826,CUST02756,P018,Jacket,Fashion,Ahmedabad,Online,UPI,1,5692.22,0.1,5692.22,5123.0,0,679.92,2024,8,August,Monday,5692.22,5122.9980000000005
2024-08-05,ORD046530,CUST02478,P018,Jacket,Fashion,Surat,Store,Credit Card,2,5643.72,0.2,11287.44,9029.95,0,1040.56,2024,8,August,Monday,11287.44,9029.952000000001
2024-08-05,ORD026388,CUST04859,P015,Dining Table,Furniture,Pune,Online,Cash,4,21335.88,0.0,85343.52,85343.52,0,15652.59,2024,8,August,Monday,85343.52,85343.52
2024-08-05,ORD000034,CUST02480,P014,Keyboard,Electronics,Delhi,Online,UPI,1,2405.71,0.0,2405.71,2405.71,1,-120.29,2024,8,August,Monday,2405.71,2405.71
2024-08-05,ORD002270,CUST03977,P011,Mixer Grinder,Home,Jaipur,Store,Net Banking,2,4440.07,0.15,8880.14,7548.12,0,744.86,2024,8,August,Monday,8880.14,7548.119
2024-08-05,ORD031034,CUST03831,P017,Jeans,Fashion,Ahmedabad,Online,Credit Card,1,2781.53,0.15,2781.53,2364.3,0,365.42,2024,8,August,Monday,2781.53,2364.3005000000003
2024-08-05,ORD018129,CUST04652,P008,Running Shoes,Fashion,Pune,Online,UPI,1,3886.55,0.0,3886.55,3886.55,0,384.46,2024,8,August,Monday,3886.55,3886.55
2024-08-05,ORD047882,CUST02332,P015,Dining Table,Furniture,Pune,Online,Credit Card,1,21673.04,0.05,21673.04,20589.39,1,-1029.47,2024,8,August,Monday,21673.04,20589.388
2024-08-05,ORD046644,CUST04100,P010,Coffee Maker,Home,Bengaluru,Store,UPI,1,6029.46,0.0,6029.46,6029.46,0,866.71,2024,8,August,Monday,6029.46,6029.46
2024-08-05,ORD033277,CUST02086,P015,Dining Table,Furniture,Kolkata,Online,UPI,1,21659.81,0.05,21659.81,20576.82,0,5703.95,2024,8,August,Monday,21659.81,20576.8195
2024-08-05,ORD011407,CUST04075,P012,Air Fryer,Home,Delhi,Online,UPI,2,6698.88,0.1,13397.76,12057.98,0,1518.85,2024,8,August,Monday,13397.76,12057.984
2024-08-05,ORD042498,CUST01600,P013,Monitor,Electronics,Hyderabad,Online,Cash,1,19136.18,0.0,19136.18,19136.18,0,5168.09,2024,8,August,Monday,19136.18,19136.18
2024-08-05,ORD029333,CUST02929,P012,Air Fryer,Home,Bengaluru,Store,UPI,2,6888.51,0.05,13777.02,13088.17,0,3222.95,2024,8,August,Monday,13777.02,13088.169
2024-08-05,ORD007546,CUST03346,P019,Vacuum Cleaner,Home,Bengaluru,Online,Credit Card,2,8900.05,0.15,17800.1,15130.08,0,3451.5,2024,8,August,Monday,17800.1,15130.085
2024-08-05,ORD022351,CUST03197,P012,Air Fryer,Home,Surat,Store,Cash,1,7153.9,0.2,7153.9,5723.12,0,1069.61,2024,8,August,Monday,7153.9,5723.12
2024-08-05,ORD024916,CUST00108,P013,Monitor,Electronics,Delhi,Online,Credit Card,1,17961.99,0.05,17961.99,17063.89,0,2551.53,2024,8,August,Monday,17961.99,17063.8905
2024-08-05,ORD049662,CUST04891,P016,Sofa,Furniture,Chennai,Store,Debit Card,1,31985.45,0.15,31985.45,27187.63,0,6655.1,2024,8,August,Monday,31985.45,27187.6325
2024-08-05,ORD003540,CUST02259,P005,Office Chair,Furniture,Mumbai,Online,Credit Card,1,9438.14,0.15,9438.14,8022.42,0,1359.82,2024,8,August,Monday,9438.14,8022.418999999999
2024-08-05,ORD039499,CUST04885,P017,Jeans,Fashion,Chennai,Online,UPI,4,3065.19,0.15,12260.76,10421.65,0,2220.32,2024,8,August,Monday,12260.76,10421.646
2024-08-05,ORD001816,CUST04532,P013,Monitor,Electronics,Ahmedabad,Online,Net Banking,1,16993.16,0.1,16993.16,15293.84,0,2931.38,2024,8,August,Monday,16993.16,15293.844000000001
2024-08-05,ORD012563,CUST03289,P013,Monitor,Electronics,Bengaluru,Online,UPI,1,19481.76,0.1,19481.76,17533.58,0,4080.83,2024,8,August,Monday,19481.76,17533.584
2024-08-05,ORD041628,CUST03055,P009,T-Shirt,Fashion,Kolkata,Store,UPI,1,1318.43,0.15,1318.43,1120.67,0,173.67,2024,8,August,Monday,1318.43,1120.6655
2024-08-05,ORD043137,CUST01597,P009,T-Shirt,Fashion,Surat,Online,Credit Card,1,1271.64,0.2,1271.64,1017.31,1,-50.87,2024,8,August,Monday,1271.64,1017.3120000000001
2024-08-05,ORD030135,CUST00929,P009,T-Shirt,Fashion,Chennai,Online,Credit Card,1,1104.62,0.25,1104.62,828.46,0,56.15,2024,8,August,Monday,1104.62,828.4649999999999
2024-08-05,ORD040207,CUST00229,P019,Vacuum Cleaner,Home,Surat,Store,Net Banking,1,9630.46,0.1,9630.46,8667.41,0,1962.04,2024,8,August,Monday,9630.46,8667.413999999999
2024-08-05,ORD029831,CUST04531,P007,Backpack,Accessories,Mumbai,Online,Credit Card,3,2418.54,0.15,7255.62,6167.28,0,980.72,2024,8,August,Monday,7255.62,6167.277
2024-08-05,ORD003360,CUST02861,P003,Headphones,Electronics,Pune,Store,Credit Card,1,4884.33,0.05,4884.33,4640.11,0,788.02,2024,8,August,Monday,4884.33,4640.1134999999995
2024-08-05,ORD017217,CUST01509,P009,T-Shirt,Fashion,Pune,Online,Credit Card,4,1309.95,0.05,5239.8,4977.81,0,614.94,2024,8,August,Monday,5239.8,4977.8099999999995
2024-08-05,ORD019484,CUST01326,P002,Smartphone,Electronics,Mumbai,Store,Cash,5,27586.72,0.1,137933.6,124140.24,0,24708.25,2024,8,August,Monday,137933.6,124140.24
2024-08-05,ORD011568,CUST03909,P018,Jacket,Fashion,Mumbai,Store,UPI,1,5361.89,0.0,5361.89,5361.89,0,863.63,2024,8,August,Monday,5361.89,5361.89
2024-08-05,ORD043251,CUST04054,P019,Vacuum Cleaner,Home,Hyderabad,Online,Credit Card,2,9234.92,0.15,18469.84,15699.36,0,2903.9,2024,8,August,Monday,18469.84,15699.364
2024-08-05,ORD017741,CUST04733,P009,T-Shirt,Fashion,Hyderabad,Online,Credit Card,1,1080.4,0.25,1080.4,810.3,0,55.35,2024,8,August,Monday,1080.4,810.3000000000001
2024-08-05,ORD009117,CUST01247,P020,Microwave,Home,Bengaluru,Online,Net Banking,1,10931.97,0.15,10931.97,9292.17,0,1191.89,2024,8,August,Monday,10931.97,9292.1745
2024-08-05,ORD039688,CUST03279,P017,Jeans,Fashion,Hyderabad,Online,Credit Card,2,2546.16,0.15,5092.32,4328.47,0,734.09,2024,8,August,Monday,5092.32,4328.472
2024-08-05,ORD039287,CUST00581,P002,Smartphone,Electronics,Mumbai,Online,Credit Card,1,26855.38,0.0,26855.38,26855.38,0,3363.66,2024,8,August,Monday,26855.38,26855.38
2024-08-05,ORD032519,CUST00221,P003,Headphones,Electronics,Jaipur,Online,UPI,1,4237.17,0.05,4237.17,4025.31,0,472.72,2024,8,August,Monday,4237.17,4025.3115
2024-08-05,ORD013350,CUST04736,P011,Mixer Grinder,Home,Pune,Store,Credit Card,1,4926.39,0.05,4926.39,4680.07,0,574.52,2024,8,August,Monday,4926.39,4680.0705
2024-08-05,ORD026325,CUST01130,P008,Running Shoes,Fashion,Bengaluru,Store,Credit Card,1,4342.54,0.1,4342.54,3908.29,0,473.53,2024,8,August,Monday,4342.54,3908.286
2024-08-05,ORD003558,CUST03947,P015,Dining Table,Furniture,Pune,Online,Credit Card,4,21097.68,0.05,84390.72,80171.18,0,9512.01,2024,8,August,Monday,84390.72,80171.184
2024-08-05,ORD019421,CUST00970,P011,Mixer Grinder,Home,Chennai,Online,Credit Card,1,4756.57,0.05,4756.57,4518.74,0,1170.92,2024,8,August,Monday,4756.57,4518.741499999999
2024-08-05,ORD034191,CUST04276,P008,Running Shoes,Fashion,Surat,Online,Credit Card,3,4366.32,0.0,13098.96,13098.96,0,1501.55,2024,8,August,Monday,13098.96,13098.96
2024-08-05,ORD008459,CUST00777,P019,Vacuum Cleaner,Home,Kolkata,Store,UPI,1,9083.21,0.0,9083.21,9083.21,0,2301.47,2024,8,August,Monday,9083.21,9083.21
2024-08-05,ORD027167,CUST02593,P014,Keyboard,Electronics,Jaipur,Store,Net Banking,1,2620.75,0.1,2620.75,2358.68,0,203.73,2024,8,August,Monday,2620.75,2358.675
2024-08-05,ORD004260,CUST00575,P003,Headphones,Electronics,Jaipur,Online,UPI,1,4562.15,0.2,4562.15,3649.72,0,182.25,2024,8,August,Monday,4562.15,3649.72
2024-08-05,ORD033332,CUST00849,P010,Coffee Maker,Home,Jaipur,Online,UPI,1,5614.77,0.05,5614.77,5334.03,1,-266.7,2024,8,August,Monday,5614.77,5334.0315
2024-08-05,ORD001300,CUST02919,P017,Jeans,Fashion,Mumbai,Store,Cash,1,2522.69,0.0,2522.69,2522.69,0,510.12,2024,8,August,Monday,2522.69,2522.69
2024-08-05,ORD046041,CUST00812,P015,Dining Table,Furniture,Kolkata,Store,Credit Card,1,24145.88,0.0,24145.88,24145.88,0,4814.55,2024,8,August,Monday,24145.88,24145.88
2024-08-05,ORD030375,CUST03655,P003,Headphones,Electronics,Bengaluru,Store,UPI,1,4087.5,0.0,4087.5,4087.5,0,820.61,2024,8,August,Monday,4087.5,4087.5
2024-08-05,ORD009244,CUST02197,P017,Jeans,Fashion,Pune,Store,UPI,2,3007.07,0.15,6014.14,5112.02,0,453.99,2024,8,August,Monday,6014.14,5112.019
2024-08-06,ORD012762,CUST00234,P014,Keyboard,Electronics,Chennai,Online,Debit Card,1,2440.87,0.1,2440.87,2196.78,0,261.04,2024,8,August,Tuesday,2440.87,2196.783
2024-08-06,ORD013046,CUST01758,P007,Backpack,Accessories,Delhi,Store,Cash,1,2264.15,0.15,2264.15,1924.53,0,474.55,2024,8,August,Tuesday,2264.15,1924.5275
2024-08-06,ORD004834,CUST01760,P017,Jeans,Fashion,Ahmedabad,Store,UPI,1,2995.57,0.15,2995.57,2546.23,0,481.06,2024,8,August,Tuesday,2995.57,2546.2345
2024-08-06,ORD049123,CUST03862,P002,Smartphone,Electronics,Kolkata,Online,Net Banking,1,27370.56,0.15,27370.56,23264.98,0,2262.04,2024,8,August,Tuesday,27370.56,23264.976
2024-08-06,ORD038559,CUST03449,P008,Running Shoes,Fashion,Bengaluru,Store,UPI,1,4143.32,0.1,4143.32,3728.99,0,521.7,2024,8,August,Tuesday,4143.32,3728.988
2024-08-06,ORD002149,CUST02469,P019,Vacuum Cleaner,Home,Bengaluru,Online,Credit Card,1,9299.16,0.0,9299.16,9299.16,0,2017.31,2024,8,August,Tuesday,9299.16,9299.16
2024-08-06,ORD031549,CUST00369,P005,Office Chair,Furniture,Surat,Online,Credit Card,1,9814.35,0.25,9814.35,7360.76,0,450.43,2024,8,August,Tuesday,9814.35,7360.762500000001
2024-08-06,ORD004169,CUST02008,P019,Vacuum Cleaner,Home,Ahmedabad,Store,Credit Card,2,8332.12,0.15,16664.24,14164.6,0,2583.78,2024,8,August,Tuesday,16664.24,14164.604000000001
2024-08-06,ORD010647,CUST04610,P013,Monitor,Electronics,Delhi,Store,UPI,2,16982.09,0.15,33964.18,28869.55,0,1497.95,2024,8,August,Tuesday,33964.18,28869.553
2024-08-06,ORD024982,CUST04987,P014,Keyboard,Electronics,Hyderabad,Store,UPI,1,2470.14,0.1,2470.14,2223.13,0,381.19,2024,8,August,Tuesday,2470.14,2223.1259999999997
2024-08-06,ORD039638,CUST02836,P013,Monitor,Electronics,Hyderabad,Online,Debit Card,3,17742.89,0.1,53228.67,47905.8,0,10237.38,2024,8,August,Tuesday,53228.67,47905.803
2024-08-06,ORD032529,CUST00647,P004,Smartwatch,Electronics,Hyderabad,Online,UPI,1,6980.22,0.1,6980.22,6282.2,0,723.75,2024,8,August,Tuesday,6980.22,6282.198
2024-08-06,ORD001674,CUST00713,P019,Vacuum Cleaner,Home,Chennai,Online,UPI,1,9354.08,0.15,9354.08,7950.97,0,686.94,2024,8,August,Tuesday,9354.08,7950.968
2024-08-06,ORD010763,CUST03606,P004,Smartwatch,Electronics,Ahmedabad,Online,UPI,1,6636.34,0.0,6636.34,6636.34,0,1706.77,2024,8,August,Tuesday,6636.34,6636.34
2024-08-06,ORD001970,CUST03364,P012,Air Fryer,Home,Surat,Online,UPI,2,7653.81,0.05,15307.62,14542.24,0,3798.14,2024,8,August,Tuesday,15307.62,14542.239
2024-08-06,ORD029277,CUST01022,P002,Smartphone,Electronics,Jaipur,Online,UPI,1,27066.26,0.15,27066.26,23006.32,0,2149.36,2024,8,August,Tuesday,27066.26,23006.320999999996
2024-08-06,ORD045443,CUST04958,P012,Air Fryer,Home,Bengaluru,Online,Debit Card,2,6638.72,0.15,13277.44,11285.82,0,2687.08,2024,8,August,Tuesday,13277.44,11285.824
2024-08-06,ORD049198,CUST04974,P002,Smartphone,Electronics,Pune,Store,UPI,2,27749.46,0.0,55498.92,55498.92,0,9242.47,2024,8,August,Tuesday,55498.92,55498.92
2024-08-06,ORD029535,CUST03325,P006,Desk,Furniture,Mumbai,Online,Cash,1,12670.16,0.15,12670.16,10769.64,0,1263.8,2024,8,August,Tuesday,12670.16,10769.636
2024-08-06,ORD049062,CUST02736,P012,Air Fryer,Home,Pune,Store,UPI,1,6745.13,0.05,6745.13,6407.87,1,-320.39,2024,8,August,Tuesday,6745.13,6407.8735
2024-08-06,ORD021064,CUST01650,P009,T-Shirt,Fashion,Bengaluru,Online,UPI,2,1269.39,0.05,2538.78,2411.84,0,335.38,2024,8,August,Tuesday,2538.78,2411.841
2024-08-06,ORD040356,CUST00857,P013,Monitor,Electronics,Hyderabad,Store,Cash,5,17019.16,0.05,85095.8,80841.01,0,21444.84,2024,8,August,Tuesday,85095.8,80841.01
2024-08-06,ORD013006,CUST02077,P017,Jeans,Fashion,Mumbai,Online,UPI,1,3060.66,0.15,3060.66,2601.56,0,297.28,2024,8,August,Tuesday,3060.66,2601.5609999999997
2024-08-06,ORD003334,CUST04653,P004,Smartwatch,Electronics,Hyderabad,Store,UPI,1,6317.2,0.25,6317.2,4737.9,0,667.91,2024,8,August,Tuesday,6317.2,4737.9
2024-08-06,ORD001909,CUST03489,P002,Smartphone,Electronics,Jaipur,Store,Debit Card,1,29290.44,0.15,29290.44,24896.87,0,3105.36,2024,8,August,Tuesday,29290.44,24896.874
2024-08-06,ORD007881,CUST04609,P010,Coffee Maker,Home,Delhi,Online,UPI,1,5625.24,0.1,5625.24,5062.72,0,1231.8,2024,8,August,Tuesday,5625.24,5062.716
2024-08-06,ORD020383,CUST01706,P012,Air Fryer,Home,Kolkata,Online,UPI,3,6842.78,0.0,20528.34,20528.34,0,1996.31,2024,8,August,Tuesday,20528.34,20528.34
2024-08-06,ORD025221,CUST01397,P002,Smartphone,Electronics,Hyderabad,Online,Cash,3,29243.33,0.1,87729.99,78956.99,0,19718.47,2024,8,August,Tuesday,87729.99,78956.99100000001
2024-08-06,ORD019132,CUST02089,P012,Air Fryer,Home,Chennai,Online,UPI,2,7569.59,0.0,15139.18,15139.18,0,4062.71,2024,8,August,Tuesday,15139.18,15139.18
2024-08-06,ORD016331,CUST01168,P019,Vacuum Cleaner,Home,Chennai,Online,Debit Card,1,8879.86,0.15,8879.86,7547.88,0,1597.21,2024,8,August,Tuesday,8879.86,7547.881
2024-08-06,ORD033929,CUST04472,P015,Dining Table,Furniture,Surat,Store,UPI,2,20467.22,0.2,40934.44,32747.55,0,4272.16,2024,8,August,Tuesday,40934.44,32747.552000000003
2024-08-06,ORD011606,CUST00252,P016,Sofa,Furniture,Ahmedabad,Store,Cash,2,31935.19,0.1,63870.38,57483.34,0,5142.55,2024,8,August,Tuesday,63870.38,57483.342
2024-08-06,ORD018577,CUST00528,P019,Vacuum Cleaner,Home,Mumbai,Online,Credit Card,1,9882.0,0.15,9882.0,8399.7,0,447.01,2024,8,August,Tuesday,9882.0,8399.699999999999
2024-08-06,ORD043319,CUST02303,P017,Jeans,Fashion,Ahmedabad,Online,Net Banking,1,2536.05,0.15,2536.05,2155.64,0,367.69,2024,8,August,Tuesday,2536.05,2155.6425
2024-08-06,ORD042372,CUST02000,P014,Keyboard,Electronics,Surat,Store,Credit Card,2,2361.73,0.05,4723.46,4487.29,0,1047.17,2024,8,August,Tuesday,4723.46,4487.287
2024-08-06,ORD030487,CUST04364,P016,Sofa,Furniture,Delhi,Online,Net Banking,2,31555.76,0.05,63111.52,59955.94,0,11106.7,2024,8,August,Tuesday,63111.52,59955.943999999996
2024-08-06,ORD006935,CUST01681,P012,Air Fryer,Home,Chennai,Online,UPI,1,6875.98,0.1,6875.98,6188.38,0,1040.22,2024,8,August,Tuesday,6875.98,6188.382
2024-08-06,ORD023959,CUST03748,P008,Running Shoes,Fashion,Hyderabad,Store,Net Banking,2,3788.96,0.2,7577.92,6062.34,0,1120.91,2024,8,August,Tuesday,7577.92,6062.336
2024-08-06,ORD043286,CUST02277,P001,Laptop,Electronics,Kolkata,Store,Debit Card,2,59101.42,0.05,118202.84,112292.7,0,25572.87,2024,8,August,Tuesday,118202.84,112292.69799999999
2024-08-06,ORD011729,CUST03855,P015,Dining Table,Furniture,Kolkata,Store,Cash,1,22944.97,0.05,22944.97,21797.72,0,3857.36,2024,8,August,Tuesday,22944.97,21797.7215
2024-08-06,ORD000478,CUST04281,P007,Backpack,Accessories,Delhi,Online,Debit Card,1,2303.27,0.25,2303.27,1727.45,0,375.97,2024,8,August,Tuesday,2303.27,1727.4524999999999
2024-08-06,ORD043069,CUST02816,P007,Backpack,Accessories,Mumbai,Online,Net Banking,2,2091.29,0.0,4182.58,4182.58,0,432.98,2024,8,August,Tuesday,4182.58,4182.58
2024-08-06,ORD033382,CUST01103,P014,Keyboard,Electronics,Bengaluru,Store,UPI,3,2334.36,0.1,7003.08,6302.77,0,1534.26,2024,8,August,Tuesday,7003.08,6302.772
2024-08-06,ORD044415,CUST01343,P018,Jacket,Fashion,Mumbai,Online,Debit Card,2,5060.76,0.05,10121.52,9615.44,0,898.79,2024,8,August,Tuesday,10121.52,9615.444
2024-08-06,ORD014117,CUST01821,P013,Monitor,Electronics,Mumbai,Online,Credit Card,1,18497.45,0.1,18497.45,16647.71,0,1358.72,2024,8,August,Tuesday,18497.45,16647.705
2024-08-06,ORD043494,CUST01393,P002,Smartphone,Electronics,Kolkata,Store,Credit Card,3,30788.85,0.15,92366.55,78511.57,1,-3925.58,2024,8,August,Tuesday,92366.54999999999,78511.5675
2024-08-06,ORD000510,CUST01511,P011,Mixer Grinder,Home,Kolkata,Online,Net Banking,2,5275.69,0.2,10551.38,8441.1,0,806.6,2024,8,August,Tuesday,10551.38,8441.104
2024-08-06,ORD047493,CUST03058,P007,Backpack,Accessories,Delhi,Store,UPI,1,2403.53,0.0,2403.53,2403.53,0,365.46,2024,8,August,Tuesday,2403.53,2403.53
2024-08-06,ORD011566,CUST03282,P015,Dining Table,Furniture,Chennai,Online,Debit Card,2,23951.81,0.2,47903.62,38322.9,0,6159.19,2024,8,August,Tuesday,47903.62,38322.896
2024-08-06,ORD034719,CUST01796,P015,Dining Table,Furniture,Hyderabad,Online,Debit Card,4,21970.11,0.1,87880.44,79092.4,0,8874.05,2024,8,August,Tuesday,87880.44,79092.39600000001
2024-08-06,ORD006559,CUST00666,P012,Air Fryer,Home,Kolkata,Online,UPI,1,7769.45,0.0,7769.45,7769.45,0,1881.41,2024,8,August,Tuesday,7769.45,7769.45
2024-08-06,ORD002512,CUST01023,P004,Smartwatch,Electronics,Bengaluru,Store,UPI,2,6867.45,0.1,13734.9,12361.41,0,1430.46,2024,8,August,Tuesday,13734.9,12361.41
2024-08-06,ORD014384,CUST00519,P006,Desk,Furniture,Mumbai,Online,UPI,1,12951.33,0.25,12951.33,9713.5,0,1069.63,2024,8,August,Tuesday,12951.33,9713.4975
2024-08-06,ORD048191,CUST04588,P003,Headphones,Electronics,Hyderabad,Online,Credit Card,1,4063.18,0.0,4063.18,4063.18,0,756.62,2024,8,August,Tuesday,4063.18,4063.18
2024-08-06,ORD049933,CUST01837,P012,Air Fryer,Home,Surat,Online,Credit Card,1,7416.79,0.25,7416.79,5562.59,0,692.7,2024,8,August,Tuesday,7416.79,5562.5925
2024-08-06,ORD047849,CUST03129,P005,Office Chair,Furniture,Chennai,Online,Cash,1,8992.5,0.15,8992.5,7643.62,0,1757.48,2024,8,August,Tuesday,8992.5,7643.625
2024-08-06,ORD014115,CUST01359,P002,Smartphone,Electronics,Chennai,Online,Net Banking,4,29118.97,0.1,116475.88,104828.29,1,-5241.41,2024,8,August,Tuesday,116475.88,104828.292
2024-08-06,ORD008437,CUST04029,P008,Running Shoes,Fashion,Delhi,Store,Credit Card,4,4377.85,0.15,17511.4,14884.69,0,2800.28,2024,8,August,Tuesday,17511.4,14884.69
2024-08-06,ORD027447,CUST02349,P005,Office Chair,Furniture,Pune,Online,Cash,1,9621.91,0.1,9621.91,8659.72,0,1630.34,2024,8,August,Tuesday,9621.91,8659.719000000001
2024-08-06,ORD006036,CUST03467,P015,Dining Table,Furniture,Ahmedabad,Store,Cash,1,23855.51,0.2,23855.51,19084.41,0,1426.19,2024,8,August,Tuesday,23855.51,19084.408
2024-08-06,ORD016136,CUST00987,P007,Backpack,Accessories,Pune,Online,Debit Card,4,2152.31,0.0,8609.24,8609.24,0,2257.24,2024,8,August,Tuesday,8609.24,8609.24
2024-08-06,ORD034094,CUST02182,P014,Keyboard,Electronics,Hyderabad,Online,Credit Card,1,2278.49,0.15,2278.49,1936.72,0,399.0,2024,8,August,Tuesday,2278.49,1936.7164999999998
2024-08-06,ORD000994,CUST01677,P002,Smartphone,Electronics,Hyderabad,Store,Debit Card,4,29275.48,0.1,117101.92,105391.73,0,20433.1,2024,8,August,Tuesday,117101.92,105391.728
2024-08-06,ORD022718,CUST02829,P014,Keyboard,Electronics,Delhi,Online,UPI,1,2382.45,0.1,2382.45,2144.2,0,566.89,2024,8,August,Tuesday,2382.45,2144.205
2024-08-06,ORD049821,CUST02951,P007,Backpack,Accessories,Pune,Store,Debit Card,1,2025.47,0.05,2025.47,1924.2,0,468.16,2024,8,August,Tuesday,2025.47,1924.1965
2024-08-06,ORD000920,CUST01142,P013,Monitor,Electronics,Ahmedabad,Store,Cash,2,19384.83,0.05,38769.66,36831.18,0,6052.08,2024,8,August,Tuesday,38769.66,36831.177
2024-08-06,ORD033258,CUST01547,P018,Jacket,Fashion,Delhi,Online,UPI,4,4708.87,0.05,18835.48,17893.71,0,3236.25,2024,8,August,Tuesday,18835.48,17893.706
2024-08-06,ORD015285,CUST04415,P008,Running Shoes,Fashion,Ahmedabad,Store,Debit Card,1,4175.98,0.05,4175.98,3967.18,0,1103.71,2024,8,August,Tuesday,4175.98,3967.1809999999996
2024-08-06,ORD005143,CUST04153,P013,Monitor,Electronics,Bengaluru,Online,Net Banking,1,17838.99,0.1,17838.99,16055.09,0,2154.86,2024,8,August,Tuesday,17838.99,16055.091000000002
2024-08-06,ORD018973,CUST02215,P010,Coffee Maker,Home,Chennai,Online,UPI,4,5625.86,0.25,22503.44,16877.58,0,2688.55,2024,8,August,Tuesday,22503.44,16877.579999999998
2024-08-06,ORD038214,CUST01913,P019,Vacuum Cleaner,Home,Delhi,Store,UPI,1,8769.76,0.05,8769.76,8331.27,0,1068.93,2024,8,August,Tuesday,8769.76,8331.271999999999
2024-08-06,ORD038093,CUST01490,P016,Sofa,Furniture,Delhi,Online,Cash,1,31811.01,0.0,31811.01,31811.01,1,-1590.55,2024,8,August,Tuesday,31811.01,31811.01
2024-08-06,ORD042713,CUST01377,P010,Coffee Maker,Home,Jaipur,Store,Debit Card,1,5865.96,0.05,5865.96,5572.66,0,1239.26,2024,8,August,Tuesday,5865.96,5572.661999999999
2024-08-06,ORD027565,CUST04880,P014,Keyboard,Electronics,Mumbai,Online,Credit Card,2,2533.78,0.1,5067.56,4560.8,0,350.46,2024,8,August,Tuesday,5067.56,4560.804
2024-08-07,ORD005881,CUST02975,P020,Microwave,Home,Hyderabad,Online,UPI,1,11752.22,0.0,11752.22,11752.22,0,3468.35,2024,8,August,Wednesday,11752.22,11752.22
2024-08-07,ORD040175,CUST02398,P017,Jeans,Fashion,Chennai,Online,Credit Card,1,3067.16,0.1,3067.16,2760.44,0,310.49,2024,8,August,Wednesday,3067.16,2760.444
2024-08-07,ORD045640,CUST00009,P018,Jacket,Fashion,Chennai,Online,Debit Card,1,5140.32,0.15,5140.32,4369.27,0,486.3,2024,8,August,Wednesday,5140.32,4369.272
2024-08-07,ORD000199,CUST00270,P004,Smartwatch,Electronics,Kolkata,Store,UPI,1,6362.43,0.05,6362.43,6044.31,0,789.74,2024,8,August,Wednesday,6362.43,6044.3085
2024-08-07,ORD041733,CUST03975,P019,Vacuum Cleaner,Home,Delhi,Store,UPI,2,8983.37,0.15,17966.74,15271.73,0,3557.19,2024,8,August,Wednesday,17966.74,15271.729000000001
2024-08-07,ORD033891,CUST00077,P001,Laptop,Electronics,Kolkata,Online,Debit Card,1,69371.25,0.25,69371.25,52028.44,0,2598.98,2024,8,August,Wednesday,69371.25,52028.4375
2024-08-07,ORD045691,CUST02125,P016,Sofa,Furniture,Kolkata,Online,UPI,1,32689.99,0.15,32689.99,27786.49,0,1964.07,2024,8,August,Wednesday,32689.99,27786.4915
2024-08-07,ORD045710,CUST02848,P008,Running Shoes,Fashion,Kolkata,Online,Debit Card,1,4304.09,0.15,4304.09,3658.48,0,304.04,2024,8,August,Wednesday,4304.09,3658.4765
2024-08-07,ORD029780,CUST04357,P004,Smartwatch,Electronics,Bengaluru,Store,Cash,1,6501.13,0.1,6501.13,5851.02,0,1177.48,2024,8,August,Wednesday,6501.13,5851.017
2024-08-07,ORD015446,CUST04336,P009,T-Shirt,Fashion,Delhi,Online,Credit Card,1,1225.81,0.0,1225.81,1225.81,1,-61.29,2024,8,August,Wednesday,1225.81,1225.81
2024-08-07,ORD013140,CUST03579,P013,Monitor,Electronics,Mumbai,Online,Credit Card,1,17959.48,0.1,17959.48,16163.53,0,1505.48,2024,8,August,Wednesday,17959.48,16163.532
2024-08-07,ORD036371,CUST04403,P005,Office Chair,Furniture,Jaipur,Online,Cash,1,10408.68,0.1,10408.68,9367.81,0,618.27,2024,8,August,Wednesday,10408.68,9367.812
2024-08-07,ORD011010,CUST03225,P012,Air Fryer,Home,Jaipur,Store,UPI,2,7878.28,0.05,15756.56,14968.73,0,3778.97,2024,8,August,Wednesday,15756.56,14968.731999999998
2024-08-07,ORD017799,CUST04540,P019,Vacuum Cleaner,Home,Surat,Online,Debit Card,1,8727.55,0.05,8727.55,8291.17,0,2011.26,2024,8,August,Wednesday,8727.55,8291.172499999999
2024-08-07,ORD005688,CUST03243,P002,Smartphone,Electronics,Ahmedabad,Online,UPI,3,30782.43,0.15,92347.29,78495.2,0,13256.56,2024,8,August,Wednesday,92347.29000000001,78495.19649999999
2024-08-07,ORD041934,CUST01565,P013,Monitor,Electronics,Delhi,Online,UPI,2,18264.55,0.05,36529.1,34702.64,1,-1735.13,2024,8,August,Wednesday,36529.1,34702.645
2024-08-07,ORD039764,CUST02679,P016,Sofa,Furniture,Mumbai,Store,Credit Card,1,32278.72,0.05,32278.72,30664.78,1,-1533.24,2024,8,August,Wednesday,32278.72,30664.784
2024-08-07,ORD020600,CUST00854,P011,Mixer Grinder,Home,Ahmedabad,Online,UPI,1,5036.0,0.2,5036.0,4028.8,0,597.83,2024,8,August,Wednesday,5036.0,4028.8
2024-08-07,ORD041938,CUST03445,P001,Laptop,Electronics,Bengaluru,Store,UPI,1,62095.41,0.05,62095.41,58990.64,0,14412.57,2024,8,August,Wednesday,62095.41,58990.6395
2024-08-07,ORD023789,CUST00065,P018,Jacket,Fashion,Hyderabad,Online,Credit Card,1,4767.94,0.1,4767.94,4291.15,0,709.73,2024,8,August,Wednesday,4767.94,4291.146
2024-08-07,ORD026203,CUST03721,P008,Running Shoes,Fashion,Ahmedabad,Store,UPI,2,3806.02,0.0,7612.04,7612.04,0,1268.27,2024,8,August,Wednesday,7612.04,7612.04
2024-08-07,ORD023787,CUST00166,P009,T-Shirt,Fashion,Ahmedabad,Store,Cash,1,1236.75,0.05,1236.75,1174.91,1,-58.75,2024,8,August,Wednesday,1236.75,1174.9125
2024-08-07,ORD040291,CUST04819,P020,Microwave,Home,Pune,Store,UPI,5,10003.08,0.05,50015.4,47514.63,0,3969.37,2024,8,August,Wednesday,50015.4,47514.63
2024-08-07,ORD023471,CUST03112,P006,Desk,Furniture,Surat,Online,Credit Card,2,11722.6,0.05,23445.2,22272.94,0,5669.51,2024,8,August,Wednesday,23445.2,22272.94
2024-08-07,ORD010515,CUST02282,P010,Coffee Maker,Home,Mumbai,Online,UPI,3,5827.35,0.1,17482.05,15733.85,0,1978.11,2024,8,August,Wednesday,17482.050000000003,15733.845
2024-08-07,ORD014539,CUST00136,P012,Air Fryer,Home,Surat,Store,Credit Card,1,7832.24,0.1,7832.24,7049.02,0,580.05,2024,8,August,Wednesday,7832.24,7049.016
2024-08-07,ORD041015,CUST03903,P005,Office Chair,Furniture,Pune,Online,Net Banking,2,9781.95,0.1,19563.9,17607.51,0,4589.49,2024,8,August,Wednesday,19563.9,17607.510000000002
2024-08-07,ORD044885,CUST01259,P014,Keyboard,Electronics,Hyderabad,Online,Cash,1,2511.04,0.05,2511.04,2385.49,0,569.85,2024,8,August,Wednesday,2511.04,2385.488
2024-08-07,ORD041457,CUST01296,P008,Running Shoes,Fashion,Mumbai,Online,UPI,1,3859.46,0.1,3859.46,3473.51,0,702.55,2024,8,August,Wednesday,3859.46,3473.514
2024-08-07,ORD012690,CUST02759,P014,Keyboard,Electronics,Pune,Store,Net Banking,1,2456.89,0.15,2456.89,2088.36,1,-104.42,2024,8,August,Wednesday,2456.89,2088.3565
2024-08-07,ORD007749,CUST00394,P019,Vacuum Cleaner,Home,Jaipur,Online,Cash,1,9270.16,0.0,9270.16,9270.16,0,2688.71,2024,8,August,Wednesday,9270.16,9270.16
2024-08-07,ORD019979,CUST04432,P007,Backpack,Accessories,Kolkata,Online,UPI,1,2196.39,0.1,2196.39,1976.75,0,456.27,2024,8,August,Wednesday,2196.39,1976.751
2024-08-07,ORD040766,CUST03682,P007,Backpack,Accessories,Kolkata,Online,Cash,1,2101.45,0.2,2101.45,1681.16,0,189.35,2024,8,August,Wednesday,2101.45,1681.1599999999999
2024-08-07,ORD003401,CUST03758,P002,Smartphone,Electronics,Mumbai,Online,UPI,5,26913.17,0.1,134565.85,121109.26,0,8775.64,2024,8,August,Wednesday,134565.84999999998,121109.26500000001
2024-08-07,ORD015942,CUST02862,P011,Mixer Grinder,Home,Kolkata,Store,Debit Card,1,4397.61,0.15,4397.61,3737.97,0,502.96,2024,8,August,Wednesday,4397.61,3737.9684999999995
2024-08-07,ORD040653,CUST01157,P019,Vacuum Cleaner,Home,Pune,Online,Net Banking,1,9747.02,0.1,9747.02,8772.32,0,1759.61,2024,8,August,Wednesday,9747.02,8772.318000000001
2024-08-07,ORD030056,CUST00999,P010,Coffee Maker,Home,Pune,Online,Debit Card,1,5846.67,0.2,5846.67,4677.34,0,413.05,2024,8,August,Wednesday,5846.67,4677.336
2024-08-07,ORD048924,CUST00351,P001,Laptop,Electronics,Ahmedabad,Store,Debit Card,4,61700.76,0.0,246803.04,246803.04,0,63380.19,2024,8,August,Wednesday,246803.04,246803.04
2024-08-07,ORD030051,CUST03622,P019,Vacuum Cleaner,Home,Mumbai,Store,Credit Card,2,8391.06,0.1,16782.12,15103.91,0,1345.9,2024,8,August,Wednesday,16782.12,15103.908
2024-08-07,ORD012623,CUST00083,P001,Laptop,Electronics,Bengaluru,Store,UPI,1,60293.89,0.1,60293.89,54264.5,0,3461.46,2024,8,August,Wednesday,60293.89,54264.501000000004
2024-08-07,ORD000331,CUST01926,P003,Headphones,Electronics,Surat,Store,Debit Card,2,4718.03,0.1,9436.06,8492.45,0,873.83,2024,8,August,Wednesday,9436.06,8492.454
2024-08-07,ORD001496,CUST02323,P016,Sofa,Furniture,Chennai,Online,UPI,1,35438.21,0.15,35438.21,30122.48,0,2607.62,2024,8,August,Wednesday,35438.21,30122.478499999997
2024-08-07,ORD004768,CUST04815,P004,Smartwatch,Electronics,Pune,Store,Credit Card,1,7028.98,0.15,7028.98,5974.63,0,664.38,2024,8,August,Wednesday,7028.98,5974.633
2024-08-07,ORD023741,CUST00575,P020,Microwave,Home,Chennai,Store,Cash,2,10906.01,0.05,21812.02,20721.42,0,5238.14,2024,8,August,Wednesday,21812.02,20721.418999999998
2024-08-07,ORD001595,CUST04847,P008,Running Shoes,Fashion,Chennai,Store,Net Banking,1,4004.43,0.05,4004.43,3804.21,0,955.7,2024,8,August,Wednesday,4004.43,3804.2084999999997
2024-08-07,ORD008355,CUST04798,P004,Smartwatch,Electronics,Kolkata,Online,Credit Card,1,7123.04,0.1,7123.04,6410.74,0,681.02,2024,8,August,Wednesday,7123.04,6410.736
2024-08-07,ORD008720,CUST04123,P010,Coffee Maker,Home,Pune,Store,UPI,1,5498.64,0.15,5498.64,4673.84,0,781.7,2024,8,August,Wednesday,5498.64,4673.844
2024-08-07,ORD012260,CUST00546,P008,Running Shoes,Fashion,Delhi,Online,Credit Card,1,4189.85,0.05,4189.85,3980.36,0,563.41,2024,8,August,Wednesday,4189.85,3980.3575
2024-08-07,ORD032855,CUST00818,P018,Jacket,Fashion,Pune,Online,UPI,1,5657.27,0.0,5657.27,5657.27,0,1151.07,2024,8,August,Wednesday,5657.27,5657.27
2024-08-07,ORD042098,CUST04451,P013,Monitor,Electronics,Surat,Online,UPI,1,17365.15,0.05,17365.15,16496.89,0,1885.2,2024,8,August,Wednesday,17365.15,16496.8925
2024-08-07,ORD022028,CUST00834,P005,Office Chair,Furniture,Pune,Store,UPI,1,10232.25,0.05,10232.25,9720.64,0,2114.74,2024,8,August,Wednesday,10232.25,9720.637499999999
2024-08-07,ORD020873,CUST01885,P018,Jacket,Fashion,Mumbai,Online,UPI,3,5322.6,0.1,15967.8,14371.02,0,2438.59,2024,8,August,Wednesday,15967.800000000001,14371.02
2024-08-07,ORD027144,CUST00828,P003,Headphones,Electronics,Bengaluru,Online,Credit Card,1,4624.31,0.0,4624.31,4624.31,0,1255.41,2024,8,August,Wednesday,4624.31,4624.31
2024-08-07,ORD045913,CUST00591,P005,Office Chair,Furniture,Pune,Online,UPI,4,9783.27,0.0,39133.08,39133.08,1,-1956.65,2024,8,August,Wednesday,39133.08,39133.08
2024-08-07,ORD000145,CUST04034,P001,Laptop,Electronics,Bengaluru,Online,UPI,1,63620.24,0.1,63620.24,57258.22,0,4778.23,2024,8,August,Wednesday,63620.24,57258.216
2024-08-07,ORD029370,CUST02713,P018,Jacket,Fashion,Hyderabad,Store,Credit Card,2,5651.54,0.15,11303.08,9607.62,0,2285.69,2024,8,August,Wednesday,11303.08,9607.618
2024-08-07,ORD032454,CUST00063,P017,Jeans,Fashion,Jaipur,Online,Debit Card,2,2944.46,0.1,5888.92,5300.03,0,868.74,2024,8,August,Wednesday,5888.92,5300.028
2024-08-07,ORD015356,CUST00075,P016,Sofa,Furniture,Jaipur,Online,UPI,2,36343.2,0.05,72686.4,69052.08,0,8406.63,2024,8,August,Wednesday,72686.4,69052.07999999999
2024-08-07,ORD014162,CUST00233,P013,Monitor,Electronics,Delhi,Store,UPI,3,17316.08,0.05,51948.24,49350.83,0,13235.93,2024,8,August,Wednesday,51948.240000000005,49350.827999999994
2024-08-07,ORD016564,CUST04230,P002,Smartphone,Electronics,Pune,Online,UPI,1,26596.12,0.1,26596.12,23936.51,1,-1196.83,2024,8,August,Wednesday,26596.12,23936.507999999998
2024-08-07,ORD027542,CUST00785,P016,Sofa,Furniture,Pune,Online,Credit Card,3,32239.94,0.15,96719.82,82211.85,0,11641.26,2024,8,August,Wednesday,96719.81999999999,82211.84700000001
2024-08-07,ORD046859,CUST01440,P008,Running Shoes,Fashion,Surat,Online,UPI,1,4115.15,0.05,4115.15,3909.39,0,715.89,2024,8,August,Wednesday,4115.15,3909.3924999999995
2024-08-07,ORD018652,CUST03633,P002,Smartphone,Electronics,Mumbai,Online,Cash,1,30209.09,0.05,30209.09,28698.64,0,2489.19,2024,8,August,Wednesday,30209.09,28698.6355
2024-08-07,ORD033519,CUST04200,P009,T-Shirt,Fashion,Hyderabad,Online,Debit Card,1,1198.29,0.05,1198.29,1138.38,0,255.5,2024,8,August,Wednesday,1198.29,1138.3754999999999
2024-08-07,ORD037684,CUST03894,P006,Desk,Furniture,Delhi,Online,Credit Card,4,12061.88,0.0,48247.52,48247.52,0,9298.26,2024,8,August,Wednesday,48247.52,48247.52
2024-08-07,ORD026273,CUST01682,P007,Backpack,Accessories,Jaipur,Online,Debit Card,1,2259.52,0.1,2259.52,2033.57,0,304.87,2024,8,August,Wednesday,2259.52,2033.568
2024-08-07,ORD046116,CUST04500,P013,Monitor,Electronics,Mumbai,Store,Credit Card,3,18603.55,0.0,55810.65,55810.65,0,15253.41,2024,8,August,Wednesday,55810.649999999994,55810.65
2024-08-07,ORD011910,CUST01063,P001,Laptop,Electronics,Mumbai,Store,Credit Card,1,67327.89,0.15,67327.89,57228.71,1,-2861.44,2024,8,August,Wednesday,67327.89,57228.7065
2024-08-07,ORD004393,CUST02922,P008,Running Shoes,Fashion,Ahmedabad,Online,UPI,1,4495.03,0.05,4495.03,4270.28,0,1158.8,2024,8,August,Wednesday,4495.03,4270.278499999999
2024-08-07,ORD042787,CUST02460,P007,Backpack,Accessories,Pune,Online,UPI,1,2193.12,0.05,2193.12,2083.46,0,499.45,2024,8,August,Wednesday,2193.12,2083.464
2024-08-07,ORD039669,CUST03140,P016,Sofa,Furniture,Surat,Online,Credit Card,1,34426.31,0.25,34426.31,25819.73,0,2509.68,2024,8,August,Wednesday,34426.31,25819.7325
2024-08-08,ORD026650,CUST02347,P016,Sofa,Furniture,Delhi,Online,UPI,1,37564.14,0.15,37564.14,31929.52,1,-1596.48,2024,8,August,Thursday,37564.14,31929.519
2024-08-08,ORD006265,CUST00936,P003,Headphones,Electronics,Chennai,Online,Debit Card,2,4104.24,0.0,8208.48,8208.48,0,1140.17,2024,8,August,Thursday,8208.48,8208.48
2024-08-08,ORD002643,CUST03738,P010,Coffee Maker,Home,Mumbai,Online,Cash,2,5684.25,0.05,11368.5,10800.08,0,2305.2,2024,8,August,Thursday,11368.5,10800.074999999999
2024-08-08,ORD018370,CUST03127,P017,Jeans,Fashion,Ahmedabad,Store,UPI,2,2674.18,0.05,5348.36,5080.94,0,415.06,2024,8,August,Thursday,5348.36,5080.941999999999
2024-08-08,ORD026327,CUST03723,P011,Mixer Grinder,Home,Chennai,Store,Debit Card,1,4723.62,0.0,4723.62,4723.62,0,1273.34,2024,8,August,Thursday,4723.62,4723.62
2024-08-08,ORD033192,CUST04423,P016,Sofa,Furniture,Pune,Online,Debit Card,1,33291.05,0.05,33291.05,31626.5,0,4839.4,2024,8,August,Thursday,33291.05,31626.4975
2024-08-08,ORD000788,CUST00995,P017,Jeans,Fashion,Kolkata,Online,Credit Card,4,2929.75,0.15,11719.0,9961.15,0,937.09,2024,8,August,Thursday,11719.0,9961.15
2024-08-08,ORD019602,CUST01614,P018,Jacket,Fashion,Pune,Online,Credit Card,1,5519.4,0.1,5519.4,4967.46,0,394.57,2024,8,August,Thursday,5519.4,4967.46
2024-08-08,ORD011431,CUST01859,P011,Mixer Grinder,Home,Pune,Online,Credit Card,3,4843.89,0.1,14531.67,13078.5,0,1020.72,2024,8,August,Thursday,14531.670000000002,13078.503
2024-08-08,ORD020140,CUST04545,P003,Headphones,Electronics,Kolkata,Store,Credit Card,1,4108.1,0.0,4108.1,4108.1,0,816.92,2024,8,August,Thursday,4108.1,4108.1
2024-08-08,ORD012165,CUST04715,P018,Jacket,Fashion,Ahmedabad,Store,Debit Card,2,5197.29,0.05,10394.58,9874.85,0,893.2,2024,8,August,Thursday,10394.58,9874.850999999999
2024-08-08,ORD011848,CUST04987,P018,Jacket,Fashion,Hyderabad,Online,Debit Card,2,4768.43,0.15,9536.86,8106.33,0,1757.43,2024,8,August,Thursday,9536.86,8106.331
2024-08-08,ORD022850,CUST03216,P004,Smartwatch,Electronics,Surat,Store,Debit Card,1,6913.51,0.2,6913.51,5530.81,0,794.79,2024,8,August,Thursday,6913.51,5530.808000000001
2024-08-08,ORD041589,CUST01803,P007,Backpack,Accessories,Pune,Online,Credit Card,1,2037.58,0.1,2037.58,1833.82,0,471.7,2024,8,August,Thursday,2037.58,1833.822
2024-08-08,ORD022939,CUST00344,P003,Headphones,Electronics,Surat,Online,Debit Card,1,4926.75,0.1,4926.75,4434.08,0,973.58,2024,8,August,Thursday,4926.75,4434.075
2024-08-08,ORD046263,CUST00779,P020,Microwave,Home,Jaipur,Online,UPI,1,11826.84,0.0,11826.84,11826.84,0,2573.21,2024,8,August,Thursday,11826.84,11826.84
2024-08-08,ORD000869,CUST02771,P020,Microwave,Home,Kolkata,Online,UPI,1,11000.73,0.0,11000.73,11000.73,0,1262.03,2024,8,August,Thursday,11000.73,11000.73
2024-08-08,ORD005042,CUST00743,P019,Vacuum Cleaner,Home,Kolkata,Online,Credit Card,1,8930.9,0.1,8930.9,8037.81,0,637.92,2024,8,August,Thursday,8930.9,8037.8099999999995
2024-08-08,ORD038207,CUST02130,P013,Monitor,Electronics,Jaipur,Online,UPI,3,19080.83,0.1,57242.49,51518.24,0,8898.38,2024,8,August,Thursday,57242.490000000005,51518.241
2024-08-08,ORD016597,CUST02221,P018,Jacket,Fashion,Mumbai,Store,Credit Card,1,5641.89,0.15,5641.89,4795.61,0,761.92,2024,8,August,Thursday,5641.89,4795.6065
2024-08-08,ORD002361,CUST00876,P007,Backpack,Accessories,Chennai,Online,UPI,1,2014.33,0.15,2014.33,1712.18,0,349.69,2024,8,August,Thursday,2014.33,1712.1805
2024-08-08,ORD034716,CUST03268,P003,Headphones,Electronics,Pune,Online,UPI,4,4666.35,0.2,18665.4,14932.32,0,3067.95,2024,8,August,Thursday,18665.4,14932.320000000002
2024-08-08,ORD000799,CUST01286,P001,Laptop,Electronics,Surat,Online,Cash,1,61486.13,0.15,61486.13,52263.21,0,6897.34,2024,8,August,Thursday,61486.13,52263.210499999994
2024-08-08,ORD034875,CUST04990,P013,Monitor,Electronics,Delhi,Online,Credit Card,2,18580.21,0.25,37160.42,27870.32,0,1790.18,2024,8,August,Thursday,37160.42,27870.315
2024-08-08,ORD015779,CUST02251,P013,Monitor,Electronics,Bengaluru,Online,Debit Card,1,17892.56,0.05,17892.56,16997.93,0,1525.49,2024,8,August,Thursday,17892.56,16997.932
2024-08-08,ORD003839,CUST02129,P016,Sofa,Furniture,Jaipur,Online,UPI,1,37243.2,0.05,37243.2,35381.04,0,8044.74,2024,8,August,Thursday,37243.2,35381.03999999999
2024-08-08,ORD037359,CUST00108,P019,Vacuum Cleaner,Home,Mumbai,Store,UPI,2,9609.55,0.15,19219.1,16336.23,0,1464.58,2024,8,August,Thursday,19219.1,16336.234999999999
2024-08-08,ORD009677,CUST03505,P020,Microwave,Home,Kolkata,Store,UPI,1,11933.12,0.1,11933.12,10739.81,0,2970.19,2024,8,August,Thursday,11933.12,10739.808
2024-08-08,ORD008480,CUST03808,P002,Smartphone,Electronics,Delhi,Online,Credit Card,1,26659.54,0.0,26659.54,26659.54,0,3105.85,2024,8,August,Thursday,26659.54,26659.54
2024-08-08,ORD048375,CUST03189,P020,Microwave,Home,Surat,Store,Credit Card,2,10868.43,0.25,21736.86,16302.64,0,3451.41,2024,8,August,Thursday,21736.86,16302.645
2024-08-08,ORD030727,CUST00023,P003,Headphones,Electronics,Delhi,Online,Net Banking,1,4250.07,0.1,4250.07,3825.06,0,496.27,2024,8,August,Thursday,4250.07,3825.0629999999996
2024-08-08,ORD045027,CUST02327,P011,Mixer Grinder,Home,Ahmedabad,Store,Net Banking,1,4321.71,0.1,4321.71,3889.54,0,527.06,2024,8,August,Thursday,4321.71,3889.539
2024-08-08,ORD002511,CUST03770,P010,Coffee Maker,Home,Mumbai,Store,Credit Card,1,5361.75,0.05,5361.75,5093.66,0,1446.24,2024,8,August,Thursday,5361.75,5093.662499999999
2024-08-08,ORD001365,CUST04869,P011,Mixer Grinder,Home,Surat,Online,Credit Card,2,5119.59,0.2,10239.18,8191.34,0,924.68,2024,8,August,Thursday,10239.18,8191.344000000001
2024-08-08,ORD030684,CUST03498,P016,Sofa,Furniture,Delhi,Online,UPI,2,32664.97,0.0,65329.94,65329.94,0,8577.51,2024,8,August,Thursday,65329.94,65329.94
2024-08-08,ORD010735,CUST04116,P006,Desk,Furniture,Chennai,Online,UPI,1,12049.96,0.0,12049.96,12049.96,0,1338.8,2024,8,August,Thursday,12049.96,12049.96
2024-08-08,ORD040406,CUST00059,P001,Laptop,Electronics,Delhi,Online,Net Banking,2,65140.28,0.1,130280.56,117252.5,0,14704.01,2024,8,August,Thursday,130280.56,117252.504
2024-08-08,ORD011695,CUST03688,P017,Jeans,Fashion,Mumbai,Store,Debit Card,2,3068.09,0.0,6136.18,6136.18,0,581.93,2024,8,August,Thursday,6136.18,6136.18
2024-08-08,ORD015604,CUST01295,P004,Smartwatch,Electronics,Surat,Online,Net Banking,2,7373.04,0.15,14746.08,12534.17,0,2588.38,2024,8,August,Thursday,14746.08,12534.168
2024-08-08,ORD042051,CUST00099,P018,Jacket,Fashion,Pune,Online,Cash,2,5428.66,0.1,10857.32,9771.59,0,2045.81,2024,8,August,Thursday,10857.32,9771.588
2024-08-08,ORD017041,CUST02140,P001,Laptop,Electronics,Hyderabad,Online,UPI,1,70267.73,0.1,70267.73,63240.96,0,8362.71,2024,8,August,Thursday,70267.73,63240.956999999995
2024-08-08,ORD045006,CUST00405,P014,Keyboard,Electronics,Kolkata,Store,Net Banking,2,2631.1,0.2,5262.2,4209.76,0,527.01,2024,8,August,Thursday,5262.2,4209.76
2024-08-08,ORD031994,CUST03058,P007,Backpack,Accessories,Hyderabad,Online,UPI,1,2241.82,0.2,2241.82,1793.46,0,172.82,2024,8,August,Thursday,2241.82,1793.4560000000001
2024-08-08,ORD000397,CUST02582,P018,Jacket,Fashion,Pune,Store,UPI,1,5087.59,0.0,5087.59,5087.59,0,623.51,2024,8,August,Thursday,5087.59,5087.59
2024-08-08,ORD036952,CUST01528,P002,Smartphone,Electronics,Surat,Online,Credit Card,3,28926.76,0.0,86780.28,86780.28,0,19153.5,2024,8,August,Thursday,86780.28,86780.28
2024-08-08,ORD027687,CUST00936,P018,Jacket,Fashion,Surat,Online,Credit Card,5,5477.51,0.1,27387.55,24648.8,0,6497.73,2024,8,August,Thursday,27387.550000000003,24648.795
2024-08-08,ORD011598,CUST00182,P010,Coffee Maker,Home,Ahmedabad,Store,UPI,1,5670.77,0.05,5670.77,5387.23,0,461.88,2024,8,August,Thursday,5670.77,5387.2315
2024-08-08,ORD016743,CUST04164,P019,Vacuum Cleaner,Home,Hyderabad,Online,UPI,1,8312.38,0.1,8312.38,7481.14,0,1856.31,2024,8,August,Thursday,8312.38,7481.142
2024-08-08,ORD016327,CUST03169,P005,Office Chair,Furniture,Hyderabad,Online,Cash,4,9919.52,0.1,39678.08,35710.27,0,7161.95,2024,8,August,Thursday,39678.08,35710.272000000004
2024-08-08,ORD028654,CUST02865,P006,Desk,Furniture,Surat,Online,Credit Card,2,11759.67,0.25,23519.34,17639.5,0,3445.68,2024,8,August,Thursday,23519.34,17639.505
2024-08-08,ORD033155,CUST04844,P017,Jeans,Fashion,Jaipur,Online,Net Banking,1,2759.44,0.1,2759.44,2483.5,0,208.55,2024,8,August,Thursday,2759.44,2483.496
2024-08-08,ORD017816,CUST03148,P004,Smartwatch,Electronics,Kolkata,Online,Debit Card,2,6665.09,0.1,13330.18,11997.16,0,1681.23,2024,8,August,Thursday,13330.18,11997.162
2024-08-08,ORD037739,CUST03288,P003,Headphones,Electronics,Ahmedabad,Online,UPI,1,4702.56,0.1,4702.56,4232.3,0,949.93,2024,8,August,Thursday,4702.56,4232.304
2024-08-08,ORD015158,CUST00655,P003,Headphones,Electronics,Pune,Online,UPI,1,4171.9,0.25,4171.9,3128.92,0,199.48,2024,8,August,Thursday,4171.9,3128.9249999999997
2024-08-08,ORD045587,CUST01623,P002,Smartphone,Electronics,Pune,Online,Credit Card,1,29127.68,0.05,29127.68,27671.3,0,5160.8,2024,8,August,Thursday,29127.68,27671.296
2024-08-08,ORD022757,CUST04524,P012,Air Fryer,Home,Mumbai,Online,Credit Card,1,7514.89,0.1,7514.89,6763.4,0,928.94,2024,8,August,Thursday,7514.89,6763.401000000001
2024-08-08,ORD002403,CUST01645,P008,Running Shoes,Fashion,Chennai,Store,Cash,1,4509.57,0.1,4509.57,4058.61,0,953.82,2024,8,August,Thursday,4509.57,4058.613
2024-08-08,ORD019264,CUST01079,P010,Coffee Maker,Home,Bengaluru,Online,UPI,1,5424.13,0.0,5424.13,5424.13,0,1397.72,2024,8,August,Thursday,5424.13,5424.13
2024-08-08,ORD044379,CUST00567,P003,Headphones,Electronics,Hyderabad,Store,Credit Card,1,4672.67,0.05,4672.67,4439.04,0,1230.35,2024,8,August,Thursday,4672.67,4439.0365
2024-08-08,ORD049797,CUST02041,P006,Desk,Furniture,Pune,Store,UPI,1,12357.19,0.05,12357.19,11739.33,0,889.21,2024,8,August,Thursday,12357.19,11739.3305
2024-08-08,ORD025709,CUST00770,P013,Monitor,Electronics,Bengaluru,Online,Net Banking,3,17352.1,0.1,52056.3,46850.67,0,6375.77,2024,8,August,Thursday,52056.299999999996,46850.670000000006
2024-08-08,ORD019346,CUST01771,P004,Smartwatch,Electronics,Bengaluru,Store,Credit Card,2,6515.2,0.15,13030.4,11075.84,0,2225.98,2024,8,August,Thursday,13030.4,11075.84
2024-08-08,ORD043586,CUST01976,P013,Monitor,Electronics,Hyderabad,Online,Net Banking,2,19508.67,0.0,39017.34,39017.34,0,11354.34,2024,8,August,Thursday,39017.34,39017.34
2024-08-08,ORD027590,CUST00171,P008,Running Shoes,Fashion,Jaipur,Online,Credit Card,1,4087.44,0.2,4087.44,3269.95,0,217.73,2024,8,August,Thursday,4087.44,3269.952
2024-08-08,ORD010178,CUST01179,P010,Coffee Maker,Home,Bengaluru,Online,UPI,1,5655.27,0.05,5655.27,5372.51,0,783.95,2024,8,August,Thursday,5655.27,5372.5065
2024-08-08,ORD027833,CUST03569,P002,Smartphone,Electronics,Delhi,Store,Credit Card,1,30138.9,0.2,30138.9,24111.12,0,1978.31,2024,8,August,Thursday,30138.9,24111.120000000003
2024-08-08,ORD037153,CUST02555,P009,T-Shirt,Fashion,Chennai,Online,Credit Card,1,1202.9,0.1,1202.9,1082.61,0,105.87,2024,8,August,Thursday,1202.9,1082.6100000000001
2024-08-08,ORD004745,CUST00693,P013,Monitor,Electronics,Surat,Store,Credit Card,1,19385.61,0.0,19385.61,19385.61,0,4937.87,2024,8,August,Thursday,19385.61,19385.61
2024-08-08,ORD024912,CUST03786,P003,Headphones,Electronics,Mumbai,Online,UPI,1,4936.33,0.25,4936.33,3702.25,0,701.27,2024,8,August,Thursday,4936.33,3702.2475
2024-08-09,ORD030386,CUST00482,P016,Sofa,Furniture,Bengaluru,Online,Cash,1,35074.88,0.05,35074.88,33321.14,0,6921.26,2024,8,August,Friday,35074.88,33321.136
2024-08-09,ORD018492,CUST00218,P018,Jacket,Fashion,Kolkata,Online,UPI,1,4813.34,0.0,4813.34,4813.34,1,-240.67,2024,8,August,Friday,4813.34,4813.34
2024-08-09,ORD008285,CUST03738,P015,Dining Table,Furniture,Jaipur,Online,Net Banking,5,21309.43,0.15,106547.15,90565.08,0,6724.53,2024,8,August,Friday,106547.15,90565.0775
2024-08-09,ORD030573,CUST01246,P013,Monitor,Electronics,Ahmedabad,Store,Credit Card,3,19758.74,0.0,59276.22,59276.22,0,6885.03,2024,8,August,Friday,59276.22,59276.22
2024-08-09,ORD019222,CUST00877,P008,Running Shoes,Fashion,Pune,Online,Credit Card,2,4562.19,0.0,9124.38,9124.38,0,2695.28,2024,8,August,Friday,9124.38,9124.38
2024-08-09,ORD029789,CUST03562,P017,Jeans,Fashion,Surat,Store,Debit Card,2,2574.24,0.05,5148.48,4891.06,0,1019.43,2024,8,August,Friday,5148.48,4891.056
2024-08-09,ORD015444,CUST03273,P003,Headphones,Electronics,Mumbai,Online,UPI,4,4660.42,0.15,18641.68,15845.43,0,2828.68,2024,8,August,Friday,18641.68,15845.428
2024-08-09,ORD030473,CUST00816,P005,Office Chair,Furniture,Ahmedabad,Store,Credit Card,1,9691.3,0.0,9691.3,9691.3,0,1607.23,2024,8,August,Friday,9691.3,9691.3
2024-08-09,ORD025602,CUST01981,P013,Monitor,Electronics,Chennai,Online,Credit Card,1,19606.71,0.15,19606.71,16665.7,0,2436.75,2024,8,August,Friday,19606.71,16665.7035
2024-08-09,ORD025274,CUST03051,P017,Jeans,Fashion,Mumbai,Store,UPI,1,3078.29,0.2,3078.29,2462.63,1,-123.13,2024,8,August,Friday,3078.29,2462.632
2024-08-09,ORD003224,CUST04536,P004,Smartwatch,Electronics,Surat,Store,UPI,2,6393.86,0.05,12787.72,12148.33,0,1817.09,2024,8,August,Friday,12787.72,12148.333999999999
2024-08-09,ORD030460,CUST03605,P003,Headphones,Electronics,Delhi,Online,UPI,1,4875.98,0.05,4875.98,4632.18,0,625.56,2024,8,August,Friday,4875.98,4632.181
2024-08-09,ORD018208,CUST02438,P007,Backpack,Accessories,Jaipur,Online,Debit Card,1,2301.72,0.0,2301.72,2301.72,0,364.07,2024,8,August,Friday,2301.72,2301.72
2024-08-09,ORD027831,CUST03071,P014,Keyboard,Electronics,Ahmedabad,Online,UPI,1,2684.13,0.05,2684.13,2549.92,0,445.22,2024,8,August,Friday,2684.13,2549.9235
2024-08-09,ORD043130,CUST00575,P013,Monitor,Electronics,Hyderabad,Online,UPI,1,16687.9,0.15,16687.9,14184.72,0,3760.06,2024,8,August,Friday,16687.9,14184.715
2024-08-09,ORD042340,CUST03499,P004,Smartwatch,Electronics,Mumbai,Online,Debit Card,1,6780.78,0.1,6780.78,6102.7,0,1521.31,2024,8,August,Friday,6780.78,6102.702
2024-08-09,ORD008364,CUST01383,P014,Keyboard,Electronics,Delhi,Online,Cash,1,2498.98,0.1,2498.98,2249.08,0,442.65,2024,8,August,Friday,2498.98,2249.082
2024-08-09,ORD018142,CUST00003,P013,Monitor,Electronics,Chennai,Online,UPI,2,18324.93,0.15,36649.86,31152.38,0,4179.4,2024,8,August,Friday,36649.86,31152.381
2024-08-09,ORD025706,CUST03958,P013,Monitor,Electronics,Chennai,Online,Debit Card,1,19375.62,0.1,19375.62,17438.06,0,1046.92,2024,8,August,Friday,19375.62,17438.058
2024-08-09,ORD012868,CUST00005,P019,Vacuum Cleaner,Home,Chennai,Online,Debit Card,1,8920.09,0.25,8920.09,6690.07,0,992.11,2024,8,August,Friday,8920.09,6690.0675
2024-08-09,ORD042769,CUST00036,P015,Dining Table,Furniture,Delhi,Store,Debit Card,2,20456.76,0.15,40913.52,34776.49,0,6046.31,2024,8,August,Friday,40913.52,34776.492
2024-08-09,ORD042296,CUST03829,P005,Office Chair,Furniture,Chennai,Store,Credit Card,1,8821.65,0.15,8821.65,7498.4,0,619.8,2024,8,August,Friday,8821.65,7498.402499999999
2024-08-09,ORD030153,CUST01042,P009,T-Shirt,Fashion,Hyderabad,Store,UPI,1,1224.51,0.2,1224.51,979.61,0,47.24,2024,8,August,Friday,1224.51,979.6080000000001
2024-08-09,ORD021558,CUST00434,P019,Vacuum Cleaner,Home,Chennai,Online,Net Banking,1,8828.63,0.1,8828.63,7945.77,0,1526.18,2024,8,August,Friday,8828.63,7945.767
2024-08-09,ORD014910,CUST03027,P006,Desk,Furniture,Delhi,Online,UPI,1,10881.31,0.15,10881.31,9249.11,0,1883.01,2024,8,August,Friday,10881.31,9249.1135
2024-08-09,ORD022621,CUST00815,P017,Jeans,Fashion,Ahmedabad,Store,UPI,5,2619.23,0.05,13096.15,12441.34,0,2409.94,2024,8,August,Friday,13096.15,12441.342499999999
2024-08-09,ORD048294,CUST02573,P013,Monitor,Electronics,Hyderabad,Online,Credit Card,1,16544.56,0.05,16544.56,15717.33,0,3203.4,2024,8,August,Friday,16544.56,15717.332
2024-08-09,ORD014221,CUST03902,P009,T-Shirt,Fashion,Jaipur,Store,UPI,1,1163.84,0.15,1163.84,989.26,0,68.79,2024,8,August,Friday,1163.84,989.2639999999999
2024-08-09,ORD004236,CUST01646,P013,Monitor,Electronics,Delhi,Online,Credit Card,1,17221.02,0.0,17221.02,17221.02,0,2721.32,2024,8,August,Friday,17221.02,17221.02
2024-08-09,ORD000118,CUST02085,P019,Vacuum Cleaner,Home,Hyderabad,Store,Debit Card,2,9833.39,0.1,19666.78,17700.1,0,3525.45,2024,8,August,Friday,19666.78,17700.102
2024-08-09,ORD026711,CUST01394,P011,Mixer Grinder,Home,Chennai,Online,Debit Card,2,5170.05,0.1,10340.1,9306.09,0,1968.83,2024,8,August,Friday,10340.1,9306.09
2024-08-09,ORD005594,CUST01585,P012,Air Fryer,Home,Pune,Online,UPI,1,7287.87,0.25,7287.87,5465.9,0,545.81,2024,8,August,Friday,7287.87,5465.9025
2024-08-09,ORD010966,CUST00405,P012,Air Fryer,Home,Kolkata,Store,Debit Card,1,7271.69,0.1,7271.69,6544.52,0,794.69,2024,8,August,Friday,7271.69,6544.521
2024-08-09,ORD022035,CUST03345,P001,Laptop,Electronics,Bengaluru,Online,UPI,3,68600.85,0.05,205802.55,195512.42,0,23833.5,2024,8,August,Friday,205802.55000000002,195512.4225
2024-08-09,ORD024106,CUST03677,P010,Coffee Maker,Home,Chennai,Online,Debit Card,1,5867.12,0.1,5867.12,5280.41,0,349.33,2024,8,August,Friday,5867.12,5280.408
2024-08-09,ORD049647,CUST03134,P002,Smartphone,Electronics,Bengaluru,Store,Net Banking,1,27718.28,0.1,27718.28,24946.45,0,1660.31,2024,8,August,Friday,27718.28,24946.452
2024-08-09,ORD010042,CUST01418,P010,Coffee Maker,Home,Delhi,Online,Debit Card,1,5668.07,0.15,5668.07,4817.86,0,1066.71,2024,8,August,Friday,5668.07,4817.8595
2024-08-09,ORD028783,CUST03605,P014,Keyboard,Electronics,Pune,Online,Net Banking,2,2712.65,0.0,5425.3,5425.3,1,-271.27,2024,8,August,Friday,5425.3,5425.3
2024-08-09,ORD026629,CUST04030,P007,Backpack,Accessories,Kolkata,Store,UPI,1,2216.82,0.25,2216.82,1662.62,0,97.15,2024,8,August,Friday,2216.82,1662.6150000000002
2024-08-09,ORD004541,CUST04866,P006,Desk,Furniture,Jaipur,Online,Credit Card,3,13058.56,0.0,39175.68,39175.68,0,4202.85,2024,8,August,Friday,39175.68,39175.68
2024-08-09,ORD015693,CUST01962,P014,Keyboard,Electronics,Mumbai,Store,Credit Card,2,2296.44,0.0,4592.88,4592.88,1,-229.64,2024,8,August,Friday,4592.88,4592.88
2024-08-09,ORD011975,CUST04214,P001,Laptop,Electronics,Delhi,Online,UPI,3,59527.77,0.1,178583.31,160724.98,0,38550.43,2024,8,August,Friday,178583.31,160724.979
2024-08-09,ORD033120,CUST01968,P012,Air Fryer,Home,Hyderabad,Online,UPI,1,7388.93,0.2,7388.93,5911.14,0,590.51,2024,8,August,Friday,7388.93,5911.144
2024-08-09,ORD033111,CUST00745,P012,Air Fryer,Home,Jaipur,Store,Net Banking,1,7537.6,0.1,7537.6,6783.84,0,1737.17,2024,8,August,Friday,7537.6,6783.84
2024-08-09,ORD028982,CUST01826,P019,Vacuum Cleaner,Home,Chennai,Online,UPI,2,9219.04,0.1,18438.08,16594.27,0,2758.4,2024,8,August,Friday,18438.08,16594.272
2024-08-09,ORD020992,CUST00472,P008,Running Shoes,Fashion,Surat,Online,Debit Card,1,4459.26,0.0,4459.26,4459.26,1,-222.96,2024,8,August,Friday,4459.26,4459.26
2024-08-09,ORD007424,CUST03414,P016,Sofa,Furniture,Kolkata,Online,Credit Card,1,35998.88,0.1,35998.88,32398.99,0,4521.82,2024,8,August,Friday,35998.88,32398.992
2024-08-09,ORD013997,CUST03328,P010,Coffee Maker,Home,Pune,Online,Cash,1,5296.71,0.1,5296.71,4767.04,0,734.89,2024,8,August,Friday,5296.71,4767.039
2024-08-09,ORD000221,CUST00041,P001,Laptop,Electronics,Pune,Online,Cash,1,66278.65,0.05,66278.65,62964.72,0,8562.08,2024,8,August,Friday,66278.65,62964.71749999999
2024-08-09,ORD036024,CUST04375,P002,Smartphone,Electronics,Delhi,Online,Credit Card,2,25665.33,0.05,51330.66,48764.13,0,11572.24,2024,8,August,Friday,51330.66,48764.127
2024-08-09,ORD013750,CUST03985,P018,Jacket,Fashion,Hyderabad,Online,Debit Card,1,5610.87,0.1,5610.87,5049.78,0,928.01,2024,8,August,Friday,5610.87,5049.783
2024-08-09,ORD032076,CUST04875,P012,Air Fryer,Home,Ahmedabad,Online,UPI,1,7865.66,0.05,7865.66,7472.38,0,1131.6,2024,8,August,Friday,7865.66,7472.3769999999995
2024-08-09,ORD019906,CUST04607,P009,T-Shirt,Fashion,Mumbai,Online,Debit Card,5,1277.16,0.15,6385.8,5427.93,0,410.42,2024,8,August,Friday,6385.8,5427.93
2024-08-09,ORD034768,CUST04358,P007,Backpack,Accessories,Hyderabad,Online,Credit Card,3,1980.64,0.1,5941.92,5347.73,0,1242.18,2024,8,August,Friday,5941.92,5347.728
2024-08-09,ORD041226,CUST03965,P011,Mixer Grinder,Home,Delhi,Online,UPI,3,4642.76,0.0,13928.28,13928.28,0,2837.65,2024,8,August,Friday,13928.28,13928.28
2024-08-09,ORD041188,CUST03381,P001,Laptop,Electronics,Kolkata,Online,UPI,4,63657.69,0.2,254630.76,203704.61,0,37444.08,2024,8,August,Friday,254630.76,203704.608
2024-08-09,ORD023223,CUST00770,P019,Vacuum Cleaner,Home,Jaipur,Store,UPI,1,9220.89,0.05,9220.89,8759.85,0,2244.32,2024,8,August,Friday,9220.89,8759.8455
2024-08-09,ORD000867,CUST00052,P006,Desk,Furniture,Pune,Online,Credit Card,1,11353.53,0.25,11353.53,8515.15,0,890.46,2024,8,August,Friday,11353.53,8515.147500000001
2024-08-09,ORD006345,CUST03783,P013,Monitor,Electronics,Surat,Store,UPI,2,19085.52,0.1,38171.04,34353.94,0,3721.66,2024,8,August,Friday,38171.04,34353.936
2024-08-09,ORD035213,CUST00272,P009,T-Shirt,Fashion,Pune,Store,Credit Card,4,1249.55,0.1,4998.2,4498.38,0,349.39,2024,8,August,Friday,4998.2,4498.38
2024-08-09,ORD045118,CUST00632,P009,T-Shirt,Fashion,Kolkata,Online,Net Banking,2,1288.95,0.1,2577.9,2320.11,0,215.65,2024,8,August,Friday,2577.9,2320.11
2024-08-09,ORD040718,CUST04943,P003,Headphones,Electronics,Pune,Store,Credit Card,2,4555.68,0.15,9111.36,7744.66,1,-387.23,2024,8,August,Friday,9111.36,7744.656
2024-08-09,ORD040708,CUST00916,P020,Microwave,Home,Hyderabad,Online,Credit Card,1,10004.82,0.05,10004.82,9504.58,0,939.01,2024,8,August,Friday,10004.82,9504.579
2024-08-09,ORD032704,CUST00573,P003,Headphones,Electronics,Chennai,Online,Debit Card,3,4720.41,0.05,14161.23,13453.17,0,3523.41,2024,8,August,Friday,14161.23,13453.1685
2024-08-09,ORD009570,CUST00255,P001,Laptop,Electronics,Hyderabad,Online,UPI,1,60003.56,0.1,60003.56,54003.2,0,13579.24,2024,8,August,Friday,60003.56,54003.204
2024-08-09,ORD000334,CUST04252,P018,Jacket,Fashion,Delhi,Store,UPI,4,5251.32,0.1,21005.28,18904.75,0,3782.61,2024,8,August,Friday,21005.28,18904.752
2024-08-10,ORD000117,CUST04796,P012,Air Fryer,Home,Kolkata,Store,UPI,1,7368.37,0.05,7368.37,6999.95,1,-350.0,2024,8,August,Saturday,7368.37,6999.951499999999
2024-08-10,ORD008952,CUST01160,P014,Keyboard,Electronics,Ahmedabad,Online,Cash,1,2261.08,0.1,2261.08,2034.97,0,139.2,2024,8,August,Saturday,2261.08,2034.972
2024-08-10,ORD025677,CUST03742,P010,Coffee Maker,Home,Pune,Online,UPI,1,5206.08,0.2,5206.08,4164.86,0,281.6,2024,8,August,Saturday,5206.08,4164.8640000000005
2024-08-10,ORD006615,CUST03402,P006,Desk,Furniture,Hyderabad,Online,Cash,3,12503.73,0.1,37511.19,33760.07,0,7614.96,2024,8,August,Saturday,37511.19,33760.071
2024-08-10,ORD015033,CUST01839,P001,Laptop,Electronics,Kolkata,Store,UPI,1,61103.04,0.15,61103.04,51937.58,0,3574.2,2024,8,August,Saturday,61103.04,51937.584
2024-08-10,ORD005851,CUST01015,P008,Running Shoes,Fashion,Chennai,Online,UPI,2,4525.12,0.0,9050.24,9050.24,0,1520.03,2024,8,August,Saturday,9050.24,9050.24
2024-08-10,ORD028525,CUST01940,P020,Microwave,Home,Pune,Store,Net Banking,1,10376.44,0.05,10376.44,9857.62,0,897.32,2024,8,August,Saturday,10376.44,9857.618
2024-08-10,ORD014836,CUST04388,P016,Sofa,Furniture,Ahmedabad,Online,UPI,1,35722.9,0.05,35722.9,33936.75,1,-1696.84,2024,8,August,Saturday,35722.9,33936.755
2024-08-10,ORD005899,CUST03280,P002,Smartphone,Electronics,Hyderabad,Store,Debit Card,3,25488.61,0.05,76465.83,72642.54,0,18119.34,2024,8,August,Saturday,76465.83,72642.5385
2024-08-10,ORD015895,CUST02178,P011,Mixer Grinder,Home,Bengaluru,Online,Debit Card,2,4539.37,0.1,9078.74,8170.87,0,1769.78,2024,8,August,Saturday,9078.74,8170.866
2024-08-10,ORD005152,CUST02851,P010,Coffee Maker,Home,Ahmedabad,Online,UPI,1,5203.01,0.1,5203.01,4682.71,0,785.83,2024,8,August,Saturday,5203.01,4682.709000000001
2024-08-10,ORD037993,CUST03556,P012,Air Fryer,Home,Jaipur,Store,UPI,2,7553.64,0.1,15107.28,13596.55,0,2748.84,2024,8,August,Saturday,15107.28,13596.552000000001
2024-08-10,ORD038167,CUST00104,P017,Jeans,Fashion,Pune,Online,Credit Card,1,2801.36,0.0,2801.36,2801.36,0,273.76,2024,8,August,Saturday,2801.36,2801.36
2024-08-10,ORD044554,CUST02377,P007,Backpack,Accessories,Pune,Store,UPI,1,2152.83,0.05,2152.83,2045.19,1,-102.26,2024,8,August,Saturday,2152.83,2045.1884999999997
2024-08-10,ORD048657,CUST04536,P002,Smartphone,Electronics,Jaipur,Online,UPI,4,27384.31,0.05,109537.24,104060.38,0,9222.9,2024,8,August,Saturday,109537.24,104060.378
2024-08-10,ORD038431,CUST03988,P010,Coffee Maker,Home,Ahmedabad,Store,UPI,1,5031.23,0.05,5031.23,4779.67,0,1124.78,2024,8,August,Saturday,5031.23,4779.6685
2024-08-10,ORD043625,CUST04942,P009,T-Shirt,Fashion,Jaipur,Store,Debit Card,1,1264.94,0.05,1264.94,1201.69,0,344.52,2024,8,August,Saturday,1264.94,1201.693
2024-08-10,ORD014319,CUST01684,P016,Sofa,Furniture,Pune,Store,Debit Card,1,35379.48,0.1,35379.48,31841.53,1,-1592.08,2024,8,August,Saturday,35379.48,31841.532000000003
2024-08-10,ORD005240,CUST02612,P007,Backpack,Accessories,Hyderabad,Online,UPI,3,2415.32,0.1,7245.96,6521.36,0,1149.98,2024,8,August,Saturday,7245.960000000001,6521.3640000000005
2024-08-10,ORD010902,CUST02674,P004,Smartwatch,Electronics,Pune,Online,Net Banking,2,6812.31,0.1,13624.62,12262.16,0,850.37,2024,8,August,Saturday,13624.62,12262.158000000001
2024-08-10,ORD005310,CUST01889,P015,Dining Table,Furniture,Chennai,Online,Net Banking,1,20461.56,0.15,20461.56,17392.33,0,2690.94,2024,8,August,Saturday,20461.56,17392.326
2024-08-10,ORD021909,CUST03301,P016,Sofa,Furniture,Pune,Online,UPI,3,37003.18,0.15,111009.54,94358.11,0,17318.77,2024,8,August,Saturday,111009.54000000001,94358.109
2024-08-10,ORD003227,CUST04395,P020,Microwave,Home,Ahmedabad,Store,UPI,2,10804.43,0.1,21608.86,19447.97,0,3760.74,2024,8,August,Saturday,21608.86,19447.974000000002
2024-08-10,ORD008232,CUST02042,P008,Running Shoes,Fashion,Bengaluru,Online,UPI,3,4355.46,0.25,13066.38,9799.78,0,1512.93,2024,8,August,Saturday,13066.380000000001,9799.785
2024-08-10,ORD023650,CUST03789,P012,Air Fryer,Home,Pune,Online,UPI,1,6830.62,0.1,6830.62,6147.56,0,659.67,2024,8,August,Saturday,6830.62,6147.558
2024-08-10,ORD009796,CUST04577,P017,Jeans,Fashion,Pune,Store,UPI,2,3033.47,0.05,6066.94,5763.59,0,1315.13,2024,8,August,Saturday,6066.94,5763.592999999999
2024-08-10,ORD049735,CUST04682,P014,Keyboard,Electronics,Delhi,Online,Net Banking,2,2543.19,0.05,5086.38,4832.06,0,1225.92,2024,8,August,Saturday,5086.38,4832.061
2024-08-10,ORD049729,CUST00467,P016,Sofa,Furniture,Hyderabad,Online,UPI,1,32515.59,0.05,32515.59,30889.81,0,3465.46,2024,8,August,Saturday,32515.59,30889.8105
2024-08-10,ORD043706,CUST02332,P003,Headphones,Electronics,Mumbai,Store,Net Banking,3,4944.32,0.05,14832.96,14091.31,0,1315.22,2024,8,August,Saturday,14832.96,14091.311999999998
2024-08-10,ORD001180,CUST01270,P006,Desk,Furniture,Delhi,Online,Net Banking,1,12738.01,0.1,12738.01,11464.21,0,1069.6,2024,8,August,Saturday,12738.01,11464.209
2024-08-10,ORD036389,CUST00253,P001,Laptop,Electronics,Jaipur,Online,Net Banking,1,62269.62,0.05,62269.62,59156.14,0,15890.05,2024,8,August,Saturday,62269.62,59156.139
2024-08-10,ORD035472,CUST01072,P009,T-Shirt,Fashion,Jaipur,Online,Debit Card,1,1087.56,0.1,1087.56,978.8,0,219.38,2024,8,August,Saturday,1087.56,978.804
2024-08-10,ORD033408,CUST01526,P016,Sofa,Furniture,Chennai,Online,UPI,1,38024.35,0.15,38024.35,32320.7,0,2463.37,2024,8,August,Saturday,38024.35,32320.6975
2024-08-10,ORD022026,CUST00444,P008,Running Shoes,Fashion,Jaipur,Store,Credit Card,2,4220.38,0.1,8440.76,7596.68,0,869.27,2024,8,August,Saturday,8440.76,7596.684
2024-08-10,ORD002446,CUST00990,P015,Dining Table,Furniture,Pune,Store,Credit Card,2,22729.62,0.1,45459.24,40913.32,0,4873.41,2024,8,August,Saturday,45459.24,40913.316
2024-08-10,ORD006793,CUST03301,P010,Coffee Maker,Home,Pune,Online,Debit Card,2,5973.15,0.2,11946.3,9557.04,0,497.23,2024,8,August,Saturday,11946.3,9557.039999999999
2024-08-10,ORD026748,CUST04190,P011,Mixer Grinder,Home,Mumbai,Online,Credit Card,1,4375.33,0.0,4375.33,4375.33,0,1090.62,2024,8,August,Saturday,4375.33,4375.33
2024-08-10,ORD006680,CUST01753,P002,Smartphone,Electronics,Kolkata,Store,Debit Card,1,26184.29,0.15,26184.29,22256.65,0,1474.8,2024,8,August,Saturday,26184.29,22256.6465
2024-08-10,ORD023107,CUST00223,P015,Dining Table,Furniture,Hyderabad,Online,Credit Card,1,20116.5,0.0,20116.5,20116.5,0,2350.54,2024,8,August,Saturday,20116.5,20116.5
2024-08-10,ORD048334,CUST03695,P004,Smartwatch,Electronics,Ahmedabad,Online,UPI,2,7538.94,0.1,15077.88,13570.09,0,2838.27,2024,8,August,Saturday,15077.88,13570.091999999999
2024-08-10,ORD023623,CUST01658,P003,Headphones,Electronics,Ahmedabad,Store,UPI,1,4506.39,0.05,4506.39,4281.07,0,672.53,2024,8,August,Saturday,4506.39,4281.0705
2024-08-10,ORD035989,CUST00404,P005,Office Chair,Furniture,Mumbai,Online,UPI,1,9943.48,0.0,9943.48,9943.48,0,1924.83,2024,8,August,Saturday,9943.48,9943.48
2024-08-10,ORD028018,CUST03216,P016,Sofa,Furniture,Ahmedabad,Store,Credit Card,1,36735.38,0.05,36735.38,34898.61,0,8762.77,2024,8,August,Saturday,36735.38,34898.611
2024-08-10,ORD027622,CUST03372,P016,Sofa,Furniture,Chennai,Store,Cash,1,36876.0,0.1,36876.0,33188.4,0,9215.02,2024,8,August,Saturday,36876.0,33188.4
2024-08-10,ORD009470,CUST00322,P013,Monitor,Electronics,Jaipur,Online,UPI,1,17238.38,0.0,17238.38,17238.38,0,4035.88,2024,8,August,Saturday,17238.38,17238.38
2024-08-10,ORD020616,CUST03863,P015,Dining Table,Furniture,Mumbai,Store,UPI,2,19940.26,0.1,39880.52,35892.47,0,5845.42,2024,8,August,Saturday,39880.52,35892.468
2024-08-10,ORD039718,CUST01554,P006,Desk,Furniture,Pune,Online,UPI,1,11122.31,0.15,11122.31,9453.96,0,2111.16,2024,8,August,Saturday,11122.31,9453.9635
2024-08-10,ORD017245,CUST00380,P017,Jeans,Fashion,Pune,Store,Credit Card,3,2715.9,0.05,8147.7,7740.32,1,-387.02,2024,8,August,Saturday,8147.700000000001,7740.315
2024-08-10,ORD032194,CUST02842,P005,Office Chair,Furniture,Delhi,Online,UPI,1,8590.32,0.0,8590.32,8590.32,0,2418.33,2024,8,August,Saturday,8590.32,8590.32
2024-08-10,ORD038655,CUST03212,P020,Microwave,Home,Hyderabad,Store,Credit Card,1,11089.06,0.15,11089.06,9425.7,0,1900.03,2024,8,August,Saturday,11089.06,9425.701
2024-08-10,ORD019397,CUST03709,P005,Office Chair,Furniture,Pune,Store,Credit Card,3,8763.62,0.1,26290.86,23661.77,0,2501.0,2024,8,August,Saturday,26290.86,23661.774
2024-08-10,ORD012490,CUST01848,P010,Coffee Maker,Home,Delhi,Online,UPI,1,5009.81,0.0,5009.81,5009.81,0,1308.82,2024,8,August,Saturday,5009.81,5009.81
2024-08-10,ORD012919,CUST03329,P002,Smartphone,Electronics,Ahmedabad,Online,Net Banking,1,28125.6,0.15,28125.6,23906.76,0,2360.7,2024,8,August,Saturday,28125.6,23906.76
2024-08-10,ORD032050,CUST04254,P002,Smartphone,Electronics,Hyderabad,Online,UPI,1,26654.87,0.1,26654.87,23989.38,0,3825.18,2024,8,August,Saturday,26654.87,23989.382999999998
2024-08-10,ORD044811,CUST01543,P010,Coffee Maker,Home,Ahmedabad,Store,Debit Card,1,5162.18,0.0,5162.18,5162.18,0,723.13,2024,8,August,Saturday,5162.18,5162.18
2024-08-10,ORD020410,CUST04690,P018,Jacket,Fashion,Ahmedabad,Online,Credit Card,1,4889.5,0.05,4889.5,4645.02,0,692.67,2024,8,August,Saturday,4889.5,4645.025
2024-08-10,ORD020779,CUST01076,P006,Desk,Furniture,Jaipur,Store,UPI,1,12059.14,0.1,12059.14,10853.23,0,2000.48,2024,8,August,Saturday,12059.14,10853.226
2024-08-10,ORD020382,CUST01057,P014,Keyboard,Electronics,Bengaluru,Store,Credit Card,1,2708.28,0.05,2708.28,2572.87,0,317.44,2024,8,August,Saturday,2708.28,2572.866
2024-08-10,ORD007628,CUST02721,P020,Microwave,Home,Jaipur,Online,Debit Card,1,11140.85,0.1,11140.85,10026.77,0,2742.08,2024,8,August,Saturday,11140.85,10026.765000000001
2024-08-10,ORD045570,CUST02809,P006,Desk,Furniture,Surat,Online,UPI,4,11884.7,0.0,47538.8,47538.8,0,11549.7,2024,8,August,Saturday,47538.8,47538.8
2024-08-10,ORD024937,CUST03071,P016,Sofa,Furniture,Ahmedabad,Online,UPI,2,36066.29,0.05,72132.58,68525.95,0,6327.49,2024,8,August,Saturday,72132.58,68525.951
2024-08-10,ORD004052,CUST02735,P005,Office Chair,Furniture,Ahmedabad,Online,Credit Card,3,8646.99,0.1,25940.97,23346.87,0,4056.37,2024,8,August,Saturday,25940.97,23346.873000000003
2024-08-10,ORD026188,CUST00863,P016,Sofa,Furniture,Surat,Online,Net Banking,1,32478.68,0.2,32478.68,25982.94,0,1889.59,2024,8,August,Saturday,32478.68,25982.944000000003
2024-08-10,ORD027050,CUST01355,P002,Smartphone,Electronics,Mumbai,Online,UPI,1,29593.21,0.0,29593.21,29593.21,0,6371.44,2024,8,August,Saturday,29593.21,29593.21
2024-08-10,ORD041533,CUST00599,P008,Running Shoes,Fashion,Kolkata,Online,UPI,1,4407.18,0.0,4407.18,4407.18,0,884.37,2024,8,August,Saturday,4407.18,4407.18
2024-08-10,ORD002046,CUST02711,P005,Office Chair,Furniture,Surat,Store,Debit Card,1,10367.97,0.15,10367.97,8812.77,0,2345.73,2024,8,August,Saturday,10367.97,8812.7745
2024-08-10,ORD013679,CUST04565,P019,Vacuum Cleaner,Home,Ahmedabad,Online,Net Banking,1,8100.23,0.0,8100.23,8100.23,0,829.89,2024,8,August,Saturday,8100.23,8100.23
2024-08-10,ORD010134,CUST04722,P020,Microwave,Home,Bengaluru,Online,Debit Card,1,11030.25,0.15,11030.25,9375.71,0,979.42,2024,8,August,Saturday,11030.25,9375.7125
2024-08-10,ORD019703,CUST03410,P003,Headphones,Electronics,Surat,Online,UPI,2,4367.58,0.05,8735.16,8298.4,0,1161.08,2024,8,August,Saturday,8735.16,8298.402
2024-08-10,ORD012748,CUST00113,P009,T-Shirt,Fashion,Hyderabad,Online,Debit Card,1,1174.19,0.2,1174.19,939.35,0,166.36,2024,8,August,Saturday,1174.19,939.3520000000001
2024-08-10,ORD040106,CUST04528,P018,Jacket,Fashion,Surat,Online,UPI,2,5648.98,0.25,11297.96,8473.47,0,1155.24,2024,8,August,Saturday,11297.96,8473.47
2024-08-10,ORD019289,CUST04124,P003,Headphones,Electronics,Ahmedabad,Online,Debit Card,1,4292.27,0.05,4292.27,4077.66,1,-203.88,2024,8,August,Saturday,4292.27,4077.6565
2024-08-10,ORD015155,CUST04130,P013,Monitor,Electronics,Bengaluru,Online,Debit Card,1,18175.12,0.0,18175.12,18175.12,0,1883.77,2024,8,August,Saturday,18175.12,18175.12
2024-08-10,ORD032578,CUST00830,P017,Jeans,Fashion,Surat,Online,UPI,3,3069.59,0.15,9208.77,7827.45,0,1310.63,2024,8,August,Saturday,9208.77,7827.4545
2024-08-10,ORD003303,CUST00442,P009,T-Shirt,Fashion,Pune,Store,Credit Card,2,1183.27,0.05,2366.54,2248.21,0,190.1,2024,8,August,Saturday,2366.54,2248.2129999999997
2024-08-10,ORD009652,CUST03555,P003,Headphones,Electronics,Delhi,Store,Credit Card,2,4097.15,0.0,8194.3,8194.3,0,1142.82,2024,8,August,Saturday,8194.3,8194.3
2024-08-10,ORD046111,CUST00853,P010,Coffee Maker,Home,Jaipur,Online,Credit Card,1,5003.38,0.1,5003.38,4503.04,0,908.76,2024,8,August,Saturday,5003.38,4503.042
2024-08-10,ORD017031,CUST04383,P002,Smartphone,Electronics,Chennai,Online,Debit Card,4,29757.27,0.1,119029.08,107126.17,0,14760.27,2024,8,August,Saturday,119029.08,107126.172
2024-08-10,ORD038843,CUST03372,P017,Jeans,Fashion,Chennai,Store,Debit Card,1,3046.48,0.0,3046.48,3046.48,0,547.22,2024,8,August,Saturday,3046.48,3046.48
2024-08-11,ORD047401,CUST04661,P007,Backpack,Accessories,Kolkata,Store,Credit Card,4,2404.18,0.15,9616.72,8174.21,0,1799.77,2024,8,August,Sunday,9616.72,8174.2119999999995
2024-08-11,ORD021450,CUST03116,P010,Coffee Maker,Home,Delhi,Online,UPI,1,5546.03,0.1,5546.03,4991.43,0,556.78,2024,8,August,Sunday,5546.03,4991.427
2024-08-11,ORD047412,CUST00722,P019,Vacuum Cleaner,Home,Pune,Store,Net Banking,2,9043.0,0.0,18086.0,18086.0,0,4590.85,2024,8,August,Sunday,18086.0,18086.0
2024-08-11,ORD048387,CUST04296,P016,Sofa,Furniture,Pune,Online,Credit Card,1,35136.35,0.05,35136.35,33379.53,0,6322.22,2024,8,August,Sunday,35136.35,33379.532499999994
2024-08-11,ORD043422,CUST01942,P017,Jeans,Fashion,Surat,Online,Credit Card,1,2770.77,0.0,2770.77,2770.77,0,240.3,2024,8,August,Sunday,2770.77,2770.77
2024-08-11,ORD027484,CUST00754,P010,Coffee Maker,Home,Hyderabad,Store,UPI,1,5681.36,0.05,5681.36,5397.29,0,791.44,2024,8,August,Sunday,5681.36,5397.2919999999995
2024-08-11,ORD030434,CUST02759,P019,Vacuum Cleaner,Home,Pune,Online,Debit Card,1,9149.78,0.1,9149.78,8234.8,0,1263.47,2024,8,August,Sunday,9149.78,8234.802000000001
2024-08-11,ORD032468,CUST00033,P005,Office Chair,Furniture,Pune,Store,Net Banking,1,10449.29,0.25,10449.29,7836.97,0,1741.58,2024,8,August,Sunday,10449.29,7836.967500000001
2024-08-11,ORD019018,CUST04873,P010,Coffee Maker,Home,Mumbai,Online,Debit Card,2,5422.17,0.1,10844.34,9759.91,0,2476.0,2024,8,August,Sunday,10844.34,9759.906
2024-08-11,ORD019453,CUST01713,P006,Desk,Furniture,Bengaluru,Online,Credit Card,1,12293.35,0.1,12293.35,11064.02,0,1627.95,2024,8,August,Sunday,12293.35,11064.015000000001
2024-08-11,ORD027604,CUST03737,P014,Keyboard,Electronics,Chennai,Online,UPI,1,2602.98,0.0,2602.98,2602.98,0,626.12,2024,8,August,Sunday,2602.98,2602.98
2024-08-11,ORD005787,CUST02586,P016,Sofa,Furniture,Surat,Online,UPI,2,36856.69,0.05,73713.38,70027.71,0,17166.23,2024,8,August,Sunday,73713.38,70027.711
2024-08-11,ORD008454,CUST03803,P019,Vacuum Cleaner,Home,Bengaluru,Store,Cash,4,8100.32,0.05,32401.28,30781.22,0,8265.9,2024,8,August,Sunday,32401.28,30781.215999999997
2024-08-11,ORD006836,CUST00716,P005,Office Chair,Furniture,Chennai,Store,Debit Card,5,8945.04,0.1,44725.2,40252.68,0,3321.54,2024,8,August,Sunday,44725.200000000004,40252.68
2024-08-11,ORD015876,CUST04698,P011,Mixer Grinder,Home,Jaipur,Online,Credit Card,2,5232.4,0.0,10464.8,10464.8,0,2915.25,2024,8,August,Sunday,10464.8,10464.8
2024-08-11,ORD041290,CUST01670,P018,Jacket,Fashion,Ahmedabad,Online,UPI,1,4792.36,0.1,4792.36,4313.12,0,682.44,2024,8,August,Sunday,4792.36,4313.124
2024-08-11,ORD018580,CUST02694,P019,Vacuum Cleaner,Home,Ahmedabad,Online,Credit Card,1,8342.47,0.05,8342.47,7925.35,0,1368.35,2024,8,August,Sunday,8342.47,7925.346499999999
2024-08-11,ORD009647,CUST03571,P015,Dining Table,Furniture,Pune,Online,UPI,4,21378.72,0.25,85514.88,64136.16,1,-3206.81,2024,8,August,Sunday,85514.88,64136.16
2024-08-11,ORD035259,CUST02342,P010,Coffee Maker,Home,Delhi,Online,Debit Card,1,4952.22,0.05,4952.22,4704.61,0,613.95,2024,8,August,Sunday,4952.22,4704.609
2024-08-11,ORD024474,CUST01403,P001,Laptop,Electronics,Bengaluru,Store,UPI,1,71049.14,0.2,71049.14,56839.31,0,3133.85,2024,8,August,Sunday,71049.14,56839.312000000005
2024-08-11,ORD025024,CUST00416,P012,Air Fryer,Home,Mumbai,Online,Credit Card,2,6938.1,0.0,13876.2,13876.2,0,3674.68,2024,8,August,Sunday,13876.2,13876.2
2024-08-11,ORD029893,CUST03113,P003,Headphones,Electronics,Hyderabad,Online,Cash,1,4412.12,0.2,4412.12,3529.7,0,181.7,2024,8,August,Sunday,4412.12,3529.696
2024-08-11,ORD048952,CUST01298,P012,Air Fryer,Home,Hyderabad,Store,Net Banking,1,7180.94,0.15,7180.94,6103.8,0,573.13,2024,8,August,Sunday,7180.94,6103.798999999999
2024-08-11,ORD038429,CUST03154,P016,Sofa,Furniture,Chennai,Online,Debit Card,1,34813.49,0.05,34813.49,33072.82,0,2366.39,2024,8,August,Sunday,34813.49,33072.8155
2024-08-11,ORD012614,CUST03148,P007,Backpack,Accessories,Ahmedabad,Store,Cash,1,2269.2,0.2,2269.2,1815.36,0,188.23,2024,8,August,Sunday,2269.2,1815.36
2024-08-11,ORD047806,CUST02748,P012,Air Fryer,Home,Surat,Online,UPI,1,7637.68,0.1,7637.68,6873.91,0,921.87,2024,8,August,Sunday,7637.68,6873.912
2024-08-11,ORD010581,CUST00129,P003,Headphones,Electronics,Jaipur,Online,Credit Card,1,4917.22,0.1,4917.22,4425.5,0,1058.66,2024,8,August,Sunday,4917.22,4425.4980000000005
2024-08-11,ORD035788,CUST02790,P005,Office Chair,Furniture,Kolkata,Online,UPI,1,9816.8,0.05,9816.8,9325.96,0,1413.91,2024,8,August,Sunday,9816.8,9325.96
2024-08-11,ORD015916,CUST02381,P020,Microwave,Home,Kolkata,Online,Credit Card,1,11821.22,0.15,11821.22,10048.04,0,1287.99,2024,8,August,Sunday,11821.22,10048.036999999998
2024-08-11,ORD001027,CUST04600,P008,Running Shoes,Fashion,Ahmedabad,Store,Credit Card,4,4059.75,0.15,16239.0,13803.15,0,1975.67,2024,8,August,Sunday,16239.0,13803.15
2024-08-11,ORD024903,CUST03773,P006,Desk,Furniture,Bengaluru,Online,UPI,1,11867.17,0.25,11867.17,8900.38,0,376.02,2024,8,August,Sunday,11867.17,8900.3775
2024-08-11,ORD011441,CUST01349,P015,Dining Table,Furniture,Jaipur,Online,UPI,1,22928.29,0.15,22928.29,19489.05,0,4100.78,2024,8,August,Sunday,22928.29,19489.0465
2024-08-11,ORD041108,CUST02561,P015,Dining Table,Furniture,Hyderabad,Store,UPI,1,23746.49,0.1,23746.49,21371.84,0,1915.68,2024,8,August,Sunday,23746.49,21371.841
2024-08-11,ORD026253,CUST00414,P016,Sofa,Furniture,Pune,Store,Credit Card,4,31625.55,0.0,126502.2,126502.2,0,11201.16,2024,8,August,Sunday,126502.2,126502.2
2024-08-11,ORD031451,CUST02627,P008,Running Shoes,Fashion,Chennai,Online,UPI,5,3874.55,0.25,19372.75,14529.56,0,1751.99,2024,8,August,Sunday,19372.75,14529.5625
2024-08-11,ORD017204,CUST00665,P005,Office Chair,Furniture,Mumbai,Store,Cash,4,9612.0,0.0,38448.0,38448.0,0,9668.51,2024,8,August,Sunday,38448.0,38448.0
2024-08-11,ORD045917,CUST00443,P013,Monitor,Electronics,Surat,Online,Net Banking,1,19275.79,0.05,19275.79,18312.0,0,1579.25,2024,8,August,Sunday,19275.79,18312.0005
2024-08-11,ORD007087,CUST02363,P014,Keyboard,Electronics,Ahmedabad,Online,UPI,1,2723.65,0.2,2723.65,2178.92,0,333.72,2024,8,August,Sunday,2723.65,2178.92
2024-08-11,ORD002124,CUST03775,P002,Smartphone,Electronics,Pune,Store,Cash,1,30734.92,0.1,30734.92,27661.43,0,3023.98,2024,8,August,Sunday,30734.92,27661.428
2024-08-11,ORD023441,CUST00142,P012,Air Fryer,Home,Pune,Online,Net Banking,1,7064.74,0.1,7064.74,6358.27,0,1034.36,2024,8,August,Sunday,7064.74,6358.266
2024-08-11,ORD020986,CUST04724,P009,T-Shirt,Fashion,Hyderabad,Online,UPI,2,1281.9,0.0,2563.8,2563.8,0,466.75,2024,8,August,Sunday,2563.8,2563.8
2024-08-11,ORD011906,CUST01561,P004,Smartwatch,Electronics,Kolkata,Online,Credit Card,1,6316.62,0.0,6316.62,6316.62,0,1102.08,2024,8,August,Sunday,6316.62,6316.62
2024-08-11,ORD002261,CUST02447,P008,Running Shoes,Fashion,Kolkata,Online,UPI,3,4299.04,0.2,12897.12,10317.7,0,711.08,2024,8,August,Sunday,12897.119999999999,10317.696000000002
2024-08-11,ORD037553,CUST04463,P012,Air Fryer,Home,Pune,Online,Cash,1,7829.2,0.0,7829.2,7829.2,0,2251.48,2024,8,August,Sunday,7829.2,7829.2
2024-08-11,ORD039417,CUST03426,P013,Monitor,Electronics,Jaipur,Store,UPI,4,17904.85,0.15,71619.4,60876.49,0,11365.99,2024,8,August,Sunday,71619.4,60876.48999999999
2024-08-11,ORD046763,CUST04609,P003,Headphones,Electronics,Delhi,Online,Credit Card,1,4918.01,0.15,4918.01,4180.31,0,760.16,2024,8,August,Sunday,4918.01,4180.3085
2024-08-11,ORD020789,CUST00908,P008,Running Shoes,Fashion,Hyderabad,Online,UPI,1,3799.34,0.15,3799.34,3229.44,0,669.2,2024,8,August,Sunday,3799.34,3229.439
2024-08-11,ORD001702,CUST00555,P002,Smartphone,Electronics,Delhi,Online,Net Banking,1,25741.32,0.1,25741.32,23167.19,0,3973.49,2024,8,August,Sunday,25741.32,23167.188000000002
2024-08-11,ORD015135,CUST03507,P009,T-Shirt,Fashion,Delhi,Store,Credit Card,2,1185.31,0.05,2370.62,2252.09,0,564.69,2024,8,August,Sunday,2370.62,2252.089
2024-08-11,ORD031056,CUST04267,P006,Desk,Furniture,Jaipur,Store,Debit Card,1,11236.97,0.25,11236.97,8427.73,0,845.19,2024,8,August,Sunday,11236.97,8427.727499999999
2024-08-11,ORD042695,CUST04696,P014,Keyboard,Electronics,Surat,Store,Credit Card,3,2420.49,0.1,7261.47,6535.32,0,1557.37,2024,8,August,Sunday,7261.469999999999,6535.323
2024-08-11,ORD015340,CUST00234,P011,Mixer Grinder,Home,Hyderabad,Online,Debit Card,5,4462.11,0.1,22310.55,20079.5,0,2399.5,2024,8,August,Sunday,22310.55,20079.495
2024-08-11,ORD039644,CUST00335,P007,Backpack,Accessories,Mumbai,Online,Debit Card,1,2346.52,0.1,2346.52,2111.87,0,270.53,2024,8,August,Sunday,2346.52,2111.868
2024-08-11,ORD009377,CUST02930,P007,Backpack,Accessories,Chennai,Online,Cash,1,2329.64,0.15,2329.64,1980.19,0,180.68,2024,8,August,Sunday,2329.64,1980.1939999999997
2024-08-11,ORD027721,CUST04289,P018,Jacket,Fashion,Pune,Online,Cash,1,4701.57,0.05,4701.57,4466.49,0,683.62,2024,8,August,Sunday,4701.57,4466.491499999999
2024-08-11,ORD039800,CUST01588,P011,Mixer Grinder,Home,Jaipur,Store,UPI,1,4425.85,0.1,4425.85,3983.27,0,1028.05,2024,8,August,Sunday,4425.85,3983.2650000000003
2024-08-11,ORD011717,CUST00991,P010,Coffee Maker,Home,Surat,Online,UPI,3,5070.35,0.0,15211.05,15211.05,0,4296.56,2024,8,August,Sunday,15211.050000000001,15211.05
2024-08-11,ORD012031,CUST00361,P020,Microwave,Home,Pune,Online,Cash,1,10809.77,0.2,10809.77,8647.82,0,2000.09,2024,8,August,Sunday,10809.77,8647.816
2024-08-11,ORD047237,CUST01698,P011,Mixer Grinder,Home,Jaipur,Online,Credit Card,1,4885.31,0.0,4885.31,4885.31,0,1432.66,2024,8,August,Sunday,4885.31,4885.31
2024-08-11,ORD033638,CUST03008,P020,Microwave,Home,Pune,Online,UPI,2,10345.4,0.0,20690.8,20690.8,0,5688.0,2024,8,August,Sunday,20690.8,20690.8
2024-08-11,ORD043215,CUST04220,P002,Smartphone,Electronics,Chennai,Online,Debit Card,2,26750.97,0.15,53501.94,45476.65,0,6875.75,2024,8,August,Sunday,53501.94,45476.649
2024-08-11,ORD005113,CUST01760,P006,Desk,Furniture,Kolkata,Online,Net Banking,1,11830.38,0.05,11830.38,11238.86,0,1448.76,2024,8,August,Sunday,11830.38,11238.860999999999
2024-08-11,ORD024292,CUST00294,P012,Air Fryer,Home,Pune,Store,UPI,2,7310.05,0.0,14620.1,14620.1,0,3933.94,2024,8,August,Sunday,14620.1,14620.1
2024-08-11,ORD023346,CUST01339,P014,Keyboard,Electronics,Hyderabad,Online,Credit Card,2,2616.94,0.05,5233.88,4972.19,0,882.64,2024,8,August,Sunday,5233.88,4972.186
2024-08-11,ORD016467,CUST03570,P008,Running Shoes,Fashion,Hyderabad,Online,Net Banking,1,4528.51,0.1,4528.51,4075.66,0,402.53,2024,8,August,Sunday,4528.51,4075.659
2024-08-11,ORD033424,CUST01416,P015,Dining Table,Furniture,Surat,Store,UPI,2,20870.95,0.05,41741.9,39654.8,0,9283.42,2024,8,August,Sunday,41741.9,39654.805
2024-08-11,ORD019348,CUST00500,P003,Headphones,Electronics,Kolkata,Online,Credit Card,2,4452.99,0.2,8905.98,7124.78,0,1374.17,2024,8,August,Sunday,8905.98,7124.784
2024-08-11,ORD029004,CUST02160,P012,Air Fryer,Home,Surat,Online,Debit Card,1,7691.78,0.15,7691.78,6538.01,0,922.94,2024,8,August,Sunday,7691.78,6538.013
2024-08-11,ORD043174,CUST04728,P003,Headphones,Electronics,Chennai,Online,Credit Card,2,4639.86,0.0,9279.72,9279.72,0,1189.94,2024,8,August,Sunday,9279.72,9279.72
2024-08-11,ORD017008,CUST01188,P011,Mixer Grinder,Home,Kolkata,Store,UPI,1,5124.9,0.1,5124.9,4612.41,0,715.32,2024,8,August,Sunday,5124.9,4612.41
2024-08-12,ORD044126,CUST01431,P008,Running Shoes,Fashion,Mumbai,Online,Credit Card,3,4452.44,0.05,13357.32,12689.45,0,3248.27,2024,8,August,Monday,13357.32,12689.454
2024-08-12,ORD017656,CUST03502,P004,Smartwatch,Electronics,Bengaluru,Store,Debit Card,5,6666.78,0.1,33333.9,30000.51,0,7496.11,2024,8,August,Monday,33333.9,30000.510000000002
2024-08-12,ORD029709,CUST01124,P013,Monitor,Electronics,Bengaluru,Online,UPI,1,18513.72,0.15,18513.72,15736.66,0,3518.17,2024,8,August,Monday,18513.72,15736.662
2024-08-12,ORD044118,CUST02346,P012,Air Fryer,Home,Jaipur,Store,UPI,1,6878.45,0.0,6878.45,6878.45,0,1653.07,2024,8,August,Monday,6878.45,6878.45
2024-08-12,ORD029953,CUST01717,P017,Jeans,Fashion,Ahmedabad,Online,Cash,1,2980.57,0.15,2980.57,2533.48,1,-126.67,2024,8,August,Monday,2980.57,2533.4845
2024-08-12,ORD017591,CUST00317,P002,Smartphone,Electronics,Delhi,Store,UPI,1,30601.06,0.25,30601.06,22950.8,0,3028.59,2024,8,August,Monday,30601.06,22950.795000000002
2024-08-12,ORD013576,CUST00711,P009,T-Shirt,Fashion,Hyderabad,Online,UPI,1,1246.9,0.05,1246.9,1184.56,0,83.86,2024,8,August,Monday,1246.9,1184.555
2024-08-12,ORD045217,CUST01861,P018,Jacket,Fashion,Kolkata,Online,Cash,1,4889.45,0.1,4889.45,4400.5,0,441.59,2024,8,August,Monday,4889.45,4400.505
2024-08-12,ORD000668,CUST02748,P012,Air Fryer,Home,Hyderabad,Online,Net Banking,1,7304.13,0.15,7304.13,6208.51,1,-310.43,2024,8,August,Monday,7304.13,6208.5105
2024-08-12,ORD013758,CUST01362,P001,Laptop,Electronics,Chennai,Online,Credit Card,1,65628.82,0.1,65628.82,59065.94,0,4842.53,2024,8,August,Monday,65628.82,59065.93800000001
2024-08-12,ORD008515,CUST01977,P006,Desk,Furniture,Bengaluru,Online,Credit Card,3,11387.15,0.0,34161.45,34161.45,0,3148.75,2024,8,August,Monday,34161.45,34161.45
2024-08-12,ORD029462,CUST03451,P009,T-Shirt,Fashion,Mumbai,Store,Net Banking,1,1085.25,0.05,1085.25,1030.99,1,-51.55,2024,8,August,Monday,1085.25,1030.9875
2024-08-12,ORD028544,CUST04608,P019,Vacuum Cleaner,Home,Ahmedabad,Online,Credit Card,3,9086.18,0.25,27258.54,20443.9,0,3200.95,2024,8,August,Monday,27258.54,20443.905
2024-08-12,ORD046070,CUST03605,P015,Dining Table,Furniture,Surat,Online,Credit Card,1,21343.47,0.0,21343.47,21343.47,0,6318.98,2024,8,August,Monday,21343.47,21343.47
2024-08-12,ORD008737,CUST04156,P008,Running Shoes,Fashion,Hyderabad,Store,Credit Card,3,4502.69,0.1,13508.07,12157.26,0,915.44,2024,8,August,Monday,13508.07,12157.263
2024-08-12,ORD028946,CUST00705,P016,Sofa,Furniture,Bengaluru,Store,Net Banking,3,37943.76,0.05,113831.28,108139.72,0,17496.46,2024,8,August,Monday,113831.28,108139.716
2024-08-12,ORD002366,CUST00064,P004,Smartwatch,Electronics,Pune,Online,UPI,4,6951.42,0.2,27805.68,22244.54,0,955.19,2024,8,August,Monday,27805.68,22244.544
2024-08-12,ORD010217,CUST02931,P016,Sofa,Furniture,Chennai,Online,Credit Card,1,37391.31,0.05,37391.31,35521.74,0,4235.6,2024,8,August,Monday,37391.31,35521.74449999999
2024-08-12,ORD044746,CUST03198,P014,Keyboard,Electronics,Delhi,Online,Credit Card,3,2391.53,0.0,7174.59,7174.59,0,919.87,2024,8,August,Monday,7174.59,7174.59
2024-08-12,ORD000771,CUST04313,P018,Jacket,Fashion,Kolkata,Online,Credit Card,1,4912.01,0.0,4912.01,4912.01,0,504.69,2024,8,August,Monday,4912.01,4912.01
2024-08-12,ORD030162,CUST00392,P013,Monitor,Electronics,Chennai,Online,Net Banking,5,16671.3,0.1,83356.5,75020.85,0,12351.72,2024,8,August,Monday,83356.5,75020.85
2024-08-12,ORD012216,CUST01274,P003,Headphones,Electronics,Delhi,Online,UPI,1,4909.49,0.25,4909.49,3682.12,0,699.86,2024,8,August,Monday,4909.49,3682.1175
2024-08-12,ORD007879,CUST00466,P013,Monitor,Electronics,Mumbai,Online,UPI,1,16777.63,0.15,16777.63,14260.99,0,2937.73,2024,8,August,Monday,16777.63,14260.9855
2024-08-12,ORD021135,CUST04404,P013,Monitor,Electronics,Ahmedabad,Online,Credit Card,1,17823.07,0.2,17823.07,14258.46,0,2985.83,2024,8,August,Monday,17823.07,14258.456
2024-08-12,ORD007955,CUST04413,P006,Desk,Furniture,Surat,Online,Credit Card,1,12283.96,0.0,12283.96,12283.96,0,1673.68,2024,8,August,Monday,12283.96,12283.96
2024-08-12,ORD012163,CUST01726,P013,Monitor,Electronics,Chennai,Store,Debit Card,1,18407.05,0.05,18407.05,17486.7,0,3180.3,2024,8,August,Monday,18407.05,17486.6975
2024-08-12,ORD019376,CUST03620,P011,Mixer Grinder,Home,Mumbai,Online,Credit Card,1,4510.63,0.05,4510.63,4285.1,0,308.57,2024,8,August,Monday,4510.63,4285.0985
2024-08-12,ORD003647,CUST02706,P009,T-Shirt,Fashion,Delhi,Store,Net Banking,2,1241.58,0.1,2483.16,2234.84,0,245.65,2024,8,August,Monday,2483.16,2234.844
2024-08-12,ORD004851,CUST02130,P006,Desk,Furniture,Hyderabad,Store,Credit Card,3,13091.62,0.1,39274.86,35347.37,1,-1767.37,2024,8,August,Monday,39274.86,35347.374
2024-08-12,ORD042047,CUST02548,P013,Monitor,Electronics,Hyderabad,Store,Credit Card,1,16302.96,0.0,16302.96,16302.96,0,2660.97,2024,8,August,Monday,16302.96,16302.96
2024-08-12,ORD015074,CUST00844,P014,Keyboard,Electronics,Kolkata,Online,Credit Card,1,2337.29,0.2,2337.29,1869.83,0,241.71,2024,8,August,Monday,2337.29,1869.832
2024-08-12,ORD038033,CUST00420,P007,Backpack,Accessories,Surat,Online,Net Banking,2,2389.92,0.15,4779.84,4062.86,0,286.04,2024,8,August,Monday,4779.84,4062.864
2024-08-12,ORD013019,CUST01480,P015,Dining Table,Furniture,Hyderabad,Online,UPI,1,21522.12,0.1,21522.12,19369.91,0,3564.25,2024,8,August,Monday,21522.12,19369.908
2024-08-12,ORD037907,CUST03627,P019,Vacuum Cleaner,Home,Kolkata,Store,UPI,2,9733.8,0.05,19467.6,18494.22,0,4440.07,2024,8,August,Monday,19467.6,18494.219999999998
2024-08-12,ORD019178,CUST00369,P007,Backpack,Accessories,Delhi,Store,UPI,1,2128.18,0.0,2128.18,2128.18,0,473.1,2024,8,August,Monday,2128.18,2128.18
2024-08-12,ORD024905,CUST04877,P003,Headphones,Electronics,Jaipur,Online,UPI,1,4426.17,0.0,4426.17,4426.17,0,890.67,2024,8,August,Monday,4426.17,4426.17
2024-08-12,ORD032581,CUST03225,P009,T-Shirt,Fashion,Hyderabad,Online,UPI,1,1313.86,0.05,1313.86,1248.17,0,130.64,2024,8,August,Monday,1313.86,1248.167
2024-08-12,ORD041311,CUST03754,P007,Backpack,Accessories,Hyderabad,Online,Net Banking,1,2199.23,0.05,2199.23,2089.27,0,525.79,2024,8,August,Monday,2199.23,2089.2685
2024-08-12,ORD038956,CUST03389,P020,Microwave,Home,Jaipur,Online,Credit Card,1,11671.47,0.25,11671.47,8753.6,0,2184.5,2024,8,August,Monday,11671.47,8753.602499999999
2024-08-12,ORD031902,CUST04303,P011,Mixer Grinder,Home,Ahmedabad,Store,Net Banking,1,5229.4,0.05,5229.4,4967.93,0,794.84,2024,8,August,Monday,5229.4,4967.929999999999
2024-08-12,ORD010602,CUST02005,P015,Dining Table,Furniture,Bengaluru,Store,Debit Card,1,20297.58,0.1,20297.58,18267.82,0,4539.07,2024,8,August,Monday,20297.58,18267.822000000004
2024-08-12,ORD031876,CUST01801,P018,Jacket,Fashion,Kolkata,Online,UPI,1,5092.22,0.15,5092.22,4328.39,0,277.12,2024,8,August,Monday,5092.22,4328.387
2024-08-12,ORD022998,CUST00263,P005,Office Chair,Furniture,Mumbai,Store,UPI,1,9093.03,0.1,9093.03,8183.73,0,1281.37,2024,8,August,Monday,9093.03,8183.727000000001
2024-08-12,ORD031951,CUST00330,P007,Backpack,Accessories,Jaipur,Store,Credit Card,1,2245.48,0.0,2245.48,2245.48,0,443.79,2024,8,August,Monday,2245.48,2245.48
2024-08-12,ORD010643,CUST04809,P013,Monitor,Electronics,Surat,Store,UPI,5,16564.84,0.05,82824.2,78682.99,0,10911.99,2024,8,August,Monday,82824.2,78682.98999999999
2024-08-12,ORD006066,CUST02808,P010,Coffee Maker,Home,Kolkata,Store,Credit Card,1,4958.61,0.1,4958.61,4462.75,0,423.56,2024,8,August,Monday,4958.61,4462.749
2024-08-12,ORD035103,CUST03910,P020,Microwave,Home,Jaipur,Online,Credit Card,2,11427.73,0.25,22855.46,17141.6,0,685.66,2024,8,August,Monday,22855.46,17141.595
2024-08-12,ORD035032,CUST04954,P001,Laptop,Electronics,Chennai,Online,UPI,2,68795.9,0.05,137591.8,130712.21,0,12788.73,2024,8,August,Monday,137591.8,130712.20999999998
2024-08-12,ORD022790,CUST03882,P012,Air Fryer,Home,Kolkata,Store,UPI,2,6480.59,0.1,12961.18,11665.06,0,2560.94,2024,8,August,Monday,12961.18,11665.062
2024-08-12,ORD005974,CUST01267,P010,Coffee Maker,Home,Chennai,Store,UPI,1,6038.2,0.0,6038.2,6038.2,0,1299.19,2024,8,August,Monday,6038.2,6038.2
2024-08-12,ORD011311,CUST04851,P020,Microwave,Home,Hyderabad,Online,Debit Card,3,10841.63,0.15,32524.89,27646.16,0,6911.84,2024,8,August,Monday,32524.89,27646.156499999997
2024-08-12,ORD006792,CUST04478,P014,Keyboard,Electronics,Surat,Online,Debit Card,2,2647.56,0.15,5295.12,4500.85,0,858.7,2024,8,August,Monday,5295.12,4500.852
2024-08-12,ORD032535,CUST02839,P002,Smartphone,Electronics,Ahmedabad,Store,Net Banking,3,30018.56,0.25,90055.68,67541.76,0,9714.01,2024,8,August,Monday,90055.68000000001,67541.76
2024-08-12,ORD041264,CUST03005,P013,Monitor,Electronics,Bengaluru,Store,Credit Card,1,18681.25,0.15,18681.25,15879.06,0,1366.2,2024,8,August,Monday,18681.25,15879.0625
2024-08-12,ORD037822,CUST01390,P010,Coffee Maker,Home,Pune,Online,UPI,3,5946.69,0.0,17840.07,17840.07,0,3447.75,2024,8,August,Monday,17840.07,17840.07
2024-08-12,ORD048958,CUST00970,P002,Smartphone,Electronics,Chennai,Store,Credit Card,1,28696.97,0.15,28696.97,24392.42,0,5576.94,2024,8,August,Monday,28696.97,24392.4245
2024-08-12,ORD007639,CUST04486,P010,Coffee Maker,Home,Chennai,Store,Debit Card,2,5448.54,0.2,10897.08,8717.66,0,858.84,2024,8,August,Monday,10897.08,8717.664
2024-08-12,ORD011983,CUST03073,P018,Jacket,Fashion,Ahmedabad,Online,Credit Card,3,5663.87,0.0,16991.61,16991.61,0,3512.68,2024,8,August,Monday,16991.61,16991.61
2024-08-12,ORD033705,CUST00693,P004,Smartwatch,Electronics,Mumbai,Online,UPI,2,7189.03,0.05,14378.06,13659.16,0,2160.86,2024,8,August,Monday,14378.06,13659.157
2024-08-12,ORD030340,CUST04192,P003,Headphones,Electronics,Bengaluru,Online,UPI,1,4440.68,0.1,4440.68,3996.61,0,954.43,2024,8,August,Monday,4440.68,3996.6120000000005
2024-08-12,ORD005437,CUST00865,P011,Mixer Grinder,Home,Pune,Online,Debit Card,1,5159.8,0.1,5159.8,4643.82,0,1121.63,2024,8,August,Monday,5159.8,4643.820000000001
2024-08-12,ORD025421,CUST04882,P019,Vacuum Cleaner,Home,Surat,Online,UPI,1,9430.8,0.05,9430.8,8959.26,0,1696.25,2024,8,August,Monday,9430.8,8959.259999999998
2024-08-12,ORD011857,CUST03273,P019,Vacuum Cleaner,Home,Jaipur,Online,UPI,1,8325.6,0.2,8325.6,6660.48,0,1408.51,2024,8,August,Monday,8325.6,6660.4800000000005
2024-08-12,ORD010923,CUST00284,P020,Microwave,Home,Hyderabad,Online,Credit Card,3,10891.25,0.2,32673.75,26139.0,0,5242.32,2024,8,August,Monday,32673.75,26139.0
2024-08-12,ORD010920,CUST02242,P004,Smartwatch,Electronics,Chennai,Online,Credit Card,3,7377.98,0.25,22133.94,16600.45,0,2354.76,2024,8,August,Monday,22133.94,16600.454999999998
2024-08-12,ORD034921,CUST03841,P003,Headphones,Electronics,Hyderabad,Store,UPI,2,4332.37,0.2,8664.74,6931.79,0,1486.22,2024,8,August,Monday,8664.74,6931.792
2024-08-12,ORD018775,CUST02577,P003,Headphones,Electronics,Jaipur,Store,Credit Card,5,4500.86,0.15,22504.3,19128.66,0,3928.67,2024,8,August,Monday,22504.3,19128.655
2024-08-12,ORD022079,CUST02788,P011,Mixer Grinder,Home,Mumbai,Store,Cash,2,4420.33,0.0,8840.66,8840.66,0,1143.44,2024,8,August,Monday,8840.66,8840.66
2024-08-12,ORD034537,CUST03114,P014,Keyboard,Electronics,Delhi,Online,Credit Card,1,2396.47,0.05,2396.47,2276.65,0,441.94,2024,8,August,Monday,2396.47,2276.6465
2024-08-12,ORD002988,CUST04171,P011,Mixer Grinder,Home,Hyderabad,Store,UPI,1,4851.67,0.2,4851.67,3881.34,0,658.79,2024,8,August,Monday,4851.67,3881.3360000000002
2024-08-12,ORD008310,CUST01106,P012,Air Fryer,Home,Pune,Online,Net Banking,1,7624.47,0.05,7624.47,7243.25,1,-362.16,2024,8,August,Monday,7624.47,7243.2465
2024-08-12,ORD010980,CUST01398,P013,Monitor,Electronics,Ahmedabad,Online,UPI,1,17235.75,0.2,17235.75,13788.6,0,1969.85,2024,8,August,Monday,17235.75,13788.6
2024-08-12,ORD036222,CUST03488,P007,Backpack,Accessories,Kolkata,Online,Cash,1,2014.97,0.15,2014.97,1712.72,0,427.09,2024,8,August,Monday,2014.97,1712.7245
2024-08-12,ORD006528,CUST01573,P017,Jeans,Fashion,Surat,Store,UPI,2,2891.61,0.0,5783.22,5783.22,0,1337.41,2024,8,August,Monday,5783.22,5783.22
2024-08-12,ORD042811,CUST03956,P013,Monitor,Electronics,Mumbai,Store,UPI,2,16370.06,0.0,32740.12,32740.12,0,7444.41,2024,8,August,Monday,32740.12,32740.12
2024-08-12,ORD021754,CUST03551,P019,Vacuum Cleaner,Home,Pune,Online,UPI,1,8236.41,0.05,8236.41,7824.59,0,987.66,2024,8,August,Monday,8236.41,7824.589499999999
2024-08-12,ORD006603,CUST01321,P006,Desk,Furniture,Ahmedabad,Online,UPI,3,11870.19,0.2,35610.57,28488.46,0,6216.14,2024,8,August,Monday,35610.57,28488.456000000002
2024-08-12,ORD036792,CUST04018,P007,Backpack,Accessories,Ahmedabad,Store,UPI,2,2123.94,0.05,4247.88,4035.49,0,493.91,2024,8,August,Monday,4247.88,4035.486
2024-08-12,ORD013101,CUST03530,P018,Jacket,Fashion,Kolkata,Online,Debit Card,1,5259.94,0.15,5259.94,4470.95,0,229.17,2024,8,August,Monday,5259.94,4470.949
2024-08-12,ORD002996,CUST01410,P019,Vacuum Cleaner,Home,Ahmedabad,Online,Net Banking,1,9393.37,0.1,9393.37,8454.03,0,1975.62,2024,8,August,Monday,9393.37,8454.033000000001
2024-08-13,ORD006956,CUST00679,P007,Backpack,Accessories,Mumbai,Online,UPI,4,2409.53,0.0,9638.12,9638.12,1,-481.91,2024,8,August,Tuesday,9638.12,9638.12
2024-08-13,ORD033384,CUST04859,P001,Laptop,Electronics,Bengaluru,Online,Credit Card,1,62186.02,0.1,62186.02,55967.42,0,4390.93,2024,8,August,Tuesday,62186.02,55967.418
2024-08-13,ORD023672,CUST00256,P016,Sofa,Furniture,Bengaluru,Online,UPI,1,35664.78,0.05,35664.78,33881.54,0,7071.19,2024,8,August,Tuesday,35664.78,33881.541
2024-08-13,ORD008729,CUST00512,P005,Office Chair,Furniture,Pune,Online,Cash,1,9089.13,0.1,9089.13,8180.22,0,635.29,2024,8,August,Tuesday,9089.13,8180.217
2024-08-13,ORD000270,CUST03277,P008,Running Shoes,Fashion,Chennai,Store,Credit Card,1,4535.54,0.0,4535.54,4535.54,0,1298.18,2024,8,August,Tuesday,4535.54,4535.54
2024-08-13,ORD039710,CUST03043,P018,Jacket,Fashion,Kolkata,Online,Credit Card,1,4796.72,0.1,4796.72,4317.05,0,503.75,2024,8,August,Tuesday,4796.72,4317.048000000001
2024-08-13,ORD004321,CUST03305,P016,Sofa,Furniture,Kolkata,Online,Net Banking,3,34489.91,0.0,103469.73,103469.73,0,21823.99,2024,8,August,Tuesday,103469.73000000001,103469.73
2024-08-13,ORD001215,CUST01043,P015,Dining Table,Furniture,Jaipur,Online,Cash,3,21307.43,0.25,63922.29,47941.72,0,3424.78,2024,8,August,Tuesday,63922.29,47941.7175
2024-08-13,ORD012444,CUST01392,P018,Jacket,Fashion,Bengaluru,Online,Credit Card,2,5056.55,0.0,10113.1,10113.1,0,1807.58,2024,8,August,Tuesday,10113.1,10113.1
2024-08-13,ORD010606,CUST00922,P011,Mixer Grinder,Home,Bengaluru,Online,UPI,1,4481.1,0.2,4481.1,3584.88,0,445.51,2024,8,August,Tuesday,4481.1,3584.8800000000006
2024-08-13,ORD017275,CUST02490,P018,Jacket,Fashion,Surat,Store,UPI,2,4873.77,0.0,9747.54,9747.54,0,1087.38,2024,8,August,Tuesday,9747.54,9747.54
2024-08-13,ORD033655,CUST02548,P011,Mixer Grinder,Home,Delhi,Store,UPI,1,4803.69,0.0,4803.69,4803.69,0,919.23,2024,8,August,Tuesday,4803.69,4803.69
2024-08-13,ORD047724,CUST02451,P014,Keyboard,Electronics,Jaipur,Online,Credit Card,1,2715.55,0.15,2715.55,2308.22,0,121.3,2024,8,August,Tuesday,2715.55,2308.2175
2024-08-13,ORD032295,CUST04828,P019,Vacuum Cleaner,Home,Hyderabad,Online,Credit Card,1,9389.92,0.05,9389.92,8920.42,0,1357.94,2024,8,August,Tuesday,9389.92,8920.423999999999
2024-08-13,ORD045925,CUST03627,P001,Laptop,Electronics,Hyderabad,Store,Credit Card,2,63581.71,0.05,127163.42,120805.25,0,31458.08,2024,8,August,Tuesday,127163.42,120805.249
2024-08-13,ORD024613,CUST01537,P013,Monitor,Electronics,Pune,Store,UPI,2,19281.91,0.0,38563.82,38563.82,0,10696.8,2024,8,August,Tuesday,38563.82,38563.82
2024-08-13,ORD005694,CUST04563,P011,Mixer Grinder,Home,Hyderabad,Online,Credit Card,2,4822.05,0.1,9644.1,8679.69,0,2257.66,2024,8,August,Tuesday,9644.1,8679.69
2024-08-13,ORD000109,CUST00825,P008,Running Shoes,Fashion,Surat,Online,Net Banking,4,4290.5,0.1,17162.0,15445.8,0,1710.58,2024,8,August,Tuesday,17162.0,15445.800000000001
2024-08-13,ORD037832,CUST03814,P006,Desk,Furniture,Jaipur,Online,Net Banking,1,11092.88,0.0,11092.88,11092.88,0,1896.01,2024,8,August,Tuesday,11092.88,11092.88
2024-08-13,ORD036275,CUST01601,P001,Laptop,Electronics,Chennai,Online,UPI,1,62499.36,0.05,62499.36,59374.39,0,15408.21,2024,8,August,Tuesday,62499.36,59374.392
2024-08-13,ORD027597,CUST01550,P008,Running Shoes,Fashion,Surat,Online,UPI,4,4360.32,0.05,17441.28,16569.22,0,3108.74,2024,8,August,Tuesday,17441.28,16569.215999999997
2024-08-13,ORD046424,CUST04536,P019,Vacuum Cleaner,Home,Pune,Online,Credit Card,1,8305.61,0.2,8305.61,6644.49,0,1335.58,2024,8,August,Tuesday,8305.61,6644.488000000001
2024-08-13,ORD024413,CUST00811,P001,Laptop,Electronics,Ahmedabad,Online,Credit Card,2,69639.56,0.1,139279.12,125351.21,0,11064.36,2024,8,August,Tuesday,139279.12,125351.208
2024-08-13,ORD036292,CUST04328,P014,Keyboard,Electronics,Ahmedabad,Store,Debit Card,2,2416.93,0.1,4833.86,4350.47,1,-217.52,2024,8,August,Tuesday,4833.86,4350.474
2024-08-13,ORD011963,CUST00297,P019,Vacuum Cleaner,Home,Pune,Store,UPI,1,9753.15,0.05,9753.15,9265.49,0,2106.87,2024,8,August,Tuesday,9753.15,9265.492499999998
2024-08-13,ORD037611,CUST03033,P003,Headphones,Electronics,Surat,Online,Credit Card,2,4200.78,0.15,8401.56,7141.33,0,1192.07,2024,8,August,Tuesday,8401.56,7141.325999999999
2024-08-13,ORD032661,CUST03465,P013,Monitor,Electronics,Hyderabad,Online,Credit Card,1,17178.86,0.1,17178.86,15460.97,0,2542.26,2024,8,August,Tuesday,17178.86,15460.974
2024-08-13,ORD028498,CUST02324,P002,Smartphone,Electronics,Delhi,Store,Debit Card,1,28065.39,0.0,28065.39,28065.39,0,7020.75,2024,8,August,Tuesday,28065.39,28065.39
2024-08-13,ORD036444,CUST00979,P008,Running Shoes,Fashion,Delhi,Online,Debit Card,4,4482.34,0.1,17929.36,16136.42,0,4216.29,2024,8,August,Tuesday,17929.36,16136.424
2024-08-13,ORD024519,CUST03065,P001,Laptop,Electronics,Bengaluru,Store,UPI,1,64690.32,0.2,64690.32,51752.26,0,8240.43,2024,8,August,Tuesday,64690.32,51752.256
2024-08-13,ORD004688,CUST01641,P001,Laptop,Electronics,Chennai,Store,UPI,1,62481.94,0.1,62481.94,56233.75,0,11830.17,2024,8,August,Tuesday,62481.94,56233.74600000001
2024-08-13,ORD049611,CUST01554,P009,T-Shirt,Fashion,Delhi,Online,Credit Card,1,1271.43,0.0,1271.43,1271.43,0,282.83,2024,8,August,Tuesday,1271.43,1271.43
2024-08-13,ORD038935,CUST04193,P012,Air Fryer,Home,Ahmedabad,Online,Credit Card,1,7476.96,0.2,7476.96,5981.57,0,521.99,2024,8,August,Tuesday,7476.96,5981.568
2024-08-13,ORD037448,CUST03977,P017,Jeans,Fashion,Kolkata,Online,Debit Card,4,2585.94,0.1,10343.76,9309.38,1,-465.47,2024,8,August,Tuesday,10343.76,9309.384
2024-08-13,ORD001306,CUST03012,P006,Desk,Furniture,Hyderabad,Store,UPI,4,10882.57,0.0,43530.28,43530.28,0,5346.37,2024,8,August,Tuesday,43530.28,43530.28
2024-08-13,ORD039188,CUST02313,P020,Microwave,Home,Ahmedabad,Online,UPI,1,11910.45,0.1,11910.45,10719.4,0,1878.28,2024,8,August,Tuesday,11910.45,10719.405
2024-08-13,ORD024657,CUST03033,P003,Headphones,Electronics,Hyderabad,Online,Credit Card,1,4476.66,0.0,4476.66,4476.66,0,1302.24,2024,8,August,Tuesday,4476.66,4476.66
2024-08-13,ORD012315,CUST02827,P009,T-Shirt,Fashion,Jaipur,Online,UPI,1,1099.92,0.1,1099.92,989.93,0,215.97,2024,8,August,Tuesday,1099.92,989.9280000000001
2024-08-13,ORD039416,CUST02828,P020,Microwave,Home,Chennai,Store,UPI,1,10469.94,0.05,10469.94,9946.44,0,2796.26,2024,8,August,Tuesday,10469.94,9946.443
2024-08-13,ORD026447,CUST04264,P018,Jacket,Fashion,Jaipur,Online,Credit Card,4,5096.68,0.05,20386.72,19367.38,0,4313.5,2024,8,August,Tuesday,20386.72,19367.384000000002
2024-08-13,ORD016083,CUST01035,P008,Running Shoes,Fashion,Surat,Store,UPI,1,3815.49,0.15,3815.49,3243.17,0,806.3,2024,8,August,Tuesday,3815.49,3243.1665
2024-08-13,ORD024936,CUST03094,P011,Mixer Grinder,Home,Delhi,Online,UPI,1,5095.01,0.0,5095.01,5095.01,0,1097.71,2024,8,August,Tuesday,5095.01,5095.01
2024-08-13,ORD025081,CUST04374,P020,Microwave,Home,Jaipur,Store,Credit Card,3,11496.81,0.05,34490.43,32765.91,0,3564.18,2024,8,August,Tuesday,34490.43,32765.908499999998
2024-08-13,ORD003716,CUST01482,P003,Headphones,Electronics,Hyderabad,Online,Credit Card,3,4301.21,0.1,12903.63,11613.27,0,1043.59,2024,8,August,Tuesday,12903.630000000001,11613.267
2024-08-13,ORD000585,CUST01210,P009,T-Shirt,Fashion,Bengaluru,Online,UPI,1,1092.19,0.05,1092.19,1037.58,0,267.37,2024,8,August,Tuesday,1092.19,1037.5805
2024-08-13,ORD011296,CUST02869,P019,Vacuum Cleaner,Home,Delhi,Online,Debit Card,3,9368.82,0.1,28106.46,25295.81,0,6067.01,2024,8,August,Tuesday,28106.46,25295.814
2024-08-13,ORD008564,CUST00362,P001,Laptop,Electronics,Bengaluru,Online,Debit Card,3,70437.06,0.15,211311.18,179614.5,0,29614.89,2024,8,August,Tuesday,211311.18,179614.503
2024-08-13,ORD009190,CUST00241,P001,Laptop,Electronics,Ahmedabad,Online,Debit Card,1,66889.09,0.1,66889.09,60200.18,0,7182.55,2024,8,August,Tuesday,66889.09,60200.181
2024-08-13,ORD041797,CUST04471,P010,Coffee Maker,Home,Chennai,Online,Credit Card,2,5942.22,0.0,11884.44,11884.44,0,1451.53,2024,8,August,Tuesday,11884.44,11884.44
2024-08-13,ORD019426,CUST00133,P005,Office Chair,Furniture,Kolkata,Online,Debit Card,2,8630.23,0.1,17260.46,15534.41,0,4330.3,2024,8,August,Tuesday,17260.46,15534.413999999999
2024-08-13,ORD019424,CUST00157,P003,Headphones,Electronics,Jaipur,Store,Credit Card,1,4301.29,0.1,4301.29,3871.16,0,731.12,2024,8,August,Tuesday,4301.29,3871.161
2024-08-13,ORD012962,CUST02267,P018,Jacket,Fashion,Kolkata,Online,Credit Card,4,5318.5,0.25,21274.0,15955.5,0,2087.95,2024,8,August,Tuesday,21274.0,15955.5
2024-08-13,ORD000353,CUST00777,P017,Jeans,Fashion,Hyderabad,Store,Credit Card,1,2741.6,0.25,2741.6,2056.2,0,189.22,2024,8,August,Tuesday,2741.6,2056.2
2024-08-13,ORD008525,CUST00744,P015,Dining Table,Furniture,Mumbai,Online,Net Banking,1,20958.86,0.25,20958.86,15719.14,0,1672.59,2024,8,August,Tuesday,20958.86,15719.145
2024-08-13,ORD044551,CUST02420,P018,Jacket,Fashion,Hyderabad,Online,Credit Card,1,4855.08,0.0,4855.08,4855.08,0,391.3,2024,8,August,Tuesday,4855.08,4855.08
2024-08-13,ORD019100,CUST01974,P017,Jeans,Fashion,Chennai,Online,UPI,2,2643.55,0.05,5287.1,5022.74,0,1083.69,2024,8,August,Tuesday,5287.1,5022.745
2024-08-13,ORD042791,CUST00291,P005,Office Chair,Furniture,Jaipur,Online,Credit Card,4,10431.47,0.0,41725.88,41725.88,0,5760.06,2024,8,August,Tuesday,41725.88,41725.88
2024-08-13,ORD018600,CUST01556,P015,Dining Table,Furniture,Mumbai,Store,UPI,3,20924.44,0.0,62773.32,62773.32,0,10800.83,2024,8,August,Tuesday,62773.31999999999,62773.32
2024-08-13,ORD002795,CUST04804,P001,Laptop,Electronics,Mumbai,Online,Credit Card,2,63401.56,0.1,126803.12,114122.81,0,12125.17,2024,8,August,Tuesday,126803.12,114122.808
2024-08-13,ORD043413,CUST00863,P008,Running Shoes,Fashion,Ahmedabad,Online,Credit Card,1,4190.44,0.0,4190.44,4190.44,0,344.77,2024,8,August,Tuesday,4190.44,4190.44
2024-08-13,ORD043477,CUST03450,P016,Sofa,Furniture,Bengaluru,Online,Debit Card,1,31778.45,0.0,31778.45,31778.45,0,5789.59,2024,8,August,Tuesday,31778.45,31778.45
2024-08-13,ORD008270,CUST04732,P017,Jeans,Fashion,Bengaluru,Store,Credit Card,1,2624.99,0.1,2624.99,2362.49,0,247.04,2024,8,August,Tuesday,2624.99,2362.491
2024-08-13,ORD043789,CUST04039,P014,Keyboard,Electronics,Jaipur,Online,Debit Card,2,2680.85,0.15,5361.7,4557.44,0,556.89,2024,8,August,Tuesday,5361.7,4557.445
2024-08-13,ORD027949,CUST03047,P017,Jeans,Fashion,Mumbai,Store,UPI,2,3013.66,0.15,6027.32,5123.22,0,997.47,2024,8,August,Tuesday,6027.32,5123.222
2024-08-13,ORD030981,CUST03064,P002,Smartphone,Electronics,Chennai,Online,UPI,1,25665.04,0.1,25665.04,23098.54,0,2740.8,2024,8,August,Tuesday,25665.04,23098.536
2024-08-13,ORD029629,CUST04959,P002,Smartphone,Electronics,Surat,Store,Credit Card,2,26818.53,0.05,53637.06,50955.21,0,6298.33,2024,8,August,Tuesday,53637.06,50955.206999999995
2024-08-13,ORD049730,CUST03184,P015,Dining Table,Furniture,Delhi,Store,UPI,1,21383.4,0.1,21383.4,19245.06,1,-962.25,2024,8,August,Tuesday,21383.4,19245.06
2024-08-13,ORD031714,CUST02916,P004,Smartwatch,Electronics,Chennai,Online,Debit Card,1,6874.3,0.2,6874.3,5499.44,0,1224.62,2024,8,August,Tuesday,6874.3,5499.4400000000005
2024-08-13,ORD031759,CUST02036,P001,Laptop,Electronics,Jaipur,Store,Debit Card,1,66406.58,0.1,66406.58,59765.92,0,14244.75,2024,8,August,Tuesday,66406.58,59765.922000000006
2024-08-13,ORD023585,CUST02098,P018,Jacket,Fashion,Bengaluru,Online,UPI,1,5454.79,0.0,5454.79,5454.79,0,868.56,2024,8,August,Tuesday,5454.79,5454.79
2024-08-13,ORD008640,CUST02363,P007,Backpack,Accessories,Hyderabad,Store,UPI,1,2270.46,0.2,2270.46,1816.37,0,100.5,2024,8,August,Tuesday,2270.46,1816.3680000000002
2024-08-13,ORD035357,CUST01920,P018,Jacket,Fashion,Hyderabad,Online,UPI,2,5400.74,0.15,10801.48,9181.26,0,1769.79,2024,8,August,Tuesday,10801.48,9181.258
2024-08-13,ORD035238,CUST00835,P010,Coffee Maker,Home,Jaipur,Store,UPI,1,5003.27,0.05,5003.27,4753.11,0,333.62,2024,8,August,Tuesday,5003.27,4753.1065
2024-08-13,ORD000603,CUST02991,P006,Desk,Furniture,Surat,Store,Debit Card,1,11612.96,0.15,11612.96,9871.02,0,938.69,2024,8,August,Tuesday,11612.96,9871.016
2024-08-13,ORD040658,CUST03557,P019,Vacuum Cleaner,Home,Mumbai,Online,UPI,3,9028.77,0.15,27086.31,23023.36,0,5594.8,2024,8,August,Tuesday,27086.31,23023.3635
2024-08-13,ORD004049,CUST01563,P003,Headphones,Electronics,Mumbai,Online,Credit Card,1,4287.34,0.05,4287.34,4072.97,0,542.39,2024,8,August,Tuesday,4287.34,4072.973
2024-08-14,ORD011448,CUST04321,P001,Laptop,Electronics,Jaipur,Store,Debit Card,3,69089.9,0.1,207269.7,186542.73,0,12775.43,2024,8,August,Wednesday,207269.69999999998,186542.73
2024-08-14,ORD001078,CUST04467,P012,Air Fryer,Home,Pune,Store,UPI,1,6633.67,0.05,6633.67,6301.99,0,1557.24,2024,8,August,Wednesday,6633.67,6301.9865
2024-08-14,ORD042454,CUST02539,P020,Microwave,Home,Hyderabad,Online,Credit Card,1,11131.35,0.1,11131.35,10018.22,0,1387.75,2024,8,August,Wednesday,11131.35,10018.215
2024-08-14,ORD047492,CUST04484,P005,Office Chair,Furniture,Jaipur,Online,Credit Card,1,10365.25,0.1,10365.25,9328.72,0,1022.41,2024,8,August,Wednesday,10365.25,9328.725
2024-08-14,ORD013030,CUST03641,P001,Laptop,Electronics,Jaipur,Online,Debit Card,1,68319.79,0.1,68319.79,61487.81,0,15441.86,2024,8,August,Wednesday,68319.79,61487.810999999994
2024-08-14,ORD018333,CUST04689,P017,Jeans,Fashion,Bengaluru,Online,UPI,1,2660.12,0.05,2660.12,2527.11,0,622.43,2024,8,August,Wednesday,2660.12,2527.1139999999996
2024-08-14,ORD000963,CUST04730,P014,Keyboard,Electronics,Mumbai,Online,UPI,1,2716.39,0.0,2716.39,2716.39,0,280.95,2024,8,August,Wednesday,2716.39,2716.39
2024-08-14,ORD025995,CUST01963,P015,Dining Table,Furniture,Ahmedabad,Online,UPI,1,23389.22,0.0,23389.22,23389.22,0,2961.02,2024,8,August,Wednesday,23389.22,23389.22
2024-08-14,ORD047977,CUST00279,P009,T-Shirt,Fashion,Ahmedabad,Store,UPI,1,1130.03,0.1,1130.03,1017.03,0,138.95,2024,8,August,Wednesday,1130.03,1017.027
2024-08-14,ORD026493,CUST02867,P003,Headphones,Electronics,Kolkata,Store,UPI,1,4294.26,0.2,4294.26,3435.41,1,-171.77,2024,8,August,Wednesday,4294.26,3435.4080000000004
2024-08-14,ORD002266,CUST04619,P005,Office Chair,Furniture,Surat,Online,Debit Card,1,9277.87,0.0,9277.87,9277.87,1,-463.89,2024,8,August,Wednesday,9277.87,9277.87
2024-08-14,ORD029054,CUST04199,P019,Vacuum Cleaner,Home,Mumbai,Online,UPI,1,8252.12,0.0,8252.12,8252.12,0,1441.94,2024,8,August,Wednesday,8252.12,8252.12
2024-08-14,ORD034491,CUST04580,P017,Jeans,Fashion,Pune,Online,Credit Card,1,3041.72,0.0,3041.72,3041.72,0,910.33,2024,8,August,Wednesday,3041.72,3041.72
2024-08-14,ORD033649,CUST04803,P011,Mixer Grinder,Home,Surat,Store,UPI,1,5162.14,0.0,5162.14,5162.14,0,1085.76,2024,8,August,Wednesday,5162.14,5162.14
2024-08-14,ORD007508,CUST04478,P012,Air Fryer,Home,Chennai,Store,Net Banking,1,7721.74,0.0,7721.74,7721.74,0,802.38,2024,8,August,Wednesday,7721.74,7721.74
2024-08-14,ORD011054,CUST01404,P009,T-Shirt,Fashion,Jaipur,Store,Net Banking,4,1104.71,0.05,4418.84,4197.9,0,693.36,2024,8,August,Wednesday,4418.84,4197.898
2024-08-14,ORD043727,CUST02791,P009,T-Shirt,Fashion,Surat,Online,Credit Card,1,1142.07,0.1,1142.07,1027.86,1,-51.39,2024,8,August,Wednesday,1142.07,1027.863
2024-08-14,ORD023864,CUST03527,P013,Monitor,Electronics,Chennai,Store,Debit Card,1,19146.07,0.05,19146.07,18188.77,0,3042.01,2024,8,August,Wednesday,19146.07,18188.766499999998
2024-08-14,ORD043694,CUST00714,P016,Sofa,Furniture,Ahmedabad,Store,Credit Card,3,31762.23,0.05,95286.69,90522.36,0,7342.02,2024,8,August,Wednesday,95286.69,90522.3555
2024-08-14,ORD016069,CUST04411,P013,Monitor,Electronics,Hyderabad,Store,Credit Card,2,19790.35,0.05,39580.7,37601.66,0,3620.62,2024,8,August,Wednesday,39580.7,37601.66499999999
2024-08-14,ORD014949,CUST03370,P010,Coffee Maker,Home,Surat,Store,UPI,2,5665.51,0.1,11331.02,10197.92,0,1246.56,2024,8,August,Wednesday,11331.02,10197.918000000001
2024-08-14,ORD001842,CUST04452,P013,Monitor,Electronics,Chennai,Online,UPI,2,19452.74,0.05,38905.48,36960.21,0,10450.04,2024,8,August,Wednesday,38905.48,36960.206
2024-08-14,ORD021930,CUST02145,P012,Air Fryer,Home,Mumbai,Online,UPI,3,6662.66,0.1,19987.98,17989.18,0,2208.18,2024,8,August,Wednesday,19987.98,17989.182
2024-08-14,ORD037383,CUST01154,P015,Dining Table,Furniture,Chennai,Online,Net Banking,1,19868.64,0.0,19868.64,19868.64,0,3721.58,2024,8,August,Wednesday,19868.64,19868.64
2024-08-14,ORD027888,CUST02816,P019,Vacuum Cleaner,Home,Kolkata,Online,Net Banking,1,8814.9,0.0,8814.9,8814.9,0,1017.91,2024,8,August,Wednesday,8814.9,8814.9
2024-08-14,ORD002389,CUST03322,P010,Coffee Maker,Home,Bengaluru,Store,Debit Card,2,5927.27,0.05,11854.54,11261.81,0,2290.69,2024,8,August,Wednesday,11854.54,11261.813
2024-08-14,ORD018395,CUST03713,P013,Monitor,Electronics,Chennai,Store,Debit Card,2,17020.91,0.05,34041.82,32339.73,0,4584.29,2024,8,August,Wednesday,34041.82,32339.729
2024-08-14,ORD033209,CUST00757,P011,Mixer Grinder,Home,Surat,Store,UPI,4,5105.54,0.05,20422.16,19401.05,1,-970.05,2024,8,August,Wednesday,20422.16,19401.052
2024-08-14,ORD037644,CUST03427,P012,Air Fryer,Home,Delhi,Store,UPI,2,7656.11,0.05,15312.22,14546.61,0,2548.81,2024,8,August,Wednesday,15312.22,14546.608999999999
2024-08-14,ORD025536,CUST01234,P002,Smartphone,Electronics,Ahmedabad,Store,Credit Card,1,25316.77,0.2,25316.77,20253.42,0,1732.11,2024,8,August,Wednesday,25316.77,20253.416
2024-08-14,ORD048901,CUST04605,P003,Headphones,Electronics,Mumbai,Store,UPI,5,4773.7,0.1,23868.5,21481.65,0,4553.09,2024,8,August,Wednesday,23868.5,21481.65
2024-08-14,ORD045687,CUST01533,P014,Keyboard,Electronics,Bengaluru,Store,Net Banking,2,2505.76,0.1,5011.52,4510.37,0,692.45,2024,8,August,Wednesday,5011.52,4510.368
2024-08-14,ORD014916,CUST02514,P019,Vacuum Cleaner,Home,Pune,Online,Net Banking,2,8525.84,0.0,17051.68,17051.68,0,4571.19,2024,8,August,Wednesday,17051.68,17051.68
2024-08-14,ORD032038,CUST00730,P003,Headphones,Electronics,Jaipur,Online,Debit Card,1,4550.03,0.15,4550.03,3867.53,1,-193.38,2024,8,August,Wednesday,4550.03,3867.5254999999997
2024-08-14,ORD046683,CUST03129,P020,Microwave,Home,Surat,Store,UPI,2,11919.6,0.1,23839.2,21455.28,0,3054.56,2024,8,August,Wednesday,23839.2,21455.280000000002
2024-08-14,ORD018785,CUST02985,P009,T-Shirt,Fashion,Kolkata,Online,Cash,1,1218.4,0.1,1218.4,1096.56,1,-54.83,2024,8,August,Wednesday,1218.4,1096.5600000000002
2024-08-14,ORD033984,CUST01994,P009,T-Shirt,Fashion,Delhi,Online,Debit Card,1,1141.79,0.1,1141.79,1027.61,1,-51.38,2024,8,August,Wednesday,1141.79,1027.611
2024-08-14,ORD049524,CUST03158,P010,Coffee Maker,Home,Pune,Online,UPI,3,5407.4,0.0,16222.2,16222.2,0,3833.35,2024,8,August,Wednesday,16222.199999999999,16222.2
2024-08-14,ORD006797,CUST03786,P016,Sofa,Furniture,Ahmedabad,Store,Credit Card,4,31545.32,0.15,126181.28,107254.09,0,8339.75,2024,8,August,Wednesday,126181.28,107254.088
2024-08-14,ORD038980,CUST01560,P003,Headphones,Electronics,Bengaluru,Online,UPI,1,4671.3,0.1,4671.3,4204.17,0,935.65,2024,8,August,Wednesday,4671.3,4204.17
2024-08-14,ORD041258,CUST02645,P007,Backpack,Accessories,Ahmedabad,Store,Credit Card,2,2126.68,0.0,4253.36,4253.36,0,825.75,2024,8,August,Wednesday,4253.36,4253.36
2024-08-14,ORD045016,CUST01502,P014,Keyboard,Electronics,Hyderabad,Online,Net Banking,1,2510.52,0.1,2510.52,2259.47,0,300.26,2024,8,August,Wednesday,2510.52,2259.468
2024-08-14,ORD038200,CUST00434,P004,Smartwatch,Electronics,Surat,Store,Cash,1,6378.54,0.1,6378.54,5740.69,0,1438.88,2024,8,August,Wednesday,6378.54,5740.686
2024-08-14,ORD044071,CUST04304,P011,Mixer Grinder,Home,Mumbai,Online,Debit Card,1,5113.78,0.15,5113.78,4346.71,0,907.65,2024,8,August,Wednesday,5113.78,4346.713
2024-08-14,ORD016174,CUST04544,P013,Monitor,Electronics,Kolkata,Online,UPI,1,16499.98,0.1,16499.98,14849.98,0,3618.48,2024,8,August,Wednesday,16499.98,14849.982
2024-08-14,ORD020669,CUST00386,P012,Air Fryer,Home,Mumbai,Online,Credit Card,1,6877.7,0.1,6877.7,6189.93,0,1306.23,2024,8,August,Wednesday,6877.7,6189.93
2024-08-14,ORD035029,CUST01519,P006,Desk,Furniture,Chennai,Store,Credit Card,1,11669.66,0.1,11669.66,10502.69,0,1389.47,2024,8,August,Wednesday,11669.66,10502.694
2024-08-14,ORD049367,CUST03588,P014,Keyboard,Electronics,Surat,Online,UPI,1,2411.12,0.05,2411.12,2290.56,0,198.93,2024,8,August,Wednesday,2411.12,2290.564
2024-08-14,ORD031565,CUST00173,P004,Smartwatch,Electronics,Delhi,Online,Debit Card,3,7485.83,0.05,22457.49,21334.62,0,5935.08,2024,8,August,Wednesday,22457.489999999998,21334.6155
2024-08-14,ORD000355,CUST04144,P018,Jacket,Fashion,Bengaluru,Online,Debit Card,1,5261.96,0.1,5261.96,4735.76,0,969.78,2024,8,August,Wednesday,5261.96,4735.764
2024-08-14,ORD049353,CUST00226,P017,Jeans,Fashion,Hyderabad,Online,Credit Card,5,2997.93,0.2,14989.65,11991.72,0,2847.52,2024,8,August,Wednesday,14989.65,11991.720000000001
2024-08-14,ORD032311,CUST02049,P002,Smartphone,Electronics,Mumbai,Online,Cash,1,29043.01,0.0,29043.01,29043.01,0,4767.6,2024,8,August,Wednesday,29043.01,29043.01
2024-08-14,ORD004444,CUST04445,P004,Smartwatch,Electronics,Ahmedabad,Online,UPI,1,6451.05,0.0,6451.05,6451.05,0,1691.48,2024,8,August,Wednesday,6451.05,6451.05
2024-08-14,ORD029371,CUST02480,P010,Coffee Maker,Home,Ahmedabad,Store,Debit Card,2,5754.25,0.1,11508.5,10357.65,0,2391.36,2024,8,August,Wednesday,11508.5,10357.65
2024-08-14,ORD003943,CUST01421,P007,Backpack,Accessories,Jaipur,Store,Net Banking,1,2392.69,0.0,2392.69,2392.69,1,-119.63,2024,8,August,Wednesday,2392.69,2392.69
2024-08-14,ORD029659,CUST00635,P018,Jacket,Fashion,Jaipur,Online,Debit Card,5,4954.93,0.05,24774.65,23535.92,0,5292.98,2024,8,August,Wednesday,24774.65,23535.9175
2024-08-14,ORD031379,CUST00354,P002,Smartphone,Electronics,Chennai,Online,Net Banking,1,28557.57,0.2,28557.57,22846.06,0,3102.16,2024,8,August,Wednesday,28557.57,22846.056
2024-08-14,ORD016955,CUST02036,P019,Vacuum Cleaner,Home,Kolkata,Store,Debit Card,1,8180.62,0.1,8180.62,7362.56,0,559.35,2024,8,August,Wednesday,8180.62,7362.558
2024-08-14,ORD038835,CUST04107,P004,Smartwatch,Electronics,Surat,Online,UPI,1,7665.78,0.1,7665.78,6899.2,0,560.2,2024,8,August,Wednesday,7665.78,6899.202
2024-08-14,ORD046353,CUST03661,P011,Mixer Grinder,Home,Pune,Online,Credit Card,1,4609.8,0.05,4609.8,4379.31,0,700.07,2024,8,August,Wednesday,4609.8,4379.31
2024-08-14,ORD040612,CUST00158,P020,Microwave,Home,Ahmedabad,Store,Net Banking,1,11546.26,0.1,11546.26,10391.63,0,2067.41,2024,8,August,Wednesday,11546.26,10391.634
2024-08-14,ORD038625,CUST00693,P003,Headphones,Electronics,Chennai,Store,Credit Card,1,4564.27,0.2,4564.27,3651.42,1,-182.57,2024,8,August,Wednesday,4564.27,3651.4160000000006
2024-08-14,ORD031140,CUST02443,P004,Smartwatch,Electronics,Jaipur,Online,Debit Card,4,6961.48,0.0,27845.92,27845.92,0,7091.51,2024,8,August,Wednesday,27845.92,27845.92
2024-08-14,ORD017803,CUST01879,P013,Monitor,Electronics,Hyderabad,Online,Credit Card,2,17931.52,0.05,35863.04,34069.89,0,8019.44,2024,8,August,Wednesday,35863.04,34069.888
2024-08-14,ORD017779,CUST01262,P007,Backpack,Accessories,Surat,Online,Debit Card,3,2361.13,0.0,7083.39,7083.39,0,2041.78,2024,8,August,Wednesday,7083.39,7083.39
2024-08-14,ORD035992,CUST01040,P009,T-Shirt,Fashion,Ahmedabad,Online,UPI,1,1262.3,0.05,1262.3,1199.18,1,-59.96,2024,8,August,Wednesday,1262.3,1199.185
2024-08-14,ORD009980,CUST00778,P004,Smartwatch,Electronics,Delhi,Online,Debit Card,2,7664.09,0.05,15328.18,14561.77,1,-728.09,2024,8,August,Wednesday,15328.18,14561.770999999999
2024-08-14,ORD035240,CUST00027,P003,Headphones,Electronics,Chennai,Store,UPI,2,4449.21,0.0,8898.42,8898.42,0,1919.85,2024,8,August,Wednesday,8898.42,8898.42
2024-08-14,ORD044698,CUST02898,P018,Jacket,Fashion,Chennai,Online,UPI,1,4919.9,0.2,4919.9,3935.92,0,485.29,2024,8,August,Wednesday,4919.9,3935.92
2024-08-14,ORD025002,CUST00850,P002,Smartphone,Electronics,Jaipur,Store,Net Banking,2,28927.55,0.05,57855.1,54962.34,0,4287.47,2024,8,August,Wednesday,57855.1,54962.344999999994
2024-08-14,ORD012211,CUST03867,P013,Monitor,Electronics,Bengaluru,Store,UPI,2,17569.48,0.1,35138.96,31625.06,0,7250.62,2024,8,August,Wednesday,35138.96,31625.064
2024-08-14,ORD039894,CUST03524,P013,Monitor,Electronics,Ahmedabad,Store,Debit Card,1,17825.62,0.1,17825.62,16043.06,0,3614.04,2024,8,August,Wednesday,17825.62,16043.057999999999
2024-08-14,ORD046288,CUST03409,P020,Microwave,Home,Jaipur,Online,Credit Card,5,11523.6,0.1,57618.0,51856.2,0,4953.15,2024,8,August,Wednesday,57618.0,51856.200000000004
2024-08-15,ORD034542,CUST03158,P018,Jacket,Fashion,Jaipur,Online,Debit Card,1,5651.85,0.25,5651.85,4238.89,1,-211.94,2024,8,August,Thursday,5651.85,4238.887500000001
2024-08-15,ORD026819,CUST02267,P015,Dining Table,Furniture,Delhi,Online,UPI,3,23354.13,0.05,70062.39,66559.27,0,7605.5,2024,8,August,Thursday,70062.39,66559.2705
2024-08-15,ORD035360,CUST04411,P006,Desk,Furniture,Chennai,Online,UPI,1,11819.85,0.1,11819.85,10637.86,0,1218.47,2024,8,August,Thursday,11819.85,10637.865
2024-08-15,ORD035950,CUST02267,P009,T-Shirt,Fashion,Hyderabad,Online,Debit Card,4,1201.53,0.15,4806.12,4085.2,0,813.31,2024,8,August,Thursday,4806.12,4085.2019999999998
2024-08-15,ORD005697,CUST00197,P011,Mixer Grinder,Home,Bengaluru,Online,UPI,3,4893.16,0.2,14679.48,11743.58,0,688.07,2024,8,August,Thursday,14679.48,11743.584
2024-08-15,ORD016219,CUST03959,P020,Microwave,Home,Ahmedabad,Store,Debit Card,3,9974.82,0.15,29924.46,25435.79,0,5561.82,2024,8,August,Thursday,29924.46,25435.790999999997
2024-08-15,ORD034135,CUST02055,P009,T-Shirt,Fashion,Kolkata,Online,UPI,3,1173.2,0.1,3519.6,3167.64,0,219.05,2024,8,August,Thursday,3519.6000000000004,3167.64
2024-08-15,ORD034856,CUST02648,P011,Mixer Grinder,Home,Chennai,Online,Net Banking,1,4792.84,0.15,4792.84,4073.91,0,899.25,2024,8,August,Thursday,4792.84,4073.914
2024-08-15,ORD033966,CUST02926,P004,Smartwatch,Electronics,Mumbai,Online,UPI,2,7145.05,0.15,14290.1,12146.58,0,1887.93,2024,8,August,Thursday,14290.1,12146.585
2024-08-15,ORD026890,CUST02979,P005,Office Chair,Furniture,Bengaluru,Online,Credit Card,1,10146.13,0.05,10146.13,9638.82,0,1002.94,2024,8,August,Thursday,10146.13,9638.823499999999
2024-08-15,ORD022961,CUST04492,P020,Microwave,Home,Hyderabad,Online,Debit Card,5,11002.74,0.1,55013.7,49512.33,0,7632.22,2024,8,August,Thursday,55013.7,49512.33
2024-08-15,ORD028617,CUST02446,P016,Sofa,Furniture,Mumbai,Store,Credit Card,2,34185.39,0.1,68370.78,61533.7,0,14205.12,2024,8,August,Thursday,68370.78,61533.702
2024-08-15,ORD001007,CUST04850,P015,Dining Table,Furniture,Kolkata,Online,Credit Card,3,20399.43,0.0,61198.29,61198.29,0,8951.45,2024,8,August,Thursday,61198.29,61198.29
2024-08-15,ORD023777,CUST03144,P001,Laptop,Electronics,Ahmedabad,Store,Net Banking,2,64852.41,0.0,129704.82,129704.82,0,12699.45,2024,8,August,Thursday,129704.82,129704.82
2024-08-15,ORD006067,CUST02030,P012,Air Fryer,Home,Delhi,Online,UPI,2,6781.11,0.0,13562.22,13562.22,0,2976.87,2024,8,August,Thursday,13562.22,13562.22
2024-08-15,ORD011292,CUST03753,P016,Sofa,Furniture,Pune,Online,UPI,1,35497.11,0.25,35497.11,26622.83,0,4539.48,2024,8,August,Thursday,35497.11,26622.8325
2024-08-15,ORD004579,CUST04457,P017,Jeans,Fashion,Delhi,Store,Debit Card,1,2830.35,0.0,2830.35,2830.35,0,511.69,2024,8,August,Thursday,2830.35,2830.35
2024-08-15,ORD024116,CUST03275,P004,Smartwatch,Electronics,Jaipur,Store,UPI,4,7190.47,0.2,28761.88,23009.5,0,1043.47,2024,8,August,Thursday,28761.88,23009.504
2024-08-15,ORD031962,CUST04968,P020,Microwave,Home,Hyderabad,Online,UPI,2,10832.57,0.15,21665.14,18415.37,0,4667.72,2024,8,August,Thursday,21665.14,18415.369
2024-08-15,ORD007633,CUST01086,P009,T-Shirt,Fashion,Ahmedabad,Online,UPI,1,1203.42,0.0,1203.42,1203.42,0,310.7,2024,8,August,Thursday,1203.42,1203.42
2024-08-15,ORD026235,CUST01138,P002,Smartphone,Electronics,Chennai,Online,Credit Card,1,28544.45,0.1,28544.45,25690.0,0,4006.94,2024,8,August,Thursday,28544.45,25690.005
2024-08-15,ORD045582,CUST01634,P014,Keyboard,Electronics,Hyderabad,Online,Credit Card,1,2298.73,0.1,2298.73,2068.86,0,558.03,2024,8,August,Thursday,2298.73,2068.857
2024-08-15,ORD031927,CUST04764,P007,Backpack,Accessories,Surat,Online,Net Banking,3,2145.58,0.2,6436.74,5149.39,0,450.79,2024,8,August,Thursday,6436.74,5149.392
2024-08-15,ORD020179,CUST00074,P019,Vacuum Cleaner,Home,Bengaluru,Store,Credit Card,1,8340.89,0.1,8340.89,7506.8,0,994.48,2024,8,August,Thursday,8340.89,7506.8009999999995
2024-08-15,ORD017437,CUST03632,P020,Microwave,Home,Mumbai,Online,Credit Card,1,11201.11,0.1,11201.11,10081.0,0,824.66,2024,8,August,Thursday,11201.11,10080.999000000002
2024-08-15,ORD012617,CUST04161,P017,Jeans,Fashion,Kolkata,Online,Credit Card,1,2532.86,0.05,2532.86,2406.22,0,632.07,2024,8,August,Thursday,2532.86,2406.217
2024-08-15,ORD045429,CUST00865,P019,Vacuum Cleaner,Home,Pune,Online,Net Banking,1,8158.9,0.1,8158.9,7343.01,0,1843.6,2024,8,August,Thursday,8158.9,7343.01
2024-08-15,ORD017482,CUST00465,P016,Sofa,Furniture,Surat,Online,Credit Card,1,37404.12,0.2,37404.12,29923.3,0,5207.9,2024,8,August,Thursday,37404.12,29923.296000000002
2024-08-15,ORD045276,CUST03947,P014,Keyboard,Electronics,Hyderabad,Online,UPI,1,2342.9,0.05,2342.9,2225.76,0,176.6,2024,8,August,Thursday,2342.9,2225.755
2024-08-15,ORD040692,CUST00512,P001,Laptop,Electronics,Ahmedabad,Online,Debit Card,2,63507.52,0.1,127015.04,114313.54,0,13475.29,2024,8,August,Thursday,127015.04,114313.536
2024-08-15,ORD040867,CUST04703,P013,Monitor,Electronics,Pune,Store,Debit Card,1,19694.28,0.0,19694.28,19694.28,0,5623.69,2024,8,August,Thursday,19694.28,19694.28
2024-08-15,ORD045101,CUST04676,P010,Coffee Maker,Home,Mumbai,Online,Net Banking,1,5531.8,0.15,5531.8,4702.03,0,1158.97,2024,8,August,Thursday,5531.8,4702.03
2024-08-15,ORD041193,CUST04050,P017,Jeans,Fashion,Bengaluru,Store,UPI,1,2672.08,0.15,2672.08,2271.27,0,406.3,2024,8,August,Thursday,2672.08,2271.268
2024-08-15,ORD007845,CUST04255,P019,Vacuum Cleaner,Home,Bengaluru,Store,Credit Card,4,9891.69,0.1,39566.76,35610.08,0,5103.63,2024,8,August,Thursday,39566.76,35610.084
2024-08-15,ORD019652,CUST00715,P007,Backpack,Accessories,Hyderabad,Online,Credit Card,1,2302.51,0.15,2302.51,1957.13,0,429.7,2024,8,August,Thursday,2302.51,1957.1335000000001
2024-08-15,ORD003481,CUST01635,P001,Laptop,Electronics,Hyderabad,Store,Credit Card,1,70457.56,0.1,70457.56,63411.8,0,3955.77,2024,8,August,Thursday,70457.56,63411.804
2024-08-15,ORD042067,CUST04848,P009,T-Shirt,Fashion,Mumbai,Store,UPI,5,1082.33,0.1,5411.65,4870.48,0,1027.46,2024,8,August,Thursday,5411.65,4870.485
2024-08-15,ORD042206,CUST02438,P001,Laptop,Electronics,Ahmedabad,Online,UPI,1,59903.77,0.15,59903.77,50918.2,0,6055.71,2024,8,August,Thursday,59903.77,50918.20449999999
2024-08-15,ORD002320,CUST02064,P011,Mixer Grinder,Home,Surat,Online,Credit Card,4,5143.09,0.1,20572.36,18515.12,0,1487.26,2024,8,August,Thursday,20572.36,18515.124
2024-08-15,ORD013167,CUST00247,P015,Dining Table,Furniture,Chennai,Online,Cash,1,21111.26,0.1,21111.26,19000.13,0,3910.63,2024,8,August,Thursday,21111.26,19000.134
2024-08-15,ORD043086,CUST01009,P003,Headphones,Electronics,Chennai,Store,UPI,1,4462.48,0.15,4462.48,3793.11,0,648.44,2024,8,August,Thursday,4462.48,3793.1079999999997
2024-08-15,ORD002392,CUST04844,P009,T-Shirt,Fashion,Bengaluru,Online,UPI,1,1142.74,0.15,1142.74,971.33,0,136.31,2024,8,August,Thursday,1142.74,971.329
2024-08-15,ORD013327,CUST00974,P017,Jeans,Fashion,Pune,Store,UPI,1,2974.54,0.1,2974.54,2677.09,0,584.26,2024,8,August,Thursday,2974.54,2677.0860000000002
2024-08-15,ORD043960,CUST03873,P016,Sofa,Furniture,Delhi,Store,Cash,1,38448.53,0.0,38448.53,38448.53,1,-1922.43,2024,8,August,Thursday,38448.53,38448.53
2024-08-15,ORD030166,CUST02229,P017,Jeans,Fashion,Ahmedabad,Store,UPI,3,2524.62,0.0,7573.86,7573.86,0,2156.01,2024,8,August,Thursday,7573.86,7573.86
2024-08-15,ORD001835,CUST02395,P002,Smartphone,Electronics,Chennai,Online,UPI,2,26631.6,0.05,53263.2,50600.04,0,11701.43,2024,8,August,Thursday,53263.2,50600.03999999999
2024-08-15,ORD013803,CUST02342,P001,Laptop,Electronics,Bengaluru,Store,Debit Card,1,58893.57,0.15,58893.57,50059.53,0,3890.03,2024,8,August,Thursday,58893.57,50059.5345
2024-08-15,ORD012497,CUST04475,P010,Coffee Maker,Home,Kolkata,Online,UPI,1,5324.34,0.05,5324.34,5058.12,1,-252.91,2024,8,August,Thursday,5324.34,5058.123
2024-08-15,ORD032143,CUST04350,P017,Jeans,Fashion,Hyderabad,Online,Debit Card,1,3054.14,0.1,3054.14,2748.73,0,741.3,2024,8,August,Thursday,3054.14,2748.726
2024-08-15,ORD008985,CUST02812,P020,Microwave,Home,Hyderabad,Store,UPI,1,12019.45,0.1,12019.45,10817.5,0,1884.77,2024,8,August,Thursday,12019.45,10817.505000000001
2024-08-15,ORD037324,CUST03236,P001,Laptop,Electronics,Jaipur,Store,UPI,5,65391.63,0.05,326958.15,310610.24,0,62168.22,2024,8,August,Thursday,326958.14999999997,310610.2425
2024-08-15,ORD046870,CUST03000,P003,Headphones,Electronics,Kolkata,Store,Credit Card,1,4310.02,0.1,4310.02,3879.02,0,791.29,2024,8,August,Thursday,4310.02,3879.0180000000005
2024-08-15,ORD005248,CUST04212,P018,Jacket,Fashion,Bengaluru,Store,Credit Card,3,5064.68,0.0,15194.04,15194.04,0,3875.63,2024,8,August,Thursday,15194.04,15194.04
2024-08-15,ORD014091,CUST02262,P008,Running Shoes,Fashion,Pune,Online,UPI,1,3812.3,0.05,3812.3,3621.68,0,763.15,2024,8,August,Thursday,3812.3,3621.685
2024-08-15,ORD016662,CUST04150,P019,Vacuum Cleaner,Home,Hyderabad,Online,Cash,1,9208.27,0.0,9208.27,9208.27,0,2589.26,2024,8,August,Thursday,9208.27,9208.27
2024-08-15,ORD046680,CUST03062,P006,Desk,Furniture,Jaipur,Online,UPI,2,12343.73,0.1,24687.46,22218.71,0,4559.32,2024,8,August,Thursday,24687.46,22218.714
2024-08-15,ORD046653,CUST03185,P013,Monitor,Electronics,Kolkata,Online,Credit Card,1,19001.23,0.05,19001.23,18051.17,0,4358.0,2024,8,August,Thursday,19001.23,18051.1685
2024-08-15,ORD037784,CUST02764,P001,Laptop,Electronics,Mumbai,Store,Credit Card,2,60228.79,0.1,120457.58,108411.82,0,16154.06,2024,8,August,Thursday,120457.58,108411.822
2024-08-15,ORD001447,CUST00411,P010,Coffee Maker,Home,Kolkata,Online,Debit Card,2,5818.32,0.0,11636.64,11636.64,0,1815.29,2024,8,August,Thursday,11636.64,11636.64
2024-08-15,ORD011989,CUST01093,P017,Jeans,Fashion,Kolkata,Online,Debit Card,2,2574.63,0.05,5149.26,4891.8,0,808.88,2024,8,August,Thursday,5149.26,4891.797
2024-08-15,ORD016747,CUST00237,P020,Microwave,Home,Delhi,Store,Net Banking,1,11987.28,0.15,11987.28,10189.19,0,1622.46,2024,8,August,Thursday,11987.28,10189.188
2024-08-15,ORD028983,CUST00386,P002,Smartphone,Electronics,Ahmedabad,Online,UPI,5,29610.4,0.1,148052.0,133246.8,0,28619.21,2024,8,August,Thursday,148052.0,133246.80000000002
2024-08-15,ORD024115,CUST02679,P013,Monitor,Electronics,Bengaluru,Store,Debit Card,2,17308.52,0.1,34617.04,31155.34,0,8449.87,2024,8,August,Thursday,34617.04,31155.336000000003
2024-08-15,ORD005155,CUST04526,P002,Smartphone,Electronics,Ahmedabad,Store,UPI,2,25348.49,0.1,50696.98,45627.28,0,10759.64,2024,8,August,Thursday,50696.98,45627.28200000001
2024-08-15,ORD001541,CUST03942,P004,Smartwatch,Electronics,Mumbai,Store,Debit Card,1,7249.2,0.25,7249.2,5436.9,0,217.48,2024,8,August,Thursday,7249.2,5436.9
2024-08-15,ORD046382,CUST02695,P020,Microwave,Home,Surat,Online,Credit Card,3,11647.97,0.05,34943.91,33196.71,0,7996.89,2024,8,August,Thursday,34943.909999999996,33196.7145
2024-08-15,ORD038758,CUST03953,P019,Vacuum Cleaner,Home,Delhi,Online,UPI,1,9521.56,0.05,9521.56,9045.48,0,2237.66,2024,8,August,Thursday,9521.56,9045.482
2024-08-15,ORD016978,CUST03655,P008,Running Shoes,Fashion,Chennai,Online,Credit Card,1,4312.93,0.1,4312.93,3881.64,0,413.91,2024,8,August,Thursday,4312.93,3881.637
2024-08-15,ORD039083,CUST01829,P002,Smartphone,Electronics,Jaipur,Store,Credit Card,1,28416.82,0.1,28416.82,25575.14,0,4313.22,2024,8,August,Thursday,28416.82,25575.138
2024-08-15,ORD020903,CUST03670,P006,Desk,Furniture,Chennai,Store,Cash,2,11470.5,0.2,22941.0,18352.8,0,2128.42,2024,8,August,Thursday,22941.0,18352.8
2024-08-15,ORD039182,CUST04948,P020,Microwave,Home,Jaipur,Store,UPI,1,11413.89,0.1,11413.89,10272.5,0,861.44,2024,8,August,Thursday,11413.89,10272.501
2024-08-15,ORD026317,CUST03387,P004,Smartwatch,Electronics,Surat,Store,UPI,1,6631.97,0.2,6631.97,5305.58,0,877.37,2024,8,August,Thursday,6631.97,5305.576000000001
2024-08-15,ORD039509,CUST03434,P017,Jeans,Fashion,Pune,Online,Net Banking,5,2996.65,0.1,14983.25,13484.92,0,2619.56,2024,8,August,Thursday,14983.25,13484.925000000001
2024-08-15,ORD004441,CUST03644,P002,Smartphone,Electronics,Mumbai,Store,Credit Card,2,28400.99,0.1,56801.98,51121.78,0,8693.77,2024,8,August,Thursday,56801.98,51121.78200000001
2024-08-15,ORD045855,CUST01260,P002,Smartphone,Electronics,Surat,Online,Credit Card,1,28557.9,0.1,28557.9,25702.11,0,6509.35,2024,8,August,Thursday,28557.9,25702.11
2024-08-15,ORD029384,CUST03951,P009,T-Shirt,Fashion,Bengaluru,Store,UPI,1,1173.93,0.0,1173.93,1173.93,0,165.47,2024,8,August,Thursday,1173.93,1173.93
2024-08-15,ORD039548,CUST00685,P005,Office Chair,Furniture,Ahmedabad,Online,UPI,1,9744.72,0.05,9744.72,9257.48,0,1643.03,2024,8,August,Thursday,9744.72,9257.483999999999
2024-08-15,ORD038063,CUST03358,P004,Smartwatch,Electronics,Delhi,Store,Cash,1,7664.69,0.1,7664.69,6898.22,0,1652.68,2024,8,August,Thursday,7664.69,6898.221
2024-08-15,ORD025186,CUST04703,P003,Headphones,Electronics,Jaipur,Online,UPI,2,4671.38,0.25,9342.76,7007.07,0,979.01,2024,8,August,Thursday,9342.76,7007.07
2024-08-15,ORD038864,CUST00940,P003,Headphones,Electronics,Surat,Online,UPI,2,4745.67,0.1,9491.34,8542.21,0,1643.38,2024,8,August,Thursday,9491.34,8542.206
2024-08-15,ORD049265,CUST04448,P003,Headphones,Electronics,Mumbai,Store,UPI,1,4722.51,0.1,4722.51,4250.26,0,313.13,2024,8,August,Thursday,4722.51,4250.259
2024-08-15,ORD000682,CUST04595,P019,Vacuum Cleaner,Home,Jaipur,Online,Credit Card,3,9473.13,0.1,28419.39,25577.45,0,3539.34,2024,8,August,Thursday,28419.39,25577.451
2024-08-15,ORD014588,CUST02560,P015,Dining Table,Furniture,Delhi,Online,Debit Card,1,23975.19,0.2,23975.19,19180.15,0,1869.85,2024,8,August,Thursday,23975.19,19180.152
2024-08-15,ORD048670,CUST03205,P005,Office Chair,Furniture,Chennai,Online,UPI,1,8758.64,0.0,8758.64,8758.64,0,1530.51,2024,8,August,Thursday,8758.64,8758.64
2024-08-16,ORD038959,CUST00936,P010,Coffee Maker,Home,Delhi,Online,Credit Card,1,5137.81,0.1,5137.81,4624.03,0,1275.45,2024,8,August,Friday,5137.81,4624.029
2024-08-16,ORD003633,CUST01769,P020,Microwave,Home,Hyderabad,Online,UPI,1,10945.23,0.0,10945.23,10945.23,0,1886.66,2024,8,August,Friday,10945.23,10945.23
2024-08-16,ORD008925,CUST03364,P012,Air Fryer,Home,Bengaluru,Store,UPI,1,6634.2,0.15,6634.2,5639.07,0,1096.09,2024,8,August,Friday,6634.2,5639.07
2024-08-16,ORD046603,CUST03287,P008,Running Shoes,Fashion,Delhi,Online,Debit Card,1,4304.6,0.1,4304.6,3874.14,0,575.99,2024,8,August,Friday,4304.6,3874.1400000000003
2024-08-16,ORD048721,CUST03220,P019,Vacuum Cleaner,Home,Bengaluru,Store,UPI,1,9296.23,0.1,9296.23,8366.61,0,913.65,2024,8,August,Friday,9296.23,8366.607
2024-08-16,ORD013633,CUST02006,P003,Headphones,Electronics,Delhi,Online,Credit Card,1,4382.33,0.0,4382.33,4382.33,0,615.96,2024,8,August,Friday,4382.33,4382.33
2024-08-16,ORD010645,CUST00553,P003,Headphones,Electronics,Bengaluru,Online,UPI,2,4057.33,0.0,8114.66,8114.66,1,-405.73,2024,8,August,Friday,8114.66,8114.66
2024-08-16,ORD048852,CUST03321,P014,Keyboard,Electronics,Chennai,Online,Net Banking,2,2567.19,0.1,5134.38,4620.94,0,766.21,2024,8,August,Friday,5134.38,4620.942
2024-08-16,ORD028903,CUST02766,P007,Backpack,Accessories,Ahmedabad,Online,UPI,1,2357.14,0.0,2357.14,2357.14,0,416.24,2024,8,August,Friday,2357.14,2357.14
2024-08-16,ORD046756,CUST04754,P002,Smartphone,Electronics,Mumbai,Store,Net Banking,1,30065.45,0.05,30065.45,28562.18,1,-1428.11,2024,8,August,Friday,30065.45,28562.177499999998
2024-08-16,ORD039075,CUST02985,P001,Laptop,Electronics,Jaipur,Store,Debit Card,2,59796.92,0.0,119593.84,119593.84,0,27284.93,2024,8,August,Friday,119593.84,119593.84
2024-08-16,ORD041529,CUST01450,P011,Mixer Grinder,Home,Chennai,Store,UPI,1,5152.19,0.1,5152.19,4636.97,0,433.84,2024,8,August,Friday,5152.19,4636.971
2024-08-16,ORD000695,CUST03924,P020,Microwave,Home,Jaipur,Store,UPI,2,11799.55,0.1,23599.1,21239.19,0,5932.06,2024,8,August,Friday,23599.1,21239.19
2024-08-16,ORD036654,CUST02711,P009,T-Shirt,Fashion,Ahmedabad,Online,UPI,1,1155.64,0.2,1155.64,924.51,0,53.25,2024,8,August,Friday,1155.64,924.5120000000002
2024-08-16,ORD012832,CUST04613,P016,Sofa,Furniture,Delhi,Online,UPI,1,38346.02,0.15,38346.02,32594.12,1,-1629.71,2024,8,August,Friday,38346.02,32594.116999999995
2024-08-16,ORD012765,CUST03939,P018,Jacket,Fashion,Hyderabad,Online,Credit Card,1,5341.99,0.05,5341.99,5074.89,0,1080.8,2024,8,August,Friday,5341.99,5074.8904999999995
2024-08-16,ORD005645,CUST03363,P014,Keyboard,Electronics,Bengaluru,Store,Credit Card,1,2373.59,0.15,2373.59,2017.55,0,214.94,2024,8,August,Friday,2373.59,2017.5515
2024-08-16,ORD032218,CUST03511,P014,Keyboard,Electronics,Jaipur,Online,UPI,1,2326.4,0.15,2326.4,1977.44,0,408.33,2024,8,August,Friday,2326.4,1977.44
2024-08-16,ORD035759,CUST00524,P015,Dining Table,Furniture,Mumbai,Online,UPI,1,22519.53,0.2,22519.53,18015.62,0,1103.16,2024,8,August,Friday,22519.53,18015.624
2024-08-16,ORD029705,CUST01238,P006,Desk,Furniture,Pune,Store,UPI,5,11329.67,0.1,56648.35,50983.52,0,12748.48,2024,8,August,Friday,56648.35,50983.515
2024-08-16,ORD041716,CUST04723,P018,Jacket,Fashion,Ahmedabad,Online,Debit Card,2,4742.79,0.0,9485.58,9485.58,0,2356.2,2024,8,August,Friday,9485.58,9485.58
2024-08-16,ORD025618,CUST04542,P014,Keyboard,Electronics,Ahmedabad,Store,UPI,1,2707.18,0.15,2707.18,2301.1,0,380.4,2024,8,August,Friday,2707.18,2301.1029999999996
2024-08-16,ORD036585,CUST02518,P005,Office Chair,Furniture,Jaipur,Store,UPI,1,9112.18,0.1,9112.18,8200.96,0,1287.78,2024,8,August,Friday,9112.18,8200.962000000001
2024-08-16,ORD032667,CUST04767,P013,Monitor,Electronics,Pune,Store,Debit Card,1,19554.88,0.1,19554.88,17599.39,0,3354.02,2024,8,August,Friday,19554.88,17599.392
2024-08-16,ORD027163,CUST04762,P016,Sofa,Furniture,Surat,Store,UPI,2,33180.87,0.1,66361.74,59725.57,0,8302.57,2024,8,August,Friday,66361.74,59725.566000000006
2024-08-16,ORD008586,CUST02653,P020,Microwave,Home,Pune,Store,UPI,1,10130.51,0.0,10130.51,10130.51,0,2429.76,2024,8,August,Friday,10130.51,10130.51
2024-08-16,ORD016778,CUST00455,P018,Jacket,Fashion,Mumbai,Online,Debit Card,1,4868.89,0.0,4868.89,4868.89,0,940.68,2024,8,August,Friday,4868.89,4868.89
2024-08-16,ORD016605,CUST03994,P013,Monitor,Electronics,Jaipur,Store,Debit Card,3,17875.48,0.1,53626.44,48263.8,0,7076.11,2024,8,August,Friday,53626.44,48263.796
2024-08-16,ORD049894,CUST03445,P018,Jacket,Fashion,Chennai,Online,Credit Card,5,5575.59,0.05,27877.95,26484.05,0,5675.01,2024,8,August,Friday,27877.95,26484.052499999998
2024-08-16,ORD015655,CUST01077,P002,Smartphone,Electronics,Surat,Online,UPI,1,27223.45,0.2,27223.45,21778.76,0,2636.5,2024,8,August,Friday,27223.45,21778.760000000002
2024-08-16,ORD025921,CUST04874,P018,Jacket,Fashion,Bengaluru,Online,Credit Card,1,4787.54,0.1,4787.54,4308.79,0,1200.13,2024,8,August,Friday,4787.54,4308.786
2024-08-16,ORD040323,CUST04365,P006,Desk,Furniture,Surat,Online,UPI,2,11721.14,0.05,23442.28,22270.17,0,6404.88,2024,8,August,Friday,23442.28,22270.165999999997
2024-08-16,ORD006588,CUST02768,P010,Coffee Maker,Home,Bengaluru,Online,UPI,4,5274.91,0.0,21099.64,21099.64,0,3838.87,2024,8,August,Friday,21099.64,21099.64
2024-08-16,ORD005450,CUST00432,P005,Office Chair,Furniture,Hyderabad,Store,UPI,2,8666.65,0.0,17333.3,17333.3,0,2312.94,2024,8,August,Friday,17333.3,17333.3
2024-08-16,ORD016167,CUST02810,P012,Air Fryer,Home,Kolkata,Online,Credit Card,2,6493.79,0.05,12987.58,12338.2,0,2240.31,2024,8,August,Friday,12987.58,12338.201
2024-08-16,ORD024974,CUST03994,P012,Air Fryer,Home,Bengaluru,Online,Debit Card,1,7315.83,0.05,7315.83,6950.04,0,1794.04,2024,8,August,Friday,7315.83,6950.0385
2024-08-16,ORD024980,CUST01894,P004,Smartwatch,Electronics,Bengaluru,Online,UPI,1,7038.27,0.05,7038.27,6686.36,0,1738.15,2024,8,August,Friday,7038.27,6686.3565
2024-08-16,ORD014647,CUST02693,P005,Office Chair,Furniture,Jaipur,Online,Cash,1,9215.39,0.15,9215.39,7833.08,0,1700.04,2024,8,August,Friday,9215.39,7833.081499999999
2024-08-16,ORD007699,CUST01249,P007,Backpack,Accessories,Surat,Store,UPI,3,2359.6,0.1,7078.8,6370.92,0,511.37,2024,8,August,Friday,7078.799999999999,6370.92
2024-08-16,ORD012369,CUST03671,P002,Smartphone,Electronics,Kolkata,Store,Net Banking,1,30597.81,0.1,30597.81,27538.03,0,2777.6,2024,8,August,Friday,30597.81,27538.029000000002
2024-08-16,ORD009841,CUST01899,P015,Dining Table,Furniture,Delhi,Online,UPI,5,20607.95,0.05,103039.75,97887.76,1,-4894.39,2024,8,August,Friday,103039.75,97887.7625
2024-08-16,ORD024684,CUST00850,P015,Dining Table,Furniture,Jaipur,Online,UPI,2,23348.45,0.05,46696.9,44362.06,0,5780.62,2024,8,August,Friday,46696.9,44362.055
2024-08-16,ORD030343,CUST01449,P012,Air Fryer,Home,Mumbai,Store,Credit Card,2,7037.4,0.15,14074.8,11963.58,0,1181.75,2024,8,August,Friday,14074.8,11963.58
2024-08-16,ORD027357,CUST03619,P007,Backpack,Accessories,Hyderabad,Online,Credit Card,1,2093.93,0.1,2093.93,1884.54,0,150.13,2024,8,August,Friday,2093.93,1884.5369999999998
2024-08-16,ORD043640,CUST03699,P008,Running Shoes,Fashion,Bengaluru,Online,UPI,2,4290.97,0.2,8581.94,6865.55,0,445.21,2024,8,August,Friday,8581.94,6865.552000000001
2024-08-16,ORD001161,CUST03736,P012,Air Fryer,Home,Ahmedabad,Store,Credit Card,1,7884.42,0.05,7884.42,7490.2,0,1697.89,2024,8,August,Friday,7884.42,7490.199
2024-08-16,ORD002330,CUST03180,P014,Keyboard,Electronics,Delhi,Online,Credit Card,1,2589.9,0.05,2589.9,2460.4,0,694.57,2024,8,August,Friday,2589.9,2460.4049999999997
2024-08-16,ORD044534,CUST03642,P008,Running Shoes,Fashion,Jaipur,Store,Credit Card,2,3998.65,0.05,7997.3,7597.44,0,815.37,2024,8,August,Friday,7997.3,7597.4349999999995
2024-08-16,ORD012433,CUST02416,P007,Backpack,Accessories,Hyderabad,Online,UPI,3,2349.86,0.1,7049.58,6344.62,0,1245.56,2024,8,August,Friday,7049.58,6344.622
2024-08-16,ORD049375,CUST03461,P018,Jacket,Fashion,Surat,Online,UPI,1,5503.97,0.05,5503.97,5228.77,0,1151.3,2024,8,August,Friday,5503.97,5228.7715
2024-08-16,ORD035312,CUST01444,P011,Mixer Grinder,Home,Pune,Online,Cash,1,5111.89,0.15,5111.89,4345.11,0,376.48,2024,8,August,Friday,5111.89,4345.1065
2024-08-16,ORD001226,CUST02488,P004,Smartwatch,Electronics,Bengaluru,Online,Debit Card,4,6469.59,0.05,25878.36,24584.44,0,4467.72,2024,8,August,Friday,25878.36,24584.442
2024-08-16,ORD023049,CUST00463,P007,Backpack,Accessories,Bengaluru,Online,Net Banking,2,2325.62,0.2,4651.24,3720.99,0,244.29,2024,8,August,Friday,4651.24,3720.992
2024-08-16,ORD017857,CUST01612,P004,Smartwatch,Electronics,Chennai,Online,Credit Card,3,6763.97,0.05,20291.91,19277.31,0,3714.79,2024,8,August,Friday,20291.91,19277.3145
2024-08-16,ORD013580,CUST01297,P003,Headphones,Electronics,Bengaluru,Online,UPI,1,4491.25,0.15,4491.25,3817.56,0,993.6,2024,8,August,Friday,4491.25,3817.5625
2024-08-16,ORD046944,CUST01522,P015,Dining Table,Furniture,Delhi,Store,UPI,1,21858.27,0.0,21858.27,21858.27,0,5819.42,2024,8,August,Friday,21858.27,21858.27
2024-08-16,ORD039734,CUST00012,P013,Monitor,Electronics,Surat,Store,Cash,2,18661.87,0.1,37323.74,33591.37,0,8972.54,2024,8,August,Friday,37323.74,33591.366
2024-08-16,ORD004208,CUST03797,P018,Jacket,Fashion,Kolkata,Online,Debit Card,1,4824.39,0.0,4824.39,4824.39,0,1322.19,2024,8,August,Friday,4824.39,4824.39
2024-08-16,ORD039272,CUST03688,P014,Keyboard,Electronics,Bengaluru,Online,Credit Card,2,2449.88,0.05,4899.76,4654.77,0,612.42,2024,8,August,Friday,4899.76,4654.772
2024-08-16,ORD017610,CUST03713,P008,Running Shoes,Fashion,Chennai,Online,Credit Card,1,4597.28,0.1,4597.28,4137.55,0,387.4,2024,8,August,Friday,4597.28,4137.552
2024-08-16,ORD031398,CUST02881,P011,Mixer Grinder,Home,Delhi,Store,Credit Card,1,5179.77,0.05,5179.77,4920.78,0,386.56,2024,8,August,Friday,5179.77,4920.7815
2024-08-16,ORD039844,CUST01140,P017,Jeans,Fashion,Ahmedabad,Store,Credit Card,5,2743.87,0.05,13719.35,13033.38,1,-651.67,2024,8,August,Friday,13719.349999999999,13033.3825
2024-08-16,ORD000427,CUST01548,P019,Vacuum Cleaner,Home,Hyderabad,Online,UPI,1,9784.69,0.1,9784.69,8806.22,0,1460.79,2024,8,August,Friday,9784.69,8806.221000000001
2024-08-16,ORD005081,CUST00239,P012,Air Fryer,Home,Bengaluru,Online,Cash,1,6832.44,0.0,6832.44,6832.44,0,1018.13,2024,8,August,Friday,6832.44,6832.44
2024-08-16,ORD030986,CUST01421,P012,Air Fryer,Home,Pune,Store,Debit Card,1,6809.44,0.25,6809.44,5107.08,0,432.15,2024,8,August,Friday,6809.44,5107.08
2024-08-16,ORD042996,CUST03782,P003,Headphones,Electronics,Mumbai,Store,Debit Card,4,4281.58,0.05,17126.32,16270.0,0,2040.75,2024,8,August,Friday,17126.32,16270.003999999999
2024-08-16,ORD018146,CUST04801,P002,Smartphone,Electronics,Surat,Online,Credit Card,1,27020.45,0.0,27020.45,27020.45,0,6845.27,2024,8,August,Friday,27020.45,27020.45
2024-08-16,ORD020511,CUST00573,P013,Monitor,Electronics,Pune,Store,UPI,3,19623.19,0.2,58869.57,47095.66,1,-2354.78,2024,8,August,Friday,58869.56999999999,47095.656
2024-08-16,ORD042961,CUST01340,P011,Mixer Grinder,Home,Chennai,Online,Credit Card,1,4411.68,0.05,4411.68,4191.1,0,969.31,2024,8,August,Friday,4411.68,4191.0960000000005
2024-08-16,ORD045130,CUST04070,P017,Jeans,Fashion,Surat,Online,UPI,2,2824.09,0.0,5648.18,5648.18,0,1228.23,2024,8,August,Friday,5648.18,5648.18
2024-08-16,ORD033004,CUST01946,P019,Vacuum Cleaner,Home,Surat,Store,UPI,2,8181.76,0.15,16363.52,13908.99,0,3423.3,2024,8,August,Friday,16363.52,13908.992
2024-08-16,ORD019263,CUST01319,P004,Smartwatch,Electronics,Pune,Online,UPI,4,6358.56,0.05,25434.24,24162.53,0,4309.37,2024,8,August,Friday,25434.24,24162.528000000002
2024-08-16,ORD032835,CUST03591,P016,Sofa,Furniture,Pune,Online,UPI,3,36206.48,0.0,108619.44,108619.44,0,27085.71,2024,8,August,Friday,108619.44,108619.44
2024-08-16,ORD036507,CUST00604,P001,Laptop,Electronics,Hyderabad,Online,Credit Card,1,65641.52,0.0,65641.52,65641.52,0,7673.64,2024,8,August,Friday,65641.52,65641.52
2024-08-16,ORD032925,CUST01168,P004,Smartwatch,Electronics,Ahmedabad,Online,Credit Card,3,6677.89,0.05,20033.67,19031.99,0,1895.66,2024,8,August,Friday,20033.670000000002,19031.9865
2024-08-16,ORD045359,CUST04684,P005,Office Chair,Furniture,Bengaluru,Online,UPI,1,9414.94,0.05,9414.94,8944.19,0,998.16,2024,8,August,Friday,9414.94,8944.193
2024-08-16,ORD036437,CUST00849,P010,Coffee Maker,Home,Mumbai,Online,Debit Card,1,5936.01,0.1,5936.01,5342.41,0,1084.46,2024,8,August,Friday,5936.01,5342.409000000001
2024-08-16,ORD045099,CUST04371,P018,Jacket,Fashion,Mumbai,Online,UPI,1,5441.9,0.1,5441.9,4897.71,0,753.72,2024,8,August,Friday,5441.9,4897.71
2024-08-16,ORD045369,CUST03936,P011,Mixer Grinder,Home,Delhi,Store,UPI,1,4339.64,0.2,4339.64,3471.71,0,563.4,2024,8,August,Friday,4339.64,3471.7120000000004
2024-08-16,ORD036035,CUST02178,P006,Desk,Furniture,Bengaluru,Store,UPI,1,11878.04,0.0,11878.04,11878.04,0,1119.49,2024,8,August,Friday,11878.04,11878.04
2024-08-16,ORD045435,CUST03620,P018,Jacket,Fashion,Bengaluru,Store,Cash,2,5681.31,0.15,11362.62,9658.23,0,1377.93,2024,8,August,Friday,11362.62,9658.227
2024-08-16,ORD003147,CUST02944,P002,Smartphone,Electronics,Chennai,Online,Credit Card,1,25754.83,0.05,25754.83,24467.09,1,-1223.35,2024,8,August,Friday,25754.83,24467.0885
2024-08-16,ORD010088,CUST01924,P013,Monitor,Electronics,Pune,Online,Credit Card,1,18219.42,0.0,18219.42,18219.42,0,1951.05,2024,8,August,Friday,18219.42,18219.42
2024-08-16,ORD001953,CUST01124,P017,Jeans,Fashion,Chennai,Online,Net Banking,1,2951.97,0.05,2951.97,2804.37,0,207.48,2024,8,August,Friday,2951.97,2804.3714999999997
2024-08-17,ORD025545,CUST04788,P012,Air Fryer,Home,Ahmedabad,Online,Credit Card,1,7231.21,0.0,7231.21,7231.21,0,848.85,2024,8,August,Saturday,7231.21,7231.21
2024-08-17,ORD030320,CUST04342,P017,Jeans,Fashion,Ahmedabad,Store,UPI,1,2624.29,0.0,2624.29,2624.29,0,273.74,2024,8,August,Saturday,2624.29,2624.29
2024-08-17,ORD008982,CUST03779,P004,Smartwatch,Electronics,Pune,Online,UPI,1,6548.59,0.0,6548.59,6548.59,1,-327.43,2024,8,August,Saturday,6548.59,6548.59
2024-08-17,ORD001313,CUST01192,P013,Monitor,Electronics,Jaipur,Store,Net Banking,3,17613.9,0.05,52841.7,50199.62,0,12711.96,2024,8,August,Saturday,52841.700000000004,50199.615
2024-08-17,ORD028844,CUST01714,P010,Coffee Maker,Home,Hyderabad,Online,Credit Card,1,5096.2,0.15,5096.2,4331.77,0,727.11,2024,8,August,Saturday,5096.2,4331.7699999999995
2024-08-17,ORD046947,CUST02061,P018,Jacket,Fashion,Kolkata,Store,UPI,2,4979.91,0.0,9959.82,9959.82,0,1447.27,2024,8,August,Saturday,9959.82,9959.82
2024-08-17,ORD024319,CUST00345,P005,Office Chair,Furniture,Surat,Online,UPI,1,9622.58,0.1,9622.58,8660.32,0,1226.9,2024,8,August,Saturday,9622.58,8660.322
2024-08-17,ORD028821,CUST00836,P016,Sofa,Furniture,Hyderabad,Online,Debit Card,2,36112.27,0.1,72224.54,65002.09,0,13860.94,2024,8,August,Saturday,72224.54,65002.085999999996
2024-08-17,ORD005087,CUST04851,P002,Smartphone,Electronics,Chennai,Online,Credit Card,1,29742.65,0.25,29742.65,22306.99,0,3717.44,2024,8,August,Saturday,29742.65,22306.987500000003
2024-08-17,ORD020615,CUST04594,P013,Monitor,Electronics,Jaipur,Online,UPI,2,19028.15,0.1,38056.3,34250.67,0,5249.6,2024,8,August,Saturday,38056.3,34250.670000000006
2024-08-17,ORD033412,CUST04761,P005,Office Chair,Furniture,Pune,Online,Debit Card,4,9537.94,0.05,38151.76,36244.17,0,8420.53,2024,8,August,Saturday,38151.76,36244.172
2024-08-17,ORD027663,CUST01671,P012,Air Fryer,Home,Mumbai,Online,Credit Card,2,7576.56,0.1,15153.12,13637.81,0,3396.46,2024,8,August,Saturday,15153.12,13637.808
2024-08-17,ORD040581,CUST03777,P003,Headphones,Electronics,Pune,Online,Net Banking,1,4148.93,0.15,4148.93,3526.59,0,672.76,2024,8,August,Saturday,4148.93,3526.5905000000002
2024-08-17,ORD048309,CUST02130,P012,Air Fryer,Home,Jaipur,Store,UPI,1,6850.61,0.0,6850.61,6850.61,0,928.39,2024,8,August,Saturday,6850.61,6850.61
2024-08-17,ORD005070,CUST01730,P003,Headphones,Electronics,Bengaluru,Online,Debit Card,4,4740.11,0.2,18960.44,15168.35,0,1180.66,2024,8,August,Saturday,18960.44,15168.351999999999
2024-08-17,ORD012665,CUST02979,P011,Mixer Grinder,Home,Kolkata,Store,Cash,5,4423.9,0.1,22119.5,19907.55,0,3981.96,2024,8,August,Saturday,22119.5,19907.55
2024-08-17,ORD032386,CUST00732,P015,Dining Table,Furniture,Kolkata,Store,Debit Card,2,22961.52,0.0,45923.04,45923.04,0,8162.35,2024,8,August,Saturday,45923.04,45923.04
2024-08-17,ORD012310,CUST02444,P005,Office Chair,Furniture,Hyderabad,Online,Net Banking,1,9997.29,0.25,9997.29,7497.97,0,1393.8,2024,8,August,Saturday,9997.29,7497.967500000001
2024-08-17,ORD009861,CUST03505,P012,Air Fryer,Home,Pune,Online,UPI,1,7453.88,0.0,7453.88,7453.88,0,1859.44,2024,8,August,Saturday,7453.88,7453.88
2024-08-17,ORD039202,CUST02736,P019,Vacuum Cleaner,Home,Kolkata,Store,UPI,1,8809.73,0.0,8809.73,8809.73,0,877.69,2024,8,August,Saturday,8809.73,8809.73
2024-08-17,ORD018093,CUST00165,P003,Headphones,Electronics,Kolkata,Store,UPI,1,4458.3,0.05,4458.3,4235.38,0,742.64,2024,8,August,Saturday,4458.3,4235.385
2024-08-17,ORD049360,CUST03529,P008,Running Shoes,Fashion,Chennai,Online,UPI,1,4189.45,0.1,4189.45,3770.5,0,986.07,2024,8,August,Saturday,4189.45,3770.505
2024-08-17,ORD033495,CUST04193,P010,Coffee Maker,Home,Hyderabad,Online,UPI,1,5327.96,0.1,5327.96,4795.16,0,301.58,2024,8,August,Saturday,5327.96,4795.164
2024-08-17,ORD019893,CUST00654,P011,Mixer Grinder,Home,Surat,Store,UPI,1,4799.85,0.0,4799.85,4799.85,0,446.05,2024,8,August,Saturday,4799.85,4799.85
2024-08-17,ORD029411,CUST00963,P019,Vacuum Cleaner,Home,Pune,Online,UPI,2,9274.19,0.0,18548.38,18548.38,0,5119.6,2024,8,August,Saturday,18548.38,18548.38
2024-08-17,ORD047939,CUST01977,P002,Smartphone,Electronics,Delhi,Online,UPI,1,28602.19,0.0,28602.19,28602.19,0,4279.65,2024,8,August,Saturday,28602.19,28602.19
2024-08-17,ORD006226,CUST01115,P008,Running Shoes,Fashion,Surat,Online,Credit Card,2,4425.85,0.0,8851.7,8851.7,0,1954.7,2024,8,August,Saturday,8851.7,8851.7
2024-08-17,ORD019876,CUST04534,P015,Dining Table,Furniture,Bengaluru,Online,Debit Card,1,22474.83,0.05,22474.83,21351.09,0,2708.49,2024,8,August,Saturday,22474.83,21351.0885
2024-08-17,ORD039440,CUST00165,P019,Vacuum Cleaner,Home,Ahmedabad,Online,Credit Card,1,8894.88,0.05,8894.88,8450.14,1,-422.51,2024,8,August,Saturday,8894.88,8450.135999999999
2024-08-17,ORD002775,CUST00560,P010,Coffee Maker,Home,Hyderabad,Store,UPI,1,5735.04,0.15,5735.04,4874.78,0,886.76,2024,8,August,Saturday,5735.04,4874.784
2024-08-17,ORD038352,CUST02585,P004,Smartwatch,Electronics,Mumbai,Online,UPI,1,7383.75,0.1,7383.75,6645.38,0,1396.31,2024,8,August,Saturday,7383.75,6645.375
2024-08-17,ORD039327,CUST00638,P003,Headphones,Electronics,Delhi,Store,Credit Card,1,4849.87,0.05,4849.87,4607.38,0,1294.38,2024,8,August,Saturday,4849.87,4607.376499999999
2024-08-17,ORD035522,CUST00162,P010,Coffee Maker,Home,Hyderabad,Store,Credit Card,1,5613.57,0.05,5613.57,5332.89,0,1166.0,2024,8,August,Saturday,5613.57,5332.8915
2024-08-17,ORD017430,CUST04024,P008,Running Shoes,Fashion,Mumbai,Store,Credit Card,1,4150.2,0.2,4150.2,3320.16,0,691.17,2024,8,August,Saturday,4150.2,3320.16
2024-08-17,ORD013009,CUST04704,P001,Laptop,Electronics,Ahmedabad,Store,Cash,1,70789.24,0.25,70789.24,53091.93,0,8194.79,2024,8,August,Saturday,70789.24,53091.93000000001
2024-08-17,ORD000679,CUST03168,P013,Monitor,Electronics,Hyderabad,Store,UPI,2,17382.98,0.05,34765.96,33027.66,0,5787.19,2024,8,August,Saturday,34765.96,33027.662
2024-08-17,ORD015843,CUST04212,P014,Keyboard,Electronics,Chennai,Online,Cash,4,2429.72,0.05,9718.88,9232.94,0,1447.2,2024,8,August,Saturday,9718.88,9232.936
2024-08-17,ORD007642,CUST04697,P015,Dining Table,Furniture,Hyderabad,Online,Cash,1,21634.26,0.25,21634.26,16225.7,0,3783.97,2024,8,August,Saturday,21634.26,16225.695
2024-08-17,ORD035859,CUST01645,P014,Keyboard,Electronics,Pune,Store,UPI,1,2458.39,0.0,2458.39,2458.39,0,252.62,2024,8,August,Saturday,2458.39,2458.39
2024-08-17,ORD016911,CUST01309,P019,Vacuum Cleaner,Home,Surat,Online,Credit Card,1,9117.7,0.1,9117.7,8205.93,0,1521.39,2024,8,August,Saturday,9117.7,8205.93
2024-08-17,ORD015749,CUST00414,P011,Mixer Grinder,Home,Jaipur,Online,UPI,1,4682.74,0.0,4682.74,4682.74,0,903.16,2024,8,August,Saturday,4682.74,4682.74
2024-08-17,ORD008853,CUST02490,P004,Smartwatch,Electronics,Kolkata,Online,Debit Card,1,7638.74,0.2,7638.74,6110.99,0,602.55,2024,8,August,Saturday,7638.74,6110.992
2024-08-17,ORD014534,CUST04832,P015,Dining Table,Furniture,Ahmedabad,Store,Credit Card,1,23023.99,0.05,23023.99,21872.79,0,5137.49,2024,8,August,Saturday,23023.99,21872.7905
2024-08-17,ORD000267,CUST03905,P012,Air Fryer,Home,Pune,Online,UPI,1,7148.3,0.0,7148.3,7148.3,1,-357.42,2024,8,August,Saturday,7148.3,7148.3
2024-08-17,ORD047723,CUST03255,P015,Dining Table,Furniture,Ahmedabad,Store,Credit Card,1,22963.89,0.15,22963.89,19519.31,0,3630.7,2024,8,August,Saturday,22963.89,19519.3065
2024-08-17,ORD010125,CUST01241,P008,Running Shoes,Fashion,Mumbai,Online,Debit Card,1,4341.12,0.1,4341.12,3907.01,0,768.67,2024,8,August,Saturday,4341.12,3907.008
2024-08-17,ORD000935,CUST01744,P013,Monitor,Electronics,Delhi,Store,Cash,1,18683.63,0.1,18683.63,16815.27,0,1774.63,2024,8,August,Saturday,18683.63,16815.267
2024-08-17,ORD007530,CUST02167,P008,Running Shoes,Fashion,Ahmedabad,Online,Credit Card,1,4535.98,0.1,4535.98,4082.38,0,366.88,2024,8,August,Saturday,4535.98,4082.3819999999996
2024-08-17,ORD017595,CUST04949,P005,Office Chair,Furniture,Jaipur,Online,Credit Card,1,8982.63,0.15,8982.63,7635.24,0,785.9,2024,8,August,Saturday,8982.63,7635.235499999999
2024-08-17,ORD029208,CUST04916,P013,Monitor,Electronics,Pune,Store,Net Banking,1,18317.77,0.05,18317.77,17401.88,0,2187.93,2024,8,August,Saturday,18317.77,17401.8815
2024-08-17,ORD014309,CUST02251,P011,Mixer Grinder,Home,Ahmedabad,Online,Credit Card,5,4782.33,0.1,23911.65,21520.48,0,2142.84,2024,8,August,Saturday,23911.65,21520.485
2024-08-17,ORD007904,CUST03607,P020,Microwave,Home,Hyderabad,Store,Credit Card,1,10051.4,0.05,10051.4,9548.83,0,1633.78,2024,8,August,Saturday,10051.4,9548.83
2024-08-17,ORD047635,CUST04750,P007,Backpack,Accessories,Mumbai,Online,Credit Card,1,2398.09,0.2,2398.09,1918.47,0,329.46,2024,8,August,Saturday,2398.09,1918.4720000000002
2024-08-17,ORD011790,CUST02729,P002,Smartphone,Electronics,Pune,Online,Debit Card,1,29014.43,0.2,29014.43,23211.54,0,1238.6,2024,8,August,Saturday,29014.43,23211.544
2024-08-17,ORD025937,CUST04103,P009,T-Shirt,Fashion,Kolkata,Online,Credit Card,1,1105.9,0.1,1105.9,995.31,0,263.02,2024,8,August,Saturday,1105.9,995.3100000000001
2024-08-17,ORD021599,CUST02570,P018,Jacket,Fashion,Mumbai,Store,UPI,1,5052.46,0.25,5052.46,3789.34,0,695.11,2024,8,August,Saturday,5052.46,3789.3450000000003
2024-08-17,ORD007839,CUST02885,P003,Headphones,Electronics,Pune,Online,Debit Card,3,4739.35,0.05,14218.05,13507.15,0,1951.45,2024,8,August,Saturday,14218.050000000001,13507.1475
2024-08-17,ORD044194,CUST04534,P018,Jacket,Fashion,Mumbai,Online,Cash,1,5444.27,0.25,5444.27,4083.2,0,525.42,2024,8,August,Saturday,5444.27,4083.2025000000003
2024-08-17,ORD039871,CUST01135,P016,Sofa,Furniture,Delhi,Online,Credit Card,1,35824.94,0.0,35824.94,35824.94,0,9652.31,2024,8,August,Saturday,35824.94,35824.94
2024-08-17,ORD000635,CUST04278,P007,Backpack,Accessories,Jaipur,Online,Net Banking,2,2414.88,0.1,4829.76,4346.78,0,316.5,2024,8,August,Saturday,4829.76,4346.784000000001
2024-08-17,ORD026803,CUST03752,P003,Headphones,Electronics,Kolkata,Store,Credit Card,1,4292.0,0.05,4292.0,4077.4,0,1177.14,2024,8,August,Saturday,4292.0,4077.3999999999996
2024-08-17,ORD029532,CUST04783,P013,Monitor,Electronics,Bengaluru,Online,UPI,2,17480.09,0.2,34960.18,27968.14,0,6138.11,2024,8,August,Saturday,34960.18,27968.144
2024-08-17,ORD048908,CUST04324,P013,Monitor,Electronics,Jaipur,Online,Credit Card,2,18710.87,0.0,37421.74,37421.74,0,4984.62,2024,8,August,Saturday,37421.74,37421.74
2024-08-17,ORD046746,CUST04118,P016,Sofa,Furniture,Chennai,Online,Debit Card,1,34249.02,0.15,34249.02,29111.67,0,7024.01,2024,8,August,Saturday,34249.02,29111.666999999998
2024-08-17,ORD045446,CUST03760,P015,Dining Table,Furniture,Bengaluru,Online,Credit Card,1,21688.16,0.1,21688.16,19519.34,0,3491.49,2024,8,August,Saturday,21688.16,19519.344
2024-08-17,ORD030073,CUST02788,P018,Jacket,Fashion,Chennai,Store,UPI,1,5563.53,0.05,5563.53,5285.35,0,1305.41,2024,8,August,Saturday,5563.53,5285.353499999999
2024-08-17,ORD005451,CUST02384,P011,Mixer Grinder,Home,Mumbai,Store,Debit Card,2,4877.89,0.2,9755.78,7804.62,0,1382.32,2024,8,August,Saturday,9755.78,7804.624000000001
2024-08-18,ORD016035,CUST00215,P009,T-Shirt,Fashion,Bengaluru,Online,UPI,1,1128.89,0.1,1128.89,1016.0,1,-50.8,2024,8,August,Sunday,1128.89,1016.0010000000001
2024-08-18,ORD020134,CUST03602,P010,Coffee Maker,Home,Surat,Store,UPI,3,6003.88,0.15,18011.64,15309.89,0,1828.63,2024,8,August,Sunday,18011.64,15309.893999999998
2024-08-18,ORD024340,CUST04893,P003,Headphones,Electronics,Mumbai,Online,Credit Card,5,4757.68,0.05,23788.4,22598.98,0,3710.73,2024,8,August,Sunday,23788.4,22598.98
2024-08-18,ORD040208,CUST02871,P020,Microwave,Home,Hyderabad,Online,UPI,1,10836.51,0.1,10836.51,9752.86,0,1819.88,2024,8,August,Sunday,10836.51,9752.859
2024-08-18,ORD000255,CUST01589,P002,Smartphone,Electronics,Chennai,Online,Credit Card,1,30403.68,0.15,30403.68,25843.13,0,6443.84,2024,8,August,Sunday,30403.68,25843.128
2024-08-18,ORD040384,CUST04944,P010,Coffee Maker,Home,Hyderabad,Online,UPI,2,5093.45,0.2,10186.9,8149.52,0,1110.93,2024,8,August,Sunday,10186.9,8149.52
2024-08-18,ORD011662,CUST00660,P014,Keyboard,Electronics,Hyderabad,Online,Debit Card,3,2722.38,0.15,8167.14,6942.07,0,833.19,2024,8,August,Sunday,8167.14,6942.069
2024-08-18,ORD040264,CUST00089,P002,Smartphone,Electronics,Ahmedabad,Store,Debit Card,2,30517.75,0.05,61035.5,57983.72,0,8092.31,2024,8,August,Sunday,61035.5,57983.725
2024-08-18,ORD015016,CUST03455,P020,Microwave,Home,Bengaluru,Store,Debit Card,1,10279.59,0.15,10279.59,8737.65,0,1818.59,2024,8,August,Sunday,10279.59,8737.6515
2024-08-18,ORD018393,CUST00379,P004,Smartwatch,Electronics,Pune,Online,Debit Card,1,7658.32,0.05,7658.32,7275.4,0,1981.53,2024,8,August,Sunday,7658.32,7275.4039999999995
2024-08-18,ORD004454,CUST04279,P004,Smartwatch,Electronics,Pune,Online,Net Banking,3,6914.02,0.1,20742.06,18667.85,0,2120.36,2024,8,August,Sunday,20742.06,18667.854000000003
2024-08-18,ORD024711,CUST02116,P003,Headphones,Electronics,Chennai,Store,Credit Card,5,4353.97,0.1,21769.85,19592.87,0,2212.83,2024,8,August,Sunday,21769.850000000002,19592.864999999998
2024-08-18,ORD017429,CUST01051,P018,Jacket,Fashion,Kolkata,Online,Cash,2,5226.15,0.15,10452.3,8884.46,0,2348.8,2024,8,August,Sunday,10452.3,8884.455
2024-08-18,ORD026213,CUST01757,P019,Vacuum Cleaner,Home,Ahmedabad,Online,Credit Card,2,9104.57,0.05,18209.14,17298.68,0,1524.84,2024,8,August,Sunday,18209.14,17298.682999999997
2024-08-18,ORD030765,CUST03400,P010,Coffee Maker,Home,Ahmedabad,Store,UPI,2,5633.21,0.1,11266.42,10139.78,0,2477.92,2024,8,August,Sunday,11266.42,10139.778
2024-08-18,ORD010070,CUST00377,P005,Office Chair,Furniture,Ahmedabad,Online,UPI,1,9768.35,0.05,9768.35,9279.93,0,916.11,2024,8,August,Sunday,9768.35,9279.9325
2024-08-18,ORD027003,CUST04138,P019,Vacuum Cleaner,Home,Mumbai,Online,Cash,5,9145.75,0.1,45728.75,41155.88,0,4910.81,2024,8,August,Sunday,45728.75,41155.875
2024-08-18,ORD038210,CUST02694,P020,Microwave,Home,Bengaluru,Online,Credit Card,2,10433.94,0.2,20867.88,16694.3,0,3545.83,2024,8,August,Sunday,20867.88,16694.304
2024-08-18,ORD014054,CUST04436,P009,T-Shirt,Fashion,Ahmedabad,Store,UPI,2,1193.51,0.1,2387.02,2148.32,0,538.01,2024,8,August,Sunday,2387.02,2148.318
2024-08-18,ORD017171,CUST00805,P004,Smartwatch,Electronics,Surat,Online,UPI,3,7080.59,0.2,21241.77,16993.42,0,1098.48,2024,8,August,Sunday,21241.77,16993.416
2024-08-18,ORD045909,CUST04329,P015,Dining Table,Furniture,Bengaluru,Store,UPI,1,21316.86,0.1,21316.86,19185.17,0,4810.42,2024,8,August,Sunday,21316.86,19185.174000000003
2024-08-18,ORD002150,CUST01002,P002,Smartphone,Electronics,Delhi,Online,Credit Card,3,29755.39,0.0,89266.17,89266.17,0,21249.21,2024,8,August,Sunday,89266.17,89266.17
2024-08-18,ORD010410,CUST01825,P018,Jacket,Fashion,Ahmedabad,Online,Credit Card,1,4800.94,0.1,4800.94,4320.85,0,579.31,2024,8,August,Sunday,4800.94,4320.846
2024-08-18,ORD045956,CUST01215,P017,Jeans,Fashion,Pune,Online,Net Banking,3,2940.97,0.0,8822.91,8822.91,0,1250.59,2024,8,August,Sunday,8822.91,8822.91
2024-08-18,ORD001488,CUST01017,P015,Dining Table,Furniture,Mumbai,Online,Cash,4,23569.07,0.25,94276.28,70707.21,0,3656.11,2024,8,August,Sunday,94276.28,70707.20999999999
2024-08-18,ORD003544,CUST04306,P012,Air Fryer,Home,Bengaluru,Store,Cash,1,7683.61,0.1,7683.61,6915.25,0,615.0,2024,8,August,Sunday,7683.61,6915.249
2024-08-18,ORD030572,CUST03126,P019,Vacuum Cleaner,Home,Kolkata,Store,Cash,3,8450.06,0.15,25350.18,21547.65,0,4521.91,2024,8,August,Sunday,25350.18,21547.653
2024-08-18,ORD002165,CUST03783,P014,Keyboard,Electronics,Chennai,Online,Cash,2,2287.6,0.25,4575.2,3431.4,0,283.44,2024,8,August,Sunday,4575.2,3431.3999999999996
2024-08-18,ORD019226,CUST03458,P011,Mixer Grinder,Home,Pune,Online,Cash,1,4696.53,0.0,4696.53,4696.53,1,-234.83,2024,8,August,Sunday,4696.53,4696.53
2024-08-18,ORD041727,CUST03949,P009,T-Shirt,Fashion,Chennai,Online,Cash,1,1275.1,0.15,1275.1,1083.83,0,74.1,2024,8,August,Sunday,1275.1,1083.8349999999998
2024-08-18,ORD046292,CUST00607,P002,Smartphone,Electronics,Jaipur,Store,UPI,1,28919.76,0.1,28919.76,26027.78,0,5400.76,2024,8,August,Sunday,28919.76,26027.784
2024-08-18,ORD011693,CUST02350,P008,Running Shoes,Fashion,Surat,Online,UPI,2,4360.55,0.1,8721.1,7848.99,0,1653.01,2024,8,August,Sunday,8721.1,7848.990000000001
2024-08-18,ORD036551,CUST01570,P009,T-Shirt,Fashion,Ahmedabad,Online,Credit Card,2,1171.25,0.15,2342.5,1991.12,0,427.81,2024,8,August,Sunday,2342.5,1991.125
2024-08-18,ORD025270,CUST04764,P015,Dining Table,Furniture,Surat,Online,UPI,1,21754.14,0.2,21754.14,17403.31,1,-870.17,2024,8,August,Sunday,21754.14,17403.312
2024-08-18,ORD006775,CUST04106,P018,Jacket,Fashion,Mumbai,Online,UPI,1,5657.9,0.0,5657.9,5657.9,0,565.63,2024,8,August,Sunday,5657.9,5657.9
2024-08-18,ORD046230,CUST03085,P003,Headphones,Electronics,Surat,Online,Net Banking,2,4532.01,0.15,9064.02,7704.42,1,-385.22,2024,8,August,Sunday,9064.02,7704.417
2024-08-18,ORD008831,CUST00460,P013,Monitor,Electronics,Chennai,Online,UPI,1,18872.77,0.0,18872.77,18872.77,0,3355.72,2024,8,August,Sunday,18872.77,18872.77
2024-08-18,ORD001635,CUST03723,P014,Keyboard,Electronics,Delhi,Store,UPI,1,2341.39,0.05,2341.39,2224.32,0,520.02,2024,8,August,Sunday,2341.39,2224.3205
2024-08-18,ORD004892,CUST04620,P010,Coffee Maker,Home,Chennai,Online,Credit Card,4,5293.08,0.15,21172.32,17996.47,1,-899.82,2024,8,August,Sunday,21172.32,17996.471999999998
2024-08-18,ORD039316,CUST02646,P015,Dining Table,Furniture,Pune,Online,Net Banking,1,22524.4,0.25,22524.4,16893.3,0,1894.47,2024,8,August,Sunday,22524.4,16893.300000000003
2024-08-18,ORD037187,CUST00526,P003,Headphones,Electronics,Surat,Store,Credit Card,2,4489.99,0.0,8979.98,8979.98,0,1418.67,2024,8,August,Sunday,8979.98,8979.98
2024-08-18,ORD038376,CUST04524,P004,Smartwatch,Electronics,Bengaluru,Online,Credit Card,5,7475.41,0.1,37377.05,33639.34,0,3049.06,2024,8,August,Sunday,37377.05,33639.345
2024-08-18,ORD018837,CUST01048,P007,Backpack,Accessories,Kolkata,Online,Net Banking,1,2051.16,0.05,2051.16,1948.6,0,395.17,2024,8,August,Sunday,2051.16,1948.6019999999999
2024-08-18,ORD033547,CUST02998,P005,Office Chair,Furniture,Chennai,Online,UPI,2,10320.6,0.0,20641.2,20641.2,0,5814.46,2024,8,August,Sunday,20641.2,20641.2
2024-08-18,ORD047206,CUST02074,P016,Sofa,Furniture,Delhi,Store,Debit Card,1,38124.52,0.1,38124.52,34312.07,0,7219.79,2024,8,August,Sunday,38124.52,34312.068
2024-08-18,ORD007765,CUST03204,P018,Jacket,Fashion,Chennai,Store,Credit Card,1,4736.2,0.1,4736.2,4262.58,0,882.82,2024,8,August,Sunday,4736.2,4262.58
2024-08-18,ORD028713,CUST04522,P005,Office Chair,Furniture,Mumbai,Store,UPI,1,10323.11,0.1,10323.11,9290.8,0,2057.08,2024,8,August,Sunday,10323.11,9290.799
2024-08-18,ORD021571,CUST02355,P005,Office Chair,Furniture,Bengaluru,Store,UPI,2,10266.71,0.2,20533.42,16426.74,0,3785.79,2024,8,August,Sunday,20533.42,16426.736
2024-08-18,ORD021423,CUST04487,P012,Air Fryer,Home,Pune,Store,UPI,1,6486.83,0.2,6486.83,5189.46,0,1211.97,2024,8,August,Sunday,6486.83,5189.464
2024-08-18,ORD040900,CUST04104,P002,Smartphone,Electronics,Mumbai,Online,Cash,4,29410.88,0.15,117643.52,99996.99,0,12929.22,2024,8,August,Sunday,117643.52,99996.992
2024-08-18,ORD032722,CUST03999,P014,Keyboard,Electronics,Ahmedabad,Store,UPI,1,2509.68,0.05,2509.68,2384.2,0,496.49,2024,8,August,Sunday,2509.68,2384.196
2024-08-18,ORD027289,CUST01355,P008,Running Shoes,Fashion,Kolkata,Store,UPI,1,4489.1,0.1,4489.1,4040.19,0,950.5,2024,8,August,Sunday,4489.1,4040.1900000000005
2024-08-18,ORD010539,CUST00731,P001,Laptop,Electronics,Bengaluru,Online,UPI,2,71226.01,0.15,142452.02,121084.22,0,14638.54,2024,8,August,Sunday,142452.02,121084.21699999999
2024-08-18,ORD036855,CUST04317,P020,Microwave,Home,Mumbai,Store,UPI,2,10931.25,0.0,21862.5,21862.5,0,1750.97,2024,8,August,Sunday,21862.5,21862.5
2024-08-18,ORD012740,CUST02230,P012,Air Fryer,Home,Surat,Online,UPI,2,6983.24,0.05,13966.48,13268.16,0,1538.03,2024,8,August,Sunday,13966.48,13268.155999999999
2024-08-18,ORD004962,CUST01292,P011,Mixer Grinder,Home,Bengaluru,Store,Credit Card,2,5001.03,0.05,10002.06,9501.96,0,1129.21,2024,8,August,Sunday,10002.06,9501.956999999999
2024-08-18,ORD027183,CUST03818,P014,Keyboard,Electronics,Jaipur,Online,Net Banking,2,2566.75,0.05,5133.5,4876.82,1,-243.84,2024,8,August,Sunday,5133.5,4876.825
2024-08-18,ORD011608,CUST03173,P003,Headphones,Electronics,Pune,Online,UPI,2,4315.93,0.1,8631.86,7768.67,0,1398.55,2024,8,August,Sunday,8631.86,7768.674000000001
2024-08-18,ORD011414,CUST01839,P015,Dining Table,Furniture,Jaipur,Store,Credit Card,1,20658.09,0.15,20658.09,17559.38,0,3921.58,2024,8,August,Sunday,20658.09,17559.3765
2024-08-18,ORD049765,CUST03218,P002,Smartphone,Electronics,Hyderabad,Online,Credit Card,1,25325.23,0.05,25325.23,24058.97,0,3287.38,2024,8,August,Sunday,25325.23,24058.9685
2024-08-18,ORD037649,CUST04536,P020,Microwave,Home,Surat,Online,UPI,1,11143.37,0.0,11143.37,11143.37,0,1003.17,2024,8,August,Sunday,11143.37,11143.37
2024-08-18,ORD043411,CUST02939,P013,Monitor,Electronics,Surat,Online,Credit Card,1,16893.32,0.15,16893.32,14359.32,0,3126.32,2024,8,August,Sunday,16893.32,14359.322
2024-08-18,ORD024004,CUST03528,P002,Smartphone,Electronics,Kolkata,Online,Debit Card,5,28495.18,0.2,142475.9,113980.72,0,17551.14,2024,8,August,Sunday,142475.9,113980.72
2024-08-18,ORD023023,CUST00340,P011,Mixer Grinder,Home,Jaipur,Online,Credit Card,1,4767.43,0.05,4767.43,4529.06,0,324.59,2024,8,August,Sunday,4767.43,4529.0585
2024-08-18,ORD042817,CUST03257,P012,Air Fryer,Home,Kolkata,Store,UPI,1,6500.02,0.1,6500.02,5850.02,0,715.21,2024,8,August,Sunday,6500.02,5850.018000000001
2024-08-18,ORD018147,CUST02934,P017,Jeans,Fashion,Mumbai,Store,UPI,2,2672.72,0.15,5345.44,4543.62,0,654.58,2024,8,August,Sunday,5345.44,4543.624
2024-08-18,ORD002534,CUST02351,P003,Headphones,Electronics,Surat,Online,Credit Card,2,4451.99,0.25,8903.98,6677.98,0,430.51,2024,8,August,Sunday,8903.98,6677.985
2024-08-18,ORD020586,CUST03102,P001,Laptop,Electronics,Kolkata,Online,Net Banking,1,64078.9,0.0,64078.9,64078.9,0,7342.71,2024,8,August,Sunday,64078.9,64078.9
2024-08-18,ORD025844,CUST04101,P008,Running Shoes,Fashion,Jaipur,Store,UPI,5,4348.54,0.0,21742.7,21742.7,0,6243.91,2024,8,August,Sunday,21742.7,21742.7
2024-08-18,ORD039793,CUST02920,P013,Monitor,Electronics,Ahmedabad,Store,Net Banking,1,18052.53,0.05,18052.53,17149.9,1,-857.5,2024,8,August,Sunday,18052.53,17149.903499999997
2024-08-18,ORD044080,CUST00736,P020,Microwave,Home,Bengaluru,Online,UPI,1,10553.87,0.0,10553.87,10553.87,0,1714.58,2024,8,August,Sunday,10553.87,10553.87
2024-08-18,ORD040078,CUST01143,P012,Air Fryer,Home,Kolkata,Store,UPI,3,7178.89,0.0,21536.67,21536.67,0,6417.31,2024,8,August,Sunday,21536.670000000002,21536.67
2024-08-18,ORD023327,CUST01298,P005,Office Chair,Furniture,Chennai,Online,UPI,2,8595.31,0.2,17190.62,13752.5,0,1396.35,2024,8,August,Sunday,17190.62,13752.496
2024-08-18,ORD018135,CUST01911,P014,Keyboard,Electronics,Surat,Online,Credit Card,2,2424.02,0.1,4848.04,4363.24,0,978.03,2024,8,August,Sunday,4848.04,4363.236
2024-08-18,ORD002519,CUST00320,P006,Desk,Furniture,Jaipur,Store,UPI,1,11296.16,0.05,11296.16,10731.35,0,2781.32,2024,8,August,Sunday,11296.16,10731.351999999999
2024-08-18,ORD020605,CUST00282,P011,Mixer Grinder,Home,Kolkata,Store,Debit Card,1,4957.71,0.0,4957.71,4957.71,0,529.23,2024,8,August,Sunday,4957.71,4957.71
2024-08-18,ORD043966,CUST02141,P004,Smartwatch,Electronics,Chennai,Store,UPI,1,7111.08,0.15,7111.08,6044.42,0,1309.75,2024,8,August,Sunday,7111.08,6044.418
2024-08-18,ORD020575,CUST00936,P014,Keyboard,Electronics,Surat,Online,UPI,1,2505.27,0.05,2505.27,2380.01,0,180.87,2024,8,August,Sunday,2505.27,2380.0065
2024-08-19,ORD033429,CUST02596,P008,Running Shoes,Fashion,Surat,Online,Credit Card,1,4483.76,0.1,4483.76,4035.38,0,283.89,2024,8,August,Monday,4483.76,4035.3840000000005
2024-08-19,ORD002989,CUST03689,P018,Jacket,Fashion,Surat,Store,UPI,2,5052.49,0.05,10104.98,9599.73,1,-479.99,2024,8,August,Monday,10104.98,9599.731
2024-08-19,ORD046287,CUST04769,P002,Smartphone,Electronics,Jaipur,Online,UPI,1,28201.18,0.0,28201.18,28201.18,0,5497.65,2024,8,August,Monday,28201.18,28201.18
2024-08-19,ORD027727,CUST04229,P018,Jacket,Fashion,Delhi,Online,UPI,2,4791.91,0.1,9583.82,8625.44,0,2261.72,2024,8,August,Monday,9583.82,8625.438
2024-08-19,ORD035261,CUST01678,P013,Monitor,Electronics,Bengaluru,Store,Net Banking,2,19182.2,0.2,38364.4,30691.52,0,3960.41,2024,8,August,Monday,38364.4,30691.520000000004
2024-08-19,ORD008852,CUST03628,P020,Microwave,Home,Surat,Store,Debit Card,2,11669.59,0.2,23339.18,18671.34,0,3451.21,2024,8,August,Monday,23339.18,18671.344
2024-08-19,ORD009152,CUST03807,P008,Running Shoes,Fashion,Pune,Store,Credit Card,1,4226.48,0.1,4226.48,3803.83,0,922.82,2024,8,August,Monday,4226.48,3803.832
2024-08-19,ORD031938,CUST00176,P006,Desk,Furniture,Mumbai,Store,Net Banking,1,12318.9,0.05,12318.9,11702.96,0,1279.83,2024,8,August,Monday,12318.9,11702.955
2024-08-19,ORD039703,CUST03316,P017,Jeans,Fashion,Kolkata,Store,Credit Card,1,2790.46,0.2,2790.46,2232.37,0,504.14,2024,8,August,Monday,2790.46,2232.368
2024-08-19,ORD046310,CUST02732,P005,Office Chair,Furniture,Ahmedabad,Online,Net Banking,1,8978.98,0.0,8978.98,8978.98,0,2021.97,2024,8,August,Monday,8978.98,8978.98
2024-08-19,ORD004432,CUST00989,P002,Smartphone,Electronics,Ahmedabad,Online,UPI,1,28507.2,0.1,28507.2,25656.48,1,-1282.82,2024,8,August,Monday,28507.2,25656.48
2024-08-19,ORD034071,CUST03568,P011,Mixer Grinder,Home,Delhi,Online,Cash,1,4945.3,0.0,4945.3,4945.3,0,592.44,2024,8,August,Monday,4945.3,4945.3
2024-08-19,ORD032656,CUST01228,P006,Desk,Furniture,Mumbai,Online,UPI,1,11024.35,0.05,11024.35,10473.13,1,-523.66,2024,8,August,Monday,11024.35,10473.1325
2024-08-19,ORD014185,CUST00260,P014,Keyboard,Electronics,Jaipur,Online,Debit Card,1,2467.38,0.1,2467.38,2220.64,1,-111.03,2024,8,August,Monday,2467.38,2220.6420000000003
2024-08-19,ORD001550,CUST00932,P014,Keyboard,Electronics,Surat,Online,UPI,4,2489.66,0.0,9958.64,9958.64,0,1658.26,2024,8,August,Monday,9958.64,9958.64
2024-08-19,ORD022807,CUST01918,P014,Keyboard,Electronics,Kolkata,Store,UPI,1,2650.64,0.05,2650.64,2518.11,0,240.34,2024,8,August,Monday,2650.64,2518.1079999999997
2024-08-19,ORD014393,CUST01939,P013,Monitor,Electronics,Surat,Online,UPI,1,18790.96,0.15,18790.96,15972.32,0,3340.44,2024,8,August,Monday,18790.96,15972.315999999999
2024-08-19,ORD015873,CUST00265,P020,Microwave,Home,Ahmedabad,Store,Cash,2,10044.63,0.1,20089.26,18080.33,0,2508.4,2024,8,August,Monday,20089.26,18080.334
2024-08-19,ORD029088,CUST01276,P011,Mixer Grinder,Home,Pune,Online,Cash,1,5042.84,0.2,5042.84,4034.27,0,591.96,2024,8,August,Monday,5042.84,4034.2720000000004
2024-08-19,ORD001206,CUST00959,P009,T-Shirt,Fashion,Jaipur,Store,UPI,1,1087.96,0.0,1087.96,1087.96,0,137.16,2024,8,August,Monday,1087.96,1087.96
2024-08-19,ORD043204,CUST00192,P011,Mixer Grinder,Home,Jaipur,Online,UPI,4,4531.26,0.0,18125.04,18125.04,0,3715.77,2024,8,August,Monday,18125.04,18125.04
2024-08-19,ORD042209,CUST01303,P005,Office Chair,Furniture,Mumbai,Online,Credit Card,2,10101.54,0.1,20203.08,18182.77,0,3234.52,2024,8,August,Monday,20203.08,18182.772
2024-08-19,ORD016347,CUST00802,P010,Coffee Maker,Home,Mumbai,Online,Credit Card,1,5387.2,0.05,5387.2,5117.84,0,1361.55,2024,8,August,Monday,5387.2,5117.839999999999
2024-08-19,ORD012456,CUST01673,P004,Smartwatch,Electronics,Hyderabad,Store,UPI,1,7549.87,0.1,7549.87,6794.88,0,1890.88,2024,8,August,Monday,7549.87,6794.883
2024-08-19,ORD037262,CUST03481,P012,Air Fryer,Home,Jaipur,Store,Cash,1,6683.45,0.2,6683.45,5346.76,0,1073.4,2024,8,August,Monday,6683.45,5346.76
2024-08-19,ORD003988,CUST03960,P018,Jacket,Fashion,Bengaluru,Online,UPI,1,5074.25,0.15,5074.25,4313.11,0,598.05,2024,8,August,Monday,5074.25,4313.1125
2024-08-19,ORD010690,CUST04744,P015,Dining Table,Furniture,Jaipur,Store,Credit Card,1,21769.29,0.1,21769.29,19592.36,0,3548.27,2024,8,August,Monday,21769.29,19592.361
2024-08-19,ORD028553,CUST00254,P008,Running Shoes,Fashion,Bengaluru,Store,Credit Card,2,4408.8,0.15,8817.6,7494.96,0,1484.18,2024,8,August,Monday,8817.6,7494.96
2024-08-19,ORD001778,CUST03369,P007,Backpack,Accessories,Bengaluru,Online,Debit Card,3,2277.17,0.1,6831.51,6148.36,0,1270.12,2024,8,August,Monday,6831.51,6148.359
2024-08-19,ORD018212,CUST00235,P015,Dining Table,Furniture,Pune,Store,Credit Card,2,23028.33,0.0,46056.66,46056.66,0,4152.96,2024,8,August,Monday,46056.66,46056.66
2024-08-19,ORD049304,CUST01655,P013,Monitor,Electronics,Pune,Store,UPI,5,17152.61,0.1,85763.05,77186.75,0,11728.9,2024,8,August,Monday,85763.05,77186.74500000001
2024-08-19,ORD030650,CUST00522,P014,Keyboard,Electronics,Pune,Store,Debit Card,1,2686.47,0.0,2686.47,2686.47,0,389.87,2024,8,August,Monday,2686.47,2686.47
2024-08-19,ORD011555,CUST04691,P013,Monitor,Electronics,Bengaluru,Store,Debit Card,3,17404.06,0.05,52212.18,49601.57,0,12839.79,2024,8,August,Monday,52212.18000000001,49601.570999999996
2024-08-19,ORD020768,CUST03785,P011,Mixer Grinder,Home,Hyderabad,Online,UPI,3,5223.29,0.05,15669.87,14886.38,0,2660.38,2024,8,August,Monday,15669.869999999999,14886.3765
2024-08-19,ORD036077,CUST03683,P016,Sofa,Furniture,Bengaluru,Store,UPI,1,36979.85,0.0,36979.85,36979.85,0,7685.49,2024,8,August,Monday,36979.85,36979.85
2024-08-19,ORD010436,CUST02184,P009,T-Shirt,Fashion,Pune,Online,UPI,2,1132.56,0.0,2265.12,2265.12,0,385.9,2024,8,August,Monday,2265.12,2265.12
2024-08-19,ORD038595,CUST04491,P018,Jacket,Fashion,Chennai,Online,Credit Card,1,5691.25,0.1,5691.25,5122.12,0,349.01,2024,8,August,Monday,5691.25,5122.125
2024-08-19,ORD012645,CUST01166,P014,Keyboard,Electronics,Bengaluru,Online,Debit Card,1,2556.71,0.1,2556.71,2301.04,0,210.15,2024,8,August,Monday,2556.71,2301.039
2024-08-19,ORD042551,CUST04153,P015,Dining Table,Furniture,Bengaluru,Store,Net Banking,5,22133.56,0.0,110667.8,110667.8,0,31877.18,2024,8,August,Monday,110667.8,110667.8
2024-08-19,ORD016831,CUST03725,P003,Headphones,Electronics,Hyderabad,Online,UPI,2,4594.0,0.1,9188.0,8269.2,0,1675.85,2024,8,August,Monday,9188.0,8269.2
2024-08-19,ORD022345,CUST00796,P008,Running Shoes,Fashion,Delhi,Online,UPI,1,4431.06,0.0,4431.06,4431.06,0,1136.37,2024,8,August,Monday,4431.06,4431.06
2024-08-19,ORD039503,CUST01050,P017,Jeans,Fashion,Jaipur,Online,Credit Card,2,2788.4,0.1,5576.8,5019.12,0,439.79,2024,8,August,Monday,5576.8,5019.12
2024-08-19,ORD005669,CUST01681,P013,Monitor,Electronics,Jaipur,Store,Debit Card,4,18202.36,0.2,72809.44,58247.55,0,3695.91,2024,8,August,Monday,72809.44,58247.552
2024-08-19,ORD045853,CUST04228,P016,Sofa,Furniture,Surat,Online,Cash,4,36661.9,0.2,146647.6,117318.08,0,21612.54,2024,8,August,Monday,146647.6,117318.08000000002
2024-08-19,ORD000177,CUST00789,P009,T-Shirt,Fashion,Chennai,Store,Cash,4,1098.34,0.15,4393.36,3734.36,0,951.03,2024,8,August,Monday,4393.36,3734.3559999999998
2024-08-19,ORD008701,CUST00833,P010,Coffee Maker,Home,Jaipur,Store,Cash,4,6017.25,0.05,24069.0,22865.55,0,4215.04,2024,8,August,Monday,24069.0,22865.55
2024-08-19,ORD045261,CUST03078,P014,Keyboard,Electronics,Kolkata,Store,Debit Card,1,2626.62,0.15,2626.62,2232.63,0,453.3,2024,8,August,Monday,2626.62,2232.627
2024-08-19,ORD033665,CUST03560,P012,Air Fryer,Home,Hyderabad,Online,UPI,5,7325.32,0.05,36626.6,34795.27,0,7292.07,2024,8,August,Monday,36626.6,34795.27
2024-08-19,ORD036903,CUST01111,P002,Smartphone,Electronics,Pune,Store,Debit Card,1,28903.0,0.1,28903.0,26012.7,0,4762.44,2024,8,August,Monday,28903.0,26012.7
2024-08-19,ORD020598,CUST02169,P012,Air Fryer,Home,Bengaluru,Store,UPI,1,6985.78,0.1,6985.78,6287.2,0,1746.23,2024,8,August,Monday,6985.78,6287.202
2024-08-19,ORD035480,CUST00744,P012,Air Fryer,Home,Mumbai,Online,UPI,1,6775.35,0.0,6775.35,6775.35,0,1177.3,2024,8,August,Monday,6775.35,6775.35
2024-08-19,ORD044895,CUST04137,P015,Dining Table,Furniture,Hyderabad,Online,Cash,1,23779.8,0.15,23779.8,20212.83,0,1197.9,2024,8,August,Monday,23779.8,20212.829999999998
2024-08-19,ORD006385,CUST03179,P019,Vacuum Cleaner,Home,Jaipur,Store,UPI,3,8202.12,0.1,24606.36,22145.72,0,3501.5,2024,8,August,Monday,24606.36,22145.724000000002
2024-08-19,ORD021546,CUST00224,P018,Jacket,Fashion,Delhi,Store,Debit Card,1,4714.19,0.0,4714.19,4714.19,0,1099.43,2024,8,August,Monday,4714.19,4714.19
2024-08-19,ORD011422,CUST01125,P016,Sofa,Furniture,Jaipur,Online,Net Banking,2,37120.28,0.15,74240.56,63104.48,0,13257.42,2024,8,August,Monday,74240.56,63104.475999999995
2024-08-19,ORD019600,CUST03252,P013,Monitor,Electronics,Chennai,Online,Cash,1,19288.0,0.05,19288.0,18323.6,0,3553.86,2024,8,August,Monday,19288.0,18323.6
2024-08-19,ORD032244,CUST01305,P016,Sofa,Furniture,Chennai,Online,UPI,1,33379.82,0.2,33379.82,26703.86,0,6074.94,2024,8,August,Monday,33379.82,26703.856
2024-08-19,ORD033779,CUST01479,P014,Keyboard,Electronics,Hyderabad,Store,UPI,1,2507.35,0.1,2507.35,2256.61,0,176.3,2024,8,August,Monday,2507.35,2256.615
2024-08-19,ORD011832,CUST02163,P019,Vacuum Cleaner,Home,Delhi,Store,UPI,3,9156.44,0.05,27469.32,26095.85,0,2518.94,2024,8,August,Monday,27469.32,26095.854
2024-08-19,ORD022835,CUST04103,P013,Monitor,Electronics,Pune,Online,UPI,2,18116.13,0.2,36232.26,28985.81,0,3045.01,2024,8,August,Monday,36232.26,28985.808000000005
2024-08-19,ORD003752,CUST04184,P004,Smartwatch,Electronics,Pune,Store,Debit Card,1,7663.34,0.05,7663.34,7280.17,0,1191.55,2024,8,August,Monday,7663.34,7280.173
2024-08-19,ORD014810,CUST03685,P011,Mixer Grinder,Home,Kolkata,Online,UPI,4,5055.35,0.1,20221.4,18199.26,0,2401.95,2024,8,August,Monday,20221.4,18199.260000000002
2024-08-19,ORD036735,CUST02813,P016,Sofa,Furniture,Mumbai,Store,UPI,4,34737.5,0.05,138950.0,132002.5,0,29603.5,2024,8,August,Monday,138950.0,132002.5
2024-08-19,ORD046668,CUST00061,P002,Smartphone,Electronics,Delhi,Store,Credit Card,1,29610.37,0.15,29610.37,25168.81,0,4086.65,2024,8,August,Monday,29610.37,25168.814499999997
2024-08-19,ORD020594,CUST04677,P001,Laptop,Electronics,Surat,Online,Credit Card,1,65281.37,0.1,65281.37,58753.23,0,3607.56,2024,8,August,Monday,65281.37,58753.233
2024-08-19,ORD019656,CUST02398,P003,Headphones,Electronics,Hyderabad,Online,UPI,3,4327.65,0.0,12982.95,12982.95,0,3799.67,2024,8,August,Monday,12982.949999999999,12982.95
2024-08-19,ORD011752,CUST01302,P008,Running Shoes,Fashion,Surat,Store,Cash,2,4117.81,0.0,8235.62,8235.62,0,960.75,2024,8,August,Monday,8235.62,8235.62
2024-08-19,ORD045506,CUST01135,P020,Microwave,Home,Surat,Online,Credit Card,2,9951.99,0.2,19903.98,15923.18,0,1659.79,2024,8,August,Monday,19903.98,15923.184000000001
2024-08-19,ORD020952,CUST04335,P015,Dining Table,Furniture,Delhi,Online,Credit Card,2,22302.13,0.1,44604.26,40143.83,0,8572.69,2024,8,August,Monday,44604.26,40143.834
2024-08-19,ORD039168,CUST04745,P020,Microwave,Home,Pune,Store,Credit Card,1,10700.38,0.0,10700.38,10700.38,0,2375.15,2024,8,August,Monday,10700.38,10700.38
2024-08-19,ORD000179,CUST03898,P011,Mixer Grinder,Home,Pune,Online,Debit Card,2,4421.15,0.15,8842.3,7515.95,0,1216.74,2024,8,August,Monday,8842.3,7515.954999999999
2024-08-19,ORD022244,CUST04107,P005,Office Chair,Furniture,Pune,Store,Credit Card,3,9737.78,0.05,29213.34,27752.67,1,-1387.63,2024,8,August,Monday,29213.340000000004,27752.673
2024-08-19,ORD030857,CUST00914,P010,Coffee Maker,Home,Pune,Online,Credit Card,1,5035.99,0.1,5035.99,4532.39,0,813.38,2024,8,August,Monday,5035.99,4532.391
2024-08-19,ORD049634,CUST03295,P017,Jeans,Fashion,Chennai,Online,UPI,1,2721.6,0.0,2721.6,2721.6,0,315.49,2024,8,August,Monday,2721.6,2721.6
2024-08-19,ORD048031,CUST04649,P014,Keyboard,Electronics,Pune,Store,Net Banking,1,2283.28,0.05,2283.28,2169.12,0,286.61,2024,8,August,Monday,2283.28,2169.116
2024-08-19,ORD032589,CUST01830,P009,T-Shirt,Fashion,Hyderabad,Store,UPI,1,1103.36,0.05,1103.36,1048.19,0,189.52,2024,8,August,Monday,1103.36,1048.1919999999998
2024-08-19,ORD016056,CUST01701,P010,Coffee Maker,Home,Jaipur,Store,Net Banking,1,5965.86,0.0,5965.86,5965.86,0,1443.74,2024,8,August,Monday,5965.86,5965.86
2024-08-19,ORD037564,CUST04902,P010,Coffee Maker,Home,Chennai,Online,Cash,1,5275.57,0.2,5275.57,4220.46,0,878.99,2024,8,August,Monday,5275.57,4220.456
2024-08-19,ORD036333,CUST02162,P011,Mixer Grinder,Home,Pune,Online,UPI,2,4573.08,0.0,9146.16,9146.16,1,-457.31,2024,8,August,Monday,9146.16,9146.16
2024-08-19,ORD007072,CUST02671,P017,Jeans,Fashion,Delhi,Online,UPI,1,2557.51,0.05,2557.51,2429.63,0,661.41,2024,8,August,Monday,2557.51,2429.6345
2024-08-19,ORD049430,CUST03500,P020,Microwave,Home,Mumbai,Online,Credit Card,1,11518.91,0.1,11518.91,10367.02,0,2022.54,2024,8,August,Monday,11518.91,10367.019
2024-08-20,ORD019778,CUST01111,P006,Desk,Furniture,Jaipur,Online,UPI,3,11609.72,0.0,34829.16,34829.16,1,-1741.46,2024,8,August,Tuesday,34829.159999999996,34829.16
2024-08-20,ORD019136,CUST00177,P010,Coffee Maker,Home,Kolkata,Online,Net Banking,1,5201.57,0.0,5201.57,5201.57,0,1182.59,2024,8,August,Tuesday,5201.57,5201.57
2024-08-20,ORD033710,CUST01877,P009,T-Shirt,Fashion,Hyderabad,Online,UPI,1,1118.81,0.05,1118.81,1062.87,0,234.02,2024,8,August,Tuesday,1118.81,1062.8694999999998
2024-08-20,ORD007498,CUST03721,P008,Running Shoes,Fashion,Jaipur,Store,Credit Card,1,3983.12,0.0,3983.12,3983.12,0,1018.49,2024,8,August,Tuesday,3983.12,3983.12
2024-08-20,ORD032465,CUST02246,P009,T-Shirt,Fashion,Surat,Online,Credit Card,1,1178.11,0.15,1178.11,1001.39,0,68.28,2024,8,August,Tuesday,1178.11,1001.3934999999999
2024-08-20,ORD043734,CUST03052,P008,Running Shoes,Fashion,Hyderabad,Store,UPI,2,4478.89,0.0,8957.78,8957.78,0,2655.5,2024,8,August,Tuesday,8957.78,8957.78
2024-08-20,ORD017997,CUST02458,P006,Desk,Furniture,Hyderabad,Online,Credit Card,1,11447.35,0.1,11447.35,10302.62,0,1237.23,2024,8,August,Tuesday,11447.35,10302.615
2024-08-20,ORD033586,CUST04258,P014,Keyboard,Electronics,Hyderabad,Online,Cash,1,2748.56,0.05,2748.56,2611.13,0,353.57,2024,8,August,Tuesday,2748.56,2611.1319999999996
2024-08-20,ORD039705,CUST02417,P010,Coffee Maker,Home,Delhi,Online,Credit Card,1,5930.87,0.0,5930.87,5930.87,0,1775.76,2024,8,August,Tuesday,5930.87,5930.87
2024-08-20,ORD045929,CUST01450,P010,Coffee Maker,Home,Bengaluru,Store,UPI,1,5423.53,0.1,5423.53,4881.18,0,430.82,2024,8,August,Tuesday,5423.53,4881.177
2024-08-20,ORD026611,CUST00781,P012,Air Fryer,Home,Ahmedabad,Store,Cash,1,7663.05,0.15,7663.05,6513.59,0,1563.75,2024,8,August,Tuesday,7663.05,6513.5925
2024-08-20,ORD032299,CUST03056,P008,Running Shoes,Fashion,Pune,Store,Debit Card,5,4334.16,0.1,21670.8,19503.72,0,5164.03,2024,8,August,Tuesday,21670.8,19503.72
2024-08-20,ORD023192,CUST01778,P015,Dining Table,Furniture,Kolkata,Online,Cash,2,23793.84,0.2,47587.68,38070.14,0,5894.9,2024,8,August,Tuesday,47587.68,38070.144
2024-08-20,ORD047975,CUST04341,P017,Jeans,Fashion,Jaipur,Online,UPI,4,2991.2,0.1,11964.8,10768.32,0,685.13,2024,8,August,Tuesday,11964.8,10768.32
2024-08-20,ORD025935,CUST01179,P015,Dining Table,Furniture,Pune,Online,UPI,2,20264.82,0.05,40529.64,38503.16,0,8410.11,2024,8,August,Tuesday,40529.64,38503.157999999996
2024-08-20,ORD047511,CUST03615,P018,Jacket,Fashion,Pune,Online,UPI,1,5300.43,0.1,5300.43,4770.39,0,1310.58,2024,8,August,Tuesday,5300.43,4770.387000000001
2024-08-20,ORD042321,CUST02002,P015,Dining Table,Furniture,Hyderabad,Online,Credit Card,1,19919.43,0.05,19919.43,18923.46,0,1754.48,2024,8,August,Tuesday,19919.43,18923.4585
2024-08-20,ORD015698,CUST00038,P003,Headphones,Electronics,Jaipur,Online,Cash,1,4555.5,0.15,4555.5,3872.18,0,574.09,2024,8,August,Tuesday,4555.5,3872.1749999999997
2024-08-20,ORD034533,CUST00554,P010,Coffee Maker,Home,Chennai,Online,Cash,2,5027.92,0.1,10055.84,9050.26,0,2304.05,2024,8,August,Tuesday,10055.84,9050.256000000001
2024-08-20,ORD025762,CUST01168,P018,Jacket,Fashion,Bengaluru,Store,UPI,1,5580.81,0.15,5580.81,4743.69,0,1115.7,2024,8,August,Tuesday,5580.81,4743.6885
2024-08-20,ORD032142,CUST02221,P015,Dining Table,Furniture,Bengaluru,Online,Net Banking,2,20774.51,0.1,41549.02,37394.12,0,3293.71,2024,8,August,Tuesday,41549.02,37394.117999999995
2024-08-20,ORD048770,CUST04495,P015,Dining Table,Furniture,Delhi,Store,Credit Card,3,23856.26,0.1,71568.78,64411.9,0,8914.77,2024,8,August,Tuesday,71568.78,64411.902
2024-08-20,ORD013692,CUST02266,P019,Vacuum Cleaner,Home,Ahmedabad,Online,Credit Card,1,8906.44,0.15,8906.44,7570.47,0,797.61,2024,8,August,Tuesday,8906.44,7570.474
2024-08-20,ORD049775,CUST00105,P015,Dining Table,Furniture,Delhi,Store,UPI,1,22032.77,0.0,22032.77,22032.77,1,-1101.64,2024,8,August,Tuesday,22032.77,22032.77
2024-08-20,ORD005170,CUST00849,P017,Jeans,Fashion,Ahmedabad,Online,UPI,5,2579.95,0.2,12899.75,10319.8,0,1415.64,2024,8,August,Tuesday,12899.75,10319.800000000001
2024-08-20,ORD044435,CUST02914,P008,Running Shoes,Fashion,Mumbai,Store,UPI,1,4505.87,0.15,4505.87,3829.99,0,713.39,2024,8,August,Tuesday,4505.87,3829.9894999999997
2024-08-20,ORD005271,CUST01983,P016,Sofa,Furniture,Kolkata,Online,Credit Card,5,35063.26,0.25,175316.3,131487.22,0,24213.38,2024,8,August,Tuesday,175316.30000000002,131487.22499999998
2024-08-20,ORD039926,CUST02560,P010,Coffee Maker,Home,Ahmedabad,Online,Credit Card,2,5684.47,0.1,11368.94,10232.05,0,2028.84,2024,8,August,Tuesday,11368.94,10232.046
2024-08-20,ORD002271,CUST00956,P005,Office Chair,Furniture,Delhi,Store,Credit Card,1,9066.72,0.05,9066.72,8613.38,0,1380.46,2024,8,August,Tuesday,9066.72,8613.383999999998
2024-08-20,ORD044001,CUST03531,P017,Jeans,Fashion,Delhi,Store,Credit Card,3,2523.96,0.15,7571.88,6436.1,0,1023.49,2024,8,August,Tuesday,7571.88,6436.098
2024-08-20,ORD012225,CUST04515,P002,Smartphone,Electronics,Ahmedabad,Store,UPI,1,28058.95,0.0,28058.95,28058.95,0,2843.37,2024,8,August,Tuesday,28058.95,28058.95
2024-08-20,ORD035713,CUST04519,P015,Dining Table,Furniture,Pune,Online,UPI,2,22278.12,0.15,44556.24,37872.8,0,5022.27,2024,8,August,Tuesday,44556.24,37872.804
2024-08-20,ORD000014,CUST03764,P001,Laptop,Electronics,Ahmedabad,Online,UPI,1,70757.83,0.05,70757.83,67219.94,0,12377.47,2024,8,August,Tuesday,70757.83,67219.9385
2024-08-20,ORD043173,CUST01747,P013,Monitor,Electronics,Surat,Store,UPI,1,17514.74,0.0,17514.74,17514.74,0,4916.34,2024,8,August,Tuesday,17514.74,17514.74
2024-08-20,ORD038791,CUST00047,P014,Keyboard,Electronics,Mumbai,Online,UPI,3,2450.77,0.1,7352.31,6617.08,1,-330.85,2024,8,August,Tuesday,7352.3099999999995,6617.079000000001
2024-08-20,ORD019905,CUST02890,P008,Running Shoes,Fashion,Hyderabad,Store,UPI,1,4056.22,0.1,4056.22,3650.6,0,281.25,2024,8,August,Tuesday,4056.22,3650.598
2024-08-20,ORD022818,CUST04571,P010,Coffee Maker,Home,Surat,Online,Debit Card,1,5835.54,0.2,5835.54,4668.43,0,799.62,2024,8,August,Tuesday,5835.54,4668.432
2024-08-20,ORD038815,CUST01600,P006,Desk,Furniture,Ahmedabad,Online,UPI,2,13171.54,0.05,26343.08,25025.93,0,4437.26,2024,8,August,Tuesday,26343.08,25025.926
2024-08-20,ORD035305,CUST04554,P015,Dining Table,Furniture,Pune,Online,Debit Card,1,23790.8,0.2,23790.8,19032.64,0,3474.73,2024,8,August,Tuesday,23790.8,19032.64
2024-08-20,ORD044973,CUST03129,P009,T-Shirt,Fashion,Chennai,Online,UPI,3,1129.24,0.2,3387.72,2710.18,0,279.75,2024,8,August,Tuesday,3387.7200000000003,2710.176
2024-08-20,ORD034165,CUST04020,P017,Jeans,Fashion,Bengaluru,Online,UPI,1,2607.25,0.15,2607.25,2216.16,0,255.51,2024,8,August,Tuesday,2607.25,2216.1625
2024-08-20,ORD028114,CUST03864,P002,Smartphone,Electronics,Hyderabad,Online,Debit Card,1,29287.65,0.2,29287.65,23430.12,0,2508.38,2024,8,August,Tuesday,29287.65,23430.120000000003
2024-08-20,ORD037531,CUST01535,P011,Mixer Grinder,Home,Ahmedabad,Store,Debit Card,2,4907.19,0.0,9814.38,9814.38,0,2081.11,2024,8,August,Tuesday,9814.38,9814.38
2024-08-20,ORD041464,CUST02510,P019,Vacuum Cleaner,Home,Mumbai,Online,Debit Card,2,8970.13,0.05,17940.26,17043.25,0,1268.03,2024,8,August,Tuesday,17940.26,17043.247
2024-08-20,ORD010342,CUST04698,P004,Smartwatch,Electronics,Chennai,Online,Debit Card,1,7005.88,0.0,7005.88,7005.88,0,689.72,2024,8,August,Tuesday,7005.88,7005.88
2024-08-20,ORD021305,CUST04081,P009,T-Shirt,Fashion,Hyderabad,Store,Credit Card,1,1169.02,0.0,1169.02,1169.02,0,345.51,2024,8,August,Tuesday,1169.02,1169.02
2024-08-20,ORD015295,CUST02350,P008,Running Shoes,Fashion,Mumbai,Online,UPI,1,4524.4,0.0,4524.4,4524.4,0,1137.92,2024,8,August,Tuesday,4524.4,4524.4
2024-08-20,ORD027011,CUST02022,P009,T-Shirt,Fashion,Pune,Store,UPI,2,1318.02,0.1,2636.04,2372.44,0,301.3,2024,8,August,Tuesday,2636.04,2372.436
2024-08-20,ORD046624,CUST03745,P012,Air Fryer,Home,Jaipur,Store,Debit Card,1,7768.15,0.0,7768.15,7768.15,0,1158.62,2024,8,August,Tuesday,7768.15,7768.15
2024-08-20,ORD043502,CUST03238,P013,Monitor,Electronics,Ahmedabad,Online,Credit Card,1,18678.91,0.0,18678.91,18678.91,1,-933.95,2024,8,August,Tuesday,18678.91,18678.91
2024-08-20,ORD045103,CUST01156,P002,Smartphone,Electronics,Kolkata,Store,Cash,2,26424.02,0.15,52848.04,44920.83,0,10426.98,2024,8,August,Tuesday,52848.04,44920.834
2024-08-20,ORD033338,CUST02662,P011,Mixer Grinder,Home,Hyderabad,Online,UPI,1,5260.91,0.1,5260.91,4734.82,0,713.47,2024,8,August,Tuesday,5260.91,4734.819
2024-08-20,ORD036561,CUST04249,P018,Jacket,Fashion,Hyderabad,Online,UPI,1,5208.34,0.15,5208.34,4427.09,0,643.99,2024,8,August,Tuesday,5208.34,4427.089
2024-08-20,ORD028316,CUST00855,P011,Mixer Grinder,Home,Bengaluru,Store,UPI,1,4827.14,0.0,4827.14,4827.14,0,1072.58,2024,8,August,Tuesday,4827.14,4827.14
2024-08-20,ORD039761,CUST02320,P014,Keyboard,Electronics,Pune,Store,UPI,1,2488.97,0.2,2488.97,1991.18,0,214.3,2024,8,August,Tuesday,2488.97,1991.176
2024-08-20,ORD001639,CUST00154,P001,Laptop,Electronics,Pune,Online,Debit Card,1,61843.78,0.1,61843.78,55659.4,0,5957.99,2024,8,August,Tuesday,61843.78,55659.402
2024-08-20,ORD023566,CUST01893,P008,Running Shoes,Fashion,Chennai,Online,Credit Card,2,3961.66,0.1,7923.32,7130.99,0,995.87,2024,8,August,Tuesday,7923.32,7130.988
2024-08-20,ORD003625,CUST02210,P008,Running Shoes,Fashion,Bengaluru,Store,UPI,1,4553.11,0.05,4553.11,4325.45,1,-216.27,2024,8,August,Tuesday,4553.11,4325.4545
2024-08-20,ORD029752,CUST03573,P008,Running Shoes,Fashion,Delhi,Online,Debit Card,1,4490.02,0.2,4490.02,3592.02,0,300.22,2024,8,August,Tuesday,4490.02,3592.0160000000005
2024-08-20,ORD031772,CUST02925,P012,Air Fryer,Home,Jaipur,Online,UPI,1,7612.79,0.0,7612.79,7612.79,0,1025.13,2024,8,August,Tuesday,7612.79,7612.79
2024-08-20,ORD032351,CUST03076,P004,Smartwatch,Electronics,Chennai,Online,Cash,1,7196.84,0.15,7196.84,6117.31,0,899.56,2024,8,August,Tuesday,7196.84,6117.314
2024-08-20,ORD011696,CUST03455,P020,Microwave,Home,Hyderabad,Store,Credit Card,1,10831.63,0.1,10831.63,9748.47,1,-487.42,2024,8,August,Tuesday,10831.63,9748.466999999999
2024-08-20,ORD003160,CUST00816,P009,T-Shirt,Fashion,Bengaluru,Store,Credit Card,1,1283.11,0.25,1283.11,962.33,0,183.09,2024,8,August,Tuesday,1283.11,962.3325
2024-08-20,ORD017458,CUST00061,P016,Sofa,Furniture,Bengaluru,Online,Credit Card,1,36229.98,0.0,36229.98,36229.98,1,-1811.5,2024,8,August,Tuesday,36229.98,36229.98
2024-08-20,ORD043817,CUST00301,P011,Mixer Grinder,Home,Hyderabad,Store,Cash,1,4568.91,0.0,4568.91,4568.91,0,767.78,2024,8,August,Tuesday,4568.91,4568.91
2024-08-20,ORD030261,CUST03249,P007,Backpack,Accessories,Hyderabad,Online,Credit Card,3,2206.65,0.05,6619.95,6288.95,0,1815.44,2024,8,August,Tuesday,6619.950000000001,6288.952499999999
2024-08-20,ORD034891,CUST00750,P003,Headphones,Electronics,Mumbai,Online,Credit Card,1,4383.21,0.05,4383.21,4164.05,0,883.45,2024,8,August,Tuesday,4383.21,4164.0495
2024-08-20,ORD008449,CUST04529,P002,Smartphone,Electronics,Bengaluru,Online,Debit Card,1,26197.3,0.1,26197.3,23577.57,0,6452.29,2024,8,August,Tuesday,26197.3,23577.57
2024-08-20,ORD021555,CUST00648,P020,Microwave,Home,Surat,Online,Debit Card,2,11489.17,0.0,22978.34,22978.34,0,4934.4,2024,8,August,Tuesday,22978.34,22978.34
2024-08-20,ORD047785,CUST04226,P001,Laptop,Electronics,Kolkata,Store,UPI,1,60804.51,0.0,60804.51,60804.51,0,11982.06,2024,8,August,Tuesday,60804.51,60804.51
2024-08-20,ORD025480,CUST01042,P001,Laptop,Electronics,Chennai,Online,UPI,2,66406.27,0.05,132812.54,126171.91,0,17702.56,2024,8,August,Tuesday,132812.54,126171.913
2024-08-20,ORD013811,CUST03881,P007,Backpack,Accessories,Delhi,Store,Net Banking,1,2192.84,0.1,2192.84,1973.56,0,324.63,2024,8,August,Tuesday,2192.84,1973.5560000000003
2024-08-20,ORD032921,CUST01269,P017,Jeans,Fashion,Pune,Store,Debit Card,1,2806.08,0.1,2806.08,2525.47,0,274.33,2024,8,August,Tuesday,2806.08,2525.472
2024-08-20,ORD005107,CUST01741,P005,Office Chair,Furniture,Bengaluru,Online,Debit Card,1,9954.1,0.15,9954.1,8460.98,0,1120.48,2024,8,August,Tuesday,9954.1,8460.985
2024-08-20,ORD036259,CUST04120,P015,Dining Table,Furniture,Bengaluru,Online,UPI,1,22064.83,0.15,22064.83,18755.11,0,4875.66,2024,8,August,Tuesday,22064.83,18755.1055
2024-08-20,ORD036283,CUST01595,P018,Jacket,Fashion,Kolkata,Store,UPI,3,5705.42,0.1,17116.26,15404.63,0,3984.75,2024,8,August,Tuesday,17116.260000000002,15404.633999999998
2024-08-20,ORD034939,CUST01187,P018,Jacket,Fashion,Chennai,Online,UPI,1,5153.48,0.05,5153.48,4895.81,0,742.45,2024,8,August,Tuesday,5153.48,4895.806
2024-08-20,ORD035066,CUST04270,P017,Jeans,Fashion,Pune,Store,Debit Card,1,2819.44,0.1,2819.44,2537.5,0,250.62,2024,8,August,Tuesday,2819.44,2537.496
2024-08-20,ORD010592,CUST00992,P019,Vacuum Cleaner,Home,Chennai,Store,Credit Card,1,9052.14,0.15,9052.14,7694.32,0,1587.13,2024,8,August,Tuesday,9052.14,7694.3189999999995
2024-08-20,ORD043763,CUST03720,P020,Microwave,Home,Jaipur,Online,UPI,4,11198.84,0.1,44795.36,40315.82,0,8719.33,2024,8,August,Tuesday,44795.36,40315.824
2024-08-20,ORD031972,CUST04304,P014,Keyboard,Electronics,Pune,Online,UPI,1,2637.77,0.0,2637.77,2637.77,0,684.38,2024,8,August,Tuesday,2637.77,2637.77
2024-08-20,ORD012572,CUST00532,P016,Sofa,Furniture,Mumbai,Online,UPI,1,34993.63,0.05,34993.63,33243.95,0,7743.8,2024,8,August,Tuesday,34993.63,33243.9485
2024-08-20,ORD000954,CUST03800,P007,Backpack,Accessories,Hyderabad,Online,UPI,2,2226.51,0.15,4453.02,3785.07,0,407.88,2024,8,August,Tuesday,4453.02,3785.0670000000005
2024-08-21,ORD042715,CUST04327,P019,Vacuum Cleaner,Home,Jaipur,Online,UPI,2,8986.05,0.0,17972.1,17972.1,0,3636.75,2024,8,August,Wednesday,17972.1,17972.1
2024-08-21,ORD038903,CUST04421,P015,Dining Table,Furniture,Bengaluru,Store,Cash,1,22384.5,0.25,22384.5,16788.38,0,3183.41,2024,8,August,Wednesday,22384.5,16788.375
2024-08-21,ORD006862,CUST00376,P018,Jacket,Fashion,Delhi,Store,Cash,1,5695.11,0.0,5695.11,5695.11,0,634.55,2024,8,August,Wednesday,5695.11,5695.11
2024-08-21,ORD011849,CUST00035,P003,Headphones,Electronics,Bengaluru,Store,UPI,2,4885.16,0.1,9770.32,8793.29,0,1812.24,2024,8,August,Wednesday,9770.32,8793.288
2024-08-21,ORD007574,CUST02722,P004,Smartwatch,Electronics,Pune,Online,UPI,1,6615.43,0.0,6615.43,6615.43,0,1201.24,2024,8,August,Wednesday,6615.43,6615.43
2024-08-21,ORD038793,CUST03189,P003,Headphones,Electronics,Jaipur,Store,UPI,1,4831.64,0.05,4831.64,4590.06,0,692.11,2024,8,August,Wednesday,4831.64,4590.058
2024-08-21,ORD042993,CUST01714,P019,Vacuum Cleaner,Home,Bengaluru,Store,Debit Card,1,9464.38,0.2,9464.38,7571.5,0,1748.35,2024,8,August,Wednesday,9464.38,7571.504
2024-08-21,ORD022279,CUST02880,P019,Vacuum Cleaner,Home,Mumbai,Store,Debit Card,1,8271.28,0.25,8271.28,6203.46,0,1198.95,2024,8,August,Wednesday,8271.28,6203.460000000001
2024-08-21,ORD028792,CUST04333,P004,Smartwatch,Electronics,Delhi,Online,Credit Card,1,7457.28,0.15,7457.28,6338.69,0,780.65,2024,8,August,Wednesday,7457.28,6338.687999999999
2024-08-21,ORD001376,CUST02774,P018,Jacket,Fashion,Ahmedabad,Online,Debit Card,1,5475.97,0.1,5475.97,4928.37,0,1151.94,2024,8,August,Wednesday,5475.97,4928.3730000000005
2024-08-21,ORD036130,CUST02993,P006,Desk,Furniture,Chennai,Online,UPI,1,11304.88,0.1,11304.88,10174.39,0,1950.68,2024,8,August,Wednesday,11304.88,10174.392
2024-08-21,ORD039695,CUST02836,P002,Smartphone,Electronics,Ahmedabad,Online,UPI,5,26970.09,0.05,134850.45,128107.93,1,-6405.4,2024,8,August,Wednesday,134850.45,128107.9275
2024-08-21,ORD032922,CUST04917,P016,Sofa,Furniture,Pune,Store,UPI,1,31664.28,0.1,31664.28,28497.85,0,3339.96,2024,8,August,Wednesday,31664.28,28497.852
2024-08-21,ORD042836,CUST03930,P016,Sofa,Furniture,Pune,Store,Net Banking,3,37876.25,0.05,113628.75,107947.31,0,9965.74,2024,8,August,Wednesday,113628.75,107947.3125
2024-08-21,ORD006780,CUST04458,P001,Laptop,Electronics,Hyderabad,Store,UPI,1,68348.82,0.15,68348.82,58096.5,0,7895.43,2024,8,August,Wednesday,68348.82,58096.497
2024-08-21,ORD007535,CUST02148,P020,Microwave,Home,Jaipur,Online,UPI,5,11949.34,0.0,59746.7,59746.7,0,15021.36,2024,8,August,Wednesday,59746.7,59746.7
2024-08-21,ORD009541,CUST03418,P019,Vacuum Cleaner,Home,Delhi,Store,UPI,1,9339.76,0.1,9339.76,8405.78,0,2233.63,2024,8,August,Wednesday,9339.76,8405.784
2024-08-21,ORD027172,CUST01761,P007,Backpack,Accessories,Mumbai,Online,UPI,1,2207.62,0.05,2207.62,2097.24,0,216.07,2024,8,August,Wednesday,2207.62,2097.2389999999996
2024-08-21,ORD010771,CUST04630,P008,Running Shoes,Fashion,Ahmedabad,Online,Credit Card,1,4039.82,0.1,4039.82,3635.84,0,737.84,2024,8,August,Wednesday,4039.82,3635.838
2024-08-21,ORD018862,CUST04870,P018,Jacket,Fashion,Chennai,Online,UPI,1,5157.46,0.1,5157.46,4641.71,0,1190.98,2024,8,August,Wednesday,5157.46,4641.714
2024-08-21,ORD028561,CUST04253,P017,Jeans,Fashion,Pune,Online,Cash,1,2561.58,0.25,2561.58,1921.18,0,394.93,2024,8,August,Wednesday,2561.58,1921.185
2024-08-21,ORD021731,CUST01439,P003,Headphones,Electronics,Bengaluru,Online,Credit Card,1,4722.19,0.0,4722.19,4722.19,0,713.0,2024,8,August,Wednesday,4722.19,4722.19
2024-08-21,ORD006708,CUST02647,P012,Air Fryer,Home,Ahmedabad,Online,UPI,4,6988.23,0.1,27952.92,25157.63,0,1950.06,2024,8,August,Wednesday,27952.92,25157.628
2024-08-21,ORD022719,CUST03847,P006,Desk,Furniture,Mumbai,Online,Debit Card,1,12773.55,0.1,12773.55,11496.2,0,1297.75,2024,8,August,Wednesday,12773.55,11496.195
2024-08-21,ORD029848,CUST01596,P002,Smartphone,Electronics,Delhi,Online,Debit Card,1,30295.29,0.1,30295.29,27265.76,0,6852.12,2024,8,August,Wednesday,30295.29,27265.761000000002
2024-08-21,ORD025328,CUST03094,P004,Smartwatch,Electronics,Bengaluru,Store,UPI,1,6538.22,0.25,6538.22,4903.66,0,360.48,2024,8,August,Wednesday,6538.22,4903.665
2024-08-21,ORD004598,CUST02883,P003,Headphones,Electronics,Delhi,Online,Credit Card,1,4783.61,0.15,4783.61,4066.07,0,248.54,2024,8,August,Wednesday,4783.61,4066.0684999999994
2024-08-21,ORD048024,CUST03476,P017,Jeans,Fashion,Surat,Store,Credit Card,2,2992.6,0.0,5985.2,5985.2,0,778.78,2024,8,August,Wednesday,5985.2,5985.2
2024-08-21,ORD019631,CUST00478,P006,Desk,Furniture,Hyderabad,Online,Debit Card,1,10914.51,0.15,10914.51,9277.33,0,2030.04,2024,8,August,Wednesday,10914.51,9277.3335
2024-08-21,ORD031569,CUST03322,P013,Monitor,Electronics,Hyderabad,Store,Credit Card,1,16579.16,0.0,16579.16,16579.16,0,4662.07,2024,8,August,Wednesday,16579.16,16579.16
2024-08-21,ORD028975,CUST03388,P012,Air Fryer,Home,Kolkata,Online,Credit Card,2,7118.25,0.2,14236.5,11389.2,0,519.07,2024,8,August,Wednesday,14236.5,11389.2
2024-08-21,ORD046206,CUST04674,P020,Microwave,Home,Mumbai,Store,Debit Card,1,12000.51,0.25,12000.51,9000.38,0,1919.86,2024,8,August,Wednesday,12000.51,9000.3825
2024-08-21,ORD013615,CUST02475,P005,Office Chair,Furniture,Jaipur,Online,UPI,1,9157.54,0.1,9157.54,8241.79,0,906.38,2024,8,August,Wednesday,9157.54,8241.786000000002
2024-08-21,ORD039395,CUST00632,P020,Microwave,Home,Hyderabad,Online,UPI,1,10292.52,0.1,10292.52,9263.27,0,979.56,2024,8,August,Wednesday,10292.52,9263.268
2024-08-21,ORD013859,CUST03772,P005,Office Chair,Furniture,Chennai,Online,Credit Card,1,9889.78,0.1,9889.78,8900.8,0,685.25,2024,8,August,Wednesday,9889.78,8900.802000000001
2024-08-21,ORD022556,CUST00706,P020,Microwave,Home,Hyderabad,Online,UPI,1,10668.25,0.05,10668.25,10134.84,0,2034.64,2024,8,August,Wednesday,10668.25,10134.8375
2024-08-21,ORD027057,CUST03568,P009,T-Shirt,Fashion,Delhi,Store,Credit Card,3,1292.97,0.05,3878.91,3684.96,0,816.36,2024,8,August,Wednesday,3878.91,3684.9644999999996
2024-08-21,ORD018432,CUST03920,P017,Jeans,Fashion,Surat,Online,UPI,4,2585.39,0.15,10341.56,8790.33,1,-439.52,2024,8,August,Wednesday,10341.56,8790.326
2024-08-21,ORD000705,CUST00365,P018,Jacket,Fashion,Jaipur,Store,Debit Card,1,5378.16,0.1,5378.16,4840.34,0,808.42,2024,8,August,Wednesday,5378.16,4840.344
2024-08-21,ORD007434,CUST00107,P011,Mixer Grinder,Home,Hyderabad,Online,Cash,1,5134.47,0.0,5134.47,5134.47,0,904.94,2024,8,August,Wednesday,5134.47,5134.47
2024-08-21,ORD041671,CUST03398,P005,Office Chair,Furniture,Pune,Online,Credit Card,2,9343.9,0.0,18687.8,18687.8,0,4021.28,2024,8,August,Wednesday,18687.8,18687.8
2024-08-21,ORD041736,CUST03562,P005,Office Chair,Furniture,Ahmedabad,Online,Credit Card,1,9302.07,0.15,9302.07,7906.76,0,1894.12,2024,8,August,Wednesday,9302.07,7906.759499999999
2024-08-21,ORD038079,CUST01536,P016,Sofa,Furniture,Kolkata,Online,UPI,1,35662.01,0.05,35662.01,33878.91,0,2949.85,2024,8,August,Wednesday,35662.01,33878.9095
2024-08-21,ORD033229,CUST00057,P018,Jacket,Fashion,Chennai,Store,Credit Card,5,5526.16,0.1,27630.8,24867.72,0,6070.57,2024,8,August,Wednesday,27630.8,24867.72
2024-08-21,ORD003682,CUST01904,P002,Smartphone,Electronics,Bengaluru,Store,Debit Card,1,29449.03,0.0,29449.03,29449.03,0,7479.23,2024,8,August,Wednesday,29449.03,29449.03
2024-08-21,ORD038383,CUST03251,P010,Coffee Maker,Home,Jaipur,Online,UPI,1,5806.56,0.0,5806.56,5806.56,0,618.77,2024,8,August,Wednesday,5806.56,5806.56
2024-08-21,ORD036825,CUST00548,P018,Jacket,Fashion,Surat,Store,Credit Card,4,5619.53,0.2,22478.12,17982.5,0,1145.16,2024,8,August,Wednesday,22478.12,17982.496
2024-08-21,ORD047190,CUST00202,P011,Mixer Grinder,Home,Jaipur,Online,Debit Card,3,5248.14,0.05,15744.42,14957.2,0,1348.93,2024,8,August,Wednesday,15744.420000000002,14957.198999999999
2024-08-21,ORD011216,CUST04267,P013,Monitor,Electronics,Chennai,Online,UPI,1,18583.17,0.1,18583.17,16724.85,1,-836.24,2024,8,August,Wednesday,18583.17,16724.853
2024-08-21,ORD033364,CUST00512,P020,Microwave,Home,Pune,Online,Credit Card,4,11919.12,0.1,47676.48,42908.83,0,4773.53,2024,8,August,Wednesday,47676.48,42908.832
2024-08-21,ORD045370,CUST01027,P003,Headphones,Electronics,Surat,Store,Debit Card,1,4376.23,0.05,4376.23,4157.42,0,689.23,2024,8,August,Wednesday,4376.23,4157.4185
2024-08-21,ORD045806,CUST01824,P019,Vacuum Cleaner,Home,Delhi,Store,Cash,1,9468.11,0.05,9468.11,8994.7,0,925.88,2024,8,August,Wednesday,9468.11,8994.7045
2024-08-21,ORD022085,CUST04671,P016,Sofa,Furniture,Bengaluru,Store,UPI,1,37497.34,0.1,37497.34,33747.61,0,4657.44,2024,8,August,Wednesday,37497.34,33747.606
2024-08-21,ORD010552,CUST03020,P015,Dining Table,Furniture,Ahmedabad,Online,Net Banking,2,22660.95,0.2,45321.9,36257.52,0,1640.03,2024,8,August,Wednesday,45321.9,36257.520000000004
2024-08-21,ORD029817,CUST02473,P014,Keyboard,Electronics,Mumbai,Store,Credit Card,1,2597.19,0.15,2597.19,2207.61,0,566.15,2024,8,August,Wednesday,2597.19,2207.6115
2024-08-21,ORD018399,CUST04236,P014,Keyboard,Electronics,Kolkata,Store,Cash,1,2619.58,0.0,2619.58,2619.58,0,483.22,2024,8,August,Wednesday,2619.58,2619.58
2024-08-21,ORD042967,CUST02041,P001,Laptop,Electronics,Hyderabad,Store,Cash,1,70060.33,0.0,70060.33,70060.33,0,19827.24,2024,8,August,Wednesday,70060.33,70060.33
2024-08-21,ORD033399,CUST01431,P013,Monitor,Electronics,Hyderabad,Store,UPI,1,17364.16,0.1,17364.16,15627.74,0,4252.78,2024,8,August,Wednesday,17364.16,15627.744
2024-08-21,ORD037365,CUST02580,P005,Office Chair,Furniture,Delhi,Online,UPI,2,8600.52,0.25,17201.04,12900.78,0,2866.82,2024,8,August,Wednesday,17201.04,12900.78
2024-08-21,ORD048163,CUST04868,P007,Backpack,Accessories,Delhi,Online,Debit Card,5,2268.77,0.0,11343.85,11343.85,0,3225.24,2024,8,August,Wednesday,11343.85,11343.85
2024-08-21,ORD020738,CUST01038,P013,Monitor,Electronics,Delhi,Online,Debit Card,1,18051.56,0.0,18051.56,18051.56,1,-902.58,2024,8,August,Wednesday,18051.56,18051.56
2024-08-21,ORD010192,CUST02645,P005,Office Chair,Furniture,Jaipur,Online,Credit Card,2,8736.22,0.2,17472.44,13977.95,0,3314.2,2024,8,August,Wednesday,17472.44,13977.952
2024-08-21,ORD038733,CUST04207,P001,Laptop,Electronics,Surat,Online,UPI,2,67777.72,0.05,135555.44,128777.67,1,-6438.88,2024,8,August,Wednesday,135555.44,128777.66799999999
2024-08-21,ORD008119,CUST03493,P012,Air Fryer,Home,Chennai,Online,UPI,3,7413.59,0.0,22240.77,22240.77,0,6270.56,2024,8,August,Wednesday,22240.77,22240.77
2024-08-21,ORD032521,CUST03182,P010,Coffee Maker,Home,Delhi,Online,Credit Card,2,5508.51,0.2,11017.02,8813.62,0,878.69,2024,8,August,Wednesday,11017.02,8813.616
2024-08-22,ORD024612,CUST01830,P016,Sofa,Furniture,Kolkata,Store,Cash,1,32591.66,0.05,32591.66,30962.08,0,6657.51,2024,8,August,Thursday,32591.66,30962.076999999997
2024-08-22,ORD030249,CUST03658,P017,Jeans,Fashion,Surat,Store,Cash,1,2931.23,0.1,2931.23,2638.11,0,392.84,2024,8,August,Thursday,2931.23,2638.107
2024-08-22,ORD000781,CUST03110,P001,Laptop,Electronics,Mumbai,Online,Credit Card,5,68848.89,0.0,344244.45,344244.45,0,64816.95,2024,8,August,Thursday,344244.45,344244.45
2024-08-22,ORD008680,CUST02620,P016,Sofa,Furniture,Delhi,Online,Cash,2,37772.57,0.2,75545.14,60436.11,1,-3021.81,2024,8,August,Thursday,75545.14,60436.112
2024-08-22,ORD000731,CUST00996,P006,Desk,Furniture,Pune,Online,UPI,2,12302.36,0.05,24604.72,23374.48,0,4048.2,2024,8,August,Thursday,24604.72,23374.484
2024-08-22,ORD005180,CUST03207,P007,Backpack,Accessories,Ahmedabad,Store,Cash,3,2238.28,0.1,6714.84,6043.36,0,1663.04,2024,8,August,Thursday,6714.84,6043.356000000001
2024-08-22,ORD015940,CUST02792,P002,Smartphone,Electronics,Bengaluru,Online,Debit Card,1,29033.94,0.0,29033.94,29033.94,0,7129.77,2024,8,August,Thursday,29033.94,29033.94
2024-08-22,ORD047909,CUST04245,P005,Office Chair,Furniture,Delhi,Online,Credit Card,2,9665.63,0.1,19331.26,17398.13,0,2792.76,2024,8,August,Thursday,19331.26,17398.134
2024-08-22,ORD047192,CUST00166,P003,Headphones,Electronics,Jaipur,Online,UPI,1,4231.4,0.15,4231.4,3596.69,0,661.29,2024,8,August,Thursday,4231.4,3596.6899999999996
2024-08-22,ORD034337,CUST01555,P014,Keyboard,Electronics,Surat,Store,Credit Card,1,2748.12,0.0,2748.12,2748.12,0,792.66,2024,8,August,Thursday,2748.12,2748.12
2024-08-22,ORD044471,CUST01196,P005,Office Chair,Furniture,Kolkata,Store,Credit Card,1,8619.72,0.2,8619.72,6895.78,0,1089.33,2024,8,August,Thursday,8619.72,6895.776
2024-08-22,ORD041794,CUST02848,P018,Jacket,Fashion,Hyderabad,Store,Credit Card,1,4723.66,0.15,4723.66,4015.11,0,516.47,2024,8,August,Thursday,4723.66,4015.111
2024-08-22,ORD013244,CUST01778,P011,Mixer Grinder,Home,Hyderabad,Online,Credit Card,3,4402.86,0.1,13208.58,11887.72,0,1085.21,2024,8,August,Thursday,13208.579999999998,11887.722
2024-08-22,ORD026229,CUST03008,P002,Smartphone,Electronics,Bengaluru,Online,Credit Card,1,27458.76,0.05,27458.76,26085.82,0,4150.69,2024,8,August,Thursday,27458.76,26085.821999999996
2024-08-22,ORD012724,CUST02612,P015,Dining Table,Furniture,Bengaluru,Store,Cash,2,22755.06,0.1,45510.12,40959.11,1,-2047.96,2024,8,August,Thursday,45510.12,40959.108
2024-08-22,ORD039185,CUST04851,P009,T-Shirt,Fashion,Surat,Online,Credit Card,1,1207.48,0.05,1207.48,1147.11,0,113.16,2024,8,August,Thursday,1207.48,1147.106
2024-08-22,ORD034400,CUST01053,P013,Monitor,Electronics,Pune,Online,Credit Card,1,19732.91,0.15,19732.91,16772.97,0,3600.13,2024,8,August,Thursday,19732.91,16772.9735
2024-08-22,ORD031566,CUST04217,P009,T-Shirt,Fashion,Chennai,Online,UPI,1,1087.13,0.0,1087.13,1087.13,0,166.63,2024,8,August,Thursday,1087.13,1087.13
2024-08-22,ORD048030,CUST02452,P012,Air Fryer,Home,Pune,Store,Debit Card,1,7087.66,0.1,7087.66,6378.89,1,-318.94,2024,8,August,Thursday,7087.66,6378.894
2024-08-22,ORD025868,CUST00027,P008,Running Shoes,Fashion,Kolkata,Online,UPI,1,4581.93,0.0,4581.93,4581.93,0,1312.71,2024,8,August,Thursday,4581.93,4581.93
2024-08-22,ORD017625,CUST04669,P017,Jeans,Fashion,Chennai,Online,Credit Card,1,2747.09,0.1,2747.09,2472.38,0,435.45,2024,8,August,Thursday,2747.09,2472.3810000000003
2024-08-22,ORD008555,CUST01295,P010,Coffee Maker,Home,Pune,Online,UPI,4,5576.95,0.15,22307.8,18961.63,0,3562.86,2024,8,August,Thursday,22307.8,18961.629999999997
2024-08-22,ORD027471,CUST04040,P001,Laptop,Electronics,Surat,Online,Credit Card,1,71063.91,0.0,71063.91,71063.91,0,11262.27,2024,8,August,Thursday,71063.91,71063.91
2024-08-22,ORD029938,CUST04455,P007,Backpack,Accessories,Hyderabad,Store,UPI,1,2098.04,0.15,2098.04,1783.33,0,304.22,2024,8,August,Thursday,2098.04,1783.3339999999998
2024-08-22,ORD030370,CUST00387,P004,Smartwatch,Electronics,Jaipur,Store,Debit Card,4,6803.77,0.25,27215.08,20411.31,0,2669.35,2024,8,August,Thursday,27215.08,20411.31
2024-08-22,ORD008533,CUST04949,P005,Office Chair,Furniture,Jaipur,Store,Debit Card,1,9883.8,0.1,9883.8,8895.42,0,747.48,2024,8,August,Thursday,9883.8,8895.42
2024-08-22,ORD034086,CUST00822,P004,Smartwatch,Electronics,Chennai,Store,Debit Card,1,7420.84,0.2,7420.84,5936.67,0,601.17,2024,8,August,Thursday,7420.84,5936.6720000000005
2024-08-22,ORD040008,CUST01110,P010,Coffee Maker,Home,Kolkata,Online,Debit Card,2,5256.62,0.0,10513.24,10513.24,0,3024.61,2024,8,August,Thursday,10513.24,10513.24
2024-08-22,ORD049595,CUST00701,P014,Keyboard,Electronics,Ahmedabad,Online,UPI,1,2287.7,0.0,2287.7,2287.7,0,386.55,2024,8,August,Thursday,2287.7,2287.7
2024-08-22,ORD032372,CUST02059,P020,Microwave,Home,Ahmedabad,Store,Credit Card,1,11837.23,0.1,11837.23,10653.51,0,1697.93,2024,8,August,Thursday,11837.23,10653.507
2024-08-22,ORD046199,CUST03718,P016,Sofa,Furniture,Jaipur,Online,UPI,1,31592.33,0.1,31592.33,28433.1,0,7514.29,2024,8,August,Thursday,31592.33,28433.097
2024-08-22,ORD036448,CUST00558,P012,Air Fryer,Home,Ahmedabad,Online,UPI,1,6651.19,0.1,6651.19,5986.07,0,524.11,2024,8,August,Thursday,6651.19,5986.071
2024-08-22,ORD021896,CUST03434,P018,Jacket,Fashion,Chennai,Online,Debit Card,3,5698.04,0.1,17094.12,15384.71,0,1766.0,2024,8,August,Thursday,17094.12,15384.707999999999
2024-08-22,ORD022348,CUST01960,P020,Microwave,Home,Jaipur,Store,UPI,3,11789.87,0.05,35369.61,33601.13,0,8420.79,2024,8,August,Thursday,35369.61,33601.129499999995
2024-08-22,ORD036990,CUST03241,P010,Coffee Maker,Home,Hyderabad,Online,UPI,1,5541.92,0.05,5541.92,5264.82,0,482.31,2024,8,August,Thursday,5541.92,5264.824
2024-08-22,ORD011779,CUST04923,P018,Jacket,Fashion,Hyderabad,Store,UPI,2,5185.22,0.05,10370.44,9851.92,0,776.27,2024,8,August,Thursday,10370.44,9851.918
2024-08-22,ORD039288,CUST04829,P017,Jeans,Fashion,Delhi,Store,Debit Card,2,3053.53,0.2,6107.06,4885.65,0,291.94,2024,8,August,Thursday,6107.06,4885.648
2024-08-22,ORD018695,CUST01056,P010,Coffee Maker,Home,Hyderabad,Online,Debit Card,1,5812.15,0.0,5812.15,5812.15,1,-290.61,2024,8,August,Thursday,5812.15,5812.15
2024-08-22,ORD025007,CUST01120,P016,Sofa,Furniture,Surat,Online,Credit Card,2,37845.21,0.1,75690.42,68121.38,0,8078.97,2024,8,August,Thursday,75690.42,68121.378
2024-08-22,ORD018694,CUST02106,P018,Jacket,Fashion,Hyderabad,Online,Credit Card,1,5682.79,0.0,5682.79,5682.79,0,503.75,2024,8,August,Thursday,5682.79,5682.79
2024-08-22,ORD044478,CUST02595,P006,Desk,Furniture,Pune,Online,UPI,1,11472.71,0.05,11472.71,10899.07,1,-544.95,2024,8,August,Thursday,11472.71,10899.074499999999
2024-08-22,ORD044516,CUST00255,P010,Coffee Maker,Home,Surat,Online,Debit Card,1,5266.61,0.0,5266.61,5266.61,0,1236.69,2024,8,August,Thursday,5266.61,5266.61
2024-08-22,ORD040853,CUST01967,P007,Backpack,Accessories,Ahmedabad,Online,Credit Card,1,2106.36,0.1,2106.36,1895.72,0,226.52,2024,8,August,Thursday,2106.36,1895.7240000000002
2024-08-22,ORD037981,CUST02799,P006,Desk,Furniture,Ahmedabad,Online,UPI,1,11335.28,0.05,11335.28,10768.52,0,2546.43,2024,8,August,Thursday,11335.28,10768.516
2024-08-22,ORD001080,CUST01567,P018,Jacket,Fashion,Jaipur,Online,UPI,4,5538.79,0.2,22155.16,17724.13,0,4241.26,2024,8,August,Thursday,22155.16,17724.128
2024-08-22,ORD047459,CUST01545,P014,Keyboard,Electronics,Ahmedabad,Store,Credit Card,2,2493.2,0.2,4986.4,3989.12,0,265.11,2024,8,August,Thursday,4986.4,3989.12
2024-08-22,ORD002374,CUST02303,P008,Running Shoes,Fashion,Surat,Online,Debit Card,1,3806.81,0.15,3806.81,3235.79,0,783.71,2024,8,August,Thursday,3806.81,3235.7884999999997
2024-08-22,ORD010611,CUST03791,P017,Jeans,Fashion,Delhi,Online,UPI,2,2699.73,0.0,5399.46,5399.46,0,544.95,2024,8,August,Thursday,5399.46,5399.46
2024-08-22,ORD025554,CUST00274,P007,Backpack,Accessories,Ahmedabad,Store,UPI,1,2119.25,0.1,2119.25,1907.32,0,260.89,2024,8,August,Thursday,2119.25,1907.325
2024-08-22,ORD015151,CUST01883,P002,Smartphone,Electronics,Ahmedabad,Online,Debit Card,1,30708.81,0.2,30708.81,24567.05,0,2710.38,2024,8,August,Thursday,30708.81,24567.048000000003
2024-08-22,ORD011429,CUST00737,P018,Jacket,Fashion,Surat,Online,UPI,2,5618.28,0.15,11236.56,9551.08,0,2176.97,2024,8,August,Thursday,11236.56,9551.076
2024-08-22,ORD033737,CUST02864,P018,Jacket,Fashion,Kolkata,Online,Credit Card,2,5286.34,0.25,10572.68,7929.51,0,373.57,2024,8,August,Thursday,10572.68,7929.51
2024-08-22,ORD011307,CUST00052,P010,Coffee Maker,Home,Delhi,Store,Net Banking,1,5771.93,0.1,5771.93,5194.74,0,908.2,2024,8,August,Thursday,5771.93,5194.737
2024-08-22,ORD028308,CUST02854,P018,Jacket,Fashion,Kolkata,Online,Credit Card,1,4941.6,0.1,4941.6,4447.44,0,505.06,2024,8,August,Thursday,4941.6,4447.4400000000005
2024-08-22,ORD029767,CUST00003,P004,Smartwatch,Electronics,Surat,Store,UPI,1,6832.26,0.05,6832.26,6490.65,0,890.96,2024,8,August,Thursday,6832.26,6490.647
2024-08-22,ORD003996,CUST04601,P014,Keyboard,Electronics,Chennai,Store,Net Banking,5,2468.68,0.15,12343.4,10491.89,1,-524.59,2024,8,August,Thursday,12343.4,10491.89
2024-08-22,ORD018327,CUST01050,P007,Backpack,Accessories,Kolkata,Store,Net Banking,2,2206.03,0.1,4412.06,3970.85,0,737.27,2024,8,August,Thursday,4412.06,3970.8540000000003
2024-08-22,ORD046950,CUST02821,P013,Monitor,Electronics,Delhi,Online,Debit Card,1,19290.2,0.05,19290.2,18325.69,0,4374.15,2024,8,August,Thursday,19290.2,18325.69
2024-08-22,ORD012736,CUST01836,P014,Keyboard,Electronics,Kolkata,Store,Credit Card,1,2689.6,0.0,2689.6,2689.6,0,669.89,2024,8,August,Thursday,2689.6,2689.6
2024-08-22,ORD025557,CUST01537,P015,Dining Table,Furniture,Bengaluru,Online,UPI,3,20123.11,0.2,60369.33,48295.46,0,10218.76,2024,8,August,Thursday,60369.33,48295.46400000001
2024-08-22,ORD016647,CUST04186,P001,Laptop,Electronics,Pune,Online,Net Banking,4,69842.63,0.15,279370.52,237464.94,0,49999.5,2024,8,August,Thursday,279370.52,237464.942
2024-08-22,ORD033464,CUST00354,P010,Coffee Maker,Home,Kolkata,Online,UPI,4,5549.74,0.05,22198.96,21089.01,0,3971.97,2024,8,August,Thursday,22198.96,21089.012
2024-08-22,ORD001800,CUST00199,P011,Mixer Grinder,Home,Ahmedabad,Online,UPI,1,4414.94,0.15,4414.94,3752.7,0,440.64,2024,8,August,Thursday,4414.94,3752.6989999999996
2024-08-22,ORD012009,CUST01919,P020,Microwave,Home,Chennai,Online,Credit Card,2,10802.86,0.1,21605.72,19445.15,0,4944.99,2024,8,August,Thursday,21605.72,19445.148
2024-08-22,ORD018503,CUST02909,P020,Microwave,Home,Chennai,Online,UPI,2,11428.46,0.25,22856.92,17142.69,0,3128.65,2024,8,August,Thursday,22856.92,17142.69
2024-08-22,ORD023631,CUST02128,P018,Jacket,Fashion,Mumbai,Store,UPI,2,4958.2,0.05,9916.4,9420.58,0,1695.99,2024,8,August,Thursday,9916.4,9420.58
2024-08-22,ORD000329,CUST00898,P004,Smartwatch,Electronics,Ahmedabad,Online,Credit Card,1,7219.42,0.15,7219.42,6136.51,0,318.12,2024,8,August,Thursday,7219.42,6136.507
2024-08-22,ORD000261,CUST00929,P001,Laptop,Electronics,Kolkata,Store,Net Banking,4,67286.02,0.15,269144.08,228772.47,0,24234.07,2024,8,August,Thursday,269144.08,228772.468
2024-08-22,ORD048808,CUST01573,P007,Backpack,Accessories,Kolkata,Store,UPI,1,2211.22,0.05,2211.22,2100.66,0,237.61,2024,8,August,Thursday,2211.22,2100.6589999999997
2024-08-22,ORD046065,CUST01785,P009,T-Shirt,Fashion,Kolkata,Store,Net Banking,1,1170.8,0.05,1170.8,1112.26,0,191.62,2024,8,August,Thursday,1170.8,1112.26
2024-08-22,ORD035392,CUST01652,P019,Vacuum Cleaner,Home,Kolkata,Store,Credit Card,1,9127.05,0.0,9127.05,9127.05,0,820.93,2024,8,August,Thursday,9127.05,9127.05
2024-08-22,ORD045798,CUST01657,P012,Air Fryer,Home,Kolkata,Online,Credit Card,3,7616.65,0.1,22849.95,20564.95,0,2178.07,2024,8,August,Thursday,22849.949999999997,20564.955
2024-08-22,ORD039586,CUST03185,P002,Smartphone,Electronics,Pune,Online,UPI,1,26087.36,0.05,26087.36,24782.99,1,-1239.15,2024,8,August,Thursday,26087.36,24782.992
2024-08-22,ORD047611,CUST02438,P013,Monitor,Electronics,Kolkata,Online,Cash,1,16210.97,0.15,16210.97,13779.32,0,783.75,2024,8,August,Thursday,16210.97,13779.324499999999
2024-08-22,ORD024881,CUST02326,P001,Laptop,Electronics,Bengaluru,Online,Credit Card,1,59076.23,0.0,59076.23,59076.23,0,6021.41,2024,8,August,Thursday,59076.23,59076.23
2024-08-22,ORD047599,CUST02061,P015,Dining Table,Furniture,Mumbai,Store,Net Banking,1,23542.64,0.0,23542.64,23542.64,0,2316.66,2024,8,August,Thursday,23542.64,23542.64
2024-08-22,ORD025654,CUST00171,P008,Running Shoes,Fashion,Surat,Online,Credit Card,2,4256.9,0.0,8513.8,8513.8,0,1678.36,2024,8,August,Thursday,8513.8,8513.8
2024-08-23,ORD028664,CUST04844,P011,Mixer Grinder,Home,Ahmedabad,Online,Credit Card,3,4697.39,0.05,14092.17,13387.56,0,974.5,2024,8,August,Friday,14092.170000000002,13387.5615
2024-08-23,ORD022232,CUST02636,P005,Office Chair,Furniture,Chennai,Online,Debit Card,2,9910.75,0.1,19821.5,17839.35,1,-891.97,2024,8,August,Friday,19821.5,17839.350000000002
2024-08-23,ORD007206,CUST02494,P018,Jacket,Fashion,Jaipur,Online,Credit Card,3,5391.73,0.0,16175.19,16175.19,1,-808.76,2024,8,August,Friday,16175.189999999999,16175.19
2024-08-23,ORD038809,CUST03905,P001,Laptop,Electronics,Hyderabad,Store,UPI,2,65155.35,0.05,130310.7,123795.16,0,34086.37,2024,8,August,Friday,130310.7,123795.165
2024-08-23,ORD014720,CUST01628,P008,Running Shoes,Fashion,Jaipur,Store,UPI,2,4024.69,0.1,8049.38,7244.44,0,837.11,2024,8,August,Friday,8049.38,7244.442
2024-08-23,ORD046638,CUST01534,P009,T-Shirt,Fashion,Kolkata,Store,Cash,2,1145.3,0.05,2290.6,2176.07,0,432.39,2024,8,August,Friday,2290.6,2176.0699999999997
2024-08-23,ORD000573,CUST01925,P013,Monitor,Electronics,Hyderabad,Store,UPI,1,19675.62,0.1,19675.62,17708.06,0,3021.57,2024,8,August,Friday,19675.62,17708.058
2024-08-23,ORD048926,CUST03798,P002,Smartphone,Electronics,Bengaluru,Online,UPI,1,29892.15,0.15,29892.15,25408.33,0,2290.64,2024,8,August,Friday,29892.15,25408.3275
2024-08-23,ORD039555,CUST01797,P002,Smartphone,Electronics,Surat,Online,Net Banking,2,27047.79,0.2,54095.58,43276.46,0,9301.88,2024,8,August,Friday,54095.58,43276.46400000001
2024-08-23,ORD032045,CUST04599,P003,Headphones,Electronics,Surat,Online,Credit Card,4,4449.9,0.05,17799.6,16909.62,0,2069.8,2024,8,August,Friday,17799.6,16909.62
2024-08-23,ORD021744,CUST01221,P005,Office Chair,Furniture,Jaipur,Store,UPI,1,10318.84,0.0,10318.84,10318.84,0,2784.06,2024,8,August,Friday,10318.84,10318.84
2024-08-23,ORD029593,CUST04985,P013,Monitor,Electronics,Delhi,Online,UPI,1,18509.78,0.15,18509.78,15733.31,0,2998.61,2024,8,August,Friday,18509.78,15733.312999999998
2024-08-23,ORD026450,CUST04539,P020,Microwave,Home,Jaipur,Online,Credit Card,1,11583.55,0.1,11583.55,10425.2,0,697.85,2024,8,August,Friday,11583.55,10425.195
2024-08-23,ORD043171,CUST00523,P006,Desk,Furniture,Mumbai,Online,Debit Card,2,12428.73,0.0,24857.46,24857.46,0,3209.2,2024,8,August,Friday,24857.46,24857.46
2024-08-23,ORD028840,CUST01333,P011,Mixer Grinder,Home,Surat,Online,Debit Card,3,4929.58,0.2,14788.74,11830.99,0,3072.26,2024,8,August,Friday,14788.74,11830.992
2024-08-23,ORD036612,CUST02503,P013,Monitor,Electronics,Surat,Store,Cash,2,19385.32,0.15,38770.64,32955.04,0,7458.19,2024,8,August,Friday,38770.64,32955.044
2024-08-23,ORD025668,CUST03264,P017,Jeans,Fashion,Kolkata,Online,UPI,5,2814.55,0.15,14072.75,11961.84,0,1130.25,2024,8,August,Friday,14072.75,11961.8375
2024-08-23,ORD048470,CUST00097,P006,Desk,Furniture,Jaipur,Online,Cash,5,11961.74,0.15,59808.7,50837.4,0,9072.74,2024,8,August,Friday,59808.7,50837.395
2024-08-23,ORD045438,CUST02025,P013,Monitor,Electronics,Ahmedabad,Store,UPI,2,18995.46,0.05,37990.92,36091.37,0,4762.89,2024,8,August,Friday,37990.92,36091.373999999996
2024-08-23,ORD026699,CUST03629,P004,Smartwatch,Electronics,Jaipur,Online,UPI,1,6908.16,0.25,6908.16,5181.12,0,938.39,2024,8,August,Friday,6908.16,5181.12
2024-08-23,ORD028830,CUST02350,P013,Monitor,Electronics,Delhi,Store,UPI,3,17595.59,0.1,52786.77,47508.09,0,10769.55,2024,8,August,Friday,52786.770000000004,47508.093
2024-08-23,ORD012096,CUST02233,P016,Sofa,Furniture,Chennai,Online,Credit Card,1,34167.63,0.1,34167.63,30750.87,0,2025.2,2024,8,August,Friday,34167.63,30750.867
2024-08-23,ORD006605,CUST04458,P020,Microwave,Home,Jaipur,Store,Credit Card,1,9935.81,0.05,9935.81,9439.02,0,2689.69,2024,8,August,Friday,9935.81,9439.019499999999
2024-08-23,ORD014726,CUST00945,P003,Headphones,Electronics,Pune,Online,UPI,2,4734.99,0.1,9469.98,8522.98,0,2137.7,2024,8,August,Friday,9469.98,8522.982
2024-08-23,ORD046800,CUST01330,P004,Smartwatch,Electronics,Mumbai,Store,Credit Card,1,6717.42,0.05,6717.42,6381.55,0,1508.52,2024,8,August,Friday,6717.42,6381.549
2024-08-23,ORD020226,CUST04649,P019,Vacuum Cleaner,Home,Ahmedabad,Store,UPI,1,8433.39,0.0,8433.39,8433.39,0,2524.2,2024,8,August,Friday,8433.39,8433.39
2024-08-23,ORD013998,CUST00856,P008,Running Shoes,Fashion,Delhi,Store,UPI,1,4430.49,0.0,4430.49,4430.49,0,1154.46,2024,8,August,Friday,4430.49,4430.49
2024-08-23,ORD030873,CUST03718,P012,Air Fryer,Home,Surat,Online,Credit Card,1,7393.76,0.0,7393.76,7393.76,0,1132.77,2024,8,August,Friday,7393.76,7393.76
2024-08-23,ORD004717,CUST03992,P018,Jacket,Fashion,Jaipur,Online,Net Banking,2,5191.2,0.1,10382.4,9344.16,0,1989.43,2024,8,August,Friday,10382.4,9344.16
2024-08-23,ORD006049,CUST02493,P008,Running Shoes,Fashion,Jaipur,Online,Net Banking,2,4171.85,0.05,8343.7,7926.52,0,1463.05,2024,8,August,Friday,8343.7,7926.515
2024-08-23,ORD039116,CUST01756,P020,Microwave,Home,Surat,Store,Cash,1,11264.32,0.25,11264.32,8448.24,0,337.93,2024,8,August,Friday,11264.32,8448.24
2024-08-23,ORD035351,CUST04911,P019,Vacuum Cleaner,Home,Bengaluru,Online,UPI,2,8207.56,0.15,16415.12,13952.85,0,3339.33,2024,8,August,Friday,16415.12,13952.851999999999
2024-08-23,ORD018751,CUST04938,P001,Laptop,Electronics,Jaipur,Online,UPI,1,67946.86,0.0,67946.86,67946.86,0,13119.99,2024,8,August,Friday,67946.86,67946.86
2024-08-23,ORD014380,CUST03082,P006,Desk,Furniture,Jaipur,Online,Credit Card,3,11317.28,0.1,33951.84,30556.66,0,3134.09,2024,8,August,Friday,33951.840000000004,30556.656
2024-08-23,ORD008006,CUST00606,P019,Vacuum Cleaner,Home,Chennai,Online,Credit Card,2,8592.8,0.0,17185.6,17185.6,0,4545.9,2024,8,August,Friday,17185.6,17185.6
2024-08-23,ORD049936,CUST02310,P003,Headphones,Electronics,Mumbai,Store,UPI,1,4879.96,0.05,4879.96,4635.96,0,878.7,2024,8,August,Friday,4879.96,4635.9619999999995
2024-08-23,ORD018471,CUST04517,P017,Jeans,Fashion,Pune,Store,UPI,1,2915.09,0.15,2915.09,2477.83,0,164.25,2024,8,August,Friday,2915.09,2477.8265
2024-08-23,ORD026593,CUST01976,P019,Vacuum Cleaner,Home,Mumbai,Store,Credit Card,2,9677.2,0.05,19354.4,18386.68,0,4138.12,2024,8,August,Friday,19354.4,18386.68
2024-08-23,ORD019386,CUST01440,P002,Smartphone,Electronics,Bengaluru,Store,Credit Card,2,27463.07,0.1,54926.14,49433.53,0,10369.84,2024,8,August,Friday,54926.14,49433.526
2024-08-23,ORD024300,CUST03805,P006,Desk,Furniture,Pune,Online,UPI,1,11159.14,0.15,11159.14,9485.27,0,2511.03,2024,8,August,Friday,11159.14,9485.268999999998
2024-08-23,ORD047772,CUST03170,P012,Air Fryer,Home,Pune,Online,Debit Card,1,7683.3,0.1,7683.3,6914.97,0,768.67,2024,8,August,Friday,7683.3,6914.97
2024-08-23,ORD016996,CUST01507,P012,Air Fryer,Home,Kolkata,Online,Cash,1,7622.4,0.0,7622.4,7622.4,0,1355.08,2024,8,August,Friday,7622.4,7622.4
2024-08-23,ORD010260,CUST01438,P017,Jeans,Fashion,Hyderabad,Online,UPI,1,2776.69,0.1,2776.69,2499.02,0,162.43,2024,8,August,Friday,2776.69,2499.021
2024-08-23,ORD008052,CUST03221,P020,Microwave,Home,Chennai,Online,UPI,1,11389.82,0.1,11389.82,10250.84,0,1293.75,2024,8,August,Friday,11389.82,10250.838
2024-08-23,ORD015856,CUST00332,P009,T-Shirt,Fashion,Ahmedabad,Store,Net Banking,3,1253.6,0.0,3760.8,3760.8,0,338.05,2024,8,August,Friday,3760.7999999999997,3760.8
2024-08-23,ORD017711,CUST01780,P009,T-Shirt,Fashion,Delhi,Online,Credit Card,1,1160.36,0.1,1160.36,1044.32,0,262.48,2024,8,August,Friday,1160.36,1044.3239999999998
2024-08-23,ORD025008,CUST01792,P015,Dining Table,Furniture,Pune,Store,UPI,3,21553.43,0.15,64660.29,54961.25,0,10239.88,2024,8,August,Friday,64660.29,54961.2465
2024-08-23,ORD000620,CUST04279,P012,Air Fryer,Home,Kolkata,Online,UPI,2,7816.86,0.05,15633.72,14852.03,0,2834.82,2024,8,August,Friday,15633.72,14852.033999999998
2024-08-23,ORD027605,CUST00706,P014,Keyboard,Electronics,Surat,Online,UPI,1,2700.44,0.15,2700.44,2295.37,0,164.62,2024,8,August,Friday,2700.44,2295.374
2024-08-23,ORD015574,CUST04903,P016,Sofa,Furniture,Mumbai,Online,Cash,1,32185.41,0.05,32185.41,30576.14,0,4331.11,2024,8,August,Friday,32185.41,30576.139499999997
2024-08-23,ORD015459,CUST00718,P008,Running Shoes,Fashion,Pune,Store,Debit Card,1,4567.87,0.25,4567.87,3425.9,0,843.4,2024,8,August,Friday,4567.87,3425.9025
2024-08-23,ORD013335,CUST02781,P006,Desk,Furniture,Delhi,Store,UPI,2,10932.17,0.05,21864.34,20771.12,0,3195.49,2024,8,August,Friday,21864.34,20771.123
2024-08-23,ORD045330,CUST03628,P010,Coffee Maker,Home,Ahmedabad,Store,Credit Card,5,5877.96,0.0,29389.8,29389.8,0,4273.82,2024,8,August,Friday,29389.8,29389.8
2024-08-23,ORD013870,CUST02412,P020,Microwave,Home,Ahmedabad,Online,UPI,1,11651.9,0.05,11651.9,11069.3,0,2434.43,2024,8,August,Friday,11651.9,11069.304999999998
2024-08-23,ORD043099,CUST02346,P003,Headphones,Electronics,Jaipur,Online,UPI,1,4443.98,0.2,4443.98,3555.18,0,517.84,2024,8,August,Friday,4443.98,3555.1839999999997
2024-08-23,ORD017491,CUST04161,P020,Microwave,Home,Kolkata,Online,Credit Card,1,11793.86,0.15,11793.86,10024.78,0,935.82,2024,8,August,Friday,11793.86,10024.781
2024-08-23,ORD037518,CUST02815,P004,Smartwatch,Electronics,Surat,Online,Credit Card,2,7265.05,0.1,14530.1,13077.09,1,-653.85,2024,8,August,Friday,14530.1,13077.09
2024-08-23,ORD004171,CUST04025,P002,Smartphone,Electronics,Chennai,Online,Credit Card,2,25700.7,0.15,51401.4,43691.19,0,7917.2,2024,8,August,Friday,51401.4,43691.19
2024-08-23,ORD037406,CUST04175,P014,Keyboard,Electronics,Pune,Store,Credit Card,2,2599.65,0.05,5199.3,4939.34,0,716.97,2024,8,August,Friday,5199.3,4939.335
2024-08-23,ORD021329,CUST00039,P018,Jacket,Fashion,Bengaluru,Online,UPI,2,4947.38,0.05,9894.76,9400.02,0,2416.7,2024,8,August,Friday,9894.76,9400.021999999999
2024-08-23,ORD011258,CUST00302,P003,Headphones,Electronics,Mumbai,Store,UPI,1,4774.07,0.15,4774.07,4057.96,0,345.05,2024,8,August,Friday,4774.07,4057.9594999999995
2024-08-23,ORD049036,CUST04632,P017,Jeans,Fashion,Jaipur,Online,Cash,5,2633.49,0.0,13167.45,13167.45,0,1603.27,2024,8,August,Friday,13167.449999999999,13167.45
2024-08-23,ORD004339,CUST01057,P004,Smartwatch,Electronics,Ahmedabad,Online,UPI,2,7388.46,0.1,14776.92,13299.23,0,1446.34,2024,8,August,Friday,14776.92,13299.228000000001
2024-08-23,ORD020786,CUST02239,P007,Backpack,Accessories,Jaipur,Store,UPI,5,2241.11,0.05,11205.55,10645.27,0,1277.73,2024,8,August,Friday,11205.550000000001,10645.2725
2024-08-23,ORD036027,CUST04261,P015,Dining Table,Furniture,Chennai,Store,Credit Card,1,23319.35,0.0,23319.35,23319.35,0,4585.94,2024,8,August,Friday,23319.35,23319.35
2024-08-23,ORD019663,CUST03110,P011,Mixer Grinder,Home,Mumbai,Store,Credit Card,2,4356.06,0.1,8712.12,7840.91,0,2132.81,2024,8,August,Friday,8712.12,7840.908000000001
2024-08-23,ORD003916,CUST03461,P003,Headphones,Electronics,Jaipur,Store,UPI,1,4062.11,0.05,4062.11,3859.0,0,673.94,2024,8,August,Friday,4062.11,3859.0045
2024-08-23,ORD030644,CUST04897,P014,Keyboard,Electronics,Bengaluru,Store,UPI,5,2479.3,0.05,12396.5,11776.68,0,3408.45,2024,8,August,Friday,12396.5,11776.675
2024-08-24,ORD020630,CUST04520,P010,Coffee Maker,Home,Kolkata,Store,Credit Card,1,4959.14,0.15,4959.14,4215.27,0,452.75,2024,8,August,Saturday,4959.14,4215.269
2024-08-24,ORD007096,CUST02383,P018,Jacket,Fashion,Delhi,Store,UPI,1,5651.96,0.1,5651.96,5086.76,0,705.62,2024,8,August,Saturday,5651.96,5086.764
2024-08-24,ORD025671,CUST00885,P009,T-Shirt,Fashion,Pune,Online,Debit Card,1,1128.21,0.1,1128.21,1015.39,0,265.52,2024,8,August,Saturday,1128.21,1015.389
2024-08-24,ORD024649,CUST03238,P014,Keyboard,Electronics,Chennai,Online,UPI,3,2373.37,0.15,7120.11,6052.09,0,981.17,2024,8,August,Saturday,7120.11,6052.0935
2024-08-24,ORD021001,CUST03567,P020,Microwave,Home,Surat,Store,Debit Card,2,11264.93,0.1,22529.86,20276.87,0,3078.37,2024,8,August,Saturday,22529.86,20276.874
2024-08-24,ORD012231,CUST01316,P004,Smartwatch,Electronics,Bengaluru,Online,Credit Card,2,6538.0,0.1,13076.0,11768.4,0,2102.31,2024,8,August,Saturday,13076.0,11768.4
2024-08-24,ORD026863,CUST02593,P011,Mixer Grinder,Home,Mumbai,Online,UPI,1,4478.94,0.0,4478.94,4478.94,0,953.61,2024,8,August,Saturday,4478.94,4478.94
2024-08-24,ORD011396,CUST04376,P011,Mixer Grinder,Home,Mumbai,Store,UPI,4,4329.87,0.1,17319.48,15587.53,0,2309.34,2024,8,August,Saturday,17319.48,15587.532
2024-08-24,ORD022839,CUST01042,P003,Headphones,Electronics,Bengaluru,Store,Debit Card,2,4933.36,0.05,9866.72,9373.38,0,1545.32,2024,8,August,Saturday,9866.72,9373.383999999998
2024-08-24,ORD001298,CUST01245,P013,Monitor,Electronics,Hyderabad,Online,Net Banking,5,17464.6,0.0,87323.0,87323.0,0,23660.34,2024,8,August,Saturday,87323.0,87323.0
2024-08-24,ORD016058,CUST00780,P002,Smartphone,Electronics,Hyderabad,Online,UPI,3,25249.66,0.2,75748.98,60599.18,0,9570.02,2024,8,August,Saturday,75748.98,60599.184
2024-08-24,ORD033169,CUST00210,P014,Keyboard,Electronics,Surat,Store,Debit Card,1,2436.8,0.15,2436.8,2071.28,0,528.45,2024,8,August,Saturday,2436.8,2071.28
2024-08-24,ORD023628,CUST00691,P003,Headphones,Electronics,Kolkata,Online,Credit Card,1,4305.85,0.1,4305.85,3875.27,0,726.26,2024,8,August,Saturday,4305.85,3875.2650000000003
2024-08-24,ORD033150,CUST04497,P015,Dining Table,Furniture,Bengaluru,Store,Credit Card,1,23692.89,0.15,23692.89,20138.96,0,4243.33,2024,8,August,Saturday,23692.89,20138.9565
2024-08-24,ORD049053,CUST03261,P020,Microwave,Home,Ahmedabad,Store,UPI,1,10448.85,0.05,10448.85,9926.41,0,2848.38,2024,8,August,Saturday,10448.85,9926.4075
2024-08-24,ORD009543,CUST01893,P013,Monitor,Electronics,Delhi,Store,UPI,1,19118.1,0.0,19118.1,19118.1,0,3701.42,2024,8,August,Saturday,19118.1,19118.1
2024-08-24,ORD043376,CUST02215,P012,Air Fryer,Home,Bengaluru,Store,Credit Card,2,6942.71,0.15,13885.42,11802.61,0,2290.02,2024,8,August,Saturday,13885.42,11802.607
2024-08-24,ORD034301,CUST01095,P010,Coffee Maker,Home,Kolkata,Online,Net Banking,1,5443.01,0.1,5443.01,4898.71,0,1294.9,2024,8,August,Saturday,5443.01,4898.709000000001
2024-08-24,ORD038075,CUST00774,P017,Jeans,Fashion,Pune,Online,Credit Card,2,2652.9,0.1,5305.8,4775.22,0,959.95,2024,8,August,Saturday,5305.8,4775.22
2024-08-24,ORD049129,CUST01891,P019,Vacuum Cleaner,Home,Hyderabad,Online,Debit Card,2,9588.72,0.1,19177.44,17259.7,0,3985.39,2024,8,August,Saturday,19177.44,17259.696
2024-08-24,ORD046472,CUST00660,P010,Coffee Maker,Home,Chennai,Online,Credit Card,3,5660.33,0.05,16980.99,16131.94,0,3042.66,2024,8,August,Saturday,16980.989999999998,16131.9405
2024-08-24,ORD044886,CUST03258,P011,Mixer Grinder,Home,Jaipur,Online,UPI,1,5014.98,0.1,5014.98,4513.48,0,453.01,2024,8,August,Saturday,5014.98,4513.482
2024-08-24,ORD000947,CUST02775,P004,Smartwatch,Electronics,Surat,Online,UPI,1,7014.3,0.15,7014.3,5962.16,0,1267.43,2024,8,August,Saturday,7014.3,5962.155
2024-08-24,ORD040229,CUST01714,P016,Sofa,Furniture,Bengaluru,Store,Cash,1,35397.74,0.0,35397.74,35397.74,0,3980.55,2024,8,August,Saturday,35397.74,35397.74
2024-08-24,ORD042936,CUST04392,P013,Monitor,Electronics,Pune,Store,UPI,4,19719.5,0.1,78878.0,70990.2,0,19649.85,2024,8,August,Saturday,78878.0,70990.2
2024-08-24,ORD039422,CUST02806,P013,Monitor,Electronics,Delhi,Store,Credit Card,1,19446.08,0.05,19446.08,18473.78,0,4663.04,2024,8,August,Saturday,19446.08,18473.776
2024-08-24,ORD019331,CUST00364,P019,Vacuum Cleaner,Home,Jaipur,Store,UPI,1,9740.74,0.0,9740.74,9740.74,0,971.64,2024,8,August,Saturday,9740.74,9740.74
2024-08-24,ORD048964,CUST00481,P016,Sofa,Furniture,Surat,Online,Net Banking,1,33784.38,0.1,33784.38,30405.94,0,3523.12,2024,8,August,Saturday,33784.38,30405.942
2024-08-24,ORD015325,CUST01529,P004,Smartwatch,Electronics,Hyderabad,Store,UPI,2,6624.76,0.15,13249.52,11262.09,0,928.56,2024,8,August,Saturday,13249.52,11262.092
2024-08-24,ORD004356,CUST00068,P005,Office Chair,Furniture,Chennai,Store,Credit Card,1,9288.5,0.0,9288.5,9288.5,0,836.94,2024,8,August,Saturday,9288.5,9288.5
2024-08-24,ORD024782,CUST03198,P019,Vacuum Cleaner,Home,Delhi,Online,UPI,1,9782.19,0.0,9782.19,9782.19,0,1945.78,2024,8,August,Saturday,9782.19,9782.19
2024-08-24,ORD000092,CUST01305,P014,Keyboard,Electronics,Chennai,Online,Credit Card,1,2492.39,0.0,2492.39,2492.39,0,606.08,2024,8,August,Saturday,2492.39,2492.39
2024-08-24,ORD004484,CUST01031,P011,Mixer Grinder,Home,Mumbai,Store,UPI,4,4921.44,0.0,19685.76,19685.76,0,3319.46,2024,8,August,Saturday,19685.76,19685.76
2024-08-24,ORD043113,CUST03814,P011,Mixer Grinder,Home,Chennai,Online,Net Banking,1,4933.99,0.0,4933.99,4933.99,0,1452.98,2024,8,August,Saturday,4933.99,4933.99
2024-08-24,ORD038673,CUST04569,P003,Headphones,Electronics,Ahmedabad,Online,Credit Card,1,4149.47,0.1,4149.47,3734.52,0,424.71,2024,8,August,Saturday,4149.47,3734.523
2024-08-24,ORD004006,CUST01013,P004,Smartwatch,Electronics,Ahmedabad,Online,UPI,1,7360.98,0.1,7360.98,6624.88,1,-331.24,2024,8,August,Saturday,7360.98,6624.882
2024-08-24,ORD029684,CUST00636,P013,Monitor,Electronics,Hyderabad,Store,UPI,3,18770.79,0.0,56312.37,56312.37,0,13606.88,2024,8,August,Saturday,56312.37,56312.37
2024-08-24,ORD032376,CUST03506,P005,Office Chair,Furniture,Kolkata,Online,Debit Card,1,10333.77,0.1,10333.77,9300.39,1,-465.02,2024,8,August,Saturday,10333.77,9300.393
2024-08-24,ORD000307,CUST02094,P013,Monitor,Electronics,Surat,Store,UPI,1,17820.92,0.05,17820.92,16929.87,1,-846.49,2024,8,August,Saturday,17820.92,16929.873999999996
2024-08-24,ORD030330,CUST03601,P015,Dining Table,Furniture,Hyderabad,Online,UPI,1,20944.94,0.15,20944.94,17803.2,0,1693.81,2024,8,August,Saturday,20944.94,17803.198999999997
2024-08-24,ORD042129,CUST04886,P013,Monitor,Electronics,Surat,Online,Credit Card,1,16953.95,0.1,16953.95,15258.56,1,-762.93,2024,8,August,Saturday,16953.95,15258.555
2024-08-24,ORD012185,CUST02532,P012,Air Fryer,Home,Mumbai,Online,UPI,4,6577.35,0.1,26309.4,23678.46,0,3577.67,2024,8,August,Saturday,26309.4,23678.460000000003
2024-08-24,ORD013821,CUST03400,P004,Smartwatch,Electronics,Ahmedabad,Online,Credit Card,1,6673.91,0.05,6673.91,6340.21,0,1071.08,2024,8,August,Saturday,6673.91,6340.214499999999
2024-08-24,ORD045750,CUST00946,P016,Sofa,Furniture,Kolkata,Online,Credit Card,2,34084.15,0.15,68168.3,57943.06,0,6432.91,2024,8,August,Saturday,68168.3,57943.055
2024-08-24,ORD011357,CUST04539,P007,Backpack,Accessories,Ahmedabad,Store,Debit Card,4,2371.98,0.0,9487.92,9487.92,0,2665.29,2024,8,August,Saturday,9487.92,9487.92
2024-08-24,ORD029625,CUST01662,P003,Headphones,Electronics,Chennai,Online,UPI,5,4908.18,0.25,24540.9,18405.68,0,3476.45,2024,8,August,Saturday,24540.9,18405.675000000003
2024-08-24,ORD030943,CUST03803,P012,Air Fryer,Home,Surat,Store,UPI,2,6705.98,0.15,13411.96,11400.17,0,2621.63,2024,8,August,Saturday,13411.96,11400.166
2024-08-24,ORD005304,CUST04016,P018,Jacket,Fashion,Bengaluru,Store,UPI,1,5042.04,0.0,5042.04,5042.04,0,492.72,2024,8,August,Saturday,5042.04,5042.04
2024-08-24,ORD011495,CUST01488,P020,Microwave,Home,Jaipur,Store,Cash,1,10574.98,0.1,10574.98,9517.48,0,1003.78,2024,8,August,Saturday,10574.98,9517.482
2024-08-24,ORD010792,CUST00710,P006,Desk,Furniture,Hyderabad,Store,Credit Card,1,11867.29,0.05,11867.29,11273.93,0,2856.29,2024,8,August,Saturday,11867.29,11273.925500000001
2024-08-24,ORD018685,CUST00591,P005,Office Chair,Furniture,Chennai,Store,Cash,2,8954.03,0.15,17908.06,15221.85,0,3460.37,2024,8,August,Saturday,17908.06,15221.851
2024-08-25,ORD029180,CUST00733,P007,Backpack,Accessories,Bengaluru,Online,Net Banking,1,2220.77,0.15,2220.77,1887.65,0,278.38,2024,8,August,Sunday,2220.77,1887.6544999999999
2024-08-25,ORD017786,CUST04839,P005,Office Chair,Furniture,Hyderabad,Online,Credit Card,3,9301.88,0.1,27905.64,25115.08,0,3223.47,2024,8,August,Sunday,27905.64,25115.076
2024-08-25,ORD032909,CUST03737,P005,Office Chair,Furniture,Hyderabad,Store,UPI,1,10230.77,0.0,10230.77,10230.77,0,2985.65,2024,8,August,Sunday,10230.77,10230.77
2024-08-25,ORD049784,CUST01398,P011,Mixer Grinder,Home,Chennai,Online,Credit Card,1,4542.82,0.0,4542.82,4542.82,0,744.75,2024,8,August,Sunday,4542.82,4542.82
2024-08-25,ORD034030,CUST04162,P001,Laptop,Electronics,Jaipur,Online,UPI,1,63083.15,0.1,63083.15,56774.84,0,10110.23,2024,8,August,Sunday,63083.15,56774.835
2024-08-25,ORD040359,CUST00197,P003,Headphones,Electronics,Delhi,Online,UPI,1,4196.52,0.0,4196.52,4196.52,0,651.4,2024,8,August,Sunday,4196.52,4196.52
2024-08-25,ORD020441,CUST01101,P017,Jeans,Fashion,Ahmedabad,Online,Credit Card,3,3048.05,0.0,9144.15,9144.15,0,2387.24,2024,8,August,Sunday,9144.150000000001,9144.15
2024-08-25,ORD018945,CUST01426,P007,Backpack,Accessories,Jaipur,Online,Credit Card,2,2355.0,0.05,4710.0,4474.5,0,690.18,2024,8,August,Sunday,4710.0,4474.5
2024-08-25,ORD049270,CUST01854,P006,Desk,Furniture,Ahmedabad,Store,Cash,1,12412.39,0.05,12412.39,11791.77,0,3226.48,2024,8,August,Sunday,12412.39,11791.770499999999
2024-08-25,ORD013141,CUST04048,P011,Mixer Grinder,Home,Surat,Online,Credit Card,2,4564.2,0.25,9128.4,6846.3,0,1620.62,2024,8,August,Sunday,9128.4,6846.299999999999
2024-08-25,ORD023127,CUST03652,P007,Backpack,Accessories,Bengaluru,Online,UPI,1,2302.71,0.1,2302.71,2072.44,1,-103.62,2024,8,August,Sunday,2302.71,2072.4390000000003
2024-08-25,ORD029206,CUST03070,P005,Office Chair,Furniture,Kolkata,Online,UPI,1,10306.28,0.15,10306.28,8760.34,1,-438.02,2024,8,August,Sunday,10306.28,8760.338
2024-08-25,ORD041422,CUST02410,P016,Sofa,Furniture,Pune,Online,Credit Card,3,36669.93,0.15,110009.79,93508.32,0,6657.58,2024,8,August,Sunday,110009.79000000001,93508.32149999999
2024-08-25,ORD014298,CUST00702,P013,Monitor,Electronics,Mumbai,Online,UPI,1,16955.55,0.1,16955.55,15260.0,0,1698.05,2024,8,August,Sunday,16955.55,15259.994999999999
2024-08-25,ORD007646,CUST02326,P007,Backpack,Accessories,Hyderabad,Online,UPI,1,2344.55,0.0,2344.55,2344.55,1,-117.23,2024,8,August,Sunday,2344.55,2344.55
2024-08-25,ORD033196,CUST03432,P001,Laptop,Electronics,Jaipur,Online,UPI,1,63705.84,0.05,63705.84,60520.55,0,12579.35,2024,8,August,Sunday,63705.84,60520.547999999995
2024-08-25,ORD024444,CUST00511,P012,Air Fryer,Home,Delhi,Online,Credit Card,3,7863.04,0.2,23589.12,18871.3,0,867.64,2024,8,August,Sunday,23589.12,18871.296
2024-08-25,ORD006970,CUST03717,P007,Backpack,Accessories,Chennai,Store,Debit Card,2,2110.05,0.1,4220.1,3798.09,0,335.8,2024,8,August,Sunday,4220.1,3798.0900000000006
2024-08-25,ORD048247,CUST00946,P002,Smartphone,Electronics,Bengaluru,Online,UPI,1,30620.8,0.0,30620.8,30620.8,0,7680.36,2024,8,August,Sunday,30620.8,30620.8
2024-08-25,ORD025370,CUST01837,P019,Vacuum Cleaner,Home,Mumbai,Store,Credit Card,1,8126.34,0.1,8126.34,7313.71,0,1383.11,2024,8,August,Sunday,8126.34,7313.706
2024-08-25,ORD044849,CUST01561,P020,Microwave,Home,Kolkata,Store,Net Banking,1,11895.92,0.05,11895.92,11301.12,0,1732.72,2024,8,August,Sunday,11895.92,11301.124
2024-08-25,ORD005774,CUST00729,P013,Monitor,Electronics,Mumbai,Online,Credit Card,1,16874.21,0.2,16874.21,13499.37,0,2652.18,2024,8,August,Sunday,16874.21,13499.368
2024-08-25,ORD023552,CUST01164,P006,Desk,Furniture,Kolkata,Store,Debit Card,1,10956.54,0.05,10956.54,10408.71,0,1297.88,2024,8,August,Sunday,10956.54,10408.713
2024-08-25,ORD024428,CUST02414,P019,Vacuum Cleaner,Home,Mumbai,Online,UPI,1,8746.12,0.0,8746.12,8746.12,0,1778.17,2024,8,August,Sunday,8746.12,8746.12
2024-08-25,ORD032031,CUST03023,P013,Monitor,Electronics,Ahmedabad,Online,UPI,1,19148.71,0.1,19148.71,17233.84,0,2207.13,2024,8,August,Sunday,19148.71,17233.839
2024-08-25,ORD028052,CUST03071,P011,Mixer Grinder,Home,Chennai,Online,UPI,3,4380.74,0.1,13142.22,11828.0,0,1815.81,2024,8,August,Sunday,13142.22,11827.998
2024-08-25,ORD017249,CUST03469,P005,Office Chair,Furniture,Hyderabad,Store,UPI,2,10201.58,0.2,20403.16,16322.53,0,795.12,2024,8,August,Sunday,20403.16,16322.528
2024-08-25,ORD002440,CUST03166,P020,Microwave,Home,Pune,Online,Credit Card,1,12039.1,0.25,12039.1,9029.33,0,1049.98,2024,8,August,Sunday,12039.1,9029.325
2024-08-25,ORD004335,CUST04259,P018,Jacket,Fashion,Pune,Online,Debit Card,2,5159.44,0.1,10318.88,9286.99,1,-464.35,2024,8,August,Sunday,10318.88,9286.992
2024-08-25,ORD037602,CUST00133,P013,Monitor,Electronics,Pune,Store,UPI,1,16610.45,0.1,16610.45,14949.4,0,1624.2,2024,8,August,Sunday,16610.45,14949.405
2024-08-25,ORD031306,CUST00323,P012,Air Fryer,Home,Hyderabad,Store,Credit Card,3,6928.64,0.25,20785.92,15589.44,0,2876.24,2024,8,August,Sunday,20785.920000000002,15589.439999999999
2024-08-25,ORD048051,CUST02927,P018,Jacket,Fashion,Chennai,Online,Credit Card,3,5126.96,0.0,15380.88,15380.88,0,4325.52,2024,8,August,Sunday,15380.880000000001,15380.88
2024-08-25,ORD040387,CUST00653,P015,Dining Table,Furniture,Surat,Store,UPI,3,23871.56,0.1,71614.68,64453.21,0,10580.77,2024,8,August,Sunday,71614.68000000001,64453.21199999999
2024-08-25,ORD030245,CUST01225,P007,Backpack,Accessories,Delhi,Online,Debit Card,5,2308.14,0.1,11540.7,10386.63,0,2323.91,2024,8,August,Sunday,11540.699999999999,10386.630000000001
2024-08-25,ORD034989,CUST00549,P008,Running Shoes,Fashion,Chennai,Online,UPI,2,4406.58,0.1,8813.16,7931.84,0,2202.63,2024,8,August,Sunday,8813.16,7931.844
2024-08-25,ORD004374,CUST04826,P003,Headphones,Electronics,Surat,Store,Debit Card,5,4460.73,0.2,22303.65,17842.92,0,1090.2,2024,8,August,Sunday,22303.649999999998,17842.920000000002
2024-08-25,ORD039118,CUST00055,P008,Running Shoes,Fashion,Hyderabad,Store,Debit Card,2,3827.87,0.05,7655.74,7272.95,0,1357.44,2024,8,August,Sunday,7655.74,7272.9529999999995
2024-08-25,ORD037935,CUST04485,P019,Vacuum Cleaner,Home,Pune,Online,UPI,1,9420.28,0.05,9420.28,8949.27,0,1626.7,2024,8,August,Sunday,9420.28,8949.266
2024-08-25,ORD027998,CUST01498,P008,Running Shoes,Fashion,Delhi,Online,Credit Card,2,3931.58,0.1,7863.16,7076.84,0,1462.34,2024,8,August,Sunday,7863.16,7076.844
2024-08-25,ORD036829,CUST04229,P008,Running Shoes,Fashion,Bengaluru,Online,Credit Card,1,4294.91,0.1,4294.91,3865.42,0,549.15,2024,8,August,Sunday,4294.91,3865.419
2024-08-25,ORD008037,CUST04979,P014,Keyboard,Electronics,Kolkata,Online,Cash,1,2409.25,0.0,2409.25,2409.25,0,566.44,2024,8,August,Sunday,2409.25,2409.25
2024-08-25,ORD004918,CUST00881,P005,Office Chair,Furniture,Pune,Store,UPI,1,9844.49,0.0,9844.49,9844.49,0,2814.03,2024,8,August,Sunday,9844.49,9844.49
2024-08-25,ORD039239,CUST01430,P004,Smartwatch,Electronics,Mumbai,Online,Cash,5,7075.64,0.05,35378.2,33609.29,0,5654.93,2024,8,August,Sunday,35378.200000000004,33609.28999999999
2024-08-25,ORD019026,CUST01751,P012,Air Fryer,Home,Mumbai,Online,UPI,1,7627.33,0.15,7627.33,6483.23,0,665.57,2024,8,August,Sunday,7627.33,6483.2305
2024-08-25,ORD009199,CUST03003,P019,Vacuum Cleaner,Home,Ahmedabad,Online,Debit Card,4,8489.02,0.15,33956.08,28862.67,0,7140.13,2024,8,August,Sunday,33956.08,28862.668
2024-08-25,ORD003529,CUST00988,P011,Mixer Grinder,Home,Hyderabad,Store,UPI,5,4399.42,0.05,21997.1,20897.24,0,2651.92,2024,8,August,Sunday,21997.1,20897.245
2024-08-25,ORD043600,CUST00788,P004,Smartwatch,Electronics,Delhi,Store,UPI,1,6425.61,0.05,6425.61,6104.33,0,908.26,2024,8,August,Sunday,6425.61,6104.3295
2024-08-25,ORD043881,CUST02024,P016,Sofa,Furniture,Surat,Online,Credit Card,1,35759.39,0.1,35759.39,32183.45,0,4234.04,2024,8,August,Sunday,35759.39,32183.451
2024-08-25,ORD001400,CUST02051,P018,Jacket,Fashion,Mumbai,Store,Cash,4,5588.3,0.05,22353.2,21235.54,0,2042.9,2024,8,August,Sunday,22353.2,21235.54
2024-08-25,ORD020670,CUST04965,P013,Monitor,Electronics,Surat,Online,Net Banking,1,16666.25,0.1,16666.25,14999.62,0,3095.1,2024,8,August,Sunday,16666.25,14999.625
2024-08-25,ORD001957,CUST01710,P018,Jacket,Fashion,Mumbai,Online,Debit Card,1,4914.34,0.15,4914.34,4177.19,0,750.35,2024,8,August,Sunday,4914.34,4177.189
2024-08-25,ORD047079,CUST00434,P009,T-Shirt,Fashion,Hyderabad,Online,Credit Card,1,1165.87,0.0,1165.87,1165.87,0,142.77,2024,8,August,Sunday,1165.87,1165.87
2024-08-25,ORD039677,CUST04259,P001,Laptop,Electronics,Pune,Store,Credit Card,1,66582.77,0.1,66582.77,59924.49,0,4253.22,2024,8,August,Sunday,66582.77,59924.493
2024-08-25,ORD046750,CUST03089,P003,Headphones,Electronics,Kolkata,Store,UPI,1,4421.86,0.15,4421.86,3758.58,0,314.1,2024,8,August,Sunday,4421.86,3758.5809999999997
2024-08-25,ORD015166,CUST00639,P010,Coffee Maker,Home,Delhi,Store,Credit Card,1,5891.06,0.2,5891.06,4712.85,0,1026.67,2024,8,August,Sunday,5891.06,4712.848000000001
2024-08-25,ORD045473,CUST03744,P001,Laptop,Electronics,Hyderabad,Online,Credit Card,2,58570.6,0.0,117141.2,117141.2,0,20959.54,2024,8,August,Sunday,117141.2,117141.2
2024-08-25,ORD032978,CUST00766,P004,Smartwatch,Electronics,Surat,Online,UPI,1,6468.89,0.05,6468.89,6145.45,0,1050.74,2024,8,August,Sunday,6468.89,6145.4455
2024-08-25,ORD034356,CUST03941,P010,Coffee Maker,Home,Delhi,Store,Net Banking,2,4992.77,0.05,9985.54,9486.26,1,-474.31,2024,8,August,Sunday,9985.54,9486.263
2024-08-25,ORD018032,CUST02874,P012,Air Fryer,Home,Mumbai,Store,Credit Card,2,7764.11,0.1,15528.22,13975.4,0,978.6,2024,8,August,Sunday,15528.22,13975.398
2024-08-25,ORD018585,CUST01279,P020,Microwave,Home,Jaipur,Online,UPI,1,10276.0,0.0,10276.0,10276.0,0,2927.95,2024,8,August,Sunday,10276.0,10276.0
2024-08-25,ORD003516,CUST00539,P008,Running Shoes,Fashion,Pune,Online,UPI,1,3996.33,0.15,3996.33,3396.88,0,171.87,2024,8,August,Sunday,3996.33,3396.8804999999998
2024-08-25,ORD029013,CUST02638,P016,Sofa,Furniture,Delhi,Online,UPI,1,35346.69,0.0,35346.69,35346.69,0,9021.22,2024,8,August,Sunday,35346.69,35346.69
2024-08-25,ORD021429,CUST03720,P015,Dining Table,Furniture,Jaipur,Online,Debit Card,3,22470.18,0.1,67410.54,60669.49,0,4733.4,2024,8,August,Sunday,67410.54000000001,60669.486
2024-08-25,ORD023728,CUST04387,P017,Jeans,Fashion,Ahmedabad,Store,UPI,5,2989.72,0.1,14948.6,13453.74,0,3284.52,2024,8,August,Sunday,14948.599999999999,13453.74
2024-08-25,ORD029114,CUST01000,P005,Office Chair,Furniture,Kolkata,Online,Credit Card,1,10210.64,0.15,10210.64,8679.04,0,597.18,2024,8,August,Sunday,10210.64,8679.044
2024-08-26,ORD042408,CUST01476,P007,Backpack,Accessories,Kolkata,Store,Net Banking,2,2233.6,0.0,4467.2,4467.2,0,497.74,2024,8,August,Monday,4467.2,4467.2
2024-08-26,ORD022611,CUST03728,P011,Mixer Grinder,Home,Surat,Online,UPI,1,5272.85,0.15,5272.85,4481.92,0,1098.45,2024,8,August,Monday,5272.85,4481.922500000001
2024-08-26,ORD006464,CUST01268,P003,Headphones,Electronics,Chennai,Online,UPI,1,4329.87,0.0,4329.87,4329.87,0,639.14,2024,8,August,Monday,4329.87,4329.87
2024-08-26,ORD048946,CUST03020,P012,Air Fryer,Home,Mumbai,Online,UPI,1,6600.04,0.1,6600.04,5940.04,0,599.23,2024,8,August,Monday,6600.04,5940.036
2024-08-26,ORD039486,CUST03525,P006,Desk,Furniture,Mumbai,Online,UPI,2,13138.72,0.1,26277.44,23649.7,0,1924.12,2024,8,August,Monday,26277.44,23649.696
2024-08-26,ORD023419,CUST02569,P005,Office Chair,Furniture,Delhi,Store,UPI,2,10161.37,0.05,20322.74,19306.6,0,3057.66,2024,8,August,Monday,20322.74,19306.603
2024-08-26,ORD024871,CUST01433,P006,Desk,Furniture,Bengaluru,Online,UPI,1,12940.21,0.15,12940.21,10999.18,0,1115.26,2024,8,August,Monday,12940.21,10999.178499999998
2024-08-26,ORD011915,CUST00443,P018,Jacket,Fashion,Jaipur,Online,UPI,2,5571.2,0.0,11142.4,11142.4,0,2148.81,2024,8,August,Monday,11142.4,11142.4
2024-08-26,ORD035576,CUST01429,P004,Smartwatch,Electronics,Bengaluru,Store,Debit Card,1,6413.17,0.05,6413.17,6092.51,0,1579.21,2024,8,August,Monday,6413.17,6092.5115
2024-08-26,ORD013826,CUST00874,P017,Jeans,Fashion,Kolkata,Store,UPI,3,3014.93,0.15,9044.79,7688.07,0,2036.63,2024,8,August,Monday,9044.789999999999,7688.071500000001
2024-08-26,ORD006842,CUST03705,P020,Microwave,Home,Kolkata,Store,UPI,2,11723.72,0.0,23447.44,23447.44,0,4362.92,2024,8,August,Monday,23447.44,23447.44
2024-08-26,ORD040495,CUST00439,P012,Air Fryer,Home,Ahmedabad,Store,Net Banking,1,6560.68,0.0,6560.68,6560.68,0,1783.28,2024,8,August,Monday,6560.68,6560.68
2024-08-26,ORD016208,CUST02628,P018,Jacket,Fashion,Hyderabad,Store,Credit Card,1,4900.1,0.15,4900.1,4165.08,0,813.37,2024,8,August,Monday,4900.1,4165.085
2024-08-26,ORD020625,CUST00039,P019,Vacuum Cleaner,Home,Hyderabad,Store,Credit Card,1,9809.76,0.0,9809.76,9809.76,0,2374.88,2024,8,August,Monday,9809.76,9809.76
2024-08-26,ORD045460,CUST00417,P011,Mixer Grinder,Home,Bengaluru,Store,UPI,2,4993.66,0.1,9987.32,8988.59,0,1814.35,2024,8,August,Monday,9987.32,8988.588
2024-08-26,ORD045870,CUST01142,P002,Smartphone,Electronics,Chennai,Online,Debit Card,3,29287.25,0.0,87861.75,87861.75,0,13134.61,2024,8,August,Monday,87861.75,87861.75
2024-08-26,ORD023418,CUST03687,P020,Microwave,Home,Delhi,Store,UPI,1,11381.79,0.15,11381.79,9674.52,0,2013.24,2024,8,August,Monday,11381.79,9674.5215
2024-08-26,ORD000379,CUST00072,P013,Monitor,Electronics,Hyderabad,Store,Debit Card,1,17935.68,0.1,17935.68,16142.11,0,1754.2,2024,8,August,Monday,17935.68,16142.112000000001
2024-08-26,ORD039974,CUST04322,P001,Laptop,Electronics,Bengaluru,Store,Credit Card,1,61586.53,0.0,61586.53,61586.53,0,11896.71,2024,8,August,Monday,61586.53,61586.53
2024-08-26,ORD039480,CUST01107,P002,Smartphone,Electronics,Hyderabad,Online,Debit Card,1,27882.24,0.05,27882.24,26488.13,0,2354.68,2024,8,August,Monday,27882.24,26488.128
2024-08-26,ORD017028,CUST02376,P006,Desk,Furniture,Delhi,Store,Cash,1,12095.86,0.1,12095.86,10886.27,0,2031.24,2024,8,August,Monday,12095.86,10886.274000000001
2024-08-26,ORD033322,CUST03252,P018,Jacket,Fashion,Surat,Online,UPI,2,5700.26,0.0,11400.52,11400.52,0,2141.68,2024,8,August,Monday,11400.52,11400.52
2024-08-26,ORD025960,CUST04130,P015,Dining Table,Furniture,Ahmedabad,Store,UPI,4,20136.99,0.15,80547.96,68465.77,0,12469.03,2024,8,August,Monday,80547.96,68465.766
2024-08-26,ORD014367,CUST04386,P004,Smartwatch,Electronics,Jaipur,Online,Credit Card,2,7644.79,0.2,15289.58,12231.66,0,1387.06,2024,8,August,Monday,15289.58,12231.664
2024-08-26,ORD043658,CUST04466,P020,Microwave,Home,Delhi,Store,Cash,2,11522.16,0.1,23044.32,20739.89,0,3837.38,2024,8,August,Monday,23044.32,20739.888
2024-08-26,ORD048558,CUST00418,P005,Office Chair,Furniture,Hyderabad,Online,Credit Card,4,8931.05,0.05,35724.2,33937.99,0,5225.85,2024,8,August,Monday,35724.2,33937.99
2024-08-26,ORD046218,CUST04979,P003,Headphones,Electronics,Mumbai,Online,Debit Card,1,4515.89,0.0,4515.89,4515.89,0,811.6,2024,8,August,Monday,4515.89,4515.89
2024-08-26,ORD047270,CUST00803,P019,Vacuum Cleaner,Home,Kolkata,Online,Credit Card,2,8845.54,0.05,17691.08,16806.53,0,3201.61,2024,8,August,Monday,17691.08,16806.526
2024-08-26,ORD038725,CUST00187,P002,Smartphone,Electronics,Delhi,Store,Credit Card,1,26554.38,0.05,26554.38,25226.66,0,6318.26,2024,8,August,Monday,26554.38,25226.661
2024-08-26,ORD032203,CUST02637,P013,Monitor,Electronics,Surat,Online,UPI,1,19165.86,0.15,19165.86,16290.98,0,2426.79,2024,8,August,Monday,19165.86,16290.981
2024-08-26,ORD027821,CUST01963,P009,T-Shirt,Fashion,Hyderabad,Online,UPI,1,1202.02,0.05,1202.02,1141.92,0,87.98,2024,8,August,Monday,1202.02,1141.9189999999999
2024-08-26,ORD012828,CUST03866,P006,Desk,Furniture,Pune,Online,UPI,3,12590.84,0.0,37772.52,37772.52,0,6694.9,2024,8,August,Monday,37772.520000000004,37772.52
2024-08-26,ORD017339,CUST04399,P010,Coffee Maker,Home,Delhi,Store,UPI,3,6018.37,0.15,18055.11,15346.84,0,1836.05,2024,8,August,Monday,18055.11,15346.8435
2024-08-26,ORD001221,CUST01896,P019,Vacuum Cleaner,Home,Ahmedabad,Online,UPI,4,9668.29,0.1,38673.16,34805.84,0,4845.87,2024,8,August,Monday,38673.16,34805.844000000005
2024-08-26,ORD033555,CUST00499,P002,Smartphone,Electronics,Mumbai,Store,Credit Card,1,29142.8,0.1,29142.8,26228.52,0,2084.57,2024,8,August,Monday,29142.8,26228.52
2024-08-26,ORD042618,CUST00933,P004,Smartwatch,Electronics,Mumbai,Online,UPI,1,6978.88,0.15,6978.88,5932.05,0,508.02,2024,8,August,Monday,6978.88,5932.048
2024-08-26,ORD018900,CUST02811,P010,Coffee Maker,Home,Mumbai,Online,Debit Card,1,5826.97,0.05,5826.97,5535.62,0,1417.56,2024,8,August,Monday,5826.97,5535.6215
2024-08-26,ORD014190,CUST04582,P018,Jacket,Fashion,Pune,Online,UPI,5,5398.03,0.0,26990.15,26990.15,0,2673.35,2024,8,August,Monday,26990.149999999998,26990.15
2024-08-26,ORD009203,CUST02422,P010,Coffee Maker,Home,Surat,Online,UPI,1,5037.56,0.1,5037.56,4533.8,0,473.98,2024,8,August,Monday,5037.56,4533.804
2024-08-26,ORD046767,CUST00721,P010,Coffee Maker,Home,Mumbai,Online,Credit Card,1,5588.6,0.05,5588.6,5309.17,0,773.62,2024,8,August,Monday,5588.6,5309.17
2024-08-26,ORD036445,CUST03956,P013,Monitor,Electronics,Bengaluru,Online,Net Banking,3,16632.33,0.2,49896.99,39917.59,0,8598.59,2024,8,August,Monday,49896.990000000005,39917.592000000004
2024-08-26,ORD038804,CUST01336,P018,Jacket,Fashion,Mumbai,Online,Credit Card,1,5017.64,0.15,5017.64,4264.99,0,566.42,2024,8,August,Monday,5017.64,4264.994000000001
2024-08-26,ORD017420,CUST04269,P013,Monitor,Electronics,Bengaluru,Store,UPI,1,17570.54,0.05,17570.54,16692.01,0,1366.8,2024,8,August,Monday,17570.54,16692.013
2024-08-26,ORD024635,CUST02028,P001,Laptop,Electronics,Chennai,Online,Debit Card,1,67033.59,0.25,67033.59,50275.19,0,8058.45,2024,8,August,Monday,67033.59,50275.1925
2024-08-26,ORD038031,CUST01567,P009,T-Shirt,Fashion,Pune,Store,UPI,1,1207.2,0.1,1207.2,1086.48,0,244.98,2024,8,August,Monday,1207.2,1086.48
2024-08-26,ORD037299,CUST02855,P017,Jeans,Fashion,Surat,Store,Credit Card,3,2920.89,0.15,8762.67,7448.27,0,1345.61,2024,8,August,Monday,8762.67,7448.269499999999
2024-08-26,ORD033253,CUST01938,P014,Keyboard,Electronics,Pune,Store,UPI,1,2414.94,0.1,2414.94,2173.45,0,240.26,2024,8,August,Monday,2414.94,2173.446
2024-08-26,ORD028939,CUST00809,P006,Desk,Furniture,Bengaluru,Online,Credit Card,2,11490.18,0.1,22980.36,20682.32,1,-1034.12,2024,8,August,Monday,22980.36,20682.324
2024-08-26,ORD015176,CUST04650,P003,Headphones,Electronics,Mumbai,Online,Debit Card,1,4672.38,0.1,4672.38,4205.14,0,323.24,2024,8,August,Monday,4672.38,4205.142
2024-08-26,ORD041039,CUST01661,P018,Jacket,Fashion,Pune,Online,Credit Card,1,4936.54,0.0,4936.54,4936.54,0,1447.33,2024,8,August,Monday,4936.54,4936.54
2024-08-26,ORD022284,CUST04366,P015,Dining Table,Furniture,Mumbai,Store,UPI,1,20256.15,0.25,20256.15,15192.11,0,3521.41,2024,8,August,Monday,20256.15,15192.112500000001
2024-08-26,ORD038990,CUST03630,P016,Sofa,Furniture,Pune,Online,UPI,3,35455.4,0.05,106366.2,101047.89,0,12416.75,2024,8,August,Monday,106366.20000000001,101047.89
2024-08-26,ORD029296,CUST00163,P008,Running Shoes,Fashion,Delhi,Online,Net Banking,1,4163.57,0.15,4163.57,3539.03,0,381.71,2024,8,August,Monday,4163.57,3539.0344999999998
2024-08-26,ORD018736,CUST03246,P009,T-Shirt,Fashion,Ahmedabad,Store,Debit Card,2,1108.67,0.15,2217.34,1884.74,0,257.04,2024,8,August,Monday,2217.34,1884.739
2024-08-26,ORD006207,CUST01059,P017,Jeans,Fashion,Surat,Online,Cash,1,2598.34,0.0,2598.34,2598.34,0,567.94,2024,8,August,Monday,2598.34,2598.34
2024-08-26,ORD007283,CUST02633,P007,Backpack,Accessories,Surat,Online,UPI,1,2036.87,0.05,2036.87,1935.03,0,429.23,2024,8,August,Monday,2036.87,1935.0264999999997
2024-08-26,ORD021226,CUST00163,P013,Monitor,Electronics,Ahmedabad,Online,Cash,2,16413.57,0.0,32827.14,32827.14,0,9567.65,2024,8,August,Monday,32827.14,32827.14
2024-08-26,ORD031913,CUST01215,P014,Keyboard,Electronics,Delhi,Online,UPI,2,2440.45,0.1,4880.9,4392.81,0,429.31,2024,8,August,Monday,4880.9,4392.8099999999995
2024-08-26,ORD043800,CUST02757,P009,T-Shirt,Fashion,Hyderabad,Store,Cash,1,1233.19,0.05,1233.19,1171.53,0,159.91,2024,8,August,Monday,1233.19,1171.5305
2024-08-26,ORD004846,CUST01090,P010,Coffee Maker,Home,Pune,Store,Net Banking,1,5579.85,0.05,5579.85,5300.86,0,410.88,2024,8,August,Monday,5579.85,5300.8575
2024-08-26,ORD026008,CUST00090,P002,Smartphone,Electronics,Mumbai,Store,UPI,1,29795.87,0.25,29795.87,22346.9,0,4280.28,2024,8,August,Monday,29795.87,22346.9025
2024-08-26,ORD008599,CUST00573,P015,Dining Table,Furniture,Kolkata,Store,Credit Card,1,22169.0,0.2,22169.0,17735.2,0,4516.52,2024,8,August,Monday,22169.0,17735.2
2024-08-26,ORD044473,CUST00099,P003,Headphones,Electronics,Surat,Store,UPI,1,4083.96,0.1,4083.96,3675.56,0,274.12,2024,8,August,Monday,4083.96,3675.5640000000003
2024-08-26,ORD041249,CUST02505,P002,Smartphone,Electronics,Ahmedabad,Online,Cash,2,25360.91,0.2,50721.82,40577.46,0,4953.19,2024,8,August,Monday,50721.82,40577.456000000006
2024-08-26,ORD025955,CUST02872,P001,Laptop,Electronics,Ahmedabad,Online,UPI,2,68328.85,0.05,136657.7,129824.82,0,15178.4,2024,8,August,Monday,136657.7,129824.815
2024-08-26,ORD004809,CUST02083,P018,Jacket,Fashion,Surat,Online,UPI,2,5232.2,0.1,10464.4,9417.96,1,-470.9,2024,8,August,Monday,10464.4,9417.96
2024-08-26,ORD047061,CUST04523,P004,Smartwatch,Electronics,Kolkata,Online,Debit Card,1,6693.07,0.15,6693.07,5689.11,0,569.16,2024,8,August,Monday,6693.07,5689.1095
2024-08-26,ORD046337,CUST03274,P016,Sofa,Furniture,Chennai,Store,UPI,2,33087.65,0.05,66175.3,62866.54,0,16141.87,2024,8,August,Monday,66175.3,62866.534999999996
2024-08-27,ORD021769,CUST01951,P017,Jeans,Fashion,Delhi,Store,Net Banking,2,2881.15,0.1,5762.3,5186.07,0,838.5,2024,8,August,Tuesday,5762.3,5186.070000000001
2024-08-27,ORD007430,CUST04849,P017,Jeans,Fashion,Pune,Online,Net Banking,2,2701.81,0.05,5403.62,5133.44,0,1031.71,2024,8,August,Tuesday,5403.62,5133.438999999999
2024-08-27,ORD030458,CUST00090,P016,Sofa,Furniture,Pune,Online,Net Banking,5,36527.12,0.15,182635.6,155240.26,0,28079.83,2024,8,August,Tuesday,182635.6,155240.26
2024-08-27,ORD045797,CUST04866,P005,Office Chair,Furniture,Bengaluru,Online,Debit Card,2,8940.71,0.0,17881.42,17881.42,0,3481.7,2024,8,August,Tuesday,17881.42,17881.42
2024-08-27,ORD011966,CUST00621,P017,Jeans,Fashion,Delhi,Online,UPI,1,2835.46,0.1,2835.46,2551.91,0,229.48,2024,8,August,Tuesday,2835.46,2551.914
2024-08-27,ORD003188,CUST00917,P018,Jacket,Fashion,Jaipur,Store,Debit Card,1,5582.34,0.2,5582.34,4465.87,0,1073.47,2024,8,August,Tuesday,5582.34,4465.872
2024-08-27,ORD010827,CUST01240,P001,Laptop,Electronics,Kolkata,Store,Credit Card,1,70622.98,0.05,70622.98,67091.83,0,15280.08,2024,8,August,Tuesday,70622.98,67091.83099999999
2024-08-27,ORD006846,CUST01027,P003,Headphones,Electronics,Chennai,Online,Credit Card,1,4585.1,0.15,4585.1,3897.34,0,651.32,2024,8,August,Tuesday,4585.1,3897.335
2024-08-27,ORD021601,CUST03829,P019,Vacuum Cleaner,Home,Hyderabad,Online,Net Banking,1,9657.82,0.0,9657.82,9657.82,0,1695.43,2024,8,August,Tuesday,9657.82,9657.82
2024-08-27,ORD007303,CUST00015,P002,Smartphone,Electronics,Hyderabad,Online,Debit Card,1,29581.79,0.1,29581.79,26623.61,0,2682.7,2024,8,August,Tuesday,29581.79,26623.611
2024-08-27,ORD028075,CUST00326,P005,Office Chair,Furniture,Surat,Online,UPI,1,9611.1,0.2,9611.1,7688.88,0,368.63,2024,8,August,Tuesday,9611.1,7688.880000000001
2024-08-27,ORD048431,CUST03450,P018,Jacket,Fashion,Jaipur,Online,UPI,1,5382.99,0.1,5382.99,4844.69,0,463.02,2024,8,August,Tuesday,5382.99,4844.691
2024-08-27,ORD033826,CUST03308,P014,Keyboard,Electronics,Chennai,Store,Cash,1,2397.06,0.1,2397.06,2157.35,0,183.28,2024,8,August,Tuesday,2397.06,2157.354
2024-08-27,ORD032132,CUST04200,P018,Jacket,Fashion,Bengaluru,Online,UPI,1,5161.52,0.0,5161.52,5161.52,0,1541.57,2024,8,August,Tuesday,5161.52,5161.52
2024-08-27,ORD003412,CUST02625,P005,Office Chair,Furniture,Surat,Store,Net Banking,1,8798.27,0.0,8798.27,8798.27,0,2035.81,2024,8,August,Tuesday,8798.27,8798.27
2024-08-27,ORD038612,CUST00460,P020,Microwave,Home,Hyderabad,Online,Debit Card,1,11342.54,0.1,11342.54,10208.29,0,881.88,2024,8,August,Tuesday,11342.54,10208.286000000002
2024-08-27,ORD026927,CUST04008,P006,Desk,Furniture,Pune,Online,Credit Card,1,11449.47,0.1,11449.47,10304.52,0,1834.03,2024,8,August,Tuesday,11449.47,10304.523
2024-08-27,ORD045055,CUST04230,P019,Vacuum Cleaner,Home,Pune,Store,Debit Card,3,8504.14,0.1,25512.42,22961.18,0,2671.74,2024,8,August,Tuesday,25512.42,22961.178
2024-08-27,ORD020983,CUST04443,P001,Laptop,Electronics,Pune,Store,Debit Card,1,61156.06,0.0,61156.06,61156.06,1,-3057.8,2024,8,August,Tuesday,61156.06,61156.06
2024-08-27,ORD017636,CUST00110,P017,Jeans,Fashion,Bengaluru,Online,Credit Card,1,2696.91,0.0,2696.91,2696.91,0,648.67,2024,8,August,Tuesday,2696.91,2696.91
2024-08-27,ORD019461,CUST03813,P007,Backpack,Accessories,Jaipur,Online,Net Banking,1,2398.74,0.2,2398.74,1918.99,0,329.54,2024,8,August,Tuesday,2398.74,1918.992
2024-08-27,ORD042624,CUST03880,P019,Vacuum Cleaner,Home,Kolkata,Store,Credit Card,1,8410.4,0.15,8410.4,7148.84,0,1129.02,2024,8,August,Tuesday,8410.4,7148.839999999999
2024-08-27,ORD038260,CUST03652,P008,Running Shoes,Fashion,Jaipur,Store,UPI,1,3976.16,0.1,3976.16,3578.54,0,726.09,2024,8,August,Tuesday,3976.16,3578.544
2024-08-27,ORD027456,CUST00558,P017,Jeans,Fashion,Surat,Online,Net Banking,3,2895.87,0.1,8687.61,7818.85,0,1364.1,2024,8,August,Tuesday,8687.61,7818.849000000001
2024-08-27,ORD025243,CUST02636,P002,Smartphone,Electronics,Hyderabad,Store,Debit Card,2,27559.69,0.0,55119.38,55119.38,0,9301.36,2024,8,August,Tuesday,55119.38,55119.38
2024-08-27,ORD013245,CUST02473,P006,Desk,Furniture,Mumbai,Online,Credit Card,1,11883.23,0.05,11883.23,11289.07,0,2458.58,2024,8,August,Tuesday,11883.23,11289.0685
2024-08-27,ORD013775,CUST01393,P016,Sofa,Furniture,Hyderabad,Store,UPI,2,32963.32,0.0,65926.64,65926.64,0,6092.42,2024,8,August,Tuesday,65926.64,65926.64
2024-08-27,ORD041569,CUST04383,P016,Sofa,Furniture,Pune,Store,Cash,1,37537.81,0.1,37537.81,33784.03,0,3096.96,2024,8,August,Tuesday,37537.81,33784.029
2024-08-27,ORD021072,CUST00342,P009,T-Shirt,Fashion,Delhi,Store,UPI,1,1142.21,0.05,1142.21,1085.1,0,299.39,2024,8,August,Tuesday,1142.21,1085.0995
2024-08-27,ORD041476,CUST01628,P011,Mixer Grinder,Home,Surat,Online,Cash,1,5029.84,0.05,5029.84,4778.35,0,1269.74,2024,8,August,Tuesday,5029.84,4778.348
2024-08-27,ORD010304,CUST01076,P013,Monitor,Electronics,Jaipur,Online,Credit Card,1,18356.23,0.05,18356.23,17438.42,0,1562.02,2024,8,August,Tuesday,18356.23,17438.4185
2024-08-27,ORD009919,CUST03815,P017,Jeans,Fashion,Mumbai,Store,UPI,4,2802.71,0.15,11210.84,9529.21,0,1401.75,2024,8,August,Tuesday,11210.84,9529.214
2024-08-27,ORD028307,CUST03194,P004,Smartwatch,Electronics,Bengaluru,Online,Credit Card,2,7608.48,0.25,15216.96,11412.72,0,837.11,2024,8,August,Tuesday,15216.96,11412.72
2024-08-27,ORD016916,CUST00381,P002,Smartphone,Electronics,Surat,Store,Credit Card,1,26025.24,0.2,26025.24,20820.19,0,3180.91,2024,8,August,Tuesday,26025.24,20820.192000000003
2024-08-27,ORD014969,CUST03474,P015,Dining Table,Furniture,Hyderabad,Online,Net Banking,4,21728.0,0.05,86912.0,82566.4,0,18779.04,2024,8,August,Tuesday,86912.0,82566.4
2024-08-27,ORD012808,CUST04124,P009,T-Shirt,Fashion,Ahmedabad,Online,Cash,1,1265.62,0.05,1265.62,1202.34,0,321.69,2024,8,August,Tuesday,1265.62,1202.339
2024-08-27,ORD023618,CUST03189,P005,Office Chair,Furniture,Mumbai,Store,Debit Card,1,8850.28,0.15,8850.28,7522.74,0,1494.32,2024,8,August,Tuesday,8850.28,7522.738
2024-08-27,ORD000871,CUST01447,P014,Keyboard,Electronics,Kolkata,Store,UPI,2,2293.22,0.05,4586.44,4357.12,0,606.03,2024,8,August,Tuesday,4586.44,4357.1179999999995
2024-08-27,ORD035211,CUST01877,P012,Air Fryer,Home,Mumbai,Store,UPI,3,6731.37,0.1,20194.11,18174.7,0,1196.99,2024,8,August,Tuesday,20194.11,18174.699
2024-08-27,ORD047771,CUST00524,P002,Smartphone,Electronics,Mumbai,Online,UPI,1,29888.84,0.1,29888.84,26899.96,0,1716.89,2024,8,August,Tuesday,29888.84,26899.956000000002
2024-08-27,ORD006167,CUST04542,P001,Laptop,Electronics,Bengaluru,Online,Debit Card,4,63298.76,0.15,253195.04,215215.78,0,41055.73,2024,8,August,Tuesday,253195.04,215215.784
2024-08-27,ORD007732,CUST04443,P005,Office Chair,Furniture,Mumbai,Online,Credit Card,4,9718.93,0.15,38875.72,33044.36,0,2339.11,2024,8,August,Tuesday,38875.72,33044.362
2024-08-27,ORD039346,CUST00022,P020,Microwave,Home,Jaipur,Store,Cash,1,11611.14,0.15,11611.14,9869.47,1,-493.47,2024,8,August,Tuesday,11611.14,9869.469
2024-08-27,ORD043900,CUST02854,P016,Sofa,Furniture,Hyderabad,Online,UPI,2,35939.04,0.0,71878.08,71878.08,1,-3593.9,2024,8,August,Tuesday,71878.08,71878.08
2024-08-27,ORD046925,CUST00047,P005,Office Chair,Furniture,Jaipur,Online,UPI,2,10125.96,0.05,20251.92,19239.32,1,-961.97,2024,8,August,Tuesday,20251.92,19239.323999999997
2024-08-27,ORD001063,CUST02422,P019,Vacuum Cleaner,Home,Delhi,Online,UPI,1,8311.68,0.1,8311.68,7480.51,1,-374.03,2024,8,August,Tuesday,8311.68,7480.512000000001
2024-08-27,ORD047910,CUST00960,P016,Sofa,Furniture,Jaipur,Online,Cash,2,32262.93,0.0,64525.86,64525.86,0,14683.77,2024,8,August,Tuesday,64525.86,64525.86
2024-08-27,ORD004111,CUST03795,P008,Running Shoes,Fashion,Ahmedabad,Online,Credit Card,2,4455.58,0.05,8911.16,8465.6,0,2067.05,2024,8,August,Tuesday,8911.16,8465.601999999999
2024-08-27,ORD047396,CUST04273,P017,Jeans,Fashion,Surat,Online,UPI,1,2548.38,0.05,2548.38,2420.96,0,250.48,2024,8,August,Tuesday,2548.38,2420.961
2024-08-27,ORD025941,CUST02083,P012,Air Fryer,Home,Bengaluru,Store,Debit Card,1,7011.0,0.25,7011.0,5258.25,0,211.99,2024,8,August,Tuesday,7011.0,5258.25
2024-08-27,ORD040798,CUST00271,P002,Smartphone,Electronics,Chennai,Store,Credit Card,3,26108.02,0.1,78324.06,70491.65,0,11628.47,2024,8,August,Tuesday,78324.06,70491.654
2024-08-27,ORD023535,CUST00181,P001,Laptop,Electronics,Delhi,Online,Net Banking,1,71303.71,0.05,71303.71,67738.52,0,12140.6,2024,8,August,Tuesday,71303.71,67738.5245
2024-08-27,ORD028678,CUST00049,P004,Smartwatch,Electronics,Surat,Store,UPI,1,6732.41,0.0,6732.41,6732.41,0,1726.1,2024,8,August,Tuesday,6732.41,6732.41
2024-08-27,ORD027407,CUST01025,P001,Laptop,Electronics,Ahmedabad,Store,Cash,2,70783.49,0.2,141566.98,113253.58,0,8454.9,2024,8,August,Tuesday,141566.98,113253.58400000002
2024-08-27,ORD037464,CUST03929,P020,Microwave,Home,Kolkata,Online,UPI,1,10233.96,0.0,10233.96,10233.96,0,2374.44,2024,8,August,Tuesday,10233.96,10233.96
2024-08-27,ORD032360,CUST03550,P007,Backpack,Accessories,Surat,Store,Debit Card,2,2400.23,0.05,4800.46,4560.44,0,904.34,2024,8,August,Tuesday,4800.46,4560.437
2024-08-27,ORD040173,CUST03478,P002,Smartphone,Electronics,Kolkata,Online,Credit Card,3,30464.37,0.2,91393.11,73114.49,0,13282.59,2024,8,August,Tuesday,91393.11,73114.488
2024-08-27,ORD044407,CUST03328,P019,Vacuum Cleaner,Home,Chennai,Online,UPI,3,8421.26,0.1,25263.78,22737.4,1,-1136.87,2024,8,August,Tuesday,25263.78,22737.402
2024-08-27,ORD004120,CUST03485,P017,Jeans,Fashion,Surat,Store,Cash,1,2627.28,0.0,2627.28,2627.28,0,296.63,2024,8,August,Tuesday,2627.28,2627.28
2024-08-27,ORD011309,CUST00960,P016,Sofa,Furniture,Bengaluru,Store,UPI,1,33400.45,0.1,33400.45,30060.4,0,5366.83,2024,8,August,Tuesday,33400.45,30060.405
2024-08-27,ORD004153,CUST03575,P017,Jeans,Fashion,Kolkata,Store,UPI,2,2727.04,0.0,5454.08,5454.08,0,1319.85,2024,8,August,Tuesday,5454.08,5454.08
2024-08-27,ORD040761,CUST01929,P010,Coffee Maker,Home,Bengaluru,Online,Credit Card,1,5337.2,0.1,5337.2,4803.48,0,614.55,2024,8,August,Tuesday,5337.2,4803.48
2024-08-28,ORD031204,CUST03628,P019,Vacuum Cleaner,Home,Kolkata,Online,Cash,1,9419.96,0.05,9419.96,8948.96,0,2129.36,2024,8,August,Wednesday,9419.96,8948.962
2024-08-28,ORD047227,CUST00322,P019,Vacuum Cleaner,Home,Surat,Store,UPI,1,8376.57,0.05,8376.57,7957.74,0,783.11,2024,8,August,Wednesday,8376.57,7957.741499999999
2024-08-28,ORD032571,CUST04949,P009,T-Shirt,Fashion,Jaipur,Online,UPI,2,1185.48,0.05,2370.96,2252.41,0,604.84,2024,8,August,Wednesday,2370.96,2252.412
2024-08-28,ORD025427,CUST00278,P001,Laptop,Electronics,Mumbai,Online,Debit Card,1,59247.59,0.0,59247.59,59247.59,0,6639.5,2024,8,August,Wednesday,59247.59,59247.59
2024-08-28,ORD041829,CUST04803,P008,Running Shoes,Fashion,Ahmedabad,Online,Debit Card,4,4123.53,0.15,16494.12,14020.0,1,-701.0,2024,8,August,Wednesday,16494.12,14020.001999999999
2024-08-28,ORD004753,CUST02137,P017,Jeans,Fashion,Chennai,Online,Credit Card,1,2591.01,0.1,2591.01,2331.91,0,345.83,2024,8,August,Wednesday,2591.01,2331.909
2024-08-28,ORD000957,CUST00547,P003,Headphones,Electronics,Mumbai,Online,Cash,1,4318.24,0.05,4318.24,4102.33,0,1041.28,2024,8,August,Wednesday,4318.24,4102.3279999999995
2024-08-28,ORD000791,CUST03725,P020,Microwave,Home,Pune,Online,Credit Card,2,11425.72,0.05,22851.44,21708.87,0,5528.59,2024,8,August,Wednesday,22851.44,21708.868
2024-08-28,ORD014937,CUST02027,P015,Dining Table,Furniture,Delhi,Online,UPI,1,21255.35,0.1,21255.35,19129.81,0,4361.44,2024,8,August,Wednesday,21255.35,19129.815
2024-08-28,ORD001275,CUST04347,P013,Monitor,Electronics,Chennai,Store,Net Banking,3,17799.78,0.0,53399.34,53399.34,0,11506.79,2024,8,August,Wednesday,53399.34,53399.34
2024-08-28,ORD008183,CUST04109,P019,Vacuum Cleaner,Home,Jaipur,Store,Debit Card,3,9874.09,0.1,29622.27,26660.04,0,4187.07,2024,8,August,Wednesday,29622.27,26660.043
2024-08-28,ORD044353,CUST04640,P006,Desk,Furniture,Hyderabad,Store,UPI,1,11302.43,0.15,11302.43,9607.07,0,947.28,2024,8,August,Wednesday,11302.43,9607.0655
2024-08-28,ORD020521,CUST03943,P018,Jacket,Fashion,Mumbai,Online,UPI,1,5569.16,0.2,5569.16,4455.33,1,-222.77,2024,8,August,Wednesday,5569.16,4455.328
2024-08-28,ORD017241,CUST02615,P015,Dining Table,Furniture,Delhi,Store,Net Banking,1,23166.83,0.1,23166.83,20850.15,0,4335.61,2024,8,August,Wednesday,23166.83,20850.147
2024-08-28,ORD023984,CUST00445,P005,Office Chair,Furniture,Hyderabad,Online,Net Banking,5,10137.3,0.1,50686.5,45617.85,0,11960.1,2024,8,August,Wednesday,50686.5,45617.85
2024-08-28,ORD014672,CUST01159,P014,Keyboard,Electronics,Pune,Online,UPI,1,2514.68,0.1,2514.68,2263.21,0,300.33,2024,8,August,Wednesday,2514.68,2263.212
2024-08-28,ORD014339,CUST01097,P012,Air Fryer,Home,Pune,Online,UPI,4,6851.45,0.2,27405.8,21924.64,0,3927.99,2024,8,August,Wednesday,27405.8,21924.64
2024-08-28,ORD022151,CUST00679,P005,Office Chair,Furniture,Hyderabad,Store,UPI,1,9461.58,0.15,9461.58,8042.34,0,720.86,2024,8,August,Wednesday,9461.58,8042.343
2024-08-28,ORD019684,CUST00346,P017,Jeans,Fashion,Bengaluru,Store,Credit Card,1,2665.93,0.15,2665.93,2266.04,0,390.73,2024,8,August,Wednesday,2665.93,2266.0404999999996
2024-08-28,ORD031196,CUST01153,P010,Coffee Maker,Home,Chennai,Online,Credit Card,5,5252.18,0.1,26260.9,23634.81,1,-1181.74,2024,8,August,Wednesday,26260.9,23634.81
2024-08-28,ORD008055,CUST00505,P004,Smartwatch,Electronics,Hyderabad,Online,Credit Card,5,7305.62,0.05,36528.1,34701.7,0,7440.66,2024,8,August,Wednesday,36528.1,34701.695
2024-08-28,ORD033835,CUST02378,P019,Vacuum Cleaner,Home,Bengaluru,Online,UPI,1,8100.53,0.0,8100.53,8100.53,0,1677.61,2024,8,August,Wednesday,8100.53,8100.53
2024-08-28,ORD047658,CUST02259,P013,Monitor,Electronics,Delhi,Online,Cash,3,19028.31,0.1,57084.93,51376.44,0,8597.8,2024,8,August,Wednesday,57084.93000000001,51376.437
2024-08-28,ORD049172,CUST03087,P008,Running Shoes,Fashion,Mumbai,Online,UPI,1,4349.89,0.05,4349.89,4132.4,0,863.81,2024,8,August,Wednesday,4349.89,4132.3955000000005
2024-08-28,ORD002442,CUST01773,P017,Jeans,Fashion,Delhi,Online,UPI,1,2957.78,0.05,2957.78,2809.89,0,810.96,2024,8,August,Wednesday,2957.78,2809.891
2024-08-28,ORD003310,CUST02260,P018,Jacket,Fashion,Hyderabad,Online,Cash,1,5196.32,0.1,5196.32,4676.69,0,332.48,2024,8,August,Wednesday,5196.32,4676.688
2024-08-28,ORD031560,CUST00929,P003,Headphones,Electronics,Pune,Online,Credit Card,1,4056.86,0.1,4056.86,3651.17,0,354.91,2024,8,August,Wednesday,4056.86,3651.174
2024-08-28,ORD025259,CUST02181,P017,Jeans,Fashion,Delhi,Online,Cash,1,2525.94,0.0,2525.94,2525.94,0,507.3,2024,8,August,Wednesday,2525.94,2525.94
2024-08-28,ORD019952,CUST01766,P019,Vacuum Cleaner,Home,Pune,Online,UPI,1,8141.33,0.05,8141.33,7734.26,0,1099.19,2024,8,August,Wednesday,8141.33,7734.2635
2024-08-28,ORD023906,CUST01790,P015,Dining Table,Furniture,Jaipur,Online,Credit Card,1,21797.12,0.1,21797.12,19617.41,0,4087.9,2024,8,August,Wednesday,21797.12,19617.408
2024-08-28,ORD022806,CUST02584,P018,Jacket,Fashion,Jaipur,Store,Net Banking,2,4830.07,0.0,9660.14,9660.14,0,1429.92,2024,8,August,Wednesday,9660.14,9660.14
2024-08-28,ORD048511,CUST00200,P004,Smartwatch,Electronics,Jaipur,Online,UPI,2,7487.62,0.15,14975.24,12728.95,0,2680.98,2024,8,August,Wednesday,14975.24,12728.954
2024-08-28,ORD048626,CUST01163,P018,Jacket,Fashion,Ahmedabad,Store,UPI,1,5049.87,0.2,5049.87,4039.9,0,391.83,2024,8,August,Wednesday,5049.87,4039.896
2024-08-28,ORD039142,CUST01595,P010,Coffee Maker,Home,Chennai,Online,Credit Card,1,5960.14,0.15,5960.14,5066.12,0,1220.65,2024,8,August,Wednesday,5960.14,5066.119000000001
2024-08-28,ORD012501,CUST02446,P019,Vacuum Cleaner,Home,Mumbai,Store,Cash,1,9211.55,0.1,9211.55,8290.4,0,1777.91,2024,8,August,Wednesday,9211.55,8290.395
2024-08-28,ORD037788,CUST02592,P012,Air Fryer,Home,Pune,Online,Net Banking,1,7261.79,0.1,7261.79,6535.61,0,637.25,2024,8,August,Wednesday,7261.79,6535.611
2024-08-28,ORD002295,CUST03007,P014,Keyboard,Electronics,Ahmedabad,Online,Credit Card,4,2700.93,0.1,10803.72,9723.35,0,1782.93,2024,8,August,Wednesday,10803.72,9723.348
2024-08-28,ORD041688,CUST01669,P006,Desk,Furniture,Pune,Store,Cash,2,11946.5,0.1,23893.0,21503.7,0,3677.4,2024,8,August,Wednesday,23893.0,21503.7
2024-08-28,ORD023978,CUST01951,P018,Jacket,Fashion,Delhi,Online,UPI,3,5475.85,0.15,16427.55,13963.42,0,3433.49,2024,8,August,Wednesday,16427.550000000003,13963.4175
2024-08-28,ORD012492,CUST00914,P001,Laptop,Electronics,Bengaluru,Store,Debit Card,4,63046.32,0.1,252185.28,226966.75,0,15526.66,2024,8,August,Wednesday,252185.28,226966.752
2024-08-28,ORD000779,CUST04855,P013,Monitor,Electronics,Mumbai,Online,Credit Card,3,17618.7,0.05,52856.1,50213.3,0,7935.42,2024,8,August,Wednesday,52856.100000000006,50213.295
2024-08-28,ORD047293,CUST00198,P005,Office Chair,Furniture,Ahmedabad,Store,Credit Card,5,10255.94,0.1,51279.7,46151.73,0,5118.74,2024,8,August,Wednesday,51279.700000000004,46151.729999999996
2024-08-28,ORD012658,CUST00171,P019,Vacuum Cleaner,Home,Delhi,Store,UPI,2,8356.12,0.05,16712.24,15876.63,0,3144.9,2024,8,August,Wednesday,16712.24,15876.628
2024-08-28,ORD047070,CUST00431,P019,Vacuum Cleaner,Home,Surat,Online,UPI,1,9263.01,0.1,9263.01,8336.71,0,710.35,2024,8,August,Wednesday,9263.01,8336.709
2024-08-28,ORD035359,CUST04400,P006,Desk,Furniture,Jaipur,Online,UPI,1,12867.71,0.0,12867.71,12867.71,0,1126.03,2024,8,August,Wednesday,12867.71,12867.71
2024-08-28,ORD041274,CUST02461,P019,Vacuum Cleaner,Home,Pune,Store,Credit Card,1,8674.42,0.15,8674.42,7373.26,0,764.16,2024,8,August,Wednesday,8674.42,7373.257
2024-08-28,ORD000153,CUST00445,P011,Mixer Grinder,Home,Surat,Store,Credit Card,1,5087.79,0.15,5087.79,4324.62,0,497.16,2024,8,August,Wednesday,5087.79,4324.6215
2024-08-28,ORD027582,CUST00149,P006,Desk,Furniture,Pune,Online,UPI,5,11021.77,0.0,55108.85,55108.85,0,12764.02,2024,8,August,Wednesday,55108.850000000006,55108.85
2024-08-28,ORD016025,CUST00160,P007,Backpack,Accessories,Mumbai,Online,UPI,1,2241.71,0.1,2241.71,2017.54,0,458.35,2024,8,August,Wednesday,2241.71,2017.539
2024-08-28,ORD036760,CUST04737,P010,Coffee Maker,Home,Bengaluru,Online,UPI,1,5304.74,0.05,5304.74,5039.5,1,-251.98,2024,8,August,Wednesday,5304.74,5039.503
2024-08-28,ORD031782,CUST04743,P011,Mixer Grinder,Home,Jaipur,Store,Debit Card,1,4980.6,0.25,4980.6,3735.45,0,206.7,2024,8,August,Wednesday,4980.6,3735.4500000000003
2024-08-28,ORD011761,CUST04079,P016,Sofa,Furniture,Hyderabad,Online,Credit Card,3,32400.66,0.2,97201.98,77761.58,0,7700.31,2024,8,August,Wednesday,97201.98,77761.584
2024-08-28,ORD004631,CUST01153,P016,Sofa,Furniture,Jaipur,Online,Net Banking,2,38233.02,0.05,76466.04,72642.74,0,5454.16,2024,8,August,Wednesday,76466.04,72642.738
2024-08-28,ORD026686,CUST02515,P011,Mixer Grinder,Home,Pune,Online,Debit Card,2,5096.32,0.1,10192.64,9173.38,0,1482.83,2024,8,August,Wednesday,10192.64,9173.376
2024-08-28,ORD046708,CUST00361,P001,Laptop,Electronics,Mumbai,Store,UPI,1,59492.73,0.0,59492.73,59492.73,0,8519.51,2024,8,August,Wednesday,59492.73,59492.73
2024-08-28,ORD011613,CUST03223,P004,Smartwatch,Electronics,Mumbai,Online,UPI,3,7495.34,0.1,22486.02,20237.42,0,2228.33,2024,8,August,Wednesday,22486.02,20237.418
2024-08-28,ORD045550,CUST04091,P016,Sofa,Furniture,Chennai,Online,UPI,1,36947.02,0.1,36947.02,33252.32,1,-1662.62,2024,8,August,Wednesday,36947.02,33252.318
2024-08-28,ORD041903,CUST02852,P005,Office Chair,Furniture,Ahmedabad,Online,Credit Card,5,9765.22,0.1,48826.1,43943.49,1,-2197.17,2024,8,August,Wednesday,48826.1,43943.49
2024-08-28,ORD020897,CUST04838,P019,Vacuum Cleaner,Home,Mumbai,Store,UPI,1,8624.34,0.05,8624.34,8193.12,0,1252.69,2024,8,August,Wednesday,8624.34,8193.123
2024-08-28,ORD038377,CUST03567,P001,Laptop,Electronics,Kolkata,Online,UPI,1,67141.5,0.2,67141.5,53713.2,0,9484.07,2024,8,August,Wednesday,67141.5,53713.200000000004
2024-08-28,ORD031505,CUST00140,P004,Smartwatch,Electronics,Pune,Online,Net Banking,2,6308.84,0.0,12617.68,12617.68,1,-630.88,2024,8,August,Wednesday,12617.68,12617.68
2024-08-28,ORD021602,CUST04445,P016,Sofa,Furniture,Surat,Online,Credit Card,4,37239.33,0.2,148957.32,119165.86,0,26843.3,2024,8,August,Wednesday,148957.32,119165.85600000001
2024-08-28,ORD006231,CUST00484,P012,Air Fryer,Home,Bengaluru,Store,UPI,1,7685.66,0.1,7685.66,6917.09,0,752.09,2024,8,August,Wednesday,7685.66,6917.094
2024-08-28,ORD005457,CUST04812,P012,Air Fryer,Home,Ahmedabad,Store,Net Banking,1,7864.9,0.1,7864.9,7078.41,0,1815.26,2024,8,August,Wednesday,7864.9,7078.41
2024-08-28,ORD006445,CUST03768,P012,Air Fryer,Home,Delhi,Online,Net Banking,1,7597.59,0.1,7597.59,6837.83,0,1444.75,2024,8,August,Wednesday,7597.59,6837.831
2024-08-28,ORD011367,CUST04071,P020,Microwave,Home,Surat,Online,UPI,1,10641.51,0.0,10641.51,10641.51,0,1853.02,2024,8,August,Wednesday,10641.51,10641.51
2024-08-29,ORD036494,CUST03010,P011,Mixer Grinder,Home,Ahmedabad,Store,Cash,1,4917.1,0.0,4917.1,4917.1,0,1310.26,2024,8,August,Thursday,4917.1,4917.1
2024-08-29,ORD028201,CUST04023,P014,Keyboard,Electronics,Surat,Online,UPI,2,2396.57,0.0,4793.14,4793.14,0,558.01,2024,8,August,Thursday,4793.14,4793.14
2024-08-29,ORD019543,CUST02843,P016,Sofa,Furniture,Hyderabad,Online,UPI,1,31706.49,0.0,31706.49,31706.49,0,6573.07,2024,8,August,Thursday,31706.49,31706.49
2024-08-29,ORD044385,CUST04849,P013,Monitor,Electronics,Kolkata,Store,Net Banking,1,16428.19,0.25,16428.19,12321.14,0,991.29,2024,8,August,Thursday,16428.19,12321.142499999998
2024-08-29,ORD005883,CUST04391,P015,Dining Table,Furniture,Pune,Store,Credit Card,1,20664.99,0.15,20664.99,17565.24,0,3069.87,2024,8,August,Thursday,20664.99,17565.2415
2024-08-29,ORD045940,CUST04671,P003,Headphones,Electronics,Chennai,Store,UPI,2,4304.33,0.1,8608.66,7747.79,0,1601.61,2024,8,August,Thursday,8608.66,7747.794
2024-08-29,ORD031033,CUST00605,P009,T-Shirt,Fashion,Delhi,Online,UPI,4,1092.49,0.1,4369.96,3932.96,0,509.2,2024,8,August,Thursday,4369.96,3932.964
2024-08-29,ORD005116,CUST03282,P009,T-Shirt,Fashion,Chennai,Store,Credit Card,1,1222.88,0.0,1222.88,1222.88,0,243.6,2024,8,August,Thursday,1222.88,1222.88
2024-08-29,ORD002859,CUST04598,P008,Running Shoes,Fashion,Jaipur,Online,Net Banking,1,4340.45,0.15,4340.45,3689.38,0,844.47,2024,8,August,Thursday,4340.45,3689.3824999999997
2024-08-29,ORD003292,CUST00369,P016,Sofa,Furniture,Mumbai,Online,UPI,1,34308.81,0.1,34308.81,30877.93,0,8583.64,2024,8,August,Thursday,34308.81,30877.929
2024-08-29,ORD006209,CUST03748,P003,Headphones,Electronics,Surat,Online,Credit Card,3,4346.33,0.1,13038.99,11735.09,0,1721.49,2024,8,August,Thursday,13038.99,11735.091
2024-08-29,ORD027637,CUST02630,P002,Smartphone,Electronics,Pune,Online,Net Banking,3,27086.21,0.15,81258.63,69069.84,0,13433.65,2024,8,August,Thursday,81258.63,69069.8355
2024-08-29,ORD029743,CUST02699,P005,Office Chair,Furniture,Delhi,Store,Cash,1,8672.92,0.2,8672.92,6938.34,0,1767.6,2024,8,August,Thursday,8672.92,6938.336
2024-08-29,ORD038359,CUST04278,P010,Coffee Maker,Home,Mumbai,Store,Credit Card,2,5421.34,0.0,10842.68,10842.68,0,1384.79,2024,8,August,Thursday,10842.68,10842.68
2024-08-29,ORD001225,CUST04798,P020,Microwave,Home,Hyderabad,Online,UPI,1,10600.25,0.0,10600.25,10600.25,0,1723.91,2024,8,August,Thursday,10600.25,10600.25
2024-08-29,ORD000847,CUST01734,P009,T-Shirt,Fashion,Delhi,Online,UPI,4,1121.93,0.1,4487.72,4038.95,0,491.77,2024,8,August,Thursday,4487.72,4038.9480000000003
2024-08-29,ORD048321,CUST02343,P010,Coffee Maker,Home,Delhi,Store,Cash,1,5809.11,0.0,5809.11,5809.11,0,477.3,2024,8,August,Thursday,5809.11,5809.11
2024-08-29,ORD013196,CUST02356,P016,Sofa,Furniture,Bengaluru,Online,Credit Card,3,34836.58,0.15,104509.74,88833.28,0,9540.3,2024,8,August,Thursday,104509.74,88833.279
2024-08-29,ORD034857,CUST00365,P013,Monitor,Electronics,Ahmedabad,Online,Cash,1,17725.57,0.0,17725.57,17725.57,0,3347.46,2024,8,August,Thursday,17725.57,17725.57
2024-08-29,ORD008567,CUST02630,P012,Air Fryer,Home,Bengaluru,Online,Debit Card,5,6700.77,0.1,33503.85,30153.47,0,6992.98,2024,8,August,Thursday,33503.850000000006,30153.465
2024-08-29,ORD034319,CUST01944,P013,Monitor,Electronics,Pune,Store,UPI,2,18257.0,0.2,36514.0,29211.2,0,3593.66,2024,8,August,Thursday,36514.0,29211.2
2024-08-29,ORD042440,CUST02624,P001,Laptop,Electronics,Delhi,Online,Credit Card,1,63273.37,0.0,63273.37,63273.37,0,17684.88,2024,8,August,Thursday,63273.37,63273.37
2024-08-29,ORD039567,CUST04248,P011,Mixer Grinder,Home,Chennai,Online,UPI,2,4426.08,0.05,8852.16,8409.55,0,1024.58,2024,8,August,Thursday,8852.16,8409.552
2024-08-29,ORD009339,CUST00767,P004,Smartwatch,Electronics,Ahmedabad,Store,Net Banking,1,7002.0,0.05,7002.0,6651.9,0,781.74,2024,8,August,Thursday,7002.0,6651.9
2024-08-29,ORD006515,CUST02779,P009,T-Shirt,Fashion,Chennai,Online,UPI,1,1314.62,0.05,1314.62,1248.89,0,187.92,2024,8,August,Thursday,1314.62,1248.889
2024-08-29,ORD002905,CUST03320,P019,Vacuum Cleaner,Home,Bengaluru,Online,Credit Card,2,9330.52,0.05,18661.04,17727.99,0,3067.23,2024,8,August,Thursday,18661.04,17727.988
2024-08-29,ORD003395,CUST02975,P002,Smartphone,Electronics,Hyderabad,Online,Debit Card,2,28437.66,0.2,56875.32,45500.26,0,6631.64,2024,8,August,Thursday,56875.32,45500.256
2024-08-29,ORD039405,CUST01269,P017,Jeans,Fashion,Surat,Online,UPI,4,2749.06,0.1,10996.24,9896.62,0,1565.11,2024,8,August,Thursday,10996.24,9896.616
2024-08-29,ORD035559,CUST01298,P006,Desk,Furniture,Mumbai,Online,Credit Card,1,12541.21,0.05,12541.21,11914.15,0,2554.75,2024,8,August,Thursday,12541.21,11914.149499999998
2024-08-29,ORD015852,CUST02084,P006,Desk,Furniture,Bengaluru,Online,Debit Card,3,12619.83,0.05,37859.49,35966.52,0,4415.14,2024,8,August,Thursday,37859.49,35966.515499999994
2024-08-29,ORD045088,CUST02427,P018,Jacket,Fashion,Kolkata,Online,UPI,1,4829.44,0.05,4829.44,4587.97,0,1270.31,2024,8,August,Thursday,4829.44,4587.968
2024-08-29,ORD010741,CUST01746,P008,Running Shoes,Fashion,Hyderabad,Online,Credit Card,1,4512.45,0.15,4512.45,3835.58,0,721.22,2024,8,August,Thursday,4512.45,3835.5824999999995
2024-08-29,ORD046770,CUST03657,P014,Keyboard,Electronics,Surat,Online,Cash,1,2720.92,0.1,2720.92,2448.83,0,642.96,2024,8,August,Thursday,2720.92,2448.828
2024-08-29,ORD047790,CUST02579,P001,Laptop,Electronics,Pune,Store,Debit Card,2,59228.49,0.05,118456.98,112534.13,0,23267.7,2024,8,August,Thursday,118456.98,112534.131
2024-08-29,ORD018223,CUST04511,P011,Mixer Grinder,Home,Surat,Store,UPI,1,4462.14,0.2,4462.14,3569.71,0,437.1,2024,8,August,Thursday,4462.14,3569.7120000000004
2024-08-29,ORD025150,CUST00879,P007,Backpack,Accessories,Ahmedabad,Online,Debit Card,2,2350.07,0.0,4700.14,4700.14,0,1110.03,2024,8,August,Thursday,4700.14,4700.14
2024-08-29,ORD015090,CUST01433,P012,Air Fryer,Home,Hyderabad,Online,UPI,2,7223.83,0.1,14447.66,13002.89,0,3103.77,2024,8,August,Thursday,14447.66,13002.894
2024-08-29,ORD000156,CUST04677,P004,Smartwatch,Electronics,Ahmedabad,Store,Cash,1,6433.75,0.1,6433.75,5790.38,0,922.92,2024,8,August,Thursday,6433.75,5790.375
2024-08-29,ORD029151,CUST01758,P002,Smartphone,Electronics,Hyderabad,Store,UPI,1,25960.7,0.05,25960.7,24662.66,0,5794.72,2024,8,August,Thursday,25960.7,24662.665
2024-08-29,ORD024127,CUST04575,P019,Vacuum Cleaner,Home,Mumbai,Online,UPI,1,9657.95,0.05,9657.95,9175.05,0,2443.71,2024,8,August,Thursday,9657.95,9175.0525
2024-08-29,ORD014086,CUST04710,P017,Jeans,Fashion,Kolkata,Store,UPI,1,2761.68,0.0,2761.68,2761.68,0,403.51,2024,8,August,Thursday,2761.68,2761.68
2024-08-29,ORD029497,CUST04177,P005,Office Chair,Furniture,Hyderabad,Online,UPI,1,10446.0,0.2,10446.0,8356.8,0,1027.45,2024,8,August,Thursday,10446.0,8356.800000000001
2024-08-29,ORD011424,CUST02977,P009,T-Shirt,Fashion,Bengaluru,Online,Cash,1,1267.72,0.0,1267.72,1267.72,0,235.26,2024,8,August,Thursday,1267.72,1267.72
2024-08-29,ORD024311,CUST03486,P007,Backpack,Accessories,Hyderabad,Store,Debit Card,2,2075.37,0.15,4150.74,3528.13,0,395.36,2024,8,August,Thursday,4150.74,3528.129
2024-08-29,ORD004493,CUST03127,P004,Smartwatch,Electronics,Chennai,Store,UPI,2,7465.69,0.05,14931.38,14184.81,0,2971.99,2024,8,August,Thursday,14931.38,14184.810999999998
2024-08-29,ORD031114,CUST04208,P020,Microwave,Home,Chennai,Online,UPI,1,11255.65,0.0,11255.65,11255.65,0,2743.89,2024,8,August,Thursday,11255.65,11255.65
2024-08-29,ORD034982,CUST04544,P017,Jeans,Fashion,Ahmedabad,Online,Net Banking,1,2721.23,0.1,2721.23,2449.11,0,646.85,2024,8,August,Thursday,2721.23,2449.107
2024-08-29,ORD043499,CUST03748,P007,Backpack,Accessories,Bengaluru,Store,Credit Card,1,2055.49,0.1,2055.49,1849.94,0,303.57,2024,8,August,Thursday,2055.49,1849.9409999999998
2024-08-29,ORD030091,CUST04759,P012,Air Fryer,Home,Hyderabad,Store,Cash,1,6659.21,0.1,6659.21,5993.29,0,982.03,2024,8,August,Thursday,6659.21,5993.289
2024-08-29,ORD014522,CUST04331,P016,Sofa,Furniture,Delhi,Store,Credit Card,1,34373.8,0.0,34373.8,34373.8,0,6441.08,2024,8,August,Thursday,34373.8,34373.8
2024-08-29,ORD011653,CUST01009,P009,T-Shirt,Fashion,Bengaluru,Online,Net Banking,2,1228.14,0.15,2456.28,2087.84,0,458.03,2024,8,August,Thursday,2456.28,2087.838
2024-08-29,ORD047829,CUST02406,P011,Mixer Grinder,Home,Chennai,Online,Credit Card,5,5017.33,0.2,25086.65,20069.32,0,4551.8,2024,8,August,Thursday,25086.65,20069.320000000003
2024-08-29,ORD048313,CUST01586,P015,Dining Table,Furniture,Ahmedabad,Online,Debit Card,2,20629.04,0.15,41258.08,35069.37,0,6696.4,2024,8,August,Thursday,41258.08,35069.368
2024-08-29,ORD001823,CUST02984,P013,Monitor,Electronics,Bengaluru,Store,Credit Card,1,18529.08,0.1,18529.08,16676.17,0,4262.93,2024,8,August,Thursday,18529.08,16676.172000000002
2024-08-29,ORD021203,CUST02086,P005,Office Chair,Furniture,Hyderabad,Online,Debit Card,3,9492.12,0.0,28476.36,28476.36,0,3159.89,2024,8,August,Thursday,28476.36,28476.36
2024-08-29,ORD035906,CUST00896,P019,Vacuum Cleaner,Home,Jaipur,Online,Debit Card,1,9755.86,0.0,9755.86,9755.86,0,1484.16,2024,8,August,Thursday,9755.86,9755.86
2024-08-29,ORD028827,CUST02578,P014,Keyboard,Electronics,Delhi,Store,Net Banking,1,2461.17,0.15,2461.17,2091.99,0,245.47,2024,8,August,Thursday,2461.17,2091.9945
2024-08-29,ORD036726,CUST02975,P001,Laptop,Electronics,Mumbai,Online,UPI,1,68234.13,0.05,68234.13,64822.42,0,11423.76,2024,8,August,Thursday,68234.13,64822.423500000004
2024-08-29,ORD007320,CUST01454,P009,T-Shirt,Fashion,Jaipur,Online,Debit Card,1,1226.53,0.1,1226.53,1103.88,0,97.47,2024,8,August,Thursday,1226.53,1103.877
2024-08-29,ORD023446,CUST00031,P016,Sofa,Furniture,Hyderabad,Online,UPI,1,38315.9,0.1,38315.9,34484.31,0,3464.15,2024,8,August,Thursday,38315.9,34484.310000000005
2024-08-29,ORD011189,CUST01441,P018,Jacket,Fashion,Surat,Online,Net Banking,1,5196.66,0.2,5196.66,4157.33,0,1035.34,2024,8,August,Thursday,5196.66,4157.328
2024-08-29,ORD012930,CUST00198,P019,Vacuum Cleaner,Home,Ahmedabad,Store,Credit Card,4,8856.01,0.0,35424.04,35424.04,0,3603.8,2024,8,August,Thursday,35424.04,35424.04
2024-08-29,ORD032428,CUST03715,P009,T-Shirt,Fashion,Mumbai,Store,Credit Card,1,1204.32,0.05,1204.32,1144.1,0,307.0,2024,8,August,Thursday,1204.32,1144.1039999999998
2024-08-29,ORD035941,CUST02874,P018,Jacket,Fashion,Bengaluru,Online,Net Banking,3,4900.91,0.0,14702.73,14702.73,0,3498.48,2024,8,August,Thursday,14702.73,14702.73
2024-08-29,ORD007353,CUST01625,P012,Air Fryer,Home,Jaipur,Online,Credit Card,1,7756.47,0.15,7756.47,6593.0,0,664.18,2024,8,August,Thursday,7756.47,6592.9995
2024-08-29,ORD005983,CUST03699,P001,Laptop,Electronics,Kolkata,Online,Credit Card,5,66375.33,0.0,331876.65,331876.65,0,90604.26,2024,8,August,Thursday,331876.65,331876.65
2024-08-29,ORD001910,CUST02089,P003,Headphones,Electronics,Delhi,Store,UPI,2,4699.93,0.05,9399.86,8929.87,0,1675.72,2024,8,August,Thursday,9399.86,8929.867
2024-08-30,ORD015331,CUST03893,P010,Coffee Maker,Home,Surat,Online,Debit Card,5,5296.36,0.05,26481.8,25157.71,0,5549.36,2024,8,August,Friday,26481.8,25157.71
2024-08-30,ORD034038,CUST00733,P007,Backpack,Accessories,Mumbai,Online,Cash,2,2051.04,0.2,4102.08,3281.66,0,593.33,2024,8,August,Friday,4102.08,3281.664
2024-08-30,ORD036164,CUST02716,P010,Coffee Maker,Home,Chennai,Online,Cash,2,5501.5,0.1,11003.0,9902.7,0,929.54,2024,8,August,Friday,11003.0,9902.7
2024-08-30,ORD001144,CUST04694,P008,Running Shoes,Fashion,Mumbai,Online,Cash,1,4370.78,0.0,4370.78,4370.78,0,961.1,2024,8,August,Friday,4370.78,4370.78
2024-08-30,ORD012306,CUST01272,P015,Dining Table,Furniture,Bengaluru,Online,Credit Card,3,20506.25,0.1,61518.75,55366.88,0,12479.82,2024,8,August,Friday,61518.75,55366.875
2024-08-30,ORD003258,CUST04067,P014,Keyboard,Electronics,Kolkata,Online,Debit Card,2,2533.22,0.15,5066.44,4306.47,0,422.58,2024,8,August,Friday,5066.44,4306.473999999999
2024-08-30,ORD021701,CUST01562,P001,Laptop,Electronics,Kolkata,Store,Net Banking,1,66573.04,0.05,66573.04,63244.39,0,5601.49,2024,8,August,Friday,66573.04,63244.38799999999
2024-08-30,ORD007989,CUST01712,P012,Air Fryer,Home,Ahmedabad,Store,Net Banking,2,7651.06,0.05,15302.12,14537.01,0,1761.86,2024,8,August,Friday,15302.12,14537.014
2024-08-30,ORD047142,CUST01448,P006,Desk,Furniture,Surat,Online,Debit Card,4,10848.83,0.2,43395.32,34716.26,0,1609.9,2024,8,August,Friday,43395.32,34716.256
2024-08-30,ORD023802,CUST02987,P007,Backpack,Accessories,Chennai,Online,Credit Card,1,2234.38,0.2,2234.38,1787.5,0,295.43,2024,8,August,Friday,2234.38,1787.5040000000001
2024-08-30,ORD040051,CUST02401,P006,Desk,Furniture,Delhi,Store,Cash,1,11548.88,0.15,11548.88,9816.55,0,1351.38,2024,8,August,Friday,11548.88,9816.547999999999
2024-08-30,ORD049452,CUST03120,P006,Desk,Furniture,Hyderabad,Online,Credit Card,1,12033.72,0.1,12033.72,10830.35,0,1357.37,2024,8,August,Friday,12033.72,10830.348
2024-08-30,ORD040555,CUST00992,P014,Keyboard,Electronics,Ahmedabad,Online,UPI,1,2341.74,0.0,2341.74,2341.74,0,413.06,2024,8,August,Friday,2341.74,2341.74
2024-08-30,ORD015428,CUST04677,P003,Headphones,Electronics,Ahmedabad,Online,Cash,1,4521.66,0.15,4521.66,3843.41,0,663.17,2024,8,August,Friday,4521.66,3843.4109999999996
2024-08-30,ORD009565,CUST02591,P007,Backpack,Accessories,Kolkata,Store,UPI,1,2190.27,0.05,2190.27,2080.76,0,597.64,2024,8,August,Friday,2190.27,2080.7565
2024-08-30,ORD031773,CUST03822,P002,Smartphone,Electronics,Jaipur,Online,Credit Card,2,29047.94,0.1,58095.88,52286.29,0,8936.44,2024,8,August,Friday,58095.88,52286.292
2024-08-30,ORD049016,CUST00165,P002,Smartphone,Electronics,Ahmedabad,Store,UPI,3,29067.75,0.25,87203.25,65402.44,0,10438.67,2024,8,August,Friday,87203.25,65402.4375
2024-08-30,ORD030624,CUST03700,P007,Backpack,Accessories,Delhi,Online,Debit Card,1,2095.8,0.1,2095.8,1886.22,0,463.61,2024,8,August,Friday,2095.8,1886.2200000000003
2024-08-30,ORD005282,CUST04774,P009,T-Shirt,Fashion,Hyderabad,Store,Credit Card,1,1309.54,0.1,1309.54,1178.59,0,326.5,2024,8,August,Friday,1309.54,1178.586
2024-08-30,ORD005129,CUST04501,P015,Dining Table,Furniture,Hyderabad,Store,Credit Card,2,23083.59,0.1,46167.18,41550.46,0,2939.28,2024,8,August,Friday,46167.18,41550.462
2024-08-30,ORD041777,CUST01359,P014,Keyboard,Electronics,Surat,Store,UPI,5,2277.05,0.1,11385.25,10246.72,0,1875.77,2024,8,August,Friday,11385.25,10246.725
2024-08-30,ORD002674,CUST01379,P018,Jacket,Fashion,Delhi,Online,UPI,1,4704.18,0.05,4704.18,4468.97,0,337.31,2024,8,August,Friday,4704.18,4468.9710000000005
2024-08-30,ORD019521,CUST02180,P006,Desk,Furniture,Surat,Online,UPI,1,12677.38,0.15,12677.38,10775.77,0,979.06,2024,8,August,Friday,12677.38,10775.773
2024-08-30,ORD006489,CUST04869,P008,Running Shoes,Fashion,Kolkata,Online,Debit Card,2,4097.19,0.1,8194.38,7374.94,0,1186.77,2024,8,August,Friday,8194.38,7374.941999999999
2024-08-30,ORD048869,CUST01236,P015,Dining Table,Furniture,Kolkata,Store,Net Banking,1,20125.18,0.1,20125.18,18112.66,1,-905.63,2024,8,August,Friday,20125.18,18112.662
2024-08-30,ORD030076,CUST01884,P013,Monitor,Electronics,Hyderabad,Store,Debit Card,1,18667.21,0.0,18667.21,18667.21,0,3165.39,2024,8,August,Friday,18667.21,18667.21
2024-08-30,ORD004357,CUST01936,P005,Office Chair,Furniture,Bengaluru,Store,Debit Card,1,9153.49,0.05,9153.49,8695.82,0,1772.28,2024,8,August,Friday,9153.49,8695.815499999999
2024-08-30,ORD012482,CUST02352,P011,Mixer Grinder,Home,Jaipur,Online,UPI,4,4764.25,0.1,19057.0,17151.3,0,1697.84,2024,8,August,Friday,19057.0,17151.3
2024-08-30,ORD014853,CUST00951,P012,Air Fryer,Home,Chennai,Online,UPI,1,7463.37,0.15,7463.37,6343.86,0,1637.03,2024,8,August,Friday,7463.37,6343.8645
2024-08-30,ORD016837,CUST03616,P016,Sofa,Furniture,Jaipur,Online,UPI,1,36080.99,0.2,36080.99,28864.79,0,5665.28,2024,8,August,Friday,36080.99,28864.792
2024-08-30,ORD030588,CUST03749,P016,Sofa,Furniture,Ahmedabad,Online,Net Banking,1,36022.2,0.1,36022.2,32419.98,0,8660.12,2024,8,August,Friday,36022.2,32419.98
2024-08-30,ORD007816,CUST04175,P002,Smartphone,Electronics,Surat,Online,Debit Card,3,27577.69,0.2,82733.07,66186.46,0,10067.89,2024,8,August,Friday,82733.06999999999,66186.456
2024-08-30,ORD002964,CUST00070,P003,Headphones,Electronics,Chennai,Online,UPI,5,4078.79,0.1,20393.95,18354.56,0,4040.98,2024,8,August,Friday,20393.95,18354.555
2024-08-30,ORD024497,CUST01103,P001,Laptop,Electronics,Delhi,Online,UPI,3,70315.09,0.05,210945.27,200398.01,0,21446.15,2024,8,August,Friday,210945.27,200398.0065
2024-08-30,ORD002017,CUST00479,P014,Keyboard,Electronics,Jaipur,Store,UPI,3,2287.29,0.15,6861.87,5832.59,0,338.92,2024,8,August,Friday,6861.87,5832.5895
2024-08-30,ORD000610,CUST02801,P014,Keyboard,Electronics,Ahmedabad,Store,Credit Card,1,2533.26,0.05,2533.26,2406.6,0,328.69,2024,8,August,Friday,2533.26,2406.597
2024-08-30,ORD042699,CUST02448,P015,Dining Table,Furniture,Ahmedabad,Store,UPI,1,21224.98,0.05,21224.98,20163.73,0,1447.1,2024,8,August,Friday,21224.98,20163.731
2024-08-30,ORD030406,CUST03600,P007,Backpack,Accessories,Bengaluru,Online,UPI,1,2248.95,0.05,2248.95,2136.5,0,528.66,2024,8,August,Friday,2248.95,2136.5024999999996
2024-08-30,ORD044716,CUST01728,P019,Vacuum Cleaner,Home,Mumbai,Online,Credit Card,1,8991.63,0.1,8991.63,8092.47,0,1864.72,2024,8,August,Friday,8991.63,8092.467
2024-08-30,ORD025098,CUST04763,P010,Coffee Maker,Home,Chennai,Store,UPI,2,5643.04,0.0,11286.08,11286.08,0,2207.37,2024,8,August,Friday,11286.08,11286.08
2024-08-30,ORD008656,CUST03321,P016,Sofa,Furniture,Ahmedabad,Store,UPI,3,36209.04,0.25,108627.12,81470.34,0,20070.84,2024,8,August,Friday,108627.12,81470.34
2024-08-30,ORD040109,CUST04438,P001,Laptop,Electronics,Pune,Store,Debit Card,2,58531.04,0.0,117062.08,117062.08,0,17158.64,2024,8,August,Friday,117062.08,117062.08
2024-08-30,ORD016137,CUST01946,P015,Dining Table,Furniture,Hyderabad,Online,Net Banking,1,23748.78,0.15,23748.78,20186.46,0,2131.36,2024,8,August,Friday,23748.78,20186.463
2024-08-30,ORD018314,CUST03081,P014,Keyboard,Electronics,Ahmedabad,Online,Debit Card,1,2609.68,0.05,2609.68,2479.2,0,497.81,2024,8,August,Friday,2609.68,2479.196
2024-08-30,ORD007854,CUST01396,P006,Desk,Furniture,Mumbai,Online,Cash,1,12003.65,0.05,12003.65,11403.47,0,3111.41,2024,8,August,Friday,12003.65,11403.467499999999
2024-08-30,ORD001961,CUST03535,P011,Mixer Grinder,Home,Ahmedabad,Online,UPI,2,4475.08,0.0,8950.16,8950.16,0,2537.12,2024,8,August,Friday,8950.16,8950.16
2024-08-30,ORD038327,CUST00704,P017,Jeans,Fashion,Ahmedabad,Store,UPI,1,2588.36,0.05,2588.36,2458.94,0,605.95,2024,8,August,Friday,2588.36,2458.942
2024-08-30,ORD046588,CUST02527,P001,Laptop,Electronics,Jaipur,Online,Debit Card,2,64495.84,0.05,128991.68,122542.1,0,28601.15,2024,8,August,Friday,128991.68,122542.09599999999
2024-08-30,ORD001858,CUST03341,P011,Mixer Grinder,Home,Delhi,Online,UPI,4,4861.12,0.2,19444.48,15555.58,0,3598.25,2024,8,August,Friday,19444.48,15555.584
2024-08-30,ORD015160,CUST02161,P005,Office Chair,Furniture,Kolkata,Online,Debit Card,1,9085.12,0.1,9085.12,8176.61,0,738.51,2024,8,August,Friday,9085.12,8176.608000000001
2024-08-30,ORD017494,CUST00846,P009,T-Shirt,Fashion,Kolkata,Online,Debit Card,1,1084.04,0.0,1084.04,1084.04,0,200.14,2024,8,August,Friday,1084.04,1084.04
2024-08-30,ORD041410,CUST01604,P004,Smartwatch,Electronics,Surat,Store,Credit Card,2,6319.69,0.0,12639.38,12639.38,0,3216.82,2024,8,August,Friday,12639.38,12639.38
2024-08-30,ORD013718,CUST00488,P020,Microwave,Home,Bengaluru,Online,UPI,2,11600.23,0.0,23200.46,23200.46,0,5173.43,2024,8,August,Friday,23200.46,23200.46
2024-08-30,ORD044925,CUST03926,P010,Coffee Maker,Home,Hyderabad,Online,Credit Card,1,5999.86,0.0,5999.86,5999.86,0,882.94,2024,8,August,Friday,5999.86,5999.86
2024-08-30,ORD024889,CUST03166,P004,Smartwatch,Electronics,Mumbai,Online,Credit Card,1,6416.99,0.15,6416.99,5454.44,0,1319.34,2024,8,August,Friday,6416.99,5454.4415
2024-08-30,ORD024013,CUST01982,P013,Monitor,Electronics,Jaipur,Store,UPI,1,19688.38,0.1,19688.38,17719.54,0,1218.29,2024,8,August,Friday,19688.38,17719.542
2024-08-30,ORD037772,CUST04071,P017,Jeans,Fashion,Pune,Online,UPI,1,2776.41,0.05,2776.41,2637.59,0,665.3,2024,8,August,Friday,2776.41,2637.5894999999996
2024-08-30,ORD038415,CUST00495,P007,Backpack,Accessories,Mumbai,Online,Debit Card,2,2027.01,0.05,4054.02,3851.32,0,681.63,2024,8,August,Friday,4054.02,3851.319
2024-08-30,ORD024177,CUST00078,P009,T-Shirt,Fashion,Kolkata,Online,UPI,2,1241.03,0.0,2482.06,2482.06,1,-124.1,2024,8,August,Friday,2482.06,2482.06
2024-08-30,ORD022405,CUST03040,P012,Air Fryer,Home,Mumbai,Store,Credit Card,1,7274.04,0.05,7274.04,6910.34,0,1646.66,2024,8,August,Friday,7274.04,6910.338
2024-08-30,ORD026205,CUST04773,P004,Smartwatch,Electronics,Kolkata,Online,UPI,2,6320.8,0.0,12641.6,12641.6,0,3651.03,2024,8,August,Friday,12641.6,12641.6
2024-08-30,ORD028859,CUST04135,P005,Office Chair,Furniture,Ahmedabad,Online,Debit Card,1,8872.51,0.1,8872.51,7985.26,0,1472.7,2024,8,August,Friday,8872.51,7985.259
2024-08-30,ORD049256,CUST03405,P009,T-Shirt,Fashion,Delhi,Online,Net Banking,1,1278.72,0.1,1278.72,1150.85,0,140.52,2024,8,August,Friday,1278.72,1150.848
2024-08-30,ORD030819,CUST03953,P005,Office Chair,Furniture,Ahmedabad,Online,Debit Card,1,9118.89,0.05,9118.89,8662.95,0,1640.7,2024,8,August,Friday,9118.89,8662.9455
2024-08-30,ORD005337,CUST00660,P020,Microwave,Home,Delhi,Store,Credit Card,1,11941.66,0.05,11941.66,11344.58,0,2134.76,2024,8,August,Friday,11941.66,11344.577
2024-08-30,ORD010579,CUST02843,P003,Headphones,Electronics,Mumbai,Online,Debit Card,2,4846.17,0.05,9692.34,9207.72,0,2439.93,2024,8,August,Friday,9692.34,9207.723
2024-08-30,ORD048257,CUST01287,P017,Jeans,Fashion,Bengaluru,Online,UPI,1,2669.3,0.05,2669.3,2535.84,0,264.6,2024,8,August,Friday,2669.3,2535.835
2024-08-30,ORD044938,CUST01513,P004,Smartwatch,Electronics,Bengaluru,Online,UPI,1,7171.0,0.0,7171.0,7171.0,0,1611.75,2024,8,August,Friday,7171.0,7171.0
2024-08-31,ORD044339,CUST00464,P008,Running Shoes,Fashion,Surat,Online,UPI,4,4592.86,0.0,18371.44,18371.44,0,3885.01,2024,8,August,Saturday,18371.44,18371.44
2024-08-31,ORD031097,CUST00490,P011,Mixer Grinder,Home,Surat,Online,Cash,2,4555.57,0.1,9111.14,8200.03,0,972.64,2024,8,August,Saturday,9111.14,8200.026
2024-08-31,ORD008962,CUST03285,P006,Desk,Furniture,Delhi,Store,UPI,1,12756.31,0.1,12756.31,11480.68,0,2269.78,2024,8,August,Saturday,12756.31,11480.679
2024-08-31,ORD038112,CUST03009,P015,Dining Table,Furniture,Kolkata,Online,Cash,1,22206.95,0.1,22206.95,19986.26,1,-999.31,2024,8,August,Saturday,22206.95,19986.255
2024-08-31,ORD020017,CUST00622,P004,Smartwatch,Electronics,Kolkata,Online,Credit Card,2,6421.77,0.15,12843.54,10917.01,0,2017.09,2024,8,August,Saturday,12843.54,10917.009
2024-08-31,ORD042900,CUST02348,P017,Jeans,Fashion,Hyderabad,Online,Credit Card,1,2533.13,0.1,2533.13,2279.82,0,312.04,2024,8,August,Saturday,2533.13,2279.817
2024-08-31,ORD029117,CUST00138,P020,Microwave,Home,Surat,Online,Credit Card,1,11931.97,0.0,11931.97,11931.97,0,2196.06,2024,8,August,Saturday,11931.97,11931.97
2024-08-31,ORD017414,CUST03316,P007,Backpack,Accessories,Chennai,Store,Net Banking,4,2177.44,0.05,8709.76,8274.27,0,2097.97,2024,8,August,Saturday,8709.76,8274.271999999999
2024-08-31,ORD040282,CUST04674,P015,Dining Table,Furniture,Delhi,Store,Credit Card,2,19921.37,0.0,39842.74,39842.74,0,6502.69,2024,8,August,Saturday,39842.74,39842.74
2024-08-31,ORD043516,CUST02439,P020,Microwave,Home,Pune,Online,Credit Card,1,10741.13,0.1,10741.13,9667.02,0,1723.24,2024,8,August,Saturday,10741.13,9667.017
2024-08-31,ORD014829,CUST00118,P004,Smartwatch,Electronics,Bengaluru,Online,UPI,2,6644.9,0.05,13289.8,12625.31,0,3253.81,2024,8,August,Saturday,13289.8,12625.31
2024-08-31,ORD032654,CUST01575,P006,Desk,Furniture,Ahmedabad,Online,Credit Card,2,11171.19,0.05,22342.38,21225.26,0,4936.58,2024,8,August,Saturday,22342.38,21225.261
2024-08-31,ORD008130,CUST04329,P003,Headphones,Electronics,Bengaluru,Store,UPI,2,4129.74,0.05,8259.48,7846.51,0,729.07,2024,8,August,Saturday,8259.48,7846.505999999999
2024-08-31,ORD047552,CUST03961,P005,Office Chair,Furniture,Hyderabad,Online,UPI,1,10380.23,0.15,10380.23,8823.2,0,723.79,2024,8,August,Saturday,10380.23,8823.1955
2024-08-31,ORD005950,CUST02171,P012,Air Fryer,Home,Surat,Store,Net Banking,1,7184.78,0.05,7184.78,6825.54,0,1785.04,2024,8,August,Saturday,7184.78,6825.540999999999
2024-08-31,ORD041756,CUST00344,P008,Running Shoes,Fashion,Ahmedabad,Store,Cash,1,4574.45,0.0,4574.45,4574.45,0,857.1,2024,8,August,Saturday,4574.45,4574.45
2024-08-31,ORD041373,CUST01425,P003,Headphones,Electronics,Delhi,Online,Debit Card,4,4444.17,0.05,17776.68,16887.85,0,3559.58,2024,8,August,Saturday,17776.68,16887.845999999998
2024-08-31,ORD001867,CUST01986,P016,Sofa,Furniture,Mumbai,Store,UPI,2,36826.81,0.05,73653.62,69970.94,0,18815.04,2024,8,August,Saturday,73653.62,69970.939
2024-08-31,ORD045644,CUST04595,P003,Headphones,Electronics,Mumbai,Online,Net Banking,2,4839.69,0.1,9679.38,8711.44,0,1858.48,2024,8,August,Saturday,9679.38,8711.442
2024-08-31,ORD012916,CUST01155,P002,Smartphone,Electronics,Hyderabad,Online,Debit Card,5,26547.9,0.15,132739.5,112828.58,0,11386.92,2024,8,August,Saturday,132739.5,112828.575
2024-08-31,ORD038179,CUST01191,P001,Laptop,Electronics,Surat,Online,Credit Card,1,70017.21,0.1,70017.21,63015.49,0,7962.14,2024,8,August,Saturday,70017.21,63015.48900000001
2024-08-31,ORD008846,CUST01280,P018,Jacket,Fashion,Mumbai,Online,Net Banking,1,5564.97,0.15,5564.97,4730.22,0,624.15,2024,8,August,Saturday,5564.97,4730.2245
2024-08-31,ORD043480,CUST03114,P005,Office Chair,Furniture,Jaipur,Online,UPI,1,9309.29,0.15,9309.29,7912.9,0,1427.96,2024,8,August,Saturday,9309.29,7912.896500000001
2024-08-31,ORD026421,CUST04463,P003,Headphones,Electronics,Surat,Store,UPI,1,4530.26,0.15,4530.26,3850.72,0,1010.98,2024,8,August,Saturday,4530.26,3850.721
2024-08-31,ORD013757,CUST03159,P008,Running Shoes,Fashion,Hyderabad,Online,Credit Card,1,4298.16,0.2,4298.16,3438.53,0,748.81,2024,8,August,Saturday,4298.16,3438.5280000000002
2024-08-31,ORD006951,CUST00692,P003,Headphones,Electronics,Bengaluru,Online,Credit Card,2,4344.23,0.0,8688.46,8688.46,0,1990.36,2024,8,August,Saturday,8688.46,8688.46
2024-08-31,ORD002753,CUST00450,P011,Mixer Grinder,Home,Hyderabad,Store,UPI,1,4685.79,0.15,4685.79,3982.92,0,1069.59,2024,8,August,Saturday,4685.79,3982.9215
2024-08-31,ORD026543,CUST03188,P011,Mixer Grinder,Home,Surat,Store,Debit Card,2,4736.2,0.15,9472.4,8051.54,0,777.2,2024,8,August,Saturday,9472.4,8051.539999999999
2024-08-31,ORD013447,CUST01081,P006,Desk,Furniture,Hyderabad,Store,Debit Card,2,11910.33,0.05,23820.66,22629.63,0,5551.38,2024,8,August,Saturday,23820.66,22629.627
2024-08-31,ORD044472,CUST00204,P016,Sofa,Furniture,Ahmedabad,Online,Cash,1,31916.08,0.1,31916.08,28724.47,0,3288.67,2024,8,August,Saturday,31916.08,28724.472
2024-08-31,ORD036329,CUST00718,P014,Keyboard,Electronics,Bengaluru,Online,Debit Card,2,2361.29,0.25,4722.58,3541.94,0,353.08,2024,8,August,Saturday,4722.58,3541.935
2024-08-31,ORD012472,CUST03152,P006,Desk,Furniture,Surat,Online,UPI,2,10844.1,0.15,21688.2,18434.97,0,4683.1,2024,8,August,Saturday,21688.2,18434.97
2024-08-31,ORD018173,CUST00621,P012,Air Fryer,Home,Delhi,Online,Credit Card,1,7414.61,0.15,7414.61,6302.42,0,837.66,2024,8,August,Saturday,7414.61,6302.4185
2024-08-31,ORD000367,CUST03798,P017,Jeans,Fashion,Surat,Store,UPI,2,2685.57,0.0,5371.14,5371.14,0,1138.24,2024,8,August,Saturday,5371.14,5371.14
2024-08-31,ORD035179,CUST02862,P009,T-Shirt,Fashion,Kolkata,Online,Debit Card,1,1150.82,0.1,1150.82,1035.74,0,218.1,2024,8,August,Saturday,1150.82,1035.738
2024-08-31,ORD017046,CUST00843,P003,Headphones,Electronics,Ahmedabad,Online,Net Banking,1,4259.61,0.0,4259.61,4259.61,0,721.5,2024,8,August,Saturday,4259.61,4259.61
2024-08-31,ORD012283,CUST00747,P007,Backpack,Accessories,Hyderabad,Online,UPI,1,2163.43,0.1,2163.43,1947.09,0,240.45,2024,8,August,Saturday,2163.43,1947.087
2024-08-31,ORD022211,CUST02830,P002,Smartphone,Electronics,Bengaluru,Store,UPI,1,28876.51,0.05,28876.51,27432.68,0,2013.47,2024,8,August,Saturday,28876.51,27432.684499999996
2024-08-31,ORD021098,CUST01910,P012,Air Fryer,Home,Hyderabad,Store,UPI,2,6628.53,0.0,13257.06,13257.06,0,1418.61,2024,8,August,Saturday,13257.06,13257.06
2024-08-31,ORD042451,CUST00400,P009,T-Shirt,Fashion,Kolkata,Online,Debit Card,1,1205.53,0.0,1205.53,1205.53,0,121.07,2024,8,August,Saturday,1205.53,1205.53
2024-08-31,ORD040990,CUST01326,P010,Coffee Maker,Home,Delhi,Store,UPI,2,5771.72,0.25,11543.44,8657.58,0,1112.5,2024,8,August,Saturday,11543.44,8657.58
2024-08-31,ORD006482,CUST01546,P018,Jacket,Fashion,Mumbai,Store,Credit Card,2,5636.24,0.2,11272.48,9017.98,0,1241.04,2024,8,August,Saturday,11272.48,9017.984
2024-08-31,ORD022021,CUST03891,P009,T-Shirt,Fashion,Mumbai,Store,UPI,1,1132.86,0.0,1132.86,1132.86,0,143.33,2024,8,August,Saturday,1132.86,1132.86
2024-08-31,ORD020478,CUST03104,P018,Jacket,Fashion,Bengaluru,Store,Credit Card,1,5424.5,0.2,5424.5,4339.6,0,798.08,2024,8,August,Saturday,5424.5,4339.6
2024-08-31,ORD019927,CUST02114,P005,Office Chair,Furniture,Surat,Store,UPI,1,8703.1,0.15,8703.1,7397.64,0,669.56,2024,8,August,Saturday,8703.1,7397.635
2024-08-31,ORD020702,CUST04297,P001,Laptop,Electronics,Kolkata,Store,Credit Card,1,69796.1,0.15,69796.1,59326.69,0,9195.92,2024,8,August,Saturday,69796.1,59326.685000000005
2024-08-31,ORD023545,CUST01100,P008,Running Shoes,Fashion,Mumbai,Online,Cash,1,3821.9,0.1,3821.9,3439.71,0,546.41,2024,8,August,Saturday,3821.9,3439.71
2024-08-31,ORD044047,CUST01528,P015,Dining Table,Furniture,Bengaluru,Online,Credit Card,1,20254.42,0.1,20254.42,18228.98,0,4634.91,2024,8,August,Saturday,20254.42,18228.978
2024-08-31,ORD017998,CUST03957,P016,Sofa,Furniture,Bengaluru,Store,Cash,1,33735.29,0.1,33735.29,30361.76,0,2557.49,2024,8,August,Saturday,33735.29,30361.761000000002
2024-08-31,ORD017553,CUST04476,P018,Jacket,Fashion,Chennai,Store,Credit Card,1,4839.2,0.15,4839.2,4113.32,0,652.79,2024,8,August,Saturday,4839.2,4113.32
2024-08-31,ORD029071,CUST02443,P015,Dining Table,Furniture,Surat,Store,UPI,1,21630.79,0.1,21630.79,19467.71,1,-973.39,2024,8,August,Saturday,21630.79,19467.711000000003
2024-08-31,ORD031610,CUST04702,P019,Vacuum Cleaner,Home,Ahmedabad,Store,UPI,1,9740.33,0.25,9740.33,7305.25,0,1285.64,2024,8,August,Saturday,9740.33,7305.2474999999995
2024-08-31,ORD009956,CUST02414,P020,Microwave,Home,Ahmedabad,Store,Credit Card,2,10379.27,0.25,20758.54,15568.9,0,1350.39,2024,8,August,Saturday,20758.54,15568.905
2024-08-31,ORD047148,CUST03424,P011,Mixer Grinder,Home,Delhi,Store,Debit Card,1,4600.39,0.0,4600.39,4600.39,0,1185.63,2024,8,August,Saturday,4600.39,4600.39
2024-08-31,ORD038434,CUST04727,P013,Monitor,Electronics,Surat,Online,Credit Card,1,19714.71,0.05,19714.71,18728.97,0,3854.32,2024,8,August,Saturday,19714.71,18728.974499999997
2024-08-31,ORD001604,CUST00017,P005,Office Chair,Furniture,Chennai,Online,UPI,1,9916.65,0.0,9916.65,9916.65,0,2509.86,2024,8,August,Saturday,9916.65,9916.65
2024-08-31,ORD040913,CUST04501,P005,Office Chair,Furniture,Hyderabad,Online,Credit Card,2,9052.72,0.15,18105.44,15389.62,0,3222.87,2024,8,August,Saturday,18105.44,15389.623999999998
2024-08-31,ORD010256,CUST02532,P015,Dining Table,Furniture,Mumbai,Store,Cash,2,23386.62,0.0,46773.24,46773.24,0,6377.35,2024,8,August,Saturday,46773.24,46773.24
2024-08-31,ORD039505,CUST02181,P014,Keyboard,Electronics,Surat,Store,Credit Card,1,2326.12,0.25,2326.12,1744.59,0,343.49,2024,8,August,Saturday,2326.12,1744.59
2024-08-31,ORD040486,CUST02005,P011,Mixer Grinder,Home,Jaipur,Online,UPI,2,4980.67,0.2,9961.34,7969.07,0,1958.15,2024,8,August,Saturday,9961.34,7969.072
2024-08-31,ORD025638,CUST01984,P017,Jeans,Fashion,Kolkata,Online,UPI,1,2977.75,0.1,2977.75,2679.98,0,249.01,2024,8,August,Saturday,2977.75,2679.975
2024-08-31,ORD009024,CUST01233,P020,Microwave,Home,Pune,Online,UPI,1,11612.11,0.15,11612.11,9870.29,0,2070.21,2024,8,August,Saturday,11612.11,9870.2935
2024-08-31,ORD041617,CUST03314,P019,Vacuum Cleaner,Home,Surat,Online,Debit Card,1,8672.4,0.2,8672.4,6937.92,0,630.88,2024,8,August,Saturday,8672.4,6937.92
2024-08-31,ORD000815,CUST03008,P003,Headphones,Electronics,Surat,Online,UPI,4,4879.31,0.15,19517.24,16589.65,1,-829.48,2024,8,August,Saturday,19517.24,16589.654000000002
2024-08-31,ORD019920,CUST02644,P010,Coffee Maker,Home,Delhi,Store,Credit Card,1,5587.53,0.2,5587.53,4470.02,0,340.68,2024,8,August,Saturday,5587.53,4470.024
2024-08-31,ORD030272,CUST00239,P004,Smartwatch,Electronics,Kolkata,Store,Cash,1,6306.39,0.1,6306.39,5675.75,0,1324.39,2024,8,August,Saturday,6306.39,5675.751
2024-08-31,ORD046073,CUST00130,P019,Vacuum Cleaner,Home,Chennai,Online,Debit Card,1,9152.8,0.05,9152.8,8695.16,0,1641.38,2024,8,August,Saturday,9152.8,8695.159999999998
2024-08-31,ORD040317,CUST00723,P017,Jeans,Fashion,Jaipur,Online,UPI,2,2720.07,0.1,5440.14,4896.13,0,595.01,2024,8,August,Saturday,5440.14,4896.126
2024-08-31,ORD015531,CUST03416,P001,Laptop,Electronics,Mumbai,Online,Credit Card,1,60513.15,0.25,60513.15,45384.86,0,2927.2,2024,8,August,Saturday,60513.15,45384.8625
2024-08-31,ORD005137,CUST03746,P014,Keyboard,Electronics,Kolkata,Online,Credit Card,3,2346.66,0.15,7039.98,5983.98,0,1136.2,2024,8,August,Saturday,7039.98,5983.982999999999
2024-08-31,ORD045109,CUST00346,P005,Office Chair,Furniture,Delhi,Store,Credit Card,1,9440.18,0.1,9440.18,8496.16,0,678.48,2024,8,August,Saturday,9440.18,8496.162
2024-08-31,ORD008157,CUST03212,P002,Smartphone,Electronics,Pune,Online,UPI,5,29860.44,0.2,149302.2,119441.76,0,25924.08,2024,8,August,Saturday,149302.19999999998,119441.76000000001
2024-08-31,ORD044639,CUST02286,P017,Jeans,Fashion,Jaipur,Online,Credit Card,1,3018.54,0.0,3018.54,3018.54,0,659.83,2024,8,August,Saturday,3018.54,3018.54
2024-08-31,ORD004561,CUST02344,P018,Jacket,Fashion,Chennai,Online,Debit Card,3,5023.59,0.1,15070.77,13563.69,0,872.55,2024,8,August,Saturday,15070.77,13563.693000000001
2024-08-31,ORD009399,CUST02915,P009,T-Shirt,Fashion,Mumbai,Online,Credit Card,1,1308.25,0.0,1308.25,1308.25,0,168.52,2024,8,August,Saturday,1308.25,1308.25
2024-08-31,ORD021694,CUST00718,P017,Jeans,Fashion,Mumbai,Store,Credit Card,1,2954.35,0.2,2954.35,2363.48,0,372.21,2024,8,August,Saturday,2954.35,2363.48
2024-08-31,ORD010659,CUST00495,P006,Desk,Furniture,Jaipur,Online,UPI,2,11632.22,0.1,23264.44,20938.0,0,4490.02,2024,8,August,Saturday,23264.44,20937.996
2024-08-31,ORD030411,CUST01387,P012,Air Fryer,Home,Ahmedabad,Online,UPI,1,6628.53,0.05,6628.53,6297.1,0,472.04,2024,8,August,Saturday,6628.53,6297.103499999999
2024-08-31,ORD029288,CUST04765,P004,Smartwatch,Electronics,Mumbai,Online,UPI,5,6467.1,0.0,32335.5,32335.5,0,5681.01,2024,8,August,Saturday,32335.5,32335.5
2024-08-31,ORD000974,CUST02522,P014,Keyboard,Electronics,Chennai,Online,Credit Card,1,2327.25,0.05,2327.25,2210.89,0,333.02,2024,8,August,Saturday,2327.25,2210.8875
2024-09-01,ORD036461,CUST04939,P005,Office Chair,Furniture,Delhi,Online,UPI,5,9103.13,0.0,45515.65,45515.65,0,13190.06,2024,9,September,Sunday,45515.649999999994,45515.65
2024-09-01,ORD042730,CUST02136,P017,Jeans,Fashion,Hyderabad,Online,Cash,1,2988.93,0.1,2988.93,2690.04,0,641.24,2024,9,September,Sunday,2988.93,2690.037
2024-09-01,ORD026781,CUST02231,P006,Desk,Furniture,Bengaluru,Store,Credit Card,1,12347.25,0.15,12347.25,10495.16,0,2749.61,2024,9,September,Sunday,12347.25,10495.1625
2024-09-01,ORD013047,CUST00521,P009,T-Shirt,Fashion,Kolkata,Online,Cash,2,1094.88,0.25,2189.76,1642.32,0,384.25,2024,9,September,Sunday,2189.76,1642.3200000000002
2024-09-01,ORD001013,CUST01386,P020,Microwave,Home,Bengaluru,Store,UPI,2,11745.91,0.0,23491.82,23491.82,0,3545.81,2024,9,September,Sunday,23491.82,23491.82
2024-09-01,ORD024337,CUST01602,P019,Vacuum Cleaner,Home,Hyderabad,Online,Credit Card,3,9234.5,0.05,27703.5,26318.32,0,2765.61,2024,9,September,Sunday,27703.5,26318.324999999997
2024-09-01,ORD042973,CUST04181,P020,Microwave,Home,Bengaluru,Online,UPI,1,11954.88,0.05,11954.88,11357.14,0,1847.13,2024,9,September,Sunday,11954.88,11357.135999999999
2024-09-01,ORD023163,CUST04220,P006,Desk,Furniture,Bengaluru,Online,Credit Card,2,11274.12,0.1,22548.24,20293.42,0,1914.57,2024,9,September,Sunday,22548.24,20293.416
2024-09-01,ORD014337,CUST00327,P013,Monitor,Electronics,Chennai,Store,Credit Card,5,18199.59,0.0,90997.95,90997.95,0,13307.36,2024,9,September,Sunday,90997.95,90997.95
2024-09-01,ORD006831,CUST02477,P019,Vacuum Cleaner,Home,Kolkata,Online,Credit Card,1,9627.21,0.25,9627.21,7220.41,0,974.97,2024,9,September,Sunday,9627.21,7220.407499999999
2024-09-01,ORD010405,CUST00074,P009,T-Shirt,Fashion,Hyderabad,Online,UPI,1,1144.88,0.25,1144.88,858.66,0,189.03,2024,9,September,Sunday,1144.88,858.6600000000001
2024-09-01,ORD035932,CUST01613,P009,T-Shirt,Fashion,Bengaluru,Store,Credit Card,1,1237.15,0.15,1237.15,1051.58,0,280.39,2024,9,September,Sunday,1237.15,1051.5775
2024-09-01,ORD029424,CUST01201,P020,Microwave,Home,Ahmedabad,Store,Credit Card,2,11024.29,0.2,22048.58,17638.86,0,2267.28,2024,9,September,Sunday,22048.58,17638.864
2024-09-01,ORD046213,CUST04845,P003,Headphones,Electronics,Jaipur,Store,Debit Card,2,4396.76,0.15,8793.52,7474.49,0,1616.57,2024,9,September,Sunday,8793.52,7474.492
2024-09-01,ORD006548,CUST03100,P012,Air Fryer,Home,Bengaluru,Online,UPI,1,7446.87,0.0,7446.87,7446.87,0,1689.13,2024,9,September,Sunday,7446.87,7446.87
2024-09-01,ORD030602,CUST01345,P009,T-Shirt,Fashion,Ahmedabad,Store,Net Banking,1,1197.1,0.15,1197.1,1017.53,0,210.86,2024,9,September,Sunday,1197.1,1017.5349999999999
2024-09-01,ORD045557,CUST03335,P013,Monitor,Electronics,Jaipur,Store,Credit Card,1,17340.54,0.1,17340.54,15606.49,0,1078.17,2024,9,September,Sunday,17340.54,15606.486
2024-09-01,ORD035006,CUST01446,P019,Vacuum Cleaner,Home,Chennai,Store,Debit Card,1,8921.74,0.15,8921.74,7583.48,0,1551.32,2024,9,September,Sunday,8921.74,7583.478999999999
2024-09-01,ORD034700,CUST02817,P003,Headphones,Electronics,Chennai,Store,UPI,3,4309.22,0.1,12927.66,11634.89,0,2895.23,2024,9,September,Sunday,12927.66,11634.894
2024-09-01,ORD022496,CUST00836,P003,Headphones,Electronics,Ahmedabad,Store,Cash,2,4299.11,0.15,8598.22,7308.49,0,857.69,2024,9,September,Sunday,8598.22,7308.486999999999
2024-09-01,ORD038046,CUST03587,P006,Desk,Furniture,Ahmedabad,Online,Credit Card,1,12947.4,0.0,12947.4,12947.4,0,3488.83,2024,9,September,Sunday,12947.4,12947.4
2024-09-01,ORD048290,CUST00914,P020,Microwave,Home,Hyderabad,Online,Credit Card,2,10164.05,0.1,20328.1,18295.29,0,1396.0,2024,9,September,Sunday,20328.1,18295.29
2024-09-01,ORD017335,CUST01509,P001,Laptop,Electronics,Surat,Store,UPI,1,71137.57,0.15,71137.57,60466.93,0,8089.81,2024,9,September,Sunday,71137.57,60466.9345
2024-09-01,ORD020379,CUST03167,P005,Office Chair,Furniture,Chennai,Online,UPI,4,8949.69,0.0,35798.76,35798.76,0,8570.44,2024,9,September,Sunday,35798.76,35798.76
2024-09-01,ORD004287,CUST04017,P018,Jacket,Fashion,Ahmedabad,Store,UPI,1,4750.33,0.05,4750.33,4512.81,0,908.36,2024,9,September,Sunday,4750.33,4512.813499999999
2024-09-01,ORD024188,CUST02549,P002,Smartphone,Electronics,Pune,Online,UPI,1,30691.39,0.1,30691.39,27622.25,0,5687.84,2024,9,September,Sunday,30691.39,27622.251
2024-09-01,ORD008471,CUST02029,P008,Running Shoes,Fashion,Pune,Store,Debit Card,1,4056.6,0.05,4056.6,3853.77,0,332.45,2024,9,September,Sunday,4056.6,3853.7699999999995
2024-09-01,ORD028603,CUST04904,P012,Air Fryer,Home,Chennai,Store,UPI,2,7674.66,0.1,15349.32,13814.39,0,2967.25,2024,9,September,Sunday,15349.32,13814.388
2024-09-01,ORD032871,CUST02764,P018,Jacket,Fashion,Hyderabad,Online,Credit Card,1,5127.26,0.15,5127.26,4358.17,0,736.05,2024,9,September,Sunday,5127.26,4358.171
2024-09-01,ORD043891,CUST03355,P006,Desk,Furniture,Surat,Store,Credit Card,3,12096.17,0.1,36288.51,32659.66,0,3807.72,2024,9,September,Sunday,36288.51,32659.659000000003
2024-09-01,ORD018251,CUST04877,P015,Dining Table,Furniture,Pune,Online,UPI,3,20748.51,0.2,62245.53,49796.42,0,2517.43,2024,9,September,Sunday,62245.53,49796.424
2024-09-01,ORD042950,CUST00811,P018,Jacket,Fashion,Jaipur,Online,UPI,1,5465.41,0.0,5465.41,5465.41,0,1036.41,2024,9,September,Sunday,5465.41,5465.41
2024-09-01,ORD030046,CUST02353,P017,Jeans,Fashion,Mumbai,Online,Debit Card,2,3026.66,0.15,6053.32,5145.32,0,868.62,2024,9,September,Sunday,6053.32,5145.321999999999
2024-09-01,ORD033048,CUST04131,P002,Smartphone,Electronics,Jaipur,Store,UPI,2,28182.0,0.1,56364.0,50727.6,0,7976.38,2024,9,September,Sunday,56364.0,50727.6
2024-09-01,ORD026156,CUST04322,P013,Monitor,Electronics,Bengaluru,Store,Credit Card,1,18153.58,0.1,18153.58,16338.22,0,1109.19,2024,9,September,Sunday,18153.58,16338.222000000002
2024-09-01,ORD045737,CUST01828,P018,Jacket,Fashion,Ahmedabad,Online,Credit Card,5,4728.17,0.1,23640.85,21276.76,0,2180.11,2024,9,September,Sunday,23640.85,21276.765
2024-09-01,ORD005369,CUST00488,P011,Mixer Grinder,Home,Chennai,Online,Credit Card,1,5098.13,0.05,5098.13,4843.22,0,1326.47,2024,9,September,Sunday,5098.13,4843.2235
2024-09-01,ORD036092,CUST03516,P014,Keyboard,Electronics,Kolkata,Store,UPI,1,2323.77,0.1,2323.77,2091.39,0,465.05,2024,9,September,Sunday,2323.77,2091.393
2024-09-01,ORD002001,CUST04756,P001,Laptop,Electronics,Delhi,Store,Credit Card,1,70118.85,0.2,70118.85,56095.08,0,7433.29,2024,9,September,Sunday,70118.85,56095.08000000001
2024-09-01,ORD019123,CUST02041,P013,Monitor,Electronics,Delhi,Online,UPI,2,16733.19,0.15,33466.38,28446.42,0,6447.17,2024,9,September,Sunday,33466.38,28446.422999999995
2024-09-01,ORD040577,CUST03309,P013,Monitor,Electronics,Hyderabad,Store,UPI,1,16386.64,0.0,16386.64,16386.64,0,4000.48,2024,9,September,Sunday,16386.64,16386.64
2024-09-01,ORD015762,CUST04949,P009,T-Shirt,Fashion,Pune,Store,Debit Card,1,1158.58,0.2,1158.58,926.86,0,172.61,2024,9,September,Sunday,1158.58,926.864
2024-09-01,ORD026952,CUST04604,P011,Mixer Grinder,Home,Delhi,Store,Debit Card,5,4476.22,0.15,22381.1,19023.94,0,4132.02,2024,9,September,Sunday,22381.100000000002,19023.934999999998
2024-09-01,ORD039749,CUST02584,P009,T-Shirt,Fashion,Surat,Store,UPI,3,1213.88,0.15,3641.64,3095.39,0,248.31,2024,9,September,Sunday,3641.6400000000003,3095.394
2024-09-01,ORD010795,CUST03964,P005,Office Chair,Furniture,Kolkata,Online,UPI,1,10339.08,0.05,10339.08,9822.13,0,1853.98,2024,9,September,Sunday,10339.08,9822.126
2024-09-01,ORD003810,CUST03903,P009,T-Shirt,Fashion,Hyderabad,Online,UPI,1,1087.28,0.05,1087.28,1032.92,0,188.86,2024,9,September,Sunday,1087.28,1032.916
2024-09-01,ORD001296,CUST03437,P015,Dining Table,Furniture,Surat,Store,UPI,1,22409.67,0.1,22409.67,20168.7,0,1649.65,2024,9,September,Sunday,22409.67,20168.702999999998
2024-09-01,ORD006120,CUST01298,P019,Vacuum Cleaner,Home,Surat,Store,UPI,1,9568.13,0.1,9568.13,8611.32,0,2334.83,2024,9,September,Sunday,9568.13,8611.317
2024-09-01,ORD009198,CUST00531,P011,Mixer Grinder,Home,Chennai,Online,Net Banking,1,4663.92,0.0,4663.92,4663.92,0,941.45,2024,9,September,Sunday,4663.92,4663.92
2024-09-01,ORD044527,CUST02063,P020,Microwave,Home,Ahmedabad,Store,Debit Card,1,11512.16,0.15,11512.16,9785.34,0,551.49,2024,9,September,Sunday,11512.16,9785.336
2024-09-01,ORD027518,CUST02530,P012,Air Fryer,Home,Pune,Online,Cash,1,7590.69,0.0,7590.69,7590.69,0,767.31,2024,9,September,Sunday,7590.69,7590.69
2024-09-01,ORD028674,CUST02640,P018,Jacket,Fashion,Pune,Store,UPI,1,5154.71,0.0,5154.71,5154.71,0,1100.91,2024,9,September,Sunday,5154.71,5154.71
2024-09-01,ORD041111,CUST01649,P011,Mixer Grinder,Home,Delhi,Online,UPI,2,5057.46,0.15,10114.92,8597.68,0,456.8,2024,9,September,Sunday,10114.92,8597.682
2024-09-01,ORD006031,CUST01949,P008,Running Shoes,Fashion,Hyderabad,Store,UPI,1,3816.61,0.2,3816.61,3053.29,0,425.36,2024,9,September,Sunday,3816.61,3053.2880000000005
2024-09-01,ORD002215,CUST04142,P017,Jeans,Fashion,Surat,Store,Credit Card,3,2708.9,0.15,8126.7,6907.7,1,-345.38,2024,9,September,Sunday,8126.700000000001,6907.695
2024-09-01,ORD014738,CUST01607,P003,Headphones,Electronics,Delhi,Online,Credit Card,3,4411.3,0.0,13233.9,13233.9,0,3281.79,2024,9,September,Sunday,13233.900000000001,13233.9
2024-09-01,ORD027383,CUST00624,P009,T-Shirt,Fashion,Pune,Store,Credit Card,2,1225.01,0.2,2450.02,1960.02,0,468.66,2024,9,September,Sunday,2450.02,1960.016
2024-09-01,ORD013477,CUST00159,P018,Jacket,Fashion,Ahmedabad,Online,UPI,1,5576.86,0.15,5576.86,4740.33,0,929.22,2024,9,September,Sunday,5576.86,4740.330999999999
2024-09-01,ORD048326,CUST04084,P001,Laptop,Electronics,Surat,Store,Credit Card,2,60704.99,0.15,121409.98,103198.48,0,27846.62,2024,9,September,Sunday,121409.98,103198.483
2024-09-01,ORD022185,CUST04216,P013,Monitor,Electronics,Bengaluru,Store,UPI,1,18360.58,0.15,18360.58,15606.49,0,1452.73,2024,9,September,Sunday,18360.58,15606.493
2024-09-01,ORD024627,CUST01866,P009,T-Shirt,Fashion,Surat,Online,Credit Card,4,1274.39,0.0,5097.56,5097.56,0,759.07,2024,9,September,Sunday,5097.56,5097.56
2024-09-01,ORD033113,CUST03714,P006,Desk,Furniture,Ahmedabad,Online,Debit Card,2,13030.31,0.2,26060.62,20848.5,0,2477.47,2024,9,September,Sunday,26060.62,20848.496
2024-09-01,ORD048314,CUST00080,P015,Dining Table,Furniture,Kolkata,Store,Credit Card,1,23450.94,0.25,23450.94,17588.2,0,2354.74,2024,9,September,Sunday,23450.94,17588.204999999998
2024-09-01,ORD028690,CUST02635,P002,Smartphone,Electronics,Hyderabad,Online,Credit Card,1,29390.49,0.0,29390.49,29390.49,0,7203.58,2024,9,September,Sunday,29390.49,29390.49
2024-09-01,ORD009047,CUST03372,P016,Sofa,Furniture,Jaipur,Online,UPI,2,37643.67,0.15,75287.34,63994.24,0,14866.39,2024,9,September,Sunday,75287.34,63994.238999999994
2024-09-01,ORD012882,CUST00898,P015,Dining Table,Furniture,Hyderabad,Store,Credit Card,1,24019.57,0.05,24019.57,22818.59,0,5072.35,2024,9,September,Sunday,24019.57,22818.5915
2024-09-01,ORD020964,CUST04686,P010,Coffee Maker,Home,Ahmedabad,Store,Credit Card,1,5577.17,0.1,5577.17,5019.45,0,1102.13,2024,9,September,Sunday,5577.17,5019.453
2024-09-01,ORD049423,CUST00654,P007,Backpack,Accessories,Ahmedabad,Online,UPI,4,2054.25,0.0,8217.0,8217.0,0,1430.85,2024,9,September,Sunday,8217.0,8217.0
2024-09-01,ORD017653,CUST04208,P006,Desk,Furniture,Delhi,Store,Debit Card,1,12388.55,0.15,12388.55,10530.27,0,2806.75,2024,9,September,Sunday,12388.55,10530.2675
2024-09-01,ORD026910,CUST00784,P006,Desk,Furniture,Pune,Online,Net Banking,1,12603.42,0.2,12603.42,10082.74,0,1325.37,2024,9,September,Sunday,12603.42,10082.736
2024-09-02,ORD033142,CUST03721,P015,Dining Table,Furniture,Pune,Online,UPI,1,21669.7,0.05,21669.7,20586.22,0,3766.82,2024,9,September,Monday,21669.7,20586.215
2024-09-02,ORD012493,CUST03330,P008,Running Shoes,Fashion,Delhi,Online,UPI,2,3838.82,0.1,7677.64,6909.88,1,-345.49,2024,9,September,Monday,7677.64,6909.876
2024-09-02,ORD007573,CUST02142,P013,Monitor,Electronics,Bengaluru,Online,UPI,1,19736.66,0.05,19736.66,18749.83,0,3981.59,2024,9,September,Monday,19736.66,18749.826999999997
2024-09-02,ORD007002,CUST03571,P015,Dining Table,Furniture,Mumbai,Store,Debit Card,1,21599.22,0.15,21599.22,18359.34,0,3957.11,2024,9,September,Monday,21599.22,18359.337
2024-09-02,ORD033249,CUST03172,P010,Coffee Maker,Home,Kolkata,Store,UPI,4,5994.82,0.25,23979.28,17984.46,0,4123.16,2024,9,September,Monday,23979.28,17984.46
2024-09-02,ORD034112,CUST03575,P016,Sofa,Furniture,Hyderabad,Online,Credit Card,1,34657.06,0.0,34657.06,34657.06,1,-1732.85,2024,9,September,Monday,34657.06,34657.06
2024-09-02,ORD043436,CUST04371,P012,Air Fryer,Home,Bengaluru,Online,UPI,1,7191.02,0.05,7191.02,6831.47,0,634.43,2024,9,September,Monday,7191.02,6831.469
2024-09-02,ORD036562,CUST02105,P010,Coffee Maker,Home,Ahmedabad,Store,UPI,2,6017.84,0.2,12035.68,9628.54,0,2375.14,2024,9,September,Monday,12035.68,9628.544
2024-09-02,ORD017904,CUST02085,P007,Backpack,Accessories,Mumbai,Online,UPI,1,2418.38,0.1,2418.38,2176.54,0,143.83,2024,9,September,Monday,2418.38,2176.5420000000004
2024-09-02,ORD014181,CUST00384,P001,Laptop,Electronics,Delhi,Online,Credit Card,5,64975.09,0.05,324875.45,308631.68,0,36560.95,2024,9,September,Monday,324875.44999999995,308631.6775
2024-09-02,ORD038459,CUST03672,P008,Running Shoes,Fashion,Hyderabad,Store,Credit Card,3,3899.73,0.05,11699.19,11114.23,0,1196.72,2024,9,September,Monday,11699.19,11114.2305
2024-09-02,ORD017814,CUST01084,P016,Sofa,Furniture,Ahmedabad,Store,Debit Card,1,37694.51,0.2,37694.51,30155.61,0,1216.05,2024,9,September,Monday,37694.51,30155.608000000004
2024-09-02,ORD016250,CUST00074,P012,Air Fryer,Home,Delhi,Online,UPI,1,6744.92,0.25,6744.92,5058.69,0,376.49,2024,9,September,Monday,6744.92,5058.6900000000005
2024-09-02,ORD000027,CUST02807,P002,Smartphone,Electronics,Surat,Store,Cash,1,27006.28,0.05,27006.28,25655.97,0,2567.05,2024,9,September,Monday,27006.28,25655.965999999997
2024-09-02,ORD009779,CUST00266,P010,Coffee Maker,Home,Kolkata,Online,Debit Card,1,5116.59,0.0,5116.59,5116.59,0,939.93,2024,9,September,Monday,5116.59,5116.59
2024-09-02,ORD014404,CUST02877,P005,Office Chair,Furniture,Delhi,Online,UPI,4,10007.1,0.1,40028.4,36025.56,0,3755.82,2024,9,September,Monday,40028.4,36025.560000000005
2024-09-02,ORD001651,CUST02551,P015,Dining Table,Furniture,Jaipur,Online,Cash,2,24178.21,0.1,48356.42,43520.78,0,3501.47,2024,9,September,Monday,48356.42,43520.778
2024-09-02,ORD018907,CUST00616,P014,Keyboard,Electronics,Ahmedabad,Store,Credit Card,1,2371.54,0.05,2371.54,2252.96,1,-112.65,2024,9,September,Monday,2371.54,2252.9629999999997
2024-09-02,ORD035423,CUST03689,P010,Coffee Maker,Home,Ahmedabad,Online,Debit Card,1,5999.79,0.2,5999.79,4799.83,0,1198.43,2024,9,September,Monday,5999.79,4799.832
2024-09-02,ORD017770,CUST02943,P005,Office Chair,Furniture,Mumbai,Online,Credit Card,2,9710.3,0.1,19420.6,17478.54,0,1144.72,2024,9,September,Monday,19420.6,17478.54
2024-09-02,ORD009733,CUST03611,P009,T-Shirt,Fashion,Jaipur,Online,Credit Card,3,1153.88,0.15,3461.64,2942.39,0,611.38,2024,9,September,Monday,3461.6400000000003,2942.394
2024-09-02,ORD011689,CUST00872,P019,Vacuum Cleaner,Home,Bengaluru,Store,Credit Card,2,9382.02,0.0,18764.04,18764.04,0,5537.91,2024,9,September,Monday,18764.04,18764.04
2024-09-02,ORD003964,CUST03040,P012,Air Fryer,Home,Delhi,Online,Net Banking,1,6842.13,0.1,6842.13,6157.92,0,781.1,2024,9,September,Monday,6842.13,6157.917
2024-09-02,ORD022507,CUST00856,P010,Coffee Maker,Home,Hyderabad,Store,UPI,1,5267.06,0.25,5267.06,3950.3,0,530.65,2024,9,September,Monday,5267.06,3950.295
2024-09-02,ORD039803,CUST02300,P011,Mixer Grinder,Home,Pune,Online,UPI,1,4331.85,0.05,4331.85,4115.26,0,882.29,2024,9,September,Monday,4331.85,4115.2575
2024-09-02,ORD042058,CUST04884,P003,Headphones,Electronics,Pune,Online,Cash,1,4189.92,0.1,4189.92,3770.93,0,417.3,2024,9,September,Monday,4189.92,3770.9280000000003
2024-09-02,ORD035832,CUST04253,P013,Monitor,Electronics,Chennai,Online,Credit Card,2,17013.0,0.2,34026.0,27220.8,0,2623.64,2024,9,September,Monday,34026.0,27220.800000000003
2024-09-02,ORD013413,CUST04315,P013,Monitor,Electronics,Ahmedabad,Online,Credit Card,1,16831.87,0.15,16831.87,14307.09,0,2639.35,2024,9,September,Monday,16831.87,14307.089499999998
2024-09-02,ORD027830,CUST00156,P013,Monitor,Electronics,Pune,Online,Credit Card,1,17619.15,0.2,17619.15,14095.32,0,1309.98,2024,9,September,Monday,17619.15,14095.320000000002
2024-09-02,ORD044188,CUST03140,P020,Microwave,Home,Jaipur,Online,UPI,1,11174.58,0.1,11174.58,10057.12,0,1488.2,2024,9,September,Monday,11174.58,10057.122
2024-09-02,ORD020744,CUST04204,P010,Coffee Maker,Home,Hyderabad,Online,Net Banking,1,5225.06,0.05,5225.06,4963.81,0,560.95,2024,9,September,Monday,5225.06,4963.807
2024-09-02,ORD041199,CUST00913,P009,T-Shirt,Fashion,Surat,Store,Debit Card,1,1157.33,0.05,1157.33,1099.46,0,258.72,2024,9,September,Monday,1157.33,1099.4634999999998
2024-09-02,ORD019916,CUST01388,P016,Sofa,Furniture,Pune,Online,Cash,1,31792.85,0.0,31792.85,31792.85,0,3810.39,2024,9,September,Monday,31792.85,31792.85
2024-09-02,ORD001279,CUST02046,P020,Microwave,Home,Mumbai,Store,Net Banking,3,10583.47,0.0,31750.41,31750.41,0,6334.41,2024,9,September,Monday,31750.409999999996,31750.41
2024-09-02,ORD003532,CUST03840,P020,Microwave,Home,Surat,Store,Credit Card,1,10788.32,0.25,10788.32,8091.24,0,1388.5,2024,9,September,Monday,10788.32,8091.24
2024-09-02,ORD048270,CUST00801,P011,Mixer Grinder,Home,Chennai,Online,UPI,1,4877.71,0.15,4877.71,4146.05,0,1077.61,2024,9,September,Monday,4877.71,4146.0535
2024-09-02,ORD032333,CUST03546,P011,Mixer Grinder,Home,Surat,Store,UPI,1,4451.56,0.1,4451.56,4006.4,0,672.99,2024,9,September,Monday,4451.56,4006.4040000000005
2024-09-02,ORD011298,CUST04751,P006,Desk,Furniture,Mumbai,Store,UPI,2,11869.55,0.2,23739.1,18991.28,0,927.54,2024,9,September,Monday,23739.1,18991.28
2024-09-02,ORD034296,CUST04116,P006,Desk,Furniture,Bengaluru,Online,UPI,4,12844.77,0.05,51379.08,48810.13,0,11545.2,2024,9,September,Monday,51379.08,48810.126
2024-09-02,ORD007853,CUST00409,P009,T-Shirt,Fashion,Kolkata,Online,UPI,2,1318.38,0.1,2636.76,2373.08,0,283.52,2024,9,September,Monday,2636.76,2373.0840000000003
2024-09-02,ORD014318,CUST03861,P019,Vacuum Cleaner,Home,Chennai,Online,Credit Card,1,9758.67,0.15,9758.67,8294.87,0,2025.08,2024,9,September,Monday,9758.67,8294.8695
2024-09-02,ORD048956,CUST03236,P018,Jacket,Fashion,Surat,Online,UPI,2,4728.7,0.05,9457.4,8984.53,0,1744.07,2024,9,September,Monday,9457.4,8984.529999999999
2024-09-02,ORD014880,CUST00579,P012,Air Fryer,Home,Surat,Online,UPI,2,7680.85,0.1,15361.7,13825.53,0,2160.56,2024,9,September,Monday,15361.7,13825.53
2024-09-02,ORD006394,CUST02164,P002,Smartphone,Electronics,Delhi,Online,Credit Card,1,28511.35,0.1,28511.35,25660.22,0,5299.74,2024,9,September,Monday,28511.35,25660.215
2024-09-02,ORD022573,CUST03076,P009,T-Shirt,Fashion,Jaipur,Online,UPI,2,1156.77,0.05,2313.54,2197.86,0,624.08,2024,9,September,Monday,2313.54,2197.863
2024-09-02,ORD048354,CUST03252,P005,Office Chair,Furniture,Bengaluru,Online,Debit Card,4,8962.55,0.1,35850.2,32265.18,0,5448.75,2024,9,September,Monday,35850.2,32265.179999999997
2024-09-02,ORD010175,CUST01188,P014,Keyboard,Electronics,Kolkata,Online,UPI,5,2293.11,0.1,11465.55,10319.0,0,2464.5,2024,9,September,Monday,11465.550000000001,10318.994999999999
2024-09-02,ORD016677,CUST04807,P013,Monitor,Electronics,Chennai,Online,Credit Card,1,17927.07,0.0,17927.07,17927.07,0,3276.46,2024,9,September,Monday,17927.07,17927.07
2024-09-02,ORD035887,CUST02505,P019,Vacuum Cleaner,Home,Kolkata,Online,UPI,2,9800.47,0.1,19600.94,17640.85,0,2388.94,2024,9,September,Monday,19600.94,17640.845999999998
2024-09-02,ORD034941,CUST00963,P020,Microwave,Home,Jaipur,Online,Debit Card,1,10109.42,0.1,10109.42,9098.48,0,1578.77,2024,9,September,Monday,10109.42,9098.478000000001
2024-09-02,ORD035674,CUST04175,P004,Smartwatch,Electronics,Kolkata,Online,Credit Card,1,7134.42,0.1,7134.42,6420.98,0,458.61,2024,9,September,Monday,7134.42,6420.978
2024-09-02,ORD044375,CUST02859,P009,T-Shirt,Fashion,Mumbai,Store,Credit Card,1,1144.22,0.1,1144.22,1029.8,0,260.08,2024,9,September,Monday,1144.22,1029.798
2024-09-02,ORD029595,CUST01005,P008,Running Shoes,Fashion,Jaipur,Online,Debit Card,1,4539.8,0.25,4539.8,3404.85,0,831.47,2024,9,September,Monday,4539.8,3404.8500000000004
2024-09-02,ORD007809,CUST00744,P019,Vacuum Cleaner,Home,Jaipur,Online,UPI,3,9133.05,0.1,27399.15,24659.23,0,6567.93,2024,9,September,Monday,27399.149999999998,24659.235
2024-09-02,ORD045433,CUST01811,P007,Backpack,Accessories,Chennai,Store,Credit Card,1,2001.02,0.15,2001.02,1700.87,0,161.39,2024,9,September,Monday,2001.02,1700.867
2024-09-02,ORD030081,CUST02255,P013,Monitor,Electronics,Mumbai,Store,Cash,1,18825.78,0.15,18825.78,16001.91,0,3364.58,2024,9,September,Monday,18825.78,16001.912999999999
2024-09-02,ORD032409,CUST01226,P013,Monitor,Electronics,Jaipur,Store,UPI,1,18529.45,0.1,18529.45,16676.5,0,3167.44,2024,9,September,Monday,18529.45,16676.505
2024-09-02,ORD014479,CUST03574,P001,Laptop,Electronics,Delhi,Store,UPI,5,60825.87,0.0,304129.35,304129.35,0,48827.46,2024,9,September,Monday,304129.35000000003,304129.35
2024-09-02,ORD038361,CUST01714,P004,Smartwatch,Electronics,Surat,Store,Credit Card,1,6768.65,0.0,6768.65,6768.65,0,1430.82,2024,9,September,Monday,6768.65,6768.65
2024-09-02,ORD032678,CUST03737,P003,Headphones,Electronics,Ahmedabad,Online,Cash,4,4196.76,0.25,16787.04,12590.28,0,503.61,2024,9,September,Monday,16787.04,12590.28
2024-09-02,ORD014986,CUST00833,P009,T-Shirt,Fashion,Pune,Online,Debit Card,2,1183.35,0.1,2366.7,2130.03,0,338.56,2024,9,September,Monday,2366.7,2130.0299999999997
2024-09-02,ORD043662,CUST00877,P001,Laptop,Electronics,Mumbai,Online,UPI,2,65093.33,0.05,130186.66,123677.33,0,9154.45,2024,9,September,Monday,130186.66,123677.327
2024-09-02,ORD027482,CUST04310,P015,Dining Table,Furniture,Surat,Online,UPI,1,23020.2,0.25,23020.2,17265.15,1,-863.26,2024,9,September,Monday,23020.2,17265.15
2024-09-02,ORD019678,CUST02405,P002,Smartphone,Electronics,Jaipur,Online,UPI,1,28478.59,0.05,28478.59,27054.66,0,4665.19,2024,9,September,Monday,28478.59,27054.660499999998
2024-09-02,ORD015559,CUST03590,P015,Dining Table,Furniture,Delhi,Store,Debit Card,2,20342.23,0.05,40684.46,38650.24,1,-1932.51,2024,9,September,Monday,40684.46,38650.237
2024-09-02,ORD049262,CUST04721,P015,Dining Table,Furniture,Ahmedabad,Store,Credit Card,1,22423.47,0.0,22423.47,22423.47,0,2963.75,2024,9,September,Monday,22423.47,22423.47
2024-09-02,ORD003615,CUST01489,P013,Monitor,Electronics,Surat,Online,Cash,5,16322.55,0.15,81612.75,69370.84,0,4005.68,2024,9,September,Monday,81612.75,69370.8375
2024-09-02,ORD044106,CUST02862,P014,Keyboard,Electronics,Surat,Store,Debit Card,3,2602.06,0.15,7806.18,6635.25,0,1229.73,2024,9,September,Monday,7806.18,6635.253
2024-09-02,ORD037269,CUST02968,P003,Headphones,Electronics,Mumbai,Online,Cash,1,4162.88,0.1,4162.88,3746.59,0,592.89,2024,9,September,Monday,4162.88,3746.592
2024-09-02,ORD046660,CUST04218,P014,Keyboard,Electronics,Delhi,Store,Credit Card,3,2404.17,0.15,7212.51,6130.63,0,1647.96,2024,9,September,Monday,7212.51,6130.6335
2024-09-02,ORD032599,CUST04054,P011,Mixer Grinder,Home,Jaipur,Online,Credit Card,1,5038.24,0.05,5038.24,4786.33,1,-239.32,2024,9,September,Monday,5038.24,4786.3279999999995
2024-09-02,ORD004375,CUST01278,P017,Jeans,Fashion,Hyderabad,Online,UPI,2,2838.39,0.2,5676.78,4541.42,0,992.55,2024,9,September,Monday,5676.78,4541.424
2024-09-02,ORD031885,CUST01343,P010,Coffee Maker,Home,Bengaluru,Online,UPI,1,5129.28,0.1,5129.28,4616.35,0,619.54,2024,9,September,Monday,5129.28,4616.352
2024-09-02,ORD017023,CUST00744,P007,Backpack,Accessories,Ahmedabad,Online,UPI,1,2315.86,0.0,2315.86,2315.86,0,533.6,2024,9,September,Monday,2315.86,2315.86
2024-09-02,ORD004704,CUST01264,P005,Office Chair,Furniture,Ahmedabad,Online,Cash,1,8811.77,0.05,8811.77,8371.18,0,1535.64,2024,9,September,Monday,8811.77,8371.1815
2024-09-02,ORD004424,CUST00743,P019,Vacuum Cleaner,Home,Bengaluru,Online,UPI,1,8554.86,0.1,8554.86,7699.37,0,617.79,2024,9,September,Monday,8554.86,7699.374000000001
2024-09-02,ORD042255,CUST01830,P010,Coffee Maker,Home,Hyderabad,Store,UPI,2,5990.99,0.15,11981.98,10184.68,0,2612.33,2024,9,September,Monday,11981.98,10184.682999999999
2024-09-02,ORD013132,CUST00949,P018,Jacket,Fashion,Bengaluru,Online,UPI,5,5191.25,0.2,25956.25,20765.0,0,4138.38,2024,9,September,Monday,25956.25,20765.0
2024-09-02,ORD041353,CUST03215,P007,Backpack,Accessories,Surat,Store,UPI,1,2189.12,0.05,2189.12,2079.66,0,150.69,2024,9,September,Monday,2189.12,2079.6639999999998
2024-09-02,ORD017176,CUST01054,P017,Jeans,Fashion,Ahmedabad,Store,UPI,1,2528.32,0.15,2528.32,2149.07,0,192.17,2024,9,September,Monday,2528.32,2149.072
2024-09-02,ORD000840,CUST02781,P001,Laptop,Electronics,Hyderabad,Online,Credit Card,1,64018.41,0.05,64018.41,60817.49,0,8012.09,2024,9,September,Monday,64018.41,60817.4895
2024-09-02,ORD018224,CUST03558,P012,Air Fryer,Home,Surat,Online,Debit Card,1,7820.07,0.05,7820.07,7429.07,0,1104.63,2024,9,September,Monday,7820.07,7429.066499999999
2024-09-03,ORD026328,CUST03891,P010,Coffee Maker,Home,Hyderabad,Online,UPI,1,5491.77,0.05,5491.77,5217.18,1,-260.86,2024,9,September,Tuesday,5491.77,5217.181500000001
2024-09-03,ORD048437,CUST02104,P011,Mixer Grinder,Home,Hyderabad,Online,Credit Card,4,4915.38,0.1,19661.52,17695.37,0,1544.61,2024,9,September,Tuesday,19661.52,17695.368000000002
2024-09-03,ORD022860,CUST00998,P004,Smartwatch,Electronics,Surat,Online,UPI,1,7580.28,0.05,7580.28,7201.27,0,1428.1,2024,9,September,Tuesday,7580.28,7201.266
2024-09-03,ORD037291,CUST01235,P011,Mixer Grinder,Home,Ahmedabad,Store,UPI,5,4491.33,0.0,22456.65,22456.65,0,2750.03,2024,9,September,Tuesday,22456.65,22456.65
2024-09-03,ORD021324,CUST04333,P006,Desk,Furniture,Ahmedabad,Store,Credit Card,1,12723.89,0.15,12723.89,10815.31,0,2380.75,2024,9,September,Tuesday,12723.89,10815.306499999999
2024-09-03,ORD008570,CUST00508,P011,Mixer Grinder,Home,Pune,Online,Debit Card,1,5247.43,0.25,5247.43,3935.57,0,539.68,2024,9,September,Tuesday,5247.43,3935.5725
2024-09-03,ORD044381,CUST01200,P018,Jacket,Fashion,Delhi,Store,Credit Card,3,4903.84,0.0,14711.52,14711.52,0,2530.11,2024,9,September,Tuesday,14711.52,14711.52
2024-09-03,ORD036908,CUST01497,P008,Running Shoes,Fashion,Surat,Store,Debit Card,2,3855.46,0.2,7710.92,6168.74,0,423.25,2024,9,September,Tuesday,7710.92,6168.736000000001
2024-09-03,ORD032450,CUST01701,P016,Sofa,Furniture,Bengaluru,Store,Cash,1,34805.88,0.15,34805.88,29585.0,0,5523.11,2024,9,September,Tuesday,34805.88,29584.997999999996
2024-09-03,ORD007914,CUST02736,P012,Air Fryer,Home,Hyderabad,Online,UPI,4,6984.8,0.05,27939.2,26542.24,0,3217.9,2024,9,September,Tuesday,27939.2,26542.239999999998
2024-09-03,ORD026801,CUST03876,P019,Vacuum Cleaner,Home,Ahmedabad,Store,UPI,1,8580.74,0.0,8580.74,8580.74,0,1968.23,2024,9,September,Tuesday,8580.74,8580.74
2024-09-03,ORD023423,CUST04260,P020,Microwave,Home,Hyderabad,Online,UPI,1,10451.99,0.15,10451.99,8884.19,0,2070.57,2024,9,September,Tuesday,10451.99,8884.191499999999
2024-09-03,ORD007020,CUST04207,P007,Backpack,Accessories,Mumbai,Store,Cash,1,2248.29,0.05,2248.29,2135.88,0,531.26,2024,9,September,Tuesday,2248.29,2135.8754999999996
2024-09-03,ORD012253,CUST03708,P019,Vacuum Cleaner,Home,Bengaluru,Online,UPI,1,8176.15,0.1,8176.15,7358.54,1,-367.93,2024,9,September,Tuesday,8176.15,7358.535
2024-09-03,ORD049054,CUST03599,P012,Air Fryer,Home,Bengaluru,Online,Net Banking,3,7127.81,0.05,21383.43,20314.26,0,4739.34,2024,9,September,Tuesday,21383.43,20314.2585
2024-09-03,ORD001987,CUST00417,P008,Running Shoes,Fashion,Mumbai,Store,UPI,1,4357.95,0.1,4357.95,3922.16,0,754.03,2024,9,September,Tuesday,4357.95,3922.1549999999997
2024-09-03,ORD031313,CUST02153,P013,Monitor,Electronics,Delhi,Store,Credit Card,1,19584.86,0.25,19584.86,14688.64,0,660.22,2024,9,September,Tuesday,19584.86,14688.645
2024-09-03,ORD024015,CUST01814,P020,Microwave,Home,Ahmedabad,Online,UPI,4,9901.37,0.1,39605.48,35644.93,0,3142.82,2024,9,September,Tuesday,39605.48,35644.932
2024-09-03,ORD024395,CUST01456,P014,Keyboard,Electronics,Jaipur,Store,Net Banking,1,2497.59,0.0,2497.59,2497.59,0,745.66,2024,9,September,Tuesday,2497.59,2497.59
2024-09-03,ORD020336,CUST01510,P012,Air Fryer,Home,Ahmedabad,Online,UPI,3,6815.64,0.15,20446.92,17379.88,0,4081.07,2024,9,September,Tuesday,20446.920000000002,17379.881999999998
2024-09-03,ORD043776,CUST03858,P007,Backpack,Accessories,Surat,Online,Credit Card,1,2026.0,0.1,2026.0,1823.4,0,170.74,2024,9,September,Tuesday,2026.0,1823.4
2024-09-03,ORD010576,CUST04071,P018,Jacket,Fashion,Bengaluru,Online,Debit Card,1,4716.67,0.25,4716.67,3537.5,0,531.22,2024,9,September,Tuesday,4716.67,3537.5025
2024-09-03,ORD031037,CUST00399,P018,Jacket,Fashion,Jaipur,Online,UPI,2,5558.06,0.1,11116.12,10004.51,0,1642.56,2024,9,September,Tuesday,11116.12,10004.508000000002
2024-09-03,ORD042327,CUST02776,P002,Smartphone,Electronics,Jaipur,Online,UPI,4,29791.27,0.0,119165.08,119165.08,0,11106.4,2024,9,September,Tuesday,119165.08,119165.08
2024-09-03,ORD042716,CUST01310,P010,Coffee Maker,Home,Jaipur,Store,UPI,1,5892.74,0.1,5892.74,5303.47,0,1080.36,2024,9,September,Tuesday,5892.74,5303.466
2024-09-03,ORD014037,CUST04792,P005,Office Chair,Furniture,Surat,Store,UPI,1,10199.53,0.25,10199.53,7649.65,0,1893.55,2024,9,September,Tuesday,10199.53,7649.647500000001
2024-09-03,ORD032069,CUST02898,P005,Office Chair,Furniture,Hyderabad,Online,Credit Card,1,9328.15,0.0,9328.15,9328.15,0,2188.75,2024,9,September,Tuesday,9328.15,9328.15
2024-09-03,ORD005483,CUST00386,P009,T-Shirt,Fashion,Hyderabad,Online,Cash,3,1111.66,0.1,3334.98,3001.48,0,790.32,2024,9,September,Tuesday,3334.9800000000005,3001.482
2024-09-03,ORD035159,CUST01824,P010,Coffee Maker,Home,Hyderabad,Online,Credit Card,1,5569.09,0.2,5569.09,4455.27,0,484.63,2024,9,September,Tuesday,5569.09,4455.272
2024-09-03,ORD034095,CUST01550,P018,Jacket,Fashion,Hyderabad,Online,UPI,2,4919.73,0.15,9839.46,8363.54,0,2029.92,2024,9,September,Tuesday,9839.46,8363.541
2024-09-03,ORD008061,CUST01418,P001,Laptop,Electronics,Surat,Store,UPI,1,60566.31,0.15,60566.31,51481.36,0,6351.64,2024,9,September,Tuesday,60566.31,51481.3635
2024-09-03,ORD041367,CUST03752,P003,Headphones,Electronics,Surat,Online,Credit Card,1,4260.12,0.05,4260.12,4047.11,0,815.75,2024,9,September,Tuesday,4260.12,4047.1139999999996
2024-09-03,ORD009038,CUST04293,P016,Sofa,Furniture,Jaipur,Online,Debit Card,1,32945.54,0.15,32945.54,28003.71,0,3090.37,2024,9,September,Tuesday,32945.54,28003.709
2024-09-03,ORD032755,CUST01596,P017,Jeans,Fashion,Ahmedabad,Store,Cash,2,2563.88,0.05,5127.76,4871.37,0,571.15,2024,9,September,Tuesday,5127.76,4871.372
2024-09-03,ORD015045,CUST03921,P005,Office Chair,Furniture,Chennai,Online,Debit Card,1,10289.44,0.0,10289.44,10289.44,0,2592.48,2024,9,September,Tuesday,10289.44,10289.44
2024-09-03,ORD015350,CUST01051,P013,Monitor,Electronics,Surat,Online,Cash,1,16270.16,0.1,16270.16,14643.14,0,1522.02,2024,9,September,Tuesday,16270.16,14643.144
2024-09-03,ORD009358,CUST00580,P006,Desk,Furniture,Kolkata,Store,Credit Card,1,12966.04,0.0,12966.04,12966.04,0,3179.44,2024,9,September,Tuesday,12966.04,12966.04
2024-09-03,ORD000016,CUST04932,P001,Laptop,Electronics,Chennai,Store,UPI,2,65402.15,0.1,130804.3,117723.87,0,21382.95,2024,9,September,Tuesday,130804.3,117723.87000000001
2024-09-03,ORD002333,CUST02385,P008,Running Shoes,Fashion,Jaipur,Online,Credit Card,4,4124.66,0.15,16498.64,14023.84,0,3147.53,2024,9,September,Tuesday,16498.64,14023.844
2024-09-03,ORD005273,CUST04269,P018,Jacket,Fashion,Kolkata,Store,Debit Card,1,5431.88,0.05,5431.88,5160.29,0,454.78,2024,9,September,Tuesday,5431.88,5160.286
2024-09-03,ORD015962,CUST04726,P008,Running Shoes,Fashion,Hyderabad,Store,UPI,2,4619.07,0.0,9238.14,9238.14,0,1127.96,2024,9,September,Tuesday,9238.14,9238.14
2024-09-03,ORD049816,CUST04528,P008,Running Shoes,Fashion,Bengaluru,Online,Credit Card,2,3886.27,0.05,7772.54,7383.91,1,-369.2,2024,9,September,Tuesday,7772.54,7383.913
2024-09-03,ORD000321,CUST03631,P015,Dining Table,Furniture,Hyderabad,Online,UPI,1,22084.59,0.05,22084.59,20980.36,0,2601.09,2024,9,September,Tuesday,22084.59,20980.3605
2024-09-03,ORD008939,CUST01736,P001,Laptop,Electronics,Jaipur,Online,Cash,1,68183.08,0.0,68183.08,68183.08,0,16031.09,2024,9,September,Tuesday,68183.08,68183.08
2024-09-03,ORD043103,CUST04247,P016,Sofa,Furniture,Jaipur,Online,UPI,1,32080.0,0.2,32080.0,25664.0,0,1228.11,2024,9,September,Tuesday,32080.0,25664.0
2024-09-03,ORD042805,CUST03324,P006,Desk,Furniture,Mumbai,Online,UPI,1,11373.52,0.1,11373.52,10236.17,0,2804.59,2024,9,September,Tuesday,11373.52,10236.168000000001
2024-09-03,ORD035153,CUST03430,P009,T-Shirt,Fashion,Ahmedabad,Online,Debit Card,3,1271.84,0.05,3815.52,3624.74,0,978.0,2024,9,September,Tuesday,3815.5199999999995,3624.7439999999997
2024-09-03,ORD047348,CUST04590,P011,Mixer Grinder,Home,Surat,Store,UPI,1,4670.87,0.2,4670.87,3736.7,0,412.54,2024,9,September,Tuesday,4670.87,3736.696
2024-09-03,ORD025019,CUST01828,P002,Smartphone,Electronics,Pune,Online,UPI,2,25895.23,0.05,51790.46,49200.94,0,13574.26,2024,9,September,Tuesday,51790.46,49200.937
2024-09-03,ORD006982,CUST03917,P005,Office Chair,Furniture,Chennai,Store,Debit Card,2,9509.55,0.25,19019.1,14264.32,1,-713.22,2024,9,September,Tuesday,19019.1,14264.324999999999
2024-09-03,ORD034364,CUST02794,P007,Backpack,Accessories,Kolkata,Online,UPI,1,2234.06,0.0,2234.06,2234.06,0,362.77,2024,9,September,Tuesday,2234.06,2234.06
2024-09-03,ORD049769,CUST02761,P015,Dining Table,Furniture,Jaipur,Online,Debit Card,4,23519.84,0.0,94079.36,94079.36,0,21207.5,2024,9,September,Tuesday,94079.36,94079.36
2024-09-03,ORD006778,CUST00702,P018,Jacket,Fashion,Chennai,Store,Credit Card,1,5176.15,0.1,5176.15,4658.54,0,1137.79,2024,9,September,Tuesday,5176.15,4658.535
2024-09-03,ORD011515,CUST00586,P010,Coffee Maker,Home,Bengaluru,Online,UPI,2,5444.16,0.15,10888.32,9255.07,0,1713.16,2024,9,September,Tuesday,10888.32,9255.072
2024-09-03,ORD047188,CUST03071,P018,Jacket,Fashion,Bengaluru,Online,Cash,3,5256.76,0.05,15770.28,14981.77,1,-749.09,2024,9,September,Tuesday,15770.28,14981.766
2024-09-03,ORD039140,CUST02248,P007,Backpack,Accessories,Jaipur,Store,Credit Card,1,2142.97,0.1,2142.97,1928.67,0,528.2,2024,9,September,Tuesday,2142.97,1928.6729999999998
2024-09-03,ORD018505,CUST04582,P018,Jacket,Fashion,Chennai,Online,Credit Card,4,5560.46,0.1,22241.84,20017.66,0,5237.11,2024,9,September,Tuesday,22241.84,20017.656
2024-09-03,ORD012279,CUST03540,P003,Headphones,Electronics,Kolkata,Store,Debit Card,1,4937.24,0.1,4937.24,4443.52,0,398.03,2024,9,September,Tuesday,4937.24,4443.516
2024-09-03,ORD048896,CUST01417,P016,Sofa,Furniture,Delhi,Store,UPI,1,36929.8,0.15,36929.8,31390.33,0,2681.12,2024,9,September,Tuesday,36929.8,31390.33
2024-09-03,ORD034953,CUST01838,P008,Running Shoes,Fashion,Jaipur,Online,Cash,1,3904.38,0.25,3904.38,2928.28,1,-146.41,2024,9,September,Tuesday,3904.38,2928.285
2024-09-04,ORD003450,CUST03725,P012,Air Fryer,Home,Surat,Store,UPI,2,7021.07,0.1,14042.14,12637.93,0,1779.92,2024,9,September,Wednesday,14042.14,12637.926
2024-09-04,ORD032789,CUST04632,P017,Jeans,Fashion,Surat,Online,Net Banking,4,2606.45,0.2,10425.8,8340.64,0,614.89,2024,9,September,Wednesday,10425.8,8340.64
2024-09-04,ORD036364,CUST04135,P019,Vacuum Cleaner,Home,Jaipur,Online,UPI,1,8835.28,0.05,8835.28,8393.52,0,1087.38,2024,9,September,Wednesday,8835.28,8393.516
2024-09-04,ORD030481,CUST01796,P010,Coffee Maker,Home,Kolkata,Online,Credit Card,4,5797.98,0.2,23191.92,18553.54,0,2649.08,2024,9,September,Wednesday,23191.92,18553.536
2024-09-04,ORD010938,CUST04625,P017,Jeans,Fashion,Mumbai,Online,UPI,1,2959.92,0.15,2959.92,2515.93,0,310.08,2024,9,September,Wednesday,2959.92,2515.932
2024-09-04,ORD000215,CUST00156,P015,Dining Table,Furniture,Chennai,Online,Credit Card,1,23052.9,0.0,23052.9,23052.9,0,3441.39,2024,9,September,Wednesday,23052.9,23052.9
2024-09-04,ORD007620,CUST04579,P001,Laptop,Electronics,Delhi,Store,UPI,2,67263.83,0.25,134527.66,100895.74,0,21359.98,2024,9,September,Wednesday,134527.66,100895.745
2024-09-04,ORD049506,CUST00465,P016,Sofa,Furniture,Mumbai,Store,UPI,1,37408.98,0.1,37408.98,33668.08,0,8830.52,2024,9,September,Wednesday,37408.98,33668.082
2024-09-04,ORD004433,CUST01420,P015,Dining Table,Furniture,Kolkata,Online,Credit Card,1,23315.63,0.05,23315.63,22149.85,0,3421.64,2024,9,September,Wednesday,23315.63,22149.8485
2024-09-04,ORD001752,CUST03462,P016,Sofa,Furniture,Pune,Store,Credit Card,2,37312.28,0.15,74624.56,63430.88,0,11075.53,2024,9,September,Wednesday,74624.56,63430.876
2024-09-04,ORD035874,CUST04120,P007,Backpack,Accessories,Pune,Store,Debit Card,2,2174.5,0.0,4349.0,4349.0,0,768.79,2024,9,September,Wednesday,4349.0,4349.0
2024-09-04,ORD025146,CUST02142,P018,Jacket,Fashion,Jaipur,Store,Cash,2,5483.43,0.15,10966.86,9321.83,1,-466.09,2024,9,September,Wednesday,10966.86,9321.831
2024-09-04,ORD040383,CUST02086,P004,Smartwatch,Electronics,Pune,Store,UPI,2,7267.11,0.05,14534.22,13807.51,0,2733.0,2024,9,September,Wednesday,14534.22,13807.508999999998
2024-09-04,ORD045059,CUST00742,P012,Air Fryer,Home,Pune,Online,UPI,1,7184.31,0.15,7184.31,6106.66,0,1196.23,2024,9,September,Wednesday,7184.31,6106.663500000001
2024-09-04,ORD010091,CUST00176,P008,Running Shoes,Fashion,Pune,Online,Credit Card,3,3867.69,0.2,11603.07,9282.46,0,2080.88,2024,9,September,Wednesday,11603.07,9282.456
2024-09-04,ORD037572,CUST01765,P012,Air Fryer,Home,Jaipur,Store,Credit Card,1,7560.02,0.1,7560.02,6804.02,0,1093.83,2024,9,September,Wednesday,7560.02,6804.018000000001
2024-09-04,ORD037231,CUST03995,P010,Coffee Maker,Home,Hyderabad,Store,Debit Card,1,5564.29,0.05,5564.29,5286.08,0,496.74,2024,9,September,Wednesday,5564.29,5286.0755
2024-09-04,ORD034039,CUST02733,P014,Keyboard,Electronics,Delhi,Online,UPI,1,2600.3,0.1,2600.3,2340.27,0,262.68,2024,9,September,Wednesday,2600.3,2340.2700000000004
2024-09-04,ORD026411,CUST00640,P009,T-Shirt,Fashion,Ahmedabad,Online,Credit Card,1,1298.69,0.1,1298.69,1168.82,0,181.91,2024,9,September,Wednesday,1298.69,1168.8210000000001
2024-09-04,ORD008889,CUST02370,P004,Smartwatch,Electronics,Surat,Online,UPI,3,6546.63,0.1,19639.89,17675.9,0,1268.81,2024,9,September,Wednesday,19639.89,17675.901
2024-09-04,ORD027606,CUST02974,P002,Smartphone,Electronics,Chennai,Online,UPI,1,29927.05,0.2,29927.05,23941.64,0,1493.98,2024,9,September,Wednesday,29927.05,23941.64
2024-09-04,ORD004194,CUST02180,P019,Vacuum Cleaner,Home,Hyderabad,Store,Credit Card,1,8186.67,0.1,8186.67,7368.0,0,645.54,2024,9,September,Wednesday,8186.67,7368.003000000001
2024-09-04,ORD033263,CUST01125,P003,Headphones,Electronics,Jaipur,Online,Debit Card,2,4359.87,0.0,8719.74,8719.74,0,1781.78,2024,9,September,Wednesday,8719.74,8719.74
2024-09-04,ORD038414,CUST03375,P010,Coffee Maker,Home,Pune,Store,Credit Card,1,5767.2,0.2,5767.2,4613.76,0,707.24,2024,9,September,Wednesday,5767.2,4613.76
2024-09-04,ORD010776,CUST03495,P012,Air Fryer,Home,Surat,Store,UPI,1,7771.03,0.15,7771.03,6605.38,0,1329.99,2024,9,September,Wednesday,7771.03,6605.375499999999
2024-09-04,ORD046272,CUST04762,P006,Desk,Furniture,Mumbai,Online,Net Banking,1,11429.83,0.0,11429.83,11429.83,1,-571.49,2024,9,September,Wednesday,11429.83,11429.83
2024-09-04,ORD046919,CUST02834,P019,Vacuum Cleaner,Home,Jaipur,Online,Net Banking,1,9747.39,0.15,9747.39,8285.28,0,2096.08,2024,9,September,Wednesday,9747.39,8285.2815
2024-09-04,ORD009359,CUST04944,P011,Mixer Grinder,Home,Delhi,Online,UPI,1,4842.71,0.25,4842.71,3632.03,0,448.71,2024,9,September,Wednesday,4842.71,3632.0325000000003
2024-09-04,ORD026210,CUST03238,P011,Mixer Grinder,Home,Ahmedabad,Online,Credit Card,1,4637.4,0.1,4637.4,4173.66,0,299.56,2024,9,September,Wednesday,4637.4,4173.66
2024-09-04,ORD043320,CUST03975,P014,Keyboard,Electronics,Kolkata,Store,UPI,1,2566.88,0.05,2566.88,2438.54,0,666.04,2024,9,September,Wednesday,2566.88,2438.536
2024-09-04,ORD005404,CUST03686,P019,Vacuum Cleaner,Home,Ahmedabad,Online,Credit Card,1,9157.36,0.1,9157.36,8241.62,0,1397.36,2024,9,September,Wednesday,9157.36,8241.624000000002
2024-09-04,ORD032325,CUST02060,P016,Sofa,Furniture,Mumbai,Online,UPI,2,33378.62,0.0,66757.24,66757.24,0,11968.08,2024,9,September,Wednesday,66757.24,66757.24
2024-09-04,ORD043287,CUST04044,P010,Coffee Maker,Home,Surat,Store,Debit Card,2,5097.71,0.2,10195.42,8156.34,0,1400.66,2024,9,September,Wednesday,10195.42,8156.336
2024-09-04,ORD015543,CUST02690,P006,Desk,Furniture,Chennai,Online,UPI,2,12896.96,0.0,25793.92,25793.92,0,2366.02,2024,9,September,Wednesday,25793.92,25793.92
2024-09-04,ORD019483,CUST01749,P007,Backpack,Accessories,Jaipur,Store,UPI,2,2282.16,0.0,4564.32,4564.32,0,385.62,2024,9,September,Wednesday,4564.32,4564.32
2024-09-04,ORD014608,CUST00558,P001,Laptop,Electronics,Ahmedabad,Store,UPI,3,71011.82,0.1,213035.46,191731.91,0,27806.07,2024,9,September,Wednesday,213035.46000000002,191731.914
2024-09-04,ORD006759,CUST04487,P017,Jeans,Fashion,Delhi,Online,Credit Card,1,2948.68,0.05,2948.68,2801.25,1,-140.06,2024,9,September,Wednesday,2948.68,2801.2459999999996
2024-09-04,ORD031262,CUST03599,P010,Coffee Maker,Home,Surat,Online,UPI,1,5154.56,0.05,5154.56,4896.83,0,502.51,2024,9,September,Wednesday,5154.56,4896.832
2024-09-04,ORD040830,CUST01868,P001,Laptop,Electronics,Ahmedabad,Store,UPI,1,58972.85,0.15,58972.85,50126.92,0,8682.23,2024,9,September,Wednesday,58972.85,50126.9225
2024-09-04,ORD042819,CUST00230,P020,Microwave,Home,Chennai,Online,Credit Card,2,10698.49,0.05,21396.98,20327.13,0,4781.78,2024,9,September,Wednesday,21396.98,20327.130999999998
2024-09-04,ORD022523,CUST03692,P002,Smartphone,Electronics,Pune,Online,Credit Card,1,28086.38,0.0,28086.38,28086.38,0,4637.91,2024,9,September,Wednesday,28086.38,28086.38
2024-09-04,ORD015532,CUST01065,P002,Smartphone,Electronics,Chennai,Online,Debit Card,1,29777.59,0.15,29777.59,25310.95,0,2637.65,2024,9,September,Wednesday,29777.59,25310.9515
2024-09-04,ORD000163,CUST00364,P003,Headphones,Electronics,Ahmedabad,Store,Credit Card,4,4409.38,0.05,17637.52,16755.64,0,4831.43,2024,9,September,Wednesday,17637.52,16755.644
2024-09-04,ORD046018,CUST02954,P001,Laptop,Electronics,Delhi,Online,Debit Card,2,66083.8,0.0,132167.6,132167.6,0,24231.69,2024,9,September,Wednesday,132167.6,132167.6
2024-09-04,ORD015362,CUST00568,P019,Vacuum Cleaner,Home,Kolkata,Online,UPI,1,9042.91,0.1,9042.91,8138.62,0,882.25,2024,9,September,Wednesday,9042.91,8138.619
2024-09-04,ORD029087,CUST00588,P008,Running Shoes,Fashion,Hyderabad,Online,Net Banking,5,3875.24,0.05,19376.2,18407.39,0,5235.45,2024,9,September,Wednesday,19376.199999999997,18407.39
2024-09-04,ORD039008,CUST00187,P007,Backpack,Accessories,Jaipur,Online,Debit Card,4,2163.82,0.15,8655.28,7356.99,1,-367.85,2024,9,September,Wednesday,8655.28,7356.988
2024-09-04,ORD042775,CUST04670,P004,Smartwatch,Electronics,Kolkata,Online,UPI,2,6958.47,0.25,13916.94,10437.7,0,1170.62,2024,9,September,Wednesday,13916.94,10437.705
2024-09-04,ORD026091,CUST04585,P016,Sofa,Furniture,Surat,Online,Credit Card,1,36142.11,0.0,36142.11,36142.11,0,8822.9,2024,9,September,Wednesday,36142.11,36142.11
2024-09-04,ORD000907,CUST03724,P015,Dining Table,Furniture,Pune,Online,Credit Card,1,23509.98,0.1,23509.98,21158.98,0,2228.57,2024,9,September,Wednesday,23509.98,21158.982
2024-09-04,ORD027983,CUST02512,P009,T-Shirt,Fashion,Bengaluru,Store,UPI,1,1264.4,0.1,1264.4,1137.96,0,241.2,2024,9,September,Wednesday,1264.4,1137.96
2024-09-04,ORD012685,CUST01130,P016,Sofa,Furniture,Hyderabad,Store,UPI,1,34474.03,0.1,34474.03,31026.63,0,2371.16,2024,9,September,Wednesday,34474.03,31026.627
2024-09-04,ORD022455,CUST00247,P020,Microwave,Home,Ahmedabad,Store,Credit Card,1,10344.37,0.1,10344.37,9309.93,0,2562.39,2024,9,September,Wednesday,10344.37,9309.933
2024-09-04,ORD048244,CUST00406,P019,Vacuum Cleaner,Home,Mumbai,Store,Net Banking,1,9743.51,0.2,9743.51,7794.81,0,1409.91,2024,9,September,Wednesday,9743.51,7794.808000000001
2024-09-04,ORD000739,CUST00067,P013,Monitor,Electronics,Chennai,Online,UPI,1,16697.68,0.05,16697.68,15862.8,0,2842.47,2024,9,September,Wednesday,16697.68,15862.796
2024-09-04,ORD037859,CUST00155,P017,Jeans,Fashion,Hyderabad,Store,Credit Card,2,2682.31,0.15,5364.62,4559.93,0,693.59,2024,9,September,Wednesday,5364.62,4559.927
2024-09-04,ORD008582,CUST04618,P003,Headphones,Electronics,Chennai,Online,UPI,1,4192.49,0.05,4192.49,3982.87,0,960.52,2024,9,September,Wednesday,4192.49,3982.8654999999994
2024-09-04,ORD004706,CUST04583,P017,Jeans,Fashion,Kolkata,Store,Credit Card,1,2800.75,0.15,2800.75,2380.64,0,163.2,2024,9,September,Wednesday,2800.75,2380.6375
2024-09-04,ORD034011,CUST03557,P008,Running Shoes,Fashion,Bengaluru,Store,UPI,1,3927.75,0.1,3927.75,3534.98,0,863.25,2024,9,September,Wednesday,3927.75,3534.975
2024-09-04,ORD046302,CUST00237,P012,Air Fryer,Home,Kolkata,Store,Debit Card,1,7815.53,0.2,7815.53,6252.42,0,609.07,2024,9,September,Wednesday,7815.53,6252.424
2024-09-04,ORD030827,CUST03454,P013,Monitor,Electronics,Delhi,Online,Credit Card,5,18349.83,0.05,91749.15,87161.69,0,18460.83,2024,9,September,Wednesday,91749.15000000001,87161.69249999999
2024-09-05,ORD019050,CUST00445,P003,Headphones,Electronics,Pune,Online,Credit Card,4,4444.18,0.1,17776.72,15999.05,0,2345.76,2024,9,September,Thursday,17776.72,15999.048
2024-09-05,ORD014087,CUST02997,P006,Desk,Furniture,Ahmedabad,Online,Net Banking,3,11692.76,0.05,35078.28,33324.37,0,3111.77,2024,9,September,Thursday,35078.28,33324.365999999995
2024-09-05,ORD046965,CUST04444,P002,Smartphone,Electronics,Kolkata,Store,Debit Card,1,26526.07,0.1,26526.07,23873.46,0,3751.6,2024,9,September,Thursday,26526.07,23873.463
2024-09-05,ORD047647,CUST01922,P003,Headphones,Electronics,Chennai,Online,UPI,2,4078.7,0.15,8157.4,6933.79,0,876.31,2024,9,September,Thursday,8157.4,6933.79
2024-09-05,ORD014775,CUST01915,P009,T-Shirt,Fashion,Hyderabad,Store,Credit Card,1,1092.51,0.15,1092.51,928.63,0,176.61,2024,9,September,Thursday,1092.51,928.6334999999999
2024-09-05,ORD018583,CUST01410,P013,Monitor,Electronics,Pune,Store,Credit Card,1,16230.1,0.1,16230.1,14607.09,0,2303.69,2024,9,September,Thursday,16230.1,14607.09
2024-09-05,ORD028420,CUST01143,P020,Microwave,Home,Ahmedabad,Online,UPI,1,11613.19,0.0,11613.19,11613.19,0,1655.1,2024,9,September,Thursday,11613.19,11613.19
2024-09-05,ORD005805,CUST01351,P018,Jacket,Fashion,Ahmedabad,Online,Credit Card,1,5525.55,0.15,5525.55,4696.72,0,571.75,2024,9,September,Thursday,5525.55,4696.7175
2024-09-05,ORD042929,CUST01793,P020,Microwave,Home,Pune,Online,Debit Card,3,11268.05,0.2,33804.15,27043.32,0,5367.38,2024,9,September,Thursday,33804.149999999994,27043.320000000003
2024-09-05,ORD040102,CUST00467,P003,Headphones,Electronics,Jaipur,Online,Credit Card,1,4135.68,0.1,4135.68,3722.11,0,370.36,2024,9,September,Thursday,4135.68,3722.1120000000005
2024-09-05,ORD047683,CUST02325,P011,Mixer Grinder,Home,Mumbai,Online,Debit Card,2,4681.07,0.0,9362.14,9362.14,0,1389.3,2024,9,September,Thursday,9362.14,9362.14
2024-09-05,ORD005073,CUST01807,P003,Headphones,Electronics,Delhi,Store,Credit Card,3,4801.61,0.2,14404.83,11523.86,0,1541.35,2024,9,September,Thursday,14404.829999999998,11523.864000000001
2024-09-05,ORD047021,CUST04589,P004,Smartwatch,Electronics,Delhi,Online,Net Banking,1,7309.36,0.0,7309.36,7309.36,0,806.89,2024,9,September,Thursday,7309.36,7309.36
2024-09-05,ORD016645,CUST01418,P007,Backpack,Accessories,Kolkata,Store,Cash,1,2329.94,0.05,2329.94,2213.44,0,166.66,2024,9,September,Thursday,2329.94,2213.4429999999998
2024-09-05,ORD042692,CUST04544,P005,Office Chair,Furniture,Ahmedabad,Online,Credit Card,2,9526.59,0.25,19053.18,14289.88,0,2144.78,2024,9,September,Thursday,19053.18,14289.885
2024-09-05,ORD023668,CUST01631,P007,Backpack,Accessories,Jaipur,Online,UPI,1,2345.28,0.15,2345.28,1993.49,0,132.39,2024,9,September,Thursday,2345.28,1993.488
2024-09-05,ORD021741,CUST03450,P009,T-Shirt,Fashion,Bengaluru,Online,Credit Card,1,1205.11,0.0,1205.11,1205.11,0,352.39,2024,9,September,Thursday,1205.11,1205.11
2024-09-05,ORD041363,CUST04468,P011,Mixer Grinder,Home,Delhi,Online,Debit Card,2,4455.83,0.1,8911.66,8020.49,0,1458.53,2024,9,September,Thursday,8911.66,8020.494
2024-09-05,ORD033628,CUST03037,P004,Smartwatch,Electronics,Chennai,Store,UPI,1,7285.02,0.0,7285.02,7285.02,0,658.62,2024,9,September,Thursday,7285.02,7285.02
2024-09-05,ORD027514,CUST04404,P007,Backpack,Accessories,Delhi,Store,Debit Card,2,2183.13,0.05,4366.26,4147.95,0,540.06,2024,9,September,Thursday,4366.26,4147.947
2024-09-05,ORD004113,CUST02240,P005,Office Chair,Furniture,Jaipur,Store,UPI,3,8862.54,0.2,26587.62,21270.1,0,2172.0,2024,9,September,Thursday,26587.620000000003,21270.096
2024-09-05,ORD048505,CUST00278,P013,Monitor,Electronics,Pune,Store,Credit Card,2,19558.81,0.05,39117.62,37161.74,0,5869.71,2024,9,September,Thursday,39117.62,37161.739
2024-09-05,ORD035003,CUST00254,P020,Microwave,Home,Ahmedabad,Online,UPI,1,11450.46,0.1,11450.46,10305.41,0,734.7,2024,9,September,Thursday,11450.46,10305.413999999999
2024-09-05,ORD012647,CUST03499,P005,Office Chair,Furniture,Chennai,Online,Credit Card,1,8724.39,0.05,8724.39,8288.17,0,1934.61,2024,9,September,Thursday,8724.39,8288.170499999998
2024-09-05,ORD044226,CUST03619,P006,Desk,Furniture,Kolkata,Online,Credit Card,1,12577.98,0.1,12577.98,11320.18,0,2558.66,2024,9,September,Thursday,12577.98,11320.182
2024-09-05,ORD003259,CUST03107,P008,Running Shoes,Fashion,Ahmedabad,Online,UPI,1,3922.17,0.15,3922.17,3333.84,0,883.89,2024,9,September,Thursday,3922.17,3333.8445
2024-09-05,ORD016928,CUST01619,P004,Smartwatch,Electronics,Ahmedabad,Online,Credit Card,1,6847.19,0.1,6847.19,6162.47,0,1429.18,2024,9,September,Thursday,6847.19,6162.471
2024-09-05,ORD049961,CUST03344,P005,Office Chair,Furniture,Surat,Online,UPI,1,9405.2,0.05,9405.2,8934.94,0,2502.7,2024,9,September,Thursday,9405.2,8934.94
2024-09-05,ORD002482,CUST01972,P010,Coffee Maker,Home,Surat,Store,Credit Card,1,4968.67,0.2,4968.67,3974.94,0,743.86,2024,9,September,Thursday,4968.67,3974.936
2024-09-05,ORD048038,CUST00567,P015,Dining Table,Furniture,Delhi,Online,UPI,4,21148.45,0.1,84593.8,76134.42,0,13331.84,2024,9,September,Thursday,84593.8,76134.42
2024-09-05,ORD042195,CUST04469,P015,Dining Table,Furniture,Pune,Online,Debit Card,1,21756.19,0.1,21756.19,19580.57,0,4706.41,2024,9,September,Thursday,21756.19,19580.571
2024-09-05,ORD026033,CUST03536,P005,Office Chair,Furniture,Mumbai,Store,Credit Card,1,10026.75,0.05,10026.75,9525.41,0,2592.31,2024,9,September,Thursday,10026.75,9525.4125
2024-09-05,ORD037327,CUST03903,P006,Desk,Furniture,Hyderabad,Online,Credit Card,4,11802.6,0.15,47210.4,40128.84,0,4983.49,2024,9,September,Thursday,47210.4,40128.840000000004
2024-09-05,ORD017878,CUST04528,P010,Coffee Maker,Home,Ahmedabad,Store,Cash,2,5228.78,0.05,10457.56,9934.68,1,-496.73,2024,9,September,Thursday,10457.56,9934.681999999999
2024-09-05,ORD005868,CUST00232,P010,Coffee Maker,Home,Jaipur,Online,UPI,1,5549.29,0.1,5549.29,4994.36,0,1188.07,2024,9,September,Thursday,5549.29,4994.361
2024-09-05,ORD031654,CUST03389,P003,Headphones,Electronics,Hyderabad,Online,UPI,2,4905.49,0.1,9810.98,8829.88,0,1443.13,2024,9,September,Thursday,9810.98,8829.882
2024-09-05,ORD048979,CUST00536,P006,Desk,Furniture,Delhi,Online,Net Banking,1,12986.42,0.0,12986.42,12986.42,0,3515.85,2024,9,September,Thursday,12986.42,12986.42
2024-09-05,ORD029323,CUST03167,P006,Desk,Furniture,Hyderabad,Online,Credit Card,1,12719.85,0.15,12719.85,10811.87,0,756.67,2024,9,September,Thursday,12719.85,10811.8725
2024-09-05,ORD038604,CUST04700,P005,Office Chair,Furniture,Pune,Store,UPI,1,10040.58,0.2,10040.58,8032.46,0,1068.76,2024,9,September,Thursday,10040.58,8032.464
2024-09-05,ORD043743,CUST00622,P018,Jacket,Fashion,Delhi,Online,UPI,1,5560.17,0.05,5560.17,5282.16,0,902.51,2024,9,September,Thursday,5560.17,5282.1615
2024-09-05,ORD036961,CUST04843,P003,Headphones,Electronics,Kolkata,Store,Cash,1,4774.9,0.0,4774.9,4774.9,0,672.62,2024,9,September,Thursday,4774.9,4774.9
2024-09-05,ORD019513,CUST02460,P010,Coffee Maker,Home,Chennai,Online,UPI,1,5563.18,0.15,5563.18,4728.7,0,509.4,2024,9,September,Thursday,5563.18,4728.703
2024-09-05,ORD040076,CUST03513,P001,Laptop,Electronics,Jaipur,Online,UPI,1,67788.1,0.0,67788.1,67788.1,0,20291.23,2024,9,September,Thursday,67788.1,67788.1
2024-09-05,ORD011000,CUST02204,P005,Office Chair,Furniture,Hyderabad,Online,Credit Card,4,10026.94,0.0,40107.76,40107.76,0,8382.76,2024,9,September,Thursday,40107.76,40107.76
2024-09-05,ORD012286,CUST04915,P017,Jeans,Fashion,Pune,Online,Debit Card,3,3047.34,0.15,9142.02,7770.72,0,1298.01,2024,9,September,Thursday,9142.02,7770.717000000001
2024-09-05,ORD014365,CUST03651,P018,Jacket,Fashion,Ahmedabad,Store,Net Banking,1,5677.24,0.0,5677.24,5677.24,0,866.01,2024,9,September,Thursday,5677.24,5677.24
2024-09-05,ORD014805,CUST00347,P005,Office Chair,Furniture,Kolkata,Online,Credit Card,1,9908.53,0.1,9908.53,8917.68,0,1431.5,2024,9,September,Thursday,9908.53,8917.677000000001
2024-09-05,ORD020777,CUST03032,P018,Jacket,Fashion,Surat,Online,UPI,1,4946.14,0.1,4946.14,4451.53,0,697.97,2024,9,September,Thursday,4946.14,4451.526000000001
2024-09-05,ORD040599,CUST01186,P013,Monitor,Electronics,Hyderabad,Online,Credit Card,1,17696.49,0.15,17696.49,15042.02,1,-752.1,2024,9,September,Thursday,17696.49,15042.016500000002
2024-09-05,ORD036976,CUST02754,P020,Microwave,Home,Kolkata,Online,Credit Card,1,10172.78,0.25,10172.78,7629.59,0,701.99,2024,9,September,Thursday,10172.78,7629.585000000001
2024-09-05,ORD048779,CUST04082,P018,Jacket,Fashion,Delhi,Store,Credit Card,2,5503.23,0.15,11006.46,9355.49,0,1690.5,2024,9,September,Thursday,11006.46,9355.490999999998
2024-09-05,ORD026196,CUST01886,P005,Office Chair,Furniture,Surat,Online,Net Banking,4,9488.69,0.1,37954.76,34159.28,0,4567.5,2024,9,September,Thursday,37954.76,34159.284
2024-09-05,ORD007995,CUST02391,P019,Vacuum Cleaner,Home,Pune,Online,UPI,2,8492.67,0.1,16985.34,15286.81,0,2755.98,2024,9,September,Thursday,16985.34,15286.806
2024-09-05,ORD030766,CUST00476,P011,Mixer Grinder,Home,Delhi,Online,Cash,1,4722.15,0.15,4722.15,4013.83,0,486.25,2024,9,September,Thursday,4722.15,4013.8274999999994
2024-09-05,ORD047510,CUST03903,P010,Coffee Maker,Home,Hyderabad,Online,Credit Card,1,5171.09,0.0,5171.09,5171.09,0,1329.62,2024,9,September,Thursday,5171.09,5171.09
2024-09-05,ORD021111,CUST01316,P008,Running Shoes,Fashion,Hyderabad,Online,Debit Card,2,4534.16,0.1,9068.32,8161.49,0,1081.5,2024,9,September,Thursday,9068.32,8161.488
2024-09-05,ORD021233,CUST02208,P013,Monitor,Electronics,Kolkata,Online,UPI,3,18200.92,0.05,54602.76,51872.62,0,13937.51,2024,9,September,Thursday,54602.759999999995,51872.622
2024-09-05,ORD022316,CUST00465,P004,Smartwatch,Electronics,Jaipur,Online,UPI,1,7503.97,0.15,7503.97,6378.37,0,1322.16,2024,9,September,Thursday,7503.97,6378.3745
2024-09-05,ORD019993,CUST02418,P020,Microwave,Home,Bengaluru,Online,Debit Card,1,12090.92,0.1,12090.92,10881.83,0,1805.64,2024,9,September,Thursday,12090.92,10881.828
2024-09-05,ORD015722,CUST00379,P001,Laptop,Electronics,Ahmedabad,Online,Debit Card,1,69077.69,0.1,69077.69,62169.92,0,17034.44,2024,9,September,Thursday,69077.69,62169.921
2024-09-05,ORD039289,CUST04810,P001,Laptop,Electronics,Bengaluru,Online,Credit Card,2,69693.1,0.0,139386.2,139386.2,0,16876.01,2024,9,September,Thursday,139386.2,139386.2
2024-09-05,ORD023344,CUST00071,P013,Monitor,Electronics,Chennai,Online,Credit Card,1,19243.33,0.1,19243.33,17319.0,0,2573.78,2024,9,September,Thursday,19243.33,17318.997000000003
2024-09-05,ORD029346,CUST00773,P012,Air Fryer,Home,Mumbai,Online,UPI,1,6661.41,0.05,6661.41,6328.34,0,1671.86,2024,9,September,Thursday,6661.41,6328.339499999999
2024-09-05,ORD012917,CUST03752,P007,Backpack,Accessories,Jaipur,Online,Credit Card,1,2386.41,0.05,2386.41,2267.09,0,652.81,2024,9,September,Thursday,2386.41,2267.0894999999996
2024-09-05,ORD027176,CUST00596,P016,Sofa,Furniture,Kolkata,Online,Cash,1,32750.94,0.05,32750.94,31113.39,0,3378.73,2024,9,September,Thursday,32750.94,31113.392999999996
2024-09-05,ORD042960,CUST01989,P001,Laptop,Electronics,Ahmedabad,Online,Credit Card,3,70695.13,0.05,212085.39,201481.12,0,51013.59,2024,9,September,Thursday,212085.39,201481.1205
2024-09-05,ORD025969,CUST02817,P010,Coffee Maker,Home,Pune,Store,Credit Card,1,5066.8,0.15,5066.8,4306.78,0,580.23,2024,9,September,Thursday,5066.8,4306.78
2024-09-05,ORD023652,CUST02075,P019,Vacuum Cleaner,Home,Kolkata,Store,Credit Card,4,8572.1,0.15,34288.4,29145.14,0,2880.58,2024,9,September,Thursday,34288.4,29145.14
2024-09-05,ORD039731,CUST01614,P001,Laptop,Electronics,Pune,Online,UPI,4,61632.81,0.15,246531.24,209551.55,0,46898.97,2024,9,September,Thursday,246531.24,209551.55399999997
2024-09-05,ORD012324,CUST04224,P001,Laptop,Electronics,Delhi,Online,UPI,1,63526.11,0.15,63526.11,53997.19,0,8858.1,2024,9,September,Thursday,63526.11,53997.1935
2024-09-05,ORD042392,CUST00958,P003,Headphones,Electronics,Bengaluru,Online,Credit Card,1,4245.93,0.1,4245.93,3821.34,0,587.23,2024,9,September,Thursday,4245.93,3821.3370000000004
2024-09-05,ORD046161,CUST00149,P004,Smartwatch,Electronics,Hyderabad,Online,Credit Card,1,7183.86,0.15,7183.86,6106.28,0,1001.58,2024,9,September,Thursday,7183.86,6106.281
2024-09-05,ORD022392,CUST03456,P012,Air Fryer,Home,Ahmedabad,Store,Credit Card,1,7378.75,0.0,7378.75,7378.75,0,1746.57,2024,9,September,Thursday,7378.75,7378.75
2024-09-05,ORD013601,CUST04988,P014,Keyboard,Electronics,Kolkata,Online,Cash,1,2532.19,0.0,2532.19,2532.19,0,385.96,2024,9,September,Thursday,2532.19,2532.19
2024-09-05,ORD046160,CUST01811,P020,Microwave,Home,Delhi,Online,Credit Card,2,11992.64,0.05,23985.28,22786.02,0,2728.0,2024,9,September,Thursday,23985.28,22786.016
2024-09-05,ORD026487,CUST00612,P018,Jacket,Fashion,Mumbai,Online,UPI,1,4999.64,0.0,4999.64,4999.64,0,1283.9,2024,9,September,Thursday,4999.64,4999.64
2024-09-05,ORD024252,CUST02655,P013,Monitor,Electronics,Jaipur,Online,UPI,1,19222.91,0.05,19222.91,18261.76,0,5215.83,2024,9,September,Thursday,19222.91,18261.764499999997
2024-09-05,ORD015747,CUST02281,P016,Sofa,Furniture,Ahmedabad,Online,UPI,2,37353.8,0.05,74707.6,70972.22,0,14856.09,2024,9,September,Thursday,74707.6,70972.22
2024-09-06,ORD005981,CUST00247,P016,Sofa,Furniture,Kolkata,Store,Credit Card,1,36167.99,0.05,36167.99,34359.59,0,2928.0,2024,9,September,Friday,36167.99,34359.5905
2024-09-06,ORD033315,CUST03943,P008,Running Shoes,Fashion,Chennai,Online,Credit Card,5,4376.56,0.1,21882.8,19694.52,0,4790.84,2024,9,September,Friday,21882.800000000003,19694.52
2024-09-06,ORD043367,CUST00184,P012,Air Fryer,Home,Mumbai,Store,UPI,1,6811.63,0.2,6811.63,5449.3,0,846.17,2024,9,September,Friday,6811.63,5449.304
2024-09-06,ORD045047,CUST03133,P020,Microwave,Home,Ahmedabad,Store,Credit Card,2,10472.56,0.1,20945.12,18850.61,0,1852.18,2024,9,September,Friday,20945.12,18850.608
2024-09-06,ORD016096,CUST03243,P007,Backpack,Accessories,Bengaluru,Online,UPI,1,2032.97,0.1,2032.97,1829.67,0,245.21,2024,9,September,Friday,2032.97,1829.673
2024-09-06,ORD024445,CUST01778,P011,Mixer Grinder,Home,Kolkata,Store,Debit Card,2,5029.91,0.2,10059.82,8047.86,0,1004.58,2024,9,September,Friday,10059.82,8047.856
2024-09-06,ORD015284,CUST01132,P009,T-Shirt,Fashion,Delhi,Online,Debit Card,2,1309.25,0.0,2618.5,2618.5,0,242.55,2024,9,September,Friday,2618.5,2618.5
2024-09-06,ORD017361,CUST02669,P002,Smartphone,Electronics,Bengaluru,Online,UPI,2,28173.71,0.15,56347.42,47895.31,0,12042.15,2024,9,September,Friday,56347.42,47895.307
2024-09-06,ORD003907,CUST03839,P011,Mixer Grinder,Home,Hyderabad,Online,UPI,1,5006.72,0.05,5006.72,4756.38,0,1337.13,2024,9,September,Friday,5006.72,4756.384
2024-09-06,ORD032710,CUST01818,P011,Mixer Grinder,Home,Ahmedabad,Store,UPI,1,4781.46,0.05,4781.46,4542.39,0,347.16,2024,9,September,Friday,4781.46,4542.387
2024-09-06,ORD042604,CUST02131,P014,Keyboard,Electronics,Chennai,Store,Debit Card,1,2600.85,0.1,2600.85,2340.76,1,-117.04,2024,9,September,Friday,2600.85,2340.765
2024-09-06,ORD009174,CUST04166,P007,Backpack,Accessories,Hyderabad,Store,UPI,4,2127.09,0.15,8508.36,7232.11,0,1772.11,2024,9,September,Friday,8508.36,7232.106000000001
2024-09-06,ORD041787,CUST00851,P014,Keyboard,Electronics,Chennai,Online,UPI,1,2545.98,0.0,2545.98,2545.98,0,613.53,2024,9,September,Friday,2545.98,2545.98
2024-09-06,ORD033107,CUST03550,P008,Running Shoes,Fashion,Mumbai,Online,Credit Card,2,4136.14,0.1,8272.28,7445.05,0,1800.79,2024,9,September,Friday,8272.28,7445.052000000001
2024-09-06,ORD029467,CUST04784,P003,Headphones,Electronics,Kolkata,Online,UPI,1,4338.55,0.15,4338.55,3687.77,0,851.33,2024,9,September,Friday,4338.55,3687.7675
2024-09-06,ORD023571,CUST00083,P010,Coffee Maker,Home,Pune,Store,UPI,2,5949.91,0.0,11899.82,11899.82,0,1982.03,2024,9,September,Friday,11899.82,11899.82
2024-09-06,ORD035964,CUST03593,P010,Coffee Maker,Home,Chennai,Store,Credit Card,1,5673.97,0.15,5673.97,4822.87,0,1138.52,2024,9,September,Friday,5673.97,4822.8745
2024-09-06,ORD036349,CUST00147,P015,Dining Table,Furniture,Hyderabad,Online,UPI,1,20088.28,0.0,20088.28,20088.28,0,4466.61,2024,9,September,Friday,20088.28,20088.28
2024-09-06,ORD022491,CUST01334,P002,Smartphone,Electronics,Mumbai,Online,Cash,1,29350.21,0.25,29350.21,22012.66,0,2148.83,2024,9,September,Friday,29350.21,22012.6575
2024-09-06,ORD039652,CUST04694,P017,Jeans,Fashion,Hyderabad,Online,Debit Card,1,2966.08,0.0,2966.08,2966.08,0,342.32,2024,9,September,Friday,2966.08,2966.08
2024-09-06,ORD007473,CUST02008,P001,Laptop,Electronics,Pune,Online,Credit Card,1,70812.75,0.1,70812.75,63731.48,0,8536.99,2024,9,September,Friday,70812.75,63731.475
2024-09-06,ORD032373,CUST03545,P019,Vacuum Cleaner,Home,Jaipur,Store,UPI,1,8498.24,0.0,8498.24,8498.24,0,1365.2,2024,9,September,Friday,8498.24,8498.24
2024-09-06,ORD049261,CUST01856,P015,Dining Table,Furniture,Jaipur,Store,Credit Card,2,22551.02,0.05,45102.04,42846.94,0,7928.87,2024,9,September,Friday,45102.04,42846.938
2024-09-06,ORD031522,CUST00124,P014,Keyboard,Electronics,Mumbai,Online,UPI,1,2433.82,0.0,2433.82,2433.82,0,511.86,2024,9,September,Friday,2433.82,2433.82
2024-09-06,ORD016291,CUST00601,P015,Dining Table,Furniture,Hyderabad,Store,Credit Card,1,23949.37,0.05,23949.37,22751.9,0,6274.09,2024,9,September,Friday,23949.37,22751.901499999996
2024-09-06,ORD047666,CUST01723,P007,Backpack,Accessories,Bengaluru,Online,Credit Card,1,2302.38,0.1,2302.38,2072.14,0,516.09,2024,9,September,Friday,2302.38,2072.1420000000003
2024-09-06,ORD021341,CUST04811,P015,Dining Table,Furniture,Pune,Online,UPI,1,23063.11,0.15,23063.11,19603.64,0,4049.28,2024,9,September,Friday,23063.11,19603.6435
2024-09-06,ORD024860,CUST02017,P012,Air Fryer,Home,Bengaluru,Store,Debit Card,5,7846.88,0.2,39234.4,31387.52,0,3572.15,2024,9,September,Friday,39234.4,31387.520000000004
2024-09-06,ORD018770,CUST03390,P006,Desk,Furniture,Bengaluru,Online,UPI,2,12989.31,0.2,25978.62,20782.9,0,2453.24,2024,9,September,Friday,25978.62,20782.896
2024-09-06,ORD018247,CUST00202,P007,Backpack,Accessories,Mumbai,Store,Debit Card,1,2044.14,0.0,2044.14,2044.14,0,500.83,2024,9,September,Friday,2044.14,2044.14
2024-09-06,ORD044043,CUST04294,P019,Vacuum Cleaner,Home,Bengaluru,Store,Cash,3,9790.77,0.1,29372.31,26435.08,0,5188.33,2024,9,September,Friday,29372.31,26435.079
2024-09-06,ORD000373,CUST02926,P017,Jeans,Fashion,Pune,Store,Credit Card,3,2792.06,0.0,8376.18,8376.18,0,1927.14,2024,9,September,Friday,8376.18,8376.18
2024-09-06,ORD033728,CUST02725,P014,Keyboard,Electronics,Bengaluru,Store,UPI,1,2282.47,0.15,2282.47,1940.1,0,431.9,2024,9,September,Friday,2282.47,1940.0994999999998
2024-09-06,ORD037289,CUST01066,P006,Desk,Furniture,Chennai,Store,Debit Card,1,12216.88,0.15,12216.88,10384.35,0,550.44,2024,9,September,Friday,12216.88,10384.348
2024-09-06,ORD047561,CUST04327,P003,Headphones,Electronics,Kolkata,Online,UPI,2,4811.76,0.0,9623.52,9623.52,0,1072.9,2024,9,September,Friday,9623.52,9623.52
2024-09-06,ORD037612,CUST04024,P004,Smartwatch,Electronics,Bengaluru,Store,Net Banking,2,6378.56,0.05,12757.12,12119.26,0,2220.81,2024,9,September,Friday,12757.12,12119.264000000001
2024-09-06,ORD030492,CUST02927,P020,Microwave,Home,Surat,Store,UPI,1,10472.2,0.15,10472.2,8901.37,0,749.87,2024,9,September,Friday,10472.2,8901.37
2024-09-06,ORD016454,CUST02916,P007,Backpack,Accessories,Bengaluru,Online,Credit Card,3,2127.96,0.1,6383.88,5745.49,0,579.16,2024,9,September,Friday,6383.88,5745.492
2024-09-06,ORD013577,CUST02598,P002,Smartphone,Electronics,Surat,Online,Net Banking,1,26911.47,0.2,26911.47,21529.18,0,4068.27,2024,9,September,Friday,26911.47,21529.176000000003
2024-09-06,ORD007090,CUST00530,P017,Jeans,Fashion,Hyderabad,Online,UPI,3,2854.62,0.1,8563.86,7707.47,0,867.71,2024,9,September,Friday,8563.86,7707.474000000001
2024-09-06,ORD023927,CUST04961,P003,Headphones,Electronics,Bengaluru,Online,Credit Card,1,4642.56,0.0,4642.56,4642.56,0,1385.15,2024,9,September,Friday,4642.56,4642.56
2024-09-06,ORD042342,CUST00927,P005,Office Chair,Furniture,Kolkata,Online,Debit Card,1,9519.75,0.25,9519.75,7139.81,1,-356.99,2024,9,September,Friday,9519.75,7139.8125
2024-09-06,ORD030716,CUST01797,P020,Microwave,Home,Kolkata,Store,Credit Card,1,10229.37,0.05,10229.37,9717.9,0,2162.37,2024,9,September,Friday,10229.37,9717.9015
2024-09-06,ORD045820,CUST04092,P010,Coffee Maker,Home,Mumbai,Online,UPI,1,5581.71,0.15,5581.71,4744.45,0,465.99,2024,9,September,Friday,5581.71,4744.4535
2024-09-06,ORD011201,CUST03856,P016,Sofa,Furniture,Jaipur,Online,Debit Card,4,38422.99,0.15,153691.96,130638.17,0,19776.29,2024,9,September,Friday,153691.96,130638.16599999998
2024-09-06,ORD016172,CUST01161,P012,Air Fryer,Home,Pune,Online,Debit Card,1,6638.63,0.0,6638.63,6638.63,0,1234.26,2024,9,September,Friday,6638.63,6638.63
2024-09-06,ORD039061,CUST00417,P003,Headphones,Electronics,Delhi,Online,Cash,2,4300.25,0.1,8600.5,7740.45,0,531.02,2024,9,September,Friday,8600.5,7740.45
2024-09-06,ORD037610,CUST04489,P014,Keyboard,Electronics,Mumbai,Store,UPI,2,2271.18,0.15,4542.36,3861.01,0,425.95,2024,9,September,Friday,4542.36,3861.0059999999994
2024-09-06,ORD032084,CUST04509,P017,Jeans,Fashion,Surat,Store,Net Banking,4,3075.34,0.1,12301.36,11071.22,0,1557.37,2024,9,September,Friday,12301.36,11071.224
2024-09-06,ORD012556,CUST01964,P004,Smartwatch,Electronics,Ahmedabad,Store,Cash,2,6918.93,0.0,13837.86,13837.86,0,1206.96,2024,9,September,Friday,13837.86,13837.86
2024-09-06,ORD018750,CUST01385,P018,Jacket,Fashion,Bengaluru,Store,UPI,2,5649.83,0.1,11299.66,10169.69,0,2338.45,2024,9,September,Friday,11299.66,10169.694
2024-09-06,ORD041095,CUST02212,P015,Dining Table,Furniture,Hyderabad,Store,UPI,1,22234.58,0.15,22234.58,18899.39,0,2994.4,2024,9,September,Friday,22234.58,18899.393
2024-09-06,ORD034679,CUST01802,P020,Microwave,Home,Delhi,Store,Credit Card,2,11303.94,0.2,22607.88,18086.3,0,3094.66,2024,9,September,Friday,22607.88,18086.304
2024-09-06,ORD020400,CUST00581,P014,Keyboard,Electronics,Hyderabad,Store,Credit Card,1,2530.43,0.1,2530.43,2277.39,0,411.97,2024,9,September,Friday,2530.43,2277.3869999999997
2024-09-06,ORD032434,CUST01615,P010,Coffee Maker,Home,Kolkata,Online,Credit Card,1,5845.43,0.0,5845.43,5845.43,0,720.28,2024,9,September,Friday,5845.43,5845.43
2024-09-06,ORD017658,CUST03532,P010,Coffee Maker,Home,Pune,Store,Credit Card,1,5513.9,0.05,5513.9,5238.2,0,681.51,2024,9,September,Friday,5513.9,5238.204999999999
2024-09-06,ORD018920,CUST02265,P017,Jeans,Fashion,Pune,Online,UPI,2,2586.9,0.1,5173.8,4656.42,0,738.4,2024,9,September,Friday,5173.8,4656.42
2024-09-06,ORD016858,CUST00835,P017,Jeans,Fashion,Delhi,Online,Credit Card,2,2692.19,0.1,5384.38,4845.94,0,717.89,2024,9,September,Friday,5384.38,4845.942
2024-09-06,ORD021945,CUST00149,P013,Monitor,Electronics,Bengaluru,Online,Debit Card,4,16780.61,0.25,67122.44,50341.83,0,11327.12,2024,9,September,Friday,67122.44,50341.83
2024-09-06,ORD015189,CUST02646,P018,Jacket,Fashion,Surat,Store,UPI,2,4975.25,0.15,9950.5,8457.92,0,1486.79,2024,9,September,Friday,9950.5,8457.925
2024-09-06,ORD044233,CUST03940,P003,Headphones,Electronics,Jaipur,Online,UPI,4,4270.24,0.1,17080.96,15372.86,0,2303.79,2024,9,September,Friday,17080.96,15372.864
2024-09-06,ORD043483,CUST03102,P012,Air Fryer,Home,Pune,Online,UPI,1,6727.51,0.2,6727.51,5382.01,0,652.68,2024,9,September,Friday,6727.51,5382.008000000001
2024-09-06,ORD033437,CUST00314,P019,Vacuum Cleaner,Home,Hyderabad,Online,UPI,2,8658.63,0.2,17317.26,13853.81,0,651.32,2024,9,September,Friday,17317.26,13853.807999999999
2024-09-06,ORD000200,CUST00875,P010,Coffee Maker,Home,Jaipur,Online,UPI,3,5122.02,0.05,15366.06,14597.76,0,1171.18,2024,9,September,Friday,15366.060000000001,14597.757
2024-09-06,ORD028815,CUST01746,P016,Sofa,Furniture,Bengaluru,Online,Credit Card,5,32419.77,0.0,162098.85,162098.85,0,39678.3,2024,9,September,Friday,162098.85,162098.85
2024-09-06,ORD029636,CUST02782,P001,Laptop,Electronics,Kolkata,Store,Cash,5,61691.08,0.0,308455.4,308455.4,1,-15422.77,2024,9,September,Friday,308455.4,308455.4
2024-09-07,ORD006600,CUST01453,P013,Monitor,Electronics,Ahmedabad,Store,Credit Card,1,17989.68,0.1,17989.68,16190.71,0,4246.05,2024,9,September,Saturday,17989.68,16190.712000000001
2024-09-07,ORD020646,CUST02902,P018,Jacket,Fashion,Surat,Store,Credit Card,1,5273.79,0.15,5273.79,4482.72,0,671.61,2024,9,September,Saturday,5273.79,4482.7215
2024-09-07,ORD001926,CUST00295,P012,Air Fryer,Home,Mumbai,Online,UPI,1,7739.39,0.05,7739.39,7352.42,0,1343.36,2024,9,September,Saturday,7739.39,7352.4205
2024-09-07,ORD036780,CUST03696,P013,Monitor,Electronics,Bengaluru,Store,Debit Card,1,18326.98,0.15,18326.98,15577.93,0,3305.65,2024,9,September,Saturday,18326.98,15577.932999999999
2024-09-07,ORD005016,CUST01351,P008,Running Shoes,Fashion,Ahmedabad,Store,Net Banking,4,3792.19,0.1,15168.76,13651.88,0,2658.88,2024,9,September,Saturday,15168.76,13651.884
2024-09-07,ORD043475,CUST03524,P002,Smartphone,Electronics,Surat,Store,UPI,1,27761.67,0.1,27761.67,24985.5,0,4310.62,2024,9,September,Saturday,27761.67,24985.503
2024-09-07,ORD039747,CUST02045,P013,Monitor,Electronics,Jaipur,Online,Cash,2,19508.16,0.2,39016.32,31213.06,0,4709.13,2024,9,September,Saturday,39016.32,31213.056
2024-09-07,ORD017416,CUST04189,P007,Backpack,Accessories,Kolkata,Store,UPI,1,2137.5,0.15,2137.5,1816.88,0,320.44,2024,9,September,Saturday,2137.5,1816.875
2024-09-07,ORD018064,CUST01663,P004,Smartwatch,Electronics,Bengaluru,Online,Debit Card,1,6624.9,0.0,6624.9,6624.9,0,747.74,2024,9,September,Saturday,6624.9,6624.9
2024-09-07,ORD017453,CUST03012,P020,Microwave,Home,Kolkata,Online,Credit Card,2,11118.81,0.1,22237.62,20013.86,0,4421.36,2024,9,September,Saturday,22237.62,20013.858
2024-09-07,ORD011015,CUST04285,P013,Monitor,Electronics,Pune,Online,Debit Card,1,18628.7,0.15,18628.7,15834.4,0,3220.86,2024,9,September,Saturday,18628.7,15834.395
2024-09-07,ORD005830,CUST03133,P008,Running Shoes,Fashion,Hyderabad,Store,Net Banking,2,4058.83,0.1,8117.66,7305.89,0,1525.67,2024,9,September,Saturday,8117.66,7305.894
2024-09-07,ORD028083,CUST02126,P001,Laptop,Electronics,Chennai,Store,Debit Card,4,67185.29,0.05,268741.16,255304.1,0,37294.48,2024,9,September,Saturday,268741.16,255304.10199999996
2024-09-07,ORD048261,CUST04826,P020,Microwave,Home,Mumbai,Online,Credit Card,1,10702.6,0.2,10702.6,8562.08,0,653.7,2024,9,September,Saturday,10702.6,8562.08
2024-09-07,ORD049911,CUST00970,P014,Keyboard,Electronics,Pune,Store,UPI,1,2659.34,0.05,2659.34,2526.37,0,519.96,2024,9,September,Saturday,2659.34,2526.373
2024-09-07,ORD030530,CUST02656,P012,Air Fryer,Home,Ahmedabad,Store,Credit Card,1,7200.01,0.1,7200.01,6480.01,0,602.03,2024,9,September,Saturday,7200.01,6480.009
2024-09-07,ORD037954,CUST02044,P020,Microwave,Home,Mumbai,Online,UPI,1,10206.18,0.15,10206.18,8675.25,0,1185.26,2024,9,September,Saturday,10206.18,8675.253
2024-09-07,ORD040895,CUST00710,P020,Microwave,Home,Chennai,Online,UPI,4,10455.88,0.1,41823.52,37641.17,0,10334.06,2024,9,September,Saturday,41823.52,37641.168
2024-09-07,ORD004005,CUST00163,P017,Jeans,Fashion,Surat,Online,UPI,1,2936.1,0.15,2936.1,2495.68,0,235.26,2024,9,September,Saturday,2936.1,2495.685
2024-09-07,ORD003999,CUST04224,P018,Jacket,Fashion,Jaipur,Online,Credit Card,1,4881.0,0.05,4881.0,4636.95,0,695.98,2024,9,September,Saturday,4881.0,4636.95
2024-09-07,ORD032172,CUST00994,P011,Mixer Grinder,Home,Bengaluru,Online,UPI,1,5081.63,0.05,5081.63,4827.55,0,457.29,2024,9,September,Saturday,5081.63,4827.5485
2024-09-07,ORD037220,CUST01304,P015,Dining Table,Furniture,Surat,Online,Debit Card,1,22100.91,0.1,22100.91,19890.82,1,-994.54,2024,9,September,Saturday,22100.91,19890.819
2024-09-07,ORD033035,CUST02485,P005,Office Chair,Furniture,Chennai,Store,UPI,1,9525.11,0.0,9525.11,9525.11,0,2388.91,2024,9,September,Saturday,9525.11,9525.11
2024-09-07,ORD029052,CUST03583,P015,Dining Table,Furniture,Bengaluru,Store,Debit Card,1,23314.35,0.2,23314.35,18651.48,0,3055.01,2024,9,September,Saturday,23314.35,18651.48
2024-09-07,ORD044411,CUST04312,P017,Jeans,Fashion,Bengaluru,Store,UPI,1,2618.04,0.1,2618.04,2356.24,1,-117.81,2024,9,September,Saturday,2618.04,2356.236
2024-09-07,ORD032415,CUST04322,P010,Coffee Maker,Home,Chennai,Store,Credit Card,1,5835.97,0.0,5835.97,5835.97,0,1208.25,2024,9,September,Saturday,5835.97,5835.97
2024-09-07,ORD023098,CUST04327,P015,Dining Table,Furniture,Bengaluru,Store,UPI,1,19823.7,0.15,19823.7,16850.14,0,967.72,2024,9,September,Saturday,19823.7,16850.145
2024-09-07,ORD015570,CUST04106,P002,Smartphone,Electronics,Bengaluru,Online,Net Banking,5,29764.07,0.1,148820.35,133938.32,0,12932.37,2024,9,September,Saturday,148820.35,133938.315
2024-09-07,ORD009643,CUST04899,P013,Monitor,Electronics,Jaipur,Online,UPI,1,18681.49,0.0,18681.49,18681.49,0,5601.61,2024,9,September,Saturday,18681.49,18681.49
2024-09-07,ORD022337,CUST03554,P008,Running Shoes,Fashion,Surat,Store,UPI,1,3847.53,0.0,3847.53,3847.53,0,1017.6,2024,9,September,Saturday,3847.53,3847.53
2024-09-07,ORD005525,CUST02886,P016,Sofa,Furniture,Pune,Online,Debit Card,2,34406.91,0.0,68813.82,68813.82,0,12419.68,2024,9,September,Saturday,68813.82,68813.82
2024-09-07,ORD034836,CUST02295,P015,Dining Table,Furniture,Jaipur,Store,Net Banking,1,20823.32,0.1,20823.32,18740.99,0,2429.26,2024,9,September,Saturday,20823.32,18740.988
2024-09-07,ORD025052,CUST02471,P013,Monitor,Electronics,Pune,Online,Net Banking,1,18428.97,0.2,18428.97,14743.18,0,3290.12,2024,9,September,Saturday,18428.97,14743.176000000001
2024-09-07,ORD023084,CUST04347,P006,Desk,Furniture,Chennai,Store,UPI,2,11992.17,0.25,23984.34,17988.26,0,914.96,2024,9,September,Saturday,23984.34,17988.255
2024-09-07,ORD031061,CUST02554,P003,Headphones,Electronics,Bengaluru,Online,Credit Card,4,4731.36,0.05,18925.44,17979.17,0,2171.83,2024,9,September,Saturday,18925.44,17979.167999999998
2024-09-07,ORD009774,CUST04241,P019,Vacuum Cleaner,Home,Jaipur,Online,Debit Card,1,8649.9,0.15,8649.9,7352.41,0,1963.73,2024,9,September,Saturday,8649.9,7352.414999999999
2024-09-07,ORD007005,CUST03080,P008,Running Shoes,Fashion,Delhi,Online,UPI,1,3875.7,0.15,3875.7,3294.34,0,833.48,2024,9,September,Saturday,3875.7,3294.345
2024-09-07,ORD031090,CUST02836,P006,Desk,Furniture,Mumbai,Online,Credit Card,1,10930.25,0.0,10930.25,10930.25,0,2054.45,2024,9,September,Saturday,10930.25,10930.25
2024-09-07,ORD015935,CUST04308,P009,T-Shirt,Fashion,Bengaluru,Store,UPI,1,1124.98,0.15,1124.98,956.23,0,59.2,2024,9,September,Saturday,1124.98,956.233
2024-09-07,ORD035098,CUST04282,P013,Monitor,Electronics,Pune,Store,UPI,4,19476.23,0.1,77904.92,70114.43,0,18728.19,2024,9,September,Saturday,77904.92,70114.428
2024-09-07,ORD010429,CUST04582,P011,Mixer Grinder,Home,Mumbai,Online,UPI,1,5160.97,0.0,5160.97,5160.97,0,1535.99,2024,9,September,Saturday,5160.97,5160.97
2024-09-07,ORD000130,CUST02431,P009,T-Shirt,Fashion,Chennai,Store,Credit Card,2,1251.38,0.2,2502.76,2002.21,0,229.61,2024,9,September,Saturday,2502.76,2002.2080000000003
2024-09-07,ORD030732,CUST01373,P019,Vacuum Cleaner,Home,Pune,Online,Net Banking,2,9404.95,0.1,18809.9,16928.91,0,2065.18,2024,9,September,Saturday,18809.9,16928.910000000003
2024-09-07,ORD006912,CUST00229,P016,Sofa,Furniture,Bengaluru,Online,UPI,3,37062.53,0.05,111187.59,105628.21,0,10927.54,2024,9,September,Saturday,111187.59,105628.21049999999
2024-09-07,ORD044244,CUST04007,P008,Running Shoes,Fashion,Pune,Store,UPI,1,4282.02,0.05,4282.02,4067.92,0,342.37,2024,9,September,Saturday,4282.02,4067.9190000000003
2024-09-07,ORD046250,CUST02768,P020,Microwave,Home,Hyderabad,Store,Debit Card,1,10487.55,0.2,10487.55,8390.04,0,1571.56,2024,9,September,Saturday,10487.55,8390.039999999999
2024-09-07,ORD012743,CUST04006,P007,Backpack,Accessories,Mumbai,Online,Net Banking,4,2097.46,0.05,8389.84,7970.35,0,740.77,2024,9,September,Saturday,8389.84,7970.348
2024-09-07,ORD009137,CUST02001,P018,Jacket,Fashion,Jaipur,Online,UPI,5,5293.39,0.1,26466.95,23820.26,0,5457.48,2024,9,September,Saturday,26466.95,23820.255
2024-09-07,ORD043813,CUST01451,P020,Microwave,Home,Mumbai,Online,UPI,1,11741.1,0.1,11741.1,10566.99,0,1905.8,2024,9,September,Saturday,11741.1,10566.99
2024-09-07,ORD013086,CUST03609,P007,Backpack,Accessories,Surat,Online,Credit Card,1,2140.89,0.2,2140.89,1712.71,0,76.04,2024,9,September,Saturday,2140.89,1712.712
2024-09-07,ORD000516,CUST04952,P012,Air Fryer,Home,Mumbai,Online,Credit Card,1,7011.87,0.05,7011.87,6661.28,0,639.57,2024,9,September,Saturday,7011.87,6661.2765
2024-09-07,ORD025197,CUST04937,P009,T-Shirt,Fashion,Pune,Online,Net Banking,1,1174.41,0.15,1174.41,998.25,0,171.26,2024,9,September,Saturday,1174.41,998.2485
2024-09-07,ORD027217,CUST00515,P008,Running Shoes,Fashion,Pune,Online,Cash,1,3850.57,0.15,3850.57,3272.98,0,756.45,2024,9,September,Saturday,3850.57,3272.9845
2024-09-07,ORD029168,CUST01835,P020,Microwave,Home,Surat,Online,Cash,3,11382.64,0.05,34147.92,32440.52,0,5323.66,2024,9,September,Saturday,34147.92,32440.523999999998
2024-09-07,ORD048245,CUST02408,P017,Jeans,Fashion,Mumbai,Online,UPI,2,2958.58,0.0,5917.16,5917.16,0,728.19,2024,9,September,Saturday,5917.16,5917.16
2024-09-07,ORD046149,CUST04264,P005,Office Chair,Furniture,Delhi,Store,Credit Card,1,9321.83,0.0,9321.83,9321.83,0,766.41,2024,9,September,Saturday,9321.83,9321.83
2024-09-07,ORD027911,CUST02701,P008,Running Shoes,Fashion,Kolkata,Online,Debit Card,1,3819.1,0.05,3819.1,3628.14,0,812.68,2024,9,September,Saturday,3819.1,3628.1449999999995
2024-09-07,ORD048681,CUST02856,P014,Keyboard,Electronics,Hyderabad,Store,Cash,1,2318.98,0.0,2318.98,2318.98,0,349.41,2024,9,September,Saturday,2318.98,2318.98
2024-09-07,ORD003619,CUST02339,P006,Desk,Furniture,Delhi,Store,Credit Card,1,12060.47,0.05,12060.47,11457.45,0,2945.7,2024,9,September,Saturday,12060.47,11457.446499999998
2024-09-07,ORD047640,CUST01055,P006,Desk,Furniture,Pune,Online,Credit Card,1,12098.99,0.15,12098.99,10284.14,0,2136.71,2024,9,September,Saturday,12098.99,10284.1415
2024-09-07,ORD007457,CUST00684,P016,Sofa,Furniture,Ahmedabad,Store,UPI,1,37965.96,0.05,37965.96,36067.66,0,6444.11,2024,9,September,Saturday,37965.96,36067.662
2024-09-07,ORD031888,CUST01430,P011,Mixer Grinder,Home,Mumbai,Store,Debit Card,1,5023.78,0.05,5023.78,4772.59,0,1072.67,2024,9,September,Saturday,5023.78,4772.590999999999
2024-09-07,ORD004933,CUST01601,P005,Office Chair,Furniture,Surat,Store,UPI,3,8766.62,0.1,26299.86,23669.87,0,6253.18,2024,9,September,Saturday,26299.86,23669.874
2024-09-07,ORD021235,CUST04237,P006,Desk,Furniture,Mumbai,Store,UPI,3,11236.09,0.1,33708.27,30337.44,0,6595.94,2024,9,September,Saturday,33708.270000000004,30337.443
2024-09-07,ORD031880,CUST03099,P006,Desk,Furniture,Pune,Online,UPI,1,13186.61,0.1,13186.61,11867.95,0,2911.81,2024,9,September,Saturday,13186.61,11867.949
2024-09-07,ORD049076,CUST02028,P008,Running Shoes,Fashion,Surat,Store,Debit Card,3,4186.01,0.05,12558.03,11930.13,1,-596.51,2024,9,September,Saturday,12558.03,11930.1285
2024-09-07,ORD018484,CUST02829,P010,Coffee Maker,Home,Mumbai,Store,Net Banking,3,5694.62,0.1,17083.86,15375.47,0,2823.21,2024,9,September,Saturday,17083.86,15375.474
2024-09-07,ORD022135,CUST01153,P001,Laptop,Electronics,Bengaluru,Online,Credit Card,4,60763.12,0.15,243052.48,206594.61,0,47195.56,2024,9,September,Saturday,243052.48,206594.608
2024-09-08,ORD025883,CUST02577,P011,Mixer Grinder,Home,Delhi,Online,UPI,1,5247.6,0.15,5247.6,4460.46,0,884.97,2024,9,September,Sunday,5247.6,4460.46
2024-09-08,ORD033087,CUST01381,P002,Smartphone,Electronics,Chennai,Online,Credit Card,4,26427.74,0.15,105710.96,89854.32,0,15172.83,2024,9,September,Sunday,105710.96,89854.316
2024-09-08,ORD037227,CUST01297,P016,Sofa,Furniture,Jaipur,Online,Credit Card,1,36307.55,0.25,36307.55,27230.66,0,2771.29,2024,9,September,Sunday,36307.55,27230.662500000002
2024-09-08,ORD036793,CUST01515,P013,Monitor,Electronics,Delhi,Store,UPI,2,18112.07,0.2,36224.14,28979.31,0,4163.16,2024,9,September,Sunday,36224.14,28979.312
2024-09-08,ORD037439,CUST00246,P010,Coffee Maker,Home,Mumbai,Online,UPI,1,5788.62,0.0,5788.62,5788.62,0,1459.94,2024,9,September,Sunday,5788.62,5788.62
2024-09-08,ORD043697,CUST02991,P011,Mixer Grinder,Home,Chennai,Store,UPI,1,4732.77,0.15,4732.77,4022.85,0,992.9,2024,9,September,Sunday,4732.77,4022.8545000000004
2024-09-08,ORD002565,CUST01433,P003,Headphones,Electronics,Surat,Store,Debit Card,1,4798.78,0.05,4798.78,4558.84,0,674.33,2024,9,September,Sunday,4798.78,4558.840999999999
2024-09-08,ORD021986,CUST02297,P017,Jeans,Fashion,Jaipur,Online,UPI,1,3035.55,0.0,3035.55,3035.55,0,876.95,2024,9,September,Sunday,3035.55,3035.55
2024-09-08,ORD049659,CUST02383,P002,Smartphone,Electronics,Hyderabad,Online,Credit Card,1,29324.92,0.1,29324.92,26392.43,0,4416.28,2024,9,September,Sunday,29324.92,26392.428
2024-09-08,ORD044294,CUST02907,P003,Headphones,Electronics,Mumbai,Online,UPI,1,4785.44,0.0,4785.44,4785.44,0,1059.44,2024,9,September,Sunday,4785.44,4785.44
2024-09-08,ORD033629,CUST00713,P015,Dining Table,Furniture,Bengaluru,Online,Debit Card,4,21558.19,0.1,86232.76,77609.48,0,6351.96,2024,9,September,Sunday,86232.76,77609.484
2024-09-08,ORD044877,CUST04330,P012,Air Fryer,Home,Delhi,Store,Credit Card,1,6943.16,0.25,6943.16,5207.37,0,396.55,2024,9,September,Sunday,6943.16,5207.37
2024-09-08,ORD043557,CUST00505,P011,Mixer Grinder,Home,Jaipur,Store,Credit Card,2,4505.45,0.2,9010.9,7208.72,0,1693.99,2024,9,September,Sunday,9010.9,7208.72
2024-09-08,ORD017849,CUST04953,P009,T-Shirt,Fashion,Jaipur,Online,Cash,1,1096.5,0.1,1096.5,986.85,0,67.54,2024,9,September,Sunday,1096.5,986.85
2024-09-08,ORD049666,CUST03753,P009,T-Shirt,Fashion,Chennai,Store,UPI,1,1239.5,0.2,1239.5,991.6,0,229.03,2024,9,September,Sunday,1239.5,991.6
2024-09-08,ORD029881,CUST02297,P012,Air Fryer,Home,Jaipur,Online,Credit Card,3,7871.2,0.05,23613.6,22432.92,0,4278.0,2024,9,September,Sunday,23613.6,22432.92
2024-09-08,ORD037195,CUST04520,P003,Headphones,Electronics,Ahmedabad,Online,Cash,1,4942.86,0.2,4942.86,3954.29,0,565.18,2024,9,September,Sunday,4942.86,3954.288
2024-09-08,ORD002436,CUST03912,P016,Sofa,Furniture,Bengaluru,Online,Credit Card,3,32865.74,0.05,98597.22,93667.36,0,15878.1,2024,9,September,Sunday,98597.22,93667.359
2024-09-08,ORD037101,CUST04759,P013,Monitor,Electronics,Bengaluru,Online,Credit Card,3,18455.19,0.05,55365.57,52597.29,0,6643.04,2024,9,September,Sunday,55365.56999999999,52597.2915
2024-09-08,ORD002041,CUST04749,P013,Monitor,Electronics,Hyderabad,Store,UPI,2,17333.1,0.0,34666.2,34666.2,0,8404.62,2024,9,September,Sunday,34666.2,34666.2
2024-09-08,ORD030307,CUST00556,P001,Laptop,Electronics,Delhi,Store,Cash,4,64094.24,0.1,256376.96,230739.26,1,-11536.96,2024,9,September,Sunday,256376.96,230739.264
2024-09-08,ORD025832,CUST04511,P010,Coffee Maker,Home,Ahmedabad,Store,Credit Card,2,5371.86,0.05,10743.72,10206.53,0,1851.89,2024,9,September,Sunday,10743.72,10206.534
2024-09-08,ORD044164,CUST02870,P009,T-Shirt,Fashion,Hyderabad,Online,UPI,2,1120.83,0.1,2241.66,2017.49,0,465.77,2024,9,September,Sunday,2241.66,2017.494
2024-09-08,ORD034040,CUST00687,P018,Jacket,Fashion,Ahmedabad,Online,UPI,1,4930.09,0.0,4930.09,4930.09,0,538.67,2024,9,September,Sunday,4930.09,4930.09
2024-09-08,ORD021301,CUST02137,P005,Office Chair,Furniture,Kolkata,Online,Credit Card,2,9553.07,0.05,19106.14,18150.83,0,2400.19,2024,9,September,Sunday,19106.14,18150.833
2024-09-08,ORD045598,CUST02646,P020,Microwave,Home,Bengaluru,Online,UPI,1,9977.88,0.0,9977.88,9977.88,0,2981.15,2024,9,September,Sunday,9977.88,9977.88
2024-09-08,ORD034789,CUST02577,P019,Vacuum Cleaner,Home,Ahmedabad,Store,Credit Card,5,9386.07,0.1,46930.35,42237.32,0,5264.48,2024,9,September,Sunday,46930.35,42237.315
2024-09-08,ORD016489,CUST04816,P006,Desk,Furniture,Bengaluru,Online,Debit Card,1,11507.81,0.1,11507.81,10357.03,0,1281.99,2024,9,September,Sunday,11507.81,10357.029
2024-09-08,ORD047054,CUST00368,P013,Monitor,Electronics,Kolkata,Store,UPI,3,19569.61,0.25,58708.83,44031.62,0,9477.31,2024,9,September,Sunday,58708.83,44031.6225
2024-09-08,ORD030881,CUST02567,P012,Air Fryer,Home,Pune,Online,Debit Card,1,6851.61,0.1,6851.61,6166.45,0,1638.69,2024,9,September,Sunday,6851.61,6166.449
2024-09-08,ORD009795,CUST00690,P015,Dining Table,Furniture,Ahmedabad,Store,UPI,2,20508.39,0.2,41016.78,32813.42,0,2799.88,2024,9,September,Sunday,41016.78,32813.424
2024-09-08,ORD014930,CUST00616,P013,Monitor,Electronics,Mumbai,Online,UPI,1,18457.81,0.25,18457.81,13843.36,0,2936.56,2024,9,September,Sunday,18457.81,13843.357500000002
2024-09-08,ORD012707,CUST03844,P002,Smartphone,Electronics,Mumbai,Online,Net Banking,1,30056.88,0.0,30056.88,30056.88,0,7146.15,2024,9,September,Sunday,30056.88,30056.88
2024-09-08,ORD014892,CUST01744,P014,Keyboard,Electronics,Chennai,Online,UPI,2,2600.25,0.25,5200.5,3900.38,1,-195.02,2024,9,September,Sunday,5200.5,3900.375
2024-09-08,ORD049147,CUST04398,P003,Headphones,Electronics,Bengaluru,Online,UPI,1,4586.54,0.05,4586.54,4357.21,0,493.09,2024,9,September,Sunday,4586.54,4357.213
2024-09-08,ORD016991,CUST02484,P017,Jeans,Fashion,Mumbai,Online,Credit Card,1,2522.3,0.05,2522.3,2396.18,0,317.12,2024,9,September,Sunday,2522.3,2396.185
2024-09-08,ORD019047,CUST01982,P006,Desk,Furniture,Delhi,Online,UPI,2,11729.42,0.25,23458.84,17594.13,0,703.77,2024,9,September,Sunday,23458.84,17594.13
2024-09-08,ORD010807,CUST03515,P020,Microwave,Home,Surat,Store,UPI,2,11386.21,0.05,22772.42,21633.8,0,5823.09,2024,9,September,Sunday,22772.42,21633.799
2024-09-08,ORD023415,CUST03099,P018,Jacket,Fashion,Jaipur,Store,UPI,2,4748.55,0.0,9497.1,9497.1,0,1422.11,2024,9,September,Sunday,9497.1,9497.1
2024-09-08,ORD025329,CUST03328,P018,Jacket,Fashion,Kolkata,Online,UPI,3,5667.96,0.25,17003.88,12752.91,0,1971.3,2024,9,September,Sunday,17003.88,12752.91
2024-09-08,ORD039284,CUST04751,P014,Keyboard,Electronics,Jaipur,Online,Credit Card,1,2739.69,0.1,2739.69,2465.72,0,580.54,2024,9,September,Sunday,2739.69,2465.721
2024-09-08,ORD032037,CUST04078,P015,Dining Table,Furniture,Jaipur,Store,UPI,1,20964.36,0.0,20964.36,20964.36,0,2902.81,2024,9,September,Sunday,20964.36,20964.36
2024-09-08,ORD032778,CUST00072,P003,Headphones,Electronics,Chennai,Online,Debit Card,1,4710.6,0.1,4710.6,4239.54,0,398.13,2024,9,September,Sunday,4710.6,4239.540000000001
2024-09-08,ORD032822,CUST01517,P018,Jacket,Fashion,Hyderabad,Online,Debit Card,1,4748.11,0.05,4748.11,4510.7,0,579.59,2024,9,September,Sunday,4748.11,4510.7045
2024-09-08,ORD022604,CUST01654,P018,Jacket,Fashion,Ahmedabad,Online,UPI,2,4802.14,0.1,9604.28,8643.85,0,1070.18,2024,9,September,Sunday,9604.28,8643.852
2024-09-08,ORD024421,CUST02811,P011,Mixer Grinder,Home,Mumbai,Store,UPI,3,5042.85,0.1,15128.55,13615.7,0,2363.59,2024,9,September,Sunday,15128.550000000001,13615.695
2024-09-08,ORD047598,CUST03469,P001,Laptop,Electronics,Mumbai,Online,UPI,1,63547.01,0.1,63547.01,57192.31,0,13814.93,2024,9,September,Sunday,63547.01,57192.309
2024-09-08,ORD009446,CUST01256,P006,Desk,Furniture,Hyderabad,Online,Cash,1,13146.39,0.05,13146.39,12489.07,0,1944.19,2024,9,September,Sunday,13146.39,12489.070499999998
2024-09-08,ORD035126,CUST04413,P006,Desk,Furniture,Kolkata,Online,UPI,1,11490.76,0.2,11490.76,9192.61,0,595.82,2024,9,September,Sunday,11490.76,9192.608
2024-09-08,ORD048938,CUST02867,P017,Jeans,Fashion,Chennai,Online,UPI,1,2897.77,0.0,2897.77,2897.77,0,845.57,2024,9,September,Sunday,2897.77,2897.77
2024-09-08,ORD003228,CUST04077,P005,Office Chair,Furniture,Pune,Online,UPI,2,10171.05,0.15,20342.1,17290.78,0,2177.15,2024,9,September,Sunday,20342.1,17290.785
2024-09-08,ORD000265,CUST00235,P006,Desk,Furniture,Mumbai,Store,Debit Card,2,12511.7,0.05,25023.4,23772.23,0,6319.78,2024,9,September,Sunday,25023.4,23772.23
2024-09-08,ORD008073,CUST00759,P003,Headphones,Electronics,Bengaluru,Online,UPI,1,4897.22,0.0,4897.22,4897.22,0,742.21,2024,9,September,Sunday,4897.22,4897.22
2024-09-08,ORD029471,CUST00502,P015,Dining Table,Furniture,Pune,Online,Credit Card,4,21684.23,0.05,86736.92,82400.07,0,13559.71,2024,9,September,Sunday,86736.92,82400.074
2024-09-08,ORD020162,CUST01413,P001,Laptop,Electronics,Bengaluru,Store,Debit Card,1,66649.98,0.0,66649.98,66649.98,0,5369.8,2024,9,September,Sunday,66649.98,66649.98
2024-09-08,ORD021105,CUST00936,P005,Office Chair,Furniture,Chennai,Store,UPI,1,8832.64,0.1,8832.64,7949.38,0,1038.01,2024,9,September,Sunday,8832.64,7949.375999999999
2024-09-08,ORD046690,CUST04867,P011,Mixer Grinder,Home,Bengaluru,Online,UPI,5,5201.0,0.2,26005.0,20804.0,0,4664.31,2024,9,September,Sunday,26005.0,20804.0
2024-09-08,ORD031422,CUST03695,P010,Coffee Maker,Home,Ahmedabad,Online,Debit Card,5,5389.89,0.05,26949.45,25601.98,0,6866.89,2024,9,September,Sunday,26949.45,25601.9775
2024-09-08,ORD006159,CUST04913,P004,Smartwatch,Electronics,Hyderabad,Online,Net Banking,1,7545.26,0.15,7545.26,6413.47,0,429.29,2024,9,September,Sunday,7545.26,6413.4710000000005
2024-09-08,ORD001358,CUST01012,P012,Air Fryer,Home,Hyderabad,Store,Debit Card,4,6660.39,0.25,26641.56,19981.17,0,1476.23,2024,9,September,Sunday,26641.56,19981.170000000002
2024-09-08,ORD026607,CUST04029,P012,Air Fryer,Home,Hyderabad,Online,Net Banking,1,6952.18,0.15,6952.18,5909.35,1,-295.47,2024,9,September,Sunday,6952.18,5909.353
2024-09-08,ORD026618,CUST01786,P019,Vacuum Cleaner,Home,Pune,Online,UPI,1,9260.5,0.0,9260.5,9260.5,0,1123.48,2024,9,September,Sunday,9260.5,9260.5
2024-09-08,ORD031539,CUST03746,P004,Smartwatch,Electronics,Pune,Store,Credit Card,2,7664.07,0.1,15328.14,13795.33,0,3232.95,2024,9,September,Sunday,15328.14,13795.326
2024-09-08,ORD049242,CUST04569,P001,Laptop,Electronics,Chennai,Online,UPI,1,65881.74,0.05,65881.74,62587.65,0,8430.26,2024,9,September,Sunday,65881.74,62587.653
2024-09-08,ORD019846,CUST03396,P015,Dining Table,Furniture,Surat,Online,Debit Card,1,21922.01,0.1,21922.01,19729.81,0,5376.44,2024,9,September,Sunday,21922.01,19729.808999999997
2024-09-08,ORD032472,CUST04797,P003,Headphones,Electronics,Surat,Store,UPI,1,4712.99,0.1,4712.99,4241.69,1,-212.08,2024,9,September,Sunday,4712.99,4241.691
2024-09-08,ORD039659,CUST02986,P013,Monitor,Electronics,Mumbai,Store,UPI,5,17245.52,0.2,86227.6,68982.08,0,10742.58,2024,9,September,Sunday,86227.6,68982.08
2024-09-08,ORD010837,CUST02191,P014,Keyboard,Electronics,Ahmedabad,Online,Cash,1,2744.17,0.1,2744.17,2469.75,0,374.65,2024,9,September,Sunday,2744.17,2469.753
2024-09-08,ORD021461,CUST01012,P016,Sofa,Furniture,Hyderabad,Store,UPI,3,38330.84,0.15,114992.52,97743.64,0,22709.1,2024,9,September,Sunday,114992.51999999999,97743.642
2024-09-08,ORD006199,CUST04923,P017,Jeans,Fashion,Hyderabad,Store,Credit Card,1,2738.48,0.0,2738.48,2738.48,0,418.21,2024,9,September,Sunday,2738.48,2738.48
2024-09-09,ORD011162,CUST00973,P011,Mixer Grinder,Home,Chennai,Online,UPI,1,5079.48,0.05,5079.48,4825.51,0,509.01,2024,9,September,Monday,5079.48,4825.505999999999
2024-09-09,ORD039420,CUST00523,P013,Monitor,Electronics,Jaipur,Online,Credit Card,3,18374.4,0.0,55123.2,55123.2,0,12337.52,2024,9,September,Monday,55123.200000000004,55123.2
2024-09-09,ORD017134,CUST00472,P009,T-Shirt,Fashion,Bengaluru,Online,UPI,1,1098.09,0.1,1098.09,988.28,0,121.95,2024,9,September,Monday,1098.09,988.281
2024-09-09,ORD039441,CUST03587,P005,Office Chair,Furniture,Pune,Online,Credit Card,4,10283.41,0.0,41133.64,41133.64,0,10156.75,2024,9,September,Monday,41133.64,41133.64
2024-09-09,ORD041382,CUST02947,P010,Coffee Maker,Home,Hyderabad,Store,Credit Card,5,5387.49,0.2,26937.45,21549.96,1,-1077.5,2024,9,September,Monday,26937.449999999997,21549.960000000003
2024-09-09,ORD030452,CUST00828,P015,Dining Table,Furniture,Bengaluru,Online,Debit Card,2,21750.84,0.05,43501.68,41326.6,0,11532.51,2024,9,September,Monday,43501.68,41326.596
2024-09-09,ORD035717,CUST04467,P017,Jeans,Fashion,Ahmedabad,Store,UPI,4,2771.7,0.15,11086.8,9423.78,0,1428.06,2024,9,September,Monday,11086.8,9423.779999999999
2024-09-09,ORD032214,CUST01576,P009,T-Shirt,Fashion,Bengaluru,Online,Debit Card,3,1111.63,0.1,3334.89,3001.4,0,414.85,2024,9,September,Monday,3334.8900000000003,3001.401
2024-09-09,ORD035337,CUST03191,P017,Jeans,Fashion,Ahmedabad,Online,Credit Card,1,2690.54,0.25,2690.54,2017.9,1,-100.9,2024,9,September,Monday,2690.54,2017.905
2024-09-09,ORD025582,CUST01922,P003,Headphones,Electronics,Jaipur,Online,UPI,4,4065.83,0.1,16263.32,14636.99,0,2335.42,2024,9,September,Monday,16263.32,14636.988
2024-09-09,ORD047484,CUST03178,P002,Smartphone,Electronics,Ahmedabad,Store,UPI,1,25994.41,0.1,25994.41,23394.97,0,5006.09,2024,9,September,Monday,25994.41,23394.969
2024-09-09,ORD048963,CUST02307,P004,Smartwatch,Electronics,Kolkata,Store,UPI,1,7034.89,0.2,7034.89,5627.91,0,965.4,2024,9,September,Monday,7034.89,5627.912
2024-09-09,ORD037096,CUST02152,P013,Monitor,Electronics,Ahmedabad,Online,UPI,1,18277.97,0.05,18277.97,17364.07,0,4429.19,2024,9,September,Monday,18277.97,17364.071500000002
2024-09-09,ORD006318,CUST01968,P003,Headphones,Electronics,Mumbai,Store,Net Banking,2,4303.15,0.0,8606.3,8606.3,0,2321.88,2024,9,September,Monday,8606.3,8606.3
2024-09-09,ORD043229,CUST01289,P011,Mixer Grinder,Home,Pune,Store,Credit Card,2,5261.65,0.2,10523.3,8418.64,0,945.34,2024,9,September,Monday,10523.3,8418.64
2024-09-09,ORD008478,CUST04199,P017,Jeans,Fashion,Mumbai,Store,Credit Card,2,2775.61,0.1,5551.22,4996.1,0,522.2,2024,9,September,Monday,5551.22,4996.098
2024-09-09,ORD048043,CUST02339,P002,Smartphone,Electronics,Kolkata,Online,Credit Card,4,29509.3,0.05,118037.2,112135.34,0,18167.93,2024,9,September,Monday,118037.2,112135.34
2024-09-09,ORD022926,CUST03311,P014,Keyboard,Electronics,Mumbai,Online,Debit Card,3,2663.85,0.1,7991.55,7192.4,0,1857.25,2024,9,September,Monday,7991.549999999999,7192.395
2024-09-09,ORD010476,CUST00714,P012,Air Fryer,Home,Pune,Online,Credit Card,1,7177.07,0.1,7177.07,6459.36,0,421.81,2024,9,September,Monday,7177.07,6459.363
2024-09-09,ORD022263,CUST04741,P006,Desk,Furniture,Ahmedabad,Online,UPI,1,12447.47,0.15,12447.47,10580.35,0,1723.88,2024,9,September,Monday,12447.47,10580.349499999998
2024-09-09,ORD021787,CUST01577,P019,Vacuum Cleaner,Home,Mumbai,Online,Debit Card,5,9416.04,0.05,47080.2,44726.19,0,12511.01,2024,9,September,Monday,47080.200000000004,44726.189999999995
2024-09-09,ORD048609,CUST03225,P007,Backpack,Accessories,Pune,Online,Net Banking,2,2215.17,0.0,4430.34,4430.34,0,831.78,2024,9,September,Monday,4430.34,4430.34
2024-09-09,ORD043988,CUST04861,P013,Monitor,Electronics,Bengaluru,Online,UPI,1,18991.55,0.1,18991.55,17092.4,0,3794.52,2024,9,September,Monday,18991.55,17092.395
2024-09-09,ORD044919,CUST03732,P010,Coffee Maker,Home,Surat,Online,Credit Card,1,5510.75,0.1,5510.75,4959.68,0,328.87,2024,9,September,Monday,5510.75,4959.675
2024-09-09,ORD048183,CUST00302,P012,Air Fryer,Home,Mumbai,Online,UPI,5,6643.56,0.2,33217.8,26574.24,0,4627.1,2024,9,September,Monday,33217.8,26574.240000000005
2024-09-09,ORD001574,CUST04501,P018,Jacket,Fashion,Delhi,Store,UPI,5,5425.3,0.2,27126.5,21701.2,0,1776.01,2024,9,September,Monday,27126.5,21701.2
2024-09-09,ORD027946,CUST01335,P013,Monitor,Electronics,Hyderabad,Store,UPI,1,18535.1,0.05,18535.1,17608.34,0,2808.45,2024,9,September,Monday,18535.1,17608.344999999998
2024-09-09,ORD019941,CUST03122,P003,Headphones,Electronics,Chennai,Online,Net Banking,1,4566.64,0.05,4566.64,4338.31,0,1135.03,2024,9,September,Monday,4566.64,4338.308
2024-09-09,ORD021209,CUST01680,P004,Smartwatch,Electronics,Jaipur,Online,Credit Card,2,7167.16,0.0,14334.32,14334.32,0,3910.14,2024,9,September,Monday,14334.32,14334.32
2024-09-09,ORD027639,CUST04257,P003,Headphones,Electronics,Surat,Store,UPI,2,4539.04,0.2,9078.08,7262.46,0,861.65,2024,9,September,Monday,9078.08,7262.464
2024-09-09,ORD047341,CUST00139,P013,Monitor,Electronics,Ahmedabad,Store,Credit Card,3,18411.34,0.05,55234.02,52472.32,0,10156.87,2024,9,September,Monday,55234.020000000004,52472.318999999996
2024-09-09,ORD034325,CUST04530,P013,Monitor,Electronics,Jaipur,Online,Debit Card,2,17659.17,0.2,35318.34,28254.67,0,5159.74,2024,9,September,Monday,35318.34,28254.672
2024-09-09,ORD009499,CUST03037,P003,Headphones,Electronics,Kolkata,Online,UPI,1,4364.63,0.0,4364.63,4364.63,0,1257.32,2024,9,September,Monday,4364.63,4364.63
2024-09-09,ORD000855,CUST04228,P012,Air Fryer,Home,Pune,Online,UPI,2,7863.45,0.15,15726.9,13367.86,0,998.07,2024,9,September,Monday,15726.9,13367.865
2024-09-09,ORD003373,CUST04959,P003,Headphones,Electronics,Surat,Online,UPI,3,4302.19,0.0,12906.57,12906.57,0,3682.0,2024,9,September,Monday,12906.57,12906.57
2024-09-09,ORD019799,CUST04227,P013,Monitor,Electronics,Mumbai,Online,Credit Card,1,18116.74,0.05,18116.74,17210.9,0,2862.01,2024,9,September,Monday,18116.74,17210.903000000002
2024-09-09,ORD036901,CUST03271,P004,Smartwatch,Electronics,Surat,Store,Debit Card,2,7249.46,0.15,14498.92,12324.08,0,2880.79,2024,9,September,Monday,14498.92,12324.082
2024-09-09,ORD007730,CUST04370,P013,Monitor,Electronics,Delhi,Online,Cash,2,17086.8,0.15,34173.6,29047.56,0,6950.12,2024,9,September,Monday,34173.6,29047.559999999998
2024-09-09,ORD032091,CUST02602,P014,Keyboard,Electronics,Pune,Online,UPI,1,2706.68,0.05,2706.68,2571.35,0,250.92,2024,9,September,Monday,2706.68,2571.3459999999995
2024-09-09,ORD042132,CUST04476,P018,Jacket,Fashion,Surat,Online,Credit Card,3,4757.01,0.1,14271.03,12843.93,0,2309.85,2024,9,September,Monday,14271.03,12843.927000000001
2024-09-09,ORD040033,CUST04042,P001,Laptop,Electronics,Chennai,Online,Credit Card,1,69383.11,0.05,69383.11,65913.95,0,12694.77,2024,9,September,Monday,69383.11,65913.95449999999
2024-09-09,ORD014515,CUST04605,P014,Keyboard,Electronics,Pune,Online,Debit Card,2,2424.0,0.05,4848.0,4605.6,0,1101.19,2024,9,September,Monday,4848.0,4605.599999999999
2024-09-09,ORD040119,CUST02517,P006,Desk,Furniture,Hyderabad,Online,UPI,1,11601.21,0.05,11601.21,11021.15,0,2450.58,2024,9,September,Monday,11601.21,11021.1495
2024-09-09,ORD006323,CUST03620,P001,Laptop,Electronics,Kolkata,Online,UPI,1,59207.41,0.05,59207.41,56247.04,0,5412.02,2024,9,September,Monday,59207.41,56247.0395
2024-09-09,ORD005776,CUST03999,P009,T-Shirt,Fashion,Kolkata,Online,Debit Card,1,1135.89,0.0,1135.89,1135.89,0,335.03,2024,9,September,Monday,1135.89,1135.89
2024-09-09,ORD040266,CUST00463,P014,Keyboard,Electronics,Ahmedabad,Store,Credit Card,2,2593.9,0.15,5187.8,4409.63,0,485.6,2024,9,September,Monday,5187.8,4409.63
2024-09-09,ORD042924,CUST01078,P014,Keyboard,Electronics,Pune,Online,UPI,1,2520.27,0.0,2520.27,2520.27,1,-126.01,2024,9,September,Monday,2520.27,2520.27
2024-09-09,ORD039660,CUST02401,P006,Desk,Furniture,Chennai,Online,Debit Card,2,12421.22,0.2,24842.44,19873.95,0,1253.84,2024,9,September,Monday,24842.44,19873.952
2024-09-09,ORD000933,CUST03132,P014,Keyboard,Electronics,Surat,Online,Cash,1,2563.12,0.1,2563.12,2306.81,0,234.29,2024,9,September,Monday,2563.12,2306.808
2024-09-09,ORD016186,CUST02459,P006,Desk,Furniture,Surat,Online,Credit Card,1,11527.42,0.05,11527.42,10951.05,0,1313.07,2024,9,September,Monday,11527.42,10951.048999999999
2024-09-09,ORD010668,CUST02662,P017,Jeans,Fashion,Bengaluru,Store,UPI,1,2726.58,0.1,2726.58,2453.92,0,169.94,2024,9,September,Monday,2726.58,2453.922
2024-09-09,ORD022501,CUST00972,P001,Laptop,Electronics,Pune,Store,Credit Card,5,58602.68,0.1,293013.4,263712.06,1,-13185.6,2024,9,September,Monday,293013.4,263712.06000000006
2024-09-09,ORD034520,CUST02624,P015,Dining Table,Furniture,Jaipur,Online,Credit Card,1,21422.27,0.1,21422.27,19280.04,0,2746.94,2024,9,September,Monday,21422.27,19280.043
2024-09-09,ORD004142,CUST01512,P008,Running Shoes,Fashion,Delhi,Online,Debit Card,4,4387.94,0.0,17551.76,17551.76,0,5170.11,2024,9,September,Monday,17551.76,17551.76
2024-09-09,ORD035100,CUST00025,P002,Smartphone,Electronics,Bengaluru,Store,UPI,1,28952.9,0.15,28952.9,24609.96,0,2083.89,2024,9,September,Monday,28952.9,24609.965
2024-09-09,ORD027717,CUST04794,P014,Keyboard,Electronics,Surat,Online,UPI,1,2404.95,0.15,2404.95,2044.21,0,234.44,2024,9,September,Monday,2404.95,2044.2074999999998
2024-09-09,ORD028398,CUST00712,P017,Jeans,Fashion,Pune,Online,UPI,1,3008.92,0.0,3008.92,3008.92,0,476.6,2024,9,September,Monday,3008.92,3008.92
2024-09-09,ORD015750,CUST03251,P014,Keyboard,Electronics,Mumbai,Online,UPI,1,2556.17,0.15,2556.17,2172.74,0,402.27,2024,9,September,Monday,2556.17,2172.7445
2024-09-10,ORD046140,CUST00766,P006,Desk,Furniture,Bengaluru,Online,Credit Card,4,11295.39,0.1,45181.56,40663.4,0,10231.61,2024,9,September,Tuesday,45181.56,40663.404
2024-09-10,ORD004595,CUST02038,P002,Smartphone,Electronics,Mumbai,Online,Credit Card,1,25878.05,0.15,25878.05,21996.34,0,3099.95,2024,9,September,Tuesday,25878.05,21996.3425
2024-09-10,ORD033830,CUST00005,P019,Vacuum Cleaner,Home,Delhi,Online,UPI,2,8703.53,0.1,17407.06,15666.35,0,1591.21,2024,9,September,Tuesday,17407.06,15666.354000000001
2024-09-10,ORD022986,CUST01391,P020,Microwave,Home,Delhi,Online,Credit Card,1,10735.34,0.1,10735.34,9661.81,1,-483.09,2024,9,September,Tuesday,10735.34,9661.806
2024-09-10,ORD007915,CUST00384,P019,Vacuum Cleaner,Home,Bengaluru,Online,UPI,2,8295.16,0.15,16590.32,14101.77,0,3217.68,2024,9,September,Tuesday,16590.32,14101.771999999999
2024-09-10,ORD033406,CUST01802,P008,Running Shoes,Fashion,Kolkata,Online,Net Banking,1,3803.38,0.1,3803.38,3423.04,0,410.79,2024,9,September,Tuesday,3803.38,3423.0420000000004
2024-09-10,ORD000291,CUST00521,P008,Running Shoes,Fashion,Ahmedabad,Store,UPI,2,4237.38,0.0,8474.76,8474.76,0,989.94,2024,9,September,Tuesday,8474.76,8474.76
2024-09-10,ORD032229,CUST04611,P014,Keyboard,Electronics,Bengaluru,Online,UPI,3,2284.22,0.1,6852.66,6167.39,0,415.43,2024,9,September,Tuesday,6852.66,6167.394
2024-09-10,ORD036697,CUST03618,P013,Monitor,Electronics,Delhi,Online,Credit Card,1,17008.74,0.1,17008.74,15307.87,0,3448.51,2024,9,September,Tuesday,17008.74,15307.866000000002
2024-09-10,ORD028464,CUST05000,P002,Smartphone,Electronics,Mumbai,Online,Credit Card,2,25562.5,0.15,51125.0,43456.25,0,5556.43,2024,9,September,Tuesday,51125.0,43456.25
2024-09-10,ORD028612,CUST01662,P005,Office Chair,Furniture,Pune,Online,UPI,2,8981.03,0.05,17962.06,17063.96,0,1840.74,2024,9,September,Tuesday,17962.06,17063.957000000002
2024-09-10,ORD022636,CUST04756,P005,Office Chair,Furniture,Jaipur,Store,Credit Card,1,10079.68,0.05,10079.68,9575.7,0,1744.75,2024,9,September,Tuesday,10079.68,9575.696
2024-09-10,ORD016817,CUST04517,P019,Vacuum Cleaner,Home,Pune,Online,UPI,1,9895.82,0.0,9895.82,9895.82,0,2079.46,2024,9,September,Tuesday,9895.82,9895.82
2024-09-10,ORD040936,CUST01019,P011,Mixer Grinder,Home,Hyderabad,Online,UPI,3,4701.17,0.15,14103.51,11987.98,0,2887.2,2024,9,September,Tuesday,14103.51,11987.9835
2024-09-10,ORD031065,CUST04864,P019,Vacuum Cleaner,Home,Delhi,Online,UPI,1,8157.89,0.15,8157.89,6934.21,0,1468.8,2024,9,September,Tuesday,8157.89,6934.2065
2024-09-10,ORD037783,CUST04412,P018,Jacket,Fashion,Surat,Store,Net Banking,1,4727.44,0.1,4727.44,4254.7,0,1071.43,2024,9,September,Tuesday,4727.44,4254.696
2024-09-10,ORD020304,CUST01761,P020,Microwave,Home,Ahmedabad,Online,Credit Card,1,11245.06,0.15,11245.06,9558.3,0,1504.13,2024,9,September,Tuesday,11245.06,9558.301
2024-09-10,ORD022483,CUST02244,P015,Dining Table,Furniture,Chennai,Online,UPI,1,20696.11,0.15,20696.11,17591.69,0,1381.11,2024,9,September,Tuesday,20696.11,17591.6935
2024-09-10,ORD024639,CUST00591,P017,Jeans,Fashion,Kolkata,Online,UPI,1,3033.11,0.2,3033.11,2426.49,0,514.73,2024,9,September,Tuesday,3033.11,2426.4880000000003
2024-09-10,ORD008356,CUST03156,P002,Smartphone,Electronics,Pune,Online,Cash,4,28331.56,0.0,113326.24,113326.24,0,24544.03,2024,9,September,Tuesday,113326.24,113326.24
2024-09-10,ORD006453,CUST02872,P005,Office Chair,Furniture,Mumbai,Store,UPI,2,9857.74,0.15,19715.48,16758.16,0,4074.74,2024,9,September,Tuesday,19715.48,16758.158
2024-09-10,ORD045375,CUST02904,P006,Desk,Furniture,Jaipur,Store,UPI,2,11749.87,0.05,23499.74,22324.75,0,2609.62,2024,9,September,Tuesday,23499.74,22324.753
2024-09-10,ORD048091,CUST02825,P015,Dining Table,Furniture,Ahmedabad,Online,Cash,2,23423.42,0.0,46846.84,46846.84,0,10013.59,2024,9,September,Tuesday,46846.84,46846.84
2024-09-10,ORD001678,CUST03658,P020,Microwave,Home,Hyderabad,Online,Debit Card,2,10112.74,0.1,20225.48,18202.93,1,-910.15,2024,9,September,Tuesday,20225.48,18202.932
2024-09-10,ORD002543,CUST01429,P002,Smartphone,Electronics,Pune,Online,Debit Card,2,29455.63,0.15,58911.26,50074.57,0,9891.75,2024,9,September,Tuesday,58911.26,50074.571
2024-09-10,ORD013473,CUST03249,P001,Laptop,Electronics,Bengaluru,Online,UPI,1,69098.04,0.05,69098.04,65643.14,0,10653.25,2024,9,September,Tuesday,69098.04,65643.13799999999
2024-09-10,ORD018943,CUST00350,P013,Monitor,Electronics,Delhi,Online,Debit Card,2,17910.14,0.1,35820.28,32238.25,0,5195.7,2024,9,September,Tuesday,35820.28,32238.252
2024-09-10,ORD020935,CUST00385,P017,Jeans,Fashion,Mumbai,Store,Credit Card,1,3010.96,0.25,3010.96,2258.22,0,342.95,2024,9,September,Tuesday,3010.96,2258.2200000000003
2024-09-10,ORD004150,CUST03699,P019,Vacuum Cleaner,Home,Hyderabad,Store,UPI,1,8676.63,0.05,8676.63,8242.8,1,-412.14,2024,9,September,Tuesday,8676.63,8242.798499999999
2024-09-10,ORD030796,CUST02616,P003,Headphones,Electronics,Delhi,Online,Credit Card,2,4585.36,0.0,9170.72,9170.72,0,1995.39,2024,9,September,Tuesday,9170.72,9170.72
2024-09-10,ORD032284,CUST02687,P008,Running Shoes,Fashion,Kolkata,Online,UPI,3,4290.96,0.05,12872.88,12229.24,0,1880.09,2024,9,September,Tuesday,12872.880000000001,12229.235999999999
2024-09-10,ORD004449,CUST04497,P017,Jeans,Fashion,Delhi,Online,Debit Card,2,3049.59,0.1,6099.18,5489.26,0,571.9,2024,9,September,Tuesday,6099.18,5489.262000000001
2024-09-10,ORD032300,CUST04277,P009,T-Shirt,Fashion,Ahmedabad,Store,UPI,1,1135.48,0.1,1135.48,1021.93,0,156.1,2024,9,September,Tuesday,1135.48,1021.932
2024-09-10,ORD010103,CUST00225,P018,Jacket,Fashion,Delhi,Online,Debit Card,4,5015.87,0.05,20063.48,19060.31,0,1627.76,2024,9,September,Tuesday,20063.48,19060.306
2024-09-10,ORD017733,CUST03973,P005,Office Chair,Furniture,Bengaluru,Online,UPI,1,9036.76,0.05,9036.76,8584.92,0,978.8,2024,9,September,Tuesday,9036.76,8584.922
2024-09-10,ORD044177,CUST01242,P016,Sofa,Furniture,Surat,Store,UPI,3,34394.4,0.15,103183.2,87705.72,0,17162.84,2024,9,September,Tuesday,103183.20000000001,87705.72
2024-09-10,ORD002968,CUST02712,P012,Air Fryer,Home,Kolkata,Online,UPI,1,7811.1,0.1,7811.1,7029.99,0,1534.77,2024,9,September,Tuesday,7811.1,7029.990000000001
2024-09-10,ORD011220,CUST01513,P002,Smartphone,Electronics,Jaipur,Store,Credit Card,1,28190.98,0.2,28190.98,22552.78,0,3083.28,2024,9,September,Tuesday,28190.98,22552.784
2024-09-10,ORD009180,CUST03163,P003,Headphones,Electronics,Jaipur,Store,Debit Card,2,4667.45,0.0,9334.9,9334.9,0,1607.75,2024,9,September,Tuesday,9334.9,9334.9
2024-09-10,ORD024238,CUST04177,P002,Smartphone,Electronics,Surat,Store,Net Banking,1,26629.0,0.2,26629.0,21303.2,0,2487.6,2024,9,September,Tuesday,26629.0,21303.2
2024-09-10,ORD011324,CUST04959,P005,Office Chair,Furniture,Kolkata,Store,Cash,1,10283.4,0.05,10283.4,9769.23,1,-488.46,2024,9,September,Tuesday,10283.4,9769.23
2024-09-10,ORD039888,CUST02462,P003,Headphones,Electronics,Pune,Online,UPI,1,4293.28,0.2,4293.28,3434.62,0,198.63,2024,9,September,Tuesday,4293.28,3434.624
2024-09-10,ORD025626,CUST01393,P008,Running Shoes,Fashion,Delhi,Store,Credit Card,1,3783.18,0.05,3783.18,3594.02,1,-179.7,2024,9,September,Tuesday,3783.18,3594.0209999999997
2024-09-10,ORD010229,CUST00655,P008,Running Shoes,Fashion,Kolkata,Online,UPI,3,4583.43,0.05,13750.29,13062.78,1,-653.14,2024,9,September,Tuesday,13750.29,13062.7755
2024-09-10,ORD003973,CUST04369,P008,Running Shoes,Fashion,Delhi,Online,Cash,3,3914.92,0.05,11744.76,11157.52,0,2192.39,2024,9,September,Tuesday,11744.76,11157.521999999999
2024-09-10,ORD019235,CUST03984,P020,Microwave,Home,Bengaluru,Online,Credit Card,1,10672.52,0.1,10672.52,9605.27,0,2648.2,2024,9,September,Tuesday,10672.52,9605.268
2024-09-10,ORD026231,CUST02240,P020,Microwave,Home,Hyderabad,Store,Credit Card,3,10550.45,0.0,31651.35,31651.35,0,6803.95,2024,9,September,Tuesday,31651.350000000002,31651.35
2024-09-10,ORD024797,CUST03946,P016,Sofa,Furniture,Bengaluru,Store,UPI,3,37273.95,0.0,111821.85,111821.85,0,22559.62,2024,9,September,Tuesday,111821.84999999999,111821.85
2024-09-10,ORD021830,CUST01559,P012,Air Fryer,Home,Delhi,Online,UPI,1,7744.75,0.15,7744.75,6583.04,0,1758.92,2024,9,September,Tuesday,7744.75,6583.037499999999
2024-09-10,ORD040564,CUST01777,P011,Mixer Grinder,Home,Delhi,Online,Credit Card,1,4821.77,0.0,4821.77,4821.77,0,460.88,2024,9,September,Tuesday,4821.77,4821.77
2024-09-10,ORD042250,CUST04095,P009,T-Shirt,Fashion,Jaipur,Online,Cash,1,1310.0,0.0,1310.0,1310.0,0,378.11,2024,9,September,Tuesday,1310.0,1310.0
2024-09-10,ORD028943,CUST03157,P016,Sofa,Furniture,Chennai,Store,Debit Card,1,36581.52,0.1,36581.52,32923.37,0,3347.68,2024,9,September,Tuesday,36581.52,32923.367999999995
2024-09-10,ORD047735,CUST01495,P020,Microwave,Home,Jaipur,Store,Net Banking,1,11342.58,0.0,11342.58,11342.58,0,1015.68,2024,9,September,Tuesday,11342.58,11342.58
2024-09-10,ORD010744,CUST04566,P016,Sofa,Furniture,Jaipur,Online,Credit Card,1,32293.01,0.15,32293.01,27449.06,0,3721.61,2024,9,September,Tuesday,32293.01,27449.0585
2024-09-10,ORD002097,CUST04502,P007,Backpack,Accessories,Mumbai,Online,Credit Card,1,2235.99,0.15,2235.99,1900.59,0,387.85,2024,9,September,Tuesday,2235.99,1900.5914999999998
2024-09-10,ORD013412,CUST02661,P008,Running Shoes,Fashion,Chennai,Store,UPI,1,4483.54,0.2,4483.54,3586.83,0,757.48,2024,9,September,Tuesday,4483.54,3586.8320000000003
2024-09-10,ORD020756,CUST00217,P012,Air Fryer,Home,Hyderabad,Store,UPI,4,6630.66,0.15,26522.64,22544.24,0,4536.07,2024,9,September,Tuesday,26522.64,22544.244
2024-09-10,ORD002652,CUST03044,P005,Office Chair,Furniture,Delhi,Store,UPI,2,9675.72,0.15,19351.44,16448.72,0,823.32,2024,9,September,Tuesday,19351.44,16448.724
2024-09-11,ORD039180,CUST02899,P010,Coffee Maker,Home,Ahmedabad,Online,UPI,1,5525.02,0.15,5525.02,4696.27,0,835.18,2024,9,September,Wednesday,5525.02,4696.267
2024-09-11,ORD005993,CUST04738,P001,Laptop,Electronics,Kolkata,Store,Net Banking,5,59914.57,0.2,299572.85,239658.28,0,38935.89,2024,9,September,Wednesday,299572.85,239658.28
2024-09-11,ORD035332,CUST01025,P004,Smartwatch,Electronics,Jaipur,Store,Cash,3,7383.7,0.25,22151.1,16613.32,0,4029.07,2024,9,September,Wednesday,22151.1,16613.324999999997
2024-09-11,ORD023304,CUST01908,P003,Headphones,Electronics,Ahmedabad,Online,UPI,5,4215.43,0.05,21077.15,20023.29,0,1909.26,2024,9,September,Wednesday,21077.15,20023.2925
2024-09-11,ORD047719,CUST01044,P003,Headphones,Electronics,Bengaluru,Store,Debit Card,1,4733.53,0.05,4733.53,4496.85,0,850.08,2024,9,September,Wednesday,4733.53,4496.853499999999
2024-09-11,ORD029596,CUST04600,P019,Vacuum Cleaner,Home,Bengaluru,Online,UPI,2,8450.83,0.2,16901.66,13521.33,0,3306.67,2024,9,September,Wednesday,16901.66,13521.328000000001
2024-09-11,ORD022425,CUST03514,P010,Coffee Maker,Home,Pune,Store,UPI,2,5616.03,0.25,11232.06,8424.04,0,1445.17,2024,9,September,Wednesday,11232.06,8424.045
2024-09-11,ORD048023,CUST02873,P009,T-Shirt,Fashion,Chennai,Store,Credit Card,1,1308.57,0.15,1308.57,1112.28,0,187.57,2024,9,September,Wednesday,1308.57,1112.2845
2024-09-11,ORD037389,CUST03474,P015,Dining Table,Furniture,Pune,Online,UPI,2,21625.96,0.15,43251.92,36764.13,0,9472.45,2024,9,September,Wednesday,43251.92,36764.132
2024-09-11,ORD046677,CUST02119,P005,Office Chair,Furniture,Ahmedabad,Store,UPI,1,9818.28,0.0,9818.28,9818.28,0,956.77,2024,9,September,Wednesday,9818.28,9818.28
2024-09-11,ORD016692,CUST03182,P012,Air Fryer,Home,Delhi,Online,Credit Card,2,6612.71,0.0,13225.42,13225.42,0,3682.65,2024,9,September,Wednesday,13225.42,13225.42
2024-09-11,ORD016639,CUST03876,P016,Sofa,Furniture,Jaipur,Online,UPI,1,35724.4,0.1,35724.4,32151.96,0,6869.32,2024,9,September,Wednesday,35724.4,32151.960000000003
2024-09-11,ORD014872,CUST03412,P017,Jeans,Fashion,Mumbai,Store,UPI,1,3036.45,0.05,3036.45,2884.63,0,275.54,2024,9,September,Wednesday,3036.45,2884.6274999999996
2024-09-11,ORD008959,CUST04823,P002,Smartphone,Electronics,Chennai,Store,UPI,1,25835.87,0.1,25835.87,23252.28,0,3238.9,2024,9,September,Wednesday,25835.87,23252.283
2024-09-11,ORD024122,CUST04927,P007,Backpack,Accessories,Delhi,Online,Debit Card,1,2045.62,0.0,2045.62,2045.62,0,212.01,2024,9,September,Wednesday,2045.62,2045.62
2024-09-11,ORD025173,CUST01826,P015,Dining Table,Furniture,Hyderabad,Online,Net Banking,1,23948.76,0.1,23948.76,21553.88,0,2270.89,2024,9,September,Wednesday,23948.76,21553.884
2024-09-11,ORD035626,CUST02708,P011,Mixer Grinder,Home,Mumbai,Online,Credit Card,2,4822.47,0.05,9644.94,9162.69,0,794.01,2024,9,September,Wednesday,9644.94,9162.693
2024-09-11,ORD000765,CUST02524,P012,Air Fryer,Home,Hyderabad,Online,Debit Card,1,6665.22,0.2,6665.22,5332.18,0,1169.76,2024,9,September,Wednesday,6665.22,5332.176
2024-09-11,ORD019660,CUST04249,P004,Smartwatch,Electronics,Bengaluru,Online,UPI,1,6684.93,0.05,6684.93,6350.68,1,-317.53,2024,9,September,Wednesday,6684.93,6350.6835
2024-09-11,ORD015858,CUST04656,P001,Laptop,Electronics,Jaipur,Online,Credit Card,1,71423.56,0.0,71423.56,71423.56,0,7463.33,2024,9,September,Wednesday,71423.56,71423.56
2024-09-11,ORD006727,CUST00641,P014,Keyboard,Electronics,Ahmedabad,Online,UPI,1,2428.76,0.15,2428.76,2064.45,0,188.0,2024,9,September,Wednesday,2428.76,2064.446
2024-09-11,ORD044283,CUST00107,P007,Backpack,Accessories,Delhi,Store,UPI,1,2326.9,0.0,2326.9,2326.9,0,565.87,2024,9,September,Wednesday,2326.9,2326.9
2024-09-11,ORD043926,CUST02769,P011,Mixer Grinder,Home,Surat,Online,UPI,1,5268.31,0.15,5268.31,4478.06,0,818.41,2024,9,September,Wednesday,5268.31,4478.0635
2024-09-11,ORD049073,CUST03017,P020,Microwave,Home,Surat,Online,Net Banking,1,11934.65,0.1,11934.65,10741.18,0,2777.69,2024,9,September,Wednesday,11934.65,10741.185
2024-09-11,ORD038049,CUST01673,P020,Microwave,Home,Bengaluru,Online,Cash,1,10081.44,0.1,10081.44,9073.3,1,-453.66,2024,9,September,Wednesday,10081.44,9073.296
2024-09-11,ORD037433,CUST00882,P008,Running Shoes,Fashion,Kolkata,Online,Credit Card,1,4131.93,0.2,4131.93,3305.54,0,586.07,2024,9,September,Wednesday,4131.93,3305.5440000000003
2024-09-11,ORD026646,CUST04390,P017,Jeans,Fashion,Bengaluru,Online,Net Banking,2,2900.46,0.2,5800.92,4640.74,0,527.64,2024,9,September,Wednesday,5800.92,4640.736
2024-09-11,ORD001527,CUST04781,P009,T-Shirt,Fashion,Delhi,Online,Cash,1,1228.91,0.15,1228.91,1044.57,0,96.76,2024,9,September,Wednesday,1228.91,1044.5735
2024-09-11,ORD043194,CUST01802,P005,Office Chair,Furniture,Delhi,Online,Credit Card,2,8638.0,0.15,17276.0,14684.6,0,3757.12,2024,9,September,Wednesday,17276.0,14684.6
2024-09-11,ORD049497,CUST02070,P007,Backpack,Accessories,Chennai,Online,UPI,2,2063.4,0.05,4126.8,3920.46,0,995.62,2024,9,September,Wednesday,4126.8,3920.46
2024-09-11,ORD005668,CUST01855,P005,Office Chair,Furniture,Ahmedabad,Store,UPI,2,9618.91,0.0,19237.82,19237.82,0,5086.55,2024,9,September,Wednesday,19237.82,19237.82
2024-09-11,ORD039031,CUST00339,P020,Microwave,Home,Chennai,Store,Credit Card,1,11422.27,0.1,11422.27,10280.04,0,1683.49,2024,9,September,Wednesday,11422.27,10280.043000000001
2024-09-11,ORD001737,CUST02115,P013,Monitor,Electronics,Hyderabad,Online,UPI,2,18844.27,0.05,37688.54,35804.11,0,2648.6,2024,9,September,Wednesday,37688.54,35804.113
2024-09-11,ORD010227,CUST03447,P005,Office Chair,Furniture,Jaipur,Online,UPI,1,9320.07,0.15,9320.07,7922.06,0,1492.45,2024,9,September,Wednesday,9320.07,7922.059499999999
2024-09-11,ORD018428,CUST01516,P003,Headphones,Electronics,Jaipur,Store,UPI,1,4803.02,0.05,4803.02,4562.87,0,969.08,2024,9,September,Wednesday,4803.02,4562.869000000001
2024-09-11,ORD020390,CUST03885,P001,Laptop,Electronics,Hyderabad,Online,Debit Card,1,69457.36,0.05,69457.36,65984.49,0,11306.75,2024,9,September,Wednesday,69457.36,65984.492
2024-09-11,ORD017956,CUST04681,P013,Monitor,Electronics,Hyderabad,Store,Net Banking,1,17891.59,0.05,17891.59,16997.01,0,4031.68,2024,9,September,Wednesday,17891.59,16997.0105
2024-09-11,ORD028611,CUST02872,P003,Headphones,Electronics,Hyderabad,Store,Net Banking,1,4354.58,0.05,4354.58,4136.85,0,953.49,2024,9,September,Wednesday,4354.58,4136.851
2024-09-11,ORD011911,CUST01936,P020,Microwave,Home,Jaipur,Online,Net Banking,1,10714.43,0.0,10714.43,10714.43,0,3159.83,2024,9,September,Wednesday,10714.43,10714.43
2024-09-11,ORD047639,CUST01585,P001,Laptop,Electronics,Delhi,Online,UPI,1,67753.66,0.1,67753.66,60978.29,0,6976.27,2024,9,September,Wednesday,67753.66,60978.294
2024-09-11,ORD032233,CUST03567,P015,Dining Table,Furniture,Pune,Store,UPI,2,23394.74,0.1,46789.48,42110.53,0,10869.15,2024,9,September,Wednesday,46789.48,42110.53200000001
2024-09-11,ORD010409,CUST04334,P015,Dining Table,Furniture,Surat,Store,Debit Card,2,21041.89,0.2,42083.78,33667.02,0,4673.81,2024,9,September,Wednesday,42083.78,33667.024
2024-09-11,ORD026775,CUST01543,P006,Desk,Furniture,Delhi,Online,Debit Card,1,12410.53,0.15,12410.53,10548.95,0,1007.99,2024,9,September,Wednesday,12410.53,10548.9505
2024-09-11,ORD030611,CUST02012,P020,Microwave,Home,Bengaluru,Store,Credit Card,3,11020.28,0.05,33060.84,31407.8,0,4376.57,2024,9,September,Wednesday,33060.840000000004,31407.797999999995
2024-09-11,ORD029318,CUST00453,P012,Air Fryer,Home,Jaipur,Store,UPI,2,6856.11,0.05,13712.22,13026.61,0,3705.95,2024,9,September,Wednesday,13712.22,13026.608999999999
2024-09-11,ORD036540,CUST00748,P006,Desk,Furniture,Ahmedabad,Store,Debit Card,3,12670.61,0.15,38011.83,32310.06,0,1889.8,2024,9,September,Wednesday,38011.83,32310.055500000002
2024-09-11,ORD043649,CUST01091,P012,Air Fryer,Home,Bengaluru,Online,Credit Card,1,7481.44,0.1,7481.44,6733.3,0,637.77,2024,9,September,Wednesday,7481.44,6733.295999999999
2024-09-11,ORD023349,CUST03557,P014,Keyboard,Electronics,Pune,Online,UPI,5,2297.15,0.15,11485.75,9762.89,1,-488.14,2024,9,September,Wednesday,11485.75,9762.887499999999
2024-09-11,ORD047618,CUST03350,P009,T-Shirt,Fashion,Hyderabad,Store,Credit Card,1,1216.12,0.1,1216.12,1094.51,0,121.32,2024,9,September,Wednesday,1216.12,1094.508
2024-09-11,ORD008627,CUST02543,P011,Mixer Grinder,Home,Ahmedabad,Online,Credit Card,1,5126.93,0.1,5126.93,4614.24,0,792.42,2024,9,September,Wednesday,5126.93,4614.237
2024-09-11,ORD023873,CUST04934,P006,Desk,Furniture,Mumbai,Online,Cash,1,13136.63,0.2,13136.63,10509.3,0,2333.59,2024,9,September,Wednesday,13136.63,10509.304
2024-09-11,ORD049741,CUST01024,P013,Monitor,Electronics,Pune,Store,UPI,1,18043.9,0.1,18043.9,16239.51,0,3576.12,2024,9,September,Wednesday,18043.9,16239.510000000002
2024-09-11,ORD026392,CUST02886,P001,Laptop,Electronics,Hyderabad,Store,Net Banking,3,67672.3,0.1,203016.9,182715.21,0,48201.94,2024,9,September,Wednesday,203016.90000000002,182715.21
2024-09-11,ORD005940,CUST03375,P016,Sofa,Furniture,Surat,Store,Debit Card,1,37560.1,0.1,37560.1,33804.09,0,6304.22,2024,9,September,Wednesday,37560.1,33804.09
2024-09-11,ORD047500,CUST02506,P005,Office Chair,Furniture,Chennai,Store,UPI,2,8576.62,0.0,17153.24,17153.24,0,2094.65,2024,9,September,Wednesday,17153.24,17153.24
2024-09-11,ORD021836,CUST00001,P001,Laptop,Electronics,Ahmedabad,Store,Credit Card,1,70009.64,0.15,70009.64,59508.19,0,13542.84,2024,9,September,Wednesday,70009.64,59508.193999999996
2024-09-11,ORD026141,CUST03283,P015,Dining Table,Furniture,Jaipur,Store,Credit Card,1,21302.54,0.2,21302.54,17042.03,0,3329.79,2024,9,September,Wednesday,21302.54,17042.032000000003
2024-09-11,ORD009443,CUST00571,P016,Sofa,Furniture,Mumbai,Store,Credit Card,4,35450.29,0.05,141801.16,134711.1,0,27500.29,2024,9,September,Wednesday,141801.16,134711.10199999998
2024-09-11,ORD004954,CUST02226,P019,Vacuum Cleaner,Home,Bengaluru,Online,Net Banking,1,9641.23,0.0,9641.23,9641.23,0,2618.98,2024,9,September,Wednesday,9641.23,9641.23
2024-09-11,ORD048881,CUST03661,P019,Vacuum Cleaner,Home,Pune,Online,Credit Card,1,9039.27,0.15,9039.27,7683.38,0,740.51,2024,9,September,Wednesday,9039.27,7683.3795
2024-09-12,ORD032121,CUST00853,P019,Vacuum Cleaner,Home,Pune,Online,Credit Card,1,9704.31,0.1,9704.31,8733.88,0,1669.16,2024,9,September,Thursday,9704.31,8733.878999999999
2024-09-12,ORD027492,CUST01706,P014,Keyboard,Electronics,Chennai,Store,Net Banking,5,2536.52,0.1,12682.6,11414.34,0,2281.24,2024,9,September,Thursday,12682.6,11414.34
2024-09-12,ORD000511,CUST01008,P004,Smartwatch,Electronics,Ahmedabad,Online,Credit Card,3,6745.07,0.15,20235.21,17199.93,0,2305.98,2024,9,September,Thursday,20235.21,17199.928499999998
2024-09-12,ORD006078,CUST00517,P013,Monitor,Electronics,Surat,Online,UPI,1,18790.37,0.15,18790.37,15971.81,0,1913.97,2024,9,September,Thursday,18790.37,15971.814499999999
2024-09-12,ORD020452,CUST02132,P003,Headphones,Electronics,Jaipur,Store,UPI,4,4169.21,0.25,16676.84,12507.63,0,2859.13,2024,9,September,Thursday,16676.84,12507.630000000001
2024-09-12,ORD036516,CUST01479,P010,Coffee Maker,Home,Chennai,Online,Net Banking,1,5429.46,0.1,5429.46,4886.51,0,825.64,2024,9,September,Thursday,5429.46,4886.514
2024-09-12,ORD046571,CUST01580,P020,Microwave,Home,Bengaluru,Online,Credit Card,1,10173.17,0.05,10173.17,9664.51,0,1605.23,2024,9,September,Thursday,10173.17,9664.5115
2024-09-12,ORD045987,CUST01906,P007,Backpack,Accessories,Chennai,Online,Credit Card,1,2056.9,0.15,2056.9,1748.36,0,154.4,2024,9,September,Thursday,2056.9,1748.365
2024-09-12,ORD024781,CUST01338,P012,Air Fryer,Home,Bengaluru,Store,UPI,1,7506.05,0.05,7506.05,7130.75,0,1873.15,2024,9,September,Thursday,7506.05,7130.7474999999995
2024-09-12,ORD020071,CUST03648,P019,Vacuum Cleaner,Home,Mumbai,Store,Credit Card,2,8953.73,0.1,17907.46,16116.71,0,1319.79,2024,9,September,Thursday,17907.46,16116.714
2024-09-12,ORD028596,CUST01021,P012,Air Fryer,Home,Pune,Online,Credit Card,1,7732.63,0.0,7732.63,7732.63,0,1515.86,2024,9,September,Thursday,7732.63,7732.63
2024-09-12,ORD003765,CUST00557,P007,Backpack,Accessories,Ahmedabad,Store,UPI,2,2391.14,0.2,4782.28,3825.82,1,-191.29,2024,9,September,Thursday,4782.28,3825.824
2024-09-12,ORD002615,CUST02582,P017,Jeans,Fashion,Hyderabad,Store,UPI,1,3005.84,0.1,3005.84,2705.26,0,389.37,2024,9,September,Thursday,3005.84,2705.2560000000003
2024-09-12,ORD018169,CUST04743,P018,Jacket,Fashion,Pune,Online,UPI,1,5108.36,0.1,5108.36,4597.52,0,622.87,2024,9,September,Thursday,5108.36,4597.523999999999
2024-09-12,ORD032479,CUST03998,P003,Headphones,Electronics,Surat,Online,UPI,1,4339.45,0.05,4339.45,4122.48,0,1127.64,2024,9,September,Thursday,4339.45,4122.4775
2024-09-12,ORD040498,CUST01439,P013,Monitor,Electronics,Hyderabad,Online,Net Banking,1,16910.65,0.0,16910.65,16910.65,0,5012.36,2024,9,September,Thursday,16910.65,16910.65
2024-09-12,ORD014743,CUST00431,P019,Vacuum Cleaner,Home,Ahmedabad,Store,Credit Card,5,9189.57,0.05,45947.85,43650.46,0,9433.41,2024,9,September,Thursday,45947.85,43650.4575
2024-09-12,ORD003673,CUST03870,P010,Coffee Maker,Home,Mumbai,Store,Cash,1,5396.91,0.1,5396.91,4857.22,0,540.98,2024,9,September,Thursday,5396.91,4857.219
2024-09-12,ORD026267,CUST03597,P009,T-Shirt,Fashion,Surat,Store,Cash,1,1101.19,0.05,1101.19,1046.13,0,160.49,2024,9,September,Thursday,1101.19,1046.1305
2024-09-12,ORD007682,CUST00844,P020,Microwave,Home,Ahmedabad,Store,Credit Card,1,11724.93,0.15,11724.93,9966.19,0,585.18,2024,9,September,Thursday,11724.93,9966.1905
2024-09-12,ORD042297,CUST02245,P006,Desk,Furniture,Ahmedabad,Online,UPI,1,12853.41,0.0,12853.41,12853.41,0,2615.04,2024,9,September,Thursday,12853.41,12853.41
2024-09-12,ORD025155,CUST00560,P011,Mixer Grinder,Home,Bengaluru,Store,Cash,1,4469.12,0.25,4469.12,3351.84,0,399.06,2024,9,September,Thursday,4469.12,3351.84
2024-09-12,ORD043397,CUST01041,P003,Headphones,Electronics,Surat,Online,Credit Card,3,4778.7,0.1,14336.1,12902.49,0,2183.63,2024,9,September,Thursday,14336.099999999999,12902.49
2024-09-12,ORD022905,CUST02817,P015,Dining Table,Furniture,Mumbai,Online,UPI,4,20772.92,0.15,83091.68,70627.93,0,12335.46,2024,9,September,Thursday,83091.68,70627.92799999999
2024-09-12,ORD032202,CUST03601,P013,Monitor,Electronics,Jaipur,Store,Debit Card,1,16459.33,0.15,16459.33,13990.43,0,3154.01,2024,9,September,Thursday,16459.33,13990.4305
2024-09-12,ORD009696,CUST04635,P009,T-Shirt,Fashion,Surat,Store,Credit Card,4,1237.72,0.2,4950.88,3960.7,0,171.29,2024,9,September,Thursday,4950.88,3960.704
2024-09-12,ORD023670,CUST01309,P007,Backpack,Accessories,Hyderabad,Online,UPI,1,2291.25,0.0,2291.25,2291.25,0,449.33,2024,9,September,Thursday,2291.25,2291.25
2024-09-12,ORD034643,CUST02137,P006,Desk,Furniture,Delhi,Store,Debit Card,2,10999.42,0.15,21998.84,18699.01,0,4971.36,2024,9,September,Thursday,21998.84,18699.014
2024-09-12,ORD039081,CUST01119,P018,Jacket,Fashion,Delhi,Store,Net Banking,1,5200.93,0.1,5200.93,4680.84,0,292.97,2024,9,September,Thursday,5200.93,4680.837
2024-09-12,ORD004247,CUST04670,P003,Headphones,Electronics,Delhi,Online,UPI,1,4409.1,0.2,4409.1,3527.28,0,352.93,2024,9,September,Thursday,4409.1,3527.2800000000007
2024-09-12,ORD030106,CUST01663,P012,Air Fryer,Home,Hyderabad,Online,Credit Card,3,7650.84,0.15,22952.52,19509.64,0,3982.13,2024,9,September,Thursday,22952.52,19509.642
2024-09-12,ORD030824,CUST00958,P010,Coffee Maker,Home,Kolkata,Store,Cash,2,5454.51,0.0,10909.02,10909.02,1,-545.45,2024,9,September,Thursday,10909.02,10909.02
2024-09-12,ORD011883,CUST03369,P008,Running Shoes,Fashion,Kolkata,Online,Credit Card,5,4052.29,0.05,20261.45,19248.38,1,-962.42,2024,9,September,Thursday,20261.45,19248.3775
2024-09-12,ORD029330,CUST02587,P020,Microwave,Home,Chennai,Online,UPI,1,11807.89,0.2,11807.89,9446.31,0,1086.87,2024,9,September,Thursday,11807.89,9446.312
2024-09-12,ORD004895,CUST02464,P016,Sofa,Furniture,Surat,Online,UPI,1,38305.64,0.0,38305.64,38305.64,0,9146.25,2024,9,September,Thursday,38305.64,38305.64
2024-09-12,ORD031851,CUST03774,P002,Smartphone,Electronics,Hyderabad,Store,Credit Card,1,29168.58,0.2,29168.58,23334.86,0,4562.04,2024,9,September,Thursday,29168.58,23334.864
2024-09-12,ORD046555,CUST03369,P009,T-Shirt,Fashion,Hyderabad,Online,Net Banking,1,1226.08,0.15,1226.08,1042.17,0,216.64,2024,9,September,Thursday,1226.08,1042.168
2024-09-12,ORD004591,CUST00500,P013,Monitor,Electronics,Hyderabad,Online,UPI,1,16766.96,0.2,16766.96,13413.57,0,1208.14,2024,9,September,Thursday,16766.96,13413.568
2024-09-12,ORD017481,CUST03646,P011,Mixer Grinder,Home,Hyderabad,Store,UPI,2,5072.52,0.15,10145.04,8623.28,0,792.4,2024,9,September,Thursday,10145.04,8623.284
2024-09-12,ORD042899,CUST00234,P005,Office Chair,Furniture,Pune,Online,Net Banking,1,8898.31,0.1,8898.31,8008.48,0,1276.04,2024,9,September,Thursday,8898.31,8008.478999999999
2024-09-12,ORD023596,CUST01718,P012,Air Fryer,Home,Chennai,Online,UPI,1,6916.22,0.1,6916.22,6224.6,0,1298.53,2024,9,September,Thursday,6916.22,6224.598
2024-09-12,ORD023213,CUST01213,P008,Running Shoes,Fashion,Bengaluru,Store,Credit Card,1,4037.84,0.25,4037.84,3028.38,0,281.74,2024,9,September,Thursday,4037.84,3028.38
2024-09-12,ORD000091,CUST03578,P020,Microwave,Home,Hyderabad,Store,UPI,1,10698.73,0.15,10698.73,9093.92,0,2116.56,2024,9,September,Thursday,10698.73,9093.9205
2024-09-12,ORD037821,CUST03659,P016,Sofa,Furniture,Hyderabad,Store,Debit Card,1,32983.1,0.2,32983.1,26386.48,0,1338.93,2024,9,September,Thursday,32983.1,26386.48
2024-09-12,ORD013926,CUST01500,P013,Monitor,Electronics,Mumbai,Online,Debit Card,1,18549.65,0.25,18549.65,13912.24,0,2294.62,2024,9,September,Thursday,18549.65,13912.237500000001
2024-09-12,ORD010272,CUST02653,P018,Jacket,Fashion,Surat,Store,Credit Card,1,5474.85,0.05,5474.85,5201.11,0,462.19,2024,9,September,Thursday,5474.85,5201.1075
2024-09-12,ORD035963,CUST00867,P018,Jacket,Fashion,Chennai,Store,UPI,1,5358.9,0.0,5358.9,5358.9,0,605.42,2024,9,September,Thursday,5358.9,5358.9
2024-09-12,ORD007136,CUST01531,P005,Office Chair,Furniture,Delhi,Online,UPI,2,8723.32,0.1,17446.64,15701.98,0,2224.5,2024,9,September,Thursday,17446.64,15701.976
2024-09-12,ORD028679,CUST01917,P002,Smartphone,Electronics,Mumbai,Store,UPI,4,25386.23,0.25,101544.92,76158.69,0,5716.55,2024,9,September,Thursday,101544.92,76158.69
2024-09-12,ORD001567,CUST03035,P005,Office Chair,Furniture,Surat,Online,UPI,2,9362.49,0.15,18724.98,15916.23,0,2652.26,2024,9,September,Thursday,18724.98,15916.232999999998
2024-09-12,ORD047185,CUST00941,P017,Jeans,Fashion,Kolkata,Store,Credit Card,2,3074.62,0.05,6149.24,5841.78,0,1206.19,2024,9,September,Thursday,6149.24,5841.777999999999
2024-09-12,ORD019913,CUST01911,P005,Office Chair,Furniture,Bengaluru,Store,UPI,2,9755.68,0.05,19511.36,18535.79,0,2768.07,2024,9,September,Thursday,19511.36,18535.792
2024-09-12,ORD049554,CUST04815,P007,Backpack,Accessories,Chennai,Online,Net Banking,3,2084.7,0.1,6254.1,5628.69,0,534.96,2024,9,September,Thursday,6254.099999999999,5628.6900000000005
2024-09-12,ORD029882,CUST03325,P004,Smartwatch,Electronics,Pune,Online,UPI,1,7090.88,0.25,7090.88,5318.16,0,822.03,2024,9,September,Thursday,7090.88,5318.16
2024-09-12,ORD007351,CUST00194,P016,Sofa,Furniture,Delhi,Online,Credit Card,1,31979.41,0.1,31979.41,28781.47,0,3654.83,2024,9,September,Thursday,31979.41,28781.469
2024-09-12,ORD013340,CUST02017,P007,Backpack,Accessories,Pune,Store,UPI,4,2412.67,0.25,9650.68,7238.01,0,1417.26,2024,9,September,Thursday,9650.68,7238.01
2024-09-12,ORD047072,CUST00026,P016,Sofa,Furniture,Surat,Store,Debit Card,1,36120.61,0.1,36120.61,32508.55,0,2948.0,2024,9,September,Thursday,36120.61,32508.549000000003
2024-09-12,ORD019878,CUST00637,P002,Smartphone,Electronics,Ahmedabad,Online,UPI,2,29765.68,0.1,59531.36,53578.22,0,3300.9,2024,9,September,Thursday,59531.36,53578.224
2024-09-12,ORD019353,CUST04770,P008,Running Shoes,Fashion,Surat,Store,UPI,1,4562.09,0.15,4562.09,3877.78,0,844.45,2024,9,September,Thursday,4562.09,3877.7765
2024-09-12,ORD020826,CUST04825,P003,Headphones,Electronics,Chennai,Store,Credit Card,1,4636.42,0.15,4636.42,3940.96,0,1056.12,2024,9,September,Thursday,4636.42,3940.957
2024-09-12,ORD015047,CUST03125,P016,Sofa,Furniture,Chennai,Online,UPI,1,36008.64,0.1,36008.64,32407.78,0,2319.82,2024,9,September,Thursday,36008.64,32407.776
2024-09-12,ORD011346,CUST02249,P010,Coffee Maker,Home,Hyderabad,Store,Credit Card,2,5348.25,0.0,10696.5,10696.5,0,3169.12,2024,9,September,Thursday,10696.5,10696.5
2024-09-12,ORD047742,CUST00433,P009,T-Shirt,Fashion,Delhi,Online,Credit Card,3,1193.89,0.1,3581.67,3223.5,0,547.88,2024,9,September,Thursday,3581.67,3223.503
2024-09-12,ORD001283,CUST04327,P012,Air Fryer,Home,Ahmedabad,Online,UPI,1,6642.08,0.2,6642.08,5313.66,0,516.82,2024,9,September,Thursday,6642.08,5313.664000000001
2024-09-12,ORD002994,CUST04544,P013,Monitor,Electronics,Hyderabad,Store,UPI,2,19420.06,0.0,38840.12,38840.12,0,4090.11,2024,9,September,Thursday,38840.12,38840.12
2024-09-12,ORD033205,CUST02414,P016,Sofa,Furniture,Mumbai,Store,Debit Card,2,35162.2,0.05,70324.4,66808.18,0,12903.35,2024,9,September,Thursday,70324.4,66808.18
2024-09-12,ORD008711,CUST02534,P014,Keyboard,Electronics,Bengaluru,Store,UPI,4,2272.72,0.1,9090.88,8181.79,0,2200.18,2024,9,September,Thursday,9090.88,8181.7919999999995
2024-09-12,ORD010214,CUST04333,P019,Vacuum Cleaner,Home,Delhi,Online,UPI,1,9336.3,0.05,9336.3,8869.48,0,1737.84,2024,9,September,Thursday,9336.3,8869.484999999999
2024-09-12,ORD014654,CUST02878,P017,Jeans,Fashion,Hyderabad,Online,UPI,1,2987.2,0.05,2987.2,2837.84,0,533.57,2024,9,September,Thursday,2987.2,2837.8399999999997
2024-09-12,ORD049373,CUST04871,P005,Office Chair,Furniture,Pune,Store,UPI,1,9597.27,0.1,9597.27,8637.54,0,2105.62,2024,9,September,Thursday,9597.27,8637.543000000001
2024-09-12,ORD003341,CUST01548,P014,Keyboard,Electronics,Bengaluru,Online,Credit Card,1,2538.27,0.05,2538.27,2411.36,0,314.08,2024,9,September,Thursday,2538.27,2411.3565
2024-09-13,ORD004087,CUST02230,P002,Smartphone,Electronics,Ahmedabad,Online,Debit Card,1,29801.21,0.0,29801.21,29801.21,0,5985.39,2024,9,September,Friday,29801.21,29801.21
2024-09-13,ORD004500,CUST01830,P009,T-Shirt,Fashion,Jaipur,Online,UPI,1,1236.84,0.2,1236.84,989.47,0,241.21,2024,9,September,Friday,1236.84,989.472
2024-09-13,ORD015464,CUST02586,P007,Backpack,Accessories,Ahmedabad,Online,UPI,4,2098.79,0.0,8395.16,8395.16,0,1909.63,2024,9,September,Friday,8395.16,8395.16
2024-09-13,ORD034265,CUST01018,P014,Keyboard,Electronics,Kolkata,Online,UPI,1,2592.11,0.1,2592.11,2332.9,0,557.66,2024,9,September,Friday,2592.11,2332.8990000000003
2024-09-13,ORD016665,CUST04460,P011,Mixer Grinder,Home,Mumbai,Online,Debit Card,3,5151.26,0.0,15453.78,15453.78,0,4240.18,2024,9,September,Friday,15453.78,15453.78
2024-09-13,ORD009290,CUST00563,P012,Air Fryer,Home,Kolkata,Store,Cash,2,7531.24,0.0,15062.48,15062.48,0,3330.02,2024,9,September,Friday,15062.48,15062.48
2024-09-13,ORD023603,CUST04581,P018,Jacket,Fashion,Hyderabad,Store,UPI,1,5556.01,0.1,5556.01,5000.41,0,939.73,2024,9,September,Friday,5556.01,5000.409000000001
2024-09-13,ORD047305,CUST00260,P020,Microwave,Home,Chennai,Store,UPI,2,10538.71,0.1,21077.42,18969.68,0,4460.56,2024,9,September,Friday,21077.42,18969.678
2024-09-13,ORD039055,CUST04082,P003,Headphones,Electronics,Chennai,Store,Credit Card,1,4258.78,0.1,4258.78,3832.9,0,425.01,2024,9,September,Friday,4258.78,3832.902
2024-09-13,ORD020356,CUST02593,P020,Microwave,Home,Jaipur,Online,UPI,2,10613.53,0.05,21227.06,20165.71,0,1454.02,2024,9,September,Friday,21227.06,20165.707
2024-09-13,ORD024647,CUST04447,P016,Sofa,Furniture,Surat,Online,UPI,5,35812.38,0.05,179061.9,170108.8,0,46615.14,2024,9,September,Friday,179061.9,170108.805
2024-09-13,ORD008493,CUST03262,P002,Smartphone,Electronics,Mumbai,Online,Credit Card,1,27204.42,0.05,27204.42,25844.2,0,2450.26,2024,9,September,Friday,27204.42,25844.198999999997
2024-09-13,ORD016430,CUST01875,P004,Smartwatch,Electronics,Ahmedabad,Online,Debit Card,1,6759.03,0.15,6759.03,5745.18,0,1288.51,2024,9,September,Friday,6759.03,5745.175499999999
2024-09-13,ORD043614,CUST00459,P020,Microwave,Home,Delhi,Store,Cash,1,10501.48,0.15,10501.48,8926.26,0,1455.05,2024,9,September,Friday,10501.48,8926.258
2024-09-13,ORD009350,CUST04882,P007,Backpack,Accessories,Pune,Store,UPI,2,2042.21,0.05,4084.42,3880.2,0,692.64,2024,9,September,Friday,4084.42,3880.199
2024-09-13,ORD018450,CUST00898,P003,Headphones,Electronics,Mumbai,Store,UPI,2,4724.79,0.2,9449.58,7559.66,0,566.47,2024,9,September,Friday,9449.58,7559.664000000001
2024-09-13,ORD036895,CUST04954,P010,Coffee Maker,Home,Hyderabad,Online,Credit Card,1,5980.44,0.0,5980.44,5980.44,0,1192.0,2024,9,September,Friday,5980.44,5980.44
2024-09-13,ORD029808,CUST04536,P010,Coffee Maker,Home,Delhi,Online,Credit Card,1,4992.33,0.2,4992.33,3993.86,0,763.05,2024,9,September,Friday,4992.33,3993.864
2024-09-13,ORD035262,CUST00415,P001,Laptop,Electronics,Jaipur,Store,UPI,2,63221.26,0.05,126442.52,120120.39,0,17419.5,2024,9,September,Friday,126442.52,120120.394
2024-09-13,ORD027094,CUST03495,P007,Backpack,Accessories,Jaipur,Online,Credit Card,2,2326.56,0.0,4653.12,4653.12,0,727.5,2024,9,September,Friday,4653.12,4653.12
2024-09-13,ORD001157,CUST01192,P013,Monitor,Electronics,Ahmedabad,Online,Cash,1,17776.79,0.05,17776.79,16887.95,0,4841.54,2024,9,September,Friday,17776.79,16887.9505
2024-09-13,ORD005243,CUST00416,P018,Jacket,Fashion,Jaipur,Online,UPI,1,5217.31,0.05,5217.31,4956.44,0,789.62,2024,9,September,Friday,5217.31,4956.4445000000005
2024-09-13,ORD005209,CUST01158,P011,Mixer Grinder,Home,Kolkata,Store,UPI,2,4482.08,0.2,8964.16,7171.33,0,340.77,2024,9,September,Friday,8964.16,7171.328
2024-09-13,ORD043596,CUST01018,P015,Dining Table,Furniture,Pune,Store,UPI,1,20851.73,0.1,20851.73,18766.56,0,1924.65,2024,9,September,Friday,20851.73,18766.557
2024-09-13,ORD034250,CUST04068,P007,Backpack,Accessories,Chennai,Online,Credit Card,4,2095.22,0.2,8380.88,6704.7,0,1487.95,2024,9,September,Friday,8380.88,6704.704
2024-09-13,ORD020413,CUST01059,P019,Vacuum Cleaner,Home,Hyderabad,Store,Credit Card,1,8445.72,0.15,8445.72,7178.86,0,547.33,2024,9,September,Friday,8445.72,7178.861999999999
2024-09-13,ORD015480,CUST00152,P014,Keyboard,Electronics,Chennai,Online,UPI,1,2650.03,0.1,2650.03,2385.03,0,625.73,2024,9,September,Friday,2650.03,2385.027
2024-09-13,ORD010965,CUST03768,P020,Microwave,Home,Pune,Online,UPI,1,11377.52,0.0,11377.52,11377.52,0,3032.96,2024,9,September,Friday,11377.52,11377.52
2024-09-13,ORD014982,CUST02227,P010,Coffee Maker,Home,Mumbai,Store,UPI,4,5519.23,0.0,22076.92,22076.92,0,4593.75,2024,9,September,Friday,22076.92,22076.92
2024-09-13,ORD039112,CUST02968,P004,Smartwatch,Electronics,Kolkata,Online,Credit Card,1,7441.73,0.2,7441.73,5953.38,0,1228.59,2024,9,September,Friday,7441.73,5953.384
2024-09-13,ORD024329,CUST04607,P013,Monitor,Electronics,Mumbai,Online,UPI,1,18256.07,0.1,18256.07,16430.46,0,3888.15,2024,9,September,Friday,18256.07,16430.463
2024-09-13,ORD022547,CUST02930,P013,Monitor,Electronics,Bengaluru,Online,Debit Card,1,19755.73,0.15,19755.73,16792.37,0,2354.66,2024,9,September,Friday,19755.73,16792.3705
2024-09-13,ORD032738,CUST04974,P002,Smartphone,Electronics,Chennai,Online,UPI,2,29581.24,0.05,59162.48,56204.36,0,11937.64,2024,9,September,Friday,59162.48,56204.356
2024-09-13,ORD008056,CUST00756,P007,Backpack,Accessories,Pune,Online,Net Banking,1,2218.99,0.0,2218.99,2218.99,0,220.5,2024,9,September,Friday,2218.99,2218.99
2024-09-13,ORD001770,CUST00225,P006,Desk,Furniture,Pune,Online,UPI,2,12520.1,0.2,25040.2,20032.16,0,5169.09,2024,9,September,Friday,25040.2,20032.160000000003
2024-09-13,ORD032719,CUST00214,P010,Coffee Maker,Home,Kolkata,Store,UPI,1,5710.72,0.0,5710.72,5710.72,0,1627.13,2024,9,September,Friday,5710.72,5710.72
2024-09-13,ORD007962,CUST03252,P012,Air Fryer,Home,Ahmedabad,Store,UPI,1,7073.89,0.25,7073.89,5305.42,0,323.9,2024,9,September,Friday,7073.89,5305.4175000000005
2024-09-13,ORD034720,CUST00417,P020,Microwave,Home,Jaipur,Online,Credit Card,1,10764.62,0.05,10764.62,10226.39,0,1642.93,2024,9,September,Friday,10764.62,10226.389000000001
2024-09-13,ORD003425,CUST03635,P020,Microwave,Home,Mumbai,Store,UPI,1,11053.38,0.1,11053.38,9948.04,0,1960.47,2024,9,September,Friday,11053.38,9948.042
2024-09-13,ORD029187,CUST02603,P020,Microwave,Home,Surat,Online,Credit Card,2,10430.12,0.15,20860.24,17731.2,0,3803.34,2024,9,September,Friday,20860.24,17731.204
2024-09-13,ORD000696,CUST01233,P009,T-Shirt,Fashion,Jaipur,Online,Debit Card,1,1171.93,0.2,1171.93,937.54,0,41.7,2024,9,September,Friday,1171.93,937.5440000000001
2024-09-13,ORD010499,CUST02589,P016,Sofa,Furniture,Chennai,Online,Credit Card,2,35399.75,0.0,70799.5,70799.5,0,14640.34,2024,9,September,Friday,70799.5,70799.5
2024-09-13,ORD014408,CUST04978,P017,Jeans,Fashion,Mumbai,Store,UPI,5,2850.15,0.1,14250.75,12825.68,0,1810.52,2024,9,September,Friday,14250.75,12825.675000000001
2024-09-13,ORD009966,CUST04688,P020,Microwave,Home,Ahmedabad,Store,Debit Card,4,10154.78,0.05,40619.12,38588.16,1,-1929.41,2024,9,September,Friday,40619.12,38588.164000000004
2024-09-13,ORD023971,CUST02480,P013,Monitor,Electronics,Mumbai,Online,Debit Card,4,16574.64,0.0,66298.56,66298.56,0,13622.64,2024,9,September,Friday,66298.56,66298.56
2024-09-13,ORD032890,CUST04432,P006,Desk,Furniture,Hyderabad,Online,Debit Card,1,12539.77,0.1,12539.77,11285.79,0,2493.33,2024,9,September,Friday,12539.77,11285.793000000001
2024-09-13,ORD023457,CUST01725,P018,Jacket,Fashion,Bengaluru,Online,Net Banking,1,4954.93,0.1,4954.93,4459.44,0,1107.53,2024,9,September,Friday,4954.93,4459.437000000001
2024-09-13,ORD045740,CUST03150,P001,Laptop,Electronics,Surat,Online,Net Banking,3,63135.45,0.05,189406.35,179936.03,0,40124.03,2024,9,September,Friday,189406.34999999998,179936.0325
2024-09-13,ORD003479,CUST03433,P008,Running Shoes,Fashion,Bengaluru,Online,UPI,2,3957.07,0.1,7914.14,7122.73,0,655.65,2024,9,September,Friday,7914.14,7122.726000000001
2024-09-13,ORD012255,CUST01097,P015,Dining Table,Furniture,Kolkata,Online,Debit Card,1,23281.03,0.05,23281.03,22116.98,0,4775.03,2024,9,September,Friday,23281.03,22116.978499999997
2024-09-13,ORD010471,CUST02652,P018,Jacket,Fashion,Mumbai,Online,UPI,1,5425.39,0.05,5425.39,5154.12,0,965.53,2024,9,September,Friday,5425.39,5154.1205
2024-09-13,ORD014047,CUST00618,P004,Smartwatch,Electronics,Bengaluru,Online,Debit Card,1,7571.37,0.05,7571.37,7192.8,0,1125.42,2024,9,September,Friday,7571.37,7192.8015
2024-09-13,ORD038297,CUST04679,P008,Running Shoes,Fashion,Hyderabad,Store,UPI,1,3990.17,0.25,3990.17,2992.63,0,124.21,2024,9,September,Friday,3990.17,2992.6275
2024-09-13,ORD012248,CUST04734,P002,Smartphone,Electronics,Kolkata,Online,Credit Card,1,25273.0,0.1,25273.0,22745.7,0,2710.37,2024,9,September,Friday,25273.0,22745.7
2024-09-13,ORD038123,CUST04923,P016,Sofa,Furniture,Chennai,Online,UPI,2,34309.27,0.05,68618.54,65187.61,0,4832.14,2024,9,September,Friday,68618.54,65187.61299999999
2024-09-13,ORD036031,CUST03230,P016,Sofa,Furniture,Ahmedabad,Online,Credit Card,2,34992.16,0.1,69984.32,62985.89,1,-3149.29,2024,9,September,Friday,69984.32,62985.888000000006
2024-09-13,ORD027489,CUST01457,P009,T-Shirt,Fashion,Bengaluru,Store,UPI,2,1315.59,0.1,2631.18,2368.06,0,191.49,2024,9,September,Friday,2631.18,2368.062
2024-09-13,ORD044155,CUST03810,P019,Vacuum Cleaner,Home,Mumbai,Online,Credit Card,1,9402.13,0.05,9402.13,8932.02,0,1992.39,2024,9,September,Friday,9402.13,8932.0235
2024-09-13,ORD034181,CUST00041,P017,Jeans,Fashion,Pune,Store,UPI,1,2913.91,0.1,2913.91,2622.52,0,453.21,2024,9,September,Friday,2913.91,2622.519
2024-09-13,ORD022505,CUST00804,P014,Keyboard,Electronics,Delhi,Online,Credit Card,1,2293.36,0.05,2293.36,2178.69,0,383.44,2024,9,September,Friday,2293.36,2178.692
2024-09-13,ORD036109,CUST02839,P003,Headphones,Electronics,Chennai,Online,UPI,1,4555.31,0.2,4555.31,3644.25,0,810.69,2024,9,September,Friday,4555.31,3644.2480000000005
2024-09-13,ORD017083,CUST01683,P007,Backpack,Accessories,Chennai,Online,Credit Card,2,2072.56,0.25,4145.12,3108.84,0,281.16,2024,9,September,Friday,4145.12,3108.84
2024-09-13,ORD038283,CUST02102,P014,Keyboard,Electronics,Kolkata,Store,Debit Card,1,2610.26,0.1,2610.26,2349.23,0,609.17,2024,9,September,Friday,2610.26,2349.2340000000004
2024-09-13,ORD001840,CUST02992,P016,Sofa,Furniture,Surat,Store,Net Banking,1,35173.28,0.15,35173.28,29897.29,0,1689.93,2024,9,September,Friday,35173.28,29897.287999999997
2024-09-13,ORD036753,CUST01558,P003,Headphones,Electronics,Hyderabad,Store,Cash,2,4489.0,0.1,8978.0,8080.2,0,2075.55,2024,9,September,Friday,8978.0,8080.2
2024-09-13,ORD034133,CUST02160,P009,T-Shirt,Fashion,Bengaluru,Online,Debit Card,2,1296.14,0.05,2592.28,2462.67,0,712.97,2024,9,September,Friday,2592.28,2462.666
2024-09-13,ORD046019,CUST01928,P005,Office Chair,Furniture,Ahmedabad,Store,Credit Card,1,9341.51,0.1,9341.51,8407.36,0,1600.29,2024,9,September,Friday,9341.51,8407.359
2024-09-13,ORD008410,CUST01780,P013,Monitor,Electronics,Delhi,Online,Credit Card,2,17179.93,0.0,34359.86,34359.86,1,-1717.99,2024,9,September,Friday,34359.86,34359.86
2024-09-14,ORD047715,CUST02440,P017,Jeans,Fashion,Jaipur,Online,Net Banking,2,3023.15,0.1,6046.3,5441.67,0,391.78,2024,9,September,Saturday,6046.3,5441.67
2024-09-14,ORD015781,CUST02846,P012,Air Fryer,Home,Ahmedabad,Store,Credit Card,2,7128.99,0.05,14257.98,13545.08,0,3848.92,2024,9,September,Saturday,14257.98,13545.080999999998
2024-09-14,ORD008266,CUST03516,P016,Sofa,Furniture,Hyderabad,Store,Credit Card,2,33243.77,0.1,66487.54,59838.79,0,9122.71,2024,9,September,Saturday,66487.54,59838.78599999999
2024-09-14,ORD002617,CUST03586,P002,Smartphone,Electronics,Bengaluru,Store,UPI,1,28949.11,0.05,28949.11,27501.65,0,6377.04,2024,9,September,Saturday,28949.11,27501.6545
2024-09-14,ORD032831,CUST01125,P003,Headphones,Electronics,Hyderabad,Store,UPI,1,4240.47,0.05,4240.47,4028.45,0,607.38,2024,9,September,Saturday,4240.47,4028.4465
2024-09-14,ORD003142,CUST00622,P012,Air Fryer,Home,Bengaluru,Store,UPI,1,7174.03,0.1,7174.03,6456.63,0,1527.06,2024,9,September,Saturday,7174.03,6456.6269999999995
2024-09-14,ORD017121,CUST03563,P001,Laptop,Electronics,Ahmedabad,Online,UPI,2,64313.04,0.05,128626.08,122194.78,0,19672.97,2024,9,September,Saturday,128626.08,122194.776
2024-09-14,ORD006498,CUST04262,P017,Jeans,Fashion,Mumbai,Online,UPI,1,2542.49,0.15,2542.49,2161.12,0,468.51,2024,9,September,Saturday,2542.49,2161.1164999999996
2024-09-14,ORD030101,CUST01366,P012,Air Fryer,Home,Ahmedabad,Store,UPI,3,7572.29,0.25,22716.87,17037.65,0,3236.9,2024,9,September,Saturday,22716.87,17037.6525
2024-09-14,ORD009124,CUST03730,P010,Coffee Maker,Home,Delhi,Online,UPI,2,5277.41,0.1,10554.82,9499.34,0,619.44,2024,9,September,Saturday,10554.82,9499.338
2024-09-14,ORD039162,CUST01635,P014,Keyboard,Electronics,Mumbai,Store,Debit Card,3,2557.31,0.1,7671.93,6904.74,0,1605.01,2024,9,September,Saturday,7671.93,6904.737
2024-09-14,ORD043363,CUST02523,P020,Microwave,Home,Delhi,Online,UPI,1,11208.15,0.1,11208.15,10087.33,0,2804.19,2024,9,September,Saturday,11208.15,10087.335
2024-09-14,ORD049764,CUST03794,P004,Smartwatch,Electronics,Bengaluru,Online,Debit Card,1,7551.92,0.0,7551.92,7551.92,0,1796.15,2024,9,September,Saturday,7551.92,7551.92
2024-09-14,ORD030669,CUST04433,P016,Sofa,Furniture,Surat,Online,UPI,4,38442.73,0.0,153770.92,153770.92,1,-7688.55,2024,9,September,Saturday,153770.92,153770.92
2024-09-14,ORD023828,CUST01831,P020,Microwave,Home,Ahmedabad,Store,Debit Card,2,10165.96,0.05,20331.92,19315.32,0,1649.85,2024,9,September,Saturday,20331.92,19315.323999999997
2024-09-14,ORD020064,CUST01382,P011,Mixer Grinder,Home,Surat,Online,Credit Card,1,5192.77,0.15,5192.77,4413.85,0,316.19,2024,9,September,Saturday,5192.77,4413.8545
2024-09-14,ORD000528,CUST00575,P007,Backpack,Accessories,Pune,Store,UPI,1,2394.64,0.1,2394.64,2155.18,0,140.71,2024,9,September,Saturday,2394.64,2155.176
2024-09-14,ORD014390,CUST04436,P008,Running Shoes,Fashion,Kolkata,Online,UPI,1,4035.47,0.0,4035.47,4035.47,0,777.82,2024,9,September,Saturday,4035.47,4035.47
2024-09-14,ORD000337,CUST02379,P014,Keyboard,Electronics,Ahmedabad,Online,UPI,3,2700.48,0.05,8101.44,7696.37,1,-384.82,2024,9,September,Saturday,8101.4400000000005,7696.3679999999995
2024-09-14,ORD006645,CUST04079,P019,Vacuum Cleaner,Home,Hyderabad,Online,Net Banking,1,8643.55,0.0,8643.55,8643.55,0,1361.72,2024,9,September,Saturday,8643.55,8643.55
2024-09-14,ORD035136,CUST03259,P011,Mixer Grinder,Home,Mumbai,Store,UPI,1,4620.34,0.1,4620.34,4158.31,0,597.0,2024,9,September,Saturday,4620.34,4158.3060000000005
2024-09-14,ORD009329,CUST04897,P001,Laptop,Electronics,Delhi,Online,UPI,1,66346.5,0.15,66346.5,56394.52,0,4556.11,2024,9,September,Saturday,66346.5,56394.525
2024-09-14,ORD014849,CUST00529,P019,Vacuum Cleaner,Home,Ahmedabad,Online,Credit Card,1,9551.58,0.15,9551.58,8118.84,0,541.38,2024,9,September,Saturday,9551.58,8118.843
2024-09-14,ORD022397,CUST02304,P009,T-Shirt,Fashion,Surat,Online,UPI,2,1086.3,0.1,2172.6,1955.34,0,171.2,2024,9,September,Saturday,2172.6,1955.34
2024-09-14,ORD029606,CUST01147,P004,Smartwatch,Electronics,Surat,Online,Debit Card,2,7621.23,0.1,15242.46,13718.21,0,1092.2,2024,9,September,Saturday,15242.46,13718.214
2024-09-14,ORD006317,CUST00990,P015,Dining Table,Furniture,Pune,Online,UPI,1,22775.18,0.0,22775.18,22775.18,0,5410.38,2024,9,September,Saturday,22775.18,22775.18
2024-09-14,ORD043967,CUST04600,P014,Keyboard,Electronics,Ahmedabad,Online,UPI,2,2729.21,0.2,5458.42,4366.74,0,812.89,2024,9,September,Saturday,5458.42,4366.736
2024-09-14,ORD028193,CUST00472,P004,Smartwatch,Electronics,Kolkata,Store,UPI,1,7344.06,0.15,7344.06,6242.45,1,-312.12,2024,9,September,Saturday,7344.06,6242.451
2024-09-14,ORD027766,CUST00701,P001,Laptop,Electronics,Delhi,Online,UPI,1,68851.01,0.1,68851.01,61965.91,0,11851.95,2024,9,September,Saturday,68851.01,61965.909
2024-09-14,ORD009576,CUST04710,P020,Microwave,Home,Jaipur,Online,UPI,1,11845.72,0.1,11845.72,10661.15,0,2318.67,2024,9,September,Saturday,11845.72,10661.148
2024-09-14,ORD048481,CUST04337,P012,Air Fryer,Home,Delhi,Store,Credit Card,1,7861.48,0.0,7861.48,7861.48,0,752.79,2024,9,September,Saturday,7861.48,7861.48
2024-09-14,ORD049152,CUST04508,P014,Keyboard,Electronics,Jaipur,Online,UPI,1,2495.06,0.2,2495.06,1996.05,0,390.98,2024,9,September,Saturday,2495.06,1996.048
2024-09-14,ORD017894,CUST00789,P015,Dining Table,Furniture,Delhi,Online,Cash,1,20057.56,0.1,20057.56,18051.8,0,1363.81,2024,9,September,Saturday,20057.56,18051.804
2024-09-14,ORD039215,CUST02131,P013,Monitor,Electronics,Delhi,Store,UPI,2,16599.89,0.15,33199.78,28219.81,0,4486.48,2024,9,September,Saturday,33199.78,28219.813
2024-09-14,ORD019032,CUST01591,P009,T-Shirt,Fashion,Jaipur,Online,Credit Card,1,1169.95,0.0,1169.95,1169.95,0,134.74,2024,9,September,Saturday,1169.95,1169.95
2024-09-14,ORD014677,CUST00801,P018,Jacket,Fashion,Chennai,Online,Debit Card,1,4764.57,0.05,4764.57,4526.34,0,1294.67,2024,9,September,Saturday,4764.57,4526.3414999999995
2024-09-14,ORD011167,CUST01982,P014,Keyboard,Electronics,Mumbai,Online,Debit Card,1,2587.53,0.1,2587.53,2328.78,0,320.77,2024,9,September,Saturday,2587.53,2328.777
2024-09-14,ORD018235,CUST00868,P016,Sofa,Furniture,Surat,Online,UPI,1,37225.53,0.05,37225.53,35364.25,0,8886.78,2024,9,September,Saturday,37225.53,35364.2535
2024-09-14,ORD040579,CUST03875,P004,Smartwatch,Electronics,Jaipur,Store,Credit Card,1,7681.43,0.05,7681.43,7297.36,0,1440.51,2024,9,September,Saturday,7681.43,7297.3585
2024-09-14,ORD033641,CUST02763,P012,Air Fryer,Home,Ahmedabad,Online,Debit Card,5,7886.21,0.1,39431.05,35487.95,0,6495.6,2024,9,September,Saturday,39431.05,35487.94500000001
2024-09-14,ORD012236,CUST02637,P003,Headphones,Electronics,Kolkata,Online,UPI,1,4723.66,0.1,4723.66,4251.29,0,865.39,2024,9,September,Saturday,4723.66,4251.294
2024-09-14,ORD032510,CUST00263,P019,Vacuum Cleaner,Home,Chennai,Online,Net Banking,1,8944.59,0.2,8944.59,7155.67,0,548.92,2024,9,September,Saturday,8944.59,7155.6720000000005
2024-09-14,ORD038247,CUST00121,P013,Monitor,Electronics,Pune,Store,Credit Card,2,19094.95,0.15,38189.9,32461.42,0,2361.73,2024,9,September,Saturday,38189.9,32461.415
2024-09-14,ORD031515,CUST01097,P005,Office Chair,Furniture,Surat,Online,UPI,3,9291.88,0.0,27875.64,27875.64,0,6613.77,2024,9,September,Saturday,27875.64,27875.64
2024-09-14,ORD009321,CUST01336,P013,Monitor,Electronics,Delhi,Online,Net Banking,1,18756.64,0.1,18756.64,16880.98,0,1433.88,2024,9,September,Saturday,18756.64,16880.976
2024-09-14,ORD049275,CUST00356,P001,Laptop,Electronics,Delhi,Online,Cash,1,59439.4,0.05,59439.4,56467.43,0,11372.45,2024,9,September,Saturday,59439.4,56467.43
2024-09-14,ORD013428,CUST02898,P011,Mixer Grinder,Home,Chennai,Online,UPI,4,5273.18,0.0,21092.72,21092.72,0,3294.59,2024,9,September,Saturday,21092.72,21092.72
2024-09-14,ORD000305,CUST04509,P010,Coffee Maker,Home,Pune,Store,UPI,1,5591.91,0.1,5591.91,5032.72,0,578.24,2024,9,September,Saturday,5591.91,5032.719
2024-09-14,ORD032517,CUST01288,P014,Keyboard,Electronics,Kolkata,Store,UPI,1,2373.87,0.15,2373.87,2017.79,0,329.48,2024,9,September,Saturday,2373.87,2017.7894999999999
2024-09-14,ORD010914,CUST01358,P018,Jacket,Fashion,Kolkata,Online,Credit Card,1,5505.73,0.0,5505.73,5505.73,0,908.03,2024,9,September,Saturday,5505.73,5505.73
2024-09-14,ORD038185,CUST03304,P001,Laptop,Electronics,Surat,Online,Credit Card,1,66820.52,0.2,66820.52,53456.42,0,3315.61,2024,9,September,Saturday,66820.52,53456.416000000005
2024-09-14,ORD018525,CUST01880,P007,Backpack,Accessories,Pune,Store,UPI,1,2245.7,0.1,2245.7,2021.13,0,508.55,2024,9,September,Saturday,2245.7,2021.1299999999999
2024-09-14,ORD028857,CUST02122,P003,Headphones,Electronics,Ahmedabad,Store,Debit Card,1,4472.72,0.0,4472.72,4472.72,0,802.03,2024,9,September,Saturday,4472.72,4472.72
2024-09-14,ORD013110,CUST00017,P020,Microwave,Home,Jaipur,Online,Debit Card,1,11427.21,0.1,11427.21,10284.49,0,2477.73,2024,9,September,Saturday,11427.21,10284.489
2024-09-14,ORD044784,CUST04921,P004,Smartwatch,Electronics,Pune,Store,UPI,3,6397.27,0.1,19191.81,17272.63,0,3950.3,2024,9,September,Saturday,19191.81,17272.629
2024-09-14,ORD021775,CUST03128,P003,Headphones,Electronics,Ahmedabad,Online,Credit Card,1,4214.4,0.15,4214.4,3582.24,0,395.51,2024,9,September,Saturday,4214.4,3582.24
2024-09-14,ORD044851,CUST04727,P014,Keyboard,Electronics,Delhi,Store,Net Banking,1,2346.52,0.2,2346.52,1877.22,0,387.68,2024,9,September,Saturday,2346.52,1877.2160000000001
2024-09-14,ORD046692,CUST03778,P004,Smartwatch,Electronics,Pune,Online,Credit Card,1,6926.21,0.0,6926.21,6926.21,0,1168.88,2024,9,September,Saturday,6926.21,6926.21
2024-09-14,ORD021510,CUST01413,P007,Backpack,Accessories,Bengaluru,Online,UPI,1,2398.24,0.1,2398.24,2158.42,0,218.15,2024,9,September,Saturday,2398.24,2158.4159999999997
2024-09-14,ORD017375,CUST02903,P008,Running Shoes,Fashion,Kolkata,Online,Credit Card,1,4552.89,0.1,4552.89,4097.6,0,755.57,2024,9,September,Saturday,4552.89,4097.601000000001
2024-09-14,ORD043517,CUST04679,P019,Vacuum Cleaner,Home,Surat,Store,UPI,1,8364.51,0.0,8364.51,8364.51,0,2142.22,2024,9,September,Saturday,8364.51,8364.51
2024-09-14,ORD030882,CUST04795,P017,Jeans,Fashion,Mumbai,Online,Credit Card,5,3048.76,0.15,15243.8,12957.23,0,1831.82,2024,9,September,Saturday,15243.800000000001,12957.23
2024-09-14,ORD009286,CUST04227,P010,Coffee Maker,Home,Jaipur,Store,UPI,2,5266.7,0.15,10533.4,8953.39,0,1928.22,2024,9,September,Saturday,10533.4,8953.39
2024-09-14,ORD018499,CUST03350,P008,Running Shoes,Fashion,Bengaluru,Online,Debit Card,1,3933.6,0.15,3933.6,3343.56,1,-167.18,2024,9,September,Saturday,3933.6,3343.56
2024-09-14,ORD001369,CUST00403,P012,Air Fryer,Home,Kolkata,Online,Debit Card,1,7517.35,0.1,7517.35,6765.62,0,1077.14,2024,9,September,Saturday,7517.35,6765.615000000001
2024-09-14,ORD042628,CUST04352,P010,Coffee Maker,Home,Delhi,Store,Credit Card,1,5459.21,0.1,5459.21,4913.29,0,631.61,2024,9,September,Saturday,5459.21,4913.289
2024-09-15,ORD025658,CUST04468,P006,Desk,Furniture,Ahmedabad,Online,Debit Card,2,11416.38,0.05,22832.76,21691.12,0,3626.69,2024,9,September,Sunday,22832.76,21691.121999999996
2024-09-15,ORD010026,CUST00916,P018,Jacket,Fashion,Hyderabad,Online,UPI,1,4897.94,0.2,4897.94,3918.35,0,629.33,2024,9,September,Sunday,4897.94,3918.352
2024-09-15,ORD047774,CUST00686,P015,Dining Table,Furniture,Jaipur,Store,UPI,1,21497.57,0.1,21497.57,19347.81,0,3978.24,2024,9,September,Sunday,21497.57,19347.813000000002
2024-09-15,ORD015026,CUST04368,P004,Smartwatch,Electronics,Pune,Online,Cash,1,6969.29,0.25,6969.29,5226.97,0,969.45,2024,9,September,Sunday,6969.29,5226.9675
2024-09-15,ORD007345,CUST02772,P020,Microwave,Home,Kolkata,Store,Credit Card,1,10255.93,0.05,10255.93,9743.13,0,1179.85,2024,9,September,Sunday,10255.93,9743.1335
2024-09-15,ORD003172,CUST00916,P015,Dining Table,Furniture,Delhi,Store,UPI,2,19997.8,0.2,39995.6,31996.48,0,3948.88,2024,9,September,Sunday,39995.6,31996.48
2024-09-15,ORD034024,CUST00225,P001,Laptop,Electronics,Mumbai,Online,Net Banking,4,68385.41,0.0,273541.64,273541.64,0,67058.33,2024,9,September,Sunday,273541.64,273541.64
2024-09-15,ORD011035,CUST00035,P002,Smartphone,Electronics,Pune,Online,UPI,2,27135.7,0.1,54271.4,48844.26,0,8496.51,2024,9,September,Sunday,54271.4,48844.26
2024-09-15,ORD014560,CUST02331,P016,Sofa,Furniture,Hyderabad,Online,Credit Card,2,35302.9,0.0,70605.8,70605.8,0,18668.07,2024,9,September,Sunday,70605.8,70605.8
2024-09-15,ORD022268,CUST02898,P005,Office Chair,Furniture,Delhi,Store,Cash,1,9201.03,0.1,9201.03,8280.93,0,1706.22,2024,9,September,Sunday,9201.03,8280.927000000001
2024-09-15,ORD043008,CUST03339,P007,Backpack,Accessories,Hyderabad,Online,Credit Card,4,2355.3,0.1,9421.2,8479.08,0,686.63,2024,9,September,Sunday,9421.2,8479.080000000002
2024-09-15,ORD039080,CUST02753,P006,Desk,Furniture,Pune,Online,UPI,4,12509.38,0.1,50037.52,45033.77,0,8964.95,2024,9,September,Sunday,50037.52,45033.768
2024-09-15,ORD029954,CUST01119,P008,Running Shoes,Fashion,Pune,Online,UPI,4,4352.65,0.1,17410.6,15669.54,0,4230.0,2024,9,September,Sunday,17410.6,15669.539999999999
2024-09-15,ORD012136,CUST02774,P006,Desk,Furniture,Pune,Online,Credit Card,1,11150.36,0.1,11150.36,10035.32,0,1083.38,2024,9,September,Sunday,11150.36,10035.324
2024-09-15,ORD047253,CUST04557,P016,Sofa,Furniture,Chennai,Online,Cash,4,38111.41,0.1,152445.64,137201.08,0,33497.87,2024,9,September,Sunday,152445.64,137201.07600000003
2024-09-15,ORD002369,CUST04572,P015,Dining Table,Furniture,Pune,Online,Debit Card,1,23400.89,0.1,23400.89,21060.8,0,3960.77,2024,9,September,Sunday,23400.89,21060.801
2024-09-15,ORD012487,CUST04888,P004,Smartwatch,Electronics,Delhi,Online,Net Banking,2,7028.75,0.1,14057.5,12651.75,0,2957.08,2024,9,September,Sunday,14057.5,12651.75
2024-09-15,ORD044189,CUST02814,P017,Jeans,Fashion,Kolkata,Online,Credit Card,3,3069.72,0.15,9209.16,7827.79,0,602.33,2024,9,September,Sunday,9209.16,7827.786
2024-09-15,ORD049281,CUST00903,P006,Desk,Furniture,Hyderabad,Store,Credit Card,1,11686.62,0.05,11686.62,11102.29,0,1100.07,2024,9,September,Sunday,11686.62,11102.289
2024-09-15,ORD043745,CUST00243,P009,T-Shirt,Fashion,Ahmedabad,Online,UPI,1,1191.12,0.05,1191.12,1131.56,0,109.53,2024,9,September,Sunday,1191.12,1131.5639999999999
2024-09-15,ORD019130,CUST04127,P010,Coffee Maker,Home,Pune,Store,Credit Card,4,6013.42,0.05,24053.68,22851.0,0,5571.67,2024,9,September,Sunday,24053.68,22850.996
2024-09-15,ORD016620,CUST03862,P015,Dining Table,Furniture,Kolkata,Online,Credit Card,3,22727.57,0.15,68182.71,57955.3,0,3349.89,2024,9,September,Sunday,68182.70999999999,57955.3035
2024-09-15,ORD019418,CUST04881,P010,Coffee Maker,Home,Chennai,Online,UPI,1,5939.29,0.05,5939.29,5642.33,0,1604.77,2024,9,September,Sunday,5939.29,5642.3255
2024-09-15,ORD024239,CUST04065,P020,Microwave,Home,Pune,Store,Credit Card,1,11043.12,0.1,11043.12,9938.81,0,1133.38,2024,9,September,Sunday,11043.12,9938.808
2024-09-15,ORD039252,CUST04662,P011,Mixer Grinder,Home,Chennai,Online,Credit Card,2,4904.32,0.1,9808.64,8827.78,0,2339.95,2024,9,September,Sunday,9808.64,8827.776
2024-09-15,ORD022580,CUST03799,P001,Laptop,Electronics,Bengaluru,Store,UPI,1,69934.73,0.1,69934.73,62941.26,0,9852.39,2024,9,September,Sunday,69934.73,62941.257
2024-09-15,ORD024197,CUST01708,P006,Desk,Furniture,Surat,Online,Credit Card,1,12036.68,0.1,12036.68,10833.01,1,-541.65,2024,9,September,Sunday,12036.68,10833.012
2024-09-15,ORD026425,CUST01250,P017,Jeans,Fashion,Chennai,Online,UPI,1,2652.42,0.0,2652.42,2652.42,0,392.23,2024,9,September,Sunday,2652.42,2652.42
2024-09-15,ORD021474,CUST04718,P008,Running Shoes,Fashion,Kolkata,Store,Credit Card,1,4470.56,0.25,4470.56,3352.92,0,430.23,2024,9,September,Sunday,4470.56,3352.92
2024-09-15,ORD026622,CUST04914,P007,Backpack,Accessories,Mumbai,Online,UPI,1,2418.61,0.15,2418.61,2055.82,0,276.72,2024,9,September,Sunday,2418.61,2055.8185
2024-09-15,ORD009013,CUST03784,P012,Air Fryer,Home,Jaipur,Online,Credit Card,1,7461.79,0.1,7461.79,6715.61,0,1814.32,2024,9,September,Sunday,7461.79,6715.611
2024-09-15,ORD014354,CUST03275,P001,Laptop,Electronics,Pune,Online,UPI,1,68991.7,0.1,68991.7,62092.53,0,5839.52,2024,9,September,Sunday,68991.7,62092.53
2024-09-15,ORD002129,CUST04496,P012,Air Fryer,Home,Kolkata,Store,Debit Card,2,6621.17,0.1,13242.34,11918.11,0,2230.48,2024,9,September,Sunday,13242.34,11918.106
2024-09-15,ORD029079,CUST03737,P006,Desk,Furniture,Jaipur,Online,Net Banking,1,11773.63,0.1,11773.63,10596.27,0,2739.35,2024,9,September,Sunday,11773.63,10596.267
2024-09-15,ORD031894,CUST00410,P014,Keyboard,Electronics,Delhi,Online,UPI,1,2366.09,0.2,2366.09,1892.87,0,415.64,2024,9,September,Sunday,2366.09,1892.8720000000003
2024-09-15,ORD024003,CUST04382,P014,Keyboard,Electronics,Chennai,Store,UPI,1,2713.36,0.1,2713.36,2442.02,0,371.68,2024,9,September,Sunday,2713.36,2442.0240000000003
2024-09-15,ORD001698,CUST02226,P001,Laptop,Electronics,Surat,Store,Credit Card,2,66586.77,0.0,133173.54,133173.54,0,31005.05,2024,9,September,Sunday,133173.54,133173.54
2024-09-15,ORD020249,CUST03445,P017,Jeans,Fashion,Kolkata,Online,Credit Card,3,2883.31,0.15,8649.93,7352.44,0,1460.48,2024,9,September,Sunday,8649.93,7352.4405
2024-09-15,ORD001097,CUST04522,P009,T-Shirt,Fashion,Hyderabad,Online,UPI,1,1284.31,0.1,1284.31,1155.88,0,142.63,2024,9,September,Sunday,1284.31,1155.879
2024-09-15,ORD007517,CUST03944,P001,Laptop,Electronics,Surat,Online,Cash,4,69193.84,0.1,276775.36,249097.82,0,47746.55,2024,9,September,Sunday,276775.36,249097.824
2024-09-15,ORD015805,CUST03856,P017,Jeans,Fashion,Bengaluru,Online,UPI,3,2675.65,0.0,8026.95,8026.95,0,1423.84,2024,9,September,Sunday,8026.950000000001,8026.95
2024-09-15,ORD044687,CUST03003,P013,Monitor,Electronics,Bengaluru,Online,UPI,1,18383.21,0.1,18383.21,16544.89,0,1931.39,2024,9,September,Sunday,18383.21,16544.889
2024-09-15,ORD041024,CUST02634,P006,Desk,Furniture,Bengaluru,Online,UPI,1,11855.45,0.15,11855.45,10077.13,0,1539.69,2024,9,September,Sunday,11855.45,10077.1325
2024-09-15,ORD015982,CUST02750,P009,T-Shirt,Fashion,Ahmedabad,Online,Credit Card,2,1140.91,0.05,2281.82,2167.73,0,412.62,2024,9,September,Sunday,2281.82,2167.7290000000003
2024-09-15,ORD021802,CUST04746,P009,T-Shirt,Fashion,Surat,Store,Credit Card,2,1271.02,0.1,2542.04,2287.84,0,148.73,2024,9,September,Sunday,2542.04,2287.8360000000002
2024-09-15,ORD001870,CUST02135,P006,Desk,Furniture,Chennai,Store,UPI,1,10858.14,0.05,10858.14,10315.23,0,1600.34,2024,9,September,Sunday,10858.14,10315.232999999998
2024-09-15,ORD019883,CUST00671,P002,Smartphone,Electronics,Bengaluru,Online,Credit Card,2,30431.93,0.1,60863.86,54777.47,0,12755.15,2024,9,September,Sunday,60863.86,54777.474
2024-09-15,ORD015249,CUST01816,P012,Air Fryer,Home,Chennai,Online,UPI,1,6489.3,0.05,6489.3,6164.84,0,1070.3,2024,9,September,Sunday,6489.3,6164.835
2024-09-15,ORD020076,CUST04243,P012,Air Fryer,Home,Kolkata,Online,Credit Card,1,6622.82,0.1,6622.82,5960.54,0,1315.24,2024,9,September,Sunday,6622.82,5960.538
2024-09-15,ORD045771,CUST01538,P004,Smartwatch,Electronics,Hyderabad,Store,Debit Card,1,6533.26,0.1,6533.26,5879.93,0,1207.01,2024,9,September,Sunday,6533.26,5879.934
2024-09-15,ORD035653,CUST04634,P002,Smartphone,Electronics,Bengaluru,Store,UPI,1,27292.46,0.0,27292.46,27292.46,0,8087.6,2024,9,September,Sunday,27292.46,27292.46
2024-09-15,ORD006274,CUST03836,P004,Smartwatch,Electronics,Bengaluru,Online,Cash,5,6538.21,0.0,32691.05,32691.05,0,6219.65,2024,9,September,Sunday,32691.05,32691.05
2024-09-15,ORD001573,CUST01746,P014,Keyboard,Electronics,Surat,Store,Credit Card,1,2319.75,0.0,2319.75,2319.75,0,289.73,2024,9,September,Sunday,2319.75,2319.75
2024-09-15,ORD021534,CUST00455,P018,Jacket,Fashion,Kolkata,Store,UPI,1,5688.56,0.05,5688.56,5404.13,0,1071.67,2024,9,September,Sunday,5688.56,5404.1320000000005
2024-09-15,ORD009261,CUST01396,P018,Jacket,Fashion,Delhi,Online,UPI,1,4754.2,0.0,4754.2,4754.2,0,1206.88,2024,9,September,Sunday,4754.2,4754.2
2024-09-15,ORD036598,CUST04721,P007,Backpack,Accessories,Ahmedabad,Online,UPI,1,2120.77,0.1,2120.77,1908.69,0,385.17,2024,9,September,Sunday,2120.77,1908.693
2024-09-15,ORD019497,CUST02657,P016,Sofa,Furniture,Chennai,Store,UPI,1,31620.33,0.1,31620.33,28458.3,0,7212.54,2024,9,September,Sunday,31620.33,28458.297000000002
2024-09-15,ORD036600,CUST01361,P013,Monitor,Electronics,Hyderabad,Online,UPI,1,19792.49,0.1,19792.49,17813.24,0,3192.78,2024,9,September,Sunday,19792.49,17813.241
2024-09-15,ORD029957,CUST00104,P014,Keyboard,Electronics,Hyderabad,Online,UPI,4,2440.3,0.05,9761.2,9273.14,0,1690.23,2024,9,September,Sunday,9761.2,9273.14
2024-09-15,ORD034578,CUST00118,P020,Microwave,Home,Surat,Online,UPI,1,11352.56,0.05,11352.56,10784.93,0,1349.55,2024,9,September,Sunday,11352.56,10784.931999999999
2024-09-15,ORD027540,CUST04037,P010,Coffee Maker,Home,Chennai,Online,Debit Card,2,5328.82,0.05,10657.64,10124.76,0,1533.56,2024,9,September,Sunday,10657.64,10124.758
2024-09-15,ORD002156,CUST00509,P013,Monitor,Electronics,Delhi,Store,Debit Card,1,18714.98,0.05,18714.98,17779.23,0,4464.1,2024,9,September,Sunday,18714.98,17779.231
2024-09-15,ORD006944,CUST01451,P019,Vacuum Cleaner,Home,Surat,Online,UPI,1,9688.7,0.05,9688.7,9204.26,0,1347.95,2024,9,September,Sunday,9688.7,9204.265
2024-09-15,ORD000013,CUST00710,P007,Backpack,Accessories,Kolkata,Online,Credit Card,4,2264.98,0.05,9059.92,8606.92,0,1270.08,2024,9,September,Sunday,9059.92,8606.923999999999
2024-09-15,ORD011972,CUST00088,P003,Headphones,Electronics,Hyderabad,Store,UPI,1,4482.48,0.1,4482.48,4034.23,0,325.7,2024,9,September,Sunday,4482.48,4034.2319999999995
2024-09-16,ORD005121,CUST04817,P017,Jeans,Fashion,Mumbai,Online,UPI,2,2767.95,0.05,5535.9,5259.1,0,976.85,2024,9,September,Monday,5535.9,5259.105
2024-09-16,ORD048544,CUST03544,P012,Air Fryer,Home,Hyderabad,Online,Credit Card,4,7357.86,0.2,29431.44,23545.15,0,4394.11,2024,9,September,Monday,29431.44,23545.152000000002
2024-09-16,ORD038435,CUST03852,P017,Jeans,Fashion,Ahmedabad,Online,Credit Card,1,2791.51,0.0,2791.51,2791.51,0,576.31,2024,9,September,Monday,2791.51,2791.51
2024-09-16,ORD045494,CUST02038,P002,Smartphone,Electronics,Jaipur,Online,Net Banking,1,26564.31,0.15,26564.31,22579.66,0,5509.89,2024,9,September,Monday,26564.31,22579.6635
2024-09-16,ORD014757,CUST01060,P004,Smartwatch,Electronics,Ahmedabad,Online,Cash,1,6731.96,0.05,6731.96,6395.36,0,1449.08,2024,9,September,Monday,6731.96,6395.362
2024-09-16,ORD048284,CUST04149,P001,Laptop,Electronics,Mumbai,Online,UPI,1,62527.57,0.15,62527.57,53148.43,0,11183.82,2024,9,September,Monday,62527.57,53148.434499999996
2024-09-16,ORD004157,CUST00987,P011,Mixer Grinder,Home,Chennai,Online,Net Banking,1,4839.68,0.15,4839.68,4113.73,0,229.95,2024,9,September,Monday,4839.68,4113.728
2024-09-16,ORD021957,CUST00464,P002,Smartphone,Electronics,Delhi,Online,Credit Card,4,30657.23,0.0,122628.92,122628.92,0,13657.19,2024,9,September,Monday,122628.92,122628.92
2024-09-16,ORD038285,CUST01549,P007,Backpack,Accessories,Bengaluru,Store,UPI,1,2015.47,0.0,2015.47,2015.47,0,242.84,2024,9,September,Monday,2015.47,2015.47
2024-09-16,ORD018020,CUST01334,P016,Sofa,Furniture,Ahmedabad,Online,UPI,1,31650.28,0.0,31650.28,31650.28,0,6261.32,2024,9,September,Monday,31650.28,31650.28
2024-09-16,ORD038287,CUST03904,P013,Monitor,Electronics,Ahmedabad,Store,UPI,2,17431.54,0.05,34863.08,33119.93,0,2756.92,2024,9,September,Monday,34863.08,33119.926
2024-09-16,ORD024924,CUST00330,P019,Vacuum Cleaner,Home,Bengaluru,Online,Credit Card,1,9196.2,0.1,9196.2,8276.58,0,1117.56,2024,9,September,Monday,9196.2,8276.580000000002
2024-09-16,ORD004305,CUST04296,P017,Jeans,Fashion,Delhi,Online,Credit Card,2,2688.82,0.1,5377.64,4839.88,0,1149.61,2024,9,September,Monday,5377.64,4839.876
2024-09-16,ORD014798,CUST04315,P017,Jeans,Fashion,Chennai,Online,Credit Card,3,2922.04,0.15,8766.12,7451.2,0,1129.73,2024,9,September,Monday,8766.119999999999,7451.202
2024-09-16,ORD000769,CUST03306,P014,Keyboard,Electronics,Mumbai,Store,UPI,4,2540.71,0.0,10162.84,10162.84,0,1303.39,2024,9,September,Monday,10162.84,10162.84
2024-09-16,ORD036325,CUST01422,P001,Laptop,Electronics,Chennai,Online,Credit Card,2,71207.14,0.15,142414.28,121052.14,0,25511.42,2024,9,September,Monday,142414.28,121052.13799999999
2024-09-16,ORD036249,CUST02378,P006,Desk,Furniture,Bengaluru,Online,Debit Card,3,13131.49,0.0,39394.47,39394.47,0,5675.64,2024,9,September,Monday,39394.47,39394.47
2024-09-16,ORD037991,CUST00637,P011,Mixer Grinder,Home,Delhi,Online,UPI,1,4457.83,0.1,4457.83,4012.05,0,595.84,2024,9,September,Monday,4457.83,4012.047
2024-09-16,ORD006332,CUST03716,P017,Jeans,Fashion,Bengaluru,Store,Debit Card,1,2897.34,0.0,2897.34,2897.34,0,261.24,2024,9,September,Monday,2897.34,2897.34
2024-09-16,ORD007111,CUST02147,P007,Backpack,Accessories,Delhi,Online,UPI,4,2322.66,0.1,9290.64,8361.58,0,504.57,2024,9,September,Monday,9290.64,8361.576
2024-09-16,ORD004173,CUST04044,P018,Jacket,Fashion,Pune,Online,UPI,2,4772.14,0.0,9544.28,9544.28,0,2365.32,2024,9,September,Monday,9544.28,9544.28
2024-09-16,ORD023270,CUST00471,P002,Smartphone,Electronics,Jaipur,Online,Debit Card,1,30065.25,0.0,30065.25,30065.25,0,5108.35,2024,9,September,Monday,30065.25,30065.25
2024-09-16,ORD000756,CUST02143,P018,Jacket,Fashion,Jaipur,Store,UPI,1,5524.81,0.0,5524.81,5524.81,0,1357.61,2024,9,September,Monday,5524.81,5524.81
2024-09-16,ORD042723,CUST03759,P017,Jeans,Fashion,Jaipur,Store,Debit Card,1,3057.95,0.1,3057.95,2752.16,0,295.6,2024,9,September,Monday,3057.95,2752.1549999999997
2024-09-16,ORD005836,CUST02239,P015,Dining Table,Furniture,Surat,Online,Cash,2,23547.29,0.05,47094.58,44739.85,0,12271.84,2024,9,September,Monday,47094.58,44739.851
2024-09-16,ORD032919,CUST04663,P015,Dining Table,Furniture,Jaipur,Store,Cash,1,23717.55,0.1,23717.55,21345.8,0,5816.3,2024,9,September,Monday,23717.55,21345.795
2024-09-16,ORD024416,CUST00107,P003,Headphones,Electronics,Pune,Store,UPI,2,4347.66,0.05,8695.32,8260.55,0,1116.85,2024,9,September,Monday,8695.32,8260.554
2024-09-16,ORD021346,CUST01627,P007,Backpack,Accessories,Pune,Store,Credit Card,2,2290.51,0.1,4581.02,4122.92,0,787.65,2024,9,September,Monday,4581.02,4122.918000000001
2024-09-16,ORD008660,CUST01745,P003,Headphones,Electronics,Hyderabad,Online,UPI,2,4272.47,0.1,8544.94,7690.45,0,1407.27,2024,9,September,Monday,8544.94,7690.446000000001
2024-09-16,ORD030319,CUST01791,P018,Jacket,Fashion,Kolkata,Store,Debit Card,4,5086.66,0.1,20346.64,18311.98,0,5013.95,2024,9,September,Monday,20346.64,18311.976
2024-09-16,ORD012583,CUST02386,P004,Smartwatch,Electronics,Chennai,Store,UPI,1,7410.98,0.2,7410.98,5928.78,0,815.13,2024,9,September,Monday,7410.98,5928.784
2024-09-16,ORD024272,CUST04929,P011,Mixer Grinder,Home,Ahmedabad,Store,UPI,3,5059.76,0.1,15179.28,13661.35,0,3771.19,2024,9,September,Monday,15179.28,13661.352
2024-09-16,ORD027783,CUST03356,P017,Jeans,Fashion,Hyderabad,Online,Credit Card,1,2892.93,0.1,2892.93,2603.64,0,530.82,2024,9,September,Monday,2892.93,2603.6369999999997
2024-09-16,ORD038480,CUST01909,P006,Desk,Furniture,Jaipur,Store,Credit Card,1,12355.14,0.15,12355.14,10501.87,0,1180.1,2024,9,September,Monday,12355.14,10501.868999999999
2024-09-16,ORD026427,CUST02976,P019,Vacuum Cleaner,Home,Surat,Store,Net Banking,1,9334.32,0.2,9334.32,7467.46,0,1170.21,2024,9,September,Monday,9334.32,7467.456
2024-09-16,ORD025028,CUST04668,P009,T-Shirt,Fashion,Kolkata,Online,Cash,1,1166.31,0.1,1166.31,1049.68,0,78.08,2024,9,September,Monday,1166.31,1049.679
2024-09-16,ORD033572,CUST02304,P008,Running Shoes,Fashion,Mumbai,Online,Credit Card,2,4565.11,0.0,9130.22,9130.22,0,1197.11,2024,9,September,Monday,9130.22,9130.22
2024-09-16,ORD016363,CUST03395,P003,Headphones,Electronics,Surat,Store,UPI,1,4213.77,0.15,4213.77,3581.7,0,404.9,2024,9,September,Monday,4213.77,3581.7045000000003
2024-09-16,ORD006739,CUST01089,P007,Backpack,Accessories,Kolkata,Online,UPI,1,2262.24,0.15,2262.24,1922.9,0,329.27,2024,9,September,Monday,2262.24,1922.9039999999998
2024-09-16,ORD007924,CUST01100,P013,Monitor,Electronics,Jaipur,Online,Credit Card,1,17591.41,0.0,17591.41,17591.41,1,-879.57,2024,9,September,Monday,17591.41,17591.41
2024-09-16,ORD049155,CUST00431,P018,Jacket,Fashion,Surat,Store,Cash,1,5275.1,0.15,5275.1,4483.84,0,488.74,2024,9,September,Monday,5275.1,4483.835
2024-09-16,ORD001169,CUST01309,P001,Laptop,Electronics,Bengaluru,Store,Debit Card,1,70700.01,0.15,70700.01,60095.01,0,4726.04,2024,9,September,Monday,70700.01,60095.008499999996
2024-09-16,ORD026444,CUST00243,P001,Laptop,Electronics,Ahmedabad,Store,UPI,2,65235.78,0.0,130471.56,130471.56,0,36772.59,2024,9,September,Monday,130471.56,130471.56
2024-09-16,ORD039230,CUST01329,P006,Desk,Furniture,Ahmedabad,Online,Debit Card,5,12324.46,0.05,61622.3,58541.18,0,12624.89,2024,9,September,Monday,61622.299999999996,58541.185
2024-09-16,ORD033104,CUST00180,P006,Desk,Furniture,Bengaluru,Online,UPI,1,10802.2,0.2,10802.2,8641.76,0,508.18,2024,9,September,Monday,10802.2,8641.76
2024-09-16,ORD038872,CUST00289,P010,Coffee Maker,Home,Bengaluru,Store,UPI,1,5015.11,0.0,5015.11,5015.11,0,645.39,2024,9,September,Monday,5015.11,5015.11
2024-09-16,ORD032435,CUST04811,P004,Smartwatch,Electronics,Delhi,Store,UPI,4,7697.35,0.0,30789.4,30789.4,0,2500.44,2024,9,September,Monday,30789.4,30789.4
2024-09-16,ORD034180,CUST04301,P003,Headphones,Electronics,Pune,Store,Cash,1,4061.95,0.0,4061.95,4061.95,0,709.03,2024,9,September,Monday,4061.95,4061.95
2024-09-16,ORD030414,CUST00390,P012,Air Fryer,Home,Kolkata,Online,UPI,1,6896.3,0.05,6896.3,6551.48,0,879.77,2024,9,September,Monday,6896.3,6551.485
2024-09-16,ORD019867,CUST03138,P013,Monitor,Electronics,Ahmedabad,Online,Cash,1,19169.77,0.05,19169.77,18211.28,0,2234.19,2024,9,September,Monday,19169.77,18211.2815
2024-09-16,ORD003333,CUST02014,P002,Smartphone,Electronics,Kolkata,Online,Credit Card,1,27961.88,0.0,27961.88,27961.88,0,5448.72,2024,9,September,Monday,27961.88,27961.88
2024-09-16,ORD007308,CUST02598,P016,Sofa,Furniture,Jaipur,Online,Credit Card,3,38011.52,0.0,114034.56,114034.56,0,30689.46,2024,9,September,Monday,114034.56,114034.56
2024-09-16,ORD010278,CUST04468,P020,Microwave,Home,Delhi,Store,Credit Card,1,10551.73,0.1,10551.73,9496.56,0,1857.29,2024,9,September,Monday,10551.73,9496.557
2024-09-16,ORD022378,CUST01882,P020,Microwave,Home,Ahmedabad,Store,Cash,1,10224.04,0.25,10224.04,7668.03,0,1544.09,2024,9,September,Monday,10224.04,7668.030000000001
2024-09-16,ORD048112,CUST02237,P009,T-Shirt,Fashion,Kolkata,Online,Credit Card,4,1127.47,0.05,4509.88,4284.39,0,670.14,2024,9,September,Monday,4509.88,4284.3859999999995
2024-09-16,ORD036521,CUST04022,P001,Laptop,Electronics,Jaipur,Online,UPI,1,68142.64,0.1,68142.64,61328.38,0,3729.21,2024,9,September,Monday,68142.64,61328.376000000004
2024-09-16,ORD048983,CUST04962,P018,Jacket,Fashion,Jaipur,Online,Net Banking,1,5314.47,0.1,5314.47,4783.02,0,875.89,2024,9,September,Monday,5314.47,4783.023
2024-09-16,ORD015832,CUST01600,P012,Air Fryer,Home,Ahmedabad,Store,UPI,1,6780.8,0.1,6780.8,6102.72,0,987.25,2024,9,September,Monday,6780.8,6102.72
2024-09-16,ORD027382,CUST03201,P011,Mixer Grinder,Home,Hyderabad,Store,Debit Card,3,4771.25,0.05,14313.75,13598.06,0,3564.35,2024,9,September,Monday,14313.75,13598.0625
2024-09-16,ORD012726,CUST02212,P009,T-Shirt,Fashion,Hyderabad,Online,Credit Card,1,1094.34,0.1,1094.34,984.91,0,66.22,2024,9,September,Monday,1094.34,984.906
2024-09-16,ORD048988,CUST03458,P011,Mixer Grinder,Home,Pune,Online,UPI,1,4922.76,0.0,4922.76,4922.76,0,1400.04,2024,9,September,Monday,4922.76,4922.76
2024-09-16,ORD035520,CUST03649,P020,Microwave,Home,Mumbai,Store,Credit Card,3,11626.6,0.05,34879.8,33135.81,0,5237.28,2024,9,September,Monday,34879.8,33135.81
2024-09-16,ORD006033,CUST02649,P014,Keyboard,Electronics,Jaipur,Online,Cash,2,2567.47,0.05,5134.94,4878.19,0,1305.79,2024,9,September,Monday,5134.94,4878.192999999999
2024-09-16,ORD032216,CUST04044,P004,Smartwatch,Electronics,Ahmedabad,Store,Credit Card,2,6610.58,0.05,13221.16,12560.1,1,-628.01,2024,9,September,Monday,13221.16,12560.101999999999
2024-09-16,ORD035593,CUST01344,P002,Smartphone,Electronics,Chennai,Online,Credit Card,1,28041.96,0.15,28041.96,23835.67,0,4702.15,2024,9,September,Monday,28041.96,23835.665999999997
2024-09-16,ORD017795,CUST01680,P006,Desk,Furniture,Hyderabad,Store,Credit Card,3,13077.91,0.0,39233.73,39233.73,0,8763.37,2024,9,September,Monday,39233.729999999996,39233.73
2024-09-16,ORD032403,CUST03240,P002,Smartphone,Electronics,Delhi,Online,UPI,2,30409.12,0.15,60818.24,51695.5,0,7079.57,2024,9,September,Monday,60818.24,51695.50399999999
2024-09-16,ORD014210,CUST03508,P007,Backpack,Accessories,Pune,Online,UPI,2,2290.14,0.0,4580.28,4580.28,0,883.08,2024,9,September,Monday,4580.28,4580.28
2024-09-16,ORD026956,CUST01843,P012,Air Fryer,Home,Surat,Store,Cash,1,7068.73,0.1,7068.73,6361.86,0,1226.12,2024,9,September,Monday,7068.73,6361.857
2024-09-17,ORD009163,CUST02882,P011,Mixer Grinder,Home,Chennai,Online,Credit Card,2,5192.94,0.1,10385.88,9347.29,0,2271.11,2024,9,September,Tuesday,10385.88,9347.292
2024-09-17,ORD020088,CUST03309,P016,Sofa,Furniture,Bengaluru,Store,UPI,3,33753.25,0.15,101259.75,86070.79,0,6220.17,2024,9,September,Tuesday,101259.75,86070.78749999999
2024-09-17,ORD049070,CUST01497,P009,T-Shirt,Fashion,Jaipur,Online,Credit Card,1,1196.73,0.1,1196.73,1077.06,0,282.28,2024,9,September,Tuesday,1196.73,1077.057
2024-09-17,ORD035703,CUST00412,P019,Vacuum Cleaner,Home,Delhi,Online,Credit Card,2,8311.37,0.05,16622.74,15791.6,0,3559.98,2024,9,September,Tuesday,16622.74,15791.603000000001
2024-09-17,ORD008993,CUST02938,P004,Smartwatch,Electronics,Hyderabad,Store,UPI,1,6419.63,0.0,6419.63,6419.63,0,1838.22,2024,9,September,Tuesday,6419.63,6419.63
2024-09-17,ORD047690,CUST03214,P010,Coffee Maker,Home,Chennai,Store,Net Banking,1,5594.49,0.05,5594.49,5314.77,0,1079.69,2024,9,September,Tuesday,5594.49,5314.7654999999995
2024-09-17,ORD035413,CUST02270,P006,Desk,Furniture,Ahmedabad,Store,Debit Card,2,12357.67,0.2,24715.34,19772.27,0,2325.04,2024,9,September,Tuesday,24715.34,19772.272
2024-09-17,ORD003796,CUST01810,P017,Jeans,Fashion,Pune,Online,UPI,1,2628.54,0.1,2628.54,2365.69,0,536.88,2024,9,September,Tuesday,2628.54,2365.686
2024-09-17,ORD025524,CUST04488,P018,Jacket,Fashion,Chennai,Store,Credit Card,1,5675.51,0.1,5675.51,5107.96,0,971.88,2024,9,September,Tuesday,5675.51,5107.959000000001
2024-09-17,ORD026901,CUST03557,P006,Desk,Furniture,Jaipur,Online,UPI,1,11257.21,0.05,11257.21,10694.35,0,1484.82,2024,9,September,Tuesday,11257.21,10694.349499999998
2024-09-17,ORD004152,CUST02580,P009,T-Shirt,Fashion,Hyderabad,Store,UPI,1,1244.31,0.15,1244.31,1057.66,0,108.22,2024,9,September,Tuesday,1244.31,1057.6634999999999
2024-09-17,ORD013618,CUST02138,P002,Smartphone,Electronics,Delhi,Online,UPI,1,30639.69,0.2,30639.69,24511.75,0,1438.95,2024,9,September,Tuesday,30639.69,24511.752
2024-09-17,ORD015398,CUST01040,P009,T-Shirt,Fashion,Surat,Store,Credit Card,1,1081.52,0.0,1081.52,1081.52,0,275.98,2024,9,September,Tuesday,1081.52,1081.52
2024-09-17,ORD048171,CUST01662,P016,Sofa,Furniture,Jaipur,Store,UPI,2,32274.86,0.2,64549.72,51639.78,0,4140.85,2024,9,September,Tuesday,64549.72,51639.776000000005
2024-09-17,ORD002172,CUST00571,P003,Headphones,Electronics,Ahmedabad,Store,Debit Card,1,4921.49,0.15,4921.49,4183.27,0,753.71,2024,9,September,Tuesday,4921.49,4183.2665
2024-09-17,ORD047791,CUST03508,P019,Vacuum Cleaner,Home,Jaipur,Online,UPI,1,8554.93,0.05,8554.93,8127.18,0,965.57,2024,9,September,Tuesday,8554.93,8127.1835
2024-09-17,ORD012541,CUST03522,P010,Coffee Maker,Home,Delhi,Store,UPI,1,5938.97,0.0,5938.97,5938.97,0,1415.89,2024,9,September,Tuesday,5938.97,5938.97
2024-09-17,ORD031445,CUST02949,P008,Running Shoes,Fashion,Ahmedabad,Store,Credit Card,1,4542.89,0.1,4542.89,4088.6,0,972.52,2024,9,September,Tuesday,4542.89,4088.6010000000006
2024-09-17,ORD041113,CUST02111,P020,Microwave,Home,Bengaluru,Store,Debit Card,1,11190.75,0.0,11190.75,11190.75,0,2826.54,2024,9,September,Tuesday,11190.75,11190.75
2024-09-17,ORD049111,CUST03826,P012,Air Fryer,Home,Kolkata,Store,Credit Card,1,7378.65,0.25,7378.65,5533.99,0,1184.96,2024,9,September,Tuesday,7378.65,5533.987499999999
2024-09-17,ORD018117,CUST00024,P001,Laptop,Electronics,Pune,Online,Debit Card,1,63035.75,0.0,63035.75,63035.75,0,6658.62,2024,9,September,Tuesday,63035.75,63035.75
2024-09-17,ORD022046,CUST04186,P019,Vacuum Cleaner,Home,Bengaluru,Online,UPI,3,9600.18,0.15,28800.54,24480.46,0,6133.1,2024,9,September,Tuesday,28800.54,24480.459
2024-09-17,ORD010231,CUST03368,P015,Dining Table,Furniture,Chennai,Online,UPI,1,21944.25,0.2,21944.25,17555.4,1,-877.77,2024,9,September,Tuesday,21944.25,17555.4
2024-09-17,ORD020941,CUST02627,P019,Vacuum Cleaner,Home,Jaipur,Store,Cash,2,9086.71,0.15,18173.42,15447.41,0,3036.75,2024,9,September,Tuesday,18173.42,15447.406999999997
2024-09-17,ORD041194,CUST00292,P012,Air Fryer,Home,Hyderabad,Online,Net Banking,1,6787.45,0.1,6787.45,6108.7,1,-305.44,2024,9,September,Tuesday,6787.45,6108.705
2024-09-17,ORD047756,CUST00002,P002,Smartphone,Electronics,Hyderabad,Online,Net Banking,4,26684.14,0.05,106736.56,101399.73,0,20708.69,2024,9,September,Tuesday,106736.56,101399.73199999999
2024-09-17,ORD000070,CUST01674,P011,Mixer Grinder,Home,Bengaluru,Online,Debit Card,4,4890.13,0.05,19560.52,18582.49,0,3157.89,2024,9,September,Tuesday,19560.52,18582.494
2024-09-17,ORD013113,CUST03428,P008,Running Shoes,Fashion,Surat,Store,UPI,1,4166.84,0.15,4166.84,3541.81,0,832.42,2024,9,September,Tuesday,4166.84,3541.814
2024-09-17,ORD026860,CUST03205,P003,Headphones,Electronics,Jaipur,Online,Credit Card,4,4239.03,0.1,16956.12,15260.51,0,4236.32,2024,9,September,Tuesday,16956.12,15260.508
2024-09-17,ORD008886,CUST00113,P005,Office Chair,Furniture,Bengaluru,Online,Credit Card,1,10115.55,0.15,10115.55,8598.22,0,1673.6,2024,9,September,Tuesday,10115.55,8598.217499999999
2024-09-17,ORD048318,CUST01334,P012,Air Fryer,Home,Ahmedabad,Store,UPI,1,7580.16,0.05,7580.16,7201.15,0,720.2,2024,9,September,Tuesday,7580.16,7201.151999999999
2024-09-17,ORD011712,CUST02515,P003,Headphones,Electronics,Delhi,Online,UPI,1,4631.96,0.05,4631.96,4400.36,0,721.87,2024,9,September,Tuesday,4631.96,4400.362
2024-09-17,ORD015660,CUST00489,P014,Keyboard,Electronics,Surat,Online,Debit Card,3,2482.38,0.1,7447.14,6702.43,0,497.67,2024,9,September,Tuesday,7447.14,6702.426
2024-09-17,ORD033344,CUST03248,P015,Dining Table,Furniture,Mumbai,Online,UPI,1,23941.32,0.1,23941.32,21547.19,0,4537.71,2024,9,September,Tuesday,23941.32,21547.188000000002
2024-09-17,ORD021827,CUST01296,P003,Headphones,Electronics,Bengaluru,Store,UPI,1,4683.21,0.1,4683.21,4214.89,0,1034.4,2024,9,September,Tuesday,4683.21,4214.889
2024-09-17,ORD010813,CUST03045,P014,Keyboard,Electronics,Chennai,Online,Net Banking,2,2724.16,0.2,5448.32,4358.66,0,393.11,2024,9,September,Tuesday,5448.32,4358.656
2024-09-17,ORD039472,CUST03911,P007,Backpack,Accessories,Hyderabad,Online,UPI,1,2039.0,0.15,2039.0,1733.15,0,283.04,2024,9,September,Tuesday,2039.0,1733.1499999999999
2024-09-17,ORD048875,CUST01610,P014,Keyboard,Electronics,Surat,Online,UPI,1,2377.43,0.1,2377.43,2139.69,0,171.58,2024,9,September,Tuesday,2377.43,2139.687
2024-09-17,ORD019161,CUST02694,P009,T-Shirt,Fashion,Ahmedabad,Online,UPI,1,1106.93,0.1,1106.93,996.24,0,119.18,2024,9,September,Tuesday,1106.93,996.2370000000001
2024-09-17,ORD004866,CUST02854,P003,Headphones,Electronics,Surat,Online,Credit Card,4,4084.47,0.1,16337.88,14704.09,0,1512.04,2024,9,September,Tuesday,16337.88,14704.091999999999
2024-09-17,ORD045241,CUST01745,P013,Monitor,Electronics,Kolkata,Store,UPI,4,18560.13,0.0,74240.52,74240.52,0,21037.55,2024,9,September,Tuesday,74240.52,74240.52
2024-09-17,ORD036189,CUST02264,P019,Vacuum Cleaner,Home,Pune,Store,Credit Card,1,9187.39,0.2,9187.39,7349.91,0,381.85,2024,9,September,Tuesday,9187.39,7349.912
2024-09-17,ORD037910,CUST00833,P008,Running Shoes,Fashion,Chennai,Store,Credit Card,3,4041.61,0.2,12124.83,9699.86,0,1406.76,2024,9,September,Tuesday,12124.83,9699.864
2024-09-17,ORD022126,CUST01201,P003,Headphones,Electronics,Jaipur,Store,UPI,2,4120.37,0.0,8240.74,8240.74,0,1000.78,2024,9,September,Tuesday,8240.74,8240.74
2024-09-17,ORD013556,CUST02373,P017,Jeans,Fashion,Pune,Online,Debit Card,1,3002.11,0.05,3002.11,2852.0,0,598.96,2024,9,September,Tuesday,3002.11,2852.0045
2024-09-17,ORD022124,CUST04398,P013,Monitor,Electronics,Mumbai,Store,Credit Card,1,16585.88,0.15,16585.88,14098.0,0,3038.96,2024,9,September,Tuesday,16585.88,14097.998
2024-09-17,ORD042138,CUST00600,P013,Monitor,Electronics,Chennai,Online,Debit Card,1,19217.19,0.25,19217.19,14412.89,0,2096.82,2024,9,September,Tuesday,19217.19,14412.892499999998
2024-09-17,ORD026755,CUST03597,P011,Mixer Grinder,Home,Delhi,Online,UPI,3,5015.84,0.05,15047.52,14295.14,0,2312.72,2024,9,September,Tuesday,15047.52,14295.144
2024-09-17,ORD025756,CUST02209,P007,Backpack,Accessories,Chennai,Online,Cash,5,2014.11,0.15,10070.55,8559.97,0,1785.79,2024,9,September,Tuesday,10070.55,8559.967499999999
2024-09-17,ORD049840,CUST04829,P008,Running Shoes,Fashion,Jaipur,Online,UPI,2,4387.29,0.05,8774.58,8335.85,1,-416.79,2024,9,September,Tuesday,8774.58,8335.850999999999
2024-09-17,ORD034272,CUST01065,P020,Microwave,Home,Surat,Store,Debit Card,2,11057.02,0.0,22114.04,22114.04,0,2986.61,2024,9,September,Tuesday,22114.04,22114.04
2024-09-17,ORD032821,CUST02824,P011,Mixer Grinder,Home,Kolkata,Store,UPI,1,4458.74,0.0,4458.74,4458.74,0,790.49,2024,9,September,Tuesday,4458.74,4458.74
2024-09-17,ORD039513,CUST01240,P016,Sofa,Furniture,Ahmedabad,Store,Net Banking,1,35197.79,0.2,35197.79,28158.23,0,6058.24,2024,9,September,Tuesday,35197.79,28158.232000000004
2024-09-17,ORD010484,CUST04172,P008,Running Shoes,Fashion,Surat,Online,Credit Card,3,4490.19,0.1,13470.57,12123.51,0,1088.84,2024,9,September,Tuesday,13470.57,12123.513
2024-09-17,ORD046435,CUST03658,P014,Keyboard,Electronics,Pune,Store,UPI,1,2322.78,0.15,2322.78,1974.36,0,227.39,2024,9,September,Tuesday,2322.78,1974.363
2024-09-17,ORD001262,CUST02097,P013,Monitor,Electronics,Hyderabad,Online,UPI,1,16399.77,0.05,16399.77,15579.78,0,1437.29,2024,9,September,Tuesday,16399.77,15579.7815
2024-09-17,ORD013242,CUST00301,P011,Mixer Grinder,Home,Hyderabad,Online,UPI,1,5112.74,0.05,5112.74,4857.1,0,1228.38,2024,9,September,Tuesday,5112.74,4857.102999999999
2024-09-17,ORD018825,CUST03631,P015,Dining Table,Furniture,Bengaluru,Store,UPI,3,23687.68,0.1,71063.04,63956.74,1,-3197.84,2024,9,September,Tuesday,71063.04000000001,63956.736
2024-09-17,ORD015950,CUST04430,P007,Backpack,Accessories,Kolkata,Online,UPI,1,2419.23,0.0,2419.23,2419.23,0,469.55,2024,9,September,Tuesday,2419.23,2419.23
2024-09-17,ORD003511,CUST01079,P016,Sofa,Furniture,Surat,Online,UPI,1,35213.0,0.1,35213.0,31691.7,0,8353.9,2024,9,September,Tuesday,35213.0,31691.7
2024-09-17,ORD005544,CUST01427,P009,T-Shirt,Fashion,Surat,Store,UPI,1,1173.85,0.05,1173.85,1115.16,0,279.29,2024,9,September,Tuesday,1173.85,1115.1574999999998
2024-09-17,ORD006013,CUST02191,P014,Keyboard,Electronics,Chennai,Online,UPI,1,2379.95,0.1,2379.95,2141.96,1,-107.1,2024,9,September,Tuesday,2379.95,2141.955
2024-09-17,ORD006685,CUST03834,P006,Desk,Furniture,Mumbai,Online,Net Banking,1,11898.66,0.05,11898.66,11303.73,0,2196.25,2024,9,September,Tuesday,11898.66,11303.726999999999
2024-09-17,ORD047121,CUST03299,P013,Monitor,Electronics,Mumbai,Store,UPI,1,18565.32,0.1,18565.32,16708.79,0,4405.11,2024,9,September,Tuesday,18565.32,16708.788
2024-09-17,ORD028702,CUST03200,P020,Microwave,Home,Surat,Online,Credit Card,1,9947.28,0.0,9947.28,9947.28,0,1409.41,2024,9,September,Tuesday,9947.28,9947.28
2024-09-17,ORD013967,CUST02271,P015,Dining Table,Furniture,Bengaluru,Online,UPI,1,22909.76,0.1,22909.76,20618.78,0,4131.56,2024,9,September,Tuesday,22909.76,20618.784
2024-09-17,ORD024808,CUST01491,P020,Microwave,Home,Jaipur,Store,Credit Card,1,11625.54,0.15,11625.54,9881.71,0,2045.31,2024,9,September,Tuesday,11625.54,9881.709
2024-09-17,ORD031857,CUST01921,P003,Headphones,Electronics,Surat,Online,UPI,1,4536.89,0.1,4536.89,4083.2,0,451.45,2024,9,September,Tuesday,4536.89,4083.2010000000005
2024-09-17,ORD008366,CUST04696,P004,Smartwatch,Electronics,Ahmedabad,Online,Credit Card,1,7003.79,0.05,7003.79,6653.6,1,-332.68,2024,9,September,Tuesday,7003.79,6653.6005
2024-09-17,ORD035541,CUST03297,P004,Smartwatch,Electronics,Jaipur,Store,Credit Card,1,7696.03,0.25,7696.03,5772.02,0,1197.13,2024,9,September,Tuesday,7696.03,5772.0225
2024-09-18,ORD028309,CUST03117,P010,Coffee Maker,Home,Hyderabad,Online,Debit Card,2,5111.02,0.2,10222.04,8177.63,0,2064.78,2024,9,September,Wednesday,10222.04,8177.632000000001
2024-09-18,ORD034722,CUST00723,P004,Smartwatch,Electronics,Delhi,Store,Debit Card,1,7599.48,0.25,7599.48,5699.61,0,1019.14,2024,9,September,Wednesday,7599.48,5699.61
2024-09-18,ORD037203,CUST03469,P001,Laptop,Electronics,Ahmedabad,Online,UPI,1,62829.69,0.15,62829.69,53405.24,0,6752.45,2024,9,September,Wednesday,62829.69,53405.2365
2024-09-18,ORD030111,CUST02770,P009,T-Shirt,Fashion,Mumbai,Online,Net Banking,1,1100.49,0.0,1100.49,1100.49,0,232.68,2024,9,September,Wednesday,1100.49,1100.49
2024-09-18,ORD044074,CUST03464,P006,Desk,Furniture,Ahmedabad,Online,Credit Card,5,12651.3,0.0,63256.5,63256.5,0,10365.88,2024,9,September,Wednesday,63256.5,63256.5
2024-09-18,ORD011754,CUST01250,P011,Mixer Grinder,Home,Hyderabad,Store,UPI,1,4700.14,0.1,4700.14,4230.13,0,755.38,2024,9,September,Wednesday,4700.14,4230.126
2024-09-18,ORD047805,CUST04826,P020,Microwave,Home,Ahmedabad,Store,Credit Card,2,11080.34,0.1,22160.68,19944.61,0,3938.27,2024,9,September,Wednesday,22160.68,19944.612
2024-09-18,ORD001557,CUST00491,P002,Smartphone,Electronics,Bengaluru,Online,Debit Card,3,25884.51,0.0,77653.53,77653.53,0,10934.42,2024,9,September,Wednesday,77653.53,77653.53
2024-09-18,ORD000226,CUST02262,P012,Air Fryer,Home,Jaipur,Online,UPI,4,7550.78,0.1,30203.12,27182.81,0,5423.05,2024,9,September,Wednesday,30203.12,27182.808
2024-09-18,ORD019504,CUST00019,P006,Desk,Furniture,Kolkata,Online,UPI,1,12569.08,0.05,12569.08,11940.63,0,3245.77,2024,9,September,Wednesday,12569.08,11940.626
2024-09-18,ORD009946,CUST02614,P001,Laptop,Electronics,Hyderabad,Online,UPI,1,71134.42,0.0,71134.42,71134.42,0,16997.96,2024,9,September,Wednesday,71134.42,71134.42
2024-09-18,ORD033663,CUST04521,P019,Vacuum Cleaner,Home,Delhi,Online,Net Banking,1,8985.7,0.0,8985.7,8985.7,0,1526.84,2024,9,September,Wednesday,8985.7,8985.7
2024-09-18,ORD043274,CUST01196,P005,Office Chair,Furniture,Delhi,Online,UPI,2,10293.0,0.05,20586.0,19556.7,0,4213.11,2024,9,September,Wednesday,20586.0,19556.7
2024-09-18,ORD014452,CUST01377,P008,Running Shoes,Fashion,Ahmedabad,Online,Net Banking,1,4520.24,0.15,4520.24,3842.2,0,882.78,2024,9,September,Wednesday,4520.24,3842.2039999999997
2024-09-18,ORD001564,CUST03323,P017,Jeans,Fashion,Hyderabad,Online,Credit Card,1,2967.94,0.0,2967.94,2967.94,0,808.4,2024,9,September,Wednesday,2967.94,2967.94
2024-09-18,ORD019654,CUST00841,P010,Coffee Maker,Home,Chennai,Online,Debit Card,1,5792.38,0.15,5792.38,4923.52,0,496.86,2024,9,September,Wednesday,5792.38,4923.523
2024-09-18,ORD049870,CUST02890,P003,Headphones,Electronics,Chennai,Online,Debit Card,1,4594.81,0.0,4594.81,4594.81,0,1017.11,2024,9,September,Wednesday,4594.81,4594.81
2024-09-18,ORD008559,CUST00117,P001,Laptop,Electronics,Ahmedabad,Online,UPI,1,68166.22,0.15,68166.22,57941.29,0,3033.37,2024,9,September,Wednesday,68166.22,57941.287
2024-09-18,ORD001434,CUST00633,P002,Smartphone,Electronics,Kolkata,Store,UPI,2,26639.23,0.15,53278.46,45286.69,0,7231.62,2024,9,September,Wednesday,53278.46,45286.691
2024-09-18,ORD033623,CUST01059,P019,Vacuum Cleaner,Home,Bengaluru,Store,UPI,2,8398.65,0.1,16797.3,15117.57,0,2849.81,2024,9,September,Wednesday,16797.3,15117.57
2024-09-18,ORD000240,CUST00911,P004,Smartwatch,Electronics,Delhi,Online,Cash,1,7595.89,0.05,7595.89,7216.1,0,1132.9,2024,9,September,Wednesday,7595.89,7216.0955
2024-09-18,ORD043366,CUST04559,P013,Monitor,Electronics,Delhi,Online,Credit Card,2,18092.98,0.0,36185.96,36185.96,0,4208.72,2024,9,September,Wednesday,36185.96,36185.96
2024-09-18,ORD043368,CUST00138,P011,Mixer Grinder,Home,Surat,Store,UPI,1,4652.05,0.1,4652.05,4186.84,0,971.64,2024,9,September,Wednesday,4652.05,4186.845
2024-09-18,ORD013278,CUST00824,P005,Office Chair,Furniture,Bengaluru,Online,UPI,1,8772.58,0.15,8772.58,7456.69,0,1388.71,2024,9,September,Wednesday,8772.58,7456.692999999999
2024-09-18,ORD018564,CUST01455,P002,Smartphone,Electronics,Pune,Online,UPI,1,29761.84,0.2,29761.84,23809.47,0,4736.41,2024,9,September,Wednesday,29761.84,23809.472
2024-09-18,ORD041823,CUST02541,P009,T-Shirt,Fashion,Delhi,Online,UPI,2,1100.95,0.0,2201.9,2201.9,0,484.65,2024,9,September,Wednesday,2201.9,2201.9
2024-09-18,ORD009642,CUST00683,P016,Sofa,Furniture,Bengaluru,Online,Credit Card,1,31658.23,0.05,31658.23,30075.32,0,6386.29,2024,9,September,Wednesday,31658.23,30075.318499999998
2024-09-18,ORD013746,CUST04109,P011,Mixer Grinder,Home,Ahmedabad,Store,UPI,1,4864.65,0.1,4864.65,4378.18,0,732.05,2024,9,September,Wednesday,4864.65,4378.1849999999995
2024-09-18,ORD013112,CUST04069,P008,Running Shoes,Fashion,Hyderabad,Online,UPI,1,3854.51,0.05,3854.51,3661.78,0,727.45,2024,9,September,Wednesday,3854.51,3661.7845
2024-09-18,ORD001954,CUST01272,P018,Jacket,Fashion,Delhi,Online,UPI,1,5383.52,0.05,5383.52,5114.34,0,1323.66,2024,9,September,Wednesday,5383.52,5114.344
2024-09-18,ORD008693,CUST01482,P006,Desk,Furniture,Chennai,Store,Debit Card,2,10851.24,0.1,21702.48,19532.23,0,4398.88,2024,9,September,Wednesday,21702.48,19532.232
2024-09-18,ORD042569,CUST03447,P017,Jeans,Fashion,Surat,Online,UPI,2,2923.06,0.05,5846.12,5553.81,0,1018.22,2024,9,September,Wednesday,5846.12,5553.813999999999
2024-09-18,ORD025438,CUST04328,P004,Smartwatch,Electronics,Pune,Online,UPI,1,6321.57,0.05,6321.57,6005.49,0,573.7,2024,9,September,Wednesday,6321.57,6005.491499999999
2024-09-18,ORD002004,CUST00905,P003,Headphones,Electronics,Pune,Online,Debit Card,1,4753.51,0.0,4753.51,4753.51,0,514.73,2024,9,September,Wednesday,4753.51,4753.51
2024-09-18,ORD041878,CUST04011,P002,Smartphone,Electronics,Surat,Store,UPI,1,27081.27,0.2,27081.27,21665.02,0,2838.47,2024,9,September,Wednesday,27081.27,21665.016000000003
2024-09-18,ORD042415,CUST04727,P015,Dining Table,Furniture,Kolkata,Store,Credit Card,5,21742.14,0.05,108710.7,103275.16,1,-5163.76,2024,9,September,Wednesday,108710.7,103275.165
2024-09-18,ORD027587,CUST02908,P015,Dining Table,Furniture,Mumbai,Online,UPI,1,23837.16,0.0,23837.16,23837.16,0,4861.78,2024,9,September,Wednesday,23837.16,23837.16
2024-09-18,ORD036133,CUST01143,P009,T-Shirt,Fashion,Ahmedabad,Online,Credit Card,1,1261.25,0.1,1261.25,1135.12,0,137.4,2024,9,September,Wednesday,1261.25,1135.125
2024-09-18,ORD014758,CUST00039,P011,Mixer Grinder,Home,Bengaluru,Online,Net Banking,1,5145.33,0.25,5145.33,3859.0,0,952.6,2024,9,September,Wednesday,5145.33,3858.9975
2024-09-18,ORD008610,CUST03738,P013,Monitor,Electronics,Hyderabad,Store,UPI,1,18995.02,0.1,18995.02,17095.52,0,2996.12,2024,9,September,Wednesday,18995.02,17095.518
2024-09-18,ORD045165,CUST03456,P007,Backpack,Accessories,Pune,Store,UPI,2,2109.57,0.15,4219.14,3586.27,0,565.01,2024,9,September,Wednesday,4219.14,3586.2690000000002
2024-09-18,ORD045152,CUST00105,P010,Coffee Maker,Home,Bengaluru,Online,Debit Card,1,5442.17,0.05,5442.17,5170.06,0,1177.0,2024,9,September,Wednesday,5442.17,5170.0615
2024-09-18,ORD006807,CUST01460,P011,Mixer Grinder,Home,Surat,Online,Credit Card,1,4402.3,0.15,4402.3,3741.96,0,607.48,2024,9,September,Wednesday,4402.3,3741.955
2024-09-18,ORD005111,CUST04397,P011,Mixer Grinder,Home,Ahmedabad,Online,Credit Card,4,4977.27,0.15,19909.08,16922.72,0,1709.74,2024,9,September,Wednesday,19909.08,16922.718
2024-09-18,ORD041255,CUST04641,P017,Jeans,Fashion,Bengaluru,Online,Debit Card,1,2951.56,0.1,2951.56,2656.4,0,734.74,2024,9,September,Wednesday,2951.56,2656.404
2024-09-18,ORD037285,CUST02203,P005,Office Chair,Furniture,Mumbai,Online,Cash,2,9358.99,0.15,18717.98,15910.28,0,4279.88,2024,9,September,Wednesday,18717.98,15910.283
2024-09-18,ORD025119,CUST04242,P014,Keyboard,Electronics,Ahmedabad,Store,Credit Card,1,2584.98,0.1,2584.98,2326.48,0,222.27,2024,9,September,Wednesday,2584.98,2326.482
2024-09-18,ORD031755,CUST04104,P015,Dining Table,Furniture,Kolkata,Store,Credit Card,1,21460.42,0.05,21460.42,20387.4,0,2477.84,2024,9,September,Wednesday,21460.42,20387.398999999998
2024-09-18,ORD025017,CUST01808,P007,Backpack,Accessories,Ahmedabad,Store,UPI,1,2007.01,0.05,2007.01,1906.66,0,361.44,2024,9,September,Wednesday,2007.01,1906.6595
2024-09-18,ORD035128,CUST02094,P017,Jeans,Fashion,Delhi,Store,Net Banking,1,2837.54,0.1,2837.54,2553.79,0,383.0,2024,9,September,Wednesday,2837.54,2553.786
2024-09-18,ORD007702,CUST01951,P003,Headphones,Electronics,Chennai,Online,Debit Card,1,4590.58,0.0,4590.58,4590.58,0,1126.88,2024,9,September,Wednesday,4590.58,4590.58
2024-09-18,ORD026703,CUST02850,P012,Air Fryer,Home,Chennai,Store,Credit Card,4,6505.52,0.15,26022.08,22118.77,0,5510.39,2024,9,September,Wednesday,26022.08,22118.768
2024-09-18,ORD002702,CUST01508,P006,Desk,Furniture,Chennai,Store,UPI,2,11478.36,0.15,22956.72,19513.21,0,1591.59,2024,9,September,Wednesday,22956.72,19513.212
2024-09-18,ORD040438,CUST04404,P014,Keyboard,Electronics,Ahmedabad,Online,UPI,4,2670.65,0.0,10682.6,10682.6,0,1587.53,2024,9,September,Wednesday,10682.6,10682.6
2024-09-18,ORD013528,CUST01965,P002,Smartphone,Electronics,Jaipur,Store,UPI,2,29500.03,0.2,59000.06,47200.05,1,-2360.0,2024,9,September,Wednesday,59000.06,47200.048
2024-09-18,ORD025778,CUST02952,P018,Jacket,Fashion,Hyderabad,Online,UPI,2,4993.99,0.2,9987.98,7990.38,0,734.07,2024,9,September,Wednesday,9987.98,7990.384
2024-09-18,ORD048649,CUST02839,P020,Microwave,Home,Jaipur,Store,UPI,1,10099.38,0.2,10099.38,8079.5,0,1544.57,2024,9,September,Wednesday,10099.38,8079.504
2024-09-18,ORD019884,CUST00715,P016,Sofa,Furniture,Mumbai,Online,Debit Card,1,32898.26,0.0,32898.26,32898.26,0,4147.57,2024,9,September,Wednesday,32898.26,32898.26
2024-09-18,ORD040645,CUST04511,P010,Coffee Maker,Home,Mumbai,Online,UPI,1,5652.22,0.0,5652.22,5652.22,0,906.61,2024,9,September,Wednesday,5652.22,5652.22
2024-09-18,ORD049334,CUST03288,P003,Headphones,Electronics,Surat,Store,UPI,2,4295.73,0.1,8591.46,7732.31,0,1228.49,2024,9,September,Wednesday,8591.46,7732.313999999999
2024-09-18,ORD037127,CUST00869,P017,Jeans,Fashion,Pune,Online,UPI,1,2792.24,0.1,2792.24,2513.02,0,499.88,2024,9,September,Wednesday,2792.24,2513.016
2024-09-18,ORD007783,CUST04924,P007,Backpack,Accessories,Kolkata,Store,UPI,1,2212.45,0.1,2212.45,1991.2,0,129.18,2024,9,September,Wednesday,2212.45,1991.205
2024-09-18,ORD025118,CUST00385,P005,Office Chair,Furniture,Chennai,Store,UPI,1,10106.28,0.0,10106.28,10106.28,0,1215.36,2024,9,September,Wednesday,10106.28,10106.28
2024-09-18,ORD008546,CUST04694,P018,Jacket,Fashion,Ahmedabad,Store,Credit Card,1,5346.52,0.15,5346.52,4544.54,0,741.6,2024,9,September,Wednesday,5346.52,4544.542
2024-09-18,ORD035450,CUST01743,P007,Backpack,Accessories,Jaipur,Online,Credit Card,5,2417.32,0.0,12086.6,12086.6,0,1390.03,2024,9,September,Wednesday,12086.6,12086.6
2024-09-18,ORD049241,CUST03963,P013,Monitor,Electronics,Pune,Online,Net Banking,1,17825.04,0.05,17825.04,16933.79,0,2248.92,2024,9,September,Wednesday,17825.04,16933.788
2024-09-18,ORD011340,CUST00795,P009,T-Shirt,Fashion,Chennai,Store,Net Banking,4,1227.64,0.05,4910.56,4665.03,0,1134.68,2024,9,September,Wednesday,4910.56,4665.032
2024-09-18,ORD034962,CUST00718,P006,Desk,Furniture,Chennai,Online,Net Banking,1,12965.56,0.1,12965.56,11669.0,0,996.9,2024,9,September,Wednesday,12965.56,11669.003999999999
2024-09-18,ORD048814,CUST04716,P011,Mixer Grinder,Home,Ahmedabad,Online,UPI,1,5190.03,0.05,5190.03,4930.53,0,1319.94,2024,9,September,Wednesday,5190.03,4930.528499999999
2024-09-19,ORD012589,CUST04075,P019,Vacuum Cleaner,Home,Chennai,Online,Credit Card,2,8286.39,0.0,16572.78,16572.78,0,4963.57,2024,9,September,Thursday,16572.78,16572.78
2024-09-19,ORD020555,CUST01554,P006,Desk,Furniture,Kolkata,Online,Credit Card,1,13181.46,0.0,13181.46,13181.46,0,3949.84,2024,9,September,Thursday,13181.46,13181.46
2024-09-19,ORD038351,CUST01090,P012,Air Fryer,Home,Jaipur,Online,UPI,2,7016.69,0.15,14033.38,11928.37,1,-596.42,2024,9,September,Thursday,14033.38,11928.373
2024-09-19,ORD031940,CUST00084,P011,Mixer Grinder,Home,Bengaluru,Online,Debit Card,1,4390.79,0.0,4390.79,4390.79,0,558.46,2024,9,September,Thursday,4390.79,4390.79
2024-09-19,ORD010574,CUST02200,P009,T-Shirt,Fashion,Chennai,Store,UPI,1,1176.05,0.2,1176.05,940.84,0,124.54,2024,9,September,Thursday,1176.05,940.84
2024-09-19,ORD018272,CUST02682,P012,Air Fryer,Home,Ahmedabad,Store,Credit Card,1,6853.84,0.05,6853.84,6511.15,0,1564.04,2024,9,September,Thursday,6853.84,6511.148
2024-09-19,ORD042829,CUST04571,P009,T-Shirt,Fashion,Ahmedabad,Online,UPI,1,1086.21,0.0,1086.21,1086.21,1,-54.31,2024,9,September,Thursday,1086.21,1086.21
2024-09-19,ORD004115,CUST03222,P008,Running Shoes,Fashion,Hyderabad,Store,UPI,2,3930.05,0.15,7860.1,6681.08,0,345.57,2024,9,September,Thursday,7860.1,6681.085
2024-09-19,ORD042509,CUST03482,P019,Vacuum Cleaner,Home,Bengaluru,Store,Debit Card,3,8426.26,0.05,25278.78,24014.84,0,1768.42,2024,9,September,Thursday,25278.78,24014.840999999997
2024-09-19,ORD037929,CUST03538,P018,Jacket,Fashion,Ahmedabad,Store,Credit Card,2,5551.26,0.1,11102.52,9992.27,0,1139.35,2024,9,September,Thursday,11102.52,9992.268
2024-09-19,ORD032945,CUST00675,P019,Vacuum Cleaner,Home,Hyderabad,Online,UPI,2,8867.53,0.05,17735.06,16848.31,0,4787.39,2024,9,September,Thursday,17735.06,16848.307
2024-09-19,ORD042594,CUST02956,P001,Laptop,Electronics,Surat,Online,UPI,1,68348.75,0.0,68348.75,68348.75,0,13520.9,2024,9,September,Thursday,68348.75,68348.75
2024-09-19,ORD038740,CUST04270,P020,Microwave,Home,Pune,Online,Credit Card,4,11366.89,0.25,45467.56,34100.67,0,3636.83,2024,9,September,Thursday,45467.56,34100.67
2024-09-19,ORD002680,CUST04041,P017,Jeans,Fashion,Chennai,Online,UPI,3,2893.42,0.1,8680.26,7812.23,0,563.65,2024,9,September,Thursday,8680.26,7812.234
2024-09-19,ORD010513,CUST00934,P001,Laptop,Electronics,Mumbai,Store,UPI,1,65134.81,0.0,65134.81,65134.81,0,9488.9,2024,9,September,Thursday,65134.81,65134.81
2024-09-19,ORD003751,CUST01033,P004,Smartwatch,Electronics,Delhi,Store,UPI,1,6381.16,0.1,6381.16,5743.04,0,1332.98,2024,9,September,Thursday,6381.16,5743.044
2024-09-19,ORD020924,CUST00018,P016,Sofa,Furniture,Delhi,Store,Debit Card,1,36347.73,0.15,36347.73,30895.57,0,5092.7,2024,9,September,Thursday,36347.73,30895.5705
2024-09-19,ORD031401,CUST03616,P011,Mixer Grinder,Home,Kolkata,Store,UPI,1,4635.64,0.1,4635.64,4172.08,0,643.73,2024,9,September,Thursday,4635.64,4172.076
2024-09-19,ORD020635,CUST04439,P005,Office Chair,Furniture,Pune,Online,UPI,1,10118.17,0.25,10118.17,7588.63,0,1485.92,2024,9,September,Thursday,10118.17,7588.6275000000005
2024-09-19,ORD032115,CUST04894,P001,Laptop,Electronics,Kolkata,Store,Credit Card,2,60785.59,0.1,121571.18,109414.06,0,29642.71,2024,9,September,Thursday,121571.18,109414.06199999999
2024-09-19,ORD027798,CUST01993,P017,Jeans,Fashion,Bengaluru,Store,UPI,3,2960.51,0.15,8881.53,7549.3,0,1286.57,2024,9,September,Thursday,8881.53,7549.3005
2024-09-19,ORD011940,CUST04889,P017,Jeans,Fashion,Jaipur,Online,UPI,2,3004.95,0.2,6009.9,4807.92,0,274.19,2024,9,September,Thursday,6009.9,4807.92
2024-09-19,ORD003821,CUST03052,P014,Keyboard,Electronics,Surat,Online,Net Banking,1,2508.14,0.0,2508.14,2508.14,0,471.88,2024,9,September,Thursday,2508.14,2508.14
2024-09-19,ORD043559,CUST02099,P016,Sofa,Furniture,Chennai,Store,Net Banking,1,33472.33,0.15,33472.33,28451.48,0,1933.08,2024,9,September,Thursday,33472.33,28451.4805
2024-09-19,ORD031351,CUST00177,P003,Headphones,Electronics,Pune,Online,Debit Card,3,4789.28,0.0,14367.84,14367.84,0,3522.87,2024,9,September,Thursday,14367.84,14367.84
2024-09-19,ORD005186,CUST00551,P008,Running Shoes,Fashion,Pune,Online,UPI,1,4254.49,0.1,4254.49,3829.04,1,-191.45,2024,9,September,Thursday,4254.49,3829.0409999999997
2024-09-19,ORD032579,CUST04113,P007,Backpack,Accessories,Delhi,Online,UPI,1,2079.67,0.0,2079.67,2079.67,0,564.81,2024,9,September,Thursday,2079.67,2079.67
2024-09-19,ORD020895,CUST02403,P017,Jeans,Fashion,Chennai,Store,Debit Card,1,3066.92,0.15,3066.92,2606.88,0,278.85,2024,9,September,Thursday,3066.92,2606.882
2024-09-19,ORD004265,CUST03861,P001,Laptop,Electronics,Mumbai,Online,Credit Card,1,67681.81,0.2,67681.81,54145.45,0,12827.02,2024,9,September,Thursday,67681.81,54145.448000000004
2024-09-19,ORD049067,CUST00910,P012,Air Fryer,Home,Pune,Store,Debit Card,1,7310.73,0.2,7310.73,5848.58,0,1337.58,2024,9,September,Thursday,7310.73,5848.584
2024-09-19,ORD041652,CUST03490,P008,Running Shoes,Fashion,Bengaluru,Online,UPI,2,3934.41,0.05,7868.82,7475.38,0,1778.34,2024,9,September,Thursday,7868.82,7475.378999999999
2024-09-19,ORD014551,CUST04064,P003,Headphones,Electronics,Kolkata,Store,Credit Card,1,4454.16,0.15,4454.16,3786.04,0,483.15,2024,9,September,Thursday,4454.16,3786.0359999999996
2024-09-19,ORD048798,CUST04376,P003,Headphones,Electronics,Surat,Online,Credit Card,3,4504.7,0.2,13514.1,10811.28,0,2091.82,2024,9,September,Thursday,13514.099999999999,10811.28
2024-09-19,ORD039086,CUST01172,P020,Microwave,Home,Kolkata,Online,UPI,2,10952.01,0.2,21904.02,17523.22,0,2102.36,2024,9,September,Thursday,21904.02,17523.216
2024-09-19,ORD044097,CUST02740,P011,Mixer Grinder,Home,Mumbai,Online,UPI,3,4884.15,0.05,14652.45,13919.83,0,3325.43,2024,9,September,Thursday,14652.449999999999,13919.8275
2024-09-19,ORD031103,CUST01517,P002,Smartphone,Electronics,Pune,Online,Credit Card,1,28781.12,0.1,28781.12,25903.01,0,2928.8,2024,9,September,Thursday,28781.12,25903.007999999998
2024-09-19,ORD043310,CUST00967,P020,Microwave,Home,Pune,Online,Net Banking,1,10027.34,0.0,10027.34,10027.34,0,2056.62,2024,9,September,Thursday,10027.34,10027.34
2024-09-19,ORD032186,CUST04477,P011,Mixer Grinder,Home,Delhi,Online,UPI,2,4545.74,0.05,9091.48,8636.91,0,1999.52,2024,9,September,Thursday,9091.48,8636.905999999999
2024-09-19,ORD005777,CUST00864,P001,Laptop,Electronics,Bengaluru,Store,Cash,1,59641.72,0.1,59641.72,53677.55,0,11382.4,2024,9,September,Thursday,59641.72,53677.548
2024-09-19,ORD017734,CUST03387,P001,Laptop,Electronics,Chennai,Online,Credit Card,5,63916.19,0.05,319580.95,303601.9,0,57564.87,2024,9,September,Thursday,319580.95,303601.9025
2024-09-19,ORD023806,CUST01885,P008,Running Shoes,Fashion,Surat,Online,Debit Card,1,3940.8,0.1,3940.8,3546.72,0,577.7,2024,9,September,Thursday,3940.8,3546.7200000000003
2024-09-19,ORD033822,CUST00751,P003,Headphones,Electronics,Hyderabad,Online,Credit Card,1,4726.77,0.1,4726.77,4254.09,0,747.32,2024,9,September,Thursday,4726.77,4254.093000000001
2024-09-19,ORD001459,CUST02341,P005,Office Chair,Furniture,Hyderabad,Store,UPI,2,8817.15,0.2,17634.3,14107.44,0,2295.21,2024,9,September,Thursday,17634.3,14107.44
2024-09-19,ORD045655,CUST03414,P013,Monitor,Electronics,Delhi,Online,Net Banking,1,18531.79,0.1,18531.79,16678.61,0,4113.46,2024,9,September,Thursday,18531.79,16678.611
2024-09-19,ORD013701,CUST01891,P002,Smartphone,Electronics,Bengaluru,Online,UPI,1,25516.19,0.1,25516.19,22964.57,0,6122.92,2024,9,September,Thursday,25516.19,22964.571
2024-09-19,ORD010087,CUST01826,P005,Office Chair,Furniture,Mumbai,Online,Debit Card,1,8741.05,0.0,8741.05,8741.05,0,2537.14,2024,9,September,Thursday,8741.05,8741.05
2024-09-19,ORD027386,CUST01341,P011,Mixer Grinder,Home,Bengaluru,Online,Credit Card,1,5236.18,0.05,5236.18,4974.37,1,-248.72,2024,9,September,Thursday,5236.18,4974.371
2024-09-19,ORD023961,CUST01707,P008,Running Shoes,Fashion,Surat,Store,UPI,1,4443.38,0.15,4443.38,3776.87,0,804.69,2024,9,September,Thursday,4443.38,3776.873
2024-09-19,ORD016089,CUST00800,P012,Air Fryer,Home,Chennai,Store,Credit Card,2,6688.44,0.1,13376.88,12039.19,1,-601.96,2024,9,September,Thursday,13376.88,12039.192
2024-09-19,ORD011454,CUST03571,P007,Backpack,Accessories,Delhi,Store,Credit Card,3,2089.57,0.25,6268.71,4701.53,0,215.7,2024,9,September,Thursday,6268.710000000001,4701.5325
2024-09-19,ORD034238,CUST03662,P002,Smartphone,Electronics,Ahmedabad,Store,Credit Card,1,29237.59,0.25,29237.59,21928.19,0,4442.39,2024,9,September,Thursday,29237.59,21928.1925
2024-09-19,ORD013941,CUST02545,P019,Vacuum Cleaner,Home,Kolkata,Online,Credit Card,1,9081.06,0.05,9081.06,8627.01,0,1311.13,2024,9,September,Thursday,9081.06,8627.007
2024-09-19,ORD001865,CUST00648,P001,Laptop,Electronics,Mumbai,Online,Cash,5,67525.44,0.1,337627.2,303864.48,0,41929.56,2024,9,September,Thursday,337627.2,303864.48000000004
2024-09-19,ORD036380,CUST04533,P013,Monitor,Electronics,Ahmedabad,Online,UPI,2,18670.94,0.2,37341.88,29873.5,0,1430.94,2024,9,September,Thursday,37341.88,29873.504
2024-09-19,ORD023905,CUST03869,P020,Microwave,Home,Pune,Online,UPI,1,10694.83,0.15,10694.83,9090.61,0,1467.64,2024,9,September,Thursday,10694.83,9090.6055
2024-09-19,ORD035442,CUST00963,P013,Monitor,Electronics,Pune,Store,Debit Card,1,17593.47,0.15,17593.47,14954.45,0,1891.26,2024,9,September,Thursday,17593.47,14954.4495
2024-09-19,ORD046984,CUST00816,P010,Coffee Maker,Home,Delhi,Online,Cash,5,5571.26,0.05,27856.3,26463.48,0,3924.16,2024,9,September,Thursday,27856.300000000003,26463.484999999997
2024-09-19,ORD045223,CUST03069,P019,Vacuum Cleaner,Home,Chennai,Store,UPI,1,9823.0,0.1,9823.0,8840.7,0,1549.62,2024,9,September,Thursday,9823.0,8840.7
2024-09-19,ORD018063,CUST02974,P014,Keyboard,Electronics,Hyderabad,Store,Debit Card,4,2736.42,0.1,10945.68,9851.11,0,1354.6,2024,9,September,Thursday,10945.68,9851.112000000001
2024-09-19,ORD047333,CUST02799,P019,Vacuum Cleaner,Home,Hyderabad,Online,UPI,1,8876.22,0.1,8876.22,7988.6,0,1256.87,2024,9,September,Thursday,8876.22,7988.598
2024-09-19,ORD035753,CUST02174,P008,Running Shoes,Fashion,Hyderabad,Online,UPI,1,4155.17,0.1,4155.17,3739.65,0,742.08,2024,9,September,Thursday,4155.17,3739.6530000000002
2024-09-19,ORD016872,CUST03244,P020,Microwave,Home,Bengaluru,Online,UPI,1,10728.54,0.15,10728.54,9119.26,0,2103.24,2024,9,September,Thursday,10728.54,9119.259
2024-09-19,ORD029136,CUST03595,P003,Headphones,Electronics,Delhi,Store,Cash,1,4412.61,0.0,4412.61,4412.61,0,1137.24,2024,9,September,Thursday,4412.61,4412.61
2024-09-19,ORD033736,CUST04897,P001,Laptop,Electronics,Chennai,Online,UPI,2,62725.47,0.05,125450.94,119178.39,0,24961.53,2024,9,September,Thursday,125450.94,119178.393
2024-09-19,ORD048532,CUST02823,P012,Air Fryer,Home,Ahmedabad,Online,Debit Card,3,6715.5,0.1,20146.5,18131.85,0,1854.68,2024,9,September,Thursday,20146.5,18131.850000000002
2024-09-19,ORD021984,CUST01040,P015,Dining Table,Furniture,Chennai,Store,Credit Card,1,21584.1,0.05,21584.1,20504.89,1,-1025.24,2024,9,September,Thursday,21584.1,20504.894999999997
2024-09-19,ORD023424,CUST02729,P005,Office Chair,Furniture,Chennai,Online,UPI,1,8611.05,0.1,8611.05,7749.94,0,939.77,2024,9,September,Thursday,8611.05,7749.945
2024-09-19,ORD033580,CUST04682,P002,Smartphone,Electronics,Bengaluru,Store,UPI,5,30421.11,0.0,152105.55,152105.55,0,33668.76,2024,9,September,Thursday,152105.55,152105.55
2024-09-19,ORD048047,CUST03290,P005,Office Chair,Furniture,Chennai,Online,Credit Card,1,9642.98,0.1,9642.98,8678.68,0,1287.12,2024,9,September,Thursday,9642.98,8678.682
2024-09-19,ORD028256,CUST01520,P002,Smartphone,Electronics,Pune,Store,Net Banking,4,27464.72,0.05,109858.88,104365.94,1,-5218.3,2024,9,September,Thursday,109858.88,104365.936
2024-09-19,ORD047983,CUST01520,P020,Microwave,Home,Pune,Online,UPI,4,9930.6,0.0,39722.4,39722.4,0,8726.04,2024,9,September,Thursday,39722.4,39722.4
2024-09-19,ORD022472,CUST04501,P008,Running Shoes,Fashion,Bengaluru,Online,Debit Card,2,4201.99,0.15,8403.98,7143.38,0,553.64,2024,9,September,Thursday,8403.98,7143.383
2024-09-20,ORD026404,CUST04562,P020,Microwave,Home,Kolkata,Store,UPI,1,11380.4,0.2,11380.4,9104.32,0,437.44,2024,9,September,Friday,11380.4,9104.32
2024-09-20,ORD026046,CUST03258,P006,Desk,Furniture,Surat,Online,Net Banking,1,10956.42,0.15,10956.42,9312.96,0,1387.79,2024,9,September,Friday,10956.42,9312.957
2024-09-20,ORD011470,CUST04860,P009,T-Shirt,Fashion,Kolkata,Online,Debit Card,2,1156.47,0.1,2312.94,2081.65,0,422.99,2024,9,September,Friday,2312.94,2081.646
2024-09-20,ORD016224,CUST04630,P014,Keyboard,Electronics,Kolkata,Online,UPI,1,2360.44,0.0,2360.44,2360.44,0,553.21,2024,9,September,Friday,2360.44,2360.44
2024-09-20,ORD005603,CUST02335,P007,Backpack,Accessories,Chennai,Online,UPI,1,2293.76,0.0,2293.76,2293.76,0,296.88,2024,9,September,Friday,2293.76,2293.76
2024-09-20,ORD009355,CUST04285,P008,Running Shoes,Fashion,Kolkata,Online,UPI,1,4219.43,0.05,4219.43,4008.46,0,833.68,2024,9,September,Friday,4219.43,4008.4585
2024-09-20,ORD007676,CUST04808,P012,Air Fryer,Home,Ahmedabad,Store,Credit Card,1,6888.43,0.1,6888.43,6199.59,0,1633.72,2024,9,September,Friday,6888.43,6199.587
2024-09-20,ORD041186,CUST01296,P009,T-Shirt,Fashion,Bengaluru,Store,UPI,3,1082.3,0.0,3246.9,3246.9,0,469.05,2024,9,September,Friday,3246.8999999999996,3246.9
2024-09-20,ORD049539,CUST03217,P015,Dining Table,Furniture,Hyderabad,Online,Net Banking,1,24077.69,0.05,24077.69,22873.81,0,4116.15,2024,9,September,Friday,24077.69,22873.8055
2024-09-20,ORD016148,CUST02629,P004,Smartwatch,Electronics,Pune,Online,UPI,4,7546.05,0.1,30184.2,27165.78,0,2170.09,2024,9,September,Friday,30184.2,27165.780000000002
2024-09-20,ORD026199,CUST03231,P003,Headphones,Electronics,Jaipur,Store,UPI,1,4749.94,0.1,4749.94,4274.95,0,346.35,2024,9,September,Friday,4749.94,4274.946
2024-09-20,ORD047588,CUST00916,P005,Office Chair,Furniture,Bengaluru,Online,Cash,2,9474.3,0.0,18948.6,18948.6,0,2885.73,2024,9,September,Friday,18948.6,18948.6
2024-09-20,ORD044816,CUST03447,P007,Backpack,Accessories,Bengaluru,Store,UPI,1,2339.63,0.15,2339.63,1988.69,0,504.77,2024,9,September,Friday,2339.63,1988.6855
2024-09-20,ORD031482,CUST00858,P014,Keyboard,Electronics,Chennai,Online,Credit Card,1,2320.0,0.0,2320.0,2320.0,0,255.74,2024,9,September,Friday,2320.0,2320.0
2024-09-20,ORD030028,CUST04653,P011,Mixer Grinder,Home,Jaipur,Online,Credit Card,2,5231.86,0.1,10463.72,9417.35,0,2609.77,2024,9,September,Friday,10463.72,9417.348
2024-09-20,ORD036499,CUST04051,P007,Backpack,Accessories,Mumbai,Online,UPI,1,2138.29,0.05,2138.29,2031.38,0,406.71,2024,9,September,Friday,2138.29,2031.3754999999999
2024-09-20,ORD004458,CUST01495,P016,Sofa,Furniture,Ahmedabad,Store,Credit Card,1,32729.41,0.05,32729.41,31092.94,0,3968.45,2024,9,September,Friday,32729.41,31092.939499999997
2024-09-20,ORD001089,CUST03602,P009,T-Shirt,Fashion,Ahmedabad,Store,UPI,1,1089.67,0.15,1089.67,926.22,0,129.11,2024,9,September,Friday,1089.67,926.2195
2024-09-20,ORD024326,CUST03958,P020,Microwave,Home,Surat,Store,UPI,1,12061.98,0.0,12061.98,12061.98,0,1086.43,2024,9,September,Friday,12061.98,12061.98
2024-09-20,ORD042806,CUST03769,P002,Smartphone,Electronics,Bengaluru,Online,Debit Card,2,28896.0,0.05,57792.0,54902.4,0,6397.65,2024,9,September,Friday,57792.0,54902.399999999994
2024-09-20,ORD031564,CUST03030,P010,Coffee Maker,Home,Kolkata,Online,Debit Card,1,5189.88,0.05,5189.88,4930.39,0,874.57,2024,9,September,Friday,5189.88,4930.3859999999995
2024-09-20,ORD022825,CUST04867,P012,Air Fryer,Home,Delhi,Online,Credit Card,1,7821.59,0.0,7821.59,7821.59,0,1751.5,2024,9,September,Friday,7821.59,7821.59
2024-09-20,ORD042226,CUST00116,P019,Vacuum Cleaner,Home,Kolkata,Online,Credit Card,1,8232.37,0.0,8232.37,8232.37,0,853.17,2024,9,September,Friday,8232.37,8232.37
2024-09-20,ORD031568,CUST01186,P009,T-Shirt,Fashion,Bengaluru,Online,Credit Card,1,1155.4,0.0,1155.4,1155.4,0,185.74,2024,9,September,Friday,1155.4,1155.4
2024-09-20,ORD029469,CUST02532,P018,Jacket,Fashion,Surat,Online,Net Banking,1,5221.89,0.15,5221.89,4438.61,0,1172.25,2024,9,September,Friday,5221.89,4438.6065
2024-09-20,ORD025481,CUST02897,P001,Laptop,Electronics,Ahmedabad,Online,UPI,1,64281.35,0.1,64281.35,57853.22,0,6332.89,2024,9,September,Friday,64281.35,57853.215
2024-09-20,ORD049852,CUST03746,P004,Smartwatch,Electronics,Hyderabad,Online,Debit Card,1,7314.47,0.0,7314.47,7314.47,0,768.34,2024,9,September,Friday,7314.47,7314.47
2024-09-20,ORD035125,CUST00285,P008,Running Shoes,Fashion,Surat,Online,Cash,3,4189.26,0.0,12567.78,12567.78,0,3512.72,2024,9,September,Friday,12567.78,12567.78
2024-09-20,ORD006151,CUST01626,P007,Backpack,Accessories,Hyderabad,Store,Credit Card,5,2235.42,0.05,11177.1,10618.24,0,1683.2,2024,9,September,Friday,11177.1,10618.244999999999
2024-09-20,ORD038742,CUST03683,P005,Office Chair,Furniture,Surat,Store,Credit Card,2,8849.45,0.0,17698.9,17698.9,0,5302.44,2024,9,September,Friday,17698.9,17698.9
2024-09-20,ORD004223,CUST02669,P001,Laptop,Electronics,Surat,Store,Credit Card,2,59585.38,0.1,119170.76,107253.68,0,19994.49,2024,9,September,Friday,119170.76,107253.684
2024-09-20,ORD018188,CUST00869,P009,T-Shirt,Fashion,Surat,Online,Cash,1,1144.55,0.25,1144.55,858.41,0,201.83,2024,9,September,Friday,1144.55,858.4124999999999
2024-09-20,ORD016924,CUST03348,P013,Monitor,Electronics,Delhi,Store,UPI,1,18347.33,0.0,18347.33,18347.33,0,3710.53,2024,9,September,Friday,18347.33,18347.33
2024-09-20,ORD012914,CUST01670,P019,Vacuum Cleaner,Home,Jaipur,Store,Debit Card,1,9116.94,0.05,9116.94,8661.09,0,1126.75,2024,9,September,Friday,9116.94,8661.093
2024-09-20,ORD011277,CUST04825,P016,Sofa,Furniture,Bengaluru,Online,Credit Card,1,37632.17,0.1,37632.17,33868.95,0,2957.94,2024,9,September,Friday,37632.17,33868.953
2024-09-20,ORD039177,CUST03007,P006,Desk,Furniture,Ahmedabad,Online,Debit Card,1,12433.5,0.05,12433.5,11811.82,0,2858.7,2024,9,September,Friday,12433.5,11811.824999999999
2024-09-20,ORD019648,CUST00806,P019,Vacuum Cleaner,Home,Pune,Store,UPI,1,8993.76,0.1,8993.76,8094.38,0,1846.69,2024,9,September,Friday,8993.76,8094.384
2024-09-20,ORD003646,CUST04200,P013,Monitor,Electronics,Bengaluru,Online,UPI,1,18541.2,0.15,18541.2,15760.02,0,1666.45,2024,9,September,Friday,18541.2,15760.02
2024-09-20,ORD047989,CUST02329,P006,Desk,Furniture,Mumbai,Online,UPI,2,12959.48,0.1,25918.96,23327.06,1,-1166.35,2024,9,September,Friday,25918.96,23327.064
2024-09-20,ORD049312,CUST03072,P015,Dining Table,Furniture,Kolkata,Store,UPI,2,23403.57,0.2,46807.14,37445.71,0,8601.57,2024,9,September,Friday,46807.14,37445.712
2024-09-20,ORD031639,CUST02438,P011,Mixer Grinder,Home,Surat,Online,UPI,2,4555.85,0.0,9111.7,9111.7,0,2575.42,2024,9,September,Friday,9111.7,9111.7
2024-09-20,ORD020430,CUST04697,P016,Sofa,Furniture,Delhi,Online,UPI,1,34898.26,0.1,34898.26,31408.43,0,5671.46,2024,9,September,Friday,34898.26,31408.434
2024-09-20,ORD027601,CUST00287,P003,Headphones,Electronics,Delhi,Online,Cash,1,4922.02,0.1,4922.02,4429.82,0,990.46,2024,9,September,Friday,4922.02,4429.818
2024-09-20,ORD020604,CUST02271,P013,Monitor,Electronics,Pune,Store,Net Banking,2,19127.02,0.1,38254.04,34428.64,0,5384.18,2024,9,September,Friday,38254.04,34428.636
2024-09-20,ORD014513,CUST02968,P008,Running Shoes,Fashion,Bengaluru,Online,Debit Card,1,4008.83,0.15,4008.83,3407.51,0,898.8,2024,9,September,Friday,4008.83,3407.5054999999998
2024-09-20,ORD026514,CUST01363,P020,Microwave,Home,Hyderabad,Online,Credit Card,1,10539.13,0.1,10539.13,9485.22,0,982.31,2024,9,September,Friday,10539.13,9485.216999999999
2024-09-20,ORD002451,CUST03486,P003,Headphones,Electronics,Ahmedabad,Online,UPI,1,4745.3,0.2,4745.3,3796.24,0,268.33,2024,9,September,Friday,4745.3,3796.2400000000002
2024-09-20,ORD035336,CUST04204,P010,Coffee Maker,Home,Bengaluru,Store,UPI,1,5942.3,0.2,5942.3,4753.84,0,450.99,2024,9,September,Friday,5942.3,4753.84
2024-09-20,ORD028291,CUST01738,P012,Air Fryer,Home,Surat,Online,Credit Card,5,7572.77,0.15,37863.85,32184.27,0,6904.18,2024,9,September,Friday,37863.850000000006,32184.2725
2024-09-20,ORD036658,CUST03313,P018,Jacket,Fashion,Jaipur,Store,UPI,1,5706.14,0.1,5706.14,5135.53,0,668.97,2024,9,September,Friday,5706.14,5135.526000000001
2024-09-20,ORD044195,CUST02746,P004,Smartwatch,Electronics,Jaipur,Store,UPI,1,7413.05,0.0,7413.05,7413.05,0,699.91,2024,9,September,Friday,7413.05,7413.05
2024-09-20,ORD025064,CUST01313,P017,Jeans,Fashion,Mumbai,Store,UPI,2,2641.64,0.0,5283.28,5283.28,0,1005.07,2024,9,September,Friday,5283.28,5283.28
2024-09-20,ORD018885,CUST01639,P014,Keyboard,Electronics,Chennai,Store,UPI,1,2481.0,0.0,2481.0,2481.0,0,233.03,2024,9,September,Friday,2481.0,2481.0
2024-09-20,ORD042147,CUST02495,P009,T-Shirt,Fashion,Hyderabad,Store,UPI,1,1216.37,0.1,1216.37,1094.73,0,92.42,2024,9,September,Friday,1216.37,1094.733
2024-09-20,ORD023285,CUST02643,P014,Keyboard,Electronics,Bengaluru,Online,UPI,1,2603.28,0.0,2603.28,2603.28,0,596.09,2024,9,September,Friday,2603.28,2603.28
2024-09-20,ORD033444,CUST04833,P001,Laptop,Electronics,Chennai,Online,Net Banking,1,68716.5,0.2,68716.5,54973.2,0,5784.69,2024,9,September,Friday,68716.5,54973.200000000004
2024-09-20,ORD009354,CUST00130,P005,Office Chair,Furniture,Surat,Online,Debit Card,1,9060.23,0.2,9060.23,7248.18,0,1218.24,2024,9,September,Friday,9060.23,7248.184
2024-09-20,ORD003042,CUST02169,P010,Coffee Maker,Home,Kolkata,Online,Cash,1,5063.7,0.15,5063.7,4304.14,0,790.44,2024,9,September,Friday,5063.7,4304.1449999999995
2024-09-20,ORD003043,CUST02013,P004,Smartwatch,Electronics,Surat,Online,UPI,1,6945.66,0.05,6945.66,6598.38,0,1125.45,2024,9,September,Friday,6945.66,6598.3769999999995
2024-09-20,ORD005294,CUST02777,P017,Jeans,Fashion,Delhi,Store,UPI,1,2570.04,0.05,2570.04,2441.54,0,701.26,2024,9,September,Friday,2570.04,2441.538
2024-09-20,ORD006283,CUST03741,P002,Smartphone,Electronics,Mumbai,Online,UPI,4,30355.71,0.1,121422.84,109280.56,1,-5464.03,2024,9,September,Friday,121422.84,109280.556
2024-09-20,ORD028894,CUST03207,P010,Coffee Maker,Home,Mumbai,Online,Debit Card,1,5736.72,0.1,5736.72,5163.05,0,1429.71,2024,9,September,Friday,5736.72,5163.048000000001
2024-09-20,ORD042978,CUST01493,P012,Air Fryer,Home,Ahmedabad,Store,UPI,2,7112.09,0.0,14224.18,14224.18,0,1919.63,2024,9,September,Friday,14224.18,14224.18
2024-09-21,ORD037158,CUST00086,P018,Jacket,Fashion,Bengaluru,Online,Debit Card,1,5070.59,0.15,5070.59,4310.0,0,751.62,2024,9,September,Saturday,5070.59,4310.0015
2024-09-21,ORD003851,CUST03472,P016,Sofa,Furniture,Jaipur,Online,UPI,1,35881.03,0.05,35881.03,34086.98,0,8060.93,2024,9,September,Saturday,35881.03,34086.9785
2024-09-21,ORD008527,CUST00360,P007,Backpack,Accessories,Kolkata,Online,UPI,1,2301.77,0.1,2301.77,2071.59,0,364.77,2024,9,September,Saturday,2301.77,2071.593
2024-09-21,ORD003754,CUST00243,P002,Smartphone,Electronics,Jaipur,Online,Credit Card,1,28093.44,0.05,28093.44,26688.77,0,6958.49,2024,9,September,Saturday,28093.44,26688.767999999996
2024-09-21,ORD041664,CUST03976,P011,Mixer Grinder,Home,Delhi,Online,Credit Card,2,5181.77,0.1,10363.54,9327.19,0,2282.49,2024,9,September,Saturday,10363.54,9327.186000000002
2024-09-21,ORD014884,CUST01603,P015,Dining Table,Furniture,Surat,Online,Credit Card,3,21682.57,0.0,65047.71,65047.71,0,19096.54,2024,9,September,Saturday,65047.71,65047.71
2024-09-21,ORD045555,CUST01986,P019,Vacuum Cleaner,Home,Jaipur,Store,Debit Card,1,9339.55,0.1,9339.55,8405.59,0,2248.59,2024,9,September,Saturday,9339.55,8405.595
2024-09-21,ORD019522,CUST03546,P009,T-Shirt,Fashion,Bengaluru,Online,UPI,2,1101.08,0.25,2202.16,1651.62,0,202.82,2024,9,September,Saturday,2202.16,1651.62
2024-09-21,ORD032584,CUST02732,P009,T-Shirt,Fashion,Chennai,Store,UPI,4,1176.1,0.15,4704.4,3998.74,0,833.91,2024,9,September,Saturday,4704.4,3998.74
2024-09-21,ORD046549,CUST04962,P018,Jacket,Fashion,Kolkata,Online,Credit Card,4,5546.18,0.0,22184.72,22184.72,0,4359.57,2024,9,September,Saturday,22184.72,22184.72
2024-09-21,ORD023708,CUST03517,P013,Monitor,Electronics,Chennai,Store,UPI,2,19739.18,0.05,39478.36,37504.44,0,8860.78,2024,9,September,Saturday,39478.36,37504.441999999995
2024-09-21,ORD038231,CUST04947,P008,Running Shoes,Fashion,Ahmedabad,Online,Cash,1,3909.43,0.15,3909.43,3323.02,0,597.6,2024,9,September,Saturday,3909.43,3323.0155
2024-09-21,ORD049080,CUST03447,P015,Dining Table,Furniture,Chennai,Store,UPI,3,23705.54,0.0,71116.62,71116.62,0,19870.71,2024,9,September,Saturday,71116.62,71116.62
2024-09-21,ORD024075,CUST03576,P019,Vacuum Cleaner,Home,Surat,Store,Credit Card,1,9535.57,0.0,9535.57,9535.57,0,1884.55,2024,9,September,Saturday,9535.57,9535.57
2024-09-21,ORD046628,CUST01108,P007,Backpack,Accessories,Mumbai,Store,Credit Card,1,2294.89,0.05,2294.89,2180.15,0,480.36,2024,9,September,Saturday,2294.89,2180.1454999999996
2024-09-21,ORD042748,CUST01912,P020,Microwave,Home,Delhi,Online,Debit Card,1,10247.76,0.05,10247.76,9735.37,0,1980.1,2024,9,September,Saturday,10247.76,9735.372
2024-09-21,ORD003657,CUST00610,P007,Backpack,Accessories,Delhi,Online,Debit Card,1,2297.26,0.05,2297.26,2182.4,0,516.66,2024,9,September,Saturday,2297.26,2182.397
2024-09-21,ORD019696,CUST00990,P015,Dining Table,Furniture,Jaipur,Online,Credit Card,1,20190.44,0.25,20190.44,15142.83,0,1114.4,2024,9,September,Saturday,20190.44,15142.829999999998
2024-09-21,ORD048522,CUST01102,P007,Backpack,Accessories,Chennai,Online,UPI,3,2336.16,0.15,7008.48,5957.21,0,1583.65,2024,9,September,Saturday,7008.48,5957.208
2024-09-21,ORD041721,CUST03940,P012,Air Fryer,Home,Chennai,Online,Net Banking,1,7128.85,0.1,7128.85,6415.96,0,1258.68,2024,9,September,Saturday,7128.85,6415.965
2024-09-21,ORD002607,CUST02319,P007,Backpack,Accessories,Pune,Online,UPI,1,2358.92,0.15,2358.92,2005.08,0,328.96,2024,9,September,Saturday,2358.92,2005.082
2024-09-21,ORD001284,CUST03904,P003,Headphones,Electronics,Kolkata,Online,Net Banking,1,4621.0,0.1,4621.0,4158.9,0,640.86,2024,9,September,Saturday,4621.0,4158.900000000001
2024-09-21,ORD006247,CUST02323,P015,Dining Table,Furniture,Hyderabad,Online,UPI,1,22337.69,0.1,22337.69,20103.92,0,2016.18,2024,9,September,Saturday,22337.69,20103.921
2024-09-21,ORD026661,CUST01682,P018,Jacket,Fashion,Pune,Store,Debit Card,4,5550.54,0.15,22202.16,18871.84,0,4954.91,2024,9,September,Saturday,22202.16,18871.836
2024-09-21,ORD034065,CUST01158,P018,Jacket,Fashion,Mumbai,Store,UPI,1,5244.03,0.15,5244.03,4457.43,0,451.82,2024,9,September,Saturday,5244.03,4457.425499999999
2024-09-21,ORD039886,CUST03242,P015,Dining Table,Furniture,Bengaluru,Online,Net Banking,1,20449.13,0.0,20449.13,20449.13,0,2264.14,2024,9,September,Saturday,20449.13,20449.13
2024-09-21,ORD036615,CUST02049,P020,Microwave,Home,Pune,Store,Debit Card,1,10063.01,0.1,10063.01,9056.71,0,1872.72,2024,9,September,Saturday,10063.01,9056.709
2024-09-21,ORD024813,CUST01397,P005,Office Chair,Furniture,Pune,Online,Cash,1,9348.93,0.1,9348.93,8414.04,0,934.39,2024,9,September,Saturday,9348.93,8414.037
2024-09-21,ORD042910,CUST02574,P001,Laptop,Electronics,Chennai,Online,UPI,3,69443.64,0.2,208330.92,166664.74,0,42701.27,2024,9,September,Saturday,208330.91999999998,166664.73600000003
2024-09-21,ORD046125,CUST00217,P001,Laptop,Electronics,Hyderabad,Store,UPI,1,69203.89,0.1,69203.89,62283.5,0,17331.0,2024,9,September,Saturday,69203.89,62283.501000000004
2024-09-21,ORD040239,CUST04380,P013,Monitor,Electronics,Jaipur,Store,UPI,1,19437.75,0.1,19437.75,17493.98,0,3297.18,2024,9,September,Saturday,19437.75,17493.975000000002
2024-09-21,ORD013256,CUST01769,P001,Laptop,Electronics,Chennai,Online,Net Banking,3,63387.27,0.1,190161.81,171145.63,0,25208.98,2024,9,September,Saturday,190161.81,171145.62900000002
2024-09-21,ORD021259,CUST01687,P016,Sofa,Furniture,Hyderabad,Online,Credit Card,2,32856.24,0.1,65712.48,59141.23,1,-2957.06,2024,9,September,Saturday,65712.48,59141.231999999996
2024-09-21,ORD017091,CUST03900,P017,Jeans,Fashion,Bengaluru,Online,Net Banking,1,2961.59,0.1,2961.59,2665.43,0,582.38,2024,9,September,Saturday,2961.59,2665.431
2024-09-21,ORD044156,CUST02885,P003,Headphones,Electronics,Surat,Online,Debit Card,1,4643.22,0.15,4643.22,3946.74,0,406.99,2024,9,September,Saturday,4643.22,3946.737
2024-09-21,ORD040197,CUST04452,P020,Microwave,Home,Kolkata,Store,UPI,5,11927.05,0.1,59635.25,53671.72,0,4790.42,2024,9,September,Saturday,59635.25,53671.725
2024-09-21,ORD012150,CUST01565,P018,Jacket,Fashion,Hyderabad,Online,Debit Card,3,4761.03,0.05,14283.09,13568.94,0,3341.39,2024,9,September,Saturday,14283.09,13568.9355
2024-09-21,ORD002219,CUST03767,P007,Backpack,Accessories,Jaipur,Online,UPI,1,2368.27,0.05,2368.27,2249.86,0,464.64,2024,9,September,Saturday,2368.27,2249.8565
2024-09-21,ORD023791,CUST02971,P010,Coffee Maker,Home,Bengaluru,Online,UPI,1,5550.01,0.25,5550.01,4162.51,0,446.39,2024,9,September,Saturday,5550.01,4162.5075
2024-09-21,ORD000892,CUST01987,P010,Coffee Maker,Home,Hyderabad,Online,Credit Card,5,5422.71,0.0,27113.55,27113.55,0,4656.8,2024,9,September,Saturday,27113.55,27113.55
2024-09-21,ORD003129,CUST02694,P019,Vacuum Cleaner,Home,Ahmedabad,Online,Cash,1,9477.82,0.0,9477.82,9477.82,0,1155.12,2024,9,September,Saturday,9477.82,9477.82
2024-09-21,ORD046038,CUST00633,P010,Coffee Maker,Home,Kolkata,Online,Debit Card,1,5799.16,0.15,5799.16,4929.29,0,823.84,2024,9,September,Saturday,5799.16,4929.286
2024-09-21,ORD004878,CUST02363,P005,Office Chair,Furniture,Hyderabad,Store,UPI,1,9859.63,0.25,9859.63,7394.72,0,738.97,2024,9,September,Saturday,9859.63,7394.7225
2024-09-21,ORD034830,CUST04085,P016,Sofa,Furniture,Hyderabad,Online,Credit Card,1,36861.38,0.0,36861.38,36861.38,0,3727.51,2024,9,September,Saturday,36861.38,36861.38
2024-09-21,ORD025749,CUST04573,P008,Running Shoes,Fashion,Hyderabad,Online,UPI,1,4293.27,0.1,4293.27,3863.94,0,545.29,2024,9,September,Saturday,4293.27,3863.9430000000007
2024-09-21,ORD038328,CUST02640,P018,Jacket,Fashion,Mumbai,Online,Credit Card,2,5654.94,0.1,11309.88,10178.89,0,2437.55,2024,9,September,Saturday,11309.88,10178.892
2024-09-21,ORD038466,CUST00262,P004,Smartwatch,Electronics,Pune,Store,UPI,1,7558.37,0.05,7558.37,7180.45,0,1968.44,2024,9,September,Saturday,7558.37,7180.451499999999
2024-09-21,ORD045769,CUST04639,P015,Dining Table,Furniture,Chennai,Online,Debit Card,1,22016.97,0.2,22016.97,17613.58,0,3940.97,2024,9,September,Saturday,22016.97,17613.576
2024-09-21,ORD006454,CUST04638,P002,Smartphone,Electronics,Jaipur,Online,UPI,1,30005.28,0.1,30005.28,27004.75,0,2262.0,2024,9,September,Saturday,30005.28,27004.752
2024-09-21,ORD002487,CUST01367,P009,T-Shirt,Fashion,Hyderabad,Online,Credit Card,2,1147.83,0.15,2295.66,1951.31,0,167.0,2024,9,September,Saturday,2295.66,1951.311
2024-09-21,ORD032706,CUST04146,P020,Microwave,Home,Mumbai,Online,Cash,4,11144.06,0.05,44576.24,42347.43,0,3296.96,2024,9,September,Saturday,44576.24,42347.42799999999
2024-09-21,ORD028304,CUST04407,P019,Vacuum Cleaner,Home,Surat,Online,UPI,1,9412.89,0.05,9412.89,8942.25,0,1896.58,2024,9,September,Saturday,9412.89,8942.245499999999
2024-09-21,ORD018710,CUST04943,P015,Dining Table,Furniture,Mumbai,Store,UPI,4,20759.71,0.25,83038.84,62279.13,1,-3113.96,2024,9,September,Saturday,83038.84,62279.13
2024-09-21,ORD021196,CUST02010,P006,Desk,Furniture,Kolkata,Store,UPI,1,12371.42,0.15,12371.42,10515.71,0,530.69,2024,9,September,Saturday,12371.42,10515.707
2024-09-21,ORD024506,CUST02921,P018,Jacket,Fashion,Pune,Online,Debit Card,1,5112.11,0.0,5112.11,5112.11,0,520.18,2024,9,September,Saturday,5112.11,5112.11
2024-09-21,ORD018388,CUST02472,P002,Smartphone,Electronics,Mumbai,Online,Cash,1,25559.64,0.2,25559.64,20447.71,0,3530.75,2024,9,September,Saturday,25559.64,20447.712
2024-09-21,ORD036316,CUST01133,P004,Smartwatch,Electronics,Surat,Online,UPI,1,7550.16,0.2,7550.16,6040.13,0,1366.92,2024,9,September,Saturday,7550.16,6040.128000000001
2024-09-21,ORD047218,CUST03241,P013,Monitor,Electronics,Surat,Online,Credit Card,1,19221.2,0.0,19221.2,19221.2,0,4982.76,2024,9,September,Saturday,19221.2,19221.2
2024-09-21,ORD013710,CUST01838,P019,Vacuum Cleaner,Home,Mumbai,Online,Debit Card,3,9660.88,0.05,28982.64,27533.51,0,2612.79,2024,9,September,Saturday,28982.64,27533.507999999998
2024-09-21,ORD045829,CUST00619,P018,Jacket,Fashion,Bengaluru,Store,Credit Card,1,4709.69,0.1,4709.69,4238.72,0,989.75,2024,9,September,Saturday,4709.69,4238.721
2024-09-21,ORD018049,CUST03869,P007,Backpack,Accessories,Delhi,Online,UPI,1,2150.7,0.05,2150.7,2043.16,0,147.41,2024,9,September,Saturday,2150.7,2043.1649999999997
2024-09-21,ORD042245,CUST02671,P004,Smartwatch,Electronics,Hyderabad,Online,Debit Card,1,6701.93,0.05,6701.93,6366.83,0,1793.24,2024,9,September,Saturday,6701.93,6366.8335
2024-09-21,ORD014200,CUST01847,P009,T-Shirt,Fashion,Surat,Store,UPI,1,1318.21,0.15,1318.21,1120.48,0,239.67,2024,9,September,Saturday,1318.21,1120.4785
2024-09-21,ORD014202,CUST01151,P002,Smartphone,Electronics,Chennai,Store,Debit Card,1,29969.45,0.0,29969.45,29969.45,0,6340.05,2024,9,September,Saturday,29969.45,29969.45
2024-09-21,ORD043689,CUST00091,P009,T-Shirt,Fashion,Hyderabad,Online,Debit Card,2,1172.47,0.05,2344.94,2227.69,1,-111.38,2024,9,September,Saturday,2344.94,2227.6929999999998
2024-09-21,ORD043484,CUST03957,P018,Jacket,Fashion,Ahmedabad,Online,Cash,2,4799.51,0.1,9599.02,8639.12,0,1339.83,2024,9,September,Saturday,9599.02,8639.118
2024-09-21,ORD046006,CUST01067,P014,Keyboard,Electronics,Surat,Online,Debit Card,1,2404.03,0.1,2404.03,2163.63,0,255.43,2024,9,September,Saturday,2404.03,2163.6270000000004
2024-09-21,ORD033419,CUST02826,P009,T-Shirt,Fashion,Hyderabad,Online,Credit Card,1,1239.42,0.1,1239.42,1115.48,0,78.12,2024,9,September,Saturday,1239.42,1115.478
2024-09-21,ORD028608,CUST01200,P013,Monitor,Electronics,Chennai,Online,UPI,2,19162.16,0.1,38324.32,34491.89,0,3361.99,2024,9,September,Saturday,38324.32,34491.888
2024-09-21,ORD026130,CUST00266,P014,Keyboard,Electronics,Mumbai,Store,UPI,5,2350.46,0.1,11752.3,10577.07,0,1177.81,2024,9,September,Saturday,11752.3,10577.07
2024-09-21,ORD034417,CUST03051,P010,Coffee Maker,Home,Jaipur,Store,UPI,1,5724.17,0.1,5724.17,5151.75,0,1149.16,2024,9,September,Saturday,5724.17,5151.753000000001
2024-09-21,ORD020772,CUST01149,P005,Office Chair,Furniture,Mumbai,Online,Net Banking,2,8687.28,0.1,17374.56,15637.1,0,1592.52,2024,9,September,Saturday,17374.56,15637.104000000001
2024-09-21,ORD007296,CUST01402,P003,Headphones,Electronics,Mumbai,Store,Credit Card,1,4759.58,0.0,4759.58,4759.58,0,786.18,2024,9,September,Saturday,4759.58,4759.58
2024-09-21,ORD040543,CUST04147,P001,Laptop,Electronics,Hyderabad,Store,Cash,1,66222.25,0.0,66222.25,66222.25,0,16167.34,2024,9,September,Saturday,66222.25,66222.25
2024-09-21,ORD024281,CUST04889,P005,Office Chair,Furniture,Delhi,Online,Credit Card,1,8768.94,0.25,8768.94,6576.7,0,299.76,2024,9,September,Saturday,8768.94,6576.705
2024-09-21,ORD016222,CUST04092,P009,T-Shirt,Fashion,Hyderabad,Online,Cash,3,1143.76,0.1,3431.28,3088.15,1,-154.41,2024,9,September,Saturday,3431.2799999999997,3088.152
2024-09-21,ORD047528,CUST04186,P016,Sofa,Furniture,Surat,Online,Cash,1,35075.44,0.1,35075.44,31567.9,0,7596.09,2024,9,September,Saturday,35075.44,31567.896000000004
2024-09-21,ORD013676,CUST02623,P020,Microwave,Home,Jaipur,Store,UPI,1,11148.66,0.1,11148.66,10033.79,0,1543.22,2024,9,September,Saturday,11148.66,10033.794
2024-09-21,ORD029162,CUST03546,P014,Keyboard,Electronics,Kolkata,Online,Cash,1,2439.68,0.15,2439.68,2073.73,0,156.22,2024,9,September,Saturday,2439.68,2073.7279999999996
2024-09-21,ORD034759,CUST03013,P018,Jacket,Fashion,Pune,Store,Debit Card,1,5185.12,0.05,5185.12,4925.86,0,896.79,2024,9,September,Saturday,5185.12,4925.864
2024-09-22,ORD036108,CUST04130,P019,Vacuum Cleaner,Home,Chennai,Online,Credit Card,1,8387.15,0.05,8387.15,7967.79,0,1340.53,2024,9,September,Sunday,8387.15,7967.7925
2024-09-22,ORD013889,CUST02072,P012,Air Fryer,Home,Ahmedabad,Online,Debit Card,1,7319.03,0.15,7319.03,6221.18,0,1414.73,2024,9,September,Sunday,7319.03,6221.175499999999
2024-09-22,ORD008872,CUST04510,P002,Smartphone,Electronics,Kolkata,Store,Credit Card,2,28296.71,0.2,56593.42,45274.74,0,9626.01,2024,9,September,Sunday,56593.42,45274.736000000004
2024-09-22,ORD044424,CUST00955,P018,Jacket,Fashion,Mumbai,Store,UPI,1,5107.6,0.2,5107.6,4086.08,0,185.35,2024,9,September,Sunday,5107.6,4086.0800000000004
2024-09-22,ORD001570,CUST01315,P019,Vacuum Cleaner,Home,Chennai,Store,UPI,1,8126.33,0.1,8126.33,7313.7,0,687.53,2024,9,September,Sunday,8126.33,7313.697
2024-09-22,ORD045653,CUST00827,P010,Coffee Maker,Home,Chennai,Store,Debit Card,1,5310.28,0.0,5310.28,5310.28,0,1554.45,2024,9,September,Sunday,5310.28,5310.28
2024-09-22,ORD005280,CUST04890,P010,Coffee Maker,Home,Delhi,Online,Credit Card,2,5134.21,0.0,10268.42,10268.42,0,974.33,2024,9,September,Sunday,10268.42,10268.42
2024-09-22,ORD036301,CUST04758,P012,Air Fryer,Home,Pune,Online,Cash,2,6972.51,0.1,13945.02,12550.52,0,2302.7,2024,9,September,Sunday,13945.02,12550.518
2024-09-22,ORD045596,CUST02485,P019,Vacuum Cleaner,Home,Bengaluru,Online,UPI,1,8991.36,0.0,8991.36,8991.36,0,2302.01,2024,9,September,Sunday,8991.36,8991.36
2024-09-22,ORD048782,CUST01791,P020,Microwave,Home,Pune,Store,Net Banking,1,10642.45,0.1,10642.45,9578.21,0,1153.3,2024,9,September,Sunday,10642.45,9578.205000000002
2024-09-22,ORD038720,CUST04809,P003,Headphones,Electronics,Delhi,Store,Debit Card,3,4713.66,0.15,14140.98,12019.83,0,2086.35,2024,9,September,Sunday,14140.98,12019.832999999999
2024-09-22,ORD019027,CUST01083,P011,Mixer Grinder,Home,Delhi,Online,Net Banking,2,5090.24,0.15,10180.48,8653.41,0,2304.62,2024,9,September,Sunday,10180.48,8653.408
2024-09-22,ORD022108,CUST01969,P010,Coffee Maker,Home,Bengaluru,Online,UPI,1,5573.4,0.0,5573.4,5573.4,0,1014.7,2024,9,September,Sunday,5573.4,5573.4
2024-09-22,ORD033809,CUST03042,P016,Sofa,Furniture,Ahmedabad,Online,Debit Card,1,33552.48,0.1,33552.48,30197.23,0,8017.09,2024,9,September,Sunday,33552.48,30197.232000000004
2024-09-22,ORD011090,CUST02692,P017,Jeans,Fashion,Surat,Store,UPI,1,2677.38,0.05,2677.38,2543.51,0,722.65,2024,9,September,Sunday,2677.38,2543.511
2024-09-22,ORD036012,CUST04139,P005,Office Chair,Furniture,Ahmedabad,Online,UPI,1,9183.01,0.05,9183.01,8723.86,0,1113.18,2024,9,September,Sunday,9183.01,8723.8595
2024-09-22,ORD021425,CUST02150,P017,Jeans,Fashion,Hyderabad,Online,Net Banking,1,2899.01,0.05,2899.01,2754.06,0,199.09,2024,9,September,Sunday,2899.01,2754.0595000000003
2024-09-22,ORD000757,CUST02341,P005,Office Chair,Furniture,Kolkata,Online,Credit Card,1,9825.32,0.05,9825.32,9334.05,0,2145.24,2024,9,September,Sunday,9825.32,9334.054
2024-09-22,ORD021791,CUST00169,P004,Smartwatch,Electronics,Jaipur,Store,UPI,1,6741.31,0.1,6741.31,6067.18,0,482.01,2024,9,September,Sunday,6741.31,6067.179
2024-09-22,ORD016301,CUST04821,P010,Coffee Maker,Home,Pune,Store,UPI,1,5231.77,0.05,5231.77,4970.18,0,687.43,2024,9,September,Sunday,5231.77,4970.181500000001
2024-09-22,ORD022366,CUST00372,P016,Sofa,Furniture,Pune,Online,Debit Card,3,33900.04,0.0,101700.12,101700.12,1,-5085.01,2024,9,September,Sunday,101700.12,101700.12
2024-09-22,ORD001890,CUST03724,P019,Vacuum Cleaner,Home,Hyderabad,Online,UPI,1,9249.98,0.15,9249.98,7862.48,1,-393.12,2024,9,September,Sunday,9249.98,7862.482999999999
2024-09-22,ORD018090,CUST02484,P020,Microwave,Home,Kolkata,Online,UPI,1,11366.52,0.1,11366.52,10229.87,0,2617.29,2024,9,September,Sunday,11366.52,10229.868
2024-09-22,ORD043982,CUST02370,P001,Laptop,Electronics,Ahmedabad,Store,Credit Card,1,64438.88,0.05,64438.88,61216.94,0,13622.35,2024,9,September,Sunday,64438.88,61216.935999999994
2024-09-22,ORD026815,CUST02628,P015,Dining Table,Furniture,Delhi,Store,Debit Card,1,20038.27,0.2,20038.27,16030.62,0,3652.07,2024,9,September,Sunday,20038.27,16030.616000000002
2024-09-22,ORD035028,CUST04134,P010,Coffee Maker,Home,Jaipur,Online,Credit Card,1,5898.5,0.15,5898.5,5013.72,0,1259.62,2024,9,September,Sunday,5898.5,5013.724999999999
2024-09-22,ORD020253,CUST03194,P008,Running Shoes,Fashion,Jaipur,Online,UPI,1,4133.87,0.05,4133.87,3927.18,0,732.74,2024,9,September,Sunday,4133.87,3927.1764999999996
2024-09-22,ORD002858,CUST01584,P013,Monitor,Electronics,Mumbai,Online,UPI,1,19322.4,0.1,19322.4,17390.16,0,2394.05,2024,9,September,Sunday,19322.4,17390.160000000003
2024-09-22,ORD006383,CUST02302,P001,Laptop,Electronics,Ahmedabad,Online,Credit Card,2,62635.39,0.2,125270.78,100216.62,0,12067.6,2024,9,September,Sunday,125270.78,100216.62400000001
2024-09-22,ORD027996,CUST02859,P015,Dining Table,Furniture,Jaipur,Store,UPI,1,23288.82,0.0,23288.82,23288.82,0,2002.45,2024,9,September,Sunday,23288.82,23288.82
2024-09-22,ORD034525,CUST00419,P004,Smartwatch,Electronics,Pune,Store,Cash,1,7020.39,0.05,7020.39,6669.37,0,524.73,2024,9,September,Sunday,7020.39,6669.3705
2024-09-22,ORD048710,CUST01845,P012,Air Fryer,Home,Kolkata,Online,Cash,1,7050.64,0.1,7050.64,6345.58,0,951.69,2024,9,September,Sunday,7050.64,6345.576
2024-09-22,ORD039343,CUST01176,P006,Desk,Furniture,Kolkata,Store,UPI,1,11022.77,0.15,11022.77,9369.35,0,922.81,2024,9,September,Sunday,11022.77,9369.3545
2024-09-22,ORD015996,CUST00675,P018,Jacket,Fashion,Ahmedabad,Store,UPI,1,5244.63,0.1,5244.63,4720.17,0,328.32,2024,9,September,Sunday,5244.63,4720.167
2024-09-22,ORD032019,CUST03184,P009,T-Shirt,Fashion,Ahmedabad,Online,Debit Card,1,1241.1,0.15,1241.1,1054.94,0,152.6,2024,9,September,Sunday,1241.1,1054.935
2024-09-22,ORD015969,CUST00870,P010,Coffee Maker,Home,Chennai,Store,Credit Card,1,5077.68,0.2,5077.68,4062.14,0,1034.67,2024,9,September,Sunday,5077.68,4062.1440000000002
2024-09-22,ORD014421,CUST02478,P008,Running Shoes,Fashion,Chennai,Online,UPI,1,4229.22,0.05,4229.22,4017.76,0,678.4,2024,9,September,Sunday,4229.22,4017.759
2024-09-22,ORD004180,CUST01722,P017,Jeans,Fashion,Surat,Online,Net Banking,1,2893.75,0.2,2893.75,2315.0,0,304.1,2024,9,September,Sunday,2893.75,2315.0
2024-09-22,ORD028326,CUST00489,P005,Office Chair,Furniture,Pune,Store,Debit Card,2,8720.74,0.1,17441.48,15697.33,0,1500.44,2024,9,September,Sunday,17441.48,15697.332
2024-09-22,ORD034597,CUST00116,P001,Laptop,Electronics,Bengaluru,Store,UPI,1,67012.28,0.1,67012.28,60311.05,0,14163.83,2024,9,September,Sunday,67012.28,60311.052
2024-09-22,ORD034724,CUST01626,P020,Microwave,Home,Kolkata,Online,Debit Card,1,10335.4,0.0,10335.4,10335.4,0,1546.96,2024,9,September,Sunday,10335.4,10335.4
2024-09-22,ORD044072,CUST01079,P011,Mixer Grinder,Home,Pune,Online,Debit Card,2,5225.79,0.1,10451.58,9406.42,0,2331.01,2024,9,September,Sunday,10451.58,9406.422
2024-09-22,ORD034614,CUST04017,P003,Headphones,Electronics,Ahmedabad,Store,UPI,3,4403.57,0.05,13210.71,12550.17,1,-627.51,2024,9,September,Sunday,13210.71,12550.1745
2024-09-22,ORD048115,CUST03103,P007,Backpack,Accessories,Pune,Online,UPI,2,2377.27,0.0,4754.54,4754.54,0,1013.37,2024,9,September,Sunday,4754.54,4754.54
2024-09-22,ORD039856,CUST04984,P005,Office Chair,Furniture,Mumbai,Online,Credit Card,1,8924.44,0.05,8924.44,8478.22,0,925.08,2024,9,September,Sunday,8924.44,8478.218
2024-09-22,ORD000784,CUST03766,P019,Vacuum Cleaner,Home,Jaipur,Online,UPI,1,8746.81,0.1,8746.81,7872.13,0,1101.89,2024,9,September,Sunday,8746.81,7872.129
2024-09-22,ORD023459,CUST00274,P003,Headphones,Electronics,Kolkata,Store,Debit Card,2,4526.22,0.1,9052.44,8147.2,0,2111.01,2024,9,September,Sunday,9052.44,8147.196000000001
2024-09-22,ORD036704,CUST01365,P016,Sofa,Furniture,Bengaluru,Store,Debit Card,1,37184.82,0.1,37184.82,33466.34,0,8128.92,2024,9,September,Sunday,37184.82,33466.338
2024-09-22,ORD011348,CUST02893,P013,Monitor,Electronics,Chennai,Online,Credit Card,1,19380.0,0.1,19380.0,17442.0,0,2739.72,2024,9,September,Sunday,19380.0,17442.0
2024-09-22,ORD017196,CUST00898,P014,Keyboard,Electronics,Mumbai,Store,Cash,1,2367.88,0.05,2367.88,2249.49,0,360.76,2024,9,September,Sunday,2367.88,2249.486
2024-09-22,ORD010863,CUST03093,P006,Desk,Furniture,Hyderabad,Online,Debit Card,2,12095.42,0.1,24190.84,21771.76,0,4600.89,2024,9,September,Sunday,24190.84,21771.756
2024-09-22,ORD046477,CUST03997,P010,Coffee Maker,Home,Kolkata,Online,Credit Card,4,5311.55,0.1,21246.2,19121.58,0,5173.39,2024,9,September,Sunday,21246.2,19121.58
2024-09-22,ORD024546,CUST04531,P009,T-Shirt,Fashion,Pune,Online,Credit Card,2,1306.14,0.0,2612.28,2612.28,0,617.1,2024,9,September,Sunday,2612.28,2612.28
2024-09-22,ORD006065,CUST01865,P020,Microwave,Home,Bengaluru,Store,Net Banking,1,11484.26,0.15,11484.26,9761.62,0,990.19,2024,9,September,Sunday,11484.26,9761.621
2024-09-22,ORD000233,CUST00910,P019,Vacuum Cleaner,Home,Bengaluru,Online,UPI,1,9303.43,0.2,9303.43,7442.74,0,890.32,2024,9,September,Sunday,9303.43,7442.744000000001
2024-09-22,ORD044367,CUST00839,P017,Jeans,Fashion,Hyderabad,Online,Cash,1,2532.33,0.1,2532.33,2279.1,0,153.96,2024,9,September,Sunday,2532.33,2279.097
2024-09-22,ORD014088,CUST02039,P003,Headphones,Electronics,Hyderabad,Online,Credit Card,5,4513.34,0.15,22566.7,19181.7,1,-959.08,2024,9,September,Sunday,22566.7,19181.695
2024-09-22,ORD046785,CUST01394,P015,Dining Table,Furniture,Chennai,Online,Debit Card,4,21080.82,0.25,84323.28,63242.46,0,4885.81,2024,9,September,Sunday,84323.28,63242.46
2024-09-22,ORD041201,CUST03042,P012,Air Fryer,Home,Bengaluru,Online,UPI,1,7884.74,0.05,7884.74,7490.5,0,553.51,2024,9,September,Sunday,7884.74,7490.503
2024-09-22,ORD046852,CUST02859,P010,Coffee Maker,Home,Delhi,Store,Net Banking,1,5585.37,0.1,5585.37,5026.83,0,418.55,2024,9,September,Sunday,5585.37,5026.833
2024-09-22,ORD037397,CUST02167,P004,Smartwatch,Electronics,Kolkata,Store,Credit Card,1,7393.9,0.05,7393.9,7024.2,0,497.91,2024,9,September,Sunday,7393.9,7024.204999999999
2024-09-22,ORD028152,CUST04094,P018,Jacket,Fashion,Surat,Online,Credit Card,1,5046.15,0.15,5046.15,4289.23,0,1129.29,2024,9,September,Sunday,5046.15,4289.2275
2024-09-22,ORD000352,CUST01448,P002,Smartphone,Electronics,Kolkata,Store,UPI,3,28656.43,0.15,85969.29,73073.9,0,11346.12,2024,9,September,Sunday,85969.29000000001,73073.89649999999
2024-09-22,ORD000702,CUST03568,P014,Keyboard,Electronics,Chennai,Store,UPI,4,2380.84,0.1,9523.36,8571.02,0,567.42,2024,9,September,Sunday,9523.36,8571.024000000001
2024-09-22,ORD048761,CUST00377,P013,Monitor,Electronics,Hyderabad,Online,UPI,1,16486.88,0.15,16486.88,14013.85,0,2728.08,2024,9,September,Sunday,16486.88,14013.848
2024-09-22,ORD019950,CUST02202,P014,Keyboard,Electronics,Pune,Online,UPI,2,2547.98,0.0,5095.96,5095.96,0,831.97,2024,9,September,Sunday,5095.96,5095.96
2024-09-22,ORD021905,CUST02538,P011,Mixer Grinder,Home,Surat,Online,UPI,2,4322.74,0.15,8645.48,7348.66,0,571.08,2024,9,September,Sunday,8645.48,7348.657999999999
2024-09-22,ORD023055,CUST00738,P018,Jacket,Fashion,Pune,Online,Credit Card,1,5663.31,0.05,5663.31,5380.14,0,407.33,2024,9,September,Sunday,5663.31,5380.1445
2024-09-22,ORD024304,CUST04990,P014,Keyboard,Electronics,Jaipur,Online,UPI,3,2376.37,0.0,7129.11,7129.11,0,1401.86,2024,9,September,Sunday,7129.11,7129.11
2024-09-22,ORD018821,CUST03932,P003,Headphones,Electronics,Bengaluru,Store,UPI,1,4415.55,0.15,4415.55,3753.22,0,333.99,2024,9,September,Sunday,4415.55,3753.2175
2024-09-22,ORD040885,CUST03059,P003,Headphones,Electronics,Chennai,Store,Net Banking,1,4567.27,0.25,4567.27,3425.45,0,137.02,2024,9,September,Sunday,4567.27,3425.4525000000003
2024-09-22,ORD040843,CUST00951,P012,Air Fryer,Home,Chennai,Online,Credit Card,1,6896.05,0.2,6896.05,5516.84,0,572.18,2024,9,September,Sunday,6896.05,5516.84
2024-09-22,ORD003882,CUST04643,P014,Keyboard,Electronics,Hyderabad,Online,UPI,5,2285.21,0.0,11426.05,11426.05,0,1794.35,2024,9,September,Sunday,11426.05,11426.05
2024-09-23,ORD015599,CUST01182,P013,Monitor,Electronics,Chennai,Online,Cash,2,18785.86,0.2,37571.72,30057.38,0,4391.92,2024,9,September,Monday,37571.72,30057.376000000004
2024-09-23,ORD021761,CUST01688,P018,Jacket,Fashion,Mumbai,Online,Net Banking,1,5395.11,0.15,5395.11,4585.84,0,1209.6,2024,9,September,Monday,5395.11,4585.8435
2024-09-23,ORD012106,CUST04392,P001,Laptop,Electronics,Surat,Online,UPI,1,62131.67,0.15,62131.67,52811.92,0,7642.8,2024,9,September,Monday,62131.67,52811.919499999996
2024-09-23,ORD026129,CUST04095,P008,Running Shoes,Fashion,Pune,Online,Cash,4,4074.56,0.1,16298.24,14668.42,0,2593.56,2024,9,September,Monday,16298.24,14668.416
2024-09-23,ORD036376,CUST02388,P009,T-Shirt,Fashion,Kolkata,Online,UPI,1,1187.1,0.15,1187.1,1009.03,0,110.87,2024,9,September,Monday,1187.1,1009.0349999999999
2024-09-23,ORD045788,CUST03189,P008,Running Shoes,Fashion,Kolkata,Online,UPI,2,4131.28,0.1,8262.56,7436.3,0,1316.07,2024,9,September,Monday,8262.56,7436.304
2024-09-23,ORD022545,CUST04605,P002,Smartphone,Electronics,Hyderabad,Online,Credit Card,5,29447.99,0.2,147239.95,117791.96,0,22649.41,2024,9,September,Monday,147239.95,117791.96000000002
2024-09-23,ORD032819,CUST04703,P005,Office Chair,Furniture,Surat,Online,UPI,2,10101.66,0.0,20203.32,20203.32,0,2211.92,2024,9,September,Monday,20203.32,20203.32
2024-09-23,ORD029715,CUST00775,P013,Monitor,Electronics,Surat,Online,Credit Card,1,17620.93,0.05,17620.93,16739.88,1,-836.99,2024,9,September,Monday,17620.93,16739.8835
2024-09-23,ORD002198,CUST02188,P002,Smartphone,Electronics,Mumbai,Store,UPI,2,27391.78,0.2,54783.56,43826.85,0,4211.05,2024,9,September,Monday,54783.56,43826.848
2024-09-23,ORD042760,CUST01988,P020,Microwave,Home,Chennai,Online,UPI,3,10017.74,0.0,30053.22,30053.22,0,8091.84,2024,9,September,Monday,30053.22,30053.22
2024-09-23,ORD036596,CUST01566,P011,Mixer Grinder,Home,Delhi,Online,Debit Card,1,4969.44,0.0,4969.44,4969.44,0,735.79,2024,9,September,Monday,4969.44,4969.44
2024-09-23,ORD018841,CUST01411,P010,Coffee Maker,Home,Chennai,Store,Credit Card,3,5926.09,0.1,17778.27,16000.44,0,2577.78,2024,9,September,Monday,17778.27,16000.443000000001
2024-09-23,ORD042338,CUST02039,P005,Office Chair,Furniture,Pune,Online,UPI,2,9174.76,0.1,18349.52,16514.57,0,1750.83,2024,9,September,Monday,18349.52,16514.568
2024-09-23,ORD045628,CUST03552,P017,Jeans,Fashion,Hyderabad,Online,Net Banking,2,2785.14,0.1,5570.28,5013.25,0,831.62,2024,9,September,Monday,5570.28,5013.2519999999995
2024-09-23,ORD018626,CUST01016,P003,Headphones,Electronics,Ahmedabad,Store,UPI,1,4528.14,0.15,4528.14,3848.92,0,821.17,2024,9,September,Monday,4528.14,3848.9190000000003
2024-09-23,ORD008551,CUST02384,P001,Laptop,Electronics,Hyderabad,Online,Cash,1,60212.12,0.1,60212.12,54190.91,1,-2709.55,2024,9,September,Monday,60212.12,54190.908
2024-09-23,ORD008694,CUST00794,P017,Jeans,Fashion,Mumbai,Online,Credit Card,1,3012.06,0.0,3012.06,3012.06,0,555.12,2024,9,September,Monday,3012.06,3012.06
2024-09-23,ORD042655,CUST01335,P011,Mixer Grinder,Home,Delhi,Online,Debit Card,3,4676.41,0.0,14029.23,14029.23,0,1844.4,2024,9,September,Monday,14029.23,14029.23
2024-09-23,ORD038194,CUST00748,P003,Headphones,Electronics,Chennai,Store,UPI,3,4769.9,0.0,14309.7,14309.7,0,3339.55,2024,9,September,Monday,14309.699999999999,14309.7
2024-09-23,ORD025218,CUST03239,P010,Coffee Maker,Home,Jaipur,Online,UPI,2,5423.39,0.05,10846.78,10304.44,0,1242.19,2024,9,September,Monday,10846.78,10304.441
2024-09-23,ORD039274,CUST00287,P010,Coffee Maker,Home,Hyderabad,Store,UPI,1,5015.1,0.05,5015.1,4764.34,0,1019.73,2024,9,September,Monday,5015.1,4764.345
2024-09-23,ORD028118,CUST02717,P005,Office Chair,Furniture,Hyderabad,Store,Credit Card,1,8650.58,0.05,8650.58,8218.05,0,1901.32,2024,9,September,Monday,8650.58,8218.051
2024-09-23,ORD003503,CUST00517,P017,Jeans,Fashion,Surat,Online,UPI,1,3049.71,0.05,3049.71,2897.22,0,323.61,2024,9,September,Monday,3049.71,2897.2245
2024-09-23,ORD047073,CUST00335,P001,Laptop,Electronics,Surat,Online,Credit Card,1,65401.95,0.2,65401.95,52321.56,0,11891.57,2024,9,September,Monday,65401.95,52321.56
2024-09-23,ORD040722,CUST04598,P014,Keyboard,Electronics,Ahmedabad,Online,UPI,3,2447.92,0.1,7343.76,6609.38,0,1528.58,2024,9,September,Monday,7343.76,6609.384
2024-09-23,ORD040235,CUST01123,P001,Laptop,Electronics,Hyderabad,Store,Credit Card,2,69267.64,0.2,138535.28,110828.22,0,22720.79,2024,9,September,Monday,138535.28,110828.224
2024-09-23,ORD017186,CUST01519,P003,Headphones,Electronics,Ahmedabad,Store,UPI,1,4540.27,0.05,4540.27,4313.26,0,536.53,2024,9,September,Monday,4540.27,4313.2565
2024-09-23,ORD041674,CUST04814,P001,Laptop,Electronics,Chennai,Online,Credit Card,2,70278.37,0.2,140556.74,112445.39,0,19105.53,2024,9,September,Monday,140556.74,112445.39199999999
2024-09-23,ORD047258,CUST04066,P002,Smartphone,Electronics,Chennai,Store,Debit Card,3,30224.04,0.15,90672.12,77071.3,0,18319.99,2024,9,September,Monday,90672.12,77071.302
2024-09-23,ORD007015,CUST02773,P019,Vacuum Cleaner,Home,Ahmedabad,Store,Credit Card,1,8751.84,0.0,8751.84,8751.84,0,823.81,2024,9,September,Monday,8751.84,8751.84
2024-09-23,ORD039571,CUST03916,P017,Jeans,Fashion,Chennai,Online,Debit Card,1,2675.77,0.15,2675.77,2274.4,0,211.54,2024,9,September,Monday,2675.77,2274.4045
2024-09-23,ORD021858,CUST01043,P007,Backpack,Accessories,Chennai,Store,Net Banking,1,2214.75,0.05,2214.75,2104.01,0,578.34,2024,9,September,Monday,2214.75,2104.0125
2024-09-23,ORD049905,CUST04870,P016,Sofa,Furniture,Hyderabad,Online,Credit Card,2,35592.65,0.15,71185.3,60507.5,0,3723.73,2024,9,September,Monday,71185.3,60507.505
2024-09-23,ORD047432,CUST02124,P010,Coffee Maker,Home,Surat,Online,Net Banking,2,5071.32,0.1,10142.64,9128.38,0,578.26,2024,9,September,Monday,10142.64,9128.376
2024-09-23,ORD010533,CUST00574,P005,Office Chair,Furniture,Chennai,Online,Debit Card,1,8612.18,0.0,8612.18,8612.18,0,2041.08,2024,9,September,Monday,8612.18,8612.18
2024-09-23,ORD020718,CUST03339,P013,Monitor,Electronics,Kolkata,Online,Cash,1,18352.93,0.05,18352.93,17435.28,0,2372.52,2024,9,September,Monday,18352.93,17435.283499999998
2024-09-23,ORD032574,CUST01689,P012,Air Fryer,Home,Kolkata,Store,Credit Card,3,7179.1,0.05,21537.3,20460.44,0,2035.86,2024,9,September,Monday,21537.300000000003,20460.434999999998
2024-09-23,ORD049939,CUST03802,P003,Headphones,Electronics,Kolkata,Store,UPI,1,4525.45,0.2,4525.45,3620.36,0,340.0,2024,9,September,Monday,4525.45,3620.36
2024-09-23,ORD028527,CUST04536,P012,Air Fryer,Home,Mumbai,Store,UPI,1,6534.51,0.05,6534.51,6207.78,0,1560.82,2024,9,September,Monday,6534.51,6207.7845
2024-09-23,ORD043795,CUST01323,P005,Office Chair,Furniture,Delhi,Online,UPI,1,9951.11,0.0,9951.11,9951.11,0,938.24,2024,9,September,Monday,9951.11,9951.11
2024-09-23,ORD027438,CUST04696,P016,Sofa,Furniture,Surat,Online,Cash,1,38277.84,0.25,38277.84,28708.38,0,3124.15,2024,9,September,Monday,38277.84,28708.379999999997
2024-09-23,ORD027348,CUST03588,P001,Laptop,Electronics,Hyderabad,Online,Credit Card,1,59325.83,0.05,59325.83,56359.54,0,10165.05,2024,9,September,Monday,59325.83,56359.5385
2024-09-23,ORD000245,CUST01846,P005,Office Chair,Furniture,Hyderabad,Online,Debit Card,1,8982.72,0.1,8982.72,8084.45,1,-404.22,2024,9,September,Monday,8982.72,8084.447999999999
2024-09-23,ORD009760,CUST01610,P015,Dining Table,Furniture,Ahmedabad,Store,UPI,1,21168.99,0.05,21168.99,20110.54,0,2440.56,2024,9,September,Monday,21168.99,20110.5405
2024-09-23,ORD006979,CUST02647,P018,Jacket,Fashion,Bengaluru,Online,UPI,2,5608.58,0.0,11217.16,11217.16,0,2060.3,2024,9,September,Monday,11217.16,11217.16
2024-09-23,ORD038407,CUST00625,P020,Microwave,Home,Mumbai,Online,Credit Card,1,11027.87,0.1,11027.87,9925.08,0,1747.7,2024,9,September,Monday,11027.87,9925.083
2024-09-23,ORD025373,CUST01258,P020,Microwave,Home,Bengaluru,Online,UPI,2,10367.25,0.1,20734.5,18661.05,0,4044.52,2024,9,September,Monday,20734.5,18661.05
2024-09-23,ORD016394,CUST01401,P001,Laptop,Electronics,Ahmedabad,Store,UPI,1,59429.77,0.0,59429.77,59429.77,0,14271.48,2024,9,September,Monday,59429.77,59429.77
2024-09-23,ORD042184,CUST02892,P006,Desk,Furniture,Kolkata,Online,UPI,1,12503.1,0.05,12503.1,11877.94,0,2642.01,2024,9,September,Monday,12503.1,11877.945
2024-09-23,ORD014381,CUST04056,P002,Smartphone,Electronics,Chennai,Store,Credit Card,1,30759.08,0.0,30759.08,30759.08,0,5497.54,2024,9,September,Monday,30759.08,30759.08
2024-09-23,ORD039892,CUST01433,P007,Backpack,Accessories,Pune,Online,Credit Card,2,2265.63,0.15,4531.26,3851.57,0,329.32,2024,9,September,Monday,4531.26,3851.571
2024-09-23,ORD017089,CUST02399,P004,Smartwatch,Electronics,Bengaluru,Online,Credit Card,1,7168.08,0.25,7168.08,5376.06,0,216.31,2024,9,September,Monday,7168.08,5376.0599999999995
2024-09-23,ORD039982,CUST02760,P008,Running Shoes,Fashion,Hyderabad,Online,Net Banking,1,4496.3,0.05,4496.3,4271.48,0,430.13,2024,9,September,Monday,4496.3,4271.485
2024-09-23,ORD043905,CUST02141,P011,Mixer Grinder,Home,Chennai,Online,UPI,2,5235.5,0.2,10471.0,8376.8,0,1360.8,2024,9,September,Monday,10471.0,8376.800000000001
2024-09-23,ORD046338,CUST03386,P006,Desk,Furniture,Kolkata,Store,UPI,1,11167.97,0.15,11167.97,9492.77,0,2217.7,2024,9,September,Monday,11167.97,9492.7745
2024-09-23,ORD011360,CUST01181,P019,Vacuum Cleaner,Home,Surat,Online,UPI,1,8526.29,0.1,8526.29,7673.66,0,972.23,2024,9,September,Monday,8526.29,7673.661000000001
2024-09-23,ORD005329,CUST00290,P015,Dining Table,Furniture,Delhi,Store,UPI,1,22598.22,0.05,22598.22,21468.31,0,2026.03,2024,9,September,Monday,22598.22,21468.309
2024-09-23,ORD031685,CUST01398,P016,Sofa,Furniture,Surat,Store,UPI,1,33783.7,0.1,33783.7,30405.33,0,4221.97,2024,9,September,Monday,33783.7,30405.329999999998
2024-09-23,ORD032721,CUST04138,P011,Mixer Grinder,Home,Delhi,Store,Debit Card,1,4722.73,0.1,4722.73,4250.46,0,1184.28,2024,9,September,Monday,4722.73,4250.456999999999
2024-09-23,ORD028704,CUST02043,P007,Backpack,Accessories,Ahmedabad,Online,Credit Card,1,2126.56,0.1,2126.56,1913.9,0,273.23,2024,9,September,Monday,2126.56,1913.904
2024-09-23,ORD040117,CUST04776,P016,Sofa,Furniture,Jaipur,Online,Cash,1,36002.85,0.1,36002.85,32402.56,0,2969.52,2024,9,September,Monday,36002.85,32402.565
2024-09-23,ORD048409,CUST00955,P001,Laptop,Electronics,Kolkata,Online,UPI,1,63238.9,0.0,63238.9,63238.9,0,13559.87,2024,9,September,Monday,63238.9,63238.9
2024-09-23,ORD046211,CUST04821,P012,Air Fryer,Home,Jaipur,Online,Credit Card,1,7799.62,0.0,7799.62,7799.62,0,1526.27,2024,9,September,Monday,7799.62,7799.62
2024-09-23,ORD037523,CUST04396,P018,Jacket,Fashion,Surat,Store,UPI,1,5405.9,0.05,5405.9,5135.6,0,1270.5,2024,9,September,Monday,5405.9,5135.605
2024-09-23,ORD018073,CUST00771,P015,Dining Table,Furniture,Delhi,Store,UPI,1,23490.15,0.0,23490.15,23490.15,0,4833.3,2024,9,September,Monday,23490.15,23490.15
2024-09-24,ORD032406,CUST02724,P007,Backpack,Accessories,Surat,Online,UPI,1,2026.44,0.1,2026.44,1823.8,0,279.6,2024,9,September,Tuesday,2026.44,1823.796
2024-09-24,ORD034394,CUST01654,P019,Vacuum Cleaner,Home,Pune,Online,Net Banking,1,9521.84,0.15,9521.84,8093.56,0,1010.03,2024,9,September,Tuesday,9521.84,8093.564
2024-09-24,ORD022374,CUST00785,P020,Microwave,Home,Jaipur,Online,Cash,1,10983.71,0.2,10983.71,8786.97,0,700.83,2024,9,September,Tuesday,10983.71,8786.967999999999
2024-09-24,ORD026751,CUST01909,P019,Vacuum Cleaner,Home,Hyderabad,Store,Cash,2,9693.77,0.05,19387.54,18418.16,0,4085.16,2024,9,September,Tuesday,19387.54,18418.163
2024-09-24,ORD026285,CUST04437,P001,Laptop,Electronics,Mumbai,Store,Debit Card,3,70302.47,0.1,210907.41,189816.67,0,39102.82,2024,9,September,Tuesday,210907.41,189816.669
2024-09-24,ORD018717,CUST00126,P015,Dining Table,Furniture,Kolkata,Online,Debit Card,2,21527.47,0.15,43054.94,36596.7,1,-1829.84,2024,9,September,Tuesday,43054.94,36596.699
2024-09-24,ORD015784,CUST03805,P014,Keyboard,Electronics,Ahmedabad,Online,UPI,1,2304.11,0.15,2304.11,1958.49,0,288.64,2024,9,September,Tuesday,2304.11,1958.4935
2024-09-24,ORD000492,CUST03880,P017,Jeans,Fashion,Bengaluru,Store,Credit Card,3,2605.76,0.1,7817.28,7035.55,0,1351.21,2024,9,September,Tuesday,7817.280000000001,7035.552
2024-09-24,ORD040018,CUST01032,P006,Desk,Furniture,Surat,Online,Credit Card,4,11423.28,0.25,45693.12,34269.84,0,6832.22,2024,9,September,Tuesday,45693.12,34269.840000000004
2024-09-24,ORD020389,CUST01829,P014,Keyboard,Electronics,Surat,Store,Net Banking,2,2557.79,0.1,5115.58,4604.02,0,772.89,2024,9,September,Tuesday,5115.58,4604.022
2024-09-24,ORD022273,CUST03860,P020,Microwave,Home,Surat,Online,UPI,1,11391.74,0.05,11391.74,10822.15,1,-541.11,2024,9,September,Tuesday,11391.74,10822.152999999998
2024-09-24,ORD043303,CUST03141,P007,Backpack,Accessories,Hyderabad,Store,UPI,2,2303.71,0.1,4607.42,4146.68,0,606.48,2024,9,September,Tuesday,4607.42,4146.678
2024-09-24,ORD034528,CUST00034,P005,Office Chair,Furniture,Bengaluru,Online,Debit Card,2,10416.39,0.1,20832.78,18749.5,0,1283.02,2024,9,September,Tuesday,20832.78,18749.502
2024-09-24,ORD040167,CUST01100,P010,Coffee Maker,Home,Delhi,Store,Credit Card,1,5489.97,0.0,5489.97,5489.97,0,800.0,2024,9,September,Tuesday,5489.97,5489.97
2024-09-24,ORD010605,CUST03374,P007,Backpack,Accessories,Kolkata,Store,Net Banking,4,2276.9,0.1,9107.6,8196.84,0,2163.65,2024,9,September,Tuesday,9107.6,8196.84
2024-09-24,ORD047720,CUST01782,P011,Mixer Grinder,Home,Bengaluru,Store,UPI,1,4760.25,0.05,4760.25,4522.24,0,1116.67,2024,9,September,Tuesday,4760.25,4522.2375
2024-09-24,ORD049213,CUST04850,P009,T-Shirt,Fashion,Delhi,Online,UPI,2,1080.64,0.05,2161.28,2053.22,0,194.15,2024,9,September,Tuesday,2161.28,2053.216
2024-09-24,ORD014300,CUST01299,P010,Coffee Maker,Home,Delhi,Store,Debit Card,2,5966.66,0.1,11933.32,10739.99,0,2759.44,2024,9,September,Tuesday,11933.32,10739.988
2024-09-24,ORD043189,CUST01342,P020,Microwave,Home,Kolkata,Online,Credit Card,1,11860.95,0.1,11860.95,10674.86,0,1007.13,2024,9,September,Tuesday,11860.95,10674.855000000001
2024-09-24,ORD016127,CUST01577,P009,T-Shirt,Fashion,Delhi,Store,UPI,2,1185.26,0.15,2370.52,2014.94,0,194.13,2024,9,September,Tuesday,2370.52,2014.942
2024-09-24,ORD028473,CUST00281,P001,Laptop,Electronics,Hyderabad,Online,UPI,1,64133.24,0.0,64133.24,64133.24,0,14536.33,2024,9,September,Tuesday,64133.24,64133.24
2024-09-24,ORD024979,CUST02266,P004,Smartwatch,Electronics,Surat,Store,Cash,1,6963.63,0.15,6963.63,5919.09,0,910.48,2024,9,September,Tuesday,6963.63,5919.0855
2024-09-24,ORD024729,CUST01888,P006,Desk,Furniture,Chennai,Online,Credit Card,1,10853.01,0.0,10853.01,10853.01,0,3132.96,2024,9,September,Tuesday,10853.01,10853.01
2024-09-24,ORD033744,CUST04941,P019,Vacuum Cleaner,Home,Surat,Store,Credit Card,1,8340.11,0.25,8340.11,6255.08,0,846.57,2024,9,September,Tuesday,8340.11,6255.0825
2024-09-24,ORD011009,CUST03593,P017,Jeans,Fashion,Ahmedabad,Store,Debit Card,1,2941.4,0.2,2941.4,2353.12,0,555.91,2024,9,September,Tuesday,2941.4,2353.1200000000003
2024-09-24,ORD004737,CUST04289,P012,Air Fryer,Home,Pune,Online,Credit Card,2,7522.05,0.1,15044.1,13539.69,0,3509.43,2024,9,September,Tuesday,15044.1,13539.69
2024-09-24,ORD038242,CUST02080,P007,Backpack,Accessories,Chennai,Store,Credit Card,1,2195.99,0.05,2195.99,2086.19,0,317.01,2024,9,September,Tuesday,2195.99,2086.1904999999997
2024-09-24,ORD025247,CUST01350,P005,Office Chair,Furniture,Delhi,Store,Debit Card,3,9850.84,0.05,29552.52,28074.89,0,3619.02,2024,9,September,Tuesday,29552.52,28074.894
2024-09-24,ORD016879,CUST04456,P012,Air Fryer,Home,Delhi,Online,UPI,2,7508.39,0.05,15016.78,14265.94,0,3139.24,2024,9,September,Tuesday,15016.78,14265.941
2024-09-24,ORD016917,CUST00203,P015,Dining Table,Furniture,Pune,Online,Net Banking,1,22870.55,0.0,22870.55,22870.55,0,2977.01,2024,9,September,Tuesday,22870.55,22870.55
2024-09-24,ORD036300,CUST04340,P008,Running Shoes,Fashion,Kolkata,Online,UPI,3,4607.73,0.0,13823.19,13823.19,0,2665.9,2024,9,September,Tuesday,13823.189999999999,13823.19
2024-09-24,ORD049823,CUST00579,P009,T-Shirt,Fashion,Mumbai,Online,Credit Card,1,1210.91,0.0,1210.91,1210.91,0,349.03,2024,9,September,Tuesday,1210.91,1210.91
2024-09-24,ORD031277,CUST04989,P010,Coffee Maker,Home,Jaipur,Store,UPI,1,5204.83,0.05,5204.83,4944.59,0,1327.41,2024,9,September,Tuesday,5204.83,4944.5885
2024-09-24,ORD000655,CUST03242,P006,Desk,Furniture,Bengaluru,Store,Credit Card,1,12764.07,0.1,12764.07,11487.66,0,2730.88,2024,9,September,Tuesday,12764.07,11487.663
2024-09-24,ORD036293,CUST00356,P019,Vacuum Cleaner,Home,Bengaluru,Store,Net Banking,2,8957.48,0.05,17914.96,17019.21,0,4833.48,2024,9,September,Tuesday,17914.96,17019.212
2024-09-24,ORD011546,CUST02084,P002,Smartphone,Electronics,Ahmedabad,Online,Debit Card,2,29125.18,0.15,58250.36,49512.81,0,4850.4,2024,9,September,Tuesday,58250.36,49512.806
2024-09-24,ORD029246,CUST03529,P007,Backpack,Accessories,Pune,Online,Debit Card,3,2302.29,0.1,6906.87,6216.18,0,868.13,2024,9,September,Tuesday,6906.87,6216.183
2024-09-24,ORD038464,CUST03682,P020,Microwave,Home,Hyderabad,Online,Net Banking,2,11653.35,0.2,23306.7,18645.36,1,-932.27,2024,9,September,Tuesday,23306.7,18645.36
2024-09-24,ORD015641,CUST03543,P012,Air Fryer,Home,Ahmedabad,Store,Debit Card,4,7760.31,0.1,31041.24,27937.12,0,4555.46,2024,9,September,Tuesday,31041.24,27937.116
2024-09-24,ORD029279,CUST02208,P006,Desk,Furniture,Hyderabad,Online,Credit Card,1,11101.83,0.1,11101.83,9991.65,0,1634.43,2024,9,September,Tuesday,11101.83,9991.647
2024-09-24,ORD042353,CUST03588,P008,Running Shoes,Fashion,Hyderabad,Store,UPI,2,4293.45,0.1,8586.9,7728.21,0,1498.44,2024,9,September,Tuesday,8586.9,7728.21
2024-09-24,ORD032765,CUST00939,P012,Air Fryer,Home,Chennai,Online,UPI,2,7155.67,0.0,14311.34,14311.34,0,1911.31,2024,9,September,Tuesday,14311.34,14311.34
2024-09-24,ORD011100,CUST04143,P002,Smartphone,Electronics,Hyderabad,Online,Debit Card,2,30103.96,0.05,60207.92,57197.52,0,8683.83,2024,9,September,Tuesday,60207.92,57197.524
2024-09-24,ORD046448,CUST02059,P006,Desk,Furniture,Hyderabad,Store,UPI,2,12034.11,0.05,24068.22,22864.81,0,1762.53,2024,9,September,Tuesday,24068.22,22864.809
2024-09-24,ORD046454,CUST03411,P001,Laptop,Electronics,Delhi,Online,Credit Card,1,64981.4,0.1,64981.4,58483.26,0,5379.17,2024,9,September,Tuesday,64981.4,58483.26
2024-09-24,ORD018810,CUST03402,P006,Desk,Furniture,Delhi,Online,UPI,1,12349.85,0.15,12349.85,10497.37,0,1775.81,2024,9,September,Tuesday,12349.85,10497.3725
2024-09-24,ORD035308,CUST04225,P018,Jacket,Fashion,Hyderabad,Online,UPI,1,4953.05,0.2,4953.05,3962.44,0,647.77,2024,9,September,Tuesday,4953.05,3962.4400000000005
2024-09-24,ORD048570,CUST00631,P013,Monitor,Electronics,Bengaluru,Online,Credit Card,1,18849.49,0.25,18849.49,14137.12,0,1002.85,2024,9,September,Tuesday,18849.49,14137.1175
2024-09-24,ORD000209,CUST02823,P009,T-Shirt,Fashion,Mumbai,Online,Cash,1,1207.93,0.2,1207.93,966.34,0,186.6,2024,9,September,Tuesday,1207.93,966.344
2024-09-24,ORD042847,CUST02855,P004,Smartwatch,Electronics,Ahmedabad,Store,Credit Card,1,6387.78,0.15,6387.78,5429.61,0,1382.63,2024,9,September,Tuesday,6387.78,5429.612999999999
2024-09-24,ORD006906,CUST01314,P009,T-Shirt,Fashion,Ahmedabad,Online,UPI,1,1169.15,0.05,1169.15,1110.69,0,117.32,2024,9,September,Tuesday,1169.15,1110.6925
2024-09-24,ORD027243,CUST01987,P015,Dining Table,Furniture,Delhi,Online,UPI,3,21106.72,0.1,63320.16,56988.14,0,4657.94,2024,9,September,Tuesday,63320.16,56988.14400000001
2024-09-24,ORD046911,CUST03537,P008,Running Shoes,Fashion,Hyderabad,Online,UPI,1,4394.32,0.15,4394.32,3735.17,0,577.83,2024,9,September,Tuesday,4394.32,3735.1719999999996
2024-09-24,ORD006706,CUST01506,P018,Jacket,Fashion,Delhi,Online,Credit Card,2,5655.35,0.15,11310.7,9614.1,0,987.57,2024,9,September,Tuesday,11310.7,9614.095000000001
2024-09-24,ORD028130,CUST04536,P009,T-Shirt,Fashion,Delhi,Online,Credit Card,2,1165.92,0.0,2331.84,2331.84,0,636.35,2024,9,September,Tuesday,2331.84,2331.84
2024-09-24,ORD008941,CUST00443,P006,Desk,Furniture,Surat,Store,Debit Card,2,11064.68,0.15,22129.36,18809.96,0,3948.62,2024,9,September,Tuesday,22129.36,18809.956
2024-09-24,ORD046630,CUST00775,P005,Office Chair,Furniture,Chennai,Online,UPI,3,9019.71,0.1,27059.13,24353.22,0,3230.76,2024,9,September,Tuesday,27059.129999999997,24353.217
2024-09-24,ORD028994,CUST03854,P002,Smartphone,Electronics,Pune,Online,Debit Card,1,30546.15,0.15,30546.15,25964.23,0,6924.67,2024,9,September,Tuesday,30546.15,25964.2275
2024-09-24,ORD010372,CUST01972,P018,Jacket,Fashion,Jaipur,Store,UPI,4,5264.4,0.0,21057.6,21057.6,1,-1052.88,2024,9,September,Tuesday,21057.6,21057.6
2024-09-24,ORD046526,CUST03720,P001,Laptop,Electronics,Surat,Store,Debit Card,1,69712.56,0.0,69712.56,69712.56,0,17579.48,2024,9,September,Tuesday,69712.56,69712.56
2024-09-24,ORD041593,CUST01041,P006,Desk,Furniture,Pune,Online,Debit Card,1,12623.58,0.1,12623.58,11361.22,0,922.61,2024,9,September,Tuesday,12623.58,11361.222
2024-09-24,ORD000135,CUST03715,P015,Dining Table,Furniture,Bengaluru,Store,Debit Card,4,21018.04,0.1,84072.16,75664.94,0,19727.36,2024,9,September,Tuesday,84072.16,75664.944
2024-09-24,ORD019975,CUST04321,P004,Smartwatch,Electronics,Kolkata,Store,Debit Card,1,7374.86,0.15,7374.86,6268.63,0,673.58,2024,9,September,Tuesday,7374.86,6268.630999999999
2024-09-24,ORD002777,CUST03499,P020,Microwave,Home,Kolkata,Store,Net Banking,1,10848.56,0.0,10848.56,10848.56,0,1310.72,2024,9,September,Tuesday,10848.56,10848.56
2024-09-24,ORD027268,CUST02502,P006,Desk,Furniture,Mumbai,Store,Net Banking,3,12406.19,0.15,37218.57,31635.78,0,5307.48,2024,9,September,Tuesday,37218.57,31635.784499999998
2024-09-24,ORD000542,CUST01549,P012,Air Fryer,Home,Kolkata,Online,UPI,2,7901.81,0.1,15803.62,14223.26,0,2925.87,2024,9,September,Tuesday,15803.62,14223.258000000002
2024-09-24,ORD030205,CUST01119,P009,T-Shirt,Fashion,Jaipur,Store,Net Banking,1,1179.16,0.1,1179.16,1061.24,0,113.36,2024,9,September,Tuesday,1179.16,1061.2440000000001
2024-09-24,ORD044771,CUST03894,P016,Sofa,Furniture,Kolkata,Online,UPI,2,31638.84,0.15,63277.68,53786.03,0,7017.87,2024,9,September,Tuesday,63277.68,53786.028
2024-09-24,ORD037443,CUST04250,P009,T-Shirt,Fashion,Kolkata,Online,UPI,1,1315.24,0.1,1315.24,1183.72,0,159.73,2024,9,September,Tuesday,1315.24,1183.7160000000001
2024-09-24,ORD007123,CUST03013,P001,Laptop,Electronics,Chennai,Store,UPI,1,62116.82,0.2,62116.82,49693.46,0,3788.94,2024,9,September,Tuesday,62116.82,49693.456000000006
2024-09-24,ORD026036,CUST03384,P017,Jeans,Fashion,Hyderabad,Online,Debit Card,5,3074.43,0.05,15372.15,14603.54,1,-730.18,2024,9,September,Tuesday,15372.15,14603.5425
2024-09-24,ORD011782,CUST02392,P005,Office Chair,Furniture,Chennai,Online,Net Banking,1,9750.69,0.05,9750.69,9263.16,0,1128.71,2024,9,September,Tuesday,9750.69,9263.1555
2024-09-24,ORD005521,CUST01180,P019,Vacuum Cleaner,Home,Bengaluru,Online,Net Banking,2,8393.68,0.15,16787.36,14269.26,0,1224.91,2024,9,September,Tuesday,16787.36,14269.256
2024-09-24,ORD005222,CUST02412,P004,Smartwatch,Electronics,Pune,Store,UPI,1,7071.66,0.15,7071.66,6010.91,0,842.38,2024,9,September,Tuesday,7071.66,6010.911
2024-09-24,ORD024112,CUST00273,P005,Office Chair,Furniture,Hyderabad,Online,Cash,1,8797.19,0.05,8797.19,8357.33,0,1061.36,2024,9,September,Tuesday,8797.19,8357.3305
2024-09-24,ORD037092,CUST00354,P011,Mixer Grinder,Home,Chennai,Store,UPI,2,5153.09,0.1,10306.18,9275.56,0,1128.33,2024,9,September,Tuesday,10306.18,9275.562
2024-09-25,ORD016373,CUST00765,P001,Laptop,Electronics,Jaipur,Online,Debit Card,1,61055.01,0.15,61055.01,51896.76,0,11045.31,2024,9,September,Wednesday,61055.01,51896.7585
2024-09-25,ORD008362,CUST02199,P009,T-Shirt,Fashion,Delhi,Store,UPI,1,1095.03,0.1,1095.03,985.53,0,236.83,2024,9,September,Wednesday,1095.03,985.527
2024-09-25,ORD004135,CUST03736,P005,Office Chair,Furniture,Hyderabad,Online,Credit Card,1,9149.16,0.15,9149.16,7776.79,0,1224.85,2024,9,September,Wednesday,9149.16,7776.786
2024-09-25,ORD026911,CUST03783,P004,Smartwatch,Electronics,Jaipur,Online,Credit Card,1,7086.74,0.05,7086.74,6732.4,0,1451.56,2024,9,September,Wednesday,7086.74,6732.402999999999
2024-09-25,ORD004227,CUST04276,P009,T-Shirt,Fashion,Hyderabad,Store,Credit Card,2,1236.76,0.1,2473.52,2226.17,0,229.42,2024,9,September,Wednesday,2473.52,2226.168
2024-09-25,ORD018986,CUST01539,P014,Keyboard,Electronics,Chennai,Store,UPI,1,2589.72,0.0,2589.72,2589.72,0,292.72,2024,9,September,Wednesday,2589.72,2589.72
2024-09-25,ORD030490,CUST04369,P019,Vacuum Cleaner,Home,Surat,Online,Net Banking,1,8127.97,0.0,8127.97,8127.97,0,1269.88,2024,9,September,Wednesday,8127.97,8127.97
2024-09-25,ORD031626,CUST03836,P018,Jacket,Fashion,Bengaluru,Store,Debit Card,1,4981.9,0.1,4981.9,4483.71,0,908.65,2024,9,September,Wednesday,4981.9,4483.71
2024-09-25,ORD004694,CUST04022,P013,Monitor,Electronics,Kolkata,Online,UPI,1,18390.39,0.1,18390.39,16551.35,0,3509.49,2024,9,September,Wednesday,18390.39,16551.351
2024-09-25,ORD023602,CUST02259,P008,Running Shoes,Fashion,Bengaluru,Online,UPI,1,3789.93,0.0,3789.93,3789.93,0,948.6,2024,9,September,Wednesday,3789.93,3789.93
2024-09-25,ORD031631,CUST02692,P003,Headphones,Electronics,Kolkata,Store,UPI,1,4056.73,0.1,4056.73,3651.06,0,957.47,2024,9,September,Wednesday,4056.73,3651.0570000000002
2024-09-25,ORD034935,CUST03295,P001,Laptop,Electronics,Delhi,Online,UPI,3,70027.12,0.1,210081.36,189073.22,0,14578.65,2024,9,September,Wednesday,210081.36,189073.224
2024-09-25,ORD032257,CUST00924,P011,Mixer Grinder,Home,Chennai,Online,Net Banking,3,4854.8,0.0,14564.4,14564.4,0,3180.92,2024,9,September,Wednesday,14564.400000000001,14564.4
2024-09-25,ORD023523,CUST03498,P001,Laptop,Electronics,Pune,Store,Credit Card,1,71482.15,0.15,71482.15,60759.83,0,7591.62,2024,9,September,Wednesday,71482.15,60759.82749999999
2024-09-25,ORD041634,CUST03802,P013,Monitor,Electronics,Pune,Online,UPI,2,17805.06,0.1,35610.12,32049.11,0,8375.89,2024,9,September,Wednesday,35610.12,32049.108000000004
2024-09-25,ORD044308,CUST04418,P004,Smartwatch,Electronics,Surat,Store,Credit Card,1,6845.8,0.05,6845.8,6503.51,0,1731.04,2024,9,September,Wednesday,6845.8,6503.51
2024-09-25,ORD026596,CUST03654,P003,Headphones,Electronics,Chennai,Online,UPI,2,4781.59,0.05,9563.18,9085.02,0,916.74,2024,9,September,Wednesday,9563.18,9085.021
2024-09-25,ORD039049,CUST02616,P013,Monitor,Electronics,Kolkata,Online,UPI,1,16361.79,0.2,16361.79,13089.43,1,-654.47,2024,9,September,Wednesday,16361.79,13089.432
2024-09-25,ORD034544,CUST01067,P011,Mixer Grinder,Home,Jaipur,Online,Credit Card,1,5251.46,0.1,5251.46,4726.31,0,305.35,2024,9,September,Wednesday,5251.46,4726.314
2024-09-25,ORD031431,CUST00845,P016,Sofa,Furniture,Mumbai,Online,Net Banking,4,33651.33,0.15,134605.32,114414.52,0,17320.22,2024,9,September,Wednesday,134605.32,114414.522
2024-09-25,ORD032824,CUST00913,P010,Coffee Maker,Home,Hyderabad,Online,Debit Card,1,5785.28,0.1,5785.28,5206.75,0,1316.81,2024,9,September,Wednesday,5785.28,5206.7519999999995
2024-09-25,ORD014636,CUST04142,P016,Sofa,Furniture,Ahmedabad,Online,UPI,1,37261.59,0.1,37261.59,33535.43,0,4090.81,2024,9,September,Wednesday,37261.59,33535.431
2024-09-25,ORD026552,CUST00546,P011,Mixer Grinder,Home,Surat,Online,Net Banking,1,5062.89,0.0,5062.89,5062.89,0,1239.43,2024,9,September,Wednesday,5062.89,5062.89
2024-09-25,ORD003269,CUST01202,P005,Office Chair,Furniture,Mumbai,Store,Credit Card,1,9040.69,0.0,9040.69,9040.69,0,1300.2,2024,9,September,Wednesday,9040.69,9040.69
2024-09-25,ORD007038,CUST00568,P020,Microwave,Home,Ahmedabad,Online,UPI,3,9907.56,0.0,29722.68,29722.68,0,8834.31,2024,9,September,Wednesday,29722.68,29722.68
2024-09-25,ORD001831,CUST02409,P013,Monitor,Electronics,Bengaluru,Online,Debit Card,1,18007.41,0.05,18007.41,17107.04,0,3570.16,2024,9,September,Wednesday,18007.41,17107.0395
2024-09-25,ORD019830,CUST04406,P008,Running Shoes,Fashion,Ahmedabad,Online,Credit Card,1,3995.02,0.15,3995.02,3395.77,0,510.08,2024,9,September,Wednesday,3995.02,3395.767
2024-09-25,ORD031561,CUST01482,P003,Headphones,Electronics,Jaipur,Online,UPI,1,4065.87,0.1,4065.87,3659.28,0,903.97,2024,9,September,Wednesday,4065.87,3659.283
2024-09-25,ORD046590,CUST00929,P007,Backpack,Accessories,Chennai,Store,UPI,2,2018.75,0.1,4037.5,3633.75,1,-181.69,2024,9,September,Wednesday,4037.5,3633.75
2024-09-25,ORD035385,CUST02552,P010,Coffee Maker,Home,Hyderabad,Store,Debit Card,1,5333.26,0.25,5333.26,3999.94,0,221.64,2024,9,September,Wednesday,5333.26,3999.945
2024-09-25,ORD016021,CUST01122,P009,T-Shirt,Fashion,Kolkata,Online,Credit Card,1,1112.66,0.0,1112.66,1112.66,0,104.05,2024,9,September,Wednesday,1112.66,1112.66
2024-09-25,ORD031599,CUST04611,P005,Office Chair,Furniture,Kolkata,Online,Debit Card,1,10028.54,0.05,10028.54,9527.11,0,1872.35,2024,9,September,Wednesday,10028.54,9527.113000000001
2024-09-25,ORD023351,CUST04035,P012,Air Fryer,Home,Pune,Online,Debit Card,1,7556.05,0.1,7556.05,6800.45,0,1735.93,2024,9,September,Wednesday,7556.05,6800.445000000001
2024-09-25,ORD049318,CUST00189,P004,Smartwatch,Electronics,Hyderabad,Store,Credit Card,2,7614.73,0.1,15229.46,13706.51,0,1275.95,2024,9,September,Wednesday,15229.46,13706.514
2024-09-25,ORD028889,CUST01248,P009,T-Shirt,Fashion,Kolkata,Online,UPI,3,1200.49,0.1,3601.47,3241.32,0,363.57,2024,9,September,Wednesday,3601.4700000000003,3241.323
2024-09-25,ORD027201,CUST00129,P013,Monitor,Electronics,Mumbai,Online,Cash,2,19496.18,0.1,38992.36,35093.12,0,8176.46,2024,9,September,Wednesday,38992.36,35093.124
2024-09-25,ORD002683,CUST03918,P002,Smartphone,Electronics,Delhi,Store,Credit Card,2,26792.61,0.2,53585.22,42868.18,0,9506.04,2024,9,September,Wednesday,53585.22,42868.17600000001
2024-09-25,ORD015739,CUST04998,P005,Office Chair,Furniture,Ahmedabad,Online,UPI,1,9097.26,0.0,9097.26,9097.26,0,853.58,2024,9,September,Wednesday,9097.26,9097.26
2024-09-25,ORD040288,CUST01628,P008,Running Shoes,Fashion,Mumbai,Store,Net Banking,1,4225.33,0.05,4225.33,4014.06,0,669.87,2024,9,September,Wednesday,4225.33,4014.0634999999997
2024-09-25,ORD021541,CUST04828,P017,Jeans,Fashion,Ahmedabad,Store,UPI,2,2582.92,0.05,5165.84,4907.55,0,600.14,2024,9,September,Wednesday,5165.84,4907.548
2024-09-25,ORD041809,CUST00844,P020,Microwave,Home,Kolkata,Store,Credit Card,1,10285.93,0.05,10285.93,9771.63,0,2049.48,2024,9,September,Wednesday,10285.93,9771.6335
2024-09-25,ORD030791,CUST03728,P019,Vacuum Cleaner,Home,Chennai,Online,Credit Card,2,9322.04,0.15,18644.08,15847.47,0,4113.21,2024,9,September,Wednesday,18644.08,15847.468
2024-09-25,ORD027827,CUST00539,P003,Headphones,Electronics,Mumbai,Online,Cash,2,4213.96,0.1,8427.92,7585.13,0,1532.24,2024,9,September,Wednesday,8427.92,7585.128000000001
2024-09-25,ORD049219,CUST01716,P017,Jeans,Fashion,Mumbai,Online,Debit Card,2,2780.56,0.05,5561.12,5283.06,0,677.57,2024,9,September,Wednesday,5561.12,5283.063999999999
2024-09-25,ORD040250,CUST03333,P006,Desk,Furniture,Surat,Online,Debit Card,1,12564.25,0.2,12564.25,10051.4,0,1771.29,2024,9,September,Wednesday,12564.25,10051.400000000001
2024-09-25,ORD040432,CUST04833,P008,Running Shoes,Fashion,Delhi,Online,UPI,4,4247.36,0.1,16989.44,15290.5,1,-764.53,2024,9,September,Wednesday,16989.44,15290.496
2024-09-25,ORD016087,CUST01913,P008,Running Shoes,Fashion,Chennai,Store,Net Banking,1,4019.78,0.15,4019.78,3416.81,0,690.02,2024,9,September,Wednesday,4019.78,3416.813
2024-09-25,ORD035840,CUST03723,P005,Office Chair,Furniture,Chennai,Store,Credit Card,2,8608.83,0.05,17217.66,16356.78,0,3910.95,2024,9,September,Wednesday,17217.66,16356.776999999998
2024-09-25,ORD025318,CUST02144,P017,Jeans,Fashion,Jaipur,Store,Debit Card,4,2747.42,0.2,10989.68,8791.74,0,1740.04,2024,9,September,Wednesday,10989.68,8791.744
2024-09-25,ORD030072,CUST03071,P003,Headphones,Electronics,Pune,Online,UPI,1,4446.66,0.0,4446.66,4446.66,0,723.31,2024,9,September,Wednesday,4446.66,4446.66
2024-09-25,ORD019402,CUST00891,P017,Jeans,Fashion,Pune,Store,UPI,3,2751.88,0.1,8255.64,7430.08,0,1968.92,2024,9,September,Wednesday,8255.64,7430.076
2024-09-25,ORD043012,CUST00201,P006,Desk,Furniture,Jaipur,Online,UPI,4,11589.34,0.0,46357.36,46357.36,0,10291.97,2024,9,September,Wednesday,46357.36,46357.36
2024-09-25,ORD045512,CUST00134,P013,Monitor,Electronics,Mumbai,Online,Credit Card,1,18380.4,0.1,18380.4,16542.36,0,3230.16,2024,9,September,Wednesday,18380.4,16542.36
2024-09-25,ORD024461,CUST03969,P012,Air Fryer,Home,Pune,Online,Credit Card,1,7673.62,0.2,7673.62,6138.9,0,1479.79,2024,9,September,Wednesday,7673.62,6138.896000000001
2024-09-25,ORD018742,CUST03149,P007,Backpack,Accessories,Delhi,Online,Credit Card,3,2021.29,0.2,6063.87,4851.1,0,654.29,2024,9,September,Wednesday,6063.87,4851.0960000000005
2024-09-25,ORD022406,CUST03323,P006,Desk,Furniture,Mumbai,Online,UPI,1,11414.58,0.05,11414.58,10843.85,0,2072.58,2024,9,September,Wednesday,11414.58,10843.850999999999
2024-09-25,ORD016197,CUST03247,P019,Vacuum Cleaner,Home,Bengaluru,Online,Credit Card,1,8987.77,0.05,8987.77,8538.38,0,1865.6,2024,9,September,Wednesday,8987.77,8538.3815
2024-09-25,ORD030057,CUST00053,P006,Desk,Furniture,Surat,Online,UPI,1,12989.93,0.05,12989.93,12340.43,0,2086.37,2024,9,September,Wednesday,12989.93,12340.4335
2024-09-25,ORD024739,CUST02985,P011,Mixer Grinder,Home,Bengaluru,Online,UPI,1,4829.88,0.2,4829.88,3863.9,0,414.77,2024,9,September,Wednesday,4829.88,3863.9040000000005
2024-09-25,ORD023995,CUST01881,P002,Smartphone,Electronics,Chennai,Online,Credit Card,1,26072.26,0.15,26072.26,22161.42,0,3070.27,2024,9,September,Wednesday,26072.26,22161.421
2024-09-26,ORD031496,CUST03298,P013,Monitor,Electronics,Mumbai,Store,Credit Card,4,18868.05,0.25,75472.2,56604.15,0,7550.69,2024,9,September,Thursday,75472.2,56604.149999999994
2024-09-26,ORD035104,CUST04998,P003,Headphones,Electronics,Surat,Store,Debit Card,1,4896.27,0.1,4896.27,4406.64,0,1218.0,2024,9,September,Thursday,4896.27,4406.643000000001
2024-09-26,ORD048266,CUST03718,P009,T-Shirt,Fashion,Delhi,Store,Credit Card,1,1147.3,0.05,1147.3,1089.94,0,155.55,2024,9,September,Thursday,1147.3,1089.935
2024-09-26,ORD020375,CUST04033,P015,Dining Table,Furniture,Mumbai,Store,Credit Card,1,23539.81,0.05,23539.81,22362.82,0,2341.12,2024,9,September,Thursday,23539.81,22362.8195
2024-09-26,ORD035007,CUST01405,P005,Office Chair,Furniture,Jaipur,Store,UPI,1,9310.41,0.0,9310.41,9310.41,0,1428.75,2024,9,September,Thursday,9310.41,9310.41
2024-09-26,ORD034887,CUST02682,P007,Backpack,Accessories,Mumbai,Store,UPI,1,2166.02,0.1,2166.02,1949.42,0,349.54,2024,9,September,Thursday,2166.02,1949.4180000000001
2024-09-26,ORD011667,CUST04118,P010,Coffee Maker,Home,Jaipur,Online,Net Banking,2,5507.91,0.15,11015.82,9363.45,0,1353.97,2024,9,September,Thursday,11015.82,9363.447
2024-09-26,ORD046952,CUST03267,P012,Air Fryer,Home,Chennai,Store,Debit Card,1,7327.06,0.05,7327.06,6960.71,0,522.08,2024,9,September,Thursday,7327.06,6960.707
2024-09-26,ORD005346,CUST01744,P016,Sofa,Furniture,Bengaluru,Store,UPI,1,33225.52,0.0,33225.52,33225.52,0,5223.45,2024,9,September,Thursday,33225.52,33225.52
2024-09-26,ORD002000,CUST00605,P010,Coffee Maker,Home,Delhi,Online,Debit Card,1,5070.09,0.15,5070.09,4309.58,0,790.98,2024,9,September,Thursday,5070.09,4309.5765
2024-09-26,ORD022161,CUST04947,P001,Laptop,Electronics,Pune,Online,UPI,3,62878.76,0.1,188636.28,169772.65,0,29104.89,2024,9,September,Thursday,188636.28,169772.652
2024-09-26,ORD026820,CUST00328,P013,Monitor,Electronics,Mumbai,Online,UPI,5,17624.58,0.1,88122.9,79310.61,1,-3965.53,2024,9,September,Thursday,88122.90000000001,79310.61
2024-09-26,ORD021881,CUST03449,P018,Jacket,Fashion,Surat,Online,UPI,4,5665.27,0.1,22661.08,20394.97,0,4701.16,2024,9,September,Thursday,22661.08,20394.972
2024-09-26,ORD000480,CUST01204,P007,Backpack,Accessories,Hyderabad,Online,UPI,3,2335.64,0.1,7006.92,6306.23,0,842.85,2024,9,September,Thursday,7006.92,6306.228
2024-09-26,ORD013653,CUST01932,P017,Jeans,Fashion,Chennai,Store,Credit Card,2,3055.78,0.05,6111.56,5805.98,0,543.91,2024,9,September,Thursday,6111.56,5805.982
2024-09-26,ORD027701,CUST03655,P007,Backpack,Accessories,Pune,Online,Credit Card,1,2238.32,0.1,2238.32,2014.49,0,135.77,2024,9,September,Thursday,2238.32,2014.4880000000003
2024-09-26,ORD010093,CUST02800,P014,Keyboard,Electronics,Chennai,Store,Debit Card,1,2446.72,0.15,2446.72,2079.71,0,226.41,2024,9,September,Thursday,2446.72,2079.712
2024-09-26,ORD038181,CUST01180,P010,Coffee Maker,Home,Ahmedabad,Online,Debit Card,1,5013.77,0.15,5013.77,4261.7,0,343.4,2024,9,September,Thursday,5013.77,4261.7045
2024-09-26,ORD015740,CUST02937,P017,Jeans,Fashion,Chennai,Online,UPI,1,2805.09,0.25,2805.09,2103.82,0,300.87,2024,9,September,Thursday,2805.09,2103.8175
2024-09-26,ORD048307,CUST03790,P004,Smartwatch,Electronics,Bengaluru,Store,UPI,2,7663.41,0.05,15326.82,14560.48,0,1609.81,2024,9,September,Thursday,15326.82,14560.479
2024-09-26,ORD034352,CUST04511,P009,T-Shirt,Fashion,Kolkata,Online,Debit Card,2,1249.4,0.1,2498.8,2248.92,0,365.21,2024,9,September,Thursday,2498.8,2248.92
2024-09-26,ORD012320,CUST02878,P004,Smartwatch,Electronics,Bengaluru,Online,UPI,1,7443.64,0.0,7443.64,7443.64,0,1156.28,2024,9,September,Thursday,7443.64,7443.64
2024-09-26,ORD047236,CUST02116,P005,Office Chair,Furniture,Mumbai,Online,Credit Card,1,8652.71,0.1,8652.71,7787.44,0,1781.22,2024,9,September,Thursday,8652.71,7787.438999999999
2024-09-26,ORD018981,CUST03872,P003,Headphones,Electronics,Chennai,Online,UPI,2,4559.49,0.2,9118.98,7295.18,0,677.59,2024,9,September,Thursday,9118.98,7295.184
2024-09-26,ORD011935,CUST04690,P011,Mixer Grinder,Home,Surat,Online,Debit Card,1,5002.91,0.15,5002.91,4252.47,1,-212.62,2024,9,September,Thursday,5002.91,4252.4735
2024-09-26,ORD001168,CUST04043,P016,Sofa,Furniture,Hyderabad,Online,Credit Card,1,37816.42,0.25,37816.42,28362.32,0,3392.5,2024,9,September,Thursday,37816.42,28362.315
2024-09-26,ORD003949,CUST00047,P019,Vacuum Cleaner,Home,Pune,Online,Credit Card,5,9467.47,0.0,47337.35,47337.35,0,13044.84,2024,9,September,Thursday,47337.35,47337.35
2024-09-26,ORD045478,CUST01966,P017,Jeans,Fashion,Bengaluru,Store,Credit Card,1,2589.03,0.05,2589.03,2459.58,0,523.02,2024,9,September,Thursday,2589.03,2459.5785
2024-09-26,ORD029646,CUST03280,P018,Jacket,Fashion,Bengaluru,Online,Debit Card,1,5051.23,0.0,5051.23,5051.23,0,612.34,2024,9,September,Thursday,5051.23,5051.23
2024-09-26,ORD035420,CUST03072,P004,Smartwatch,Electronics,Kolkata,Online,UPI,1,6497.96,0.1,6497.96,5848.16,0,825.92,2024,9,September,Thursday,6497.96,5848.164
2024-09-26,ORD024156,CUST03975,P015,Dining Table,Furniture,Pune,Online,UPI,2,23568.18,0.15,47136.36,40065.91,0,2198.25,2024,9,September,Thursday,47136.36,40065.906
2024-09-26,ORD001048,CUST01437,P013,Monitor,Electronics,Mumbai,Online,UPI,1,17702.45,0.2,17702.45,14161.96,1,-708.1,2024,9,September,Thursday,17702.45,14161.960000000001
2024-09-26,ORD000356,CUST01631,P008,Running Shoes,Fashion,Hyderabad,Online,Credit Card,1,3927.41,0.25,3927.41,2945.56,0,463.78,2024,9,September,Thursday,3927.41,2945.5575
2024-09-26,ORD036874,CUST04176,P014,Keyboard,Electronics,Pune,Online,Debit Card,2,2408.02,0.05,4816.04,4575.24,0,720.37,2024,9,September,Thursday,4816.04,4575.237999999999
2024-09-26,ORD010123,CUST00771,P017,Jeans,Fashion,Jaipur,Store,Debit Card,1,2893.99,0.25,2893.99,2170.49,0,396.85,2024,9,September,Thursday,2893.99,2170.4925
2024-09-26,ORD024666,CUST03669,P019,Vacuum Cleaner,Home,Delhi,Store,Credit Card,1,8815.99,0.15,8815.99,7493.59,0,1654.13,2024,9,September,Thursday,8815.99,7493.5914999999995
2024-09-26,ORD033002,CUST03147,P011,Mixer Grinder,Home,Bengaluru,Store,UPI,2,4391.76,0.25,8783.52,6587.64,0,1121.66,2024,9,September,Thursday,8783.52,6587.64
2024-09-26,ORD043589,CUST03786,P007,Backpack,Accessories,Chennai,Online,UPI,1,2379.54,0.05,2379.54,2260.56,0,195.32,2024,9,September,Thursday,2379.54,2260.5629999999996
2024-09-26,ORD008987,CUST03880,P015,Dining Table,Furniture,Surat,Online,UPI,3,23146.94,0.15,69440.82,59024.7,0,7538.48,2024,9,September,Thursday,69440.81999999999,59024.69700000001
2024-09-26,ORD049212,CUST04407,P005,Office Chair,Furniture,Delhi,Store,UPI,1,9088.26,0.1,9088.26,8179.43,0,616.27,2024,9,September,Thursday,9088.26,8179.434
2024-09-26,ORD037824,CUST03242,P006,Desk,Furniture,Surat,Online,Cash,1,11178.05,0.1,11178.05,10060.24,1,-503.01,2024,9,September,Thursday,11178.05,10060.244999999999
2024-09-26,ORD034450,CUST01966,P017,Jeans,Fashion,Jaipur,Store,Debit Card,1,2540.45,0.05,2540.45,2413.43,0,409.98,2024,9,September,Thursday,2540.45,2413.4275
2024-09-26,ORD003067,CUST04535,P010,Coffee Maker,Home,Surat,Online,Cash,1,5762.1,0.05,5762.1,5474.0,0,760.08,2024,9,September,Thursday,5762.1,5473.995
2024-09-26,ORD027551,CUST01846,P014,Keyboard,Electronics,Mumbai,Online,UPI,2,2447.82,0.0,4895.64,4895.64,0,1312.0,2024,9,September,Thursday,4895.64,4895.64
2024-09-26,ORD027340,CUST02571,P002,Smartphone,Electronics,Ahmedabad,Store,UPI,1,30218.47,0.0,30218.47,30218.47,0,9047.56,2024,9,September,Thursday,30218.47,30218.47
2024-09-26,ORD003495,CUST00257,P004,Smartwatch,Electronics,Mumbai,Store,UPI,1,6589.56,0.1,6589.56,5930.6,0,1158.81,2024,9,September,Thursday,6589.56,5930.604
2024-09-26,ORD010489,CUST04886,P004,Smartwatch,Electronics,Ahmedabad,Store,Credit Card,2,7076.04,0.1,14152.08,12736.87,0,3316.37,2024,9,September,Thursday,14152.08,12736.872
2024-09-26,ORD004261,CUST04080,P005,Office Chair,Furniture,Delhi,Online,Net Banking,1,9488.82,0.1,9488.82,8539.94,0,1691.59,2024,9,September,Thursday,9488.82,8539.938
2024-09-26,ORD000680,CUST03622,P009,T-Shirt,Fashion,Ahmedabad,Online,Credit Card,1,1208.56,0.0,1208.56,1208.56,0,97.98,2024,9,September,Thursday,1208.56,1208.56
2024-09-26,ORD014038,CUST03690,P006,Desk,Furniture,Pune,Store,Net Banking,2,12979.61,0.25,25959.22,19469.42,0,1466.28,2024,9,September,Thursday,25959.22,19469.415
2024-09-26,ORD017989,CUST03252,P003,Headphones,Electronics,Kolkata,Online,Credit Card,4,4594.03,0.2,18376.12,14700.9,0,3800.78,2024,9,September,Thursday,18376.12,14700.896
2024-09-26,ORD038420,CUST02331,P017,Jeans,Fashion,Delhi,Store,Cash,1,2783.04,0.05,2783.04,2643.89,0,531.41,2024,9,September,Thursday,2783.04,2643.888
2024-09-26,ORD010310,CUST00038,P012,Air Fryer,Home,Jaipur,Store,UPI,1,7287.97,0.2,7287.97,5830.38,1,-291.52,2024,9,September,Thursday,7287.97,5830.376
2024-09-26,ORD049287,CUST00705,P006,Desk,Furniture,Bengaluru,Store,Debit Card,1,12297.97,0.25,12297.97,9223.48,0,2134.15,2024,9,September,Thursday,12297.97,9223.477499999999
2024-09-26,ORD013640,CUST01315,P003,Headphones,Electronics,Surat,Online,Credit Card,1,4553.09,0.05,4553.09,4325.44,0,1165.44,2024,9,September,Thursday,4553.09,4325.4355
2024-09-26,ORD025374,CUST02641,P008,Running Shoes,Fashion,Hyderabad,Store,Net Banking,1,4398.57,0.05,4398.57,4178.64,0,918.42,2024,9,September,Thursday,4398.57,4178.6415
2024-09-26,ORD043415,CUST04772,P015,Dining Table,Furniture,Ahmedabad,Store,Credit Card,1,22190.46,0.0,22190.46,22190.46,0,2401.87,2024,9,September,Thursday,22190.46,22190.46
2024-09-26,ORD019278,CUST04555,P011,Mixer Grinder,Home,Surat,Store,UPI,1,4782.04,0.1,4782.04,4303.84,0,811.44,2024,9,September,Thursday,4782.04,4303.836
2024-09-26,ORD044054,CUST02742,P011,Mixer Grinder,Home,Chennai,Online,Net Banking,2,4883.38,0.0,9766.76,9766.76,0,1853.59,2024,9,September,Thursday,9766.76,9766.76
2024-09-26,ORD032794,CUST02102,P011,Mixer Grinder,Home,Delhi,Online,Debit Card,2,4383.4,0.05,8766.8,8328.46,0,2012.03,2024,9,September,Thursday,8766.8,8328.46
2024-09-26,ORD024489,CUST00901,P006,Desk,Furniture,Bengaluru,Online,Credit Card,2,12887.18,0.15,25774.36,21908.21,0,3016.6,2024,9,September,Thursday,25774.36,21908.206
2024-09-26,ORD015100,CUST04120,P007,Backpack,Accessories,Hyderabad,Online,Debit Card,1,2306.44,0.15,2306.44,1960.47,0,109.03,2024,9,September,Thursday,2306.44,1960.474
2024-09-26,ORD021388,CUST02652,P013,Monitor,Electronics,Jaipur,Online,Credit Card,1,17437.62,0.1,17437.62,15693.86,0,3078.05,2024,9,September,Thursday,17437.62,15693.858
2024-09-26,ORD046753,CUST00512,P010,Coffee Maker,Home,Pune,Online,Credit Card,1,5936.58,0.05,5936.58,5639.75,0,978.46,2024,9,September,Thursday,5936.58,5639.750999999999
2024-09-26,ORD008005,CUST04985,P010,Coffee Maker,Home,Hyderabad,Online,Debit Card,1,5367.78,0.15,5367.78,4562.61,0,367.1,2024,9,September,Thursday,5367.78,4562.612999999999
2024-09-26,ORD000630,CUST00665,P008,Running Shoes,Fashion,Chennai,Store,Debit Card,1,4337.77,0.15,4337.77,3687.1,0,943.22,2024,9,September,Thursday,4337.77,3687.1045000000004
2024-09-26,ORD036737,CUST00642,P002,Smartphone,Electronics,Hyderabad,Online,Credit Card,1,26878.29,0.1,26878.29,24190.46,0,4154.51,2024,9,September,Thursday,26878.29,24190.461000000003
2024-09-26,ORD016851,CUST02094,P011,Mixer Grinder,Home,Hyderabad,Store,UPI,1,4604.62,0.1,4604.62,4144.16,0,391.86,2024,9,September,Thursday,4604.62,4144.158
2024-09-26,ORD048998,CUST01980,P011,Mixer Grinder,Home,Surat,Store,UPI,1,4688.79,0.1,4688.79,4219.91,0,620.46,2024,9,September,Thursday,4688.79,4219.911
2024-09-26,ORD018183,CUST04856,P012,Air Fryer,Home,Ahmedabad,Store,UPI,1,7650.18,0.0,7650.18,7650.18,0,2057.52,2024,9,September,Thursday,7650.18,7650.18
2024-09-26,ORD005511,CUST02949,P015,Dining Table,Furniture,Jaipur,Online,UPI,2,21543.03,0.15,43086.06,36623.15,0,4941.45,2024,9,September,Thursday,43086.06,36623.151
2024-09-26,ORD044792,CUST00528,P004,Smartwatch,Electronics,Hyderabad,Store,Net Banking,1,7043.44,0.0,7043.44,7043.44,0,1165.31,2024,9,September,Thursday,7043.44,7043.44
2024-09-26,ORD011199,CUST00403,P014,Keyboard,Electronics,Hyderabad,Online,Credit Card,2,2628.1,0.1,5256.2,4730.58,0,1311.97,2024,9,September,Thursday,5256.2,4730.58
2024-09-26,ORD002808,CUST03370,P013,Monitor,Electronics,Mumbai,Online,UPI,1,17411.41,0.1,17411.41,15670.27,0,2455.84,2024,9,September,Thursday,17411.41,15670.269
2024-09-27,ORD007484,CUST00723,P007,Backpack,Accessories,Surat,Store,Credit Card,1,2253.99,0.25,2253.99,1690.49,0,71.18,2024,9,September,Friday,2253.99,1690.4924999999998
2024-09-27,ORD042436,CUST04921,P005,Office Chair,Furniture,Kolkata,Online,UPI,1,9126.84,0.25,9126.84,6845.13,0,520.11,2024,9,September,Friday,9126.84,6845.13
2024-09-27,ORD004534,CUST04066,P015,Dining Table,Furniture,Pune,Online,Credit Card,3,22049.94,0.1,66149.82,59534.84,1,-2976.74,2024,9,September,Friday,66149.81999999999,59534.83800000001
2024-09-27,ORD015250,CUST03819,P017,Jeans,Fashion,Chennai,Online,UPI,1,2985.29,0.2,2985.29,2388.23,0,545.77,2024,9,September,Friday,2985.29,2388.232
2024-09-27,ORD004502,CUST03108,P013,Monitor,Electronics,Hyderabad,Store,Credit Card,1,17323.69,0.15,17323.69,14725.14,0,1544.67,2024,9,September,Friday,17323.69,14725.136499999999
2024-09-27,ORD012343,CUST02808,P020,Microwave,Home,Jaipur,Online,Debit Card,1,11322.7,0.25,11322.7,8492.03,0,1170.03,2024,9,September,Friday,11322.7,8492.025000000001
2024-09-27,ORD037918,CUST03518,P004,Smartwatch,Electronics,Jaipur,Store,Debit Card,1,7168.85,0.1,7168.85,6451.96,0,979.8,2024,9,September,Friday,7168.85,6451.965
2024-09-27,ORD034974,CUST01114,P010,Coffee Maker,Home,Chennai,Online,Debit Card,2,4983.13,0.15,9966.26,8471.32,0,2054.93,2024,9,September,Friday,9966.26,8471.321
2024-09-27,ORD042439,CUST03025,P019,Vacuum Cleaner,Home,Surat,Store,Debit Card,1,9176.79,0.15,9176.79,7800.27,0,999.87,2024,9,September,Friday,9176.79,7800.271500000001
2024-09-27,ORD023803,CUST03857,P016,Sofa,Furniture,Pune,Online,Credit Card,2,37685.85,0.2,75371.7,60297.36,0,7299.44,2024,9,September,Friday,75371.7,60297.36
2024-09-27,ORD030722,CUST03579,P006,Desk,Furniture,Jaipur,Store,Credit Card,2,11574.67,0.15,23149.34,19676.94,0,1227.55,2024,9,September,Friday,23149.34,19676.939
2024-09-27,ORD001624,CUST03630,P008,Running Shoes,Fashion,Chennai,Online,UPI,1,3968.56,0.1,3968.56,3571.7,0,592.65,2024,9,September,Friday,3968.56,3571.704
2024-09-27,ORD017522,CUST00335,P009,T-Shirt,Fashion,Surat,Online,UPI,1,1263.45,0.15,1263.45,1073.93,1,-53.7,2024,9,September,Friday,1263.45,1073.9325000000001
2024-09-27,ORD024727,CUST03738,P007,Backpack,Accessories,Kolkata,Store,UPI,1,2017.3,0.0,2017.3,2017.3,0,577.53,2024,9,September,Friday,2017.3,2017.3
2024-09-27,ORD039533,CUST04737,P014,Keyboard,Electronics,Mumbai,Online,Net Banking,2,2440.43,0.1,4880.86,4392.77,0,1039.62,2024,9,September,Friday,4880.86,4392.773999999999
2024-09-27,ORD031168,CUST03316,P006,Desk,Furniture,Hyderabad,Online,Debit Card,3,13093.05,0.1,39279.15,35351.23,0,5270.24,2024,9,September,Friday,39279.149999999994,35351.235
2024-09-27,ORD000775,CUST03132,P019,Vacuum Cleaner,Home,Kolkata,Online,UPI,3,9743.02,0.0,29229.06,29229.06,0,6490.81,2024,9,September,Friday,29229.06,29229.06
2024-09-27,ORD037960,CUST01709,P004,Smartwatch,Electronics,Ahmedabad,Online,UPI,1,6668.17,0.25,6668.17,5001.13,0,702.51,2024,9,September,Friday,6668.17,5001.1275000000005
2024-09-27,ORD032171,CUST00623,P013,Monitor,Electronics,Chennai,Store,Credit Card,3,18413.87,0.0,55241.61,55241.61,0,16127.26,2024,9,September,Friday,55241.61,55241.61
2024-09-27,ORD013553,CUST01805,P016,Sofa,Furniture,Hyderabad,Store,Debit Card,1,32383.96,0.2,32383.96,25907.17,0,5351.7,2024,9,September,Friday,32383.96,25907.168
2024-09-27,ORD031831,CUST02568,P018,Jacket,Fashion,Bengaluru,Online,UPI,1,5574.04,0.1,5574.04,5016.64,0,686.32,2024,9,September,Friday,5574.04,5016.636
2024-09-27,ORD003446,CUST04028,P013,Monitor,Electronics,Ahmedabad,Store,Debit Card,1,16712.27,0.0,16712.27,16712.27,0,4316.34,2024,9,September,Friday,16712.27,16712.27
2024-09-27,ORD039805,CUST01836,P017,Jeans,Fashion,Hyderabad,Online,Credit Card,3,2943.04,0.1,8829.12,7946.21,0,2061.83,2024,9,September,Friday,8829.119999999999,7946.2080000000005
2024-09-27,ORD007327,CUST01153,P010,Coffee Maker,Home,Surat,Store,Cash,2,5825.43,0.1,11650.86,10485.77,0,2340.91,2024,9,September,Friday,11650.86,10485.774000000001
2024-09-27,ORD031824,CUST01895,P008,Running Shoes,Fashion,Mumbai,Store,UPI,1,4499.83,0.15,4499.83,3824.86,0,389.11,2024,9,September,Friday,4499.83,3824.8554999999997
2024-09-27,ORD018571,CUST00946,P007,Backpack,Accessories,Jaipur,Online,Credit Card,1,2018.3,0.0,2018.3,2018.3,0,589.49,2024,9,September,Friday,2018.3,2018.3
2024-09-27,ORD019322,CUST01957,P015,Dining Table,Furniture,Pune,Store,Credit Card,3,23658.16,0.15,70974.48,60328.31,0,12504.2,2024,9,September,Friday,70974.48,60328.308
2024-09-27,ORD026426,CUST00609,P002,Smartphone,Electronics,Kolkata,Store,UPI,2,28382.46,0.15,56764.92,48250.18,0,12740.69,2024,9,September,Friday,56764.92,48250.182
2024-09-27,ORD049503,CUST03681,P001,Laptop,Electronics,Jaipur,Online,Cash,1,69631.66,0.05,69631.66,66150.08,0,13606.06,2024,9,September,Friday,69631.66,66150.077
2024-09-27,ORD002545,CUST01412,P003,Headphones,Electronics,Pune,Online,Credit Card,3,4812.15,0.05,14436.45,13714.63,0,2830.03,2024,9,September,Friday,14436.449999999999,13714.6275
2024-09-27,ORD013993,CUST00110,P017,Jeans,Fashion,Chennai,Online,Debit Card,2,2883.53,0.1,5767.06,5190.35,0,791.25,2024,9,September,Friday,5767.06,5190.354
2024-09-27,ORD026741,CUST04450,P013,Monitor,Electronics,Pune,Online,Credit Card,2,17391.57,0.15,34783.14,29565.67,0,7036.15,2024,9,September,Friday,34783.14,29565.668999999998
2024-09-27,ORD004872,CUST02231,P003,Headphones,Electronics,Pune,Store,Credit Card,2,4194.67,0.1,8389.34,7550.41,0,458.37,2024,9,September,Friday,8389.34,7550.406
2024-09-27,ORD047271,CUST01648,P008,Running Shoes,Fashion,Kolkata,Online,Credit Card,2,4509.46,0.1,9018.92,8117.03,0,850.57,2024,9,September,Friday,9018.92,8117.028
2024-09-27,ORD049488,CUST01466,P016,Sofa,Furniture,Pune,Online,UPI,2,36612.48,0.15,73224.96,62241.22,0,10943.52,2024,9,September,Friday,73224.96,62241.216
2024-09-27,ORD049408,CUST04096,P018,Jacket,Fashion,Delhi,Online,Credit Card,1,5472.08,0.15,5472.08,4651.27,0,262.71,2024,9,September,Friday,5472.08,4651.268
2024-09-27,ORD022586,CUST04068,P001,Laptop,Electronics,Pune,Online,UPI,2,61252.19,0.1,122504.38,110253.94,0,10992.61,2024,9,September,Friday,122504.38,110253.94200000001
2024-09-27,ORD005177,CUST04226,P007,Backpack,Accessories,Kolkata,Store,UPI,1,2087.93,0.05,2087.93,1983.53,1,-99.18,2024,9,September,Friday,2087.93,1983.5334999999998
2024-09-27,ORD025647,CUST04269,P002,Smartphone,Electronics,Delhi,Online,Credit Card,5,30759.42,0.05,153797.1,146107.24,0,24297.73,2024,9,September,Friday,153797.09999999998,146107.245
2024-09-27,ORD025806,CUST01969,P015,Dining Table,Furniture,Jaipur,Store,Debit Card,1,21995.3,0.0,21995.3,21995.3,0,2273.23,2024,9,September,Friday,21995.3,21995.3
2024-09-27,ORD014061,CUST01059,P008,Running Shoes,Fashion,Chennai,Online,Credit Card,1,4565.12,0.15,4565.12,3880.35,0,792.1,2024,9,September,Friday,4565.12,3880.352
2024-09-27,ORD003221,CUST03052,P001,Laptop,Electronics,Kolkata,Online,Credit Card,1,59397.97,0.15,59397.97,50488.27,0,5599.91,2024,9,September,Friday,59397.97,50488.2745
2024-09-27,ORD047951,CUST03464,P005,Office Chair,Furniture,Ahmedabad,Online,Net Banking,1,9184.44,0.25,9184.44,6888.33,0,813.3,2024,9,September,Friday,9184.44,6888.33
2024-09-27,ORD043259,CUST01495,P013,Monitor,Electronics,Chennai,Online,Debit Card,2,16489.35,0.0,32978.7,32978.7,0,3240.04,2024,9,September,Friday,32978.7,32978.7
2024-09-27,ORD040977,CUST01409,P005,Office Chair,Furniture,Mumbai,Online,UPI,1,9816.15,0.1,9816.15,8834.54,0,1973.26,2024,9,September,Friday,9816.15,8834.535
2024-09-27,ORD014859,CUST03691,P001,Laptop,Electronics,Bengaluru,Store,Credit Card,1,64786.91,0.05,64786.91,61547.56,0,4864.24,2024,9,September,Friday,64786.91,61547.5645
2024-09-27,ORD037476,CUST04315,P015,Dining Table,Furniture,Delhi,Store,Credit Card,1,21277.2,0.1,21277.2,19149.48,0,5284.1,2024,9,September,Friday,21277.2,19149.48
2024-09-27,ORD019931,CUST03559,P004,Smartwatch,Electronics,Delhi,Online,Debit Card,3,7293.29,0.1,21879.87,19691.88,0,4619.65,2024,9,September,Friday,21879.87,19691.882999999998
2024-09-27,ORD011904,CUST00241,P017,Jeans,Fashion,Mumbai,Online,UPI,3,2934.32,0.05,8802.96,8362.81,0,1109.11,2024,9,September,Friday,8802.960000000001,8362.811999999998
2024-09-27,ORD016719,CUST00299,P008,Running Shoes,Fashion,Mumbai,Store,Net Banking,1,4026.85,0.0,4026.85,4026.85,0,952.48,2024,9,September,Friday,4026.85,4026.85
2024-09-27,ORD035277,CUST04235,P001,Laptop,Electronics,Mumbai,Store,Debit Card,1,65163.63,0.2,65163.63,52130.9,0,6048.62,2024,9,September,Friday,65163.63,52130.904
2024-09-27,ORD013768,CUST03604,P009,T-Shirt,Fashion,Pune,Online,Debit Card,2,1198.32,0.2,2396.64,1917.31,0,260.84,2024,9,September,Friday,2396.64,1917.312
2024-09-27,ORD010010,CUST01548,P012,Air Fryer,Home,Kolkata,Online,UPI,1,7149.55,0.05,7149.55,6792.07,0,1494.18,2024,9,September,Friday,7149.55,6792.0725
2024-09-27,ORD045585,CUST01144,P014,Keyboard,Electronics,Jaipur,Store,UPI,1,2748.61,0.1,2748.61,2473.75,0,576.38,2024,9,September,Friday,2748.61,2473.7490000000003
2024-09-27,ORD035743,CUST04495,P013,Monitor,Electronics,Bengaluru,Online,Credit Card,1,16780.5,0.05,16780.5,15941.47,0,3263.49,2024,9,September,Friday,16780.5,15941.474999999999
2024-09-27,ORD036648,CUST00085,P010,Coffee Maker,Home,Ahmedabad,Online,UPI,1,5071.46,0.05,5071.46,4817.89,0,520.13,2024,9,September,Friday,5071.46,4817.887
2024-09-27,ORD045942,CUST02101,P002,Smartphone,Electronics,Chennai,Online,Credit Card,1,27352.81,0.0,27352.81,27352.81,0,3626.31,2024,9,September,Friday,27352.81,27352.81
2024-09-27,ORD036798,CUST00064,P016,Sofa,Furniture,Ahmedabad,Store,Credit Card,1,33750.31,0.0,33750.31,33750.31,0,8093.81,2024,9,September,Friday,33750.31,33750.31
2024-09-28,ORD022072,CUST02046,P008,Running Shoes,Fashion,Chennai,Store,UPI,1,4137.72,0.05,4137.72,3930.83,0,769.85,2024,9,September,Saturday,4137.72,3930.834
2024-09-28,ORD016630,CUST04249,P012,Air Fryer,Home,Delhi,Store,Credit Card,1,7260.32,0.1,7260.32,6534.29,0,785.43,2024,9,September,Saturday,7260.32,6534.288
2024-09-28,ORD001642,CUST00055,P010,Coffee Maker,Home,Kolkata,Store,Cash,2,5897.15,0.1,11794.3,10614.87,0,1047.07,2024,9,September,Saturday,11794.3,10614.869999999999
2024-09-28,ORD027924,CUST03752,P002,Smartphone,Electronics,Pune,Store,Debit Card,1,28746.47,0.1,28746.47,25871.82,0,5696.02,2024,9,September,Saturday,28746.47,25871.823
2024-09-28,ORD023758,CUST01719,P010,Coffee Maker,Home,Ahmedabad,Store,UPI,1,6044.49,0.1,6044.49,5440.04,0,959.99,2024,9,September,Saturday,6044.49,5440.041
2024-09-28,ORD039114,CUST01798,P013,Monitor,Electronics,Bengaluru,Store,UPI,2,18760.73,0.0,37521.46,37521.46,0,5069.42,2024,9,September,Saturday,37521.46,37521.46
2024-09-28,ORD001960,CUST03896,P010,Coffee Maker,Home,Bengaluru,Store,Credit Card,2,5341.21,0.0,10682.42,10682.42,0,1467.11,2024,9,September,Saturday,10682.42,10682.42
2024-09-28,ORD049478,CUST02569,P010,Coffee Maker,Home,Delhi,Online,UPI,2,5164.55,0.0,10329.1,10329.1,0,2131.75,2024,9,September,Saturday,10329.1,10329.1
2024-09-28,ORD025290,CUST04547,P017,Jeans,Fashion,Mumbai,Store,Credit Card,1,2786.04,0.1,2786.04,2507.44,0,392.91,2024,9,September,Saturday,2786.04,2507.436
2024-09-28,ORD004819,CUST03637,P016,Sofa,Furniture,Surat,Online,Credit Card,1,35236.15,0.05,35236.15,33474.34,0,6610.75,2024,9,September,Saturday,35236.15,33474.3425
2024-09-28,ORD007943,CUST00676,P018,Jacket,Fashion,Mumbai,Online,UPI,3,5715.94,0.0,17147.82,17147.82,0,3410.73,2024,9,September,Saturday,17147.82,17147.82
2024-09-28,ORD042410,CUST02080,P016,Sofa,Furniture,Surat,Store,Credit Card,2,32680.12,0.0,65360.24,65360.24,0,11200.88,2024,9,September,Saturday,65360.24,65360.24
2024-09-28,ORD016190,CUST00942,P011,Mixer Grinder,Home,Bengaluru,Store,Credit Card,1,4441.24,0.1,4441.24,3997.12,0,341.26,2024,9,September,Saturday,4441.24,3997.116
2024-09-28,ORD016580,CUST01620,P014,Keyboard,Electronics,Surat,Online,Debit Card,2,2276.2,0.15,4552.4,3869.54,0,535.04,2024,9,September,Saturday,4552.4,3869.5399999999995
2024-09-28,ORD032813,CUST03465,P014,Keyboard,Electronics,Kolkata,Online,Debit Card,1,2449.39,0.05,2449.39,2326.92,0,314.12,2024,9,September,Saturday,2449.39,2326.9204999999997
2024-09-28,ORD018236,CUST00245,P016,Sofa,Furniture,Chennai,Online,Credit Card,3,35522.87,0.0,106568.61,106568.61,1,-5328.43,2024,9,September,Saturday,106568.61000000002,106568.61
2024-09-28,ORD002621,CUST00331,P020,Microwave,Home,Bengaluru,Store,Debit Card,2,9951.35,0.1,19902.7,17912.43,0,3746.2,2024,9,September,Saturday,19902.7,17912.43
2024-09-28,ORD017350,CUST04931,P012,Air Fryer,Home,Hyderabad,Online,Credit Card,1,7174.81,0.2,7174.81,5739.85,0,1480.96,2024,9,September,Saturday,7174.81,5739.848000000001
2024-09-28,ORD023161,CUST04114,P019,Vacuum Cleaner,Home,Jaipur,Store,Credit Card,1,9478.26,0.1,9478.26,8530.43,0,1229.71,2024,9,September,Saturday,9478.26,8530.434000000001
2024-09-28,ORD017182,CUST00830,P018,Jacket,Fashion,Bengaluru,Online,Credit Card,1,5415.57,0.2,5415.57,4332.46,0,833.26,2024,9,September,Saturday,5415.57,4332.456
2024-09-28,ORD008282,CUST02102,P005,Office Chair,Furniture,Chennai,Online,Net Banking,1,9058.65,0.0,9058.65,9058.65,0,1128.62,2024,9,September,Saturday,9058.65,9058.65
2024-09-28,ORD012124,CUST01568,P012,Air Fryer,Home,Surat,Online,Credit Card,1,6581.55,0.1,6581.55,5923.4,0,603.33,2024,9,September,Saturday,6581.55,5923.395
2024-09-28,ORD028633,CUST01665,P010,Coffee Maker,Home,Mumbai,Online,UPI,2,5164.85,0.15,10329.7,8780.25,0,720.49,2024,9,September,Saturday,10329.7,8780.245
2024-09-28,ORD017838,CUST03480,P018,Jacket,Fashion,Surat,Online,Credit Card,1,5539.55,0.1,5539.55,4985.6,0,471.85,2024,9,September,Saturday,5539.55,4985.595
2024-09-28,ORD003927,CUST01895,P011,Mixer Grinder,Home,Pune,Online,Credit Card,3,4981.45,0.1,14944.35,13449.92,0,3723.03,2024,9,September,Saturday,14944.349999999999,13449.915
2024-09-28,ORD005473,CUST01378,P018,Jacket,Fashion,Surat,Store,Credit Card,1,5230.68,0.2,5230.68,4184.54,0,762.59,2024,9,September,Saturday,5230.68,4184.544000000001
2024-09-28,ORD003096,CUST01124,P014,Keyboard,Electronics,Bengaluru,Online,Credit Card,1,2741.33,0.0,2741.33,2741.33,0,226.56,2024,9,September,Saturday,2741.33,2741.33
2024-09-28,ORD043752,CUST04631,P017,Jeans,Fashion,Delhi,Online,Credit Card,2,2630.79,0.05,5261.58,4998.5,0,1079.25,2024,9,September,Saturday,5261.58,4998.500999999999
2024-09-28,ORD037115,CUST03708,P005,Office Chair,Furniture,Jaipur,Store,UPI,1,8899.39,0.2,8899.39,7119.51,0,320.49,2024,9,September,Saturday,8899.39,7119.512
2024-09-28,ORD025201,CUST00208,P008,Running Shoes,Fashion,Ahmedabad,Online,UPI,1,3911.12,0.0,3911.12,3911.12,0,1020.19,2024,9,September,Saturday,3911.12,3911.12
2024-09-28,ORD017035,CUST03506,P015,Dining Table,Furniture,Ahmedabad,Online,Debit Card,5,22826.43,0.25,114132.15,85599.11,1,-4279.96,2024,9,September,Saturday,114132.15,85599.11249999999
2024-09-28,ORD008354,CUST01011,P005,Office Chair,Furniture,Pune,Store,UPI,2,9830.43,0.1,19660.86,17694.77,0,3429.67,2024,9,September,Saturday,19660.86,17694.774
2024-09-28,ORD047041,CUST03394,P018,Jacket,Fashion,Chennai,Online,Net Banking,3,4923.63,0.0,14770.89,14770.89,0,3353.65,2024,9,September,Saturday,14770.89,14770.89
2024-09-28,ORD049046,CUST04327,P006,Desk,Furniture,Mumbai,Store,Debit Card,1,11731.77,0.1,11731.77,10558.59,0,951.22,2024,9,September,Saturday,11731.77,10558.593
2024-09-28,ORD011804,CUST04802,P020,Microwave,Home,Chennai,Store,UPI,4,10983.7,0.15,43934.8,37344.58,0,9068.24,2024,9,September,Saturday,43934.8,37344.58
2024-09-28,ORD044667,CUST03642,P008,Running Shoes,Fashion,Ahmedabad,Online,Credit Card,1,3952.09,0.1,3952.09,3556.88,0,259.95,2024,9,September,Saturday,3952.09,3556.8810000000003
2024-09-28,ORD048469,CUST02584,P010,Coffee Maker,Home,Jaipur,Store,UPI,1,5141.96,0.1,5141.96,4627.76,0,926.93,2024,9,September,Saturday,5141.96,4627.764
2024-09-28,ORD004766,CUST02491,P012,Air Fryer,Home,Ahmedabad,Store,UPI,1,7222.91,0.1,7222.91,6500.62,0,1213.96,2024,9,September,Saturday,7222.91,6500.619
2024-09-28,ORD011147,CUST02230,P010,Coffee Maker,Home,Surat,Online,Credit Card,1,5363.46,0.1,5363.46,4827.11,0,1192.42,2024,9,September,Saturday,5363.46,4827.1140000000005
2024-09-28,ORD038969,CUST01905,P003,Headphones,Electronics,Surat,Online,Debit Card,5,4062.25,0.0,20311.25,20311.25,0,2576.76,2024,9,September,Saturday,20311.25,20311.25
2024-09-28,ORD025324,CUST00369,P018,Jacket,Fashion,Pune,Online,UPI,1,5556.42,0.1,5556.42,5000.78,0,586.53,2024,9,September,Saturday,5556.42,5000.778
2024-09-28,ORD021016,CUST02844,P019,Vacuum Cleaner,Home,Bengaluru,Store,Credit Card,1,9120.9,0.15,9120.9,7752.76,0,1087.94,2024,9,September,Saturday,9120.9,7752.764999999999
2024-09-28,ORD017408,CUST03295,P009,T-Shirt,Fashion,Kolkata,Online,UPI,1,1176.47,0.15,1176.47,1000.0,0,77.8,2024,9,September,Saturday,1176.47,999.9995
2024-09-28,ORD024298,CUST03170,P011,Mixer Grinder,Home,Jaipur,Online,Credit Card,2,5006.0,0.05,10012.0,9511.4,0,1129.53,2024,9,September,Saturday,10012.0,9511.4
2024-09-28,ORD014021,CUST01347,P016,Sofa,Furniture,Pune,Store,Debit Card,5,37903.15,0.1,189515.75,170564.18,0,33468.58,2024,9,September,Saturday,189515.75,170564.17500000002
2024-09-28,ORD010285,CUST03987,P001,Laptop,Electronics,Kolkata,Online,UPI,1,71395.35,0.1,71395.35,64255.82,0,10222.84,2024,9,September,Saturday,71395.35,64255.81500000001
2024-09-28,ORD002020,CUST02884,P010,Coffee Maker,Home,Hyderabad,Online,UPI,2,5816.2,0.05,11632.4,11050.78,0,1057.87,2024,9,September,Saturday,11632.4,11050.779999999999
2024-09-28,ORD048605,CUST04701,P013,Monitor,Electronics,Surat,Online,Net Banking,1,19693.76,0.15,19693.76,16739.7,0,1178.88,2024,9,September,Saturday,19693.76,16739.696
2024-09-28,ORD004126,CUST04049,P003,Headphones,Electronics,Hyderabad,Store,Net Banking,1,4169.32,0.15,4169.32,3543.92,0,870.09,2024,9,September,Saturday,4169.32,3543.9219999999996
2024-09-28,ORD002205,CUST00223,P010,Coffee Maker,Home,Chennai,Online,UPI,1,5962.68,0.15,5962.68,5068.28,0,1005.5,2024,9,September,Saturday,5962.68,5068.278
2024-09-28,ORD018603,CUST04717,P014,Keyboard,Electronics,Kolkata,Online,Debit Card,1,2699.69,0.15,2699.69,2294.74,0,142.93,2024,9,September,Saturday,2699.69,2294.7365
2024-09-28,ORD040158,CUST00533,P004,Smartwatch,Electronics,Delhi,Store,UPI,2,7594.26,0.0,15188.52,15188.52,0,4205.75,2024,9,September,Saturday,15188.52,15188.52
2024-09-28,ORD010612,CUST03775,P011,Mixer Grinder,Home,Ahmedabad,Store,Cash,1,4906.89,0.1,4906.89,4416.2,0,937.27,2024,9,September,Saturday,4906.89,4416.201
2024-09-28,ORD036795,CUST01134,P008,Running Shoes,Fashion,Mumbai,Online,Credit Card,2,4279.24,0.15,8558.48,7274.71,0,1488.42,2024,9,September,Saturday,8558.48,7274.708
2024-09-28,ORD026072,CUST01173,P014,Keyboard,Electronics,Hyderabad,Store,Debit Card,2,2447.83,0.25,4895.66,3671.74,0,231.5,2024,9,September,Saturday,4895.66,3671.745
2024-09-28,ORD014403,CUST04834,P002,Smartphone,Electronics,Delhi,Store,Debit Card,1,25715.17,0.25,25715.17,19286.38,0,2747.76,2024,9,September,Saturday,25715.17,19286.3775
2024-09-28,ORD018200,CUST00373,P013,Monitor,Electronics,Surat,Online,Credit Card,1,18023.55,0.0,18023.55,18023.55,0,2819.57,2024,9,September,Saturday,18023.55,18023.55
2024-09-28,ORD028376,CUST02848,P007,Backpack,Accessories,Pune,Online,UPI,2,2049.69,0.05,4099.38,3894.41,0,554.65,2024,9,September,Saturday,4099.38,3894.411
2024-09-28,ORD034563,CUST01683,P002,Smartphone,Electronics,Pune,Store,Credit Card,2,30768.57,0.05,61537.14,58460.28,0,8557.89,2024,9,September,Saturday,61537.14,58460.282999999996
2024-09-28,ORD036607,CUST03423,P005,Office Chair,Furniture,Mumbai,Online,Debit Card,1,10251.81,0.2,10251.81,8201.45,0,2073.16,2024,9,September,Saturday,10251.81,8201.448
2024-09-28,ORD049734,CUST02878,P017,Jeans,Fashion,Mumbai,Online,Credit Card,2,2937.74,0.15,5875.48,4994.16,0,663.62,2024,9,September,Saturday,5875.48,4994.157999999999
2024-09-29,ORD011817,CUST04597,P006,Desk,Furniture,Chennai,Online,Cash,1,13073.2,0.1,13073.2,11765.88,0,1467.55,2024,9,September,Sunday,13073.2,11765.880000000001
2024-09-29,ORD028572,CUST01130,P006,Desk,Furniture,Bengaluru,Online,Credit Card,1,11510.89,0.05,11510.89,10935.35,0,2971.07,2024,9,September,Sunday,11510.89,10935.3455
2024-09-29,ORD041296,CUST02720,P005,Office Chair,Furniture,Pune,Store,UPI,2,9972.32,0.15,19944.64,16952.94,0,3075.93,2024,9,September,Sunday,19944.64,16952.944
2024-09-29,ORD041238,CUST01613,P008,Running Shoes,Fashion,Mumbai,Store,Credit Card,1,4320.0,0.05,4320.0,4104.0,0,753.59,2024,9,September,Sunday,4320.0,4104.0
2024-09-29,ORD041282,CUST01995,P005,Office Chair,Furniture,Mumbai,Online,Net Banking,1,10107.56,0.0,10107.56,10107.56,0,1688.01,2024,9,September,Sunday,10107.56,10107.56
2024-09-29,ORD010934,CUST02839,P008,Running Shoes,Fashion,Kolkata,Online,Debit Card,2,4110.8,0.05,8221.6,7810.52,0,599.31,2024,9,September,Sunday,8221.6,7810.5199999999995
2024-09-29,ORD000604,CUST03492,P007,Backpack,Accessories,Surat,Online,Net Banking,1,2120.46,0.15,2120.46,1802.39,0,140.33,2024,9,September,Sunday,2120.46,1802.391
2024-09-29,ORD011595,CUST04133,P002,Smartphone,Electronics,Hyderabad,Online,UPI,2,30298.92,0.15,60597.84,51508.16,0,13905.0,2024,9,September,Sunday,60597.84,51508.164
2024-09-29,ORD010364,CUST00956,P016,Sofa,Furniture,Bengaluru,Store,UPI,2,33234.77,0.0,66469.54,66469.54,0,12710.74,2024,9,September,Sunday,66469.54,66469.54
2024-09-29,ORD034652,CUST03994,P008,Running Shoes,Fashion,Bengaluru,Online,Net Banking,1,4335.94,0.2,4335.94,3468.75,0,876.02,2024,9,September,Sunday,4335.94,3468.752
2024-09-29,ORD025882,CUST00538,P009,T-Shirt,Fashion,Chennai,Store,Credit Card,1,1269.82,0.0,1269.82,1269.82,0,181.19,2024,9,September,Sunday,1269.82,1269.82
2024-09-29,ORD042846,CUST03174,P009,T-Shirt,Fashion,Kolkata,Store,Credit Card,1,1177.28,0.0,1177.28,1177.28,0,261.1,2024,9,September,Sunday,1177.28,1177.28
2024-09-29,ORD019242,CUST03096,P013,Monitor,Electronics,Chennai,Store,Credit Card,2,18101.03,0.1,36202.06,32581.85,0,4528.81,2024,9,September,Sunday,36202.06,32581.854
2024-09-29,ORD039954,CUST02277,P020,Microwave,Home,Mumbai,Store,UPI,4,10064.51,0.1,40258.04,36232.24,0,10003.28,2024,9,September,Sunday,40258.04,36232.236000000004
2024-09-29,ORD003989,CUST03943,P001,Laptop,Electronics,Chennai,Online,Credit Card,1,60659.5,0.05,60659.5,57626.52,0,7055.23,2024,9,September,Sunday,60659.5,57626.524999999994
2024-09-29,ORD022555,CUST00753,P017,Jeans,Fashion,Delhi,Store,Credit Card,1,3014.15,0.1,3014.15,2712.74,0,262.43,2024,9,September,Sunday,3014.15,2712.735
2024-09-29,ORD016612,CUST02800,P008,Running Shoes,Fashion,Mumbai,Online,Debit Card,4,4005.16,0.15,16020.64,13617.54,0,854.51,2024,9,September,Sunday,16020.64,13617.544
2024-09-29,ORD036641,CUST04966,P011,Mixer Grinder,Home,Hyderabad,Online,UPI,1,4558.68,0.1,4558.68,4102.81,0,412.44,2024,9,September,Sunday,4558.68,4102.812000000001
2024-09-29,ORD022234,CUST00402,P012,Air Fryer,Home,Kolkata,Online,Debit Card,2,7237.04,0.1,14474.08,13026.67,0,1968.41,2024,9,September,Sunday,14474.08,13026.672
2024-09-29,ORD016368,CUST02057,P018,Jacket,Fashion,Chennai,Online,Net Banking,1,5640.97,0.15,5640.97,4794.82,0,733.64,2024,9,September,Sunday,5640.97,4794.8245
2024-09-29,ORD017357,CUST01299,P019,Vacuum Cleaner,Home,Chennai,Store,UPI,2,8710.08,0.05,17420.16,16549.15,0,2259.5,2024,9,September,Sunday,17420.16,16549.152
2024-09-29,ORD007932,CUST00713,P011,Mixer Grinder,Home,Pune,Store,UPI,4,5069.81,0.1,20279.24,18251.32,0,1180.64,2024,9,September,Sunday,20279.24,18251.316000000003
2024-09-29,ORD012421,CUST01711,P005,Office Chair,Furniture,Chennai,Online,UPI,1,10242.67,0.0,10242.67,10242.67,0,2919.56,2024,9,September,Sunday,10242.67,10242.67
2024-09-29,ORD010286,CUST01946,P006,Desk,Furniture,Kolkata,Store,Credit Card,1,12221.69,0.1,12221.69,10999.52,0,2852.67,2024,9,September,Sunday,12221.69,10999.521
2024-09-29,ORD003073,CUST03030,P006,Desk,Furniture,Jaipur,Store,UPI,1,12910.22,0.2,12910.22,10328.18,0,1749.88,2024,9,September,Sunday,12910.22,10328.176
2024-09-29,ORD006511,CUST01049,P015,Dining Table,Furniture,Delhi,Online,Credit Card,5,22268.68,0.05,111343.4,105776.23,0,27605.67,2024,9,September,Sunday,111343.4,105776.23
2024-09-29,ORD020634,CUST04044,P003,Headphones,Electronics,Chennai,Online,UPI,1,4529.93,0.05,4529.93,4303.43,0,1242.3,2024,9,September,Sunday,4529.93,4303.4335
2024-09-29,ORD012194,CUST04360,P002,Smartphone,Electronics,Mumbai,Online,Credit Card,2,29898.23,0.0,59796.46,59796.46,0,9434.0,2024,9,September,Sunday,59796.46,59796.46
2024-09-29,ORD002406,CUST00902,P007,Backpack,Accessories,Chennai,Store,Cash,1,1992.15,0.05,1992.15,1892.54,0,429.5,2024,9,September,Sunday,1992.15,1892.5425
2024-09-29,ORD030334,CUST03670,P006,Desk,Furniture,Mumbai,Online,Cash,1,11566.06,0.2,11566.06,9252.85,0,1238.94,2024,9,September,Sunday,11566.06,9252.848
2024-09-29,ORD009166,CUST02491,P017,Jeans,Fashion,Pune,Online,Net Banking,1,2958.39,0.25,2958.39,2218.79,0,112.0,2024,9,September,Sunday,2958.39,2218.7925
2024-09-29,ORD040707,CUST03142,P004,Smartwatch,Electronics,Jaipur,Store,UPI,1,6879.99,0.1,6879.99,6191.99,1,-309.6,2024,9,September,Sunday,6879.99,6191.991
2024-09-29,ORD034075,CUST02742,P015,Dining Table,Furniture,Kolkata,Online,Debit Card,3,21087.83,0.1,63263.49,56937.14,0,10377.93,2024,9,September,Sunday,63263.490000000005,56937.140999999996
2024-09-29,ORD000487,CUST04273,P014,Keyboard,Electronics,Kolkata,Online,Credit Card,5,2494.52,0.1,12472.6,11225.34,0,2919.72,2024,9,September,Sunday,12472.6,11225.34
2024-09-29,ORD015203,CUST01246,P011,Mixer Grinder,Home,Pune,Online,Credit Card,1,5108.91,0.0,5108.91,5108.91,0,784.54,2024,9,September,Sunday,5108.91,5108.91
2024-09-29,ORD023639,CUST02604,P019,Vacuum Cleaner,Home,Ahmedabad,Store,UPI,2,8841.59,0.0,17683.18,17683.18,0,4257.75,2024,9,September,Sunday,17683.18,17683.18
2024-09-29,ORD047733,CUST02860,P007,Backpack,Accessories,Kolkata,Online,Cash,1,2331.05,0.15,2331.05,1981.39,0,113.9,2024,9,September,Sunday,2331.05,1981.3925000000002
2024-09-29,ORD013658,CUST04314,P004,Smartwatch,Electronics,Surat,Store,Credit Card,1,6831.39,0.0,6831.39,6831.39,0,957.46,2024,9,September,Sunday,6831.39,6831.39
2024-09-29,ORD016870,CUST01611,P019,Vacuum Cleaner,Home,Bengaluru,Online,Credit Card,4,9695.87,0.05,38783.48,36844.31,0,8369.51,2024,9,September,Sunday,38783.48,36844.306000000004
2024-09-29,ORD046375,CUST02662,P002,Smartphone,Electronics,Hyderabad,Online,Cash,1,27673.84,0.1,27673.84,24906.46,0,6104.72,2024,9,September,Sunday,27673.84,24906.456000000002
2024-09-29,ORD000360,CUST03130,P010,Coffee Maker,Home,Kolkata,Store,UPI,2,5775.29,0.1,11550.58,10395.52,0,1671.92,2024,9,September,Sunday,11550.58,10395.522
2024-09-29,ORD034225,CUST02785,P005,Office Chair,Furniture,Mumbai,Online,UPI,1,10110.69,0.0,10110.69,10110.69,0,1136.07,2024,9,September,Sunday,10110.69,10110.69
2024-09-29,ORD039784,CUST00283,P006,Desk,Furniture,Jaipur,Store,UPI,1,11601.67,0.15,11601.67,9861.42,0,1372.7,2024,9,September,Sunday,11601.67,9861.4195
2024-09-29,ORD034779,CUST02144,P007,Backpack,Accessories,Kolkata,Online,UPI,1,2156.77,0.0,2156.77,2156.77,0,413.62,2024,9,September,Sunday,2156.77,2156.77
2024-09-29,ORD045379,CUST03384,P013,Monitor,Electronics,Bengaluru,Store,UPI,1,18302.96,0.05,18302.96,17387.81,0,3333.69,2024,9,September,Sunday,18302.96,17387.811999999998
2024-09-29,ORD027116,CUST03740,P017,Jeans,Fashion,Delhi,Store,UPI,1,3021.06,0.1,3021.06,2718.95,0,366.8,2024,9,September,Sunday,3021.06,2718.954
2024-09-29,ORD041453,CUST01329,P006,Desk,Furniture,Ahmedabad,Online,Credit Card,3,12339.55,0.0,37018.65,37018.65,0,6417.1,2024,9,September,Sunday,37018.649999999994,37018.65
2024-09-29,ORD034462,CUST03020,P006,Desk,Furniture,Mumbai,Store,Credit Card,2,11471.49,0.15,22942.98,19501.53,0,1809.34,2024,9,September,Sunday,22942.98,19501.533
2024-09-29,ORD006811,CUST04626,P008,Running Shoes,Fashion,Pune,Online,Debit Card,2,3974.16,0.2,7948.32,6358.66,0,1440.51,2024,9,September,Sunday,7948.32,6358.656
2024-09-29,ORD040410,CUST01673,P002,Smartphone,Electronics,Surat,Online,Credit Card,4,25528.64,0.1,102114.56,91903.1,0,16960.83,2024,9,September,Sunday,102114.56,91903.104
2024-09-29,ORD038993,CUST03359,P007,Backpack,Accessories,Ahmedabad,Online,Credit Card,1,2006.95,0.05,2006.95,1906.6,0,379.65,2024,9,September,Sunday,2006.95,1906.6025
2024-09-29,ORD024484,CUST01612,P004,Smartwatch,Electronics,Kolkata,Store,Net Banking,1,7054.2,0.1,7054.2,6348.78,1,-317.44,2024,9,September,Sunday,7054.2,6348.78
2024-09-29,ORD011927,CUST03982,P004,Smartwatch,Electronics,Delhi,Store,Credit Card,1,6857.12,0.1,6857.12,6171.41,0,1168.6,2024,9,September,Sunday,6857.12,6171.408
2024-09-29,ORD036198,CUST03452,P006,Desk,Furniture,Surat,Online,Debit Card,2,11093.36,0.05,22186.72,21077.38,0,4766.12,2024,9,September,Sunday,22186.72,21077.384000000002
2024-09-29,ORD018823,CUST01391,P008,Running Shoes,Fashion,Hyderabad,Store,Net Banking,1,3948.79,0.0,3948.79,3948.79,0,1153.37,2024,9,September,Sunday,3948.79,3948.79
2024-09-29,ORD042329,CUST04295,P011,Mixer Grinder,Home,Delhi,Store,Credit Card,1,4393.96,0.0,4393.96,4393.96,0,367.78,2024,9,September,Sunday,4393.96,4393.96
2024-09-29,ORD004421,CUST01430,P003,Headphones,Electronics,Bengaluru,Online,UPI,1,4427.9,0.0,4427.9,4427.9,0,1093.4,2024,9,September,Sunday,4427.9,4427.9
2024-09-29,ORD035719,CUST01686,P020,Microwave,Home,Kolkata,Online,Cash,1,10756.09,0.1,10756.09,9680.48,0,2200.34,2024,9,September,Sunday,10756.09,9680.481
2024-09-29,ORD013697,CUST00910,P008,Running Shoes,Fashion,Ahmedabad,Store,UPI,1,4387.69,0.15,4387.69,3729.54,0,422.44,2024,9,September,Sunday,4387.69,3729.5364999999997
2024-09-29,ORD024422,CUST00125,P002,Smartphone,Electronics,Bengaluru,Online,Cash,1,29251.23,0.15,29251.23,24863.55,0,4731.29,2024,9,September,Sunday,29251.23,24863.5455
2024-09-29,ORD035748,CUST03083,P011,Mixer Grinder,Home,Jaipur,Online,UPI,1,5124.0,0.05,5124.0,4867.8,0,1199.46,2024,9,September,Sunday,5124.0,4867.8
2024-09-29,ORD002538,CUST02223,P016,Sofa,Furniture,Surat,Online,Credit Card,1,35495.43,0.25,35495.43,26621.57,0,2392.85,2024,9,September,Sunday,35495.43,26621.572500000002
2024-09-29,ORD011304,CUST03545,P019,Vacuum Cleaner,Home,Hyderabad,Store,Debit Card,3,8656.6,0.1,25969.8,23372.82,0,5038.55,2024,9,September,Sunday,25969.800000000003,23372.82
2024-09-29,ORD049771,CUST02704,P012,Air Fryer,Home,Kolkata,Online,UPI,2,6901.36,0.05,13802.72,13112.58,0,2490.42,2024,9,September,Sunday,13802.72,13112.583999999999
2024-09-29,ORD021987,CUST00563,P002,Smartphone,Electronics,Hyderabad,Online,Credit Card,5,28942.89,0.25,144714.45,108535.84,0,6696.48,2024,9,September,Sunday,144714.45,108535.83750000001
2024-09-30,ORD042757,CUST01626,P018,Jacket,Fashion,Jaipur,Online,UPI,2,5648.13,0.2,11296.26,9037.01,0,1476.77,2024,9,September,Monday,11296.26,9037.008
2024-09-30,ORD005357,CUST03987,P006,Desk,Furniture,Pune,Online,Net Banking,2,12554.39,0.1,25108.78,22597.9,0,5903.58,2024,9,September,Monday,25108.78,22597.902
2024-09-30,ORD032371,CUST03988,P003,Headphones,Electronics,Pune,Store,Credit Card,1,4322.15,0.1,4322.15,3889.94,0,402.03,2024,9,September,Monday,4322.15,3889.935
2024-09-30,ORD029442,CUST01692,P010,Coffee Maker,Home,Chennai,Online,Debit Card,1,5846.72,0.1,5846.72,5262.05,0,809.08,2024,9,September,Monday,5846.72,5262.048000000001
2024-09-30,ORD038783,CUST04815,P010,Coffee Maker,Home,Hyderabad,Online,Debit Card,1,5610.85,0.1,5610.85,5049.77,0,1156.29,2024,9,September,Monday,5610.85,5049.765
2024-09-30,ORD042262,CUST01495,P005,Office Chair,Furniture,Surat,Store,Cash,1,9454.29,0.0,9454.29,9454.29,0,2520.36,2024,9,September,Monday,9454.29,9454.29
2024-09-30,ORD019329,CUST02469,P010,Coffee Maker,Home,Pune,Store,Credit Card,3,5852.18,0.05,17556.54,16678.71,0,4438.36,2024,9,September,Monday,17556.54,16678.713
2024-09-30,ORD033520,CUST01882,P002,Smartphone,Electronics,Mumbai,Online,UPI,2,27561.94,0.1,55123.88,49611.49,0,3512.64,2024,9,September,Monday,55123.88,49611.492
2024-09-30,ORD028372,CUST02156,P012,Air Fryer,Home,Jaipur,Online,Credit Card,3,7495.56,0.25,22486.68,16865.01,0,1365.91,2024,9,September,Monday,22486.68,16865.010000000002
2024-09-30,ORD001731,CUST04447,P020,Microwave,Home,Hyderabad,Online,Credit Card,2,11785.36,0.1,23570.72,21213.65,0,3193.99,2024,9,September,Monday,23570.72,21213.648
2024-09-30,ORD010561,CUST03042,P020,Microwave,Home,Bengaluru,Online,UPI,3,11545.75,0.0,34637.25,34637.25,0,3759.86,2024,9,September,Monday,34637.25,34637.25
2024-09-30,ORD039810,CUST01772,P011,Mixer Grinder,Home,Ahmedabad,Online,UPI,1,4438.23,0.2,4438.23,3550.58,0,290.8,2024,9,September,Monday,4438.23,3550.584
2024-09-30,ORD024785,CUST03371,P012,Air Fryer,Home,Jaipur,Online,Credit Card,4,7670.36,0.2,30681.44,24545.15,0,1987.05,2024,9,September,Monday,30681.44,24545.152000000002
2024-09-30,ORD014333,CUST03736,P020,Microwave,Home,Chennai,Store,Net Banking,1,11645.77,0.15,11645.77,9898.9,0,2468.23,2024,9,September,Monday,11645.77,9898.9045
2024-09-30,ORD049688,CUST02038,P008,Running Shoes,Fashion,Ahmedabad,Store,UPI,5,4118.82,0.05,20594.1,19564.39,0,2193.48,2024,9,September,Monday,20594.1,19564.394999999997
2024-09-30,ORD007040,CUST01287,P001,Laptop,Electronics,Pune,Store,Credit Card,3,62575.74,0.05,187727.22,178340.86,0,17093.05,2024,9,September,Monday,187727.22,178340.859
2024-09-30,ORD021339,CUST01129,P002,Smartphone,Electronics,Kolkata,Store,Debit Card,3,26591.81,0.2,79775.43,63820.34,0,6432.32,2024,9,September,Monday,79775.43000000001,63820.344
2024-09-30,ORD042040,CUST02437,P010,Coffee Maker,Home,Pune,Store,UPI,1,5929.89,0.15,5929.89,5040.41,0,1338.67,2024,9,September,Monday,5929.89,5040.4065
2024-09-30,ORD046293,CUST00253,P018,Jacket,Fashion,Hyderabad,Online,Credit Card,1,5427.46,0.1,5427.46,4884.71,0,846.7,2024,9,September,Monday,5427.46,4884.714
2024-09-30,ORD046146,CUST00372,P009,T-Shirt,Fashion,Surat,Online,UPI,1,1216.91,0.2,1216.91,973.53,0,117.53,2024,9,September,Monday,1216.91,973.5280000000001
2024-09-30,ORD045089,CUST03606,P007,Backpack,Accessories,Bengaluru,Store,UPI,2,2387.89,0.05,4775.78,4536.99,0,1268.35,2024,9,September,Monday,4775.78,4536.991
2024-09-30,ORD025907,CUST02300,P008,Running Shoes,Fashion,Kolkata,Online,Credit Card,1,4064.43,0.2,4064.43,3251.54,0,338.69,2024,9,September,Monday,4064.43,3251.544
2024-09-30,ORD025058,CUST00989,P003,Headphones,Electronics,Chennai,Online,Credit Card,4,4890.0,0.1,19560.0,17604.0,0,3057.57,2024,9,September,Monday,19560.0,17604.0
2024-09-30,ORD014848,CUST02444,P014,Keyboard,Electronics,Pune,Online,Debit Card,1,2563.12,0.1,2563.12,2306.81,0,304.94,2024,9,September,Monday,2563.12,2306.808
2024-09-30,ORD034470,CUST03837,P009,T-Shirt,Fashion,Chennai,Store,Credit Card,1,1311.02,0.25,1311.02,983.26,0,174.32,2024,9,September,Monday,1311.02,983.265
2024-09-30,ORD032223,CUST00384,P006,Desk,Furniture,Jaipur,Store,UPI,1,12367.49,0.1,12367.49,11130.74,0,708.99,2024,9,September,Monday,12367.49,11130.741
2024-09-30,ORD022178,CUST04043,P007,Backpack,Accessories,Pune,Online,Credit Card,1,2078.93,0.05,2078.93,1974.98,0,378.1,2024,9,September,Monday,2078.93,1974.9834999999998
2024-09-30,ORD031684,CUST03572,P014,Keyboard,Electronics,Delhi,Store,Credit Card,3,2567.04,0.15,7701.12,6545.95,0,713.58,2024,9,September,Monday,7701.12,6545.951999999999
2024-09-30,ORD004841,CUST01617,P020,Microwave,Home,Hyderabad,Online,Cash,1,11140.63,0.05,11140.63,10583.6,1,-529.18,2024,9,September,Monday,11140.63,10583.598499999998
2024-09-30,ORD027473,CUST03399,P007,Backpack,Accessories,Surat,Online,Credit Card,2,2141.72,0.05,4283.44,4069.27,0,858.59,2024,9,September,Monday,4283.44,4069.2679999999996
2024-09-30,ORD003922,CUST02592,P010,Coffee Maker,Home,Bengaluru,Online,Debit Card,3,5351.24,0.1,16053.72,14448.35,0,2758.65,2024,9,September,Monday,16053.72,14448.348
2024-09-30,ORD002183,CUST01675,P003,Headphones,Electronics,Chennai,Store,UPI,1,4626.37,0.0,4626.37,4626.37,0,888.02,2024,9,September,Monday,4626.37,4626.37
2024-09-30,ORD033768,CUST03879,P011,Mixer Grinder,Home,Jaipur,Online,Cash,1,5040.29,0.15,5040.29,4284.25,0,641.2,2024,9,September,Monday,5040.29,4284.2465
2024-09-30,ORD040958,CUST02751,P010,Coffee Maker,Home,Delhi,Online,UPI,1,5748.05,0.05,5748.05,5460.65,0,408.54,2024,9,September,Monday,5748.05,5460.6475
2024-09-30,ORD041614,CUST04964,P011,Mixer Grinder,Home,Hyderabad,Online,Cash,3,4412.3,0.1,13236.9,11913.21,0,1788.57,2024,9,September,Monday,13236.900000000001,11913.21
2024-09-30,ORD025622,CUST02032,P003,Headphones,Electronics,Jaipur,Online,UPI,3,4283.36,0.05,12850.08,12207.58,0,1866.74,2024,9,September,Monday,12850.079999999998,12207.576
2024-09-30,ORD020195,CUST01493,P019,Vacuum Cleaner,Home,Hyderabad,Store,Credit Card,2,8897.38,0.25,17794.76,13346.07,0,1768.8,2024,9,September,Monday,17794.76,13346.07
2024-09-30,ORD039881,CUST04215,P005,Office Chair,Furniture,Chennai,Online,UPI,3,9321.0,0.1,27963.0,25166.7,0,3825.25,2024,9,September,Monday,27963.0,25166.7
2024-09-30,ORD006583,CUST00601,P006,Desk,Furniture,Surat,Store,UPI,1,12676.44,0.1,12676.44,11408.8,0,3094.55,2024,9,September,Monday,12676.44,11408.796
2024-09-30,ORD020752,CUST04456,P011,Mixer Grinder,Home,Kolkata,Store,Debit Card,2,5238.52,0.25,10477.04,7857.78,0,1343.18,2024,9,September,Monday,10477.04,7857.780000000001
2024-09-30,ORD012924,CUST00945,P012,Air Fryer,Home,Jaipur,Online,UPI,2,6750.86,0.0,13501.72,13501.72,0,1742.97,2024,9,September,Monday,13501.72,13501.72
2024-09-30,ORD007977,CUST04661,P013,Monitor,Electronics,Chennai,Online,UPI,2,19140.46,0.15,38280.92,32538.78,0,3083.25,2024,9,September,Monday,38280.92,32538.782
2024-09-30,ORD011016,CUST00534,P006,Desk,Furniture,Delhi,Online,Net Banking,2,12126.68,0.15,24253.36,20615.36,0,4071.24,2024,9,September,Monday,24253.36,20615.356
2024-09-30,ORD013568,CUST03721,P015,Dining Table,Furniture,Delhi,Store,UPI,1,21186.85,0.1,21186.85,19068.16,0,3090.07,2024,9,September,Monday,21186.85,19068.165
2024-09-30,ORD021024,CUST04505,P007,Backpack,Accessories,Jaipur,Online,Debit Card,1,2002.13,0.2,2002.13,1601.7,0,145.12,2024,9,September,Monday,2002.13,1601.7040000000002
2024-09-30,ORD035151,CUST04603,P009,T-Shirt,Fashion,Chennai,Online,Credit Card,3,1258.77,0.05,3776.31,3587.49,0,501.65,2024,9,September,Monday,3776.31,3587.4945
2024-09-30,ORD005076,CUST03177,P009,T-Shirt,Fashion,Pune,Store,UPI,1,1237.08,0.1,1237.08,1113.37,1,-55.67,2024,9,September,Monday,1237.08,1113.372
2024-09-30,ORD024716,CUST03659,P015,Dining Table,Furniture,Chennai,Store,Credit Card,1,21243.26,0.1,21243.26,19118.93,0,3347.23,2024,9,September,Monday,21243.26,19118.933999999997
2024-09-30,ORD018448,CUST03373,P003,Headphones,Electronics,Mumbai,Online,UPI,1,4940.6,0.0,4940.6,4940.6,0,1314.38,2024,9,September,Monday,4940.6,4940.6
2024-09-30,ORD045189,CUST02476,P019,Vacuum Cleaner,Home,Kolkata,Online,Net Banking,1,9754.72,0.05,9754.72,9266.98,0,1104.49,2024,9,September,Monday,9754.72,9266.983999999999
2024-09-30,ORD040508,CUST02924,P001,Laptop,Electronics,Mumbai,Online,Cash,1,68872.85,0.05,68872.85,65429.21,0,14103.7,2024,9,September,Monday,68872.85,65429.207500000004
2024-09-30,ORD028107,CUST01078,P004,Smartwatch,Electronics,Jaipur,Online,UPI,1,6754.23,0.1,6754.23,6078.81,1,-303.94,2024,9,September,Monday,6754.23,6078.807
2024-09-30,ORD023667,CUST02523,P015,Dining Table,Furniture,Bengaluru,Store,Credit Card,4,22313.12,0.0,89252.48,89252.48,0,14810.41,2024,9,September,Monday,89252.48,89252.48
2024-09-30,ORD022562,CUST03238,P001,Laptop,Electronics,Mumbai,Online,UPI,2,59003.84,0.0,118007.68,118007.68,0,26854.73,2024,9,September,Monday,118007.68,118007.68
2024-09-30,ORD043769,CUST03782,P003,Headphones,Electronics,Ahmedabad,Store,Debit Card,1,4628.35,0.0,4628.35,4628.35,0,714.01,2024,9,September,Monday,4628.35,4628.35
2024-09-30,ORD012498,CUST02962,P010,Coffee Maker,Home,Chennai,Store,Debit Card,2,5362.06,0.05,10724.12,10187.91,1,-509.4,2024,9,September,Monday,10724.12,10187.914
2024-09-30,ORD021101,CUST02699,P004,Smartwatch,Electronics,Bengaluru,Store,UPI,1,7673.08,0.15,7673.08,6522.12,0,363.89,2024,9,September,Monday,7673.08,6522.1179999999995
2024-09-30,ORD023671,CUST00415,P004,Smartwatch,Electronics,Chennai,Online,Net Banking,1,7547.93,0.05,7547.93,7170.53,0,1774.6,2024,9,September,Monday,7547.93,7170.5335
2024-09-30,ORD043507,CUST04276,P007,Backpack,Accessories,Pune,Online,UPI,1,2368.33,0.2,2368.33,1894.66,0,236.7,2024,9,September,Monday,2368.33,1894.664
2024-09-30,ORD007647,CUST03303,P005,Office Chair,Furniture,Delhi,Online,Credit Card,4,9122.39,0.1,36489.56,32840.6,0,5584.69,2024,9,September,Monday,36489.56,32840.604
2024-09-30,ORD002944,CUST01979,P007,Backpack,Accessories,Hyderabad,Online,Credit Card,1,2079.36,0.0,2079.36,2079.36,0,197.29,2024,9,September,Monday,2079.36,2079.36
2024-09-30,ORD018850,CUST00128,P017,Jeans,Fashion,Surat,Online,Debit Card,1,2969.04,0.2,2969.04,2375.23,0,244.2,2024,9,September,Monday,2969.04,2375.232
2024-09-30,ORD030688,CUST00546,P007,Backpack,Accessories,Ahmedabad,Online,Cash,4,2179.12,0.0,8716.48,8716.48,0,2605.12,2024,9,September,Monday,8716.48,8716.48
2024-10-01,ORD023272,CUST03243,P010,Coffee Maker,Home,Pune,Online,UPI,1,5111.14,0.15,5111.14,4344.47,0,660.21,2024,10,October,Tuesday,5111.14,4344.469
2024-10-01,ORD013667,CUST03274,P014,Keyboard,Electronics,Mumbai,Store,Net Banking,1,2728.59,0.1,2728.59,2455.73,0,474.85,2024,10,October,Tuesday,2728.59,2455.731
2024-10-01,ORD030996,CUST01554,P001,Laptop,Electronics,Ahmedabad,Store,Debit Card,2,58851.72,0.0,117703.44,117703.44,0,17200.49,2024,10,October,Tuesday,117703.44,117703.44
2024-10-01,ORD008764,CUST04706,P005,Office Chair,Furniture,Bengaluru,Store,UPI,1,10434.03,0.2,10434.03,8347.22,0,2120.14,2024,10,October,Tuesday,10434.03,8347.224
2024-10-01,ORD029321,CUST03694,P004,Smartwatch,Electronics,Surat,Store,UPI,1,7508.09,0.05,7508.09,7132.69,0,1714.6,2024,10,October,Tuesday,7508.09,7132.6855
2024-10-01,ORD033353,CUST01834,P009,T-Shirt,Fashion,Kolkata,Store,Net Banking,1,1100.59,0.05,1100.59,1045.56,0,261.43,2024,10,October,Tuesday,1100.59,1045.5604999999998
2024-10-01,ORD040815,CUST01637,P020,Microwave,Home,Jaipur,Online,UPI,2,10785.12,0.1,21570.24,19413.22,0,2682.26,2024,10,October,Tuesday,21570.24,19413.216
2024-10-01,ORD008203,CUST00824,P016,Sofa,Furniture,Ahmedabad,Online,UPI,1,37482.97,0.1,37482.97,33734.67,0,7607.26,2024,10,October,Tuesday,37482.97,33734.673
2024-10-01,ORD008949,CUST00112,P015,Dining Table,Furniture,Mumbai,Online,Credit Card,2,22257.7,0.0,44515.4,44515.4,0,11142.76,2024,10,October,Tuesday,44515.4,44515.4
2024-10-01,ORD019236,CUST02947,P004,Smartwatch,Electronics,Ahmedabad,Online,Credit Card,3,6411.82,0.0,19235.46,19235.46,0,5597.09,2024,10,October,Tuesday,19235.46,19235.46
2024-10-01,ORD043223,CUST02123,P004,Smartwatch,Electronics,Ahmedabad,Online,UPI,2,7169.9,0.15,14339.8,12188.83,0,1281.93,2024,10,October,Tuesday,14339.8,12188.83
2024-10-01,ORD045928,CUST02031,P020,Microwave,Home,Chennai,Online,UPI,1,10610.77,0.2,10610.77,8488.62,0,380.74,2024,10,October,Tuesday,10610.77,8488.616
2024-10-01,ORD011056,CUST03860,P018,Jacket,Fashion,Surat,Store,Credit Card,1,5170.45,0.15,5170.45,4394.88,0,475.1,2024,10,October,Tuesday,5170.45,4394.8825
2024-10-01,ORD028691,CUST03698,P011,Mixer Grinder,Home,Surat,Store,UPI,2,4412.55,0.15,8825.1,7501.34,0,765.34,2024,10,October,Tuesday,8825.1,7501.335
2024-10-01,ORD019719,CUST02048,P012,Air Fryer,Home,Bengaluru,Online,UPI,1,7274.43,0.05,7274.43,6910.71,1,-345.54,2024,10,October,Tuesday,7274.43,6910.7085
2024-10-01,ORD015628,CUST00247,P007,Backpack,Accessories,Hyderabad,Online,UPI,1,2358.85,0.05,2358.85,2240.91,0,410.83,2024,10,October,Tuesday,2358.85,2240.9075
2024-10-01,ORD047098,CUST02020,P012,Air Fryer,Home,Chennai,Store,UPI,1,7341.86,0.25,7341.86,5506.4,0,742.45,2024,10,October,Tuesday,7341.86,5506.3949999999995
2024-10-01,ORD018027,CUST02322,P006,Desk,Furniture,Delhi,Store,Credit Card,1,11182.19,0.05,11182.19,10623.08,1,-531.15,2024,10,October,Tuesday,11182.19,10623.0805
2024-10-01,ORD002127,CUST03935,P007,Backpack,Accessories,Chennai,Online,Debit Card,2,2112.07,0.05,4224.14,4012.93,0,371.66,2024,10,October,Tuesday,4224.14,4012.933
2024-10-01,ORD021418,CUST00656,P009,T-Shirt,Fashion,Pune,Store,UPI,1,1302.45,0.1,1302.45,1172.21,0,209.68,2024,10,October,Tuesday,1302.45,1172.2050000000002
2024-10-01,ORD011123,CUST02675,P004,Smartwatch,Electronics,Surat,Online,UPI,2,6897.16,0.1,13794.32,12414.89,0,2053.8,2024,10,October,Tuesday,13794.32,12414.888
2024-10-01,ORD026597,CUST00132,P018,Jacket,Fashion,Chennai,Online,UPI,1,4817.91,0.25,4817.91,3613.43,0,702.53,2024,10,October,Tuesday,4817.91,3613.4325
2024-10-01,ORD043432,CUST01775,P017,Jeans,Fashion,Bengaluru,Online,Debit Card,1,2757.37,0.1,2757.37,2481.63,0,171.97,2024,10,October,Tuesday,2757.37,2481.633
2024-10-01,ORD031559,CUST03992,P013,Monitor,Electronics,Bengaluru,Online,Credit Card,2,16975.36,0.05,33950.72,32253.18,0,6053.22,2024,10,October,Tuesday,33950.72,32253.184
2024-10-01,ORD032062,CUST02365,P004,Smartwatch,Electronics,Surat,Online,Credit Card,2,7323.39,0.0,14646.78,14646.78,1,-732.34,2024,10,October,Tuesday,14646.78,14646.78
2024-10-01,ORD010468,CUST02695,P019,Vacuum Cleaner,Home,Surat,Online,Debit Card,1,9285.46,0.15,9285.46,7892.64,0,466.89,2024,10,October,Tuesday,9285.46,7892.640999999999
2024-10-01,ORD045667,CUST02179,P009,T-Shirt,Fashion,Jaipur,Online,Debit Card,1,1313.11,0.2,1313.11,1050.49,0,75.32,2024,10,October,Tuesday,1313.11,1050.488
2024-10-01,ORD007907,CUST04934,P018,Jacket,Fashion,Bengaluru,Store,Debit Card,3,4985.79,0.1,14957.37,13461.63,0,2299.64,2024,10,October,Tuesday,14957.369999999999,13461.633000000002
2024-10-01,ORD024265,CUST04551,P010,Coffee Maker,Home,Mumbai,Online,UPI,1,5669.78,0.05,5669.78,5386.29,0,1236.46,2024,10,October,Tuesday,5669.78,5386.290999999999
2024-10-01,ORD026584,CUST00256,P017,Jeans,Fashion,Jaipur,Online,Credit Card,2,2658.36,0.0,5316.72,5316.72,0,508.92,2024,10,October,Tuesday,5316.72,5316.72
2024-10-01,ORD002508,CUST03745,P011,Mixer Grinder,Home,Ahmedabad,Online,Net Banking,2,4717.5,0.0,9435.0,9435.0,0,1559.29,2024,10,October,Tuesday,9435.0,9435.0
2024-10-01,ORD007367,CUST00936,P018,Jacket,Fashion,Delhi,Online,Credit Card,1,4867.58,0.05,4867.58,4624.2,0,812.66,2024,10,October,Tuesday,4867.58,4624.201
2024-10-01,ORD049856,CUST00267,P009,T-Shirt,Fashion,Delhi,Online,Debit Card,2,1180.11,0.1,2360.22,2124.2,0,286.62,2024,10,October,Tuesday,2360.22,2124.198
2024-10-01,ORD006572,CUST01818,P005,Office Chair,Furniture,Ahmedabad,Online,Debit Card,1,8804.36,0.05,8804.36,8364.14,0,1731.08,2024,10,October,Tuesday,8804.36,8364.142
2024-10-01,ORD005876,CUST02173,P006,Desk,Furniture,Jaipur,Store,UPI,1,12310.59,0.15,12310.59,10464.0,1,-523.2,2024,10,October,Tuesday,12310.59,10464.0015
2024-10-01,ORD030950,CUST02134,P017,Jeans,Fashion,Mumbai,Online,UPI,5,2602.98,0.15,13014.9,11062.66,0,2502.2,2024,10,October,Tuesday,13014.9,11062.664999999999
2024-10-01,ORD019889,CUST02176,P007,Backpack,Accessories,Delhi,Online,UPI,2,2098.6,0.1,4197.2,3777.48,0,643.51,2024,10,October,Tuesday,4197.2,3777.48
2024-10-01,ORD036688,CUST02033,P005,Office Chair,Furniture,Bengaluru,Online,Credit Card,2,9131.88,0.05,18263.76,17350.57,0,1516.9,2024,10,October,Tuesday,18263.76,17350.571999999996
2024-10-01,ORD034859,CUST03030,P008,Running Shoes,Fashion,Surat,Online,UPI,2,4391.64,0.0,8783.28,8783.28,0,1075.77,2024,10,October,Tuesday,8783.28,8783.28
2024-10-01,ORD008992,CUST02218,P019,Vacuum Cleaner,Home,Jaipur,Store,Credit Card,2,9210.23,0.2,18420.46,14736.37,0,664.13,2024,10,October,Tuesday,18420.46,14736.368
2024-10-01,ORD029452,CUST04755,P017,Jeans,Fashion,Ahmedabad,Online,Net Banking,2,2895.64,0.0,5791.28,5791.28,1,-289.56,2024,10,October,Tuesday,5791.28,5791.28
2024-10-01,ORD044020,CUST04547,P001,Laptop,Electronics,Jaipur,Online,Cash,1,66734.36,0.0,66734.36,66734.36,0,8543.34,2024,10,October,Tuesday,66734.36,66734.36
2024-10-01,ORD006945,CUST00261,P008,Running Shoes,Fashion,Pune,Online,UPI,1,4237.54,0.05,4237.54,4025.66,0,889.6,2024,10,October,Tuesday,4237.54,4025.6629999999996
2024-10-01,ORD047485,CUST00163,P007,Backpack,Accessories,Bengaluru,Online,Credit Card,2,2116.03,0.05,4232.06,4020.46,0,539.12,2024,10,October,Tuesday,4232.06,4020.4570000000003
2024-10-01,ORD041894,CUST00671,P006,Desk,Furniture,Bengaluru,Store,Cash,3,12704.62,0.1,38113.86,34302.47,0,5873.26,2024,10,October,Tuesday,38113.86,34302.474
2024-10-01,ORD018933,CUST02909,P010,Coffee Maker,Home,Mumbai,Online,Net Banking,2,5144.66,0.0,10289.32,10289.32,0,2810.37,2024,10,October,Tuesday,10289.32,10289.32
2024-10-01,ORD012928,CUST00067,P017,Jeans,Fashion,Bengaluru,Store,Cash,3,2825.57,0.1,8476.71,7629.04,0,788.9,2024,10,October,Tuesday,8476.710000000001,7629.039
2024-10-01,ORD022740,CUST00078,P019,Vacuum Cleaner,Home,Delhi,Online,Credit Card,2,8243.13,0.2,16486.26,13189.01,0,2677.87,2024,10,October,Tuesday,16486.26,13189.008
2024-10-01,ORD047695,CUST02004,P009,T-Shirt,Fashion,Chennai,Online,UPI,2,1281.71,0.1,2563.42,2307.08,0,458.16,2024,10,October,Tuesday,2563.42,2307.078
2024-10-01,ORD012375,CUST04919,P019,Vacuum Cleaner,Home,Ahmedabad,Online,Credit Card,1,9654.4,0.1,9654.4,8688.96,0,2432.22,2024,10,October,Tuesday,9654.4,8688.96
2024-10-01,ORD011295,CUST02141,P012,Air Fryer,Home,Pune,Online,UPI,1,6680.96,0.1,6680.96,6012.86,0,1561.56,2024,10,October,Tuesday,6680.96,6012.8640000000005
2024-10-01,ORD040721,CUST01069,P004,Smartwatch,Electronics,Chennai,Online,Credit Card,2,7094.15,0.1,14188.3,12769.47,0,2590.68,2024,10,October,Tuesday,14188.3,12769.47
2024-10-01,ORD020194,CUST00260,P009,T-Shirt,Fashion,Mumbai,Store,UPI,4,1315.84,0.05,5263.36,5000.19,1,-250.01,2024,10,October,Tuesday,5263.36,5000.191999999999
2024-10-01,ORD024949,CUST01267,P002,Smartphone,Electronics,Surat,Online,Debit Card,1,27879.38,0.05,27879.38,26485.41,0,2316.21,2024,10,October,Tuesday,27879.38,26485.411
2024-10-01,ORD028490,CUST04708,P020,Microwave,Home,Delhi,Online,UPI,1,11198.31,0.15,11198.31,9518.56,1,-475.93,2024,10,October,Tuesday,11198.31,9518.5635
2024-10-01,ORD034488,CUST03588,P017,Jeans,Fashion,Delhi,Online,UPI,1,2906.14,0.05,2906.14,2760.83,0,576.87,2024,10,October,Tuesday,2906.14,2760.8329999999996
2024-10-01,ORD036509,CUST02796,P020,Microwave,Home,Hyderabad,Store,Credit Card,2,11354.96,0.2,22709.92,18167.94,0,1932.64,2024,10,October,Tuesday,22709.92,18167.935999999998
2024-10-01,ORD047337,CUST00048,P012,Air Fryer,Home,Pune,Online,Cash,1,6778.33,0.0,6778.33,6778.33,0,1671.42,2024,10,October,Tuesday,6778.33,6778.33
2024-10-01,ORD020045,CUST00728,P002,Smartphone,Electronics,Bengaluru,Online,Credit Card,1,28651.19,0.15,28651.19,24353.51,0,6125.37,2024,10,October,Tuesday,28651.19,24353.511499999997
2024-10-01,ORD013310,CUST03120,P013,Monitor,Electronics,Ahmedabad,Store,UPI,1,17253.33,0.2,17253.33,13802.66,0,1693.22,2024,10,October,Tuesday,17253.33,13802.664000000002
2024-10-01,ORD041812,CUST04351,P017,Jeans,Fashion,Chennai,Store,Net Banking,1,2842.95,0.05,2842.95,2700.8,0,675.65,2024,10,October,Tuesday,2842.95,2700.8025
2024-10-01,ORD005375,CUST03433,P014,Keyboard,Electronics,Bengaluru,Online,UPI,1,2696.03,0.05,2696.03,2561.23,0,372.89,2024,10,October,Tuesday,2696.03,2561.2285
2024-10-01,ORD027342,CUST04014,P011,Mixer Grinder,Home,Bengaluru,Store,UPI,2,5034.89,0.1,10069.78,9062.8,0,2137.17,2024,10,October,Tuesday,10069.78,9062.802000000001
2024-10-01,ORD030671,CUST01601,P018,Jacket,Fashion,Chennai,Online,Credit Card,2,5547.73,0.15,11095.46,9431.14,0,810.96,2024,10,October,Tuesday,11095.46,9431.141
2024-10-01,ORD027128,CUST01057,P018,Jacket,Fashion,Surat,Store,UPI,1,4942.12,0.2,4942.12,3953.7,0,681.91,2024,10,October,Tuesday,4942.12,3953.696
2024-10-01,ORD013321,CUST01187,P001,Laptop,Electronics,Bengaluru,Online,UPI,2,71415.75,0.05,142831.5,135689.92,0,11620.4,2024,10,October,Tuesday,142831.5,135689.925
2024-10-01,ORD005909,CUST02297,P006,Desk,Furniture,Bengaluru,Online,UPI,1,11047.57,0.15,11047.57,9390.43,0,2372.55,2024,10,October,Tuesday,11047.57,9390.4345
2024-10-01,ORD007514,CUST04177,P005,Office Chair,Furniture,Kolkata,Online,UPI,3,8632.38,0.15,25897.14,22012.57,0,3303.99,2024,10,October,Tuesday,25897.14,22012.569
2024-10-01,ORD021811,CUST04576,P020,Microwave,Home,Chennai,Online,UPI,1,11858.08,0.2,11858.08,9486.46,0,1261.28,2024,10,October,Tuesday,11858.08,9486.464
2024-10-01,ORD037357,CUST03833,P008,Running Shoes,Fashion,Bengaluru,Online,UPI,1,4428.39,0.05,4428.39,4206.97,0,967.49,2024,10,October,Tuesday,4428.39,4206.9705
2024-10-01,ORD027077,CUST01826,P014,Keyboard,Electronics,Kolkata,Store,Debit Card,1,2355.26,0.2,2355.26,1884.21,0,106.15,2024,10,October,Tuesday,2355.26,1884.2080000000003
2024-10-01,ORD048555,CUST03343,P004,Smartwatch,Electronics,Mumbai,Online,Credit Card,5,6335.81,0.15,31679.05,26927.19,0,5161.75,2024,10,October,Tuesday,31679.050000000003,26927.192499999997
2024-10-01,ORD012462,CUST04294,P016,Sofa,Furniture,Hyderabad,Online,Debit Card,2,38206.24,0.0,76412.48,76412.48,0,18875.74,2024,10,October,Tuesday,76412.48,76412.48
2024-10-02,ORD044986,CUST04409,P013,Monitor,Electronics,Ahmedabad,Online,Debit Card,1,19282.91,0.05,19282.91,18318.76,0,2270.34,2024,10,October,Wednesday,19282.91,18318.764499999997
2024-10-02,ORD036642,CUST03019,P003,Headphones,Electronics,Kolkata,Online,Credit Card,1,4431.98,0.1,4431.98,3988.78,0,908.88,2024,10,October,Wednesday,4431.98,3988.7819999999997
2024-10-02,ORD046613,CUST02831,P012,Air Fryer,Home,Delhi,Online,UPI,1,6976.16,0.1,6976.16,6278.54,0,736.15,2024,10,October,Wednesday,6976.16,6278.544
2024-10-02,ORD032107,CUST02830,P013,Monitor,Electronics,Jaipur,Store,Net Banking,1,16422.09,0.15,16422.09,13958.78,0,958.55,2024,10,October,Wednesday,16422.09,13958.7765
2024-10-02,ORD000579,CUST04377,P011,Mixer Grinder,Home,Mumbai,Online,Debit Card,2,4805.8,0.05,9611.6,9131.02,0,2567.13,2024,10,October,Wednesday,9611.6,9131.02
2024-10-02,ORD000341,CUST02259,P004,Smartwatch,Electronics,Chennai,Store,Net Banking,5,6919.21,0.15,34596.05,29406.64,0,3988.44,2024,10,October,Wednesday,34596.05,29406.6425
2024-10-02,ORD045403,CUST00768,P001,Laptop,Electronics,Ahmedabad,Online,Credit Card,2,62968.05,0.0,125936.1,125936.1,0,22692.59,2024,10,October,Wednesday,125936.1,125936.1
2024-10-02,ORD049800,CUST04483,P014,Keyboard,Electronics,Hyderabad,Online,Debit Card,2,2709.55,0.1,5419.1,4877.19,0,1343.76,2024,10,October,Wednesday,5419.1,4877.1900000000005
2024-10-02,ORD033504,CUST03099,P009,T-Shirt,Fashion,Bengaluru,Store,Cash,2,1203.85,0.1,2407.7,2166.93,0,401.53,2024,10,October,Wednesday,2407.7,2166.93
2024-10-02,ORD019526,CUST02964,P015,Dining Table,Furniture,Bengaluru,Store,UPI,5,23643.92,0.15,118219.6,100486.66,0,6315.42,2024,10,October,Wednesday,118219.59999999999,100486.66
2024-10-02,ORD005172,CUST00403,P008,Running Shoes,Fashion,Delhi,Store,UPI,5,4063.41,0.1,20317.05,18285.34,0,3896.61,2024,10,October,Wednesday,20317.05,18285.345
2024-10-02,ORD021366,CUST04467,P019,Vacuum Cleaner,Home,Chennai,Store,Credit Card,1,8427.36,0.1,8427.36,7584.62,0,470.28,2024,10,October,Wednesday,8427.36,7584.624000000001
2024-10-02,ORD040630,CUST04558,P018,Jacket,Fashion,Ahmedabad,Online,UPI,3,5383.43,0.15,16150.29,13727.75,0,1402.98,2024,10,October,Wednesday,16150.29,13727.746500000001
2024-10-02,ORD025951,CUST04204,P005,Office Chair,Furniture,Chennai,Online,UPI,4,8932.46,0.1,35729.84,32156.86,0,5444.96,2024,10,October,Wednesday,35729.84,32156.855999999996
2024-10-02,ORD044275,CUST01569,P020,Microwave,Home,Jaipur,Online,Credit Card,1,10573.9,0.1,10573.9,9516.51,0,1930.04,2024,10,October,Wednesday,10573.9,9516.51
2024-10-02,ORD010787,CUST03758,P003,Headphones,Electronics,Bengaluru,Online,UPI,1,4777.35,0.1,4777.35,4299.62,0,352.62,2024,10,October,Wednesday,4777.35,4299.615000000001
2024-10-02,ORD016964,CUST04198,P010,Coffee Maker,Home,Bengaluru,Online,UPI,1,5497.0,0.0,5497.0,5497.0,0,1248.97,2024,10,October,Wednesday,5497.0,5497.0
2024-10-02,ORD015978,CUST01154,P007,Backpack,Accessories,Surat,Online,Credit Card,1,2400.82,0.05,2400.82,2280.78,0,411.27,2024,10,October,Wednesday,2400.82,2280.779
2024-10-02,ORD014261,CUST02016,P019,Vacuum Cleaner,Home,Hyderabad,Store,Debit Card,1,8393.98,0.15,8393.98,7134.88,0,1642.02,2024,10,October,Wednesday,8393.98,7134.883
2024-10-02,ORD036875,CUST02401,P012,Air Fryer,Home,Mumbai,Online,Credit Card,1,7376.2,0.0,7376.2,7376.2,0,1486.01,2024,10,October,Wednesday,7376.2,7376.2
2024-10-02,ORD032466,CUST03772,P001,Laptop,Electronics,Hyderabad,Store,Credit Card,1,63168.54,0.1,63168.54,56851.69,0,5698.44,2024,10,October,Wednesday,63168.54,56851.686
2024-10-02,ORD006138,CUST03943,P006,Desk,Furniture,Kolkata,Online,Net Banking,1,12668.17,0.25,12668.17,9501.13,0,2223.56,2024,10,October,Wednesday,12668.17,9501.1275
2024-10-02,ORD048212,CUST00306,P015,Dining Table,Furniture,Pune,Online,Credit Card,5,22097.53,0.15,110487.65,93914.5,1,-4695.73,2024,10,October,Wednesday,110487.65,93914.50249999999
2024-10-02,ORD020989,CUST03787,P017,Jeans,Fashion,Pune,Online,Credit Card,1,2572.18,0.05,2572.18,2443.57,0,437.06,2024,10,October,Wednesday,2572.18,2443.571
2024-10-02,ORD010179,CUST03891,P005,Office Chair,Furniture,Jaipur,Online,UPI,1,9254.58,0.2,9254.58,7403.66,0,1698.36,2024,10,October,Wednesday,9254.58,7403.664000000001
2024-10-02,ORD017211,CUST00839,P015,Dining Table,Furniture,Ahmedabad,Online,UPI,1,21536.15,0.0,21536.15,21536.15,0,4796.62,2024,10,October,Wednesday,21536.15,21536.15
2024-10-02,ORD039388,CUST00489,P006,Desk,Furniture,Mumbai,Online,Net Banking,1,12161.16,0.0,12161.16,12161.16,0,2132.55,2024,10,October,Wednesday,12161.16,12161.16
2024-10-02,ORD003436,CUST00012,P012,Air Fryer,Home,Delhi,Store,UPI,4,7655.32,0.05,30621.28,29090.22,0,6151.3,2024,10,October,Wednesday,30621.28,29090.215999999997
2024-10-02,ORD000414,CUST03145,P019,Vacuum Cleaner,Home,Chennai,Store,Credit Card,1,9299.91,0.15,9299.91,7904.92,0,1391.12,2024,10,October,Wednesday,9299.91,7904.9235
2024-10-02,ORD038090,CUST00946,P009,T-Shirt,Fashion,Mumbai,Online,UPI,3,1267.35,0.0,3802.05,3802.05,0,750.68,2024,10,October,Wednesday,3802.0499999999997,3802.05
2024-10-02,ORD007042,CUST01824,P005,Office Chair,Furniture,Hyderabad,Online,Credit Card,2,8746.61,0.0,17493.22,17493.22,0,4613.41,2024,10,October,Wednesday,17493.22,17493.22
2024-10-02,ORD000993,CUST03362,P003,Headphones,Electronics,Surat,Online,Debit Card,1,4853.47,0.1,4853.47,4368.12,0,934.34,2024,10,October,Wednesday,4853.47,4368.1230000000005
2024-10-02,ORD039816,CUST03119,P018,Jacket,Fashion,Delhi,Store,Debit Card,1,5497.95,0.15,5497.95,4673.26,0,669.18,2024,10,October,Wednesday,5497.95,4673.2575
2024-10-02,ORD018229,CUST00710,P006,Desk,Furniture,Delhi,Online,Net Banking,3,11788.18,0.2,35364.54,28291.63,0,3433.86,2024,10,October,Wednesday,35364.54,28291.632
2024-10-02,ORD001994,CUST03995,P007,Backpack,Accessories,Delhi,Online,Cash,1,2104.22,0.15,2104.22,1788.59,0,318.68,2024,10,October,Wednesday,2104.22,1788.5869999999998
2024-10-02,ORD038441,CUST01789,P005,Office Chair,Furniture,Kolkata,Store,UPI,3,9881.56,0.0,29644.68,29644.68,1,-1482.23,2024,10,October,Wednesday,29644.68,29644.68
2024-10-02,ORD003906,CUST01885,P001,Laptop,Electronics,Jaipur,Online,Credit Card,1,70349.65,0.05,70349.65,66832.17,0,4925.69,2024,10,October,Wednesday,70349.65,66832.1675
2024-10-02,ORD015001,CUST04166,P016,Sofa,Furniture,Jaipur,Store,UPI,1,32600.44,0.05,32600.44,30970.42,0,2742.6,2024,10,October,Wednesday,32600.44,30970.417999999998
2024-10-02,ORD049457,CUST02208,P013,Monitor,Electronics,Kolkata,Online,Credit Card,1,16887.2,0.0,16887.2,16887.2,0,2885.77,2024,10,October,Wednesday,16887.2,16887.2
2024-10-02,ORD035872,CUST02866,P008,Running Shoes,Fashion,Hyderabad,Online,UPI,1,4334.69,0.1,4334.69,3901.22,0,488.24,2024,10,October,Wednesday,4334.69,3901.2209999999995
2024-10-02,ORD037178,CUST01993,P020,Microwave,Home,Delhi,Online,Credit Card,1,9923.31,0.2,9923.31,7938.65,0,1643.02,2024,10,October,Wednesday,9923.31,7938.648
2024-10-02,ORD035863,CUST01972,P010,Coffee Maker,Home,Delhi,Store,Credit Card,1,5013.48,0.05,5013.48,4762.81,0,1235.6,2024,10,October,Wednesday,5013.48,4762.806
2024-10-02,ORD031946,CUST00353,P018,Jacket,Fashion,Delhi,Store,Cash,2,5571.23,0.2,11142.46,8913.97,0,1397.5,2024,10,October,Wednesday,11142.46,8913.967999999999
2024-10-02,ORD046319,CUST03295,P019,Vacuum Cleaner,Home,Jaipur,Store,Credit Card,1,9873.54,0.2,9873.54,7898.83,0,1670.49,2024,10,October,Wednesday,9873.54,7898.832000000001
2024-10-02,ORD018518,CUST04795,P009,T-Shirt,Fashion,Ahmedabad,Online,Debit Card,1,1309.23,0.2,1309.23,1047.38,0,121.31,2024,10,October,Wednesday,1309.23,1047.384
2024-10-02,ORD033072,CUST00450,P003,Headphones,Electronics,Jaipur,Store,Credit Card,4,4736.82,0.1,18947.28,17052.55,0,1311.16,2024,10,October,Wednesday,18947.28,17052.552
2024-10-02,ORD039240,CUST04492,P007,Backpack,Accessories,Chennai,Online,UPI,1,1994.03,0.05,1994.03,1894.33,0,288.16,2024,10,October,Wednesday,1994.03,1894.3284999999998
2024-10-02,ORD027256,CUST04271,P017,Jeans,Fashion,Hyderabad,Store,Credit Card,1,2837.45,0.05,2837.45,2695.58,0,314.71,2024,10,October,Wednesday,2837.45,2695.5775
2024-10-02,ORD016767,CUST03204,P019,Vacuum Cleaner,Home,Bengaluru,Store,Credit Card,1,8420.83,0.05,8420.83,7999.79,0,853.63,2024,10,October,Wednesday,8420.83,7999.7885
2024-10-02,ORD044510,CUST02135,P014,Keyboard,Electronics,Surat,Store,Net Banking,1,2628.68,0.05,2628.68,2497.25,0,558.91,2024,10,October,Wednesday,2628.68,2497.2459999999996
2024-10-02,ORD028993,CUST01563,P013,Monitor,Electronics,Jaipur,Online,UPI,1,18357.13,0.1,18357.13,16521.42,0,1118.09,2024,10,October,Wednesday,18357.13,16521.417
2024-10-02,ORD023201,CUST00866,P009,T-Shirt,Fashion,Mumbai,Store,UPI,2,1292.88,0.05,2585.76,2456.47,0,338.29,2024,10,October,Wednesday,2585.76,2456.472
2024-10-02,ORD037435,CUST02160,P013,Monitor,Electronics,Mumbai,Online,UPI,1,18102.84,0.1,18102.84,16292.56,0,4552.3,2024,10,October,Wednesday,18102.84,16292.556
2024-10-02,ORD021815,CUST00120,P007,Backpack,Accessories,Pune,Store,UPI,1,2175.26,0.05,2175.26,2066.5,1,-103.32,2024,10,October,Wednesday,2175.26,2066.4970000000003
2024-10-02,ORD008739,CUST01116,P001,Laptop,Electronics,Delhi,Online,Cash,1,61914.83,0.05,61914.83,58819.09,0,7499.26,2024,10,October,Wednesday,61914.83,58819.0885
2024-10-02,ORD026527,CUST01816,P013,Monitor,Electronics,Delhi,Online,UPI,1,19755.76,0.15,19755.76,16792.4,0,2438.66,2024,10,October,Wednesday,19755.76,16792.395999999997
2024-10-02,ORD019472,CUST04939,P002,Smartphone,Electronics,Delhi,Online,Net Banking,2,26230.43,0.05,52460.86,49837.82,0,11811.9,2024,10,October,Wednesday,52460.86,49837.816999999995
2024-10-02,ORD038975,CUST01649,P004,Smartwatch,Electronics,Mumbai,Online,UPI,1,6555.25,0.2,6555.25,5244.2,0,612.79,2024,10,October,Wednesday,6555.25,5244.200000000001
2024-10-02,ORD016321,CUST04165,P010,Coffee Maker,Home,Pune,Store,Credit Card,1,5137.72,0.15,5137.72,4367.06,0,639.72,2024,10,October,Wednesday,5137.72,4367.062
2024-10-02,ORD043029,CUST04180,P002,Smartphone,Electronics,Jaipur,Store,Net Banking,1,27041.54,0.1,27041.54,24337.39,0,5664.79,2024,10,October,Wednesday,27041.54,24337.386000000002
2024-10-02,ORD004581,CUST03705,P011,Mixer Grinder,Home,Jaipur,Online,Cash,1,5223.39,0.05,5223.39,4962.22,0,1097.26,2024,10,October,Wednesday,5223.39,4962.2205
2024-10-03,ORD025211,CUST03981,P004,Smartwatch,Electronics,Delhi,Online,Credit Card,1,7305.56,0.2,7305.56,5844.45,1,-292.22,2024,10,October,Thursday,7305.56,5844.448
2024-10-03,ORD038083,CUST02046,P017,Jeans,Fashion,Delhi,Online,Debit Card,3,2628.08,0.05,7884.24,7490.03,0,668.27,2024,10,October,Thursday,7884.24,7490.027999999999
2024-10-03,ORD042912,CUST00575,P020,Microwave,Home,Pune,Online,UPI,2,10330.65,0.05,20661.3,19628.23,0,3453.0,2024,10,October,Thursday,20661.3,19628.234999999997
2024-10-03,ORD022036,CUST04503,P007,Backpack,Accessories,Delhi,Online,Net Banking,3,2401.12,0.15,7203.36,6122.86,0,365.51,2024,10,October,Thursday,7203.36,6122.856
2024-10-03,ORD045295,CUST04554,P003,Headphones,Electronics,Hyderabad,Online,Credit Card,2,4392.46,0.15,8784.92,7467.18,0,822.79,2024,10,October,Thursday,8784.92,7467.182
2024-10-03,ORD008634,CUST00623,P017,Jeans,Fashion,Chennai,Online,UPI,1,2935.52,0.1,2935.52,2641.97,0,244.11,2024,10,October,Thursday,2935.52,2641.968
2024-10-03,ORD021981,CUST02952,P002,Smartphone,Electronics,Chennai,Online,Credit Card,1,25795.77,0.15,25795.77,21926.4,0,2682.52,2024,10,October,Thursday,25795.77,21926.4045
2024-10-03,ORD020261,CUST00417,P020,Microwave,Home,Hyderabad,Online,Debit Card,2,10695.13,0.1,21390.26,19251.23,0,3805.91,2024,10,October,Thursday,21390.26,19251.234
2024-10-03,ORD018232,CUST02814,P018,Jacket,Fashion,Kolkata,Store,UPI,4,5417.77,0.05,21671.08,20587.53,1,-1029.38,2024,10,October,Thursday,21671.08,20587.526
2024-10-03,ORD000002,CUST01185,P003,Headphones,Electronics,Surat,Online,Credit Card,1,4799.2,0.25,4799.2,3599.4,0,251.96,2024,10,October,Thursday,4799.2,3599.3999999999996
2024-10-03,ORD026371,CUST04466,P004,Smartwatch,Electronics,Chennai,Online,UPI,2,6892.6,0.0,13785.2,13785.2,0,3066.06,2024,10,October,Thursday,13785.2,13785.2
2024-10-03,ORD035752,CUST02995,P020,Microwave,Home,Pune,Store,Credit Card,1,9978.99,0.15,9978.99,8482.14,0,1364.28,2024,10,October,Thursday,9978.99,8482.1415
2024-10-03,ORD047950,CUST00187,P001,Laptop,Electronics,Delhi,Online,Credit Card,1,67778.19,0.0,67778.19,67778.19,0,9748.15,2024,10,October,Thursday,67778.19,67778.19
2024-10-03,ORD001497,CUST01406,P002,Smartphone,Electronics,Hyderabad,Store,Debit Card,1,29505.66,0.0,29505.66,29505.66,0,2657.97,2024,10,October,Thursday,29505.66,29505.66
2024-10-03,ORD041558,CUST04258,P017,Jeans,Fashion,Pune,Online,UPI,3,2972.43,0.05,8917.29,8471.43,0,605.09,2024,10,October,Thursday,8917.289999999999,8471.425500000001
2024-10-03,ORD014296,CUST01834,P020,Microwave,Home,Kolkata,Online,UPI,1,11801.83,0.0,11801.83,11801.83,0,2364.05,2024,10,October,Thursday,11801.83,11801.83
2024-10-03,ORD027013,CUST01146,P014,Keyboard,Electronics,Jaipur,Store,Credit Card,4,2658.27,0.05,10633.08,10101.43,0,2271.22,2024,10,October,Thursday,10633.08,10101.426
2024-10-03,ORD035692,CUST02596,P018,Jacket,Fashion,Chennai,Store,Debit Card,1,5394.34,0.0,5394.34,5394.34,0,747.96,2024,10,October,Thursday,5394.34,5394.34
2024-10-03,ORD015221,CUST01825,P006,Desk,Furniture,Mumbai,Store,Debit Card,1,11768.52,0.1,11768.52,10591.67,0,2227.36,2024,10,October,Thursday,11768.52,10591.668000000001
2024-10-03,ORD000066,CUST01734,P002,Smartphone,Electronics,Hyderabad,Online,UPI,1,27049.95,0.1,27049.95,24344.96,0,1501.05,2024,10,October,Thursday,27049.95,24344.955
2024-10-03,ORD029557,CUST00404,P008,Running Shoes,Fashion,Chennai,Store,Credit Card,1,4368.89,0.15,4368.89,3713.56,0,575.23,2024,10,October,Thursday,4368.89,3713.5565
2024-10-03,ORD004031,CUST04745,P001,Laptop,Electronics,Chennai,Store,UPI,1,60787.46,0.1,60787.46,54708.71,0,4690.45,2024,10,October,Thursday,60787.46,54708.714
2024-10-03,ORD049195,CUST00540,P014,Keyboard,Electronics,Kolkata,Online,UPI,5,2519.25,0.15,12596.25,10706.81,0,2808.01,2024,10,October,Thursday,12596.25,10706.8125
2024-10-03,ORD048679,CUST01303,P005,Office Chair,Furniture,Pune,Online,UPI,3,10339.78,0.1,31019.34,27917.41,0,5473.62,2024,10,October,Thursday,31019.340000000004,27917.406
2024-10-03,ORD030645,CUST01503,P020,Microwave,Home,Surat,Store,Credit Card,1,11581.65,0.15,11581.65,9844.4,0,1595.56,2024,10,October,Thursday,11581.65,9844.4025
2024-10-03,ORD018021,CUST03802,P018,Jacket,Fashion,Delhi,Store,Cash,1,5242.95,0.05,5242.95,4980.8,0,659.06,2024,10,October,Thursday,5242.95,4980.8025
2024-10-03,ORD023608,CUST00690,P007,Backpack,Accessories,Kolkata,Online,UPI,1,2225.21,0.1,2225.21,2002.69,1,-100.13,2024,10,October,Thursday,2225.21,2002.689
2024-10-03,ORD001339,CUST00450,P008,Running Shoes,Fashion,Mumbai,Online,Credit Card,1,3947.12,0.2,3947.12,3157.7,0,741.16,2024,10,October,Thursday,3947.12,3157.696
2024-10-03,ORD038499,CUST03425,P016,Sofa,Furniture,Surat,Online,Cash,2,37744.32,0.1,75488.64,67939.78,0,8649.37,2024,10,October,Thursday,75488.64,67939.776
2024-10-03,ORD049240,CUST01073,P007,Backpack,Accessories,Jaipur,Online,Debit Card,2,2056.37,0.05,4112.74,3907.1,0,953.8,2024,10,October,Thursday,4112.74,3907.1029999999996
2024-10-03,ORD049229,CUST02223,P018,Jacket,Fashion,Surat,Online,UPI,3,5370.23,0.05,16110.69,15305.16,0,2769.16,2024,10,October,Thursday,16110.689999999999,15305.155499999999
2024-10-03,ORD011882,CUST03462,P012,Air Fryer,Home,Hyderabad,Store,Credit Card,3,6864.26,0.05,20592.78,19563.14,0,3560.21,2024,10,October,Thursday,20592.78,19563.141
2024-10-03,ORD043155,CUST03723,P006,Desk,Furniture,Chennai,Store,Debit Card,1,13183.84,0.2,13183.84,10547.07,0,2338.68,2024,10,October,Thursday,13183.84,10547.072
2024-10-03,ORD011800,CUST01866,P001,Laptop,Electronics,Hyderabad,Online,UPI,1,62531.37,0.1,62531.37,56278.23,0,10939.38,2024,10,October,Thursday,62531.37,56278.233
2024-10-03,ORD000670,CUST01807,P006,Desk,Furniture,Pune,Online,Credit Card,2,13174.27,0.1,26348.54,23713.69,0,3274.94,2024,10,October,Thursday,26348.54,23713.686
2024-10-03,ORD046972,CUST00982,P006,Desk,Furniture,Surat,Online,UPI,5,11352.89,0.05,56764.45,53926.23,0,4293.8,2024,10,October,Thursday,56764.45,53926.22749999999
2024-10-03,ORD022993,CUST00618,P002,Smartphone,Electronics,Surat,Store,UPI,1,25287.57,0.1,25287.57,22758.81,0,3459.08,2024,10,October,Thursday,25287.57,22758.813000000002
2024-10-03,ORD043365,CUST01965,P016,Sofa,Furniture,Kolkata,Online,Credit Card,5,31608.7,0.1,158043.5,142239.15,0,35082.29,2024,10,October,Thursday,158043.5,142239.15
2024-10-03,ORD022344,CUST00320,P016,Sofa,Furniture,Pune,Store,Credit Card,1,34239.51,0.05,34239.51,32527.53,0,6156.98,2024,10,October,Thursday,34239.51,32527.5345
2024-10-03,ORD026736,CUST01908,P013,Monitor,Electronics,Ahmedabad,Online,UPI,1,17830.87,0.25,17830.87,13373.15,0,1731.94,2024,10,October,Thursday,17830.87,13373.1525
2024-10-03,ORD045041,CUST01563,P009,T-Shirt,Fashion,Kolkata,Store,UPI,1,1277.44,0.0,1277.44,1277.44,0,251.65,2024,10,October,Thursday,1277.44,1277.44
2024-10-03,ORD029779,CUST01182,P004,Smartwatch,Electronics,Hyderabad,Store,UPI,1,7395.36,0.1,7395.36,6655.82,0,1716.67,2024,10,October,Thursday,7395.36,6655.824
2024-10-03,ORD042511,CUST01613,P008,Running Shoes,Fashion,Delhi,Online,Cash,2,4458.29,0.0,8916.58,8916.58,0,1573.13,2024,10,October,Thursday,8916.58,8916.58
2024-10-03,ORD003849,CUST04235,P005,Office Chair,Furniture,Delhi,Online,UPI,3,8857.26,0.15,26571.78,22586.01,0,3696.77,2024,10,October,Thursday,26571.78,22586.013
2024-10-03,ORD005004,CUST00054,P008,Running Shoes,Fashion,Pune,Store,Debit Card,3,4529.1,0.25,13587.3,10190.48,0,1980.26,2024,10,October,Thursday,13587.300000000001,10190.474999999999
2024-10-03,ORD001091,CUST02500,P015,Dining Table,Furniture,Mumbai,Store,Credit Card,1,21272.87,0.0,21272.87,21272.87,0,4193.23,2024,10,October,Thursday,21272.87,21272.87
2024-10-03,ORD039087,CUST04763,P007,Backpack,Accessories,Kolkata,Online,UPI,1,2245.29,0.25,2245.29,1683.97,0,193.26,2024,10,October,Thursday,2245.29,1683.9675
2024-10-03,ORD004853,CUST00421,P002,Smartphone,Electronics,Delhi,Online,UPI,2,28387.0,0.1,56774.0,51096.6,0,7939.6,2024,10,October,Thursday,56774.0,51096.6
2024-10-03,ORD042483,CUST02076,P006,Desk,Furniture,Surat,Store,Net Banking,2,13016.4,0.0,26032.8,26032.8,0,6668.37,2024,10,October,Thursday,26032.8,26032.8
2024-10-03,ORD049393,CUST00806,P018,Jacket,Fashion,Chennai,Online,Cash,3,4914.07,0.1,14742.21,13267.99,0,2734.34,2024,10,October,Thursday,14742.21,13267.989
2024-10-03,ORD038771,CUST01171,P018,Jacket,Fashion,Jaipur,Online,UPI,1,5466.95,0.05,5466.95,5193.6,0,656.38,2024,10,October,Thursday,5466.95,5193.6025
2024-10-03,ORD010601,CUST03598,P003,Headphones,Electronics,Surat,Store,UPI,2,4928.99,0.25,9857.98,7393.48,0,1295.63,2024,10,October,Thursday,9857.98,7393.485
2024-10-03,ORD044426,CUST02279,P019,Vacuum Cleaner,Home,Jaipur,Online,Debit Card,2,8835.04,0.05,17670.08,16786.58,0,4410.13,2024,10,October,Thursday,17670.08,16786.576
2024-10-03,ORD011965,CUST02005,P005,Office Chair,Furniture,Delhi,Online,Cash,1,8761.03,0.1,8761.03,7884.93,0,1821.26,2024,10,October,Thursday,8761.03,7884.927000000001
2024-10-03,ORD021809,CUST01733,P010,Coffee Maker,Home,Mumbai,Store,UPI,1,5464.94,0.15,5464.94,4645.2,0,857.51,2024,10,October,Thursday,5464.94,4645.199
2024-10-04,ORD034206,CUST03727,P008,Running Shoes,Fashion,Kolkata,Online,Credit Card,2,4570.09,0.1,9140.18,8226.16,0,2236.36,2024,10,October,Friday,9140.18,8226.162
2024-10-04,ORD047564,CUST02182,P019,Vacuum Cleaner,Home,Chennai,Online,Net Banking,1,8281.28,0.05,8281.28,7867.22,0,2208.76,2024,10,October,Friday,8281.28,7867.216
2024-10-04,ORD035013,CUST00728,P010,Coffee Maker,Home,Hyderabad,Store,UPI,2,5276.29,0.2,10552.58,8442.06,0,1960.8,2024,10,October,Friday,10552.58,8442.064
2024-10-04,ORD029610,CUST00034,P014,Keyboard,Electronics,Surat,Online,Credit Card,1,2566.32,0.05,2566.32,2438.0,0,278.75,2024,10,October,Friday,2566.32,2438.004
2024-10-04,ORD005153,CUST04326,P002,Smartphone,Electronics,Jaipur,Online,UPI,1,25867.38,0.15,25867.38,21987.27,0,5560.5,2024,10,October,Friday,25867.38,21987.273
2024-10-04,ORD023092,CUST00056,P007,Backpack,Accessories,Chennai,Store,UPI,1,2377.93,0.1,2377.93,2140.14,0,466.85,2024,10,October,Friday,2377.93,2140.1369999999997
2024-10-04,ORD027219,CUST00028,P018,Jacket,Fashion,Mumbai,Online,Credit Card,1,5516.22,0.2,5516.22,4412.98,0,1073.87,2024,10,October,Friday,5516.22,4412.976000000001
2024-10-04,ORD009000,CUST00408,P017,Jeans,Fashion,Bengaluru,Online,UPI,1,2646.54,0.25,2646.54,1984.9,0,149.31,2024,10,October,Friday,2646.54,1984.905
2024-10-04,ORD026395,CUST02780,P017,Jeans,Fashion,Chennai,Online,Debit Card,2,2898.15,0.05,5796.3,5506.48,0,588.22,2024,10,October,Friday,5796.3,5506.485
2024-10-04,ORD031917,CUST00642,P005,Office Chair,Furniture,Chennai,Store,Credit Card,2,9994.93,0.05,19989.86,18990.37,1,-949.52,2024,10,October,Friday,19989.86,18990.367
2024-10-04,ORD001714,CUST03536,P001,Laptop,Electronics,Hyderabad,Online,UPI,3,69362.72,0.0,208088.16,208088.16,0,32304.96,2024,10,October,Friday,208088.16,208088.16
2024-10-04,ORD026483,CUST03541,P011,Mixer Grinder,Home,Ahmedabad,Store,Credit Card,3,4373.39,0.05,13120.17,12464.16,0,3524.04,2024,10,October,Friday,13120.170000000002,12464.1615
2024-10-04,ORD044364,CUST02223,P009,T-Shirt,Fashion,Kolkata,Store,Net Banking,2,1250.46,0.05,2500.92,2375.87,0,294.28,2024,10,October,Friday,2500.92,2375.874
2024-10-04,ORD010056,CUST03402,P017,Jeans,Fashion,Ahmedabad,Online,UPI,3,2971.04,0.15,8913.12,7576.15,0,469.82,2024,10,October,Friday,8913.119999999999,7576.152
2024-10-04,ORD034493,CUST04649,P013,Monitor,Electronics,Bengaluru,Online,UPI,2,19578.97,0.0,39157.94,39157.94,0,4845.86,2024,10,October,Friday,39157.94,39157.94
2024-10-04,ORD015912,CUST02121,P018,Jacket,Fashion,Hyderabad,Online,UPI,1,4991.28,0.15,4991.28,4242.59,0,1032.61,2024,10,October,Friday,4991.28,4242.588
2024-10-04,ORD012229,CUST03513,P001,Laptop,Electronics,Kolkata,Store,UPI,4,61633.57,0.0,246534.28,246534.28,0,59997.09,2024,10,October,Friday,246534.28,246534.28
2024-10-04,ORD049205,CUST03743,P010,Coffee Maker,Home,Jaipur,Store,Debit Card,1,5758.13,0.0,5758.13,5758.13,0,1016.0,2024,10,October,Friday,5758.13,5758.13
2024-10-04,ORD027493,CUST02838,P002,Smartphone,Electronics,Hyderabad,Store,Credit Card,2,29976.41,0.1,59952.82,53957.54,0,7998.55,2024,10,October,Friday,59952.82,53957.538
2024-10-04,ORD043044,CUST04687,P018,Jacket,Fashion,Hyderabad,Store,Debit Card,1,5691.66,0.05,5691.66,5407.08,0,1170.61,2024,10,October,Friday,5691.66,5407.076999999999
2024-10-04,ORD045627,CUST03883,P019,Vacuum Cleaner,Home,Pune,Online,Credit Card,2,9464.92,0.05,18929.84,17983.35,0,1782.22,2024,10,October,Friday,18929.84,17983.347999999998
2024-10-04,ORD037850,CUST04004,P015,Dining Table,Furniture,Ahmedabad,Online,Credit Card,1,23493.92,0.05,23493.92,22319.22,0,2052.15,2024,10,October,Friday,23493.92,22319.224
2024-10-04,ORD032559,CUST03018,P015,Dining Table,Furniture,Mumbai,Store,UPI,1,22782.82,0.2,22782.82,18226.26,1,-911.31,2024,10,October,Friday,22782.82,18226.256
2024-10-04,ORD042222,CUST02892,P008,Running Shoes,Fashion,Hyderabad,Online,Cash,1,4190.47,0.2,4190.47,3352.38,0,612.18,2024,10,October,Friday,4190.47,3352.376
2024-10-04,ORD045537,CUST04021,P020,Microwave,Home,Ahmedabad,Store,Credit Card,2,11198.77,0.2,22397.54,17918.03,0,4477.89,2024,10,October,Friday,22397.54,17918.032000000003
2024-10-04,ORD021958,CUST04406,P018,Jacket,Fashion,Delhi,Store,Cash,1,5620.26,0.1,5620.26,5058.23,0,1097.28,2024,10,October,Friday,5620.26,5058.234
2024-10-04,ORD041499,CUST04231,P009,T-Shirt,Fashion,Ahmedabad,Online,UPI,2,1253.7,0.2,2507.4,2005.92,0,373.28,2024,10,October,Friday,2507.4,2005.92
2024-10-04,ORD049908,CUST02339,P005,Office Chair,Furniture,Delhi,Store,UPI,2,9981.88,0.15,19963.76,16969.2,0,3002.82,2024,10,October,Friday,19963.76,16969.196
2024-10-04,ORD044281,CUST00314,P013,Monitor,Electronics,Chennai,Online,Credit Card,1,18764.67,0.15,18764.67,15949.97,0,3533.52,2024,10,October,Friday,18764.67,15949.969499999997
2024-10-04,ORD042266,CUST02641,P006,Desk,Furniture,Bengaluru,Online,Debit Card,1,12211.43,0.1,12211.43,10990.29,0,1942.78,2024,10,October,Friday,12211.43,10990.287
2024-10-04,ORD012413,CUST01818,P009,T-Shirt,Fashion,Hyderabad,Online,UPI,3,1199.89,0.0,3599.67,3599.67,0,433.16,2024,10,October,Friday,3599.67,3599.67
2024-10-04,ORD012015,CUST03721,P007,Backpack,Accessories,Surat,Online,Debit Card,2,2183.37,0.0,4366.74,4366.74,0,1056.1,2024,10,October,Friday,4366.74,4366.74
2024-10-04,ORD016320,CUST01347,P019,Vacuum Cleaner,Home,Ahmedabad,Store,Net Banking,1,9257.7,0.1,9257.7,8331.93,0,1797.65,2024,10,October,Friday,9257.7,8331.93
2024-10-04,ORD002992,CUST01472,P007,Backpack,Accessories,Ahmedabad,Store,Credit Card,2,1986.21,0.15,3972.42,3376.56,0,892.13,2024,10,October,Friday,3972.42,3376.557
2024-10-04,ORD002694,CUST02387,P001,Laptop,Electronics,Delhi,Store,UPI,4,66269.89,0.0,265079.56,265079.56,0,25858.34,2024,10,October,Friday,265079.56,265079.56
2024-10-04,ORD044941,CUST03556,P004,Smartwatch,Electronics,Bengaluru,Online,Debit Card,1,7520.78,0.05,7520.78,7144.74,0,1435.73,2024,10,October,Friday,7520.78,7144.740999999999
2024-10-04,ORD018074,CUST01286,P018,Jacket,Fashion,Hyderabad,Store,UPI,3,5715.79,0.2,17147.37,13717.9,0,3311.72,2024,10,October,Friday,17147.37,13717.896
2024-10-04,ORD041833,CUST04636,P009,T-Shirt,Fashion,Chennai,Online,Credit Card,2,1254.88,0.0,2509.76,2509.76,0,384.66,2024,10,October,Friday,2509.76,2509.76
2024-10-04,ORD018222,CUST00530,P013,Monitor,Electronics,Ahmedabad,Online,Credit Card,1,18808.85,0.05,18808.85,17868.41,0,3294.13,2024,10,October,Friday,18808.85,17868.407499999998
2024-10-04,ORD024144,CUST02922,P005,Office Chair,Furniture,Surat,Store,Cash,4,9727.38,0.15,38909.52,33073.09,1,-1653.65,2024,10,October,Friday,38909.52,33073.092
2024-10-04,ORD006866,CUST01908,P012,Air Fryer,Home,Mumbai,Store,Debit Card,2,6987.84,0.15,13975.68,11879.33,0,3074.68,2024,10,October,Friday,13975.68,11879.328
2024-10-04,ORD016848,CUST02668,P014,Keyboard,Electronics,Pune,Online,Credit Card,1,2554.41,0.0,2554.41,2554.41,0,748.76,2024,10,October,Friday,2554.41,2554.41
2024-10-04,ORD044024,CUST01612,P015,Dining Table,Furniture,Jaipur,Online,Debit Card,1,23330.16,0.1,23330.16,20997.14,0,3114.14,2024,10,October,Friday,23330.16,20997.144
2024-10-04,ORD012753,CUST00843,P009,T-Shirt,Fashion,Jaipur,Online,UPI,1,1155.47,0.05,1155.47,1097.7,0,140.82,2024,10,October,Friday,1155.47,1097.6965
2024-10-04,ORD048287,CUST04750,P006,Desk,Furniture,Pune,Online,Credit Card,4,10912.26,0.2,43649.04,34919.23,0,6276.84,2024,10,October,Friday,43649.04,34919.232
2024-10-04,ORD044961,CUST01035,P010,Coffee Maker,Home,Delhi,Store,Credit Card,1,5109.4,0.15,5109.4,4342.99,0,1075.6,2024,10,October,Friday,5109.4,4342.99
2024-10-04,ORD034663,CUST03984,P001,Laptop,Electronics,Chennai,Store,UPI,1,63148.24,0.1,63148.24,56833.42,0,11073.88,2024,10,October,Friday,63148.24,56833.416
2024-10-04,ORD012052,CUST00388,P002,Smartphone,Electronics,Ahmedabad,Store,UPI,1,30236.81,0.1,30236.81,27213.13,0,4174.36,2024,10,October,Friday,30236.81,27213.129
2024-10-04,ORD047865,CUST04675,P018,Jacket,Fashion,Ahmedabad,Online,UPI,3,4877.02,0.15,14631.06,12436.4,0,778.31,2024,10,October,Friday,14631.060000000001,12436.401
2024-10-04,ORD018759,CUST04039,P011,Mixer Grinder,Home,Mumbai,Online,UPI,2,5113.86,0.25,10227.72,7670.79,0,1181.15,2024,10,October,Friday,10227.72,7670.789999999999
2024-10-04,ORD030355,CUST00440,P015,Dining Table,Furniture,Hyderabad,Online,Debit Card,1,23819.55,0.15,23819.55,20246.62,0,3106.28,2024,10,October,Friday,23819.55,20246.6175
2024-10-04,ORD036396,CUST00804,P012,Air Fryer,Home,Chennai,Online,UPI,1,6790.0,0.1,6790.0,6111.0,0,1338.52,2024,10,October,Friday,6790.0,6111.0
2024-10-04,ORD041836,CUST01806,P009,T-Shirt,Fashion,Chennai,Online,UPI,1,1194.89,0.1,1194.89,1075.4,0,132.81,2024,10,October,Friday,1194.89,1075.401
2024-10-04,ORD007616,CUST00934,P013,Monitor,Electronics,Pune,Online,UPI,1,16946.1,0.05,16946.1,16098.79,0,3535.39,2024,10,October,Friday,16946.1,16098.794999999998
2024-10-04,ORD038107,CUST04680,P005,Office Chair,Furniture,Mumbai,Store,UPI,2,9889.79,0.15,19779.58,16812.64,0,892.67,2024,10,October,Friday,19779.58,16812.643
2024-10-04,ORD029888,CUST02691,P017,Jeans,Fashion,Ahmedabad,Online,UPI,1,2795.18,0.0,2795.18,2795.18,0,563.71,2024,10,October,Friday,2795.18,2795.18
2024-10-04,ORD043305,CUST01678,P001,Laptop,Electronics,Pune,Store,UPI,1,70469.99,0.1,70469.99,63422.99,0,5119.93,2024,10,October,Friday,70469.99,63422.99100000001
2024-10-04,ORD004740,CUST04815,P013,Monitor,Electronics,Ahmedabad,Online,UPI,1,16753.13,0.15,16753.13,14240.16,0,2894.17,2024,10,October,Friday,16753.13,14240.1605
2024-10-04,ORD016859,CUST00418,P019,Vacuum Cleaner,Home,Surat,Online,UPI,2,9307.52,0.1,18615.04,16753.54,0,4312.27,2024,10,October,Friday,18615.04,16753.536
2024-10-04,ORD006008,CUST04267,P017,Jeans,Fashion,Mumbai,Online,Net Banking,1,2746.51,0.0,2746.51,2746.51,0,670.51,2024,10,October,Friday,2746.51,2746.51
2024-10-04,ORD007193,CUST03360,P009,T-Shirt,Fashion,Chennai,Store,UPI,1,1282.71,0.15,1282.71,1090.3,0,56.18,2024,10,October,Friday,1282.71,1090.3035
2024-10-04,ORD048017,CUST01164,P019,Vacuum Cleaner,Home,Bengaluru,Online,UPI,1,9312.9,0.2,9312.9,7450.32,0,1855.69,2024,10,October,Friday,9312.9,7450.32
2024-10-04,ORD033158,CUST03268,P009,T-Shirt,Fashion,Kolkata,Online,UPI,2,1250.12,0.05,2500.24,2375.23,0,630.39,2024,10,October,Friday,2500.24,2375.2279999999996
2024-10-04,ORD032997,CUST02054,P013,Monitor,Electronics,Ahmedabad,Online,Net Banking,5,16967.25,0.15,84836.25,72110.81,0,16356.09,2024,10,October,Friday,84836.25,72110.8125
2024-10-04,ORD012573,CUST03333,P005,Office Chair,Furniture,Bengaluru,Online,UPI,5,9494.97,0.25,47474.85,35606.14,0,8020.48,2024,10,October,Friday,47474.85,35606.1375
2024-10-04,ORD032225,CUST03528,P016,Sofa,Furniture,Chennai,Store,Debit Card,1,38380.78,0.0,38380.78,38380.78,0,11396.65,2024,10,October,Friday,38380.78,38380.78
2024-10-04,ORD020287,CUST02165,P011,Mixer Grinder,Home,Bengaluru,Store,Debit Card,2,4744.82,0.05,9489.64,9015.16,0,2233.75,2024,10,October,Friday,9489.64,9015.158
2024-10-04,ORD039922,CUST00952,P015,Dining Table,Furniture,Surat,Store,UPI,1,20458.82,0.15,20458.82,17390.0,0,3394.35,2024,10,October,Friday,20458.82,17389.997
2024-10-04,ORD006552,CUST02650,P020,Microwave,Home,Mumbai,Online,Debit Card,1,10708.66,0.05,10708.66,10173.23,0,1436.64,2024,10,October,Friday,10708.66,10173.226999999999
2024-10-05,ORD044427,CUST00638,P016,Sofa,Furniture,Surat,Store,Credit Card,1,32814.37,0.1,32814.37,29532.93,0,4743.34,2024,10,October,Saturday,32814.37,29532.933000000005
2024-10-05,ORD021845,CUST01212,P003,Headphones,Electronics,Ahmedabad,Online,Credit Card,1,4388.05,0.1,4388.05,3949.25,0,531.66,2024,10,October,Saturday,4388.05,3949.2450000000003
2024-10-05,ORD018158,CUST00724,P009,T-Shirt,Fashion,Surat,Store,Credit Card,1,1094.4,0.05,1094.4,1039.68,0,290.38,2024,10,October,Saturday,1094.4,1039.68
2024-10-05,ORD046347,CUST01144,P018,Jacket,Fashion,Chennai,Store,UPI,4,5231.87,0.1,20927.48,18834.73,0,1833.73,2024,10,October,Saturday,20927.48,18834.732
2024-10-05,ORD032783,CUST02600,P008,Running Shoes,Fashion,Ahmedabad,Online,Net Banking,2,4306.95,0.1,8613.9,7752.51,0,1765.11,2024,10,October,Saturday,8613.9,7752.51
2024-10-05,ORD025286,CUST04752,P007,Backpack,Accessories,Hyderabad,Store,UPI,1,2025.23,0.2,2025.23,1620.18,0,307.55,2024,10,October,Saturday,2025.23,1620.1840000000002
2024-10-05,ORD012931,CUST01512,P020,Microwave,Home,Mumbai,Online,UPI,1,10975.67,0.25,10975.67,8231.75,0,1533.8,2024,10,October,Saturday,10975.67,8231.7525
2024-10-05,ORD000214,CUST03248,P001,Laptop,Electronics,Hyderabad,Store,Debit Card,1,63023.24,0.0,63023.24,63023.24,0,15424.42,2024,10,October,Saturday,63023.24,63023.24
2024-10-05,ORD025758,CUST03254,P016,Sofa,Furniture,Ahmedabad,Store,UPI,1,32761.92,0.0,32761.92,32761.92,0,4854.3,2024,10,October,Saturday,32761.92,32761.92
2024-10-05,ORD027376,CUST00852,P019,Vacuum Cleaner,Home,Ahmedabad,Store,UPI,2,8589.1,0.1,17178.2,15460.38,0,4073.72,2024,10,October,Saturday,17178.2,15460.380000000001
2024-10-05,ORD042162,CUST03386,P008,Running Shoes,Fashion,Ahmedabad,Online,Debit Card,1,4262.43,0.1,4262.43,3836.19,0,1071.95,2024,10,October,Saturday,4262.43,3836.1870000000004
2024-10-05,ORD031066,CUST04197,P013,Monitor,Electronics,Chennai,Store,UPI,1,18749.25,0.25,18749.25,14061.94,0,1306.72,2024,10,October,Saturday,18749.25,14061.9375
2024-10-05,ORD010648,CUST02193,P006,Desk,Furniture,Delhi,Online,Net Banking,1,13081.08,0.2,13081.08,10464.86,0,1622.05,2024,10,October,Saturday,13081.08,10464.864000000001
2024-10-05,ORD039869,CUST03021,P010,Coffee Maker,Home,Ahmedabad,Online,Credit Card,1,5115.76,0.1,5115.76,4604.18,0,415.04,2024,10,October,Saturday,5115.76,4604.184
2024-10-05,ORD022666,CUST03448,P015,Dining Table,Furniture,Ahmedabad,Online,Credit Card,2,23367.46,0.0,46734.92,46734.92,0,12071.08,2024,10,October,Saturday,46734.92,46734.92
2024-10-05,ORD012171,CUST00963,P001,Laptop,Electronics,Delhi,Online,Cash,1,68872.86,0.0,68872.86,68872.86,0,13679.11,2024,10,October,Saturday,68872.86,68872.86
2024-10-05,ORD003538,CUST01751,P001,Laptop,Electronics,Bengaluru,Online,Credit Card,1,70112.48,0.25,70112.48,52584.36,0,11538.69,2024,10,October,Saturday,70112.48,52584.36
2024-10-05,ORD011735,CUST00391,P008,Running Shoes,Fashion,Bengaluru,Store,UPI,1,3829.43,0.1,3829.43,3446.49,0,783.92,2024,10,October,Saturday,3829.43,3446.487
2024-10-05,ORD024508,CUST00313,P019,Vacuum Cleaner,Home,Pune,Store,UPI,4,8892.77,0.1,35571.08,32013.97,0,8766.67,2024,10,October,Saturday,35571.08,32013.972
2024-10-05,ORD042944,CUST01446,P017,Jeans,Fashion,Bengaluru,Store,Cash,1,2947.11,0.0,2947.11,2947.11,0,386.8,2024,10,October,Saturday,2947.11,2947.11
2024-10-05,ORD025840,CUST04334,P011,Mixer Grinder,Home,Ahmedabad,Online,Credit Card,1,4702.69,0.05,4702.69,4467.56,0,344.23,2024,10,October,Saturday,4702.69,4467.5554999999995
2024-10-05,ORD013510,CUST03860,P001,Laptop,Electronics,Bengaluru,Online,UPI,1,66685.2,0.0,66685.2,66685.2,0,9818.94,2024,10,October,Saturday,66685.2,66685.2
2024-10-05,ORD037609,CUST00597,P018,Jacket,Fashion,Bengaluru,Store,UPI,2,5600.13,0.15,11200.26,9520.22,0,2518.55,2024,10,October,Saturday,11200.26,9520.221
2024-10-05,ORD048591,CUST03009,P014,Keyboard,Electronics,Hyderabad,Online,UPI,1,2747.28,0.05,2747.28,2609.92,0,526.95,2024,10,October,Saturday,2747.28,2609.916
2024-10-05,ORD042674,CUST03471,P018,Jacket,Fashion,Surat,Online,Cash,1,5156.63,0.05,5156.63,4898.8,0,844.99,2024,10,October,Saturday,5156.63,4898.7985
2024-10-05,ORD047198,CUST04445,P013,Monitor,Electronics,Mumbai,Online,Credit Card,2,17557.81,0.15,35115.62,29848.28,0,2731.57,2024,10,October,Saturday,35115.62,29848.277000000002
2024-10-05,ORD047152,CUST00606,P003,Headphones,Electronics,Surat,Online,Net Banking,2,4051.6,0.1,8103.2,7292.88,1,-364.64,2024,10,October,Saturday,8103.2,7292.88
2024-10-05,ORD008062,CUST04012,P007,Backpack,Accessories,Pune,Store,UPI,1,2400.69,0.25,2400.69,1800.52,0,382.28,2024,10,October,Saturday,2400.69,1800.5175
2024-10-05,ORD030844,CUST02927,P015,Dining Table,Furniture,Ahmedabad,Online,UPI,1,21701.91,0.05,21701.91,20616.81,0,4757.97,2024,10,October,Saturday,21701.91,20616.8145
2024-10-05,ORD006690,CUST00612,P004,Smartwatch,Electronics,Jaipur,Store,Debit Card,1,7394.68,0.25,7394.68,5546.01,0,1130.79,2024,10,October,Saturday,7394.68,5546.01
2024-10-05,ORD009879,CUST02790,P018,Jacket,Fashion,Ahmedabad,Store,Debit Card,1,5228.05,0.1,5228.05,4705.24,0,792.86,2024,10,October,Saturday,5228.05,4705.245
2024-10-05,ORD029698,CUST01245,P006,Desk,Furniture,Pune,Online,Debit Card,3,10903.93,0.05,32711.79,31076.2,0,5205.4,2024,10,October,Saturday,32711.79,31076.2005
2024-10-05,ORD016009,CUST04797,P014,Keyboard,Electronics,Delhi,Online,UPI,4,2400.96,0.0,9603.84,9603.84,0,2771.97,2024,10,October,Saturday,9603.84,9603.84
2024-10-05,ORD012744,CUST01486,P013,Monitor,Electronics,Ahmedabad,Online,UPI,1,18716.06,0.1,18716.06,16844.45,1,-842.22,2024,10,October,Saturday,18716.06,16844.454
2024-10-05,ORD006178,CUST01901,P001,Laptop,Electronics,Surat,Online,UPI,2,62709.29,0.15,125418.58,106605.79,0,28058.36,2024,10,October,Saturday,125418.58,106605.793
2024-10-05,ORD014867,CUST01845,P019,Vacuum Cleaner,Home,Kolkata,Online,UPI,1,9294.78,0.2,9294.78,7435.82,0,1084.23,2024,10,October,Saturday,9294.78,7435.8240000000005
2024-10-05,ORD024618,CUST01496,P003,Headphones,Electronics,Chennai,Online,UPI,1,4542.41,0.2,4542.41,3633.93,1,-181.7,2024,10,October,Saturday,4542.41,3633.928
2024-10-05,ORD030582,CUST01333,P001,Laptop,Electronics,Ahmedabad,Online,Credit Card,3,64118.35,0.1,192355.05,173119.54,0,34554.58,2024,10,October,Saturday,192355.05,173119.54499999998
2024-10-05,ORD018669,CUST02926,P020,Microwave,Home,Jaipur,Store,Credit Card,1,10042.13,0.0,10042.13,10042.13,0,1577.51,2024,10,October,Saturday,10042.13,10042.13
2024-10-05,ORD049468,CUST03985,P003,Headphones,Electronics,Hyderabad,Online,Net Banking,5,4162.18,0.1,20810.9,18729.81,0,1564.19,2024,10,October,Saturday,20810.9,18729.81
2024-10-05,ORD020318,CUST01575,P018,Jacket,Fashion,Pune,Store,UPI,3,5526.49,0.05,16579.47,15750.5,0,4454.24,2024,10,October,Saturday,16579.47,15750.496500000001
2024-10-05,ORD020209,CUST04547,P014,Keyboard,Electronics,Pune,Online,Debit Card,5,2255.87,0.1,11279.35,10151.41,0,1503.59,2024,10,October,Saturday,11279.349999999999,10151.415
2024-10-05,ORD039596,CUST02940,P014,Keyboard,Electronics,Mumbai,Store,UPI,1,2347.8,0.15,2347.8,1995.63,0,224.83,2024,10,October,Saturday,2347.8,1995.63
2024-10-05,ORD038041,CUST01936,P018,Jacket,Fashion,Surat,Store,Cash,1,4868.73,0.0,4868.73,4868.73,0,917.25,2024,10,October,Saturday,4868.73,4868.73
2024-10-05,ORD020736,CUST01225,P013,Monitor,Electronics,Ahmedabad,Store,UPI,1,17587.6,0.15,17587.6,14949.46,1,-747.47,2024,10,October,Saturday,17587.6,14949.46
2024-10-05,ORD034997,CUST03811,P016,Sofa,Furniture,Pune,Online,Credit Card,2,33269.5,0.15,66539.0,56558.15,0,14020.31,2024,10,October,Saturday,66539.0,56558.15
2024-10-05,ORD003974,CUST04315,P008,Running Shoes,Fashion,Jaipur,Online,Credit Card,1,3874.16,0.1,3874.16,3486.74,0,263.04,2024,10,October,Saturday,3874.16,3486.744
2024-10-05,ORD009077,CUST03114,P010,Coffee Maker,Home,Bengaluru,Online,UPI,5,5130.88,0.05,25654.4,24371.68,1,-1218.58,2024,10,October,Saturday,25654.4,24371.68
2024-10-05,ORD007190,CUST02278,P011,Mixer Grinder,Home,Surat,Online,UPI,1,5037.08,0.05,5037.08,4785.23,0,366.56,2024,10,October,Saturday,5037.08,4785.226
2024-10-05,ORD026767,CUST03647,P006,Desk,Furniture,Kolkata,Online,UPI,1,11708.38,0.0,11708.38,11708.38,0,1939.2,2024,10,October,Saturday,11708.38,11708.38
2024-10-05,ORD018254,CUST00584,P016,Sofa,Furniture,Kolkata,Store,UPI,2,33620.69,0.1,67241.38,60517.24,0,15182.48,2024,10,October,Saturday,67241.38,60517.242000000006
2024-10-05,ORD033037,CUST04535,P003,Headphones,Electronics,Chennai,Store,Credit Card,1,4417.61,0.15,4417.61,3754.97,0,375.33,2024,10,October,Saturday,4417.61,3754.9684999999995
2024-10-05,ORD029528,CUST03604,P011,Mixer Grinder,Home,Bengaluru,Online,Credit Card,1,4819.42,0.05,4819.42,4578.45,0,369.36,2024,10,October,Saturday,4819.42,4578.449
2024-10-05,ORD039409,CUST04322,P013,Monitor,Electronics,Hyderabad,Online,Credit Card,2,17219.58,0.25,34439.16,25829.37,1,-1291.47,2024,10,October,Saturday,34439.16,25829.370000000003
2024-10-05,ORD028409,CUST00631,P001,Laptop,Electronics,Ahmedabad,Online,UPI,1,65855.95,0.1,65855.95,59270.36,0,11175.29,2024,10,October,Saturday,65855.95,59270.354999999996
2024-10-05,ORD012558,CUST00336,P008,Running Shoes,Fashion,Bengaluru,Online,UPI,1,4613.36,0.05,4613.36,4382.69,0,701.55,2024,10,October,Saturday,4613.36,4382.691999999999
2024-10-05,ORD001908,CUST02994,P002,Smartphone,Electronics,Jaipur,Store,UPI,1,30328.95,0.1,30328.95,27296.06,0,2732.45,2024,10,October,Saturday,30328.95,27296.055
2024-10-05,ORD001938,CUST03224,P014,Keyboard,Electronics,Mumbai,Store,Cash,1,2745.35,0.05,2745.35,2608.08,0,393.37,2024,10,October,Saturday,2745.35,2608.0825
2024-10-05,ORD001381,CUST01185,P006,Desk,Furniture,Surat,Online,Debit Card,1,11320.22,0.05,11320.22,10754.21,0,1576.36,2024,10,October,Saturday,11320.22,10754.208999999999
2024-10-05,ORD001626,CUST01703,P020,Microwave,Home,Surat,Online,UPI,1,12025.81,0.1,12025.81,10823.23,0,2999.26,2024,10,October,Saturday,12025.81,10823.229
2024-10-05,ORD039723,CUST00905,P018,Jacket,Fashion,Pune,Store,UPI,1,5342.84,0.1,5342.84,4808.56,0,355.99,2024,10,October,Saturday,5342.84,4808.5560000000005
2024-10-05,ORD034545,CUST04357,P003,Headphones,Electronics,Ahmedabad,Store,Debit Card,3,4751.93,0.15,14255.79,12117.42,0,1146.38,2024,10,October,Saturday,14255.79,12117.4215
2024-10-05,ORD009424,CUST02847,P011,Mixer Grinder,Home,Bengaluru,Online,Net Banking,1,4842.11,0.1,4842.11,4357.9,0,413.97,2024,10,October,Saturday,4842.11,4357.898999999999
2024-10-05,ORD033920,CUST00604,P018,Jacket,Fashion,Kolkata,Online,UPI,1,5380.75,0.05,5380.75,5111.71,0,952.41,2024,10,October,Saturday,5380.75,5111.7125
2024-10-05,ORD003257,CUST04912,P001,Laptop,Electronics,Ahmedabad,Online,Net Banking,2,64507.52,0.15,129015.04,109662.78,0,27444.18,2024,10,October,Saturday,129015.04,109662.78399999999
2024-10-05,ORD026505,CUST03560,P003,Headphones,Electronics,Hyderabad,Store,UPI,1,4808.33,0.15,4808.33,4087.08,0,1083.19,2024,10,October,Saturday,4808.33,4087.0805
2024-10-05,ORD006823,CUST04012,P015,Dining Table,Furniture,Delhi,Online,UPI,4,22972.88,0.15,91891.52,78107.79,0,13137.57,2024,10,October,Saturday,91891.52,78107.792
2024-10-05,ORD033915,CUST02441,P011,Mixer Grinder,Home,Delhi,Online,Debit Card,5,4903.22,0.1,24516.1,22064.49,0,3274.56,2024,10,October,Saturday,24516.100000000002,22064.489999999998
2024-10-05,ORD043235,CUST03583,P010,Coffee Maker,Home,Surat,Online,UPI,2,5427.88,0.2,10855.76,8684.61,0,1830.77,2024,10,October,Saturday,10855.76,8684.608
2024-10-05,ORD042343,CUST01658,P009,T-Shirt,Fashion,Delhi,Online,Credit Card,1,1227.27,0.05,1227.27,1165.91,0,261.0,2024,10,October,Saturday,1227.27,1165.9064999999998
2024-10-05,ORD007415,CUST02272,P010,Coffee Maker,Home,Ahmedabad,Store,UPI,1,5893.96,0.15,5893.96,5009.87,0,1242.88,2024,10,October,Saturday,5893.96,5009.866
2024-10-05,ORD014343,CUST03802,P007,Backpack,Accessories,Bengaluru,Store,UPI,1,2062.27,0.15,2062.27,1752.93,0,383.61,2024,10,October,Saturday,2062.27,1752.9295
2024-10-05,ORD021717,CUST00119,P007,Backpack,Accessories,Hyderabad,Store,Cash,4,2317.66,0.1,9270.64,8343.58,0,2125.35,2024,10,October,Saturday,9270.64,8343.576
2024-10-05,ORD004680,CUST01159,P005,Office Chair,Furniture,Hyderabad,Online,Credit Card,3,8859.69,0.1,26579.07,23921.16,0,5883.68,2024,10,October,Saturday,26579.07,23921.163
2024-10-06,ORD010663,CUST04105,P013,Monitor,Electronics,Chennai,Online,Credit Card,1,17752.66,0.05,17752.66,16865.03,0,3302.35,2024,10,October,Sunday,17752.66,16865.027
2024-10-06,ORD015141,CUST01659,P018,Jacket,Fashion,Ahmedabad,Online,Credit Card,1,4839.32,0.05,4839.32,4597.35,0,1031.47,2024,10,October,Sunday,4839.32,4597.353999999999
2024-10-06,ORD008669,CUST03917,P004,Smartwatch,Electronics,Ahmedabad,Online,UPI,2,6888.99,0.15,13777.98,11711.28,0,2715.5,2024,10,October,Sunday,13777.98,11711.283
2024-10-06,ORD005279,CUST02385,P001,Laptop,Electronics,Hyderabad,Store,Credit Card,1,63799.14,0.1,63799.14,57419.23,0,15892.03,2024,10,October,Sunday,63799.14,57419.226
2024-10-06,ORD048297,CUST01495,P012,Air Fryer,Home,Ahmedabad,Store,UPI,1,7462.06,0.05,7462.06,7088.96,0,891.21,2024,10,October,Sunday,7462.06,7088.957
2024-10-06,ORD003942,CUST01667,P006,Desk,Furniture,Hyderabad,Store,Debit Card,1,12047.98,0.05,12047.98,11445.58,0,3254.58,2024,10,October,Sunday,12047.98,11445.580999999998
2024-10-06,ORD049866,CUST01655,P013,Monitor,Electronics,Ahmedabad,Online,UPI,2,18643.66,0.0,37287.32,37287.32,0,9750.16,2024,10,October,Sunday,37287.32,37287.32
2024-10-06,ORD018054,CUST01118,P019,Vacuum Cleaner,Home,Pune,Online,UPI,2,8629.74,0.05,17259.48,16396.51,0,1891.57,2024,10,October,Sunday,17259.48,16396.505999999998
2024-10-06,ORD018392,CUST04566,P014,Keyboard,Electronics,Pune,Store,UPI,1,2703.87,0.0,2703.87,2703.87,0,780.84,2024,10,October,Sunday,2703.87,2703.87
2024-10-06,ORD039673,CUST00944,P017,Jeans,Fashion,Delhi,Online,Net Banking,1,2674.91,0.05,2674.91,2541.16,0,298.78,2024,10,October,Sunday,2674.91,2541.1645
2024-10-06,ORD010823,CUST00080,P016,Sofa,Furniture,Pune,Online,Credit Card,1,38222.38,0.05,38222.38,36311.26,0,8872.85,2024,10,October,Sunday,38222.38,36311.261
2024-10-06,ORD023592,CUST02892,P011,Mixer Grinder,Home,Jaipur,Online,UPI,1,4573.4,0.1,4573.4,4116.06,0,923.82,2024,10,October,Sunday,4573.4,4116.0599999999995
2024-10-06,ORD046458,CUST04998,P015,Dining Table,Furniture,Mumbai,Store,UPI,4,23834.43,0.2,95337.72,76270.18,0,19542.83,2024,10,October,Sunday,95337.72,76270.176
2024-10-06,ORD033917,CUST03228,P012,Air Fryer,Home,Jaipur,Store,Credit Card,1,7130.05,0.15,7130.05,6060.54,0,563.57,2024,10,October,Sunday,7130.05,6060.5425
2024-10-06,ORD047430,CUST00435,P013,Monitor,Electronics,Kolkata,Store,UPI,1,16501.98,0.25,16501.98,12376.48,0,2139.87,2024,10,October,Sunday,16501.98,12376.485
2024-10-06,ORD030810,CUST01363,P019,Vacuum Cleaner,Home,Ahmedabad,Online,UPI,1,9598.05,0.0,9598.05,9598.05,0,1553.47,2024,10,October,Sunday,9598.05,9598.05
2024-10-06,ORD000982,CUST02317,P013,Monitor,Electronics,Kolkata,Online,Credit Card,1,18637.56,0.15,18637.56,15841.93,0,1070.0,2024,10,October,Sunday,18637.56,15841.926000000001
2024-10-06,ORD004088,CUST02671,P015,Dining Table,Furniture,Jaipur,Online,UPI,1,22240.58,0.1,22240.58,20016.52,1,-1000.83,2024,10,October,Sunday,22240.58,20016.522
2024-10-06,ORD026898,CUST04981,P012,Air Fryer,Home,Mumbai,Store,UPI,3,7134.97,0.2,21404.91,17123.93,0,3944.21,2024,10,October,Sunday,21404.91,17123.928
2024-10-06,ORD006321,CUST01016,P020,Microwave,Home,Delhi,Online,Debit Card,1,10544.36,0.0,10544.36,10544.36,0,3104.81,2024,10,October,Sunday,10544.36,10544.36
2024-10-06,ORD009107,CUST03801,P003,Headphones,Electronics,Delhi,Store,Credit Card,5,4491.64,0.0,22458.2,22458.2,0,6373.29,2024,10,October,Sunday,22458.2,22458.2
2024-10-06,ORD004446,CUST01997,P015,Dining Table,Furniture,Ahmedabad,Store,UPI,3,23719.69,0.15,71159.07,60485.21,0,6693.0,2024,10,October,Sunday,71159.06999999999,60485.209500000004
2024-10-06,ORD036774,CUST01212,P008,Running Shoes,Fashion,Hyderabad,Store,Debit Card,1,4334.0,0.15,4334.0,3683.9,0,801.36,2024,10,October,Sunday,4334.0,3683.9
2024-10-06,ORD039610,CUST00497,P003,Headphones,Electronics,Delhi,Store,Debit Card,2,4836.97,0.0,9673.94,9673.94,0,1503.65,2024,10,October,Sunday,9673.94,9673.94
2024-10-06,ORD029790,CUST02493,P011,Mixer Grinder,Home,Pune,Online,Credit Card,1,4901.2,0.05,4901.2,4656.14,0,455.03,2024,10,October,Sunday,4901.2,4656.139999999999
2024-10-06,ORD026026,CUST00380,P017,Jeans,Fashion,Ahmedabad,Online,Credit Card,2,2703.01,0.15,5406.02,4595.12,0,1102.36,2024,10,October,Sunday,5406.02,4595.117
2024-10-06,ORD010487,CUST00166,P002,Smartphone,Electronics,Delhi,Store,UPI,1,25329.85,0.0,25329.85,25329.85,0,3547.21,2024,10,October,Sunday,25329.85,25329.85
2024-10-06,ORD009517,CUST03602,P005,Office Chair,Furniture,Surat,Store,UPI,5,9830.83,0.1,49154.15,44238.74,0,7141.07,2024,10,October,Sunday,49154.15,44238.735
2024-10-06,ORD048440,CUST00784,P003,Headphones,Electronics,Pune,Online,Cash,1,4659.71,0.25,4659.71,3494.78,0,686.36,2024,10,October,Sunday,4659.71,3494.7825000000003
2024-10-06,ORD032682,CUST02002,P010,Coffee Maker,Home,Delhi,Store,Debit Card,3,5245.5,0.1,15736.5,14162.85,0,2308.11,2024,10,October,Sunday,15736.5,14162.85
2024-10-06,ORD044125,CUST02299,P007,Backpack,Accessories,Surat,Store,Debit Card,1,2247.12,0.0,2247.12,2247.12,0,516.57,2024,10,October,Sunday,2247.12,2247.12
2024-10-06,ORD040576,CUST04780,P005,Office Chair,Furniture,Pune,Online,Credit Card,1,8788.93,0.05,8788.93,8349.48,0,1706.76,2024,10,October,Sunday,8788.93,8349.4835
2024-10-06,ORD015947,CUST02942,P009,T-Shirt,Fashion,Jaipur,Store,UPI,1,1217.67,0.05,1217.67,1156.79,0,306.45,2024,10,October,Sunday,1217.67,1156.7865
2024-10-06,ORD013742,CUST03977,P013,Monitor,Electronics,Kolkata,Online,Debit Card,1,18277.11,0.0,18277.11,18277.11,0,3342.43,2024,10,October,Sunday,18277.11,18277.11
2024-10-06,ORD047532,CUST02020,P006,Desk,Furniture,Mumbai,Store,UPI,4,11066.64,0.0,44266.56,44266.56,0,3631.17,2024,10,October,Sunday,44266.56,44266.56
2024-10-06,ORD004995,CUST02646,P018,Jacket,Fashion,Jaipur,Online,UPI,5,4713.73,0.1,23568.65,21211.78,0,1662.43,2024,10,October,Sunday,23568.649999999998,21211.785000000003
2024-10-06,ORD008277,CUST04425,P001,Laptop,Electronics,Hyderabad,Online,Cash,1,70434.24,0.05,70434.24,66912.53,0,12104.62,2024,10,October,Sunday,70434.24,66912.528
2024-10-06,ORD029314,CUST03928,P004,Smartwatch,Electronics,Mumbai,Store,UPI,1,6663.03,0.15,6663.03,5663.58,0,452.29,2024,10,October,Sunday,6663.03,5663.5755
2024-10-06,ORD042133,CUST01022,P008,Running Shoes,Fashion,Kolkata,Online,Credit Card,3,3949.15,0.05,11847.45,11255.08,0,1722.49,2024,10,October,Sunday,11847.45,11255.0775
2024-10-06,ORD004607,CUST04621,P004,Smartwatch,Electronics,Surat,Online,UPI,1,6476.58,0.05,6476.58,6152.75,0,1700.89,2024,10,October,Sunday,6476.58,6152.750999999999
2024-10-06,ORD044334,CUST04148,P017,Jeans,Fashion,Mumbai,Online,Debit Card,1,2711.28,0.1,2711.28,2440.15,0,384.65,2024,10,October,Sunday,2711.28,2440.152
2024-10-06,ORD008970,CUST01246,P003,Headphones,Electronics,Kolkata,Online,Credit Card,1,4712.12,0.15,4712.12,4005.3,0,1025.47,2024,10,October,Sunday,4712.12,4005.3019999999997
2024-10-06,ORD037249,CUST03013,P010,Coffee Maker,Home,Chennai,Online,Credit Card,3,5464.65,0.05,16393.95,15574.25,0,1835.81,2024,10,October,Sunday,16393.949999999997,15574.2525
2024-10-06,ORD036284,CUST03409,P017,Jeans,Fashion,Surat,Store,Credit Card,2,2526.47,0.1,5052.94,4547.65,0,719.11,2024,10,October,Sunday,5052.94,4547.646
2024-10-06,ORD007161,CUST04542,P014,Keyboard,Electronics,Kolkata,Online,UPI,1,2705.38,0.05,2705.38,2570.11,0,416.23,2024,10,October,Sunday,2705.38,2570.111
2024-10-06,ORD006260,CUST04387,P014,Keyboard,Electronics,Delhi,Online,Net Banking,2,2408.84,0.05,4817.68,4576.8,0,905.08,2024,10,October,Sunday,4817.68,4576.796
2024-10-06,ORD016526,CUST02479,P002,Smartphone,Electronics,Hyderabad,Online,Credit Card,1,26764.17,0.0,26764.17,26764.17,0,6570.55,2024,10,October,Sunday,26764.17,26764.17
2024-10-06,ORD042567,CUST00163,P011,Mixer Grinder,Home,Jaipur,Store,UPI,1,4913.7,0.05,4913.7,4668.01,0,379.36,2024,10,October,Sunday,4913.7,4668.014999999999
2024-10-06,ORD001291,CUST01456,P019,Vacuum Cleaner,Home,Surat,Online,UPI,5,8501.42,0.0,42507.1,42507.1,0,4253.9,2024,10,October,Sunday,42507.1,42507.1
2024-10-06,ORD006504,CUST04297,P008,Running Shoes,Fashion,Surat,Online,Debit Card,2,4554.72,0.15,9109.44,7743.02,0,2065.24,2024,10,October,Sunday,9109.44,7743.024
2024-10-06,ORD014013,CUST04457,P004,Smartwatch,Electronics,Pune,Online,UPI,1,6359.83,0.1,6359.83,5723.85,0,709.67,2024,10,October,Sunday,6359.83,5723.847
2024-10-06,ORD025453,CUST01102,P018,Jacket,Fashion,Delhi,Store,Credit Card,1,5555.45,0.05,5555.45,5277.68,0,1372.82,2024,10,October,Sunday,5555.45,5277.6775
2024-10-06,ORD041726,CUST00018,P020,Microwave,Home,Mumbai,Online,UPI,2,10636.2,0.15,21272.4,18081.54,0,1509.07,2024,10,October,Sunday,21272.4,18081.54
2024-10-06,ORD033082,CUST04804,P004,Smartwatch,Electronics,Hyderabad,Online,UPI,2,7041.57,0.15,14083.14,11970.67,1,-598.53,2024,10,October,Sunday,14083.14,11970.669
2024-10-06,ORD021839,CUST02018,P015,Dining Table,Furniture,Chennai,Online,Debit Card,4,22720.02,0.0,90880.08,90880.08,0,24734.24,2024,10,October,Sunday,90880.08,90880.08
2024-10-06,ORD034001,CUST03481,P002,Smartphone,Electronics,Jaipur,Store,Cash,1,26215.38,0.25,26215.38,19661.54,0,4184.24,2024,10,October,Sunday,26215.38,19661.535
2024-10-06,ORD037864,CUST00596,P002,Smartphone,Electronics,Mumbai,Store,UPI,3,26986.7,0.0,80960.1,80960.1,0,13218.57,2024,10,October,Sunday,80960.1,80960.1
2024-10-06,ORD034163,CUST00218,P012,Air Fryer,Home,Surat,Online,Cash,1,7084.12,0.0,7084.12,7084.12,0,804.33,2024,10,October,Sunday,7084.12,7084.12
2024-10-06,ORD025047,CUST04451,P008,Running Shoes,Fashion,Jaipur,Store,Debit Card,1,4315.99,0.15,4315.99,3668.59,0,559.45,2024,10,October,Sunday,4315.99,3668.5914999999995
2024-10-06,ORD042038,CUST01089,P011,Mixer Grinder,Home,Jaipur,Store,UPI,1,5095.36,0.0,5095.36,5095.36,0,1495.99,2024,10,October,Sunday,5095.36,5095.36
2024-10-06,ORD040828,CUST02741,P007,Backpack,Accessories,Jaipur,Online,Debit Card,1,2037.15,0.1,2037.15,1833.44,0,350.41,2024,10,October,Sunday,2037.15,1833.4350000000002
2024-10-07,ORD032133,CUST00180,P016,Sofa,Furniture,Jaipur,Online,Debit Card,1,37312.28,0.05,37312.28,35446.67,0,7912.66,2024,10,October,Monday,37312.28,35446.666
2024-10-07,ORD006142,CUST02139,P019,Vacuum Cleaner,Home,Pune,Online,UPI,3,8475.94,0.1,25427.82,22885.04,0,2823.91,2024,10,October,Monday,25427.82,22885.038
2024-10-07,ORD037077,CUST04465,P005,Office Chair,Furniture,Bengaluru,Store,Debit Card,1,9394.06,0.15,9394.06,7984.95,0,810.71,2024,10,October,Monday,9394.06,7984.950999999999
2024-10-07,ORD034745,CUST04231,P014,Keyboard,Electronics,Mumbai,Online,UPI,1,2461.36,0.1,2461.36,2215.22,0,552.15,2024,10,October,Monday,2461.36,2215.224
2024-10-07,ORD032266,CUST03149,P020,Microwave,Home,Hyderabad,Online,UPI,5,11322.28,0.05,56611.4,53780.83,0,4025.49,2024,10,October,Monday,56611.4,53780.83
2024-10-07,ORD012786,CUST01852,P013,Monitor,Electronics,Bengaluru,Online,Credit Card,1,17764.47,0.1,17764.47,15988.02,0,4232.69,2024,10,October,Monday,17764.47,15988.023000000001
2024-10-07,ORD041864,CUST03778,P005,Office Chair,Furniture,Chennai,Store,Credit Card,5,10270.06,0.15,51350.3,43647.76,0,10647.47,2024,10,October,Monday,51350.299999999996,43647.755000000005
2024-10-07,ORD009757,CUST03700,P001,Laptop,Electronics,Bengaluru,Store,UPI,1,70000.52,0.05,70000.52,66500.49,0,17272.72,2024,10,October,Monday,70000.52,66500.494
2024-10-07,ORD000768,CUST02732,P005,Office Chair,Furniture,Kolkata,Online,UPI,2,9534.61,0.2,19069.22,15255.38,0,713.67,2024,10,October,Monday,19069.22,15255.376000000002
2024-10-07,ORD004249,CUST01631,P018,Jacket,Fashion,Ahmedabad,Online,Debit Card,1,5457.48,0.1,5457.48,4911.73,0,1370.0,2024,10,October,Monday,5457.48,4911.732
2024-10-07,ORD019991,CUST01743,P013,Monitor,Electronics,Jaipur,Online,Debit Card,4,18971.4,0.05,75885.6,72091.32,0,19906.66,2024,10,October,Monday,75885.6,72091.32
2024-10-07,ORD019387,CUST02859,P007,Backpack,Accessories,Chennai,Store,UPI,2,2212.93,0.0,4425.86,4425.86,0,1197.99,2024,10,October,Monday,4425.86,4425.86
2024-10-07,ORD022950,CUST00152,P009,T-Shirt,Fashion,Jaipur,Store,UPI,3,1161.93,0.0,3485.79,3485.79,0,666.57,2024,10,October,Monday,3485.79,3485.79
2024-10-07,ORD014101,CUST04294,P010,Coffee Maker,Home,Bengaluru,Online,Net Banking,5,5685.78,0.05,28428.9,27007.46,0,6177.75,2024,10,October,Monday,28428.899999999998,27007.455
2024-10-07,ORD004416,CUST01008,P002,Smartphone,Electronics,Ahmedabad,Store,Credit Card,2,30622.41,0.2,61244.82,48995.86,0,2606.38,2024,10,October,Monday,61244.82,48995.856
2024-10-07,ORD020498,CUST02529,P004,Smartwatch,Electronics,Bengaluru,Online,UPI,3,6609.38,0.1,19828.14,17845.33,0,2609.41,2024,10,October,Monday,19828.14,17845.326
2024-10-07,ORD026837,CUST00355,P011,Mixer Grinder,Home,Pune,Store,Credit Card,1,4998.96,0.05,4998.96,4749.01,0,805.43,2024,10,October,Monday,4998.96,4749.012
2024-10-07,ORD047481,CUST01825,P010,Coffee Maker,Home,Bengaluru,Online,Credit Card,3,5711.76,0.0,17135.28,17135.28,1,-856.76,2024,10,October,Monday,17135.28,17135.28
2024-10-07,ORD040733,CUST02412,P018,Jacket,Fashion,Pune,Online,UPI,2,5713.48,0.05,11426.96,10855.61,0,1391.47,2024,10,October,Monday,11426.96,10855.612
2024-10-07,ORD040068,CUST02834,P002,Smartphone,Electronics,Mumbai,Store,Net Banking,4,29124.33,0.05,116497.32,110672.45,0,20664.39,2024,10,October,Monday,116497.32,110672.454
2024-10-07,ORD010762,CUST01578,P014,Keyboard,Electronics,Ahmedabad,Store,Credit Card,1,2710.27,0.1,2710.27,2439.24,0,213.79,2024,10,October,Monday,2710.27,2439.243
2024-10-07,ORD011093,CUST03525,P010,Coffee Maker,Home,Pune,Online,Debit Card,1,4984.13,0.1,4984.13,4485.72,0,329.33,2024,10,October,Monday,4984.13,4485.717000000001
2024-10-07,ORD022749,CUST02195,P018,Jacket,Fashion,Hyderabad,Store,UPI,2,5464.99,0.0,10929.98,10929.98,0,2242.54,2024,10,October,Monday,10929.98,10929.98
2024-10-07,ORD031594,CUST01532,P011,Mixer Grinder,Home,Chennai,Online,Credit Card,1,4531.05,0.1,4531.05,4077.94,0,254.81,2024,10,October,Monday,4531.05,4077.945
2024-10-07,ORD011854,CUST04252,P015,Dining Table,Furniture,Kolkata,Online,Debit Card,1,23806.46,0.0,23806.46,23806.46,0,6620.88,2024,10,October,Monday,23806.46,23806.46
2024-10-07,ORD010236,CUST04541,P012,Air Fryer,Home,Delhi,Store,Cash,1,7304.07,0.1,7304.07,6573.66,0,701.83,2024,10,October,Monday,7304.07,6573.663
2024-10-07,ORD048715,CUST04674,P008,Running Shoes,Fashion,Jaipur,Store,Credit Card,2,4495.06,0.0,8990.12,8990.12,0,1476.31,2024,10,October,Monday,8990.12,8990.12
2024-10-07,ORD013520,CUST00302,P002,Smartphone,Electronics,Mumbai,Online,UPI,3,28279.87,0.05,84839.61,80597.63,0,7991.01,2024,10,October,Monday,84839.61,80597.6295
2024-10-07,ORD034308,CUST02334,P004,Smartwatch,Electronics,Bengaluru,Online,Credit Card,2,7625.38,0.1,15250.76,13725.68,0,2191.04,2024,10,October,Monday,15250.76,13725.684000000001
2024-10-07,ORD043848,CUST04887,P002,Smartphone,Electronics,Ahmedabad,Store,Debit Card,1,30195.43,0.15,30195.43,25666.12,0,1416.02,2024,10,October,Monday,30195.43,25666.1155
2024-10-07,ORD017970,CUST00029,P014,Keyboard,Electronics,Pune,Online,Net Banking,5,2319.71,0.05,11598.55,11018.62,0,1499.29,2024,10,October,Monday,11598.55,11018.6225
2024-10-07,ORD015689,CUST00896,P019,Vacuum Cleaner,Home,Jaipur,Store,UPI,3,9018.51,0.05,27055.53,25702.75,0,4086.2,2024,10,October,Monday,27055.53,25702.7535
2024-10-07,ORD039446,CUST01580,P004,Smartwatch,Electronics,Mumbai,Online,Debit Card,1,6903.45,0.15,6903.45,5867.93,0,834.59,2024,10,October,Monday,6903.45,5867.9325
2024-10-07,ORD049992,CUST00654,P012,Air Fryer,Home,Surat,Online,UPI,2,6939.53,0.15,13879.06,11797.2,0,750.42,2024,10,October,Monday,13879.06,11797.201
2024-10-07,ORD047458,CUST02122,P014,Keyboard,Electronics,Hyderabad,Online,Cash,2,2479.43,0.15,4958.86,4215.03,0,442.07,2024,10,October,Monday,4958.86,4215.031
2024-10-07,ORD041119,CUST00346,P020,Microwave,Home,Mumbai,Online,Cash,2,11268.6,0.05,22537.2,21410.34,0,5043.51,2024,10,October,Monday,22537.2,21410.34
2024-10-07,ORD035433,CUST04611,P002,Smartphone,Electronics,Hyderabad,Online,Debit Card,2,28055.11,0.0,56110.22,56110.22,0,14013.26,2024,10,October,Monday,56110.22,56110.22
2024-10-07,ORD001067,CUST02763,P012,Air Fryer,Home,Mumbai,Online,Debit Card,1,7256.71,0.05,7256.71,6893.87,0,969.78,2024,10,October,Monday,7256.71,6893.8745
2024-10-07,ORD028188,CUST02008,P007,Backpack,Accessories,Hyderabad,Store,Credit Card,2,2126.04,0.15,4252.08,3614.27,0,595.49,2024,10,October,Monday,4252.08,3614.268
2024-10-07,ORD049317,CUST02462,P003,Headphones,Electronics,Delhi,Online,UPI,1,4398.9,0.25,4398.9,3299.18,0,158.24,2024,10,October,Monday,4398.9,3299.1749999999997
2024-10-07,ORD017767,CUST00343,P007,Backpack,Accessories,Hyderabad,Online,Credit Card,3,2046.93,0.15,6140.79,5219.67,0,1051.03,2024,10,October,Monday,6140.79,5219.6714999999995
2024-10-07,ORD006809,CUST04229,P009,T-Shirt,Fashion,Surat,Online,UPI,1,1174.79,0.0,1174.79,1174.79,0,261.99,2024,10,October,Monday,1174.79,1174.79
2024-10-07,ORD013336,CUST01194,P005,Office Chair,Furniture,Surat,Store,UPI,1,8596.01,0.05,8596.01,8166.21,0,2192.5,2024,10,October,Monday,8596.01,8166.2095
2024-10-07,ORD031012,CUST01049,P019,Vacuum Cleaner,Home,Hyderabad,Store,Cash,1,8896.05,0.1,8896.05,8006.44,0,1465.35,2024,10,October,Monday,8896.05,8006.445
2024-10-07,ORD044866,CUST02926,P010,Coffee Maker,Home,Hyderabad,Online,UPI,1,5843.79,0.05,5843.79,5551.6,0,768.03,2024,10,October,Monday,5843.79,5551.6005
2024-10-07,ORD036206,CUST00235,P005,Office Chair,Furniture,Hyderabad,Store,UPI,2,8944.78,0.05,17889.56,16995.08,0,3268.31,2024,10,October,Monday,17889.56,16995.082000000002
2024-10-07,ORD002243,CUST01353,P017,Jeans,Fashion,Hyderabad,Online,Debit Card,2,2708.89,0.05,5417.78,5146.89,0,831.65,2024,10,October,Monday,5417.78,5146.891
2024-10-07,ORD029580,CUST03969,P004,Smartwatch,Electronics,Ahmedabad,Online,UPI,1,6436.63,0.1,6436.63,5792.97,0,747.77,2024,10,October,Monday,6436.63,5792.967000000001
2024-10-07,ORD042705,CUST01074,P020,Microwave,Home,Chennai,Online,UPI,1,11045.82,0.1,11045.82,9941.24,0,1161.11,2024,10,October,Monday,11045.82,9941.238
2024-10-07,ORD017470,CUST00776,P019,Vacuum Cleaner,Home,Chennai,Store,Credit Card,2,8934.98,0.2,17869.96,14295.97,0,1200.26,2024,10,October,Monday,17869.96,14295.968
2024-10-07,ORD036002,CUST03190,P006,Desk,Furniture,Chennai,Online,Credit Card,1,13098.83,0.0,13098.83,13098.83,0,1545.6,2024,10,October,Monday,13098.83,13098.83
2024-10-07,ORD042881,CUST03253,P016,Sofa,Furniture,Delhi,Online,Credit Card,4,37029.35,0.05,148117.4,140711.53,0,26324.52,2024,10,October,Monday,148117.4,140711.53
2024-10-07,ORD010375,CUST00039,P012,Air Fryer,Home,Delhi,Online,Net Banking,1,6801.21,0.0,6801.21,6801.21,0,1521.11,2024,10,October,Monday,6801.21,6801.21
2024-10-07,ORD026098,CUST04077,P010,Coffee Maker,Home,Hyderabad,Online,Debit Card,1,5988.79,0.1,5988.79,5389.91,0,1414.87,2024,10,October,Monday,5988.79,5389.911
2024-10-07,ORD025693,CUST00431,P004,Smartwatch,Electronics,Chennai,Online,UPI,1,6770.19,0.1,6770.19,6093.17,0,626.21,2024,10,October,Monday,6770.19,6093.170999999999
2024-10-07,ORD049507,CUST00874,P006,Desk,Furniture,Jaipur,Store,Credit Card,2,11502.19,0.1,23004.38,20703.94,0,5370.08,2024,10,October,Monday,23004.38,20703.942000000003
2024-10-07,ORD024014,CUST03751,P011,Mixer Grinder,Home,Chennai,Online,Credit Card,1,5142.78,0.0,5142.78,5142.78,1,-257.14,2024,10,October,Monday,5142.78,5142.78
2024-10-07,ORD049487,CUST03581,P019,Vacuum Cleaner,Home,Pune,Store,UPI,1,8176.51,0.2,8176.51,6541.21,0,540.87,2024,10,October,Monday,8176.51,6541.2080000000005
2024-10-07,ORD024323,CUST04374,P003,Headphones,Electronics,Kolkata,Online,Debit Card,1,4406.65,0.2,4406.65,3525.32,0,740.51,2024,10,October,Monday,4406.65,3525.3199999999997
2024-10-07,ORD002741,CUST01333,P007,Backpack,Accessories,Bengaluru,Store,Credit Card,1,2206.4,0.1,2206.4,1985.76,1,-99.29,2024,10,October,Monday,2206.4,1985.7600000000002
2024-10-07,ORD049568,CUST01514,P011,Mixer Grinder,Home,Jaipur,Online,Credit Card,2,4710.35,0.0,9420.7,9420.7,0,1501.55,2024,10,October,Monday,9420.7,9420.7
2024-10-07,ORD033973,CUST02127,P018,Jacket,Fashion,Pune,Online,Credit Card,1,4952.99,0.0,4952.99,4952.99,0,679.92,2024,10,October,Monday,4952.99,4952.99
2024-10-07,ORD017717,CUST03391,P005,Office Chair,Furniture,Mumbai,Store,Debit Card,1,10163.73,0.0,10163.73,10163.73,0,1339.25,2024,10,October,Monday,10163.73,10163.73
2024-10-07,ORD001942,CUST04447,P003,Headphones,Electronics,Jaipur,Store,Debit Card,3,4107.3,0.05,12321.9,11705.8,0,929.49,2024,10,October,Monday,12321.900000000001,11705.804999999998
2024-10-07,ORD037654,CUST02544,P014,Keyboard,Electronics,Hyderabad,Store,UPI,1,2434.32,0.0,2434.32,2434.32,0,558.54,2024,10,October,Monday,2434.32,2434.32
2024-10-07,ORD042431,CUST01747,P018,Jacket,Fashion,Kolkata,Online,Cash,4,5335.69,0.1,21342.76,19208.48,0,3113.48,2024,10,October,Monday,21342.76,19208.484
2024-10-07,ORD046026,CUST01978,P005,Office Chair,Furniture,Chennai,Online,Credit Card,1,10206.87,0.1,10206.87,9186.18,0,1416.84,2024,10,October,Monday,10206.87,9186.183
2024-10-07,ORD043371,CUST04326,P015,Dining Table,Furniture,Pune,Store,Credit Card,1,20548.27,0.0,20548.27,20548.27,0,3347.18,2024,10,October,Monday,20548.27,20548.27
2024-10-07,ORD003181,CUST03113,P012,Air Fryer,Home,Chennai,Store,UPI,1,7193.95,0.1,7193.95,6474.56,0,512.89,2024,10,October,Monday,7193.95,6474.555
2024-10-07,ORD021380,CUST03296,P012,Air Fryer,Home,Surat,Online,Credit Card,1,6926.9,0.1,6926.9,6234.21,0,1049.42,2024,10,October,Monday,6926.9,6234.21
2024-10-07,ORD008825,CUST01098,P016,Sofa,Furniture,Bengaluru,Online,Credit Card,2,36276.28,0.0,72552.56,72552.56,0,6173.43,2024,10,October,Monday,72552.56,72552.56
2024-10-07,ORD008249,CUST02568,P007,Backpack,Accessories,Mumbai,Store,UPI,1,2352.05,0.0,2352.05,2352.05,0,381.54,2024,10,October,Monday,2352.05,2352.05
2024-10-07,ORD025442,CUST02186,P002,Smartphone,Electronics,Ahmedabad,Online,Cash,1,30072.78,0.1,30072.78,27065.5,0,2951.02,2024,10,October,Monday,30072.78,27065.502
2024-10-07,ORD022413,CUST00484,P015,Dining Table,Furniture,Kolkata,Store,UPI,1,21762.09,0.0,21762.09,21762.09,0,4557.98,2024,10,October,Monday,21762.09,21762.09
2024-10-07,ORD048654,CUST04053,P007,Backpack,Accessories,Hyderabad,Store,UPI,1,2228.22,0.2,2228.22,1782.58,0,264.32,2024,10,October,Monday,2228.22,1782.576
2024-10-07,ORD029618,CUST01548,P012,Air Fryer,Home,Hyderabad,Online,Credit Card,2,7499.66,0.2,14999.32,11999.46,0,1780.13,2024,10,October,Monday,14999.32,11999.456
2024-10-07,ORD017274,CUST04427,P012,Air Fryer,Home,Mumbai,Store,Net Banking,3,7428.71,0.1,22286.13,20057.52,0,5069.37,2024,10,October,Monday,22286.13,20057.517
2024-10-07,ORD041911,CUST03938,P003,Headphones,Electronics,Mumbai,Store,Net Banking,1,4726.6,0.05,4726.6,4490.27,0,344.92,2024,10,October,Monday,4726.6,4490.27
2024-10-08,ORD020274,CUST01400,P009,T-Shirt,Fashion,Kolkata,Store,UPI,4,1318.84,0.15,5275.36,4484.06,0,314.39,2024,10,October,Tuesday,5275.36,4484.056
2024-10-08,ORD046811,CUST03144,P007,Backpack,Accessories,Pune,Online,Credit Card,1,2127.89,0.05,2127.89,2021.5,0,585.03,2024,10,October,Tuesday,2127.89,2021.4954999999998
2024-10-08,ORD030712,CUST02437,P001,Laptop,Electronics,Mumbai,Online,Credit Card,3,65743.79,0.2,197231.37,157785.1,0,14939.86,2024,10,October,Tuesday,197231.37,157785.09600000002
2024-10-08,ORD047477,CUST00260,P007,Backpack,Accessories,Delhi,Store,Net Banking,1,2075.23,0.05,2075.23,1971.47,0,495.63,2024,10,October,Tuesday,2075.23,1971.4685
2024-10-08,ORD040517,CUST00610,P013,Monitor,Electronics,Delhi,Store,UPI,1,19668.99,0.05,19668.99,18685.54,0,2944.59,2024,10,October,Tuesday,19668.99,18685.5405
2024-10-08,ORD040530,CUST01386,P001,Laptop,Electronics,Hyderabad,Store,Credit Card,2,64898.45,0.15,129796.9,110327.36,0,12895.07,2024,10,October,Tuesday,129796.9,110327.36499999999
2024-10-08,ORD002993,CUST04494,P020,Microwave,Home,Kolkata,Store,Debit Card,2,10726.29,0.05,21452.58,20379.95,0,3700.65,2024,10,October,Tuesday,21452.58,20379.951
2024-10-08,ORD046476,CUST04540,P010,Coffee Maker,Home,Ahmedabad,Store,Net Banking,1,6005.4,0.1,6005.4,5404.86,0,558.32,2024,10,October,Tuesday,6005.4,5404.86
2024-10-08,ORD042943,CUST04997,P006,Desk,Furniture,Ahmedabad,Online,Credit Card,1,12762.31,0.05,12762.31,12124.19,0,2087.34,2024,10,October,Tuesday,12762.31,12124.1945
2024-10-08,ORD040457,CUST01641,P015,Dining Table,Furniture,Kolkata,Store,Credit Card,1,20516.61,0.15,20516.61,17439.12,1,-871.96,2024,10,October,Tuesday,20516.61,17439.1185
2024-10-08,ORD041705,CUST01388,P009,T-Shirt,Fashion,Jaipur,Store,Debit Card,1,1250.04,0.0,1250.04,1250.04,0,348.85,2024,10,October,Tuesday,1250.04,1250.04
2024-10-08,ORD033535,CUST01935,P004,Smartwatch,Electronics,Jaipur,Online,Net Banking,1,6417.15,0.0,6417.15,6417.15,0,1505.62,2024,10,October,Tuesday,6417.15,6417.15
2024-10-08,ORD021322,CUST04338,P005,Office Chair,Furniture,Mumbai,Online,Credit Card,2,9567.56,0.25,19135.12,14351.34,0,2951.21,2024,10,October,Tuesday,19135.12,14351.34
2024-10-08,ORD009130,CUST04017,P016,Sofa,Furniture,Hyderabad,Online,Credit Card,1,33133.43,0.05,33133.43,31476.76,0,2509.06,2024,10,October,Tuesday,33133.43,31476.7585
2024-10-08,ORD020235,CUST01421,P001,Laptop,Electronics,Mumbai,Online,UPI,5,68722.12,0.1,343610.6,309249.54,1,-15462.48,2024,10,October,Tuesday,343610.6,309249.54
2024-10-08,ORD013587,CUST00579,P019,Vacuum Cleaner,Home,Ahmedabad,Online,Credit Card,1,8797.76,0.0,8797.76,8797.76,1,-439.89,2024,10,October,Tuesday,8797.76,8797.76
2024-10-08,ORD016175,CUST00661,P017,Jeans,Fashion,Hyderabad,Online,Credit Card,2,2885.31,0.15,5770.62,4905.03,0,528.64,2024,10,October,Tuesday,5770.62,4905.027
2024-10-08,ORD026791,CUST04063,P003,Headphones,Electronics,Delhi,Online,Credit Card,1,4588.35,0.1,4588.35,4129.52,0,1012.47,2024,10,October,Tuesday,4588.35,4129.515
2024-10-08,ORD007305,CUST03375,P005,Office Chair,Furniture,Kolkata,Online,Debit Card,3,9419.75,0.2,28259.25,22607.4,1,-1130.37,2024,10,October,Tuesday,28259.25,22607.4
2024-10-08,ORD036902,CUST01677,P017,Jeans,Fashion,Surat,Store,Net Banking,1,2814.78,0.15,2814.78,2392.56,0,460.68,2024,10,October,Tuesday,2814.78,2392.563
2024-10-08,ORD029986,CUST01675,P012,Air Fryer,Home,Kolkata,Store,UPI,4,6915.24,0.0,27660.96,27660.96,0,7805.23,2024,10,October,Tuesday,27660.96,27660.96
2024-10-08,ORD011604,CUST00682,P013,Monitor,Electronics,Kolkata,Store,UPI,1,17992.52,0.05,17992.52,17092.89,0,3183.34,2024,10,October,Tuesday,17992.52,17092.894
2024-10-08,ORD003731,CUST02669,P012,Air Fryer,Home,Hyderabad,Store,UPI,3,6754.55,0.1,20263.65,18237.29,0,1692.61,2024,10,October,Tuesday,20263.65,18237.285000000003
2024-10-08,ORD028872,CUST00309,P010,Coffee Maker,Home,Mumbai,Store,Credit Card,1,5102.01,0.0,5102.01,5102.01,0,1176.28,2024,10,October,Tuesday,5102.01,5102.01
2024-10-08,ORD035490,CUST04690,P014,Keyboard,Electronics,Surat,Store,UPI,1,2610.49,0.05,2610.49,2479.97,0,599.46,2024,10,October,Tuesday,2610.49,2479.9655
2024-10-08,ORD046855,CUST02457,P009,T-Shirt,Fashion,Jaipur,Store,UPI,1,1242.44,0.15,1242.44,1056.07,0,196.8,2024,10,October,Tuesday,1242.44,1056.074
2024-10-08,ORD049887,CUST02462,P018,Jacket,Fashion,Kolkata,Store,Net Banking,1,5493.89,0.0,5493.89,5493.89,0,1165.38,2024,10,October,Tuesday,5493.89,5493.89
2024-10-08,ORD009251,CUST02668,P005,Office Chair,Furniture,Mumbai,Online,Cash,1,9633.42,0.0,9633.42,9633.42,0,1838.13,2024,10,October,Tuesday,9633.42,9633.42
2024-10-08,ORD039129,CUST01224,P014,Keyboard,Electronics,Hyderabad,Online,UPI,1,2433.69,0.05,2433.69,2312.01,0,173.28,2024,10,October,Tuesday,2433.69,2312.0054999999998
2024-10-08,ORD003674,CUST02328,P006,Desk,Furniture,Pune,Online,Net Banking,5,12998.07,0.05,64990.35,61740.83,0,17255.66,2024,10,October,Tuesday,64990.35,61740.8325
2024-10-08,ORD022915,CUST00424,P014,Keyboard,Electronics,Bengaluru,Online,UPI,1,2479.47,0.05,2479.47,2355.5,0,635.35,2024,10,October,Tuesday,2479.47,2355.4964999999997
2024-10-08,ORD002707,CUST00278,P010,Coffee Maker,Home,Pune,Online,UPI,1,5294.14,0.0,5294.14,5294.14,0,1212.23,2024,10,October,Tuesday,5294.14,5294.14
2024-10-08,ORD010538,CUST02623,P001,Laptop,Electronics,Hyderabad,Online,UPI,1,71185.4,0.1,71185.4,64066.86,0,11414.21,2024,10,October,Tuesday,71185.4,64066.85999999999
2024-10-08,ORD006112,CUST01862,P009,T-Shirt,Fashion,Surat,Online,Credit Card,1,1243.53,0.1,1243.53,1119.18,0,265.66,2024,10,October,Tuesday,1243.53,1119.177
2024-10-08,ORD004968,CUST02178,P009,T-Shirt,Fashion,Surat,Store,UPI,1,1213.22,0.05,1213.22,1152.56,0,183.58,2024,10,October,Tuesday,1213.22,1152.559
2024-10-08,ORD021813,CUST03971,P001,Laptop,Electronics,Kolkata,Store,Net Banking,1,62408.83,0.1,62408.83,56167.95,0,7733.28,2024,10,October,Tuesday,62408.83,56167.947
2024-10-08,ORD023678,CUST04696,P004,Smartwatch,Electronics,Ahmedabad,Store,Credit Card,1,7545.17,0.05,7545.17,7167.91,0,1461.83,2024,10,October,Tuesday,7545.17,7167.9115
2024-10-08,ORD023087,CUST04787,P016,Sofa,Furniture,Kolkata,Online,UPI,2,31904.04,0.1,63808.08,57427.27,0,11176.18,2024,10,October,Tuesday,63808.08,57427.272000000004
2024-10-08,ORD003022,CUST04433,P008,Running Shoes,Fashion,Pune,Online,Net Banking,1,4242.59,0.1,4242.59,3818.33,0,969.06,2024,10,October,Tuesday,4242.59,3818.331
2024-10-08,ORD042765,CUST01101,P006,Desk,Furniture,Kolkata,Store,Credit Card,1,12619.4,0.0,12619.4,12619.4,0,2586.14,2024,10,October,Tuesday,12619.4,12619.4
2024-10-08,ORD038150,CUST04899,P004,Smartwatch,Electronics,Jaipur,Store,UPI,2,7655.04,0.2,15310.08,12248.06,0,1595.9,2024,10,October,Tuesday,15310.08,12248.064
2024-10-08,ORD043766,CUST02402,P010,Coffee Maker,Home,Ahmedabad,Online,Net Banking,1,5185.03,0.2,5185.03,4148.02,0,1040.16,2024,10,October,Tuesday,5185.03,4148.024
2024-10-08,ORD036522,CUST00738,P002,Smartphone,Electronics,Pune,Store,Debit Card,3,25425.59,0.1,76276.77,68649.09,0,15247.91,2024,10,October,Tuesday,76276.77,68649.09300000001
2024-10-08,ORD022042,CUST04593,P015,Dining Table,Furniture,Ahmedabad,Store,UPI,1,19979.54,0.1,19979.54,17981.59,0,4730.68,2024,10,October,Tuesday,19979.54,17981.586000000003
2024-10-08,ORD035137,CUST00601,P014,Keyboard,Electronics,Jaipur,Store,Credit Card,1,2283.17,0.05,2283.17,2169.01,0,234.82,2024,10,October,Tuesday,2283.17,2169.0115
2024-10-08,ORD023111,CUST01276,P002,Smartphone,Electronics,Hyderabad,Online,UPI,1,28073.69,0.05,28073.69,26670.01,0,3202.25,2024,10,October,Tuesday,28073.69,26670.0055
2024-10-08,ORD042282,CUST02371,P020,Microwave,Home,Mumbai,Store,UPI,1,10255.13,0.1,10255.13,9229.62,0,878.71,2024,10,October,Tuesday,10255.13,9229.617
2024-10-08,ORD027799,CUST01758,P015,Dining Table,Furniture,Chennai,Store,Cash,1,23946.08,0.1,23946.08,21551.47,0,3737.0,2024,10,October,Tuesday,23946.08,21551.472
2024-10-08,ORD028974,CUST03231,P003,Headphones,Electronics,Pune,Online,UPI,5,4059.52,0.05,20297.6,19282.72,0,3478.46,2024,10,October,Tuesday,20297.6,19282.719999999998
2024-10-08,ORD016741,CUST01572,P013,Monitor,Electronics,Pune,Store,Cash,2,19395.95,0.25,38791.9,29093.93,0,2810.99,2024,10,October,Tuesday,38791.9,29093.925000000003
2024-10-08,ORD022473,CUST04916,P006,Desk,Furniture,Hyderabad,Store,Debit Card,3,11454.31,0.05,34362.93,32644.78,0,6221.34,2024,10,October,Tuesday,34362.93,32644.783499999998
2024-10-08,ORD008078,CUST03108,P018,Jacket,Fashion,Pune,Store,Net Banking,1,4926.02,0.1,4926.02,4433.42,0,359.35,2024,10,October,Tuesday,4926.02,4433.418000000001
2024-10-08,ORD038977,CUST02865,P019,Vacuum Cleaner,Home,Surat,Online,UPI,2,9751.97,0.15,19503.94,16578.35,0,3689.18,2024,10,October,Tuesday,19503.94,16578.349
2024-10-08,ORD030657,CUST02434,P009,T-Shirt,Fashion,Bengaluru,Online,UPI,1,1109.83,0.15,1109.83,943.36,0,229.49,2024,10,October,Tuesday,1109.83,943.3554999999999
2024-10-08,ORD035500,CUST04290,P015,Dining Table,Furniture,Kolkata,Online,UPI,2,22819.77,0.0,45639.54,45639.54,0,11555.05,2024,10,October,Tuesday,45639.54,45639.54
2024-10-08,ORD030177,CUST01028,P017,Jeans,Fashion,Mumbai,Online,Net Banking,4,2910.52,0.05,11642.08,11059.98,0,1165.67,2024,10,October,Tuesday,11642.08,11059.975999999999
2024-10-08,ORD012012,CUST00029,P014,Keyboard,Electronics,Jaipur,Store,Credit Card,1,2595.87,0.1,2595.87,2336.28,0,378.3,2024,10,October,Tuesday,2595.87,2336.283
2024-10-08,ORD044888,CUST03165,P019,Vacuum Cleaner,Home,Ahmedabad,Online,UPI,4,9232.55,0.0,36930.2,36930.2,0,10399.32,2024,10,October,Tuesday,36930.2,36930.2
2024-10-08,ORD010459,CUST03504,P002,Smartphone,Electronics,Kolkata,Online,Credit Card,1,30448.96,0.0,30448.96,30448.96,0,8109.59,2024,10,October,Tuesday,30448.96,30448.96
2024-10-08,ORD015886,CUST01657,P012,Air Fryer,Home,Bengaluru,Online,UPI,1,7395.62,0.1,7395.62,6656.06,0,1343.11,2024,10,October,Tuesday,7395.62,6656.058
2024-10-08,ORD009368,CUST02135,P007,Backpack,Accessories,Pune,Online,UPI,2,2413.85,0.05,4827.7,4586.31,0,873.86,2024,10,October,Tuesday,4827.7,4586.315
2024-10-08,ORD015913,CUST02285,P010,Coffee Maker,Home,Pune,Online,UPI,1,5131.53,0.1,5131.53,4618.38,0,512.18,2024,10,October,Tuesday,5131.53,4618.3769999999995
2024-10-08,ORD016048,CUST03392,P017,Jeans,Fashion,Mumbai,Store,UPI,1,3001.31,0.1,3001.31,2701.18,1,-135.06,2024,10,October,Tuesday,3001.31,2701.179
2024-10-08,ORD034820,CUST02233,P013,Monitor,Electronics,Hyderabad,Online,Cash,3,16851.59,0.1,50554.77,45499.29,0,10866.94,2024,10,October,Tuesday,50554.770000000004,45499.293
2024-10-08,ORD049326,CUST02237,P009,T-Shirt,Fashion,Chennai,Online,Debit Card,1,1290.71,0.1,1290.71,1161.64,0,295.13,2024,10,October,Tuesday,1290.71,1161.6390000000001
2024-10-08,ORD016018,CUST01981,P007,Backpack,Accessories,Chennai,Online,Credit Card,2,2000.16,0.05,4000.32,3800.3,0,1083.99,2024,10,October,Tuesday,4000.32,3800.304
2024-10-08,ORD034920,CUST03406,P014,Keyboard,Electronics,Pune,Store,UPI,5,2334.98,0.05,11674.9,11091.16,0,2380.59,2024,10,October,Tuesday,11674.9,11091.154999999999
2024-10-08,ORD036575,CUST01281,P004,Smartwatch,Electronics,Pune,Store,Credit Card,1,6647.94,0.15,6647.94,5650.75,0,1464.06,2024,10,October,Tuesday,6647.94,5650.749
2024-10-08,ORD037638,CUST02130,P002,Smartphone,Electronics,Bengaluru,Store,Credit Card,1,29220.68,0.1,29220.68,26298.61,0,4902.81,2024,10,October,Tuesday,29220.68,26298.612
2024-10-08,ORD046143,CUST00538,P016,Sofa,Furniture,Chennai,Online,UPI,1,34026.32,0.25,34026.32,25519.74,0,2401.24,2024,10,October,Tuesday,34026.32,25519.739999999998
2024-10-08,ORD043391,CUST01078,P001,Laptop,Electronics,Surat,Store,UPI,2,69903.23,0.15,139806.46,118835.49,0,30426.89,2024,10,October,Tuesday,139806.46,118835.491
2024-10-09,ORD039719,CUST00570,P015,Dining Table,Furniture,Chennai,Store,Credit Card,2,22727.05,0.0,45454.1,45454.1,1,-2272.7,2024,10,October,Wednesday,45454.1,45454.1
2024-10-09,ORD023908,CUST01142,P008,Running Shoes,Fashion,Mumbai,Online,Net Banking,2,4344.29,0.1,8688.58,7819.72,0,481.7,2024,10,October,Wednesday,8688.58,7819.722
2024-10-09,ORD024994,CUST01978,P002,Smartphone,Electronics,Surat,Online,Cash,1,27683.82,0.15,27683.82,23531.25,0,3792.88,2024,10,October,Wednesday,27683.82,23531.247
2024-10-09,ORD000459,CUST01755,P008,Running Shoes,Fashion,Hyderabad,Online,UPI,2,4513.36,0.05,9026.72,8575.38,0,701.46,2024,10,October,Wednesday,9026.72,8575.383999999998
2024-10-09,ORD035174,CUST00632,P011,Mixer Grinder,Home,Hyderabad,Online,UPI,1,4803.35,0.0,4803.35,4803.35,0,455.63,2024,10,October,Wednesday,4803.35,4803.35
2024-10-09,ORD005977,CUST00229,P007,Backpack,Accessories,Kolkata,Online,UPI,1,2209.59,0.1,2209.59,1988.63,0,410.41,2024,10,October,Wednesday,2209.59,1988.631
2024-10-09,ORD043184,CUST04439,P008,Running Shoes,Fashion,Pune,Online,Credit Card,4,4509.41,0.0,18037.64,18037.64,0,2444.76,2024,10,October,Wednesday,18037.64,18037.64
2024-10-09,ORD042773,CUST00868,P013,Monitor,Electronics,Delhi,Online,Debit Card,1,17637.01,0.05,17637.01,16755.16,0,4681.13,2024,10,October,Wednesday,17637.01,16755.159499999998
2024-10-09,ORD038884,CUST01598,P013,Monitor,Electronics,Bengaluru,Store,UPI,5,17748.77,0.0,88743.85,88743.85,0,10467.53,2024,10,October,Wednesday,88743.85,88743.85
2024-10-09,ORD034009,CUST04002,P004,Smartwatch,Electronics,Pune,Online,Credit Card,2,6463.61,0.0,12927.22,12927.22,0,3732.73,2024,10,October,Wednesday,12927.22,12927.22
2024-10-09,ORD031106,CUST04230,P015,Dining Table,Furniture,Hyderabad,Online,Debit Card,1,20970.01,0.15,20970.01,17824.51,0,2814.4,2024,10,October,Wednesday,20970.01,17824.5085
2024-10-09,ORD017984,CUST04492,P003,Headphones,Electronics,Pune,Store,Debit Card,1,4539.14,0.0,4539.14,4539.14,0,910.24,2024,10,October,Wednesday,4539.14,4539.14
2024-10-09,ORD004842,CUST02062,P017,Jeans,Fashion,Pune,Store,Cash,1,2624.18,0.05,2624.18,2492.97,0,631.54,2024,10,October,Wednesday,2624.18,2492.9709999999995
2024-10-09,ORD022430,CUST02976,P010,Coffee Maker,Home,Delhi,Store,UPI,1,5656.03,0.05,5656.03,5373.23,0,1242.45,2024,10,October,Wednesday,5656.03,5373.228499999999
2024-10-09,ORD030469,CUST02592,P015,Dining Table,Furniture,Hyderabad,Store,Credit Card,1,22290.48,0.1,22290.48,20061.43,0,2087.16,2024,10,October,Wednesday,22290.48,20061.432
2024-10-09,ORD033325,CUST04811,P013,Monitor,Electronics,Hyderabad,Store,Credit Card,1,19563.01,0.2,19563.01,15650.41,0,1922.54,2024,10,October,Wednesday,19563.01,15650.408
2024-10-09,ORD021688,CUST01132,P007,Backpack,Accessories,Hyderabad,Online,Credit Card,1,2374.22,0.15,2374.22,2018.09,0,124.71,2024,10,October,Wednesday,2374.22,2018.0869999999998
2024-10-09,ORD005870,CUST02253,P011,Mixer Grinder,Home,Ahmedabad,Online,Debit Card,1,4984.47,0.15,4984.47,4236.8,0,233.99,2024,10,October,Wednesday,4984.47,4236.7995
2024-10-09,ORD016796,CUST03953,P010,Coffee Maker,Home,Bengaluru,Store,Credit Card,1,5466.85,0.1,5466.85,4920.17,0,1325.71,2024,10,October,Wednesday,5466.85,4920.165000000001
2024-10-09,ORD028042,CUST04548,P002,Smartphone,Electronics,Mumbai,Online,Net Banking,1,27529.83,0.1,27529.83,24776.85,0,2876.87,2024,10,October,Wednesday,27529.83,24776.847
2024-10-09,ORD029191,CUST02079,P007,Backpack,Accessories,Surat,Online,Credit Card,1,2342.35,0.1,2342.35,2108.11,0,457.31,2024,10,October,Wednesday,2342.35,2108.115
2024-10-09,ORD025111,CUST00429,P004,Smartwatch,Electronics,Chennai,Online,UPI,1,6471.64,0.2,6471.64,5177.31,0,987.8,2024,10,October,Wednesday,6471.64,5177.312000000001
2024-10-09,ORD042539,CUST04319,P014,Keyboard,Electronics,Hyderabad,Online,Credit Card,1,2410.15,0.1,2410.15,2169.14,0,480.4,2024,10,October,Wednesday,2410.15,2169.135
2024-10-09,ORD046954,CUST01745,P002,Smartphone,Electronics,Pune,Online,Cash,1,26463.44,0.1,26463.44,23817.1,0,3020.33,2024,10,October,Wednesday,26463.44,23817.095999999998
2024-10-09,ORD025086,CUST04038,P018,Jacket,Fashion,Delhi,Store,Credit Card,1,5472.93,0.1,5472.93,4925.64,0,471.58,2024,10,October,Wednesday,5472.93,4925.637000000001
2024-10-09,ORD041114,CUST00758,P014,Keyboard,Electronics,Hyderabad,Store,Debit Card,4,2708.0,0.1,10832.0,9748.8,0,2713.69,2024,10,October,Wednesday,10832.0,9748.800000000001
2024-10-09,ORD049401,CUST01787,P011,Mixer Grinder,Home,Hyderabad,Store,UPI,1,5116.75,0.1,5116.75,4605.08,0,764.92,2024,10,October,Wednesday,5116.75,4605.075
2024-10-09,ORD035367,CUST02250,P003,Headphones,Electronics,Delhi,Online,Debit Card,4,4573.73,0.05,18294.92,17380.17,0,2652.29,2024,10,October,Wednesday,18294.92,17380.174
2024-10-09,ORD043860,CUST04734,P019,Vacuum Cleaner,Home,Bengaluru,Online,Credit Card,4,8978.07,0.2,35912.28,28729.82,0,5046.92,2024,10,October,Wednesday,35912.28,28729.824
2024-10-09,ORD015835,CUST00019,P003,Headphones,Electronics,Pune,Online,UPI,1,4893.15,0.1,4893.15,4403.84,0,565.2,2024,10,October,Wednesday,4893.15,4403.835
2024-10-09,ORD023057,CUST02095,P010,Coffee Maker,Home,Surat,Online,Credit Card,4,5723.7,0.0,22894.8,22894.8,1,-1144.74,2024,10,October,Wednesday,22894.8,22894.8
2024-10-09,ORD031602,CUST01397,P020,Microwave,Home,Kolkata,Online,UPI,1,11181.76,0.05,11181.76,10622.67,0,1669.41,2024,10,October,Wednesday,11181.76,10622.672
2024-10-09,ORD009032,CUST00976,P005,Office Chair,Furniture,Ahmedabad,Store,Cash,5,9253.74,0.05,46268.7,43955.26,0,9174.72,2024,10,October,Wednesday,46268.7,43955.26499999999
2024-10-09,ORD015780,CUST04668,P009,T-Shirt,Fashion,Delhi,Online,Net Banking,2,1180.95,0.0,2361.9,2361.9,0,424.88,2024,10,October,Wednesday,2361.9,2361.9
2024-10-09,ORD012072,CUST02235,P003,Headphones,Electronics,Chennai,Online,Cash,2,4894.9,0.05,9789.8,9300.31,0,1946.19,2024,10,October,Wednesday,9789.8,9300.31
2024-10-09,ORD014053,CUST02013,P011,Mixer Grinder,Home,Jaipur,Online,Cash,1,4532.87,0.0,4532.87,4532.87,0,855.24,2024,10,October,Wednesday,4532.87,4532.87
2024-10-09,ORD011241,CUST00960,P007,Backpack,Accessories,Delhi,Online,Debit Card,1,2207.29,0.15,2207.29,1876.2,0,355.03,2024,10,October,Wednesday,2207.29,1876.1965
2024-10-09,ORD049494,CUST02627,P006,Desk,Furniture,Chennai,Store,Credit Card,1,12949.63,0.2,12949.63,10359.7,0,1333.88,2024,10,October,Wednesday,12949.63,10359.704
2024-10-09,ORD019980,CUST04240,P014,Keyboard,Electronics,Hyderabad,Store,UPI,2,2403.39,0.1,4806.78,4326.1,1,-216.31,2024,10,October,Wednesday,4806.78,4326.102
2024-10-09,ORD031368,CUST00143,P010,Coffee Maker,Home,Bengaluru,Online,UPI,5,5322.42,0.05,26612.1,25281.5,0,6797.46,2024,10,October,Wednesday,26612.1,25281.495
2024-10-09,ORD008027,CUST04355,P013,Monitor,Electronics,Mumbai,Online,UPI,1,18647.69,0.05,18647.69,17715.31,0,1851.39,2024,10,October,Wednesday,18647.69,17715.3055
2024-10-09,ORD006458,CUST02311,P011,Mixer Grinder,Home,Hyderabad,Online,Debit Card,1,5038.43,0.1,5038.43,4534.59,0,1216.43,2024,10,October,Wednesday,5038.43,4534.587
2024-10-09,ORD048200,CUST00696,P015,Dining Table,Furniture,Pune,Store,UPI,1,21974.96,0.15,21974.96,18678.72,0,940.43,2024,10,October,Wednesday,21974.96,18678.716
2024-10-09,ORD038184,CUST03178,P003,Headphones,Electronics,Hyderabad,Online,Credit Card,1,4150.88,0.2,4150.88,3320.7,0,808.27,2024,10,October,Wednesday,4150.88,3320.704
2024-10-09,ORD010635,CUST04801,P001,Laptop,Electronics,Jaipur,Online,UPI,1,67467.74,0.15,67467.74,57347.58,0,12399.73,2024,10,October,Wednesday,67467.74,57347.579000000005
2024-10-09,ORD013747,CUST04537,P006,Desk,Furniture,Chennai,Store,Credit Card,2,11472.32,0.05,22944.64,21797.41,0,4721.92,2024,10,October,Wednesday,22944.64,21797.408
2024-10-09,ORD032515,CUST01731,P014,Keyboard,Electronics,Ahmedabad,Store,UPI,1,2658.55,0.15,2658.55,2259.77,0,153.73,2024,10,October,Wednesday,2658.55,2259.7675
2024-10-09,ORD014756,CUST03544,P003,Headphones,Electronics,Mumbai,Store,Cash,1,4126.76,0.05,4126.76,3920.42,0,639.38,2024,10,October,Wednesday,4126.76,3920.422
2024-10-09,ORD046100,CUST01219,P010,Coffee Maker,Home,Jaipur,Store,Credit Card,1,4975.61,0.0,4975.61,4975.61,0,1227.95,2024,10,October,Wednesday,4975.61,4975.61
2024-10-09,ORD020576,CUST01037,P008,Running Shoes,Fashion,Chennai,Store,UPI,1,4270.01,0.2,4270.01,3416.01,0,222.12,2024,10,October,Wednesday,4270.01,3416.0080000000003
2024-10-09,ORD027704,CUST01716,P005,Office Chair,Furniture,Pune,Online,UPI,5,10449.2,0.0,52246.0,52246.0,0,4890.92,2024,10,October,Wednesday,52246.0,52246.0
2024-10-09,ORD029092,CUST04454,P014,Keyboard,Electronics,Jaipur,Store,Credit Card,2,2714.63,0.05,5429.26,5157.8,0,899.03,2024,10,October,Wednesday,5429.26,5157.797
2024-10-09,ORD026018,CUST03654,P011,Mixer Grinder,Home,Hyderabad,Online,Credit Card,4,4654.64,0.15,18618.56,15825.78,0,3778.55,2024,10,October,Wednesday,18618.56,15825.776
2024-10-09,ORD010213,CUST01496,P013,Monitor,Electronics,Chennai,Store,Credit Card,2,19539.53,0.0,39079.06,39079.06,0,9310.79,2024,10,October,Wednesday,39079.06,39079.06
2024-10-09,ORD026827,CUST02591,P005,Office Chair,Furniture,Chennai,Store,UPI,5,8829.18,0.1,44145.9,39731.31,0,6339.62,2024,10,October,Wednesday,44145.9,39731.310000000005
2024-10-09,ORD003328,CUST04557,P007,Backpack,Accessories,Surat,Store,Credit Card,5,2111.21,0.05,10556.05,10028.25,0,2299.0,2024,10,October,Wednesday,10556.05,10028.2475
2024-10-09,ORD011103,CUST01087,P015,Dining Table,Furniture,Surat,Store,Debit Card,3,21613.94,0.1,64841.82,58357.64,0,3918.92,2024,10,October,Wednesday,64841.81999999999,58357.638
2024-10-09,ORD030325,CUST02927,P003,Headphones,Electronics,Kolkata,Online,Debit Card,1,4665.54,0.05,4665.54,4432.26,0,1006.41,2024,10,October,Wednesday,4665.54,4432.263
2024-10-09,ORD002083,CUST04054,P015,Dining Table,Furniture,Pune,Online,UPI,2,21162.25,0.15,42324.5,35975.82,0,5647.47,2024,10,October,Wednesday,42324.5,35975.825
2024-10-09,ORD022367,CUST04901,P002,Smartphone,Electronics,Delhi,Store,Credit Card,1,27610.05,0.1,27610.05,24849.04,0,3451.46,2024,10,October,Wednesday,27610.05,24849.045
2024-10-09,ORD001362,CUST00416,P001,Laptop,Electronics,Mumbai,Online,UPI,1,67232.98,0.1,67232.98,60509.68,0,5169.62,2024,10,October,Wednesday,67232.98,60509.682
2024-10-09,ORD049738,CUST00411,P019,Vacuum Cleaner,Home,Mumbai,Online,UPI,1,9408.09,0.1,9408.09,8467.28,0,511.96,2024,10,October,Wednesday,9408.09,8467.281
2024-10-09,ORD013895,CUST04557,P003,Headphones,Electronics,Jaipur,Online,Cash,1,4482.33,0.1,4482.33,4034.1,1,-201.7,2024,10,October,Wednesday,4482.33,4034.097
2024-10-09,ORD007341,CUST00040,P004,Smartwatch,Electronics,Mumbai,Online,Credit Card,5,6870.47,0.05,34352.35,32634.73,0,6815.02,2024,10,October,Wednesday,34352.35,32634.7325
2024-10-09,ORD036510,CUST00080,P008,Running Shoes,Fashion,Ahmedabad,Store,UPI,2,4216.03,0.2,8432.06,6745.65,0,1256.95,2024,10,October,Wednesday,8432.06,6745.648
2024-10-09,ORD047596,CUST01132,P015,Dining Table,Furniture,Hyderabad,Store,Credit Card,1,20786.07,0.1,20786.07,18707.46,0,4247.41,2024,10,October,Wednesday,20786.07,18707.463
2024-10-09,ORD007007,CUST01883,P005,Office Chair,Furniture,Delhi,Online,Net Banking,1,8890.14,0.05,8890.14,8445.63,0,1078.27,2024,10,October,Wednesday,8890.14,8445.633
2024-10-09,ORD040220,CUST02025,P002,Smartphone,Electronics,Ahmedabad,Online,Cash,1,28476.23,0.15,28476.23,24204.8,0,2128.59,2024,10,October,Wednesday,28476.23,24204.7955
2024-10-09,ORD016059,CUST04519,P004,Smartwatch,Electronics,Surat,Online,UPI,3,7259.6,0.05,21778.8,20689.86,0,1552.5,2024,10,October,Wednesday,21778.800000000003,20689.859999999997
2024-10-09,ORD034478,CUST01220,P015,Dining Table,Furniture,Jaipur,Online,UPI,1,20403.67,0.15,20403.67,17343.12,0,4468.78,2024,10,October,Wednesday,20403.67,17343.119499999997
2024-10-09,ORD000997,CUST02926,P019,Vacuum Cleaner,Home,Pune,Online,Credit Card,1,8662.48,0.1,8662.48,7796.23,0,1302.73,2024,10,October,Wednesday,8662.48,7796.232
2024-10-09,ORD037914,CUST03129,P006,Desk,Furniture,Delhi,Store,Debit Card,1,11400.45,0.05,11400.45,10830.43,0,1076.74,2024,10,October,Wednesday,11400.45,10830.4275
2024-10-10,ORD043577,CUST03977,P005,Office Chair,Furniture,Jaipur,Store,Credit Card,1,8708.38,0.1,8708.38,7837.54,0,901.57,2024,10,October,Thursday,8708.38,7837.5419999999995
2024-10-10,ORD013458,CUST02958,P014,Keyboard,Electronics,Hyderabad,Online,Debit Card,3,2447.16,0.15,7341.48,6240.26,0,394.91,2024,10,October,Thursday,7341.48,6240.258
2024-10-10,ORD040745,CUST01494,P009,T-Shirt,Fashion,Bengaluru,Online,Cash,2,1180.12,0.0,2360.24,2360.24,0,702.82,2024,10,October,Thursday,2360.24,2360.24
2024-10-10,ORD013258,CUST04536,P015,Dining Table,Furniture,Delhi,Online,Debit Card,1,23442.36,0.1,23442.36,21098.12,0,4109.81,2024,10,October,Thursday,23442.36,21098.124
2024-10-10,ORD026262,CUST00446,P005,Office Chair,Furniture,Bengaluru,Online,Debit Card,1,10089.03,0.05,10089.03,9584.58,0,2068.9,2024,10,October,Thursday,10089.03,9584.5785
2024-10-10,ORD015930,CUST03106,P010,Coffee Maker,Home,Surat,Online,UPI,1,5742.93,0.1,5742.93,5168.64,0,426.48,2024,10,October,Thursday,5742.93,5168.637000000001
2024-10-10,ORD029717,CUST02814,P006,Desk,Furniture,Mumbai,Online,Cash,2,12253.2,0.1,24506.4,22055.76,0,3283.64,2024,10,October,Thursday,24506.4,22055.760000000002
2024-10-10,ORD045297,CUST04702,P007,Backpack,Accessories,Mumbai,Online,Net Banking,1,2397.96,0.0,2397.96,2397.96,0,436.54,2024,10,October,Thursday,2397.96,2397.96
2024-10-10,ORD046438,CUST01993,P004,Smartwatch,Electronics,Pune,Online,Debit Card,1,6584.59,0.2,6584.59,5267.67,1,-263.38,2024,10,October,Thursday,6584.59,5267.6720000000005
2024-10-10,ORD024769,CUST01201,P007,Backpack,Accessories,Bengaluru,Online,UPI,1,2118.77,0.15,2118.77,1800.95,0,120.46,2024,10,October,Thursday,2118.77,1800.9544999999998
2024-10-10,ORD003598,CUST00384,P008,Running Shoes,Fashion,Ahmedabad,Store,UPI,1,4467.59,0.15,4467.59,3797.45,0,444.79,2024,10,October,Thursday,4467.59,3797.4515
2024-10-10,ORD001764,CUST00198,P008,Running Shoes,Fashion,Surat,Online,UPI,2,4554.09,0.15,9108.18,7741.95,0,664.96,2024,10,October,Thursday,9108.18,7741.953
2024-10-10,ORD013835,CUST01503,P020,Microwave,Home,Delhi,Store,UPI,1,11168.14,0.1,11168.14,10051.33,0,1561.61,2024,10,October,Thursday,11168.14,10051.326
2024-10-10,ORD012986,CUST02197,P011,Mixer Grinder,Home,Ahmedabad,Store,Cash,1,5051.56,0.1,5051.56,4546.4,0,528.59,2024,10,October,Thursday,5051.56,4546.404
2024-10-10,ORD011647,CUST00419,P017,Jeans,Fashion,Ahmedabad,Store,UPI,1,2969.98,0.2,2969.98,2375.98,0,442.07,2024,10,October,Thursday,2969.98,2375.984
2024-10-10,ORD013854,CUST00182,P016,Sofa,Furniture,Hyderabad,Online,Debit Card,2,33884.07,0.1,67768.14,60991.33,0,11402.69,2024,10,October,Thursday,67768.14,60991.326
2024-10-10,ORD041875,CUST02633,P005,Office Chair,Furniture,Surat,Online,Net Banking,2,9215.86,0.0,18431.72,18431.72,0,4534.22,2024,10,October,Thursday,18431.72,18431.72
2024-10-10,ORD019298,CUST01383,P013,Monitor,Electronics,Ahmedabad,Online,UPI,1,17104.04,0.05,17104.04,16248.84,0,2452.52,2024,10,October,Thursday,17104.04,16248.838
2024-10-10,ORD021406,CUST03639,P019,Vacuum Cleaner,Home,Kolkata,Online,UPI,2,8735.68,0.0,17471.36,17471.36,0,4827.82,2024,10,October,Thursday,17471.36,17471.36
2024-10-10,ORD029395,CUST04619,P013,Monitor,Electronics,Chennai,Online,UPI,1,18105.68,0.05,18105.68,17200.4,0,1890.05,2024,10,October,Thursday,18105.68,17200.396
2024-10-10,ORD039946,CUST04063,P016,Sofa,Furniture,Mumbai,Online,Debit Card,2,33110.55,0.2,66221.1,52976.88,0,4647.0,2024,10,October,Thursday,66221.1,52976.880000000005
2024-10-10,ORD024249,CUST03576,P020,Microwave,Home,Kolkata,Store,UPI,3,10174.06,0.1,30522.18,27469.96,0,5296.89,2024,10,October,Thursday,30522.18,27469.962
2024-10-10,ORD049372,CUST01049,P018,Jacket,Fashion,Kolkata,Online,UPI,1,5421.06,0.05,5421.06,5150.01,1,-257.5,2024,10,October,Thursday,5421.06,5150.0070000000005
2024-10-10,ORD043898,CUST02937,P006,Desk,Furniture,Bengaluru,Online,Cash,1,11931.22,0.05,11931.22,11334.66,0,2121.39,2024,10,October,Thursday,11931.22,11334.659
2024-10-10,ORD028681,CUST01799,P010,Coffee Maker,Home,Surat,Store,Credit Card,1,5231.81,0.1,5231.81,4708.63,0,958.01,2024,10,October,Thursday,5231.81,4708.629000000001
2024-10-10,ORD040923,CUST04278,P010,Coffee Maker,Home,Kolkata,Online,Cash,1,5751.49,0.15,5751.49,4888.77,0,1043.66,2024,10,October,Thursday,5751.49,4888.7665
2024-10-10,ORD007641,CUST01823,P006,Desk,Furniture,Jaipur,Store,UPI,1,12515.87,0.0,12515.87,12515.87,0,1792.18,2024,10,October,Thursday,12515.87,12515.87
2024-10-10,ORD033851,CUST00666,P009,T-Shirt,Fashion,Ahmedabad,Store,Net Banking,2,1316.13,0.15,2632.26,2237.42,0,280.05,2024,10,October,Thursday,2632.26,2237.4210000000003
2024-10-10,ORD015716,CUST00582,P012,Air Fryer,Home,Ahmedabad,Store,UPI,2,7819.85,0.1,15639.7,14075.73,0,1508.15,2024,10,October,Thursday,15639.7,14075.730000000001
2024-10-10,ORD034762,CUST01991,P002,Smartphone,Electronics,Delhi,Online,UPI,2,30657.58,0.25,61315.16,45986.37,0,4318.2,2024,10,October,Thursday,61315.16,45986.37
2024-10-10,ORD038270,CUST02087,P013,Monitor,Electronics,Delhi,Online,Debit Card,1,18877.76,0.1,18877.76,16989.98,0,4079.9,2024,10,October,Thursday,18877.76,16989.984
2024-10-10,ORD022967,CUST02086,P018,Jacket,Fashion,Delhi,Store,UPI,1,4816.51,0.2,4816.51,3853.21,0,331.76,2024,10,October,Thursday,4816.51,3853.2080000000005
2024-10-10,ORD030289,CUST04371,P007,Backpack,Accessories,Kolkata,Online,Net Banking,2,2035.44,0.1,4070.88,3663.79,0,752.16,2024,10,October,Thursday,4070.88,3663.7920000000004
2024-10-10,ORD000139,CUST03193,P009,T-Shirt,Fashion,Delhi,Online,Credit Card,1,1228.11,0.05,1228.11,1166.7,0,124.54,2024,10,October,Thursday,1228.11,1166.7044999999998
2024-10-10,ORD043453,CUST02047,P011,Mixer Grinder,Home,Mumbai,Online,Credit Card,1,4975.18,0.1,4975.18,4477.66,0,740.91,2024,10,October,Thursday,4975.18,4477.662
2024-10-10,ORD031503,CUST01225,P010,Coffee Maker,Home,Chennai,Store,Cash,1,5695.91,0.05,5695.91,5411.11,0,454.62,2024,10,October,Thursday,5695.91,5411.1145
2024-10-10,ORD008920,CUST02650,P007,Backpack,Accessories,Jaipur,Store,Credit Card,1,2209.74,0.1,2209.74,1988.77,0,332.69,2024,10,October,Thursday,2209.74,1988.7659999999998
2024-10-10,ORD028454,CUST01054,P005,Office Chair,Furniture,Mumbai,Store,Credit Card,4,9191.12,0.1,36764.48,33088.03,0,7996.23,2024,10,October,Thursday,36764.48,33088.03200000001
2024-10-10,ORD012718,CUST00483,P008,Running Shoes,Fashion,Mumbai,Online,Cash,1,4181.24,0.1,4181.24,3763.12,0,719.19,2024,10,October,Thursday,4181.24,3763.116
2024-10-10,ORD004532,CUST02035,P018,Jacket,Fashion,Kolkata,Online,Debit Card,1,5495.71,0.0,5495.71,5495.71,1,-274.79,2024,10,October,Thursday,5495.71,5495.71
2024-10-10,ORD002503,CUST00834,P005,Office Chair,Furniture,Bengaluru,Online,UPI,1,9953.19,0.15,9953.19,8460.21,0,2256.69,2024,10,October,Thursday,9953.19,8460.2115
2024-10-10,ORD033589,CUST00303,P001,Laptop,Electronics,Ahmedabad,Store,Credit Card,2,69482.16,0.1,138964.32,125067.89,0,28482.41,2024,10,October,Thursday,138964.32,125067.888
2024-10-10,ORD015233,CUST01298,P020,Microwave,Home,Kolkata,Online,Debit Card,2,10940.24,0.15,21880.48,18598.41,0,4511.14,2024,10,October,Thursday,21880.48,18598.408
2024-10-10,ORD018263,CUST04425,P010,Coffee Maker,Home,Surat,Store,Credit Card,1,5552.41,0.15,5552.41,4719.55,0,502.13,2024,10,October,Thursday,5552.41,4719.5485
2024-10-10,ORD015223,CUST00838,P001,Laptop,Electronics,Bengaluru,Store,Debit Card,1,70457.7,0.15,70457.7,59889.04,0,5703.0,2024,10,October,Thursday,70457.7,59889.045
2024-10-10,ORD002647,CUST04604,P006,Desk,Furniture,Surat,Online,UPI,2,11166.18,0.05,22332.36,21215.74,0,2861.0,2024,10,October,Thursday,22332.36,21215.742
2024-10-10,ORD045741,CUST04111,P018,Jacket,Fashion,Mumbai,Store,Credit Card,1,4943.52,0.1,4943.52,4449.17,0,300.98,2024,10,October,Thursday,4943.52,4449.168000000001
2024-10-10,ORD046283,CUST00927,P013,Monitor,Electronics,Kolkata,Store,UPI,4,19239.7,0.1,76958.8,69262.92,0,10190.43,2024,10,October,Thursday,76958.8,69262.92
2024-10-10,ORD009620,CUST02220,P017,Jeans,Fashion,Bengaluru,Store,Net Banking,1,2755.44,0.0,2755.44,2755.44,0,803.44,2024,10,October,Thursday,2755.44,2755.44
2024-10-10,ORD020127,CUST00983,P007,Backpack,Accessories,Mumbai,Store,Credit Card,1,2268.23,0.2,2268.23,1814.58,0,147.15,2024,10,October,Thursday,2268.23,1814.584
2024-10-10,ORD045935,CUST04355,P013,Monitor,Electronics,Jaipur,Online,Credit Card,1,18016.35,0.1,18016.35,16214.71,0,3832.46,2024,10,October,Thursday,18016.35,16214.714999999998
2024-10-10,ORD001654,CUST04130,P001,Laptop,Electronics,Chennai,Online,Credit Card,1,61166.06,0.05,61166.06,58107.76,0,5235.32,2024,10,October,Thursday,61166.06,58107.757
2024-10-10,ORD034155,CUST04735,P014,Keyboard,Electronics,Jaipur,Store,Net Banking,1,2470.88,0.0,2470.88,2470.88,0,260.8,2024,10,October,Thursday,2470.88,2470.88
2024-10-10,ORD039466,CUST01313,P005,Office Chair,Furniture,Hyderabad,Online,Credit Card,2,8809.28,0.05,17618.56,16737.63,0,4814.32,2024,10,October,Thursday,17618.56,16737.632
2024-10-10,ORD003288,CUST00807,P018,Jacket,Fashion,Hyderabad,Online,Net Banking,1,5120.63,0.0,5120.63,5120.63,0,1328.01,2024,10,October,Thursday,5120.63,5120.63
2024-10-10,ORD016201,CUST02004,P008,Running Shoes,Fashion,Pune,Online,Credit Card,2,3821.3,0.1,7642.6,6878.34,0,889.11,2024,10,October,Thursday,7642.6,6878.34
2024-10-10,ORD043724,CUST01096,P002,Smartphone,Electronics,Pune,Online,Debit Card,2,29735.22,0.2,59470.44,47576.35,0,6800.98,2024,10,October,Thursday,59470.44,47576.352000000006
2024-10-10,ORD041696,CUST01763,P007,Backpack,Accessories,Surat,Store,Credit Card,1,2385.02,0.2,2385.02,1908.02,0,100.08,2024,10,October,Thursday,2385.02,1908.016
2024-10-10,ORD005728,CUST03587,P010,Coffee Maker,Home,Kolkata,Online,Debit Card,3,5125.45,0.05,15376.35,14607.53,0,1113.49,2024,10,October,Thursday,15376.349999999999,14607.5325
2024-10-10,ORD019564,CUST04330,P008,Running Shoes,Fashion,Hyderabad,Store,Credit Card,1,4455.04,0.2,4455.04,3564.03,0,736.32,2024,10,October,Thursday,4455.04,3564.032
2024-10-10,ORD016803,CUST01368,P002,Smartphone,Electronics,Surat,Online,Credit Card,2,30479.8,0.1,60959.6,54863.64,0,4475.02,2024,10,October,Thursday,60959.6,54863.64
2024-10-10,ORD033862,CUST03142,P001,Laptop,Electronics,Kolkata,Store,Debit Card,2,62353.19,0.1,124706.38,112235.74,0,12043.93,2024,10,October,Thursday,124706.38,112235.74200000001
2024-10-10,ORD029678,CUST02185,P008,Running Shoes,Fashion,Pune,Store,Net Banking,2,4183.04,0.15,8366.08,7111.17,0,1234.62,2024,10,October,Thursday,8366.08,7111.168
2024-10-10,ORD048753,CUST04013,P018,Jacket,Fashion,Ahmedabad,Online,Credit Card,1,5691.45,0.15,5691.45,4837.73,0,1116.92,2024,10,October,Thursday,5691.45,4837.7325
2024-10-10,ORD021855,CUST01184,P013,Monitor,Electronics,Mumbai,Store,Credit Card,1,17950.27,0.0,17950.27,17950.27,0,3229.59,2024,10,October,Thursday,17950.27,17950.27
2024-10-10,ORD017227,CUST00336,P014,Keyboard,Electronics,Mumbai,Store,UPI,3,2391.44,0.05,7174.32,6815.6,0,1273.92,2024,10,October,Thursday,7174.32,6815.603999999999
2024-10-10,ORD036246,CUST04920,P002,Smartphone,Electronics,Delhi,Online,Credit Card,2,27375.21,0.1,54750.42,49275.38,0,3259.14,2024,10,October,Thursday,54750.42,49275.378
2024-10-10,ORD046832,CUST01460,P019,Vacuum Cleaner,Home,Ahmedabad,Online,Credit Card,1,9022.15,0.1,9022.15,8119.94,1,-406.0,2024,10,October,Thursday,9022.15,8119.9349999999995
2024-10-10,ORD006621,CUST02194,P005,Office Chair,Furniture,Pune,Online,UPI,1,9497.12,0.1,9497.12,8547.41,0,1484.73,2024,10,October,Thursday,9497.12,8547.408000000001
2024-10-10,ORD037858,CUST01603,P014,Keyboard,Electronics,Kolkata,Online,Credit Card,1,2382.99,0.05,2382.99,2263.84,0,388.24,2024,10,October,Thursday,2382.99,2263.8405
2024-10-10,ORD030419,CUST01287,P006,Desk,Furniture,Ahmedabad,Store,Credit Card,1,11967.93,0.0,11967.93,11967.93,0,3337.03,2024,10,October,Thursday,11967.93,11967.93
2024-10-10,ORD007384,CUST02328,P002,Smartphone,Electronics,Hyderabad,Online,Credit Card,1,28207.92,0.0,28207.92,28207.92,0,2521.36,2024,10,October,Thursday,28207.92,28207.92
2024-10-10,ORD045332,CUST02391,P013,Monitor,Electronics,Jaipur,Store,Cash,1,17178.55,0.0,17178.55,17178.55,0,1987.33,2024,10,October,Thursday,17178.55,17178.55
2024-10-10,ORD020942,CUST01320,P005,Office Chair,Furniture,Jaipur,Store,Credit Card,3,8777.71,0.2,26333.13,21066.5,0,2266.71,2024,10,October,Thursday,26333.129999999997,21066.504
2024-10-11,ORD039165,CUST01354,P013,Monitor,Electronics,Chennai,Online,Credit Card,1,19098.65,0.1,19098.65,17188.79,0,2887.64,2024,10,October,Friday,19098.65,17188.785000000003
2024-10-11,ORD022616,CUST02682,P019,Vacuum Cleaner,Home,Hyderabad,Online,UPI,2,8156.67,0.0,16313.34,16313.34,0,1329.16,2024,10,October,Friday,16313.34,16313.34
2024-10-11,ORD009455,CUST03995,P012,Air Fryer,Home,Hyderabad,Online,UPI,1,6570.4,0.15,6570.4,5584.84,0,1462.82,2024,10,October,Friday,6570.4,5584.839999999999
2024-10-11,ORD016097,CUST01930,P009,T-Shirt,Fashion,Bengaluru,Online,UPI,1,1092.79,0.05,1092.79,1038.15,0,275.48,2024,10,October,Friday,1092.79,1038.1505
2024-10-11,ORD008639,CUST03894,P018,Jacket,Fashion,Hyderabad,Store,Net Banking,1,4931.23,0.1,4931.23,4438.11,0,1070.19,2024,10,October,Friday,4931.23,4438.107
2024-10-11,ORD006697,CUST03792,P003,Headphones,Electronics,Ahmedabad,Store,Net Banking,1,4417.8,0.1,4417.8,3976.02,0,385.27,2024,10,October,Friday,4417.8,3976.0200000000004
2024-10-11,ORD022241,CUST01678,P016,Sofa,Furniture,Hyderabad,Online,UPI,1,34146.86,0.25,34146.86,25610.14,0,3719.91,2024,10,October,Friday,34146.86,25610.145
2024-10-11,ORD015423,CUST01997,P001,Laptop,Electronics,Surat,Online,UPI,1,66026.44,0.0,66026.44,66026.44,0,7518.87,2024,10,October,Friday,66026.44,66026.44
2024-10-11,ORD021632,CUST01748,P004,Smartwatch,Electronics,Jaipur,Online,Debit Card,1,7457.57,0.1,7457.57,6711.81,0,1842.74,2024,10,October,Friday,7457.57,6711.813
2024-10-11,ORD000396,CUST04934,P015,Dining Table,Furniture,Pune,Online,UPI,1,22316.78,0.0,22316.78,22316.78,0,5517.5,2024,10,October,Friday,22316.78,22316.78
2024-10-11,ORD025409,CUST00320,P007,Backpack,Accessories,Ahmedabad,Online,Cash,1,2161.21,0.0,2161.21,2161.21,0,221.96,2024,10,October,Friday,2161.21,2161.21
2024-10-11,ORD002806,CUST02436,P002,Smartphone,Electronics,Pune,Store,Credit Card,1,30783.99,0.05,30783.99,29244.79,0,6539.91,2024,10,October,Friday,30783.99,29244.7905
2024-10-11,ORD040252,CUST02921,P011,Mixer Grinder,Home,Jaipur,Online,UPI,1,4638.83,0.15,4638.83,3943.01,0,302.31,2024,10,October,Friday,4638.83,3943.0054999999998
2024-10-11,ORD017124,CUST00069,P017,Jeans,Fashion,Ahmedabad,Store,UPI,1,3034.94,0.1,3034.94,2731.45,0,446.59,2024,10,October,Friday,3034.94,2731.446
2024-10-11,ORD041143,CUST04164,P002,Smartphone,Electronics,Pune,Store,Net Banking,1,28008.88,0.25,28008.88,21006.66,0,4858.7,2024,10,October,Friday,28008.88,21006.66
2024-10-11,ORD044474,CUST03845,P001,Laptop,Electronics,Chennai,Online,Credit Card,1,60593.19,0.2,60593.19,48474.55,0,10725.89,2024,10,October,Friday,60593.19,48474.552
2024-10-11,ORD019288,CUST00790,P012,Air Fryer,Home,Bengaluru,Online,Net Banking,1,6896.31,0.05,6896.31,6551.49,0,1404.64,2024,10,October,Friday,6896.31,6551.4945
2024-10-11,ORD031847,CUST00705,P016,Sofa,Furniture,Jaipur,Online,Debit Card,3,36132.44,0.05,108397.32,102977.45,0,13405.56,2024,10,October,Friday,108397.32,102977.454
2024-10-11,ORD023645,CUST01718,P016,Sofa,Furniture,Ahmedabad,Online,Debit Card,2,31782.64,0.0,63565.28,63565.28,0,13258.7,2024,10,October,Friday,63565.28,63565.28
2024-10-11,ORD007831,CUST04999,P013,Monitor,Electronics,Pune,Online,UPI,2,19196.99,0.05,38393.98,36474.28,0,4505.64,2024,10,October,Friday,38393.98,36474.281
2024-10-11,ORD044066,CUST03783,P016,Sofa,Furniture,Chennai,Store,UPI,1,37121.56,0.0,37121.56,37121.56,0,4837.96,2024,10,October,Friday,37121.56,37121.56
2024-10-11,ORD009296,CUST01187,P007,Backpack,Accessories,Mumbai,Online,Net Banking,1,2361.82,0.0,2361.82,2361.82,0,402.75,2024,10,October,Friday,2361.82,2361.82
2024-10-11,ORD005074,CUST01812,P013,Monitor,Electronics,Surat,Store,UPI,4,18217.74,0.1,72870.96,65583.86,0,15262.4,2024,10,October,Friday,72870.96,65583.864
2024-10-11,ORD031088,CUST01102,P018,Jacket,Fashion,Bengaluru,Store,Cash,1,5058.9,0.25,5058.9,3794.18,0,500.06,2024,10,October,Friday,5058.9,3794.1749999999997
2024-10-11,ORD033198,CUST04126,P009,T-Shirt,Fashion,Pune,Store,UPI,2,1280.11,0.15,2560.22,2176.19,0,579.27,2024,10,October,Friday,2560.22,2176.187
2024-10-11,ORD007418,CUST00378,P002,Smartphone,Electronics,Hyderabad,Online,Credit Card,2,25837.57,0.1,51675.14,46507.63,0,6550.04,2024,10,October,Friday,51675.14,46507.626000000004
2024-10-11,ORD028019,CUST04360,P016,Sofa,Furniture,Kolkata,Online,Credit Card,1,36133.28,0.2,36133.28,28906.62,0,5080.68,2024,10,October,Friday,36133.28,28906.624
2024-10-11,ORD029482,CUST02596,P004,Smartwatch,Electronics,Mumbai,Store,UPI,1,6438.99,0.15,6438.99,5473.14,0,1314.8,2024,10,October,Friday,6438.99,5473.1415
2024-10-11,ORD040590,CUST03288,P013,Monitor,Electronics,Hyderabad,Online,UPI,2,17466.02,0.05,34932.04,33185.44,0,9598.29,2024,10,October,Friday,34932.04,33185.438
2024-10-11,ORD041316,CUST02339,P009,T-Shirt,Fashion,Kolkata,Online,UPI,2,1144.6,0.25,2289.2,1716.9,0,388.95,2024,10,October,Friday,2289.2,1716.8999999999999
2024-10-11,ORD015406,CUST01664,P017,Jeans,Fashion,Chennai,Online,UPI,1,2924.06,0.05,2924.06,2777.86,0,537.06,2024,10,October,Friday,2924.06,2777.857
2024-10-11,ORD048306,CUST03688,P016,Sofa,Furniture,Delhi,Online,UPI,1,37796.96,0.15,37796.96,32127.42,0,7922.06,2024,10,October,Friday,37796.96,32127.415999999997
2024-10-11,ORD014733,CUST03158,P019,Vacuum Cleaner,Home,Hyderabad,Store,UPI,1,9698.13,0.1,9698.13,8728.32,0,2386.9,2024,10,October,Friday,9698.13,8728.317
2024-10-11,ORD024899,CUST04417,P018,Jacket,Fashion,Surat,Online,Cash,1,5083.72,0.1,5083.72,4575.35,0,791.11,2024,10,October,Friday,5083.72,4575.348
2024-10-11,ORD009079,CUST03995,P004,Smartwatch,Electronics,Hyderabad,Online,Net Banking,1,7667.85,0.1,7667.85,6901.06,0,1921.25,2024,10,October,Friday,7667.85,6901.0650000000005
2024-10-11,ORD011594,CUST04603,P001,Laptop,Electronics,Mumbai,Store,Credit Card,1,62051.41,0.0,62051.41,62051.41,0,17625.04,2024,10,October,Friday,62051.41,62051.41
2024-10-11,ORD038787,CUST00597,P013,Monitor,Electronics,Chennai,Online,Credit Card,1,17821.21,0.0,17821.21,17821.21,0,5159.91,2024,10,October,Friday,17821.21,17821.21
2024-10-11,ORD009577,CUST04276,P012,Air Fryer,Home,Pune,Online,UPI,1,6600.55,0.1,6600.55,5940.5,0,1520.71,2024,10,October,Friday,6600.55,5940.495
2024-10-11,ORD042813,CUST01717,P007,Backpack,Accessories,Kolkata,Store,UPI,1,2285.72,0.2,2285.72,1828.58,0,462.46,2024,10,October,Friday,2285.72,1828.576
2024-10-11,ORD046511,CUST02759,P019,Vacuum Cleaner,Home,Jaipur,Online,UPI,1,8374.82,0.15,8374.82,7118.6,1,-355.93,2024,10,October,Friday,8374.82,7118.597
2024-10-11,ORD002351,CUST04660,P015,Dining Table,Furniture,Mumbai,Store,Debit Card,1,21827.92,0.0,21827.92,21827.92,0,3159.27,2024,10,October,Friday,21827.92,21827.92
2024-10-11,ORD038087,CUST00818,P010,Coffee Maker,Home,Chennai,Online,Cash,1,5610.81,0.2,5610.81,4488.65,0,585.98,2024,10,October,Friday,5610.81,4488.648
2024-10-11,ORD033989,CUST01527,P008,Running Shoes,Fashion,Ahmedabad,Online,Debit Card,1,3934.46,0.1,3934.46,3541.01,0,809.73,2024,10,October,Friday,3934.46,3541.014
2024-10-11,ORD011652,CUST01854,P016,Sofa,Furniture,Kolkata,Store,UPI,1,31955.72,0.05,31955.72,30357.93,0,5927.94,2024,10,October,Friday,31955.72,30357.934
2024-10-11,ORD023808,CUST01684,P001,Laptop,Electronics,Jaipur,Online,Net Banking,2,58614.47,0.1,117228.94,105506.05,0,24884.34,2024,10,October,Friday,117228.94,105506.046
2024-10-11,ORD008665,CUST00941,P010,Coffee Maker,Home,Jaipur,Online,Credit Card,2,5337.19,0.05,10674.38,10140.66,0,932.03,2024,10,October,Friday,10674.38,10140.660999999998
2024-10-11,ORD019195,CUST00130,P002,Smartphone,Electronics,Kolkata,Store,Credit Card,1,28912.33,0.0,28912.33,28912.33,0,6399.45,2024,10,October,Friday,28912.33,28912.33
2024-10-11,ORD004076,CUST02170,P011,Mixer Grinder,Home,Chennai,Store,Net Banking,1,4932.14,0.2,4932.14,3945.71,0,885.62,2024,10,October,Friday,4932.14,3945.7120000000004
2024-10-11,ORD011197,CUST03553,P020,Microwave,Home,Ahmedabad,Store,Cash,3,11399.07,0.0,34197.21,34197.21,0,7211.37,2024,10,October,Friday,34197.21,34197.21
2024-10-11,ORD000921,CUST03712,P018,Jacket,Fashion,Jaipur,Online,Debit Card,1,5403.5,0.15,5403.5,4592.97,0,675.46,2024,10,October,Friday,5403.5,4592.974999999999
2024-10-11,ORD000037,CUST02445,P019,Vacuum Cleaner,Home,Bengaluru,Online,Credit Card,3,9576.77,0.1,28730.31,25857.28,0,2727.18,2024,10,October,Friday,28730.31,25857.279000000002
2024-10-11,ORD001894,CUST02566,P005,Office Chair,Furniture,Surat,Online,UPI,1,9596.66,0.0,9596.66,9596.66,0,1024.99,2024,10,October,Friday,9596.66,9596.66
2024-10-11,ORD013719,CUST01897,P006,Desk,Furniture,Pune,Store,Credit Card,1,11057.37,0.0,11057.37,11057.37,0,1571.62,2024,10,October,Friday,11057.37,11057.37
2024-10-11,ORD049461,CUST04877,P018,Jacket,Fashion,Mumbai,Store,Credit Card,2,5226.52,0.1,10453.04,9407.74,0,634.95,2024,10,October,Friday,10453.04,9407.736
2024-10-11,ORD047672,CUST00737,P002,Smartphone,Electronics,Mumbai,Online,UPI,2,26409.4,0.1,52818.8,47536.92,0,12358.49,2024,10,October,Friday,52818.8,47536.920000000006
2024-10-11,ORD040765,CUST01960,P009,T-Shirt,Fashion,Jaipur,Online,Credit Card,1,1207.62,0.15,1207.62,1026.48,0,228.02,2024,10,October,Friday,1207.62,1026.4769999999999
2024-10-11,ORD010160,CUST04662,P012,Air Fryer,Home,Delhi,Online,Credit Card,1,7516.42,0.1,7516.42,6764.78,0,1777.72,2024,10,October,Friday,7516.42,6764.778
2024-10-11,ORD030982,CUST00810,P015,Dining Table,Furniture,Surat,Store,Credit Card,1,20579.36,0.0,20579.36,20579.36,0,5160.31,2024,10,October,Friday,20579.36,20579.36
2024-10-11,ORD007832,CUST01271,P012,Air Fryer,Home,Mumbai,Online,UPI,1,6639.14,0.05,6639.14,6307.18,0,513.65,2024,10,October,Friday,6639.14,6307.183
2024-10-11,ORD013612,CUST01508,P010,Coffee Maker,Home,Jaipur,Online,Debit Card,1,5315.16,0.15,5315.16,4517.89,0,358.16,2024,10,October,Friday,5315.16,4517.8859999999995
2024-10-11,ORD002673,CUST02201,P005,Office Chair,Furniture,Ahmedabad,Online,UPI,2,9923.77,0.1,19847.54,17862.79,0,4229.66,2024,10,October,Friday,19847.54,17862.786
2024-10-11,ORD021926,CUST04931,P011,Mixer Grinder,Home,Surat,Online,UPI,1,4939.78,0.15,4939.78,4198.81,0,238.36,2024,10,October,Friday,4939.78,4198.813
2024-10-11,ORD035531,CUST00849,P004,Smartwatch,Electronics,Jaipur,Online,Net Banking,1,6381.54,0.25,6381.54,4786.16,0,279.11,2024,10,October,Friday,6381.54,4786.155
2024-10-11,ORD042721,CUST04023,P016,Sofa,Furniture,Surat,Online,UPI,1,37222.72,0.0,37222.72,37222.72,0,7801.36,2024,10,October,Friday,37222.72,37222.72
2024-10-11,ORD003563,CUST03108,P020,Microwave,Home,Hyderabad,Online,UPI,4,10234.91,0.05,40939.64,38892.66,1,-1944.63,2024,10,October,Friday,40939.64,38892.657999999996
2024-10-11,ORD010584,CUST00947,P006,Desk,Furniture,Pune,Online,Credit Card,1,12730.64,0.1,12730.64,11457.58,0,2556.9,2024,10,October,Friday,12730.64,11457.576
2024-10-11,ORD001566,CUST00103,P020,Microwave,Home,Mumbai,Online,Cash,2,11412.73,0.05,22825.46,21684.19,0,3959.58,2024,10,October,Friday,22825.46,21684.186999999998
2024-10-12,ORD004306,CUST01238,P011,Mixer Grinder,Home,Ahmedabad,Store,UPI,1,4852.24,0.05,4852.24,4609.63,0,1008.18,2024,10,October,Saturday,4852.24,4609.628
2024-10-12,ORD042514,CUST03940,P017,Jeans,Fashion,Hyderabad,Online,UPI,5,3035.66,0.05,15178.3,14419.38,0,3993.83,2024,10,October,Saturday,15178.3,14419.384999999998
2024-10-12,ORD030941,CUST03883,P017,Jeans,Fashion,Mumbai,Online,Credit Card,2,3012.97,0.1,6025.94,5423.35,0,369.63,2024,10,October,Saturday,6025.94,5423.346
2024-10-12,ORD039859,CUST04230,P001,Laptop,Electronics,Chennai,Online,Credit Card,1,59642.87,0.0,59642.87,59642.87,0,11381.94,2024,10,October,Saturday,59642.87,59642.87
2024-10-12,ORD001815,CUST03724,P002,Smartphone,Electronics,Hyderabad,Online,Debit Card,5,30709.5,0.2,153547.5,122838.0,0,29493.57,2024,10,October,Saturday,153547.5,122838.0
2024-10-12,ORD006524,CUST02464,P005,Office Chair,Furniture,Pune,Store,Debit Card,4,9728.44,0.0,38913.76,38913.76,0,9715.12,2024,10,October,Saturday,38913.76,38913.76
2024-10-12,ORD013617,CUST04638,P001,Laptop,Electronics,Surat,Online,UPI,3,66987.3,0.05,200961.9,190913.81,0,54368.23,2024,10,October,Saturday,200961.90000000002,190913.805
2024-10-12,ORD045140,CUST00340,P016,Sofa,Furniture,Jaipur,Online,Credit Card,1,38033.1,0.25,38033.1,28524.82,0,6819.6,2024,10,October,Saturday,38033.1,28524.824999999997
2024-10-12,ORD045656,CUST03768,P011,Mixer Grinder,Home,Kolkata,Online,Credit Card,3,5178.19,0.05,15534.57,14757.84,0,1073.75,2024,10,October,Saturday,15534.57,14757.841499999999
2024-10-12,ORD037588,CUST01191,P020,Microwave,Home,Mumbai,Online,Cash,1,11623.0,0.25,11623.0,8717.25,0,348.69,2024,10,October,Saturday,11623.0,8717.25
2024-10-12,ORD032028,CUST03587,P012,Air Fryer,Home,Delhi,Store,Credit Card,1,7463.72,0.05,7463.72,7090.53,0,1172.17,2024,10,October,Saturday,7463.72,7090.534
2024-10-12,ORD033743,CUST03587,P012,Air Fryer,Home,Jaipur,Online,UPI,3,7554.11,0.1,22662.33,20396.1,0,3963.19,2024,10,October,Saturday,22662.329999999998,20396.097
2024-10-12,ORD026787,CUST01458,P008,Running Shoes,Fashion,Kolkata,Store,Debit Card,1,3960.39,0.15,3960.39,3366.33,0,726.37,2024,10,October,Saturday,3960.39,3366.3315
2024-10-12,ORD028519,CUST01918,P020,Microwave,Home,Surat,Online,Credit Card,5,10976.09,0.05,54880.45,52136.43,0,14203.94,2024,10,October,Saturday,54880.45,52136.4275
2024-10-12,ORD008643,CUST02794,P014,Keyboard,Electronics,Jaipur,Online,Debit Card,1,2335.75,0.05,2335.75,2218.96,0,179.3,2024,10,October,Saturday,2335.75,2218.9625
2024-10-12,ORD016024,CUST01177,P012,Air Fryer,Home,Pune,Online,UPI,1,7516.06,0.1,7516.06,6764.45,0,1320.94,2024,10,October,Saturday,7516.06,6764.454000000001
2024-10-12,ORD047804,CUST02674,P012,Air Fryer,Home,Ahmedabad,Store,Credit Card,1,7666.47,0.15,7666.47,6516.5,0,812.95,2024,10,October,Saturday,7666.47,6516.4995
2024-10-12,ORD035147,CUST00052,P018,Jacket,Fashion,Kolkata,Store,Cash,3,4934.35,0.25,14803.05,11102.29,0,1440.75,2024,10,October,Saturday,14803.050000000001,11102.287499999999
2024-10-12,ORD039536,CUST03893,P014,Keyboard,Electronics,Bengaluru,Store,Cash,1,2617.68,0.1,2617.68,2355.91,0,498.28,2024,10,October,Saturday,2617.68,2355.912
2024-10-12,ORD042918,CUST02215,P010,Coffee Maker,Home,Delhi,Store,UPI,1,5661.78,0.05,5661.78,5378.69,0,843.74,2024,10,October,Saturday,5661.78,5378.691
2024-10-12,ORD005720,CUST03010,P020,Microwave,Home,Delhi,Store,Credit Card,3,10154.25,0.05,30462.75,28939.61,0,5320.29,2024,10,October,Saturday,30462.75,28939.6125
2024-10-12,ORD040193,CUST02216,P015,Dining Table,Furniture,Jaipur,Online,UPI,3,22899.95,0.1,68699.85,61829.87,0,15732.15,2024,10,October,Saturday,68699.85,61829.865000000005
2024-10-12,ORD012396,CUST04161,P013,Monitor,Electronics,Mumbai,Online,Cash,1,19006.85,0.2,19006.85,15205.48,0,2840.6,2024,10,October,Saturday,19006.85,15205.48
2024-10-12,ORD022400,CUST00222,P010,Coffee Maker,Home,Jaipur,Online,Credit Card,1,5224.33,0.0,5224.33,5224.33,0,1181.83,2024,10,October,Saturday,5224.33,5224.33
2024-10-12,ORD039590,CUST04776,P006,Desk,Furniture,Hyderabad,Store,Credit Card,1,12940.52,0.0,12940.52,12940.52,0,1308.16,2024,10,October,Saturday,12940.52,12940.52
2024-10-12,ORD031930,CUST03357,P011,Mixer Grinder,Home,Chennai,Store,Credit Card,2,4915.58,0.15,9831.16,8356.49,0,1556.16,2024,10,October,Saturday,9831.16,8356.485999999999
2024-10-12,ORD018753,CUST00127,P006,Desk,Furniture,Kolkata,Store,Credit Card,2,12761.93,0.25,25523.86,19142.9,0,1901.91,2024,10,October,Saturday,25523.86,19142.895
2024-10-12,ORD017815,CUST03974,P003,Headphones,Electronics,Delhi,Online,UPI,1,4316.83,0.0,4316.83,4316.83,0,822.72,2024,10,October,Saturday,4316.83,4316.83
2024-10-12,ORD031551,CUST03681,P008,Running Shoes,Fashion,Pune,Online,Credit Card,5,3878.24,0.05,19391.2,18421.64,0,2474.15,2024,10,October,Saturday,19391.199999999997,18421.64
2024-10-12,ORD028586,CUST01034,P009,T-Shirt,Fashion,Chennai,Online,UPI,2,1230.8,0.2,2461.6,1969.28,0,118.29,2024,10,October,Saturday,2461.6,1969.28
2024-10-12,ORD012649,CUST00212,P008,Running Shoes,Fashion,Chennai,Online,UPI,1,3865.77,0.05,3865.77,3672.48,1,-183.62,2024,10,October,Saturday,3865.77,3672.4815
2024-10-12,ORD027778,CUST04431,P001,Laptop,Electronics,Hyderabad,Online,Net Banking,3,63829.31,0.1,191487.93,172339.14,0,26921.14,2024,10,October,Saturday,191487.93,172339.137
2024-10-12,ORD026977,CUST00626,P009,T-Shirt,Fashion,Kolkata,Online,UPI,1,1131.94,0.0,1131.94,1131.94,0,221.62,2024,10,October,Saturday,1131.94,1131.94
2024-10-12,ORD040928,CUST00557,P020,Microwave,Home,Kolkata,Store,Credit Card,1,10931.04,0.1,10931.04,9837.94,0,1521.86,2024,10,October,Saturday,10931.04,9837.936000000002
2024-10-12,ORD048936,CUST03365,P016,Sofa,Furniture,Pune,Store,Cash,2,32702.03,0.15,65404.06,55593.45,0,5711.05,2024,10,October,Saturday,65404.06,55593.450999999994
2024-10-12,ORD015132,CUST00074,P003,Headphones,Electronics,Ahmedabad,Online,UPI,2,4817.37,0.15,9634.74,8189.53,0,999.76,2024,10,October,Saturday,9634.74,8189.5289999999995
2024-10-12,ORD037168,CUST01028,P004,Smartwatch,Electronics,Surat,Store,UPI,3,7463.57,0.1,22390.71,20151.64,0,3129.31,2024,10,October,Saturday,22390.71,20151.639
2024-10-12,ORD004573,CUST01063,P009,T-Shirt,Fashion,Ahmedabad,Online,UPI,1,1306.07,0.15,1306.07,1110.16,0,74.34,2024,10,October,Saturday,1306.07,1110.1595
2024-10-12,ORD003095,CUST00985,P016,Sofa,Furniture,Pune,Store,Debit Card,1,36838.07,0.15,36838.07,31312.36,0,3630.13,2024,10,October,Saturday,36838.07,31312.3595
2024-10-12,ORD047345,CUST01569,P020,Microwave,Home,Delhi,Online,Debit Card,1,11858.89,0.0,11858.89,11858.89,0,2103.01,2024,10,October,Saturday,11858.89,11858.89
2024-10-12,ORD015188,CUST01177,P020,Microwave,Home,Kolkata,Online,Credit Card,1,10210.6,0.0,10210.6,10210.6,0,2179.86,2024,10,October,Saturday,10210.6,10210.6
2024-10-12,ORD049496,CUST01173,P020,Microwave,Home,Kolkata,Online,Net Banking,1,10786.52,0.1,10786.52,9707.87,0,613.35,2024,10,October,Saturday,10786.52,9707.868
2024-10-12,ORD043917,CUST04148,P014,Keyboard,Electronics,Chennai,Store,Credit Card,1,2305.47,0.05,2305.47,2190.2,0,300.38,2024,10,October,Saturday,2305.47,2190.1964999999996
2024-10-12,ORD004544,CUST04613,P020,Microwave,Home,Jaipur,Online,UPI,1,11827.1,0.1,11827.1,10644.39,0,1548.0,2024,10,October,Saturday,11827.1,10644.390000000001
2024-10-12,ORD049711,CUST02239,P001,Laptop,Electronics,Surat,Store,Credit Card,1,65278.45,0.05,65278.45,62014.53,0,5823.31,2024,10,October,Saturday,65278.45,62014.5275
2024-10-12,ORD048916,CUST03476,P015,Dining Table,Furniture,Bengaluru,Online,Net Banking,5,23458.78,0.0,117293.9,117293.9,0,18151.2,2024,10,October,Saturday,117293.9,117293.9
2024-10-12,ORD043943,CUST00012,P020,Microwave,Home,Hyderabad,Online,Debit Card,3,10103.29,0.05,30309.87,28794.38,0,3686.27,2024,10,October,Saturday,30309.870000000003,28794.3765
2024-10-12,ORD009345,CUST04260,P004,Smartwatch,Electronics,Surat,Store,UPI,4,6759.61,0.2,27038.44,21630.75,0,3661.6,2024,10,October,Saturday,27038.44,21630.752
2024-10-12,ORD004492,CUST00671,P006,Desk,Furniture,Ahmedabad,Online,Credit Card,3,11009.36,0.05,33028.08,31376.68,0,5793.72,2024,10,October,Saturday,33028.08,31376.676
2024-10-12,ORD040806,CUST04121,P003,Headphones,Electronics,Kolkata,Store,Credit Card,1,4249.29,0.1,4249.29,3824.36,0,395.38,2024,10,October,Saturday,4249.29,3824.361
2024-10-12,ORD047357,CUST04708,P018,Jacket,Fashion,Jaipur,Online,Cash,4,5496.47,0.05,21985.88,20886.59,0,3054.93,2024,10,October,Saturday,21985.88,20886.586
2024-10-12,ORD018165,CUST02248,P007,Backpack,Accessories,Chennai,Online,Cash,2,2404.79,0.05,4809.58,4569.1,0,362.37,2024,10,October,Saturday,4809.58,4569.101
2024-10-12,ORD037013,CUST02741,P017,Jeans,Fashion,Bengaluru,Store,Cash,1,2810.74,0.15,2810.74,2389.13,0,498.2,2024,10,October,Saturday,2810.74,2389.129
2024-10-12,ORD019203,CUST00909,P014,Keyboard,Electronics,Ahmedabad,Store,Debit Card,2,2581.52,0.0,5163.04,5163.04,0,1429.59,2024,10,October,Saturday,5163.04,5163.04
2024-10-12,ORD001588,CUST01448,P013,Monitor,Electronics,Chennai,Online,Debit Card,1,18100.35,0.0,18100.35,18100.35,0,3712.98,2024,10,October,Saturday,18100.35,18100.35
2024-10-12,ORD007313,CUST01107,P020,Microwave,Home,Ahmedabad,Online,Cash,1,11986.18,0.15,11986.18,10188.25,0,1612.83,2024,10,October,Saturday,11986.18,10188.253
2024-10-12,ORD045822,CUST03560,P015,Dining Table,Furniture,Surat,Online,Credit Card,1,22089.19,0.0,22089.19,22089.19,0,5283.61,2024,10,October,Saturday,22089.19,22089.19
2024-10-12,ORD041293,CUST03156,P009,T-Shirt,Fashion,Mumbai,Online,UPI,1,1214.18,0.0,1214.18,1214.18,0,174.69,2024,10,October,Saturday,1214.18,1214.18
2024-10-12,ORD049412,CUST03176,P012,Air Fryer,Home,Jaipur,Online,Credit Card,1,7032.03,0.1,7032.03,6328.83,0,1133.5,2024,10,October,Saturday,7032.03,6328.827
2024-10-12,ORD031304,CUST04404,P019,Vacuum Cleaner,Home,Mumbai,Online,Credit Card,1,8629.9,0.15,8629.9,7335.41,0,730.19,2024,10,October,Saturday,8629.9,7335.414999999999
2024-10-12,ORD010422,CUST03123,P020,Microwave,Home,Ahmedabad,Online,UPI,2,10862.6,0.15,21725.2,18466.42,0,4596.43,2024,10,October,Saturday,21725.2,18466.420000000002
2024-10-12,ORD008736,CUST01040,P014,Keyboard,Electronics,Bengaluru,Store,Credit Card,4,2445.0,0.0,9780.0,9780.0,0,1799.32,2024,10,October,Saturday,9780.0,9780.0
2024-10-12,ORD038580,CUST01315,P020,Microwave,Home,Mumbai,Online,Credit Card,1,10642.71,0.05,10642.71,10110.57,0,2247.07,2024,10,October,Saturday,10642.71,10110.574499999999
2024-10-12,ORD003485,CUST01941,P016,Sofa,Furniture,Hyderabad,Online,Cash,2,36203.0,0.2,72406.0,57924.8,0,12591.86,2024,10,October,Saturday,72406.0,57924.8
2024-10-12,ORD038381,CUST04796,P019,Vacuum Cleaner,Home,Kolkata,Online,Debit Card,3,8984.58,0.0,26953.74,26953.74,0,7824.79,2024,10,October,Saturday,26953.739999999998,26953.74
2024-10-12,ORD034036,CUST00321,P002,Smartphone,Electronics,Jaipur,Online,Credit Card,1,27544.87,0.25,27544.87,20658.65,0,1410.85,2024,10,October,Saturday,27544.87,20658.6525
2024-10-12,ORD031307,CUST02663,P004,Smartwatch,Electronics,Delhi,Store,Debit Card,1,6905.67,0.0,6905.67,6905.67,0,1921.24,2024,10,October,Saturday,6905.67,6905.67
2024-10-12,ORD038521,CUST02239,P016,Sofa,Furniture,Mumbai,Online,UPI,1,37984.22,0.1,37984.22,34185.8,0,2634.62,2024,10,October,Saturday,37984.22,34185.798
2024-10-12,ORD014449,CUST01354,P016,Sofa,Furniture,Mumbai,Store,Debit Card,2,34546.82,0.05,69093.64,65638.96,0,10014.41,2024,10,October,Saturday,69093.64,65638.958
2024-10-12,ORD042264,CUST02679,P011,Mixer Grinder,Home,Mumbai,Online,Debit Card,1,4742.93,0.1,4742.93,4268.64,0,951.54,2024,10,October,Saturday,4742.93,4268.637000000001
2024-10-12,ORD042127,CUST04480,P017,Jeans,Fashion,Kolkata,Online,Credit Card,2,2726.13,0.1,5452.26,4907.03,0,894.09,2024,10,October,Saturday,5452.26,4907.034000000001
2024-10-12,ORD003634,CUST00469,P005,Office Chair,Furniture,Ahmedabad,Online,UPI,5,10315.29,0.1,51576.45,46418.81,0,12066.79,2024,10,October,Saturday,51576.450000000004,46418.805
2024-10-12,ORD042394,CUST02939,P005,Office Chair,Furniture,Hyderabad,Online,UPI,1,8728.14,0.15,8728.14,7418.92,0,1729.0,2024,10,October,Saturday,8728.14,7418.918999999999
2024-10-12,ORD016666,CUST02952,P001,Laptop,Electronics,Delhi,Store,Credit Card,1,69958.98,0.0,69958.98,69958.98,0,8432.68,2024,10,October,Saturday,69958.98,69958.98
2024-10-12,ORD025929,CUST00183,P017,Jeans,Fashion,Delhi,Store,UPI,1,2544.87,0.2,2544.87,2035.9,0,434.46,2024,10,October,Saturday,2544.87,2035.896
2024-10-12,ORD044529,CUST00725,P008,Running Shoes,Fashion,Mumbai,Store,UPI,2,4133.18,0.0,8266.36,8266.36,0,1524.34,2024,10,October,Saturday,8266.36,8266.36
2024-10-12,ORD045856,CUST01098,P011,Mixer Grinder,Home,Jaipur,Store,UPI,1,5091.28,0.1,5091.28,4582.15,1,-229.11,2024,10,October,Saturday,5091.28,4582.152
2024-10-13,ORD013274,CUST02280,P016,Sofa,Furniture,Kolkata,Online,Debit Card,2,31994.71,0.0,63989.42,63989.42,0,15022.47,2024,10,October,Sunday,63989.42,63989.42
2024-10-13,ORD015481,CUST00247,P001,Laptop,Electronics,Ahmedabad,Online,UPI,1,70454.36,0.1,70454.36,63408.92,1,-3170.45,2024,10,October,Sunday,70454.36,63408.924
2024-10-13,ORD017523,CUST02057,P017,Jeans,Fashion,Bengaluru,Store,Debit Card,2,2867.92,0.0,5735.84,5735.84,0,1523.76,2024,10,October,Sunday,5735.84,5735.84
2024-10-13,ORD006073,CUST01407,P019,Vacuum Cleaner,Home,Hyderabad,Online,UPI,2,8750.99,0.05,17501.98,16626.88,0,2620.62,2024,10,October,Sunday,17501.98,16626.880999999998
2024-10-13,ORD029935,CUST00579,P001,Laptop,Electronics,Kolkata,Online,Cash,3,62674.0,0.15,188022.0,159818.7,0,11902.64,2024,10,October,Sunday,188022.0,159818.69999999998
2024-10-13,ORD039582,CUST01099,P016,Sofa,Furniture,Delhi,Store,Net Banking,1,34815.74,0.1,34815.74,31334.17,0,6437.76,2024,10,October,Sunday,34815.74,31334.165999999997
2024-10-13,ORD037766,CUST04971,P008,Running Shoes,Fashion,Pune,Online,UPI,1,4038.35,0.25,4038.35,3028.76,0,441.35,2024,10,October,Sunday,4038.35,3028.7625
2024-10-13,ORD039754,CUST00295,P014,Keyboard,Electronics,Pune,Online,Credit Card,1,2499.46,0.0,2499.46,2499.46,0,226.74,2024,10,October,Sunday,2499.46,2499.46
2024-10-13,ORD045527,CUST04699,P013,Monitor,Electronics,Kolkata,Store,UPI,2,17390.54,0.1,34781.08,31302.97,1,-1565.15,2024,10,October,Sunday,34781.08,31302.972
2024-10-13,ORD017707,CUST04671,P012,Air Fryer,Home,Pune,Online,UPI,1,6543.21,0.1,6543.21,5888.89,0,1468.49,2024,10,October,Sunday,6543.21,5888.889
2024-10-13,ORD046977,CUST03997,P006,Desk,Furniture,Mumbai,Online,UPI,2,12931.18,0.0,25862.36,25862.36,0,7655.03,2024,10,October,Sunday,25862.36,25862.36
2024-10-13,ORD025963,CUST00413,P012,Air Fryer,Home,Kolkata,Online,Credit Card,1,7050.25,0.1,7050.25,6345.22,0,1718.2,2024,10,October,Sunday,7050.25,6345.225
2024-10-13,ORD048864,CUST01933,P010,Coffee Maker,Home,Pune,Store,UPI,4,5357.56,0.05,21430.24,20358.73,0,5633.85,2024,10,October,Sunday,21430.24,20358.728
2024-10-13,ORD010074,CUST01634,P010,Coffee Maker,Home,Mumbai,Store,UPI,1,5011.45,0.1,5011.45,4510.3,0,1064.5,2024,10,October,Sunday,5011.45,4510.305
2024-10-13,ORD026406,CUST00409,P013,Monitor,Electronics,Jaipur,Online,Credit Card,1,18165.25,0.25,18165.25,13623.94,0,1910.88,2024,10,October,Sunday,18165.25,13623.9375
2024-10-13,ORD019440,CUST00034,P008,Running Shoes,Fashion,Mumbai,Online,Net Banking,2,4068.25,0.0,8136.5,8136.5,0,1932.92,2024,10,October,Sunday,8136.5,8136.5
2024-10-13,ORD010626,CUST01863,P016,Sofa,Furniture,Hyderabad,Store,UPI,2,32575.8,0.1,65151.6,58636.44,0,5268.86,2024,10,October,Sunday,65151.6,58636.44
2024-10-13,ORD047207,CUST02016,P017,Jeans,Fashion,Kolkata,Store,Cash,2,2974.69,0.1,5949.38,5354.44,0,444.12,2024,10,October,Sunday,5949.38,5354.442
2024-10-13,ORD013239,CUST04231,P001,Laptop,Electronics,Bengaluru,Online,UPI,2,63734.64,0.05,127469.28,121095.82,0,21291.62,2024,10,October,Sunday,127469.28,121095.81599999999
2024-10-13,ORD036619,CUST02572,P005,Office Chair,Furniture,Delhi,Online,Net Banking,2,9567.87,0.15,19135.74,16265.38,0,2703.99,2024,10,October,Sunday,19135.74,16265.379
2024-10-13,ORD000656,CUST04073,P020,Microwave,Home,Surat,Online,Debit Card,1,11985.3,0.2,11985.3,9588.24,0,1346.29,2024,10,October,Sunday,11985.3,9588.24
2024-10-13,ORD014342,CUST01124,P017,Jeans,Fashion,Bengaluru,Store,UPI,3,2779.07,0.2,8337.21,6669.77,0,1620.4,2024,10,October,Sunday,8337.210000000001,6669.768
2024-10-13,ORD012691,CUST02469,P002,Smartphone,Electronics,Surat,Store,Credit Card,1,28801.71,0.1,28801.71,25921.54,0,2726.03,2024,10,October,Sunday,28801.71,25921.539
2024-10-13,ORD022356,CUST01065,P016,Sofa,Furniture,Ahmedabad,Online,Debit Card,1,38149.74,0.05,38149.74,36242.25,0,10397.21,2024,10,October,Sunday,38149.74,36242.253
2024-10-13,ORD040791,CUST02620,P020,Microwave,Home,Mumbai,Online,Cash,1,11319.18,0.1,11319.18,10187.26,0,2425.54,2024,10,October,Sunday,11319.18,10187.262
2024-10-13,ORD002531,CUST04714,P012,Air Fryer,Home,Hyderabad,Online,Debit Card,1,6614.12,0.15,6614.12,5622.0,0,1110.85,2024,10,October,Sunday,6614.12,5622.0019999999995
2024-10-13,ORD016942,CUST02513,P001,Laptop,Electronics,Kolkata,Online,Credit Card,1,63935.97,0.15,63935.97,54345.57,0,11780.72,2024,10,October,Sunday,63935.97,54345.5745
2024-10-13,ORD042033,CUST03103,P016,Sofa,Furniture,Ahmedabad,Online,Debit Card,1,36385.25,0.0,36385.25,36385.25,1,-1819.26,2024,10,October,Sunday,36385.25,36385.25
2024-10-13,ORD036940,CUST04507,P004,Smartwatch,Electronics,Ahmedabad,Store,UPI,5,7639.14,0.1,38195.7,34376.13,0,6967.8,2024,10,October,Sunday,38195.700000000004,34376.13
2024-10-13,ORD025983,CUST00732,P009,T-Shirt,Fashion,Jaipur,Online,UPI,1,1220.46,0.05,1220.46,1159.44,0,153.95,2024,10,October,Sunday,1220.46,1159.437
2024-10-13,ORD036318,CUST04502,P018,Jacket,Fashion,Surat,Online,Debit Card,3,5161.21,0.05,15483.63,14709.45,0,1282.96,2024,10,October,Sunday,15483.630000000001,14709.448499999999
2024-10-13,ORD047890,CUST03022,P012,Air Fryer,Home,Hyderabad,Online,Debit Card,1,7694.38,0.05,7694.38,7309.66,0,1153.74,2024,10,October,Sunday,7694.38,7309.661
2024-10-13,ORD032537,CUST02541,P004,Smartwatch,Electronics,Bengaluru,Online,UPI,1,7258.45,0.1,7258.45,6532.6,0,1468.11,2024,10,October,Sunday,7258.45,6532.605
2024-10-13,ORD005269,CUST01443,P019,Vacuum Cleaner,Home,Ahmedabad,Store,UPI,5,8230.72,0.0,41153.6,41153.6,0,6704.06,2024,10,October,Sunday,41153.6,41153.6
2024-10-13,ORD010870,CUST04469,P011,Mixer Grinder,Home,Hyderabad,Online,UPI,2,4770.77,0.05,9541.54,9064.46,0,2517.44,2024,10,October,Sunday,9541.54,9064.463
2024-10-13,ORD013199,CUST02020,P001,Laptop,Electronics,Pune,Store,UPI,2,67208.31,0.05,134416.62,127695.79,0,26260.75,2024,10,October,Sunday,134416.62,127695.78899999999
2024-10-13,ORD036917,CUST03104,P009,T-Shirt,Fashion,Kolkata,Online,Credit Card,1,1208.45,0.1,1208.45,1087.6,0,193.87,2024,10,October,Sunday,1208.45,1087.605
2024-10-13,ORD040041,CUST00007,P018,Jacket,Fashion,Kolkata,Online,Debit Card,1,5392.79,0.05,5392.79,5123.15,1,-256.16,2024,10,October,Sunday,5392.79,5123.1505
2024-10-13,ORD038606,CUST03475,P004,Smartwatch,Electronics,Kolkata,Online,UPI,1,6995.09,0.25,6995.09,5246.32,0,770.53,2024,10,October,Sunday,6995.09,5246.3175
2024-10-13,ORD028979,CUST01512,P015,Dining Table,Furniture,Kolkata,Online,UPI,1,23557.47,0.05,23557.47,22379.6,1,-1118.98,2024,10,October,Sunday,23557.47,22379.5965
2024-10-13,ORD034806,CUST00934,P004,Smartwatch,Electronics,Bengaluru,Online,UPI,5,7205.42,0.1,36027.1,32424.39,0,6597.02,2024,10,October,Sunday,36027.1,32424.39
2024-10-13,ORD043585,CUST04914,P010,Coffee Maker,Home,Jaipur,Online,Debit Card,1,5499.01,0.0,5499.01,5499.01,1,-274.95,2024,10,October,Sunday,5499.01,5499.01
2024-10-13,ORD022691,CUST04547,P001,Laptop,Electronics,Delhi,Store,Credit Card,1,62769.04,0.1,62769.04,56492.14,0,5358.0,2024,10,October,Sunday,62769.04,56492.136
2024-10-13,ORD033681,CUST02354,P005,Office Chair,Furniture,Chennai,Online,Credit Card,1,10178.65,0.05,10178.65,9669.72,0,2339.26,2024,10,October,Sunday,10178.65,9669.717499999999
2024-10-13,ORD005865,CUST03743,P010,Coffee Maker,Home,Surat,Online,Credit Card,1,5084.89,0.05,5084.89,4830.65,0,810.75,2024,10,October,Sunday,5084.89,4830.6455000000005
2024-10-13,ORD038104,CUST01044,P019,Vacuum Cleaner,Home,Hyderabad,Online,Credit Card,2,9094.96,0.1,18189.92,16370.93,0,2032.43,2024,10,October,Sunday,18189.92,16370.927999999998
2024-10-13,ORD041173,CUST04282,P003,Headphones,Electronics,Delhi,Online,UPI,1,4256.59,0.1,4256.59,3830.93,0,1004.66,2024,10,October,Sunday,4256.59,3830.931
2024-10-13,ORD049831,CUST01643,P003,Headphones,Electronics,Chennai,Online,Net Banking,2,4265.45,0.05,8530.9,8104.36,0,2105.03,2024,10,October,Sunday,8530.9,8104.355
2024-10-13,ORD020186,CUST00156,P010,Coffee Maker,Home,Ahmedabad,Online,Debit Card,1,5839.96,0.1,5839.96,5255.96,0,938.37,2024,10,October,Sunday,5839.96,5255.964
2024-10-13,ORD020796,CUST03960,P009,T-Shirt,Fashion,Ahmedabad,Store,Credit Card,2,1136.81,0.1,2273.62,2046.26,1,-102.31,2024,10,October,Sunday,2273.62,2046.258
2024-10-13,ORD044834,CUST02496,P019,Vacuum Cleaner,Home,Bengaluru,Online,UPI,3,8398.89,0.1,25196.67,22677.0,0,1999.44,2024,10,October,Sunday,25196.67,22677.003
2024-10-13,ORD012094,CUST02340,P008,Running Shoes,Fashion,Jaipur,Online,UPI,1,4209.54,0.0,4209.54,4209.54,0,697.47,2024,10,October,Sunday,4209.54,4209.54
2024-10-13,ORD035172,CUST00467,P007,Backpack,Accessories,Ahmedabad,Online,Cash,4,2107.92,0.2,8431.68,6745.34,1,-337.27,2024,10,October,Sunday,8431.68,6745.344000000001
2024-10-13,ORD007051,CUST03969,P010,Coffee Maker,Home,Hyderabad,Store,Cash,2,5544.7,0.05,11089.4,10534.93,0,1852.64,2024,10,October,Sunday,11089.4,10534.929999999998
2024-10-13,ORD048888,CUST00033,P005,Office Chair,Furniture,Hyderabad,Online,UPI,1,8677.46,0.1,8677.46,7809.71,0,1393.88,2024,10,October,Sunday,8677.46,7809.713999999999
2024-10-13,ORD043529,CUST02505,P008,Running Shoes,Fashion,Pune,Store,Debit Card,2,3794.49,0.0,7588.98,7588.98,0,1130.3,2024,10,October,Sunday,7588.98,7588.98
2024-10-13,ORD041918,CUST02966,P012,Air Fryer,Home,Kolkata,Online,UPI,1,7608.78,0.05,7608.78,7228.34,0,914.47,2024,10,October,Sunday,7608.78,7228.340999999999
2024-10-13,ORD044112,CUST01609,P014,Keyboard,Electronics,Chennai,Online,UPI,2,2349.34,0.0,4698.68,4698.68,0,619.3,2024,10,October,Sunday,4698.68,4698.68
2024-10-13,ORD049463,CUST04677,P004,Smartwatch,Electronics,Kolkata,Store,UPI,1,6654.75,0.05,6654.75,6322.01,0,1310.86,2024,10,October,Sunday,6654.75,6322.0125
2024-10-13,ORD013502,CUST00324,P018,Jacket,Fashion,Hyderabad,Online,Credit Card,1,4688.26,0.05,4688.26,4453.85,0,681.79,2024,10,October,Sunday,4688.26,4453.847
2024-10-13,ORD045399,CUST00361,P014,Keyboard,Electronics,Delhi,Store,Cash,2,2419.75,0.05,4839.5,4597.52,0,479.35,2024,10,October,Sunday,4839.5,4597.525
2024-10-13,ORD026946,CUST00632,P017,Jeans,Fashion,Ahmedabad,Online,UPI,1,2530.13,0.15,2530.13,2150.61,0,175.32,2024,10,October,Sunday,2530.13,2150.6105000000002
2024-10-13,ORD023463,CUST03541,P002,Smartphone,Electronics,Chennai,Online,UPI,1,29183.19,0.1,29183.19,26264.87,0,3063.07,2024,10,October,Sunday,29183.19,26264.871
2024-10-13,ORD034154,CUST03966,P020,Microwave,Home,Kolkata,Online,Credit Card,2,10259.85,0.2,20519.7,16415.76,0,1913.02,2024,10,October,Sunday,20519.7,16415.760000000002
2024-10-13,ORD016142,CUST00557,P016,Sofa,Furniture,Delhi,Online,Net Banking,1,32361.08,0.1,32361.08,29124.97,0,3640.71,2024,10,October,Sunday,32361.08,29124.972
2024-10-13,ORD049204,CUST04486,P002,Smartphone,Electronics,Surat,Online,Cash,1,27248.53,0.1,27248.53,24523.68,0,5756.86,2024,10,October,Sunday,27248.53,24523.677
2024-10-13,ORD015309,CUST04592,P002,Smartphone,Electronics,Jaipur,Online,UPI,3,27382.59,0.25,82147.77,61610.83,0,13635.06,2024,10,October,Sunday,82147.77,61610.8275
2024-10-14,ORD026122,CUST00784,P016,Sofa,Furniture,Pune,Online,UPI,1,37754.26,0.1,37754.26,33978.83,0,5518.47,2024,10,October,Monday,37754.26,33978.834
2024-10-14,ORD042310,CUST02680,P016,Sofa,Furniture,Mumbai,Online,Credit Card,1,32541.28,0.05,32541.28,30914.22,0,7837.33,2024,10,October,Monday,32541.28,30914.215999999997
2024-10-14,ORD027881,CUST02417,P017,Jeans,Fashion,Surat,Store,Debit Card,1,2704.99,0.05,2704.99,2569.74,0,617.26,2024,10,October,Monday,2704.99,2569.7405
2024-10-14,ORD048153,CUST02023,P007,Backpack,Accessories,Bengaluru,Online,Debit Card,1,2372.84,0.15,2372.84,2016.91,0,407.39,2024,10,October,Monday,2372.84,2016.914
2024-10-14,ORD003968,CUST02895,P012,Air Fryer,Home,Surat,Online,UPI,1,6506.46,0.0,6506.46,6506.46,0,911.63,2024,10,October,Monday,6506.46,6506.46
2024-10-14,ORD002486,CUST04516,P017,Jeans,Fashion,Jaipur,Store,Debit Card,1,2671.17,0.1,2671.17,2404.05,0,646.5,2024,10,October,Monday,2671.17,2404.0530000000003
2024-10-14,ORD047106,CUST03505,P019,Vacuum Cleaner,Home,Mumbai,Online,Credit Card,1,8332.81,0.1,8332.81,7499.53,0,1364.32,2024,10,October,Monday,8332.81,7499.5289999999995
2024-10-14,ORD044943,CUST03224,P015,Dining Table,Furniture,Delhi,Online,UPI,1,20599.71,0.0,20599.71,20599.71,0,5370.39,2024,10,October,Monday,20599.71,20599.71
2024-10-14,ORD023960,CUST00836,P012,Air Fryer,Home,Kolkata,Online,UPI,2,7228.83,0.1,14457.66,13011.89,0,2791.42,2024,10,October,Monday,14457.66,13011.894
2024-10-14,ORD003724,CUST04257,P006,Desk,Furniture,Ahmedabad,Store,Cash,1,11822.48,0.2,11822.48,9457.98,0,974.63,2024,10,October,Monday,11822.48,9457.984
2024-10-14,ORD003154,CUST04521,P019,Vacuum Cleaner,Home,Surat,Store,Credit Card,2,9305.46,0.15,18610.92,15819.28,1,-790.96,2024,10,October,Monday,18610.92,15819.281999999997
2024-10-14,ORD042351,CUST04667,P007,Backpack,Accessories,Jaipur,Online,UPI,1,2219.46,0.0,2219.46,2219.46,0,444.71,2024,10,October,Monday,2219.46,2219.46
2024-10-14,ORD021182,CUST01664,P016,Sofa,Furniture,Surat,Store,UPI,1,32910.47,0.15,32910.47,27973.9,1,-1398.7,2024,10,October,Monday,32910.47,27973.8995
2024-10-14,ORD047489,CUST01037,P016,Sofa,Furniture,Ahmedabad,Store,UPI,2,32356.43,0.05,64712.86,61477.22,0,17295.21,2024,10,October,Monday,64712.86,61477.217
2024-10-14,ORD007507,CUST04646,P018,Jacket,Fashion,Hyderabad,Online,Credit Card,1,5221.61,0.15,5221.61,4438.37,0,1194.18,2024,10,October,Monday,5221.61,4438.3685
2024-10-14,ORD040043,CUST01416,P020,Microwave,Home,Delhi,Store,Debit Card,1,11044.93,0.1,11044.93,9940.44,1,-497.02,2024,10,October,Monday,11044.93,9940.437
2024-10-14,ORD028743,CUST00655,P007,Backpack,Accessories,Chennai,Online,Debit Card,1,2169.06,0.05,2169.06,2060.61,0,425.78,2024,10,October,Monday,2169.06,2060.607
2024-10-14,ORD033700,CUST04442,P005,Office Chair,Furniture,Ahmedabad,Online,Credit Card,1,10059.44,0.05,10059.44,9556.47,0,2762.14,2024,10,October,Monday,10059.44,9556.468
2024-10-14,ORD024397,CUST02220,P008,Running Shoes,Fashion,Kolkata,Online,UPI,1,4043.29,0.0,4043.29,4043.29,0,959.03,2024,10,October,Monday,4043.29,4043.29
2024-10-14,ORD001217,CUST02952,P019,Vacuum Cleaner,Home,Surat,Store,UPI,1,9066.82,0.05,9066.82,8613.48,0,2140.06,2024,10,October,Monday,9066.82,8613.479
2024-10-14,ORD040048,CUST03709,P019,Vacuum Cleaner,Home,Mumbai,Store,Debit Card,1,8748.91,0.05,8748.91,8311.46,0,1503.11,2024,10,October,Monday,8748.91,8311.4645
2024-10-14,ORD011565,CUST01039,P006,Desk,Furniture,Chennai,Online,Credit Card,5,11673.4,0.0,58367.0,58367.0,0,17019.0,2024,10,October,Monday,58367.0,58367.0
2024-10-14,ORD000398,CUST00388,P007,Backpack,Accessories,Bengaluru,Online,UPI,1,2365.05,0.1,2365.05,2128.54,0,193.79,2024,10,October,Monday,2365.05,2128.545
2024-10-14,ORD024609,CUST03811,P002,Smartphone,Electronics,Surat,Online,UPI,5,25679.07,0.05,128395.35,121975.58,0,24171.82,2024,10,October,Monday,128395.35,121975.5825
2024-10-14,ORD029666,CUST00880,P019,Vacuum Cleaner,Home,Delhi,Online,Debit Card,1,8211.94,0.0,8211.94,8211.94,0,2039.96,2024,10,October,Monday,8211.94,8211.94
2024-10-14,ORD005733,CUST04715,P012,Air Fryer,Home,Chennai,Store,UPI,3,7899.45,0.0,23698.35,23698.35,0,3018.57,2024,10,October,Monday,23698.35,23698.35
2024-10-14,ORD035938,CUST00162,P001,Laptop,Electronics,Pune,Online,UPI,1,68196.54,0.05,68196.54,64786.71,0,10563.2,2024,10,October,Monday,68196.54,64786.71299999999
2024-10-14,ORD003645,CUST01036,P017,Jeans,Fashion,Delhi,Online,Credit Card,1,2572.93,0.05,2572.93,2444.28,0,484.77,2024,10,October,Monday,2572.93,2444.2834999999995
2024-10-14,ORD008808,CUST04433,P017,Jeans,Fashion,Kolkata,Online,UPI,3,3060.51,0.05,9181.53,8722.45,1,-436.12,2024,10,October,Monday,9181.53,8722.4535
2024-10-14,ORD013331,CUST04799,P018,Jacket,Fashion,Surat,Store,UPI,1,4844.61,0.1,4844.61,4360.15,0,1138.96,2024,10,October,Monday,4844.61,4360.148999999999
2024-10-14,ORD038605,CUST03947,P006,Desk,Furniture,Chennai,Online,Credit Card,2,11176.26,0.05,22352.52,21234.89,0,4994.14,2024,10,October,Monday,22352.52,21234.894
2024-10-14,ORD031606,CUST02160,P016,Sofa,Furniture,Jaipur,Online,Credit Card,1,36566.93,0.2,36566.93,29253.54,1,-1462.68,2024,10,October,Monday,36566.93,29253.544
2024-10-14,ORD018859,CUST03611,P010,Coffee Maker,Home,Kolkata,Store,UPI,4,5483.88,0.2,21935.52,17548.42,0,4257.95,2024,10,October,Monday,21935.52,17548.416
2024-10-14,ORD035022,CUST04520,P004,Smartwatch,Electronics,Hyderabad,Store,UPI,3,6808.74,0.15,20426.22,17362.29,0,4298.12,2024,10,October,Monday,20426.22,17362.287
2024-10-14,ORD026621,CUST04696,P003,Headphones,Electronics,Hyderabad,Store,Net Banking,1,4439.34,0.2,4439.34,3551.47,0,213.58,2024,10,October,Monday,4439.34,3551.472
2024-10-14,ORD021795,CUST03974,P010,Coffee Maker,Home,Mumbai,Store,UPI,1,5913.52,0.15,5913.52,5026.49,0,676.24,2024,10,October,Monday,5913.52,5026.492
2024-10-14,ORD020143,CUST00020,P016,Sofa,Furniture,Mumbai,Online,Net Banking,1,31933.46,0.15,31933.46,27143.44,0,6443.9,2024,10,October,Monday,31933.46,27143.441
2024-10-14,ORD024559,CUST03462,P003,Headphones,Electronics,Pune,Store,UPI,4,4207.11,0.1,16828.44,15145.6,0,3402.75,2024,10,October,Monday,16828.44,15145.596
2024-10-14,ORD005348,CUST02315,P010,Coffee Maker,Home,Surat,Online,Net Banking,2,5464.63,0.15,10929.26,9289.87,0,1844.13,2024,10,October,Monday,10929.26,9289.871
2024-10-14,ORD030338,CUST01699,P002,Smartphone,Electronics,Mumbai,Online,Credit Card,1,28325.82,0.0,28325.82,28325.82,0,2374.61,2024,10,October,Monday,28325.82,28325.82
2024-10-14,ORD048512,CUST03869,P005,Office Chair,Furniture,Kolkata,Store,UPI,1,9639.19,0.15,9639.19,8193.31,0,1646.01,2024,10,October,Monday,9639.19,8193.3115
2024-10-14,ORD025547,CUST03850,P007,Backpack,Accessories,Ahmedabad,Store,Credit Card,1,2143.94,0.05,2143.94,2036.74,0,427.76,2024,10,October,Monday,2143.94,2036.743
2024-10-14,ORD013916,CUST03712,P017,Jeans,Fashion,Delhi,Online,UPI,1,2567.75,0.05,2567.75,2439.36,1,-121.97,2024,10,October,Monday,2567.75,2439.3624999999997
2024-10-14,ORD000975,CUST04054,P008,Running Shoes,Fashion,Bengaluru,Online,Credit Card,1,4425.5,0.05,4425.5,4204.22,0,953.02,2024,10,October,Monday,4425.5,4204.224999999999
2024-10-14,ORD000909,CUST01483,P003,Headphones,Electronics,Hyderabad,Online,Net Banking,1,4897.79,0.2,4897.79,3918.23,0,503.58,2024,10,October,Monday,4897.79,3918.232
2024-10-14,ORD026043,CUST01467,P008,Running Shoes,Fashion,Bengaluru,Online,UPI,1,4562.17,0.1,4562.17,4105.95,0,625.11,2024,10,October,Monday,4562.17,4105.953
2024-10-14,ORD034434,CUST04476,P012,Air Fryer,Home,Pune,Online,UPI,1,7002.83,0.1,7002.83,6302.55,0,383.94,2024,10,October,Monday,7002.83,6302.5470000000005
2024-10-14,ORD014664,CUST02464,P010,Coffee Maker,Home,Kolkata,Online,UPI,1,5179.98,0.05,5179.98,4920.98,0,500.14,2024,10,October,Monday,5179.98,4920.981
2024-10-14,ORD040691,CUST03564,P018,Jacket,Fashion,Ahmedabad,Store,Debit Card,2,5108.4,0.15,10216.8,8684.28,0,2135.4,2024,10,October,Monday,10216.8,8684.279999999999
2024-10-14,ORD006141,CUST00197,P012,Air Fryer,Home,Pune,Store,UPI,1,7499.41,0.0,7499.41,7499.41,0,724.68,2024,10,October,Monday,7499.41,7499.41
2024-10-14,ORD042725,CUST00385,P001,Laptop,Electronics,Ahmedabad,Online,UPI,2,63180.69,0.15,126361.38,107407.17,0,20174.3,2024,10,October,Monday,126361.38,107407.173
2024-10-14,ORD013861,CUST04782,P006,Desk,Furniture,Jaipur,Online,UPI,1,11999.26,0.1,11999.26,10799.33,0,1627.91,2024,10,October,Monday,11999.26,10799.334
2024-10-14,ORD003863,CUST04640,P014,Keyboard,Electronics,Kolkata,Online,UPI,1,2291.43,0.2,2291.43,1833.14,0,366.33,2024,10,October,Monday,2291.43,1833.144
2024-10-14,ORD003130,CUST04677,P017,Jeans,Fashion,Hyderabad,Store,UPI,1,2697.39,0.0,2697.39,2697.39,0,638.49,2024,10,October,Monday,2697.39,2697.39
2024-10-14,ORD023807,CUST03653,P012,Air Fryer,Home,Jaipur,Online,Net Banking,1,7466.34,0.0,7466.34,7466.34,0,1065.58,2024,10,October,Monday,7466.34,7466.34
2024-10-14,ORD044830,CUST02346,P003,Headphones,Electronics,Ahmedabad,Store,Debit Card,2,4667.15,0.1,9334.3,8400.87,0,2095.04,2024,10,October,Monday,9334.3,8400.869999999999
2024-10-14,ORD020040,CUST00470,P011,Mixer Grinder,Home,Mumbai,Store,Net Banking,1,4891.28,0.05,4891.28,4646.72,0,1303.23,2024,10,October,Monday,4891.28,4646.715999999999
2024-10-14,ORD027826,CUST01505,P001,Laptop,Electronics,Pune,Online,UPI,1,67082.02,0.15,67082.02,57019.72,0,13632.04,2024,10,October,Monday,67082.02,57019.717000000004
2024-10-14,ORD010943,CUST03655,P015,Dining Table,Furniture,Mumbai,Online,UPI,3,24114.08,0.1,72342.24,65108.02,0,5487.73,2024,10,October,Monday,72342.24,65108.016
2024-10-14,ORD049713,CUST03586,P017,Jeans,Fashion,Hyderabad,Store,Credit Card,1,2693.36,0.1,2693.36,2424.02,0,617.83,2024,10,October,Monday,2693.36,2424.0240000000003
2024-10-14,ORD042527,CUST04640,P011,Mixer Grinder,Home,Surat,Online,UPI,1,5089.68,0.0,5089.68,5089.68,0,909.08,2024,10,October,Monday,5089.68,5089.68
2024-10-14,ORD042082,CUST00452,P004,Smartwatch,Electronics,Jaipur,Online,Net Banking,4,6582.38,0.25,26329.52,19747.14,0,789.89,2024,10,October,Monday,26329.52,19747.14
2024-10-14,ORD009712,CUST02398,P017,Jeans,Fashion,Mumbai,Store,UPI,2,2704.8,0.0,5409.6,5409.6,0,1091.4,2024,10,October,Monday,5409.6,5409.6
2024-10-14,ORD025471,CUST01727,P002,Smartphone,Electronics,Bengaluru,Online,Debit Card,2,30140.88,0.1,60281.76,54253.58,0,3604.38,2024,10,October,Monday,60281.76,54253.584
2024-10-14,ORD040712,CUST04975,P016,Sofa,Furniture,Pune,Online,UPI,1,31535.45,0.1,31535.45,28381.91,0,4339.45,2024,10,October,Monday,31535.45,28381.905000000002
2024-10-15,ORD010778,CUST04177,P009,T-Shirt,Fashion,Hyderabad,Store,Credit Card,1,1114.77,0.1,1114.77,1003.29,0,174.45,2024,10,October,Tuesday,1114.77,1003.293
2024-10-15,ORD049493,CUST04536,P012,Air Fryer,Home,Hyderabad,Store,Credit Card,1,7571.92,0.05,7571.92,7193.32,0,1528.42,2024,10,October,Tuesday,7571.92,7193.324
2024-10-15,ORD022679,CUST00621,P009,T-Shirt,Fashion,Kolkata,Online,UPI,1,1160.36,0.1,1160.36,1044.32,0,188.05,2024,10,October,Tuesday,1160.36,1044.3239999999998
2024-10-15,ORD042870,CUST01701,P013,Monitor,Electronics,Delhi,Online,Cash,1,18477.42,0.0,18477.42,18477.42,1,-923.87,2024,10,October,Tuesday,18477.42,18477.42
2024-10-15,ORD017451,CUST02748,P008,Running Shoes,Fashion,Jaipur,Online,Credit Card,2,4203.01,0.0,8406.02,8406.02,0,1860.9,2024,10,October,Tuesday,8406.02,8406.02
2024-10-15,ORD042029,CUST02809,P005,Office Chair,Furniture,Ahmedabad,Store,UPI,1,9568.49,0.1,9568.49,8611.64,0,2352.57,2024,10,October,Tuesday,9568.49,8611.641
2024-10-15,ORD048658,CUST02951,P014,Keyboard,Electronics,Jaipur,Store,UPI,1,2676.85,0.1,2676.85,2409.16,0,580.4,2024,10,October,Tuesday,2676.85,2409.165
2024-10-15,ORD031644,CUST03192,P018,Jacket,Fashion,Bengaluru,Store,UPI,1,5437.73,0.0,5437.73,5437.73,0,1160.07,2024,10,October,Tuesday,5437.73,5437.73
2024-10-15,ORD021311,CUST02168,P002,Smartphone,Electronics,Delhi,Online,Credit Card,1,28812.95,0.0,28812.95,28812.95,0,4214.9,2024,10,October,Tuesday,28812.95,28812.95
2024-10-15,ORD000114,CUST01286,P013,Monitor,Electronics,Kolkata,Store,Credit Card,1,19168.85,0.1,19168.85,17251.96,0,3608.48,2024,10,October,Tuesday,19168.85,17251.965
2024-10-15,ORD018097,CUST03142,P010,Coffee Maker,Home,Chennai,Online,Debit Card,2,4957.21,0.0,9914.42,9914.42,0,1153.76,2024,10,October,Tuesday,9914.42,9914.42
2024-10-15,ORD030711,CUST02167,P007,Backpack,Accessories,Delhi,Store,Debit Card,3,2406.28,0.1,7218.84,6496.96,0,833.37,2024,10,October,Tuesday,7218.84,6496.956
2024-10-15,ORD009663,CUST02909,P016,Sofa,Furniture,Kolkata,Online,Credit Card,1,33869.9,0.2,33869.9,27095.92,0,5211.17,2024,10,October,Tuesday,33869.9,27095.920000000002
2024-10-15,ORD047327,CUST03147,P018,Jacket,Fashion,Ahmedabad,Store,UPI,1,4826.11,0.05,4826.11,4584.8,0,1221.25,2024,10,October,Tuesday,4826.11,4584.804499999999
2024-10-15,ORD016149,CUST01564,P019,Vacuum Cleaner,Home,Bengaluru,Store,Net Banking,2,8124.54,0.15,16249.08,13811.72,0,3480.73,2024,10,October,Tuesday,16249.08,13811.717999999999
2024-10-15,ORD023933,CUST02338,P003,Headphones,Electronics,Chennai,Online,UPI,2,4665.01,0.15,9330.02,7930.52,1,-396.53,2024,10,October,Tuesday,9330.02,7930.517
2024-10-15,ORD047601,CUST00004,P013,Monitor,Electronics,Mumbai,Online,UPI,1,18019.21,0.25,18019.21,13514.41,0,2698.21,2024,10,October,Tuesday,18019.21,13514.4075
2024-10-15,ORD001095,CUST00965,P003,Headphones,Electronics,Jaipur,Online,Debit Card,2,4857.99,0.0,9715.98,9715.98,0,1775.09,2024,10,October,Tuesday,9715.98,9715.98
2024-10-15,ORD004511,CUST00090,P002,Smartphone,Electronics,Chennai,Online,UPI,1,29577.1,0.0,29577.1,29577.1,0,6700.44,2024,10,October,Tuesday,29577.1,29577.1
2024-10-15,ORD015076,CUST00052,P007,Backpack,Accessories,Delhi,Store,Net Banking,2,2292.22,0.2,4584.44,3667.55,0,909.6,2024,10,October,Tuesday,4584.44,3667.5519999999997
2024-10-15,ORD001568,CUST01074,P018,Jacket,Fashion,Pune,Online,UPI,1,4737.77,0.0,4737.77,4737.77,0,636.49,2024,10,October,Tuesday,4737.77,4737.77
2024-10-15,ORD012227,CUST02982,P015,Dining Table,Furniture,Kolkata,Online,Debit Card,1,22794.16,0.0,22794.16,22794.16,0,6785.04,2024,10,October,Tuesday,22794.16,22794.16
2024-10-15,ORD045194,CUST01356,P007,Backpack,Accessories,Surat,Online,Credit Card,1,2186.96,0.1,2186.96,1968.26,0,297.81,2024,10,October,Tuesday,2186.96,1968.2640000000001
2024-10-15,ORD027141,CUST02756,P019,Vacuum Cleaner,Home,Chennai,Online,UPI,1,9016.57,0.1,9016.57,8114.91,0,1423.32,2024,10,October,Tuesday,9016.57,8114.913
2024-10-15,ORD048582,CUST04002,P012,Air Fryer,Home,Delhi,Online,Credit Card,1,7183.08,0.1,7183.08,6464.77,0,1375.23,2024,10,October,Tuesday,7183.08,6464.772
2024-10-15,ORD029106,CUST00691,P018,Jacket,Fashion,Chennai,Store,Debit Card,1,4728.75,0.15,4728.75,4019.44,0,1039.16,2024,10,October,Tuesday,4728.75,4019.4375
2024-10-15,ORD006370,CUST00872,P003,Headphones,Electronics,Pune,Online,Credit Card,2,4095.11,0.15,8190.22,6961.69,0,446.67,2024,10,October,Tuesday,8190.22,6961.687
2024-10-15,ORD026713,CUST03515,P018,Jacket,Fashion,Delhi,Online,Credit Card,1,5430.34,0.15,5430.34,4615.79,0,788.69,2024,10,October,Tuesday,5430.34,4615.789
2024-10-15,ORD012601,CUST00669,P006,Desk,Furniture,Delhi,Online,Credit Card,4,13126.83,0.0,52507.32,52507.32,0,10057.26,2024,10,October,Tuesday,52507.32,52507.32
2024-10-15,ORD025341,CUST02001,P013,Monitor,Electronics,Jaipur,Online,UPI,1,17987.86,0.05,17987.86,17088.47,0,1959.36,2024,10,October,Tuesday,17987.86,17088.467
2024-10-15,ORD000320,CUST00721,P017,Jeans,Fashion,Surat,Store,UPI,2,2817.86,0.2,5635.72,4508.58,0,474.72,2024,10,October,Tuesday,5635.72,4508.576
2024-10-15,ORD004689,CUST04728,P012,Air Fryer,Home,Hyderabad,Store,Cash,1,6844.5,0.0,6844.5,6844.5,0,1210.73,2024,10,October,Tuesday,6844.5,6844.5
2024-10-15,ORD021472,CUST01633,P019,Vacuum Cleaner,Home,Ahmedabad,Store,Credit Card,2,9571.34,0.05,19142.68,18185.55,0,1820.8,2024,10,October,Tuesday,19142.68,18185.546
2024-10-15,ORD010189,CUST03086,P010,Coffee Maker,Home,Mumbai,Online,UPI,1,5615.07,0.1,5615.07,5053.56,0,1144.59,2024,10,October,Tuesday,5615.07,5053.563
2024-10-15,ORD044178,CUST00001,P005,Office Chair,Furniture,Bengaluru,Online,UPI,1,9562.99,0.25,9562.99,7172.24,0,1244.57,2024,10,October,Tuesday,9562.99,7172.2425
2024-10-15,ORD026831,CUST00878,P019,Vacuum Cleaner,Home,Mumbai,Store,Credit Card,1,9334.24,0.0,9334.24,9334.24,0,2623.19,2024,10,October,Tuesday,9334.24,9334.24
2024-10-15,ORD001171,CUST04436,P009,T-Shirt,Fashion,Pune,Online,Credit Card,1,1080.04,0.0,1080.04,1080.04,0,112.8,2024,10,October,Tuesday,1080.04,1080.04
2024-10-15,ORD028794,CUST03660,P004,Smartwatch,Electronics,Chennai,Online,Net Banking,1,6627.23,0.2,6627.23,5301.78,0,1020.68,2024,10,October,Tuesday,6627.23,5301.784
2024-10-15,ORD011897,CUST04310,P001,Laptop,Electronics,Surat,Store,Credit Card,1,61182.94,0.2,61182.94,48946.35,0,5483.0,2024,10,October,Tuesday,61182.94,48946.352000000006
2024-10-15,ORD026276,CUST00710,P012,Air Fryer,Home,Delhi,Online,UPI,1,6934.75,0.0,6934.75,6934.75,0,1452.66,2024,10,October,Tuesday,6934.75,6934.75
2024-10-15,ORD031408,CUST04845,P007,Backpack,Accessories,Surat,Online,UPI,1,2355.4,0.1,2355.4,2119.86,0,494.32,2024,10,October,Tuesday,2355.4,2119.86
2024-10-15,ORD034046,CUST02182,P018,Jacket,Fashion,Chennai,Store,Debit Card,1,5530.91,0.15,5530.91,4701.27,0,570.64,2024,10,October,Tuesday,5530.91,4701.273499999999
2024-10-15,ORD003150,CUST01048,P016,Sofa,Furniture,Hyderabad,Online,Credit Card,2,35093.43,0.15,70186.86,59658.83,0,3151.12,2024,10,October,Tuesday,70186.86,59658.831
2024-10-15,ORD000632,CUST02385,P013,Monitor,Electronics,Surat,Online,Credit Card,1,17736.45,0.15,17736.45,15075.98,0,3165.94,2024,10,October,Tuesday,17736.45,15075.9825
2024-10-15,ORD009680,CUST02427,P003,Headphones,Electronics,Jaipur,Online,Debit Card,1,4509.26,0.1,4509.26,4058.33,0,1008.69,2024,10,October,Tuesday,4509.26,4058.3340000000003
2024-10-15,ORD029708,CUST00904,P019,Vacuum Cleaner,Home,Mumbai,Online,Debit Card,1,8944.1,0.15,8944.1,7602.48,0,1358.5,2024,10,October,Tuesday,8944.1,7602.485
2024-10-15,ORD048067,CUST00339,P016,Sofa,Furniture,Delhi,Online,Credit Card,2,38336.19,0.05,76672.38,72838.76,0,13351.44,2024,10,October,Tuesday,76672.38,72838.761
2024-10-15,ORD039124,CUST04306,P009,T-Shirt,Fashion,Bengaluru,Store,Credit Card,3,1199.15,0.05,3597.45,3417.58,0,733.99,2024,10,October,Tuesday,3597.4500000000003,3417.5775
2024-10-15,ORD014116,CUST03919,P013,Monitor,Electronics,Mumbai,Online,UPI,1,17987.2,0.0,17987.2,17987.2,0,4641.72,2024,10,October,Tuesday,17987.2,17987.2
2024-10-15,ORD021201,CUST02374,P012,Air Fryer,Home,Delhi,Online,Cash,3,6680.89,0.1,20042.67,18038.4,0,2110.06,2024,10,October,Tuesday,20042.670000000002,18038.403
2024-10-15,ORD005224,CUST04859,P007,Backpack,Accessories,Surat,Online,Credit Card,1,2068.05,0.2,2068.05,1654.44,0,105.14,2024,10,October,Tuesday,2068.05,1654.4400000000003
2024-10-15,ORD001398,CUST02916,P007,Backpack,Accessories,Ahmedabad,Store,Credit Card,1,2337.87,0.1,2337.87,2104.08,0,158.46,2024,10,October,Tuesday,2337.87,2104.083
2024-10-15,ORD008329,CUST02252,P004,Smartwatch,Electronics,Pune,Online,Debit Card,2,6382.5,0.1,12765.0,11488.5,0,1456.77,2024,10,October,Tuesday,12765.0,11488.5
2024-10-15,ORD030020,CUST04395,P018,Jacket,Fashion,Chennai,Store,Debit Card,4,5347.4,0.1,21389.6,19250.64,0,3720.53,2024,10,October,Tuesday,21389.6,19250.64
2024-10-15,ORD016431,CUST01683,P008,Running Shoes,Fashion,Ahmedabad,Online,Credit Card,4,3997.29,0.05,15989.16,15189.7,0,4300.45,2024,10,October,Tuesday,15989.16,15189.702
2024-10-15,ORD019785,CUST00381,P019,Vacuum Cleaner,Home,Mumbai,Store,UPI,2,9485.73,0.2,18971.46,15177.17,0,1005.55,2024,10,October,Tuesday,18971.46,15177.168
2024-10-15,ORD049309,CUST01603,P008,Running Shoes,Fashion,Bengaluru,Store,UPI,2,4151.85,0.0,8303.7,8303.7,1,-415.19,2024,10,October,Tuesday,8303.7,8303.7
2024-10-15,ORD015688,CUST01376,P009,T-Shirt,Fashion,Bengaluru,Store,Net Banking,1,1311.93,0.05,1311.93,1246.33,0,211.03,2024,10,October,Tuesday,1311.93,1246.3335
2024-10-15,ORD045779,CUST04104,P004,Smartwatch,Electronics,Jaipur,Store,Net Banking,1,6647.11,0.1,6647.11,5982.4,0,665.69,2024,10,October,Tuesday,6647.11,5982.398999999999
2024-10-15,ORD025055,CUST04996,P007,Backpack,Accessories,Hyderabad,Online,Credit Card,2,2165.04,0.1,4330.08,3897.07,0,809.82,2024,10,October,Tuesday,4330.08,3897.072
2024-10-15,ORD043166,CUST02903,P003,Headphones,Electronics,Hyderabad,Online,UPI,1,4829.28,0.05,4829.28,4587.82,0,524.33,2024,10,October,Tuesday,4829.28,4587.816
2024-10-15,ORD047945,CUST00534,P014,Keyboard,Electronics,Kolkata,Online,Credit Card,1,2262.26,0.0,2262.26,2262.26,0,293.84,2024,10,October,Tuesday,2262.26,2262.26
2024-10-15,ORD041210,CUST02775,P010,Coffee Maker,Home,Jaipur,Store,Cash,2,5919.0,0.1,11838.0,10654.2,0,1420.05,2024,10,October,Tuesday,11838.0,10654.2
2024-10-15,ORD018202,CUST05000,P016,Sofa,Furniture,Bengaluru,Store,Net Banking,1,33156.48,0.0,33156.48,33156.48,0,8446.0,2024,10,October,Tuesday,33156.48,33156.48
2024-10-15,ORD012460,CUST03899,P004,Smartwatch,Electronics,Kolkata,Store,UPI,1,6387.29,0.05,6387.29,6067.93,0,685.19,2024,10,October,Tuesday,6387.29,6067.925499999999
2024-10-15,ORD036768,CUST04491,P005,Office Chair,Furniture,Hyderabad,Online,Credit Card,1,10186.07,0.15,10186.07,8658.16,0,1582.53,2024,10,October,Tuesday,10186.07,8658.1595
2024-10-15,ORD014093,CUST01989,P017,Jeans,Fashion,Hyderabad,Store,Credit Card,1,3036.19,0.1,3036.19,2732.57,0,603.0,2024,10,October,Tuesday,3036.19,2732.571
2024-10-16,ORD015875,CUST04156,P019,Vacuum Cleaner,Home,Ahmedabad,Store,Debit Card,1,9227.59,0.15,9227.59,7843.45,0,1967.42,2024,10,October,Wednesday,9227.59,7843.4515
2024-10-16,ORD008710,CUST03749,P005,Office Chair,Furniture,Hyderabad,Online,Credit Card,1,9744.78,0.15,9744.78,8283.06,0,1663.5,2024,10,October,Wednesday,9744.78,8283.063
2024-10-16,ORD004784,CUST04900,P004,Smartwatch,Electronics,Chennai,Online,UPI,1,6927.77,0.05,6927.77,6581.38,0,1800.39,2024,10,October,Wednesday,6927.77,6581.3815
2024-10-16,ORD004960,CUST00564,P016,Sofa,Furniture,Hyderabad,Store,Credit Card,5,32442.49,0.05,162212.45,154101.83,0,18031.51,2024,10,October,Wednesday,162212.45,154101.8275
2024-10-16,ORD036505,CUST01954,P017,Jeans,Fashion,Surat,Online,Credit Card,1,2948.6,0.1,2948.6,2653.74,0,541.47,2024,10,October,Wednesday,2948.6,2653.74
2024-10-16,ORD017833,CUST03875,P006,Desk,Furniture,Ahmedabad,Online,UPI,1,10810.97,0.1,10810.97,9729.87,1,-486.49,2024,10,October,Wednesday,10810.97,9729.873
2024-10-16,ORD014355,CUST02836,P009,T-Shirt,Fashion,Ahmedabad,Store,Credit Card,2,1237.31,0.15,2474.62,2103.43,0,501.69,2024,10,October,Wednesday,2474.62,2103.4269999999997
2024-10-16,ORD011390,CUST03586,P007,Backpack,Accessories,Bengaluru,Store,UPI,4,2214.27,0.1,8857.08,7971.37,0,855.5,2024,10,October,Wednesday,8857.08,7971.372
2024-10-16,ORD049896,CUST03063,P004,Smartwatch,Electronics,Ahmedabad,Online,UPI,1,7580.28,0.15,7580.28,6443.24,0,728.0,2024,10,October,Wednesday,7580.28,6443.237999999999
2024-10-16,ORD047667,CUST03655,P010,Coffee Maker,Home,Chennai,Online,Debit Card,1,5565.49,0.15,5565.49,4730.67,0,887.75,2024,10,October,Wednesday,5565.49,4730.666499999999
2024-10-16,ORD004839,CUST02253,P009,T-Shirt,Fashion,Delhi,Online,Net Banking,1,1248.14,0.1,1248.14,1123.33,0,181.15,2024,10,October,Wednesday,1248.14,1123.326
2024-10-16,ORD012239,CUST04256,P020,Microwave,Home,Ahmedabad,Store,Credit Card,1,12075.43,0.25,12075.43,9056.57,1,-452.83,2024,10,October,Wednesday,12075.43,9056.5725
2024-10-16,ORD007477,CUST04024,P005,Office Chair,Furniture,Ahmedabad,Store,UPI,1,8636.17,0.0,8636.17,8636.17,0,1958.67,2024,10,October,Wednesday,8636.17,8636.17
2024-10-16,ORD004589,CUST02468,P020,Microwave,Home,Pune,Store,UPI,1,11835.32,0.15,11835.32,10060.02,1,-503.0,2024,10,October,Wednesday,11835.32,10060.021999999999
2024-10-16,ORD048580,CUST04618,P004,Smartwatch,Electronics,Pune,Online,UPI,4,7016.46,0.1,28065.84,25259.26,0,4445.94,2024,10,October,Wednesday,28065.84,25259.256
2024-10-16,ORD047833,CUST04728,P019,Vacuum Cleaner,Home,Jaipur,Store,Credit Card,1,9031.5,0.1,9031.5,8128.35,0,1912.77,2024,10,October,Wednesday,9031.5,8128.35
2024-10-16,ORD013745,CUST03932,P005,Office Chair,Furniture,Chennai,Online,UPI,2,10342.31,0.1,20684.62,18616.16,0,2362.48,2024,10,October,Wednesday,20684.62,18616.158
2024-10-16,ORD027248,CUST00862,P007,Backpack,Accessories,Kolkata,Online,UPI,4,2388.23,0.2,9552.92,7642.34,0,601.97,2024,10,October,Wednesday,9552.92,7642.336
2024-10-16,ORD028239,CUST03024,P010,Coffee Maker,Home,Chennai,Store,UPI,1,5794.39,0.1,5794.39,5214.95,0,527.55,2024,10,October,Wednesday,5794.39,5214.951
2024-10-16,ORD035503,CUST01599,P006,Desk,Furniture,Kolkata,Online,Credit Card,2,12798.78,0.0,25597.56,25597.56,0,4170.39,2024,10,October,Wednesday,25597.56,25597.56
2024-10-16,ORD021758,CUST04548,P001,Laptop,Electronics,Mumbai,Store,Credit Card,1,63957.94,0.2,63957.94,51166.35,0,7075.06,2024,10,October,Wednesday,63957.94,51166.352000000006
2024-10-16,ORD007958,CUST00821,P014,Keyboard,Electronics,Jaipur,Online,UPI,1,2584.81,0.1,2584.81,2326.33,0,414.86,2024,10,October,Wednesday,2584.81,2326.329
2024-10-16,ORD007438,CUST01975,P008,Running Shoes,Fashion,Chennai,Online,UPI,2,4274.5,0.15,8549.0,7266.65,0,496.09,2024,10,October,Wednesday,8549.0,7266.65
2024-10-16,ORD004707,CUST04241,P008,Running Shoes,Fashion,Ahmedabad,Online,UPI,1,4095.15,0.1,4095.15,3685.64,0,230.68,2024,10,October,Wednesday,4095.15,3685.635
2024-10-16,ORD001059,CUST00445,P018,Jacket,Fashion,Kolkata,Online,Net Banking,2,5209.36,0.05,10418.72,9897.78,0,2203.51,2024,10,October,Wednesday,10418.72,9897.784
2024-10-16,ORD022953,CUST00067,P006,Desk,Furniture,Jaipur,Online,Credit Card,3,10917.46,0.1,32752.38,29477.14,0,7896.98,2024,10,October,Wednesday,32752.379999999997,29477.142
2024-10-16,ORD012466,CUST00833,P014,Keyboard,Electronics,Delhi,Store,Credit Card,3,2659.33,0.1,7977.99,7180.19,0,1326.6,2024,10,October,Wednesday,7977.99,7180.191
2024-10-16,ORD035208,CUST04757,P009,T-Shirt,Fashion,Jaipur,Online,Debit Card,2,1130.09,0.0,2260.18,2260.18,0,547.51,2024,10,October,Wednesday,2260.18,2260.18
2024-10-16,ORD007363,CUST02493,P020,Microwave,Home,Hyderabad,Store,Credit Card,1,10880.44,0.25,10880.44,8160.33,0,1671.84,2024,10,October,Wednesday,10880.44,8160.33
2024-10-16,ORD021582,CUST03027,P010,Coffee Maker,Home,Mumbai,Online,Credit Card,2,5408.05,0.15,10816.1,9193.68,0,2405.28,2024,10,October,Wednesday,10816.1,9193.685
2024-10-16,ORD025979,CUST03711,P002,Smartphone,Electronics,Kolkata,Store,UPI,1,29350.29,0.15,29350.29,24947.75,0,5995.09,2024,10,October,Wednesday,29350.29,24947.7465
2024-10-16,ORD002241,CUST03449,P011,Mixer Grinder,Home,Chennai,Online,Credit Card,1,4998.2,0.05,4998.2,4748.29,0,694.11,2024,10,October,Wednesday,4998.2,4748.29
2024-10-16,ORD044117,CUST04347,P019,Vacuum Cleaner,Home,Pune,Online,Net Banking,1,8458.56,0.15,8458.56,7189.78,0,1424.74,2024,10,October,Wednesday,8458.56,7189.775999999999
2024-10-16,ORD029006,CUST04257,P011,Mixer Grinder,Home,Ahmedabad,Store,UPI,2,5219.39,0.05,10438.78,9916.84,0,997.02,2024,10,October,Wednesday,10438.78,9916.841
2024-10-16,ORD015485,CUST00195,P013,Monitor,Electronics,Pune,Online,UPI,2,16390.07,0.1,32780.14,29502.13,0,5941.46,2024,10,October,Wednesday,32780.14,29502.126
2024-10-16,ORD018416,CUST04564,P006,Desk,Furniture,Hyderabad,Online,UPI,5,10877.57,0.0,54387.85,54387.85,0,5553.05,2024,10,October,Wednesday,54387.85,54387.85
2024-10-16,ORD043313,CUST03443,P017,Jeans,Fashion,Jaipur,Store,UPI,2,2773.96,0.0,5547.92,5547.92,0,1300.93,2024,10,October,Wednesday,5547.92,5547.92
2024-10-16,ORD023214,CUST02076,P020,Microwave,Home,Ahmedabad,Online,UPI,3,10075.26,0.1,30225.78,27203.2,0,3765.89,2024,10,October,Wednesday,30225.78,27203.202
2024-10-16,ORD016846,CUST03483,P013,Monitor,Electronics,Ahmedabad,Store,UPI,1,16281.11,0.0,16281.11,16281.11,0,4703.76,2024,10,October,Wednesday,16281.11,16281.11
2024-10-16,ORD005468,CUST00752,P003,Headphones,Electronics,Delhi,Store,Cash,1,4072.64,0.1,4072.64,3665.38,0,446.54,2024,10,October,Wednesday,4072.64,3665.3759999999997
2024-10-16,ORD048292,CUST03556,P002,Smartphone,Electronics,Surat,Online,Net Banking,2,25314.53,0.2,50629.06,40503.25,0,4464.82,2024,10,October,Wednesday,50629.06,40503.248
2024-10-16,ORD024242,CUST01944,P011,Mixer Grinder,Home,Bengaluru,Store,UPI,1,4749.62,0.1,4749.62,4274.66,0,915.6,2024,10,October,Wednesday,4749.62,4274.658
2024-10-16,ORD024653,CUST03937,P018,Jacket,Fashion,Chennai,Online,Debit Card,1,5584.99,0.2,5584.99,4467.99,0,1105.1,2024,10,October,Wednesday,5584.99,4467.992
2024-10-16,ORD006875,CUST03083,P009,T-Shirt,Fashion,Mumbai,Store,UPI,3,1226.13,0.15,3678.39,3126.63,0,769.16,2024,10,October,Wednesday,3678.3900000000003,3126.6315
2024-10-16,ORD043687,CUST04610,P019,Vacuum Cleaner,Home,Bengaluru,Online,Cash,1,8264.53,0.05,8264.53,7851.3,0,1181.67,2024,10,October,Wednesday,8264.53,7851.3035
2024-10-16,ORD002592,CUST02615,P015,Dining Table,Furniture,Surat,Online,Credit Card,5,22270.73,0.05,111353.65,105785.97,0,25285.95,2024,10,October,Wednesday,111353.65,105785.96749999998
2024-10-16,ORD034295,CUST03829,P012,Air Fryer,Home,Pune,Online,Debit Card,4,7313.51,0.0,29254.04,29254.04,0,7578.5,2024,10,October,Wednesday,29254.04,29254.04
2024-10-16,ORD018992,CUST03774,P007,Backpack,Accessories,Surat,Online,Credit Card,1,2007.62,0.05,2007.62,1907.24,0,263.35,2024,10,October,Wednesday,2007.62,1907.2389999999998
2024-10-16,ORD047153,CUST03878,P005,Office Chair,Furniture,Delhi,Store,Debit Card,1,9023.22,0.05,9023.22,8572.06,0,761.16,2024,10,October,Wednesday,9023.22,8572.059
2024-10-16,ORD011251,CUST04528,P002,Smartphone,Electronics,Surat,Online,UPI,1,29488.17,0.0,29488.17,29488.17,0,3558.44,2024,10,October,Wednesday,29488.17,29488.17
2024-10-16,ORD047249,CUST01055,P008,Running Shoes,Fashion,Surat,Online,Net Banking,1,4030.58,0.05,4030.58,3829.05,0,618.08,2024,10,October,Wednesday,4030.58,3829.051
2024-10-16,ORD040097,CUST04659,P012,Air Fryer,Home,Delhi,Online,Credit Card,2,6697.21,0.15,13394.42,11385.26,0,2913.48,2024,10,October,Wednesday,13394.42,11385.257
2024-10-16,ORD019922,CUST03424,P016,Sofa,Furniture,Pune,Online,Credit Card,4,34624.47,0.05,138497.88,131572.99,0,18391.79,2024,10,October,Wednesday,138497.88,131572.986
2024-10-16,ORD046616,CUST02578,P007,Backpack,Accessories,Hyderabad,Store,UPI,4,2317.73,0.1,9270.92,8343.83,0,1974.02,2024,10,October,Wednesday,9270.92,8343.828
2024-10-16,ORD021144,CUST02809,P017,Jeans,Fashion,Delhi,Store,UPI,1,2950.89,0.1,2950.89,2655.8,0,447.72,2024,10,October,Wednesday,2950.89,2655.801
2024-10-16,ORD046575,CUST04888,P006,Desk,Furniture,Jaipur,Store,UPI,2,11779.39,0.1,23558.78,21202.9,0,5153.49,2024,10,October,Wednesday,23558.78,21202.902
2024-10-16,ORD049809,CUST02427,P002,Smartphone,Electronics,Jaipur,Online,Debit Card,4,27607.88,0.0,110431.52,110431.52,0,9523.49,2024,10,October,Wednesday,110431.52,110431.52
2024-10-16,ORD000237,CUST02981,P016,Sofa,Furniture,Chennai,Online,Cash,1,31691.94,0.05,31691.94,30107.34,0,5590.29,2024,10,October,Wednesday,31691.94,30107.342999999997
2024-10-16,ORD034358,CUST01672,P009,T-Shirt,Fashion,Jaipur,Store,UPI,2,1261.35,0.15,2522.7,2144.29,0,446.0,2024,10,October,Wednesday,2522.7,2144.2949999999996
2024-10-16,ORD044477,CUST04510,P001,Laptop,Electronics,Kolkata,Online,UPI,1,68453.96,0.2,68453.96,54763.17,0,9611.69,2024,10,October,Wednesday,68453.96,54763.168000000005
2024-10-16,ORD038998,CUST04550,P005,Office Chair,Furniture,Mumbai,Online,UPI,3,8571.05,0.15,25713.15,21856.18,0,4370.16,2024,10,October,Wednesday,25713.149999999998,21856.1775
2024-10-16,ORD013424,CUST00426,P017,Jeans,Fashion,Delhi,Store,Credit Card,1,2555.2,0.1,2555.2,2299.68,0,322.36,2024,10,October,Wednesday,2555.2,2299.68
2024-10-16,ORD003378,CUST03754,P018,Jacket,Fashion,Ahmedabad,Store,UPI,1,4704.49,0.0,4704.49,4704.49,0,725.44,2024,10,October,Wednesday,4704.49,4704.49
2024-10-16,ORD047880,CUST04998,P018,Jacket,Fashion,Kolkata,Store,Credit Card,1,5484.71,0.2,5484.71,4387.77,0,828.41,2024,10,October,Wednesday,5484.71,4387.768
2024-10-17,ORD046279,CUST03666,P013,Monitor,Electronics,Kolkata,Online,Debit Card,2,17074.79,0.15,34149.58,29027.14,0,4749.15,2024,10,October,Thursday,34149.58,29027.143
2024-10-17,ORD034607,CUST02106,P018,Jacket,Fashion,Pune,Online,UPI,2,5707.45,0.05,11414.9,10844.16,0,2661.72,2024,10,October,Thursday,11414.9,10844.154999999999
2024-10-17,ORD039678,CUST04600,P017,Jeans,Fashion,Kolkata,Online,UPI,1,2522.66,0.15,2522.66,2144.26,1,-107.21,2024,10,October,Thursday,2522.66,2144.261
2024-10-17,ORD044598,CUST01472,P018,Jacket,Fashion,Ahmedabad,Online,Credit Card,1,5453.38,0.0,5453.38,5453.38,0,951.25,2024,10,October,Thursday,5453.38,5453.38
2024-10-17,ORD040591,CUST01585,P005,Office Chair,Furniture,Surat,Online,Debit Card,1,8701.46,0.0,8701.46,8701.46,0,1244.23,2024,10,October,Thursday,8701.46,8701.46
2024-10-17,ORD020507,CUST04395,P007,Backpack,Accessories,Kolkata,Store,Debit Card,3,2341.47,0.1,7024.41,6321.97,0,1509.62,2024,10,October,Thursday,7024.41,6321.969
2024-10-17,ORD007485,CUST03306,P018,Jacket,Fashion,Hyderabad,Online,Debit Card,2,4738.06,0.0,9476.12,9476.12,0,806.39,2024,10,October,Thursday,9476.12,9476.12
2024-10-17,ORD015855,CUST00515,P007,Backpack,Accessories,Delhi,Store,Credit Card,3,2079.65,0.05,6238.95,5927.0,0,797.44,2024,10,October,Thursday,6238.950000000001,5927.0025
2024-10-17,ORD040608,CUST04674,P007,Backpack,Accessories,Hyderabad,Online,Debit Card,5,2067.22,0.15,10336.1,8785.68,0,1061.99,2024,10,October,Thursday,10336.099999999999,8785.685
2024-10-17,ORD036458,CUST00128,P012,Air Fryer,Home,Bengaluru,Online,UPI,4,7591.09,0.1,30364.36,27327.92,0,5021.61,2024,10,October,Thursday,30364.36,27327.924000000003
2024-10-17,ORD026576,CUST00335,P006,Desk,Furniture,Mumbai,Online,Net Banking,1,12433.98,0.05,12433.98,11812.28,0,3320.39,2024,10,October,Thursday,12433.98,11812.280999999999
2024-10-17,ORD047144,CUST00984,P007,Backpack,Accessories,Jaipur,Store,UPI,1,2164.33,0.15,2164.33,1839.68,0,440.51,2024,10,October,Thursday,2164.33,1839.6805
2024-10-17,ORD001984,CUST03111,P008,Running Shoes,Fashion,Kolkata,Store,Credit Card,1,4256.22,0.15,4256.22,3617.79,0,444.32,2024,10,October,Thursday,4256.22,3617.7870000000003
2024-10-17,ORD046754,CUST03653,P018,Jacket,Fashion,Mumbai,Online,UPI,1,5401.35,0.15,5401.35,4591.15,0,843.68,2024,10,October,Thursday,5401.35,4591.1475
2024-10-17,ORD049571,CUST00176,P015,Dining Table,Furniture,Ahmedabad,Online,Net Banking,1,20426.96,0.25,20426.96,15320.22,0,3542.04,2024,10,October,Thursday,20426.96,15320.22
2024-10-17,ORD035118,CUST01903,P001,Laptop,Electronics,Pune,Online,Cash,1,65294.64,0.05,65294.64,62029.91,0,6552.24,2024,10,October,Thursday,65294.64,62029.907999999996
2024-10-17,ORD039214,CUST02359,P020,Microwave,Home,Pune,Online,Credit Card,1,11995.66,0.15,11995.66,10196.31,0,2558.63,2024,10,October,Thursday,11995.66,10196.311
2024-10-17,ORD021832,CUST02757,P011,Mixer Grinder,Home,Jaipur,Online,Credit Card,1,4479.07,0.15,4479.07,3807.21,0,581.88,2024,10,October,Thursday,4479.07,3807.2094999999995
2024-10-17,ORD037688,CUST03785,P003,Headphones,Electronics,Chennai,Online,UPI,2,4104.51,0.0,8209.02,8209.02,0,2290.28,2024,10,October,Thursday,8209.02,8209.02
2024-10-17,ORD038878,CUST00879,P001,Laptop,Electronics,Hyderabad,Store,Credit Card,1,64677.21,0.2,64677.21,51741.77,0,5844.29,2024,10,October,Thursday,64677.21,51741.768000000004
2024-10-17,ORD043747,CUST01532,P020,Microwave,Home,Hyderabad,Store,Credit Card,1,12098.53,0.2,12098.53,9678.82,0,1761.37,2024,10,October,Thursday,12098.53,9678.824
2024-10-17,ORD010615,CUST02997,P005,Office Chair,Furniture,Chennai,Online,Net Banking,1,9348.24,0.1,9348.24,8413.42,0,1602.68,2024,10,October,Thursday,9348.24,8413.416
2024-10-17,ORD007677,CUST01114,P020,Microwave,Home,Mumbai,Online,UPI,1,10092.96,0.05,10092.96,9588.31,0,1796.8,2024,10,October,Thursday,10092.96,9588.311999999998
2024-10-17,ORD031227,CUST04529,P005,Office Chair,Furniture,Hyderabad,Store,UPI,1,9872.15,0.15,9872.15,8391.33,0,972.79,2024,10,October,Thursday,9872.15,8391.3275
2024-10-17,ORD006884,CUST03545,P020,Microwave,Home,Chennai,Store,Credit Card,1,10216.66,0.15,10216.66,8684.16,0,1201.05,2024,10,October,Thursday,10216.66,8684.161
2024-10-17,ORD046492,CUST00469,P001,Laptop,Electronics,Pune,Online,Credit Card,2,62174.26,0.0,124348.52,124348.52,0,11535.56,2024,10,October,Thursday,124348.52,124348.52
2024-10-17,ORD001795,CUST04713,P019,Vacuum Cleaner,Home,Mumbai,Online,Debit Card,1,8926.51,0.0,8926.51,8926.51,0,1411.13,2024,10,October,Thursday,8926.51,8926.51
2024-10-17,ORD035648,CUST03534,P016,Sofa,Furniture,Chennai,Store,Net Banking,1,35454.92,0.15,35454.92,30136.68,0,7234.97,2024,10,October,Thursday,35454.92,30136.681999999997
2024-10-17,ORD048846,CUST02139,P016,Sofa,Furniture,Jaipur,Online,UPI,1,33560.32,0.1,33560.32,30204.29,0,2790.66,2024,10,October,Thursday,33560.32,30204.288
2024-10-17,ORD006955,CUST03123,P013,Monitor,Electronics,Jaipur,Online,UPI,1,18705.2,0.1,18705.2,16834.68,0,1695.22,2024,10,October,Thursday,18705.2,16834.68
2024-10-17,ORD030146,CUST04621,P009,T-Shirt,Fashion,Mumbai,Online,Cash,1,1107.85,0.1,1107.85,997.06,0,234.71,2024,10,October,Thursday,1107.85,997.0649999999999
2024-10-17,ORD045106,CUST03518,P010,Coffee Maker,Home,Hyderabad,Online,UPI,1,5050.36,0.1,5050.36,4545.32,0,852.46,2024,10,October,Thursday,5050.36,4545.324
2024-10-17,ORD019078,CUST00944,P020,Microwave,Home,Surat,Store,Debit Card,1,11051.55,0.1,11051.55,9946.4,0,1945.31,2024,10,October,Thursday,11051.55,9946.395
2024-10-17,ORD025521,CUST00443,P019,Vacuum Cleaner,Home,Bengaluru,Store,UPI,2,8465.8,0.05,16931.6,16085.02,0,3526.23,2024,10,October,Thursday,16931.6,16085.019999999999
2024-10-17,ORD028841,CUST03281,P010,Coffee Maker,Home,Delhi,Online,Credit Card,1,5952.58,0.1,5952.58,5357.32,0,1024.74,2024,10,October,Thursday,5952.58,5357.322
2024-10-17,ORD030444,CUST02281,P011,Mixer Grinder,Home,Surat,Online,Cash,3,4967.13,0.05,14901.39,14156.32,0,1788.2,2024,10,October,Thursday,14901.39,14156.320499999998
2024-10-17,ORD032833,CUST02537,P003,Headphones,Electronics,Kolkata,Online,UPI,2,4267.32,0.05,8534.64,8107.91,0,1629.27,2024,10,October,Thursday,8534.64,8107.907999999999
2024-10-17,ORD001672,CUST03111,P007,Backpack,Accessories,Hyderabad,Store,Net Banking,3,2210.66,0.15,6631.98,5637.18,0,1341.58,2024,10,October,Thursday,6631.98,5637.182999999999
2024-10-17,ORD009502,CUST01605,P002,Smartphone,Electronics,Ahmedabad,Online,Credit Card,1,29310.34,0.05,29310.34,27844.82,0,5755.84,2024,10,October,Thursday,29310.34,27844.823
2024-10-17,ORD007204,CUST04840,P012,Air Fryer,Home,Ahmedabad,Online,Credit Card,3,7405.13,0.15,22215.39,18883.08,0,1908.93,2024,10,October,Thursday,22215.39,18883.0815
2024-10-17,ORD013390,CUST03474,P018,Jacket,Fashion,Pune,Online,Credit Card,1,5343.56,0.25,5343.56,4007.67,0,178.09,2024,10,October,Thursday,5343.56,4007.67
2024-10-17,ORD018401,CUST01175,P010,Coffee Maker,Home,Jaipur,Store,UPI,1,5565.99,0.2,5565.99,4452.79,0,1071.4,2024,10,October,Thursday,5565.99,4452.792
2024-10-17,ORD036719,CUST04549,P011,Mixer Grinder,Home,Pune,Store,Debit Card,1,5124.97,0.15,5124.97,4356.22,0,223.41,2024,10,October,Thursday,5124.97,4356.2245
2024-10-17,ORD016324,CUST04889,P011,Mixer Grinder,Home,Chennai,Online,Credit Card,1,5115.35,0.15,5115.35,4348.05,0,830.87,2024,10,October,Thursday,5115.35,4348.047500000001
2024-10-17,ORD030959,CUST00254,P003,Headphones,Electronics,Bengaluru,Store,Credit Card,2,4754.56,0.0,9509.12,9509.12,0,2343.69,2024,10,October,Thursday,9509.12,9509.12
2024-10-17,ORD019492,CUST04209,P003,Headphones,Electronics,Delhi,Online,Debit Card,1,4931.01,0.0,4931.01,4931.01,0,731.59,2024,10,October,Thursday,4931.01,4931.01
2024-10-17,ORD038152,CUST04911,P002,Smartphone,Electronics,Chennai,Online,Debit Card,1,25293.27,0.05,25293.27,24028.61,0,4712.91,2024,10,October,Thursday,25293.27,24028.606499999998
2024-10-17,ORD020312,CUST02468,P020,Microwave,Home,Hyderabad,Online,Credit Card,3,10610.81,0.0,31832.43,31832.43,0,8993.94,2024,10,October,Thursday,31832.43,31832.43
2024-10-17,ORD025993,CUST03781,P013,Monitor,Electronics,Delhi,Store,UPI,1,18957.54,0.1,18957.54,17061.79,1,-853.09,2024,10,October,Thursday,18957.54,17061.786
2024-10-17,ORD023852,CUST00749,P010,Coffee Maker,Home,Pune,Online,Debit Card,1,5278.46,0.0,5278.46,5278.46,0,476.09,2024,10,October,Thursday,5278.46,5278.46
2024-10-17,ORD043218,CUST01067,P013,Monitor,Electronics,Jaipur,Online,Credit Card,5,17121.28,0.2,85606.4,68485.12,0,4502.77,2024,10,October,Thursday,85606.4,68485.12
2024-10-17,ORD000388,CUST01217,P004,Smartwatch,Electronics,Pune,Online,Credit Card,1,6595.24,0.05,6595.24,6265.48,0,1569.46,2024,10,October,Thursday,6595.24,6265.477999999999
2024-10-17,ORD023483,CUST01049,P007,Backpack,Accessories,Mumbai,Store,Net Banking,1,2275.21,0.1,2275.21,2047.69,0,434.86,2024,10,October,Thursday,2275.21,2047.689
2024-10-17,ORD017676,CUST01227,P002,Smartphone,Electronics,Kolkata,Online,UPI,2,27835.88,0.15,55671.76,47321.0,0,7245.75,2024,10,October,Thursday,55671.76,47320.996
2024-10-17,ORD023474,CUST00609,P005,Office Chair,Furniture,Hyderabad,Online,UPI,1,8604.28,0.0,8604.28,8604.28,0,2514.16,2024,10,October,Thursday,8604.28,8604.28
2024-10-17,ORD034205,CUST00016,P006,Desk,Furniture,Kolkata,Online,Net Banking,2,11421.32,0.2,22842.64,18274.11,0,4038.61,2024,10,October,Thursday,22842.64,18274.112
2024-10-17,ORD018460,CUST01048,P011,Mixer Grinder,Home,Hyderabad,Online,Cash,1,5167.39,0.05,5167.39,4909.02,0,863.38,2024,10,October,Thursday,5167.39,4909.0205
2024-10-17,ORD014197,CUST02828,P004,Smartwatch,Electronics,Delhi,Store,UPI,3,7234.35,0.05,21703.05,20617.9,0,3601.69,2024,10,October,Thursday,21703.050000000003,20617.8975
2024-10-17,ORD006651,CUST00625,P014,Keyboard,Electronics,Hyderabad,Store,UPI,2,2717.25,0.15,5434.5,4619.32,0,1154.78,2024,10,October,Thursday,5434.5,4619.325
2024-10-17,ORD000148,CUST03339,P007,Backpack,Accessories,Mumbai,Online,Credit Card,1,2221.34,0.05,2221.34,2110.27,0,401.06,2024,10,October,Thursday,2221.34,2110.273
2024-10-17,ORD041138,CUST00493,P004,Smartwatch,Electronics,Chennai,Store,UPI,2,6412.11,0.2,12824.22,10259.38,0,1084.19,2024,10,October,Thursday,12824.22,10259.376
2024-10-17,ORD030404,CUST04129,P001,Laptop,Electronics,Chennai,Online,Debit Card,1,61244.91,0.1,61244.91,55120.42,0,3561.45,2024,10,October,Thursday,61244.91,55120.419
2024-10-17,ORD042625,CUST02523,P013,Monitor,Electronics,Ahmedabad,Online,Debit Card,1,16373.47,0.1,16373.47,14736.12,0,1891.78,2024,10,October,Thursday,16373.47,14736.123
2024-10-17,ORD038520,CUST03371,P002,Smartphone,Electronics,Ahmedabad,Online,Credit Card,1,29125.12,0.05,29125.12,27668.86,0,4337.12,2024,10,October,Thursday,29125.12,27668.863999999998
2024-10-17,ORD042701,CUST01415,P002,Smartphone,Electronics,Kolkata,Online,Credit Card,1,27458.68,0.05,27458.68,26085.75,0,5743.65,2024,10,October,Thursday,27458.68,26085.746
2024-10-17,ORD006220,CUST03471,P011,Mixer Grinder,Home,Ahmedabad,Online,Credit Card,1,5018.75,0.0,5018.75,5018.75,0,893.16,2024,10,October,Thursday,5018.75,5018.75
2024-10-17,ORD014041,CUST04509,P017,Jeans,Fashion,Kolkata,Store,Credit Card,1,2751.77,0.05,2751.77,2614.18,0,642.27,2024,10,October,Thursday,2751.77,2614.1814999999997
2024-10-17,ORD029987,CUST00463,P011,Mixer Grinder,Home,Hyderabad,Online,UPI,1,5025.07,0.1,5025.07,4522.56,0,332.12,2024,10,October,Thursday,5025.07,4522.563
2024-10-17,ORD025779,CUST04842,P014,Keyboard,Electronics,Bengaluru,Online,UPI,1,2309.56,0.2,2309.56,1847.65,0,259.06,2024,10,October,Thursday,2309.56,1847.6480000000001
2024-10-17,ORD006748,CUST03098,P004,Smartwatch,Electronics,Surat,Online,UPI,1,7585.76,0.1,7585.76,6827.18,0,1815.08,2024,10,October,Thursday,7585.76,6827.184
2024-10-18,ORD017066,CUST01205,P004,Smartwatch,Electronics,Surat,Online,UPI,3,7394.83,0.1,22184.49,19966.04,0,4742.29,2024,10,October,Friday,22184.489999999998,19966.041
2024-10-18,ORD010686,CUST01038,P006,Desk,Furniture,Delhi,Online,Debit Card,1,11193.5,0.1,11193.5,10074.15,0,2408.96,2024,10,October,Friday,11193.5,10074.15
2024-10-18,ORD011799,CUST00510,P013,Monitor,Electronics,Chennai,Store,Credit Card,1,16211.37,0.15,16211.37,13779.66,0,1193.31,2024,10,October,Friday,16211.37,13779.6645
2024-10-18,ORD035116,CUST03243,P004,Smartwatch,Electronics,Kolkata,Store,Credit Card,1,6511.18,0.0,6511.18,6511.18,0,1566.53,2024,10,October,Friday,6511.18,6511.18
2024-10-18,ORD011180,CUST01305,P012,Air Fryer,Home,Kolkata,Online,UPI,1,6884.52,0.0,6884.52,6884.52,0,1281.97,2024,10,October,Friday,6884.52,6884.52
2024-10-18,ORD046286,CUST03636,P014,Keyboard,Electronics,Kolkata,Store,UPI,2,2643.66,0.1,5287.32,4758.59,0,976.86,2024,10,October,Friday,5287.32,4758.588
2024-10-18,ORD010803,CUST03995,P020,Microwave,Home,Hyderabad,Online,Debit Card,1,11472.83,0.05,11472.83,10899.19,0,2946.24,2024,10,October,Friday,11472.83,10899.1885
2024-10-18,ORD001589,CUST02800,P008,Running Shoes,Fashion,Kolkata,Online,Credit Card,3,4388.48,0.15,13165.44,11190.62,0,1939.42,2024,10,October,Friday,13165.439999999999,11190.624
2024-10-18,ORD023550,CUST00478,P020,Microwave,Home,Jaipur,Online,Credit Card,2,11808.87,0.25,23617.74,17713.3,0,3113.13,2024,10,October,Friday,23617.74,17713.305
2024-10-18,ORD037259,CUST02549,P007,Backpack,Accessories,Kolkata,Store,Debit Card,1,2261.25,0.05,2261.25,2148.19,0,217.27,2024,10,October,Friday,2261.25,2148.1875
2024-10-18,ORD039690,CUST04705,P007,Backpack,Accessories,Jaipur,Online,Net Banking,1,2126.75,0.15,2126.75,1807.74,0,254.84,2024,10,October,Friday,2126.75,1807.7375
2024-10-18,ORD020470,CUST03862,P019,Vacuum Cleaner,Home,Surat,Store,UPI,1,8404.0,0.15,8404.0,7143.4,0,1088.14,2024,10,October,Friday,8404.0,7143.4
2024-10-18,ORD008882,CUST00742,P012,Air Fryer,Home,Mumbai,Store,UPI,1,7242.43,0.1,7242.43,6518.19,0,411.29,2024,10,October,Friday,7242.43,6518.187000000001
2024-10-18,ORD022640,CUST03177,P005,Office Chair,Furniture,Hyderabad,Online,UPI,2,9947.98,0.1,19895.96,17906.36,0,2841.59,2024,10,October,Friday,19895.96,17906.364
2024-10-18,ORD016152,CUST03468,P010,Coffee Maker,Home,Jaipur,Store,UPI,1,5103.03,0.05,5103.03,4847.88,0,1061.43,2024,10,October,Friday,5103.03,4847.8785
2024-10-18,ORD002663,CUST02933,P017,Jeans,Fashion,Mumbai,Store,Credit Card,1,2809.57,0.05,2809.57,2669.09,0,709.14,2024,10,October,Friday,2809.57,2669.0915
2024-10-18,ORD026812,CUST01055,P003,Headphones,Electronics,Delhi,Online,UPI,1,4228.5,0.0,4228.5,4228.5,0,742.62,2024,10,October,Friday,4228.5,4228.5
2024-10-18,ORD017668,CUST04680,P006,Desk,Furniture,Delhi,Store,Credit Card,2,12815.46,0.1,25630.92,23067.83,0,4873.11,2024,10,October,Friday,25630.92,23067.827999999998
2024-10-18,ORD023538,CUST00605,P019,Vacuum Cleaner,Home,Hyderabad,Store,UPI,1,8843.53,0.0,8843.53,8843.53,0,1380.02,2024,10,October,Friday,8843.53,8843.53
2024-10-18,ORD002240,CUST02102,P011,Mixer Grinder,Home,Ahmedabad,Online,Credit Card,4,4372.57,0.2,17490.28,13992.22,0,1314.24,2024,10,October,Friday,17490.28,13992.224
2024-10-18,ORD043193,CUST03441,P020,Microwave,Home,Hyderabad,Online,UPI,1,11930.52,0.0,11930.52,11930.52,0,2120.1,2024,10,October,Friday,11930.52,11930.52
2024-10-18,ORD008812,CUST04856,P015,Dining Table,Furniture,Surat,Store,UPI,2,24054.25,0.1,48108.5,43297.65,0,9104.59,2024,10,October,Friday,48108.5,43297.65
2024-10-18,ORD000566,CUST02740,P019,Vacuum Cleaner,Home,Delhi,Online,UPI,1,8454.93,0.1,8454.93,7609.44,0,735.88,2024,10,October,Friday,8454.93,7609.437000000001
2024-10-18,ORD025876,CUST02826,P005,Office Chair,Furniture,Surat,Online,UPI,2,9489.54,0.15,18979.08,16132.22,0,1500.63,2024,10,October,Friday,18979.08,16132.218
2024-10-18,ORD029909,CUST01080,P016,Sofa,Furniture,Ahmedabad,Online,UPI,1,33533.76,0.1,33533.76,30180.38,0,3014.92,2024,10,October,Friday,33533.76,30180.384000000002
2024-10-18,ORD022822,CUST03130,P007,Backpack,Accessories,Chennai,Store,UPI,1,2405.2,0.1,2405.2,2164.68,0,593.51,2024,10,October,Friday,2405.2,2164.68
2024-10-18,ORD045272,CUST03984,P004,Smartwatch,Electronics,Jaipur,Online,Debit Card,3,7221.86,0.15,21665.58,18415.74,0,4582.83,2024,10,October,Friday,21665.579999999998,18415.743000000002
2024-10-18,ORD001529,CUST00893,P015,Dining Table,Furniture,Bengaluru,Store,Debit Card,2,20180.64,0.1,40361.28,36325.15,0,5170.94,2024,10,October,Friday,40361.28,36325.152
2024-10-18,ORD031854,CUST01971,P006,Desk,Furniture,Hyderabad,Store,Credit Card,5,12167.86,0.05,60839.3,57797.34,0,13219.6,2024,10,October,Friday,60839.3,57797.335
2024-10-18,ORD005604,CUST04153,P016,Sofa,Furniture,Surat,Store,Debit Card,2,31659.38,0.0,63318.76,63318.76,0,15377.74,2024,10,October,Friday,63318.76,63318.76
2024-10-18,ORD047914,CUST04132,P015,Dining Table,Furniture,Delhi,Online,UPI,2,23455.61,0.1,46911.22,42220.1,0,5522.79,2024,10,October,Friday,46911.22,42220.098000000005
2024-10-18,ORD021736,CUST01313,P006,Desk,Furniture,Bengaluru,Store,Credit Card,1,13039.96,0.15,13039.96,11083.97,0,2828.37,2024,10,October,Friday,13039.96,11083.965999999999
2024-10-18,ORD010872,CUST00174,P009,T-Shirt,Fashion,Bengaluru,Store,Credit Card,3,1266.67,0.0,3800.01,3800.01,0,417.99,2024,10,October,Friday,3800.01,3800.01
2024-10-18,ORD009590,CUST01405,P013,Monitor,Electronics,Bengaluru,Online,Credit Card,1,17774.61,0.2,17774.61,14219.69,0,3127.44,2024,10,October,Friday,17774.61,14219.688000000002
2024-10-18,ORD024260,CUST01804,P009,T-Shirt,Fashion,Surat,Online,UPI,1,1215.05,0.1,1215.05,1093.54,0,262.88,2024,10,October,Friday,1215.05,1093.545
2024-10-18,ORD042028,CUST04235,P006,Desk,Furniture,Hyderabad,Online,UPI,4,12503.9,0.1,50015.6,45014.04,0,10614.76,2024,10,October,Friday,50015.6,45014.04
2024-10-18,ORD009402,CUST03476,P019,Vacuum Cleaner,Home,Bengaluru,Online,Debit Card,1,9505.76,0.05,9505.76,9030.47,0,894.45,2024,10,October,Friday,9505.76,9030.472
2024-10-18,ORD044114,CUST00832,P007,Backpack,Accessories,Pune,Store,UPI,1,2338.73,0.05,2338.73,2221.79,0,239.77,2024,10,October,Friday,2338.73,2221.7934999999998
2024-10-18,ORD045415,CUST04323,P003,Headphones,Electronics,Mumbai,Store,UPI,1,4861.25,0.1,4861.25,4375.12,0,558.0,2024,10,October,Friday,4861.25,4375.125
2024-10-18,ORD028522,CUST00859,P006,Desk,Furniture,Mumbai,Online,Credit Card,2,12225.86,0.05,24451.72,23229.13,0,2211.0,2024,10,October,Friday,24451.72,23229.134000000002
2024-10-18,ORD037425,CUST00218,P013,Monitor,Electronics,Pune,Online,Cash,1,16295.94,0.15,16295.94,13851.55,0,2676.32,2024,10,October,Friday,16295.94,13851.549
2024-10-18,ORD020904,CUST05000,P018,Jacket,Fashion,Surat,Online,Cash,1,5425.0,0.1,5425.0,4882.5,0,1016.95,2024,10,October,Friday,5425.0,4882.5
2024-10-18,ORD013789,CUST04124,P015,Dining Table,Furniture,Mumbai,Online,UPI,2,22757.72,0.2,45515.44,36412.35,0,2380.89,2024,10,October,Friday,45515.44,36412.352000000006
2024-10-18,ORD015715,CUST04256,P020,Microwave,Home,Delhi,Online,UPI,1,10965.1,0.2,10965.1,8772.08,0,1252.27,2024,10,October,Friday,10965.1,8772.08
2024-10-18,ORD014581,CUST02532,P011,Mixer Grinder,Home,Pune,Online,Credit Card,1,4325.76,0.0,4325.76,4325.76,0,754.18,2024,10,October,Friday,4325.76,4325.76
2024-10-18,ORD044680,CUST03803,P012,Air Fryer,Home,Chennai,Online,UPI,2,6699.17,0.0,13398.34,13398.34,0,2351.07,2024,10,October,Friday,13398.34,13398.34
2024-10-18,ORD041563,CUST02138,P005,Office Chair,Furniture,Hyderabad,Online,UPI,2,8686.8,0.05,17373.6,16504.92,0,1784.19,2024,10,October,Friday,17373.6,16504.92
2024-10-18,ORD032785,CUST00079,P003,Headphones,Electronics,Surat,Store,Credit Card,1,4520.93,0.2,4520.93,3616.74,0,362.82,2024,10,October,Friday,4520.93,3616.7440000000006
2024-10-18,ORD006850,CUST02839,P017,Jeans,Fashion,Kolkata,Store,Credit Card,3,2700.36,0.0,8101.08,8101.08,0,1068.22,2024,10,October,Friday,8101.08,8101.08
2024-10-18,ORD003640,CUST02075,P007,Backpack,Accessories,Delhi,Online,UPI,1,2126.1,0.05,2126.1,2019.79,0,203.0,2024,10,October,Friday,2126.1,2019.7949999999998
2024-10-18,ORD023078,CUST03957,P008,Running Shoes,Fashion,Mumbai,Store,Debit Card,1,4169.8,0.0,4169.8,4169.8,0,1016.09,2024,10,October,Friday,4169.8,4169.8
2024-10-18,ORD032549,CUST02274,P015,Dining Table,Furniture,Mumbai,Store,Credit Card,2,20810.49,0.1,41620.98,37458.88,0,9480.67,2024,10,October,Friday,41620.98,37458.882000000005
2024-10-18,ORD001192,CUST04670,P018,Jacket,Fashion,Ahmedabad,Online,Net Banking,1,5509.13,0.25,5509.13,4131.85,0,894.4,2024,10,October,Friday,5509.13,4131.8475
2024-10-18,ORD036400,CUST02438,P018,Jacket,Fashion,Chennai,Online,Debit Card,2,4791.14,0.2,9582.28,7665.82,0,1402.44,2024,10,October,Friday,9582.28,7665.8240000000005
2024-10-18,ORD010911,CUST01163,P016,Sofa,Furniture,Ahmedabad,Online,UPI,1,36702.82,0.1,36702.82,33032.54,0,4102.66,2024,10,October,Friday,36702.82,33032.538
2024-10-18,ORD038229,CUST01217,P015,Dining Table,Furniture,Bengaluru,Store,Debit Card,1,23820.97,0.15,23820.97,20247.82,1,-1012.39,2024,10,October,Friday,23820.97,20247.8245
2024-10-18,ORD015508,CUST02389,P006,Desk,Furniture,Mumbai,Online,UPI,1,12757.13,0.15,12757.13,10843.56,0,2568.5,2024,10,October,Friday,12757.13,10843.5605
2024-10-18,ORD017850,CUST00669,P008,Running Shoes,Fashion,Surat,Online,UPI,1,3986.83,0.05,3986.83,3787.49,0,650.17,2024,10,October,Friday,3986.83,3787.4885
2024-10-18,ORD045521,CUST00669,P017,Jeans,Fashion,Ahmedabad,Store,UPI,1,2846.09,0.1,2846.09,2561.48,0,358.42,2024,10,October,Friday,2846.09,2561.481
2024-10-18,ORD022193,CUST02461,P003,Headphones,Electronics,Kolkata,Online,Credit Card,4,4725.03,0.1,18900.12,17010.11,0,2032.52,2024,10,October,Friday,18900.12,17010.108
2024-10-18,ORD003932,CUST03224,P015,Dining Table,Furniture,Chennai,Store,Credit Card,2,23532.06,0.1,47064.12,42357.71,0,4806.92,2024,10,October,Friday,47064.12,42357.708000000006
2024-10-18,ORD038116,CUST00686,P007,Backpack,Accessories,Bengaluru,Online,UPI,2,2139.11,0.15,4278.22,3636.49,0,224.64,2024,10,October,Friday,4278.22,3636.487
2024-10-18,ORD004491,CUST02570,P019,Vacuum Cleaner,Home,Hyderabad,Online,Credit Card,1,9208.72,0.05,9208.72,8748.28,0,1081.08,2024,10,October,Friday,9208.72,8748.284
2024-10-18,ORD028589,CUST00661,P011,Mixer Grinder,Home,Kolkata,Store,Net Banking,2,4486.64,0.05,8973.28,8524.62,0,2011.07,2024,10,October,Friday,8973.28,8524.616
2024-10-18,ORD041572,CUST00384,P005,Office Chair,Furniture,Kolkata,Store,UPI,1,9681.78,0.1,9681.78,8713.6,0,2138.22,2024,10,October,Friday,9681.78,8713.602
2024-10-18,ORD012731,CUST02539,P010,Coffee Maker,Home,Bengaluru,Online,Cash,1,5776.83,0.0,5776.83,5776.83,0,1700.05,2024,10,October,Friday,5776.83,5776.83
2024-10-18,ORD027304,CUST03421,P016,Sofa,Furniture,Ahmedabad,Store,UPI,2,38053.05,0.1,76106.1,68495.49,0,8080.74,2024,10,October,Friday,76106.1,68495.49
2024-10-18,ORD008708,CUST01372,P020,Microwave,Home,Jaipur,Store,UPI,1,11192.46,0.1,11192.46,10073.21,0,761.32,2024,10,October,Friday,11192.46,10073.214
2024-10-18,ORD017218,CUST01742,P017,Jeans,Fashion,Chennai,Online,Net Banking,2,2809.72,0.2,5619.44,4495.55,0,1056.02,2024,10,October,Friday,5619.44,4495.552
2024-10-18,ORD005317,CUST01316,P011,Mixer Grinder,Home,Mumbai,Online,Credit Card,1,4475.6,0.15,4475.6,3804.26,0,337.14,2024,10,October,Friday,4475.6,3804.26
2024-10-18,ORD036947,CUST00813,P007,Backpack,Accessories,Kolkata,Online,Debit Card,1,2157.33,0.05,2157.33,2049.46,0,498.45,2024,10,October,Friday,2157.33,2049.4635
2024-10-18,ORD020141,CUST01966,P018,Jacket,Fashion,Ahmedabad,Store,UPI,1,5440.66,0.2,5440.66,4352.53,0,1027.41,2024,10,October,Friday,5440.66,4352.528
2024-10-18,ORD039139,CUST00561,P009,T-Shirt,Fashion,Delhi,Online,Credit Card,4,1254.81,0.0,5019.24,5019.24,0,1200.85,2024,10,October,Friday,5019.24,5019.24
2024-10-18,ORD001944,CUST03063,P005,Office Chair,Furniture,Chennai,Online,Credit Card,1,9435.89,0.0,9435.89,9435.89,0,1588.94,2024,10,October,Friday,9435.89,9435.89
2024-10-18,ORD013075,CUST03032,P006,Desk,Furniture,Chennai,Online,Cash,2,10913.63,0.0,21827.26,21827.26,0,6456.01,2024,10,October,Friday,21827.26,21827.26
2024-10-19,ORD003914,CUST00991,P011,Mixer Grinder,Home,Ahmedabad,Store,Credit Card,1,4693.13,0.2,4693.13,3754.5,1,-187.73,2024,10,October,Saturday,4693.13,3754.5040000000004
2024-10-19,ORD020007,CUST03852,P006,Desk,Furniture,Kolkata,Store,UPI,1,12768.92,0.05,12768.92,12130.47,0,1013.53,2024,10,October,Saturday,12768.92,12130.474
2024-10-19,ORD001348,CUST02703,P015,Dining Table,Furniture,Pune,Online,Cash,1,20176.92,0.1,20176.92,18159.23,1,-907.96,2024,10,October,Saturday,20176.92,18159.228
2024-10-19,ORD017937,CUST02508,P010,Coffee Maker,Home,Ahmedabad,Store,Credit Card,1,5439.99,0.15,5439.99,4623.99,0,424.38,2024,10,October,Saturday,5439.99,4623.9915
2024-10-19,ORD042301,CUST02845,P019,Vacuum Cleaner,Home,Jaipur,Store,UPI,4,8797.2,0.2,35188.8,28151.04,0,3354.47,2024,10,October,Saturday,35188.8,28151.040000000005
2024-10-19,ORD017352,CUST00911,P020,Microwave,Home,Pune,Store,UPI,2,11950.65,0.15,23901.3,20316.1,0,2016.72,2024,10,October,Saturday,23901.3,20316.105
2024-10-19,ORD036904,CUST03293,P017,Jeans,Fashion,Jaipur,Online,UPI,1,2732.24,0.15,2732.24,2322.4,0,517.77,2024,10,October,Saturday,2732.24,2322.4039999999995
2024-10-19,ORD011794,CUST04950,P012,Air Fryer,Home,Delhi,Store,Net Banking,2,6766.53,0.0,13533.06,13533.06,0,2522.82,2024,10,October,Saturday,13533.06,13533.06
2024-10-19,ORD002686,CUST04390,P019,Vacuum Cleaner,Home,Kolkata,Online,Credit Card,2,8299.85,0.2,16599.7,13279.76,0,2660.03,2024,10,October,Saturday,16599.7,13279.760000000002
2024-10-19,ORD011646,CUST04378,P006,Desk,Furniture,Bengaluru,Online,UPI,2,13171.09,0.05,26342.18,25025.07,0,2539.5,2024,10,October,Saturday,26342.18,25025.071
2024-10-19,ORD033841,CUST00649,P015,Dining Table,Furniture,Bengaluru,Online,UPI,4,20015.61,0.0,80062.44,80062.44,0,18399.48,2024,10,October,Saturday,80062.44,80062.44
2024-10-19,ORD009990,CUST01858,P005,Office Chair,Furniture,Hyderabad,Store,Cash,2,9219.04,0.15,18438.08,15672.37,0,1047.27,2024,10,October,Saturday,18438.08,15672.368
2024-10-19,ORD024082,CUST03529,P014,Keyboard,Electronics,Surat,Store,Credit Card,5,2567.17,0.0,12835.85,12835.85,0,2086.54,2024,10,October,Saturday,12835.85,12835.85
2024-10-19,ORD038144,CUST01812,P016,Sofa,Furniture,Jaipur,Store,Credit Card,1,37847.18,0.1,37847.18,34062.46,0,4212.18,2024,10,October,Saturday,37847.18,34062.462
2024-10-19,ORD003937,CUST00256,P019,Vacuum Cleaner,Home,Jaipur,Store,UPI,2,8290.66,0.0,16581.32,16581.32,0,4812.08,2024,10,October,Saturday,16581.32,16581.32
2024-10-19,ORD013451,CUST04711,P008,Running Shoes,Fashion,Pune,Store,Debit Card,1,4262.51,0.2,4262.51,3410.01,0,795.25,2024,10,October,Saturday,4262.51,3410.0080000000003
2024-10-19,ORD012782,CUST00107,P019,Vacuum Cleaner,Home,Surat,Store,Credit Card,1,8637.36,0.0,8637.36,8637.36,0,1663.55,2024,10,October,Saturday,8637.36,8637.36
2024-10-19,ORD045285,CUST00580,P007,Backpack,Accessories,Bengaluru,Store,Cash,5,2066.16,0.0,10330.8,10330.8,0,979.84,2024,10,October,Saturday,10330.8,10330.8
2024-10-19,ORD003039,CUST01720,P019,Vacuum Cleaner,Home,Surat,Online,Credit Card,5,9397.13,0.0,46985.65,46985.65,0,10818.85,2024,10,October,Saturday,46985.649999999994,46985.65
2024-10-19,ORD049104,CUST00286,P008,Running Shoes,Fashion,Hyderabad,Online,Credit Card,1,3956.78,0.1,3956.78,3561.1,0,907.85,2024,10,October,Saturday,3956.78,3561.1020000000003
2024-10-19,ORD047781,CUST03886,P014,Keyboard,Electronics,Mumbai,Store,Credit Card,2,2666.08,0.15,5332.16,4532.34,0,961.0,2024,10,October,Saturday,5332.16,4532.335999999999
2024-10-19,ORD040807,CUST00083,P004,Smartwatch,Electronics,Chennai,Online,UPI,1,6578.36,0.0,6578.36,6578.36,0,777.35,2024,10,October,Saturday,6578.36,6578.36
2024-10-19,ORD002505,CUST03235,P014,Keyboard,Electronics,Pune,Online,Net Banking,3,2381.93,0.05,7145.79,6788.5,0,1103.79,2024,10,October,Saturday,7145.789999999999,6788.5005
2024-10-19,ORD046985,CUST04658,P015,Dining Table,Furniture,Surat,Store,UPI,1,23628.22,0.1,23628.22,21265.4,0,4596.24,2024,10,October,Saturday,23628.22,21265.398
2024-10-19,ORD016958,CUST03961,P013,Monitor,Electronics,Chennai,Online,UPI,3,16441.42,0.05,49324.26,46858.05,0,11939.95,2024,10,October,Saturday,49324.259999999995,46858.047
2024-10-19,ORD001276,CUST04500,P010,Coffee Maker,Home,Bengaluru,Online,Credit Card,1,5447.68,0.1,5447.68,4902.91,1,-245.15,2024,10,October,Saturday,5447.68,4902.912
2024-10-19,ORD010401,CUST03860,P004,Smartwatch,Electronics,Mumbai,Online,UPI,1,6861.44,0.15,6861.44,5832.22,0,1545.38,2024,10,October,Saturday,6861.44,5832.223999999999
2024-10-19,ORD005430,CUST00499,P015,Dining Table,Furniture,Delhi,Online,Credit Card,3,22244.55,0.1,66733.65,60060.28,0,5758.18,2024,10,October,Saturday,66733.65,60060.284999999996
2024-10-19,ORD010132,CUST03192,P010,Coffee Maker,Home,Pune,Store,UPI,5,5146.33,0.15,25731.65,21871.9,0,3463.04,2024,10,October,Saturday,25731.65,21871.9025
2024-10-19,ORD008563,CUST04005,P012,Air Fryer,Home,Chennai,Store,Credit Card,1,7919.57,0.1,7919.57,7127.61,0,1456.13,2024,10,October,Saturday,7919.57,7127.613
2024-10-19,ORD026909,CUST02000,P013,Monitor,Electronics,Delhi,Store,Credit Card,1,18074.1,0.0,18074.1,18074.1,0,2709.5,2024,10,October,Saturday,18074.1,18074.1
2024-10-19,ORD020619,CUST00270,P006,Desk,Furniture,Pune,Online,Credit Card,4,13069.01,0.25,52276.04,39207.03,0,8291.95,2024,10,October,Saturday,52276.04,39207.03
2024-10-19,ORD021951,CUST02144,P018,Jacket,Fashion,Pune,Online,Cash,1,5106.06,0.25,5106.06,3829.54,0,790.77,2024,10,October,Saturday,5106.06,3829.545
2024-10-19,ORD030237,CUST04315,P016,Sofa,Furniture,Hyderabad,Online,Credit Card,1,36655.16,0.25,36655.16,27491.37,1,-1374.57,2024,10,October,Saturday,36655.16,27491.370000000003
2024-10-19,ORD037176,CUST01521,P017,Jeans,Fashion,Kolkata,Online,Cash,5,2648.7,0.2,13243.5,10594.8,0,2078.86,2024,10,October,Saturday,13243.5,10594.800000000001
2024-10-19,ORD027273,CUST00429,P003,Headphones,Electronics,Surat,Online,Credit Card,3,4492.71,0.0,13478.13,13478.13,0,2120.74,2024,10,October,Saturday,13478.130000000001,13478.13
2024-10-19,ORD032543,CUST02870,P005,Office Chair,Furniture,Hyderabad,Online,UPI,2,10385.75,0.1,20771.5,18694.35,0,2146.43,2024,10,October,Saturday,20771.5,18694.350000000002
2024-10-19,ORD009206,CUST03357,P018,Jacket,Fashion,Kolkata,Store,Net Banking,1,5519.51,0.1,5519.51,4967.56,0,938.28,2024,10,October,Saturday,5519.51,4967.559
2024-10-19,ORD028068,CUST00141,P004,Smartwatch,Electronics,Ahmedabad,Online,UPI,1,7240.91,0.05,7240.91,6878.86,0,1703.2,2024,10,October,Saturday,7240.91,6878.8645
2024-10-19,ORD024778,CUST01358,P013,Monitor,Electronics,Jaipur,Online,UPI,2,18152.95,0.05,36305.9,34490.61,0,4071.7,2024,10,October,Saturday,36305.9,34490.605
2024-10-19,ORD042651,CUST01361,P017,Jeans,Fashion,Ahmedabad,Online,UPI,4,2791.99,0.25,11167.96,8375.97,0,479.66,2024,10,October,Saturday,11167.96,8375.97
2024-10-19,ORD026549,CUST03542,P018,Jacket,Fashion,Mumbai,Online,Credit Card,1,5004.59,0.15,5004.59,4253.9,0,968.87,2024,10,October,Saturday,5004.59,4253.9015
2024-10-19,ORD041798,CUST03987,P001,Laptop,Electronics,Bengaluru,Store,Cash,2,67853.88,0.05,135707.76,128922.37,0,30524.1,2024,10,October,Saturday,135707.76,128922.372
2024-10-19,ORD013947,CUST02643,P004,Smartwatch,Electronics,Surat,Store,Credit Card,1,6645.72,0.05,6645.72,6313.43,0,556.87,2024,10,October,Saturday,6645.72,6313.434
2024-10-19,ORD013974,CUST02084,P019,Vacuum Cleaner,Home,Delhi,Online,Debit Card,2,9882.63,0.2,19765.26,15812.21,1,-790.61,2024,10,October,Saturday,19765.26,15812.207999999999
2024-10-19,ORD005065,CUST01994,P008,Running Shoes,Fashion,Mumbai,Store,UPI,5,4616.36,0.05,23081.8,21927.71,0,1634.57,2024,10,October,Saturday,23081.8,21927.71
2024-10-19,ORD010114,CUST00054,P019,Vacuum Cleaner,Home,Kolkata,Online,Credit Card,1,9100.41,0.2,9100.41,7280.33,0,673.26,2024,10,October,Saturday,9100.41,7280.328
2024-10-19,ORD035180,CUST02788,P017,Jeans,Fashion,Chennai,Online,Credit Card,4,2608.6,0.15,10434.4,8869.24,0,1391.79,2024,10,October,Saturday,10434.4,8869.24
2024-10-19,ORD016189,CUST03446,P003,Headphones,Electronics,Hyderabad,Online,Net Banking,1,4117.0,0.1,4117.0,3705.3,0,878.38,2024,10,October,Saturday,4117.0,3705.3
2024-10-19,ORD027843,CUST01712,P009,T-Shirt,Fashion,Surat,Store,Debit Card,1,1129.89,0.1,1129.89,1016.9,0,139.01,2024,10,October,Saturday,1129.89,1016.9010000000001
2024-10-19,ORD018835,CUST04076,P002,Smartphone,Electronics,Chennai,Online,Cash,1,25210.69,0.15,25210.69,21429.09,0,2250.6,2024,10,October,Saturday,25210.69,21429.086499999998
2024-10-19,ORD018813,CUST02351,P005,Office Chair,Furniture,Kolkata,Store,Debit Card,1,9899.75,0.1,9899.75,8909.78,0,735.14,2024,10,October,Saturday,9899.75,8909.775
2024-10-19,ORD038452,CUST02664,P009,T-Shirt,Fashion,Hyderabad,Store,Credit Card,1,1205.22,0.25,1205.22,903.92,0,215.28,2024,10,October,Saturday,1205.22,903.915
2024-10-19,ORD036436,CUST02291,P012,Air Fryer,Home,Ahmedabad,Online,Debit Card,1,7495.38,0.05,7495.38,7120.61,0,1517.37,2024,10,October,Saturday,7495.38,7120.611
2024-10-19,ORD039467,CUST02403,P013,Monitor,Electronics,Kolkata,Online,Net Banking,1,19431.38,0.0,19431.38,19431.38,0,1952.25,2024,10,October,Saturday,19431.38,19431.38
2024-10-19,ORD011574,CUST01181,P003,Headphones,Electronics,Kolkata,Online,UPI,1,4176.61,0.15,4176.61,3550.12,0,659.27,2024,10,October,Saturday,4176.61,3550.1184999999996
2024-10-19,ORD023832,CUST04259,P013,Monitor,Electronics,Bengaluru,Store,Credit Card,2,18062.93,0.1,36125.86,32513.27,0,5853.46,2024,10,October,Saturday,36125.86,32513.274
2024-10-19,ORD049184,CUST01851,P010,Coffee Maker,Home,Pune,Store,Debit Card,1,5382.64,0.1,5382.64,4844.38,0,622.38,2024,10,October,Saturday,5382.64,4844.376
2024-10-19,ORD049339,CUST00187,P016,Sofa,Furniture,Delhi,Store,UPI,2,37875.72,0.05,75751.44,71963.87,0,9315.77,2024,10,October,Saturday,75751.44,71963.868
2024-10-20,ORD014361,CUST04751,P005,Office Chair,Furniture,Pune,Store,UPI,4,10325.68,0.05,41302.72,39237.58,0,10196.84,2024,10,October,Sunday,41302.72,39237.584
2024-10-20,ORD021006,CUST03829,P002,Smartphone,Electronics,Mumbai,Online,Credit Card,5,27732.86,0.2,138664.3,110931.44,0,28359.64,2024,10,October,Sunday,138664.3,110931.44
2024-10-20,ORD026887,CUST01230,P017,Jeans,Fashion,Jaipur,Online,Net Banking,2,2863.11,0.2,5726.22,4580.98,1,-229.05,2024,10,October,Sunday,5726.22,4580.976000000001
2024-10-20,ORD009485,CUST04330,P019,Vacuum Cleaner,Home,Mumbai,Online,UPI,3,8750.64,0.1,26251.92,23626.73,0,6162.99,2024,10,October,Sunday,26251.92,23626.728
2024-10-20,ORD042890,CUST04881,P014,Keyboard,Electronics,Mumbai,Online,Credit Card,1,2690.2,0.1,2690.2,2421.18,0,523.6,2024,10,October,Sunday,2690.2,2421.18
2024-10-20,ORD043931,CUST03691,P009,T-Shirt,Fashion,Jaipur,Online,UPI,1,1146.56,0.15,1146.56,974.58,0,201.12,2024,10,October,Sunday,1146.56,974.5759999999999
2024-10-20,ORD029312,CUST01877,P011,Mixer Grinder,Home,Surat,Online,UPI,1,5138.55,0.1,5138.55,4624.7,0,604.14,2024,10,October,Sunday,5138.55,4624.695000000001
2024-10-20,ORD043655,CUST04356,P003,Headphones,Electronics,Kolkata,Store,Credit Card,1,4107.65,0.05,4107.65,3902.27,0,1075.85,2024,10,October,Sunday,4107.65,3902.2674999999995
2024-10-20,ORD042706,CUST02325,P008,Running Shoes,Fashion,Mumbai,Online,UPI,3,4604.16,0.05,13812.48,13121.86,0,3758.73,2024,10,October,Sunday,13812.48,13121.856
2024-10-20,ORD002076,CUST02423,P005,Office Chair,Furniture,Bengaluru,Store,Credit Card,3,8587.98,0.2,25763.94,20611.15,0,4988.62,2024,10,October,Sunday,25763.94,20611.152000000002
2024-10-20,ORD002268,CUST01264,P009,T-Shirt,Fashion,Hyderabad,Online,Debit Card,1,1180.66,0.1,1180.66,1062.59,0,286.2,2024,10,October,Sunday,1180.66,1062.594
2024-10-20,ORD048236,CUST00190,P020,Microwave,Home,Bengaluru,Online,Debit Card,3,10035.89,0.1,30107.67,27096.9,1,-1354.85,2024,10,October,Sunday,30107.67,27096.903
2024-10-20,ORD038279,CUST04583,P002,Smartphone,Electronics,Delhi,Online,Cash,2,25692.72,0.1,51385.44,46246.9,0,7895.38,2024,10,October,Sunday,51385.44,46246.896
2024-10-20,ORD036943,CUST02168,P020,Microwave,Home,Ahmedabad,Store,UPI,1,10121.6,0.05,10121.6,9615.52,0,1387.45,2024,10,October,Sunday,10121.6,9615.52
2024-10-20,ORD036359,CUST01191,P020,Microwave,Home,Mumbai,Online,Net Banking,2,10312.62,0.05,20625.24,19593.98,0,3654.03,2024,10,October,Sunday,20625.24,19593.978
2024-10-20,ORD037239,CUST00502,P016,Sofa,Furniture,Mumbai,Online,Credit Card,1,33537.82,0.25,33537.82,25153.36,0,3320.0,2024,10,October,Sunday,33537.82,25153.364999999998
2024-10-20,ORD047475,CUST01534,P010,Coffee Maker,Home,Bengaluru,Online,Credit Card,2,5789.51,0.1,11579.02,10421.12,0,1181.22,2024,10,October,Sunday,11579.02,10421.118
2024-10-20,ORD048838,CUST04457,P004,Smartwatch,Electronics,Pune,Store,UPI,2,6520.84,0.2,13041.68,10433.34,0,1558.86,2024,10,October,Sunday,13041.68,10433.344000000001
2024-10-20,ORD041987,CUST03389,P016,Sofa,Furniture,Kolkata,Online,UPI,3,32923.88,0.1,98771.64,88894.48,0,13996.92,2024,10,October,Sunday,98771.63999999998,88894.476
2024-10-20,ORD019868,CUST02151,P012,Air Fryer,Home,Mumbai,Store,UPI,2,7035.72,0.0,14071.44,14071.44,0,1318.38,2024,10,October,Sunday,14071.44,14071.44
2024-10-20,ORD020323,CUST01377,P016,Sofa,Furniture,Surat,Online,UPI,1,36327.21,0.1,36327.21,32694.49,0,6354.64,2024,10,October,Sunday,36327.21,32694.489
2024-10-20,ORD034835,CUST00273,P001,Laptop,Electronics,Ahmedabad,Online,UPI,4,61984.08,0.15,247936.32,210745.87,0,30843.73,2024,10,October,Sunday,247936.32,210745.872
2024-10-20,ORD037204,CUST02597,P004,Smartwatch,Electronics,Jaipur,Online,UPI,2,7328.72,0.1,14657.44,13191.7,0,1874.89,2024,10,October,Sunday,14657.44,13191.696
2024-10-20,ORD013663,CUST00797,P018,Jacket,Fashion,Pune,Store,UPI,2,5544.62,0.05,11089.24,10534.78,0,2988.17,2024,10,October,Sunday,11089.24,10534.777999999998
2024-10-20,ORD033687,CUST00076,P006,Desk,Furniture,Kolkata,Online,UPI,4,12410.2,0.25,49640.8,37230.6,0,5361.63,2024,10,October,Sunday,49640.8,37230.600000000006
2024-10-20,ORD029280,CUST03760,P020,Microwave,Home,Ahmedabad,Store,Debit Card,1,12086.19,0.1,12086.19,10877.57,0,2198.39,2024,10,October,Sunday,12086.19,10877.571
2024-10-20,ORD047166,CUST01576,P010,Coffee Maker,Home,Kolkata,Online,Net Banking,4,5482.0,0.0,21928.0,21928.0,0,4871.61,2024,10,October,Sunday,21928.0,21928.0
2024-10-20,ORD038389,CUST03432,P008,Running Shoes,Fashion,Bengaluru,Online,UPI,4,4614.87,0.0,18459.48,18459.48,0,3099.27,2024,10,October,Sunday,18459.48,18459.48
2024-10-20,ORD048955,CUST00977,P017,Jeans,Fashion,Kolkata,Online,Debit Card,3,2988.59,0.25,8965.77,6724.33,0,805.18,2024,10,October,Sunday,8965.77,6724.3275
2024-10-20,ORD007632,CUST02218,P001,Laptop,Electronics,Kolkata,Online,Net Banking,1,65533.33,0.15,65533.33,55703.33,1,-2785.17,2024,10,October,Sunday,65533.33,55703.330500000004
2024-10-20,ORD004934,CUST00246,P013,Monitor,Electronics,Pune,Online,UPI,2,16569.11,0.0,33138.22,33138.22,0,5200.46,2024,10,October,Sunday,33138.22,33138.22
2024-10-20,ORD026960,CUST01298,P002,Smartphone,Electronics,Mumbai,Online,Credit Card,3,27419.32,0.0,82257.96,82257.96,0,9727.12,2024,10,October,Sunday,82257.95999999999,82257.96
2024-10-20,ORD002350,CUST00602,P009,T-Shirt,Fashion,Pune,Online,UPI,1,1124.28,0.0,1124.28,1124.28,0,238.08,2024,10,October,Sunday,1124.28,1124.28
2024-10-20,ORD020642,CUST04232,P017,Jeans,Fashion,Pune,Online,UPI,2,2865.46,0.0,5730.92,5730.92,0,1225.42,2024,10,October,Sunday,5730.92,5730.92
2024-10-20,ORD045777,CUST02847,P012,Air Fryer,Home,Jaipur,Store,Cash,1,7587.26,0.1,7587.26,6828.53,1,-341.43,2024,10,October,Sunday,7587.26,6828.534000000001
2024-10-20,ORD032420,CUST01489,P010,Coffee Maker,Home,Chennai,Online,Debit Card,1,5324.33,0.0,5324.33,5324.33,0,498.87,2024,10,October,Sunday,5324.33,5324.33
2024-10-20,ORD008359,CUST01481,P008,Running Shoes,Fashion,Bengaluru,Online,UPI,1,4253.19,0.0,4253.19,4253.19,0,1155.29,2024,10,October,Sunday,4253.19,4253.19
2024-10-20,ORD028110,CUST03079,P011,Mixer Grinder,Home,Ahmedabad,Online,Credit Card,1,4676.24,0.1,4676.24,4208.62,0,485.39,2024,10,October,Sunday,4676.24,4208.616
2024-10-20,ORD016452,CUST02378,P008,Running Shoes,Fashion,Delhi,Online,Debit Card,1,4604.64,0.05,4604.64,4374.41,0,320.93,2024,10,October,Sunday,4604.64,4374.408
2024-10-20,ORD008042,CUST04862,P009,T-Shirt,Fashion,Kolkata,Online,UPI,2,1096.09,0.1,2192.18,1972.96,0,349.47,2024,10,October,Sunday,2192.18,1972.962
2024-10-20,ORD034858,CUST01581,P006,Desk,Furniture,Jaipur,Store,Cash,1,12238.63,0.0,12238.63,12238.63,0,2296.09,2024,10,October,Sunday,12238.63,12238.63
2024-10-20,ORD015297,CUST03112,P020,Microwave,Home,Jaipur,Online,UPI,1,10492.06,0.0,10492.06,10492.06,0,2647.21,2024,10,October,Sunday,10492.06,10492.06
2024-10-20,ORD033595,CUST04865,P009,T-Shirt,Fashion,Jaipur,Store,UPI,1,1291.97,0.15,1291.97,1098.17,1,-54.91,2024,10,October,Sunday,1291.97,1098.1745
2024-10-20,ORD026720,CUST03544,P012,Air Fryer,Home,Jaipur,Store,Credit Card,2,7578.87,0.15,15157.74,12884.08,0,1430.59,2024,10,October,Sunday,15157.74,12884.079
2024-10-20,ORD001849,CUST01874,P010,Coffee Maker,Home,Chennai,Online,Credit Card,1,5274.42,0.1,5274.42,4746.98,0,1090.86,2024,10,October,Sunday,5274.42,4746.978
2024-10-20,ORD014511,CUST03146,P007,Backpack,Accessories,Mumbai,Store,UPI,4,2210.18,0.25,8840.72,6630.54,0,1223.86,2024,10,October,Sunday,8840.72,6630.539999999999
2024-10-20,ORD034198,CUST04493,P007,Backpack,Accessories,Surat,Online,Credit Card,2,2263.0,0.1,4526.0,4073.4,1,-203.67,2024,10,October,Sunday,4526.0,4073.4
2024-10-20,ORD044400,CUST00805,P004,Smartwatch,Electronics,Hyderabad,Online,Debit Card,1,7156.79,0.05,7156.79,6798.95,0,740.46,2024,10,October,Sunday,7156.79,6798.9505
2024-10-20,ORD023644,CUST01479,P010,Coffee Maker,Home,Mumbai,Online,Debit Card,1,5032.75,0.15,5032.75,4277.84,0,251.1,2024,10,October,Sunday,5032.75,4277.8375
2024-10-20,ORD014978,CUST00781,P015,Dining Table,Furniture,Kolkata,Online,UPI,2,22041.37,0.0,44082.74,44082.74,0,9309.95,2024,10,October,Sunday,44082.74,44082.74
2024-10-20,ORD002171,CUST01519,P010,Coffee Maker,Home,Chennai,Online,UPI,1,6007.92,0.1,6007.92,5407.13,0,1230.47,2024,10,October,Sunday,6007.92,5407.128000000001
2024-10-20,ORD023144,CUST01653,P015,Dining Table,Furniture,Kolkata,Online,Cash,1,22723.15,0.0,22723.15,22723.15,0,6359.53,2024,10,October,Sunday,22723.15,22723.15
2024-10-20,ORD012884,CUST03133,P019,Vacuum Cleaner,Home,Hyderabad,Online,UPI,1,8109.65,0.0,8109.65,8109.65,0,1874.43,2024,10,October,Sunday,8109.65,8109.65
2024-10-20,ORD018379,CUST00250,P003,Headphones,Electronics,Surat,Online,UPI,2,4732.61,0.05,9465.22,8991.96,0,1135.93,2024,10,October,Sunday,9465.22,8991.958999999999
2024-10-20,ORD004674,CUST02726,P008,Running Shoes,Fashion,Pune,Online,UPI,4,3940.98,0.15,15763.92,13399.33,0,3208.81,2024,10,October,Sunday,15763.92,13399.332
2024-10-20,ORD017745,CUST00322,P001,Laptop,Electronics,Delhi,Online,UPI,5,67183.23,0.1,335916.15,302324.53,0,62771.11,2024,10,October,Sunday,335916.14999999997,302324.53500000003
2024-10-20,ORD001807,CUST03217,P012,Air Fryer,Home,Ahmedabad,Store,Debit Card,1,7427.3,0.05,7427.3,7055.94,0,1346.41,2024,10,October,Sunday,7427.3,7055.9349999999995
2024-10-20,ORD007501,CUST02390,P002,Smartphone,Electronics,Kolkata,Online,Credit Card,1,29501.05,0.25,29501.05,22125.79,0,3055.65,2024,10,October,Sunday,29501.05,22125.7875
2024-10-20,ORD020138,CUST01575,P013,Monitor,Electronics,Kolkata,Online,UPI,1,16258.43,0.0,16258.43,16258.43,0,3422.08,2024,10,October,Sunday,16258.43,16258.43
2024-10-20,ORD002305,CUST00922,P007,Backpack,Accessories,Mumbai,Online,Cash,1,2048.23,0.15,2048.23,1741.0,0,117.93,2024,10,October,Sunday,2048.23,1740.9955
2024-10-20,ORD016601,CUST01337,P015,Dining Table,Furniture,Pune,Online,UPI,1,19911.42,0.1,19911.42,17920.28,0,1187.43,2024,10,October,Sunday,19911.42,17920.278
2024-10-20,ORD038652,CUST03779,P017,Jeans,Fashion,Surat,Online,Net Banking,5,2609.11,0.05,13045.55,12393.27,0,3435.43,2024,10,October,Sunday,13045.550000000001,12393.2725
2024-10-20,ORD011127,CUST02640,P016,Sofa,Furniture,Jaipur,Online,Credit Card,3,32513.68,0.1,97541.04,87786.94,1,-4389.35,2024,10,October,Sunday,97541.04000000001,87786.936
2024-10-20,ORD038784,CUST04535,P006,Desk,Furniture,Mumbai,Online,UPI,1,12357.58,0.1,12357.58,11121.82,0,3111.58,2024,10,October,Sunday,12357.58,11121.822
2024-10-20,ORD018404,CUST04906,P003,Headphones,Electronics,Kolkata,Online,UPI,1,4253.46,0.0,4253.46,4253.46,0,511.68,2024,10,October,Sunday,4253.46,4253.46
2024-10-20,ORD004012,CUST04306,P013,Monitor,Electronics,Pune,Online,Net Banking,1,18399.56,0.05,18399.56,17479.58,0,2815.61,2024,10,October,Sunday,18399.56,17479.582000000002
2024-10-20,ORD002036,CUST02143,P020,Microwave,Home,Chennai,Online,UPI,3,11833.7,0.0,35501.1,35501.1,0,6084.06,2024,10,October,Sunday,35501.100000000006,35501.1
2024-10-20,ORD031126,CUST02187,P013,Monitor,Electronics,Delhi,Store,Credit Card,1,16235.35,0.05,16235.35,15423.58,0,1692.94,2024,10,October,Sunday,16235.35,15423.5825
2024-10-20,ORD023663,CUST02341,P013,Monitor,Electronics,Mumbai,Online,Debit Card,1,19368.39,0.1,19368.39,17431.55,0,1320.99,2024,10,October,Sunday,19368.39,17431.551
2024-10-20,ORD015725,CUST00644,P019,Vacuum Cleaner,Home,Chennai,Online,UPI,1,8471.43,0.0,8471.43,8471.43,0,1312.35,2024,10,October,Sunday,8471.43,8471.43
2024-10-21,ORD027906,CUST00387,P016,Sofa,Furniture,Delhi,Online,Credit Card,1,32080.43,0.0,32080.43,32080.43,0,5940.8,2024,10,October,Monday,32080.43,32080.43
2024-10-21,ORD020396,CUST03128,P012,Air Fryer,Home,Pune,Store,UPI,1,6530.23,0.05,6530.23,6203.72,0,961.09,2024,10,October,Monday,6530.23,6203.718499999999
2024-10-21,ORD041084,CUST03927,P007,Backpack,Accessories,Delhi,Store,Credit Card,3,2282.34,0.1,6847.02,6162.32,0,1327.04,2024,10,October,Monday,6847.02,6162.318
2024-10-21,ORD029539,CUST03205,P006,Desk,Furniture,Mumbai,Store,Credit Card,2,11738.38,0.0,23476.76,23476.76,1,-1173.84,2024,10,October,Monday,23476.76,23476.76
2024-10-21,ORD019586,CUST01707,P007,Backpack,Accessories,Pune,Store,Debit Card,1,2389.98,0.15,2389.98,2031.48,0,267.17,2024,10,October,Monday,2389.98,2031.483
2024-10-21,ORD018206,CUST04883,P007,Backpack,Accessories,Surat,Online,Cash,3,2107.33,0.0,6321.99,6321.99,0,579.98,2024,10,October,Monday,6321.99,6321.99
2024-10-21,ORD003031,CUST04627,P020,Microwave,Home,Chennai,Store,UPI,1,10393.64,0.1,10393.64,9354.28,0,2063.2,2024,10,October,Monday,10393.64,9354.276
2024-10-21,ORD024377,CUST04484,P010,Coffee Maker,Home,Jaipur,Online,UPI,1,4996.61,0.0,4996.61,4996.61,0,814.1,2024,10,October,Monday,4996.61,4996.61
2024-10-21,ORD028306,CUST04741,P007,Backpack,Accessories,Chennai,Online,Cash,5,1985.45,0.0,9927.25,9927.25,0,2199.17,2024,10,October,Monday,9927.25,9927.25
2024-10-21,ORD031819,CUST04583,P003,Headphones,Electronics,Jaipur,Online,Debit Card,1,4219.81,0.1,4219.81,3797.83,0,531.94,2024,10,October,Monday,4219.81,3797.8290000000006
2024-10-21,ORD046198,CUST02031,P012,Air Fryer,Home,Delhi,Online,Debit Card,2,7226.17,0.0,14452.34,14452.34,0,2454.64,2024,10,October,Monday,14452.34,14452.34
2024-10-21,ORD025115,CUST02062,P011,Mixer Grinder,Home,Surat,Store,UPI,2,4809.46,0.1,9618.92,8657.03,0,2277.88,2024,10,October,Monday,9618.92,8657.028
2024-10-21,ORD029913,CUST00167,P008,Running Shoes,Fashion,Chennai,Store,Credit Card,3,4233.76,0.1,12701.28,11431.15,0,3129.07,2024,10,October,Monday,12701.28,11431.152
2024-10-21,ORD015993,CUST04883,P001,Laptop,Electronics,Hyderabad,Online,Credit Card,1,71241.54,0.0,71241.54,71241.54,1,-3562.08,2024,10,October,Monday,71241.54,71241.54
2024-10-21,ORD048103,CUST01697,P007,Backpack,Accessories,Bengaluru,Online,Debit Card,3,2338.3,0.1,7014.9,6313.41,0,1393.77,2024,10,October,Monday,7014.900000000001,6313.41
2024-10-21,ORD033256,CUST00682,P010,Coffee Maker,Home,Kolkata,Online,UPI,2,5924.26,0.15,11848.52,10071.24,0,605.98,2024,10,October,Monday,11848.52,10071.242
2024-10-21,ORD010001,CUST03219,P014,Keyboard,Electronics,Hyderabad,Online,UPI,3,2526.91,0.0,7580.73,7580.73,0,2208.91,2024,10,October,Monday,7580.73,7580.73
2024-10-21,ORD026564,CUST04409,P007,Backpack,Accessories,Pune,Store,Credit Card,1,2379.29,0.0,2379.29,2379.29,0,255.57,2024,10,October,Monday,2379.29,2379.29
2024-10-21,ORD007145,CUST00047,P012,Air Fryer,Home,Surat,Online,UPI,1,7892.23,0.05,7892.23,7497.62,0,532.52,2024,10,October,Monday,7892.23,7497.6185
2024-10-21,ORD047178,CUST03176,P016,Sofa,Furniture,Delhi,Store,Debit Card,1,34105.25,0.1,34105.25,30694.72,0,8238.5,2024,10,October,Monday,34105.25,30694.725000000002
2024-10-21,ORD004368,CUST00693,P001,Laptop,Electronics,Mumbai,Store,UPI,2,62644.89,0.05,125289.78,119025.29,0,9549.43,2024,10,October,Monday,125289.78,119025.291
2024-10-21,ORD016538,CUST03514,P013,Monitor,Electronics,Ahmedabad,Online,Credit Card,1,16640.55,0.05,16640.55,15808.52,0,1551.26,2024,10,October,Monday,16640.55,15808.5225
2024-10-21,ORD048627,CUST02851,P005,Office Chair,Furniture,Bengaluru,Store,Credit Card,1,10431.21,0.05,10431.21,9909.65,0,2314.01,2024,10,October,Monday,10431.21,9909.6495
2024-10-21,ORD021706,CUST01728,P001,Laptop,Electronics,Jaipur,Store,Net Banking,2,71452.28,0.0,142904.56,142904.56,0,18863.04,2024,10,October,Monday,142904.56,142904.56
2024-10-21,ORD016795,CUST01239,P014,Keyboard,Electronics,Pune,Store,UPI,1,2641.17,0.2,2641.17,2112.94,0,358.75,2024,10,October,Monday,2641.17,2112.936
2024-10-21,ORD012742,CUST04791,P020,Microwave,Home,Mumbai,Online,Debit Card,5,11370.2,0.05,56851.0,54008.45,0,13070.29,2024,10,October,Monday,56851.0,54008.45
2024-10-21,ORD027433,CUST04242,P007,Backpack,Accessories,Chennai,Store,Credit Card,1,2323.73,0.05,2323.73,2207.54,0,325.42,2024,10,October,Monday,2323.73,2207.5434999999998
2024-10-21,ORD033281,CUST01560,P001,Laptop,Electronics,Chennai,Store,Net Banking,1,69214.97,0.1,69214.97,62293.47,0,11539.72,2024,10,October,Monday,69214.97,62293.473000000005
2024-10-21,ORD014765,CUST04199,P014,Keyboard,Electronics,Surat,Store,Net Banking,1,2454.13,0.15,2454.13,2086.01,0,548.31,2024,10,October,Monday,2454.13,2086.0105
2024-10-21,ORD018402,CUST02910,P014,Keyboard,Electronics,Surat,Online,UPI,1,2385.84,0.1,2385.84,2147.26,0,483.64,2024,10,October,Monday,2385.84,2147.2560000000003
2024-10-21,ORD015009,CUST01328,P002,Smartphone,Electronics,Delhi,Store,UPI,2,29557.49,0.2,59114.98,47291.98,0,9606.97,2024,10,October,Monday,59114.98,47291.984000000004
2024-10-21,ORD042485,CUST02136,P020,Microwave,Home,Mumbai,Online,Credit Card,1,11204.03,0.1,11204.03,10083.63,0,2021.12,2024,10,October,Monday,11204.03,10083.627
2024-10-21,ORD004186,CUST01154,P004,Smartwatch,Electronics,Delhi,Store,UPI,1,7366.02,0.1,7366.02,6629.42,0,1837.21,2024,10,October,Monday,7366.02,6629.418000000001
2024-10-21,ORD016707,CUST02494,P007,Backpack,Accessories,Hyderabad,Online,UPI,1,2030.65,0.15,2030.65,1726.05,0,103.41,2024,10,October,Monday,2030.65,1726.0525
2024-10-21,ORD035425,CUST00515,P010,Coffee Maker,Home,Ahmedabad,Store,UPI,1,5417.58,0.1,5417.58,4875.82,0,430.94,2024,10,October,Monday,5417.58,4875.822
2024-10-21,ORD039936,CUST04104,P007,Backpack,Accessories,Pune,Online,Credit Card,1,2046.02,0.15,2046.02,1739.12,0,229.04,2024,10,October,Monday,2046.02,1739.117
2024-10-21,ORD030090,CUST04873,P019,Vacuum Cleaner,Home,Surat,Online,Credit Card,1,9350.73,0.1,9350.73,8415.66,0,821.89,2024,10,October,Monday,9350.73,8415.657
2024-10-21,ORD003156,CUST03394,P020,Microwave,Home,Jaipur,Online,UPI,1,12041.0,0.0,12041.0,12041.0,0,1182.99,2024,10,October,Monday,12041.0,12041.0
2024-10-21,ORD048855,CUST02770,P017,Jeans,Fashion,Ahmedabad,Online,Debit Card,2,2807.99,0.0,5615.98,5615.98,0,527.58,2024,10,October,Monday,5615.98,5615.98
2024-10-21,ORD018650,CUST02667,P002,Smartphone,Electronics,Chennai,Store,Net Banking,1,25816.14,0.1,25816.14,23234.53,0,4026.19,2024,10,October,Monday,25816.14,23234.526
2024-10-21,ORD020447,CUST04516,P017,Jeans,Fashion,Jaipur,Online,UPI,1,2941.77,0.0,2941.77,2941.77,0,551.55,2024,10,October,Monday,2941.77,2941.77
2024-10-21,ORD028073,CUST02952,P019,Vacuum Cleaner,Home,Kolkata,Store,UPI,1,8309.95,0.1,8309.95,7478.96,0,936.65,2024,10,October,Monday,8309.95,7478.955000000001
2024-10-21,ORD027374,CUST01452,P005,Office Chair,Furniture,Jaipur,Store,Credit Card,2,9031.09,0.0,18062.18,18062.18,0,5418.05,2024,10,October,Monday,18062.18,18062.18
2024-10-21,ORD046739,CUST04735,P014,Keyboard,Electronics,Hyderabad,Online,Credit Card,1,2525.68,0.0,2525.68,2525.68,0,513.63,2024,10,October,Monday,2525.68,2525.68
2024-10-21,ORD031501,CUST04422,P009,T-Shirt,Fashion,Surat,Online,Credit Card,1,1253.19,0.25,1253.19,939.89,0,141.1,2024,10,October,Monday,1253.19,939.8925
2024-10-21,ORD015922,CUST04668,P008,Running Shoes,Fashion,Hyderabad,Online,UPI,1,4022.85,0.0,4022.85,4022.85,0,817.96,2024,10,October,Monday,4022.85,4022.85
2024-10-21,ORD049637,CUST04996,P003,Headphones,Electronics,Ahmedabad,Online,Credit Card,2,4527.35,0.05,9054.7,8601.96,0,2269.25,2024,10,October,Monday,9054.7,8601.965
2024-10-21,ORD008235,CUST00965,P015,Dining Table,Furniture,Bengaluru,Online,Credit Card,1,20178.3,0.25,20178.3,15133.72,0,1512.82,2024,10,October,Monday,20178.3,15133.724999999999
2024-10-21,ORD043186,CUST03486,P003,Headphones,Electronics,Surat,Online,Credit Card,1,4725.47,0.1,4725.47,4252.92,0,733.71,2024,10,October,Monday,4725.47,4252.923000000001
2024-10-21,ORD003168,CUST03308,P011,Mixer Grinder,Home,Chennai,Online,Credit Card,1,4486.88,0.1,4486.88,4038.19,0,621.33,2024,10,October,Monday,4486.88,4038.192
2024-10-21,ORD040666,CUST04463,P006,Desk,Furniture,Delhi,Online,UPI,2,11531.24,0.05,23062.48,21909.36,0,3379.71,2024,10,October,Monday,23062.48,21909.356
2024-10-21,ORD041732,CUST04081,P020,Microwave,Home,Bengaluru,Online,UPI,1,10443.73,0.05,10443.73,9921.54,0,1505.02,2024,10,October,Monday,10443.73,9921.5435
2024-10-21,ORD025379,CUST03106,P019,Vacuum Cleaner,Home,Chennai,Online,Credit Card,3,9086.02,0.15,27258.06,23169.35,0,2279.93,2024,10,October,Monday,27258.06,23169.351
2024-10-21,ORD000323,CUST02688,P001,Laptop,Electronics,Kolkata,Store,UPI,2,60000.13,0.1,120000.26,108000.23,0,9264.78,2024,10,October,Monday,120000.26,108000.234
2024-10-21,ORD014846,CUST01742,P012,Air Fryer,Home,Pune,Online,Credit Card,1,7262.47,0.1,7262.47,6536.22,0,1185.0,2024,10,October,Monday,7262.47,6536.223
2024-10-21,ORD023521,CUST00431,P017,Jeans,Fashion,Kolkata,Online,Credit Card,1,2986.84,0.0,2986.84,2986.84,0,594.63,2024,10,October,Monday,2986.84,2986.84
2024-10-21,ORD016034,CUST03881,P016,Sofa,Furniture,Jaipur,Online,Cash,2,35613.46,0.0,71226.92,71226.92,0,7840.84,2024,10,October,Monday,71226.92,71226.92
2024-10-21,ORD029103,CUST04921,P011,Mixer Grinder,Home,Chennai,Online,UPI,1,4494.21,0.1,4494.21,4044.79,0,540.39,2024,10,October,Monday,4494.21,4044.789
2024-10-21,ORD002732,CUST02549,P011,Mixer Grinder,Home,Delhi,Store,Cash,1,4685.72,0.1,4685.72,4217.15,0,521.42,2024,10,October,Monday,4685.72,4217.148
2024-10-21,ORD039236,CUST00495,P012,Air Fryer,Home,Chennai,Online,UPI,1,6639.97,0.1,6639.97,5975.97,0,814.94,2024,10,October,Monday,6639.97,5975.973
2024-10-21,ORD046596,CUST01506,P019,Vacuum Cleaner,Home,Bengaluru,Online,Credit Card,1,9463.82,0.1,9463.82,8517.44,0,2382.64,2024,10,October,Monday,9463.82,8517.438
2024-10-21,ORD021033,CUST01541,P005,Office Chair,Furniture,Jaipur,Online,Cash,4,8645.87,0.1,34583.48,31125.13,0,6629.77,2024,10,October,Monday,34583.48,31125.132000000005
2024-10-21,ORD024192,CUST02910,P015,Dining Table,Furniture,Mumbai,Store,UPI,1,22445.6,0.0,22445.6,22445.6,0,6446.11,2024,10,October,Monday,22445.6,22445.6
2024-10-21,ORD005775,CUST00055,P006,Desk,Furniture,Mumbai,Store,UPI,1,11429.68,0.0,11429.68,11429.68,0,1660.22,2024,10,October,Monday,11429.68,11429.68
2024-10-21,ORD031709,CUST02890,P003,Headphones,Electronics,Jaipur,Online,Credit Card,1,4368.5,0.15,4368.5,3713.22,0,781.24,2024,10,October,Monday,4368.5,3713.225
2024-10-21,ORD015417,CUST00389,P009,T-Shirt,Fashion,Kolkata,Store,Credit Card,5,1295.89,0.1,6479.45,5831.51,0,1365.88,2024,10,October,Monday,6479.450000000001,5831.505
2024-10-21,ORD040774,CUST04196,P007,Backpack,Accessories,Mumbai,Online,UPI,1,2260.58,0.2,2260.58,1808.46,0,86.57,2024,10,October,Monday,2260.58,1808.464
2024-10-21,ORD028574,CUST01473,P018,Jacket,Fashion,Ahmedabad,Store,Credit Card,2,5147.09,0.0,10294.18,10294.18,0,2981.65,2024,10,October,Monday,10294.18,10294.18
2024-10-21,ORD036345,CUST01531,P016,Sofa,Furniture,Pune,Online,Net Banking,1,31958.6,0.0,31958.6,31958.6,0,3638.78,2024,10,October,Monday,31958.6,31958.6
2024-10-21,ORD022377,CUST04462,P013,Monitor,Electronics,Delhi,Store,UPI,1,18878.77,0.05,18878.77,17934.83,0,3501.18,2024,10,October,Monday,18878.77,17934.8315
2024-10-21,ORD013200,CUST01726,P010,Coffee Maker,Home,Ahmedabad,Online,UPI,1,5472.97,0.2,5472.97,4378.38,0,1061.27,2024,10,October,Monday,5472.97,4378.376
2024-10-21,ORD029914,CUST02893,P008,Running Shoes,Fashion,Surat,Online,UPI,1,4030.1,0.1,4030.1,3627.09,0,859.58,2024,10,October,Monday,4030.1,3627.09
2024-10-21,ORD026304,CUST02978,P006,Desk,Furniture,Mumbai,Store,Credit Card,2,12237.25,0.15,24474.5,20803.32,0,4114.11,2024,10,October,Monday,24474.5,20803.325
2024-10-21,ORD003041,CUST03234,P012,Air Fryer,Home,Ahmedabad,Online,Debit Card,1,6928.16,0.15,6928.16,5888.94,0,1192.33,2024,10,October,Monday,6928.16,5888.936
2024-10-21,ORD022346,CUST00637,P018,Jacket,Fashion,Hyderabad,Online,Cash,1,5026.53,0.1,5026.53,4523.88,0,829.27,2024,10,October,Monday,5026.53,4523.8769999999995
2024-10-21,ORD026737,CUST01367,P008,Running Shoes,Fashion,Chennai,Store,UPI,2,4084.36,0.15,8168.72,6943.41,0,1500.08,2024,10,October,Monday,8168.72,6943.412
2024-10-21,ORD036342,CUST02387,P011,Mixer Grinder,Home,Pune,Online,UPI,1,4785.65,0.05,4785.65,4546.37,1,-227.32,2024,10,October,Monday,4785.65,4546.367499999999
2024-10-21,ORD046366,CUST04676,P009,T-Shirt,Fashion,Chennai,Store,Credit Card,1,1150.37,0.2,1150.37,920.3,0,79.41,2024,10,October,Monday,1150.37,920.2959999999999
2024-10-21,ORD029538,CUST02566,P010,Coffee Maker,Home,Bengaluru,Store,Credit Card,1,5946.99,0.1,5946.99,5352.29,0,1145.66,2024,10,October,Monday,5946.99,5352.291
2024-10-21,ORD008034,CUST02435,P005,Office Chair,Furniture,Bengaluru,Store,UPI,2,9534.36,0.0,19068.72,19068.72,0,3502.1,2024,10,October,Monday,19068.72,19068.72
2024-10-21,ORD042088,CUST02719,P020,Microwave,Home,Surat,Store,Debit Card,1,10570.72,0.1,10570.72,9513.65,0,2657.41,2024,10,October,Monday,10570.72,9513.648
2024-10-21,ORD034179,CUST04997,P017,Jeans,Fashion,Pune,Online,UPI,3,3078.83,0.05,9236.49,8774.67,0,2401.77,2024,10,October,Monday,9236.49,8774.6655
2024-10-22,ORD020450,CUST03519,P008,Running Shoes,Fashion,Hyderabad,Online,UPI,1,3964.21,0.1,3964.21,3567.79,0,775.32,2024,10,October,Tuesday,3964.21,3567.789
2024-10-22,ORD041342,CUST04018,P005,Office Chair,Furniture,Chennai,Online,UPI,1,8955.73,0.1,8955.73,8060.16,0,603.4,2024,10,October,Tuesday,8955.73,8060.157
2024-10-22,ORD000345,CUST01142,P014,Keyboard,Electronics,Pune,Store,Credit Card,1,2262.48,0.1,2262.48,2036.23,0,325.36,2024,10,October,Tuesday,2262.48,2036.232
2024-10-22,ORD023945,CUST04235,P008,Running Shoes,Fashion,Kolkata,Online,Credit Card,2,4543.95,0.1,9087.9,8179.11,0,2101.55,2024,10,October,Tuesday,9087.9,8179.11
2024-10-22,ORD021351,CUST02143,P015,Dining Table,Furniture,Ahmedabad,Store,UPI,1,20441.45,0.2,20441.45,16353.16,0,3028.19,2024,10,October,Tuesday,20441.45,16353.160000000002
2024-10-22,ORD032790,CUST00647,P016,Sofa,Furniture,Bengaluru,Store,Net Banking,1,37045.72,0.15,37045.72,31488.86,0,3587.1,2024,10,October,Tuesday,37045.72,31488.862
2024-10-22,ORD002069,CUST00810,P019,Vacuum Cleaner,Home,Hyderabad,Online,Net Banking,2,9737.42,0.05,19474.84,18501.1,0,2807.6,2024,10,October,Tuesday,19474.84,18501.097999999998
2024-10-22,ORD030514,CUST00183,P008,Running Shoes,Fashion,Kolkata,Store,Net Banking,1,3899.83,0.05,3899.83,3704.84,0,748.81,2024,10,October,Tuesday,3899.83,3704.8385
2024-10-22,ORD012590,CUST04623,P011,Mixer Grinder,Home,Chennai,Store,UPI,1,4574.19,0.05,4574.19,4345.48,0,506.5,2024,10,October,Tuesday,4574.19,4345.4805
2024-10-22,ORD019848,CUST02069,P008,Running Shoes,Fashion,Surat,Store,Credit Card,1,3968.74,0.0,3968.74,3968.74,0,1146.65,2024,10,October,Tuesday,3968.74,3968.74
2024-10-22,ORD011542,CUST03746,P012,Air Fryer,Home,Kolkata,Online,Debit Card,4,7864.56,0.05,31458.24,29885.33,0,7618.26,2024,10,October,Tuesday,31458.24,29885.328
2024-10-22,ORD025800,CUST00890,P004,Smartwatch,Electronics,Jaipur,Online,Cash,2,7094.88,0.1,14189.76,12770.78,0,2335.47,2024,10,October,Tuesday,14189.76,12770.784
2024-10-22,ORD040397,CUST02442,P007,Backpack,Accessories,Hyderabad,Online,UPI,1,2175.58,0.1,2175.58,1958.02,1,-97.9,2024,10,October,Tuesday,2175.58,1958.022
2024-10-22,ORD011770,CUST00993,P014,Keyboard,Electronics,Bengaluru,Online,UPI,1,2332.73,0.15,2332.73,1982.82,0,161.16,2024,10,October,Tuesday,2332.73,1982.8205
2024-10-22,ORD021983,CUST00559,P018,Jacket,Fashion,Chennai,Store,Cash,1,4976.18,0.0,4976.18,4976.18,0,457.06,2024,10,October,Tuesday,4976.18,4976.18
2024-10-22,ORD028536,CUST01717,P011,Mixer Grinder,Home,Hyderabad,Online,Cash,1,4410.75,0.0,4410.75,4410.75,0,831.54,2024,10,October,Tuesday,4410.75,4410.75
2024-10-22,ORD000762,CUST03952,P006,Desk,Furniture,Bengaluru,Online,UPI,4,13165.26,0.1,52661.04,47394.94,0,12549.39,2024,10,October,Tuesday,52661.04,47394.936
2024-10-22,ORD037005,CUST04471,P011,Mixer Grinder,Home,Ahmedabad,Online,UPI,2,4944.8,0.1,9889.6,8900.64,0,2293.25,2024,10,October,Tuesday,9889.6,8900.640000000001
2024-10-22,ORD027101,CUST02025,P020,Microwave,Home,Jaipur,Online,Debit Card,1,10118.35,0.05,10118.35,9612.43,0,1504.53,2024,10,October,Tuesday,10118.35,9612.4325
2024-10-22,ORD031167,CUST00851,P013,Monitor,Electronics,Chennai,Online,Credit Card,2,16339.12,0.1,32678.24,29410.42,0,3978.84,2024,10,October,Tuesday,32678.24,29410.416
2024-10-22,ORD038929,CUST01598,P014,Keyboard,Electronics,Delhi,Store,Credit Card,1,2501.06,0.0,2501.06,2501.06,0,320.54,2024,10,October,Tuesday,2501.06,2501.06
2024-10-22,ORD046553,CUST00309,P008,Running Shoes,Fashion,Kolkata,Online,UPI,1,4176.59,0.15,4176.59,3550.1,0,623.41,2024,10,October,Tuesday,4176.59,3550.1015
2024-10-22,ORD009568,CUST00591,P014,Keyboard,Electronics,Bengaluru,Store,Debit Card,4,2747.83,0.05,10991.32,10441.75,0,1701.64,2024,10,October,Tuesday,10991.32,10441.753999999999
2024-10-22,ORD027850,CUST02321,P001,Laptop,Electronics,Hyderabad,Online,Cash,2,70822.36,0.05,141644.72,134562.48,0,14146.28,2024,10,October,Tuesday,141644.72,134562.484
2024-10-22,ORD041205,CUST00129,P013,Monitor,Electronics,Ahmedabad,Online,UPI,1,16980.43,0.05,16980.43,16131.41,0,3188.03,2024,10,October,Tuesday,16980.43,16131.4085
2024-10-22,ORD027205,CUST00810,P011,Mixer Grinder,Home,Ahmedabad,Online,Cash,1,5031.06,0.0,5031.06,5031.06,0,625.18,2024,10,October,Tuesday,5031.06,5031.06
2024-10-22,ORD039862,CUST01024,P019,Vacuum Cleaner,Home,Ahmedabad,Store,Net Banking,1,9382.59,0.0,9382.59,9382.59,0,1317.88,2024,10,October,Tuesday,9382.59,9382.59
2024-10-22,ORD003984,CUST01052,P006,Desk,Furniture,Ahmedabad,Online,Debit Card,1,13055.62,0.15,13055.62,11097.28,0,2012.31,2024,10,October,Tuesday,13055.62,11097.277
2024-10-22,ORD037699,CUST01170,P009,T-Shirt,Fashion,Delhi,Store,Net Banking,2,1262.57,0.2,2525.14,2020.11,0,134.79,2024,10,October,Tuesday,2525.14,2020.112
2024-10-22,ORD021507,CUST00095,P016,Sofa,Furniture,Surat,Store,UPI,1,33520.97,0.0,33520.97,33520.97,0,8641.52,2024,10,October,Tuesday,33520.97,33520.97
2024-10-22,ORD042193,CUST01748,P008,Running Shoes,Fashion,Delhi,Online,Credit Card,4,4427.47,0.15,17709.88,15053.4,1,-752.67,2024,10,October,Tuesday,17709.88,15053.398000000001
2024-10-22,ORD018348,CUST03972,P014,Keyboard,Electronics,Hyderabad,Online,Credit Card,1,2260.06,0.05,2260.06,2147.06,0,485.91,2024,10,October,Tuesday,2260.06,2147.057
2024-10-22,ORD004090,CUST00578,P004,Smartwatch,Electronics,Jaipur,Store,Debit Card,2,7659.09,0.1,15318.18,13786.36,1,-689.32,2024,10,October,Tuesday,15318.18,13786.362000000001
2024-10-22,ORD028082,CUST01509,P011,Mixer Grinder,Home,Kolkata,Online,Credit Card,1,4688.71,0.1,4688.71,4219.84,0,414.86,2024,10,October,Tuesday,4688.71,4219.839
2024-10-22,ORD044845,CUST02195,P008,Running Shoes,Fashion,Ahmedabad,Online,Credit Card,1,4074.27,0.2,4074.27,3259.42,0,274.28,2024,10,October,Tuesday,4074.27,3259.416
2024-10-22,ORD006140,CUST03367,P008,Running Shoes,Fashion,Pune,Online,UPI,1,4229.56,0.05,4229.56,4018.08,0,678.67,2024,10,October,Tuesday,4229.56,4018.0820000000003
2024-10-22,ORD013830,CUST04772,P005,Office Chair,Furniture,Mumbai,Store,UPI,1,8745.41,0.0,8745.41,8745.41,0,1468.63,2024,10,October,Tuesday,8745.41,8745.41
2024-10-22,ORD036378,CUST00368,P007,Backpack,Accessories,Mumbai,Online,Cash,3,2137.03,0.05,6411.09,6090.54,0,1541.61,2024,10,October,Tuesday,6411.09,6090.5355
2024-10-22,ORD006813,CUST02670,P006,Desk,Furniture,Jaipur,Online,Credit Card,1,12810.86,0.05,12810.86,12170.32,0,2780.29,2024,10,October,Tuesday,12810.86,12170.317
2024-10-22,ORD015436,CUST02042,P011,Mixer Grinder,Home,Delhi,Store,UPI,3,5047.54,0.05,15142.62,14385.49,0,2014.99,2024,10,October,Tuesday,15142.619999999999,14385.489
2024-10-22,ORD019496,CUST02319,P003,Headphones,Electronics,Delhi,Store,UPI,1,4280.28,0.1,4280.28,3852.25,0,370.4,2024,10,October,Tuesday,4280.28,3852.252
2024-10-22,ORD007871,CUST00073,P008,Running Shoes,Fashion,Delhi,Online,UPI,2,3850.68,0.15,7701.36,6546.16,0,682.56,2024,10,October,Tuesday,7701.36,6546.156
2024-10-22,ORD000072,CUST03392,P018,Jacket,Fashion,Hyderabad,Online,Debit Card,1,5655.87,0.15,5655.87,4807.49,0,310.7,2024,10,October,Tuesday,5655.87,4807.4895
2024-10-22,ORD011947,CUST00950,P002,Smartphone,Electronics,Kolkata,Online,UPI,1,28633.24,0.0,28633.24,28633.24,0,4146.18,2024,10,October,Tuesday,28633.24,28633.24
2024-10-22,ORD048866,CUST00497,P008,Running Shoes,Fashion,Bengaluru,Online,Credit Card,1,4076.38,0.05,4076.38,3872.56,0,894.19,2024,10,October,Tuesday,4076.38,3872.561
2024-10-22,ORD003866,CUST01229,P005,Office Chair,Furniture,Surat,Store,Credit Card,4,9140.91,0.2,36563.64,29250.91,0,4013.4,2024,10,October,Tuesday,36563.64,29250.912
2024-10-22,ORD016713,CUST04606,P014,Keyboard,Electronics,Hyderabad,Store,Credit Card,1,2517.63,0.05,2517.63,2391.75,0,690.96,2024,10,October,Tuesday,2517.63,2391.7485
2024-10-22,ORD011022,CUST02090,P014,Keyboard,Electronics,Surat,Online,Cash,2,2669.29,0.0,5338.58,5338.58,0,1221.34,2024,10,October,Tuesday,5338.58,5338.58
2024-10-22,ORD043503,CUST03533,P006,Desk,Furniture,Delhi,Online,UPI,1,12271.24,0.15,12271.24,10430.55,0,587.13,2024,10,October,Tuesday,12271.24,10430.554
2024-10-22,ORD042853,CUST03129,P016,Sofa,Furniture,Pune,Store,Credit Card,1,36164.14,0.15,36164.14,30739.52,0,5591.9,2024,10,October,Tuesday,36164.14,30739.519
2024-10-22,ORD015986,CUST04453,P018,Jacket,Fashion,Ahmedabad,Online,Net Banking,1,5604.56,0.05,5604.56,5324.33,0,446.6,2024,10,October,Tuesday,5604.56,5324.332
2024-10-22,ORD043875,CUST02874,P012,Air Fryer,Home,Pune,Store,UPI,2,7472.4,0.15,14944.8,12703.08,0,865.55,2024,10,October,Tuesday,14944.8,12703.08
2024-10-22,ORD027581,CUST03907,P008,Running Shoes,Fashion,Jaipur,Store,Credit Card,2,4011.91,0.1,8023.82,7221.44,0,1434.77,2024,10,October,Tuesday,8023.82,7221.438
2024-10-22,ORD014161,CUST03101,P006,Desk,Furniture,Hyderabad,Store,Credit Card,1,11055.85,0.1,11055.85,9950.27,0,917.96,2024,10,October,Tuesday,11055.85,9950.265000000001
2024-10-22,ORD019012,CUST04502,P017,Jeans,Fashion,Ahmedabad,Online,UPI,1,2855.01,0.2,2855.01,2284.01,0,169.84,2024,10,October,Tuesday,2855.01,2284.0080000000003
2024-10-22,ORD034916,CUST00301,P015,Dining Table,Furniture,Bengaluru,Store,Credit Card,5,21112.25,0.05,105561.25,100283.19,1,-5014.16,2024,10,October,Tuesday,105561.25,100283.1875
2024-10-22,ORD030858,CUST03253,P018,Jacket,Fashion,Ahmedabad,Online,Credit Card,5,5359.89,0.2,26799.45,21439.56,0,1021.08,2024,10,October,Tuesday,26799.45,21439.56
2024-10-22,ORD000310,CUST02251,P020,Microwave,Home,Bengaluru,Store,Credit Card,1,10371.69,0.05,10371.69,9853.11,0,1226.35,2024,10,October,Tuesday,10371.69,9853.1055
2024-10-22,ORD016361,CUST02474,P010,Coffee Maker,Home,Bengaluru,Online,Debit Card,1,5397.9,0.0,5397.9,5397.9,0,1579.36,2024,10,October,Tuesday,5397.9,5397.9
2024-10-22,ORD040407,CUST03287,P012,Air Fryer,Home,Delhi,Online,UPI,4,7271.6,0.1,29086.4,26177.76,0,4286.9,2024,10,October,Tuesday,29086.4,26177.760000000002
2024-10-22,ORD016013,CUST03116,P014,Keyboard,Electronics,Chennai,Online,UPI,1,2575.48,0.1,2575.48,2317.93,0,207.69,2024,10,October,Tuesday,2575.48,2317.9320000000002
2024-10-22,ORD005388,CUST03934,P014,Keyboard,Electronics,Hyderabad,Online,UPI,2,2645.98,0.1,5291.96,4762.76,0,632.71,2024,10,October,Tuesday,5291.96,4762.764
2024-10-22,ORD023088,CUST01040,P014,Keyboard,Electronics,Delhi,Online,Net Banking,2,2301.83,0.05,4603.66,4373.48,0,690.7,2024,10,October,Tuesday,4603.66,4373.477
2024-10-22,ORD014243,CUST01972,P002,Smartphone,Electronics,Surat,Online,Net Banking,1,30168.02,0.15,30168.02,25642.82,0,3848.43,2024,10,October,Tuesday,30168.02,25642.817
2024-10-22,ORD028578,CUST02379,P006,Desk,Furniture,Delhi,Store,UPI,1,11331.86,0.05,11331.86,10765.27,0,2018.24,2024,10,October,Tuesday,11331.86,10765.267
2024-10-22,ORD001977,CUST01575,P013,Monitor,Electronics,Jaipur,Online,Net Banking,5,18023.08,0.0,90115.4,90115.4,0,13169.77,2024,10,October,Tuesday,90115.40000000001,90115.4
2024-10-22,ORD037569,CUST03311,P001,Laptop,Electronics,Mumbai,Online,Cash,1,59073.46,0.0,59073.46,59073.46,0,7296.6,2024,10,October,Tuesday,59073.46,59073.46
2024-10-23,ORD018936,CUST01962,P012,Air Fryer,Home,Pune,Online,UPI,2,7835.57,0.15,15671.14,13320.47,0,3424.43,2024,10,October,Wednesday,15671.14,13320.469
2024-10-23,ORD033868,CUST02752,P011,Mixer Grinder,Home,Kolkata,Online,UPI,1,4779.45,0.1,4779.45,4301.5,0,959.41,2024,10,October,Wednesday,4779.45,4301.505
2024-10-23,ORD016314,CUST03130,P009,T-Shirt,Fashion,Jaipur,Store,UPI,2,1144.73,0.25,2289.46,1717.1,0,171.44,2024,10,October,Wednesday,2289.46,1717.095
2024-10-23,ORD036084,CUST02442,P010,Coffee Maker,Home,Delhi,Store,Debit Card,2,5764.11,0.2,11528.22,9222.58,0,2041.22,2024,10,October,Wednesday,11528.22,9222.576
2024-10-23,ORD038988,CUST01181,P006,Desk,Furniture,Chennai,Online,Credit Card,1,13152.49,0.15,13152.49,11179.62,0,1397.85,2024,10,October,Wednesday,13152.49,11179.6165
2024-10-23,ORD001337,CUST01995,P015,Dining Table,Furniture,Chennai,Store,Debit Card,1,24076.03,0.15,24076.03,20464.63,0,2847.84,2024,10,October,Wednesday,24076.03,20464.6255
2024-10-23,ORD021343,CUST02605,P015,Dining Table,Furniture,Ahmedabad,Online,UPI,1,21667.37,0.1,21667.37,19500.63,0,1869.42,2024,10,October,Wednesday,21667.37,19500.632999999998
2024-10-23,ORD006591,CUST04856,P004,Smartwatch,Electronics,Jaipur,Online,UPI,3,6616.85,0.05,19850.55,18858.02,0,3805.03,2024,10,October,Wednesday,19850.550000000003,18858.0225
2024-10-23,ORD012656,CUST00494,P019,Vacuum Cleaner,Home,Hyderabad,Online,UPI,1,9750.7,0.1,9750.7,8775.63,0,1875.45,2024,10,October,Wednesday,9750.7,8775.630000000001
2024-10-23,ORD035616,CUST04438,P015,Dining Table,Furniture,Kolkata,Online,Credit Card,1,21174.43,0.2,21174.43,16939.54,0,1133.21,2024,10,October,Wednesday,21174.43,16939.544
2024-10-23,ORD029824,CUST02303,P006,Desk,Furniture,Bengaluru,Online,UPI,1,13124.2,0.0,13124.2,13124.2,0,1983.83,2024,10,October,Wednesday,13124.2,13124.2
2024-10-23,ORD030485,CUST00443,P015,Dining Table,Furniture,Kolkata,Store,Credit Card,1,19840.67,0.05,19840.67,18848.64,0,5074.54,2024,10,October,Wednesday,19840.67,18848.636499999997
2024-10-23,ORD000563,CUST03050,P019,Vacuum Cleaner,Home,Bengaluru,Online,UPI,4,8397.76,0.2,33591.04,26872.83,0,6891.94,2024,10,October,Wednesday,33591.04,26872.832000000002
2024-10-23,ORD006975,CUST04476,P010,Coffee Maker,Home,Surat,Store,UPI,1,5324.15,0.25,5324.15,3993.11,0,946.76,2024,10,October,Wednesday,5324.15,3993.1124999999997
2024-10-23,ORD004149,CUST01791,P011,Mixer Grinder,Home,Hyderabad,Online,UPI,1,5155.4,0.15,5155.4,4382.09,1,-219.1,2024,10,October,Wednesday,5155.4,4382.089999999999
2024-10-23,ORD009941,CUST00174,P003,Headphones,Electronics,Delhi,Online,Credit Card,5,4067.04,0.1,20335.2,18301.68,0,1666.02,2024,10,October,Wednesday,20335.2,18301.68
2024-10-23,ORD047819,CUST03464,P018,Jacket,Fashion,Pune,Store,UPI,2,5327.27,0.1,10654.54,9589.09,0,576.43,2024,10,October,Wednesday,10654.54,9589.086000000001
2024-10-23,ORD015283,CUST04825,P001,Laptop,Electronics,Chennai,Online,Cash,1,63050.2,0.1,63050.2,56745.18,0,13569.08,2024,10,October,Wednesday,63050.2,56745.18
2024-10-23,ORD017345,CUST02971,P009,T-Shirt,Fashion,Bengaluru,Online,Credit Card,3,1125.97,0.2,3377.91,2702.33,0,266.76,2024,10,October,Wednesday,3377.91,2702.328
2024-10-23,ORD007219,CUST02466,P016,Sofa,Furniture,Ahmedabad,Store,Net Banking,1,34593.81,0.2,34593.81,27675.05,0,1395.2,2024,10,October,Wednesday,34593.81,27675.048
2024-10-23,ORD038874,CUST02599,P015,Dining Table,Furniture,Chennai,Online,Credit Card,1,23864.72,0.1,23864.72,21478.25,0,1869.31,2024,10,October,Wednesday,23864.72,21478.248000000003
2024-10-23,ORD041597,CUST04899,P003,Headphones,Electronics,Bengaluru,Online,Credit Card,2,4873.44,0.0,9746.88,9746.88,0,1719.39,2024,10,October,Wednesday,9746.88,9746.88
2024-10-23,ORD035797,CUST01880,P008,Running Shoes,Fashion,Mumbai,Online,UPI,2,4603.21,0.05,9206.42,8746.1,0,1744.59,2024,10,October,Wednesday,9206.42,8746.099
2024-10-23,ORD035517,CUST04537,P009,T-Shirt,Fashion,Ahmedabad,Online,Cash,3,1222.49,0.25,3667.47,2750.6,0,408.42,2024,10,October,Wednesday,3667.4700000000003,2750.6025
2024-10-23,ORD028365,CUST02450,P006,Desk,Furniture,Pune,Store,UPI,1,12606.05,0.0,12606.05,12606.05,1,-630.3,2024,10,October,Wednesday,12606.05,12606.05
2024-10-23,ORD009899,CUST02859,P006,Desk,Furniture,Bengaluru,Store,Debit Card,1,12267.13,0.1,12267.13,11040.42,0,1403.46,2024,10,October,Wednesday,12267.13,11040.417
2024-10-23,ORD024450,CUST03448,P017,Jeans,Fashion,Mumbai,Store,Cash,1,2569.39,0.25,2569.39,1927.04,0,191.56,2024,10,October,Wednesday,2569.39,1927.0425
2024-10-23,ORD045789,CUST02689,P019,Vacuum Cleaner,Home,Ahmedabad,Online,UPI,4,9046.77,0.15,36187.08,30759.02,0,4653.94,2024,10,October,Wednesday,36187.08,30759.018
2024-10-23,ORD026050,CUST03184,P013,Monitor,Electronics,Kolkata,Online,Net Banking,2,19355.96,0.15,38711.92,32905.13,0,2205.28,2024,10,October,Wednesday,38711.92,32905.132
2024-10-23,ORD003554,CUST04903,P004,Smartwatch,Electronics,Surat,Online,Net Banking,3,7648.38,0.05,22945.14,21797.88,0,2189.53,2024,10,October,Wednesday,22945.14,21797.882999999998
2024-10-23,ORD018468,CUST04320,P001,Laptop,Electronics,Chennai,Online,Credit Card,1,70058.44,0.0,70058.44,70058.44,0,13957.66,2024,10,October,Wednesday,70058.44,70058.44
2024-10-23,ORD005036,CUST00465,P019,Vacuum Cleaner,Home,Mumbai,Online,Debit Card,2,9446.09,0.05,18892.18,17947.57,0,3664.79,2024,10,October,Wednesday,18892.18,17947.571
2024-10-23,ORD014909,CUST02159,P005,Office Chair,Furniture,Chennai,Store,Credit Card,1,9883.56,0.0,9883.56,9883.56,0,2298.08,2024,10,October,Wednesday,9883.56,9883.56
2024-10-23,ORD001328,CUST04341,P014,Keyboard,Electronics,Chennai,Store,UPI,1,2722.28,0.1,2722.28,2450.05,0,503.59,2024,10,October,Wednesday,2722.28,2450.052
2024-10-23,ORD018536,CUST02588,P010,Coffee Maker,Home,Pune,Store,Credit Card,1,5906.58,0.2,5906.58,4725.26,0,545.83,2024,10,October,Wednesday,5906.58,4725.264
2024-10-23,ORD031592,CUST04310,P007,Backpack,Accessories,Chennai,Online,Cash,2,2193.36,0.2,4386.72,3509.38,0,665.73,2024,10,October,Wednesday,4386.72,3509.376
2024-10-23,ORD047495,CUST04986,P004,Smartwatch,Electronics,Hyderabad,Online,Debit Card,1,7082.38,0.0,7082.38,7082.38,0,1850.94,2024,10,October,Wednesday,7082.38,7082.38
2024-10-23,ORD006359,CUST01430,P003,Headphones,Electronics,Ahmedabad,Online,UPI,3,4571.81,0.1,13715.43,12343.89,0,1460.26,2024,10,October,Wednesday,13715.43,12343.887
2024-10-23,ORD030734,CUST02729,P010,Coffee Maker,Home,Bengaluru,Online,UPI,1,5809.85,0.25,5809.85,4357.39,0,380.8,2024,10,October,Wednesday,5809.85,4357.387500000001
2024-10-23,ORD004096,CUST00044,P007,Backpack,Accessories,Delhi,Store,Credit Card,1,2297.88,0.1,2297.88,2068.09,0,441.87,2024,10,October,Wednesday,2297.88,2068.092
2024-10-23,ORD048621,CUST03008,P017,Jeans,Fashion,Chennai,Online,Credit Card,1,3006.85,0.1,3006.85,2706.16,0,260.11,2024,10,October,Wednesday,3006.85,2706.165
2024-10-23,ORD003250,CUST04633,P002,Smartphone,Electronics,Pune,Store,Debit Card,4,28443.49,0.05,113773.96,108085.26,0,25457.29,2024,10,October,Wednesday,113773.96,108085.262
2024-10-23,ORD039176,CUST01935,P007,Backpack,Accessories,Surat,Online,Cash,3,2076.68,0.1,6230.04,5607.04,0,1115.86,2024,10,October,Wednesday,6230.039999999999,5607.036
2024-10-23,ORD037219,CUST02667,P008,Running Shoes,Fashion,Bengaluru,Online,Debit Card,1,4517.73,0.05,4517.73,4291.84,0,840.33,2024,10,October,Wednesday,4517.73,4291.843499999999
2024-10-23,ORD012514,CUST03198,P012,Air Fryer,Home,Mumbai,Online,UPI,1,7595.46,0.0,7595.46,7595.46,0,964.41,2024,10,October,Wednesday,7595.46,7595.46
2024-10-23,ORD037764,CUST01047,P017,Jeans,Fashion,Delhi,Online,UPI,4,2844.79,0.05,11379.16,10810.2,0,942.0,2024,10,October,Wednesday,11379.16,10810.202
2024-10-23,ORD036511,CUST02631,P004,Smartwatch,Electronics,Chennai,Online,Credit Card,1,6610.46,0.0,6610.46,6610.46,0,781.11,2024,10,October,Wednesday,6610.46,6610.46
2024-10-23,ORD010350,CUST03169,P014,Keyboard,Electronics,Surat,Online,UPI,1,2599.53,0.15,2599.53,2209.6,0,385.09,2024,10,October,Wednesday,2599.53,2209.6005
2024-10-23,ORD017353,CUST02064,P016,Sofa,Furniture,Mumbai,Online,Credit Card,4,36602.19,0.15,146408.76,124447.45,1,-6222.37,2024,10,October,Wednesday,146408.76,124447.44600000001
2024-10-23,ORD008060,CUST03569,P002,Smartphone,Electronics,Pune,Online,UPI,1,26760.44,0.1,26760.44,24084.4,0,5960.33,2024,10,October,Wednesday,26760.44,24084.396
2024-10-23,ORD038292,CUST01790,P020,Microwave,Home,Hyderabad,Online,Net Banking,2,11908.72,0.05,23817.44,22626.57,0,1758.75,2024,10,October,Wednesday,23817.44,22626.568
2024-10-23,ORD031869,CUST00019,P003,Headphones,Electronics,Jaipur,Online,UPI,1,4092.83,0.15,4092.83,3478.91,0,344.17,2024,10,October,Wednesday,4092.83,3478.9055
2024-10-23,ORD047915,CUST01853,P012,Air Fryer,Home,Hyderabad,Store,Credit Card,1,6948.19,0.0,6948.19,6948.19,0,851.82,2024,10,October,Wednesday,6948.19,6948.19
2024-10-23,ORD010461,CUST03360,P008,Running Shoes,Fashion,Delhi,Online,Debit Card,1,4207.61,0.1,4207.61,3786.85,0,593.1,2024,10,October,Wednesday,4207.61,3786.8489999999997
2024-10-23,ORD029633,CUST04008,P001,Laptop,Electronics,Hyderabad,Online,UPI,1,70080.34,0.05,70080.34,66576.32,0,15419.58,2024,10,October,Wednesday,70080.34,66576.32299999999
2024-10-23,ORD018874,CUST02446,P007,Backpack,Accessories,Delhi,Store,Cash,2,2307.27,0.1,4614.54,4153.09,0,351.26,2024,10,October,Wednesday,4614.54,4153.086
2024-10-23,ORD015929,CUST00175,P005,Office Chair,Furniture,Delhi,Online,Credit Card,1,9703.24,0.1,9703.24,8732.92,0,799.68,2024,10,October,Wednesday,9703.24,8732.916
2024-10-23,ORD030041,CUST00096,P006,Desk,Furniture,Delhi,Store,UPI,1,12173.52,0.05,12173.52,11564.84,0,820.15,2024,10,October,Wednesday,12173.52,11564.844
2024-10-23,ORD002517,CUST02422,P011,Mixer Grinder,Home,Kolkata,Online,UPI,1,4377.24,0.0,4377.24,4377.24,0,508.46,2024,10,October,Wednesday,4377.24,4377.24
2024-10-23,ORD020582,CUST00879,P002,Smartphone,Electronics,Ahmedabad,Store,UPI,3,30480.43,0.05,91441.29,86869.23,0,24048.43,2024,10,October,Wednesday,91441.29000000001,86869.22549999999
2024-10-23,ORD032522,CUST01989,P020,Microwave,Home,Delhi,Online,Net Banking,1,11437.01,0.05,11437.01,10865.16,0,2249.82,2024,10,October,Wednesday,11437.01,10865.1595
2024-10-23,ORD009452,CUST00640,P006,Desk,Furniture,Pune,Online,UPI,1,12627.23,0.0,12627.23,12627.23,0,2849.97,2024,10,October,Wednesday,12627.23,12627.23
2024-10-23,ORD004959,CUST04531,P006,Desk,Furniture,Jaipur,Online,Net Banking,1,12317.48,0.0,12317.48,12317.48,0,3572.01,2024,10,October,Wednesday,12317.48,12317.48
2024-10-23,ORD029802,CUST00538,P008,Running Shoes,Fashion,Ahmedabad,Store,Credit Card,1,4449.13,0.15,4449.13,3781.76,0,538.52,2024,10,October,Wednesday,4449.13,3781.7605
2024-10-23,ORD040390,CUST03518,P014,Keyboard,Electronics,Delhi,Store,Net Banking,1,2459.67,0.1,2459.67,2213.7,0,416.94,2024,10,October,Wednesday,2459.67,2213.703
2024-10-23,ORD036190,CUST01497,P015,Dining Table,Furniture,Jaipur,Store,Credit Card,1,24071.71,0.05,24071.71,22868.12,0,5533.98,2024,10,October,Wednesday,24071.71,22868.124499999998
2024-10-24,ORD032370,CUST04292,P007,Backpack,Accessories,Ahmedabad,Store,Debit Card,1,1998.34,0.2,1998.34,1598.67,0,256.28,2024,10,October,Thursday,1998.34,1598.672
2024-10-24,ORD004981,CUST00714,P016,Sofa,Furniture,Surat,Store,Net Banking,1,37722.18,0.1,37722.18,33949.96,0,5598.18,2024,10,October,Thursday,37722.18,33949.962
2024-10-24,ORD005083,CUST01190,P005,Office Chair,Furniture,Kolkata,Online,Credit Card,1,10154.38,0.2,10154.38,8123.5,0,2021.84,2024,10,October,Thursday,10154.38,8123.504
2024-10-24,ORD006687,CUST00234,P001,Laptop,Electronics,Ahmedabad,Online,Debit Card,1,70701.69,0.2,70701.69,56561.35,0,7941.22,2024,10,October,Thursday,70701.69,56561.352000000006
2024-10-24,ORD011386,CUST02684,P011,Mixer Grinder,Home,Kolkata,Store,Credit Card,2,5020.72,0.2,10041.44,8033.15,1,-401.66,2024,10,October,Thursday,10041.44,8033.152000000001
2024-10-24,ORD049346,CUST00035,P008,Running Shoes,Fashion,Kolkata,Store,Credit Card,3,4251.16,0.1,12753.48,11478.13,0,1081.31,2024,10,October,Thursday,12753.48,11478.132
2024-10-24,ORD022543,CUST04770,P015,Dining Table,Furniture,Ahmedabad,Online,UPI,1,21145.74,0.1,21145.74,19031.17,0,3459.46,2024,10,October,Thursday,21145.74,19031.166
2024-10-24,ORD036298,CUST01737,P015,Dining Table,Furniture,Mumbai,Store,Credit Card,1,19985.9,0.15,19985.9,16988.02,0,862.29,2024,10,October,Thursday,19985.9,16988.015
2024-10-24,ORD032563,CUST03356,P019,Vacuum Cleaner,Home,Pune,Online,UPI,1,8753.93,0.0,8753.93,8753.93,0,1044.7,2024,10,October,Thursday,8753.93,8753.93
2024-10-24,ORD021421,CUST00869,P015,Dining Table,Furniture,Ahmedabad,Online,Credit Card,1,21603.73,0.2,21603.73,17282.98,0,1632.72,2024,10,October,Thursday,21603.73,17282.984
2024-10-24,ORD010892,CUST02831,P018,Jacket,Fashion,Jaipur,Store,UPI,3,4968.26,0.1,14904.78,13414.3,0,934.93,2024,10,October,Thursday,14904.78,13414.302000000001
2024-10-24,ORD037868,CUST01465,P005,Office Chair,Furniture,Mumbai,Store,Debit Card,2,9078.05,0.1,18156.1,16340.49,0,2840.27,2024,10,October,Thursday,18156.1,16340.49
2024-10-24,ORD023152,CUST02060,P001,Laptop,Electronics,Ahmedabad,Store,Credit Card,1,62654.27,0.15,62654.27,53256.13,0,10282.87,2024,10,October,Thursday,62654.27,53256.129499999995
2024-10-24,ORD015072,CUST02496,P014,Keyboard,Electronics,Ahmedabad,Online,UPI,1,2666.43,0.15,2666.43,2266.47,1,-113.32,2024,10,October,Thursday,2666.43,2266.4655
2024-10-24,ORD023126,CUST02726,P013,Monitor,Electronics,Ahmedabad,Online,Cash,4,19062.19,0.1,76248.76,68623.88,0,9291.28,2024,10,October,Thursday,76248.76,68623.88399999999
2024-10-24,ORD038786,CUST00402,P006,Desk,Furniture,Kolkata,Store,UPI,1,11833.09,0.05,11833.09,11241.44,0,2681.04,2024,10,October,Thursday,11833.09,11241.4355
2024-10-24,ORD006039,CUST02620,P006,Desk,Furniture,Kolkata,Store,Cash,1,12384.63,0.1,12384.63,11146.17,0,1455.73,2024,10,October,Thursday,12384.63,11146.167
2024-10-24,ORD033575,CUST01980,P010,Coffee Maker,Home,Delhi,Store,Credit Card,1,5408.0,0.15,5408.0,4596.8,0,942.58,2024,10,October,Thursday,5408.0,4596.8
2024-10-24,ORD021120,CUST01841,P008,Running Shoes,Fashion,Chennai,Online,UPI,1,4513.19,0.15,4513.19,3836.21,0,938.53,2024,10,October,Thursday,4513.19,3836.2114999999994
2024-10-24,ORD034464,CUST04799,P019,Vacuum Cleaner,Home,Ahmedabad,Store,UPI,4,8126.78,0.15,32507.12,27631.05,0,4273.53,2024,10,October,Thursday,32507.12,27631.052
2024-10-24,ORD037240,CUST02140,P005,Office Chair,Furniture,Delhi,Online,Cash,2,9704.89,0.1,19409.78,17468.8,0,3096.78,2024,10,October,Thursday,19409.78,17468.802
2024-10-24,ORD039507,CUST00635,P013,Monitor,Electronics,Hyderabad,Store,UPI,1,18189.73,0.05,18189.73,17280.24,0,4447.8,2024,10,October,Thursday,18189.73,17280.2435
2024-10-24,ORD021168,CUST02363,P009,T-Shirt,Fashion,Hyderabad,Store,Debit Card,1,1188.53,0.0,1188.53,1188.53,0,165.25,2024,10,October,Thursday,1188.53,1188.53
2024-10-24,ORD009493,CUST00506,P004,Smartwatch,Electronics,Jaipur,Online,UPI,3,7187.59,0.05,21562.77,20484.63,0,2736.55,2024,10,October,Thursday,21562.77,20484.6315
2024-10-24,ORD011669,CUST02012,P008,Running Shoes,Fashion,Ahmedabad,Online,Debit Card,1,4165.7,0.1,4165.7,3749.13,0,342.08,2024,10,October,Thursday,4165.7,3749.13
2024-10-24,ORD038620,CUST00570,P017,Jeans,Fashion,Jaipur,Online,Debit Card,1,3040.09,0.15,3040.09,2584.08,0,577.85,2024,10,October,Thursday,3040.09,2584.0765
2024-10-24,ORD034750,CUST02695,P011,Mixer Grinder,Home,Jaipur,Online,Debit Card,2,4747.54,0.0,9495.08,9495.08,0,2719.7,2024,10,October,Thursday,9495.08,9495.08
2024-10-24,ORD014869,CUST02354,P020,Microwave,Home,Mumbai,Store,Debit Card,4,10229.29,0.0,40917.16,40917.16,0,5447.26,2024,10,October,Thursday,40917.16,40917.16
2024-10-24,ORD014936,CUST02993,P012,Air Fryer,Home,Pune,Online,Credit Card,3,7629.75,0.05,22889.25,21744.79,0,1583.87,2024,10,October,Thursday,22889.25,21744.7875
2024-10-24,ORD021861,CUST03600,P006,Desk,Furniture,Hyderabad,Store,UPI,1,12015.72,0.05,12015.72,11414.93,1,-570.75,2024,10,October,Thursday,12015.72,11414.934
2024-10-24,ORD033219,CUST03553,P010,Coffee Maker,Home,Ahmedabad,Online,UPI,1,5970.24,0.1,5970.24,5373.22,0,706.28,2024,10,October,Thursday,5970.24,5373.216
2024-10-24,ORD027506,CUST02101,P018,Jacket,Fashion,Hyderabad,Online,Debit Card,1,4982.6,0.1,4982.6,4484.34,0,330.73,2024,10,October,Thursday,4982.6,4484.34
2024-10-24,ORD037865,CUST02898,P012,Air Fryer,Home,Hyderabad,Online,Debit Card,2,6481.42,0.15,12962.84,11018.41,0,2164.25,2024,10,October,Thursday,12962.84,11018.414
2024-10-24,ORD006535,CUST04476,P020,Microwave,Home,Mumbai,Online,Cash,1,11264.42,0.15,11264.42,9574.76,0,491.29,2024,10,October,Thursday,11264.42,9574.757
2024-10-24,ORD031338,CUST01610,P012,Air Fryer,Home,Chennai,Store,Net Banking,2,7152.36,0.05,14304.72,13589.48,0,1397.38,2024,10,October,Thursday,14304.72,13589.483999999999
2024-10-24,ORD027020,CUST00487,P010,Coffee Maker,Home,Mumbai,Store,UPI,1,5006.13,0.0,5006.13,5006.13,0,1160.3,2024,10,October,Thursday,5006.13,5006.13
2024-10-24,ORD015769,CUST04881,P010,Coffee Maker,Home,Chennai,Store,UPI,1,5100.1,0.15,5100.1,4335.08,0,859.34,2024,10,October,Thursday,5100.1,4335.085
2024-10-24,ORD015342,CUST02798,P017,Jeans,Fashion,Ahmedabad,Online,UPI,1,2701.28,0.0,2701.28,2701.28,0,477.85,2024,10,October,Thursday,2701.28,2701.28
2024-10-24,ORD046488,CUST01123,P009,T-Shirt,Fashion,Jaipur,Online,UPI,1,1231.68,0.1,1231.68,1108.51,0,129.68,2024,10,October,Thursday,1231.68,1108.5120000000002
2024-10-24,ORD008893,CUST02782,P014,Keyboard,Electronics,Delhi,Store,UPI,1,2679.16,0.2,2679.16,2143.33,0,363.42,2024,10,October,Thursday,2679.16,2143.328
2024-10-24,ORD043255,CUST00753,P017,Jeans,Fashion,Delhi,Online,Cash,2,2602.19,0.1,5204.38,4683.94,0,722.98,2024,10,October,Thursday,5204.38,4683.942
2024-10-24,ORD041693,CUST01519,P014,Keyboard,Electronics,Surat,Online,Debit Card,5,2320.29,0.1,11601.45,10441.3,0,2781.6,2024,10,October,Thursday,11601.45,10441.305
2024-10-24,ORD009789,CUST02492,P016,Sofa,Furniture,Kolkata,Store,UPI,5,35194.83,0.05,175974.15,167175.44,1,-8358.77,2024,10,October,Thursday,175974.15000000002,167175.44249999998
2024-10-24,ORD017040,CUST04644,P011,Mixer Grinder,Home,Kolkata,Online,Credit Card,1,4565.18,0.0,4565.18,4565.18,1,-228.26,2024,10,October,Thursday,4565.18,4565.18
2024-10-24,ORD047873,CUST04356,P015,Dining Table,Furniture,Hyderabad,Online,Credit Card,5,23018.63,0.2,115093.15,92074.52,0,3984.67,2024,10,October,Thursday,115093.15000000001,92074.52
2024-10-24,ORD043054,CUST03083,P012,Air Fryer,Home,Delhi,Online,UPI,1,7350.05,0.0,7350.05,7350.05,0,1404.0,2024,10,October,Thursday,7350.05,7350.05
2024-10-24,ORD007978,CUST01988,P008,Running Shoes,Fashion,Kolkata,Online,Credit Card,4,4485.06,0.05,17940.24,17043.23,0,4449.34,2024,10,October,Thursday,17940.24,17043.228
2024-10-24,ORD009394,CUST00271,P012,Air Fryer,Home,Bengaluru,Online,Credit Card,1,6732.72,0.05,6732.72,6396.08,0,1398.58,2024,10,October,Thursday,6732.72,6396.084
2024-10-24,ORD040404,CUST00078,P017,Jeans,Fashion,Hyderabad,Online,Debit Card,2,2687.17,0.05,5374.34,5105.62,0,559.69,2024,10,October,Thursday,5374.34,5105.623
2024-10-24,ORD016491,CUST03059,P016,Sofa,Furniture,Mumbai,Store,Debit Card,1,35579.78,0.1,35579.78,32021.8,0,7249.64,2024,10,October,Thursday,35579.78,32021.802
2024-10-24,ORD004061,CUST04060,P005,Office Chair,Furniture,Ahmedabad,Online,UPI,1,9547.43,0.1,9547.43,8592.69,0,952.69,2024,10,October,Thursday,9547.43,8592.687
2024-10-24,ORD008070,CUST02980,P001,Laptop,Electronics,Hyderabad,Online,UPI,1,70920.12,0.2,70920.12,56736.1,0,14250.78,2024,10,October,Thursday,70920.12,56736.096
2024-10-24,ORD029553,CUST00808,P009,T-Shirt,Fashion,Pune,Online,Debit Card,2,1225.32,0.0,2450.64,2450.64,0,613.37,2024,10,October,Thursday,2450.64,2450.64
2024-10-24,ORD013358,CUST03389,P016,Sofa,Furniture,Bengaluru,Store,Credit Card,1,32057.79,0.15,32057.79,27249.12,0,1984.01,2024,10,October,Thursday,32057.79,27249.1215
2024-10-24,ORD013673,CUST00350,P005,Office Chair,Furniture,Bengaluru,Online,Credit Card,1,9854.57,0.15,9854.57,8376.38,0,1647.44,2024,10,October,Thursday,9854.57,8376.3845
2024-10-24,ORD046467,CUST04169,P010,Coffee Maker,Home,Delhi,Store,UPI,5,5923.34,0.15,29616.7,25174.2,0,3419.38,2024,10,October,Thursday,29616.7,25174.195
2024-10-24,ORD045440,CUST03477,P001,Laptop,Electronics,Delhi,Online,Debit Card,1,60806.26,0.0,60806.26,60806.26,0,9825.95,2024,10,October,Thursday,60806.26,60806.26
2024-10-24,ORD000845,CUST03599,P012,Air Fryer,Home,Surat,Online,Debit Card,5,6994.76,0.25,34973.8,26230.35,0,1750.93,2024,10,October,Thursday,34973.8,26230.350000000002
2024-10-24,ORD003002,CUST04025,P009,T-Shirt,Fashion,Delhi,Online,Net Banking,5,1318.24,0.15,6591.2,5602.52,0,1384.19,2024,10,October,Thursday,6591.2,5602.5199999999995
2024-10-24,ORD018807,CUST01871,P012,Air Fryer,Home,Bengaluru,Online,Cash,2,7139.47,0.1,14278.94,12851.05,0,2617.96,2024,10,October,Thursday,14278.94,12851.046
2024-10-24,ORD019784,CUST01373,P002,Smartphone,Electronics,Jaipur,Store,Debit Card,2,26146.61,0.15,52293.22,44449.24,0,6528.13,2024,10,October,Thursday,52293.22,44449.237
2024-10-24,ORD042804,CUST00014,P010,Coffee Maker,Home,Surat,Online,UPI,1,5428.6,0.0,5428.6,5428.6,0,954.44,2024,10,October,Thursday,5428.6,5428.6
2024-10-24,ORD031957,CUST03294,P013,Monitor,Electronics,Jaipur,Online,Net Banking,1,18452.99,0.0,18452.99,18452.99,0,1512.2,2024,10,October,Thursday,18452.99,18452.99
2024-10-24,ORD046315,CUST02653,P017,Jeans,Fashion,Bengaluru,Store,UPI,1,2704.9,0.15,2704.9,2299.16,0,419.65,2024,10,October,Thursday,2704.9,2299.165
2024-10-24,ORD043491,CUST02032,P005,Office Chair,Furniture,Bengaluru,Online,Credit Card,1,10333.69,0.15,10333.69,8783.64,0,859.61,2024,10,October,Thursday,10333.69,8783.6365
2024-10-24,ORD031187,CUST00388,P001,Laptop,Electronics,Pune,Online,UPI,2,69417.53,0.0,138835.06,138835.06,0,39556.37,2024,10,October,Thursday,138835.06,138835.06
2024-10-24,ORD019807,CUST00452,P012,Air Fryer,Home,Kolkata,Online,Credit Card,1,7739.18,0.2,7739.18,6191.34,0,915.87,2024,10,October,Thursday,7739.18,6191.344000000001
2024-10-24,ORD017731,CUST03825,P011,Mixer Grinder,Home,Hyderabad,Store,Net Banking,4,4560.1,0.1,18240.4,16416.36,0,2294.16,2024,10,October,Thursday,18240.4,16416.36
2024-10-24,ORD019981,CUST01791,P012,Air Fryer,Home,Bengaluru,Store,UPI,1,6770.97,0.05,6770.97,6432.42,0,733.7,2024,10,October,Thursday,6770.97,6432.4215
2024-10-24,ORD048539,CUST03895,P002,Smartphone,Electronics,Chennai,Store,Net Banking,1,25777.22,0.05,25777.22,24488.36,0,4499.58,2024,10,October,Thursday,25777.22,24488.359
2024-10-24,ORD039866,CUST01711,P017,Jeans,Fashion,Surat,Online,Credit Card,1,2618.31,0.0,2618.31,2618.31,0,569.66,2024,10,October,Thursday,2618.31,2618.31
2024-10-24,ORD028838,CUST04029,P012,Air Fryer,Home,Kolkata,Store,Credit Card,1,7672.73,0.15,7672.73,6521.82,0,1091.03,2024,10,October,Thursday,7672.73,6521.8205
2024-10-25,ORD035642,CUST02820,P002,Smartphone,Electronics,Chennai,Online,Cash,4,27674.06,0.1,110696.24,99626.62,0,8740.06,2024,10,October,Friday,110696.24,99626.61600000001
2024-10-25,ORD022911,CUST01644,P017,Jeans,Fashion,Pune,Store,Debit Card,3,2848.96,0.05,8546.88,8119.54,0,2100.16,2024,10,October,Friday,8546.880000000001,8119.535999999999
2024-10-25,ORD007359,CUST03146,P004,Smartwatch,Electronics,Bengaluru,Online,Credit Card,1,6838.75,0.0,6838.75,6838.75,0,884.61,2024,10,October,Friday,6838.75,6838.75
2024-10-25,ORD045271,CUST03827,P017,Jeans,Fashion,Surat,Online,UPI,3,2662.12,0.05,7986.36,7587.04,0,1279.38,2024,10,October,Friday,7986.36,7587.0419999999995
2024-10-25,ORD001458,CUST02249,P009,T-Shirt,Fashion,Chennai,Online,Cash,1,1241.72,0.1,1241.72,1117.55,0,272.82,2024,10,October,Friday,1241.72,1117.548
2024-10-25,ORD037847,CUST04681,P018,Jacket,Fashion,Hyderabad,Store,UPI,2,5091.07,0.0,10182.14,10182.14,0,1175.81,2024,10,October,Friday,10182.14,10182.14
2024-10-25,ORD025954,CUST02091,P003,Headphones,Electronics,Bengaluru,Online,Net Banking,2,4527.27,0.1,9054.54,8149.09,0,1092.91,2024,10,October,Friday,9054.54,8149.086000000001
2024-10-25,ORD013716,CUST04120,P009,T-Shirt,Fashion,Ahmedabad,Store,Credit Card,1,1200.69,0.25,1200.69,900.52,0,42.11,2024,10,October,Friday,1200.69,900.5175
2024-10-25,ORD047717,CUST00793,P002,Smartphone,Electronics,Kolkata,Online,UPI,1,27265.56,0.1,27265.56,24539.0,0,6356.13,2024,10,October,Friday,27265.56,24539.004
2024-10-25,ORD027532,CUST01531,P020,Microwave,Home,Surat,Online,UPI,2,11780.78,0.05,23561.56,22383.48,0,3071.33,2024,10,October,Friday,23561.56,22383.482
2024-10-25,ORD018205,CUST02527,P019,Vacuum Cleaner,Home,Delhi,Store,UPI,3,9267.48,0.2,27802.44,22241.95,0,2959.47,2024,10,October,Friday,27802.44,22241.952
2024-10-25,ORD015162,CUST01541,P014,Keyboard,Electronics,Jaipur,Store,UPI,1,2360.56,0.05,2360.56,2242.53,0,430.46,2024,10,October,Friday,2360.56,2242.5319999999997
2024-10-25,ORD007325,CUST00971,P011,Mixer Grinder,Home,Kolkata,Store,Credit Card,1,5221.05,0.0,5221.05,5221.05,0,1537.13,2024,10,October,Friday,5221.05,5221.05
2024-10-25,ORD028521,CUST03704,P011,Mixer Grinder,Home,Hyderabad,Store,Cash,1,5220.27,0.2,5220.27,4176.22,0,972.6,2024,10,October,Friday,5220.27,4176.216
2024-10-25,ORD027679,CUST04963,P018,Jacket,Fashion,Bengaluru,Online,UPI,5,5320.9,0.2,26604.5,21283.6,0,2762.52,2024,10,October,Friday,26604.5,21283.600000000002
2024-10-25,ORD036736,CUST03760,P016,Sofa,Furniture,Jaipur,Online,UPI,2,35245.56,0.1,70491.12,63442.01,0,15685.79,2024,10,October,Friday,70491.12,63442.007999999994
2024-10-25,ORD033170,CUST01520,P001,Laptop,Electronics,Mumbai,Online,Credit Card,2,59502.06,0.1,119004.12,107103.71,0,8670.75,2024,10,October,Friday,119004.12,107103.708
2024-10-25,ORD005631,CUST02607,P001,Laptop,Electronics,Delhi,Store,Credit Card,4,63240.36,0.15,252961.44,215017.22,0,47597.01,2024,10,October,Friday,252961.44,215017.224
2024-10-25,ORD019924,CUST02480,P002,Smartphone,Electronics,Pune,Store,UPI,1,26314.95,0.1,26314.95,23683.46,0,3285.19,2024,10,October,Friday,26314.95,23683.455
2024-10-25,ORD016887,CUST02505,P009,T-Shirt,Fashion,Delhi,Store,Credit Card,3,1228.71,0.15,3686.13,3133.21,0,304.48,2024,10,October,Friday,3686.13,3133.2105
2024-10-25,ORD037963,CUST04279,P019,Vacuum Cleaner,Home,Delhi,Online,Credit Card,3,9735.17,0.2,29205.51,23364.41,0,4653.7,2024,10,October,Friday,29205.510000000002,23364.408
2024-10-25,ORD048328,CUST03528,P007,Backpack,Accessories,Mumbai,Online,Net Banking,1,2181.71,0.15,2181.71,1854.45,0,402.51,2024,10,October,Friday,2181.71,1854.4535
2024-10-25,ORD033390,CUST04971,P006,Desk,Furniture,Jaipur,Online,Debit Card,2,11476.89,0.05,22953.78,21806.09,0,5651.25,2024,10,October,Friday,22953.78,21806.090999999997
2024-10-25,ORD015565,CUST04166,P014,Keyboard,Electronics,Chennai,Store,Credit Card,1,2441.19,0.0,2441.19,2441.19,0,456.46,2024,10,October,Friday,2441.19,2441.19
2024-10-25,ORD011818,CUST00443,P004,Smartwatch,Electronics,Delhi,Online,UPI,2,7283.08,0.0,14566.16,14566.16,0,2461.23,2024,10,October,Friday,14566.16,14566.16
2024-10-25,ORD020757,CUST01782,P016,Sofa,Furniture,Mumbai,Store,Credit Card,1,32400.82,0.05,32400.82,30780.78,0,7237.22,2024,10,October,Friday,32400.82,30780.779
2024-10-25,ORD007856,CUST00123,P019,Vacuum Cleaner,Home,Chennai,Store,UPI,1,9209.87,0.1,9209.87,8288.88,0,2305.57,2024,10,October,Friday,9209.87,8288.883000000002
2024-10-25,ORD021022,CUST01543,P008,Running Shoes,Fashion,Delhi,Online,Credit Card,1,4603.73,0.05,4603.73,4373.54,0,928.46,2024,10,October,Friday,4603.73,4373.5435
2024-10-25,ORD016776,CUST04460,P019,Vacuum Cleaner,Home,Ahmedabad,Online,UPI,3,8544.63,0.0,25633.89,25633.89,0,3322.76,2024,10,October,Friday,25633.89,25633.89
2024-10-25,ORD033456,CUST00335,P002,Smartphone,Electronics,Jaipur,Store,Net Banking,2,30602.11,0.0,61204.22,61204.22,0,17459.59,2024,10,October,Friday,61204.22,61204.22
2024-10-25,ORD002649,CUST00861,P005,Office Chair,Furniture,Hyderabad,Online,Credit Card,1,9524.34,0.1,9524.34,8571.91,0,1966.64,2024,10,October,Friday,9524.34,8571.906
2024-10-25,ORD003551,CUST03099,P014,Keyboard,Electronics,Kolkata,Store,UPI,1,2306.74,0.2,2306.74,1845.39,0,404.35,2024,10,October,Friday,2306.74,1845.3919999999998
2024-10-25,ORD041620,CUST04523,P015,Dining Table,Furniture,Jaipur,Online,Cash,2,22967.99,0.0,45935.98,45935.98,0,5349.74,2024,10,October,Friday,45935.98,45935.98
2024-10-25,ORD025447,CUST04376,P002,Smartphone,Electronics,Ahmedabad,Online,UPI,1,28572.52,0.0,28572.52,28572.52,0,3966.51,2024,10,October,Friday,28572.52,28572.52
2024-10-25,ORD047299,CUST02677,P019,Vacuum Cleaner,Home,Surat,Store,UPI,2,9019.91,0.1,18039.82,16235.84,0,2908.42,2024,10,October,Friday,18039.82,16235.838
2024-10-25,ORD042895,CUST02676,P007,Backpack,Accessories,Surat,Store,Credit Card,2,2276.45,0.1,4552.9,4097.61,0,572.75,2024,10,October,Friday,4552.9,4097.61
2024-10-25,ORD012975,CUST02094,P011,Mixer Grinder,Home,Pune,Online,UPI,1,4866.38,0.1,4866.38,4379.74,0,277.89,2024,10,October,Friday,4866.38,4379.742
2024-10-25,ORD007075,CUST01588,P011,Mixer Grinder,Home,Delhi,Online,Credit Card,4,4398.11,0.15,17592.44,14953.57,0,1578.67,2024,10,October,Friday,17592.44,14953.573999999999
2024-10-25,ORD041963,CUST00671,P012,Air Fryer,Home,Mumbai,Store,Debit Card,1,6934.01,0.1,6934.01,6240.61,0,626.47,2024,10,October,Friday,6934.01,6240.609
2024-10-25,ORD002307,CUST04435,P008,Running Shoes,Fashion,Delhi,Online,UPI,4,4443.35,0.05,17773.4,16884.73,0,1849.48,2024,10,October,Friday,17773.4,16884.73
2024-10-25,ORD036321,CUST01031,P007,Backpack,Accessories,Pune,Store,UPI,1,2349.52,0.0,2349.52,2349.52,0,552.59,2024,10,October,Friday,2349.52,2349.52
2024-10-25,ORD009346,CUST01393,P015,Dining Table,Furniture,Bengaluru,Online,UPI,1,22912.0,0.05,22912.0,21766.4,0,3911.89,2024,10,October,Friday,22912.0,21766.399999999998
2024-10-25,ORD047784,CUST00100,P005,Office Chair,Furniture,Bengaluru,Store,Credit Card,1,10351.24,0.2,10351.24,8280.99,0,581.87,2024,10,October,Friday,10351.24,8280.992
2024-10-25,ORD041976,CUST00851,P015,Dining Table,Furniture,Bengaluru,Online,Credit Card,1,22242.22,0.1,22242.22,20018.0,1,-1000.9,2024,10,October,Friday,22242.22,20017.998000000003
2024-10-25,ORD035487,CUST00474,P010,Coffee Maker,Home,Mumbai,Store,Debit Card,4,5941.59,0.2,23766.36,19013.09,1,-950.65,2024,10,October,Friday,23766.36,19013.088
2024-10-25,ORD006408,CUST03687,P014,Keyboard,Electronics,Chennai,Online,UPI,2,2378.28,0.1,4756.56,4280.9,0,654.17,2024,10,October,Friday,4756.56,4280.904
2024-10-25,ORD032147,CUST01022,P017,Jeans,Fashion,Bengaluru,Online,Net Banking,2,2985.47,0.0,5970.94,5970.94,0,1452.6,2024,10,October,Friday,5970.94,5970.94
2024-10-25,ORD001223,CUST02082,P012,Air Fryer,Home,Ahmedabad,Store,UPI,1,7045.05,0.05,7045.05,6692.8,0,731.4,2024,10,October,Friday,7045.05,6692.7975
2024-10-25,ORD003361,CUST01046,P016,Sofa,Furniture,Bengaluru,Online,Cash,1,35310.32,0.1,35310.32,31779.29,0,6632.99,2024,10,October,Friday,35310.32,31779.288
2024-10-25,ORD038416,CUST03862,P020,Microwave,Home,Ahmedabad,Online,Credit Card,1,10422.37,0.05,10422.37,9901.25,0,855.45,2024,10,October,Friday,10422.37,9901.2515
2024-10-25,ORD043211,CUST01195,P016,Sofa,Furniture,Bengaluru,Online,UPI,1,35195.31,0.2,35195.31,28156.25,0,1637.39,2024,10,October,Friday,35195.31,28156.248
2024-10-26,ORD048348,CUST03470,P003,Headphones,Electronics,Bengaluru,Online,UPI,1,4291.9,0.1,4291.9,3862.71,0,878.82,2024,10,October,Saturday,4291.9,3862.7099999999996
2024-10-26,ORD010433,CUST03456,P009,T-Shirt,Fashion,Ahmedabad,Online,Credit Card,1,1279.22,0.15,1279.22,1087.34,0,252.53,2024,10,October,Saturday,1279.22,1087.337
2024-10-26,ORD029260,CUST03483,P017,Jeans,Fashion,Surat,Online,Debit Card,1,2790.1,0.0,2790.1,2790.1,0,247.7,2024,10,October,Saturday,2790.1,2790.1
2024-10-26,ORD027397,CUST04073,P002,Smartphone,Electronics,Pune,Online,Credit Card,2,25543.21,0.2,51086.42,40869.14,1,-2043.46,2024,10,October,Saturday,51086.42,40869.136
2024-10-26,ORD025143,CUST01033,P001,Laptop,Electronics,Bengaluru,Store,Credit Card,1,65390.71,0.0,65390.71,65390.71,0,13409.51,2024,10,October,Saturday,65390.71,65390.71
2024-10-26,ORD001628,CUST02017,P013,Monitor,Electronics,Hyderabad,Online,Credit Card,4,19528.18,0.1,78112.72,70301.45,0,5295.1,2024,10,October,Saturday,78112.72,70301.448
2024-10-26,ORD026245,CUST03002,P012,Air Fryer,Home,Ahmedabad,Online,UPI,2,6842.27,0.05,13684.54,13000.31,0,3765.9,2024,10,October,Saturday,13684.54,13000.313
2024-10-26,ORD012365,CUST01969,P009,T-Shirt,Fashion,Ahmedabad,Online,Debit Card,1,1248.65,0.05,1248.65,1186.22,0,183.67,2024,10,October,Saturday,1248.65,1186.2175
2024-10-26,ORD021847,CUST04299,P009,T-Shirt,Fashion,Delhi,Online,UPI,1,1197.68,0.25,1197.68,898.26,0,56.36,2024,10,October,Saturday,1197.68,898.26
2024-10-26,ORD030666,CUST00692,P018,Jacket,Fashion,Jaipur,Online,Net Banking,1,5564.37,0.05,5564.37,5286.15,0,1120.4,2024,10,October,Saturday,5564.37,5286.1515
2024-10-26,ORD022065,CUST00972,P005,Office Chair,Furniture,Mumbai,Online,UPI,2,8909.38,0.05,17818.76,16927.82,0,2579.48,2024,10,October,Saturday,17818.76,16927.821999999996
2024-10-26,ORD042197,CUST03147,P002,Smartphone,Electronics,Mumbai,Store,Cash,1,29414.86,0.1,29414.86,26473.37,1,-1323.67,2024,10,October,Saturday,29414.86,26473.374
2024-10-26,ORD043770,CUST04596,P011,Mixer Grinder,Home,Bengaluru,Online,Credit Card,4,4584.96,0.25,18339.84,13754.88,0,1705.54,2024,10,October,Saturday,18339.84,13754.880000000001
2024-10-26,ORD004980,CUST02270,P010,Coffee Maker,Home,Hyderabad,Store,UPI,1,5331.63,0.0,5331.63,5331.63,0,620.44,2024,10,October,Saturday,5331.63,5331.63
2024-10-26,ORD030550,CUST03027,P001,Laptop,Electronics,Surat,Online,UPI,2,59916.09,0.05,119832.18,113840.57,0,28673.4,2024,10,October,Saturday,119832.18,113840.57099999998
2024-10-26,ORD007401,CUST00217,P013,Monitor,Electronics,Bengaluru,Online,Debit Card,1,17576.37,0.1,17576.37,15818.73,0,1223.44,2024,10,October,Saturday,17576.37,15818.733
2024-10-26,ORD019097,CUST04867,P020,Microwave,Home,Chennai,Online,UPI,2,10328.99,0.05,20657.98,19625.08,0,5143.25,2024,10,October,Saturday,20657.98,19625.081
2024-10-26,ORD046521,CUST03474,P014,Keyboard,Electronics,Kolkata,Online,UPI,1,2324.0,0.05,2324.0,2207.8,0,283.23,2024,10,October,Saturday,2324.0,2207.7999999999997
2024-10-26,ORD022683,CUST02999,P001,Laptop,Electronics,Ahmedabad,Online,UPI,2,70242.88,0.0,140485.76,140485.76,0,31672.9,2024,10,October,Saturday,140485.76,140485.76
2024-10-26,ORD000960,CUST03598,P013,Monitor,Electronics,Surat,Store,Debit Card,1,18842.02,0.0,18842.02,18842.02,0,4115.19,2024,10,October,Saturday,18842.02,18842.02
2024-10-26,ORD013155,CUST00328,P011,Mixer Grinder,Home,Jaipur,Online,Debit Card,2,5015.26,0.1,10030.52,9027.47,0,1897.23,2024,10,October,Saturday,10030.52,9027.468
2024-10-26,ORD034593,CUST00916,P007,Backpack,Accessories,Ahmedabad,Online,UPI,1,2032.55,0.05,2032.55,1930.92,0,200.82,2024,10,October,Saturday,2032.55,1930.9225
2024-10-26,ORD038405,CUST01557,P018,Jacket,Fashion,Ahmedabad,Store,Net Banking,1,5558.51,0.05,5558.51,5280.58,0,1440.27,2024,10,October,Saturday,5558.51,5280.5845
2024-10-26,ORD036933,CUST01731,P007,Backpack,Accessories,Pune,Online,UPI,1,2327.93,0.1,2327.93,2095.14,0,205.7,2024,10,October,Saturday,2327.93,2095.1369999999997
2024-10-26,ORD025975,CUST03937,P003,Headphones,Electronics,Surat,Online,UPI,1,4236.22,0.1,4236.22,3812.6,0,271.76,2024,10,October,Saturday,4236.22,3812.5980000000004
2024-10-26,ORD037920,CUST02716,P006,Desk,Furniture,Hyderabad,Store,UPI,1,12818.47,0.0,12818.47,12818.47,1,-640.92,2024,10,October,Saturday,12818.47,12818.47
2024-10-26,ORD035986,CUST01581,P010,Coffee Maker,Home,Chennai,Online,UPI,1,5289.23,0.1,5289.23,4760.31,0,345.63,2024,10,October,Saturday,5289.23,4760.307
2024-10-26,ORD040441,CUST02711,P020,Microwave,Home,Delhi,Store,Credit Card,1,12090.79,0.1,12090.79,10881.71,0,1125.82,2024,10,October,Saturday,12090.79,10881.711000000001
2024-10-26,ORD022866,CUST03271,P016,Sofa,Furniture,Delhi,Store,Cash,4,37020.51,0.05,148082.04,140677.94,0,21509.03,2024,10,October,Saturday,148082.04,140677.938
2024-10-26,ORD007570,CUST01195,P013,Monitor,Electronics,Delhi,Online,Debit Card,1,19015.78,0.2,19015.78,15212.62,0,2814.87,2024,10,October,Saturday,19015.78,15212.624
2024-10-26,ORD041553,CUST03173,P004,Smartwatch,Electronics,Pune,Online,UPI,1,6522.44,0.1,6522.44,5870.2,0,1176.81,2024,10,October,Saturday,6522.44,5870.196
2024-10-26,ORD020558,CUST04623,P013,Monitor,Electronics,Hyderabad,Online,UPI,1,17836.31,0.05,17836.31,16944.49,0,4610.29,2024,10,October,Saturday,17836.31,16944.4945
2024-10-26,ORD023557,CUST02302,P005,Office Chair,Furniture,Pune,Store,Credit Card,1,10361.13,0.0,10361.13,10361.13,1,-518.06,2024,10,October,Saturday,10361.13,10361.13
2024-10-26,ORD011392,CUST02402,P001,Laptop,Electronics,Delhi,Online,Net Banking,3,61422.91,0.0,184268.73,184268.73,0,23168.6,2024,10,October,Saturday,184268.73,184268.73
2024-10-26,ORD027164,CUST01602,P008,Running Shoes,Fashion,Ahmedabad,Online,UPI,1,4485.9,0.25,4485.9,3364.42,0,806.07,2024,10,October,Saturday,4485.9,3364.4249999999997
2024-10-26,ORD001608,CUST01405,P009,T-Shirt,Fashion,Mumbai,Online,UPI,2,1231.44,0.05,2462.88,2339.74,0,338.63,2024,10,October,Saturday,2462.88,2339.736
2024-10-26,ORD012754,CUST01945,P009,T-Shirt,Fashion,Surat,Store,UPI,1,1231.06,0.05,1231.06,1169.51,1,-58.48,2024,10,October,Saturday,1231.06,1169.5069999999998
2024-10-26,ORD047302,CUST03220,P016,Sofa,Furniture,Pune,Store,Credit Card,1,36070.8,0.0,36070.8,36070.8,0,7191.34,2024,10,October,Saturday,36070.8,36070.8
2024-10-26,ORD024961,CUST02894,P008,Running Shoes,Fashion,Delhi,Online,UPI,1,3788.01,0.05,3788.01,3598.61,1,-179.93,2024,10,October,Saturday,3788.01,3598.6095
2024-10-26,ORD042521,CUST00097,P012,Air Fryer,Home,Hyderabad,Store,Credit Card,2,6974.38,0.1,13948.76,12553.88,0,2723.1,2024,10,October,Saturday,13948.76,12553.884
2024-10-26,ORD013010,CUST00137,P007,Backpack,Accessories,Jaipur,Online,Net Banking,3,2282.96,0.05,6848.88,6506.44,1,-325.32,2024,10,October,Saturday,6848.88,6506.436
2024-10-26,ORD028605,CUST00200,P018,Jacket,Fashion,Kolkata,Online,UPI,2,5334.1,0.25,10668.2,8001.15,0,1812.04,2024,10,October,Saturday,10668.2,8001.150000000001
2024-10-26,ORD029156,CUST00703,P013,Monitor,Electronics,Jaipur,Online,UPI,1,18572.22,0.05,18572.22,17643.61,0,2185.63,2024,10,October,Saturday,18572.22,17643.609
2024-10-26,ORD007115,CUST01239,P001,Laptop,Electronics,Surat,Online,Cash,1,64953.67,0.15,64953.67,55210.62,0,8366.59,2024,10,October,Saturday,64953.67,55210.6195
2024-10-26,ORD030348,CUST02686,P007,Backpack,Accessories,Hyderabad,Online,Credit Card,1,2128.72,0.0,2128.72,2128.72,0,329.53,2024,10,October,Saturday,2128.72,2128.72
2024-10-26,ORD029048,CUST02888,P016,Sofa,Furniture,Chennai,Online,Debit Card,4,31828.76,0.0,127315.04,127315.04,0,18403.57,2024,10,October,Saturday,127315.04,127315.04
2024-10-26,ORD007729,CUST04880,P012,Air Fryer,Home,Delhi,Online,Credit Card,1,7384.82,0.0,7384.82,7384.82,0,1919.64,2024,10,October,Saturday,7384.82,7384.82
2024-10-26,ORD004131,CUST03542,P003,Headphones,Electronics,Hyderabad,Online,Credit Card,1,4092.83,0.15,4092.83,3478.91,0,858.15,2024,10,October,Saturday,4092.83,3478.9055
2024-10-26,ORD034737,CUST00639,P018,Jacket,Fashion,Ahmedabad,Online,UPI,4,4689.16,0.1,18756.64,16880.98,0,1726.39,2024,10,October,Saturday,18756.64,16880.976
2024-10-26,ORD026159,CUST00819,P018,Jacket,Fashion,Bengaluru,Store,Credit Card,5,4907.64,0.1,24538.2,22084.38,0,6038.85,2024,10,October,Saturday,24538.2,22084.38
2024-10-26,ORD032684,CUST00926,P015,Dining Table,Furniture,Mumbai,Online,Net Banking,1,22130.38,0.2,22130.38,17704.3,0,892.69,2024,10,October,Saturday,22130.38,17704.304
2024-10-26,ORD004137,CUST01447,P015,Dining Table,Furniture,Mumbai,Online,Credit Card,2,23681.26,0.15,47362.52,40258.14,0,9954.92,2024,10,October,Saturday,47362.52,40258.142
2024-10-26,ORD023510,CUST04103,P016,Sofa,Furniture,Mumbai,Online,UPI,1,36110.35,0.2,36110.35,28888.28,0,7110.71,2024,10,October,Saturday,36110.35,28888.28
2024-10-26,ORD027485,CUST00466,P004,Smartwatch,Electronics,Kolkata,Store,Cash,2,7664.21,0.1,15328.42,13795.58,0,2595.32,2024,10,October,Saturday,15328.42,13795.578
2024-10-26,ORD009503,CUST00234,P002,Smartphone,Electronics,Chennai,Online,Debit Card,1,28667.43,0.1,28667.43,25800.69,0,6886.16,2024,10,October,Saturday,28667.43,25800.687
2024-10-26,ORD037465,CUST02333,P018,Jacket,Fashion,Mumbai,Online,Credit Card,1,5428.81,0.1,5428.81,4885.93,0,667.06,2024,10,October,Saturday,5428.81,4885.929
2024-10-26,ORD033605,CUST01491,P015,Dining Table,Furniture,Hyderabad,Online,Credit Card,3,20980.66,0.1,62941.98,56647.78,0,11867.97,2024,10,October,Saturday,62941.979999999996,56647.78200000001
2024-10-26,ORD008625,CUST04937,P010,Coffee Maker,Home,Jaipur,Online,Credit Card,1,6008.48,0.2,6008.48,4806.78,0,1022.47,2024,10,October,Saturday,6008.48,4806.784
2024-10-26,ORD037534,CUST03702,P015,Dining Table,Furniture,Chennai,Online,Net Banking,2,23542.85,0.2,47085.7,37668.56,0,4336.05,2024,10,October,Saturday,47085.7,37668.56
2024-10-26,ORD017235,CUST02032,P018,Jacket,Fashion,Bengaluru,Online,Net Banking,2,4768.65,0.0,9537.3,9537.3,0,2663.6,2024,10,October,Saturday,9537.3,9537.3
2024-10-26,ORD010337,CUST01025,P015,Dining Table,Furniture,Bengaluru,Store,UPI,2,19917.97,0.05,39835.94,37844.14,0,6438.68,2024,10,October,Saturday,39835.94,37844.143000000004
2024-10-26,ORD015396,CUST04194,P018,Jacket,Fashion,Surat,Online,UPI,1,5338.58,0.05,5338.58,5071.65,0,1341.96,2024,10,October,Saturday,5338.58,5071.651
2024-10-26,ORD049863,CUST03657,P006,Desk,Furniture,Kolkata,Online,UPI,1,12406.27,0.1,12406.27,11165.64,0,2143.87,2024,10,October,Saturday,12406.27,11165.643
2024-10-26,ORD015535,CUST01902,P005,Office Chair,Furniture,Jaipur,Online,Debit Card,1,10121.17,0.05,10121.17,9615.11,0,1855.66,2024,10,October,Saturday,10121.17,9615.111499999999
2024-10-26,ORD031273,CUST02071,P019,Vacuum Cleaner,Home,Pune,Store,Credit Card,1,8175.21,0.0,8175.21,8175.21,0,948.47,2024,10,October,Saturday,8175.21,8175.21
2024-10-26,ORD025566,CUST00888,P018,Jacket,Fashion,Chennai,Store,UPI,2,5426.31,0.05,10852.62,10309.99,0,2825.28,2024,10,October,Saturday,10852.62,10309.989
2024-10-27,ORD018062,CUST04107,P012,Air Fryer,Home,Hyderabad,Store,UPI,1,7792.92,0.2,7792.92,6234.34,0,801.97,2024,10,October,Sunday,7792.92,6234.336
2024-10-27,ORD024163,CUST02563,P020,Microwave,Home,Delhi,Online,Credit Card,1,11720.07,0.05,11720.07,11134.07,0,1902.86,2024,10,October,Sunday,11720.07,11134.066499999999
2024-10-27,ORD031766,CUST04517,P016,Sofa,Furniture,Surat,Online,UPI,1,33953.18,0.0,33953.18,33953.18,0,7318.14,2024,10,October,Sunday,33953.18,33953.18
2024-10-27,ORD032936,CUST04213,P004,Smartwatch,Electronics,Pune,Online,UPI,1,6778.66,0.25,6778.66,5084.0,0,785.44,2024,10,October,Sunday,6778.66,5083.995
2024-10-27,ORD040622,CUST00515,P001,Laptop,Electronics,Chennai,Online,UPI,1,60063.75,0.1,60063.75,54057.38,0,3664.69,2024,10,October,Sunday,60063.75,54057.375
2024-10-27,ORD019750,CUST00226,P014,Keyboard,Electronics,Ahmedabad,Store,Cash,1,2376.27,0.05,2376.27,2257.46,0,492.59,2024,10,October,Sunday,2376.27,2257.4565
2024-10-27,ORD048373,CUST00843,P008,Running Shoes,Fashion,Mumbai,Online,Credit Card,1,4512.91,0.05,4512.91,4287.26,0,599.01,2024,10,October,Sunday,4512.91,4287.264499999999
2024-10-27,ORD005747,CUST01795,P015,Dining Table,Furniture,Kolkata,Store,Credit Card,3,20098.09,0.1,60294.27,54264.84,0,10326.17,2024,10,October,Sunday,60294.270000000004,54264.843
2024-10-27,ORD044325,CUST04508,P017,Jeans,Fashion,Chennai,Online,UPI,1,2597.34,0.05,2597.34,2467.47,0,601.59,2024,10,October,Sunday,2597.34,2467.473
2024-10-27,ORD008832,CUST00515,P007,Backpack,Accessories,Bengaluru,Store,Net Banking,4,2083.18,0.15,8332.72,7082.81,0,1596.74,2024,10,October,Sunday,8332.72,7082.811999999999
2024-10-27,ORD013399,CUST04064,P016,Sofa,Furniture,Bengaluru,Online,UPI,1,32164.37,0.1,32164.37,28947.93,0,3060.45,2024,10,October,Sunday,32164.37,28947.933
2024-10-27,ORD023601,CUST04553,P020,Microwave,Home,Pune,Store,Credit Card,1,10473.71,0.15,10473.71,8902.65,0,1804.42,2024,10,October,Sunday,10473.71,8902.653499999999
2024-10-27,ORD023486,CUST00754,P015,Dining Table,Furniture,Hyderabad,Online,Debit Card,5,20434.16,0.0,102170.8,102170.8,0,13902.22,2024,10,October,Sunday,102170.8,102170.8
2024-10-27,ORD048719,CUST02359,P014,Keyboard,Electronics,Jaipur,Online,UPI,1,2634.36,0.1,2634.36,2370.92,0,363.04,2024,10,October,Sunday,2634.36,2370.924
2024-10-27,ORD048594,CUST00806,P001,Laptop,Electronics,Jaipur,Store,Credit Card,1,67431.05,0.1,67431.05,60687.95,0,11319.42,2024,10,October,Sunday,67431.05,60687.94500000001
2024-10-27,ORD010249,CUST00485,P009,T-Shirt,Fashion,Delhi,Store,UPI,2,1208.39,0.2,2416.78,1933.42,0,351.87,2024,10,October,Sunday,2416.78,1933.4240000000002
2024-10-27,ORD008215,CUST01216,P011,Mixer Grinder,Home,Jaipur,Online,UPI,3,5072.65,0.2,15217.95,12174.36,0,2009.32,2024,10,October,Sunday,15217.949999999999,12174.36
2024-10-27,ORD002196,CUST01070,P016,Sofa,Furniture,Jaipur,Online,UPI,3,33793.92,0.1,101381.76,91243.58,0,23210.03,2024,10,October,Sunday,101381.76,91243.584
2024-10-27,ORD002551,CUST04405,P009,T-Shirt,Fashion,Bengaluru,Online,UPI,1,1174.65,0.1,1174.65,1057.19,0,261.42,2024,10,October,Sunday,1174.65,1057.1850000000002
2024-10-27,ORD045725,CUST04919,P014,Keyboard,Electronics,Surat,Online,UPI,1,2358.52,0.15,2358.52,2004.74,0,236.58,2024,10,October,Sunday,2358.52,2004.742
2024-10-27,ORD003939,CUST02150,P009,T-Shirt,Fashion,Surat,Online,Net Banking,2,1081.9,0.1,2163.8,1947.42,0,163.58,2024,10,October,Sunday,2163.8,1947.4200000000003
2024-10-27,ORD032841,CUST03000,P014,Keyboard,Electronics,Bengaluru,Store,Net Banking,2,2532.54,0.2,5065.08,4052.06,0,1013.56,2024,10,October,Sunday,5065.08,4052.0640000000003
2024-10-27,ORD024313,CUST03364,P001,Laptop,Electronics,Pune,Store,Credit Card,1,65437.07,0.15,65437.07,55621.51,0,10321.75,2024,10,October,Sunday,65437.07,55621.5095
2024-10-27,ORD008170,CUST04700,P008,Running Shoes,Fashion,Hyderabad,Online,UPI,4,4050.23,0.15,16200.92,13770.78,0,2352.77,2024,10,October,Sunday,16200.92,13770.782
2024-10-27,ORD027613,CUST03173,P003,Headphones,Electronics,Kolkata,Online,Cash,2,4452.16,0.15,8904.32,7568.67,0,1612.61,2024,10,October,Sunday,8904.32,7568.672
2024-10-27,ORD028670,CUST04340,P015,Dining Table,Furniture,Ahmedabad,Online,Credit Card,1,19965.49,0.0,19965.49,19965.49,0,2677.83,2024,10,October,Sunday,19965.49,19965.49
2024-10-27,ORD024256,CUST02836,P003,Headphones,Electronics,Jaipur,Online,Credit Card,4,4836.34,0.15,19345.36,16443.56,0,1116.6,2024,10,October,Sunday,19345.36,16443.556
2024-10-27,ORD041712,CUST00868,P017,Jeans,Fashion,Bengaluru,Online,UPI,4,2524.54,0.0,10098.16,10098.16,0,1239.58,2024,10,October,Sunday,10098.16,10098.16
2024-10-27,ORD006636,CUST00628,P014,Keyboard,Electronics,Pune,Online,Debit Card,1,2563.74,0.05,2563.74,2435.55,0,632.52,2024,10,October,Sunday,2563.74,2435.553
2024-10-27,ORD004392,CUST04427,P010,Coffee Maker,Home,Surat,Online,Net Banking,1,5216.15,0.05,5216.15,4955.34,0,1004.1,2024,10,October,Sunday,5216.15,4955.3425
2024-10-27,ORD032657,CUST04074,P009,T-Shirt,Fashion,Surat,Store,Credit Card,2,1168.58,0.25,2337.16,1752.87,1,-87.64,2024,10,October,Sunday,2337.16,1752.87
2024-10-27,ORD014124,CUST00481,P006,Desk,Furniture,Mumbai,Online,Debit Card,3,12361.78,0.15,37085.34,31522.54,0,5335.7,2024,10,October,Sunday,37085.340000000004,31522.538999999997
2024-10-27,ORD016873,CUST03883,P015,Dining Table,Furniture,Surat,Online,Credit Card,1,20599.27,0.1,20599.27,18539.34,0,4915.6,2024,10,October,Sunday,20599.27,18539.343
2024-10-27,ORD011867,CUST01704,P007,Backpack,Accessories,Kolkata,Online,UPI,2,2160.19,0.25,4320.38,3240.28,0,210.36,2024,10,October,Sunday,4320.38,3240.285
2024-10-27,ORD010395,CUST02319,P001,Laptop,Electronics,Surat,Store,Credit Card,3,68128.35,0.1,204385.05,183946.54,0,23741.19,2024,10,October,Sunday,204385.05000000002,183946.54499999998
2024-10-27,ORD027877,CUST02099,P001,Laptop,Electronics,Delhi,Online,Credit Card,3,63963.85,0.15,191891.55,163107.82,0,33451.03,2024,10,October,Sunday,191891.55,163107.81749999998
2024-10-27,ORD034890,CUST02692,P015,Dining Table,Furniture,Bengaluru,Online,Debit Card,1,20381.19,0.05,20381.19,19362.13,0,2149.29,2024,10,October,Sunday,20381.19,19362.1305
2024-10-27,ORD004947,CUST00136,P003,Headphones,Electronics,Kolkata,Online,Cash,1,4401.63,0.1,4401.63,3961.47,0,257.06,2024,10,October,Sunday,4401.63,3961.467
2024-10-27,ORD020333,CUST04725,P012,Air Fryer,Home,Pune,Store,UPI,3,7193.89,0.05,21581.67,20502.59,0,4443.27,2024,10,October,Sunday,21581.670000000002,20502.586499999998
2024-10-27,ORD024504,CUST04673,P006,Desk,Furniture,Mumbai,Online,UPI,4,11941.96,0.05,47767.84,45379.45,0,4249.06,2024,10,October,Sunday,47767.84,45379.448
2024-10-27,ORD006516,CUST04135,P011,Mixer Grinder,Home,Ahmedabad,Online,Credit Card,1,4363.77,0.05,4363.77,4145.58,0,817.87,2024,10,October,Sunday,4363.77,4145.5815
2024-10-27,ORD042447,CUST00588,P007,Backpack,Accessories,Delhi,Online,UPI,2,2190.91,0.2,4381.82,3505.46,0,282.92,2024,10,October,Sunday,4381.82,3505.456
2024-10-27,ORD019431,CUST04280,P007,Backpack,Accessories,Hyderabad,Online,Debit Card,1,2171.35,0.15,2171.35,1845.65,0,316.56,2024,10,October,Sunday,2171.35,1845.6474999999998
2024-10-27,ORD003920,CUST04261,P020,Microwave,Home,Mumbai,Store,Credit Card,1,10992.15,0.0,10992.15,10992.15,0,1419.17,2024,10,October,Sunday,10992.15,10992.15
2024-10-27,ORD040458,CUST01696,P017,Jeans,Fashion,Mumbai,Online,Cash,4,2570.43,0.2,10281.72,8225.38,1,-411.27,2024,10,October,Sunday,10281.72,8225.376
2024-10-27,ORD004351,CUST04614,P010,Coffee Maker,Home,Hyderabad,Online,UPI,5,5869.55,0.2,29347.75,23478.2,0,2376.05,2024,10,October,Sunday,29347.75,23478.2
2024-10-27,ORD004413,CUST03140,P007,Backpack,Accessories,Surat,Store,UPI,2,2091.83,0.05,4183.66,3974.48,0,491.99,2024,10,October,Sunday,4183.66,3974.477
2024-10-27,ORD019925,CUST01101,P015,Dining Table,Furniture,Hyderabad,Online,Credit Card,1,21214.38,0.1,21214.38,19092.94,0,2190.04,2024,10,October,Sunday,21214.38,19092.942000000003
2024-10-27,ORD027287,CUST04737,P003,Headphones,Electronics,Chennai,Store,Debit Card,1,4179.74,0.05,4179.74,3970.75,0,787.44,2024,10,October,Sunday,4179.74,3970.7529999999997
2024-10-27,ORD046529,CUST00310,P019,Vacuum Cleaner,Home,Surat,Online,Cash,3,8822.31,0.05,26466.93,25143.58,0,5921.79,2024,10,October,Sunday,26466.93,25143.5835
2024-10-27,ORD038215,CUST00273,P015,Dining Table,Furniture,Kolkata,Store,UPI,2,22945.91,0.05,45891.82,43597.23,0,12435.2,2024,10,October,Sunday,45891.82,43597.229
2024-10-27,ORD008981,CUST04994,P004,Smartwatch,Electronics,Mumbai,Online,UPI,1,7267.67,0.05,7267.67,6904.29,0,1079.84,2024,10,October,Sunday,7267.67,6904.2865
2024-10-27,ORD047435,CUST03147,P011,Mixer Grinder,Home,Kolkata,Online,UPI,1,4789.81,0.05,4789.81,4550.32,0,650.1,2024,10,October,Sunday,4789.81,4550.3195000000005
2024-10-27,ORD037542,CUST02454,P015,Dining Table,Furniture,Chennai,Online,Net Banking,1,20477.45,0.1,20477.45,18429.71,0,2925.03,2024,10,October,Sunday,20477.45,18429.705
2024-10-27,ORD020715,CUST03298,P020,Microwave,Home,Ahmedabad,Online,UPI,1,10453.48,0.2,10453.48,8362.78,0,995.63,2024,10,October,Sunday,10453.48,8362.784
2024-10-27,ORD047323,CUST03756,P005,Office Chair,Furniture,Chennai,Store,Cash,1,10255.96,0.15,10255.96,8717.57,0,1079.03,2024,10,October,Sunday,10255.96,8717.565999999999
2024-10-27,ORD025552,CUST04531,P009,T-Shirt,Fashion,Chennai,Online,Credit Card,1,1115.95,0.05,1115.95,1060.15,0,238.45,2024,10,October,Sunday,1115.95,1060.1525
2024-10-27,ORD041555,CUST04105,P011,Mixer Grinder,Home,Jaipur,Online,Credit Card,3,4639.56,0.05,13918.68,13222.75,0,1182.91,2024,10,October,Sunday,13918.68,13222.746
2024-10-27,ORD043618,CUST03288,P004,Smartwatch,Electronics,Hyderabad,Store,UPI,4,6906.01,0.25,27624.04,20718.03,0,3126.19,2024,10,October,Sunday,27624.04,20718.03
2024-10-27,ORD030756,CUST01097,P004,Smartwatch,Electronics,Hyderabad,Store,UPI,2,6983.56,0.0,13967.12,13967.12,0,3720.18,2024,10,October,Sunday,13967.12,13967.12
2024-10-27,ORD005045,CUST00195,P015,Dining Table,Furniture,Surat,Online,Credit Card,3,19992.83,0.05,59978.49,56979.57,0,8569.1,2024,10,October,Sunday,59978.490000000005,56979.5655
2024-10-27,ORD008621,CUST01733,P011,Mixer Grinder,Home,Ahmedabad,Online,UPI,2,4398.12,0.2,8796.24,7036.99,0,1057.88,2024,10,October,Sunday,8796.24,7036.992
2024-10-27,ORD046564,CUST02805,P006,Desk,Furniture,Bengaluru,Store,Cash,2,13178.44,0.05,26356.88,25039.04,0,5596.82,2024,10,October,Sunday,26356.88,25039.036
2024-10-27,ORD023207,CUST03262,P009,T-Shirt,Fashion,Chennai,Online,Credit Card,1,1319.85,0.05,1319.85,1253.86,0,258.33,2024,10,October,Sunday,1319.85,1253.8574999999998
2024-10-27,ORD028121,CUST04131,P016,Sofa,Furniture,Pune,Store,Credit Card,2,36569.83,0.15,73139.66,62168.71,0,8540.21,2024,10,October,Sunday,73139.66,62168.711
2024-10-27,ORD002838,CUST00609,P010,Coffee Maker,Home,Bengaluru,Store,Cash,1,5871.44,0.05,5871.44,5577.87,0,669.41,2024,10,October,Sunday,5871.44,5577.8679999999995
2024-10-27,ORD028240,CUST00231,P001,Laptop,Electronics,Hyderabad,Online,Cash,3,67339.19,0.25,202017.57,151513.18,0,30269.29,2024,10,October,Sunday,202017.57,151513.1775
2024-10-27,ORD036733,CUST04517,P007,Backpack,Accessories,Chennai,Online,Debit Card,4,2329.46,0.25,9317.84,6988.38,0,1002.07,2024,10,October,Sunday,9317.84,6988.38
2024-10-27,ORD025460,CUST01647,P002,Smartphone,Electronics,Jaipur,Online,Debit Card,3,27090.98,0.05,81272.94,77209.29,0,22184.21,2024,10,October,Sunday,81272.94,77209.293
2024-10-28,ORD027866,CUST02338,P017,Jeans,Fashion,Bengaluru,Online,Net Banking,3,2620.38,0.05,7861.14,7468.08,0,1238.77,2024,10,October,Monday,7861.14,7468.083
2024-10-28,ORD017327,CUST02962,P010,Coffee Maker,Home,Chennai,Store,Cash,3,5211.39,0.05,15634.17,14852.46,0,3950.62,2024,10,October,Monday,15634.170000000002,14852.4615
2024-10-28,ORD027839,CUST00209,P008,Running Shoes,Fashion,Mumbai,Online,Net Banking,2,4168.79,0.1,8337.58,7503.82,0,637.78,2024,10,October,Monday,8337.58,7503.822
2024-10-28,ORD044946,CUST02355,P018,Jacket,Fashion,Delhi,Online,Credit Card,2,5360.62,0.1,10721.24,9649.12,0,1807.41,2024,10,October,Monday,10721.24,9649.116
2024-10-28,ORD013506,CUST03560,P014,Keyboard,Electronics,Chennai,Store,UPI,2,2534.45,0.05,5068.9,4815.45,0,594.45,2024,10,October,Monday,5068.9,4815.454999999999
2024-10-28,ORD003829,CUST01797,P020,Microwave,Home,Jaipur,Online,UPI,1,11334.16,0.1,11334.16,10200.74,0,1188.39,2024,10,October,Monday,11334.16,10200.744
2024-10-28,ORD015138,CUST04013,P002,Smartphone,Electronics,Kolkata,Online,Cash,1,27712.38,0.1,27712.38,24941.14,0,6509.11,2024,10,October,Monday,27712.38,24941.142
2024-10-28,ORD036414,CUST02285,P006,Desk,Furniture,Surat,Online,Debit Card,1,12996.13,0.1,12996.13,11696.52,0,1681.91,2024,10,October,Monday,12996.13,11696.517
2024-10-28,ORD031025,CUST00333,P010,Coffee Maker,Home,Kolkata,Store,UPI,3,5344.62,0.1,16033.86,14430.47,1,-721.52,2024,10,October,Monday,16033.86,14430.474
2024-10-28,ORD011005,CUST00208,P003,Headphones,Electronics,Chennai,Store,UPI,2,4888.48,0.05,9776.96,9288.11,0,2105.09,2024,10,October,Monday,9776.96,9288.112
2024-10-28,ORD021365,CUST02524,P005,Office Chair,Furniture,Mumbai,Store,UPI,1,10090.4,0.15,10090.4,8576.84,0,2128.8,2024,10,October,Monday,10090.4,8576.84
2024-10-28,ORD047760,CUST02226,P008,Running Shoes,Fashion,Jaipur,Online,UPI,1,4364.41,0.1,4364.41,3927.97,0,240.07,2024,10,October,Monday,4364.41,3927.969
2024-10-28,ORD014158,CUST03531,P016,Sofa,Furniture,Pune,Online,UPI,4,36456.39,0.15,145825.56,123951.73,0,23063.14,2024,10,October,Monday,145825.56,123951.726
2024-10-28,ORD041680,CUST00919,P005,Office Chair,Furniture,Jaipur,Store,Debit Card,1,8618.93,0.0,8618.93,8618.93,0,1516.73,2024,10,October,Monday,8618.93,8618.93
2024-10-28,ORD041691,CUST04017,P016,Sofa,Furniture,Mumbai,Online,UPI,1,38213.07,0.05,38213.07,36302.42,0,3545.83,2024,10,October,Monday,38213.07,36302.4165
2024-10-28,ORD025733,CUST00898,P002,Smartphone,Electronics,Pune,Online,Credit Card,3,29184.76,0.1,87554.28,78798.85,0,14983.26,2024,10,October,Monday,87554.28,78798.852
2024-10-28,ORD045787,CUST03816,P018,Jacket,Fashion,Chennai,Online,Credit Card,1,4957.8,0.1,4957.8,4462.02,1,-223.1,2024,10,October,Monday,4957.8,4462.02
2024-10-28,ORD016474,CUST03811,P012,Air Fryer,Home,Surat,Store,Debit Card,1,7251.29,0.25,7251.29,5438.47,0,582.25,2024,10,October,Monday,7251.29,5438.4675
2024-10-28,ORD036237,CUST00604,P015,Dining Table,Furniture,Delhi,Online,Cash,2,23240.08,0.05,46480.16,44156.15,0,5104.2,2024,10,October,Monday,46480.16,44156.152
2024-10-28,ORD019455,CUST02588,P014,Keyboard,Electronics,Surat,Online,Credit Card,1,2507.14,0.1,2507.14,2256.43,0,305.57,2024,10,October,Monday,2507.14,2256.426
2024-10-28,ORD036217,CUST01549,P007,Backpack,Accessories,Chennai,Online,UPI,5,2369.61,0.2,11848.05,9478.44,0,556.79,2024,10,October,Monday,11848.050000000001,9478.44
2024-10-28,ORD006995,CUST02697,P007,Backpack,Accessories,Ahmedabad,Store,Debit Card,1,2115.61,0.05,2115.61,2009.83,0,312.86,2024,10,October,Monday,2115.61,2009.8295
2024-10-28,ORD019427,CUST03720,P020,Microwave,Home,Ahmedabad,Online,UPI,1,11125.74,0.05,11125.74,10569.45,0,744.98,2024,10,October,Monday,11125.74,10569.453
2024-10-28,ORD033734,CUST04739,P010,Coffee Maker,Home,Delhi,Store,Debit Card,4,5196.27,0.1,20785.08,18706.57,0,1355.21,2024,10,October,Monday,20785.08,18706.572000000004
2024-10-28,ORD017309,CUST02684,P013,Monitor,Electronics,Chennai,Online,Credit Card,1,16274.4,0.1,16274.4,14646.96,0,2056.22,2024,10,October,Monday,16274.4,14646.96
2024-10-28,ORD041567,CUST04555,P012,Air Fryer,Home,Surat,Online,Cash,1,7792.28,0.05,7792.28,7402.67,0,620.36,2024,10,October,Monday,7792.28,7402.665999999999
2024-10-28,ORD049977,CUST04821,P008,Running Shoes,Fashion,Bengaluru,Online,Debit Card,5,4524.32,0.0,22621.6,22621.6,0,6480.77,2024,10,October,Monday,22621.6,22621.6
2024-10-28,ORD045477,CUST04300,P003,Headphones,Electronics,Ahmedabad,Online,Credit Card,1,4243.8,0.05,4243.8,4031.61,1,-201.58,2024,10,October,Monday,4243.8,4031.61
2024-10-28,ORD039082,CUST02512,P016,Sofa,Furniture,Chennai,Online,Net Banking,1,32928.16,0.05,32928.16,31281.75,0,8704.85,2024,10,October,Monday,32928.16,31281.752
2024-10-28,ORD026702,CUST04570,P013,Monitor,Electronics,Chennai,Online,Net Banking,1,19540.15,0.1,19540.15,17586.14,0,2735.73,2024,10,October,Monday,19540.15,17586.135000000002
2024-10-28,ORD044332,CUST03198,P020,Microwave,Home,Chennai,Store,UPI,3,11784.8,0.25,35354.4,26515.8,0,6231.68,2024,10,October,Monday,35354.399999999994,26515.800000000003
2024-10-28,ORD034561,CUST00369,P015,Dining Table,Furniture,Bengaluru,Online,Credit Card,1,22563.49,0.05,22563.49,21435.32,0,4994.06,2024,10,October,Monday,22563.49,21435.3155
2024-10-28,ORD042019,CUST00727,P003,Headphones,Electronics,Mumbai,Store,Cash,1,4451.76,0.15,4451.76,3784.0,0,822.19,2024,10,October,Monday,4451.76,3783.996
2024-10-28,ORD036519,CUST04531,P003,Headphones,Electronics,Delhi,Online,Cash,4,4145.26,0.1,16581.04,14922.94,0,2246.41,2024,10,October,Monday,16581.04,14922.936000000002
2024-10-28,ORD041415,CUST03388,P009,T-Shirt,Fashion,Pune,Store,UPI,2,1269.64,0.1,2539.28,2285.35,0,238.97,2024,10,October,Monday,2539.28,2285.3520000000003
2024-10-28,ORD038567,CUST01228,P018,Jacket,Fashion,Surat,Store,Credit Card,1,5241.6,0.1,5241.6,4717.44,0,1146.63,2024,10,October,Monday,5241.6,4717.4400000000005
2024-10-28,ORD009302,CUST04325,P010,Coffee Maker,Home,Bengaluru,Store,UPI,1,5788.98,0.15,5788.98,4920.63,0,589.3,2024,10,October,Monday,5788.98,4920.633
2024-10-28,ORD024214,CUST03836,P014,Keyboard,Electronics,Delhi,Online,UPI,1,2373.03,0.05,2373.03,2254.38,0,520.72,2024,10,October,Monday,2373.03,2254.3785000000003
2024-10-28,ORD004660,CUST04850,P007,Backpack,Accessories,Kolkata,Online,Debit Card,1,2212.56,0.15,2212.56,1880.68,0,382.65,2024,10,October,Monday,2212.56,1880.676
2024-10-28,ORD027254,CUST01881,P003,Headphones,Electronics,Ahmedabad,Online,Credit Card,1,4725.37,0.1,4725.37,4252.83,0,781.56,2024,10,October,Monday,4725.37,4252.833
2024-10-28,ORD018988,CUST04454,P006,Desk,Furniture,Delhi,Store,Credit Card,2,11768.64,0.0,23537.28,23537.28,0,5425.97,2024,10,October,Monday,23537.28,23537.28
2024-10-28,ORD019646,CUST03354,P010,Coffee Maker,Home,Ahmedabad,Store,UPI,1,5145.9,0.1,5145.9,4631.31,0,301.11,2024,10,October,Monday,5145.9,4631.3099999999995
2024-10-28,ORD022643,CUST02342,P017,Jeans,Fashion,Delhi,Store,Debit Card,1,2646.68,0.15,2646.68,2249.68,0,564.08,2024,10,October,Monday,2646.68,2249.678
2024-10-28,ORD018534,CUST03528,P013,Monitor,Electronics,Ahmedabad,Store,UPI,2,17359.95,0.0,34719.9,34719.9,0,6889.41,2024,10,October,Monday,34719.9,34719.9
2024-10-28,ORD036732,CUST04602,P014,Keyboard,Electronics,Pune,Store,UPI,2,2701.06,0.05,5402.12,5132.01,0,1283.84,2024,10,October,Monday,5402.12,5132.013999999999
2024-10-28,ORD040086,CUST00540,P014,Keyboard,Electronics,Bengaluru,Online,Debit Card,1,2313.0,0.05,2313.0,2197.35,0,583.92,2024,10,October,Monday,2313.0,2197.35
2024-10-28,ORD021967,CUST04199,P020,Microwave,Home,Kolkata,Online,Credit Card,1,10887.58,0.15,10887.58,9254.44,0,1727.05,2024,10,October,Monday,10887.58,9254.443
2024-10-28,ORD040275,CUST01489,P003,Headphones,Electronics,Mumbai,Online,Net Banking,2,4736.16,0.15,9472.32,8051.47,0,2133.83,2024,10,October,Monday,9472.32,8051.472
2024-10-28,ORD014031,CUST04747,P001,Laptop,Electronics,Pune,Store,Credit Card,1,69440.57,0.0,69440.57,69440.57,0,15184.1,2024,10,October,Monday,69440.57,69440.57
2024-10-28,ORD022246,CUST01575,P015,Dining Table,Furniture,Mumbai,Store,Net Banking,1,20080.75,0.0,20080.75,20080.75,0,2268.3,2024,10,October,Monday,20080.75,20080.75
2024-10-28,ORD025570,CUST01824,P010,Coffee Maker,Home,Bengaluru,Store,Credit Card,2,5252.87,0.15,10505.74,8929.88,0,1780.54,2024,10,October,Monday,10505.74,8929.878999999999
2024-10-28,ORD043281,CUST04801,P003,Headphones,Electronics,Mumbai,Online,Credit Card,4,4504.54,0.0,18018.16,18018.16,0,5328.93,2024,10,October,Monday,18018.16,18018.16
2024-10-28,ORD015748,CUST03766,P010,Coffee Maker,Home,Delhi,Online,UPI,1,5992.8,0.1,5992.8,5393.52,1,-269.68,2024,10,October,Monday,5992.8,5393.52
2024-10-28,ORD030607,CUST00045,P007,Backpack,Accessories,Mumbai,Online,UPI,1,2101.46,0.1,2101.46,1891.31,0,252.32,2024,10,October,Monday,2101.46,1891.314
2024-10-28,ORD027894,CUST03027,P002,Smartphone,Electronics,Surat,Online,UPI,1,25405.59,0.1,25405.59,22865.03,0,6079.51,2024,10,October,Monday,25405.59,22865.031
2024-10-28,ORD034656,CUST03105,P008,Running Shoes,Fashion,Pune,Online,Credit Card,1,3897.44,0.05,3897.44,3702.57,0,780.49,2024,10,October,Monday,3897.44,3702.5679999999998
2024-10-28,ORD007564,CUST00057,P009,T-Shirt,Fashion,Mumbai,Store,Credit Card,1,1226.49,0.1,1226.49,1103.84,0,216.02,2024,10,October,Monday,1226.49,1103.8410000000001
2024-10-28,ORD047303,CUST04581,P019,Vacuum Cleaner,Home,Hyderabad,Store,Credit Card,3,9020.35,0.1,27061.05,24354.95,0,2120.43,2024,10,October,Monday,27061.050000000003,24354.945
2024-10-28,ORD005147,CUST04820,P003,Headphones,Electronics,Kolkata,Online,UPI,1,4474.94,0.0,4474.94,4474.94,0,688.99,2024,10,October,Monday,4474.94,4474.94
2024-10-28,ORD008548,CUST02923,P009,T-Shirt,Fashion,Kolkata,Online,Credit Card,2,1154.92,0.15,2309.84,1963.36,0,233.35,2024,10,October,Monday,2309.84,1963.364
2024-10-28,ORD001382,CUST03178,P010,Coffee Maker,Home,Bengaluru,Online,UPI,1,5411.28,0.05,5411.28,5140.72,0,1336.26,2024,10,October,Monday,5411.28,5140.715999999999
2024-10-29,ORD044301,CUST01598,P008,Running Shoes,Fashion,Hyderabad,Online,Credit Card,1,4343.89,0.1,4343.89,3909.5,0,395.03,2024,10,October,Tuesday,4343.89,3909.501
2024-10-29,ORD015917,CUST00742,P005,Office Chair,Furniture,Surat,Store,Credit Card,1,9630.45,0.15,9630.45,8185.88,0,733.02,2024,10,October,Tuesday,9630.45,8185.882500000001
2024-10-29,ORD020899,CUST01027,P002,Smartphone,Electronics,Hyderabad,Store,UPI,1,25614.32,0.15,25614.32,21772.17,0,4506.96,2024,10,October,Tuesday,25614.32,21772.172
2024-10-29,ORD039034,CUST04351,P005,Office Chair,Furniture,Surat,Store,Debit Card,3,9594.48,0.0,28783.44,28783.44,0,6579.6,2024,10,October,Tuesday,28783.44,28783.44
2024-10-29,ORD002695,CUST00930,P012,Air Fryer,Home,Hyderabad,Store,Credit Card,2,7710.14,0.1,15420.28,13878.25,0,1163.72,2024,10,October,Tuesday,15420.28,13878.252
2024-10-29,ORD042316,CUST02454,P007,Backpack,Accessories,Mumbai,Store,UPI,1,2372.53,0.1,2372.53,2135.28,0,190.24,2024,10,October,Tuesday,2372.53,2135.277
2024-10-29,ORD016170,CUST01082,P009,T-Shirt,Fashion,Pune,Online,Cash,5,1165.39,0.2,5826.95,4661.56,0,419.18,2024,10,October,Tuesday,5826.950000000001,4661.56
2024-10-29,ORD014422,CUST00719,P005,Office Chair,Furniture,Bengaluru,Online,UPI,1,8852.99,0.1,8852.99,7967.69,0,1305.48,2024,10,October,Tuesday,8852.99,7967.691
2024-10-29,ORD032731,CUST00846,P006,Desk,Furniture,Jaipur,Online,Debit Card,2,12741.47,0.05,25482.94,24208.79,0,2738.81,2024,10,October,Tuesday,25482.94,24208.792999999998
2024-10-29,ORD041929,CUST01401,P012,Air Fryer,Home,Delhi,Store,UPI,2,6890.48,0.05,13780.96,13091.91,0,938.12,2024,10,October,Tuesday,13780.96,13091.911999999998
2024-10-29,ORD011795,CUST02673,P005,Office Chair,Furniture,Jaipur,Online,UPI,1,8878.61,0.15,8878.61,7546.82,0,1497.39,2024,10,October,Tuesday,8878.61,7546.8185
2024-10-29,ORD045004,CUST04534,P006,Desk,Furniture,Ahmedabad,Online,Debit Card,1,12236.78,0.05,12236.78,11624.94,0,1623.62,2024,10,October,Tuesday,12236.78,11624.941
2024-10-29,ORD005161,CUST04574,P015,Dining Table,Furniture,Kolkata,Store,Net Banking,1,23922.95,0.05,23922.95,22726.8,0,6238.18,2024,10,October,Tuesday,23922.95,22726.802499999998
2024-10-29,ORD006907,CUST04521,P007,Backpack,Accessories,Ahmedabad,Store,Debit Card,4,2346.72,0.0,9386.88,9386.88,0,2703.54,2024,10,October,Tuesday,9386.88,9386.88
2024-10-29,ORD007118,CUST04269,P007,Backpack,Accessories,Jaipur,Online,UPI,1,2058.97,0.05,2058.97,1956.02,0,199.32,2024,10,October,Tuesday,2058.97,1956.0214999999996
2024-10-29,ORD016814,CUST03109,P008,Running Shoes,Fashion,Kolkata,Online,Cash,2,4415.33,0.1,8830.66,7947.59,0,1181.82,2024,10,October,Tuesday,8830.66,7947.594
2024-10-29,ORD014831,CUST00091,P004,Smartwatch,Electronics,Mumbai,Online,Net Banking,4,6647.68,0.1,26590.72,23931.65,0,6629.88,2024,10,October,Tuesday,26590.72,23931.648
2024-10-29,ORD019747,CUST00483,P018,Jacket,Fashion,Kolkata,Online,UPI,4,5364.59,0.2,21458.36,17166.69,0,1719.42,2024,10,October,Tuesday,21458.36,17166.688000000002
2024-10-29,ORD005478,CUST04583,P011,Mixer Grinder,Home,Mumbai,Online,Credit Card,1,5258.39,0.05,5258.39,4995.47,0,933.45,2024,10,October,Tuesday,5258.39,4995.4705
2024-10-29,ORD017980,CUST04295,P019,Vacuum Cleaner,Home,Surat,Online,Cash,1,8616.05,0.2,8616.05,6892.84,0,1062.72,2024,10,October,Tuesday,8616.05,6892.84
2024-10-29,ORD046702,CUST03234,P019,Vacuum Cleaner,Home,Mumbai,Online,Debit Card,2,8601.39,0.0,17202.78,17202.78,0,4352.97,2024,10,October,Tuesday,17202.78,17202.78
2024-10-29,ORD040284,CUST03305,P011,Mixer Grinder,Home,Surat,Online,UPI,1,4581.03,0.0,4581.03,4581.03,0,1241.66,2024,10,October,Tuesday,4581.03,4581.03
2024-10-29,ORD026537,CUST01648,P013,Monitor,Electronics,Bengaluru,Online,Credit Card,2,17252.12,0.0,34504.24,34504.24,0,7088.48,2024,10,October,Tuesday,34504.24,34504.24
2024-10-29,ORD021660,CUST04317,P014,Keyboard,Electronics,Mumbai,Store,Credit Card,4,2323.27,0.05,9293.08,8828.43,0,2417.39,2024,10,October,Tuesday,9293.08,8828.426
2024-10-29,ORD021130,CUST00701,P004,Smartwatch,Electronics,Chennai,Online,Credit Card,1,7631.3,0.0,7631.3,7631.3,0,1245.03,2024,10,October,Tuesday,7631.3,7631.3
2024-10-29,ORD001208,CUST01841,P010,Coffee Maker,Home,Kolkata,Online,UPI,1,5441.13,0.15,5441.13,4624.96,0,402.8,2024,10,October,Tuesday,5441.13,4624.9605
2024-10-29,ORD032849,CUST03768,P008,Running Shoes,Fashion,Pune,Online,Credit Card,4,4360.33,0.05,17441.32,16569.25,0,3712.56,2024,10,October,Tuesday,17441.32,16569.253999999997
2024-10-29,ORD009053,CUST01169,P003,Headphones,Electronics,Hyderabad,Store,Net Banking,2,4828.66,0.05,9657.32,9174.45,0,2094.67,2024,10,October,Tuesday,9657.32,9174.454
2024-10-29,ORD014178,CUST00517,P015,Dining Table,Furniture,Ahmedabad,Online,UPI,1,23302.31,0.0,23302.31,23302.31,0,2180.43,2024,10,October,Tuesday,23302.31,23302.31
2024-10-29,ORD023928,CUST02943,P017,Jeans,Fashion,Surat,Store,UPI,2,2746.41,0.0,5492.82,5492.82,0,496.56,2024,10,October,Tuesday,5492.82,5492.82
2024-10-29,ORD005149,CUST03364,P010,Coffee Maker,Home,Mumbai,Online,Debit Card,1,5126.58,0.05,5126.58,4870.25,0,766.93,2024,10,October,Tuesday,5126.58,4870.250999999999
2024-10-29,ORD023625,CUST04213,P002,Smartphone,Electronics,Surat,Online,Cash,1,30220.51,0.0,30220.51,30220.51,0,8473.21,2024,10,October,Tuesday,30220.51,30220.51
2024-10-29,ORD011587,CUST04483,P014,Keyboard,Electronics,Bengaluru,Store,UPI,1,2698.04,0.1,2698.04,2428.24,0,295.22,2024,10,October,Tuesday,2698.04,2428.236
2024-10-29,ORD034255,CUST03846,P009,T-Shirt,Fashion,Surat,Online,Credit Card,1,1304.24,0.0,1304.24,1304.24,1,-65.21,2024,10,October,Tuesday,1304.24,1304.24
2024-10-29,ORD017570,CUST01748,P017,Jeans,Fashion,Ahmedabad,Online,UPI,1,2693.92,0.05,2693.92,2559.22,1,-127.96,2024,10,October,Tuesday,2693.92,2559.224
2024-10-29,ORD038938,CUST00579,P014,Keyboard,Electronics,Delhi,Store,UPI,1,2435.87,0.05,2435.87,2314.08,0,523.01,2024,10,October,Tuesday,2435.87,2314.0764999999997
2024-10-29,ORD017572,CUST03446,P014,Keyboard,Electronics,Bengaluru,Store,Debit Card,1,2465.0,0.0,2465.0,2465.0,0,244.81,2024,10,October,Tuesday,2465.0,2465.0
2024-10-29,ORD027354,CUST00804,P001,Laptop,Electronics,Chennai,Online,UPI,1,62369.9,0.05,62369.9,59251.4,0,8948.71,2024,10,October,Tuesday,62369.9,59251.405
2024-10-29,ORD019624,CUST03441,P007,Backpack,Accessories,Jaipur,Store,Debit Card,1,2148.08,0.2,2148.08,1718.46,0,132.62,2024,10,October,Tuesday,2148.08,1718.464
2024-10-29,ORD046110,CUST01823,P012,Air Fryer,Home,Hyderabad,Online,UPI,1,6864.96,0.2,6864.96,5491.97,0,903.63,2024,10,October,Tuesday,6864.96,5491.968000000001
2024-10-29,ORD035175,CUST01660,P008,Running Shoes,Fashion,Bengaluru,Online,UPI,1,4003.38,0.15,4003.38,3402.87,0,669.33,2024,10,October,Tuesday,4003.38,3402.873
2024-10-29,ORD030653,CUST02079,P007,Backpack,Accessories,Chennai,Online,Cash,1,1990.05,0.0,1990.05,1990.05,0,318.09,2024,10,October,Tuesday,1990.05,1990.05
2024-10-29,ORD017205,CUST03020,P019,Vacuum Cleaner,Home,Ahmedabad,Online,Debit Card,1,8321.53,0.05,8321.53,7905.45,0,1340.24,2024,10,October,Tuesday,8321.53,7905.4535000000005
2024-10-29,ORD046118,CUST03766,P003,Headphones,Electronics,Bengaluru,Store,UPI,1,4322.76,0.2,4322.76,3458.21,0,369.57,2024,10,October,Tuesday,4322.76,3458.2080000000005
2024-10-29,ORD038698,CUST01739,P018,Jacket,Fashion,Chennai,Online,Credit Card,3,5498.31,0.0,16494.93,16494.93,0,4682.99,2024,10,October,Tuesday,16494.93,16494.93
2024-10-29,ORD019668,CUST03299,P014,Keyboard,Electronics,Kolkata,Store,Credit Card,1,2453.0,0.15,2453.0,2085.05,0,187.29,2024,10,October,Tuesday,2453.0,2085.0499999999997
2024-10-29,ORD037820,CUST03749,P020,Microwave,Home,Pune,Store,UPI,3,11230.59,0.15,33691.77,28638.0,0,2868.91,2024,10,October,Tuesday,33691.770000000004,28638.004499999995
2024-10-29,ORD019904,CUST01065,P009,T-Shirt,Fashion,Surat,Store,Credit Card,1,1165.05,0.05,1165.05,1106.8,0,219.82,2024,10,October,Tuesday,1165.05,1106.7975
2024-10-29,ORD032707,CUST01993,P015,Dining Table,Furniture,Kolkata,Store,Credit Card,1,24101.24,0.0,24101.24,24101.24,0,2094.45,2024,10,October,Tuesday,24101.24,24101.24
2024-10-29,ORD011643,CUST00851,P003,Headphones,Electronics,Surat,Online,Debit Card,1,4828.28,0.1,4828.28,4345.45,0,826.0,2024,10,October,Tuesday,4828.28,4345.452
2024-10-29,ORD040697,CUST04529,P001,Laptop,Electronics,Ahmedabad,Store,Net Banking,4,70005.54,0.0,280022.16,280022.16,0,39931.27,2024,10,October,Tuesday,280022.16,280022.16
2024-10-29,ORD031605,CUST01695,P012,Air Fryer,Home,Hyderabad,Store,UPI,3,7004.43,0.15,21013.29,17861.3,0,4793.78,2024,10,October,Tuesday,21013.29,17861.2965
2024-10-29,ORD026456,CUST03516,P003,Headphones,Electronics,Kolkata,Online,Net Banking,1,4921.63,0.0,4921.63,4921.63,0,1052.31,2024,10,October,Tuesday,4921.63,4921.63
2024-10-29,ORD010407,CUST03354,P015,Dining Table,Furniture,Surat,Online,Net Banking,1,23101.64,0.1,23101.64,20791.48,0,5451.8,2024,10,October,Tuesday,23101.64,20791.476
2024-10-29,ORD017319,CUST02177,P014,Keyboard,Electronics,Pune,Store,Credit Card,1,2550.01,0.15,2550.01,2167.51,0,196.85,2024,10,October,Tuesday,2550.01,2167.5085
2024-10-29,ORD024643,CUST02682,P003,Headphones,Electronics,Ahmedabad,Online,UPI,1,4663.09,0.0,4663.09,4663.09,0,771.22,2024,10,October,Tuesday,4663.09,4663.09
2024-10-29,ORD040893,CUST01538,P011,Mixer Grinder,Home,Mumbai,Store,UPI,1,5013.5,0.0,5013.5,5013.5,1,-250.68,2024,10,October,Tuesday,5013.5,5013.5
2024-10-29,ORD009070,CUST02548,P003,Headphones,Electronics,Ahmedabad,Store,Credit Card,1,4609.91,0.15,4609.91,3918.42,0,1033.79,2024,10,October,Tuesday,4609.91,3918.4235
2024-10-29,ORD014114,CUST02931,P012,Air Fryer,Home,Delhi,Online,UPI,4,7321.79,0.0,29287.16,29287.16,0,7103.14,2024,10,October,Tuesday,29287.16,29287.16
2024-10-29,ORD021566,CUST02394,P012,Air Fryer,Home,Delhi,Online,Credit Card,1,7620.94,0.1,7620.94,6858.85,0,530.3,2024,10,October,Tuesday,7620.94,6858.846
2024-10-29,ORD029959,CUST03794,P011,Mixer Grinder,Home,Bengaluru,Online,Credit Card,4,4468.59,0.1,17874.36,16086.92,0,3726.79,2024,10,October,Tuesday,17874.36,16086.924
2024-10-29,ORD024823,CUST00479,P012,Air Fryer,Home,Pune,Store,Net Banking,1,6573.74,0.05,6573.74,6245.05,0,1529.85,2024,10,October,Tuesday,6573.74,6245.053
2024-10-29,ORD036942,CUST01262,P011,Mixer Grinder,Home,Surat,Store,UPI,5,5056.76,0.05,25283.8,24019.61,0,6616.25,2024,10,October,Tuesday,25283.800000000003,24019.609999999997
2024-10-29,ORD029435,CUST04989,P019,Vacuum Cleaner,Home,Mumbai,Online,UPI,5,9509.53,0.15,47547.65,40415.5,0,2786.5,2024,10,October,Tuesday,47547.65,40415.5025
2024-10-30,ORD049092,CUST03619,P011,Mixer Grinder,Home,Kolkata,Online,UPI,1,4323.4,0.25,4323.4,3242.55,0,344.47,2024,10,October,Wednesday,4323.4,3242.5499999999997
2024-10-30,ORD043321,CUST03745,P007,Backpack,Accessories,Pune,Online,Debit Card,4,2252.36,0.0,9009.44,9009.44,0,1429.97,2024,10,October,Wednesday,9009.44,9009.44
2024-10-30,ORD020967,CUST02599,P005,Office Chair,Furniture,Bengaluru,Store,UPI,1,8639.96,0.0,8639.96,8639.96,0,807.36,2024,10,October,Wednesday,8639.96,8639.96
2024-10-30,ORD011593,CUST00074,P014,Keyboard,Electronics,Jaipur,Online,Debit Card,1,2413.69,0.05,2413.69,2293.01,0,518.93,2024,10,October,Wednesday,2413.69,2293.0054999999998
2024-10-30,ORD007581,CUST04118,P014,Keyboard,Electronics,Kolkata,Online,UPI,1,2461.19,0.1,2461.19,2215.07,0,297.49,2024,10,October,Wednesday,2461.19,2215.071
2024-10-30,ORD018123,CUST03146,P008,Running Shoes,Fashion,Kolkata,Store,UPI,3,4337.05,0.15,13011.15,11059.48,0,1768.76,2024,10,October,Wednesday,13011.150000000001,11059.477499999999
2024-10-30,ORD019082,CUST04313,P003,Headphones,Electronics,Surat,Online,Credit Card,1,4912.18,0.1,4912.18,4420.96,1,-221.05,2024,10,October,Wednesday,4912.18,4420.962
2024-10-30,ORD005916,CUST00151,P007,Backpack,Accessories,Hyderabad,Online,Credit Card,1,2360.58,0.1,2360.58,2124.52,0,177.13,2024,10,October,Wednesday,2360.58,2124.522
2024-10-30,ORD019657,CUST04136,P015,Dining Table,Furniture,Bengaluru,Online,UPI,1,23409.52,0.2,23409.52,18727.62,0,2191.51,2024,10,October,Wednesday,23409.52,18727.616
2024-10-30,ORD039452,CUST00522,P008,Running Shoes,Fashion,Hyderabad,Online,UPI,1,4219.8,0.1,4219.8,3797.82,0,343.13,2024,10,October,Wednesday,4219.8,3797.82
2024-10-30,ORD035718,CUST03296,P004,Smartwatch,Electronics,Mumbai,Online,Debit Card,1,6376.2,0.05,6376.2,6057.39,0,1369.38,2024,10,October,Wednesday,6376.2,6057.389999999999
2024-10-30,ORD040667,CUST01086,P006,Desk,Furniture,Bengaluru,Store,Net Banking,2,12048.47,0.0,24096.94,24096.94,0,2772.26,2024,10,October,Wednesday,24096.94,24096.94
2024-10-30,ORD001413,CUST04091,P006,Desk,Furniture,Mumbai,Store,Credit Card,5,11898.3,0.05,59491.5,56516.92,0,6230.16,2024,10,October,Wednesday,59491.5,56516.924999999996
2024-10-30,ORD021480,CUST04588,P008,Running Shoes,Fashion,Jaipur,Store,Credit Card,2,3816.09,0.15,7632.18,6487.35,0,410.73,2024,10,October,Wednesday,7632.18,6487.353
2024-10-30,ORD035730,CUST04339,P010,Coffee Maker,Home,Mumbai,Online,Cash,1,5460.59,0.1,5460.59,4914.53,0,685.53,2024,10,October,Wednesday,5460.59,4914.531
2024-10-30,ORD043165,CUST00592,P006,Desk,Furniture,Chennai,Online,Credit Card,1,11127.66,0.0,11127.66,11127.66,0,2529.45,2024,10,October,Wednesday,11127.66,11127.66
2024-10-30,ORD020985,CUST02469,P009,T-Shirt,Fashion,Chennai,Store,Credit Card,2,1083.04,0.1,2166.08,1949.47,0,469.55,2024,10,October,Wednesday,2166.08,1949.472
2024-10-30,ORD017923,CUST01727,P018,Jacket,Fashion,Surat,Store,Debit Card,1,5231.72,0.05,5231.72,4970.13,0,1299.28,2024,10,October,Wednesday,5231.72,4970.134
2024-10-30,ORD035734,CUST04154,P009,T-Shirt,Fashion,Kolkata,Online,UPI,2,1082.8,0.1,2165.6,1949.04,0,379.55,2024,10,October,Wednesday,2165.6,1949.04
2024-10-30,ORD032014,CUST04552,P015,Dining Table,Furniture,Kolkata,Online,Credit Card,5,19903.27,0.1,99516.35,89564.72,0,11087.71,2024,10,October,Wednesday,99516.35,89564.71500000001
2024-10-30,ORD009391,CUST04334,P017,Jeans,Fashion,Pune,Online,Net Banking,5,2883.02,0.1,14415.1,12973.59,0,3218.11,2024,10,October,Wednesday,14415.1,12973.59
2024-10-30,ORD006873,CUST03936,P018,Jacket,Fashion,Delhi,Online,Credit Card,1,5233.09,0.05,5233.09,4971.44,0,427.62,2024,10,October,Wednesday,5233.09,4971.4355
2024-10-30,ORD048378,CUST00997,P011,Mixer Grinder,Home,Jaipur,Online,Net Banking,2,4439.99,0.1,8879.98,7991.98,0,1371.98,2024,10,October,Wednesday,8879.98,7991.982
2024-10-30,ORD009616,CUST01414,P019,Vacuum Cleaner,Home,Delhi,Online,UPI,1,9840.4,0.05,9840.4,9348.38,0,1340.88,2024,10,October,Wednesday,9840.4,9348.38
2024-10-30,ORD006365,CUST02391,P010,Coffee Maker,Home,Bengaluru,Online,UPI,1,5569.28,0.1,5569.28,5012.35,0,445.96,2024,10,October,Wednesday,5569.28,5012.352
2024-10-30,ORD025537,CUST00265,P018,Jacket,Fashion,Kolkata,Store,Credit Card,3,4815.26,0.15,14445.78,12278.91,1,-613.95,2024,10,October,Wednesday,14445.78,12278.913
2024-10-30,ORD037256,CUST00706,P014,Keyboard,Electronics,Mumbai,Online,Credit Card,3,2421.3,0.1,7263.9,6537.51,0,476.05,2024,10,October,Wednesday,7263.900000000001,6537.51
2024-10-30,ORD002904,CUST01136,P017,Jeans,Fashion,Delhi,Online,Debit Card,1,2850.76,0.1,2850.76,2565.68,0,300.37,2024,10,October,Wednesday,2850.76,2565.684
2024-10-30,ORD011577,CUST01953,P020,Microwave,Home,Chennai,Online,Credit Card,1,11688.31,0.05,11688.31,11103.89,0,3160.34,2024,10,October,Wednesday,11688.31,11103.894499999999
2024-10-30,ORD012219,CUST02638,P020,Microwave,Home,Hyderabad,Online,UPI,1,11840.69,0.1,11840.69,10656.62,0,1676.02,2024,10,October,Wednesday,11840.69,10656.621000000001
2024-10-30,ORD049646,CUST00136,P003,Headphones,Electronics,Surat,Store,UPI,1,4419.96,0.15,4419.96,3756.97,0,589.42,2024,10,October,Wednesday,4419.96,3756.966
2024-10-30,ORD025437,CUST03473,P018,Jacket,Fashion,Bengaluru,Online,Debit Card,5,5399.64,0.0,26998.2,26998.2,0,4263.24,2024,10,October,Wednesday,26998.2,26998.2
2024-10-30,ORD004112,CUST02399,P013,Monitor,Electronics,Ahmedabad,Store,Debit Card,2,19217.62,0.05,38435.24,36513.48,0,8895.15,2024,10,October,Wednesday,38435.24,36513.477999999996
2024-10-30,ORD039657,CUST01590,P013,Monitor,Electronics,Jaipur,Online,Debit Card,1,19586.88,0.2,19586.88,15669.5,0,3516.42,2024,10,October,Wednesday,19586.88,15669.504
2024-10-30,ORD011234,CUST02689,P018,Jacket,Fashion,Surat,Store,Net Banking,2,5433.9,0.1,10867.8,9781.02,0,2225.33,2024,10,October,Wednesday,10867.8,9781.02
2024-10-30,ORD029380,CUST03460,P005,Office Chair,Furniture,Ahmedabad,Store,Debit Card,1,9740.57,0.05,9740.57,9253.54,0,878.05,2024,10,October,Wednesday,9740.57,9253.5415
2024-10-30,ORD023321,CUST04941,P010,Coffee Maker,Home,Pune,Online,Credit Card,2,5077.93,0.15,10155.86,8632.48,0,734.57,2024,10,October,Wednesday,10155.86,8632.481
2024-10-30,ORD017067,CUST01428,P001,Laptop,Electronics,Jaipur,Online,Credit Card,1,62746.38,0.15,62746.38,53334.42,0,13227.26,2024,10,October,Wednesday,62746.38,53334.422999999995
2024-10-30,ORD024720,CUST02025,P017,Jeans,Fashion,Hyderabad,Online,UPI,2,2813.16,0.2,5626.32,4501.06,0,1136.27,2024,10,October,Wednesday,5626.32,4501.056
2024-10-30,ORD013897,CUST03797,P004,Smartwatch,Electronics,Mumbai,Store,Net Banking,1,6658.62,0.05,6658.62,6325.69,0,1530.39,2024,10,October,Wednesday,6658.62,6325.688999999999
2024-10-30,ORD041769,CUST04850,P016,Sofa,Furniture,Hyderabad,Online,UPI,1,34640.26,0.1,34640.26,31176.23,0,7204.99,2024,10,October,Wednesday,34640.26,31176.234000000004
2024-10-30,ORD018230,CUST02312,P018,Jacket,Fashion,Jaipur,Online,UPI,3,4944.03,0.1,14832.09,13348.88,0,1889.52,2024,10,October,Wednesday,14832.09,13348.881000000001
2024-10-30,ORD045862,CUST01969,P015,Dining Table,Furniture,Bengaluru,Store,UPI,1,22390.41,0.15,22390.41,19031.85,0,1952.0,2024,10,October,Wednesday,22390.41,19031.8485
2024-10-30,ORD026665,CUST03767,P017,Jeans,Fashion,Bengaluru,Online,UPI,3,2986.92,0.15,8960.76,7616.65,0,853.58,2024,10,October,Wednesday,8960.76,7616.646
2024-10-30,ORD010139,CUST00336,P004,Smartwatch,Electronics,Hyderabad,Online,UPI,1,6978.31,0.1,6978.31,6280.48,0,813.06,2024,10,October,Wednesday,6978.31,6280.479
2024-10-30,ORD026624,CUST01801,P007,Backpack,Accessories,Delhi,Online,Debit Card,1,2398.67,0.0,2398.67,2398.67,0,490.56,2024,10,October,Wednesday,2398.67,2398.67
2024-10-30,ORD003595,CUST00695,P020,Microwave,Home,Jaipur,Store,UPI,1,10073.28,0.05,10073.28,9569.62,0,702.31,2024,10,October,Wednesday,10073.28,9569.616
2024-10-30,ORD026360,CUST00420,P012,Air Fryer,Home,Delhi,Store,UPI,4,7599.02,0.05,30396.08,28876.28,0,4651.61,2024,10,October,Wednesday,30396.08,28876.276
2024-10-30,ORD042867,CUST00581,P020,Microwave,Home,Ahmedabad,Online,Credit Card,4,11252.28,0.0,45009.12,45009.12,0,11083.25,2024,10,October,Wednesday,45009.12,45009.12
2024-10-30,ORD048822,CUST03488,P015,Dining Table,Furniture,Kolkata,Store,UPI,4,24126.74,0.1,96506.96,86856.26,0,15373.82,2024,10,October,Wednesday,96506.96,86856.26400000001
2024-10-30,ORD036282,CUST03068,P009,T-Shirt,Fashion,Ahmedabad,Online,Credit Card,1,1082.56,0.05,1082.56,1028.43,0,231.52,2024,10,October,Wednesday,1082.56,1028.4319999999998
2024-10-30,ORD015826,CUST04916,P018,Jacket,Fashion,Chennai,Store,Credit Card,4,5183.0,0.2,20732.0,16585.6,0,2786.18,2024,10,October,Wednesday,20732.0,16585.600000000002
2024-10-30,ORD031744,CUST03357,P004,Smartwatch,Electronics,Surat,Store,UPI,1,7471.45,0.0,7471.45,7471.45,0,672.99,2024,10,October,Wednesday,7471.45,7471.45
2024-10-30,ORD037943,CUST04509,P013,Monitor,Electronics,Bengaluru,Online,Credit Card,1,16591.7,0.0,16591.7,16591.7,0,2711.91,2024,10,October,Wednesday,16591.7,16591.7
2024-10-30,ORD016933,CUST00932,P007,Backpack,Accessories,Delhi,Online,UPI,2,2357.65,0.1,4715.3,4243.77,0,1125.09,2024,10,October,Wednesday,4715.3,4243.77
2024-10-30,ORD037142,CUST02677,P001,Laptop,Electronics,Chennai,Online,Credit Card,2,67738.01,0.2,135476.02,108380.82,0,6389.3,2024,10,October,Wednesday,135476.02,108380.81599999999
2024-10-30,ORD014446,CUST04113,P005,Office Chair,Furniture,Kolkata,Online,Net Banking,1,8918.49,0.05,8918.49,8472.57,0,2236.52,2024,10,October,Wednesday,8918.49,8472.565499999999
2024-10-30,ORD002126,CUST00664,P007,Backpack,Accessories,Mumbai,Online,UPI,1,2076.84,0.15,2076.84,1765.31,0,455.79,2024,10,October,Wednesday,2076.84,1765.314
2024-10-30,ORD040597,CUST00950,P012,Air Fryer,Home,Mumbai,Store,UPI,5,6605.15,0.1,33025.75,29723.18,0,5639.15,2024,10,October,Wednesday,33025.75,29723.175
2024-10-30,ORD019340,CUST04251,P015,Dining Table,Furniture,Jaipur,Online,Debit Card,1,20731.3,0.25,20731.3,15548.47,0,1868.03,2024,10,October,Wednesday,20731.3,15548.474999999999
2024-10-30,ORD035272,CUST01747,P003,Headphones,Electronics,Delhi,Store,UPI,4,4300.65,0.0,17202.6,17202.6,0,4697.3,2024,10,October,Wednesday,17202.6,17202.6
2024-10-30,ORD006485,CUST01902,P007,Backpack,Accessories,Kolkata,Online,UPI,1,2316.93,0.15,2316.93,1969.39,0,503.2,2024,10,October,Wednesday,2316.93,1969.3904999999997
2024-10-30,ORD040634,CUST02187,P017,Jeans,Fashion,Chennai,Online,Debit Card,1,2602.4,0.1,2602.4,2342.16,0,362.15,2024,10,October,Wednesday,2602.4,2342.1600000000003
2024-10-30,ORD010939,CUST02749,P017,Jeans,Fashion,Chennai,Store,UPI,1,2647.94,0.15,2647.94,2250.75,0,306.4,2024,10,October,Wednesday,2647.94,2250.749
2024-10-30,ORD038544,CUST03573,P018,Jacket,Fashion,Kolkata,Store,Cash,2,5628.1,0.05,11256.2,10693.39,0,2102.57,2024,10,October,Wednesday,11256.2,10693.39
2024-10-30,ORD032092,CUST00222,P008,Running Shoes,Fashion,Surat,Online,Net Banking,5,4304.05,0.1,21520.25,19368.23,0,3182.48,2024,10,October,Wednesday,21520.25,19368.225000000002
2024-10-30,ORD006038,CUST01274,P016,Sofa,Furniture,Pune,Store,UPI,3,37566.95,0.0,112700.85,112700.85,1,-5635.04,2024,10,October,Wednesday,112700.84999999999,112700.85
2024-10-31,ORD001658,CUST04435,P006,Desk,Furniture,Ahmedabad,Online,Credit Card,2,12974.07,0.1,25948.14,23353.33,0,4406.32,2024,10,October,Thursday,25948.14,23353.326
2024-10-31,ORD019449,CUST01051,P015,Dining Table,Furniture,Surat,Store,UPI,1,19867.58,0.1,19867.58,17880.82,0,2286.3,2024,10,October,Thursday,19867.58,17880.822000000004
2024-10-31,ORD029386,CUST00117,P005,Office Chair,Furniture,Kolkata,Store,Cash,4,8829.05,0.2,35316.2,28252.96,0,5185.16,2024,10,October,Thursday,35316.2,28252.96
2024-10-31,ORD042688,CUST00863,P017,Jeans,Fashion,Mumbai,Store,Debit Card,1,2938.63,0.1,2938.63,2644.77,0,478.18,2024,10,October,Thursday,2938.63,2644.7670000000003
2024-10-31,ORD001317,CUST00290,P008,Running Shoes,Fashion,Bengaluru,Store,UPI,1,3930.62,0.15,3930.62,3341.03,0,858.32,2024,10,October,Thursday,3930.62,3341.027
2024-10-31,ORD030304,CUST03444,P017,Jeans,Fashion,Delhi,Online,Net Banking,1,2823.13,0.05,2823.13,2681.97,0,626.55,2024,10,October,Thursday,2823.13,2681.9735
2024-10-31,ORD015809,CUST02557,P017,Jeans,Fashion,Surat,Online,Credit Card,1,3061.16,0.05,3061.16,2908.1,0,448.06,2024,10,October,Thursday,3061.16,2908.102
2024-10-31,ORD027499,CUST03424,P006,Desk,Furniture,Kolkata,Store,Debit Card,1,12054.39,0.05,12054.39,11451.67,0,1332.07,2024,10,October,Thursday,12054.39,11451.670499999998
2024-10-31,ORD018906,CUST04718,P010,Coffee Maker,Home,Pune,Online,Credit Card,1,5544.13,0.15,5544.13,4712.51,0,264.47,2024,10,October,Thursday,5544.13,4712.5105
2024-10-31,ORD019177,CUST00014,P008,Running Shoes,Fashion,Hyderabad,Online,Net Banking,1,4571.81,0.1,4571.81,4114.63,0,1106.58,2024,10,October,Thursday,4571.81,4114.629000000001
2024-10-31,ORD028505,CUST01561,P002,Smartphone,Electronics,Kolkata,Online,Net Banking,3,26431.65,0.1,79294.95,71365.46,0,11682.85,2024,10,October,Thursday,79294.95000000001,71365.455
2024-10-31,ORD044180,CUST03278,P015,Dining Table,Furniture,Surat,Store,UPI,1,21397.11,0.0,21397.11,21397.11,0,4683.42,2024,10,October,Thursday,21397.11,21397.11
2024-10-31,ORD013206,CUST01024,P008,Running Shoes,Fashion,Chennai,Store,Credit Card,1,4031.19,0.2,4031.19,3224.95,0,283.31,2024,10,October,Thursday,4031.19,3224.952
2024-10-31,ORD016292,CUST03162,P006,Desk,Furniture,Jaipur,Online,Credit Card,1,12274.69,0.0,12274.69,12274.69,0,1328.97,2024,10,October,Thursday,12274.69,12274.69
2024-10-31,ORD044013,CUST04070,P019,Vacuum Cleaner,Home,Surat,Store,Debit Card,5,9892.37,0.25,49461.85,37096.39,0,5594.58,2024,10,October,Thursday,49461.850000000006,37096.3875
2024-10-31,ORD018148,CUST04648,P001,Laptop,Electronics,Kolkata,Online,UPI,1,64455.32,0.15,64455.32,54787.02,0,3709.72,2024,10,October,Thursday,64455.32,54787.022
2024-10-31,ORD036965,CUST01545,P017,Jeans,Fashion,Bengaluru,Online,UPI,1,2538.35,0.05,2538.35,2411.43,0,458.46,2024,10,October,Thursday,2538.35,2411.4325
2024-10-31,ORD041783,CUST01907,P014,Keyboard,Electronics,Jaipur,Store,Credit Card,1,2451.54,0.1,2451.54,2206.39,0,570.88,2024,10,October,Thursday,2451.54,2206.386
2024-10-31,ORD048012,CUST01501,P011,Mixer Grinder,Home,Ahmedabad,Online,UPI,4,4786.01,0.0,19144.04,19144.04,1,-957.2,2024,10,October,Thursday,19144.04,19144.04
2024-10-31,ORD024780,CUST02084,P007,Backpack,Accessories,Pune,Online,Cash,1,2381.01,0.15,2381.01,2023.86,0,270.32,2024,10,October,Thursday,2381.01,2023.8585
2024-10-31,ORD049167,CUST02245,P004,Smartwatch,Electronics,Ahmedabad,Online,Debit Card,1,6409.85,0.1,6409.85,5768.87,0,997.25,2024,10,October,Thursday,6409.85,5768.865000000001
2024-10-31,ORD023368,CUST00859,P010,Coffee Maker,Home,Mumbai,Online,Credit Card,2,5139.09,0.1,10278.18,9250.36,0,753.48,2024,10,October,Thursday,10278.18,9250.362000000001
2024-10-31,ORD045920,CUST01322,P001,Laptop,Electronics,Hyderabad,Online,Net Banking,3,60723.78,0.15,182171.34,154845.64,1,-7742.28,2024,10,October,Thursday,182171.34,154845.639
2024-10-31,ORD041612,CUST00686,P012,Air Fryer,Home,Jaipur,Online,UPI,3,6655.55,0.0,19966.65,19966.65,0,1825.49,2024,10,October,Thursday,19966.65,19966.65
2024-10-31,ORD010835,CUST02287,P018,Jacket,Fashion,Delhi,Online,Credit Card,2,4872.25,0.05,9744.5,9257.28,0,811.04,2024,10,October,Thursday,9744.5,9257.275
2024-10-31,ORD028720,CUST02263,P002,Smartphone,Electronics,Hyderabad,Online,UPI,3,29825.95,0.15,89477.85,76056.17,0,8678.75,2024,10,October,Thursday,89477.85,76056.1725
2024-10-31,ORD043951,CUST01024,P005,Office Chair,Furniture,Delhi,Online,Net Banking,1,10376.88,0.15,10376.88,8820.35,0,499.53,2024,10,October,Thursday,10376.88,8820.348
2024-10-31,ORD034221,CUST00828,P002,Smartphone,Electronics,Mumbai,Online,Net Banking,2,25747.23,0.1,51494.46,46345.01,0,4223.48,2024,10,October,Thursday,51494.46,46345.014
2024-10-31,ORD033073,CUST04159,P006,Desk,Furniture,Bengaluru,Store,UPI,1,12170.44,0.1,12170.44,10953.4,0,1847.79,2024,10,October,Thursday,12170.44,10953.396
2024-10-31,ORD024126,CUST04544,P012,Air Fryer,Home,Jaipur,Online,Cash,1,6616.86,0.25,6616.86,4962.64,0,644.07,2024,10,October,Thursday,6616.86,4962.6449999999995
2024-10-31,ORD001897,CUST01368,P007,Backpack,Accessories,Surat,Online,Cash,3,2348.31,0.05,7044.93,6692.68,0,1636.26,2024,10,October,Thursday,7044.93,6692.6835
2024-10-31,ORD020845,CUST00421,P010,Coffee Maker,Home,Mumbai,Online,Net Banking,1,5772.47,0.0,5772.47,5772.47,0,1208.26,2024,10,October,Thursday,5772.47,5772.47
2024-10-31,ORD015415,CUST02790,P014,Keyboard,Electronics,Kolkata,Online,Credit Card,1,2277.01,0.0,2277.01,2277.01,0,301.51,2024,10,October,Thursday,2277.01,2277.01
2024-10-31,ORD042965,CUST01012,P005,Office Chair,Furniture,Kolkata,Store,Debit Card,1,8777.89,0.15,8777.89,7461.21,0,1788.93,2024,10,October,Thursday,8777.89,7461.206499999999
2024-10-31,ORD019815,CUST00294,P018,Jacket,Fashion,Pune,Online,UPI,2,5454.67,0.05,10909.34,10363.87,0,1971.45,2024,10,October,Thursday,10909.34,10363.873
2024-10-31,ORD034228,CUST02432,P004,Smartwatch,Electronics,Chennai,Online,Cash,4,7335.85,0.15,29343.4,24941.89,0,1869.14,2024,10,October,Thursday,29343.4,24941.89
2024-10-31,ORD001662,CUST01369,P008,Running Shoes,Fashion,Bengaluru,Online,Cash,1,4533.53,0.05,4533.53,4306.85,0,963.62,2024,10,October,Thursday,4533.53,4306.853499999999
2024-10-31,ORD011461,CUST02748,P011,Mixer Grinder,Home,Ahmedabad,Online,UPI,1,4763.63,0.2,4763.63,3810.9,0,358.35,2024,10,October,Thursday,4763.63,3810.9040000000005
2024-10-31,ORD003010,CUST02339,P004,Smartwatch,Electronics,Jaipur,Online,Net Banking,3,6386.59,0.0,19159.77,19159.77,0,2410.83,2024,10,October,Thursday,19159.77,19159.77
2024-10-31,ORD046528,CUST01728,P012,Air Fryer,Home,Jaipur,Online,Net Banking,1,7639.4,0.05,7639.4,7257.43,0,1518.54,2024,10,October,Thursday,7639.4,7257.429999999999
2024-10-31,ORD043445,CUST04397,P015,Dining Table,Furniture,Delhi,Store,UPI,4,21584.04,0.0,86336.16,86336.16,0,14398.04,2024,10,October,Thursday,86336.16,86336.16
2024-10-31,ORD026925,CUST02752,P006,Desk,Furniture,Chennai,Online,UPI,1,12171.64,0.15,12171.64,10345.89,0,1710.55,2024,10,October,Thursday,12171.64,10345.893999999998
2024-10-31,ORD046205,CUST01576,P019,Vacuum Cleaner,Home,Hyderabad,Store,Debit Card,2,8607.37,0.15,17214.74,14632.53,1,-731.63,2024,10,October,Thursday,17214.74,14632.529
2024-10-31,ORD047991,CUST04951,P015,Dining Table,Furniture,Bengaluru,Online,Debit Card,1,23923.93,0.15,23923.93,20335.34,0,4547.5,2024,10,October,Thursday,23923.93,20335.3405
2024-10-31,ORD020946,CUST00592,P007,Backpack,Accessories,Bengaluru,Store,UPI,5,2021.5,0.0,10107.5,10107.5,0,2349.43,2024,10,October,Thursday,10107.5,10107.5
2024-10-31,ORD042043,CUST02030,P016,Sofa,Furniture,Bengaluru,Store,Debit Card,1,31916.95,0.15,31916.95,27129.41,0,3696.37,2024,10,October,Thursday,31916.95,27129.4075
2024-10-31,ORD044858,CUST00843,P009,T-Shirt,Fashion,Chennai,Online,Net Banking,4,1110.47,0.1,4441.88,3997.69,0,529.77,2024,10,October,Thursday,4441.88,3997.692
2024-10-31,ORD004807,CUST00220,P005,Office Chair,Furniture,Chennai,Store,UPI,1,8849.66,0.1,8849.66,7964.69,0,1130.77,2024,10,October,Thursday,8849.66,7964.694
2024-10-31,ORD036595,CUST03669,P015,Dining Table,Furniture,Ahmedabad,Online,Credit Card,1,21863.18,0.0,21863.18,21863.18,0,4215.73,2024,10,October,Thursday,21863.18,21863.18
2024-10-31,ORD049395,CUST00118,P002,Smartphone,Electronics,Hyderabad,Online,Debit Card,1,26468.02,0.1,26468.02,23821.22,0,1478.51,2024,10,October,Thursday,26468.02,23821.218
2024-10-31,ORD029771,CUST03970,P016,Sofa,Furniture,Kolkata,Online,UPI,4,37164.7,0.15,148658.8,126359.98,0,13687.97,2024,10,October,Thursday,148658.8,126359.97999999998
2024-10-31,ORD029516,CUST00074,P013,Monitor,Electronics,Delhi,Online,Debit Card,1,18065.23,0.0,18065.23,18065.23,0,4036.02,2024,10,October,Thursday,18065.23,18065.23
2024-10-31,ORD017912,CUST00648,P004,Smartwatch,Electronics,Hyderabad,Store,Debit Card,2,7575.26,0.0,15150.52,15150.52,0,3836.13,2024,10,October,Thursday,15150.52,15150.52
2024-10-31,ORD025490,CUST04851,P010,Coffee Maker,Home,Ahmedabad,Store,UPI,1,5065.7,0.05,5065.7,4812.42,0,401.72,2024,10,October,Thursday,5065.7,4812.415
2024-10-31,ORD001015,CUST03585,P010,Coffee Maker,Home,Hyderabad,Online,Credit Card,2,5496.45,0.15,10992.9,9343.96,0,1668.26,2024,10,October,Thursday,10992.9,9343.965
2024-10-31,ORD039868,CUST03359,P020,Microwave,Home,Hyderabad,Online,Debit Card,3,10358.43,0.15,31075.29,26414.0,0,1996.99,2024,10,October,Thursday,31075.29,26413.9965
2024-10-31,ORD031765,CUST00173,P004,Smartwatch,Electronics,Chennai,Store,UPI,1,6747.13,0.2,6747.13,5397.7,0,1294.97,2024,10,October,Thursday,6747.13,5397.704000000001
2024-10-31,ORD039694,CUST01051,P020,Microwave,Home,Surat,Online,Net Banking,1,10580.09,0.1,10580.09,9522.08,0,1957.14,2024,10,October,Thursday,10580.09,9522.081
2024-10-31,ORD038684,CUST02016,P012,Air Fryer,Home,Delhi,Online,Debit Card,1,7415.94,0.05,7415.94,7045.14,0,713.16,2024,10,October,Thursday,7415.94,7045.142999999999
2024-10-31,ORD032022,CUST00503,P010,Coffee Maker,Home,Bengaluru,Store,Credit Card,2,5668.11,0.0,11336.22,11336.22,0,3057.68,2024,10,October,Thursday,11336.22,11336.22
2024-10-31,ORD047112,CUST03398,P001,Laptop,Electronics,Kolkata,Online,UPI,1,67229.67,0.1,67229.67,60506.7,0,15571.01,2024,10,October,Thursday,67229.67,60506.703
2024-10-31,ORD045018,CUST00494,P005,Office Chair,Furniture,Chennai,Store,Cash,3,10099.25,0.05,30297.75,28782.86,0,5938.5,2024,10,October,Thursday,30297.75,28782.8625
2024-10-31,ORD044656,CUST02341,P016,Sofa,Furniture,Delhi,Store,UPI,4,38109.15,0.05,152436.6,144814.77,0,16065.81,2024,10,October,Thursday,152436.6,144814.77
2024-10-31,ORD018964,CUST04481,P018,Jacket,Fashion,Jaipur,Store,UPI,2,5289.01,0.1,10578.02,9520.22,0,1489.85,2024,10,October,Thursday,10578.02,9520.218
2024-11-01,ORD021567,CUST04187,P017,Jeans,Fashion,Jaipur,Store,Credit Card,3,2675.13,0.1,8025.39,7222.85,0,442.08,2024,11,November,Friday,8025.39,7222.851000000001
2024-11-01,ORD038798,CUST04255,P009,T-Shirt,Fashion,Hyderabad,Store,UPI,1,1190.84,0.1,1190.84,1071.76,0,168.67,2024,11,November,Friday,1190.84,1071.7559999999999
2024-11-01,ORD039968,CUST00364,P009,T-Shirt,Fashion,Chennai,Store,Cash,1,1302.85,0.0,1302.85,1302.85,0,172.24,2024,11,November,Friday,1302.85,1302.85
2024-11-01,ORD033952,CUST00741,P002,Smartphone,Electronics,Surat,Online,UPI,2,26038.24,0.0,52076.48,52076.48,0,8172.67,2024,11,November,Friday,52076.48,52076.48
2024-11-01,ORD031292,CUST00785,P002,Smartphone,Electronics,Kolkata,Online,Net Banking,1,25232.93,0.0,25232.93,25232.93,0,6518.27,2024,11,November,Friday,25232.93,25232.93
2024-11-01,ORD033176,CUST04542,P014,Keyboard,Electronics,Ahmedabad,Store,Cash,1,2676.09,0.25,2676.09,2007.07,0,188.71,2024,11,November,Friday,2676.09,2007.0675
2024-11-01,ORD017338,CUST00748,P017,Jeans,Fashion,Hyderabad,Store,UPI,1,2730.45,0.25,2730.45,2047.84,0,443.69,2024,11,November,Friday,2730.45,2047.8374999999999
2024-11-01,ORD001785,CUST02415,P005,Office Chair,Furniture,Pune,Online,UPI,1,9146.64,0.05,9146.64,8689.31,0,991.57,2024,11,November,Friday,9146.64,8689.307999999999
2024-11-01,ORD039054,CUST03242,P007,Backpack,Accessories,Chennai,Store,Net Banking,5,2110.02,0.0,10550.1,10550.1,0,1306.25,2024,11,November,Friday,10550.1,10550.1
2024-11-01,ORD045425,CUST04270,P013,Monitor,Electronics,Pune,Online,Credit Card,1,18130.06,0.2,18130.06,14504.05,0,1527.18,2024,11,November,Friday,18130.06,14504.048000000003
2024-11-01,ORD021647,CUST04277,P010,Coffee Maker,Home,Hyderabad,Online,Credit Card,1,5587.29,0.1,5587.29,5028.56,0,843.69,2024,11,November,Friday,5587.29,5028.561
2024-11-01,ORD025534,CUST03796,P020,Microwave,Home,Ahmedabad,Online,UPI,1,11258.83,0.2,11258.83,9007.06,0,1349.9,2024,11,November,Friday,11258.83,9007.064
2024-11-01,ORD017916,CUST01017,P019,Vacuum Cleaner,Home,Chennai,Store,Credit Card,3,8597.97,0.15,25793.91,21924.82,0,5475.23,2024,11,November,Friday,25793.909999999996,21924.8235
2024-11-01,ORD006374,CUST04399,P011,Mixer Grinder,Home,Surat,Online,UPI,2,5122.4,0.1,10244.8,9220.32,0,2168.38,2024,11,November,Friday,10244.8,9220.32
2024-11-01,ORD041995,CUST01928,P004,Smartwatch,Electronics,Surat,Online,Credit Card,1,6741.1,0.05,6741.1,6404.04,0,456.77,2024,11,November,Friday,6741.1,6404.045
2024-11-01,ORD046341,CUST00068,P011,Mixer Grinder,Home,Mumbai,Store,Debit Card,1,4614.08,0.0,4614.08,4614.08,0,868.78,2024,11,November,Friday,4614.08,4614.08
2024-11-01,ORD046404,CUST02983,P015,Dining Table,Furniture,Delhi,Online,UPI,2,21854.45,0.0,43708.9,43708.9,0,11736.83,2024,11,November,Friday,43708.9,43708.9
2024-11-01,ORD001263,CUST00959,P016,Sofa,Furniture,Surat,Online,UPI,1,38032.81,0.1,38032.81,34229.53,0,7811.32,2024,11,November,Friday,38032.81,34229.529
2024-11-01,ORD034476,CUST01518,P008,Running Shoes,Fashion,Chennai,Online,UPI,2,4206.03,0.2,8412.06,6729.65,0,1564.92,2024,11,November,Friday,8412.06,6729.648
2024-11-01,ORD017252,CUST02012,P020,Microwave,Home,Pune,Online,Debit Card,1,10623.14,0.15,10623.14,9029.67,0,1053.77,2024,11,November,Friday,10623.14,9029.669
2024-11-01,ORD028329,CUST03938,P001,Laptop,Electronics,Kolkata,Online,UPI,1,64444.32,0.25,64444.32,48333.24,0,8629.47,2024,11,November,Friday,64444.32,48333.24
2024-11-01,ORD026997,CUST03961,P020,Microwave,Home,Ahmedabad,Online,UPI,1,11759.9,0.1,11759.9,10583.91,0,1261.8,2024,11,November,Friday,11759.9,10583.91
2024-11-01,ORD010200,CUST04016,P005,Office Chair,Furniture,Mumbai,Online,UPI,1,8562.95,0.2,8562.95,6850.36,0,1704.34,2024,11,November,Friday,8562.95,6850.360000000001
2024-11-01,ORD040626,CUST03752,P013,Monitor,Electronics,Chennai,Online,UPI,1,18056.38,0.1,18056.38,16250.74,0,2565.39,2024,11,November,Friday,18056.38,16250.742000000002
2024-11-01,ORD038461,CUST04793,P020,Microwave,Home,Pune,Online,Credit Card,1,11376.0,0.0,11376.0,11376.0,0,2115.65,2024,11,November,Friday,11376.0,11376.0
2024-11-01,ORD046036,CUST04506,P015,Dining Table,Furniture,Surat,Online,Credit Card,2,22033.48,0.05,44066.96,41863.61,0,3202.17,2024,11,November,Friday,44066.96,41863.611999999994
2024-11-01,ORD049996,CUST02388,P018,Jacket,Fashion,Mumbai,Store,UPI,2,5114.43,0.0,10228.86,10228.86,0,1983.93,2024,11,November,Friday,10228.86,10228.86
2024-11-01,ORD031695,CUST04840,P019,Vacuum Cleaner,Home,Hyderabad,Online,Credit Card,1,8919.69,0.0,8919.69,8919.69,0,1453.18,2024,11,November,Friday,8919.69,8919.69
2024-11-01,ORD005148,CUST00648,P018,Jacket,Fashion,Bengaluru,Store,Debit Card,1,5095.82,0.1,5095.82,4586.24,0,789.18,2024,11,November,Friday,5095.82,4586.238
2024-11-01,ORD003370,CUST01647,P006,Desk,Furniture,Pune,Online,UPI,1,11068.02,0.1,11068.02,9961.22,0,1151.33,2024,11,November,Friday,11068.02,9961.218
2024-11-01,ORD036139,CUST00641,P014,Keyboard,Electronics,Delhi,Store,Debit Card,1,2640.94,0.05,2640.94,2508.89,0,520.06,2024,11,November,Friday,2640.94,2508.893
2024-11-01,ORD034912,CUST01263,P016,Sofa,Furniture,Hyderabad,Store,UPI,1,38278.48,0.15,38278.48,32536.71,1,-1626.84,2024,11,November,Friday,38278.48,32536.708000000002
2024-11-01,ORD043000,CUST03168,P019,Vacuum Cleaner,Home,Mumbai,Online,Debit Card,1,9780.9,0.25,9780.9,7335.67,0,763.12,2024,11,November,Friday,9780.9,7335.674999999999
2024-11-01,ORD037744,CUST00186,P019,Vacuum Cleaner,Home,Pune,Online,UPI,1,8114.18,0.1,8114.18,7302.76,0,1548.67,2024,11,November,Friday,8114.18,7302.762000000001
2024-11-01,ORD043022,CUST03240,P020,Microwave,Home,Ahmedabad,Store,Credit Card,2,11246.38,0.05,22492.76,21368.12,0,4184.38,2024,11,November,Friday,22492.76,21368.121999999996
2024-11-01,ORD004678,CUST00179,P004,Smartwatch,Electronics,Kolkata,Online,UPI,1,7074.02,0.1,7074.02,6366.62,0,1319.83,2024,11,November,Friday,7074.02,6366.618
2024-11-01,ORD000809,CUST01234,P007,Backpack,Accessories,Surat,Online,UPI,1,2125.34,0.05,2125.34,2019.07,0,201.38,2024,11,November,Friday,2125.34,2019.073
2024-11-01,ORD001426,CUST00002,P019,Vacuum Cleaner,Home,Delhi,Online,UPI,5,9652.05,0.0,48260.25,48260.25,0,9425.03,2024,11,November,Friday,48260.25,48260.25
2024-11-01,ORD032539,CUST01581,P013,Monitor,Electronics,Delhi,Store,UPI,2,19339.52,0.0,38679.04,38679.04,0,3247.24,2024,11,November,Friday,38679.04,38679.04
2024-11-01,ORD044651,CUST04788,P010,Coffee Maker,Home,Hyderabad,Online,Debit Card,1,6043.36,0.1,6043.36,5439.02,0,1460.3,2024,11,November,Friday,6043.36,5439.023999999999
2024-11-01,ORD024969,CUST02480,P012,Air Fryer,Home,Chennai,Online,Credit Card,1,7020.0,0.15,7020.0,5967.0,0,1240.47,2024,11,November,Friday,7020.0,5967.0
2024-11-01,ORD026811,CUST03498,P008,Running Shoes,Fashion,Chennai,Online,Credit Card,2,4183.79,0.05,8367.58,7949.2,0,1039.13,2024,11,November,Friday,8367.58,7949.200999999999
2024-11-01,ORD030110,CUST04865,P002,Smartphone,Electronics,Mumbai,Online,UPI,1,30720.13,0.1,30720.13,27648.12,0,3025.15,2024,11,November,Friday,30720.13,27648.117000000002
2024-11-01,ORD013186,CUST03317,P002,Smartphone,Electronics,Pune,Online,UPI,5,28732.83,0.1,143664.15,129297.74,0,21704.66,2024,11,November,Friday,143664.15000000002,129297.735
2024-11-01,ORD022955,CUST01560,P010,Coffee Maker,Home,Pune,Online,Net Banking,1,5624.91,0.0,5624.91,5624.91,0,999.32,2024,11,November,Friday,5624.91,5624.91
2024-11-01,ORD028338,CUST03999,P019,Vacuum Cleaner,Home,Hyderabad,Store,UPI,1,8762.03,0.0,8762.03,8762.03,0,1673.62,2024,11,November,Friday,8762.03,8762.03
2024-11-01,ORD033003,CUST03748,P017,Jeans,Fashion,Bengaluru,Store,UPI,1,2748.37,0.1,2748.37,2473.53,0,400.42,2024,11,November,Friday,2748.37,2473.533
2024-11-01,ORD011953,CUST00852,P011,Mixer Grinder,Home,Ahmedabad,Store,UPI,2,5190.88,0.05,10381.76,9862.67,0,1725.06,2024,11,November,Friday,10381.76,9862.672
2024-11-01,ORD032260,CUST00805,P008,Running Shoes,Fashion,Mumbai,Online,UPI,1,4513.94,0.05,4513.94,4288.24,0,711.62,2024,11,November,Friday,4513.94,4288.2429999999995
2024-11-01,ORD022750,CUST00772,P003,Headphones,Electronics,Pune,Store,Cash,1,4410.67,0.0,4410.67,4410.67,0,923.77,2024,11,November,Friday,4410.67,4410.67
2024-11-01,ORD006290,CUST02619,P017,Jeans,Fashion,Pune,Online,Credit Card,5,2780.96,0.15,13904.8,11819.08,0,1374.69,2024,11,November,Friday,13904.8,11819.08
2024-11-01,ORD037494,CUST02012,P014,Keyboard,Electronics,Mumbai,Store,Cash,1,2657.04,0.1,2657.04,2391.34,0,355.07,2024,11,November,Friday,2657.04,2391.3360000000002
2024-11-01,ORD026377,CUST02217,P001,Laptop,Electronics,Hyderabad,Online,UPI,3,61915.09,0.1,185745.27,167170.74,0,37323.93,2024,11,November,Friday,185745.27,167170.743
2024-11-01,ORD016881,CUST02699,P005,Office Chair,Furniture,Kolkata,Online,UPI,1,9371.54,0.05,9371.54,8902.96,0,1945.3,2024,11,November,Friday,9371.54,8902.963
2024-11-01,ORD040696,CUST00767,P011,Mixer Grinder,Home,Kolkata,Store,UPI,4,4530.67,0.05,18122.68,17216.55,0,3710.77,2024,11,November,Friday,18122.68,17216.546
2024-11-01,ORD039883,CUST03103,P017,Jeans,Fashion,Jaipur,Online,Net Banking,1,2776.45,0.1,2776.45,2498.8,0,321.84,2024,11,November,Friday,2776.45,2498.805
2024-11-01,ORD008455,CUST03435,P002,Smartphone,Electronics,Chennai,Store,Credit Card,1,27947.73,0.15,27947.73,23755.57,0,3554.43,2024,11,November,Friday,27947.73,23755.570499999998
2024-11-01,ORD013904,CUST00729,P020,Microwave,Home,Mumbai,Online,UPI,1,10962.51,0.15,10962.51,9318.13,0,1900.44,2024,11,November,Friday,10962.51,9318.1335
2024-11-01,ORD015545,CUST00827,P006,Desk,Furniture,Ahmedabad,Store,Credit Card,1,13102.65,0.15,13102.65,11137.25,0,966.75,2024,11,November,Friday,13102.65,11137.252499999999
2024-11-01,ORD031514,CUST02599,P013,Monitor,Electronics,Mumbai,Online,UPI,5,19092.32,0.05,95461.6,90688.52,0,10300.3,2024,11,November,Friday,95461.6,90688.52
2024-11-01,ORD049163,CUST03912,P019,Vacuum Cleaner,Home,Surat,Online,Cash,2,9128.36,0.25,18256.72,13692.54,0,2821.74,2024,11,November,Friday,18256.72,13692.54
2024-11-02,ORD001710,CUST02922,P016,Sofa,Furniture,Jaipur,Online,Debit Card,2,33348.47,0.05,66696.94,63362.09,0,6914.32,2024,11,November,Saturday,66696.94,63362.093
2024-11-02,ORD033243,CUST01874,P010,Coffee Maker,Home,Ahmedabad,Store,Net Banking,3,5895.1,0.2,17685.3,14148.24,0,2626.78,2024,11,November,Saturday,17685.300000000003,14148.24
2024-11-02,ORD011636,CUST04168,P002,Smartphone,Electronics,Ahmedabad,Store,UPI,1,27776.3,0.25,27776.3,20832.22,0,1200.69,2024,11,November,Saturday,27776.3,20832.225
2024-11-02,ORD008767,CUST04186,P018,Jacket,Fashion,Mumbai,Store,Credit Card,1,5589.7,0.15,5589.7,4751.24,0,585.51,2024,11,November,Saturday,5589.7,4751.245
2024-11-02,ORD027969,CUST00998,P015,Dining Table,Furniture,Jaipur,Online,Cash,1,20195.11,0.15,20195.11,17165.84,0,4314.35,2024,11,November,Saturday,20195.11,17165.8435
2024-11-02,ORD041945,CUST01476,P018,Jacket,Fashion,Kolkata,Online,UPI,1,5159.97,0.05,5159.97,4901.97,0,619.29,2024,11,November,Saturday,5159.97,4901.9715
2024-11-02,ORD041832,CUST02695,P017,Jeans,Fashion,Hyderabad,Store,Credit Card,1,2646.44,0.05,2646.44,2514.12,0,192.12,2024,11,November,Saturday,2646.44,2514.118
2024-11-02,ORD029581,CUST04905,P001,Laptop,Electronics,Chennai,Online,Cash,2,68176.15,0.0,136352.3,136352.3,0,27611.43,2024,11,November,Saturday,136352.3,136352.3
2024-11-02,ORD038485,CUST02859,P008,Running Shoes,Fashion,Delhi,Online,Debit Card,2,4581.39,0.1,9162.78,8246.5,0,1206.82,2024,11,November,Saturday,9162.78,8246.502
2024-11-02,ORD003388,CUST02558,P017,Jeans,Fashion,Kolkata,Store,UPI,1,2913.68,0.05,2913.68,2768.0,0,336.04,2024,11,November,Saturday,2913.68,2767.9959999999996
2024-11-02,ORD008393,CUST02962,P013,Monitor,Electronics,Chennai,Store,Credit Card,1,16854.34,0.2,16854.34,13483.47,0,2890.16,2024,11,November,Saturday,16854.34,13483.472000000002
2024-11-02,ORD028884,CUST01705,P017,Jeans,Fashion,Mumbai,Store,Debit Card,5,2775.1,0.25,13875.5,10406.62,0,837.97,2024,11,November,Saturday,13875.5,10406.625
2024-11-02,ORD030985,CUST01772,P001,Laptop,Electronics,Hyderabad,Online,UPI,1,71306.8,0.0,71306.8,71306.8,0,18155.85,2024,11,November,Saturday,71306.8,71306.8
2024-11-02,ORD006714,CUST03233,P007,Backpack,Accessories,Mumbai,Online,Credit Card,2,2260.64,0.1,4521.28,4069.15,0,726.43,2024,11,November,Saturday,4521.28,4069.152
2024-11-02,ORD031079,CUST00200,P009,T-Shirt,Fashion,Kolkata,Online,Credit Card,1,1222.14,0.1,1222.14,1099.93,0,278.72,2024,11,November,Saturday,1222.14,1099.9260000000002
2024-11-02,ORD049544,CUST00033,P011,Mixer Grinder,Home,Mumbai,Online,Credit Card,1,4986.23,0.0,4986.23,4986.23,0,541.86,2024,11,November,Saturday,4986.23,4986.23
2024-11-02,ORD028752,CUST04898,P007,Backpack,Accessories,Jaipur,Online,Credit Card,5,2237.38,0.05,11186.9,10627.56,0,2270.47,2024,11,November,Saturday,11186.900000000001,10627.554999999998
2024-11-02,ORD003480,CUST04855,P013,Monitor,Electronics,Surat,Online,Credit Card,1,19793.35,0.0,19793.35,19793.35,0,4289.61,2024,11,November,Saturday,19793.35,19793.35
2024-11-02,ORD004877,CUST03517,P003,Headphones,Electronics,Mumbai,Online,Debit Card,3,4596.36,0.0,13789.08,13789.08,0,1730.37,2024,11,November,Saturday,13789.079999999998,13789.08
2024-11-02,ORD033507,CUST00901,P010,Coffee Maker,Home,Chennai,Store,UPI,1,6009.38,0.15,6009.38,5107.97,1,-255.4,2024,11,November,Saturday,6009.38,5107.973
2024-11-02,ORD000780,CUST01363,P007,Backpack,Accessories,Chennai,Store,Credit Card,2,2093.39,0.1,4186.78,3768.1,0,704.43,2024,11,November,Saturday,4186.78,3768.102
2024-11-02,ORD004825,CUST04167,P011,Mixer Grinder,Home,Delhi,Online,Debit Card,1,4928.45,0.25,4928.45,3696.34,0,313.59,2024,11,November,Saturday,4928.45,3696.3374999999996
2024-11-02,ORD011373,CUST03238,P008,Running Shoes,Fashion,Ahmedabad,Online,UPI,3,3829.77,0.25,11489.31,8616.98,0,468.61,2024,11,November,Saturday,11489.31,8616.9825
2024-11-02,ORD026154,CUST01818,P005,Office Chair,Furniture,Ahmedabad,Store,UPI,1,9278.87,0.1,9278.87,8350.98,0,1685.24,2024,11,November,Saturday,9278.87,8350.983
2024-11-02,ORD035679,CUST03845,P002,Smartphone,Electronics,Surat,Online,UPI,1,30274.87,0.05,30274.87,28761.13,0,4359.88,2024,11,November,Saturday,30274.87,28761.1265
2024-11-02,ORD042570,CUST03752,P006,Desk,Furniture,Surat,Online,Net Banking,1,11446.75,0.1,11446.75,10302.08,0,2261.13,2024,11,November,Saturday,11446.75,10302.075
2024-11-02,ORD048848,CUST02840,P017,Jeans,Fashion,Chennai,Online,UPI,1,2789.06,0.1,2789.06,2510.15,0,630.56,2024,11,November,Saturday,2789.06,2510.154
2024-11-02,ORD006742,CUST01242,P019,Vacuum Cleaner,Home,Ahmedabad,Store,Debit Card,1,8801.31,0.05,8801.31,8361.24,0,1292.26,2024,11,November,Saturday,8801.31,8361.244499999999
2024-11-02,ORD015031,CUST03471,P007,Backpack,Accessories,Surat,Online,Cash,1,2293.79,0.05,2293.79,2179.1,0,378.73,2024,11,November,Saturday,2293.79,2179.1005
2024-11-02,ORD027291,CUST01292,P018,Jacket,Fashion,Jaipur,Store,Net Banking,1,5482.7,0.05,5482.7,5208.56,0,712.71,2024,11,November,Saturday,5482.7,5208.565
2024-11-02,ORD001643,CUST01774,P010,Coffee Maker,Home,Kolkata,Online,UPI,1,5447.59,0.1,5447.59,4902.83,0,326.87,2024,11,November,Saturday,5447.59,4902.831
2024-11-02,ORD041406,CUST03402,P013,Monitor,Electronics,Chennai,Online,UPI,3,16387.5,0.05,49162.5,46704.38,0,12822.76,2024,11,November,Saturday,49162.5,46704.375
2024-11-02,ORD022360,CUST02005,P018,Jacket,Fashion,Hyderabad,Store,Debit Card,1,5648.13,0.05,5648.13,5365.72,0,1225.17,2024,11,November,Saturday,5648.13,5365.7235
2024-11-02,ORD025974,CUST01503,P012,Air Fryer,Home,Pune,Online,Credit Card,1,6560.01,0.1,6560.01,5904.01,0,415.19,2024,11,November,Saturday,6560.01,5904.009
2024-11-02,ORD034797,CUST03779,P010,Coffee Maker,Home,Delhi,Online,Debit Card,1,5381.66,0.1,5381.66,4843.49,0,1344.01,2024,11,November,Saturday,5381.66,4843.494
2024-11-02,ORD019763,CUST02593,P017,Jeans,Fashion,Jaipur,Online,Credit Card,4,3064.81,0.0,12259.24,12259.24,0,2668.0,2024,11,November,Saturday,12259.24,12259.24
2024-11-02,ORD029063,CUST02929,P005,Office Chair,Furniture,Ahmedabad,Store,UPI,1,9583.37,0.0,9583.37,9583.37,0,2750.66,2024,11,November,Saturday,9583.37,9583.37
2024-11-02,ORD007712,CUST00934,P015,Dining Table,Furniture,Bengaluru,Online,UPI,1,21077.69,0.1,21077.69,18969.92,0,3443.43,2024,11,November,Saturday,21077.69,18969.921
2024-11-02,ORD005985,CUST03837,P013,Monitor,Electronics,Ahmedabad,Online,Debit Card,1,17855.38,0.05,17855.38,16962.61,0,2150.14,2024,11,November,Saturday,17855.38,16962.611
2024-11-02,ORD040983,CUST03693,P013,Monitor,Electronics,Hyderabad,Online,Net Banking,1,18835.48,0.1,18835.48,16951.93,0,1988.52,2024,11,November,Saturday,18835.48,16951.932
2024-11-02,ORD008131,CUST00967,P014,Keyboard,Electronics,Mumbai,Online,Debit Card,2,2512.71,0.25,5025.42,3769.06,0,935.84,2024,11,November,Saturday,5025.42,3769.065
2024-11-02,ORD040932,CUST00936,P003,Headphones,Electronics,Delhi,Store,UPI,1,4088.29,0.15,4088.29,3475.05,0,429.49,2024,11,November,Saturday,4088.29,3475.0465
2024-11-02,ORD047965,CUST00624,P010,Coffee Maker,Home,Hyderabad,Store,UPI,1,5723.77,0.05,5723.77,5437.58,0,1028.13,2024,11,November,Saturday,5723.77,5437.5815
2024-11-02,ORD004495,CUST01821,P005,Office Chair,Furniture,Mumbai,Online,Cash,3,10217.89,0.25,30653.67,22990.25,0,4450.48,2024,11,November,Saturday,30653.67,22990.2525
2024-11-02,ORD046976,CUST00355,P013,Monitor,Electronics,Bengaluru,Online,Credit Card,1,16298.87,0.25,16298.87,12224.15,0,2955.77,2024,11,November,Saturday,16298.87,12224.1525
2024-11-02,ORD029104,CUST02977,P017,Jeans,Fashion,Mumbai,Store,Debit Card,2,2939.57,0.05,5879.14,5585.18,0,872.6,2024,11,November,Saturday,5879.14,5585.183
2024-11-02,ORD048005,CUST03668,P020,Microwave,Home,Chennai,Online,Debit Card,1,11034.96,0.1,11034.96,9931.46,0,1361.88,2024,11,November,Saturday,11034.96,9931.464
2024-11-02,ORD037421,CUST01653,P019,Vacuum Cleaner,Home,Hyderabad,Online,UPI,3,9298.43,0.25,27895.29,20921.47,0,2969.56,2024,11,November,Saturday,27895.29,20921.4675
2024-11-02,ORD029926,CUST00178,P019,Vacuum Cleaner,Home,Hyderabad,Store,UPI,1,8582.75,0.05,8582.75,8153.61,0,1967.58,2024,11,November,Saturday,8582.75,8153.612499999999
2024-11-02,ORD006016,CUST02070,P011,Mixer Grinder,Home,Kolkata,Online,Debit Card,1,4409.48,0.1,4409.48,3968.53,1,-198.43,2024,11,November,Saturday,4409.48,3968.5319999999997
2024-11-02,ORD005214,CUST01217,P002,Smartphone,Electronics,Hyderabad,Online,Credit Card,3,25903.77,0.0,77711.31,77711.31,0,20642.66,2024,11,November,Saturday,77711.31,77711.31
2024-11-02,ORD046094,CUST01642,P010,Coffee Maker,Home,Pune,Store,Debit Card,1,5477.02,0.05,5477.02,5203.17,0,841.65,2024,11,November,Saturday,5477.02,5203.169
2024-11-02,ORD012600,CUST03003,P005,Office Chair,Furniture,Bengaluru,Store,Cash,1,8902.99,0.0,8902.99,8902.99,0,1689.35,2024,11,November,Saturday,8902.99,8902.99
2024-11-02,ORD042143,CUST04100,P012,Air Fryer,Home,Mumbai,Store,UPI,1,7482.53,0.25,7482.53,5611.9,0,224.48,2024,11,November,Saturday,7482.53,5611.8975
2024-11-02,ORD046024,CUST01163,P002,Smartphone,Electronics,Ahmedabad,Online,UPI,2,26096.78,0.0,52193.56,52193.56,0,5837.27,2024,11,November,Saturday,52193.56,52193.56
2024-11-02,ORD030867,CUST03711,P018,Jacket,Fashion,Bengaluru,Store,Net Banking,1,4852.05,0.1,4852.05,4366.84,0,822.67,2024,11,November,Saturday,4852.05,4366.845
2024-11-02,ORD032846,CUST04669,P012,Air Fryer,Home,Bengaluru,Online,Debit Card,1,7877.71,0.15,7877.71,6696.05,0,1199.67,2024,11,November,Saturday,7877.71,6696.0535
2024-11-02,ORD012218,CUST02991,P004,Smartwatch,Electronics,Jaipur,Store,Credit Card,1,6862.25,0.0,6862.25,6862.25,0,1702.6,2024,11,November,Saturday,6862.25,6862.25
2024-11-03,ORD016378,CUST03414,P016,Sofa,Furniture,Chennai,Store,UPI,4,32435.74,0.1,129742.96,116768.66,0,19615.58,2024,11,November,Sunday,129742.96,116768.664
2024-11-03,ORD016284,CUST01764,P015,Dining Table,Furniture,Kolkata,Store,Credit Card,1,22890.48,0.2,22890.48,18312.38,0,3271.31,2024,11,November,Sunday,22890.48,18312.384000000002
2024-11-03,ORD010346,CUST02450,P020,Microwave,Home,Chennai,Store,UPI,1,11406.18,0.1,11406.18,10265.56,0,1142.13,2024,11,November,Sunday,11406.18,10265.562
2024-11-03,ORD045470,CUST00189,P004,Smartwatch,Electronics,Jaipur,Store,Credit Card,4,7557.13,0.2,30228.52,24182.82,1,-1209.14,2024,11,November,Sunday,30228.52,24182.816000000003
2024-11-03,ORD021444,CUST00437,P001,Laptop,Electronics,Ahmedabad,Online,UPI,2,71384.08,0.05,142768.16,135629.75,0,20294.55,2024,11,November,Sunday,142768.16,135629.752
2024-11-03,ORD002552,CUST04553,P007,Backpack,Accessories,Hyderabad,Store,Debit Card,1,2419.04,0.05,2419.04,2298.09,0,437.15,2024,11,November,Sunday,2419.04,2298.0879999999997
2024-11-03,ORD002375,CUST01119,P020,Microwave,Home,Surat,Online,UPI,4,12028.34,0.1,48113.36,43302.02,0,7147.54,2024,11,November,Sunday,48113.36,43302.024000000005
2024-11-03,ORD006826,CUST01444,P020,Microwave,Home,Delhi,Store,Debit Card,1,10382.62,0.0,10382.62,10382.62,0,1679.79,2024,11,November,Sunday,10382.62,10382.62
2024-11-03,ORD046236,CUST03815,P008,Running Shoes,Fashion,Bengaluru,Store,UPI,1,3814.54,0.1,3814.54,3433.09,0,719.78,2024,11,November,Sunday,3814.54,3433.0860000000002
2024-11-03,ORD032430,CUST01745,P016,Sofa,Furniture,Bengaluru,Online,Credit Card,2,32918.48,0.1,65836.96,59253.26,0,12578.46,2024,11,November,Sunday,65836.96,59253.26400000001
2024-11-03,ORD041414,CUST04319,P012,Air Fryer,Home,Mumbai,Online,Credit Card,1,6969.37,0.0,6969.37,6969.37,0,573.28,2024,11,November,Sunday,6969.37,6969.37
2024-11-03,ORD019413,CUST03780,P007,Backpack,Accessories,Chennai,Store,Cash,1,2184.59,0.0,2184.59,2184.59,0,510.47,2024,11,November,Sunday,2184.59,2184.59
2024-11-03,ORD004570,CUST04347,P009,T-Shirt,Fashion,Jaipur,Online,Credit Card,1,1236.15,0.05,1236.15,1174.34,0,288.19,2024,11,November,Sunday,1236.15,1174.3425
2024-11-03,ORD012626,CUST01082,P006,Desk,Furniture,Ahmedabad,Store,UPI,3,12921.3,0.15,38763.9,32949.31,0,3875.6,2024,11,November,Sunday,38763.899999999994,32949.315
2024-11-03,ORD045371,CUST03148,P013,Monitor,Electronics,Delhi,Store,UPI,2,17444.15,0.05,34888.3,33143.88,0,4044.7,2024,11,November,Sunday,34888.3,33143.885
2024-11-03,ORD000175,CUST04279,P005,Office Chair,Furniture,Delhi,Online,UPI,4,8758.5,0.1,35034.0,31530.6,0,5043.73,2024,11,November,Sunday,35034.0,31530.600000000002
2024-11-03,ORD011321,CUST01587,P014,Keyboard,Electronics,Kolkata,Store,Credit Card,1,2720.26,0.15,2720.26,2312.22,0,436.34,2024,11,November,Sunday,2720.26,2312.221
2024-11-03,ORD037369,CUST00060,P012,Air Fryer,Home,Hyderabad,Online,UPI,1,6859.47,0.15,6859.47,5830.55,0,1074.21,2024,11,November,Sunday,6859.47,5830.5495
2024-11-03,ORD045053,CUST00019,P014,Keyboard,Electronics,Kolkata,Online,Credit Card,1,2260.36,0.0,2260.36,2260.36,0,306.39,2024,11,November,Sunday,2260.36,2260.36
2024-11-03,ORD025212,CUST02342,P015,Dining Table,Furniture,Pune,Store,Debit Card,2,19919.72,0.0,39839.44,39839.44,0,9375.01,2024,11,November,Sunday,39839.44,39839.44
2024-11-03,ORD006671,CUST04920,P007,Backpack,Accessories,Delhi,Online,Credit Card,1,2413.42,0.1,2413.42,2172.08,0,400.08,2024,11,November,Sunday,2413.42,2172.078
2024-11-03,ORD036290,CUST01159,P005,Office Chair,Furniture,Ahmedabad,Online,Credit Card,5,8596.15,0.05,42980.75,40831.71,0,9491.12,2024,11,November,Sunday,42980.75,40831.7125
2024-11-03,ORD001132,CUST03547,P004,Smartwatch,Electronics,Surat,Online,Net Banking,1,7107.47,0.1,7107.47,6396.72,0,950.56,2024,11,November,Sunday,7107.47,6396.723
2024-11-03,ORD049035,CUST00136,P019,Vacuum Cleaner,Home,Surat,Online,Credit Card,2,9083.57,0.25,18167.14,13625.36,0,806.61,2024,11,November,Sunday,18167.14,13625.355
2024-11-03,ORD007487,CUST02919,P006,Desk,Furniture,Hyderabad,Online,Debit Card,1,11635.51,0.05,11635.51,11053.73,0,1425.76,2024,11,November,Sunday,11635.51,11053.7345
2024-11-03,ORD007245,CUST04097,P006,Desk,Furniture,Jaipur,Online,UPI,4,12098.0,0.15,48392.0,41133.2,0,8592.29,2024,11,November,Sunday,48392.0,41133.2
2024-11-03,ORD025249,CUST02826,P009,T-Shirt,Fashion,Kolkata,Online,UPI,1,1278.35,0.1,1278.35,1150.51,0,258.35,2024,11,November,Sunday,1278.35,1150.5149999999999
2024-11-03,ORD001173,CUST02774,P010,Coffee Maker,Home,Delhi,Online,Credit Card,1,5392.21,0.0,5392.21,5392.21,1,-269.61,2024,11,November,Sunday,5392.21,5392.21
2024-11-03,ORD046747,CUST04051,P016,Sofa,Furniture,Delhi,Store,Credit Card,2,38192.48,0.2,76384.96,61107.97,0,11759.24,2024,11,November,Sunday,76384.96,61107.96800000001
2024-11-03,ORD003507,CUST00194,P006,Desk,Furniture,Jaipur,Online,Credit Card,2,12016.82,0.1,24033.64,21630.28,0,4400.87,2024,11,November,Sunday,24033.64,21630.276
2024-11-03,ORD009031,CUST01878,P020,Microwave,Home,Pune,Online,Credit Card,3,11640.53,0.1,34921.59,31429.43,0,8664.75,2024,11,November,Sunday,34921.590000000004,31429.430999999997
2024-11-03,ORD005954,CUST00318,P014,Keyboard,Electronics,Delhi,Online,Debit Card,1,2657.63,0.05,2657.63,2524.75,0,199.74,2024,11,November,Sunday,2657.63,2524.7485
2024-11-03,ORD048920,CUST02009,P011,Mixer Grinder,Home,Mumbai,Online,UPI,1,4437.83,0.0,4437.83,4437.83,0,945.74,2024,11,November,Sunday,4437.83,4437.83
2024-11-03,ORD019998,CUST01253,P019,Vacuum Cleaner,Home,Delhi,Store,UPI,2,8196.47,0.15,16392.94,13934.0,0,3721.02,2024,11,November,Sunday,16392.94,13933.998999999998
2024-11-03,ORD013357,CUST02497,P003,Headphones,Electronics,Chennai,Online,UPI,1,4735.61,0.05,4735.61,4498.83,0,1253.34,2024,11,November,Sunday,4735.61,4498.8295
2024-11-03,ORD022971,CUST01644,P010,Coffee Maker,Home,Chennai,Online,Credit Card,2,5125.7,0.1,10251.4,9226.26,0,1035.07,2024,11,November,Sunday,10251.4,9226.26
2024-11-03,ORD049527,CUST04877,P020,Microwave,Home,Hyderabad,Online,Debit Card,2,10148.47,0.1,20296.94,18267.25,0,3214.16,2024,11,November,Sunday,20296.94,18267.246
2024-11-03,ORD021060,CUST00145,P012,Air Fryer,Home,Chennai,Online,UPI,1,7873.18,0.0,7873.18,7873.18,0,1387.11,2024,11,November,Sunday,7873.18,7873.18
2024-11-03,ORD021408,CUST03165,P004,Smartwatch,Electronics,Hyderabad,Store,UPI,2,7496.45,0.1,14992.9,13493.61,0,2835.22,2024,11,November,Sunday,14992.9,13493.61
2024-11-03,ORD029587,CUST04653,P014,Keyboard,Electronics,Pune,Online,UPI,1,2266.61,0.0,2266.61,2266.61,0,341.4,2024,11,November,Sunday,2266.61,2266.61
2024-11-03,ORD031038,CUST01985,P007,Backpack,Accessories,Mumbai,Store,Credit Card,2,2408.34,0.0,4816.68,4816.68,0,1172.14,2024,11,November,Sunday,4816.68,4816.68
2024-11-03,ORD032413,CUST04486,P011,Mixer Grinder,Home,Kolkata,Online,UPI,2,4518.15,0.1,9036.3,8132.67,0,1787.21,2024,11,November,Sunday,9036.3,8132.669999999999
2024-11-03,ORD040449,CUST03092,P013,Monitor,Electronics,Chennai,Online,UPI,5,19748.43,0.0,98742.15,98742.15,0,27115.83,2024,11,November,Sunday,98742.15,98742.15
2024-11-03,ORD040450,CUST00199,P011,Mixer Grinder,Home,Hyderabad,Online,Credit Card,1,4792.89,0.05,4792.89,4553.25,0,512.06,2024,11,November,Sunday,4792.89,4553.2455
2024-11-03,ORD048123,CUST04351,P016,Sofa,Furniture,Jaipur,Online,UPI,1,37771.68,0.1,37771.68,33994.51,0,9449.89,2024,11,November,Sunday,37771.68,33994.512
2024-11-03,ORD003955,CUST03191,P018,Jacket,Fashion,Delhi,Online,UPI,1,4906.62,0.15,4906.62,4170.63,0,891.68,2024,11,November,Sunday,4906.62,4170.6269999999995
2024-11-03,ORD023887,CUST02155,P010,Coffee Maker,Home,Jaipur,Online,Net Banking,1,5222.71,0.2,5222.71,4178.17,0,182.55,2024,11,November,Sunday,5222.71,4178.168000000001
2024-11-03,ORD005872,CUST04513,P005,Office Chair,Furniture,Surat,Online,UPI,1,8575.77,0.05,8575.77,8146.98,0,1092.74,2024,11,November,Sunday,8575.77,8146.9815
2024-11-03,ORD006428,CUST02635,P002,Smartphone,Electronics,Bengaluru,Online,Cash,1,30223.82,0.2,30223.82,24179.06,0,4060.11,2024,11,November,Sunday,30223.82,24179.056
2024-11-03,ORD040801,CUST02579,P017,Jeans,Fashion,Ahmedabad,Online,UPI,2,2547.64,0.1,5095.28,4585.75,0,436.38,2024,11,November,Sunday,5095.28,4585.7519999999995
2024-11-03,ORD026935,CUST03483,P003,Headphones,Electronics,Kolkata,Online,Debit Card,1,4660.82,0.15,4660.82,3961.7,0,345.61,2024,11,November,Sunday,4660.82,3961.6969999999997
2024-11-03,ORD006000,CUST01415,P007,Backpack,Accessories,Hyderabad,Online,Credit Card,3,2324.03,0.0,6972.09,6972.09,0,769.17,2024,11,November,Sunday,6972.09,6972.09
2024-11-03,ORD007868,CUST01757,P002,Smartphone,Electronics,Mumbai,Online,Debit Card,1,26791.42,0.0,26791.42,26791.42,0,6899.04,2024,11,November,Sunday,26791.42,26791.42
2024-11-03,ORD010151,CUST00239,P018,Jacket,Fashion,Jaipur,Online,Net Banking,2,4870.47,0.05,9740.94,9253.89,0,2127.76,2024,11,November,Sunday,9740.94,9253.893
2024-11-03,ORD013839,CUST03699,P013,Monitor,Electronics,Chennai,Online,UPI,1,17315.35,0.15,17315.35,14718.05,0,1832.88,2024,11,November,Sunday,17315.35,14718.047499999999
2024-11-03,ORD043455,CUST00241,P006,Desk,Furniture,Surat,Online,UPI,1,13176.86,0.15,13176.86,11200.33,0,2927.65,2024,11,November,Sunday,13176.86,11200.331
2024-11-03,ORD002347,CUST02172,P003,Headphones,Electronics,Delhi,Store,Net Banking,1,4236.52,0.05,4236.52,4024.69,0,715.0,2024,11,November,Sunday,4236.52,4024.6940000000004
2024-11-03,ORD020765,CUST03714,P013,Monitor,Electronics,Chennai,Online,UPI,1,19310.18,0.2,19310.18,15448.14,0,947.48,2024,11,November,Sunday,19310.18,15448.144
2024-11-03,ORD012664,CUST02761,P003,Headphones,Electronics,Ahmedabad,Store,Credit Card,1,4458.98,0.05,4458.98,4236.03,0,706.55,2024,11,November,Sunday,4458.98,4236.030999999999
2024-11-03,ORD026364,CUST04271,P007,Backpack,Accessories,Jaipur,Online,UPI,1,2076.35,0.1,2076.35,1868.72,0,426.52,2024,11,November,Sunday,2076.35,1868.715
2024-11-03,ORD015874,CUST01117,P011,Mixer Grinder,Home,Pune,Store,UPI,1,5111.02,0.0,5111.02,5111.02,0,1177.96,2024,11,November,Sunday,5111.02,5111.02
2024-11-03,ORD015534,CUST00263,P020,Microwave,Home,Ahmedabad,Online,UPI,1,10940.09,0.2,10940.09,8752.07,0,861.74,2024,11,November,Sunday,10940.09,8752.072
2024-11-03,ORD038036,CUST00642,P004,Smartwatch,Electronics,Chennai,Store,UPI,1,7275.8,0.0,7275.8,7275.8,0,1795.28,2024,11,November,Sunday,7275.8,7275.8
2024-11-03,ORD018157,CUST01484,P018,Jacket,Fashion,Jaipur,Online,Cash,2,5009.14,0.15,10018.28,8515.54,0,1192.56,2024,11,November,Sunday,10018.28,8515.538
2024-11-04,ORD048509,CUST02861,P007,Backpack,Accessories,Delhi,Store,Credit Card,1,2177.19,0.1,2177.19,1959.47,0,212.85,2024,11,November,Monday,2177.19,1959.471
2024-11-04,ORD046342,CUST03639,P006,Desk,Furniture,Mumbai,Store,UPI,1,12233.51,0.15,12233.51,10398.48,0,2225.03,2024,11,November,Monday,12233.51,10398.4835
2024-11-04,ORD029713,CUST02822,P009,T-Shirt,Fashion,Delhi,Online,Credit Card,1,1210.23,0.05,1210.23,1149.72,0,177.58,2024,11,November,Monday,1210.23,1149.7185
2024-11-04,ORD001366,CUST02049,P013,Monitor,Electronics,Surat,Online,UPI,2,18515.44,0.05,37030.88,35179.34,0,5574.98,2024,11,November,Monday,37030.88,35179.335999999996
2024-11-04,ORD019569,CUST04274,P017,Jeans,Fashion,Delhi,Online,UPI,1,2883.06,0.1,2883.06,2594.75,0,560.56,2024,11,November,Monday,2883.06,2594.754
2024-11-04,ORD016583,CUST04425,P015,Dining Table,Furniture,Pune,Online,UPI,1,20348.63,0.0,20348.63,20348.63,0,4097.49,2024,11,November,Monday,20348.63,20348.63
2024-11-04,ORD023226,CUST00857,P011,Mixer Grinder,Home,Jaipur,Online,UPI,5,4348.07,0.2,21740.35,17392.28,0,1025.27,2024,11,November,Monday,21740.35,17392.28
2024-11-04,ORD018994,CUST02550,P017,Jeans,Fashion,Kolkata,Store,Credit Card,1,2766.56,0.2,2766.56,2213.25,0,167.88,2024,11,November,Monday,2766.56,2213.248
2024-11-04,ORD034766,CUST00506,P020,Microwave,Home,Kolkata,Store,Credit Card,3,11082.39,0.0,33247.17,33247.17,0,8982.42,2024,11,November,Monday,33247.17,33247.17
2024-11-04,ORD029753,CUST00880,P017,Jeans,Fashion,Kolkata,Store,Credit Card,1,2854.25,0.15,2854.25,2426.11,0,534.15,2024,11,November,Monday,2854.25,2426.1124999999997
2024-11-04,ORD036344,CUST00645,P001,Laptop,Electronics,Ahmedabad,Online,Credit Card,1,70824.25,0.15,70824.25,60200.61,0,4007.73,2024,11,November,Monday,70824.25,60200.612499999996
2024-11-04,ORD015352,CUST03862,P012,Air Fryer,Home,Kolkata,Online,Debit Card,1,6667.93,0.1,6667.93,6001.14,0,1538.85,2024,11,November,Monday,6667.93,6001.137000000001
2024-11-04,ORD047632,CUST03136,P003,Headphones,Electronics,Mumbai,Online,UPI,1,4537.24,0.05,4537.24,4310.38,0,976.76,2024,11,November,Monday,4537.24,4310.378
2024-11-04,ORD018287,CUST02880,P014,Keyboard,Electronics,Bengaluru,Online,UPI,2,2691.23,0.25,5382.46,4036.84,0,438.43,2024,11,November,Monday,5382.46,4036.8450000000003
2024-11-04,ORD026067,CUST03023,P004,Smartwatch,Electronics,Kolkata,Store,Debit Card,2,6558.31,0.15,13116.62,11149.13,0,832.64,2024,11,November,Monday,13116.62,11149.127
2024-11-04,ORD010232,CUST03845,P014,Keyboard,Electronics,Hyderabad,Online,Credit Card,1,2640.51,0.0,2640.51,2640.51,0,435.27,2024,11,November,Monday,2640.51,2640.51
2024-11-04,ORD019509,CUST04902,P019,Vacuum Cleaner,Home,Hyderabad,Online,Cash,1,8439.75,0.0,8439.75,8439.75,0,2001.12,2024,11,November,Monday,8439.75,8439.75
2024-11-04,ORD010207,CUST01093,P009,T-Shirt,Fashion,Kolkata,Online,Cash,2,1121.63,0.1,2243.26,2018.93,0,385.72,2024,11,November,Monday,2243.26,2018.9340000000002
2024-11-04,ORD042830,CUST01629,P001,Laptop,Electronics,Jaipur,Online,Cash,2,59131.42,0.2,118262.84,94610.27,0,13684.67,2024,11,November,Monday,118262.84,94610.272
2024-11-04,ORD038526,CUST01189,P006,Desk,Furniture,Surat,Online,UPI,3,12586.59,0.1,37759.77,33983.79,0,9244.17,2024,11,November,Monday,37759.770000000004,33983.793
2024-11-04,ORD037872,CUST00853,P004,Smartwatch,Electronics,Bengaluru,Online,UPI,3,7324.38,0.1,21973.14,19775.83,0,5528.08,2024,11,November,Monday,21973.14,19775.826
2024-11-04,ORD048667,CUST02934,P017,Jeans,Fashion,Hyderabad,Store,Credit Card,1,2948.27,0.2,2948.27,2358.62,0,203.32,2024,11,November,Monday,2948.27,2358.616
2024-11-04,ORD014715,CUST00722,P008,Running Shoes,Fashion,Surat,Online,UPI,1,4099.29,0.1,4099.29,3689.36,0,988.0,2024,11,November,Monday,4099.29,3689.361
2024-11-04,ORD002848,CUST04695,P015,Dining Table,Furniture,Chennai,Online,UPI,3,22788.86,0.1,68366.58,61529.92,0,9668.8,2024,11,November,Monday,68366.58,61529.922000000006
2024-11-04,ORD000708,CUST03768,P002,Smartphone,Electronics,Hyderabad,Store,UPI,1,27997.57,0.2,27997.57,22398.06,0,3906.78,2024,11,November,Monday,27997.57,22398.056
2024-11-04,ORD013031,CUST04253,P008,Running Shoes,Fashion,Chennai,Online,UPI,1,3886.72,0.15,3886.72,3303.71,0,619.27,2024,11,November,Monday,3886.72,3303.7119999999995
2024-11-04,ORD046417,CUST03115,P001,Laptop,Electronics,Hyderabad,Online,Debit Card,1,64920.76,0.0,64920.76,64920.76,0,18525.97,2024,11,November,Monday,64920.76,64920.76
2024-11-04,ORD004571,CUST02970,P009,T-Shirt,Fashion,Mumbai,Online,Debit Card,1,1176.35,0.0,1176.35,1176.35,0,259.23,2024,11,November,Monday,1176.35,1176.35
2024-11-04,ORD038134,CUST03277,P014,Keyboard,Electronics,Jaipur,Store,UPI,4,2523.97,0.1,10095.88,9086.29,0,1834.86,2024,11,November,Monday,10095.88,9086.292
2024-11-04,ORD000439,CUST04470,P012,Air Fryer,Home,Kolkata,Online,Credit Card,1,6983.91,0.05,6983.91,6634.71,0,1913.14,2024,11,November,Monday,6983.91,6634.714499999999
2024-11-04,ORD048127,CUST02437,P001,Laptop,Electronics,Chennai,Online,UPI,1,64678.84,0.05,64678.84,61444.9,0,4829.2,2024,11,November,Monday,64678.84,61444.897999999994
2024-11-04,ORD023047,CUST03732,P003,Headphones,Electronics,Mumbai,Online,UPI,1,4101.31,0.1,4101.31,3691.18,0,977.16,2024,11,November,Monday,4101.31,3691.1790000000005
2024-11-04,ORD047001,CUST02364,P005,Office Chair,Furniture,Kolkata,Online,Debit Card,2,10027.07,0.15,20054.14,17046.02,0,3883.6,2024,11,November,Monday,20054.14,17046.019
2024-11-04,ORD010798,CUST03274,P005,Office Chair,Furniture,Jaipur,Online,Debit Card,3,10025.62,0.0,30076.86,30076.86,0,4250.78,2024,11,November,Monday,30076.86,30076.86
2024-11-04,ORD027088,CUST02183,P011,Mixer Grinder,Home,Chennai,Store,UPI,1,4604.04,0.1,4604.04,4143.64,0,268.69,2024,11,November,Monday,4604.04,4143.636
2024-11-04,ORD038693,CUST03983,P012,Air Fryer,Home,Chennai,Online,Credit Card,2,6988.91,0.1,13977.82,12580.04,0,2072.33,2024,11,November,Monday,13977.82,12580.038
2024-11-04,ORD029215,CUST04627,P006,Desk,Furniture,Delhi,Online,UPI,1,11857.77,0.1,11857.77,10671.99,0,922.41,2024,11,November,Monday,11857.77,10671.993
2024-11-04,ORD047704,CUST01111,P004,Smartwatch,Electronics,Delhi,Online,UPI,1,7208.36,0.05,7208.36,6847.94,0,1314.86,2024,11,November,Monday,7208.36,6847.941999999999
2024-11-04,ORD019579,CUST03942,P001,Laptop,Electronics,Chennai,Store,Debit Card,1,62447.21,0.1,62447.21,56202.49,0,7483.77,2024,11,November,Monday,62447.21,56202.489
2024-11-04,ORD035012,CUST00429,P016,Sofa,Furniture,Surat,Online,Cash,2,33003.63,0.0,66007.26,66007.26,0,10391.46,2024,11,November,Monday,66007.26,66007.26
2024-11-04,ORD023080,CUST03367,P020,Microwave,Home,Hyderabad,Online,UPI,1,11746.5,0.05,11746.5,11159.18,0,1466.08,2024,11,November,Monday,11746.5,11159.175
2024-11-04,ORD014825,CUST03202,P012,Air Fryer,Home,Surat,Online,UPI,1,7307.53,0.0,7307.53,7307.53,0,2044.01,2024,11,November,Monday,7307.53,7307.53
2024-11-04,ORD010037,CUST00689,P009,T-Shirt,Fashion,Jaipur,Online,Cash,2,1197.47,0.25,2394.94,1796.2,0,383.07,2024,11,November,Monday,2394.94,1796.205
2024-11-04,ORD001212,CUST03450,P015,Dining Table,Furniture,Kolkata,Store,Cash,1,24152.39,0.1,24152.39,21737.15,0,2872.54,2024,11,November,Monday,24152.39,21737.151
2024-11-04,ORD010220,CUST01467,P005,Office Chair,Furniture,Ahmedabad,Online,Credit Card,2,9888.63,0.1,19777.26,17799.53,0,1886.17,2024,11,November,Monday,19777.26,17799.534
2024-11-04,ORD031837,CUST02319,P010,Coffee Maker,Home,Chennai,Online,Debit Card,2,5071.08,0.2,10142.16,8113.73,0,576.76,2024,11,November,Monday,10142.16,8113.728
2024-11-04,ORD002896,CUST01657,P016,Sofa,Furniture,Bengaluru,Online,Cash,1,32180.12,0.1,32180.12,28962.11,0,7465.05,2024,11,November,Monday,32180.12,28962.108
2024-11-04,ORD020204,CUST01472,P007,Backpack,Accessories,Pune,Store,Credit Card,2,2308.28,0.0,4616.56,4616.56,0,490.27,2024,11,November,Monday,4616.56,4616.56
2024-11-04,ORD002227,CUST00412,P007,Backpack,Accessories,Hyderabad,Online,UPI,1,2278.9,0.1,2278.9,2051.01,0,170.53,2024,11,November,Monday,2278.9,2051.01
2024-11-04,ORD045166,CUST02943,P015,Dining Table,Furniture,Jaipur,Store,Credit Card,1,22303.91,0.1,22303.91,20073.52,0,4201.12,2024,11,November,Monday,22303.91,20073.519
2024-11-04,ORD007883,CUST03567,P020,Microwave,Home,Delhi,Store,UPI,2,11902.09,0.05,23804.18,22613.97,0,3661.27,2024,11,November,Monday,23804.18,22613.970999999998
2024-11-04,ORD004687,CUST00054,P011,Mixer Grinder,Home,Jaipur,Online,Debit Card,2,4351.22,0.0,8702.44,8702.44,0,886.6,2024,11,November,Monday,8702.44,8702.44
2024-11-04,ORD002341,CUST00708,P020,Microwave,Home,Ahmedabad,Store,Credit Card,1,10727.44,0.1,10727.44,9654.7,0,2206.04,2024,11,November,Monday,10727.44,9654.696
2024-11-04,ORD041869,CUST02637,P013,Monitor,Electronics,Ahmedabad,Online,UPI,2,19509.6,0.0,39019.2,39019.2,0,4195.67,2024,11,November,Monday,39019.2,39019.2
2024-11-04,ORD032003,CUST03554,P020,Microwave,Home,Pune,Online,Cash,1,10289.63,0.25,10289.63,7717.22,0,455.04,2024,11,November,Monday,10289.63,7717.2225
2024-11-04,ORD026954,CUST01795,P006,Desk,Furniture,Kolkata,Online,Net Banking,1,10966.55,0.0,10966.55,10966.55,0,1897.66,2024,11,November,Monday,10966.55,10966.55
2024-11-04,ORD021501,CUST01749,P008,Running Shoes,Fashion,Jaipur,Online,Credit Card,2,3972.56,0.05,7945.12,7547.86,0,1546.4,2024,11,November,Monday,7945.12,7547.864
2024-11-04,ORD018726,CUST01025,P009,T-Shirt,Fashion,Hyderabad,Online,UPI,1,1164.18,0.0,1164.18,1164.18,0,197.28,2024,11,November,Monday,1164.18,1164.18
2024-11-04,ORD010451,CUST02071,P015,Dining Table,Furniture,Pune,Online,Debit Card,1,19874.88,0.05,19874.88,18881.14,0,3517.53,2024,11,November,Monday,19874.88,18881.136
2024-11-04,ORD026107,CUST03117,P020,Microwave,Home,Kolkata,Store,Credit Card,2,11619.49,0.1,23238.98,20915.08,0,4398.7,2024,11,November,Monday,23238.98,20915.082
2024-11-04,ORD003701,CUST03367,P005,Office Chair,Furniture,Delhi,Online,UPI,1,9458.26,0.05,9458.26,8985.35,0,764.54,2024,11,November,Monday,9458.26,8985.347
2024-11-04,ORD048058,CUST00180,P006,Desk,Furniture,Mumbai,Store,UPI,1,12658.59,0.1,12658.59,11392.73,0,1732.52,2024,11,November,Monday,12658.59,11392.731
2024-11-04,ORD034571,CUST01021,P008,Running Shoes,Fashion,Delhi,Online,Cash,1,4564.45,0.05,4564.45,4336.23,0,330.15,2024,11,November,Monday,4564.45,4336.2275
2024-11-04,ORD032799,CUST00908,P011,Mixer Grinder,Home,Delhi,Store,Credit Card,2,5090.97,0.25,10181.94,7636.46,0,791.1,2024,11,November,Monday,10181.94,7636.455
2024-11-04,ORD029683,CUST03696,P010,Coffee Maker,Home,Ahmedabad,Store,UPI,1,5641.45,0.1,5641.45,5077.3,0,987.72,2024,11,November,Monday,5641.45,5077.305
2024-11-04,ORD029040,CUST04333,P002,Smartphone,Electronics,Jaipur,Store,Debit Card,2,27461.75,0.0,54923.5,54923.5,0,9610.1,2024,11,November,Monday,54923.5,54923.5
2024-11-04,ORD006397,CUST02397,P012,Air Fryer,Home,Delhi,Store,UPI,1,7302.35,0.2,7302.35,5841.88,0,1277.37,2024,11,November,Monday,7302.35,5841.880000000001
2024-11-04,ORD014240,CUST03803,P017,Jeans,Fashion,Delhi,Online,Credit Card,1,2586.65,0.15,2586.65,2198.65,0,118.26,2024,11,November,Monday,2586.65,2198.6525
2024-11-04,ORD014533,CUST03975,P005,Office Chair,Furniture,Delhi,Online,UPI,2,9663.69,0.0,19327.38,19327.38,0,4679.73,2024,11,November,Monday,19327.38,19327.38
2024-11-04,ORD013654,CUST04465,P013,Monitor,Electronics,Kolkata,Store,UPI,2,16725.4,0.05,33450.8,31778.26,0,3062.14,2024,11,November,Monday,33450.8,31778.260000000002
2024-11-04,ORD012522,CUST00151,P003,Headphones,Electronics,Kolkata,Online,Credit Card,1,4362.98,0.0,4362.98,4362.98,0,484.38,2024,11,November,Monday,4362.98,4362.98
2024-11-04,ORD013138,CUST01125,P006,Desk,Furniture,Mumbai,Online,Net Banking,1,12248.34,0.05,12248.34,11635.92,0,2103.96,2024,11,November,Monday,12248.34,11635.922999999999
2024-11-05,ORD023897,CUST00864,P006,Desk,Furniture,Delhi,Store,Cash,1,12198.96,0.0,12198.96,12198.96,0,2576.03,2024,11,November,Tuesday,12198.96,12198.96
2024-11-05,ORD017567,CUST04332,P014,Keyboard,Electronics,Delhi,Online,Cash,1,2631.75,0.05,2631.75,2500.16,0,379.48,2024,11,November,Tuesday,2631.75,2500.1625
2024-11-05,ORD008141,CUST01669,P020,Microwave,Home,Mumbai,Store,UPI,1,10843.5,0.1,10843.5,9759.15,0,2167.15,2024,11,November,Tuesday,10843.5,9759.15
2024-11-05,ORD013188,CUST00982,P017,Jeans,Fashion,Jaipur,Online,UPI,2,2551.81,0.05,5103.62,4848.44,0,1181.33,2024,11,November,Tuesday,5103.62,4848.438999999999
2024-11-05,ORD038211,CUST04653,P011,Mixer Grinder,Home,Delhi,Online,UPI,3,4826.88,0.15,14480.64,12308.54,0,1987.84,2024,11,November,Tuesday,14480.64,12308.544
2024-11-05,ORD036951,CUST00141,P012,Air Fryer,Home,Delhi,Store,Credit Card,1,7486.57,0.1,7486.57,6737.91,0,1734.67,2024,11,November,Tuesday,7486.57,6737.913
2024-11-05,ORD013077,CUST02631,P011,Mixer Grinder,Home,Pune,Online,Credit Card,2,5152.32,0.15,10304.64,8758.94,1,-437.95,2024,11,November,Tuesday,10304.64,8758.944
2024-11-05,ORD033619,CUST04107,P007,Backpack,Accessories,Jaipur,Store,Debit Card,2,2015.15,0.0,4030.3,4030.3,0,1125.29,2024,11,November,Tuesday,4030.3,4030.3
2024-11-05,ORD006337,CUST03317,P009,T-Shirt,Fashion,Chennai,Online,UPI,3,1134.66,0.05,3403.98,3233.78,0,836.06,2024,11,November,Tuesday,3403.9800000000005,3233.781
2024-11-05,ORD002759,CUST04704,P002,Smartphone,Electronics,Kolkata,Online,Debit Card,1,29549.79,0.05,29549.79,28072.3,0,5549.62,2024,11,November,Tuesday,29549.79,28072.3005
2024-11-05,ORD033485,CUST00387,P005,Office Chair,Furniture,Pune,Store,Credit Card,4,8580.3,0.1,34321.2,30889.08,0,8144.88,2024,11,November,Tuesday,34321.2,30889.079999999998
2024-11-05,ORD047725,CUST04427,P017,Jeans,Fashion,Jaipur,Store,Credit Card,2,2706.33,0.2,5412.66,4330.13,0,1036.38,2024,11,November,Tuesday,5412.66,4330.128
2024-11-05,ORD011720,CUST00944,P018,Jacket,Fashion,Jaipur,Online,UPI,2,5258.29,0.05,10516.58,9990.75,0,1251.15,2024,11,November,Tuesday,10516.58,9990.751
2024-11-05,ORD001934,CUST04440,P004,Smartwatch,Electronics,Kolkata,Online,Credit Card,1,6676.96,0.0,6676.96,6676.96,0,1924.95,2024,11,November,Tuesday,6676.96,6676.96
2024-11-05,ORD027568,CUST03662,P012,Air Fryer,Home,Bengaluru,Online,UPI,1,7145.83,0.05,7145.83,6788.54,0,840.15,2024,11,November,Tuesday,7145.83,6788.5385
2024-11-05,ORD027975,CUST04318,P013,Monitor,Electronics,Bengaluru,Online,UPI,1,17470.62,0.05,17470.62,16597.09,0,1408.1,2024,11,November,Tuesday,17470.62,16597.089
2024-11-05,ORD038336,CUST00548,P016,Sofa,Furniture,Ahmedabad,Store,Credit Card,1,37947.7,0.1,37947.7,34152.93,0,5482.49,2024,11,November,Tuesday,37947.7,34152.93
2024-11-05,ORD007259,CUST04888,P017,Jeans,Fashion,Bengaluru,Online,Debit Card,1,2615.25,0.25,2615.25,1961.44,0,417.94,2024,11,November,Tuesday,2615.25,1961.4375
2024-11-05,ORD027990,CUST02691,P018,Jacket,Fashion,Kolkata,Online,Debit Card,2,5113.87,0.0,10227.74,10227.74,0,2214.41,2024,11,November,Tuesday,10227.74,10227.74
2024-11-05,ORD011787,CUST00068,P014,Keyboard,Electronics,Hyderabad,Online,UPI,1,2495.87,0.0,2495.87,2495.87,0,349.55,2024,11,November,Tuesday,2495.87,2495.87
2024-11-05,ORD044497,CUST02116,P010,Coffee Maker,Home,Mumbai,Store,UPI,1,5032.55,0.25,5032.55,3774.41,0,821.28,2024,11,November,Tuesday,5032.55,3774.4125000000004
2024-11-05,ORD001949,CUST02552,P002,Smartphone,Electronics,Surat,Store,UPI,5,26832.88,0.2,134164.4,107331.52,0,13066.44,2024,11,November,Tuesday,134164.4,107331.52
2024-11-05,ORD005019,CUST00156,P017,Jeans,Fashion,Delhi,Online,UPI,1,2663.16,0.0,2663.16,2663.16,0,312.11,2024,11,November,Tuesday,2663.16,2663.16
2024-11-05,ORD043167,CUST01002,P014,Keyboard,Electronics,Mumbai,Online,UPI,1,2481.56,0.0,2481.56,2481.56,0,482.18,2024,11,November,Tuesday,2481.56,2481.56
2024-11-05,ORD008121,CUST00740,P006,Desk,Furniture,Surat,Store,UPI,1,11113.82,0.0,11113.82,11113.82,0,2024.76,2024,11,November,Tuesday,11113.82,11113.82
2024-11-05,ORD018953,CUST04369,P001,Laptop,Electronics,Hyderabad,Online,Credit Card,2,66263.45,0.05,132526.9,125900.56,0,28597.57,2024,11,November,Tuesday,132526.9,125900.555
2024-11-05,ORD015051,CUST01607,P020,Microwave,Home,Jaipur,Store,Debit Card,1,10475.09,0.1,10475.09,9427.58,0,2503.96,2024,11,November,Tuesday,10475.09,9427.581
2024-11-05,ORD036898,CUST00434,P018,Jacket,Fashion,Kolkata,Store,UPI,2,5058.7,0.05,10117.4,9611.53,0,1860.5,2024,11,November,Tuesday,10117.4,9611.529999999999
2024-11-05,ORD002828,CUST01026,P017,Jeans,Fashion,Bengaluru,Online,Credit Card,1,2977.02,0.05,2977.02,2828.17,0,652.08,2024,11,November,Tuesday,2977.02,2828.169
2024-11-05,ORD028746,CUST02865,P005,Office Chair,Furniture,Delhi,Store,UPI,1,10439.02,0.05,10439.02,9917.07,0,2205.8,2024,11,November,Tuesday,10439.02,9917.069
2024-11-05,ORD011562,CUST02745,P015,Dining Table,Furniture,Delhi,Online,Credit Card,1,20084.84,0.1,20084.84,18076.36,0,1618.32,2024,11,November,Tuesday,20084.84,18076.356
2024-11-05,ORD010701,CUST03750,P002,Smartphone,Electronics,Ahmedabad,Store,Credit Card,1,29457.89,0.05,29457.89,27985.0,0,7349.6,2024,11,November,Tuesday,29457.89,27984.995499999997
2024-11-05,ORD039526,CUST02372,P013,Monitor,Electronics,Hyderabad,Online,Cash,1,19612.58,0.05,19612.58,18631.95,0,2426.01,2024,11,November,Tuesday,19612.58,18631.951
2024-11-05,ORD035348,CUST01539,P014,Keyboard,Electronics,Ahmedabad,Online,Net Banking,1,2487.02,0.2,2487.02,1989.62,0,336.38,2024,11,November,Tuesday,2487.02,1989.616
2024-11-05,ORD030228,CUST03493,P002,Smartphone,Electronics,Mumbai,Online,Cash,5,26098.96,0.1,130494.8,117445.32,0,10439.76,2024,11,November,Tuesday,130494.79999999999,117445.32
2024-11-05,ORD011118,CUST02915,P018,Jacket,Fashion,Kolkata,Online,UPI,1,5184.67,0.0,5184.67,5184.67,0,419.89,2024,11,November,Tuesday,5184.67,5184.67
2024-11-05,ORD034654,CUST01737,P006,Desk,Furniture,Mumbai,Online,Credit Card,1,12116.05,0.1,12116.05,10904.44,0,2071.23,2024,11,November,Tuesday,12116.05,10904.445
2024-11-05,ORD028288,CUST04498,P006,Desk,Furniture,Hyderabad,Online,UPI,2,12925.13,0.2,25850.26,20680.21,0,4420.33,2024,11,November,Tuesday,25850.26,20680.208
2024-11-05,ORD041933,CUST01493,P002,Smartphone,Electronics,Hyderabad,Online,Credit Card,1,27951.02,0.15,27951.02,23758.37,0,4065.53,2024,11,November,Tuesday,27951.02,23758.367
2024-11-05,ORD045732,CUST01940,P016,Sofa,Furniture,Surat,Online,UPI,1,35608.89,0.2,35608.89,28487.11,0,2328.44,2024,11,November,Tuesday,35608.89,28487.112
2024-11-05,ORD045848,CUST02065,P009,T-Shirt,Fashion,Kolkata,Store,Credit Card,3,1147.5,0.15,3442.5,2926.12,0,320.32,2024,11,November,Tuesday,3442.5,2926.125
2024-11-05,ORD035870,CUST04026,P013,Monitor,Electronics,Jaipur,Online,UPI,3,16383.39,0.1,49150.17,44235.15,0,11788.68,2024,11,November,Tuesday,49150.17,44235.153
2024-11-05,ORD002491,CUST02154,P012,Air Fryer,Home,Ahmedabad,Online,Credit Card,1,7603.53,0.15,7603.53,6463.0,0,462.39,2024,11,November,Tuesday,7603.53,6463.000499999999
2024-11-05,ORD039136,CUST02882,P004,Smartwatch,Electronics,Surat,Online,Net Banking,1,6391.14,0.0,6391.14,6391.14,0,1593.09,2024,11,November,Tuesday,6391.14,6391.14
2024-11-05,ORD008408,CUST01476,P010,Coffee Maker,Home,Chennai,Store,Debit Card,4,5049.22,0.05,20196.88,19187.04,0,3144.83,2024,11,November,Tuesday,20196.88,19187.036
2024-11-05,ORD035875,CUST00820,P005,Office Chair,Furniture,Hyderabad,Online,UPI,5,10030.66,0.15,50153.3,42630.3,0,2661.12,2024,11,November,Tuesday,50153.3,42630.305
2024-11-05,ORD015985,CUST04853,P009,T-Shirt,Fashion,Hyderabad,Online,UPI,1,1176.01,0.15,1176.01,999.61,0,52.23,2024,11,November,Tuesday,1176.01,999.6084999999999
2024-11-05,ORD041824,CUST04114,P005,Office Chair,Furniture,Bengaluru,Store,UPI,2,9447.36,0.0,18894.72,18894.72,0,5154.05,2024,11,November,Tuesday,18894.72,18894.72
2024-11-05,ORD045828,CUST02759,P005,Office Chair,Furniture,Kolkata,Online,Credit Card,1,9789.39,0.1,9789.39,8810.45,0,794.43,2024,11,November,Tuesday,9789.39,8810.451
2024-11-05,ORD007436,CUST01402,P013,Monitor,Electronics,Delhi,Store,UPI,1,16968.45,0.15,16968.45,14423.18,0,3114.83,2024,11,November,Tuesday,16968.45,14423.1825
2024-11-05,ORD006521,CUST01218,P010,Coffee Maker,Home,Kolkata,Online,UPI,1,5834.61,0.1,5834.61,5251.15,0,1206.02,2024,11,November,Tuesday,5834.61,5251.148999999999
2024-11-05,ORD014675,CUST01704,P005,Office Chair,Furniture,Delhi,Store,Debit Card,2,9673.88,0.05,19347.76,18380.37,0,4903.44,2024,11,November,Tuesday,19347.76,18380.372
2024-11-05,ORD035162,CUST01046,P010,Coffee Maker,Home,Pune,Online,Debit Card,1,4962.75,0.15,4962.75,4218.34,0,716.14,2024,11,November,Tuesday,4962.75,4218.3375
2024-11-05,ORD019680,CUST02903,P012,Air Fryer,Home,Jaipur,Online,UPI,2,7882.21,0.05,15764.42,14976.2,0,2053.27,2024,11,November,Tuesday,15764.42,14976.198999999999
2024-11-05,ORD029464,CUST04730,P016,Sofa,Furniture,Jaipur,Store,Debit Card,2,36207.7,0.0,72415.4,72415.4,0,12530.52,2024,11,November,Tuesday,72415.4,72415.4
2024-11-05,ORD007559,CUST03635,P014,Keyboard,Electronics,Delhi,Online,UPI,2,2395.58,0.1,4791.16,4312.04,0,960.39,2024,11,November,Tuesday,4791.16,4312.044
2024-11-05,ORD036039,CUST03616,P004,Smartwatch,Electronics,Hyderabad,Online,Cash,3,6550.85,0.0,19652.55,19652.55,0,3790.18,2024,11,November,Tuesday,19652.550000000003,19652.55
2024-11-05,ORD001680,CUST01563,P008,Running Shoes,Fashion,Kolkata,Store,Cash,1,4064.66,0.1,4064.66,3658.19,0,608.62,2024,11,November,Tuesday,4064.66,3658.194
2024-11-05,ORD039351,CUST01501,P011,Mixer Grinder,Home,Delhi,Store,Credit Card,2,5038.5,0.0,10077.0,10077.0,0,1375.52,2024,11,November,Tuesday,10077.0,10077.0
2024-11-05,ORD041487,CUST01183,P011,Mixer Grinder,Home,Ahmedabad,Store,UPI,3,4579.47,0.2,13738.41,10990.73,0,1166.03,2024,11,November,Tuesday,13738.41,10990.728000000001
2024-11-05,ORD027643,CUST03310,P016,Sofa,Furniture,Mumbai,Store,Debit Card,1,36966.32,0.0,36966.32,36966.32,0,10487.75,2024,11,November,Tuesday,36966.32,36966.32
2024-11-05,ORD017314,CUST03122,P002,Smartphone,Electronics,Kolkata,Store,UPI,1,27276.24,0.25,27276.24,20457.18,0,1423.89,2024,11,November,Tuesday,27276.24,20457.18
2024-11-05,ORD010587,CUST00448,P016,Sofa,Furniture,Surat,Online,Debit Card,2,32340.32,0.1,64680.64,58212.58,1,-2910.63,2024,11,November,Tuesday,64680.64,58212.576
2024-11-05,ORD004599,CUST04245,P019,Vacuum Cleaner,Home,Ahmedabad,Online,Debit Card,1,8670.64,0.0,8670.64,8670.64,0,1942.83,2024,11,November,Tuesday,8670.64,8670.64
2024-11-05,ORD036098,CUST00177,P004,Smartwatch,Electronics,Jaipur,Online,Credit Card,1,7173.69,0.1,7173.69,6456.32,0,1763.62,2024,11,November,Tuesday,7173.69,6456.321
2024-11-05,ORD029268,CUST01730,P018,Jacket,Fashion,Ahmedabad,Online,Credit Card,1,5469.19,0.15,5469.19,4648.81,0,943.39,2024,11,November,Tuesday,5469.19,4648.8115
2024-11-06,ORD036548,CUST01886,P001,Laptop,Electronics,Ahmedabad,Online,Credit Card,1,66292.08,0.0,66292.08,66292.08,0,12063.95,2024,11,November,Wednesday,66292.08,66292.08
2024-11-06,ORD019771,CUST01109,P005,Office Chair,Furniture,Chennai,Online,Credit Card,2,10278.53,0.0,20557.06,20557.06,0,2204.07,2024,11,November,Wednesday,20557.06,20557.06
2024-11-06,ORD023799,CUST03822,P018,Jacket,Fashion,Jaipur,Store,Credit Card,2,5691.48,0.1,11382.96,10244.66,0,1165.27,2024,11,November,Wednesday,11382.96,10244.663999999999
2024-11-06,ORD033268,CUST02083,P012,Air Fryer,Home,Chennai,Online,Credit Card,1,6547.35,0.05,6547.35,6219.98,0,1108.35,2024,11,November,Wednesday,6547.35,6219.9825
2024-11-06,ORD043991,CUST01480,P009,T-Shirt,Fashion,Bengaluru,Store,UPI,2,1318.03,0.0,2636.06,2636.06,0,525.23,2024,11,November,Wednesday,2636.06,2636.06
2024-11-06,ORD041227,CUST03303,P007,Backpack,Accessories,Chennai,Online,UPI,1,2227.72,0.0,2227.72,2227.72,0,573.37,2024,11,November,Wednesday,2227.72,2227.72
2024-11-06,ORD011066,CUST01718,P013,Monitor,Electronics,Pune,Store,UPI,1,17302.58,0.2,17302.58,13842.06,0,2348.32,2024,11,November,Wednesday,17302.58,13842.064000000002
2024-11-06,ORD009297,CUST00044,P006,Desk,Furniture,Chennai,Online,UPI,1,11084.82,0.05,11084.82,10530.58,0,1914.57,2024,11,November,Wednesday,11084.82,10530.579
2024-11-06,ORD013280,CUST02592,P008,Running Shoes,Fashion,Ahmedabad,Online,Credit Card,3,4470.26,0.05,13410.78,12740.24,0,2138.63,2024,11,November,Wednesday,13410.78,12740.241
2024-11-06,ORD038023,CUST03435,P013,Monitor,Electronics,Ahmedabad,Store,UPI,1,19429.31,0.0,19429.31,19429.31,0,3266.41,2024,11,November,Wednesday,19429.31,19429.31
2024-11-06,ORD010188,CUST02164,P017,Jeans,Fashion,Chennai,Online,Cash,2,2996.32,0.05,5992.64,5693.01,0,1490.05,2024,11,November,Wednesday,5992.64,5693.008
2024-11-06,ORD022693,CUST03919,P008,Running Shoes,Fashion,Chennai,Store,Debit Card,2,4039.3,0.1,8078.6,7270.74,0,1301.95,2024,11,November,Wednesday,8078.6,7270.740000000001
2024-11-06,ORD032605,CUST00375,P006,Desk,Furniture,Delhi,Store,Credit Card,2,11422.27,0.15,22844.54,19417.86,0,4503.63,2024,11,November,Wednesday,22844.54,19417.859
2024-11-06,ORD048181,CUST03287,P013,Monitor,Electronics,Pune,Store,Credit Card,1,19570.61,0.05,19570.61,18592.08,0,4578.69,2024,11,November,Wednesday,19570.61,18592.0795
2024-11-06,ORD002026,CUST01232,P018,Jacket,Fashion,Surat,Store,UPI,2,4980.51,0.2,9961.02,7968.82,0,960.47,2024,11,November,Wednesday,9961.02,7968.816000000001
2024-11-06,ORD009353,CUST04189,P014,Keyboard,Electronics,Hyderabad,Online,Net Banking,2,2514.59,0.05,5029.18,4777.72,0,687.42,2024,11,November,Wednesday,5029.18,4777.7210000000005
2024-11-06,ORD005516,CUST03976,P014,Keyboard,Electronics,Delhi,Store,Net Banking,1,2270.08,0.0,2270.08,2270.08,0,228.54,2024,11,November,Wednesday,2270.08,2270.08
2024-11-06,ORD046011,CUST00026,P018,Jacket,Fashion,Mumbai,Store,UPI,1,4768.87,0.15,4768.87,4053.54,0,910.99,2024,11,November,Wednesday,4768.87,4053.5395
2024-11-06,ORD043774,CUST02097,P003,Headphones,Electronics,Surat,Online,Credit Card,1,4339.25,0.0,4339.25,4339.25,0,1250.12,2024,11,November,Wednesday,4339.25,4339.25
2024-11-06,ORD049813,CUST01833,P016,Sofa,Furniture,Bengaluru,Store,Credit Card,1,34014.24,0.1,34014.24,30612.82,0,4210.14,2024,11,November,Wednesday,34014.24,30612.816
2024-11-06,ORD006363,CUST01119,P006,Desk,Furniture,Delhi,Online,UPI,2,12087.47,0.0,24174.94,24174.94,0,5472.02,2024,11,November,Wednesday,24174.94,24174.94
2024-11-06,ORD015546,CUST03300,P003,Headphones,Electronics,Jaipur,Online,UPI,1,4202.41,0.1,4202.41,3782.17,0,846.9,2024,11,November,Wednesday,4202.41,3782.169
2024-11-06,ORD017087,CUST00044,P016,Sofa,Furniture,Chennai,Online,UPI,2,32077.03,0.25,64154.06,48115.54,1,-2405.78,2024,11,November,Wednesday,64154.06,48115.545
2024-11-06,ORD019667,CUST03799,P015,Dining Table,Furniture,Pune,Online,UPI,1,20484.78,0.15,20484.78,17412.06,0,2046.83,2024,11,November,Wednesday,20484.78,17412.063
2024-11-06,ORD032010,CUST04008,P002,Smartphone,Electronics,Jaipur,Online,Credit Card,1,28576.93,0.1,28576.93,25719.24,0,4907.3,2024,11,November,Wednesday,28576.93,25719.237
2024-11-06,ORD001175,CUST02008,P004,Smartwatch,Electronics,Bengaluru,Store,Credit Card,1,6930.62,0.15,6930.62,5891.03,0,1404.8,2024,11,November,Wednesday,6930.62,5891.027
2024-11-06,ORD027652,CUST02987,P006,Desk,Furniture,Bengaluru,Store,UPI,4,12662.68,0.2,50650.72,40520.58,0,7841.1,2024,11,November,Wednesday,50650.72,40520.576
2024-11-06,ORD046554,CUST02386,P007,Backpack,Accessories,Mumbai,Online,Credit Card,1,2019.23,0.1,2019.23,1817.31,0,486.22,2024,11,November,Wednesday,2019.23,1817.307
2024-11-06,ORD022073,CUST02510,P002,Smartphone,Electronics,Bengaluru,Online,Net Banking,2,29529.94,0.1,59059.88,53153.89,0,11920.12,2024,11,November,Wednesday,59059.88,53153.892
2024-11-06,ORD034535,CUST04277,P017,Jeans,Fashion,Mumbai,Online,UPI,1,2937.9,0.15,2937.9,2497.22,1,-124.86,2024,11,November,Wednesday,2937.9,2497.215
2024-11-06,ORD035603,CUST01954,P010,Coffee Maker,Home,Bengaluru,Online,UPI,1,5824.65,0.1,5824.65,5242.18,0,946.3,2024,11,November,Wednesday,5824.65,5242.1849999999995
2024-11-06,ORD023021,CUST00086,P012,Air Fryer,Home,Hyderabad,Store,UPI,2,7333.81,0.0,14667.62,14667.62,0,3581.98,2024,11,November,Wednesday,14667.62,14667.62
2024-11-06,ORD019400,CUST02643,P007,Backpack,Accessories,Mumbai,Online,Credit Card,1,2194.12,0.15,2194.12,1865.0,0,397.51,2024,11,November,Wednesday,2194.12,1865.002
2024-11-06,ORD013442,CUST03637,P011,Mixer Grinder,Home,Hyderabad,Store,Credit Card,2,4549.39,0.1,9098.78,8188.9,0,630.79,2024,11,November,Wednesday,9098.78,8188.902000000001
2024-11-06,ORD025561,CUST02079,P007,Backpack,Accessories,Jaipur,Online,Debit Card,2,2377.36,0.1,4754.72,4279.25,0,417.65,2024,11,November,Wednesday,4754.72,4279.2480000000005
2024-11-06,ORD017855,CUST01737,P015,Dining Table,Furniture,Mumbai,Online,Net Banking,1,22862.63,0.0,22862.63,22862.63,0,5682.01,2024,11,November,Wednesday,22862.63,22862.63
2024-11-06,ORD042099,CUST01096,P019,Vacuum Cleaner,Home,Hyderabad,Store,Credit Card,1,9446.58,0.15,9446.58,8029.59,0,1327.87,2024,11,November,Wednesday,9446.58,8029.593
2024-11-06,ORD014587,CUST04465,P008,Running Shoes,Fashion,Ahmedabad,Store,UPI,3,4484.78,0.05,13454.34,12781.62,0,920.49,2024,11,November,Wednesday,13454.34,12781.623
2024-11-06,ORD026221,CUST02862,P003,Headphones,Electronics,Kolkata,Online,Credit Card,1,4059.32,0.1,4059.32,3653.39,0,766.98,2024,11,November,Wednesday,4059.32,3653.3880000000004
2024-11-06,ORD038539,CUST01768,P011,Mixer Grinder,Home,Hyderabad,Online,UPI,1,4939.11,0.15,4939.11,4198.24,0,409.44,2024,11,November,Wednesday,4939.11,4198.2435
2024-11-06,ORD047623,CUST04965,P009,T-Shirt,Fashion,Jaipur,Online,Debit Card,1,1088.88,0.1,1088.88,979.99,0,158.9,2024,11,November,Wednesday,1088.88,979.9920000000001
2024-11-06,ORD011287,CUST04107,P014,Keyboard,Electronics,Mumbai,Online,Debit Card,2,2383.19,0.05,4766.38,4528.06,0,393.99,2024,11,November,Wednesday,4766.38,4528.061
2024-11-06,ORD011863,CUST02061,P010,Coffee Maker,Home,Jaipur,Online,UPI,1,5671.61,0.1,5671.61,5104.45,0,983.9,2024,11,November,Wednesday,5671.61,5104.449
2024-11-06,ORD017728,CUST01386,P016,Sofa,Furniture,Surat,Online,Net Banking,1,33149.76,0.0,33149.76,33149.76,0,2736.93,2024,11,November,Wednesday,33149.76,33149.76
2024-11-06,ORD005796,CUST01113,P009,T-Shirt,Fashion,Surat,Online,UPI,1,1160.69,0.0,1160.69,1160.69,0,195.08,2024,11,November,Wednesday,1160.69,1160.69
2024-11-06,ORD014107,CUST04985,P017,Jeans,Fashion,Chennai,Online,Credit Card,1,2532.94,0.1,2532.94,2279.65,0,167.47,2024,11,November,Wednesday,2532.94,2279.646
2024-11-06,ORD018545,CUST03085,P018,Jacket,Fashion,Hyderabad,Store,Credit Card,1,4951.94,0.15,4951.94,4209.15,0,926.0,2024,11,November,Wednesday,4951.94,4209.148999999999
2024-11-06,ORD021977,CUST03461,P011,Mixer Grinder,Home,Kolkata,Online,Net Banking,2,4841.78,0.25,9683.56,7262.67,0,1743.41,2024,11,November,Wednesday,9683.56,7262.67
2024-11-06,ORD030412,CUST01617,P015,Dining Table,Furniture,Kolkata,Online,Credit Card,1,19922.41,0.1,19922.41,17930.17,1,-896.51,2024,11,November,Wednesday,19922.41,17930.169
2024-11-06,ORD045657,CUST00673,P020,Microwave,Home,Bengaluru,Online,Net Banking,1,11772.1,0.05,11772.1,11183.5,0,2859.55,2024,11,November,Wednesday,11772.1,11183.494999999999
2024-11-06,ORD006713,CUST04773,P006,Desk,Furniture,Ahmedabad,Online,UPI,1,12928.21,0.1,12928.21,11635.39,0,1210.8,2024,11,November,Wednesday,12928.21,11635.389
2024-11-06,ORD049371,CUST03139,P016,Sofa,Furniture,Delhi,Store,Credit Card,1,38251.59,0.0,38251.59,38251.59,0,10141.3,2024,11,November,Wednesday,38251.59,38251.59
2024-11-06,ORD045704,CUST03624,P004,Smartwatch,Electronics,Bengaluru,Online,Cash,1,6450.32,0.2,6450.32,5160.26,0,937.03,2024,11,November,Wednesday,6450.32,5160.256
2024-11-06,ORD032359,CUST00879,P016,Sofa,Furniture,Mumbai,Store,UPI,1,36968.5,0.1,36968.5,33271.65,0,4783.94,2024,11,November,Wednesday,36968.5,33271.65
2024-11-06,ORD029428,CUST03687,P002,Smartphone,Electronics,Surat,Online,Credit Card,2,27823.21,0.15,55646.42,47299.46,0,9654.67,2024,11,November,Wednesday,55646.42,47299.456999999995
2024-11-06,ORD021073,CUST04919,P004,Smartwatch,Electronics,Pune,Online,UPI,1,6788.6,0.2,6788.6,5430.88,0,743.27,2024,11,November,Wednesday,6788.6,5430.880000000001
2024-11-06,ORD044691,CUST00386,P001,Laptop,Electronics,Hyderabad,Store,UPI,1,61204.41,0.05,61204.41,58144.19,0,9938.61,2024,11,November,Wednesday,61204.41,58144.1895
2024-11-06,ORD029486,CUST02444,P003,Headphones,Electronics,Surat,Store,Credit Card,5,4327.55,0.15,21637.75,18392.09,0,1901.32,2024,11,November,Wednesday,21637.75,18392.087499999998
2024-11-06,ORD049500,CUST00127,P015,Dining Table,Furniture,Hyderabad,Store,Credit Card,1,22429.58,0.0,22429.58,22429.58,0,5211.44,2024,11,November,Wednesday,22429.58,22429.58
2024-11-06,ORD041885,CUST02580,P020,Microwave,Home,Ahmedabad,Store,Credit Card,4,11755.29,0.1,47021.16,42319.04,0,11814.11,2024,11,November,Wednesday,47021.16,42319.044
2024-11-06,ORD011511,CUST01989,P005,Office Chair,Furniture,Pune,Online,Credit Card,1,8818.97,0.0,8818.97,8818.97,0,1586.42,2024,11,November,Wednesday,8818.97,8818.97
2024-11-06,ORD011098,CUST03130,P006,Desk,Furniture,Bengaluru,Store,Credit Card,1,11534.23,0.0,11534.23,11534.23,0,3329.77,2024,11,November,Wednesday,11534.23,11534.23
2024-11-06,ORD038633,CUST04782,P002,Smartphone,Electronics,Jaipur,Store,UPI,1,26380.72,0.0,26380.72,26380.72,0,7366.85,2024,11,November,Wednesday,26380.72,26380.72
2024-11-06,ORD040534,CUST03459,P001,Laptop,Electronics,Pune,Store,UPI,1,62332.86,0.05,62332.86,59216.22,1,-2960.81,2024,11,November,Wednesday,62332.86,59216.217
2024-11-06,ORD019361,CUST03798,P017,Jeans,Fashion,Mumbai,Online,UPI,1,2755.15,0.1,2755.15,2479.64,0,455.32,2024,11,November,Wednesday,2755.15,2479.635
2024-11-06,ORD016586,CUST02294,P020,Microwave,Home,Pune,Store,Cash,4,10085.16,0.2,40340.64,32272.51,0,2261.12,2024,11,November,Wednesday,40340.64,32272.512000000002
2024-11-06,ORD049715,CUST03621,P002,Smartphone,Electronics,Surat,Store,Cash,4,30054.94,0.15,120219.76,102186.8,0,25644.92,2024,11,November,Wednesday,120219.76,102186.79599999999
2024-11-06,ORD035815,CUST04830,P016,Sofa,Furniture,Delhi,Online,UPI,1,36528.32,0.0,36528.32,36528.32,0,4692.44,2024,11,November,Wednesday,36528.32,36528.32
2024-11-07,ORD024038,CUST02320,P012,Air Fryer,Home,Kolkata,Store,Debit Card,1,6783.57,0.05,6783.57,6444.39,0,1315.41,2024,11,November,Thursday,6783.57,6444.3915
2024-11-07,ORD043403,CUST01865,P019,Vacuum Cleaner,Home,Mumbai,Online,Credit Card,1,8729.13,0.1,8729.13,7856.22,0,1092.69,2024,11,November,Thursday,8729.13,7856.217
2024-11-07,ORD049077,CUST03535,P007,Backpack,Accessories,Kolkata,Online,Net Banking,2,2264.85,0.15,4529.7,3850.24,0,952.71,2024,11,November,Thursday,4529.7,3850.245
2024-11-07,ORD013902,CUST04618,P007,Backpack,Accessories,Pune,Online,Debit Card,2,2044.15,0.0,4088.3,4088.3,0,1064.65,2024,11,November,Thursday,4088.3,4088.3
2024-11-07,ORD020254,CUST01235,P003,Headphones,Electronics,Mumbai,Online,Cash,4,4838.09,0.05,19352.36,18384.74,0,2591.83,2024,11,November,Thursday,19352.36,18384.742
2024-11-07,ORD040714,CUST01867,P012,Air Fryer,Home,Hyderabad,Online,UPI,1,6998.57,0.0,6998.57,6998.57,0,1348.19,2024,11,November,Thursday,6998.57,6998.57
2024-11-07,ORD026448,CUST00882,P020,Microwave,Home,Bengaluru,Online,UPI,4,11655.38,0.2,46621.52,37297.22,0,6075.89,2024,11,November,Thursday,46621.52,37297.216
2024-11-07,ORD048021,CUST02081,P004,Smartwatch,Electronics,Delhi,Online,Net Banking,1,7221.31,0.1,7221.31,6499.18,0,704.33,2024,11,November,Thursday,7221.31,6499.179
2024-11-07,ORD011543,CUST02608,P002,Smartphone,Electronics,Delhi,Online,Credit Card,4,27397.32,0.1,109589.28,98630.35,0,18818.11,2024,11,November,Thursday,109589.28,98630.352
2024-11-07,ORD047631,CUST01037,P001,Laptop,Electronics,Bengaluru,Store,Credit Card,1,67072.51,0.05,67072.51,63718.88,0,12565.92,2024,11,November,Thursday,67072.51,63718.88449999999
2024-11-07,ORD016138,CUST00051,P001,Laptop,Electronics,Kolkata,Store,Credit Card,2,66398.12,0.25,132796.24,99597.18,0,16151.7,2024,11,November,Thursday,132796.24,99597.18
2024-11-07,ORD042770,CUST03607,P020,Microwave,Home,Hyderabad,Online,Debit Card,2,10093.97,0.2,20187.94,16150.35,0,3188.24,2024,11,November,Thursday,20187.94,16150.351999999999
2024-11-07,ORD023701,CUST02553,P011,Mixer Grinder,Home,Chennai,Online,Debit Card,4,4899.45,0.0,19597.8,19597.8,0,4765.07,2024,11,November,Thursday,19597.8,19597.8
2024-11-07,ORD027344,CUST02764,P012,Air Fryer,Home,Pune,Store,Cash,1,6765.83,0.15,6765.83,5750.96,0,430.95,2024,11,November,Thursday,6765.83,5750.9555
2024-11-07,ORD041251,CUST04399,P012,Air Fryer,Home,Delhi,Store,Debit Card,3,6943.98,0.25,20831.94,15623.95,0,1073.55,2024,11,November,Thursday,20831.94,15623.954999999998
2024-11-07,ORD043356,CUST04162,P010,Coffee Maker,Home,Bengaluru,Online,Credit Card,1,5317.01,0.15,5317.01,4519.46,0,625.53,2024,11,November,Thursday,5317.01,4519.4585
2024-11-07,ORD031775,CUST01834,P014,Keyboard,Electronics,Surat,Store,Debit Card,3,2263.29,0.15,6789.87,5771.39,0,747.66,2024,11,November,Thursday,6789.87,5771.389499999999
2024-11-07,ORD017695,CUST00832,P006,Desk,Furniture,Chennai,Online,Cash,2,13115.01,0.1,26230.02,23607.02,0,6373.23,2024,11,November,Thursday,26230.02,23607.018
2024-11-07,ORD029167,CUST03130,P017,Jeans,Fashion,Pune,Online,UPI,1,2857.89,0.0,2857.89,2857.89,0,496.77,2024,11,November,Thursday,2857.89,2857.89
2024-11-07,ORD039426,CUST00456,P001,Laptop,Electronics,Surat,Online,Cash,1,60115.05,0.1,60115.05,54103.55,0,10168.2,2024,11,November,Thursday,60115.05,54103.545000000006
2024-11-07,ORD006457,CUST04636,P006,Desk,Furniture,Chennai,Online,UPI,1,11019.72,0.25,11019.72,8264.79,0,1671.7,2024,11,November,Thursday,11019.72,8264.789999999999
2024-11-07,ORD030833,CUST00790,P010,Coffee Maker,Home,Hyderabad,Online,UPI,1,5545.92,0.1,5545.92,4991.33,0,835.9,2024,11,November,Thursday,5545.92,4991.328
2024-11-07,ORD029920,CUST04459,P017,Jeans,Fashion,Ahmedabad,Store,UPI,1,2743.05,0.05,2743.05,2605.9,0,522.61,2024,11,November,Thursday,2743.05,2605.8975
2024-11-07,ORD005401,CUST03620,P001,Laptop,Electronics,Delhi,Online,UPI,1,66662.24,0.05,66662.24,63329.13,0,13089.9,2024,11,November,Thursday,66662.24,63329.128000000004
2024-11-07,ORD035650,CUST01931,P001,Laptop,Electronics,Mumbai,Online,UPI,3,70150.16,0.2,210450.48,168360.38,0,31949.94,2024,11,November,Thursday,210450.48,168360.38400000002
2024-11-07,ORD018758,CUST01488,P012,Air Fryer,Home,Surat,Store,Cash,1,7047.92,0.1,7047.92,6343.13,0,1042.7,2024,11,November,Thursday,7047.92,6343.128000000001
2024-11-07,ORD003293,CUST02082,P009,T-Shirt,Fashion,Ahmedabad,Store,Credit Card,3,1085.52,0.05,3256.56,3093.73,0,473.22,2024,11,November,Thursday,3256.56,3093.732
2024-11-07,ORD015029,CUST01480,P007,Backpack,Accessories,Chennai,Store,UPI,1,2315.95,0.0,2315.95,2315.95,0,371.14,2024,11,November,Thursday,2315.95,2315.95
2024-11-07,ORD017564,CUST03289,P003,Headphones,Electronics,Kolkata,Store,Net Banking,1,4858.45,0.1,4858.45,4372.6,1,-218.63,2024,11,November,Thursday,4858.45,4372.605
2024-11-07,ORD003365,CUST01927,P010,Coffee Maker,Home,Jaipur,Online,Credit Card,1,5276.31,0.2,5276.31,4221.05,0,1001.9,2024,11,November,Thursday,5276.31,4221.048000000001
2024-11-07,ORD038755,CUST03145,P013,Monitor,Electronics,Delhi,Online,Cash,1,18372.65,0.1,18372.65,16535.39,0,2960.96,2024,11,November,Thursday,18372.65,16535.385000000002
2024-11-07,ORD006133,CUST03124,P016,Sofa,Furniture,Jaipur,Online,Credit Card,3,31634.94,0.05,94904.82,90159.58,0,21881.06,2024,11,November,Thursday,94904.81999999999,90159.579
2024-11-07,ORD018674,CUST03341,P010,Coffee Maker,Home,Mumbai,Online,Cash,2,5708.42,0.0,11416.84,11416.84,0,1863.34,2024,11,November,Thursday,11416.84,11416.84
2024-11-07,ORD021283,CUST01830,P002,Smartphone,Electronics,Jaipur,Online,UPI,1,27197.12,0.05,27197.12,25837.26,0,4428.53,2024,11,November,Thursday,27197.12,25837.264
2024-11-07,ORD022973,CUST03922,P005,Office Chair,Furniture,Surat,Store,UPI,1,9642.51,0.05,9642.51,9160.38,0,1504.61,2024,11,November,Thursday,9642.51,9160.3845
2024-11-07,ORD049022,CUST00022,P015,Dining Table,Furniture,Surat,Online,Cash,1,23562.1,0.0,23562.1,23562.1,0,3231.58,2024,11,November,Thursday,23562.1,23562.1
2024-11-07,ORD023560,CUST04622,P008,Running Shoes,Fashion,Ahmedabad,Store,UPI,1,4003.55,0.15,4003.55,3403.02,0,781.9,2024,11,November,Thursday,4003.55,3403.0175
2024-11-07,ORD030983,CUST01508,P005,Office Chair,Furniture,Ahmedabad,Online,Debit Card,1,9613.52,0.1,9613.52,8652.17,0,1398.78,2024,11,November,Thursday,9613.52,8652.168000000001
2024-11-07,ORD025932,CUST02611,P008,Running Shoes,Fashion,Delhi,Online,Cash,1,4450.97,0.05,4450.97,4228.42,0,783.67,2024,11,November,Thursday,4450.97,4228.4215
2024-11-07,ORD021719,CUST02184,P015,Dining Table,Furniture,Kolkata,Online,Credit Card,1,22713.57,0.05,22713.57,21577.89,0,4025.82,2024,11,November,Thursday,22713.57,21577.891499999998
2024-11-07,ORD004725,CUST00403,P012,Air Fryer,Home,Pune,Store,Cash,1,6945.13,0.1,6945.13,6250.62,0,1033.96,2024,11,November,Thursday,6945.13,6250.617
2024-11-07,ORD048871,CUST03389,P016,Sofa,Furniture,Jaipur,Store,Net Banking,1,32315.16,0.1,32315.16,29083.64,0,3506.39,2024,11,November,Thursday,32315.16,29083.644
2024-11-07,ORD021171,CUST02919,P016,Sofa,Furniture,Jaipur,Online,Credit Card,2,34549.44,0.05,69098.88,65643.94,0,8643.81,2024,11,November,Thursday,69098.88,65643.936
2024-11-07,ORD044457,CUST01814,P014,Keyboard,Electronics,Jaipur,Store,Credit Card,1,2679.94,0.05,2679.94,2545.94,0,480.09,2024,11,November,Thursday,2679.94,2545.9429999999998
2024-11-07,ORD006102,CUST04354,P006,Desk,Furniture,Ahmedabad,Store,UPI,4,12341.54,0.1,49366.16,44429.54,0,10773.3,2024,11,November,Thursday,49366.16,44429.544
2024-11-07,ORD009516,CUST03141,P007,Backpack,Accessories,Bengaluru,Online,Credit Card,1,2394.41,0.2,2394.41,1915.53,0,161.16,2024,11,November,Thursday,2394.41,1915.528
2024-11-07,ORD015544,CUST01073,P013,Monitor,Electronics,Mumbai,Online,Cash,5,16560.77,0.05,82803.85,78663.66,0,11283.25,2024,11,November,Thursday,82803.85,78663.6575
2024-11-07,ORD047726,CUST04531,P005,Office Chair,Furniture,Jaipur,Online,UPI,3,10241.9,0.05,30725.7,29189.41,0,4286.99,2024,11,November,Thursday,30725.699999999997,29189.415
2024-11-07,ORD020543,CUST01657,P017,Jeans,Fashion,Hyderabad,Online,UPI,2,2826.46,0.15,5652.92,4804.98,0,754.99,2024,11,November,Thursday,5652.92,4804.982
2024-11-07,ORD004801,CUST04938,P004,Smartwatch,Electronics,Pune,Store,Credit Card,1,6828.65,0.05,6828.65,6487.22,1,-324.36,2024,11,November,Thursday,6828.65,6487.2175
2024-11-07,ORD042665,CUST01391,P019,Vacuum Cleaner,Home,Jaipur,Online,Credit Card,1,9129.45,0.05,9129.45,8672.98,0,921.14,2024,11,November,Thursday,9129.45,8672.9775
2024-11-07,ORD035465,CUST04598,P003,Headphones,Electronics,Delhi,Online,Debit Card,4,4945.55,0.0,19782.2,19782.2,0,3832.68,2024,11,November,Thursday,19782.2,19782.2
2024-11-07,ORD031311,CUST03374,P009,T-Shirt,Fashion,Mumbai,Store,Credit Card,1,1122.1,0.05,1122.1,1065.99,0,106.64,2024,11,November,Thursday,1122.1,1065.995
2024-11-07,ORD020289,CUST03545,P012,Air Fryer,Home,Mumbai,Online,Credit Card,2,7155.36,0.25,14310.72,10733.04,0,512.35,2024,11,November,Thursday,14310.72,10733.039999999999
2024-11-07,ORD036093,CUST02574,P010,Coffee Maker,Home,Kolkata,Store,Credit Card,1,6026.9,0.15,6026.9,5122.86,0,482.59,2024,11,November,Thursday,6026.9,5122.865
2024-11-07,ORD018386,CUST01881,P016,Sofa,Furniture,Ahmedabad,Store,Net Banking,1,37993.42,0.2,37993.42,30394.74,0,6176.73,2024,11,November,Thursday,37993.42,30394.736
2024-11-07,ORD038921,CUST03065,P014,Keyboard,Electronics,Hyderabad,Online,Net Banking,1,2542.32,0.05,2542.32,2415.2,0,357.94,2024,11,November,Thursday,2542.32,2415.204
2024-11-07,ORD037282,CUST03426,P013,Monitor,Electronics,Ahmedabad,Online,Debit Card,1,18708.94,0.05,18708.94,17773.49,0,2337.31,2024,11,November,Thursday,18708.94,17773.493
2024-11-08,ORD045731,CUST02688,P014,Keyboard,Electronics,Pune,Online,Debit Card,1,2712.67,0.15,2712.67,2305.77,0,568.46,2024,11,November,Friday,2712.67,2305.7695
2024-11-08,ORD029845,CUST03429,P011,Mixer Grinder,Home,Hyderabad,Online,Net Banking,1,5175.09,0.05,5175.09,4916.34,0,1250.5,2024,11,November,Friday,5175.09,4916.3355
2024-11-08,ORD019859,CUST02416,P019,Vacuum Cleaner,Home,Bengaluru,Online,UPI,2,9359.66,0.05,18719.32,17783.35,0,5102.75,2024,11,November,Friday,18719.32,17783.354
2024-11-08,ORD023001,CUST02932,P011,Mixer Grinder,Home,Mumbai,Store,Credit Card,1,4451.21,0.25,4451.21,3338.41,0,447.18,2024,11,November,Friday,4451.21,3338.4075000000003
2024-11-08,ORD018248,CUST00383,P003,Headphones,Electronics,Mumbai,Store,Cash,2,4894.39,0.0,9788.78,9788.78,0,993.89,2024,11,November,Friday,9788.78,9788.78
2024-11-08,ORD048557,CUST02582,P019,Vacuum Cleaner,Home,Surat,Store,Debit Card,1,8729.86,0.05,8729.86,8293.37,0,900.2,2024,11,November,Friday,8729.86,8293.367
2024-11-08,ORD000577,CUST00811,P005,Office Chair,Furniture,Surat,Store,Debit Card,1,9656.25,0.0,9656.25,9656.25,0,845.59,2024,11,November,Friday,9656.25,9656.25
2024-11-08,ORD044989,CUST02591,P005,Office Chair,Furniture,Bengaluru,Store,UPI,1,10219.88,0.0,10219.88,10219.88,1,-510.99,2024,11,November,Friday,10219.88,10219.88
2024-11-08,ORD029973,CUST01209,P003,Headphones,Electronics,Delhi,Online,Debit Card,2,4141.62,0.0,8283.24,8283.24,0,1841.02,2024,11,November,Friday,8283.24,8283.24
2024-11-08,ORD035466,CUST01747,P018,Jacket,Fashion,Bengaluru,Online,UPI,5,5161.42,0.1,25807.1,23226.39,0,5370.77,2024,11,November,Friday,25807.1,23226.39
2024-11-08,ORD042352,CUST01425,P002,Smartphone,Electronics,Delhi,Store,Credit Card,1,26037.38,0.0,26037.38,26037.38,0,6697.15,2024,11,November,Friday,26037.38,26037.38
2024-11-08,ORD037225,CUST03431,P009,T-Shirt,Fashion,Jaipur,Online,UPI,1,1231.45,0.2,1231.45,985.16,0,164.43,2024,11,November,Friday,1231.45,985.1600000000001
2024-11-08,ORD030427,CUST02464,P010,Coffee Maker,Home,Pune,Store,UPI,1,5062.84,0.2,5062.84,4050.27,0,165.52,2024,11,November,Friday,5062.84,4050.2720000000004
2024-11-08,ORD008007,CUST01171,P019,Vacuum Cleaner,Home,Delhi,Online,UPI,2,9652.69,0.0,19305.38,19305.38,0,4479.38,2024,11,November,Friday,19305.38,19305.38
2024-11-08,ORD008412,CUST03025,P014,Keyboard,Electronics,Pune,Online,Credit Card,1,2456.76,0.25,2456.76,1842.57,0,138.87,2024,11,November,Friday,2456.76,1842.5700000000002
2024-11-08,ORD011630,CUST03411,P013,Monitor,Electronics,Hyderabad,Online,UPI,1,18538.06,0.1,18538.06,16684.25,0,2158.17,2024,11,November,Friday,18538.06,16684.254
2024-11-08,ORD012329,CUST00503,P014,Keyboard,Electronics,Surat,Online,Debit Card,2,2587.39,0.2,5174.78,4139.82,0,880.2,2024,11,November,Friday,5174.78,4139.824
2024-11-08,ORD007107,CUST02950,P001,Laptop,Electronics,Chennai,Store,Credit Card,3,70471.57,0.15,211414.71,179702.5,0,31616.82,2024,11,November,Friday,211414.71000000002,179702.5035
2024-11-08,ORD027288,CUST03931,P003,Headphones,Electronics,Jaipur,Store,UPI,4,4473.19,0.05,17892.76,16998.12,0,2995.05,2024,11,November,Friday,17892.76,16998.122
2024-11-08,ORD042194,CUST04037,P010,Coffee Maker,Home,Chennai,Online,Credit Card,1,5406.12,0.25,5406.12,4054.59,0,832.01,2024,11,November,Friday,5406.12,4054.59
2024-11-08,ORD046860,CUST03093,P004,Smartwatch,Electronics,Ahmedabad,Online,Credit Card,2,7191.02,0.2,14382.04,11505.63,0,907.05,2024,11,November,Friday,14382.04,11505.632000000001
2024-11-08,ORD013749,CUST00818,P009,T-Shirt,Fashion,Kolkata,Online,UPI,2,1228.26,0.2,2456.52,1965.22,0,252.97,2024,11,November,Friday,2456.52,1965.2160000000001
2024-11-08,ORD033143,CUST00601,P020,Microwave,Home,Mumbai,Store,Credit Card,5,10615.04,0.0,53075.2,53075.2,0,4594.31,2024,11,November,Friday,53075.200000000004,53075.2
2024-11-08,ORD023539,CUST02556,P013,Monitor,Electronics,Ahmedabad,Online,UPI,2,18802.51,0.05,37605.02,35724.77,0,7967.21,2024,11,November,Friday,37605.02,35724.76899999999
2024-11-08,ORD012682,CUST00245,P001,Laptop,Electronics,Delhi,Online,Credit Card,1,62953.67,0.05,62953.67,59805.99,0,4238.76,2024,11,November,Friday,62953.67,59805.9865
2024-11-08,ORD006469,CUST04358,P009,T-Shirt,Fashion,Bengaluru,Online,Net Banking,4,1189.05,0.0,4756.2,4756.2,0,1041.98,2024,11,November,Friday,4756.2,4756.2
2024-11-08,ORD044238,CUST02894,P015,Dining Table,Furniture,Chennai,Store,UPI,2,19934.35,0.05,39868.7,37875.26,0,7255.03,2024,11,November,Friday,39868.7,37875.26499999999
2024-11-08,ORD002966,CUST02679,P002,Smartphone,Electronics,Delhi,Online,Debit Card,1,30405.14,0.15,30405.14,25844.37,0,3020.5,2024,11,November,Friday,30405.14,25844.369
2024-11-08,ORD037660,CUST03559,P018,Jacket,Fashion,Hyderabad,Online,Credit Card,2,5011.92,0.1,10023.84,9021.46,0,1713.01,2024,11,November,Friday,10023.84,9021.456
2024-11-08,ORD045459,CUST04187,P016,Sofa,Furniture,Chennai,Store,Credit Card,3,33147.55,0.0,99442.65,99442.65,0,10593.14,2024,11,November,Friday,99442.65000000001,99442.65
2024-11-08,ORD029860,CUST02575,P007,Backpack,Accessories,Kolkata,Online,UPI,1,2166.33,0.0,2166.33,2166.33,0,289.37,2024,11,November,Friday,2166.33,2166.33
2024-11-08,ORD014234,CUST03179,P014,Keyboard,Electronics,Ahmedabad,Store,Net Banking,2,2289.31,0.1,4578.62,4120.76,0,619.92,2024,11,November,Friday,4578.62,4120.758
2024-11-08,ORD040968,CUST00121,P001,Laptop,Electronics,Surat,Store,Debit Card,1,58687.01,0.1,58687.01,52818.31,0,8789.93,2024,11,November,Friday,58687.01,52818.309
2024-11-08,ORD041147,CUST02389,P014,Keyboard,Electronics,Chennai,Online,UPI,1,2611.49,0.2,2611.49,2089.19,0,408.24,2024,11,November,Friday,2611.49,2089.192
2024-11-08,ORD011084,CUST03317,P009,T-Shirt,Fashion,Ahmedabad,Store,UPI,2,1135.39,0.05,2270.78,2157.24,1,-107.86,2024,11,November,Friday,2270.78,2157.241
2024-11-08,ORD026849,CUST04216,P020,Microwave,Home,Jaipur,Online,Credit Card,4,10370.72,0.1,41482.88,37334.59,0,5537.91,2024,11,November,Friday,41482.88,37334.592
2024-11-08,ORD033552,CUST02628,P020,Microwave,Home,Hyderabad,Online,Credit Card,1,11453.3,0.1,11453.3,10307.97,0,680.35,2024,11,November,Friday,11453.3,10307.97
2024-11-08,ORD037136,CUST02392,P014,Keyboard,Electronics,Bengaluru,Store,Cash,2,2266.83,0.0,4533.66,4533.66,0,827.37,2024,11,November,Friday,4533.66,4533.66
2024-11-08,ORD049405,CUST04957,P012,Air Fryer,Home,Hyderabad,Store,Net Banking,1,7249.57,0.15,7249.57,6162.13,0,925.55,2024,11,November,Friday,7249.57,6162.134499999999
2024-11-08,ORD004028,CUST04063,P013,Monitor,Electronics,Jaipur,Store,Credit Card,1,19050.47,0.2,19050.47,15240.38,0,1167.45,2024,11,November,Friday,19050.47,15240.376000000002
2024-11-08,ORD020216,CUST03589,P014,Keyboard,Electronics,Surat,Online,UPI,2,2374.56,0.25,4749.12,3561.84,0,836.72,2024,11,November,Friday,4749.12,3561.84
2024-11-08,ORD025859,CUST04143,P018,Jacket,Fashion,Kolkata,Online,UPI,1,5633.0,0.05,5633.0,5351.35,0,508.84,2024,11,November,Friday,5633.0,5351.349999999999
2024-11-08,ORD040336,CUST04159,P012,Air Fryer,Home,Hyderabad,Online,Credit Card,3,7346.0,0.1,22038.0,19834.2,0,3176.81,2024,11,November,Friday,22038.0,19834.2
2024-11-08,ORD049685,CUST01338,P010,Coffee Maker,Home,Delhi,Store,UPI,1,5719.61,0.05,5719.61,5433.63,0,1568.44,2024,11,November,Friday,5719.61,5433.629499999999
2024-11-08,ORD007654,CUST04847,P002,Smartphone,Electronics,Kolkata,Online,Credit Card,2,27235.4,0.0,54470.8,54470.8,0,9752.45,2024,11,November,Friday,54470.8,54470.8
2024-11-08,ORD023536,CUST03063,P003,Headphones,Electronics,Ahmedabad,Online,UPI,2,4078.22,0.05,8156.44,7748.62,0,1506.06,2024,11,November,Friday,8156.44,7748.6179999999995
2024-11-08,ORD023156,CUST01644,P018,Jacket,Fashion,Delhi,Online,Credit Card,1,5131.1,0.15,5131.1,4361.44,0,888.58,2024,11,November,Friday,5131.1,4361.435
2024-11-08,ORD011870,CUST01149,P010,Coffee Maker,Home,Pune,Store,Credit Card,1,5169.4,0.0,5169.4,5169.4,0,1473.37,2024,11,November,Friday,5169.4,5169.4
2024-11-08,ORD008406,CUST03476,P016,Sofa,Furniture,Delhi,Store,Credit Card,2,33910.82,0.0,67821.64,67821.64,0,15070.14,2024,11,November,Friday,67821.64,67821.64
2024-11-08,ORD020266,CUST00904,P012,Air Fryer,Home,Mumbai,Store,Debit Card,1,7626.39,0.05,7626.39,7245.07,0,2045.7,2024,11,November,Friday,7626.39,7245.0705
2024-11-08,ORD048585,CUST01928,P020,Microwave,Home,Delhi,Online,Cash,1,10777.67,0.0,10777.67,10777.67,0,1423.19,2024,11,November,Friday,10777.67,10777.67
2024-11-08,ORD033977,CUST03802,P003,Headphones,Electronics,Delhi,Online,UPI,5,4115.96,0.05,20579.8,19550.81,0,2481.31,2024,11,November,Friday,20579.8,19550.809999999998
2024-11-08,ORD003121,CUST02443,P007,Backpack,Accessories,Pune,Online,Credit Card,3,2268.48,0.15,6805.44,5784.62,0,427.11,2024,11,November,Friday,6805.4400000000005,5784.624
2024-11-08,ORD048465,CUST01192,P002,Smartphone,Electronics,Bengaluru,Online,Net Banking,2,28471.25,0.05,56942.5,54095.38,0,14878.37,2024,11,November,Friday,56942.5,54095.375
2024-11-08,ORD034360,CUST00323,P008,Running Shoes,Fashion,Bengaluru,Store,Debit Card,1,4591.44,0.0,4591.44,4591.44,0,1275.96,2024,11,November,Friday,4591.44,4591.44
2024-11-08,ORD009068,CUST01356,P008,Running Shoes,Fashion,Bengaluru,Store,Cash,5,4173.69,0.15,20868.45,17738.18,0,3805.48,2024,11,November,Friday,20868.449999999997,17738.1825
2024-11-08,ORD035023,CUST03009,P009,T-Shirt,Fashion,Surat,Online,UPI,2,1315.95,0.25,2631.9,1973.93,0,329.23,2024,11,November,Friday,2631.9,1973.9250000000002
2024-11-08,ORD026620,CUST04695,P018,Jacket,Fashion,Jaipur,Online,Debit Card,3,4942.53,0.1,14827.59,13344.83,0,1134.15,2024,11,November,Friday,14827.59,13344.831
2024-11-08,ORD047854,CUST01138,P004,Smartwatch,Electronics,Chennai,Online,UPI,1,6715.95,0.05,6715.95,6380.15,0,552.45,2024,11,November,Friday,6715.95,6380.152499999999
2024-11-08,ORD033683,CUST04381,P012,Air Fryer,Home,Delhi,Store,Credit Card,1,7234.42,0.15,7234.42,6149.26,0,1012.18,2024,11,November,Friday,7234.42,6149.257
2024-11-08,ORD026270,CUST00874,P002,Smartphone,Electronics,Mumbai,Online,UPI,1,27524.18,0.1,27524.18,24771.76,0,2961.61,2024,11,November,Friday,27524.18,24771.762000000002
2024-11-08,ORD015623,CUST01448,P011,Mixer Grinder,Home,Chennai,Online,Credit Card,1,4718.15,0.0,4718.15,4718.15,0,1121.74,2024,11,November,Friday,4718.15,4718.15
2024-11-08,ORD035059,CUST00277,P018,Jacket,Fashion,Hyderabad,Online,Credit Card,1,4686.34,0.05,4686.34,4452.02,0,671.33,2024,11,November,Friday,4686.34,4452.023
2024-11-08,ORD002679,CUST02357,P014,Keyboard,Electronics,Pune,Online,UPI,1,2374.66,0.0,2374.66,2374.66,0,522.31,2024,11,November,Friday,2374.66,2374.66
2024-11-08,ORD036457,CUST04507,P013,Monitor,Electronics,Pune,Online,Cash,1,16852.03,0.05,16852.03,16009.43,0,2697.23,2024,11,November,Friday,16852.03,16009.428499999998
2024-11-08,ORD024230,CUST02328,P005,Office Chair,Furniture,Delhi,Store,UPI,1,10431.51,0.0,10431.51,10431.51,0,1165.57,2024,11,November,Friday,10431.51,10431.51
2024-11-08,ORD012834,CUST04406,P018,Jacket,Fashion,Chennai,Store,UPI,3,5121.14,0.05,15363.42,14595.25,0,2931.2,2024,11,November,Friday,15363.420000000002,14595.249
2024-11-08,ORD022579,CUST04620,P018,Jacket,Fashion,Hyderabad,Online,UPI,1,4897.6,0.1,4897.6,4407.84,0,1171.98,2024,11,November,Friday,4897.6,4407.84
2024-11-09,ORD007634,CUST01370,P014,Keyboard,Electronics,Ahmedabad,Online,UPI,4,2424.12,0.2,9696.48,7757.18,0,1308.83,2024,11,November,Saturday,9696.48,7757.184
2024-11-09,ORD025023,CUST02641,P002,Smartphone,Electronics,Kolkata,Store,UPI,3,25848.32,0.1,77544.96,69790.46,0,15887.1,2024,11,November,Saturday,77544.95999999999,69790.464
2024-11-09,ORD018237,CUST00679,P013,Monitor,Electronics,Hyderabad,Online,Credit Card,3,18119.2,0.0,54357.6,54357.6,0,5376.12,2024,11,November,Saturday,54357.600000000006,54357.6
2024-11-09,ORD043953,CUST02222,P012,Air Fryer,Home,Kolkata,Store,Net Banking,4,7589.7,0.15,30358.8,25804.98,0,6296.99,2024,11,November,Saturday,30358.8,25804.98
2024-11-09,ORD031918,CUST03359,P006,Desk,Furniture,Mumbai,Store,Credit Card,1,11699.64,0.1,11699.64,10529.68,0,1343.68,2024,11,November,Saturday,11699.64,10529.676
2024-11-09,ORD021715,CUST01451,P010,Coffee Maker,Home,Kolkata,Online,UPI,1,5138.22,0.0,5138.22,5138.22,0,586.64,2024,11,November,Saturday,5138.22,5138.22
2024-11-09,ORD026808,CUST04545,P008,Running Shoes,Fashion,Jaipur,Store,Credit Card,1,4597.89,0.0,4597.89,4597.89,0,1197.84,2024,11,November,Saturday,4597.89,4597.89
2024-11-09,ORD018213,CUST04262,P007,Backpack,Accessories,Delhi,Online,Cash,1,2382.93,0.1,2382.93,2144.64,0,242.54,2024,11,November,Saturday,2382.93,2144.6369999999997
2024-11-09,ORD014128,CUST01231,P006,Desk,Furniture,Hyderabad,Online,Net Banking,3,13145.98,0.05,39437.94,37466.04,1,-1873.3,2024,11,November,Saturday,39437.94,37466.043
2024-11-09,ORD016657,CUST04626,P011,Mixer Grinder,Home,Surat,Store,Debit Card,1,4868.33,0.1,4868.33,4381.5,0,336.04,2024,11,November,Saturday,4868.33,4381.497
2024-11-09,ORD009703,CUST01880,P019,Vacuum Cleaner,Home,Surat,Store,Credit Card,2,8519.1,0.05,17038.2,16186.29,0,2442.93,2024,11,November,Saturday,17038.2,16186.289999999999
2024-11-09,ORD028969,CUST01587,P012,Air Fryer,Home,Hyderabad,Store,UPI,1,7816.28,0.1,7816.28,7034.65,0,1190.24,2024,11,November,Saturday,7816.28,7034.652
2024-11-09,ORD014235,CUST04717,P013,Monitor,Electronics,Kolkata,Store,Credit Card,1,17371.94,0.15,17371.94,14766.15,0,2439.52,2024,11,November,Saturday,17371.94,14766.148999999998
2024-11-09,ORD002800,CUST00118,P002,Smartphone,Electronics,Bengaluru,Online,UPI,5,27693.05,0.05,138465.25,131541.99,1,-6577.1,2024,11,November,Saturday,138465.25,131541.9875
2024-11-09,ORD029776,CUST02109,P015,Dining Table,Furniture,Hyderabad,Store,Cash,1,23573.18,0.0,23573.18,23573.18,0,1966.97,2024,11,November,Saturday,23573.18,23573.18
2024-11-09,ORD009269,CUST00108,P008,Running Shoes,Fashion,Pune,Online,UPI,1,3828.08,0.2,3828.08,3062.46,0,420.88,2024,11,November,Saturday,3828.08,3062.464
2024-11-09,ORD007688,CUST03968,P016,Sofa,Furniture,Bengaluru,Online,Cash,4,32422.9,0.2,129691.6,103753.28,0,14530.55,2024,11,November,Saturday,129691.6,103753.28000000001
2024-11-09,ORD027953,CUST04068,P015,Dining Table,Furniture,Surat,Online,UPI,3,23443.45,0.15,70330.35,59780.8,0,3501.72,2024,11,November,Saturday,70330.35,59780.7975
2024-11-09,ORD024712,CUST02410,P019,Vacuum Cleaner,Home,Hyderabad,Store,Debit Card,1,9419.03,0.1,9419.03,8477.13,0,1358.45,2024,11,November,Saturday,9419.03,8477.127
2024-11-09,ORD048686,CUST00490,P017,Jeans,Fashion,Jaipur,Online,UPI,2,3035.86,0.05,6071.72,5768.13,0,1192.3,2024,11,November,Saturday,6071.72,5768.134
2024-11-09,ORD007923,CUST03107,P005,Office Chair,Furniture,Mumbai,Store,UPI,1,10425.09,0.05,10425.09,9903.84,0,1405.6,2024,11,November,Saturday,10425.09,9903.8355
2024-11-09,ORD047888,CUST03118,P005,Office Chair,Furniture,Ahmedabad,Online,Credit Card,2,9443.13,0.2,18886.26,15109.01,0,3783.4,2024,11,November,Saturday,18886.26,15109.008
2024-11-09,ORD016376,CUST00840,P004,Smartwatch,Electronics,Bengaluru,Online,UPI,1,7623.93,0.15,7623.93,6480.34,0,1484.91,2024,11,November,Saturday,7623.93,6480.3405
2024-11-09,ORD015669,CUST03394,P004,Smartwatch,Electronics,Mumbai,Online,Debit Card,4,6602.48,0.25,26409.92,19807.44,0,1720.97,2024,11,November,Saturday,26409.92,19807.44
2024-11-09,ORD038512,CUST01677,P013,Monitor,Electronics,Mumbai,Store,UPI,1,17094.53,0.1,17094.53,15385.08,0,4171.01,2024,11,November,Saturday,17094.53,15385.077
2024-11-09,ORD035841,CUST02425,P002,Smartphone,Electronics,Chennai,Online,Net Banking,5,30558.5,0.0,152792.5,152792.5,0,13435.36,2024,11,November,Saturday,152792.5,152792.5
2024-11-09,ORD015953,CUST04294,P018,Jacket,Fashion,Mumbai,Store,Cash,1,5241.78,0.05,5241.78,4979.69,0,725.98,2024,11,November,Saturday,5241.78,4979.691
2024-11-09,ORD028312,CUST02177,P003,Headphones,Electronics,Chennai,Online,Net Banking,1,4507.13,0.0,4507.13,4507.13,0,623.95,2024,11,November,Saturday,4507.13,4507.13
2024-11-09,ORD043465,CUST02129,P001,Laptop,Electronics,Delhi,Online,UPI,2,60007.56,0.2,120015.12,96012.1,0,15675.8,2024,11,November,Saturday,120015.12,96012.096
2024-11-09,ORD040975,CUST00054,P015,Dining Table,Furniture,Kolkata,Online,UPI,4,21146.16,0.2,84584.64,67667.71,0,16473.37,2024,11,November,Saturday,84584.64,67667.712
2024-11-09,ORD005946,CUST00677,P015,Dining Table,Furniture,Chennai,Store,Debit Card,2,20784.65,0.05,41569.3,39490.84,0,8299.09,2024,11,November,Saturday,41569.3,39490.835
2024-11-09,ORD046221,CUST02012,P001,Laptop,Electronics,Delhi,Store,Net Banking,1,66802.86,0.1,66802.86,60122.57,0,11889.18,2024,11,November,Saturday,66802.86,60122.574
2024-11-09,ORD003026,CUST03729,P012,Air Fryer,Home,Chennai,Online,Net Banking,1,6834.79,0.05,6834.79,6493.05,0,1861.8,2024,11,November,Saturday,6834.79,6493.050499999999
2024-11-09,ORD009978,CUST03966,P014,Keyboard,Electronics,Pune,Store,Debit Card,1,2304.82,0.1,2304.82,2074.34,0,408.07,2024,11,November,Saturday,2304.82,2074.338
2024-11-09,ORD027848,CUST01289,P013,Monitor,Electronics,Chennai,Store,Cash,3,18880.64,0.1,56641.92,50977.73,0,8398.8,2024,11,November,Saturday,56641.92,50977.728
2024-11-09,ORD015752,CUST01804,P017,Jeans,Fashion,Chennai,Online,Debit Card,4,2720.76,0.0,10883.04,10883.04,0,1283.97,2024,11,November,Saturday,10883.04,10883.04
2024-11-09,ORD028090,CUST02577,P016,Sofa,Furniture,Bengaluru,Store,Credit Card,2,32522.54,0.2,65045.08,52036.06,0,8475.51,2024,11,November,Saturday,65045.08,52036.064000000006
2024-11-09,ORD036652,CUST03877,P003,Headphones,Electronics,Hyderabad,Online,Debit Card,4,4699.71,0.2,18798.84,15039.07,0,3359.24,2024,11,November,Saturday,18798.84,15039.072
2024-11-09,ORD043719,CUST02466,P018,Jacket,Fashion,Pune,Online,UPI,1,5170.3,0.0,5170.3,5170.3,0,426.13,2024,11,November,Saturday,5170.3,5170.3
2024-11-09,ORD022787,CUST04575,P004,Smartwatch,Electronics,Mumbai,Store,Credit Card,1,7422.58,0.05,7422.58,7051.45,0,1133.77,2024,11,November,Saturday,7422.58,7051.451
2024-11-09,ORD009425,CUST03140,P017,Jeans,Fashion,Jaipur,Online,UPI,1,2656.4,0.1,2656.4,2390.76,0,406.46,2024,11,November,Saturday,2656.4,2390.76
2024-11-09,ORD041746,CUST02446,P013,Monitor,Electronics,Mumbai,Online,Credit Card,4,17976.7,0.15,71906.8,61120.78,0,3374.24,2024,11,November,Saturday,71906.8,61120.78
2024-11-09,ORD034105,CUST00909,P015,Dining Table,Furniture,Chennai,Online,UPI,1,21255.65,0.0,21255.65,21255.65,0,3269.38,2024,11,November,Saturday,21255.65,21255.65
2024-11-09,ORD017076,CUST04845,P012,Air Fryer,Home,Surat,Online,UPI,4,7386.88,0.1,29547.52,26592.77,0,3515.84,2024,11,November,Saturday,29547.52,26592.768
2024-11-09,ORD025881,CUST00536,P006,Desk,Furniture,Surat,Store,UPI,1,12862.4,0.05,12862.4,12219.28,0,2881.19,2024,11,November,Saturday,12862.4,12219.279999999999
2024-11-09,ORD015025,CUST00594,P019,Vacuum Cleaner,Home,Kolkata,Online,Debit Card,1,9139.14,0.05,9139.14,8682.18,0,1441.53,2024,11,November,Saturday,9139.14,8682.182999999999
2024-11-09,ORD024424,CUST03433,P009,T-Shirt,Fashion,Ahmedabad,Online,Credit Card,1,1314.34,0.15,1314.34,1117.19,0,174.79,2024,11,November,Saturday,1314.34,1117.1889999999999
2024-11-09,ORD024427,CUST03360,P011,Mixer Grinder,Home,Ahmedabad,Online,Credit Card,4,4455.24,0.25,17820.96,13365.72,1,-668.29,2024,11,November,Saturday,17820.96,13365.72
2024-11-09,ORD030897,CUST00508,P004,Smartwatch,Electronics,Jaipur,Store,Credit Card,2,7056.86,0.1,14113.72,12702.35,0,2705.37,2024,11,November,Saturday,14113.72,12702.348
2024-11-09,ORD019996,CUST00614,P016,Sofa,Furniture,Jaipur,Online,Cash,1,35089.44,0.05,35089.44,33334.97,0,7654.65,2024,11,November,Saturday,35089.44,33334.968
2024-11-09,ORD043569,CUST01984,P010,Coffee Maker,Home,Hyderabad,Store,Credit Card,1,5337.63,0.1,5337.63,4803.87,0,574.78,2024,11,November,Saturday,5337.63,4803.867
2024-11-09,ORD045918,CUST04768,P012,Air Fryer,Home,Surat,Store,Debit Card,1,6495.1,0.0,6495.1,6495.1,1,-324.76,2024,11,November,Saturday,6495.1,6495.1
2024-11-10,ORD032662,CUST02183,P011,Mixer Grinder,Home,Hyderabad,Store,Net Banking,1,4330.8,0.1,4330.8,3897.72,0,415.38,2024,11,November,Sunday,4330.8,3897.7200000000003
2024-11-10,ORD042575,CUST02240,P002,Smartphone,Electronics,Chennai,Online,UPI,1,25205.83,0.15,25205.83,21424.96,0,4029.54,2024,11,November,Sunday,25205.83,21424.9555
2024-11-10,ORD040143,CUST01915,P012,Air Fryer,Home,Surat,Store,UPI,1,7589.88,0.1,7589.88,6830.89,0,909.85,2024,11,November,Sunday,7589.88,6830.892
2024-11-10,ORD021639,CUST04710,P014,Keyboard,Electronics,Jaipur,Store,Credit Card,1,2344.01,0.15,2344.01,1992.41,0,361.26,2024,11,November,Sunday,2344.01,1992.4085000000002
2024-11-10,ORD038133,CUST02301,P013,Monitor,Electronics,Chennai,Store,UPI,2,17974.37,0.0,35948.74,35948.74,0,3018.32,2024,11,November,Sunday,35948.74,35948.74
2024-11-10,ORD044669,CUST02312,P010,Coffee Maker,Home,Delhi,Online,Credit Card,1,5735.77,0.0,5735.77,5735.77,1,-286.79,2024,11,November,Sunday,5735.77,5735.77
2024-11-10,ORD006783,CUST03687,P009,T-Shirt,Fashion,Hyderabad,Online,Credit Card,1,1232.92,0.25,1232.92,924.69,0,39.4,2024,11,November,Sunday,1232.92,924.69
2024-11-10,ORD010969,CUST04244,P004,Smartwatch,Electronics,Pune,Online,Credit Card,1,6667.46,0.25,6667.46,5000.6,0,673.08,2024,11,November,Sunday,6667.46,5000.595
2024-11-10,ORD045841,CUST03989,P009,T-Shirt,Fashion,Surat,Store,UPI,2,1125.52,0.0,2251.04,2251.04,0,493.99,2024,11,November,Sunday,2251.04,2251.04
2024-11-10,ORD022399,CUST02222,P004,Smartwatch,Electronics,Chennai,Online,Debit Card,1,6835.93,0.25,6835.93,5126.95,0,465.11,2024,11,November,Sunday,6835.93,5126.9475
2024-11-10,ORD012379,CUST00708,P009,T-Shirt,Fashion,Surat,Store,UPI,1,1132.12,0.1,1132.12,1018.91,0,75.04,2024,11,November,Sunday,1132.12,1018.9079999999999
2024-11-10,ORD024738,CUST02786,P017,Jeans,Fashion,Jaipur,Online,Debit Card,1,2612.87,0.2,2612.87,2090.3,0,178.58,2024,11,November,Sunday,2612.87,2090.296
2024-11-10,ORD027966,CUST03501,P013,Monitor,Electronics,Hyderabad,Online,Credit Card,3,16821.7,0.0,50465.1,50465.1,0,10067.3,2024,11,November,Sunday,50465.100000000006,50465.1
2024-11-10,ORD034551,CUST01337,P020,Microwave,Home,Delhi,Online,Credit Card,2,11394.73,0.1,22789.46,20510.51,0,2845.12,2024,11,November,Sunday,22789.46,20510.514
2024-11-10,ORD035076,CUST00403,P016,Sofa,Furniture,Delhi,Online,UPI,1,37677.0,0.1,37677.0,33909.3,0,5703.49,2024,11,November,Sunday,37677.0,33909.3
2024-11-10,ORD049644,CUST00270,P003,Headphones,Electronics,Mumbai,Online,Cash,1,4469.39,0.05,4469.39,4245.92,0,724.12,2024,11,November,Sunday,4469.39,4245.9205
2024-11-10,ORD028040,CUST00114,P008,Running Shoes,Fashion,Jaipur,Online,Debit Card,1,4459.68,0.0,4459.68,4459.68,0,1052.39,2024,11,November,Sunday,4459.68,4459.68
2024-11-10,ORD028648,CUST04488,P002,Smartphone,Electronics,Ahmedabad,Online,Net Banking,4,26825.8,0.15,107303.2,91207.72,0,17899.37,2024,11,November,Sunday,107303.2,91207.72
2024-11-10,ORD016793,CUST01222,P012,Air Fryer,Home,Surat,Online,Cash,1,6978.5,0.15,6978.5,5931.72,0,340.84,2024,11,November,Sunday,6978.5,5931.724999999999
2024-11-10,ORD003429,CUST03746,P016,Sofa,Furniture,Surat,Store,Credit Card,1,35889.67,0.05,35889.67,34095.19,0,8304.15,2024,11,November,Sunday,35889.67,34095.186499999996
2024-11-10,ORD012247,CUST03735,P015,Dining Table,Furniture,Pune,Online,Debit Card,2,23027.62,0.0,46055.24,46055.24,0,8941.49,2024,11,November,Sunday,46055.24,46055.24
2024-11-10,ORD026797,CUST04628,P008,Running Shoes,Fashion,Hyderabad,Online,Credit Card,1,3896.12,0.0,3896.12,3896.12,0,604.35,2024,11,November,Sunday,3896.12,3896.12
2024-11-10,ORD046634,CUST04500,P005,Office Chair,Furniture,Surat,Store,UPI,1,8926.48,0.1,8926.48,8033.83,0,1333.97,2024,11,November,Sunday,8926.48,8033.831999999999
2024-11-10,ORD047911,CUST01861,P004,Smartwatch,Electronics,Chennai,Store,Debit Card,1,6615.07,0.1,6615.07,5953.56,0,534.51,2024,11,November,Sunday,6615.07,5953.563
2024-11-10,ORD001786,CUST00723,P020,Microwave,Home,Bengaluru,Online,Debit Card,1,11551.13,0.1,11551.13,10396.02,0,696.03,2024,11,November,Sunday,11551.13,10396.017
2024-11-10,ORD027788,CUST01163,P019,Vacuum Cleaner,Home,Delhi,Online,UPI,2,8783.15,0.1,17566.3,15809.67,0,1271.34,2024,11,November,Sunday,17566.3,15809.67
2024-11-10,ORD004240,CUST04776,P012,Air Fryer,Home,Chennai,Store,UPI,1,7103.19,0.0,7103.19,7103.19,0,1460.91,2024,11,November,Sunday,7103.19,7103.19
2024-11-10,ORD019770,CUST04865,P011,Mixer Grinder,Home,Surat,Online,Debit Card,1,5173.97,0.05,5173.97,4915.27,0,928.82,2024,11,November,Sunday,5173.97,4915.2715
2024-11-10,ORD004858,CUST03206,P006,Desk,Furniture,Pune,Store,Debit Card,1,11150.97,0.15,11150.97,9478.32,0,2254.25,2024,11,November,Sunday,11150.97,9478.324499999999
2024-11-10,ORD022172,CUST02730,P003,Headphones,Electronics,Surat,Store,UPI,2,4096.22,0.1,8192.44,7373.2,0,1815.63,2024,11,November,Sunday,8192.44,7373.196000000001
2024-11-10,ORD043946,CUST04202,P006,Desk,Furniture,Bengaluru,Online,UPI,3,11644.57,0.1,34933.71,31440.34,0,5174.13,2024,11,November,Sunday,34933.71,31440.339
2024-11-10,ORD044852,CUST03305,P011,Mixer Grinder,Home,Bengaluru,Store,Credit Card,2,4724.71,0.0,9449.42,9449.42,0,1567.15,2024,11,November,Sunday,9449.42,9449.42
2024-11-10,ORD032760,CUST04442,P016,Sofa,Furniture,Kolkata,Online,Credit Card,1,35517.42,0.1,35517.42,31965.68,0,8651.53,2024,11,November,Sunday,35517.42,31965.678
2024-11-10,ORD038470,CUST00493,P020,Microwave,Home,Surat,Online,Debit Card,2,11563.5,0.1,23127.0,20814.3,0,2751.61,2024,11,November,Sunday,23127.0,20814.3
2024-11-10,ORD044906,CUST00216,P003,Headphones,Electronics,Pune,Store,UPI,1,4265.44,0.15,4265.44,3625.62,0,607.84,2024,11,November,Sunday,4265.44,3625.6239999999993
2024-11-10,ORD002464,CUST03908,P016,Sofa,Furniture,Surat,Online,UPI,3,35577.19,0.2,106731.57,85385.26,0,12705.69,2024,11,November,Sunday,106731.57,85385.25600000001
2024-11-10,ORD009365,CUST01792,P015,Dining Table,Furniture,Pune,Online,Credit Card,1,23305.19,0.0,23305.19,23305.19,0,4530.48,2024,11,November,Sunday,23305.19,23305.19
2024-11-10,ORD012671,CUST03007,P017,Jeans,Fashion,Pune,Online,Credit Card,1,2791.89,0.05,2791.89,2652.3,0,347.09,2024,11,November,Sunday,2791.89,2652.2954999999997
2024-11-10,ORD042886,CUST04632,P011,Mixer Grinder,Home,Mumbai,Store,Debit Card,1,4825.54,0.05,4825.54,4584.26,1,-229.21,2024,11,November,Sunday,4825.54,4584.263
2024-11-10,ORD009829,CUST01506,P018,Jacket,Fashion,Bengaluru,Online,UPI,1,4932.57,0.15,4932.57,4192.68,0,1032.87,2024,11,November,Sunday,4932.57,4192.684499999999
2024-11-10,ORD019994,CUST00324,P005,Office Chair,Furniture,Kolkata,Online,Credit Card,4,8947.65,0.15,35790.6,30422.01,0,4703.44,2024,11,November,Sunday,35790.6,30422.01
2024-11-10,ORD016589,CUST03619,P009,T-Shirt,Fashion,Kolkata,Online,Credit Card,1,1153.07,0.05,1153.07,1095.42,0,309.99,2024,11,November,Sunday,1153.07,1095.4164999999998
2024-11-10,ORD036721,CUST01167,P018,Jacket,Fashion,Kolkata,Online,Credit Card,2,5516.92,0.1,11033.84,9930.46,1,-496.52,2024,11,November,Sunday,11033.84,9930.456
2024-11-10,ORD017422,CUST03718,P007,Backpack,Accessories,Chennai,Online,UPI,2,2147.12,0.05,4294.24,4079.53,0,671.2,2024,11,November,Sunday,4294.24,4079.528
2024-11-10,ORD025994,CUST00704,P013,Monitor,Electronics,Bengaluru,Store,UPI,1,18105.37,0.0,18105.37,18105.37,0,1576.97,2024,11,November,Sunday,18105.37,18105.37
2024-11-10,ORD003874,CUST01393,P007,Backpack,Accessories,Delhi,Online,UPI,1,2022.96,0.1,2022.96,1820.66,0,478.33,2024,11,November,Sunday,2022.96,1820.664
2024-11-10,ORD034402,CUST01434,P010,Coffee Maker,Home,Kolkata,Store,UPI,3,5243.51,0.0,15730.53,15730.53,0,2499.76,2024,11,November,Sunday,15730.53,15730.53
2024-11-10,ORD010653,CUST04478,P002,Smartphone,Electronics,Kolkata,Online,UPI,1,27721.99,0.05,27721.99,26335.89,0,4350.64,2024,11,November,Sunday,27721.99,26335.8905
2024-11-10,ORD022433,CUST02783,P020,Microwave,Home,Hyderabad,Online,Credit Card,1,11572.55,0.05,11572.55,10993.92,0,2803.28,2024,11,November,Sunday,11572.55,10993.922499999999
2024-11-10,ORD012027,CUST03106,P017,Jeans,Fashion,Jaipur,Store,Net Banking,1,3063.3,0.05,3063.3,2910.14,0,679.4,2024,11,November,Sunday,3063.3,2910.135
2024-11-10,ORD015078,CUST03104,P005,Office Chair,Furniture,Delhi,Store,Credit Card,1,10396.24,0.15,10396.24,8836.8,0,2263.2,2024,11,November,Sunday,10396.24,8836.804
2024-11-10,ORD013290,CUST03724,P020,Microwave,Home,Kolkata,Online,UPI,4,11443.49,0.1,45773.96,41196.56,0,8660.38,2024,11,November,Sunday,45773.96,41196.564
2024-11-10,ORD019840,CUST03397,P013,Monitor,Electronics,Chennai,Online,UPI,1,18412.96,0.0,18412.96,18412.96,0,3830.61,2024,11,November,Sunday,18412.96,18412.96
2024-11-10,ORD017359,CUST02460,P018,Jacket,Fashion,Hyderabad,Online,Credit Card,1,5543.44,0.15,5543.44,4711.92,0,527.79,2024,11,November,Sunday,5543.44,4711.924
2024-11-10,ORD026480,CUST00019,P003,Headphones,Electronics,Ahmedabad,Online,Debit Card,2,4546.49,0.2,9092.98,7274.38,0,861.31,2024,11,November,Sunday,9092.98,7274.384
2024-11-10,ORD013342,CUST04489,P003,Headphones,Electronics,Ahmedabad,Online,UPI,2,4440.52,0.05,8881.04,8436.99,0,1590.96,2024,11,November,Sunday,8881.04,8436.988000000001
2024-11-10,ORD018764,CUST00025,P005,Office Chair,Furniture,Hyderabad,Online,Credit Card,2,10235.08,0.25,20470.16,15352.62,0,2752.2,2024,11,November,Sunday,20470.16,15352.619999999999
2024-11-10,ORD003367,CUST01025,P001,Laptop,Electronics,Chennai,Store,Credit Card,1,64307.39,0.05,64307.39,61092.02,0,5623.45,2024,11,November,Sunday,64307.39,61092.0205
2024-11-10,ORD003856,CUST04462,P009,T-Shirt,Fashion,Ahmedabad,Store,Net Banking,2,1232.61,0.1,2465.22,2218.7,0,545.39,2024,11,November,Sunday,2465.22,2218.698
2024-11-11,ORD000721,CUST02461,P006,Desk,Furniture,Bengaluru,Store,UPI,1,11185.71,0.1,11185.71,10067.14,1,-503.36,2024,11,November,Monday,11185.71,10067.139
2024-11-11,ORD026757,CUST00616,P008,Running Shoes,Fashion,Delhi,Online,Credit Card,1,4006.24,0.05,4006.24,3805.93,0,942.18,2024,11,November,Monday,4006.24,3805.9279999999994
2024-11-11,ORD019459,CUST02286,P018,Jacket,Fashion,Hyderabad,Online,UPI,1,5656.38,0.1,5656.38,5090.74,0,1022.08,2024,11,November,Monday,5656.38,5090.742
2024-11-11,ORD003405,CUST02247,P018,Jacket,Fashion,Delhi,Store,UPI,1,5556.6,0.1,5556.6,5000.94,0,442.0,2024,11,November,Monday,5556.6,5000.9400000000005
2024-11-11,ORD011279,CUST03328,P001,Laptop,Electronics,Bengaluru,Online,UPI,2,63491.79,0.05,126983.58,120634.4,0,24197.63,2024,11,November,Monday,126983.58,120634.401
2024-11-11,ORD038626,CUST00010,P002,Smartphone,Electronics,Delhi,Online,Debit Card,2,26343.81,0.15,52687.62,44784.48,0,10872.43,2024,11,November,Monday,52687.62,44784.477
2024-11-11,ORD005829,CUST00497,P016,Sofa,Furniture,Kolkata,Online,Credit Card,1,33661.31,0.05,33661.31,31978.24,0,4113.74,2024,11,November,Monday,33661.31,31978.244499999997
2024-11-11,ORD033576,CUST00692,P016,Sofa,Furniture,Bengaluru,Store,Debit Card,1,36472.28,0.0,36472.28,36472.28,0,5259.15,2024,11,November,Monday,36472.28,36472.28
2024-11-11,ORD027621,CUST04360,P007,Backpack,Accessories,Jaipur,Online,Debit Card,1,2254.56,0.0,2254.56,2254.56,0,472.46,2024,11,November,Monday,2254.56,2254.56
2024-11-11,ORD028532,CUST04405,P008,Running Shoes,Fashion,Hyderabad,Store,Debit Card,1,4068.51,0.15,4068.51,3458.23,0,258.56,2024,11,November,Monday,4068.51,3458.2335000000003
2024-11-11,ORD037108,CUST04294,P007,Backpack,Accessories,Pune,Online,UPI,1,2331.58,0.05,2331.58,2215.0,0,375.79,2024,11,November,Monday,2331.58,2215.0009999999997
2024-11-11,ORD007348,CUST02065,P002,Smartphone,Electronics,Kolkata,Online,UPI,3,29111.6,0.05,87334.8,82968.06,0,12252.56,2024,11,November,Monday,87334.79999999999,82968.06
2024-11-11,ORD018457,CUST04924,P003,Headphones,Electronics,Hyderabad,Store,UPI,2,4849.49,0.1,9698.98,8729.08,0,938.49,2024,11,November,Monday,9698.98,8729.082
2024-11-11,ORD045386,CUST03041,P009,T-Shirt,Fashion,Pune,Online,UPI,2,1136.9,0.0,2273.8,2273.8,0,483.58,2024,11,November,Monday,2273.8,2273.8
2024-11-11,ORD009175,CUST00122,P002,Smartphone,Electronics,Hyderabad,Online,Credit Card,2,28643.37,0.1,57286.74,51558.07,0,8098.02,2024,11,November,Monday,57286.74,51558.066
2024-11-11,ORD046401,CUST02539,P004,Smartwatch,Electronics,Pune,Online,UPI,1,7679.44,0.1,7679.44,6911.5,0,606.21,2024,11,November,Monday,7679.44,6911.496
2024-11-11,ORD021028,CUST00849,P019,Vacuum Cleaner,Home,Chennai,Online,Credit Card,3,8700.84,0.15,26102.52,22187.14,0,1659.56,2024,11,November,Monday,26102.52,22187.142
2024-11-11,ORD001691,CUST01824,P009,T-Shirt,Fashion,Delhi,Online,UPI,1,1279.2,0.0,1279.2,1279.2,0,133.93,2024,11,November,Monday,1279.2,1279.2
2024-11-11,ORD017801,CUST03131,P013,Monitor,Electronics,Kolkata,Store,Debit Card,1,19711.88,0.2,19711.88,15769.5,0,1491.66,2024,11,November,Monday,19711.88,15769.504
2024-11-11,ORD003024,CUST04557,P003,Headphones,Electronics,Hyderabad,Store,UPI,1,4236.55,0.05,4236.55,4024.72,0,461.53,2024,11,November,Monday,4236.55,4024.7225
2024-11-11,ORD047274,CUST04247,P016,Sofa,Furniture,Chennai,Store,Net Banking,1,32349.05,0.05,32349.05,30731.6,0,3017.48,2024,11,November,Monday,32349.05,30731.597499999996
2024-11-11,ORD008239,CUST00022,P002,Smartphone,Electronics,Hyderabad,Store,UPI,2,29591.36,0.1,59182.72,53264.45,1,-2663.22,2024,11,November,Monday,59182.72,53264.448000000004
2024-11-11,ORD010916,CUST03673,P007,Backpack,Accessories,Jaipur,Online,Credit Card,2,1987.61,0.05,3975.22,3776.46,0,982.3,2024,11,November,Monday,3975.22,3776.459
2024-11-11,ORD031598,CUST01660,P001,Laptop,Electronics,Bengaluru,Online,Cash,3,66032.08,0.25,198096.24,148572.18,0,5942.89,2024,11,November,Monday,198096.24,148572.18
2024-11-11,ORD048879,CUST03177,P012,Air Fryer,Home,Jaipur,Online,UPI,1,6881.12,0.05,6881.12,6537.06,0,1321.41,2024,11,November,Monday,6881.12,6537.063999999999
2024-11-11,ORD020080,CUST02594,P017,Jeans,Fashion,Ahmedabad,Online,Net Banking,1,2803.58,0.05,2803.58,2663.4,0,398.55,2024,11,November,Monday,2803.58,2663.401
2024-11-11,ORD049361,CUST01621,P006,Desk,Furniture,Mumbai,Online,UPI,2,11953.65,0.0,23907.3,23907.3,0,3790.69,2024,11,November,Monday,23907.3,23907.3
2024-11-11,ORD024321,CUST01252,P015,Dining Table,Furniture,Chennai,Online,Credit Card,2,24035.11,0.05,48070.22,45666.71,0,8856.66,2024,11,November,Monday,48070.22,45666.709
2024-11-11,ORD046444,CUST04496,P013,Monitor,Electronics,Surat,Online,UPI,1,16953.2,0.15,16953.2,14410.22,0,3157.94,2024,11,November,Monday,16953.2,14410.22
2024-11-11,ORD044269,CUST02507,P011,Mixer Grinder,Home,Bengaluru,Online,Debit Card,1,4371.95,0.0,4371.95,4371.95,0,1172.38,2024,11,November,Monday,4371.95,4371.95
2024-11-11,ORD030748,CUST02482,P013,Monitor,Electronics,Chennai,Online,UPI,2,16273.69,0.1,32547.38,29292.64,0,5766.46,2024,11,November,Monday,32547.38,29292.642
2024-11-11,ORD044267,CUST04828,P012,Air Fryer,Home,Hyderabad,Online,Credit Card,2,7134.78,0.0,14269.56,14269.56,0,1317.37,2024,11,November,Monday,14269.56,14269.56
2024-11-11,ORD029748,CUST00268,P011,Mixer Grinder,Home,Ahmedabad,Online,UPI,1,4602.6,0.1,4602.6,4142.34,1,-207.12,2024,11,November,Monday,4602.6,4142.34
2024-11-11,ORD008869,CUST04758,P003,Headphones,Electronics,Surat,Online,Debit Card,5,4250.45,0.15,21252.25,18064.41,0,1567.14,2024,11,November,Monday,21252.25,18064.4125
2024-11-11,ORD023162,CUST01886,P009,T-Shirt,Fashion,Mumbai,Online,Credit Card,2,1243.08,0.2,2486.16,1988.93,0,471.77,2024,11,November,Monday,2486.16,1988.9279999999999
2024-11-11,ORD020036,CUST00295,P014,Keyboard,Electronics,Kolkata,Online,UPI,1,2524.68,0.25,2524.68,1893.51,0,161.13,2024,11,November,Monday,2524.68,1893.5099999999998
2024-11-11,ORD009886,CUST01970,P014,Keyboard,Electronics,Mumbai,Online,Debit Card,2,2655.3,0.0,5310.6,5310.6,0,882.28,2024,11,November,Monday,5310.6,5310.6
2024-11-11,ORD047246,CUST00054,P020,Microwave,Home,Kolkata,Online,UPI,5,10268.36,0.05,51341.8,48774.71,0,11823.55,2024,11,November,Monday,51341.8,48774.71
2024-11-11,ORD037214,CUST04765,P014,Keyboard,Electronics,Surat,Online,Credit Card,2,2696.27,0.15,5392.54,4583.66,0,483.72,2024,11,November,Monday,5392.54,4583.659
2024-11-11,ORD022837,CUST03902,P015,Dining Table,Furniture,Jaipur,Online,Credit Card,1,19831.19,0.05,19831.19,18839.63,0,3688.34,2024,11,November,Monday,19831.19,18839.6305
2024-11-11,ORD029127,CUST00666,P002,Smartphone,Electronics,Bengaluru,Online,Credit Card,1,28646.61,0.05,28646.61,27214.28,0,2870.02,2024,11,November,Monday,28646.61,27214.2795
2024-11-11,ORD009948,CUST01675,P017,Jeans,Fashion,Bengaluru,Online,UPI,3,2859.14,0.15,8577.42,7290.81,0,1575.54,2024,11,November,Monday,8577.42,7290.807
2024-11-11,ORD008159,CUST04301,P001,Laptop,Electronics,Delhi,Online,UPI,2,63068.79,0.0,126137.58,126137.58,0,12466.29,2024,11,November,Monday,126137.58,126137.58
2024-11-11,ORD046635,CUST02827,P003,Headphones,Electronics,Chennai,Online,Credit Card,1,4242.66,0.25,4242.66,3182.0,0,567.7,2024,11,November,Monday,4242.66,3181.995
2024-11-11,ORD046014,CUST00017,P014,Keyboard,Electronics,Mumbai,Store,Credit Card,5,2512.83,0.05,12564.15,11935.94,0,842.19,2024,11,November,Monday,12564.15,11935.9425
2024-11-11,ORD032261,CUST04706,P020,Microwave,Home,Bengaluru,Online,Credit Card,1,10204.77,0.05,10204.77,9694.53,0,1249.23,2024,11,November,Monday,10204.77,9694.5315
2024-11-11,ORD025229,CUST01697,P001,Laptop,Electronics,Hyderabad,Online,Debit Card,4,64386.96,0.05,257547.84,244670.45,0,52443.17,2024,11,November,Monday,257547.84,244670.44799999997
2024-11-11,ORD044371,CUST01433,P014,Keyboard,Electronics,Chennai,Store,UPI,1,2652.06,0.05,2652.06,2519.46,0,362.25,2024,11,November,Monday,2652.06,2519.457
2024-11-11,ORD017543,CUST04313,P016,Sofa,Furniture,Surat,Store,UPI,2,35846.9,0.1,71693.8,64524.42,0,6690.94,2024,11,November,Monday,71693.8,64524.420000000006
2024-11-11,ORD024731,CUST02099,P020,Microwave,Home,Surat,Store,Debit Card,2,10198.03,0.2,20396.06,16316.85,0,1614.45,2024,11,November,Monday,20396.06,16316.848000000002
2024-11-11,ORD016103,CUST02388,P012,Air Fryer,Home,Mumbai,Store,UPI,1,6846.04,0.2,6846.04,5476.83,0,1389.29,2024,11,November,Monday,6846.04,5476.832
2024-11-11,ORD008580,CUST03631,P002,Smartphone,Electronics,Pune,Online,Net Banking,2,28771.84,0.0,57543.68,57543.68,0,6890.97,2024,11,November,Monday,57543.68,57543.68
2024-11-11,ORD038228,CUST02053,P008,Running Shoes,Fashion,Hyderabad,Store,UPI,2,4551.97,0.25,9103.94,6827.96,0,659.99,2024,11,November,Monday,9103.94,6827.955
2024-11-11,ORD001657,CUST03465,P018,Jacket,Fashion,Ahmedabad,Online,Credit Card,4,5407.96,0.1,21631.84,19468.66,0,4558.37,2024,11,November,Monday,21631.84,19468.656
2024-11-11,ORD038776,CUST04387,P012,Air Fryer,Home,Ahmedabad,Store,Credit Card,3,7005.51,0.0,21016.53,21016.53,0,5089.43,2024,11,November,Monday,21016.53,21016.53
2024-11-11,ORD041448,CUST03974,P018,Jacket,Fashion,Jaipur,Store,UPI,1,5274.06,0.05,5274.06,5010.36,0,1038.11,2024,11,November,Monday,5274.06,5010.357
2024-11-11,ORD031377,CUST03922,P003,Headphones,Electronics,Kolkata,Online,Debit Card,1,4911.38,0.05,4911.38,4665.81,0,1054.3,2024,11,November,Monday,4911.38,4665.811
2024-11-11,ORD035984,CUST03913,P014,Keyboard,Electronics,Hyderabad,Online,UPI,2,2385.71,0.1,4771.42,4294.28,0,376.29,2024,11,November,Monday,4771.42,4294.278
2024-11-11,ORD011144,CUST02946,P016,Sofa,Furniture,Pune,Online,UPI,1,37411.73,0.15,37411.73,31799.97,0,4358.41,2024,11,November,Monday,37411.73,31799.970500000003
2024-11-11,ORD039496,CUST02622,P005,Office Chair,Furniture,Jaipur,Store,UPI,1,10004.28,0.15,10004.28,8503.64,0,1441.2,2024,11,November,Monday,10004.28,8503.638
2024-11-11,ORD025140,CUST02953,P008,Running Shoes,Fashion,Ahmedabad,Online,Cash,4,4140.94,0.0,16563.76,16563.76,0,3484.14,2024,11,November,Monday,16563.76,16563.76
2024-11-11,ORD003052,CUST04416,P012,Air Fryer,Home,Jaipur,Online,UPI,1,7106.39,0.05,7106.39,6751.07,0,1946.36,2024,11,November,Monday,7106.39,6751.0705
2024-11-12,ORD009340,CUST04730,P003,Headphones,Electronics,Jaipur,Store,Net Banking,2,4522.43,0.05,9044.86,8592.62,0,2059.78,2024,11,November,Tuesday,9044.86,8592.617
2024-11-12,ORD037707,CUST01035,P018,Jacket,Fashion,Jaipur,Online,UPI,2,5688.29,0.15,11376.58,9670.09,0,2191.54,2024,11,November,Tuesday,11376.58,9670.092999999999
2024-11-12,ORD023146,CUST02887,P001,Laptop,Electronics,Ahmedabad,Store,Net Banking,1,63665.89,0.0,63665.89,63665.89,0,17927.21,2024,11,November,Tuesday,63665.89,63665.89
2024-11-12,ORD037548,CUST02933,P008,Running Shoes,Fashion,Chennai,Online,UPI,1,3867.35,0.1,3867.35,3480.62,0,852.73,2024,11,November,Tuesday,3867.35,3480.615
2024-11-12,ORD030125,CUST03902,P006,Desk,Furniture,Bengaluru,Online,UPI,1,10970.62,0.05,10970.62,10422.09,0,2386.97,2024,11,November,Tuesday,10970.62,10422.089
2024-11-12,ORD033472,CUST02174,P015,Dining Table,Furniture,Ahmedabad,Store,UPI,1,21937.01,0.15,21937.01,18646.46,0,1390.2,2024,11,November,Tuesday,21937.01,18646.458499999997
2024-11-12,ORD027099,CUST02672,P006,Desk,Furniture,Mumbai,Store,Debit Card,1,11162.98,0.1,11162.98,10046.68,0,677.74,2024,11,November,Tuesday,11162.98,10046.682
2024-11-12,ORD010262,CUST01339,P018,Jacket,Fashion,Kolkata,Store,UPI,1,4720.85,0.0,4720.85,4720.85,0,980.45,2024,11,November,Tuesday,4720.85,4720.85
2024-11-12,ORD011879,CUST04490,P015,Dining Table,Furniture,Surat,Store,Net Banking,1,24056.37,0.15,24056.37,20447.91,0,1758.68,2024,11,November,Tuesday,24056.37,20447.9145
2024-11-12,ORD008242,CUST01676,P011,Mixer Grinder,Home,Delhi,Store,Debit Card,1,4432.96,0.0,4432.96,4432.96,0,396.71,2024,11,November,Tuesday,4432.96,4432.96
2024-11-12,ORD027010,CUST02789,P008,Running Shoes,Fashion,Ahmedabad,Online,Net Banking,1,3823.03,0.0,3823.03,3823.03,0,854.61,2024,11,November,Tuesday,3823.03,3823.03
2024-11-12,ORD029235,CUST01366,P003,Headphones,Electronics,Chennai,Online,UPI,1,4435.11,0.0,4435.11,4435.11,0,1256.04,2024,11,November,Tuesday,4435.11,4435.11
2024-11-12,ORD005878,CUST00754,P018,Jacket,Fashion,Hyderabad,Store,UPI,1,5450.48,0.15,5450.48,4632.91,0,953.4,2024,11,November,Tuesday,5450.48,4632.907999999999
2024-11-12,ORD017116,CUST01740,P016,Sofa,Furniture,Bengaluru,Online,UPI,2,36795.41,0.15,73590.82,62552.2,0,16685.34,2024,11,November,Tuesday,73590.82,62552.19700000001
2024-11-12,ORD045963,CUST04410,P016,Sofa,Furniture,Surat,Online,UPI,1,37829.25,0.05,37829.25,35937.79,0,3119.02,2024,11,November,Tuesday,37829.25,35937.7875
2024-11-12,ORD038691,CUST01823,P017,Jeans,Fashion,Bengaluru,Online,Credit Card,1,2877.79,0.1,2877.79,2590.01,0,249.1,2024,11,November,Tuesday,2877.79,2590.011
2024-11-12,ORD000891,CUST01842,P007,Backpack,Accessories,Hyderabad,Store,Debit Card,1,2103.86,0.0,2103.86,2103.86,0,427.67,2024,11,November,Tuesday,2103.86,2103.86
2024-11-12,ORD047844,CUST00048,P008,Running Shoes,Fashion,Bengaluru,Store,UPI,1,4329.5,0.05,4329.5,4113.02,0,1139.23,2024,11,November,Tuesday,4329.5,4113.025
2024-11-12,ORD011602,CUST01238,P016,Sofa,Furniture,Pune,Store,Credit Card,1,37329.87,0.1,37329.87,33596.88,0,2451.85,2024,11,November,Tuesday,37329.87,33596.883
2024-11-12,ORD025296,CUST02183,P002,Smartphone,Electronics,Delhi,Store,UPI,2,27202.07,0.0,54404.14,54404.14,0,11656.8,2024,11,November,Tuesday,54404.14,54404.14
2024-11-12,ORD008715,CUST01892,P008,Running Shoes,Fashion,Ahmedabad,Online,UPI,1,3985.85,0.0,3985.85,3985.85,0,409.21,2024,11,November,Tuesday,3985.85,3985.85
2024-11-12,ORD000409,CUST03630,P014,Keyboard,Electronics,Ahmedabad,Store,Net Banking,1,2592.31,0.0,2592.31,2592.31,0,684.88,2024,11,November,Tuesday,2592.31,2592.31
2024-11-12,ORD001233,CUST00763,P007,Backpack,Accessories,Delhi,Online,Net Banking,5,2011.42,0.15,10057.1,8548.54,0,1618.47,2024,11,November,Tuesday,10057.1,8548.535
2024-11-12,ORD022517,CUST03544,P014,Keyboard,Electronics,Mumbai,Online,Cash,1,2348.99,0.2,2348.99,1879.19,0,452.26,2024,11,November,Tuesday,2348.99,1879.192
2024-11-12,ORD029441,CUST03678,P003,Headphones,Electronics,Pune,Online,Cash,1,4931.35,0.1,4931.35,4438.22,0,534.26,2024,11,November,Tuesday,4931.35,4438.215
2024-11-12,ORD036294,CUST04482,P002,Smartphone,Electronics,Ahmedabad,Online,UPI,1,27228.59,0.15,27228.59,23144.3,0,3753.72,2024,11,November,Tuesday,27228.59,23144.301499999998
2024-11-12,ORD033816,CUST03344,P019,Vacuum Cleaner,Home,Hyderabad,Online,UPI,5,9848.39,0.0,49241.95,49241.95,0,7855.35,2024,11,November,Tuesday,49241.95,49241.95
2024-11-12,ORD042046,CUST02273,P002,Smartphone,Electronics,Mumbai,Online,Credit Card,4,26809.35,0.15,107237.4,91151.79,0,19083.54,2024,11,November,Tuesday,107237.4,91151.79
2024-11-12,ORD023278,CUST02782,P009,T-Shirt,Fashion,Jaipur,Online,UPI,5,1187.92,0.05,5939.6,5642.62,0,459.09,2024,11,November,Tuesday,5939.6,5642.62
2024-11-12,ORD034931,CUST00459,P014,Keyboard,Electronics,Kolkata,Online,Credit Card,2,2362.73,0.15,4725.46,4016.64,0,260.51,2024,11,November,Tuesday,4725.46,4016.641
2024-11-12,ORD027045,CUST00685,P020,Microwave,Home,Pune,Store,Debit Card,2,10350.49,0.0,20700.98,20700.98,0,3576.05,2024,11,November,Tuesday,20700.98,20700.98
2024-11-12,ORD009156,CUST04112,P019,Vacuum Cleaner,Home,Surat,Online,UPI,1,9332.06,0.1,9332.06,8398.85,0,598.76,2024,11,November,Tuesday,9332.06,8398.854
2024-11-12,ORD006367,CUST04392,P004,Smartwatch,Electronics,Hyderabad,Store,UPI,2,7348.48,0.1,14696.96,13227.26,0,3470.01,2024,11,November,Tuesday,14696.96,13227.264
2024-11-12,ORD032828,CUST02951,P010,Coffee Maker,Home,Kolkata,Online,Credit Card,2,6009.64,0.05,12019.28,11418.32,0,902.12,2024,11,November,Tuesday,12019.28,11418.316
2024-11-12,ORD017019,CUST02219,P011,Mixer Grinder,Home,Delhi,Online,Credit Card,1,4578.97,0.15,4578.97,3892.12,1,-194.61,2024,11,November,Tuesday,4578.97,3892.1245
2024-11-12,ORD030904,CUST01221,P020,Microwave,Home,Chennai,Store,Debit Card,3,11430.75,0.15,34292.25,29148.41,0,5138.93,2024,11,November,Tuesday,34292.25,29148.4125
2024-11-12,ORD047000,CUST03036,P020,Microwave,Home,Bengaluru,Store,Credit Card,3,11675.16,0.15,35025.48,29771.66,0,2183.9,2024,11,November,Tuesday,35025.479999999996,29771.658000000003
2024-11-12,ORD047919,CUST03567,P009,T-Shirt,Fashion,Kolkata,Store,Credit Card,2,1229.34,0.0,2458.68,2458.68,0,238.25,2024,11,November,Tuesday,2458.68,2458.68
2024-11-12,ORD039945,CUST02254,P017,Jeans,Fashion,Hyderabad,Online,Credit Card,1,2785.34,0.1,2785.34,2506.81,0,535.11,2024,11,November,Tuesday,2785.34,2506.806
2024-11-12,ORD009666,CUST01335,P006,Desk,Furniture,Surat,Online,Credit Card,1,12328.11,0.05,12328.11,11711.7,0,2023.17,2024,11,November,Tuesday,12328.11,11711.7045
2024-11-12,ORD046812,CUST02442,P001,Laptop,Electronics,Ahmedabad,Online,Credit Card,2,60258.3,0.15,120516.6,102439.11,0,25063.2,2024,11,November,Tuesday,120516.6,102439.11
2024-11-12,ORD026590,CUST03524,P010,Coffee Maker,Home,Jaipur,Store,Credit Card,1,5996.45,0.0,5996.45,5996.45,0,599.91,2024,11,November,Tuesday,5996.45,5996.45
2024-11-12,ORD008948,CUST01058,P019,Vacuum Cleaner,Home,Kolkata,Online,UPI,1,9117.33,0.0,9117.33,9117.33,0,1365.91,2024,11,November,Tuesday,9117.33,9117.33
2024-11-12,ORD035454,CUST04964,P010,Coffee Maker,Home,Mumbai,Online,UPI,1,5981.76,0.05,5981.76,5682.67,0,638.16,2024,11,November,Tuesday,5981.76,5682.672
2024-11-12,ORD039672,CUST03826,P020,Microwave,Home,Pune,Store,Cash,1,11215.29,0.0,11215.29,11215.29,0,2295.67,2024,11,November,Tuesday,11215.29,11215.29
2024-11-12,ORD004396,CUST01107,P008,Running Shoes,Fashion,Pune,Online,UPI,3,4380.86,0.0,13142.58,13142.58,0,1325.33,2024,11,November,Tuesday,13142.579999999998,13142.58
2024-11-12,ORD039587,CUST03566,P002,Smartphone,Electronics,Pune,Online,Credit Card,1,25843.82,0.15,25843.82,21967.25,0,1837.21,2024,11,November,Tuesday,25843.82,21967.247
2024-11-12,ORD028991,CUST03954,P007,Backpack,Accessories,Pune,Store,Debit Card,1,2287.15,0.0,2287.15,2287.15,0,210.02,2024,11,November,Tuesday,2287.15,2287.15
2024-11-12,ORD004455,CUST00718,P016,Sofa,Furniture,Bengaluru,Online,Debit Card,4,35828.3,0.1,143313.2,128981.88,0,34875.32,2024,11,November,Tuesday,143313.2,128981.88000000002
2024-11-12,ORD035437,CUST04689,P009,T-Shirt,Fashion,Hyderabad,Online,Cash,1,1290.41,0.2,1290.41,1032.33,0,258.38,2024,11,November,Tuesday,1290.41,1032.3280000000002
2024-11-12,ORD040614,CUST01904,P018,Jacket,Fashion,Pune,Online,UPI,3,4842.66,0.1,14527.98,13075.18,1,-653.76,2024,11,November,Tuesday,14527.98,13075.182
2024-11-12,ORD032366,CUST01299,P013,Monitor,Electronics,Chennai,Online,Credit Card,5,19044.02,0.2,95220.1,76176.08,0,12716.68,2024,11,November,Tuesday,95220.1,76176.08
2024-11-12,ORD034143,CUST00120,P007,Backpack,Accessories,Mumbai,Online,Net Banking,4,2080.05,0.05,8320.2,7904.19,0,2216.06,2024,11,November,Tuesday,8320.2,7904.1900000000005
2024-11-12,ORD023391,CUST04186,P001,Laptop,Electronics,Delhi,Store,Credit Card,2,59353.23,0.05,118706.46,112771.14,1,-5638.56,2024,11,November,Tuesday,118706.46,112771.137
2024-11-12,ORD020821,CUST03868,P002,Smartphone,Electronics,Pune,Online,Cash,1,27196.9,0.05,27196.9,25837.06,0,6721.28,2024,11,November,Tuesday,27196.9,25837.055
2024-11-12,ORD007759,CUST02544,P009,T-Shirt,Fashion,Pune,Online,Credit Card,1,1091.94,0.0,1091.94,1091.94,0,284.3,2024,11,November,Tuesday,1091.94,1091.94
2024-11-12,ORD019923,CUST04296,P020,Microwave,Home,Ahmedabad,Store,UPI,1,11824.7,0.0,11824.7,11824.7,0,2827.09,2024,11,November,Tuesday,11824.7,11824.7
2024-11-12,ORD019914,CUST04620,P010,Coffee Maker,Home,Delhi,Online,UPI,5,5696.09,0.1,28480.45,25632.41,0,3302.22,2024,11,November,Tuesday,28480.45,25632.405000000002
2024-11-12,ORD040917,CUST02452,P014,Keyboard,Electronics,Hyderabad,Online,Net Banking,1,2252.59,0.0,2252.59,2252.59,0,497.63,2024,11,November,Tuesday,2252.59,2252.59
2024-11-12,ORD039144,CUST02285,P015,Dining Table,Furniture,Mumbai,Online,Debit Card,3,20066.04,0.0,60198.12,60198.12,0,12405.99,2024,11,November,Tuesday,60198.12,60198.12
2024-11-12,ORD008841,CUST02341,P005,Office Chair,Furniture,Jaipur,Online,Credit Card,2,9288.93,0.25,18577.86,13933.4,0,1069.65,2024,11,November,Tuesday,18577.86,13933.395
2024-11-12,ORD024602,CUST00707,P020,Microwave,Home,Pune,Online,Net Banking,2,10828.78,0.0,21657.56,21657.56,0,5830.99,2024,11,November,Tuesday,21657.56,21657.56
2024-11-12,ORD017548,CUST03966,P017,Jeans,Fashion,Chennai,Store,UPI,3,2706.94,0.15,8120.82,6902.7,0,861.66,2024,11,November,Tuesday,8120.82,6902.696999999999
2024-11-12,ORD044104,CUST00495,P020,Microwave,Home,Bengaluru,Online,Credit Card,2,10831.37,0.1,21662.74,19496.47,0,4737.37,2024,11,November,Tuesday,21662.74,19496.466
2024-11-12,ORD037867,CUST04873,P011,Mixer Grinder,Home,Chennai,Online,UPI,5,5014.05,0.2,25070.25,20056.2,0,2854.73,2024,11,November,Tuesday,25070.25,20056.2
2024-11-12,ORD006943,CUST04412,P002,Smartphone,Electronics,Mumbai,Online,Credit Card,5,26426.01,0.1,132130.05,118917.04,1,-5945.85,2024,11,November,Tuesday,132130.05,118917.045
2024-11-12,ORD008547,CUST02425,P007,Backpack,Accessories,Hyderabad,Store,UPI,1,2130.61,0.2,2130.61,1704.49,0,234.13,2024,11,November,Tuesday,2130.61,1704.4880000000003
2024-11-12,ORD036801,CUST03041,P003,Headphones,Electronics,Delhi,Online,Debit Card,4,4558.48,0.2,18233.92,14587.14,0,1782.03,2024,11,November,Tuesday,18233.92,14587.135999999999
2024-11-12,ORD016128,CUST02442,P013,Monitor,Electronics,Kolkata,Online,UPI,1,16516.32,0.0,16516.32,16516.32,0,4177.88,2024,11,November,Tuesday,16516.32,16516.32
2024-11-12,ORD026105,CUST03596,P005,Office Chair,Furniture,Hyderabad,Store,UPI,1,9615.85,0.0,9615.85,9615.85,1,-480.79,2024,11,November,Tuesday,9615.85,9615.85
2024-11-12,ORD045050,CUST01023,P019,Vacuum Cleaner,Home,Pune,Online,Credit Card,1,8689.44,0.05,8689.44,8254.97,0,2079.2,2024,11,November,Tuesday,8689.44,8254.968
2024-11-12,ORD042925,CUST00176,P005,Office Chair,Furniture,Surat,Store,UPI,1,10384.53,0.0,10384.53,10384.53,0,1351.35,2024,11,November,Tuesday,10384.53,10384.53
2024-11-12,ORD017719,CUST04764,P006,Desk,Furniture,Mumbai,Online,Credit Card,1,12920.57,0.0,12920.57,12920.57,0,3351.78,2024,11,November,Tuesday,12920.57,12920.57
2024-11-12,ORD006938,CUST03892,P004,Smartwatch,Electronics,Ahmedabad,Online,UPI,1,7536.96,0.0,7536.96,7536.96,0,1141.29,2024,11,November,Tuesday,7536.96,7536.96
2024-11-12,ORD049691,CUST04764,P007,Backpack,Accessories,Pune,Online,Cash,1,2201.84,0.0,2201.84,2201.84,1,-110.09,2024,11,November,Tuesday,2201.84,2201.84
2024-11-12,ORD000129,CUST00635,P014,Keyboard,Electronics,Hyderabad,Online,Credit Card,2,2270.59,0.15,4541.18,3860.0,0,1001.06,2024,11,November,Tuesday,4541.18,3860.003
2024-11-12,ORD043038,CUST02231,P002,Smartphone,Electronics,Chennai,Online,UPI,1,28675.39,0.1,28675.39,25807.85,0,1897.14,2024,11,November,Tuesday,28675.39,25807.851
2024-11-12,ORD042891,CUST02263,P008,Running Shoes,Fashion,Hyderabad,Store,Net Banking,4,4038.5,0.15,16154.0,13730.9,0,1864.66,2024,11,November,Tuesday,16154.0,13730.9
2024-11-12,ORD025479,CUST03229,P011,Mixer Grinder,Home,Surat,Online,Credit Card,2,4929.35,0.1,9858.7,8872.83,0,1231.46,2024,11,November,Tuesday,9858.7,8872.830000000002
2024-11-12,ORD029637,CUST03821,P011,Mixer Grinder,Home,Kolkata,Online,Debit Card,3,5018.58,0.1,15055.74,13550.17,0,3089.17,2024,11,November,Tuesday,15055.74,13550.166
2024-11-12,ORD013678,CUST04904,P018,Jacket,Fashion,Hyderabad,Online,UPI,2,5562.34,0.0,11124.68,11124.68,0,2354.24,2024,11,November,Tuesday,11124.68,11124.68
2024-11-13,ORD031785,CUST02923,P018,Jacket,Fashion,Pune,Store,Net Banking,4,5497.18,0.2,21988.72,17590.98,0,4444.14,2024,11,November,Wednesday,21988.72,17590.976000000002
2024-11-13,ORD011132,CUST00828,P008,Running Shoes,Fashion,Surat,Online,Debit Card,1,4167.4,0.15,4167.4,3542.29,0,897.48,2024,11,November,Wednesday,4167.4,3542.2899999999995
2024-11-13,ORD015920,CUST03871,P002,Smartphone,Electronics,Chennai,Store,UPI,1,28638.14,0.05,28638.14,27206.23,0,5909.83,2024,11,November,Wednesday,28638.14,27206.232999999997
2024-11-13,ORD032328,CUST01170,P020,Microwave,Home,Pune,Online,Credit Card,1,10632.6,0.15,10632.6,9037.71,0,2417.93,2024,11,November,Wednesday,10632.6,9037.710000000001
2024-11-13,ORD024018,CUST01098,P002,Smartphone,Electronics,Hyderabad,Online,UPI,1,26257.31,0.15,26257.31,22318.71,0,3138.62,2024,11,November,Wednesday,26257.31,22318.7135
2024-11-13,ORD020761,CUST02896,P014,Keyboard,Electronics,Pune,Store,UPI,4,2266.62,0.1,9066.48,8159.83,0,610.28,2024,11,November,Wednesday,9066.48,8159.831999999999
2024-11-13,ORD017010,CUST02149,P005,Office Chair,Furniture,Pune,Online,Debit Card,3,8857.24,0.15,26571.72,22585.96,0,1933.63,2024,11,November,Wednesday,26571.72,22585.962
2024-11-13,ORD007422,CUST01009,P004,Smartwatch,Electronics,Hyderabad,Store,Debit Card,1,7158.46,0.25,7158.46,5368.84,0,836.98,2024,11,November,Wednesday,7158.46,5368.845
2024-11-13,ORD048372,CUST01905,P017,Jeans,Fashion,Mumbai,Online,Credit Card,2,3023.61,0.1,6047.22,5442.5,0,1407.93,2024,11,November,Wednesday,6047.22,5442.4980000000005
2024-11-13,ORD012252,CUST02938,P019,Vacuum Cleaner,Home,Mumbai,Online,Debit Card,1,9302.78,0.15,9302.78,7907.36,0,1161.39,2024,11,November,Wednesday,9302.78,7907.363
2024-11-13,ORD024705,CUST03592,P019,Vacuum Cleaner,Home,Delhi,Online,Credit Card,1,8437.9,0.2,8437.9,6750.32,0,1447.88,2024,11,November,Wednesday,8437.9,6750.32
2024-11-13,ORD040439,CUST00699,P020,Microwave,Home,Pune,Online,UPI,4,11502.04,0.05,46008.16,43707.75,0,10456.82,2024,11,November,Wednesday,46008.16,43707.752
2024-11-13,ORD048671,CUST03240,P009,T-Shirt,Fashion,Surat,Online,UPI,1,1263.75,0.2,1263.75,1011.0,0,154.68,2024,11,November,Wednesday,1263.75,1011.0
2024-11-13,ORD007901,CUST01185,P013,Monitor,Electronics,Surat,Online,UPI,1,16395.07,0.2,16395.07,13116.06,0,2883.09,2024,11,November,Wednesday,16395.07,13116.056
2024-11-13,ORD009524,CUST00680,P008,Running Shoes,Fashion,Chennai,Online,Credit Card,2,4504.84,0.05,9009.68,8559.2,0,1222.08,2024,11,November,Wednesday,9009.68,8559.196
2024-11-13,ORD012373,CUST03299,P001,Laptop,Electronics,Pune,Online,Credit Card,2,59125.05,0.1,118250.1,106425.09,0,25120.1,2024,11,November,Wednesday,118250.1,106425.09000000001
2024-11-13,ORD041357,CUST02310,P015,Dining Table,Furniture,Hyderabad,Online,Cash,3,22927.18,0.1,68781.54,61903.39,0,8314.54,2024,11,November,Wednesday,68781.54000000001,61903.386
2024-11-13,ORD005301,CUST04767,P015,Dining Table,Furniture,Delhi,Store,Credit Card,1,23547.71,0.15,23547.71,20015.55,0,2649.66,2024,11,November,Wednesday,23547.71,20015.553499999998
2024-11-13,ORD025788,CUST03991,P012,Air Fryer,Home,Delhi,Online,UPI,1,7751.86,0.05,7751.86,7364.27,0,652.62,2024,11,November,Wednesday,7751.86,7364.266999999999
2024-11-13,ORD040784,CUST04483,P005,Office Chair,Furniture,Pune,Online,Credit Card,1,9916.02,0.15,9916.02,8428.62,0,1979.96,2024,11,November,Wednesday,9916.02,8428.617
2024-11-13,ORD035050,CUST01800,P004,Smartwatch,Electronics,Pune,Store,Net Banking,1,7428.55,0.05,7428.55,7057.12,0,1206.78,2024,11,November,Wednesday,7428.55,7057.1224999999995
2024-11-13,ORD048195,CUST03753,P019,Vacuum Cleaner,Home,Hyderabad,Store,Credit Card,1,8265.61,0.05,8265.61,7852.33,0,2169.59,2024,11,November,Wednesday,8265.61,7852.3295
2024-11-13,ORD024651,CUST02556,P017,Jeans,Fashion,Hyderabad,Online,Credit Card,1,2797.13,0.2,2797.13,2237.7,0,181.04,2024,11,November,Wednesday,2797.13,2237.704
2024-11-13,ORD024680,CUST03153,P019,Vacuum Cleaner,Home,Pune,Online,Credit Card,1,9806.14,0.15,9806.14,8335.22,0,2028.99,2024,11,November,Wednesday,9806.14,8335.219
2024-11-13,ORD018746,CUST02308,P009,T-Shirt,Fashion,Jaipur,Online,Cash,4,1081.03,0.1,4324.12,3891.71,0,321.03,2024,11,November,Wednesday,4324.12,3891.708
2024-11-13,ORD006193,CUST02629,P018,Jacket,Fashion,Hyderabad,Store,UPI,4,4752.51,0.2,19010.04,15208.03,0,1169.36,2024,11,November,Wednesday,19010.04,15208.032000000001
2024-11-13,ORD034596,CUST04829,P012,Air Fryer,Home,Delhi,Online,Credit Card,4,7320.65,0.1,29282.6,26354.34,0,4120.03,2024,11,November,Wednesday,29282.6,26354.34
2024-11-13,ORD040973,CUST01611,P018,Jacket,Fashion,Mumbai,Store,UPI,3,5360.12,0.05,16080.36,15276.34,0,4426.72,2024,11,November,Wednesday,16080.36,15276.342
2024-11-13,ORD015866,CUST03787,P006,Desk,Furniture,Kolkata,Store,Credit Card,3,12433.78,0.15,37301.34,31706.14,0,5612.04,2024,11,November,Wednesday,37301.340000000004,31706.138999999996
2024-11-13,ORD013613,CUST00084,P015,Dining Table,Furniture,Kolkata,Online,Credit Card,4,21856.56,0.15,87426.24,74312.3,0,8994.8,2024,11,November,Wednesday,87426.24,74312.304
2024-11-13,ORD005123,CUST01895,P015,Dining Table,Furniture,Ahmedabad,Online,UPI,1,23584.88,0.05,23584.88,22405.64,0,3439.36,2024,11,November,Wednesday,23584.88,22405.636
2024-11-13,ORD035044,CUST00453,P009,T-Shirt,Fashion,Hyderabad,Store,UPI,1,1310.11,0.05,1310.11,1244.6,0,232.39,2024,11,November,Wednesday,1310.11,1244.6045
2024-11-13,ORD023006,CUST03849,P017,Jeans,Fashion,Chennai,Online,UPI,2,3022.04,0.15,6044.08,5137.47,0,1297.18,2024,11,November,Wednesday,6044.08,5137.468
2024-11-13,ORD008879,CUST00029,P005,Office Chair,Furniture,Kolkata,Store,Credit Card,2,10393.04,0.15,20786.08,17668.17,0,1952.42,2024,11,November,Wednesday,20786.08,17668.168
2024-11-13,ORD035910,CUST02211,P007,Backpack,Accessories,Jaipur,Store,UPI,1,2242.53,0.05,2242.53,2130.4,0,539.17,2024,11,November,Wednesday,2242.53,2130.4035
2024-11-13,ORD044795,CUST03209,P002,Smartphone,Electronics,Bengaluru,Store,Credit Card,4,30701.6,0.05,122806.4,116666.08,0,19926.1,2024,11,November,Wednesday,122806.4,116666.07999999999
2024-11-13,ORD015247,CUST00992,P020,Microwave,Home,Mumbai,Store,UPI,3,11904.05,0.15,35712.15,30355.33,0,4375.39,2024,11,November,Wednesday,35712.149999999994,30355.3275
2024-11-13,ORD027789,CUST03879,P005,Office Chair,Furniture,Ahmedabad,Online,UPI,1,8756.03,0.05,8756.03,8318.23,0,1839.95,2024,11,November,Wednesday,8756.03,8318.228500000001
2024-11-13,ORD040575,CUST00410,P019,Vacuum Cleaner,Home,Jaipur,Online,Credit Card,1,9884.4,0.15,9884.4,8401.74,0,1782.93,2024,11,November,Wednesday,9884.4,8401.74
2024-11-13,ORD003562,CUST01616,P008,Running Shoes,Fashion,Bengaluru,Store,Credit Card,1,4359.5,0.05,4359.5,4141.52,0,1027.28,2024,11,November,Wednesday,4359.5,4141.525
2024-11-13,ORD035187,CUST03953,P001,Laptop,Electronics,Kolkata,Store,UPI,1,64031.6,0.15,64031.6,54426.86,1,-2721.34,2024,11,November,Wednesday,64031.6,54426.86
2024-11-13,ORD003755,CUST03502,P020,Microwave,Home,Mumbai,Online,Net Banking,1,10518.16,0.15,10518.16,8940.44,0,487.58,2024,11,November,Wednesday,10518.16,8940.436
2024-11-13,ORD009005,CUST03508,P006,Desk,Furniture,Ahmedabad,Store,UPI,1,12054.45,0.1,12054.45,10849.0,0,2311.76,2024,11,November,Wednesday,12054.45,10849.005000000001
2024-11-13,ORD004034,CUST00242,P013,Monitor,Electronics,Pune,Store,Net Banking,1,17854.94,0.05,17854.94,16962.19,0,3080.27,2024,11,November,Wednesday,17854.94,16962.193
2024-11-13,ORD010857,CUST01710,P013,Monitor,Electronics,Bengaluru,Store,Debit Card,3,18058.66,0.0,54175.98,54175.98,0,12411.93,2024,11,November,Wednesday,54175.979999999996,54175.98
2024-11-13,ORD022097,CUST00565,P011,Mixer Grinder,Home,Surat,Online,UPI,1,4431.66,0.05,4431.66,4210.08,0,477.09,2024,11,November,Wednesday,4431.66,4210.076999999999
2024-11-13,ORD047316,CUST04825,P007,Backpack,Accessories,Pune,Online,Debit Card,2,2128.36,0.0,4256.72,4256.72,0,697.88,2024,11,November,Wednesday,4256.72,4256.72
2024-11-13,ORD000906,CUST04723,P003,Headphones,Electronics,Delhi,Online,Net Banking,1,4152.55,0.05,4152.55,3944.92,0,885.48,2024,11,November,Wednesday,4152.55,3944.9225
2024-11-13,ORD043601,CUST00467,P004,Smartwatch,Electronics,Surat,Online,UPI,1,7558.93,0.15,7558.93,6425.09,0,1332.36,2024,11,November,Wednesday,7558.93,6425.0905
2024-11-13,ORD030786,CUST03605,P020,Microwave,Home,Ahmedabad,Online,UPI,1,10033.91,0.0,10033.91,10033.91,0,1030.52,2024,11,November,Wednesday,10033.91,10033.91
2024-11-13,ORD022239,CUST00379,P001,Laptop,Electronics,Bengaluru,Store,Credit Card,1,66248.61,0.1,66248.61,59623.75,0,14124.57,2024,11,November,Wednesday,66248.61,59623.749
2024-11-13,ORD040130,CUST04786,P010,Coffee Maker,Home,Pune,Store,UPI,1,5234.97,0.05,5234.97,4973.22,0,1079.37,2024,11,November,Wednesday,5234.97,4973.2215
2024-11-13,ORD034647,CUST01243,P008,Running Shoes,Fashion,Hyderabad,Store,Debit Card,2,4608.38,0.05,9216.76,8755.92,0,674.46,2024,11,November,Wednesday,9216.76,8755.922
2024-11-13,ORD042702,CUST03443,P014,Keyboard,Electronics,Surat,Store,UPI,1,2522.08,0.1,2522.08,2269.87,0,362.73,2024,11,November,Wednesday,2522.08,2269.872
2024-11-13,ORD024408,CUST02526,P008,Running Shoes,Fashion,Jaipur,Online,UPI,4,4029.49,0.25,16117.96,12088.47,0,2696.05,2024,11,November,Wednesday,16117.96,12088.47
2024-11-13,ORD002233,CUST04481,P019,Vacuum Cleaner,Home,Surat,Store,UPI,1,9179.35,0.15,9179.35,7802.45,0,2077.2,2024,11,November,Wednesday,9179.35,7802.4475
2024-11-13,ORD023899,CUST01157,P019,Vacuum Cleaner,Home,Kolkata,Store,UPI,3,9512.95,0.15,28538.85,24258.02,0,6304.49,2024,11,November,Wednesday,28538.850000000002,24258.0225
2024-11-13,ORD006527,CUST04746,P019,Vacuum Cleaner,Home,Pune,Online,Debit Card,2,9420.96,0.0,18841.92,18841.92,0,4092.17,2024,11,November,Wednesday,18841.92,18841.92
2024-11-13,ORD028639,CUST01981,P006,Desk,Furniture,Chennai,Online,UPI,2,11641.67,0.1,23283.34,20955.01,1,-1047.75,2024,11,November,Wednesday,23283.34,20955.006
2024-11-13,ORD014493,CUST01804,P006,Desk,Furniture,Pune,Online,Cash,1,11507.79,0.2,11507.79,9206.23,0,2097.39,2024,11,November,Wednesday,11507.79,9206.232000000002
2024-11-13,ORD006101,CUST00767,P013,Monitor,Electronics,Mumbai,Online,UPI,2,19769.82,0.2,39539.64,31631.71,0,2808.07,2024,11,November,Wednesday,39539.64,31631.712
2024-11-13,ORD017945,CUST03242,P011,Mixer Grinder,Home,Mumbai,Store,Credit Card,1,4934.98,0.05,4934.98,4688.23,0,1126.56,2024,11,November,Wednesday,4934.98,4688.231
2024-11-13,ORD003008,CUST03284,P006,Desk,Furniture,Ahmedabad,Store,Debit Card,1,13045.53,0.25,13045.53,9784.15,1,-489.21,2024,11,November,Wednesday,13045.53,9784.147500000001
2024-11-13,ORD039815,CUST03339,P009,T-Shirt,Fashion,Bengaluru,Store,UPI,1,1293.23,0.15,1293.23,1099.25,0,118.06,2024,11,November,Wednesday,1293.23,1099.2455
2024-11-13,ORD000814,CUST02447,P004,Smartwatch,Electronics,Delhi,Online,Credit Card,1,6759.3,0.0,6759.3,6759.3,0,1626.9,2024,11,November,Wednesday,6759.3,6759.3
2024-11-13,ORD023031,CUST03210,P016,Sofa,Furniture,Kolkata,Store,Debit Card,1,31648.49,0.25,31648.49,23736.37,0,2827.75,2024,11,November,Wednesday,31648.49,23736.3675
2024-11-13,ORD044138,CUST00420,P009,T-Shirt,Fashion,Delhi,Online,UPI,2,1199.44,0.0,2398.88,2398.88,1,-119.94,2024,11,November,Wednesday,2398.88,2398.88
2024-11-13,ORD008909,CUST00446,P015,Dining Table,Furniture,Jaipur,Online,UPI,1,23855.91,0.2,23855.91,19084.73,0,1444.07,2024,11,November,Wednesday,23855.91,19084.728
2024-11-13,ORD005838,CUST01612,P014,Keyboard,Electronics,Surat,Store,Debit Card,1,2569.5,0.2,2569.5,2055.6,0,353.64,2024,11,November,Wednesday,2569.5,2055.6
2024-11-13,ORD038263,CUST02813,P002,Smartphone,Electronics,Bengaluru,Online,UPI,2,27425.91,0.0,54851.82,54851.82,0,16240.75,2024,11,November,Wednesday,54851.82,54851.82
2024-11-13,ORD016006,CUST03551,P004,Smartwatch,Electronics,Delhi,Store,Cash,1,6674.73,0.25,6674.73,5006.05,0,790.47,2024,11,November,Wednesday,6674.73,5006.0475
2024-11-13,ORD040304,CUST02356,P006,Desk,Furniture,Hyderabad,Online,UPI,2,11121.72,0.1,22243.44,20019.1,0,4812.34,2024,11,November,Wednesday,22243.44,20019.095999999998
2024-11-13,ORD000468,CUST04898,P011,Mixer Grinder,Home,Chennai,Store,UPI,2,4545.12,0.15,9090.24,7726.7,0,1946.55,2024,11,November,Wednesday,9090.24,7726.704
2024-11-13,ORD021459,CUST02111,P002,Smartphone,Electronics,Jaipur,Online,Credit Card,1,29332.88,0.05,29332.88,27866.24,0,7037.14,2024,11,November,Wednesday,29332.88,27866.236
2024-11-13,ORD014056,CUST00467,P012,Air Fryer,Home,Surat,Online,UPI,1,7751.53,0.1,7751.53,6976.38,0,911.66,2024,11,November,Wednesday,7751.53,6976.3769999999995
2024-11-13,ORD036698,CUST02420,P007,Backpack,Accessories,Delhi,Online,UPI,3,2338.25,0.05,7014.75,6664.01,0,1003.06,2024,11,November,Wednesday,7014.75,6664.0125
2024-11-13,ORD031153,CUST01522,P008,Running Shoes,Fashion,Delhi,Store,Cash,1,4342.78,0.1,4342.78,3908.5,0,558.83,2024,11,November,Wednesday,4342.78,3908.502
2024-11-13,ORD038717,CUST01923,P009,T-Shirt,Fashion,Chennai,Online,UPI,1,1098.54,0.1,1098.54,988.69,0,261.24,2024,11,November,Wednesday,1098.54,988.686
2024-11-13,ORD046808,CUST01698,P009,T-Shirt,Fashion,Pune,Online,UPI,2,1159.65,0.1,2319.3,2087.37,0,433.71,2024,11,November,Wednesday,2319.3,2087.3700000000003
2024-11-14,ORD044806,CUST00349,P017,Jeans,Fashion,Delhi,Online,UPI,1,2944.52,0.2,2944.52,2355.62,0,471.01,2024,11,November,Thursday,2944.52,2355.616
2024-11-14,ORD003918,CUST01255,P019,Vacuum Cleaner,Home,Surat,Store,Credit Card,1,8492.22,0.05,8492.22,8067.61,0,1971.26,2024,11,November,Thursday,8492.22,8067.608999999999
2024-11-14,ORD018270,CUST01726,P016,Sofa,Furniture,Kolkata,Online,UPI,4,32639.43,0.1,130557.72,117501.95,0,26219.57,2024,11,November,Thursday,130557.72,117501.948
2024-11-14,ORD040751,CUST02916,P012,Air Fryer,Home,Pune,Store,Cash,1,6748.41,0.2,6748.41,5398.73,0,1358.16,2024,11,November,Thursday,6748.41,5398.728
2024-11-14,ORD004278,CUST04314,P015,Dining Table,Furniture,Kolkata,Store,UPI,4,23842.85,0.15,95371.4,81065.69,0,18103.28,2024,11,November,Thursday,95371.4,81065.68999999999
2024-11-14,ORD025600,CUST03355,P004,Smartwatch,Electronics,Mumbai,Online,Net Banking,1,6961.53,0.25,6961.53,5221.15,0,250.27,2024,11,November,Thursday,6961.53,5221.1475
2024-11-14,ORD046705,CUST03792,P008,Running Shoes,Fashion,Ahmedabad,Online,Net Banking,1,4269.99,0.1,4269.99,3842.99,0,618.83,2024,11,November,Thursday,4269.99,3842.991
2024-11-14,ORD027954,CUST00951,P011,Mixer Grinder,Home,Surat,Online,Credit Card,1,4729.03,0.25,4729.03,3546.77,0,278.18,2024,11,November,Thursday,4729.03,3546.7725
2024-11-14,ORD037898,CUST03056,P004,Smartwatch,Electronics,Delhi,Online,Debit Card,1,7407.91,0.2,7407.91,5926.33,0,1533.85,2024,11,November,Thursday,7407.91,5926.328
2024-11-14,ORD004136,CUST04753,P011,Mixer Grinder,Home,Delhi,Online,UPI,1,5130.97,0.1,5130.97,4617.87,0,929.05,2024,11,November,Thursday,5130.97,4617.8730000000005
2024-11-14,ORD034667,CUST03934,P008,Running Shoes,Fashion,Delhi,Store,UPI,1,4551.09,0.1,4551.09,4095.98,0,395.75,2024,11,November,Thursday,4551.09,4095.981
2024-11-14,ORD028931,CUST03085,P016,Sofa,Furniture,Mumbai,Store,Cash,1,36196.03,0.1,36196.03,32576.43,0,6775.48,2024,11,November,Thursday,36196.03,32576.427
2024-11-14,ORD012559,CUST00385,P004,Smartwatch,Electronics,Ahmedabad,Store,Debit Card,1,7584.55,0.05,7584.55,7205.32,0,1950.18,2024,11,November,Thursday,7584.55,7205.3225
2024-11-14,ORD026929,CUST04774,P015,Dining Table,Furniture,Surat,Store,Debit Card,2,21566.59,0.0,43133.18,43133.18,0,4849.98,2024,11,November,Thursday,43133.18,43133.18
2024-11-14,ORD040272,CUST03032,P013,Monitor,Electronics,Bengaluru,Online,Credit Card,1,19652.79,0.15,19652.79,16704.87,0,1964.61,2024,11,November,Thursday,19652.79,16704.8715
2024-11-14,ORD048109,CUST03903,P013,Monitor,Electronics,Hyderabad,Online,UPI,1,18945.91,0.1,18945.91,17051.32,0,4044.72,2024,11,November,Thursday,18945.91,17051.319
2024-11-14,ORD028972,CUST02324,P004,Smartwatch,Electronics,Mumbai,Online,Debit Card,1,7287.43,0.0,7287.43,7287.43,0,668.11,2024,11,November,Thursday,7287.43,7287.43
2024-11-14,ORD015841,CUST00962,P017,Jeans,Fashion,Jaipur,Store,Credit Card,1,2685.25,0.1,2685.25,2416.72,0,188.87,2024,11,November,Thursday,2685.25,2416.725
2024-11-14,ORD007714,CUST02826,P005,Office Chair,Furniture,Delhi,Store,Credit Card,1,9390.76,0.1,9390.76,8451.68,0,1958.93,2024,11,November,Thursday,9390.76,8451.684000000001
2024-11-14,ORD044231,CUST00810,P015,Dining Table,Furniture,Kolkata,Online,Debit Card,1,22611.17,0.0,22611.17,22611.17,0,5437.29,2024,11,November,Thursday,22611.17,22611.17
2024-11-14,ORD042646,CUST04480,P013,Monitor,Electronics,Surat,Store,UPI,1,16735.05,0.0,16735.05,16735.05,0,1657.0,2024,11,November,Thursday,16735.05,16735.05
2024-11-14,ORD004772,CUST03694,P003,Headphones,Electronics,Ahmedabad,Online,Credit Card,3,4099.08,0.25,12297.24,9222.93,0,2164.52,2024,11,November,Thursday,12297.24,9222.93
2024-11-14,ORD042107,CUST02026,P019,Vacuum Cleaner,Home,Bengaluru,Online,UPI,1,8277.67,0.1,8277.67,7449.9,0,1095.99,2024,11,November,Thursday,8277.67,7449.903
2024-11-14,ORD030462,CUST03728,P014,Keyboard,Electronics,Hyderabad,Store,UPI,1,2623.59,0.2,2623.59,2098.87,0,177.73,2024,11,November,Thursday,2623.59,2098.8720000000003
2024-11-14,ORD041463,CUST04412,P014,Keyboard,Electronics,Mumbai,Online,Net Banking,5,2614.6,0.1,13073.0,11765.7,0,1243.03,2024,11,November,Thursday,13073.0,11765.7
2024-11-14,ORD001127,CUST03476,P020,Microwave,Home,Hyderabad,Store,UPI,2,12018.5,0.0,24037.0,24037.0,0,6613.05,2024,11,November,Thursday,24037.0,24037.0
2024-11-14,ORD029257,CUST03439,P014,Keyboard,Electronics,Hyderabad,Online,Credit Card,1,2393.32,0.15,2393.32,2034.32,0,233.49,2024,11,November,Thursday,2393.32,2034.3220000000001
2024-11-14,ORD019548,CUST01077,P020,Microwave,Home,Chennai,Online,Credit Card,2,12020.25,0.25,24040.5,18030.38,0,1724.59,2024,11,November,Thursday,24040.5,18030.375
2024-11-14,ORD016047,CUST04734,P002,Smartphone,Electronics,Kolkata,Online,Credit Card,2,29432.76,0.0,58865.52,58865.52,0,5531.32,2024,11,November,Thursday,58865.52,58865.52
2024-11-14,ORD039273,CUST01461,P019,Vacuum Cleaner,Home,Ahmedabad,Online,Credit Card,2,8295.74,0.05,16591.48,15761.91,0,4455.79,2024,11,November,Thursday,16591.48,15761.905999999999
2024-11-14,ORD003086,CUST01329,P002,Smartphone,Electronics,Kolkata,Store,Credit Card,3,29389.96,0.25,88169.88,66127.41,0,3943.45,2024,11,November,Thursday,88169.88,66127.41
2024-11-14,ORD000887,CUST02892,P017,Jeans,Fashion,Delhi,Online,Net Banking,1,2900.69,0.1,2900.69,2610.62,0,515.56,2024,11,November,Thursday,2900.69,2610.621
2024-11-14,ORD026874,CUST00991,P019,Vacuum Cleaner,Home,Hyderabad,Store,UPI,1,8791.38,0.0,8791.38,8791.38,0,1834.17,2024,11,November,Thursday,8791.38,8791.38
2024-11-14,ORD019403,CUST02946,P014,Keyboard,Electronics,Pune,Online,UPI,1,2660.7,0.1,2660.7,2394.63,0,565.29,2024,11,November,Thursday,2660.7,2394.63
2024-11-14,ORD017950,CUST03888,P020,Microwave,Home,Chennai,Online,Debit Card,1,11573.68,0.15,11573.68,9837.63,0,572.91,2024,11,November,Thursday,11573.68,9837.628
2024-11-14,ORD047776,CUST03839,P002,Smartphone,Electronics,Surat,Online,Credit Card,2,27906.22,0.0,55812.44,55812.44,0,16628.45,2024,11,November,Thursday,55812.44,55812.44
2024-11-14,ORD022308,CUST04519,P008,Running Shoes,Fashion,Jaipur,Online,UPI,1,3818.26,0.0,3818.26,3818.26,0,1038.26,2024,11,November,Thursday,3818.26,3818.26
2024-11-14,ORD037093,CUST02471,P017,Jeans,Fashion,Pune,Online,Net Banking,1,3003.2,0.2,3003.2,2402.56,0,589.59,2024,11,November,Thursday,3003.2,2402.56
2024-11-14,ORD023872,CUST01449,P009,T-Shirt,Fashion,Chennai,Online,Credit Card,2,1205.0,0.1,2410.0,2169.0,0,423.21,2024,11,November,Thursday,2410.0,2169.0
2024-11-14,ORD022330,CUST02496,P008,Running Shoes,Fashion,Jaipur,Store,UPI,1,3810.71,0.1,3810.71,3429.64,0,207.77,2024,11,November,Thursday,3810.71,3429.639
2024-11-14,ORD043656,CUST04118,P008,Running Shoes,Fashion,Bengaluru,Online,UPI,4,4006.38,0.1,16025.52,14422.97,0,2104.28,2024,11,November,Thursday,16025.52,14422.968
2024-11-14,ORD018815,CUST03673,P011,Mixer Grinder,Home,Jaipur,Store,UPI,1,4808.85,0.15,4808.85,4087.52,0,776.05,2024,11,November,Thursday,4808.85,4087.5225
2024-11-14,ORD030429,CUST00544,P001,Laptop,Electronics,Chennai,Online,UPI,1,61731.9,0.0,61731.9,61731.9,0,15905.19,2024,11,November,Thursday,61731.9,61731.9
2024-11-14,ORD034050,CUST01259,P015,Dining Table,Furniture,Kolkata,Online,UPI,4,20190.27,0.15,80761.08,68646.92,0,10676.64,2024,11,November,Thursday,80761.08,68646.918
2024-11-14,ORD019978,CUST00505,P003,Headphones,Electronics,Ahmedabad,Store,Cash,2,4193.03,0.1,8386.06,7547.45,0,2023.68,2024,11,November,Thursday,8386.06,7547.454
2024-11-14,ORD034755,CUST00079,P014,Keyboard,Electronics,Jaipur,Store,Net Banking,1,2258.09,0.25,2258.09,1693.57,0,148.9,2024,11,November,Thursday,2258.09,1693.5675
2024-11-14,ORD025048,CUST03692,P004,Smartwatch,Electronics,Bengaluru,Online,Cash,1,7600.35,0.1,7600.35,6840.32,0,1761.79,2024,11,November,Thursday,7600.35,6840.3150000000005
2024-11-14,ORD012698,CUST03641,P013,Monitor,Electronics,Pune,Online,UPI,5,16724.48,0.1,83622.4,75260.16,0,17446.01,2024,11,November,Thursday,83622.4,75260.16
2024-11-14,ORD042512,CUST00358,P015,Dining Table,Furniture,Ahmedabad,Online,Cash,1,21669.11,0.1,21669.11,19502.2,0,2259.58,2024,11,November,Thursday,21669.11,19502.199
2024-11-14,ORD021626,CUST04772,P007,Backpack,Accessories,Bengaluru,Online,Debit Card,1,2380.74,0.0,2380.74,2380.74,0,706.68,2024,11,November,Thursday,2380.74,2380.74
2024-11-14,ORD012301,CUST04835,P008,Running Shoes,Fashion,Delhi,Store,Credit Card,2,3963.26,0.15,7926.52,6737.54,0,1690.62,2024,11,November,Thursday,7926.52,6737.542
2024-11-14,ORD036745,CUST04722,P016,Sofa,Furniture,Jaipur,Online,UPI,1,32891.63,0.1,32891.63,29602.47,0,7632.75,2024,11,November,Thursday,32891.63,29602.466999999997
2024-11-14,ORD027849,CUST02601,P014,Keyboard,Electronics,Chennai,Store,UPI,1,2593.97,0.0,2593.97,2593.97,0,589.13,2024,11,November,Thursday,2593.97,2593.97
2024-11-14,ORD018057,CUST02500,P013,Monitor,Electronics,Delhi,Online,Debit Card,1,18184.12,0.1,18184.12,16365.71,0,1060.72,2024,11,November,Thursday,18184.12,16365.707999999999
2024-11-14,ORD012135,CUST02011,P001,Laptop,Electronics,Chennai,Online,Credit Card,1,64287.93,0.0,64287.93,64287.93,0,10410.09,2024,11,November,Thursday,64287.93,64287.93
2024-11-14,ORD023000,CUST02034,P010,Coffee Maker,Home,Surat,Online,UPI,1,5425.66,0.0,5425.66,5425.66,0,1552.09,2024,11,November,Thursday,5425.66,5425.66
2024-11-14,ORD016947,CUST04266,P013,Monitor,Electronics,Mumbai,Online,Credit Card,1,16513.29,0.0,16513.29,16513.29,0,2766.57,2024,11,November,Thursday,16513.29,16513.29
2024-11-14,ORD004983,CUST04563,P016,Sofa,Furniture,Mumbai,Store,UPI,1,36280.89,0.05,36280.89,34466.85,0,6905.66,2024,11,November,Thursday,36280.89,34466.845499999996
2024-11-14,ORD041196,CUST00050,P002,Smartphone,Electronics,Mumbai,Online,Credit Card,2,27078.39,0.05,54156.78,51448.94,0,6902.89,2024,11,November,Thursday,54156.78,51448.941
2024-11-14,ORD020944,CUST02028,P001,Laptop,Electronics,Hyderabad,Store,Debit Card,1,60883.87,0.15,60883.87,51751.29,0,7744.87,2024,11,November,Thursday,60883.87,51751.2895
2024-11-14,ORD032484,CUST00461,P002,Smartphone,Electronics,Delhi,Online,UPI,3,27929.55,0.1,83788.65,75409.78,0,16931.47,2024,11,November,Thursday,83788.65,75409.785
2024-11-14,ORD008323,CUST02005,P014,Keyboard,Electronics,Bengaluru,Online,UPI,3,2406.35,0.25,7219.05,5414.29,0,931.05,2024,11,November,Thursday,7219.049999999999,5414.2875
2024-11-15,ORD001388,CUST03592,P017,Jeans,Fashion,Ahmedabad,Online,Credit Card,1,2908.98,0.25,2908.98,2181.74,0,335.54,2024,11,November,Friday,2908.98,2181.735
2024-11-15,ORD017828,CUST01798,P006,Desk,Furniture,Delhi,Store,UPI,2,12804.57,0.1,25609.14,23048.23,0,4204.23,2024,11,November,Friday,25609.14,23048.226
2024-11-15,ORD017497,CUST03380,P001,Laptop,Electronics,Chennai,Online,Credit Card,2,61558.01,0.1,123116.02,110804.42,0,8768.33,2024,11,November,Friday,123116.02,110804.418
2024-11-15,ORD017425,CUST03357,P011,Mixer Grinder,Home,Hyderabad,Online,Credit Card,1,4779.62,0.2,4779.62,3823.7,0,746.82,2024,11,November,Friday,4779.62,3823.696
2024-11-15,ORD023662,CUST04189,P005,Office Chair,Furniture,Pune,Store,UPI,1,9222.45,0.05,9222.45,8761.33,0,2218.9,2024,11,November,Friday,9222.45,8761.3275
2024-11-15,ORD048537,CUST03495,P012,Air Fryer,Home,Surat,Store,Credit Card,1,7694.51,0.2,7694.51,6155.61,0,304.6,2024,11,November,Friday,7694.51,6155.608
2024-11-15,ORD005680,CUST03243,P020,Microwave,Home,Chennai,Online,UPI,1,11477.87,0.0,11477.87,11477.87,0,1831.79,2024,11,November,Friday,11477.87,11477.87
2024-11-15,ORD026601,CUST02976,P018,Jacket,Fashion,Bengaluru,Online,Credit Card,1,5458.21,0.05,5458.21,5185.3,0,1391.09,2024,11,November,Friday,5458.21,5185.2995
2024-11-15,ORD046374,CUST02276,P003,Headphones,Electronics,Pune,Online,UPI,1,4143.1,0.15,4143.1,3521.64,0,464.51,2024,11,November,Friday,4143.1,3521.635
2024-11-15,ORD005488,CUST03696,P008,Running Shoes,Fashion,Mumbai,Store,UPI,2,4549.9,0.15,9099.8,7734.83,0,567.87,2024,11,November,Friday,9099.8,7734.829999999999
2024-11-15,ORD006950,CUST00667,P014,Keyboard,Electronics,Hyderabad,Online,Cash,2,2417.52,0.05,4835.04,4593.29,0,1196.95,2024,11,November,Friday,4835.04,4593.288
2024-11-15,ORD015707,CUST04096,P017,Jeans,Fashion,Mumbai,Online,Net Banking,2,2780.25,0.15,5560.5,4726.42,0,629.73,2024,11,November,Friday,5560.5,4726.425
2024-11-15,ORD029781,CUST02021,P017,Jeans,Fashion,Kolkata,Online,UPI,1,2611.61,0.1,2611.61,2350.45,0,515.21,2024,11,November,Friday,2611.61,2350.449
2024-11-15,ORD008873,CUST00219,P020,Microwave,Home,Delhi,Store,Net Banking,1,10635.17,0.2,10635.17,8508.14,0,2060.34,2024,11,November,Friday,10635.17,8508.136
2024-11-15,ORD001113,CUST01791,P019,Vacuum Cleaner,Home,Jaipur,Store,UPI,1,9096.9,0.05,9096.9,8642.05,0,685.43,2024,11,November,Friday,9096.9,8642.054999999998
2024-11-15,ORD017003,CUST00359,P014,Keyboard,Electronics,Surat,Store,UPI,2,2668.24,0.1,5336.48,4802.83,0,335.1,2024,11,November,Friday,5336.48,4802.831999999999
2024-11-15,ORD034233,CUST02159,P012,Air Fryer,Home,Pune,Online,UPI,1,7263.1,0.05,7263.1,6899.94,0,490.83,2024,11,November,Friday,7263.1,6899.945
2024-11-15,ORD029192,CUST01251,P019,Vacuum Cleaner,Home,Delhi,Online,UPI,5,9620.57,0.2,48102.85,38482.28,0,6304.02,2024,11,November,Friday,48102.85,38482.28
2024-11-15,ORD008761,CUST04548,P001,Laptop,Electronics,Surat,Online,Credit Card,4,70379.72,0.15,281518.88,239291.05,0,61490.97,2024,11,November,Friday,281518.88,239291.048
2024-11-15,ORD029985,CUST03142,P009,T-Shirt,Fashion,Ahmedabad,Store,Net Banking,1,1187.94,0.0,1187.94,1187.94,0,268.43,2024,11,November,Friday,1187.94,1187.94
2024-11-15,ORD044546,CUST03549,P005,Office Chair,Furniture,Kolkata,Online,Net Banking,4,9528.46,0.2,38113.84,30491.07,0,5034.75,2024,11,November,Friday,38113.84,30491.072
2024-11-15,ORD037260,CUST00506,P003,Headphones,Electronics,Jaipur,Online,Net Banking,1,4356.8,0.15,4356.8,3703.28,0,969.91,2024,11,November,Friday,4356.8,3703.28
2024-11-15,ORD035203,CUST00213,P019,Vacuum Cleaner,Home,Ahmedabad,Online,Credit Card,2,8858.8,0.0,17717.6,17717.6,0,2454.24,2024,11,November,Friday,17717.6,17717.6
2024-11-15,ORD008718,CUST00019,P006,Desk,Furniture,Hyderabad,Online,Cash,1,11343.53,0.05,11343.53,10776.35,0,2186.1,2024,11,November,Friday,11343.53,10776.3535
2024-11-15,ORD027316,CUST03810,P013,Monitor,Electronics,Hyderabad,Online,Credit Card,1,18836.88,0.15,18836.88,16011.35,0,2129.52,2024,11,November,Friday,18836.88,16011.348
2024-11-15,ORD044316,CUST03492,P003,Headphones,Electronics,Ahmedabad,Store,Net Banking,3,4431.76,0.15,13295.28,11300.99,0,2964.32,2024,11,November,Friday,13295.28,11300.988
2024-11-15,ORD019619,CUST03654,P016,Sofa,Furniture,Surat,Online,UPI,1,33933.23,0.1,33933.23,30539.91,1,-1527.0,2024,11,November,Friday,33933.23,30539.907000000003
2024-11-15,ORD042149,CUST02408,P007,Backpack,Accessories,Mumbai,Store,UPI,1,2052.15,0.2,2052.15,1641.72,0,287.85,2024,11,November,Friday,2052.15,1641.7200000000003
2024-11-15,ORD043948,CUST02222,P011,Mixer Grinder,Home,Delhi,Store,Credit Card,1,4598.4,0.05,4598.4,4368.48,0,1156.74,2024,11,November,Friday,4598.4,4368.48
2024-11-15,ORD037395,CUST03178,P020,Microwave,Home,Surat,Online,Credit Card,1,10886.74,0.15,10886.74,9253.73,0,1971.4,2024,11,November,Friday,10886.74,9253.729
2024-11-15,ORD031361,CUST02537,P008,Running Shoes,Fashion,Surat,Online,Net Banking,4,3992.94,0.25,15971.76,11978.82,0,1617.7,2024,11,November,Friday,15971.76,11978.82
2024-11-15,ORD048179,CUST04703,P009,T-Shirt,Fashion,Chennai,Online,UPI,1,1281.23,0.1,1281.23,1153.11,0,170.22,2024,11,November,Friday,1281.23,1153.107
2024-11-15,ORD031348,CUST00581,P013,Monitor,Electronics,Surat,Store,UPI,5,16638.39,0.1,83191.95,74872.76,0,11133.19,2024,11,November,Friday,83191.95,74872.755
2024-11-15,ORD038881,CUST04441,P002,Smartphone,Electronics,Mumbai,Store,UPI,4,27340.4,0.0,109361.6,109361.6,0,26485.57,2024,11,November,Friday,109361.6,109361.6
2024-11-15,ORD031244,CUST02455,P015,Dining Table,Furniture,Ahmedabad,Online,UPI,1,20293.38,0.05,20293.38,19278.71,0,2868.5,2024,11,November,Friday,20293.38,19278.711
2024-11-15,ORD014334,CUST02316,P003,Headphones,Electronics,Hyderabad,Store,Cash,1,4318.32,0.05,4318.32,4102.4,0,504.23,2024,11,November,Friday,4318.32,4102.4039999999995
2024-11-15,ORD042114,CUST02434,P011,Mixer Grinder,Home,Mumbai,Online,Net Banking,3,5052.43,0.0,15157.29,15157.29,0,3507.96,2024,11,November,Friday,15157.29,15157.29
2024-11-15,ORD019116,CUST03811,P005,Office Chair,Furniture,Mumbai,Online,Credit Card,1,8581.67,0.15,8581.67,7294.42,0,1389.22,2024,11,November,Friday,8581.67,7294.4195
2024-11-15,ORD041182,CUST01393,P010,Coffee Maker,Home,Kolkata,Store,Credit Card,1,5982.91,0.1,5982.91,5384.62,0,573.0,2024,11,November,Friday,5982.91,5384.619
2024-11-15,ORD042508,CUST04913,P008,Running Shoes,Fashion,Ahmedabad,Store,UPI,5,4315.15,0.15,21575.75,18339.39,0,2608.51,2024,11,November,Friday,21575.75,18339.3875
2024-11-15,ORD047659,CUST02076,P012,Air Fryer,Home,Jaipur,Store,Net Banking,3,6986.53,0.0,20959.59,20959.59,0,3414.1,2024,11,November,Friday,20959.59,20959.59
2024-11-15,ORD042793,CUST01038,P019,Vacuum Cleaner,Home,Bengaluru,Store,UPI,1,8670.01,0.1,8670.01,7803.01,0,2017.56,2024,11,November,Friday,8670.01,7803.009
2024-11-15,ORD037540,CUST02262,P011,Mixer Grinder,Home,Bengaluru,Store,Credit Card,3,5218.59,0.2,15655.77,12524.62,0,1643.69,2024,11,November,Friday,15655.77,12524.616000000002
2024-11-15,ORD038026,CUST01670,P019,Vacuum Cleaner,Home,Kolkata,Online,UPI,1,9450.22,0.05,9450.22,8977.71,0,1376.95,2024,11,November,Friday,9450.22,8977.708999999999
2024-11-15,ORD002974,CUST03722,P018,Jacket,Fashion,Chennai,Online,Net Banking,1,5459.85,0.0,5459.85,5459.85,0,1006.42,2024,11,November,Friday,5459.85,5459.85
2024-11-15,ORD037549,CUST03318,P007,Backpack,Accessories,Mumbai,Online,Cash,1,2237.8,0.2,2237.8,1790.24,0,114.02,2024,11,November,Friday,2237.8,1790.2400000000002
2024-11-15,ORD009095,CUST01232,P006,Desk,Furniture,Delhi,Store,Credit Card,3,12422.88,0.0,37268.64,37268.64,0,7342.99,2024,11,November,Friday,37268.64,37268.64
2024-11-15,ORD026814,CUST02728,P014,Keyboard,Electronics,Kolkata,Store,Cash,1,2503.99,0.0,2503.99,2503.99,0,603.54,2024,11,November,Friday,2503.99,2503.99
2024-11-15,ORD007164,CUST03240,P004,Smartwatch,Electronics,Hyderabad,Online,UPI,5,7275.72,0.1,36378.6,32740.74,0,1965.68,2024,11,November,Friday,36378.6,32740.739999999998
2024-11-15,ORD021756,CUST01303,P014,Keyboard,Electronics,Kolkata,Online,Debit Card,1,2463.94,0.1,2463.94,2217.55,0,508.7,2024,11,November,Friday,2463.94,2217.5460000000003
2024-11-15,ORD042679,CUST04143,P018,Jacket,Fashion,Pune,Online,UPI,1,5613.44,0.05,5613.44,5332.77,0,1174.61,2024,11,November,Friday,5613.44,5332.767999999999
2024-11-15,ORD020889,CUST01855,P016,Sofa,Furniture,Chennai,Store,Credit Card,1,37707.05,0.1,37707.05,33936.34,0,3838.08,2024,11,November,Friday,37707.05,33936.345
2024-11-15,ORD030266,CUST01220,P006,Desk,Furniture,Jaipur,Store,Credit Card,4,12763.38,0.0,51053.52,51053.52,0,13433.67,2024,11,November,Friday,51053.52,51053.52
2024-11-15,ORD021969,CUST04022,P016,Sofa,Furniture,Pune,Online,Debit Card,1,37800.19,0.05,37800.19,35910.18,0,3967.63,2024,11,November,Friday,37800.19,35910.1805
2024-11-15,ORD015844,CUST01094,P016,Sofa,Furniture,Delhi,Online,Credit Card,3,34998.87,0.05,104996.61,99746.78,0,24099.5,2024,11,November,Friday,104996.61000000002,99746.77949999999
2024-11-15,ORD027730,CUST01786,P013,Monitor,Electronics,Ahmedabad,Store,Credit Card,1,17990.13,0.2,17990.13,14392.1,0,3338.23,2024,11,November,Friday,17990.13,14392.104000000001
2024-11-15,ORD037309,CUST00229,P012,Air Fryer,Home,Bengaluru,Online,Debit Card,1,7648.12,0.2,7648.12,6118.5,0,1251.4,2024,11,November,Friday,7648.12,6118.496
2024-11-16,ORD021577,CUST01372,P020,Microwave,Home,Delhi,Online,Credit Card,1,11507.8,0.2,11507.8,9206.24,0,2058.38,2024,11,November,Saturday,11507.8,9206.24
2024-11-16,ORD014598,CUST00142,P003,Headphones,Electronics,Delhi,Online,UPI,1,4481.02,0.2,4481.02,3584.82,0,586.22,2024,11,November,Saturday,4481.02,3584.8160000000007
2024-11-16,ORD011788,CUST00083,P005,Office Chair,Furniture,Kolkata,Online,UPI,2,10040.49,0.2,20080.98,16064.78,0,2736.61,2024,11,November,Saturday,20080.98,16064.784
2024-11-16,ORD034523,CUST04392,P002,Smartphone,Electronics,Chennai,Store,Credit Card,1,29178.92,0.0,29178.92,29178.92,0,6668.25,2024,11,November,Saturday,29178.92,29178.92
2024-11-16,ORD018443,CUST03335,P017,Jeans,Fashion,Delhi,Store,Debit Card,1,2803.0,0.1,2803.0,2522.7,0,308.16,2024,11,November,Saturday,2803.0,2522.7000000000003
2024-11-16,ORD010356,CUST02314,P012,Air Fryer,Home,Pune,Online,Credit Card,1,7695.19,0.05,7695.19,7310.43,0,1126.59,2024,11,November,Saturday,7695.19,7310.4304999999995
2024-11-16,ORD006417,CUST02316,P007,Backpack,Accessories,Pune,Store,Cash,4,2312.24,0.1,9248.96,8324.06,0,929.96,2024,11,November,Saturday,9248.96,8324.064
2024-11-16,ORD000885,CUST03933,P017,Jeans,Fashion,Pune,Online,Debit Card,1,2839.95,0.15,2839.95,2413.96,0,182.54,2024,11,November,Saturday,2839.95,2413.9575
2024-11-16,ORD004163,CUST00520,P020,Microwave,Home,Ahmedabad,Online,UPI,2,11250.63,0.15,22501.26,19126.07,0,1420.37,2024,11,November,Saturday,22501.26,19126.071
2024-11-16,ORD040280,CUST02668,P018,Jacket,Fashion,Mumbai,Online,UPI,1,5436.97,0.0,5436.97,5436.97,0,654.27,2024,11,November,Saturday,5436.97,5436.97
2024-11-16,ORD005274,CUST01897,P016,Sofa,Furniture,Surat,Store,Cash,2,34971.96,0.0,69943.92,69943.92,0,11853.45,2024,11,November,Saturday,69943.92,69943.92
2024-11-16,ORD023295,CUST00161,P002,Smartphone,Electronics,Ahmedabad,Store,Credit Card,2,26676.46,0.0,53352.92,53352.92,0,15642.5,2024,11,November,Saturday,53352.92,53352.92
2024-11-16,ORD015761,CUST03622,P010,Coffee Maker,Home,Ahmedabad,Store,Net Banking,1,5562.65,0.15,5562.65,4728.25,0,961.94,2024,11,November,Saturday,5562.65,4728.2525
2024-11-16,ORD033926,CUST04259,P007,Backpack,Accessories,Surat,Store,UPI,1,2348.48,0.15,2348.48,1996.21,0,471.96,2024,11,November,Saturday,2348.48,1996.2079999999999
2024-11-16,ORD029434,CUST03002,P009,T-Shirt,Fashion,Chennai,Online,Net Banking,1,1200.03,0.05,1200.03,1140.03,0,254.12,2024,11,November,Saturday,1200.03,1140.0285
2024-11-16,ORD025448,CUST01865,P002,Smartphone,Electronics,Pune,Store,Debit Card,2,28844.82,0.1,57689.64,51920.68,0,8674.89,2024,11,November,Saturday,57689.64,51920.676
2024-11-16,ORD001438,CUST01182,P010,Coffee Maker,Home,Kolkata,Online,UPI,3,5673.6,0.1,17020.8,15318.72,0,1312.59,2024,11,November,Saturday,17020.800000000003,15318.72
2024-11-16,ORD028030,CUST01384,P002,Smartphone,Electronics,Kolkata,Store,Credit Card,1,30483.27,0.25,30483.27,22862.45,0,3184.0,2024,11,November,Saturday,30483.27,22862.4525
2024-11-16,ORD029579,CUST04832,P010,Coffee Maker,Home,Bengaluru,Online,UPI,1,5666.87,0.1,5666.87,5100.18,0,636.08,2024,11,November,Saturday,5666.87,5100.183
2024-11-16,ORD036657,CUST02397,P009,T-Shirt,Fashion,Kolkata,Online,Credit Card,1,1304.41,0.0,1304.41,1304.41,0,336.25,2024,11,November,Saturday,1304.41,1304.41
2024-11-16,ORD016045,CUST01076,P012,Air Fryer,Home,Surat,Online,Cash,3,7497.01,0.05,22491.03,21366.48,0,4973.13,2024,11,November,Saturday,22491.03,21366.478499999997
2024-11-16,ORD048634,CUST03153,P004,Smartwatch,Electronics,Mumbai,Store,Debit Card,3,7339.77,0.2,22019.31,17615.45,0,1011.35,2024,11,November,Saturday,22019.31,17615.448
2024-11-16,ORD026675,CUST00776,P007,Backpack,Accessories,Pune,Online,Credit Card,1,2319.88,0.05,2319.88,2203.89,0,433.06,2024,11,November,Saturday,2319.88,2203.886
2024-11-16,ORD035270,CUST04235,P020,Microwave,Home,Surat,Online,Net Banking,2,10213.91,0.15,20427.82,17363.65,0,4062.65,2024,11,November,Saturday,20427.82,17363.647
2024-11-16,ORD023890,CUST00515,P010,Coffee Maker,Home,Jaipur,Store,UPI,1,5264.3,0.0,5264.3,5264.3,0,663.84,2024,11,November,Saturday,5264.3,5264.3
2024-11-16,ORD047111,CUST04625,P012,Air Fryer,Home,Hyderabad,Online,UPI,1,7361.06,0.15,7361.06,6256.9,0,960.41,2024,11,November,Saturday,7361.06,6256.901
2024-11-16,ORD009729,CUST02741,P014,Keyboard,Electronics,Chennai,Store,Credit Card,3,2328.91,0.1,6986.73,6288.06,0,1188.6,2024,11,November,Saturday,6986.73,6288.057
2024-11-16,ORD016033,CUST00279,P009,T-Shirt,Fashion,Ahmedabad,Online,Net Banking,1,1166.28,0.05,1166.28,1107.97,0,141.49,2024,11,November,Saturday,1166.28,1107.966
2024-11-16,ORD015607,CUST01684,P016,Sofa,Furniture,Surat,Store,UPI,3,35198.29,0.05,105594.87,100315.13,0,15066.46,2024,11,November,Saturday,105594.87,100315.12649999998
2024-11-16,ORD023397,CUST02590,P003,Headphones,Electronics,Chennai,Online,Credit Card,1,4186.04,0.1,4186.04,3767.44,0,763.1,2024,11,November,Saturday,4186.04,3767.436
2024-11-16,ORD028667,CUST01010,P019,Vacuum Cleaner,Home,Delhi,Online,UPI,1,8593.83,0.05,8593.83,8164.14,0,629.12,2024,11,November,Saturday,8593.83,8164.138499999999
2024-11-16,ORD015500,CUST03979,P003,Headphones,Electronics,Ahmedabad,Online,Debit Card,2,4724.04,0.1,9448.08,8503.27,0,523.56,2024,11,November,Saturday,9448.08,8503.272
2024-11-16,ORD049782,CUST02682,P018,Jacket,Fashion,Chennai,Online,Debit Card,4,4915.31,0.1,19661.24,17695.12,0,4776.91,2024,11,November,Saturday,19661.24,17695.116
2024-11-16,ORD022143,CUST02943,P004,Smartwatch,Electronics,Surat,Online,Net Banking,1,7412.27,0.1,7412.27,6671.04,0,631.96,2024,11,November,Saturday,7412.27,6671.043000000001
2024-11-16,ORD034639,CUST02056,P017,Jeans,Fashion,Hyderabad,Online,UPI,1,3077.53,0.0,3077.53,3077.53,0,565.92,2024,11,November,Saturday,3077.53,3077.53
2024-11-16,ORD030445,CUST02984,P018,Jacket,Fashion,Kolkata,Store,Net Banking,4,4908.83,0.05,19635.32,18653.55,0,4676.93,2024,11,November,Saturday,19635.32,18653.554
2024-11-16,ORD019984,CUST04683,P005,Office Chair,Furniture,Chennai,Online,Debit Card,1,10191.48,0.1,10191.48,9172.33,0,1788.94,2024,11,November,Saturday,10191.48,9172.332
2024-11-16,ORD001014,CUST03308,P014,Keyboard,Electronics,Delhi,Online,UPI,3,2590.76,0.0,7772.28,7772.28,0,1765.84,2024,11,November,Saturday,7772.280000000001,7772.28
2024-11-16,ORD011797,CUST03890,P013,Monitor,Electronics,Chennai,Online,UPI,3,17473.11,0.1,52419.33,47177.4,0,12096.57,2024,11,November,Saturday,52419.33,47177.397000000004
2024-11-16,ORD026422,CUST04423,P013,Monitor,Electronics,Delhi,Online,Credit Card,1,19400.56,0.1,19400.56,17460.5,0,3092.86,2024,11,November,Saturday,19400.56,17460.504
2024-11-16,ORD003738,CUST04537,P003,Headphones,Electronics,Hyderabad,Online,UPI,1,4078.28,0.0,4078.28,4078.28,0,856.96,2024,11,November,Saturday,4078.28,4078.28
2024-11-16,ORD017867,CUST02294,P005,Office Chair,Furniture,Mumbai,Store,Credit Card,1,9128.6,0.05,9128.6,8672.17,0,1502.35,2024,11,November,Saturday,9128.6,8672.17
2024-11-16,ORD018249,CUST00748,P007,Backpack,Accessories,Pune,Online,Credit Card,1,2211.0,0.1,2211.0,1989.9,0,402.3,2024,11,November,Saturday,2211.0,1989.9
2024-11-16,ORD017123,CUST00264,P014,Keyboard,Electronics,Pune,Store,UPI,1,2578.81,0.1,2578.81,2320.93,0,412.07,2024,11,November,Saturday,2578.81,2320.929
2024-11-16,ORD025132,CUST03865,P002,Smartphone,Electronics,Delhi,Store,UPI,4,29264.83,0.0,117059.32,117059.32,0,22189.64,2024,11,November,Saturday,117059.32,117059.32
2024-11-16,ORD011944,CUST02348,P016,Sofa,Furniture,Mumbai,Online,Debit Card,1,34954.23,0.15,34954.23,29711.1,0,5801.11,2024,11,November,Saturday,34954.23,29711.095500000003
2024-11-16,ORD025630,CUST00425,P007,Backpack,Accessories,Mumbai,Store,Credit Card,1,2035.6,0.05,2035.6,1933.82,0,298.11,2024,11,November,Saturday,2035.6,1933.82
2024-11-16,ORD011222,CUST04520,P010,Coffee Maker,Home,Jaipur,Store,Net Banking,2,5537.95,0.0,11075.9,11075.9,0,1984.69,2024,11,November,Saturday,11075.9,11075.9
2024-11-16,ORD022668,CUST00395,P002,Smartphone,Electronics,Delhi,Store,UPI,1,28297.36,0.2,28297.36,22637.89,0,1340.1,2024,11,November,Saturday,28297.36,22637.888000000003
2024-11-16,ORD001051,CUST04914,P020,Microwave,Home,Ahmedabad,Online,Net Banking,4,11561.21,0.1,46244.84,41620.36,0,4928.67,2024,11,November,Saturday,46244.84,41620.356
2024-11-16,ORD013214,CUST03663,P012,Air Fryer,Home,Kolkata,Online,Credit Card,1,6713.33,0.1,6713.33,6042.0,0,562.22,2024,11,November,Saturday,6713.33,6041.997
2024-11-16,ORD031314,CUST04524,P001,Laptop,Electronics,Delhi,Online,UPI,3,66201.58,0.15,198604.74,168814.03,0,18189.61,2024,11,November,Saturday,198604.74,168814.02899999998
2024-11-16,ORD020414,CUST00056,P020,Microwave,Home,Delhi,Store,Debit Card,2,11641.26,0.1,23282.52,20954.27,0,5281.27,2024,11,November,Saturday,23282.52,20954.268
2024-11-16,ORD017069,CUST03343,P006,Desk,Furniture,Ahmedabad,Online,Net Banking,3,11582.47,0.15,34747.41,29535.3,0,3937.59,2024,11,November,Saturday,34747.409999999996,29535.2985
2024-11-17,ORD037882,CUST02775,P018,Jacket,Fashion,Bengaluru,Online,Credit Card,2,4993.54,0.1,9987.08,8988.37,0,2155.36,2024,11,November,Sunday,9987.08,8988.372
2024-11-17,ORD038171,CUST02056,P016,Sofa,Furniture,Delhi,Online,Credit Card,1,32156.3,0.15,32156.3,27332.86,0,2658.98,2024,11,November,Sunday,32156.3,27332.855
2024-11-17,ORD026714,CUST00646,P020,Microwave,Home,Mumbai,Store,Debit Card,2,11653.69,0.0,23307.38,23307.38,0,3109.35,2024,11,November,Sunday,23307.38,23307.38
2024-11-17,ORD014067,CUST01313,P019,Vacuum Cleaner,Home,Delhi,Online,UPI,1,8734.75,0.05,8734.75,8298.01,0,1985.12,2024,11,November,Sunday,8734.75,8298.012499999999
2024-11-17,ORD036636,CUST02783,P004,Smartwatch,Electronics,Bengaluru,Online,Debit Card,1,6744.78,0.2,6744.78,5395.82,0,1110.24,2024,11,November,Sunday,6744.78,5395.8240000000005
2024-11-17,ORD007229,CUST03918,P004,Smartwatch,Electronics,Pune,Online,Credit Card,1,6939.2,0.05,6939.2,6592.24,0,749.61,2024,11,November,Sunday,6939.2,6592.24
2024-11-17,ORD030771,CUST01592,P001,Laptop,Electronics,Jaipur,Online,Cash,1,68664.76,0.0,68664.76,68664.76,0,10383.16,2024,11,November,Sunday,68664.76,68664.76
2024-11-17,ORD002313,CUST03507,P016,Sofa,Furniture,Kolkata,Online,Debit Card,1,33361.8,0.1,33361.8,30025.62,0,3294.13,2024,11,November,Sunday,33361.8,30025.620000000003
2024-11-17,ORD018670,CUST03291,P006,Desk,Furniture,Surat,Online,Credit Card,1,12312.88,0.15,12312.88,10465.95,0,915.16,2024,11,November,Sunday,12312.88,10465.947999999999
2024-11-17,ORD043172,CUST00595,P003,Headphones,Electronics,Mumbai,Online,UPI,1,4577.88,0.25,4577.88,3433.41,0,661.02,2024,11,November,Sunday,4577.88,3433.41
2024-11-17,ORD007157,CUST04540,P016,Sofa,Furniture,Bengaluru,Store,Credit Card,1,35125.49,0.2,35125.49,28100.39,0,4189.16,2024,11,November,Sunday,35125.49,28100.392
2024-11-17,ORD016362,CUST00806,P016,Sofa,Furniture,Ahmedabad,Store,Debit Card,1,35051.4,0.0,35051.4,35051.4,0,3472.66,2024,11,November,Sunday,35051.4,35051.4
2024-11-17,ORD033624,CUST00182,P014,Keyboard,Electronics,Hyderabad,Online,Debit Card,5,2632.05,0.1,13160.25,11844.22,0,1360.83,2024,11,November,Sunday,13160.25,11844.225
2024-11-17,ORD044741,CUST03529,P010,Coffee Maker,Home,Mumbai,Online,Credit Card,1,4988.94,0.15,4988.94,4240.6,0,702.45,2024,11,November,Sunday,4988.94,4240.598999999999
2024-11-17,ORD021708,CUST00126,P013,Monitor,Electronics,Hyderabad,Online,UPI,1,18228.29,0.15,18228.29,15494.05,0,1418.29,2024,11,November,Sunday,18228.29,15494.0465
2024-11-17,ORD008208,CUST04173,P016,Sofa,Furniture,Hyderabad,Online,Credit Card,1,33497.56,0.2,33497.56,26798.05,0,2151.76,2024,11,November,Sunday,33497.56,26798.048
2024-11-17,ORD040153,CUST04528,P008,Running Shoes,Fashion,Ahmedabad,Store,UPI,1,4123.35,0.0,4123.35,4123.35,0,1206.9,2024,11,November,Sunday,4123.35,4123.35
2024-11-17,ORD043120,CUST03919,P012,Air Fryer,Home,Hyderabad,Store,Credit Card,1,6802.99,0.15,6802.99,5782.54,0,633.36,2024,11,November,Sunday,6802.99,5782.541499999999
2024-11-17,ORD037791,CUST00961,P017,Jeans,Fashion,Jaipur,Online,Debit Card,2,3059.11,0.05,6118.22,5812.31,0,846.25,2024,11,November,Sunday,6118.22,5812.309
2024-11-17,ORD014402,CUST00409,P003,Headphones,Electronics,Ahmedabad,Store,UPI,1,4761.14,0.15,4761.14,4046.97,1,-202.35,2024,11,November,Sunday,4761.14,4046.969
2024-11-17,ORD025650,CUST02571,P009,T-Shirt,Fashion,Jaipur,Online,Credit Card,1,1139.11,0.0,1139.11,1139.11,0,128.08,2024,11,November,Sunday,1139.11,1139.11
2024-11-17,ORD032414,CUST00227,P019,Vacuum Cleaner,Home,Bengaluru,Store,Cash,1,9401.95,0.2,9401.95,7521.56,0,1092.99,2024,11,November,Sunday,9401.95,7521.560000000001
2024-11-17,ORD045568,CUST03753,P016,Sofa,Furniture,Mumbai,Store,UPI,1,34072.38,0.15,34072.38,28961.52,0,2514.14,2024,11,November,Sunday,34072.38,28961.522999999997
2024-11-17,ORD002053,CUST04069,P006,Desk,Furniture,Pune,Online,UPI,1,10803.85,0.05,10803.85,10263.66,0,1375.94,2024,11,November,Sunday,10803.85,10263.6575
2024-11-17,ORD040448,CUST02056,P016,Sofa,Furniture,Bengaluru,Online,UPI,1,31626.01,0.1,31626.01,28463.41,0,3889.08,2024,11,November,Sunday,31626.01,28463.409
2024-11-17,ORD029009,CUST03541,P010,Coffee Maker,Home,Bengaluru,Online,Credit Card,1,5754.09,0.0,5754.09,5754.09,0,916.93,2024,11,November,Sunday,5754.09,5754.09
2024-11-17,ORD028787,CUST04395,P016,Sofa,Furniture,Surat,Online,Cash,5,33963.66,0.1,169818.3,152836.47,1,-7641.82,2024,11,November,Sunday,169818.30000000002,152836.47
2024-11-17,ORD023786,CUST04570,P017,Jeans,Fashion,Pune,Online,UPI,1,2921.43,0.15,2921.43,2483.22,0,145.11,2024,11,November,Sunday,2921.43,2483.2155
2024-11-17,ORD036005,CUST00824,P002,Smartphone,Electronics,Pune,Online,UPI,3,26766.64,0.15,80299.92,68254.93,0,11570.2,2024,11,November,Sunday,80299.92,68254.932
2024-11-17,ORD034827,CUST02543,P020,Microwave,Home,Pune,Online,Credit Card,1,10955.95,0.0,10955.95,10955.95,0,3077.1,2024,11,November,Sunday,10955.95,10955.95
2024-11-17,ORD014769,CUST04870,P018,Jacket,Fashion,Kolkata,Store,Cash,2,5116.69,0.0,10233.38,10233.38,0,2442.89,2024,11,November,Sunday,10233.38,10233.38
2024-11-17,ORD022716,CUST01023,P017,Jeans,Fashion,Kolkata,Store,UPI,4,2547.53,0.2,10190.12,8152.1,0,1084.2,2024,11,November,Sunday,10190.12,8152.096000000001
2024-11-17,ORD028213,CUST04383,P009,T-Shirt,Fashion,Chennai,Store,UPI,1,1243.98,0.0,1243.98,1243.98,0,256.77,2024,11,November,Sunday,1243.98,1243.98
2024-11-17,ORD020183,CUST03366,P004,Smartwatch,Electronics,Chennai,Online,Debit Card,1,6709.64,0.0,6709.64,6709.64,0,1488.91,2024,11,November,Sunday,6709.64,6709.64
2024-11-17,ORD006042,CUST02981,P012,Air Fryer,Home,Surat,Online,Debit Card,2,6716.72,0.0,13433.44,13433.44,0,1742.97,2024,11,November,Sunday,13433.44,13433.44
2024-11-17,ORD012631,CUST03442,P007,Backpack,Accessories,Bengaluru,Store,UPI,2,2235.9,0.05,4471.8,4248.21,0,858.15,2024,11,November,Sunday,4471.8,4248.21
2024-11-17,ORD029122,CUST02167,P006,Desk,Furniture,Hyderabad,Store,Cash,1,11176.71,0.15,11176.71,9500.2,0,1705.68,2024,11,November,Sunday,11176.71,9500.2035
2024-11-17,ORD041090,CUST04204,P005,Office Chair,Furniture,Surat,Online,Credit Card,2,8862.5,0.2,17725.0,14180.0,0,1824.79,2024,11,November,Sunday,17725.0,14180.0
2024-11-17,ORD028289,CUST00447,P005,Office Chair,Furniture,Chennai,Online,Credit Card,1,9847.1,0.15,9847.1,8370.04,0,1546.93,2024,11,November,Sunday,9847.1,8370.035
2024-11-17,ORD039190,CUST01143,P019,Vacuum Cleaner,Home,Kolkata,Online,Credit Card,2,8392.85,0.05,16785.7,15946.42,0,1873.69,2024,11,November,Sunday,16785.7,15946.414999999999
2024-11-17,ORD022794,CUST04867,P011,Mixer Grinder,Home,Ahmedabad,Online,UPI,3,5084.6,0.0,15253.8,15253.8,0,3459.55,2024,11,November,Sunday,15253.800000000001,15253.8
2024-11-17,ORD015668,CUST02550,P016,Sofa,Furniture,Ahmedabad,Online,Credit Card,5,36522.78,0.0,182613.9,182613.9,0,42180.3,2024,11,November,Sunday,182613.9,182613.9
2024-11-17,ORD026451,CUST02775,P013,Monitor,Electronics,Surat,Store,UPI,1,19688.45,0.15,19688.45,16735.18,0,1494.07,2024,11,November,Sunday,19688.45,16735.1825
2024-11-17,ORD034134,CUST03142,P015,Dining Table,Furniture,Bengaluru,Online,UPI,1,22695.79,0.25,22695.79,17021.84,0,1120.78,2024,11,November,Sunday,22695.79,17021.8425
2024-11-17,ORD024622,CUST04010,P003,Headphones,Electronics,Mumbai,Store,Cash,1,4298.87,0.05,4298.87,4083.93,0,812.01,2024,11,November,Sunday,4298.87,4083.9264999999996
2024-11-17,ORD036073,CUST04393,P020,Microwave,Home,Kolkata,Online,UPI,1,11720.56,0.15,11720.56,9962.48,0,944.2,2024,11,November,Sunday,11720.56,9962.475999999999
2024-11-17,ORD015315,CUST02194,P007,Backpack,Accessories,Chennai,Online,Credit Card,1,2342.71,0.0,2342.71,2342.71,0,325.31,2024,11,November,Sunday,2342.71,2342.71
2024-11-17,ORD021129,CUST02718,P005,Office Chair,Furniture,Mumbai,Online,Debit Card,1,8562.95,0.05,8562.95,8134.8,0,1182.3,2024,11,November,Sunday,8562.95,8134.802500000001
2024-11-17,ORD045225,CUST04304,P006,Desk,Furniture,Ahmedabad,Online,Cash,4,11001.55,0.1,44006.2,39605.58,0,7391.39,2024,11,November,Sunday,44006.2,39605.58
2024-11-17,ORD030915,CUST00172,P004,Smartwatch,Electronics,Bengaluru,Online,Credit Card,2,7187.47,0.05,14374.94,13656.19,0,2338.42,2024,11,November,Sunday,14374.94,13656.193
2024-11-17,ORD002019,CUST02125,P005,Office Chair,Furniture,Ahmedabad,Online,Credit Card,1,8770.15,0.05,8770.15,8331.64,0,678.58,2024,11,November,Sunday,8770.15,8331.6425
2024-11-17,ORD009030,CUST01400,P011,Mixer Grinder,Home,Delhi,Online,UPI,1,4508.03,0.05,4508.03,4282.63,0,1110.09,2024,11,November,Sunday,4508.03,4282.6285
2024-11-17,ORD032253,CUST00528,P014,Keyboard,Electronics,Hyderabad,Online,UPI,1,2395.19,0.1,2395.19,2155.67,0,533.89,2024,11,November,Sunday,2395.19,2155.6710000000003
2024-11-17,ORD028919,CUST00696,P007,Backpack,Accessories,Kolkata,Online,UPI,1,2193.95,0.15,2193.95,1864.86,0,459.11,2024,11,November,Sunday,2193.95,1864.8574999999998
2024-11-17,ORD019153,CUST04909,P003,Headphones,Electronics,Pune,Online,UPI,1,4271.94,0.1,4271.94,3844.75,0,1015.55,2024,11,November,Sunday,4271.94,3844.7459999999996
2024-11-17,ORD010078,CUST01730,P014,Keyboard,Electronics,Bengaluru,Online,Net Banking,4,2626.31,0.2,10505.24,8404.19,0,1972.14,2024,11,November,Sunday,10505.24,8404.192000000001
2024-11-17,ORD001914,CUST00418,P004,Smartwatch,Electronics,Hyderabad,Store,UPI,1,7013.65,0.0,7013.65,7013.65,0,1386.08,2024,11,November,Sunday,7013.65,7013.65
2024-11-17,ORD040205,CUST02502,P004,Smartwatch,Electronics,Bengaluru,Online,Debit Card,1,7148.9,0.1,7148.9,6434.01,0,1371.04,2024,11,November,Sunday,7148.9,6434.01
2024-11-17,ORD039648,CUST01915,P014,Keyboard,Electronics,Surat,Online,Credit Card,2,2737.85,0.1,5475.7,4928.13,0,685.5,2024,11,November,Sunday,5475.7,4928.13
2024-11-17,ORD017271,CUST04313,P005,Office Chair,Furniture,Chennai,Store,Debit Card,1,10366.76,0.1,10366.76,9330.08,0,1358.46,2024,11,November,Sunday,10366.76,9330.084
2024-11-17,ORD016010,CUST02374,P010,Coffee Maker,Home,Bengaluru,Online,UPI,1,5527.18,0.2,5527.18,4421.74,0,497.46,2024,11,November,Sunday,5527.18,4421.744000000001
2024-11-17,ORD036242,CUST04983,P019,Vacuum Cleaner,Home,Jaipur,Online,Credit Card,3,9883.21,0.1,29649.63,26684.67,1,-1334.23,2024,11,November,Sunday,29649.629999999997,26684.667
2024-11-17,ORD017228,CUST04293,P011,Mixer Grinder,Home,Hyderabad,Online,UPI,2,4514.97,0.15,9029.94,7675.45,0,1586.75,2024,11,November,Sunday,9029.94,7675.4490000000005
2024-11-17,ORD021175,CUST02793,P011,Mixer Grinder,Home,Hyderabad,Online,UPI,2,4963.87,0.15,9927.74,8438.58,0,1104.42,2024,11,November,Sunday,9927.74,8438.579
2024-11-17,ORD010462,CUST02134,P003,Headphones,Electronics,Kolkata,Store,Credit Card,1,4397.68,0.1,4397.68,3957.91,0,747.56,2024,11,November,Sunday,4397.68,3957.9120000000003
2024-11-17,ORD011378,CUST02985,P002,Smartphone,Electronics,Chennai,Online,UPI,3,29359.1,0.2,88077.3,70461.84,0,10450.61,2024,11,November,Sunday,88077.29999999999,70461.84000000001
2024-11-17,ORD026291,CUST00008,P014,Keyboard,Electronics,Jaipur,Online,UPI,1,2729.06,0.15,2729.06,2319.7,0,624.51,2024,11,November,Sunday,2729.06,2319.701
2024-11-17,ORD001254,CUST03010,P002,Smartphone,Electronics,Kolkata,Store,UPI,1,28333.84,0.05,28333.84,26917.15,0,7591.46,2024,11,November,Sunday,28333.84,26917.147999999997
2024-11-17,ORD041743,CUST03185,P012,Air Fryer,Home,Ahmedabad,Online,Debit Card,1,7735.52,0.1,7735.52,6961.97,0,1407.02,2024,11,November,Sunday,7735.52,6961.968000000001
2024-11-17,ORD042673,CUST01638,P020,Microwave,Home,Jaipur,Online,Debit Card,2,12038.56,0.0,24077.12,24077.12,0,2720.42,2024,11,November,Sunday,24077.12,24077.12
2024-11-17,ORD048831,CUST00417,P014,Keyboard,Electronics,Chennai,Online,Credit Card,1,2530.19,0.1,2530.19,2277.17,0,612.07,2024,11,November,Sunday,2530.19,2277.1710000000003
2024-11-17,ORD026609,CUST00680,P006,Desk,Furniture,Chennai,Online,Net Banking,1,12791.95,0.0,12791.95,12791.95,0,2788.97,2024,11,November,Sunday,12791.95,12791.95
2024-11-17,ORD018500,CUST00068,P011,Mixer Grinder,Home,Chennai,Online,UPI,4,4783.49,0.1,19133.96,17220.56,0,1250.66,2024,11,November,Sunday,19133.96,17220.564
2024-11-17,ORD033257,CUST00538,P017,Jeans,Fashion,Mumbai,Store,Credit Card,4,2757.65,0.2,11030.6,8824.48,0,1893.02,2024,11,November,Sunday,11030.6,8824.480000000001
2024-11-17,ORD025717,CUST04417,P001,Laptop,Electronics,Bengaluru,Store,UPI,1,69659.76,0.0,69659.76,69659.76,1,-3482.99,2024,11,November,Sunday,69659.76,69659.76
2024-11-17,ORD044447,CUST00070,P019,Vacuum Cleaner,Home,Mumbai,Store,Credit Card,1,8455.09,0.05,8455.09,8032.34,0,809.07,2024,11,November,Sunday,8455.09,8032.3355
2024-11-17,ORD037576,CUST03684,P001,Laptop,Electronics,Ahmedabad,Store,UPI,1,68230.29,0.2,68230.29,54584.23,0,6215.75,2024,11,November,Sunday,68230.29,54584.231999999996
2024-11-17,ORD018120,CUST02626,P014,Keyboard,Electronics,Delhi,Store,Credit Card,5,2639.07,0.1,13195.35,11875.82,0,1114.87,2024,11,November,Sunday,13195.35,11875.815
2024-11-17,ORD024113,CUST03199,P015,Dining Table,Furniture,Delhi,Store,UPI,2,21282.79,0.2,42565.58,34052.46,1,-1702.62,2024,11,November,Sunday,42565.58,34052.464
2024-11-17,ORD002696,CUST03012,P004,Smartwatch,Electronics,Hyderabad,Online,UPI,4,7557.65,0.2,30230.6,24184.48,0,4665.07,2024,11,November,Sunday,30230.6,24184.48
2024-11-17,ORD025837,CUST00578,P015,Dining Table,Furniture,Jaipur,Online,Debit Card,1,21383.83,0.2,21383.83,17107.06,0,2921.75,2024,11,November,Sunday,21383.83,17107.064000000002
2024-11-17,ORD044228,CUST03670,P017,Jeans,Fashion,Delhi,Online,Cash,2,2868.33,0.1,5736.66,5162.99,0,419.79,2024,11,November,Sunday,5736.66,5162.994
2024-11-17,ORD021913,CUST00327,P013,Monitor,Electronics,Pune,Online,UPI,1,16387.69,0.15,16387.69,13929.54,0,2443.0,2024,11,November,Sunday,16387.69,13929.536499999998
2024-11-18,ORD033725,CUST04288,P006,Desk,Furniture,Delhi,Store,Credit Card,2,12640.43,0.25,25280.86,18960.64,0,1062.78,2024,11,November,Monday,25280.86,18960.645
2024-11-18,ORD043741,CUST04471,P011,Mixer Grinder,Home,Mumbai,Store,UPI,3,4568.19,0.15,13704.57,11648.88,0,1428.65,2024,11,November,Monday,13704.57,11648.8845
2024-11-18,ORD023133,CUST02638,P007,Backpack,Accessories,Hyderabad,Online,Credit Card,3,2045.6,0.0,6136.8,6136.8,0,1253.86,2024,11,November,Monday,6136.799999999999,6136.8
2024-11-18,ORD019079,CUST02409,P003,Headphones,Electronics,Delhi,Online,UPI,2,4725.61,0.1,9451.22,8506.1,0,2319.55,2024,11,November,Monday,9451.22,8506.098
2024-11-18,ORD018861,CUST01158,P013,Monitor,Electronics,Bengaluru,Store,UPI,1,19592.9,0.05,19592.9,18613.26,0,2856.74,2024,11,November,Monday,19592.9,18613.255
2024-11-18,ORD027524,CUST02375,P015,Dining Table,Furniture,Mumbai,Store,Net Banking,2,23146.53,0.1,46293.06,41663.75,0,10313.7,2024,11,November,Monday,46293.06,41663.754
2024-11-18,ORD019992,CUST00446,P016,Sofa,Furniture,Ahmedabad,Online,Credit Card,2,36080.59,0.15,72161.18,61337.0,0,5719.19,2024,11,November,Monday,72161.18,61337.00299999999
2024-11-18,ORD040749,CUST00426,P008,Running Shoes,Fashion,Hyderabad,Online,UPI,1,4421.31,0.15,4421.31,3758.11,0,281.93,2024,11,November,Monday,4421.31,3758.1135000000004
2024-11-18,ORD003869,CUST03991,P017,Jeans,Fashion,Jaipur,Online,UPI,1,2679.62,0.05,2679.62,2545.64,0,539.42,2024,11,November,Monday,2679.62,2545.6389999999997
2024-11-18,ORD037473,CUST02207,P015,Dining Table,Furniture,Delhi,Online,Debit Card,1,19989.39,0.1,19989.39,17990.45,1,-899.52,2024,11,November,Monday,19989.39,17990.451
2024-11-18,ORD035540,CUST03807,P004,Smartwatch,Electronics,Mumbai,Store,Credit Card,1,6889.1,0.1,6889.1,6200.19,0,1100.34,2024,11,November,Monday,6889.1,6200.1900000000005
2024-11-18,ORD019066,CUST03891,P010,Coffee Maker,Home,Kolkata,Online,Cash,4,5959.29,0.0,23837.16,23837.16,0,2190.61,2024,11,November,Monday,23837.16,23837.16
2024-11-18,ORD044051,CUST03357,P012,Air Fryer,Home,Pune,Online,UPI,2,6775.77,0.05,13551.54,12873.96,0,2405.42,2024,11,November,Monday,13551.54,12873.963
2024-11-18,ORD036613,CUST01049,P003,Headphones,Electronics,Kolkata,Online,UPI,2,4093.2,0.15,8186.4,6958.44,0,850.11,2024,11,November,Monday,8186.4,6958.44
2024-11-18,ORD044685,CUST00079,P017,Jeans,Fashion,Delhi,Store,Credit Card,1,2874.01,0.15,2874.01,2442.91,0,262.58,2024,11,November,Monday,2874.01,2442.9085
2024-11-18,ORD027570,CUST04347,P006,Desk,Furniture,Kolkata,Store,Debit Card,1,11346.43,0.0,11346.43,11346.43,1,-567.32,2024,11,November,Monday,11346.43,11346.43
2024-11-18,ORD006446,CUST02998,P008,Running Shoes,Fashion,Kolkata,Online,UPI,1,3984.56,0.1,3984.56,3586.1,0,580.09,2024,11,November,Monday,3984.56,3586.104
2024-11-18,ORD007396,CUST03645,P009,T-Shirt,Fashion,Hyderabad,Online,Net Banking,1,1228.38,0.0,1228.38,1228.38,0,315.63,2024,11,November,Monday,1228.38,1228.38
2024-11-18,ORD002725,CUST00629,P003,Headphones,Electronics,Surat,Store,Debit Card,1,4675.98,0.1,4675.98,4208.38,0,780.14,2024,11,November,Monday,4675.98,4208.382
2024-11-18,ORD002235,CUST01205,P003,Headphones,Electronics,Mumbai,Online,Debit Card,2,4244.15,0.15,8488.3,7215.05,0,1759.74,2024,11,November,Monday,8488.3,7215.054999999999
2024-11-18,ORD003428,CUST03540,P008,Running Shoes,Fashion,Bengaluru,Store,Debit Card,1,4065.07,0.1,4065.07,3658.56,0,461.49,2024,11,November,Monday,4065.07,3658.563
2024-11-18,ORD000437,CUST02970,P015,Dining Table,Furniture,Kolkata,Online,Net Banking,1,22350.32,0.1,22350.32,20115.29,0,5581.57,2024,11,November,Monday,22350.32,20115.288
2024-11-18,ORD014320,CUST02218,P010,Coffee Maker,Home,Ahmedabad,Online,UPI,2,5683.85,0.05,11367.7,10799.32,0,2641.55,2024,11,November,Monday,11367.7,10799.315
2024-11-18,ORD026774,CUST03627,P005,Office Chair,Furniture,Kolkata,Online,UPI,4,9084.25,0.15,36337.0,30886.45,0,5751.25,2024,11,November,Monday,36337.0,30886.45
2024-11-18,ORD043799,CUST00737,P004,Smartwatch,Electronics,Surat,Online,Debit Card,1,7053.38,0.05,7053.38,6700.71,1,-335.04,2024,11,November,Monday,7053.38,6700.711
2024-11-18,ORD046251,CUST03403,P011,Mixer Grinder,Home,Surat,Online,Net Banking,2,5255.13,0.05,10510.26,9984.75,0,1018.14,2024,11,November,Monday,10510.26,9984.747
2024-11-18,ORD000710,CUST03183,P017,Jeans,Fashion,Bengaluru,Online,Credit Card,5,2696.29,0.0,13481.45,13481.45,0,2496.22,2024,11,November,Monday,13481.45,13481.45
2024-11-18,ORD000328,CUST00003,P002,Smartphone,Electronics,Hyderabad,Store,Credit Card,1,26496.67,0.25,26496.67,19872.5,1,-993.62,2024,11,November,Monday,26496.67,19872.5025
2024-11-18,ORD005658,CUST01161,P014,Keyboard,Electronics,Surat,Store,Credit Card,1,2645.03,0.1,2645.03,2380.53,0,252.83,2024,11,November,Monday,2645.03,2380.527
2024-11-18,ORD044422,CUST02909,P002,Smartphone,Electronics,Jaipur,Store,Credit Card,1,28288.16,0.0,28288.16,28288.16,0,8272.51,2024,11,November,Monday,28288.16,28288.16
2024-11-18,ORD006424,CUST02029,P008,Running Shoes,Fashion,Pune,Store,UPI,1,3996.83,0.05,3996.83,3796.99,0,483.03,2024,11,November,Monday,3996.83,3796.9885
2024-11-18,ORD039999,CUST04850,P006,Desk,Furniture,Ahmedabad,Online,Credit Card,1,11014.61,0.0,11014.61,11014.61,0,2722.54,2024,11,November,Monday,11014.61,11014.61
2024-11-18,ORD018954,CUST04641,P013,Monitor,Electronics,Hyderabad,Store,UPI,2,18319.91,0.05,36639.82,34807.83,0,5954.31,2024,11,November,Monday,36639.82,34807.829
2024-11-18,ORD000526,CUST01177,P019,Vacuum Cleaner,Home,Hyderabad,Online,UPI,1,8198.94,0.25,8198.94,6149.2,0,296.18,2024,11,November,Monday,8198.94,6149.205
2024-11-18,ORD002316,CUST01285,P010,Coffee Maker,Home,Pune,Online,Debit Card,1,5971.4,0.1,5971.4,5374.26,0,652.13,2024,11,November,Monday,5971.4,5374.26
2024-11-18,ORD045859,CUST01603,P010,Coffee Maker,Home,Hyderabad,Online,UPI,1,5165.84,0.25,5165.84,3874.38,0,606.71,2024,11,November,Monday,5165.84,3874.38
2024-11-18,ORD007895,CUST01070,P014,Keyboard,Electronics,Delhi,Online,Net Banking,1,2396.86,0.1,2396.86,2157.17,0,416.67,2024,11,November,Monday,2396.86,2157.174
2024-11-18,ORD008071,CUST03469,P005,Office Chair,Furniture,Hyderabad,Online,UPI,2,9981.17,0.05,19962.34,18964.22,0,2884.97,2024,11,November,Monday,19962.34,18964.222999999998
2024-11-18,ORD003978,CUST04614,P017,Jeans,Fashion,Ahmedabad,Online,Cash,1,2849.36,0.05,2849.36,2706.89,0,595.33,2024,11,November,Monday,2849.36,2706.892
2024-11-18,ORD047059,CUST04454,P010,Coffee Maker,Home,Kolkata,Store,UPI,1,5524.57,0.2,5524.57,4419.66,0,656.98,2024,11,November,Monday,5524.57,4419.656
2024-11-18,ORD041651,CUST03347,P006,Desk,Furniture,Bengaluru,Online,UPI,2,12658.6,0.05,25317.2,24051.34,0,5074.38,2024,11,November,Monday,25317.2,24051.34
2024-11-18,ORD009422,CUST02917,P001,Laptop,Electronics,Mumbai,Online,Cash,1,71188.94,0.15,71188.94,60510.6,0,7549.86,2024,11,November,Monday,71188.94,60510.599
2024-11-18,ORD037364,CUST01207,P019,Vacuum Cleaner,Home,Pune,Store,UPI,1,9094.83,0.1,9094.83,8185.35,0,1679.69,2024,11,November,Monday,9094.83,8185.347
2024-11-18,ORD041343,CUST01828,P018,Jacket,Fashion,Delhi,Online,UPI,1,5199.33,0.05,5199.33,4939.36,0,1366.68,2024,11,November,Monday,5199.33,4939.3634999999995
2024-11-18,ORD019788,CUST02194,P004,Smartwatch,Electronics,Chennai,Store,Credit Card,1,6491.29,0.1,6491.29,5842.16,0,1180.3,2024,11,November,Monday,6491.29,5842.161
2024-11-18,ORD012332,CUST01481,P011,Mixer Grinder,Home,Hyderabad,Online,Credit Card,2,4400.42,0.15,8800.84,7480.71,0,1781.1,2024,11,November,Monday,8800.84,7480.714
2024-11-18,ORD037703,CUST01595,P014,Keyboard,Electronics,Kolkata,Online,Credit Card,1,2666.27,0.25,2666.27,1999.7,0,168.92,2024,11,November,Monday,2666.27,1999.7024999999999
2024-11-18,ORD015327,CUST01992,P006,Desk,Furniture,Surat,Online,Credit Card,4,11638.26,0.05,46553.04,44225.39,1,-2211.27,2024,11,November,Monday,46553.04,44225.388
2024-11-18,ORD025157,CUST03974,P014,Keyboard,Electronics,Jaipur,Online,Credit Card,1,2539.48,0.1,2539.48,2285.53,0,179.35,2024,11,November,Monday,2539.48,2285.532
2024-11-18,ORD048965,CUST00883,P011,Mixer Grinder,Home,Chennai,Online,Credit Card,1,4591.27,0.05,4591.27,4361.71,0,460.43,2024,11,November,Monday,4591.27,4361.7065
2024-11-18,ORD013559,CUST02320,P014,Keyboard,Electronics,Kolkata,Store,UPI,1,2283.83,0.1,2283.83,2055.45,1,-102.77,2024,11,November,Monday,2283.83,2055.447
2024-11-18,ORD018521,CUST02434,P002,Smartphone,Electronics,Pune,Online,UPI,1,26837.64,0.0,26837.64,26837.64,0,6003.23,2024,11,November,Monday,26837.64,26837.64
2024-11-18,ORD041030,CUST01189,P009,T-Shirt,Fashion,Pune,Online,UPI,4,1136.15,0.05,4544.6,4317.37,0,470.77,2024,11,November,Monday,4544.6,4317.37
2024-11-18,ORD041314,CUST01366,P019,Vacuum Cleaner,Home,Mumbai,Online,Credit Card,4,8471.31,0.2,33885.24,27108.19,0,2293.82,2024,11,November,Monday,33885.24,27108.192
2024-11-18,ORD041307,CUST03530,P003,Headphones,Electronics,Jaipur,Store,Credit Card,2,4398.8,0.15,8797.6,7477.96,0,1731.36,2024,11,November,Monday,8797.6,7477.96
2024-11-18,ORD039394,CUST00288,P002,Smartphone,Electronics,Ahmedabad,Online,Credit Card,1,28337.75,0.05,28337.75,26920.86,0,6219.02,2024,11,November,Monday,28337.75,26920.8625
2024-11-18,ORD025543,CUST01639,P019,Vacuum Cleaner,Home,Ahmedabad,Online,Cash,1,9027.51,0.05,9027.51,8576.13,0,600.75,2024,11,November,Monday,9027.51,8576.1345
2024-11-18,ORD002501,CUST03493,P015,Dining Table,Furniture,Ahmedabad,Store,Cash,3,21072.78,0.05,63218.34,60057.42,0,7014.52,2024,11,November,Monday,63218.34,60057.422999999995
2024-11-18,ORD029521,CUST01092,P006,Desk,Furniture,Jaipur,Store,Credit Card,2,11803.51,0.05,23607.02,22426.67,0,5662.96,2024,11,November,Monday,23607.02,22426.668999999998
2024-11-19,ORD045705,CUST01315,P014,Keyboard,Electronics,Surat,Online,Cash,1,2414.44,0.2,2414.44,1931.55,0,325.08,2024,11,November,Tuesday,2414.44,1931.5520000000001
2024-11-19,ORD025307,CUST00428,P007,Backpack,Accessories,Hyderabad,Online,Credit Card,2,2097.18,0.05,4194.36,3984.64,0,640.4,2024,11,November,Tuesday,4194.36,3984.6419999999994
2024-11-19,ORD009772,CUST03180,P004,Smartwatch,Electronics,Kolkata,Online,UPI,5,7437.04,0.25,37185.2,27888.9,0,6593.0,2024,11,November,Tuesday,37185.2,27888.899999999998
2024-11-19,ORD046478,CUST04436,P020,Microwave,Home,Surat,Store,Credit Card,1,11041.32,0.1,11041.32,9937.19,1,-496.86,2024,11,November,Tuesday,11041.32,9937.188
2024-11-19,ORD049761,CUST04059,P020,Microwave,Home,Chennai,Online,Credit Card,1,10624.79,0.05,10624.79,10093.55,0,2792.37,2024,11,November,Tuesday,10624.79,10093.550500000001
2024-11-19,ORD018824,CUST03271,P009,T-Shirt,Fashion,Kolkata,Online,UPI,5,1316.56,0.1,6582.8,5924.52,0,1450.89,2024,11,November,Tuesday,6582.799999999999,5924.52
2024-11-19,ORD027429,CUST04064,P003,Headphones,Electronics,Mumbai,Online,Cash,1,4203.16,0.0,4203.16,4203.16,0,1067.05,2024,11,November,Tuesday,4203.16,4203.16
2024-11-19,ORD014838,CUST01576,P012,Air Fryer,Home,Kolkata,Online,UPI,3,6731.03,0.1,20193.09,18173.78,0,1926.85,2024,11,November,Tuesday,20193.09,18173.781
2024-11-19,ORD044442,CUST00292,P008,Running Shoes,Fashion,Chennai,Online,UPI,1,3926.37,0.1,3926.37,3533.73,0,284.93,2024,11,November,Tuesday,3926.37,3533.733
2024-11-19,ORD025512,CUST00505,P016,Sofa,Furniture,Kolkata,Online,Debit Card,1,38082.48,0.1,38082.48,34274.23,1,-1713.71,2024,11,November,Tuesday,38082.48,34274.232
2024-11-19,ORD042596,CUST00620,P008,Running Shoes,Fashion,Hyderabad,Store,Credit Card,3,4484.88,0.2,13454.64,10763.71,0,2023.77,2024,11,November,Tuesday,13454.64,10763.712
2024-11-19,ORD040455,CUST01566,P016,Sofa,Furniture,Jaipur,Store,UPI,4,34943.8,0.05,139775.2,132786.44,1,-6639.32,2024,11,November,Tuesday,139775.2,132786.44
2024-11-19,ORD005046,CUST03974,P014,Keyboard,Electronics,Mumbai,Online,Cash,2,2600.02,0.1,5200.04,4680.04,0,399.75,2024,11,November,Tuesday,5200.04,4680.036
2024-11-19,ORD037356,CUST02820,P005,Office Chair,Furniture,Kolkata,Online,UPI,2,9545.62,0.1,19091.24,17182.12,0,1367.92,2024,11,November,Tuesday,19091.24,17182.116
2024-11-19,ORD016779,CUST00266,P011,Mixer Grinder,Home,Chennai,Online,UPI,1,4588.33,0.05,4588.33,4358.91,0,859.31,2024,11,November,Tuesday,4588.33,4358.9135
2024-11-19,ORD026400,CUST00316,P017,Jeans,Fashion,Mumbai,Online,UPI,1,3044.43,0.1,3044.43,2739.99,0,175.32,2024,11,November,Tuesday,3044.43,2739.987
2024-11-19,ORD013769,CUST00523,P014,Keyboard,Electronics,Jaipur,Online,Credit Card,2,2270.09,0.05,4540.18,4313.17,0,808.0,2024,11,November,Tuesday,4540.18,4313.171
2024-11-19,ORD027754,CUST02140,P015,Dining Table,Furniture,Pune,Online,Net Banking,1,22174.77,0.0,22174.77,22174.77,0,2953.5,2024,11,November,Tuesday,22174.77,22174.77
2024-11-19,ORD027150,CUST04909,P020,Microwave,Home,Pune,Online,Credit Card,1,10616.92,0.1,10616.92,9555.23,0,2250.3,2024,11,November,Tuesday,10616.92,9555.228000000001
2024-11-19,ORD038258,CUST03084,P014,Keyboard,Electronics,Chennai,Online,Cash,1,2431.28,0.05,2431.28,2309.72,0,612.54,2024,11,November,Tuesday,2431.28,2309.716
2024-11-19,ORD022037,CUST02133,P007,Backpack,Accessories,Kolkata,Store,Credit Card,1,2405.37,0.1,2405.37,2164.83,0,501.09,2024,11,November,Tuesday,2405.37,2164.833
2024-11-19,ORD037893,CUST01678,P018,Jacket,Fashion,Delhi,Online,UPI,2,5535.41,0.0,11070.82,11070.82,1,-553.54,2024,11,November,Tuesday,11070.82,11070.82
2024-11-19,ORD023759,CUST04926,P002,Smartphone,Electronics,Mumbai,Online,Debit Card,1,25779.7,0.1,25779.7,23201.73,0,3511.24,2024,11,November,Tuesday,25779.7,23201.73
2024-11-19,ORD001986,CUST00965,P019,Vacuum Cleaner,Home,Chennai,Online,Cash,1,8658.59,0.15,8658.59,7359.8,0,489.08,2024,11,November,Tuesday,8658.59,7359.8015
2024-11-19,ORD013543,CUST04638,P019,Vacuum Cleaner,Home,Surat,Online,Cash,1,9185.83,0.05,9185.83,8726.54,0,1049.98,2024,11,November,Tuesday,9185.83,8726.538499999999
2024-11-19,ORD010785,CUST00292,P008,Running Shoes,Fashion,Kolkata,Online,UPI,1,3825.55,0.1,3825.55,3443.0,0,635.97,2024,11,November,Tuesday,3825.55,3442.9950000000003
2024-11-19,ORD006400,CUST00056,P016,Sofa,Furniture,Chennai,Store,Credit Card,2,32676.78,0.05,65353.56,62085.88,0,15129.91,2024,11,November,Tuesday,65353.56,62085.882
2024-11-19,ORD023507,CUST02931,P018,Jacket,Fashion,Kolkata,Store,Credit Card,1,4853.69,0.05,4853.69,4611.01,0,535.77,2024,11,November,Tuesday,4853.69,4611.005499999999
2024-11-19,ORD042779,CUST01987,P015,Dining Table,Furniture,Ahmedabad,Store,Debit Card,1,23826.57,0.1,23826.57,21443.91,0,4254.1,2024,11,November,Tuesday,23826.57,21443.913
2024-11-19,ORD031959,CUST03970,P017,Jeans,Fashion,Surat,Online,Credit Card,1,2994.41,0.05,2994.41,2844.69,0,308.77,2024,11,November,Tuesday,2994.41,2844.6895
2024-11-19,ORD029699,CUST01405,P004,Smartwatch,Electronics,Delhi,Online,UPI,1,7628.84,0.1,7628.84,6865.96,0,1907.11,2024,11,November,Tuesday,7628.84,6865.956
2024-11-19,ORD008803,CUST00448,P002,Smartphone,Electronics,Ahmedabad,Online,UPI,1,28876.98,0.15,28876.98,24545.43,0,4654.12,2024,11,November,Tuesday,28876.98,24545.432999999997
2024-11-19,ORD045675,CUST04449,P010,Coffee Maker,Home,Ahmedabad,Online,UPI,1,5141.86,0.05,5141.86,4884.77,0,368.94,2024,11,November,Tuesday,5141.86,4884.767
2024-11-19,ORD015995,CUST04424,P012,Air Fryer,Home,Mumbai,Store,UPI,2,7577.68,0.1,15155.36,13639.82,0,2217.82,2024,11,November,Tuesday,15155.36,13639.824
2024-11-19,ORD023279,CUST03319,P006,Desk,Furniture,Hyderabad,Online,Cash,1,10858.49,0.1,10858.49,9772.64,0,1358.79,2024,11,November,Tuesday,10858.49,9772.641
2024-11-19,ORD017609,CUST01679,P015,Dining Table,Furniture,Kolkata,Online,Credit Card,1,22248.66,0.0,22248.66,22248.66,0,6036.76,2024,11,November,Tuesday,22248.66,22248.66
2024-11-19,ORD033178,CUST04001,P008,Running Shoes,Fashion,Delhi,Store,Debit Card,2,4483.67,0.0,8967.34,8967.34,0,1297.48,2024,11,November,Tuesday,8967.34,8967.34
2024-11-19,ORD037234,CUST02712,P015,Dining Table,Furniture,Delhi,Online,UPI,1,23111.18,0.25,23111.18,17333.39,0,1537.4,2024,11,November,Tuesday,23111.18,17333.385000000002
2024-11-19,ORD027780,CUST03930,P007,Backpack,Accessories,Jaipur,Online,Debit Card,3,2393.51,0.15,7180.53,6103.45,0,1647.07,2024,11,November,Tuesday,7180.530000000001,6103.4505
2024-11-19,ORD015453,CUST00463,P002,Smartphone,Electronics,Bengaluru,Online,Credit Card,1,25388.79,0.05,25388.79,24119.35,0,2410.35,2024,11,November,Tuesday,25388.79,24119.3505
2024-11-19,ORD012064,CUST01299,P019,Vacuum Cleaner,Home,Bengaluru,Store,UPI,2,8423.0,0.05,16846.0,16003.7,0,4059.5,2024,11,November,Tuesday,16846.0,16003.699999999999
2024-11-19,ORD023230,CUST03745,P005,Office Chair,Furniture,Ahmedabad,Store,Credit Card,2,8930.64,0.15,17861.28,15182.09,0,2365.01,2024,11,November,Tuesday,17861.28,15182.087999999998
2024-11-19,ORD003770,CUST04737,P017,Jeans,Fashion,Delhi,Store,Credit Card,3,2891.17,0.1,8673.51,7806.16,0,1093.46,2024,11,November,Tuesday,8673.51,7806.159000000001
2024-11-19,ORD018930,CUST01814,P018,Jacket,Fashion,Bengaluru,Store,UPI,2,5200.97,0.05,10401.94,9881.84,0,2604.28,2024,11,November,Tuesday,10401.94,9881.843
2024-11-19,ORD019417,CUST04407,P011,Mixer Grinder,Home,Ahmedabad,Store,Credit Card,1,4511.45,0.1,4511.45,4060.3,1,-203.02,2024,11,November,Tuesday,4511.45,4060.305
2024-11-19,ORD033124,CUST00962,P010,Coffee Maker,Home,Ahmedabad,Store,Cash,1,5659.49,0.05,5659.49,5376.52,0,950.25,2024,11,November,Tuesday,5659.49,5376.5154999999995
2024-11-19,ORD038756,CUST02291,P007,Backpack,Accessories,Ahmedabad,Store,Credit Card,1,2186.27,0.1,2186.27,1967.64,0,224.23,2024,11,November,Tuesday,2186.27,1967.643
2024-11-19,ORD027139,CUST01757,P008,Running Shoes,Fashion,Jaipur,Online,Credit Card,1,4191.95,0.25,4191.95,3143.96,0,175.87,2024,11,November,Tuesday,4191.95,3143.9624999999996
2024-11-19,ORD032426,CUST00207,P012,Air Fryer,Home,Kolkata,Online,UPI,2,6720.48,0.05,13440.96,12768.91,0,2788.56,2024,11,November,Tuesday,13440.96,12768.911999999998
2024-11-19,ORD024032,CUST01715,P006,Desk,Furniture,Surat,Store,Credit Card,1,12651.63,0.2,12651.63,10121.3,0,647.5,2024,11,November,Tuesday,12651.63,10121.304
2024-11-19,ORD008658,CUST01954,P002,Smartphone,Electronics,Ahmedabad,Store,UPI,5,26688.53,0.15,133442.65,113426.25,0,21339.2,2024,11,November,Tuesday,133442.65,113426.25249999999
2024-11-19,ORD041172,CUST01617,P008,Running Shoes,Fashion,Kolkata,Online,Debit Card,1,4045.66,0.15,4045.66,3438.81,0,562.09,2024,11,November,Tuesday,4045.66,3438.8109999999997
2024-11-19,ORD000146,CUST03682,P001,Laptop,Electronics,Hyderabad,Online,Credit Card,1,68671.01,0.2,68671.01,54936.81,0,11122.44,2024,11,November,Tuesday,68671.01,54936.808
2024-11-19,ORD004402,CUST02514,P003,Headphones,Electronics,Hyderabad,Online,Debit Card,1,4515.4,0.05,4515.4,4289.63,1,-214.48,2024,11,November,Tuesday,4515.4,4289.629999999999
2024-11-19,ORD045136,CUST03185,P003,Headphones,Electronics,Chennai,Online,UPI,1,4122.54,0.2,4122.54,3298.03,0,209.22,2024,11,November,Tuesday,4122.54,3298.032
2024-11-19,ORD035885,CUST02982,P020,Microwave,Home,Pune,Store,UPI,4,11201.52,0.1,44806.08,40325.47,0,6753.76,2024,11,November,Tuesday,44806.08,40325.472
2024-11-19,ORD010875,CUST00718,P010,Coffee Maker,Home,Kolkata,Online,Credit Card,1,5432.41,0.0,5432.41,5432.41,0,1498.02,2024,11,November,Tuesday,5432.41,5432.41
2024-11-19,ORD013150,CUST04762,P005,Office Chair,Furniture,Jaipur,Online,Credit Card,1,10186.2,0.1,10186.2,9167.58,0,1453.62,2024,11,November,Tuesday,10186.2,9167.580000000002
2024-11-19,ORD040206,CUST03106,P011,Mixer Grinder,Home,Bengaluru,Store,Net Banking,2,4442.88,0.1,8885.76,7997.18,0,513.29,2024,11,November,Tuesday,8885.76,7997.184
2024-11-19,ORD045560,CUST03969,P001,Laptop,Electronics,Bengaluru,Store,Credit Card,1,70937.99,0.0,70937.99,70937.99,0,13605.1,2024,11,November,Tuesday,70937.99,70937.99
2024-11-19,ORD024208,CUST02456,P008,Running Shoes,Fashion,Surat,Online,Credit Card,1,4458.07,0.25,4458.07,3343.55,0,283.39,2024,11,November,Tuesday,4458.07,3343.5525
2024-11-19,ORD018014,CUST01253,P002,Smartphone,Electronics,Pune,Online,Cash,3,26506.81,0.15,79520.43,67592.37,0,17223.74,2024,11,November,Tuesday,79520.43000000001,67592.36549999999
2024-11-19,ORD016497,CUST04677,P016,Sofa,Furniture,Kolkata,Online,Net Banking,1,36458.54,0.05,36458.54,34635.61,1,-1731.78,2024,11,November,Tuesday,36458.54,34635.613
2024-11-19,ORD008198,CUST02497,P001,Laptop,Electronics,Hyderabad,Store,UPI,1,61337.5,0.0,61337.5,61337.5,0,10819.57,2024,11,November,Tuesday,61337.5,61337.5
2024-11-19,ORD019613,CUST02895,P007,Backpack,Accessories,Delhi,Store,Credit Card,1,2022.72,0.1,2022.72,1820.45,0,187.38,2024,11,November,Tuesday,2022.72,1820.448
2024-11-19,ORD013356,CUST00162,P015,Dining Table,Furniture,Ahmedabad,Online,UPI,2,20634.3,0.05,41268.6,39205.17,0,10194.02,2024,11,November,Tuesday,41268.6,39205.17
2024-11-19,ORD001329,CUST00706,P012,Air Fryer,Home,Bengaluru,Online,Debit Card,2,7815.36,0.15,15630.72,13286.11,0,1380.88,2024,11,November,Tuesday,15630.72,13286.112
2024-11-20,ORD044172,CUST04469,P012,Air Fryer,Home,Mumbai,Online,Debit Card,2,7425.61,0.1,14851.22,13366.1,0,3721.51,2024,11,November,Wednesday,14851.22,13366.098
2024-11-20,ORD000597,CUST04310,P008,Running Shoes,Fashion,Jaipur,Store,Debit Card,2,4303.44,0.0,8606.88,8606.88,0,2182.37,2024,11,November,Wednesday,8606.88,8606.88
2024-11-20,ORD020852,CUST00687,P014,Keyboard,Electronics,Hyderabad,Online,Credit Card,1,2675.36,0.0,2675.36,2675.36,0,347.45,2024,11,November,Wednesday,2675.36,2675.36
2024-11-20,ORD010839,CUST00065,P014,Keyboard,Electronics,Surat,Online,Credit Card,1,2730.46,0.0,2730.46,2730.46,0,478.36,2024,11,November,Wednesday,2730.46,2730.46
2024-11-20,ORD000976,CUST00592,P011,Mixer Grinder,Home,Surat,Online,UPI,2,4725.96,0.1,9451.92,8506.73,0,1194.34,2024,11,November,Wednesday,9451.92,8506.728000000001
2024-11-20,ORD023737,CUST04496,P005,Office Chair,Furniture,Hyderabad,Store,UPI,1,8559.44,0.0,8559.44,8559.44,0,2548.78,2024,11,November,Wednesday,8559.44,8559.44
2024-11-20,ORD000454,CUST01851,P010,Coffee Maker,Home,Mumbai,Online,Net Banking,2,5111.95,0.05,10223.9,9712.7,0,1349.27,2024,11,November,Wednesday,10223.9,9712.705
2024-11-20,ORD031094,CUST01360,P013,Monitor,Electronics,Surat,Store,UPI,1,19146.71,0.0,19146.71,19146.71,0,3607.34,2024,11,November,Wednesday,19146.71,19146.71
2024-11-20,ORD023091,CUST01947,P004,Smartwatch,Electronics,Hyderabad,Online,Net Banking,1,7230.06,0.25,7230.06,5422.54,0,899.11,2024,11,November,Wednesday,7230.06,5422.545
2024-11-20,ORD019735,CUST02477,P008,Running Shoes,Fashion,Delhi,Store,Cash,2,3837.22,0.1,7674.44,6907.0,1,-345.35,2024,11,November,Wednesday,7674.44,6906.996
2024-11-20,ORD008774,CUST03600,P009,T-Shirt,Fashion,Jaipur,Store,Credit Card,1,1220.34,0.0,1220.34,1220.34,0,248.15,2024,11,November,Wednesday,1220.34,1220.34
2024-11-20,ORD034264,CUST01615,P015,Dining Table,Furniture,Mumbai,Online,Credit Card,1,22617.82,0.0,22617.82,22617.82,0,6303.3,2024,11,November,Wednesday,22617.82,22617.82
2024-11-20,ORD041245,CUST00366,P001,Laptop,Electronics,Pune,Online,UPI,1,58743.35,0.15,58743.35,49931.85,0,9105.41,2024,11,November,Wednesday,58743.35,49931.847499999996
2024-11-20,ORD006768,CUST03332,P005,Office Chair,Furniture,Jaipur,Online,UPI,1,8783.81,0.0,8783.81,8783.81,0,2192.72,2024,11,November,Wednesday,8783.81,8783.81
2024-11-20,ORD015659,CUST00440,P008,Running Shoes,Fashion,Chennai,Store,UPI,4,4143.45,0.2,16573.8,13259.04,0,2841.66,2024,11,November,Wednesday,16573.8,13259.04
2024-11-20,ORD047650,CUST02944,P005,Office Chair,Furniture,Bengaluru,Online,Credit Card,1,8999.68,0.15,8999.68,7649.73,0,1357.54,2024,11,November,Wednesday,8999.68,7649.728
2024-11-20,ORD002666,CUST02139,P019,Vacuum Cleaner,Home,Hyderabad,Online,UPI,1,9052.35,0.25,9052.35,6789.26,0,987.83,2024,11,November,Wednesday,9052.35,6789.262500000001
2024-11-20,ORD041582,CUST03987,P016,Sofa,Furniture,Ahmedabad,Store,UPI,2,33251.88,0.0,66503.76,66503.76,0,18754.3,2024,11,November,Wednesday,66503.76,66503.76
2024-11-20,ORD029446,CUST03807,P016,Sofa,Furniture,Jaipur,Online,UPI,1,35067.97,0.1,35067.97,31561.17,0,8424.24,2024,11,November,Wednesday,35067.97,31561.173000000003
2024-11-20,ORD024572,CUST02966,P003,Headphones,Electronics,Delhi,Online,UPI,1,4742.46,0.05,4742.46,4505.34,0,1045.89,2024,11,November,Wednesday,4742.46,4505.3369999999995
2024-11-20,ORD009818,CUST00297,P001,Laptop,Electronics,Bengaluru,Online,UPI,1,61219.12,0.05,61219.12,58158.16,0,13757.81,2024,11,November,Wednesday,61219.12,58158.164
2024-11-20,ORD009930,CUST00788,P014,Keyboard,Electronics,Surat,Online,Cash,1,2414.5,0.05,2414.5,2293.78,0,325.73,2024,11,November,Wednesday,2414.5,2293.775
2024-11-20,ORD015226,CUST02763,P013,Monitor,Electronics,Bengaluru,Online,Credit Card,1,19340.91,0.1,19340.91,17406.82,0,3623.83,2024,11,November,Wednesday,19340.91,17406.819
2024-11-20,ORD018595,CUST00092,P007,Backpack,Accessories,Delhi,Online,UPI,2,2075.97,0.0,4151.94,4151.94,0,1194.62,2024,11,November,Wednesday,4151.94,4151.94
2024-11-20,ORD048105,CUST02477,P004,Smartwatch,Electronics,Surat,Online,Credit Card,2,6587.98,0.05,13175.96,12517.16,0,2472.82,2024,11,November,Wednesday,13175.96,12517.161999999998
2024-11-20,ORD004106,CUST02358,P017,Jeans,Fashion,Hyderabad,Store,Net Banking,1,2768.31,0.05,2768.31,2629.89,0,631.4,2024,11,November,Wednesday,2768.31,2629.8945
2024-11-20,ORD026556,CUST01974,P018,Jacket,Fashion,Hyderabad,Store,UPI,4,5410.43,0.0,21641.72,21641.72,0,1945.04,2024,11,November,Wednesday,21641.72,21641.72
2024-11-20,ORD023502,CUST03367,P009,T-Shirt,Fashion,Hyderabad,Online,Net Banking,1,1299.05,0.0,1299.05,1299.05,0,208.58,2024,11,November,Wednesday,1299.05,1299.05
2024-11-20,ORD011567,CUST03121,P011,Mixer Grinder,Home,Surat,Store,UPI,2,5201.72,0.15,10403.44,8842.92,0,1468.0,2024,11,November,Wednesday,10403.44,8842.924
2024-11-20,ORD034451,CUST03372,P010,Coffee Maker,Home,Chennai,Online,Debit Card,1,4957.04,0.1,4957.04,4461.34,0,1223.56,2024,11,November,Wednesday,4957.04,4461.336
2024-11-20,ORD041482,CUST01623,P017,Jeans,Fashion,Delhi,Store,UPI,2,2900.97,0.05,5801.94,5511.84,0,1143.22,2024,11,November,Wednesday,5801.94,5511.842999999999
2024-11-20,ORD043907,CUST03940,P017,Jeans,Fashion,Jaipur,Online,Credit Card,1,2662.84,0.05,2662.84,2529.7,0,429.68,2024,11,November,Wednesday,2662.84,2529.698
2024-11-20,ORD002265,CUST00842,P017,Jeans,Fashion,Kolkata,Store,Debit Card,1,2921.54,0.1,2921.54,2629.39,1,-131.47,2024,11,November,Wednesday,2921.54,2629.386
2024-11-20,ORD008014,CUST00007,P007,Backpack,Accessories,Hyderabad,Online,UPI,2,2024.4,0.2,4048.8,3239.04,0,822.63,2024,11,November,Wednesday,4048.8,3239.0400000000004
2024-11-20,ORD047312,CUST01257,P019,Vacuum Cleaner,Home,Jaipur,Online,UPI,1,8913.58,0.2,8913.58,7130.86,0,1512.89,2024,11,November,Wednesday,8913.58,7130.8640000000005
2024-11-20,ORD029353,CUST03009,P007,Backpack,Accessories,Hyderabad,Online,Credit Card,1,2170.78,0.0,2170.78,2170.78,0,583.16,2024,11,November,Wednesday,2170.78,2170.78
2024-11-20,ORD028583,CUST01665,P020,Microwave,Home,Kolkata,Online,Credit Card,4,10894.68,0.1,43578.72,39220.85,0,4560.26,2024,11,November,Wednesday,43578.72,39220.848000000005
2024-11-20,ORD024017,CUST01959,P003,Headphones,Electronics,Hyderabad,Store,UPI,3,4320.23,0.1,12960.69,11664.62,0,1615.87,2024,11,November,Wednesday,12960.689999999999,11664.621000000001
2024-11-20,ORD008467,CUST00500,P010,Coffee Maker,Home,Delhi,Online,Debit Card,2,5389.75,0.0,10779.5,10779.5,0,2335.98,2024,11,November,Wednesday,10779.5,10779.5
2024-11-20,ORD041773,CUST01085,P010,Coffee Maker,Home,Pune,Online,Debit Card,2,5688.91,0.1,11377.82,10240.04,0,2625.16,2024,11,November,Wednesday,11377.82,10240.038
2024-11-20,ORD016663,CUST03109,P020,Microwave,Home,Ahmedabad,Online,UPI,1,11560.9,0.1,11560.9,10404.81,0,1396.37,2024,11,November,Wednesday,11560.9,10404.81
2024-11-20,ORD001769,CUST01440,P014,Keyboard,Electronics,Ahmedabad,Online,Credit Card,3,2578.24,0.15,7734.72,6574.51,0,1723.71,2024,11,November,Wednesday,7734.719999999999,6574.512
2024-11-20,ORD004439,CUST02830,P006,Desk,Furniture,Pune,Store,Debit Card,1,12979.37,0.15,12979.37,11032.46,0,927.58,2024,11,November,Wednesday,12979.37,11032.4645
2024-11-20,ORD011315,CUST00952,P004,Smartwatch,Electronics,Hyderabad,Store,Net Banking,1,7426.37,0.2,7426.37,5941.1,0,1208.18,2024,11,November,Wednesday,7426.37,5941.0960000000005
2024-11-20,ORD043852,CUST02876,P013,Monitor,Electronics,Chennai,Online,Credit Card,1,16340.57,0.05,16340.57,15523.54,0,1513.84,2024,11,November,Wednesday,16340.57,15523.5415
2024-11-20,ORD024694,CUST00716,P015,Dining Table,Furniture,Ahmedabad,Online,UPI,1,22942.71,0.2,22942.71,18354.17,0,4523.9,2024,11,November,Wednesday,22942.71,18354.168
2024-11-20,ORD038000,CUST00775,P011,Mixer Grinder,Home,Jaipur,Online,UPI,1,5130.89,0.15,5130.89,4361.26,0,1166.13,2024,11,November,Wednesday,5130.89,4361.2565
2024-11-20,ORD032737,CUST02772,P013,Monitor,Electronics,Surat,Online,UPI,1,18639.97,0.05,18639.97,17707.97,0,4789.8,2024,11,November,Wednesday,18639.97,17707.9715
2024-11-20,ORD017735,CUST03312,P019,Vacuum Cleaner,Home,Kolkata,Online,Debit Card,1,8366.29,0.05,8366.29,7947.98,0,1660.38,2024,11,November,Wednesday,8366.29,7947.9755000000005
2024-11-20,ORD003483,CUST00839,P012,Air Fryer,Home,Hyderabad,Online,Credit Card,1,6673.86,0.05,6673.86,6340.17,0,1146.98,2024,11,November,Wednesday,6673.86,6340.1669999999995
2024-11-20,ORD004009,CUST04932,P020,Microwave,Home,Chennai,Online,Debit Card,1,11726.48,0.05,11726.48,11140.16,0,1378.36,2024,11,November,Wednesday,11726.48,11140.155999999999
2024-11-20,ORD023322,CUST00935,P009,T-Shirt,Fashion,Ahmedabad,Online,UPI,1,1102.47,0.05,1102.47,1047.35,0,284.01,2024,11,November,Wednesday,1102.47,1047.3464999999999
2024-11-20,ORD034280,CUST00942,P019,Vacuum Cleaner,Home,Jaipur,Store,Credit Card,4,9899.68,0.1,39598.72,35638.85,1,-1781.94,2024,11,November,Wednesday,39598.72,35638.848000000005
2024-11-20,ORD019681,CUST03106,P006,Desk,Furniture,Kolkata,Online,UPI,1,11754.01,0.15,11754.01,9990.91,0,913.47,2024,11,November,Wednesday,11754.01,9990.9085
2024-11-20,ORD047898,CUST03223,P018,Jacket,Fashion,Bengaluru,Store,Debit Card,2,5545.96,0.25,11091.92,8318.94,0,1780.81,2024,11,November,Wednesday,11091.92,8318.94
2024-11-20,ORD022577,CUST01616,P011,Mixer Grinder,Home,Jaipur,Store,Cash,2,4374.35,0.15,8748.7,7436.4,0,707.76,2024,11,November,Wednesday,8748.7,7436.395
2024-11-20,ORD034615,CUST01527,P007,Backpack,Accessories,Bengaluru,Online,Credit Card,1,2115.3,0.05,2115.3,2009.54,0,252.42,2024,11,November,Wednesday,2115.3,2009.535
2024-11-20,ORD038841,CUST02479,P008,Running Shoes,Fashion,Ahmedabad,Online,UPI,2,4436.37,0.15,8872.74,7541.83,0,1084.79,2024,11,November,Wednesday,8872.74,7541.829
2024-11-20,ORD022648,CUST02751,P007,Backpack,Accessories,Mumbai,Online,UPI,1,2204.43,0.2,2204.43,1763.54,0,441.0,2024,11,November,Wednesday,2204.43,1763.5439999999999
2024-11-20,ORD025424,CUST01075,P020,Microwave,Home,Delhi,Online,Credit Card,1,10253.33,0.1,10253.33,9228.0,0,1432.36,2024,11,November,Wednesday,10253.33,9227.997
2024-11-20,ORD036447,CUST00055,P011,Mixer Grinder,Home,Chennai,Online,Net Banking,3,4850.78,0.1,14552.34,13097.11,0,3472.85,2024,11,November,Wednesday,14552.34,13097.106
2024-11-20,ORD010170,CUST02152,P010,Coffee Maker,Home,Chennai,Online,Credit Card,1,5796.6,0.15,5796.6,4927.11,0,915.49,2024,11,November,Wednesday,5796.6,4927.110000000001
2024-11-20,ORD014040,CUST03048,P019,Vacuum Cleaner,Home,Delhi,Online,UPI,2,8824.75,0.0,17649.5,17649.5,0,5013.29,2024,11,November,Wednesday,17649.5,17649.5
2024-11-20,ORD038806,CUST02422,P001,Laptop,Electronics,Pune,Online,Debit Card,2,61981.35,0.05,123962.7,117764.56,0,20086.95,2024,11,November,Wednesday,123962.7,117764.56499999999
2024-11-21,ORD003571,CUST00816,P003,Headphones,Electronics,Delhi,Store,UPI,1,4366.13,0.05,4366.13,4147.82,0,801.52,2024,11,November,Thursday,4366.13,4147.8234999999995
2024-11-21,ORD037488,CUST01870,P016,Sofa,Furniture,Ahmedabad,Online,UPI,4,38480.51,0.1,153922.04,138529.84,0,21816.06,2024,11,November,Thursday,153922.04,138529.836
2024-11-21,ORD019294,CUST02111,P014,Keyboard,Electronics,Mumbai,Store,Credit Card,2,2497.07,0.1,4994.14,4494.73,0,297.34,2024,11,November,Thursday,4994.14,4494.726000000001
2024-11-21,ORD046257,CUST02163,P015,Dining Table,Furniture,Surat,Online,UPI,5,21966.58,0.05,109832.9,104341.26,0,19176.55,2024,11,November,Thursday,109832.90000000001,104341.25499999999
2024-11-21,ORD030994,CUST04134,P016,Sofa,Furniture,Surat,Store,Credit Card,1,33437.3,0.15,33437.3,28421.7,0,4833.1,2024,11,November,Thursday,33437.3,28421.705
2024-11-21,ORD030292,CUST00672,P019,Vacuum Cleaner,Home,Pune,Online,Credit Card,2,8457.71,0.2,16915.42,13532.34,0,943.04,2024,11,November,Thursday,16915.42,13532.336
2024-11-21,ORD010057,CUST04120,P003,Headphones,Electronics,Kolkata,Store,Net Banking,4,4547.63,0.1,18190.52,16371.47,0,3810.08,2024,11,November,Thursday,18190.52,16371.468
2024-11-21,ORD042337,CUST03520,P015,Dining Table,Furniture,Hyderabad,Online,Debit Card,1,24174.58,0.15,24174.58,20548.39,0,3608.17,2024,11,November,Thursday,24174.58,20548.393
2024-11-21,ORD023616,CUST00415,P016,Sofa,Furniture,Mumbai,Online,UPI,4,37051.46,0.2,148205.84,118564.67,0,28176.53,2024,11,November,Thursday,148205.84,118564.672
2024-11-21,ORD009078,CUST03721,P014,Keyboard,Electronics,Hyderabad,Online,UPI,2,2317.62,0.05,4635.24,4403.48,0,895.44,2024,11,November,Thursday,4635.24,4403.477999999999
2024-11-21,ORD036043,CUST01846,P013,Monitor,Electronics,Surat,Store,UPI,3,16238.16,0.0,48714.48,48714.48,0,12139.52,2024,11,November,Thursday,48714.479999999996,48714.48
2024-11-21,ORD027641,CUST03154,P010,Coffee Maker,Home,Chennai,Store,UPI,1,5450.25,0.1,5450.25,4905.23,0,431.52,2024,11,November,Thursday,5450.25,4905.225
2024-11-21,ORD017578,CUST02204,P001,Laptop,Electronics,Kolkata,Store,UPI,1,68672.76,0.05,68672.76,65239.12,0,12198.82,2024,11,November,Thursday,68672.76,65239.12199999999
2024-11-21,ORD014168,CUST00795,P018,Jacket,Fashion,Kolkata,Store,UPI,4,5416.98,0.15,21667.92,18417.73,0,3462.82,2024,11,November,Thursday,21667.92,18417.731999999996
2024-11-21,ORD023360,CUST02826,P020,Microwave,Home,Pune,Store,UPI,2,11597.48,0.0,23194.96,23194.96,0,6498.13,2024,11,November,Thursday,23194.96,23194.96
2024-11-21,ORD008809,CUST02963,P013,Monitor,Electronics,Pune,Online,Credit Card,1,16475.58,0.0,16475.58,16475.58,0,2356.11,2024,11,November,Thursday,16475.58,16475.58
2024-11-21,ORD035991,CUST02649,P019,Vacuum Cleaner,Home,Chennai,Online,Credit Card,1,8113.11,0.0,8113.11,8113.11,1,-405.66,2024,11,November,Thursday,8113.11,8113.11
2024-11-21,ORD042084,CUST03670,P009,T-Shirt,Fashion,Mumbai,Store,Debit Card,1,1132.06,0.1,1132.06,1018.85,1,-50.94,2024,11,November,Thursday,1132.06,1018.8539999999999
2024-11-21,ORD036094,CUST02619,P008,Running Shoes,Fashion,Ahmedabad,Online,Net Banking,1,4547.32,0.15,4547.32,3865.22,0,780.2,2024,11,November,Thursday,4547.32,3865.2219999999998
2024-11-21,ORD008816,CUST02934,P017,Jeans,Fashion,Delhi,Online,UPI,1,3064.97,0.0,3064.97,3064.97,0,765.83,2024,11,November,Thursday,3064.97,3064.97
2024-11-21,ORD005932,CUST02888,P004,Smartwatch,Electronics,Pune,Store,UPI,2,6384.34,0.0,12768.68,12768.68,0,1493.68,2024,11,November,Thursday,12768.68,12768.68
2024-11-21,ORD022720,CUST04909,P002,Smartphone,Electronics,Ahmedabad,Online,Debit Card,1,27850.99,0.05,27850.99,26458.44,0,5853.44,2024,11,November,Thursday,27850.99,26458.4405
2024-11-21,ORD025824,CUST00629,P020,Microwave,Home,Hyderabad,Online,UPI,1,10444.77,0.15,10444.77,8878.05,0,1479.14,2024,11,November,Thursday,10444.77,8878.0545
2024-11-21,ORD007409,CUST01122,P002,Smartphone,Electronics,Delhi,Online,UPI,1,27538.38,0.1,27538.38,24784.54,0,6938.68,2024,11,November,Thursday,27538.38,24784.542
2024-11-21,ORD023003,CUST04140,P020,Microwave,Home,Jaipur,Online,Credit Card,3,10136.17,0.2,30408.51,24326.81,1,-1216.34,2024,11,November,Thursday,30408.510000000002,24326.808
2024-11-21,ORD025108,CUST01639,P008,Running Shoes,Fashion,Bengaluru,Online,UPI,1,4546.63,0.1,4546.63,4091.97,0,646.42,2024,11,November,Thursday,4546.63,4091.967
2024-11-21,ORD030178,CUST00520,P012,Air Fryer,Home,Hyderabad,Store,Net Banking,1,6620.73,0.0,6620.73,6620.73,0,1025.17,2024,11,November,Thursday,6620.73,6620.73
2024-11-21,ORD033033,CUST01425,P006,Desk,Furniture,Hyderabad,Online,Debit Card,1,11221.62,0.1,11221.62,10099.46,0,2726.15,2024,11,November,Thursday,11221.62,10099.458
2024-11-21,ORD037156,CUST01558,P007,Backpack,Accessories,Surat,Store,Debit Card,3,2334.11,0.05,7002.33,6652.21,0,1281.14,2024,11,November,Thursday,7002.33,6652.2135
2024-11-21,ORD039490,CUST04130,P003,Headphones,Electronics,Delhi,Online,Credit Card,2,4393.89,0.1,8787.78,7909.0,0,770.2,2024,11,November,Thursday,8787.78,7909.002
2024-11-21,ORD017131,CUST04407,P012,Air Fryer,Home,Bengaluru,Store,UPI,1,6634.5,0.0,6634.5,6634.5,0,1231.69,2024,11,November,Thursday,6634.5,6634.5
2024-11-21,ORD013210,CUST01813,P011,Mixer Grinder,Home,Chennai,Store,UPI,1,4765.88,0.1,4765.88,4289.29,0,808.38,2024,11,November,Thursday,4765.88,4289.292
2024-11-21,ORD037890,CUST03052,P017,Jeans,Fashion,Pune,Store,Cash,2,2679.23,0.0,5358.46,5358.46,0,760.85,2024,11,November,Thursday,5358.46,5358.46
2024-11-21,ORD028739,CUST04677,P008,Running Shoes,Fashion,Hyderabad,Online,Debit Card,1,4552.53,0.05,4552.53,4324.9,0,321.72,2024,11,November,Thursday,4552.53,4324.903499999999
2024-11-21,ORD039539,CUST02765,P003,Headphones,Electronics,Surat,Store,Credit Card,1,4180.0,0.05,4180.0,3971.0,0,659.79,2024,11,November,Thursday,4180.0,3971.0
2024-11-21,ORD030581,CUST04187,P014,Keyboard,Electronics,Pune,Online,Credit Card,1,2702.4,0.1,2702.4,2432.16,0,354.44,2024,11,November,Thursday,2702.4,2432.1600000000003
2024-11-21,ORD001454,CUST02877,P008,Running Shoes,Fashion,Surat,Store,UPI,1,4193.02,0.05,4193.02,3983.37,0,542.96,2024,11,November,Thursday,4193.02,3983.369
2024-11-21,ORD032262,CUST01533,P007,Backpack,Accessories,Hyderabad,Online,Credit Card,1,2084.74,0.05,2084.74,1980.5,0,518.53,2024,11,November,Thursday,2084.74,1980.5029999999997
2024-11-21,ORD001327,CUST00067,P004,Smartwatch,Electronics,Ahmedabad,Store,Credit Card,1,7410.82,0.0,7410.82,7410.82,0,2194.82,2024,11,November,Thursday,7410.82,7410.82
2024-11-21,ORD044462,CUST00118,P017,Jeans,Fashion,Surat,Online,UPI,1,2827.36,0.2,2827.36,2261.89,0,363.95,2024,11,November,Thursday,2827.36,2261.8880000000004
2024-11-21,ORD017836,CUST01597,P003,Headphones,Electronics,Hyderabad,Store,Credit Card,4,4945.15,0.25,19780.6,14835.45,0,2214.1,2024,11,November,Thursday,19780.6,14835.449999999999
2024-11-21,ORD008213,CUST04238,P015,Dining Table,Furniture,Jaipur,Store,UPI,4,22351.57,0.0,89406.28,89406.28,0,20481.36,2024,11,November,Thursday,89406.28,89406.28
2024-11-21,ORD020394,CUST02189,P003,Headphones,Electronics,Jaipur,Online,UPI,1,4422.09,0.0,4422.09,4422.09,0,706.44,2024,11,November,Thursday,4422.09,4422.09
2024-11-21,ORD045863,CUST02556,P010,Coffee Maker,Home,Kolkata,Store,UPI,1,5542.04,0.1,5542.04,4987.84,1,-249.39,2024,11,November,Thursday,5542.04,4987.836
2024-11-21,ORD012520,CUST02420,P015,Dining Table,Furniture,Mumbai,Store,Net Banking,2,21467.94,0.15,42935.88,36495.5,1,-1824.78,2024,11,November,Thursday,42935.88,36495.498
2024-11-21,ORD030500,CUST03004,P008,Running Shoes,Fashion,Chennai,Online,Credit Card,1,3863.92,0.15,3863.92,3284.33,0,688.08,2024,11,November,Thursday,3863.92,3284.332
2024-11-21,ORD012476,CUST03624,P010,Coffee Maker,Home,Bengaluru,Online,UPI,1,5662.2,0.05,5662.2,5379.09,0,1329.56,2024,11,November,Thursday,5662.2,5379.089999999999
2024-11-21,ORD004276,CUST03679,P009,T-Shirt,Fashion,Bengaluru,Store,UPI,4,1210.66,0.2,4842.64,3874.11,0,242.41,2024,11,November,Thursday,4842.64,3874.1120000000005
2024-11-21,ORD012461,CUST00956,P014,Keyboard,Electronics,Surat,Online,Credit Card,2,2541.99,0.1,5083.98,4575.58,0,1159.41,2024,11,November,Thursday,5083.98,4575.581999999999
2024-11-21,ORD021757,CUST04730,P016,Sofa,Furniture,Ahmedabad,Online,UPI,1,32908.56,0.15,32908.56,27972.28,0,2168.88,2024,11,November,Thursday,32908.56,27972.275999999998
2024-11-21,ORD043428,CUST04743,P005,Office Chair,Furniture,Kolkata,Online,Debit Card,1,9632.64,0.2,9632.64,7706.11,0,315.03,2024,11,November,Thursday,9632.64,7706.112
2024-11-21,ORD018546,CUST00801,P005,Office Chair,Furniture,Kolkata,Store,UPI,2,8916.1,0.1,17832.2,16048.98,0,1421.5,2024,11,November,Thursday,17832.2,16048.980000000001
2024-11-21,ORD017919,CUST01568,P003,Headphones,Electronics,Surat,Online,Debit Card,2,4369.47,0.1,8738.94,7865.05,0,625.45,2024,11,November,Thursday,8738.94,7865.046
2024-11-21,ORD046500,CUST03227,P016,Sofa,Furniture,Surat,Online,UPI,1,32058.98,0.1,32058.98,28853.08,0,6427.31,2024,11,November,Thursday,32058.98,28853.082
2024-11-21,ORD046487,CUST04651,P006,Desk,Furniture,Ahmedabad,Store,UPI,1,11756.23,0.1,11756.23,10580.61,0,1744.68,2024,11,November,Thursday,11756.23,10580.607
2024-11-21,ORD044785,CUST01253,P005,Office Chair,Furniture,Delhi,Online,Net Banking,2,9066.92,0.0,18133.84,18133.84,0,2691.96,2024,11,November,Thursday,18133.84,18133.84
2024-11-21,ORD006291,CUST04006,P008,Running Shoes,Fashion,Mumbai,Online,UPI,2,3903.41,0.0,7806.82,7806.82,0,2333.21,2024,11,November,Thursday,7806.82,7806.82
2024-11-21,ORD030181,CUST03512,P015,Dining Table,Furniture,Delhi,Online,Credit Card,1,20937.03,0.0,20937.03,20937.03,0,5898.74,2024,11,November,Thursday,20937.03,20937.03
2024-11-21,ORD014136,CUST01503,P010,Coffee Maker,Home,Kolkata,Online,Cash,2,5776.5,0.0,11553.0,11553.0,0,3210.68,2024,11,November,Thursday,11553.0,11553.0
2024-11-21,ORD003900,CUST01227,P018,Jacket,Fashion,Ahmedabad,Online,UPI,1,5039.56,0.05,5039.56,4787.58,1,-239.38,2024,11,November,Thursday,5039.56,4787.582
2024-11-21,ORD030781,CUST02940,P017,Jeans,Fashion,Bengaluru,Store,UPI,1,2722.5,0.15,2722.5,2314.12,0,191.22,2024,11,November,Thursday,2722.5,2314.125
2024-11-21,ORD037149,CUST03027,P003,Headphones,Electronics,Jaipur,Online,Credit Card,1,4922.38,0.1,4922.38,4430.14,0,418.58,2024,11,November,Thursday,4922.38,4430.142
2024-11-21,ORD033388,CUST00224,P020,Microwave,Home,Surat,Store,UPI,1,10816.52,0.05,10816.52,10275.69,0,926.92,2024,11,November,Thursday,10816.52,10275.694
2024-11-21,ORD012667,CUST03293,P008,Running Shoes,Fashion,Pune,Store,Cash,1,4302.61,0.25,4302.61,3226.96,0,710.76,2024,11,November,Thursday,4302.61,3226.9574999999995
2024-11-21,ORD011477,CUST04541,P010,Coffee Maker,Home,Bengaluru,Online,UPI,1,5683.28,0.1,5683.28,5114.95,0,747.02,2024,11,November,Thursday,5683.28,5114.952
2024-11-21,ORD017279,CUST01916,P009,T-Shirt,Fashion,Delhi,Store,Credit Card,1,1143.55,0.0,1143.55,1143.55,0,258.09,2024,11,November,Thursday,1143.55,1143.55
2024-11-21,ORD031734,CUST00824,P005,Office Chair,Furniture,Bengaluru,Online,Credit Card,4,8765.91,0.0,35063.64,35063.64,0,9349.58,2024,11,November,Thursday,35063.64,35063.64
2024-11-21,ORD047802,CUST00493,P019,Vacuum Cleaner,Home,Kolkata,Store,UPI,3,9651.34,0.05,28954.02,27506.32,0,4005.18,2024,11,November,Thursday,28954.02,27506.319
2024-11-21,ORD010482,CUST03071,P014,Keyboard,Electronics,Mumbai,Store,Credit Card,1,2688.3,0.2,2688.3,2150.64,0,304.73,2024,11,November,Thursday,2688.3,2150.6400000000003
2024-11-22,ORD023848,CUST03812,P002,Smartphone,Electronics,Hyderabad,Online,Debit Card,1,29238.01,0.0,29238.01,29238.01,0,6194.73,2024,11,November,Friday,29238.01,29238.01
2024-11-22,ORD036078,CUST03979,P009,T-Shirt,Fashion,Jaipur,Online,Net Banking,2,1190.65,0.1,2381.3,2143.17,0,353.19,2024,11,November,Friday,2381.3,2143.17
2024-11-22,ORD048708,CUST04519,P004,Smartwatch,Electronics,Surat,Store,UPI,1,6303.37,0.15,6303.37,5357.86,0,489.72,2024,11,November,Friday,6303.37,5357.8645
2024-11-22,ORD030962,CUST00559,P015,Dining Table,Furniture,Chennai,Store,Cash,1,23080.41,0.05,23080.41,21926.39,0,5605.15,2024,11,November,Friday,23080.41,21926.389499999997
2024-11-22,ORD006202,CUST00624,P002,Smartphone,Electronics,Jaipur,Store,UPI,3,27755.14,0.0,83265.42,83265.42,0,10253.98,2024,11,November,Friday,83265.42,83265.42
2024-11-22,ORD026809,CUST01123,P020,Microwave,Home,Delhi,Online,Credit Card,1,11081.58,0.2,11081.58,8865.26,0,1563.19,2024,11,November,Friday,11081.58,8865.264000000001
2024-11-22,ORD037268,CUST04635,P005,Office Chair,Furniture,Bengaluru,Store,Credit Card,5,10113.85,0.25,50569.25,37926.94,0,6184.81,2024,11,November,Friday,50569.25,37926.9375
2024-11-22,ORD030468,CUST00156,P013,Monitor,Electronics,Jaipur,Store,Net Banking,1,17003.62,0.1,17003.62,15303.26,0,1380.91,2024,11,November,Friday,17003.62,15303.258
2024-11-22,ORD049124,CUST04899,P019,Vacuum Cleaner,Home,Chennai,Online,Credit Card,3,8262.32,0.15,24786.96,21068.92,0,3711.74,2024,11,November,Friday,24786.96,21068.915999999997
2024-11-22,ORD011174,CUST01676,P006,Desk,Furniture,Ahmedabad,Online,UPI,1,12171.39,0.1,12171.39,10954.25,0,2881.04,2024,11,November,Friday,12171.39,10954.251
2024-11-22,ORD044966,CUST02208,P010,Coffee Maker,Home,Mumbai,Online,Credit Card,4,5922.43,0.1,23689.72,21320.75,0,2268.13,2024,11,November,Friday,23689.72,21320.748000000003
2024-11-22,ORD046360,CUST01659,P005,Office Chair,Furniture,Pune,Online,Credit Card,2,9292.55,0.15,18585.1,15797.34,1,-789.87,2024,11,November,Friday,18585.1,15797.335
2024-11-22,ORD013461,CUST00293,P007,Backpack,Accessories,Pune,Online,UPI,4,2376.24,0.1,9504.96,8554.46,0,987.85,2024,11,November,Friday,9504.96,8554.464
2024-11-22,ORD030974,CUST02334,P012,Air Fryer,Home,Pune,Online,Credit Card,2,7842.19,0.15,15684.38,13331.72,0,1307.03,2024,11,November,Friday,15684.38,13331.722999999998
2024-11-22,ORD028247,CUST01384,P016,Sofa,Furniture,Chennai,Online,Credit Card,1,34671.26,0.05,34671.26,32937.7,0,4192.69,2024,11,November,Friday,34671.26,32937.697
2024-11-22,ORD026001,CUST04696,P009,T-Shirt,Fashion,Bengaluru,Store,Credit Card,2,1235.68,0.0,2471.36,2471.36,0,697.82,2024,11,November,Friday,2471.36,2471.36
2024-11-22,ORD038772,CUST00824,P016,Sofa,Furniture,Kolkata,Store,Net Banking,4,36008.04,0.05,144032.16,136830.55,0,34798.47,2024,11,November,Friday,144032.16,136830.552
2024-11-22,ORD024452,CUST04817,P020,Microwave,Home,Bengaluru,Store,Cash,2,10845.4,0.0,21690.8,21690.8,0,3805.53,2024,11,November,Friday,21690.8,21690.8
2024-11-22,ORD031248,CUST00476,P016,Sofa,Furniture,Surat,Online,UPI,2,34734.42,0.05,69468.84,65995.4,0,9989.79,2024,11,November,Friday,69468.84,65995.39799999999
2024-11-22,ORD015172,CUST00562,P018,Jacket,Fashion,Pune,Online,Debit Card,1,4742.27,0.0,4742.27,4742.27,0,1365.26,2024,11,November,Friday,4742.27,4742.27
2024-11-22,ORD028594,CUST02426,P003,Headphones,Electronics,Bengaluru,Store,Credit Card,1,4116.24,0.15,4116.24,3498.8,0,827.03,2024,11,November,Friday,4116.24,3498.8039999999996
2024-11-22,ORD018111,CUST03600,P005,Office Chair,Furniture,Hyderabad,Store,Debit Card,5,9351.26,0.0,46756.3,46756.3,0,9686.34,2024,11,November,Friday,46756.3,46756.3
2024-11-22,ORD004600,CUST04245,P011,Mixer Grinder,Home,Delhi,Online,UPI,1,5143.67,0.05,5143.67,4886.49,0,984.26,2024,11,November,Friday,5143.67,4886.4865
2024-11-22,ORD040055,CUST02976,P017,Jeans,Fashion,Surat,Online,Debit Card,1,2762.68,0.15,2762.68,2348.28,0,308.58,2024,11,November,Friday,2762.68,2348.278
2024-11-22,ORD012515,CUST03559,P005,Office Chair,Furniture,Kolkata,Online,Debit Card,2,9050.84,0.1,18101.68,16291.51,0,2687.79,2024,11,November,Friday,18101.68,16291.512
2024-11-22,ORD016894,CUST03240,P001,Laptop,Electronics,Ahmedabad,Store,Credit Card,2,71002.28,0.15,142004.56,120703.88,0,25602.19,2024,11,November,Friday,142004.56,120703.87599999999
2024-11-22,ORD045802,CUST02171,P012,Air Fryer,Home,Chennai,Online,Credit Card,1,7868.57,0.05,7868.57,7475.14,0,1532.98,2024,11,November,Friday,7868.57,7475.1415
2024-11-22,ORD013743,CUST04427,P002,Smartphone,Electronics,Chennai,Online,UPI,3,26355.83,0.15,79067.49,67207.37,0,4401.92,2024,11,November,Friday,79067.49,67207.3665
2024-11-22,ORD010909,CUST02507,P019,Vacuum Cleaner,Home,Delhi,Store,UPI,1,8875.13,0.1,8875.13,7987.62,0,2196.55,2024,11,November,Friday,8875.13,7987.616999999999
2024-11-22,ORD036814,CUST04718,P014,Keyboard,Electronics,Hyderabad,Store,Cash,1,2428.24,0.2,2428.24,1942.59,0,176.64,2024,11,November,Friday,2428.24,1942.5919999999999
2024-11-22,ORD045597,CUST03399,P012,Air Fryer,Home,Chennai,Store,UPI,2,6812.02,0.1,13624.04,12261.64,0,3137.84,2024,11,November,Friday,13624.04,12261.636
2024-11-22,ORD026504,CUST04871,P020,Microwave,Home,Delhi,Online,Cash,1,10784.74,0.1,10784.74,9706.27,0,1946.31,2024,11,November,Friday,10784.74,9706.266
2024-11-22,ORD000382,CUST01074,P004,Smartwatch,Electronics,Ahmedabad,Online,Debit Card,2,6365.5,0.2,12731.0,10184.8,0,1389.2,2024,11,November,Friday,12731.0,10184.800000000001
2024-11-22,ORD008770,CUST04716,P002,Smartphone,Electronics,Mumbai,Online,Cash,1,28915.28,0.1,28915.28,26023.75,0,3809.53,2024,11,November,Friday,28915.28,26023.752
2024-11-22,ORD037460,CUST04515,P015,Dining Table,Furniture,Chennai,Online,UPI,1,22356.53,0.25,22356.53,16767.4,0,3838.58,2024,11,November,Friday,22356.53,16767.3975
2024-11-22,ORD039321,CUST00895,P015,Dining Table,Furniture,Hyderabad,Store,UPI,3,20702.4,0.2,62107.2,49685.76,0,9375.33,2024,11,November,Friday,62107.200000000004,49685.76
2024-11-22,ORD009940,CUST03003,P001,Laptop,Electronics,Hyderabad,Online,UPI,1,67597.03,0.05,67597.03,64217.18,0,18528.64,2024,11,November,Friday,67597.03,64217.178499999995
2024-11-22,ORD039005,CUST02688,P020,Microwave,Home,Ahmedabad,Store,Cash,1,11200.89,0.0,11200.89,11200.89,0,2996.74,2024,11,November,Friday,11200.89,11200.89
2024-11-22,ORD042661,CUST02694,P012,Air Fryer,Home,Hyderabad,Store,UPI,1,6655.52,0.15,6655.52,5657.19,0,551.32,2024,11,November,Friday,6655.52,5657.192
2024-11-22,ORD038569,CUST03467,P020,Microwave,Home,Pune,Store,Debit Card,1,11727.52,0.25,11727.52,8795.64,0,751.0,2024,11,November,Friday,11727.52,8795.64
2024-11-22,ORD012619,CUST02757,P004,Smartwatch,Electronics,Delhi,Online,UPI,1,6420.03,0.1,6420.03,5778.03,0,1073.08,2024,11,November,Friday,6420.03,5778.027
2024-11-22,ORD013410,CUST02187,P016,Sofa,Furniture,Bengaluru,Online,UPI,1,37637.2,0.0,37637.2,37637.2,0,3889.18,2024,11,November,Friday,37637.2,37637.2
2024-11-22,ORD003387,CUST01714,P003,Headphones,Electronics,Bengaluru,Online,Credit Card,3,4615.33,0.0,13845.99,13845.99,0,3878.93,2024,11,November,Friday,13845.99,13845.99
2024-11-22,ORD038848,CUST01758,P007,Backpack,Accessories,Jaipur,Store,Debit Card,2,2236.22,0.15,4472.44,3801.57,0,613.1,2024,11,November,Friday,4472.44,3801.5739999999996
2024-11-22,ORD031080,CUST00908,P020,Microwave,Home,Surat,Store,Cash,1,11814.23,0.05,11814.23,11223.52,0,2494.86,2024,11,November,Friday,11814.23,11223.518499999998
2024-11-22,ORD003151,CUST01685,P006,Desk,Furniture,Ahmedabad,Store,Credit Card,1,12361.25,0.0,12361.25,12361.25,0,2527.32,2024,11,November,Friday,12361.25,12361.25
2024-11-22,ORD036326,CUST03645,P020,Microwave,Home,Chennai,Store,Net Banking,1,10243.69,0.0,10243.69,10243.69,0,961.76,2024,11,November,Friday,10243.69,10243.69
2024-11-22,ORD033342,CUST01866,P006,Desk,Furniture,Delhi,Online,UPI,1,11734.96,0.05,11734.96,11148.21,0,1214.41,2024,11,November,Friday,11734.96,11148.212
2024-11-22,ORD037856,CUST01091,P002,Smartphone,Electronics,Chennai,Online,Credit Card,1,25516.16,0.05,25516.16,24240.35,0,4419.91,2024,11,November,Friday,25516.16,24240.352
2024-11-22,ORD043088,CUST02757,P017,Jeans,Fashion,Kolkata,Online,UPI,1,2573.95,0.1,2573.95,2316.55,0,630.48,2024,11,November,Friday,2573.95,2316.555
2024-11-22,ORD045574,CUST03372,P004,Smartwatch,Electronics,Pune,Store,Credit Card,2,6743.9,0.05,13487.8,12813.41,0,2118.25,2024,11,November,Friday,13487.8,12813.409999999998
2024-11-22,ORD012071,CUST02611,P010,Coffee Maker,Home,Ahmedabad,Store,Net Banking,1,5418.67,0.1,5418.67,4876.8,0,899.24,2024,11,November,Friday,5418.67,4876.803
2024-11-22,ORD024275,CUST02464,P009,T-Shirt,Fashion,Bengaluru,Online,Cash,2,1128.93,0.1,2257.86,2032.07,0,551.14,2024,11,November,Friday,2257.86,2032.074
2024-11-22,ORD021653,CUST03255,P002,Smartphone,Electronics,Surat,Store,UPI,3,25975.43,0.1,77926.29,70133.66,0,18287.72,2024,11,November,Friday,77926.29000000001,70133.661
2024-11-22,ORD021386,CUST00926,P017,Jeans,Fashion,Bengaluru,Online,Credit Card,1,3061.34,0.05,3061.34,2908.27,0,294.3,2024,11,November,Friday,3061.34,2908.273
2024-11-22,ORD024946,CUST04688,P006,Desk,Furniture,Bengaluru,Online,Net Banking,2,10930.06,0.15,21860.12,18581.1,0,1339.74,2024,11,November,Friday,21860.12,18581.102
2024-11-22,ORD049614,CUST04242,P002,Smartphone,Electronics,Jaipur,Store,UPI,1,29856.83,0.1,29856.83,26871.15,0,6896.75,2024,11,November,Friday,29856.83,26871.147
2024-11-22,ORD008164,CUST02446,P017,Jeans,Fashion,Chennai,Online,UPI,1,2984.83,0.25,2984.83,2238.62,0,344.62,2024,11,November,Friday,2984.83,2238.6225
2024-11-23,ORD007358,CUST01794,P007,Backpack,Accessories,Bengaluru,Store,Credit Card,1,2070.3,0.0,2070.3,2070.3,0,318.51,2024,11,November,Saturday,2070.3,2070.3
2024-11-23,ORD004845,CUST04697,P006,Desk,Furniture,Kolkata,Online,Credit Card,1,12490.33,0.15,12490.33,10616.78,0,2850.28,2024,11,November,Saturday,12490.33,10616.780499999999
2024-11-23,ORD033794,CUST01422,P012,Air Fryer,Home,Hyderabad,Online,Credit Card,5,7046.45,0.2,35232.25,28185.8,0,4619.68,2024,11,November,Saturday,35232.25,28185.800000000003
2024-11-23,ORD032634,CUST00376,P015,Dining Table,Furniture,Pune,Online,UPI,1,23337.11,0.15,23337.11,19836.54,0,1222.73,2024,11,November,Saturday,23337.11,19836.5435
2024-11-23,ORD044299,CUST03367,P020,Microwave,Home,Delhi,Online,Credit Card,1,10450.87,0.0,10450.87,10450.87,0,2941.81,2024,11,November,Saturday,10450.87,10450.87
2024-11-23,ORD034860,CUST00023,P018,Jacket,Fashion,Delhi,Online,UPI,5,5059.85,0.15,25299.25,21504.36,0,4531.35,2024,11,November,Saturday,25299.25,21504.3625
2024-11-23,ORD025224,CUST03073,P016,Sofa,Furniture,Mumbai,Store,Cash,1,34368.52,0.1,34368.52,30931.67,0,6815.02,2024,11,November,Saturday,34368.52,30931.667999999998
2024-11-23,ORD029324,CUST03400,P001,Laptop,Electronics,Chennai,Online,Credit Card,2,59649.09,0.2,119298.18,95438.54,0,7120.73,2024,11,November,Saturday,119298.18,95438.544
2024-11-23,ORD036106,CUST00962,P018,Jacket,Fashion,Bengaluru,Store,Credit Card,2,4681.48,0.25,9362.96,7022.22,0,1304.81,2024,11,November,Saturday,9362.96,7022.219999999999
2024-11-23,ORD007998,CUST04567,P002,Smartphone,Electronics,Ahmedabad,Online,Credit Card,1,25486.63,0.05,25486.63,24212.3,0,4628.71,2024,11,November,Saturday,25486.63,24212.2985
2024-11-23,ORD027555,CUST01933,P001,Laptop,Electronics,Delhi,Online,Credit Card,1,62055.38,0.15,62055.38,52747.07,0,7348.09,2024,11,November,Saturday,62055.38,52747.073
2024-11-23,ORD047104,CUST04299,P015,Dining Table,Furniture,Chennai,Online,Debit Card,3,19977.57,0.25,59932.71,44949.53,0,3758.55,2024,11,November,Saturday,59932.71,44949.5325
2024-11-23,ORD007380,CUST04441,P015,Dining Table,Furniture,Surat,Store,Credit Card,1,19877.69,0.2,19877.69,15902.15,0,3863.26,2024,11,November,Saturday,19877.69,15902.152
2024-11-23,ORD023871,CUST01272,P003,Headphones,Electronics,Ahmedabad,Store,UPI,1,4687.19,0.1,4687.19,4218.47,0,353.04,2024,11,November,Saturday,4687.19,4218.471
2024-11-23,ORD035321,CUST02777,P015,Dining Table,Furniture,Ahmedabad,Store,UPI,1,22164.82,0.0,22164.82,22164.82,0,5863.01,2024,11,November,Saturday,22164.82,22164.82
2024-11-23,ORD024037,CUST02425,P017,Jeans,Fashion,Kolkata,Online,UPI,2,2810.58,0.2,5621.16,4496.93,0,646.46,2024,11,November,Saturday,5621.16,4496.928
2024-11-23,ORD020061,CUST01306,P008,Running Shoes,Fashion,Hyderabad,Store,Cash,1,4089.1,0.1,4089.1,3680.19,0,637.69,2024,11,November,Saturday,4089.1,3680.19
2024-11-23,ORD043046,CUST00430,P020,Microwave,Home,Mumbai,Online,Credit Card,1,11067.68,0.0,11067.68,11067.68,0,1936.24,2024,11,November,Saturday,11067.68,11067.68
2024-11-23,ORD021627,CUST01652,P003,Headphones,Electronics,Delhi,Online,UPI,1,4572.04,0.2,4572.04,3657.63,0,637.04,2024,11,November,Saturday,4572.04,3657.632
2024-11-23,ORD020176,CUST02854,P007,Backpack,Accessories,Bengaluru,Store,Credit Card,2,2278.05,0.05,4556.1,4328.3,0,747.13,2024,11,November,Saturday,4556.1,4328.295
2024-11-23,ORD023540,CUST02101,P010,Coffee Maker,Home,Mumbai,Online,UPI,2,5706.23,0.0,11412.46,11412.46,0,1443.59,2024,11,November,Saturday,11412.46,11412.46
2024-11-23,ORD031784,CUST00905,P004,Smartwatch,Electronics,Hyderabad,Store,UPI,1,6540.96,0.15,6540.96,5559.82,0,1064.75,2024,11,November,Saturday,6540.96,5559.816
2024-11-23,ORD034158,CUST01462,P015,Dining Table,Furniture,Mumbai,Store,Net Banking,3,21553.18,0.15,64659.54,54960.61,0,3790.46,2024,11,November,Saturday,64659.54,54960.609
2024-11-23,ORD021662,CUST01495,P007,Backpack,Accessories,Mumbai,Online,Debit Card,1,2272.89,0.1,2272.89,2045.6,0,272.2,2024,11,November,Saturday,2272.89,2045.6009999999999
2024-11-23,ORD017724,CUST02361,P007,Backpack,Accessories,Jaipur,Online,UPI,2,2369.39,0.0,4738.78,4738.78,0,807.12,2024,11,November,Saturday,4738.78,4738.78
2024-11-23,ORD028604,CUST03753,P018,Jacket,Fashion,Mumbai,Online,UPI,1,5410.16,0.05,5410.16,5139.65,0,976.25,2024,11,November,Saturday,5410.16,5139.652
2024-11-23,ORD007013,CUST00954,P003,Headphones,Electronics,Ahmedabad,Online,Net Banking,1,4743.34,0.15,4743.34,4031.84,1,-201.59,2024,11,November,Saturday,4743.34,4031.839
2024-11-23,ORD000720,CUST00433,P013,Monitor,Electronics,Kolkata,Store,Debit Card,1,16948.17,0.1,16948.17,15253.35,0,2743.68,2024,11,November,Saturday,16948.17,15253.353
2024-11-23,ORD001305,CUST01239,P007,Backpack,Accessories,Bengaluru,Online,UPI,1,2235.53,0.0,2235.53,2235.53,0,537.3,2024,11,November,Saturday,2235.53,2235.53
2024-11-23,ORD049972,CUST00008,P003,Headphones,Electronics,Mumbai,Online,Credit Card,3,4761.05,0.2,14283.15,11426.52,0,2048.12,2024,11,November,Saturday,14283.150000000001,11426.52
2024-11-23,ORD021557,CUST00379,P003,Headphones,Electronics,Jaipur,Online,Cash,2,4810.18,0.1,9620.36,8658.32,0,1665.98,2024,11,November,Saturday,9620.36,8658.324
2024-11-23,ORD018137,CUST03079,P001,Laptop,Electronics,Hyderabad,Store,Credit Card,1,66853.41,0.0,66853.41,66853.41,0,15428.36,2024,11,November,Saturday,66853.41,66853.41
2024-11-23,ORD023996,CUST02640,P004,Smartwatch,Electronics,Hyderabad,Store,Credit Card,1,7401.29,0.2,7401.29,5921.03,0,643.95,2024,11,November,Saturday,7401.29,5921.032
2024-11-23,ORD040216,CUST00458,P009,T-Shirt,Fashion,Mumbai,Online,Cash,3,1277.0,0.1,3831.0,3447.9,0,688.71,2024,11,November,Saturday,3831.0,3447.9
2024-11-23,ORD010975,CUST00826,P002,Smartphone,Electronics,Ahmedabad,Online,Credit Card,3,27526.9,0.0,82580.7,82580.7,0,10715.75,2024,11,November,Saturday,82580.70000000001,82580.7
2024-11-23,ORD009230,CUST04891,P012,Air Fryer,Home,Pune,Online,UPI,2,7260.58,0.05,14521.16,13795.1,0,2600.53,2024,11,November,Saturday,14521.16,13795.101999999999
2024-11-23,ORD002335,CUST02860,P015,Dining Table,Furniture,Chennai,Online,Credit Card,5,21679.57,0.1,108397.85,97558.06,0,16088.25,2024,11,November,Saturday,108397.85,97558.065
2024-11-23,ORD002325,CUST03663,P003,Headphones,Electronics,Bengaluru,Store,UPI,4,4278.39,0.2,17113.56,13690.85,0,2485.25,2024,11,November,Saturday,17113.56,13690.848000000002
2024-11-23,ORD005518,CUST00909,P012,Air Fryer,Home,Surat,Online,UPI,3,7427.46,0.2,22282.38,17825.9,0,1655.72,2024,11,November,Saturday,22282.38,17825.904000000002
2024-11-23,ORD021747,CUST04646,P001,Laptop,Electronics,Surat,Store,Credit Card,2,59402.51,0.1,118805.02,106924.52,0,6978.74,2024,11,November,Saturday,118805.02,106924.51800000001
2024-11-23,ORD048253,CUST03717,P014,Keyboard,Electronics,Mumbai,Online,Cash,1,2709.43,0.05,2709.43,2573.96,0,347.81,2024,11,November,Saturday,2709.43,2573.9584999999997
2024-11-23,ORD046787,CUST02433,P011,Mixer Grinder,Home,Chennai,Online,Credit Card,2,4640.55,0.25,9281.1,6960.83,0,1618.15,2024,11,November,Saturday,9281.1,6960.825000000001
2024-11-23,ORD023462,CUST01330,P002,Smartphone,Electronics,Ahmedabad,Online,Credit Card,1,27408.71,0.1,27408.71,24667.84,0,3774.89,2024,11,November,Saturday,27408.71,24667.839
2024-11-23,ORD043292,CUST01193,P018,Jacket,Fashion,Chennai,Online,Credit Card,1,5383.69,0.1,5383.69,4845.32,0,387.38,2024,11,November,Saturday,5383.69,4845.321
2024-11-23,ORD009242,CUST03979,P016,Sofa,Furniture,Surat,Online,UPI,4,32754.22,0.1,131016.88,117915.19,0,21126.01,2024,11,November,Saturday,131016.88,117915.19200000001
2024-11-23,ORD033134,CUST03721,P005,Office Chair,Furniture,Ahmedabad,Store,Credit Card,2,9565.98,0.15,19131.96,16262.17,0,2366.15,2024,11,November,Saturday,19131.96,16262.166
2024-11-23,ORD022919,CUST01254,P013,Monitor,Electronics,Surat,Store,Debit Card,2,19355.95,0.1,38711.9,34840.71,0,9011.95,2024,11,November,Saturday,38711.9,34840.71
2024-11-23,ORD006128,CUST04056,P001,Laptop,Electronics,Delhi,Online,Credit Card,2,58826.17,0.05,117652.34,111769.72,0,24027.65,2024,11,November,Saturday,117652.34,111769.723
2024-11-23,ORD036859,CUST00265,P002,Smartphone,Electronics,Kolkata,Online,UPI,3,29919.81,0.1,89759.43,80783.49,0,9787.99,2024,11,November,Saturday,89759.43000000001,80783.487
2024-11-23,ORD031945,CUST04803,P009,T-Shirt,Fashion,Bengaluru,Store,Credit Card,5,1289.25,0.0,6446.25,6446.25,0,1823.31,2024,11,November,Saturday,6446.25,6446.25
2024-11-23,ORD038071,CUST02749,P008,Running Shoes,Fashion,Delhi,Online,UPI,2,4129.17,0.0,8258.34,8258.34,0,1122.25,2024,11,November,Saturday,8258.34,8258.34
2024-11-23,ORD005647,CUST03597,P017,Jeans,Fashion,Surat,Online,Debit Card,2,2676.32,0.15,5352.64,4549.74,0,499.26,2024,11,November,Saturday,5352.64,4549.744000000001
2024-11-23,ORD019443,CUST02038,P014,Keyboard,Electronics,Delhi,Store,Net Banking,1,2411.12,0.25,2411.12,1808.34,1,-90.42,2024,11,November,Saturday,2411.12,1808.34
2024-11-23,ORD032917,CUST04712,P011,Mixer Grinder,Home,Kolkata,Store,Credit Card,1,5209.85,0.1,5209.85,4688.87,0,1188.05,2024,11,November,Saturday,5209.85,4688.865000000001
2024-11-23,ORD031373,CUST01337,P003,Headphones,Electronics,Ahmedabad,Online,UPI,1,4638.89,0.05,4638.89,4406.95,0,867.7,2024,11,November,Saturday,4638.89,4406.9455
2024-11-23,ORD008635,CUST00025,P016,Sofa,Furniture,Chennai,Online,UPI,3,37074.88,0.0,111224.64,111224.64,0,21853.69,2024,11,November,Saturday,111224.63999999998,111224.64
2024-11-23,ORD044370,CUST04752,P009,T-Shirt,Fashion,Mumbai,Store,UPI,1,1268.37,0.15,1268.37,1078.11,0,107.1,2024,11,November,Saturday,1268.37,1078.1145
2024-11-23,ORD038113,CUST01493,P001,Laptop,Electronics,Delhi,Online,Credit Card,2,70805.15,0.05,141610.3,134529.78,0,19567.23,2024,11,November,Saturday,141610.3,134529.78499999997
2024-11-23,ORD002450,CUST00197,P007,Backpack,Accessories,Delhi,Store,UPI,1,2270.76,0.05,2270.76,2157.22,0,355.63,2024,11,November,Saturday,2270.76,2157.222
2024-11-23,ORD016998,CUST00224,P008,Running Shoes,Fashion,Surat,Online,UPI,1,3881.53,0.2,3881.53,3105.22,1,-155.26,2024,11,November,Saturday,3881.53,3105.224
2024-11-23,ORD000088,CUST03311,P007,Backpack,Accessories,Delhi,Online,Credit Card,2,2077.67,0.0,4155.34,4155.34,0,946.65,2024,11,November,Saturday,4155.34,4155.34
2024-11-23,ORD045123,CUST01317,P008,Running Shoes,Fashion,Chennai,Online,Debit Card,2,3876.06,0.05,7752.12,7364.51,1,-368.23,2024,11,November,Saturday,7752.12,7364.513999999999
2024-11-23,ORD008057,CUST02414,P011,Mixer Grinder,Home,Bengaluru,Online,UPI,1,4594.25,0.15,4594.25,3905.11,0,343.93,2024,11,November,Saturday,4594.25,3905.1124999999997
2024-11-23,ORD026776,CUST02490,P017,Jeans,Fashion,Chennai,Store,UPI,3,2929.93,0.0,8789.79,8789.79,0,1969.82,2024,11,November,Saturday,8789.789999999999,8789.79
2024-11-23,ORD013535,CUST02311,P012,Air Fryer,Home,Delhi,Online,UPI,1,7442.01,0.15,7442.01,6325.71,0,752.76,2024,11,November,Saturday,7442.01,6325.7085
2024-11-23,ORD041438,CUST04825,P014,Keyboard,Electronics,Jaipur,Store,UPI,1,2728.25,0.05,2728.25,2591.84,0,399.69,2024,11,November,Saturday,2728.25,2591.8375
2024-11-23,ORD018373,CUST02639,P009,T-Shirt,Fashion,Pune,Online,UPI,3,1158.19,0.0,3474.57,3474.57,0,811.65,2024,11,November,Saturday,3474.57,3474.57
2024-11-23,ORD029382,CUST00024,P005,Office Chair,Furniture,Ahmedabad,Online,Credit Card,1,8791.77,0.2,8791.77,7033.42,0,359.89,2024,11,November,Saturday,8791.77,7033.416000000001
2024-11-23,ORD037281,CUST03529,P005,Office Chair,Furniture,Jaipur,Online,Debit Card,1,10216.33,0.05,10216.33,9705.51,0,2045.05,2024,11,November,Saturday,10216.33,9705.5135
2024-11-23,ORD048396,CUST04388,P018,Jacket,Fashion,Pune,Store,UPI,2,4726.66,0.1,9453.32,8507.99,0,1577.33,2024,11,November,Saturday,9453.32,8507.988
2024-11-23,ORD006888,CUST03383,P013,Monitor,Electronics,Bengaluru,Online,UPI,1,17820.17,0.1,17820.17,16038.15,0,4068.09,2024,11,November,Saturday,17820.17,16038.152999999998
2024-11-23,ORD018919,CUST04866,P013,Monitor,Electronics,Kolkata,Online,UPI,2,19502.71,0.05,39005.42,37055.15,0,7494.33,2024,11,November,Saturday,39005.42,37055.149
2024-11-23,ORD044352,CUST01996,P020,Microwave,Home,Hyderabad,Online,UPI,1,11371.02,0.0,11371.02,11371.02,0,1746.72,2024,11,November,Saturday,11371.02,11371.02
2024-11-23,ORD026770,CUST02177,P020,Microwave,Home,Kolkata,Online,Debit Card,3,10798.46,0.05,32395.38,30775.61,0,4111.5,2024,11,November,Saturday,32395.379999999997,30775.611
2024-11-23,ORD018932,CUST00827,P006,Desk,Furniture,Delhi,Online,Debit Card,1,13192.64,0.2,13192.64,10554.11,0,2601.92,2024,11,November,Saturday,13192.64,10554.112000000001
2024-11-23,ORD025492,CUST01269,P017,Jeans,Fashion,Surat,Online,Credit Card,1,2600.36,0.1,2600.36,2340.32,0,343.49,2024,11,November,Saturday,2600.36,2340.324
2024-11-24,ORD001403,CUST04807,P008,Running Shoes,Fashion,Pune,Online,Debit Card,3,3955.48,0.1,11866.44,10679.8,1,-533.99,2024,11,November,Sunday,11866.44,10679.796
2024-11-24,ORD025819,CUST01799,P019,Vacuum Cleaner,Home,Bengaluru,Store,UPI,3,9603.84,0.05,28811.52,27370.94,1,-1368.55,2024,11,November,Sunday,28811.52,27370.944
2024-11-24,ORD035545,CUST00969,P006,Desk,Furniture,Kolkata,Online,Debit Card,1,12744.17,0.05,12744.17,12106.96,0,3427.12,2024,11,November,Sunday,12744.17,12106.9615
2024-11-24,ORD049618,CUST00612,P009,T-Shirt,Fashion,Pune,Store,Net Banking,4,1172.34,0.1,4689.36,4220.42,0,1080.42,2024,11,November,Sunday,4689.36,4220.424
2024-11-24,ORD012496,CUST03278,P016,Sofa,Furniture,Mumbai,Store,UPI,1,34713.45,0.1,34713.45,31242.1,0,6951.51,2024,11,November,Sunday,34713.45,31242.105
2024-11-24,ORD017161,CUST00686,P013,Monitor,Electronics,Hyderabad,Online,UPI,1,18112.38,0.05,18112.38,17206.76,0,1604.69,2024,11,November,Sunday,18112.38,17206.761
2024-11-24,ORD009683,CUST01140,P002,Smartphone,Electronics,Pune,Online,Credit Card,1,26280.23,0.0,26280.23,26280.23,0,3769.6,2024,11,November,Sunday,26280.23,26280.23
2024-11-24,ORD006131,CUST03867,P009,T-Shirt,Fashion,Pune,Online,Credit Card,1,1248.61,0.1,1248.61,1123.75,0,214.01,2024,11,November,Sunday,1248.61,1123.749
2024-11-24,ORD028209,CUST00773,P014,Keyboard,Electronics,Bengaluru,Online,UPI,1,2666.16,0.1,2666.16,2399.54,0,323.27,2024,11,November,Sunday,2666.16,2399.544
2024-11-24,ORD010933,CUST02354,P005,Office Chair,Furniture,Kolkata,Online,Net Banking,1,10405.58,0.15,10405.58,8844.74,0,2115.57,2024,11,November,Sunday,10405.58,8844.743
2024-11-24,ORD028790,CUST03324,P012,Air Fryer,Home,Pune,Online,Credit Card,1,6589.22,0.0,6589.22,6589.22,1,-329.46,2024,11,November,Sunday,6589.22,6589.22
2024-11-24,ORD009741,CUST00600,P003,Headphones,Electronics,Mumbai,Online,Credit Card,1,4741.02,0.25,4741.02,3555.77,0,186.88,2024,11,November,Sunday,4741.02,3555.7650000000003
2024-11-24,ORD031855,CUST03999,P001,Laptop,Electronics,Kolkata,Online,Credit Card,2,70159.54,0.25,140319.08,105239.31,0,10496.43,2024,11,November,Sunday,140319.08,105239.31
2024-11-24,ORD023029,CUST02907,P001,Laptop,Electronics,Kolkata,Store,Debit Card,1,64531.49,0.1,64531.49,58078.34,0,4795.15,2024,11,November,Sunday,64531.49,58078.341
2024-11-24,ORD033327,CUST02877,P014,Keyboard,Electronics,Hyderabad,Store,UPI,1,2462.4,0.1,2462.4,2216.16,1,-110.81,2024,11,November,Sunday,2462.4,2216.1600000000003
2024-11-24,ORD027678,CUST01165,P015,Dining Table,Furniture,Delhi,Online,UPI,2,21315.48,0.15,42630.96,36236.32,0,5339.69,2024,11,November,Sunday,42630.96,36236.316
2024-11-24,ORD020851,CUST02532,P016,Sofa,Furniture,Surat,Online,Credit Card,1,31784.21,0.0,31784.21,31784.21,0,5141.75,2024,11,November,Sunday,31784.21,31784.21
2024-11-24,ORD016854,CUST03983,P010,Coffee Maker,Home,Ahmedabad,Store,Net Banking,2,6036.4,0.1,12072.8,10865.52,0,2793.18,2024,11,November,Sunday,12072.8,10865.52
2024-11-24,ORD009968,CUST00988,P006,Desk,Furniture,Mumbai,Online,Credit Card,1,12452.99,0.05,12452.99,11830.34,0,2328.49,2024,11,November,Sunday,12452.99,11830.340499999998
2024-11-24,ORD012337,CUST01139,P009,T-Shirt,Fashion,Ahmedabad,Online,UPI,1,1318.14,0.05,1318.14,1252.23,0,239.25,2024,11,November,Sunday,1318.14,1252.233
2024-11-24,ORD001292,CUST00559,P004,Smartwatch,Electronics,Ahmedabad,Online,UPI,2,7605.42,0.1,15210.84,13689.76,0,2906.53,2024,11,November,Sunday,15210.84,13689.756000000001
2024-11-24,ORD035891,CUST02225,P001,Laptop,Electronics,Ahmedabad,Online,Credit Card,1,64798.97,0.1,64798.97,58319.07,0,11385.16,2024,11,November,Sunday,64798.97,58319.073000000004
2024-11-24,ORD015853,CUST03447,P012,Air Fryer,Home,Surat,Store,Net Banking,1,7237.6,0.15,7237.6,6151.96,0,511.55,2024,11,November,Sunday,7237.6,6151.96
2024-11-24,ORD029157,CUST03011,P003,Headphones,Electronics,Bengaluru,Store,UPI,4,4912.22,0.1,19648.88,17683.99,0,1917.48,2024,11,November,Sunday,19648.88,17683.992000000002
2024-11-24,ORD035943,CUST01675,P018,Jacket,Fashion,Bengaluru,Store,UPI,5,4921.65,0.05,24608.25,23377.84,0,2202.06,2024,11,November,Sunday,24608.25,23377.837499999998
2024-11-24,ORD045964,CUST04234,P003,Headphones,Electronics,Pune,Online,Debit Card,2,4240.03,0.1,8480.06,7632.05,0,1484.59,2024,11,November,Sunday,8480.06,7632.054
2024-11-24,ORD040453,CUST03486,P014,Keyboard,Electronics,Bengaluru,Store,UPI,2,2342.35,0.0,4684.7,4684.7,0,419.47,2024,11,November,Sunday,4684.7,4684.7
2024-11-24,ORD019514,CUST04189,P014,Keyboard,Electronics,Ahmedabad,Online,UPI,3,2372.12,0.1,7116.36,6404.72,0,915.7,2024,11,November,Sunday,7116.36,6404.724
2024-11-24,ORD035684,CUST02233,P018,Jacket,Fashion,Hyderabad,Store,Cash,1,5554.65,0.15,5554.65,4721.45,0,1190.21,2024,11,November,Sunday,5554.65,4721.452499999999
2024-11-24,ORD046559,CUST01827,P003,Headphones,Electronics,Mumbai,Online,Credit Card,1,4761.64,0.1,4761.64,4285.48,0,713.31,2024,11,November,Sunday,4761.64,4285.476000000001
2024-11-24,ORD035143,CUST03104,P004,Smartwatch,Electronics,Bengaluru,Store,Credit Card,2,7138.11,0.15,14276.22,12134.79,0,1398.49,2024,11,November,Sunday,14276.22,12134.786999999998
2024-11-24,ORD003541,CUST03255,P008,Running Shoes,Fashion,Surat,Online,UPI,1,4102.26,0.05,4102.26,3897.15,0,353.77,2024,11,November,Sunday,4102.26,3897.147
2024-11-24,ORD015483,CUST01618,P016,Sofa,Furniture,Bengaluru,Store,Debit Card,1,31511.41,0.0,31511.41,31511.41,1,-1575.57,2024,11,November,Sunday,31511.41,31511.41
2024-11-24,ORD025291,CUST02700,P016,Sofa,Furniture,Bengaluru,Store,UPI,1,37490.19,0.2,37490.19,29992.15,0,1388.43,2024,11,November,Sunday,37490.19,29992.152000000002
2024-11-24,ORD001125,CUST00363,P004,Smartwatch,Electronics,Mumbai,Store,Credit Card,1,7245.64,0.15,7245.64,6158.79,0,1233.47,2024,11,November,Sunday,7245.64,6158.794
2024-11-24,ORD014218,CUST00254,P017,Jeans,Fashion,Mumbai,Online,Debit Card,1,2831.57,0.15,2831.57,2406.83,0,288.93,2024,11,November,Sunday,2831.57,2406.8345
2024-11-24,ORD003255,CUST01856,P007,Backpack,Accessories,Ahmedabad,Store,Credit Card,1,2069.06,0.15,2069.06,1758.7,0,391.11,2024,11,November,Sunday,2069.06,1758.7009999999998
2024-11-24,ORD000171,CUST01180,P018,Jacket,Fashion,Mumbai,Online,Debit Card,1,5703.03,0.1,5703.03,5132.73,0,468.59,2024,11,November,Sunday,5703.03,5132.727
2024-11-24,ORD000111,CUST04676,P017,Jeans,Fashion,Delhi,Online,Cash,1,2645.69,0.15,2645.69,2248.84,0,378.11,2024,11,November,Sunday,2645.69,2248.8365
2024-11-24,ORD002079,CUST00035,P009,T-Shirt,Fashion,Kolkata,Online,Cash,2,1184.82,0.0,2369.64,2369.64,0,602.08,2024,11,November,Sunday,2369.64,2369.64
2024-11-24,ORD002136,CUST02257,P011,Mixer Grinder,Home,Mumbai,Store,UPI,1,5224.51,0.15,5224.51,4440.83,0,430.11,2024,11,November,Sunday,5224.51,4440.8335
2024-11-24,ORD035061,CUST01187,P002,Smartphone,Electronics,Hyderabad,Store,Cash,1,27130.6,0.1,27130.6,24417.54,0,1900.83,2024,11,November,Sunday,27130.6,24417.54
2024-11-24,ORD035131,CUST01280,P011,Mixer Grinder,Home,Bengaluru,Online,UPI,5,4351.04,0.0,21755.2,21755.2,0,6435.85,2024,11,November,Sunday,21755.2,21755.2
2024-11-24,ORD010359,CUST03245,P017,Jeans,Fashion,Surat,Online,Debit Card,3,2813.94,0.15,8441.82,7175.55,1,-358.78,2024,11,November,Sunday,8441.82,7175.547
2024-11-24,ORD010137,CUST03657,P002,Smartphone,Electronics,Jaipur,Online,Debit Card,1,29114.18,0.15,29114.18,24747.05,0,1609.58,2024,11,November,Sunday,29114.18,24747.053
2024-11-24,ORD036701,CUST04758,P002,Smartphone,Electronics,Bengaluru,Store,UPI,2,27208.51,0.1,54417.02,48975.32,1,-2448.77,2024,11,November,Sunday,54417.02,48975.318
2024-11-24,ORD025372,CUST02257,P014,Keyboard,Electronics,Surat,Online,UPI,2,2278.09,0.25,4556.18,3417.14,0,717.25,2024,11,November,Sunday,4556.18,3417.135
2024-11-24,ORD015568,CUST03318,P013,Monitor,Electronics,Jaipur,Online,Net Banking,1,17934.84,0.1,17934.84,16141.36,1,-807.07,2024,11,November,Sunday,17934.84,16141.356
2024-11-24,ORD047604,CUST01897,P013,Monitor,Electronics,Hyderabad,Store,Debit Card,2,17777.01,0.1,35554.02,31998.62,0,2727.23,2024,11,November,Sunday,35554.02,31998.618
2024-11-24,ORD021356,CUST03737,P005,Office Chair,Furniture,Surat,Online,Debit Card,4,9282.37,0.2,37129.48,29703.58,0,4014.55,2024,11,November,Sunday,37129.48,29703.584000000003
2024-11-24,ORD019183,CUST00251,P007,Backpack,Accessories,Kolkata,Store,UPI,1,1989.26,0.2,1989.26,1591.41,0,94.82,2024,11,November,Sunday,1989.26,1591.4080000000001
2024-11-24,ORD048975,CUST00828,P019,Vacuum Cleaner,Home,Mumbai,Online,Net Banking,3,8780.97,0.1,26342.91,23708.62,0,2184.46,2024,11,November,Sunday,26342.909999999996,23708.619
2024-11-24,ORD038131,CUST03550,P013,Monitor,Electronics,Kolkata,Online,Cash,2,19202.69,0.15,38405.38,32644.57,0,7625.13,2024,11,November,Sunday,38405.38,32644.572999999997
2024-11-24,ORD044861,CUST04816,P019,Vacuum Cleaner,Home,Hyderabad,Store,Credit Card,1,8923.02,0.1,8923.02,8030.72,0,1435.22,2024,11,November,Sunday,8923.02,8030.718000000001
2024-11-24,ORD038676,CUST03002,P020,Microwave,Home,Chennai,Online,UPI,1,11748.76,0.15,11748.76,9986.45,0,1619.99,2024,11,November,Sunday,11748.76,9986.446
2024-11-24,ORD036813,CUST01923,P011,Mixer Grinder,Home,Mumbai,Store,Credit Card,1,4576.74,0.0,4576.74,4576.74,0,786.64,2024,11,November,Sunday,4576.74,4576.74
2024-11-24,ORD030944,CUST01942,P010,Coffee Maker,Home,Kolkata,Online,UPI,1,5287.48,0.05,5287.48,5023.11,0,1388.08,2024,11,November,Sunday,5287.48,5023.106
2024-11-24,ORD047169,CUST02639,P017,Jeans,Fashion,Hyderabad,Online,UPI,2,2722.09,0.1,5444.18,4899.76,0,1329.61,2024,11,November,Sunday,5444.18,4899.762000000001
2024-11-24,ORD018687,CUST01373,P002,Smartphone,Electronics,Surat,Online,UPI,4,28400.52,0.05,113602.08,107921.98,0,19804.18,2024,11,November,Sunday,113602.08,107921.976
2024-11-24,ORD044300,CUST04531,P019,Vacuum Cleaner,Home,Ahmedabad,Store,UPI,1,9236.03,0.1,9236.03,8312.43,0,1657.79,2024,11,November,Sunday,9236.03,8312.427000000001
2024-11-24,ORD007209,CUST01839,P002,Smartphone,Electronics,Hyderabad,Online,Credit Card,1,25986.28,0.15,25986.28,22088.34,0,2378.94,2024,11,November,Sunday,25986.28,22088.338
2024-11-24,ORD016427,CUST04824,P013,Monitor,Electronics,Kolkata,Store,Cash,1,18278.99,0.25,18278.99,13709.24,0,3047.0,2024,11,November,Sunday,18278.99,13709.2425
2024-11-24,ORD015392,CUST01484,P008,Running Shoes,Fashion,Bengaluru,Online,Debit Card,2,3879.41,0.2,7758.82,6207.06,0,427.54,2024,11,November,Sunday,7758.82,6207.0560000000005
2024-11-24,ORD044983,CUST04412,P012,Air Fryer,Home,Jaipur,Store,UPI,1,6727.16,0.0,6727.16,6727.16,0,1929.47,2024,11,November,Sunday,6727.16,6727.16
2024-11-24,ORD049919,CUST04060,P019,Vacuum Cleaner,Home,Delhi,Store,Credit Card,2,9645.24,0.05,19290.48,18325.96,0,1997.71,2024,11,November,Sunday,19290.48,18325.956
2024-11-24,ORD013142,CUST02951,P019,Vacuum Cleaner,Home,Kolkata,Online,UPI,1,9870.77,0.1,9870.77,8883.69,0,1070.36,2024,11,November,Sunday,9870.77,8883.693000000001
2024-11-24,ORD000715,CUST03259,P017,Jeans,Fashion,Jaipur,Online,Cash,4,2525.21,0.1,10100.84,9090.76,0,637.58,2024,11,November,Sunday,10100.84,9090.756000000001
2024-11-24,ORD044819,CUST00490,P010,Coffee Maker,Home,Ahmedabad,Online,Debit Card,1,5285.57,0.15,5285.57,4492.73,0,532.12,2024,11,November,Sunday,5285.57,4492.7345
2024-11-24,ORD001065,CUST01597,P010,Coffee Maker,Home,Delhi,Store,Credit Card,2,5937.23,0.05,11874.46,11280.74,0,2053.08,2024,11,November,Sunday,11874.46,11280.737
2024-11-24,ORD018895,CUST04222,P004,Smartwatch,Electronics,Chennai,Online,Debit Card,1,6828.08,0.0,6828.08,6828.08,0,1367.6,2024,11,November,Sunday,6828.08,6828.08
2024-11-24,ORD008727,CUST02147,P004,Smartwatch,Electronics,Chennai,Online,Credit Card,1,6520.71,0.25,6520.71,4890.53,1,-244.53,2024,11,November,Sunday,6520.71,4890.5325
2024-11-24,ORD021183,CUST04370,P007,Backpack,Accessories,Mumbai,Online,Credit Card,1,2347.89,0.05,2347.89,2230.5,0,273.42,2024,11,November,Sunday,2347.89,2230.4955
2024-11-25,ORD021488,CUST02699,P015,Dining Table,Furniture,Kolkata,Online,UPI,1,20676.97,0.25,20676.97,15507.73,0,2404.52,2024,11,November,Monday,20676.97,15507.7275
2024-11-25,ORD026059,CUST02964,P011,Mixer Grinder,Home,Ahmedabad,Online,UPI,1,4466.31,0.1,4466.31,4019.68,0,625.54,2024,11,November,Monday,4466.31,4019.6790000000005
2024-11-25,ORD020244,CUST02719,P003,Headphones,Electronics,Pune,Online,Cash,1,4769.0,0.2,4769.0,3815.2,0,669.63,2024,11,November,Monday,4769.0,3815.2000000000003
2024-11-25,ORD030121,CUST04394,P006,Desk,Furniture,Pune,Store,UPI,3,11709.47,0.0,35128.41,35128.41,0,6565.67,2024,11,November,Monday,35128.409999999996,35128.41
2024-11-25,ORD044135,CUST02299,P017,Jeans,Fashion,Chennai,Online,UPI,1,2643.04,0.1,2643.04,2378.74,0,231.79,2024,11,November,Monday,2643.04,2378.736
2024-11-25,ORD034928,CUST02161,P001,Laptop,Electronics,Pune,Online,Credit Card,1,67945.36,0.0,67945.36,67945.36,0,12680.88,2024,11,November,Monday,67945.36,67945.36
2024-11-25,ORD022083,CUST00187,P012,Air Fryer,Home,Mumbai,Online,UPI,1,7419.21,0.1,7419.21,6677.29,0,1301.39,2024,11,November,Monday,7419.21,6677.289
2024-11-25,ORD048813,CUST03909,P009,T-Shirt,Fashion,Bengaluru,Store,Net Banking,1,1297.35,0.1,1297.35,1167.62,0,114.41,2024,11,November,Monday,1297.35,1167.615
2024-11-25,ORD000422,CUST04746,P006,Desk,Furniture,Jaipur,Online,Credit Card,1,12553.18,0.05,12553.18,11925.52,0,1353.32,2024,11,November,Monday,12553.18,11925.520999999999
2024-11-25,ORD000576,CUST00768,P012,Air Fryer,Home,Kolkata,Online,UPI,2,6920.49,0.05,13840.98,13148.93,0,1103.2,2024,11,November,Monday,13840.98,13148.930999999999
2024-11-25,ORD019782,CUST04284,P003,Headphones,Electronics,Mumbai,Store,Net Banking,1,4423.57,0.15,4423.57,3760.03,1,-188.0,2024,11,November,Monday,4423.57,3760.0344999999998
2024-11-25,ORD035406,CUST00363,P001,Laptop,Electronics,Kolkata,Online,UPI,1,70056.67,0.0,70056.67,70056.67,0,9520.43,2024,11,November,Monday,70056.67,70056.67
2024-11-25,ORD042676,CUST03709,P010,Coffee Maker,Home,Pune,Online,UPI,4,5287.94,0.2,21151.76,16921.41,0,4274.76,2024,11,November,Monday,21151.76,16921.408
2024-11-25,ORD036710,CUST04305,P006,Desk,Furniture,Chennai,Online,Credit Card,1,11232.56,0.0,11232.56,11232.56,0,2236.02,2024,11,November,Monday,11232.56,11232.56
2024-11-25,ORD040558,CUST00401,P004,Smartwatch,Electronics,Jaipur,Online,UPI,3,6476.8,0.05,19430.4,18458.88,0,1301.47,2024,11,November,Monday,19430.4,18458.88
2024-11-25,ORD003733,CUST03840,P019,Vacuum Cleaner,Home,Pune,Online,UPI,1,9231.18,0.15,9231.18,7846.5,0,1806.39,2024,11,November,Monday,9231.18,7846.503
2024-11-25,ORD009142,CUST01685,P013,Monitor,Electronics,Bengaluru,Store,UPI,1,19633.33,0.15,19633.33,16688.33,0,1844.06,2024,11,November,Monday,19633.33,16688.3305
2024-11-25,ORD049830,CUST02942,P004,Smartwatch,Electronics,Surat,Online,Credit Card,1,6547.8,0.2,6547.8,5238.24,0,1070.88,2024,11,November,Monday,6547.8,5238.240000000001
2024-11-25,ORD013927,CUST01826,P011,Mixer Grinder,Home,Surat,Online,UPI,5,5265.17,0.0,26325.85,26325.85,0,5791.08,2024,11,November,Monday,26325.85,26325.85
2024-11-25,ORD005609,CUST03505,P008,Running Shoes,Fashion,Kolkata,Online,UPI,1,3867.47,0.05,3867.47,3674.1,0,268.4,2024,11,November,Monday,3867.47,3674.0964999999997
2024-11-25,ORD026833,CUST02690,P008,Running Shoes,Fashion,Delhi,Online,UPI,1,4072.34,0.25,4072.34,3054.26,0,473.4,2024,11,November,Monday,4072.34,3054.255
2024-11-25,ORD042435,CUST03302,P012,Air Fryer,Home,Pune,Online,UPI,2,6541.15,0.15,13082.3,11119.96,0,2114.19,2024,11,November,Monday,13082.3,11119.955
2024-11-25,ORD021947,CUST01415,P018,Jacket,Fashion,Kolkata,Online,UPI,1,5463.8,0.0,5463.8,5463.8,0,751.77,2024,11,November,Monday,5463.8,5463.8
2024-11-25,ORD025183,CUST04316,P011,Mixer Grinder,Home,Surat,Store,Debit Card,1,4440.44,0.15,4440.44,3774.37,0,963.33,2024,11,November,Monday,4440.44,3774.3739999999993
2024-11-25,ORD037255,CUST04233,P018,Jacket,Fashion,Delhi,Online,Debit Card,1,4714.52,0.05,4714.52,4478.79,0,996.4,2024,11,November,Monday,4714.52,4478.794
2024-11-25,ORD025134,CUST02456,P010,Coffee Maker,Home,Mumbai,Online,UPI,1,5282.61,0.1,5282.61,4754.35,0,733.83,2024,11,November,Monday,5282.61,4754.349
2024-11-25,ORD026857,CUST03937,P003,Headphones,Electronics,Delhi,Online,Debit Card,2,4637.76,0.2,9275.52,7420.42,0,445.3,2024,11,November,Monday,9275.52,7420.416000000001
2024-11-25,ORD043074,CUST01122,P006,Desk,Furniture,Chennai,Online,Credit Card,1,11461.68,0.0,11461.68,11461.68,0,1606.82,2024,11,November,Monday,11461.68,11461.68
2024-11-25,ORD039661,CUST04074,P019,Vacuum Cleaner,Home,Surat,Online,Net Banking,3,9346.29,0.15,28038.87,23833.04,0,3288.07,2024,11,November,Monday,28038.870000000003,23833.0395
2024-11-25,ORD010861,CUST00198,P010,Coffee Maker,Home,Ahmedabad,Online,UPI,1,5397.26,0.1,5397.26,4857.53,0,484.19,2024,11,November,Monday,5397.26,4857.534000000001
2024-11-25,ORD031751,CUST02391,P010,Coffee Maker,Home,Pune,Online,UPI,1,6021.38,0.0,6021.38,6021.38,0,1130.05,2024,11,November,Monday,6021.38,6021.38
2024-11-25,ORD039077,CUST02577,P009,T-Shirt,Fashion,Bengaluru,Store,UPI,3,1269.08,0.15,3807.24,3236.15,0,703.46,2024,11,November,Monday,3807.24,3236.1539999999995
2024-11-25,ORD021047,CUST02224,P018,Jacket,Fashion,Mumbai,Store,Credit Card,4,5369.26,0.25,21477.04,16107.78,0,2453.91,2024,11,November,Monday,21477.04,16107.78
2024-11-25,ORD045452,CUST04040,P010,Coffee Maker,Home,Pune,Online,Debit Card,1,5879.61,0.1,5879.61,5291.65,0,909.87,2024,11,November,Monday,5879.61,5291.648999999999
2024-11-25,ORD001193,CUST01608,P020,Microwave,Home,Surat,Store,Debit Card,2,11455.61,0.2,22911.22,18328.98,0,1686.71,2024,11,November,Monday,22911.22,18328.976000000002
2024-11-25,ORD042218,CUST00894,P008,Running Shoes,Fashion,Kolkata,Online,Debit Card,4,4363.81,0.05,17455.24,16582.48,0,4026.42,2024,11,November,Monday,17455.24,16582.478
2024-11-25,ORD027575,CUST03797,P013,Monitor,Electronics,Pune,Store,Cash,1,18153.25,0.0,18153.25,18153.25,0,4871.11,2024,11,November,Monday,18153.25,18153.25
2024-11-25,ORD027860,CUST02937,P001,Laptop,Electronics,Kolkata,Store,UPI,1,67206.61,0.1,67206.61,60485.95,0,16731.86,2024,11,November,Monday,67206.61,60485.949
2024-11-25,ORD039371,CUST04995,P001,Laptop,Electronics,Kolkata,Online,UPI,2,69812.19,0.05,139624.38,132643.16,0,23942.9,2024,11,November,Monday,139624.38,132643.161
2024-11-25,ORD043258,CUST01758,P006,Desk,Furniture,Bengaluru,Online,Credit Card,1,13164.47,0.1,13164.47,11848.02,0,1941.09,2024,11,November,Monday,13164.47,11848.023
2024-11-25,ORD014599,CUST04045,P013,Monitor,Electronics,Kolkata,Store,Cash,2,16578.74,0.1,33157.48,29841.73,0,2703.62,2024,11,November,Monday,33157.48,29841.732000000004
2024-11-25,ORD046840,CUST03576,P001,Laptop,Electronics,Bengaluru,Store,Cash,1,65375.69,0.0,65375.69,65375.69,0,11883.34,2024,11,November,Monday,65375.69,65375.69
2024-11-25,ORD001560,CUST02036,P004,Smartwatch,Electronics,Ahmedabad,Online,Debit Card,1,6661.26,0.1,6661.26,5995.13,0,1323.53,2024,11,November,Monday,6661.26,5995.134
2024-11-25,ORD011705,CUST03227,P014,Keyboard,Electronics,Ahmedabad,Online,UPI,1,2343.09,0.1,2343.09,2108.78,0,238.02,2024,11,November,Monday,2343.09,2108.7810000000004
2024-11-25,ORD011319,CUST02982,P019,Vacuum Cleaner,Home,Hyderabad,Online,Credit Card,1,9525.32,0.1,9525.32,8572.79,0,1338.59,2024,11,November,Monday,9525.32,8572.788
2024-11-25,ORD004703,CUST01824,P016,Sofa,Furniture,Jaipur,Store,Credit Card,1,36860.33,0.2,36860.33,29488.26,0,7365.92,2024,11,November,Monday,36860.33,29488.264000000003
2024-11-25,ORD006325,CUST03653,P002,Smartphone,Electronics,Bengaluru,Store,UPI,1,30050.58,0.1,30050.58,27045.52,0,6122.49,2024,11,November,Monday,30050.58,27045.522
2024-11-25,ORD024518,CUST02268,P001,Laptop,Electronics,Hyderabad,Online,Debit Card,1,61809.59,0.05,61809.59,58719.11,0,13056.3,2024,11,November,Monday,61809.59,58719.110499999995
2024-11-25,ORD019368,CUST01629,P018,Jacket,Fashion,Ahmedabad,Store,Credit Card,2,4731.44,0.25,9462.88,7097.16,0,283.89,2024,11,November,Monday,9462.88,7097.16
2024-11-25,ORD045021,CUST03407,P017,Jeans,Fashion,Bengaluru,Online,UPI,2,2630.88,0.05,5261.76,4998.67,0,946.79,2024,11,November,Monday,5261.76,4998.672
2024-11-25,ORD009014,CUST03977,P001,Laptop,Electronics,Surat,Online,Net Banking,3,69569.62,0.15,208708.86,177402.53,0,47508.11,2024,11,November,Monday,208708.86,177402.531
2024-11-25,ORD027723,CUST00012,P008,Running Shoes,Fashion,Pune,Online,Credit Card,1,4270.07,0.15,4270.07,3629.56,0,447.99,2024,11,November,Monday,4270.07,3629.5595
2024-11-25,ORD020608,CUST00523,P009,T-Shirt,Fashion,Delhi,Online,Credit Card,1,1096.35,0.15,1096.35,931.9,0,136.83,2024,11,November,Monday,1096.35,931.8974999999999
2024-11-25,ORD002532,CUST02110,P015,Dining Table,Furniture,Hyderabad,Online,Credit Card,1,20255.63,0.05,20255.63,19242.85,0,2603.77,2024,11,November,Monday,20255.63,19242.8485
2024-11-25,ORD036590,CUST00658,P007,Backpack,Accessories,Delhi,Online,Cash,2,2369.23,0.2,4738.46,3790.77,0,746.88,2024,11,November,Monday,4738.46,3790.768
2024-11-25,ORD020437,CUST02639,P009,T-Shirt,Fashion,Chennai,Online,Debit Card,1,1116.11,0.05,1116.11,1060.3,0,207.61,2024,11,November,Monday,1116.11,1060.3045
2024-11-25,ORD004781,CUST00745,P005,Office Chair,Furniture,Bengaluru,Online,Net Banking,1,8986.32,0.1,8986.32,8087.69,0,892.19,2024,11,November,Monday,8986.32,8087.688
2024-11-25,ORD035515,CUST00259,P006,Desk,Furniture,Pune,Online,UPI,3,11503.53,0.2,34510.59,27608.47,0,1376.91,2024,11,November,Monday,34510.590000000004,27608.471999999998
2024-11-25,ORD005203,CUST02519,P016,Sofa,Furniture,Hyderabad,Online,UPI,2,35824.35,0.1,71648.7,64483.83,0,9064.41,2024,11,November,Monday,71648.7,64483.83
2024-11-25,ORD003861,CUST03575,P010,Coffee Maker,Home,Jaipur,Online,Net Banking,1,5196.3,0.15,5196.3,4416.86,0,801.15,2024,11,November,Monday,5196.3,4416.8550000000005
2024-11-25,ORD014638,CUST00695,P012,Air Fryer,Home,Ahmedabad,Store,Credit Card,3,7698.02,0.05,23094.06,21939.36,0,2052.08,2024,11,November,Monday,23094.06,21939.357
2024-11-25,ORD005316,CUST04372,P015,Dining Table,Furniture,Hyderabad,Store,UPI,3,20870.59,0.25,62611.77,46958.83,0,2248.22,2024,11,November,Monday,62611.770000000004,46958.8275
2024-11-25,ORD034666,CUST02998,P006,Desk,Furniture,Ahmedabad,Store,Credit Card,1,13142.75,0.1,13142.75,11828.48,0,3158.44,2024,11,November,Monday,13142.75,11828.475
2024-11-25,ORD001082,CUST00470,P011,Mixer Grinder,Home,Chennai,Online,Credit Card,3,4463.53,0.0,13390.59,13390.59,0,3008.18,2024,11,November,Monday,13390.59,13390.59
2024-11-25,ORD031310,CUST04777,P007,Backpack,Accessories,Chennai,Online,Credit Card,1,2002.33,0.1,2002.33,1802.1,0,372.67,2024,11,November,Monday,2002.33,1802.097
2024-11-25,ORD039671,CUST00118,P018,Jacket,Fashion,Mumbai,Store,Credit Card,1,5617.2,0.05,5617.2,5336.34,0,1071.07,2024,11,November,Monday,5617.2,5336.339999999999
2024-11-25,ORD030377,CUST04439,P015,Dining Table,Furniture,Pune,Online,Credit Card,2,20264.99,0.1,40529.98,36476.98,0,2276.44,2024,11,November,Monday,40529.98,36476.982
2024-11-25,ORD038479,CUST04458,P005,Office Chair,Furniture,Ahmedabad,Store,UPI,4,8567.96,0.1,34271.84,30844.66,0,2355.89,2024,11,November,Monday,34271.84,30844.656
2024-11-25,ORD038487,CUST04233,P009,T-Shirt,Fashion,Ahmedabad,Online,Debit Card,3,1094.33,0.05,3282.99,3118.84,0,356.7,2024,11,November,Monday,3282.99,3118.8405
2024-11-25,ORD023880,CUST00056,P018,Jacket,Fashion,Delhi,Online,UPI,1,5589.88,0.1,5589.88,5030.89,0,670.81,2024,11,November,Monday,5589.88,5030.892
2024-11-25,ORD033350,CUST04754,P013,Monitor,Electronics,Mumbai,Store,UPI,1,17082.59,0.0,17082.59,17082.59,0,2529.47,2024,11,November,Monday,17082.59,17082.59
2024-11-25,ORD007159,CUST04520,P005,Office Chair,Furniture,Chennai,Online,Net Banking,5,8636.42,0.0,43182.1,43182.1,0,11617.11,2024,11,November,Monday,43182.1,43182.1
2024-11-25,ORD030515,CUST03680,P009,T-Shirt,Fashion,Surat,Online,Debit Card,1,1151.27,0.05,1151.27,1093.71,0,225.06,2024,11,November,Monday,1151.27,1093.7065
2024-11-25,ORD017197,CUST01649,P005,Office Chair,Furniture,Pune,Store,Debit Card,1,10120.71,0.1,10120.71,9108.64,0,2525.45,2024,11,November,Monday,10120.71,9108.639
2024-11-25,ORD049439,CUST04903,P012,Air Fryer,Home,Ahmedabad,Store,UPI,5,7265.11,0.0,36325.55,36325.55,0,9559.02,2024,11,November,Monday,36325.549999999996,36325.55
2024-11-25,ORD041162,CUST02402,P003,Headphones,Electronics,Hyderabad,Store,Debit Card,2,4747.55,0.1,9495.1,8545.59,0,1286.93,2024,11,November,Monday,9495.1,8545.59
2024-11-25,ORD007354,CUST03705,P013,Monitor,Electronics,Kolkata,Online,Net Banking,1,17673.56,0.1,17673.56,15906.2,0,1413.93,2024,11,November,Monday,17673.56,15906.204000000002
2024-11-25,ORD019307,CUST02681,P009,T-Shirt,Fashion,Chennai,Online,Credit Card,1,1226.5,0.1,1226.5,1103.85,0,67.73,2024,11,November,Monday,1226.5,1103.8500000000001
2024-11-25,ORD040850,CUST04387,P015,Dining Table,Furniture,Bengaluru,Online,Debit Card,4,20759.07,0.2,83036.28,66429.02,0,17254.82,2024,11,November,Monday,83036.28,66429.024
2024-11-25,ORD028855,CUST00712,P006,Desk,Furniture,Hyderabad,Store,UPI,1,11623.95,0.1,11623.95,10461.56,0,1352.11,2024,11,November,Monday,11623.95,10461.555
2024-11-25,ORD035457,CUST00549,P018,Jacket,Fashion,Kolkata,Online,UPI,1,4910.45,0.15,4910.45,4173.88,0,1076.78,2024,11,November,Monday,4910.45,4173.8825
2024-11-25,ORD019824,CUST03578,P005,Office Chair,Furniture,Jaipur,Online,Net Banking,1,10153.7,0.25,10153.7,7615.28,0,371.22,2024,11,November,Monday,10153.7,7615.275000000001
2024-11-25,ORD047662,CUST03968,P012,Air Fryer,Home,Ahmedabad,Online,UPI,2,6580.32,0.05,13160.64,12502.61,0,2630.15,2024,11,November,Monday,13160.64,12502.607999999998
2024-11-25,ORD004765,CUST04390,P001,Laptop,Electronics,Kolkata,Store,UPI,2,60339.75,0.0,120679.5,120679.5,0,15859.68,2024,11,November,Monday,120679.5,120679.5
2024-11-25,ORD004210,CUST03674,P012,Air Fryer,Home,Surat,Store,Debit Card,1,7217.63,0.1,7217.63,6495.87,0,672.6,2024,11,November,Monday,7217.63,6495.867
2024-11-26,ORD033471,CUST04581,P013,Monitor,Electronics,Hyderabad,Online,Credit Card,1,19311.09,0.05,19311.09,18345.54,0,3635.04,2024,11,November,Tuesday,19311.09,18345.535499999998
2024-11-26,ORD006254,CUST00500,P004,Smartwatch,Electronics,Jaipur,Store,Cash,1,6374.41,0.05,6374.41,6055.69,0,676.85,2024,11,November,Tuesday,6374.41,6055.6894999999995
2024-11-26,ORD022386,CUST01842,P012,Air Fryer,Home,Hyderabad,Online,Debit Card,1,6491.86,0.1,6491.86,5842.67,0,867.87,2024,11,November,Tuesday,6491.86,5842.674
2024-11-26,ORD036517,CUST00356,P005,Office Chair,Furniture,Kolkata,Online,Debit Card,1,10418.19,0.0,10418.19,10418.19,0,3032.78,2024,11,November,Tuesday,10418.19,10418.19
2024-11-26,ORD031615,CUST04127,P009,T-Shirt,Fashion,Mumbai,Store,UPI,1,1156.18,0.25,1156.18,867.14,0,69.34,2024,11,November,Tuesday,1156.18,867.135
2024-11-26,ORD017633,CUST01299,P017,Jeans,Fashion,Hyderabad,Store,UPI,4,2999.83,0.05,11999.32,11399.35,0,2158.28,2024,11,November,Tuesday,11999.32,11399.354
2024-11-26,ORD012785,CUST00545,P016,Sofa,Furniture,Mumbai,Store,Credit Card,2,33301.67,0.1,66603.34,59943.01,0,12699.83,2024,11,November,Tuesday,66603.34,59943.006
2024-11-26,ORD014644,CUST04208,P012,Air Fryer,Home,Ahmedabad,Online,Debit Card,2,6818.04,0.05,13636.08,12954.28,0,2475.99,2024,11,November,Tuesday,13636.08,12954.276
2024-11-26,ORD020908,CUST02024,P005,Office Chair,Furniture,Kolkata,Online,Net Banking,2,9071.1,0.1,18142.2,16327.98,0,1420.49,2024,11,November,Tuesday,18142.2,16327.980000000001
2024-11-26,ORD000849,CUST02213,P015,Dining Table,Furniture,Ahmedabad,Online,Credit Card,1,23041.94,0.0,23041.94,23041.94,0,5166.0,2024,11,November,Tuesday,23041.94,23041.94
2024-11-26,ORD047228,CUST00593,P017,Jeans,Fashion,Hyderabad,Store,UPI,1,2577.3,0.05,2577.3,2448.44,0,682.94,2024,11,November,Tuesday,2577.3,2448.435
2024-11-26,ORD027875,CUST01532,P004,Smartwatch,Electronics,Kolkata,Store,UPI,2,7481.9,0.0,14963.8,14963.8,0,1572.43,2024,11,November,Tuesday,14963.8,14963.8
2024-11-26,ORD022764,CUST04410,P016,Sofa,Furniture,Pune,Online,UPI,1,31666.3,0.2,31666.3,25333.04,0,3475.02,2024,11,November,Tuesday,31666.3,25333.04
2024-11-26,ORD007799,CUST00062,P001,Laptop,Electronics,Jaipur,Online,UPI,1,61740.55,0.1,61740.55,55566.5,0,10196.2,2024,11,November,Tuesday,61740.55,55566.495
2024-11-26,ORD002075,CUST00680,P002,Smartphone,Electronics,Mumbai,Store,Debit Card,1,29473.86,0.05,29473.86,28000.17,0,6314.96,2024,11,November,Tuesday,29473.86,28000.166999999998
2024-11-26,ORD042697,CUST01098,P004,Smartwatch,Electronics,Jaipur,Store,UPI,2,7495.36,0.1,14990.72,13491.65,0,2158.72,2024,11,November,Tuesday,14990.72,13491.648
2024-11-26,ORD031699,CUST03938,P009,T-Shirt,Fashion,Delhi,Online,Debit Card,1,1156.38,0.1,1156.38,1040.74,0,179.89,2024,11,November,Tuesday,1156.38,1040.7420000000002
2024-11-26,ORD035907,CUST04537,P017,Jeans,Fashion,Jaipur,Store,Debit Card,1,2986.81,0.05,2986.81,2837.47,0,682.54,2024,11,November,Tuesday,2986.81,2837.4694999999997
2024-11-26,ORD046959,CUST03239,P013,Monitor,Electronics,Ahmedabad,Online,Credit Card,2,16947.73,0.0,33895.46,33895.46,0,8045.75,2024,11,November,Tuesday,33895.46,33895.46
2024-11-26,ORD043994,CUST00901,P004,Smartwatch,Electronics,Bengaluru,Store,Debit Card,1,6524.19,0.1,6524.19,5871.77,0,1643.54,2024,11,November,Tuesday,6524.19,5871.771
2024-11-26,ORD021976,CUST04947,P018,Jacket,Fashion,Pune,Store,UPI,3,5390.9,0.1,16172.7,14555.43,1,-727.77,2024,11,November,Tuesday,16172.699999999999,14555.43
2024-11-26,ORD014383,CUST01854,P007,Backpack,Accessories,Hyderabad,Online,Debit Card,1,2345.12,0.1,2345.12,2110.61,0,564.15,2024,11,November,Tuesday,2345.12,2110.608
2024-11-26,ORD038475,CUST00951,P014,Keyboard,Electronics,Kolkata,Online,Credit Card,5,2530.15,0.1,12650.75,11385.68,0,2810.94,2024,11,November,Tuesday,12650.75,11385.675000000001
2024-11-26,ORD042260,CUST00862,P019,Vacuum Cleaner,Home,Bengaluru,Online,Cash,1,8619.6,0.0,8619.6,8619.6,0,2287.89,2024,11,November,Tuesday,8619.6,8619.6
2024-11-26,ORD016318,CUST04103,P020,Microwave,Home,Mumbai,Online,Credit Card,1,10448.11,0.05,10448.11,9925.7,0,2689.61,2024,11,November,Tuesday,10448.11,9925.7045
2024-11-26,ORD011219,CUST03050,P003,Headphones,Electronics,Mumbai,Store,UPI,4,4109.42,0.2,16437.68,13150.14,0,3210.8,2024,11,November,Tuesday,16437.68,13150.144
2024-11-26,ORD026936,CUST00429,P005,Office Chair,Furniture,Ahmedabad,Store,UPI,2,9371.24,0.0,18742.48,18742.48,0,4961.07,2024,11,November,Tuesday,18742.48,18742.48
2024-11-26,ORD044252,CUST01778,P008,Running Shoes,Fashion,Surat,Online,Credit Card,2,3883.58,0.15,7767.16,6602.09,0,1269.75,2024,11,November,Tuesday,7767.16,6602.085999999999
2024-11-26,ORD028777,CUST00509,P003,Headphones,Electronics,Hyderabad,Store,UPI,2,4429.61,0.1,8859.22,7973.3,0,1036.33,2024,11,November,Tuesday,8859.22,7973.298
2024-11-26,ORD029245,CUST01065,P014,Keyboard,Electronics,Chennai,Online,UPI,2,2293.5,0.15,4587.0,3898.95,0,594.89,2024,11,November,Tuesday,4587.0,3898.95
2024-11-26,ORD044040,CUST01384,P002,Smartphone,Electronics,Chennai,Online,Credit Card,5,26122.29,0.1,130611.45,117550.3,0,8532.38,2024,11,November,Tuesday,130611.45000000001,117550.305
2024-11-26,ORD037754,CUST04186,P009,T-Shirt,Fashion,Kolkata,Online,Credit Card,2,1210.89,0.25,2421.78,1816.34,0,152.79,2024,11,November,Tuesday,2421.78,1816.335
2024-11-26,ORD000392,CUST00784,P017,Jeans,Fashion,Ahmedabad,Online,Cash,1,3038.82,0.2,3038.82,2431.06,0,124.32,2024,11,November,Tuesday,3038.82,2431.056
2024-11-26,ORD045738,CUST01552,P020,Microwave,Home,Surat,Store,UPI,1,10214.4,0.1,10214.4,9192.96,0,2254.09,2024,11,November,Tuesday,10214.4,9192.96
2024-11-26,ORD035550,CUST04919,P004,Smartwatch,Electronics,Jaipur,Store,Credit Card,3,7626.67,0.05,22880.01,21736.01,0,4745.76,2024,11,November,Tuesday,22880.010000000002,21736.009499999996
2024-11-26,ORD010941,CUST00849,P012,Air Fryer,Home,Mumbai,Online,Credit Card,4,7006.52,0.15,28026.08,23822.17,0,2318.43,2024,11,November,Tuesday,28026.08,23822.168
2024-11-26,ORD010919,CUST04845,P018,Jacket,Fashion,Bengaluru,Online,UPI,3,5454.09,0.15,16362.27,13907.93,0,3696.03,2024,11,November,Tuesday,16362.27,13907.9295
2024-11-26,ORD040103,CUST01234,P017,Jeans,Fashion,Jaipur,Store,Credit Card,1,2659.18,0.15,2659.18,2260.3,0,587.0,2024,11,November,Tuesday,2659.18,2260.303
2024-11-26,ORD038562,CUST04900,P019,Vacuum Cleaner,Home,Kolkata,Online,Debit Card,1,9662.7,0.0,9662.7,9662.7,0,1043.43,2024,11,November,Tuesday,9662.7,9662.7
2024-11-26,ORD028917,CUST01524,P009,T-Shirt,Fashion,Mumbai,Online,UPI,1,1300.26,0.1,1300.26,1170.23,0,98.01,2024,11,November,Tuesday,1300.26,1170.234
2024-11-26,ORD004870,CUST04197,P011,Mixer Grinder,Home,Chennai,Store,UPI,5,5278.62,0.2,26393.1,21114.48,0,3662.26,2024,11,November,Tuesday,26393.1,21114.48
2024-11-26,ORD007984,CUST01433,P008,Running Shoes,Fashion,Bengaluru,Online,Credit Card,1,4251.61,0.1,4251.61,3826.45,1,-191.32,2024,11,November,Tuesday,4251.61,3826.4489999999996
2024-11-26,ORD047884,CUST04445,P017,Jeans,Fashion,Surat,Online,Credit Card,3,2559.58,0.15,7678.74,6526.93,0,1351.24,2024,11,November,Tuesday,7678.74,6526.929
2024-11-26,ORD021142,CUST01358,P016,Sofa,Furniture,Kolkata,Store,UPI,1,34655.21,0.1,34655.21,31189.69,0,8436.26,2024,11,November,Tuesday,34655.21,31189.689
2024-11-26,ORD006115,CUST03767,P005,Office Chair,Furniture,Delhi,Store,Debit Card,1,9117.54,0.1,9117.54,8205.79,0,2228.58,2024,11,November,Tuesday,9117.54,8205.786000000002
2024-11-26,ORD049269,CUST01539,P018,Jacket,Fashion,Ahmedabad,Online,UPI,3,5291.66,0.1,15874.98,14287.48,0,1262.91,2024,11,November,Tuesday,15874.98,14287.482
2024-11-26,ORD029388,CUST00079,P015,Dining Table,Furniture,Bengaluru,Store,Credit Card,1,19829.96,0.15,19829.96,16855.47,0,1420.09,2024,11,November,Tuesday,19829.96,16855.466
2024-11-26,ORD009463,CUST02914,P007,Backpack,Accessories,Bengaluru,Online,Credit Card,2,2060.48,0.25,4120.96,3090.72,0,220.5,2024,11,November,Tuesday,4120.96,3090.7200000000003
2024-11-26,ORD033164,CUST01540,P010,Coffee Maker,Home,Jaipur,Online,Debit Card,3,5605.93,0.1,16817.79,15136.01,0,2056.99,2024,11,November,Tuesday,16817.79,15136.011
2024-11-26,ORD003648,CUST00461,P002,Smartphone,Electronics,Jaipur,Online,UPI,1,28051.37,0.1,28051.37,25246.23,0,5936.62,2024,11,November,Tuesday,28051.37,25246.233
2024-11-26,ORD031796,CUST03925,P005,Office Chair,Furniture,Ahmedabad,Online,UPI,2,9478.62,0.05,18957.24,18009.38,0,1477.39,2024,11,November,Tuesday,18957.24,18009.378
2024-11-26,ORD013068,CUST01888,P020,Microwave,Home,Mumbai,Store,Credit Card,3,11992.86,0.05,35978.58,34179.65,0,6705.1,2024,11,November,Tuesday,35978.58,34179.651
2024-11-26,ORD028393,CUST01022,P008,Running Shoes,Fashion,Surat,Online,Net Banking,3,4615.42,0.25,13846.26,10384.7,0,1094.84,2024,11,November,Tuesday,13846.26,10384.695
2024-11-26,ORD025926,CUST01350,P011,Mixer Grinder,Home,Ahmedabad,Store,Debit Card,1,4403.43,0.15,4403.43,3742.92,0,696.36,2024,11,November,Tuesday,4403.43,3742.9155
2024-11-26,ORD048859,CUST00076,P012,Air Fryer,Home,Pune,Store,UPI,1,7524.67,0.0,7524.67,7524.67,0,1225.32,2024,11,November,Tuesday,7524.67,7524.67
2024-11-26,ORD047872,CUST04777,P017,Jeans,Fashion,Delhi,Online,UPI,2,2756.31,0.2,5512.62,4410.1,1,-220.51,2024,11,November,Tuesday,5512.62,4410.0960000000005
2024-11-26,ORD005592,CUST04145,P017,Jeans,Fashion,Surat,Online,Credit Card,1,2591.27,0.05,2591.27,2461.71,0,339.23,2024,11,November,Tuesday,2591.27,2461.7065
2024-11-26,ORD002596,CUST01723,P015,Dining Table,Furniture,Surat,Online,Credit Card,1,20797.34,0.0,20797.34,20797.34,0,3040.67,2024,11,November,Tuesday,20797.34,20797.34
2024-11-26,ORD028335,CUST00133,P015,Dining Table,Furniture,Chennai,Store,Credit Card,3,19803.49,0.0,59410.47,59410.47,0,11124.98,2024,11,November,Tuesday,59410.47,59410.47
2024-11-26,ORD022549,CUST04494,P012,Air Fryer,Home,Delhi,Online,Credit Card,1,6644.2,0.05,6644.2,6311.99,1,-315.6,2024,11,November,Tuesday,6644.2,6311.99
2024-11-26,ORD012104,CUST04837,P017,Jeans,Fashion,Hyderabad,Store,UPI,1,2658.66,0.0,2658.66,2658.66,0,337.75,2024,11,November,Tuesday,2658.66,2658.66
2024-11-26,ORD029352,CUST00835,P019,Vacuum Cleaner,Home,Mumbai,Online,Net Banking,1,8858.99,0.1,8858.99,7973.09,0,1921.99,2024,11,November,Tuesday,8858.99,7973.091
2024-11-26,ORD034866,CUST02810,P006,Desk,Furniture,Mumbai,Online,UPI,4,11060.21,0.05,44240.84,42028.8,0,11728.82,2024,11,November,Tuesday,44240.84,42028.797999999995
2024-11-27,ORD022173,CUST04528,P009,T-Shirt,Fashion,Surat,Online,Credit Card,1,1250.1,0.1,1250.1,1125.09,0,73.77,2024,11,November,Wednesday,1250.1,1125.09
2024-11-27,ORD039735,CUST00092,P006,Desk,Furniture,Surat,Online,Credit Card,2,13118.6,0.2,26237.2,20989.76,0,1234.66,2024,11,November,Wednesday,26237.2,20989.760000000002
2024-11-27,ORD004317,CUST03130,P007,Backpack,Accessories,Surat,Store,Debit Card,3,2301.55,0.25,6904.65,5178.49,0,796.96,2024,11,November,Wednesday,6904.650000000001,5178.487499999999
2024-11-27,ORD014290,CUST02589,P008,Running Shoes,Fashion,Bengaluru,Store,UPI,2,4444.45,0.25,8888.9,6666.67,0,1283.6,2024,11,November,Wednesday,8888.9,6666.674999999999
2024-11-27,ORD039306,CUST04343,P007,Backpack,Accessories,Mumbai,Online,Net Banking,5,2269.67,0.05,11348.35,10780.93,0,898.4,2024,11,November,Wednesday,11348.35,10780.932499999999
2024-11-27,ORD008535,CUST00566,P012,Air Fryer,Home,Kolkata,Online,Net Banking,2,7547.72,0.05,15095.44,14340.67,0,2061.44,2024,11,November,Wednesday,15095.44,14340.668
2024-11-27,ORD026610,CUST02442,P020,Microwave,Home,Mumbai,Store,Cash,1,9959.18,0.0,9959.18,9959.18,0,1974.97,2024,11,November,Wednesday,9959.18,9959.18
2024-11-27,ORD021734,CUST02887,P017,Jeans,Fashion,Mumbai,Online,Debit Card,1,2809.54,0.15,2809.54,2388.11,0,242.22,2024,11,November,Wednesday,2809.54,2388.109
2024-11-27,ORD049854,CUST00900,P014,Keyboard,Electronics,Jaipur,Online,Credit Card,1,2453.67,0.1,2453.67,2208.3,0,155.35,2024,11,November,Wednesday,2453.67,2208.3030000000003
2024-11-27,ORD004376,CUST02353,P013,Monitor,Electronics,Hyderabad,Online,Credit Card,1,17693.36,0.1,17693.36,15924.02,0,2682.38,2024,11,November,Wednesday,17693.36,15924.024000000001
2024-11-27,ORD046489,CUST02322,P019,Vacuum Cleaner,Home,Bengaluru,Store,UPI,1,8241.3,0.0,8241.3,8241.3,0,1806.27,2024,11,November,Wednesday,8241.3,8241.3
2024-11-27,ORD033028,CUST03627,P003,Headphones,Electronics,Chennai,Online,UPI,1,4124.52,0.1,4124.52,3712.07,0,578.96,2024,11,November,Wednesday,4124.52,3712.0680000000007
2024-11-27,ORD048069,CUST03851,P012,Air Fryer,Home,Pune,Store,Credit Card,1,7214.51,0.1,7214.51,6493.06,0,1651.82,2024,11,November,Wednesday,7214.51,6493.059
2024-11-27,ORD000800,CUST01422,P020,Microwave,Home,Jaipur,Online,Debit Card,1,10149.62,0.15,10149.62,8627.18,0,1963.68,2024,11,November,Wednesday,10149.62,8627.177
2024-11-27,ORD012605,CUST03969,P012,Air Fryer,Home,Kolkata,Store,UPI,3,7371.43,0.1,22114.29,19902.86,0,1862.76,2024,11,November,Wednesday,22114.29,19902.861
2024-11-27,ORD002722,CUST04809,P016,Sofa,Furniture,Hyderabad,Online,Net Banking,2,38333.8,0.05,76667.6,72834.22,0,13630.61,2024,11,November,Wednesday,76667.6,72834.22
2024-11-27,ORD033040,CUST03189,P012,Air Fryer,Home,Delhi,Online,Credit Card,1,6861.71,0.15,6861.71,5832.45,0,606.13,2024,11,November,Wednesday,6861.71,5832.4535
2024-11-27,ORD001152,CUST03604,P006,Desk,Furniture,Jaipur,Online,UPI,1,11589.23,0.15,11589.23,9850.85,0,1098.48,2024,11,November,Wednesday,11589.23,9850.8455
2024-11-27,ORD005135,CUST01195,P018,Jacket,Fashion,Ahmedabad,Online,Credit Card,2,5052.76,0.2,10105.52,8084.42,0,1791.68,2024,11,November,Wednesday,10105.52,8084.416000000001
2024-11-27,ORD044753,CUST00262,P016,Sofa,Furniture,Mumbai,Online,Credit Card,1,37239.82,0.15,37239.82,31653.85,0,8188.91,2024,11,November,Wednesday,37239.82,31653.846999999998
2024-11-27,ORD005085,CUST00926,P004,Smartwatch,Electronics,Jaipur,Online,UPI,2,7305.26,0.1,14610.52,13149.47,0,3514.78,2024,11,November,Wednesday,14610.52,13149.468
2024-11-27,ORD034197,CUST04968,P005,Office Chair,Furniture,Jaipur,Online,Credit Card,1,9010.08,0.25,9010.08,6757.56,0,1458.87,2024,11,November,Wednesday,9010.08,6757.5599999999995
2024-11-27,ORD044997,CUST04567,P005,Office Chair,Furniture,Mumbai,Online,UPI,1,8566.39,0.1,8566.39,7709.75,0,1134.25,2024,11,November,Wednesday,8566.39,7709.750999999999
2024-11-27,ORD022877,CUST02998,P001,Laptop,Electronics,Mumbai,Online,UPI,5,59766.94,0.25,298834.7,224126.03,0,54485.92,2024,11,November,Wednesday,298834.7,224126.02500000002
2024-11-27,ORD020086,CUST01072,P006,Desk,Furniture,Kolkata,Online,UPI,1,11689.29,0.1,11689.29,10520.36,0,2291.51,2024,11,November,Wednesday,11689.29,10520.361
2024-11-27,ORD025612,CUST04597,P004,Smartwatch,Electronics,Mumbai,Store,Cash,1,6798.79,0.25,6798.79,5099.09,0,1087.04,2024,11,November,Wednesday,6798.79,5099.0925
2024-11-27,ORD033593,CUST04227,P001,Laptop,Electronics,Pune,Online,UPI,2,63929.66,0.1,127859.32,115073.39,0,26824.48,2024,11,November,Wednesday,127859.32,115073.388
2024-11-27,ORD029821,CUST02362,P005,Office Chair,Furniture,Jaipur,Online,UPI,1,10432.23,0.1,10432.23,9389.01,0,1594.57,2024,11,November,Wednesday,10432.23,9389.007
2024-11-27,ORD020077,CUST03617,P007,Backpack,Accessories,Chennai,Online,UPI,1,2068.0,0.0,2068.0,2068.0,0,179.55,2024,11,November,Wednesday,2068.0,2068.0
2024-11-27,ORD011440,CUST01048,P019,Vacuum Cleaner,Home,Kolkata,Online,Credit Card,4,8620.97,0.0,34483.88,34483.88,0,7817.17,2024,11,November,Wednesday,34483.88,34483.88
2024-11-27,ORD036712,CUST03160,P011,Mixer Grinder,Home,Surat,Online,Debit Card,1,4592.34,0.25,4592.34,3444.26,0,782.21,2024,11,November,Wednesday,4592.34,3444.255
2024-11-27,ORD010925,CUST00647,P018,Jacket,Fashion,Ahmedabad,Online,Net Banking,2,5216.52,0.15,10433.04,8868.08,0,1304.12,2024,11,November,Wednesday,10433.04,8868.084
2024-11-27,ORD044693,CUST02955,P007,Backpack,Accessories,Pune,Online,UPI,1,2022.67,0.05,2022.67,1921.54,0,510.83,2024,11,November,Wednesday,2022.67,1921.5365
2024-11-27,ORD025531,CUST03674,P008,Running Shoes,Fashion,Ahmedabad,Online,UPI,1,4140.61,0.15,4140.61,3519.52,0,729.0,2024,11,November,Wednesday,4140.61,3519.5184999999997
2024-11-27,ORD040191,CUST02369,P012,Air Fryer,Home,Chennai,Store,Debit Card,1,7218.22,0.2,7218.22,5774.58,0,419.37,2024,11,November,Wednesday,7218.22,5774.576000000001
2024-11-27,ORD042877,CUST03330,P008,Running Shoes,Fashion,Delhi,Online,Credit Card,1,4474.42,0.05,4474.42,4250.7,0,670.96,2024,11,November,Wednesday,4474.42,4250.699
2024-11-27,ORD016141,CUST04652,P020,Microwave,Home,Bengaluru,Store,Net Banking,3,11404.21,0.15,34212.63,29080.74,0,6811.17,2024,11,November,Wednesday,34212.63,29080.735499999995
2024-11-27,ORD035236,CUST02260,P013,Monitor,Electronics,Kolkata,Store,UPI,1,18406.2,0.1,18406.2,16565.58,0,2948.31,2024,11,November,Wednesday,18406.2,16565.58
2024-11-27,ORD037526,CUST02437,P014,Keyboard,Electronics,Bengaluru,Online,Debit Card,1,2406.29,0.1,2406.29,2165.66,0,344.47,2024,11,November,Wednesday,2406.29,2165.661
2024-11-27,ORD004594,CUST03985,P014,Keyboard,Electronics,Kolkata,Store,UPI,1,2480.43,0.1,2480.43,2232.39,0,466.12,2024,11,November,Wednesday,2480.43,2232.3869999999997
2024-11-27,ORD036229,CUST01967,P011,Mixer Grinder,Home,Hyderabad,Online,Debit Card,3,5100.32,0.15,15300.96,13005.82,0,2370.45,2024,11,November,Wednesday,15300.96,13005.815999999999
2024-11-27,ORD031047,CUST04964,P009,T-Shirt,Fashion,Delhi,Store,UPI,2,1220.3,0.15,2440.6,2074.51,1,-103.73,2024,11,November,Wednesday,2440.6,2074.5099999999998
2024-11-27,ORD036172,CUST01265,P004,Smartwatch,Electronics,Pune,Online,UPI,1,7614.2,0.1,7614.2,6852.78,0,446.27,2024,11,November,Wednesday,7614.2,6852.78
2024-11-27,ORD029511,CUST02871,P003,Headphones,Electronics,Surat,Online,UPI,1,4106.86,0.15,4106.86,3490.83,0,796.89,2024,11,November,Wednesday,4106.86,3490.8309999999997
2024-11-27,ORD036410,CUST03877,P003,Headphones,Electronics,Mumbai,Online,UPI,1,4484.96,0.15,4484.96,3812.22,0,541.72,2024,11,November,Wednesday,4484.96,3812.216
2024-11-27,ORD049028,CUST04009,P011,Mixer Grinder,Home,Hyderabad,Online,UPI,2,4703.35,0.1,9406.7,8466.03,0,1788.87,2024,11,November,Wednesday,9406.7,8466.03
2024-11-27,ORD033704,CUST00954,P019,Vacuum Cleaner,Home,Bengaluru,Online,Credit Card,1,8486.62,0.2,8486.62,6789.3,0,299.34,2024,11,November,Wednesday,8486.62,6789.296000000001
2024-11-27,ORD030203,CUST02862,P014,Keyboard,Electronics,Pune,Store,UPI,2,2653.37,0.0,5306.74,5306.74,0,1078.4,2024,11,November,Wednesday,5306.74,5306.74
2024-11-27,ORD017571,CUST01485,P002,Smartphone,Electronics,Surat,Online,UPI,4,25900.24,0.1,103600.96,93240.86,0,15446.86,2024,11,November,Wednesday,103600.96,93240.864
2024-11-27,ORD014584,CUST01600,P014,Keyboard,Electronics,Delhi,Store,Net Banking,2,2458.29,0.1,4916.58,4424.92,1,-221.25,2024,11,November,Wednesday,4916.58,4424.9220000000005
2024-11-27,ORD001736,CUST01593,P006,Desk,Furniture,Ahmedabad,Online,Credit Card,3,12494.13,0.0,37482.39,37482.39,0,9472.61,2024,11,November,Wednesday,37482.39,37482.39
2024-11-27,ORD006204,CUST03672,P014,Keyboard,Electronics,Jaipur,Store,Debit Card,1,2714.4,0.0,2714.4,2714.4,0,290.99,2024,11,November,Wednesday,2714.4,2714.4
2024-11-27,ORD044230,CUST03913,P019,Vacuum Cleaner,Home,Mumbai,Online,Credit Card,2,9692.44,0.15,19384.88,16477.15,0,3774.72,2024,11,November,Wednesday,19384.88,16477.148
2024-11-27,ORD030951,CUST04798,P009,T-Shirt,Fashion,Ahmedabad,Store,Credit Card,1,1305.72,0.0,1305.72,1305.72,0,214.13,2024,11,November,Wednesday,1305.72,1305.72
2024-11-27,ORD019118,CUST04690,P002,Smartphone,Electronics,Kolkata,Online,UPI,1,29815.61,0.05,29815.61,28324.83,1,-1416.24,2024,11,November,Wednesday,29815.61,28324.8295
2024-11-27,ORD015955,CUST01824,P008,Running Shoes,Fashion,Delhi,Store,UPI,1,4239.07,0.2,4239.07,3391.26,0,488.1,2024,11,November,Wednesday,4239.07,3391.256
2024-11-27,ORD046141,CUST01126,P019,Vacuum Cleaner,Home,Hyderabad,Store,Cash,4,8110.21,0.15,32440.84,27574.71,0,6938.24,2024,11,November,Wednesday,32440.84,27574.714
2024-11-27,ORD001211,CUST03928,P010,Coffee Maker,Home,Delhi,Store,Credit Card,1,5722.15,0.25,5722.15,4291.61,0,535.6,2024,11,November,Wednesday,5722.15,4291.612499999999
2024-11-27,ORD034993,CUST02038,P003,Headphones,Electronics,Ahmedabad,Online,Cash,1,4361.49,0.1,4361.49,3925.34,0,1006.3,2024,11,November,Wednesday,4361.49,3925.341
2024-11-27,ORD041757,CUST04033,P007,Backpack,Accessories,Bengaluru,Online,Credit Card,1,2061.37,0.15,2061.37,1752.16,0,368.13,2024,11,November,Wednesday,2061.37,1752.1644999999999
2024-11-27,ORD008684,CUST01334,P007,Backpack,Accessories,Jaipur,Online,UPI,1,2059.89,0.05,2059.89,1956.9,0,374.87,2024,11,November,Wednesday,2059.89,1956.8954999999999
2024-11-27,ORD029420,CUST02617,P013,Monitor,Electronics,Hyderabad,Online,UPI,1,18449.32,0.1,18449.32,16604.39,0,4433.91,2024,11,November,Wednesday,18449.32,16604.388
2024-11-27,ORD005818,CUST04044,P002,Smartphone,Electronics,Ahmedabad,Online,UPI,2,29777.91,0.1,59555.82,53600.24,0,4021.38,2024,11,November,Wednesday,59555.82,53600.238
2024-11-27,ORD048209,CUST01912,P002,Smartphone,Electronics,Surat,Online,UPI,1,27318.6,0.15,27318.6,23220.81,0,3824.0,2024,11,November,Wednesday,27318.6,23220.809999999998
2024-11-27,ORD031580,CUST03798,P005,Office Chair,Furniture,Bengaluru,Online,Net Banking,1,9249.46,0.05,9249.46,8786.99,0,2117.76,2024,11,November,Wednesday,9249.46,8786.987
2024-11-27,ORD000230,CUST04680,P014,Keyboard,Electronics,Kolkata,Store,UPI,5,2387.37,0.0,11936.85,11936.85,0,2062.71,2024,11,November,Wednesday,11936.849999999999,11936.85
2024-11-27,ORD025896,CUST02153,P018,Jacket,Fashion,Pune,Online,Credit Card,1,5381.81,0.1,5381.81,4843.63,0,1107.83,2024,11,November,Wednesday,5381.81,4843.629000000001
2024-11-27,ORD044322,CUST04039,P008,Running Shoes,Fashion,Jaipur,Online,UPI,1,4565.9,0.2,4565.9,3652.72,0,354.22,2024,11,November,Wednesday,4565.9,3652.72
2024-11-27,ORD027838,CUST02447,P010,Coffee Maker,Home,Jaipur,Online,Debit Card,1,5033.27,0.05,5033.27,4781.61,0,370.91,2024,11,November,Wednesday,5033.27,4781.6065
2024-11-27,ORD030049,CUST00574,P007,Backpack,Accessories,Jaipur,Online,Net Banking,2,2063.81,0.15,4127.62,3508.48,0,334.31,2024,11,November,Wednesday,4127.62,3508.477
2024-11-27,ORD015512,CUST01813,P019,Vacuum Cleaner,Home,Delhi,Store,Credit Card,1,9791.42,0.0,9791.42,9791.42,0,1223.08,2024,11,November,Wednesday,9791.42,9791.42
2024-11-27,ORD025491,CUST03577,P015,Dining Table,Furniture,Kolkata,Store,Credit Card,1,21832.26,0.0,21832.26,21832.26,0,4332.23,2024,11,November,Wednesday,21832.26,21832.26
2024-11-27,ORD016403,CUST02830,P003,Headphones,Electronics,Delhi,Online,UPI,1,4749.29,0.25,4749.29,3561.97,0,452.95,2024,11,November,Wednesday,4749.29,3561.9674999999997
2024-11-28,ORD016646,CUST00149,P001,Laptop,Electronics,Ahmedabad,Online,Debit Card,3,64943.87,0.0,194831.61,194831.61,0,52340.43,2024,11,November,Thursday,194831.61000000002,194831.61
2024-11-28,ORD001088,CUST01772,P007,Backpack,Accessories,Hyderabad,Online,Debit Card,1,1981.08,0.05,1981.08,1882.03,0,433.3,2024,11,November,Thursday,1981.08,1882.0259999999998
2024-11-28,ORD008542,CUST03103,P006,Desk,Furniture,Jaipur,Online,UPI,3,11600.45,0.15,34801.35,29581.15,0,7318.45,2024,11,November,Thursday,34801.350000000006,29581.1475
2024-11-28,ORD008703,CUST03019,P007,Backpack,Accessories,Hyderabad,Store,Credit Card,1,2167.12,0.05,2167.12,2058.76,0,482.69,2024,11,November,Thursday,2167.12,2058.7639999999997
2024-11-28,ORD032751,CUST00047,P003,Headphones,Electronics,Mumbai,Online,Cash,1,4634.59,0.1,4634.59,4171.13,0,645.01,2024,11,November,Thursday,4634.59,4171.131
2024-11-28,ORD005598,CUST00710,P011,Mixer Grinder,Home,Surat,Online,Credit Card,2,4989.87,0.0,9979.74,9979.74,0,856.02,2024,11,November,Thursday,9979.74,9979.74
2024-11-28,ORD030543,CUST00573,P005,Office Chair,Furniture,Surat,Online,UPI,1,10352.08,0.05,10352.08,9834.48,0,1486.85,2024,11,November,Thursday,10352.08,9834.475999999999
2024-11-28,ORD026044,CUST04776,P002,Smartphone,Electronics,Surat,Store,UPI,1,30108.67,0.2,30108.67,24086.94,0,992.76,2024,11,November,Thursday,30108.67,24086.936
2024-11-28,ORD037924,CUST04008,P015,Dining Table,Furniture,Pune,Online,Credit Card,1,23361.26,0.05,23361.26,22193.2,0,2224.75,2024,11,November,Thursday,23361.26,22193.196999999996
2024-11-28,ORD030037,CUST04959,P002,Smartphone,Electronics,Jaipur,Store,UPI,1,30197.02,0.15,30197.02,25667.47,0,6300.5,2024,11,November,Thursday,30197.02,25667.467
2024-11-28,ORD021399,CUST03186,P001,Laptop,Electronics,Kolkata,Online,Debit Card,1,69916.94,0.05,69916.94,66421.09,0,13608.81,2024,11,November,Thursday,69916.94,66421.093
2024-11-28,ORD000393,CUST04923,P016,Sofa,Furniture,Kolkata,Store,UPI,1,33645.03,0.15,33645.03,28598.28,0,5131.6,2024,11,November,Thursday,33645.03,28598.2755
2024-11-28,ORD048111,CUST00866,P009,T-Shirt,Fashion,Bengaluru,Online,UPI,2,1200.17,0.0,2400.34,2400.34,0,437.75,2024,11,November,Thursday,2400.34,2400.34
2024-11-28,ORD030154,CUST04020,P020,Microwave,Home,Jaipur,Online,Credit Card,5,10077.47,0.0,50387.35,50387.35,0,5330.71,2024,11,November,Thursday,50387.35,50387.35
2024-11-28,ORD015434,CUST04650,P011,Mixer Grinder,Home,Ahmedabad,Store,Debit Card,3,4468.02,0.1,13404.06,12063.65,0,1832.05,2024,11,November,Thursday,13404.060000000001,12063.654
2024-11-28,ORD034455,CUST02905,P008,Running Shoes,Fashion,Hyderabad,Online,Credit Card,1,4287.61,0.25,4287.61,3215.71,0,562.74,2024,11,November,Thursday,4287.61,3215.7074999999995
2024-11-28,ORD001130,CUST01546,P007,Backpack,Accessories,Hyderabad,Store,UPI,1,2128.0,0.1,2128.0,1915.2,0,128.45,2024,11,November,Thursday,2128.0,1915.2
2024-11-28,ORD009182,CUST00521,P011,Mixer Grinder,Home,Chennai,Online,Credit Card,2,5125.72,0.05,10251.44,9738.87,0,1716.73,2024,11,November,Thursday,10251.44,9738.868
2024-11-28,ORD011657,CUST01205,P018,Jacket,Fashion,Ahmedabad,Store,Debit Card,1,5290.66,0.0,5290.66,5290.66,0,621.08,2024,11,November,Thursday,5290.66,5290.66
2024-11-28,ORD032610,CUST04287,P003,Headphones,Electronics,Surat,Store,Cash,1,4728.39,0.05,4728.39,4491.97,0,1152.55,2024,11,November,Thursday,4728.39,4491.9705
2024-11-28,ORD028729,CUST00999,P018,Jacket,Fashion,Kolkata,Online,UPI,2,5013.6,0.0,10027.2,10027.2,0,1738.0,2024,11,November,Thursday,10027.2,10027.2
2024-11-28,ORD029509,CUST04132,P005,Office Chair,Furniture,Delhi,Online,Net Banking,1,8688.39,0.2,8688.39,6950.71,0,523.62,2024,11,November,Thursday,8688.39,6950.7119999999995
2024-11-28,ORD031130,CUST03555,P010,Coffee Maker,Home,Jaipur,Online,Credit Card,1,5929.46,0.15,5929.46,5040.04,0,625.09,2024,11,November,Thursday,5929.46,5040.041
2024-11-28,ORD047040,CUST03015,P010,Coffee Maker,Home,Pune,Store,Cash,2,5122.9,0.15,10245.8,8708.93,0,1666.06,2024,11,November,Thursday,10245.8,8708.929999999998
2024-11-28,ORD026025,CUST01418,P011,Mixer Grinder,Home,Kolkata,Store,Credit Card,5,4887.8,0.15,24439.0,20773.15,0,3453.03,2024,11,November,Thursday,24439.0,20773.149999999998
2024-11-28,ORD024432,CUST01368,P003,Headphones,Electronics,Delhi,Store,Debit Card,1,4191.71,0.05,4191.71,3982.12,0,741.16,2024,11,November,Thursday,4191.71,3982.1245
2024-11-28,ORD029545,CUST01919,P015,Dining Table,Furniture,Kolkata,Online,UPI,1,21784.11,0.0,21784.11,21784.11,0,2050.04,2024,11,November,Thursday,21784.11,21784.11
2024-11-28,ORD023056,CUST02975,P004,Smartwatch,Electronics,Chennai,Online,Debit Card,2,7420.14,0.0,14840.28,14840.28,0,3618.58,2024,11,November,Thursday,14840.28,14840.28
2024-11-28,ORD035334,CUST04385,P010,Coffee Maker,Home,Bengaluru,Store,UPI,3,5579.95,0.1,16739.85,15065.86,0,1056.55,2024,11,November,Thursday,16739.85,15065.865
2024-11-28,ORD011858,CUST00323,P019,Vacuum Cleaner,Home,Jaipur,Online,UPI,2,9162.42,0.1,18324.84,16492.36,0,4176.87,2024,11,November,Thursday,18324.84,16492.356
2024-11-28,ORD033156,CUST00501,P012,Air Fryer,Home,Surat,Store,UPI,3,6587.38,0.05,19762.14,18774.03,0,1443.19,2024,11,November,Thursday,19762.14,18774.033
2024-11-28,ORD038778,CUST03691,P020,Microwave,Home,Delhi,Online,Net Banking,3,10185.65,0.1,30556.95,27501.25,0,6847.72,2024,11,November,Thursday,30556.949999999997,27501.255
2024-11-28,ORD048482,CUST01142,P010,Coffee Maker,Home,Hyderabad,Online,Credit Card,2,5508.06,0.1,11016.12,9914.51,0,1453.28,2024,11,November,Thursday,11016.12,9914.508000000002
2024-11-28,ORD005008,CUST02660,P007,Backpack,Accessories,Ahmedabad,Online,Net Banking,3,2314.66,0.05,6943.98,6596.78,0,1819.93,2024,11,November,Thursday,6943.98,6596.780999999999
2024-11-28,ORD041169,CUST03668,P018,Jacket,Fashion,Jaipur,Online,Debit Card,1,4808.53,0.1,4808.53,4327.68,0,977.04,2024,11,November,Thursday,4808.53,4327.677
2024-11-28,ORD017602,CUST02598,P017,Jeans,Fashion,Jaipur,Online,UPI,1,2984.68,0.1,2984.68,2686.21,0,442.27,2024,11,November,Thursday,2984.68,2686.212
2024-11-28,ORD041828,CUST04227,P002,Smartphone,Electronics,Chennai,Online,UPI,1,29238.15,0.1,29238.15,26314.34,0,3279.32,2024,11,November,Thursday,29238.15,26314.335000000003
2024-11-28,ORD019798,CUST03273,P014,Keyboard,Electronics,Surat,Online,UPI,1,2731.88,0.15,2731.88,2322.1,0,512.79,2024,11,November,Thursday,2731.88,2322.098
2024-11-28,ORD020490,CUST00506,P007,Backpack,Accessories,Bengaluru,Online,UPI,2,2159.57,0.1,4319.14,3887.23,0,392.38,2024,11,November,Thursday,4319.14,3887.2260000000006
2024-11-28,ORD029394,CUST04243,P011,Mixer Grinder,Home,Mumbai,Store,Credit Card,3,5051.75,0.1,15155.25,13639.72,0,1619.24,2024,11,November,Thursday,15155.25,13639.725
2024-11-28,ORD008095,CUST00368,P013,Monitor,Electronics,Bengaluru,Online,UPI,1,17673.15,0.1,17673.15,15905.84,0,4375.1,2024,11,November,Thursday,17673.15,15905.835000000001
2024-11-28,ORD028671,CUST04365,P005,Office Chair,Furniture,Pune,Online,Cash,2,9152.47,0.1,18304.94,16474.45,0,1065.25,2024,11,November,Thursday,18304.94,16474.446
2024-11-28,ORD042841,CUST00983,P005,Office Chair,Furniture,Jaipur,Online,Debit Card,1,9409.01,0.0,9409.01,9409.01,0,1627.64,2024,11,November,Thursday,9409.01,9409.01
2024-11-28,ORD035845,CUST01778,P012,Air Fryer,Home,Surat,Store,Net Banking,1,7293.5,0.15,7293.5,6199.48,0,606.46,2024,11,November,Thursday,7293.5,6199.474999999999
2024-11-28,ORD013346,CUST02038,P019,Vacuum Cleaner,Home,Chennai,Store,UPI,2,8138.25,0.1,16276.5,14648.85,1,-732.44,2024,11,November,Thursday,16276.5,14648.85
2024-11-28,ORD002114,CUST00158,P011,Mixer Grinder,Home,Ahmedabad,Online,UPI,2,4502.49,0.05,9004.98,8554.73,0,728.76,2024,11,November,Thursday,9004.98,8554.731
2024-11-28,ORD013352,CUST00054,P016,Sofa,Furniture,Bengaluru,Online,UPI,1,35298.92,0.1,35298.92,31769.03,0,7959.21,2024,11,November,Thursday,35298.92,31769.028
2024-11-28,ORD025054,CUST02804,P008,Running Shoes,Fashion,Hyderabad,Store,UPI,2,4352.39,0.0,8704.78,8704.78,0,2122.48,2024,11,November,Thursday,8704.78,8704.78
2024-11-28,ORD038747,CUST02656,P015,Dining Table,Furniture,Bengaluru,Online,Cash,2,22549.2,0.0,45098.4,45098.4,0,5276.26,2024,11,November,Thursday,45098.4,45098.4
2024-11-28,ORD016116,CUST02868,P019,Vacuum Cleaner,Home,Ahmedabad,Store,Credit Card,1,8402.96,0.05,8402.96,7982.81,0,590.81,2024,11,November,Thursday,8402.96,7982.811999999999
2024-11-28,ORD040665,CUST04514,P019,Vacuum Cleaner,Home,Pune,Store,Debit Card,1,9574.58,0.0,9574.58,9574.58,0,826.99,2024,11,November,Thursday,9574.58,9574.58
2024-11-28,ORD006299,CUST01364,P013,Monitor,Electronics,Jaipur,Online,Credit Card,3,17249.1,0.15,51747.3,43985.2,0,6000.22,2024,11,November,Thursday,51747.299999999996,43985.205
2024-11-28,ORD032859,CUST02853,P009,T-Shirt,Fashion,Pune,Online,Credit Card,3,1291.09,0.15,3873.27,3292.28,0,805.44,2024,11,November,Thursday,3873.2699999999995,3292.2795
2024-11-28,ORD000955,CUST00507,P012,Air Fryer,Home,Surat,Online,Credit Card,1,7607.02,0.15,7607.02,6465.97,0,1316.32,2024,11,November,Thursday,7607.02,6465.967000000001
2024-11-28,ORD039457,CUST04982,P013,Monitor,Electronics,Pune,Online,Credit Card,1,17295.37,0.1,17295.37,15565.83,0,2900.32,2024,11,November,Thursday,17295.37,15565.832999999999
2024-11-28,ORD008294,CUST02011,P017,Jeans,Fashion,Pune,Store,Debit Card,1,2585.24,0.05,2585.24,2455.98,0,469.17,2024,11,November,Thursday,2585.24,2455.9779999999996
2024-11-28,ORD003101,CUST01635,P018,Jacket,Fashion,Delhi,Store,UPI,3,4883.51,0.1,14650.53,13185.48,0,3529.28,2024,11,November,Thursday,14650.53,13185.477
2024-11-28,ORD033454,CUST03331,P018,Jacket,Fashion,Mumbai,Store,UPI,1,4741.23,0.05,4741.23,4504.17,0,991.65,2024,11,November,Thursday,4741.23,4504.1685
2024-11-28,ORD049103,CUST02539,P012,Air Fryer,Home,Kolkata,Online,Debit Card,1,7171.11,0.05,7171.11,6812.55,0,1655.71,2024,11,November,Thursday,7171.11,6812.554499999999
2024-11-28,ORD026645,CUST02348,P007,Backpack,Accessories,Kolkata,Online,Debit Card,1,2226.99,0.25,2226.99,1670.24,0,66.81,2024,11,November,Thursday,2226.99,1670.2424999999998
2024-11-28,ORD029631,CUST01226,P001,Laptop,Electronics,Mumbai,Store,UPI,1,66142.9,0.0,66142.9,66142.9,0,11132.58,2024,11,November,Thursday,66142.9,66142.9
2024-11-28,ORD049445,CUST03738,P019,Vacuum Cleaner,Home,Ahmedabad,Online,Cash,3,9041.21,0.0,27123.63,27123.63,0,4393.08,2024,11,November,Thursday,27123.629999999997,27123.63
2024-11-28,ORD026805,CUST04705,P002,Smartphone,Electronics,Mumbai,Store,UPI,1,27721.28,0.2,27721.28,22177.02,0,1756.87,2024,11,November,Thursday,27721.28,22177.024
2024-11-28,ORD009527,CUST04007,P017,Jeans,Fashion,Bengaluru,Online,Credit Card,2,2808.98,0.2,5617.96,4494.37,0,985.72,2024,11,November,Thursday,5617.96,4494.368
2024-11-28,ORD048693,CUST01676,P012,Air Fryer,Home,Pune,Store,Credit Card,2,7243.58,0.0,14487.16,14487.16,0,1762.95,2024,11,November,Thursday,14487.16,14487.16
2024-11-28,ORD011948,CUST01848,P006,Desk,Furniture,Hyderabad,Online,Credit Card,1,11404.6,0.2,11404.6,9123.68,0,1190.12,2024,11,November,Thursday,11404.6,9123.68
2024-11-29,ORD036207,CUST02685,P010,Coffee Maker,Home,Ahmedabad,Online,Credit Card,1,5564.57,0.05,5564.57,5286.34,0,946.28,2024,11,November,Friday,5564.57,5286.3414999999995
2024-11-29,ORD034518,CUST04927,P006,Desk,Furniture,Chennai,Online,Credit Card,2,11231.14,0.2,22462.28,17969.82,0,3502.17,2024,11,November,Friday,22462.28,17969.824
2024-11-29,ORD036238,CUST00970,P009,T-Shirt,Fashion,Kolkata,Online,UPI,1,1161.67,0.0,1161.67,1161.67,0,99.56,2024,11,November,Friday,1161.67,1161.67
2024-11-29,ORD017918,CUST02000,P016,Sofa,Furniture,Ahmedabad,Online,Net Banking,4,32054.25,0.15,128217.0,108984.45,0,18422.58,2024,11,November,Friday,128217.0,108984.45
2024-11-29,ORD029341,CUST00334,P001,Laptop,Electronics,Mumbai,Online,UPI,1,64962.97,0.2,64962.97,51970.38,1,-2598.52,2024,11,November,Friday,64962.97,51970.376000000004
2024-11-29,ORD004759,CUST00308,P017,Jeans,Fashion,Kolkata,Store,Credit Card,2,2626.1,0.15,5252.2,4464.37,1,-223.22,2024,11,November,Friday,5252.2,4464.37
2024-11-29,ORD036923,CUST02741,P008,Running Shoes,Fashion,Kolkata,Store,UPI,2,3899.86,0.1,7799.72,7019.75,0,1216.2,2024,11,November,Friday,7799.72,7019.7480000000005
2024-11-29,ORD001083,CUST01673,P017,Jeans,Fashion,Delhi,Store,UPI,2,2770.95,0.15,5541.9,4710.62,0,998.96,2024,11,November,Friday,5541.9,4710.615
2024-11-29,ORD001359,CUST04061,P003,Headphones,Electronics,Delhi,Online,Credit Card,3,4082.97,0.0,12248.91,12248.91,0,2028.13,2024,11,November,Friday,12248.91,12248.91
2024-11-29,ORD014666,CUST00819,P010,Coffee Maker,Home,Ahmedabad,Store,UPI,1,5831.22,0.05,5831.22,5539.66,0,934.15,2024,11,November,Friday,5831.22,5539.659
2024-11-29,ORD047318,CUST00690,P004,Smartwatch,Electronics,Hyderabad,Store,UPI,1,6379.74,0.2,6379.74,5103.79,1,-255.19,2024,11,November,Friday,6379.74,5103.792
2024-11-29,ORD043309,CUST04092,P014,Keyboard,Electronics,Jaipur,Online,UPI,1,2659.5,0.05,2659.5,2526.52,0,538.96,2024,11,November,Friday,2659.5,2526.525
2024-11-29,ORD011979,CUST03743,P007,Backpack,Accessories,Ahmedabad,Online,UPI,1,2277.79,0.1,2277.79,2050.01,0,463.79,2024,11,November,Friday,2277.79,2050.011
2024-11-29,ORD043839,CUST04187,P012,Air Fryer,Home,Mumbai,Store,Credit Card,1,7087.15,0.0,7087.15,7087.15,0,2098.01,2024,11,November,Friday,7087.15,7087.15
2024-11-29,ORD032070,CUST02178,P020,Microwave,Home,Delhi,Online,Credit Card,1,11963.59,0.05,11963.59,11365.41,0,2797.48,2024,11,November,Friday,11963.59,11365.4105
2024-11-29,ORD004204,CUST03693,P002,Smartphone,Electronics,Delhi,Online,Cash,3,30533.71,0.15,91601.13,77860.96,0,4024.22,2024,11,November,Friday,91601.13,77860.9605
2024-11-29,ORD032676,CUST00718,P018,Jacket,Fashion,Ahmedabad,Online,UPI,1,5672.17,0.1,5672.17,5104.95,0,575.06,2024,11,November,Friday,5672.17,5104.953
2024-11-29,ORD038109,CUST04676,P001,Laptop,Electronics,Mumbai,Store,Net Banking,2,58651.13,0.15,117302.26,99706.92,0,21810.05,2024,11,November,Friday,117302.26,99706.92099999999
2024-11-29,ORD018028,CUST00330,P016,Sofa,Furniture,Ahmedabad,Store,UPI,1,33090.82,0.15,33090.82,28127.2,0,3702.72,2024,11,November,Friday,33090.82,28127.197
2024-11-29,ORD027644,CUST04823,P002,Smartphone,Electronics,Hyderabad,Online,Credit Card,1,26842.78,0.0,26842.78,26842.78,0,5363.33,2024,11,November,Friday,26842.78,26842.78
2024-11-29,ORD027479,CUST02559,P018,Jacket,Fashion,Bengaluru,Store,UPI,1,5053.78,0.1,5053.78,4548.4,0,474.49,2024,11,November,Friday,5053.78,4548.402
2024-11-29,ORD010956,CUST02932,P011,Mixer Grinder,Home,Ahmedabad,Store,Debit Card,2,4835.46,0.05,9670.92,9187.37,0,931.49,2024,11,November,Friday,9670.92,9187.374
2024-11-29,ORD038309,CUST00231,P009,T-Shirt,Fashion,Bengaluru,Online,Debit Card,1,1128.67,0.1,1128.67,1015.8,1,-50.79,2024,11,November,Friday,1128.67,1015.8030000000001
2024-11-29,ORD047177,CUST02122,P013,Monitor,Electronics,Ahmedabad,Online,Debit Card,1,16405.67,0.1,16405.67,14765.1,0,3346.88,2024,11,November,Friday,16405.67,14765.103
2024-11-29,ORD007260,CUST00833,P014,Keyboard,Electronics,Pune,Online,Net Banking,1,2287.59,0.15,2287.59,1944.45,0,365.39,2024,11,November,Friday,2287.59,1944.4515000000001
2024-11-29,ORD018989,CUST04627,P011,Mixer Grinder,Home,Kolkata,Store,Credit Card,4,4357.56,0.25,17430.24,13072.68,1,-653.63,2024,11,November,Friday,17430.24,13072.68
2024-11-29,ORD026057,CUST04628,P012,Air Fryer,Home,Delhi,Online,UPI,1,7828.22,0.05,7828.22,7436.81,0,1205.24,2024,11,November,Friday,7828.22,7436.809
2024-11-29,ORD026894,CUST02150,P014,Keyboard,Electronics,Pune,Store,Credit Card,2,2398.16,0.05,4796.32,4556.5,0,361.02,2024,11,November,Friday,4796.32,4556.504
2024-11-29,ORD022252,CUST03269,P008,Running Shoes,Fashion,Mumbai,Online,UPI,1,4316.69,0.0,4316.69,4316.69,0,588.5,2024,11,November,Friday,4316.69,4316.69
2024-11-29,ORD008085,CUST00642,P020,Microwave,Home,Jaipur,Online,Cash,1,11593.8,0.15,11593.8,9854.73,0,1650.32,2024,11,November,Friday,11593.8,9854.73
2024-11-29,ORD012346,CUST00748,P007,Backpack,Accessories,Chennai,Online,Credit Card,4,2159.19,0.05,8636.76,8204.92,0,805.09,2024,11,November,Friday,8636.76,8204.922
2024-11-29,ORD029765,CUST00932,P014,Keyboard,Electronics,Hyderabad,Online,Cash,1,2392.06,0.05,2392.06,2272.46,0,329.21,2024,11,November,Friday,2392.06,2272.457
2024-11-29,ORD043971,CUST03980,P011,Mixer Grinder,Home,Bengaluru,Online,Credit Card,1,4532.02,0.15,4532.02,3852.22,0,776.78,2024,11,November,Friday,4532.02,3852.217
2024-11-29,ORD036560,CUST00256,P002,Smartphone,Electronics,Chennai,Online,Debit Card,1,28763.18,0.1,28763.18,25886.86,0,3538.77,2024,11,November,Friday,28763.18,25886.862
2024-11-29,ORD008843,CUST04881,P013,Monitor,Electronics,Pune,Online,Debit Card,3,16551.23,0.0,49653.69,49653.69,0,9960.76,2024,11,November,Friday,49653.69,49653.69
2024-11-29,ORD029674,CUST03363,P012,Air Fryer,Home,Pune,Online,Credit Card,2,7533.87,0.15,15067.74,12807.58,0,863.42,2024,11,November,Friday,15067.74,12807.579
2024-11-29,ORD034424,CUST04028,P008,Running Shoes,Fashion,Kolkata,Online,Credit Card,1,3964.96,0.1,3964.96,3568.46,0,621.12,2024,11,November,Friday,3964.96,3568.464
2024-11-29,ORD027494,CUST00073,P005,Office Chair,Furniture,Ahmedabad,Store,Debit Card,1,10404.87,0.05,10404.87,9884.63,1,-494.23,2024,11,November,Friday,10404.87,9884.6265
2024-11-29,ORD031671,CUST04807,P008,Running Shoes,Fashion,Kolkata,Online,UPI,3,4321.96,0.1,12965.88,11669.29,0,3190.24,2024,11,November,Friday,12965.880000000001,11669.292
2024-11-29,ORD014963,CUST01075,P004,Smartwatch,Electronics,Pune,Store,Net Banking,1,7558.0,0.05,7558.0,7180.1,0,1884.78,2024,11,November,Friday,7558.0,7180.099999999999
2024-11-29,ORD049745,CUST01805,P018,Jacket,Fashion,Chennai,Online,UPI,1,5329.02,0.1,5329.02,4796.12,0,1291.85,2024,11,November,Friday,5329.02,4796.118
2024-11-29,ORD023340,CUST01378,P003,Headphones,Electronics,Kolkata,Online,Debit Card,2,4643.66,0.0,9287.32,9287.32,1,-464.37,2024,11,November,Friday,9287.32,9287.32
2024-11-29,ORD034355,CUST01634,P008,Running Shoes,Fashion,Hyderabad,Online,Debit Card,1,4431.86,0.0,4431.86,4431.86,0,883.02,2024,11,November,Friday,4431.86,4431.86
2024-11-29,ORD045647,CUST02297,P011,Mixer Grinder,Home,Mumbai,Online,Credit Card,1,5128.66,0.1,5128.66,4615.79,0,465.59,2024,11,November,Friday,5128.66,4615.794
2024-11-29,ORD000140,CUST00969,P017,Jeans,Fashion,Delhi,Store,UPI,3,2847.8,0.15,8543.4,7261.89,0,691.95,2024,11,November,Friday,8543.400000000001,7261.889999999999
2024-11-29,ORD014396,CUST02545,P010,Coffee Maker,Home,Delhi,Store,Credit Card,1,5587.5,0.2,5587.5,4470.0,0,688.71,2024,11,November,Friday,5587.5,4470.0
2024-11-29,ORD025220,CUST01146,P014,Keyboard,Electronics,Bengaluru,Online,UPI,2,2635.79,0.15,5271.58,4480.84,0,1187.8,2024,11,November,Friday,5271.58,4480.843
2024-11-29,ORD023028,CUST03991,P017,Jeans,Fashion,Bengaluru,Online,UPI,3,2663.99,0.0,7991.97,7991.97,0,800.99,2024,11,November,Friday,7991.969999999999,7991.97
2024-11-29,ORD038868,CUST03628,P013,Monitor,Electronics,Mumbai,Store,UPI,5,16619.73,0.05,83098.65,78943.72,0,5613.4,2024,11,November,Friday,83098.65,78943.71749999998
2024-11-29,ORD038469,CUST04231,P005,Office Chair,Furniture,Jaipur,Store,UPI,4,9872.25,0.0,39489.0,39489.0,0,6508.8,2024,11,November,Friday,39489.0,39489.0
2024-11-29,ORD004884,CUST01531,P004,Smartwatch,Electronics,Ahmedabad,Online,UPI,1,7650.38,0.1,7650.38,6885.34,0,867.84,2024,11,November,Friday,7650.38,6885.342000000001
2024-11-29,ORD033798,CUST01099,P014,Keyboard,Electronics,Delhi,Online,Debit Card,1,2699.49,0.15,2699.49,2294.57,0,597.62,2024,11,November,Friday,2699.49,2294.5665
2024-11-29,ORD047026,CUST03192,P004,Smartwatch,Electronics,Surat,Online,Cash,1,7153.35,0.25,7153.35,5365.01,0,757.78,2024,11,November,Friday,7153.35,5365.012500000001
2024-11-29,ORD036347,CUST00641,P004,Smartwatch,Electronics,Pune,Online,UPI,2,7331.73,0.05,14663.46,13930.29,0,1631.1,2024,11,November,Friday,14663.46,13930.286999999998
2024-11-29,ORD019603,CUST04225,P006,Desk,Furniture,Kolkata,Store,Credit Card,1,12258.58,0.1,12258.58,11032.72,0,2757.51,2024,11,November,Friday,12258.58,11032.722
2024-11-29,ORD007236,CUST02373,P003,Headphones,Electronics,Chennai,Store,Net Banking,1,4050.59,0.1,4050.59,3645.53,0,389.11,2024,11,November,Friday,4050.59,3645.5310000000004
2024-11-29,ORD023991,CUST01777,P004,Smartwatch,Electronics,Surat,Store,Cash,1,6438.79,0.15,6438.79,5472.97,0,604.1,2024,11,November,Friday,6438.79,5472.9715
2024-11-29,ORD023988,CUST00289,P015,Dining Table,Furniture,Jaipur,Store,Net Banking,1,23850.22,0.25,23850.22,17887.66,0,3263.15,2024,11,November,Friday,23850.22,17887.665
2024-11-29,ORD036799,CUST01657,P018,Jacket,Fashion,Mumbai,Online,Cash,1,5621.65,0.1,5621.65,5059.48,1,-252.97,2024,11,November,Friday,5621.65,5059.485
2024-11-29,ORD026030,CUST02118,P017,Jeans,Fashion,Delhi,Store,Cash,4,2706.68,0.15,10826.72,9202.71,0,1058.11,2024,11,November,Friday,10826.72,9202.712
2024-11-29,ORD023421,CUST02095,P017,Jeans,Fashion,Ahmedabad,Online,UPI,1,2699.43,0.15,2699.43,2294.52,0,588.94,2024,11,November,Friday,2699.43,2294.5155
2024-11-30,ORD000056,CUST02483,P002,Smartphone,Electronics,Bengaluru,Online,Credit Card,2,28656.68,0.2,57313.36,45850.69,1,-2292.53,2024,11,November,Saturday,57313.36,45850.688
2024-11-30,ORD035034,CUST00095,P009,T-Shirt,Fashion,Jaipur,Online,UPI,4,1141.29,0.1,4565.16,4108.64,0,637.77,2024,11,November,Saturday,4565.16,4108.644
2024-11-30,ORD034711,CUST00477,P014,Keyboard,Electronics,Mumbai,Store,Credit Card,1,2356.48,0.2,2356.48,1885.18,1,-94.26,2024,11,November,Saturday,2356.48,1885.1840000000002
2024-11-30,ORD016428,CUST02531,P020,Microwave,Home,Surat,Online,Credit Card,1,10611.11,0.1,10611.11,9550.0,0,1004.52,2024,11,November,Saturday,10611.11,9549.999000000002
2024-11-30,ORD027419,CUST04870,P003,Headphones,Electronics,Chennai,Online,UPI,1,4393.41,0.25,4393.41,3295.06,0,526.87,2024,11,November,Saturday,4393.41,3295.0575
2024-11-30,ORD047248,CUST02098,P003,Headphones,Electronics,Chennai,Online,Credit Card,3,4303.01,0.0,12909.03,12909.03,0,3139.09,2024,11,November,Saturday,12909.03,12909.03
2024-11-30,ORD026963,CUST00536,P007,Backpack,Accessories,Jaipur,Online,Debit Card,1,2265.7,0.1,2265.7,2039.13,0,324.38,2024,11,November,Saturday,2265.7,2039.1299999999999
2024-11-30,ORD026940,CUST03486,P003,Headphones,Electronics,Chennai,Online,Credit Card,2,4182.45,0.0,8364.9,8364.9,0,2107.47,2024,11,November,Saturday,8364.9,8364.9
2024-11-30,ORD014139,CUST02606,P004,Smartwatch,Electronics,Jaipur,Online,Debit Card,2,7217.06,0.0,14434.12,14434.12,0,1579.97,2024,11,November,Saturday,14434.12,14434.12
2024-11-30,ORD015820,CUST04700,P017,Jeans,Fashion,Pune,Online,UPI,1,2588.57,0.15,2588.57,2200.28,0,164.82,2024,11,November,Saturday,2588.57,2200.2845
2024-11-30,ORD007561,CUST04443,P010,Coffee Maker,Home,Kolkata,Online,UPI,1,5136.54,0.1,5136.54,4622.89,0,706.51,2024,11,November,Saturday,5136.54,4622.886
2024-11-30,ORD014993,CUST01273,P014,Keyboard,Electronics,Hyderabad,Online,UPI,1,2584.24,0.1,2584.24,2325.82,0,359.57,2024,11,November,Saturday,2584.24,2325.816
2024-11-30,ORD030306,CUST02578,P010,Coffee Maker,Home,Mumbai,Online,Credit Card,2,5747.47,0.0,11494.94,11494.94,0,3215.76,2024,11,November,Saturday,11494.94,11494.94
2024-11-30,ORD012304,CUST03324,P014,Keyboard,Electronics,Mumbai,Online,Credit Card,1,2586.86,0.1,2586.86,2328.17,0,324.68,2024,11,November,Saturday,2586.86,2328.174
2024-11-30,ORD039216,CUST01778,P019,Vacuum Cleaner,Home,Delhi,Online,UPI,1,8123.81,0.15,8123.81,6905.24,0,1460.25,2024,11,November,Saturday,8123.81,6905.2385
2024-11-30,ORD041860,CUST03123,P008,Running Shoes,Fashion,Mumbai,Online,Debit Card,1,4433.61,0.1,4433.61,3990.25,0,464.73,2024,11,November,Saturday,4433.61,3990.249
2024-11-30,ORD033825,CUST02923,P002,Smartphone,Electronics,Hyderabad,Online,UPI,1,28108.79,0.1,28108.79,25297.91,0,5569.97,2024,11,November,Saturday,28108.79,25297.911
2024-11-30,ORD044567,CUST00426,P004,Smartwatch,Electronics,Surat,Store,UPI,2,7459.0,0.05,14918.0,14172.1,0,3966.96,2024,11,November,Saturday,14918.0,14172.099999999999
2024-11-30,ORD005835,CUST03408,P015,Dining Table,Furniture,Mumbai,Online,Credit Card,1,21221.19,0.1,21221.19,19099.07,0,5345.45,2024,11,November,Saturday,21221.19,19099.071
2024-11-30,ORD024660,CUST00413,P007,Backpack,Accessories,Ahmedabad,Online,Net Banking,3,2314.74,0.1,6944.22,6249.8,0,1595.86,2024,11,November,Saturday,6944.219999999999,6249.798000000001
2024-11-30,ORD027764,CUST03792,P008,Running Shoes,Fashion,Kolkata,Store,Credit Card,1,4404.09,0.1,4404.09,3963.68,0,370.27,2024,11,November,Saturday,4404.09,3963.681
2024-11-30,ORD017173,CUST03761,P011,Mixer Grinder,Home,Delhi,Store,Credit Card,1,4998.02,0.1,4998.02,4498.22,0,848.59,2024,11,November,Saturday,4998.02,4498.218000000001
2024-11-30,ORD039432,CUST02716,P015,Dining Table,Furniture,Ahmedabad,Online,Credit Card,1,20148.99,0.1,20148.99,18134.09,0,1224.08,2024,11,November,Saturday,20148.99,18134.091
2024-11-30,ORD022639,CUST03701,P002,Smartphone,Electronics,Ahmedabad,Online,UPI,2,25231.8,0.0,50463.6,50463.6,0,4125.86,2024,11,November,Saturday,50463.6,50463.6
2024-11-30,ORD043326,CUST04925,P004,Smartwatch,Electronics,Jaipur,Online,Credit Card,1,7419.14,0.0,7419.14,7419.14,0,1329.46,2024,11,November,Saturday,7419.14,7419.14
2024-11-30,ORD027901,CUST01589,P013,Monitor,Electronics,Surat,Online,Debit Card,2,16433.72,0.15,32867.44,27937.32,0,3181.96,2024,11,November,Saturday,32867.44,27937.324
2024-11-30,ORD024456,CUST01587,P013,Monitor,Electronics,Delhi,Online,Cash,4,18408.81,0.05,73635.24,69953.48,0,5095.09,2024,11,November,Saturday,73635.24,69953.478
2024-11-30,ORD020128,CUST01158,P015,Dining Table,Furniture,Bengaluru,Online,UPI,4,22668.73,0.1,90674.92,81607.43,0,10494.51,2024,11,November,Saturday,90674.92,81607.428
2024-11-30,ORD039471,CUST02470,P020,Microwave,Home,Jaipur,Store,Credit Card,1,11189.4,0.1,11189.4,10070.46,0,820.3,2024,11,November,Saturday,11189.4,10070.46
2024-11-30,ORD005718,CUST04175,P007,Backpack,Accessories,Delhi,Online,Credit Card,1,2124.99,0.1,2124.99,1912.49,0,184.23,2024,11,November,Saturday,2124.99,1912.4909999999998
2024-11-30,ORD048877,CUST04151,P003,Headphones,Electronics,Pune,Online,Net Banking,1,4940.02,0.15,4940.02,4199.02,0,437.04,2024,11,November,Saturday,4940.02,4199.017
2024-11-30,ORD029597,CUST02613,P013,Monitor,Electronics,Hyderabad,Store,UPI,5,18325.71,0.1,91628.55,82465.69,0,15610.76,2024,11,November,Saturday,91628.54999999999,82465.695
2024-11-30,ORD038736,CUST03256,P019,Vacuum Cleaner,Home,Ahmedabad,Online,UPI,1,8119.29,0.15,8119.29,6901.4,0,846.45,2024,11,November,Saturday,8119.29,6901.3965
2024-11-30,ORD006984,CUST02542,P015,Dining Table,Furniture,Hyderabad,Online,UPI,1,23889.14,0.05,23889.14,22694.68,0,3592.18,2024,11,November,Saturday,23889.14,22694.682999999997
2024-11-30,ORD012244,CUST03926,P006,Desk,Furniture,Ahmedabad,Online,Debit Card,1,11270.38,0.0,11270.38,11270.38,0,2590.5,2024,11,November,Saturday,11270.38,11270.38
2024-11-30,ORD033559,CUST00069,P009,T-Shirt,Fashion,Delhi,Online,Net Banking,1,1143.09,0.1,1143.09,1028.78,0,178.92,2024,11,November,Saturday,1143.09,1028.781
2024-11-30,ORD037043,CUST02832,P001,Laptop,Electronics,Delhi,Online,Net Banking,2,71487.33,0.0,142974.66,142974.66,0,32907.31,2024,11,November,Saturday,142974.66,142974.66
2024-11-30,ORD031340,CUST04678,P013,Monitor,Electronics,Kolkata,Online,UPI,1,16690.01,0.0,16690.01,16690.01,0,4301.9,2024,11,November,Saturday,16690.01,16690.01
2024-11-30,ORD041417,CUST04338,P008,Running Shoes,Fashion,Jaipur,Store,Cash,2,4046.03,0.05,8092.06,7687.46,0,606.62,2024,11,November,Saturday,8092.06,7687.457
2024-11-30,ORD017953,CUST04261,P001,Laptop,Electronics,Hyderabad,Store,Debit Card,1,60276.16,0.25,60276.16,45207.12,0,5757.27,2024,11,November,Saturday,60276.16,45207.12
2024-11-30,ORD049427,CUST00224,P009,T-Shirt,Fashion,Ahmedabad,Online,Credit Card,3,1287.44,0.15,3862.32,3282.97,0,268.58,2024,11,November,Saturday,3862.32,3282.972
2024-11-30,ORD015550,CUST01660,P017,Jeans,Fashion,Chennai,Online,Credit Card,1,2867.18,0.05,2867.18,2723.82,0,430.49,2024,11,November,Saturday,2867.18,2723.821
2024-11-30,ORD013504,CUST04493,P005,Office Chair,Furniture,Hyderabad,Online,Cash,1,10007.19,0.05,10007.19,9506.83,0,749.45,2024,11,November,Saturday,10007.19,9506.8305
2024-11-30,ORD005606,CUST04132,P001,Laptop,Electronics,Mumbai,Online,UPI,1,62383.18,0.1,62383.18,56144.86,0,15193.08,2024,11,November,Saturday,62383.18,56144.862
2024-11-30,ORD044167,CUST04171,P004,Smartwatch,Electronics,Pune,Online,Credit Card,2,7292.29,0.2,14584.58,11667.66,0,1660.7,2024,11,November,Saturday,14584.58,11667.664
2024-11-30,ORD022336,CUST03704,P005,Office Chair,Furniture,Bengaluru,Online,UPI,1,9729.16,0.1,9729.16,8756.24,0,2405.57,2024,11,November,Saturday,9729.16,8756.244
2024-11-30,ORD045067,CUST00643,P017,Jeans,Fashion,Chennai,Store,Net Banking,3,3064.01,0.0,9192.03,9192.03,0,832.07,2024,11,November,Saturday,9192.03,9192.03
2024-11-30,ORD012198,CUST03499,P015,Dining Table,Furniture,Chennai,Online,Credit Card,1,21210.57,0.2,21210.57,16968.46,0,2981.55,2024,11,November,Saturday,21210.57,16968.456000000002
2024-11-30,ORD041235,CUST02343,P017,Jeans,Fashion,Chennai,Store,Credit Card,3,2826.59,0.1,8479.77,7631.79,0,822.17,2024,11,November,Saturday,8479.77,7631.793000000001
2024-11-30,ORD012908,CUST02611,P010,Coffee Maker,Home,Delhi,Store,Credit Card,1,5585.6,0.1,5585.6,5027.04,0,1401.43,2024,11,November,Saturday,5585.6,5027.040000000001
2024-11-30,ORD043792,CUST03467,P003,Headphones,Electronics,Bengaluru,Online,UPI,4,4753.82,0.15,19015.28,16162.99,0,1880.41,2024,11,November,Saturday,19015.28,16162.988
2024-11-30,ORD031093,CUST02460,P003,Headphones,Electronics,Delhi,Store,UPI,1,4709.66,0.05,4709.66,4474.18,0,873.0,2024,11,November,Saturday,4709.66,4474.177
2024-11-30,ORD017877,CUST04625,P018,Jacket,Fashion,Pune,Online,Credit Card,1,4681.94,0.05,4681.94,4447.84,0,1110.32,2024,11,November,Saturday,4681.94,4447.843
2024-11-30,ORD040141,CUST02470,P012,Air Fryer,Home,Delhi,Online,Debit Card,1,6656.98,0.2,6656.98,5325.58,0,817.91,2024,11,November,Saturday,6656.98,5325.584
2024-11-30,ORD009947,CUST00799,P002,Smartphone,Electronics,Chennai,Online,UPI,1,26353.78,0.05,26353.78,25036.09,0,5807.4,2024,11,November,Saturday,26353.78,25036.090999999997
2024-11-30,ORD015666,CUST04892,P011,Mixer Grinder,Home,Delhi,Online,Net Banking,2,4465.51,0.2,8931.02,7144.82,0,800.37,2024,11,November,Saturday,8931.02,7144.816000000001
2024-11-30,ORD042220,CUST02245,P005,Office Chair,Furniture,Mumbai,Online,Net Banking,3,10315.74,0.2,30947.22,24757.78,0,2757.2,2024,11,November,Saturday,30947.22,24757.776
2024-11-30,ORD024762,CUST04328,P008,Running Shoes,Fashion,Ahmedabad,Store,Credit Card,1,4025.43,0.05,4025.43,3824.16,0,1025.32,2024,11,November,Saturday,4025.43,3824.1584999999995
2024-11-30,ORD037968,CUST00243,P004,Smartwatch,Electronics,Chennai,Store,Credit Card,1,7384.49,0.25,7384.49,5538.37,0,1215.49,2024,11,November,Saturday,7384.49,5538.3675
2024-11-30,ORD035860,CUST00150,P018,Jacket,Fashion,Surat,Online,UPI,1,5064.92,0.15,5064.92,4305.18,0,1065.27,2024,11,November,Saturday,5064.92,4305.182
2024-11-30,ORD031087,CUST02609,P016,Sofa,Furniture,Kolkata,Store,Debit Card,1,36094.02,0.05,36094.02,34289.32,0,3317.67,2024,11,November,Saturday,36094.02,34289.318999999996
2024-11-30,ORD008858,CUST04867,P017,Jeans,Fashion,Jaipur,Online,Net Banking,1,2848.97,0.1,2848.97,2564.07,1,-128.2,2024,11,November,Saturday,2848.97,2564.073
2024-11-30,ORD005064,CUST00514,P018,Jacket,Fashion,Surat,Online,UPI,1,4761.2,0.05,4761.2,4523.14,0,625.53,2024,11,November,Saturday,4761.2,4523.139999999999
2024-11-30,ORD042530,CUST02571,P012,Air Fryer,Home,Jaipur,Online,Credit Card,3,7083.64,0.1,21250.92,19125.83,0,4011.05,2024,11,November,Saturday,21250.920000000002,19125.827999999998
2024-11-30,ORD030954,CUST04664,P010,Coffee Maker,Home,Chennai,Store,UPI,1,5003.52,0.05,5003.52,4753.34,0,536.99,2024,11,November,Saturday,5003.52,4753.344
2024-11-30,ORD005071,CUST01132,P010,Coffee Maker,Home,Pune,Store,Credit Card,1,5244.66,0.15,5244.66,4457.96,0,733.03,2024,11,November,Saturday,5244.66,4457.960999999999
2024-11-30,ORD012580,CUST02968,P019,Vacuum Cleaner,Home,Delhi,Online,Credit Card,2,9758.74,0.0,19517.48,19517.48,0,4471.14,2024,11,November,Saturday,19517.48,19517.48
2024-11-30,ORD038094,CUST01655,P011,Mixer Grinder,Home,Hyderabad,Store,Net Banking,2,5021.85,0.0,10043.7,10043.7,0,2311.35,2024,11,November,Saturday,10043.7,10043.7
2024-11-30,ORD000327,CUST00732,P016,Sofa,Furniture,Pune,Store,UPI,1,34854.82,0.0,34854.82,34854.82,0,8486.38,2024,11,November,Saturday,34854.82,34854.82
2024-11-30,ORD022944,CUST01486,P007,Backpack,Accessories,Mumbai,Online,UPI,4,2329.19,0.1,9316.76,8385.08,0,1494.87,2024,11,November,Saturday,9316.76,8385.084
2024-12-01,ORD011860,CUST00092,P015,Dining Table,Furniture,Ahmedabad,Online,Credit Card,1,21915.91,0.1,21915.91,19724.32,0,2641.74,2024,12,December,Sunday,21915.91,19724.319
2024-12-01,ORD029711,CUST01824,P003,Headphones,Electronics,Delhi,Store,UPI,1,4395.24,0.1,4395.24,3955.72,0,990.35,2024,12,December,Sunday,4395.24,3955.716
2024-12-01,ORD017630,CUST02647,P016,Sofa,Furniture,Surat,Online,Debit Card,5,36197.64,0.0,180988.2,180988.2,0,21003.45,2024,12,December,Sunday,180988.2,180988.2
2024-12-01,ORD006450,CUST02062,P005,Office Chair,Furniture,Chennai,Online,Credit Card,1,9350.49,0.05,9350.49,8882.97,0,1564.85,2024,12,December,Sunday,9350.49,8882.9655
2024-12-01,ORD041730,CUST01583,P017,Jeans,Fashion,Delhi,Online,Debit Card,2,2629.13,0.05,5258.26,4995.35,0,661.7,2024,12,December,Sunday,5258.26,4995.347
2024-12-01,ORD034790,CUST00730,P009,T-Shirt,Fashion,Ahmedabad,Online,Credit Card,2,1173.77,0.1,2347.54,2112.79,0,185.89,2024,12,December,Sunday,2347.54,2112.786
2024-12-01,ORD003514,CUST04820,P016,Sofa,Furniture,Chennai,Online,UPI,3,33228.91,0.05,99686.73,94702.39,0,6666.09,2024,12,December,Sunday,99686.73000000001,94702.39349999999
2024-12-01,ORD002533,CUST03663,P010,Coffee Maker,Home,Kolkata,Online,UPI,1,4984.29,0.1,4984.29,4485.86,0,749.96,2024,12,December,Sunday,4984.29,4485.861
2024-12-01,ORD031242,CUST04915,P009,T-Shirt,Fashion,Chennai,Store,UPI,1,1084.91,0.05,1084.91,1030.66,0,241.24,2024,12,December,Sunday,1084.91,1030.6645
2024-12-01,ORD010107,CUST04170,P006,Desk,Furniture,Bengaluru,Online,Credit Card,2,11934.28,0.1,23868.56,21481.7,0,4895.07,2024,12,December,Sunday,23868.56,21481.704
2024-12-01,ORD025072,CUST01083,P018,Jacket,Fashion,Jaipur,Online,Credit Card,1,5645.07,0.2,5645.07,4516.06,0,1166.9,2024,12,December,Sunday,5645.07,4516.056
2024-12-01,ORD025071,CUST01889,P002,Smartphone,Electronics,Kolkata,Online,UPI,1,26145.89,0.1,26145.89,23531.3,0,5933.32,2024,12,December,Sunday,26145.89,23531.301
2024-12-01,ORD004901,CUST00758,P005,Office Chair,Furniture,Mumbai,Online,Credit Card,1,8879.72,0.1,8879.72,7991.75,0,1992.72,2024,12,December,Sunday,8879.72,7991.748
2024-12-01,ORD040131,CUST02208,P014,Keyboard,Electronics,Mumbai,Online,Net Banking,2,2455.11,0.1,4910.22,4419.2,0,954.01,2024,12,December,Sunday,4910.22,4419.198
2024-12-01,ORD017592,CUST04134,P014,Keyboard,Electronics,Surat,Online,UPI,1,2577.49,0.15,2577.49,2190.87,0,135.76,2024,12,December,Sunday,2577.49,2190.8664999999996
2024-12-01,ORD017692,CUST02388,P018,Jacket,Fashion,Pune,Online,Cash,1,5323.41,0.25,5323.41,3992.56,0,964.6,2024,12,December,Sunday,5323.41,3992.5575
2024-12-01,ORD023009,CUST03068,P017,Jeans,Fashion,Surat,Online,Debit Card,4,3067.16,0.05,12268.64,11655.21,0,823.53,2024,12,December,Sunday,12268.64,11655.207999999999
2024-12-01,ORD025857,CUST04949,P020,Microwave,Home,Ahmedabad,Online,Credit Card,2,11686.07,0.1,23372.14,21034.93,0,5644.82,2024,12,December,Sunday,23372.14,21034.926
2024-12-01,ORD041494,CUST02979,P016,Sofa,Furniture,Surat,Online,Debit Card,1,37588.5,0.2,37588.5,30070.8,0,4440.84,2024,12,December,Sunday,37588.5,30070.800000000003
2024-12-01,ORD036950,CUST04020,P010,Coffee Maker,Home,Ahmedabad,Online,UPI,2,5930.54,0.0,11861.08,11861.08,1,-593.05,2024,12,December,Sunday,11861.08,11861.08
2024-12-01,ORD011122,CUST01596,P015,Dining Table,Furniture,Surat,Store,UPI,4,21809.16,0.1,87236.64,78512.98,0,13294.5,2024,12,December,Sunday,87236.64,78512.976
2024-12-01,ORD024567,CUST01771,P017,Jeans,Fashion,Chennai,Online,UPI,2,2523.11,0.1,5046.22,4541.6,0,877.64,2024,12,December,Sunday,5046.22,4541.598
2024-12-01,ORD022119,CUST00792,P004,Smartwatch,Electronics,Mumbai,Online,UPI,1,7582.17,0.1,7582.17,6823.95,0,1207.26,2024,12,December,Sunday,7582.17,6823.953
2024-12-01,ORD035201,CUST01401,P016,Sofa,Furniture,Mumbai,Store,UPI,1,34043.47,0.1,34043.47,30639.12,0,7697.61,2024,12,December,Sunday,34043.47,30639.123000000003
2024-12-01,ORD041454,CUST02370,P009,T-Shirt,Fashion,Ahmedabad,Online,UPI,1,1081.88,0.05,1081.88,1027.79,0,265.05,2024,12,December,Sunday,1081.88,1027.786
2024-12-01,ORD042591,CUST01260,P013,Monitor,Electronics,Delhi,Online,UPI,3,19698.57,0.2,59095.71,47276.57,0,6438.43,2024,12,December,Sunday,59095.71,47276.568
2024-12-01,ORD022207,CUST00680,P003,Headphones,Electronics,Delhi,Online,UPI,3,4079.93,0.1,12239.79,11015.81,0,2309.71,2024,12,December,Sunday,12239.789999999999,11015.811000000002
2024-12-01,ORD041272,CUST02565,P010,Coffee Maker,Home,Delhi,Store,Debit Card,5,5683.65,0.0,28418.25,28418.25,0,6611.68,2024,12,December,Sunday,28418.25,28418.25
2024-12-01,ORD013590,CUST01266,P008,Running Shoes,Fashion,Mumbai,Online,Credit Card,3,4554.73,0.0,13664.19,13664.19,0,3061.62,2024,12,December,Sunday,13664.189999999999,13664.19
2024-12-01,ORD044744,CUST04096,P018,Jacket,Fashion,Bengaluru,Online,UPI,5,4807.42,0.1,24037.1,21633.39,0,5834.45,2024,12,December,Sunday,24037.1,21633.39
2024-12-01,ORD042405,CUST03927,P008,Running Shoes,Fashion,Mumbai,Online,UPI,1,4294.92,0.1,4294.92,3865.43,0,570.19,2024,12,December,Sunday,4294.92,3865.4280000000003
2024-12-01,ORD024403,CUST00563,P006,Desk,Furniture,Jaipur,Online,Credit Card,2,11623.87,0.05,23247.74,22085.35,0,4149.65,2024,12,December,Sunday,23247.74,22085.353
2024-12-01,ORD004633,CUST04515,P003,Headphones,Electronics,Jaipur,Online,Cash,4,4681.14,0.0,18724.56,18724.56,0,4591.53,2024,12,December,Sunday,18724.56,18724.56
2024-12-01,ORD012510,CUST04769,P013,Monitor,Electronics,Surat,Store,Credit Card,1,19732.87,0.0,19732.87,19732.87,0,4818.78,2024,12,December,Sunday,19732.87,19732.87
2024-12-01,ORD024411,CUST00925,P014,Keyboard,Electronics,Pune,Online,UPI,3,2497.71,0.1,7493.13,6743.82,0,1570.06,2024,12,December,Sunday,7493.13,6743.817
2024-12-01,ORD025135,CUST04975,P012,Air Fryer,Home,Ahmedabad,Store,Credit Card,3,7407.41,0.1,22222.23,20000.01,0,4361.0,2024,12,December,Sunday,22222.23,20000.007
2024-12-01,ORD041609,CUST01636,P002,Smartphone,Electronics,Chennai,Store,Credit Card,1,29008.45,0.1,29008.45,26107.6,0,6475.91,2024,12,December,Sunday,29008.45,26107.605
2024-12-01,ORD039058,CUST03273,P019,Vacuum Cleaner,Home,Chennai,Online,UPI,1,8316.08,0.0,8316.08,8316.08,0,874.1,2024,12,December,Sunday,8316.08,8316.08
2024-12-01,ORD044418,CUST00332,P006,Desk,Furniture,Ahmedabad,Online,UPI,1,12281.61,0.05,12281.61,11667.53,0,3251.42,2024,12,December,Sunday,12281.61,11667.5295
2024-12-01,ORD047761,CUST02448,P003,Headphones,Electronics,Ahmedabad,Store,Credit Card,1,4302.47,0.2,4302.47,3441.98,0,230.02,2024,12,December,Sunday,4302.47,3441.9760000000006
2024-12-01,ORD009018,CUST01354,P007,Backpack,Accessories,Surat,Online,UPI,1,2051.28,0.2,2051.28,1641.02,0,245.37,2024,12,December,Sunday,2051.28,1641.0240000000003
2024-12-01,ORD047075,CUST01792,P010,Coffee Maker,Home,Surat,Store,Credit Card,1,5433.52,0.15,5433.52,4618.49,0,606.65,2024,12,December,Sunday,5433.52,4618.492
2024-12-01,ORD017229,CUST00427,P001,Laptop,Electronics,Pune,Online,Net Banking,4,62152.99,0.2,248611.96,198889.57,1,-9944.48,2024,12,December,Sunday,248611.96,198889.568
2024-12-01,ORD025319,CUST02921,P007,Backpack,Accessories,Ahmedabad,Online,Cash,1,2202.77,0.15,2202.77,1872.35,0,107.3,2024,12,December,Sunday,2202.77,1872.3545
2024-12-01,ORD026352,CUST00047,P003,Headphones,Electronics,Chennai,Online,UPI,1,4620.7,0.15,4620.7,3927.6,0,373.96,2024,12,December,Sunday,4620.7,3927.595
2024-12-01,ORD041863,CUST01382,P001,Laptop,Electronics,Mumbai,Online,UPI,1,62193.21,0.0,62193.21,62193.21,0,17716.17,2024,12,December,Sunday,62193.21,62193.21
2024-12-01,ORD036208,CUST03091,P017,Jeans,Fashion,Pune,Store,Credit Card,2,2805.34,0.1,5610.68,5049.61,0,1383.66,2024,12,December,Sunday,5610.68,5049.612
2024-12-01,ORD033978,CUST04397,P008,Running Shoes,Fashion,Bengaluru,Online,Cash,1,3900.21,0.1,3900.21,3510.19,0,733.77,2024,12,December,Sunday,3900.21,3510.1890000000003
2024-12-01,ORD010034,CUST02135,P001,Laptop,Electronics,Jaipur,Online,Net Banking,1,62110.64,0.1,62110.64,55899.58,0,7640.15,2024,12,December,Sunday,62110.64,55899.576
2024-12-01,ORD041919,CUST00798,P016,Sofa,Furniture,Kolkata,Online,Debit Card,1,33928.74,0.0,33928.74,33928.74,0,5649.28,2024,12,December,Sunday,33928.74,33928.74
2024-12-01,ORD013004,CUST03894,P017,Jeans,Fashion,Pune,Online,Credit Card,1,2565.81,0.0,2565.81,2565.81,0,606.23,2024,12,December,Sunday,2565.81,2565.81
2024-12-01,ORD043452,CUST02801,P008,Running Shoes,Fashion,Bengaluru,Store,UPI,2,4337.8,0.0,8675.6,8675.6,0,2449.12,2024,12,December,Sunday,8675.6,8675.6
2024-12-01,ORD032387,CUST04093,P003,Headphones,Electronics,Jaipur,Online,Credit Card,1,4890.13,0.05,4890.13,4645.62,1,-232.28,2024,12,December,Sunday,4890.13,4645.6235
2024-12-01,ORD039433,CUST04501,P001,Laptop,Electronics,Jaipur,Online,UPI,1,63971.75,0.05,63971.75,60773.16,0,7130.92,2024,12,December,Sunday,63971.75,60773.1625
2024-12-01,ORD004820,CUST01554,P004,Smartwatch,Electronics,Kolkata,Online,UPI,1,6841.08,0.15,6841.08,5814.92,0,1109.58,2024,12,December,Sunday,6841.08,5814.918
2024-12-01,ORD035035,CUST04495,P015,Dining Table,Furniture,Surat,Online,UPI,2,20933.55,0.05,41867.1,39773.74,0,7328.68,2024,12,December,Sunday,41867.1,39773.744999999995
2024-12-01,ORD039425,CUST02735,P007,Backpack,Accessories,Kolkata,Online,UPI,1,2101.31,0.05,2101.31,1996.24,0,171.25,2024,12,December,Sunday,2101.31,1996.2444999999998
2024-12-01,ORD033153,CUST03498,P019,Vacuum Cleaner,Home,Hyderabad,Online,Cash,5,8404.46,0.1,42022.3,37820.07,0,3243.81,2024,12,December,Sunday,42022.299999999996,37820.07000000001
2024-12-01,ORD018636,CUST03004,P013,Monitor,Electronics,Hyderabad,Online,Net Banking,1,16769.45,0.1,16769.45,15092.5,0,3405.13,2024,12,December,Sunday,16769.45,15092.505000000001
2024-12-01,ORD045790,CUST01995,P011,Mixer Grinder,Home,Ahmedabad,Online,Debit Card,3,5189.43,0.2,15568.29,12454.63,0,1880.65,2024,12,December,Sunday,15568.29,12454.632000000001
2024-12-01,ORD033103,CUST01720,P015,Dining Table,Furniture,Pune,Online,Debit Card,1,23038.67,0.05,23038.67,21886.74,0,2657.98,2024,12,December,Sunday,23038.67,21886.7365
2024-12-01,ORD048044,CUST01444,P002,Smartphone,Electronics,Pune,Store,Credit Card,1,25438.65,0.1,25438.65,22894.79,0,5763.3,2024,12,December,Sunday,25438.65,22894.785000000003
2024-12-01,ORD047851,CUST01911,P002,Smartphone,Electronics,Kolkata,Online,UPI,2,28945.41,0.1,57890.82,52101.74,0,9730.03,2024,12,December,Sunday,57890.82,52101.738
2024-12-01,ORD038437,CUST01906,P015,Dining Table,Furniture,Ahmedabad,Store,Credit Card,1,23985.51,0.15,23985.51,20387.68,0,4573.25,2024,12,December,Sunday,23985.51,20387.6835
2024-12-01,ORD008125,CUST00521,P008,Running Shoes,Fashion,Bengaluru,Online,Credit Card,2,3816.7,0.1,7633.4,6870.06,0,707.38,2024,12,December,Sunday,7633.4,6870.0599999999995
2024-12-01,ORD016973,CUST02462,P010,Coffee Maker,Home,Surat,Online,Net Banking,3,5788.38,0.2,17365.14,13892.11,0,1924.83,2024,12,December,Sunday,17365.14,13892.112000000001
2024-12-01,ORD030381,CUST04324,P003,Headphones,Electronics,Delhi,Online,Cash,1,4053.95,0.1,4053.95,3648.56,0,1007.58,2024,12,December,Sunday,4053.95,3648.555
2024-12-01,ORD030440,CUST03181,P013,Monitor,Electronics,Delhi,Online,Net Banking,2,19057.62,0.2,38115.24,30492.19,0,5031.89,2024,12,December,Sunday,38115.24,30492.192
2024-12-01,ORD048273,CUST03453,P003,Headphones,Electronics,Hyderabad,Online,UPI,1,4297.65,0.1,4297.65,3867.88,0,595.54,2024,12,December,Sunday,4297.65,3867.8849999999998
2024-12-01,ORD035417,CUST01289,P011,Mixer Grinder,Home,Delhi,Online,UPI,1,5221.62,0.2,5221.62,4177.3,0,210.53,2024,12,December,Sunday,5221.62,4177.296
2024-12-01,ORD027041,CUST00282,P011,Mixer Grinder,Home,Chennai,Store,Debit Card,2,5094.18,0.2,10188.36,8150.69,0,1287.77,2024,12,December,Sunday,10188.36,8150.688000000001
2024-12-01,ORD027703,CUST04870,P004,Smartwatch,Electronics,Ahmedabad,Online,Credit Card,1,7177.6,0.0,7177.6,7177.6,0,1057.04,2024,12,December,Sunday,7177.6,7177.6
2024-12-01,ORD045650,CUST02150,P013,Monitor,Electronics,Mumbai,Store,Cash,1,17954.83,0.1,17954.83,16159.35,0,3179.04,2024,12,December,Sunday,17954.83,16159.347000000002
2024-12-01,ORD037861,CUST02881,P015,Dining Table,Furniture,Chennai,Online,Cash,1,20746.19,0.0,20746.19,20746.19,0,1912.61,2024,12,December,Sunday,20746.19,20746.19
2024-12-01,ORD000333,CUST02641,P008,Running Shoes,Fashion,Surat,Store,UPI,1,4509.66,0.2,4509.66,3607.73,0,736.21,2024,12,December,Sunday,4509.66,3607.728
2024-12-01,ORD045708,CUST00164,P017,Jeans,Fashion,Jaipur,Store,UPI,1,3044.59,0.0,3044.59,3044.59,0,842.8,2024,12,December,Sunday,3044.59,3044.59
2024-12-01,ORD042861,CUST04645,P016,Sofa,Furniture,Delhi,Online,UPI,1,32306.04,0.0,32306.04,32306.04,0,4193.36,2024,12,December,Sunday,32306.04,32306.04
2024-12-01,ORD048549,CUST00027,P013,Monitor,Electronics,Ahmedabad,Online,UPI,2,17747.48,0.25,35494.96,26621.22,0,3551.77,2024,12,December,Sunday,35494.96,26621.22
2024-12-01,ORD024291,CUST04979,P007,Backpack,Accessories,Kolkata,Online,Net Banking,1,2393.2,0.1,2393.2,2153.88,0,429.17,2024,12,December,Sunday,2393.2,2153.88
2024-12-02,ORD012025,CUST02620,P018,Jacket,Fashion,Delhi,Online,Cash,1,5114.36,0.15,5114.36,4347.21,0,1093.08,2024,12,December,Monday,5114.36,4347.205999999999
2024-12-02,ORD005159,CUST01157,P020,Microwave,Home,Pune,Store,Debit Card,1,12080.21,0.25,12080.21,9060.16,0,1214.64,2024,12,December,Monday,12080.21,9060.1575
2024-12-02,ORD031045,CUST03730,P007,Backpack,Accessories,Ahmedabad,Online,UPI,1,1995.93,0.0,1995.93,1995.93,0,173.0,2024,12,December,Monday,1995.93,1995.93
2024-12-02,ORD016061,CUST00394,P019,Vacuum Cleaner,Home,Mumbai,Store,UPI,1,9432.32,0.15,9432.32,8017.47,0,2063.16,2024,12,December,Monday,9432.32,8017.472
2024-12-02,ORD037491,CUST02843,P013,Monitor,Electronics,Delhi,Online,Net Banking,1,19044.5,0.0,19044.5,19044.5,0,1553.46,2024,12,December,Monday,19044.5,19044.5
2024-12-02,ORD025210,CUST03540,P013,Monitor,Electronics,Hyderabad,Store,Debit Card,1,16580.39,0.0,16580.39,16580.39,0,2394.83,2024,12,December,Monday,16580.39,16580.39
2024-12-02,ORD002943,CUST03815,P012,Air Fryer,Home,Hyderabad,Online,UPI,1,6587.01,0.05,6587.01,6257.66,0,1120.3,2024,12,December,Monday,6587.01,6257.6595
2024-12-02,ORD007942,CUST02212,P008,Running Shoes,Fashion,Ahmedabad,Store,UPI,3,3854.81,0.1,11564.43,10407.99,0,1120.25,2024,12,December,Monday,11564.43,10407.987000000001
2024-12-02,ORD043995,CUST04833,P016,Sofa,Furniture,Kolkata,Online,UPI,4,33783.18,0.1,135132.72,121619.45,0,18846.04,2024,12,December,Monday,135132.72,121619.448
2024-12-02,ORD030180,CUST03327,P011,Mixer Grinder,Home,Kolkata,Online,Credit Card,1,4983.75,0.25,4983.75,3737.81,0,918.09,2024,12,December,Monday,4983.75,3737.8125
2024-12-02,ORD023183,CUST02547,P005,Office Chair,Furniture,Ahmedabad,Store,Debit Card,1,9338.01,0.1,9338.01,8404.21,0,1213.07,2024,12,December,Monday,9338.01,8404.209
2024-12-02,ORD041762,CUST02525,P004,Smartwatch,Electronics,Mumbai,Store,UPI,3,7528.69,0.0,22586.07,22586.07,0,3417.88,2024,12,December,Monday,22586.07,22586.07
2024-12-02,ORD014999,CUST00699,P009,T-Shirt,Fashion,Mumbai,Online,UPI,1,1279.67,0.2,1279.67,1023.74,0,74.73,2024,12,December,Monday,1279.67,1023.7360000000001
2024-12-02,ORD038236,CUST03346,P004,Smartwatch,Electronics,Jaipur,Online,Net Banking,2,6591.68,0.15,13183.36,11205.86,0,2629.67,2024,12,December,Monday,13183.36,11205.856
2024-12-02,ORD000956,CUST01668,P002,Smartphone,Electronics,Jaipur,Store,UPI,4,28041.41,0.0,112165.64,112165.64,0,21516.57,2024,12,December,Monday,112165.64,112165.64
2024-12-02,ORD030739,CUST02192,P006,Desk,Furniture,Pune,Online,Credit Card,1,12842.88,0.25,12842.88,9632.16,0,2103.68,2024,12,December,Monday,12842.88,9632.16
2024-12-02,ORD007078,CUST04365,P018,Jacket,Fashion,Kolkata,Online,Credit Card,1,4877.33,0.1,4877.33,4389.6,0,328.17,2024,12,December,Monday,4877.33,4389.597
2024-12-02,ORD048885,CUST03346,P012,Air Fryer,Home,Jaipur,Online,Credit Card,1,7385.01,0.05,7385.01,7015.76,0,1283.7,2024,12,December,Monday,7385.01,7015.7595
2024-12-02,ORD043758,CUST02233,P018,Jacket,Fashion,Delhi,Store,Credit Card,1,5181.39,0.1,5181.39,4663.25,0,396.03,2024,12,December,Monday,5181.39,4663.251
2024-12-02,ORD004979,CUST01170,P015,Dining Table,Furniture,Hyderabad,Online,UPI,2,22375.54,0.1,44751.08,40275.97,0,7481.46,2024,12,December,Monday,44751.08,40275.972
2024-12-02,ORD012940,CUST00950,P005,Office Chair,Furniture,Surat,Online,Credit Card,3,9113.23,0.15,27339.69,23238.74,0,3598.78,2024,12,December,Monday,27339.69,23238.7365
2024-12-02,ORD038641,CUST03565,P009,T-Shirt,Fashion,Chennai,Store,Net Banking,1,1186.32,0.25,1186.32,889.74,0,138.99,2024,12,December,Monday,1186.32,889.74
2024-12-02,ORD031164,CUST03202,P012,Air Fryer,Home,Surat,Store,UPI,1,7789.58,0.15,7789.58,6621.14,0,1655.95,2024,12,December,Monday,7789.58,6621.143
2024-12-02,ORD007899,CUST00918,P020,Microwave,Home,Delhi,Store,Cash,1,11495.67,0.15,11495.67,9771.32,0,597.05,2024,12,December,Monday,11495.67,9771.3195
2024-12-02,ORD013389,CUST04744,P013,Monitor,Electronics,Jaipur,Online,Credit Card,2,17181.68,0.15,34363.36,29208.86,0,3070.85,2024,12,December,Monday,34363.36,29208.856
2024-12-02,ORD027423,CUST03001,P007,Backpack,Accessories,Pune,Store,Credit Card,2,2417.06,0.1,4834.12,4350.71,0,851.99,2024,12,December,Monday,4834.12,4350.708
2024-12-02,ORD042434,CUST00484,P006,Desk,Furniture,Pune,Online,UPI,5,12039.84,0.0,60199.2,60199.2,0,11299.14,2024,12,December,Monday,60199.2,60199.2
2024-12-02,ORD003698,CUST04771,P004,Smartwatch,Electronics,Jaipur,Store,UPI,1,7220.72,0.1,7220.72,6498.65,0,1345.25,2024,12,December,Monday,7220.72,6498.648
2024-12-02,ORD007520,CUST01718,P020,Microwave,Home,Surat,Online,Credit Card,1,10665.45,0.1,10665.45,9598.91,0,2578.01,2024,12,December,Monday,10665.45,9598.905
2024-12-02,ORD015252,CUST03668,P008,Running Shoes,Fashion,Mumbai,Store,Credit Card,2,3832.66,0.1,7665.32,6898.79,0,1893.13,2024,12,December,Monday,7665.32,6898.788
2024-12-02,ORD049731,CUST03254,P009,T-Shirt,Fashion,Bengaluru,Store,UPI,1,1167.6,0.15,1167.6,992.46,0,212.12,2024,12,December,Monday,1167.6,992.4599999999999
2024-12-02,ORD006451,CUST00224,P018,Jacket,Fashion,Chennai,Online,Credit Card,2,4947.25,0.05,9894.5,9399.78,0,2280.22,2024,12,December,Monday,9894.5,9399.775
2024-12-02,ORD028096,CUST03887,P002,Smartphone,Electronics,Chennai,Store,UPI,1,30453.14,0.0,30453.14,30453.14,1,-1522.66,2024,12,December,Monday,30453.14,30453.14
2024-12-02,ORD040921,CUST02903,P003,Headphones,Electronics,Chennai,Online,Debit Card,1,4837.35,0.15,4837.35,4111.75,0,1070.81,2024,12,December,Monday,4837.35,4111.7475
2024-12-02,ORD015245,CUST00362,P016,Sofa,Furniture,Chennai,Store,Credit Card,2,34523.09,0.1,69046.18,62141.56,0,10147.91,2024,12,December,Monday,69046.18,62141.562
2024-12-02,ORD048405,CUST01194,P019,Vacuum Cleaner,Home,Kolkata,Online,UPI,1,8324.23,0.05,8324.23,7908.02,0,2064.47,2024,12,December,Monday,8324.23,7908.018499999999
2024-12-02,ORD011475,CUST02049,P011,Mixer Grinder,Home,Chennai,Online,Debit Card,2,5033.37,0.1,10066.74,9060.07,1,-453.0,2024,12,December,Monday,10066.74,9060.066
2024-12-02,ORD040298,CUST03992,P003,Headphones,Electronics,Hyderabad,Store,Net Banking,1,4420.26,0.15,4420.26,3757.22,0,283.87,2024,12,December,Monday,4420.26,3757.221
2024-12-02,ORD022793,CUST02873,P018,Jacket,Fashion,Jaipur,Store,UPI,1,5065.97,0.0,5065.97,5065.97,0,609.16,2024,12,December,Monday,5065.97,5065.97
2024-12-02,ORD001891,CUST03414,P011,Mixer Grinder,Home,Bengaluru,Online,Debit Card,2,4642.12,0.1,9284.24,8355.82,0,2146.85,2024,12,December,Monday,9284.24,8355.816
2024-12-02,ORD045401,CUST01357,P018,Jacket,Fashion,Hyderabad,Online,Credit Card,3,5110.87,0.05,15332.61,14565.98,0,2384.76,2024,12,December,Monday,15332.61,14565.9795
2024-12-02,ORD004105,CUST02740,P012,Air Fryer,Home,Kolkata,Store,UPI,2,7419.83,0.15,14839.66,12613.71,0,3383.37,2024,12,December,Monday,14839.66,12613.711
2024-12-02,ORD011087,CUST01485,P014,Keyboard,Electronics,Jaipur,Online,Credit Card,1,2515.9,0.1,2515.9,2264.31,0,304.51,2024,12,December,Monday,2515.9,2264.31
2024-12-02,ORD033752,CUST04495,P008,Running Shoes,Fashion,Mumbai,Online,Credit Card,1,4239.24,0.0,4239.24,4239.24,0,466.97,2024,12,December,Monday,4239.24,4239.24
2024-12-02,ORD020760,CUST03512,P014,Keyboard,Electronics,Bengaluru,Online,Credit Card,1,2543.23,0.1,2543.23,2288.91,0,236.86,2024,12,December,Monday,2543.23,2288.907
2024-12-02,ORD010024,CUST04072,P019,Vacuum Cleaner,Home,Pune,Online,UPI,1,8176.35,0.1,8176.35,7358.72,0,1008.72,2024,12,December,Monday,8176.35,7358.715
2024-12-02,ORD016389,CUST02385,P003,Headphones,Electronics,Ahmedabad,Online,UPI,1,4759.87,0.05,4759.87,4521.88,0,720.49,2024,12,December,Monday,4759.87,4521.876499999999
2024-12-02,ORD011247,CUST00206,P003,Headphones,Electronics,Ahmedabad,Online,Debit Card,4,4247.98,0.1,16991.92,15292.73,0,3960.43,2024,12,December,Monday,16991.92,15292.728
2024-12-02,ORD006650,CUST04405,P019,Vacuum Cleaner,Home,Hyderabad,Store,Credit Card,1,8480.03,0.1,8480.03,7632.03,0,1153.1,2024,12,December,Monday,8480.03,7632.027000000001
2024-12-02,ORD036087,CUST00910,P010,Coffee Maker,Home,Pune,Store,UPI,1,4999.33,0.1,4999.33,4499.4,0,967.12,2024,12,December,Monday,4999.33,4499.397
2024-12-02,ORD026353,CUST02392,P010,Coffee Maker,Home,Mumbai,Online,UPI,2,5618.71,0.25,11237.42,8428.06,0,1514.54,2024,12,December,Monday,11237.42,8428.065
2024-12-02,ORD011557,CUST00051,P013,Monitor,Electronics,Mumbai,Store,Cash,2,17313.96,0.05,34627.92,32896.52,0,3109.67,2024,12,December,Monday,34627.92,32896.524
2024-12-02,ORD041442,CUST02323,P004,Smartwatch,Electronics,Mumbai,Online,UPI,1,6931.09,0.0,6931.09,6931.09,0,836.82,2024,12,December,Monday,6931.09,6931.09
2024-12-02,ORD021004,CUST04698,P012,Air Fryer,Home,Chennai,Store,UPI,1,6984.04,0.05,6984.04,6634.84,0,901.99,2024,12,December,Monday,6984.04,6634.838
2024-12-02,ORD028763,CUST01403,P003,Headphones,Electronics,Chennai,Online,Cash,1,4076.99,0.15,4076.99,3465.44,0,342.75,2024,12,December,Monday,4076.99,3465.4415
2024-12-02,ORD024817,CUST01612,P013,Monitor,Electronics,Mumbai,Store,Net Banking,5,16661.03,0.0,83305.15,83305.15,0,14443.63,2024,12,December,Monday,83305.15,83305.15
2024-12-02,ORD040025,CUST02372,P001,Laptop,Electronics,Ahmedabad,Online,UPI,1,59747.94,0.1,59747.94,53773.15,0,8821.18,2024,12,December,Monday,59747.94,53773.146
2024-12-02,ORD044577,CUST03452,P017,Jeans,Fashion,Kolkata,Online,UPI,1,3024.2,0.15,3024.2,2570.57,0,452.69,2024,12,December,Monday,3024.2,2570.5699999999997
2024-12-02,ORD046642,CUST03146,P019,Vacuum Cleaner,Home,Jaipur,Store,Debit Card,2,9754.63,0.1,19509.26,17558.33,0,2718.14,2024,12,December,Monday,19509.26,17558.334
2024-12-02,ORD028921,CUST00508,P019,Vacuum Cleaner,Home,Ahmedabad,Online,Credit Card,4,9236.01,0.05,36944.04,35096.84,0,2929.92,2024,12,December,Monday,36944.04,35096.837999999996
2024-12-02,ORD017749,CUST00808,P018,Jacket,Fashion,Mumbai,Online,Credit Card,2,5098.05,0.1,10196.1,9176.49,0,968.92,2024,12,December,Monday,10196.1,9176.49
2024-12-02,ORD046615,CUST02684,P003,Headphones,Electronics,Kolkata,Online,Debit Card,4,4637.36,0.15,18549.44,15767.02,0,1401.18,2024,12,December,Monday,18549.44,15767.023999999998
2024-12-02,ORD044831,CUST01244,P010,Coffee Maker,Home,Delhi,Online,Net Banking,1,5867.64,0.1,5867.64,5280.88,0,1462.35,2024,12,December,Monday,5867.64,5280.876
2024-12-02,ORD029768,CUST00135,P001,Laptop,Electronics,Jaipur,Online,Credit Card,1,62277.71,0.0,62277.71,62277.71,0,8035.79,2024,12,December,Monday,62277.71,62277.71
2024-12-02,ORD015941,CUST00066,P006,Desk,Furniture,Surat,Online,Debit Card,1,11170.11,0.15,11170.11,9494.59,0,2383.83,2024,12,December,Monday,11170.11,9494.5935
2024-12-02,ORD012517,CUST02321,P009,T-Shirt,Fashion,Pune,Online,Debit Card,2,1200.81,0.0,2401.62,2401.62,0,495.3,2024,12,December,Monday,2401.62,2401.62
2024-12-02,ORD022765,CUST01960,P020,Microwave,Home,Chennai,Store,Net Banking,1,9998.59,0.25,9998.59,7498.94,0,1074.9,2024,12,December,Monday,9998.59,7498.9425
2024-12-03,ORD028262,CUST04183,P017,Jeans,Fashion,Kolkata,Online,Net Banking,1,2898.42,0.25,2898.42,2173.82,1,-108.69,2024,12,December,Tuesday,2898.42,2173.815
2024-12-03,ORD032746,CUST01160,P018,Jacket,Fashion,Bengaluru,Online,Credit Card,1,4985.18,0.1,4985.18,4486.66,0,1071.71,2024,12,December,Tuesday,4985.18,4486.662
2024-12-03,ORD040315,CUST04988,P012,Air Fryer,Home,Surat,Online,UPI,1,6904.36,0.0,6904.36,6904.36,0,1548.9,2024,12,December,Tuesday,6904.36,6904.36
2024-12-03,ORD030623,CUST03196,P017,Jeans,Fashion,Mumbai,Online,Credit Card,1,2603.41,0.2,2603.41,2082.73,0,163.93,2024,12,December,Tuesday,2603.41,2082.728
2024-12-03,ORD027742,CUST00324,P020,Microwave,Home,Chennai,Online,Cash,1,11019.8,0.1,11019.8,9917.82,0,688.07,2024,12,December,Tuesday,11019.8,9917.82
2024-12-03,ORD018699,CUST01743,P008,Running Shoes,Fashion,Chennai,Store,Credit Card,1,4609.63,0.0,4609.63,4609.63,0,1098.26,2024,12,December,Tuesday,4609.63,4609.63
2024-12-03,ORD040110,CUST03014,P011,Mixer Grinder,Home,Ahmedabad,Online,UPI,2,4569.77,0.1,9139.54,8225.59,0,1230.8,2024,12,December,Tuesday,9139.54,8225.586000000001
2024-12-03,ORD035834,CUST04261,P012,Air Fryer,Home,Bengaluru,Store,Cash,2,6947.29,0.05,13894.58,13199.85,0,3150.39,2024,12,December,Tuesday,13894.58,13199.850999999999
2024-12-03,ORD042381,CUST04635,P014,Keyboard,Electronics,Pune,Online,Credit Card,4,2668.97,0.1,10675.88,9608.29,0,2211.77,2024,12,December,Tuesday,10675.88,9608.292
2024-12-03,ORD030931,CUST02891,P018,Jacket,Fashion,Bengaluru,Store,Credit Card,2,5240.52,0.25,10481.04,7860.78,0,579.13,2024,12,December,Tuesday,10481.04,7860.780000000001
2024-12-03,ORD027220,CUST03764,P003,Headphones,Electronics,Delhi,Online,Credit Card,1,4094.45,0.05,4094.45,3889.73,1,-194.49,2024,12,December,Tuesday,4094.45,3889.7274999999995
2024-12-03,ORD004283,CUST04528,P020,Microwave,Home,Jaipur,Online,Credit Card,1,10186.48,0.1,10186.48,9167.83,0,953.89,2024,12,December,Tuesday,10186.48,9167.832
2024-12-03,ORD032016,CUST02844,P008,Running Shoes,Fashion,Mumbai,Online,Net Banking,5,4552.24,0.05,22761.2,21623.14,0,5565.11,2024,12,December,Tuesday,22761.199999999997,21623.14
2024-12-03,ORD030970,CUST03676,P005,Office Chair,Furniture,Mumbai,Online,UPI,2,8684.72,0.0,17369.44,17369.44,0,4332.04,2024,12,December,Tuesday,17369.44,17369.44
2024-12-03,ORD028205,CUST03127,P016,Sofa,Furniture,Hyderabad,Online,UPI,1,32195.78,0.05,32195.78,30585.99,0,6370.35,2024,12,December,Tuesday,32195.78,30585.990999999998
2024-12-03,ORD019188,CUST00392,P002,Smartphone,Electronics,Jaipur,Store,UPI,1,27217.47,0.05,27217.47,25856.6,0,3214.46,2024,12,December,Tuesday,27217.47,25856.5965
2024-12-03,ORD021486,CUST02235,P015,Dining Table,Furniture,Chennai,Store,UPI,4,20058.7,0.0,80234.8,80234.8,0,16778.22,2024,12,December,Tuesday,80234.8,80234.8
2024-12-03,ORD042734,CUST02627,P014,Keyboard,Electronics,Ahmedabad,Store,Net Banking,3,2315.18,0.05,6945.54,6598.26,0,1897.64,2024,12,December,Tuesday,6945.539999999999,6598.263
2024-12-03,ORD038428,CUST02434,P008,Running Shoes,Fashion,Delhi,Store,Credit Card,1,4513.62,0.2,4513.62,3610.9,0,746.93,2024,12,December,Tuesday,4513.62,3610.896
2024-12-03,ORD016044,CUST03257,P012,Air Fryer,Home,Bengaluru,Online,UPI,1,7093.78,0.05,7093.78,6739.09,0,978.33,2024,12,December,Tuesday,7093.78,6739.090999999999
2024-12-03,ORD000691,CUST00010,P015,Dining Table,Furniture,Ahmedabad,Store,UPI,1,20502.38,0.1,20502.38,18452.14,0,2749.15,2024,12,December,Tuesday,20502.38,18452.142
2024-12-03,ORD018902,CUST00259,P019,Vacuum Cleaner,Home,Mumbai,Online,Cash,1,9254.09,0.25,9254.09,6940.57,0,983.77,2024,12,December,Tuesday,9254.09,6940.5675
2024-12-03,ORD026484,CUST02983,P002,Smartphone,Electronics,Delhi,Online,UPI,1,25715.94,0.15,25715.94,21858.55,0,1668.07,2024,12,December,Tuesday,25715.94,21858.549
2024-12-03,ORD004128,CUST00476,P005,Office Chair,Furniture,Bengaluru,Online,Debit Card,3,10258.64,0.25,30775.92,23081.94,0,4488.32,2024,12,December,Tuesday,30775.92,23081.94
2024-12-03,ORD028254,CUST01377,P016,Sofa,Furniture,Delhi,Online,Net Banking,3,38019.26,0.2,114057.78,91246.22,0,17682.57,2024,12,December,Tuesday,114057.78,91246.224
2024-12-03,ORD040274,CUST01981,P001,Laptop,Electronics,Mumbai,Online,Debit Card,1,67963.13,0.05,67963.13,64564.97,0,14374.94,2024,12,December,Tuesday,67963.13,64564.9735
2024-12-03,ORD038579,CUST01993,P011,Mixer Grinder,Home,Pune,Online,Debit Card,1,4510.93,0.0,4510.93,4510.93,0,813.26,2024,12,December,Tuesday,4510.93,4510.93
2024-12-03,ORD006429,CUST03561,P008,Running Shoes,Fashion,Jaipur,Store,UPI,1,4356.26,0.1,4356.26,3920.63,0,290.38,2024,12,December,Tuesday,4356.26,3920.6340000000005
2024-12-03,ORD021173,CUST02163,P015,Dining Table,Furniture,Jaipur,Online,UPI,3,23272.03,0.15,69816.09,59343.68,0,13655.2,2024,12,December,Tuesday,69816.09,59343.676499999994
2024-12-03,ORD024162,CUST02078,P013,Monitor,Electronics,Pune,Store,UPI,1,17125.23,0.0,17125.23,17125.23,0,3958.59,2024,12,December,Tuesday,17125.23,17125.23
2024-12-03,ORD022659,CUST04143,P018,Jacket,Fashion,Bengaluru,Online,UPI,1,5540.76,0.05,5540.76,5263.72,0,1318.13,2024,12,December,Tuesday,5540.76,5263.722
2024-12-03,ORD037440,CUST02481,P020,Microwave,Home,Jaipur,Store,UPI,2,10080.42,0.1,20160.84,18144.76,0,3655.96,2024,12,December,Tuesday,20160.84,18144.756
2024-12-03,ORD026131,CUST01247,P007,Backpack,Accessories,Bengaluru,Online,Credit Card,1,2128.6,0.05,2128.6,2022.17,0,306.14,2024,12,December,Tuesday,2128.6,2022.1699999999998
2024-12-03,ORD002568,CUST00868,P010,Coffee Maker,Home,Surat,Store,Credit Card,1,5049.65,0.0,5049.65,5049.65,0,555.38,2024,12,December,Tuesday,5049.65,5049.65
2024-12-03,ORD043921,CUST01862,P011,Mixer Grinder,Home,Hyderabad,Online,Cash,1,4899.72,0.1,4899.72,4409.75,0,1005.34,2024,12,December,Tuesday,4899.72,4409.7480000000005
2024-12-03,ORD011699,CUST03745,P020,Microwave,Home,Pune,Online,Net Banking,5,10957.5,0.2,54787.5,43830.0,0,8775.53,2024,12,December,Tuesday,54787.5,43830.0
2024-12-03,ORD041267,CUST01997,P007,Backpack,Accessories,Ahmedabad,Online,Credit Card,1,2355.5,0.0,2355.5,2355.5,0,354.54,2024,12,December,Tuesday,2355.5,2355.5
2024-12-03,ORD006941,CUST03528,P007,Backpack,Accessories,Jaipur,Online,Debit Card,2,2172.03,0.1,4344.06,3909.65,0,351.37,2024,12,December,Tuesday,4344.06,3909.6540000000005
2024-12-03,ORD044094,CUST00436,P001,Laptop,Electronics,Jaipur,Online,Credit Card,1,68860.62,0.05,68860.62,65417.59,0,9762.39,2024,12,December,Tuesday,68860.62,65417.58899999999
2024-12-03,ORD026039,CUST02432,P004,Smartwatch,Electronics,Bengaluru,Online,Net Banking,2,6448.0,0.05,12896.0,12251.2,0,1277.35,2024,12,December,Tuesday,12896.0,12251.199999999999
2024-12-03,ORD032588,CUST03610,P018,Jacket,Fashion,Kolkata,Online,Debit Card,4,5271.61,0.05,21086.44,20032.12,1,-1001.61,2024,12,December,Tuesday,21086.44,20032.118
2024-12-03,ORD047883,CUST04993,P019,Vacuum Cleaner,Home,Hyderabad,Online,Credit Card,3,9285.36,0.1,27856.08,25070.47,0,1731.71,2024,12,December,Tuesday,27856.08,25070.472
2024-12-03,ORD017804,CUST03442,P013,Monitor,Electronics,Delhi,Store,UPI,2,16284.72,0.0,32569.44,32569.44,0,5679.4,2024,12,December,Tuesday,32569.44,32569.44
2024-12-03,ORD005477,CUST02662,P001,Laptop,Electronics,Delhi,Online,UPI,1,60063.55,0.05,60063.55,57060.37,0,14861.97,2024,12,December,Tuesday,60063.55,57060.3725
2024-12-03,ORD023334,CUST03328,P019,Vacuum Cleaner,Home,Delhi,Store,Credit Card,4,9341.68,0.1,37366.72,33630.05,0,8219.6,2024,12,December,Tuesday,37366.72,33630.048
2024-12-03,ORD041459,CUST03819,P013,Monitor,Electronics,Kolkata,Store,Debit Card,5,17362.39,0.2,86811.95,69449.56,0,16360.66,2024,12,December,Tuesday,86811.95,69449.56
2024-12-03,ORD002614,CUST02590,P010,Coffee Maker,Home,Jaipur,Store,Cash,1,5787.13,0.05,5787.13,5497.77,0,581.48,2024,12,December,Tuesday,5787.13,5497.7735
2024-12-03,ORD048574,CUST04797,P008,Running Shoes,Fashion,Hyderabad,Online,Net Banking,3,4617.87,0.25,13853.61,10390.21,0,1093.18,2024,12,December,Tuesday,13853.61,10390.2075
2024-12-03,ORD003948,CUST01778,P012,Air Fryer,Home,Surat,Online,Credit Card,1,6640.65,0.15,6640.65,5644.55,1,-282.23,2024,12,December,Tuesday,6640.65,5644.5525
2024-12-03,ORD033200,CUST04636,P005,Office Chair,Furniture,Surat,Store,UPI,1,9234.66,0.05,9234.66,8772.93,0,1075.98,2024,12,December,Tuesday,9234.66,8772.927
2024-12-03,ORD035320,CUST02977,P019,Vacuum Cleaner,Home,Pune,Online,UPI,1,9449.13,0.05,9449.13,8976.67,0,2409.35,2024,12,December,Tuesday,9449.13,8976.673499999999
2024-12-03,ORD000351,CUST04262,P017,Jeans,Fashion,Kolkata,Online,UPI,1,3066.21,0.05,3066.21,2912.9,0,779.53,2024,12,December,Tuesday,3066.21,2912.8995
2024-12-03,ORD013306,CUST04277,P003,Headphones,Electronics,Chennai,Online,UPI,1,4747.68,0.25,4747.68,3560.76,0,338.1,2024,12,December,Tuesday,4747.68,3560.76
2024-12-03,ORD018470,CUST02971,P019,Vacuum Cleaner,Home,Surat,Online,Credit Card,1,8270.17,0.05,8270.17,7856.66,0,651.59,2024,12,December,Tuesday,8270.17,7856.661499999999
2024-12-03,ORD019962,CUST01880,P010,Coffee Maker,Home,Pune,Store,UPI,3,5203.6,0.0,15610.8,15610.8,0,4545.77,2024,12,December,Tuesday,15610.800000000001,15610.8
2024-12-03,ORD018446,CUST00564,P014,Keyboard,Electronics,Chennai,Online,Credit Card,5,2310.13,0.15,11550.65,9818.05,0,2218.6,2024,12,December,Tuesday,11550.650000000001,9818.0525
2024-12-03,ORD040827,CUST02294,P016,Sofa,Furniture,Jaipur,Online,Cash,1,33985.98,0.25,33985.98,25489.48,0,1398.44,2024,12,December,Tuesday,33985.98,25489.485
2024-12-03,ORD045509,CUST00610,P013,Monitor,Electronics,Bengaluru,Online,Cash,2,17074.31,0.1,34148.62,30733.76,0,3681.51,2024,12,December,Tuesday,34148.62,30733.758
2024-12-03,ORD039183,CUST01938,P012,Air Fryer,Home,Pune,Online,Credit Card,4,7606.18,0.1,30424.72,27382.25,0,7504.84,2024,12,December,Tuesday,30424.72,27382.248000000003
2024-12-03,ORD027763,CUST01799,P018,Jacket,Fashion,Kolkata,Online,Net Banking,1,5359.26,0.0,5359.26,5359.26,0,1176.27,2024,12,December,Tuesday,5359.26,5359.26
2024-12-03,ORD001018,CUST01331,P011,Mixer Grinder,Home,Surat,Online,UPI,3,5278.0,0.0,15834.0,15834.0,0,3789.47,2024,12,December,Tuesday,15834.0,15834.0
2024-12-04,ORD040518,CUST04257,P015,Dining Table,Furniture,Mumbai,Online,Debit Card,1,21449.63,0.0,21449.63,21449.63,0,3648.61,2024,12,December,Wednesday,21449.63,21449.63
2024-12-04,ORD027230,CUST00578,P011,Mixer Grinder,Home,Jaipur,Online,UPI,2,4893.5,0.2,9787.0,7829.6,0,1029.93,2024,12,December,Wednesday,9787.0,7829.6
2024-12-04,ORD039769,CUST01807,P010,Coffee Maker,Home,Pune,Store,UPI,4,5967.97,0.1,23871.88,21484.69,0,4746.82,2024,12,December,Wednesday,23871.88,21484.692000000003
2024-12-04,ORD024589,CUST01816,P018,Jacket,Fashion,Ahmedabad,Online,Net Banking,1,5473.39,0.0,5473.39,5473.39,0,1182.37,2024,12,December,Wednesday,5473.39,5473.39
2024-12-04,ORD019594,CUST02519,P002,Smartphone,Electronics,Kolkata,Online,Cash,1,30556.74,0.0,30556.74,30556.74,0,4901.45,2024,12,December,Wednesday,30556.74,30556.74
2024-12-04,ORD040672,CUST04911,P009,T-Shirt,Fashion,Jaipur,Online,Debit Card,1,1100.24,0.15,1100.24,935.2,0,135.62,2024,12,December,Wednesday,1100.24,935.204
2024-12-04,ORD047746,CUST00358,P004,Smartwatch,Electronics,Ahmedabad,Online,Net Banking,2,6799.37,0.25,13598.74,10199.06,0,738.07,2024,12,December,Wednesday,13598.74,10199.055
2024-12-04,ORD011235,CUST00187,P012,Air Fryer,Home,Mumbai,Store,Debit Card,1,7254.17,0.05,7254.17,6891.46,0,1380.14,2024,12,December,Wednesday,7254.17,6891.461499999999
2024-12-04,ORD015910,CUST00099,P010,Coffee Maker,Home,Hyderabad,Store,UPI,5,5038.69,0.0,25193.45,25193.45,0,2742.64,2024,12,December,Wednesday,25193.449999999997,25193.45
2024-12-04,ORD047765,CUST01038,P010,Coffee Maker,Home,Kolkata,Online,Debit Card,1,5717.59,0.0,5717.59,5717.59,0,1715.27,2024,12,December,Wednesday,5717.59,5717.59
2024-12-04,ORD020864,CUST01581,P020,Microwave,Home,Chennai,Online,UPI,2,11451.45,0.1,22902.9,20612.61,0,5372.94,2024,12,December,Wednesday,22902.9,20612.61
2024-12-04,ORD028208,CUST01838,P016,Sofa,Furniture,Mumbai,Online,UPI,1,38127.19,0.0,38127.19,38127.19,0,6958.2,2024,12,December,Wednesday,38127.19,38127.19
2024-12-04,ORD023487,CUST03035,P014,Keyboard,Electronics,Kolkata,Store,Debit Card,4,2253.87,0.0,9015.48,9015.48,0,2480.4,2024,12,December,Wednesday,9015.48,9015.48
2024-12-04,ORD020905,CUST03435,P011,Mixer Grinder,Home,Delhi,Online,Credit Card,1,4511.53,0.05,4511.53,4285.95,0,520.67,2024,12,December,Wednesday,4511.53,4285.9535
2024-12-04,ORD021295,CUST00268,P004,Smartwatch,Electronics,Delhi,Online,UPI,1,6853.59,0.05,6853.59,6510.91,0,991.09,2024,12,December,Wednesday,6853.59,6510.9105
2024-12-04,ORD003846,CUST01459,P007,Backpack,Accessories,Mumbai,Online,Debit Card,1,1981.49,0.25,1981.49,1486.12,0,348.78,2024,12,December,Wednesday,1981.49,1486.1175
2024-12-04,ORD007526,CUST01796,P017,Jeans,Fashion,Kolkata,Store,UPI,2,2823.69,0.2,5647.38,4517.9,1,-225.9,2024,12,December,Wednesday,5647.38,4517.904
2024-12-04,ORD041840,CUST02872,P015,Dining Table,Furniture,Bengaluru,Online,UPI,3,22907.53,0.05,68722.59,65286.46,0,11033.72,2024,12,December,Wednesday,68722.59,65286.460499999994
2024-12-04,ORD049330,CUST01483,P004,Smartwatch,Electronics,Chennai,Store,Credit Card,5,6364.45,0.1,31822.25,28640.02,0,7759.9,2024,12,December,Wednesday,31822.25,28640.025
2024-12-04,ORD031434,CUST01009,P014,Keyboard,Electronics,Pune,Online,UPI,1,2617.2,0.1,2617.2,2355.48,0,282.09,2024,12,December,Wednesday,2617.2,2355.48
2024-12-04,ORD007333,CUST02429,P013,Monitor,Electronics,Mumbai,Store,Credit Card,1,18999.64,0.0,18999.64,18999.64,0,2060.91,2024,12,December,Wednesday,18999.64,18999.64
2024-12-04,ORD046834,CUST04698,P011,Mixer Grinder,Home,Jaipur,Online,UPI,2,5197.93,0.05,10395.86,9876.07,0,870.09,2024,12,December,Wednesday,10395.86,9876.067000000001
2024-12-04,ORD009155,CUST00227,P004,Smartwatch,Electronics,Jaipur,Online,Credit Card,1,7687.08,0.15,7687.08,6534.02,0,725.74,2024,12,December,Wednesday,7687.08,6534.018
2024-12-04,ORD009740,CUST03917,P012,Air Fryer,Home,Jaipur,Store,Credit Card,1,7375.39,0.2,7375.39,5900.31,0,1235.83,2024,12,December,Wednesday,7375.39,5900.312000000001
2024-12-04,ORD045932,CUST02272,P010,Coffee Maker,Home,Bengaluru,Online,Debit Card,1,5131.04,0.05,5131.04,4874.49,0,650.44,2024,12,December,Wednesday,5131.04,4874.487999999999
2024-12-04,ORD048839,CUST00030,P012,Air Fryer,Home,Ahmedabad,Online,Debit Card,4,6839.83,0.15,27359.32,23255.42,0,5695.37,2024,12,December,Wednesday,27359.32,23255.422
2024-12-04,ORD010157,CUST01843,P016,Sofa,Furniture,Bengaluru,Store,Cash,5,36583.26,0.15,182916.3,155478.86,0,19703.86,2024,12,December,Wednesday,182916.30000000002,155478.85499999998
2024-12-04,ORD036186,CUST00107,P007,Backpack,Accessories,Mumbai,Online,Debit Card,1,2270.21,0.1,2270.21,2043.19,0,408.68,2024,12,December,Wednesday,2270.21,2043.189
2024-12-04,ORD010294,CUST02900,P001,Laptop,Electronics,Bengaluru,Store,Net Banking,1,65907.17,0.1,65907.17,59316.45,0,10924.8,2024,12,December,Wednesday,65907.17,59316.453
2024-12-04,ORD013326,CUST02817,P008,Running Shoes,Fashion,Jaipur,Online,UPI,2,4362.45,0.2,8724.9,6979.92,0,398.66,2024,12,December,Wednesday,8724.9,6979.92
2024-12-04,ORD026227,CUST01118,P013,Monitor,Electronics,Chennai,Online,Debit Card,1,17933.61,0.0,17933.61,17933.61,0,3741.69,2024,12,December,Wednesday,17933.61,17933.61
2024-12-04,ORD045561,CUST03169,P020,Microwave,Home,Chennai,Store,UPI,2,10172.24,0.15,20344.48,17292.81,0,2068.37,2024,12,December,Wednesday,20344.48,17292.808
2024-12-04,ORD000712,CUST04894,P018,Jacket,Fashion,Delhi,Online,Credit Card,2,5589.99,0.1,11179.98,10061.98,0,2629.38,2024,12,December,Wednesday,11179.98,10061.982
2024-12-04,ORD002022,CUST02368,P017,Jeans,Fashion,Bengaluru,Store,UPI,2,2762.45,0.05,5524.9,5248.66,0,441.9,2024,12,December,Wednesday,5524.9,5248.655
2024-12-04,ORD017537,CUST00043,P020,Microwave,Home,Mumbai,Store,Credit Card,2,11030.12,0.0,22060.24,22060.24,0,4076.59,2024,12,December,Wednesday,22060.24,22060.24
2024-12-04,ORD017098,CUST01052,P017,Jeans,Fashion,Chennai,Online,UPI,1,2614.51,0.0,2614.51,2614.51,0,236.54,2024,12,December,Wednesday,2614.51,2614.51
2024-12-04,ORD002591,CUST00555,P003,Headphones,Electronics,Bengaluru,Store,Net Banking,1,4088.95,0.1,4088.95,3680.06,0,275.58,2024,12,December,Wednesday,4088.95,3680.055
2024-12-04,ORD026759,CUST02253,P001,Laptop,Electronics,Chennai,Online,UPI,1,58931.42,0.1,58931.42,53038.28,0,6642.45,2024,12,December,Wednesday,58931.42,53038.278
2024-12-04,ORD002098,CUST00752,P001,Laptop,Electronics,Surat,Online,Cash,1,58529.29,0.2,58529.29,46823.43,0,10112.41,2024,12,December,Wednesday,58529.29,46823.432
2024-12-04,ORD030127,CUST01381,P010,Coffee Maker,Home,Bengaluru,Store,Cash,2,5110.97,0.0,10221.94,10221.94,0,2592.26,2024,12,December,Wednesday,10221.94,10221.94
2024-12-04,ORD010130,CUST00476,P019,Vacuum Cleaner,Home,Jaipur,Store,Net Banking,3,9676.82,0.05,29030.46,27578.94,0,3424.43,2024,12,December,Wednesday,29030.46,27578.936999999998
2024-12-04,ORD013634,CUST01836,P004,Smartwatch,Electronics,Mumbai,Online,UPI,2,7269.58,0.15,14539.16,12358.29,0,2015.67,2024,12,December,Wednesday,14539.16,12358.286
2024-12-04,ORD022062,CUST01756,P003,Headphones,Electronics,Mumbai,Online,Cash,1,4319.88,0.05,4319.88,4103.89,0,861.72,2024,12,December,Wednesday,4319.88,4103.8859999999995
2024-12-04,ORD014529,CUST03498,P018,Jacket,Fashion,Surat,Online,Credit Card,1,5039.14,0.1,5039.14,4535.23,0,523.49,2024,12,December,Wednesday,5039.14,4535.226000000001
2024-12-04,ORD012098,CUST04055,P013,Monitor,Electronics,Mumbai,Online,Credit Card,1,16309.84,0.0,16309.84,16309.84,0,4098.64,2024,12,December,Wednesday,16309.84,16309.84
2024-12-04,ORD044461,CUST01034,P005,Office Chair,Furniture,Bengaluru,Online,Credit Card,1,8926.88,0.05,8926.88,8480.54,0,1458.08,2024,12,December,Wednesday,8926.88,8480.535999999998
2024-12-04,ORD002290,CUST01045,P004,Smartwatch,Electronics,Ahmedabad,Online,Debit Card,1,6757.94,0.25,6757.94,5068.46,0,363.95,2024,12,December,Wednesday,6757.94,5068.455
2024-12-04,ORD014204,CUST03883,P019,Vacuum Cleaner,Home,Mumbai,Online,Credit Card,1,9067.78,0.1,9067.78,8161.0,0,495.83,2024,12,December,Wednesday,9067.78,8161.002
2024-12-04,ORD006646,CUST04843,P020,Microwave,Home,Mumbai,Online,Credit Card,1,10627.42,0.2,10627.42,8501.94,0,1737.6,2024,12,December,Wednesday,10627.42,8501.936
2024-12-04,ORD033696,CUST00412,P011,Mixer Grinder,Home,Pune,Store,Credit Card,1,4535.9,0.0,4535.9,4535.9,0,932.89,2024,12,December,Wednesday,4535.9,4535.9
2024-12-04,ORD029228,CUST02558,P018,Jacket,Fashion,Bengaluru,Online,Net Banking,1,5624.42,0.05,5624.42,5343.2,1,-267.16,2024,12,December,Wednesday,5624.42,5343.199
2024-12-04,ORD027027,CUST04468,P004,Smartwatch,Electronics,Hyderabad,Online,UPI,3,7692.05,0.1,23076.15,20768.54,0,1393.2,2024,12,December,Wednesday,23076.15,20768.535000000003
2024-12-04,ORD023783,CUST04757,P019,Vacuum Cleaner,Home,Kolkata,Store,UPI,1,9189.4,0.1,9189.4,8270.46,0,1293.93,2024,12,December,Wednesday,9189.4,8270.46
2024-12-04,ORD006125,CUST02930,P001,Laptop,Electronics,Chennai,Store,Cash,2,59331.52,0.0,118663.04,118663.04,0,10614.19,2024,12,December,Wednesday,118663.04,118663.04
2024-12-04,ORD011104,CUST03585,P010,Coffee Maker,Home,Ahmedabad,Store,Credit Card,1,6041.32,0.05,6041.32,5739.25,0,939.01,2024,12,December,Wednesday,6041.32,5739.254
2024-12-04,ORD006354,CUST00872,P001,Laptop,Electronics,Mumbai,Online,Debit Card,4,59187.62,0.1,236750.48,213075.43,0,36408.93,2024,12,December,Wednesday,236750.48,213075.432
2024-12-04,ORD005034,CUST04028,P013,Monitor,Electronics,Hyderabad,Online,UPI,1,17505.53,0.1,17505.53,15754.98,0,4184.91,2024,12,December,Wednesday,17505.53,15754.976999999999
2024-12-04,ORD048350,CUST02532,P015,Dining Table,Furniture,Kolkata,Online,UPI,1,20598.3,0.15,20598.3,17508.56,0,3358.7,2024,12,December,Wednesday,20598.3,17508.555
2024-12-04,ORD046271,CUST00170,P013,Monitor,Electronics,Bengaluru,Online,UPI,1,16793.11,0.1,16793.11,15113.8,0,4127.46,2024,12,December,Wednesday,16793.11,15113.799
2024-12-04,ORD004944,CUST02067,P003,Headphones,Electronics,Mumbai,Online,UPI,1,4254.8,0.05,4254.8,4042.06,0,860.13,2024,12,December,Wednesday,4254.8,4042.06
2024-12-04,ORD016950,CUST00086,P016,Sofa,Furniture,Delhi,Store,UPI,1,31547.83,0.25,31547.83,23660.87,0,2521.45,2024,12,December,Wednesday,31547.83,23660.8725
2024-12-04,ORD024359,CUST00376,P020,Microwave,Home,Jaipur,Online,UPI,2,10874.02,0.05,21748.04,20660.64,0,3162.29,2024,12,December,Wednesday,21748.04,20660.638
2024-12-04,ORD034020,CUST00400,P009,T-Shirt,Fashion,Surat,Store,UPI,2,1106.72,0.25,2213.44,1660.08,0,343.46,2024,12,December,Wednesday,2213.44,1660.08
2024-12-04,ORD011537,CUST00499,P004,Smartwatch,Electronics,Ahmedabad,Store,UPI,1,7692.03,0.0,7692.03,7692.03,0,674.41,2024,12,December,Wednesday,7692.03,7692.03
2024-12-04,ORD008137,CUST03069,P015,Dining Table,Furniture,Delhi,Online,Debit Card,2,24022.39,0.05,48044.78,45642.54,0,6907.2,2024,12,December,Wednesday,48044.78,45642.541
2024-12-05,ORD031388,CUST00105,P011,Mixer Grinder,Home,Pune,Online,Cash,1,4707.82,0.1,4707.82,4237.04,1,-211.85,2024,12,December,Thursday,4707.82,4237.038
2024-12-05,ORD040029,CUST00506,P006,Desk,Furniture,Chennai,Online,Credit Card,1,12495.5,0.05,12495.5,11870.72,0,2043.9,2024,12,December,Thursday,12495.5,11870.724999999999
2024-12-05,ORD017842,CUST01625,P018,Jacket,Fashion,Kolkata,Store,Debit Card,1,5539.4,0.25,5539.4,4154.55,0,727.79,2024,12,December,Thursday,5539.4,4154.549999999999
2024-12-05,ORD005646,CUST02944,P012,Air Fryer,Home,Bengaluru,Online,UPI,1,6708.01,0.05,6708.01,6372.61,0,1534.13,2024,12,December,Thursday,6708.01,6372.6095
2024-12-05,ORD017788,CUST01443,P003,Headphones,Electronics,Delhi,Store,UPI,1,4686.03,0.25,4686.03,3514.52,0,140.58,2024,12,December,Thursday,4686.03,3514.5225
2024-12-05,ORD046806,CUST02856,P009,T-Shirt,Fashion,Delhi,Store,UPI,4,1274.86,0.1,5099.44,4589.5,0,286.33,2024,12,December,Thursday,5099.44,4589.496
2024-12-05,ORD004343,CUST00007,P015,Dining Table,Furniture,Ahmedabad,Store,UPI,1,20611.5,0.1,20611.5,18550.35,0,2276.3,2024,12,December,Thursday,20611.5,18550.350000000002
2024-12-05,ORD024848,CUST01767,P016,Sofa,Furniture,Jaipur,Online,UPI,1,37834.99,0.0,37834.99,37834.99,0,5955.67,2024,12,December,Thursday,37834.99,37834.99
2024-12-05,ORD024839,CUST01563,P003,Headphones,Electronics,Ahmedabad,Online,Net Banking,1,4300.72,0.05,4300.72,4085.68,0,554.72,2024,12,December,Thursday,4300.72,4085.684
2024-12-05,ORD035524,CUST01494,P019,Vacuum Cleaner,Home,Kolkata,Store,Cash,3,9526.06,0.1,28578.18,25720.36,0,5781.03,2024,12,December,Thursday,28578.18,25720.362
2024-12-05,ORD046715,CUST00749,P010,Coffee Maker,Home,Mumbai,Online,UPI,1,5032.67,0.1,5032.67,4529.4,0,1128.87,2024,12,December,Thursday,5032.67,4529.403
2024-12-05,ORD047932,CUST03139,P001,Laptop,Electronics,Delhi,Online,Debit Card,1,64763.44,0.1,64763.44,58287.1,0,12248.91,2024,12,December,Thursday,64763.44,58287.096000000005
2024-12-05,ORD026563,CUST03298,P009,T-Shirt,Fashion,Mumbai,Online,Net Banking,1,1125.4,0.2,1125.4,900.32,0,93.21,2024,12,December,Thursday,1125.4,900.3200000000002
2024-12-05,ORD010502,CUST02183,P020,Microwave,Home,Kolkata,Store,UPI,1,10600.21,0.1,10600.21,9540.19,1,-477.01,2024,12,December,Thursday,10600.21,9540.189
2024-12-05,ORD046899,CUST01763,P020,Microwave,Home,Mumbai,Online,Net Banking,1,11411.87,0.25,11411.87,8558.9,0,551.0,2024,12,December,Thursday,11411.87,8558.9025
2024-12-05,ORD024610,CUST01605,P005,Office Chair,Furniture,Bengaluru,Store,UPI,1,9862.61,0.1,9862.61,8876.35,0,1043.78,2024,12,December,Thursday,9862.61,8876.349
2024-12-05,ORD019720,CUST04033,P002,Smartphone,Electronics,Ahmedabad,Store,Debit Card,2,26552.33,0.1,53104.66,47794.19,0,6298.03,2024,12,December,Thursday,53104.66,47794.194
2024-12-05,ORD046425,CUST00196,P004,Smartwatch,Electronics,Delhi,Online,UPI,1,6307.02,0.0,6307.02,6307.02,0,1241.18,2024,12,December,Thursday,6307.02,6307.02
2024-12-05,ORD039107,CUST02498,P007,Backpack,Accessories,Ahmedabad,Store,UPI,1,2312.64,0.05,2312.64,2197.01,0,520.53,2024,12,December,Thursday,2312.64,2197.008
2024-12-05,ORD048424,CUST01758,P005,Office Chair,Furniture,Pune,Store,UPI,1,9804.81,0.0,9804.81,9804.81,0,2354.09,2024,12,December,Thursday,9804.81,9804.81
2024-12-05,ORD001685,CUST02496,P005,Office Chair,Furniture,Jaipur,Online,Credit Card,4,9771.37,0.1,39085.48,35176.93,0,9110.19,2024,12,December,Thursday,39085.48,35176.932
2024-12-05,ORD040592,CUST01980,P013,Monitor,Electronics,Pune,Online,Debit Card,1,19492.95,0.25,19492.95,14619.71,0,782.31,2024,12,December,Thursday,19492.95,14619.712500000001
2024-12-05,ORD001706,CUST02253,P002,Smartphone,Electronics,Ahmedabad,Online,Credit Card,2,27813.0,0.05,55626.0,52844.7,0,10188.58,2024,12,December,Thursday,55626.0,52844.7
2024-12-05,ORD020044,CUST03956,P002,Smartphone,Electronics,Surat,Store,UPI,2,27273.7,0.25,54547.4,40910.55,1,-2045.53,2024,12,December,Thursday,54547.4,40910.55
2024-12-05,ORD006788,CUST02337,P015,Dining Table,Furniture,Surat,Online,Debit Card,1,24085.56,0.25,24085.56,18064.17,0,1212.05,2024,12,December,Thursday,24085.56,18064.170000000002
2024-12-05,ORD000663,CUST01916,P007,Backpack,Accessories,Kolkata,Online,Credit Card,1,2158.82,0.05,2158.82,2050.88,0,503.83,2024,12,December,Thursday,2158.82,2050.879
2024-12-05,ORD020010,CUST04292,P015,Dining Table,Furniture,Kolkata,Online,Credit Card,2,21205.28,0.0,42410.56,42410.56,0,5939.5,2024,12,December,Thursday,42410.56,42410.56
2024-12-05,ORD004604,CUST04664,P015,Dining Table,Furniture,Chennai,Online,UPI,1,21470.39,0.05,21470.39,20396.87,0,5536.66,2024,12,December,Thursday,21470.39,20396.870499999997
2024-12-05,ORD022553,CUST03817,P002,Smartphone,Electronics,Chennai,Online,UPI,4,29163.58,0.2,116654.32,93323.46,0,13593.48,2024,12,December,Thursday,116654.32,93323.456
2024-12-05,ORD048399,CUST04498,P020,Microwave,Home,Mumbai,Store,UPI,2,10564.88,0.15,21129.76,17960.3,0,2671.52,2024,12,December,Thursday,21129.76,17960.296
2024-12-05,ORD016899,CUST02639,P011,Mixer Grinder,Home,Ahmedabad,Online,Debit Card,1,4394.04,0.1,4394.04,3954.64,0,673.7,2024,12,December,Thursday,4394.04,3954.636
2024-12-05,ORD006012,CUST00651,P014,Keyboard,Electronics,Hyderabad,Store,UPI,1,2349.7,0.1,2349.7,2114.73,1,-105.74,2024,12,December,Thursday,2349.7,2114.73
2024-12-05,ORD026152,CUST02669,P008,Running Shoes,Fashion,Kolkata,Online,UPI,1,4488.43,0.1,4488.43,4039.59,0,1083.53,2024,12,December,Thursday,4488.43,4039.5870000000004
2024-12-05,ORD008624,CUST01535,P013,Monitor,Electronics,Hyderabad,Online,Debit Card,1,18322.4,0.1,18322.4,16490.16,0,3908.48,2024,12,December,Thursday,18322.4,16490.160000000003
2024-12-05,ORD034316,CUST00656,P017,Jeans,Fashion,Surat,Online,UPI,1,2635.67,0.1,2635.67,2372.1,0,361.16,2024,12,December,Thursday,2635.67,2372.103
2024-12-05,ORD000335,CUST03941,P004,Smartwatch,Electronics,Pune,Online,Credit Card,3,7387.51,0.0,22162.53,22162.53,0,4023.28,2024,12,December,Thursday,22162.53,22162.53
2024-12-05,ORD045206,CUST01545,P007,Backpack,Accessories,Jaipur,Online,Credit Card,1,2285.06,0.0,2285.06,2285.06,0,515.14,2024,12,December,Thursday,2285.06,2285.06
2024-12-05,ORD025037,CUST00187,P009,T-Shirt,Fashion,Delhi,Online,Debit Card,2,1117.33,0.0,2234.66,2234.66,0,283.12,2024,12,December,Thursday,2234.66,2234.66
2024-12-05,ORD019655,CUST02202,P004,Smartwatch,Electronics,Hyderabad,Online,Credit Card,5,7058.01,0.05,35290.05,33525.55,0,8873.53,2024,12,December,Thursday,35290.05,33525.5475
2024-12-05,ORD004616,CUST01538,P003,Headphones,Electronics,Hyderabad,Online,Credit Card,1,4251.04,0.0,4251.04,4251.04,0,1180.79,2024,12,December,Thursday,4251.04,4251.04
2024-12-05,ORD013205,CUST00222,P006,Desk,Furniture,Delhi,Store,Cash,1,12466.98,0.1,12466.98,11220.28,0,1166.86,2024,12,December,Thursday,12466.98,11220.282
2024-12-05,ORD019527,CUST01948,P017,Jeans,Fashion,Surat,Online,UPI,1,2689.51,0.05,2689.51,2555.03,0,268.45,2024,12,December,Thursday,2689.51,2555.0345
2024-12-05,ORD007357,CUST00613,P012,Air Fryer,Home,Surat,Online,UPI,1,6802.53,0.1,6802.53,6122.28,0,835.25,2024,12,December,Thursday,6802.53,6122.277
2024-12-05,ORD042348,CUST00145,P017,Jeans,Fashion,Ahmedabad,Online,Credit Card,1,2839.52,0.05,2839.52,2697.54,0,573.04,2024,12,December,Thursday,2839.52,2697.544
2024-12-05,ORD031246,CUST03036,P019,Vacuum Cleaner,Home,Chennai,Online,Debit Card,1,8600.7,0.1,8600.7,7740.63,0,1933.58,2024,12,December,Thursday,8600.7,7740.630000000001
2024-12-05,ORD024357,CUST00347,P005,Office Chair,Furniture,Hyderabad,Store,Net Banking,4,9877.72,0.1,39510.88,35559.79,0,4842.8,2024,12,December,Thursday,39510.88,35559.792
2024-12-05,ORD038138,CUST00262,P014,Keyboard,Electronics,Bengaluru,Online,UPI,1,2291.01,0.2,2291.01,1832.81,0,229.6,2024,12,December,Thursday,2291.01,1832.8080000000002
2024-12-05,ORD007056,CUST02978,P007,Backpack,Accessories,Kolkata,Store,UPI,1,2114.76,0.05,2114.76,2009.02,0,228.84,2024,12,December,Thursday,2114.76,2009.0220000000002
2024-12-05,ORD002644,CUST01269,P013,Monitor,Electronics,Jaipur,Online,Credit Card,1,17186.48,0.15,17186.48,14608.51,0,2102.51,2024,12,December,Thursday,17186.48,14608.508
2024-12-05,ORD006409,CUST04060,P015,Dining Table,Furniture,Bengaluru,Store,Debit Card,1,22402.71,0.05,22402.71,21282.57,0,4011.39,2024,12,December,Thursday,22402.71,21282.5745
2024-12-05,ORD010801,CUST04629,P004,Smartwatch,Electronics,Kolkata,Store,Cash,1,7674.78,0.1,7674.78,6907.3,0,1074.57,2024,12,December,Thursday,7674.78,6907.302
2024-12-05,ORD030726,CUST04554,P002,Smartphone,Electronics,Surat,Online,Credit Card,2,28063.72,0.05,56127.44,53321.07,0,7971.77,2024,12,December,Thursday,56127.44,53321.068
2024-12-05,ORD025619,CUST03688,P015,Dining Table,Furniture,Surat,Online,Debit Card,1,19905.46,0.0,19905.46,19905.46,0,3965.69,2024,12,December,Thursday,19905.46,19905.46
2024-12-05,ORD030551,CUST02294,P002,Smartphone,Electronics,Bengaluru,Store,UPI,1,27933.71,0.05,27933.71,26537.02,0,7565.54,2024,12,December,Thursday,27933.71,26537.0245
2024-12-05,ORD037748,CUST04523,P018,Jacket,Fashion,Surat,Store,Debit Card,2,4739.9,0.05,9479.8,9005.81,0,1067.77,2024,12,December,Thursday,9479.8,9005.81
2024-12-05,ORD032956,CUST03890,P008,Running Shoes,Fashion,Surat,Store,UPI,2,4332.25,0.0,8664.5,8664.5,0,1898.57,2024,12,December,Thursday,8664.5,8664.5
2024-12-05,ORD044282,CUST03948,P006,Desk,Furniture,Ahmedabad,Online,UPI,1,12831.24,0.0,12831.24,12831.24,0,3260.99,2024,12,December,Thursday,12831.24,12831.24
2024-12-05,ORD018979,CUST02443,P013,Monitor,Electronics,Hyderabad,Store,Credit Card,1,17318.3,0.05,17318.3,16452.38,0,4636.04,2024,12,December,Thursday,17318.3,16452.385
2024-12-05,ORD033138,CUST04469,P016,Sofa,Furniture,Chennai,Online,Credit Card,1,33111.84,0.15,33111.84,28145.06,0,2984.15,2024,12,December,Thursday,33111.84,28145.063999999995
2024-12-05,ORD037107,CUST03469,P013,Monitor,Electronics,Bengaluru,Store,UPI,1,19160.65,0.0,19160.65,19160.65,0,2625.25,2024,12,December,Thursday,19160.65,19160.65
2024-12-05,ORD023325,CUST01149,P003,Headphones,Electronics,Mumbai,Store,UPI,1,4154.6,0.1,4154.6,3739.14,0,655.43,2024,12,December,Thursday,4154.6,3739.1400000000003
2024-12-05,ORD016060,CUST00224,P012,Air Fryer,Home,Surat,Online,Debit Card,5,7608.02,0.05,38040.1,36138.1,0,3208.46,2024,12,December,Thursday,38040.100000000006,36138.094999999994
2024-12-05,ORD030901,CUST04268,P005,Office Chair,Furniture,Mumbai,Store,Debit Card,1,8679.19,0.0,8679.19,8679.19,0,1915.05,2024,12,December,Thursday,8679.19,8679.19
2024-12-05,ORD004967,CUST03746,P019,Vacuum Cleaner,Home,Hyderabad,Store,UPI,1,8265.81,0.05,8265.81,7852.52,1,-392.63,2024,12,December,Thursday,8265.81,7852.519499999999
2024-12-05,ORD048645,CUST00820,P002,Smartphone,Electronics,Delhi,Online,Debit Card,1,27069.72,0.1,27069.72,24362.75,0,1494.62,2024,12,December,Thursday,27069.72,24362.748000000003
2024-12-05,ORD003192,CUST02863,P004,Smartwatch,Electronics,Hyderabad,Store,UPI,3,7111.14,0.1,21333.42,19200.08,1,-960.0,2024,12,December,Thursday,21333.420000000002,19200.077999999998
2024-12-05,ORD009183,CUST03350,P004,Smartwatch,Electronics,Jaipur,Store,Credit Card,1,7514.16,0.15,7514.16,6387.04,0,358.46,2024,12,December,Thursday,7514.16,6387.036
2024-12-05,ORD044605,CUST01083,P016,Sofa,Furniture,Pune,Store,Net Banking,1,32441.73,0.15,32441.73,27575.47,0,6159.81,2024,12,December,Thursday,32441.73,27575.4705
2024-12-05,ORD044618,CUST04313,P001,Laptop,Electronics,Surat,Online,Net Banking,1,64248.88,0.05,64248.88,61036.44,0,8435.03,2024,12,December,Thursday,64248.88,61036.435999999994
2024-12-06,ORD034608,CUST04277,P007,Backpack,Accessories,Kolkata,Online,Credit Card,1,1982.88,0.0,1982.88,1982.88,0,290.05,2024,12,December,Friday,1982.88,1982.88
2024-12-06,ORD040418,CUST04205,P001,Laptop,Electronics,Bengaluru,Store,Credit Card,1,61512.99,0.0,61512.99,61512.99,0,6050.72,2024,12,December,Friday,61512.99,61512.99
2024-12-06,ORD030733,CUST02739,P007,Backpack,Accessories,Delhi,Online,UPI,1,2206.12,0.05,2206.12,2095.81,0,511.37,2024,12,December,Friday,2206.12,2095.814
2024-12-06,ORD025326,CUST00590,P002,Smartphone,Electronics,Delhi,Online,UPI,1,30602.26,0.05,30602.26,29072.15,0,6146.71,2024,12,December,Friday,30602.26,29072.146999999997
2024-12-06,ORD022697,CUST04788,P013,Monitor,Electronics,Jaipur,Store,Cash,1,19689.7,0.1,19689.7,17720.73,0,3511.96,2024,12,December,Friday,19689.7,17720.73
2024-12-06,ORD046046,CUST04755,P018,Jacket,Fashion,Delhi,Online,Credit Card,1,5511.39,0.15,5511.39,4684.68,0,476.15,2024,12,December,Friday,5511.39,4684.681500000001
2024-12-06,ORD028233,CUST03995,P018,Jacket,Fashion,Surat,Online,UPI,1,5273.07,0.1,5273.07,4745.76,0,965.38,2024,12,December,Friday,5273.07,4745.763
2024-12-06,ORD043216,CUST03948,P011,Mixer Grinder,Home,Ahmedabad,Online,Credit Card,4,4817.63,0.1,19270.52,17343.47,0,2335.56,2024,12,December,Friday,19270.52,17343.468
2024-12-06,ORD013060,CUST02654,P020,Microwave,Home,Mumbai,Online,UPI,1,11385.42,0.1,11385.42,10246.88,0,1380.24,2024,12,December,Friday,11385.42,10246.878
2024-12-06,ORD037995,CUST04535,P008,Running Shoes,Fashion,Mumbai,Online,UPI,1,4158.27,0.0,4158.27,4158.27,0,1185.76,2024,12,December,Friday,4158.27,4158.27
2024-12-06,ORD042169,CUST00854,P008,Running Shoes,Fashion,Bengaluru,Online,UPI,2,4357.02,0.05,8714.04,8278.34,0,1722.04,2024,12,December,Friday,8714.04,8278.338
2024-12-06,ORD013100,CUST01032,P019,Vacuum Cleaner,Home,Kolkata,Online,Credit Card,1,9649.73,0.1,9649.73,8684.76,0,839.37,2024,12,December,Friday,9649.73,8684.757
2024-12-06,ORD039562,CUST01757,P010,Coffee Maker,Home,Delhi,Store,UPI,1,5305.28,0.05,5305.28,5040.02,0,1061.7,2024,12,December,Friday,5305.28,5040.016
2024-12-06,ORD016698,CUST01899,P007,Backpack,Accessories,Pune,Online,Net Banking,1,2025.88,0.25,2025.88,1519.41,0,229.65,2024,12,December,Friday,2025.88,1519.41
2024-12-06,ORD013076,CUST03805,P007,Backpack,Accessories,Ahmedabad,Online,UPI,3,2379.14,0.1,7137.42,6423.68,0,871.28,2024,12,December,Friday,7137.42,6423.678
2024-12-06,ORD026538,CUST01412,P018,Jacket,Fashion,Chennai,Store,UPI,1,5359.9,0.0,5359.9,5359.9,0,828.72,2024,12,December,Friday,5359.9,5359.9
2024-12-06,ORD042311,CUST01083,P011,Mixer Grinder,Home,Bengaluru,Store,Credit Card,1,5112.19,0.05,5112.19,4856.58,0,1083.92,2024,12,December,Friday,5112.19,4856.580499999999
2024-12-06,ORD016845,CUST00641,P011,Mixer Grinder,Home,Surat,Online,UPI,1,5015.93,0.2,5015.93,4012.74,0,492.8,2024,12,December,Friday,5015.93,4012.7440000000006
2024-12-06,ORD003954,CUST02829,P017,Jeans,Fashion,Kolkata,Store,Credit Card,4,2589.15,0.15,10356.6,8803.11,0,2212.94,2024,12,December,Friday,10356.6,8803.11
2024-12-06,ORD034270,CUST00191,P015,Dining Table,Furniture,Jaipur,Store,Cash,1,23701.93,0.0,23701.93,23701.93,0,4355.01,2024,12,December,Friday,23701.93,23701.93
2024-12-06,ORD020322,CUST02264,P007,Backpack,Accessories,Delhi,Online,UPI,1,2362.68,0.1,2362.68,2126.41,0,294.81,2024,12,December,Friday,2362.68,2126.412
2024-12-06,ORD027398,CUST03342,P009,T-Shirt,Fashion,Bengaluru,Online,Cash,1,1208.5,0.0,1208.5,1208.5,0,101.16,2024,12,December,Friday,1208.5,1208.5
2024-12-06,ORD046359,CUST02880,P002,Smartphone,Electronics,Hyderabad,Online,Net Banking,1,28321.62,0.0,28321.62,28321.62,0,8184.31,2024,12,December,Friday,28321.62,28321.62
2024-12-06,ORD026442,CUST02664,P007,Backpack,Accessories,Bengaluru,Store,Debit Card,2,2030.63,0.1,4061.26,3655.13,0,428.47,2024,12,December,Friday,4061.26,3655.1340000000005
2024-12-06,ORD038368,CUST02602,P019,Vacuum Cleaner,Home,Delhi,Online,UPI,1,8326.84,0.1,8326.84,7494.16,0,1768.71,2024,12,December,Friday,8326.84,7494.156
2024-12-06,ORD030822,CUST01852,P019,Vacuum Cleaner,Home,Chennai,Online,UPI,2,9414.55,0.0,18829.1,18829.1,0,4388.39,2024,12,December,Friday,18829.1,18829.1
2024-12-06,ORD009231,CUST01421,P016,Sofa,Furniture,Ahmedabad,Online,Cash,4,31854.14,0.05,127416.56,121045.73,0,19622.06,2024,12,December,Friday,127416.56,121045.73199999999
2024-12-06,ORD040214,CUST03912,P007,Backpack,Accessories,Delhi,Online,UPI,2,2336.91,0.05,4673.82,4440.13,0,1053.82,2024,12,December,Friday,4673.82,4440.129
2024-12-06,ORD014140,CUST03326,P008,Running Shoes,Fashion,Mumbai,Online,Debit Card,1,4017.1,0.0,4017.1,4017.1,0,1095.95,2024,12,December,Friday,4017.1,4017.1
2024-12-06,ORD025178,CUST03983,P001,Laptop,Electronics,Chennai,Store,Net Banking,4,71045.54,0.05,284182.16,269973.05,0,36950.55,2024,12,December,Friday,284182.16,269973.05199999997
2024-12-06,ORD002267,CUST00752,P002,Smartphone,Electronics,Hyderabad,Store,Debit Card,4,29409.75,0.0,117639.0,117639.0,0,16581.61,2024,12,December,Friday,117639.0,117639.0
2024-12-06,ORD002578,CUST01644,P013,Monitor,Electronics,Ahmedabad,Online,Net Banking,2,18206.54,0.05,36413.08,34592.43,0,3707.38,2024,12,December,Friday,36413.08,34592.426
2024-12-06,ORD012733,CUST02378,P007,Backpack,Accessories,Kolkata,Store,Net Banking,2,1998.35,0.15,3996.7,3397.2,0,840.63,2024,12,December,Friday,3996.7,3397.1949999999997
2024-12-06,ORD013430,CUST01691,P020,Microwave,Home,Pune,Store,Debit Card,1,10937.64,0.2,10937.64,8750.11,0,1389.77,2024,12,December,Friday,10937.64,8750.112
2024-12-06,ORD014358,CUST01621,P014,Keyboard,Electronics,Ahmedabad,Online,UPI,2,2281.31,0.1,4562.62,4106.36,1,-205.32,2024,12,December,Friday,4562.62,4106.358
2024-12-06,ORD014750,CUST00313,P018,Jacket,Fashion,Bengaluru,Online,Credit Card,1,5465.71,0.05,5465.71,5192.42,0,1264.06,2024,12,December,Friday,5465.71,5192.4245
2024-12-06,ORD023950,CUST04811,P009,T-Shirt,Fashion,Kolkata,Store,UPI,1,1114.93,0.1,1114.93,1003.44,0,186.95,2024,12,December,Friday,1114.93,1003.4370000000001
2024-12-06,ORD009628,CUST01356,P002,Smartphone,Electronics,Delhi,Store,UPI,1,27239.83,0.2,27239.83,21791.86,0,1865.89,2024,12,December,Friday,27239.83,21791.864
2024-12-06,ORD002140,CUST02450,P004,Smartwatch,Electronics,Jaipur,Store,UPI,2,7561.76,0.15,15123.52,12854.99,0,1959.29,2024,12,December,Friday,15123.52,12854.992
2024-12-06,ORD027321,CUST02093,P019,Vacuum Cleaner,Home,Bengaluru,Online,Credit Card,1,9016.12,0.05,9016.12,8565.31,0,1237.87,2024,12,December,Friday,9016.12,8565.314
2024-12-06,ORD003681,CUST00593,P019,Vacuum Cleaner,Home,Ahmedabad,Online,UPI,2,9735.95,0.15,19471.9,16551.12,0,1972.9,2024,12,December,Friday,19471.9,16551.115
2024-12-06,ORD005605,CUST04826,P004,Smartwatch,Electronics,Chennai,Online,Credit Card,1,7151.28,0.15,7151.28,6078.59,1,-303.93,2024,12,December,Friday,7151.28,6078.588
2024-12-06,ORD024019,CUST02365,P006,Desk,Furniture,Jaipur,Store,Credit Card,1,11696.15,0.1,11696.15,10526.54,0,1264.74,2024,12,December,Friday,11696.15,10526.535
2024-12-06,ORD005557,CUST00248,P016,Sofa,Furniture,Mumbai,Online,Credit Card,3,35991.59,0.0,107974.77,107974.77,1,-5398.74,2024,12,December,Friday,107974.76999999999,107974.77
2024-12-06,ORD025185,CUST02662,P002,Smartphone,Electronics,Kolkata,Store,Debit Card,1,25355.75,0.2,25355.75,20284.6,0,2324.67,2024,12,December,Friday,25355.75,20284.600000000002
2024-12-06,ORD002401,CUST01853,P008,Running Shoes,Fashion,Kolkata,Online,Cash,1,3829.26,0.25,3829.26,2871.94,0,114.88,2024,12,December,Friday,3829.26,2871.945
2024-12-06,ORD014938,CUST02913,P011,Mixer Grinder,Home,Surat,Online,UPI,3,4376.43,0.1,13129.29,11816.36,0,1695.07,2024,12,December,Friday,13129.29,11816.361
2024-12-06,ORD001087,CUST03908,P010,Coffee Maker,Home,Ahmedabad,Online,UPI,1,5005.57,0.2,5005.57,4004.46,0,223.33,2024,12,December,Friday,5005.57,4004.456
2024-12-06,ORD012948,CUST03322,P003,Headphones,Electronics,Kolkata,Online,Credit Card,1,4675.55,0.1,4675.55,4208.0,0,941.82,2024,12,December,Friday,4675.55,4207.995
2024-12-06,ORD002699,CUST02293,P013,Monitor,Electronics,Delhi,Store,Net Banking,5,16995.98,0.25,84979.9,63734.92,0,7044.64,2024,12,December,Friday,84979.9,63734.924999999996
2024-12-06,ORD033912,CUST03032,P013,Monitor,Electronics,Pune,Online,Net Banking,2,19234.15,0.2,38468.3,30774.64,0,2018.38,2024,12,December,Friday,38468.3,30774.640000000003
2024-12-06,ORD012318,CUST01620,P006,Desk,Furniture,Ahmedabad,Store,Credit Card,1,12316.84,0.0,12316.84,12316.84,0,1523.05,2024,12,December,Friday,12316.84,12316.84
2024-12-06,ORD012317,CUST04841,P015,Dining Table,Furniture,Hyderabad,Online,UPI,1,21028.15,0.25,21028.15,15771.11,1,-788.56,2024,12,December,Friday,21028.15,15771.112500000001
2024-12-06,ORD043467,CUST04400,P019,Vacuum Cleaner,Home,Kolkata,Online,UPI,1,8769.87,0.15,8769.87,7454.39,0,1263.96,2024,12,December,Friday,8769.87,7454.3895
2024-12-06,ORD008243,CUST04238,P009,T-Shirt,Fashion,Kolkata,Online,Net Banking,1,1247.67,0.1,1247.67,1122.9,0,276.08,2024,12,December,Friday,1247.67,1122.903
2024-12-06,ORD009869,CUST03777,P010,Coffee Maker,Home,Pune,Online,Credit Card,1,5279.06,0.1,5279.06,4751.15,0,949.01,2024,12,December,Friday,5279.06,4751.154
2024-12-06,ORD013810,CUST03287,P020,Microwave,Home,Surat,Store,Net Banking,1,10301.03,0.25,10301.03,7725.77,0,1384.33,2024,12,December,Friday,10301.03,7725.772500000001
2024-12-06,ORD034735,CUST00408,P017,Jeans,Fashion,Hyderabad,Online,Debit Card,1,2520.51,0.15,2520.51,2142.43,0,403.41,2024,12,December,Friday,2520.51,2142.4335
2024-12-06,ORD000401,CUST02052,P016,Sofa,Furniture,Chennai,Online,Debit Card,2,34507.36,0.0,69014.72,69014.72,0,7482.46,2024,12,December,Friday,69014.72,69014.72
2024-12-06,ORD036145,CUST04042,P015,Dining Table,Furniture,Surat,Online,UPI,2,23896.65,0.0,47793.3,47793.3,0,9227.56,2024,12,December,Friday,47793.3,47793.3
2024-12-07,ORD009719,CUST01444,P007,Backpack,Accessories,Delhi,Online,UPI,1,2041.81,0.1,2041.81,1837.63,0,112.95,2024,12,December,Saturday,2041.81,1837.629
2024-12-07,ORD010644,CUST04763,P016,Sofa,Furniture,Chennai,Online,Credit Card,1,35242.23,0.25,35242.23,26431.67,0,1313.99,2024,12,December,Saturday,35242.23,26431.6725
2024-12-07,ORD027971,CUST04255,P020,Microwave,Home,Delhi,Online,UPI,1,10955.39,0.05,10955.39,10407.62,0,1452.29,2024,12,December,Saturday,10955.39,10407.620499999999
2024-12-07,ORD032054,CUST00660,P018,Jacket,Fashion,Hyderabad,Store,Net Banking,1,4824.66,0.0,4824.66,4824.66,0,1206.81,2024,12,December,Saturday,4824.66,4824.66
2024-12-07,ORD010455,CUST00916,P008,Running Shoes,Fashion,Pune,Store,UPI,1,4391.25,0.15,4391.25,3732.56,0,711.12,2024,12,December,Saturday,4391.25,3732.5625
2024-12-07,ORD031162,CUST03789,P019,Vacuum Cleaner,Home,Delhi,Store,UPI,2,9194.35,0.0,18388.7,18388.7,0,2421.2,2024,12,December,Saturday,18388.7,18388.7
2024-12-07,ORD030629,CUST01174,P019,Vacuum Cleaner,Home,Kolkata,Store,Debit Card,2,8265.95,0.05,16531.9,15705.3,0,3641.5,2024,12,December,Saturday,16531.9,15705.305
2024-12-07,ORD009854,CUST02651,P006,Desk,Furniture,Kolkata,Store,UPI,1,11750.18,0.05,11750.18,11162.67,0,1754.62,2024,12,December,Saturday,11750.18,11162.671
2024-12-07,ORD028843,CUST02349,P020,Microwave,Home,Delhi,Store,Net Banking,5,11177.42,0.05,55887.1,53092.74,0,7206.08,2024,12,December,Saturday,55887.1,53092.744999999995
2024-12-07,ORD026408,CUST01941,P014,Keyboard,Electronics,Delhi,Store,UPI,1,2673.45,0.15,2673.45,2272.43,0,176.01,2024,12,December,Saturday,2673.45,2272.4325
2024-12-07,ORD025470,CUST00497,P001,Laptop,Electronics,Pune,Online,UPI,1,69063.71,0.15,69063.71,58704.15,0,9331.86,2024,12,December,Saturday,69063.71,58704.1535
2024-12-07,ORD023642,CUST01264,P015,Dining Table,Furniture,Hyderabad,Online,Credit Card,1,20027.63,0.15,20027.63,17023.49,0,3139.77,2024,12,December,Saturday,20027.63,17023.4855
2024-12-07,ORD009572,CUST03757,P007,Backpack,Accessories,Mumbai,Store,UPI,1,2019.79,0.0,2019.79,2019.79,0,405.14,2024,12,December,Saturday,2019.79,2019.79
2024-12-07,ORD028264,CUST02616,P009,T-Shirt,Fashion,Ahmedabad,Online,UPI,1,1274.19,0.15,1274.19,1083.06,0,263.55,2024,12,December,Saturday,1274.19,1083.0615
2024-12-07,ORD025664,CUST00276,P008,Running Shoes,Fashion,Delhi,Online,UPI,4,3946.61,0.1,15786.44,14207.8,0,3710.89,2024,12,December,Saturday,15786.44,14207.796
2024-12-07,ORD030226,CUST01192,P006,Desk,Furniture,Jaipur,Store,UPI,1,12093.59,0.0,12093.59,12093.59,0,2458.56,2024,12,December,Saturday,12093.59,12093.59
2024-12-07,ORD023732,CUST02106,P012,Air Fryer,Home,Ahmedabad,Online,UPI,4,6569.46,0.15,26277.84,22336.16,0,2192.77,2024,12,December,Saturday,26277.84,22336.164
2024-12-07,ORD031214,CUST05000,P006,Desk,Furniture,Jaipur,Online,UPI,1,12267.28,0.15,12267.28,10427.19,0,1061.39,2024,12,December,Saturday,12267.28,10427.188
2024-12-07,ORD027158,CUST02865,P008,Running Shoes,Fashion,Ahmedabad,Online,Net Banking,3,4012.7,0.15,12038.1,10232.38,0,1593.29,2024,12,December,Saturday,12038.099999999999,10232.385
2024-12-07,ORD028223,CUST00739,P018,Jacket,Fashion,Mumbai,Store,Cash,1,4778.49,0.1,4778.49,4300.64,0,801.09,2024,12,December,Saturday,4778.49,4300.641
2024-12-07,ORD025753,CUST02473,P003,Headphones,Electronics,Delhi,Store,UPI,2,4208.95,0.1,8417.9,7576.11,0,1269.57,2024,12,December,Saturday,8417.9,7576.11
2024-12-07,ORD008123,CUST00366,P001,Laptop,Electronics,Bengaluru,Store,UPI,5,64616.86,0.1,323084.3,290775.87,0,80972.57,2024,12,December,Saturday,323084.3,290775.87
2024-12-07,ORD009610,CUST04306,P017,Jeans,Fashion,Delhi,Online,UPI,3,2713.74,0.15,8141.22,6920.04,0,1537.7,2024,12,December,Saturday,8141.219999999999,6920.037
2024-12-07,ORD029651,CUST04113,P009,T-Shirt,Fashion,Hyderabad,Online,UPI,1,1232.55,0.1,1232.55,1109.3,0,156.41,2024,12,December,Saturday,1232.55,1109.295
2024-12-07,ORD025834,CUST04243,P013,Monitor,Electronics,Mumbai,Store,Credit Card,4,16671.9,0.05,66687.6,63353.22,0,14232.22,2024,12,December,Saturday,66687.6,63353.22
2024-12-07,ORD009602,CUST02391,P016,Sofa,Furniture,Surat,Store,UPI,1,36991.45,0.05,36991.45,35141.88,0,6095.58,2024,12,December,Saturday,36991.45,35141.877499999995
2024-12-07,ORD013160,CUST01549,P016,Sofa,Furniture,Surat,Store,UPI,2,34740.79,0.0,69481.58,69481.58,0,5842.76,2024,12,December,Saturday,69481.58,69481.58
2024-12-07,ORD047392,CUST01403,P014,Keyboard,Electronics,Kolkata,Online,Credit Card,3,2534.6,0.1,7603.8,6843.42,0,1700.44,2024,12,December,Saturday,7603.799999999999,6843.42
2024-12-07,ORD003831,CUST03451,P015,Dining Table,Furniture,Bengaluru,Online,UPI,2,20954.72,0.1,41909.44,37718.5,0,6002.61,2024,12,December,Saturday,41909.44,37718.49600000001
2024-12-07,ORD039279,CUST00262,P009,T-Shirt,Fashion,Chennai,Store,UPI,2,1256.12,0.0,2512.24,2512.24,0,438.31,2024,12,December,Saturday,2512.24,2512.24
2024-12-07,ORD004741,CUST01284,P012,Air Fryer,Home,Pune,Store,Credit Card,1,6980.36,0.0,6980.36,6980.36,0,1771.27,2024,12,December,Saturday,6980.36,6980.36
2024-12-07,ORD016768,CUST02275,P016,Sofa,Furniture,Delhi,Online,UPI,1,37308.75,0.0,37308.75,37308.75,0,7932.14,2024,12,December,Saturday,37308.75,37308.75
2024-12-07,ORD003176,CUST01258,P005,Office Chair,Furniture,Jaipur,Online,UPI,1,10376.36,0.15,10376.36,8819.91,1,-441.0,2024,12,December,Saturday,10376.36,8819.906
2024-12-07,ORD005698,CUST02203,P017,Jeans,Fashion,Ahmedabad,Store,Debit Card,3,3012.54,0.2,9037.62,7230.1,0,540.09,2024,12,December,Saturday,9037.619999999999,7230.096000000001
2024-12-07,ORD041144,CUST03845,P019,Vacuum Cleaner,Home,Surat,Online,Net Banking,2,8550.0,0.1,17100.0,15390.0,0,1081.02,2024,12,December,Saturday,17100.0,15390.0
2024-12-07,ORD048802,CUST01961,P012,Air Fryer,Home,Kolkata,Store,UPI,3,7043.51,0.1,21130.53,19017.48,0,2233.53,2024,12,December,Saturday,21130.53,19017.477
2024-12-07,ORD047019,CUST02607,P007,Backpack,Accessories,Surat,Online,Credit Card,2,2140.99,0.0,4281.98,4281.98,0,470.67,2024,12,December,Saturday,4281.98,4281.98
2024-12-07,ORD000859,CUST03537,P002,Smartphone,Electronics,Surat,Store,Credit Card,1,29627.94,0.0,29627.94,29627.94,0,4281.07,2024,12,December,Saturday,29627.94,29627.94
2024-12-07,ORD035712,CUST00585,P017,Jeans,Fashion,Chennai,Online,Cash,1,3066.14,0.0,3066.14,3066.14,1,-153.31,2024,12,December,Saturday,3066.14,3066.14
2024-12-07,ORD011335,CUST03041,P008,Running Shoes,Fashion,Pune,Store,UPI,1,4143.88,0.15,4143.88,3522.3,0,836.55,2024,12,December,Saturday,4143.88,3522.298
2024-12-07,ORD035069,CUST04370,P010,Coffee Maker,Home,Mumbai,Online,UPI,1,5854.73,0.2,5854.73,4683.78,0,206.5,2024,12,December,Saturday,5854.73,4683.784
2024-12-07,ORD017011,CUST02774,P013,Monitor,Electronics,Mumbai,Online,Credit Card,2,16811.97,0.15,33623.94,28580.35,0,2504.59,2024,12,December,Saturday,33623.94,28580.349000000002
2024-12-07,ORD035704,CUST02004,P020,Microwave,Home,Hyderabad,Online,Credit Card,1,11915.52,0.0,11915.52,11915.52,0,1206.64,2024,12,December,Saturday,11915.52,11915.52
2024-12-07,ORD020483,CUST00233,P008,Running Shoes,Fashion,Chennai,Online,UPI,1,4270.27,0.15,4270.27,3629.73,0,895.11,2024,12,December,Saturday,4270.27,3629.7295000000004
2024-12-07,ORD003153,CUST01418,P002,Smartphone,Electronics,Ahmedabad,Online,Debit Card,2,27844.21,0.0,55688.42,55688.42,0,11831.67,2024,12,December,Saturday,55688.42,55688.42
2024-12-07,ORD000874,CUST01037,P005,Office Chair,Furniture,Chennai,Online,Net Banking,4,9384.16,0.1,37536.64,33782.98,0,8865.5,2024,12,December,Saturday,37536.64,33782.976
2024-12-07,ORD013392,CUST03116,P008,Running Shoes,Fashion,Jaipur,Online,UPI,1,3916.88,0.2,3916.88,3133.5,0,622.84,2024,12,December,Saturday,3916.88,3133.5040000000004
2024-12-07,ORD015774,CUST03710,P013,Monitor,Electronics,Jaipur,Online,Credit Card,1,18630.8,0.15,18630.8,15836.18,0,3453.58,2024,12,December,Saturday,18630.8,15836.179999999998
2024-12-07,ORD039981,CUST03348,P007,Backpack,Accessories,Delhi,Online,Credit Card,1,2360.41,0.1,2360.41,2124.37,0,421.68,2024,12,December,Saturday,2360.41,2124.369
2024-12-07,ORD022542,CUST00476,P005,Office Chair,Furniture,Pune,Online,Credit Card,1,9078.16,0.2,9078.16,7262.53,0,980.92,2024,12,December,Saturday,9078.16,7262.528
2024-12-07,ORD044229,CUST02844,P016,Sofa,Furniture,Mumbai,Online,UPI,3,34937.26,0.2,104811.78,83849.42,0,4568.37,2024,12,December,Saturday,104811.78,83849.424
2024-12-07,ORD005114,CUST04659,P002,Smartphone,Electronics,Chennai,Store,Credit Card,2,30574.67,0.15,61149.34,51976.94,0,11998.94,2024,12,December,Saturday,61149.34,51976.939
2024-12-07,ORD014800,CUST02942,P015,Dining Table,Furniture,Delhi,Online,UPI,1,23707.24,0.05,23707.24,22521.88,0,4914.84,2024,12,December,Saturday,23707.24,22521.878
2024-12-07,ORD037182,CUST03326,P002,Smartphone,Electronics,Mumbai,Store,Credit Card,1,30649.1,0.2,30649.1,24519.28,0,5545.27,2024,12,December,Saturday,30649.1,24519.28
2024-12-07,ORD049537,CUST01507,P018,Jacket,Fashion,Kolkata,Store,UPI,1,4956.83,0.05,4956.83,4708.99,0,547.7,2024,12,December,Saturday,4956.83,4708.9884999999995
2024-12-07,ORD021296,CUST04657,P017,Jeans,Fashion,Mumbai,Store,Credit Card,2,2750.24,0.0,5500.48,5500.48,0,1046.73,2024,12,December,Saturday,5500.48,5500.48
2024-12-07,ORD040849,CUST03126,P010,Coffee Maker,Home,Chennai,Store,Debit Card,1,5147.15,0.25,5147.15,3860.36,0,734.52,2024,12,December,Saturday,5147.15,3860.3624999999997
2024-12-07,ORD016869,CUST02074,P003,Headphones,Electronics,Jaipur,Store,Debit Card,1,4143.11,0.05,4143.11,3935.95,0,604.66,2024,12,December,Saturday,4143.11,3935.9544999999994
2024-12-07,ORD005587,CUST04018,P006,Desk,Furniture,Mumbai,Online,UPI,1,11681.88,0.0,11681.88,11681.88,0,1682.22,2024,12,December,Saturday,11681.88,11681.88
2024-12-07,ORD020043,CUST04584,P013,Monitor,Electronics,Kolkata,Online,UPI,1,18649.49,0.1,18649.49,16784.54,0,2034.94,2024,12,December,Saturday,18649.49,16784.541
2024-12-07,ORD045265,CUST00444,P006,Desk,Furniture,Jaipur,Store,UPI,4,12237.71,0.2,48950.84,39160.67,0,6941.58,2024,12,December,Saturday,48950.84,39160.672
2024-12-07,ORD006243,CUST00273,P003,Headphones,Electronics,Hyderabad,Online,UPI,1,4078.73,0.0,4078.73,4078.73,0,442.26,2024,12,December,Saturday,4078.73,4078.73
2024-12-07,ORD018508,CUST02603,P019,Vacuum Cleaner,Home,Bengaluru,Store,UPI,1,8877.02,0.2,8877.02,7101.62,0,1426.1,2024,12,December,Saturday,8877.02,7101.616000000001
2024-12-07,ORD047711,CUST03303,P020,Microwave,Home,Pune,Online,Debit Card,1,11623.72,0.05,11623.72,11042.53,0,2379.8,2024,12,December,Saturday,11623.72,11042.534
2024-12-07,ORD048025,CUST00955,P013,Monitor,Electronics,Bengaluru,Online,Cash,3,16953.33,0.15,50859.99,43230.99,0,11086.8,2024,12,December,Saturday,50859.990000000005,43230.9915
2024-12-07,ORD049657,CUST04891,P012,Air Fryer,Home,Mumbai,Store,Net Banking,1,7782.93,0.2,7782.93,6226.34,0,271.71,2024,12,December,Saturday,7782.93,6226.344000000001
2024-12-07,ORD047268,CUST04944,P004,Smartwatch,Electronics,Delhi,Online,Credit Card,1,7370.73,0.1,7370.73,6633.66,0,1331.72,2024,12,December,Saturday,7370.73,6633.657
2024-12-07,ORD004665,CUST04502,P003,Headphones,Electronics,Delhi,Online,Net Banking,1,4190.0,0.05,4190.0,3980.5,0,1116.99,2024,12,December,Saturday,4190.0,3980.5
2024-12-07,ORD048311,CUST04981,P003,Headphones,Electronics,Pune,Online,UPI,1,4422.76,0.05,4422.76,4201.62,0,1164.37,2024,12,December,Saturday,4422.76,4201.622
2024-12-07,ORD004505,CUST01410,P014,Keyboard,Electronics,Bengaluru,Online,Net Banking,1,2567.08,0.1,2567.08,2310.37,0,608.63,2024,12,December,Saturday,2567.08,2310.372
2024-12-07,ORD036055,CUST01759,P006,Desk,Furniture,Mumbai,Online,UPI,1,11379.69,0.05,11379.69,10810.71,0,1318.85,2024,12,December,Saturday,11379.69,10810.7055
2024-12-07,ORD038314,CUST03080,P018,Jacket,Fashion,Ahmedabad,Online,UPI,1,5050.61,0.05,5050.61,4798.08,0,1375.65,2024,12,December,Saturday,5050.61,4798.0795
2024-12-07,ORD003879,CUST04966,P003,Headphones,Electronics,Chennai,Online,UPI,4,4875.67,0.05,19502.68,18527.55,0,3956.93,2024,12,December,Saturday,19502.68,18527.546
2024-12-07,ORD012093,CUST02369,P018,Jacket,Fashion,Pune,Online,Credit Card,4,4942.18,0.25,19768.72,14826.54,1,-741.33,2024,12,December,Saturday,19768.72,14826.54
2024-12-08,ORD038631,CUST03097,P007,Backpack,Accessories,Chennai,Online,Net Banking,1,2098.83,0.1,2098.83,1888.95,0,246.39,2024,12,December,Sunday,2098.83,1888.947
2024-12-08,ORD030758,CUST01177,P006,Desk,Furniture,Bengaluru,Store,UPI,1,13118.5,0.2,13118.5,10494.8,0,1101.65,2024,12,December,Sunday,13118.5,10494.800000000001
2024-12-08,ORD044908,CUST00652,P015,Dining Table,Furniture,Hyderabad,Store,UPI,2,20113.39,0.2,40226.78,32181.42,1,-1609.07,2024,12,December,Sunday,40226.78,32181.424
2024-12-08,ORD008908,CUST01753,P005,Office Chair,Furniture,Surat,Online,Credit Card,1,9522.22,0.0,9522.22,9522.22,0,2090.11,2024,12,December,Sunday,9522.22,9522.22
2024-12-08,ORD016129,CUST00214,P004,Smartwatch,Electronics,Hyderabad,Online,Net Banking,4,6730.35,0.0,26921.4,26921.4,1,-1346.07,2024,12,December,Sunday,26921.4,26921.4
2024-12-08,ORD039032,CUST00225,P008,Running Shoes,Fashion,Bengaluru,Store,UPI,2,3860.11,0.05,7720.22,7334.21,0,1545.2,2024,12,December,Sunday,7720.22,7334.209
2024-12-08,ORD033568,CUST01489,P002,Smartphone,Electronics,Kolkata,Online,UPI,1,28883.2,0.0,28883.2,28883.2,0,5764.31,2024,12,December,Sunday,28883.2,28883.2
2024-12-08,ORD033786,CUST01387,P017,Jeans,Fashion,Mumbai,Online,UPI,2,2776.77,0.25,5553.54,4165.16,0,802.59,2024,12,December,Sunday,5553.54,4165.155
2024-12-08,ORD035276,CUST04522,P004,Smartwatch,Electronics,Pune,Online,Credit Card,1,7316.46,0.1,7316.46,6584.81,0,1248.82,2024,12,December,Sunday,7316.46,6584.814
2024-12-08,ORD005556,CUST04728,P015,Dining Table,Furniture,Ahmedabad,Store,Net Banking,2,24134.93,0.05,48269.86,45856.37,0,6596.15,2024,12,December,Sunday,48269.86,45856.367
2024-12-08,ORD035000,CUST00930,P018,Jacket,Fashion,Ahmedabad,Online,UPI,2,5714.81,0.1,11429.62,10286.66,0,995.54,2024,12,December,Sunday,11429.62,10286.658000000001
2024-12-08,ORD019891,CUST02194,P020,Microwave,Home,Ahmedabad,Online,Net Banking,2,11296.4,0.1,22592.8,20333.52,0,2478.71,2024,12,December,Sunday,22592.8,20333.52
2024-12-08,ORD033161,CUST01098,P001,Laptop,Electronics,Pune,Online,UPI,1,63285.48,0.0,63285.48,63285.48,1,-3164.27,2024,12,December,Sunday,63285.48,63285.48
2024-12-08,ORD044979,CUST04269,P017,Jeans,Fashion,Hyderabad,Store,UPI,1,2971.16,0.15,2971.16,2525.49,0,511.53,2024,12,December,Sunday,2971.16,2525.486
2024-12-08,ORD013483,CUST04873,P011,Mixer Grinder,Home,Hyderabad,Store,UPI,1,4655.33,0.05,4655.33,4422.56,0,1034.75,2024,12,December,Sunday,4655.33,4422.563499999999
2024-12-08,ORD012594,CUST04277,P007,Backpack,Accessories,Surat,Online,Net Banking,1,2221.82,0.05,2221.82,2110.73,1,-105.54,2024,12,December,Sunday,2221.82,2110.7290000000003
2024-12-08,ORD014267,CUST00757,P010,Coffee Maker,Home,Delhi,Online,UPI,3,5741.66,0.1,17224.98,15502.48,1,-775.12,2024,12,December,Sunday,17224.98,15502.482
2024-12-08,ORD039052,CUST00663,P016,Sofa,Furniture,Kolkata,Online,Cash,1,36017.31,0.05,36017.31,34216.44,0,7548.83,2024,12,December,Sunday,36017.31,34216.4445
2024-12-08,ORD011622,CUST03445,P010,Coffee Maker,Home,Jaipur,Online,Cash,2,5434.64,0.1,10869.28,9782.35,0,699.28,2024,12,December,Sunday,10869.28,9782.352
2024-12-08,ORD049039,CUST01490,P006,Desk,Furniture,Hyderabad,Online,Cash,2,10844.6,0.1,21689.2,19520.28,1,-976.01,2024,12,December,Sunday,21689.2,19520.280000000002
2024-12-08,ORD002141,CUST00341,P015,Dining Table,Furniture,Kolkata,Store,UPI,3,22982.41,0.0,68947.23,68947.23,0,5649.15,2024,12,December,Sunday,68947.23,68947.23
2024-12-08,ORD033755,CUST02830,P007,Backpack,Accessories,Ahmedabad,Online,Credit Card,1,2400.56,0.0,2400.56,2400.56,0,466.48,2024,12,December,Sunday,2400.56,2400.56
2024-12-08,ORD028399,CUST03394,P017,Jeans,Fashion,Surat,Store,Credit Card,1,2854.78,0.25,2854.78,2141.08,0,364.07,2024,12,December,Sunday,2854.78,2141.085
2024-12-08,ORD037117,CUST03278,P005,Office Chair,Furniture,Surat,Online,Debit Card,3,8903.18,0.15,26709.54,22703.11,0,1625.51,2024,12,December,Sunday,26709.54,22703.109
2024-12-08,ORD034253,CUST01016,P017,Jeans,Fashion,Delhi,Store,UPI,4,2861.94,0.2,11447.76,9158.21,0,609.96,2024,12,December,Sunday,11447.76,9158.208
2024-12-08,ORD002950,CUST00715,P003,Headphones,Electronics,Kolkata,Online,UPI,1,4166.65,0.15,4166.65,3541.65,0,391.71,2024,12,December,Sunday,4166.65,3541.6524999999997
2024-12-08,ORD047713,CUST03182,P003,Headphones,Electronics,Hyderabad,Store,Net Banking,1,4596.16,0.15,4596.16,3906.74,0,265.28,2024,12,December,Sunday,4596.16,3906.736
2024-12-08,ORD011165,CUST03157,P019,Vacuum Cleaner,Home,Ahmedabad,Online,UPI,2,9436.61,0.1,18873.22,16985.9,0,4457.78,2024,12,December,Sunday,18873.22,16985.898
2024-12-08,ORD038607,CUST04620,P004,Smartwatch,Electronics,Bengaluru,Online,UPI,1,6342.87,0.05,6342.87,6025.73,0,1477.74,2024,12,December,Sunday,6342.87,6025.7265
2024-12-08,ORD002100,CUST03184,P013,Monitor,Electronics,Kolkata,Store,UPI,2,17388.93,0.05,34777.86,33038.97,0,5465.31,2024,12,December,Sunday,34777.86,33038.967
2024-12-08,ORD029803,CUST04069,P019,Vacuum Cleaner,Home,Chennai,Online,UPI,2,8381.43,0.25,16762.86,12572.14,0,502.89,2024,12,December,Sunday,16762.86,12572.145
2024-12-08,ORD028198,CUST03676,P019,Vacuum Cleaner,Home,Bengaluru,Store,UPI,1,8531.72,0.0,8531.72,8531.72,0,2171.57,2024,12,December,Sunday,8531.72,8531.72
2024-12-08,ORD047404,CUST02166,P005,Office Chair,Furniture,Mumbai,Store,Debit Card,1,10165.02,0.05,10165.02,9656.77,0,2007.17,2024,12,December,Sunday,10165.02,9656.769
2024-12-08,ORD044273,CUST03687,P018,Jacket,Fashion,Mumbai,Online,Credit Card,1,5258.93,0.05,5258.93,4995.98,0,689.9,2024,12,December,Sunday,5258.93,4995.9835
2024-12-08,ORD036157,CUST02965,P018,Jacket,Fashion,Delhi,Online,Credit Card,2,5564.34,0.15,11128.68,9459.38,0,1160.64,2024,12,December,Sunday,11128.68,9459.378
2024-12-08,ORD015156,CUST00941,P001,Laptop,Electronics,Bengaluru,Online,Debit Card,2,62620.38,0.2,125240.76,100192.61,0,24093.92,2024,12,December,Sunday,125240.76,100192.60800000001
2024-12-08,ORD042536,CUST00145,P005,Office Chair,Furniture,Chennai,Online,UPI,1,9276.64,0.05,9276.64,8812.81,1,-440.64,2024,12,December,Sunday,9276.64,8812.807999999999
2024-12-08,ORD041670,CUST04604,P003,Headphones,Electronics,Delhi,Online,Debit Card,2,4580.15,0.0,9160.3,9160.3,0,1101.02,2024,12,December,Sunday,9160.3,9160.3
2024-12-08,ORD044336,CUST02356,P014,Keyboard,Electronics,Ahmedabad,Online,UPI,2,2349.62,0.15,4699.24,3994.35,0,568.15,2024,12,December,Sunday,4699.24,3994.354
2024-12-08,ORD021303,CUST04024,P005,Office Chair,Furniture,Ahmedabad,Online,Credit Card,1,10286.72,0.05,10286.72,9772.38,0,1128.64,2024,12,December,Sunday,10286.72,9772.383999999998
2024-12-08,ORD027326,CUST00024,P006,Desk,Furniture,Hyderabad,Online,Net Banking,1,13024.03,0.15,13024.03,11070.43,0,795.14,2024,12,December,Sunday,13024.03,11070.4255
2024-12-08,ORD000289,CUST01850,P015,Dining Table,Furniture,Bengaluru,Store,Debit Card,1,23019.59,0.05,23019.59,21868.61,0,3531.95,2024,12,December,Sunday,23019.59,21868.6105
2024-12-08,ORD018403,CUST02471,P016,Sofa,Furniture,Hyderabad,Online,Credit Card,1,32361.16,0.15,32361.16,27506.99,0,3019.67,2024,12,December,Sunday,32361.16,27506.986
2024-12-08,ORD011101,CUST00655,P019,Vacuum Cleaner,Home,Jaipur,Online,Debit Card,1,9058.1,0.0,9058.1,9058.1,0,2691.19,2024,12,December,Sunday,9058.1,9058.1
2024-12-08,ORD016359,CUST02908,P004,Smartwatch,Electronics,Surat,Online,Net Banking,1,7292.29,0.15,7292.29,6198.45,0,673.49,2024,12,December,Sunday,7292.29,6198.4465
2024-12-08,ORD003270,CUST04909,P006,Desk,Furniture,Kolkata,Online,Net Banking,1,11656.18,0.1,11656.18,10490.56,0,1501.48,2024,12,December,Sunday,11656.18,10490.562
2024-12-08,ORD029924,CUST03291,P017,Jeans,Fashion,Pune,Online,UPI,1,2905.05,0.0,2905.05,2905.05,0,850.18,2024,12,December,Sunday,2905.05,2905.05
2024-12-08,ORD049786,CUST03580,P016,Sofa,Furniture,Hyderabad,Store,Net Banking,5,37073.98,0.15,185369.9,157564.42,0,19499.84,2024,12,December,Sunday,185369.90000000002,157564.41499999998
2024-12-08,ORD049791,CUST03124,P015,Dining Table,Furniture,Bengaluru,Online,UPI,1,21146.73,0.1,21146.73,19032.06,1,-951.6,2024,12,December,Sunday,21146.73,19032.057
2024-12-08,ORD047343,CUST02707,P019,Vacuum Cleaner,Home,Delhi,Online,Debit Card,1,8908.63,0.05,8908.63,8463.2,0,1908.07,2024,12,December,Sunday,8908.63,8463.198499999999
2024-12-08,ORD032319,CUST01029,P010,Coffee Maker,Home,Hyderabad,Store,UPI,1,5560.95,0.2,5560.95,4448.76,0,466.48,2024,12,December,Sunday,5560.95,4448.76
2024-12-08,ORD028105,CUST00361,P007,Backpack,Accessories,Chennai,Online,Credit Card,1,2302.13,0.1,2302.13,2071.92,0,350.3,2024,12,December,Sunday,2302.13,2071.9170000000004
2024-12-08,ORD038894,CUST00301,P010,Coffee Maker,Home,Delhi,Online,Net Banking,5,5861.71,0.05,29308.55,27843.12,0,7569.49,2024,12,December,Sunday,29308.55,27843.122499999998
2024-12-08,ORD021530,CUST03383,P004,Smartwatch,Electronics,Kolkata,Online,UPI,5,7519.01,0.25,37595.05,28196.29,0,6197.47,2024,12,December,Sunday,37595.05,28196.287500000002
2024-12-08,ORD024714,CUST00868,P001,Laptop,Electronics,Kolkata,Online,Credit Card,1,60169.3,0.05,60169.3,57160.84,0,7362.55,2024,12,December,Sunday,60169.3,57160.835
2024-12-08,ORD018445,CUST01079,P005,Office Chair,Furniture,Chennai,Online,UPI,5,8894.24,0.2,44471.2,35576.96,0,3877.21,2024,12,December,Sunday,44471.2,35576.96
2024-12-08,ORD034713,CUST01369,P015,Dining Table,Furniture,Delhi,Store,Net Banking,1,23698.91,0.15,23698.91,20144.07,0,3692.73,2024,12,December,Sunday,23698.91,20144.0735
2024-12-08,ORD047428,CUST01838,P010,Coffee Maker,Home,Kolkata,Store,Credit Card,1,5138.54,0.0,5138.54,5138.54,0,645.88,2024,12,December,Sunday,5138.54,5138.54
2024-12-08,ORD036845,CUST01207,P018,Jacket,Fashion,Surat,Store,UPI,1,4683.68,0.0,4683.68,4683.68,0,431.39,2024,12,December,Sunday,4683.68,4683.68
2024-12-08,ORD023496,CUST02079,P013,Monitor,Electronics,Hyderabad,Online,UPI,3,16383.38,0.0,49150.14,49150.14,1,-2457.51,2024,12,December,Sunday,49150.14,49150.14
2024-12-08,ORD044044,CUST01599,P007,Backpack,Accessories,Kolkata,Online,Cash,2,2012.76,0.05,4025.52,3824.24,0,676.13,2024,12,December,Sunday,4025.52,3824.2439999999997
2024-12-08,ORD010652,CUST03760,P017,Jeans,Fashion,Surat,Online,UPI,2,3017.34,0.1,6034.68,5431.21,0,536.07,2024,12,December,Sunday,6034.68,5431.212
2024-12-08,ORD021995,CUST00469,P016,Sofa,Furniture,Ahmedabad,Store,UPI,1,36823.9,0.1,36823.9,33141.51,0,7112.65,2024,12,December,Sunday,36823.9,33141.51
2024-12-08,ORD029109,CUST04898,P010,Coffee Maker,Home,Bengaluru,Store,UPI,1,5485.3,0.2,5485.3,4388.24,0,931.41,2024,12,December,Sunday,5485.3,4388.240000000001
2024-12-08,ORD029057,CUST00624,P008,Running Shoes,Fashion,Surat,Store,Debit Card,2,3850.94,0.0,7701.88,7701.88,0,1244.35,2024,12,December,Sunday,7701.88,7701.88
2024-12-08,ORD039893,CUST02821,P017,Jeans,Fashion,Pune,Store,Credit Card,2,2745.25,0.15,5490.5,4666.92,0,300.06,2024,12,December,Sunday,5490.5,4666.925
2024-12-08,ORD001214,CUST03666,P002,Smartphone,Electronics,Delhi,Online,UPI,1,25582.13,0.1,25582.13,23023.92,0,4310.72,2024,12,December,Sunday,25582.13,23023.917
2024-12-08,ORD007081,CUST02596,P010,Coffee Maker,Home,Ahmedabad,Online,Credit Card,5,5196.18,0.05,25980.9,24681.86,0,6137.89,2024,12,December,Sunday,25980.9,24681.855
2024-12-08,ORD015355,CUST02726,P001,Laptop,Electronics,Surat,Online,Credit Card,1,66270.31,0.05,66270.31,62956.79,0,17734.47,2024,12,December,Sunday,66270.31,62956.794499999996
2024-12-08,ORD029477,CUST03372,P001,Laptop,Electronics,Mumbai,Store,Credit Card,5,59444.25,0.25,297221.25,222915.94,0,26265.31,2024,12,December,Sunday,297221.25,222915.9375
2024-12-08,ORD029058,CUST01938,P012,Air Fryer,Home,Ahmedabad,Online,UPI,3,6975.8,0.05,20927.4,19881.03,0,3552.42,2024,12,December,Sunday,20927.4,19881.03
2024-12-08,ORD028569,CUST00736,P006,Desk,Furniture,Surat,Online,Cash,2,11222.05,0.2,22444.1,17955.28,0,1871.86,2024,12,December,Sunday,22444.1,17955.28
2024-12-08,ORD000242,CUST00947,P004,Smartwatch,Electronics,Mumbai,Online,UPI,5,7045.16,0.1,35225.8,31703.22,0,3624.3,2024,12,December,Sunday,35225.8,31703.220000000005
2024-12-09,ORD039062,CUST01275,P006,Desk,Furniture,Kolkata,Online,UPI,1,12307.07,0.2,12307.07,9845.66,0,2044.79,2024,12,December,Monday,12307.07,9845.656
2024-12-09,ORD047617,CUST03698,P015,Dining Table,Furniture,Bengaluru,Online,UPI,1,22187.29,0.1,22187.29,19968.56,0,2905.73,2024,12,December,Monday,22187.29,19968.561
2024-12-09,ORD049010,CUST04734,P015,Dining Table,Furniture,Delhi,Store,Credit Card,1,24009.63,0.0,24009.63,24009.63,0,2242.05,2024,12,December,Monday,24009.63,24009.63
2024-12-09,ORD007381,CUST04843,P010,Coffee Maker,Home,Jaipur,Online,Cash,1,5479.65,0.05,5479.65,5205.67,0,1420.48,2024,12,December,Monday,5479.65,5205.6675
2024-12-09,ORD019591,CUST00819,P017,Jeans,Fashion,Mumbai,Online,Credit Card,1,2834.32,0.15,2834.32,2409.17,0,614.74,2024,12,December,Monday,2834.32,2409.172
2024-12-09,ORD039113,CUST02065,P010,Coffee Maker,Home,Chennai,Online,Debit Card,1,5788.43,0.1,5788.43,5209.59,0,1418.03,2024,12,December,Monday,5788.43,5209.587
2024-12-09,ORD044429,CUST02689,P016,Sofa,Furniture,Bengaluru,Store,Debit Card,2,32769.49,0.1,65538.98,58985.08,0,5641.27,2024,12,December,Monday,65538.98,58985.081999999995
2024-12-09,ORD027867,CUST00937,P017,Jeans,Fashion,Mumbai,Online,Debit Card,1,2790.72,0.15,2790.72,2372.11,0,317.17,2024,12,December,Monday,2790.72,2372.1119999999996
2024-12-09,ORD011453,CUST03986,P001,Laptop,Electronics,Jaipur,Store,Debit Card,1,71155.78,0.05,71155.78,67597.99,1,-3379.9,2024,12,December,Monday,71155.78,67597.991
2024-12-09,ORD039125,CUST00988,P009,T-Shirt,Fashion,Delhi,Online,Debit Card,3,1188.38,0.2,3565.14,2852.11,0,722.13,2024,12,December,Monday,3565.1400000000003,2852.112
2024-12-09,ORD048520,CUST02912,P011,Mixer Grinder,Home,Hyderabad,Online,Net Banking,1,5115.53,0.05,5115.53,4859.75,0,377.73,2024,12,December,Monday,5115.53,4859.7535
2024-12-09,ORD013599,CUST02775,P006,Desk,Furniture,Pune,Online,Debit Card,1,11617.51,0.05,11617.51,11036.63,0,2947.67,2024,12,December,Monday,11617.51,11036.6345
2024-12-09,ORD049024,CUST01616,P020,Microwave,Home,Jaipur,Online,Net Banking,1,11526.47,0.05,11526.47,10950.15,0,2513.41,2024,12,December,Monday,11526.47,10950.146499999999
2024-12-09,ORD006703,CUST02967,P015,Dining Table,Furniture,Jaipur,Store,Debit Card,1,23494.76,0.2,23494.76,18795.81,0,2604.75,2024,12,December,Monday,23494.76,18795.808
2024-12-09,ORD024434,CUST01826,P006,Desk,Furniture,Delhi,Store,Credit Card,1,13157.85,0.1,13157.85,11842.06,0,3135.88,2024,12,December,Monday,13157.85,11842.065
2024-12-09,ORD013907,CUST01683,P014,Keyboard,Electronics,Pune,Online,Net Banking,1,2725.22,0.05,2725.22,2588.96,0,631.43,2024,12,December,Monday,2725.22,2588.959
2024-12-09,ORD013593,CUST02151,P018,Jacket,Fashion,Mumbai,Store,Credit Card,2,5246.74,0.15,10493.48,8919.46,0,1139.4,2024,12,December,Monday,10493.48,8919.457999999999
2024-12-09,ORD005625,CUST00210,P001,Laptop,Electronics,Kolkata,Store,UPI,2,59039.76,0.0,118079.52,118079.52,0,14191.05,2024,12,December,Monday,118079.52,118079.52
2024-12-09,ORD024274,CUST02802,P005,Office Chair,Furniture,Ahmedabad,Online,Debit Card,1,9779.94,0.1,9779.94,8801.95,0,1333.45,2024,12,December,Monday,9779.94,8801.946
2024-12-09,ORD036518,CUST01256,P014,Keyboard,Electronics,Mumbai,Online,Cash,1,2312.42,0.0,2312.42,2312.42,0,474.86,2024,12,December,Monday,2312.42,2312.42
2024-12-09,ORD015418,CUST04618,P016,Sofa,Furniture,Chennai,Online,Debit Card,1,31685.33,0.05,31685.33,30101.06,0,3150.22,2024,12,December,Monday,31685.33,30101.0635
2024-12-09,ORD034164,CUST04829,P001,Laptop,Electronics,Jaipur,Online,Credit Card,2,64126.16,0.0,128252.32,128252.32,1,-6412.62,2024,12,December,Monday,128252.32,128252.32
2024-12-09,ORD041763,CUST00025,P004,Smartwatch,Electronics,Hyderabad,Online,Credit Card,1,7553.62,0.0,7553.62,7553.62,0,2132.43,2024,12,December,Monday,7553.62,7553.62
2024-12-09,ORD046450,CUST03878,P013,Monitor,Electronics,Delhi,Online,Cash,4,19290.22,0.15,77160.88,65586.75,0,8497.13,2024,12,December,Monday,77160.88,65586.748
2024-12-09,ORD041166,CUST03990,P020,Microwave,Home,Surat,Store,Credit Card,3,11805.03,0.0,35415.09,35415.09,0,7830.15,2024,12,December,Monday,35415.090000000004,35415.09
2024-12-09,ORD011013,CUST00650,P010,Coffee Maker,Home,Jaipur,Store,Debit Card,1,5816.75,0.2,5816.75,4653.4,0,804.0,2024,12,December,Monday,5816.75,4653.400000000001
2024-12-09,ORD000483,CUST04462,P001,Laptop,Electronics,Kolkata,Online,UPI,3,63185.12,0.15,189555.36,161122.06,0,15221.66,2024,12,December,Monday,189555.36000000002,161122.05599999998
2024-12-09,ORD009081,CUST03946,P005,Office Chair,Furniture,Surat,Online,Net Banking,1,8880.81,0.25,8880.81,6660.61,1,-333.03,2024,12,December,Monday,8880.81,6660.6075
2024-12-09,ORD029854,CUST01529,P018,Jacket,Fashion,Bengaluru,Store,Credit Card,1,4830.09,0.15,4830.09,4105.58,0,295.24,2024,12,December,Monday,4830.09,4105.5765
2024-12-09,ORD049411,CUST03368,P001,Laptop,Electronics,Hyderabad,Online,UPI,4,65920.62,0.05,263682.48,250498.36,0,44196.91,2024,12,December,Monday,263682.48,250498.35599999997
2024-12-09,ORD046132,CUST03596,P018,Jacket,Fashion,Pune,Online,UPI,2,4974.59,0.1,9949.18,8954.26,0,1537.87,2024,12,December,Monday,9949.18,8954.262
2024-12-09,ORD028267,CUST01456,P012,Air Fryer,Home,Mumbai,Online,Debit Card,3,7686.88,0.15,23060.64,19601.54,0,1627.84,2024,12,December,Monday,23060.64,19601.543999999998
2024-12-09,ORD011811,CUST03968,P002,Smartphone,Electronics,Ahmedabad,Store,UPI,2,30279.77,0.1,60559.54,54503.59,0,14728.72,2024,12,December,Monday,60559.54,54503.586
2024-12-09,ORD018329,CUST04830,P009,T-Shirt,Fashion,Jaipur,Online,Debit Card,1,1286.84,0.05,1286.84,1222.5,0,353.73,2024,12,December,Monday,1286.84,1222.4979999999998
2024-12-09,ORD016671,CUST00777,P010,Coffee Maker,Home,Kolkata,Online,Net Banking,3,5844.19,0.1,17532.57,15779.31,0,1261.39,2024,12,December,Monday,17532.57,15779.313
2024-12-09,ORD007600,CUST01380,P012,Air Fryer,Home,Delhi,Online,Net Banking,1,7845.57,0.05,7845.57,7453.29,0,1874.3,2024,12,December,Monday,7845.57,7453.291499999999
2024-12-09,ORD004827,CUST03325,P007,Backpack,Accessories,Bengaluru,Online,UPI,1,2203.42,0.15,2203.42,1872.91,0,119.88,2024,12,December,Monday,2203.42,1872.907
2024-12-09,ORD001753,CUST02911,P013,Monitor,Electronics,Hyderabad,Online,UPI,2,17228.37,0.15,34456.74,29288.23,0,7726.8,2024,12,December,Monday,34456.74,29288.228999999996
2024-12-09,ORD009917,CUST02407,P004,Smartwatch,Electronics,Delhi,Online,UPI,1,6983.18,0.0,6983.18,6983.18,1,-349.16,2024,12,December,Monday,6983.18,6983.18
2024-12-09,ORD043289,CUST02274,P020,Microwave,Home,Delhi,Online,UPI,1,11457.66,0.0,11457.66,11457.66,0,3104.72,2024,12,December,Monday,11457.66,11457.66
2024-12-09,ORD023504,CUST02009,P013,Monitor,Electronics,Hyderabad,Store,Net Banking,1,19390.62,0.15,19390.62,16482.03,0,988.91,2024,12,December,Monday,19390.62,16482.027
2024-12-09,ORD037373,CUST01786,P006,Desk,Furniture,Bengaluru,Online,Debit Card,1,13199.8,0.15,13199.8,11219.83,0,954.33,2024,12,December,Monday,13199.8,11219.83
2024-12-09,ORD016720,CUST03310,P007,Backpack,Accessories,Ahmedabad,Online,Credit Card,2,2415.45,0.15,4830.9,4106.26,0,1038.42,2024,12,December,Monday,4830.9,4106.264999999999
2024-12-09,ORD012125,CUST03334,P007,Backpack,Accessories,Delhi,Online,Credit Card,2,2020.35,0.05,4040.7,3838.66,0,988.12,2024,12,December,Monday,4040.7,3838.6649999999995
2024-12-09,ORD000530,CUST03787,P019,Vacuum Cleaner,Home,Mumbai,Online,Cash,1,8263.01,0.05,8263.01,7849.86,0,779.74,2024,12,December,Monday,8263.01,7849.8595
2024-12-09,ORD017321,CUST00254,P001,Laptop,Electronics,Kolkata,Online,Credit Card,1,65746.02,0.1,65746.02,59171.42,0,14105.99,2024,12,December,Monday,65746.02,59171.418000000005
2024-12-09,ORD048731,CUST03794,P002,Smartphone,Electronics,Mumbai,Online,UPI,5,27509.75,0.2,137548.75,110039.0,0,16250.37,2024,12,December,Monday,137548.75,110039.0
2024-12-09,ORD014835,CUST04288,P016,Sofa,Furniture,Ahmedabad,Online,Net Banking,3,35392.84,0.0,106178.52,106178.52,0,30910.42,2024,12,December,Monday,106178.51999999999,106178.52
2024-12-09,ORD002765,CUST04062,P020,Microwave,Home,Pune,Store,Debit Card,1,11878.85,0.1,11878.85,10690.96,0,1771.63,2024,12,December,Monday,11878.85,10690.965
2024-12-09,ORD023478,CUST00400,P012,Air Fryer,Home,Bengaluru,Store,Credit Card,4,7203.18,0.05,28812.72,27372.08,0,6756.13,2024,12,December,Monday,28812.72,27372.084
2024-12-09,ORD045649,CUST00465,P016,Sofa,Furniture,Delhi,Store,UPI,1,36824.72,0.1,36824.72,33142.25,0,3185.58,2024,12,December,Monday,36824.72,33142.248
2024-12-09,ORD008248,CUST03819,P020,Microwave,Home,Kolkata,Store,UPI,1,9937.65,0.05,9937.65,9440.77,0,1409.41,2024,12,December,Monday,9937.65,9440.7675
2024-12-09,ORD006484,CUST00069,P003,Headphones,Electronics,Hyderabad,Store,Credit Card,1,4424.27,0.0,4424.27,4424.27,1,-221.21,2024,12,December,Monday,4424.27,4424.27
2024-12-09,ORD020676,CUST01780,P015,Dining Table,Furniture,Chennai,Online,UPI,1,22229.8,0.2,22229.8,17783.84,0,3876.04,2024,12,December,Monday,22229.8,17783.84
2024-12-09,ORD005290,CUST03935,P006,Desk,Furniture,Bengaluru,Store,UPI,1,12200.87,0.05,12200.87,11590.83,0,1171.57,2024,12,December,Monday,12200.87,11590.826500000001
2024-12-09,ORD021833,CUST04013,P012,Air Fryer,Home,Delhi,Online,Credit Card,1,7174.61,0.1,7174.61,6457.15,0,713.96,2024,12,December,Monday,7174.61,6457.148999999999
2024-12-09,ORD045389,CUST04001,P012,Air Fryer,Home,Bengaluru,Store,UPI,1,6700.69,0.1,6700.69,6030.62,0,1631.66,2024,12,December,Monday,6700.69,6030.621
2024-12-09,ORD012570,CUST02440,P016,Sofa,Furniture,Mumbai,Online,Credit Card,1,33367.81,0.0,33367.81,33367.81,0,8823.28,2024,12,December,Monday,33367.81,33367.81
2024-12-09,ORD012051,CUST01358,P002,Smartphone,Electronics,Ahmedabad,Online,Net Banking,1,28477.76,0.15,28477.76,24206.1,0,2630.36,2024,12,December,Monday,28477.76,24206.095999999998
2024-12-09,ORD016093,CUST03480,P017,Jeans,Fashion,Pune,Store,UPI,1,2626.95,0.05,2626.95,2495.6,0,646.89,2024,12,December,Monday,2626.95,2495.6024999999995
2024-12-09,ORD031874,CUST01832,P019,Vacuum Cleaner,Home,Kolkata,Online,Credit Card,1,9037.36,0.2,9037.36,7229.89,0,542.86,2024,12,December,Monday,9037.36,7229.888000000001
2024-12-09,ORD048832,CUST00002,P018,Jacket,Fashion,Jaipur,Store,UPI,1,4766.78,0.15,4766.78,4051.76,0,702.12,2024,12,December,Monday,4766.78,4051.7629999999995
2024-12-09,ORD007686,CUST03319,P014,Keyboard,Electronics,Jaipur,Store,Credit Card,1,2628.68,0.15,2628.68,2234.38,0,361.12,2024,12,December,Monday,2628.68,2234.3779999999997
2024-12-09,ORD009460,CUST04987,P011,Mixer Grinder,Home,Pune,Store,Cash,3,4424.6,0.1,13273.8,11946.42,0,3133.52,2024,12,December,Monday,13273.800000000001,11946.42
2024-12-09,ORD030682,CUST00395,P001,Laptop,Electronics,Bengaluru,Online,Credit Card,4,66882.3,0.1,267529.2,240776.28,0,58624.9,2024,12,December,Monday,267529.2,240776.28000000003
2024-12-10,ORD020031,CUST02243,P018,Jacket,Fashion,Hyderabad,Store,UPI,1,5346.99,0.05,5346.99,5079.64,0,1201.02,2024,12,December,Tuesday,5346.99,5079.6404999999995
2024-12-10,ORD039798,CUST04275,P005,Office Chair,Furniture,Ahmedabad,Store,UPI,3,9897.31,0.0,29691.93,29691.93,0,3872.98,2024,12,December,Tuesday,29691.93,29691.93
2024-12-10,ORD011042,CUST01538,P001,Laptop,Electronics,Kolkata,Store,UPI,2,66083.97,0.0,132167.94,132167.94,0,13435.37,2024,12,December,Tuesday,132167.94,132167.94
2024-12-10,ORD014645,CUST04462,P003,Headphones,Electronics,Bengaluru,Store,Credit Card,1,4734.18,0.15,4734.18,4024.05,0,807.75,2024,12,December,Tuesday,4734.18,4024.0530000000003
2024-12-10,ORD018607,CUST02665,P019,Vacuum Cleaner,Home,Hyderabad,Store,Debit Card,1,9122.16,0.0,9122.16,9122.16,0,2126.93,2024,12,December,Tuesday,9122.16,9122.16
2024-12-10,ORD037360,CUST03259,P008,Running Shoes,Fashion,Jaipur,Online,UPI,4,4097.41,0.05,16389.64,15570.16,0,1939.27,2024,12,December,Tuesday,16389.64,15570.158
2024-12-10,ORD045372,CUST00513,P007,Backpack,Accessories,Chennai,Online,UPI,1,2070.15,0.1,2070.15,1863.14,0,456.34,2024,12,December,Tuesday,2070.15,1863.1350000000002
2024-12-10,ORD009249,CUST04366,P020,Microwave,Home,Delhi,Online,Credit Card,1,11713.74,0.05,11713.74,11128.05,0,2072.63,2024,12,December,Tuesday,11713.74,11128.053
2024-12-10,ORD016180,CUST04704,P020,Microwave,Home,Mumbai,Online,Credit Card,1,11599.3,0.0,11599.3,11599.3,0,2899.61,2024,12,December,Tuesday,11599.3,11599.3
2024-12-10,ORD030945,CUST01843,P019,Vacuum Cleaner,Home,Surat,Online,Cash,3,9161.35,0.05,27484.05,26109.85,0,3850.18,2024,12,December,Tuesday,27484.050000000003,26109.8475
2024-12-10,ORD015760,CUST00977,P001,Laptop,Electronics,Pune,Online,UPI,1,63434.11,0.05,63434.11,60262.4,0,15542.49,2024,12,December,Tuesday,63434.11,60262.4045
2024-12-10,ORD021272,CUST03701,P012,Air Fryer,Home,Chennai,Online,Credit Card,1,6904.26,0.1,6904.26,6213.83,0,946.37,2024,12,December,Tuesday,6904.26,6213.834000000001
2024-12-10,ORD009931,CUST04536,P002,Smartphone,Electronics,Ahmedabad,Online,Credit Card,5,27062.33,0.1,135311.65,121780.49,0,19758.97,2024,12,December,Tuesday,135311.65000000002,121780.485
2024-12-10,ORD007882,CUST03908,P015,Dining Table,Furniture,Kolkata,Online,Credit Card,1,20705.87,0.0,20705.87,20705.87,0,2077.47,2024,12,December,Tuesday,20705.87,20705.87
2024-12-10,ORD027777,CUST00719,P010,Coffee Maker,Home,Kolkata,Online,UPI,2,5652.53,0.15,11305.06,9609.3,0,2486.35,2024,12,December,Tuesday,11305.06,9609.301
2024-12-10,ORD023862,CUST04073,P016,Sofa,Furniture,Pune,Online,Net Banking,3,36040.06,0.0,108120.18,108120.18,0,22047.32,2024,12,December,Tuesday,108120.18,108120.18
2024-12-10,ORD026872,CUST01920,P020,Microwave,Home,Jaipur,Online,UPI,1,11823.83,0.2,11823.83,9459.06,0,1355.14,2024,12,December,Tuesday,11823.83,9459.064
2024-12-10,ORD045559,CUST03277,P019,Vacuum Cleaner,Home,Surat,Online,UPI,2,9409.93,0.15,18819.86,15996.88,0,2649.64,2024,12,December,Tuesday,18819.86,15996.881
2024-12-10,ORD027758,CUST03419,P001,Laptop,Electronics,Surat,Online,UPI,2,64504.98,0.1,129009.96,116108.96,0,9765.35,2024,12,December,Tuesday,129009.96,116108.964
2024-12-10,ORD001203,CUST01990,P014,Keyboard,Electronics,Bengaluru,Online,UPI,1,2300.79,0.1,2300.79,2070.71,0,158.53,2024,12,December,Tuesday,2300.79,2070.7110000000002
2024-12-10,ORD045906,CUST00311,P012,Air Fryer,Home,Mumbai,Online,Net Banking,1,7349.48,0.2,7349.48,5879.58,0,558.21,2024,12,December,Tuesday,7349.48,5879.584
2024-12-10,ORD013345,CUST03780,P002,Smartphone,Electronics,Chennai,Online,Debit Card,4,27188.79,0.1,108755.16,97879.64,0,13401.98,2024,12,December,Tuesday,108755.16,97879.644
2024-12-10,ORD012633,CUST01626,P010,Coffee Maker,Home,Surat,Online,UPI,1,5530.41,0.1,5530.41,4977.37,0,544.12,2024,12,December,Tuesday,5530.41,4977.369
2024-12-10,ORD009471,CUST02068,P005,Office Chair,Furniture,Ahmedabad,Online,Credit Card,2,9925.83,0.1,19851.66,17866.49,0,4269.62,2024,12,December,Tuesday,19851.66,17866.494
2024-12-10,ORD007116,CUST04779,P002,Smartphone,Electronics,Mumbai,Online,UPI,1,29020.54,0.2,29020.54,23216.43,0,4088.26,2024,12,December,Tuesday,29020.54,23216.432
2024-12-10,ORD049955,CUST02023,P005,Office Chair,Furniture,Kolkata,Store,Credit Card,1,9938.52,0.1,9938.52,8944.67,0,1949.64,2024,12,December,Tuesday,9938.52,8944.668000000001
2024-12-10,ORD020068,CUST01958,P019,Vacuum Cleaner,Home,Mumbai,Store,Debit Card,1,8108.61,0.1,8108.61,7297.75,0,647.87,2024,12,December,Tuesday,8108.61,7297.749
2024-12-10,ORD008885,CUST02319,P012,Air Fryer,Home,Jaipur,Online,Debit Card,4,7398.34,0.0,29593.36,29593.36,0,8657.81,2024,12,December,Tuesday,29593.36,29593.36
2024-12-10,ORD028599,CUST03725,P016,Sofa,Furniture,Delhi,Online,UPI,1,32261.23,0.0,32261.23,32261.23,0,9364.46,2024,12,December,Tuesday,32261.23,32261.23
2024-12-10,ORD020915,CUST00989,P020,Microwave,Home,Delhi,Online,UPI,1,11023.65,0.15,11023.65,9370.1,0,2417.41,2024,12,December,Tuesday,11023.65,9370.102499999999
2024-12-10,ORD021434,CUST04594,P007,Backpack,Accessories,Bengaluru,Store,UPI,2,2130.2,0.0,4260.4,4260.4,0,978.46,2024,12,December,Tuesday,4260.4,4260.4
2024-12-10,ORD035818,CUST02078,P018,Jacket,Fashion,Kolkata,Online,UPI,3,4814.64,0.2,14443.92,11555.14,0,1164.17,2024,12,December,Tuesday,14443.920000000002,11555.136
2024-12-10,ORD032441,CUST00779,P010,Coffee Maker,Home,Hyderabad,Online,UPI,3,5443.76,0.2,16331.28,13065.02,0,1954.16,2024,12,December,Tuesday,16331.28,13065.024000000001
2024-12-10,ORD026142,CUST01201,P008,Running Shoes,Fashion,Mumbai,Store,Cash,5,4479.51,0.1,22397.55,20157.8,0,4105.45,2024,12,December,Tuesday,22397.550000000003,20157.795
2024-12-10,ORD031295,CUST01762,P006,Desk,Furniture,Delhi,Online,Debit Card,2,10949.75,0.1,21899.5,19709.55,0,4349.96,2024,12,December,Tuesday,21899.5,19709.55
2024-12-10,ORD003217,CUST02717,P019,Vacuum Cleaner,Home,Surat,Online,Credit Card,1,8582.46,0.0,8582.46,8582.46,0,1298.29,2024,12,December,Tuesday,8582.46,8582.46
2024-12-10,ORD045624,CUST03946,P001,Laptop,Electronics,Jaipur,Online,Debit Card,1,59782.86,0.0,59782.86,59782.86,0,15331.44,2024,12,December,Tuesday,59782.86,59782.86
2024-12-10,ORD015741,CUST02904,P001,Laptop,Electronics,Bengaluru,Online,Net Banking,1,69350.96,0.2,69350.96,55480.77,0,13633.82,2024,12,December,Tuesday,69350.96,55480.76800000001
2024-12-10,ORD001632,CUST00599,P010,Coffee Maker,Home,Delhi,Online,Credit Card,2,5666.62,0.1,11333.24,10199.92,0,2837.74,2024,12,December,Tuesday,11333.24,10199.916
2024-12-10,ORD040680,CUST03288,P005,Office Chair,Furniture,Hyderabad,Store,Credit Card,2,8870.3,0.1,17740.6,15966.54,0,4193.96,2024,12,December,Tuesday,17740.6,15966.539999999999
2024-12-10,ORD002960,CUST03099,P001,Laptop,Electronics,Jaipur,Online,Credit Card,1,70709.29,0.05,70709.29,67173.83,0,8473.16,2024,12,December,Tuesday,70709.29,67173.82549999999
2024-12-10,ORD010250,CUST00003,P016,Sofa,Furniture,Pune,Store,Credit Card,4,32589.16,0.0,130356.64,130356.64,0,16755.52,2024,12,December,Tuesday,130356.64,130356.64
2024-12-10,ORD008619,CUST01944,P020,Microwave,Home,Pune,Store,Credit Card,2,9940.51,0.05,19881.02,18886.97,0,5174.52,2024,12,December,Tuesday,19881.02,18886.969
2024-12-10,ORD040136,CUST04081,P007,Backpack,Accessories,Surat,Online,Credit Card,3,2202.69,0.1,6608.07,5947.26,0,1447.4,2024,12,December,Tuesday,6608.07,5947.263
2024-12-10,ORD049467,CUST02153,P007,Backpack,Accessories,Ahmedabad,Store,Debit Card,1,2416.14,0.05,2416.14,2295.33,0,567.04,2024,12,December,Tuesday,2416.14,2295.3329999999996
2024-12-10,ORD020402,CUST04012,P016,Sofa,Furniture,Jaipur,Online,Credit Card,1,34152.09,0.0,34152.09,34152.09,0,8805.33,2024,12,December,Tuesday,34152.09,34152.09
2024-12-10,ORD005435,CUST04008,P010,Coffee Maker,Home,Chennai,Store,UPI,1,5224.43,0.0,5224.43,5224.43,0,612.05,2024,12,December,Tuesday,5224.43,5224.43
2024-12-10,ORD022066,CUST02674,P005,Office Chair,Furniture,Hyderabad,Online,UPI,2,10051.15,0.0,20102.3,20102.3,0,2939.74,2024,12,December,Tuesday,20102.3,20102.3
2024-12-10,ORD013740,CUST01519,P020,Microwave,Home,Surat,Online,UPI,3,9906.99,0.0,29720.97,29720.97,1,-1486.05,2024,12,December,Tuesday,29720.97,29720.97
2024-12-10,ORD032691,CUST01762,P008,Running Shoes,Fashion,Kolkata,Store,UPI,1,3961.19,0.1,3961.19,3565.07,0,672.5,2024,12,December,Tuesday,3961.19,3565.071
2024-12-10,ORD033473,CUST04347,P001,Laptop,Electronics,Pune,Online,UPI,1,64546.59,0.15,64546.59,54864.6,0,6255.93,2024,12,December,Tuesday,64546.59,54864.6015
2024-12-10,ORD039281,CUST01499,P008,Running Shoes,Fashion,Surat,Online,Credit Card,1,4235.48,0.1,4235.48,3811.93,0,1058.42,2024,12,December,Tuesday,4235.48,3811.932
2024-12-10,ORD046306,CUST04283,P005,Office Chair,Furniture,Jaipur,Online,Credit Card,3,9648.39,0.0,28945.17,28945.17,0,2530.57,2024,12,December,Tuesday,28945.17,28945.17
2024-12-10,ORD035654,CUST01248,P001,Laptop,Electronics,Bengaluru,Online,Net Banking,1,59622.44,0.25,59622.44,44716.83,0,5202.53,2024,12,December,Tuesday,59622.44,44716.83
2024-12-10,ORD027824,CUST00586,P017,Jeans,Fashion,Jaipur,Store,Net Banking,1,2623.78,0.05,2623.78,2492.59,0,237.6,2024,12,December,Tuesday,2623.78,2492.591
2024-12-10,ORD026182,CUST04991,P006,Desk,Furniture,Pune,Store,UPI,4,11661.14,0.05,46644.56,44312.33,0,3394.13,2024,12,December,Tuesday,46644.56,44312.331999999995
2024-12-10,ORD001523,CUST00554,P010,Coffee Maker,Home,Pune,Store,Debit Card,1,5133.06,0.1,5133.06,4619.75,0,512.23,2024,12,December,Tuesday,5133.06,4619.754000000001
2024-12-10,ORD009878,CUST02164,P013,Monitor,Electronics,Bengaluru,Online,Net Banking,1,17526.2,0.0,17526.2,17526.2,0,1980.69,2024,12,December,Tuesday,17526.2,17526.2
2024-12-10,ORD037069,CUST00341,P019,Vacuum Cleaner,Home,Mumbai,Online,UPI,1,9264.22,0.25,9264.22,6948.16,0,1640.08,2024,12,December,Tuesday,9264.22,6948.164999999999
2024-12-10,ORD046301,CUST04693,P007,Backpack,Accessories,Ahmedabad,Store,UPI,2,2306.09,0.05,4612.18,4381.57,0,1044.13,2024,12,December,Tuesday,4612.18,4381.571
2024-12-10,ORD011806,CUST00707,P015,Dining Table,Furniture,Ahmedabad,Store,Credit Card,1,24019.98,0.15,24019.98,20416.98,0,2763.98,2024,12,December,Tuesday,24019.98,20416.983
2024-12-10,ORD005758,CUST01161,P019,Vacuum Cleaner,Home,Pune,Store,Credit Card,1,9000.98,0.2,9000.98,7200.78,0,1123.58,2024,12,December,Tuesday,9000.98,7200.784
2024-12-10,ORD037947,CUST04757,P005,Office Chair,Furniture,Bengaluru,Online,Credit Card,1,9253.17,0.0,9253.17,9253.17,0,2127.25,2024,12,December,Tuesday,9253.17,9253.17
2024-12-10,ORD025624,CUST00792,P004,Smartwatch,Electronics,Delhi,Online,Cash,2,6612.28,0.05,13224.56,12563.33,0,3318.22,2024,12,December,Tuesday,13224.56,12563.331999999999
2024-12-10,ORD012725,CUST01621,P017,Jeans,Fashion,Chennai,Store,Cash,1,2837.79,0.1,2837.79,2554.01,0,343.57,2024,12,December,Tuesday,2837.79,2554.011
2024-12-10,ORD007864,CUST00566,P017,Jeans,Fashion,Ahmedabad,Online,UPI,1,2917.85,0.0,2917.85,2917.85,0,699.31,2024,12,December,Tuesday,2917.85,2917.85
2024-12-10,ORD036323,CUST01089,P017,Jeans,Fashion,Bengaluru,Online,UPI,1,2906.01,0.1,2906.01,2615.41,0,535.08,2024,12,December,Tuesday,2906.01,2615.409
2024-12-10,ORD025159,CUST02156,P005,Office Chair,Furniture,Pune,Online,Credit Card,1,9862.36,0.1,9862.36,8876.12,0,604.82,2024,12,December,Tuesday,9862.36,8876.124000000002
2024-12-10,ORD007849,CUST03727,P012,Air Fryer,Home,Chennai,Online,UPI,4,6714.02,0.1,26856.08,24170.47,0,1837.19,2024,12,December,Tuesday,26856.08,24170.472
2024-12-10,ORD003814,CUST02267,P007,Backpack,Accessories,Kolkata,Online,UPI,3,2180.75,0.15,6542.25,5560.91,0,1085.98,2024,12,December,Tuesday,6542.25,5560.912499999999
2024-12-10,ORD026162,CUST00062,P007,Backpack,Accessories,Mumbai,Store,Credit Card,4,2311.98,0.05,9247.92,8785.52,1,-439.28,2024,12,December,Tuesday,9247.92,8785.524
2024-12-10,ORD023224,CUST02951,P008,Running Shoes,Fashion,Kolkata,Store,Cash,1,3785.92,0.15,3785.92,3218.03,0,375.47,2024,12,December,Tuesday,3785.92,3218.032
2024-12-10,ORD027156,CUST02197,P019,Vacuum Cleaner,Home,Pune,Online,Cash,4,8300.98,0.2,33203.92,26563.14,0,4691.51,2024,12,December,Tuesday,33203.92,26563.136
2024-12-10,ORD043150,CUST04295,P019,Vacuum Cleaner,Home,Mumbai,Online,UPI,1,9750.15,0.1,9750.15,8775.14,0,602.78,2024,12,December,Tuesday,9750.15,8775.135
2024-12-10,ORD044103,CUST04374,P020,Microwave,Home,Jaipur,Store,Debit Card,1,11761.73,0.15,11761.73,9997.47,0,2006.73,2024,12,December,Tuesday,11761.73,9997.4705
2024-12-10,ORD023130,CUST02688,P003,Headphones,Electronics,Mumbai,Online,Net Banking,2,4247.69,0.1,8495.38,7645.84,0,1521.47,2024,12,December,Tuesday,8495.38,7645.842
2024-12-11,ORD019371,CUST01185,P017,Jeans,Fashion,Kolkata,Online,UPI,1,2552.99,0.1,2552.99,2297.69,1,-114.88,2024,12,December,Wednesday,2552.99,2297.691
2024-12-11,ORD045235,CUST01815,P015,Dining Table,Furniture,Kolkata,Store,Credit Card,1,23620.31,0.1,23620.31,21258.28,0,3662.83,2024,12,December,Wednesday,23620.31,21258.279000000002
2024-12-11,ORD008960,CUST01286,P007,Backpack,Accessories,Delhi,Store,UPI,1,2268.68,0.05,2268.68,2155.25,0,542.59,2024,12,December,Wednesday,2268.68,2155.2459999999996
2024-12-11,ORD031738,CUST04348,P019,Vacuum Cleaner,Home,Hyderabad,Online,UPI,1,9629.1,0.05,9629.1,9147.64,0,900.0,2024,12,December,Wednesday,9629.1,9147.645
2024-12-11,ORD016460,CUST03686,P010,Coffee Maker,Home,Pune,Online,Cash,1,5053.78,0.1,5053.78,4548.4,0,533.77,2024,12,December,Wednesday,5053.78,4548.402
2024-12-11,ORD001461,CUST00581,P012,Air Fryer,Home,Ahmedabad,Online,Credit Card,1,7046.57,0.05,7046.57,6694.24,0,1216.28,2024,12,December,Wednesday,7046.57,6694.241499999999
2024-12-11,ORD049779,CUST03111,P009,T-Shirt,Fashion,Hyderabad,Online,Credit Card,2,1175.8,0.1,2351.6,2116.44,0,133.99,2024,12,December,Wednesday,2351.6,2116.44
2024-12-11,ORD049492,CUST04881,P010,Coffee Maker,Home,Hyderabad,Online,UPI,1,5613.39,0.05,5613.39,5332.72,0,1340.69,2024,12,December,Wednesday,5613.39,5332.7205
2024-12-11,ORD017107,CUST02505,P008,Running Shoes,Fashion,Jaipur,Store,UPI,1,3797.3,0.15,3797.3,3227.7,0,234.18,2024,12,December,Wednesday,3797.3,3227.705
2024-12-11,ORD038926,CUST04227,P019,Vacuum Cleaner,Home,Ahmedabad,Online,Credit Card,1,8384.55,0.05,8384.55,7965.32,0,1452.8,2024,12,December,Wednesday,8384.55,7965.322499999999
2024-12-11,ORD037874,CUST04243,P016,Sofa,Furniture,Kolkata,Store,Cash,2,31863.87,0.0,63727.74,63727.74,0,13245.2,2024,12,December,Wednesday,63727.74,63727.74
2024-12-11,ORD005548,CUST02434,P008,Running Shoes,Fashion,Delhi,Store,Credit Card,1,3787.25,0.05,3787.25,3597.89,0,464.37,2024,12,December,Wednesday,3787.25,3597.8875
2024-12-11,ORD027006,CUST03866,P006,Desk,Furniture,Hyderabad,Online,Credit Card,3,11196.76,0.05,33590.28,31910.77,0,7145.22,2024,12,December,Wednesday,33590.28,31910.765999999996
2024-12-11,ORD046598,CUST02303,P014,Keyboard,Electronics,Kolkata,Online,UPI,1,2548.93,0.05,2548.93,2421.48,0,532.48,2024,12,December,Wednesday,2548.93,2421.4835
2024-12-11,ORD049203,CUST02597,P020,Microwave,Home,Surat,Online,UPI,2,9921.07,0.0,19842.14,19842.14,0,4350.56,2024,12,December,Wednesday,19842.14,19842.14
2024-12-11,ORD036539,CUST00261,P014,Keyboard,Electronics,Chennai,Online,Credit Card,1,2296.6,0.0,2296.6,2296.6,0,415.64,2024,12,December,Wednesday,2296.6,2296.6
2024-12-11,ORD019300,CUST01031,P020,Microwave,Home,Hyderabad,Online,Credit Card,1,10480.16,0.1,10480.16,9432.14,0,1079.35,2024,12,December,Wednesday,10480.16,9432.144
2024-12-11,ORD005270,CUST01963,P019,Vacuum Cleaner,Home,Pune,Store,Cash,1,9656.98,0.05,9656.98,9174.13,0,1251.88,2024,12,December,Wednesday,9656.98,9174.131
2024-12-11,ORD019360,CUST00722,P009,T-Shirt,Fashion,Mumbai,Store,Net Banking,4,1283.61,0.0,5134.44,5134.44,0,1433.53,2024,12,December,Wednesday,5134.44,5134.44
2024-12-11,ORD024278,CUST00087,P011,Mixer Grinder,Home,Kolkata,Online,Credit Card,3,5237.52,0.05,15712.56,14926.93,0,2472.95,2024,12,December,Wednesday,15712.560000000001,14926.931999999999
2024-12-11,ORD012864,CUST03944,P009,T-Shirt,Fashion,Kolkata,Online,Credit Card,3,1101.89,0.1,3305.67,2975.1,0,544.19,2024,12,December,Wednesday,3305.67,2975.103
2024-12-11,ORD014008,CUST00092,P014,Keyboard,Electronics,Bengaluru,Online,UPI,1,2445.43,0.2,2445.43,1956.34,0,405.7,2024,12,December,Wednesday,2445.43,1956.344
2024-12-11,ORD002093,CUST02352,P009,T-Shirt,Fashion,Mumbai,Online,Debit Card,2,1114.63,0.1,2229.26,2006.33,0,411.36,2024,12,December,Wednesday,2229.26,2006.3340000000003
2024-12-11,ORD007058,CUST03788,P002,Smartphone,Electronics,Delhi,Online,UPI,2,26758.11,0.2,53516.22,42812.98,0,7057.22,2024,12,December,Wednesday,53516.22,42812.976
2024-12-11,ORD024598,CUST01738,P012,Air Fryer,Home,Bengaluru,Store,Cash,1,7789.04,0.1,7789.04,7010.14,0,1554.47,2024,12,December,Wednesday,7789.04,7010.136
2024-12-11,ORD046446,CUST01926,P020,Microwave,Home,Jaipur,Online,Debit Card,1,10921.83,0.1,10921.83,9829.65,0,656.09,2024,12,December,Wednesday,10921.83,9829.647
2024-12-11,ORD004072,CUST02565,P005,Office Chair,Furniture,Pune,Online,Net Banking,1,9597.44,0.05,9597.44,9117.57,0,2200.74,2024,12,December,Wednesday,9597.44,9117.568
2024-12-11,ORD028109,CUST04437,P008,Running Shoes,Fashion,Pune,Online,UPI,4,4582.15,0.05,18328.6,17412.17,0,4510.24,2024,12,December,Wednesday,18328.6,17412.17
2024-12-11,ORD040402,CUST04726,P019,Vacuum Cleaner,Home,Delhi,Online,Credit Card,1,9564.76,0.15,9564.76,8130.05,0,1283.18,2024,12,December,Wednesday,9564.76,8130.046
2024-12-11,ORD011588,CUST04234,P012,Air Fryer,Home,Pune,Store,Credit Card,4,7590.43,0.15,30361.72,25807.46,0,5875.43,2024,12,December,Wednesday,30361.72,25807.462
2024-12-11,ORD004637,CUST04574,P011,Mixer Grinder,Home,Jaipur,Online,UPI,1,4566.77,0.1,4566.77,4110.09,0,552.48,2024,12,December,Wednesday,4566.77,4110.093000000001
2024-12-11,ORD041626,CUST00279,P009,T-Shirt,Fashion,Bengaluru,Online,Debit Card,1,1271.99,0.0,1271.99,1271.99,0,205.71,2024,12,December,Wednesday,1271.99,1271.99
2024-12-11,ORD012042,CUST00211,P006,Desk,Furniture,Ahmedabad,Online,UPI,1,12570.63,0.1,12570.63,11313.57,0,2009.5,2024,12,December,Wednesday,12570.63,11313.567
2024-12-11,ORD024775,CUST01974,P008,Running Shoes,Fashion,Chennai,Online,Credit Card,1,4047.16,0.1,4047.16,3642.44,0,281.47,2024,12,December,Wednesday,4047.16,3642.444
2024-12-11,ORD037419,CUST04720,P003,Headphones,Electronics,Chennai,Store,UPI,1,4635.02,0.0,4635.02,4635.02,0,1146.95,2024,12,December,Wednesday,4635.02,4635.02
2024-12-11,ORD011815,CUST02225,P007,Backpack,Accessories,Hyderabad,Store,Cash,1,2154.64,0.15,2154.64,1831.44,0,309.44,2024,12,December,Wednesday,2154.64,1831.4439999999997
2024-12-11,ORD007548,CUST01447,P012,Air Fryer,Home,Ahmedabad,Online,UPI,4,7273.82,0.0,29095.28,29095.28,0,2674.0,2024,12,December,Wednesday,29095.28,29095.28
2024-12-11,ORD031303,CUST02704,P005,Office Chair,Furniture,Pune,Online,Credit Card,1,9968.55,0.05,9968.55,9470.12,1,-473.51,2024,12,December,Wednesday,9968.55,9470.1225
2024-12-11,ORD044631,CUST01305,P015,Dining Table,Furniture,Chennai,Store,Cash,1,23034.25,0.1,23034.25,20730.82,1,-1036.54,2024,12,December,Wednesday,23034.25,20730.825
2024-12-11,ORD049414,CUST03173,P013,Monitor,Electronics,Pune,Store,Debit Card,1,17674.85,0.2,17674.85,14139.88,0,3071.35,2024,12,December,Wednesday,17674.85,14139.88
2024-12-11,ORD020291,CUST00304,P017,Jeans,Fashion,Hyderabad,Online,UPI,1,3061.37,0.15,3061.37,2602.16,0,470.47,2024,12,December,Wednesday,3061.37,2602.1645
2024-12-11,ORD024750,CUST04522,P003,Headphones,Electronics,Pune,Store,UPI,1,4134.68,0.0,4134.68,4134.68,0,1133.09,2024,12,December,Wednesday,4134.68,4134.68
2024-12-11,ORD025251,CUST01406,P017,Jeans,Fashion,Hyderabad,Online,Debit Card,1,2644.83,0.05,2644.83,2512.59,0,356.6,2024,12,December,Wednesday,2644.83,2512.5885
2024-12-11,ORD031267,CUST00382,P011,Mixer Grinder,Home,Bengaluru,Online,UPI,2,4346.25,0.1,8692.5,7823.25,0,1173.07,2024,12,December,Wednesday,8692.5,7823.25
2024-12-11,ORD033306,CUST03907,P014,Keyboard,Electronics,Hyderabad,Store,Net Banking,1,2287.45,0.1,2287.45,2058.7,0,244.52,2024,12,December,Wednesday,2287.45,2058.705
2024-12-11,ORD002238,CUST03611,P001,Laptop,Electronics,Jaipur,Online,UPI,2,65755.81,0.0,131511.62,131511.62,0,33520.45,2024,12,December,Wednesday,131511.62,131511.62
2024-12-11,ORD039493,CUST03374,P002,Smartphone,Electronics,Surat,Online,Credit Card,1,29526.79,0.1,29526.79,26574.11,0,1604.22,2024,12,December,Wednesday,29526.79,26574.111
2024-12-11,ORD016007,CUST02583,P006,Desk,Furniture,Hyderabad,Online,UPI,2,12366.04,0.15,24732.08,21022.27,0,4977.2,2024,12,December,Wednesday,24732.08,21022.268
2024-12-11,ORD002745,CUST04090,P005,Office Chair,Furniture,Delhi,Online,UPI,1,8872.71,0.2,8872.71,7098.17,0,1490.8,2024,12,December,Wednesday,8872.71,7098.168
2024-12-11,ORD038447,CUST02360,P003,Headphones,Electronics,Kolkata,Online,UPI,1,4799.45,0.1,4799.45,4319.5,0,1179.45,2024,12,December,Wednesday,4799.45,4319.505
2024-12-11,ORD023030,CUST04564,P003,Headphones,Electronics,Bengaluru,Store,Net Banking,1,4872.11,0.2,4872.11,3897.69,0,533.7,2024,12,December,Wednesday,4872.11,3897.688
2024-12-11,ORD017016,CUST00423,P012,Air Fryer,Home,Ahmedabad,Online,UPI,2,6744.98,0.1,13489.96,12140.96,0,2347.06,2024,12,December,Wednesday,13489.96,12140.964
2024-12-11,ORD034560,CUST04435,P005,Office Chair,Furniture,Surat,Online,UPI,1,10446.91,0.1,10446.91,9402.22,0,1701.73,2024,12,December,Wednesday,10446.91,9402.219000000001
2024-12-11,ORD047388,CUST00625,P013,Monitor,Electronics,Ahmedabad,Online,Cash,1,19345.03,0.05,19345.03,18377.78,0,4970.6,2024,12,December,Wednesday,19345.03,18377.778499999997
2024-12-11,ORD038830,CUST00167,P001,Laptop,Electronics,Chennai,Store,Credit Card,5,60191.76,0.25,300958.8,225719.1,0,45409.56,2024,12,December,Wednesday,300958.8,225719.09999999998
2024-12-11,ORD003062,CUST00419,P018,Jacket,Fashion,Pune,Online,UPI,2,5460.51,0.0,10921.02,10921.02,0,1025.97,2024,12,December,Wednesday,10921.02,10921.02
2024-12-11,ORD009974,CUST03523,P009,T-Shirt,Fashion,Hyderabad,Online,UPI,1,1241.01,0.15,1241.01,1054.86,0,183.11,2024,12,December,Wednesday,1241.01,1054.8585
2024-12-11,ORD014391,CUST01130,P018,Jacket,Fashion,Jaipur,Online,UPI,1,4703.42,0.1,4703.42,4233.08,0,279.82,2024,12,December,Wednesday,4703.42,4233.078
2024-12-11,ORD048601,CUST01785,P004,Smartwatch,Electronics,Bengaluru,Online,UPI,2,7135.97,0.05,14271.94,13558.34,0,3118.34,2024,12,December,Wednesday,14271.94,13558.343
2024-12-11,ORD047845,CUST00288,P017,Jeans,Fashion,Bengaluru,Online,Credit Card,1,3062.34,0.05,3062.34,2909.22,0,572.0,2024,12,December,Wednesday,3062.34,2909.223
2024-12-11,ORD034162,CUST04821,P009,T-Shirt,Fashion,Jaipur,Online,Credit Card,1,1267.71,0.05,1267.71,1204.32,0,332.73,2024,12,December,Wednesday,1267.71,1204.3245
2024-12-11,ORD046355,CUST02888,P005,Office Chair,Furniture,Delhi,Online,Net Banking,1,9194.39,0.25,9194.39,6895.79,0,887.26,2024,12,December,Wednesday,9194.39,6895.7925
2024-12-11,ORD025725,CUST04120,P006,Desk,Furniture,Bengaluru,Store,Credit Card,1,11107.11,0.1,11107.11,9996.4,0,622.36,2024,12,December,Wednesday,11107.11,9996.399000000001
2024-12-11,ORD001022,CUST00072,P009,T-Shirt,Fashion,Bengaluru,Online,UPI,1,1297.22,0.15,1297.22,1102.64,0,173.53,2024,12,December,Wednesday,1297.22,1102.637
2024-12-11,ORD000079,CUST02350,P005,Office Chair,Furniture,Surat,Online,Credit Card,3,9200.8,0.25,27602.4,20701.8,0,2550.28,2024,12,December,Wednesday,27602.399999999998,20701.800000000003
2024-12-11,ORD018587,CUST04883,P004,Smartwatch,Electronics,Pune,Online,UPI,1,6732.97,0.25,6732.97,5049.73,0,695.31,2024,12,December,Wednesday,6732.97,5049.7275
2024-12-11,ORD043612,CUST01199,P011,Mixer Grinder,Home,Pune,Online,Net Banking,2,5259.38,0.1,10518.76,9466.88,0,2407.56,2024,12,December,Wednesday,10518.76,9466.884
2024-12-11,ORD014245,CUST02936,P016,Sofa,Furniture,Mumbai,Online,UPI,1,36463.17,0.2,36463.17,29170.54,0,5941.02,2024,12,December,Wednesday,36463.17,29170.536
2024-12-11,ORD024369,CUST02047,P001,Laptop,Electronics,Kolkata,Store,UPI,1,70065.64,0.25,70065.64,52549.23,0,5576.75,2024,12,December,Wednesday,70065.64,52549.229999999996
2024-12-11,ORD018291,CUST03175,P019,Vacuum Cleaner,Home,Hyderabad,Online,UPI,1,9302.84,0.0,9302.84,9302.84,0,1551.17,2024,12,December,Wednesday,9302.84,9302.84
2024-12-11,ORD016322,CUST01816,P016,Sofa,Furniture,Bengaluru,Store,Credit Card,1,34199.77,0.0,34199.77,34199.77,0,5177.14,2024,12,December,Wednesday,34199.77,34199.77
2024-12-11,ORD025861,CUST00464,P018,Jacket,Fashion,Pune,Online,Debit Card,1,5645.22,0.2,5645.22,4516.18,0,298.27,2024,12,December,Wednesday,5645.22,4516.176
2024-12-11,ORD000699,CUST03921,P004,Smartwatch,Electronics,Chennai,Online,Debit Card,5,7427.85,0.05,37139.25,35282.29,0,9619.92,2024,12,December,Wednesday,37139.25,35282.2875
2024-12-11,ORD004692,CUST00511,P019,Vacuum Cleaner,Home,Jaipur,Online,Net Banking,1,9318.94,0.1,9318.94,8387.05,0,558.84,2024,12,December,Wednesday,9318.94,8387.046
2024-12-11,ORD038301,CUST04413,P016,Sofa,Furniture,Chennai,Store,Credit Card,1,38077.07,0.15,38077.07,32365.51,0,3847.96,2024,12,December,Wednesday,38077.07,32365.5095
2024-12-11,ORD035665,CUST00792,P010,Coffee Maker,Home,Jaipur,Online,Credit Card,1,5256.39,0.05,5256.39,4993.57,0,650.51,2024,12,December,Wednesday,5256.39,4993.5705
2024-12-11,ORD001053,CUST02065,P005,Office Chair,Furniture,Delhi,Online,Debit Card,2,9577.79,0.0,19155.58,19155.58,0,4611.52,2024,12,December,Wednesday,19155.58,19155.58
2024-12-12,ORD021158,CUST00949,P004,Smartwatch,Electronics,Bengaluru,Store,Credit Card,2,6626.61,0.2,13253.22,10602.58,0,1996.64,2024,12,December,Thursday,13253.22,10602.576000000001
2024-12-12,ORD031498,CUST03408,P008,Running Shoes,Fashion,Mumbai,Store,Debit Card,3,4144.31,0.2,12432.93,9946.34,0,865.35,2024,12,December,Thursday,12432.93,9946.344000000001
2024-12-12,ORD017287,CUST02001,P013,Monitor,Electronics,Surat,Online,Credit Card,1,18360.69,0.0,18360.69,18360.69,0,4649.38,2024,12,December,Thursday,18360.69,18360.69
2024-12-12,ORD044340,CUST04884,P010,Coffee Maker,Home,Chennai,Online,Credit Card,4,5803.62,0.1,23214.48,20893.03,0,4545.15,2024,12,December,Thursday,23214.48,20893.032
2024-12-12,ORD006177,CUST03542,P014,Keyboard,Electronics,Hyderabad,Online,Debit Card,1,2644.89,0.15,2644.89,2248.16,0,307.46,2024,12,December,Thursday,2644.89,2248.1565
2024-12-12,ORD009398,CUST00268,P001,Laptop,Electronics,Mumbai,Online,Net Banking,1,60317.93,0.05,60317.93,57302.03,0,10938.71,2024,12,December,Thursday,60317.93,57302.0335
2024-12-12,ORD011158,CUST04196,P017,Jeans,Fashion,Pune,Online,UPI,1,2613.33,0.0,2613.33,2613.33,1,-130.67,2024,12,December,Thursday,2613.33,2613.33
2024-12-12,ORD029398,CUST01964,P017,Jeans,Fashion,Chennai,Online,UPI,4,3024.68,0.15,12098.72,10283.91,0,2551.38,2024,12,December,Thursday,12098.72,10283.911999999998
2024-12-12,ORD026071,CUST00195,P020,Microwave,Home,Mumbai,Online,Net Banking,1,11355.24,0.05,11355.24,10787.48,0,2046.2,2024,12,December,Thursday,11355.24,10787.478
2024-12-12,ORD044311,CUST02341,P016,Sofa,Furniture,Kolkata,Store,UPI,1,36595.45,0.2,36595.45,29276.36,0,5163.58,2024,12,December,Thursday,36595.45,29276.36
2024-12-12,ORD024364,CUST03956,P004,Smartwatch,Electronics,Delhi,Online,Debit Card,2,7062.22,0.0,14124.44,14124.44,0,2299.61,2024,12,December,Thursday,14124.44,14124.44
2024-12-12,ORD042361,CUST02657,P015,Dining Table,Furniture,Bengaluru,Online,UPI,3,21512.03,0.15,64536.09,54855.68,0,7091.74,2024,12,December,Thursday,64536.09,54855.676499999994
2024-12-12,ORD013845,CUST04320,P004,Smartwatch,Electronics,Kolkata,Online,UPI,1,7162.14,0.15,7162.14,6087.82,0,633.5,2024,12,December,Thursday,7162.14,6087.819
2024-12-12,ORD030667,CUST04883,P004,Smartwatch,Electronics,Bengaluru,Online,UPI,1,7564.3,0.15,7564.3,6429.66,0,1622.23,2024,12,December,Thursday,7564.3,6429.655
2024-12-12,ORD006566,CUST04204,P016,Sofa,Furniture,Chennai,Online,Net Banking,5,36947.67,0.2,184738.35,147790.68,0,17416.28,2024,12,December,Thursday,184738.34999999998,147790.68000000002
2024-12-12,ORD045995,CUST04471,P007,Backpack,Accessories,Jaipur,Store,UPI,1,2364.52,0.0,2364.52,2364.52,0,389.39,2024,12,December,Thursday,2364.52,2364.52
2024-12-12,ORD013490,CUST02914,P015,Dining Table,Furniture,Kolkata,Online,Credit Card,2,21838.17,0.1,43676.34,39308.71,0,4378.77,2024,12,December,Thursday,43676.34,39308.706
2024-12-12,ORD035800,CUST00251,P006,Desk,Furniture,Jaipur,Online,Debit Card,1,12040.08,0.2,12040.08,9632.06,0,2447.55,2024,12,December,Thursday,12040.08,9632.064
2024-12-12,ORD035785,CUST04985,P017,Jeans,Fashion,Kolkata,Online,UPI,5,2844.05,0.05,14220.25,13509.24,0,3190.05,2024,12,December,Thursday,14220.25,13509.2375
2024-12-12,ORD039622,CUST04486,P015,Dining Table,Furniture,Delhi,Online,UPI,1,20659.26,0.05,20659.26,19626.3,0,2438.8,2024,12,December,Thursday,20659.26,19626.297
2024-12-12,ORD006190,CUST00650,P006,Desk,Furniture,Ahmedabad,Online,Credit Card,1,11035.53,0.05,11035.53,10483.75,0,2944.57,2024,12,December,Thursday,11035.53,10483.7535
2024-12-12,ORD038378,CUST02546,P007,Backpack,Accessories,Jaipur,Online,Credit Card,1,2220.56,0.0,2220.56,2220.56,1,-111.03,2024,12,December,Thursday,2220.56,2220.56
2024-12-12,ORD033730,CUST01361,P003,Headphones,Electronics,Kolkata,Online,Credit Card,1,4348.05,0.0,4348.05,4348.05,0,877.19,2024,12,December,Thursday,4348.05,4348.05
2024-12-12,ORD028249,CUST01622,P017,Jeans,Fashion,Jaipur,Store,UPI,1,2791.7,0.2,2791.7,2233.36,0,204.49,2024,12,December,Thursday,2791.7,2233.36
2024-12-12,ORD014552,CUST03031,P014,Keyboard,Electronics,Surat,Online,Debit Card,2,2298.41,0.15,4596.82,3907.3,0,283.24,2024,12,December,Thursday,4596.82,3907.2969999999996
2024-12-12,ORD035725,CUST00117,P016,Sofa,Furniture,Ahmedabad,Online,Credit Card,2,32871.28,0.15,65742.56,55881.18,0,12388.64,2024,12,December,Thursday,65742.56,55881.176
2024-12-12,ORD023202,CUST03129,P001,Laptop,Electronics,Mumbai,Online,UPI,2,64994.54,0.1,129989.08,116990.17,0,22403.37,2024,12,December,Thursday,129989.08,116990.172
2024-12-12,ORD044063,CUST01254,P009,T-Shirt,Fashion,Surat,Store,UPI,2,1127.4,0.05,2254.8,2142.06,0,243.43,2024,12,December,Thursday,2254.8,2142.06
2024-12-12,ORD043552,CUST03792,P018,Jacket,Fashion,Chennai,Store,Cash,1,5713.09,0.0,5713.09,5713.09,0,1424.67,2024,12,December,Thursday,5713.09,5713.09
2024-12-12,ORD035130,CUST01492,P005,Office Chair,Furniture,Delhi,Online,Debit Card,2,9591.1,0.1,19182.2,17263.98,0,3043.03,2024,12,December,Thursday,19182.2,17263.98
2024-12-12,ORD021468,CUST01377,P007,Backpack,Accessories,Jaipur,Store,UPI,1,2212.96,0.1,2212.96,1991.66,0,503.04,2024,12,December,Thursday,2212.96,1991.664
2024-12-12,ORD047376,CUST03994,P005,Office Chair,Furniture,Mumbai,Online,UPI,2,9217.05,0.05,18434.1,17512.39,0,4552.71,2024,12,December,Thursday,18434.1,17512.394999999997
2024-12-12,ORD034321,CUST04029,P006,Desk,Furniture,Bengaluru,Online,Net Banking,1,12012.71,0.15,12012.71,10210.8,0,519.34,2024,12,December,Thursday,12012.71,10210.803499999998
2024-12-12,ORD018844,CUST03102,P001,Laptop,Electronics,Hyderabad,Online,Net Banking,1,59176.53,0.1,59176.53,53258.88,0,10718.44,2024,12,December,Thursday,59176.53,53258.877
2024-12-12,ORD025322,CUST03650,P020,Microwave,Home,Pune,Online,Credit Card,1,11751.82,0.15,11751.82,9989.05,0,709.52,2024,12,December,Thursday,11751.82,9989.046999999999
2024-12-12,ORD046693,CUST00738,P003,Headphones,Electronics,Ahmedabad,Online,UPI,1,4501.97,0.0,4501.97,4501.97,1,-225.1,2024,12,December,Thursday,4501.97,4501.97
2024-12-12,ORD009337,CUST01653,P010,Coffee Maker,Home,Hyderabad,Store,UPI,2,5240.54,0.1,10481.08,9432.97,0,601.81,2024,12,December,Thursday,10481.08,9432.972
2024-12-12,ORD023082,CUST00553,P005,Office Chair,Furniture,Jaipur,Store,Credit Card,1,9858.61,0.05,9858.61,9365.68,0,1646.2,2024,12,December,Thursday,9858.61,9365.6795
2024-12-12,ORD021084,CUST04928,P004,Smartwatch,Electronics,Delhi,Online,Credit Card,1,6837.57,0.0,6837.57,6837.57,0,1005.18,2024,12,December,Thursday,6837.57,6837.57
2024-12-12,ORD044402,CUST03191,P001,Laptop,Electronics,Bengaluru,Online,Credit Card,2,63795.19,0.1,127590.38,114831.34,0,11979.56,2024,12,December,Thursday,127590.38,114831.342
2024-12-12,ORD016587,CUST04196,P020,Microwave,Home,Chennai,Store,Net Banking,1,11721.55,0.1,11721.55,10549.4,0,1451.97,2024,12,December,Thursday,11721.55,10549.395
2024-12-12,ORD022074,CUST04651,P014,Keyboard,Electronics,Delhi,Online,Credit Card,1,2655.48,0.1,2655.48,2389.93,0,399.87,2024,12,December,Thursday,2655.48,2389.9320000000002
2024-12-12,ORD011525,CUST02453,P020,Microwave,Home,Surat,Online,Credit Card,5,9965.99,0.0,49829.95,49829.95,0,10169.24,2024,12,December,Thursday,49829.95,49829.95
2024-12-12,ORD027314,CUST01127,P014,Keyboard,Electronics,Mumbai,Online,UPI,1,2689.01,0.1,2689.01,2420.11,0,310.75,2024,12,December,Thursday,2689.01,2420.1090000000004
2024-12-12,ORD039980,CUST01109,P002,Smartphone,Electronics,Bengaluru,Online,UPI,2,29501.02,0.1,59002.04,53101.84,0,6333.76,2024,12,December,Thursday,59002.04,53101.836
2024-12-12,ORD031966,CUST04222,P013,Monitor,Electronics,Kolkata,Store,UPI,2,17419.87,0.2,34839.74,27871.79,0,1213.08,2024,12,December,Thursday,34839.74,27871.792
2024-12-12,ORD040511,CUST01275,P003,Headphones,Electronics,Kolkata,Online,Cash,1,4128.61,0.1,4128.61,3715.75,0,691.61,2024,12,December,Thursday,4128.61,3715.749
2024-12-12,ORD012772,CUST01934,P010,Coffee Maker,Home,Delhi,Online,UPI,1,5231.18,0.05,5231.18,4969.62,0,1266.26,2024,12,December,Thursday,5231.18,4969.621
2024-12-12,ORD006249,CUST03124,P012,Air Fryer,Home,Jaipur,Online,UPI,1,7165.04,0.0,7165.04,7165.04,0,1667.33,2024,12,December,Thursday,7165.04,7165.04
2024-12-12,ORD016953,CUST02983,P010,Coffee Maker,Home,Jaipur,Online,Credit Card,1,6012.8,0.2,6012.8,4810.24,1,-240.51,2024,12,December,Thursday,6012.8,4810.240000000001
2024-12-12,ORD032129,CUST04199,P019,Vacuum Cleaner,Home,Kolkata,Online,UPI,2,8882.45,0.1,17764.9,15988.41,0,1065.69,2024,12,December,Thursday,17764.9,15988.410000000002
2024-12-12,ORD012264,CUST03486,P015,Dining Table,Furniture,Jaipur,Online,Credit Card,1,21961.27,0.0,21961.27,21961.27,0,4114.44,2024,12,December,Thursday,21961.27,21961.27
2024-12-12,ORD042931,CUST00658,P005,Office Chair,Furniture,Hyderabad,Store,Debit Card,2,9097.4,0.0,18194.8,18194.8,0,3577.25,2024,12,December,Thursday,18194.8,18194.8
2024-12-12,ORD030423,CUST02727,P004,Smartwatch,Electronics,Delhi,Online,Debit Card,1,6659.72,0.0,6659.72,6659.72,0,1127.53,2024,12,December,Thursday,6659.72,6659.72
2024-12-12,ORD045975,CUST01611,P001,Laptop,Electronics,Mumbai,Online,Credit Card,3,69028.9,0.1,207086.7,186378.03,0,12864.14,2024,12,December,Thursday,207086.69999999998,186378.03000000003
2024-12-12,ORD036739,CUST04206,P006,Desk,Furniture,Chennai,Store,UPI,1,12146.44,0.15,12146.44,10324.47,0,589.92,2024,12,December,Thursday,12146.44,10324.474
2024-12-12,ORD018879,CUST04829,P006,Desk,Furniture,Kolkata,Store,Debit Card,1,11701.25,0.15,11701.25,9946.06,0,2238.69,2024,12,December,Thursday,11701.25,9946.0625
2024-12-12,ORD003453,CUST01417,P020,Microwave,Home,Chennai,Store,UPI,1,11890.32,0.25,11890.32,8917.74,0,356.71,2024,12,December,Thursday,11890.32,8917.74
2024-12-12,ORD049808,CUST00596,P019,Vacuum Cleaner,Home,Hyderabad,Online,Net Banking,1,9818.73,0.1,9818.73,8836.86,0,2354.33,2024,12,December,Thursday,9818.73,8836.857
2024-12-12,ORD023617,CUST04552,P005,Office Chair,Furniture,Mumbai,Online,Credit Card,4,9191.03,0.05,36764.12,34925.91,0,4085.43,2024,12,December,Thursday,36764.12,34925.914000000004
2024-12-12,ORD030920,CUST02244,P016,Sofa,Furniture,Chennai,Store,Credit Card,2,34750.83,0.1,69501.66,62551.49,0,10548.82,2024,12,December,Thursday,69501.66,62551.494000000006
2024-12-12,ORD015968,CUST00504,P005,Office Chair,Furniture,Pune,Store,Credit Card,1,8845.81,0.15,8845.81,7518.94,0,1080.57,2024,12,December,Thursday,8845.81,7518.938499999999
2024-12-12,ORD030418,CUST04310,P011,Mixer Grinder,Home,Jaipur,Online,UPI,5,4482.34,0.15,22411.7,19049.94,0,4589.49,2024,12,December,Thursday,22411.7,19049.945
2024-12-12,ORD045427,CUST04089,P001,Laptop,Electronics,Bengaluru,Store,Credit Card,2,64307.96,0.1,128615.92,115754.33,0,22943.85,2024,12,December,Thursday,128615.92,115754.328
2024-12-12,ORD004662,CUST03615,P005,Office Chair,Furniture,Kolkata,Online,Net Banking,4,8928.53,0.05,35714.12,33928.41,0,3544.11,2024,12,December,Thursday,35714.12,33928.414000000004
2024-12-12,ORD045498,CUST04230,P012,Air Fryer,Home,Bengaluru,Online,Cash,1,6813.25,0.05,6813.25,6472.59,0,467.51,2024,12,December,Thursday,6813.25,6472.5875
2024-12-12,ORD036773,CUST03332,P012,Air Fryer,Home,Surat,Online,Debit Card,1,7856.24,0.15,7856.24,6677.8,0,1311.14,2024,12,December,Thursday,7856.24,6677.804
2024-12-12,ORD018303,CUST00067,P018,Jacket,Fashion,Ahmedabad,Online,UPI,1,4861.78,0.0,4861.78,4861.78,0,1231.98,2024,12,December,Thursday,4861.78,4861.78
2024-12-13,ORD032213,CUST01330,P010,Coffee Maker,Home,Bengaluru,Online,UPI,2,5428.99,0.1,10857.98,9772.18,1,-488.61,2024,12,December,Friday,10857.98,9772.182
2024-12-13,ORD036418,CUST01013,P002,Smartphone,Electronics,Surat,Online,Credit Card,2,26845.65,0.05,53691.3,51006.74,0,8591.24,2024,12,December,Friday,53691.3,51006.735
2024-12-13,ORD030678,CUST00278,P008,Running Shoes,Fashion,Hyderabad,Online,Net Banking,5,4078.74,0.0,20393.7,20393.7,0,3138.22,2024,12,December,Friday,20393.699999999997,20393.7
2024-12-13,ORD032209,CUST03615,P001,Laptop,Electronics,Chennai,Store,UPI,1,70719.41,0.25,70719.41,53039.56,1,-2651.98,2024,12,December,Friday,70719.41,53039.5575
2024-12-13,ORD036419,CUST03475,P002,Smartphone,Electronics,Surat,Online,UPI,1,30198.06,0.1,30198.06,27178.25,0,2669.24,2024,12,December,Friday,30198.06,27178.254
2024-12-13,ORD039778,CUST01880,P008,Running Shoes,Fashion,Mumbai,Online,Credit Card,4,3839.74,0.1,15358.96,13823.06,0,3690.16,2024,12,December,Friday,15358.96,13823.064
2024-12-13,ORD039454,CUST02108,P013,Monitor,Electronics,Surat,Store,Credit Card,1,18576.18,0.1,18576.18,16718.56,0,1413.85,2024,12,December,Friday,18576.18,16718.562
2024-12-13,ORD005690,CUST04319,P011,Mixer Grinder,Home,Chennai,Store,Cash,1,5154.57,0.05,5154.57,4896.84,0,686.37,2024,12,December,Friday,5154.57,4896.8414999999995
2024-12-13,ORD013469,CUST04635,P011,Mixer Grinder,Home,Kolkata,Store,Cash,1,4924.58,0.2,4924.58,3939.66,0,966.66,2024,12,December,Friday,4924.58,3939.664
2024-12-13,ORD018214,CUST00006,P014,Keyboard,Electronics,Chennai,Store,UPI,2,2585.81,0.0,5171.62,5171.62,0,1548.7,2024,12,December,Friday,5171.62,5171.62
2024-12-13,ORD049209,CUST00414,P014,Keyboard,Electronics,Hyderabad,Online,Credit Card,1,2525.91,0.15,2525.91,2147.02,0,317.25,2024,12,December,Friday,2525.91,2147.0235
2024-12-13,ORD005579,CUST00126,P015,Dining Table,Furniture,Ahmedabad,Online,Debit Card,3,20455.75,0.2,61367.25,49093.8,0,6708.49,2024,12,December,Friday,61367.25,49093.8
2024-12-13,ORD039091,CUST00436,P001,Laptop,Electronics,Surat,Store,Cash,2,67858.42,0.0,135716.84,135716.84,0,33251.68,2024,12,December,Friday,135716.84,135716.84
2024-12-13,ORD001442,CUST00142,P013,Monitor,Electronics,Ahmedabad,Online,Debit Card,1,17086.45,0.1,17086.45,15377.8,0,1984.35,2024,12,December,Friday,17086.45,15377.805
2024-12-13,ORD001464,CUST04575,P009,T-Shirt,Fashion,Ahmedabad,Online,Credit Card,3,1234.98,0.1,3704.94,3334.45,0,506.22,2024,12,December,Friday,3704.94,3334.446
2024-12-13,ORD039085,CUST01454,P006,Desk,Furniture,Chennai,Online,UPI,2,11485.87,0.1,22971.74,20674.57,0,5683.25,2024,12,December,Friday,22971.74,20674.566000000003
2024-12-13,ORD032114,CUST01344,P005,Office Chair,Furniture,Delhi,Online,Credit Card,1,9017.64,0.1,9017.64,8115.88,1,-405.79,2024,12,December,Friday,9017.64,8115.875999999999
2024-12-13,ORD008595,CUST02665,P005,Office Chair,Furniture,Pune,Store,UPI,1,8750.94,0.15,8750.94,7438.3,0,1020.94,2024,12,December,Friday,8750.94,7438.299
2024-12-13,ORD032803,CUST03723,P018,Jacket,Fashion,Bengaluru,Store,Debit Card,2,4880.38,0.15,9760.76,8296.65,0,994.18,2024,12,December,Friday,9760.76,8296.646
2024-12-13,ORD032042,CUST00449,P013,Monitor,Electronics,Jaipur,Store,UPI,1,16235.46,0.1,16235.46,14611.91,0,4070.11,2024,12,December,Friday,16235.46,14611.913999999999
2024-12-13,ORD043972,CUST01323,P016,Sofa,Furniture,Kolkata,Store,Net Banking,2,33592.66,0.0,67185.32,67185.32,0,10777.94,2024,12,December,Friday,67185.32,67185.32
2024-12-13,ORD015857,CUST01225,P011,Mixer Grinder,Home,Chennai,Store,Debit Card,2,4431.52,0.2,8863.04,7090.43,0,1511.16,2024,12,December,Friday,8863.04,7090.432000000001
2024-12-13,ORD026216,CUST00395,P019,Vacuum Cleaner,Home,Jaipur,Store,Credit Card,1,9518.94,0.25,9518.94,7139.2,0,762.35,2024,12,December,Friday,9518.94,7139.205
2024-12-13,ORD028805,CUST01478,P004,Smartwatch,Electronics,Pune,Online,UPI,2,7422.58,0.05,14845.16,14102.9,0,3007.7,2024,12,December,Friday,14845.16,14102.902
2024-12-13,ORD036999,CUST02159,P013,Monitor,Electronics,Kolkata,Online,Debit Card,1,19327.74,0.05,19327.74,18361.35,0,4519.19,2024,12,December,Friday,19327.74,18361.353
2024-12-13,ORD029016,CUST00280,P014,Keyboard,Electronics,Pune,Online,UPI,1,2525.41,0.25,2525.41,1894.06,0,296.66,2024,12,December,Friday,2525.41,1894.0575
2024-12-13,ORD020534,CUST03851,P004,Smartwatch,Electronics,Hyderabad,Store,Debit Card,1,7579.82,0.2,7579.82,6063.86,0,1156.56,2024,12,December,Friday,7579.82,6063.856
2024-12-13,ORD045264,CUST00430,P011,Mixer Grinder,Home,Delhi,Store,Debit Card,2,4506.39,0.15,9012.78,7660.86,0,472.5,2024,12,December,Friday,9012.78,7660.863
2024-12-13,ORD040940,CUST00563,P010,Coffee Maker,Home,Kolkata,Store,UPI,2,5107.54,0.0,10215.08,10215.08,0,2139.29,2024,12,December,Friday,10215.08,10215.08
2024-12-13,ORD014984,CUST01880,P012,Air Fryer,Home,Chennai,Store,Credit Card,1,6919.36,0.2,6919.36,5535.49,0,1339.73,2024,12,December,Friday,6919.36,5535.488
2024-12-13,ORD024588,CUST03881,P003,Headphones,Electronics,Pune,Online,Debit Card,1,4319.27,0.05,4319.27,4103.31,0,353.0,2024,12,December,Friday,4319.27,4103.306500000001
2024-12-13,ORD001717,CUST01868,P002,Smartphone,Electronics,Surat,Online,Credit Card,2,28961.93,0.15,57923.86,49235.28,0,7765.97,2024,12,December,Friday,57923.86,49235.281
2024-12-13,ORD043936,CUST04675,P003,Headphones,Electronics,Mumbai,Store,Credit Card,2,4115.91,0.2,8231.82,6585.46,0,443.54,2024,12,December,Friday,8231.82,6585.456
2024-12-13,ORD005126,CUST00440,P007,Backpack,Accessories,Kolkata,Online,UPI,1,2350.73,0.15,2350.73,1998.12,0,269.58,2024,12,December,Friday,2350.73,1998.1205
2024-12-13,ORD000225,CUST00772,P008,Running Shoes,Fashion,Hyderabad,Store,Net Banking,4,4442.59,0.1,17770.36,15993.32,0,3339.63,2024,12,December,Friday,17770.36,15993.324
2024-12-13,ORD030086,CUST02123,P008,Running Shoes,Fashion,Hyderabad,Online,UPI,2,4305.94,0.0,8611.88,8611.88,0,767.68,2024,12,December,Friday,8611.88,8611.88
2024-12-13,ORD025891,CUST04024,P009,T-Shirt,Fashion,Delhi,Online,Debit Card,1,1198.43,0.1,1198.43,1078.59,0,269.76,2024,12,December,Friday,1198.43,1078.587
2024-12-13,ORD042516,CUST01274,P005,Office Chair,Furniture,Chennai,Store,Debit Card,5,9975.88,0.0,49879.4,49879.4,0,9047.32,2024,12,December,Friday,49879.399999999994,49879.4
2024-12-13,ORD009158,CUST02292,P002,Smartphone,Electronics,Pune,Store,UPI,2,28929.18,0.2,57858.36,46286.69,0,8931.14,2024,12,December,Friday,57858.36,46286.688
2024-12-13,ORD048577,CUST00183,P019,Vacuum Cleaner,Home,Mumbai,Online,Debit Card,2,9411.5,0.05,18823.0,17881.85,0,5185.54,2024,12,December,Friday,18823.0,17881.85
2024-12-13,ORD044564,CUST03501,P006,Desk,Furniture,Mumbai,Online,Credit Card,1,11655.82,0.0,11655.82,11655.82,0,1063.36,2024,12,December,Friday,11655.82,11655.82
2024-12-13,ORD009658,CUST01525,P010,Coffee Maker,Home,Bengaluru,Online,Debit Card,1,5197.15,0.0,5197.15,5197.15,0,1091.25,2024,12,December,Friday,5197.15,5197.15
2024-12-13,ORD036054,CUST02028,P009,T-Shirt,Fashion,Chennai,Online,Debit Card,2,1244.16,0.0,2488.32,2488.32,1,-124.42,2024,12,December,Friday,2488.32,2488.32
2024-12-13,ORD028287,CUST01563,P006,Desk,Furniture,Chennai,Store,UPI,1,11778.39,0.0,11778.39,11778.39,0,2061.5,2024,12,December,Friday,11778.39,11778.39
2024-12-13,ORD039534,CUST04074,P014,Keyboard,Electronics,Pune,Store,Debit Card,1,2542.31,0.05,2542.31,2415.19,0,640.05,2024,12,December,Friday,2542.31,2415.1945
2024-12-13,ORD037976,CUST01557,P003,Headphones,Electronics,Ahmedabad,Store,UPI,1,4889.33,0.1,4889.33,4400.4,0,344.27,2024,12,December,Friday,4889.33,4400.397
2024-12-13,ORD027235,CUST04206,P008,Running Shoes,Fashion,Bengaluru,Online,UPI,1,4027.25,0.05,4027.25,3825.89,0,432.07,2024,12,December,Friday,4027.25,3825.8875
2024-12-13,ORD046600,CUST01006,P002,Smartphone,Electronics,Surat,Online,UPI,1,28998.49,0.2,28998.49,23198.79,1,-1159.94,2024,12,December,Friday,28998.49,23198.792
2024-12-13,ORD048132,CUST03915,P007,Backpack,Accessories,Hyderabad,Online,Credit Card,1,2409.35,0.05,2409.35,2288.88,0,334.27,2024,12,December,Friday,2409.35,2288.8824999999997
2024-12-13,ORD031224,CUST00301,P003,Headphones,Electronics,Delhi,Online,Credit Card,1,4673.82,0.05,4673.82,4440.13,1,-222.01,2024,12,December,Friday,4673.82,4440.129
2024-12-13,ORD046599,CUST03910,P015,Dining Table,Furniture,Ahmedabad,Store,Credit Card,5,20214.14,0.05,101070.7,96017.16,0,16393.76,2024,12,December,Friday,101070.7,96017.165
2024-12-13,ORD035811,CUST02818,P016,Sofa,Furniture,Kolkata,Online,Credit Card,1,36788.06,0.25,36788.06,27591.04,0,4232.74,2024,12,December,Friday,36788.06,27591.045
2024-12-13,ORD032314,CUST03068,P009,T-Shirt,Fashion,Pune,Online,Debit Card,3,1313.56,0.05,3940.68,3743.65,0,450.23,2024,12,December,Friday,3940.68,3743.6459999999997
2024-12-13,ORD019503,CUST00238,P004,Smartwatch,Electronics,Bengaluru,Online,Credit Card,1,6756.98,0.25,6756.98,5067.73,0,890.57,2024,12,December,Friday,6756.98,5067.735
2024-12-13,ORD042277,CUST03343,P008,Running Shoes,Fashion,Mumbai,Online,Debit Card,3,3792.83,0.0,11378.49,11378.49,0,1357.3,2024,12,December,Friday,11378.49,11378.49
2024-12-13,ORD031213,CUST01140,P015,Dining Table,Furniture,Surat,Store,UPI,2,20987.17,0.05,41974.34,39875.62,0,11349.71,2024,12,December,Friday,41974.34,39875.62299999999
2024-12-13,ORD012382,CUST01140,P013,Monitor,Electronics,Surat,Online,UPI,2,18463.72,0.1,36927.44,33234.7,1,-1661.74,2024,12,December,Friday,36927.44,33234.696
2024-12-13,ORD023730,CUST04952,P016,Sofa,Furniture,Ahmedabad,Store,UPI,1,31519.64,0.15,31519.64,26791.69,1,-1339.58,2024,12,December,Friday,31519.64,26791.694
2024-12-13,ORD023764,CUST03253,P003,Headphones,Electronics,Ahmedabad,Online,UPI,1,4263.56,0.0,4263.56,4263.56,0,1045.06,2024,12,December,Friday,4263.56,4263.56
2024-12-13,ORD015867,CUST02463,P016,Sofa,Furniture,Jaipur,Online,UPI,1,34089.21,0.05,34089.21,32384.75,0,5153.92,2024,12,December,Friday,34089.21,32384.749499999998
2024-12-13,ORD016078,CUST03676,P004,Smartwatch,Electronics,Mumbai,Online,Credit Card,1,7042.77,0.1,7042.77,6338.49,0,1047.48,2024,12,December,Friday,7042.77,6338.493
2024-12-13,ORD020364,CUST00590,P015,Dining Table,Furniture,Surat,Online,Credit Card,1,21098.0,0.05,21098.0,20043.1,0,4794.13,2024,12,December,Friday,21098.0,20043.1
2024-12-13,ORD030349,CUST04647,P013,Monitor,Electronics,Surat,Store,UPI,3,16480.88,0.15,49442.64,42026.24,0,6835.06,2024,12,December,Friday,49442.64,42026.244
2024-12-13,ORD045633,CUST04453,P011,Mixer Grinder,Home,Mumbai,Store,UPI,1,4681.9,0.15,4681.9,3979.62,0,734.61,2024,12,December,Friday,4681.9,3979.615
2024-12-13,ORD046154,CUST03311,P004,Smartwatch,Electronics,Hyderabad,Store,Debit Card,1,6908.87,0.0,6908.87,6908.87,0,1120.77,2024,12,December,Friday,6908.87,6908.87
2024-12-13,ORD012179,CUST00520,P012,Air Fryer,Home,Chennai,Online,UPI,1,6931.33,0.05,6931.33,6584.76,0,1027.13,2024,12,December,Friday,6931.33,6584.7635
2024-12-13,ORD046560,CUST02980,P010,Coffee Maker,Home,Chennai,Online,UPI,1,5133.76,0.2,5133.76,4107.01,0,749.81,2024,12,December,Friday,5133.76,4107.008000000001
2024-12-13,ORD015685,CUST03045,P007,Backpack,Accessories,Mumbai,Online,UPI,2,1999.19,0.1,3998.38,3598.54,0,935.08,2024,12,December,Friday,3998.38,3598.5420000000004
2024-12-13,ORD046608,CUST01490,P006,Desk,Furniture,Surat,Online,UPI,3,11651.85,0.0,34955.55,34955.55,0,3196.53,2024,12,December,Friday,34955.55,34955.55
2024-12-14,ORD005582,CUST03754,P010,Coffee Maker,Home,Kolkata,Online,Net Banking,1,5605.66,0.1,5605.66,5045.09,0,323.18,2024,12,December,Saturday,5605.66,5045.094
2024-12-14,ORD046284,CUST01213,P004,Smartwatch,Electronics,Delhi,Online,Credit Card,1,7146.99,0.05,7146.99,6789.64,0,1541.13,2024,12,December,Saturday,7146.99,6789.6404999999995
2024-12-14,ORD012059,CUST00435,P019,Vacuum Cleaner,Home,Pune,Store,Credit Card,1,9550.37,0.15,9550.37,8117.81,0,1541.11,2024,12,December,Saturday,9550.37,8117.8145
2024-12-14,ORD035854,CUST02570,P015,Dining Table,Furniture,Pune,Store,Credit Card,1,20739.05,0.1,20739.05,18665.14,1,-933.26,2024,12,December,Saturday,20739.05,18665.145
2024-12-14,ORD032863,CUST01082,P019,Vacuum Cleaner,Home,Hyderabad,Online,UPI,3,8602.96,0.1,25808.88,23227.99,0,3382.67,2024,12,December,Saturday,25808.879999999997,23227.992000000002
2024-12-14,ORD012207,CUST01999,P006,Desk,Furniture,Ahmedabad,Store,Credit Card,1,11261.6,0.1,11261.6,10135.44,0,733.71,2024,12,December,Saturday,11261.6,10135.44
2024-12-14,ORD040204,CUST01889,P016,Sofa,Furniture,Surat,Online,UPI,1,34230.56,0.05,34230.56,32519.03,0,6348.24,2024,12,December,Saturday,34230.56,32519.031999999996
2024-12-14,ORD001184,CUST03052,P011,Mixer Grinder,Home,Hyderabad,Online,Debit Card,4,4635.84,0.2,18543.36,14834.69,0,2798.77,2024,12,December,Saturday,18543.36,14834.688000000002
2024-12-14,ORD030529,CUST03585,P019,Vacuum Cleaner,Home,Jaipur,Online,UPI,1,8400.94,0.1,8400.94,7560.85,0,581.28,2024,12,December,Saturday,8400.94,7560.8460000000005
2024-12-14,ORD019285,CUST02300,P016,Sofa,Furniture,Jaipur,Online,Credit Card,1,35633.26,0.15,35633.26,30288.27,0,7641.0,2024,12,December,Saturday,35633.26,30288.271
2024-12-14,ORD043298,CUST03537,P004,Smartwatch,Electronics,Kolkata,Online,Net Banking,1,6997.42,0.15,6997.42,5947.81,0,634.99,2024,12,December,Saturday,6997.42,5947.807
2024-12-14,ORD048564,CUST02043,P020,Microwave,Home,Hyderabad,Online,UPI,1,11649.54,0.15,11649.54,9902.11,0,1173.63,2024,12,December,Saturday,11649.54,9902.109
2024-12-14,ORD021116,CUST04572,P009,T-Shirt,Fashion,Chennai,Store,Credit Card,2,1306.75,0.1,2613.5,2352.15,0,472.99,2024,12,December,Saturday,2613.5,2352.15
2024-12-14,ORD031109,CUST01474,P012,Air Fryer,Home,Mumbai,Store,Net Banking,4,7483.69,0.0,29934.76,29934.76,0,8860.64,2024,12,December,Saturday,29934.76,29934.76
2024-12-14,ORD040088,CUST04125,P011,Mixer Grinder,Home,Delhi,Online,UPI,1,5234.87,0.1,5234.87,4711.38,0,552.35,2024,12,December,Saturday,5234.87,4711.383
2024-12-14,ORD020147,CUST03813,P016,Sofa,Furniture,Pune,Online,UPI,5,37396.98,0.1,186984.9,168286.41,0,20409.58,2024,12,December,Saturday,186984.90000000002,168286.41
2024-12-14,ORD001902,CUST01513,P001,Laptop,Electronics,Bengaluru,Online,Credit Card,2,61583.53,0.1,123167.06,110850.35,0,24505.28,2024,12,December,Saturday,123167.06,110850.354
2024-12-14,ORD018358,CUST02376,P017,Jeans,Fashion,Mumbai,Store,Credit Card,5,2776.78,0.15,13883.9,11801.32,0,2996.12,2024,12,December,Saturday,13883.900000000001,11801.314999999999
2024-12-14,ORD005543,CUST03238,P007,Backpack,Accessories,Mumbai,Online,UPI,1,2214.37,0.05,2214.37,2103.65,0,526.26,2024,12,December,Saturday,2214.37,2103.6515
2024-12-14,ORD005970,CUST03308,P016,Sofa,Furniture,Surat,Online,UPI,1,31684.56,0.15,31684.56,26931.88,0,5141.01,2024,12,December,Saturday,31684.56,26931.876
2024-12-14,ORD013920,CUST00709,P013,Monitor,Electronics,Kolkata,Online,Credit Card,1,19229.67,0.25,19229.67,14422.25,0,576.89,2024,12,December,Saturday,19229.67,14422.252499999999
2024-12-14,ORD041874,CUST00426,P005,Office Chair,Furniture,Delhi,Online,Credit Card,1,10247.73,0.1,10247.73,9222.96,0,2329.44,2024,12,December,Saturday,10247.73,9222.957
2024-12-14,ORD012625,CUST03754,P008,Running Shoes,Fashion,Surat,Online,Credit Card,1,4396.05,0.0,4396.05,4396.05,0,665.19,2024,12,December,Saturday,4396.05,4396.05
2024-12-14,ORD015081,CUST01764,P010,Coffee Maker,Home,Surat,Online,UPI,1,5953.22,0.05,5953.22,5655.56,0,993.58,2024,12,December,Saturday,5953.22,5655.559
2024-12-14,ORD003991,CUST04469,P013,Monitor,Electronics,Jaipur,Store,UPI,4,17535.1,0.1,70140.4,63126.36,0,5430.32,2024,12,December,Saturday,70140.4,63126.35999999999
2024-12-14,ORD033366,CUST04279,P014,Keyboard,Electronics,Pune,Online,UPI,1,2362.46,0.1,2362.46,2126.21,0,270.08,2024,12,December,Saturday,2362.46,2126.214
2024-12-14,ORD007397,CUST03564,P004,Smartwatch,Electronics,Delhi,Online,UPI,1,7452.77,0.1,7452.77,6707.49,0,1236.02,2024,12,December,Saturday,7452.77,6707.493
2024-12-14,ORD037243,CUST01594,P001,Laptop,Electronics,Ahmedabad,Online,Net Banking,4,65603.04,0.0,262412.16,262412.16,0,35552.61,2024,12,December,Saturday,262412.16,262412.16
2024-12-14,ORD016156,CUST01206,P016,Sofa,Furniture,Hyderabad,Online,UPI,2,32869.37,0.05,65738.74,62451.8,0,7482.82,2024,12,December,Saturday,65738.74,62451.803
2024-12-14,ORD002729,CUST03195,P005,Office Chair,Furniture,Hyderabad,Online,Cash,1,8649.19,0.05,8649.19,8216.73,0,1912.87,2024,12,December,Saturday,8649.19,8216.7305
2024-12-14,ORD021189,CUST04775,P011,Mixer Grinder,Home,Kolkata,Store,Credit Card,2,5250.41,0.1,10500.82,9450.74,0,1099.07,2024,12,December,Saturday,10500.82,9450.738
2024-12-14,ORD044730,CUST01870,P018,Jacket,Fashion,Jaipur,Store,UPI,3,5168.01,0.1,15504.03,13953.63,0,2623.4,2024,12,December,Saturday,15504.03,13953.627
2024-12-14,ORD018184,CUST02129,P007,Backpack,Accessories,Mumbai,Online,Credit Card,1,2360.09,0.25,2360.09,1770.07,0,255.46,2024,12,December,Saturday,2360.09,1770.0675
2024-12-14,ORD003091,CUST04887,P003,Headphones,Electronics,Jaipur,Store,Debit Card,2,4783.41,0.1,9566.82,8610.14,0,2308.52,2024,12,December,Saturday,9566.82,8610.138
2024-12-14,ORD021162,CUST00320,P020,Microwave,Home,Pune,Store,UPI,1,10543.05,0.15,10543.05,8961.59,0,635.89,2024,12,December,Saturday,10543.05,8961.592499999999
2024-12-14,ORD041498,CUST00818,P016,Sofa,Furniture,Surat,Online,UPI,1,34704.55,0.1,34704.55,31234.1,0,5904.85,2024,12,December,Saturday,34704.55,31234.095000000005
2024-12-14,ORD033026,CUST03027,P019,Vacuum Cleaner,Home,Delhi,Online,UPI,1,9167.22,0.1,9167.22,8250.5,0,2202.66,2024,12,December,Saturday,9167.22,8250.498
2024-12-14,ORD026579,CUST00948,P011,Mixer Grinder,Home,Mumbai,Store,Credit Card,1,5160.27,0.15,5160.27,4386.23,0,791.54,2024,12,December,Saturday,5160.27,4386.2295
2024-12-14,ORD016506,CUST00250,P016,Sofa,Furniture,Surat,Store,Credit Card,1,34418.5,0.15,34418.5,29255.72,0,7796.26,2024,12,December,Saturday,34418.5,29255.725
2024-12-14,ORD022876,CUST02508,P018,Jacket,Fashion,Bengaluru,Store,Credit Card,2,5235.52,0.0,10471.04,10471.04,0,2537.45,2024,12,December,Saturday,10471.04,10471.04
2024-12-14,ORD019019,CUST01250,P005,Office Chair,Furniture,Pune,Online,Credit Card,2,10409.33,0.2,20818.66,16654.93,0,1466.62,2024,12,December,Saturday,20818.66,16654.928
2024-12-14,ORD046344,CUST02574,P011,Mixer Grinder,Home,Surat,Online,Net Banking,2,4705.78,0.05,9411.56,8940.98,0,2260.74,2024,12,December,Saturday,9411.56,8940.982
2024-12-14,ORD015489,CUST01690,P020,Microwave,Home,Hyderabad,Online,Debit Card,3,11864.42,0.0,35593.26,35593.26,0,3103.92,2024,12,December,Saturday,35593.26,35593.26
2024-12-14,ORD011446,CUST02870,P017,Jeans,Fashion,Pune,Store,Credit Card,1,2856.88,0.1,2856.88,2571.19,0,341.46,2024,12,December,Saturday,2856.88,2571.192
2024-12-14,ORD007334,CUST00894,P014,Keyboard,Electronics,Mumbai,Store,Credit Card,1,2742.47,0.2,2742.47,2193.98,0,91.35,2024,12,December,Saturday,2742.47,2193.976
2024-12-14,ORD024765,CUST02674,P004,Smartwatch,Electronics,Mumbai,Store,Debit Card,5,6712.77,0.25,33563.85,25172.89,1,-1258.64,2024,12,December,Saturday,33563.850000000006,25172.887499999997
2024-12-14,ORD002027,CUST02965,P011,Mixer Grinder,Home,Chennai,Online,Debit Card,2,4709.62,0.1,9419.24,8477.32,0,2286.71,2024,12,December,Saturday,9419.24,8477.316
2024-12-14,ORD049015,CUST04757,P011,Mixer Grinder,Home,Ahmedabad,Online,Debit Card,1,4402.88,0.1,4402.88,3962.59,0,891.69,2024,12,December,Saturday,4402.88,3962.592
2024-12-14,ORD001582,CUST02303,P016,Sofa,Furniture,Pune,Store,UPI,5,33667.59,0.05,168337.95,159921.05,0,16472.55,2024,12,December,Saturday,168337.94999999998,159921.0525
2024-12-14,ORD044871,CUST04201,P004,Smartwatch,Electronics,Surat,Online,UPI,2,6750.5,0.0,13501.0,13501.0,1,-675.05,2024,12,December,Saturday,13501.0,13501.0
2024-12-14,ORD040306,CUST00481,P016,Sofa,Furniture,Bengaluru,Online,Credit Card,1,35065.45,0.05,35065.45,33312.18,0,6174.67,2024,12,December,Saturday,35065.45,33312.1775
2024-12-14,ORD043369,CUST04628,P014,Keyboard,Electronics,Pune,Store,Credit Card,1,2647.54,0.15,2647.54,2250.41,0,218.24,2024,12,December,Saturday,2647.54,2250.409
2024-12-14,ORD003652,CUST02362,P018,Jacket,Fashion,Chennai,Store,Cash,1,5508.74,0.1,5508.74,4957.87,0,697.83,2024,12,December,Saturday,5508.74,4957.866
2024-12-14,ORD032154,CUST01157,P014,Keyboard,Electronics,Chennai,Store,Credit Card,2,2302.66,0.0,4605.32,4605.32,0,1081.01,2024,12,December,Saturday,4605.32,4605.32
2024-12-14,ORD044099,CUST03034,P014,Keyboard,Electronics,Pune,Online,Credit Card,4,2275.95,0.05,9103.8,8648.61,0,1760.21,2024,12,December,Saturday,9103.8,8648.609999999999
2024-12-14,ORD039029,CUST00904,P005,Office Chair,Furniture,Kolkata,Online,Debit Card,1,9794.93,0.25,9794.93,7346.2,0,1757.64,2024,12,December,Saturday,9794.93,7346.1975
2024-12-14,ORD049531,CUST04085,P015,Dining Table,Furniture,Pune,Store,UPI,1,22224.52,0.15,22224.52,18890.84,0,1333.39,2024,12,December,Saturday,22224.52,18890.842
2024-12-14,ORD007521,CUST04502,P008,Running Shoes,Fashion,Surat,Online,Credit Card,1,3782.78,0.1,3782.78,3404.5,0,755.95,2024,12,December,Saturday,3782.78,3404.5020000000004
2024-12-14,ORD022603,CUST03223,P013,Monitor,Electronics,Bengaluru,Store,Net Banking,1,16527.99,0.0,16527.99,16527.99,0,2909.61,2024,12,December,Saturday,16527.99,16527.99
2024-12-14,ORD002755,CUST04838,P002,Smartphone,Electronics,Hyderabad,Online,Credit Card,1,27437.6,0.15,27437.6,23321.96,0,4412.0,2024,12,December,Saturday,27437.6,23321.96
2024-12-14,ORD033689,CUST03772,P004,Smartwatch,Electronics,Surat,Online,Credit Card,1,7440.99,0.0,7440.99,7440.99,0,1910.06,2024,12,December,Saturday,7440.99,7440.99
2024-12-14,ORD032220,CUST03385,P010,Coffee Maker,Home,Ahmedabad,Online,UPI,3,5488.84,0.1,16466.52,14819.87,0,2233.03,2024,12,December,Saturday,16466.52,14819.868
2024-12-14,ORD014523,CUST00666,P019,Vacuum Cleaner,Home,Hyderabad,Online,Debit Card,2,8123.52,0.05,16247.04,15434.69,0,1579.9,2024,12,December,Saturday,16247.04,15434.688
2024-12-14,ORD043161,CUST00368,P014,Keyboard,Electronics,Hyderabad,Online,UPI,2,2626.0,0.0,5252.0,5252.0,0,1564.43,2024,12,December,Saturday,5252.0,5252.0
2024-12-14,ORD005297,CUST01232,P012,Air Fryer,Home,Pune,Store,Credit Card,1,6558.35,0.1,6558.35,5902.52,0,930.48,2024,12,December,Saturday,6558.35,5902.515
2024-12-14,ORD007761,CUST03552,P010,Coffee Maker,Home,Delhi,Online,Debit Card,1,5986.8,0.1,5986.8,5388.12,1,-269.41,2024,12,December,Saturday,5986.8,5388.12
2024-12-14,ORD016839,CUST03308,P019,Vacuum Cleaner,Home,Delhi,Online,Net Banking,4,8922.95,0.05,35691.8,33907.21,0,5861.75,2024,12,December,Saturday,35691.8,33907.21
2024-12-14,ORD025855,CUST00286,P017,Jeans,Fashion,Delhi,Online,Credit Card,1,3059.88,0.0,3059.88,3059.88,0,483.48,2024,12,December,Saturday,3059.88,3059.88
2024-12-14,ORD020283,CUST04332,P007,Backpack,Accessories,Delhi,Store,Debit Card,1,2368.82,0.1,2368.82,2131.94,0,346.14,2024,12,December,Saturday,2368.82,2131.938
2024-12-14,ORD037189,CUST03743,P017,Jeans,Fashion,Pune,Online,UPI,2,2593.6,0.1,5187.2,4668.48,0,488.45,2024,12,December,Saturday,5187.2,4668.48
2024-12-14,ORD041548,CUST03214,P006,Desk,Furniture,Jaipur,Online,UPI,2,11603.28,0.0,23206.56,23206.56,0,6104.62,2024,12,December,Saturday,23206.56,23206.56
2024-12-14,ORD027296,CUST01335,P009,T-Shirt,Fashion,Delhi,Store,Credit Card,1,1241.31,0.05,1241.31,1179.24,0,92.28,2024,12,December,Saturday,1241.31,1179.2444999999998
2024-12-15,ORD017181,CUST01333,P008,Running Shoes,Fashion,Surat,Online,UPI,4,4108.18,0.2,16432.72,13146.18,0,2762.14,2024,12,December,Sunday,16432.72,13146.176000000001
2024-12-15,ORD037671,CUST04571,P010,Coffee Maker,Home,Surat,Store,UPI,2,5976.29,0.0,11952.58,11952.58,0,2367.38,2024,12,December,Sunday,11952.58,11952.58
2024-12-15,ORD011961,CUST01661,P001,Laptop,Electronics,Hyderabad,Online,UPI,3,70247.26,0.1,210741.78,189667.6,0,45720.64,2024,12,December,Sunday,210741.77999999997,189667.602
2024-12-15,ORD014474,CUST01126,P010,Coffee Maker,Home,Ahmedabad,Online,UPI,4,6047.69,0.1,24190.76,21771.68,0,4220.12,2024,12,December,Sunday,24190.76,21771.683999999997
2024-12-15,ORD002888,CUST02774,P009,T-Shirt,Fashion,Ahmedabad,Online,Credit Card,1,1287.13,0.05,1287.13,1222.77,0,134.43,2024,12,December,Sunday,1287.13,1222.7735
2024-12-15,ORD028465,CUST02859,P007,Backpack,Accessories,Delhi,Online,Credit Card,1,2026.55,0.1,2026.55,1823.9,0,389.02,2024,12,December,Sunday,2026.55,1823.895
2024-12-15,ORD033532,CUST02139,P012,Air Fryer,Home,Bengaluru,Online,Net Banking,2,6854.02,0.1,13708.04,12337.24,0,1294.45,2024,12,December,Sunday,13708.04,12337.236
2024-12-15,ORD000030,CUST04143,P005,Office Chair,Furniture,Mumbai,Store,Debit Card,1,8960.06,0.15,8960.06,7616.05,0,523.8,2024,12,December,Sunday,8960.06,7616.0509999999995
2024-12-15,ORD038600,CUST00454,P020,Microwave,Home,Delhi,Online,UPI,1,11708.3,0.15,11708.3,9952.05,1,-497.6,2024,12,December,Sunday,11708.3,9952.054999999998
2024-12-15,ORD040429,CUST04145,P001,Laptop,Electronics,Chennai,Online,Credit Card,1,60719.29,0.0,60719.29,60719.29,0,7881.09,2024,12,December,Sunday,60719.29,60719.29
2024-12-15,ORD049886,CUST02672,P009,T-Shirt,Fashion,Ahmedabad,Store,Credit Card,1,1192.74,0.0,1192.74,1192.74,0,175.12,2024,12,December,Sunday,1192.74,1192.74
2024-12-15,ORD043328,CUST01108,P010,Coffee Maker,Home,Hyderabad,Online,Credit Card,2,5650.8,0.0,11301.6,11301.6,0,2469.26,2024,12,December,Sunday,11301.6,11301.6
2024-12-15,ORD015099,CUST04610,P006,Desk,Furniture,Jaipur,Store,Net Banking,1,11850.07,0.15,11850.07,10072.56,0,2440.06,2024,12,December,Sunday,11850.07,10072.5595
2024-12-15,ORD031444,CUST04840,P011,Mixer Grinder,Home,Delhi,Online,UPI,2,4594.87,0.0,9189.74,9189.74,0,2597.27,2024,12,December,Sunday,9189.74,9189.74
2024-12-15,ORD012783,CUST00385,P001,Laptop,Electronics,Chennai,Online,Credit Card,2,69572.69,0.05,139145.38,132188.11,0,29347.25,2024,12,December,Sunday,139145.38,132188.111
2024-12-15,ORD000234,CUST04009,P007,Backpack,Accessories,Mumbai,Online,UPI,3,2033.05,0.15,6099.15,5184.28,0,335.0,2024,12,December,Sunday,6099.15,5184.277499999999
2024-12-15,ORD048417,CUST03241,P004,Smartwatch,Electronics,Hyderabad,Online,Credit Card,2,6690.19,0.25,13380.38,10035.28,0,2118.43,2024,12,December,Sunday,13380.38,10035.285
2024-12-15,ORD008241,CUST04111,P010,Coffee Maker,Home,Pune,Store,Net Banking,1,5338.7,0.0,5338.7,5338.7,0,488.97,2024,12,December,Sunday,5338.7,5338.7
2024-12-15,ORD036254,CUST01048,P014,Keyboard,Electronics,Mumbai,Store,Credit Card,5,2370.15,0.05,11850.75,11258.21,0,1585.66,2024,12,December,Sunday,11850.75,11258.2125
2024-12-15,ORD016254,CUST03083,P006,Desk,Furniture,Kolkata,Online,UPI,1,11028.76,0.2,11028.76,8823.01,0,1059.63,2024,12,December,Sunday,11028.76,8823.008
2024-12-15,ORD004649,CUST02253,P009,T-Shirt,Fashion,Bengaluru,Store,Debit Card,1,1096.6,0.1,1096.6,986.94,0,253.46,2024,12,December,Sunday,1096.6,986.9399999999999
2024-12-15,ORD002420,CUST03554,P020,Microwave,Home,Jaipur,Online,UPI,2,11282.88,0.0,22565.76,22565.76,1,-1128.29,2024,12,December,Sunday,22565.76,22565.76
2024-12-15,ORD009926,CUST01396,P003,Headphones,Electronics,Pune,Store,UPI,2,4660.63,0.15,9321.26,7923.07,0,957.75,2024,12,December,Sunday,9321.26,7923.071
2024-12-15,ORD038981,CUST00365,P007,Backpack,Accessories,Surat,Online,UPI,1,2081.63,0.15,2081.63,1769.39,0,153.36,2024,12,December,Sunday,2081.63,1769.3855
2024-12-15,ORD019473,CUST02292,P005,Office Chair,Furniture,Surat,Store,Credit Card,1,10212.38,0.15,10212.38,8680.52,0,1580.17,2024,12,December,Sunday,10212.38,8680.523
2024-12-15,ORD017262,CUST01741,P013,Monitor,Electronics,Hyderabad,Store,Credit Card,1,18059.75,0.0,18059.75,18059.75,0,2332.89,2024,12,December,Sunday,18059.75,18059.75
2024-12-15,ORD036045,CUST02996,P015,Dining Table,Furniture,Delhi,Online,Credit Card,2,20459.49,0.05,40918.98,38873.03,0,10068.77,2024,12,December,Sunday,40918.98,38873.031
2024-12-15,ORD036034,CUST00501,P015,Dining Table,Furniture,Pune,Online,UPI,1,21292.9,0.1,21292.9,19163.61,0,2161.77,2024,12,December,Sunday,21292.9,19163.61
2024-12-15,ORD019192,CUST00474,P016,Sofa,Furniture,Bengaluru,Store,UPI,1,34147.19,0.1,34147.19,30732.47,0,5989.66,2024,12,December,Sunday,34147.19,30732.471
2024-12-15,ORD010168,CUST01995,P010,Coffee Maker,Home,Kolkata,Store,Net Banking,1,5154.98,0.05,5154.98,4897.23,0,812.26,2024,12,December,Sunday,5154.98,4897.231
2024-12-15,ORD026341,CUST02622,P014,Keyboard,Electronics,Ahmedabad,Online,Cash,1,2441.53,0.15,2441.53,2075.3,0,272.23,2024,12,December,Sunday,2441.53,2075.3005000000003
2024-12-15,ORD025962,CUST02058,P015,Dining Table,Furniture,Ahmedabad,Online,Credit Card,1,23573.55,0.2,23573.55,18858.84,1,-942.94,2024,12,December,Sunday,23573.55,18858.84
2024-12-15,ORD018009,CUST02107,P005,Office Chair,Furniture,Ahmedabad,Online,Credit Card,1,9019.64,0.25,9019.64,6764.73,0,1474.36,2024,12,December,Sunday,9019.64,6764.73
2024-12-15,ORD032949,CUST01874,P018,Jacket,Fashion,Mumbai,Online,Cash,2,5410.84,0.15,10821.68,9198.43,0,2349.01,2024,12,December,Sunday,10821.68,9198.428
2024-12-15,ORD027125,CUST04001,P015,Dining Table,Furniture,Chennai,Online,Net Banking,4,23143.28,0.0,92573.12,92573.12,0,23494.51,2024,12,December,Sunday,92573.12,92573.12
2024-12-15,ORD042097,CUST00659,P009,T-Shirt,Fashion,Kolkata,Online,Cash,1,1211.16,0.1,1211.16,1090.04,0,75.26,2024,12,December,Sunday,1211.16,1090.044
2024-12-15,ORD017682,CUST00603,P013,Monitor,Electronics,Hyderabad,Online,UPI,1,17304.75,0.1,17304.75,15574.28,0,2149.43,2024,12,December,Sunday,17304.75,15574.275
2024-12-15,ORD003112,CUST01958,P012,Air Fryer,Home,Mumbai,Online,Net Banking,2,6699.22,0.2,13398.44,10718.75,0,1966.84,2024,12,December,Sunday,13398.44,10718.752
2024-12-15,ORD047045,CUST03621,P011,Mixer Grinder,Home,Kolkata,Store,Cash,5,5053.68,0.05,25268.4,24004.98,1,-1200.25,2024,12,December,Sunday,25268.4,24004.98
2024-12-15,ORD007630,CUST03437,P001,Laptop,Electronics,Surat,Store,Credit Card,4,62111.42,0.1,248445.68,223601.11,0,44185.81,2024,12,December,Sunday,248445.68,223601.112
2024-12-15,ORD007754,CUST02021,P006,Desk,Furniture,Mumbai,Store,UPI,2,13107.2,0.1,26214.4,23592.96,1,-1179.65,2024,12,December,Sunday,26214.4,23592.960000000003
2024-12-15,ORD036546,CUST00593,P012,Air Fryer,Home,Mumbai,Online,UPI,5,6526.33,0.15,32631.65,27736.9,0,2386.11,2024,12,December,Sunday,32631.65,27736.9025
2024-12-15,ORD011388,CUST01103,P008,Running Shoes,Fashion,Jaipur,Online,UPI,2,4288.19,0.0,8576.38,8576.38,1,-428.82,2024,12,December,Sunday,8576.38,8576.38
2024-12-15,ORD018924,CUST01964,P010,Coffee Maker,Home,Mumbai,Online,Net Banking,1,5385.49,0.2,5385.49,4308.39,0,288.01,2024,12,December,Sunday,5385.49,4308.392
2024-12-15,ORD003749,CUST04198,P010,Coffee Maker,Home,Kolkata,Online,UPI,1,5785.02,0.15,5785.02,4917.27,0,968.28,2024,12,December,Sunday,5785.02,4917.267
2024-12-15,ORD016934,CUST01449,P016,Sofa,Furniture,Kolkata,Online,UPI,1,33122.75,0.1,33122.75,29810.48,0,2246.82,2024,12,December,Sunday,33122.75,29810.475000000002
2024-12-15,ORD009416,CUST03180,P014,Keyboard,Electronics,Kolkata,Online,UPI,1,2417.85,0.05,2417.85,2296.96,0,192.64,2024,12,December,Sunday,2417.85,2296.9575
2024-12-15,ORD009303,CUST02155,P011,Mixer Grinder,Home,Jaipur,Store,Debit Card,2,4757.94,0.2,9515.88,7612.7,0,788.37,2024,12,December,Sunday,9515.88,7612.704
2024-12-15,ORD047565,CUST02957,P004,Smartwatch,Electronics,Mumbai,Store,Credit Card,2,6643.08,0.05,13286.16,12621.85,0,2782.67,2024,12,December,Sunday,13286.16,12621.851999999999
2024-12-15,ORD015140,CUST04227,P017,Jeans,Fashion,Hyderabad,Online,Net Banking,1,2711.55,0.0,2711.55,2711.55,0,295.76,2024,12,December,Sunday,2711.55,2711.55
2024-12-15,ORD004793,CUST03821,P007,Backpack,Accessories,Bengaluru,Online,UPI,1,2050.44,0.0,2050.44,2050.44,0,502.8,2024,12,December,Sunday,2050.44,2050.44
2024-12-15,ORD038682,CUST02217,P001,Laptop,Electronics,Delhi,Store,Net Banking,1,69937.27,0.1,69937.27,62943.54,0,4165.94,2024,12,December,Sunday,69937.27,62943.543000000005
2024-12-15,ORD026640,CUST02077,P003,Headphones,Electronics,Kolkata,Store,UPI,1,4377.35,0.0,4377.35,4377.35,0,1287.51,2024,12,December,Sunday,4377.35,4377.35
2024-12-15,ORD028330,CUST01465,P003,Headphones,Electronics,Ahmedabad,Online,Credit Card,2,4314.54,0.1,8629.08,7766.17,0,1665.63,2024,12,December,Sunday,8629.08,7766.1720000000005
2024-12-15,ORD037826,CUST03535,P001,Laptop,Electronics,Hyderabad,Online,Net Banking,2,60132.41,0.05,120264.82,114251.58,0,17374.8,2024,12,December,Sunday,120264.82,114251.579
2024-12-15,ORD041132,CUST04963,P009,T-Shirt,Fashion,Mumbai,Online,UPI,1,1207.0,0.15,1207.0,1025.95,0,216.61,2024,12,December,Sunday,1207.0,1025.95
2024-12-15,ORD018593,CUST02808,P005,Office Chair,Furniture,Jaipur,Online,Credit Card,4,8881.02,0.15,35524.08,30195.47,0,6354.96,2024,12,December,Sunday,35524.08,30195.468
2024-12-15,ORD048228,CUST03290,P015,Dining Table,Furniture,Pune,Online,UPI,2,22177.72,0.1,44355.44,39919.9,0,6587.2,2024,12,December,Sunday,44355.44,39919.896
2024-12-15,ORD013159,CUST00946,P007,Backpack,Accessories,Pune,Online,Net Banking,2,2087.53,0.0,4175.06,4175.06,0,530.4,2024,12,December,Sunday,4175.06,4175.06
2024-12-15,ORD043739,CUST04223,P005,Office Chair,Furniture,Mumbai,Store,UPI,1,9136.91,0.1,9136.91,8223.22,1,-411.16,2024,12,December,Sunday,9136.91,8223.219000000001
2024-12-15,ORD008077,CUST03118,P003,Headphones,Electronics,Chennai,Store,UPI,1,4178.36,0.0,4178.36,4178.36,0,842.47,2024,12,December,Sunday,4178.36,4178.36
2024-12-15,ORD042809,CUST00939,P009,T-Shirt,Fashion,Surat,Online,UPI,2,1121.5,0.2,2243.0,1794.4,0,260.64,2024,12,December,Sunday,2243.0,1794.4
2024-12-15,ORD033189,CUST01217,P019,Vacuum Cleaner,Home,Bengaluru,Online,Credit Card,2,8601.5,0.1,17203.0,15482.7,0,2334.5,2024,12,December,Sunday,17203.0,15482.7
2024-12-16,ORD021748,CUST04986,P008,Running Shoes,Fashion,Delhi,Online,Debit Card,5,4372.27,0.0,21861.35,21861.35,1,-1093.07,2024,12,December,Monday,21861.350000000002,21861.35
2024-12-16,ORD028269,CUST03678,P005,Office Chair,Furniture,Hyderabad,Online,Credit Card,2,8560.02,0.15,17120.04,14552.03,0,2518.76,2024,12,December,Monday,17120.04,14552.034
2024-12-16,ORD014520,CUST01970,P011,Mixer Grinder,Home,Mumbai,Online,Debit Card,2,4437.66,0.1,8875.32,7987.79,0,1482.19,2024,12,December,Monday,8875.32,7987.788
2024-12-16,ORD027588,CUST01520,P004,Smartwatch,Electronics,Hyderabad,Store,UPI,4,6721.69,0.1,26886.76,24198.08,0,5783.45,2024,12,December,Monday,26886.76,24198.084
2024-12-16,ORD024803,CUST03298,P002,Smartphone,Electronics,Hyderabad,Online,Debit Card,3,25456.66,0.15,76369.98,64914.48,0,11297.96,2024,12,December,Monday,76369.98,64914.48299999999
2024-12-16,ORD011238,CUST04964,P007,Backpack,Accessories,Hyderabad,Store,Debit Card,1,2082.22,0.15,2082.22,1769.89,0,394.74,2024,12,December,Monday,2082.22,1769.8869999999997
2024-12-16,ORD004165,CUST02706,P020,Microwave,Home,Kolkata,Online,Credit Card,3,11446.62,0.0,34339.86,34339.86,0,8931.44,2024,12,December,Monday,34339.86,34339.86
2024-12-16,ORD043762,CUST00137,P012,Air Fryer,Home,Hyderabad,Online,Credit Card,1,6713.66,0.25,6713.66,5035.24,1,-251.76,2024,12,December,Monday,6713.66,5035.245
2024-12-16,ORD009981,CUST00992,P016,Sofa,Furniture,Chennai,Store,Debit Card,1,37041.42,0.1,37041.42,33337.28,0,5130.5,2024,12,December,Monday,37041.42,33337.278
2024-12-16,ORD000182,CUST03984,P010,Coffee Maker,Home,Bengaluru,Online,UPI,2,6027.97,0.05,12055.94,11453.14,0,2269.24,2024,12,December,Monday,12055.94,11453.143
2024-12-16,ORD007583,CUST01071,P014,Keyboard,Electronics,Ahmedabad,Store,Credit Card,1,2403.08,0.15,2403.08,2042.62,0,195.5,2024,12,December,Monday,2403.08,2042.618
2024-12-16,ORD039602,CUST02952,P008,Running Shoes,Fashion,Chennai,Online,Net Banking,5,4359.44,0.0,21797.2,21797.2,0,5064.92,2024,12,December,Monday,21797.199999999997,21797.2
2024-12-16,ORD001551,CUST02110,P010,Coffee Maker,Home,Surat,Online,Debit Card,1,5232.79,0.05,5232.79,4971.15,0,719.44,2024,12,December,Monday,5232.79,4971.1505
2024-12-16,ORD045200,CUST04872,P009,T-Shirt,Fashion,Pune,Online,Credit Card,1,1168.61,0.15,1168.61,993.32,0,245.57,2024,12,December,Monday,1168.61,993.3184999999999
2024-12-16,ORD048125,CUST04078,P011,Mixer Grinder,Home,Bengaluru,Online,UPI,1,4663.19,0.15,4663.19,3963.71,0,281.87,2024,12,December,Monday,4663.19,3963.7114999999994
2024-12-16,ORD047648,CUST04720,P002,Smartphone,Electronics,Delhi,Store,UPI,1,27385.87,0.1,27385.87,24647.28,0,5788.43,2024,12,December,Monday,27385.87,24647.283
2024-12-16,ORD002530,CUST04004,P008,Running Shoes,Fashion,Chennai,Online,UPI,1,4148.78,0.2,4148.78,3319.02,0,246.23,2024,12,December,Monday,4148.78,3319.024
2024-12-16,ORD040502,CUST02681,P013,Monitor,Electronics,Surat,Online,Credit Card,1,17018.61,0.15,17018.61,14465.82,0,2540.58,2024,12,December,Monday,17018.61,14465.8185
2024-12-16,ORD034120,CUST03434,P009,T-Shirt,Fashion,Pune,Store,Credit Card,1,1203.0,0.1,1203.0,1082.7,0,223.4,2024,12,December,Monday,1203.0,1082.7
2024-12-16,ORD019109,CUST00619,P011,Mixer Grinder,Home,Pune,Online,UPI,3,5049.84,0.1,15149.52,13634.57,0,1980.34,2024,12,December,Monday,15149.52,13634.568000000001
2024-12-16,ORD002209,CUST04435,P013,Monitor,Electronics,Delhi,Online,UPI,2,16368.34,0.0,32736.68,32736.68,0,4310.63,2024,12,December,Monday,32736.68,32736.68
2024-12-16,ORD022572,CUST01659,P012,Air Fryer,Home,Kolkata,Online,Net Banking,1,7106.31,0.0,7106.31,7106.31,0,612.94,2024,12,December,Monday,7106.31,7106.31
2024-12-16,ORD040551,CUST04672,P009,T-Shirt,Fashion,Delhi,Store,Credit Card,5,1224.54,0.2,6122.7,4898.16,0,421.65,2024,12,December,Monday,6122.7,4898.16
2024-12-16,ORD018855,CUST01122,P008,Running Shoes,Fashion,Chennai,Online,Credit Card,2,3979.77,0.15,7959.54,6765.61,0,1619.59,2024,12,December,Monday,7959.54,6765.6089999999995
2024-12-16,ORD005167,CUST01665,P020,Microwave,Home,Jaipur,Store,Cash,1,10626.56,0.1,10626.56,9563.9,0,2334.0,2024,12,December,Monday,10626.56,9563.904
2024-12-16,ORD017811,CUST01324,P002,Smartphone,Electronics,Surat,Online,UPI,1,29224.13,0.0,29224.13,29224.13,0,7651.43,2024,12,December,Monday,29224.13,29224.13
2024-12-16,ORD014123,CUST01300,P012,Air Fryer,Home,Bengaluru,Online,UPI,1,6976.22,0.1,6976.22,6278.6,0,1218.83,2024,12,December,Monday,6976.22,6278.598
2024-12-16,ORD049006,CUST01848,P005,Office Chair,Furniture,Chennai,Online,Cash,2,8553.78,0.0,17107.56,17107.56,0,4306.32,2024,12,December,Monday,17107.56,17107.56
2024-12-16,ORD034305,CUST00444,P015,Dining Table,Furniture,Pune,Store,Cash,2,20316.46,0.25,40632.92,30474.69,0,7545.6,2024,12,December,Monday,40632.92,30474.69
2024-12-16,ORD019243,CUST03026,P014,Keyboard,Electronics,Mumbai,Online,UPI,3,2587.36,0.0,7762.08,7762.08,0,1205.38,2024,12,December,Monday,7762.08,7762.08
2024-12-16,ORD046117,CUST03770,P005,Office Chair,Furniture,Delhi,Online,Credit Card,1,8567.78,0.1,8567.78,7711.0,0,1768.07,2024,12,December,Monday,8567.78,7711.002
2024-12-16,ORD033953,CUST04599,P020,Microwave,Home,Surat,Online,Credit Card,4,10945.76,0.2,43783.04,35026.43,0,2198.53,2024,12,December,Monday,43783.04,35026.432
2024-12-16,ORD008146,CUST03915,P004,Smartwatch,Electronics,Chennai,Store,Credit Card,2,6687.43,0.15,13374.86,11368.63,1,-568.43,2024,12,December,Monday,13374.86,11368.631
2024-12-16,ORD003912,CUST04175,P020,Microwave,Home,Delhi,Store,UPI,2,10002.68,0.1,20005.36,18004.82,0,4153.49,2024,12,December,Monday,20005.36,18004.824
2024-12-16,ORD017128,CUST04325,P003,Headphones,Electronics,Ahmedabad,Store,Debit Card,5,4801.04,0.05,24005.2,22804.94,0,3767.95,2024,12,December,Monday,24005.2,22804.94
2024-12-16,ORD020300,CUST04895,P019,Vacuum Cleaner,Home,Ahmedabad,Online,Credit Card,1,8703.33,0.1,8703.33,7833.0,0,1200.12,2024,12,December,Monday,8703.33,7832.997
2024-12-16,ORD023923,CUST00048,P016,Sofa,Furniture,Ahmedabad,Online,Cash,1,34275.76,0.1,34275.76,30848.18,0,8229.57,2024,12,December,Monday,34275.76,30848.184
2024-12-16,ORD013092,CUST02441,P020,Microwave,Home,Jaipur,Online,Debit Card,1,11717.75,0.25,11717.75,8788.31,0,1272.8,2024,12,December,Monday,11717.75,8788.3125
2024-12-16,ORD048937,CUST00098,P015,Dining Table,Furniture,Mumbai,Store,UPI,1,23043.79,0.1,23043.79,20739.41,0,4167.89,2024,12,December,Monday,23043.79,20739.411
2024-12-16,ORD016774,CUST02227,P010,Coffee Maker,Home,Delhi,Online,Credit Card,1,5967.41,0.05,5967.41,5669.04,0,1346.09,2024,12,December,Monday,5967.41,5669.0395
2024-12-16,ORD025103,CUST04673,P001,Laptop,Electronics,Mumbai,Online,Credit Card,1,71228.48,0.0,71228.48,71228.48,0,14856.64,2024,12,December,Monday,71228.48,71228.48
2024-12-16,ORD036422,CUST02942,P004,Smartwatch,Electronics,Delhi,Online,Credit Card,1,6478.07,0.0,6478.07,6478.07,1,-323.9,2024,12,December,Monday,6478.07,6478.07
2024-12-16,ORD017102,CUST00442,P015,Dining Table,Furniture,Bengaluru,Online,Credit Card,1,20016.85,0.0,20016.85,20016.85,0,3049.06,2024,12,December,Monday,20016.85,20016.85
2024-12-16,ORD003726,CUST01542,P007,Backpack,Accessories,Kolkata,Online,UPI,1,2340.36,0.15,2340.36,1989.31,0,168.22,2024,12,December,Monday,2340.36,1989.306
2024-12-16,ORD005190,CUST00540,P006,Desk,Furniture,Kolkata,Online,UPI,3,12659.68,0.05,37979.04,36080.09,1,-1804.0,2024,12,December,Monday,37979.04,36080.087999999996
2024-12-16,ORD043117,CUST01900,P018,Jacket,Fashion,Chennai,Online,Debit Card,1,5106.18,0.25,5106.18,3829.64,0,391.44,2024,12,December,Monday,5106.18,3829.635
2024-12-16,ORD041782,CUST04371,P005,Office Chair,Furniture,Mumbai,Online,Net Banking,2,9274.98,0.0,18549.96,18549.96,0,4435.04,2024,12,December,Monday,18549.96,18549.96
2024-12-16,ORD010883,CUST02226,P006,Desk,Furniture,Chennai,Store,Credit Card,1,13108.3,0.1,13108.3,11797.47,1,-589.87,2024,12,December,Monday,13108.3,11797.47
2024-12-16,ORD011642,CUST03967,P007,Backpack,Accessories,Jaipur,Online,UPI,1,2018.12,0.05,2018.12,1917.21,0,534.53,2024,12,December,Monday,2018.12,1917.2139999999997
2024-12-16,ORD005493,CUST01118,P016,Sofa,Furniture,Delhi,Online,Credit Card,1,33647.53,0.15,33647.53,28600.4,0,4614.46,2024,12,December,Monday,33647.53,28600.4005
2024-12-16,ORD015422,CUST01563,P012,Air Fryer,Home,Delhi,Online,Debit Card,1,7171.91,0.1,7171.91,6454.72,0,1693.19,2024,12,December,Monday,7171.91,6454.719
2024-12-16,ORD038128,CUST02655,P009,T-Shirt,Fashion,Hyderabad,Online,Credit Card,2,1094.97,0.05,2189.94,2080.44,0,286.44,2024,12,December,Monday,2189.94,2080.4429999999998
2024-12-17,ORD047101,CUST01172,P018,Jacket,Fashion,Mumbai,Store,UPI,1,5230.86,0.0,5230.86,5230.86,0,483.33,2024,12,December,Tuesday,5230.86,5230.86
2024-12-17,ORD026906,CUST03503,P002,Smartphone,Electronics,Delhi,Online,UPI,1,27729.67,0.25,27729.67,20797.25,0,4274.62,2024,12,December,Tuesday,27729.67,20797.2525
2024-12-17,ORD004341,CUST04886,P011,Mixer Grinder,Home,Surat,Online,UPI,1,5267.35,0.1,5267.35,4740.62,0,861.92,2024,12,December,Tuesday,5267.35,4740.615000000001
2024-12-17,ORD022509,CUST03617,P018,Jacket,Fashion,Bengaluru,Online,UPI,1,5143.19,0.1,5143.19,4628.87,0,623.12,2024,12,December,Tuesday,5143.19,4628.871
2024-12-17,ORD003695,CUST01076,P013,Monitor,Electronics,Delhi,Online,Net Banking,1,16984.6,0.1,16984.6,15286.14,0,2484.01,2024,12,December,Tuesday,16984.6,15286.14
2024-12-17,ORD019688,CUST04925,P007,Backpack,Accessories,Surat,Online,Debit Card,1,2231.59,0.05,2231.59,2120.01,0,461.39,2024,12,December,Tuesday,2231.59,2120.0105
2024-12-17,ORD010389,CUST03309,P013,Monitor,Electronics,Pune,Online,Cash,1,18395.52,0.0,18395.52,18395.52,1,-919.78,2024,12,December,Tuesday,18395.52,18395.52
2024-12-17,ORD016223,CUST03066,P018,Jacket,Fashion,Ahmedabad,Online,UPI,1,4746.54,0.1,4746.54,4271.89,0,921.65,2024,12,December,Tuesday,4746.54,4271.886
2024-12-17,ORD004771,CUST01366,P017,Jeans,Fashion,Pune,Store,UPI,2,2636.03,0.2,5272.06,4217.65,0,754.9,2024,12,December,Tuesday,5272.06,4217.648
2024-12-17,ORD030597,CUST02652,P013,Monitor,Electronics,Chennai,Online,Cash,1,18769.36,0.1,18769.36,16892.42,0,3726.38,2024,12,December,Tuesday,18769.36,16892.424000000003
2024-12-17,ORD044245,CUST02948,P002,Smartphone,Electronics,Chennai,Store,UPI,1,30495.51,0.15,30495.51,25921.18,0,5350.12,2024,12,December,Tuesday,30495.51,25921.1835
2024-12-17,ORD013546,CUST02663,P006,Desk,Furniture,Hyderabad,Online,Credit Card,1,12653.78,0.2,12653.78,10123.02,0,1928.61,2024,12,December,Tuesday,12653.78,10123.024000000001
2024-12-17,ORD027603,CUST03999,P007,Backpack,Accessories,Surat,Online,UPI,2,2219.86,0.15,4439.72,3773.76,0,228.2,2024,12,December,Tuesday,4439.72,3773.762
2024-12-17,ORD017977,CUST02410,P004,Smartwatch,Electronics,Surat,Store,UPI,1,6818.1,0.15,6818.1,5795.38,0,1545.97,2024,12,December,Tuesday,6818.1,5795.385
2024-12-17,ORD026722,CUST01878,P002,Smartphone,Electronics,Pune,Online,Cash,1,29257.3,0.15,29257.3,24868.7,0,5330.61,2024,12,December,Tuesday,29257.3,24868.704999999998
2024-12-17,ORD034006,CUST03871,P006,Desk,Furniture,Hyderabad,Online,UPI,1,11571.92,0.15,11571.92,9836.13,0,2318.39,2024,12,December,Tuesday,11571.92,9836.132
2024-12-17,ORD019381,CUST01324,P004,Smartwatch,Electronics,Jaipur,Online,UPI,1,6981.69,0.05,6981.69,6632.61,0,921.59,2024,12,December,Tuesday,6981.69,6632.6055
2024-12-17,ORD047223,CUST02248,P015,Dining Table,Furniture,Hyderabad,Online,UPI,1,23620.65,0.05,23620.65,22439.62,0,2443.45,2024,12,December,Tuesday,23620.65,22439.6175
2024-12-17,ORD004659,CUST03154,P006,Desk,Furniture,Pune,Online,UPI,1,11945.51,0.1,11945.51,10750.96,0,2038.5,2024,12,December,Tuesday,11945.51,10750.959
2024-12-17,ORD036104,CUST01943,P011,Mixer Grinder,Home,Ahmedabad,Store,Credit Card,1,4931.22,0.0,4931.22,4931.22,0,1056.13,2024,12,December,Tuesday,4931.22,4931.22
2024-12-17,ORD007312,CUST00587,P007,Backpack,Accessories,Mumbai,Online,UPI,1,2383.12,0.1,2383.12,2144.81,0,395.01,2024,12,December,Tuesday,2383.12,2144.808
2024-12-17,ORD012205,CUST00655,P010,Coffee Maker,Home,Jaipur,Store,Credit Card,1,5778.0,0.15,5778.0,4911.3,0,717.21,2024,12,December,Tuesday,5778.0,4911.3
2024-12-17,ORD038028,CUST04823,P019,Vacuum Cleaner,Home,Delhi,Online,Cash,1,9209.21,0.25,9209.21,6906.91,0,874.08,2024,12,December,Tuesday,9209.21,6906.907499999999
2024-12-17,ORD026012,CUST01344,P013,Monitor,Electronics,Mumbai,Store,Debit Card,1,19319.73,0.2,19319.73,15455.78,0,3359.78,2024,12,December,Tuesday,19319.73,15455.784
2024-12-17,ORD038007,CUST00314,P006,Desk,Furniture,Chennai,Store,UPI,1,13131.28,0.15,13131.28,11161.59,0,2782.94,2024,12,December,Tuesday,13131.28,11161.588
2024-12-17,ORD012067,CUST01338,P009,T-Shirt,Fashion,Delhi,Online,Credit Card,3,1289.72,0.1,3869.16,3482.24,0,413.06,2024,12,December,Tuesday,3869.16,3482.244
2024-12-17,ORD047147,CUST04518,P019,Vacuum Cleaner,Home,Hyderabad,Online,UPI,1,9187.62,0.0,9187.62,9187.62,0,1413.28,2024,12,December,Tuesday,9187.62,9187.62
2024-12-17,ORD015924,CUST00548,P013,Monitor,Electronics,Jaipur,Online,UPI,2,17226.55,0.0,34453.1,34453.1,0,7241.32,2024,12,December,Tuesday,34453.1,34453.1
2024-12-17,ORD022522,CUST02327,P001,Laptop,Electronics,Surat,Online,UPI,2,59460.5,0.1,118921.0,107028.9,0,25014.01,2024,12,December,Tuesday,118921.0,107028.90000000001
2024-12-17,ORD038426,CUST01576,P014,Keyboard,Electronics,Chennai,Store,Credit Card,1,2311.19,0.1,2311.19,2080.07,0,468.96,2024,12,December,Tuesday,2311.19,2080.071
2024-12-17,ORD039376,CUST04732,P015,Dining Table,Furniture,Kolkata,Online,UPI,1,21628.18,0.0,21628.18,21628.18,0,4802.74,2024,12,December,Tuesday,21628.18,21628.18
2024-12-17,ORD029053,CUST01258,P020,Microwave,Home,Chennai,Online,Debit Card,1,11209.06,0.0,11209.06,11209.06,0,2132.41,2024,12,December,Tuesday,11209.06,11209.06
2024-12-17,ORD020315,CUST02375,P007,Backpack,Accessories,Mumbai,Online,Net Banking,1,2252.6,0.0,2252.6,2252.6,0,516.61,2024,12,December,Tuesday,2252.6,2252.6
2024-12-17,ORD040516,CUST03325,P019,Vacuum Cleaner,Home,Mumbai,Online,UPI,2,8857.38,0.1,17714.76,15943.28,0,1060.41,2024,12,December,Tuesday,17714.76,15943.284
2024-12-17,ORD039970,CUST04027,P002,Smartphone,Electronics,Ahmedabad,Store,Credit Card,1,30366.19,0.2,30366.19,24292.95,0,5094.43,2024,12,December,Tuesday,30366.19,24292.952
2024-12-17,ORD025877,CUST00607,P012,Air Fryer,Home,Kolkata,Store,UPI,1,6794.76,0.1,6794.76,6115.28,0,691.95,2024,12,December,Tuesday,6794.76,6115.284000000001
2024-12-17,ORD044034,CUST00079,P014,Keyboard,Electronics,Bengaluru,Online,Credit Card,1,2311.34,0.1,2311.34,2080.21,0,326.66,2024,12,December,Tuesday,2311.34,2080.206
2024-12-17,ORD046278,CUST02238,P019,Vacuum Cleaner,Home,Mumbai,Online,Credit Card,4,9465.01,0.0,37860.04,37860.04,0,5622.74,2024,12,December,Tuesday,37860.04,37860.04
2024-12-17,ORD018718,CUST01366,P009,T-Shirt,Fashion,Kolkata,Online,Credit Card,1,1237.73,0.05,1237.73,1175.84,0,213.94,2024,12,December,Tuesday,1237.73,1175.8435
2024-12-17,ORD020921,CUST01390,P015,Dining Table,Furniture,Pune,Store,UPI,4,24146.97,0.1,96587.88,86929.09,0,22221.42,2024,12,December,Tuesday,96587.88,86929.092
2024-12-17,ORD049260,CUST03320,P005,Office Chair,Furniture,Surat,Online,UPI,4,10398.58,0.05,41594.32,39514.6,0,2779.29,2024,12,December,Tuesday,41594.32,39514.604
2024-12-17,ORD014109,CUST04782,P013,Monitor,Electronics,Chennai,Store,UPI,1,17530.99,0.15,17530.99,14901.34,0,2009.12,2024,12,December,Tuesday,17530.99,14901.3415
2024-12-17,ORD026603,CUST03470,P017,Jeans,Fashion,Bengaluru,Online,UPI,1,2921.93,0.1,2921.93,2629.74,0,346.93,2024,12,December,Tuesday,2921.93,2629.737
2024-12-17,ORD016632,CUST01625,P005,Office Chair,Furniture,Kolkata,Store,Cash,2,9337.64,0.0,18675.28,18675.28,0,3538.86,2024,12,December,Tuesday,18675.28,18675.28
2024-12-17,ORD005501,CUST03574,P006,Desk,Furniture,Mumbai,Online,Credit Card,2,12386.05,0.0,24772.1,24772.1,0,2515.27,2024,12,December,Tuesday,24772.1,24772.1
2024-12-17,ORD018283,CUST00769,P013,Monitor,Electronics,Chennai,Online,UPI,1,16901.72,0.05,16901.72,16056.63,1,-802.83,2024,12,December,Tuesday,16901.72,16056.634
2024-12-17,ORD013915,CUST00703,P016,Sofa,Furniture,Ahmedabad,Online,UPI,2,32342.78,0.2,64685.56,51748.45,0,9951.15,2024,12,December,Tuesday,64685.56,51748.448000000004
2024-12-17,ORD028125,CUST01272,P002,Smartphone,Electronics,Kolkata,Store,Net Banking,1,30744.37,0.1,30744.37,27669.93,0,2981.33,2024,12,December,Tuesday,30744.37,27669.933
2024-12-17,ORD020082,CUST02316,P009,T-Shirt,Fashion,Pune,Store,Net Banking,1,1155.09,0.1,1155.09,1039.58,0,279.34,2024,12,December,Tuesday,1155.09,1039.581
2024-12-17,ORD034460,CUST04173,P016,Sofa,Furniture,Delhi,Store,Credit Card,2,36050.96,0.15,72101.92,61286.63,0,7242.94,2024,12,December,Tuesday,72101.92,61286.632
2024-12-17,ORD029546,CUST01165,P005,Office Chair,Furniture,Chennai,Store,Cash,1,9675.53,0.05,9675.53,9191.75,1,-459.59,2024,12,December,Tuesday,9675.53,9191.7535
2024-12-17,ORD017120,CUST04589,P004,Smartwatch,Electronics,Ahmedabad,Online,Debit Card,4,6506.91,0.1,26027.64,23424.88,0,5411.14,2024,12,December,Tuesday,26027.64,23424.876
2024-12-17,ORD021348,CUST02876,P017,Jeans,Fashion,Ahmedabad,Store,UPI,2,2920.13,0.2,5840.26,4672.21,0,537.38,2024,12,December,Tuesday,5840.26,4672.2080000000005
2024-12-17,ORD007022,CUST04012,P017,Jeans,Fashion,Hyderabad,Store,Cash,2,2996.43,0.15,5992.86,5093.93,0,361.93,2024,12,December,Tuesday,5992.86,5093.931
2024-12-17,ORD016517,CUST04463,P009,T-Shirt,Fashion,Jaipur,Online,Credit Card,2,1154.42,0.2,2308.84,1847.07,1,-92.35,2024,12,December,Tuesday,2308.84,1847.0720000000001
2024-12-17,ORD016183,CUST01659,P018,Jacket,Fashion,Bengaluru,Store,UPI,5,5478.27,0.15,27391.35,23282.65,0,1202.33,2024,12,December,Tuesday,27391.350000000002,23282.6475
2024-12-17,ORD017001,CUST00551,P005,Office Chair,Furniture,Kolkata,Online,UPI,1,9339.92,0.05,9339.92,8872.92,0,1611.67,2024,12,December,Tuesday,9339.92,8872.923999999999
2024-12-17,ORD045092,CUST01170,P007,Backpack,Accessories,Chennai,Store,Net Banking,1,2086.89,0.05,2086.89,1982.55,0,302.28,2024,12,December,Tuesday,2086.89,1982.5454999999997
2024-12-17,ORD006224,CUST01228,P018,Jacket,Fashion,Pune,Online,Debit Card,2,5247.81,0.0,10495.62,10495.62,0,2249.27,2024,12,December,Tuesday,10495.62,10495.62
2024-12-17,ORD017632,CUST00797,P019,Vacuum Cleaner,Home,Mumbai,Online,UPI,5,9043.61,0.0,45218.05,45218.05,0,8271.39,2024,12,December,Tuesday,45218.05,45218.05
2024-12-17,ORD049040,CUST02248,P016,Sofa,Furniture,Delhi,Online,UPI,2,36044.33,0.1,72088.66,64879.79,0,4678.49,2024,12,December,Tuesday,72088.66,64879.794
2024-12-17,ORD018883,CUST04028,P017,Jeans,Fashion,Ahmedabad,Online,UPI,2,2662.25,0.05,5324.5,5058.27,0,456.64,2024,12,December,Tuesday,5324.5,5058.275
2024-12-17,ORD029336,CUST03076,P016,Sofa,Furniture,Kolkata,Store,Net Banking,1,37239.25,0.05,37239.25,35377.29,0,7451.0,2024,12,December,Tuesday,37239.25,35377.2875
2024-12-17,ORD008601,CUST00266,P005,Office Chair,Furniture,Hyderabad,Online,Credit Card,3,10209.56,0.15,30628.68,26034.38,0,4231.38,2024,12,December,Tuesday,30628.68,26034.378
2024-12-17,ORD046567,CUST03866,P007,Backpack,Accessories,Bengaluru,Online,Cash,1,2285.38,0.1,2285.38,2056.84,0,507.95,2024,12,December,Tuesday,2285.38,2056.842
2024-12-17,ORD033527,CUST00668,P019,Vacuum Cleaner,Home,Hyderabad,Online,Credit Card,1,8713.25,0.0,8713.25,8713.25,0,2427.63,2024,12,December,Tuesday,8713.25,8713.25
2024-12-18,ORD011967,CUST00464,P010,Coffee Maker,Home,Pune,Online,UPI,1,5606.39,0.0,5606.39,5606.39,0,1612.18,2024,12,December,Wednesday,5606.39,5606.39
2024-12-18,ORD026445,CUST04437,P013,Monitor,Electronics,Delhi,Online,Net Banking,1,18858.75,0.0,18858.75,18858.75,0,5610.8,2024,12,December,Wednesday,18858.75,18858.75
2024-12-18,ORD013876,CUST02177,P009,T-Shirt,Fashion,Delhi,Online,UPI,1,1116.22,0.0,1116.22,1116.22,0,157.2,2024,12,December,Wednesday,1116.22,1116.22
2024-12-18,ORD033126,CUST01839,P009,T-Shirt,Fashion,Chennai,Store,UPI,3,1279.68,0.1,3839.04,3455.14,0,458.64,2024,12,December,Wednesday,3839.04,3455.136
2024-12-18,ORD027660,CUST04678,P013,Monitor,Electronics,Bengaluru,Store,UPI,2,18122.51,0.15,36245.02,30808.27,0,2369.35,2024,12,December,Wednesday,36245.02,30808.266999999996
2024-12-18,ORD032552,CUST02546,P003,Headphones,Electronics,Surat,Online,Credit Card,1,4405.36,0.0,4405.36,4405.36,1,-220.27,2024,12,December,Wednesday,4405.36,4405.36
2024-12-18,ORD032739,CUST03039,P016,Sofa,Furniture,Pune,Online,UPI,2,33709.25,0.1,67418.5,60676.65,0,3650.91,2024,12,December,Wednesday,67418.5,60676.65
2024-12-18,ORD039484,CUST04906,P007,Backpack,Accessories,Pune,Online,UPI,1,2010.22,0.1,2010.22,1809.2,0,388.35,2024,12,December,Wednesday,2010.22,1809.198
2024-12-18,ORD046282,CUST01816,P016,Sofa,Furniture,Chennai,Store,Credit Card,3,36738.79,0.05,110216.37,104705.55,0,23487.18,2024,12,December,Wednesday,110216.37,104705.55149999999
2024-12-18,ORD037949,CUST03862,P012,Air Fryer,Home,Hyderabad,Online,Net Banking,5,7078.31,0.1,35391.55,31852.4,0,5862.14,2024,12,December,Wednesday,35391.55,31852.395000000004
2024-12-18,ORD033083,CUST02410,P007,Backpack,Accessories,Chennai,Online,Credit Card,3,2388.88,0.0,7166.64,7166.64,0,1802.15,2024,12,December,Wednesday,7166.64,7166.64
2024-12-18,ORD037615,CUST01817,P014,Keyboard,Electronics,Ahmedabad,Online,UPI,1,2675.91,0.05,2675.91,2542.11,0,301.03,2024,12,December,Wednesday,2675.91,2542.1144999999997
2024-12-18,ORD038703,CUST03697,P006,Desk,Furniture,Ahmedabad,Store,UPI,1,12422.33,0.25,12422.33,9316.75,0,2068.51,2024,12,December,Wednesday,12422.33,9316.7475
2024-12-18,ORD039196,CUST02674,P004,Smartwatch,Electronics,Jaipur,Online,UPI,2,6643.06,0.0,13286.12,13286.12,0,3863.35,2024,12,December,Wednesday,13286.12,13286.12
2024-12-18,ORD032856,CUST00832,P014,Keyboard,Electronics,Mumbai,Store,UPI,1,2353.51,0.1,2353.51,2118.16,0,526.89,2024,12,December,Wednesday,2353.51,2118.159
2024-12-18,ORD002691,CUST00410,P011,Mixer Grinder,Home,Jaipur,Online,UPI,1,4736.43,0.1,4736.43,4262.79,0,523.45,2024,12,December,Wednesday,4736.43,4262.787
2024-12-18,ORD037517,CUST01261,P001,Laptop,Electronics,Pune,Online,Debit Card,4,59977.12,0.2,239908.48,191926.78,0,37180.35,2024,12,December,Wednesday,239908.48,191926.784
2024-12-18,ORD011374,CUST04411,P017,Jeans,Fashion,Pune,Online,Credit Card,1,2892.73,0.0,2892.73,2892.73,0,371.85,2024,12,December,Wednesday,2892.73,2892.73
2024-12-18,ORD026080,CUST02647,P009,T-Shirt,Fashion,Ahmedabad,Online,UPI,3,1096.73,0.15,3290.19,2796.66,0,602.51,2024,12,December,Wednesday,3290.19,2796.6615
2024-12-18,ORD035307,CUST01969,P002,Smartphone,Electronics,Bengaluru,Online,Credit Card,1,25557.84,0.25,25557.84,19168.38,0,1781.98,2024,12,December,Wednesday,25557.84,19168.38
2024-12-18,ORD016150,CUST00064,P001,Laptop,Electronics,Delhi,Online,UPI,1,63713.03,0.15,63713.03,54156.08,0,6530.61,2024,12,December,Wednesday,63713.03,54156.0755
2024-12-18,ORD031578,CUST00162,P011,Mixer Grinder,Home,Ahmedabad,Online,Credit Card,3,4853.63,0.05,14560.89,13832.85,0,2951.66,2024,12,December,Wednesday,14560.89,13832.8455
2024-12-18,ORD018779,CUST04255,P006,Desk,Furniture,Ahmedabad,Online,UPI,1,11907.43,0.15,11907.43,10121.32,0,712.58,2024,12,December,Wednesday,11907.43,10121.3155
2024-12-18,ORD025573,CUST00128,P002,Smartphone,Electronics,Chennai,Store,UPI,1,27034.05,0.15,27034.05,22978.94,0,4177.14,2024,12,December,Wednesday,27034.05,22978.942499999997
2024-12-18,ORD045048,CUST00603,P002,Smartphone,Electronics,Kolkata,Online,Credit Card,1,29422.93,0.1,29422.93,26480.64,0,6564.95,2024,12,December,Wednesday,29422.93,26480.637000000002
2024-12-18,ORD017613,CUST04095,P018,Jacket,Fashion,Ahmedabad,Store,Credit Card,1,5143.4,0.15,5143.4,4371.89,0,1048.04,2024,12,December,Wednesday,5143.4,4371.889999999999
2024-12-18,ORD036717,CUST03411,P002,Smartphone,Electronics,Surat,Store,UPI,2,29971.03,0.0,59942.06,59942.06,0,8485.49,2024,12,December,Wednesday,59942.06,59942.06
2024-12-18,ORD010348,CUST04521,P005,Office Chair,Furniture,Bengaluru,Online,Debit Card,1,10156.1,0.1,10156.1,9140.49,0,1785.14,2024,12,December,Wednesday,10156.1,9140.49
2024-12-18,ORD036818,CUST02411,P007,Backpack,Accessories,Mumbai,Online,UPI,1,2205.71,0.15,2205.71,1874.85,0,99.45,2024,12,December,Wednesday,2205.71,1874.8535
2024-12-18,ORD040510,CUST00608,P017,Jeans,Fashion,Chennai,Store,Credit Card,1,2688.84,0.0,2688.84,2688.84,0,618.31,2024,12,December,Wednesday,2688.84,2688.84
2024-12-18,ORD048651,CUST01291,P014,Keyboard,Electronics,Chennai,Store,Credit Card,1,2354.01,0.1,2354.01,2118.61,0,592.88,2024,12,December,Wednesday,2354.01,2118.6090000000004
2024-12-18,ORD046774,CUST02833,P008,Running Shoes,Fashion,Delhi,Online,UPI,1,3871.99,0.15,3871.99,3291.19,0,440.71,2024,12,December,Wednesday,3871.99,3291.1915
2024-12-18,ORD000159,CUST01915,P007,Backpack,Accessories,Hyderabad,Online,UPI,2,2263.93,0.05,4527.86,4301.47,0,680.76,2024,12,December,Wednesday,4527.86,4301.467
2024-12-18,ORD049612,CUST03945,P014,Keyboard,Electronics,Pune,Store,UPI,2,2447.23,0.1,4894.46,4405.01,0,769.46,2024,12,December,Wednesday,4894.46,4405.014
2024-12-18,ORD017765,CUST00622,P001,Laptop,Electronics,Ahmedabad,Store,Credit Card,1,63920.06,0.0,63920.06,63920.06,0,6456.49,2024,12,December,Wednesday,63920.06,63920.06
2024-12-18,ORD013233,CUST02381,P019,Vacuum Cleaner,Home,Pune,Store,UPI,2,9407.34,0.15,18814.68,15992.48,1,-799.62,2024,12,December,Wednesday,18814.68,15992.478
2024-12-18,ORD028255,CUST02484,P006,Desk,Furniture,Kolkata,Store,Cash,1,12434.94,0.0,12434.94,12434.94,0,2743.1,2024,12,December,Wednesday,12434.94,12434.94
2024-12-18,ORD034268,CUST01121,P005,Office Chair,Furniture,Kolkata,Store,UPI,1,8902.16,0.1,8902.16,8011.94,0,1523.31,2024,12,December,Wednesday,8902.16,8011.944
2024-12-18,ORD042272,CUST04172,P004,Smartwatch,Electronics,Mumbai,Online,Debit Card,1,7675.46,0.1,7675.46,6907.91,0,647.52,2024,12,December,Wednesday,7675.46,6907.914
2024-12-18,ORD023452,CUST00054,P008,Running Shoes,Fashion,Kolkata,Store,Debit Card,1,3959.8,0.0,3959.8,3959.8,0,587.15,2024,12,December,Wednesday,3959.8,3959.8
2024-12-18,ORD005972,CUST02753,P016,Sofa,Furniture,Jaipur,Online,UPI,2,37541.22,0.25,75082.44,56311.83,0,7407.17,2024,12,December,Wednesday,75082.44,56311.83
2024-12-18,ORD042204,CUST03242,P003,Headphones,Electronics,Surat,Store,Credit Card,1,4896.52,0.0,4896.52,4896.52,0,1266.54,2024,12,December,Wednesday,4896.52,4896.52
2024-12-18,ORD030947,CUST04326,P017,Jeans,Fashion,Surat,Online,UPI,1,2539.62,0.05,2539.62,2412.64,0,472.54,2024,12,December,Wednesday,2539.62,2412.6389999999997
2024-12-18,ORD035766,CUST00633,P011,Mixer Grinder,Home,Chennai,Store,UPI,2,4626.58,0.05,9253.16,8790.5,0,1609.49,2024,12,December,Wednesday,9253.16,8790.501999999999
2024-12-18,ORD012969,CUST03854,P001,Laptop,Electronics,Delhi,Online,UPI,2,59426.22,0.1,118852.44,106967.2,0,16011.77,2024,12,December,Wednesday,118852.44,106967.19600000001
2024-12-18,ORD044475,CUST04100,P009,T-Shirt,Fashion,Jaipur,Online,Credit Card,1,1090.38,0.05,1090.38,1035.86,0,203.85,2024,12,December,Wednesday,1090.38,1035.861
2024-12-18,ORD031177,CUST04344,P014,Keyboard,Electronics,Delhi,Online,UPI,1,2700.74,0.15,2700.74,2295.63,0,149.47,2024,12,December,Wednesday,2700.74,2295.629
2024-12-18,ORD036049,CUST02615,P010,Coffee Maker,Home,Bengaluru,Store,UPI,1,5850.49,0.15,5850.49,4972.92,0,497.06,2024,12,December,Wednesday,5850.49,4972.916499999999
2024-12-18,ORD023673,CUST04163,P019,Vacuum Cleaner,Home,Chennai,Store,Credit Card,5,8359.74,0.05,41798.7,39708.76,0,9583.96,2024,12,December,Wednesday,41798.7,39708.76499999999
2024-12-18,ORD013579,CUST02046,P013,Monitor,Electronics,Hyderabad,Store,Credit Card,1,17975.64,0.1,17975.64,16178.08,0,3131.04,2024,12,December,Wednesday,17975.64,16178.076
2024-12-18,ORD009548,CUST00637,P003,Headphones,Electronics,Kolkata,Online,Credit Card,1,4813.3,0.1,4813.3,4331.97,0,1179.37,2024,12,December,Wednesday,4813.3,4331.97
2024-12-18,ORD009314,CUST04552,P005,Office Chair,Furniture,Delhi,Online,UPI,4,8898.3,0.2,35593.2,28474.56,0,5852.19,2024,12,December,Wednesday,35593.2,28474.559999999998
2024-12-18,ORD028524,CUST01389,P001,Laptop,Electronics,Surat,Online,Cash,1,71148.99,0.25,71148.99,53361.74,0,11392.89,2024,12,December,Wednesday,71148.99,53361.74250000001
2024-12-18,ORD035468,CUST03962,P004,Smartwatch,Electronics,Jaipur,Store,UPI,1,7089.43,0.05,7089.43,6734.96,0,915.86,2024,12,December,Wednesday,7089.43,6734.9585
2024-12-18,ORD027840,CUST01785,P003,Headphones,Electronics,Ahmedabad,Online,UPI,1,4919.48,0.1,4919.48,4427.53,0,884.51,2024,12,December,Wednesday,4919.48,4427.532
2024-12-18,ORD002221,CUST01029,P013,Monitor,Electronics,Pune,Online,Cash,2,16956.38,0.0,33912.76,33912.76,0,4134.76,2024,12,December,Wednesday,33912.76,33912.76
2024-12-18,ORD034960,CUST00619,P017,Jeans,Fashion,Mumbai,Online,UPI,2,3050.1,0.1,6100.2,5490.18,0,808.23,2024,12,December,Wednesday,6100.2,5490.18
2024-12-18,ORD016533,CUST04032,P003,Headphones,Electronics,Hyderabad,Online,UPI,1,4718.39,0.0,4718.39,4718.39,0,650.91,2024,12,December,Wednesday,4718.39,4718.39
2024-12-18,ORD010672,CUST01778,P012,Air Fryer,Home,Delhi,Online,Credit Card,1,7665.67,0.1,7665.67,6899.1,0,1132.6,2024,12,December,Wednesday,7665.67,6899.103
2024-12-18,ORD017384,CUST02556,P007,Backpack,Accessories,Mumbai,Online,Credit Card,1,2310.33,0.15,2310.33,1963.78,0,362.45,2024,12,December,Wednesday,2310.33,1963.7804999999998
2024-12-18,ORD015904,CUST03030,P010,Coffee Maker,Home,Kolkata,Online,Debit Card,1,5156.94,0.1,5156.94,4641.25,0,332.17,2024,12,December,Wednesday,5156.94,4641.246
2024-12-18,ORD025669,CUST00391,P014,Keyboard,Electronics,Mumbai,Online,Net Banking,1,2581.01,0.0,2581.01,2581.01,0,723.29,2024,12,December,Wednesday,2581.01,2581.01
2024-12-18,ORD034876,CUST00253,P002,Smartphone,Electronics,Surat,Online,Credit Card,1,29053.09,0.05,29053.09,27600.44,0,4406.76,2024,12,December,Wednesday,29053.09,27600.4355
2024-12-18,ORD043721,CUST04402,P010,Coffee Maker,Home,Jaipur,Store,UPI,1,5334.16,0.25,5334.16,4000.62,0,875.9,2024,12,December,Wednesday,5334.16,4000.62
2024-12-18,ORD040185,CUST03626,P002,Smartphone,Electronics,Jaipur,Online,UPI,1,30397.97,0.05,30397.97,28878.07,0,7562.99,2024,12,December,Wednesday,30397.97,28878.0715
2024-12-18,ORD027083,CUST02176,P004,Smartwatch,Electronics,Chennai,Store,Credit Card,1,7440.43,0.05,7440.43,7068.41,0,705.0,2024,12,December,Wednesday,7440.43,7068.4085
2024-12-18,ORD008251,CUST03146,P001,Laptop,Electronics,Chennai,Store,Credit Card,2,70149.91,0.05,140299.82,133284.83,0,35643.55,2024,12,December,Wednesday,140299.82,133284.829
2024-12-18,ORD004183,CUST04700,P003,Headphones,Electronics,Chennai,Store,Credit Card,1,4619.01,0.05,4619.01,4388.06,0,332.1,2024,12,December,Wednesday,4619.01,4388.0595
2024-12-18,ORD033469,CUST02820,P019,Vacuum Cleaner,Home,Pune,Store,UPI,2,9570.08,0.2,19140.16,15312.13,0,1656.81,2024,12,December,Wednesday,19140.16,15312.128
2024-12-18,ORD008312,CUST02188,P020,Microwave,Home,Ahmedabad,Online,Debit Card,1,10954.6,0.0,10954.6,10954.6,0,890.91,2024,12,December,Wednesday,10954.6,10954.6
2024-12-18,ORD047832,CUST01931,P009,T-Shirt,Fashion,Chennai,Store,UPI,1,1118.05,0.1,1118.05,1006.24,1,-50.31,2024,12,December,Wednesday,1118.05,1006.245
2024-12-19,ORD025769,CUST01061,P018,Jacket,Fashion,Ahmedabad,Store,Debit Card,2,5440.78,0.15,10881.56,9249.33,0,713.35,2024,12,December,Thursday,10881.56,9249.326
2024-12-19,ORD047614,CUST00450,P010,Coffee Maker,Home,Bengaluru,Store,UPI,1,5425.25,0.05,5425.25,5153.99,0,1145.59,2024,12,December,Thursday,5425.25,5153.9875
2024-12-19,ORD003661,CUST04292,P009,T-Shirt,Fashion,Ahmedabad,Online,Cash,4,1286.68,0.05,5146.72,4889.38,0,622.61,2024,12,December,Thursday,5146.72,4889.384
2024-12-19,ORD027939,CUST04422,P013,Monitor,Electronics,Pune,Store,UPI,1,17227.29,0.05,17227.29,16365.93,0,2859.76,2024,12,December,Thursday,17227.29,16365.9255
2024-12-19,ORD047048,CUST00886,P016,Sofa,Furniture,Delhi,Store,UPI,2,36189.55,0.1,72379.1,65141.19,0,14443.48,2024,12,December,Thursday,72379.1,65141.19000000001
2024-12-19,ORD005102,CUST01679,P015,Dining Table,Furniture,Delhi,Store,Net Banking,1,23035.14,0.1,23035.14,20731.63,0,4096.28,2024,12,December,Thursday,23035.14,20731.626
2024-12-19,ORD041591,CUST04080,P001,Laptop,Electronics,Bengaluru,Store,UPI,1,66516.42,0.15,66516.42,56538.96,0,7950.34,2024,12,December,Thursday,66516.42,56538.956999999995
2024-12-19,ORD003559,CUST04019,P001,Laptop,Electronics,Kolkata,Store,UPI,1,62801.99,0.05,62801.99,59661.89,0,7427.01,2024,12,December,Thursday,62801.99,59661.890499999994
2024-12-19,ORD034262,CUST03109,P003,Headphones,Electronics,Kolkata,Online,Debit Card,1,4588.95,0.1,4588.95,4130.06,0,670.4,2024,12,December,Thursday,4588.95,4130.055
2024-12-19,ORD035479,CUST01152,P012,Air Fryer,Home,Surat,Store,UPI,1,7692.2,0.05,7692.2,7307.59,0,1684.94,2024,12,December,Thursday,7692.2,7307.589999999999
2024-12-19,ORD020859,CUST01599,P020,Microwave,Home,Hyderabad,Store,Credit Card,1,10399.48,0.05,10399.48,9879.51,0,1500.32,2024,12,December,Thursday,10399.48,9879.506
2024-12-19,ORD006122,CUST04115,P003,Headphones,Electronics,Surat,Online,Net Banking,1,4265.21,0.2,4265.21,3412.17,0,356.47,2024,12,December,Thursday,4265.21,3412.168
2024-12-19,ORD027855,CUST02557,P004,Smartwatch,Electronics,Delhi,Online,Net Banking,1,7116.45,0.0,7116.45,7116.45,0,1828.09,2024,12,December,Thursday,7116.45,7116.45
2024-12-19,ORD008923,CUST04573,P010,Coffee Maker,Home,Hyderabad,Store,Debit Card,3,5454.11,0.0,16362.33,16362.33,0,1483.82,2024,12,December,Thursday,16362.329999999998,16362.33
2024-12-19,ORD047378,CUST02045,P007,Backpack,Accessories,Delhi,Online,UPI,1,2238.75,0.25,2238.75,1679.06,0,364.11,2024,12,December,Thursday,2238.75,1679.0625
2024-12-19,ORD027659,CUST04908,P008,Running Shoes,Fashion,Surat,Online,Credit Card,2,3841.09,0.0,7682.18,7682.18,0,1893.43,2024,12,December,Thursday,7682.18,7682.18
2024-12-19,ORD020656,CUST00290,P015,Dining Table,Furniture,Bengaluru,Online,Debit Card,1,23121.76,0.15,23121.76,19653.5,0,3035.9,2024,12,December,Thursday,23121.76,19653.496
2024-12-19,ORD048137,CUST01895,P003,Headphones,Electronics,Kolkata,Store,UPI,4,4457.92,0.15,17831.68,15156.93,0,1388.13,2024,12,December,Thursday,17831.68,15156.928
2024-12-19,ORD043443,CUST01732,P004,Smartwatch,Electronics,Bengaluru,Online,UPI,1,7496.98,0.1,7496.98,6747.28,0,1638.97,2024,12,December,Thursday,7496.98,6747.282
2024-12-19,ORD019250,CUST03146,P020,Microwave,Home,Mumbai,Store,UPI,1,10099.9,0.2,10099.9,8079.92,0,1314.91,2024,12,December,Thursday,10099.9,8079.92
2024-12-19,ORD042034,CUST03160,P014,Keyboard,Electronics,Delhi,Store,UPI,1,2690.06,0.15,2690.06,2286.55,0,383.53,2024,12,December,Thursday,2690.06,2286.551
2024-12-19,ORD014239,CUST01706,P020,Microwave,Home,Chennai,Online,UPI,1,11091.54,0.05,11091.54,10536.96,0,1066.88,2024,12,December,Thursday,11091.54,10536.963
2024-12-19,ORD039839,CUST03453,P004,Smartwatch,Electronics,Hyderabad,Online,Net Banking,1,6312.33,0.1,6312.33,5681.1,1,-284.06,2024,12,December,Thursday,6312.33,5681.097
2024-12-19,ORD044246,CUST02033,P001,Laptop,Electronics,Bengaluru,Online,Cash,2,67766.07,0.15,135532.14,115202.32,0,20477.62,2024,12,December,Thursday,135532.14,115202.319
2024-12-19,ORD015390,CUST04613,P018,Jacket,Fashion,Ahmedabad,Online,UPI,5,5174.06,0.05,25870.3,24576.78,0,6917.72,2024,12,December,Thursday,25870.300000000003,24576.785
2024-12-19,ORD021539,CUST00620,P010,Coffee Maker,Home,Ahmedabad,Online,UPI,1,5382.0,0.05,5382.0,5112.9,0,734.88,2024,12,December,Thursday,5382.0,5112.9
2024-12-19,ORD013059,CUST00384,P010,Coffee Maker,Home,Delhi,Store,UPI,1,5530.77,0.1,5530.77,4977.69,0,508.37,2024,12,December,Thursday,5530.77,4977.693
2024-12-19,ORD005249,CUST04397,P002,Smartphone,Electronics,Chennai,Store,UPI,1,25749.8,0.1,25749.8,23174.82,0,4110.46,2024,12,December,Thursday,25749.8,23174.82
2024-12-19,ORD006085,CUST01998,P009,T-Shirt,Fashion,Jaipur,Store,UPI,3,1272.44,0.05,3817.32,3626.45,0,451.34,2024,12,December,Thursday,3817.32,3626.454
2024-12-19,ORD023904,CUST02846,P018,Jacket,Fashion,Surat,Online,Credit Card,1,5356.05,0.25,5356.05,4017.04,0,325.0,2024,12,December,Thursday,5356.05,4017.0375000000004
2024-12-19,ORD047202,CUST03333,P005,Office Chair,Furniture,Kolkata,Online,Credit Card,1,9568.95,0.1,9568.95,8612.06,0,1059.37,2024,12,December,Thursday,9568.95,8612.055
2024-12-19,ORD019776,CUST01940,P018,Jacket,Fashion,Ahmedabad,Store,UPI,1,4776.41,0.05,4776.41,4537.59,0,365.33,2024,12,December,Thursday,4776.41,4537.5895
2024-12-19,ORD025163,CUST03474,P001,Laptop,Electronics,Jaipur,Store,Cash,1,64526.52,0.1,64526.52,58073.87,0,11758.37,2024,12,December,Thursday,64526.52,58073.867999999995
2024-12-19,ORD033439,CUST00620,P010,Coffee Maker,Home,Bengaluru,Store,UPI,2,5578.16,0.0,11156.32,11156.32,0,1177.16,2024,12,December,Thursday,11156.32,11156.32
2024-12-19,ORD013403,CUST00980,P018,Jacket,Fashion,Jaipur,Online,Credit Card,1,5213.29,0.2,5213.29,4170.63,0,1049.96,2024,12,December,Thursday,5213.29,4170.6320000000005
2024-12-19,ORD012634,CUST02228,P016,Sofa,Furniture,Hyderabad,Online,Net Banking,1,37597.08,0.1,37597.08,33837.37,0,7550.87,2024,12,December,Thursday,37597.08,33837.372
2024-12-19,ORD010566,CUST03427,P019,Vacuum Cleaner,Home,Pune,Online,Net Banking,4,8319.65,0.15,33278.6,28286.81,0,5818.25,2024,12,December,Thursday,33278.6,28286.809999999998
2024-12-19,ORD040601,CUST00651,P019,Vacuum Cleaner,Home,Mumbai,Online,UPI,4,8930.07,0.1,35720.28,32148.25,0,7480.6,2024,12,December,Thursday,35720.28,32148.252
2024-12-19,ORD036846,CUST04929,P008,Running Shoes,Fashion,Delhi,Store,Net Banking,1,4275.71,0.1,4275.71,3848.14,0,786.01,2024,12,December,Thursday,4275.71,3848.139
2024-12-19,ORD040121,CUST04140,P019,Vacuum Cleaner,Home,Hyderabad,Store,UPI,1,9306.86,0.1,9306.86,8376.17,0,2071.81,2024,12,December,Thursday,9306.86,8376.174
2024-12-19,ORD046902,CUST02744,P015,Dining Table,Furniture,Surat,Online,Credit Card,2,21839.69,0.1,43679.38,39311.44,0,2431.13,2024,12,December,Thursday,43679.38,39311.441999999995
2024-12-19,ORD018304,CUST04344,P004,Smartwatch,Electronics,Chennai,Online,UPI,1,7209.57,0.1,7209.57,6488.61,0,1357.01,2024,12,December,Thursday,7209.57,6488.613
2024-12-19,ORD042997,CUST01058,P014,Keyboard,Electronics,Pune,Online,Cash,1,2436.23,0.1,2436.23,2192.61,0,410.93,2024,12,December,Thursday,2436.23,2192.607
2024-12-19,ORD032459,CUST03330,P011,Mixer Grinder,Home,Surat,Online,Credit Card,1,5258.98,0.1,5258.98,4733.08,0,408.35,2024,12,December,Thursday,5258.98,4733.081999999999
2024-12-19,ORD046829,CUST00128,P010,Coffee Maker,Home,Delhi,Store,UPI,1,5537.74,0.1,5537.74,4983.97,0,972.26,2024,12,December,Thursday,5537.74,4983.966
2024-12-19,ORD010830,CUST01406,P020,Microwave,Home,Kolkata,Store,UPI,3,10008.73,0.05,30026.19,28524.88,0,6494.22,2024,12,December,Thursday,30026.19,28524.880499999996
2024-12-19,ORD027804,CUST00248,P004,Smartwatch,Electronics,Mumbai,Store,Debit Card,5,6972.96,0.0,34864.8,34864.8,1,-1743.24,2024,12,December,Thursday,34864.8,34864.8
2024-12-19,ORD029165,CUST00725,P016,Sofa,Furniture,Chennai,Store,UPI,1,35998.37,0.1,35998.37,32398.53,0,7132.22,2024,12,December,Thursday,35998.37,32398.533000000003
2024-12-19,ORD021392,CUST01537,P006,Desk,Furniture,Chennai,Online,UPI,1,11176.38,0.1,11176.38,10058.74,0,2790.72,2024,12,December,Thursday,11176.38,10058.742
2024-12-19,ORD032804,CUST02264,P007,Backpack,Accessories,Chennai,Online,UPI,2,1984.53,0.15,3969.06,3373.7,1,-168.68,2024,12,December,Thursday,3969.06,3373.701
2024-12-19,ORD045243,CUST03382,P001,Laptop,Electronics,Bengaluru,Online,Credit Card,1,58971.2,0.0,58971.2,58971.2,1,-2948.56,2024,12,December,Thursday,58971.2,58971.2
2024-12-19,ORD018317,CUST00298,P006,Desk,Furniture,Kolkata,Store,UPI,2,11397.84,0.1,22795.68,20516.11,0,1848.8,2024,12,December,Thursday,22795.68,20516.112
2024-12-19,ORD018635,CUST00886,P002,Smartphone,Electronics,Pune,Store,Debit Card,1,25674.96,0.0,25674.96,25674.96,0,6682.3,2024,12,December,Thursday,25674.96,25674.96
2024-12-19,ORD009139,CUST01012,P011,Mixer Grinder,Home,Bengaluru,Online,UPI,1,5256.46,0.1,5256.46,4730.81,0,921.32,2024,12,December,Thursday,5256.46,4730.814
2024-12-19,ORD041094,CUST03057,P010,Coffee Maker,Home,Mumbai,Online,Credit Card,1,5364.64,0.0,5364.64,5364.64,0,1191.26,2024,12,December,Thursday,5364.64,5364.64
2024-12-19,ORD037687,CUST03915,P012,Air Fryer,Home,Hyderabad,Online,Credit Card,1,7784.08,0.15,7784.08,6616.47,0,1465.96,2024,12,December,Thursday,7784.08,6616.468
2024-12-19,ORD038588,CUST03609,P006,Desk,Furniture,Kolkata,Store,UPI,2,11383.69,0.1,22767.38,20490.64,1,-1024.53,2024,12,December,Thursday,22767.38,20490.642
2024-12-19,ORD015989,CUST00412,P004,Smartwatch,Electronics,Kolkata,Store,Credit Card,1,6335.92,0.1,6335.92,5702.33,0,976.88,2024,12,December,Thursday,6335.92,5702.328
2024-12-19,ORD012709,CUST00041,P008,Running Shoes,Fashion,Mumbai,Online,Cash,1,3781.1,0.05,3781.1,3592.04,0,865.85,2024,12,December,Thursday,3781.1,3592.0449999999996
2024-12-19,ORD037873,CUST00422,P019,Vacuum Cleaner,Home,Bengaluru,Online,UPI,3,8955.77,0.0,26867.31,26867.31,0,6362.63,2024,12,December,Thursday,26867.31,26867.31
2024-12-19,ORD033466,CUST04947,P019,Vacuum Cleaner,Home,Bengaluru,Online,UPI,2,9745.98,0.1,19491.96,17542.76,0,4844.68,2024,12,December,Thursday,19491.96,17542.764
2024-12-19,ORD026510,CUST00445,P015,Dining Table,Furniture,Ahmedabad,Store,Debit Card,2,21300.45,0.1,42600.9,38340.81,0,9668.92,2024,12,December,Thursday,42600.9,38340.810000000005
2024-12-19,ORD025565,CUST00506,P010,Coffee Maker,Home,Jaipur,Store,UPI,1,5861.18,0.05,5861.18,5568.12,0,631.54,2024,12,December,Thursday,5861.18,5568.121
2024-12-19,ORD005422,CUST03303,P020,Microwave,Home,Surat,Store,UPI,1,11140.53,0.25,11140.53,8355.4,0,1825.57,2024,12,December,Thursday,11140.53,8355.397500000001
2024-12-19,ORD012526,CUST00219,P013,Monitor,Electronics,Pune,Online,UPI,1,19074.47,0.15,19074.47,16213.3,0,1559.14,2024,12,December,Thursday,19074.47,16213.299500000001
2024-12-20,ORD021153,CUST04523,P007,Backpack,Accessories,Mumbai,Online,Credit Card,1,2343.21,0.0,2343.21,2343.21,1,-117.16,2024,12,December,Friday,2343.21,2343.21
2024-12-20,ORD025406,CUST04878,P014,Keyboard,Electronics,Jaipur,Online,UPI,2,2516.98,0.15,5033.96,4278.87,0,827.24,2024,12,December,Friday,5033.96,4278.866
2024-12-20,ORD049391,CUST04399,P018,Jacket,Fashion,Kolkata,Store,UPI,1,5502.64,0.15,5502.64,4677.24,0,1106.04,2024,12,December,Friday,5502.64,4677.244000000001
2024-12-20,ORD034581,CUST03174,P003,Headphones,Electronics,Pune,Online,Credit Card,1,4441.89,0.05,4441.89,4219.8,0,522.96,2024,12,December,Friday,4441.89,4219.7955
2024-12-20,ORD002852,CUST04946,P014,Keyboard,Electronics,Chennai,Online,UPI,3,2516.06,0.0,7548.18,7548.18,0,1309.63,2024,12,December,Friday,7548.18,7548.18
2024-12-20,ORD015521,CUST01482,P005,Office Chair,Furniture,Ahmedabad,Store,UPI,1,9247.98,0.1,9247.98,8323.18,0,1208.83,2024,12,December,Friday,9247.98,8323.182
2024-12-20,ORD044052,CUST03020,P014,Keyboard,Electronics,Jaipur,Online,Debit Card,3,2691.35,0.05,8074.05,7670.35,0,1869.29,2024,12,December,Friday,8074.049999999999,7670.3475
2024-12-20,ORD011356,CUST01743,P003,Headphones,Electronics,Delhi,Store,UPI,1,4715.76,0.15,4715.76,4008.4,0,521.71,2024,12,December,Friday,4715.76,4008.396
2024-12-20,ORD001648,CUST01481,P016,Sofa,Furniture,Bengaluru,Online,UPI,1,33798.5,0.15,33798.5,28728.72,0,7226.8,2024,12,December,Friday,33798.5,28728.725
2024-12-20,ORD014353,CUST01820,P001,Laptop,Electronics,Delhi,Online,Debit Card,2,63597.15,0.0,127194.3,127194.3,0,12088.02,2024,12,December,Friday,127194.3,127194.3
2024-12-20,ORD038644,CUST03750,P010,Coffee Maker,Home,Pune,Online,UPI,1,5988.18,0.15,5988.18,5089.95,0,1134.17,2024,12,December,Friday,5988.18,5089.953
2024-12-20,ORD004921,CUST02053,P014,Keyboard,Electronics,Hyderabad,Online,Cash,1,2709.01,0.05,2709.01,2573.56,0,440.01,2024,12,December,Friday,2709.01,2573.5595000000003
2024-12-20,ORD030984,CUST04275,P016,Sofa,Furniture,Chennai,Online,UPI,1,38181.85,0.05,38181.85,36272.76,0,8895.64,2024,12,December,Friday,38181.85,36272.7575
2024-12-20,ORD032800,CUST00626,P001,Laptop,Electronics,Mumbai,Online,Credit Card,1,67759.84,0.1,67759.84,60983.86,0,14748.65,2024,12,December,Friday,67759.84,60983.856
2024-12-20,ORD018547,CUST02912,P004,Smartwatch,Electronics,Hyderabad,Online,Net Banking,2,6966.72,0.15,13933.44,11843.42,0,887.56,2024,12,December,Friday,13933.44,11843.424
2024-12-20,ORD018952,CUST04087,P019,Vacuum Cleaner,Home,Jaipur,Online,UPI,2,8999.36,0.25,17998.72,13499.04,0,3063.79,2024,12,December,Friday,17998.72,13499.04
2024-12-20,ORD038316,CUST01564,P008,Running Shoes,Fashion,Mumbai,Store,Credit Card,1,4080.99,0.1,4080.99,3672.89,0,457.7,2024,12,December,Friday,4080.99,3672.891
2024-12-20,ORD012162,CUST01599,P014,Keyboard,Electronics,Pune,Online,Credit Card,1,2746.34,0.0,2746.34,2746.34,1,-137.32,2024,12,December,Friday,2746.34,2746.34
2024-12-20,ORD004940,CUST03382,P012,Air Fryer,Home,Hyderabad,Store,UPI,1,7415.97,0.05,7415.97,7045.17,0,1009.08,2024,12,December,Friday,7415.97,7045.1714999999995
2024-12-20,ORD024442,CUST01174,P008,Running Shoes,Fashion,Hyderabad,Online,Credit Card,1,4056.55,0.1,4056.55,3650.9,0,732.1,2024,12,December,Friday,4056.55,3650.8950000000004
2024-12-20,ORD011371,CUST03161,P015,Dining Table,Furniture,Chennai,Store,Debit Card,2,23352.76,0.1,46705.52,42034.97,0,6798.77,2024,12,December,Friday,46705.52,42034.968
2024-12-20,ORD042559,CUST01225,P012,Air Fryer,Home,Ahmedabad,Online,Credit Card,3,7317.47,0.05,21952.41,20854.79,0,2667.25,2024,12,December,Friday,21952.41,20854.7895
2024-12-20,ORD034799,CUST01417,P005,Office Chair,Furniture,Pune,Online,UPI,1,9160.49,0.25,9160.49,6870.37,0,1634.02,2024,12,December,Friday,9160.49,6870.3675
2024-12-20,ORD038202,CUST02574,P014,Keyboard,Electronics,Bengaluru,Store,Net Banking,1,2662.62,0.15,2662.62,2263.23,0,190.89,2024,12,December,Friday,2662.62,2263.227
2024-12-20,ORD025856,CUST01181,P009,T-Shirt,Fashion,Kolkata,Store,UPI,1,1297.43,0.0,1297.43,1297.43,0,192.32,2024,12,December,Friday,1297.43,1297.43
2024-12-20,ORD029258,CUST01700,P010,Coffee Maker,Home,Surat,Online,Credit Card,2,5740.62,0.25,11481.24,8610.93,0,1162.41,2024,12,December,Friday,11481.24,8610.93
2024-12-20,ORD024569,CUST04194,P006,Desk,Furniture,Mumbai,Store,Credit Card,2,11320.39,0.1,22640.78,20376.7,0,5062.9,2024,12,December,Friday,22640.78,20376.702
2024-12-20,ORD003251,CUST03369,P003,Headphones,Electronics,Hyderabad,Online,UPI,1,4743.71,0.25,4743.71,3557.78,0,837.94,2024,12,December,Friday,4743.71,3557.7825000000003
2024-12-20,ORD016426,CUST02967,P010,Coffee Maker,Home,Mumbai,Online,Credit Card,1,5822.39,0.05,5822.39,5531.27,0,1255.64,2024,12,December,Friday,5822.39,5531.2705
2024-12-20,ORD033828,CUST02035,P008,Running Shoes,Fashion,Jaipur,Store,UPI,1,4197.8,0.1,4197.8,3778.02,0,327.41,2024,12,December,Friday,4197.8,3778.0200000000004
2024-12-20,ORD022494,CUST03204,P005,Office Chair,Furniture,Pune,Store,UPI,2,9523.8,0.1,19047.6,17142.84,0,4438.86,2024,12,December,Friday,19047.6,17142.84
2024-12-20,ORD019686,CUST01139,P006,Desk,Furniture,Hyderabad,Online,Net Banking,1,11629.36,0.1,11629.36,10466.42,0,2570.54,2024,12,December,Friday,11629.36,10466.424
2024-12-20,ORD009951,CUST04277,P002,Smartphone,Electronics,Chennai,Online,Credit Card,2,29975.53,0.0,59951.06,59951.06,0,10060.89,2024,12,December,Friday,59951.06,59951.06
2024-12-20,ORD011671,CUST01433,P003,Headphones,Electronics,Chennai,Online,UPI,1,4449.57,0.15,4449.57,3782.13,0,1001.07,2024,12,December,Friday,4449.57,3782.1344999999997
2024-12-20,ORD031526,CUST02605,P015,Dining Table,Furniture,Delhi,Online,UPI,1,23895.69,0.15,23895.69,20311.34,0,2913.93,2024,12,December,Friday,23895.69,20311.336499999998
2024-12-20,ORD031531,CUST00029,P009,T-Shirt,Fashion,Surat,Store,Cash,2,1165.51,0.05,2331.02,2214.47,0,518.64,2024,12,December,Friday,2331.02,2214.469
2024-12-20,ORD007476,CUST02782,P016,Sofa,Furniture,Delhi,Online,UPI,1,35425.22,0.1,35425.22,31882.7,0,7816.82,2024,12,December,Friday,35425.22,31882.698
2024-12-20,ORD049425,CUST01850,P018,Jacket,Fashion,Delhi,Store,UPI,1,5509.73,0.0,5509.73,5509.73,0,680.42,2024,12,December,Friday,5509.73,5509.73
2024-12-20,ORD008537,CUST03256,P004,Smartwatch,Electronics,Ahmedabad,Online,UPI,3,6912.73,0.05,20738.19,19701.28,0,3860.75,2024,12,December,Friday,20738.19,19701.280499999997
2024-12-20,ORD011686,CUST04998,P018,Jacket,Fashion,Surat,Store,Credit Card,1,5323.75,0.2,5323.75,4259.0,0,931.83,2024,12,December,Friday,5323.75,4259.0
2024-12-20,ORD005405,CUST04004,P002,Smartphone,Electronics,Ahmedabad,Online,UPI,1,28847.14,0.0,28847.14,28847.14,0,7567.96,2024,12,December,Friday,28847.14,28847.14
2024-12-20,ORD008760,CUST00564,P005,Office Chair,Furniture,Bengaluru,Store,UPI,1,8900.11,0.15,8900.11,7565.09,0,1827.08,2024,12,December,Friday,8900.11,7565.0935
2024-12-20,ORD029274,CUST01565,P008,Running Shoes,Fashion,Delhi,Store,UPI,1,4099.18,0.05,4099.18,3894.22,0,992.89,2024,12,December,Friday,4099.18,3894.221
2024-12-20,ORD011744,CUST02122,P002,Smartphone,Electronics,Pune,Store,Credit Card,1,25552.97,0.15,25552.97,21720.02,0,1930.38,2024,12,December,Friday,25552.97,21720.0245
2024-12-20,ORD011991,CUST04009,P013,Monitor,Electronics,Jaipur,Online,Credit Card,1,17292.61,0.2,17292.61,13834.09,0,1124.44,2024,12,December,Friday,17292.61,13834.088000000002
2024-12-20,ORD036812,CUST00724,P002,Smartphone,Electronics,Chennai,Online,Credit Card,1,25662.57,0.1,25662.57,23096.31,0,5015.26,2024,12,December,Friday,25662.57,23096.313000000002
2024-12-20,ORD045910,CUST02138,P020,Microwave,Home,Delhi,Online,Credit Card,4,11570.49,0.15,46281.96,39339.67,0,8986.45,2024,12,December,Friday,46281.96,39339.666
2024-12-20,ORD029367,CUST03840,P018,Jacket,Fashion,Pune,Online,Debit Card,1,4806.55,0.15,4806.55,4085.57,0,721.53,2024,12,December,Friday,4806.55,4085.5675
2024-12-20,ORD045237,CUST00212,P009,T-Shirt,Fashion,Bengaluru,Store,Cash,2,1253.91,0.05,2507.82,2382.43,0,369.16,2024,12,December,Friday,2507.82,2382.429
2024-12-20,ORD017454,CUST00317,P008,Running Shoes,Fashion,Hyderabad,Online,Credit Card,1,4235.07,0.0,4235.07,4235.07,0,411.5,2024,12,December,Friday,4235.07,4235.07
2024-12-20,ORD040816,CUST03913,P010,Coffee Maker,Home,Ahmedabad,Store,Credit Card,2,5115.56,0.1,10231.12,9208.01,0,1516.23,2024,12,December,Friday,10231.12,9208.008000000002
2024-12-20,ORD041641,CUST04544,P005,Office Chair,Furniture,Delhi,Store,Debit Card,1,8726.86,0.1,8726.86,7854.17,0,969.48,2024,12,December,Friday,8726.86,7854.174000000001
2024-12-20,ORD041451,CUST00596,P016,Sofa,Furniture,Chennai,Online,UPI,1,33482.49,0.0,33482.49,33482.49,0,5438.99,2024,12,December,Friday,33482.49,33482.49
2024-12-20,ORD041642,CUST02227,P003,Headphones,Electronics,Bengaluru,Online,Debit Card,1,4577.27,0.0,4577.27,4577.27,0,1151.85,2024,12,December,Friday,4577.27,4577.27
2024-12-20,ORD030989,CUST04404,P010,Coffee Maker,Home,Hyderabad,Online,UPI,3,5403.2,0.2,16209.6,12967.68,0,3026.26,2024,12,December,Friday,16209.599999999999,12967.68
2024-12-20,ORD022772,CUST02446,P017,Jeans,Fashion,Kolkata,Online,Credit Card,3,2816.22,0.0,8448.66,8448.66,1,-422.43,2024,12,December,Friday,8448.66,8448.66
2024-12-20,ORD004405,CUST03396,P017,Jeans,Fashion,Surat,Store,UPI,2,2585.81,0.2,5171.62,4137.3,0,780.95,2024,12,December,Friday,5171.62,4137.296
2024-12-20,ORD020677,CUST00477,P003,Headphones,Electronics,Surat,Online,UPI,1,4256.08,0.05,4256.08,4043.28,0,955.91,2024,12,December,Friday,4256.08,4043.276
2024-12-20,ORD045669,CUST01455,P004,Smartwatch,Electronics,Hyderabad,Store,UPI,2,7305.67,0.1,14611.34,13150.21,0,2296.79,2024,12,December,Friday,14611.34,13150.206
2024-12-20,ORD005347,CUST01131,P010,Coffee Maker,Home,Delhi,Online,Debit Card,2,5181.72,0.15,10363.44,8808.92,0,1841.0,2024,12,December,Friday,10363.44,8808.924
2024-12-20,ORD044393,CUST04896,P020,Microwave,Home,Surat,Online,UPI,1,11769.07,0.1,11769.07,10592.16,0,2581.25,2024,12,December,Friday,11769.07,10592.163
2024-12-20,ORD004279,CUST00522,P019,Vacuum Cleaner,Home,Mumbai,Online,UPI,1,8300.9,0.1,8300.9,7470.81,0,663.83,2024,12,December,Friday,8300.9,7470.8099999999995
2024-12-20,ORD033927,CUST01354,P014,Keyboard,Electronics,Surat,Store,Credit Card,1,2294.15,0.1,2294.15,2064.74,0,546.74,2024,12,December,Friday,2294.15,2064.735
2024-12-20,ORD047242,CUST04710,P002,Smartphone,Electronics,Jaipur,Online,Debit Card,2,26929.2,0.15,53858.4,45779.64,0,8649.13,2024,12,December,Friday,53858.4,45779.64
2024-12-20,ORD021039,CUST04811,P003,Headphones,Electronics,Mumbai,Online,Net Banking,1,4088.45,0.05,4088.45,3884.03,0,406.76,2024,12,December,Friday,4088.45,3884.0274999999997
2024-12-20,ORD045314,CUST00764,P014,Keyboard,Electronics,Pune,Store,Net Banking,1,2733.34,0.1,2733.34,2460.01,0,537.59,2024,12,December,Friday,2733.34,2460.0060000000003
2024-12-20,ORD033234,CUST01841,P020,Microwave,Home,Kolkata,Online,UPI,1,11050.72,0.15,11050.72,9393.11,0,1165.44,2024,12,December,Friday,11050.72,9393.112
2024-12-20,ORD045569,CUST03713,P002,Smartphone,Electronics,Jaipur,Online,Net Banking,1,28953.57,0.25,28953.57,21715.18,0,5063.03,2024,12,December,Friday,28953.57,21715.177499999998
2024-12-20,ORD037248,CUST03342,P018,Jacket,Fashion,Pune,Store,Debit Card,3,4816.96,0.05,14450.88,13728.34,0,1018.96,2024,12,December,Friday,14450.880000000001,13728.336
2024-12-20,ORD021998,CUST02030,P010,Coffee Maker,Home,Delhi,Store,UPI,1,5798.6,0.25,5798.6,4348.95,1,-217.45,2024,12,December,Friday,5798.6,4348.950000000001
2024-12-20,ORD010011,CUST01671,P003,Headphones,Electronics,Kolkata,Online,Credit Card,2,4266.27,0.0,8532.54,8532.54,0,2028.55,2024,12,December,Friday,8532.54,8532.54
2024-12-20,ORD039334,CUST02330,P009,T-Shirt,Fashion,Chennai,Online,Debit Card,1,1195.35,0.0,1195.35,1195.35,0,109.36,2024,12,December,Friday,1195.35,1195.35
2024-12-20,ORD027330,CUST00271,P009,T-Shirt,Fashion,Kolkata,Online,Credit Card,1,1139.46,0.1,1139.46,1025.51,0,134.64,2024,12,December,Friday,1139.46,1025.5140000000001
2024-12-21,ORD000653,CUST04312,P020,Microwave,Home,Chennai,Store,Debit Card,1,10944.39,0.1,10944.39,9849.95,0,2364.88,2024,12,December,Saturday,10944.39,9849.951
2024-12-21,ORD017404,CUST01727,P010,Coffee Maker,Home,Mumbai,Store,UPI,1,5642.45,0.05,5642.45,5360.33,0,539.35,2024,12,December,Saturday,5642.45,5360.327499999999
2024-12-21,ORD013760,CUST04132,P007,Backpack,Accessories,Ahmedabad,Online,Net Banking,1,2309.74,0.1,2309.74,2078.77,0,214.33,2024,12,December,Saturday,2309.74,2078.766
2024-12-21,ORD001920,CUST02665,P019,Vacuum Cleaner,Home,Delhi,Online,UPI,1,8276.57,0.05,8276.57,7862.74,1,-393.14,2024,12,December,Saturday,8276.57,7862.741499999999
2024-12-21,ORD043228,CUST01536,P014,Keyboard,Electronics,Surat,Online,UPI,2,2263.37,0.0,4526.74,4526.74,0,790.3,2024,12,December,Saturday,4526.74,4526.74
2024-12-21,ORD030504,CUST03192,P016,Sofa,Furniture,Surat,Store,UPI,1,34623.51,0.05,34623.51,32892.33,0,8574.34,2024,12,December,Saturday,34623.51,32892.3345
2024-12-21,ORD043591,CUST02180,P007,Backpack,Accessories,Bengaluru,Online,Credit Card,2,2274.27,0.1,4548.54,4093.69,0,1121.31,2024,12,December,Saturday,4548.54,4093.686
2024-12-21,ORD020408,CUST02989,P002,Smartphone,Electronics,Bengaluru,Store,UPI,2,30255.9,0.0,60511.8,60511.8,0,6542.61,2024,12,December,Saturday,60511.8,60511.8
2024-12-21,ORD004520,CUST02986,P004,Smartwatch,Electronics,Pune,Online,Credit Card,1,7572.11,0.2,7572.11,6057.69,0,258.96,2024,12,December,Saturday,7572.11,6057.688
2024-12-21,ORD020395,CUST00331,P007,Backpack,Accessories,Pune,Online,Credit Card,1,2194.49,0.15,2194.49,1865.32,0,347.41,2024,12,December,Saturday,2194.49,1865.3164999999997
2024-12-21,ORD029536,CUST03005,P006,Desk,Furniture,Delhi,Store,Credit Card,2,12581.56,0.15,25163.12,21388.65,0,3717.65,2024,12,December,Saturday,25163.12,21388.652
2024-12-21,ORD015213,CUST02188,P008,Running Shoes,Fashion,Ahmedabad,Store,UPI,2,4457.49,0.0,8914.98,8914.98,0,2389.73,2024,12,December,Saturday,8914.98,8914.98
2024-12-21,ORD043723,CUST04339,P017,Jeans,Fashion,Mumbai,Online,UPI,3,3012.66,0.1,9037.98,8134.18,0,1971.43,2024,12,December,Saturday,9037.98,8134.182
2024-12-21,ORD045536,CUST04889,P017,Jeans,Fashion,Jaipur,Online,Credit Card,1,2793.41,0.25,2793.41,2095.06,0,312.95,2024,12,December,Saturday,2793.41,2095.0575
2024-12-21,ORD032060,CUST00313,P016,Sofa,Furniture,Kolkata,Online,Debit Card,2,37672.16,0.05,75344.32,71577.1,0,13409.92,2024,12,December,Saturday,75344.32,71577.104
2024-12-21,ORD042995,CUST01079,P007,Backpack,Accessories,Ahmedabad,Online,Net Banking,1,2263.59,0.05,2263.59,2150.41,0,595.81,2024,12,December,Saturday,2263.59,2150.4105
2024-12-21,ORD040307,CUST03077,P006,Desk,Furniture,Surat,Online,UPI,1,12232.58,0.1,12232.58,11009.32,0,2001.72,2024,12,December,Saturday,12232.58,11009.322
2024-12-21,ORD003265,CUST03356,P010,Coffee Maker,Home,Hyderabad,Online,Net Banking,2,5690.26,0.2,11380.52,9104.42,0,709.68,2024,12,December,Saturday,11380.52,9104.416000000001
2024-12-21,ORD017092,CUST04870,P011,Mixer Grinder,Home,Surat,Online,Net Banking,3,4932.55,0.15,14797.65,12578.0,0,2502.57,2024,12,December,Saturday,14797.650000000001,12578.002499999999
2024-12-21,ORD042167,CUST04850,P018,Jacket,Fashion,Kolkata,Online,Credit Card,1,5718.83,0.05,5718.83,5432.89,0,1480.48,2024,12,December,Saturday,5718.83,5432.8885
2024-12-21,ORD029242,CUST02746,P004,Smartwatch,Electronics,Surat,Online,Cash,1,6966.33,0.1,6966.33,6269.7,0,1420.13,2024,12,December,Saturday,6966.33,6269.697
2024-12-21,ORD044260,CUST03610,P013,Monitor,Electronics,Ahmedabad,Online,UPI,1,19255.5,0.2,19255.5,15404.4,0,2155.94,2024,12,December,Saturday,19255.5,15404.400000000001
2024-12-21,ORD019256,CUST01877,P002,Smartphone,Electronics,Pune,Online,UPI,1,30189.44,0.15,30189.44,25661.02,0,5477.89,2024,12,December,Saturday,30189.44,25661.023999999998
2024-12-21,ORD031102,CUST02376,P003,Headphones,Electronics,Surat,Store,UPI,1,4441.16,0.05,4441.16,4219.1,1,-210.96,2024,12,December,Saturday,4441.16,4219.102
2024-12-21,ORD048514,CUST04929,P020,Microwave,Home,Delhi,Online,Credit Card,1,11680.78,0.1,11680.78,10512.7,0,1700.61,2024,12,December,Saturday,11680.78,10512.702000000001
2024-12-21,ORD044609,CUST02440,P015,Dining Table,Furniture,Kolkata,Online,UPI,2,19969.03,0.25,39938.06,29953.54,0,5089.15,2024,12,December,Saturday,39938.06,29953.545
2024-12-21,ORD003122,CUST04292,P003,Headphones,Electronics,Hyderabad,Online,UPI,1,4251.74,0.05,4251.74,4039.15,0,455.19,2024,12,December,Saturday,4251.74,4039.153
2024-12-21,ORD030898,CUST03571,P007,Backpack,Accessories,Ahmedabad,Online,UPI,1,2256.46,0.0,2256.46,2256.46,0,264.47,2024,12,December,Saturday,2256.46,2256.46
2024-12-21,ORD044623,CUST02991,P016,Sofa,Furniture,Kolkata,Store,Credit Card,1,32448.03,0.0,32448.03,32448.03,0,5732.34,2024,12,December,Saturday,32448.03,32448.03
2024-12-21,ORD012581,CUST02008,P016,Sofa,Furniture,Ahmedabad,Online,UPI,1,36697.42,0.15,36697.42,31192.81,0,8414.56,2024,12,December,Saturday,36697.42,31192.806999999997
2024-12-21,ORD044152,CUST00643,P012,Air Fryer,Home,Surat,Online,UPI,1,6975.71,0.2,6975.71,5580.57,0,467.64,2024,12,December,Saturday,6975.71,5580.568
2024-12-21,ORD007908,CUST00821,P001,Laptop,Electronics,Ahmedabad,Online,UPI,1,69185.42,0.0,69185.42,69185.42,0,10638.38,2024,12,December,Saturday,69185.42,69185.42
2024-12-21,ORD029816,CUST00408,P010,Coffee Maker,Home,Jaipur,Online,Debit Card,2,5564.63,0.0,11129.26,11129.26,0,1587.79,2024,12,December,Saturday,11129.26,11129.26
2024-12-21,ORD041104,CUST02888,P016,Sofa,Furniture,Mumbai,Online,UPI,1,36463.89,0.05,36463.89,34640.7,0,2736.04,2024,12,December,Saturday,36463.89,34640.695499999994
2024-12-21,ORD048821,CUST00320,P005,Office Chair,Furniture,Surat,Online,UPI,3,10078.34,0.05,30235.02,28723.27,0,6441.78,2024,12,December,Saturday,30235.02,28723.269
2024-12-21,ORD025046,CUST03923,P012,Air Fryer,Home,Chennai,Store,Cash,1,7301.51,0.2,7301.51,5841.21,0,951.63,2024,12,December,Saturday,7301.51,5841.2080000000005
2024-12-21,ORD040627,CUST04378,P007,Backpack,Accessories,Mumbai,Online,Net Banking,4,2082.54,0.15,8330.16,7080.64,0,602.43,2024,12,December,Saturday,8330.16,7080.6359999999995
2024-12-21,ORD012646,CUST03190,P018,Jacket,Fashion,Bengaluru,Store,Net Banking,2,4716.22,0.05,9432.44,8960.82,0,1541.71,2024,12,December,Saturday,9432.44,8960.818
2024-12-21,ORD024971,CUST03214,P005,Office Chair,Furniture,Jaipur,Store,UPI,1,10026.67,0.05,10026.67,9525.34,0,962.67,2024,12,December,Saturday,10026.67,9525.3365
2024-12-21,ORD030635,CUST03932,P020,Microwave,Home,Surat,Store,Credit Card,1,12094.19,0.15,12094.19,10280.06,0,1390.23,2024,12,December,Saturday,12094.19,10280.0615
2024-12-21,ORD039148,CUST03464,P013,Monitor,Electronics,Hyderabad,Online,UPI,1,18500.87,0.1,18500.87,16650.78,0,2542.25,2024,12,December,Saturday,18500.87,16650.783
2024-12-21,ORD029378,CUST04592,P016,Sofa,Furniture,Pune,Online,Credit Card,1,36711.98,0.1,36711.98,33040.78,0,8453.57,2024,12,December,Saturday,36711.98,33040.78200000001
2024-12-21,ORD004566,CUST03451,P009,T-Shirt,Fashion,Chennai,Online,Credit Card,1,1187.52,0.05,1187.52,1128.14,0,125.87,2024,12,December,Saturday,1187.52,1128.144
2024-12-21,ORD012174,CUST04022,P014,Keyboard,Electronics,Mumbai,Store,Credit Card,1,2537.54,0.2,2537.54,2030.03,0,144.44,2024,12,December,Saturday,2537.54,2030.0320000000002
2024-12-21,ORD046163,CUST02100,P002,Smartphone,Electronics,Ahmedabad,Online,UPI,2,28700.55,0.15,57401.1,48790.94,0,4582.16,2024,12,December,Saturday,57401.1,48790.935
2024-12-21,ORD023453,CUST01036,P004,Smartwatch,Electronics,Jaipur,Store,Debit Card,1,6481.19,0.15,6481.19,5509.01,0,1179.02,2024,12,December,Saturday,6481.19,5509.0115
2024-12-21,ORD022898,CUST02870,P017,Jeans,Fashion,Hyderabad,Store,Credit Card,2,2733.69,0.05,5467.38,5194.01,0,1188.04,2024,12,December,Saturday,5467.38,5194.0109999999995
2024-12-21,ORD004917,CUST01089,P015,Dining Table,Furniture,Ahmedabad,Online,Credit Card,2,23025.32,0.1,46050.64,41445.58,0,11437.44,2024,12,December,Saturday,46050.64,41445.576
2024-12-21,ORD007037,CUST01865,P016,Sofa,Furniture,Surat,Store,Net Banking,1,31647.11,0.1,31647.11,28482.4,0,7547.62,2024,12,December,Saturday,31647.11,28482.399
2024-12-21,ORD026697,CUST04364,P004,Smartwatch,Electronics,Jaipur,Store,UPI,1,7547.54,0.05,7547.54,7170.16,0,1517.91,2024,12,December,Saturday,7547.54,7170.163
2024-12-21,ORD001448,CUST00071,P019,Vacuum Cleaner,Home,Chennai,Online,Credit Card,1,9552.37,0.15,9552.37,8119.51,0,887.15,2024,12,December,Saturday,9552.37,8119.5145
2024-12-21,ORD021867,CUST01215,P020,Microwave,Home,Ahmedabad,Online,Debit Card,5,10814.12,0.1,54070.6,48663.54,0,11320.44,2024,12,December,Saturday,54070.600000000006,48663.54
2024-12-21,ORD005864,CUST04039,P008,Running Shoes,Fashion,Surat,Online,Net Banking,1,3920.28,0.05,3920.28,3724.27,0,832.39,2024,12,December,Saturday,3920.28,3724.266
2024-12-21,ORD015975,CUST03806,P005,Office Chair,Furniture,Hyderabad,Store,Credit Card,1,10179.17,0.05,10179.17,9670.21,0,1432.21,2024,12,December,Saturday,10179.17,9670.2115
2024-12-21,ORD021828,CUST00449,P011,Mixer Grinder,Home,Ahmedabad,Store,UPI,1,4704.52,0.1,4704.52,4234.07,0,1060.86,2024,12,December,Saturday,4704.52,4234.068
2024-12-21,ORD005861,CUST02374,P010,Coffee Maker,Home,Chennai,Store,Credit Card,4,5821.54,0.05,23286.16,22121.85,0,3243.85,2024,12,December,Saturday,23286.16,22121.852
2024-12-21,ORD036141,CUST00869,P005,Office Chair,Furniture,Jaipur,Online,UPI,1,10055.18,0.05,10055.18,9552.42,0,1772.82,2024,12,December,Saturday,10055.18,9552.421
2024-12-21,ORD028469,CUST00596,P002,Smartphone,Electronics,Ahmedabad,Store,Debit Card,2,30652.61,0.1,61305.22,55174.7,0,4935.25,2024,12,December,Saturday,61305.22,55174.698000000004
2024-12-21,ORD033356,CUST00551,P004,Smartwatch,Electronics,Bengaluru,Online,UPI,2,7530.01,0.1,15060.02,13554.02,0,3692.33,2024,12,December,Saturday,15060.02,13554.018
2024-12-21,ORD047502,CUST03007,P001,Laptop,Electronics,Surat,Store,Credit Card,1,58773.31,0.1,58773.31,52895.98,0,7714.6,2024,12,December,Saturday,58773.31,52895.979
2024-12-21,ORD027543,CUST04053,P018,Jacket,Fashion,Ahmedabad,Store,Credit Card,4,5425.03,0.25,21700.12,16275.09,0,3544.54,2024,12,December,Saturday,21700.12,16275.09
2024-12-21,ORD015126,CUST01194,P012,Air Fryer,Home,Surat,Online,Credit Card,1,6753.25,0.1,6753.25,6077.92,0,460.51,2024,12,December,Saturday,6753.25,6077.925
2024-12-21,ORD049889,CUST01052,P007,Backpack,Accessories,Jaipur,Online,UPI,1,2144.65,0.0,2144.65,2144.65,0,252.78,2024,12,December,Saturday,2144.65,2144.65
2024-12-21,ORD049895,CUST01399,P001,Laptop,Electronics,Mumbai,Store,UPI,3,69313.33,0.05,207939.99,197542.99,0,27327.8,2024,12,December,Saturday,207939.99,197542.99049999999
2024-12-21,ORD023578,CUST02774,P013,Monitor,Electronics,Hyderabad,Online,Net Banking,2,19360.35,0.15,38720.7,32912.59,0,3718.96,2024,12,December,Saturday,38720.7,32912.594999999994
2024-12-21,ORD000115,CUST04287,P001,Laptop,Electronics,Hyderabad,Online,Cash,1,62842.12,0.0,62842.12,62842.12,0,17886.12,2024,12,December,Saturday,62842.12,62842.12
2024-12-21,ORD049722,CUST00045,P014,Keyboard,Electronics,Pune,Store,Debit Card,1,2467.26,0.15,2467.26,2097.17,0,116.26,2024,12,December,Saturday,2467.26,2097.1710000000003
2024-12-21,ORD016967,CUST02054,P008,Running Shoes,Fashion,Surat,Online,Credit Card,1,3999.28,0.15,3999.28,3399.39,0,816.06,2024,12,December,Saturday,3999.28,3399.388
2024-12-21,ORD007021,CUST04619,P020,Microwave,Home,Delhi,Online,UPI,2,10670.09,0.05,21340.18,20273.17,0,1673.18,2024,12,December,Saturday,21340.18,20273.171
2024-12-21,ORD016499,CUST03560,P009,T-Shirt,Fashion,Chennai,Store,Credit Card,1,1162.09,0.0,1162.09,1162.09,0,208.21,2024,12,December,Saturday,1162.09,1162.09
2024-12-21,ORD006903,CUST03173,P019,Vacuum Cleaner,Home,Chennai,Store,Credit Card,1,8204.15,0.05,8204.15,7793.94,0,1915.23,2024,12,December,Saturday,8204.15,7793.942499999999
2024-12-21,ORD016511,CUST04013,P002,Smartphone,Electronics,Jaipur,Online,Debit Card,1,26609.35,0.1,26609.35,23948.42,0,5998.69,2024,12,December,Saturday,26609.35,23948.415
2024-12-21,ORD035629,CUST00918,P012,Air Fryer,Home,Jaipur,Online,Cash,2,7425.34,0.1,14850.68,13365.61,0,1268.16,2024,12,December,Saturday,14850.68,13365.612000000001
2024-12-21,ORD022469,CUST03770,P004,Smartwatch,Electronics,Hyderabad,Online,UPI,4,7145.54,0.1,28582.16,25723.94,0,2309.74,2024,12,December,Saturday,28582.16,25723.944
2024-12-21,ORD015813,CUST01438,P005,Office Chair,Furniture,Kolkata,Online,Credit Card,1,10070.01,0.15,10070.01,8559.51,0,505.67,2024,12,December,Saturday,10070.01,8559.5085
2024-12-21,ORD014985,CUST04071,P015,Dining Table,Furniture,Mumbai,Online,UPI,1,23254.86,0.1,23254.86,20929.37,0,4559.42,2024,12,December,Saturday,23254.86,20929.374
2024-12-21,ORD034103,CUST00466,P002,Smartphone,Electronics,Surat,Store,Credit Card,1,25795.09,0.25,25795.09,19346.32,0,3884.64,2024,12,December,Saturday,25795.09,19346.3175
2024-12-21,ORD038424,CUST03533,P007,Backpack,Accessories,Kolkata,Store,UPI,2,2106.04,0.1,4212.08,3790.87,0,568.25,2024,12,December,Saturday,4212.08,3790.872
2024-12-21,ORD000783,CUST01495,P004,Smartwatch,Electronics,Kolkata,Online,Credit Card,2,7179.96,0.0,14359.92,14359.92,0,1448.77,2024,12,December,Saturday,14359.92,14359.92
2024-12-21,ORD005157,CUST04968,P009,T-Shirt,Fashion,Ahmedabad,Online,UPI,2,1258.95,0.2,2517.9,2014.32,0,176.16,2024,12,December,Saturday,2517.9,2014.3200000000002
2024-12-21,ORD015702,CUST03909,P010,Coffee Maker,Home,Surat,Online,Credit Card,1,5646.33,0.15,5646.33,4799.38,0,1241.02,2024,12,December,Saturday,5646.33,4799.3805
2024-12-21,ORD005461,CUST00053,P005,Office Chair,Furniture,Mumbai,Online,UPI,1,9492.03,0.15,9492.03,8068.23,0,1647.86,2024,12,December,Saturday,9492.03,8068.2255000000005
2024-12-21,ORD028172,CUST00971,P002,Smartphone,Electronics,Hyderabad,Store,Credit Card,1,28530.05,0.0,28530.05,28530.05,0,7072.4,2024,12,December,Saturday,28530.05,28530.05
2024-12-21,ORD022535,CUST02488,P005,Office Chair,Furniture,Bengaluru,Online,UPI,1,10375.24,0.0,10375.24,10375.24,0,2852.52,2024,12,December,Saturday,10375.24,10375.24
2024-12-21,ORD022088,CUST03500,P004,Smartwatch,Electronics,Hyderabad,Online,Credit Card,1,7088.74,0.05,7088.74,6734.3,0,1450.14,2024,12,December,Saturday,7088.74,6734.303
2024-12-21,ORD036582,CUST01593,P010,Coffee Maker,Home,Surat,Online,UPI,1,5310.59,0.25,5310.59,3982.94,1,-199.15,2024,12,December,Saturday,5310.59,3982.9425
2024-12-22,ORD035850,CUST04057,P017,Jeans,Fashion,Chennai,Online,UPI,2,2876.17,0.1,5752.34,5177.11,0,798.76,2024,12,December,Sunday,5752.34,5177.106000000001
2024-12-22,ORD005942,CUST01418,P003,Headphones,Electronics,Kolkata,Store,Credit Card,1,4835.93,0.15,4835.93,4110.54,0,499.18,2024,12,December,Sunday,4835.93,4110.5405
2024-12-22,ORD042155,CUST02214,P004,Smartwatch,Electronics,Delhi,Store,UPI,2,7208.57,0.15,14417.14,12254.57,0,2878.41,2024,12,December,Sunday,14417.14,12254.569
2024-12-22,ORD029571,CUST00479,P006,Desk,Furniture,Delhi,Online,Debit Card,2,11156.87,0.1,22313.74,20082.37,0,3170.59,2024,12,December,Sunday,22313.74,20082.366
2024-12-22,ORD027476,CUST04458,P002,Smartphone,Electronics,Chennai,Store,UPI,1,26069.6,0.05,26069.6,24766.12,0,2768.22,2024,12,December,Sunday,26069.6,24766.12
2024-12-22,ORD001076,CUST03005,P020,Microwave,Home,Chennai,Online,Credit Card,2,10805.92,0.1,21611.84,19450.66,0,2940.83,2024,12,December,Sunday,21611.84,19450.656
2024-12-22,ORD032600,CUST03290,P005,Office Chair,Furniture,Chennai,Online,Cash,2,10380.76,0.0,20761.52,20761.52,0,2481.59,2024,12,December,Sunday,20761.52,20761.52
2024-12-22,ORD047365,CUST02266,P017,Jeans,Fashion,Ahmedabad,Store,UPI,3,2587.34,0.2,7762.02,6209.62,0,1242.76,2024,12,December,Sunday,7762.02,6209.616000000001
2024-12-22,ORD011108,CUST02756,P007,Backpack,Accessories,Bengaluru,Online,UPI,5,2226.69,0.1,11133.45,10020.11,0,2334.82,2024,12,December,Sunday,11133.45,10020.105000000001
2024-12-22,ORD027120,CUST02065,P001,Laptop,Electronics,Chennai,Store,UPI,1,67518.84,0.05,67518.84,64142.9,0,4601.32,2024,12,December,Sunday,67518.84,64142.897999999994
2024-12-22,ORD038120,CUST02813,P011,Mixer Grinder,Home,Jaipur,Online,Credit Card,2,5278.62,0.2,10557.24,8445.79,0,2037.19,2024,12,December,Sunday,10557.24,8445.792
2024-12-22,ORD034087,CUST04766,P005,Office Chair,Furniture,Chennai,Online,UPI,1,9022.14,0.1,9022.14,8119.93,0,1900.92,2024,12,December,Sunday,9022.14,8119.9259999999995
2024-12-22,ORD046372,CUST02633,P010,Coffee Maker,Home,Pune,Online,Debit Card,2,5829.18,0.05,11658.36,11075.44,0,2366.97,2024,12,December,Sunday,11658.36,11075.442000000001
2024-12-22,ORD031083,CUST03491,P008,Running Shoes,Fashion,Hyderabad,Store,Debit Card,3,4151.67,0.1,12455.01,11209.51,0,3112.7,2024,12,December,Sunday,12455.01,11209.509
2024-12-22,ORD033255,CUST01908,P017,Jeans,Fashion,Kolkata,Store,Credit Card,4,2765.77,0.1,11063.08,9956.77,0,1995.88,2024,12,December,Sunday,11063.08,9956.772
2024-12-22,ORD037023,CUST02578,P004,Smartwatch,Electronics,Pune,Online,Credit Card,1,6759.66,0.15,6759.66,5745.71,0,549.07,2024,12,December,Sunday,6759.66,5745.710999999999
2024-12-22,ORD029761,CUST04835,P004,Smartwatch,Electronics,Surat,Online,Credit Card,1,7204.85,0.25,7204.85,5403.64,0,406.75,2024,12,December,Sunday,7204.85,5403.637500000001
2024-12-22,ORD003669,CUST04974,P002,Smartphone,Electronics,Hyderabad,Online,UPI,1,25459.87,0.1,25459.87,22913.88,0,3431.74,2024,12,December,Sunday,25459.87,22913.882999999998
2024-12-22,ORD049274,CUST02364,P003,Headphones,Electronics,Delhi,Online,Credit Card,1,4284.01,0.05,4284.01,4069.81,0,1104.57,2024,12,December,Sunday,4284.01,4069.8095
2024-12-22,ORD040969,CUST01367,P015,Dining Table,Furniture,Ahmedabad,Store,Net Banking,2,22547.42,0.1,45094.84,40585.36,0,7959.23,2024,12,December,Sunday,45094.84,40585.356
2024-12-22,ORD008734,CUST01215,P002,Smartphone,Electronics,Chennai,Store,UPI,1,28590.63,0.1,28590.63,25731.57,0,3458.33,2024,12,December,Sunday,28590.63,25731.567000000003
2024-12-22,ORD019917,CUST00442,P019,Vacuum Cleaner,Home,Ahmedabad,Online,UPI,3,8861.57,0.0,26584.71,26584.71,0,2191.65,2024,12,December,Sunday,26584.71,26584.71
2024-12-22,ORD002224,CUST02176,P006,Desk,Furniture,Hyderabad,Store,UPI,5,12060.13,0.2,60300.65,48240.52,0,4910.65,2024,12,December,Sunday,60300.649999999994,48240.520000000004
2024-12-22,ORD044708,CUST04655,P014,Keyboard,Electronics,Jaipur,Store,UPI,1,2299.85,0.1,2299.85,2069.86,0,183.57,2024,12,December,Sunday,2299.85,2069.865
2024-12-22,ORD003893,CUST00256,P003,Headphones,Electronics,Bengaluru,Online,Net Banking,1,4150.81,0.1,4150.81,3735.73,0,342.85,2024,12,December,Sunday,4150.81,3735.7290000000003
2024-12-22,ORD017628,CUST00162,P020,Microwave,Home,Hyderabad,Online,UPI,1,11648.87,0.1,11648.87,10483.98,0,1188.6,2024,12,December,Sunday,11648.87,10483.983
2024-12-22,ORD037901,CUST03921,P020,Microwave,Home,Delhi,Online,Credit Card,2,11711.28,0.15,23422.56,19909.18,0,2178.45,2024,12,December,Sunday,23422.56,19909.176
2024-12-22,ORD048161,CUST02298,P012,Air Fryer,Home,Chennai,Online,Credit Card,2,7762.41,0.1,15524.82,13972.34,0,1997.33,2024,12,December,Sunday,15524.82,13972.338
2024-12-22,ORD040781,CUST00529,P010,Coffee Maker,Home,Pune,Store,Cash,2,5671.98,0.15,11343.96,9642.37,0,1565.19,2024,12,December,Sunday,11343.96,9642.365999999998
2024-12-22,ORD007406,CUST03441,P009,T-Shirt,Fashion,Kolkata,Online,Net Banking,1,1229.05,0.2,1229.05,983.24,0,207.14,2024,12,December,Sunday,1229.05,983.24
2024-12-22,ORD045141,CUST00221,P011,Mixer Grinder,Home,Chennai,Online,Credit Card,4,5107.62,0.0,20430.48,20430.48,0,3173.24,2024,12,December,Sunday,20430.48,20430.48
2024-12-22,ORD022260,CUST04348,P009,T-Shirt,Fashion,Pune,Online,UPI,1,1217.38,0.05,1217.38,1156.51,0,326.7,2024,12,December,Sunday,1217.38,1156.511
2024-12-22,ORD007945,CUST02527,P018,Jacket,Fashion,Jaipur,Online,Debit Card,1,4985.56,0.1,4985.56,4487.0,0,531.51,2024,12,December,Sunday,4985.56,4487.004000000001
2024-12-22,ORD002326,CUST04908,P020,Microwave,Home,Surat,Online,UPI,2,10989.66,0.0,21979.32,21979.32,0,6093.82,2024,12,December,Sunday,21979.32,21979.32
2024-12-22,ORD020104,CUST01541,P017,Jeans,Fashion,Ahmedabad,Store,Net Banking,1,2590.96,0.1,2590.96,2331.86,0,464.73,2024,12,December,Sunday,2590.96,2331.864
2024-12-22,ORD015754,CUST03580,P011,Mixer Grinder,Home,Mumbai,Online,Net Banking,2,4888.45,0.1,9776.9,8799.21,0,1880.51,2024,12,December,Sunday,9776.9,8799.21
2024-12-22,ORD041913,CUST03416,P019,Vacuum Cleaner,Home,Pune,Online,Net Banking,3,8439.02,0.0,25317.06,25317.06,0,4552.96,2024,12,December,Sunday,25317.06,25317.06
2024-12-22,ORD044499,CUST03266,P007,Backpack,Accessories,Mumbai,Online,Debit Card,2,2133.79,0.1,4267.58,3840.82,0,450.23,2024,12,December,Sunday,4267.58,3840.822
2024-12-22,ORD033563,CUST04793,P007,Backpack,Accessories,Kolkata,Store,UPI,1,2341.61,0.25,2341.61,1756.21,0,420.97,2024,12,December,Sunday,2341.61,1756.2075
2024-12-22,ORD017928,CUST00015,P019,Vacuum Cleaner,Home,Surat,Online,Credit Card,1,8696.49,0.05,8696.49,8261.67,0,1742.06,2024,12,December,Sunday,8696.49,8261.6655
2024-12-22,ORD012901,CUST02237,P002,Smartphone,Electronics,Hyderabad,Online,UPI,1,27929.29,0.05,27929.29,26532.83,0,1991.15,2024,12,December,Sunday,27929.29,26532.8255
2024-12-22,ORD020858,CUST01578,P020,Microwave,Home,Surat,Store,UPI,2,10785.17,0.1,21570.34,19413.31,0,5237.25,2024,12,December,Sunday,21570.34,19413.306
2024-12-22,ORD030066,CUST00380,P005,Office Chair,Furniture,Ahmedabad,Online,UPI,1,10017.07,0.2,10017.07,8013.66,0,1870.46,2024,12,December,Sunday,10017.07,8013.656
2024-12-22,ORD033754,CUST03713,P008,Running Shoes,Fashion,Ahmedabad,Online,Credit Card,1,4140.34,0.15,4140.34,3519.29,0,760.25,2024,12,December,Sunday,4140.34,3519.289
2024-12-22,ORD028924,CUST02747,P007,Backpack,Accessories,Ahmedabad,Online,Cash,1,2411.11,0.1,2411.11,2170.0,0,583.01,2024,12,December,Sunday,2411.11,2169.9990000000003
2024-12-22,ORD007065,CUST03347,P011,Mixer Grinder,Home,Chennai,Online,UPI,3,4466.89,0.2,13400.67,10720.54,0,971.26,2024,12,December,Sunday,13400.670000000002,10720.536
2024-12-22,ORD039766,CUST02986,P017,Jeans,Fashion,Ahmedabad,Online,Credit Card,2,2639.02,0.1,5278.04,4750.24,1,-237.51,2024,12,December,Sunday,5278.04,4750.236
2024-12-22,ORD034871,CUST04124,P018,Jacket,Fashion,Chennai,Online,Credit Card,1,4995.42,0.1,4995.42,4495.88,0,602.31,2024,12,December,Sunday,4995.42,4495.878000000001
2024-12-22,ORD020580,CUST03582,P013,Monitor,Electronics,Mumbai,Store,UPI,1,19071.32,0.15,19071.32,16210.62,0,1416.78,2024,12,December,Sunday,19071.32,16210.622
2024-12-22,ORD049954,CUST01478,P017,Jeans,Fashion,Delhi,Online,UPI,1,2689.95,0.2,2689.95,2151.96,0,270.9,2024,12,December,Sunday,2689.95,2151.96
2024-12-22,ORD035220,CUST01280,P013,Monitor,Electronics,Mumbai,Online,UPI,2,17544.21,0.2,35088.42,28070.74,0,6822.21,2024,12,December,Sunday,35088.42,28070.736
2024-12-22,ORD007329,CUST01727,P011,Mixer Grinder,Home,Mumbai,Online,Credit Card,2,5153.84,0.15,10307.68,8761.53,0,2133.81,2024,12,December,Sunday,10307.68,8761.528
2024-12-22,ORD029128,CUST04715,P013,Monitor,Electronics,Pune,Online,Debit Card,1,18494.72,0.1,18494.72,16645.25,0,2694.43,2024,12,December,Sunday,18494.72,16645.248000000003
2024-12-22,ORD020494,CUST01603,P001,Laptop,Electronics,Ahmedabad,Online,Cash,2,68145.27,0.0,136290.54,136290.54,0,12910.96,2024,12,December,Sunday,136290.54,136290.54
2024-12-22,ORD028363,CUST04656,P012,Air Fryer,Home,Pune,Store,Cash,2,7866.13,0.25,15732.26,11799.2,0,1946.91,2024,12,December,Sunday,15732.26,11799.195
2024-12-22,ORD008804,CUST04206,P009,T-Shirt,Fashion,Mumbai,Online,UPI,1,1260.99,0.15,1260.99,1071.84,0,170.14,2024,12,December,Sunday,1260.99,1071.8415
2024-12-22,ORD049913,CUST03684,P002,Smartphone,Electronics,Kolkata,Store,UPI,2,27058.14,0.05,54116.28,51410.47,0,8177.57,2024,12,December,Sunday,54116.28,51410.46599999999
2024-12-22,ORD006312,CUST03161,P012,Air Fryer,Home,Surat,Online,UPI,2,7795.05,0.05,15590.1,14810.6,0,1243.52,2024,12,December,Sunday,15590.1,14810.595
2024-12-22,ORD008080,CUST01178,P007,Backpack,Accessories,Bengaluru,Online,Cash,4,2300.3,0.2,9201.2,7360.96,0,400.44,2024,12,December,Sunday,9201.2,7360.960000000001
2024-12-22,ORD040004,CUST03685,P010,Coffee Maker,Home,Ahmedabad,Store,Cash,1,5975.76,0.05,5975.76,5676.97,0,574.06,2024,12,December,Sunday,5975.76,5676.972
2024-12-22,ORD034572,CUST03497,P013,Monitor,Electronics,Ahmedabad,Online,Debit Card,1,18919.83,0.0,18919.83,18919.83,0,4553.35,2024,12,December,Sunday,18919.83,18919.83
2024-12-22,ORD021401,CUST02472,P016,Sofa,Furniture,Ahmedabad,Online,Credit Card,3,37416.7,0.0,112250.1,112250.1,0,23115.9,2024,12,December,Sunday,112250.09999999999,112250.1
2024-12-22,ORD002751,CUST03538,P004,Smartwatch,Electronics,Delhi,Store,Debit Card,5,6914.3,0.2,34571.5,27657.2,1,-1382.86,2024,12,December,Sunday,34571.5,27657.2
2024-12-22,ORD001010,CUST04088,P006,Desk,Furniture,Kolkata,Online,Credit Card,1,12492.91,0.0,12492.91,12492.91,0,1777.1,2024,12,December,Sunday,12492.91,12492.91
2024-12-22,ORD030447,CUST03059,P011,Mixer Grinder,Home,Delhi,Online,Net Banking,2,4988.23,0.1,9976.46,8978.81,0,1823.37,2024,12,December,Sunday,9976.46,8978.814
2024-12-22,ORD029550,CUST00178,P018,Jacket,Fashion,Jaipur,Online,UPI,1,5494.91,0.05,5494.91,5220.16,0,1289.23,2024,12,December,Sunday,5494.91,5220.1645
2024-12-22,ORD043650,CUST02692,P005,Office Chair,Furniture,Kolkata,Store,Cash,1,10082.48,0.1,10082.48,9074.23,0,705.53,2024,12,December,Sunday,10082.48,9074.232
2024-12-23,ORD006342,CUST02765,P018,Jacket,Fashion,Delhi,Online,Cash,1,5717.06,0.1,5717.06,5145.35,0,957.19,2024,12,December,Monday,5717.06,5145.354
2024-12-23,ORD016001,CUST04967,P011,Mixer Grinder,Home,Kolkata,Online,UPI,4,4716.05,0.0,18864.2,18864.2,0,5270.64,2024,12,December,Monday,18864.2,18864.2
2024-12-23,ORD001806,CUST02988,P012,Air Fryer,Home,Ahmedabad,Store,Cash,2,7918.48,0.0,15836.96,15836.96,0,1825.35,2024,12,December,Monday,15836.96,15836.96
2024-12-23,ORD005725,CUST01548,P014,Keyboard,Electronics,Delhi,Online,UPI,3,2719.96,0.1,8159.88,7343.89,1,-367.19,2024,12,December,Monday,8159.88,7343.892
2024-12-23,ORD041187,CUST02551,P001,Laptop,Electronics,Ahmedabad,Online,UPI,3,63620.8,0.05,190862.4,181319.28,0,12720.99,2024,12,December,Monday,190862.40000000002,181319.28
2024-12-23,ORD016391,CUST03748,P017,Jeans,Fashion,Jaipur,Online,Debit Card,1,3042.63,0.1,3042.63,2738.37,0,304.38,2024,12,December,Monday,3042.63,2738.367
2024-12-23,ORD026655,CUST01054,P002,Smartphone,Electronics,Bengaluru,Online,Debit Card,1,27860.2,0.0,27860.2,27860.2,0,2654.14,2024,12,December,Monday,27860.2,27860.2
2024-12-23,ORD043599,CUST04972,P019,Vacuum Cleaner,Home,Kolkata,Store,UPI,1,9388.0,0.05,9388.0,8918.6,0,2435.07,2024,12,December,Monday,9388.0,8918.6
2024-12-23,ORD039645,CUST03773,P012,Air Fryer,Home,Kolkata,Online,UPI,3,7529.7,0.0,22589.1,22589.1,0,5498.71,2024,12,December,Monday,22589.1,22589.1
2024-12-23,ORD040706,CUST00275,P017,Jeans,Fashion,Chennai,Online,UPI,1,2815.63,0.2,2815.63,2252.5,0,390.97,2024,12,December,Monday,2815.63,2252.5040000000004
2024-12-23,ORD024425,CUST03280,P020,Microwave,Home,Ahmedabad,Online,UPI,1,11536.24,0.2,11536.24,9228.99,0,593.62,2024,12,December,Monday,11536.24,9228.992
2024-12-23,ORD043143,CUST00729,P002,Smartphone,Electronics,Mumbai,Online,UPI,4,27521.3,0.1,110085.2,99076.68,0,21370.87,2024,12,December,Monday,110085.2,99076.68
2024-12-23,ORD005313,CUST04938,P009,T-Shirt,Fashion,Pune,Store,Debit Card,5,1168.05,0.0,5840.25,5840.25,0,671.41,2024,12,December,Monday,5840.25,5840.25
2024-12-23,ORD049633,CUST01966,P011,Mixer Grinder,Home,Jaipur,Online,Debit Card,1,4841.84,0.05,4841.84,4599.75,0,601.55,2024,12,December,Monday,4841.84,4599.748
2024-12-23,ORD043531,CUST04797,P010,Coffee Maker,Home,Surat,Online,Credit Card,1,5146.05,0.15,5146.05,4374.14,0,1044.1,2024,12,December,Monday,5146.05,4374.1425
2024-12-23,ORD009259,CUST03731,P001,Laptop,Electronics,Mumbai,Online,UPI,1,70627.68,0.0,70627.68,70627.68,0,6799.19,2024,12,December,Monday,70627.68,70627.68
2024-12-23,ORD000421,CUST02666,P016,Sofa,Furniture,Delhi,Online,Credit Card,1,37608.59,0.2,37608.59,30086.87,0,7728.63,2024,12,December,Monday,37608.59,30086.872
2024-12-23,ORD018421,CUST03824,P003,Headphones,Electronics,Pune,Online,UPI,1,4913.44,0.1,4913.44,4422.1,0,321.76,2024,12,December,Monday,4913.44,4422.096
2024-12-23,ORD032533,CUST03931,P005,Office Chair,Furniture,Pune,Online,Credit Card,2,9223.35,0.0,18446.7,18446.7,0,4412.79,2024,12,December,Monday,18446.7,18446.7
2024-12-23,ORD036182,CUST03982,P020,Microwave,Home,Chennai,Online,UPI,5,10275.69,0.15,51378.45,43671.68,0,11789.46,2024,12,December,Monday,51378.450000000004,43671.682499999995
2024-12-23,ORD021279,CUST01382,P007,Backpack,Accessories,Jaipur,Store,Credit Card,1,2383.63,0.2,2383.63,1906.9,0,291.14,2024,12,December,Monday,2383.63,1906.9040000000002
2024-12-23,ORD048204,CUST02788,P018,Jacket,Fashion,Jaipur,Store,Debit Card,1,5604.06,0.15,5604.06,4763.45,0,963.37,2024,12,December,Monday,5604.06,4763.451
2024-12-23,ORD045618,CUST00746,P010,Coffee Maker,Home,Mumbai,Store,Cash,1,5256.93,0.25,5256.93,3942.7,0,801.94,2024,12,December,Monday,5256.93,3942.6975
2024-12-23,ORD007773,CUST01477,P019,Vacuum Cleaner,Home,Ahmedabad,Online,Credit Card,1,9728.58,0.15,9728.58,8269.29,0,946.53,2024,12,December,Monday,9728.58,8269.293
2024-12-23,ORD010022,CUST01393,P004,Smartwatch,Electronics,Mumbai,Store,Net Banking,1,7197.06,0.1,7197.06,6477.35,0,688.37,2024,12,December,Monday,7197.06,6477.354
2024-12-23,ORD048488,CUST01934,P007,Backpack,Accessories,Ahmedabad,Store,Credit Card,4,1992.38,0.0,7969.52,7969.52,0,1955.44,2024,12,December,Monday,7969.52,7969.52
2024-12-23,ORD040724,CUST02804,P006,Desk,Furniture,Hyderabad,Store,Debit Card,1,13070.21,0.0,13070.21,13070.21,0,2492.53,2024,12,December,Monday,13070.21,13070.21
2024-12-23,ORD008298,CUST01763,P004,Smartwatch,Electronics,Kolkata,Online,UPI,2,7121.84,0.0,14243.68,14243.68,0,3780.27,2024,12,December,Monday,14243.68,14243.68
2024-12-23,ORD047538,CUST00456,P018,Jacket,Fashion,Pune,Online,Credit Card,1,5657.28,0.1,5657.28,5091.55,0,1115.36,2024,12,December,Monday,5657.28,5091.552
2024-12-23,ORD019280,CUST04722,P006,Desk,Furniture,Kolkata,Store,Credit Card,1,11900.63,0.05,11900.63,11305.6,0,2607.13,2024,12,December,Monday,11900.63,11305.598499999998
2024-12-23,ORD031971,CUST01710,P016,Sofa,Furniture,Chennai,Online,UPI,2,32411.82,0.1,64823.64,58341.28,0,11961.63,2024,12,December,Monday,64823.64,58341.276
2024-12-23,ORD003241,CUST04481,P004,Smartwatch,Electronics,Mumbai,Online,UPI,1,6792.78,0.0,6792.78,6792.78,0,723.2,2024,12,December,Monday,6792.78,6792.78
2024-12-23,ORD026354,CUST01190,P002,Smartphone,Electronics,Surat,Online,Credit Card,3,30218.23,0.05,90654.69,86121.96,0,12377.25,2024,12,December,Monday,90654.69,86121.9555
2024-12-23,ORD006679,CUST04371,P003,Headphones,Electronics,Chennai,Store,Debit Card,2,4708.3,0.1,9416.6,8474.94,0,837.73,2024,12,December,Monday,9416.6,8474.94
2024-12-23,ORD004691,CUST01243,P015,Dining Table,Furniture,Ahmedabad,Store,Net Banking,1,20496.79,0.1,20496.79,18447.11,1,-922.36,2024,12,December,Monday,20496.79,18447.111
2024-12-23,ORD049074,CUST01838,P019,Vacuum Cleaner,Home,Mumbai,Online,UPI,2,8395.09,0.15,16790.18,14271.65,0,3687.39,2024,12,December,Monday,16790.18,14271.653
2024-12-23,ORD018904,CUST02302,P001,Laptop,Electronics,Jaipur,Store,Credit Card,1,71217.58,0.1,71217.58,64095.82,0,7148.71,2024,12,December,Monday,71217.58,64095.822
2024-12-23,ORD001689,CUST02978,P003,Headphones,Electronics,Mumbai,Online,UPI,1,4250.53,0.15,4250.53,3612.95,1,-180.65,2024,12,December,Monday,4250.53,3612.9504999999995
2024-12-23,ORD047697,CUST02985,P019,Vacuum Cleaner,Home,Chennai,Store,Debit Card,2,8701.83,0.05,17403.66,16533.48,0,1456.12,2024,12,December,Monday,17403.66,16533.477
2024-12-23,ORD013182,CUST03686,P018,Jacket,Fashion,Jaipur,Online,Credit Card,1,4873.96,0.0,4873.96,4873.96,0,1164.28,2024,12,December,Monday,4873.96,4873.96
2024-12-23,ORD002952,CUST03466,P008,Running Shoes,Fashion,Ahmedabad,Store,Debit Card,1,3808.15,0.15,3808.15,3236.93,0,636.37,2024,12,December,Monday,3808.15,3236.9275
2024-12-23,ORD006765,CUST04184,P009,T-Shirt,Fashion,Ahmedabad,Store,Credit Card,1,1181.88,0.15,1181.88,1004.6,0,173.48,2024,12,December,Monday,1181.88,1004.5980000000001
2024-12-23,ORD022192,CUST02719,P006,Desk,Furniture,Jaipur,Online,Credit Card,2,12153.07,0.05,24306.14,23090.83,1,-1154.54,2024,12,December,Monday,24306.14,23090.833
2024-12-23,ORD048235,CUST04951,P019,Vacuum Cleaner,Home,Mumbai,Store,Cash,2,8486.37,0.1,16972.74,15275.47,0,1965.39,2024,12,December,Monday,16972.74,15275.466000000002
2024-12-23,ORD009549,CUST03517,P008,Running Shoes,Fashion,Mumbai,Store,UPI,2,4215.33,0.0,8430.66,8430.66,0,1479.16,2024,12,December,Monday,8430.66,8430.66
2024-12-23,ORD034260,CUST02047,P007,Backpack,Accessories,Jaipur,Online,UPI,3,2039.19,0.2,6117.57,4894.06,0,1266.46,2024,12,December,Monday,6117.57,4894.056
2024-12-23,ORD022890,CUST04533,P015,Dining Table,Furniture,Pune,Online,Net Banking,1,21019.86,0.1,21019.86,18917.87,0,2906.68,2024,12,December,Monday,21019.86,18917.874
2024-12-23,ORD039367,CUST01086,P001,Laptop,Electronics,Ahmedabad,Online,UPI,1,64208.21,0.15,64208.21,54576.98,0,10066.41,2024,12,December,Monday,64208.21,54576.9785
2024-12-23,ORD012164,CUST01526,P003,Headphones,Electronics,Delhi,Store,Credit Card,5,4547.2,0.1,22736.0,20462.4,0,4602.45,2024,12,December,Monday,22736.0,20462.4
2024-12-23,ORD002926,CUST00370,P008,Running Shoes,Fashion,Delhi,Online,UPI,5,4082.1,0.2,20410.5,16328.4,0,3962.74,2024,12,December,Monday,20410.5,16328.400000000001
2024-12-23,ORD015399,CUST04424,P002,Smartphone,Electronics,Ahmedabad,Online,UPI,1,28725.17,0.05,28725.17,27288.91,0,2904.9,2024,12,December,Monday,28725.17,27288.9115
2024-12-23,ORD003053,CUST02129,P017,Jeans,Fashion,Hyderabad,Store,Credit Card,1,2754.45,0.25,2754.45,2065.84,0,356.61,2024,12,December,Monday,2754.45,2065.8374999999996
2024-12-24,ORD014092,CUST02648,P015,Dining Table,Furniture,Pune,Online,Credit Card,4,19853.57,0.1,79414.28,71472.85,0,4993.12,2024,12,December,Tuesday,79414.28,71472.852
2024-12-24,ORD028092,CUST01115,P019,Vacuum Cleaner,Home,Ahmedabad,Online,Credit Card,1,8345.07,0.15,8345.07,7093.31,0,918.21,2024,12,December,Tuesday,8345.07,7093.309499999999
2024-12-24,ORD046172,CUST04016,P015,Dining Table,Furniture,Chennai,Online,UPI,3,23599.99,0.2,70799.97,56639.98,0,9590.52,2024,12,December,Tuesday,70799.97,56639.976
2024-12-24,ORD044976,CUST03246,P001,Laptop,Electronics,Hyderabad,Online,Debit Card,2,67675.79,0.1,135351.58,121816.42,0,7454.77,2024,12,December,Tuesday,135351.58,121816.42199999999
2024-12-24,ORD026259,CUST00029,P003,Headphones,Electronics,Chennai,Online,Debit Card,1,4640.68,0.25,4640.68,3480.51,0,154.29,2024,12,December,Tuesday,4640.68,3480.51
2024-12-24,ORD012547,CUST04258,P003,Headphones,Electronics,Bengaluru,Online,Debit Card,3,4312.51,0.1,12937.53,11643.78,0,1162.3,2024,12,December,Tuesday,12937.53,11643.777
2024-12-24,ORD017666,CUST02064,P003,Headphones,Electronics,Bengaluru,Online,UPI,1,4765.53,0.05,4765.53,4527.25,0,639.52,2024,12,December,Tuesday,4765.53,4527.2535
2024-12-24,ORD005438,CUST01081,P001,Laptop,Electronics,Chennai,Store,Debit Card,5,70441.8,0.05,352209.0,334598.55,0,87329.03,2024,12,December,Tuesday,352209.0,334598.55
2024-12-24,ORD005458,CUST00501,P001,Laptop,Electronics,Chennai,Online,UPI,2,61369.5,0.0,122739.0,122739.0,0,16014.17,2024,12,December,Tuesday,122739.0,122739.0
2024-12-24,ORD017285,CUST02415,P011,Mixer Grinder,Home,Hyderabad,Online,UPI,1,4339.52,0.2,4339.52,3471.62,0,411.71,2024,12,December,Tuesday,4339.52,3471.6160000000004
2024-12-24,ORD046928,CUST01275,P011,Mixer Grinder,Home,Mumbai,Store,Debit Card,2,4347.5,0.1,8695.0,7825.5,0,638.37,2024,12,December,Tuesday,8695.0,7825.5
2024-12-24,ORD045489,CUST04628,P013,Monitor,Electronics,Kolkata,Online,UPI,1,17876.69,0.0,17876.69,17876.69,0,3138.62,2024,12,December,Tuesday,17876.69,17876.69
2024-12-24,ORD029573,CUST02765,P005,Office Chair,Furniture,Surat,Store,UPI,1,10395.54,0.25,10395.54,7796.66,0,1282.01,2024,12,December,Tuesday,10395.54,7796.655000000001
2024-12-24,ORD015034,CUST00385,P002,Smartphone,Electronics,Jaipur,Store,Cash,1,30016.79,0.2,30016.79,24013.43,0,1611.15,2024,12,December,Tuesday,30016.79,24013.432
2024-12-24,ORD026532,CUST02709,P006,Desk,Furniture,Pune,Online,Credit Card,1,12299.52,0.05,12299.52,11684.54,0,3171.81,2024,12,December,Tuesday,12299.52,11684.544
2024-12-24,ORD039833,CUST02907,P018,Jacket,Fashion,Bengaluru,Online,UPI,1,5655.28,0.15,5655.28,4806.99,1,-240.35,2024,12,December,Tuesday,5655.28,4806.987999999999
2024-12-24,ORD039801,CUST01808,P017,Jeans,Fashion,Jaipur,Store,UPI,1,2957.64,0.15,2957.64,2513.99,0,517.78,2024,12,December,Tuesday,2957.64,2513.9939999999997
2024-12-24,ORD020181,CUST01150,P017,Jeans,Fashion,Surat,Store,Credit Card,1,3060.78,0.2,3060.78,2448.62,0,191.42,2024,12,December,Tuesday,3060.78,2448.6240000000003
2024-12-24,ORD015036,CUST00672,P007,Backpack,Accessories,Pune,Store,Net Banking,2,2322.98,0.1,4645.96,4181.36,0,363.71,2024,12,December,Tuesday,4645.96,4181.3640000000005
2024-12-24,ORD027772,CUST00922,P010,Coffee Maker,Home,Chennai,Online,Credit Card,1,5296.19,0.0,5296.19,5296.19,0,575.35,2024,12,December,Tuesday,5296.19,5296.19
2024-12-24,ORD020641,CUST04001,P013,Monitor,Electronics,Pune,Store,Credit Card,1,18879.62,0.05,18879.62,17935.64,0,3679.86,2024,12,December,Tuesday,18879.62,17935.639
2024-12-24,ORD012592,CUST03386,P009,T-Shirt,Fashion,Surat,Store,Credit Card,1,1095.04,0.1,1095.04,985.54,0,189.12,2024,12,December,Tuesday,1095.04,985.536
2024-12-24,ORD039962,CUST02105,P002,Smartphone,Electronics,Kolkata,Store,Credit Card,1,26731.22,0.1,26731.22,24058.1,0,6411.67,2024,12,December,Tuesday,26731.22,24058.098
2024-12-24,ORD046695,CUST01097,P014,Keyboard,Electronics,Mumbai,Store,UPI,1,2428.99,0.0,2428.99,2428.99,0,445.27,2024,12,December,Tuesday,2428.99,2428.99
2024-12-24,ORD005420,CUST02029,P007,Backpack,Accessories,Surat,Online,UPI,5,2097.3,0.1,10486.5,9437.85,0,1779.49,2024,12,December,Tuesday,10486.5,9437.85
2024-12-24,ORD048322,CUST04280,P019,Vacuum Cleaner,Home,Kolkata,Online,Debit Card,1,9692.12,0.15,9692.12,8238.3,0,1463.2,2024,12,December,Tuesday,9692.12,8238.302
2024-12-24,ORD021739,CUST04590,P006,Desk,Furniture,Bengaluru,Store,Debit Card,5,12922.51,0.0,64612.55,64612.55,0,17649.33,2024,12,December,Tuesday,64612.55,64612.55
2024-12-24,ORD014649,CUST03664,P013,Monitor,Electronics,Hyderabad,Store,Net Banking,1,16541.77,0.2,16541.77,13233.42,0,1071.43,2024,12,December,Tuesday,16541.77,13233.416000000001
2024-12-24,ORD036523,CUST01225,P013,Monitor,Electronics,Delhi,Store,UPI,2,17114.32,0.05,34228.64,32517.21,0,6768.43,2024,12,December,Tuesday,34228.64,32517.208
2024-12-24,ORD046788,CUST00676,P004,Smartwatch,Electronics,Jaipur,Online,UPI,1,7643.95,0.05,7643.95,7261.75,0,1108.7,2024,12,December,Tuesday,7643.95,7261.7525
2024-12-24,ORD049465,CUST01597,P019,Vacuum Cleaner,Home,Bengaluru,Store,Net Banking,1,8346.95,0.25,8346.95,6260.21,0,569.37,2024,12,December,Tuesday,8346.95,6260.212500000001
2024-12-24,ORD012265,CUST00078,P001,Laptop,Electronics,Mumbai,Online,Cash,1,63718.28,0.05,63718.28,60532.37,0,12796.48,2024,12,December,Tuesday,63718.28,60532.365999999995
2024-12-24,ORD002155,CUST03640,P003,Headphones,Electronics,Bengaluru,Online,UPI,2,4212.74,0.05,8425.48,8004.21,0,953.76,2024,12,December,Tuesday,8425.48,8004.205999999999
2024-12-24,ORD041906,CUST04369,P018,Jacket,Fashion,Pune,Online,Credit Card,2,4762.56,0.25,9525.12,7143.84,0,1269.52,2024,12,December,Tuesday,9525.12,7143.84
2024-12-24,ORD018878,CUST03616,P001,Laptop,Electronics,Jaipur,Online,Debit Card,1,71345.07,0.1,71345.07,64210.56,0,15601.51,2024,12,December,Tuesday,71345.07,64210.56300000001
2024-12-24,ORD048166,CUST01406,P015,Dining Table,Furniture,Bengaluru,Online,Net Banking,1,20312.53,0.0,20312.53,20312.53,0,4746.33,2024,12,December,Tuesday,20312.53,20312.53
2024-12-24,ORD046131,CUST01715,P014,Keyboard,Electronics,Surat,Online,Credit Card,1,2280.82,0.1,2280.82,2052.74,1,-102.64,2024,12,December,Tuesday,2280.82,2052.7380000000003
2024-12-24,ORD029159,CUST04672,P018,Jacket,Fashion,Mumbai,Store,UPI,1,4797.33,0.05,4797.33,4557.46,0,1217.21,2024,12,December,Tuesday,4797.33,4557.4635
2024-12-24,ORD047820,CUST00950,P007,Backpack,Accessories,Ahmedabad,Online,Debit Card,1,2046.54,0.1,2046.54,1841.89,0,130.69,2024,12,December,Tuesday,2046.54,1841.886
2024-12-24,ORD034466,CUST04828,P018,Jacket,Fashion,Mumbai,Online,Net Banking,1,5265.17,0.0,5265.17,5265.17,0,1377.72,2024,12,December,Tuesday,5265.17,5265.17
2024-12-24,ORD014326,CUST00512,P002,Smartphone,Electronics,Chennai,Store,UPI,4,26091.19,0.1,104364.76,93928.28,0,13600.34,2024,12,December,Tuesday,104364.76,93928.284
2024-12-24,ORD029291,CUST02866,P008,Running Shoes,Fashion,Ahmedabad,Store,Debit Card,4,4237.97,0.1,16951.88,15256.69,0,4061.13,2024,12,December,Tuesday,16951.88,15256.692000000001
2024-12-24,ORD026729,CUST03194,P011,Mixer Grinder,Home,Ahmedabad,Store,UPI,1,4479.94,0.2,4479.94,3583.95,0,501.89,2024,12,December,Tuesday,4479.94,3583.9519999999998
2024-12-24,ORD000106,CUST04436,P012,Air Fryer,Home,Delhi,Store,UPI,2,7897.08,0.2,15794.16,12635.33,0,1666.71,2024,12,December,Tuesday,15794.16,12635.328000000001
2024-12-24,ORD026429,CUST01535,P008,Running Shoes,Fashion,Ahmedabad,Store,Debit Card,1,3983.87,0.15,3983.87,3386.29,0,309.76,2024,12,December,Tuesday,3983.87,3386.2895
2024-12-24,ORD044310,CUST04892,P015,Dining Table,Furniture,Jaipur,Online,Net Banking,1,20241.34,0.25,20241.34,15181.0,0,2902.93,2024,12,December,Tuesday,20241.34,15181.005000000001
2024-12-24,ORD035771,CUST04798,P009,T-Shirt,Fashion,Ahmedabad,Online,Net Banking,1,1196.9,0.15,1196.9,1017.36,0,267.24,2024,12,December,Tuesday,1196.9,1017.365
2024-12-24,ORD043964,CUST04640,P010,Coffee Maker,Home,Mumbai,Store,Credit Card,1,4962.87,0.05,4962.87,4714.73,0,1300.4,2024,12,December,Tuesday,4962.87,4714.7265
2024-12-24,ORD032938,CUST03667,P012,Air Fryer,Home,Chennai,Online,Net Banking,1,7591.41,0.2,7591.41,6073.13,0,993.78,2024,12,December,Tuesday,7591.41,6073.128000000001
2024-12-24,ORD042729,CUST01564,P001,Laptop,Electronics,Chennai,Online,Credit Card,2,61507.67,0.1,123015.34,110713.81,0,25425.86,2024,12,December,Tuesday,123015.34,110713.806
2024-12-24,ORD009721,CUST00359,P001,Laptop,Electronics,Mumbai,Online,Debit Card,3,59643.32,0.25,178929.96,134197.47,1,-6709.87,2024,12,December,Tuesday,178929.96,134197.47
2024-12-24,ORD042908,CUST02935,P003,Headphones,Electronics,Kolkata,Online,Cash,3,4319.79,0.1,12959.37,11663.43,0,1031.97,2024,12,December,Tuesday,12959.369999999999,11663.433
2024-12-24,ORD030149,CUST00052,P020,Microwave,Home,Pune,Online,Debit Card,2,10993.24,0.2,21986.48,17589.18,0,919.33,2024,12,December,Tuesday,21986.48,17589.184
2024-12-24,ORD013988,CUST01725,P004,Smartwatch,Electronics,Chennai,Online,UPI,2,7514.46,0.15,15028.92,12774.58,0,3062.66,2024,12,December,Tuesday,15028.92,12774.582
2024-12-24,ORD035388,CUST03117,P018,Jacket,Fashion,Hyderabad,Online,UPI,1,4784.64,0.2,4784.64,3827.71,0,284.0,2024,12,December,Tuesday,4784.64,3827.7120000000004
2024-12-24,ORD046343,CUST00364,P011,Mixer Grinder,Home,Bengaluru,Online,Cash,1,4472.22,0.05,4472.22,4248.61,0,880.95,2024,12,December,Tuesday,4472.22,4248.609
2024-12-24,ORD042826,CUST04338,P012,Air Fryer,Home,Surat,Online,UPI,1,6823.53,0.1,6823.53,6141.18,0,481.05,2024,12,December,Tuesday,6823.53,6141.177
2024-12-24,ORD034329,CUST01799,P005,Office Chair,Furniture,Delhi,Online,Net Banking,1,8860.06,0.0,8860.06,8860.06,0,1904.11,2024,12,December,Tuesday,8860.06,8860.06
2024-12-24,ORD032996,CUST02499,P007,Backpack,Accessories,Ahmedabad,Store,Credit Card,1,2253.34,0.2,2253.34,1802.67,0,169.68,2024,12,December,Tuesday,2253.34,1802.6720000000003
2024-12-24,ORD044557,CUST00586,P002,Smartphone,Electronics,Delhi,Store,Cash,2,27072.18,0.15,54144.36,46022.71,0,11271.11,2024,12,December,Tuesday,54144.36,46022.706
2024-12-24,ORD011286,CUST02479,P009,T-Shirt,Fashion,Ahmedabad,Store,Credit Card,2,1231.46,0.15,2462.92,2093.48,0,556.94,2024,12,December,Tuesday,2462.92,2093.482
2024-12-24,ORD006805,CUST01233,P007,Backpack,Accessories,Chennai,Store,Debit Card,1,2403.71,0.05,2403.71,2283.52,0,428.54,2024,12,December,Tuesday,2403.71,2283.5245
2024-12-24,ORD018419,CUST03228,P010,Coffee Maker,Home,Hyderabad,Online,UPI,2,6010.51,0.1,12021.02,10818.92,0,2620.01,2024,12,December,Tuesday,12021.02,10818.918000000001
2024-12-24,ORD041396,CUST01401,P006,Desk,Furniture,Pune,Online,Credit Card,1,11408.38,0.1,11408.38,10267.54,0,1130.66,2024,12,December,Tuesday,11408.38,10267.542
2024-12-24,ORD016366,CUST01302,P014,Keyboard,Electronics,Pune,Store,Credit Card,1,2328.32,0.1,2328.32,2095.49,0,213.74,2024,12,December,Tuesday,2328.32,2095.4880000000003
2024-12-24,ORD044803,CUST03344,P018,Jacket,Fashion,Chennai,Store,Credit Card,2,5229.98,0.0,10459.96,10459.96,0,2992.85,2024,12,December,Tuesday,10459.96,10459.96
2024-12-24,ORD002709,CUST01077,P004,Smartwatch,Electronics,Jaipur,Store,Net Banking,1,7272.8,0.25,7272.8,5454.6,0,654.29,2024,12,December,Tuesday,7272.8,5454.6
2024-12-24,ORD031415,CUST01863,P010,Coffee Maker,Home,Ahmedabad,Online,Credit Card,2,5255.31,0.05,10510.62,9985.09,0,2603.76,2024,12,December,Tuesday,10510.62,9985.089
2024-12-24,ORD009238,CUST00158,P017,Jeans,Fashion,Pune,Online,UPI,1,2628.57,0.05,2628.57,2497.14,0,181.37,2024,12,December,Tuesday,2628.57,2497.1415
2024-12-24,ORD047119,CUST03122,P019,Vacuum Cleaner,Home,Bengaluru,Online,UPI,1,8185.92,0.0,8185.92,8185.92,1,-409.3,2024,12,December,Tuesday,8185.92,8185.92
2024-12-24,ORD003678,CUST03205,P006,Desk,Furniture,Chennai,Store,Credit Card,5,11393.88,0.05,56969.4,54120.93,0,13986.92,2024,12,December,Tuesday,56969.399999999994,54120.93
2024-12-24,ORD005803,CUST00133,P016,Sofa,Furniture,Pune,Online,Credit Card,2,37238.64,0.15,74477.28,63305.69,0,6841.33,2024,12,December,Tuesday,74477.28,63305.687999999995
2024-12-24,ORD016976,CUST00181,P020,Microwave,Home,Delhi,Store,Credit Card,2,10125.3,0.05,20250.6,19238.07,0,3533.87,2024,12,December,Tuesday,20250.6,19238.069999999996
2024-12-24,ORD017853,CUST00494,P016,Sofa,Furniture,Kolkata,Online,Credit Card,1,33878.15,0.1,33878.15,30490.34,0,4651.98,2024,12,December,Tuesday,33878.15,30490.335000000003
2024-12-24,ORD034868,CUST01543,P009,T-Shirt,Fashion,Chennai,Store,Debit Card,1,1304.22,0.05,1304.22,1239.01,0,293.71,2024,12,December,Tuesday,1304.22,1239.009
2024-12-24,ORD019500,CUST03210,P004,Smartwatch,Electronics,Ahmedabad,Online,Credit Card,1,7320.37,0.15,7320.37,6222.31,0,1067.17,2024,12,December,Tuesday,7320.37,6222.3144999999995
2024-12-24,ORD012281,CUST00464,P005,Office Chair,Furniture,Jaipur,Online,Credit Card,2,9142.44,0.15,18284.88,15542.15,0,1390.07,2024,12,December,Tuesday,18284.88,15542.148000000001
2024-12-24,ORD014583,CUST00502,P013,Monitor,Electronics,Pune,Online,Debit Card,1,19788.1,0.2,19788.1,15830.48,0,1557.7,2024,12,December,Tuesday,19788.1,15830.48
2024-12-24,ORD038382,CUST03295,P013,Monitor,Electronics,Kolkata,Store,UPI,1,16730.29,0.0,16730.29,16730.29,0,4863.13,2024,12,December,Tuesday,16730.29,16730.29
2024-12-24,ORD049986,CUST04921,P003,Headphones,Electronics,Jaipur,Store,UPI,5,4665.32,0.0,23326.6,23326.6,0,6618.84,2024,12,December,Tuesday,23326.6,23326.6
2024-12-24,ORD025666,CUST04964,P005,Office Chair,Furniture,Jaipur,Online,Net Banking,1,10174.36,0.25,10174.36,7630.77,1,-381.54,2024,12,December,Tuesday,10174.36,7630.77
2024-12-25,ORD022030,CUST01760,P014,Keyboard,Electronics,Delhi,Online,Credit Card,1,2601.93,0.15,2601.93,2211.64,0,515.43,2024,12,December,Wednesday,2601.93,2211.6405
2024-12-25,ORD044006,CUST02496,P008,Running Shoes,Fashion,Surat,Online,UPI,1,3868.25,0.2,3868.25,3094.6,0,668.44,2024,12,December,Wednesday,3868.25,3094.6000000000004
2024-12-25,ORD030344,CUST01490,P012,Air Fryer,Home,Mumbai,Store,UPI,1,6631.76,0.1,6631.76,5968.58,0,785.28,2024,12,December,Wednesday,6631.76,5968.584000000001
2024-12-25,ORD034618,CUST01888,P007,Backpack,Accessories,Bengaluru,Online,Credit Card,4,2197.68,0.0,8790.72,8790.72,0,1009.57,2024,12,December,Wednesday,8790.72,8790.72
2024-12-25,ORD020487,CUST02461,P011,Mixer Grinder,Home,Hyderabad,Store,UPI,2,5205.11,0.15,10410.22,8848.69,0,1258.91,2024,12,December,Wednesday,10410.22,8848.687
2024-12-25,ORD045636,CUST02878,P012,Air Fryer,Home,Jaipur,Online,Credit Card,1,7851.34,0.2,7851.34,6281.07,0,565.17,2024,12,December,Wednesday,7851.34,6281.072
2024-12-25,ORD042979,CUST00992,P016,Sofa,Furniture,Jaipur,Online,Cash,1,33510.02,0.15,33510.02,28483.52,0,3957.61,2024,12,December,Wednesday,33510.02,28483.516999999996
2024-12-25,ORD027956,CUST04744,P011,Mixer Grinder,Home,Mumbai,Online,Credit Card,1,4568.86,0.1,4568.86,4111.97,0,342.04,2024,12,December,Wednesday,4568.86,4111.974
2024-12-25,ORD024160,CUST03189,P008,Running Shoes,Fashion,Jaipur,Online,Credit Card,1,4251.52,0.05,4251.52,4038.94,0,1058.6,2024,12,December,Wednesday,4251.52,4038.9440000000004
2024-12-25,ORD026845,CUST02710,P005,Office Chair,Furniture,Pune,Store,UPI,1,9839.82,0.05,9839.82,9347.83,0,2602.4,2024,12,December,Wednesday,9839.82,9347.829
2024-12-25,ORD015048,CUST03427,P002,Smartphone,Electronics,Mumbai,Online,Credit Card,1,27443.84,0.1,27443.84,24699.46,0,6359.28,2024,12,December,Wednesday,27443.84,24699.456000000002
2024-12-25,ORD025759,CUST00415,P016,Sofa,Furniture,Jaipur,Online,UPI,1,34478.73,0.1,34478.73,31030.86,1,-1551.54,2024,12,December,Wednesday,34478.73,31030.857000000004
2024-12-25,ORD039826,CUST02848,P016,Sofa,Furniture,Surat,Store,Credit Card,5,36875.2,0.05,184376.0,175157.2,0,30917.77,2024,12,December,Wednesday,184376.0,175157.19999999998
2024-12-25,ORD023286,CUST01018,P008,Running Shoes,Fashion,Kolkata,Store,UPI,2,3833.84,0.05,7667.68,7284.3,0,1409.85,2024,12,December,Wednesday,7667.68,7284.296
2024-12-25,ORD015248,CUST01304,P011,Mixer Grinder,Home,Bengaluru,Store,UPI,1,5049.97,0.1,5049.97,4544.97,0,1193.53,2024,12,December,Wednesday,5049.97,4544.973
2024-12-25,ORD028339,CUST02699,P005,Office Chair,Furniture,Jaipur,Online,Cash,2,9446.35,0.0,18892.7,18892.7,0,2392.49,2024,12,December,Wednesday,18892.7,18892.7
2024-12-25,ORD018814,CUST02324,P010,Coffee Maker,Home,Ahmedabad,Online,UPI,1,5466.88,0.1,5466.88,4920.19,0,1033.73,2024,12,December,Wednesday,5466.88,4920.192
2024-12-25,ORD007604,CUST01137,P005,Office Chair,Furniture,Hyderabad,Online,UPI,1,9921.5,0.1,9921.5,8929.35,0,1147.28,2024,12,December,Wednesday,9921.5,8929.35
2024-12-25,ORD016642,CUST01286,P008,Running Shoes,Fashion,Mumbai,Store,Debit Card,1,4265.07,0.2,4265.07,3412.06,0,402.66,2024,12,December,Wednesday,4265.07,3412.056
2024-12-25,ORD014888,CUST00574,P001,Laptop,Electronics,Hyderabad,Online,Credit Card,2,68309.27,0.1,136618.54,122956.69,0,21155.32,2024,12,December,Wednesday,136618.54,122956.68600000002
2024-12-25,ORD003467,CUST00582,P006,Desk,Furniture,Jaipur,Online,UPI,1,12360.01,0.2,12360.01,9888.01,0,1024.64,2024,12,December,Wednesday,12360.01,9888.008000000002
2024-12-25,ORD022271,CUST00599,P011,Mixer Grinder,Home,Ahmedabad,Online,Credit Card,4,4617.53,0.05,18470.12,17546.61,0,5022.45,2024,12,December,Wednesday,18470.12,17546.613999999998
2024-12-25,ORD011578,CUST04045,P016,Sofa,Furniture,Ahmedabad,Online,Net Banking,1,36808.81,0.1,36808.81,33127.93,0,8039.75,2024,12,December,Wednesday,36808.81,33127.929
2024-12-25,ORD002242,CUST00503,P011,Mixer Grinder,Home,Chennai,Store,Credit Card,1,5029.18,0.05,5029.18,4777.72,0,917.53,2024,12,December,Wednesday,5029.18,4777.7210000000005
2024-12-25,ORD016420,CUST01056,P007,Backpack,Accessories,Delhi,Online,Credit Card,2,2268.51,0.1,4537.02,4083.32,0,982.65,2024,12,December,Wednesday,4537.02,4083.3180000000007
2024-12-25,ORD002117,CUST02040,P009,T-Shirt,Fashion,Bengaluru,Online,Net Banking,1,1254.93,0.05,1254.93,1192.18,0,89.97,2024,12,December,Wednesday,1254.93,1192.1835
2024-12-25,ORD036070,CUST03227,P009,T-Shirt,Fashion,Pune,Online,Cash,1,1180.48,0.15,1180.48,1003.41,0,228.88,2024,12,December,Wednesday,1180.48,1003.408
2024-12-25,ORD016456,CUST02439,P008,Running Shoes,Fashion,Surat,Online,UPI,2,4222.78,0.0,8445.56,8445.56,0,1571.58,2024,12,December,Wednesday,8445.56,8445.56
2024-12-25,ORD003659,CUST02568,P015,Dining Table,Furniture,Jaipur,Store,UPI,1,22246.87,0.0,22246.87,22246.87,0,3957.45,2024,12,December,Wednesday,22246.87,22246.87
2024-12-25,ORD014154,CUST00263,P017,Jeans,Fashion,Mumbai,Store,Debit Card,1,2675.55,0.15,2675.55,2274.22,0,290.88,2024,12,December,Wednesday,2675.55,2274.2175
2024-12-25,ORD040984,CUST02450,P005,Office Chair,Furniture,Chennai,Online,UPI,2,8776.62,0.1,17553.24,15797.92,0,1743.75,2024,12,December,Wednesday,17553.24,15797.916000000001
2024-12-25,ORD044982,CUST04839,P009,T-Shirt,Fashion,Jaipur,Online,Credit Card,3,1316.99,0.1,3950.97,3555.87,0,480.76,2024,12,December,Wednesday,3950.9700000000003,3555.873
2024-12-25,ORD002164,CUST02718,P006,Desk,Furniture,Hyderabad,Online,Debit Card,2,12147.29,0.1,24294.58,21865.12,0,4244.77,2024,12,December,Wednesday,24294.58,21865.122000000003
2024-12-25,ORD017670,CUST01663,P006,Desk,Furniture,Surat,Online,Debit Card,1,11841.69,0.15,11841.69,10065.44,1,-503.27,2024,12,December,Wednesday,11841.69,10065.4365
2024-12-25,ORD044794,CUST02646,P001,Laptop,Electronics,Ahmedabad,Online,Debit Card,1,67100.63,0.0,67100.63,67100.63,0,8531.1,2024,12,December,Wednesday,67100.63,67100.63
2024-12-25,ORD016555,CUST04720,P004,Smartwatch,Electronics,Bengaluru,Online,UPI,2,6732.69,0.1,13465.38,12118.84,0,1813.52,2024,12,December,Wednesday,13465.38,12118.841999999999
2024-12-25,ORD005905,CUST04789,P002,Smartphone,Electronics,Ahmedabad,Online,Debit Card,1,30346.91,0.0,30346.91,30346.91,0,2868.13,2024,12,December,Wednesday,30346.91,30346.91
2024-12-25,ORD044518,CUST00553,P006,Desk,Furniture,Chennai,Store,Credit Card,4,11962.19,0.1,47848.76,43063.88,0,11994.88,2024,12,December,Wednesday,47848.76,43063.884000000005
2024-12-25,ORD024873,CUST03198,P013,Monitor,Electronics,Chennai,Online,Net Banking,3,17423.68,0.1,52271.04,47043.94,0,12692.34,2024,12,December,Wednesday,52271.04,47043.936
2024-12-25,ORD005443,CUST00652,P007,Backpack,Accessories,Bengaluru,Online,UPI,1,2001.91,0.15,2001.91,1701.62,0,218.86,2024,12,December,Wednesday,2001.91,1701.6235
2024-12-25,ORD015023,CUST01455,P004,Smartwatch,Electronics,Surat,Store,UPI,1,7398.3,0.1,7398.3,6658.47,0,1563.13,2024,12,December,Wednesday,7398.3,6658.47
2024-12-25,ORD042520,CUST00595,P001,Laptop,Electronics,Hyderabad,Store,Credit Card,1,64349.8,0.05,64349.8,61132.31,0,8141.36,2024,12,December,Wednesday,64349.8,61132.31
2024-12-25,ORD047033,CUST01258,P008,Running Shoes,Fashion,Ahmedabad,Store,Net Banking,1,3912.13,0.1,3912.13,3520.92,0,980.74,2024,12,December,Wednesday,3912.13,3520.9170000000004
2024-12-25,ORD024053,CUST03268,P013,Monitor,Electronics,Delhi,Store,Debit Card,3,19363.19,0.2,58089.57,46471.66,0,3071.17,2024,12,December,Wednesday,58089.56999999999,46471.656
2024-12-25,ORD030015,CUST04447,P002,Smartphone,Electronics,Chennai,Store,Debit Card,1,29886.14,0.25,29886.14,22414.6,0,3576.02,2024,12,December,Wednesday,29886.14,22414.605
2024-12-25,ORD011803,CUST02250,P005,Office Chair,Furniture,Chennai,Store,UPI,2,8939.61,0.1,17879.22,16091.3,0,4136.92,2024,12,December,Wednesday,17879.22,16091.298
2024-12-25,ORD010180,CUST02181,P004,Smartwatch,Electronics,Jaipur,Online,Credit Card,1,7387.12,0.05,7387.12,7017.76,0,2026.25,2024,12,December,Wednesday,7387.12,7017.763999999999
2024-12-25,ORD028203,CUST03842,P009,T-Shirt,Fashion,Surat,Online,Credit Card,1,1093.68,0.05,1093.68,1039.0,0,263.83,2024,12,December,Wednesday,1093.68,1038.996
2024-12-25,ORD012966,CUST02939,P008,Running Shoes,Fashion,Hyderabad,Store,UPI,1,4175.86,0.1,4175.86,3758.27,0,752.71,2024,12,December,Wednesday,4175.86,3758.274
2024-12-25,ORD040466,CUST02983,P011,Mixer Grinder,Home,Surat,Store,Net Banking,1,4688.57,0.15,4688.57,3985.28,0,389.52,2024,12,December,Wednesday,4688.57,3985.2844999999998
2024-12-25,ORD040490,CUST04921,P017,Jeans,Fashion,Ahmedabad,Online,UPI,1,2692.39,0.05,2692.39,2557.77,1,-127.89,2024,12,December,Wednesday,2692.39,2557.7704999999996
2024-12-25,ORD025961,CUST04190,P006,Desk,Furniture,Delhi,Store,Credit Card,1,12054.14,0.0,12054.14,12054.14,0,3200.42,2024,12,December,Wednesday,12054.14,12054.14
2024-12-25,ORD007970,CUST04469,P004,Smartwatch,Electronics,Bengaluru,Online,Credit Card,2,6501.23,0.1,13002.46,11702.21,0,1695.03,2024,12,December,Wednesday,13002.46,11702.214
2024-12-25,ORD018843,CUST04425,P003,Headphones,Electronics,Delhi,Store,UPI,2,4255.97,0.0,8511.94,8511.94,0,1746.24,2024,12,December,Wednesday,8511.94,8511.94
2024-12-25,ORD036144,CUST03766,P010,Coffee Maker,Home,Bengaluru,Online,UPI,2,5558.73,0.0,11117.46,11117.46,0,2249.04,2024,12,December,Wednesday,11117.46,11117.46
2024-12-25,ORD021321,CUST00020,P013,Monitor,Electronics,Pune,Store,UPI,1,17598.83,0.1,17598.83,15838.95,0,1349.64,2024,12,December,Wednesday,17598.83,15838.947000000002
2024-12-25,ORD020730,CUST03262,P009,T-Shirt,Fashion,Hyderabad,Store,UPI,5,1268.79,0.05,6343.95,6026.75,0,1278.26,2024,12,December,Wednesday,6343.95,6026.7525
2024-12-25,ORD004736,CUST03621,P004,Smartwatch,Electronics,Chennai,Online,Debit Card,1,6344.0,0.1,6344.0,5709.6,0,666.62,2024,12,December,Wednesday,6344.0,5709.6
2024-12-25,ORD038923,CUST04077,P001,Laptop,Electronics,Kolkata,Online,Credit Card,5,69878.08,0.0,349390.4,349390.4,0,43118.2,2024,12,December,Wednesday,349390.4,349390.4
2024-12-25,ORD020771,CUST03961,P006,Desk,Furniture,Chennai,Online,UPI,1,11108.14,0.1,11108.14,9997.33,0,1998.69,2024,12,December,Wednesday,11108.14,9997.326
2024-12-25,ORD021649,CUST00927,P014,Keyboard,Electronics,Mumbai,Store,Credit Card,1,2348.16,0.05,2348.16,2230.75,0,608.52,2024,12,December,Wednesday,2348.16,2230.752
2024-12-25,ORD011924,CUST02414,P008,Running Shoes,Fashion,Surat,Store,UPI,1,3942.69,0.05,3942.69,3745.56,0,628.35,2024,12,December,Wednesday,3942.69,3745.5555
2024-12-25,ORD020940,CUST01122,P008,Running Shoes,Fashion,Delhi,Store,Credit Card,1,4290.5,0.1,4290.5,3861.45,0,259.07,2024,12,December,Wednesday,4290.5,3861.4500000000003
2024-12-25,ORD020861,CUST02179,P018,Jacket,Fashion,Delhi,Online,UPI,1,5058.16,0.1,5058.16,4552.34,0,496.86,2024,12,December,Wednesday,5058.16,4552.344
2024-12-25,ORD045878,CUST00623,P012,Air Fryer,Home,Delhi,Store,UPI,2,7251.53,0.0,14503.06,14503.06,0,1195.34,2024,12,December,Wednesday,14503.06,14503.06
2024-12-25,ORD007274,CUST02988,P016,Sofa,Furniture,Mumbai,Online,Debit Card,2,33473.37,0.05,66946.74,63599.4,0,5122.65,2024,12,December,Wednesday,66946.74,63599.403
2024-12-25,ORD049291,CUST02007,P020,Microwave,Home,Delhi,Store,Cash,1,10572.21,0.15,10572.21,8986.38,0,1681.32,2024,12,December,Wednesday,10572.21,8986.378499999999
2024-12-25,ORD038886,CUST03270,P003,Headphones,Electronics,Bengaluru,Online,Net Banking,4,4572.19,0.15,18288.76,15545.45,0,2457.19,2024,12,December,Wednesday,18288.76,15545.445999999998
2024-12-25,ORD012355,CUST03737,P016,Sofa,Furniture,Ahmedabad,Store,Credit Card,3,33454.75,0.05,100364.25,95346.04,0,15828.29,2024,12,December,Wednesday,100364.25,95346.03749999999
2024-12-25,ORD046362,CUST01430,P005,Office Chair,Furniture,Chennai,Online,Debit Card,1,9242.39,0.2,9242.39,7393.91,0,1752.33,2024,12,December,Wednesday,9242.39,7393.912
2024-12-25,ORD009924,CUST03711,P014,Keyboard,Electronics,Pune,Store,Debit Card,1,2286.88,0.1,2286.88,2058.19,0,564.7,2024,12,December,Wednesday,2286.88,2058.192
2024-12-25,ORD038760,CUST01112,P005,Office Chair,Furniture,Delhi,Online,Debit Card,1,8682.29,0.1,8682.29,7814.06,0,2158.11,2024,12,December,Wednesday,8682.29,7814.061000000001
2024-12-25,ORD038423,CUST04762,P019,Vacuum Cleaner,Home,Delhi,Online,Credit Card,1,9770.63,0.2,9770.63,7816.5,0,1823.4,2024,12,December,Wednesday,9770.63,7816.504
2024-12-25,ORD046409,CUST04744,P015,Dining Table,Furniture,Pune,Store,UPI,1,21231.44,0.05,21231.44,20169.87,0,5231.38,2024,12,December,Wednesday,21231.44,20169.868
2024-12-25,ORD039051,CUST02874,P011,Mixer Grinder,Home,Kolkata,Store,UPI,3,4409.27,0.0,13227.81,13227.81,0,3200.98,2024,12,December,Wednesday,13227.810000000001,13227.81
2024-12-25,ORD032602,CUST02973,P008,Running Shoes,Fashion,Delhi,Store,Debit Card,2,4320.67,0.1,8641.34,7777.21,1,-388.86,2024,12,December,Wednesday,8641.34,7777.206
2024-12-25,ORD001709,CUST03186,P011,Mixer Grinder,Home,Kolkata,Store,Credit Card,1,5151.33,0.15,5151.33,4378.63,1,-218.93,2024,12,December,Wednesday,5151.33,4378.6305
2024-12-25,ORD015108,CUST00472,P011,Mixer Grinder,Home,Bengaluru,Store,Debit Card,1,4381.83,0.15,4381.83,3724.56,0,609.76,2024,12,December,Wednesday,4381.83,3724.5555
2024-12-25,ORD024724,CUST00336,P005,Office Chair,Furniture,Chennai,Online,Net Banking,2,10210.63,0.15,20421.26,17358.07,0,4578.68,2024,12,December,Wednesday,20421.26,17358.071
2024-12-25,ORD037794,CUST03264,P010,Coffee Maker,Home,Kolkata,Store,Net Banking,1,5701.21,0.2,5701.21,4560.97,0,634.6,2024,12,December,Wednesday,5701.21,4560.968
2024-12-25,ORD032338,CUST04233,P004,Smartwatch,Electronics,Hyderabad,Store,Net Banking,1,6407.55,0.1,6407.55,5766.8,0,652.86,2024,12,December,Wednesday,6407.55,5766.795
2024-12-26,ORD037191,CUST00843,P007,Backpack,Accessories,Ahmedabad,Online,Net Banking,1,2046.81,0.15,2046.81,1739.79,0,137.67,2024,12,December,Thursday,2046.81,1739.7884999999999
2024-12-26,ORD002976,CUST03823,P013,Monitor,Electronics,Pune,Online,UPI,2,17446.66,0.05,34893.32,33148.65,0,7234.47,2024,12,December,Thursday,34893.32,33148.653999999995
2024-12-26,ORD032499,CUST03787,P008,Running Shoes,Fashion,Bengaluru,Online,UPI,5,4298.38,0.15,21491.9,18268.12,0,1497.0,2024,12,December,Thursday,21491.9,18268.115
2024-12-26,ORD002514,CUST00834,P001,Laptop,Electronics,Pune,Online,Cash,1,66400.91,0.05,66400.91,63080.86,0,7116.57,2024,12,December,Thursday,66400.91,63080.8645
2024-12-26,ORD012173,CUST01598,P018,Jacket,Fashion,Pune,Store,Credit Card,1,4816.84,0.1,4816.84,4335.16,0,278.83,2024,12,December,Thursday,4816.84,4335.156
2024-12-26,ORD030754,CUST02803,P001,Laptop,Electronics,Pune,Store,UPI,1,70075.24,0.1,70075.24,63067.72,0,5436.24,2024,12,December,Thursday,70075.24,63067.71600000001
2024-12-26,ORD023385,CUST01882,P018,Jacket,Fashion,Delhi,Store,UPI,1,5682.68,0.05,5682.68,5398.55,0,1032.89,2024,12,December,Thursday,5682.68,5398.546
2024-12-26,ORD032725,CUST01725,P018,Jacket,Fashion,Bengaluru,Store,Credit Card,1,5665.82,0.1,5665.82,5099.24,1,-254.96,2024,12,December,Thursday,5665.82,5099.238
2024-12-26,ORD039078,CUST01387,P002,Smartphone,Electronics,Delhi,Online,UPI,1,29374.2,0.05,29374.2,27905.49,0,5577.76,2024,12,December,Thursday,29374.2,27905.489999999998
2024-12-26,ORD045492,CUST02855,P011,Mixer Grinder,Home,Jaipur,Online,Cash,1,4440.66,0.05,4440.66,4218.63,0,558.36,2024,12,December,Thursday,4440.66,4218.6269999999995
2024-12-26,ORD021260,CUST00399,P019,Vacuum Cleaner,Home,Surat,Store,UPI,4,9590.35,0.15,38361.4,32607.19,0,4631.9,2024,12,December,Thursday,38361.4,32607.19
2024-12-26,ORD025665,CUST03870,P010,Coffee Maker,Home,Kolkata,Online,Credit Card,2,4994.19,0.1,9988.38,8989.54,0,1236.31,2024,12,December,Thursday,9988.38,8989.542
2024-12-26,ORD006659,CUST00116,P010,Coffee Maker,Home,Delhi,Online,Net Banking,2,5865.87,0.1,11731.74,10558.57,0,750.74,2024,12,December,Thursday,11731.74,10558.566
2024-12-26,ORD015528,CUST03092,P018,Jacket,Fashion,Surat,Store,Credit Card,1,5529.71,0.15,5529.71,4700.25,0,593.4,2024,12,December,Thursday,5529.71,4700.2535
2024-12-26,ORD042948,CUST01516,P015,Dining Table,Furniture,Delhi,Store,UPI,4,22206.24,0.25,88824.96,66618.72,0,12796.05,2024,12,December,Thursday,88824.96,66618.72
2024-12-26,ORD028050,CUST02774,P011,Mixer Grinder,Home,Kolkata,Online,UPI,1,4618.99,0.1,4618.99,4157.09,0,642.33,2024,12,December,Thursday,4618.99,4157.091
2024-12-26,ORD030697,CUST04273,P003,Headphones,Electronics,Kolkata,Online,Credit Card,1,4247.67,0.15,4247.67,3610.52,1,-180.53,2024,12,December,Thursday,4247.67,3610.5195
2024-12-26,ORD039474,CUST00821,P006,Desk,Furniture,Hyderabad,Online,Net Banking,1,10926.54,0.05,10926.54,10380.21,0,1525.57,2024,12,December,Thursday,10926.54,10380.213
2024-12-26,ORD004587,CUST04559,P014,Keyboard,Electronics,Pune,Online,UPI,1,2601.05,0.2,2601.05,2080.84,0,88.62,2024,12,December,Thursday,2601.05,2080.84
2024-12-26,ORD022059,CUST00871,P014,Keyboard,Electronics,Surat,Online,UPI,4,2543.7,0.1,10174.8,9157.32,0,1699.15,2024,12,December,Thursday,10174.8,9157.32
2024-12-26,ORD037154,CUST03342,P020,Microwave,Home,Surat,Online,Credit Card,1,10638.04,0.1,10638.04,9574.24,0,1868.2,2024,12,December,Thursday,10638.04,9574.236
2024-12-26,ORD006111,CUST02331,P018,Jacket,Fashion,Hyderabad,Online,Net Banking,2,5181.8,0.05,10363.6,9845.42,0,1842.8,2024,12,December,Thursday,10363.6,9845.42
2024-12-26,ORD022015,CUST03240,P012,Air Fryer,Home,Surat,Store,Debit Card,4,6489.77,0.05,25959.08,24661.13,0,7022.77,2024,12,December,Thursday,25959.08,24661.126
2024-12-26,ORD003793,CUST00154,P014,Keyboard,Electronics,Delhi,Online,UPI,1,2533.15,0.2,2533.15,2026.52,0,525.61,2024,12,December,Thursday,2533.15,2026.5200000000002
2024-12-26,ORD004170,CUST01350,P020,Microwave,Home,Pune,Store,UPI,2,11568.93,0.05,23137.86,21980.97,0,5596.62,2024,12,December,Thursday,23137.86,21980.967
2024-12-26,ORD032595,CUST00505,P014,Keyboard,Electronics,Surat,Online,UPI,1,2675.83,0.0,2675.83,2675.83,0,514.78,2024,12,December,Thursday,2675.83,2675.83
2024-12-26,ORD022395,CUST03467,P002,Smartphone,Electronics,Mumbai,Store,UPI,1,26464.16,0.0,26464.16,26464.16,0,7212.97,2024,12,December,Thursday,26464.16,26464.16
2024-12-26,ORD013433,CUST01823,P013,Monitor,Electronics,Bengaluru,Store,Debit Card,1,16608.2,0.15,16608.2,14116.97,0,3683.14,2024,12,December,Thursday,16608.2,14116.97
2024-12-26,ORD043708,CUST04920,P013,Monitor,Electronics,Hyderabad,Online,UPI,1,17989.25,0.0,17989.25,17989.25,0,1902.52,2024,12,December,Thursday,17989.25,17989.25
2024-12-26,ORD044931,CUST02318,P004,Smartwatch,Electronics,Delhi,Store,UPI,1,6587.91,0.25,6587.91,4940.93,0,201.92,2024,12,December,Thursday,6587.91,4940.9325
2024-12-26,ORD032561,CUST01429,P011,Mixer Grinder,Home,Mumbai,Online,UPI,2,4623.74,0.1,9247.48,8322.73,0,1772.63,2024,12,December,Thursday,9247.48,8322.732
2024-12-26,ORD003758,CUST02031,P011,Mixer Grinder,Home,Hyderabad,Online,Cash,2,4498.46,0.1,8996.92,8097.23,0,1044.36,2024,12,December,Thursday,8996.92,8097.228
2024-12-26,ORD047968,CUST04403,P002,Smartphone,Electronics,Bengaluru,Store,UPI,3,28768.47,0.05,86305.41,81990.14,0,10332.25,2024,12,December,Thursday,86305.41,81990.1395
2024-12-26,ORD048751,CUST00799,P020,Microwave,Home,Kolkata,Online,Credit Card,1,10820.26,0.0,10820.26,10820.26,0,2790.41,2024,12,December,Thursday,10820.26,10820.26
2024-12-26,ORD015329,CUST00497,P002,Smartphone,Electronics,Hyderabad,Online,Credit Card,1,29962.85,0.05,29962.85,28464.71,0,3800.92,2024,12,December,Thursday,29962.85,28464.707499999997
2024-12-26,ORD048769,CUST03874,P014,Keyboard,Electronics,Delhi,Store,Debit Card,1,2311.09,0.15,2311.09,1964.43,0,469.95,2024,12,December,Thursday,2311.09,1964.4265
2024-12-26,ORD043375,CUST04357,P001,Laptop,Electronics,Bengaluru,Store,Credit Card,1,67385.91,0.1,67385.91,60647.32,0,7981.82,2024,12,December,Thursday,67385.91,60647.319
2024-12-26,ORD011501,CUST02020,P006,Desk,Furniture,Kolkata,Online,Credit Card,1,11267.24,0.0,11267.24,11267.24,0,1053.84,2024,12,December,Thursday,11267.24,11267.24
2024-12-26,ORD001749,CUST00270,P001,Laptop,Electronics,Chennai,Online,Debit Card,1,64742.25,0.1,64742.25,58268.02,0,5808.36,2024,12,December,Thursday,64742.25,58268.025
2024-12-26,ORD000301,CUST04665,P019,Vacuum Cleaner,Home,Kolkata,Online,Credit Card,2,9882.65,0.1,19765.3,17788.77,0,4751.02,2024,12,December,Thursday,19765.3,17788.77
2024-12-26,ORD005610,CUST01790,P014,Keyboard,Electronics,Bengaluru,Online,UPI,1,2270.86,0.0,2270.86,2270.86,0,338.28,2024,12,December,Thursday,2270.86,2270.86
2024-12-26,ORD008955,CUST00816,P013,Monitor,Electronics,Hyderabad,Store,Credit Card,3,19659.3,0.05,58977.9,56029.0,0,14966.65,2024,12,December,Thursday,58977.899999999994,56029.005
2024-12-26,ORD037749,CUST04968,P005,Office Chair,Furniture,Pune,Online,UPI,1,10227.2,0.1,10227.2,9204.48,0,1273.26,2024,12,December,Thursday,10227.2,9204.480000000001
2024-12-26,ORD046468,CUST02524,P005,Office Chair,Furniture,Mumbai,Store,UPI,1,8959.67,0.1,8959.67,8063.7,0,1064.1,2024,12,December,Thursday,8959.67,8063.703
2024-12-26,ORD042722,CUST02471,P005,Office Chair,Furniture,Kolkata,Online,UPI,1,9076.26,0.1,9076.26,8168.63,0,1508.4,2024,12,December,Thursday,9076.26,8168.634
2024-12-26,ORD009331,CUST03051,P006,Desk,Furniture,Bengaluru,Store,UPI,2,13175.63,0.2,26351.26,21081.01,0,1433.28,2024,12,December,Thursday,26351.26,21081.008
2024-12-26,ORD024187,CUST03912,P012,Air Fryer,Home,Jaipur,Online,Credit Card,2,7803.88,0.0,15607.76,15607.76,0,2951.16,2024,12,December,Thursday,15607.76,15607.76
2024-12-26,ORD031000,CUST02346,P006,Desk,Furniture,Jaipur,Online,Debit Card,3,10831.08,0.1,32493.24,29243.92,0,3179.0,2024,12,December,Thursday,32493.239999999998,29243.916
2024-12-26,ORD000046,CUST01959,P003,Headphones,Electronics,Ahmedabad,Store,UPI,1,4564.33,0.05,4564.33,4336.11,0,1035.39,2024,12,December,Thursday,4564.33,4336.1134999999995
2024-12-26,ORD009491,CUST01352,P015,Dining Table,Furniture,Mumbai,Online,UPI,5,22418.58,0.05,112092.9,106488.26,1,-5324.41,2024,12,December,Thursday,112092.90000000001,106488.25499999999
2024-12-26,ORD011047,CUST00360,P008,Running Shoes,Fashion,Hyderabad,Online,UPI,2,4244.34,0.15,8488.68,7215.38,0,664.47,2024,12,December,Thursday,8488.68,7215.378
2024-12-26,ORD022858,CUST03978,P001,Laptop,Electronics,Chennai,Store,UPI,2,64883.41,0.1,129766.82,116790.14,0,16385.02,2024,12,December,Thursday,129766.82,116790.138
2024-12-26,ORD041993,CUST00382,P014,Keyboard,Electronics,Ahmedabad,Online,UPI,1,2445.83,0.15,2445.83,2078.96,0,131.81,2024,12,December,Thursday,2445.83,2078.9555
2024-12-26,ORD022115,CUST04953,P015,Dining Table,Furniture,Pune,Online,Credit Card,2,22400.77,0.05,44801.54,42561.46,0,5803.07,2024,12,December,Thursday,44801.54,42561.462999999996
2024-12-26,ORD017093,CUST00694,P001,Laptop,Electronics,Delhi,Online,UPI,2,68413.63,0.0,136827.26,136827.26,0,40957.9,2024,12,December,Thursday,136827.26,136827.26
2024-12-26,ORD032985,CUST01489,P017,Jeans,Fashion,Chennai,Store,UPI,1,2690.12,0.0,2690.12,2690.12,0,279.44,2024,12,December,Thursday,2690.12,2690.12
2024-12-26,ORD030878,CUST02246,P018,Jacket,Fashion,Bengaluru,Online,Credit Card,2,5229.8,0.05,10459.6,9936.62,0,2766.0,2024,12,December,Thursday,10459.6,9936.619999999999
2024-12-26,ORD040357,CUST03656,P005,Office Chair,Furniture,Kolkata,Store,Credit Card,1,9294.9,0.15,9294.9,7900.66,0,622.66,2024,12,December,Thursday,9294.9,7900.664999999999
2024-12-26,ORD020219,CUST04114,P016,Sofa,Furniture,Chennai,Online,UPI,1,38491.67,0.0,38491.67,38491.67,0,6852.1,2024,12,December,Thursday,38491.67,38491.67
2024-12-26,ORD010325,CUST01580,P010,Coffee Maker,Home,Hyderabad,Store,UPI,2,5051.14,0.0,10102.28,10102.28,0,1549.18,2024,12,December,Thursday,10102.28,10102.28
2024-12-26,ORD014262,CUST01798,P002,Smartphone,Electronics,Kolkata,Online,Credit Card,4,25557.03,0.15,102228.12,86893.9,0,21348.17,2024,12,December,Thursday,102228.12,86893.90199999999
2024-12-26,ORD009253,CUST03713,P005,Office Chair,Furniture,Surat,Online,Credit Card,3,8708.57,0.0,26125.71,26125.71,0,3323.81,2024,12,December,Thursday,26125.71,26125.71
2024-12-26,ORD040050,CUST02760,P011,Mixer Grinder,Home,Hyderabad,Online,UPI,1,5187.63,0.05,5187.63,4928.25,0,927.76,2024,12,December,Thursday,5187.63,4928.2485
2024-12-26,ORD008590,CUST02424,P013,Monitor,Electronics,Hyderabad,Store,Debit Card,1,18191.29,0.15,18191.29,15462.6,0,4037.81,2024,12,December,Thursday,18191.29,15462.5965
2024-12-26,ORD027522,CUST01136,P019,Vacuum Cleaner,Home,Mumbai,Store,Net Banking,1,9716.62,0.15,9716.62,8259.13,0,2033.95,2024,12,December,Thursday,9716.62,8259.127
2024-12-26,ORD004626,CUST02284,P001,Laptop,Electronics,Ahmedabad,Online,UPI,2,60973.29,0.05,121946.58,115849.25,0,11104.15,2024,12,December,Thursday,121946.58,115849.25099999999
2024-12-26,ORD020571,CUST03693,P006,Desk,Furniture,Ahmedabad,Online,Cash,2,11083.99,0.2,22167.98,17734.38,0,4046.2,2024,12,December,Thursday,22167.98,17734.384000000002
2024-12-26,ORD048604,CUST00541,P011,Mixer Grinder,Home,Jaipur,Online,Debit Card,1,4807.78,0.0,4807.78,4807.78,0,1023.89,2024,12,December,Thursday,4807.78,4807.78
2024-12-26,ORD017461,CUST01662,P004,Smartwatch,Electronics,Bengaluru,Store,UPI,2,6829.32,0.15,13658.64,11609.84,0,1963.9,2024,12,December,Thursday,13658.64,11609.844
2024-12-26,ORD028812,CUST04862,P020,Microwave,Home,Bengaluru,Online,UPI,3,11434.52,0.0,34303.56,34303.56,0,5580.15,2024,12,December,Thursday,34303.56,34303.56
2024-12-26,ORD020879,CUST03779,P017,Jeans,Fashion,Surat,Store,Credit Card,2,2850.6,0.1,5701.2,5131.08,0,1053.52,2024,12,December,Thursday,5701.2,5131.08
2024-12-26,ORD041127,CUST02532,P008,Running Shoes,Fashion,Bengaluru,Store,UPI,1,4310.04,0.0,4310.04,4310.04,0,587.86,2024,12,December,Thursday,4310.04,4310.04
2024-12-26,ORD041539,CUST00946,P009,T-Shirt,Fashion,Pune,Store,Credit Card,1,1164.27,0.2,1164.27,931.42,0,216.13,2024,12,December,Thursday,1164.27,931.416
2024-12-27,ORD002633,CUST03241,P002,Smartphone,Electronics,Delhi,Online,Debit Card,2,30797.98,0.05,61595.96,58516.16,0,4198.16,2024,12,December,Friday,61595.96,58516.162
2024-12-27,ORD046772,CUST02015,P005,Office Chair,Furniture,Mumbai,Store,UPI,1,9166.19,0.0,9166.19,9166.19,0,1173.93,2024,12,December,Friday,9166.19,9166.19
2024-12-27,ORD034379,CUST03541,P009,T-Shirt,Fashion,Delhi,Store,Debit Card,1,1086.58,0.1,1086.58,977.92,0,175.32,2024,12,December,Friday,1086.58,977.9219999999999
2024-12-27,ORD024478,CUST01252,P011,Mixer Grinder,Home,Mumbai,Online,Credit Card,1,4904.55,0.05,4904.55,4659.32,0,533.48,2024,12,December,Friday,4904.55,4659.3225
2024-12-27,ORD010962,CUST04700,P015,Dining Table,Furniture,Pune,Online,Credit Card,1,21547.35,0.0,21547.35,21547.35,1,-1077.37,2024,12,December,Friday,21547.35,21547.35
2024-12-27,ORD016522,CUST01311,P019,Vacuum Cleaner,Home,Hyderabad,Online,UPI,1,8863.49,0.1,8863.49,7977.14,0,1249.63,2024,12,December,Friday,8863.49,7977.141
2024-12-27,ORD035010,CUST04995,P002,Smartphone,Electronics,Bengaluru,Online,Debit Card,4,30241.0,0.15,120964.0,102819.4,0,23788.6,2024,12,December,Friday,120964.0,102819.4
2024-12-27,ORD039390,CUST03812,P017,Jeans,Fashion,Chennai,Store,Debit Card,3,2761.66,0.1,8284.98,7456.48,0,1168.44,2024,12,December,Friday,8284.98,7456.482
2024-12-27,ORD011962,CUST02344,P010,Coffee Maker,Home,Bengaluru,Store,UPI,1,5556.6,0.15,5556.6,4723.11,0,976.49,2024,12,December,Friday,5556.6,4723.110000000001
2024-12-27,ORD038597,CUST03841,P017,Jeans,Fashion,Bengaluru,Store,Credit Card,2,2664.16,0.1,5328.32,4795.49,1,-239.77,2024,12,December,Friday,5328.32,4795.488
2024-12-27,ORD029628,CUST00199,P018,Jacket,Fashion,Kolkata,Online,UPI,5,5398.53,0.2,26992.65,21594.12,0,4834.49,2024,12,December,Friday,26992.649999999998,21594.120000000003
2024-12-27,ORD018744,CUST03050,P002,Smartphone,Electronics,Bengaluru,Online,Cash,1,28021.45,0.0,28021.45,28021.45,1,-1401.07,2024,12,December,Friday,28021.45,28021.45
2024-12-27,ORD017168,CUST03617,P008,Running Shoes,Fashion,Hyderabad,Store,Credit Card,1,3994.96,0.1,3994.96,3595.46,0,615.44,2024,12,December,Friday,3994.96,3595.464
2024-12-27,ORD045085,CUST00364,P010,Coffee Maker,Home,Ahmedabad,Online,UPI,1,4981.39,0.1,4981.39,4483.25,0,280.26,2024,12,December,Friday,4981.39,4483.251
2024-12-27,ORD018369,CUST02709,P002,Smartphone,Electronics,Mumbai,Online,UPI,2,27953.56,0.05,55907.12,53111.76,0,11709.04,2024,12,December,Friday,55907.12,53111.764
2024-12-27,ORD018655,CUST02857,P005,Office Chair,Furniture,Ahmedabad,Store,Credit Card,1,10044.41,0.1,10044.41,9039.97,0,1829.94,2024,12,December,Friday,10044.41,9039.969000000001
2024-12-27,ORD049625,CUST04744,P010,Coffee Maker,Home,Bengaluru,Online,UPI,2,5038.42,0.05,10076.84,9573.0,0,1042.3,2024,12,December,Friday,10076.84,9572.998
2024-12-27,ORD013071,CUST03993,P001,Laptop,Electronics,Pune,Online,UPI,2,70960.66,0.05,141921.32,134825.25,0,30012.62,2024,12,December,Friday,141921.32,134825.254
2024-12-27,ORD025441,CUST03714,P018,Jacket,Fashion,Mumbai,Online,Debit Card,2,5230.23,0.0,10460.46,10460.46,0,2406.96,2024,12,December,Friday,10460.46,10460.46
2024-12-27,ORD026639,CUST03391,P016,Sofa,Furniture,Delhi,Store,Debit Card,2,38242.38,0.2,76484.76,61187.81,0,5493.73,2024,12,December,Friday,76484.76,61187.808
2024-12-27,ORD021374,CUST01392,P018,Jacket,Fashion,Surat,Online,UPI,4,5647.16,0.1,22588.64,20329.78,0,4833.33,2024,12,December,Friday,22588.64,20329.776
2024-12-27,ORD022261,CUST04078,P020,Microwave,Home,Jaipur,Online,UPI,2,10904.74,0.0,21809.48,21809.48,0,3970.55,2024,12,December,Friday,21809.48,21809.48
2024-12-27,ORD025560,CUST00426,P002,Smartphone,Electronics,Hyderabad,Online,Credit Card,3,26978.39,0.1,80935.17,72841.65,1,-3642.08,2024,12,December,Friday,80935.17,72841.653
2024-12-27,ORD031943,CUST01425,P002,Smartphone,Electronics,Delhi,Online,Credit Card,2,27363.14,0.0,54726.28,54726.28,0,16049.51,2024,12,December,Friday,54726.28,54726.28
2024-12-27,ORD033688,CUST01527,P014,Keyboard,Electronics,Ahmedabad,Store,UPI,1,2722.98,0.15,2722.98,2314.53,0,130.6,2024,12,December,Friday,2722.98,2314.533
2024-12-27,ORD049732,CUST03756,P019,Vacuum Cleaner,Home,Hyderabad,Store,UPI,3,9032.72,0.1,27098.16,24388.34,0,5663.83,2024,12,December,Friday,27098.159999999996,24388.344
2024-12-27,ORD044814,CUST03253,P009,T-Shirt,Fashion,Bengaluru,Online,UPI,1,1167.33,0.1,1167.33,1050.6,0,170.8,2024,12,December,Friday,1167.33,1050.597
2024-12-27,ORD029777,CUST04236,P019,Vacuum Cleaner,Home,Kolkata,Store,Credit Card,1,8939.4,0.1,8939.4,8045.46,0,887.7,2024,12,December,Friday,8939.4,8045.46
2024-12-27,ORD039495,CUST03513,P001,Laptop,Electronics,Delhi,Online,Debit Card,1,66615.17,0.0,66615.17,66615.17,0,16877.25,2024,12,December,Friday,66615.17,66615.17
2024-12-27,ORD004849,CUST04103,P002,Smartphone,Electronics,Mumbai,Store,Net Banking,3,25265.25,0.0,75795.75,75795.75,0,20493.09,2024,12,December,Friday,75795.75,75795.75
2024-12-27,ORD044360,CUST04270,P020,Microwave,Home,Pune,Online,Credit Card,2,10475.86,0.1,20951.72,18856.55,0,4593.19,2024,12,December,Friday,20951.72,18856.548000000003
2024-12-27,ORD046428,CUST00515,P004,Smartwatch,Electronics,Kolkata,Online,Cash,1,7197.53,0.0,7197.53,7197.53,0,1068.13,2024,12,December,Friday,7197.53,7197.53
2024-12-27,ORD034240,CUST02080,P003,Headphones,Electronics,Kolkata,Online,UPI,1,4552.55,0.05,4552.55,4324.92,0,1049.48,2024,12,December,Friday,4552.55,4324.9225
2024-12-27,ORD018899,CUST00330,P002,Smartphone,Electronics,Surat,Online,UPI,1,29394.84,0.05,29394.84,27925.1,0,4314.48,2024,12,December,Friday,29394.84,27925.097999999998
2024-12-27,ORD004426,CUST03047,P008,Running Shoes,Fashion,Surat,Online,Debit Card,1,4164.74,0.2,4164.74,3331.79,0,570.93,2024,12,December,Friday,4164.74,3331.792
2024-12-27,ORD017848,CUST01929,P014,Keyboard,Electronics,Delhi,Store,Debit Card,1,2701.25,0.1,2701.25,2431.12,0,230.23,2024,12,December,Friday,2701.25,2431.125
2024-12-27,ORD028225,CUST00626,P016,Sofa,Furniture,Bengaluru,Store,UPI,2,33915.48,0.05,67830.96,64439.41,0,16623.72,2024,12,December,Friday,67830.96,64439.412000000004
2024-12-27,ORD015658,CUST00880,P006,Desk,Furniture,Hyderabad,Online,Credit Card,3,11018.62,0.1,33055.86,29750.27,0,4576.18,2024,12,December,Friday,33055.86,29750.274
2024-12-27,ORD010267,CUST03740,P013,Monitor,Electronics,Delhi,Online,Credit Card,2,19522.3,0.1,39044.6,35140.14,0,5717.5,2024,12,December,Friday,39044.6,35140.14
2024-12-27,ORD043613,CUST04402,P011,Mixer Grinder,Home,Pune,Store,Credit Card,2,4761.44,0.0,9522.88,9522.88,0,2098.79,2024,12,December,Friday,9522.88,9522.88
2024-12-27,ORD029835,CUST02689,P020,Microwave,Home,Mumbai,Online,Cash,1,10080.19,0.1,10080.19,9072.17,0,2347.9,2024,12,December,Friday,10080.19,9072.171
2024-12-27,ORD022655,CUST00841,P008,Running Shoes,Fashion,Delhi,Online,Credit Card,2,3824.54,0.1,7649.08,6884.17,0,525.77,2024,12,December,Friday,7649.08,6884.1720000000005
2024-12-27,ORD019601,CUST01185,P018,Jacket,Fashion,Pune,Online,UPI,1,5398.09,0.15,5398.09,4588.38,0,928.26,2024,12,December,Friday,5398.09,4588.3765
2024-12-27,ORD048302,CUST00292,P007,Backpack,Accessories,Chennai,Store,Debit Card,1,2170.56,0.1,2170.56,1953.5,0,386.51,2024,12,December,Friday,2170.56,1953.504
2024-12-27,ORD028712,CUST04693,P006,Desk,Furniture,Surat,Online,Credit Card,1,11768.35,0.0,11768.35,11768.35,0,990.96,2024,12,December,Friday,11768.35,11768.35
2024-12-27,ORD003546,CUST03884,P015,Dining Table,Furniture,Mumbai,Online,Credit Card,1,22994.25,0.0,22994.25,22994.25,0,2676.34,2024,12,December,Friday,22994.25,22994.25
2024-12-27,ORD025368,CUST04706,P003,Headphones,Electronics,Bengaluru,Store,Cash,1,4916.24,0.1,4916.24,4424.62,1,-221.23,2024,12,December,Friday,4916.24,4424.616
2024-12-27,ORD010514,CUST01676,P002,Smartphone,Electronics,Surat,Store,Credit Card,1,25566.04,0.1,25566.04,23009.44,0,5372.45,2024,12,December,Friday,25566.04,23009.436
2024-12-27,ORD005015,CUST03644,P019,Vacuum Cleaner,Home,Ahmedabad,Store,UPI,1,8716.97,0.05,8716.97,8281.12,0,1819.25,2024,12,December,Friday,8716.97,8281.1215
2024-12-27,ORD006251,CUST01770,P005,Office Chair,Furniture,Chennai,Store,Credit Card,2,10005.87,0.0,20011.74,20011.74,0,5518.13,2024,12,December,Friday,20011.74,20011.74
2024-12-27,ORD047240,CUST01851,P014,Keyboard,Electronics,Mumbai,Store,UPI,1,2478.18,0.2,2478.18,1982.54,0,434.5,2024,12,December,Friday,2478.18,1982.5439999999999
2024-12-27,ORD024175,CUST01218,P019,Vacuum Cleaner,Home,Jaipur,Online,Cash,2,9594.59,0.1,19189.18,17270.26,0,4495.96,2024,12,December,Friday,19189.18,17270.262000000002
2024-12-27,ORD033954,CUST03215,P018,Jacket,Fashion,Mumbai,Online,UPI,3,5303.66,0.0,15910.98,15910.98,0,4308.12,2024,12,December,Friday,15910.98,15910.98
2024-12-27,ORD008944,CUST04936,P015,Dining Table,Furniture,Surat,Store,UPI,1,22009.81,0.15,22009.81,18708.34,0,3449.49,2024,12,December,Friday,22009.81,18708.3385
2024-12-27,ORD047982,CUST02642,P003,Headphones,Electronics,Chennai,Online,Credit Card,1,4365.55,0.05,4365.55,4147.27,0,536.55,2024,12,December,Friday,4365.55,4147.2725
2024-12-27,ORD008479,CUST00340,P004,Smartwatch,Electronics,Chennai,Online,Debit Card,3,6947.37,0.0,20842.11,20842.11,0,5840.99,2024,12,December,Friday,20842.11,20842.11
2024-12-27,ORD034631,CUST01575,P012,Air Fryer,Home,Hyderabad,Online,Credit Card,2,7330.34,0.1,14660.68,13194.61,1,-659.73,2024,12,December,Friday,14660.68,13194.612000000001
2024-12-27,ORD002782,CUST02954,P002,Smartphone,Electronics,Ahmedabad,Online,Credit Card,2,29745.29,0.05,59490.58,56516.05,0,15053.28,2024,12,December,Friday,59490.58,56516.051
2024-12-27,ORD025535,CUST03648,P002,Smartphone,Electronics,Pune,Online,Debit Card,2,25675.81,0.0,51351.62,51351.62,0,4934.96,2024,12,December,Friday,51351.62,51351.62
2024-12-27,ORD016736,CUST03713,P010,Coffee Maker,Home,Mumbai,Online,UPI,1,4977.24,0.0,4977.24,4977.24,1,-248.86,2024,12,December,Friday,4977.24,4977.24
2024-12-27,ORD008677,CUST00172,P017,Jeans,Fashion,Kolkata,Online,UPI,2,2800.72,0.15,5601.44,4761.22,0,389.91,2024,12,December,Friday,5601.44,4761.223999999999
2024-12-27,ORD032675,CUST04386,P013,Monitor,Electronics,Ahmedabad,Online,Credit Card,1,16418.83,0.05,16418.83,15597.89,0,4344.3,2024,12,December,Friday,16418.83,15597.888500000001
2024-12-28,ORD002032,CUST01999,P016,Sofa,Furniture,Mumbai,Online,UPI,5,33709.19,0.15,168545.95,143264.06,1,-7163.2,2024,12,December,Saturday,168545.95,143264.0575
2024-12-28,ORD036101,CUST03991,P008,Running Shoes,Fashion,Mumbai,Online,Net Banking,5,4346.02,0.1,21730.1,19557.09,0,1801.05,2024,12,December,Saturday,21730.100000000002,19557.09
2024-12-28,ORD019481,CUST01379,P005,Office Chair,Furniture,Delhi,Online,Cash,1,8773.11,0.2,8773.11,7018.49,0,1463.05,2024,12,December,Saturday,8773.11,7018.488000000001
2024-12-28,ORD043128,CUST03175,P004,Smartwatch,Electronics,Jaipur,Online,Cash,1,6508.99,0.05,6508.99,6183.54,0,1388.16,2024,12,December,Saturday,6508.99,6183.540499999999
2024-12-28,ORD005922,CUST04066,P008,Running Shoes,Fashion,Chennai,Online,UPI,2,4358.62,0.15,8717.24,7409.65,0,925.62,2024,12,December,Saturday,8717.24,7409.6539999999995
2024-12-28,ORD012019,CUST03325,P007,Backpack,Accessories,Pune,Online,Net Banking,1,2055.55,0.0,2055.55,2055.55,0,472.45,2024,12,December,Saturday,2055.55,2055.55
2024-12-28,ORD028385,CUST03021,P008,Running Shoes,Fashion,Pune,Store,UPI,1,4562.82,0.2,4562.82,3650.26,0,760.72,2024,12,December,Saturday,4562.82,3650.256
2024-12-28,ORD022164,CUST04749,P004,Smartwatch,Electronics,Ahmedabad,Online,Net Banking,2,6611.8,0.0,13223.6,13223.6,0,2380.25,2024,12,December,Saturday,13223.6,13223.6
2024-12-28,ORD005542,CUST02784,P004,Smartwatch,Electronics,Ahmedabad,Online,UPI,1,7357.53,0.0,7357.53,7357.53,0,1218.3,2024,12,December,Saturday,7357.53,7357.53
2024-12-28,ORD013096,CUST01127,P002,Smartphone,Electronics,Mumbai,Store,Debit Card,1,28035.36,0.0,28035.36,28035.36,0,2588.88,2024,12,December,Saturday,28035.36,28035.36
2024-12-28,ORD020098,CUST04700,P007,Backpack,Accessories,Mumbai,Store,UPI,1,2277.79,0.05,2277.79,2163.9,0,401.87,2024,12,December,Saturday,2277.79,2163.9004999999997
2024-12-28,ORD009950,CUST01174,P015,Dining Table,Furniture,Surat,Store,UPI,2,21422.86,0.0,42845.72,42845.72,0,10846.21,2024,12,December,Saturday,42845.72,42845.72
2024-12-28,ORD005576,CUST03678,P008,Running Shoes,Fashion,Surat,Online,Cash,1,4202.19,0.15,4202.19,3571.86,0,870.62,2024,12,December,Saturday,4202.19,3571.8614999999995
2024-12-28,ORD001194,CUST01717,P011,Mixer Grinder,Home,Kolkata,Online,Credit Card,1,5254.98,0.1,5254.98,4729.48,0,1244.29,2024,12,December,Saturday,5254.98,4729.482
2024-12-28,ORD000313,CUST00742,P001,Laptop,Electronics,Surat,Online,Credit Card,3,68736.03,0.1,206208.09,185587.28,0,36867.73,2024,12,December,Saturday,206208.09,185587.281
2024-12-28,ORD010161,CUST03602,P005,Office Chair,Furniture,Bengaluru,Online,Debit Card,1,8954.54,0.05,8954.54,8506.81,0,1879.67,2024,12,December,Saturday,8954.54,8506.813
2024-12-28,ORD035518,CUST01687,P018,Jacket,Fashion,Hyderabad,Online,UPI,1,5452.25,0.0,5452.25,5452.25,0,1310.76,2024,12,December,Saturday,5452.25,5452.25
2024-12-28,ORD026006,CUST04847,P012,Air Fryer,Home,Pune,Online,Credit Card,3,7836.65,0.1,23509.95,21158.96,0,4713.47,2024,12,December,Saturday,23509.949999999997,21158.955
2024-12-28,ORD026959,CUST00083,P002,Smartphone,Electronics,Ahmedabad,Online,UPI,1,26339.58,0.05,26339.58,25022.6,0,2358.22,2024,12,December,Saturday,26339.58,25022.601
2024-12-28,ORD044508,CUST02869,P015,Dining Table,Furniture,Kolkata,Store,Credit Card,1,22691.48,0.05,22691.48,21556.91,0,3159.58,2024,12,December,Saturday,22691.48,21556.906
2024-12-28,ORD025808,CUST01927,P009,T-Shirt,Fashion,Chennai,Online,Debit Card,2,1115.13,0.1,2230.26,2007.23,0,560.42,2024,12,December,Saturday,2230.26,2007.2340000000002
2024-12-28,ORD023110,CUST02811,P018,Jacket,Fashion,Ahmedabad,Online,UPI,1,5169.25,0.1,5169.25,4652.32,0,758.09,2024,12,December,Saturday,5169.25,4652.325
2024-12-28,ORD033119,CUST03746,P005,Office Chair,Furniture,Hyderabad,Store,UPI,2,10201.47,0.2,20402.94,16322.35,0,2468.33,2024,12,December,Saturday,20402.94,16322.351999999999
2024-12-28,ORD007150,CUST03076,P006,Desk,Furniture,Hyderabad,Online,Debit Card,2,11674.18,0.15,23348.36,19846.11,0,5023.82,2024,12,December,Saturday,23348.36,19846.106
2024-12-28,ORD036487,CUST01632,P008,Running Shoes,Fashion,Hyderabad,Online,Cash,1,4515.32,0.05,4515.32,4289.55,0,398.22,2024,12,December,Saturday,4515.32,4289.553999999999
2024-12-28,ORD029745,CUST03171,P020,Microwave,Home,Kolkata,Store,Debit Card,1,12071.47,0.05,12071.47,11467.9,0,2304.06,2024,12,December,Saturday,12071.47,11467.896499999999
2024-12-28,ORD002145,CUST00650,P001,Laptop,Electronics,Ahmedabad,Online,UPI,1,61609.6,0.2,61609.6,49287.68,0,7867.84,2024,12,December,Saturday,61609.6,49287.68
2024-12-28,ORD047027,CUST04719,P018,Jacket,Fashion,Kolkata,Online,UPI,2,4746.6,0.05,9493.2,9018.54,0,1027.69,2024,12,December,Saturday,9493.2,9018.54
2024-12-28,ORD024634,CUST03207,P012,Air Fryer,Home,Ahmedabad,Store,Net Banking,1,7446.5,0.05,7446.5,7074.17,0,689.67,2024,12,December,Saturday,7446.5,7074.174999999999
2024-12-28,ORD002304,CUST01442,P019,Vacuum Cleaner,Home,Hyderabad,Online,Cash,5,9120.24,0.15,45601.2,38761.02,0,2060.59,2024,12,December,Saturday,45601.2,38761.02
2024-12-28,ORD005772,CUST03310,P019,Vacuum Cleaner,Home,Kolkata,Online,Credit Card,1,9667.38,0.15,9667.38,8217.27,0,1387.29,2024,12,December,Saturday,9667.38,8217.273
2024-12-28,ORD019729,CUST00750,P010,Coffee Maker,Home,Hyderabad,Online,UPI,3,5791.94,0.15,17375.82,14769.45,0,2315.77,2024,12,December,Saturday,17375.82,14769.447
2024-12-28,ORD042854,CUST04677,P006,Desk,Furniture,Pune,Store,Credit Card,1,12832.14,0.0,12832.14,12832.14,0,2180.12,2024,12,December,Saturday,12832.14,12832.14
2024-12-28,ORD015771,CUST00471,P017,Jeans,Fashion,Kolkata,Online,Credit Card,1,2599.78,0.1,2599.78,2339.8,0,264.41,2024,12,December,Saturday,2599.78,2339.802
2024-12-28,ORD017757,CUST02138,P002,Smartphone,Electronics,Pune,Online,Credit Card,2,26915.51,0.2,53831.02,43064.82,1,-2153.24,2024,12,December,Saturday,53831.02,43064.816
2024-12-28,ORD026955,CUST04659,P012,Air Fryer,Home,Mumbai,Online,Cash,1,6760.41,0.05,6760.41,6422.39,0,1708.15,2024,12,December,Saturday,6760.41,6422.389499999999
2024-12-28,ORD038663,CUST04972,P006,Desk,Furniture,Surat,Online,Credit Card,1,12127.59,0.05,12127.59,11521.21,0,1785.62,2024,12,December,Saturday,12127.59,11521.2105
2024-12-28,ORD001000,CUST03455,P006,Desk,Furniture,Kolkata,Store,UPI,4,10825.26,0.25,43301.04,32475.78,1,-1623.79,2024,12,December,Saturday,43301.04,32475.78
2024-12-28,ORD003638,CUST02086,P005,Office Chair,Furniture,Kolkata,Store,Cash,1,10319.04,0.15,10319.04,8771.18,0,888.01,2024,12,December,Saturday,10319.04,8771.184000000001
2024-12-28,ORD032910,CUST03840,P020,Microwave,Home,Ahmedabad,Online,UPI,2,10102.62,0.0,20205.24,20205.24,0,3161.52,2024,12,December,Saturday,20205.24,20205.24
2024-12-28,ORD013606,CUST03069,P015,Dining Table,Furniture,Bengaluru,Store,Cash,1,21018.48,0.2,21018.48,16814.78,0,1717.16,2024,12,December,Saturday,21018.48,16814.784
2024-12-28,ORD036251,CUST00177,P010,Coffee Maker,Home,Hyderabad,Store,UPI,1,5938.89,0.1,5938.89,5345.0,0,929.19,2024,12,December,Saturday,5938.89,5345.001
2024-12-28,ORD008413,CUST04520,P004,Smartwatch,Electronics,Hyderabad,Online,Cash,3,7594.42,0.2,22783.26,18226.61,0,3384.25,2024,12,December,Saturday,22783.260000000002,18226.608
2024-12-28,ORD027453,CUST04678,P019,Vacuum Cleaner,Home,Delhi,Online,UPI,2,8148.69,0.15,16297.38,13852.77,0,3579.86,2024,12,December,Saturday,16297.38,13852.773
2024-12-28,ORD023004,CUST04944,P014,Keyboard,Electronics,Delhi,Online,UPI,1,2637.58,0.1,2637.58,2373.82,0,168.94,2024,12,December,Saturday,2637.58,2373.822
2024-12-28,ORD044210,CUST04425,P011,Mixer Grinder,Home,Ahmedabad,Store,Net Banking,1,4398.7,0.1,4398.7,3958.83,0,461.74,2024,12,December,Saturday,4398.7,3958.83
2024-12-28,ORD021146,CUST02296,P014,Keyboard,Electronics,Bengaluru,Online,Credit Card,4,2287.36,0.1,9149.44,8234.5,0,1636.28,2024,12,December,Saturday,9149.44,8234.496000000001
2024-12-28,ORD041774,CUST01347,P018,Jacket,Fashion,Ahmedabad,Online,UPI,1,4736.96,0.05,4736.96,4500.11,0,1160.81,2024,12,December,Saturday,4736.96,4500.112
2024-12-28,ORD047150,CUST04098,P004,Smartwatch,Electronics,Hyderabad,Online,Cash,1,6905.52,0.1,6905.52,6214.97,0,1250.33,2024,12,December,Saturday,6905.52,6214.968000000001
2024-12-28,ORD030725,CUST04452,P004,Smartwatch,Electronics,Bengaluru,Online,Credit Card,1,7528.15,0.15,7528.15,6398.93,0,1525.53,2024,12,December,Saturday,7528.15,6398.9275
2024-12-28,ORD013877,CUST00200,P020,Microwave,Home,Ahmedabad,Online,Credit Card,2,10703.13,0.15,21406.26,18195.32,0,3289.05,2024,12,December,Saturday,21406.26,18195.321
2024-12-28,ORD034829,CUST01612,P012,Air Fryer,Home,Mumbai,Store,Net Banking,1,7476.73,0.1,7476.73,6729.06,0,661.19,2024,12,December,Saturday,7476.73,6729.057
2024-12-28,ORD022068,CUST03672,P012,Air Fryer,Home,Bengaluru,Store,Net Banking,4,7056.75,0.15,28227.0,23992.95,0,2906.7,2024,12,December,Saturday,28227.0,23992.95
2024-12-28,ORD040178,CUST00679,P004,Smartwatch,Electronics,Delhi,Online,UPI,1,6669.12,0.1,6669.12,6002.21,0,430.54,2024,12,December,Saturday,6669.12,6002.208
2024-12-28,ORD018646,CUST04572,P003,Headphones,Electronics,Mumbai,Store,Debit Card,1,4651.1,0.0,4651.1,4651.1,0,494.69,2024,12,December,Saturday,4651.1,4651.1
2024-12-28,ORD010399,CUST02322,P005,Office Chair,Furniture,Kolkata,Online,Cash,1,8838.7,0.15,8838.7,7512.9,0,1782.01,2024,12,December,Saturday,8838.7,7512.895
2024-12-28,ORD021973,CUST02130,P003,Headphones,Electronics,Hyderabad,Online,UPI,1,4742.28,0.1,4742.28,4268.05,0,316.22,2024,12,December,Saturday,4742.28,4268.052
2024-12-28,ORD026248,CUST02467,P007,Backpack,Accessories,Surat,Online,Cash,1,2203.52,0.1,2203.52,1983.17,0,380.7,2024,12,December,Saturday,2203.52,1983.1680000000001
2024-12-28,ORD013960,CUST03119,P017,Jeans,Fashion,Ahmedabad,Online,Debit Card,1,3034.95,0.0,3034.95,3034.95,0,300.26,2024,12,December,Saturday,3034.95,3034.95
2024-12-28,ORD021869,CUST01185,P015,Dining Table,Furniture,Chennai,Store,Debit Card,1,20809.08,0.1,20809.08,18728.17,0,1170.71,2024,12,December,Saturday,20809.08,18728.172000000002
2024-12-28,ORD011529,CUST00280,P007,Backpack,Accessories,Hyderabad,Online,Credit Card,1,2222.66,0.1,2222.66,2000.39,0,391.35,2024,12,December,Saturday,2222.66,2000.394
2024-12-28,ORD018611,CUST04842,P017,Jeans,Fashion,Mumbai,Store,Debit Card,2,2888.15,0.0,5776.3,5776.3,0,912.49,2024,12,December,Saturday,5776.3,5776.3
2024-12-28,ORD013939,CUST02479,P018,Jacket,Fashion,Pune,Online,UPI,5,5266.09,0.1,26330.45,23697.41,0,5794.35,2024,12,December,Saturday,26330.45,23697.405000000002
2024-12-28,ORD048538,CUST03890,P005,Office Chair,Furniture,Delhi,Online,UPI,1,9392.52,0.05,9392.52,8922.89,0,2272.88,2024,12,December,Saturday,9392.52,8922.894
2024-12-28,ORD033488,CUST00350,P016,Sofa,Furniture,Chennai,Online,Credit Card,1,37750.53,0.1,37750.53,33975.48,0,8791.23,2024,12,December,Saturday,37750.53,33975.477
2024-12-28,ORD037025,CUST00398,P020,Microwave,Home,Surat,Online,Net Banking,1,11499.17,0.0,11499.17,11499.17,0,1539.63,2024,12,December,Saturday,11499.17,11499.17
2024-12-28,ORD013705,CUST04736,P016,Sofa,Furniture,Kolkata,Store,Cash,2,34949.62,0.0,69899.24,69899.24,1,-3494.96,2024,12,December,Saturday,69899.24,69899.24
2024-12-28,ORD001882,CUST03779,P005,Office Chair,Furniture,Ahmedabad,Online,UPI,1,10157.87,0.15,10157.87,8634.19,0,753.61,2024,12,December,Saturday,10157.87,8634.1895
2024-12-28,ORD004063,CUST03443,P018,Jacket,Fashion,Jaipur,Online,Debit Card,1,4978.55,0.0,4978.55,4978.55,0,514.22,2024,12,December,Saturday,4978.55,4978.55
2024-12-28,ORD031005,CUST03310,P010,Coffee Maker,Home,Chennai,Store,UPI,1,5358.41,0.2,5358.41,4286.73,0,298.38,2024,12,December,Saturday,5358.41,4286.728
2024-12-28,ORD042369,CUST03664,P004,Smartwatch,Electronics,Pune,Online,UPI,1,7004.08,0.15,7004.08,5953.47,0,1534.34,2024,12,December,Saturday,7004.08,5953.468
2024-12-28,ORD002631,CUST03368,P011,Mixer Grinder,Home,Pune,Store,Cash,1,4361.21,0.15,4361.21,3707.03,0,902.85,2024,12,December,Saturday,4361.21,3707.0285
2024-12-28,ORD011523,CUST04665,P014,Keyboard,Electronics,Chennai,Store,UPI,2,2420.99,0.05,4841.98,4599.88,0,773.29,2024,12,December,Saturday,4841.98,4599.880999999999
2024-12-28,ORD039993,CUST04979,P015,Dining Table,Furniture,Mumbai,Online,UPI,1,21149.38,0.05,21149.38,20091.91,0,4273.98,2024,12,December,Saturday,21149.38,20091.911
2024-12-28,ORD028302,CUST04548,P015,Dining Table,Furniture,Ahmedabad,Store,Cash,1,20443.29,0.2,20443.29,16354.63,0,3261.72,2024,12,December,Saturday,20443.29,16354.632000000001
2024-12-28,ORD048438,CUST04152,P008,Running Shoes,Fashion,Pune,Online,Credit Card,3,4560.02,0.05,13680.06,12996.06,0,2876.54,2024,12,December,Saturday,13680.060000000001,12996.056999999999
2024-12-29,ORD011980,CUST03259,P004,Smartwatch,Electronics,Jaipur,Store,UPI,1,7383.53,0.2,7383.53,5906.82,0,1135.06,2024,12,December,Sunday,7383.53,5906.8240000000005
2024-12-29,ORD005476,CUST04030,P013,Monitor,Electronics,Chennai,Online,Cash,2,17065.98,0.0,34131.96,34131.96,0,7468.42,2024,12,December,Sunday,34131.96,34131.96
2024-12-29,ORD049011,CUST02194,P009,T-Shirt,Fashion,Hyderabad,Store,Credit Card,1,1130.14,0.1,1130.14,1017.13,0,280.1,2024,12,December,Sunday,1130.14,1017.1260000000001
2024-12-29,ORD001470,CUST00246,P002,Smartphone,Electronics,Kolkata,Store,Credit Card,2,28950.71,0.05,57901.42,55006.35,0,10011.98,2024,12,December,Sunday,57901.42,55006.348999999995
2024-12-29,ORD027863,CUST01374,P005,Office Chair,Furniture,Mumbai,Online,Cash,1,8883.59,0.1,8883.59,7995.23,0,1419.81,2024,12,December,Sunday,8883.59,7995.231000000001
2024-12-29,ORD016929,CUST02485,P002,Smartphone,Electronics,Surat,Online,Credit Card,4,30339.95,0.0,121359.8,121359.8,0,20545.16,2024,12,December,Sunday,121359.8,121359.8
2024-12-29,ORD026656,CUST04530,P009,T-Shirt,Fashion,Ahmedabad,Store,Credit Card,1,1298.36,0.05,1298.36,1233.44,1,-61.67,2024,12,December,Sunday,1298.36,1233.4419999999998
2024-12-29,ORD000150,CUST04987,P005,Office Chair,Furniture,Delhi,Online,UPI,1,9299.29,0.1,9299.29,8369.36,0,1877.35,2024,12,December,Sunday,9299.29,8369.361
2024-12-29,ORD030737,CUST02533,P002,Smartphone,Electronics,Hyderabad,Store,Credit Card,1,25859.24,0.05,25859.24,24566.28,0,2693.77,2024,12,December,Sunday,25859.24,24566.278000000002
2024-12-29,ORD024659,CUST02981,P011,Mixer Grinder,Home,Chennai,Online,Credit Card,1,4343.24,0.0,4343.24,4343.24,0,351.24,2024,12,December,Sunday,4343.24,4343.24
2024-12-29,ORD047008,CUST00868,P015,Dining Table,Furniture,Chennai,Online,Net Banking,3,23714.73,0.1,71144.19,64029.77,0,5105.11,2024,12,December,Sunday,71144.19,64029.771
2024-12-29,ORD020006,CUST04367,P001,Laptop,Electronics,Chennai,Store,Credit Card,2,66950.35,0.15,133900.7,113815.6,0,12440.17,2024,12,December,Sunday,133900.7,113815.595
2024-12-29,ORD003489,CUST00662,P014,Keyboard,Electronics,Surat,Online,Credit Card,2,2272.86,0.05,4545.72,4318.43,0,1105.87,2024,12,December,Sunday,4545.72,4318.434
2024-12-29,ORD007885,CUST00352,P001,Laptop,Electronics,Kolkata,Store,Cash,2,70321.35,0.1,140642.7,126578.43,0,12758.3,2024,12,December,Sunday,140642.7,126578.43000000001
2024-12-29,ORD023109,CUST04931,P018,Jacket,Fashion,Delhi,Store,UPI,2,5175.32,0.2,10350.64,8280.51,0,1075.31,2024,12,December,Sunday,10350.64,8280.512
2024-12-29,ORD020038,CUST00440,P007,Backpack,Accessories,Mumbai,Store,UPI,2,2008.4,0.0,4016.8,4016.8,0,413.54,2024,12,December,Sunday,4016.8,4016.8
2024-12-29,ORD026172,CUST02211,P007,Backpack,Accessories,Chennai,Online,Credit Card,2,1984.15,0.0,3968.3,3968.3,0,961.47,2024,12,December,Sunday,3968.3,3968.3
2024-12-29,ORD017631,CUST01163,P018,Jacket,Fashion,Pune,Online,Credit Card,1,4722.8,0.05,4722.8,4486.66,0,606.32,2024,12,December,Sunday,4722.8,4486.66
2024-12-29,ORD015514,CUST00332,P016,Sofa,Furniture,Hyderabad,Online,Cash,3,36585.82,0.05,109757.46,104269.59,0,19342.56,2024,12,December,Sunday,109757.45999999999,104269.587
2024-12-29,ORD049268,CUST04742,P020,Microwave,Home,Jaipur,Online,Credit Card,1,10606.79,0.05,10606.79,10076.45,0,2048.13,2024,12,December,Sunday,10606.79,10076.4505
2024-12-29,ORD031001,CUST00235,P012,Air Fryer,Home,Ahmedabad,Store,Debit Card,2,7060.93,0.0,14121.86,14121.86,0,3774.17,2024,12,December,Sunday,14121.86,14121.86
2024-12-29,ORD046664,CUST02619,P005,Office Chair,Furniture,Surat,Online,Debit Card,1,9530.32,0.15,9530.32,8100.77,0,1503.51,2024,12,December,Sunday,9530.32,8100.772
2024-12-29,ORD008725,CUST01422,P020,Microwave,Home,Surat,Online,UPI,1,10910.56,0.05,10910.56,10365.03,0,2293.03,2024,12,December,Sunday,10910.56,10365.032
2024-12-29,ORD029690,CUST04365,P014,Keyboard,Electronics,Delhi,Online,Credit Card,3,2629.24,0.15,7887.72,6704.56,0,594.31,2024,12,December,Sunday,7887.719999999999,6704.562
2024-12-29,ORD018108,CUST02762,P010,Coffee Maker,Home,Jaipur,Store,Debit Card,2,5038.3,0.0,10076.6,10076.6,0,1059.74,2024,12,December,Sunday,10076.6,10076.6
2024-12-29,ORD018993,CUST03034,P001,Laptop,Electronics,Jaipur,Store,UPI,1,61624.24,0.05,61624.24,58543.03,0,16183.93,2024,12,December,Sunday,61624.24,58543.028
2024-12-29,ORD024524,CUST04018,P018,Jacket,Fashion,Ahmedabad,Store,Credit Card,1,4694.71,0.1,4694.71,4225.24,0,937.84,2024,12,December,Sunday,4694.71,4225.2390000000005
2024-12-29,ORD004542,CUST00744,P011,Mixer Grinder,Home,Surat,Store,Credit Card,1,4381.91,0.1,4381.91,3943.72,0,349.95,2024,12,December,Sunday,4381.91,3943.719
2024-12-29,ORD000198,CUST04284,P007,Backpack,Accessories,Jaipur,Store,Credit Card,1,2300.98,0.1,2300.98,2070.88,0,196.65,2024,12,December,Sunday,2300.98,2070.882
2024-12-29,ORD046796,CUST02062,P002,Smartphone,Electronics,Pune,Online,Debit Card,2,27926.87,0.15,55853.74,47475.68,0,9160.71,2024,12,December,Sunday,55853.74,47475.679
2024-12-29,ORD010822,CUST01678,P013,Monitor,Electronics,Ahmedabad,Online,UPI,1,19071.94,0.15,19071.94,16211.15,0,980.04,2024,12,December,Sunday,19071.94,16211.148999999998
2024-12-29,ORD032881,CUST02467,P019,Vacuum Cleaner,Home,Surat,Online,UPI,1,9697.06,0.2,9697.06,7757.65,0,1604.29,2024,12,December,Sunday,9697.06,7757.648
2024-12-29,ORD013569,CUST03391,P016,Sofa,Furniture,Kolkata,Store,UPI,3,33842.65,0.05,101527.95,96451.55,0,9324.85,2024,12,December,Sunday,101527.95000000001,96451.55249999999
2024-12-29,ORD005934,CUST03194,P004,Smartwatch,Electronics,Chennai,Online,Credit Card,2,7102.81,0.25,14205.62,10654.22,0,1992.29,2024,12,December,Sunday,14205.62,10654.215
2024-12-29,ORD010897,CUST03351,P006,Desk,Furniture,Mumbai,Online,Cash,4,11435.85,0.15,45743.4,38881.89,0,9190.47,2024,12,December,Sunday,45743.4,38881.89
2024-12-29,ORD027035,CUST03246,P011,Mixer Grinder,Home,Mumbai,Store,Cash,4,4646.15,0.15,18584.6,15796.91,0,2363.45,2024,12,December,Sunday,18584.6,15796.909999999998
2024-12-29,ORD012258,CUST03018,P002,Smartphone,Electronics,Mumbai,Store,UPI,1,29709.34,0.1,29709.34,26738.41,0,5811.83,2024,12,December,Sunday,29709.34,26738.406
2024-12-29,ORD013766,CUST03806,P017,Jeans,Fashion,Ahmedabad,Online,UPI,1,2695.17,0.05,2695.17,2560.41,0,723.31,2024,12,December,Sunday,2695.17,2560.4115
2024-12-29,ORD020167,CUST03913,P011,Mixer Grinder,Home,Kolkata,Online,UPI,1,5048.03,0.2,5048.03,4038.42,0,912.67,2024,12,December,Sunday,5048.03,4038.424
2024-12-29,ORD021664,CUST03775,P016,Sofa,Furniture,Pune,Online,UPI,1,33810.19,0.2,33810.19,27048.15,0,5793.84,2024,12,December,Sunday,33810.19,27048.152000000002
2024-12-29,ORD003857,CUST02957,P012,Air Fryer,Home,Surat,Online,UPI,4,7586.03,0.0,30344.12,30344.12,0,4965.21,2024,12,December,Sunday,30344.12,30344.12
2024-12-29,ORD003460,CUST01948,P008,Running Shoes,Fashion,Jaipur,Online,UPI,1,4178.05,0.1,4178.05,3760.25,0,834.38,2024,12,December,Sunday,4178.05,3760.2450000000003
2024-12-29,ORD017068,CUST00062,P018,Jacket,Fashion,Bengaluru,Online,Cash,1,5197.21,0.05,5197.21,4937.35,0,1256.63,2024,12,December,Sunday,5197.21,4937.349499999999
2024-12-29,ORD016658,CUST02413,P006,Desk,Furniture,Kolkata,Online,Credit Card,1,11106.34,0.1,11106.34,9995.71,0,721.97,2024,12,December,Sunday,11106.34,9995.706
2024-12-29,ORD042632,CUST03836,P002,Smartphone,Electronics,Bengaluru,Online,Debit Card,2,29294.63,0.25,58589.26,43941.94,0,2544.15,2024,12,December,Sunday,58589.26,43941.945
2024-12-29,ORD004576,CUST01316,P007,Backpack,Accessories,Delhi,Online,Net Banking,1,1984.2,0.05,1984.2,1884.99,0,275.07,2024,12,December,Sunday,1984.2,1884.99
2024-12-29,ORD021962,CUST02406,P009,T-Shirt,Fashion,Mumbai,Online,UPI,1,1093.31,0.0,1093.31,1093.31,0,304.16,2024,12,December,Sunday,1093.31,1093.31
2024-12-29,ORD046305,CUST00546,P007,Backpack,Accessories,Hyderabad,Online,Debit Card,1,2148.52,0.05,2148.52,2041.09,0,334.19,2024,12,December,Sunday,2148.52,2041.0939999999998
2024-12-29,ORD022725,CUST02060,P011,Mixer Grinder,Home,Mumbai,Store,UPI,5,5201.64,0.0,26008.2,26008.2,0,2831.91,2024,12,December,Sunday,26008.2,26008.2
2024-12-29,ORD019268,CUST02717,P012,Air Fryer,Home,Pune,Online,UPI,1,7649.35,0.05,7649.35,7266.88,0,1933.54,2024,12,December,Sunday,7649.35,7266.8825
2024-12-29,ORD025151,CUST00700,P005,Office Chair,Furniture,Jaipur,Store,Credit Card,1,8766.89,0.0,8766.89,8766.89,0,787.83,2024,12,December,Sunday,8766.89,8766.89
2024-12-29,ORD027762,CUST04316,P016,Sofa,Furniture,Jaipur,Online,UPI,1,33015.07,0.1,33015.07,29713.56,0,2720.07,2024,12,December,Sunday,33015.07,29713.563000000002
2024-12-29,ORD040531,CUST01224,P003,Headphones,Electronics,Ahmedabad,Online,Debit Card,2,4785.43,0.1,9570.86,8613.77,0,709.09,2024,12,December,Sunday,9570.86,8613.774000000001
2024-12-29,ORD036839,CUST04925,P011,Mixer Grinder,Home,Pune,Online,Credit Card,1,4658.69,0.15,4658.69,3959.89,0,791.81,2024,12,December,Sunday,4658.69,3959.8864999999996
2024-12-29,ORD005158,CUST00191,P016,Sofa,Furniture,Kolkata,Store,UPI,1,33175.46,0.0,33175.46,33175.46,0,9928.31,2024,12,December,Sunday,33175.46,33175.46
2024-12-29,ORD009686,CUST04531,P015,Dining Table,Furniture,Surat,Store,UPI,1,23040.49,0.15,23040.49,19584.42,0,2969.19,2024,12,December,Sunday,23040.49,19584.4165
2024-12-29,ORD014512,CUST02999,P015,Dining Table,Furniture,Jaipur,Online,UPI,1,21906.13,0.0,21906.13,21906.13,0,3739.03,2024,12,December,Sunday,21906.13,21906.13
2024-12-29,ORD011603,CUST01851,P001,Laptop,Electronics,Pune,Store,Net Banking,1,67525.71,0.1,67525.71,60773.14,0,8463.62,2024,12,December,Sunday,67525.71,60773.13900000001
2024-12-29,ORD041998,CUST00393,P010,Coffee Maker,Home,Delhi,Store,Debit Card,1,5133.41,0.05,5133.41,4876.74,0,981.15,2024,12,December,Sunday,5133.41,4876.7395
2024-12-29,ORD013764,CUST01360,P014,Keyboard,Electronics,Chennai,Online,UPI,1,2357.42,0.05,2357.42,2239.55,0,367.73,2024,12,December,Sunday,2357.42,2239.549
2024-12-29,ORD005354,CUST02933,P018,Jacket,Fashion,Hyderabad,Online,Debit Card,3,4931.24,0.25,14793.72,11095.29,0,1370.04,2024,12,December,Sunday,14793.72,11095.289999999999
2024-12-29,ORD018527,CUST01038,P008,Running Shoes,Fashion,Kolkata,Online,UPI,2,3820.95,0.05,7641.9,7259.8,0,1669.44,2024,12,December,Sunday,7641.9,7259.804999999999
2024-12-30,ORD033202,CUST04559,P013,Monitor,Electronics,Jaipur,Online,Credit Card,1,18873.93,0.0,18873.93,18873.93,0,5569.83,2024,12,December,Monday,18873.93,18873.93
2024-12-30,ORD036526,CUST00277,P010,Coffee Maker,Home,Pune,Online,Net Banking,1,5205.08,0.1,5205.08,4684.57,0,1022.91,2024,12,December,Monday,5205.08,4684.572
2024-12-30,ORD028802,CUST00244,P018,Jacket,Fashion,Jaipur,Store,UPI,1,4955.9,0.2,4955.9,3964.72,0,906.54,2024,12,December,Monday,4955.9,3964.72
2024-12-30,ORD023512,CUST03921,P018,Jacket,Fashion,Kolkata,Online,UPI,1,4722.64,0.0,4722.64,4722.64,0,526.79,2024,12,December,Monday,4722.64,4722.64
2024-12-30,ORD028431,CUST02623,P018,Jacket,Fashion,Bengaluru,Online,UPI,1,5489.74,0.05,5489.74,5215.25,0,1468.15,2024,12,December,Monday,5489.74,5215.253
2024-12-30,ORD002056,CUST01599,P002,Smartphone,Electronics,Jaipur,Online,Credit Card,1,30113.71,0.0,30113.71,30113.71,0,9014.73,2024,12,December,Monday,30113.71,30113.71
2024-12-30,ORD013179,CUST00554,P007,Backpack,Accessories,Mumbai,Store,Net Banking,2,2128.3,0.15,4256.6,3618.11,0,551.1,2024,12,December,Monday,4256.6,3618.11
2024-12-30,ORD012915,CUST04583,P017,Jeans,Fashion,Kolkata,Online,Net Banking,1,2801.04,0.15,2801.04,2380.88,0,360.71,2024,12,December,Monday,2801.04,2380.884
2024-12-30,ORD017782,CUST04680,P010,Coffee Maker,Home,Delhi,Store,Net Banking,2,5458.01,0.15,10916.02,9278.62,0,972.24,2024,12,December,Monday,10916.02,9278.617
2024-12-30,ORD011873,CUST00919,P011,Mixer Grinder,Home,Ahmedabad,Store,Cash,1,5191.73,0.15,5191.73,4412.97,0,602.92,2024,12,December,Monday,5191.73,4412.970499999999
2024-12-30,ORD019206,CUST04491,P011,Mixer Grinder,Home,Pune,Online,Credit Card,3,4510.86,0.05,13532.58,12855.95,0,3549.95,2024,12,December,Monday,13532.579999999998,12855.951
2024-12-30,ORD044354,CUST01140,P017,Jeans,Fashion,Mumbai,Online,Net Banking,1,2868.9,0.15,2868.9,2438.56,0,272.5,2024,12,December,Monday,2868.9,2438.565
2024-12-30,ORD014469,CUST01767,P011,Mixer Grinder,Home,Chennai,Store,UPI,2,4530.02,0.05,9060.04,8607.04,0,798.1,2024,12,December,Monday,9060.04,8607.038
2024-12-30,ORD023063,CUST03987,P007,Backpack,Accessories,Pune,Online,Credit Card,2,2251.32,0.1,4502.64,4052.38,0,397.36,2024,12,December,Monday,4502.64,4052.376
2024-12-30,ORD003457,CUST00902,P004,Smartwatch,Electronics,Surat,Online,UPI,1,7269.8,0.0,7269.8,7269.8,0,1708.36,2024,12,December,Monday,7269.8,7269.8
2024-12-30,ORD028967,CUST01960,P004,Smartwatch,Electronics,Ahmedabad,Store,Debit Card,4,7337.95,0.05,29351.8,27884.21,0,6104.87,2024,12,December,Monday,29351.8,27884.21
2024-12-30,ORD007576,CUST04094,P004,Smartwatch,Electronics,Bengaluru,Store,Net Banking,2,6617.3,0.1,13234.6,11911.14,0,1132.18,2024,12,December,Monday,13234.6,11911.140000000001
2024-12-30,ORD006886,CUST01556,P014,Keyboard,Electronics,Bengaluru,Online,UPI,2,2252.87,0.15,4505.74,3829.88,0,987.8,2024,12,December,Monday,4505.74,3829.879
2024-12-30,ORD030889,CUST02222,P012,Air Fryer,Home,Delhi,Online,Cash,1,7041.38,0.05,7041.38,6689.31,0,1846.82,2024,12,December,Monday,7041.38,6689.311
2024-12-30,ORD033413,CUST04130,P003,Headphones,Electronics,Delhi,Store,Credit Card,1,4746.92,0.0,4746.92,4746.92,0,884.52,2024,12,December,Monday,4746.92,4746.92
2024-12-30,ORD011363,CUST04952,P017,Jeans,Fashion,Mumbai,Store,UPI,1,2743.86,0.1,2743.86,2469.47,0,340.73,2024,12,December,Monday,2743.86,2469.474
2024-12-30,ORD000714,CUST03414,P017,Jeans,Fashion,Kolkata,Store,Credit Card,4,3049.8,0.2,12199.2,9759.36,0,672.85,2024,12,December,Monday,12199.2,9759.36
2024-12-30,ORD037571,CUST04129,P014,Keyboard,Electronics,Pune,Store,Cash,2,2480.95,0.05,4961.9,4713.8,0,538.89,2024,12,December,Monday,4961.9,4713.804999999999
2024-12-30,ORD019409,CUST00599,P007,Backpack,Accessories,Hyderabad,Online,Credit Card,2,2020.18,0.1,4040.36,3636.32,0,976.44,2024,12,December,Monday,4040.36,3636.324
2024-12-30,ORD025131,CUST02033,P016,Sofa,Furniture,Surat,Store,Credit Card,1,32445.84,0.1,32445.84,29201.26,0,1757.38,2024,12,December,Monday,32445.84,29201.256
2024-12-30,ORD009846,CUST02502,P006,Desk,Furniture,Ahmedabad,Online,Debit Card,1,12829.11,0.0,12829.11,12829.11,0,1453.5,2024,12,December,Monday,12829.11,12829.11
2024-12-30,ORD042904,CUST00786,P015,Dining Table,Furniture,Ahmedabad,Online,UPI,2,22230.18,0.15,44460.36,37791.31,0,10057.64,2024,12,December,Monday,44460.36,37791.306
2024-12-30,ORD000812,CUST04643,P019,Vacuum Cleaner,Home,Ahmedabad,Online,Credit Card,1,9420.12,0.05,9420.12,8949.11,0,1005.59,2024,12,December,Monday,9420.12,8949.114
2024-12-30,ORD047978,CUST03743,P020,Microwave,Home,Mumbai,Store,UPI,3,10683.64,0.15,32050.92,27243.28,0,3325.15,2024,12,December,Monday,32050.92,27243.282
2024-12-30,ORD022437,CUST02060,P004,Smartwatch,Electronics,Kolkata,Store,Credit Card,1,7001.7,0.1,7001.7,6301.53,0,954.76,2024,12,December,Monday,7001.7,6301.53
2024-12-30,ORD005400,CUST04634,P001,Laptop,Electronics,Bengaluru,Store,Net Banking,1,70929.56,0.0,70929.56,70929.56,0,11515.03,2024,12,December,Monday,70929.56,70929.56
2024-12-30,ORD002734,CUST03501,P009,T-Shirt,Fashion,Kolkata,Online,Debit Card,1,1187.32,0.1,1187.32,1068.59,1,-53.43,2024,12,December,Monday,1187.32,1068.588
2024-12-30,ORD043550,CUST03438,P006,Desk,Furniture,Chennai,Online,UPI,1,12546.34,0.25,12546.34,9409.76,0,2235.08,2024,12,December,Monday,12546.34,9409.755000000001
2024-12-30,ORD048107,CUST02590,P017,Jeans,Fashion,Hyderabad,Store,UPI,1,2933.11,0.2,2933.11,2346.49,0,158.57,2024,12,December,Monday,2933.11,2346.4880000000003
2024-12-30,ORD005449,CUST02024,P004,Smartwatch,Electronics,Jaipur,Online,UPI,1,7373.8,0.05,7373.8,7005.11,0,1422.26,2024,12,December,Monday,7373.8,7005.11
2024-12-30,ORD005806,CUST00516,P001,Laptop,Electronics,Pune,Online,UPI,1,60495.94,0.2,60495.94,48396.75,0,7560.06,2024,12,December,Monday,60495.94,48396.75200000001
2024-12-30,ORD025621,CUST04200,P013,Monitor,Electronics,Bengaluru,Online,Cash,1,19379.45,0.0,19379.45,19379.45,0,4779.82,2024,12,December,Monday,19379.45,19379.45
2024-12-30,ORD033278,CUST00484,P009,T-Shirt,Fashion,Ahmedabad,Online,UPI,1,1189.67,0.15,1189.67,1011.22,0,72.19,2024,12,December,Monday,1189.67,1011.2195
2024-12-30,ORD006942,CUST00398,P020,Microwave,Home,Jaipur,Store,Credit Card,1,10589.94,0.0,10589.94,10589.94,0,1010.38,2024,12,December,Monday,10589.94,10589.94
2024-12-30,ORD044470,CUST02615,P018,Jacket,Fashion,Jaipur,Online,Credit Card,1,4750.04,0.15,4750.04,4037.53,0,1051.71,2024,12,December,Monday,4750.04,4037.5339999999997
2024-12-30,ORD032635,CUST01386,P013,Monitor,Electronics,Surat,Online,Cash,1,17046.28,0.25,17046.28,12784.71,1,-639.24,2024,12,December,Monday,17046.28,12784.71
2024-12-30,ORD001843,CUST03940,P019,Vacuum Cleaner,Home,Chennai,Online,Debit Card,2,9027.94,0.1,18055.88,16250.29,0,2397.23,2024,12,December,Monday,18055.88,16250.292000000001
2024-12-30,ORD016938,CUST02009,P006,Desk,Furniture,Bengaluru,Store,UPI,1,12223.55,0.0,12223.55,12223.55,0,1934.67,2024,12,December,Monday,12223.55,12223.55
2024-12-30,ORD044513,CUST02966,P020,Microwave,Home,Mumbai,Online,Cash,4,10577.2,0.15,42308.8,35962.48,0,7368.49,2024,12,December,Monday,42308.8,35962.48
2024-12-30,ORD048804,CUST03070,P012,Air Fryer,Home,Mumbai,Store,UPI,1,6602.95,0.1,6602.95,5942.66,0,1196.54,2024,12,December,Monday,6602.95,5942.655
2024-12-30,ORD029310,CUST03519,P012,Air Fryer,Home,Jaipur,Store,UPI,2,6573.35,0.1,13146.7,11832.03,0,2370.49,2024,12,December,Monday,13146.7,11832.03
2024-12-30,ORD020709,CUST02836,P003,Headphones,Electronics,Kolkata,Store,Credit Card,1,4594.25,0.0,4594.25,4594.25,0,1056.37,2024,12,December,Monday,4594.25,4594.25
2024-12-30,ORD026851,CUST00763,P008,Running Shoes,Fashion,Hyderabad,Online,UPI,2,4456.47,0.0,8912.94,8912.94,0,902.61,2024,12,December,Monday,8912.94,8912.94
2024-12-30,ORD001967,CUST03908,P020,Microwave,Home,Pune,Online,Credit Card,5,10362.56,0.05,51812.8,49222.16,0,7544.29,2024,12,December,Monday,51812.799999999996,49222.16
2024-12-30,ORD035777,CUST04614,P008,Running Shoes,Fashion,Chennai,Online,Credit Card,1,3886.02,0.05,3886.02,3691.72,0,890.86,2024,12,December,Monday,3886.02,3691.7189999999996
2024-12-30,ORD011428,CUST04419,P006,Desk,Furniture,Delhi,Online,Net Banking,1,10957.67,0.15,10957.67,9314.02,0,1461.08,2024,12,December,Monday,10957.67,9314.0195
2024-12-30,ORD023138,CUST01903,P012,Air Fryer,Home,Mumbai,Online,Debit Card,1,7677.84,0.15,7677.84,6526.16,0,660.89,2024,12,December,Monday,7677.84,6526.164
2024-12-30,ORD024962,CUST02966,P006,Desk,Furniture,Kolkata,Store,Net Banking,2,12015.19,0.0,24030.38,24030.38,1,-1201.52,2024,12,December,Monday,24030.38,24030.38
2024-12-30,ORD015288,CUST04738,P010,Coffee Maker,Home,Hyderabad,Store,Net Banking,2,5896.72,0.15,11793.44,10024.42,0,665.37,2024,12,December,Monday,11793.44,10024.424
2024-12-30,ORD008309,CUST03247,P020,Microwave,Home,Hyderabad,Online,Cash,1,10703.44,0.05,10703.44,10168.27,0,2003.3,2024,12,December,Monday,10703.44,10168.268
2024-12-30,ORD002934,CUST03960,P019,Vacuum Cleaner,Home,Delhi,Store,Debit Card,3,9260.34,0.0,27781.02,27781.02,0,6260.12,2024,12,December,Monday,27781.02,27781.02
2024-12-30,ORD024219,CUST01247,P010,Coffee Maker,Home,Jaipur,Store,Debit Card,1,5060.26,0.0,5060.26,5060.26,0,1516.58,2024,12,December,Monday,5060.26,5060.26
2024-12-30,ORD001105,CUST00923,P016,Sofa,Furniture,Ahmedabad,Online,Credit Card,5,31769.03,0.0,158845.15,158845.15,0,41882.64,2024,12,December,Monday,158845.15,158845.15
2024-12-30,ORD031735,CUST01249,P012,Air Fryer,Home,Jaipur,Store,UPI,1,7002.01,0.1,7002.01,6301.81,0,705.64,2024,12,December,Monday,7002.01,6301.809
2024-12-30,ORD032270,CUST02376,P015,Dining Table,Furniture,Surat,Online,Credit Card,1,20040.42,0.05,20040.42,19038.4,0,2016.92,2024,12,December,Monday,20040.42,19038.398999999998
2024-12-30,ORD033542,CUST00811,P004,Smartwatch,Electronics,Mumbai,Store,UPI,4,7455.94,0.05,29823.76,28332.57,0,6702.3,2024,12,December,Monday,29823.76,28332.571999999996
2024-12-30,ORD030683,CUST01484,P013,Monitor,Electronics,Ahmedabad,Online,Credit Card,1,16884.1,0.0,16884.1,16884.1,0,2045.04,2024,12,December,Monday,16884.1,16884.1
2024-12-30,ORD041625,CUST03471,P018,Jacket,Fashion,Mumbai,Store,Debit Card,2,4950.13,0.1,9900.26,8910.23,0,675.58,2024,12,December,Monday,9900.26,8910.234
2024-12-31,ORD043068,CUST02438,P018,Jacket,Fashion,Surat,Store,UPI,2,4863.05,0.1,9726.1,8753.49,0,582.13,2024,12,December,Tuesday,9726.1,8753.49
2024-12-31,ORD002163,CUST04253,P019,Vacuum Cleaner,Home,Pune,Online,UPI,1,8804.7,0.1,8804.7,7924.23,0,855.6,2024,12,December,Tuesday,8804.7,7924.2300000000005
2024-12-31,ORD012824,CUST03511,P013,Monitor,Electronics,Chennai,Online,UPI,1,16661.74,0.05,16661.74,15828.65,0,2760.85,2024,12,December,Tuesday,16661.74,15828.653
2024-12-31,ORD034108,CUST02527,P003,Headphones,Electronics,Delhi,Online,Credit Card,1,4242.53,0.1,4242.53,3818.28,0,451.61,2024,12,December,Tuesday,4242.53,3818.277
2024-12-31,ORD036374,CUST03867,P012,Air Fryer,Home,Bengaluru,Store,Credit Card,4,6990.29,0.1,27961.16,25165.04,0,1613.74,2024,12,December,Tuesday,27961.16,25165.044
2024-12-31,ORD049560,CUST01693,P002,Smartphone,Electronics,Mumbai,Store,Credit Card,2,28662.1,0.15,57324.2,48725.57,1,-2436.28,2024,12,December,Tuesday,57324.2,48725.57
2024-12-31,ORD005475,CUST01178,P012,Air Fryer,Home,Kolkata,Online,Net Banking,1,6752.0,0.1,6752.0,6076.8,0,563.72,2024,12,December,Tuesday,6752.0,6076.8
2024-12-31,ORD027155,CUST03525,P004,Smartwatch,Electronics,Bengaluru,Online,UPI,4,6816.17,0.1,27264.68,24538.21,0,2628.46,2024,12,December,Tuesday,27264.68,24538.212
2024-12-31,ORD001705,CUST03515,P009,T-Shirt,Fashion,Chennai,Store,Credit Card,1,1144.01,0.0,1144.01,1144.01,0,214.03,2024,12,December,Tuesday,1144.01,1144.01
2024-12-31,ORD022871,CUST00909,P011,Mixer Grinder,Home,Jaipur,Store,UPI,1,4360.14,0.25,4360.14,3270.11,0,158.03,2024,12,December,Tuesday,4360.14,3270.1050000000005
2024-12-31,ORD001469,CUST04954,P008,Running Shoes,Fashion,Chennai,Store,Credit Card,1,4237.95,0.05,4237.95,4026.05,0,769.86,2024,12,December,Tuesday,4237.95,4026.0525
2024-12-31,ORD030461,CUST01697,P017,Jeans,Fashion,Kolkata,Store,UPI,2,2716.46,0.05,5432.92,5161.27,0,966.08,2024,12,December,Tuesday,5432.92,5161.273999999999
2024-12-31,ORD004577,CUST04663,P010,Coffee Maker,Home,Pune,Online,UPI,1,5308.63,0.1,5308.63,4777.77,0,1222.97,2024,12,December,Tuesday,5308.63,4777.767
2024-12-31,ORD039785,CUST04546,P003,Headphones,Electronics,Bengaluru,Online,Cash,1,4705.99,0.15,4705.99,4000.09,0,306.37,2024,12,December,Tuesday,4705.99,4000.0914999999995
2024-12-31,ORD012963,CUST00545,P003,Headphones,Electronics,Kolkata,Store,UPI,1,4631.27,0.0,4631.27,4631.27,0,1333.62,2024,12,December,Tuesday,4631.27,4631.27
2024-12-31,ORD033539,CUST00728,P013,Monitor,Electronics,Chennai,Store,Debit Card,1,17379.63,0.15,17379.63,14772.69,0,1493.7,2024,12,December,Tuesday,17379.63,14772.6855
2024-12-31,ORD000348,CUST03857,P010,Coffee Maker,Home,Surat,Store,UPI,2,5630.89,0.1,11261.78,10135.6,1,-506.78,2024,12,December,Tuesday,11261.78,10135.602
2024-12-31,ORD007502,CUST00900,P006,Desk,Furniture,Delhi,Online,Credit Card,1,10821.72,0.15,10821.72,9198.46,0,1852.28,2024,12,December,Tuesday,10821.72,9198.462
2024-12-31,ORD031384,CUST03454,P001,Laptop,Electronics,Kolkata,Store,UPI,2,69094.82,0.0,138189.64,138189.64,0,36375.27,2024,12,December,Tuesday,138189.64,138189.64
2024-12-31,ORD047391,CUST03944,P020,Microwave,Home,Pune,Online,Credit Card,1,11743.38,0.0,11743.38,11743.38,0,1814.1,2024,12,December,Tuesday,11743.38,11743.38
2024-12-31,ORD013867,CUST01691,P018,Jacket,Fashion,Chennai,Online,Debit Card,1,5189.22,0.0,5189.22,5189.22,0,1003.17,2024,12,December,Tuesday,5189.22,5189.22
2024-12-31,ORD041320,CUST04521,P016,Sofa,Furniture,Jaipur,Store,UPI,2,37232.46,0.05,74464.92,70741.67,0,14849.68,2024,12,December,Tuesday,74464.92,70741.674
2024-12-31,ORD008556,CUST02465,P007,Backpack,Accessories,Ahmedabad,Online,Credit Card,1,2225.4,0.1,2225.4,2002.86,0,507.52,2024,12,December,Tuesday,2225.4,2002.8600000000001
2024-12-31,ORD019687,CUST01997,P013,Monitor,Electronics,Surat,Online,Credit Card,1,16842.69,0.0,16842.69,16842.69,0,4747.41,2024,12,December,Tuesday,16842.69,16842.69
2024-12-31,ORD003990,CUST00531,P009,T-Shirt,Fashion,Bengaluru,Online,Credit Card,3,1217.48,0.1,3652.44,3287.2,0,240.39,2024,12,December,Tuesday,3652.44,3287.196
2024-12-31,ORD023181,CUST03269,P016,Sofa,Furniture,Surat,Store,Debit Card,2,34227.67,0.05,68455.34,65032.57,0,12712.66,2024,12,December,Tuesday,68455.34,65032.573
2024-12-31,ORD026553,CUST04734,P001,Laptop,Electronics,Hyderabad,Online,UPI,1,70993.09,0.2,70993.09,56794.47,0,14684.21,2024,12,December,Tuesday,70993.09,56794.472
2024-12-31,ORD003357,CUST03000,P019,Vacuum Cleaner,Home,Jaipur,Online,Net Banking,1,9119.68,0.0,9119.68,9119.68,0,822.79,2024,12,December,Tuesday,9119.68,9119.68
2024-12-31,ORD009902,CUST04533,P008,Running Shoes,Fashion,Ahmedabad,Store,Net Banking,1,3953.56,0.05,3953.56,3755.88,0,319.66,2024,12,December,Tuesday,3953.56,3755.8819999999996
2024-12-31,ORD008904,CUST01595,P013,Monitor,Electronics,Bengaluru,Store,Credit Card,1,17615.13,0.1,17615.13,15853.62,0,1100.53,2024,12,December,Tuesday,17615.13,15853.617000000002
2024-12-31,ORD036927,CUST02114,P005,Office Chair,Furniture,Jaipur,Online,Cash,1,10071.83,0.1,10071.83,9064.65,0,978.89,2024,12,December,Tuesday,10071.83,9064.647
2024-12-31,ORD035881,CUST02431,P015,Dining Table,Furniture,Pune,Store,Debit Card,2,21123.51,0.1,42247.02,38022.32,0,5642.73,2024,12,December,Tuesday,42247.02,38022.318
2024-12-31,ORD043864,CUST00672,P014,Keyboard,Electronics,Pune,Online,Cash,4,2501.41,0.25,10005.64,7504.23,0,1869.8,2024,12,December,Tuesday,10005.64,7504.23
2024-12-31,ORD021894,CUST02240,P014,Keyboard,Electronics,Delhi,Online,Credit Card,1,2354.18,0.1,2354.18,2118.76,0,410.16,2024,12,December,Tuesday,2354.18,2118.7619999999997
2024-12-31,ORD043870,CUST04302,P017,Jeans,Fashion,Chennai,Store,Cash,2,2623.94,0.1,5247.88,4723.09,0,796.53,2024,12,December,Tuesday,5247.88,4723.092000000001
2024-12-31,ORD001948,CUST03857,P013,Monitor,Electronics,Pune,Online,Credit Card,5,16388.92,0.0,81944.6,81944.6,0,24285.8,2024,12,December,Tuesday,81944.59999999999,81944.6
2024-12-31,ORD002583,CUST01718,P019,Vacuum Cleaner,Home,Mumbai,Store,UPI,1,8434.68,0.0,8434.68,8434.68,0,1961.93,2024,12,December,Tuesday,8434.68,8434.68
2024-12-31,ORD045999,CUST03740,P016,Sofa,Furniture,Pune,Online,UPI,1,37819.43,0.1,37819.43,34037.49,0,6226.52,2024,12,December,Tuesday,37819.43,34037.487
2024-12-31,ORD042157,CUST04401,P012,Air Fryer,Home,Surat,Store,Credit Card,2,7617.89,0.05,15235.78,14473.99,0,1703.44,2024,12,December,Tuesday,15235.78,14473.991
2024-12-31,ORD039344,CUST04068,P006,Desk,Furniture,Jaipur,Online,UPI,1,12834.64,0.05,12834.64,12192.91,0,2792.63,2024,12,December,Tuesday,12834.64,12192.908
2024-12-31,ORD007249,CUST02386,P012,Air Fryer,Home,Kolkata,Online,Debit Card,1,7317.1,0.2,7317.1,5853.68,0,1400.95,2024,12,December,Tuesday,7317.1,5853.68
2024-12-31,ORD024088,CUST03759,P013,Monitor,Electronics,Delhi,Online,UPI,1,17410.45,0.25,17410.45,13057.84,0,834.01,2024,12,December,Tuesday,17410.45,13057.837500000001
2024-12-31,ORD019378,CUST00079,P020,Microwave,Home,Surat,Store,Debit Card,2,10993.28,0.1,21986.56,19787.9,0,4640.85,2024,12,December,Tuesday,21986.56,19787.904000000002
2024-12-31,ORD031646,CUST01835,P011,Mixer Grinder,Home,Jaipur,Online,Credit Card,1,4431.75,0.1,4431.75,3988.58,0,540.42,2024,12,December,Tuesday,4431.75,3988.5750000000003
2024-12-31,ORD047718,CUST03362,P009,T-Shirt,Fashion,Hyderabad,Online,Credit Card,1,1292.2,0.2,1292.2,1033.76,0,262.44,2024,12,December,Tuesday,1292.2,1033.76
2024-12-31,ORD043238,CUST02352,P007,Backpack,Accessories,Chennai,Online,Cash,4,2350.09,0.15,9400.36,7990.31,0,1288.52,2024,12,December,Tuesday,9400.36,7990.3060000000005
2024-12-31,ORD041005,CUST01144,P014,Keyboard,Electronics,Mumbai,Online,Credit Card,2,2439.58,0.05,4879.16,4635.2,0,554.33,2024,12,December,Tuesday,4879.16,4635.201999999999
2024-12-31,ORD044450,CUST04467,P016,Sofa,Furniture,Mumbai,Store,Debit Card,1,34622.11,0.0,34622.11,34622.11,0,6698.05,2024,12,December,Tuesday,34622.11,34622.11
2024-12-31,ORD041621,CUST01366,P001,Laptop,Electronics,Jaipur,Online,Credit Card,1,60209.84,0.1,60209.84,54188.86,0,12491.57,2024,12,December,Tuesday,60209.84,54188.856
2024-12-31,ORD024645,CUST04801,P008,Running Shoes,Fashion,Mumbai,Online,UPI,1,4591.68,0.05,4591.68,4362.1,0,1029.72,2024,12,December,Tuesday,4591.68,4362.0960000000005
2024-12-31,ORD017219,CUST04421,P002,Smartphone,Electronics,Kolkata,Online,Credit Card,5,28860.57,0.1,144302.85,129872.56,0,16279.42,2024,12,December,Tuesday,144302.85,129872.565
2024-12-31,ORD031612,CUST00557,P014,Keyboard,Electronics,Hyderabad,Online,Credit Card,1,2261.34,0.15,2261.34,1922.14,1,-96.11,2024,12,December,Tuesday,2261.34,1922.1390000000001
2024-12-31,ORD011148,CUST00885,P020,Microwave,Home,Jaipur,Store,UPI,2,11795.52,0.05,23591.04,22411.49,0,4641.49,2024,12,December,Tuesday,23591.04,22411.488
2024-12-31,ORD040889,CUST01854,P008,Running Shoes,Fashion,Hyderabad,Online,Net Banking,2,4359.56,0.15,8719.12,7411.25,0,873.13,2024,12,December,Tuesday,8719.12,7411.252
2024-12-31,ORD049984,CUST01560,P012,Air Fryer,Home,Mumbai,Online,Credit Card,2,7235.87,0.0,14471.74,14471.74,0,3572.54,2024,12,December,Tuesday,14471.74,14471.74
2024-12-31,ORD044949,CUST01205,P003,Headphones,Electronics,Hyderabad,Online,Credit Card,2,4666.36,0.2,9332.72,7466.18,0,1547.89,2024,12,December,Tuesday,9332.72,7466.1759999999995
2024-12-31,ORD020357,CUST00096,P011,Mixer Grinder,Home,Pune,Store,Credit Card,1,5066.57,0.1,5066.57,4559.91,0,1082.34,2024,12,December,Tuesday,5066.57,4559.913
2024-12-31,ORD043010,CUST04573,P018,Jacket,Fashion,Delhi,Store,Net Banking,1,5716.05,0.1,5716.05,5144.45,0,616.04,2024,12,December,Tuesday,5716.05,5144.445000000001
2024-12-31,ORD016535,CUST03971,P016,Sofa,Furniture,Kolkata,Store,UPI,5,34975.67,0.05,174878.35,166134.43,0,31520.02,2024,12,December,Tuesday,174878.34999999998,166134.4325
2024-12-31,ORD016527,CUST04972,P010,Coffee Maker,Home,Kolkata,Store,Credit Card,1,5208.31,0.05,5208.31,4947.89,0,848.71,2024,12,December,Tuesday,5208.31,4947.8945
2024-12-31,ORD046418,CUST01257,P012,Air Fryer,Home,Chennai,Online,Cash,2,6523.48,0.2,13046.96,10437.57,0,1560.36,2024,12,December,Tuesday,13046.96,10437.568
2024-12-31,ORD030217,CUST02458,P004,Smartwatch,Electronics,Chennai,Store,UPI,2,7166.78,0.2,14333.56,11466.85,0,1281.58,2024,12,December,Tuesday,14333.56,11466.848
2024-12-31,ORD018136,CUST01690,P014,Keyboard,Electronics,Delhi,Store,Credit Card,2,2576.19,0.2,5152.38,4121.9,0,519.83,2024,12,December,Tuesday,5152.38,4121.904
2024-12-31,ORD012984,CUST04449,P013,Monitor,Electronics,Mumbai,Online,Credit Card,1,18554.01,0.15,18554.01,15770.91,0,3045.65,2024,12,December,Tuesday,18554.01,15770.908499999998
2024-12-31,ORD025580,CUST02650,P013,Monitor,Electronics,Chennai,Online,Debit Card,2,17903.38,0.0,35806.76,35806.76,0,7712.18,2024,12,December,Tuesday,35806.76,35806.76
2024-12-31,ORD048683,CUST04004,P011,Mixer Grinder,Home,Kolkata,Store,UPI,1,4839.31,0.0,4839.31,4839.31,0,630.21,2024,12,December,Tuesday,4839.31,4839.31
2024-12-31,ORD017380,CUST04012,P020,Microwave,Home,Chennai,Online,UPI,1,10921.58,0.0,10921.58,10921.58,0,2020.65,2024,12,December,Tuesday,10921.58,10921.58
2024-12-31,ORD043351,CUST03613,P020,Microwave,Home,Jaipur,Store,Debit Card,1,11958.84,0.15,11958.84,10165.01,0,2227.89,2024,12,December,Tuesday,11958.84,10165.014
2024-12-31,ORD026269,CUST00200,P002,Smartphone,Electronics,Delhi,Online,Debit Card,1,27026.49,0.05,27026.49,25675.17,0,5746.83,2024,12,December,Tuesday,27026.49,25675.1655
2024-12-31,ORD040031,CUST04603,P001,Laptop,Electronics,Hyderabad,Online,UPI,3,63197.23,0.05,189591.69,180112.11,0,33166.17,2024,12,December,Tuesday,189591.69,180112.1055
2024-12-31,ORD039951,CUST04775,P013,Monitor,Electronics,Jaipur,Online,UPI,3,17293.39,0.0,51880.17,51880.17,0,12296.56,2024,12,December,Tuesday,51880.17,51880.17
2024-12-31,ORD008288,CUST04251,P018,Jacket,Fashion,Chennai,Online,Credit Card,1,5453.09,0.1,5453.09,4907.78,0,543.67,2024,12,December,Tuesday,5453.09,4907.781
2024-12-31,ORD029069,CUST03756,P018,Jacket,Fashion,Surat,Store,Debit Card,1,4785.18,0.05,4785.18,4545.92,0,1308.34,2024,12,December,Tuesday,4785.18,4545.921
2025-01-01,ORD029182,CUST00277,P007,Backpack,Accessories,Kolkata,Store,Credit Card,2,2361.97,0.1,4723.94,4251.55,0,1137.99,2025,1,January,Wednesday,4723.94,4251.545999999999
2025-01-01,ORD010277,CUST01150,P002,Smartphone,Electronics,Surat,Store,Debit Card,1,30655.68,0.0,30655.68,30655.68,0,4536.97,2025,1,January,Wednesday,30655.68,30655.68
2025-01-01,ORD018116,CUST01516,P007,Backpack,Accessories,Jaipur,Online,Credit Card,3,2016.46,0.15,6049.38,5141.97,0,1375.07,2025,1,January,Wednesday,6049.38,5141.973
2025-01-01,ORD044752,CUST00217,P005,Office Chair,Furniture,Chennai,Store,Net Banking,1,10243.83,0.2,10243.83,8195.06,0,966.99,2025,1,January,Wednesday,10243.83,8195.064
2025-01-01,ORD037509,CUST00412,P001,Laptop,Electronics,Delhi,Online,Credit Card,1,60290.27,0.0,60290.27,60290.27,0,6060.42,2025,1,January,Wednesday,60290.27,60290.27
2025-01-01,ORD039780,CUST04398,P012,Air Fryer,Home,Delhi,Store,UPI,2,7368.19,0.05,14736.38,13999.56,0,2304.7,2025,1,January,Wednesday,14736.38,13999.560999999998
2025-01-01,ORD035486,CUST02045,P015,Dining Table,Furniture,Mumbai,Store,Credit Card,5,20639.16,0.15,103195.8,87716.43,0,8390.35,2025,1,January,Wednesday,103195.8,87716.43
2025-01-01,ORD018970,CUST01154,P007,Backpack,Accessories,Jaipur,Store,UPI,3,2377.71,0.05,7133.13,6776.47,0,1225.77,2025,1,January,Wednesday,7133.13,6776.4735
2025-01-01,ORD013120,CUST01401,P014,Keyboard,Electronics,Pune,Online,Credit Card,3,2268.86,0.05,6806.58,6466.25,0,760.78,2025,1,January,Wednesday,6806.58,6466.250999999999
2025-01-01,ORD045599,CUST02472,P002,Smartphone,Electronics,Surat,Online,UPI,1,30379.36,0.2,30379.36,24303.49,0,2242.39,2025,1,January,Wednesday,30379.36,24303.488
2025-01-01,ORD044705,CUST01543,P002,Smartphone,Electronics,Chennai,Store,Credit Card,2,25422.41,0.05,50844.82,48302.58,0,6598.05,2025,1,January,Wednesday,50844.82,48302.579
2025-01-01,ORD029828,CUST04165,P020,Microwave,Home,Hyderabad,Online,Credit Card,1,11367.42,0.05,11367.42,10799.05,1,-539.95,2025,1,January,Wednesday,11367.42,10799.048999999999
2025-01-01,ORD001792,CUST02296,P007,Backpack,Accessories,Hyderabad,Online,Debit Card,5,2069.22,0.1,10346.1,9311.49,0,1979.47,2025,1,January,Wednesday,10346.099999999999,9311.49
2025-01-01,ORD009061,CUST01803,P004,Smartwatch,Electronics,Chennai,Online,Debit Card,1,7680.12,0.1,7680.12,6912.11,0,1057.06,2025,1,January,Wednesday,7680.12,6912.108
2025-01-01,ORD027961,CUST01909,P019,Vacuum Cleaner,Home,Bengaluru,Online,Credit Card,3,9276.72,0.15,27830.16,23655.64,0,3259.7,2025,1,January,Wednesday,27830.159999999996,23655.636
2025-01-01,ORD016982,CUST00229,P019,Vacuum Cleaner,Home,Delhi,Online,Credit Card,1,9241.01,0.15,9241.01,7854.86,0,1006.18,2025,1,January,Wednesday,9241.01,7854.8585
2025-01-01,ORD020716,CUST03216,P001,Laptop,Electronics,Kolkata,Online,Credit Card,1,67756.27,0.05,67756.27,64368.46,0,4998.51,2025,1,January,Wednesday,67756.27,64368.4565
2025-01-01,ORD006816,CUST03246,P011,Mixer Grinder,Home,Mumbai,Online,UPI,1,5231.7,0.0,5231.7,5231.7,0,1147.47,2025,1,January,Wednesday,5231.7,5231.7
2025-01-01,ORD036220,CUST04240,P007,Backpack,Accessories,Chennai,Online,Credit Card,1,1996.89,0.15,1996.89,1697.36,0,106.37,2025,1,January,Wednesday,1996.89,1697.3565
2025-01-01,ORD012083,CUST03637,P003,Headphones,Electronics,Mumbai,Online,Debit Card,1,4161.78,0.25,4161.78,3121.34,0,421.9,2025,1,January,Wednesday,4161.78,3121.335
2025-01-01,ORD019644,CUST01767,P007,Backpack,Accessories,Ahmedabad,Store,UPI,1,2299.07,0.05,2299.07,2184.12,0,486.16,2025,1,January,Wednesday,2299.07,2184.1165
2025-01-01,ORD047370,CUST01513,P019,Vacuum Cleaner,Home,Bengaluru,Online,UPI,1,9037.6,0.05,9037.6,8585.72,0,898.66,2025,1,January,Wednesday,9037.6,8585.72
2025-01-01,ORD019145,CUST00968,P004,Smartwatch,Electronics,Bengaluru,Online,Credit Card,2,7660.66,0.2,15321.32,12257.06,0,2975.82,2025,1,January,Wednesday,15321.32,12257.056
2025-01-01,ORD033692,CUST04494,P008,Running Shoes,Fashion,Pune,Store,UPI,1,4435.19,0.05,4435.19,4213.43,0,1065.33,2025,1,January,Wednesday,4435.19,4213.4304999999995
2025-01-01,ORD038905,CUST02416,P017,Jeans,Fashion,Surat,Store,Credit Card,1,2995.67,0.1,2995.67,2696.1,0,309.89,2025,1,January,Wednesday,2995.67,2696.103
2025-01-01,ORD017198,CUST01168,P016,Sofa,Furniture,Chennai,Online,Credit Card,1,33852.39,0.15,33852.39,28774.53,0,3619.04,2025,1,January,Wednesday,33852.39,28774.531499999997
2025-01-01,ORD002438,CUST03857,P006,Desk,Furniture,Kolkata,Store,Credit Card,1,12913.82,0.25,12913.82,9685.36,0,1286.57,2025,1,January,Wednesday,12913.82,9685.365
2025-01-01,ORD012679,CUST02453,P015,Dining Table,Furniture,Delhi,Store,Credit Card,1,22027.97,0.2,22027.97,17622.38,0,2725.26,2025,1,January,Wednesday,22027.97,17622.376
2025-01-01,ORD028823,CUST04289,P016,Sofa,Furniture,Surat,Online,Debit Card,1,31539.26,0.0,31539.26,31539.26,0,2898.57,2025,1,January,Wednesday,31539.26,31539.26
2025-01-01,ORD045091,CUST04041,P001,Laptop,Electronics,Surat,Store,Net Banking,1,60197.1,0.15,60197.1,51167.54,0,6982.69,2025,1,January,Wednesday,60197.1,51167.534999999996
2025-01-01,ORD016748,CUST00448,P017,Jeans,Fashion,Hyderabad,Store,UPI,1,2538.29,0.1,2538.29,2284.46,0,262.72,2025,1,January,Wednesday,2538.29,2284.4610000000002
2025-01-01,ORD028088,CUST02362,P001,Laptop,Electronics,Jaipur,Online,Debit Card,1,70832.19,0.25,70832.19,53124.14,0,10278.83,2025,1,January,Wednesday,70832.19,53124.1425
2025-01-01,ORD011756,CUST02740,P009,T-Shirt,Fashion,Hyderabad,Online,Debit Card,1,1302.99,0.05,1302.99,1237.84,0,165.16,2025,1,January,Wednesday,1302.99,1237.8405
2025-01-01,ORD045340,CUST03838,P008,Running Shoes,Fashion,Mumbai,Online,Net Banking,2,4612.48,0.15,9224.96,7841.22,0,1476.36,2025,1,January,Wednesday,9224.96,7841.215999999999
2025-01-01,ORD001487,CUST02066,P008,Running Shoes,Fashion,Kolkata,Online,UPI,1,3985.75,0.0,3985.75,3985.75,0,1026.93,2025,1,January,Wednesday,3985.75,3985.75
2025-01-01,ORD016828,CUST04506,P006,Desk,Furniture,Jaipur,Online,Net Banking,1,12666.62,0.15,12666.62,10766.63,0,2379.68,2025,1,January,Wednesday,12666.62,10766.627
2025-01-01,ORD045180,CUST03977,P015,Dining Table,Furniture,Delhi,Store,UPI,4,22937.49,0.1,91749.96,82574.96,0,22189.99,2025,1,January,Wednesday,91749.96,82574.964
2025-01-01,ORD027129,CUST02243,P001,Laptop,Electronics,Chennai,Online,UPI,2,63288.63,0.05,126577.26,120248.4,0,10187.46,2025,1,January,Wednesday,126577.26,120248.39699999998
2025-01-01,ORD046862,CUST00404,P010,Coffee Maker,Home,Delhi,Store,UPI,2,5923.51,0.1,11847.02,10662.32,0,2620.29,2025,1,January,Wednesday,11847.02,10662.318000000001
2025-01-01,ORD030243,CUST02865,P019,Vacuum Cleaner,Home,Delhi,Online,UPI,1,8529.09,0.2,8529.09,6823.27,0,626.78,2025,1,January,Wednesday,8529.09,6823.272000000001
2025-01-01,ORD017533,CUST02520,P009,T-Shirt,Fashion,Surat,Store,UPI,1,1211.27,0.1,1211.27,1090.14,0,76.94,2025,1,January,Wednesday,1211.27,1090.143
2025-01-01,ORD000616,CUST04346,P018,Jacket,Fashion,Pune,Online,UPI,1,5193.01,0.1,5193.01,4673.71,0,795.73,2025,1,January,Wednesday,5193.01,4673.709000000001
2025-01-01,ORD020175,CUST03279,P003,Headphones,Electronics,Surat,Online,UPI,1,4398.18,0.0,4398.18,4398.18,0,765.26,2025,1,January,Wednesday,4398.18,4398.18
2025-01-01,ORD031100,CUST04767,P001,Laptop,Electronics,Kolkata,Online,Net Banking,1,61629.52,0.1,61629.52,55466.57,0,9544.98,2025,1,January,Wednesday,61629.52,55466.568
2025-01-01,ORD030598,CUST02313,P018,Jacket,Fashion,Ahmedabad,Store,Debit Card,4,5637.92,0.05,22551.68,21424.1,0,2269.07,2025,1,January,Wednesday,22551.68,21424.095999999998
2025-01-01,ORD048068,CUST04433,P015,Dining Table,Furniture,Pune,Online,Debit Card,1,20881.85,0.05,20881.85,19837.76,0,2013.53,2025,1,January,Wednesday,20881.85,19837.757499999996
2025-01-01,ORD048158,CUST02098,P006,Desk,Furniture,Bengaluru,Online,Credit Card,2,11740.45,0.05,23480.9,22306.86,0,5741.59,2025,1,January,Wednesday,23480.9,22306.855
2025-01-01,ORD021513,CUST04683,P007,Backpack,Accessories,Hyderabad,Online,Credit Card,1,2252.63,0.05,2252.63,2140.0,0,447.47,2025,1,January,Wednesday,2252.63,2139.9985
2025-01-01,ORD047935,CUST01016,P003,Headphones,Electronics,Ahmedabad,Online,Credit Card,1,4133.23,0.15,4133.23,3513.25,0,192.08,2025,1,January,Wednesday,4133.23,3513.2454999999995
2025-01-01,ORD028618,CUST02966,P013,Monitor,Electronics,Bengaluru,Online,Net Banking,1,17270.32,0.1,17270.32,15543.29,0,3997.63,2025,1,January,Wednesday,17270.32,15543.288
2025-01-01,ORD028028,CUST02829,P016,Sofa,Furniture,Surat,Store,Debit Card,1,37114.24,0.0,37114.24,37114.24,0,10987.37,2025,1,January,Wednesday,37114.24,37114.24
2025-01-01,ORD022488,CUST03967,P019,Vacuum Cleaner,Home,Ahmedabad,Online,Credit Card,2,8264.08,0.05,16528.16,15701.75,0,3998.04,2025,1,January,Wednesday,16528.16,15701.751999999999
2025-01-01,ORD023392,CUST00475,P019,Vacuum Cleaner,Home,Hyderabad,Online,Credit Card,2,8726.54,0.1,17453.08,15707.77,0,2176.92,2025,1,January,Wednesday,17453.08,15707.772000000003
2025-01-01,ORD013359,CUST04197,P018,Jacket,Fashion,Surat,Store,UPI,3,4807.05,0.05,14421.15,13700.09,0,1089.43,2025,1,January,Wednesday,14421.150000000001,13700.092499999999
2025-01-01,ORD044859,CUST02288,P010,Coffee Maker,Home,Ahmedabad,Online,UPI,2,5117.1,0.15,10234.2,8699.07,0,1791.47,2025,1,January,Wednesday,10234.2,8699.07
2025-01-01,ORD032500,CUST02684,P018,Jacket,Fashion,Chennai,Store,UPI,1,4898.69,0.2,4898.69,3918.95,0,815.03,2025,1,January,Wednesday,4898.69,3918.9519999999998
2025-01-01,ORD025687,CUST01030,P005,Office Chair,Furniture,Mumbai,Online,Credit Card,1,8635.27,0.25,8635.27,6476.45,0,1608.05,2025,1,January,Wednesday,8635.27,6476.4525
2025-01-01,ORD002297,CUST00826,P012,Air Fryer,Home,Kolkata,Online,UPI,1,7695.15,0.1,7695.15,6925.64,0,1155.76,2025,1,January,Wednesday,7695.15,6925.635
2025-01-01,ORD035922,CUST04999,P018,Jacket,Fashion,Kolkata,Online,UPI,1,5374.46,0.0,5374.46,5374.46,0,912.5,2025,1,January,Wednesday,5374.46,5374.46
2025-01-01,ORD025281,CUST03743,P020,Microwave,Home,Ahmedabad,Online,Credit Card,1,10452.34,0.05,10452.34,9929.72,0,2081.43,2025,1,January,Wednesday,10452.34,9929.723
2025-01-01,ORD018277,CUST04144,P013,Monitor,Electronics,Chennai,Store,UPI,2,18673.26,0.05,37346.52,35479.19,0,9303.27,2025,1,January,Wednesday,37346.52,35479.193999999996
2025-01-01,ORD016703,CUST00458,P017,Jeans,Fashion,Chennai,Store,Debit Card,1,2870.68,0.25,2870.68,2153.01,1,-107.65,2025,1,January,Wednesday,2870.68,2153.0099999999998
2025-01-01,ORD042949,CUST01356,P020,Microwave,Home,Kolkata,Store,UPI,2,11518.06,0.15,23036.12,19580.7,0,1571.5,2025,1,January,Wednesday,23036.12,19580.701999999997
2025-01-01,ORD045501,CUST01501,P004,Smartwatch,Electronics,Hyderabad,Online,UPI,1,7557.62,0.2,7557.62,6046.1,0,807.27,2025,1,January,Wednesday,7557.62,6046.0960000000005
2025-01-01,ORD025114,CUST00990,P008,Running Shoes,Fashion,Kolkata,Store,UPI,1,4569.61,0.0,4569.61,4569.61,0,719.37,2025,1,January,Wednesday,4569.61,4569.61
2025-01-01,ORD015104,CUST00791,P010,Coffee Maker,Home,Jaipur,Store,Debit Card,1,5216.42,0.1,5216.42,4694.78,0,993.31,2025,1,January,Wednesday,5216.42,4694.778
2025-01-01,ORD020458,CUST01820,P017,Jeans,Fashion,Hyderabad,Online,UPI,1,2977.11,0.15,2977.11,2530.54,0,376.71,2025,1,January,Wednesday,2977.11,2530.5435
2025-01-01,ORD029369,CUST01910,P017,Jeans,Fashion,Kolkata,Online,Credit Card,4,2992.24,0.0,11968.96,11968.96,0,1523.59,2025,1,January,Wednesday,11968.96,11968.96
2025-01-01,ORD001771,CUST04068,P009,T-Shirt,Fashion,Ahmedabad,Online,Credit Card,2,1305.16,0.05,2610.32,2479.8,0,697.99,2025,1,January,Wednesday,2610.32,2479.804
2025-01-01,ORD014576,CUST01599,P019,Vacuum Cleaner,Home,Hyderabad,Store,Credit Card,2,8578.47,0.25,17156.94,12867.7,0,1623.57,2025,1,January,Wednesday,17156.94,12867.704999999998
2025-01-01,ORD018240,CUST01948,P001,Laptop,Electronics,Chennai,Online,Credit Card,1,63469.63,0.2,63469.63,50775.7,0,5620.57,2025,1,January,Wednesday,63469.63,50775.704
2025-01-02,ORD007969,CUST01210,P001,Laptop,Electronics,Surat,Online,Credit Card,1,59855.23,0.25,59855.23,44891.42,0,9130.32,2025,1,January,Thursday,59855.23,44891.4225
2025-01-02,ORD026752,CUST02064,P018,Jacket,Fashion,Jaipur,Online,Net Banking,2,5262.1,0.05,10524.2,9997.99,0,1552.26,2025,1,January,Thursday,10524.2,9997.99
2025-01-02,ORD027347,CUST01561,P013,Monitor,Electronics,Delhi,Online,Debit Card,1,16607.98,0.05,16607.98,15777.58,0,2186.27,2025,1,January,Thursday,16607.98,15777.580999999998
2025-01-02,ORD018007,CUST00747,P005,Office Chair,Furniture,Delhi,Online,UPI,2,10026.53,0.1,20053.06,18047.75,0,2041.88,2025,1,January,Thursday,20053.06,18047.754
2025-01-02,ORD042580,CUST02665,P003,Headphones,Electronics,Bengaluru,Online,Credit Card,1,4109.64,0.2,4109.64,3287.71,0,619.5,2025,1,January,Thursday,4109.64,3287.7120000000004
2025-01-02,ORD012888,CUST03910,P009,T-Shirt,Fashion,Kolkata,Store,UPI,4,1285.89,0.05,5143.56,4886.38,0,1072.43,2025,1,January,Thursday,5143.56,4886.3820000000005
2025-01-02,ORD035977,CUST04039,P009,T-Shirt,Fashion,Jaipur,Store,UPI,1,1126.33,0.05,1126.33,1070.01,0,143.77,2025,1,January,Thursday,1126.33,1070.0134999999998
2025-01-02,ORD001687,CUST00820,P010,Coffee Maker,Home,Chennai,Store,Debit Card,2,4992.53,0.0,9985.06,9985.06,0,1426.71,2025,1,January,Thursday,9985.06,9985.06
2025-01-02,ORD033993,CUST00913,P011,Mixer Grinder,Home,Surat,Online,UPI,1,4452.55,0.0,4452.55,4452.55,0,830.83,2025,1,January,Thursday,4452.55,4452.55
2025-01-02,ORD001690,CUST01007,P004,Smartwatch,Electronics,Delhi,Store,Credit Card,1,6840.66,0.15,6840.66,5814.56,0,769.69,2025,1,January,Thursday,6840.66,5814.561
2025-01-02,ORD044326,CUST03478,P019,Vacuum Cleaner,Home,Mumbai,Store,Debit Card,2,9746.04,0.0,19492.08,19492.08,0,2813.11,2025,1,January,Thursday,19492.08,19492.08
2025-01-02,ORD011519,CUST01912,P011,Mixer Grinder,Home,Pune,Online,Credit Card,1,4502.97,0.0,4502.97,4502.97,0,881.77,2025,1,January,Thursday,4502.97,4502.97
2025-01-02,ORD032627,CUST03535,P006,Desk,Furniture,Bengaluru,Online,UPI,1,12451.78,0.15,12451.78,10584.01,0,2758.62,2025,1,January,Thursday,12451.78,10584.013
2025-01-02,ORD005937,CUST02912,P016,Sofa,Furniture,Hyderabad,Online,Cash,2,32300.98,0.15,64601.96,54911.67,0,14785.92,2025,1,January,Thursday,64601.96,54911.666
2025-01-02,ORD035848,CUST04488,P002,Smartphone,Electronics,Mumbai,Online,Credit Card,1,26179.38,0.0,26179.38,26179.38,0,2316.23,2025,1,January,Thursday,26179.38,26179.38
2025-01-02,ORD019182,CUST01714,P020,Microwave,Home,Kolkata,Store,Credit Card,1,10853.31,0.1,10853.31,9767.98,0,1288.54,2025,1,January,Thursday,10853.31,9767.979
2025-01-02,ORD033157,CUST02781,P008,Running Shoes,Fashion,Chennai,Online,UPI,2,4104.45,0.0,8208.9,8208.9,0,1368.99,2025,1,January,Thursday,8208.9,8208.9
2025-01-02,ORD033750,CUST01020,P006,Desk,Furniture,Pune,Online,UPI,1,12975.15,0.05,12975.15,12326.39,0,1314.27,2025,1,January,Thursday,12975.15,12326.3925
2025-01-02,ORD001941,CUST01126,P020,Microwave,Home,Bengaluru,Online,UPI,4,10473.2,0.15,41892.8,35608.88,0,9013.06,2025,1,January,Thursday,41892.8,35608.880000000005
2025-01-02,ORD020184,CUST02568,P019,Vacuum Cleaner,Home,Surat,Online,Debit Card,1,9403.44,0.1,9403.44,8463.1,0,721.82,2025,1,January,Thursday,9403.44,8463.096000000001
2025-01-02,ORD021254,CUST00979,P002,Smartphone,Electronics,Jaipur,Online,UPI,2,29744.76,0.05,59489.52,56515.04,0,14634.19,2025,1,January,Thursday,59489.52,56515.043999999994
2025-01-02,ORD026181,CUST02498,P010,Coffee Maker,Home,Kolkata,Store,Credit Card,2,5285.53,0.1,10571.06,9513.95,1,-475.7,2025,1,January,Thursday,10571.06,9513.954
2025-01-02,ORD049586,CUST02281,P020,Microwave,Home,Kolkata,Online,UPI,1,12041.63,0.1,12041.63,10837.47,0,1324.19,2025,1,January,Thursday,12041.63,10837.466999999999
2025-01-02,ORD009689,CUST02789,P020,Microwave,Home,Ahmedabad,Online,UPI,1,10261.7,0.1,10261.7,9235.53,0,629.7,2025,1,January,Thursday,10261.7,9235.53
2025-01-02,ORD017195,CUST04378,P018,Jacket,Fashion,Chennai,Online,Credit Card,5,4687.24,0.1,23436.2,21092.58,0,1974.02,2025,1,January,Thursday,23436.199999999997,21092.58
2025-01-02,ORD025040,CUST04614,P007,Backpack,Accessories,Delhi,Online,Credit Card,2,2092.88,0.0,4185.76,4185.76,0,948.1,2025,1,January,Thursday,4185.76,4185.76
2025-01-02,ORD043006,CUST03809,P018,Jacket,Fashion,Bengaluru,Online,UPI,1,5673.9,0.1,5673.9,5106.51,0,762.41,2025,1,January,Thursday,5673.9,5106.51
2025-01-02,ORD014131,CUST01252,P016,Sofa,Furniture,Hyderabad,Online,Net Banking,1,32041.72,0.25,32041.72,24031.29,0,5804.59,2025,1,January,Thursday,32041.72,24031.29
2025-01-02,ORD014725,CUST04032,P016,Sofa,Furniture,Jaipur,Store,Debit Card,4,37275.71,0.15,149102.84,126737.41,0,33084.7,2025,1,January,Thursday,149102.84,126737.41399999999
2025-01-02,ORD027188,CUST04348,P005,Office Chair,Furniture,Surat,Online,Credit Card,2,9472.32,0.1,18944.64,17050.18,0,1074.72,2025,1,January,Thursday,18944.64,17050.176
2025-01-02,ORD031730,CUST03256,P018,Jacket,Fashion,Pune,Store,UPI,1,5203.59,0.05,5203.59,4943.41,0,945.18,2025,1,January,Thursday,5203.59,4943.4105
2025-01-02,ORD049086,CUST01184,P011,Mixer Grinder,Home,Kolkata,Online,Credit Card,1,5092.05,0.15,5092.05,4328.24,0,273.99,2025,1,January,Thursday,5092.05,4328.2425
2025-01-02,ORD018305,CUST01123,P002,Smartphone,Electronics,Chennai,Store,UPI,1,25373.46,0.0,25373.46,25373.46,1,-1268.67,2025,1,January,Thursday,25373.46,25373.46
2025-01-02,ORD045191,CUST03524,P018,Jacket,Fashion,Jaipur,Store,Credit Card,1,5608.0,0.2,5608.0,4486.4,0,679.74,2025,1,January,Thursday,5608.0,4486.400000000001
2025-01-02,ORD012586,CUST04418,P020,Microwave,Home,Jaipur,Online,Credit Card,2,10511.88,0.0,21023.76,21023.76,0,3138.37,2025,1,January,Thursday,21023.76,21023.76
2025-01-02,ORD046266,CUST04650,P010,Coffee Maker,Home,Pune,Store,UPI,1,5887.64,0.05,5887.64,5593.26,0,638.21,2025,1,January,Thursday,5887.64,5593.258
2025-01-02,ORD027984,CUST00202,P007,Backpack,Accessories,Chennai,Online,Cash,3,2081.15,0.05,6243.45,5931.28,0,798.82,2025,1,January,Thursday,6243.450000000001,5931.277499999999
2025-01-02,ORD002031,CUST03805,P011,Mixer Grinder,Home,Chennai,Online,Credit Card,1,5146.37,0.1,5146.37,4631.73,0,972.4,2025,1,January,Thursday,5146.37,4631.733
2025-01-02,ORD002887,CUST04255,P001,Laptop,Electronics,Pune,Online,Debit Card,1,64934.27,0.15,64934.27,55194.13,0,2900.24,2025,1,January,Thursday,64934.27,55194.129499999995
2025-01-02,ORD021010,CUST03878,P019,Vacuum Cleaner,Home,Kolkata,Online,Net Banking,5,9799.78,0.05,48998.9,46548.96,0,9276.97,2025,1,January,Thursday,48998.9,46548.955
2025-01-02,ORD000390,CUST04591,P005,Office Chair,Furniture,Jaipur,Store,Debit Card,1,9342.67,0.1,9342.67,8408.4,0,820.71,2025,1,January,Thursday,9342.67,8408.403
2025-01-02,ORD020196,CUST02351,P004,Smartwatch,Electronics,Surat,Online,Cash,1,6936.9,0.0,6936.9,6936.9,0,880.85,2025,1,January,Thursday,6936.9,6936.9
2025-01-02,ORD013842,CUST02856,P005,Office Chair,Furniture,Kolkata,Online,UPI,2,9010.86,0.25,18021.72,13516.29,0,1043.58,2025,1,January,Thursday,18021.72,13516.29
2025-01-02,ORD033602,CUST03954,P007,Backpack,Accessories,Chennai,Store,Credit Card,1,2082.19,0.05,2082.19,1978.08,0,188.43,2025,1,January,Thursday,2082.19,1978.0805
2025-01-02,ORD017690,CUST01564,P016,Sofa,Furniture,Surat,Online,UPI,1,38446.69,0.25,38446.69,28835.02,0,2399.06,2025,1,January,Thursday,38446.69,28835.0175
2025-01-02,ORD024692,CUST03654,P006,Desk,Furniture,Chennai,Online,Net Banking,1,13134.89,0.15,13134.89,11164.66,0,2201.89,2025,1,January,Thursday,13134.89,11164.6565
2025-01-02,ORD021180,CUST03883,P003,Headphones,Electronics,Chennai,Online,Debit Card,1,4653.06,0.15,4653.06,3955.1,1,-197.76,2025,1,January,Thursday,4653.06,3955.101
2025-01-02,ORD000435,CUST03918,P008,Running Shoes,Fashion,Jaipur,Online,UPI,1,3922.71,0.0,3922.71,3922.71,0,420.21,2025,1,January,Thursday,3922.71,3922.71
2025-01-02,ORD018134,CUST00038,P005,Office Chair,Furniture,Ahmedabad,Store,Credit Card,1,9344.04,0.25,9344.04,7008.03,0,289.97,2025,1,January,Thursday,9344.04,7008.030000000001
2025-01-02,ORD006545,CUST01617,P007,Backpack,Accessories,Hyderabad,Store,Credit Card,1,2139.89,0.0,2139.89,2139.89,1,-106.99,2025,1,January,Thursday,2139.89,2139.89
2025-01-02,ORD048874,CUST03001,P008,Running Shoes,Fashion,Delhi,Online,Cash,5,4379.2,0.0,21896.0,21896.0,0,3185.92,2025,1,January,Thursday,21896.0,21896.0
2025-01-02,ORD008543,CUST00843,P016,Sofa,Furniture,Jaipur,Online,Credit Card,4,34110.61,0.15,136442.44,115976.07,0,29302.84,2025,1,January,Thursday,136442.44,115976.074
2025-01-02,ORD020627,CUST03786,P011,Mixer Grinder,Home,Mumbai,Online,UPI,1,4403.67,0.1,4403.67,3963.3,0,907.5,2025,1,January,Thursday,4403.67,3963.3030000000003
2025-01-02,ORD000330,CUST01854,P002,Smartphone,Electronics,Chennai,Store,Debit Card,2,25572.19,0.1,51144.38,46029.94,0,8672.82,2025,1,January,Thursday,51144.38,46029.941999999995
2025-01-02,ORD017238,CUST03556,P020,Microwave,Home,Pune,Online,UPI,2,10329.66,0.0,20659.32,20659.32,0,6191.78,2025,1,January,Thursday,20659.32,20659.32
2025-01-02,ORD028937,CUST04644,P005,Office Chair,Furniture,Ahmedabad,Store,UPI,1,10286.21,0.15,10286.21,8743.28,0,1428.4,2025,1,January,Thursday,10286.21,8743.278499999999
2025-01-02,ORD000484,CUST01118,P002,Smartphone,Electronics,Kolkata,Store,UPI,1,29749.03,0.05,29749.03,28261.58,0,2671.49,2025,1,January,Thursday,29749.03,28261.578499999996
2025-01-02,ORD023624,CUST02298,P018,Jacket,Fashion,Kolkata,Online,Net Banking,1,5267.33,0.0,5267.33,5267.33,0,1268.22,2025,1,January,Thursday,5267.33,5267.33
2025-01-02,ORD048026,CUST01796,P005,Office Chair,Furniture,Ahmedabad,Online,Net Banking,1,9632.73,0.0,9632.73,9632.73,0,2039.71,2025,1,January,Thursday,9632.73,9632.73
2025-01-02,ORD026554,CUST00821,P007,Backpack,Accessories,Jaipur,Store,Credit Card,1,2379.66,0.0,2379.66,2379.66,0,383.87,2025,1,January,Thursday,2379.66,2379.66
2025-01-02,ORD019645,CUST02125,P014,Keyboard,Electronics,Mumbai,Online,Cash,1,2557.75,0.1,2557.75,2301.98,0,630.49,2025,1,January,Thursday,2557.75,2301.975
2025-01-02,ORD033546,CUST01297,P004,Smartwatch,Electronics,Surat,Store,Debit Card,1,7212.03,0.15,7212.03,6130.23,0,613.8,2025,1,January,Thursday,7212.03,6130.2255
2025-01-02,ORD015896,CUST01964,P003,Headphones,Electronics,Delhi,Online,UPI,1,4691.81,0.0,4691.81,4691.81,0,735.54,2025,1,January,Thursday,4691.81,4691.81
2025-01-02,ORD041277,CUST00148,P020,Microwave,Home,Mumbai,Store,UPI,2,10070.6,0.1,20141.2,18127.08,0,3108.8,2025,1,January,Thursday,20141.2,18127.08
2025-01-02,ORD006674,CUST03438,P016,Sofa,Furniture,Jaipur,Store,Cash,1,32329.98,0.1,32329.98,29096.98,0,5314.63,2025,1,January,Thursday,32329.98,29096.982
2025-01-02,ORD024707,CUST02869,P001,Laptop,Electronics,Delhi,Online,Net Banking,1,69448.6,0.2,69448.6,55558.88,0,12359.76,2025,1,January,Thursday,69448.6,55558.880000000005
2025-01-02,ORD004277,CUST03214,P010,Coffee Maker,Home,Chennai,Online,UPI,2,5831.43,0.0,11662.86,11662.86,0,1962.44,2025,1,January,Thursday,11662.86,11662.86
2025-01-03,ORD022774,CUST00027,P010,Coffee Maker,Home,Hyderabad,Online,Credit Card,2,5510.81,0.25,11021.62,8266.22,0,1983.92,2025,1,January,Friday,11021.62,8266.215
2025-01-03,ORD001609,CUST04190,P007,Backpack,Accessories,Delhi,Online,UPI,1,2256.62,0.05,2256.62,2143.79,0,167.13,2025,1,January,Friday,2256.62,2143.7889999999998
2025-01-03,ORD047803,CUST01889,P008,Running Shoes,Fashion,Ahmedabad,Online,Credit Card,2,3992.45,0.1,7984.9,7186.41,0,1951.08,2025,1,January,Friday,7984.9,7186.41
2025-01-03,ORD046368,CUST03233,P020,Microwave,Home,Surat,Online,Net Banking,2,11730.0,0.15,23460.0,19941.0,0,3571.85,2025,1,January,Friday,23460.0,19941.0
2025-01-03,ORD006436,CUST04653,P020,Microwave,Home,Ahmedabad,Online,Cash,2,10998.95,0.0,21997.9,21997.9,0,3512.64,2025,1,January,Friday,21997.9,21997.9
2025-01-03,ORD025726,CUST00882,P010,Coffee Maker,Home,Bengaluru,Online,UPI,1,5481.29,0.05,5481.29,5207.23,0,627.81,2025,1,January,Friday,5481.29,5207.2255
2025-01-03,ORD046737,CUST02015,P007,Backpack,Accessories,Hyderabad,Online,Debit Card,2,2143.71,0.1,4287.42,3858.68,0,367.12,2025,1,January,Friday,4287.42,3858.6780000000003
2025-01-03,ORD020637,CUST04404,P014,Keyboard,Electronics,Bengaluru,Online,UPI,2,2342.67,0.1,4685.34,4216.81,0,867.07,2025,1,January,Friday,4685.34,4216.8060000000005
2025-01-03,ORD015306,CUST00526,P009,T-Shirt,Fashion,Hyderabad,Online,Credit Card,2,1143.2,0.1,2286.4,2057.76,0,499.28,2025,1,January,Friday,2286.4,2057.76
2025-01-03,ORD000241,CUST00797,P005,Office Chair,Furniture,Pune,Online,Net Banking,4,10237.97,0.05,40951.88,38904.29,0,9799.04,2025,1,January,Friday,40951.88,38904.28599999999
2025-01-03,ORD040092,CUST03916,P016,Sofa,Furniture,Surat,Online,Debit Card,2,32432.94,0.0,64865.88,64865.88,0,18958.96,2025,1,January,Friday,64865.88,64865.88
2025-01-03,ORD049575,CUST04648,P014,Keyboard,Electronics,Surat,Store,Credit Card,2,2340.85,0.05,4681.7,4447.62,0,394.73,2025,1,January,Friday,4681.7,4447.615
2025-01-03,ORD012440,CUST01117,P006,Desk,Furniture,Mumbai,Online,UPI,2,11602.54,0.0,23205.08,23205.08,0,5906.11,2025,1,January,Friday,23205.08,23205.08
2025-01-03,ORD034686,CUST02449,P017,Jeans,Fashion,Ahmedabad,Online,Credit Card,1,2901.44,0.15,2901.44,2466.22,0,252.73,2025,1,January,Friday,2901.44,2466.224
2025-01-03,ORD004092,CUST04664,P002,Smartphone,Electronics,Mumbai,Online,Net Banking,2,28268.15,0.05,56536.3,53709.48,1,-2685.47,2025,1,January,Friday,56536.3,53709.485
2025-01-03,ORD028045,CUST02301,P013,Monitor,Electronics,Jaipur,Online,UPI,1,19223.09,0.1,19223.09,17300.78,0,1056.94,2025,1,January,Friday,19223.09,17300.781
2025-01-03,ORD023534,CUST01060,P018,Jacket,Fashion,Surat,Online,Credit Card,2,5258.49,0.05,10516.98,9991.13,0,2033.43,2025,1,January,Friday,10516.98,9991.131
2025-01-03,ORD010779,CUST01506,P005,Office Chair,Furniture,Bengaluru,Online,UPI,1,8860.87,0.1,8860.87,7974.78,0,1922.44,2025,1,January,Friday,8860.87,7974.783000000001
2025-01-03,ORD045805,CUST04615,P002,Smartphone,Electronics,Delhi,Store,Debit Card,1,29510.51,0.0,29510.51,29510.51,0,8103.97,2025,1,January,Friday,29510.51,29510.51
2025-01-03,ORD008782,CUST02181,P018,Jacket,Fashion,Pune,Online,Credit Card,1,5692.95,0.05,5692.95,5408.3,0,406.43,2025,1,January,Friday,5692.95,5408.3025
2025-01-03,ORD023264,CUST04312,P009,T-Shirt,Fashion,Delhi,Store,Credit Card,1,1232.21,0.2,1232.21,985.77,0,226.52,2025,1,January,Friday,1232.21,985.768
2025-01-03,ORD016289,CUST02381,P012,Air Fryer,Home,Hyderabad,Store,UPI,2,7636.91,0.0,15273.82,15273.82,0,2652.98,2025,1,January,Friday,15273.82,15273.82
2025-01-03,ORD039743,CUST00984,P014,Keyboard,Electronics,Bengaluru,Online,Credit Card,1,2486.52,0.0,2486.52,2486.52,0,335.68,2025,1,January,Friday,2486.52,2486.52
2025-01-03,ORD049482,CUST04304,P013,Monitor,Electronics,Chennai,Online,UPI,2,19637.74,0.1,39275.48,35347.93,0,8681.93,2025,1,January,Friday,39275.48,35347.932
2025-01-03,ORD013106,CUST04611,P011,Mixer Grinder,Home,Ahmedabad,Online,UPI,3,4825.42,0.1,14476.26,13028.63,0,867.51,2025,1,January,Friday,14476.26,13028.634
2025-01-03,ORD040888,CUST02189,P003,Headphones,Electronics,Bengaluru,Online,Cash,1,4239.7,0.0,4239.7,4239.7,0,1122.02,2025,1,January,Friday,4239.7,4239.7
2025-01-03,ORD008891,CUST04346,P007,Backpack,Accessories,Surat,Store,UPI,1,2069.04,0.05,2069.04,1965.59,0,325.93,2025,1,January,Friday,2069.04,1965.588
2025-01-03,ORD041013,CUST03190,P016,Sofa,Furniture,Pune,Online,UPI,1,37283.03,0.1,37283.03,33554.73,0,7828.14,2025,1,January,Friday,37283.03,33554.727
2025-01-03,ORD028661,CUST04349,P020,Microwave,Home,Jaipur,Online,Cash,1,9984.4,0.1,9984.4,8985.96,0,2102.69,2025,1,January,Friday,9984.4,8985.96
2025-01-03,ORD029028,CUST04170,P009,T-Shirt,Fashion,Surat,Store,UPI,3,1204.54,0.2,3613.62,2890.9,0,373.18,2025,1,January,Friday,3613.62,2890.896
2025-01-03,ORD038813,CUST01270,P019,Vacuum Cleaner,Home,Kolkata,Online,UPI,1,8105.6,0.1,8105.6,7295.04,0,1726.39,2025,1,January,Friday,8105.6,7295.040000000001
2025-01-03,ORD003769,CUST00248,P019,Vacuum Cleaner,Home,Kolkata,Store,UPI,1,8908.43,0.1,8908.43,8017.59,0,499.79,2025,1,January,Friday,8908.43,8017.587
2025-01-03,ORD046104,CUST01043,P007,Backpack,Accessories,Bengaluru,Store,Credit Card,2,2130.98,0.0,4261.96,4261.96,0,1134.48,2025,1,January,Friday,4261.96,4261.96
2025-01-03,ORD025288,CUST03930,P002,Smartphone,Electronics,Delhi,Online,Cash,2,30525.86,0.1,61051.72,54946.55,0,14516.29,2025,1,January,Friday,61051.72,54946.548
2025-01-03,ORD004710,CUST03736,P013,Monitor,Electronics,Jaipur,Online,Net Banking,4,16637.25,0.05,66549.0,63221.55,0,12449.61,2025,1,January,Friday,66549.0,63221.549999999996
2025-01-03,ORD032904,CUST02394,P006,Desk,Furniture,Kolkata,Store,Net Banking,1,11665.0,0.2,11665.0,9332.0,0,1772.88,2025,1,January,Friday,11665.0,9332.0
2025-01-03,ORD031209,CUST00066,P001,Laptop,Electronics,Pune,Online,Debit Card,1,63142.22,0.1,63142.22,56828.0,0,12983.83,2025,1,January,Friday,63142.22,56827.998
2025-01-03,ORD007808,CUST01601,P018,Jacket,Fashion,Kolkata,Online,Debit Card,1,5430.36,0.0,5430.36,5430.36,0,958.32,2025,1,January,Friday,5430.36,5430.36
2025-01-03,ORD016900,CUST00959,P010,Coffee Maker,Home,Jaipur,Online,UPI,1,4997.02,0.05,4997.02,4747.17,0,831.56,2025,1,January,Friday,4997.02,4747.169
2025-01-03,ORD033982,CUST00246,P012,Air Fryer,Home,Bengaluru,Store,Net Banking,2,6663.6,0.2,13327.2,10661.76,0,449.4,2025,1,January,Friday,13327.2,10661.760000000002
2025-01-03,ORD035579,CUST04565,P012,Air Fryer,Home,Pune,Online,Cash,1,7408.94,0.0,7408.94,7408.94,0,1080.91,2025,1,January,Friday,7408.94,7408.94
2025-01-03,ORD032502,CUST02206,P014,Keyboard,Electronics,Surat,Store,Debit Card,2,2426.06,0.1,4852.12,4366.91,0,594.69,2025,1,January,Friday,4852.12,4366.908
2025-01-03,ORD018938,CUST02682,P004,Smartwatch,Electronics,Jaipur,Online,UPI,1,7461.89,0.0,7461.89,7461.89,0,1960.07,2025,1,January,Friday,7461.89,7461.89
2025-01-03,ORD004617,CUST04885,P014,Keyboard,Electronics,Chennai,Online,Credit Card,2,2452.92,0.15,4905.84,4169.96,0,812.74,2025,1,January,Friday,4905.84,4169.964
2025-01-03,ORD041687,CUST04196,P014,Keyboard,Electronics,Ahmedabad,Store,UPI,1,2393.69,0.1,2393.69,2154.32,0,240.03,2025,1,January,Friday,2393.69,2154.321
2025-01-03,ORD002911,CUST01880,P005,Office Chair,Furniture,Pune,Online,Cash,3,9650.83,0.1,28952.49,26057.24,0,6470.55,2025,1,January,Friday,28952.489999999998,26057.241
2025-01-03,ORD046354,CUST02355,P015,Dining Table,Furniture,Pune,Store,UPI,1,23719.65,0.05,23719.65,22533.67,0,3817.42,2025,1,January,Friday,23719.65,22533.6675
2025-01-03,ORD030614,CUST04984,P011,Mixer Grinder,Home,Jaipur,Store,UPI,3,5221.07,0.05,15663.21,14880.05,0,2482.87,2025,1,January,Friday,15663.21,14880.0495
2025-01-03,ORD019898,CUST01638,P006,Desk,Furniture,Surat,Online,Credit Card,2,13191.28,0.15,26382.56,22425.18,0,2024.08,2025,1,January,Friday,26382.56,22425.176
2025-01-03,ORD006822,CUST00015,P002,Smartphone,Electronics,Bengaluru,Online,Net Banking,4,27849.2,0.25,111396.8,83547.6,0,12662.28,2025,1,January,Friday,111396.8,83547.6
2025-01-03,ORD000417,CUST01244,P014,Keyboard,Electronics,Ahmedabad,Store,Credit Card,1,2716.27,0.05,2716.27,2580.46,0,334.93,2025,1,January,Friday,2716.27,2580.4565
2025-01-03,ORD010781,CUST04781,P019,Vacuum Cleaner,Home,Delhi,Online,Credit Card,2,8665.91,0.15,17331.82,14732.05,0,2074.27,2025,1,January,Friday,17331.82,14732.046999999999
2025-01-03,ORD022303,CUST04040,P003,Headphones,Electronics,Mumbai,Store,Credit Card,1,4526.97,0.1,4526.97,4074.27,0,752.02,2025,1,January,Friday,4526.97,4074.273
2025-01-03,ORD040788,CUST01246,P016,Sofa,Furniture,Ahmedabad,Store,UPI,1,33679.05,0.0,33679.05,33679.05,0,5493.24,2025,1,January,Friday,33679.05,33679.05
2025-01-03,ORD018150,CUST00878,P010,Coffee Maker,Home,Ahmedabad,Online,UPI,4,5519.37,0.1,22077.48,19869.73,0,2438.85,2025,1,January,Friday,22077.48,19869.732
2025-01-03,ORD005025,CUST03974,P020,Microwave,Home,Ahmedabad,Online,UPI,1,11027.91,0.05,11027.91,10476.51,0,1252.37,2025,1,January,Friday,11027.91,10476.5145
2025-01-03,ORD028703,CUST04420,P003,Headphones,Electronics,Bengaluru,Online,Credit Card,1,4735.71,0.2,4735.71,3788.57,0,184.16,2025,1,January,Friday,4735.71,3788.568
2025-01-03,ORD040858,CUST04568,P009,T-Shirt,Fashion,Surat,Online,Credit Card,1,1298.92,0.1,1298.92,1169.03,0,202.81,2025,1,January,Friday,1298.92,1169.028
2025-01-03,ORD040482,CUST03468,P014,Keyboard,Electronics,Hyderabad,Online,UPI,1,2645.06,0.0,2645.06,2645.06,0,639.94,2025,1,January,Friday,2645.06,2645.06
2025-01-03,ORD028687,CUST04405,P006,Desk,Furniture,Hyderabad,Store,Credit Card,1,11103.52,0.0,11103.52,11103.52,0,1905.24,2025,1,January,Friday,11103.52,11103.52
2025-01-03,ORD036842,CUST01799,P013,Monitor,Electronics,Bengaluru,Online,UPI,1,18768.05,0.1,18768.05,16891.24,0,3641.22,2025,1,January,Friday,18768.05,16891.245
2025-01-04,ORD043464,CUST01622,P001,Laptop,Electronics,Pune,Store,Credit Card,2,64858.46,0.05,129716.92,123231.07,0,23798.98,2025,1,January,Saturday,129716.92,123231.074
2025-01-04,ORD018163,CUST02838,P008,Running Shoes,Fashion,Mumbai,Store,Credit Card,3,4532.52,0.0,13597.56,13597.56,0,2286.18,2025,1,January,Saturday,13597.560000000001,13597.56
2025-01-04,ORD007254,CUST00021,P014,Keyboard,Electronics,Bengaluru,Online,UPI,1,2651.4,0.1,2651.4,2386.26,0,528.96,2025,1,January,Saturday,2651.4,2386.26
2025-01-04,ORD004743,CUST01180,P007,Backpack,Accessories,Hyderabad,Online,Net Banking,1,2139.0,0.25,2139.0,1604.25,0,382.84,2025,1,January,Saturday,2139.0,1604.25
2025-01-04,ORD010221,CUST01682,P006,Desk,Furniture,Surat,Store,UPI,1,11311.25,0.1,11311.25,10180.12,0,1545.99,2025,1,January,Saturday,11311.25,10180.125
2025-01-04,ORD018888,CUST03950,P005,Office Chair,Furniture,Mumbai,Online,Credit Card,1,10250.03,0.2,10250.03,8200.02,0,436.55,2025,1,January,Saturday,10250.03,8200.024000000001
2025-01-04,ORD032611,CUST04860,P008,Running Shoes,Fashion,Surat,Online,UPI,1,3900.12,0.0,3900.12,3900.12,0,787.57,2025,1,January,Saturday,3900.12,3900.12
2025-01-04,ORD035779,CUST01542,P008,Running Shoes,Fashion,Hyderabad,Online,UPI,1,4614.46,0.15,4614.46,3922.29,0,653.3,2025,1,January,Saturday,4614.46,3922.2909999999997
2025-01-04,ORD025682,CUST04022,P009,T-Shirt,Fashion,Chennai,Online,UPI,4,1170.95,0.1,4683.8,4215.42,0,1012.03,2025,1,January,Saturday,4683.8,4215.42
2025-01-04,ORD042528,CUST00651,P002,Smartphone,Electronics,Hyderabad,Online,Cash,1,28657.82,0.0,28657.82,28657.82,0,4755.38,2025,1,January,Saturday,28657.82,28657.82
2025-01-04,ORD034412,CUST00149,P017,Jeans,Fashion,Ahmedabad,Online,UPI,2,2997.16,0.05,5994.32,5694.6,0,1496.38,2025,1,January,Saturday,5994.32,5694.603999999999
2025-01-04,ORD034192,CUST03939,P008,Running Shoes,Fashion,Bengaluru,Online,Net Banking,1,4432.71,0.05,4432.71,4211.07,0,363.59,2025,1,January,Saturday,4432.71,4211.0745
2025-01-04,ORD006369,CUST01326,P010,Coffee Maker,Home,Bengaluru,Online,UPI,1,5923.48,0.05,5923.48,5627.31,0,514.26,2025,1,January,Saturday,5923.48,5627.306
2025-01-04,ORD018332,CUST03362,P006,Desk,Furniture,Surat,Online,UPI,2,12902.32,0.15,25804.64,21933.94,0,4276.33,2025,1,January,Saturday,25804.64,21933.944
2025-01-04,ORD034399,CUST04145,P015,Dining Table,Furniture,Ahmedabad,Store,Credit Card,1,22296.07,0.0,22296.07,22296.07,0,4199.62,2025,1,January,Saturday,22296.07,22296.07
2025-01-04,ORD034773,CUST04764,P008,Running Shoes,Fashion,Chennai,Store,Debit Card,3,4091.93,0.15,12275.79,10434.42,0,1600.05,2025,1,January,Saturday,12275.789999999999,10434.4215
2025-01-04,ORD011151,CUST03862,P010,Coffee Maker,Home,Surat,Online,Credit Card,1,5558.96,0.1,5558.96,5003.06,0,1375.13,2025,1,January,Saturday,5558.96,5003.064
2025-01-04,ORD001679,CUST00181,P004,Smartwatch,Electronics,Pune,Online,UPI,1,7359.97,0.1,7359.97,6623.97,0,882.12,2025,1,January,Saturday,7359.97,6623.973
2025-01-04,ORD043244,CUST04786,P020,Microwave,Home,Jaipur,Online,UPI,4,11678.51,0.05,46714.04,44378.34,0,8084.44,2025,1,January,Saturday,46714.04,44378.337999999996
2025-01-04,ORD023277,CUST03871,P002,Smartphone,Electronics,Jaipur,Store,Credit Card,3,30386.14,0.0,91158.42,91158.42,1,-4557.92,2025,1,January,Saturday,91158.42,91158.42
2025-01-04,ORD023337,CUST02864,P015,Dining Table,Furniture,Bengaluru,Store,Net Banking,2,20584.38,0.2,41168.76,32935.01,0,2741.19,2025,1,January,Saturday,41168.76,32935.008
2025-01-04,ORD046092,CUST00285,P018,Jacket,Fashion,Mumbai,Online,Cash,1,4890.97,0.05,4890.97,4646.42,0,783.24,2025,1,January,Saturday,4890.97,4646.4215
2025-01-04,ORD018372,CUST03854,P016,Sofa,Furniture,Bengaluru,Online,UPI,2,35084.79,0.05,70169.58,66661.1,1,-3333.06,2025,1,January,Saturday,70169.58,66661.101
2025-01-04,ORD030283,CUST03881,P018,Jacket,Fashion,Mumbai,Online,Credit Card,2,5050.02,0.1,10100.04,9090.04,0,2301.67,2025,1,January,Saturday,10100.04,9090.036000000002
2025-01-04,ORD013276,CUST01772,P012,Air Fryer,Home,Pune,Online,Cash,1,6560.08,0.1,6560.08,5904.07,0,540.74,2025,1,January,Saturday,6560.08,5904.072
2025-01-04,ORD021862,CUST04671,P005,Office Chair,Furniture,Pune,Store,UPI,2,8917.17,0.05,17834.34,16942.62,0,3682.78,2025,1,January,Saturday,17834.34,16942.623
2025-01-04,ORD021975,CUST00708,P003,Headphones,Electronics,Jaipur,Store,Credit Card,1,4749.4,0.0,4749.4,4749.4,0,900.97,2025,1,January,Saturday,4749.4,4749.4
2025-01-04,ORD029925,CUST00726,P006,Desk,Furniture,Chennai,Online,UPI,1,13009.52,0.05,13009.52,12359.04,0,944.87,2025,1,January,Saturday,13009.52,12359.044
2025-01-04,ORD011875,CUST01197,P015,Dining Table,Furniture,Bengaluru,Store,Net Banking,4,20677.48,0.1,82709.92,74438.93,1,-3721.95,2025,1,January,Saturday,82709.92,74438.928
2025-01-04,ORD040812,CUST02826,P011,Mixer Grinder,Home,Chennai,Store,Credit Card,2,4801.98,0.1,9603.96,8643.56,0,2281.64,2025,1,January,Saturday,9603.96,8643.564
2025-01-04,ORD037337,CUST00645,P005,Office Chair,Furniture,Pune,Online,Credit Card,2,9100.39,0.0,18200.78,18200.78,0,4743.63,2025,1,January,Saturday,18200.78,18200.78
2025-01-04,ORD014201,CUST01461,P008,Running Shoes,Fashion,Chennai,Store,Net Banking,4,3879.64,0.2,15518.56,12414.85,0,1814.35,2025,1,January,Saturday,15518.56,12414.848
2025-01-04,ORD044568,CUST00845,P018,Jacket,Fashion,Kolkata,Online,Credit Card,2,4995.62,0.1,9991.24,8992.12,0,2412.54,2025,1,January,Saturday,9991.24,8992.116
2025-01-04,ORD005890,CUST03675,P007,Backpack,Accessories,Mumbai,Store,Cash,2,2407.44,0.1,4814.88,4333.39,0,796.91,2025,1,January,Saturday,4814.88,4333.392
2025-01-04,ORD044987,CUST00030,P011,Mixer Grinder,Home,Delhi,Online,Credit Card,1,5222.72,0.1,5222.72,4700.45,1,-235.02,2025,1,January,Saturday,5222.72,4700.448
2025-01-04,ORD017146,CUST00390,P012,Air Fryer,Home,Surat,Online,Credit Card,3,7474.55,0.05,22423.65,21302.47,0,2816.17,2025,1,January,Saturday,22423.65,21302.4675
2025-01-04,ORD039459,CUST04087,P007,Backpack,Accessories,Delhi,Store,UPI,1,2398.64,0.2,2398.64,1918.91,0,378.38,2025,1,January,Saturday,2398.64,1918.912
2025-01-04,ORD037939,CUST01494,P003,Headphones,Electronics,Kolkata,Store,Debit Card,3,4200.31,0.0,12600.93,12600.93,0,2764.47,2025,1,January,Saturday,12600.93,12600.93
2025-01-04,ORD014014,CUST04430,P002,Smartphone,Electronics,Bengaluru,Store,UPI,1,30473.31,0.2,30473.31,24378.65,0,2966.53,2025,1,January,Saturday,30473.31,24378.648
2025-01-04,ORD045356,CUST02179,P007,Backpack,Accessories,Bengaluru,Store,UPI,2,2369.58,0.1,4739.16,4265.24,0,419.62,2025,1,January,Saturday,4739.16,4265.244
2025-01-04,ORD004634,CUST01577,P015,Dining Table,Furniture,Mumbai,Store,Cash,1,23903.53,0.1,23903.53,21513.18,0,5009.79,2025,1,January,Saturday,23903.53,21513.177
2025-01-04,ORD020434,CUST00316,P015,Dining Table,Furniture,Kolkata,Online,Net Banking,5,22915.81,0.05,114579.05,108850.1,0,19979.67,2025,1,January,Saturday,114579.05,108850.0975
2025-01-04,ORD036446,CUST03602,P016,Sofa,Furniture,Jaipur,Online,Debit Card,1,32625.39,0.0,32625.39,32625.39,0,6503.71,2025,1,January,Saturday,32625.39,32625.39
2025-01-04,ORD037087,CUST02396,P006,Desk,Furniture,Mumbai,Store,Credit Card,4,12855.69,0.05,51422.76,48851.62,0,5150.99,2025,1,January,Saturday,51422.76,48851.622
2025-01-04,ORD026020,CUST00558,P020,Microwave,Home,Surat,Online,UPI,1,11343.63,0.1,11343.63,10209.27,0,2146.52,2025,1,January,Saturday,11343.63,10209.267
2025-01-04,ORD027320,CUST03949,P007,Backpack,Accessories,Surat,Online,UPI,1,2173.27,0.0,2173.27,2173.27,0,383.02,2025,1,January,Saturday,2173.27,2173.27
2025-01-04,ORD006900,CUST00361,P009,T-Shirt,Fashion,Bengaluru,Store,UPI,1,1243.57,0.15,1243.57,1057.03,0,168.35,2025,1,January,Saturday,1243.57,1057.0345
2025-01-04,ORD016737,CUST01143,P017,Jeans,Fashion,Kolkata,Online,Debit Card,1,3027.57,0.15,3027.57,2573.43,0,629.66,2025,1,January,Saturday,3027.57,2573.4345000000003
2025-01-04,ORD044786,CUST00091,P019,Vacuum Cleaner,Home,Delhi,Online,Credit Card,1,9771.05,0.05,9771.05,9282.5,0,1060.2,2025,1,January,Saturday,9771.05,9282.4975
2025-01-04,ORD020347,CUST01261,P017,Jeans,Fashion,Kolkata,Online,Credit Card,1,2553.48,0.05,2553.48,2425.81,0,252.45,2025,1,January,Saturday,2553.48,2425.806
2025-01-04,ORD047080,CUST01742,P003,Headphones,Electronics,Surat,Store,Credit Card,3,4130.24,0.1,12390.72,11151.65,0,1568.73,2025,1,January,Saturday,12390.72,11151.648
2025-01-04,ORD016476,CUST02064,P003,Headphones,Electronics,Ahmedabad,Online,UPI,1,4415.33,0.05,4415.33,4194.56,0,1164.75,2025,1,January,Saturday,4415.33,4194.563499999999
2025-01-04,ORD021690,CUST04997,P008,Running Shoes,Fashion,Surat,Store,Debit Card,1,4302.59,0.05,4302.59,4087.46,0,1121.96,2025,1,January,Saturday,4302.59,4087.4605
2025-01-04,ORD017732,CUST01389,P008,Running Shoes,Fashion,Delhi,Online,Debit Card,3,4413.81,0.1,13241.43,11917.29,0,804.65,2025,1,January,Saturday,13241.43,11917.287
2025-01-04,ORD020579,CUST01942,P011,Mixer Grinder,Home,Hyderabad,Online,Cash,2,4367.77,0.15,8735.54,7425.21,0,1365.42,2025,1,January,Saturday,8735.54,7425.209000000001
2025-01-04,ORD039199,CUST04196,P007,Backpack,Accessories,Mumbai,Online,UPI,1,2102.83,0.05,2102.83,1997.69,0,363.31,2025,1,January,Saturday,2102.83,1997.6884999999997
2025-01-04,ORD041312,CUST02045,P008,Running Shoes,Fashion,Hyderabad,Online,Credit Card,2,4514.83,0.0,9029.66,9029.66,0,876.26,2025,1,January,Saturday,9029.66,9029.66
2025-01-04,ORD012976,CUST02202,P018,Jacket,Fashion,Kolkata,Online,Credit Card,2,5075.55,0.05,10151.1,9643.54,0,1502.59,2025,1,January,Saturday,10151.1,9643.545
2025-01-04,ORD037396,CUST02146,P007,Backpack,Accessories,Surat,Store,Cash,1,2024.25,0.05,2024.25,1923.04,0,500.68,2025,1,January,Saturday,2024.25,1923.0375
2025-01-04,ORD003385,CUST03530,P008,Running Shoes,Fashion,Delhi,Online,UPI,2,4189.2,0.1,8378.4,7540.56,0,620.64,2025,1,January,Saturday,8378.4,7540.5599999999995
2025-01-04,ORD012233,CUST03071,P004,Smartwatch,Electronics,Surat,Online,Credit Card,2,7071.86,0.2,14143.72,11314.98,0,531.75,2025,1,January,Saturday,14143.72,11314.976
2025-01-04,ORD012309,CUST01156,P005,Office Chair,Furniture,Pune,Online,Debit Card,2,8605.65,0.15,17211.3,14629.6,0,1264.0,2025,1,January,Saturday,17211.3,14629.605
2025-01-04,ORD045240,CUST03307,P013,Monitor,Electronics,Hyderabad,Online,Debit Card,2,18935.29,0.1,37870.58,34083.52,0,4087.45,2025,1,January,Saturday,37870.58,34083.522000000004
2025-01-04,ORD045231,CUST01479,P015,Dining Table,Furniture,Bengaluru,Store,UPI,1,21454.06,0.0,21454.06,21454.06,0,6194.13,2025,1,January,Saturday,21454.06,21454.06
2025-01-04,ORD023762,CUST00224,P001,Laptop,Electronics,Surat,Store,Credit Card,1,66134.66,0.1,66134.66,59521.19,0,4224.98,2025,1,January,Saturday,66134.66,59521.194
2025-01-04,ORD004681,CUST02619,P005,Office Chair,Furniture,Mumbai,Online,UPI,1,9488.88,0.15,9488.88,8065.55,0,1739.44,2025,1,January,Saturday,9488.88,8065.547999999999
2025-01-04,ORD005545,CUST01050,P017,Jeans,Fashion,Jaipur,Store,UPI,1,2914.53,0.0,2914.53,2914.53,0,723.12,2025,1,January,Saturday,2914.53,2914.53
2025-01-04,ORD048466,CUST01028,P005,Office Chair,Furniture,Chennai,Online,UPI,1,8587.81,0.15,8587.81,7299.64,0,1859.25,2025,1,January,Saturday,8587.81,7299.638499999999
2025-01-05,ORD034153,CUST02492,P018,Jacket,Fashion,Delhi,Online,Net Banking,1,5373.2,0.2,5373.2,4298.56,0,493.69,2025,1,January,Sunday,5373.2,4298.56
2025-01-05,ORD038401,CUST04406,P019,Vacuum Cleaner,Home,Pune,Online,UPI,1,9466.7,0.05,9466.7,8993.36,0,1947.56,2025,1,January,Sunday,9466.7,8993.365
2025-01-05,ORD037141,CUST03640,P018,Jacket,Fashion,Hyderabad,Online,Debit Card,1,5459.96,0.0,5459.96,5459.96,0,929.11,2025,1,January,Sunday,5459.96,5459.96
2025-01-05,ORD036195,CUST00341,P005,Office Chair,Furniture,Hyderabad,Online,Credit Card,1,9612.26,0.05,9612.26,9131.65,0,1758.89,2025,1,January,Sunday,9612.26,9131.646999999999
2025-01-05,ORD044947,CUST02549,P010,Coffee Maker,Home,Jaipur,Online,Debit Card,2,5953.28,0.05,11906.56,11311.23,0,805.91,2025,1,January,Sunday,11906.56,11311.231999999998
2025-01-05,ORD023761,CUST02621,P014,Keyboard,Electronics,Jaipur,Online,UPI,1,2697.15,0.25,2697.15,2022.86,0,101.07,2025,1,January,Sunday,2697.15,2022.8625000000002
2025-01-05,ORD047540,CUST00311,P018,Jacket,Fashion,Hyderabad,Online,Debit Card,1,5316.92,0.1,5316.92,4785.23,0,1078.25,2025,1,January,Sunday,5316.92,4785.228
2025-01-05,ORD000895,CUST02712,P015,Dining Table,Furniture,Chennai,Store,Credit Card,1,20971.43,0.15,20971.43,17825.72,0,1310.45,2025,1,January,Sunday,20971.43,17825.7155
2025-01-05,ORD045799,CUST02645,P006,Desk,Furniture,Jaipur,Online,UPI,2,12726.16,0.05,25452.32,24179.7,0,2821.09,2025,1,January,Sunday,25452.32,24179.703999999998
2025-01-05,ORD048620,CUST00020,P018,Jacket,Fashion,Surat,Store,UPI,2,5320.52,0.15,10641.04,9044.88,0,1695.05,2025,1,January,Sunday,10641.04,9044.884
2025-01-05,ORD041140,CUST02839,P020,Microwave,Home,Mumbai,Online,UPI,3,10777.54,0.1,32332.62,29099.36,0,1992.66,2025,1,January,Sunday,32332.620000000003,29099.358
2025-01-05,ORD029449,CUST02013,P006,Desk,Furniture,Hyderabad,Store,UPI,1,12790.42,0.05,12790.42,12150.9,0,2927.97,2025,1,January,Sunday,12790.42,12150.899
2025-01-05,ORD010879,CUST01197,P020,Microwave,Home,Bengaluru,Store,UPI,1,10796.28,0.1,10796.28,9716.65,0,2218.32,2025,1,January,Sunday,10796.28,9716.652
2025-01-05,ORD047554,CUST02659,P003,Headphones,Electronics,Chennai,Store,UPI,2,4595.97,0.1,9191.94,8272.75,0,1632.06,2025,1,January,Sunday,9191.94,8272.746000000001
2025-01-05,ORD039378,CUST02993,P019,Vacuum Cleaner,Home,Surat,Online,Credit Card,1,9838.09,0.0,9838.09,9838.09,0,1626.74,2025,1,January,Sunday,9838.09,9838.09
2025-01-05,ORD019170,CUST00774,P003,Headphones,Electronics,Delhi,Store,UPI,1,4820.9,0.05,4820.9,4579.85,0,970.61,2025,1,January,Sunday,4820.9,4579.855
2025-01-05,ORD032358,CUST00152,P007,Backpack,Accessories,Surat,Online,UPI,5,2294.31,0.0,11471.55,11471.55,0,1053.4,2025,1,January,Sunday,11471.55,11471.55
2025-01-05,ORD019179,CUST01107,P008,Running Shoes,Fashion,Pune,Online,Net Banking,4,3923.0,0.0,15692.0,15692.0,0,2161.51,2025,1,January,Sunday,15692.0,15692.0
2025-01-05,ORD025805,CUST01711,P019,Vacuum Cleaner,Home,Ahmedabad,Store,Debit Card,1,9218.65,0.0,9218.65,9218.65,0,1582.31,2025,1,January,Sunday,9218.65,9218.65
2025-01-05,ORD021246,CUST01344,P019,Vacuum Cleaner,Home,Ahmedabad,Online,Debit Card,3,8629.93,0.15,25889.79,22006.32,0,4331.5,2025,1,January,Sunday,25889.79,22006.321500000002
2025-01-05,ORD020954,CUST03786,P006,Desk,Furniture,Ahmedabad,Store,UPI,1,12625.72,0.05,12625.72,11994.43,1,-599.72,2025,1,January,Sunday,12625.72,11994.434
2025-01-05,ORD008746,CUST01836,P015,Dining Table,Furniture,Surat,Online,Cash,1,23360.06,0.15,23360.06,19856.05,0,3494.93,2025,1,January,Sunday,23360.06,19856.051
2025-01-05,ORD046064,CUST01174,P007,Backpack,Accessories,Chennai,Online,UPI,1,2331.39,0.05,2331.39,2214.82,0,416.38,2025,1,January,Sunday,2331.39,2214.8205
2025-01-05,ORD044898,CUST00513,P017,Jeans,Fashion,Surat,Store,UPI,1,2944.1,0.05,2944.1,2796.9,0,455.76,2025,1,January,Sunday,2944.1,2796.895
2025-01-05,ORD007295,CUST03413,P015,Dining Table,Furniture,Kolkata,Online,Debit Card,2,22542.09,0.0,45084.18,45084.18,0,10983.72,2025,1,January,Sunday,45084.18,45084.18
2025-01-05,ORD030140,CUST02850,P011,Mixer Grinder,Home,Mumbai,Store,Credit Card,1,4472.35,0.0,4472.35,4472.35,0,1233.71,2025,1,January,Sunday,4472.35,4472.35
2025-01-05,ORD020831,CUST01181,P008,Running Shoes,Fashion,Ahmedabad,Store,Debit Card,2,3993.79,0.1,7987.58,7188.82,0,534.07,2025,1,January,Sunday,7987.58,7188.822
2025-01-05,ORD024996,CUST04060,P017,Jeans,Fashion,Bengaluru,Online,Net Banking,1,2775.15,0.1,2775.15,2497.64,0,631.53,2025,1,January,Sunday,2775.15,2497.635
2025-01-05,ORD041401,CUST01975,P011,Mixer Grinder,Home,Delhi,Store,Credit Card,4,4796.4,0.05,19185.6,18226.32,1,-911.32,2025,1,January,Sunday,19185.6,18226.319999999996
2025-01-05,ORD000202,CUST04949,P005,Office Chair,Furniture,Jaipur,Online,UPI,5,9792.93,0.05,48964.65,46516.42,0,9041.52,2025,1,January,Sunday,48964.65,46516.417499999996
2025-01-05,ORD036265,CUST00958,P015,Dining Table,Furniture,Chennai,Store,UPI,5,23291.84,0.0,116459.2,116459.2,0,21932.81,2025,1,January,Sunday,116459.2,116459.2
2025-01-05,ORD035160,CUST03720,P011,Mixer Grinder,Home,Delhi,Online,UPI,2,4523.49,0.1,9046.98,8142.28,0,1460.83,2025,1,January,Sunday,9046.98,8142.282
2025-01-05,ORD044907,CUST01094,P006,Desk,Furniture,Delhi,Online,Credit Card,1,10907.62,0.0,10907.62,10907.62,0,914.51,2025,1,January,Sunday,10907.62,10907.62
2025-01-05,ORD025501,CUST02612,P015,Dining Table,Furniture,Surat,Store,Debit Card,2,20725.81,0.1,41451.62,37306.46,0,6093.06,2025,1,January,Sunday,41451.62,37306.458000000006
2025-01-05,ORD008308,CUST02477,P005,Office Chair,Furniture,Jaipur,Online,UPI,1,8928.28,0.15,8928.28,7589.04,0,933.07,2025,1,January,Sunday,8928.28,7589.0380000000005
2025-01-05,ORD045695,CUST04569,P015,Dining Table,Furniture,Jaipur,Online,Cash,3,22019.18,0.05,66057.54,62754.66,0,5800.52,2025,1,January,Sunday,66057.54000000001,62754.66299999999
2025-01-05,ORD022000,CUST02801,P015,Dining Table,Furniture,Jaipur,Store,Credit Card,2,20797.6,0.2,41595.2,33276.16,0,6280.19,2025,1,January,Sunday,41595.2,33276.159999999996
2025-01-05,ORD028626,CUST04886,P014,Keyboard,Electronics,Chennai,Store,Cash,1,2266.61,0.05,2266.61,2153.28,0,462.76,2025,1,January,Sunday,2266.61,2153.2795
2025-01-05,ORD040276,CUST01483,P004,Smartwatch,Electronics,Chennai,Online,UPI,2,6442.44,0.0,12884.88,12884.88,0,3411.83,2025,1,January,Sunday,12884.88,12884.88
2025-01-05,ORD039154,CUST03680,P008,Running Shoes,Fashion,Ahmedabad,Online,UPI,2,4369.63,0.1,8739.26,7865.33,0,1930.57,2025,1,January,Sunday,8739.26,7865.334000000001
2025-01-05,ORD032748,CUST00488,P006,Desk,Furniture,Jaipur,Online,Cash,1,11897.93,0.1,11897.93,10708.14,0,1477.08,2025,1,January,Sunday,11897.93,10708.137
2025-01-05,ORD009880,CUST01528,P016,Sofa,Furniture,Mumbai,Online,UPI,1,33514.54,0.0,33514.54,33514.54,0,4203.96,2025,1,January,Sunday,33514.54,33514.54
2025-01-05,ORD014255,CUST04607,P001,Laptop,Electronics,Surat,Online,UPI,1,60834.11,0.1,60834.11,54750.7,0,8440.97,2025,1,January,Sunday,60834.11,54750.699
2025-01-05,ORD002011,CUST02564,P010,Coffee Maker,Home,Kolkata,Online,UPI,1,5881.66,0.1,5881.66,5293.49,0,990.49,2025,1,January,Sunday,5881.66,5293.494
2025-01-05,ORD037413,CUST01873,P017,Jeans,Fashion,Ahmedabad,Online,Cash,3,2618.95,0.15,7856.85,6678.32,0,1278.97,2025,1,January,Sunday,7856.849999999999,6678.3225
2025-01-05,ORD001548,CUST01221,P001,Laptop,Electronics,Pune,Store,UPI,4,70699.41,0.1,282797.64,254517.88,0,68459.86,2025,1,January,Sunday,282797.64,254517.87600000002
2025-01-05,ORD041917,CUST04258,P012,Air Fryer,Home,Surat,Store,Credit Card,2,6862.54,0.1,13725.08,12352.57,0,3105.73,2025,1,January,Sunday,13725.08,12352.572
2025-01-05,ORD014374,CUST04104,P009,T-Shirt,Fashion,Ahmedabad,Store,Credit Card,2,1095.91,0.05,2191.82,2082.23,0,174.27,2025,1,January,Sunday,2191.82,2082.2290000000003
2025-01-05,ORD031863,CUST01585,P019,Vacuum Cleaner,Home,Hyderabad,Store,Cash,4,9755.38,0.05,39021.52,37070.44,0,3855.1,2025,1,January,Sunday,39021.52,37070.443999999996
2025-01-05,ORD015649,CUST01969,P011,Mixer Grinder,Home,Surat,Online,Debit Card,2,4998.59,0.0,9997.18,9997.18,0,1719.73,2025,1,January,Sunday,9997.18,9997.18
2025-01-05,ORD015414,CUST04464,P010,Coffee Maker,Home,Jaipur,Online,UPI,2,5471.09,0.0,10942.18,10942.18,0,1976.79,2025,1,January,Sunday,10942.18,10942.18
2025-01-05,ORD027245,CUST04641,P020,Microwave,Home,Hyderabad,Online,UPI,1,10011.89,0.2,10011.89,8009.51,0,1202.83,2025,1,January,Sunday,10011.89,8009.512
2025-01-05,ORD045058,CUST01862,P010,Coffee Maker,Home,Kolkata,Online,Debit Card,2,5598.14,0.0,11196.28,11196.28,0,1417.03,2025,1,January,Sunday,11196.28,11196.28
2025-01-05,ORD025712,CUST00362,P008,Running Shoes,Fashion,Mumbai,Store,Credit Card,1,3861.95,0.1,3861.95,3475.76,0,468.82,2025,1,January,Sunday,3861.95,3475.755
2025-01-05,ORD011004,CUST04258,P009,T-Shirt,Fashion,Surat,Online,Debit Card,1,1303.3,0.0,1303.3,1303.3,0,269.75,2025,1,January,Sunday,1303.3,1303.3
2025-01-05,ORD042030,CUST02830,P016,Sofa,Furniture,Bengaluru,Online,UPI,2,34526.96,0.25,69053.92,51790.44,0,10670.92,2025,1,January,Sunday,69053.92,51790.44
2025-01-05,ORD030095,CUST01397,P005,Office Chair,Furniture,Ahmedabad,Store,Credit Card,2,9770.4,0.1,19540.8,17586.72,0,1246.03,2025,1,January,Sunday,19540.8,17586.72
2025-01-05,ORD041747,CUST01716,P015,Dining Table,Furniture,Surat,Store,Credit Card,4,23337.14,0.0,93348.56,93348.56,0,26632.22,2025,1,January,Sunday,93348.56,93348.56
2025-01-05,ORD007919,CUST00102,P005,Office Chair,Furniture,Surat,Online,Credit Card,2,8679.62,0.1,17359.24,15623.32,0,3824.47,2025,1,January,Sunday,17359.24,15623.316000000003
2025-01-05,ORD031723,CUST00609,P003,Headphones,Electronics,Delhi,Store,Cash,2,4807.51,0.0,9615.02,9615.02,1,-480.75,2025,1,January,Sunday,9615.02,9615.02
2025-01-05,ORD031795,CUST03113,P005,Office Chair,Furniture,Chennai,Online,UPI,1,9023.04,0.1,9023.04,8120.74,0,1300.02,2025,1,January,Sunday,9023.04,8120.736000000001
2025-01-05,ORD037715,CUST03597,P009,T-Shirt,Fashion,Delhi,Online,Credit Card,1,1241.96,0.15,1241.96,1055.67,0,161.76,2025,1,January,Sunday,1241.96,1055.666
2025-01-05,ORD008186,CUST01513,P019,Vacuum Cleaner,Home,Mumbai,Store,Cash,1,9801.85,0.05,9801.85,9311.76,0,2377.13,2025,1,January,Sunday,9801.85,9311.7575
2025-01-05,ORD042622,CUST02000,P002,Smartphone,Electronics,Hyderabad,Online,Cash,2,29648.63,0.05,59297.26,56332.4,0,11410.74,2025,1,January,Sunday,59297.26,56332.397
2025-01-05,ORD017489,CUST04315,P005,Office Chair,Furniture,Surat,Online,UPI,1,10161.76,0.05,10161.76,9653.67,0,926.57,2025,1,January,Sunday,10161.76,9653.672
2025-01-05,ORD031781,CUST00769,P007,Backpack,Accessories,Hyderabad,Online,Credit Card,1,2243.11,0.15,2243.11,1906.64,0,384.81,2025,1,January,Sunday,2243.11,1906.6435000000001
2025-01-05,ORD033372,CUST00965,P017,Jeans,Fashion,Mumbai,Store,Credit Card,1,2817.81,0.15,2817.81,2395.14,0,587.79,2025,1,January,Sunday,2817.81,2395.1385
2025-01-05,ORD034782,CUST00309,P008,Running Shoes,Fashion,Ahmedabad,Online,UPI,2,4290.55,0.1,8581.1,7722.99,0,1299.1,2025,1,January,Sunday,8581.1,7722.990000000001
2025-01-05,ORD010098,CUST02625,P002,Smartphone,Electronics,Mumbai,Store,Credit Card,1,30694.94,0.1,30694.94,27625.45,0,3959.94,2025,1,January,Sunday,30694.94,27625.446
2025-01-06,ORD013183,CUST00050,P010,Coffee Maker,Home,Mumbai,Store,UPI,1,5273.53,0.1,5273.53,4746.18,0,1060.77,2025,1,January,Monday,5273.53,4746.177
2025-01-06,ORD003736,CUST04050,P006,Desk,Furniture,Kolkata,Online,UPI,1,12884.72,0.1,12884.72,11596.25,0,3206.48,2025,1,January,Monday,12884.72,11596.248
2025-01-06,ORD040228,CUST02518,P019,Vacuum Cleaner,Home,Jaipur,Store,UPI,2,8865.38,0.2,17730.76,14184.61,0,1967.98,2025,1,January,Monday,17730.76,14184.608
2025-01-06,ORD030566,CUST01450,P010,Coffee Maker,Home,Pune,Online,Cash,3,5723.51,0.1,17170.53,15453.48,0,3206.66,2025,1,January,Monday,17170.53,15453.476999999999
2025-01-06,ORD002998,CUST02968,P005,Office Chair,Furniture,Surat,Online,Debit Card,2,10129.27,0.1,20258.54,18232.69,0,3459.73,2025,1,January,Monday,20258.54,18232.686
2025-01-06,ORD021216,CUST04173,P003,Headphones,Electronics,Bengaluru,Store,Debit Card,1,4946.79,0.25,4946.79,3710.09,0,706.56,2025,1,January,Monday,4946.79,3710.0924999999997
2025-01-06,ORD033139,CUST03957,P014,Keyboard,Electronics,Ahmedabad,Store,Debit Card,4,2532.09,0.1,10128.36,9115.52,0,1256.47,2025,1,January,Monday,10128.36,9115.524000000001
2025-01-06,ORD017048,CUST02108,P003,Headphones,Electronics,Surat,Store,Credit Card,1,4409.66,0.2,4409.66,3527.73,0,896.52,2025,1,January,Monday,4409.66,3527.728
2025-01-06,ORD022777,CUST03078,P016,Sofa,Furniture,Pune,Store,Net Banking,1,32765.53,0.05,32765.53,31127.25,0,4531.86,2025,1,January,Monday,32765.53,31127.2535
2025-01-06,ORD018773,CUST01903,P010,Coffee Maker,Home,Hyderabad,Online,Credit Card,4,5934.56,0.1,23738.24,21364.42,0,4823.48,2025,1,January,Monday,23738.24,21364.416
2025-01-06,ORD025009,CUST00557,P017,Jeans,Fashion,Mumbai,Store,Credit Card,1,3066.37,0.25,3066.37,2299.78,0,417.14,2025,1,January,Monday,3066.37,2299.7775
2025-01-06,ORD041246,CUST01768,P018,Jacket,Fashion,Delhi,Online,UPI,2,4875.54,0.1,9751.08,8775.97,0,2401.34,2025,1,January,Monday,9751.08,8775.972
2025-01-06,ORD036750,CUST02740,P015,Dining Table,Furniture,Surat,Online,UPI,1,23756.19,0.1,23756.19,21380.57,0,4599.06,2025,1,January,Monday,23756.19,21380.571
2025-01-06,ORD005247,CUST00361,P018,Jacket,Fashion,Ahmedabad,Store,Cash,1,5214.6,0.1,5214.6,4693.14,0,775.26,2025,1,January,Monday,5214.6,4693.14
2025-01-06,ORD031460,CUST01802,P013,Monitor,Electronics,Chennai,Online,UPI,1,18089.94,0.25,18089.94,13567.45,0,1972.77,2025,1,January,Monday,18089.94,13567.454999999998
2025-01-06,ORD022339,CUST04919,P018,Jacket,Fashion,Bengaluru,Store,Net Banking,2,5187.01,0.1,10374.02,9336.62,0,1990.98,2025,1,January,Monday,10374.02,9336.618
2025-01-06,ORD034336,CUST01106,P004,Smartwatch,Electronics,Hyderabad,Online,UPI,1,7584.99,0.2,7584.99,6067.99,0,916.4,2025,1,January,Monday,7584.99,6067.992
2025-01-06,ORD048460,CUST00827,P013,Monitor,Electronics,Kolkata,Online,Credit Card,4,19162.67,0.0,76650.68,76650.68,0,6382.18,2025,1,January,Monday,76650.68,76650.68
2025-01-06,ORD008184,CUST03862,P006,Desk,Furniture,Hyderabad,Online,Debit Card,4,12971.93,0.2,51887.72,41510.18,0,6198.76,2025,1,January,Monday,51887.72,41510.17600000001
2025-01-06,ORD040361,CUST02385,P016,Sofa,Furniture,Bengaluru,Online,UPI,1,35428.52,0.15,35428.52,30114.24,0,6624.38,2025,1,January,Monday,35428.52,30114.241999999995
2025-01-06,ORD011658,CUST00188,P009,T-Shirt,Fashion,Pune,Online,UPI,2,1206.23,0.2,2412.46,1929.97,0,412.61,2025,1,January,Monday,2412.46,1929.968
2025-01-06,ORD026185,CUST03523,P001,Laptop,Electronics,Hyderabad,Store,Net Banking,3,65262.41,0.0,195787.23,195787.23,0,16071.86,2025,1,January,Monday,195787.23,195787.23
2025-01-06,ORD040174,CUST04012,P005,Office Chair,Furniture,Mumbai,Online,Debit Card,1,10363.95,0.0,10363.95,10363.95,0,3038.65,2025,1,January,Monday,10363.95,10363.95
2025-01-06,ORD044161,CUST03632,P007,Backpack,Accessories,Jaipur,Online,UPI,2,2363.36,0.1,4726.72,4254.05,0,1079.81,2025,1,January,Monday,4726.72,4254.048000000001
2025-01-06,ORD039956,CUST04413,P010,Coffee Maker,Home,Pune,Online,UPI,1,4975.92,0.15,4975.92,4229.53,0,219.7,2025,1,January,Monday,4975.92,4229.532
2025-01-06,ORD027642,CUST00618,P020,Microwave,Home,Hyderabad,Online,UPI,2,10488.66,0.15,20977.32,17830.72,0,4766.18,2025,1,January,Monday,20977.32,17830.721999999998
2025-01-06,ORD022920,CUST01128,P011,Mixer Grinder,Home,Ahmedabad,Online,Credit Card,1,4373.42,0.15,4373.42,3717.41,0,210.15,2025,1,January,Monday,4373.42,3717.407
2025-01-06,ORD049740,CUST01021,P003,Headphones,Electronics,Delhi,Online,UPI,5,4597.08,0.1,22985.4,20686.86,0,2089.61,2025,1,January,Monday,22985.4,20686.86
2025-01-06,ORD036346,CUST04864,P009,T-Shirt,Fashion,Chennai,Store,Credit Card,2,1201.06,0.15,2402.12,2041.8,0,449.54,2025,1,January,Monday,2402.12,2041.802
2025-01-06,ORD006456,CUST00767,P019,Vacuum Cleaner,Home,Chennai,Online,Cash,1,9712.49,0.1,9712.49,8741.24,0,2325.18,2025,1,January,Monday,9712.49,8741.241
2025-01-06,ORD029085,CUST03895,P003,Headphones,Electronics,Delhi,Online,Debit Card,1,4334.79,0.05,4334.79,4118.05,0,1179.27,2025,1,January,Monday,4334.79,4118.050499999999
2025-01-06,ORD046620,CUST04840,P016,Sofa,Furniture,Jaipur,Store,Debit Card,2,33712.68,0.1,67425.36,60682.82,0,14911.91,2025,1,January,Monday,67425.36,60682.824
2025-01-06,ORD004267,CUST01506,P019,Vacuum Cleaner,Home,Mumbai,Online,Debit Card,1,8845.21,0.15,8845.21,7518.43,0,661.77,2025,1,January,Monday,8845.21,7518.428499999999
2025-01-06,ORD039448,CUST01931,P010,Coffee Maker,Home,Jaipur,Store,Debit Card,1,5084.6,0.05,5084.6,4830.37,0,1294.83,2025,1,January,Monday,5084.6,4830.37
2025-01-06,ORD048359,CUST04758,P004,Smartwatch,Electronics,Bengaluru,Store,UPI,1,6489.28,0.1,6489.28,5840.35,1,-292.02,2025,1,January,Monday,6489.28,5840.352
2025-01-06,ORD013073,CUST00151,P012,Air Fryer,Home,Hyderabad,Online,Debit Card,2,7561.49,0.1,15122.98,13610.68,0,3047.32,2025,1,January,Monday,15122.98,13610.682
2025-01-06,ORD019359,CUST03045,P004,Smartwatch,Electronics,Mumbai,Online,Debit Card,1,6875.88,0.05,6875.88,6532.09,0,1824.56,2025,1,January,Monday,6875.88,6532.086
2025-01-06,ORD009200,CUST03033,P013,Monitor,Electronics,Surat,Online,UPI,1,16539.44,0.0,16539.44,16539.44,0,4908.17,2025,1,January,Monday,16539.44,16539.44
2025-01-06,ORD005049,CUST02357,P010,Coffee Maker,Home,Chennai,Online,Net Banking,1,5393.95,0.1,5393.95,4854.56,1,-242.73,2025,1,January,Monday,5393.95,4854.555
2025-01-06,ORD009247,CUST04931,P020,Microwave,Home,Hyderabad,Store,Debit Card,3,11247.7,0.25,33743.1,25307.33,0,3590.07,2025,1,January,Monday,33743.100000000006,25307.324999999997
2025-01-06,ORD048596,CUST01960,P003,Headphones,Electronics,Chennai,Online,UPI,1,4638.15,0.15,4638.15,3942.43,0,764.26,2025,1,January,Monday,4638.15,3942.4275
2025-01-06,ORD031085,CUST00356,P013,Monitor,Electronics,Ahmedabad,Online,Cash,2,18910.95,0.2,37821.9,30257.52,0,3438.36,2025,1,January,Monday,37821.9,30257.520000000004
2025-01-06,ORD039683,CUST04820,P005,Office Chair,Furniture,Mumbai,Online,Net Banking,1,9778.7,0.1,9778.7,8800.83,1,-440.04,2025,1,January,Monday,9778.7,8800.830000000002
2025-01-06,ORD014052,CUST01165,P017,Jeans,Fashion,Chennai,Store,Credit Card,1,3022.8,0.0,3022.8,3022.8,0,743.54,2025,1,January,Monday,3022.8,3022.8
2025-01-06,ORD009553,CUST01255,P001,Laptop,Electronics,Mumbai,Store,Credit Card,1,69025.56,0.1,69025.56,62123.0,0,6012.72,2025,1,January,Monday,69025.56,62123.004
2025-01-06,ORD039863,CUST02176,P014,Keyboard,Electronics,Jaipur,Online,Net Banking,1,2532.06,0.0,2532.06,2532.06,0,363.83,2025,1,January,Monday,2532.06,2532.06
2025-01-06,ORD005293,CUST02231,P015,Dining Table,Furniture,Hyderabad,Store,Credit Card,1,20039.57,0.05,20039.57,19037.59,0,3030.05,2025,1,January,Monday,20039.57,19037.5915
2025-01-06,ORD014420,CUST01105,P007,Backpack,Accessories,Hyderabad,Store,Cash,3,2312.07,0.2,6936.21,5548.97,0,1347.13,2025,1,January,Monday,6936.210000000001,5548.968000000001
2025-01-06,ORD037839,CUST04977,P014,Keyboard,Electronics,Bengaluru,Store,Credit Card,1,2558.29,0.05,2558.29,2430.38,0,382.7,2025,1,January,Monday,2558.29,2430.3754999999996
2025-01-06,ORD015701,CUST02149,P014,Keyboard,Electronics,Ahmedabad,Store,UPI,1,2437.5,0.0,2437.5,2437.5,0,660.33,2025,1,January,Monday,2437.5,2437.5
2025-01-06,ORD006200,CUST01713,P004,Smartwatch,Electronics,Pune,Online,UPI,2,6800.77,0.2,13601.54,10881.23,0,1827.29,2025,1,January,Monday,13601.54,10881.232000000002
2025-01-06,ORD044780,CUST00515,P010,Coffee Maker,Home,Ahmedabad,Store,UPI,1,5423.19,0.15,5423.19,4609.71,0,1212.18,2025,1,January,Monday,5423.19,4609.711499999999
2025-01-06,ORD041584,CUST04303,P003,Headphones,Electronics,Chennai,Online,UPI,5,4739.8,0.05,23699.0,22514.05,0,5758.86,2025,1,January,Monday,23699.0,22514.05
2025-01-06,ORD032513,CUST01497,P003,Headphones,Electronics,Bengaluru,Online,Debit Card,1,4486.85,0.05,4486.85,4262.51,0,1028.96,2025,1,January,Monday,4486.85,4262.5075
2025-01-06,ORD036193,CUST04811,P013,Monitor,Electronics,Hyderabad,Store,Cash,3,17137.3,0.2,51411.9,41129.52,0,1872.2,2025,1,January,Monday,51411.899999999994,41129.520000000004
2025-01-06,ORD014682,CUST03240,P001,Laptop,Electronics,Surat,Online,UPI,3,69608.18,0.05,208824.54,198383.31,0,30728.83,2025,1,January,Monday,208824.53999999998,198383.313
2025-01-06,ORD034832,CUST01744,P019,Vacuum Cleaner,Home,Ahmedabad,Store,Net Banking,1,9091.52,0.1,9091.52,8182.37,0,669.86,2025,1,January,Monday,9091.52,8182.368
2025-01-06,ORD009304,CUST04412,P020,Microwave,Home,Chennai,Store,Debit Card,3,11207.31,0.0,33621.93,33621.93,0,3613.75,2025,1,January,Monday,33621.93,33621.93
2025-01-06,ORD012854,CUST04695,P007,Backpack,Accessories,Surat,Online,Cash,1,2259.96,0.1,2259.96,2033.96,0,232.83,2025,1,January,Monday,2259.96,2033.9640000000002
2025-01-06,ORD040011,CUST03708,P007,Backpack,Accessories,Delhi,Online,UPI,1,2191.32,0.0,2191.32,2191.32,0,301.11,2025,1,January,Monday,2191.32,2191.32
2025-01-06,ORD033405,CUST03212,P020,Microwave,Home,Surat,Store,UPI,4,11743.82,0.15,46975.28,39928.99,0,8355.67,2025,1,January,Monday,46975.28,39928.988
2025-01-06,ORD012101,CUST04646,P003,Headphones,Electronics,Kolkata,Online,UPI,1,4906.93,0.1,4906.93,4416.24,0,725.29,2025,1,January,Monday,4906.93,4416.237
2025-01-06,ORD024887,CUST00590,P011,Mixer Grinder,Home,Delhi,Online,Net Banking,1,5041.03,0.05,5041.03,4788.98,0,561.4,2025,1,January,Monday,5041.03,4788.978499999999
2025-01-07,ORD006529,CUST02682,P006,Desk,Furniture,Chennai,Online,UPI,5,12741.91,0.0,63709.55,63709.55,0,10668.11,2025,1,January,Tuesday,63709.55,63709.55
2025-01-07,ORD048042,CUST04433,P012,Air Fryer,Home,Mumbai,Online,Credit Card,3,7310.33,0.2,21930.99,17544.79,0,1042.95,2025,1,January,Tuesday,21930.989999999998,17544.792
2025-01-07,ORD005524,CUST03382,P019,Vacuum Cleaner,Home,Hyderabad,Online,Credit Card,3,9872.4,0.05,29617.2,28136.34,0,6106.53,2025,1,January,Tuesday,29617.199999999997,28136.34
2025-01-07,ORD012333,CUST02855,P007,Backpack,Accessories,Hyderabad,Online,Debit Card,2,2021.54,0.1,4043.08,3638.77,0,632.85,2025,1,January,Tuesday,4043.08,3638.772
2025-01-07,ORD018638,CUST04121,P020,Microwave,Home,Kolkata,Store,UPI,3,9910.5,0.1,29731.5,26758.35,0,4526.52,2025,1,January,Tuesday,29731.5,26758.350000000002
2025-01-07,ORD020639,CUST01416,P007,Backpack,Accessories,Kolkata,Online,Credit Card,1,2146.3,0.0,2146.3,2146.3,0,631.44,2025,1,January,Tuesday,2146.3,2146.3
2025-01-07,ORD014543,CUST02326,P006,Desk,Furniture,Kolkata,Store,UPI,1,10893.85,0.2,10893.85,8715.08,0,1328.71,2025,1,January,Tuesday,10893.85,8715.08
2025-01-07,ORD006974,CUST03514,P002,Smartphone,Electronics,Pune,Online,Net Banking,1,28134.76,0.1,28134.76,25321.28,0,5110.39,2025,1,January,Tuesday,28134.76,25321.284
2025-01-07,ORD024180,CUST00129,P003,Headphones,Electronics,Jaipur,Online,UPI,4,4567.0,0.25,18268.0,13701.0,0,962.07,2025,1,January,Tuesday,18268.0,13701.0
2025-01-07,ORD009983,CUST02694,P009,T-Shirt,Fashion,Hyderabad,Store,Credit Card,1,1191.47,0.0,1191.47,1191.47,0,134.61,2025,1,January,Tuesday,1191.47,1191.47
2025-01-07,ORD015008,CUST02017,P002,Smartphone,Electronics,Kolkata,Online,Debit Card,2,25733.68,0.0,51467.36,51467.36,0,5956.02,2025,1,January,Tuesday,51467.36,51467.36
2025-01-07,ORD043563,CUST04775,P018,Jacket,Fashion,Bengaluru,Online,Debit Card,1,5654.92,0.1,5654.92,5089.43,0,819.5,2025,1,January,Tuesday,5654.92,5089.428
2025-01-07,ORD036970,CUST03612,P004,Smartwatch,Electronics,Surat,Online,UPI,3,6447.05,0.1,19341.15,17407.04,0,2616.33,2025,1,January,Tuesday,19341.15,17407.035000000003
2025-01-07,ORD007098,CUST04761,P012,Air Fryer,Home,Mumbai,Online,UPI,1,6827.04,0.1,6827.04,6144.34,0,1009.57,2025,1,January,Tuesday,6827.04,6144.336
2025-01-07,ORD034650,CUST02372,P003,Headphones,Electronics,Delhi,Store,Credit Card,3,4194.07,0.0,12582.21,12582.21,0,1010.5,2025,1,January,Tuesday,12582.21,12582.21
2025-01-07,ORD033409,CUST00402,P008,Running Shoes,Fashion,Ahmedabad,Online,Credit Card,3,4124.09,0.0,12372.27,12372.27,0,1018.62,2025,1,January,Tuesday,12372.27,12372.27
2025-01-07,ORD006372,CUST00726,P019,Vacuum Cleaner,Home,Bengaluru,Online,UPI,3,9207.49,0.1,27622.47,24860.22,0,4948.66,2025,1,January,Tuesday,27622.47,24860.223
2025-01-07,ORD049208,CUST01534,P016,Sofa,Furniture,Bengaluru,Online,Credit Card,1,33147.64,0.1,33147.64,29832.88,0,7858.03,2025,1,January,Tuesday,33147.64,29832.876
2025-01-07,ORD031922,CUST01416,P015,Dining Table,Furniture,Bengaluru,Store,Credit Card,1,20072.64,0.2,20072.64,16058.11,0,3355.88,2025,1,January,Tuesday,20072.64,16058.112000000001
2025-01-07,ORD017418,CUST04937,P004,Smartwatch,Electronics,Delhi,Online,UPI,1,7612.02,0.0,7612.02,7612.02,0,759.91,2025,1,January,Tuesday,7612.02,7612.02
2025-01-07,ORD004452,CUST03236,P013,Monitor,Electronics,Mumbai,Online,Debit Card,2,16669.0,0.25,33338.0,25003.5,0,4917.88,2025,1,January,Tuesday,33338.0,25003.5
2025-01-07,ORD037296,CUST00858,P009,T-Shirt,Fashion,Jaipur,Online,Credit Card,1,1089.76,0.05,1089.76,1035.27,0,224.2,2025,1,January,Tuesday,1089.76,1035.272
2025-01-07,ORD032222,CUST02205,P003,Headphones,Electronics,Ahmedabad,Online,Credit Card,1,4261.3,0.1,4261.3,3835.17,0,1040.37,2025,1,January,Tuesday,4261.3,3835.17
2025-01-07,ORD046123,CUST00651,P003,Headphones,Electronics,Hyderabad,Online,UPI,1,4927.19,0.0,4927.19,4927.19,0,1333.82,2025,1,January,Tuesday,4927.19,4927.19
2025-01-07,ORD034861,CUST03152,P002,Smartphone,Electronics,Hyderabad,Online,UPI,1,29011.16,0.2,29011.16,23208.93,0,3771.91,2025,1,January,Tuesday,29011.16,23208.928
2025-01-07,ORD006620,CUST04695,P016,Sofa,Furniture,Kolkata,Online,Credit Card,2,38349.97,0.0,76699.94,76699.94,0,7867.3,2025,1,January,Tuesday,76699.94,76699.94
2025-01-07,ORD021255,CUST03201,P010,Coffee Maker,Home,Pune,Online,Credit Card,2,5515.24,0.1,11030.48,9927.43,0,825.43,2025,1,January,Tuesday,11030.48,9927.432
2025-01-07,ORD028277,CUST02303,P002,Smartphone,Electronics,Chennai,Store,UPI,4,27736.21,0.05,110944.84,105397.6,0,27729.87,2025,1,January,Tuesday,110944.84,105397.598
2025-01-07,ORD026383,CUST02845,P017,Jeans,Fashion,Kolkata,Online,Cash,3,2689.69,0.05,8069.07,7665.62,0,956.09,2025,1,January,Tuesday,8069.07,7665.616499999999
2025-01-07,ORD048337,CUST04211,P006,Desk,Furniture,Chennai,Store,UPI,1,12132.27,0.1,12132.27,10919.04,0,1176.04,2025,1,January,Tuesday,12132.27,10919.043000000001
2025-01-07,ORD007552,CUST01519,P007,Backpack,Accessories,Ahmedabad,Online,UPI,2,2110.45,0.2,4220.9,3376.72,0,460.86,2025,1,January,Tuesday,4220.9,3376.72
2025-01-07,ORD039897,CUST00941,P015,Dining Table,Furniture,Surat,Online,Credit Card,1,21411.84,0.05,21411.84,20341.25,0,2552.33,2025,1,January,Tuesday,21411.84,20341.248
2025-01-07,ORD019197,CUST00581,P008,Running Shoes,Fashion,Pune,Store,UPI,2,4466.13,0.1,8932.26,8039.03,0,1096.08,2025,1,January,Tuesday,8932.26,8039.034000000001
2025-01-07,ORD023114,CUST01641,P013,Monitor,Electronics,Kolkata,Online,UPI,1,17170.78,0.15,17170.78,14595.16,0,3499.45,2025,1,January,Tuesday,17170.78,14595.162999999999
2025-01-07,ORD009858,CUST00301,P004,Smartwatch,Electronics,Chennai,Online,Credit Card,4,6840.82,0.0,27363.28,27363.28,0,4576.26,2025,1,January,Tuesday,27363.28,27363.28
2025-01-07,ORD003364,CUST01325,P016,Sofa,Furniture,Ahmedabad,Online,Debit Card,4,32807.25,0.1,131229.0,118106.1,0,21340.51,2025,1,January,Tuesday,131229.0,118106.1
2025-01-07,ORD042951,CUST03598,P013,Monitor,Electronics,Jaipur,Online,UPI,5,19660.87,0.1,98304.35,88473.92,0,7061.13,2025,1,January,Tuesday,98304.34999999999,88473.91500000001
2025-01-07,ORD019819,CUST02244,P007,Backpack,Accessories,Delhi,Online,Net Banking,1,2314.64,0.15,2314.64,1967.44,0,147.97,2025,1,January,Tuesday,2314.64,1967.4439999999997
2025-01-07,ORD029727,CUST00345,P017,Jeans,Fashion,Kolkata,Store,Credit Card,1,2960.78,0.15,2960.78,2516.66,0,278.27,2025,1,January,Tuesday,2960.78,2516.663
2025-01-07,ORD032941,CUST00961,P019,Vacuum Cleaner,Home,Pune,Online,Net Banking,2,8648.92,0.25,17297.84,12973.38,0,1451.86,2025,1,January,Tuesday,17297.84,12973.380000000001
2025-01-07,ORD041339,CUST01924,P013,Monitor,Electronics,Delhi,Online,Cash,1,16450.98,0.1,16450.98,14805.88,0,3918.14,2025,1,January,Tuesday,16450.98,14805.882
2025-01-07,ORD027231,CUST04516,P007,Backpack,Accessories,Bengaluru,Store,UPI,1,2365.15,0.0,2365.15,2365.15,1,-118.26,2025,1,January,Tuesday,2365.15,2365.15
2025-01-07,ORD033807,CUST00495,P010,Coffee Maker,Home,Kolkata,Online,Credit Card,1,5492.25,0.25,5492.25,4119.19,1,-205.96,2025,1,January,Tuesday,5492.25,4119.1875
2025-01-07,ORD006686,CUST01631,P010,Coffee Maker,Home,Bengaluru,Online,Cash,1,5351.04,0.15,5351.04,4548.38,0,236.54,2025,1,January,Tuesday,5351.04,4548.384
2025-01-07,ORD001149,CUST01257,P016,Sofa,Furniture,Delhi,Store,Net Banking,1,35760.81,0.2,35760.81,28608.65,1,-1430.43,2025,1,January,Tuesday,35760.81,28608.648
2025-01-07,ORD003607,CUST03579,P005,Office Chair,Furniture,Bengaluru,Store,Net Banking,2,8870.18,0.05,17740.36,16853.34,0,3144.28,2025,1,January,Tuesday,17740.36,16853.342
2025-01-07,ORD029118,CUST04782,P006,Desk,Furniture,Ahmedabad,Online,Debit Card,2,11042.93,0.15,22085.86,18772.98,0,4330.93,2025,1,January,Tuesday,22085.86,18772.981
2025-01-07,ORD042780,CUST03326,P007,Backpack,Accessories,Chennai,Online,UPI,1,2066.93,0.0,2066.93,2066.93,0,603.15,2025,1,January,Tuesday,2066.93,2066.93
2025-01-07,ORD003593,CUST00857,P017,Jeans,Fashion,Mumbai,Store,UPI,2,2579.57,0.0,5159.14,5159.14,0,904.57,2025,1,January,Tuesday,5159.14,5159.14
2025-01-07,ORD035670,CUST01797,P017,Jeans,Fashion,Hyderabad,Store,Debit Card,1,2719.74,0.15,2719.74,2311.78,0,599.7,2025,1,January,Tuesday,2719.74,2311.7789999999995
2025-01-07,ORD042573,CUST03367,P007,Backpack,Accessories,Delhi,Online,Net Banking,2,2230.62,0.1,4461.24,4015.12,0,541.54,2025,1,January,Tuesday,4461.24,4015.116
2025-01-07,ORD028688,CUST03407,P016,Sofa,Furniture,Surat,Online,Credit Card,1,38208.68,0.1,38208.68,34387.81,0,2316.02,2025,1,January,Tuesday,38208.68,34387.812
2025-01-07,ORD042579,CUST00159,P014,Keyboard,Electronics,Kolkata,Online,UPI,2,2556.73,0.25,5113.46,3835.1,0,220.43,2025,1,January,Tuesday,5113.46,3835.0950000000003
2025-01-07,ORD012621,CUST03552,P016,Sofa,Furniture,Hyderabad,Store,UPI,2,37518.35,0.0,75036.7,75036.7,0,13367.95,2025,1,January,Tuesday,75036.7,75036.7
2025-01-07,ORD005859,CUST00347,P008,Running Shoes,Fashion,Hyderabad,Online,Debit Card,2,4064.45,0.1,8128.9,7316.01,0,792.44,2025,1,January,Tuesday,8128.9,7316.01
2025-01-07,ORD044665,CUST02872,P009,T-Shirt,Fashion,Chennai,Online,Debit Card,1,1248.53,0.1,1248.53,1123.68,0,291.49,2025,1,January,Tuesday,1248.53,1123.677
2025-01-07,ORD014950,CUST01417,P019,Vacuum Cleaner,Home,Mumbai,Online,Credit Card,2,9188.29,0.0,18376.58,18376.58,0,5502.81,2025,1,January,Tuesday,18376.58,18376.58
2025-01-07,ORD016210,CUST01172,P008,Running Shoes,Fashion,Pune,Store,UPI,3,4463.61,0.1,13390.83,12051.75,0,2064.75,2025,1,January,Tuesday,13390.829999999998,12051.747
2025-01-07,ORD033938,CUST03732,P019,Vacuum Cleaner,Home,Kolkata,Store,Debit Card,4,9576.5,0.0,38306.0,38306.0,0,10580.9,2025,1,January,Tuesday,38306.0,38306.0
2025-01-07,ORD008418,CUST03591,P007,Backpack,Accessories,Jaipur,Online,Credit Card,1,2377.55,0.0,2377.55,2377.55,0,415.81,2025,1,January,Tuesday,2377.55,2377.55
2025-01-07,ORD025097,CUST02840,P004,Smartwatch,Electronics,Ahmedabad,Online,UPI,2,7101.78,0.1,14203.56,12783.2,0,3499.61,2025,1,January,Tuesday,14203.56,12783.204
2025-01-07,ORD038074,CUST04807,P008,Running Shoes,Fashion,Mumbai,Online,UPI,1,4262.25,0.1,4262.25,3836.02,1,-191.8,2025,1,January,Tuesday,4262.25,3836.025
2025-01-07,ORD032975,CUST00506,P015,Dining Table,Furniture,Chennai,Online,UPI,1,19957.34,0.1,19957.34,17961.61,0,3320.07,2025,1,January,Tuesday,19957.34,17961.606
2025-01-07,ORD046121,CUST00811,P004,Smartwatch,Electronics,Jaipur,Store,Debit Card,1,7098.05,0.25,7098.05,5323.54,0,744.47,2025,1,January,Tuesday,7098.05,5323.5375
2025-01-07,ORD014113,CUST03807,P009,T-Shirt,Fashion,Kolkata,Online,Credit Card,2,1178.62,0.1,2357.24,2121.52,0,290.8,2025,1,January,Tuesday,2357.24,2121.516
2025-01-07,ORD039263,CUST04988,P016,Sofa,Furniture,Bengaluru,Store,Credit Card,1,33618.93,0.0,33618.93,33618.93,0,10084.8,2025,1,January,Tuesday,33618.93,33618.93
2025-01-07,ORD001740,CUST03234,P010,Coffee Maker,Home,Bengaluru,Store,UPI,1,5256.6,0.15,5256.6,4468.11,0,562.5,2025,1,January,Tuesday,5256.6,4468.110000000001
2025-01-07,ORD035878,CUST01042,P017,Jeans,Fashion,Surat,Store,UPI,4,2567.01,0.05,10268.04,9754.64,0,2793.24,2025,1,January,Tuesday,10268.04,9754.638
2025-01-07,ORD048464,CUST00225,P012,Air Fryer,Home,Bengaluru,Store,UPI,1,7401.03,0.1,7401.03,6660.93,1,-333.05,2025,1,January,Tuesday,7401.03,6660.927
2025-01-07,ORD005623,CUST04663,P005,Office Chair,Furniture,Delhi,Online,Cash,1,9731.29,0.0,9731.29,9731.29,0,2470.18,2025,1,January,Tuesday,9731.29,9731.29
2025-01-07,ORD019989,CUST01571,P002,Smartphone,Electronics,Surat,Online,UPI,3,28379.98,0.1,85139.94,76625.95,0,7157.34,2025,1,January,Tuesday,85139.94,76625.94600000001
2025-01-07,ORD015791,CUST02563,P001,Laptop,Electronics,Bengaluru,Store,Debit Card,1,62315.78,0.0,62315.78,62315.78,0,18253.61,2025,1,January,Tuesday,62315.78,62315.78
2025-01-07,ORD019967,CUST03008,P012,Air Fryer,Home,Hyderabad,Store,UPI,1,7816.37,0.05,7816.37,7425.55,0,1874.17,2025,1,January,Tuesday,7816.37,7425.5515
2025-01-07,ORD009153,CUST01903,P004,Smartwatch,Electronics,Delhi,Store,UPI,1,7414.45,0.05,7414.45,7043.73,0,1715.57,2025,1,January,Tuesday,7414.45,7043.727499999999
2025-01-07,ORD046378,CUST01820,P005,Office Chair,Furniture,Jaipur,Store,UPI,1,9920.75,0.15,9920.75,8432.64,1,-421.63,2025,1,January,Tuesday,9920.75,8432.637499999999
2025-01-07,ORD038982,CUST04503,P004,Smartwatch,Electronics,Hyderabad,Store,Cash,1,6595.64,0.15,6595.64,5606.29,0,1072.64,2025,1,January,Tuesday,6595.64,5606.294
2025-01-07,ORD041122,CUST02794,P019,Vacuum Cleaner,Home,Bengaluru,Store,UPI,5,8811.66,0.0,44058.3,44058.3,0,6666.83,2025,1,January,Tuesday,44058.3,44058.3
2025-01-07,ORD022384,CUST00612,P005,Office Chair,Furniture,Mumbai,Online,Credit Card,5,10145.56,0.1,50727.8,45655.02,0,10651.02,2025,1,January,Tuesday,50727.799999999996,45655.020000000004
2025-01-07,ORD019299,CUST04618,P014,Keyboard,Electronics,Delhi,Online,UPI,1,2291.77,0.05,2291.77,2177.18,0,231.8,2025,1,January,Tuesday,2291.77,2177.1814999999997
2025-01-08,ORD037455,CUST02679,P015,Dining Table,Furniture,Bengaluru,Store,UPI,2,22999.79,0.1,45999.58,41399.62,0,3363.39,2025,1,January,Wednesday,45999.58,41399.622
2025-01-08,ORD034585,CUST04439,P014,Keyboard,Electronics,Hyderabad,Online,Cash,1,2515.53,0.1,2515.53,2263.98,0,361.34,2025,1,January,Wednesday,2515.53,2263.9770000000003
2025-01-08,ORD024708,CUST02602,P011,Mixer Grinder,Home,Mumbai,Online,UPI,1,4950.24,0.15,4950.24,4207.7,0,972.28,2025,1,January,Wednesday,4950.24,4207.704
2025-01-08,ORD007105,CUST01620,P016,Sofa,Furniture,Hyderabad,Online,Credit Card,2,36906.62,0.15,73813.24,62741.25,0,8760.0,2025,1,January,Wednesday,73813.24,62741.254
2025-01-08,ORD019202,CUST01237,P011,Mixer Grinder,Home,Delhi,Online,UPI,1,5063.63,0.05,5063.63,4810.45,0,358.63,2025,1,January,Wednesday,5063.63,4810.4484999999995
2025-01-08,ORD047447,CUST03098,P020,Microwave,Home,Delhi,Online,UPI,4,11839.87,0.0,47359.48,47359.48,0,7824.68,2025,1,January,Wednesday,47359.48,47359.48
2025-01-08,ORD010856,CUST00387,P019,Vacuum Cleaner,Home,Jaipur,Online,Debit Card,1,9280.21,0.05,9280.21,8816.2,0,1736.71,2025,1,January,Wednesday,9280.21,8816.199499999999
2025-01-08,ORD039880,CUST03544,P008,Running Shoes,Fashion,Ahmedabad,Store,UPI,2,4136.0,0.0,8272.0,8272.0,1,-413.6,2025,1,January,Wednesday,8272.0,8272.0
2025-01-08,ORD041882,CUST02532,P020,Microwave,Home,Chennai,Store,Credit Card,1,10864.22,0.2,10864.22,8691.38,0,1160.18,2025,1,January,Wednesday,10864.22,8691.376
2025-01-08,ORD009069,CUST04844,P017,Jeans,Fashion,Kolkata,Store,Debit Card,3,2703.83,0.1,8111.49,7300.34,0,1090.89,2025,1,January,Wednesday,8111.49,7300.341
2025-01-08,ORD043637,CUST01820,P007,Backpack,Accessories,Jaipur,Store,Debit Card,1,2248.33,0.05,2248.33,2135.91,0,423.11,2025,1,January,Wednesday,2248.33,2135.9134999999997
2025-01-08,ORD039914,CUST00525,P004,Smartwatch,Electronics,Chennai,Online,UPI,1,6724.41,0.2,6724.41,5379.53,0,1028.19,2025,1,January,Wednesday,6724.41,5379.528
2025-01-08,ORD044616,CUST04223,P001,Laptop,Electronics,Delhi,Store,UPI,3,69302.52,0.05,207907.56,197512.18,0,28316.74,2025,1,January,Wednesday,207907.56,197512.182
2025-01-08,ORD004663,CUST03794,P007,Backpack,Accessories,Surat,Online,Credit Card,1,2337.57,0.1,2337.57,2103.81,0,524.49,2025,1,January,Wednesday,2337.57,2103.813
2025-01-08,ORD041982,CUST00123,P006,Desk,Furniture,Delhi,Online,Credit Card,3,11876.02,0.1,35628.06,32065.25,0,7785.32,2025,1,January,Wednesday,35628.06,32065.253999999997
2025-01-08,ORD029086,CUST01262,P019,Vacuum Cleaner,Home,Mumbai,Store,Net Banking,1,9279.4,0.0,9279.4,9279.4,0,2704.06,2025,1,January,Wednesday,9279.4,9279.4
2025-01-08,ORD046346,CUST02009,P009,T-Shirt,Fashion,Jaipur,Store,UPI,1,1143.44,0.1,1143.44,1029.1,0,126.85,2025,1,January,Wednesday,1143.44,1029.096
2025-01-08,ORD044488,CUST02997,P009,T-Shirt,Fashion,Chennai,Store,Cash,1,1139.01,0.05,1139.01,1082.06,0,89.01,2025,1,January,Wednesday,1139.01,1082.0594999999998
2025-01-08,ORD034041,CUST00729,P018,Jacket,Fashion,Jaipur,Online,Credit Card,1,5578.91,0.05,5578.91,5299.96,0,1306.87,2025,1,January,Wednesday,5578.91,5299.9645
2025-01-08,ORD030014,CUST00443,P011,Mixer Grinder,Home,Hyderabad,Online,Credit Card,1,5236.49,0.05,5236.49,4974.67,0,691.51,2025,1,January,Wednesday,5236.49,4974.665499999999
2025-01-08,ORD006715,CUST03870,P008,Running Shoes,Fashion,Delhi,Online,UPI,1,3988.26,0.1,3988.26,3589.43,0,392.61,2025,1,January,Wednesday,3988.26,3589.434
2025-01-08,ORD029417,CUST02434,P018,Jacket,Fashion,Kolkata,Online,Debit Card,1,4688.9,0.25,4688.9,3516.68,0,874.16,2025,1,January,Wednesday,4688.9,3516.6749999999997
2025-01-08,ORD015868,CUST04897,P016,Sofa,Furniture,Chennai,Store,UPI,1,32826.42,0.05,32826.42,31185.1,0,3929.37,2025,1,January,Wednesday,32826.42,31185.099
2025-01-08,ORD007557,CUST00044,P020,Microwave,Home,Ahmedabad,Store,Credit Card,2,11474.17,0.05,22948.34,21800.92,0,5708.04,2025,1,January,Wednesday,22948.34,21800.923
2025-01-08,ORD018000,CUST00623,P015,Dining Table,Furniture,Kolkata,Online,Debit Card,1,20426.0,0.25,20426.0,15319.5,0,3381.63,2025,1,January,Wednesday,20426.0,15319.5
2025-01-08,ORD032988,CUST03931,P006,Desk,Furniture,Hyderabad,Online,UPI,2,12037.04,0.05,24074.08,22870.38,0,3047.04,2025,1,January,Wednesday,24074.08,22870.376
2025-01-08,ORD018490,CUST03256,P012,Air Fryer,Home,Mumbai,Store,UPI,1,7885.56,0.0,7885.56,7885.56,0,1644.09,2025,1,January,Wednesday,7885.56,7885.56
2025-01-08,ORD021112,CUST03162,P014,Keyboard,Electronics,Hyderabad,Store,Cash,1,2458.24,0.1,2458.24,2212.42,1,-110.62,2025,1,January,Wednesday,2458.24,2212.4159999999997
2025-01-08,ORD027876,CUST01818,P020,Microwave,Home,Mumbai,Store,Cash,3,10515.01,0.0,31545.03,31545.03,0,8661.27,2025,1,January,Wednesday,31545.03,31545.03
2025-01-08,ORD045578,CUST03323,P002,Smartphone,Electronics,Surat,Store,UPI,1,29286.23,0.1,29286.23,26357.61,0,1809.95,2025,1,January,Wednesday,29286.23,26357.607
2025-01-08,ORD015035,CUST04745,P016,Sofa,Furniture,Surat,Online,UPI,2,37950.68,0.2,75901.36,60721.09,0,15782.95,2025,1,January,Wednesday,75901.36,60721.088
2025-01-08,ORD028303,CUST04452,P004,Smartwatch,Electronics,Delhi,Store,Net Banking,1,7327.33,0.1,7327.33,6594.6,0,1401.39,2025,1,January,Wednesday,7327.33,6594.597
2025-01-08,ORD019059,CUST04656,P001,Laptop,Electronics,Ahmedabad,Online,UPI,1,63947.17,0.1,63947.17,57552.45,0,5175.81,2025,1,January,Wednesday,63947.17,57552.453
2025-01-08,ORD030382,CUST03369,P009,T-Shirt,Fashion,Bengaluru,Store,Net Banking,5,1097.1,0.1,5485.5,4936.95,0,398.37,2025,1,January,Wednesday,5485.5,4936.95
2025-01-08,ORD003789,CUST00112,P005,Office Chair,Furniture,Hyderabad,Online,Credit Card,1,10070.36,0.05,10070.36,9566.84,0,2261.5,2025,1,January,Wednesday,10070.36,9566.842
2025-01-08,ORD023355,CUST00465,P011,Mixer Grinder,Home,Ahmedabad,Store,UPI,1,4685.47,0.25,4685.47,3514.1,0,148.47,2025,1,January,Wednesday,4685.47,3514.1025
2025-01-08,ORD031226,CUST01003,P011,Mixer Grinder,Home,Mumbai,Store,UPI,1,5005.82,0.15,5005.82,4254.95,0,524.96,2025,1,January,Wednesday,5005.82,4254.946999999999
2025-01-08,ORD031953,CUST00874,P001,Laptop,Electronics,Surat,Store,Cash,1,65988.37,0.05,65988.37,62688.95,0,17496.13,2025,1,January,Wednesday,65988.37,62688.951499999996
2025-01-08,ORD004984,CUST02813,P020,Microwave,Home,Jaipur,Online,Cash,1,11502.24,0.2,11502.24,9201.79,0,2255.42,2025,1,January,Wednesday,11502.24,9201.792
2025-01-08,ORD039110,CUST03569,P020,Microwave,Home,Pune,Online,Debit Card,3,10134.53,0.2,30403.59,24322.87,0,4789.11,2025,1,January,Wednesday,30403.590000000004,24322.872000000003
2025-01-08,ORD025828,CUST04201,P010,Coffee Maker,Home,Kolkata,Store,Credit Card,2,5538.16,0.1,11076.32,9968.69,0,2079.01,2025,1,January,Wednesday,11076.32,9968.688
2025-01-08,ORD033747,CUST02347,P016,Sofa,Furniture,Ahmedabad,Store,Debit Card,2,36916.12,0.2,73832.24,59065.79,0,11467.63,2025,1,January,Wednesday,73832.24,59065.79200000001
2025-01-08,ORD002626,CUST04133,P020,Microwave,Home,Pune,Online,Debit Card,1,11522.18,0.25,11522.18,8641.64,0,458.64,2025,1,January,Wednesday,11522.18,8641.635
2025-01-08,ORD032683,CUST02229,P015,Dining Table,Furniture,Kolkata,Store,Cash,1,20983.87,0.0,20983.87,20983.87,0,4831.46,2025,1,January,Wednesday,20983.87,20983.87
2025-01-08,ORD022407,CUST03764,P002,Smartphone,Electronics,Bengaluru,Online,Debit Card,1,25385.69,0.25,25385.69,19039.27,0,898.47,2025,1,January,Wednesday,25385.69,19039.267499999998
2025-01-08,ORD011006,CUST03866,P011,Mixer Grinder,Home,Chennai,Online,UPI,1,4804.22,0.2,4804.22,3843.38,0,953.92,2025,1,January,Wednesday,4804.22,3843.376
2025-01-08,ORD045818,CUST02475,P008,Running Shoes,Fashion,Ahmedabad,Online,UPI,3,3891.94,0.2,11675.82,9340.66,0,2424.66,2025,1,January,Wednesday,11675.82,9340.656
2025-01-08,ORD032452,CUST03491,P013,Monitor,Electronics,Bengaluru,Store,UPI,3,17479.55,0.0,52438.65,52438.65,0,12330.61,2025,1,January,Wednesday,52438.649999999994,52438.65
2025-01-08,ORD012699,CUST03541,P015,Dining Table,Furniture,Bengaluru,Store,UPI,3,23231.85,0.05,69695.55,66210.77,0,18618.6,2025,1,January,Wednesday,69695.54999999999,66210.7725
2025-01-08,ORD028370,CUST00244,P017,Jeans,Fashion,Mumbai,Online,Credit Card,3,2578.4,0.05,7735.2,7348.44,0,1832.62,2025,1,January,Wednesday,7735.200000000001,7348.44
2025-01-08,ORD003877,CUST02601,P015,Dining Table,Furniture,Surat,Store,Cash,1,22785.63,0.0,22785.63,22785.63,0,2960.05,2025,1,January,Wednesday,22785.63,22785.63
2025-01-08,ORD004040,CUST04728,P013,Monitor,Electronics,Bengaluru,Online,Debit Card,2,19786.31,0.1,39572.62,35615.36,0,6996.06,2025,1,January,Wednesday,39572.62,35615.358
2025-01-08,ORD004810,CUST00053,P014,Keyboard,Electronics,Pune,Store,UPI,2,2288.16,0.05,4576.32,4347.5,0,888.65,2025,1,January,Wednesday,4576.32,4347.504
2025-01-08,ORD014141,CUST02980,P015,Dining Table,Furniture,Pune,Online,Credit Card,1,23973.07,0.1,23973.07,21575.76,0,2036.01,2025,1,January,Wednesday,23973.07,21575.763
2025-01-08,ORD028081,CUST03933,P008,Running Shoes,Fashion,Chennai,Online,Debit Card,1,4050.62,0.0,4050.62,4050.62,0,1034.09,2025,1,January,Wednesday,4050.62,4050.62
2025-01-08,ORD045837,CUST00953,P012,Air Fryer,Home,Bengaluru,Store,UPI,3,6674.13,0.15,20022.39,17019.03,0,2876.0,2025,1,January,Wednesday,20022.39,17019.031499999997
2025-01-08,ORD039209,CUST04703,P017,Jeans,Fashion,Kolkata,Online,Net Banking,1,2804.17,0.2,2804.17,2243.34,0,208.08,2025,1,January,Wednesday,2804.17,2243.3360000000002
2025-01-08,ORD008969,CUST01333,P017,Jeans,Fashion,Ahmedabad,Online,Debit Card,2,2852.01,0.1,5704.02,5133.62,0,477.48,2025,1,January,Wednesday,5704.02,5133.618
2025-01-08,ORD000624,CUST02781,P008,Running Shoes,Fashion,Jaipur,Online,UPI,1,4492.83,0.1,4492.83,4043.55,0,673.04,2025,1,January,Wednesday,4492.83,4043.547
2025-01-08,ORD009366,CUST00275,P008,Running Shoes,Fashion,Chennai,Store,Cash,1,4310.6,0.1,4310.6,3879.54,0,308.87,2025,1,January,Wednesday,4310.6,3879.5400000000004
2025-01-08,ORD035291,CUST01501,P008,Running Shoes,Fashion,Jaipur,Online,Credit Card,1,4275.07,0.0,4275.07,4275.07,0,864.37,2025,1,January,Wednesday,4275.07,4275.07
2025-01-08,ORD024836,CUST00683,P004,Smartwatch,Electronics,Hyderabad,Online,UPI,1,6632.49,0.05,6632.49,6300.87,0,1339.4,2025,1,January,Wednesday,6632.49,6300.8655
2025-01-08,ORD001522,CUST04445,P020,Microwave,Home,Mumbai,Online,UPI,2,11425.62,0.1,22851.24,20566.12,0,1390.04,2025,1,January,Wednesday,22851.24,20566.116
2025-01-08,ORD025838,CUST04552,P019,Vacuum Cleaner,Home,Kolkata,Store,UPI,1,9021.07,0.05,9021.07,8570.02,0,879.07,2025,1,January,Wednesday,9021.07,8570.0165
2025-01-08,ORD019592,CUST02572,P016,Sofa,Furniture,Mumbai,Store,UPI,1,34797.74,0.05,34797.74,33057.85,0,5792.43,2025,1,January,Wednesday,34797.74,33057.852999999996
2025-01-08,ORD025493,CUST04007,P011,Mixer Grinder,Home,Pune,Store,Debit Card,1,5175.69,0.25,5175.69,3881.77,1,-194.09,2025,1,January,Wednesday,5175.69,3881.7675
2025-01-08,ORD008666,CUST01687,P019,Vacuum Cleaner,Home,Chennai,Online,UPI,4,8691.91,0.0,34767.64,34767.64,1,-1738.38,2025,1,January,Wednesday,34767.64,34767.64
2025-01-08,ORD035484,CUST04492,P018,Jacket,Fashion,Hyderabad,Online,Credit Card,1,5031.64,0.1,5031.64,4528.48,0,793.57,2025,1,January,Wednesday,5031.64,4528.476000000001
2025-01-08,ORD028902,CUST03411,P018,Jacket,Fashion,Hyderabad,Online,UPI,2,5028.47,0.1,10056.94,9051.25,0,2520.4,2025,1,January,Wednesday,10056.94,9051.246000000001
2025-01-08,ORD013122,CUST04918,P006,Desk,Furniture,Ahmedabad,Store,Credit Card,2,13165.26,0.05,26330.52,25013.99,0,6137.43,2025,1,January,Wednesday,26330.52,25013.994
2025-01-08,ORD036226,CUST04380,P015,Dining Table,Furniture,Jaipur,Online,Credit Card,1,20101.09,0.2,20101.09,16080.87,0,1002.82,2025,1,January,Wednesday,20101.09,16080.872000000001
2025-01-08,ORD016811,CUST03121,P019,Vacuum Cleaner,Home,Pune,Online,Credit Card,1,8981.4,0.0,8981.4,8981.4,0,2616.66,2025,1,January,Wednesday,8981.4,8981.4
2025-01-08,ORD029862,CUST01237,P009,T-Shirt,Fashion,Delhi,Store,Debit Card,1,1099.38,0.05,1099.38,1044.41,0,162.45,2025,1,January,Wednesday,1099.38,1044.411
2025-01-08,ORD024874,CUST04180,P002,Smartphone,Electronics,Surat,Store,Credit Card,3,27626.82,0.05,82880.46,78736.44,0,21434.83,2025,1,January,Wednesday,82880.45999999999,78736.437
2025-01-08,ORD029199,CUST00239,P013,Monitor,Electronics,Chennai,Store,Cash,1,18012.36,0.0,18012.36,18012.36,0,4617.82,2025,1,January,Wednesday,18012.36,18012.36
2025-01-08,ORD040105,CUST00045,P008,Running Shoes,Fashion,Pune,Online,Cash,3,4294.29,0.0,12882.87,12882.87,0,2377.78,2025,1,January,Wednesday,12882.869999999999,12882.87
2025-01-08,ORD007028,CUST03533,P012,Air Fryer,Home,Chennai,Online,Net Banking,2,7755.72,0.0,15511.44,15511.44,0,3023.64,2025,1,January,Wednesday,15511.44,15511.44
2025-01-08,ORD029251,CUST02493,P019,Vacuum Cleaner,Home,Chennai,Online,UPI,3,9504.51,0.1,28513.53,25662.18,0,7145.48,2025,1,January,Wednesday,28513.53,25662.177
2025-01-09,ORD047095,CUST02162,P003,Headphones,Electronics,Surat,Online,Net Banking,3,4423.9,0.15,13271.7,11280.94,0,2888.36,2025,1,January,Thursday,13271.699999999999,11280.945
2025-01-09,ORD008932,CUST03354,P002,Smartphone,Electronics,Pune,Store,Debit Card,4,26959.62,0.1,107838.48,97054.63,0,19506.06,2025,1,January,Thursday,107838.48,97054.632
2025-01-09,ORD001111,CUST01315,P015,Dining Table,Furniture,Mumbai,Store,UPI,2,22723.16,0.15,45446.32,38629.37,0,9297.84,2025,1,January,Thursday,45446.32,38629.371999999996
2025-01-09,ORD016191,CUST00683,P001,Laptop,Electronics,Hyderabad,Store,Credit Card,1,63109.91,0.05,63109.91,59954.41,0,16222.18,2025,1,January,Thursday,63109.91,59954.4145
2025-01-09,ORD028150,CUST00871,P012,Air Fryer,Home,Pune,Online,UPI,1,6543.15,0.25,6543.15,4907.36,0,1154.94,2025,1,January,Thursday,6543.15,4907.362499999999
2025-01-09,ORD047275,CUST04990,P018,Jacket,Fashion,Bengaluru,Store,Credit Card,2,5716.94,0.1,11433.88,10290.49,1,-514.52,2025,1,January,Thursday,11433.88,10290.492
2025-01-09,ORD017933,CUST03600,P008,Running Shoes,Fashion,Pune,Online,UPI,2,3839.19,0.0,7678.38,7678.38,0,2279.49,2025,1,January,Thursday,7678.38,7678.38
2025-01-09,ORD047660,CUST02099,P017,Jeans,Fashion,Hyderabad,Online,Net Banking,1,2805.46,0.1,2805.46,2524.91,0,251.66,2025,1,January,Thursday,2805.46,2524.914
2025-01-09,ORD026673,CUST02162,P006,Desk,Furniture,Surat,Online,Credit Card,1,11810.6,0.15,11810.6,10039.01,1,-501.95,2025,1,January,Thursday,11810.6,10039.01
2025-01-09,ORD016249,CUST02997,P011,Mixer Grinder,Home,Hyderabad,Store,UPI,2,4682.53,0.0,9365.06,9365.06,1,-468.25,2025,1,January,Thursday,9365.06,9365.06
2025-01-09,ORD008950,CUST03015,P018,Jacket,Fashion,Jaipur,Store,Net Banking,1,5011.53,0.05,5011.53,4760.95,0,378.66,2025,1,January,Thursday,5011.53,4760.9535
2025-01-09,ORD045186,CUST02577,P018,Jacket,Fashion,Jaipur,Store,UPI,5,5652.76,0.1,28263.8,25437.42,0,1639.64,2025,1,January,Thursday,28263.800000000003,25437.42
2025-01-09,ORD041461,CUST02127,P007,Backpack,Accessories,Ahmedabad,Online,UPI,1,2140.81,0.0,2140.81,2140.81,0,191.63,2025,1,January,Thursday,2140.81,2140.81
2025-01-09,ORD012578,CUST02292,P001,Laptop,Electronics,Chennai,Store,Debit Card,1,68658.21,0.1,68658.21,61792.39,0,12536.78,2025,1,January,Thursday,68658.21,61792.38900000001
2025-01-09,ORD031040,CUST01167,P010,Coffee Maker,Home,Chennai,Online,Debit Card,1,4953.86,0.25,4953.86,3715.39,0,192.83,2025,1,January,Thursday,4953.86,3715.3949999999995
2025-01-09,ORD022043,CUST02006,P005,Office Chair,Furniture,Chennai,Online,UPI,3,10348.5,0.1,31045.5,27940.95,0,7592.97,2025,1,January,Thursday,31045.5,27940.95
2025-01-09,ORD006434,CUST03413,P012,Air Fryer,Home,Chennai,Store,Credit Card,1,7109.21,0.0,7109.21,7109.21,0,913.13,2025,1,January,Thursday,7109.21,7109.21
2025-01-09,ORD024429,CUST01422,P020,Microwave,Home,Jaipur,Store,UPI,1,10210.77,0.1,10210.77,9189.69,0,928.56,2025,1,January,Thursday,10210.77,9189.693000000001
2025-01-09,ORD019976,CUST01016,P015,Dining Table,Furniture,Jaipur,Store,UPI,4,21316.24,0.05,85264.96,81001.71,1,-4050.09,2025,1,January,Thursday,85264.96,81001.712
2025-01-09,ORD018793,CUST01123,P010,Coffee Maker,Home,Bengaluru,Online,UPI,3,5560.35,0.1,16681.05,15012.95,0,3331.2,2025,1,January,Thursday,16681.050000000003,15012.945
2025-01-09,ORD031700,CUST04141,P008,Running Shoes,Fashion,Bengaluru,Store,Credit Card,1,3872.33,0.05,3872.33,3678.71,0,834.35,2025,1,January,Thursday,3872.33,3678.7135
2025-01-09,ORD020788,CUST01047,P005,Office Chair,Furniture,Kolkata,Online,UPI,3,9891.73,0.25,29675.19,22256.39,0,3446.6,2025,1,January,Thursday,29675.19,22256.392499999998
2025-01-09,ORD023289,CUST04817,P002,Smartphone,Electronics,Mumbai,Store,Net Banking,1,30168.47,0.15,30168.47,25643.2,0,2612.59,2025,1,January,Thursday,30168.47,25643.1995
2025-01-09,ORD021441,CUST02812,P009,T-Shirt,Fashion,Bengaluru,Online,Cash,1,1193.83,0.2,1193.83,955.06,0,138.82,2025,1,January,Thursday,1193.83,955.064
2025-01-09,ORD034025,CUST03597,P001,Laptop,Electronics,Delhi,Store,UPI,2,63618.78,0.0,127237.56,127237.56,1,-6361.88,2025,1,January,Thursday,127237.56,127237.56
2025-01-09,ORD031849,CUST01381,P001,Laptop,Electronics,Ahmedabad,Store,UPI,2,66079.25,0.1,132158.5,118942.65,0,27499.77,2025,1,January,Thursday,132158.5,118942.65000000001
2025-01-09,ORD034219,CUST03876,P003,Headphones,Electronics,Jaipur,Store,Cash,1,4198.94,0.15,4198.94,3569.1,0,884.58,2025,1,January,Thursday,4198.94,3569.0989999999997
2025-01-09,ORD010386,CUST03885,P010,Coffee Maker,Home,Kolkata,Store,Net Banking,1,5602.39,0.05,5602.39,5322.27,0,1194.72,2025,1,January,Thursday,5602.39,5322.2705
2025-01-09,ORD033224,CUST01500,P014,Keyboard,Electronics,Pune,Store,Debit Card,1,2277.6,0.1,2277.6,2049.84,0,382.0,2025,1,January,Thursday,2277.6,2049.84
2025-01-09,ORD020273,CUST01002,P004,Smartwatch,Electronics,Surat,Online,UPI,1,7186.49,0.05,7186.49,6827.17,0,1056.0,2025,1,January,Thursday,7186.49,6827.165499999999
2025-01-09,ORD049120,CUST04014,P015,Dining Table,Furniture,Kolkata,Online,UPI,2,20727.02,0.2,41454.04,33163.23,0,5805.44,2025,1,January,Thursday,41454.04,33163.232
2025-01-09,ORD012521,CUST03660,P001,Laptop,Electronics,Delhi,Online,Credit Card,1,62063.58,0.2,62063.58,49650.86,0,9062.27,2025,1,January,Thursday,62063.58,49650.864
2025-01-09,ORD008114,CUST04052,P015,Dining Table,Furniture,Hyderabad,Online,Net Banking,1,20694.15,0.0,20694.15,20694.15,0,4022.4,2025,1,January,Thursday,20694.15,20694.15
2025-01-09,ORD042816,CUST03476,P008,Running Shoes,Fashion,Ahmedabad,Store,Credit Card,1,4431.8,0.05,4431.8,4210.21,0,295.02,2025,1,January,Thursday,4431.8,4210.21
2025-01-09,ORD033059,CUST03677,P016,Sofa,Furniture,Mumbai,Online,Debit Card,2,33227.29,0.05,66454.58,63131.85,0,13577.29,2025,1,January,Thursday,66454.58,63131.850999999995
2025-01-09,ORD032995,CUST04520,P009,T-Shirt,Fashion,Surat,Online,UPI,3,1264.09,0.05,3792.27,3602.66,0,993.39,2025,1,January,Thursday,3792.2699999999995,3602.6564999999996
2025-01-09,ORD025614,CUST03156,P003,Headphones,Electronics,Ahmedabad,Online,Debit Card,1,4250.6,0.1,4250.6,3825.54,0,573.57,2025,1,January,Thursday,4250.6,3825.5400000000004
2025-01-09,ORD027122,CUST00110,P011,Mixer Grinder,Home,Pune,Store,Credit Card,1,4752.51,0.1,4752.51,4277.26,0,827.75,2025,1,January,Thursday,4752.51,4277.259
2025-01-09,ORD003919,CUST01430,P011,Mixer Grinder,Home,Surat,Online,UPI,2,5070.38,0.1,10140.76,9126.68,0,2406.0,2025,1,January,Thursday,10140.76,9126.684000000001
2025-01-09,ORD013311,CUST04948,P004,Smartwatch,Electronics,Surat,Online,UPI,4,6926.37,0.1,27705.48,24934.93,0,4084.53,2025,1,January,Thursday,27705.48,24934.932
2025-01-09,ORD023849,CUST01903,P004,Smartwatch,Electronics,Ahmedabad,Store,Credit Card,3,7657.82,0.0,22973.46,22973.46,0,5625.68,2025,1,January,Thursday,22973.46,22973.46
2025-01-09,ORD025113,CUST04347,P015,Dining Table,Furniture,Kolkata,Online,UPI,1,20675.64,0.05,20675.64,19641.86,0,2130.93,2025,1,January,Thursday,20675.64,19641.858
2025-01-09,ORD008260,CUST00797,P002,Smartphone,Electronics,Chennai,Online,Net Banking,4,28885.17,0.1,115540.68,103986.61,0,11530.6,2025,1,January,Thursday,115540.68,103986.612
2025-01-09,ORD000547,CUST02791,P006,Desk,Furniture,Pune,Store,UPI,1,12067.65,0.2,12067.65,9654.12,0,612.81,2025,1,January,Thursday,12067.65,9654.12
2025-01-09,ORD006918,CUST03692,P003,Headphones,Electronics,Kolkata,Online,Cash,1,4890.59,0.15,4890.59,4157.0,0,298.27,2025,1,January,Thursday,4890.59,4157.0015
2025-01-09,ORD031375,CUST03153,P001,Laptop,Electronics,Jaipur,Online,UPI,2,60673.43,0.0,121346.86,121346.86,0,9965.73,2025,1,January,Thursday,121346.86,121346.86
2025-01-09,ORD041443,CUST04756,P005,Office Chair,Furniture,Jaipur,Online,Credit Card,1,9825.65,0.1,9825.65,8843.08,0,1815.36,2025,1,January,Thursday,9825.65,8843.085
2025-01-09,ORD015385,CUST02340,P011,Mixer Grinder,Home,Jaipur,Online,Net Banking,1,5003.06,0.25,5003.06,3752.3,0,255.41,2025,1,January,Thursday,5003.06,3752.295
2025-01-09,ORD041592,CUST04369,P018,Jacket,Fashion,Chennai,Online,UPI,1,5606.53,0.15,5606.53,4765.55,0,1078.48,2025,1,January,Thursday,5606.53,4765.550499999999
2025-01-09,ORD027232,CUST03961,P020,Microwave,Home,Ahmedabad,Online,UPI,4,10947.41,0.15,43789.64,37221.19,0,4118.95,2025,1,January,Thursday,43789.64,37221.193999999996
2025-01-09,ORD013333,CUST02071,P017,Jeans,Fashion,Bengaluru,Store,Debit Card,1,2588.37,0.1,2588.37,2329.53,0,145.42,2025,1,January,Thursday,2588.37,2329.533
2025-01-09,ORD023912,CUST03146,P015,Dining Table,Furniture,Surat,Online,UPI,5,23837.27,0.0,119186.35,119186.35,1,-5959.32,2025,1,January,Thursday,119186.35,119186.35
2025-01-10,ORD006720,CUST02351,P020,Microwave,Home,Delhi,Online,Debit Card,1,10285.02,0.0,10285.02,10285.02,0,1767.52,2025,1,January,Friday,10285.02,10285.02
2025-01-10,ORD037529,CUST03425,P008,Running Shoes,Fashion,Jaipur,Store,UPI,2,4172.74,0.05,8345.48,7928.21,0,571.92,2025,1,January,Friday,8345.48,7928.205999999999
2025-01-10,ORD006087,CUST02021,P011,Mixer Grinder,Home,Mumbai,Store,Debit Card,1,5240.49,0.15,5240.49,4454.42,0,1139.52,2025,1,January,Friday,5240.49,4454.416499999999
2025-01-10,ORD016225,CUST01136,P008,Running Shoes,Fashion,Mumbai,Online,UPI,1,4477.88,0.1,4477.88,4030.09,0,427.78,2025,1,January,Friday,4477.88,4030.092
2025-01-10,ORD030921,CUST03743,P011,Mixer Grinder,Home,Pune,Store,UPI,1,4893.09,0.0,4893.09,4893.09,0,856.52,2025,1,January,Friday,4893.09,4893.09
2025-01-10,ORD033783,CUST02759,P018,Jacket,Fashion,Ahmedabad,Store,UPI,1,5389.4,0.05,5389.4,5119.93,0,1462.78,2025,1,January,Friday,5389.4,5119.929999999999
2025-01-10,ORD005265,CUST02268,P013,Monitor,Electronics,Chennai,Online,Debit Card,1,17744.7,0.05,17744.7,16857.46,0,3274.07,2025,1,January,Friday,17744.7,16857.465
2025-01-10,ORD037702,CUST01235,P004,Smartwatch,Electronics,Delhi,Online,Credit Card,1,6747.2,0.0,6747.2,6747.2,0,1233.29,2025,1,January,Friday,6747.2,6747.2
2025-01-10,ORD009682,CUST04957,P020,Microwave,Home,Kolkata,Store,UPI,1,10351.79,0.0,10351.79,10351.79,0,2297.24,2025,1,January,Friday,10351.79,10351.79
2025-01-10,ORD028480,CUST04790,P010,Coffee Maker,Home,Bengaluru,Online,Net Banking,1,5216.13,0.1,5216.13,4694.52,0,1199.96,2025,1,January,Friday,5216.13,4694.517
2025-01-10,ORD005196,CUST02157,P007,Backpack,Accessories,Mumbai,Store,Debit Card,1,2012.52,0.2,2012.52,1610.02,0,134.62,2025,1,January,Friday,2012.52,1610.016
2025-01-10,ORD007934,CUST01256,P014,Keyboard,Electronics,Chennai,Online,UPI,1,2250.34,0.05,2250.34,2137.82,0,390.82,2025,1,January,Friday,2250.34,2137.823
2025-01-10,ORD028093,CUST02637,P004,Smartwatch,Electronics,Hyderabad,Store,Credit Card,1,7650.54,0.2,7650.54,6120.43,0,703.01,2025,1,January,Friday,7650.54,6120.432000000001
2025-01-10,ORD019590,CUST00907,P003,Headphones,Electronics,Jaipur,Online,UPI,1,4556.02,0.0,4556.02,4556.02,0,850.2,2025,1,January,Friday,4556.02,4556.02
2025-01-10,ORD028463,CUST04342,P018,Jacket,Fashion,Hyderabad,Online,Credit Card,1,4978.52,0.0,4978.52,4978.52,0,1486.82,2025,1,January,Friday,4978.52,4978.52
2025-01-10,ORD031331,CUST02836,P017,Jeans,Fashion,Pune,Online,Credit Card,1,2716.61,0.05,2716.61,2580.78,0,376.29,2025,1,January,Friday,2716.61,2580.7795
2025-01-10,ORD011111,CUST00287,P005,Office Chair,Furniture,Bengaluru,Online,UPI,1,9602.12,0.0,9602.12,9602.12,0,1837.18,2025,1,January,Friday,9602.12,9602.12
2025-01-10,ORD031523,CUST00072,P017,Jeans,Fashion,Bengaluru,Online,Credit Card,1,2951.91,0.1,2951.91,2656.72,0,392.32,2025,1,January,Friday,2951.91,2656.719
2025-01-10,ORD040428,CUST01965,P007,Backpack,Accessories,Kolkata,Online,Debit Card,2,2331.74,0.1,4663.48,4197.13,0,400.77,2025,1,January,Friday,4663.48,4197.132
2025-01-10,ORD027544,CUST03782,P006,Desk,Furniture,Ahmedabad,Store,Credit Card,1,12471.7,0.05,12471.7,11848.12,1,-592.41,2025,1,January,Friday,12471.7,11848.115
2025-01-10,ORD049773,CUST00569,P010,Coffee Maker,Home,Surat,Store,UPI,1,5568.86,0.05,5568.86,5290.42,0,826.61,2025,1,January,Friday,5568.86,5290.4169999999995
2025-01-10,ORD028835,CUST01209,P001,Laptop,Electronics,Jaipur,Online,Debit Card,3,59493.26,0.1,178479.78,160631.8,0,23808.02,2025,1,January,Friday,178479.78,160631.802
2025-01-10,ORD005945,CUST03648,P009,T-Shirt,Fashion,Pune,Store,Credit Card,1,1159.75,0.15,1159.75,985.79,0,63.36,2025,1,January,Friday,1159.75,985.7875
2025-01-10,ORD041960,CUST04602,P005,Office Chair,Furniture,Hyderabad,Online,UPI,2,9525.08,0.0,19050.16,19050.16,0,4894.49,2025,1,January,Friday,19050.16,19050.16
2025-01-10,ORD003420,CUST03669,P005,Office Chair,Furniture,Chennai,Online,Cash,1,9686.38,0.15,9686.38,8233.42,0,675.06,2025,1,January,Friday,9686.38,8233.422999999999
2025-01-10,ORD022008,CUST01584,P009,T-Shirt,Fashion,Hyderabad,Store,Credit Card,1,1287.28,0.05,1287.28,1222.92,0,214.24,2025,1,January,Friday,1287.28,1222.916
2025-01-10,ORD044401,CUST02028,P001,Laptop,Electronics,Chennai,Online,Credit Card,1,66927.07,0.15,66927.07,56888.01,0,12295.78,2025,1,January,Friday,66927.07,56888.00950000001
2025-01-10,ORD040793,CUST04065,P011,Mixer Grinder,Home,Kolkata,Online,Credit Card,1,4443.63,0.0,4443.63,4443.63,0,357.53,2025,1,January,Friday,4443.63,4443.63
2025-01-10,ORD047159,CUST00002,P017,Jeans,Fashion,Mumbai,Store,UPI,1,2923.03,0.1,2923.03,2630.73,0,238.58,2025,1,January,Friday,2923.03,2630.7270000000003
2025-01-10,ORD042189,CUST04591,P012,Air Fryer,Home,Surat,Online,UPI,2,7422.47,0.15,14844.94,12618.2,0,2703.62,2025,1,January,Friday,14844.94,12618.199
2025-01-10,ORD044538,CUST00098,P001,Laptop,Electronics,Delhi,Online,Credit Card,3,65901.6,0.1,197704.8,177934.32,0,43753.78,2025,1,January,Friday,197704.80000000002,177934.32
2025-01-10,ORD008942,CUST02818,P012,Air Fryer,Home,Bengaluru,Store,UPI,1,6514.93,0.25,6514.93,4886.2,0,898.81,2025,1,January,Friday,6514.93,4886.1975
2025-01-10,ORD019999,CUST03800,P007,Backpack,Accessories,Surat,Store,Debit Card,1,2143.14,0.15,2143.14,1821.67,0,122.41,2025,1,January,Friday,2143.14,1821.6689999999999
2025-01-10,ORD040538,CUST03682,P012,Air Fryer,Home,Bengaluru,Online,UPI,1,7591.82,0.0,7591.82,7591.82,0,1344.79,2025,1,January,Friday,7591.82,7591.82
2025-01-10,ORD029891,CUST03713,P017,Jeans,Fashion,Ahmedabad,Online,Credit Card,2,3071.15,0.2,6142.3,4913.84,0,693.04,2025,1,January,Friday,6142.3,4913.84
2025-01-10,ORD040522,CUST00772,P010,Coffee Maker,Home,Mumbai,Store,UPI,2,5901.67,0.1,11803.34,10623.01,0,2115.54,2025,1,January,Friday,11803.34,10623.006000000001
2025-01-10,ORD018045,CUST04545,P003,Headphones,Electronics,Mumbai,Store,Net Banking,2,4782.4,0.0,9564.8,9564.8,0,1005.74,2025,1,January,Friday,9564.8,9564.8
2025-01-10,ORD020139,CUST04471,P019,Vacuum Cleaner,Home,Ahmedabad,Online,UPI,1,9526.86,0.1,9526.86,8574.17,0,1172.55,2025,1,January,Friday,9526.86,8574.174
2025-01-10,ORD044757,CUST02273,P017,Jeans,Fashion,Surat,Online,UPI,2,2833.53,0.05,5667.06,5383.71,0,398.48,2025,1,January,Friday,5667.06,5383.707
2025-01-10,ORD033287,CUST00346,P013,Monitor,Electronics,Hyderabad,Online,UPI,2,18747.27,0.0,37494.54,37494.54,0,11147.47,2025,1,January,Friday,37494.54,37494.54
2025-01-10,ORD002424,CUST00364,P008,Running Shoes,Fashion,Kolkata,Online,Net Banking,3,4272.54,0.1,12817.62,11535.86,0,1475.9,2025,1,January,Friday,12817.619999999999,11535.858
2025-01-10,ORD016268,CUST01250,P005,Office Chair,Furniture,Jaipur,Online,UPI,2,9548.66,0.0,19097.32,19097.32,0,2557.48,2025,1,January,Friday,19097.32,19097.32
2025-01-10,ORD025435,CUST04139,P003,Headphones,Electronics,Delhi,Online,UPI,2,4052.03,0.1,8104.06,7293.65,0,1478.02,2025,1,January,Friday,8104.06,7293.654
2025-01-10,ORD004360,CUST00134,P016,Sofa,Furniture,Pune,Store,UPI,1,31832.58,0.0,31832.58,31832.58,0,5662.48,2025,1,January,Friday,31832.58,31832.58
2025-01-10,ORD036343,CUST04994,P008,Running Shoes,Fashion,Hyderabad,Store,Credit Card,1,4503.8,0.05,4503.8,4278.61,0,789.86,2025,1,January,Friday,4503.8,4278.61
2025-01-10,ORD043081,CUST04333,P005,Office Chair,Furniture,Hyderabad,Online,Debit Card,4,9684.8,0.05,38739.2,36802.24,0,10578.12,2025,1,January,Friday,38739.2,36802.24
2025-01-10,ORD039558,CUST03209,P008,Running Shoes,Fashion,Hyderabad,Store,UPI,2,4302.94,0.0,8605.88,8605.88,0,779.54,2025,1,January,Friday,8605.88,8605.88
2025-01-10,ORD026382,CUST00120,P012,Air Fryer,Home,Ahmedabad,Store,Debit Card,1,7418.58,0.05,7418.58,7047.65,0,1824.18,2025,1,January,Friday,7418.58,7047.651
2025-01-10,ORD034938,CUST00178,P005,Office Chair,Furniture,Delhi,Online,UPI,1,9056.58,0.1,9056.58,8150.92,0,1840.63,2025,1,January,Friday,9056.58,8150.9220000000005
2025-01-10,ORD013218,CUST02854,P006,Desk,Furniture,Chennai,Online,Credit Card,1,10994.3,0.0,10994.3,10994.3,0,2133.62,2025,1,January,Friday,10994.3,10994.3
2025-01-10,ORD002918,CUST01364,P015,Dining Table,Furniture,Hyderabad,Online,UPI,2,22332.22,0.2,44664.44,35731.55,0,6482.77,2025,1,January,Friday,44664.44,35731.552
2025-01-10,ORD039549,CUST03812,P008,Running Shoes,Fashion,Kolkata,Store,Net Banking,3,4068.53,0.25,12205.59,9154.19,0,1308.79,2025,1,January,Friday,12205.59,9154.192500000001
2025-01-10,ORD048741,CUST01402,P018,Jacket,Fashion,Hyderabad,Store,Net Banking,2,5008.82,0.0,10017.64,10017.64,0,2885.96,2025,1,January,Friday,10017.64,10017.64
2025-01-10,ORD034813,CUST04004,P010,Coffee Maker,Home,Hyderabad,Store,UPI,3,5292.26,0.0,15876.78,15876.78,0,3108.09,2025,1,January,Friday,15876.78,15876.78
2025-01-10,ORD018606,CUST03092,P003,Headphones,Electronics,Hyderabad,Online,Debit Card,1,4844.49,0.1,4844.49,4360.04,0,302.42,2025,1,January,Friday,4844.49,4360.041
2025-01-10,ORD016931,CUST03818,P007,Backpack,Accessories,Surat,Online,Credit Card,2,2168.55,0.15,4337.1,3686.54,0,697.51,2025,1,January,Friday,4337.1,3686.5350000000003
2025-01-10,ORD015129,CUST04212,P017,Jeans,Fashion,Mumbai,Store,Net Banking,2,2869.51,0.0,5739.02,5739.02,0,1532.36,2025,1,January,Friday,5739.02,5739.02
2025-01-10,ORD048637,CUST02737,P009,T-Shirt,Fashion,Bengaluru,Store,Debit Card,1,1231.57,0.0,1231.57,1231.57,0,129.71,2025,1,January,Friday,1231.57,1231.57
2025-01-10,ORD048799,CUST03682,P018,Jacket,Fashion,Hyderabad,Online,UPI,1,4946.28,0.0,4946.28,4946.28,0,1317.06,2025,1,January,Friday,4946.28,4946.28
2025-01-10,ORD030665,CUST01107,P019,Vacuum Cleaner,Home,Chennai,Online,Net Banking,1,8310.28,0.15,8310.28,7063.74,0,1268.84,2025,1,January,Friday,8310.28,7063.738
2025-01-10,ORD032768,CUST00208,P003,Headphones,Electronics,Jaipur,Online,Net Banking,2,4861.05,0.1,9722.1,8749.89,0,734.88,2025,1,January,Friday,9722.1,8749.890000000001
2025-01-10,ORD013856,CUST00962,P002,Smartphone,Electronics,Ahmedabad,Store,Cash,1,28938.18,0.1,28938.18,26044.36,0,5479.98,2025,1,January,Friday,28938.18,26044.362
2025-01-10,ORD000877,CUST00742,P014,Keyboard,Electronics,Hyderabad,Store,UPI,1,2267.09,0.1,2267.09,2040.38,0,486.21,2025,1,January,Friday,2267.09,2040.381
2025-01-10,ORD018755,CUST01211,P012,Air Fryer,Home,Jaipur,Online,Debit Card,1,7069.29,0.1,7069.29,6362.36,0,1151.38,2025,1,January,Friday,7069.29,6362.361
2025-01-10,ORD007472,CUST01260,P002,Smartphone,Electronics,Kolkata,Store,Credit Card,5,30401.33,0.15,152006.65,129205.65,0,20682.77,2025,1,January,Friday,152006.65000000002,129205.6525
2025-01-10,ORD043450,CUST03046,P013,Monitor,Electronics,Delhi,Store,Cash,5,16366.87,0.05,81834.35,77742.63,0,18637.86,2025,1,January,Friday,81834.35,77742.6325
2025-01-10,ORD004463,CUST03802,P012,Air Fryer,Home,Kolkata,Store,Credit Card,1,7595.79,0.15,7595.79,6456.42,0,1155.97,2025,1,January,Friday,7595.79,6456.4214999999995
2025-01-10,ORD007452,CUST00707,P001,Laptop,Electronics,Bengaluru,Online,UPI,2,62596.27,0.1,125192.54,112673.29,0,12311.03,2025,1,January,Friday,125192.54,112673.286
2025-01-10,ORD034517,CUST02485,P003,Headphones,Electronics,Mumbai,Online,UPI,4,4224.5,0.05,16898.0,16053.1,0,2377.34,2025,1,January,Friday,16898.0,16053.099999999999
2025-01-11,ORD035871,CUST01795,P014,Keyboard,Electronics,Mumbai,Store,Credit Card,2,2574.32,0.15,5148.64,4376.34,0,820.42,2025,1,January,Saturday,5148.64,4376.344
2025-01-11,ORD029877,CUST00917,P016,Sofa,Furniture,Kolkata,Online,Debit Card,1,32078.27,0.1,32078.27,28870.44,0,4436.59,2025,1,January,Saturday,32078.27,28870.443
2025-01-11,ORD007448,CUST03578,P003,Headphones,Electronics,Surat,Store,UPI,1,4278.47,0.1,4278.47,3850.62,0,687.57,2025,1,January,Saturday,4278.47,3850.6230000000005
2025-01-11,ORD025948,CUST02116,P005,Office Chair,Furniture,Pune,Store,Cash,4,9104.01,0.05,36416.04,34595.24,0,9817.93,2025,1,January,Saturday,36416.04,34595.238
2025-01-11,ORD025873,CUST03497,P003,Headphones,Electronics,Kolkata,Online,UPI,1,4654.7,0.25,4654.7,3491.02,1,-174.55,2025,1,January,Saturday,4654.7,3491.0249999999996
2025-01-11,ORD002067,CUST00893,P020,Microwave,Home,Ahmedabad,Online,UPI,2,11044.14,0.1,22088.28,19879.45,1,-993.97,2025,1,January,Saturday,22088.28,19879.452
2025-01-11,ORD047379,CUST04166,P002,Smartphone,Electronics,Chennai,Store,UPI,4,25359.16,0.1,101436.64,91292.98,0,25271.47,2025,1,January,Saturday,101436.64,91292.976
2025-01-11,ORD033185,CUST03404,P017,Jeans,Fashion,Chennai,Online,UPI,1,2807.59,0.05,2807.59,2667.21,0,633.43,2025,1,January,Saturday,2807.59,2667.2105
2025-01-11,ORD020793,CUST02007,P007,Backpack,Accessories,Hyderabad,Online,UPI,2,2271.35,0.05,4542.7,4315.56,0,441.47,2025,1,January,Saturday,4542.7,4315.565
2025-01-11,ORD008577,CUST04614,P006,Desk,Furniture,Delhi,Online,Credit Card,3,13048.38,0.05,39145.14,37187.88,0,8600.26,2025,1,January,Saturday,39145.14,37187.882999999994
2025-01-11,ORD011722,CUST02970,P014,Keyboard,Electronics,Bengaluru,Online,UPI,1,2677.11,0.1,2677.11,2409.4,0,580.85,2025,1,January,Saturday,2677.11,2409.3990000000003
2025-01-11,ORD023430,CUST04921,P007,Backpack,Accessories,Mumbai,Online,UPI,2,2345.6,0.0,4691.2,4691.2,0,611.7,2025,1,January,Saturday,4691.2,4691.2
2025-01-11,ORD046299,CUST04904,P005,Office Chair,Furniture,Chennai,Store,Cash,1,9681.03,0.0,9681.03,9681.03,0,2581.63,2025,1,January,Saturday,9681.03,9681.03
2025-01-11,ORD045034,CUST02449,P006,Desk,Furniture,Pune,Online,Cash,1,12299.38,0.1,12299.38,11069.44,0,1405.33,2025,1,January,Saturday,12299.38,11069.442
2025-01-11,ORD035633,CUST04296,P002,Smartphone,Electronics,Mumbai,Online,Credit Card,1,25473.44,0.05,25473.44,24199.77,0,3587.84,2025,1,January,Saturday,25473.44,24199.767999999996
2025-01-11,ORD033271,CUST02201,P018,Jacket,Fashion,Surat,Store,Credit Card,2,5495.23,0.1,10990.46,9891.41,0,2284.34,2025,1,January,Saturday,10990.46,9891.413999999999
2025-01-11,ORD007004,CUST03191,P019,Vacuum Cleaner,Home,Jaipur,Store,UPI,1,8259.34,0.1,8259.34,7433.41,0,2020.88,2025,1,January,Saturday,8259.34,7433.406
2025-01-11,ORD036991,CUST00297,P017,Jeans,Fashion,Delhi,Store,Net Banking,1,2843.52,0.0,2843.52,2843.52,0,705.84,2025,1,January,Saturday,2843.52,2843.52
2025-01-11,ORD049522,CUST02898,P011,Mixer Grinder,Home,Mumbai,Online,UPI,1,4684.99,0.15,4684.99,3982.24,0,579.17,2025,1,January,Saturday,4684.99,3982.2414999999996
2025-01-11,ORD040892,CUST01807,P004,Smartwatch,Electronics,Delhi,Online,Credit Card,1,6581.28,0.15,6581.28,5594.09,0,1430.15,2025,1,January,Saturday,6581.28,5594.088
2025-01-11,ORD010816,CUST02003,P008,Running Shoes,Fashion,Delhi,Online,Credit Card,1,4345.82,0.1,4345.82,3911.24,0,792.73,2025,1,January,Saturday,4345.82,3911.238
2025-01-11,ORD033903,CUST00043,P013,Monitor,Electronics,Surat,Online,Credit Card,1,18287.55,0.0,18287.55,18287.55,0,1823.14,2025,1,January,Saturday,18287.55,18287.55
2025-01-11,ORD040445,CUST01096,P008,Running Shoes,Fashion,Chennai,Online,UPI,3,4165.88,0.15,12497.64,10622.99,0,1525.8,2025,1,January,Saturday,12497.64,10622.993999999999
2025-01-11,ORD008489,CUST00348,P014,Keyboard,Electronics,Delhi,Store,UPI,5,2298.83,0.2,11494.15,9195.32,0,1809.07,2025,1,January,Saturday,11494.15,9195.32
2025-01-11,ORD006770,CUST04412,P017,Jeans,Fashion,Chennai,Online,Credit Card,1,2894.42,0.1,2894.42,2604.98,0,338.72,2025,1,January,Saturday,2894.42,2604.978
2025-01-11,ORD023843,CUST01125,P002,Smartphone,Electronics,Mumbai,Online,UPI,5,27325.55,0.0,136627.75,136627.75,0,18012.72,2025,1,January,Saturday,136627.75,136627.75
2025-01-11,ORD010526,CUST00155,P016,Sofa,Furniture,Hyderabad,Store,Cash,1,37215.1,0.1,37215.1,33493.59,0,5283.68,2025,1,January,Saturday,37215.1,33493.59
2025-01-11,ORD034008,CUST01934,P014,Keyboard,Electronics,Hyderabad,Online,UPI,1,2354.91,0.05,2354.91,2237.16,0,544.77,2025,1,January,Saturday,2354.91,2237.1645
2025-01-11,ORD009435,CUST04502,P002,Smartphone,Electronics,Pune,Online,UPI,2,25622.04,0.05,51244.08,48681.88,0,12188.03,2025,1,January,Saturday,51244.08,48681.876
2025-01-11,ORD013560,CUST03394,P019,Vacuum Cleaner,Home,Hyderabad,Online,Debit Card,3,9055.5,0.05,27166.5,25808.18,0,6215.51,2025,1,January,Saturday,27166.5,25808.175
2025-01-11,ORD033763,CUST00270,P018,Jacket,Fashion,Hyderabad,Online,Credit Card,1,5007.64,0.2,5007.64,4006.11,0,676.46,2025,1,January,Saturday,5007.64,4006.1120000000005
2025-01-11,ORD016539,CUST00619,P004,Smartwatch,Electronics,Jaipur,Online,Debit Card,1,6958.07,0.1,6958.07,6262.26,0,829.97,2025,1,January,Saturday,6958.07,6262.263
2025-01-11,ORD023125,CUST03940,P013,Monitor,Electronics,Ahmedabad,Online,UPI,1,18894.25,0.05,18894.25,17949.54,0,5097.15,2025,1,January,Saturday,18894.25,17949.5375
2025-01-11,ORD024481,CUST04837,P009,T-Shirt,Fashion,Pune,Store,Debit Card,1,1193.21,0.1,1193.21,1073.89,1,-53.69,2025,1,January,Saturday,1193.21,1073.8890000000001
2025-01-11,ORD004999,CUST00387,P018,Jacket,Fashion,Bengaluru,Store,UPI,1,4859.56,0.1,4859.56,4373.6,0,873.26,2025,1,January,Saturday,4859.56,4373.604
2025-01-11,ORD033000,CUST03988,P018,Jacket,Fashion,Hyderabad,Online,UPI,1,5150.97,0.1,5150.97,4635.87,0,949.26,2025,1,January,Saturday,5150.97,4635.8730000000005
2025-01-11,ORD009961,CUST04393,P005,Office Chair,Furniture,Mumbai,Online,UPI,5,9494.39,0.25,47471.95,35603.96,0,8635.52,2025,1,January,Saturday,47471.95,35603.962499999994
2025-01-11,ORD005048,CUST03568,P012,Air Fryer,Home,Surat,Online,Net Banking,2,6699.57,0.0,13399.14,13399.14,0,3795.78,2025,1,January,Saturday,13399.14,13399.14
2025-01-11,ORD047736,CUST00939,P006,Desk,Furniture,Mumbai,Online,UPI,1,10915.12,0.15,10915.12,9277.85,0,995.18,2025,1,January,Saturday,10915.12,9277.852
2025-01-11,ORD038182,CUST04090,P014,Keyboard,Electronics,Delhi,Online,UPI,2,2740.73,0.15,5481.46,4659.24,1,-232.96,2025,1,January,Saturday,5481.46,4659.241
2025-01-11,ORD026234,CUST03537,P014,Keyboard,Electronics,Pune,Store,UPI,1,2385.42,0.2,2385.42,1908.34,0,186.82,2025,1,January,Saturday,2385.42,1908.3360000000002
2025-01-11,ORD010746,CUST00709,P005,Office Chair,Furniture,Jaipur,Online,UPI,1,8869.65,0.25,8869.65,6652.24,0,1420.16,2025,1,January,Saturday,8869.65,6652.237499999999
2025-01-11,ORD042952,CUST03736,P015,Dining Table,Furniture,Surat,Store,Debit Card,2,20244.0,0.05,40488.0,38463.6,0,4474.03,2025,1,January,Saturday,40488.0,38463.6
2025-01-11,ORD009033,CUST04197,P013,Monitor,Electronics,Delhi,Store,UPI,1,17992.19,0.15,17992.19,15293.36,0,1907.44,2025,1,January,Saturday,17992.19,15293.361499999999
2025-01-11,ORD020465,CUST03312,P001,Laptop,Electronics,Chennai,Online,UPI,1,63863.37,0.2,63863.37,51090.7,0,3279.46,2025,1,January,Saturday,63863.37,51090.696
2025-01-11,ORD036121,CUST04558,P013,Monitor,Electronics,Bengaluru,Store,UPI,4,18455.28,0.05,73821.12,70130.06,1,-3506.5,2025,1,January,Saturday,73821.12,70130.064
2025-01-11,ORD011753,CUST02913,P009,T-Shirt,Fashion,Delhi,Online,UPI,1,1202.19,0.25,1202.19,901.64,0,209.2,2025,1,January,Saturday,1202.19,901.6425
2025-01-11,ORD013109,CUST02359,P013,Monitor,Electronics,Bengaluru,Store,Debit Card,5,16236.19,0.1,81180.95,73062.86,0,10789.82,2025,1,January,Saturday,81180.95,73062.855
2025-01-11,ORD040263,CUST02149,P007,Backpack,Accessories,Ahmedabad,Store,UPI,1,2411.44,0.05,2411.44,2290.87,1,-114.54,2025,1,January,Saturday,2411.44,2290.868
2025-01-11,ORD011673,CUST00586,P020,Microwave,Home,Chennai,Online,Credit Card,1,11822.51,0.1,11822.51,10640.26,0,1023.8,2025,1,January,Saturday,11822.51,10640.259
2025-01-11,ORD031487,CUST00717,P017,Jeans,Fashion,Mumbai,Online,Credit Card,2,2785.99,0.05,5571.98,5293.38,0,405.62,2025,1,January,Saturday,5571.98,5293.380999999999
2025-01-11,ORD041213,CUST04648,P014,Keyboard,Electronics,Jaipur,Store,UPI,1,2280.65,0.05,2280.65,2166.62,0,210.43,2025,1,January,Saturday,2280.65,2166.6175
2025-01-11,ORD021697,CUST04406,P019,Vacuum Cleaner,Home,Bengaluru,Online,UPI,3,9202.94,0.15,27608.82,23467.5,0,4793.24,2025,1,January,Saturday,27608.82,23467.497
2025-01-11,ORD038943,CUST01073,P004,Smartwatch,Electronics,Pune,Store,Cash,1,7563.12,0.15,7563.12,6428.65,0,853.01,2025,1,January,Saturday,7563.12,6428.652
2025-01-11,ORD030832,CUST02359,P015,Dining Table,Furniture,Surat,Online,Debit Card,1,20815.01,0.05,20815.01,19774.26,0,3751.11,2025,1,January,Saturday,20815.01,19774.259499999996
2025-01-11,ORD016758,CUST01932,P018,Jacket,Fashion,Kolkata,Online,Credit Card,1,4987.25,0.05,4987.25,4737.89,0,637.84,2025,1,January,Saturday,4987.25,4737.8875
2025-01-11,ORD007475,CUST02345,P014,Keyboard,Electronics,Surat,Online,Credit Card,1,2539.52,0.1,2539.52,2285.57,0,185.59,2025,1,January,Saturday,2539.52,2285.568
2025-01-11,ORD023068,CUST00030,P006,Desk,Furniture,Ahmedabad,Online,UPI,1,11981.74,0.05,11981.74,11382.65,0,1067.34,2025,1,January,Saturday,11981.74,11382.652999999998
2025-01-11,ORD010452,CUST01495,P016,Sofa,Furniture,Delhi,Store,Credit Card,1,32560.91,0.1,32560.91,29304.82,0,2871.39,2025,1,January,Saturday,32560.91,29304.819
2025-01-12,ORD007824,CUST00762,P015,Dining Table,Furniture,Delhi,Store,UPI,1,23541.84,0.0,23541.84,23541.84,0,5914.9,2025,1,January,Sunday,23541.84,23541.84
2025-01-12,ORD040762,CUST03377,P007,Backpack,Accessories,Mumbai,Online,Debit Card,2,2278.75,0.1,4557.5,4101.75,0,686.29,2025,1,January,Sunday,4557.5,4101.75
2025-01-12,ORD000524,CUST03338,P019,Vacuum Cleaner,Home,Hyderabad,Store,Debit Card,2,9471.4,0.0,18942.8,18942.8,0,3319.25,2025,1,January,Sunday,18942.8,18942.8
2025-01-12,ORD025145,CUST01063,P013,Monitor,Electronics,Kolkata,Store,Credit Card,4,18138.28,0.1,72553.12,65297.81,0,5099.21,2025,1,January,Sunday,72553.12,65297.808
2025-01-12,ORD019279,CUST03047,P011,Mixer Grinder,Home,Bengaluru,Online,Debit Card,3,4872.86,0.05,14618.58,13887.65,0,3730.98,2025,1,January,Sunday,14618.579999999998,13887.651
2025-01-12,ORD046101,CUST04937,P009,T-Shirt,Fashion,Jaipur,Online,UPI,1,1097.92,0.0,1097.92,1097.92,0,139.29,2025,1,January,Sunday,1097.92,1097.92
2025-01-12,ORD021266,CUST04940,P003,Headphones,Electronics,Ahmedabad,Online,Net Banking,1,4511.36,0.0,4511.36,4511.36,0,581.64,2025,1,January,Sunday,4511.36,4511.36
2025-01-12,ORD015954,CUST01478,P011,Mixer Grinder,Home,Kolkata,Online,UPI,1,5175.19,0.05,5175.19,4916.43,0,843.36,2025,1,January,Sunday,5175.19,4916.4304999999995
2025-01-12,ORD009758,CUST03499,P002,Smartphone,Electronics,Jaipur,Online,Credit Card,2,27437.5,0.25,54875.0,41156.25,0,5974.23,2025,1,January,Sunday,54875.0,41156.25
2025-01-12,ORD042190,CUST00565,P006,Desk,Furniture,Chennai,Online,UPI,5,11801.49,0.1,59007.45,53106.7,0,9228.84,2025,1,January,Sunday,59007.45,53106.705
2025-01-12,ORD024616,CUST02094,P007,Backpack,Accessories,Bengaluru,Online,UPI,1,2060.95,0.0,2060.95,2060.95,0,391.98,2025,1,January,Sunday,2060.95,2060.95
2025-01-12,ORD009233,CUST04617,P012,Air Fryer,Home,Chennai,Store,Debit Card,1,7792.4,0.05,7792.4,7402.78,0,1543.44,2025,1,January,Sunday,7792.4,7402.78
2025-01-12,ORD041352,CUST04184,P014,Keyboard,Electronics,Bengaluru,Online,Credit Card,1,2696.18,0.1,2696.18,2426.56,0,248.76,2025,1,January,Sunday,2696.18,2426.562
2025-01-12,ORD005485,CUST00726,P002,Smartphone,Electronics,Pune,Store,Debit Card,1,29237.34,0.05,29237.34,27775.47,0,3480.68,2025,1,January,Sunday,29237.34,27775.472999999998
2025-01-12,ORD019393,CUST02545,P015,Dining Table,Furniture,Delhi,Store,UPI,1,21758.04,0.0,21758.04,21758.04,0,4053.73,2025,1,January,Sunday,21758.04,21758.04
2025-01-12,ORD049264,CUST03460,P014,Keyboard,Electronics,Hyderabad,Online,Net Banking,1,2532.61,0.1,2532.61,2279.35,0,292.19,2025,1,January,Sunday,2532.61,2279.349
2025-01-12,ORD025728,CUST03021,P002,Smartphone,Electronics,Ahmedabad,Online,UPI,4,28031.33,0.0,112125.32,112125.32,0,22159.86,2025,1,January,Sunday,112125.32,112125.32
2025-01-12,ORD003238,CUST04287,P017,Jeans,Fashion,Jaipur,Store,UPI,1,2942.67,0.2,2942.67,2354.14,0,511.13,2025,1,January,Sunday,2942.67,2354.136
2025-01-12,ORD003114,CUST04969,P010,Coffee Maker,Home,Mumbai,Store,Net Banking,1,5238.0,0.05,5238.0,4976.1,0,1323.56,2025,1,January,Sunday,5238.0,4976.099999999999
2025-01-12,ORD036319,CUST02449,P004,Smartwatch,Electronics,Pune,Store,Cash,3,7634.41,0.05,22903.23,21758.07,0,1576.45,2025,1,January,Sunday,22903.23,21758.068499999998
2025-01-12,ORD047082,CUST02237,P018,Jacket,Fashion,Kolkata,Online,UPI,5,5028.82,0.15,25144.1,21372.48,0,2279.79,2025,1,January,Sunday,25144.1,21372.484999999997
2025-01-12,ORD012569,CUST02290,P014,Keyboard,Electronics,Bengaluru,Store,UPI,1,2535.0,0.15,2535.0,2154.75,0,228.05,2025,1,January,Sunday,2535.0,2154.75
2025-01-12,ORD004133,CUST00293,P006,Desk,Furniture,Kolkata,Online,UPI,1,11993.35,0.1,11993.35,10794.02,0,732.12,2025,1,January,Sunday,11993.35,10794.015000000001
2025-01-12,ORD043058,CUST01759,P003,Headphones,Electronics,Chennai,Online,Net Banking,1,4942.38,0.1,4942.38,4448.14,0,653.17,2025,1,January,Sunday,4942.38,4448.142
2025-01-12,ORD004671,CUST01740,P004,Smartwatch,Electronics,Chennai,Online,Cash,1,7191.09,0.05,7191.09,6831.54,0,1585.65,2025,1,January,Sunday,7191.09,6831.5355
2025-01-12,ORD029429,CUST00600,P019,Vacuum Cleaner,Home,Kolkata,Store,Credit Card,1,8546.65,0.0,8546.65,8546.65,0,2481.68,2025,1,January,Sunday,8546.65,8546.65
2025-01-12,ORD003049,CUST02756,P020,Microwave,Home,Ahmedabad,Online,Net Banking,2,11431.51,0.15,22863.02,19433.57,0,2731.73,2025,1,January,Sunday,22863.02,19433.567
2025-01-12,ORD028119,CUST03707,P019,Vacuum Cleaner,Home,Bengaluru,Store,Credit Card,2,9229.24,0.1,18458.48,16612.63,0,3306.24,2025,1,January,Sunday,18458.48,16612.632
2025-01-12,ORD010637,CUST01565,P003,Headphones,Electronics,Delhi,Online,UPI,2,4534.15,0.0,9068.3,9068.3,0,1968.9,2025,1,January,Sunday,9068.3,9068.3
2025-01-12,ORD009125,CUST03026,P019,Vacuum Cleaner,Home,Bengaluru,Store,Debit Card,3,9746.68,0.1,29240.04,26316.04,0,3168.22,2025,1,January,Sunday,29240.04,26316.036
2025-01-12,ORD032895,CUST00211,P020,Microwave,Home,Mumbai,Store,Debit Card,4,11206.49,0.1,44825.96,40343.36,0,3388.21,2025,1,January,Sunday,44825.96,40343.364
2025-01-12,ORD004231,CUST01906,P001,Laptop,Electronics,Hyderabad,Online,Credit Card,1,58902.48,0.0,58902.48,58902.48,0,13757.81,2025,1,January,Sunday,58902.48,58902.48
2025-01-12,ORD039953,CUST04709,P019,Vacuum Cleaner,Home,Delhi,Store,UPI,4,9128.71,0.1,36514.84,32863.36,0,2875.23,2025,1,January,Sunday,36514.84,32863.356
2025-01-12,ORD013201,CUST03251,P006,Desk,Furniture,Chennai,Store,Credit Card,2,12791.19,0.1,25582.38,23024.14,0,5366.9,2025,1,January,Sunday,25582.38,23024.142
2025-01-12,ORD012000,CUST04002,P006,Desk,Furniture,Delhi,Store,UPI,2,11174.05,0.1,22348.1,20113.29,0,2102.86,2025,1,January,Sunday,22348.1,20113.29
2025-01-12,ORD009148,CUST03914,P017,Jeans,Fashion,Hyderabad,Store,UPI,1,2919.0,0.1,2919.0,2627.1,1,-131.35,2025,1,January,Sunday,2919.0,2627.1
2025-01-12,ORD049180,CUST04276,P020,Microwave,Home,Delhi,Store,Debit Card,1,10605.59,0.0,10605.59,10605.59,0,3155.16,2025,1,January,Sunday,10605.59,10605.59
2025-01-12,ORD001540,CUST02925,P004,Smartwatch,Electronics,Mumbai,Store,UPI,4,7478.81,0.1,29915.24,26923.72,0,5870.01,2025,1,January,Sunday,29915.24,26923.716
2025-01-12,ORD014783,CUST01522,P011,Mixer Grinder,Home,Kolkata,Store,UPI,1,4388.9,0.0,4388.9,4388.9,0,834.28,2025,1,January,Sunday,4388.9,4388.9
2025-01-12,ORD020645,CUST01691,P008,Running Shoes,Fashion,Ahmedabad,Store,Credit Card,1,4319.76,0.15,4319.76,3671.8,0,645.45,2025,1,January,Sunday,4319.76,3671.7960000000003
2025-01-12,ORD005761,CUST03345,P014,Keyboard,Electronics,Chennai,Store,Credit Card,1,2433.8,0.05,2433.8,2312.11,0,604.93,2025,1,January,Sunday,2433.8,2312.11
2025-01-12,ORD007727,CUST03656,P007,Backpack,Accessories,Jaipur,Online,Cash,5,2107.37,0.1,10536.85,9483.16,0,749.17,2025,1,January,Sunday,10536.849999999999,9483.165
2025-01-12,ORD030888,CUST02080,P005,Office Chair,Furniture,Hyderabad,Online,UPI,1,9426.11,0.15,9426.11,8012.19,0,625.01,2025,1,January,Sunday,9426.11,8012.1935
2025-01-12,ORD045316,CUST01925,P020,Microwave,Home,Hyderabad,Online,UPI,1,11839.6,0.05,11839.6,11247.62,0,2354.89,2025,1,January,Sunday,11839.6,11247.619999999999
2025-01-12,ORD014257,CUST03751,P015,Dining Table,Furniture,Chennai,Store,UPI,1,24000.59,0.05,24000.59,22800.56,0,3283.55,2025,1,January,Sunday,24000.59,22800.5605
2025-01-12,ORD009790,CUST01441,P019,Vacuum Cleaner,Home,Jaipur,Store,Credit Card,2,8829.44,0.1,17658.88,15892.99,0,2349.38,2025,1,January,Sunday,17658.88,15892.992000000002
2025-01-12,ORD002062,CUST02393,P016,Sofa,Furniture,Kolkata,Online,UPI,3,35333.68,0.0,106001.04,106001.04,0,28549.36,2025,1,January,Sunday,106001.04000000001,106001.04
2025-01-12,ORD020108,CUST04110,P018,Jacket,Fashion,Kolkata,Store,Credit Card,1,5230.9,0.0,5230.9,5230.9,0,651.33,2025,1,January,Sunday,5230.9,5230.9
2025-01-12,ORD011494,CUST01936,P005,Office Chair,Furniture,Ahmedabad,Online,Debit Card,4,9081.74,0.15,36326.96,30877.92,0,1888.49,2025,1,January,Sunday,36326.96,30877.915999999997
2025-01-12,ORD028342,CUST01626,P007,Backpack,Accessories,Hyderabad,Online,Credit Card,3,2233.58,0.1,6700.74,6030.67,0,1636.95,2025,1,January,Sunday,6700.74,6030.666
2025-01-12,ORD033717,CUST01496,P020,Microwave,Home,Ahmedabad,Online,Credit Card,1,11152.75,0.15,11152.75,9479.84,0,1849.23,2025,1,January,Sunday,11152.75,9479.8375
2025-01-12,ORD019609,CUST04337,P008,Running Shoes,Fashion,Hyderabad,Online,UPI,2,3934.34,0.1,7868.68,7081.81,0,738.68,2025,1,January,Sunday,7868.68,7081.812000000001
2025-01-12,ORD015412,CUST03470,P002,Smartphone,Electronics,Mumbai,Online,Credit Card,1,25350.73,0.1,25350.73,22815.66,0,6340.56,2025,1,January,Sunday,25350.73,22815.657
2025-01-12,ORD018713,CUST03182,P011,Mixer Grinder,Home,Hyderabad,Store,UPI,4,5083.0,0.2,20332.0,16265.6,0,1977.93,2025,1,January,Sunday,20332.0,16265.6
2025-01-12,ORD002426,CUST00373,P018,Jacket,Fashion,Pune,Online,Debit Card,1,5080.22,0.0,5080.22,5080.22,0,932.06,2025,1,January,Sunday,5080.22,5080.22
2025-01-12,ORD037510,CUST01982,P009,T-Shirt,Fashion,Hyderabad,Online,UPI,5,1309.33,0.2,6546.65,5237.32,0,1241.76,2025,1,January,Sunday,6546.65,5237.32
2025-01-12,ORD023707,CUST04227,P006,Desk,Furniture,Mumbai,Online,Cash,5,11180.39,0.05,55901.95,53106.85,0,4914.41,2025,1,January,Sunday,55901.95,53106.85249999999
2025-01-12,ORD018702,CUST00133,P005,Office Chair,Furniture,Pune,Store,Credit Card,1,10297.64,0.25,10297.64,7723.23,0,1166.69,2025,1,January,Sunday,10297.64,7723.23
2025-01-12,ORD043085,CUST03189,P016,Sofa,Furniture,Mumbai,Online,Debit Card,3,35667.87,0.05,107003.61,101653.43,0,11896.06,2025,1,January,Sunday,107003.61000000002,101653.4295
2025-01-12,ORD035610,CUST03534,P006,Desk,Furniture,Surat,Online,Credit Card,2,11337.73,0.0,22675.46,22675.46,0,2512.45,2025,1,January,Sunday,22675.46,22675.46
2025-01-12,ORD028361,CUST04450,P014,Keyboard,Electronics,Jaipur,Online,UPI,3,2675.28,0.0,8025.84,8025.84,0,1107.42,2025,1,January,Sunday,8025.84,8025.84
2025-01-12,ORD023694,CUST00571,P009,T-Shirt,Fashion,Mumbai,Online,UPI,1,1192.01,0.1,1192.01,1072.81,0,83.04,2025,1,January,Sunday,1192.01,1072.809
2025-01-12,ORD043830,CUST02036,P011,Mixer Grinder,Home,Delhi,Store,Net Banking,3,4413.21,0.2,13239.63,10591.7,0,2251.93,2025,1,January,Sunday,13239.630000000001,10591.704
2025-01-12,ORD048513,CUST02070,P011,Mixer Grinder,Home,Chennai,Online,Credit Card,2,4556.26,0.1,9112.52,8201.27,0,2254.32,2025,1,January,Sunday,9112.52,8201.268
2025-01-12,ORD015691,CUST00267,P012,Air Fryer,Home,Delhi,Online,UPI,1,6695.01,0.05,6695.01,6360.26,0,1490.17,2025,1,January,Sunday,6695.01,6360.2595
2025-01-12,ORD030425,CUST01654,P008,Running Shoes,Fashion,Kolkata,Store,UPI,1,3905.25,0.2,3905.25,3124.2,0,157.29,2025,1,January,Sunday,3905.25,3124.2000000000003
2025-01-13,ORD027836,CUST04576,P007,Backpack,Accessories,Kolkata,Online,Credit Card,2,2352.99,0.05,4705.98,4470.68,0,609.47,2025,1,January,Monday,4705.98,4470.681
2025-01-13,ORD036601,CUST04613,P009,T-Shirt,Fashion,Pune,Store,Credit Card,1,1263.51,0.15,1263.51,1073.98,0,278.21,2025,1,January,Monday,1263.51,1073.9835
2025-01-13,ORD032665,CUST04674,P001,Laptop,Electronics,Jaipur,Store,UPI,2,63994.2,0.0,127988.4,127988.4,0,12787.3,2025,1,January,Monday,127988.4,127988.4
2025-01-13,ORD038732,CUST03939,P018,Jacket,Fashion,Delhi,Store,Credit Card,2,4711.16,0.15,9422.32,8008.97,0,1115.28,2025,1,January,Monday,9422.32,8008.972
2025-01-13,ORD049277,CUST03474,P004,Smartwatch,Electronics,Hyderabad,Online,Credit Card,3,7676.26,0.05,23028.78,21877.34,0,5223.54,2025,1,January,Monday,23028.78,21877.340999999997
2025-01-13,ORD019683,CUST03844,P020,Microwave,Home,Pune,Store,Credit Card,2,11115.87,0.1,22231.74,20008.57,0,5601.57,2025,1,January,Monday,22231.74,20008.566000000003
2025-01-13,ORD011007,CUST03172,P001,Laptop,Electronics,Bengaluru,Online,Credit Card,2,66602.38,0.1,133204.76,119884.28,0,17251.65,2025,1,January,Monday,133204.76,119884.28400000001
2025-01-13,ORD038638,CUST04720,P002,Smartphone,Electronics,Surat,Online,UPI,1,30654.92,0.0,30654.92,30654.92,0,7088.76,2025,1,January,Monday,30654.92,30654.92
2025-01-13,ORD024327,CUST01902,P013,Monitor,Electronics,Jaipur,Store,UPI,1,19196.43,0.05,19196.43,18236.61,0,4643.84,2025,1,January,Monday,19196.43,18236.6085
2025-01-13,ORD031387,CUST01060,P020,Microwave,Home,Hyderabad,Online,UPI,1,11170.44,0.05,11170.44,10611.92,0,775.91,2025,1,January,Monday,11170.44,10611.918
2025-01-13,ORD005027,CUST02159,P015,Dining Table,Furniture,Hyderabad,Online,Credit Card,4,20321.93,0.2,81287.72,65030.18,0,2702.03,2025,1,January,Monday,81287.72,65030.17600000001
2025-01-13,ORD037923,CUST00819,P010,Coffee Maker,Home,Hyderabad,Online,Credit Card,2,5007.24,0.05,10014.48,9513.76,0,1727.39,2025,1,January,Monday,10014.48,9513.756
2025-01-13,ORD032043,CUST00179,P019,Vacuum Cleaner,Home,Ahmedabad,Online,Debit Card,1,8236.03,0.05,8236.03,7824.23,0,744.92,2025,1,January,Monday,8236.03,7824.2285
2025-01-13,ORD001502,CUST01825,P003,Headphones,Electronics,Chennai,Online,Debit Card,1,4444.79,0.1,4444.79,4000.31,0,1114.8,2025,1,January,Monday,4444.79,4000.311
2025-01-13,ORD029422,CUST03082,P020,Microwave,Home,Surat,Online,Credit Card,1,10455.54,0.0,10455.54,10455.54,0,859.41,2025,1,January,Monday,10455.54,10455.54
2025-01-13,ORD045414,CUST01524,P009,T-Shirt,Fashion,Bengaluru,Online,UPI,2,1161.52,0.05,2323.04,2206.89,0,311.75,2025,1,January,Monday,2323.04,2206.888
2025-01-13,ORD040236,CUST00055,P016,Sofa,Furniture,Surat,Store,Debit Card,1,35373.67,0.1,35373.67,31836.3,0,4932.98,2025,1,January,Monday,35373.67,31836.303
2025-01-13,ORD033175,CUST01833,P010,Coffee Maker,Home,Bengaluru,Store,UPI,1,5660.27,0.05,5660.27,5377.26,0,1095.38,2025,1,January,Monday,5660.27,5377.2565
2025-01-13,ORD031924,CUST00766,P007,Backpack,Accessories,Delhi,Online,Debit Card,2,2032.34,0.2,4064.68,3251.74,0,437.49,2025,1,January,Monday,4064.68,3251.744
2025-01-13,ORD046285,CUST04543,P006,Desk,Furniture,Ahmedabad,Store,UPI,4,12630.06,0.1,50520.24,45468.22,0,4270.66,2025,1,January,Monday,50520.24,45468.216
2025-01-13,ORD038246,CUST03427,P012,Air Fryer,Home,Surat,Online,Cash,1,7252.83,0.1,7252.83,6527.55,0,896.31,2025,1,January,Monday,7252.83,6527.5470000000005
2025-01-13,ORD013696,CUST02352,P019,Vacuum Cleaner,Home,Jaipur,Store,UPI,3,9147.2,0.25,27441.6,20581.2,0,982.67,2025,1,January,Monday,27441.600000000002,20581.199999999997
2025-01-13,ORD007496,CUST02330,P017,Jeans,Fashion,Delhi,Online,UPI,1,3067.49,0.15,3067.49,2607.37,0,275.04,2025,1,January,Monday,3067.49,2607.3664999999996
2025-01-13,ORD046606,CUST01915,P010,Coffee Maker,Home,Kolkata,Online,Credit Card,1,5056.77,0.15,5056.77,4298.25,0,374.03,2025,1,January,Monday,5056.77,4298.2545
2025-01-13,ORD048414,CUST04698,P002,Smartphone,Electronics,Ahmedabad,Store,Net Banking,1,28414.84,0.1,28414.84,25573.36,0,3907.26,2025,1,January,Monday,28414.84,25573.356
2025-01-13,ORD045811,CUST04143,P018,Jacket,Fashion,Delhi,Store,Debit Card,3,5060.46,0.15,15181.38,12904.17,0,1224.17,2025,1,January,Monday,15181.380000000001,12904.172999999999
2025-01-13,ORD021924,CUST03955,P015,Dining Table,Furniture,Bengaluru,Store,UPI,1,20291.61,0.15,20291.61,17247.87,0,2550.77,2025,1,January,Monday,20291.61,17247.8685
2025-01-13,ORD045638,CUST02368,P011,Mixer Grinder,Home,Hyderabad,Store,UPI,1,4358.44,0.05,4358.44,4140.52,0,392.5,2025,1,January,Monday,4358.44,4140.517999999999
2025-01-13,ORD049583,CUST00035,P018,Jacket,Fashion,Kolkata,Online,UPI,2,4784.51,0.1,9569.02,8612.12,0,1291.63,2025,1,January,Monday,9569.02,8612.118
2025-01-13,ORD017614,CUST03554,P019,Vacuum Cleaner,Home,Bengaluru,Online,UPI,1,9134.43,0.1,9134.43,8220.99,0,662.5,2025,1,January,Monday,9134.43,8220.987000000001
2025-01-13,ORD029381,CUST04983,P015,Dining Table,Furniture,Jaipur,Online,Credit Card,1,22075.21,0.15,22075.21,18763.93,0,1895.35,2025,1,January,Monday,22075.21,18763.928499999998
2025-01-13,ORD024109,CUST02969,P014,Keyboard,Electronics,Chennai,Store,Credit Card,1,2674.75,0.1,2674.75,2407.28,0,591.01,2025,1,January,Monday,2674.75,2407.275
2025-01-13,ORD025051,CUST04727,P011,Mixer Grinder,Home,Jaipur,Online,Debit Card,3,4946.92,0.1,14840.76,13356.68,0,3555.61,2025,1,January,Monday,14840.76,13356.684000000001
2025-01-13,ORD028870,CUST03229,P001,Laptop,Electronics,Jaipur,Online,Debit Card,1,68385.04,0.15,68385.04,58127.28,0,15097.34,2025,1,January,Monday,68385.04,58127.28399999999
2025-01-13,ORD015142,CUST03057,P015,Dining Table,Furniture,Bengaluru,Online,Credit Card,1,20429.44,0.05,20429.44,19407.97,0,1794.3,2025,1,January,Monday,20429.44,19407.967999999997
2025-01-13,ORD044817,CUST02458,P020,Microwave,Home,Chennai,Store,Credit Card,1,11153.83,0.15,11153.83,9480.76,0,1687.59,2025,1,January,Monday,11153.83,9480.7555
2025-01-13,ORD002202,CUST02674,P013,Monitor,Electronics,Kolkata,Store,UPI,4,17170.92,0.1,68683.68,61815.31,0,9644.15,2025,1,January,Monday,68683.68,61815.312
2025-01-13,ORD019697,CUST04899,P007,Backpack,Accessories,Jaipur,Online,UPI,1,2403.39,0.05,2403.39,2283.22,0,544.1,2025,1,January,Monday,2403.39,2283.2205
2025-01-13,ORD033644,CUST03269,P020,Microwave,Home,Mumbai,Online,Credit Card,1,11576.33,0.05,11576.33,10997.51,0,1740.73,2025,1,January,Monday,11576.33,10997.5135
2025-01-13,ORD024607,CUST01791,P018,Jacket,Fashion,Bengaluru,Store,UPI,5,5719.22,0.0,28596.1,28596.1,0,4613.71,2025,1,January,Monday,28596.100000000002,28596.1
2025-01-13,ORD040686,CUST03835,P006,Desk,Furniture,Pune,Online,Debit Card,1,12878.21,0.1,12878.21,11590.39,0,1595.7,2025,1,January,Monday,12878.21,11590.389
2025-01-13,ORD015159,CUST01779,P006,Desk,Furniture,Mumbai,Online,Net Banking,5,10935.57,0.05,54677.85,51943.96,0,8666.1,2025,1,January,Monday,54677.85,51943.9575
2025-01-13,ORD001148,CUST01337,P014,Keyboard,Electronics,Surat,Online,Credit Card,1,2426.22,0.0,2426.22,2426.22,0,202.92,2025,1,January,Monday,2426.22,2426.22
2025-01-13,ORD047986,CUST01918,P017,Jeans,Fashion,Bengaluru,Online,Net Banking,1,2677.61,0.1,2677.61,2409.85,0,284.53,2025,1,January,Monday,2677.61,2409.849
2025-01-13,ORD043713,CUST04988,P019,Vacuum Cleaner,Home,Mumbai,Store,Debit Card,1,9222.07,0.25,9222.07,6916.55,0,1383.38,2025,1,January,Monday,9222.07,6916.5525
2025-01-13,ORD018876,CUST00104,P001,Laptop,Electronics,Delhi,Online,UPI,4,70784.12,0.25,283136.48,212352.36,1,-10617.62,2025,1,January,Monday,283136.48,212352.36
2025-01-13,ORD025767,CUST02917,P010,Coffee Maker,Home,Surat,Store,Credit Card,1,5971.75,0.05,5971.75,5673.16,0,1276.5,2025,1,January,Monday,5971.75,5673.162499999999
2025-01-13,ORD019155,CUST00373,P011,Mixer Grinder,Home,Ahmedabad,Online,Credit Card,4,5139.84,0.05,20559.36,19531.39,0,2821.36,2025,1,January,Monday,20559.36,19531.392
2025-01-13,ORD034002,CUST03200,P004,Smartwatch,Electronics,Surat,Online,Debit Card,2,6611.66,0.1,13223.32,11900.99,1,-595.05,2025,1,January,Monday,13223.32,11900.988
2025-01-13,ORD034043,CUST03302,P002,Smartphone,Electronics,Mumbai,Store,UPI,1,26890.53,0.1,26890.53,24201.48,0,2991.65,2025,1,January,Monday,26890.53,24201.477
2025-01-13,ORD005947,CUST01592,P009,T-Shirt,Fashion,Pune,Online,Credit Card,2,1126.55,0.15,2253.1,1915.13,0,155.83,2025,1,January,Monday,2253.1,1915.1349999999998
2025-01-13,ORD035202,CUST00047,P013,Monitor,Electronics,Jaipur,Online,Credit Card,2,17092.03,0.05,34184.06,32474.86,0,8078.11,2025,1,January,Monday,34184.06,32474.856999999996
2025-01-13,ORD000073,CUST00078,P011,Mixer Grinder,Home,Surat,Store,UPI,2,4477.11,0.05,8954.22,8506.51,0,2119.88,2025,1,January,Monday,8954.22,8506.508999999998
2025-01-13,ORD030534,CUST02154,P019,Vacuum Cleaner,Home,Jaipur,Online,UPI,4,8765.17,0.1,35060.68,31554.61,0,8243.23,2025,1,January,Monday,35060.68,31554.612
2025-01-13,ORD018292,CUST01758,P004,Smartwatch,Electronics,Kolkata,Store,UPI,4,6656.1,0.0,26624.4,26624.4,0,5362.84,2025,1,January,Monday,26624.4,26624.4
2025-01-13,ORD009835,CUST02775,P012,Air Fryer,Home,Mumbai,Online,Credit Card,1,7518.7,0.1,7518.7,6766.83,0,751.02,2025,1,January,Monday,7518.7,6766.83
2025-01-13,ORD023204,CUST04959,P004,Smartwatch,Electronics,Ahmedabad,Store,Credit Card,1,6929.53,0.15,6929.53,5890.1,0,1559.65,2025,1,January,Monday,6929.53,5890.1005
2025-01-13,ORD014230,CUST03466,P012,Air Fryer,Home,Mumbai,Online,Cash,5,7747.12,0.15,38735.6,32925.26,0,2555.0,2025,1,January,Monday,38735.6,32925.259999999995
2025-01-13,ORD025627,CUST01417,P002,Smartphone,Electronics,Mumbai,Store,UPI,1,30390.0,0.0,30390.0,30390.0,0,9090.89,2025,1,January,Monday,30390.0,30390.0
2025-01-13,ORD042223,CUST00575,P006,Desk,Furniture,Pune,Store,Debit Card,1,12060.71,0.05,12060.71,11457.67,0,2559.46,2025,1,January,Monday,12060.71,11457.6745
2025-01-13,ORD023197,CUST00919,P002,Smartphone,Electronics,Bengaluru,Online,UPI,1,28028.13,0.1,28028.13,25225.32,0,3205.06,2025,1,January,Monday,28028.13,25225.317000000003
2025-01-13,ORD018268,CUST03854,P011,Mixer Grinder,Home,Ahmedabad,Online,UPI,2,5141.33,0.0,10282.66,10282.66,0,1353.23,2025,1,January,Monday,10282.66,10282.66
2025-01-13,ORD003451,CUST03187,P002,Smartphone,Electronics,Bengaluru,Online,Credit Card,1,30706.77,0.05,30706.77,29171.43,0,3466.76,2025,1,January,Monday,30706.77,29171.4315
2025-01-13,ORD002457,CUST03398,P003,Headphones,Electronics,Surat,Online,Debit Card,2,4585.45,0.0,9170.9,9170.9,0,1543.21,2025,1,January,Monday,9170.9,9170.9
2025-01-13,ORD031290,CUST02914,P004,Smartwatch,Electronics,Chennai,Online,UPI,5,7003.31,0.15,35016.55,29764.07,0,5164.36,2025,1,January,Monday,35016.55,29764.0675
2025-01-13,ORD048054,CUST00649,P008,Running Shoes,Fashion,Hyderabad,Online,UPI,3,4042.98,0.15,12128.94,10309.6,0,1397.87,2025,1,January,Monday,12128.94,10309.599
2025-01-13,ORD036003,CUST04939,P018,Jacket,Fashion,Pune,Online,UPI,1,5497.95,0.0,5497.95,5497.95,0,578.46,2025,1,January,Monday,5497.95,5497.95
2025-01-13,ORD034696,CUST04788,P019,Vacuum Cleaner,Home,Ahmedabad,Online,Debit Card,5,9367.07,0.0,46835.35,46835.35,1,-2341.77,2025,1,January,Monday,46835.35,46835.35
2025-01-13,ORD044179,CUST03481,P004,Smartwatch,Electronics,Mumbai,Store,UPI,2,6534.72,0.25,13069.44,9802.08,0,1682.06,2025,1,January,Monday,13069.44,9802.08
2025-01-13,ORD015870,CUST03264,P005,Office Chair,Furniture,Surat,Online,Credit Card,2,10342.09,0.0,20684.18,20684.18,0,5961.48,2025,1,January,Monday,20684.18,20684.18
2025-01-13,ORD008534,CUST01546,P011,Mixer Grinder,Home,Ahmedabad,Store,Cash,4,5265.13,0.25,21060.52,15795.39,0,964.24,2025,1,January,Monday,21060.52,15795.39
2025-01-13,ORD030342,CUST00924,P013,Monitor,Electronics,Surat,Online,Credit Card,1,17971.59,0.1,17971.59,16174.43,0,2053.11,2025,1,January,Monday,17971.59,16174.431
2025-01-13,ORD009831,CUST04781,P012,Air Fryer,Home,Pune,Online,Debit Card,1,7415.59,0.2,7415.59,5932.47,0,1273.98,2025,1,January,Monday,7415.59,5932.472000000001
2025-01-13,ORD034692,CUST02027,P005,Office Chair,Furniture,Bengaluru,Online,Credit Card,2,8744.35,0.15,17488.7,14865.4,0,2853.64,2025,1,January,Monday,17488.7,14865.395
2025-01-13,ORD016447,CUST02229,P002,Smartphone,Electronics,Ahmedabad,Online,Credit Card,1,30728.41,0.2,30728.41,24582.73,0,5163.75,2025,1,January,Monday,30728.41,24582.728000000003
2025-01-13,ORD047128,CUST00858,P018,Jacket,Fashion,Mumbai,Store,Credit Card,1,5348.96,0.1,5348.96,4814.06,0,523.16,2025,1,January,Monday,5348.96,4814.064
2025-01-13,ORD013041,CUST00372,P018,Jacket,Fashion,Surat,Store,UPI,4,5639.33,0.2,22557.32,18045.86,0,4004.29,2025,1,January,Monday,22557.32,18045.856
2025-01-13,ORD002750,CUST01933,P004,Smartwatch,Electronics,Hyderabad,Online,Credit Card,4,7095.73,0.25,28382.92,21287.19,0,4760.6,2025,1,January,Monday,28382.92,21287.19
2025-01-14,ORD022038,CUST02403,P007,Backpack,Accessories,Pune,Online,Credit Card,1,2231.23,0.1,2231.23,2008.11,0,412.79,2025,1,January,Tuesday,2231.23,2008.107
2025-01-14,ORD025495,CUST00727,P011,Mixer Grinder,Home,Delhi,Store,UPI,2,4801.08,0.15,9602.16,8161.84,0,2148.1,2025,1,January,Tuesday,9602.16,8161.835999999999
2025-01-14,ORD033537,CUST04874,P018,Jacket,Fashion,Bengaluru,Online,Cash,1,5314.96,0.15,5314.96,4517.72,1,-225.89,2025,1,January,Tuesday,5314.96,4517.716
2025-01-14,ORD004252,CUST04533,P020,Microwave,Home,Bengaluru,Store,UPI,2,11919.47,0.2,23838.94,19071.15,0,907.85,2025,1,January,Tuesday,23838.94,19071.152
2025-01-14,ORD034010,CUST03829,P013,Monitor,Electronics,Mumbai,Online,Credit Card,4,17003.34,0.05,68013.36,64612.69,0,7485.66,2025,1,January,Tuesday,68013.36,64612.691999999995
2025-01-14,ORD047629,CUST02051,P010,Coffee Maker,Home,Delhi,Online,Credit Card,2,5539.54,0.2,11079.08,8863.26,0,856.49,2025,1,January,Tuesday,11079.08,8863.264000000001
2025-01-14,ORD041103,CUST02896,P011,Mixer Grinder,Home,Delhi,Online,Credit Card,1,4864.64,0.1,4864.64,4378.18,0,1169.57,2025,1,January,Tuesday,4864.64,4378.176
2025-01-14,ORD020392,CUST00005,P006,Desk,Furniture,Bengaluru,Online,UPI,1,11007.98,0.1,11007.98,9907.18,1,-495.36,2025,1,January,Tuesday,11007.98,9907.182
2025-01-14,ORD033050,CUST04404,P017,Jeans,Fashion,Surat,Online,Net Banking,1,2991.59,0.2,2991.59,2393.27,0,293.18,2025,1,January,Tuesday,2991.59,2393.2720000000004
2025-01-14,ORD007623,CUST02683,P011,Mixer Grinder,Home,Delhi,Online,Credit Card,3,4869.09,0.1,14607.27,13146.54,0,2131.01,2025,1,January,Tuesday,14607.27,13146.543000000001
2025-01-14,ORD036624,CUST04304,P004,Smartwatch,Electronics,Surat,Online,Debit Card,1,6605.96,0.25,6605.96,4954.47,0,823.46,2025,1,January,Tuesday,6605.96,4954.47
2025-01-14,ORD013522,CUST03590,P016,Sofa,Furniture,Bengaluru,Online,UPI,1,33583.36,0.15,33583.36,28545.86,0,2711.85,2025,1,January,Tuesday,33583.36,28545.856
2025-01-14,ORD027885,CUST01719,P007,Backpack,Accessories,Jaipur,Online,Net Banking,3,2318.36,0.15,6955.08,5911.82,0,471.43,2025,1,January,Tuesday,6955.08,5911.818
2025-01-14,ORD031786,CUST02068,P017,Jeans,Fashion,Pune,Store,UPI,1,2673.52,0.1,2673.52,2406.17,0,422.93,2025,1,January,Tuesday,2673.52,2406.168
2025-01-14,ORD007653,CUST02878,P010,Coffee Maker,Home,Pune,Online,UPI,2,5577.41,0.1,11154.82,10039.34,0,1140.41,2025,1,January,Tuesday,11154.82,10039.338
2025-01-14,ORD001046,CUST01767,P002,Smartphone,Electronics,Hyderabad,Online,Credit Card,1,27001.73,0.1,27001.73,24301.56,0,6246.55,2025,1,January,Tuesday,27001.73,24301.557
2025-01-14,ORD042644,CUST01868,P012,Air Fryer,Home,Bengaluru,Store,UPI,1,6660.06,0.0,6660.06,6660.06,1,-333.0,2025,1,January,Tuesday,6660.06,6660.06
2025-01-14,ORD005216,CUST01188,P016,Sofa,Furniture,Delhi,Online,UPI,3,37350.36,0.0,112051.08,112051.08,0,25978.61,2025,1,January,Tuesday,112051.08,112051.08
2025-01-14,ORD042666,CUST04982,P004,Smartwatch,Electronics,Surat,Store,UPI,1,7604.31,0.1,7604.31,6843.88,0,535.82,2025,1,January,Tuesday,7604.31,6843.879000000001
2025-01-14,ORD044323,CUST02920,P002,Smartphone,Electronics,Chennai,Online,Cash,1,30767.69,0.25,30767.69,23075.77,0,3549.08,2025,1,January,Tuesday,30767.69,23075.767499999998
2025-01-14,ORD015277,CUST03404,P015,Dining Table,Furniture,Surat,Online,Net Banking,1,20157.9,0.0,20157.9,20157.9,0,3081.05,2025,1,January,Tuesday,20157.9,20157.9
2025-01-14,ORD000087,CUST04065,P008,Running Shoes,Fashion,Chennai,Store,Cash,3,4093.58,0.2,12280.74,9824.59,0,1784.93,2025,1,January,Tuesday,12280.74,9824.592
2025-01-14,ORD001474,CUST03512,P006,Desk,Furniture,Kolkata,Store,UPI,2,12805.89,0.2,25611.78,20489.42,0,2570.33,2025,1,January,Tuesday,25611.78,20489.424
2025-01-14,ORD042677,CUST01900,P011,Mixer Grinder,Home,Hyderabad,Store,Credit Card,1,4320.79,0.05,4320.79,4104.75,0,732.03,2025,1,January,Tuesday,4320.79,4104.7505
2025-01-14,ORD037705,CUST00069,P004,Smartwatch,Electronics,Mumbai,Online,UPI,2,6770.48,0.05,13540.96,12863.91,0,1635.64,2025,1,January,Tuesday,13540.96,12863.911999999998
2025-01-14,ORD009374,CUST01176,P013,Monitor,Electronics,Delhi,Store,UPI,2,16668.39,0.0,33336.78,33336.78,0,2848.58,2025,1,January,Tuesday,33336.78,33336.78
2025-01-14,ORD046627,CUST02039,P009,T-Shirt,Fashion,Jaipur,Store,UPI,1,1150.39,0.25,1150.39,862.79,0,116.45,2025,1,January,Tuesday,1150.39,862.7925
2025-01-14,ORD015827,CUST01672,P002,Smartphone,Electronics,Bengaluru,Store,Credit Card,1,30420.04,0.15,30420.04,25857.03,0,5581.58,2025,1,January,Tuesday,30420.04,25857.034
2025-01-14,ORD025029,CUST04845,P009,T-Shirt,Fashion,Mumbai,Online,UPI,1,1306.81,0.1,1306.81,1176.13,0,273.56,2025,1,January,Tuesday,1306.81,1176.129
2025-01-14,ORD023032,CUST02625,P014,Keyboard,Electronics,Ahmedabad,Store,UPI,1,2295.28,0.15,2295.28,1950.99,0,350.6,2025,1,January,Tuesday,2295.28,1950.988
2025-01-14,ORD049100,CUST04603,P002,Smartphone,Electronics,Delhi,Online,UPI,1,26351.76,0.15,26351.76,22399.0,0,4916.72,2025,1,January,Tuesday,26351.76,22398.996
2025-01-14,ORD002397,CUST01872,P018,Jacket,Fashion,Delhi,Online,UPI,2,4997.27,0.1,9994.54,8995.09,0,1630.46,2025,1,January,Tuesday,9994.54,8995.086000000001
2025-01-14,ORD001361,CUST01251,P004,Smartwatch,Electronics,Hyderabad,Store,UPI,1,6856.01,0.25,6856.01,5142.01,0,427.5,2025,1,January,Tuesday,6856.01,5142.0075
2025-01-14,ORD005066,CUST00177,P010,Coffee Maker,Home,Hyderabad,Online,Credit Card,2,5951.76,0.0,11903.52,11903.52,0,1463.35,2025,1,January,Tuesday,11903.52,11903.52
2025-01-14,ORD027413,CUST01249,P002,Smartphone,Electronics,Pune,Store,Debit Card,2,25352.87,0.0,50705.74,50705.74,0,11823.97,2025,1,January,Tuesday,50705.74,50705.74
2025-01-14,ORD048801,CUST03010,P008,Running Shoes,Fashion,Hyderabad,Store,UPI,4,4557.99,0.0,18231.96,18231.96,0,3166.63,2025,1,January,Tuesday,18231.96,18231.96
2025-01-14,ORD002890,CUST03704,P010,Coffee Maker,Home,Mumbai,Store,Credit Card,1,5268.53,0.05,5268.53,5005.1,0,710.08,2025,1,January,Tuesday,5268.53,5005.103499999999
2025-01-14,ORD031120,CUST04165,P007,Backpack,Accessories,Chennai,Online,UPI,1,2397.15,0.1,2397.15,2157.44,0,443.59,2025,1,January,Tuesday,2397.15,2157.435
2025-01-14,ORD013173,CUST04690,P013,Monitor,Electronics,Chennai,Online,UPI,2,19520.46,0.1,39040.92,35136.83,0,8803.76,2025,1,January,Tuesday,39040.92,35136.828
2025-01-14,ORD036166,CUST02646,P012,Air Fryer,Home,Surat,Online,UPI,2,7713.98,0.05,15427.96,14656.56,0,3079.2,2025,1,January,Tuesday,15427.96,14656.561999999998
2025-01-14,ORD000518,CUST03152,P015,Dining Table,Furniture,Jaipur,Store,Cash,1,21651.24,0.25,21651.24,16238.43,0,3737.84,2025,1,January,Tuesday,21651.24,16238.43
2025-01-14,ORD033913,CUST02058,P014,Keyboard,Electronics,Surat,Store,Credit Card,1,2618.44,0.1,2618.44,2356.6,0,377.34,2025,1,January,Tuesday,2618.44,2356.596
2025-01-14,ORD044543,CUST03713,P014,Keyboard,Electronics,Jaipur,Online,UPI,5,2339.96,0.05,11699.8,11114.81,0,2852.29,2025,1,January,Tuesday,11699.8,11114.81
2025-01-14,ORD043070,CUST01485,P012,Air Fryer,Home,Kolkata,Online,Debit Card,1,7012.72,0.0,7012.72,7012.72,0,586.6,2025,1,January,Tuesday,7012.72,7012.72
2025-01-14,ORD047889,CUST02806,P013,Monitor,Electronics,Kolkata,Online,Cash,1,16696.46,0.05,16696.46,15861.64,0,1806.01,2025,1,January,Tuesday,16696.46,15861.636999999999
2025-01-14,ORD012121,CUST01884,P017,Jeans,Fashion,Bengaluru,Online,UPI,1,3016.93,0.05,3016.93,2866.08,0,745.52,2025,1,January,Tuesday,3016.93,2866.0834999999997
2025-01-14,ORD034854,CUST02940,P008,Running Shoes,Fashion,Jaipur,Store,Debit Card,5,3789.99,0.25,18949.95,14212.46,0,2228.11,2025,1,January,Tuesday,18949.949999999997,14212.462500000001
2025-01-14,ORD013273,CUST03955,P013,Monitor,Electronics,Jaipur,Store,Debit Card,2,17749.31,0.1,35498.62,31948.76,0,5394.99,2025,1,January,Tuesday,35498.62,31948.758
2025-01-14,ORD013858,CUST04776,P001,Laptop,Electronics,Delhi,Online,UPI,3,63343.73,0.2,190031.19,152024.95,0,21571.15,2025,1,January,Tuesday,190031.19,152024.95200000002
2025-01-14,ORD043690,CUST02391,P018,Jacket,Fashion,Ahmedabad,Store,Credit Card,2,5681.62,0.1,11363.24,10226.92,0,2708.86,2025,1,January,Tuesday,11363.24,10226.916
2025-01-14,ORD038640,CUST01077,P010,Coffee Maker,Home,Pune,Store,UPI,1,5753.61,0.05,5753.61,5465.93,0,1268.14,2025,1,January,Tuesday,5753.61,5465.929499999999
2025-01-14,ORD026326,CUST00453,P017,Jeans,Fashion,Chennai,Online,UPI,2,2933.21,0.0,5866.42,5866.42,0,728.31,2025,1,January,Tuesday,5866.42,5866.42
2025-01-14,ORD029241,CUST00688,P012,Air Fryer,Home,Chennai,Online,UPI,1,7125.24,0.0,7125.24,7125.24,0,1466.45,2025,1,January,Tuesday,7125.24,7125.24
2025-01-14,ORD023466,CUST00233,P008,Running Shoes,Fashion,Bengaluru,Store,UPI,4,4020.41,0.2,16081.64,12865.31,0,2243.23,2025,1,January,Tuesday,16081.64,12865.312
2025-01-14,ORD030298,CUST03662,P008,Running Shoes,Fashion,Hyderabad,Online,Cash,1,4470.87,0.0,4470.87,4470.87,0,516.19,2025,1,January,Tuesday,4470.87,4470.87
2025-01-14,ORD014752,CUST03953,P012,Air Fryer,Home,Ahmedabad,Online,UPI,1,7034.09,0.0,7034.09,7034.09,0,1955.29,2025,1,January,Tuesday,7034.09,7034.09
2025-01-14,ORD012357,CUST03027,P013,Monitor,Electronics,Surat,Store,UPI,1,19345.37,0.0,19345.37,19345.37,0,3767.61,2025,1,January,Tuesday,19345.37,19345.37
2025-01-14,ORD016860,CUST01465,P006,Desk,Furniture,Chennai,Store,Credit Card,1,10871.05,0.1,10871.05,9783.94,0,2364.65,2025,1,January,Tuesday,10871.05,9783.945
2025-01-14,ORD036029,CUST02033,P001,Laptop,Electronics,Bengaluru,Store,UPI,1,58621.27,0.1,58621.27,52759.14,0,11622.05,2025,1,January,Tuesday,58621.27,52759.143
2025-01-14,ORD035168,CUST03887,P020,Microwave,Home,Jaipur,Online,Cash,2,10937.82,0.1,21875.64,19688.08,0,5101.66,2025,1,January,Tuesday,21875.64,19688.076
2025-01-14,ORD023265,CUST02738,P016,Sofa,Furniture,Ahmedabad,Online,UPI,1,35252.66,0.1,35252.66,31727.39,0,6212.23,2025,1,January,Tuesday,35252.66,31727.394000000004
2025-01-14,ORD033965,CUST01403,P016,Sofa,Furniture,Chennai,Online,UPI,2,37187.43,0.0,74374.86,74374.86,0,12883.03,2025,1,January,Tuesday,74374.86,74374.86
2025-01-14,ORD048062,CUST04688,P020,Microwave,Home,Jaipur,Store,Net Banking,2,11146.74,0.15,22293.48,18949.46,0,3112.06,2025,1,January,Tuesday,22293.48,18949.458
2025-01-14,ORD029453,CUST04173,P001,Laptop,Electronics,Kolkata,Online,Debit Card,1,69027.1,0.15,69027.1,58673.04,0,13824.02,2025,1,January,Tuesday,69027.1,58673.035
2025-01-14,ORD014771,CUST03762,P003,Headphones,Electronics,Mumbai,Online,UPI,1,4078.33,0.15,4078.33,3466.58,0,247.6,2025,1,January,Tuesday,4078.33,3466.5805
2025-01-14,ORD008864,CUST01758,P018,Jacket,Fashion,Bengaluru,Store,Credit Card,1,5590.29,0.1,5590.29,5031.26,0,1018.63,2025,1,January,Tuesday,5590.29,5031.261
2025-01-14,ORD016038,CUST00452,P006,Desk,Furniture,Jaipur,Online,UPI,2,13014.52,0.0,26029.04,26029.04,0,4455.0,2025,1,January,Tuesday,26029.04,26029.04
2025-01-14,ORD041265,CUST04268,P010,Coffee Maker,Home,Kolkata,Online,UPI,3,5213.66,0.1,15640.98,14076.88,0,1701.83,2025,1,January,Tuesday,15640.98,14076.882
2025-01-15,ORD023041,CUST02159,P012,Air Fryer,Home,Jaipur,Online,UPI,1,6501.93,0.05,6501.93,6176.83,0,1739.66,2025,1,January,Wednesday,6501.93,6176.8335
2025-01-15,ORD018845,CUST04816,P008,Running Shoes,Fashion,Surat,Online,Credit Card,1,4509.7,0.15,4509.7,3833.24,0,328.99,2025,1,January,Wednesday,4509.7,3833.245
2025-01-15,ORD021014,CUST04808,P020,Microwave,Home,Surat,Store,Credit Card,1,10966.77,0.1,10966.77,9870.09,0,1876.27,2025,1,January,Wednesday,10966.77,9870.093
2025-01-15,ORD013104,CUST02362,P006,Desk,Furniture,Surat,Online,UPI,1,12548.08,0.2,12548.08,10038.46,0,939.51,2025,1,January,Wednesday,12548.08,10038.464
2025-01-15,ORD021786,CUST02107,P002,Smartphone,Electronics,Jaipur,Online,UPI,1,26948.91,0.1,26948.91,24254.02,0,4679.72,2025,1,January,Wednesday,26948.91,24254.019
2025-01-15,ORD000665,CUST03650,P007,Backpack,Accessories,Pune,Online,UPI,3,2242.27,0.1,6726.81,6054.13,0,812.58,2025,1,January,Wednesday,6726.8099999999995,6054.129000000001
2025-01-15,ORD022852,CUST02803,P009,T-Shirt,Fashion,Mumbai,Store,Cash,1,1237.43,0.0,1237.43,1237.43,0,189.28,2025,1,January,Wednesday,1237.43,1237.43
2025-01-15,ORD039001,CUST03677,P001,Laptop,Electronics,Jaipur,Store,Cash,3,66298.51,0.2,198895.53,159116.42,0,29534.64,2025,1,January,Wednesday,198895.52999999997,159116.424
2025-01-15,ORD027685,CUST00259,P002,Smartphone,Electronics,Delhi,Store,Credit Card,3,26403.76,0.2,79211.28,63369.02,0,4767.85,2025,1,January,Wednesday,79211.28,63369.024000000005
2025-01-15,ORD015110,CUST04962,P015,Dining Table,Furniture,Kolkata,Online,UPI,1,23611.66,0.2,23611.66,18889.33,0,1063.96,2025,1,January,Wednesday,23611.66,18889.328
2025-01-15,ORD017151,CUST02329,P003,Headphones,Electronics,Pune,Online,Credit Card,1,4371.72,0.15,4371.72,3715.96,0,924.38,2025,1,January,Wednesday,4371.72,3715.962
2025-01-15,ORD013127,CUST03411,P014,Keyboard,Electronics,Bengaluru,Store,UPI,1,2304.01,0.05,2304.01,2188.81,0,557.82,2025,1,January,Wednesday,2304.01,2188.8095000000003
2025-01-15,ORD026489,CUST01599,P017,Jeans,Fashion,Chennai,Online,UPI,1,2852.55,0.1,2852.55,2567.3,0,613.96,2025,1,January,Wednesday,2852.55,2567.295
2025-01-15,ORD032087,CUST01707,P006,Desk,Furniture,Pune,Online,Cash,2,10872.2,0.0,21744.4,21744.4,0,4802.93,2025,1,January,Wednesday,21744.4,21744.4
2025-01-15,ORD009938,CUST00429,P017,Jeans,Fashion,Surat,Store,Credit Card,4,2636.61,0.1,10546.44,9491.8,0,1590.9,2025,1,January,Wednesday,10546.44,9491.796
2025-01-15,ORD023609,CUST00383,P010,Coffee Maker,Home,Bengaluru,Online,Credit Card,5,5322.36,0.1,26611.8,23950.62,0,3997.85,2025,1,January,Wednesday,26611.8,23950.62
2025-01-15,ORD020806,CUST01917,P005,Office Chair,Furniture,Ahmedabad,Online,Debit Card,1,10113.08,0.05,10113.08,9607.43,0,1039.16,2025,1,January,Wednesday,10113.08,9607.426
2025-01-15,ORD010845,CUST01975,P001,Laptop,Electronics,Chennai,Online,Credit Card,1,58847.28,0.05,58847.28,55904.92,0,10057.24,2025,1,January,Wednesday,58847.28,55904.916
2025-01-15,ORD016949,CUST01060,P009,T-Shirt,Fashion,Bengaluru,Store,Debit Card,1,1094.74,0.1,1094.74,985.27,0,273.35,2025,1,January,Wednesday,1094.74,985.2660000000001
2025-01-15,ORD024859,CUST04801,P001,Laptop,Electronics,Kolkata,Store,UPI,1,69014.28,0.0,69014.28,69014.28,0,7320.76,2025,1,January,Wednesday,69014.28,69014.28
2025-01-15,ORD027750,CUST02628,P009,T-Shirt,Fashion,Delhi,Store,UPI,2,1269.06,0.0,2538.12,2538.12,0,208.47,2025,1,January,Wednesday,2538.12,2538.12
2025-01-15,ORD021451,CUST04498,P009,T-Shirt,Fashion,Kolkata,Online,Debit Card,1,1132.75,0.15,1132.75,962.84,0,206.96,2025,1,January,Wednesday,1132.75,962.8375
2025-01-15,ORD008763,CUST00933,P019,Vacuum Cleaner,Home,Ahmedabad,Online,UPI,2,8348.81,0.0,16697.62,16697.62,0,2204.78,2025,1,January,Wednesday,16697.62,16697.62
2025-01-15,ORD047437,CUST03794,P006,Desk,Furniture,Kolkata,Online,UPI,4,12553.97,0.0,50215.88,50215.88,0,12090.62,2025,1,January,Wednesday,50215.88,50215.88
2025-01-15,ORD027508,CUST02531,P019,Vacuum Cleaner,Home,Ahmedabad,Store,Debit Card,4,9050.54,0.1,36202.16,32581.94,0,5340.66,2025,1,January,Wednesday,36202.16,32581.944000000003
2025-01-15,ORD044910,CUST00484,P003,Headphones,Electronics,Delhi,Store,UPI,3,4528.72,0.0,13586.16,13586.16,0,1955.24,2025,1,January,Wednesday,13586.16,13586.16
2025-01-15,ORD006010,CUST04223,P010,Coffee Maker,Home,Delhi,Online,Credit Card,1,6006.47,0.05,6006.47,5706.15,0,891.9,2025,1,January,Wednesday,6006.47,5706.1465
2025-01-15,ORD042290,CUST03886,P020,Microwave,Home,Kolkata,Online,UPI,1,11811.65,0.2,11811.65,9449.32,0,659.3,2025,1,January,Wednesday,11811.65,9449.32
2025-01-15,ORD047338,CUST00870,P002,Smartphone,Electronics,Jaipur,Online,Net Banking,1,29322.7,0.0,29322.7,29322.7,0,7057.25,2025,1,January,Wednesday,29322.7,29322.7
2025-01-15,ORD042175,CUST03789,P017,Jeans,Fashion,Hyderabad,Online,UPI,1,2533.35,0.05,2533.35,2406.68,0,404.42,2025,1,January,Wednesday,2533.35,2406.6825
2025-01-15,ORD042165,CUST01887,P014,Keyboard,Electronics,Kolkata,Online,Credit Card,1,2667.42,0.2,2667.42,2133.94,0,230.64,2025,1,January,Wednesday,2667.42,2133.936
2025-01-15,ORD022052,CUST02333,P015,Dining Table,Furniture,Surat,Online,Credit Card,1,21872.42,0.0,21872.42,21872.42,0,5823.68,2025,1,January,Wednesday,21872.42,21872.42
2025-01-15,ORD028204,CUST03433,P001,Laptop,Electronics,Chennai,Store,Credit Card,2,67339.31,0.0,134678.62,134678.62,0,23430.13,2025,1,January,Wednesday,134678.62,134678.62
2025-01-15,ORD006798,CUST00990,P004,Smartwatch,Electronics,Jaipur,Online,Credit Card,1,7113.97,0.1,7113.97,6402.57,0,1783.66,2025,1,January,Wednesday,7113.97,6402.573
2025-01-15,ORD019320,CUST03076,P014,Keyboard,Electronics,Surat,Store,UPI,2,2265.14,0.0,4530.28,4530.28,0,628.44,2025,1,January,Wednesday,4530.28,4530.28
2025-01-15,ORD005362,CUST01528,P003,Headphones,Electronics,Bengaluru,Online,UPI,1,4793.74,0.15,4793.74,4074.68,1,-203.73,2025,1,January,Wednesday,4793.74,4074.6789999999996
2025-01-15,ORD022681,CUST04146,P006,Desk,Furniture,Jaipur,Store,Credit Card,3,12344.59,0.1,37033.77,33330.39,0,7125.43,2025,1,January,Wednesday,37033.770000000004,33330.393
2025-01-15,ORD031112,CUST00570,P017,Jeans,Fashion,Surat,Online,Net Banking,1,2876.99,0.1,2876.99,2589.29,0,607.05,2025,1,January,Wednesday,2876.99,2589.2909999999997
2025-01-15,ORD019352,CUST03858,P019,Vacuum Cleaner,Home,Hyderabad,Store,Cash,1,9640.19,0.1,9640.19,8676.17,0,958.81,2025,1,January,Wednesday,9640.19,8676.171
2025-01-15,ORD005843,CUST01775,P015,Dining Table,Furniture,Pune,Online,Debit Card,2,23859.35,0.15,47718.7,40560.89,0,7555.77,2025,1,January,Wednesday,47718.7,40560.895
2025-01-15,ORD016439,CUST01774,P019,Vacuum Cleaner,Home,Bengaluru,Online,Credit Card,1,9540.72,0.1,9540.72,8586.65,0,1437.83,2025,1,January,Wednesday,9540.72,8586.648
2025-01-15,ORD033698,CUST02640,P016,Sofa,Furniture,Ahmedabad,Store,Debit Card,2,33461.22,0.1,66922.44,60230.2,0,3676.86,2025,1,January,Wednesday,66922.44,60230.196
2025-01-15,ORD009865,CUST00837,P006,Desk,Furniture,Mumbai,Online,UPI,2,12532.98,0.1,25065.96,22559.36,0,3687.76,2025,1,January,Wednesday,25065.96,22559.364
2025-01-15,ORD047004,CUST00670,P007,Backpack,Accessories,Ahmedabad,Online,UPI,1,2364.92,0.2,2364.92,1891.94,0,184.06,2025,1,January,Wednesday,2364.92,1891.9360000000001
2025-01-15,ORD028758,CUST04173,P005,Office Chair,Furniture,Mumbai,Online,UPI,1,9406.07,0.15,9406.07,7995.16,1,-399.76,2025,1,January,Wednesday,9406.07,7995.1595
2025-01-15,ORD015369,CUST02039,P013,Monitor,Electronics,Bengaluru,Online,UPI,1,17727.13,0.2,17727.13,14181.7,0,2986.76,2025,1,January,Wednesday,17727.13,14181.704000000002
2025-01-15,ORD022226,CUST03897,P001,Laptop,Electronics,Ahmedabad,Online,UPI,1,71115.56,0.0,71115.56,71115.56,0,18989.18,2025,1,January,Wednesday,71115.56,71115.56
2025-01-15,ORD044318,CUST01936,P019,Vacuum Cleaner,Home,Mumbai,Online,UPI,1,8259.35,0.1,8259.35,7433.42,0,1624.86,2025,1,January,Wednesday,8259.35,7433.415000000001
2025-01-15,ORD004122,CUST02163,P020,Microwave,Home,Hyderabad,Store,UPI,4,11357.03,0.0,45428.12,45428.12,0,8335.42,2025,1,January,Wednesday,45428.12,45428.12
2025-01-15,ORD011489,CUST04382,P012,Air Fryer,Home,Pune,Store,UPI,2,7265.68,0.25,14531.36,10898.52,0,1588.39,2025,1,January,Wednesday,14531.36,10898.52
2025-01-16,ORD021776,CUST03749,P020,Microwave,Home,Kolkata,Online,Credit Card,3,9937.74,0.2,29813.22,23850.58,0,2832.96,2025,1,January,Thursday,29813.22,23850.576
2025-01-16,ORD004941,CUST01888,P008,Running Shoes,Fashion,Chennai,Store,Debit Card,1,4341.43,0.2,4341.43,3473.14,1,-173.66,2025,1,January,Thursday,4341.43,3473.1440000000002
2025-01-16,ORD032350,CUST04310,P015,Dining Table,Furniture,Jaipur,Online,Credit Card,1,22764.7,0.15,22764.7,19350.0,1,-967.5,2025,1,January,Thursday,22764.7,19349.995
2025-01-16,ORD038315,CUST01979,P012,Air Fryer,Home,Pune,Store,Net Banking,2,7895.03,0.0,15790.06,15790.06,0,4214.93,2025,1,January,Thursday,15790.06,15790.06
2025-01-16,ORD043157,CUST00922,P002,Smartphone,Electronics,Mumbai,Online,Credit Card,4,29098.25,0.2,116393.0,93114.4,1,-4655.72,2025,1,January,Thursday,116393.0,93114.40000000001
2025-01-16,ORD002883,CUST02506,P009,T-Shirt,Fashion,Delhi,Store,UPI,1,1086.31,0.15,1086.31,923.36,0,165.5,2025,1,January,Thursday,1086.31,923.3634999999999
2025-01-16,ORD013400,CUST04168,P001,Laptop,Electronics,Ahmedabad,Online,Debit Card,5,66168.51,0.1,330842.55,297758.3,1,-14887.92,2025,1,January,Thursday,330842.55,297758.295
2025-01-16,ORD017723,CUST02353,P012,Air Fryer,Home,Jaipur,Store,UPI,1,7094.84,0.1,7094.84,6385.36,0,571.86,2025,1,January,Thursday,7094.84,6385.356000000001
2025-01-16,ORD007261,CUST03304,P017,Jeans,Fashion,Hyderabad,Online,UPI,2,2551.64,0.05,5103.28,4848.12,1,-242.41,2025,1,January,Thursday,5103.28,4848.116
2025-01-16,ORD011549,CUST04045,P001,Laptop,Electronics,Ahmedabad,Store,Credit Card,1,64262.05,0.05,64262.05,61048.95,0,13184.86,2025,1,January,Thursday,64262.05,61048.9475
2025-01-16,ORD007648,CUST04770,P008,Running Shoes,Fashion,Delhi,Online,Debit Card,1,4418.66,0.1,4418.66,3976.79,0,956.71,2025,1,January,Thursday,4418.66,3976.794
2025-01-16,ORD035781,CUST02959,P001,Laptop,Electronics,Delhi,Online,Credit Card,1,70138.41,0.1,70138.41,63124.57,0,17186.32,2025,1,January,Thursday,70138.41,63124.569
2025-01-16,ORD001868,CUST00578,P017,Jeans,Fashion,Surat,Online,UPI,4,3071.83,0.1,12287.32,11058.59,0,2409.92,2025,1,January,Thursday,12287.32,11058.588
2025-01-16,ORD013094,CUST02593,P007,Backpack,Accessories,Ahmedabad,Store,UPI,5,2082.03,0.15,10410.15,8848.63,0,1741.84,2025,1,January,Thursday,10410.150000000001,8848.627499999999
2025-01-16,ORD020617,CUST02478,P012,Air Fryer,Home,Jaipur,Store,UPI,1,6553.49,0.1,6553.49,5898.14,0,433.49,2025,1,January,Thursday,6553.49,5898.141
2025-01-16,ORD031497,CUST04096,P001,Laptop,Electronics,Delhi,Online,Credit Card,1,61924.32,0.1,61924.32,55731.89,0,4032.82,2025,1,January,Thursday,61924.32,55731.888
2025-01-16,ORD023151,CUST03500,P016,Sofa,Furniture,Hyderabad,Online,Credit Card,4,35705.69,0.1,142822.76,128540.48,0,13683.7,2025,1,January,Thursday,142822.76,128540.48400000001
2025-01-16,ORD000943,CUST03138,P010,Coffee Maker,Home,Delhi,Store,UPI,3,5724.34,0.0,17173.02,17173.02,0,2544.97,2025,1,January,Thursday,17173.02,17173.02
2025-01-16,ORD041176,CUST00504,P009,T-Shirt,Fashion,Pune,Online,Debit Card,1,1300.49,0.1,1300.49,1170.44,0,222.7,2025,1,January,Thursday,1300.49,1170.441
2025-01-16,ORD021559,CUST03336,P005,Office Chair,Furniture,Surat,Store,UPI,3,8778.6,0.1,26335.8,23702.22,0,5410.04,2025,1,January,Thursday,26335.800000000003,23702.22
2025-01-16,ORD034348,CUST01882,P004,Smartwatch,Electronics,Hyderabad,Online,Debit Card,1,7416.55,0.0,7416.55,7416.55,0,889.79,2025,1,January,Thursday,7416.55,7416.55
2025-01-16,ORD012796,CUST00720,P015,Dining Table,Furniture,Pune,Store,Debit Card,1,23233.59,0.15,23233.59,19748.55,0,2811.28,2025,1,January,Thursday,23233.59,19748.5515
2025-01-16,ORD001297,CUST01181,P010,Coffee Maker,Home,Kolkata,Online,Credit Card,2,5427.66,0.1,10855.32,9769.79,0,2395.28,2025,1,January,Thursday,10855.32,9769.788
2025-01-16,ORD007292,CUST00259,P001,Laptop,Electronics,Chennai,Online,Credit Card,1,66208.78,0.1,66208.78,59587.9,0,11199.81,2025,1,January,Thursday,66208.78,59587.902
2025-01-16,ORD041895,CUST00435,P005,Office Chair,Furniture,Jaipur,Store,Credit Card,1,10384.44,0.05,10384.44,9865.22,0,779.3,2025,1,January,Thursday,10384.44,9865.218
2025-01-16,ORD032645,CUST02833,P019,Vacuum Cleaner,Home,Surat,Online,Debit Card,3,8176.91,0.05,24530.73,23304.19,0,2444.65,2025,1,January,Thursday,24530.73,23304.193499999998
2025-01-16,ORD018461,CUST02006,P015,Dining Table,Furniture,Surat,Store,UPI,1,22084.62,0.1,22084.62,19876.16,0,2021.05,2025,1,January,Thursday,22084.62,19876.158
2025-01-16,ORD011210,CUST04850,P014,Keyboard,Electronics,Kolkata,Online,Net Banking,1,2714.22,0.2,2714.22,2171.38,0,256.5,2025,1,January,Thursday,2714.22,2171.3759999999997
2025-01-16,ORD038738,CUST00446,P017,Jeans,Fashion,Mumbai,Online,Cash,2,2536.78,0.1,5073.56,4566.2,0,1229.91,2025,1,January,Thursday,5073.56,4566.204000000001
2025-01-16,ORD022442,CUST01814,P020,Microwave,Home,Bengaluru,Online,UPI,1,11190.41,0.0,11190.41,11190.41,0,1173.51,2025,1,January,Thursday,11190.41,11190.41
2025-01-16,ORD037438,CUST02000,P016,Sofa,Furniture,Ahmedabad,Store,Credit Card,1,33250.06,0.15,33250.06,28262.55,0,2857.05,2025,1,January,Thursday,33250.06,28262.550999999996
2025-01-16,ORD012878,CUST00641,P010,Coffee Maker,Home,Bengaluru,Online,Credit Card,1,5630.9,0.0,5630.9,5630.9,0,949.3,2025,1,January,Thursday,5630.9,5630.9
2025-01-16,ORD028757,CUST04201,P019,Vacuum Cleaner,Home,Delhi,Online,Credit Card,2,9830.48,0.15,19660.96,16711.82,0,1253.26,2025,1,January,Thursday,19660.96,16711.816
2025-01-16,ORD014741,CUST00579,P006,Desk,Furniture,Surat,Online,UPI,1,12497.26,0.0,12497.26,12497.26,0,1134.8,2025,1,January,Thursday,12497.26,12497.26
2025-01-16,ORD033536,CUST02890,P018,Jacket,Fashion,Pune,Online,Debit Card,1,4868.67,0.05,4868.67,4625.24,0,702.97,2025,1,January,Thursday,4868.67,4625.2365
2025-01-16,ORD045947,CUST01835,P015,Dining Table,Furniture,Surat,Online,Credit Card,4,23510.9,0.1,94043.6,84639.24,0,11324.01,2025,1,January,Thursday,94043.6,84639.24
2025-01-16,ORD022867,CUST04695,P004,Smartwatch,Electronics,Kolkata,Online,Net Banking,1,7409.26,0.0,7409.26,7409.26,0,1858.8,2025,1,January,Thursday,7409.26,7409.26
2025-01-16,ORD008050,CUST01346,P018,Jacket,Fashion,Pune,Store,Credit Card,1,5513.92,0.1,5513.92,4962.53,0,841.86,2025,1,January,Thursday,5513.92,4962.528
2025-01-16,ORD006493,CUST01334,P014,Keyboard,Electronics,Chennai,Online,UPI,4,2658.47,0.1,10633.88,9570.49,0,900.0,2025,1,January,Thursday,10633.88,9570.492
2025-01-16,ORD041879,CUST04713,P009,T-Shirt,Fashion,Bengaluru,Online,UPI,1,1242.37,0.1,1242.37,1118.13,0,176.07,2025,1,January,Thursday,1242.37,1118.133
2025-01-16,ORD023484,CUST04549,P010,Coffee Maker,Home,Surat,Store,Credit Card,1,5976.26,0.1,5976.26,5378.63,0,1297.56,2025,1,January,Thursday,5976.26,5378.634
2025-01-16,ORD015613,CUST04408,P011,Mixer Grinder,Home,Jaipur,Store,UPI,4,5151.1,0.0,20604.4,20604.4,0,2127.75,2025,1,January,Thursday,20604.4,20604.4
2025-01-16,ORD047972,CUST01973,P012,Air Fryer,Home,Hyderabad,Online,UPI,1,6949.43,0.2,6949.43,5559.54,0,1369.2,2025,1,January,Thursday,6949.43,5559.544000000001
2025-01-16,ORD000839,CUST04251,P014,Keyboard,Electronics,Ahmedabad,Store,Net Banking,4,2649.62,0.0,10598.48,10598.48,0,3042.29,2025,1,January,Thursday,10598.48,10598.48
2025-01-16,ORD038418,CUST04766,P010,Coffee Maker,Home,Ahmedabad,Online,Debit Card,1,5168.88,0.05,5168.88,4910.44,0,1325.35,2025,1,January,Thursday,5168.88,4910.436
2025-01-16,ORD017138,CUST02702,P011,Mixer Grinder,Home,Delhi,Online,UPI,3,4751.31,0.0,14253.93,14253.93,0,3845.67,2025,1,January,Thursday,14253.93,14253.93
2025-01-16,ORD008490,CUST01348,P008,Running Shoes,Fashion,Mumbai,Online,UPI,4,4376.61,0.0,17506.44,17506.44,0,4389.19,2025,1,January,Thursday,17506.44,17506.44
2025-01-16,ORD028192,CUST00841,P001,Laptop,Electronics,Ahmedabad,Online,Debit Card,2,69864.47,0.25,139728.94,104796.7,0,17221.57,2025,1,January,Thursday,139728.94,104796.705
2025-01-16,ORD033146,CUST02254,P007,Backpack,Accessories,Chennai,Online,UPI,1,2144.75,0.1,2144.75,1930.28,0,430.32,2025,1,January,Thursday,2144.75,1930.275
2025-01-16,ORD023044,CUST02287,P019,Vacuum Cleaner,Home,Jaipur,Online,Credit Card,1,9215.13,0.05,9215.13,8754.37,0,1171.49,2025,1,January,Thursday,9215.13,8754.3735
2025-01-16,ORD003013,CUST04521,P015,Dining Table,Furniture,Pune,Store,UPI,4,23660.7,0.1,94642.8,85178.52,0,20644.71,2025,1,January,Thursday,94642.8,85178.52
2025-01-16,ORD040794,CUST04270,P013,Monitor,Electronics,Surat,Online,Net Banking,2,18406.09,0.0,36812.18,36812.18,0,9760.89,2025,1,January,Thursday,36812.18,36812.18
2025-01-16,ORD033187,CUST00751,P010,Coffee Maker,Home,Hyderabad,Store,Credit Card,2,5218.6,0.05,10437.2,9915.34,0,723.27,2025,1,January,Thursday,10437.2,9915.34
2025-01-16,ORD019969,CUST03940,P008,Running Shoes,Fashion,Mumbai,Online,Cash,4,3831.63,0.1,15326.52,13793.87,0,1380.91,2025,1,January,Thursday,15326.52,13793.868
2025-01-16,ORD004201,CUST00203,P010,Coffee Maker,Home,Mumbai,Online,UPI,2,5863.35,0.0,11726.7,11726.7,0,2392.63,2025,1,January,Thursday,11726.7,11726.7
2025-01-16,ORD031641,CUST04154,P020,Microwave,Home,Mumbai,Online,Credit Card,2,10662.27,0.05,21324.54,20258.31,1,-1012.92,2025,1,January,Thursday,21324.54,20258.313
2025-01-16,ORD040177,CUST04088,P008,Running Shoes,Fashion,Mumbai,Online,Credit Card,1,4135.93,0.2,4135.93,3308.74,0,267.4,2025,1,January,Thursday,4135.93,3308.7440000000006
2025-01-16,ORD000707,CUST04879,P001,Laptop,Electronics,Hyderabad,Online,Credit Card,1,69166.1,0.05,69166.1,65707.8,0,11950.67,2025,1,January,Thursday,69166.1,65707.795
2025-01-16,ORD037729,CUST00477,P004,Smartwatch,Electronics,Chennai,Online,UPI,3,7055.88,0.2,21167.64,16934.11,0,865.64,2025,1,January,Thursday,21167.64,16934.112
2025-01-16,ORD002120,CUST01560,P005,Office Chair,Furniture,Surat,Online,UPI,4,8797.31,0.05,35189.24,33429.78,0,2358.44,2025,1,January,Thursday,35189.24,33429.778
2025-01-16,ORD049117,CUST00818,P009,T-Shirt,Fashion,Bengaluru,Online,UPI,2,1318.79,0.15,2637.58,2241.94,0,133.26,2025,1,January,Thursday,2637.58,2241.9429999999998
2025-01-16,ORD035438,CUST04318,P019,Vacuum Cleaner,Home,Ahmedabad,Store,Credit Card,2,8918.27,0.25,17836.54,13377.4,0,2203.27,2025,1,January,Thursday,17836.54,13377.405
2025-01-16,ORD021963,CUST03134,P018,Jacket,Fashion,Mumbai,Online,Credit Card,1,5267.33,0.1,5267.33,4740.6,0,365.66,2025,1,January,Thursday,5267.33,4740.597
2025-01-16,ORD009336,CUST01681,P007,Backpack,Accessories,Bengaluru,Online,UPI,1,1998.62,0.0,1998.62,1998.62,0,444.76,2025,1,January,Thursday,1998.62,1998.62
2025-01-16,ORD034054,CUST03790,P002,Smartphone,Electronics,Pune,Online,UPI,1,29701.58,0.0,29701.58,29701.58,0,3900.27,2025,1,January,Thursday,29701.58,29701.58
2025-01-16,ORD035489,CUST03961,P005,Office Chair,Furniture,Chennai,Online,UPI,1,9472.42,0.05,9472.42,8998.8,0,753.87,2025,1,January,Thursday,9472.42,8998.798999999999
2025-01-16,ORD035945,CUST01906,P005,Office Chair,Furniture,Ahmedabad,Store,Net Banking,1,9091.11,0.0,9091.11,9091.11,0,1148.44,2025,1,January,Thursday,9091.11,9091.11
2025-01-16,ORD045392,CUST01043,P004,Smartwatch,Electronics,Ahmedabad,Store,Cash,2,7108.72,0.1,14217.44,12795.7,0,843.92,2025,1,January,Thursday,14217.44,12795.696
2025-01-16,ORD004233,CUST02687,P001,Laptop,Electronics,Surat,Store,Credit Card,1,65351.05,0.0,65351.05,65351.05,0,18021.43,2025,1,January,Thursday,65351.05,65351.05
2025-01-16,ORD047637,CUST04893,P002,Smartphone,Electronics,Ahmedabad,Store,Debit Card,1,29332.0,0.15,29332.0,24932.2,0,3494.45,2025,1,January,Thursday,29332.0,24932.2
2025-01-16,ORD009756,CUST00701,P014,Keyboard,Electronics,Mumbai,Online,UPI,1,2668.96,0.15,2668.96,2268.62,0,195.64,2025,1,January,Thursday,2668.96,2268.616
2025-01-16,ORD028515,CUST03466,P002,Smartphone,Electronics,Ahmedabad,Store,UPI,4,29959.17,0.1,119836.68,107853.01,0,9731.62,2025,1,January,Thursday,119836.68,107853.012
2025-01-16,ORD021669,CUST02335,P008,Running Shoes,Fashion,Ahmedabad,Store,Debit Card,3,4317.96,0.1,12953.88,11658.49,0,2365.34,2025,1,January,Thursday,12953.880000000001,11658.492
2025-01-16,ORD045383,CUST03933,P018,Jacket,Fashion,Kolkata,Online,Debit Card,1,4729.25,0.0,4729.25,4729.25,0,1322.89,2025,1,January,Thursday,4729.25,4729.25
2025-01-17,ORD047468,CUST00968,P014,Keyboard,Electronics,Pune,Online,Cash,1,2351.94,0.2,2351.94,1881.55,0,175.98,2025,1,January,Friday,2351.94,1881.5520000000001
2025-01-17,ORD047943,CUST04056,P016,Sofa,Furniture,Jaipur,Online,UPI,1,34051.67,0.1,34051.67,30646.5,0,2676.51,2025,1,January,Friday,34051.67,30646.503
2025-01-17,ORD032775,CUST02049,P002,Smartphone,Electronics,Ahmedabad,Online,Credit Card,4,28562.84,0.15,114251.36,97113.66,0,7054.98,2025,1,January,Friday,114251.36,97113.656
2025-01-17,ORD036707,CUST03388,P014,Keyboard,Electronics,Kolkata,Store,UPI,5,2335.22,0.0,11676.1,11676.1,0,2127.3,2025,1,January,Friday,11676.099999999999,11676.1
2025-01-17,ORD039227,CUST01576,P013,Monitor,Electronics,Bengaluru,Store,Net Banking,1,19009.79,0.2,19009.79,15207.83,0,1813.47,2025,1,January,Friday,19009.79,15207.832000000002
2025-01-17,ORD032408,CUST02007,P012,Air Fryer,Home,Delhi,Store,UPI,2,6869.18,0.0,13738.36,13738.36,0,1788.28,2025,1,January,Friday,13738.36,13738.36
2025-01-17,ORD040542,CUST03900,P013,Monitor,Electronics,Delhi,Store,Net Banking,1,19171.86,0.0,19171.86,19171.86,0,2380.46,2025,1,January,Friday,19171.86,19171.86
2025-01-17,ORD021740,CUST04302,P007,Backpack,Accessories,Kolkata,Store,Credit Card,1,2309.96,0.2,2309.96,1847.97,0,336.28,2025,1,January,Friday,2309.96,1847.968
2025-01-17,ORD012103,CUST04136,P016,Sofa,Furniture,Delhi,Store,Credit Card,3,34551.9,0.05,103655.7,98472.92,1,-4923.65,2025,1,January,Friday,103655.70000000001,98472.915
2025-01-17,ORD018043,CUST03277,P005,Office Chair,Furniture,Kolkata,Online,UPI,2,10363.44,0.1,20726.88,18654.19,0,1606.63,2025,1,January,Friday,20726.88,18654.192000000003
2025-01-17,ORD003651,CUST01052,P008,Running Shoes,Fashion,Kolkata,Online,UPI,1,4107.62,0.1,4107.62,3696.86,0,688.87,2025,1,January,Friday,4107.62,3696.858
2025-01-17,ORD037354,CUST00462,P020,Microwave,Home,Hyderabad,Online,Credit Card,3,9950.29,0.1,29850.87,26865.78,0,6624.5,2025,1,January,Friday,29850.870000000003,26865.783
2025-01-17,ORD041908,CUST04368,P020,Microwave,Home,Bengaluru,Online,Cash,1,10235.79,0.15,10235.79,8700.42,0,2047.95,2025,1,January,Friday,10235.79,8700.4215
2025-01-17,ORD021885,CUST01999,P016,Sofa,Furniture,Pune,Store,UPI,1,31553.33,0.0,31553.33,31553.33,0,3959.2,2025,1,January,Friday,31553.33,31553.33
2025-01-17,ORD006771,CUST04460,P013,Monitor,Electronics,Mumbai,Online,Credit Card,1,17930.4,0.0,17930.4,17930.4,0,3877.16,2025,1,January,Friday,17930.4,17930.4
2025-01-17,ORD033892,CUST04896,P014,Keyboard,Electronics,Chennai,Store,Credit Card,1,2624.75,0.05,2624.75,2493.51,0,582.95,2025,1,January,Friday,2624.75,2493.5125
2025-01-17,ORD014980,CUST02391,P017,Jeans,Fashion,Pune,Online,Credit Card,2,2991.42,0.15,5982.84,5085.41,0,1010.07,2025,1,January,Friday,5982.84,5085.414
2025-01-17,ORD030453,CUST04310,P012,Air Fryer,Home,Hyderabad,Online,Credit Card,3,6505.08,0.1,19515.24,17563.72,0,1104.52,2025,1,January,Friday,19515.239999999998,17563.716
2025-01-17,ORD026366,CUST02233,P016,Sofa,Furniture,Kolkata,Store,UPI,2,33731.07,0.05,67462.14,64089.03,0,5156.61,2025,1,January,Friday,67462.14,64089.032999999996
2025-01-17,ORD029207,CUST00729,P011,Mixer Grinder,Home,Surat,Store,Cash,1,4454.3,0.15,4454.3,3786.16,0,943.53,2025,1,January,Friday,4454.3,3786.155
2025-01-17,ORD024587,CUST02513,P001,Laptop,Electronics,Kolkata,Online,Debit Card,2,62853.54,0.05,125707.08,119421.73,1,-5971.09,2025,1,January,Friday,125707.08,119421.726
2025-01-17,ORD004621,CUST01451,P011,Mixer Grinder,Home,Ahmedabad,Store,UPI,1,5256.39,0.05,5256.39,4993.57,0,1185.91,2025,1,January,Friday,5256.39,4993.5705
2025-01-17,ORD041523,CUST00749,P013,Monitor,Electronics,Kolkata,Online,UPI,3,17624.28,0.25,52872.84,39654.63,0,7107.49,2025,1,January,Friday,52872.84,39654.63
2025-01-17,ORD013016,CUST01218,P009,T-Shirt,Fashion,Kolkata,Online,UPI,1,1205.86,0.2,1205.86,964.69,0,207.88,2025,1,January,Friday,1205.86,964.688
2025-01-17,ORD038711,CUST02169,P012,Air Fryer,Home,Delhi,Online,UPI,3,7558.78,0.0,22676.34,22676.34,0,4417.09,2025,1,January,Friday,22676.34,22676.34
2025-01-17,ORD041568,CUST02523,P018,Jacket,Fashion,Surat,Online,Cash,1,5201.07,0.1,5201.07,4680.96,0,777.35,2025,1,January,Friday,5201.07,4680.963
2025-01-17,ORD020282,CUST01958,P002,Smartphone,Electronics,Surat,Store,Net Banking,1,26281.91,0.1,26281.91,23653.72,0,3545.42,2025,1,January,Friday,26281.91,23653.719
2025-01-17,ORD043693,CUST04973,P011,Mixer Grinder,Home,Surat,Store,Net Banking,1,4766.77,0.05,4766.77,4528.43,0,555.33,2025,1,January,Friday,4766.77,4528.431500000001
2025-01-17,ORD020123,CUST01120,P012,Air Fryer,Home,Mumbai,Online,Debit Card,1,7044.31,0.25,7044.31,5283.23,0,1198.52,2025,1,January,Friday,7044.31,5283.2325
2025-01-17,ORD020011,CUST03214,P016,Sofa,Furniture,Jaipur,Online,Net Banking,1,36839.32,0.1,36839.32,33155.39,0,5408.65,2025,1,January,Friday,36839.32,33155.388
2025-01-17,ORD017156,CUST00115,P004,Smartwatch,Electronics,Surat,Store,Credit Card,5,7616.61,0.15,38083.05,32370.59,0,7563.63,2025,1,January,Friday,38083.049999999996,32370.592500000002
2025-01-17,ORD025675,CUST04890,P009,T-Shirt,Fashion,Kolkata,Online,UPI,3,1135.3,0.15,3405.9,2895.01,0,684.23,2025,1,January,Friday,3405.8999999999996,2895.015
2025-01-17,ORD008813,CUST00981,P010,Coffee Maker,Home,Delhi,Store,Debit Card,1,5512.46,0.1,5512.46,4961.21,0,480.8,2025,1,January,Friday,5512.46,4961.214
2025-01-17,ORD026178,CUST01683,P013,Monitor,Electronics,Delhi,Online,Credit Card,3,18805.87,0.1,56417.61,50775.85,0,8670.81,2025,1,January,Friday,56417.61,50775.849
2025-01-17,ORD017363,CUST01283,P013,Monitor,Electronics,Hyderabad,Store,UPI,2,18609.58,0.2,37219.16,29775.33,0,7203.8,2025,1,January,Friday,37219.16,29775.328000000005
2025-01-17,ORD024330,CUST03047,P007,Backpack,Accessories,Chennai,Store,UPI,1,2380.8,0.2,2380.8,1904.64,0,399.31,2025,1,January,Friday,2380.8,1904.6400000000003
2025-01-17,ORD024744,CUST04688,P012,Air Fryer,Home,Jaipur,Online,UPI,2,6957.22,0.0,13914.44,13914.44,0,3827.25,2025,1,January,Friday,13914.44,13914.44
2025-01-17,ORD011760,CUST04989,P019,Vacuum Cleaner,Home,Mumbai,Store,Credit Card,1,8705.23,0.1,8705.23,7834.71,0,2105.32,2025,1,January,Friday,8705.23,7834.706999999999
2025-01-17,ORD021509,CUST03514,P012,Air Fryer,Home,Hyderabad,Online,Credit Card,4,7021.01,0.0,28084.04,28084.04,0,4761.24,2025,1,January,Friday,28084.04,28084.04
2025-01-17,ORD044503,CUST00880,P003,Headphones,Electronics,Delhi,Online,Credit Card,4,4369.74,0.05,17478.96,16605.01,0,3077.92,2025,1,January,Friday,17478.96,16605.012
2025-01-17,ORD037546,CUST03983,P016,Sofa,Furniture,Pune,Online,Credit Card,2,34864.47,0.05,69728.94,66242.49,0,17373.37,2025,1,January,Friday,69728.94,66242.493
2025-01-17,ORD044083,CUST00605,P012,Air Fryer,Home,Chennai,Store,UPI,4,6516.76,0.15,26067.04,22156.98,0,3130.94,2025,1,January,Friday,26067.04,22156.984
2025-01-17,ORD006255,CUST03403,P009,T-Shirt,Fashion,Delhi,Online,Debit Card,2,1225.1,0.05,2450.2,2327.69,0,284.04,2025,1,January,Friday,2450.2,2327.6899999999996
2025-01-17,ORD039969,CUST02406,P015,Dining Table,Furniture,Kolkata,Online,Credit Card,1,19886.44,0.1,19886.44,17897.8,0,3610.61,2025,1,January,Friday,19886.44,17897.796
2025-01-17,ORD020132,CUST03757,P014,Keyboard,Electronics,Chennai,Online,Debit Card,1,2734.22,0.05,2734.22,2597.51,0,452.74,2025,1,January,Friday,2734.22,2597.5089999999996
2025-01-17,ORD004378,CUST02793,P010,Coffee Maker,Home,Ahmedabad,Store,Debit Card,5,5568.92,0.15,27844.6,23667.91,0,5177.45,2025,1,January,Friday,27844.6,23667.91
2025-01-17,ORD015639,CUST03559,P001,Laptop,Electronics,Kolkata,Online,UPI,3,61607.81,0.15,184823.43,157099.92,0,33248.74,2025,1,January,Friday,184823.43,157099.9155
2025-01-17,ORD047260,CUST00277,P011,Mixer Grinder,Home,Delhi,Store,Credit Card,1,4451.48,0.1,4451.48,4006.33,0,737.89,2025,1,January,Friday,4451.48,4006.332
2025-01-17,ORD047283,CUST00893,P016,Sofa,Furniture,Ahmedabad,Online,UPI,2,33334.38,0.1,66668.76,60001.88,0,11647.68,2025,1,January,Friday,66668.76,60001.884
2025-01-17,ORD044994,CUST00223,P003,Headphones,Electronics,Hyderabad,Online,UPI,3,4327.21,0.0,12981.63,12981.63,0,3123.72,2025,1,January,Friday,12981.630000000001,12981.63
2025-01-17,ORD045605,CUST03173,P008,Running Shoes,Fashion,Pune,Online,UPI,1,3877.9,0.15,3877.9,3296.22,0,619.31,2025,1,January,Friday,3877.9,3296.215
2025-01-17,ORD044008,CUST02341,P002,Smartphone,Electronics,Chennai,Store,UPI,1,27147.03,0.2,27147.03,21717.62,0,3066.44,2025,1,January,Friday,27147.03,21717.624
2025-01-17,ORD012041,CUST03807,P020,Microwave,Home,Pune,Online,UPI,1,9956.99,0.15,9956.99,8463.44,0,670.13,2025,1,January,Friday,9956.99,8463.441499999999
2025-01-17,ORD033046,CUST01434,P014,Keyboard,Electronics,Delhi,Store,UPI,1,2686.18,0.25,2686.18,2014.63,0,164.0,2025,1,January,Friday,2686.18,2014.6349999999998
2025-01-17,ORD049150,CUST03983,P016,Sofa,Furniture,Jaipur,Store,Credit Card,1,33166.4,0.0,33166.4,33166.4,0,5059.33,2025,1,January,Friday,33166.4,33166.4
2025-01-17,ORD037921,CUST04023,P016,Sofa,Furniture,Delhi,Online,Credit Card,1,34401.84,0.15,34401.84,29241.56,0,3993.88,2025,1,January,Friday,34401.84,29241.563999999995
2025-01-17,ORD031495,CUST03574,P003,Headphones,Electronics,Mumbai,Online,Credit Card,1,4400.72,0.05,4400.72,4180.68,0,784.62,2025,1,January,Friday,4400.72,4180.684
2025-01-17,ORD038187,CUST01139,P008,Running Shoes,Fashion,Surat,Online,Credit Card,1,3949.96,0.25,3949.96,2962.47,0,707.45,2025,1,January,Friday,3949.96,2962.4700000000003
2025-01-17,ORD036797,CUST03488,P018,Jacket,Fashion,Pune,Online,UPI,1,5041.12,0.05,5041.12,4789.06,0,944.97,2025,1,January,Friday,5041.12,4789.063999999999
2025-01-17,ORD045204,CUST00645,P019,Vacuum Cleaner,Home,Kolkata,Online,Credit Card,3,9091.3,0.2,27273.9,21819.12,0,1076.97,2025,1,January,Friday,27273.899999999998,21819.120000000003
2025-01-17,ORD014125,CUST02011,P013,Monitor,Electronics,Ahmedabad,Store,Credit Card,3,17965.5,0.1,53896.5,48506.85,1,-2425.34,2025,1,January,Friday,53896.5,48506.85
2025-01-17,ORD031430,CUST04986,P018,Jacket,Fashion,Kolkata,Store,Debit Card,3,5232.16,0.15,15696.48,13342.01,0,2986.92,2025,1,January,Friday,15696.48,13342.008
2025-01-17,ORD014510,CUST03074,P006,Desk,Furniture,Bengaluru,Store,Credit Card,1,11635.52,0.0,11635.52,11635.52,0,2481.7,2025,1,January,Friday,11635.52,11635.52
2025-01-17,ORD005949,CUST04331,P002,Smartphone,Electronics,Surat,Online,Credit Card,1,25467.78,0.05,25467.78,24194.39,0,5040.33,2025,1,January,Friday,25467.78,24194.390999999996
2025-01-17,ORD046497,CUST04165,P006,Desk,Furniture,Surat,Store,Debit Card,4,10832.45,0.05,43329.8,41163.31,0,6945.97,2025,1,January,Friday,43329.8,41163.31
2025-01-17,ORD048352,CUST04204,P003,Headphones,Electronics,Ahmedabad,Online,Cash,2,4410.66,0.15,8821.32,7498.12,0,1174.7,2025,1,January,Friday,8821.32,7498.121999999999
2025-01-17,ORD011172,CUST01697,P014,Keyboard,Electronics,Chennai,Online,UPI,1,2420.5,0.0,2420.5,2420.5,0,684.34,2025,1,January,Friday,2420.5,2420.5
2025-01-17,ORD031439,CUST01024,P018,Jacket,Fashion,Pune,Store,Credit Card,1,4799.71,0.05,4799.71,4559.72,0,974.0,2025,1,January,Friday,4799.71,4559.7245
2025-01-17,ORD002604,CUST04955,P005,Office Chair,Furniture,Bengaluru,Online,UPI,2,8714.41,0.05,17428.82,16557.38,0,2007.36,2025,1,January,Friday,17428.82,16557.378999999997
2025-01-17,ORD001109,CUST01025,P014,Keyboard,Electronics,Jaipur,Online,Cash,3,2608.93,0.1,7826.79,7044.11,0,1820.08,2025,1,January,Friday,7826.789999999999,7044.111
2025-01-17,ORD009361,CUST01449,P018,Jacket,Fashion,Chennai,Store,Credit Card,1,5351.84,0.1,5351.84,4816.66,0,298.62,2025,1,January,Friday,5351.84,4816.656
2025-01-17,ORD028065,CUST02457,P011,Mixer Grinder,Home,Chennai,Online,Credit Card,3,4655.73,0.0,13967.19,13967.19,0,2826.63,2025,1,January,Friday,13967.189999999999,13967.19
2025-01-18,ORD033511,CUST01489,P002,Smartphone,Electronics,Delhi,Online,Debit Card,1,25809.07,0.1,25809.07,23228.16,0,2675.65,2025,1,January,Saturday,25809.07,23228.163
2025-01-18,ORD021871,CUST03677,P005,Office Chair,Furniture,Delhi,Store,Credit Card,1,8713.53,0.2,8713.53,6970.82,0,1378.2,2025,1,January,Saturday,8713.53,6970.8240000000005
2025-01-18,ORD036372,CUST01370,P008,Running Shoes,Fashion,Hyderabad,Store,UPI,2,4046.41,0.05,8092.82,7688.18,0,1151.38,2025,1,January,Saturday,8092.82,7688.178999999999
2025-01-18,ORD034901,CUST03927,P018,Jacket,Fashion,Delhi,Online,UPI,1,4709.06,0.05,4709.06,4473.61,0,1235.29,2025,1,January,Saturday,4709.06,4473.607
2025-01-18,ORD037970,CUST01952,P010,Coffee Maker,Home,Kolkata,Online,UPI,1,5113.56,0.1,5113.56,4602.2,0,734.09,2025,1,January,Saturday,5113.56,4602.204000000001
2025-01-18,ORD022415,CUST02080,P001,Laptop,Electronics,Kolkata,Online,Credit Card,1,63543.2,0.05,63543.2,60366.04,0,13736.39,2025,1,January,Saturday,63543.2,60366.03999999999
2025-01-18,ORD029067,CUST04142,P018,Jacket,Fashion,Chennai,Store,Debit Card,3,4798.11,0.05,14394.33,13674.61,0,1107.18,2025,1,January,Saturday,14394.329999999998,13674.6135
2025-01-18,ORD027533,CUST03647,P004,Smartwatch,Electronics,Hyderabad,Online,Debit Card,1,6573.33,0.0,6573.33,6573.33,0,807.86,2025,1,January,Saturday,6573.33,6573.33
2025-01-18,ORD026588,CUST04678,P004,Smartwatch,Electronics,Pune,Store,Debit Card,1,7051.97,0.05,7051.97,6699.37,0,935.41,2025,1,January,Saturday,7051.97,6699.3715
2025-01-18,ORD016643,CUST03912,P018,Jacket,Fashion,Hyderabad,Online,UPI,2,5574.23,0.1,11148.46,10033.61,0,1653.99,2025,1,January,Saturday,11148.46,10033.614
2025-01-18,ORD017082,CUST00780,P017,Jeans,Fashion,Surat,Store,UPI,2,2521.08,0.05,5042.16,4790.05,0,472.69,2025,1,January,Saturday,5042.16,4790.052
2025-01-18,ORD036412,CUST02468,P009,T-Shirt,Fashion,Delhi,Online,Credit Card,3,1179.81,0.05,3539.43,3362.46,0,591.16,2025,1,January,Saturday,3539.43,3362.4584999999997
2025-01-18,ORD046016,CUST03646,P017,Jeans,Fashion,Kolkata,Online,Credit Card,1,2685.92,0.05,2685.92,2551.62,0,339.53,2025,1,January,Saturday,2685.92,2551.624
2025-01-18,ORD022966,CUST03409,P012,Air Fryer,Home,Ahmedabad,Store,UPI,1,6861.44,0.25,6861.44,5146.08,0,1232.8,2025,1,January,Saturday,6861.44,5146.08
2025-01-18,ORD023185,CUST03280,P009,T-Shirt,Fashion,Pune,Online,Cash,1,1185.12,0.2,1185.12,948.1,0,213.9,2025,1,January,Saturday,1185.12,948.096
2025-01-18,ORD026374,CUST02499,P019,Vacuum Cleaner,Home,Mumbai,Online,UPI,3,9798.68,0.1,29396.04,26456.44,0,2788.64,2025,1,January,Saturday,29396.04,26456.436
2025-01-18,ORD011727,CUST04014,P008,Running Shoes,Fashion,Bengaluru,Store,Credit Card,2,4438.56,0.15,8877.12,7545.55,0,1549.27,2025,1,January,Saturday,8877.12,7545.552000000001
2025-01-18,ORD009210,CUST00650,P001,Laptop,Electronics,Pune,Store,Credit Card,1,65405.77,0.0,65405.77,65405.77,0,14791.4,2025,1,January,Saturday,65405.77,65405.77
2025-01-18,ORD011017,CUST01308,P011,Mixer Grinder,Home,Surat,Store,Net Banking,2,5033.43,0.1,10066.86,9060.17,0,985.31,2025,1,January,Saturday,10066.86,9060.174
2025-01-18,ORD027460,CUST02166,P009,T-Shirt,Fashion,Ahmedabad,Online,Debit Card,1,1136.73,0.25,1136.73,852.55,0,189.47,2025,1,January,Saturday,1136.73,852.5475
2025-01-18,ORD027322,CUST03225,P004,Smartwatch,Electronics,Delhi,Online,Credit Card,4,7558.21,0.1,30232.84,27209.56,0,7377.31,2025,1,January,Saturday,30232.84,27209.556
2025-01-18,ORD032773,CUST02831,P016,Sofa,Furniture,Jaipur,Online,Net Banking,2,34891.02,0.15,69782.04,59314.73,0,10159.35,2025,1,January,Saturday,69782.04,59314.73399999999
2025-01-18,ORD036565,CUST04506,P009,T-Shirt,Fashion,Ahmedabad,Online,Credit Card,1,1195.52,0.0,1195.52,1195.52,0,107.98,2025,1,January,Saturday,1195.52,1195.52
2025-01-18,ORD000041,CUST04947,P017,Jeans,Fashion,Surat,Store,Credit Card,1,2994.4,0.25,2994.4,2245.8,0,540.11,2025,1,January,Saturday,2994.4,2245.8
2025-01-18,ORD034547,CUST00196,P016,Sofa,Furniture,Surat,Store,Credit Card,1,34921.03,0.15,34921.03,29682.88,0,6888.95,2025,1,January,Saturday,34921.03,29682.8755
2025-01-18,ORD004982,CUST02915,P015,Dining Table,Furniture,Hyderabad,Online,Credit Card,1,22638.21,0.05,22638.21,21506.3,0,1766.35,2025,1,January,Saturday,22638.21,21506.299499999997
2025-01-18,ORD024148,CUST00978,P018,Jacket,Fashion,Bengaluru,Store,Debit Card,2,5716.83,0.1,11433.66,10290.29,0,1047.1,2025,1,January,Saturday,11433.66,10290.294
2025-01-18,ORD006180,CUST00867,P012,Air Fryer,Home,Surat,Store,UPI,1,6507.59,0.25,6507.59,4880.69,0,229.2,2025,1,January,Saturday,6507.59,4880.6925
2025-01-18,ORD034915,CUST04644,P006,Desk,Furniture,Hyderabad,Online,Cash,5,12429.94,0.05,62149.7,59042.22,0,15552.51,2025,1,January,Saturday,62149.700000000004,59042.215
2025-01-18,ORD010765,CUST04906,P016,Sofa,Furniture,Bengaluru,Store,Debit Card,4,31581.33,0.1,126325.32,113692.79,0,29573.0,2025,1,January,Saturday,126325.32,113692.78800000002
2025-01-18,ORD020105,CUST02085,P006,Desk,Furniture,Delhi,Online,Debit Card,2,11580.47,0.15,23160.94,19686.8,0,4540.12,2025,1,January,Saturday,23160.94,19686.799
2025-01-18,ORD019325,CUST04327,P011,Mixer Grinder,Home,Surat,Online,UPI,1,5196.76,0.1,5196.76,4677.08,0,430.18,2025,1,January,Saturday,5196.76,4677.084000000001
2025-01-18,ORD041932,CUST02739,P002,Smartphone,Electronics,Kolkata,Online,UPI,1,27046.71,0.0,27046.71,27046.71,0,5333.51,2025,1,January,Saturday,27046.71,27046.71
2025-01-18,ORD031161,CUST01662,P002,Smartphone,Electronics,Delhi,Online,Debit Card,1,28831.23,0.0,28831.23,28831.23,0,5934.0,2025,1,January,Saturday,28831.23,28831.23
2025-01-18,ORD044878,CUST01779,P010,Coffee Maker,Home,Kolkata,Store,UPI,1,5759.61,0.15,5759.61,4895.67,0,965.67,2025,1,January,Saturday,5759.61,4895.6685
2025-01-18,ORD044134,CUST02397,P009,T-Shirt,Fashion,Kolkata,Online,Net Banking,5,1118.07,0.0,5590.35,5590.35,0,1184.35,2025,1,January,Saturday,5590.349999999999,5590.35
2025-01-18,ORD002355,CUST00023,P008,Running Shoes,Fashion,Chennai,Store,Credit Card,3,4151.91,0.15,12455.73,10587.37,0,1853.88,2025,1,January,Saturday,12455.73,10587.370499999999
2025-01-18,ORD029907,CUST01944,P010,Coffee Maker,Home,Pune,Online,UPI,2,5172.0,0.1,10344.0,9309.6,0,1025.6,2025,1,January,Saturday,10344.0,9309.6
2025-01-18,ORD027061,CUST01085,P015,Dining Table,Furniture,Mumbai,Store,UPI,1,22581.81,0.0,22581.81,22581.81,0,5468.6,2025,1,January,Saturday,22581.81,22581.81
2025-01-18,ORD041178,CUST01049,P005,Office Chair,Furniture,Chennai,Online,Debit Card,1,10370.56,0.15,10370.56,8814.98,0,1256.5,2025,1,January,Saturday,10370.56,8814.975999999999
2025-01-18,ORD002682,CUST02480,P019,Vacuum Cleaner,Home,Hyderabad,Online,Cash,2,9354.93,0.15,18709.86,15903.38,0,2612.7,2025,1,January,Saturday,18709.86,15903.381
2025-01-18,ORD030853,CUST04405,P013,Monitor,Electronics,Kolkata,Store,Debit Card,1,16682.28,0.15,16682.28,14179.94,0,2544.22,2025,1,January,Saturday,16682.28,14179.937999999998
2025-01-18,ORD015430,CUST01683,P003,Headphones,Electronics,Delhi,Online,Credit Card,1,4373.09,0.0,4373.09,4373.09,1,-218.65,2025,1,January,Saturday,4373.09,4373.09
2025-01-18,ORD020277,CUST02481,P016,Sofa,Furniture,Mumbai,Online,UPI,1,35603.14,0.1,35603.14,32042.83,0,5265.23,2025,1,January,Saturday,35603.14,32042.826
2025-01-18,ORD002023,CUST01017,P012,Air Fryer,Home,Bengaluru,Online,Debit Card,1,7426.39,0.0,7426.39,7426.39,1,-371.32,2025,1,January,Saturday,7426.39,7426.39
2025-01-18,ORD002283,CUST00285,P015,Dining Table,Furniture,Pune,Online,Credit Card,1,20891.47,0.05,20891.47,19846.9,0,2781.36,2025,1,January,Saturday,20891.47,19846.8965
2025-01-18,ORD012445,CUST03830,P010,Coffee Maker,Home,Delhi,Online,Cash,4,5236.93,0.2,20947.72,16758.18,0,3162.36,2025,1,January,Saturday,20947.72,16758.176000000003
2025-01-18,ORD018017,CUST01789,P020,Microwave,Home,Mumbai,Online,UPI,1,10978.59,0.05,10978.59,10429.66,0,1478.76,2025,1,January,Saturday,10978.59,10429.6605
2025-01-18,ORD019167,CUST02554,P016,Sofa,Furniture,Surat,Online,Cash,3,32985.75,0.0,98957.25,98957.25,0,29169.21,2025,1,January,Saturday,98957.25,98957.25
2025-01-18,ORD048487,CUST00174,P001,Laptop,Electronics,Hyderabad,Online,Net Banking,2,60600.57,0.15,121201.14,103020.97,0,6909.71,2025,1,January,Saturday,121201.14,103020.969
2025-01-18,ORD029642,CUST03210,P006,Desk,Furniture,Hyderabad,Store,UPI,1,12208.39,0.0,12208.39,12208.39,0,2124.2,2025,1,January,Saturday,12208.39,12208.39
2025-01-18,ORD017546,CUST03761,P011,Mixer Grinder,Home,Mumbai,Store,Credit Card,2,5060.29,0.05,10120.58,9614.55,0,1196.43,2025,1,January,Saturday,10120.58,9614.551
2025-01-18,ORD029706,CUST01592,P002,Smartphone,Electronics,Ahmedabad,Online,UPI,2,27956.3,0.1,55912.6,50321.34,0,12872.06,2025,1,January,Saturday,55912.6,50321.34
2025-01-18,ORD017293,CUST02388,P013,Monitor,Electronics,Hyderabad,Store,UPI,1,17954.23,0.15,17954.23,15261.1,0,1252.58,2025,1,January,Saturday,17954.23,15261.0955
2025-01-18,ORD044660,CUST03401,P001,Laptop,Electronics,Chennai,Store,Cash,2,65673.54,0.1,131347.08,118212.37,0,19096.76,2025,1,January,Saturday,131347.08,118212.37199999999
2025-01-19,ORD003574,CUST01731,P016,Sofa,Furniture,Bengaluru,Online,Net Banking,1,38288.76,0.2,38288.76,30631.01,0,6462.24,2025,1,January,Sunday,38288.76,30631.008
2025-01-19,ORD038403,CUST00378,P004,Smartwatch,Electronics,Pune,Store,UPI,1,6600.83,0.05,6600.83,6270.79,0,1673.58,2025,1,January,Sunday,6600.83,6270.7885
2025-01-19,ORD025216,CUST04770,P020,Microwave,Home,Jaipur,Online,Credit Card,1,12097.39,0.1,12097.39,10887.65,0,1027.28,2025,1,January,Sunday,12097.39,10887.651
2025-01-19,ORD025222,CUST04226,P016,Sofa,Furniture,Surat,Store,UPI,5,37904.04,0.15,189520.2,161092.17,0,15340.08,2025,1,January,Sunday,189520.2,161092.17
2025-01-19,ORD013268,CUST02772,P012,Air Fryer,Home,Ahmedabad,Online,Credit Card,5,7610.28,0.1,38051.4,34246.26,0,8687.64,2025,1,January,Sunday,38051.4,34246.26
2025-01-19,ORD020518,CUST02981,P002,Smartphone,Electronics,Chennai,Store,UPI,3,25261.99,0.1,75785.97,68207.37,0,18105.96,2025,1,January,Sunday,75785.97,68207.373
2025-01-19,ORD008397,CUST04632,P009,T-Shirt,Fashion,Mumbai,Store,Credit Card,2,1301.33,0.1,2602.66,2342.39,0,524.53,2025,1,January,Sunday,2602.66,2342.394
2025-01-19,ORD026017,CUST00486,P018,Jacket,Fashion,Jaipur,Online,Net Banking,1,5707.9,0.2,5707.9,4566.32,0,627.57,2025,1,January,Sunday,5707.9,4566.32
2025-01-19,ORD022198,CUST01122,P010,Coffee Maker,Home,Kolkata,Store,Debit Card,1,5043.08,0.1,5043.08,4538.77,0,596.43,2025,1,January,Sunday,5043.08,4538.772
2025-01-19,ORD008836,CUST02958,P017,Jeans,Fashion,Chennai,Online,Net Banking,1,2877.69,0.15,2877.69,2446.04,0,632.55,2025,1,January,Sunday,2877.69,2446.0365
2025-01-19,ORD014609,CUST00376,P015,Dining Table,Furniture,Ahmedabad,Online,Credit Card,1,21528.09,0.0,21528.09,21528.09,0,5872.2,2025,1,January,Sunday,21528.09,21528.09
2025-01-19,ORD045216,CUST04165,P012,Air Fryer,Home,Surat,Online,UPI,1,7292.04,0.0,7292.04,7292.04,0,796.91,2025,1,January,Sunday,7292.04,7292.04
2025-01-19,ORD025032,CUST04851,P007,Backpack,Accessories,Surat,Store,Credit Card,1,2326.2,0.1,2326.2,2093.58,0,146.42,2025,1,January,Sunday,2326.2,2093.58
2025-01-19,ORD007246,CUST02278,P014,Keyboard,Electronics,Jaipur,Online,Net Banking,1,2284.3,0.1,2284.3,2055.87,0,554.68,2025,1,January,Sunday,2284.3,2055.8700000000003
2025-01-19,ORD037131,CUST03383,P005,Office Chair,Furniture,Jaipur,Store,UPI,1,8915.97,0.15,8915.97,7578.57,0,1414.65,2025,1,January,Sunday,8915.97,7578.574499999999
2025-01-19,ORD016633,CUST04502,P011,Mixer Grinder,Home,Kolkata,Online,Credit Card,5,4460.79,0.05,22303.95,21188.75,0,5965.27,2025,1,January,Sunday,22303.95,21188.7525
2025-01-19,ORD007861,CUST00899,P007,Backpack,Accessories,Surat,Online,Credit Card,2,2189.9,0.1,4379.8,3941.82,1,-197.09,2025,1,January,Sunday,4379.8,3941.82
2025-01-19,ORD009188,CUST01565,P008,Running Shoes,Fashion,Mumbai,Online,Credit Card,2,4260.72,0.05,8521.44,8095.37,0,1154.76,2025,1,January,Sunday,8521.44,8095.368
2025-01-19,ORD034878,CUST00075,P005,Office Chair,Furniture,Ahmedabad,Store,UPI,1,9900.79,0.0,9900.79,9900.79,0,2382.39,2025,1,January,Sunday,9900.79,9900.79
2025-01-19,ORD040451,CUST04348,P011,Mixer Grinder,Home,Hyderabad,Online,Debit Card,1,4469.14,0.0,4469.14,4469.14,0,1235.18,2025,1,January,Sunday,4469.14,4469.14
2025-01-19,ORD016110,CUST00489,P020,Microwave,Home,Hyderabad,Online,UPI,2,10329.79,0.1,20659.58,18593.62,0,2216.3,2025,1,January,Sunday,20659.58,18593.622000000003
2025-01-19,ORD021432,CUST00256,P008,Running Shoes,Fashion,Chennai,Online,UPI,5,4129.54,0.1,20647.7,18582.93,0,4727.93,2025,1,January,Sunday,20647.7,18582.93
2025-01-19,ORD038339,CUST01377,P010,Coffee Maker,Home,Ahmedabad,Online,UPI,2,5624.9,0.15,11249.8,9562.33,0,708.0,2025,1,January,Sunday,11249.8,9562.33
2025-01-19,ORD032249,CUST04781,P010,Coffee Maker,Home,Hyderabad,Store,Credit Card,1,5941.16,0.05,5941.16,5644.1,0,883.8,2025,1,January,Sunday,5941.16,5644.102
2025-01-19,ORD006422,CUST01289,P016,Sofa,Furniture,Jaipur,Online,Debit Card,1,33635.42,0.15,33635.42,28590.11,0,3879.33,2025,1,January,Sunday,33635.42,28590.106999999996
2025-01-19,ORD000662,CUST00056,P014,Keyboard,Electronics,Surat,Online,UPI,1,2391.94,0.05,2391.94,2272.34,0,518.79,2025,1,January,Sunday,2391.94,2272.343
2025-01-19,ORD041543,CUST01399,P007,Backpack,Accessories,Mumbai,Online,UPI,1,2178.03,0.05,2178.03,2069.13,0,163.06,2025,1,January,Sunday,2178.03,2069.1285000000003
2025-01-19,ORD046153,CUST04085,P009,T-Shirt,Fashion,Surat,Store,UPI,1,1266.62,0.15,1266.62,1076.63,0,132.88,2025,1,January,Sunday,1266.62,1076.627
2025-01-19,ORD011540,CUST01520,P006,Desk,Furniture,Hyderabad,Online,Credit Card,1,10987.61,0.0,10987.61,10987.61,0,1431.43,2025,1,January,Sunday,10987.61,10987.61
2025-01-19,ORD013252,CUST02976,P018,Jacket,Fashion,Chennai,Online,UPI,1,5289.2,0.0,5289.2,5289.2,0,752.12,2025,1,January,Sunday,5289.2,5289.2
2025-01-19,ORD025364,CUST03462,P013,Monitor,Electronics,Hyderabad,Store,Credit Card,4,17344.9,0.1,69379.6,62441.64,0,4671.06,2025,1,January,Sunday,69379.6,62441.64000000001
2025-01-19,ORD049158,CUST00367,P016,Sofa,Furniture,Ahmedabad,Store,UPI,3,32842.38,0.1,98527.14,88674.43,0,5768.61,2025,1,January,Sunday,98527.13999999998,88674.426
2025-01-19,ORD010238,CUST03758,P016,Sofa,Furniture,Surat,Online,Cash,4,37303.89,0.1,149215.56,134294.0,0,22981.8,2025,1,January,Sunday,149215.56,134294.00400000002
2025-01-19,ORD037793,CUST01449,P019,Vacuum Cleaner,Home,Bengaluru,Store,Debit Card,4,8970.11,0.05,35880.44,34086.42,0,4931.67,2025,1,January,Sunday,35880.44,34086.418
2025-01-19,ORD018477,CUST04966,P019,Vacuum Cleaner,Home,Jaipur,Online,UPI,1,8575.45,0.0,8575.45,8575.45,1,-428.77,2025,1,January,Sunday,8575.45,8575.45
2025-01-19,ORD021029,CUST01999,P003,Headphones,Electronics,Hyderabad,Store,Debit Card,1,4204.79,0.05,4204.79,3994.55,0,813.5,2025,1,January,Sunday,4204.79,3994.5505
2025-01-19,ORD007398,CUST02191,P014,Keyboard,Electronics,Delhi,Online,Cash,1,2459.12,0.1,2459.12,2213.21,0,595.74,2025,1,January,Sunday,2459.12,2213.208
2025-01-19,ORD002439,CUST04198,P006,Desk,Furniture,Kolkata,Store,Credit Card,2,12086.99,0.1,24173.98,21756.58,0,2476.83,2025,1,January,Sunday,24173.98,21756.582
2025-01-19,ORD019062,CUST00248,P001,Laptop,Electronics,Bengaluru,Online,Debit Card,2,62397.06,0.1,124794.12,112314.71,0,15707.57,2025,1,January,Sunday,124794.12,112314.708
2025-01-19,ORD016809,CUST02412,P001,Laptop,Electronics,Ahmedabad,Online,Credit Card,2,66936.88,0.15,133873.76,113792.7,0,20258.02,2025,1,January,Sunday,133873.76,113792.69600000001
2025-01-19,ORD047409,CUST03887,P009,T-Shirt,Fashion,Surat,Online,Cash,1,1095.04,0.0,1095.04,1095.04,0,166.58,2025,1,January,Sunday,1095.04,1095.04
2025-01-19,ORD023710,CUST00469,P011,Mixer Grinder,Home,Hyderabad,Online,Credit Card,1,4831.52,0.1,4831.52,4348.37,0,875.82,2025,1,January,Sunday,4831.52,4348.368
2025-01-19,ORD008436,CUST02229,P010,Coffee Maker,Home,Hyderabad,Online,Cash,1,5481.11,0.1,5481.11,4933.0,0,1376.35,2025,1,January,Sunday,5481.11,4932.999
2025-01-19,ORD030952,CUST02966,P002,Smartphone,Electronics,Hyderabad,Online,Debit Card,3,25382.67,0.05,76148.01,72340.61,1,-3617.03,2025,1,January,Sunday,76148.01,72340.60949999999
2025-01-19,ORD034640,CUST00372,P011,Mixer Grinder,Home,Mumbai,Store,UPI,1,4580.67,0.1,4580.67,4122.6,0,922.85,2025,1,January,Sunday,4580.67,4122.603
2025-01-19,ORD004168,CUST00598,P014,Keyboard,Electronics,Jaipur,Online,Debit Card,1,2707.15,0.1,2707.15,2436.44,0,586.35,2025,1,January,Sunday,2707.15,2436.435
2025-01-19,ORD011230,CUST03711,P020,Microwave,Home,Mumbai,Store,Debit Card,1,10707.07,0.0,10707.07,10707.07,1,-535.35,2025,1,January,Sunday,10707.07,10707.07
2025-01-19,ORD048729,CUST02565,P013,Monitor,Electronics,Ahmedabad,Online,UPI,1,17563.1,0.1,17563.1,15806.79,0,3746.01,2025,1,January,Sunday,17563.1,15806.789999999999
2025-01-19,ORD012985,CUST04337,P017,Jeans,Fashion,Delhi,Online,UPI,1,2910.37,0.1,2910.37,2619.33,0,252.33,2025,1,January,Sunday,2910.37,2619.333
2025-01-19,ORD028725,CUST04918,P004,Smartwatch,Electronics,Bengaluru,Online,Net Banking,1,6383.48,0.1,6383.48,5745.13,1,-287.26,2025,1,January,Sunday,6383.48,5745.132
2025-01-19,ORD016185,CUST04455,P011,Mixer Grinder,Home,Pune,Online,UPI,2,5094.9,0.05,10189.8,9680.31,0,2007.22,2025,1,January,Sunday,10189.8,9680.31
2025-01-19,ORD017435,CUST02198,P017,Jeans,Fashion,Mumbai,Online,UPI,1,2747.22,0.05,2747.22,2609.86,0,320.76,2025,1,January,Sunday,2747.22,2609.8589999999995
2025-01-19,ORD039744,CUST00520,P020,Microwave,Home,Chennai,Online,Credit Card,1,10853.07,0.1,10853.07,9767.76,0,2535.26,2025,1,January,Sunday,10853.07,9767.763
2025-01-19,ORD033895,CUST01203,P014,Keyboard,Electronics,Bengaluru,Store,Credit Card,1,2450.88,0.05,2450.88,2328.34,0,639.15,2025,1,January,Sunday,2450.88,2328.336
2025-01-19,ORD045919,CUST00134,P014,Keyboard,Electronics,Hyderabad,Online,UPI,2,2477.85,0.25,4955.7,3716.77,0,475.85,2025,1,January,Sunday,4955.7,3716.7749999999996
2025-01-19,ORD017144,CUST00711,P003,Headphones,Electronics,Ahmedabad,Online,UPI,3,4820.81,0.15,14462.43,12293.07,0,833.42,2025,1,January,Sunday,14462.43,12293.0655
2025-01-19,ORD048944,CUST00135,P010,Coffee Maker,Home,Jaipur,Store,UPI,1,5718.15,0.1,5718.15,5146.34,0,1395.68,2025,1,January,Sunday,5718.15,5146.335
2025-01-19,ORD008500,CUST02328,P015,Dining Table,Furniture,Pune,Online,UPI,1,21553.26,0.1,21553.26,19397.93,0,3148.91,2025,1,January,Sunday,21553.26,19397.933999999997
2025-01-19,ORD026191,CUST01261,P008,Running Shoes,Fashion,Delhi,Store,Cash,1,4285.21,0.0,4285.21,4285.21,0,1169.07,2025,1,January,Sunday,4285.21,4285.21
2025-01-19,ORD047525,CUST01117,P010,Coffee Maker,Home,Jaipur,Online,UPI,1,5662.89,0.1,5662.89,5096.6,0,1376.97,2025,1,January,Sunday,5662.89,5096.601000000001
2025-01-19,ORD029216,CUST02113,P010,Coffee Maker,Home,Bengaluru,Online,Cash,1,5352.98,0.05,5352.98,5085.33,0,1044.1,2025,1,January,Sunday,5352.98,5085.330999999999
2025-01-20,ORD030691,CUST03334,P006,Desk,Furniture,Ahmedabad,Store,UPI,3,13161.48,0.15,39484.44,33561.77,0,1869.74,2025,1,January,Monday,39484.44,33561.774
2025-01-20,ORD029583,CUST01425,P002,Smartphone,Electronics,Pune,Online,Credit Card,4,25644.63,0.05,102578.52,97449.59,0,7698.92,2025,1,January,Monday,102578.52,97449.594
2025-01-20,ORD027910,CUST00393,P004,Smartwatch,Electronics,Kolkata,Online,UPI,1,7335.95,0.0,7335.95,7335.95,0,1985.73,2025,1,January,Monday,7335.95,7335.95
2025-01-20,ORD012524,CUST04750,P013,Monitor,Electronics,Pune,Store,UPI,1,18621.61,0.05,18621.61,17690.53,0,3994.98,2025,1,January,Monday,18621.61,17690.5295
2025-01-20,ORD031812,CUST00992,P014,Keyboard,Electronics,Chennai,Online,Net Banking,4,2544.69,0.0,10178.76,10178.76,0,980.92,2025,1,January,Monday,10178.76,10178.76
2025-01-20,ORD034922,CUST03395,P008,Running Shoes,Fashion,Ahmedabad,Online,Credit Card,1,4307.19,0.2,4307.19,3445.75,0,886.66,2025,1,January,Monday,4307.19,3445.752
2025-01-20,ORD031792,CUST01541,P014,Keyboard,Electronics,Mumbai,Online,Credit Card,1,2629.66,0.1,2629.66,2366.69,0,159.87,2025,1,January,Monday,2629.66,2366.694
2025-01-20,ORD033167,CUST03340,P012,Air Fryer,Home,Pune,Store,UPI,2,7555.58,0.1,15111.16,13600.04,0,816.06,2025,1,January,Monday,15111.16,13600.044
2025-01-20,ORD007638,CUST00249,P007,Backpack,Accessories,Surat,Online,Debit Card,1,2324.75,0.1,2324.75,2092.28,0,420.95,2025,1,January,Monday,2324.75,2092.275
2025-01-20,ORD009252,CUST02172,P010,Coffee Maker,Home,Surat,Store,Net Banking,1,6008.8,0.05,6008.8,5708.36,0,1256.85,2025,1,January,Monday,6008.8,5708.36
2025-01-20,ORD016790,CUST02707,P007,Backpack,Accessories,Hyderabad,Online,UPI,4,2188.77,0.1,8755.08,7879.57,0,1023.1,2025,1,January,Monday,8755.08,7879.572
2025-01-20,ORD049921,CUST04309,P002,Smartphone,Electronics,Chennai,Online,Credit Card,2,30074.38,0.0,60148.76,60148.76,0,15408.23,2025,1,January,Monday,60148.76,60148.76
2025-01-20,ORD008604,CUST00195,P017,Jeans,Fashion,Pune,Store,Net Banking,1,2732.23,0.05,2732.23,2595.62,0,484.81,2025,1,January,Monday,2732.23,2595.6185
2025-01-20,ORD021968,CUST04942,P018,Jacket,Fashion,Hyderabad,Online,Credit Card,1,4843.85,0.15,4843.85,4117.27,0,1019.6,2025,1,January,Monday,4843.85,4117.2725
2025-01-20,ORD008049,CUST04348,P012,Air Fryer,Home,Chennai,Store,UPI,2,6580.45,0.2,13160.9,10528.72,0,2173.75,2025,1,January,Monday,13160.9,10528.720000000001
2025-01-20,ORD002419,CUST02765,P004,Smartwatch,Electronics,Ahmedabad,Store,UPI,1,7146.01,0.15,7146.01,6074.11,1,-303.71,2025,1,January,Monday,7146.01,6074.1085
2025-01-20,ORD015410,CUST04387,P015,Dining Table,Furniture,Chennai,Online,UPI,2,20635.71,0.0,41271.42,41271.42,0,7863.36,2025,1,January,Monday,41271.42,41271.42
2025-01-20,ORD003277,CUST02733,P014,Keyboard,Electronics,Ahmedabad,Online,UPI,1,2585.54,0.15,2585.54,2197.71,0,529.09,2025,1,January,Monday,2585.54,2197.709
2025-01-20,ORD011514,CUST02887,P008,Running Shoes,Fashion,Mumbai,Online,UPI,2,4363.87,0.1,8727.74,7854.97,0,750.27,2025,1,January,Monday,8727.74,7854.966
2025-01-20,ORD013540,CUST03369,P010,Coffee Maker,Home,Pune,Online,UPI,4,5099.51,0.05,20398.04,19378.14,0,4254.8,2025,1,January,Monday,20398.04,19378.138
2025-01-20,ORD016340,CUST01658,P014,Keyboard,Electronics,Delhi,Online,Credit Card,1,2360.67,0.1,2360.67,2124.6,0,449.01,2025,1,January,Monday,2360.67,2124.603
2025-01-20,ORD025455,CUST03521,P006,Desk,Furniture,Chennai,Store,Debit Card,1,11323.39,0.1,11323.39,10191.05,0,2671.9,2025,1,January,Monday,11323.39,10191.051
2025-01-20,ORD028518,CUST04413,P004,Smartwatch,Electronics,Delhi,Store,Credit Card,5,6553.9,0.05,32769.5,31131.02,0,5028.95,2025,1,January,Monday,32769.5,31131.024999999998
2025-01-20,ORD030113,CUST02944,P008,Running Shoes,Fashion,Delhi,Online,Debit Card,5,4581.67,0.0,22908.35,22908.35,1,-1145.42,2025,1,January,Monday,22908.35,22908.35
2025-01-20,ORD033932,CUST01193,P010,Coffee Maker,Home,Chennai,Online,Net Banking,1,5932.77,0.2,5932.77,4746.22,0,1160.18,2025,1,January,Monday,5932.77,4746.216
2025-01-20,ORD008514,CUST01518,P003,Headphones,Electronics,Ahmedabad,Online,Credit Card,1,4570.9,0.1,4570.9,4113.81,0,630.28,2025,1,January,Monday,4570.9,4113.8099999999995
2025-01-20,ORD019377,CUST00242,P016,Sofa,Furniture,Pune,Online,Debit Card,1,38341.17,0.2,38341.17,30672.94,0,5147.49,2025,1,January,Monday,38341.17,30672.936
2025-01-20,ORD031197,CUST04130,P008,Running Shoes,Fashion,Hyderabad,Store,Credit Card,1,4156.27,0.05,4156.27,3948.46,0,411.95,2025,1,January,Monday,4156.27,3948.4565000000002
2025-01-20,ORD019530,CUST00472,P018,Jacket,Fashion,Jaipur,Online,Credit Card,5,5211.91,0.05,26059.55,24756.57,0,1860.12,2025,1,January,Monday,26059.55,24756.5725
2025-01-20,ORD047597,CUST03035,P018,Jacket,Fashion,Delhi,Online,UPI,1,5687.21,0.15,5687.21,4834.13,0,615.65,2025,1,January,Monday,5687.21,4834.1285
2025-01-20,ORD049004,CUST01491,P013,Monitor,Electronics,Bengaluru,Online,Credit Card,4,19645.93,0.1,78583.72,70725.35,1,-3536.27,2025,1,January,Monday,78583.72,70725.348
2025-01-20,ORD028474,CUST03393,P018,Jacket,Fashion,Jaipur,Store,UPI,1,4893.44,0.05,4893.44,4648.77,0,1051.5,2025,1,January,Monday,4893.44,4648.767999999999
2025-01-20,ORD007872,CUST04162,P008,Running Shoes,Fashion,Ahmedabad,Online,Credit Card,2,3995.54,0.05,7991.08,7591.53,0,1676.12,2025,1,January,Monday,7991.08,7591.526
2025-01-20,ORD026826,CUST02356,P006,Desk,Furniture,Pune,Store,Credit Card,3,11868.25,0.05,35604.75,33824.51,0,5294.83,2025,1,January,Monday,35604.75,33824.5125
2025-01-20,ORD046909,CUST00118,P015,Dining Table,Furniture,Jaipur,Online,Credit Card,1,19912.3,0.2,19912.3,15929.84,0,3347.39,2025,1,January,Monday,19912.3,15929.84
2025-01-20,ORD041315,CUST03961,P004,Smartwatch,Electronics,Hyderabad,Online,Cash,1,6643.67,0.15,6643.67,5647.12,0,837.64,2025,1,January,Monday,6643.67,5647.1195
2025-01-20,ORD031479,CUST01538,P004,Smartwatch,Electronics,Surat,Store,Net Banking,2,7160.87,0.0,14321.74,14321.74,0,2593.06,2025,1,January,Monday,14321.74,14321.74
2025-01-20,ORD047696,CUST02064,P005,Office Chair,Furniture,Mumbai,Online,UPI,1,9353.52,0.25,9353.52,7015.14,0,916.11,2025,1,January,Monday,9353.52,7015.14
2025-01-20,ORD000402,CUST01132,P017,Jeans,Fashion,Mumbai,Online,Net Banking,3,2684.68,0.25,8054.04,6040.53,0,1198.32,2025,1,January,Monday,8054.039999999999,6040.53
2025-01-20,ORD013165,CUST01322,P014,Keyboard,Electronics,Mumbai,Store,Credit Card,1,2413.67,0.0,2413.67,2413.67,0,396.86,2025,1,January,Monday,2413.67,2413.67
2025-01-20,ORD026571,CUST00150,P010,Coffee Maker,Home,Bengaluru,Online,Net Banking,5,5350.15,0.1,26750.75,24075.68,0,1690.87,2025,1,January,Monday,26750.75,24075.675
2025-01-20,ORD011846,CUST01039,P012,Air Fryer,Home,Hyderabad,Store,UPI,2,7261.08,0.05,14522.16,13796.05,0,2041.17,2025,1,January,Monday,14522.16,13796.052
2025-01-20,ORD028408,CUST04701,P006,Desk,Furniture,Surat,Online,UPI,1,11065.8,0.1,11065.8,9959.22,0,1712.96,2025,1,January,Monday,11065.8,9959.22
2025-01-20,ORD031737,CUST01001,P007,Backpack,Accessories,Chennai,Store,Credit Card,1,2221.52,0.05,2221.52,2110.44,0,575.98,2025,1,January,Monday,2221.52,2110.444
2025-01-20,ORD021623,CUST00037,P008,Running Shoes,Fashion,Chennai,Online,Cash,1,3833.88,0.2,3833.88,3067.1,1,-153.35,2025,1,January,Monday,3833.88,3067.1040000000003
2025-01-20,ORD001070,CUST01327,P017,Jeans,Fashion,Bengaluru,Online,Cash,1,2998.98,0.0,2998.98,2998.98,0,826.52,2025,1,January,Monday,2998.98,2998.98
2025-01-20,ORD012291,CUST04359,P005,Office Chair,Furniture,Pune,Online,Credit Card,1,8879.3,0.2,8879.3,7103.44,0,1238.51,2025,1,January,Monday,8879.3,7103.44
2025-01-20,ORD012397,CUST02614,P018,Jacket,Fashion,Delhi,Online,Debit Card,1,5349.44,0.15,5349.44,4547.02,0,1194.08,2025,1,January,Monday,5349.44,4547.023999999999
2025-01-20,ORD045666,CUST01929,P011,Mixer Grinder,Home,Chennai,Online,UPI,1,4595.36,0.2,4595.36,3676.29,0,323.06,2025,1,January,Monday,4595.36,3676.288
2025-01-20,ORD043245,CUST02320,P006,Desk,Furniture,Surat,Online,UPI,3,12004.61,0.1,36013.83,32412.45,0,8073.24,2025,1,January,Monday,36013.83,32412.447000000004
2025-01-20,ORD032756,CUST03799,P002,Smartphone,Electronics,Delhi,Online,Credit Card,1,30480.09,0.15,30480.09,25908.08,0,3647.73,2025,1,January,Monday,30480.09,25908.0765
2025-01-20,ORD009481,CUST04817,P012,Air Fryer,Home,Jaipur,Online,UPI,1,7709.09,0.0,7709.09,7709.09,0,674.57,2025,1,January,Monday,7709.09,7709.09
2025-01-20,ORD045606,CUST01453,P016,Sofa,Furniture,Chennai,Online,Credit Card,1,33136.68,0.15,33136.68,28166.18,0,5254.55,2025,1,January,Monday,33136.68,28166.178
2025-01-20,ORD017119,CUST02035,P008,Running Shoes,Fashion,Jaipur,Online,Credit Card,1,4075.36,0.0,4075.36,4075.36,0,454.67,2025,1,January,Monday,4075.36,4075.36
2025-01-20,ORD039131,CUST01711,P020,Microwave,Home,Ahmedabad,Store,UPI,1,12064.84,0.0,12064.84,12064.84,0,2562.51,2025,1,January,Monday,12064.84,12064.84
2025-01-20,ORD009281,CUST04282,P006,Desk,Furniture,Ahmedabad,Online,Credit Card,2,11374.32,0.0,22748.64,22748.64,0,2627.04,2025,1,January,Monday,22748.64,22748.64
2025-01-20,ORD014011,CUST02752,P014,Keyboard,Electronics,Bengaluru,Store,Debit Card,2,2380.91,0.1,4761.82,4285.64,0,1188.09,2025,1,January,Monday,4761.82,4285.638
2025-01-20,ORD038195,CUST01101,P006,Desk,Furniture,Hyderabad,Online,Debit Card,2,13144.27,0.1,26288.54,23659.69,0,4212.23,2025,1,January,Monday,26288.54,23659.686
2025-01-20,ORD032405,CUST02641,P015,Dining Table,Furniture,Mumbai,Store,Net Banking,1,20466.78,0.15,20466.78,17396.76,0,3699.35,2025,1,January,Monday,20466.78,17396.763
2025-01-20,ORD037999,CUST03342,P003,Headphones,Electronics,Chennai,Store,UPI,1,4500.8,0.1,4500.8,4050.72,0,349.05,2025,1,January,Monday,4500.8,4050.7200000000003
2025-01-20,ORD021433,CUST01401,P011,Mixer Grinder,Home,Kolkata,Online,Credit Card,1,5047.16,0.25,5047.16,3785.37,0,841.73,2025,1,January,Monday,5047.16,3785.37
2025-01-20,ORD024363,CUST04922,P019,Vacuum Cleaner,Home,Bengaluru,Online,Debit Card,4,8267.74,0.05,33070.96,31417.41,0,7935.73,2025,1,January,Monday,33070.96,31417.411999999997
2025-01-20,ORD001562,CUST04290,P003,Headphones,Electronics,Chennai,Online,Credit Card,2,4184.83,0.15,8369.66,7114.21,0,632.52,2025,1,January,Monday,8369.66,7114.210999999999
2025-01-20,ORD024547,CUST04525,P005,Office Chair,Furniture,Hyderabad,Store,Debit Card,1,9775.24,0.1,9775.24,8797.72,0,882.2,2025,1,January,Monday,9775.24,8797.716
2025-01-20,ORD039643,CUST00588,P003,Headphones,Electronics,Delhi,Online,Net Banking,1,4255.63,0.15,4255.63,3617.29,0,184.82,2025,1,January,Monday,4255.63,3617.2855
2025-01-20,ORD013361,CUST01931,P010,Coffee Maker,Home,Mumbai,Online,UPI,1,5082.8,0.0,5082.8,5082.8,0,597.06,2025,1,January,Monday,5082.8,5082.8
2025-01-20,ORD038290,CUST01779,P012,Air Fryer,Home,Delhi,Online,Net Banking,1,7547.46,0.0,7547.46,7547.46,0,2221.62,2025,1,January,Monday,7547.46,7547.46
2025-01-21,ORD000462,CUST04798,P018,Jacket,Fashion,Jaipur,Online,Net Banking,1,5386.33,0.25,5386.33,4039.75,0,361.65,2025,1,January,Tuesday,5386.33,4039.7475
2025-01-21,ORD025362,CUST00455,P013,Monitor,Electronics,Hyderabad,Online,Cash,1,18601.85,0.1,18601.85,16741.66,0,2821.81,2025,1,January,Tuesday,18601.85,16741.665
2025-01-21,ORD039427,CUST01995,P012,Air Fryer,Home,Mumbai,Online,UPI,2,7003.59,0.0,14007.18,14007.18,1,-700.36,2025,1,January,Tuesday,14007.18,14007.18
2025-01-21,ORD018633,CUST01433,P016,Sofa,Furniture,Jaipur,Store,Credit Card,1,34553.29,0.0,34553.29,34553.29,0,4892.21,2025,1,January,Tuesday,34553.29,34553.29
2025-01-21,ORD038621,CUST04597,P004,Smartwatch,Electronics,Surat,Online,Credit Card,1,6840.88,0.05,6840.88,6498.84,0,819.91,2025,1,January,Tuesday,6840.88,6498.836
2025-01-21,ORD031202,CUST00823,P006,Desk,Furniture,Delhi,Store,Credit Card,4,11051.69,0.05,44206.76,41996.42,0,9614.72,2025,1,January,Tuesday,44206.76,41996.422
2025-01-21,ORD008532,CUST04723,P003,Headphones,Electronics,Hyderabad,Store,UPI,1,4673.3,0.0,4673.3,4673.3,0,1103.55,2025,1,January,Tuesday,4673.3,4673.3
2025-01-21,ORD024044,CUST01624,P015,Dining Table,Furniture,Jaipur,Store,Debit Card,1,23851.93,0.25,23851.93,17888.95,0,715.56,2025,1,January,Tuesday,23851.93,17888.947500000002
2025-01-21,ORD047752,CUST04435,P004,Smartwatch,Electronics,Kolkata,Online,Credit Card,5,6645.28,0.1,33226.4,29903.76,0,3430.42,2025,1,January,Tuesday,33226.4,29903.760000000002
2025-01-21,ORD047759,CUST01042,P019,Vacuum Cleaner,Home,Pune,Online,Credit Card,1,8922.22,0.1,8922.22,8030.0,0,874.68,2025,1,January,Tuesday,8922.22,8029.998
2025-01-21,ORD027609,CUST03198,P004,Smartwatch,Electronics,Surat,Online,Credit Card,3,6885.98,0.05,20657.94,19625.04,0,2812.84,2025,1,January,Tuesday,20657.94,19625.042999999998
2025-01-21,ORD017686,CUST03691,P006,Desk,Furniture,Jaipur,Online,Credit Card,1,11018.23,0.25,11018.23,8263.67,0,349.35,2025,1,January,Tuesday,11018.23,8263.6725
2025-01-21,ORD049770,CUST01566,P002,Smartphone,Electronics,Hyderabad,Store,UPI,1,27719.59,0.1,27719.59,24947.63,0,5998.42,2025,1,January,Tuesday,27719.59,24947.631
2025-01-21,ORD015067,CUST03939,P011,Mixer Grinder,Home,Surat,Store,UPI,2,4661.49,0.05,9322.98,8856.83,0,1263.83,2025,1,January,Tuesday,9322.98,8856.830999999998
2025-01-21,ORD005031,CUST01442,P016,Sofa,Furniture,Ahmedabad,Online,UPI,4,35135.78,0.1,140543.12,126488.81,0,12099.35,2025,1,January,Tuesday,140543.12,126488.808
2025-01-21,ORD024336,CUST03573,P006,Desk,Furniture,Hyderabad,Online,Credit Card,1,11764.91,0.05,11764.91,11176.66,0,800.08,2025,1,January,Tuesday,11764.91,11176.664499999999
2025-01-21,ORD014321,CUST04826,P016,Sofa,Furniture,Kolkata,Store,Debit Card,5,37895.65,0.05,189478.25,180004.34,0,16857.57,2025,1,January,Tuesday,189478.25,180004.3375
2025-01-21,ORD044558,CUST02808,P005,Office Chair,Furniture,Mumbai,Store,UPI,1,10106.22,0.1,10106.22,9095.6,1,-454.78,2025,1,January,Tuesday,10106.22,9095.598
2025-01-21,ORD029231,CUST00871,P007,Backpack,Accessories,Bengaluru,Store,Credit Card,5,2265.02,0.1,11325.1,10192.59,0,2212.76,2025,1,January,Tuesday,11325.1,10192.59
2025-01-21,ORD025517,CUST01590,P004,Smartwatch,Electronics,Chennai,Online,Cash,4,7092.74,0.15,28370.96,24115.32,0,4257.14,2025,1,January,Tuesday,28370.96,24115.316
2025-01-21,ORD030831,CUST03291,P020,Microwave,Home,Ahmedabad,Store,Debit Card,3,10751.03,0.05,32253.09,30640.44,0,7659.7,2025,1,January,Tuesday,32253.090000000004,30640.4355
2025-01-21,ORD040770,CUST02981,P018,Jacket,Fashion,Ahmedabad,Online,Credit Card,1,5169.95,0.1,5169.95,4652.96,0,728.53,2025,1,January,Tuesday,5169.95,4652.955
2025-01-21,ORD035247,CUST01067,P019,Vacuum Cleaner,Home,Surat,Store,Credit Card,1,8801.41,0.1,8801.41,7921.27,0,1922.5,2025,1,January,Tuesday,8801.41,7921.269
2025-01-21,ORD037274,CUST01724,P003,Headphones,Electronics,Mumbai,Online,Credit Card,1,4921.01,0.15,4921.01,4182.86,0,639.47,2025,1,January,Tuesday,4921.01,4182.8585
2025-01-21,ORD018563,CUST02864,P013,Monitor,Electronics,Jaipur,Online,UPI,1,17489.7,0.15,17489.7,14866.24,0,3628.09,2025,1,January,Tuesday,17489.7,14866.245
2025-01-21,ORD022996,CUST00265,P006,Desk,Furniture,Ahmedabad,Online,UPI,1,12244.83,0.0,12244.83,12244.83,0,1239.91,2025,1,January,Tuesday,12244.83,12244.83
2025-01-21,ORD004808,CUST03438,P020,Microwave,Home,Bengaluru,Online,Credit Card,1,11571.18,0.0,11571.18,11571.18,0,1943.58,2025,1,January,Tuesday,11571.18,11571.18
2025-01-21,ORD011864,CUST02632,P004,Smartwatch,Electronics,Jaipur,Store,UPI,1,6466.59,0.25,6466.59,4849.94,1,-242.5,2025,1,January,Tuesday,6466.59,4849.9425
2025-01-21,ORD031443,CUST02280,P015,Dining Table,Furniture,Ahmedabad,Store,UPI,3,20000.21,0.1,60000.63,54000.57,0,5171.3,2025,1,January,Tuesday,60000.63,54000.566999999995
2025-01-21,ORD031832,CUST04116,P014,Keyboard,Electronics,Chennai,Store,Credit Card,1,2415.35,0.2,2415.35,1932.28,0,282.04,2025,1,January,Tuesday,2415.35,1932.28
2025-01-21,ORD016392,CUST00826,P011,Mixer Grinder,Home,Delhi,Online,UPI,2,4516.85,0.0,9033.7,9033.7,0,1798.92,2025,1,January,Tuesday,9033.7,9033.7
2025-01-21,ORD041439,CUST02686,P019,Vacuum Cleaner,Home,Surat,Online,Credit Card,5,8339.92,0.05,41699.6,39614.62,0,3828.75,2025,1,January,Tuesday,41699.6,39614.619999999995
2025-01-21,ORD022661,CUST00166,P006,Desk,Furniture,Mumbai,Online,Debit Card,2,11758.4,0.1,23516.8,21165.12,0,1319.95,2025,1,January,Tuesday,23516.8,21165.12
2025-01-21,ORD027878,CUST03547,P015,Dining Table,Furniture,Ahmedabad,Store,Credit Card,5,20941.81,0.05,104709.05,99473.6,0,16144.33,2025,1,January,Tuesday,104709.05,99473.5975
2025-01-21,ORD001389,CUST00394,P013,Monitor,Electronics,Mumbai,Online,Debit Card,2,17292.52,0.05,34585.04,32855.79,0,4444.58,2025,1,January,Tuesday,34585.04,32855.788
2025-01-21,ORD044286,CUST01008,P014,Keyboard,Electronics,Kolkata,Store,UPI,2,2540.48,0.15,5080.96,4318.82,0,998.39,2025,1,January,Tuesday,5080.96,4318.816
2025-01-21,ORD021580,CUST04967,P012,Air Fryer,Home,Delhi,Store,Credit Card,2,6637.1,0.15,13274.2,11283.07,0,2229.49,2025,1,January,Tuesday,13274.2,11283.07
2025-01-21,ORD000358,CUST00699,P006,Desk,Furniture,Ahmedabad,Store,Credit Card,5,11143.2,0.1,55716.0,50144.4,0,11809.06,2025,1,January,Tuesday,55716.0,50144.4
2025-01-21,ORD016800,CUST00295,P013,Monitor,Electronics,Ahmedabad,Store,Net Banking,4,18858.53,0.1,75434.12,67890.71,0,12619.5,2025,1,January,Tuesday,75434.12,67890.708
2025-01-21,ORD012201,CUST04416,P004,Smartwatch,Electronics,Chennai,Store,Credit Card,2,6383.1,0.2,12766.2,10212.96,0,1422.59,2025,1,January,Tuesday,12766.2,10212.960000000001
2025-01-21,ORD028797,CUST02055,P001,Laptop,Electronics,Ahmedabad,Online,Net Banking,2,67766.45,0.1,135532.9,121979.61,0,14955.84,2025,1,January,Tuesday,135532.9,121979.61
2025-01-21,ORD031269,CUST02623,P006,Desk,Furniture,Chennai,Online,Net Banking,2,11408.18,0.25,22816.36,17112.27,0,1147.23,2025,1,January,Tuesday,22816.36,17112.27
2025-01-21,ORD019560,CUST03416,P019,Vacuum Cleaner,Home,Surat,Online,Credit Card,2,8260.83,0.05,16521.66,15695.58,0,3122.96,2025,1,January,Tuesday,16521.66,15695.577
2025-01-21,ORD000745,CUST02135,P009,T-Shirt,Fashion,Mumbai,Online,Credit Card,1,1267.09,0.0,1267.09,1267.09,0,332.64,2025,1,January,Tuesday,1267.09,1267.09
2025-01-21,ORD043636,CUST01153,P008,Running Shoes,Fashion,Delhi,Online,Credit Card,1,3912.49,0.15,3912.49,3325.62,0,787.96,2025,1,January,Tuesday,3912.49,3325.6164999999996
2025-01-21,ORD038443,CUST01818,P008,Running Shoes,Fashion,Jaipur,Store,Debit Card,4,4204.07,0.0,16816.28,16816.28,0,2611.36,2025,1,January,Tuesday,16816.28,16816.28
2025-01-21,ORD033015,CUST04144,P007,Backpack,Accessories,Bengaluru,Store,Debit Card,1,2050.43,0.05,2050.43,1947.91,0,315.8,2025,1,January,Tuesday,2050.43,1947.9084999999998
2025-01-21,ORD030617,CUST02197,P002,Smartphone,Electronics,Ahmedabad,Online,Cash,1,25277.41,0.25,25277.41,18958.06,0,1515.36,2025,1,January,Tuesday,25277.41,18958.0575
2025-01-21,ORD023838,CUST02573,P018,Jacket,Fashion,Pune,Online,Credit Card,1,5582.67,0.05,5582.67,5303.54,0,760.27,2025,1,January,Tuesday,5582.67,5303.5365
2025-01-21,ORD000750,CUST02042,P005,Office Chair,Furniture,Jaipur,Store,UPI,2,8773.36,0.2,17546.72,14037.38,1,-701.87,2025,1,January,Tuesday,17546.72,14037.376000000002
2025-01-21,ORD034788,CUST01734,P017,Jeans,Fashion,Jaipur,Online,Credit Card,1,3069.53,0.1,3069.53,2762.58,0,554.0,2025,1,January,Tuesday,3069.53,2762.577
2025-01-21,ORD030958,CUST01182,P010,Coffee Maker,Home,Surat,Online,UPI,3,5341.67,0.05,16025.01,15223.76,0,1642.08,2025,1,January,Tuesday,16025.01,15223.7595
2025-01-21,ORD038350,CUST00252,P009,T-Shirt,Fashion,Delhi,Online,UPI,2,1283.38,0.1,2566.76,2310.08,0,634.0,2025,1,January,Tuesday,2566.76,2310.0840000000003
2025-01-21,ORD036537,CUST04478,P010,Coffee Maker,Home,Surat,Store,Credit Card,2,5709.52,0.1,11419.04,10277.14,1,-513.86,2025,1,January,Tuesday,11419.04,10277.136
2025-01-21,ORD045464,CUST01258,P020,Microwave,Home,Jaipur,Online,Credit Card,5,11589.52,0.1,57947.6,52152.84,0,10495.53,2025,1,January,Tuesday,57947.600000000006,52152.84
2025-01-21,ORD032291,CUST00574,P005,Office Chair,Furniture,Chennai,Store,Credit Card,2,8921.46,0.2,17842.92,14274.34,0,600.12,2025,1,January,Tuesday,17842.92,14274.336
2025-01-21,ORD049670,CUST00511,P004,Smartwatch,Electronics,Mumbai,Online,Credit Card,1,7248.83,0.1,7248.83,6523.95,0,538.83,2025,1,January,Tuesday,7248.83,6523.947
2025-01-21,ORD017318,CUST04568,P007,Backpack,Accessories,Chennai,Online,Credit Card,1,2151.75,0.0,2151.75,2151.75,0,473.38,2025,1,January,Tuesday,2151.75,2151.75
2025-01-21,ORD004638,CUST03413,P018,Jacket,Fashion,Delhi,Online,UPI,2,5476.64,0.2,10953.28,8762.62,0,804.8,2025,1,January,Tuesday,10953.28,8762.624000000002
2025-01-21,ORD020755,CUST01037,P018,Jacket,Fashion,Delhi,Online,UPI,1,5427.3,0.15,5427.3,4613.2,0,372.76,2025,1,January,Tuesday,5427.3,4613.205
2025-01-21,ORD009362,CUST02084,P020,Microwave,Home,Jaipur,Store,UPI,1,11094.23,0.1,11094.23,9984.81,0,639.77,2025,1,January,Tuesday,11094.23,9984.807
2025-01-21,ORD029569,CUST02572,P007,Backpack,Accessories,Kolkata,Online,Cash,4,2122.23,0.1,8488.92,7640.03,0,662.03,2025,1,January,Tuesday,8488.92,7640.028
2025-01-21,ORD020621,CUST00802,P007,Backpack,Accessories,Surat,Online,Credit Card,1,2129.28,0.05,2129.28,2022.82,0,238.17,2025,1,January,Tuesday,2129.28,2022.816
2025-01-21,ORD012047,CUST01353,P012,Air Fryer,Home,Mumbai,Store,UPI,2,6951.18,0.05,13902.36,13207.24,0,1531.27,2025,1,January,Tuesday,13902.36,13207.242
2025-01-21,ORD010408,CUST02731,P004,Smartwatch,Electronics,Surat,Online,Debit Card,1,7042.29,0.1,7042.29,6338.06,0,595.38,2025,1,January,Tuesday,7042.29,6338.061
2025-01-21,ORD033482,CUST01750,P001,Laptop,Electronics,Jaipur,Online,UPI,3,59366.32,0.05,178098.96,169194.01,0,39348.58,2025,1,January,Tuesday,178098.96,169194.012
2025-01-21,ORD005792,CUST00965,P007,Backpack,Accessories,Pune,Online,Credit Card,3,2391.6,0.0,7174.8,7174.8,0,1267.45,2025,1,January,Tuesday,7174.799999999999,7174.8
2025-01-21,ORD030544,CUST02906,P004,Smartwatch,Electronics,Chennai,Store,UPI,2,7023.84,0.2,14047.68,11238.14,0,2051.28,2025,1,January,Tuesday,14047.68,11238.144
2025-01-21,ORD046546,CUST02017,P020,Microwave,Home,Pune,Online,Credit Card,1,11713.29,0.05,11713.29,11127.63,0,2726.73,2025,1,January,Tuesday,11713.29,11127.6255
2025-01-21,ORD038603,CUST00865,P011,Mixer Grinder,Home,Pune,Store,UPI,2,5251.02,0.1,10502.04,9451.84,0,2048.41,2025,1,January,Tuesday,10502.04,9451.836000000001
2025-01-21,ORD008102,CUST03069,P010,Coffee Maker,Home,Jaipur,Online,Credit Card,2,5718.48,0.05,11436.96,10865.11,1,-543.26,2025,1,January,Tuesday,11436.96,10865.112
2025-01-21,ORD025180,CUST04080,P009,T-Shirt,Fashion,Pune,Online,UPI,4,1206.38,0.1,4825.52,4342.97,0,587.54,2025,1,January,Tuesday,4825.52,4342.968000000001
2025-01-21,ORD014492,CUST04597,P016,Sofa,Furniture,Bengaluru,Store,Debit Card,3,34855.46,0.0,104566.38,104566.38,0,22860.81,2025,1,January,Tuesday,104566.38,104566.38
2025-01-22,ORD013295,CUST00304,P018,Jacket,Fashion,Surat,Online,Debit Card,2,4840.27,0.1,9680.54,8712.49,0,1535.18,2025,1,January,Wednesday,9680.54,8712.486
2025-01-22,ORD024709,CUST00753,P007,Backpack,Accessories,Mumbai,Store,Credit Card,3,2341.77,0.1,7025.31,6322.78,0,464.32,2025,1,January,Wednesday,7025.3099999999995,6322.779
2025-01-22,ORD029895,CUST01253,P012,Air Fryer,Home,Bengaluru,Store,UPI,1,7753.37,0.2,7753.37,6202.7,1,-310.14,2025,1,January,Wednesday,7753.37,6202.696
2025-01-22,ORD022158,CUST04595,P010,Coffee Maker,Home,Bengaluru,Store,UPI,3,6047.59,0.05,18142.77,17235.63,0,4981.03,2025,1,January,Wednesday,18142.77,17235.6315
2025-01-22,ORD006426,CUST00778,P007,Backpack,Accessories,Jaipur,Online,Credit Card,1,2240.71,0.1,2240.71,2016.64,0,418.33,2025,1,January,Wednesday,2240.71,2016.6390000000001
2025-01-22,ORD017743,CUST00131,P002,Smartphone,Electronics,Kolkata,Online,Credit Card,3,26602.39,0.0,79807.17,79807.17,0,19804.06,2025,1,January,Wednesday,79807.17,79807.17
2025-01-22,ORD010742,CUST04315,P002,Smartphone,Electronics,Ahmedabad,Store,UPI,2,30227.76,0.0,60455.52,60455.52,1,-3022.78,2025,1,January,Wednesday,60455.52,60455.52
2025-01-22,ORD001735,CUST03482,P016,Sofa,Furniture,Pune,Online,Cash,1,33105.23,0.15,33105.23,28139.45,0,6250.8,2025,1,January,Wednesday,33105.23,28139.4455
2025-01-22,ORD047032,CUST00397,P013,Monitor,Electronics,Delhi,Online,Credit Card,1,16655.82,0.2,16655.82,13324.66,0,807.53,2025,1,January,Wednesday,16655.82,13324.656
2025-01-22,ORD021326,CUST02159,P019,Vacuum Cleaner,Home,Pune,Store,Credit Card,4,9386.67,0.05,37546.68,35669.35,0,7538.6,2025,1,January,Wednesday,37546.68,35669.346
2025-01-22,ORD047624,CUST04667,P001,Laptop,Electronics,Kolkata,Store,Credit Card,2,59299.67,0.1,118599.34,106739.41,0,15076.7,2025,1,January,Wednesday,118599.34,106739.406
2025-01-22,ORD036474,CUST01888,P003,Headphones,Electronics,Ahmedabad,Store,UPI,1,4807.92,0.0,4807.92,4807.92,1,-240.4,2025,1,January,Wednesday,4807.92,4807.92
2025-01-22,ORD011362,CUST04671,P016,Sofa,Furniture,Ahmedabad,Online,UPI,1,38317.01,0.15,38317.01,32569.46,0,4211.89,2025,1,January,Wednesday,38317.01,32569.4585
2025-01-22,ORD033823,CUST01917,P015,Dining Table,Furniture,Delhi,Online,UPI,3,20803.84,0.1,62411.52,56170.37,0,14920.41,2025,1,January,Wednesday,62411.520000000004,56170.367999999995
2025-01-22,ORD036702,CUST04212,P001,Laptop,Electronics,Surat,Online,Cash,2,67514.13,0.0,135028.26,135028.26,0,34800.93,2025,1,January,Wednesday,135028.26,135028.26
2025-01-22,ORD026823,CUST04607,P002,Smartphone,Electronics,Surat,Online,UPI,2,27523.12,0.15,55046.24,46789.3,0,10165.98,2025,1,January,Wednesday,55046.24,46789.304
2025-01-22,ORD019664,CUST02468,P001,Laptop,Electronics,Surat,Online,UPI,1,61741.41,0.15,61741.41,52480.2,0,12124.98,2025,1,January,Wednesday,61741.41,52480.1985
2025-01-22,ORD032381,CUST01746,P013,Monitor,Electronics,Hyderabad,Store,Credit Card,1,17336.97,0.05,17336.97,16470.12,0,2744.43,2025,1,January,Wednesday,17336.97,16470.1215
2025-01-22,ORD041334,CUST04992,P019,Vacuum Cleaner,Home,Jaipur,Store,Credit Card,1,8755.61,0.05,8755.61,8317.83,1,-415.89,2025,1,January,Wednesday,8755.61,8317.8295
2025-01-22,ORD006206,CUST02431,P019,Vacuum Cleaner,Home,Surat,Online,UPI,1,8880.14,0.15,8880.14,7548.12,0,519.23,2025,1,January,Wednesday,8880.14,7548.119
2025-01-22,ORD041331,CUST03572,P013,Monitor,Electronics,Jaipur,Online,Credit Card,1,19087.19,0.1,19087.19,17178.47,1,-858.92,2025,1,January,Wednesday,19087.19,17178.470999999998
2025-01-22,ORD024696,CUST03577,P005,Office Chair,Furniture,Kolkata,Store,Cash,1,9849.17,0.05,9849.17,9356.71,0,1827.99,2025,1,January,Wednesday,9849.17,9356.7115
2025-01-22,ORD033560,CUST04774,P013,Monitor,Electronics,Kolkata,Store,Cash,4,17839.22,0.0,71356.88,71356.88,0,19179.48,2025,1,January,Wednesday,71356.88,71356.88
2025-01-22,ORD023106,CUST03697,P017,Jeans,Fashion,Chennai,Online,UPI,5,2874.65,0.15,14373.25,12217.26,0,2553.24,2025,1,January,Wednesday,14373.25,12217.262499999999
2025-01-22,ORD007906,CUST03236,P019,Vacuum Cleaner,Home,Surat,Online,Credit Card,5,8503.56,0.1,42517.8,38266.02,0,10663.34,2025,1,January,Wednesday,42517.799999999996,38266.020000000004
2025-01-22,ORD032971,CUST00377,P005,Office Chair,Furniture,Delhi,Online,UPI,2,9220.98,0.05,18441.96,17519.86,0,4109.06,2025,1,January,Wednesday,18441.96,17519.861999999997
2025-01-22,ORD028960,CUST02814,P009,T-Shirt,Fashion,Mumbai,Online,Credit Card,2,1308.84,0.1,2617.68,2355.91,0,146.27,2025,1,January,Wednesday,2617.68,2355.912
2025-01-22,ORD033012,CUST01122,P012,Air Fryer,Home,Hyderabad,Online,Credit Card,2,7677.87,0.05,15355.74,14587.95,0,2015.65,2025,1,January,Wednesday,15355.74,14587.953
2025-01-22,ORD021000,CUST01359,P016,Sofa,Furniture,Hyderabad,Online,Net Banking,2,32161.98,0.1,64323.96,57891.56,0,10018.91,2025,1,January,Wednesday,64323.96,57891.564
2025-01-22,ORD018245,CUST04131,P004,Smartwatch,Electronics,Chennai,Online,Debit Card,1,6568.18,0.1,6568.18,5911.36,0,1551.01,2025,1,January,Wednesday,6568.18,5911.362
2025-01-22,ORD031912,CUST04006,P004,Smartwatch,Electronics,Chennai,Online,Debit Card,5,7296.7,0.1,36483.5,32835.15,0,3691.34,2025,1,January,Wednesday,36483.5,32835.15
2025-01-22,ORD019040,CUST01351,P001,Laptop,Electronics,Ahmedabad,Online,Net Banking,1,67347.06,0.1,67347.06,60612.35,0,16545.02,2025,1,January,Wednesday,67347.06,60612.354
2025-01-22,ORD028620,CUST02750,P017,Jeans,Fashion,Bengaluru,Online,Credit Card,2,2639.72,0.15,5279.44,4487.52,0,516.51,2025,1,January,Wednesday,5279.44,4487.523999999999
2025-01-22,ORD002549,CUST03250,P017,Jeans,Fashion,Delhi,Store,UPI,1,3023.08,0.2,3023.08,2418.46,0,299.97,2025,1,January,Wednesday,3023.08,2418.464
2025-01-22,ORD020726,CUST02136,P011,Mixer Grinder,Home,Jaipur,Store,UPI,1,4802.42,0.05,4802.42,4562.3,0,818.38,2025,1,January,Wednesday,4802.42,4562.299
2025-01-22,ORD003290,CUST00744,P012,Air Fryer,Home,Chennai,Online,Net Banking,4,7707.85,0.25,30831.4,23123.55,0,3740.06,2025,1,January,Wednesday,30831.4,23123.550000000003
2025-01-22,ORD045378,CUST01318,P020,Microwave,Home,Ahmedabad,Online,Credit Card,1,10356.33,0.15,10356.33,8802.88,0,806.52,2025,1,January,Wednesday,10356.33,8802.8805
2025-01-22,ORD049338,CUST04438,P014,Keyboard,Electronics,Chennai,Store,Debit Card,2,2629.74,0.1,5259.48,4733.53,0,929.1,2025,1,January,Wednesday,5259.48,4733.532
2025-01-22,ORD017324,CUST01807,P003,Headphones,Electronics,Surat,Online,UPI,1,4274.26,0.15,4274.26,3633.12,0,288.43,2025,1,January,Wednesday,4274.26,3633.121
2025-01-22,ORD023750,CUST01425,P008,Running Shoes,Fashion,Pune,Store,Net Banking,1,4583.12,0.2,4583.12,3666.5,0,864.66,2025,1,January,Wednesday,4583.12,3666.496
2025-01-22,ORD049130,CUST00456,P014,Keyboard,Electronics,Surat,Store,Debit Card,1,2587.36,0.0,2587.36,2587.36,0,439.57,2025,1,January,Wednesday,2587.36,2587.36
2025-01-22,ORD043568,CUST03566,P014,Keyboard,Electronics,Chennai,Online,UPI,1,2622.06,0.05,2622.06,2490.96,0,475.54,2025,1,January,Wednesday,2622.06,2490.957
2025-01-22,ORD025886,CUST03563,P011,Mixer Grinder,Home,Kolkata,Store,Credit Card,2,4579.79,0.15,9159.58,7785.64,1,-389.28,2025,1,January,Wednesday,9159.58,7785.643
2025-01-22,ORD006767,CUST04838,P009,T-Shirt,Fashion,Pune,Store,UPI,1,1107.73,0.1,1107.73,996.96,0,82.46,2025,1,January,Wednesday,1107.73,996.957
2025-01-22,ORD008311,CUST04001,P020,Microwave,Home,Kolkata,Online,Debit Card,3,11020.57,0.15,33061.71,28102.45,0,4326.21,2025,1,January,Wednesday,33061.71,28102.4535
2025-01-22,ORD009922,CUST00310,P015,Dining Table,Furniture,Bengaluru,Online,Credit Card,2,22351.3,0.1,44702.6,40232.34,0,2886.77,2025,1,January,Wednesday,44702.6,40232.34
2025-01-22,ORD006007,CUST00277,P012,Air Fryer,Home,Pune,Online,Debit Card,1,7691.7,0.1,7691.7,6922.53,0,855.69,2025,1,January,Wednesday,7691.7,6922.53
2025-01-22,ORD035217,CUST04358,P004,Smartwatch,Electronics,Pune,Store,Debit Card,1,6421.06,0.1,6421.06,5778.95,1,-288.95,2025,1,January,Wednesday,6421.06,5778.954000000001
2025-01-22,ORD031572,CUST00379,P020,Microwave,Home,Jaipur,Online,Debit Card,1,10956.34,0.05,10956.34,10408.52,0,2023.4,2025,1,January,Wednesday,10956.34,10408.523
2025-01-22,ORD027569,CUST02026,P018,Jacket,Fashion,Delhi,Store,Credit Card,1,5263.05,0.1,5263.05,4736.74,0,576.52,2025,1,January,Wednesday,5263.05,4736.745
2025-01-22,ORD006814,CUST01493,P014,Keyboard,Electronics,Hyderabad,Online,Debit Card,2,2427.88,0.05,4855.76,4612.97,0,505.07,2025,1,January,Wednesday,4855.76,4612.972
2025-01-22,ORD039885,CUST01132,P013,Monitor,Electronics,Ahmedabad,Online,UPI,1,17303.6,0.2,17303.6,13842.88,0,2623.45,2025,1,January,Wednesday,17303.6,13842.88
2025-01-22,ORD019938,CUST02388,P019,Vacuum Cleaner,Home,Bengaluru,Online,UPI,1,8940.88,0.15,8940.88,7599.75,0,986.63,2025,1,January,Wednesday,8940.88,7599.747999999999
2025-01-22,ORD015402,CUST00270,P001,Laptop,Electronics,Kolkata,Online,UPI,5,65848.13,0.05,329240.65,312778.62,0,61401.19,2025,1,January,Wednesday,329240.65,312778.6175
2025-01-22,ORD010323,CUST04537,P014,Keyboard,Electronics,Kolkata,Online,Credit Card,1,2406.19,0.1,2406.19,2165.57,0,158.96,2025,1,January,Wednesday,2406.19,2165.571
2025-01-22,ORD042892,CUST04155,P014,Keyboard,Electronics,Pune,Online,Debit Card,1,2266.05,0.0,2266.05,2266.05,0,538.07,2025,1,January,Wednesday,2266.05,2266.05
2025-01-22,ORD037053,CUST03652,P001,Laptop,Electronics,Jaipur,Online,UPI,1,59005.0,0.15,59005.0,50154.25,0,11361.08,2025,1,January,Wednesday,59005.0,50154.25
2025-01-22,ORD045696,CUST02849,P001,Laptop,Electronics,Bengaluru,Store,UPI,1,61666.39,0.0,61666.39,61666.39,0,14386.39,2025,1,January,Wednesday,61666.39,61666.39
2025-01-22,ORD049356,CUST03345,P008,Running Shoes,Fashion,Surat,Store,Credit Card,4,4155.59,0.15,16622.36,14129.01,0,3614.54,2025,1,January,Wednesday,16622.36,14129.006
2025-01-22,ORD006152,CUST01466,P011,Mixer Grinder,Home,Ahmedabad,Online,Net Banking,1,4403.83,0.05,4403.83,4183.64,0,353.67,2025,1,January,Wednesday,4403.83,4183.6385
2025-01-22,ORD022834,CUST00908,P018,Jacket,Fashion,Surat,Online,UPI,1,5491.96,0.2,5491.96,4393.57,0,419.42,2025,1,January,Wednesday,5491.96,4393.568
2025-01-22,ORD015042,CUST03425,P004,Smartwatch,Electronics,Ahmedabad,Store,Debit Card,1,6623.2,0.1,6623.2,5960.88,0,1534.14,2025,1,January,Wednesday,6623.2,5960.88
2025-01-22,ORD004700,CUST02828,P002,Smartphone,Electronics,Jaipur,Online,Credit Card,2,27906.07,0.15,55812.14,47440.32,0,9990.08,2025,1,January,Wednesday,55812.14,47440.318999999996
2025-01-23,ORD031300,CUST04624,P001,Laptop,Electronics,Kolkata,Store,UPI,1,65685.16,0.0,65685.16,65685.16,0,15595.63,2025,1,January,Thursday,65685.16,65685.16
2025-01-23,ORD016235,CUST04246,P016,Sofa,Furniture,Mumbai,Online,Credit Card,1,37971.74,0.05,37971.74,36073.15,0,6594.41,2025,1,January,Thursday,37971.74,36073.153
2025-01-23,ORD003196,CUST04354,P019,Vacuum Cleaner,Home,Mumbai,Online,Net Banking,2,9110.1,0.1,18220.2,16398.18,0,4504.2,2025,1,January,Thursday,18220.2,16398.18
2025-01-23,ORD021297,CUST00006,P009,T-Shirt,Fashion,Mumbai,Online,Net Banking,3,1297.46,0.15,3892.38,3308.52,0,472.27,2025,1,January,Thursday,3892.38,3308.523
2025-01-23,ORD022840,CUST00654,P008,Running Shoes,Fashion,Surat,Online,Net Banking,1,4257.43,0.0,4257.43,4257.43,1,-212.87,2025,1,January,Thursday,4257.43,4257.43
2025-01-23,ORD035343,CUST04466,P013,Monitor,Electronics,Surat,Store,UPI,2,16661.81,0.0,33323.62,33323.62,0,5534.19,2025,1,January,Thursday,33323.62,33323.62
2025-01-23,ORD016277,CUST03005,P010,Coffee Maker,Home,Hyderabad,Online,Credit Card,2,5628.63,0.25,11257.26,8442.94,0,776.67,2025,1,January,Thursday,11257.26,8442.945
2025-01-23,ORD019095,CUST03916,P003,Headphones,Electronics,Hyderabad,Online,UPI,1,4265.11,0.2,4265.11,3412.09,0,446.96,2025,1,January,Thursday,4265.11,3412.0879999999997
2025-01-23,ORD022982,CUST01786,P016,Sofa,Furniture,Surat,Online,UPI,1,34708.55,0.05,34708.55,32973.12,0,8676.98,2025,1,January,Thursday,34708.55,32973.1225
2025-01-23,ORD010790,CUST01704,P001,Laptop,Electronics,Chennai,Store,UPI,2,65059.47,0.2,130118.94,104095.15,0,13771.09,2025,1,January,Thursday,130118.94,104095.152
2025-01-23,ORD025976,CUST04790,P010,Coffee Maker,Home,Ahmedabad,Online,UPI,5,5793.15,0.0,28965.75,28965.75,0,6354.78,2025,1,January,Thursday,28965.75,28965.75
2025-01-23,ORD025476,CUST02427,P011,Mixer Grinder,Home,Delhi,Online,Credit Card,2,5025.78,0.15,10051.56,8543.83,0,2144.17,2025,1,January,Thursday,10051.56,8543.826
2025-01-23,ORD017921,CUST04700,P019,Vacuum Cleaner,Home,Delhi,Store,UPI,1,9197.77,0.0,9197.77,9197.77,0,2654.77,2025,1,January,Thursday,9197.77,9197.77
2025-01-23,ORD012960,CUST04739,P009,T-Shirt,Fashion,Delhi,Store,Credit Card,2,1178.77,0.1,2357.54,2121.79,0,227.28,2025,1,January,Thursday,2357.54,2121.786
2025-01-23,ORD020993,CUST04663,P009,T-Shirt,Fashion,Surat,Online,UPI,3,1086.32,0.05,3258.96,3096.01,0,649.38,2025,1,January,Thursday,3258.96,3096.0119999999997
2025-01-23,ORD039015,CUST01961,P020,Microwave,Home,Pune,Online,Debit Card,1,11581.91,0.1,11581.91,10423.72,0,2733.16,2025,1,January,Thursday,11581.91,10423.719000000001
2025-01-23,ORD047261,CUST03407,P004,Smartwatch,Electronics,Jaipur,Store,Debit Card,1,7694.65,0.1,7694.65,6925.18,0,1434.8,2025,1,January,Thursday,7694.65,6925.1849999999995
2025-01-23,ORD044433,CUST03666,P008,Running Shoes,Fashion,Mumbai,Store,UPI,4,4183.74,0.0,16734.96,16734.96,0,2070.49,2025,1,January,Thursday,16734.96,16734.96
2025-01-23,ORD003120,CUST03812,P017,Jeans,Fashion,Delhi,Online,Debit Card,1,2610.18,0.05,2610.18,2479.67,0,569.07,2025,1,January,Thursday,2610.18,2479.671
2025-01-23,ORD002367,CUST03865,P015,Dining Table,Furniture,Bengaluru,Store,Cash,1,23582.0,0.05,23582.0,22402.9,0,1862.56,2025,1,January,Thursday,23582.0,22402.899999999998
2025-01-23,ORD048567,CUST00157,P004,Smartwatch,Electronics,Delhi,Online,Credit Card,1,6558.31,0.05,6558.31,6230.39,0,1264.47,2025,1,January,Thursday,6558.31,6230.3945
2025-01-23,ORD000558,CUST03719,P013,Monitor,Electronics,Surat,Online,UPI,1,18452.34,0.15,18452.34,15684.49,0,3343.47,2025,1,January,Thursday,18452.34,15684.489
2025-01-23,ORD006689,CUST02400,P012,Air Fryer,Home,Bengaluru,Online,UPI,1,7745.9,0.1,7745.9,6971.31,0,525.7,2025,1,January,Thursday,7745.9,6971.3099999999995
2025-01-23,ORD044343,CUST01779,P019,Vacuum Cleaner,Home,Delhi,Store,Net Banking,2,8983.88,0.2,17967.76,14374.21,0,3165.28,2025,1,January,Thursday,17967.76,14374.207999999999
2025-01-23,ORD038970,CUST04743,P012,Air Fryer,Home,Bengaluru,Online,Debit Card,1,6539.73,0.05,6539.73,6212.74,0,1774.29,2025,1,January,Thursday,6539.73,6212.7435
2025-01-23,ORD019489,CUST03697,P004,Smartwatch,Electronics,Delhi,Online,UPI,3,7528.81,0.05,22586.43,21457.11,0,6203.48,2025,1,January,Thursday,22586.43,21457.1085
2025-01-23,ORD044166,CUST01574,P007,Backpack,Accessories,Pune,Store,UPI,1,2322.01,0.1,2322.01,2089.81,0,158.84,2025,1,January,Thursday,2322.01,2089.809
2025-01-23,ORD027192,CUST04807,P019,Vacuum Cleaner,Home,Hyderabad,Online,Net Banking,1,9773.7,0.15,9773.7,8307.64,0,991.53,2025,1,January,Thursday,9773.7,8307.645
2025-01-23,ORD008220,CUST00844,P018,Jacket,Fashion,Surat,Online,UPI,1,5695.17,0.1,5695.17,5125.65,0,587.5,2025,1,January,Thursday,5695.17,5125.653
2025-01-23,ORD007267,CUST03413,P001,Laptop,Electronics,Hyderabad,Store,UPI,1,59170.29,0.15,59170.29,50294.75,0,5293.49,2025,1,January,Thursday,59170.29,50294.7465
2025-01-23,ORD026428,CUST03077,P019,Vacuum Cleaner,Home,Mumbai,Online,Credit Card,2,9171.37,0.05,18342.74,17425.6,0,4083.1,2025,1,January,Thursday,18342.74,17425.603
2025-01-23,ORD015024,CUST01142,P019,Vacuum Cleaner,Home,Surat,Online,UPI,3,9399.74,0.05,28199.22,26789.26,0,3024.62,2025,1,January,Thursday,28199.22,26789.259
2025-01-23,ORD021991,CUST03228,P014,Keyboard,Electronics,Bengaluru,Store,UPI,2,2445.81,0.1,4891.62,4402.46,0,448.54,2025,1,January,Thursday,4891.62,4402.458
2025-01-23,ORD040728,CUST04376,P005,Office Chair,Furniture,Pune,Online,Debit Card,1,9384.92,0.05,9384.92,8915.67,0,1471.46,2025,1,January,Thursday,9384.92,8915.673999999999
2025-01-23,ORD024748,CUST04648,P015,Dining Table,Furniture,Bengaluru,Store,UPI,1,21615.84,0.05,21615.84,20535.05,0,2652.57,2025,1,January,Thursday,21615.84,20535.048
2025-01-23,ORD028942,CUST04771,P001,Laptop,Electronics,Jaipur,Online,Debit Card,1,64261.45,0.0,64261.45,64261.45,0,16353.28,2025,1,January,Thursday,64261.45,64261.45
2025-01-23,ORD038106,CUST03815,P010,Coffee Maker,Home,Delhi,Online,Debit Card,5,5015.03,0.15,25075.15,21313.88,0,1474.31,2025,1,January,Thursday,25075.149999999998,21313.877500000002
2025-01-23,ORD007649,CUST03636,P013,Monitor,Electronics,Jaipur,Store,Credit Card,2,19582.14,0.25,39164.28,29373.21,0,3305.89,2025,1,January,Thursday,39164.28,29373.21
2025-01-23,ORD033233,CUST00099,P015,Dining Table,Furniture,Hyderabad,Online,UPI,1,23727.6,0.1,23727.6,21354.84,0,5450.16,2025,1,January,Thursday,23727.6,21354.84
2025-01-23,ORD023180,CUST01402,P013,Monitor,Electronics,Bengaluru,Store,UPI,1,16875.7,0.1,16875.7,15188.13,0,1709.23,2025,1,January,Thursday,16875.7,15188.130000000001
2025-01-23,ORD020267,CUST02658,P008,Running Shoes,Fashion,Bengaluru,Online,Credit Card,1,4061.06,0.15,4061.06,3451.9,0,317.95,2025,1,January,Thursday,4061.06,3451.901
2025-01-23,ORD046584,CUST00064,P014,Keyboard,Electronics,Kolkata,Store,Credit Card,1,2309.26,0.05,2309.26,2193.8,0,526.95,2025,1,January,Thursday,2309.26,2193.797
2025-01-23,ORD015296,CUST03824,P002,Smartphone,Electronics,Mumbai,Store,Credit Card,3,28772.78,0.15,86318.34,73370.59,0,18321.68,2025,1,January,Thursday,86318.34,73370.58899999999
2025-01-23,ORD039724,CUST03195,P017,Jeans,Fashion,Jaipur,Online,UPI,1,2825.71,0.0,2825.71,2825.71,0,709.03,2025,1,January,Thursday,2825.71,2825.71
2025-01-23,ORD018768,CUST01064,P017,Jeans,Fashion,Jaipur,Store,Credit Card,2,3058.87,0.1,6117.74,5505.97,1,-275.3,2025,1,January,Thursday,6117.74,5505.966
2025-01-23,ORD016772,CUST03506,P011,Mixer Grinder,Home,Kolkata,Online,Net Banking,2,4644.48,0.05,9288.96,8824.51,0,889.03,2025,1,January,Thursday,9288.96,8824.511999999999
2025-01-23,ORD047831,CUST02573,P004,Smartwatch,Electronics,Hyderabad,Online,Debit Card,1,7298.91,0.1,7298.91,6569.02,0,620.35,2025,1,January,Thursday,7298.91,6569.019
2025-01-23,ORD035030,CUST02928,P001,Laptop,Electronics,Ahmedabad,Store,Debit Card,2,70113.36,0.05,140226.72,133215.38,0,36512.11,2025,1,January,Thursday,140226.72,133215.384
2025-01-23,ORD023269,CUST00775,P019,Vacuum Cleaner,Home,Chennai,Store,Credit Card,2,8999.18,0.1,17998.36,16198.52,0,1701.27,2025,1,January,Thursday,17998.36,16198.524000000001
2025-01-23,ORD030230,CUST01162,P015,Dining Table,Furniture,Chennai,Online,UPI,1,23587.48,0.05,23587.48,22408.11,0,1607.5,2025,1,January,Thursday,23587.48,22408.106
2025-01-23,ORD020502,CUST02256,P017,Jeans,Fashion,Pune,Store,Net Banking,3,3047.48,0.0,9142.44,9142.44,0,1412.53,2025,1,January,Thursday,9142.44,9142.44
2025-01-23,ORD001531,CUST03335,P007,Backpack,Accessories,Hyderabad,Store,UPI,2,2021.03,0.2,4042.06,3233.65,0,771.25,2025,1,January,Thursday,4042.06,3233.648
2025-01-23,ORD045572,CUST04355,P004,Smartwatch,Electronics,Ahmedabad,Online,Credit Card,4,7398.16,0.0,29592.64,29592.64,0,3068.73,2025,1,January,Thursday,29592.64,29592.64
2025-01-23,ORD046447,CUST01858,P007,Backpack,Accessories,Bengaluru,Store,Credit Card,4,2395.71,0.15,9582.84,8145.41,0,1266.96,2025,1,January,Thursday,9582.84,8145.414
2025-01-23,ORD023582,CUST04522,P016,Sofa,Furniture,Pune,Store,Credit Card,1,32430.88,0.2,32430.88,25944.7,0,4718.23,2025,1,January,Thursday,32430.88,25944.704
2025-01-23,ORD003794,CUST01209,P016,Sofa,Furniture,Mumbai,Store,Credit Card,2,34279.01,0.1,68558.02,61702.22,0,12038.29,2025,1,January,Thursday,68558.02,61702.21800000001
2025-01-23,ORD029783,CUST03132,P016,Sofa,Furniture,Ahmedabad,Store,UPI,1,31553.01,0.05,31553.01,29975.36,0,7191.32,2025,1,January,Thursday,31553.01,29975.3595
2025-01-23,ORD011355,CUST01640,P011,Mixer Grinder,Home,Ahmedabad,Store,UPI,1,4931.79,0.0,4931.79,4931.79,0,460.17,2025,1,January,Thursday,4931.79,4931.79
2025-01-23,ORD007297,CUST04220,P014,Keyboard,Electronics,Ahmedabad,Online,Debit Card,1,2531.3,0.1,2531.3,2278.17,0,561.59,2025,1,January,Thursday,2531.3,2278.17
2025-01-23,ORD005574,CUST00438,P018,Jacket,Fashion,Delhi,Online,UPI,1,5523.59,0.15,5523.59,4695.05,0,283.92,2025,1,January,Thursday,5523.59,4695.0515
2025-01-23,ORD007459,CUST02700,P018,Jacket,Fashion,Surat,Store,UPI,3,4850.37,0.0,14551.11,14551.11,0,4007.3,2025,1,January,Thursday,14551.11,14551.11
2025-01-23,ORD047967,CUST01479,P015,Dining Table,Furniture,Jaipur,Store,Credit Card,2,20430.0,0.25,40860.0,30645.0,0,1225.8,2025,1,January,Thursday,40860.0,30645.0
2025-01-23,ORD001611,CUST00425,P014,Keyboard,Electronics,Hyderabad,Online,Cash,2,2397.19,0.0,4794.38,4794.38,0,1360.45,2025,1,January,Thursday,4794.38,4794.38
2025-01-23,ORD009889,CUST02090,P006,Desk,Furniture,Pune,Store,UPI,4,12598.68,0.0,50394.72,50394.72,0,13222.29,2025,1,January,Thursday,50394.72,50394.72
2025-01-23,ORD030790,CUST00436,P003,Headphones,Electronics,Mumbai,Store,Credit Card,5,4241.85,0.1,21209.25,19088.32,0,3450.85,2025,1,January,Thursday,21209.25,19088.325
2025-01-24,ORD005957,CUST01406,P014,Keyboard,Electronics,Hyderabad,Store,UPI,5,2423.21,0.2,12116.05,9692.84,0,776.75,2025,1,January,Friday,12116.05,9692.84
2025-01-24,ORD047334,CUST02031,P011,Mixer Grinder,Home,Ahmedabad,Online,UPI,4,4595.22,0.15,18380.88,15623.75,0,3758.17,2025,1,January,Friday,18380.88,15623.748
2025-01-24,ORD028984,CUST03008,P015,Dining Table,Furniture,Jaipur,Store,Net Banking,1,22018.99,0.1,22018.99,19817.09,0,2231.97,2025,1,January,Friday,22018.99,19817.091
2025-01-24,ORD002509,CUST02728,P008,Running Shoes,Fashion,Jaipur,Online,UPI,4,4573.08,0.2,18292.32,14633.86,0,595.92,2025,1,January,Friday,18292.32,14633.856
2025-01-24,ORD037618,CUST02067,P014,Keyboard,Electronics,Ahmedabad,Store,Debit Card,1,2358.22,0.2,2358.22,1886.58,0,315.29,2025,1,January,Friday,2358.22,1886.576
2025-01-24,ORD027709,CUST04458,P009,T-Shirt,Fashion,Bengaluru,Online,Credit Card,1,1105.22,0.05,1105.22,1049.96,0,217.53,2025,1,January,Friday,1105.22,1049.959
2025-01-24,ORD039716,CUST00765,P011,Mixer Grinder,Home,Hyderabad,Store,Net Banking,1,5046.67,0.05,5046.67,4794.34,0,627.19,2025,1,January,Friday,5046.67,4794.336499999999
2025-01-24,ORD025559,CUST04714,P003,Headphones,Electronics,Hyderabad,Store,UPI,2,4539.81,0.1,9079.62,8171.66,0,1250.73,2025,1,January,Friday,9079.62,8171.658000000001
2025-01-24,ORD005963,CUST02512,P001,Laptop,Electronics,Delhi,Online,UPI,4,70175.53,0.0,280702.12,280702.12,0,54296.69,2025,1,January,Friday,280702.12,280702.12
2025-01-24,ORD011512,CUST02278,P014,Keyboard,Electronics,Delhi,Online,UPI,1,2676.51,0.1,2676.51,2408.86,0,245.1,2025,1,January,Friday,2676.51,2408.8590000000004
2025-01-24,ORD005800,CUST00211,P011,Mixer Grinder,Home,Chennai,Online,Debit Card,1,4534.77,0.25,4534.77,3401.08,0,828.32,2025,1,January,Friday,4534.77,3401.0775000000003
2025-01-24,ORD025397,CUST01491,P005,Office Chair,Furniture,Hyderabad,Store,Debit Card,2,8730.24,0.0,17460.48,17460.48,0,4818.58,2025,1,January,Friday,17460.48,17460.48
2025-01-24,ORD049193,CUST01124,P004,Smartwatch,Electronics,Hyderabad,Online,Debit Card,4,7669.72,0.25,30678.88,23009.16,0,1305.09,2025,1,January,Friday,30678.88,23009.16
2025-01-24,ORD025367,CUST00112,P015,Dining Table,Furniture,Hyderabad,Online,Debit Card,1,23652.52,0.05,23652.52,22469.89,0,4807.38,2025,1,January,Friday,23652.52,22469.894
2025-01-24,ORD017075,CUST00057,P015,Dining Table,Furniture,Hyderabad,Online,UPI,1,19869.23,0.05,19869.23,18875.77,0,2229.2,2025,1,January,Friday,19869.23,18875.7685
2025-01-24,ORD026389,CUST02571,P002,Smartphone,Electronics,Kolkata,Online,UPI,1,27015.15,0.15,27015.15,22962.88,0,1552.65,2025,1,January,Friday,27015.15,22962.877500000002
2025-01-24,ORD009382,CUST00413,P017,Jeans,Fashion,Mumbai,Store,UPI,5,2771.52,0.15,13857.6,11778.96,0,2342.39,2025,1,January,Friday,13857.6,11778.96
2025-01-24,ORD035691,CUST00232,P003,Headphones,Electronics,Ahmedabad,Store,UPI,1,4324.32,0.0,4324.32,4324.32,0,1148.5,2025,1,January,Friday,4324.32,4324.32
2025-01-24,ORD047460,CUST03782,P003,Headphones,Electronics,Bengaluru,Store,Credit Card,1,4510.33,0.2,4510.33,3608.26,0,479.79,2025,1,January,Friday,4510.33,3608.264
2025-01-24,ORD032156,CUST03531,P004,Smartwatch,Electronics,Bengaluru,Online,UPI,2,6693.23,0.0,13386.46,13386.46,0,3237.81,2025,1,January,Friday,13386.46,13386.46
2025-01-24,ORD022841,CUST00921,P010,Coffee Maker,Home,Chennai,Online,Debit Card,1,5779.4,0.1,5779.4,5201.46,0,1068.92,2025,1,January,Friday,5779.4,5201.46
2025-01-24,ORD021628,CUST03016,P014,Keyboard,Electronics,Surat,Online,Credit Card,1,2486.56,0.05,2486.56,2362.23,0,339.69,2025,1,January,Friday,2486.56,2362.232
2025-01-24,ORD033147,CUST04763,P017,Jeans,Fashion,Jaipur,Store,Debit Card,1,2989.52,0.05,2989.52,2840.04,0,458.87,2025,1,January,Friday,2989.52,2840.044
2025-01-24,ORD037880,CUST00719,P007,Backpack,Accessories,Hyderabad,Online,Credit Card,5,2081.95,0.0,10409.75,10409.75,0,2213.42,2025,1,January,Friday,10409.75,10409.75
2025-01-24,ORD017805,CUST00010,P019,Vacuum Cleaner,Home,Jaipur,Online,UPI,2,9201.25,0.0,18402.5,18402.5,0,5104.76,2025,1,January,Friday,18402.5,18402.5
2025-01-24,ORD034947,CUST00969,P019,Vacuum Cleaner,Home,Bengaluru,Online,UPI,1,9522.07,0.15,9522.07,8093.76,0,1453.22,2025,1,January,Friday,9522.07,8093.759499999999
2025-01-24,ORD003029,CUST02168,P011,Mixer Grinder,Home,Kolkata,Store,Net Banking,1,5264.91,0.1,5264.91,4738.42,0,938.14,2025,1,January,Friday,5264.91,4738.419
2025-01-24,ORD038928,CUST04336,P013,Monitor,Electronics,Pune,Store,Cash,1,19120.73,0.25,19120.73,14340.55,0,2399.36,2025,1,January,Friday,19120.73,14340.5475
2025-01-24,ORD045604,CUST04789,P006,Desk,Furniture,Ahmedabad,Online,Debit Card,1,12955.12,0.15,12955.12,11011.85,0,2953.9,2025,1,January,Friday,12955.12,11011.852
2025-01-24,ORD048096,CUST00788,P007,Backpack,Accessories,Surat,Store,UPI,1,2219.83,0.1,2219.83,1997.85,0,403.49,2025,1,January,Friday,2219.83,1997.847
2025-01-24,ORD025798,CUST00377,P005,Office Chair,Furniture,Bengaluru,Store,UPI,1,8567.68,0.15,8567.68,7282.53,0,532.57,2025,1,January,Friday,8567.68,7282.528
2025-01-24,ORD005611,CUST00747,P011,Mixer Grinder,Home,Surat,Online,Credit Card,4,5277.25,0.05,21109.0,20053.55,0,1793.21,2025,1,January,Friday,21109.0,20053.55
2025-01-24,ORD045782,CUST00349,P005,Office Chair,Furniture,Bengaluru,Online,UPI,5,10158.03,0.0,50790.15,50790.15,0,8493.19,2025,1,January,Friday,50790.15,50790.15
2025-01-24,ORD028730,CUST03787,P001,Laptop,Electronics,Bengaluru,Store,UPI,1,63793.3,0.0,63793.3,63793.3,0,15632.33,2025,1,January,Friday,63793.3,63793.3
2025-01-24,ORD023342,CUST03097,P020,Microwave,Home,Mumbai,Store,Credit Card,2,10560.43,0.15,21120.86,17952.73,1,-897.64,2025,1,January,Friday,21120.86,17952.731
2025-01-24,ORD029725,CUST00668,P015,Dining Table,Furniture,Kolkata,Store,UPI,1,22656.13,0.05,22656.13,21523.32,0,4878.37,2025,1,January,Friday,22656.13,21523.3235
2025-01-24,ORD023116,CUST02510,P004,Smartwatch,Electronics,Hyderabad,Store,UPI,1,6705.75,0.25,6705.75,5029.31,1,-251.47,2025,1,January,Friday,6705.75,5029.3125
2025-01-24,ORD041139,CUST04287,P001,Laptop,Electronics,Bengaluru,Store,Credit Card,1,65498.36,0.15,65498.36,55673.61,0,9328.13,2025,1,January,Friday,65498.36,55673.606
2025-01-24,ORD010806,CUST00316,P019,Vacuum Cleaner,Home,Bengaluru,Online,Cash,1,8900.43,0.05,8900.43,8455.41,0,1735.72,2025,1,January,Friday,8900.43,8455.4085
2025-01-24,ORD001712,CUST04453,P014,Keyboard,Electronics,Ahmedabad,Online,Debit Card,1,2475.14,0.1,2475.14,2227.63,0,363.69,2025,1,January,Friday,2475.14,2227.6259999999997
2025-01-24,ORD002111,CUST02545,P012,Air Fryer,Home,Pune,Store,UPI,3,6927.54,0.0,20782.62,20782.62,0,4278.35,2025,1,January,Friday,20782.62,20782.62
2025-01-24,ORD049384,CUST00698,P008,Running Shoes,Fashion,Hyderabad,Store,UPI,2,4157.19,0.1,8314.38,7482.94,0,1588.56,2025,1,January,Friday,8314.38,7482.941999999999
2025-01-24,ORD011186,CUST01249,P012,Air Fryer,Home,Bengaluru,Online,UPI,1,6537.68,0.05,6537.68,6210.8,0,531.49,2025,1,January,Friday,6537.68,6210.796
2025-01-24,ORD045728,CUST04892,P020,Microwave,Home,Jaipur,Online,Net Banking,2,10223.18,0.1,20446.36,18401.72,0,1743.07,2025,1,January,Friday,20446.36,18401.724000000002
2025-01-24,ORD036794,CUST04660,P007,Backpack,Accessories,Delhi,Online,Net Banking,1,2274.98,0.0,2274.98,2274.98,0,505.25,2025,1,January,Friday,2274.98,2274.98
2025-01-24,ORD046145,CUST01966,P016,Sofa,Furniture,Mumbai,Online,Net Banking,1,32092.75,0.0,32092.75,32092.75,0,4756.59,2025,1,January,Friday,32092.75,32092.75
2025-01-24,ORD008415,CUST01962,P010,Coffee Maker,Home,Delhi,Store,UPI,2,4980.51,0.1,9961.02,8964.92,1,-448.25,2025,1,January,Friday,9961.02,8964.918000000001
2025-01-24,ORD019301,CUST03119,P003,Headphones,Electronics,Ahmedabad,Online,Credit Card,3,4052.27,0.1,12156.81,10941.13,0,2786.56,2025,1,January,Friday,12156.81,10941.128999999999
2025-01-24,ORD031638,CUST04378,P012,Air Fryer,Home,Kolkata,Online,UPI,2,7795.55,0.1,15591.1,14031.99,0,3220.55,2025,1,January,Friday,15591.1,14031.99
2025-01-24,ORD019725,CUST04750,P004,Smartwatch,Electronics,Surat,Store,Cash,1,6351.22,0.05,6351.22,6033.66,0,1282.44,2025,1,January,Friday,6351.22,6033.659
2025-01-24,ORD006698,CUST03620,P006,Desk,Furniture,Pune,Online,Debit Card,4,10942.9,0.05,43771.6,41583.02,0,4208.74,2025,1,January,Friday,43771.6,41583.02
2025-01-24,ORD004025,CUST02416,P016,Sofa,Furniture,Pune,Online,Credit Card,3,34203.49,0.05,102610.47,97479.95,0,8619.64,2025,1,January,Friday,102610.47,97479.94649999999
2025-01-24,ORD024952,CUST03495,P017,Jeans,Fashion,Mumbai,Online,Credit Card,1,3043.77,0.0,3043.77,3043.77,0,803.14,2025,1,January,Friday,3043.77,3043.77
2025-01-24,ORD018637,CUST01918,P020,Microwave,Home,Chennai,Online,UPI,2,10474.82,0.05,20949.64,19902.16,0,2100.82,2025,1,January,Friday,20949.64,19902.158
2025-01-24,ORD048495,CUST03679,P012,Air Fryer,Home,Surat,Online,Debit Card,1,7809.18,0.15,7809.18,6637.8,0,1491.2,2025,1,January,Friday,7809.18,6637.803
2025-01-24,ORD001625,CUST02266,P006,Desk,Furniture,Mumbai,Store,UPI,2,10997.28,0.0,21994.56,21994.56,0,3813.04,2025,1,January,Friday,21994.56,21994.56
2025-01-24,ORD030337,CUST01872,P012,Air Fryer,Home,Surat,Store,Credit Card,3,7553.8,0.2,22661.4,18129.12,0,1698.73,2025,1,January,Friday,22661.4,18129.120000000003
2025-01-24,ORD017286,CUST02969,P007,Backpack,Accessories,Surat,Online,Credit Card,3,2130.06,0.0,6390.18,6390.18,0,1128.14,2025,1,January,Friday,6390.18,6390.18
2025-01-24,ORD037391,CUST01829,P017,Jeans,Fashion,Kolkata,Online,UPI,1,3047.27,0.05,3047.27,2894.91,0,654.89,2025,1,January,Friday,3047.27,2894.9065
2025-01-25,ORD035200,CUST02924,P011,Mixer Grinder,Home,Hyderabad,Store,Net Banking,1,5218.48,0.1,5218.48,4696.63,0,864.71,2025,1,January,Saturday,5218.48,4696.632
2025-01-25,ORD044236,CUST04768,P001,Laptop,Electronics,Jaipur,Online,UPI,3,70051.77,0.1,210155.31,189139.78,0,26966.65,2025,1,January,Saturday,210155.31,189139.779
2025-01-25,ORD044136,CUST01172,P003,Headphones,Electronics,Hyderabad,Store,UPI,1,4087.29,0.0,4087.29,4087.29,0,971.45,2025,1,January,Saturday,4087.29,4087.29
2025-01-25,ORD018330,CUST03320,P011,Mixer Grinder,Home,Bengaluru,Store,UPI,1,5189.2,0.15,5189.2,4410.82,0,526.49,2025,1,January,Saturday,5189.2,4410.82
2025-01-25,ORD000075,CUST01203,P002,Smartphone,Electronics,Kolkata,Store,UPI,1,28695.73,0.2,28695.73,22956.58,0,5664.84,2025,1,January,Saturday,28695.73,22956.584000000003
2025-01-25,ORD014564,CUST01578,P016,Sofa,Furniture,Ahmedabad,Online,UPI,2,34819.52,0.15,69639.04,59193.18,0,5029.73,2025,1,January,Saturday,69639.04,59193.183999999994
2025-01-25,ORD000958,CUST03445,P003,Headphones,Electronics,Pune,Store,Debit Card,4,4153.06,0.1,16612.24,14951.02,0,1577.14,2025,1,January,Saturday,16612.24,14951.016000000001
2025-01-25,ORD000569,CUST00270,P002,Smartphone,Electronics,Chennai,Online,Credit Card,1,30297.1,0.15,30297.1,25752.54,0,4860.53,2025,1,January,Saturday,30297.1,25752.535
2025-01-25,ORD047663,CUST04089,P012,Air Fryer,Home,Surat,Store,UPI,1,6823.76,0.15,6823.76,5800.2,0,839.18,2025,1,January,Saturday,6823.76,5800.196
2025-01-25,ORD002472,CUST03080,P009,T-Shirt,Fashion,Pune,Online,Credit Card,2,1084.25,0.1,2168.5,1951.65,0,184.12,2025,1,January,Saturday,2168.5,1951.65
2025-01-25,ORD034555,CUST03931,P002,Smartphone,Electronics,Pune,Online,UPI,1,26597.75,0.2,26597.75,21278.2,0,2643.11,2025,1,January,Saturday,26597.75,21278.2
2025-01-25,ORD023440,CUST00832,P015,Dining Table,Furniture,Mumbai,Store,UPI,1,22401.4,0.05,22401.4,21281.33,0,2403.23,2025,1,January,Saturday,22401.4,21281.33
2025-01-25,ORD035209,CUST02673,P009,T-Shirt,Fashion,Pune,Store,Credit Card,2,1134.32,0.05,2268.64,2155.21,0,284.23,2025,1,January,Saturday,2268.64,2155.2079999999996
2025-01-25,ORD009196,CUST04975,P004,Smartwatch,Electronics,Chennai,Online,Debit Card,2,6544.58,0.0,13089.16,13089.16,0,3663.27,2025,1,January,Saturday,13089.16,13089.16
2025-01-25,ORD034410,CUST01156,P011,Mixer Grinder,Home,Kolkata,Store,UPI,1,5203.73,0.05,5203.73,4943.54,0,878.43,2025,1,January,Saturday,5203.73,4943.5435
2025-01-25,ORD042923,CUST01935,P002,Smartphone,Electronics,Surat,Store,Credit Card,1,27425.97,0.05,27425.97,26054.67,0,5938.77,2025,1,January,Saturday,27425.97,26054.6715
2025-01-25,ORD006150,CUST01781,P018,Jacket,Fashion,Ahmedabad,Online,Credit Card,5,5172.1,0.0,25860.5,25860.5,0,6751.74,2025,1,January,Saturday,25860.5,25860.5
2025-01-25,ORD023215,CUST02302,P004,Smartwatch,Electronics,Mumbai,Store,Credit Card,3,7354.52,0.05,22063.56,20960.38,0,3223.09,2025,1,January,Saturday,22063.56,20960.382
2025-01-25,ORD043227,CUST00116,P010,Coffee Maker,Home,Chennai,Store,Cash,1,5102.63,0.05,5102.63,4847.5,0,863.71,2025,1,January,Saturday,5102.63,4847.4985
2025-01-25,ORD025829,CUST02524,P002,Smartphone,Electronics,Surat,Online,Credit Card,4,30307.09,0.1,121228.36,109105.52,0,11179.54,2025,1,January,Saturday,121228.36,109105.524
2025-01-25,ORD043916,CUST03574,P020,Microwave,Home,Mumbai,Online,Net Banking,2,12073.73,0.15,24147.46,20525.34,0,3071.67,2025,1,January,Saturday,24147.46,20525.341
2025-01-25,ORD021099,CUST00728,P008,Running Shoes,Fashion,Delhi,Store,UPI,2,3789.07,0.25,7578.14,5683.6,0,932.75,2025,1,January,Saturday,7578.14,5683.6050000000005
2025-01-25,ORD048446,CUST01411,P014,Keyboard,Electronics,Ahmedabad,Online,Credit Card,4,2393.08,0.25,9572.32,7179.24,0,510.17,2025,1,January,Saturday,9572.32,7179.24
2025-01-25,ORD036888,CUST02229,P011,Mixer Grinder,Home,Jaipur,Online,Credit Card,1,5097.82,0.15,5097.82,4333.15,0,668.66,2025,1,January,Saturday,5097.82,4333.147
2025-01-25,ORD029500,CUST02425,P008,Running Shoes,Fashion,Bengaluru,Store,Credit Card,1,3884.44,0.0,3884.44,3884.44,0,1031.15,2025,1,January,Saturday,3884.44,3884.44
2025-01-25,ORD005804,CUST01599,P008,Running Shoes,Fashion,Mumbai,Online,Credit Card,1,4553.14,0.1,4553.14,4097.83,0,970.97,2025,1,January,Saturday,4553.14,4097.826
2025-01-25,ORD015372,CUST00329,P003,Headphones,Electronics,Pune,Store,Credit Card,1,4098.83,0.1,4098.83,3688.95,0,412.18,2025,1,January,Saturday,4098.83,3688.947
2025-01-25,ORD039813,CUST01932,P014,Keyboard,Electronics,Hyderabad,Online,UPI,3,2504.21,0.1,7512.63,6761.37,0,1595.72,2025,1,January,Saturday,7512.63,6761.367
2025-01-25,ORD024404,CUST00625,P011,Mixer Grinder,Home,Chennai,Online,UPI,1,5214.21,0.0,5214.21,5214.21,0,1483.85,2025,1,January,Saturday,5214.21,5214.21
2025-01-25,ORD032401,CUST02689,P014,Keyboard,Electronics,Mumbai,Online,UPI,2,2519.0,0.2,5038.0,4030.4,0,439.17,2025,1,January,Saturday,5038.0,4030.4
2025-01-25,ORD013829,CUST04094,P004,Smartwatch,Electronics,Hyderabad,Online,Debit Card,1,7008.88,0.1,7008.88,6307.99,0,1280.89,2025,1,January,Saturday,7008.88,6307.992
2025-01-25,ORD049607,CUST03618,P012,Air Fryer,Home,Bengaluru,Online,Credit Card,1,6787.97,0.0,6787.97,6787.97,0,1837.17,2025,1,January,Saturday,6787.97,6787.97
2025-01-25,ORD019555,CUST03428,P003,Headphones,Electronics,Pune,Store,UPI,1,4590.41,0.0,4590.41,4590.41,0,911.06,2025,1,January,Saturday,4590.41,4590.41
2025-01-25,ORD022429,CUST00490,P003,Headphones,Electronics,Mumbai,Online,UPI,3,4224.23,0.15,12672.69,10771.79,0,2020.57,2025,1,January,Saturday,12672.689999999999,10771.7865
2025-01-25,ORD041513,CUST04692,P002,Smartphone,Electronics,Kolkata,Online,UPI,1,25725.19,0.05,25725.19,24438.93,0,5275.22,2025,1,January,Saturday,25725.19,24438.9305
2025-01-25,ORD004124,CUST01944,P015,Dining Table,Furniture,Delhi,Store,Cash,1,20223.59,0.05,20223.59,19212.41,0,5342.41,2025,1,January,Saturday,20223.59,19212.410499999998
2025-01-25,ORD009693,CUST02639,P001,Laptop,Electronics,Delhi,Online,UPI,1,64123.13,0.1,64123.13,57710.82,0,11354.78,2025,1,January,Saturday,64123.13,57710.816999999995
2025-01-25,ORD046994,CUST01499,P001,Laptop,Electronics,Chennai,Store,UPI,3,67192.67,0.1,201578.01,181420.21,0,25939.53,2025,1,January,Saturday,201578.01,181420.209
2025-01-25,ORD033680,CUST03838,P010,Coffee Maker,Home,Pune,Online,UPI,2,5001.19,0.0,10002.38,10002.38,0,2272.21,2025,1,January,Saturday,10002.38,10002.38
2025-01-25,ORD016611,CUST01026,P012,Air Fryer,Home,Jaipur,Store,Cash,1,7109.41,0.1,7109.41,6398.47,0,875.63,2025,1,January,Saturday,7109.41,6398.469
2025-01-25,ORD000730,CUST04093,P018,Jacket,Fashion,Delhi,Online,UPI,2,5610.66,0.05,11221.32,10660.25,0,1563.78,2025,1,January,Saturday,11221.32,10660.253999999999
2025-01-25,ORD014137,CUST04392,P020,Microwave,Home,Pune,Online,Credit Card,1,11195.68,0.25,11195.68,8396.76,0,927.8,2025,1,January,Saturday,11195.68,8396.76
2025-01-25,ORD024717,CUST04424,P017,Jeans,Fashion,Kolkata,Store,Credit Card,1,2543.69,0.15,2543.69,2162.14,0,525.59,2025,1,January,Saturday,2543.69,2162.1365
2025-01-25,ORD032888,CUST04504,P019,Vacuum Cleaner,Home,Surat,Online,UPI,5,9722.86,0.0,48614.3,48614.3,0,12021.16,2025,1,January,Saturday,48614.3,48614.3
2025-01-25,ORD024352,CUST01673,P003,Headphones,Electronics,Bengaluru,Online,Net Banking,1,4735.87,0.25,4735.87,3551.9,0,708.74,2025,1,January,Saturday,4735.87,3551.9025
2025-01-25,ORD017298,CUST00076,P012,Air Fryer,Home,Ahmedabad,Store,Net Banking,1,7850.78,0.05,7850.78,7458.24,0,2090.95,2025,1,January,Saturday,7850.78,7458.240999999999
2025-01-25,ORD009908,CUST03770,P008,Running Shoes,Fashion,Chennai,Store,UPI,1,4514.82,0.0,4514.82,4514.82,0,973.13,2025,1,January,Saturday,4514.82,4514.82
2025-01-25,ORD036227,CUST01790,P010,Coffee Maker,Home,Pune,Online,UPI,4,6008.07,0.1,24032.28,21629.05,0,1573.96,2025,1,January,Saturday,24032.28,21629.052
2025-01-25,ORD027319,CUST02682,P020,Microwave,Home,Kolkata,Online,Cash,1,12035.25,0.15,12035.25,10229.96,0,2299.36,2025,1,January,Saturday,12035.25,10229.9625
2025-01-25,ORD009237,CUST03477,P006,Desk,Furniture,Bengaluru,Online,Credit Card,2,11888.45,0.05,23776.9,22588.06,0,2547.1,2025,1,January,Saturday,23776.9,22588.055
2025-01-25,ORD019140,CUST01547,P016,Sofa,Furniture,Delhi,Store,Cash,3,34051.7,0.0,102155.1,102155.1,0,22465.91,2025,1,January,Saturday,102155.09999999999,102155.1
2025-01-25,ORD030043,CUST00732,P011,Mixer Grinder,Home,Mumbai,Store,Credit Card,1,4697.08,0.05,4697.08,4462.23,0,460.65,2025,1,January,Saturday,4697.08,4462.226
2025-01-25,ORD029269,CUST02889,P001,Laptop,Electronics,Jaipur,Online,UPI,3,69509.18,0.1,208527.54,187674.79,0,28121.71,2025,1,January,Saturday,208527.53999999998,187674.78600000002
2025-01-25,ORD016293,CUST00479,P010,Coffee Maker,Home,Pune,Online,Credit Card,1,5438.87,0.1,5438.87,4894.98,0,752.62,2025,1,January,Saturday,5438.87,4894.983
2025-01-25,ORD027619,CUST02353,P016,Sofa,Furniture,Kolkata,Store,UPI,1,31574.66,0.1,31574.66,28417.19,0,6984.81,2025,1,January,Saturday,31574.66,28417.194
2025-01-25,ORD034042,CUST02448,P018,Jacket,Fashion,Kolkata,Online,UPI,1,5437.03,0.1,5437.03,4893.33,0,794.63,2025,1,January,Saturday,5437.03,4893.327
2025-01-25,ORD000288,CUST03157,P009,T-Shirt,Fashion,Pune,Online,UPI,1,1205.4,0.05,1205.4,1145.13,0,325.31,2025,1,January,Saturday,1205.4,1145.13
2025-01-25,ORD046538,CUST01841,P008,Running Shoes,Fashion,Surat,Online,Credit Card,1,3842.3,0.1,3842.3,3458.07,0,255.16,2025,1,January,Saturday,3842.3,3458.07
2025-01-25,ORD022025,CUST00117,P019,Vacuum Cleaner,Home,Kolkata,Online,UPI,2,8968.12,0.1,17936.24,16142.62,0,3572.1,2025,1,January,Saturday,17936.24,16142.616000000002
2025-01-25,ORD024184,CUST03028,P020,Microwave,Home,Mumbai,Store,Credit Card,1,10329.78,0.1,10329.78,9296.8,0,1571.31,2025,1,January,Saturday,10329.78,9296.802000000001
2025-01-25,ORD033299,CUST01142,P017,Jeans,Fashion,Ahmedabad,Store,Cash,1,3052.08,0.05,3052.08,2899.48,0,644.67,2025,1,January,Saturday,3052.08,2899.4759999999997
2025-01-25,ORD019261,CUST04798,P020,Microwave,Home,Pune,Online,Cash,4,11797.79,0.0,47191.16,47191.16,0,11475.52,2025,1,January,Saturday,47191.16,47191.16
2025-01-25,ORD032511,CUST03151,P019,Vacuum Cleaner,Home,Jaipur,Store,UPI,4,9516.35,0.15,38065.4,32355.59,0,4682.03,2025,1,January,Saturday,38065.4,32355.59
2025-01-25,ORD005837,CUST00083,P018,Jacket,Fashion,Jaipur,Store,Credit Card,1,5300.01,0.15,5300.01,4505.01,0,782.09,2025,1,January,Saturday,5300.01,4505.0085
2025-01-25,ORD001510,CUST00102,P007,Backpack,Accessories,Jaipur,Online,UPI,2,2073.78,0.05,4147.56,3940.18,0,1126.22,2025,1,January,Saturday,4147.56,3940.1820000000002
2025-01-25,ORD015326,CUST01795,P008,Running Shoes,Fashion,Hyderabad,Store,Credit Card,1,4204.0,0.1,4204.0,3783.6,0,710.08,2025,1,January,Saturday,4204.0,3783.6
2025-01-25,ORD026692,CUST01595,P019,Vacuum Cleaner,Home,Chennai,Online,Net Banking,1,9227.29,0.1,9227.29,8304.56,0,863.4,2025,1,January,Saturday,9227.29,8304.561000000002
2025-01-25,ORD024251,CUST02843,P015,Dining Table,Furniture,Hyderabad,Online,Credit Card,1,22640.63,0.0,22640.63,22640.63,0,1830.76,2025,1,January,Saturday,22640.63,22640.63
2025-01-25,ORD041190,CUST04246,P014,Keyboard,Electronics,Surat,Online,Net Banking,1,2712.04,0.1,2712.04,2440.84,0,458.0,2025,1,January,Saturday,2712.04,2440.8360000000002
2025-01-25,ORD046669,CUST04842,P018,Jacket,Fashion,Surat,Store,UPI,1,4684.72,0.1,4684.72,4216.25,0,818.26,2025,1,January,Saturday,4684.72,4216.2480000000005
2025-01-25,ORD032089,CUST02419,P005,Office Chair,Furniture,Hyderabad,Online,Debit Card,1,8732.71,0.25,8732.71,6549.53,0,713.26,2025,1,January,Saturday,8732.71,6549.532499999999
2025-01-26,ORD010673,CUST02426,P004,Smartwatch,Electronics,Bengaluru,Store,Net Banking,1,6822.98,0.05,6822.98,6481.83,0,798.76,2025,1,January,Sunday,6822.98,6481.830999999999
2025-01-26,ORD015091,CUST03203,P013,Monitor,Electronics,Jaipur,Store,UPI,2,19135.96,0.05,38271.92,36358.32,1,-1817.92,2025,1,January,Sunday,38271.92,36358.32399999999
2025-01-26,ORD024266,CUST01686,P002,Smartphone,Electronics,Pune,Store,Credit Card,2,29710.62,0.0,59421.24,59421.24,0,8176.94,2025,1,January,Sunday,59421.24,59421.24
2025-01-26,ORD020522,CUST03559,P015,Dining Table,Furniture,Mumbai,Store,Cash,1,22526.94,0.2,22526.94,18021.55,0,2705.91,2025,1,January,Sunday,22526.94,18021.552
2025-01-26,ORD001491,CUST03827,P007,Backpack,Accessories,Surat,Store,Credit Card,3,2097.33,0.05,6291.99,5977.39,1,-298.87,2025,1,January,Sunday,6291.99,5977.3904999999995
2025-01-26,ORD029059,CUST03602,P007,Backpack,Accessories,Jaipur,Online,UPI,1,2023.74,0.05,2023.74,1922.55,0,262.09,2025,1,January,Sunday,2023.74,1922.5529999999999
2025-01-26,ORD038053,CUST00940,P016,Sofa,Furniture,Delhi,Online,UPI,1,37477.41,0.05,37477.41,35603.54,0,3292.3,2025,1,January,Sunday,37477.41,35603.5395
2025-01-26,ORD030273,CUST02263,P012,Air Fryer,Home,Chennai,Online,Debit Card,2,7488.31,0.05,14976.62,14227.79,0,1891.84,2025,1,January,Sunday,14976.62,14227.789
2025-01-26,ORD040005,CUST04991,P011,Mixer Grinder,Home,Chennai,Online,Cash,1,5025.34,0.0,5025.34,5025.34,0,615.32,2025,1,January,Sunday,5025.34,5025.34
2025-01-26,ORD002437,CUST04539,P001,Laptop,Electronics,Jaipur,Store,UPI,1,59917.3,0.05,59917.3,56921.44,0,5775.22,2025,1,January,Sunday,59917.3,56921.435
2025-01-26,ORD018634,CUST04838,P014,Keyboard,Electronics,Hyderabad,Store,Credit Card,2,2379.72,0.0,4759.44,4759.44,0,894.76,2025,1,January,Sunday,4759.44,4759.44
2025-01-26,ORD009665,CUST00688,P013,Monitor,Electronics,Surat,Store,UPI,1,16783.19,0.1,16783.19,15104.87,0,3557.21,2025,1,January,Sunday,16783.19,15104.871
2025-01-26,ORD012245,CUST02496,P014,Keyboard,Electronics,Bengaluru,Store,UPI,1,2331.72,0.1,2331.72,2098.55,0,230.37,2025,1,January,Sunday,2331.72,2098.548
2025-01-26,ORD038721,CUST03633,P009,T-Shirt,Fashion,Surat,Online,Credit Card,3,1226.96,0.2,3680.88,2944.7,0,122.83,2025,1,January,Sunday,3680.88,2944.704
2025-01-26,ORD025742,CUST03078,P016,Sofa,Furniture,Mumbai,Online,UPI,4,35113.12,0.25,140452.48,105339.36,0,12889.98,2025,1,January,Sunday,140452.48,105339.36000000002
2025-01-26,ORD026357,CUST01741,P007,Backpack,Accessories,Chennai,Online,Debit Card,4,2225.38,0.05,8901.52,8456.44,0,847.96,2025,1,January,Sunday,8901.52,8456.444
2025-01-26,ORD030374,CUST04459,P001,Laptop,Electronics,Delhi,Online,Credit Card,1,59077.16,0.1,59077.16,53169.44,0,14490.9,2025,1,January,Sunday,59077.16,53169.444
2025-01-26,ORD010018,CUST04506,P006,Desk,Furniture,Ahmedabad,Online,UPI,1,11377.44,0.1,11377.44,10239.7,0,2378.89,2025,1,January,Sunday,11377.44,10239.696
2025-01-26,ORD020995,CUST02451,P004,Smartwatch,Electronics,Pune,Store,Debit Card,2,6714.0,0.15,13428.0,11413.8,0,723.62,2025,1,January,Sunday,13428.0,11413.8
2025-01-26,ORD046119,CUST00491,P003,Headphones,Electronics,Hyderabad,Store,Debit Card,4,4081.07,0.15,16324.28,13875.64,0,1978.99,2025,1,January,Sunday,16324.28,13875.638
2025-01-26,ORD017027,CUST02721,P013,Monitor,Electronics,Pune,Online,Debit Card,1,17186.31,0.0,17186.31,17186.31,0,1549.11,2025,1,January,Sunday,17186.31,17186.31
2025-01-26,ORD039108,CUST03193,P004,Smartwatch,Electronics,Bengaluru,Online,UPI,1,6321.73,0.15,6321.73,5373.47,0,614.99,2025,1,January,Sunday,6321.73,5373.470499999999
2025-01-26,ORD043377,CUST04253,P013,Monitor,Electronics,Mumbai,Online,Net Banking,1,16811.46,0.2,16811.46,13449.17,0,2130.38,2025,1,January,Sunday,16811.46,13449.168
2025-01-26,ORD021277,CUST00094,P016,Sofa,Furniture,Pune,Online,UPI,1,37711.33,0.15,37711.33,32054.63,0,2385.82,2025,1,January,Sunday,37711.33,32054.6305
2025-01-26,ORD014453,CUST00669,P010,Coffee Maker,Home,Mumbai,Online,Debit Card,3,5097.28,0.15,15291.84,12998.06,0,823.24,2025,1,January,Sunday,15291.84,12998.064
2025-01-26,ORD001633,CUST02744,P007,Backpack,Accessories,Jaipur,Online,Credit Card,1,2404.02,0.0,2404.02,2404.02,1,-120.2,2025,1,January,Sunday,2404.02,2404.02
2025-01-26,ORD004582,CUST02270,P001,Laptop,Electronics,Chennai,Store,Credit Card,3,59090.33,0.0,177270.99,177270.99,0,31259.87,2025,1,January,Sunday,177270.99,177270.99
2025-01-26,ORD012140,CUST00853,P020,Microwave,Home,Ahmedabad,Online,Debit Card,1,11119.01,0.1,11119.01,10007.11,0,2312.86,2025,1,January,Sunday,11119.01,10007.109
2025-01-26,ORD027733,CUST03041,P002,Smartphone,Electronics,Jaipur,Online,UPI,1,29398.59,0.05,29398.59,27928.66,0,4727.08,2025,1,January,Sunday,29398.59,27928.660499999998
2025-01-26,ORD015931,CUST00217,P018,Jacket,Fashion,Chennai,Online,UPI,1,5713.91,0.05,5713.91,5428.21,0,456.03,2025,1,January,Sunday,5713.91,5428.2145
2025-01-26,ORD006432,CUST01912,P003,Headphones,Electronics,Mumbai,Online,UPI,2,4171.99,0.1,8343.98,7509.58,0,751.97,2025,1,January,Sunday,8343.98,7509.581999999999
2025-01-26,ORD013378,CUST04456,P004,Smartwatch,Electronics,Bengaluru,Store,UPI,4,7029.69,0.05,28118.76,26712.82,1,-1335.64,2025,1,January,Sunday,28118.76,26712.821999999996
2025-01-26,ORD001789,CUST03174,P009,T-Shirt,Fashion,Pune,Store,Credit Card,3,1134.65,0.2,3403.95,2723.16,0,313.55,2025,1,January,Sunday,3403.9500000000003,2723.16
2025-01-26,ORD038244,CUST00488,P008,Running Shoes,Fashion,Chennai,Store,UPI,1,4612.01,0.25,4612.01,3459.01,1,-172.95,2025,1,January,Sunday,4612.01,3459.0075
2025-01-26,ORD039665,CUST04667,P006,Desk,Furniture,Mumbai,Online,UPI,1,11789.87,0.1,11789.87,10610.88,0,2821.6,2025,1,January,Sunday,11789.87,10610.883000000002
2025-01-26,ORD004971,CUST02485,P001,Laptop,Electronics,Surat,Store,UPI,1,70472.56,0.1,70472.56,63425.3,0,4262.44,2025,1,January,Sunday,70472.56,63425.304
2025-01-26,ORD046681,CUST03293,P018,Jacket,Fashion,Mumbai,Online,Debit Card,1,5142.24,0.25,5142.24,3856.68,0,566.37,2025,1,January,Sunday,5142.24,3856.68
2025-01-26,ORD001975,CUST04010,P018,Jacket,Fashion,Jaipur,Online,Credit Card,1,5232.04,0.1,5232.04,4708.84,0,436.98,2025,1,January,Sunday,5232.04,4708.836
2025-01-26,ORD002248,CUST00320,P017,Jeans,Fashion,Pune,Store,Credit Card,1,2993.92,0.05,2993.92,2844.22,0,481.85,2025,1,January,Sunday,2993.92,2844.224
2025-01-26,ORD003539,CUST02951,P003,Headphones,Electronics,Jaipur,Online,UPI,5,4884.04,0.1,24420.2,21978.18,0,3245.09,2025,1,January,Sunday,24420.2,21978.18
2025-01-26,ORD030829,CUST03689,P001,Laptop,Electronics,Mumbai,Online,Credit Card,1,69900.39,0.0,69900.39,69900.39,0,16434.42,2025,1,January,Sunday,69900.39,69900.39
2025-01-26,ORD023896,CUST03110,P014,Keyboard,Electronics,Mumbai,Online,UPI,1,2612.26,0.0,2612.26,2612.26,0,217.64,2025,1,January,Sunday,2612.26,2612.26
2025-01-26,ORD002485,CUST04342,P018,Jacket,Fashion,Hyderabad,Store,UPI,1,5190.88,0.15,5190.88,4412.25,1,-220.61,2025,1,January,Sunday,5190.88,4412.248
2025-01-26,ORD017846,CUST02479,P012,Air Fryer,Home,Surat,Online,Credit Card,1,7167.52,0.1,7167.52,6450.77,0,1758.48,2025,1,January,Sunday,7167.52,6450.768000000001
2025-01-26,ORD036322,CUST04405,P011,Mixer Grinder,Home,Hyderabad,Store,UPI,1,5157.25,0.1,5157.25,4641.53,0,1018.9,2025,1,January,Sunday,5157.25,4641.525000000001
2025-01-26,ORD033843,CUST01022,P017,Jeans,Fashion,Ahmedabad,Online,Credit Card,1,2911.82,0.1,2911.82,2620.64,1,-131.03,2025,1,January,Sunday,2911.82,2620.6380000000004
2025-01-26,ORD002280,CUST04528,P003,Headphones,Electronics,Mumbai,Online,UPI,1,4275.12,0.05,4275.12,4061.36,0,638.67,2025,1,January,Sunday,4275.12,4061.3639999999996
2025-01-26,ORD006194,CUST02288,P009,T-Shirt,Fashion,Surat,Store,UPI,1,1229.81,0.05,1229.81,1168.32,0,263.09,2025,1,January,Sunday,1229.81,1168.3194999999998
2025-01-26,ORD014394,CUST04709,P001,Laptop,Electronics,Pune,Store,Debit Card,1,69084.53,0.05,69084.53,65630.3,0,9407.59,2025,1,January,Sunday,69084.53,65630.3035
2025-01-26,ORD044530,CUST02646,P004,Smartwatch,Electronics,Surat,Store,Cash,2,6905.8,0.1,13811.6,12430.44,0,804.96,2025,1,January,Sunday,13811.6,12430.44
2025-01-26,ORD031147,CUST01704,P012,Air Fryer,Home,Chennai,Online,Credit Card,1,7455.05,0.05,7455.05,7082.3,0,1232.24,2025,1,January,Sunday,7455.05,7082.2975
2025-01-26,ORD049850,CUST03694,P002,Smartphone,Electronics,Chennai,Store,Cash,1,26218.22,0.15,26218.22,22285.49,0,5167.58,2025,1,January,Sunday,26218.22,22285.487
2025-01-26,ORD044485,CUST04069,P020,Microwave,Home,Ahmedabad,Online,UPI,5,9965.6,0.1,49828.0,44845.2,0,6515.2,2025,1,January,Sunday,49828.0,44845.200000000004
2025-01-26,ORD014194,CUST03542,P013,Monitor,Electronics,Mumbai,Online,Debit Card,4,16889.36,0.0,67557.44,67557.44,0,12285.86,2025,1,January,Sunday,67557.44,67557.44
2025-01-26,ORD006163,CUST02718,P002,Smartphone,Electronics,Bengaluru,Store,Net Banking,1,29240.53,0.1,29240.53,26316.48,0,3512.5,2025,1,January,Sunday,29240.53,26316.477
2025-01-26,ORD003371,CUST02305,P019,Vacuum Cleaner,Home,Kolkata,Store,UPI,2,8968.56,0.0,17937.12,17937.12,0,2335.48,2025,1,January,Sunday,17937.12,17937.12
2025-01-26,ORD036032,CUST04799,P009,T-Shirt,Fashion,Ahmedabad,Store,Net Banking,4,1151.09,0.15,4604.36,3913.71,0,911.52,2025,1,January,Sunday,4604.36,3913.7059999999997
2025-01-26,ORD010435,CUST00683,P018,Jacket,Fashion,Jaipur,Online,Net Banking,1,5084.74,0.0,5084.74,5084.74,0,473.31,2025,1,January,Sunday,5084.74,5084.74
2025-01-26,ORD036019,CUST01677,P014,Keyboard,Electronics,Hyderabad,Store,Net Banking,2,2289.18,0.15,4578.36,3891.61,0,487.12,2025,1,January,Sunday,4578.36,3891.6059999999998
2025-01-26,ORD027872,CUST01795,P011,Mixer Grinder,Home,Pune,Online,Credit Card,1,4919.61,0.05,4919.61,4673.63,0,1134.28,2025,1,January,Sunday,4919.61,4673.629499999999
2025-01-26,ORD002365,CUST03782,P018,Jacket,Fashion,Pune,Store,Credit Card,1,5595.9,0.1,5595.9,5036.31,0,1215.38,2025,1,January,Sunday,5595.9,5036.3099999999995
2025-01-26,ORD028624,CUST01172,P011,Mixer Grinder,Home,Hyderabad,Store,Credit Card,2,4327.56,0.0,8655.12,8655.12,0,1027.62,2025,1,January,Sunday,8655.12,8655.12
2025-01-26,ORD008469,CUST04179,P017,Jeans,Fashion,Surat,Store,Credit Card,1,2893.26,0.15,2893.26,2459.27,0,323.01,2025,1,January,Sunday,2893.26,2459.271
2025-01-26,ORD008989,CUST02295,P002,Smartphone,Electronics,Pune,Online,Cash,1,30184.03,0.1,30184.03,27165.63,0,3696.2,2025,1,January,Sunday,30184.03,27165.627
2025-01-26,ORD045381,CUST04491,P020,Microwave,Home,Kolkata,Online,UPI,1,10520.81,0.05,10520.81,9994.77,0,1548.35,2025,1,January,Sunday,10520.81,9994.769499999999
2025-01-26,ORD018901,CUST02648,P009,T-Shirt,Fashion,Pune,Online,UPI,1,1248.5,0.1,1248.5,1123.65,0,149.25,2025,1,January,Sunday,1248.5,1123.65
2025-01-26,ORD044779,CUST04640,P019,Vacuum Cleaner,Home,Bengaluru,Online,Credit Card,2,8337.54,0.1,16675.08,15007.57,0,2697.22,2025,1,January,Sunday,16675.08,15007.572000000002
2025-01-26,ORD028191,CUST03046,P015,Dining Table,Furniture,Chennai,Online,Credit Card,2,20744.27,0.15,41488.54,35265.26,1,-1763.26,2025,1,January,Sunday,41488.54,35265.259
2025-01-26,ORD021807,CUST04023,P003,Headphones,Electronics,Mumbai,Online,Debit Card,1,4127.37,0.0,4127.37,4127.37,0,408.95,2025,1,January,Sunday,4127.37,4127.37
2025-01-26,ORD020259,CUST02034,P006,Desk,Furniture,Pune,Store,Credit Card,1,11961.78,0.1,11961.78,10765.6,0,1950.96,2025,1,January,Sunday,11961.78,10765.602
2025-01-26,ORD001997,CUST02937,P002,Smartphone,Electronics,Jaipur,Online,UPI,2,28144.19,0.05,56288.38,53473.96,0,13248.84,2025,1,January,Sunday,56288.38,53473.960999999996
2025-01-26,ORD040500,CUST04466,P010,Coffee Maker,Home,Surat,Store,UPI,1,4969.83,0.15,4969.83,4224.36,0,253.64,2025,1,January,Sunday,4969.83,4224.3555
2025-01-26,ORD037280,CUST03188,P004,Smartwatch,Electronics,Jaipur,Store,Credit Card,2,6300.08,0.1,12600.16,11340.14,0,1886.74,2025,1,January,Sunday,12600.16,11340.144
2025-01-26,ORD047731,CUST02929,P014,Keyboard,Electronics,Mumbai,Store,Credit Card,5,2517.98,0.1,12589.9,11330.91,0,2277.09,2025,1,January,Sunday,12589.9,11330.91
2025-01-26,ORD042529,CUST00447,P018,Jacket,Fashion,Delhi,Online,UPI,2,4770.18,0.1,9540.36,8586.32,0,2268.22,2025,1,January,Sunday,9540.36,8586.324
2025-01-26,ORD041426,CUST02814,P011,Mixer Grinder,Home,Chennai,Online,UPI,1,5045.02,0.2,5045.02,4036.02,0,634.89,2025,1,January,Sunday,5045.02,4036.0160000000005
2025-01-26,ORD007024,CUST02723,P014,Keyboard,Electronics,Kolkata,Online,UPI,2,2483.25,0.1,4966.5,4469.85,0,539.56,2025,1,January,Sunday,4966.5,4469.85
2025-01-26,ORD040985,CUST04097,P020,Microwave,Home,Pune,Store,UPI,1,10949.87,0.1,10949.87,9854.88,0,1272.91,2025,1,January,Sunday,10949.87,9854.883000000002
2025-01-26,ORD002980,CUST04920,P018,Jacket,Fashion,Pune,Online,Credit Card,1,5219.93,0.1,5219.93,4697.94,0,383.86,2025,1,January,Sunday,5219.93,4697.937000000001
2025-01-26,ORD018839,CUST00761,P012,Air Fryer,Home,Surat,Store,Net Banking,1,7568.22,0.05,7568.22,7189.81,0,799.23,2025,1,January,Sunday,7568.22,7189.809
2025-01-26,ORD035258,CUST03976,P018,Jacket,Fashion,Hyderabad,Online,Credit Card,5,5010.95,0.1,25054.75,22549.28,0,3007.86,2025,1,January,Sunday,25054.75,22549.275
2025-01-26,ORD027446,CUST02174,P014,Keyboard,Electronics,Chennai,Store,Credit Card,1,2276.27,0.1,2276.27,2048.64,0,261.01,2025,1,January,Sunday,2276.27,2048.643
2025-01-26,ORD044879,CUST04635,P016,Sofa,Furniture,Kolkata,Online,UPI,1,32891.62,0.15,32891.62,27957.88,0,2650.65,2025,1,January,Sunday,32891.62,27957.877
2025-01-26,ORD014780,CUST03409,P017,Jeans,Fashion,Bengaluru,Online,Credit Card,4,3021.45,0.1,12085.8,10877.22,0,1268.16,2025,1,January,Sunday,12085.8,10877.22
2025-01-26,ORD036878,CUST01463,P011,Mixer Grinder,Home,Delhi,Online,Credit Card,1,4389.78,0.25,4389.78,3292.34,0,319.93,2025,1,January,Sunday,4389.78,3292.335
2025-01-26,ORD011783,CUST02483,P017,Jeans,Fashion,Ahmedabad,Store,Cash,1,2553.96,0.25,2553.96,1915.47,0,323.84,2025,1,January,Sunday,2553.96,1915.47
2025-01-26,ORD026594,CUST00151,P017,Jeans,Fashion,Delhi,Online,Debit Card,2,2620.07,0.1,5240.14,4716.13,0,1132.72,2025,1,January,Sunday,5240.14,4716.126
2025-01-26,ORD003743,CUST02063,P004,Smartwatch,Electronics,Chennai,Online,Cash,2,7089.66,0.1,14179.32,12761.39,0,1213.39,2025,1,January,Sunday,14179.32,12761.388
2025-01-26,ORD015861,CUST01369,P005,Office Chair,Furniture,Pune,Store,Cash,4,9434.42,0.05,37737.68,35850.8,0,5326.67,2025,1,January,Sunday,37737.68,35850.796
2025-01-27,ORD014832,CUST00942,P016,Sofa,Furniture,Pune,Store,Debit Card,1,37335.38,0.0,37335.38,37335.38,0,3054.18,2025,1,January,Monday,37335.38,37335.38
2025-01-27,ORD048098,CUST02150,P016,Sofa,Furniture,Bengaluru,Online,UPI,1,32860.13,0.1,32860.13,29574.12,0,5289.88,2025,1,January,Monday,32860.13,29574.117
2025-01-27,ORD049455,CUST02488,P007,Backpack,Accessories,Bengaluru,Online,UPI,2,2318.61,0.05,4637.22,4405.36,0,793.92,2025,1,January,Monday,4637.22,4405.359
2025-01-27,ORD049458,CUST04398,P011,Mixer Grinder,Home,Kolkata,Online,Debit Card,2,4873.18,0.15,9746.36,8284.41,0,1129.82,2025,1,January,Monday,9746.36,8284.406
2025-01-27,ORD000703,CUST03815,P003,Headphones,Electronics,Surat,Store,UPI,1,4515.41,0.0,4515.41,4515.41,0,1160.29,2025,1,January,Monday,4515.41,4515.41
2025-01-27,ORD049623,CUST04073,P013,Monitor,Electronics,Ahmedabad,Online,UPI,1,16429.97,0.15,16429.97,13965.47,0,3212.16,2025,1,January,Monday,16429.97,13965.4745
2025-01-27,ORD014763,CUST00444,P018,Jacket,Fashion,Kolkata,Online,Net Banking,4,4936.7,0.2,19746.8,15797.44,0,3611.16,2025,1,January,Monday,19746.8,15797.44
2025-01-27,ORD027062,CUST02848,P005,Office Chair,Furniture,Delhi,Online,UPI,4,8686.3,0.1,34745.2,31270.68,0,5276.01,2025,1,January,Monday,34745.2,31270.679999999997
2025-01-27,ORD014814,CUST03541,P009,T-Shirt,Fashion,Bengaluru,Online,UPI,2,1131.46,0.15,2262.92,1923.48,0,186.98,2025,1,January,Monday,2262.92,1923.482
2025-01-27,ORD018307,CUST00729,P005,Office Chair,Furniture,Ahmedabad,Store,UPI,1,9789.11,0.05,9789.11,9299.65,0,1938.76,2025,1,January,Monday,9789.11,9299.6545
2025-01-27,ORD008579,CUST03706,P013,Monitor,Electronics,Hyderabad,Online,UPI,1,19759.67,0.1,19759.67,17783.7,0,3164.52,2025,1,January,Monday,19759.67,17783.702999999998
2025-01-27,ORD037711,CUST00936,P007,Backpack,Accessories,Jaipur,Online,Credit Card,2,1990.35,0.05,3980.7,3781.66,0,866.47,2025,1,January,Monday,3980.7,3781.6649999999995
2025-01-27,ORD004266,CUST02919,P003,Headphones,Electronics,Kolkata,Online,UPI,1,4281.68,0.05,4281.68,4067.6,0,1116.45,2025,1,January,Monday,4281.68,4067.596
2025-01-27,ORD046587,CUST00193,P013,Monitor,Electronics,Hyderabad,Store,Net Banking,1,18345.67,0.15,18345.67,15593.82,0,1206.4,2025,1,January,Monday,18345.67,15593.819499999998
2025-01-27,ORD024236,CUST02853,P010,Coffee Maker,Home,Delhi,Online,UPI,1,5657.21,0.05,5657.21,5374.35,1,-268.72,2025,1,January,Monday,5657.21,5374.349499999999
2025-01-27,ORD005252,CUST01107,P018,Jacket,Fashion,Bengaluru,Online,Credit Card,2,4843.54,0.05,9687.08,9202.73,0,1857.22,2025,1,January,Monday,9687.08,9202.725999999999
2025-01-27,ORD021572,CUST00058,P010,Coffee Maker,Home,Ahmedabad,Online,Debit Card,5,5376.32,0.1,26881.6,24193.44,0,2639.27,2025,1,January,Monday,26881.6,24193.44
2025-01-27,ORD011934,CUST02710,P011,Mixer Grinder,Home,Bengaluru,Online,UPI,1,5236.7,0.1,5236.7,4713.03,0,471.91,2025,1,January,Monday,5236.7,4713.03
2025-01-27,ORD043357,CUST03367,P011,Mixer Grinder,Home,Chennai,Online,Credit Card,1,4673.34,0.0,4673.34,4673.34,0,962.94,2025,1,January,Monday,4673.34,4673.34
2025-01-27,ORD008676,CUST04379,P014,Keyboard,Electronics,Mumbai,Online,Net Banking,1,2720.72,0.1,2720.72,2448.65,0,339.04,2025,1,January,Monday,2720.72,2448.6479999999997
2025-01-27,ORD012539,CUST00437,P002,Smartphone,Electronics,Chennai,Online,UPI,1,26428.74,0.25,26428.74,19821.56,0,4797.22,2025,1,January,Monday,26428.74,19821.555
2025-01-27,ORD024141,CUST02267,P008,Running Shoes,Fashion,Kolkata,Store,Net Banking,1,4383.78,0.25,4383.78,3287.84,0,430.2,2025,1,January,Monday,4383.78,3287.835
2025-01-27,ORD037067,CUST04113,P012,Air Fryer,Home,Pune,Store,Net Banking,1,7377.1,0.0,7377.1,7377.1,0,1855.0,2025,1,January,Monday,7377.1,7377.1
2025-01-27,ORD002357,CUST03707,P003,Headphones,Electronics,Ahmedabad,Online,Credit Card,1,4807.21,0.1,4807.21,4326.49,0,1201.12,2025,1,January,Monday,4807.21,4326.4890000000005
2025-01-27,ORD032066,CUST00535,P010,Coffee Maker,Home,Surat,Store,Debit Card,2,5162.9,0.0,10325.8,10325.8,0,2657.81,2025,1,January,Monday,10325.8,10325.8
2025-01-27,ORD020169,CUST03029,P016,Sofa,Furniture,Bengaluru,Store,Credit Card,4,33065.86,0.2,132263.44,105810.75,0,21921.74,2025,1,January,Monday,132263.44,105810.75200000001
2025-01-27,ORD042125,CUST03451,P019,Vacuum Cleaner,Home,Kolkata,Store,Debit Card,2,9561.85,0.1,19123.7,17211.33,0,1518.0,2025,1,January,Monday,19123.7,17211.33
2025-01-27,ORD026485,CUST03490,P008,Running Shoes,Fashion,Kolkata,Online,Cash,1,4516.59,0.1,4516.59,4064.93,0,549.49,2025,1,January,Monday,4516.59,4064.931
2025-01-27,ORD008150,CUST03788,P013,Monitor,Electronics,Kolkata,Store,Credit Card,1,18743.49,0.1,18743.49,16869.14,0,2588.54,2025,1,January,Monday,18743.49,16869.141000000003
2025-01-27,ORD045623,CUST01739,P014,Keyboard,Electronics,Kolkata,Online,Debit Card,2,2254.05,0.1,4508.1,4057.29,0,270.32,2025,1,January,Monday,4508.1,4057.2900000000004
2025-01-27,ORD045436,CUST01522,P010,Coffee Maker,Home,Chennai,Online,Debit Card,4,5383.56,0.05,21534.24,20457.53,0,5183.74,2025,1,January,Monday,21534.24,20457.528000000002
2025-01-27,ORD017216,CUST01480,P003,Headphones,Electronics,Surat,Online,Net Banking,2,4934.42,0.0,9868.84,9868.84,0,1555.75,2025,1,January,Monday,9868.84,9868.84
2025-01-27,ORD001733,CUST04577,P015,Dining Table,Furniture,Ahmedabad,Online,Credit Card,1,22793.86,0.15,22793.86,19374.78,0,4794.13,2025,1,January,Monday,22793.86,19374.781
2025-01-27,ORD004323,CUST04313,P011,Mixer Grinder,Home,Kolkata,Store,Credit Card,2,5224.03,0.2,10448.06,8358.45,0,1239.42,2025,1,January,Monday,10448.06,8358.448
2025-01-27,ORD043379,CUST03946,P005,Office Chair,Furniture,Mumbai,Online,Credit Card,1,9822.43,0.05,9822.43,9331.31,0,1984.94,2025,1,January,Monday,9822.43,9331.3085
2025-01-27,ORD002780,CUST03420,P017,Jeans,Fashion,Bengaluru,Online,UPI,1,2920.76,0.05,2920.76,2774.72,1,-138.74,2025,1,January,Monday,2920.76,2774.722
2025-01-27,ORD013925,CUST03102,P008,Running Shoes,Fashion,Delhi,Store,Cash,1,3923.27,0.1,3923.27,3530.94,0,938.58,2025,1,January,Monday,3923.27,3530.943
2025-01-27,ORD038514,CUST04064,P007,Backpack,Accessories,Bengaluru,Store,Credit Card,1,2023.85,0.05,2023.85,1922.66,0,159.9,2025,1,January,Monday,2023.85,1922.6574999999998
2025-01-27,ORD010247,CUST04218,P015,Dining Table,Furniture,Bengaluru,Online,Debit Card,1,21242.56,0.15,21242.56,18056.18,0,2263.15,2025,1,January,Monday,21242.56,18056.176
2025-01-27,ORD004898,CUST02565,P016,Sofa,Furniture,Chennai,Online,UPI,2,37129.52,0.05,74259.04,70546.09,0,9073.78,2025,1,January,Monday,74259.04,70546.08799999999
2025-01-27,ORD038430,CUST00550,P019,Vacuum Cleaner,Home,Mumbai,Store,Net Banking,1,9590.28,0.2,9590.28,7672.22,0,573.84,2025,1,January,Monday,9590.28,7672.224000000001
2025-01-27,ORD021495,CUST02839,P011,Mixer Grinder,Home,Pune,Online,UPI,5,4867.13,0.0,24335.65,24335.65,0,3244.72,2025,1,January,Monday,24335.65,24335.65
2025-01-27,ORD002085,CUST02984,P019,Vacuum Cleaner,Home,Jaipur,Store,Net Banking,1,8385.04,0.0,8385.04,8385.04,0,1608.85,2025,1,January,Monday,8385.04,8385.04
2025-01-27,ORD017972,CUST03250,P007,Backpack,Accessories,Chennai,Online,Credit Card,3,2280.16,0.25,6840.48,5130.36,0,730.63,2025,1,January,Monday,6840.48,5130.36
2025-01-27,ORD037372,CUST03336,P002,Smartphone,Electronics,Mumbai,Store,UPI,1,27075.04,0.05,27075.04,25721.29,0,3342.94,2025,1,January,Monday,27075.04,25721.288
2025-01-27,ORD006953,CUST03022,P015,Dining Table,Furniture,Pune,Online,Net Banking,2,21942.66,0.05,43885.32,41691.05,0,7567.26,2025,1,January,Monday,43885.32,41691.054
2025-01-27,ORD016269,CUST01712,P008,Running Shoes,Fashion,Hyderabad,Store,UPI,1,4355.36,0.1,4355.36,3919.82,0,658.03,2025,1,January,Monday,4355.36,3919.8239999999996
2025-01-27,ORD042893,CUST02511,P003,Headphones,Electronics,Chennai,Online,Debit Card,2,4628.68,0.1,9257.36,8331.62,0,1550.18,2025,1,January,Monday,9257.36,8331.624000000002
2025-01-27,ORD025747,CUST00027,P011,Mixer Grinder,Home,Chennai,Online,Credit Card,1,4478.06,0.0,4478.06,4478.06,0,1260.66,2025,1,January,Monday,4478.06,4478.06
2025-01-27,ORD006014,CUST04470,P015,Dining Table,Furniture,Mumbai,Online,UPI,1,21723.81,0.05,21723.81,20637.62,0,1517.09,2025,1,January,Monday,21723.81,20637.6195
2025-01-27,ORD044243,CUST00882,P003,Headphones,Electronics,Bengaluru,Online,Credit Card,2,4780.64,0.0,9561.28,9561.28,0,869.01,2025,1,January,Monday,9561.28,9561.28
2025-01-27,ORD009119,CUST03145,P016,Sofa,Furniture,Mumbai,Online,UPI,1,35937.91,0.0,35937.91,35937.91,0,10386.65,2025,1,January,Monday,35937.91,35937.91
2025-01-27,ORD007905,CUST01042,P003,Headphones,Electronics,Pune,Online,Credit Card,1,4104.13,0.0,4104.13,4104.13,0,1031.88,2025,1,January,Monday,4104.13,4104.13
2025-01-27,ORD041749,CUST02077,P014,Keyboard,Electronics,Pune,Online,UPI,1,2531.32,0.25,2531.32,1898.49,0,126.34,2025,1,January,Monday,2531.32,1898.4900000000002
2025-01-27,ORD000964,CUST01676,P010,Coffee Maker,Home,Chennai,Store,Cash,1,5654.03,0.0,5654.03,5654.03,0,454.73,2025,1,January,Monday,5654.03,5654.03
2025-01-27,ORD035449,CUST03450,P004,Smartwatch,Electronics,Hyderabad,Online,UPI,3,6554.89,0.0,19664.67,19664.67,0,5189.03,2025,1,January,Monday,19664.670000000002,19664.67
2025-01-27,ORD006328,CUST04266,P017,Jeans,Fashion,Pune,Online,UPI,4,2792.0,0.2,11168.0,8934.4,0,1986.68,2025,1,January,Monday,11168.0,8934.4
2025-01-27,ORD003536,CUST00109,P003,Headphones,Electronics,Chennai,Online,UPI,1,4441.0,0.0,4441.0,4441.0,0,420.72,2025,1,January,Monday,4441.0,4441.0
2025-01-27,ORD006357,CUST01668,P012,Air Fryer,Home,Ahmedabad,Online,UPI,1,7497.0,0.1,7497.0,6747.3,0,800.24,2025,1,January,Monday,7497.0,6747.3
2025-01-27,ORD016017,CUST04187,P007,Backpack,Accessories,Kolkata,Online,Debit Card,1,2004.37,0.1,2004.37,1803.93,0,129.01,2025,1,January,Monday,2004.37,1803.933
2025-01-27,ORD007909,CUST04500,P005,Office Chair,Furniture,Surat,Online,UPI,3,9229.43,0.05,27688.29,26303.88,0,4480.54,2025,1,January,Monday,27688.29,26303.8755
2025-01-27,ORD034015,CUST03772,P003,Headphones,Electronics,Ahmedabad,Online,UPI,2,4842.07,0.1,9684.14,8715.73,0,1478.37,2025,1,January,Monday,9684.14,8715.726
2025-01-27,ORD022653,CUST00865,P015,Dining Table,Furniture,Ahmedabad,Online,Credit Card,5,20683.42,0.1,103417.1,93075.39,0,6117.19,2025,1,January,Monday,103417.09999999999,93075.39000000001
2025-01-27,ORD048040,CUST01657,P018,Jacket,Fashion,Chennai,Online,UPI,1,5272.18,0.05,5272.18,5008.57,0,1095.41,2025,1,January,Monday,5272.18,5008.571
2025-01-27,ORD043240,CUST03185,P007,Backpack,Accessories,Chennai,Store,UPI,1,2147.34,0.2,2147.34,1717.87,0,91.4,2025,1,January,Monday,2147.34,1717.8720000000003
2025-01-27,ORD030511,CUST02052,P015,Dining Table,Furniture,Jaipur,Online,Credit Card,2,23704.14,0.05,47408.28,45037.87,0,7815.26,2025,1,January,Monday,47408.28,45037.865999999995
2025-01-27,ORD036268,CUST04274,P007,Backpack,Accessories,Surat,Online,Credit Card,1,2147.52,0.1,2147.52,1932.77,0,540.68,2025,1,January,Monday,2147.52,1932.768
2025-01-27,ORD016390,CUST03337,P007,Backpack,Accessories,Ahmedabad,Online,Credit Card,4,2361.71,0.15,9446.84,8029.81,0,1200.66,2025,1,January,Monday,9446.84,8029.814
2025-01-27,ORD011632,CUST02431,P016,Sofa,Furniture,Pune,Online,Net Banking,3,38259.31,0.15,114777.93,97561.24,0,5176.1,2025,1,January,Monday,114777.93,97561.24049999999
2025-01-27,ORD012288,CUST02864,P011,Mixer Grinder,Home,Hyderabad,Online,Credit Card,1,4367.28,0.2,4367.28,3493.82,0,891.08,2025,1,January,Monday,4367.28,3493.824
2025-01-27,ORD003184,CUST04593,P016,Sofa,Furniture,Kolkata,Store,Credit Card,2,35653.05,0.05,71306.1,67740.8,0,8964.81,2025,1,January,Monday,71306.1,67740.795
2025-01-28,ORD020867,CUST04013,P002,Smartphone,Electronics,Delhi,Store,UPI,1,26701.21,0.1,26701.21,24031.09,0,2723.19,2025,1,January,Tuesday,26701.21,24031.089
2025-01-28,ORD003494,CUST03630,P008,Running Shoes,Fashion,Jaipur,Online,Debit Card,1,4324.25,0.05,4324.25,4108.04,0,922.86,2025,1,January,Tuesday,4324.25,4108.037499999999
2025-01-28,ORD039309,CUST02149,P015,Dining Table,Furniture,Mumbai,Store,Credit Card,1,22784.61,0.1,22784.61,20506.15,0,3166.34,2025,1,January,Tuesday,22784.61,20506.149
2025-01-28,ORD027741,CUST01912,P013,Monitor,Electronics,Delhi,Store,Credit Card,1,17301.46,0.15,17301.46,14706.24,0,868.3,2025,1,January,Tuesday,17301.46,14706.240999999998
2025-01-28,ORD045437,CUST00942,P017,Jeans,Fashion,Mumbai,Store,Debit Card,1,2648.67,0.0,2648.67,2648.67,0,702.09,2025,1,January,Tuesday,2648.67,2648.67
2025-01-28,ORD019539,CUST01295,P002,Smartphone,Electronics,Bengaluru,Online,Debit Card,1,27911.4,0.0,27911.4,27911.4,0,6580.55,2025,1,January,Tuesday,27911.4,27911.4
2025-01-28,ORD040756,CUST00688,P011,Mixer Grinder,Home,Bengaluru,Store,UPI,1,4537.39,0.05,4537.39,4310.52,0,386.15,2025,1,January,Tuesday,4537.39,4310.5205000000005
2025-01-28,ORD004429,CUST00594,P015,Dining Table,Furniture,Bengaluru,Online,UPI,1,21854.15,0.15,21854.15,18576.03,0,3613.27,2025,1,January,Tuesday,21854.15,18576.0275
2025-01-28,ORD008284,CUST00063,P011,Mixer Grinder,Home,Pune,Online,Cash,1,4863.21,0.0,4863.21,4863.21,1,-243.16,2025,1,January,Tuesday,4863.21,4863.21
2025-01-28,ORD024763,CUST03270,P001,Laptop,Electronics,Mumbai,Store,Credit Card,1,62940.48,0.05,62940.48,59793.46,0,15190.11,2025,1,January,Tuesday,62940.48,59793.456
2025-01-28,ORD044383,CUST03918,P002,Smartphone,Electronics,Bengaluru,Store,Debit Card,3,28595.56,0.05,85786.68,81497.35,0,21962.83,2025,1,January,Tuesday,85786.68000000001,81497.34599999999
2025-01-28,ORD032212,CUST01123,P009,T-Shirt,Fashion,Bengaluru,Online,UPI,3,1199.33,0.15,3597.99,3058.29,0,381.34,2025,1,January,Tuesday,3597.99,3058.2915
2025-01-28,ORD032094,CUST03225,P016,Sofa,Furniture,Surat,Online,UPI,1,32661.78,0.1,32661.78,29395.6,0,3609.63,2025,1,January,Tuesday,32661.78,29395.602
2025-01-28,ORD039804,CUST02011,P015,Dining Table,Furniture,Hyderabad,Online,Debit Card,2,22746.4,0.1,45492.8,40943.52,0,8692.11,2025,1,January,Tuesday,45492.8,40943.520000000004
2025-01-28,ORD003881,CUST04475,P009,T-Shirt,Fashion,Ahmedabad,Online,Debit Card,4,1261.37,0.05,5045.48,4793.21,0,685.47,2025,1,January,Tuesday,5045.48,4793.205999999999
2025-01-28,ORD039925,CUST01752,P001,Laptop,Electronics,Jaipur,Online,UPI,3,63391.57,0.05,190174.71,180665.97,0,14501.25,2025,1,January,Tuesday,190174.71,180665.97449999998
2025-01-28,ORD040991,CUST02315,P019,Vacuum Cleaner,Home,Pune,Online,UPI,4,9056.9,0.05,36227.6,34416.22,0,7158.96,2025,1,January,Tuesday,36227.6,34416.219999999994
2025-01-28,ORD009674,CUST01474,P013,Monitor,Electronics,Kolkata,Online,UPI,1,19693.06,0.15,19693.06,16739.1,0,2009.72,2025,1,January,Tuesday,19693.06,16739.101000000002
2025-01-28,ORD044355,CUST04184,P001,Laptop,Electronics,Pune,Online,Debit Card,1,69896.32,0.0,69896.32,69896.32,0,17661.51,2025,1,January,Tuesday,69896.32,69896.32
2025-01-28,ORD017616,CUST03430,P002,Smartphone,Electronics,Delhi,Store,UPI,1,29275.62,0.0,29275.62,29275.62,0,7921.84,2025,1,January,Tuesday,29275.62,29275.62
2025-01-28,ORD003590,CUST02703,P014,Keyboard,Electronics,Bengaluru,Store,Credit Card,3,2530.26,0.25,7590.78,5693.09,0,754.53,2025,1,January,Tuesday,7590.780000000001,5693.085
2025-01-28,ORD000639,CUST04608,P003,Headphones,Electronics,Bengaluru,Store,UPI,1,4933.71,0.1,4933.71,4440.34,0,1129.19,2025,1,January,Tuesday,4933.71,4440.339
2025-01-28,ORD025264,CUST02870,P006,Desk,Furniture,Delhi,Online,UPI,1,12319.27,0.15,12319.27,10471.38,0,1224.93,2025,1,January,Tuesday,12319.27,10471.379500000001
2025-01-28,ORD028059,CUST00435,P003,Headphones,Electronics,Pune,Store,UPI,1,4470.97,0.1,4470.97,4023.87,0,489.29,2025,1,January,Tuesday,4470.97,4023.8730000000005
2025-01-28,ORD002216,CUST00451,P020,Microwave,Home,Mumbai,Online,UPI,5,12043.07,0.1,60215.35,54193.82,0,9010.59,2025,1,January,Tuesday,60215.35,54193.815
2025-01-28,ORD031111,CUST00983,P010,Coffee Maker,Home,Kolkata,Online,Debit Card,1,6014.04,0.0,6014.04,6014.04,0,1686.76,2025,1,January,Tuesday,6014.04,6014.04
2025-01-28,ORD002639,CUST03069,P014,Keyboard,Electronics,Pune,Store,UPI,1,2521.41,0.1,2521.41,2269.27,0,442.03,2025,1,January,Tuesday,2521.41,2269.269
2025-01-28,ORD049118,CUST04282,P003,Headphones,Electronics,Jaipur,Store,Debit Card,1,4118.11,0.05,4118.11,3912.2,0,702.53,2025,1,January,Tuesday,4118.11,3912.2044999999994
2025-01-28,ORD020290,CUST01853,P019,Vacuum Cleaner,Home,Chennai,Online,UPI,1,8952.83,0.1,8952.83,8057.55,0,1366.9,2025,1,January,Tuesday,8952.83,8057.5470000000005
2025-01-28,ORD043003,CUST02718,P011,Mixer Grinder,Home,Surat,Online,Debit Card,1,4643.31,0.1,4643.31,4178.98,0,357.43,2025,1,January,Tuesday,4643.31,4178.979
2025-01-28,ORD003297,CUST03910,P020,Microwave,Home,Surat,Store,UPI,3,12084.23,0.05,36252.69,34440.06,0,5623.36,2025,1,January,Tuesday,36252.69,34440.0555
2025-01-28,ORD046896,CUST01872,P015,Dining Table,Furniture,Pune,Online,Debit Card,1,21306.28,0.1,21306.28,19175.65,0,2395.14,2025,1,January,Tuesday,21306.28,19175.652
2025-01-28,ORD001295,CUST03570,P016,Sofa,Furniture,Surat,Online,UPI,2,31816.61,0.05,63633.22,60451.56,0,8895.01,2025,1,January,Tuesday,63633.22,60451.559
2025-01-28,ORD010309,CUST03305,P009,T-Shirt,Fashion,Hyderabad,Online,Credit Card,1,1168.74,0.0,1168.74,1168.74,0,345.03,2025,1,January,Tuesday,1168.74,1168.74
2025-01-28,ORD036872,CUST04973,P016,Sofa,Furniture,Mumbai,Online,UPI,2,33452.28,0.15,66904.56,56868.88,0,14362.59,2025,1,January,Tuesday,66904.56,56868.876
2025-01-28,ORD022229,CUST00371,P013,Monitor,Electronics,Mumbai,Online,UPI,1,17824.43,0.1,17824.43,16041.99,0,4128.41,2025,1,January,Tuesday,17824.43,16041.987000000001
2025-01-28,ORD000522,CUST01382,P002,Smartphone,Electronics,Mumbai,Online,UPI,3,27757.69,0.0,83273.07,83273.07,0,7623.31,2025,1,January,Tuesday,83273.06999999999,83273.07
2025-01-28,ORD009016,CUST03521,P015,Dining Table,Furniture,Jaipur,Online,Debit Card,2,23413.47,0.1,46826.94,42144.25,0,2852.49,2025,1,January,Tuesday,46826.94,42144.24600000001
2025-01-28,ORD014989,CUST02529,P019,Vacuum Cleaner,Home,Ahmedabad,Store,UPI,1,9773.35,0.05,9773.35,9284.68,0,1637.26,2025,1,January,Tuesday,9773.35,9284.6825
2025-01-28,ORD006859,CUST02099,P004,Smartwatch,Electronics,Hyderabad,Online,UPI,1,7500.32,0.1,7500.32,6750.29,0,1189.68,2025,1,January,Tuesday,7500.32,6750.288
2025-01-28,ORD028619,CUST00692,P015,Dining Table,Furniture,Delhi,Online,UPI,3,20646.01,0.1,61938.03,55744.23,0,6077.18,2025,1,January,Tuesday,61938.03,55744.227
2025-01-28,ORD043102,CUST00442,P015,Dining Table,Furniture,Kolkata,Online,UPI,1,20526.48,0.1,20526.48,18473.83,0,2639.67,2025,1,January,Tuesday,20526.48,18473.832
2025-01-28,ORD034187,CUST03342,P014,Keyboard,Electronics,Kolkata,Online,Credit Card,3,2340.52,0.0,7021.56,7021.56,1,-351.08,2025,1,January,Tuesday,7021.5599999999995,7021.56
2025-01-28,ORD009113,CUST03686,P010,Coffee Maker,Home,Chennai,Online,UPI,2,5632.6,0.15,11265.2,9575.42,0,1405.42,2025,1,January,Tuesday,11265.2,9575.42
2025-01-28,ORD023666,CUST01361,P013,Monitor,Electronics,Chennai,Store,Credit Card,3,18569.11,0.1,55707.33,50136.6,0,13272.48,2025,1,January,Tuesday,55707.33,50136.597
2025-01-28,ORD047636,CUST01441,P009,T-Shirt,Fashion,Bengaluru,Online,Credit Card,3,1154.69,0.1,3464.07,3117.66,0,697.6,2025,1,January,Tuesday,3464.07,3117.663
2025-01-28,ORD034468,CUST03845,P014,Keyboard,Electronics,Surat,Store,UPI,1,2643.44,0.1,2643.44,2379.1,0,261.88,2025,1,January,Tuesday,2643.44,2379.096
2025-01-28,ORD027416,CUST04540,P008,Running Shoes,Fashion,Jaipur,Store,Cash,1,4066.58,0.15,4066.58,3456.59,0,810.63,2025,1,January,Tuesday,4066.58,3456.593
2025-01-28,ORD034512,CUST01706,P015,Dining Table,Furniture,Hyderabad,Online,Net Banking,2,21949.93,0.0,43899.86,43899.86,0,8575.24,2025,1,January,Tuesday,43899.86,43899.86
2025-01-28,ORD014817,CUST02783,P017,Jeans,Fashion,Kolkata,Online,UPI,2,2981.01,0.0,5962.02,5962.02,0,1631.23,2025,1,January,Tuesday,5962.02,5962.02
2025-01-28,ORD004597,CUST02098,P020,Microwave,Home,Delhi,Online,Credit Card,2,10981.93,0.05,21963.86,20865.67,0,4948.34,2025,1,January,Tuesday,21963.86,20865.667
2025-01-28,ORD021925,CUST04542,P004,Smartwatch,Electronics,Hyderabad,Online,Debit Card,2,7437.55,0.1,14875.1,13387.59,0,1116.38,2025,1,January,Tuesday,14875.1,13387.59
2025-01-28,ORD005472,CUST02039,P013,Monitor,Electronics,Pune,Online,Credit Card,1,17260.05,0.0,17260.05,17260.05,0,2582.36,2025,1,January,Tuesday,17260.05,17260.05
2025-01-28,ORD010908,CUST03792,P014,Keyboard,Electronics,Chennai,Online,UPI,2,2331.14,0.05,4662.28,4429.17,0,697.18,2025,1,January,Tuesday,4662.28,4429.165999999999
2025-01-28,ORD045593,CUST01723,P019,Vacuum Cleaner,Home,Pune,Store,UPI,1,8933.13,0.15,8933.13,7593.16,0,1001.15,2025,1,January,Tuesday,8933.13,7593.160499999999
2025-01-28,ORD043431,CUST04351,P017,Jeans,Fashion,Delhi,Online,UPI,1,2684.5,0.15,2684.5,2281.82,0,271.27,2025,1,January,Tuesday,2684.5,2281.825
2025-01-28,ORD029405,CUST03455,P011,Mixer Grinder,Home,Mumbai,Store,UPI,1,4430.52,0.0,4430.52,4430.52,0,1128.07,2025,1,January,Tuesday,4430.52,4430.52
2025-01-28,ORD049316,CUST04237,P003,Headphones,Electronics,Chennai,Online,UPI,1,4738.03,0.25,4738.03,3553.52,0,220.38,2025,1,January,Tuesday,4738.03,3553.5225
2025-01-28,ORD024543,CUST03399,P001,Laptop,Electronics,Mumbai,Store,Credit Card,1,70096.29,0.2,70096.29,56077.03,0,9454.39,2025,1,January,Tuesday,70096.29,56077.032
2025-01-28,ORD029332,CUST00467,P019,Vacuum Cleaner,Home,Kolkata,Online,Credit Card,1,9313.89,0.2,9313.89,7451.11,0,696.54,2025,1,January,Tuesday,9313.89,7451.112
2025-01-28,ORD021169,CUST01484,P003,Headphones,Electronics,Jaipur,Online,Cash,1,4154.61,0.0,4154.61,4154.61,0,336.53,2025,1,January,Tuesday,4154.61,4154.61
2025-01-28,ORD015664,CUST04101,P018,Jacket,Fashion,Bengaluru,Online,Credit Card,1,5474.52,0.0,5474.52,5474.52,0,491.07,2025,1,January,Tuesday,5474.52,5474.52
2025-01-28,ORD031007,CUST04353,P007,Backpack,Accessories,Delhi,Online,Credit Card,2,2284.52,0.25,4569.04,3426.78,0,411.01,2025,1,January,Tuesday,4569.04,3426.7799999999997
2025-01-28,ORD016932,CUST00462,P003,Headphones,Electronics,Ahmedabad,Store,UPI,1,4165.22,0.1,4165.22,3748.7,0,559.73,2025,1,January,Tuesday,4165.22,3748.6980000000003
2025-01-28,ORD011894,CUST04980,P011,Mixer Grinder,Home,Pune,Online,UPI,1,4477.25,0.1,4477.25,4029.52,0,641.92,2025,1,January,Tuesday,4477.25,4029.525
2025-01-28,ORD016901,CUST03590,P020,Microwave,Home,Chennai,Store,Credit Card,1,11820.58,0.15,11820.58,10047.49,0,2332.9,2025,1,January,Tuesday,11820.58,10047.493
2025-01-28,ORD001504,CUST04432,P018,Jacket,Fashion,Jaipur,Online,UPI,2,5375.71,0.1,10751.42,9676.28,0,1802.12,2025,1,January,Tuesday,10751.42,9676.278
2025-01-28,ORD015106,CUST02533,P003,Headphones,Electronics,Surat,Store,UPI,1,4861.44,0.05,4861.44,4618.37,1,-230.92,2025,1,January,Tuesday,4861.44,4618.3679999999995
2025-01-28,ORD009936,CUST01377,P007,Backpack,Accessories,Mumbai,Online,Credit Card,1,2055.79,0.15,2055.79,1747.42,0,394.94,2025,1,January,Tuesday,2055.79,1747.4215
2025-01-28,ORD046586,CUST04852,P004,Smartwatch,Electronics,Ahmedabad,Store,Debit Card,1,7629.23,0.15,7629.23,6484.85,1,-324.24,2025,1,January,Tuesday,7629.23,6484.845499999999
2025-01-28,ORD037648,CUST04657,P001,Laptop,Electronics,Delhi,Online,UPI,1,62831.71,0.0,62831.71,62831.71,0,14633.16,2025,1,January,Tuesday,62831.71,62831.71
2025-01-28,ORD010403,CUST03170,P008,Running Shoes,Fashion,Surat,Online,Credit Card,2,4162.53,0.1,8325.06,7492.55,0,1530.09,2025,1,January,Tuesday,8325.06,7492.554
2025-01-28,ORD013289,CUST02836,P014,Keyboard,Electronics,Pune,Store,Debit Card,1,2629.49,0.1,2629.49,2366.54,0,504.07,2025,1,January,Tuesday,2629.49,2366.5409999999997
2025-01-28,ORD037493,CUST00696,P009,T-Shirt,Fashion,Mumbai,Store,UPI,2,1263.11,0.1,2526.22,2273.6,1,-113.68,2025,1,January,Tuesday,2526.22,2273.598
2025-01-28,ORD046227,CUST01842,P007,Backpack,Accessories,Delhi,Online,UPI,1,2074.36,0.1,2074.36,1866.92,0,193.87,2025,1,January,Tuesday,2074.36,1866.9240000000002
2025-01-29,ORD041848,CUST00668,P007,Backpack,Accessories,Bengaluru,Online,UPI,2,2171.64,0.2,4343.28,3474.62,0,659.23,2025,1,January,Wednesday,4343.28,3474.624
2025-01-29,ORD042492,CUST03780,P008,Running Shoes,Fashion,Hyderabad,Online,Credit Card,1,3809.56,0.1,3809.56,3428.6,0,450.64,2025,1,January,Wednesday,3809.56,3428.604
2025-01-29,ORD010377,CUST01793,P019,Vacuum Cleaner,Home,Hyderabad,Store,Debit Card,1,8365.04,0.2,8365.04,6692.03,0,374.37,2025,1,January,Wednesday,8365.04,6692.032000000001
2025-01-29,ORD031157,CUST02756,P019,Vacuum Cleaner,Home,Surat,Online,UPI,2,9313.43,0.15,18626.86,15832.83,0,1996.88,2025,1,January,Wednesday,18626.86,15832.831
2025-01-29,ORD042362,CUST04299,P016,Sofa,Furniture,Pune,Store,Debit Card,2,32198.06,0.1,64396.12,57956.51,0,9837.69,2025,1,January,Wednesday,64396.12,57956.508
2025-01-29,ORD030965,CUST00443,P008,Running Shoes,Fashion,Hyderabad,Online,Credit Card,1,4359.37,0.1,4359.37,3923.43,0,387.01,2025,1,January,Wednesday,4359.37,3923.433
2025-01-29,ORD048016,CUST04090,P013,Monitor,Electronics,Mumbai,Online,UPI,1,16244.92,0.0,16244.92,16244.92,0,1901.49,2025,1,January,Wednesday,16244.92,16244.92
2025-01-29,ORD031272,CUST00840,P018,Jacket,Fashion,Kolkata,Store,Credit Card,1,5665.19,0.0,5665.19,5665.19,0,1206.52,2025,1,January,Wednesday,5665.19,5665.19
2025-01-29,ORD005987,CUST00790,P001,Laptop,Electronics,Bengaluru,Store,UPI,1,70354.0,0.05,70354.0,66836.3,0,14577.89,2025,1,January,Wednesday,70354.0,66836.3
2025-01-29,ORD034091,CUST03604,P009,T-Shirt,Fashion,Hyderabad,Store,Debit Card,5,1174.17,0.05,5870.85,5577.31,0,430.99,2025,1,January,Wednesday,5870.85,5577.3075
2025-01-29,ORD034057,CUST00559,P003,Headphones,Electronics,Hyderabad,Online,Net Banking,1,4219.74,0.0,4219.74,4219.74,0,689.72,2025,1,January,Wednesday,4219.74,4219.74
2025-01-29,ORD035973,CUST00135,P015,Dining Table,Furniture,Jaipur,Store,Debit Card,1,22595.0,0.0,22595.0,22595.0,0,2147.96,2025,1,January,Wednesday,22595.0,22595.0
2025-01-29,ORD033933,CUST01171,P014,Keyboard,Electronics,Pune,Online,UPI,1,2713.44,0.2,2713.44,2170.75,0,424.59,2025,1,January,Wednesday,2713.44,2170.752
2025-01-29,ORD036183,CUST00829,P012,Air Fryer,Home,Pune,Store,UPI,1,6870.57,0.15,6870.57,5839.98,0,617.91,2025,1,January,Wednesday,6870.57,5839.9845
2025-01-29,ORD036680,CUST03503,P009,T-Shirt,Fashion,Jaipur,Store,UPI,4,1174.12,0.1,4696.48,4226.83,0,410.4,2025,1,January,Wednesday,4696.48,4226.831999999999
2025-01-29,ORD036777,CUST01593,P018,Jacket,Fashion,Delhi,Store,Cash,5,5565.11,0.1,27825.55,25043.0,0,4865.45,2025,1,January,Wednesday,27825.55,25042.995
2025-01-29,ORD037049,CUST00546,P003,Headphones,Electronics,Ahmedabad,Store,Debit Card,1,4320.16,0.05,4320.16,4104.15,0,314.84,2025,1,January,Wednesday,4320.16,4104.152
2025-01-29,ORD037100,CUST01749,P018,Jacket,Fashion,Jaipur,Online,UPI,1,5269.8,0.1,5269.8,4742.82,0,347.73,2025,1,January,Wednesday,5269.8,4742.820000000001
2025-01-29,ORD037412,CUST00310,P007,Backpack,Accessories,Chennai,Store,UPI,4,2071.34,0.0,8285.36,8285.36,1,-414.27,2025,1,January,Wednesday,8285.36,8285.36
2025-01-29,ORD033247,CUST03331,P005,Office Chair,Furniture,Hyderabad,Online,Debit Card,1,10331.81,0.15,10331.81,8782.04,1,-439.1,2025,1,January,Wednesday,10331.81,8782.038499999999
2025-01-29,ORD049508,CUST02915,P012,Air Fryer,Home,Bengaluru,Online,UPI,2,6944.91,0.05,13889.82,13195.33,0,1679.59,2025,1,January,Wednesday,13889.82,13195.329
2025-01-29,ORD021560,CUST02070,P013,Monitor,Electronics,Delhi,Online,Credit Card,1,16960.67,0.0,16960.67,16960.67,0,4910.04,2025,1,January,Wednesday,16960.67,16960.67
2025-01-29,ORD032869,CUST03689,P009,T-Shirt,Fashion,Chennai,Online,Credit Card,1,1170.31,0.1,1170.31,1053.28,0,261.88,2025,1,January,Wednesday,1170.31,1053.279
2025-01-29,ORD038687,CUST00338,P004,Smartwatch,Electronics,Hyderabad,Online,Credit Card,1,6453.36,0.0,6453.36,6453.36,0,758.25,2025,1,January,Wednesday,6453.36,6453.36
2025-01-29,ORD038730,CUST02335,P006,Desk,Furniture,Bengaluru,Online,UPI,1,13120.37,0.1,13120.37,11808.33,0,3302.27,2025,1,January,Wednesday,13120.37,11808.333
2025-01-29,ORD038914,CUST02021,P014,Keyboard,Electronics,Hyderabad,Online,Debit Card,4,2499.45,0.25,9997.8,7498.35,1,-374.92,2025,1,January,Wednesday,9997.8,7498.349999999999
2025-01-29,ORD004615,CUST03131,P018,Jacket,Fashion,Surat,Online,Cash,1,5536.06,0.25,5536.06,4152.04,0,750.19,2025,1,January,Wednesday,5536.06,4152.045
2025-01-29,ORD004320,CUST03768,P012,Air Fryer,Home,Hyderabad,Online,Debit Card,4,7820.0,0.0,31280.0,31280.0,0,2680.62,2025,1,January,Wednesday,31280.0,31280.0
2025-01-29,ORD039989,CUST04424,P010,Coffee Maker,Home,Bengaluru,Store,Credit Card,1,5655.92,0.25,5655.92,4241.94,0,894.8,2025,1,January,Wednesday,5655.92,4241.9400000000005
2025-01-29,ORD040313,CUST00131,P004,Smartwatch,Electronics,Delhi,Online,Credit Card,1,7421.63,0.05,7421.63,7050.55,0,659.98,2025,1,January,Wednesday,7421.63,7050.5485
2025-01-29,ORD040329,CUST02189,P001,Laptop,Electronics,Delhi,Online,Credit Card,2,64668.4,0.0,129336.8,129336.8,0,16791.49,2025,1,January,Wednesday,129336.8,129336.8
2025-01-29,ORD010559,CUST03700,P009,T-Shirt,Fashion,Mumbai,Online,UPI,1,1258.11,0.1,1258.11,1132.3,0,223.5,2025,1,January,Wednesday,1258.11,1132.299
2025-01-29,ORD040772,CUST01146,P001,Laptop,Electronics,Bengaluru,Online,UPI,1,60118.44,0.15,60118.44,51100.67,0,5781.3,2025,1,January,Wednesday,60118.44,51100.674
2025-01-29,ORD007788,CUST04271,P010,Coffee Maker,Home,Mumbai,Online,UPI,1,5593.73,0.05,5593.73,5314.04,0,920.25,2025,1,January,Wednesday,5593.73,5314.0435
2025-01-29,ORD019638,CUST01293,P009,T-Shirt,Fashion,Surat,Store,UPI,3,1232.37,0.0,3697.11,3697.11,1,-184.86,2025,1,January,Wednesday,3697.1099999999997,3697.11
2025-01-29,ORD012860,CUST03338,P005,Office Chair,Furniture,Delhi,Store,Debit Card,1,9006.0,0.0,9006.0,9006.0,0,1566.7,2025,1,January,Wednesday,9006.0,9006.0
2025-01-29,ORD003522,CUST01989,P012,Air Fryer,Home,Kolkata,Store,Debit Card,3,7871.63,0.2,23614.89,18891.91,0,1364.67,2025,1,January,Wednesday,23614.89,18891.912
2025-01-29,ORD003500,CUST03691,P003,Headphones,Electronics,Chennai,Online,Net Banking,2,4718.2,0.1,9436.4,8492.76,0,712.32,2025,1,January,Wednesday,9436.4,8492.76
2025-01-29,ORD038963,CUST00150,P015,Dining Table,Furniture,Hyderabad,Online,UPI,1,19814.38,0.05,19814.38,18823.66,0,4782.35,2025,1,January,Wednesday,19814.38,18823.661
2025-01-29,ORD025415,CUST04807,P011,Mixer Grinder,Home,Hyderabad,Online,UPI,1,4424.37,0.1,4424.37,3981.93,0,506.59,2025,1,January,Wednesday,4424.37,3981.933
2025-01-29,ORD025802,CUST03053,P007,Backpack,Accessories,Mumbai,Store,Credit Card,1,2198.37,0.0,2198.37,2198.37,0,572.38,2025,1,January,Wednesday,2198.37,2198.37
2025-01-29,ORD009057,CUST00616,P018,Jacket,Fashion,Ahmedabad,Store,Debit Card,1,4711.99,0.15,4711.99,4005.19,0,701.59,2025,1,January,Wednesday,4711.99,4005.1915
2025-01-29,ORD001506,CUST04897,P004,Smartwatch,Electronics,Surat,Online,Debit Card,1,7610.61,0.25,7610.61,5707.96,0,1326.91,2025,1,January,Wednesday,7610.61,5707.9574999999995
2025-01-29,ORD014027,CUST00978,P001,Laptop,Electronics,Surat,Online,UPI,3,63017.09,0.05,189051.27,179598.71,0,27507.37,2025,1,January,Wednesday,189051.27,179598.70649999997
2025-01-29,ORD048221,CUST02945,P007,Backpack,Accessories,Kolkata,Store,Credit Card,1,1980.1,0.1,1980.1,1782.09,0,108.28,2025,1,January,Wednesday,1980.1,1782.09
2025-01-29,ORD018318,CUST01382,P016,Sofa,Furniture,Delhi,Store,UPI,1,31716.35,0.05,31716.35,30130.53,0,6733.46,2025,1,January,Wednesday,31716.35,30130.532499999998
2025-01-29,ORD028450,CUST01324,P020,Microwave,Home,Mumbai,Online,Credit Card,2,9919.18,0.1,19838.36,17854.52,0,1717.27,2025,1,January,Wednesday,19838.36,17854.524
2025-01-29,ORD046031,CUST01624,P004,Smartwatch,Electronics,Surat,Store,UPI,1,6906.26,0.1,6906.26,6215.63,0,1623.73,2025,1,January,Wednesday,6906.26,6215.634
2025-01-29,ORD010195,CUST03803,P001,Laptop,Electronics,Mumbai,Online,UPI,2,67708.57,0.0,135417.14,135417.14,0,31357.25,2025,1,January,Wednesday,135417.14,135417.14
2025-01-29,ORD028067,CUST01398,P019,Vacuum Cleaner,Home,Delhi,Online,UPI,3,8365.94,0.0,25097.82,25097.82,0,5773.33,2025,1,January,Wednesday,25097.82,25097.82
2025-01-29,ORD002418,CUST04580,P007,Backpack,Accessories,Surat,Online,UPI,1,2129.3,0.1,2129.3,1916.37,0,405.54,2025,1,January,Wednesday,2129.3,1916.3700000000001
2025-01-29,ORD043389,CUST03385,P010,Coffee Maker,Home,Pune,Online,Credit Card,1,5368.91,0.15,5368.91,4563.57,0,1175.17,2025,1,January,Wednesday,5368.91,4563.5734999999995
2025-01-29,ORD009942,CUST02727,P017,Jeans,Fashion,Surat,Store,UPI,3,2821.83,0.05,8465.49,8042.22,0,1051.76,2025,1,January,Wednesday,8465.49,8042.215499999999
2025-01-29,ORD015580,CUST04172,P003,Headphones,Electronics,Chennai,Store,Net Banking,1,4699.35,0.05,4699.35,4464.38,0,612.84,2025,1,January,Wednesday,4699.35,4464.3825
2025-01-29,ORD043704,CUST01797,P017,Jeans,Fashion,Kolkata,Store,Net Banking,1,2845.73,0.1,2845.73,2561.16,0,579.14,2025,1,January,Wednesday,2845.73,2561.157
2025-01-29,ORD015967,CUST04126,P017,Jeans,Fashion,Surat,Online,Credit Card,4,2638.07,0.1,10552.28,9497.05,0,1341.39,2025,1,January,Wednesday,10552.28,9497.052000000001
2025-01-29,ORD029489,CUST00281,P013,Monitor,Electronics,Surat,Store,Credit Card,1,17281.48,0.25,17281.48,12961.11,0,2051.79,2025,1,January,Wednesday,17281.48,12961.11
2025-01-29,ORD047085,CUST03577,P007,Backpack,Accessories,Jaipur,Store,Credit Card,1,2291.09,0.1,2291.09,2061.98,1,-103.1,2025,1,January,Wednesday,2291.09,2061.981
2025-01-29,ORD028971,CUST00935,P009,T-Shirt,Fashion,Surat,Online,Debit Card,1,1201.09,0.0,1201.09,1201.09,0,343.19,2025,1,January,Wednesday,1201.09,1201.09
2025-01-29,ORD029402,CUST01561,P004,Smartwatch,Electronics,Kolkata,Online,Net Banking,1,7253.89,0.0,7253.89,7253.89,0,966.81,2025,1,January,Wednesday,7253.89,7253.89
2025-01-29,ORD044105,CUST02533,P006,Desk,Furniture,Hyderabad,Store,Credit Card,2,10898.92,0.15,21797.84,18528.16,0,2519.33,2025,1,January,Wednesday,21797.84,18528.164
2025-01-29,ORD016165,CUST04312,P005,Office Chair,Furniture,Surat,Online,UPI,1,9517.56,0.15,9517.56,8089.93,0,1763.53,2025,1,January,Wednesday,9517.56,8089.9259999999995
2025-01-29,ORD014505,CUST02020,P005,Office Chair,Furniture,Surat,Store,UPI,1,9513.27,0.05,9513.27,9037.61,0,1626.92,2025,1,January,Wednesday,9513.27,9037.6065
2025-01-29,ORD008644,CUST04833,P008,Running Shoes,Fashion,Jaipur,Store,Debit Card,1,4495.96,0.1,4495.96,4046.36,0,1075.56,2025,1,January,Wednesday,4495.96,4046.364
2025-01-29,ORD016487,CUST01088,P006,Desk,Furniture,Delhi,Online,Cash,2,12770.99,0.05,25541.98,24264.88,0,2042.63,2025,1,January,Wednesday,25541.98,24264.880999999998
2025-01-29,ORD002159,CUST04344,P009,T-Shirt,Fashion,Kolkata,Online,UPI,3,1190.74,0.1,3572.22,3215.0,0,509.29,2025,1,January,Wednesday,3572.2200000000003,3214.998
2025-01-29,ORD028940,CUST01413,P011,Mixer Grinder,Home,Mumbai,Online,UPI,1,4931.7,0.0,4931.7,4931.7,0,1169.73,2025,1,January,Wednesday,4931.7,4931.7
2025-01-30,ORD004850,CUST00540,P007,Backpack,Accessories,Mumbai,Store,Credit Card,1,2221.32,0.05,2221.32,2110.25,0,524.56,2025,1,January,Thursday,2221.32,2110.254
2025-01-30,ORD032732,CUST01612,P018,Jacket,Fashion,Chennai,Online,Net Banking,1,4933.47,0.0,4933.47,4933.47,0,847.12,2025,1,January,Thursday,4933.47,4933.47
2025-01-30,ORD045023,CUST02438,P011,Mixer Grinder,Home,Delhi,Online,UPI,1,4938.17,0.1,4938.17,4444.35,0,692.09,2025,1,January,Thursday,4938.17,4444.353
2025-01-30,ORD033514,CUST00183,P019,Vacuum Cleaner,Home,Surat,Store,Credit Card,1,9119.58,0.1,9119.58,8207.62,0,896.56,2025,1,January,Thursday,9119.58,8207.622
2025-01-30,ORD024679,CUST02010,P015,Dining Table,Furniture,Mumbai,Online,UPI,1,20029.56,0.2,20029.56,16023.65,0,4064.8,2025,1,January,Thursday,20029.56,16023.648000000001
2025-01-30,ORD021850,CUST00852,P015,Dining Table,Furniture,Ahmedabad,Store,Debit Card,2,21314.39,0.05,42628.78,40497.34,0,5785.48,2025,1,January,Thursday,42628.78,40497.341
2025-01-30,ORD011796,CUST02547,P002,Smartphone,Electronics,Hyderabad,Online,Credit Card,1,28888.45,0.1,28888.45,25999.6,0,6404.87,2025,1,January,Thursday,28888.45,25999.605
2025-01-30,ORD009726,CUST04464,P002,Smartphone,Electronics,Hyderabad,Store,Debit Card,1,30638.68,0.25,30638.68,22979.01,0,919.16,2025,1,January,Thursday,30638.68,22979.010000000002
2025-01-30,ORD040087,CUST00406,P010,Coffee Maker,Home,Pune,Online,UPI,1,5495.16,0.2,5495.16,4396.13,0,981.89,2025,1,January,Thursday,5495.16,4396.128
2025-01-30,ORD040162,CUST04390,P017,Jeans,Fashion,Hyderabad,Store,UPI,1,2819.17,0.15,2819.17,2396.29,0,637.4,2025,1,January,Thursday,2819.17,2396.2945
2025-01-30,ORD001798,CUST02428,P016,Sofa,Furniture,Jaipur,Online,Debit Card,1,33733.98,0.15,33733.98,28673.88,0,5955.11,2025,1,January,Thursday,33733.98,28673.883
2025-01-30,ORD017859,CUST00779,P019,Vacuum Cleaner,Home,Mumbai,Online,UPI,5,8541.35,0.1,42706.75,38436.08,0,5223.59,2025,1,January,Thursday,42706.75,38436.075000000004
2025-01-30,ORD010774,CUST04000,P015,Dining Table,Furniture,Delhi,Online,UPI,3,22420.58,0.15,67261.74,57172.48,0,14828.62,2025,1,January,Thursday,67261.74,57172.479
2025-01-30,ORD000659,CUST00790,P001,Laptop,Electronics,Pune,Online,UPI,2,68847.55,0.05,137695.1,130810.34,0,11253.09,2025,1,January,Thursday,137695.1,130810.345
2025-01-30,ORD021238,CUST03375,P008,Running Shoes,Fashion,Bengaluru,Online,Cash,3,4607.79,0.15,13823.37,11749.86,0,1276.17,2025,1,January,Thursday,13823.369999999999,11749.8645
2025-01-30,ORD017929,CUST04826,P010,Coffee Maker,Home,Surat,Online,Net Banking,1,5573.36,0.2,5573.36,4458.69,0,1128.31,2025,1,January,Thursday,5573.36,4458.688
2025-01-30,ORD016507,CUST03097,P014,Keyboard,Electronics,Mumbai,Online,Credit Card,1,2288.01,0.1,2288.01,2059.21,0,452.24,2025,1,January,Thursday,2288.01,2059.2090000000003
2025-01-30,ORD044484,CUST01151,P002,Smartphone,Electronics,Bengaluru,Online,UPI,4,30195.03,0.15,120780.12,102663.1,0,11560.28,2025,1,January,Thursday,120780.12,102663.102
2025-01-30,ORD022568,CUST01374,P005,Office Chair,Furniture,Chennai,Online,Debit Card,2,10295.63,0.1,20591.26,18532.13,1,-926.61,2025,1,January,Thursday,20591.26,18532.134
2025-01-30,ORD010972,CUST01257,P015,Dining Table,Furniture,Kolkata,Online,Debit Card,1,21588.89,0.0,21588.89,21588.89,0,2442.3,2025,1,January,Thursday,21588.89,21588.89
2025-01-30,ORD004308,CUST01495,P008,Running Shoes,Fashion,Hyderabad,Online,Cash,1,4034.57,0.05,4034.57,3832.84,0,1014.54,2025,1,January,Thursday,4034.57,3832.8415
2025-01-30,ORD010071,CUST01734,P003,Headphones,Electronics,Mumbai,Store,Cash,1,4661.19,0.1,4661.19,4195.07,0,727.58,2025,1,January,Thursday,4661.19,4195.071
2025-01-30,ORD009423,CUST03544,P007,Backpack,Accessories,Ahmedabad,Online,UPI,1,2043.77,0.15,2043.77,1737.2,0,427.43,2025,1,January,Thursday,2043.77,1737.2045
2025-01-30,ORD003616,CUST01428,P017,Jeans,Fashion,Hyderabad,Online,UPI,2,2537.99,0.05,5075.98,4822.18,0,752.78,2025,1,January,Thursday,5075.98,4822.181
2025-01-30,ORD044041,CUST02153,P014,Keyboard,Electronics,Chennai,Online,UPI,1,2481.39,0.15,2481.39,2109.18,0,388.51,2025,1,January,Thursday,2481.39,2109.1814999999997
2025-01-30,ORD001025,CUST04866,P012,Air Fryer,Home,Ahmedabad,Store,Credit Card,5,6736.89,0.1,33684.45,30316.01,0,7248.06,2025,1,January,Thursday,33684.450000000004,30316.004999999997
2025-01-30,ORD020713,CUST04982,P003,Headphones,Electronics,Chennai,Online,Credit Card,1,4506.53,0.15,4506.53,3830.55,1,-191.53,2025,1,January,Thursday,4506.53,3830.5505
2025-01-30,ORD046619,CUST00449,P014,Keyboard,Electronics,Delhi,Store,Credit Card,1,2651.84,0.05,2651.84,2519.25,0,190.31,2025,1,January,Thursday,2651.84,2519.248
2025-01-30,ORD015075,CUST02054,P009,T-Shirt,Fashion,Pune,Online,UPI,2,1230.11,0.1,2460.22,2214.2,0,203.85,2025,1,January,Thursday,2460.22,2214.198
2025-01-30,ORD016710,CUST01600,P005,Office Chair,Furniture,Surat,Online,Credit Card,1,8650.26,0.05,8650.26,8217.75,0,1864.1,2025,1,January,Thursday,8650.26,8217.747
2025-01-30,ORD004397,CUST03134,P018,Jacket,Fashion,Chennai,Online,Debit Card,1,5019.89,0.15,5019.89,4266.91,0,959.51,2025,1,January,Thursday,5019.89,4266.9065
2025-01-30,ORD039693,CUST01239,P013,Monitor,Electronics,Chennai,Online,Credit Card,1,16410.37,0.2,16410.37,13128.3,0,3360.26,2025,1,January,Thursday,16410.37,13128.296
2025-01-30,ORD016621,CUST00745,P016,Sofa,Furniture,Surat,Online,Debit Card,1,37198.39,0.25,37198.39,27898.79,0,5693.3,2025,1,January,Thursday,37198.39,27898.7925
2025-01-30,ORD028869,CUST01192,P016,Sofa,Furniture,Hyderabad,Online,Credit Card,1,31807.95,0.25,31807.95,23855.96,0,4762.07,2025,1,January,Thursday,31807.95,23855.9625
2025-01-30,ORD005782,CUST03677,P013,Monitor,Electronics,Ahmedabad,Store,UPI,1,19200.31,0.15,19200.31,16320.26,0,2089.28,2025,1,January,Thursday,19200.31,16320.263500000001
2025-01-30,ORD005176,CUST04399,P011,Mixer Grinder,Home,Chennai,Online,Credit Card,1,4450.01,0.15,4450.01,3782.51,0,1000.2,2025,1,January,Thursday,4450.01,3782.5085
2025-01-30,ORD005365,CUST03351,P020,Microwave,Home,Jaipur,Online,Cash,1,10983.42,0.0,10983.42,10983.42,0,2341.23,2025,1,January,Thursday,10983.42,10983.42
2025-01-30,ORD014165,CUST04494,P018,Jacket,Fashion,Jaipur,Online,Debit Card,2,4940.17,0.2,9880.34,7904.27,0,1854.62,2025,1,January,Thursday,9880.34,7904.272000000001
2025-01-30,ORD012006,CUST00436,P018,Jacket,Fashion,Surat,Online,Credit Card,1,4931.85,0.1,4931.85,4438.67,0,1209.47,2025,1,January,Thursday,4931.85,4438.665000000001
2025-01-30,ORD042228,CUST03999,P018,Jacket,Fashion,Pune,Online,Credit Card,1,5008.33,0.15,5008.33,4257.08,0,927.72,2025,1,January,Thursday,5008.33,4257.0805
2025-01-30,ORD016227,CUST02370,P002,Smartphone,Electronics,Bengaluru,Online,Net Banking,1,27656.97,0.15,27656.97,23508.42,0,3255.87,2025,1,January,Thursday,27656.97,23508.4245
2025-01-30,ORD044755,CUST04153,P011,Mixer Grinder,Home,Bengaluru,Store,Credit Card,1,4320.85,0.05,4320.85,4104.81,0,891.54,2025,1,January,Thursday,4320.85,4104.8075
2025-01-30,ORD006294,CUST00282,P006,Desk,Furniture,Delhi,Online,Credit Card,1,12535.64,0.15,12535.64,10655.29,0,782.25,2025,1,January,Thursday,12535.64,10655.294
2025-01-30,ORD007875,CUST02320,P018,Jacket,Fashion,Mumbai,Online,Credit Card,1,4832.31,0.0,4832.31,4832.31,0,1312.23,2025,1,January,Thursday,4832.31,4832.31
2025-01-30,ORD013466,CUST00859,P013,Monitor,Electronics,Ahmedabad,Store,UPI,4,19617.4,0.0,78469.6,78469.6,0,11525.86,2025,1,January,Thursday,78469.6,78469.6
2025-01-30,ORD026798,CUST03310,P013,Monitor,Electronics,Jaipur,Online,UPI,5,18615.18,0.1,93075.9,83768.31,0,11866.09,2025,1,January,Thursday,93075.9,83768.31
2025-01-30,ORD018302,CUST00528,P008,Running Shoes,Fashion,Pune,Online,UPI,1,4457.44,0.1,4457.44,4011.7,0,1014.84,2025,1,January,Thursday,4457.44,4011.696
2025-01-30,ORD003513,CUST01233,P010,Coffee Maker,Home,Mumbai,Online,UPI,1,5502.08,0.05,5502.08,5226.98,0,692.8,2025,1,January,Thursday,5502.08,5226.976
2025-01-30,ORD046873,CUST01332,P001,Laptop,Electronics,Bengaluru,Online,Credit Card,4,61140.7,0.1,244562.8,220106.52,0,39976.55,2025,1,January,Thursday,244562.8,220106.52
2025-01-30,ORD026440,CUST00674,P002,Smartphone,Electronics,Pune,Store,Credit Card,1,26189.35,0.0,26189.35,26189.35,0,7403.4,2025,1,January,Thursday,26189.35,26189.35
2025-01-30,ORD018532,CUST03261,P017,Jeans,Fashion,Ahmedabad,Store,Credit Card,2,2651.18,0.15,5302.36,4507.01,0,1090.77,2025,1,January,Thursday,5302.36,4507.005999999999
2025-01-30,ORD021369,CUST01173,P007,Backpack,Accessories,Delhi,Online,UPI,1,2003.45,0.1,2003.45,1803.1,0,397.73,2025,1,January,Thursday,2003.45,1803.105
2025-01-30,ORD017389,CUST02807,P003,Headphones,Electronics,Delhi,Online,Debit Card,1,4944.72,0.2,4944.72,3955.78,0,733.45,2025,1,January,Thursday,4944.72,3955.7760000000003
2025-01-30,ORD022087,CUST01962,P019,Vacuum Cleaner,Home,Pune,Store,Debit Card,1,8447.22,0.1,8447.22,7602.5,0,1074.48,2025,1,January,Thursday,8447.22,7602.498
2025-01-30,ORD032944,CUST03991,P013,Monitor,Electronics,Ahmedabad,Store,UPI,2,18797.65,0.0,37595.3,37595.3,0,6278.5,2025,1,January,Thursday,37595.3,37595.3
2025-01-30,ORD034389,CUST03691,P003,Headphones,Electronics,Kolkata,Store,Credit Card,2,4319.59,0.15,8639.18,7343.3,0,873.48,2025,1,January,Thursday,8639.18,7343.303
2025-01-30,ORD041850,CUST03295,P016,Sofa,Furniture,Ahmedabad,Online,Debit Card,1,38236.21,0.1,38236.21,34412.59,0,8493.23,2025,1,January,Thursday,38236.21,34412.589
2025-01-31,ORD038984,CUST01362,P015,Dining Table,Furniture,Pune,Online,UPI,1,23805.38,0.15,23805.38,20234.57,0,1868.54,2025,1,January,Friday,23805.38,20234.573
2025-01-31,ORD039297,CUST04069,P014,Keyboard,Electronics,Kolkata,Store,Credit Card,4,2491.68,0.2,9966.72,7973.38,0,602.02,2025,1,January,Friday,9966.72,7973.376
2025-01-31,ORD045513,CUST01300,P020,Microwave,Home,Surat,Online,Debit Card,1,11420.11,0.15,11420.11,9707.09,0,2344.19,2025,1,January,Friday,11420.11,9707.0935
2025-01-31,ORD020860,CUST01856,P001,Laptop,Electronics,Delhi,Store,UPI,2,67317.12,0.2,134634.24,107707.39,0,6755.82,2025,1,January,Friday,134634.24,107707.39199999999
2025-01-31,ORD038460,CUST04758,P005,Office Chair,Furniture,Surat,Online,Debit Card,1,9293.32,0.1,9293.32,8363.99,0,558.85,2025,1,January,Friday,9293.32,8363.988
2025-01-31,ORD032618,CUST01758,P004,Smartwatch,Electronics,Surat,Online,Cash,2,7385.99,0.0,14771.98,14771.98,0,4233.41,2025,1,January,Friday,14771.98,14771.98
2025-01-31,ORD007128,CUST00445,P008,Running Shoes,Fashion,Ahmedabad,Online,UPI,1,3887.0,0.1,3887.0,3498.3,0,240.38,2025,1,January,Friday,3887.0,3498.3
2025-01-31,ORD015080,CUST01784,P004,Smartwatch,Electronics,Kolkata,Online,Cash,2,7178.75,0.1,14357.5,12921.75,0,2709.94,2025,1,January,Friday,14357.5,12921.75
2025-01-31,ORD026573,CUST04363,P020,Microwave,Home,Ahmedabad,Online,Credit Card,1,11684.3,0.0,11684.3,11684.3,0,2945.96,2025,1,January,Friday,11684.3,11684.3
2025-01-31,ORD005221,CUST01113,P012,Air Fryer,Home,Delhi,Online,Debit Card,3,7233.58,0.25,21700.74,16275.55,0,2115.46,2025,1,January,Friday,21700.739999999998,16275.555
2025-01-31,ORD021720,CUST04337,P015,Dining Table,Furniture,Ahmedabad,Online,Net Banking,1,22357.3,0.05,22357.3,21239.44,0,4164.25,2025,1,January,Friday,22357.3,21239.434999999998
2025-01-31,ORD001353,CUST00796,P005,Office Chair,Furniture,Bengaluru,Online,Credit Card,2,9762.91,0.2,19525.82,15620.66,0,2169.49,2025,1,January,Friday,19525.82,15620.656
2025-01-31,ORD021670,CUST00649,P001,Laptop,Electronics,Jaipur,Online,UPI,1,69703.13,0.25,69703.13,52277.35,0,2784.64,2025,1,January,Friday,69703.13,52277.3475
2025-01-31,ORD001260,CUST02731,P017,Jeans,Fashion,Chennai,Online,UPI,1,2795.09,0.1,2795.09,2515.58,0,566.0,2025,1,January,Friday,2795.09,2515.581
2025-01-31,ORD037265,CUST03114,P006,Desk,Furniture,Ahmedabad,Store,UPI,5,11324.42,0.25,56622.1,42466.58,0,4360.79,2025,1,January,Friday,56622.1,42466.575
2025-01-31,ORD013990,CUST04242,P018,Jacket,Fashion,Bengaluru,Online,Net Banking,4,5212.82,0.25,20851.28,15638.46,0,752.53,2025,1,January,Friday,20851.28,15638.46
2025-01-31,ORD024430,CUST04214,P001,Laptop,Electronics,Surat,Online,Net Banking,1,66168.68,0.0,66168.68,66168.68,0,14126.21,2025,1,January,Friday,66168.68,66168.68
2025-01-31,ORD046894,CUST03991,P003,Headphones,Electronics,Delhi,Online,Debit Card,1,4886.33,0.0,4886.33,4886.33,0,993.69,2025,1,January,Friday,4886.33,4886.33
2025-01-31,ORD004856,CUST02349,P015,Dining Table,Furniture,Kolkata,Online,Cash,1,23806.25,0.15,23806.25,20235.31,0,2088.89,2025,1,January,Friday,23806.25,20235.3125
2025-01-31,ORD036953,CUST02774,P017,Jeans,Fashion,Pune,Online,UPI,2,2612.99,0.1,5225.98,4703.38,0,1204.75,2025,1,January,Friday,5225.98,4703.382
2025-01-31,ORD032650,CUST03399,P014,Keyboard,Electronics,Surat,Store,UPI,1,2376.76,0.2,2376.76,1901.41,1,-95.07,2025,1,January,Friday,2376.76,1901.4080000000004
2025-01-31,ORD032648,CUST00120,P006,Desk,Furniture,Delhi,Store,Credit Card,4,11726.74,0.1,46906.96,42216.26,0,7447.35,2025,1,January,Friday,46906.96,42216.264
2025-01-31,ORD021614,CUST04564,P005,Office Chair,Furniture,Bengaluru,Online,UPI,2,9771.27,0.15,19542.54,16611.16,0,4361.87,2025,1,January,Friday,19542.54,16611.159
2025-01-31,ORD036501,CUST03802,P012,Air Fryer,Home,Delhi,Store,UPI,1,7277.94,0.05,7277.94,6914.04,0,1260.62,2025,1,January,Friday,7277.94,6914.043
2025-01-31,ORD024451,CUST03566,P006,Desk,Furniture,Bengaluru,Online,Credit Card,1,13125.99,0.0,13125.99,13125.99,0,3667.38,2025,1,January,Friday,13125.99,13125.99
2025-01-31,ORD027017,CUST02327,P005,Office Chair,Furniture,Mumbai,Store,Net Banking,5,8657.35,0.15,43286.75,36793.74,0,9695.75,2025,1,January,Friday,43286.75,36793.737499999996
2025-01-31,ORD005923,CUST01893,P009,T-Shirt,Fashion,Pune,Online,Credit Card,1,1137.62,0.0,1137.62,1137.62,0,274.17,2025,1,January,Friday,1137.62,1137.62
2025-01-31,ORD031584,CUST00159,P017,Jeans,Fashion,Jaipur,Store,UPI,1,3063.22,0.15,3063.22,2603.74,0,396.67,2025,1,January,Friday,3063.22,2603.7369999999996
2025-01-31,ORD003707,CUST00750,P007,Backpack,Accessories,Chennai,Online,Cash,1,2414.65,0.0,2414.65,2414.65,0,648.53,2025,1,January,Friday,2414.65,2414.65
2025-01-31,ORD023753,CUST00161,P008,Running Shoes,Fashion,Surat,Online,Debit Card,1,4608.1,0.15,4608.1,3916.88,0,1001.01,2025,1,January,Friday,4608.1,3916.885
2025-01-31,ORD047136,CUST03255,P008,Running Shoes,Fashion,Pune,Store,Credit Card,2,3782.69,0.1,7565.38,6808.84,0,1048.53,2025,1,January,Friday,7565.38,6808.842000000001
2025-01-31,ORD018055,CUST01427,P020,Microwave,Home,Jaipur,Online,UPI,1,11966.63,0.05,11966.63,11368.3,0,2928.33,2025,1,January,Friday,11966.63,11368.298499999999
2025-01-31,ORD008345,CUST04524,P002,Smartphone,Electronics,Surat,Online,Debit Card,1,25220.93,0.1,25220.93,22698.84,0,6288.14,2025,1,January,Friday,25220.93,22698.837
2025-01-31,ORD035309,CUST02914,P002,Smartphone,Electronics,Mumbai,Store,UPI,1,25754.77,0.1,25754.77,23179.29,0,4382.03,2025,1,January,Friday,25754.77,23179.293
2025-01-31,ORD035244,CUST02744,P007,Backpack,Accessories,Delhi,Online,Debit Card,1,2225.25,0.05,2225.25,2113.99,0,387.98,2025,1,January,Friday,2225.25,2113.9874999999997
2025-01-31,ORD006279,CUST00602,P011,Mixer Grinder,Home,Jaipur,Online,Cash,4,4438.49,0.0,17753.96,17753.96,0,4813.24,2025,1,January,Friday,17753.96,17753.96
2025-01-31,ORD040857,CUST04268,P008,Running Shoes,Fashion,Ahmedabad,Store,UPI,1,3857.8,0.25,3857.8,2893.35,0,211.33,2025,1,January,Friday,3857.8,2893.3500000000004
2025-01-31,ORD012970,CUST02508,P009,T-Shirt,Fashion,Surat,Online,Credit Card,1,1112.97,0.0,1112.97,1112.97,0,118.3,2025,1,January,Friday,1112.97,1112.97
2025-01-31,ORD018557,CUST00783,P003,Headphones,Electronics,Chennai,Store,Credit Card,2,4543.84,0.05,9087.68,8633.3,0,854.26,2025,1,January,Friday,9087.68,8633.296
2025-01-31,ORD006306,CUST03785,P014,Keyboard,Electronics,Surat,Online,Debit Card,1,2740.13,0.05,2740.13,2603.12,1,-130.16,2025,1,January,Friday,2740.13,2603.1235
2025-01-31,ORD043302,CUST02233,P012,Air Fryer,Home,Jaipur,Online,Debit Card,4,6833.79,0.05,27335.16,25968.4,0,6152.01,2025,1,January,Friday,27335.16,25968.402
2025-01-31,ORD042535,CUST01942,P020,Microwave,Home,Hyderabad,Online,Cash,2,11282.24,0.05,22564.48,21436.26,0,3233.88,2025,1,January,Friday,22564.48,21436.255999999998
2025-01-31,ORD015961,CUST03093,P018,Jacket,Fashion,Pune,Online,Net Banking,5,4736.83,0.05,23684.15,22499.94,0,4549.86,2025,1,January,Friday,23684.15,22499.9425
2025-01-31,ORD030599,CUST01776,P016,Sofa,Furniture,Ahmedabad,Online,Debit Card,2,36049.25,0.0,72098.5,72098.5,0,17421.04,2025,1,January,Friday,72098.5,72098.5
2025-01-31,ORD003045,CUST00337,P016,Sofa,Furniture,Kolkata,Online,UPI,2,35592.85,0.15,71185.7,60507.84,0,9795.84,2025,1,January,Friday,71185.7,60507.844999999994
2025-01-31,ORD042838,CUST02798,P006,Desk,Furniture,Jaipur,Store,UPI,4,11881.86,0.15,47527.44,40398.32,0,3292.66,2025,1,January,Friday,47527.44,40398.324
2025-01-31,ORD015448,CUST03718,P008,Running Shoes,Fashion,Chennai,Store,Cash,1,3860.93,0.1,3860.93,3474.84,0,856.57,2025,1,January,Friday,3860.93,3474.837
2025-01-31,ORD042987,CUST01438,P004,Smartwatch,Electronics,Ahmedabad,Online,Credit Card,2,7557.67,0.05,15115.34,14359.57,0,3658.16,2025,1,January,Friday,15115.34,14359.573
2025-01-31,ORD006303,CUST03885,P004,Smartwatch,Electronics,Jaipur,Online,UPI,4,6482.96,0.1,25931.84,23338.66,0,4798.95,2025,1,January,Friday,25931.84,23338.656
2025-01-31,ORD029978,CUST00462,P014,Keyboard,Electronics,Chennai,Online,Debit Card,1,2308.81,0.15,2308.81,1962.49,0,300.38,2025,1,January,Friday,2308.81,1962.4885
2025-01-31,ORD019710,CUST01808,P002,Smartphone,Electronics,Ahmedabad,Online,UPI,2,28833.77,0.0,57667.54,57667.54,0,6667.27,2025,1,January,Friday,57667.54,57667.54
2025-01-31,ORD028066,CUST02633,P001,Laptop,Electronics,Pune,Store,UPI,1,60811.83,0.0,60811.83,60811.83,0,8726.03,2025,1,January,Friday,60811.83,60811.83
2025-01-31,ORD049705,CUST02362,P003,Headphones,Electronics,Ahmedabad,Online,Credit Card,1,4576.15,0.1,4576.15,4118.54,0,962.97,2025,1,January,Friday,4576.15,4118.535
2025-01-31,ORD046617,CUST00197,P007,Backpack,Accessories,Bengaluru,Store,Credit Card,1,2019.29,0.1,2019.29,1817.36,0,241.95,2025,1,January,Friday,2019.29,1817.361
2025-01-31,ORD040000,CUST01842,P003,Headphones,Electronics,Chennai,Online,UPI,1,4881.04,0.1,4881.04,4392.94,0,740.87,2025,1,January,Friday,4881.04,4392.936
2025-01-31,ORD014637,CUST01262,P016,Sofa,Furniture,Kolkata,Online,Credit Card,1,33690.98,0.1,33690.98,30321.88,0,4472.52,2025,1,January,Friday,33690.98,30321.882000000005
2025-01-31,ORD009433,CUST01463,P016,Sofa,Furniture,Bengaluru,Online,Net Banking,2,36773.8,0.15,73547.6,62515.46,0,3961.18,2025,1,January,Friday,73547.6,62515.46000000001
2025-01-31,ORD044613,CUST00099,P018,Jacket,Fashion,Mumbai,Online,UPI,2,4954.95,0.0,9909.9,9909.9,0,2104.55,2025,1,January,Friday,9909.9,9909.9
2025-01-31,ORD032208,CUST00044,P009,T-Shirt,Fashion,Surat,Online,Credit Card,1,1096.36,0.0,1096.36,1096.36,0,187.05,2025,1,January,Friday,1096.36,1096.36
2025-01-31,ORD028637,CUST00637,P014,Keyboard,Electronics,Pune,Online,UPI,1,2494.12,0.25,2494.12,1870.59,0,440.69,2025,1,January,Friday,2494.12,1870.59
2025-01-31,ORD004134,CUST02709,P001,Laptop,Electronics,Bengaluru,Online,UPI,2,63804.45,0.15,127608.9,108467.56,0,28664.83,2025,1,January,Friday,127608.9,108467.56499999999
2025-01-31,ORD011062,CUST04048,P012,Air Fryer,Home,Jaipur,Online,Net Banking,1,7796.27,0.05,7796.27,7406.46,0,1541.97,2025,1,January,Friday,7796.27,7406.4565
2025-01-31,ORD028680,CUST04418,P002,Smartphone,Electronics,Bengaluru,Online,UPI,1,27305.89,0.1,27305.89,24575.3,0,4905.91,2025,1,January,Friday,27305.89,24575.301
2025-01-31,ORD033814,CUST02008,P016,Sofa,Furniture,Mumbai,Online,Cash,2,35348.13,0.1,70696.26,63626.63,0,14195.11,2025,1,January,Friday,70696.26,63626.634
2025-01-31,ORD004074,CUST00804,P001,Laptop,Electronics,Surat,Online,Cash,2,68793.37,0.25,137586.74,103190.06,1,-5159.5,2025,1,January,Friday,137586.74,103190.055
2025-01-31,ORD007643,CUST01888,P007,Backpack,Accessories,Kolkata,Online,Debit Card,5,2318.52,0.15,11592.6,9853.71,0,1974.17,2025,1,January,Friday,11592.6,9853.710000000001
2025-02-01,ORD036587,CUST02991,P002,Smartphone,Electronics,Mumbai,Online,Net Banking,1,26673.11,0.05,26673.11,25339.45,0,5098.48,2025,2,February,Saturday,26673.11,25339.4545
2025-02-01,ORD001231,CUST03052,P002,Smartphone,Electronics,Chennai,Online,Credit Card,1,30333.11,0.1,30333.11,27299.8,0,5401.47,2025,2,February,Saturday,30333.11,27299.799000000003
2025-02-01,ORD028333,CUST04717,P020,Microwave,Home,Mumbai,Store,Debit Card,1,11970.04,0.1,11970.04,10773.04,0,1184.49,2025,2,February,Saturday,11970.04,10773.036000000002
2025-02-01,ORD037384,CUST03166,P011,Mixer Grinder,Home,Kolkata,Online,UPI,4,4837.31,0.05,19349.24,18381.78,0,5311.49,2025,2,February,Saturday,19349.24,18381.778000000002
2025-02-01,ORD036235,CUST00489,P005,Office Chair,Furniture,Chennai,Online,Debit Card,1,10238.82,0.15,10238.82,8703.0,0,1093.94,2025,2,February,Saturday,10238.82,8702.997
2025-02-01,ORD000022,CUST01301,P018,Jacket,Fashion,Pune,Online,Debit Card,1,5714.24,0.1,5714.24,5142.82,0,329.02,2025,2,February,Saturday,5714.24,5142.816
2025-02-01,ORD023300,CUST00790,P015,Dining Table,Furniture,Mumbai,Online,Credit Card,1,20620.24,0.05,20620.24,19589.23,0,1444.77,2025,2,February,Saturday,20620.24,19589.228
2025-02-01,ORD023480,CUST00020,P020,Microwave,Home,Kolkata,Online,Debit Card,5,10572.17,0.1,52860.85,47574.76,0,12008.65,2025,2,February,Saturday,52860.85,47574.765
2025-02-01,ORD016610,CUST03990,P019,Vacuum Cleaner,Home,Ahmedabad,Online,UPI,2,9401.15,0.05,18802.3,17862.18,0,3458.51,2025,2,February,Saturday,18802.3,17862.184999999998
2025-02-01,ORD011225,CUST01701,P016,Sofa,Furniture,Hyderabad,Online,Debit Card,1,36853.66,0.05,36853.66,35010.98,0,6835.18,2025,2,February,Saturday,36853.66,35010.977
2025-02-01,ORD033267,CUST00419,P008,Running Shoes,Fashion,Jaipur,Online,Net Banking,3,4489.32,0.1,13467.96,12121.16,0,1228.11,2025,2,February,Saturday,13467.96,12121.163999999999
2025-02-01,ORD022563,CUST03722,P012,Air Fryer,Home,Ahmedabad,Online,Credit Card,2,6701.68,0.0,13403.36,13403.36,0,3374.77,2025,2,February,Saturday,13403.36,13403.36
2025-02-01,ORD034000,CUST03237,P009,T-Shirt,Fashion,Pune,Store,Net Banking,1,1169.38,0.0,1169.38,1169.38,0,249.54,2025,2,February,Saturday,1169.38,1169.38
2025-02-01,ORD028406,CUST03120,P005,Office Chair,Furniture,Jaipur,Store,Credit Card,1,10282.8,0.05,10282.8,9768.66,0,868.61,2025,2,February,Saturday,10282.8,9768.659999999998
2025-02-01,ORD035102,CUST01295,P009,T-Shirt,Fashion,Kolkata,Online,UPI,1,1103.04,0.0,1103.04,1103.04,0,103.23,2025,2,February,Saturday,1103.04,1103.04
2025-02-01,ORD005911,CUST02051,P019,Vacuum Cleaner,Home,Surat,Online,UPI,2,8987.94,0.1,17975.88,16178.29,0,1414.31,2025,2,February,Saturday,17975.88,16178.292000000001
2025-02-01,ORD037207,CUST01396,P015,Dining Table,Furniture,Kolkata,Online,UPI,5,20475.46,0.25,102377.3,76782.97,0,15046.06,2025,2,February,Saturday,102377.29999999999,76782.975
2025-02-01,ORD035246,CUST00298,P006,Desk,Furniture,Ahmedabad,Online,UPI,1,12327.67,0.15,12327.67,10478.52,0,1367.95,2025,2,February,Saturday,12327.67,10478.5195
2025-02-01,ORD049878,CUST00284,P009,T-Shirt,Fashion,Pune,Online,Credit Card,3,1298.31,0.15,3894.93,3310.69,0,252.59,2025,2,February,Saturday,3894.93,3310.6904999999997
2025-02-01,ORD023058,CUST01545,P010,Coffee Maker,Home,Surat,Online,Credit Card,5,5258.1,0.05,26290.5,24975.98,0,2880.75,2025,2,February,Saturday,26290.5,24975.975
2025-02-01,ORD022932,CUST02813,P020,Microwave,Home,Surat,Online,Cash,1,11407.26,0.05,11407.26,10836.9,0,2840.3,2025,2,February,Saturday,11407.26,10836.896999999999
2025-02-01,ORD024058,CUST03761,P019,Vacuum Cleaner,Home,Jaipur,Online,Credit Card,3,8761.73,0.0,26285.19,26285.19,0,6075.53,2025,2,February,Saturday,26285.19,26285.19
2025-02-01,ORD001069,CUST00436,P015,Dining Table,Furniture,Kolkata,Store,Credit Card,1,22029.44,0.05,22029.44,20927.97,1,-1046.4,2025,2,February,Saturday,22029.44,20927.967999999997
2025-02-01,ORD022635,CUST04336,P008,Running Shoes,Fashion,Surat,Store,Cash,2,4491.73,0.1,8983.46,8085.11,0,1607.22,2025,2,February,Saturday,8983.46,8085.114
2025-02-01,ORD016328,CUST00040,P010,Coffee Maker,Home,Ahmedabad,Online,Credit Card,1,5135.72,0.15,5135.72,4365.36,0,1157.31,2025,2,February,Saturday,5135.72,4365.362
2025-02-01,ORD005887,CUST01190,P016,Sofa,Furniture,Mumbai,Store,Debit Card,1,34318.51,0.0,34318.51,34318.51,0,7614.42,2025,2,February,Saturday,34318.51,34318.51
2025-02-01,ORD046997,CUST03595,P003,Headphones,Electronics,Mumbai,Online,Cash,2,4159.28,0.1,8318.56,7486.7,0,1591.07,2025,2,February,Saturday,8318.56,7486.704
2025-02-01,ORD009171,CUST00710,P017,Jeans,Fashion,Ahmedabad,Online,UPI,2,2996.46,0.1,5992.92,5393.63,0,1250.46,2025,2,February,Saturday,5992.92,5393.628000000001
2025-02-01,ORD011579,CUST04517,P010,Coffee Maker,Home,Hyderabad,Online,Credit Card,1,5298.84,0.15,5298.84,4504.01,1,-225.2,2025,2,February,Saturday,5298.84,4504.014
2025-02-01,ORD010343,CUST03316,P020,Microwave,Home,Kolkata,Online,Credit Card,1,9915.4,0.0,9915.4,9915.4,0,1740.45,2025,2,February,Saturday,9915.4,9915.4
2025-02-01,ORD041480,CUST02327,P008,Running Shoes,Fashion,Surat,Store,UPI,1,4300.58,0.15,4300.58,3655.49,0,306.15,2025,2,February,Saturday,4300.58,3655.493
2025-02-01,ORD008238,CUST01539,P010,Coffee Maker,Home,Ahmedabad,Store,Credit Card,4,5144.93,0.1,20579.72,18521.75,0,2342.86,2025,2,February,Saturday,20579.72,18521.748000000003
2025-02-01,ORD020980,CUST02965,P011,Mixer Grinder,Home,Kolkata,Online,Net Banking,2,4879.35,0.1,9758.7,8782.83,0,735.86,2025,2,February,Saturday,9758.7,8782.830000000002
2025-02-01,ORD000473,CUST02519,P010,Coffee Maker,Home,Jaipur,Store,Net Banking,1,5016.25,0.25,5016.25,3762.19,0,359.57,2025,2,February,Saturday,5016.25,3762.1875
2025-02-01,ORD017409,CUST01660,P019,Vacuum Cleaner,Home,Delhi,Online,UPI,4,8680.7,0.2,34722.8,27778.24,0,1771.06,2025,2,February,Saturday,34722.8,27778.240000000005
2025-02-01,ORD020817,CUST02778,P020,Microwave,Home,Jaipur,Online,Credit Card,3,10558.71,0.1,31676.13,28508.52,0,6776.37,2025,2,February,Saturday,31676.129999999997,28508.517
2025-02-01,ORD039342,CUST01357,P006,Desk,Furniture,Jaipur,Online,Credit Card,1,11795.91,0.15,11795.91,10026.52,0,2294.24,2025,2,February,Saturday,11795.91,10026.5235
2025-02-01,ORD043506,CUST00907,P010,Coffee Maker,Home,Delhi,Online,UPI,1,5384.57,0.25,5384.57,4038.43,0,506.34,2025,2,February,Saturday,5384.57,4038.4275
2025-02-01,ORD019287,CUST02690,P018,Jacket,Fashion,Chennai,Store,UPI,3,5351.68,0.1,16055.04,14449.54,0,2250.33,2025,2,February,Saturday,16055.04,14449.536000000002
2025-02-01,ORD017606,CUST02234,P012,Air Fryer,Home,Hyderabad,Online,Credit Card,3,7200.78,0.1,21602.34,19442.11,0,1943.5,2025,2,February,Saturday,21602.34,19442.106
2025-02-01,ORD041992,CUST00849,P016,Sofa,Furniture,Ahmedabad,Store,Debit Card,1,36776.73,0.05,36776.73,34937.89,0,6715.64,2025,2,February,Saturday,36776.73,34937.8935
2025-02-01,ORD010439,CUST04509,P008,Running Shoes,Fashion,Mumbai,Online,UPI,5,3826.92,0.05,19134.6,18177.87,0,1310.57,2025,2,February,Saturday,19134.6,18177.87
2025-02-01,ORD043642,CUST01648,P020,Microwave,Home,Surat,Online,Debit Card,1,10078.61,0.15,10078.61,8566.82,0,1562.93,2025,2,February,Saturday,10078.61,8566.8185
2025-02-01,ORD041884,CUST04896,P014,Keyboard,Electronics,Chennai,Store,Credit Card,1,2463.94,0.0,2463.94,2463.94,0,259.91,2025,2,February,Saturday,2463.94,2463.94
2025-02-01,ORD004123,CUST02125,P006,Desk,Furniture,Hyderabad,Online,Credit Card,1,11150.4,0.0,11150.4,11150.4,0,2234.36,2025,2,February,Saturday,11150.4,11150.4
2025-02-01,ORD024917,CUST01582,P005,Office Chair,Furniture,Kolkata,Online,Credit Card,1,9008.77,0.0,9008.77,9008.77,0,1943.3,2025,2,February,Saturday,9008.77,9008.77
2025-02-01,ORD012862,CUST00999,P010,Coffee Maker,Home,Mumbai,Online,Net Banking,4,5628.72,0.15,22514.88,19137.65,0,3470.08,2025,2,February,Saturday,22514.88,19137.648
2025-02-01,ORD029964,CUST01817,P013,Monitor,Electronics,Jaipur,Store,Credit Card,4,18366.53,0.05,73466.12,69792.81,0,12777.01,2025,2,February,Saturday,73466.12,69792.814
2025-02-01,ORD024989,CUST04219,P015,Dining Table,Furniture,Surat,Online,Debit Card,1,23095.75,0.1,23095.75,20786.18,0,3254.67,2025,2,February,Saturday,23095.75,20786.175
2025-02-01,ORD010186,CUST04298,P001,Laptop,Electronics,Kolkata,Store,Credit Card,1,66034.34,0.05,66034.34,62732.62,0,8350.94,2025,2,February,Saturday,66034.34,62732.62299999999
2025-02-01,ORD031593,CUST04517,P014,Keyboard,Electronics,Bengaluru,Store,Cash,1,2607.02,0.1,2607.02,2346.32,0,195.8,2025,2,February,Saturday,2607.02,2346.318
2025-02-01,ORD031440,CUST02153,P005,Office Chair,Furniture,Delhi,Store,UPI,1,9697.75,0.1,9697.75,8727.98,0,1369.46,2025,2,February,Saturday,9697.75,8727.975
2025-02-01,ORD030519,CUST02016,P011,Mixer Grinder,Home,Delhi,Online,Credit Card,1,4726.05,0.0,4726.05,4726.05,0,554.29,2025,2,February,Saturday,4726.05,4726.05
2025-02-01,ORD010770,CUST04388,P019,Vacuum Cleaner,Home,Delhi,Online,Net Banking,2,9728.09,0.15,19456.18,16537.75,0,3299.46,2025,2,February,Saturday,19456.18,16537.753
2025-02-01,ORD045522,CUST00635,P010,Coffee Maker,Home,Ahmedabad,Online,UPI,4,5212.2,0.0,20848.8,20848.8,0,6193.7,2025,2,February,Saturday,20848.8,20848.8
2025-02-01,ORD030074,CUST00895,P018,Jacket,Fashion,Jaipur,Store,UPI,1,5571.56,0.0,5571.56,5571.56,0,944.53,2025,2,February,Saturday,5571.56,5571.56
2025-02-01,ORD037819,CUST01349,P003,Headphones,Electronics,Pune,Online,UPI,4,4163.22,0.0,16652.88,16652.88,0,4296.99,2025,2,February,Saturday,16652.88,16652.88
2025-02-01,ORD046574,CUST04323,P008,Running Shoes,Fashion,Surat,Store,UPI,1,4533.08,0.1,4533.08,4079.77,0,544.23,2025,2,February,Saturday,4533.08,4079.772
2025-02-01,ORD008176,CUST04818,P010,Coffee Maker,Home,Kolkata,Store,Debit Card,1,5888.21,0.0,5888.21,5888.21,0,1172.44,2025,2,February,Saturday,5888.21,5888.21
2025-02-01,ORD007184,CUST03683,P014,Keyboard,Electronics,Delhi,Store,UPI,1,2325.08,0.15,2325.08,1976.32,0,392.92,2025,2,February,Saturday,2325.08,1976.318
2025-02-01,ORD042939,CUST04981,P014,Keyboard,Electronics,Chennai,Store,Cash,1,2371.93,0.1,2371.93,2134.74,0,293.41,2025,2,February,Saturday,2371.93,2134.737
2025-02-01,ORD009959,CUST03270,P007,Backpack,Accessories,Bengaluru,Store,Credit Card,1,2251.41,0.05,2251.41,2138.84,0,267.86,2025,2,February,Saturday,2251.41,2138.8394999999996
2025-02-01,ORD028964,CUST04838,P001,Laptop,Electronics,Chennai,Store,UPI,1,71141.69,0.1,71141.69,64027.52,0,5224.47,2025,2,February,Saturday,71141.69,64027.521
2025-02-01,ORD037798,CUST04580,P016,Sofa,Furniture,Surat,Online,UPI,3,36484.21,0.1,109452.63,98507.37,0,19183.85,2025,2,February,Saturday,109452.63,98507.36700000001
2025-02-01,ORD021293,CUST01771,P004,Smartwatch,Electronics,Chennai,Online,UPI,1,6680.89,0.0,6680.89,6680.89,0,1255.08,2025,2,February,Saturday,6680.89,6680.89
2025-02-01,ORD008848,CUST01585,P010,Coffee Maker,Home,Kolkata,Online,UPI,1,6036.04,0.25,6036.04,4527.03,0,597.44,2025,2,February,Saturday,6036.04,4527.03
2025-02-01,ORD013118,CUST02582,P019,Vacuum Cleaner,Home,Surat,Store,Debit Card,1,9609.18,0.05,9609.18,9128.72,0,1784.02,2025,2,February,Saturday,9609.18,9128.721
2025-02-01,ORD030922,CUST00679,P016,Sofa,Furniture,Kolkata,Online,UPI,5,31685.86,0.1,158429.3,142586.37,0,17429.4,2025,2,February,Saturday,158429.3,142586.37
2025-02-01,ORD008927,CUST01782,P013,Monitor,Electronics,Kolkata,Online,UPI,1,16874.78,0.05,16874.78,16031.04,0,2400.94,2025,2,February,Saturday,16874.78,16031.040999999997
2025-02-01,ORD025432,CUST00539,P012,Air Fryer,Home,Chennai,Store,UPI,1,6531.96,0.0,6531.96,6531.96,0,974.82,2025,2,February,Saturday,6531.96,6531.96
2025-02-01,ORD024483,CUST00072,P011,Mixer Grinder,Home,Bengaluru,Online,Debit Card,2,4721.93,0.1,9443.86,8499.47,0,629.25,2025,2,February,Saturday,9443.86,8499.474
2025-02-01,ORD000266,CUST00675,P010,Coffee Maker,Home,Jaipur,Store,UPI,1,5706.85,0.0,5706.85,5706.85,0,1600.4,2025,2,February,Saturday,5706.85,5706.85
2025-02-01,ORD029198,CUST03580,P015,Dining Table,Furniture,Mumbai,Online,UPI,1,21388.97,0.15,21388.97,18180.62,0,1559.48,2025,2,February,Saturday,21388.97,18180.6245
2025-02-01,ORD013124,CUST01611,P002,Smartphone,Electronics,Ahmedabad,Online,UPI,1,27711.36,0.0,27711.36,27711.36,0,6241.67,2025,2,February,Saturday,27711.36,27711.36
2025-02-02,ORD035787,CUST03911,P011,Mixer Grinder,Home,Kolkata,Online,Credit Card,1,5242.22,0.25,5242.22,3931.66,0,778.26,2025,2,February,Sunday,5242.22,3931.665
2025-02-02,ORD006732,CUST04754,P015,Dining Table,Furniture,Chennai,Online,Cash,1,23966.76,0.25,23966.76,17975.07,0,4154.51,2025,2,February,Sunday,23966.76,17975.07
2025-02-02,ORD008392,CUST04748,P003,Headphones,Electronics,Jaipur,Online,UPI,1,4267.51,0.05,4267.51,4054.13,0,987.66,2025,2,February,Sunday,4267.51,4054.1345
2025-02-02,ORD034621,CUST03427,P017,Jeans,Fashion,Ahmedabad,Online,UPI,2,2735.71,0.05,5471.42,5197.85,0,997.64,2025,2,February,Sunday,5471.42,5197.849
2025-02-02,ORD034642,CUST04297,P005,Office Chair,Furniture,Ahmedabad,Store,UPI,1,9210.96,0.05,9210.96,8750.41,0,1858.08,2025,2,February,Sunday,9210.96,8750.411999999998
2025-02-02,ORD002884,CUST02004,P014,Keyboard,Electronics,Kolkata,Online,Debit Card,1,2501.56,0.0,2501.56,2501.56,0,350.25,2025,2,February,Sunday,2501.56,2501.56
2025-02-02,ORD043828,CUST03753,P003,Headphones,Electronics,Surat,Store,Net Banking,5,4648.04,0.05,23240.2,22078.19,0,5594.84,2025,2,February,Sunday,23240.2,22078.19
2025-02-02,ORD035393,CUST02499,P012,Air Fryer,Home,Bengaluru,Store,Credit Card,2,6720.63,0.0,13441.26,13441.26,0,1426.44,2025,2,February,Sunday,13441.26,13441.26
2025-02-02,ORD034708,CUST00983,P006,Desk,Furniture,Kolkata,Online,Credit Card,1,12028.49,0.2,12028.49,9622.79,0,1657.04,2025,2,February,Sunday,12028.49,9622.792
2025-02-02,ORD043756,CUST04685,P004,Smartwatch,Electronics,Kolkata,Online,Cash,1,6420.67,0.0,6420.67,6420.67,0,1766.1,2025,2,February,Sunday,6420.67,6420.67
2025-02-02,ORD047779,CUST04289,P010,Coffee Maker,Home,Kolkata,Online,Credit Card,2,5713.04,0.05,11426.08,10854.78,0,1383.08,2025,2,February,Sunday,11426.08,10854.776
2025-02-02,ORD042784,CUST02752,P007,Backpack,Accessories,Hyderabad,Store,UPI,1,2391.11,0.1,2391.11,2152.0,0,476.89,2025,2,February,Sunday,2391.11,2151.9990000000003
2025-02-02,ORD043576,CUST02463,P020,Microwave,Home,Ahmedabad,Store,UPI,4,11192.65,0.0,44770.6,44770.6,0,13414.55,2025,2,February,Sunday,44770.6,44770.6
2025-02-02,ORD042159,CUST01217,P002,Smartphone,Electronics,Mumbai,Store,Net Banking,1,30411.93,0.1,30411.93,27370.74,0,5650.42,2025,2,February,Sunday,30411.93,27370.737
2025-02-02,ORD049009,CUST04014,P019,Vacuum Cleaner,Home,Bengaluru,Online,Debit Card,1,9052.87,0.0,9052.87,9052.87,0,2594.03,2025,2,February,Sunday,9052.87,9052.87
2025-02-02,ORD008343,CUST04976,P020,Microwave,Home,Hyderabad,Store,Debit Card,1,10422.65,0.1,10422.65,9380.38,0,2581.47,2025,2,February,Sunday,10422.65,9380.385
2025-02-02,ORD035255,CUST01318,P015,Dining Table,Furniture,Kolkata,Online,Credit Card,1,20298.34,0.0,20298.34,20298.34,0,4141.89,2025,2,February,Sunday,20298.34,20298.34
2025-02-02,ORD046605,CUST03222,P010,Coffee Maker,Home,Hyderabad,Store,UPI,1,5328.79,0.05,5328.79,5062.35,0,382.1,2025,2,February,Sunday,5328.79,5062.3505
2025-02-02,ORD034084,CUST03498,P014,Keyboard,Electronics,Delhi,Online,Credit Card,1,2294.01,0.0,2294.01,2294.01,0,627.49,2025,2,February,Sunday,2294.01,2294.01
2025-02-02,ORD036706,CUST02885,P012,Air Fryer,Home,Hyderabad,Store,Net Banking,3,7850.38,0.15,23551.14,20018.47,0,2055.88,2025,2,February,Sunday,23551.14,20018.468999999997
2025-02-02,ORD049295,CUST00625,P007,Backpack,Accessories,Hyderabad,Online,Debit Card,4,2042.85,0.1,8171.4,7354.26,0,833.69,2025,2,February,Sunday,8171.4,7354.26
2025-02-02,ORD004722,CUST03774,P006,Desk,Furniture,Surat,Online,Cash,1,12554.92,0.15,12554.92,10671.68,0,1408.53,2025,2,February,Sunday,12554.92,10671.681999999999
2025-02-02,ORD001695,CUST02268,P018,Jacket,Fashion,Mumbai,Online,UPI,1,4884.92,0.1,4884.92,4396.43,0,477.98,2025,2,February,Sunday,4884.92,4396.428
2025-02-02,ORD032717,CUST04794,P013,Monitor,Electronics,Hyderabad,Online,UPI,1,19475.31,0.05,19475.31,18501.54,0,4336.22,2025,2,February,Sunday,19475.31,18501.5445
2025-02-02,ORD043050,CUST00832,P020,Microwave,Home,Ahmedabad,Online,UPI,1,11077.87,0.2,11077.87,8862.3,0,2078.1,2025,2,February,Sunday,11077.87,8862.296
2025-02-02,ORD036634,CUST02103,P007,Backpack,Accessories,Ahmedabad,Store,UPI,1,2163.96,0.15,2163.96,1839.37,0,380.75,2025,2,February,Sunday,2163.96,1839.366
2025-02-02,ORD001622,CUST00188,P005,Office Chair,Furniture,Hyderabad,Online,UPI,1,8847.98,0.05,8847.98,8405.58,0,760.72,2025,2,February,Sunday,8847.98,8405.580999999998
2025-02-02,ORD038006,CUST01571,P016,Sofa,Furniture,Hyderabad,Store,UPI,1,32558.76,0.1,32558.76,29302.88,0,3265.42,2025,2,February,Sunday,32558.76,29302.884
2025-02-02,ORD037316,CUST02131,P003,Headphones,Electronics,Mumbai,Store,UPI,1,4473.35,0.0,4473.35,4473.35,0,998.06,2025,2,February,Sunday,4473.35,4473.35
2025-02-02,ORD037350,CUST00122,P017,Jeans,Fashion,Chennai,Online,UPI,4,2608.74,0.1,10434.96,9391.46,0,2245.81,2025,2,February,Sunday,10434.96,9391.464
2025-02-02,ORD037753,CUST02408,P004,Smartwatch,Electronics,Bengaluru,Online,Credit Card,1,6338.3,0.15,6338.3,5387.56,0,851.21,2025,2,February,Sunday,6338.3,5387.555
2025-02-02,ORD005188,CUST00464,P020,Microwave,Home,Mumbai,Store,UPI,1,9907.1,0.1,9907.1,8916.39,0,1011.89,2025,2,February,Sunday,9907.1,8916.390000000001
2025-02-02,ORD033160,CUST04687,P020,Microwave,Home,Delhi,Online,Credit Card,3,10968.83,0.15,32906.49,27970.52,0,3181.94,2025,2,February,Sunday,32906.49,27970.516499999998
2025-02-02,ORD046880,CUST03739,P005,Office Chair,Furniture,Bengaluru,Store,UPI,2,8679.07,0.0,17358.14,17358.14,0,3594.54,2025,2,February,Sunday,17358.14,17358.14
2025-02-02,ORD005705,CUST03977,P015,Dining Table,Furniture,Bengaluru,Online,Credit Card,2,20798.47,0.1,41596.94,37437.25,0,10118.48,2025,2,February,Sunday,41596.94,37437.24600000001
2025-02-02,ORD009307,CUST00945,P006,Desk,Furniture,Surat,Online,Debit Card,1,12947.14,0.0,12947.14,12947.14,0,1515.98,2025,2,February,Sunday,12947.14,12947.14
2025-02-02,ORD045308,CUST01050,P012,Air Fryer,Home,Delhi,Online,UPI,4,7517.52,0.0,30070.08,30070.08,0,6089.81,2025,2,February,Sunday,30070.08,30070.08
2025-02-02,ORD041302,CUST04380,P011,Mixer Grinder,Home,Chennai,Store,Debit Card,1,4608.27,0.1,4608.27,4147.44,0,662.39,2025,2,February,Sunday,4608.27,4147.443
2025-02-02,ORD047331,CUST02679,P009,T-Shirt,Fashion,Jaipur,Store,UPI,1,1227.16,0.05,1227.16,1165.8,0,231.79,2025,2,February,Sunday,1227.16,1165.8020000000001
2025-02-02,ORD031813,CUST03831,P012,Air Fryer,Home,Delhi,Store,UPI,1,6896.5,0.05,6896.5,6551.67,0,1082.77,2025,2,February,Sunday,6896.5,6551.674999999999
2025-02-02,ORD005900,CUST04640,P019,Vacuum Cleaner,Home,Chennai,Store,Credit Card,2,9371.17,0.15,18742.34,15930.99,0,803.83,2025,2,February,Sunday,18742.34,15930.989
2025-02-02,ORD002360,CUST00693,P001,Laptop,Electronics,Surat,Store,Debit Card,1,59192.16,0.1,59192.16,53272.94,0,12948.7,2025,2,February,Sunday,59192.16,53272.944
2025-02-02,ORD000381,CUST04115,P018,Jacket,Fashion,Mumbai,Online,UPI,5,5423.34,0.1,27116.7,24405.03,0,3706.8,2025,2,February,Sunday,27116.7,24405.030000000002
2025-02-02,ORD033226,CUST03874,P005,Office Chair,Furniture,Kolkata,Online,UPI,1,9797.37,0.0,9797.37,9797.37,0,2916.28,2025,2,February,Sunday,9797.37,9797.37
2025-02-02,ORD036134,CUST00804,P015,Dining Table,Furniture,Hyderabad,Online,Credit Card,2,19972.84,0.2,39945.68,31956.54,0,3717.06,2025,2,February,Sunday,39945.68,31956.544
2025-02-02,ORD049145,CUST04534,P018,Jacket,Fashion,Pune,Online,Cash,3,5032.69,0.1,15098.07,13588.26,0,3695.49,2025,2,February,Sunday,15098.07,13588.263
2025-02-02,ORD001170,CUST01152,P016,Sofa,Furniture,Ahmedabad,Online,UPI,1,35870.97,0.05,35870.97,34077.42,0,9408.44,2025,2,February,Sunday,35870.97,34077.4215
2025-02-02,ORD002158,CUST02645,P003,Headphones,Electronics,Delhi,Online,UPI,3,4906.39,0.0,14719.17,14719.17,0,4363.17,2025,2,February,Sunday,14719.170000000002,14719.17
2025-02-02,ORD032185,CUST03295,P014,Keyboard,Electronics,Mumbai,Online,UPI,1,2272.78,0.15,2272.78,1931.86,0,390.85,2025,2,February,Sunday,2272.78,1931.863
2025-02-02,ORD039792,CUST04005,P013,Monitor,Electronics,Ahmedabad,Online,UPI,1,16501.33,0.1,16501.33,14851.2,0,2433.4,2025,2,February,Sunday,16501.33,14851.197000000002
2025-02-02,ORD029695,CUST02562,P006,Desk,Furniture,Bengaluru,Online,Credit Card,1,11166.31,0.05,11166.31,10607.99,0,2629.37,2025,2,February,Sunday,11166.31,10607.994499999999
2025-02-02,ORD045161,CUST03815,P003,Headphones,Electronics,Surat,Online,UPI,1,4435.48,0.1,4435.48,3991.93,0,740.71,2025,2,February,Sunday,4435.48,3991.932
2025-02-02,ORD028546,CUST02184,P012,Air Fryer,Home,Bengaluru,Online,UPI,1,7919.47,0.25,7919.47,5939.6,1,-296.98,2025,2,February,Sunday,7919.47,5939.6025
2025-02-02,ORD005869,CUST01424,P007,Backpack,Accessories,Ahmedabad,Online,UPI,5,2008.47,0.0,10042.35,10042.35,0,2371.66,2025,2,February,Sunday,10042.35,10042.35
2025-02-02,ORD032407,CUST01519,P002,Smartphone,Electronics,Surat,Store,Debit Card,1,28202.15,0.05,28202.15,26792.04,0,3946.61,2025,2,February,Sunday,28202.15,26792.0425
2025-02-02,ORD023561,CUST00262,P005,Office Chair,Furniture,Jaipur,Online,Debit Card,4,9711.46,0.15,38845.84,33018.96,0,7166.69,2025,2,February,Sunday,38845.84,33018.96399999999
2025-02-02,ORD010808,CUST04079,P019,Vacuum Cleaner,Home,Hyderabad,Store,Credit Card,2,8171.11,0.25,16342.22,12256.66,0,2663.38,2025,2,February,Sunday,16342.22,12256.664999999999
2025-02-02,ORD025198,CUST01411,P011,Mixer Grinder,Home,Bengaluru,Online,Credit Card,4,5125.1,0.0,20500.4,20500.4,0,4069.23,2025,2,February,Sunday,20500.4,20500.4
2025-02-02,ORD016157,CUST03543,P005,Office Chair,Furniture,Bengaluru,Store,UPI,1,9531.82,0.15,9531.82,8102.05,0,1935.49,2025,2,February,Sunday,9531.82,8102.047
2025-02-02,ORD023451,CUST03620,P008,Running Shoes,Fashion,Mumbai,Store,Cash,5,3785.97,0.2,18929.85,15143.88,0,3337.25,2025,2,February,Sunday,18929.85,15143.88
2025-02-02,ORD024579,CUST02538,P005,Office Chair,Furniture,Chennai,Store,Debit Card,1,10010.77,0.05,10010.77,9510.23,0,1174.76,2025,2,February,Sunday,10010.77,9510.2315
2025-02-02,ORD009667,CUST03038,P003,Headphones,Electronics,Pune,Online,UPI,1,4881.38,0.25,4881.38,3661.04,0,234.7,2025,2,February,Sunday,4881.38,3661.035
2025-02-02,ORD017200,CUST00555,P012,Air Fryer,Home,Hyderabad,Online,Debit Card,3,7543.5,0.0,22630.5,22630.5,0,4721.58,2025,2,February,Sunday,22630.5,22630.5
2025-02-02,ORD020116,CUST03342,P020,Microwave,Home,Surat,Online,Cash,4,10066.12,0.1,40264.48,36238.03,0,5900.96,2025,2,February,Sunday,40264.48,36238.03200000001
2025-02-02,ORD019379,CUST03157,P012,Air Fryer,Home,Delhi,Online,Credit Card,2,7008.92,0.05,14017.84,13316.95,0,2185.25,2025,2,February,Sunday,14017.84,13316.948
2025-02-02,ORD025271,CUST04886,P017,Jeans,Fashion,Mumbai,Store,Cash,1,2798.19,0.05,2798.19,2658.28,0,328.82,2025,2,February,Sunday,2798.19,2658.2805
2025-02-02,ORD025816,CUST00331,P018,Jacket,Fashion,Kolkata,Store,Net Banking,1,4719.1,0.05,4719.1,4483.15,1,-224.16,2025,2,February,Sunday,4719.1,4483.145
2025-02-02,ORD018863,CUST01389,P005,Office Chair,Furniture,Bengaluru,Online,Debit Card,1,8790.34,0.1,8790.34,7911.31,0,771.95,2025,2,February,Sunday,8790.34,7911.3060000000005
2025-02-02,ORD016501,CUST01323,P008,Running Shoes,Fashion,Mumbai,Store,Credit Card,1,4470.9,0.05,4470.9,4247.35,0,759.3,2025,2,February,Sunday,4470.9,4247.355
2025-02-02,ORD019471,CUST03512,P003,Headphones,Electronics,Kolkata,Store,Cash,1,4871.58,0.05,4871.58,4628.0,0,1332.52,2025,2,February,Sunday,4871.58,4628.000999999999
2025-02-02,ORD024343,CUST03530,P012,Air Fryer,Home,Ahmedabad,Online,Credit Card,1,7847.97,0.05,7847.97,7455.57,0,1707.71,2025,2,February,Sunday,7847.97,7455.5715
2025-02-03,ORD038602,CUST00209,P010,Coffee Maker,Home,Chennai,Online,UPI,1,5342.79,0.1,5342.79,4808.51,0,991.71,2025,2,February,Monday,5342.79,4808.511
2025-02-03,ORD042547,CUST04045,P014,Keyboard,Electronics,Bengaluru,Online,Debit Card,1,2419.38,0.1,2419.38,2177.44,1,-108.87,2025,2,February,Monday,2419.38,2177.442
2025-02-03,ORD004778,CUST02105,P016,Sofa,Furniture,Chennai,Online,UPI,2,31833.91,0.1,63667.82,57301.04,0,9766.38,2025,2,February,Monday,63667.82,57301.038
2025-02-03,ORD047109,CUST02107,P014,Keyboard,Electronics,Delhi,Store,UPI,1,2731.72,0.1,2731.72,2458.55,0,541.48,2025,2,February,Monday,2731.72,2458.548
2025-02-03,ORD049684,CUST02154,P013,Monitor,Electronics,Pune,Online,Debit Card,1,18055.86,0.0,18055.86,18055.86,0,1611.94,2025,2,February,Monday,18055.86,18055.86
2025-02-03,ORD044148,CUST03652,P013,Monitor,Electronics,Bengaluru,Online,Debit Card,1,16765.75,0.2,16765.75,13412.6,0,950.92,2025,2,February,Monday,16765.75,13412.6
2025-02-03,ORD007806,CUST01749,P015,Dining Table,Furniture,Surat,Online,UPI,3,22290.4,0.15,66871.2,56840.52,0,5299.46,2025,2,February,Monday,66871.20000000001,56840.52
2025-02-03,ORD041023,CUST01957,P019,Vacuum Cleaner,Home,Delhi,Store,Credit Card,3,8925.53,0.05,26776.59,25437.76,0,3439.74,2025,2,February,Monday,26776.590000000004,25437.7605
2025-02-03,ORD009383,CUST01706,P010,Coffee Maker,Home,Mumbai,Store,UPI,1,5025.64,0.1,5025.64,4523.08,0,566.48,2025,2,February,Monday,5025.64,4523.076
2025-02-03,ORD010971,CUST03447,P003,Headphones,Electronics,Chennai,Store,UPI,1,4091.5,0.15,4091.5,3477.78,0,647.11,2025,2,February,Monday,4091.5,3477.775
2025-02-03,ORD032234,CUST01906,P011,Mixer Grinder,Home,Bengaluru,Store,Debit Card,2,4561.71,0.1,9123.42,8211.08,0,1196.86,2025,2,February,Monday,9123.42,8211.078
2025-02-03,ORD002016,CUST03130,P004,Smartwatch,Electronics,Bengaluru,Online,Credit Card,3,6374.41,0.0,19123.23,19123.23,0,2656.26,2025,2,February,Monday,19123.23,19123.23
2025-02-03,ORD038765,CUST04281,P013,Monitor,Electronics,Ahmedabad,Online,Cash,1,18842.83,0.2,18842.83,15074.26,0,1203.77,2025,2,February,Monday,18842.83,15074.264000000003
2025-02-03,ORD036854,CUST01997,P004,Smartwatch,Electronics,Surat,Online,UPI,1,7554.06,0.15,7554.06,6420.95,0,365.81,2025,2,February,Monday,7554.06,6420.951
2025-02-03,ORD001354,CUST03578,P006,Desk,Furniture,Chennai,Store,Debit Card,1,12179.41,0.0,12179.41,12179.41,0,3172.44,2025,2,February,Monday,12179.41,12179.41
2025-02-03,ORD011918,CUST03280,P017,Jeans,Fashion,Jaipur,Online,UPI,1,2910.95,0.0,2910.95,2910.95,0,760.04,2025,2,February,Monday,2910.95,2910.95
2025-02-03,ORD039483,CUST03107,P004,Smartwatch,Electronics,Mumbai,Online,Debit Card,3,6766.71,0.05,20300.13,19285.12,0,1970.43,2025,2,February,Monday,20300.13,19285.1235
2025-02-03,ORD022120,CUST03809,P008,Running Shoes,Fashion,Ahmedabad,Store,UPI,1,4290.47,0.0,4290.47,4290.47,0,1026.23,2025,2,February,Monday,4290.47,4290.47
2025-02-03,ORD043728,CUST03996,P009,T-Shirt,Fashion,Chennai,Online,Cash,2,1145.4,0.0,2290.8,2290.8,0,292.04,2025,2,February,Monday,2290.8,2290.8
2025-02-03,ORD046135,CUST02277,P009,T-Shirt,Fashion,Mumbai,Store,UPI,1,1249.8,0.2,1249.8,999.84,0,170.81,2025,2,February,Monday,1249.8,999.84
2025-02-03,ORD031844,CUST03281,P006,Desk,Furniture,Delhi,Online,UPI,1,11086.76,0.05,11086.76,10532.42,0,2684.91,2025,2,February,Monday,11086.76,10532.422
2025-02-03,ORD031266,CUST04382,P001,Laptop,Electronics,Bengaluru,Online,Net Banking,1,69401.12,0.1,69401.12,62461.01,0,12248.31,2025,2,February,Monday,69401.12,62461.007999999994
2025-02-03,ORD005852,CUST01516,P014,Keyboard,Electronics,Hyderabad,Store,UPI,1,2652.25,0.1,2652.25,2387.02,0,206.54,2025,2,February,Monday,2652.25,2387.025
2025-02-03,ORD022756,CUST04593,P009,T-Shirt,Fashion,Kolkata,Store,Debit Card,1,1215.39,0.1,1215.39,1093.85,1,-54.69,2025,2,February,Monday,1215.39,1093.851
2025-02-03,ORD047504,CUST03512,P008,Running Shoes,Fashion,Bengaluru,Store,Net Banking,4,4557.27,0.15,18229.08,15494.72,0,2935.66,2025,2,February,Monday,18229.08,15494.718
2025-02-03,ORD049714,CUST04989,P007,Backpack,Accessories,Pune,Online,Credit Card,5,2122.27,0.1,10611.35,9550.22,0,2193.23,2025,2,February,Monday,10611.35,9550.215
2025-02-03,ORD043748,CUST03980,P001,Laptop,Electronics,Mumbai,Online,UPI,1,59114.04,0.05,59114.04,56158.34,0,4869.38,2025,2,February,Monday,59114.04,56158.337999999996
2025-02-03,ORD039430,CUST00526,P014,Keyboard,Electronics,Hyderabad,Online,Credit Card,3,2573.44,0.1,7720.32,6948.29,0,1687.4,2025,2,February,Monday,7720.32,6948.288
2025-02-03,ORD049149,CUST01487,P018,Jacket,Fashion,Pune,Online,UPI,5,5394.9,0.2,26974.5,21579.6,0,1798.0,2025,2,February,Monday,26974.5,21579.600000000002
2025-02-03,ORD041006,CUST02674,P001,Laptop,Electronics,Chennai,Store,Cash,1,65354.15,0.15,65354.15,55551.03,0,4271.49,2025,2,February,Monday,65354.15,55551.0275
2025-02-03,ORD030631,CUST02090,P008,Running Shoes,Fashion,Chennai,Store,UPI,2,4394.73,0.1,8789.46,7910.51,1,-395.53,2025,2,February,Monday,8789.46,7910.513999999999
2025-02-03,ORD045642,CUST00865,P002,Smartphone,Electronics,Surat,Store,Net Banking,1,26264.03,0.25,26264.03,19698.02,0,2092.68,2025,2,February,Monday,26264.03,19698.0225
2025-02-03,ORD025240,CUST00821,P009,T-Shirt,Fashion,Surat,Online,Credit Card,1,1209.9,0.15,1209.9,1028.42,0,84.27,2025,2,February,Monday,1209.9,1028.415
2025-02-03,ORD017436,CUST03726,P006,Desk,Furniture,Delhi,Online,UPI,1,12392.22,0.0,12392.22,12392.22,0,2843.65,2025,2,February,Monday,12392.22,12392.22
2025-02-03,ORD044404,CUST00043,P008,Running Shoes,Fashion,Kolkata,Online,UPI,3,3952.59,0.15,11857.77,10079.1,0,1721.36,2025,2,February,Monday,11857.77,10079.1045
2025-02-03,ORD045823,CUST02219,P016,Sofa,Furniture,Ahmedabad,Online,UPI,1,32350.95,0.15,32350.95,27498.31,0,4569.77,2025,2,February,Monday,32350.95,27498.3075
2025-02-03,ORD017450,CUST01529,P004,Smartwatch,Electronics,Kolkata,Online,Net Banking,4,6504.48,0.05,26017.92,24717.02,0,3689.34,2025,2,February,Monday,26017.92,24717.023999999998
2025-02-03,ORD016510,CUST00870,P003,Headphones,Electronics,Pune,Online,UPI,2,4266.4,0.25,8532.8,6399.6,0,1143.84,2025,2,February,Monday,8532.8,6399.599999999999
2025-02-03,ORD008713,CUST00724,P014,Keyboard,Electronics,Mumbai,Online,Net Banking,2,2337.09,0.0,4674.18,4674.18,0,1399.69,2025,2,February,Monday,4674.18,4674.18
2025-02-03,ORD005223,CUST00608,P011,Mixer Grinder,Home,Pune,Online,Credit Card,1,4983.67,0.1,4983.67,4485.3,0,840.04,2025,2,February,Monday,4983.67,4485.303
2025-02-03,ORD045754,CUST03573,P013,Monitor,Electronics,Chennai,Online,Credit Card,3,18315.11,0.15,54945.33,46703.53,0,4548.71,2025,2,February,Monday,54945.33,46703.5305
2025-02-03,ORD039262,CUST03807,P013,Monitor,Electronics,Delhi,Online,UPI,1,19733.72,0.05,19733.72,18747.03,1,-937.35,2025,2,February,Monday,19733.72,18747.034
2025-02-03,ORD042395,CUST02348,P013,Monitor,Electronics,Jaipur,Online,UPI,1,19240.56,0.2,19240.56,15392.45,0,1193.21,2025,2,February,Monday,19240.56,15392.448000000002
2025-02-03,ORD008749,CUST03277,P003,Headphones,Electronics,Kolkata,Online,UPI,2,4235.31,0.25,8470.62,6352.96,0,1012.9,2025,2,February,Monday,8470.62,6352.965
2025-02-03,ORD019077,CUST03214,P019,Vacuum Cleaner,Home,Bengaluru,Online,Debit Card,1,9704.46,0.05,9704.46,9219.24,0,936.4,2025,2,February,Monday,9704.46,9219.237
2025-02-03,ORD000028,CUST02702,P013,Monitor,Electronics,Mumbai,Online,UPI,1,18460.42,0.0,18460.42,18460.42,0,1764.95,2025,2,February,Monday,18460.42,18460.42
2025-02-03,ORD027907,CUST02032,P020,Microwave,Home,Ahmedabad,Store,Cash,2,10393.91,0.05,20787.82,19748.43,0,3022.42,2025,2,February,Monday,20787.82,19748.429
2025-02-03,ORD036989,CUST03549,P007,Backpack,Accessories,Pune,Store,Debit Card,2,2163.08,0.1,4326.16,3893.54,0,297.06,2025,2,February,Monday,4326.16,3893.544
2025-02-03,ORD027813,CUST02323,P007,Backpack,Accessories,Hyderabad,Online,Credit Card,2,2058.98,0.2,4117.96,3294.37,0,254.65,2025,2,February,Monday,4117.96,3294.3680000000004
2025-02-03,ORD027899,CUST04682,P007,Backpack,Accessories,Surat,Online,UPI,3,2259.57,0.05,6778.71,6439.77,0,771.72,2025,2,February,Monday,6778.710000000001,6439.7744999999995
2025-02-03,ORD002334,CUST00922,P015,Dining Table,Furniture,Delhi,Online,UPI,2,22529.26,0.25,45058.52,33793.89,0,4856.61,2025,2,February,Monday,45058.52,33793.89
2025-02-03,ORD040930,CUST03339,P012,Air Fryer,Home,Pune,Store,Credit Card,1,7690.04,0.2,7690.04,6152.03,0,701.82,2025,2,February,Monday,7690.04,6152.032
2025-02-03,ORD034229,CUST00921,P003,Headphones,Electronics,Delhi,Store,UPI,1,4299.35,0.0,4299.35,4299.35,0,1282.33,2025,2,February,Monday,4299.35,4299.35
2025-02-03,ORD034194,CUST02649,P012,Air Fryer,Home,Chennai,Store,UPI,3,6979.37,0.15,20938.11,17797.39,0,4105.6,2025,2,February,Monday,20938.11,17797.3935
2025-02-03,ORD043539,CUST00764,P009,T-Shirt,Fashion,Bengaluru,Online,Cash,1,1275.03,0.0,1275.03,1275.03,1,-63.75,2025,2,February,Monday,1275.03,1275.03
2025-02-03,ORD039636,CUST04858,P016,Sofa,Furniture,Chennai,Store,Credit Card,1,33218.01,0.1,33218.01,29896.21,0,5952.85,2025,2,February,Monday,33218.01,29896.209000000003
2025-02-03,ORD016442,CUST01243,P004,Smartwatch,Electronics,Delhi,Online,Cash,2,7108.15,0.1,14216.3,12794.67,0,1217.61,2025,2,February,Monday,14216.3,12794.67
2025-02-03,ORD004212,CUST03593,P015,Dining Table,Furniture,Jaipur,Online,Credit Card,1,20840.16,0.1,20840.16,18756.14,0,1404.7,2025,2,February,Monday,20840.16,18756.144
2025-02-03,ORD013608,CUST04069,P011,Mixer Grinder,Home,Bengaluru,Store,Cash,1,4974.06,0.1,4974.06,4476.65,0,980.6,2025,2,February,Monday,4974.06,4476.654
2025-02-03,ORD007565,CUST03306,P004,Smartwatch,Electronics,Pune,Online,UPI,1,6773.11,0.0,6773.11,6773.11,0,2023.08,2025,2,February,Monday,6773.11,6773.11
2025-02-03,ORD044348,CUST02784,P016,Sofa,Furniture,Surat,Online,UPI,2,36891.89,0.15,73783.78,62716.21,0,12279.25,2025,2,February,Monday,73783.78,62716.212999999996
2025-02-03,ORD040034,CUST00517,P006,Desk,Furniture,Mumbai,Store,UPI,1,13177.94,0.25,13177.94,9883.46,0,2459.07,2025,2,February,Monday,13177.94,9883.455
2025-02-03,ORD027402,CUST00489,P020,Microwave,Home,Mumbai,Store,UPI,4,11945.49,0.1,47781.96,43003.76,0,5312.3,2025,2,February,Monday,47781.96,43003.764
2025-02-03,ORD016319,CUST03456,P020,Microwave,Home,Hyderabad,Online,Credit Card,3,10238.76,0.05,30716.28,29180.47,0,8323.85,2025,2,February,Monday,30716.28,29180.465999999997
2025-02-03,ORD046801,CUST03365,P007,Backpack,Accessories,Delhi,Online,Credit Card,1,2089.51,0.2,2089.51,1671.61,1,-83.58,2025,2,February,Monday,2089.51,1671.6080000000002
2025-02-03,ORD044682,CUST04831,P019,Vacuum Cleaner,Home,Pune,Online,UPI,2,8931.54,0.15,17863.08,15183.62,0,2159.96,2025,2,February,Monday,17863.08,15183.618
2025-02-03,ORD048453,CUST02928,P001,Laptop,Electronics,Hyderabad,Store,UPI,1,63863.81,0.1,63863.81,57477.43,0,6971.14,2025,2,February,Monday,63863.81,57477.429
2025-02-04,ORD043407,CUST04259,P013,Monitor,Electronics,Pune,Store,Net Banking,2,17268.6,0.15,34537.2,29356.62,0,7495.53,2025,2,February,Tuesday,34537.2,29356.619999999995
2025-02-04,ORD047516,CUST00054,P020,Microwave,Home,Hyderabad,Online,Credit Card,2,11309.11,0.15,22618.22,19225.49,0,2978.4,2025,2,February,Tuesday,22618.22,19225.487
2025-02-04,ORD000055,CUST04720,P002,Smartphone,Electronics,Chennai,Store,Credit Card,1,26923.55,0.15,26923.55,22885.02,0,6017.71,2025,2,February,Tuesday,26923.55,22885.017499999998
2025-02-04,ORD022410,CUST03132,P005,Office Chair,Furniture,Jaipur,Online,Credit Card,4,10068.45,0.05,40273.8,38260.11,0,5203.66,2025,2,February,Tuesday,40273.8,38260.11
2025-02-04,ORD019911,CUST03000,P013,Monitor,Electronics,Chennai,Online,Credit Card,1,18713.19,0.05,18713.19,17777.53,0,4951.26,2025,2,February,Tuesday,18713.19,17777.530499999997
2025-02-04,ORD037420,CUST02105,P019,Vacuum Cleaner,Home,Bengaluru,Online,Credit Card,3,8909.1,0.0,26727.3,26727.3,0,2621.47,2025,2,February,Tuesday,26727.300000000003,26727.3
2025-02-04,ORD033018,CUST04783,P009,T-Shirt,Fashion,Ahmedabad,Online,Debit Card,2,1261.32,0.05,2522.64,2396.51,0,643.8,2025,2,February,Tuesday,2522.64,2396.508
2025-02-04,ORD008707,CUST04316,P019,Vacuum Cleaner,Home,Chennai,Store,Debit Card,1,9259.96,0.1,9259.96,8333.96,0,828.52,2025,2,February,Tuesday,9259.96,8333.964
2025-02-04,ORD027781,CUST02175,P003,Headphones,Electronics,Bengaluru,Store,Cash,1,4328.81,0.25,4328.81,3246.61,0,773.28,2025,2,February,Tuesday,4328.81,3246.6075
2025-02-04,ORD020325,CUST04867,P005,Office Chair,Furniture,Delhi,Store,Credit Card,2,8748.35,0.15,17496.7,14872.2,0,1170.04,2025,2,February,Tuesday,17496.7,14872.195
2025-02-04,ORD048754,CUST02786,P011,Mixer Grinder,Home,Chennai,Online,UPI,1,4534.02,0.15,4534.02,3853.92,0,428.54,2025,2,February,Tuesday,4534.02,3853.9170000000004
2025-02-04,ORD033135,CUST04210,P017,Jeans,Fashion,Pune,Online,UPI,1,2703.14,0.2,2703.14,2162.51,0,293.25,2025,2,February,Tuesday,2703.14,2162.512
2025-02-04,ORD035538,CUST02704,P017,Jeans,Fashion,Hyderabad,Online,Credit Card,1,2696.75,0.05,2696.75,2561.91,0,381.24,2025,2,February,Tuesday,2696.75,2561.9125
2025-02-04,ORD015735,CUST03428,P010,Coffee Maker,Home,Kolkata,Store,Debit Card,1,5265.08,0.25,5265.08,3948.81,0,468.52,2025,2,February,Tuesday,5265.08,3948.81
2025-02-04,ORD024031,CUST01764,P016,Sofa,Furniture,Kolkata,Store,Credit Card,1,37032.21,0.15,37032.21,31477.38,0,7147.39,2025,2,February,Tuesday,37032.21,31477.3785
2025-02-04,ORD026349,CUST00005,P009,T-Shirt,Fashion,Kolkata,Store,UPI,1,1099.57,0.1,1099.57,989.61,0,163.52,2025,2,February,Tuesday,1099.57,989.6129999999999
2025-02-04,ORD017006,CUST00536,P018,Jacket,Fashion,Chennai,Store,UPI,1,4750.15,0.1,4750.15,4275.14,0,797.84,2025,2,February,Tuesday,4750.15,4275.135
2025-02-04,ORD046971,CUST04660,P012,Air Fryer,Home,Pune,Online,Net Banking,1,6654.13,0.0,6654.13,6654.13,0,1233.04,2025,2,February,Tuesday,6654.13,6654.13
2025-02-04,ORD030359,CUST02268,P012,Air Fryer,Home,Pune,Store,UPI,4,7121.07,0.0,28484.28,28484.28,0,5034.22,2025,2,February,Tuesday,28484.28,28484.28
2025-02-04,ORD038907,CUST01229,P008,Running Shoes,Fashion,Pune,Online,Net Banking,5,4536.07,0.05,22680.35,21546.33,0,6113.8,2025,2,February,Tuesday,22680.35,21546.332499999997
2025-02-04,ORD041319,CUST02008,P002,Smartphone,Electronics,Hyderabad,Online,UPI,1,28156.39,0.15,28156.39,23932.93,0,5524.69,2025,2,February,Tuesday,28156.39,23932.9315
2025-02-04,ORD044893,CUST02170,P010,Coffee Maker,Home,Delhi,Online,Credit Card,1,5316.23,0.1,5316.23,4784.61,0,302.21,2025,2,February,Tuesday,5316.23,4784.607
2025-02-04,ORD036527,CUST03277,P002,Smartphone,Electronics,Chennai,Online,Debit Card,5,27063.36,0.1,135316.8,121785.12,0,23639.48,2025,2,February,Tuesday,135316.8,121785.12
2025-02-04,ORD018722,CUST02107,P004,Smartwatch,Electronics,Mumbai,Online,Credit Card,1,6643.02,0.05,6643.02,6310.87,0,674.43,2025,2,February,Tuesday,6643.02,6310.869
2025-02-04,ORD048189,CUST00436,P020,Microwave,Home,Bengaluru,Store,UPI,3,11159.91,0.1,33479.73,30131.76,0,2429.02,2025,2,February,Tuesday,33479.729999999996,30131.757000000005
2025-02-04,ORD031909,CUST01553,P013,Monitor,Electronics,Hyderabad,Online,UPI,3,19087.93,0.0,57263.79,57263.79,0,5843.67,2025,2,February,Tuesday,57263.79,57263.79
2025-02-04,ORD033476,CUST00637,P019,Vacuum Cleaner,Home,Delhi,Store,UPI,5,8232.08,0.05,41160.4,39102.38,0,5919.52,2025,2,February,Tuesday,41160.4,39102.38
2025-02-04,ORD025530,CUST00489,P020,Microwave,Home,Bengaluru,Online,Credit Card,1,11170.61,0.1,11170.61,10053.55,0,2557.81,2025,2,February,Tuesday,11170.61,10053.549
2025-02-04,ORD045526,CUST00672,P011,Mixer Grinder,Home,Kolkata,Online,Debit Card,1,5032.83,0.05,5032.83,4781.19,0,504.16,2025,2,February,Tuesday,5032.83,4781.188499999999
2025-02-04,ORD001387,CUST02046,P015,Dining Table,Furniture,Ahmedabad,Online,Debit Card,5,20900.91,0.15,104504.55,88828.87,0,15678.79,2025,2,February,Tuesday,104504.55,88828.8675
2025-02-04,ORD033137,CUST02883,P007,Backpack,Accessories,Delhi,Online,Credit Card,1,2275.74,0.1,2275.74,2048.17,0,235.93,2025,2,February,Tuesday,2275.74,2048.1659999999997
2025-02-04,ORD016003,CUST00788,P011,Mixer Grinder,Home,Jaipur,Online,UPI,1,4906.11,0.05,4906.11,4660.8,0,936.0,2025,2,February,Tuesday,4906.11,4660.804499999999
2025-02-04,ORD036819,CUST00147,P008,Running Shoes,Fashion,Chennai,Store,UPI,1,3820.06,0.1,3820.06,3438.05,0,852.28,2025,2,February,Tuesday,3820.06,3438.054
2025-02-04,ORD043541,CUST00026,P005,Office Chair,Furniture,Ahmedabad,Online,UPI,2,9492.51,0.1,18985.02,17086.52,0,2191.1,2025,2,February,Tuesday,18985.02,17086.518
2025-02-04,ORD001492,CUST00846,P015,Dining Table,Furniture,Jaipur,Online,Debit Card,1,23405.0,0.05,23405.0,22234.75,0,6358.12,2025,2,February,Tuesday,23405.0,22234.75
2025-02-04,ORD040001,CUST01323,P014,Keyboard,Electronics,Chennai,Online,Debit Card,2,2481.41,0.05,4962.82,4714.68,0,841.53,2025,2,February,Tuesday,4962.82,4714.678999999999
2025-02-04,ORD031702,CUST00083,P010,Coffee Maker,Home,Kolkata,Online,Debit Card,5,5643.31,0.15,28216.55,23984.07,0,3080.56,2025,2,February,Tuesday,28216.550000000003,23984.067499999997
2025-02-04,ORD004442,CUST02932,P005,Office Chair,Furniture,Jaipur,Online,UPI,4,9040.73,0.1,36162.92,32546.63,0,7185.85,2025,2,February,Tuesday,36162.92,32546.628
2025-02-04,ORD003786,CUST02792,P012,Air Fryer,Home,Hyderabad,Online,Credit Card,3,7892.28,0.15,23676.84,20125.31,0,1401.23,2025,2,February,Tuesday,23676.84,20125.314
2025-02-04,ORD038009,CUST00835,P001,Laptop,Electronics,Jaipur,Online,UPI,2,71489.45,0.05,142978.9,135829.95,0,36097.0,2025,2,February,Tuesday,142978.9,135829.955
2025-02-04,ORD012398,CUST03600,P001,Laptop,Electronics,Kolkata,Online,UPI,5,60727.91,0.2,303639.55,242911.64,0,48093.53,2025,2,February,Tuesday,303639.55000000005,242911.64
2025-02-04,ORD016187,CUST04129,P016,Sofa,Furniture,Surat,Online,Credit Card,1,38152.64,0.05,38152.64,36245.01,0,8219.09,2025,2,February,Tuesday,38152.64,36245.007999999994
2025-02-04,ORD015949,CUST03145,P017,Jeans,Fashion,Mumbai,Store,Credit Card,1,2628.62,0.05,2628.62,2497.19,0,214.54,2025,2,February,Tuesday,2628.62,2497.189
2025-02-04,ORD009050,CUST04393,P015,Dining Table,Furniture,Mumbai,Online,UPI,1,23686.58,0.0,23686.58,23686.58,0,5847.92,2025,2,February,Tuesday,23686.58,23686.58
2025-02-04,ORD040636,CUST01008,P020,Microwave,Home,Chennai,Store,Debit Card,2,10640.79,0.1,21281.58,19153.42,0,4019.98,2025,2,February,Tuesday,21281.58,19153.422000000002
2025-02-04,ORD044075,CUST01163,P009,T-Shirt,Fashion,Mumbai,Online,UPI,1,1160.41,0.05,1160.41,1102.39,0,139.54,2025,2,February,Tuesday,1160.41,1102.3895
2025-02-04,ORD017600,CUST00569,P019,Vacuum Cleaner,Home,Pune,Store,Credit Card,1,8819.81,0.05,8819.81,8378.82,0,749.23,2025,2,February,Tuesday,8819.81,8378.8195
2025-02-04,ORD029872,CUST04110,P020,Microwave,Home,Jaipur,Online,UPI,1,10551.16,0.05,10551.16,10023.6,0,1593.91,2025,2,February,Tuesday,10551.16,10023.601999999999
2025-02-04,ORD041076,CUST04626,P003,Headphones,Electronics,Jaipur,Store,Cash,1,4665.24,0.05,4665.24,4431.98,0,733.25,2025,2,February,Tuesday,4665.24,4431.977999999999
2025-02-04,ORD041229,CUST01316,P018,Jacket,Fashion,Chennai,Online,Cash,1,5633.71,0.1,5633.71,5070.34,0,1031.74,2025,2,February,Tuesday,5633.71,5070.339
2025-02-04,ORD022539,CUST04938,P004,Smartwatch,Electronics,Kolkata,Online,Debit Card,2,6300.55,0.05,12601.1,11971.04,0,1397.17,2025,2,February,Tuesday,12601.1,11971.045
2025-02-04,ORD028418,CUST01817,P013,Monitor,Electronics,Jaipur,Online,Credit Card,1,16337.53,0.1,16337.53,14703.78,1,-735.19,2025,2,February,Tuesday,16337.53,14703.777
2025-02-04,ORD036006,CUST03488,P003,Headphones,Electronics,Bengaluru,Online,UPI,1,4100.97,0.05,4100.97,3895.92,0,654.73,2025,2,February,Tuesday,4100.97,3895.9215
2025-02-04,ORD011530,CUST03214,P005,Office Chair,Furniture,Jaipur,Store,UPI,1,8890.58,0.1,8890.58,8001.52,0,1401.71,2025,2,February,Tuesday,8890.58,8001.522
2025-02-04,ORD029099,CUST03732,P001,Laptop,Electronics,Jaipur,Online,Credit Card,1,59173.85,0.0,59173.85,59173.85,0,12207.68,2025,2,February,Tuesday,59173.85,59173.85
2025-02-04,ORD036868,CUST04286,P003,Headphones,Electronics,Delhi,Store,Debit Card,4,4857.05,0.05,19428.2,18456.79,0,3730.45,2025,2,February,Tuesday,19428.2,18456.79
2025-02-04,ORD040447,CUST02837,P018,Jacket,Fashion,Mumbai,Online,Net Banking,5,5158.75,0.05,25793.75,24504.06,0,6604.99,2025,2,February,Tuesday,25793.75,24504.0625
2025-02-04,ORD006568,CUST03701,P012,Air Fryer,Home,Delhi,Store,UPI,1,7266.25,0.05,7266.25,6902.94,0,1720.04,2025,2,February,Tuesday,7266.25,6902.9375
2025-02-04,ORD018756,CUST04714,P020,Microwave,Home,Bengaluru,Online,Credit Card,2,12023.71,0.0,24047.42,24047.42,0,3210.44,2025,2,February,Tuesday,24047.42,24047.42
2025-02-04,ORD030580,CUST01311,P009,T-Shirt,Fashion,Surat,Online,UPI,2,1251.22,0.05,2502.44,2377.32,0,167.62,2025,2,February,Tuesday,2502.44,2377.3179999999998
2025-02-04,ORD002542,CUST03218,P015,Dining Table,Furniture,Surat,Online,Cash,1,23539.01,0.05,23539.01,22362.06,0,5107.76,2025,2,February,Tuesday,23539.01,22362.059499999996
2025-02-04,ORD043509,CUST01610,P009,T-Shirt,Fashion,Chennai,Online,UPI,1,1130.85,0.2,1130.85,904.68,0,204.57,2025,2,February,Tuesday,1130.85,904.68
2025-02-04,ORD014751,CUST04706,P002,Smartphone,Electronics,Bengaluru,Online,UPI,1,29621.43,0.2,29621.43,23697.14,0,5168.04,2025,2,February,Tuesday,29621.43,23697.144
2025-02-04,ORD016350,CUST02988,P016,Sofa,Furniture,Chennai,Store,Debit Card,1,36531.62,0.1,36531.62,32878.46,0,7129.1,2025,2,February,Tuesday,36531.62,32878.458000000006
2025-02-04,ORD045714,CUST04452,P013,Monitor,Electronics,Mumbai,Online,Cash,4,18415.97,0.25,73663.88,55247.91,0,9172.42,2025,2,February,Tuesday,73663.88,55247.91
2025-02-04,ORD032157,CUST01850,P010,Coffee Maker,Home,Pune,Online,UPI,1,4998.66,0.05,4998.66,4748.73,0,999.66,2025,2,February,Tuesday,4998.66,4748.727
2025-02-04,ORD032473,CUST01661,P019,Vacuum Cleaner,Home,Pune,Online,UPI,1,8999.97,0.1,8999.97,8099.97,0,1267.85,2025,2,February,Tuesday,8999.97,8099.973
2025-02-05,ORD015490,CUST00905,P013,Monitor,Electronics,Delhi,Online,UPI,1,16373.1,0.15,16373.1,13917.14,0,2098.08,2025,2,February,Wednesday,16373.1,13917.135
2025-02-05,ORD031861,CUST01468,P002,Smartphone,Electronics,Surat,Store,Cash,1,30596.12,0.2,30596.12,24476.9,0,2805.7,2025,2,February,Wednesday,30596.12,24476.896
2025-02-05,ORD020365,CUST02583,P013,Monitor,Electronics,Surat,Online,Credit Card,1,17440.5,0.1,17440.5,15696.45,0,3691.88,2025,2,February,Wednesday,17440.5,15696.45
2025-02-05,ORD017315,CUST03305,P008,Running Shoes,Fashion,Kolkata,Store,Credit Card,1,4047.29,0.05,4047.29,3844.93,0,779.86,2025,2,February,Wednesday,4047.29,3844.9255
2025-02-05,ORD016065,CUST01301,P012,Air Fryer,Home,Surat,Online,UPI,5,6550.91,0.1,32754.55,29479.1,1,-1473.96,2025,2,February,Wednesday,32754.55,29479.095
2025-02-05,ORD007961,CUST02405,P008,Running Shoes,Fashion,Bengaluru,Online,Credit Card,1,4303.33,0.1,4303.33,3873.0,0,848.6,2025,2,February,Wednesday,4303.33,3872.997
2025-02-05,ORD020189,CUST03242,P014,Keyboard,Electronics,Chennai,Store,UPI,3,2554.49,0.15,7663.47,6513.95,0,1380.62,2025,2,February,Wednesday,7663.469999999999,6513.9495
2025-02-05,ORD032048,CUST00265,P010,Coffee Maker,Home,Ahmedabad,Online,Credit Card,1,4995.71,0.2,4995.71,3996.57,1,-199.83,2025,2,February,Wednesday,4995.71,3996.568
2025-02-05,ORD002252,CUST04662,P009,T-Shirt,Fashion,Kolkata,Online,UPI,1,1103.6,0.1,1103.6,993.24,1,-49.66,2025,2,February,Wednesday,1103.6,993.2399999999999
2025-02-05,ORD014690,CUST00679,P014,Keyboard,Electronics,Ahmedabad,Online,Credit Card,1,2526.85,0.05,2526.85,2400.51,0,262.83,2025,2,February,Wednesday,2526.85,2400.5074999999997
2025-02-05,ORD047384,CUST02831,P014,Keyboard,Electronics,Ahmedabad,Online,Net Banking,1,2687.79,0.0,2687.79,2687.79,0,561.27,2025,2,February,Wednesday,2687.79,2687.79
2025-02-05,ORD039305,CUST01353,P017,Jeans,Fashion,Kolkata,Online,UPI,3,2669.74,0.05,8009.22,7608.76,0,1579.94,2025,2,February,Wednesday,8009.219999999999,7608.759
2025-02-05,ORD038010,CUST00440,P002,Smartphone,Electronics,Surat,Store,Debit Card,2,26545.14,0.1,53090.28,47781.25,0,8341.71,2025,2,February,Wednesday,53090.28,47781.252
2025-02-05,ORD037298,CUST02702,P016,Sofa,Furniture,Delhi,Online,UPI,1,38023.62,0.05,38023.62,36122.44,0,4058.36,2025,2,February,Wednesday,38023.62,36122.439
2025-02-05,ORD038417,CUST04978,P005,Office Chair,Furniture,Jaipur,Store,Credit Card,1,10304.54,0.15,10304.54,8758.86,0,2114.08,2025,2,February,Wednesday,10304.54,8758.859
2025-02-05,ORD012757,CUST03163,P005,Office Chair,Furniture,Chennai,Online,Cash,2,9229.61,0.05,18459.22,17536.26,0,3189.79,2025,2,February,Wednesday,18459.22,17536.259000000002
2025-02-05,ORD037575,CUST00720,P011,Mixer Grinder,Home,Mumbai,Store,Net Banking,1,4572.64,0.0,4572.64,4572.64,0,510.72,2025,2,February,Wednesday,4572.64,4572.64
2025-02-05,ORD001133,CUST03662,P018,Jacket,Fashion,Hyderabad,Store,UPI,2,5041.54,0.0,10083.08,10083.08,1,-504.15,2025,2,February,Wednesday,10083.08,10083.08
2025-02-05,ORD006212,CUST03604,P003,Headphones,Electronics,Surat,Online,Debit Card,3,4117.47,0.2,12352.41,9881.93,0,748.72,2025,2,February,Wednesday,12352.41,9881.928
2025-02-05,ORD045245,CUST02425,P007,Backpack,Accessories,Bengaluru,Store,UPI,3,2182.99,0.1,6548.97,5894.07,0,1372.81,2025,2,February,Wednesday,6548.969999999999,5894.073
2025-02-05,ORD025519,CUST04155,P016,Sofa,Furniture,Hyderabad,Online,Debit Card,4,36985.08,0.05,147940.32,140543.3,0,10527.37,2025,2,February,Wednesday,147940.32,140543.304
2025-02-05,ORD039017,CUST04064,P011,Mixer Grinder,Home,Pune,Online,Net Banking,4,4467.07,0.1,17868.28,16081.45,0,2640.2,2025,2,February,Wednesday,17868.28,16081.452
2025-02-05,ORD006462,CUST01919,P013,Monitor,Electronics,Mumbai,Store,Debit Card,3,17372.85,0.1,52118.55,46906.7,1,-2345.34,2025,2,February,Wednesday,52118.549999999996,46906.69500000001
2025-02-05,ORD046222,CUST02652,P015,Dining Table,Furniture,Chennai,Store,Net Banking,3,24004.66,0.25,72013.98,54010.48,0,2534.02,2025,2,February,Wednesday,72013.98,54010.485
2025-02-05,ORD042862,CUST03260,P003,Headphones,Electronics,Mumbai,Store,UPI,2,4804.48,0.2,9608.96,7687.17,0,1246.46,2025,2,February,Wednesday,9608.96,7687.168
2025-02-05,ORD001827,CUST03968,P020,Microwave,Home,Chennai,Store,Credit Card,1,11700.19,0.15,11700.19,9945.16,1,-497.26,2025,2,February,Wednesday,11700.19,9945.1615
2025-02-05,ORD011485,CUST04750,P007,Backpack,Accessories,Bengaluru,Online,UPI,3,2073.67,0.15,6221.01,5287.86,0,1235.13,2025,2,February,Wednesday,6221.01,5287.8585
2025-02-05,ORD015022,CUST03791,P017,Jeans,Fashion,Ahmedabad,Online,Debit Card,1,2934.15,0.0,2934.15,2934.15,0,702.44,2025,2,February,Wednesday,2934.15,2934.15
2025-02-05,ORD044590,CUST03627,P015,Dining Table,Furniture,Jaipur,Online,UPI,4,19831.22,0.25,79324.88,59493.66,0,8384.91,2025,2,February,Wednesday,79324.88,59493.66
2025-02-05,ORD019330,CUST03503,P009,T-Shirt,Fashion,Bengaluru,Store,UPI,3,1237.75,0.2,3713.25,2970.6,1,-148.53,2025,2,February,Wednesday,3713.25,2970.6000000000004
2025-02-05,ORD007772,CUST01015,P002,Smartphone,Electronics,Bengaluru,Online,UPI,3,29729.19,0.1,89187.57,80268.81,0,19919.47,2025,2,February,Wednesday,89187.56999999999,80268.81300000001
2025-02-05,ORD017462,CUST02912,P004,Smartwatch,Electronics,Surat,Store,UPI,2,6618.35,0.15,13236.7,11251.2,0,2711.43,2025,2,February,Wednesday,13236.7,11251.195
2025-02-05,ORD022654,CUST04979,P012,Air Fryer,Home,Hyderabad,Online,UPI,1,7421.75,0.15,7421.75,6308.49,0,507.85,2025,2,February,Wednesday,7421.75,6308.4875
2025-02-05,ORD041723,CUST04018,P005,Office Chair,Furniture,Mumbai,Store,UPI,1,8673.25,0.05,8673.25,8239.59,0,729.38,2025,2,February,Wednesday,8673.25,8239.5875
2025-02-05,ORD035820,CUST00273,P007,Backpack,Accessories,Chennai,Online,UPI,2,2088.34,0.1,4176.68,3759.01,0,1040.01,2025,2,February,Wednesday,4176.68,3759.012
2025-02-05,ORD011891,CUST00406,P015,Dining Table,Furniture,Chennai,Store,Net Banking,3,20152.15,0.1,60456.45,54410.81,0,9890.94,2025,2,February,Wednesday,60456.450000000004,54410.805
2025-02-05,ORD001528,CUST01585,P015,Dining Table,Furniture,Chennai,Online,UPI,2,23929.84,0.05,47859.68,45466.7,0,11628.26,2025,2,February,Wednesday,47859.68,45466.695999999996
2025-02-05,ORD017883,CUST01388,P002,Smartphone,Electronics,Delhi,Store,UPI,1,30419.86,0.15,30419.86,25856.88,0,5696.63,2025,2,February,Wednesday,30419.86,25856.881
2025-02-05,ORD048592,CUST03160,P009,T-Shirt,Fashion,Pune,Online,Credit Card,2,1257.99,0.2,2515.98,2012.78,0,457.89,2025,2,February,Wednesday,2515.98,2012.784
2025-02-05,ORD032460,CUST02985,P002,Smartphone,Electronics,Hyderabad,Store,UPI,1,30403.41,0.1,30403.41,27363.07,0,4637.52,2025,2,February,Wednesday,30403.41,27363.069
2025-02-05,ORD049319,CUST03370,P018,Jacket,Fashion,Ahmedabad,Store,UPI,5,5296.78,0.1,26483.9,23835.51,0,2322.04,2025,2,February,Wednesday,26483.899999999998,23835.510000000002
2025-02-05,ORD031687,CUST02089,P006,Desk,Furniture,Ahmedabad,Online,Credit Card,4,12375.84,0.05,49503.36,47028.19,0,12730.53,2025,2,February,Wednesday,49503.36,47028.191999999995
2025-02-05,ORD002084,CUST02028,P006,Desk,Furniture,Pune,Online,UPI,1,11590.18,0.05,11590.18,11010.67,0,2814.01,2025,2,February,Wednesday,11590.18,11010.671
2025-02-05,ORD009636,CUST00390,P007,Backpack,Accessories,Kolkata,Store,Credit Card,1,2090.83,0.15,2090.83,1777.21,0,396.7,2025,2,February,Wednesday,2090.83,1777.2054999999998
2025-02-05,ORD019364,CUST00206,P010,Coffee Maker,Home,Mumbai,Online,Credit Card,2,5839.22,0.1,11678.44,10510.6,0,2136.12,2025,2,February,Wednesday,11678.44,10510.596000000001
2025-02-05,ORD029960,CUST00360,P003,Headphones,Electronics,Bengaluru,Online,UPI,1,4182.68,0.1,4182.68,3764.41,0,701.99,2025,2,February,Wednesday,4182.68,3764.4120000000003
2025-02-05,ORD038502,CUST02014,P003,Headphones,Electronics,Hyderabad,Online,Cash,1,4514.64,0.15,4514.64,3837.44,0,449.76,2025,2,February,Wednesday,4514.64,3837.444
2025-02-05,ORD024869,CUST00989,P020,Microwave,Home,Ahmedabad,Online,Credit Card,1,11193.92,0.1,11193.92,10074.53,0,1385.58,2025,2,February,Wednesday,11193.92,10074.528
2025-02-05,ORD015447,CUST04821,P013,Monitor,Electronics,Ahmedabad,Store,Credit Card,1,17586.57,0.2,17586.57,14069.26,0,2762.38,2025,2,February,Wednesday,17586.57,14069.256000000001
2025-02-05,ORD003944,CUST01011,P010,Coffee Maker,Home,Surat,Store,UPI,1,5853.06,0.05,5853.06,5560.41,1,-278.02,2025,2,February,Wednesday,5853.06,5560.407
2025-02-05,ORD040226,CUST04022,P020,Microwave,Home,Jaipur,Online,UPI,3,11152.77,0.25,33458.31,25093.73,0,4171.66,2025,2,February,Wednesday,33458.31,25093.7325
2025-02-05,ORD015204,CUST03982,P015,Dining Table,Furniture,Bengaluru,Store,Credit Card,2,21301.58,0.0,42603.16,42603.16,0,12227.72,2025,2,February,Wednesday,42603.16,42603.16
2025-02-05,ORD048613,CUST04031,P013,Monitor,Electronics,Pune,Online,UPI,5,18620.31,0.2,93101.55,74481.24,0,18752.02,2025,2,February,Wednesday,93101.55,74481.24
2025-02-05,ORD021696,CUST03628,P017,Jeans,Fashion,Pune,Online,UPI,1,2536.99,0.05,2536.99,2410.14,1,-120.51,2025,2,February,Wednesday,2536.99,2410.1404999999995
2025-02-05,ORD033182,CUST04734,P001,Laptop,Electronics,Hyderabad,Online,UPI,1,59083.33,0.05,59083.33,56129.16,0,8520.01,2025,2,February,Wednesday,59083.33,56129.1635
2025-02-05,ORD047116,CUST00272,P007,Backpack,Accessories,Delhi,Online,Credit Card,1,2201.06,0.15,2201.06,1870.9,0,121.21,2025,2,February,Wednesday,2201.06,1870.9009999999998
2025-02-05,ORD008297,CUST00976,P012,Air Fryer,Home,Ahmedabad,Store,UPI,1,7692.79,0.1,7692.79,6923.51,0,492.19,2025,2,February,Wednesday,7692.79,6923.511
2025-02-05,ORD046481,CUST01320,P016,Sofa,Furniture,Kolkata,Online,UPI,1,36649.87,0.15,36649.87,31152.39,0,3289.59,2025,2,February,Wednesday,36649.87,31152.3895
2025-02-06,ORD044570,CUST04965,P001,Laptop,Electronics,Pune,Store,Debit Card,1,61004.11,0.1,61004.11,54903.7,0,7368.75,2025,2,February,Thursday,61004.11,54903.699
2025-02-06,ORD013625,CUST01918,P017,Jeans,Fashion,Bengaluru,Online,UPI,1,2902.96,0.05,2902.96,2757.81,0,532.41,2025,2,February,Thursday,2902.96,2757.812
2025-02-06,ORD028178,CUST04797,P006,Desk,Furniture,Pune,Online,Debit Card,3,11093.74,0.1,33281.22,29953.1,0,5592.38,2025,2,February,Thursday,33281.22,29953.098
2025-02-06,ORD042049,CUST03053,P012,Air Fryer,Home,Pune,Online,Cash,4,6538.72,0.0,26154.88,26154.88,1,-1307.74,2025,2,February,Thursday,26154.88,26154.88
2025-02-06,ORD010805,CUST02239,P012,Air Fryer,Home,Surat,Online,Credit Card,1,6961.0,0.05,6961.0,6612.95,1,-330.65,2025,2,February,Thursday,6961.0,6612.95
2025-02-06,ORD028610,CUST00312,P004,Smartwatch,Electronics,Hyderabad,Online,Credit Card,1,6998.31,0.25,6998.31,5248.73,1,-262.44,2025,2,February,Thursday,6998.31,5248.7325
2025-02-06,ORD037442,CUST03546,P008,Running Shoes,Fashion,Kolkata,Online,UPI,3,3866.91,0.2,11600.73,9280.58,0,2289.53,2025,2,February,Thursday,11600.73,9280.584
2025-02-06,ORD001877,CUST02803,P020,Microwave,Home,Pune,Online,Credit Card,2,11935.78,0.1,23871.56,21484.4,0,4636.4,2025,2,February,Thursday,23871.56,21484.404000000002
2025-02-06,ORD016821,CUST04971,P004,Smartwatch,Electronics,Jaipur,Store,UPI,1,7040.02,0.05,7040.02,6688.02,0,1489.13,2025,2,February,Thursday,7040.02,6688.019
2025-02-06,ORD041909,CUST01136,P007,Backpack,Accessories,Hyderabad,Online,UPI,1,2330.78,0.2,2330.78,1864.62,0,115.59,2025,2,February,Thursday,2330.78,1864.6240000000003
2025-02-06,ORD035250,CUST03459,P006,Desk,Furniture,Delhi,Online,Credit Card,2,10908.54,0.0,21817.08,21817.08,0,2392.71,2025,2,February,Thursday,21817.08,21817.08
2025-02-06,ORD007722,CUST01585,P008,Running Shoes,Fashion,Bengaluru,Online,Credit Card,1,3827.31,0.1,3827.31,3444.58,0,803.15,2025,2,February,Thursday,3827.31,3444.579
2025-02-06,ORD034313,CUST04243,P001,Laptop,Electronics,Bengaluru,Store,Credit Card,2,63424.49,0.05,126848.98,120506.53,0,30118.08,2025,2,February,Thursday,126848.98,120506.53099999999
2025-02-06,ORD046687,CUST01984,P004,Smartwatch,Electronics,Surat,Online,Credit Card,2,7237.17,0.1,14474.34,13026.91,0,1561.74,2025,2,February,Thursday,14474.34,13026.906
2025-02-06,ORD003107,CUST00989,P012,Air Fryer,Home,Hyderabad,Store,Debit Card,3,6930.89,0.1,20792.67,18713.4,0,2591.75,2025,2,February,Thursday,20792.670000000002,18713.403
2025-02-06,ORD012883,CUST02349,P003,Headphones,Electronics,Hyderabad,Online,Net Banking,1,4288.22,0.0,4288.22,4288.22,0,494.22,2025,2,February,Thursday,4288.22,4288.22
2025-02-06,ORD040496,CUST01756,P013,Monitor,Electronics,Chennai,Online,UPI,1,19226.36,0.15,19226.36,16342.41,0,1468.67,2025,2,February,Thursday,19226.36,16342.406
2025-02-06,ORD049795,CUST02268,P005,Office Chair,Furniture,Hyderabad,Online,UPI,1,9844.75,0.1,9844.75,8860.28,0,541.35,2025,2,February,Thursday,9844.75,8860.275
2025-02-06,ORD045128,CUST03633,P019,Vacuum Cleaner,Home,Bengaluru,Store,UPI,3,8250.22,0.0,24750.66,24750.66,0,6746.59,2025,2,February,Thursday,24750.659999999996,24750.66
2025-02-06,ORD024054,CUST02183,P014,Keyboard,Electronics,Chennai,Store,Debit Card,1,2471.1,0.1,2471.1,2223.99,0,497.2,2025,2,February,Thursday,2471.1,2223.99
2025-02-06,ORD049189,CUST02065,P011,Mixer Grinder,Home,Surat,Online,UPI,1,4749.63,0.05,4749.63,4512.15,0,1282.11,2025,2,February,Thursday,4749.63,4512.1485
2025-02-06,ORD033063,CUST01840,P004,Smartwatch,Electronics,Kolkata,Store,UPI,1,6411.83,0.2,6411.83,5129.46,0,217.29,2025,2,February,Thursday,6411.83,5129.464
2025-02-06,ORD016028,CUST03653,P006,Desk,Furniture,Chennai,Store,Credit Card,3,11268.41,0.2,33805.23,27044.18,0,5451.72,2025,2,February,Thursday,33805.229999999996,27044.184000000005
2025-02-06,ORD036123,CUST02120,P015,Dining Table,Furniture,Bengaluru,Online,Net Banking,1,22232.34,0.0,22232.34,22232.34,0,3937.33,2025,2,February,Thursday,22232.34,22232.34
2025-02-06,ORD005226,CUST04462,P016,Sofa,Furniture,Jaipur,Online,Credit Card,1,33305.02,0.05,33305.02,31639.77,0,5721.13,2025,2,February,Thursday,33305.02,31639.768999999997
2025-02-06,ORD010306,CUST00930,P010,Coffee Maker,Home,Ahmedabad,Online,UPI,1,5222.82,0.05,5222.82,4961.68,0,1261.65,2025,2,February,Thursday,5222.82,4961.678999999999
2025-02-06,ORD037020,CUST03826,P001,Laptop,Electronics,Pune,Online,UPI,3,65845.86,0.05,197537.58,187660.7,0,30386.8,2025,2,February,Thursday,197537.58000000002,187660.70099999997
2025-02-06,ORD007031,CUST02682,P012,Air Fryer,Home,Ahmedabad,Online,UPI,1,7717.61,0.1,7717.61,6945.85,0,1893.29,2025,2,February,Thursday,7717.61,6945.849
2025-02-06,ORD004322,CUST04492,P001,Laptop,Electronics,Surat,Store,UPI,1,71342.51,0.1,71342.51,64208.26,0,12743.3,2025,2,February,Thursday,71342.51,64208.259
2025-02-06,ORD011734,CUST01602,P017,Jeans,Fashion,Kolkata,Store,Credit Card,2,3039.74,0.05,6079.48,5775.51,0,1079.47,2025,2,February,Thursday,6079.48,5775.505999999999
2025-02-06,ORD034775,CUST04898,P003,Headphones,Electronics,Hyderabad,Online,Net Banking,3,4656.94,0.2,13970.82,11176.66,0,1595.04,2025,2,February,Thursday,13970.82,11176.656
2025-02-06,ORD013402,CUST04529,P005,Office Chair,Furniture,Ahmedabad,Store,Cash,5,9639.76,0.15,48198.8,40968.98,0,4373.29,2025,2,February,Thursday,48198.8,40968.98
2025-02-06,ORD026828,CUST01942,P005,Office Chair,Furniture,Kolkata,Online,UPI,3,10335.34,0.25,31006.02,23254.52,0,1830.76,2025,2,February,Thursday,31006.02,23254.515
2025-02-06,ORD001845,CUST01148,P003,Headphones,Electronics,Delhi,Online,UPI,3,4920.65,0.1,14761.95,13285.76,0,1023.6,2025,2,February,Thursday,14761.949999999999,13285.755000000001
2025-02-06,ORD049138,CUST01376,P005,Office Chair,Furniture,Jaipur,Store,UPI,4,9687.64,0.05,38750.56,36813.03,0,8480.34,2025,2,February,Thursday,38750.56,36813.032
2025-02-06,ORD010117,CUST03441,P018,Jacket,Fashion,Pune,Online,Credit Card,2,5505.7,0.15,11011.4,9359.69,0,2073.29,2025,2,February,Thursday,11011.4,9359.689999999999
2025-02-06,ORD008283,CUST03243,P006,Desk,Furniture,Mumbai,Online,Credit Card,1,12767.11,0.1,12767.11,11490.4,0,2421.27,2025,2,February,Thursday,12767.11,11490.399000000001
2025-02-06,ORD002166,CUST00618,P006,Desk,Furniture,Surat,Store,UPI,2,12439.98,0.2,24879.96,19903.97,0,3457.88,2025,2,February,Thursday,24879.96,19903.968
2025-02-06,ORD024695,CUST04214,P014,Keyboard,Electronics,Surat,Online,UPI,1,2696.76,0.05,2696.76,2561.92,0,582.56,2025,2,February,Thursday,2696.76,2561.922
2025-02-06,ORD032626,CUST00799,P001,Laptop,Electronics,Pune,Store,UPI,1,63544.11,0.1,63544.11,57189.7,0,8000.52,2025,2,February,Thursday,63544.11,57189.699
2025-02-06,ORD048982,CUST04918,P005,Office Chair,Furniture,Ahmedabad,Online,Debit Card,1,8950.25,0.0,8950.25,8950.25,0,2123.59,2025,2,February,Thursday,8950.25,8950.25
2025-02-06,ORD007560,CUST03444,P012,Air Fryer,Home,Surat,Online,UPI,2,6823.47,0.1,13646.94,12282.25,0,1654.02,2025,2,February,Thursday,13646.94,12282.246000000001
2025-02-06,ORD004852,CUST03442,P011,Mixer Grinder,Home,Hyderabad,Online,Debit Card,1,4657.22,0.05,4657.22,4424.36,0,940.82,2025,2,February,Thursday,4657.22,4424.359
2025-02-06,ORD014209,CUST00141,P007,Backpack,Accessories,Pune,Online,Credit Card,1,2248.33,0.0,2248.33,2248.33,0,303.19,2025,2,February,Thursday,2248.33,2248.33
2025-02-06,ORD008865,CUST00954,P018,Jacket,Fashion,Mumbai,Online,UPI,4,5274.73,0.1,21098.92,18989.03,0,4813.05,2025,2,February,Thursday,21098.92,18989.028
2025-02-06,ORD006983,CUST03014,P015,Dining Table,Furniture,Bengaluru,Store,UPI,1,22623.52,0.15,22623.52,19229.99,0,5069.17,2025,2,February,Thursday,22623.52,19229.992
2025-02-06,ORD044647,CUST04411,P013,Monitor,Electronics,Chennai,Online,UPI,2,17947.2,0.1,35894.4,32304.96,0,3495.88,2025,2,February,Thursday,35894.4,32304.960000000003
2025-02-06,ORD034339,CUST02528,P010,Coffee Maker,Home,Pune,Store,Debit Card,2,5203.32,0.2,10406.64,8325.31,0,968.21,2025,2,February,Thursday,10406.64,8325.312
2025-02-06,ORD031828,CUST04327,P019,Vacuum Cleaner,Home,Ahmedabad,Online,UPI,1,8336.99,0.05,8336.99,7920.14,0,594.05,2025,2,February,Thursday,8336.99,7920.1404999999995
2025-02-06,ORD028265,CUST00937,P010,Coffee Maker,Home,Surat,Online,UPI,1,5061.35,0.2,5061.35,4049.08,0,992.28,2025,2,February,Thursday,5061.35,4049.0800000000004
2025-02-06,ORD037379,CUST00470,P007,Backpack,Accessories,Chennai,Online,Credit Card,1,2156.05,0.05,2156.05,2048.25,0,460.7,2025,2,February,Thursday,2156.05,2048.2475
2025-02-06,ORD019934,CUST04688,P011,Mixer Grinder,Home,Chennai,Online,Debit Card,5,4705.62,0.05,23528.1,22351.69,1,-1117.58,2025,2,February,Thursday,23528.1,22351.694999999996
2025-02-06,ORD043420,CUST03189,P013,Monitor,Electronics,Pune,Store,UPI,1,17514.26,0.05,17514.26,16638.55,0,2505.16,2025,2,February,Thursday,17514.26,16638.547
2025-02-06,ORD023364,CUST03910,P004,Smartwatch,Electronics,Hyderabad,Online,UPI,2,7311.77,0.1,14623.54,13161.19,0,3272.14,2025,2,February,Thursday,14623.54,13161.186000000002
2025-02-07,ORD040101,CUST03312,P002,Smartphone,Electronics,Chennai,Store,Debit Card,1,25472.08,0.0,25472.08,25472.08,0,3722.52,2025,2,February,Friday,25472.08,25472.08
2025-02-07,ORD035755,CUST03213,P012,Air Fryer,Home,Kolkata,Online,UPI,1,7779.42,0.05,7779.42,7390.45,0,1294.94,2025,2,February,Friday,7779.42,7390.449
2025-02-07,ORD013564,CUST00676,P003,Headphones,Electronics,Bengaluru,Store,UPI,1,4842.02,0.15,4842.02,4115.72,0,629.33,2025,2,February,Friday,4842.02,4115.717000000001
2025-02-07,ORD035824,CUST03627,P007,Backpack,Accessories,Jaipur,Online,UPI,2,2282.58,0.05,4565.16,4336.9,0,960.47,2025,2,February,Friday,4565.16,4336.902
2025-02-07,ORD035765,CUST01388,P004,Smartwatch,Electronics,Ahmedabad,Online,UPI,1,7142.11,0.1,7142.11,6427.9,0,1334.42,2025,2,February,Friday,7142.11,6427.898999999999
2025-02-07,ORD044279,CUST03398,P004,Smartwatch,Electronics,Kolkata,Online,UPI,2,7447.87,0.15,14895.74,12661.38,0,1894.86,2025,2,February,Friday,14895.74,12661.378999999999
2025-02-07,ORD034188,CUST01600,P007,Backpack,Accessories,Mumbai,Online,Credit Card,1,2161.35,0.2,2161.35,1729.08,0,128.29,2025,2,February,Friday,2161.35,1729.08
2025-02-07,ORD046254,CUST01381,P009,T-Shirt,Fashion,Hyderabad,Online,Debit Card,3,1261.84,0.05,3785.52,3596.24,0,562.85,2025,2,February,Friday,3785.5199999999995,3596.2439999999997
2025-02-07,ORD026308,CUST04249,P002,Smartphone,Electronics,Surat,Online,Credit Card,3,27848.77,0.1,83546.31,75191.68,0,9367.81,2025,2,February,Friday,83546.31,75191.679
2025-02-07,ORD043033,CUST01934,P007,Backpack,Accessories,Ahmedabad,Store,UPI,4,2251.41,0.15,9005.64,7654.79,0,1994.82,2025,2,February,Friday,9005.64,7654.793999999999
2025-02-07,ORD024222,CUST01765,P009,T-Shirt,Fashion,Pune,Online,Credit Card,1,1267.41,0.05,1267.41,1204.04,0,243.69,2025,2,February,Friday,1267.41,1204.0395
2025-02-07,ORD032798,CUST03778,P015,Dining Table,Furniture,Pune,Store,UPI,1,21012.46,0.15,21012.46,17860.59,0,964.48,2025,2,February,Friday,21012.46,17860.591
2025-02-07,ORD040764,CUST00293,P020,Microwave,Home,Ahmedabad,Online,UPI,4,11660.91,0.0,46643.64,46643.64,1,-2332.18,2025,2,February,Friday,46643.64,46643.64
2025-02-07,ORD046060,CUST03708,P001,Laptop,Electronics,Chennai,Online,Debit Card,1,64160.61,0.05,64160.61,60952.58,0,11895.25,2025,2,February,Friday,64160.61,60952.5795
2025-02-07,ORD023812,CUST04286,P003,Headphones,Electronics,Hyderabad,Online,Credit Card,2,4476.1,0.0,8952.2,8952.2,0,2062.07,2025,2,February,Friday,8952.2,8952.2
2025-02-07,ORD035497,CUST02973,P008,Running Shoes,Fashion,Kolkata,Store,Credit Card,1,4203.73,0.2,4203.73,3362.98,0,312.64,2025,2,February,Friday,4203.73,3362.984
2025-02-07,ORD017813,CUST02913,P008,Running Shoes,Fashion,Kolkata,Store,UPI,1,4487.76,0.15,4487.76,3814.6,0,801.78,2025,2,February,Friday,4487.76,3814.596
2025-02-07,ORD013704,CUST02156,P003,Headphones,Electronics,Ahmedabad,Online,Debit Card,1,4707.04,0.1,4707.04,4236.34,0,1064.16,2025,2,February,Friday,4707.04,4236.336
2025-02-07,ORD016675,CUST02309,P006,Desk,Furniture,Delhi,Online,Credit Card,1,12693.19,0.05,12693.19,12058.53,0,1249.28,2025,2,February,Friday,12693.19,12058.5305
2025-02-07,ORD001508,CUST02013,P015,Dining Table,Furniture,Bengaluru,Online,UPI,1,21906.86,0.25,21906.86,16430.14,0,1873.18,2025,2,February,Friday,21906.86,16430.145
2025-02-07,ORD040075,CUST04286,P007,Backpack,Accessories,Mumbai,Store,UPI,1,1996.39,0.1,1996.39,1796.75,0,197.7,2025,2,February,Friday,1996.39,1796.7510000000002
2025-02-07,ORD025603,CUST03412,P005,Office Chair,Furniture,Surat,Online,Credit Card,1,9895.54,0.0,9895.54,9895.54,0,2234.6,2025,2,February,Friday,9895.54,9895.54
2025-02-07,ORD042564,CUST03382,P017,Jeans,Fashion,Surat,Online,UPI,1,3074.54,0.25,3074.54,2305.9,0,142.02,2025,2,February,Friday,3074.54,2305.9049999999997
2025-02-07,ORD029082,CUST03114,P012,Air Fryer,Home,Chennai,Store,UPI,1,7592.25,0.1,7592.25,6833.02,0,1033.02,2025,2,February,Friday,7592.25,6833.025000000001
2025-02-07,ORD045431,CUST02596,P007,Backpack,Accessories,Ahmedabad,Online,Credit Card,2,2125.02,0.15,4250.04,3612.53,0,731.18,2025,2,February,Friday,4250.04,3612.5339999999997
2025-02-07,ORD049686,CUST04465,P004,Smartwatch,Electronics,Kolkata,Online,UPI,2,6818.94,0.05,13637.88,12955.99,0,1693.19,2025,2,February,Friday,13637.88,12955.985999999999
2025-02-07,ORD009195,CUST03009,P003,Headphones,Electronics,Chennai,Online,UPI,1,4602.78,0.1,4602.78,4142.5,0,577.77,2025,2,February,Friday,4602.78,4142.5019999999995
2025-02-07,ORD037905,CUST00526,P005,Office Chair,Furniture,Ahmedabad,Store,Credit Card,1,8793.86,0.1,8793.86,7914.47,0,984.7,2025,2,February,Friday,8793.86,7914.474000000001
2025-02-07,ORD028226,CUST02958,P001,Laptop,Electronics,Hyderabad,Online,Credit Card,4,64501.49,0.05,258005.96,245105.66,0,60502.96,2025,2,February,Friday,258005.96,245105.66199999998
2025-02-07,ORD018996,CUST01281,P013,Monitor,Electronics,Kolkata,Store,Debit Card,1,19375.51,0.2,19375.51,15500.41,0,2099.09,2025,2,February,Friday,19375.51,15500.408
2025-02-07,ORD031480,CUST00333,P008,Running Shoes,Fashion,Delhi,Store,UPI,5,3863.44,0.1,19317.2,17385.48,0,4524.56,2025,2,February,Friday,19317.2,17385.48
2025-02-07,ORD026482,CUST03546,P007,Backpack,Accessories,Kolkata,Online,UPI,1,2236.57,0.1,2236.57,2012.91,0,298.05,2025,2,February,Friday,2236.57,2012.9130000000002
2025-02-07,ORD014958,CUST01237,P014,Keyboard,Electronics,Pune,Online,Debit Card,1,2485.04,0.1,2485.04,2236.54,0,613.78,2025,2,February,Friday,2485.04,2236.536
2025-02-07,ORD005980,CUST03062,P008,Running Shoes,Fashion,Ahmedabad,Store,Cash,2,4113.63,0.05,8227.26,7815.9,0,1121.3,2025,2,February,Friday,8227.26,7815.897
2025-02-07,ORD030887,CUST02362,P019,Vacuum Cleaner,Home,Mumbai,Online,UPI,1,8249.13,0.2,8249.13,6599.3,0,1369.06,2025,2,February,Friday,8249.13,6599.304
2025-02-07,ORD037462,CUST02156,P011,Mixer Grinder,Home,Pune,Online,Credit Card,1,4917.76,0.2,4917.76,3934.21,0,806.53,2025,2,February,Friday,4917.76,3934.2080000000005
2025-02-07,ORD012544,CUST01221,P014,Keyboard,Electronics,Kolkata,Online,Debit Card,2,2392.27,0.0,4784.54,4784.54,0,795.61,2025,2,February,Friday,4784.54,4784.54
2025-02-07,ORD013042,CUST04140,P003,Headphones,Electronics,Bengaluru,Store,Credit Card,1,4773.06,0.1,4773.06,4295.75,0,831.37,2025,2,February,Friday,4773.06,4295.754000000001
2025-02-07,ORD038518,CUST04771,P014,Keyboard,Electronics,Pune,Online,UPI,5,2712.97,0.2,13564.85,10851.88,0,2302.85,2025,2,February,Friday,13564.849999999999,10851.880000000001
2025-02-07,ORD044444,CUST03733,P018,Jacket,Fashion,Kolkata,Online,Net Banking,2,4939.82,0.05,9879.64,9385.66,0,2474.24,2025,2,February,Friday,9879.64,9385.658
2025-02-07,ORD023919,CUST02091,P014,Keyboard,Electronics,Delhi,Online,Cash,2,2472.04,0.1,4944.08,4449.67,0,952.09,2025,2,February,Friday,4944.08,4449.6720000000005
2025-02-07,ORD046666,CUST01700,P016,Sofa,Furniture,Kolkata,Online,Cash,1,35228.65,0.1,35228.65,31705.79,0,7788.89,2025,2,February,Friday,35228.65,31705.785000000003
2025-02-07,ORD017623,CUST03964,P009,T-Shirt,Fashion,Mumbai,Store,UPI,1,1302.6,0.0,1302.6,1302.6,0,175.61,2025,2,February,Friday,1302.6,1302.6
2025-02-07,ORD028705,CUST04134,P003,Headphones,Electronics,Ahmedabad,Store,UPI,1,4205.05,0.05,4205.05,3994.8,0,986.61,2025,2,February,Friday,4205.05,3994.7975
2025-02-07,ORD010396,CUST03067,P003,Headphones,Electronics,Delhi,Store,Credit Card,4,4087.05,0.15,16348.2,13895.97,0,3161.21,2025,2,February,Friday,16348.2,13895.970000000001
2025-02-07,ORD036661,CUST04577,P011,Mixer Grinder,Home,Ahmedabad,Store,UPI,1,5152.13,0.1,5152.13,4636.92,0,749.23,2025,2,February,Friday,5152.13,4636.917
2025-02-07,ORD042174,CUST00162,P004,Smartwatch,Electronics,Ahmedabad,Online,Credit Card,1,7289.15,0.1,7289.15,6560.24,0,1014.74,2025,2,February,Friday,7289.15,6560.235
2025-02-07,ORD017053,CUST00444,P004,Smartwatch,Electronics,Kolkata,Online,Cash,1,7686.28,0.25,7686.28,5764.71,0,524.52,2025,2,February,Friday,7686.28,5764.71
2025-02-07,ORD021931,CUST04689,P003,Headphones,Electronics,Pune,Store,UPI,1,4225.18,0.2,4225.18,3380.14,0,529.0,2025,2,February,Friday,4225.18,3380.1440000000002
2025-02-07,ORD032344,CUST04331,P017,Jeans,Fashion,Ahmedabad,Store,Credit Card,4,2552.57,0.1,10210.28,9189.25,0,2215.92,2025,2,February,Friday,10210.28,9189.252
2025-02-07,ORD028899,CUST03652,P019,Vacuum Cleaner,Home,Surat,Store,Debit Card,1,8353.52,0.1,8353.52,7518.17,0,1426.61,2025,2,February,Friday,8353.52,7518.168000000001
2025-02-07,ORD011684,CUST03724,P019,Vacuum Cleaner,Home,Jaipur,Store,Net Banking,1,9346.74,0.15,9346.74,7944.73,0,1781.92,2025,2,February,Friday,9346.74,7944.728999999999
2025-02-07,ORD022674,CUST01566,P010,Coffee Maker,Home,Jaipur,Store,Cash,1,5956.86,0.0,5956.86,5956.86,0,1412.74,2025,2,February,Friday,5956.86,5956.86
2025-02-07,ORD028883,CUST04405,P017,Jeans,Fashion,Surat,Online,UPI,1,2819.59,0.25,2819.59,2114.69,0,330.11,2025,2,February,Friday,2819.59,2114.6925
2025-02-07,ORD026626,CUST03448,P018,Jacket,Fashion,Delhi,Online,Cash,1,5378.83,0.0,5378.83,5378.83,0,1586.63,2025,2,February,Friday,5378.83,5378.83
2025-02-07,ORD046771,CUST02755,P012,Air Fryer,Home,Surat,Online,UPI,4,7633.62,0.05,30534.48,29007.76,0,2163.49,2025,2,February,Friday,30534.48,29007.755999999998
2025-02-07,ORD003588,CUST03627,P012,Air Fryer,Home,Bengaluru,Online,UPI,2,7092.94,0.0,14185.88,14185.88,0,1687.49,2025,2,February,Friday,14185.88,14185.88
2025-02-07,ORD027591,CUST01276,P016,Sofa,Furniture,Kolkata,Online,Credit Card,1,36359.41,0.2,36359.41,29087.53,0,5538.03,2025,2,February,Friday,36359.41,29087.528000000006
2025-02-07,ORD003748,CUST00008,P001,Laptop,Electronics,Delhi,Online,UPI,2,59179.08,0.15,118358.16,100604.44,0,26342.88,2025,2,February,Friday,118358.16,100604.436
2025-02-07,ORD018502,CUST03161,P015,Dining Table,Furniture,Delhi,Online,Debit Card,1,21899.36,0.2,21899.36,17519.49,0,4248.87,2025,2,February,Friday,21899.36,17519.488
2025-02-07,ORD021856,CUST03696,P013,Monitor,Electronics,Ahmedabad,Store,UPI,2,17840.8,0.25,35681.6,26761.2,0,4264.91,2025,2,February,Friday,35681.6,26761.199999999997
2025-02-07,ORD018822,CUST04582,P015,Dining Table,Furniture,Bengaluru,Online,Net Banking,2,20063.84,0.1,40127.68,36114.91,0,3080.12,2025,2,February,Friday,40127.68,36114.912000000004
2025-02-07,ORD010575,CUST00149,P015,Dining Table,Furniture,Delhi,Store,Debit Card,1,22349.06,0.1,22349.06,20114.15,0,1706.82,2025,2,February,Friday,22349.06,20114.154000000002
2025-02-07,ORD008561,CUST01277,P012,Air Fryer,Home,Bengaluru,Store,UPI,1,7905.67,0.05,7905.67,7510.39,0,590.26,2025,2,February,Friday,7905.67,7510.3865
2025-02-07,ORD017626,CUST04559,P008,Running Shoes,Fashion,Bengaluru,Store,Cash,2,4539.26,0.2,9078.52,7262.82,0,1026.16,2025,2,February,Friday,9078.52,7262.816000000001
2025-02-07,ORD004064,CUST03859,P006,Desk,Furniture,Ahmedabad,Store,Cash,1,12556.56,0.05,12556.56,11928.73,0,2783.35,2025,2,February,Friday,12556.56,11928.731999999998
2025-02-08,ORD039878,CUST00400,P003,Headphones,Electronics,Delhi,Online,Cash,1,4073.96,0.1,4073.96,3666.56,0,227.22,2025,2,February,Saturday,4073.96,3666.5640000000003
2025-02-08,ORD001592,CUST00975,P010,Coffee Maker,Home,Kolkata,Online,Cash,1,5415.11,0.0,5415.11,5415.11,1,-270.76,2025,2,February,Saturday,5415.11,5415.11
2025-02-08,ORD020083,CUST03279,P019,Vacuum Cleaner,Home,Pune,Online,UPI,1,9483.59,0.05,9483.59,9009.41,0,1811.49,2025,2,February,Saturday,9483.59,9009.4105
2025-02-08,ORD031376,CUST02886,P010,Coffee Maker,Home,Mumbai,Store,Net Banking,1,5523.28,0.1,5523.28,4970.95,0,1150.01,2025,2,February,Saturday,5523.28,4970.952
2025-02-08,ORD045833,CUST03860,P009,T-Shirt,Fashion,Kolkata,Online,UPI,1,1210.22,0.1,1210.22,1089.2,0,246.02,2025,2,February,Saturday,1210.22,1089.198
2025-02-08,ORD045985,CUST04756,P016,Sofa,Furniture,Pune,Online,Credit Card,2,33022.5,0.15,66045.0,56138.25,0,14786.42,2025,2,February,Saturday,66045.0,56138.25
2025-02-08,ORD015201,CUST02513,P004,Smartwatch,Electronics,Ahmedabad,Online,UPI,1,7473.15,0.2,7473.15,5978.52,0,959.5,2025,2,February,Saturday,7473.15,5978.52
2025-02-08,ORD026452,CUST02752,P009,T-Shirt,Fashion,Mumbai,Store,Credit Card,1,1189.36,0.05,1189.36,1129.89,0,163.5,2025,2,February,Saturday,1189.36,1129.8919999999998
2025-02-08,ORD027572,CUST01591,P009,T-Shirt,Fashion,Bengaluru,Online,Credit Card,3,1290.99,0.0,3872.97,3872.97,0,592.37,2025,2,February,Saturday,3872.9700000000003,3872.97
2025-02-08,ORD040748,CUST02219,P009,T-Shirt,Fashion,Mumbai,Store,Credit Card,4,1096.25,0.1,4385.0,3946.5,0,711.11,2025,2,February,Saturday,4385.0,3946.5
2025-02-08,ORD026616,CUST00962,P015,Dining Table,Furniture,Hyderabad,Store,Credit Card,1,23996.43,0.05,23996.43,22796.61,0,6106.5,2025,2,February,Saturday,23996.43,22796.6085
2025-02-08,ORD001659,CUST02352,P003,Headphones,Electronics,Kolkata,Online,Debit Card,2,4524.7,0.05,9049.4,8596.93,0,830.05,2025,2,February,Saturday,9049.4,8596.929999999998
2025-02-08,ORD034196,CUST00229,P013,Monitor,Electronics,Surat,Store,UPI,1,17065.24,0.15,17065.24,14505.45,0,3500.24,2025,2,February,Saturday,17065.24,14505.454000000002
2025-02-08,ORD033220,CUST04665,P004,Smartwatch,Electronics,Jaipur,Store,Debit Card,1,7207.59,0.0,7207.59,7207.59,0,1701.17,2025,2,February,Saturday,7207.59,7207.59
2025-02-08,ORD039768,CUST00315,P007,Backpack,Accessories,Chennai,Online,Credit Card,1,2225.34,0.15,2225.34,1891.54,0,218.34,2025,2,February,Saturday,2225.34,1891.539
2025-02-08,ORD042808,CUST03475,P013,Monitor,Electronics,Pune,Store,UPI,3,17610.57,0.15,52831.71,44906.95,1,-2245.35,2025,2,February,Saturday,52831.71,44906.953499999996
2025-02-08,ORD032181,CUST03702,P014,Keyboard,Electronics,Jaipur,Online,Cash,1,2684.87,0.15,2684.87,2282.14,0,535.24,2025,2,February,Saturday,2684.87,2282.1394999999998
2025-02-08,ORD043106,CUST00133,P019,Vacuum Cleaner,Home,Pune,Store,UPI,1,8405.58,0.0,8405.58,8405.58,0,2474.14,2025,2,February,Saturday,8405.58,8405.58
2025-02-08,ORD011781,CUST03677,P020,Microwave,Home,Mumbai,Store,Credit Card,1,10674.05,0.1,10674.05,9606.64,0,1256.51,2025,2,February,Saturday,10674.05,9606.645
2025-02-08,ORD008878,CUST03799,P002,Smartphone,Electronics,Pune,Store,Credit Card,1,26600.5,0.05,26600.5,25270.48,0,5705.55,2025,2,February,Saturday,26600.5,25270.475
2025-02-08,ORD019599,CUST02325,P012,Air Fryer,Home,Pune,Online,Credit Card,5,6860.24,0.15,34301.2,29156.02,0,3837.31,2025,2,February,Saturday,34301.2,29156.019999999997
2025-02-08,ORD024289,CUST03950,P009,T-Shirt,Fashion,Jaipur,Store,Credit Card,1,1168.01,0.0,1168.01,1168.01,0,144.35,2025,2,February,Saturday,1168.01,1168.01
2025-02-08,ORD015442,CUST02085,P016,Sofa,Furniture,Pune,Online,UPI,1,37846.44,0.05,37846.44,35954.12,1,-1797.71,2025,2,February,Saturday,37846.44,35954.118
2025-02-08,ORD040727,CUST00998,P014,Keyboard,Electronics,Mumbai,Online,UPI,1,2363.74,0.15,2363.74,2009.18,0,377.81,2025,2,February,Saturday,2363.74,2009.1789999999999
2025-02-08,ORD046223,CUST04574,P010,Coffee Maker,Home,Chennai,Store,UPI,2,5018.32,0.05,10036.64,9534.81,0,1769.6,2025,2,February,Saturday,10036.64,9534.807999999999
2025-02-08,ORD033487,CUST04482,P013,Monitor,Electronics,Hyderabad,Online,UPI,1,16484.73,0.05,16484.73,15660.49,0,2594.55,2025,2,February,Saturday,16484.73,15660.493499999999
2025-02-08,ORD049555,CUST01012,P018,Jacket,Fashion,Pune,Online,UPI,1,5566.71,0.05,5566.71,5288.37,0,980.27,2025,2,February,Saturday,5566.71,5288.3745
2025-02-08,ORD015828,CUST00012,P004,Smartwatch,Electronics,Surat,Store,UPI,1,7454.89,0.15,7454.89,6336.66,0,1478.21,2025,2,February,Saturday,7454.89,6336.6565
2025-02-08,ORD047981,CUST03578,P003,Headphones,Electronics,Pune,Online,Credit Card,2,4312.22,0.25,8624.44,6468.33,0,274.62,2025,2,February,Saturday,8624.44,6468.33
2025-02-08,ORD001972,CUST01361,P005,Office Chair,Furniture,Hyderabad,Online,Net Banking,4,9992.71,0.1,39970.84,35973.76,0,6057.48,2025,2,February,Saturday,39970.84,35973.756
2025-02-08,ORD019076,CUST01618,P002,Smartphone,Electronics,Surat,Online,Credit Card,1,29193.75,0.0,29193.75,29193.75,0,8616.49,2025,2,February,Saturday,29193.75,29193.75
2025-02-08,ORD017973,CUST04335,P010,Coffee Maker,Home,Hyderabad,Online,Net Banking,1,5887.38,0.05,5887.38,5593.01,0,1452.46,2025,2,February,Saturday,5887.38,5593.0109999999995
2025-02-08,ORD024118,CUST03651,P014,Keyboard,Electronics,Hyderabad,Store,Net Banking,1,2365.26,0.0,2365.26,2365.26,0,663.42,2025,2,February,Saturday,2365.26,2365.26
2025-02-08,ORD004221,CUST00043,P019,Vacuum Cleaner,Home,Surat,Store,Net Banking,3,8699.55,0.2,26098.65,20878.92,0,3525.62,2025,2,February,Saturday,26098.649999999998,20878.920000000002
2025-02-08,ORD022256,CUST04314,P011,Mixer Grinder,Home,Hyderabad,Store,UPI,4,4373.06,0.0,17492.24,17492.24,0,4983.78,2025,2,February,Saturday,17492.24,17492.24
2025-02-08,ORD045487,CUST02329,P009,T-Shirt,Fashion,Kolkata,Online,Net Banking,5,1159.18,0.0,5795.9,5795.9,0,1648.44,2025,2,February,Saturday,5795.900000000001,5795.9
2025-02-08,ORD004585,CUST01312,P017,Jeans,Fashion,Delhi,Online,UPI,1,2755.42,0.0,2755.42,2755.42,0,496.8,2025,2,February,Saturday,2755.42,2755.42
2025-02-08,ORD016619,CUST03357,P015,Dining Table,Furniture,Jaipur,Online,UPI,2,24119.43,0.0,48238.86,48238.86,0,7797.04,2025,2,February,Saturday,48238.86,48238.86
2025-02-08,ORD005182,CUST04588,P011,Mixer Grinder,Home,Mumbai,Store,Credit Card,1,4363.29,0.25,4363.29,3272.47,0,335.23,2025,2,February,Saturday,4363.29,3272.4674999999997
2025-02-08,ORD038696,CUST03949,P007,Backpack,Accessories,Bengaluru,Store,Credit Card,2,2057.14,0.05,4114.28,3908.57,0,359.64,2025,2,February,Saturday,4114.28,3908.5659999999993
2025-02-08,ORD020024,CUST03530,P001,Laptop,Electronics,Hyderabad,Online,Credit Card,2,70662.55,0.1,141325.1,127192.59,0,16122.65,2025,2,February,Saturday,141325.1,127192.59000000001
2025-02-08,ORD012325,CUST03954,P001,Laptop,Electronics,Chennai,Store,Credit Card,3,60834.56,0.0,182503.68,182503.68,0,36179.24,2025,2,February,Saturday,182503.68,182503.68
2025-02-08,ORD026449,CUST03966,P010,Coffee Maker,Home,Pune,Online,Credit Card,1,6035.93,0.1,6035.93,5432.34,0,1093.34,2025,2,February,Saturday,6035.93,5432.337
2025-02-08,ORD012546,CUST01557,P001,Laptop,Electronics,Kolkata,Online,UPI,1,70832.37,0.25,70832.37,53124.28,0,2124.97,2025,2,February,Saturday,70832.37,53124.2775
2025-02-08,ORD025353,CUST00002,P008,Running Shoes,Fashion,Ahmedabad,Store,UPI,1,4130.63,0.1,4130.63,3717.57,0,856.32,2025,2,February,Saturday,4130.63,3717.567
2025-02-08,ORD006963,CUST03757,P018,Jacket,Fashion,Ahmedabad,Online,Debit Card,1,5083.95,0.1,5083.95,4575.56,0,548.88,2025,2,February,Saturday,5083.95,4575.555
2025-02-08,ORD007044,CUST03281,P004,Smartwatch,Electronics,Mumbai,Store,Cash,1,7605.12,0.05,7605.12,7224.86,0,1492.33,2025,2,February,Saturday,7605.12,7224.864
2025-02-08,ORD028120,CUST03334,P007,Backpack,Accessories,Bengaluru,Online,UPI,1,2344.02,0.05,2344.02,2226.82,0,463.47,2025,2,February,Saturday,2344.02,2226.819
2025-02-08,ORD042975,CUST01895,P019,Vacuum Cleaner,Home,Surat,Online,UPI,2,9494.19,0.25,18988.38,14241.28,0,3297.41,2025,2,February,Saturday,18988.38,14241.285
2025-02-08,ORD003718,CUST04371,P002,Smartphone,Electronics,Bengaluru,Store,UPI,1,27550.27,0.1,27550.27,24795.24,0,5196.92,2025,2,February,Saturday,27550.27,24795.243000000002
2025-02-08,ORD038968,CUST02513,P013,Monitor,Electronics,Kolkata,Online,Debit Card,5,19018.45,0.0,95092.25,95092.25,0,15006.63,2025,2,February,Saturday,95092.25,95092.25
2025-02-08,ORD033236,CUST04279,P008,Running Shoes,Fashion,Pune,Online,UPI,1,4185.49,0.1,4185.49,3766.94,0,660.8,2025,2,February,Saturday,4185.49,3766.941
2025-02-08,ORD010486,CUST01746,P010,Coffee Maker,Home,Ahmedabad,Store,UPI,5,5556.85,0.1,27784.25,25005.82,0,6307.13,2025,2,February,Saturday,27784.25,25005.825
2025-02-08,ORD018273,CUST00231,P009,T-Shirt,Fashion,Pune,Online,Cash,2,1107.5,0.15,2215.0,1882.75,0,347.97,2025,2,February,Saturday,2215.0,1882.75
2025-02-08,ORD042326,CUST01778,P018,Jacket,Fashion,Chennai,Store,UPI,1,5011.29,0.1,5011.29,4510.16,0,405.29,2025,2,February,Saturday,5011.29,4510.161
2025-02-08,ORD036674,CUST03499,P018,Jacket,Fashion,Delhi,Store,UPI,1,5055.49,0.1,5055.49,4549.94,0,475.56,2025,2,February,Saturday,5055.49,4549.941
2025-02-08,ORD029226,CUST03812,P010,Coffee Maker,Home,Hyderabad,Online,UPI,4,5001.52,0.15,20006.08,17005.17,1,-850.26,2025,2,February,Saturday,20006.08,17005.168
2025-02-08,ORD046966,CUST04886,P010,Coffee Maker,Home,Ahmedabad,Online,Credit Card,5,5484.07,0.1,27420.35,24678.32,1,-1233.92,2025,2,February,Saturday,27420.35,24678.315
2025-02-08,ORD030421,CUST03188,P018,Jacket,Fashion,Chennai,Online,Credit Card,1,5382.18,0.1,5382.18,4843.96,0,1033.6,2025,2,February,Saturday,5382.18,4843.962
2025-02-08,ORD037177,CUST03122,P010,Coffee Maker,Home,Bengaluru,Online,UPI,2,5496.23,0.1,10992.46,9893.21,0,633.1,2025,2,February,Saturday,10992.46,9893.214
2025-02-08,ORD000495,CUST01173,P005,Office Chair,Furniture,Jaipur,Online,Cash,2,9757.11,0.1,19514.22,17562.8,0,1871.92,2025,2,February,Saturday,19514.22,17562.798000000003
2025-02-08,ORD006043,CUST02679,P005,Office Chair,Furniture,Bengaluru,Store,Credit Card,1,9027.13,0.0,9027.13,9027.13,0,1026.03,2025,2,February,Saturday,9027.13,9027.13
2025-02-08,ORD000081,CUST03418,P019,Vacuum Cleaner,Home,Pune,Online,Net Banking,2,9766.02,0.2,19532.04,15625.63,0,1014.3,2025,2,February,Saturday,19532.04,15625.632000000001
2025-02-08,ORD049426,CUST03398,P018,Jacket,Fashion,Chennai,Online,Credit Card,2,5678.87,0.1,11357.74,10221.97,0,1097.99,2025,2,February,Saturday,11357.74,10221.966
2025-02-08,ORD029867,CUST03656,P019,Vacuum Cleaner,Home,Surat,Online,Credit Card,3,9400.11,0.2,28200.33,22560.26,0,1659.43,2025,2,February,Saturday,28200.33,22560.264000000003
2025-02-08,ORD004141,CUST03591,P003,Headphones,Electronics,Kolkata,Online,UPI,2,4853.25,0.15,9706.5,8250.52,0,1437.57,2025,2,February,Saturday,9706.5,8250.525
2025-02-08,ORD008951,CUST03406,P020,Microwave,Home,Mumbai,Store,Cash,1,11245.13,0.25,11245.13,8433.85,0,832.71,2025,2,February,Saturday,11245.13,8433.8475
2025-02-08,ORD021520,CUST02646,P019,Vacuum Cleaner,Home,Mumbai,Online,UPI,1,8796.09,0.05,8796.09,8356.29,0,958.7,2025,2,February,Saturday,8796.09,8356.2855
2025-02-08,ORD047369,CUST01025,P004,Smartwatch,Electronics,Pune,Online,UPI,2,7556.99,0.05,15113.98,14358.28,0,1200.39,2025,2,February,Saturday,15113.98,14358.280999999999
2025-02-08,ORD019808,CUST00011,P001,Laptop,Electronics,Pune,Online,Net Banking,1,59354.11,0.05,59354.11,56386.4,0,6116.74,2025,2,February,Saturday,59354.11,56386.4045
2025-02-08,ORD049089,CUST02879,P015,Dining Table,Furniture,Mumbai,Store,Net Banking,5,20493.76,0.05,102468.8,97345.36,0,20554.49,2025,2,February,Saturday,102468.79999999999,97345.36
2025-02-08,ORD015101,CUST04510,P010,Coffee Maker,Home,Jaipur,Online,Net Banking,3,5803.96,0.0,17411.88,17411.88,0,4531.94,2025,2,February,Saturday,17411.88,17411.88
2025-02-08,ORD027740,CUST01473,P014,Keyboard,Electronics,Bengaluru,Store,Credit Card,1,2566.26,0.0,2566.26,2566.26,0,376.53,2025,2,February,Saturday,2566.26,2566.26
2025-02-08,ORD018140,CUST01367,P004,Smartwatch,Electronics,Ahmedabad,Online,Credit Card,2,6470.85,0.05,12941.7,12294.62,1,-614.73,2025,2,February,Saturday,12941.7,12294.615
2025-02-08,ORD012502,CUST00795,P007,Backpack,Accessories,Kolkata,Online,Cash,1,2067.08,0.15,2067.08,1757.02,0,144.46,2025,2,February,Saturday,2067.08,1757.0179999999998
2025-02-08,ORD037599,CUST02543,P016,Sofa,Furniture,Surat,Online,Net Banking,1,37567.57,0.1,37567.57,33810.81,0,3904.41,2025,2,February,Saturday,37567.57,33810.813
2025-02-08,ORD010254,CUST03122,P014,Keyboard,Electronics,Jaipur,Store,Cash,2,2601.04,0.2,5202.08,4161.66,0,385.6,2025,2,February,Saturday,5202.08,4161.664
2025-02-09,ORD002698,CUST01532,P004,Smartwatch,Electronics,Pune,Store,UPI,1,6519.49,0.15,6519.49,5541.57,1,-277.08,2025,2,February,Sunday,6519.49,5541.5665
2025-02-09,ORD005063,CUST01034,P003,Headphones,Electronics,Delhi,Store,Credit Card,1,4459.6,0.15,4459.6,3790.66,0,200.54,2025,2,February,Sunday,4459.6,3790.6600000000003
2025-02-09,ORD001646,CUST03062,P017,Jeans,Fashion,Jaipur,Online,Cash,2,2957.96,0.05,5915.92,5620.12,0,1361.06,2025,2,February,Sunday,5915.92,5620.124
2025-02-09,ORD033770,CUST02032,P011,Mixer Grinder,Home,Chennai,Online,UPI,2,5121.77,0.0,10243.54,10243.54,0,1913.57,2025,2,February,Sunday,10243.54,10243.54
2025-02-09,ORD017090,CUST02812,P010,Coffee Maker,Home,Surat,Online,Credit Card,2,5801.93,0.1,11603.86,10443.47,0,930.55,2025,2,February,Sunday,11603.86,10443.474
2025-02-09,ORD030026,CUST01093,P018,Jacket,Fashion,Surat,Online,UPI,1,5211.03,0.15,5211.03,4429.38,0,1131.64,2025,2,February,Sunday,5211.03,4429.3755
2025-02-09,ORD031325,CUST04664,P015,Dining Table,Furniture,Delhi,Store,Cash,2,23708.6,0.15,47417.2,40304.62,0,9324.73,2025,2,February,Sunday,47417.2,40304.619999999995
2025-02-09,ORD008732,CUST04086,P004,Smartwatch,Electronics,Delhi,Online,UPI,1,6591.83,0.05,6591.83,6262.24,0,957.63,2025,2,February,Sunday,6591.83,6262.2384999999995
2025-02-09,ORD020959,CUST03216,P016,Sofa,Furniture,Chennai,Online,Debit Card,2,33554.98,0.0,67109.96,67109.96,0,16900.5,2025,2,February,Sunday,67109.96,67109.96
2025-02-09,ORD027133,CUST00034,P004,Smartwatch,Electronics,Ahmedabad,Online,Net Banking,1,6395.93,0.0,6395.93,6395.93,0,1185.91,2025,2,February,Sunday,6395.93,6395.93
2025-02-09,ORD007202,CUST03530,P004,Smartwatch,Electronics,Pune,Store,UPI,1,7340.92,0.2,7340.92,5872.74,0,1464.26,2025,2,February,Sunday,7340.92,5872.736000000001
2025-02-09,ORD033039,CUST00942,P018,Jacket,Fashion,Chennai,Online,Credit Card,1,5619.97,0.05,5619.97,5338.97,1,-266.95,2025,2,February,Sunday,5619.97,5338.9715
2025-02-09,ORD004042,CUST02594,P018,Jacket,Fashion,Ahmedabad,Online,Debit Card,2,4802.49,0.1,9604.98,8644.48,0,1220.19,2025,2,February,Sunday,9604.98,8644.482
2025-02-09,ORD009633,CUST04007,P018,Jacket,Fashion,Jaipur,Online,Credit Card,1,4870.43,0.2,4870.43,3896.34,0,455.57,2025,2,February,Sunday,4870.43,3896.3440000000005
2025-02-09,ORD047595,CUST02841,P009,T-Shirt,Fashion,Kolkata,Store,UPI,2,1315.11,0.15,2630.22,2235.69,0,154.07,2025,2,February,Sunday,2630.22,2235.687
2025-02-09,ORD000344,CUST01750,P010,Coffee Maker,Home,Bengaluru,Store,Cash,1,5841.28,0.15,5841.28,4965.09,0,471.27,2025,2,February,Sunday,5841.28,4965.088
2025-02-09,ORD009965,CUST01350,P015,Dining Table,Furniture,Delhi,Online,Credit Card,2,22452.51,0.1,44905.02,40414.52,0,4312.81,2025,2,February,Sunday,44905.02,40414.518
2025-02-09,ORD047165,CUST03475,P015,Dining Table,Furniture,Delhi,Store,Cash,1,21629.78,0.15,21629.78,18385.31,0,2678.49,2025,2,February,Sunday,21629.78,18385.313
2025-02-09,ORD027241,CUST03459,P016,Sofa,Furniture,Surat,Store,Credit Card,1,32082.07,0.05,32082.07,30477.97,0,4551.24,2025,2,February,Sunday,32082.07,30477.9665
2025-02-09,ORD047037,CUST04262,P004,Smartwatch,Electronics,Bengaluru,Online,Credit Card,3,7232.75,0.05,21698.25,20613.34,0,5229.15,2025,2,February,Sunday,21698.25,20613.337499999998
2025-02-09,ORD022278,CUST04468,P004,Smartwatch,Electronics,Delhi,Store,Net Banking,3,6586.52,0.1,19759.56,17783.6,0,4859.08,2025,2,February,Sunday,19759.56,17783.604000000003
2025-02-09,ORD008264,CUST04008,P007,Backpack,Accessories,Pune,Online,Credit Card,3,2087.08,0.1,6261.24,5635.12,1,-281.76,2025,2,February,Sunday,6261.24,5635.116
2025-02-09,ORD034107,CUST03823,P005,Office Chair,Furniture,Chennai,Online,Debit Card,3,8619.46,0.15,25858.38,21979.62,0,4050.46,2025,2,February,Sunday,25858.379999999997,21979.623
2025-02-09,ORD014904,CUST04784,P005,Office Chair,Furniture,Delhi,Online,UPI,3,9423.11,0.1,28269.33,25442.4,0,3520.19,2025,2,February,Sunday,28269.33,25442.397
2025-02-09,ORD020910,CUST04862,P016,Sofa,Furniture,Delhi,Online,UPI,1,37634.57,0.0,37634.57,37634.57,0,4971.5,2025,2,February,Sunday,37634.57,37634.57
2025-02-09,ORD041083,CUST01104,P008,Running Shoes,Fashion,Pune,Online,UPI,1,3880.25,0.1,3880.25,3492.22,0,415.34,2025,2,February,Sunday,3880.25,3492.225
2025-02-09,ORD018353,CUST03932,P014,Keyboard,Electronics,Bengaluru,Online,Cash,2,2738.0,0.1,5476.0,4928.4,0,1102.64,2025,2,February,Sunday,5476.0,4928.400000000001
2025-02-09,ORD040587,CUST01307,P008,Running Shoes,Fashion,Chennai,Online,UPI,1,4308.11,0.1,4308.11,3877.3,0,664.33,2025,2,February,Sunday,4308.11,3877.299
2025-02-09,ORD012942,CUST02772,P014,Keyboard,Electronics,Mumbai,Online,Credit Card,5,2606.27,0.05,13031.35,12379.78,0,1638.46,2025,2,February,Sunday,13031.35,12379.7825
2025-02-09,ORD007054,CUST00903,P008,Running Shoes,Fashion,Jaipur,Store,UPI,3,4355.83,0.15,13067.49,11107.37,0,1894.78,2025,2,February,Sunday,13067.49,11107.3665
2025-02-09,ORD014718,CUST01499,P008,Running Shoes,Fashion,Mumbai,Online,UPI,1,4035.71,0.05,4035.71,3833.92,0,286.09,2025,2,February,Sunday,4035.71,3833.9245
2025-02-09,ORD032518,CUST03145,P019,Vacuum Cleaner,Home,Delhi,Store,UPI,1,9597.23,0.0,9597.23,9597.23,0,1592.02,2025,2,February,Sunday,9597.23,9597.23
2025-02-09,ORD009325,CUST01454,P020,Microwave,Home,Hyderabad,Online,Credit Card,1,11093.87,0.15,11093.87,9429.79,0,1089.91,2025,2,February,Sunday,11093.87,9429.7895
2025-02-09,ORD003604,CUST03359,P015,Dining Table,Furniture,Jaipur,Store,Credit Card,3,22080.32,0.1,66240.96,59616.86,0,4382.63,2025,2,February,Sunday,66240.95999999999,59616.86400000001
2025-02-09,ORD036224,CUST04334,P016,Sofa,Furniture,Pune,Store,Credit Card,1,33468.57,0.0,33468.57,33468.57,0,5106.5,2025,2,February,Sunday,33468.57,33468.57
2025-02-09,ORD015943,CUST03826,P005,Office Chair,Furniture,Bengaluru,Online,UPI,4,9616.82,0.0,38467.28,38467.28,0,10006.94,2025,2,February,Sunday,38467.28,38467.28
2025-02-09,ORD027295,CUST00523,P008,Running Shoes,Fashion,Kolkata,Online,UPI,2,4154.87,0.15,8309.74,7063.28,0,1601.44,2025,2,February,Sunday,8309.74,7063.2789999999995
2025-02-09,ORD016822,CUST03761,P014,Keyboard,Electronics,Hyderabad,Online,Debit Card,1,2645.6,0.05,2645.6,2513.32,0,270.14,2025,2,February,Sunday,2645.6,2513.3199999999997
2025-02-09,ORD047520,CUST00542,P017,Jeans,Fashion,Kolkata,Online,Credit Card,1,2857.86,0.05,2857.86,2714.97,0,483.96,2025,2,February,Sunday,2857.86,2714.967
2025-02-09,ORD031701,CUST03279,P016,Sofa,Furniture,Kolkata,Online,UPI,2,33755.07,0.05,67510.14,64134.63,0,8699.11,2025,2,February,Sunday,67510.14,64134.632999999994
2025-02-09,ORD028832,CUST02798,P009,T-Shirt,Fashion,Surat,Store,UPI,2,1256.54,0.0,2513.08,2513.08,0,551.74,2025,2,February,Sunday,2513.08,2513.08
2025-02-09,ORD024216,CUST04835,P007,Backpack,Accessories,Ahmedabad,Store,UPI,1,2250.04,0.05,2250.04,2137.54,0,490.12,2025,2,February,Sunday,2250.04,2137.538
2025-02-09,ORD001322,CUST03673,P018,Jacket,Fashion,Kolkata,Online,UPI,2,5485.37,0.05,10970.74,10422.2,0,1482.98,2025,2,February,Sunday,10970.74,10422.203
2025-02-09,ORD041775,CUST04774,P001,Laptop,Electronics,Mumbai,Online,Credit Card,1,67671.53,0.0,67671.53,67671.53,0,9067.36,2025,2,February,Sunday,67671.53,67671.53
2025-02-09,ORD025053,CUST04286,P004,Smartwatch,Electronics,Bengaluru,Store,Credit Card,1,6753.89,0.1,6753.89,6078.5,0,379.0,2025,2,February,Sunday,6753.89,6078.501
2025-02-09,ORD048088,CUST03995,P018,Jacket,Fashion,Bengaluru,Store,UPI,1,4736.93,0.0,4736.93,4736.93,0,1323.56,2025,2,February,Sunday,4736.93,4736.93
2025-02-09,ORD031950,CUST01098,P016,Sofa,Furniture,Kolkata,Online,Credit Card,2,35027.65,0.0,70055.3,70055.3,0,13882.4,2025,2,February,Sunday,70055.3,70055.3
2025-02-09,ORD045197,CUST03711,P005,Office Chair,Furniture,Surat,Online,Net Banking,1,9771.28,0.15,9771.28,8305.59,0,818.17,2025,2,February,Sunday,9771.28,8305.588
2025-02-09,ORD009208,CUST04537,P012,Air Fryer,Home,Jaipur,Store,UPI,1,7657.73,0.15,7657.73,6509.07,0,1297.21,2025,2,February,Sunday,7657.73,6509.0705
2025-02-09,ORD048120,CUST04707,P001,Laptop,Electronics,Delhi,Online,UPI,2,64000.26,0.05,128000.52,121600.49,0,10989.09,2025,2,February,Sunday,128000.52,121600.49399999999
2025-02-09,ORD015440,CUST00601,P015,Dining Table,Furniture,Ahmedabad,Online,UPI,1,20853.28,0.15,20853.28,17725.29,0,4114.5,2025,2,February,Sunday,20853.28,17725.287999999997
2025-02-09,ORD015860,CUST04390,P016,Sofa,Furniture,Pune,Store,Credit Card,1,35024.92,0.1,35024.92,31522.43,0,4583.56,2025,2,February,Sunday,35024.92,31522.428
2025-02-09,ORD001924,CUST03044,P002,Smartphone,Electronics,Delhi,Online,UPI,1,30796.08,0.05,30796.08,29256.28,0,6432.11,2025,2,February,Sunday,30796.08,29256.276
2025-02-09,ORD044958,CUST04026,P001,Laptop,Electronics,Pune,Online,UPI,1,61421.46,0.15,61421.46,52208.24,0,12520.4,2025,2,February,Sunday,61421.46,52208.240999999995
2025-02-09,ORD016294,CUST00805,P009,T-Shirt,Fashion,Surat,Store,UPI,2,1249.08,0.1,2498.16,2248.34,0,536.7,2025,2,February,Sunday,2498.16,2248.344
2025-02-09,ORD046469,CUST03724,P017,Jeans,Fashion,Pune,Online,Credit Card,2,2775.7,0.05,5551.4,5273.83,0,405.62,2025,2,February,Sunday,5551.4,5273.829999999999
2025-02-09,ORD028167,CUST00578,P005,Office Chair,Furniture,Ahmedabad,Online,Credit Card,1,8911.21,0.1,8911.21,8020.09,0,1782.77,2025,2,February,Sunday,8911.21,8020.088999999999
2025-02-09,ORD037828,CUST01370,P019,Vacuum Cleaner,Home,Ahmedabad,Online,UPI,1,9817.96,0.15,9817.96,8345.27,0,1215.4,2025,2,February,Sunday,9817.96,8345.266
2025-02-09,ORD013284,CUST02135,P005,Office Chair,Furniture,Chennai,Online,UPI,3,10384.26,0.05,31152.78,29595.14,0,4435.94,2025,2,February,Sunday,31152.78,29595.140999999996
2025-02-09,ORD034508,CUST01806,P007,Backpack,Accessories,Jaipur,Online,Net Banking,1,2051.08,0.15,2051.08,1743.42,0,148.11,2025,2,February,Sunday,2051.08,1743.418
2025-02-09,ORD029754,CUST01250,P016,Sofa,Furniture,Chennai,Store,Debit Card,5,36062.05,0.15,180310.25,153263.71,0,18931.53,2025,2,February,Sunday,180310.25,153263.7125
2025-02-10,ORD049958,CUST01472,P020,Microwave,Home,Surat,Online,Debit Card,1,10301.22,0.0,10301.22,10301.22,0,2246.59,2025,2,February,Monday,10301.22,10301.22
2025-02-10,ORD012938,CUST01428,P017,Jeans,Fashion,Pune,Online,UPI,5,2950.21,0.0,14751.05,14751.05,0,4139.69,2025,2,February,Monday,14751.05,14751.05
2025-02-10,ORD002739,CUST04234,P016,Sofa,Furniture,Mumbai,Online,Debit Card,1,37194.84,0.0,37194.84,37194.84,0,4607.87,2025,2,February,Monday,37194.84,37194.84
2025-02-10,ORD000998,CUST03385,P017,Jeans,Fashion,Hyderabad,Online,UPI,1,2818.06,0.05,2818.06,2677.16,0,475.28,2025,2,February,Monday,2818.06,2677.1569999999997
2025-02-10,ORD019416,CUST03147,P017,Jeans,Fashion,Surat,Online,Net Banking,3,2812.09,0.0,8436.27,8436.27,0,1089.27,2025,2,February,Monday,8436.27,8436.27
2025-02-10,ORD041636,CUST02172,P009,T-Shirt,Fashion,Chennai,Store,Debit Card,4,1092.38,0.0,4369.52,4369.52,0,464.99,2025,2,February,Monday,4369.52,4369.52
2025-02-10,ORD021034,CUST00788,P012,Air Fryer,Home,Kolkata,Online,Debit Card,1,6580.63,0.1,6580.63,5922.57,0,790.5,2025,2,February,Monday,6580.63,5922.567
2025-02-10,ORD048823,CUST02593,P006,Desk,Furniture,Kolkata,Online,Debit Card,3,12840.96,0.0,38522.88,38522.88,0,9828.8,2025,2,February,Monday,38522.88,38522.88
2025-02-10,ORD036236,CUST01535,P003,Headphones,Electronics,Delhi,Online,UPI,1,4266.08,0.05,4266.08,4052.78,0,385.88,2025,2,February,Monday,4266.08,4052.776
2025-02-10,ORD034987,CUST03714,P003,Headphones,Electronics,Bengaluru,Online,Credit Card,2,4569.23,0.1,9138.46,8224.61,0,1688.03,2025,2,February,Monday,9138.46,8224.614
2025-02-10,ORD007079,CUST00416,P013,Monitor,Electronics,Hyderabad,Online,Credit Card,2,19789.0,0.1,39578.0,35620.2,0,9547.21,2025,2,February,Monday,39578.0,35620.200000000004
2025-02-10,ORD023606,CUST03595,P002,Smartphone,Electronics,Delhi,Online,UPI,1,29557.84,0.1,29557.84,26602.06,0,3507.61,2025,2,February,Monday,29557.84,26602.056
2025-02-10,ORD035786,CUST02006,P015,Dining Table,Furniture,Jaipur,Store,UPI,1,21383.61,0.05,21383.61,20314.43,0,4774.64,2025,2,February,Monday,21383.61,20314.4295
2025-02-10,ORD028189,CUST00179,P016,Sofa,Furniture,Bengaluru,Online,UPI,2,35145.66,0.0,70291.32,70291.32,0,16272.25,2025,2,February,Monday,70291.32,70291.32
2025-02-10,ORD041764,CUST03067,P020,Microwave,Home,Jaipur,Store,Credit Card,2,10409.9,0.1,20819.8,18737.82,1,-936.89,2025,2,February,Monday,20819.8,18737.82
2025-02-10,ORD041130,CUST00861,P016,Sofa,Furniture,Delhi,Store,UPI,3,35563.23,0.1,106689.69,96020.72,0,16254.69,2025,2,February,Monday,106689.69,96020.721
2025-02-10,ORD045836,CUST00816,P001,Laptop,Electronics,Kolkata,Online,Debit Card,1,61002.94,0.05,61002.94,57952.79,0,12948.36,2025,2,February,Monday,61002.94,57952.793
2025-02-10,ORD028453,CUST03181,P007,Backpack,Accessories,Chennai,Online,UPI,2,2375.14,0.05,4750.28,4512.77,0,776.98,2025,2,February,Monday,4750.28,4512.766
2025-02-10,ORD009510,CUST04877,P018,Jacket,Fashion,Ahmedabad,Online,Credit Card,1,5673.6,0.1,5673.6,5106.24,0,764.18,2025,2,February,Monday,5673.6,5106.240000000001
2025-02-10,ORD036892,CUST01539,P002,Smartphone,Electronics,Hyderabad,Store,Credit Card,5,28274.11,0.0,141370.55,141370.55,0,38514.98,2025,2,February,Monday,141370.55,141370.55
2025-02-10,ORD019104,CUST01698,P002,Smartphone,Electronics,Bengaluru,Online,Credit Card,2,26826.31,0.05,53652.62,50969.99,0,7478.36,2025,2,February,Monday,53652.62,50969.989
2025-02-10,ORD037545,CUST02225,P007,Backpack,Accessories,Pune,Online,Credit Card,4,2239.43,0.2,8957.72,7166.18,0,1270.12,2025,2,February,Monday,8957.72,7166.1759999999995
2025-02-10,ORD014463,CUST00014,P015,Dining Table,Furniture,Ahmedabad,Online,UPI,5,23668.0,0.1,118340.0,106506.0,0,19071.77,2025,2,February,Monday,118340.0,106506.0
2025-02-10,ORD006506,CUST02159,P008,Running Shoes,Fashion,Kolkata,Store,Net Banking,1,4314.9,0.05,4314.9,4099.16,0,572.57,2025,2,February,Monday,4314.9,4099.155
2025-02-10,ORD030854,CUST01017,P020,Microwave,Home,Hyderabad,Online,UPI,4,10841.46,0.0,43365.84,43365.84,0,6131.69,2025,2,February,Monday,43365.84,43365.84
2025-02-10,ORD006563,CUST02988,P011,Mixer Grinder,Home,Hyderabad,Store,Debit Card,2,5128.19,0.15,10256.38,8717.92,0,1961.28,2025,2,February,Monday,10256.38,8717.922999999999
2025-02-10,ORD033945,CUST00439,P014,Keyboard,Electronics,Surat,Online,Debit Card,4,2609.49,0.1,10437.96,9394.16,1,-469.71,2025,2,February,Monday,10437.96,9394.163999999999
2025-02-10,ORD008902,CUST01051,P012,Air Fryer,Home,Hyderabad,Store,Net Banking,1,6525.24,0.05,6525.24,6198.98,0,892.61,2025,2,February,Monday,6525.24,6198.977999999999
2025-02-10,ORD020488,CUST00944,P005,Office Chair,Furniture,Jaipur,Store,UPI,4,9730.99,0.15,38923.96,33085.37,0,3485.31,2025,2,February,Monday,38923.96,33085.366
2025-02-10,ORD004018,CUST03488,P014,Keyboard,Electronics,Kolkata,Online,Debit Card,3,2510.8,0.1,7532.4,6779.16,0,891.94,2025,2,February,Monday,7532.400000000001,6779.16
2025-02-10,ORD023124,CUST03846,P003,Headphones,Electronics,Mumbai,Store,UPI,4,4115.42,0.1,16461.68,14815.51,0,2811.56,2025,2,February,Monday,16461.68,14815.512
2025-02-10,ORD007528,CUST03611,P012,Air Fryer,Home,Delhi,Store,Credit Card,1,7409.46,0.1,7409.46,6668.51,0,497.2,2025,2,February,Monday,7409.46,6668.514
2025-02-10,ORD023587,CUST01923,P015,Dining Table,Furniture,Jaipur,Online,Credit Card,1,21809.22,0.15,21809.22,18537.84,0,2564.24,2025,2,February,Monday,21809.22,18537.837
2025-02-10,ORD044724,CUST04613,P008,Running Shoes,Fashion,Pune,Store,Credit Card,5,4008.48,0.25,20042.4,15031.8,0,2490.67,2025,2,February,Monday,20042.4,15031.800000000001
2025-02-10,ORD000802,CUST03445,P019,Vacuum Cleaner,Home,Delhi,Online,Credit Card,2,9588.25,0.05,19176.5,18217.68,0,4457.07,2025,2,February,Monday,19176.5,18217.675
2025-02-10,ORD005264,CUST04041,P015,Dining Table,Furniture,Pune,Online,Credit Card,1,19946.59,0.0,19946.59,19946.59,0,4114.13,2025,2,February,Monday,19946.59,19946.59
2025-02-10,ORD045937,CUST02515,P017,Jeans,Fashion,Jaipur,Online,Net Banking,2,2786.85,0.15,5573.7,4737.64,0,564.06,2025,2,February,Monday,5573.7,4737.6449999999995
2025-02-10,ORD019120,CUST02414,P009,T-Shirt,Fashion,Bengaluru,Online,Cash,3,1177.9,0.0,3533.7,3533.7,0,335.63,2025,2,February,Monday,3533.7000000000003,3533.7
2025-02-10,ORD039601,CUST03893,P008,Running Shoes,Fashion,Pune,Store,UPI,1,3944.42,0.2,3944.42,3155.54,0,650.55,2025,2,February,Monday,3944.42,3155.536
2025-02-10,ORD032948,CUST02679,P016,Sofa,Furniture,Chennai,Store,Debit Card,4,36386.04,0.0,145544.16,145544.16,0,28346.07,2025,2,February,Monday,145544.16,145544.16
2025-02-10,ORD019821,CUST01512,P004,Smartwatch,Electronics,Surat,Store,Net Banking,1,7291.24,0.2,7291.24,5832.99,0,823.2,2025,2,February,Monday,7291.24,5832.992
2025-02-10,ORD033571,CUST04975,P001,Laptop,Electronics,Kolkata,Store,Net Banking,2,68634.85,0.05,137269.7,130406.22,0,33205.74,2025,2,February,Monday,137269.7,130406.21500000001
2025-02-10,ORD045879,CUST00642,P013,Monitor,Electronics,Bengaluru,Store,UPI,1,19374.43,0.0,19374.43,19374.43,0,5327.34,2025,2,February,Monday,19374.43,19374.43
2025-02-10,ORD008372,CUST02354,P018,Jacket,Fashion,Pune,Online,Debit Card,1,4761.33,0.1,4761.33,4285.2,0,1152.31,2025,2,February,Monday,4761.33,4285.197
2025-02-10,ORD012555,CUST04810,P001,Laptop,Electronics,Surat,Store,Cash,3,61051.25,0.05,183153.75,173996.06,0,34258.37,2025,2,February,Monday,183153.75,173996.0625
2025-02-10,ORD037503,CUST04347,P002,Smartphone,Electronics,Ahmedabad,Store,Credit Card,2,26051.03,0.0,52102.06,52102.06,0,8913.74,2025,2,February,Monday,52102.06,52102.06
2025-02-10,ORD020501,CUST00262,P014,Keyboard,Electronics,Kolkata,Online,Credit Card,2,2269.2,0.1,4538.4,4084.56,0,1050.66,2025,2,February,Monday,4538.4,4084.56
2025-02-10,ORD007939,CUST01000,P011,Mixer Grinder,Home,Ahmedabad,Online,Debit Card,1,4500.73,0.25,4500.73,3375.55,0,681.95,2025,2,February,Monday,4500.73,3375.5474999999997
2025-02-10,ORD033785,CUST01471,P011,Mixer Grinder,Home,Surat,Online,UPI,2,4503.28,0.15,9006.56,7655.58,0,1155.18,2025,2,February,Monday,9006.56,7655.575999999999
2025-02-10,ORD001999,CUST00519,P014,Keyboard,Electronics,Kolkata,Online,Net Banking,3,2414.84,0.1,7244.52,6520.07,0,515.05,2025,2,February,Monday,7244.52,6520.068
2025-02-10,ORD003144,CUST02931,P020,Microwave,Home,Pune,Online,UPI,1,10717.79,0.05,10717.79,10181.9,0,1091.08,2025,2,February,Monday,10717.79,10181.9005
2025-02-10,ORD029189,CUST02433,P015,Dining Table,Furniture,Kolkata,Online,UPI,1,20164.46,0.05,20164.46,19156.24,0,5184.04,2025,2,February,Monday,20164.46,19156.236999999997
2025-02-10,ORD037257,CUST04923,P008,Running Shoes,Fashion,Bengaluru,Store,UPI,1,4184.4,0.0,4184.4,4184.4,0,490.91,2025,2,February,Monday,4184.4,4184.4
2025-02-10,ORD000186,CUST04184,P018,Jacket,Fashion,Hyderabad,Online,Credit Card,1,4775.55,0.1,4775.55,4298.0,1,-214.9,2025,2,February,Monday,4775.55,4297.995
2025-02-10,ORD037805,CUST04461,P013,Monitor,Electronics,Pune,Store,Debit Card,1,18932.44,0.05,18932.44,17985.82,0,3973.5,2025,2,February,Monday,18932.44,17985.818
2025-02-10,ORD019000,CUST02319,P008,Running Shoes,Fashion,Bengaluru,Online,Debit Card,1,4464.66,0.1,4464.66,4018.19,0,937.55,2025,2,February,Monday,4464.66,4018.194
2025-02-10,ORD038141,CUST01345,P017,Jeans,Fashion,Chennai,Online,Credit Card,1,2711.58,0.05,2711.58,2576.0,0,517.75,2025,2,February,Monday,2711.58,2576.0009999999997
2025-02-10,ORD023198,CUST01075,P016,Sofa,Furniture,Ahmedabad,Store,UPI,1,32462.45,0.05,32462.45,30839.33,0,8002.72,2025,2,February,Monday,32462.45,30839.3275
2025-02-10,ORD009120,CUST02985,P017,Jeans,Fashion,Surat,Online,Credit Card,1,2599.18,0.15,2599.18,2209.3,0,281.49,2025,2,February,Monday,2599.18,2209.303
2025-02-10,ORD015513,CUST04281,P013,Monitor,Electronics,Bengaluru,Store,Cash,4,17439.92,0.1,69759.68,62783.71,0,6577.83,2025,2,February,Monday,69759.68,62783.71199999999
2025-02-10,ORD002147,CUST03928,P013,Monitor,Electronics,Delhi,Online,UPI,1,18083.02,0.25,18083.02,13562.26,0,542.49,2025,2,February,Monday,18083.02,13562.265
2025-02-10,ORD011395,CUST01703,P003,Headphones,Electronics,Surat,Online,UPI,1,4523.71,0.05,4523.71,4297.52,0,1055.01,2025,2,February,Monday,4523.71,4297.5244999999995
2025-02-10,ORD018319,CUST04587,P006,Desk,Furniture,Delhi,Store,UPI,4,11726.02,0.05,46904.08,44558.88,0,12140.31,2025,2,February,Monday,46904.08,44558.876
2025-02-10,ORD040882,CUST04222,P018,Jacket,Fashion,Kolkata,Online,UPI,2,4766.34,0.05,9532.68,9056.05,0,1176.88,2025,2,February,Monday,9532.68,9056.046
2025-02-11,ORD000488,CUST01213,P003,Headphones,Electronics,Hyderabad,Online,UPI,5,4591.25,0.15,22956.25,19512.81,0,3313.49,2025,2,February,Tuesday,22956.25,19512.8125
2025-02-11,ORD040099,CUST02554,P019,Vacuum Cleaner,Home,Delhi,Store,Cash,1,9204.02,0.0,9204.02,9204.02,1,-460.2,2025,2,February,Tuesday,9204.02,9204.02
2025-02-11,ORD040209,CUST03629,P019,Vacuum Cleaner,Home,Jaipur,Store,Net Banking,2,8321.59,0.0,16643.18,16643.18,0,2113.17,2025,2,February,Tuesday,16643.18,16643.18
2025-02-11,ORD020359,CUST01142,P011,Mixer Grinder,Home,Jaipur,Store,UPI,1,4781.7,0.0,4781.7,4781.7,0,561.59,2025,2,February,Tuesday,4781.7,4781.7
2025-02-11,ORD028078,CUST01946,P010,Coffee Maker,Home,Delhi,Store,Debit Card,1,5477.52,0.15,5477.52,4655.89,0,962.34,2025,2,February,Tuesday,5477.52,4655.892
2025-02-11,ORD010622,CUST02377,P003,Headphones,Electronics,Bengaluru,Store,Credit Card,3,4494.6,0.05,13483.8,12809.61,0,2977.35,2025,2,February,Tuesday,13483.800000000001,12809.609999999999
2025-02-11,ORD018806,CUST00283,P018,Jacket,Fashion,Ahmedabad,Store,Cash,1,4794.23,0.0,4794.23,4794.23,0,853.45,2025,2,February,Tuesday,4794.23,4794.23
2025-02-11,ORD022896,CUST02466,P005,Office Chair,Furniture,Ahmedabad,Online,UPI,1,10361.26,0.05,10361.26,9843.2,0,1538.33,2025,2,February,Tuesday,10361.26,9843.197
2025-02-11,ORD021780,CUST01406,P005,Office Chair,Furniture,Mumbai,Store,UPI,1,9551.11,0.2,9551.11,7640.89,0,1154.78,2025,2,February,Tuesday,9551.11,7640.888000000001
2025-02-11,ORD021887,CUST02791,P003,Headphones,Electronics,Jaipur,Store,Debit Card,3,4673.39,0.05,14020.17,13319.16,0,989.5,2025,2,February,Tuesday,14020.170000000002,13319.1615
2025-02-11,ORD026393,CUST04851,P020,Microwave,Home,Bengaluru,Store,UPI,1,11147.48,0.1,11147.48,10032.73,0,1302.12,2025,2,February,Tuesday,11147.48,10032.732
2025-02-11,ORD029968,CUST00530,P013,Monitor,Electronics,Hyderabad,Online,UPI,1,18004.1,0.1,18004.1,16203.69,0,4281.8,2025,2,February,Tuesday,18004.1,16203.689999999999
2025-02-11,ORD035638,CUST04063,P004,Smartwatch,Electronics,Kolkata,Online,UPI,4,7417.23,0.15,29668.92,25218.58,0,3804.43,2025,2,February,Tuesday,29668.92,25218.582
2025-02-11,ORD036827,CUST04918,P013,Monitor,Electronics,Jaipur,Store,UPI,1,16754.61,0.15,16754.61,14241.42,0,1684.64,2025,2,February,Tuesday,16754.61,14241.4185
2025-02-11,ORD020432,CUST03615,P018,Jacket,Fashion,Jaipur,Store,UPI,1,5021.45,0.15,5021.45,4268.23,1,-213.41,2025,2,February,Tuesday,5021.45,4268.2325
2025-02-11,ORD040920,CUST00071,P020,Microwave,Home,Pune,Online,Debit Card,1,11060.85,0.0,11060.85,11060.85,0,3278.89,2025,2,February,Tuesday,11060.85,11060.85
2025-02-11,ORD024878,CUST04298,P006,Desk,Furniture,Jaipur,Online,Credit Card,1,11332.83,0.1,11332.83,10199.55,0,702.13,2025,2,February,Tuesday,11332.83,10199.547
2025-02-11,ORD041346,CUST00530,P006,Desk,Furniture,Chennai,Store,Cash,1,12240.26,0.15,12240.26,10404.22,0,2401.56,2025,2,February,Tuesday,12240.26,10404.221
2025-02-11,ORD000049,CUST00668,P016,Sofa,Furniture,Delhi,Online,UPI,2,38210.92,0.2,76421.84,61137.47,0,7751.91,2025,2,February,Tuesday,76421.84,61137.472
2025-02-11,ORD033792,CUST03871,P015,Dining Table,Furniture,Delhi,Online,Debit Card,3,19818.98,0.1,59456.94,53511.25,0,4230.42,2025,2,February,Tuesday,59456.94,53511.24600000001
2025-02-11,ORD026913,CUST03368,P015,Dining Table,Furniture,Pune,Online,Credit Card,1,23959.88,0.15,23959.88,20365.9,0,2267.89,2025,2,February,Tuesday,23959.88,20365.898
2025-02-11,ORD012312,CUST00525,P013,Monitor,Electronics,Chennai,Online,Credit Card,1,19203.84,0.1,19203.84,17283.46,1,-864.17,2025,2,February,Tuesday,19203.84,17283.456000000002
2025-02-11,ORD007068,CUST04119,P015,Dining Table,Furniture,Chennai,Online,Net Banking,1,23198.31,0.1,23198.31,20878.48,0,1872.67,2025,2,February,Tuesday,23198.31,20878.479000000003
2025-02-11,ORD019224,CUST02202,P002,Smartphone,Electronics,Mumbai,Online,Debit Card,2,26240.91,0.15,52481.82,44609.55,0,4514.67,2025,2,February,Tuesday,52481.82,44609.547
2025-02-11,ORD030201,CUST04546,P008,Running Shoes,Fashion,Mumbai,Store,Net Banking,1,4066.81,0.05,4066.81,3863.47,0,524.46,2025,2,February,Tuesday,4066.81,3863.4694999999997
2025-02-11,ORD041091,CUST00729,P006,Desk,Furniture,Surat,Online,Credit Card,1,12048.21,0.2,12048.21,9638.57,0,2448.23,2025,2,February,Tuesday,12048.21,9638.568
2025-02-11,ORD031476,CUST03090,P010,Coffee Maker,Home,Mumbai,Online,UPI,1,5049.76,0.0,5049.76,5049.76,0,1451.78,2025,2,February,Tuesday,5049.76,5049.76
2025-02-11,ORD047015,CUST03875,P015,Dining Table,Furniture,Surat,Store,UPI,1,24014.58,0.1,24014.58,21613.12,0,3636.31,2025,2,February,Tuesday,24014.58,21613.122000000003
2025-02-11,ORD009801,CUST02345,P008,Running Shoes,Fashion,Kolkata,Online,Credit Card,1,4546.53,0.0,4546.53,4546.53,0,820.82,2025,2,February,Tuesday,4546.53,4546.53
2025-02-11,ORD039565,CUST03310,P013,Monitor,Electronics,Kolkata,Store,Credit Card,1,16487.8,0.0,16487.8,16487.8,0,1371.32,2025,2,February,Tuesday,16487.8,16487.8
2025-02-11,ORD012950,CUST01240,P020,Microwave,Home,Chennai,Online,UPI,2,11581.36,0.15,23162.72,19688.31,0,3144.92,2025,2,February,Tuesday,23162.72,19688.312
2025-02-11,ORD027645,CUST00859,P011,Mixer Grinder,Home,Jaipur,Online,Net Banking,1,4968.84,0.25,4968.84,3726.63,0,292.41,2025,2,February,Tuesday,4968.84,3726.63
2025-02-11,ORD021479,CUST00905,P001,Laptop,Electronics,Pune,Store,Credit Card,1,69192.74,0.0,69192.74,69192.74,0,6743.87,2025,2,February,Tuesday,69192.74,69192.74
2025-02-11,ORD007153,CUST04381,P001,Laptop,Electronics,Bengaluru,Online,Debit Card,1,66981.88,0.05,66981.88,63632.79,0,6576.5,2025,2,February,Tuesday,66981.88,63632.786
2025-02-11,ORD017716,CUST04653,P002,Smartphone,Electronics,Pune,Online,UPI,1,30654.87,0.2,30654.87,24523.9,0,5770.89,2025,2,February,Tuesday,30654.87,24523.896
2025-02-11,ORD013774,CUST00739,P011,Mixer Grinder,Home,Pune,Store,UPI,1,4697.7,0.1,4697.7,4227.93,0,1145.65,2025,2,February,Tuesday,4697.7,4227.93
2025-02-11,ORD014671,CUST03574,P015,Dining Table,Furniture,Mumbai,Online,Credit Card,3,22232.73,0.15,66698.19,56693.46,0,11407.54,2025,2,February,Tuesday,66698.19,56693.4615
2025-02-11,ORD026746,CUST03297,P016,Sofa,Furniture,Chennai,Online,UPI,2,37578.03,0.15,75156.06,63882.65,0,12316.91,2025,2,February,Tuesday,75156.06,63882.651
2025-02-11,ORD039157,CUST02469,P003,Headphones,Electronics,Bengaluru,Store,Cash,2,4082.45,0.1,8164.9,7348.41,0,1894.63,2025,2,February,Tuesday,8164.9,7348.41
2025-02-11,ORD011077,CUST02672,P020,Microwave,Home,Pune,Store,UPI,2,11721.67,0.05,23443.34,22271.17,0,3323.76,2025,2,February,Tuesday,23443.34,22271.173
2025-02-11,ORD021104,CUST00427,P015,Dining Table,Furniture,Mumbai,Store,UPI,1,22256.14,0.15,22256.14,18917.72,0,2526.74,2025,2,February,Tuesday,22256.14,18917.718999999997
2025-02-11,ORD031747,CUST04100,P003,Headphones,Electronics,Chennai,Store,UPI,5,4939.26,0.05,24696.3,23461.48,0,2640.2,2025,2,February,Tuesday,24696.300000000003,23461.484999999997
2025-02-11,ORD047878,CUST01171,P001,Laptop,Electronics,Hyderabad,Online,Debit Card,1,60835.96,0.0,60835.96,60835.96,0,13498.9,2025,2,February,Tuesday,60835.96,60835.96
2025-02-11,ORD034117,CUST00186,P014,Keyboard,Electronics,Mumbai,Online,UPI,2,2409.28,0.0,4818.56,4818.56,0,799.6,2025,2,February,Tuesday,4818.56,4818.56
2025-02-11,ORD019987,CUST01936,P010,Coffee Maker,Home,Hyderabad,Online,UPI,1,5482.88,0.2,5482.88,4386.3,0,1031.52,2025,2,February,Tuesday,5482.88,4386.304
2025-02-11,ORD006366,CUST03438,P005,Office Chair,Furniture,Surat,Online,UPI,1,9740.54,0.0,9740.54,9740.54,0,1653.97,2025,2,February,Tuesday,9740.54,9740.54
2025-02-11,ORD038741,CUST04004,P006,Desk,Furniture,Mumbai,Store,UPI,3,10837.04,0.0,32511.12,32511.12,0,5446.87,2025,2,February,Tuesday,32511.120000000003,32511.12
2025-02-11,ORD030812,CUST01407,P003,Headphones,Electronics,Pune,Online,UPI,1,4871.8,0.15,4871.8,4141.03,0,853.29,2025,2,February,Tuesday,4871.8,4141.03
2025-02-11,ORD024793,CUST02142,P018,Jacket,Fashion,Pune,Store,Debit Card,1,5697.74,0.1,5697.74,5127.97,0,1307.62,2025,2,February,Tuesday,5697.74,5127.966
2025-02-11,ORD032168,CUST00818,P015,Dining Table,Furniture,Mumbai,Online,Credit Card,2,20648.08,0.15,41296.16,35101.74,0,3785.49,2025,2,February,Tuesday,41296.16,35101.736000000004
2025-02-11,ORD045313,CUST03038,P014,Keyboard,Electronics,Chennai,Online,Cash,1,2306.05,0.0,2306.05,2306.05,0,362.99,2025,2,February,Tuesday,2306.05,2306.05
2025-02-11,ORD030366,CUST04912,P012,Air Fryer,Home,Jaipur,Store,UPI,5,7096.6,0.1,35483.0,31934.7,0,8938.35,2025,2,February,Tuesday,35483.0,31934.7
2025-02-11,ORD015467,CUST00484,P009,T-Shirt,Fashion,Pune,Online,Cash,1,1222.34,0.1,1222.34,1100.11,0,228.49,2025,2,February,Tuesday,1222.34,1100.106
2025-02-11,ORD034067,CUST03054,P005,Office Chair,Furniture,Ahmedabad,Store,Debit Card,3,10403.7,0.1,31211.1,28089.99,0,3785.11,2025,2,February,Tuesday,31211.100000000002,28089.989999999998
2025-02-11,ORD006425,CUST01845,P013,Monitor,Electronics,Hyderabad,Store,Credit Card,1,18049.72,0.15,18049.72,15342.26,0,1479.31,2025,2,February,Tuesday,18049.72,15342.262
2025-02-12,ORD049207,CUST02240,P004,Smartwatch,Electronics,Mumbai,Online,Debit Card,2,7285.68,0.0,14571.36,14571.36,0,3253.62,2025,2,February,Wednesday,14571.36,14571.36
2025-02-12,ORD032708,CUST01997,P009,T-Shirt,Fashion,Pune,Online,UPI,1,1241.32,0.15,1241.32,1055.12,0,121.15,2025,2,February,Wednesday,1241.32,1055.1219999999998
2025-02-12,ORD032495,CUST00431,P011,Mixer Grinder,Home,Surat,Online,UPI,1,4533.14,0.15,4533.14,3853.17,0,858.55,2025,2,February,Wednesday,4533.14,3853.1690000000003
2025-02-12,ORD043847,CUST04613,P001,Laptop,Electronics,Bengaluru,Store,Net Banking,1,60416.21,0.0,60416.21,60416.21,0,12188.48,2025,2,February,Wednesday,60416.21,60416.21
2025-02-12,ORD014184,CUST01797,P007,Backpack,Accessories,Mumbai,Store,UPI,5,2300.06,0.05,11500.3,10925.28,1,-546.26,2025,2,February,Wednesday,11500.3,10925.284999999998
2025-02-12,ORD018939,CUST04484,P004,Smartwatch,Electronics,Kolkata,Online,Debit Card,1,6506.05,0.1,6506.05,5855.45,0,695.74,2025,2,February,Wednesday,6506.05,5855.445000000001
2025-02-12,ORD024665,CUST02344,P001,Laptop,Electronics,Ahmedabad,Store,Cash,1,65570.45,0.0,65570.45,65570.45,0,13063.84,2025,2,February,Wednesday,65570.45,65570.45
2025-02-12,ORD016607,CUST04885,P012,Air Fryer,Home,Pune,Online,Credit Card,1,7503.58,0.1,7503.58,6753.22,0,1182.97,2025,2,February,Wednesday,7503.58,6753.222
2025-02-12,ORD043544,CUST04972,P004,Smartwatch,Electronics,Bengaluru,Online,UPI,1,6947.9,0.05,6947.9,6600.5,0,1784.07,2025,2,February,Wednesday,6947.9,6600.504999999999
2025-02-12,ORD027500,CUST02088,P008,Running Shoes,Fashion,Mumbai,Store,UPI,4,4283.67,0.0,17134.68,17134.68,0,5014.8,2025,2,February,Wednesday,17134.68,17134.68
2025-02-12,ORD016482,CUST02025,P005,Office Chair,Furniture,Chennai,Store,Cash,2,9836.12,0.1,19672.24,17705.02,0,2992.92,2025,2,February,Wednesday,19672.24,17705.016000000003
2025-02-12,ORD038545,CUST04470,P008,Running Shoes,Fashion,Mumbai,Online,UPI,1,4385.2,0.05,4385.2,4165.94,0,856.32,2025,2,February,Wednesday,4385.2,4165.94
2025-02-12,ORD007447,CUST01464,P020,Microwave,Home,Hyderabad,Online,UPI,1,11392.61,0.1,11392.61,10253.35,0,2672.78,2025,2,February,Wednesday,11392.61,10253.349
2025-02-12,ORD024658,CUST04780,P006,Desk,Furniture,Delhi,Online,Credit Card,1,12485.46,0.05,12485.46,11861.19,0,2206.84,2025,2,February,Wednesday,12485.46,11861.186999999998
2025-02-12,ORD032081,CUST02697,P012,Air Fryer,Home,Hyderabad,Online,Debit Card,2,7012.61,0.0,14025.22,14025.22,0,1401.16,2025,2,February,Wednesday,14025.22,14025.22
2025-02-12,ORD042141,CUST03338,P015,Dining Table,Furniture,Pune,Online,Credit Card,1,22780.84,0.0,22780.84,22780.84,0,5667.55,2025,2,February,Wednesday,22780.84,22780.84
2025-02-12,ORD009333,CUST02752,P010,Coffee Maker,Home,Ahmedabad,Store,UPI,2,5250.98,0.05,10501.96,9976.86,0,2734.91,2025,2,February,Wednesday,10501.96,9976.862
2025-02-12,ORD022521,CUST04535,P018,Jacket,Fashion,Bengaluru,Online,Net Banking,1,5277.75,0.2,5277.75,4222.2,0,587.19,2025,2,February,Wednesday,5277.75,4222.2
2025-02-12,ORD041465,CUST04312,P001,Laptop,Electronics,Bengaluru,Store,Net Banking,2,65547.45,0.25,131094.9,98321.17,0,15384.86,2025,2,February,Wednesday,131094.9,98321.17499999999
2025-02-12,ORD045671,CUST01741,P009,T-Shirt,Fashion,Delhi,Online,Credit Card,1,1304.91,0.1,1304.91,1174.42,0,327.05,2025,2,February,Wednesday,1304.91,1174.419
2025-02-12,ORD005873,CUST01823,P006,Desk,Furniture,Bengaluru,Online,Net Banking,1,12135.39,0.1,12135.39,10921.85,0,754.21,2025,2,February,Wednesday,12135.39,10921.851
2025-02-12,ORD000865,CUST00982,P017,Jeans,Fashion,Chennai,Online,Credit Card,1,2998.59,0.25,2998.59,2248.94,0,229.54,2025,2,February,Wednesday,2998.59,2248.9425
2025-02-12,ORD029243,CUST04053,P019,Vacuum Cleaner,Home,Chennai,Online,Debit Card,1,8988.02,0.1,8988.02,8089.22,0,1800.9,2025,2,February,Wednesday,8988.02,8089.218000000001
2025-02-12,ORD041784,CUST00854,P014,Keyboard,Electronics,Jaipur,Store,Credit Card,2,2358.52,0.15,4717.04,4009.48,0,1082.31,2025,2,February,Wednesday,4717.04,4009.484
2025-02-12,ORD004514,CUST04821,P020,Microwave,Home,Pune,Online,Credit Card,1,10106.85,0.1,10106.85,9096.17,0,1975.38,2025,2,February,Wednesday,10106.85,9096.165
2025-02-12,ORD005856,CUST00644,P008,Running Shoes,Fashion,Delhi,Store,Debit Card,1,3829.74,0.15,3829.74,3255.28,0,551.47,2025,2,February,Wednesday,3829.74,3255.2789999999995
2025-02-12,ORD040905,CUST00991,P009,T-Shirt,Fashion,Mumbai,Online,UPI,1,1284.32,0.05,1284.32,1220.1,0,268.84,2025,2,February,Wednesday,1284.32,1220.1039999999998
2025-02-12,ORD026333,CUST02067,P018,Jacket,Fashion,Mumbai,Store,Cash,2,5494.58,0.1,10989.16,9890.24,0,2090.68,2025,2,February,Wednesday,10989.16,9890.244
2025-02-12,ORD021630,CUST01587,P020,Microwave,Home,Pune,Online,Net Banking,2,10545.37,0.0,21090.74,21090.74,1,-1054.54,2025,2,February,Wednesday,21090.74,21090.74
2025-02-12,ORD019862,CUST01965,P005,Office Chair,Furniture,Surat,Online,Credit Card,4,8910.43,0.15,35641.72,30295.46,0,1672.82,2025,2,February,Wednesday,35641.72,30295.462
2025-02-12,ORD013213,CUST03232,P015,Dining Table,Furniture,Chennai,Online,Credit Card,2,22983.47,0.0,45966.94,45966.94,0,6971.21,2025,2,February,Wednesday,45966.94,45966.94
2025-02-12,ORD029090,CUST04567,P015,Dining Table,Furniture,Jaipur,Store,Net Banking,1,19843.67,0.0,19843.67,19843.67,0,1963.41,2025,2,February,Wednesday,19843.67,19843.67
2025-02-12,ORD006211,CUST03983,P017,Jeans,Fashion,Jaipur,Store,UPI,1,2679.62,0.05,2679.62,2545.64,0,676.25,2025,2,February,Wednesday,2679.62,2545.6389999999997
2025-02-12,ORD005527,CUST03308,P020,Microwave,Home,Bengaluru,Online,UPI,2,11069.17,0.1,22138.34,19924.51,0,4187.81,2025,2,February,Wednesday,22138.34,19924.506
2025-02-12,ORD018846,CUST00469,P002,Smartphone,Electronics,Bengaluru,Store,Credit Card,1,29140.84,0.0,29140.84,29140.84,0,2827.64,2025,2,February,Wednesday,29140.84,29140.84
2025-02-12,ORD013938,CUST01067,P020,Microwave,Home,Kolkata,Online,Credit Card,5,12092.88,0.15,60464.4,51394.74,0,5616.38,2025,2,February,Wednesday,60464.399999999994,51394.74
2025-02-12,ORD007645,CUST02781,P005,Office Chair,Furniture,Chennai,Store,UPI,2,9716.19,0.2,19432.38,15545.9,0,2188.45,2025,2,February,Wednesday,19432.38,15545.904000000002
2025-02-12,ORD031627,CUST02372,P008,Running Shoes,Fashion,Delhi,Online,Cash,3,3920.54,0.1,11761.62,10585.46,0,2227.61,2025,2,February,Wednesday,11761.619999999999,10585.458
2025-02-12,ORD046273,CUST03158,P006,Desk,Furniture,Pune,Online,UPI,2,12317.52,0.05,24635.04,23403.29,0,4418.28,2025,2,February,Wednesday,24635.04,23403.288
2025-02-12,ORD004415,CUST01060,P014,Keyboard,Electronics,Mumbai,Online,Net Banking,4,2604.81,0.15,10419.24,8856.35,0,1203.09,2025,2,February,Wednesday,10419.24,8856.354
2025-02-12,ORD036992,CUST04970,P007,Backpack,Accessories,Bengaluru,Online,UPI,2,2119.5,0.1,4239.0,3815.1,0,465.14,2025,2,February,Wednesday,4239.0,3815.1
2025-02-12,ORD005007,CUST00446,P014,Keyboard,Electronics,Jaipur,Store,Debit Card,2,2648.07,0.05,5296.14,5031.33,0,947.73,2025,2,February,Wednesday,5296.14,5031.333
2025-02-12,ORD044815,CUST04701,P017,Jeans,Fashion,Jaipur,Online,UPI,2,3033.85,0.1,6067.7,5460.93,0,529.62,2025,2,February,Wednesday,6067.7,5460.93
2025-02-12,ORD002839,CUST04039,P019,Vacuum Cleaner,Home,Ahmedabad,Store,Credit Card,1,8869.08,0.1,8869.08,7982.17,0,1734.76,2025,2,February,Wednesday,8869.08,7982.1720000000005
2025-02-12,ORD041234,CUST01110,P011,Mixer Grinder,Home,Jaipur,Online,Credit Card,3,4387.1,0.1,13161.3,11845.17,0,2517.24,2025,2,February,Wednesday,13161.300000000001,11845.17
2025-02-12,ORD016520,CUST02511,P015,Dining Table,Furniture,Mumbai,Online,Debit Card,2,20518.98,0.1,41037.96,36934.16,1,-1846.71,2025,2,February,Wednesday,41037.96,36934.164
2025-02-12,ORD008883,CUST03147,P017,Jeans,Fashion,Bengaluru,Online,UPI,1,2763.95,0.0,2763.95,2763.95,0,256.75,2025,2,February,Wednesday,2763.95,2763.95
2025-02-12,ORD040040,CUST03840,P005,Office Chair,Furniture,Surat,Store,Cash,1,8976.4,0.1,8976.4,8078.76,0,1286.47,2025,2,February,Wednesday,8976.4,8078.76
2025-02-12,ORD025465,CUST04776,P008,Running Shoes,Fashion,Ahmedabad,Online,Debit Card,1,4231.24,0.05,4231.24,4019.68,1,-200.98,2025,2,February,Wednesday,4231.24,4019.6779999999994
2025-02-12,ORD027100,CUST01571,P011,Mixer Grinder,Home,Bengaluru,Online,Credit Card,1,4869.91,0.15,4869.91,4139.42,0,892.77,2025,2,February,Wednesday,4869.91,4139.4235
2025-02-12,ORD037917,CUST03347,P003,Headphones,Electronics,Pune,Online,Credit Card,5,4634.5,0.15,23172.5,19696.62,1,-984.83,2025,2,February,Wednesday,23172.5,19696.625
2025-02-13,ORD033465,CUST04422,P007,Backpack,Accessories,Hyderabad,Online,UPI,1,2396.03,0.1,2396.03,2156.43,0,378.64,2025,2,February,Thursday,2396.03,2156.427
2025-02-13,ORD012086,CUST03281,P019,Vacuum Cleaner,Home,Pune,Online,Credit Card,3,9287.61,0.15,27862.83,23683.41,0,1253.89,2025,2,February,Thursday,27862.83,23683.4055
2025-02-13,ORD002927,CUST00054,P009,T-Shirt,Fashion,Jaipur,Store,Net Banking,1,1140.43,0.0,1140.43,1140.43,0,237.55,2025,2,February,Thursday,1140.43,1140.43
2025-02-13,ORD037621,CUST01408,P016,Sofa,Furniture,Mumbai,Store,UPI,2,32399.69,0.15,64799.38,55079.47,0,8318.16,2025,2,February,Thursday,64799.38,55079.473
2025-02-13,ORD020497,CUST02481,P005,Office Chair,Furniture,Ahmedabad,Store,Net Banking,1,8897.42,0.25,8897.42,6673.06,0,1131.49,2025,2,February,Thursday,8897.42,6673.0650000000005
2025-02-13,ORD018747,CUST00734,P018,Jacket,Fashion,Pune,Online,Debit Card,1,5119.51,0.05,5119.51,4863.53,0,1221.05,2025,2,February,Thursday,5119.51,4863.5345
2025-02-13,ORD006416,CUST01952,P016,Sofa,Furniture,Pune,Store,Net Banking,1,33910.2,0.0,33910.2,33910.2,0,8252.34,2025,2,February,Thursday,33910.2,33910.2
2025-02-13,ORD018429,CUST03307,P019,Vacuum Cleaner,Home,Surat,Online,UPI,1,9650.6,0.1,9650.6,8685.54,0,1370.82,2025,2,February,Thursday,9650.6,8685.54
2025-02-13,ORD010530,CUST02017,P017,Jeans,Fashion,Chennai,Store,Cash,1,3056.46,0.0,3056.46,3056.46,0,612.54,2025,2,February,Thursday,3056.46,3056.46
2025-02-13,ORD029153,CUST00386,P011,Mixer Grinder,Home,Surat,Online,Credit Card,1,5056.11,0.1,5056.11,4550.5,0,893.58,2025,2,February,Thursday,5056.11,4550.499
2025-02-13,ORD017443,CUST01434,P015,Dining Table,Furniture,Surat,Online,Credit Card,1,20149.54,0.1,20149.54,18134.59,0,3774.58,2025,2,February,Thursday,20149.54,18134.586000000003
2025-02-13,ORD037881,CUST02997,P017,Jeans,Fashion,Ahmedabad,Online,UPI,1,3024.58,0.0,3024.58,3024.58,0,332.31,2025,2,February,Thursday,3024.58,3024.58
2025-02-13,ORD039134,CUST00181,P012,Air Fryer,Home,Delhi,Online,Credit Card,2,7330.57,0.1,14661.14,13195.03,0,3604.54,2025,2,February,Thursday,14661.14,13195.026
2025-02-13,ORD045609,CUST02544,P009,T-Shirt,Fashion,Ahmedabad,Online,Credit Card,1,1287.88,0.15,1287.88,1094.7,0,139.26,2025,2,February,Thursday,1287.88,1094.698
2025-02-13,ORD039476,CUST01068,P014,Keyboard,Electronics,Surat,Online,UPI,1,2398.51,0.0,2398.51,2398.51,0,490.88,2025,2,February,Thursday,2398.51,2398.51
2025-02-13,ORD014456,CUST00282,P019,Vacuum Cleaner,Home,Delhi,Store,Credit Card,4,8746.79,0.1,34987.16,31488.44,0,6331.77,2025,2,February,Thursday,34987.16,31488.444000000003
2025-02-13,ORD002595,CUST04294,P009,T-Shirt,Fashion,Ahmedabad,Online,UPI,1,1080.28,0.0,1080.28,1080.28,0,184.18,2025,2,February,Thursday,1080.28,1080.28
2025-02-13,ORD038127,CUST03601,P006,Desk,Furniture,Pune,Online,Net Banking,1,12794.73,0.25,12794.73,9596.05,0,1461.58,2025,2,February,Thursday,12794.73,9596.0475
2025-02-13,ORD015973,CUST01527,P015,Dining Table,Furniture,Delhi,Online,UPI,2,22769.05,0.1,45538.1,40984.29,0,8890.16,2025,2,February,Thursday,45538.1,40984.29
2025-02-13,ORD004362,CUST03132,P012,Air Fryer,Home,Pune,Online,Debit Card,1,6920.25,0.15,6920.25,5882.21,0,456.24,2025,2,February,Thursday,6920.25,5882.2125
2025-02-13,ORD049336,CUST03294,P010,Coffee Maker,Home,Mumbai,Store,Debit Card,2,6008.42,0.15,12016.84,10214.31,0,1153.67,2025,2,February,Thursday,12016.84,10214.314
2025-02-13,ORD038653,CUST00549,P005,Office Chair,Furniture,Surat,Online,UPI,2,8960.95,0.0,17921.9,17921.9,0,4364.12,2025,2,February,Thursday,17921.9,17921.9
2025-02-13,ORD007119,CUST01093,P018,Jacket,Fashion,Chennai,Online,UPI,1,5466.8,0.15,5466.8,4646.78,0,514.39,2025,2,February,Thursday,5466.8,4646.78
2025-02-13,ORD043425,CUST04874,P007,Backpack,Accessories,Kolkata,Store,UPI,1,2124.92,0.1,2124.92,1912.43,0,290.33,2025,2,February,Thursday,2124.92,1912.428
2025-02-13,ORD038541,CUST00408,P006,Desk,Furniture,Mumbai,Store,UPI,1,12215.92,0.0,12215.92,12215.92,0,2778.56,2025,2,February,Thursday,12215.92,12215.92
2025-02-13,ORD038592,CUST03762,P004,Smartwatch,Electronics,Ahmedabad,Store,Net Banking,1,6941.88,0.1,6941.88,6247.69,0,538.67,2025,2,February,Thursday,6941.88,6247.692
2025-02-13,ORD025253,CUST02643,P018,Jacket,Fashion,Jaipur,Online,Credit Card,1,5350.59,0.05,5350.59,5083.06,0,1244.63,2025,2,February,Thursday,5350.59,5083.0605
2025-02-13,ORD042859,CUST04296,P002,Smartphone,Electronics,Hyderabad,Online,Credit Card,5,29991.99,0.0,149959.95,149959.95,0,28230.36,2025,2,February,Thursday,149959.95,149959.95
2025-02-13,ORD025381,CUST03154,P005,Office Chair,Furniture,Kolkata,Online,Debit Card,4,9005.72,0.1,36022.88,32420.59,0,6709.98,2025,2,February,Thursday,36022.88,32420.591999999997
2025-02-13,ORD038609,CUST01647,P001,Laptop,Electronics,Kolkata,Store,Credit Card,3,68536.52,0.0,205609.56,205609.56,0,20799.82,2025,2,February,Thursday,205609.56,205609.56
2025-02-13,ORD049464,CUST02743,P006,Desk,Furniture,Jaipur,Online,UPI,3,12797.5,0.2,38392.5,30714.0,0,2670.88,2025,2,February,Thursday,38392.5,30714.0
2025-02-13,ORD025874,CUST03055,P020,Microwave,Home,Pune,Online,Credit Card,1,10340.58,0.1,10340.58,9306.52,0,889.74,2025,2,February,Thursday,10340.58,9306.522
2025-02-13,ORD006658,CUST02909,P011,Mixer Grinder,Home,Pune,Store,Debit Card,4,5015.83,0.05,20063.32,19060.15,0,3323.95,2025,2,February,Thursday,20063.32,19060.154
2025-02-13,ORD027054,CUST00477,P002,Smartphone,Electronics,Mumbai,Online,UPI,1,26097.25,0.15,26097.25,22182.66,0,3634.69,2025,2,February,Thursday,26097.25,22182.6625
2025-02-13,ORD013687,CUST03230,P019,Vacuum Cleaner,Home,Ahmedabad,Online,Debit Card,3,9399.38,0.1,28198.14,25378.33,0,6374.74,2025,2,February,Thursday,28198.14,25378.326
2025-02-13,ORD013964,CUST04530,P008,Running Shoes,Fashion,Delhi,Online,UPI,1,4563.02,0.15,4563.02,3878.57,0,509.26,2025,2,February,Thursday,4563.02,3878.5670000000005
2025-02-13,ORD040979,CUST04768,P003,Headphones,Electronics,Delhi,Online,UPI,1,4617.32,0.0,4617.32,4617.32,0,880.04,2025,2,February,Thursday,4617.32,4617.32
2025-02-13,ORD041535,CUST03485,P014,Keyboard,Electronics,Ahmedabad,Online,UPI,1,2652.32,0.1,2652.32,2387.09,0,479.36,2025,2,February,Thursday,2652.32,2387.088
2025-02-13,ORD017941,CUST00595,P007,Backpack,Accessories,Bengaluru,Online,UPI,2,2325.37,0.0,4650.74,4650.74,0,922.41,2025,2,February,Thursday,4650.74,4650.74
2025-02-13,ORD015612,CUST04623,P009,T-Shirt,Fashion,Kolkata,Store,Debit Card,2,1306.25,0.1,2612.5,2351.25,0,574.76,2025,2,February,Thursday,2612.5,2351.25
2025-02-13,ORD021971,CUST03369,P010,Coffee Maker,Home,Delhi,Store,Net Banking,1,4984.2,0.0,4984.2,4984.2,0,405.48,2025,2,February,Thursday,4984.2,4984.2
2025-02-13,ORD014322,CUST01138,P006,Desk,Furniture,Hyderabad,Online,Net Banking,2,11843.2,0.0,23686.4,23686.4,0,2268.45,2025,2,February,Thursday,23686.4,23686.4
2025-02-13,ORD026331,CUST04361,P006,Desk,Furniture,Delhi,Store,Debit Card,1,12201.37,0.15,12201.37,10371.16,0,2538.55,2025,2,February,Thursday,12201.37,10371.1645
2025-02-13,ORD024902,CUST00844,P013,Monitor,Electronics,Kolkata,Online,UPI,1,17143.34,0.1,17143.34,15429.01,0,1228.08,2025,2,February,Thursday,17143.34,15429.006000000001
2025-02-13,ORD026014,CUST04711,P016,Sofa,Furniture,Surat,Online,UPI,3,35305.48,0.0,105916.44,105916.44,0,11728.84,2025,2,February,Thursday,105916.44,105916.44
2025-02-13,ORD017903,CUST02940,P018,Jacket,Fashion,Ahmedabad,Online,Net Banking,2,5643.75,0.05,11287.5,10723.12,0,1459.24,2025,2,February,Thursday,11287.5,10723.125
2025-02-13,ORD031841,CUST04447,P005,Office Chair,Furniture,Chennai,Store,UPI,2,8794.3,0.0,17588.6,17588.6,0,2409.12,2025,2,February,Thursday,17588.6,17588.6
2025-02-13,ORD009466,CUST01492,P006,Desk,Furniture,Ahmedabad,Online,Credit Card,2,12760.69,0.05,25521.38,24245.31,0,5339.95,2025,2,February,Thursday,25521.38,24245.311
2025-02-13,ORD011625,CUST03147,P002,Smartphone,Electronics,Ahmedabad,Store,UPI,1,29922.69,0.1,29922.69,26930.42,0,7178.69,2025,2,February,Thursday,29922.69,26930.421
2025-02-13,ORD025031,CUST03740,P009,T-Shirt,Fashion,Chennai,Online,Credit Card,3,1194.04,0.05,3582.12,3403.01,0,462.75,2025,2,February,Thursday,3582.12,3403.0139999999997
2025-02-13,ORD029876,CUST02937,P001,Laptop,Electronics,Ahmedabad,Online,UPI,2,64995.17,0.05,129990.34,123490.82,0,31926.8,2025,2,February,Thursday,129990.34,123490.82299999999
2025-02-13,ORD023856,CUST00003,P011,Mixer Grinder,Home,Delhi,Store,Cash,1,4908.6,0.2,4908.6,3926.88,0,1010.29,2025,2,February,Thursday,4908.6,3926.8800000000006
2025-02-13,ORD027633,CUST04642,P012,Air Fryer,Home,Ahmedabad,Online,Debit Card,1,7808.93,0.1,7808.93,7028.04,0,1484.07,2025,2,February,Thursday,7808.93,7028.037
2025-02-13,ORD019777,CUST03285,P009,T-Shirt,Fashion,Pune,Online,Credit Card,2,1125.26,0.05,2250.52,2137.99,0,540.01,2025,2,February,Thursday,2250.52,2137.9939999999997
2025-02-13,ORD049709,CUST01232,P017,Jeans,Fashion,Ahmedabad,Store,UPI,2,2850.12,0.1,5700.24,5130.22,0,319.05,2025,2,February,Thursday,5700.24,5130.216
2025-02-13,ORD024374,CUST01121,P009,T-Shirt,Fashion,Surat,Online,Debit Card,1,1205.8,0.1,1205.8,1085.22,0,230.59,2025,2,February,Thursday,1205.8,1085.22
2025-02-13,ORD046345,CUST02761,P015,Dining Table,Furniture,Chennai,Online,UPI,4,20142.12,0.2,80568.48,64454.78,0,10211.1,2025,2,February,Thursday,80568.48,64454.784
2025-02-13,ORD032873,CUST00739,P018,Jacket,Fashion,Bengaluru,Online,Credit Card,1,5670.11,0.0,5670.11,5670.11,0,495.6,2025,2,February,Thursday,5670.11,5670.11
2025-02-13,ORD010086,CUST00283,P018,Jacket,Fashion,Pune,Online,Cash,1,5093.88,0.05,5093.88,4839.19,0,1044.3,2025,2,February,Thursday,5093.88,4839.186
2025-02-13,ORD013050,CUST01700,P006,Desk,Furniture,Pune,Online,Debit Card,1,12165.36,0.15,12165.36,10340.56,1,-517.03,2025,2,February,Thursday,12165.36,10340.556
2025-02-13,ORD046330,CUST04977,P012,Air Fryer,Home,Jaipur,Store,UPI,1,7572.5,0.1,7572.5,6815.25,0,1593.91,2025,2,February,Thursday,7572.5,6815.25
2025-02-13,ORD006772,CUST02536,P016,Sofa,Furniture,Jaipur,Online,Debit Card,1,32546.2,0.1,32546.2,29291.58,0,5248.48,2025,2,February,Thursday,32546.2,29291.58
2025-02-13,ORD021884,CUST01685,P015,Dining Table,Furniture,Kolkata,Online,Cash,1,23637.98,0.1,23637.98,21274.18,0,3456.82,2025,2,February,Thursday,23637.98,21274.182
2025-02-13,ORD031053,CUST00815,P003,Headphones,Electronics,Jaipur,Online,UPI,4,4546.51,0.0,18186.04,18186.04,0,5078.11,2025,2,February,Thursday,18186.04,18186.04
2025-02-13,ORD012843,CUST01550,P008,Running Shoes,Fashion,Kolkata,Online,Cash,1,4019.16,0.05,4019.16,3818.2,0,674.58,2025,2,February,Thursday,4019.16,3818.2019999999998
2025-02-13,ORD011785,CUST00645,P003,Headphones,Electronics,Hyderabad,Online,UPI,1,4841.5,0.0,4841.5,4841.5,0,1378.23,2025,2,February,Thursday,4841.5,4841.5
2025-02-13,ORD011001,CUST02439,P011,Mixer Grinder,Home,Ahmedabad,Online,UPI,2,5194.43,0.2,10388.86,8311.09,0,1702.92,2025,2,February,Thursday,10388.86,8311.088000000002
2025-02-13,ORD007701,CUST03588,P020,Microwave,Home,Kolkata,Online,Credit Card,2,9982.27,0.15,19964.54,16969.86,0,1297.02,2025,2,February,Thursday,19964.54,16969.859
2025-02-13,ORD016000,CUST03516,P015,Dining Table,Furniture,Hyderabad,Online,UPI,1,22995.31,0.2,22995.31,18396.25,0,4227.15,2025,2,February,Thursday,22995.31,18396.248000000003
2025-02-13,ORD003397,CUST00356,P018,Jacket,Fashion,Chennai,Store,Cash,2,5453.06,0.1,10906.12,9815.51,0,1868.87,2025,2,February,Thursday,10906.12,9815.508000000002
2025-02-13,ORD007326,CUST04951,P014,Keyboard,Electronics,Mumbai,Online,Cash,2,2365.86,0.0,4731.72,4731.72,0,562.89,2025,2,February,Thursday,4731.72,4731.72
2025-02-13,ORD005833,CUST01703,P009,T-Shirt,Fashion,Mumbai,Store,Credit Card,2,1200.55,0.1,2401.1,2160.99,0,144.04,2025,2,February,Thursday,2401.1,2160.99
2025-02-14,ORD045286,CUST04064,P017,Jeans,Fashion,Jaipur,Store,Net Banking,3,2809.57,0.15,8428.71,7164.4,0,1037.58,2025,2,February,Friday,8428.710000000001,7164.403499999999
2025-02-14,ORD014004,CUST03232,P019,Vacuum Cleaner,Home,Mumbai,Online,Credit Card,1,9081.29,0.25,9081.29,6810.97,0,1262.65,2025,2,February,Friday,9081.29,6810.967500000001
2025-02-14,ORD039421,CUST01317,P011,Mixer Grinder,Home,Mumbai,Store,UPI,3,4873.55,0.2,14620.65,11696.52,0,694.58,2025,2,February,Friday,14620.650000000001,11696.52
2025-02-14,ORD033844,CUST01508,P012,Air Fryer,Home,Mumbai,Online,Credit Card,1,6823.02,0.25,6823.02,5117.27,0,363.02,2025,2,February,Friday,6823.02,5117.265
2025-02-14,ORD014418,CUST04214,P014,Keyboard,Electronics,Bengaluru,Online,Credit Card,1,2515.56,0.0,2515.56,2515.56,0,713.72,2025,2,February,Friday,2515.56,2515.56
2025-02-14,ORD018299,CUST04831,P004,Smartwatch,Electronics,Jaipur,Online,UPI,1,7121.09,0.05,7121.09,6765.04,0,796.63,2025,2,February,Friday,7121.09,6765.0355
2025-02-14,ORD020041,CUST03571,P019,Vacuum Cleaner,Home,Mumbai,Online,Cash,1,9430.69,0.05,9430.69,8959.16,0,2250.83,2025,2,February,Friday,9430.69,8959.1555
2025-02-14,ORD022745,CUST01465,P004,Smartwatch,Electronics,Jaipur,Online,UPI,4,6929.1,0.25,27716.4,20787.3,0,4310.56,2025,2,February,Friday,27716.4,20787.300000000003
2025-02-14,ORD031132,CUST04555,P008,Running Shoes,Fashion,Pune,Store,Cash,1,4572.41,0.0,4572.41,4572.41,0,1141.97,2025,2,February,Friday,4572.41,4572.41
2025-02-14,ORD035761,CUST01419,P009,T-Shirt,Fashion,Mumbai,Online,Credit Card,2,1288.48,0.1,2576.96,2319.26,0,297.65,2025,2,February,Friday,2576.96,2319.264
2025-02-14,ORD029756,CUST04837,P003,Headphones,Electronics,Delhi,Store,Cash,1,4749.84,0.0,4749.84,4749.84,0,1212.73,2025,2,February,Friday,4749.84,4749.84
2025-02-14,ORD020754,CUST01695,P002,Smartphone,Electronics,Surat,Online,UPI,1,28609.69,0.05,28609.69,27179.21,0,3465.46,2025,2,February,Friday,28609.69,27179.205499999996
2025-02-14,ORD017907,CUST03068,P012,Air Fryer,Home,Jaipur,Store,Net Banking,4,7009.22,0.1,28036.88,25233.19,0,5583.12,2025,2,February,Friday,28036.88,25233.192000000003
2025-02-14,ORD022357,CUST02109,P018,Jacket,Fashion,Delhi,Online,Credit Card,2,5341.26,0.2,10682.52,8546.02,0,843.86,2025,2,February,Friday,10682.52,8546.016000000001
2025-02-14,ORD015282,CUST04067,P018,Jacket,Fashion,Chennai,Online,Debit Card,1,5167.54,0.15,5167.54,4392.41,0,494.36,2025,2,February,Friday,5167.54,4392.409
2025-02-14,ORD043378,CUST00391,P002,Smartphone,Electronics,Mumbai,Online,UPI,1,26335.99,0.1,26335.99,23702.39,0,2752.96,2025,2,February,Friday,26335.99,23702.391000000003
2025-02-14,ORD039330,CUST03024,P019,Vacuum Cleaner,Home,Bengaluru,Online,Net Banking,1,9388.21,0.0,9388.21,9388.21,0,2793.33,2025,2,February,Friday,9388.21,9388.21
2025-02-14,ORD033302,CUST04143,P016,Sofa,Furniture,Mumbai,Store,Debit Card,1,32889.72,0.0,32889.72,32889.72,0,3760.24,2025,2,February,Friday,32889.72,32889.72
2025-02-14,ORD031124,CUST03053,P016,Sofa,Furniture,Mumbai,Online,Net Banking,2,33750.59,0.25,67501.18,50625.88,0,11611.29,2025,2,February,Friday,67501.18,50625.884999999995
2025-02-14,ORD016512,CUST01346,P018,Jacket,Fashion,Ahmedabad,Online,Credit Card,1,5511.0,0.1,5511.0,4959.9,0,803.06,2025,2,February,Friday,5511.0,4959.900000000001
2025-02-14,ORD040100,CUST04417,P012,Air Fryer,Home,Mumbai,Online,Cash,1,7672.24,0.1,7672.24,6905.02,0,570.52,2025,2,February,Friday,7672.24,6905.016
2025-02-14,ORD030908,CUST02651,P010,Coffee Maker,Home,Pune,Online,Net Banking,1,4956.83,0.1,4956.83,4461.15,0,788.61,2025,2,February,Friday,4956.83,4461.147
2025-02-14,ORD033066,CUST00489,P018,Jacket,Fashion,Pune,Store,Credit Card,3,4835.63,0.15,14506.89,12330.86,0,2923.87,2025,2,February,Friday,14506.89,12330.8565
2025-02-14,ORD038702,CUST01460,P012,Air Fryer,Home,Jaipur,Online,Debit Card,2,6840.77,0.2,13681.54,10945.23,0,2644.06,2025,2,February,Friday,13681.54,10945.232000000002
2025-02-14,ORD006574,CUST03463,P002,Smartphone,Electronics,Bengaluru,Online,Debit Card,2,27693.75,0.2,55387.5,44310.0,0,11199.35,2025,2,February,Friday,55387.5,44310.0
2025-02-14,ORD049418,CUST04353,P002,Smartphone,Electronics,Jaipur,Online,UPI,2,28031.05,0.2,56062.1,44849.68,0,4647.23,2025,2,February,Friday,56062.1,44849.68
2025-02-14,ORD040851,CUST02949,P003,Headphones,Electronics,Jaipur,Store,Credit Card,1,4314.98,0.25,4314.98,3236.23,1,-161.81,2025,2,February,Friday,4314.98,3236.2349999999997
2025-02-14,ORD010873,CUST02293,P019,Vacuum Cleaner,Home,Kolkata,Online,UPI,2,9771.55,0.05,19543.1,18565.94,0,4515.6,2025,2,February,Friday,19543.1,18565.944999999996
2025-02-14,ORD028231,CUST02682,P013,Monitor,Electronics,Delhi,Online,UPI,3,19769.1,0.15,59307.3,50411.2,0,4953.15,2025,2,February,Friday,59307.299999999996,50411.205
2025-02-14,ORD007558,CUST00415,P009,T-Shirt,Fashion,Jaipur,Online,Credit Card,1,1282.88,0.0,1282.88,1282.88,0,245.09,2025,2,February,Friday,1282.88,1282.88
2025-02-14,ORD038879,CUST02198,P008,Running Shoes,Fashion,Mumbai,Online,UPI,1,4232.78,0.15,4232.78,3597.86,0,433.37,2025,2,February,Friday,4232.78,3597.863
2025-02-14,ORD018891,CUST04603,P018,Jacket,Fashion,Chennai,Store,Credit Card,2,5340.07,0.15,10680.14,9078.12,1,-453.91,2025,2,February,Friday,10680.14,9078.118999999999
2025-02-14,ORD009222,CUST00077,P003,Headphones,Electronics,Chennai,Online,Debit Card,1,4236.41,0.1,4236.41,3812.77,0,350.24,2025,2,February,Friday,4236.41,3812.769
2025-02-14,ORD028652,CUST00753,P005,Office Chair,Furniture,Surat,Store,UPI,3,9343.27,0.0,28029.81,28029.81,0,6133.88,2025,2,February,Friday,28029.81,28029.81
2025-02-14,ORD006587,CUST04502,P004,Smartwatch,Electronics,Ahmedabad,Online,Debit Card,2,7108.43,0.0,14216.86,14216.86,0,3780.79,2025,2,February,Friday,14216.86,14216.86
2025-02-14,ORD037689,CUST01105,P011,Mixer Grinder,Home,Delhi,Online,Credit Card,3,4508.38,0.15,13525.14,11496.37,0,1016.09,2025,2,February,Friday,13525.14,11496.368999999999
2025-02-14,ORD037046,CUST00772,P017,Jeans,Fashion,Jaipur,Online,UPI,2,2690.95,0.1,5381.9,4843.71,1,-242.19,2025,2,February,Friday,5381.9,4843.71
2025-02-14,ORD031749,CUST04742,P004,Smartwatch,Electronics,Mumbai,Store,Debit Card,5,6826.14,0.1,34130.7,30717.63,0,2761.37,2025,2,February,Friday,34130.700000000004,30717.629999999997
2025-02-14,ORD026962,CUST00937,P019,Vacuum Cleaner,Home,Delhi,Online,UPI,1,8812.04,0.0,8812.04,8812.04,0,2101.24,2025,2,February,Friday,8812.04,8812.04
2025-02-14,ORD043092,CUST01344,P013,Monitor,Electronics,Ahmedabad,Online,Credit Card,4,18612.83,0.15,74451.32,63283.62,0,3486.38,2025,2,February,Friday,74451.32,63283.622
2025-02-14,ORD048182,CUST00481,P018,Jacket,Fashion,Hyderabad,Online,Credit Card,1,5531.75,0.15,5531.75,4701.99,0,423.2,2025,2,February,Friday,5531.75,4701.9875
2025-02-14,ORD010973,CUST02307,P014,Keyboard,Electronics,Jaipur,Store,UPI,4,2256.2,0.15,9024.8,7671.08,0,1627.56,2025,2,February,Friday,9024.8,7671.079999999999
2025-02-14,ORD022728,CUST02876,P014,Keyboard,Electronics,Hyderabad,Online,Net Banking,1,2441.35,0.1,2441.35,2197.22,0,256.13,2025,2,February,Friday,2441.35,2197.215
2025-02-14,ORD020733,CUST01890,P008,Running Shoes,Fashion,Mumbai,Store,Cash,1,3995.39,0.0,3995.39,3995.39,1,-199.77,2025,2,February,Friday,3995.39,3995.39
2025-02-14,ORD037105,CUST04970,P017,Jeans,Fashion,Chennai,Online,Cash,4,2873.06,0.1,11492.24,10343.02,0,2335.91,2025,2,February,Friday,11492.24,10343.016
2025-02-14,ORD037113,CUST03790,P015,Dining Table,Furniture,Ahmedabad,Online,Debit Card,1,23640.05,0.2,23640.05,18912.04,0,2463.51,2025,2,February,Friday,23640.05,18912.04
2025-02-14,ORD036001,CUST02035,P007,Backpack,Accessories,Kolkata,Store,Credit Card,1,2334.74,0.05,2334.74,2218.0,0,309.01,2025,2,February,Friday,2334.74,2218.0029999999997
2025-02-14,ORD002529,CUST03456,P014,Keyboard,Electronics,Mumbai,Online,UPI,2,2505.15,0.0,5010.3,5010.3,0,868.05,2025,2,February,Friday,5010.3,5010.3
2025-02-14,ORD025128,CUST04832,P003,Headphones,Electronics,Kolkata,Online,UPI,2,4648.41,0.15,9296.82,7902.3,0,897.36,2025,2,February,Friday,9296.82,7902.297
2025-02-14,ORD039358,CUST04931,P008,Running Shoes,Fashion,Delhi,Online,UPI,1,4016.22,0.15,4016.22,3413.79,0,346.46,2025,2,February,Friday,4016.22,3413.787
2025-02-14,ORD021640,CUST00514,P006,Desk,Furniture,Ahmedabad,Store,UPI,2,12589.08,0.1,25178.16,22660.34,0,4344.52,2025,2,February,Friday,25178.16,22660.344
2025-02-14,ORD027313,CUST00264,P013,Monitor,Electronics,Jaipur,Store,UPI,1,19507.41,0.05,19507.41,18532.04,0,5136.55,2025,2,February,Friday,19507.41,18532.0395
2025-02-14,ORD041525,CUST02224,P017,Jeans,Fashion,Delhi,Store,Debit Card,2,2853.11,0.2,5706.22,4564.98,0,493.75,2025,2,February,Friday,5706.22,4564.976000000001
2025-02-14,ORD019494,CUST01674,P005,Office Chair,Furniture,Surat,Store,Credit Card,5,9691.85,0.0,48459.25,48459.25,0,6216.89,2025,2,February,Friday,48459.25,48459.25
2025-02-14,ORD034256,CUST01795,P012,Air Fryer,Home,Jaipur,Online,Debit Card,2,7304.05,0.0,14608.1,14608.1,0,4354.66,2025,2,February,Friday,14608.1,14608.1
2025-02-14,ORD049300,CUST04594,P016,Sofa,Furniture,Chennai,Store,UPI,1,38064.04,0.05,38064.04,36160.84,0,4318.93,2025,2,February,Friday,38064.04,36160.837999999996
2025-02-14,ORD040986,CUST04678,P005,Office Chair,Furniture,Ahmedabad,Store,UPI,4,9099.81,0.0,36399.24,36399.24,0,6694.36,2025,2,February,Friday,36399.24,36399.24
2025-02-14,ORD027345,CUST03822,P005,Office Chair,Furniture,Jaipur,Online,Credit Card,1,8565.28,0.2,8565.28,6852.22,0,1250.1,2025,2,February,Friday,8565.28,6852.224000000001
2025-02-14,ORD045037,CUST01554,P006,Desk,Furniture,Chennai,Store,UPI,2,12251.78,0.0,24503.56,24503.56,0,4018.39,2025,2,February,Friday,24503.56,24503.56
2025-02-14,ORD014945,CUST03144,P016,Sofa,Furniture,Jaipur,Online,UPI,2,34188.71,0.05,68377.42,64958.55,0,4856.76,2025,2,February,Friday,68377.42,64958.54899999999
2025-02-14,ORD010438,CUST04322,P016,Sofa,Furniture,Ahmedabad,Online,UPI,1,36971.4,0.15,36971.4,31425.69,0,3373.49,2025,2,February,Friday,36971.4,31425.69
2025-02-14,ORD034267,CUST04727,P009,T-Shirt,Fashion,Jaipur,Online,Cash,1,1108.03,0.15,1108.03,941.83,0,153.27,2025,2,February,Friday,1108.03,941.8254999999999
2025-02-14,ORD036330,CUST04809,P001,Laptop,Electronics,Delhi,Online,Net Banking,1,70931.69,0.05,70931.69,67385.11,0,7236.55,2025,2,February,Friday,70931.69,67385.1055
2025-02-14,ORD014371,CUST00089,P005,Office Chair,Furniture,Chennai,Store,UPI,1,10247.55,0.25,10247.55,7685.66,0,1681.35,2025,2,February,Friday,10247.55,7685.662499999999
2025-02-14,ORD041557,CUST02021,P017,Jeans,Fashion,Chennai,Online,UPI,4,2606.3,0.2,10425.2,8340.16,0,518.79,2025,2,February,Friday,10425.2,8340.160000000002
2025-02-14,ORD048344,CUST01249,P005,Office Chair,Furniture,Delhi,Online,Debit Card,5,9151.45,0.1,45757.25,41181.52,1,-2059.08,2025,2,February,Friday,45757.25,41181.525
2025-02-14,ORD014242,CUST00511,P004,Smartwatch,Electronics,Pune,Store,UPI,1,6658.48,0.15,6658.48,5659.71,0,541.69,2025,2,February,Friday,6658.48,5659.708
2025-02-14,ORD045274,CUST04420,P001,Laptop,Electronics,Mumbai,Online,UPI,1,61051.99,0.05,61051.99,57999.39,0,6012.7,2025,2,February,Friday,61051.99,57999.390499999994
2025-02-14,ORD021938,CUST04397,P009,T-Shirt,Fashion,Chennai,Online,UPI,1,1288.58,0.2,1288.58,1030.86,0,46.67,2025,2,February,Friday,1288.58,1030.864
2025-02-14,ORD036433,CUST03456,P015,Dining Table,Furniture,Hyderabad,Online,UPI,3,22866.64,0.05,68599.92,65169.92,0,18821.02,2025,2,February,Friday,68599.92,65169.92399999999
2025-02-14,ORD029160,CUST03683,P016,Sofa,Furniture,Pune,Store,UPI,1,38445.83,0.1,38445.83,34601.25,0,2428.35,2025,2,February,Friday,38445.83,34601.247
2025-02-14,ORD017671,CUST01263,P019,Vacuum Cleaner,Home,Kolkata,Store,UPI,3,9178.81,0.05,27536.43,26159.61,0,5530.67,2025,2,February,Friday,27536.43,26159.6085
2025-02-14,ORD011306,CUST00112,P013,Monitor,Electronics,Kolkata,Online,Cash,1,17860.49,0.0,17860.49,17860.49,0,1683.64,2025,2,February,Friday,17860.49,17860.49
2025-02-14,ORD027466,CUST03499,P014,Keyboard,Electronics,Hyderabad,Online,UPI,2,2392.16,0.15,4784.32,4066.67,0,230.26,2025,2,February,Friday,4784.32,4066.6719999999996
2025-02-15,ORD004987,CUST04394,P003,Headphones,Electronics,Pune,Store,Net Banking,2,4120.9,0.1,8241.8,7417.62,0,1696.84,2025,2,February,Saturday,8241.8,7417.62
2025-02-15,ORD037761,CUST03064,P002,Smartphone,Electronics,Kolkata,Online,UPI,2,29403.46,0.05,58806.92,55866.57,0,3946.38,2025,2,February,Saturday,58806.92,55866.57399999999
2025-02-15,ORD043996,CUST02843,P009,T-Shirt,Fashion,Delhi,Store,UPI,2,1289.43,0.1,2578.86,2320.97,1,-116.05,2025,2,February,Saturday,2578.86,2320.974
2025-02-15,ORD040270,CUST02255,P010,Coffee Maker,Home,Ahmedabad,Store,Credit Card,1,5829.36,0.05,5829.36,5537.89,0,760.86,2025,2,February,Saturday,5829.36,5537.892
2025-02-15,ORD044812,CUST01747,P004,Smartwatch,Electronics,Surat,Online,Credit Card,3,6913.17,0.15,20739.51,17628.58,0,2794.18,2025,2,February,Saturday,20739.510000000002,17628.583499999997
2025-02-15,ORD025200,CUST04238,P003,Headphones,Electronics,Surat,Online,Credit Card,1,4598.89,0.1,4598.89,4139.0,0,464.23,2025,2,February,Saturday,4598.89,4139.001
2025-02-15,ORD010725,CUST02605,P019,Vacuum Cleaner,Home,Bengaluru,Store,UPI,2,8490.35,0.05,16980.7,16131.66,0,1688.06,2025,2,February,Saturday,16980.7,16131.664999999999
2025-02-15,ORD033223,CUST03483,P015,Dining Table,Furniture,Mumbai,Online,Cash,2,21071.94,0.1,42143.88,37929.49,0,6869.72,2025,2,February,Saturday,42143.88,37929.492
2025-02-15,ORD029704,CUST04982,P012,Air Fryer,Home,Mumbai,Online,Debit Card,1,7118.62,0.0,7118.62,7118.62,0,1946.87,2025,2,February,Saturday,7118.62,7118.62
2025-02-15,ORD030526,CUST03799,P017,Jeans,Fashion,Pune,Online,Credit Card,1,2739.89,0.15,2739.89,2328.91,0,581.19,2025,2,February,Saturday,2739.89,2328.9065
2025-02-15,ORD028061,CUST01749,P020,Microwave,Home,Delhi,Store,Debit Card,1,12008.3,0.15,12008.3,10207.05,0,556.14,2025,2,February,Saturday,12008.3,10207.054999999998
2025-02-15,ORD011974,CUST02089,P020,Microwave,Home,Mumbai,Online,UPI,1,12041.23,0.1,12041.23,10837.11,0,2319.49,2025,2,February,Saturday,12041.23,10837.107
2025-02-15,ORD021198,CUST01413,P015,Dining Table,Furniture,Bengaluru,Store,UPI,1,22697.8,0.1,22697.8,20428.02,0,2375.84,2025,2,February,Saturday,22697.8,20428.02
2025-02-15,ORD013316,CUST03629,P019,Vacuum Cleaner,Home,Surat,Store,Net Banking,2,9671.31,0.1,19342.62,17408.36,0,2518.93,2025,2,February,Saturday,19342.62,17408.358
2025-02-15,ORD026470,CUST03579,P016,Sofa,Furniture,Mumbai,Online,Net Banking,1,36690.38,0.25,36690.38,27517.78,0,6140.25,2025,2,February,Saturday,36690.38,27517.784999999996
2025-02-15,ORD049416,CUST03052,P003,Headphones,Electronics,Chennai,Online,UPI,1,4771.13,0.15,4771.13,4055.46,0,238.49,2025,2,February,Saturday,4771.13,4055.4605
2025-02-15,ORD022791,CUST04755,P009,T-Shirt,Fashion,Mumbai,Store,UPI,1,1306.48,0.15,1306.48,1110.51,0,134.09,2025,2,February,Saturday,1306.48,1110.508
2025-02-15,ORD048632,CUST02525,P003,Headphones,Electronics,Hyderabad,Store,Credit Card,1,4735.31,0.05,4735.31,4498.54,0,1239.49,2025,2,February,Saturday,4735.31,4498.5445
2025-02-15,ORD026081,CUST03465,P019,Vacuum Cleaner,Home,Delhi,Store,Debit Card,1,8702.68,0.05,8702.68,8267.55,0,2137.3,2025,2,February,Saturday,8702.68,8267.546
2025-02-15,ORD017052,CUST02342,P006,Desk,Furniture,Ahmedabad,Store,Credit Card,1,10876.57,0.0,10876.57,10876.57,0,2972.58,2025,2,February,Saturday,10876.57,10876.57
2025-02-15,ORD018657,CUST01899,P012,Air Fryer,Home,Bengaluru,Store,Net Banking,5,7852.2,0.1,39261.0,35334.9,0,9438.72,2025,2,February,Saturday,39261.0,35334.9
2025-02-15,ORD020517,CUST01477,P013,Monitor,Electronics,Chennai,Online,Debit Card,2,18115.12,0.2,36230.24,28984.19,0,1190.22,2025,2,February,Saturday,36230.24,28984.192
2025-02-15,ORD024234,CUST01014,P002,Smartphone,Electronics,Hyderabad,Online,Net Banking,1,29560.66,0.0,29560.66,29560.66,0,3596.98,2025,2,February,Saturday,29560.66,29560.66
2025-02-15,ORD039635,CUST03515,P003,Headphones,Electronics,Jaipur,Online,Debit Card,1,4849.53,0.1,4849.53,4364.58,0,1155.42,2025,2,February,Saturday,4849.53,4364.577
2025-02-15,ORD039608,CUST02080,P001,Laptop,Electronics,Chennai,Store,Credit Card,1,61899.76,0.05,61899.76,58804.77,0,16787.31,2025,2,February,Saturday,61899.76,58804.772
2025-02-15,ORD026866,CUST01759,P007,Backpack,Accessories,Delhi,Store,Debit Card,2,2366.74,0.1,4733.48,4260.13,0,400.26,2025,2,February,Saturday,4733.48,4260.132
2025-02-15,ORD008526,CUST02052,P020,Microwave,Home,Jaipur,Store,UPI,3,10788.43,0.05,32365.29,30747.03,0,6491.23,2025,2,February,Saturday,32365.29,30747.0255
2025-02-15,ORD020213,CUST01993,P001,Laptop,Electronics,Jaipur,Online,Credit Card,1,59357.19,0.15,59357.19,50453.61,0,12281.23,2025,2,February,Saturday,59357.19,50453.6115
2025-02-15,ORD041159,CUST02365,P008,Running Shoes,Fashion,Chennai,Online,Net Banking,1,4311.6,0.1,4311.6,3880.44,0,518.4,2025,2,February,Saturday,4311.6,3880.4400000000005
2025-02-15,ORD014804,CUST02875,P010,Coffee Maker,Home,Kolkata,Store,Credit Card,1,5378.44,0.0,5378.44,5378.44,0,1363.86,2025,2,February,Saturday,5378.44,5378.44
2025-02-15,ORD022588,CUST02131,P020,Microwave,Home,Pune,Store,UPI,1,11138.09,0.25,11138.09,8353.57,0,931.94,2025,2,February,Saturday,11138.09,8353.567500000001
2025-02-15,ORD016434,CUST03240,P002,Smartphone,Electronics,Pune,Online,Credit Card,1,29187.37,0.2,29187.37,23349.9,0,2707.39,2025,2,February,Saturday,29187.37,23349.896
2025-02-15,ORD035205,CUST03469,P003,Headphones,Electronics,Bengaluru,Online,UPI,2,4265.38,0.1,8530.76,7677.68,0,1511.05,2025,2,February,Saturday,8530.76,7677.684
2025-02-15,ORD036691,CUST04071,P011,Mixer Grinder,Home,Jaipur,Online,Debit Card,1,4846.74,0.05,4846.74,4604.4,0,881.35,2025,2,February,Saturday,4846.74,4604.402999999999
2025-02-15,ORD035430,CUST00284,P006,Desk,Furniture,Mumbai,Online,UPI,2,11539.42,0.1,23078.84,20770.96,0,4221.8,2025,2,February,Saturday,23078.84,20770.956000000002
2025-02-15,ORD019267,CUST03332,P002,Smartphone,Electronics,Mumbai,Online,Credit Card,1,26121.89,0.0,26121.89,26121.89,0,3716.8,2025,2,February,Saturday,26121.89,26121.89
2025-02-15,ORD014251,CUST04589,P011,Mixer Grinder,Home,Ahmedabad,Online,Cash,1,4453.35,0.25,4453.35,3340.01,0,828.35,2025,2,February,Saturday,4453.35,3340.0125000000003
2025-02-15,ORD003609,CUST03368,P018,Jacket,Fashion,Bengaluru,Online,Net Banking,1,4729.51,0.2,4729.51,3783.61,0,706.48,2025,2,February,Saturday,4729.51,3783.608
2025-02-15,ORD033635,CUST00393,P003,Headphones,Electronics,Hyderabad,Online,Debit Card,2,4424.99,0.0,8849.98,8849.98,0,1980.34,2025,2,February,Saturday,8849.98,8849.98
2025-02-15,ORD039073,CUST03578,P005,Office Chair,Furniture,Jaipur,Store,Credit Card,1,9671.83,0.1,9671.83,8704.65,0,1787.26,2025,2,February,Saturday,9671.83,8704.647
2025-02-15,ORD012822,CUST00488,P010,Coffee Maker,Home,Pune,Store,UPI,3,5417.76,0.15,16253.28,13815.29,0,1283.02,2025,2,February,Saturday,16253.28,13815.288
2025-02-15,ORD027286,CUST04586,P006,Desk,Furniture,Delhi,Online,UPI,1,12493.52,0.0,12493.52,12493.52,0,3095.17,2025,2,February,Saturday,12493.52,12493.52
2025-02-15,ORD029166,CUST03351,P013,Monitor,Electronics,Delhi,Online,Credit Card,1,18941.54,0.1,18941.54,17047.39,0,3388.32,2025,2,February,Saturday,18941.54,17047.386000000002
2025-02-15,ORD000357,CUST01667,P013,Monitor,Electronics,Hyderabad,Store,UPI,2,18255.16,0.0,36510.32,36510.32,0,5158.96,2025,2,February,Saturday,36510.32,36510.32
2025-02-15,ORD029624,CUST03901,P001,Laptop,Electronics,Surat,Online,UPI,2,68228.63,0.15,136457.26,115988.67,0,23325.22,2025,2,February,Saturday,136457.26,115988.671
2025-02-15,ORD025410,CUST00581,P016,Sofa,Furniture,Ahmedabad,Online,UPI,1,32102.41,0.1,32102.41,28892.17,0,6227.04,2025,2,February,Saturday,32102.41,28892.169
2025-02-15,ORD000901,CUST04193,P020,Microwave,Home,Surat,Online,Debit Card,1,11417.14,0.1,11417.14,10275.43,0,1186.83,2025,2,February,Saturday,11417.14,10275.426
2025-02-15,ORD004881,CUST03966,P005,Office Chair,Furniture,Bengaluru,Store,Debit Card,1,9950.04,0.1,9950.04,8955.04,0,2405.2,2025,2,February,Saturday,9950.04,8955.036000000002
2025-02-15,ORD013294,CUST02861,P017,Jeans,Fashion,Surat,Online,Net Banking,1,2544.13,0.1,2544.13,2289.72,0,629.7,2025,2,February,Saturday,2544.13,2289.717
2025-02-15,ORD014527,CUST04712,P002,Smartphone,Electronics,Chennai,Online,UPI,1,29759.62,0.1,29759.62,26783.66,0,6709.5,2025,2,February,Saturday,29759.62,26783.658
2025-02-15,ORD011369,CUST03785,P017,Jeans,Fashion,Delhi,Online,Credit Card,2,3002.46,0.1,6004.92,5404.43,0,1233.09,2025,2,February,Saturday,6004.92,5404.428
2025-02-15,ORD043823,CUST01082,P009,T-Shirt,Fashion,Kolkata,Online,Credit Card,1,1260.64,0.15,1260.64,1071.54,0,148.64,2025,2,February,Saturday,1260.64,1071.544
2025-02-15,ORD019001,CUST03637,P009,T-Shirt,Fashion,Surat,Store,Credit Card,1,1156.56,0.0,1156.56,1156.56,0,325.3,2025,2,February,Saturday,1156.56,1156.56
2025-02-15,ORD004869,CUST04545,P005,Office Chair,Furniture,Mumbai,Online,Debit Card,1,9744.9,0.05,9744.9,9257.65,0,983.07,2025,2,February,Saturday,9744.9,9257.654999999999
2025-02-15,ORD002390,CUST01982,P013,Monitor,Electronics,Hyderabad,Online,Credit Card,2,17333.64,0.05,34667.28,32933.92,0,6357.06,2025,2,February,Saturday,34667.28,32933.916
2025-02-15,ORD036463,CUST03672,P019,Vacuum Cleaner,Home,Mumbai,Online,UPI,2,8937.41,0.1,17874.82,16087.34,0,3731.66,2025,2,February,Saturday,17874.82,16087.338
2025-02-15,ORD010623,CUST00892,P005,Office Chair,Furniture,Mumbai,Store,UPI,2,9468.81,0.05,18937.62,17990.74,0,3999.14,2025,2,February,Saturday,18937.62,17990.738999999998
2025-02-15,ORD040550,CUST02612,P011,Mixer Grinder,Home,Mumbai,Online,Debit Card,2,4831.52,0.2,9663.04,7730.43,0,1676.75,2025,2,February,Saturday,9663.04,7730.432000000001
2025-02-15,ORD044827,CUST03318,P010,Coffee Maker,Home,Delhi,Online,UPI,2,5551.32,0.0,11102.64,11102.64,0,2794.42,2025,2,February,Saturday,11102.64,11102.64
2025-02-15,ORD002897,CUST03673,P002,Smartphone,Electronics,Delhi,Online,Credit Card,2,30019.98,0.0,60039.96,60039.96,0,14191.15,2025,2,February,Saturday,60039.96,60039.96
2025-02-15,ORD007144,CUST01850,P004,Smartwatch,Electronics,Mumbai,Online,Credit Card,1,7284.49,0.2,7284.49,5827.59,0,868.82,2025,2,February,Saturday,7284.49,5827.592000000001
2025-02-15,ORD037192,CUST03706,P014,Keyboard,Electronics,Bengaluru,Store,UPI,4,2256.3,0.0,9025.2,9025.2,0,815.74,2025,2,February,Saturday,9025.2,9025.2
2025-02-15,ORD000232,CUST00936,P018,Jacket,Fashion,Pune,Store,Credit Card,1,5154.49,0.05,5154.49,4896.77,0,473.15,2025,2,February,Saturday,5154.49,4896.7654999999995
2025-02-15,ORD044832,CUST04291,P012,Air Fryer,Home,Pune,Store,Debit Card,1,6796.06,0.1,6796.06,6116.45,0,931.22,2025,2,February,Saturday,6796.06,6116.454000000001
2025-02-15,ORD031623,CUST03220,P004,Smartwatch,Electronics,Delhi,Online,Credit Card,1,6725.03,0.15,6725.03,5716.28,0,1473.73,2025,2,February,Saturday,6725.03,5716.2755
2025-02-15,ORD040259,CUST00390,P020,Microwave,Home,Kolkata,Online,Net Banking,1,11950.57,0.2,11950.57,9560.46,0,1655.92,2025,2,February,Saturday,11950.57,9560.456
2025-02-15,ORD012170,CUST00933,P014,Keyboard,Electronics,Kolkata,Online,Debit Card,1,2438.9,0.0,2438.9,2438.9,0,458.61,2025,2,February,Saturday,2438.9,2438.9
2025-02-15,ORD018275,CUST04793,P004,Smartwatch,Electronics,Hyderabad,Online,UPI,1,7212.06,0.2,7212.06,5769.65,0,1359.41,2025,2,February,Saturday,7212.06,5769.648000000001
2025-02-15,ORD044333,CUST03417,P014,Keyboard,Electronics,Pune,Online,Credit Card,1,2650.67,0.1,2650.67,2385.6,0,477.64,2025,2,February,Saturday,2650.67,2385.603
2025-02-15,ORD029281,CUST00883,P013,Monitor,Electronics,Bengaluru,Online,Debit Card,3,17127.28,0.0,51381.84,51381.84,0,9697.1,2025,2,February,Saturday,51381.84,51381.84
2025-02-15,ORD022332,CUST04956,P019,Vacuum Cleaner,Home,Pune,Online,Net Banking,1,8927.84,0.2,8927.84,7142.27,1,-357.11,2025,2,February,Saturday,8927.84,7142.272000000001
2025-02-15,ORD005753,CUST00655,P018,Jacket,Fashion,Bengaluru,Online,UPI,1,5126.93,0.25,5126.93,3845.2,0,750.54,2025,2,February,Saturday,5126.93,3845.1975
2025-02-15,ORD047947,CUST00900,P003,Headphones,Electronics,Hyderabad,Store,Credit Card,1,4329.84,0.0,4329.84,4329.84,0,1243.61,2025,2,February,Saturday,4329.84,4329.84
2025-02-15,ORD013000,CUST01798,P006,Desk,Furniture,Kolkata,Store,UPI,1,10929.31,0.1,10929.31,9836.38,0,1078.77,2025,2,February,Saturday,10929.31,9836.378999999999
2025-02-15,ORD048285,CUST01656,P013,Monitor,Electronics,Chennai,Online,Credit Card,1,19745.37,0.2,19745.37,15796.3,0,2015.58,2025,2,February,Saturday,19745.37,15796.296
2025-02-15,ORD013500,CUST02068,P017,Jeans,Fashion,Pune,Online,Credit Card,1,2616.74,0.25,2616.74,1962.55,0,334.33,2025,2,February,Saturday,2616.74,1962.5549999999998
2025-02-15,ORD039393,CUST03840,P003,Headphones,Electronics,Bengaluru,Online,Debit Card,1,4634.24,0.15,4634.24,3939.1,0,857.18,2025,2,February,Saturday,4634.24,3939.104
2025-02-15,ORD017581,CUST01093,P017,Jeans,Fashion,Bengaluru,Store,UPI,1,2992.95,0.15,2992.95,2544.01,1,-127.2,2025,2,February,Saturday,2992.95,2544.0074999999997
2025-02-15,ORD009994,CUST04927,P005,Office Chair,Furniture,Delhi,Store,UPI,1,8795.68,0.1,8795.68,7916.11,1,-395.81,2025,2,February,Saturday,8795.68,7916.112
2025-02-15,ORD048947,CUST00150,P006,Desk,Furniture,Chennai,Online,Cash,1,13152.93,0.1,13152.93,11837.64,0,930.16,2025,2,February,Saturday,13152.93,11837.637
2025-02-15,ORD007690,CUST01872,P014,Keyboard,Electronics,Chennai,Online,Net Banking,1,2424.66,0.05,2424.66,2303.43,0,666.12,2025,2,February,Saturday,2424.66,2303.4269999999997
2025-02-15,ORD046380,CUST00348,P016,Sofa,Furniture,Delhi,Online,Cash,1,33692.92,0.0,33692.92,33692.92,0,4297.29,2025,2,February,Saturday,33692.92,33692.92
2025-02-16,ORD015109,CUST00463,P004,Smartwatch,Electronics,Surat,Online,Credit Card,1,6520.11,0.15,6520.11,5542.09,0,958.93,2025,2,February,Sunday,6520.11,5542.0935
2025-02-16,ORD041082,CUST00067,P001,Laptop,Electronics,Mumbai,Store,Debit Card,1,67406.25,0.05,67406.25,64035.94,0,9064.93,2025,2,February,Sunday,67406.25,64035.9375
2025-02-16,ORD025987,CUST01127,P002,Smartphone,Electronics,Surat,Online,UPI,1,27875.57,0.15,27875.57,23694.23,0,1631.78,2025,2,February,Sunday,27875.57,23694.2345
2025-02-16,ORD012737,CUST03313,P013,Monitor,Electronics,Mumbai,Store,Credit Card,2,19219.55,0.1,38439.1,34595.19,0,9467.49,2025,2,February,Sunday,38439.1,34595.19
2025-02-16,ORD017992,CUST00263,P002,Smartphone,Electronics,Kolkata,Online,Debit Card,1,26709.79,0.05,26709.79,25374.3,0,2623.49,2025,2,February,Sunday,26709.79,25374.3005
2025-02-16,ORD008616,CUST00667,P003,Headphones,Electronics,Hyderabad,Online,UPI,1,4568.41,0.25,4568.41,3426.31,0,142.53,2025,2,February,Sunday,4568.41,3426.3075
2025-02-16,ORD023070,CUST02097,P007,Backpack,Accessories,Ahmedabad,Online,UPI,1,1993.22,0.1,1993.22,1793.9,0,433.8,2025,2,February,Sunday,1993.22,1793.8980000000001
2025-02-16,ORD002712,CUST03572,P007,Backpack,Accessories,Kolkata,Online,UPI,4,2409.03,0.0,9636.12,9636.12,0,1888.65,2025,2,February,Sunday,9636.12,9636.12
2025-02-16,ORD012939,CUST01349,P015,Dining Table,Furniture,Kolkata,Online,Cash,2,23092.36,0.15,46184.72,39257.01,0,5731.97,2025,2,February,Sunday,46184.72,39257.012
2025-02-16,ORD015236,CUST01206,P012,Air Fryer,Home,Jaipur,Online,UPI,1,6939.86,0.2,6939.86,5551.89,0,765.56,2025,2,February,Sunday,6939.86,5551.888
2025-02-16,ORD029815,CUST02782,P002,Smartphone,Electronics,Chennai,Online,Net Banking,1,26373.12,0.25,26373.12,19779.84,0,2656.04,2025,2,February,Sunday,26373.12,19779.84
2025-02-16,ORD004593,CUST02552,P001,Laptop,Electronics,Delhi,Online,Credit Card,1,70435.51,0.25,70435.51,52826.63,0,3456.02,2025,2,February,Sunday,70435.51,52826.63249999999
2025-02-16,ORD042111,CUST03704,P003,Headphones,Electronics,Mumbai,Online,UPI,3,4703.3,0.1,14109.9,12698.91,0,1393.29,2025,2,February,Sunday,14109.900000000001,12698.91
2025-02-16,ORD041565,CUST03617,P013,Monitor,Electronics,Surat,Online,Cash,1,17575.98,0.0,17575.98,17575.98,0,2192.26,2025,2,February,Sunday,17575.98,17575.98
2025-02-16,ORD017669,CUST04878,P019,Vacuum Cleaner,Home,Pune,Store,Cash,3,8144.74,0.05,24434.22,23212.51,0,4577.0,2025,2,February,Sunday,24434.22,23212.509000000002
2025-02-16,ORD045172,CUST00294,P008,Running Shoes,Fashion,Chennai,Online,UPI,4,4186.22,0.25,16744.88,12558.66,0,1260.86,2025,2,February,Sunday,16744.88,12558.66
2025-02-16,ORD014006,CUST02534,P019,Vacuum Cleaner,Home,Delhi,Store,Net Banking,2,9324.48,0.2,18648.96,14919.17,0,2861.39,2025,2,February,Sunday,18648.96,14919.168
2025-02-16,ORD043410,CUST02888,P013,Monitor,Electronics,Kolkata,Store,Credit Card,1,16540.21,0.0,16540.21,16540.21,0,1462.01,2025,2,February,Sunday,16540.21,16540.21
2025-02-16,ORD029653,CUST01921,P015,Dining Table,Furniture,Jaipur,Store,UPI,2,19863.35,0.1,39726.7,35754.03,0,9414.19,2025,2,February,Sunday,39726.7,35754.03
2025-02-16,ORD027692,CUST01292,P020,Microwave,Home,Pune,Online,Cash,4,10379.55,0.15,41518.2,35290.47,0,7641.2,2025,2,February,Sunday,41518.2,35290.469999999994
2025-02-16,ORD014784,CUST04414,P016,Sofa,Furniture,Jaipur,Store,UPI,2,37244.98,0.2,74489.96,59591.97,0,4367.08,2025,2,February,Sunday,74489.96,59591.96800000001
2025-02-16,ORD046637,CUST00735,P007,Backpack,Accessories,Delhi,Online,UPI,1,2283.48,0.1,2283.48,2055.13,0,281.32,2025,2,February,Sunday,2283.48,2055.132
2025-02-16,ORD022692,CUST03029,P010,Coffee Maker,Home,Pune,Store,Credit Card,4,5153.66,0.1,20614.64,18553.18,0,1143.83,2025,2,February,Sunday,20614.64,18553.176
2025-02-16,ORD005914,CUST02708,P018,Jacket,Fashion,Hyderabad,Online,Debit Card,1,5597.25,0.25,5597.25,4197.94,0,589.52,2025,2,February,Sunday,5597.25,4197.9375
2025-02-16,ORD022713,CUST00635,P020,Microwave,Home,Jaipur,Online,UPI,3,10186.07,0.1,30558.21,27502.39,0,2531.8,2025,2,February,Sunday,30558.21,27502.389
2025-02-16,ORD026160,CUST00040,P015,Dining Table,Furniture,Delhi,Online,UPI,2,20920.87,0.15,41841.74,35565.48,0,5962.66,2025,2,February,Sunday,41841.74,35565.479
2025-02-16,ORD027264,CUST02113,P020,Microwave,Home,Chennai,Online,UPI,1,10225.11,0.1,10225.11,9202.6,0,1108.08,2025,2,February,Sunday,10225.11,9202.599
2025-02-16,ORD047398,CUST01427,P004,Smartwatch,Electronics,Jaipur,Store,Credit Card,1,6519.69,0.05,6519.69,6193.71,0,1648.17,2025,2,February,Sunday,6519.69,6193.705499999999
2025-02-16,ORD038191,CUST00632,P014,Keyboard,Electronics,Jaipur,Online,UPI,2,2733.89,0.15,5467.78,4647.61,0,536.8,2025,2,February,Sunday,5467.78,4647.612999999999
2025-02-16,ORD004418,CUST02051,P003,Headphones,Electronics,Pune,Store,UPI,4,4242.74,0.1,16970.96,15273.86,0,3873.18,2025,2,February,Sunday,16970.96,15273.864
2025-02-16,ORD030398,CUST03793,P015,Dining Table,Furniture,Kolkata,Store,Cash,1,22911.35,0.1,22911.35,20620.22,0,5572.72,2025,2,February,Sunday,22911.35,20620.215
2025-02-16,ORD017791,CUST00563,P005,Office Chair,Furniture,Mumbai,Online,Debit Card,1,10194.06,0.1,10194.06,9174.65,0,1359.2,2025,2,February,Sunday,10194.06,9174.654
2025-02-16,ORD011200,CUST03889,P007,Backpack,Accessories,Ahmedabad,Online,UPI,1,2404.52,0.1,2404.52,2164.07,1,-108.2,2025,2,February,Sunday,2404.52,2164.068
2025-02-16,ORD042236,CUST02704,P006,Desk,Furniture,Pune,Online,UPI,1,11476.15,0.05,11476.15,10902.34,0,1692.66,2025,2,February,Sunday,11476.15,10902.342499999999
2025-02-16,ORD003845,CUST02640,P018,Jacket,Fashion,Delhi,Store,UPI,2,5457.97,0.2,10915.94,8732.75,0,1101.23,2025,2,February,Sunday,10915.94,8732.752
2025-02-16,ORD004676,CUST02038,P001,Laptop,Electronics,Bengaluru,Store,UPI,1,68944.64,0.05,68944.64,65497.41,0,13212.0,2025,2,February,Sunday,68944.64,65497.407999999996
2025-02-16,ORD005504,CUST01283,P008,Running Shoes,Fashion,Surat,Online,UPI,2,3836.56,0.1,7673.12,6905.81,0,916.68,2025,2,February,Sunday,7673.12,6905.808
2025-02-16,ORD034501,CUST04418,P003,Headphones,Electronics,Delhi,Online,Debit Card,2,4400.18,0.0,8800.36,8800.36,0,1475.76,2025,2,February,Sunday,8800.36,8800.36
2025-02-16,ORD005523,CUST04777,P010,Coffee Maker,Home,Jaipur,Store,Credit Card,1,5384.81,0.05,5384.81,5115.57,0,757.2,2025,2,February,Sunday,5384.81,5115.5695000000005
2025-02-16,ORD023527,CUST03820,P014,Keyboard,Electronics,Ahmedabad,Store,Credit Card,3,2739.6,0.05,8218.8,7807.86,0,1021.33,2025,2,February,Sunday,8218.8,7807.859999999999
2025-02-16,ORD047266,CUST01016,P007,Backpack,Accessories,Chennai,Store,Cash,1,2326.54,0.2,2326.54,1861.23,0,299.47,2025,2,February,Sunday,2326.54,1861.232
2025-02-16,ORD010297,CUST03998,P013,Monitor,Electronics,Chennai,Store,Debit Card,1,19537.83,0.05,19537.83,18560.94,1,-928.05,2025,2,February,Sunday,19537.83,18560.9385
2025-02-16,ORD020211,CUST00100,P004,Smartwatch,Electronics,Hyderabad,Online,UPI,1,7241.07,0.1,7241.07,6516.96,0,722.41,2025,2,February,Sunday,7241.07,6516.963
2025-02-16,ORD029916,CUST03273,P019,Vacuum Cleaner,Home,Delhi,Online,Credit Card,2,9279.13,0.05,18558.26,17630.35,0,1384.84,2025,2,February,Sunday,18558.26,17630.346999999998
2025-02-16,ORD005331,CUST02766,P018,Jacket,Fashion,Pune,Store,Debit Card,5,5409.05,0.05,27045.25,25692.99,0,3703.67,2025,2,February,Sunday,27045.25,25692.9875
2025-02-16,ORD030651,CUST03109,P017,Jeans,Fashion,Jaipur,Online,UPI,1,3025.16,0.15,3025.16,2571.39,0,664.14,2025,2,February,Sunday,3025.16,2571.386
2025-02-16,ORD035429,CUST04379,P005,Office Chair,Furniture,Bengaluru,Online,UPI,1,9283.87,0.25,9283.87,6962.9,0,462.29,2025,2,February,Sunday,9283.87,6962.9025
2025-02-16,ORD009744,CUST01103,P020,Microwave,Home,Surat,Online,Credit Card,2,11720.56,0.25,23441.12,17580.84,0,3149.37,2025,2,February,Sunday,23441.12,17580.84
2025-02-16,ORD012588,CUST04820,P002,Smartphone,Electronics,Surat,Online,Cash,1,28923.73,0.1,28923.73,26031.36,0,4852.73,2025,2,February,Sunday,28923.73,26031.357
2025-02-16,ORD035556,CUST04458,P014,Keyboard,Electronics,Mumbai,Online,UPI,1,2615.03,0.05,2615.03,2484.28,0,580.84,2025,2,February,Sunday,2615.03,2484.2785
2025-02-16,ORD024454,CUST01773,P016,Sofa,Furniture,Chennai,Store,Cash,1,37296.97,0.05,37296.97,35432.12,0,6944.35,2025,2,February,Sunday,37296.97,35432.1215
2025-02-16,ORD010048,CUST02250,P019,Vacuum Cleaner,Home,Jaipur,Online,UPI,4,8836.16,0.15,35344.64,30042.94,0,5672.73,2025,2,February,Sunday,35344.64,30042.944
2025-02-16,ORD042906,CUST01374,P013,Monitor,Electronics,Surat,Online,Credit Card,1,17299.61,0.1,17299.61,15569.65,0,2834.11,2025,2,February,Sunday,17299.61,15569.649000000001
2025-02-16,ORD037118,CUST01520,P011,Mixer Grinder,Home,Pune,Online,UPI,1,4922.59,0.1,4922.59,4430.33,0,1131.55,2025,2,February,Sunday,4922.59,4430.331
2025-02-16,ORD032820,CUST01576,P018,Jacket,Fashion,Surat,Online,UPI,1,5559.06,0.05,5559.06,5281.11,0,681.63,2025,2,February,Sunday,5559.06,5281.107
2025-02-16,ORD034144,CUST03115,P012,Air Fryer,Home,Mumbai,Online,Net Banking,1,6628.97,0.0,6628.97,6628.97,0,806.98,2025,2,February,Sunday,6628.97,6628.97
2025-02-16,ORD013555,CUST04939,P004,Smartwatch,Electronics,Hyderabad,Online,Cash,1,7501.35,0.15,7501.35,6376.15,0,1699.61,2025,2,February,Sunday,7501.35,6376.1475
2025-02-16,ORD037250,CUST00637,P002,Smartphone,Electronics,Bengaluru,Online,Debit Card,2,30223.25,0.0,60446.5,60446.5,0,13663.39,2025,2,February,Sunday,60446.5,60446.5
2025-02-16,ORD040602,CUST02359,P014,Keyboard,Electronics,Kolkata,Online,Net Banking,3,2264.37,0.05,6793.11,6453.45,0,1150.94,2025,2,February,Sunday,6793.11,6453.4545
2025-02-16,ORD033186,CUST00209,P019,Vacuum Cleaner,Home,Mumbai,Online,UPI,1,9831.82,0.15,9831.82,8357.05,0,1709.81,2025,2,February,Sunday,9831.82,8357.046999999999
2025-02-16,ORD001971,CUST02185,P012,Air Fryer,Home,Pune,Store,Credit Card,1,7559.98,0.1,7559.98,6803.98,0,1542.86,2025,2,February,Sunday,7559.98,6803.982
2025-02-16,ORD034232,CUST02213,P002,Smartphone,Electronics,Kolkata,Store,Credit Card,1,30763.87,0.25,30763.87,23072.9,0,1556.03,2025,2,February,Sunday,30763.87,23072.9025
2025-02-16,ORD044363,CUST01530,P015,Dining Table,Furniture,Jaipur,Online,Credit Card,1,21553.23,0.1,21553.23,19397.91,1,-969.9,2025,2,February,Sunday,21553.23,19397.907
2025-02-16,ORD034411,CUST04548,P017,Jeans,Fashion,Ahmedabad,Online,Debit Card,2,2903.16,0.1,5806.32,5225.69,0,767.29,2025,2,February,Sunday,5806.32,5225.688
2025-02-16,ORD043119,CUST01599,P006,Desk,Furniture,Jaipur,Online,UPI,2,12427.91,0.05,24855.82,23613.03,0,6186.39,2025,2,February,Sunday,24855.82,23613.029
2025-02-16,ORD025377,CUST00529,P011,Mixer Grinder,Home,Kolkata,Online,UPI,1,4352.48,0.1,4352.48,3917.23,0,659.96,2025,2,February,Sunday,4352.48,3917.2319999999995
2025-02-16,ORD032082,CUST04009,P015,Dining Table,Furniture,Bengaluru,Online,Credit Card,1,20714.24,0.05,20714.24,19678.53,1,-983.93,2025,2,February,Sunday,20714.24,19678.528000000002
2025-02-16,ORD027033,CUST04654,P013,Monitor,Electronics,Bengaluru,Online,UPI,1,16904.82,0.2,16904.82,13523.86,0,3368.83,2025,2,February,Sunday,16904.82,13523.856
2025-02-17,ORD048615,CUST04604,P007,Backpack,Accessories,Kolkata,Online,UPI,4,2349.36,0.1,9397.44,8457.7,0,2280.43,2025,2,February,Monday,9397.44,8457.696
2025-02-17,ORD029413,CUST03648,P008,Running Shoes,Fashion,Pune,Online,Net Banking,1,4424.59,0.1,4424.59,3982.13,0,966.49,2025,2,February,Monday,4424.59,3982.1310000000003
2025-02-17,ORD019977,CUST00491,P018,Jacket,Fashion,Kolkata,Online,UPI,1,5163.98,0.0,5163.98,5163.98,0,739.61,2025,2,February,Monday,5163.98,5163.98
2025-02-17,ORD034109,CUST03718,P014,Keyboard,Electronics,Chennai,Online,UPI,2,2287.33,0.25,4574.66,3431.0,0,239.04,2025,2,February,Monday,4574.66,3430.995
2025-02-17,ORD044996,CUST01262,P003,Headphones,Electronics,Jaipur,Online,UPI,1,4589.2,0.0,4589.2,4589.2,0,369.98,2025,2,February,Monday,4589.2,4589.2
2025-02-17,ORD015370,CUST03531,P020,Microwave,Home,Jaipur,Online,Debit Card,1,11013.39,0.0,11013.39,11013.39,0,2865.21,2025,2,February,Monday,11013.39,11013.39
2025-02-17,ORD033396,CUST00020,P007,Backpack,Accessories,Mumbai,Store,Credit Card,1,2127.4,0.05,2127.4,2021.03,1,-101.05,2025,2,February,Monday,2127.4,2021.03
2025-02-17,ORD044608,CUST03030,P018,Jacket,Fashion,Kolkata,Store,Credit Card,1,5151.52,0.0,5151.52,5151.52,0,1281.11,2025,2,February,Monday,5151.52,5151.52
2025-02-17,ORD023359,CUST04873,P019,Vacuum Cleaner,Home,Pune,Store,Net Banking,1,9356.75,0.05,9356.75,8888.91,0,1076.05,2025,2,February,Monday,9356.75,8888.9125
2025-02-17,ORD025039,CUST00086,P012,Air Fryer,Home,Hyderabad,Store,UPI,1,7572.2,0.05,7572.2,7193.59,0,1056.47,2025,2,February,Monday,7572.2,7193.589999999999
2025-02-17,ORD007888,CUST04414,P003,Headphones,Electronics,Ahmedabad,Online,Credit Card,1,4461.04,0.2,4461.04,3568.83,0,251.3,2025,2,February,Monday,4461.04,3568.8320000000003
2025-02-17,ORD024379,CUST01261,P020,Microwave,Home,Hyderabad,Store,UPI,1,11824.98,0.0,11824.98,11824.98,0,2484.0,2025,2,February,Monday,11824.98,11824.98
2025-02-17,ORD023501,CUST04373,P020,Microwave,Home,Jaipur,Store,UPI,1,10941.1,0.0,10941.1,10941.1,0,2957.78,2025,2,February,Monday,10941.1,10941.1
2025-02-17,ORD044019,CUST02057,P012,Air Fryer,Home,Mumbai,Store,UPI,1,7041.94,0.1,7041.94,6337.75,0,608.08,2025,2,February,Monday,7041.94,6337.746
2025-02-17,ORD037444,CUST01966,P011,Mixer Grinder,Home,Kolkata,Store,UPI,3,5200.3,0.1,15600.9,14040.81,0,1428.78,2025,2,February,Monday,15600.900000000001,14040.81
2025-02-17,ORD041174,CUST00110,P017,Jeans,Fashion,Pune,Online,Credit Card,1,2910.04,0.15,2910.04,2473.53,0,449.48,2025,2,February,Monday,2910.04,2473.534
2025-02-17,ORD024046,CUST02124,P007,Backpack,Accessories,Kolkata,Online,UPI,5,2216.94,0.1,11084.7,9976.23,0,1933.43,2025,2,February,Monday,11084.7,9976.230000000001
2025-02-17,ORD021207,CUST01157,P009,T-Shirt,Fashion,Surat,Store,Credit Card,2,1203.46,0.0,2406.92,2406.92,0,380.89,2025,2,February,Monday,2406.92,2406.92
2025-02-17,ORD044035,CUST01699,P011,Mixer Grinder,Home,Ahmedabad,Online,Credit Card,4,4864.89,0.15,19459.56,16540.63,0,3297.19,2025,2,February,Monday,19459.56,16540.626
2025-02-17,ORD000304,CUST02850,P006,Desk,Furniture,Hyderabad,Store,UPI,1,12469.91,0.1,12469.91,11222.92,0,900.76,2025,2,February,Monday,12469.91,11222.919
2025-02-17,ORD002923,CUST01344,P005,Office Chair,Furniture,Surat,Store,UPI,1,9096.22,0.0,9096.22,9096.22,0,1098.28,2025,2,February,Monday,9096.22,9096.22
2025-02-17,ORD041953,CUST04546,P006,Desk,Furniture,Jaipur,Store,Debit Card,2,12036.89,0.0,24073.78,24073.78,0,6520.57,2025,2,February,Monday,24073.78,24073.78
2025-02-17,ORD008468,CUST04270,P009,T-Shirt,Fashion,Hyderabad,Store,Debit Card,4,1224.85,0.25,4899.4,3674.55,0,299.26,2025,2,February,Monday,4899.4,3674.5499999999997
2025-02-17,ORD032577,CUST02534,P002,Smartphone,Electronics,Ahmedabad,Online,UPI,1,26549.16,0.0,26549.16,26549.16,0,7088.82,2025,2,February,Monday,26549.16,26549.16
2025-02-17,ORD006654,CUST04327,P004,Smartwatch,Electronics,Jaipur,Online,UPI,1,6638.48,0.15,6638.48,5642.71,0,929.07,2025,2,February,Monday,6638.48,5642.708
2025-02-17,ORD035793,CUST00335,P001,Laptop,Electronics,Chennai,Online,Cash,3,71230.41,0.05,213691.23,203006.67,1,-10150.33,2025,2,February,Monday,213691.23,203006.6685
2025-02-17,ORD037098,CUST04346,P011,Mixer Grinder,Home,Mumbai,Online,Debit Card,1,5216.0,0.0,5216.0,5216.0,0,794.92,2025,2,February,Monday,5216.0,5216.0
2025-02-17,ORD041288,CUST00495,P010,Coffee Maker,Home,Ahmedabad,Online,Credit Card,1,5833.24,0.15,5833.24,4958.25,0,355.57,2025,2,February,Monday,5833.24,4958.254
2025-02-17,ORD030053,CUST01343,P010,Coffee Maker,Home,Bengaluru,Online,UPI,1,5628.11,0.1,5628.11,5065.3,0,394.84,2025,2,February,Monday,5628.11,5065.299
2025-02-17,ORD042802,CUST02001,P011,Mixer Grinder,Home,Delhi,Store,UPI,1,4670.13,0.0,4670.13,4670.13,0,469.63,2025,2,February,Monday,4670.13,4670.13
2025-02-17,ORD030047,CUST01333,P019,Vacuum Cleaner,Home,Pune,Store,UPI,2,9838.03,0.05,19676.06,18692.26,0,2341.71,2025,2,February,Monday,19676.06,18692.257
2025-02-17,ORD025395,CUST02191,P002,Smartphone,Electronics,Kolkata,Store,Credit Card,1,27526.21,0.0,27526.21,27526.21,0,3485.23,2025,2,February,Monday,27526.21,27526.21
2025-02-17,ORD025152,CUST02641,P001,Laptop,Electronics,Surat,Store,UPI,1,66447.42,0.0,66447.42,66447.42,0,12499.28,2025,2,February,Monday,66447.42,66447.42
2025-02-17,ORD035113,CUST02384,P002,Smartphone,Electronics,Surat,Store,UPI,1,29314.86,0.05,29314.86,27849.12,1,-1392.46,2025,2,February,Monday,29314.86,27849.117
2025-02-17,ORD006063,CUST03691,P015,Dining Table,Furniture,Pune,Online,UPI,1,23097.08,0.05,23097.08,21942.23,0,3921.22,2025,2,February,Monday,23097.08,21942.226000000002
2025-02-17,ORD047422,CUST00883,P019,Vacuum Cleaner,Home,Chennai,Online,UPI,2,8862.16,0.15,17724.32,15065.67,0,1814.57,2025,2,February,Monday,17724.32,15065.671999999999
2025-02-17,ORD026290,CUST02907,P003,Headphones,Electronics,Mumbai,Store,Net Banking,1,4428.5,0.05,4428.5,4207.08,0,628.03,2025,2,February,Monday,4428.5,4207.075
2025-02-17,ORD011663,CUST04218,P009,T-Shirt,Fashion,Hyderabad,Store,UPI,2,1204.26,0.0,2408.52,2408.52,0,196.22,2025,2,February,Monday,2408.52,2408.52
2025-02-17,ORD012115,CUST03298,P019,Vacuum Cleaner,Home,Bengaluru,Online,Cash,3,9628.59,0.0,28885.77,28885.77,0,3707.23,2025,2,February,Monday,28885.77,28885.77
2025-02-17,ORD002581,CUST03167,P012,Air Fryer,Home,Jaipur,Store,Debit Card,1,6724.54,0.1,6724.54,6052.09,0,1187.32,2025,2,February,Monday,6724.54,6052.086
2025-02-17,ORD026139,CUST04008,P001,Laptop,Electronics,Surat,Online,Debit Card,1,67503.89,0.1,67503.89,60753.5,0,12235.12,2025,2,February,Monday,67503.89,60753.501000000004
2025-02-17,ORD042835,CUST04814,P009,T-Shirt,Fashion,Surat,Store,UPI,1,1134.67,0.2,1134.67,907.74,0,202.79,2025,2,February,Monday,1134.67,907.7360000000001
2025-02-17,ORD010336,CUST03444,P005,Office Chair,Furniture,Mumbai,Online,Cash,1,8861.37,0.05,8861.37,8418.3,0,2167.13,2025,2,February,Monday,8861.37,8418.3015
2025-02-17,ORD014627,CUST03340,P008,Running Shoes,Fashion,Surat,Online,Credit Card,1,4582.76,0.05,4582.76,4353.62,0,804.14,2025,2,February,Monday,4582.76,4353.622
2025-02-17,ORD044565,CUST04999,P010,Coffee Maker,Home,Ahmedabad,Store,UPI,2,5477.74,0.05,10955.48,10407.71,0,2930.22,2025,2,February,Monday,10955.48,10407.705999999998
2025-02-17,ORD008281,CUST03860,P018,Jacket,Fashion,Jaipur,Online,UPI,1,4958.43,0.1,4958.43,4462.59,0,1071.86,2025,2,February,Monday,4958.43,4462.587
2025-02-17,ORD018816,CUST00422,P007,Backpack,Accessories,Jaipur,Online,Credit Card,1,2256.83,0.0,2256.83,2256.83,0,332.89,2025,2,February,Monday,2256.83,2256.83
2025-02-17,ORD014398,CUST04804,P002,Smartphone,Electronics,Ahmedabad,Store,UPI,2,30007.64,0.0,60015.28,60015.28,0,17564.08,2025,2,February,Monday,60015.28,60015.28
2025-02-17,ORD033125,CUST01278,P004,Smartwatch,Electronics,Hyderabad,Online,UPI,1,7289.67,0.1,7289.67,6560.7,0,571.7,2025,2,February,Monday,7289.67,6560.703
2025-02-17,ORD005656,CUST02288,P006,Desk,Furniture,Jaipur,Store,Credit Card,2,11652.97,0.25,23305.94,17479.45,0,4127.15,2025,2,February,Monday,23305.94,17479.454999999998
2025-02-17,ORD037446,CUST00888,P015,Dining Table,Furniture,Pune,Store,UPI,1,21028.04,0.1,21028.04,18925.24,0,2792.74,2025,2,February,Monday,21028.04,18925.236
2025-02-17,ORD044481,CUST00173,P016,Sofa,Furniture,Bengaluru,Online,Net Banking,1,33054.62,0.05,33054.62,31401.89,0,5906.92,2025,2,February,Monday,33054.62,31401.889
2025-02-17,ORD025386,CUST00566,P006,Desk,Furniture,Jaipur,Store,Credit Card,1,11382.6,0.05,11382.6,10813.47,0,1883.91,2025,2,February,Monday,11382.6,10813.47
2025-02-17,ORD039095,CUST00438,P002,Smartphone,Electronics,Bengaluru,Online,UPI,1,30125.75,0.05,30125.75,28619.46,0,6342.36,2025,2,February,Monday,30125.75,28619.462499999998
2025-02-17,ORD031635,CUST00980,P003,Headphones,Electronics,Ahmedabad,Store,Credit Card,1,4726.32,0.1,4726.32,4253.69,0,1066.64,2025,2,February,Monday,4726.32,4253.688
2025-02-17,ORD045923,CUST00899,P012,Air Fryer,Home,Chennai,Online,UPI,1,7718.56,0.15,7718.56,6560.78,0,1156.09,2025,2,February,Monday,7718.56,6560.776
2025-02-17,ORD026076,CUST00458,P017,Jeans,Fashion,Kolkata,Online,UPI,4,3042.99,0.0,12171.96,12171.96,0,1958.31,2025,2,February,Monday,12171.96,12171.96
2025-02-17,ORD011368,CUST04833,P011,Mixer Grinder,Home,Surat,Store,UPI,1,5251.06,0.1,5251.06,4725.95,0,1082.58,2025,2,February,Monday,5251.06,4725.954000000001
2025-02-17,ORD013224,CUST01710,P006,Desk,Furniture,Mumbai,Online,Credit Card,1,12979.31,0.25,12979.31,9734.48,0,720.79,2025,2,February,Monday,12979.31,9734.4825
2025-02-17,ORD042401,CUST01661,P001,Laptop,Electronics,Ahmedabad,Online,Cash,2,71053.47,0.1,142106.94,127896.25,0,9242.82,2025,2,February,Monday,142106.94,127896.246
2025-02-17,ORD009935,CUST02019,P006,Desk,Furniture,Delhi,Online,Net Banking,1,13184.93,0.1,13184.93,11866.44,0,2457.73,2025,2,February,Monday,13184.93,11866.437
2025-02-17,ORD024030,CUST04447,P014,Keyboard,Electronics,Mumbai,Store,Credit Card,1,2419.39,0.15,2419.39,2056.48,0,237.49,2025,2,February,Monday,2419.39,2056.4815
2025-02-17,ORD026208,CUST04935,P004,Smartwatch,Electronics,Chennai,Online,UPI,1,6560.57,0.0,6560.57,6560.57,0,1756.87,2025,2,February,Monday,6560.57,6560.57
2025-02-17,ORD013055,CUST01147,P015,Dining Table,Furniture,Hyderabad,Store,UPI,1,21608.79,0.1,21608.79,19447.91,0,2702.72,2025,2,February,Monday,21608.79,19447.911
2025-02-17,ORD027359,CUST04843,P005,Office Chair,Furniture,Jaipur,Online,Cash,3,9739.41,0.1,29218.23,26296.41,0,2241.6,2025,2,February,Monday,29218.23,26296.407
2025-02-17,ORD006911,CUST03618,P015,Dining Table,Furniture,Bengaluru,Online,Credit Card,1,21672.01,0.15,21672.01,18421.21,0,1161.87,2025,2,February,Monday,21672.01,18421.208499999997
2025-02-17,ORD047739,CUST02664,P011,Mixer Grinder,Home,Bengaluru,Online,Credit Card,1,5095.17,0.2,5095.17,4076.14,0,881.61,2025,2,February,Monday,5095.17,4076.1360000000004
2025-02-17,ORD012584,CUST01148,P019,Vacuum Cleaner,Home,Chennai,Online,Credit Card,2,9040.81,0.2,18081.62,14465.3,0,1395.37,2025,2,February,Monday,18081.62,14465.296
2025-02-17,ORD001355,CUST01996,P009,T-Shirt,Fashion,Chennai,Online,Credit Card,1,1147.71,0.05,1147.71,1090.32,0,193.46,2025,2,February,Monday,1147.71,1090.3245
2025-02-17,ORD003867,CUST03490,P013,Monitor,Electronics,Surat,Online,Debit Card,5,19179.59,0.25,95897.95,71923.46,0,9145.25,2025,2,February,Monday,95897.95,71923.4625
2025-02-17,ORD040385,CUST03881,P019,Vacuum Cleaner,Home,Bengaluru,Online,Net Banking,1,9401.57,0.0,9401.57,9401.57,0,1561.52,2025,2,February,Monday,9401.57,9401.57
2025-02-17,ORD044220,CUST04471,P006,Desk,Furniture,Pune,Online,UPI,2,12300.47,0.05,24600.94,23370.89,0,3251.13,2025,2,February,Monday,24600.94,23370.892999999996
2025-02-17,ORD044777,CUST03236,P018,Jacket,Fashion,Chennai,Online,UPI,1,5280.55,0.2,5280.55,4224.44,0,1087.33,2025,2,February,Monday,5280.55,4224.4400000000005
2025-02-17,ORD041008,CUST03548,P019,Vacuum Cleaner,Home,Hyderabad,Online,Debit Card,1,8756.37,0.15,8756.37,7442.91,1,-372.15,2025,2,February,Monday,8756.37,7442.914500000001
2025-02-17,ORD023236,CUST02976,P008,Running Shoes,Fashion,Mumbai,Store,UPI,1,4351.76,0.0,4351.76,4351.76,0,507.09,2025,2,February,Monday,4351.76,4351.76
2025-02-17,ORD025041,CUST00228,P014,Keyboard,Electronics,Chennai,Store,Credit Card,1,2303.62,0.0,2303.62,2303.62,0,509.01,2025,2,February,Monday,2303.62,2303.62
2025-02-17,ORD021564,CUST04254,P002,Smartphone,Electronics,Delhi,Online,Debit Card,1,30384.1,0.1,30384.1,27345.69,0,2028.33,2025,2,February,Monday,30384.1,27345.69
2025-02-17,ORD013752,CUST03379,P008,Running Shoes,Fashion,Surat,Online,Credit Card,1,4420.64,0.15,4420.64,3757.54,1,-187.88,2025,2,February,Monday,4420.64,3757.5440000000003
2025-02-18,ORD001145,CUST00599,P010,Coffee Maker,Home,Kolkata,Store,UPI,1,4977.5,0.25,4977.5,3733.12,0,375.93,2025,2,February,Tuesday,4977.5,3733.125
2025-02-18,ORD025913,CUST00375,P020,Microwave,Home,Kolkata,Online,Cash,1,10753.02,0.1,10753.02,9677.72,1,-483.89,2025,2,February,Tuesday,10753.02,9677.718
2025-02-18,ORD037825,CUST01606,P004,Smartwatch,Electronics,Jaipur,Store,UPI,1,6618.76,0.05,6618.76,6287.82,0,549.29,2025,2,February,Tuesday,6618.76,6287.822
2025-02-18,ORD011620,CUST03196,P005,Office Chair,Furniture,Bengaluru,Online,UPI,4,10375.32,0.05,41501.28,39426.22,0,4678.73,2025,2,February,Tuesday,41501.28,39426.216
2025-02-18,ORD002428,CUST03158,P008,Running Shoes,Fashion,Jaipur,Store,UPI,3,4160.97,0.2,12482.91,9986.33,0,1531.32,2025,2,February,Tuesday,12482.91,9986.328000000001
2025-02-18,ORD025382,CUST01018,P019,Vacuum Cleaner,Home,Mumbai,Online,UPI,1,9878.43,0.2,9878.43,7902.74,0,650.84,2025,2,February,Tuesday,9878.43,7902.744000000001
2025-02-18,ORD015431,CUST04655,P011,Mixer Grinder,Home,Bengaluru,Online,Credit Card,5,4339.03,0.15,21695.15,18440.88,0,2034.12,2025,2,February,Tuesday,21695.149999999998,18440.877500000002
2025-02-18,ORD000606,CUST00939,P011,Mixer Grinder,Home,Delhi,Online,Cash,2,4809.34,0.15,9618.68,8175.88,0,680.87,2025,2,February,Tuesday,9618.68,8175.878
2025-02-18,ORD039228,CUST02804,P017,Jeans,Fashion,Delhi,Online,Credit Card,2,2881.18,0.15,5762.36,4898.01,0,446.93,2025,2,February,Tuesday,5762.36,4898.005999999999
2025-02-18,ORD040730,CUST04728,P009,T-Shirt,Fashion,Delhi,Online,Cash,2,1179.9,0.0,2359.8,2359.8,0,504.39,2025,2,February,Tuesday,2359.8,2359.8
2025-02-18,ORD028606,CUST04867,P011,Mixer Grinder,Home,Jaipur,Online,UPI,1,4650.36,0.05,4650.36,4417.84,0,835.5,2025,2,February,Tuesday,4650.36,4417.842
2025-02-18,ORD042153,CUST04728,P004,Smartwatch,Electronics,Ahmedabad,Online,Cash,1,7310.65,0.0,7310.65,7310.65,0,1127.1,2025,2,February,Tuesday,7310.65,7310.65
2025-02-18,ORD003252,CUST00162,P010,Coffee Maker,Home,Delhi,Online,Cash,1,5218.98,0.1,5218.98,4697.08,0,857.69,2025,2,February,Tuesday,5218.98,4697.081999999999
2025-02-18,ORD047301,CUST01699,P019,Vacuum Cleaner,Home,Pune,Online,Credit Card,5,9528.88,0.25,47644.4,35733.3,0,3072.47,2025,2,February,Tuesday,47644.399999999994,35733.3
2025-02-18,ORD037926,CUST03960,P017,Jeans,Fashion,Chennai,Online,UPI,1,2741.65,0.15,2741.65,2330.4,0,561.32,2025,2,February,Tuesday,2741.65,2330.4025
2025-02-18,ORD014604,CUST04541,P006,Desk,Furniture,Kolkata,Online,Credit Card,1,12478.78,0.1,12478.78,11230.9,0,2268.89,2025,2,February,Tuesday,12478.78,11230.902
2025-02-18,ORD047115,CUST03220,P017,Jeans,Fashion,Bengaluru,Store,Debit Card,1,2595.63,0.0,2595.63,2595.63,0,708.07,2025,2,February,Tuesday,2595.63,2595.63
2025-02-18,ORD014277,CUST00919,P017,Jeans,Fashion,Pune,Store,Debit Card,1,2564.41,0.1,2564.41,2307.97,0,371.41,2025,2,February,Tuesday,2564.41,2307.969
2025-02-18,ORD031433,CUST03280,P008,Running Shoes,Fashion,Mumbai,Store,UPI,1,4589.41,0.15,4589.41,3901.0,0,914.3,2025,2,February,Tuesday,4589.41,3900.9984999999997
2025-02-18,ORD008541,CUST02301,P006,Desk,Furniture,Mumbai,Store,Cash,1,13018.85,0.1,13018.85,11716.96,0,2896.96,2025,2,February,Tuesday,13018.85,11716.965
2025-02-18,ORD019450,CUST04656,P015,Dining Table,Furniture,Jaipur,Store,UPI,1,21940.87,0.2,21940.87,17552.7,0,4010.55,2025,2,February,Tuesday,21940.87,17552.696
2025-02-18,ORD022565,CUST03741,P014,Keyboard,Electronics,Jaipur,Online,Credit Card,2,2581.01,0.1,5162.02,4645.82,0,968.53,2025,2,February,Tuesday,5162.02,4645.818
2025-02-18,ORD004715,CUST04227,P013,Monitor,Electronics,Delhi,Store,Net Banking,1,16484.79,0.0,16484.79,16484.79,0,2079.41,2025,2,February,Tuesday,16484.79,16484.79
2025-02-18,ORD037617,CUST04080,P019,Vacuum Cleaner,Home,Kolkata,Online,Credit Card,1,8268.27,0.0,8268.27,8268.27,0,1730.9,2025,2,February,Tuesday,8268.27,8268.27
2025-02-18,ORD017684,CUST01570,P016,Sofa,Furniture,Pune,Store,Debit Card,1,35055.93,0.0,35055.93,35055.93,0,4358.79,2025,2,February,Tuesday,35055.93,35055.93
2025-02-18,ORD026900,CUST02683,P008,Running Shoes,Fashion,Chennai,Store,Net Banking,1,3879.81,0.0,3879.81,3879.81,0,687.99,2025,2,February,Tuesday,3879.81,3879.81
2025-02-18,ORD014304,CUST00681,P013,Monitor,Electronics,Bengaluru,Store,Debit Card,1,16598.55,0.0,16598.55,16598.55,0,2514.73,2025,2,February,Tuesday,16598.55,16598.55
2025-02-18,ORD048251,CUST01069,P013,Monitor,Electronics,Surat,Online,Credit Card,1,17846.71,0.15,17846.71,15169.7,0,1314.33,2025,2,February,Tuesday,17846.71,15169.7035
2025-02-18,ORD013467,CUST00725,P014,Keyboard,Electronics,Hyderabad,Online,Credit Card,1,2570.47,0.0,2570.47,2570.47,0,232.1,2025,2,February,Tuesday,2570.47,2570.47
2025-02-18,ORD039282,CUST01679,P004,Smartwatch,Electronics,Chennai,Online,UPI,1,7443.37,0.1,7443.37,6699.03,0,761.3,2025,2,February,Tuesday,7443.37,6699.033
2025-02-18,ORD020097,CUST01751,P004,Smartwatch,Electronics,Delhi,Store,UPI,2,7042.67,0.05,14085.34,13381.07,0,2341.26,2025,2,February,Tuesday,14085.34,13381.073
2025-02-18,ORD010397,CUST01997,P009,T-Shirt,Fashion,Surat,Online,Cash,3,1175.7,0.0,3527.1,3527.1,0,678.49,2025,2,February,Tuesday,3527.1000000000004,3527.1
2025-02-18,ORD024142,CUST01084,P003,Headphones,Electronics,Chennai,Store,UPI,1,4100.8,0.0,4100.8,4100.8,0,726.53,2025,2,February,Tuesday,4100.8,4100.8
2025-02-18,ORD006091,CUST03208,P011,Mixer Grinder,Home,Kolkata,Online,Debit Card,3,5210.33,0.25,15630.99,11723.24,0,2246.36,2025,2,February,Tuesday,15630.99,11723.2425
2025-02-18,ORD045135,CUST04976,P012,Air Fryer,Home,Jaipur,Store,Net Banking,5,6591.79,0.0,32958.95,32958.95,0,7830.55,2025,2,February,Tuesday,32958.95,32958.95
2025-02-18,ORD034770,CUST00111,P008,Running Shoes,Fashion,Chennai,Store,UPI,1,4127.16,0.05,4127.16,3920.8,0,509.01,2025,2,February,Tuesday,4127.16,3920.8019999999997
2025-02-18,ORD028020,CUST00279,P006,Desk,Furniture,Kolkata,Store,Cash,1,11754.99,0.1,11754.99,10579.49,0,1518.55,2025,2,February,Tuesday,11754.99,10579.491
2025-02-18,ORD015992,CUST04652,P017,Jeans,Fashion,Kolkata,Store,UPI,1,2736.06,0.1,2736.06,2462.45,0,660.04,2025,2,February,Tuesday,2736.06,2462.454
2025-02-18,ORD041468,CUST00961,P018,Jacket,Fashion,Mumbai,Store,UPI,5,5048.63,0.05,25243.15,23980.99,0,3757.5,2025,2,February,Tuesday,25243.15,23980.9925
2025-02-18,ORD024536,CUST04677,P009,T-Shirt,Fashion,Ahmedabad,Store,UPI,1,1188.04,0.1,1188.04,1069.24,0,104.02,2025,2,February,Tuesday,1188.04,1069.236
2025-02-18,ORD022662,CUST00324,P017,Jeans,Fashion,Bengaluru,Online,Credit Card,1,2780.81,0.05,2780.81,2641.77,0,385.74,2025,2,February,Tuesday,2780.81,2641.7695
2025-02-18,ORD038994,CUST03081,P002,Smartphone,Electronics,Ahmedabad,Store,Cash,3,27591.82,0.0,82775.46,82775.46,0,9936.42,2025,2,February,Tuesday,82775.45999999999,82775.46
2025-02-18,ORD041577,CUST03999,P008,Running Shoes,Fashion,Jaipur,Online,Debit Card,1,3854.01,0.1,3854.01,3468.61,0,846.8,2025,2,February,Tuesday,3854.01,3468.6090000000004
2025-02-18,ORD004648,CUST00291,P002,Smartphone,Electronics,Chennai,Store,Debit Card,1,28715.95,0.0,28715.95,28715.95,0,4719.25,2025,2,February,Tuesday,28715.95,28715.95
2025-02-18,ORD041177,CUST01128,P006,Desk,Furniture,Pune,Online,Cash,1,10934.82,0.1,10934.82,9841.34,0,954.87,2025,2,February,Tuesday,10934.82,9841.338
2025-02-18,ORD042525,CUST04632,P005,Office Chair,Furniture,Ahmedabad,Store,UPI,3,9987.52,0.1,29962.56,26966.3,0,4600.71,2025,2,February,Tuesday,29962.56,26966.304
2025-02-18,ORD029697,CUST00867,P014,Keyboard,Electronics,Delhi,Online,Debit Card,1,2281.77,0.0,2281.77,2281.77,0,669.84,2025,2,February,Tuesday,2281.77,2281.77
2025-02-18,ORD032246,CUST03783,P002,Smartphone,Electronics,Jaipur,Store,Net Banking,5,28859.1,0.05,144295.5,137080.72,0,20313.51,2025,2,February,Tuesday,144295.5,137080.725
2025-02-18,ORD002916,CUST01614,P019,Vacuum Cleaner,Home,Delhi,Store,Net Banking,2,9788.07,0.0,19576.14,19576.14,0,3810.25,2025,2,February,Tuesday,19576.14,19576.14
2025-02-18,ORD006081,CUST02101,P010,Coffee Maker,Home,Surat,Online,Credit Card,5,6026.78,0.0,30133.9,30133.9,0,6604.37,2025,2,February,Tuesday,30133.899999999998,30133.9
2025-02-18,ORD049606,CUST03214,P019,Vacuum Cleaner,Home,Surat,Store,UPI,1,9841.92,0.15,9841.92,8365.63,0,1266.8,2025,2,February,Tuesday,9841.92,8365.632
2025-02-18,ORD039130,CUST02785,P002,Smartphone,Electronics,Hyderabad,Online,UPI,1,26025.55,0.0,26025.55,26025.55,0,6646.93,2025,2,February,Tuesday,26025.55,26025.55
2025-02-18,ORD010769,CUST01628,P005,Office Chair,Furniture,Chennai,Store,Cash,1,10413.29,0.1,10413.29,9371.96,0,1466.55,2025,2,February,Tuesday,10413.29,9371.961000000001
2025-02-18,ORD008067,CUST04448,P007,Backpack,Accessories,Jaipur,Store,Net Banking,1,2370.79,0.1,2370.79,2133.71,0,515.5,2025,2,February,Tuesday,2370.79,2133.7110000000002
2025-02-18,ORD017376,CUST03189,P012,Air Fryer,Home,Mumbai,Online,UPI,1,6936.66,0.1,6936.66,6242.99,0,1531.65,2025,2,February,Tuesday,6936.66,6242.994
2025-02-18,ORD023310,CUST01274,P013,Monitor,Electronics,Bengaluru,Online,Credit Card,3,16407.92,0.15,49223.76,41840.2,0,10603.45,2025,2,February,Tuesday,49223.759999999995,41840.196
2025-02-18,ORD012039,CUST01846,P013,Monitor,Electronics,Jaipur,Store,UPI,1,18372.84,0.05,18372.84,17454.2,0,3715.8,2025,2,February,Tuesday,18372.84,17454.198
2025-02-18,ORD019822,CUST00873,P006,Desk,Furniture,Jaipur,Online,UPI,5,12596.09,0.0,62980.45,62980.45,0,6129.64,2025,2,February,Tuesday,62980.45,62980.45
2025-02-18,ORD044419,CUST03217,P006,Desk,Furniture,Delhi,Online,Credit Card,5,12713.06,0.0,63565.3,63565.3,0,17706.88,2025,2,February,Tuesday,63565.299999999996,63565.3
2025-02-18,ORD045914,CUST01014,P005,Office Chair,Furniture,Hyderabad,Online,UPI,3,8841.43,0.0,26524.29,26524.29,0,7733.2,2025,2,February,Tuesday,26524.29,26524.29
2025-02-18,ORD010843,CUST00134,P006,Desk,Furniture,Bengaluru,Online,Credit Card,5,12261.48,0.1,61307.4,55176.66,0,5672.67,2025,2,February,Tuesday,61307.399999999994,55176.66
2025-02-18,ORD009768,CUST01823,P008,Running Shoes,Fashion,Kolkata,Store,UPI,1,4255.13,0.0,4255.13,4255.13,0,643.92,2025,2,February,Tuesday,4255.13,4255.13
2025-02-18,ORD040914,CUST00081,P011,Mixer Grinder,Home,Bengaluru,Online,Credit Card,1,4964.43,0.15,4964.43,4219.77,0,918.93,2025,2,February,Tuesday,4964.43,4219.7655
2025-02-18,ORD013518,CUST02061,P007,Backpack,Accessories,Kolkata,Store,UPI,2,2189.91,0.05,4379.82,4160.83,0,754.61,2025,2,February,Tuesday,4379.82,4160.829
2025-02-18,ORD049923,CUST02764,P011,Mixer Grinder,Home,Chennai,Online,Credit Card,1,4810.18,0.05,4810.18,4569.67,0,629.67,2025,2,February,Tuesday,4810.18,4569.671
2025-02-18,ORD006668,CUST04649,P004,Smartwatch,Electronics,Hyderabad,Online,Debit Card,1,7154.61,0.1,7154.61,6439.15,0,1491.22,2025,2,February,Tuesday,7154.61,6439.148999999999
2025-02-18,ORD011444,CUST02465,P001,Laptop,Electronics,Delhi,Online,Credit Card,1,59712.65,0.0,59712.65,59712.65,0,10621.12,2025,2,February,Tuesday,59712.65,59712.65
2025-02-18,ORD027853,CUST02987,P001,Laptop,Electronics,Surat,Online,UPI,2,64427.04,0.1,128854.08,115968.67,0,25353.19,2025,2,February,Tuesday,128854.08,115968.672
2025-02-18,ORD016883,CUST01685,P011,Mixer Grinder,Home,Chennai,Online,Debit Card,1,4406.39,0.2,4406.39,3525.11,0,567.96,2025,2,February,Tuesday,4406.39,3525.1120000000005
2025-02-18,ORD021269,CUST04587,P017,Jeans,Fashion,Jaipur,Online,UPI,2,2785.67,0.2,5571.34,4457.07,0,856.86,2025,2,February,Tuesday,5571.34,4457.072
2025-02-18,ORD040777,CUST00166,P003,Headphones,Electronics,Mumbai,Store,UPI,1,4363.62,0.1,4363.62,3927.26,0,332.28,2025,2,February,Tuesday,4363.62,3927.258
2025-02-18,ORD029681,CUST04349,P017,Jeans,Fashion,Surat,Store,UPI,2,2971.55,0.05,5943.1,5645.94,0,1104.95,2025,2,February,Tuesday,5943.1,5645.945
2025-02-19,ORD014874,CUST01248,P015,Dining Table,Furniture,Pune,Online,UPI,1,21058.7,0.05,21058.7,20005.76,0,4586.72,2025,2,February,Wednesday,21058.7,20005.765
2025-02-19,ORD009555,CUST03660,P013,Monitor,Electronics,Ahmedabad,Online,UPI,1,18950.82,0.2,18950.82,15160.66,0,2944.9,2025,2,February,Wednesday,18950.82,15160.656
2025-02-19,ORD041587,CUST04017,P008,Running Shoes,Fashion,Delhi,Store,Debit Card,1,3783.94,0.05,3783.94,3594.74,0,744.82,2025,2,February,Wednesday,3783.94,3594.743
2025-02-19,ORD029710,CUST02042,P001,Laptop,Electronics,Delhi,Online,Net Banking,4,71382.44,0.1,285529.76,256976.78,1,-12848.84,2025,2,February,Wednesday,285529.76,256976.784
2025-02-19,ORD006088,CUST01267,P011,Mixer Grinder,Home,Jaipur,Store,Cash,1,4379.25,0.05,4379.25,4160.29,0,701.21,2025,2,February,Wednesday,4379.25,4160.287499999999
2025-02-19,ORD030953,CUST01025,P016,Sofa,Furniture,Mumbai,Online,UPI,1,33035.27,0.05,33035.27,31383.51,0,6928.76,2025,2,February,Wednesday,33035.27,31383.506499999996
2025-02-19,ORD045678,CUST02930,P013,Monitor,Electronics,Surat,Online,Credit Card,1,16421.55,0.15,16421.55,13958.32,0,2695.57,2025,2,February,Wednesday,16421.55,13958.3175
2025-02-19,ORD046067,CUST01528,P003,Headphones,Electronics,Pune,Online,Net Banking,1,4718.08,0.1,4718.08,4246.27,0,461.33,2025,2,February,Wednesday,4718.08,4246.272
2025-02-19,ORD045352,CUST04418,P013,Monitor,Electronics,Bengaluru,Store,Net Banking,1,17202.77,0.1,17202.77,15482.49,0,3272.07,2025,2,February,Wednesday,17202.77,15482.493
2025-02-19,ORD022614,CUST01851,P017,Jeans,Fashion,Chennai,Online,Credit Card,2,2690.49,0.2,5380.98,4304.78,0,389.74,2025,2,February,Wednesday,5380.98,4304.784
2025-02-19,ORD025095,CUST00712,P005,Office Chair,Furniture,Kolkata,Online,UPI,2,10324.07,0.05,20648.14,19615.73,0,4840.09,2025,2,February,Wednesday,20648.14,19615.733
2025-02-19,ORD020354,CUST04482,P007,Backpack,Accessories,Delhi,Online,Cash,1,2075.09,0.15,2075.09,1763.83,0,164.13,2025,2,February,Wednesday,2075.09,1763.8265000000001
2025-02-19,ORD047467,CUST01691,P014,Keyboard,Electronics,Mumbai,Online,UPI,2,2453.64,0.1,4907.28,4416.55,0,1142.87,2025,2,February,Wednesday,4907.28,4416.552
2025-02-19,ORD021194,CUST04343,P012,Air Fryer,Home,Hyderabad,Store,Debit Card,2,7452.84,0.05,14905.68,14160.4,0,2432.54,2025,2,February,Wednesday,14905.68,14160.395999999999
2025-02-19,ORD011276,CUST04755,P016,Sofa,Furniture,Surat,Online,Debit Card,3,38315.06,0.1,114945.18,103450.66,0,27312.44,2025,2,February,Wednesday,114945.18,103450.662
2025-02-19,ORD027068,CUST03693,P018,Jacket,Fashion,Bengaluru,Store,UPI,5,5256.86,0.0,26284.3,26284.3,0,3688.02,2025,2,February,Wednesday,26284.3,26284.3
2025-02-19,ORD038819,CUST01173,P011,Mixer Grinder,Home,Ahmedabad,Store,Cash,1,5099.55,0.1,5099.55,4589.6,1,-229.48,2025,2,February,Wednesday,5099.55,4589.595
2025-02-19,ORD009838,CUST04724,P008,Running Shoes,Fashion,Kolkata,Online,Credit Card,2,4269.22,0.1,8538.44,7684.6,0,821.41,2025,2,February,Wednesday,8538.44,7684.5960000000005
2025-02-19,ORD017648,CUST00796,P009,T-Shirt,Fashion,Chennai,Online,Cash,1,1139.41,0.0,1139.41,1139.41,0,127.24,2025,2,February,Wednesday,1139.41,1139.41
2025-02-19,ORD047455,CUST01455,P007,Backpack,Accessories,Pune,Online,UPI,3,2182.11,0.05,6546.33,6219.01,0,1491.09,2025,2,February,Wednesday,6546.33,6219.0135
2025-02-19,ORD036060,CUST02051,P001,Laptop,Electronics,Jaipur,Store,Credit Card,1,64445.82,0.2,64445.82,51556.66,0,3282.22,2025,2,February,Wednesday,64445.82,51556.656
2025-02-19,ORD024480,CUST01851,P014,Keyboard,Electronics,Jaipur,Store,Net Banking,1,2738.26,0.1,2738.26,2464.43,0,230.28,2025,2,February,Wednesday,2738.26,2464.434
2025-02-19,ORD048169,CUST03319,P008,Running Shoes,Fashion,Jaipur,Online,UPI,2,4197.11,0.0,8394.22,8394.22,0,1484.08,2025,2,February,Wednesday,8394.22,8394.22
2025-02-19,ORD047284,CUST02029,P017,Jeans,Fashion,Surat,Online,UPI,2,2819.42,0.1,5638.84,5074.96,0,1269.92,2025,2,February,Wednesday,5638.84,5074.956
2025-02-19,ORD024220,CUST04569,P006,Desk,Furniture,Chennai,Store,UPI,1,11177.58,0.1,11177.58,10059.82,0,2550.76,2025,2,February,Wednesday,11177.58,10059.822
2025-02-19,ORD012380,CUST01730,P003,Headphones,Electronics,Jaipur,Online,Credit Card,2,4114.44,0.05,8228.88,7817.44,0,2254.84,2025,2,February,Wednesday,8228.88,7817.435999999999
2025-02-19,ORD007391,CUST00442,P004,Smartwatch,Electronics,Pune,Store,Debit Card,3,6979.32,0.05,20937.96,19891.06,0,3899.19,2025,2,February,Wednesday,20937.96,19891.061999999998
2025-02-19,ORD040670,CUST04780,P007,Backpack,Accessories,Kolkata,Online,UPI,1,1984.12,0.1,1984.12,1785.71,1,-89.29,2025,2,February,Wednesday,1984.12,1785.7079999999999
2025-02-19,ORD028222,CUST04861,P008,Running Shoes,Fashion,Kolkata,Store,Credit Card,1,4528.16,0.15,4528.16,3848.94,0,493.45,2025,2,February,Wednesday,4528.16,3848.9359999999997
2025-02-19,ORD037992,CUST04867,P020,Microwave,Home,Mumbai,Online,Credit Card,1,11886.44,0.15,11886.44,10103.47,0,2673.01,2025,2,February,Wednesday,11886.44,10103.474
2025-02-19,ORD004284,CUST04398,P006,Desk,Furniture,Pune,Store,Credit Card,1,12017.44,0.1,12017.44,10815.7,0,2446.9,2025,2,February,Wednesday,12017.44,10815.696
2025-02-19,ORD005098,CUST00533,P003,Headphones,Electronics,Delhi,Online,UPI,1,4837.07,0.1,4837.07,4353.36,0,885.56,2025,2,February,Wednesday,4837.07,4353.363
2025-02-19,ORD009692,CUST03169,P001,Laptop,Electronics,Pune,Online,Net Banking,4,69180.65,0.15,276722.6,235214.21,0,19556.67,2025,2,February,Wednesday,276722.6,235214.20999999996
2025-02-19,ORD012485,CUST01290,P013,Monitor,Electronics,Kolkata,Store,Cash,1,18920.42,0.1,18920.42,17028.38,0,3951.73,2025,2,February,Wednesday,18920.42,17028.378
2025-02-19,ORD031150,CUST03588,P008,Running Shoes,Fashion,Chennai,Store,Credit Card,2,3961.82,0.1,7923.64,7131.28,0,1510.72,2025,2,February,Wednesday,7923.64,7131.276000000001
2025-02-19,ORD019054,CUST03609,P004,Smartwatch,Electronics,Ahmedabad,Store,UPI,1,7410.66,0.15,7410.66,6299.06,0,1116.28,2025,2,February,Wednesday,7410.66,6299.061
2025-02-19,ORD008911,CUST01194,P016,Sofa,Furniture,Surat,Store,UPI,1,37173.48,0.1,37173.48,33456.13,0,3660.56,2025,2,February,Wednesday,37173.48,33456.132000000005
2025-02-19,ORD005086,CUST03387,P015,Dining Table,Furniture,Hyderabad,Store,UPI,1,22923.7,0.2,22923.7,18338.96,0,4444.37,2025,2,February,Wednesday,22923.7,18338.960000000003
2025-02-19,ORD044077,CUST01609,P002,Smartphone,Electronics,Bengaluru,Online,Cash,1,30430.59,0.0,30430.59,30430.59,0,3933.99,2025,2,February,Wednesday,30430.59,30430.59
2025-02-19,ORD010699,CUST03841,P008,Running Shoes,Fashion,Kolkata,Online,Cash,2,4379.35,0.15,8758.7,7444.9,0,1928.15,2025,2,February,Wednesday,8758.7,7444.895
2025-02-19,ORD003886,CUST03797,P009,T-Shirt,Fashion,Ahmedabad,Online,UPI,1,1283.05,0.15,1283.05,1090.59,0,109.49,2025,2,February,Wednesday,1283.05,1090.5925
2025-02-19,ORD002594,CUST02966,P019,Vacuum Cleaner,Home,Surat,Online,Cash,2,9456.41,0.25,18912.82,14184.62,0,3344.94,2025,2,February,Wednesday,18912.82,14184.615
2025-02-19,ORD021502,CUST03880,P019,Vacuum Cleaner,Home,Jaipur,Store,Credit Card,2,8333.75,0.15,16667.5,14167.38,0,2324.39,2025,2,February,Wednesday,16667.5,14167.375
2025-02-19,ORD017078,CUST04133,P014,Keyboard,Electronics,Surat,Store,Debit Card,5,2414.43,0.0,12072.15,12072.15,0,2761.36,2025,2,February,Wednesday,12072.15,12072.15
2025-02-19,ORD030690,CUST03789,P017,Jeans,Fashion,Pune,Online,Net Banking,3,2935.87,0.0,8807.61,8807.61,0,1485.14,2025,2,February,Wednesday,8807.61,8807.61
2025-02-19,ORD042437,CUST01623,P004,Smartwatch,Electronics,Pune,Online,Credit Card,1,7495.94,0.1,7495.94,6746.35,0,1833.73,2025,2,February,Wednesday,7495.94,6746.346
2025-02-19,ORD000950,CUST02211,P007,Backpack,Accessories,Mumbai,Online,Cash,1,2187.21,0.05,2187.21,2077.85,0,322.39,2025,2,February,Wednesday,2187.21,2077.8495
2025-02-19,ORD049875,CUST01860,P014,Keyboard,Electronics,Delhi,Store,UPI,1,2622.2,0.1,2622.2,2359.98,1,-118.0,2025,2,February,Wednesday,2622.2,2359.98
2025-02-19,ORD021677,CUST03094,P003,Headphones,Electronics,Ahmedabad,Online,Debit Card,2,4533.94,0.25,9067.88,6800.91,0,535.65,2025,2,February,Wednesday,9067.88,6800.91
2025-02-19,ORD016037,CUST03089,P013,Monitor,Electronics,Hyderabad,Online,Debit Card,1,16981.72,0.0,16981.72,16981.72,0,2109.29,2025,2,February,Wednesday,16981.72,16981.72
2025-02-19,ORD030606,CUST04721,P014,Keyboard,Electronics,Chennai,Online,UPI,1,2378.57,0.05,2378.57,2259.64,0,421.68,2025,2,February,Wednesday,2378.57,2259.6415
2025-02-19,ORD019094,CUST00041,P018,Jacket,Fashion,Mumbai,Online,UPI,1,4947.71,0.25,4947.71,3710.78,0,869.46,2025,2,February,Wednesday,4947.71,3710.7825000000003
2025-02-19,ORD006044,CUST02946,P017,Jeans,Fashion,Surat,Store,Cash,1,2674.11,0.1,2674.11,2406.7,0,174.31,2025,2,February,Wednesday,2674.11,2406.699
2025-02-20,ORD028380,CUST04573,P009,T-Shirt,Fashion,Surat,Store,Debit Card,1,1094.08,0.05,1094.08,1039.38,0,214.13,2025,2,February,Thursday,1094.08,1039.376
2025-02-20,ORD016423,CUST01770,P010,Coffee Maker,Home,Bengaluru,Online,Cash,1,5360.3,0.1,5360.3,4824.27,0,703.77,2025,2,February,Thursday,5360.3,4824.27
2025-02-20,ORD041544,CUST03036,P004,Smartwatch,Electronics,Jaipur,Online,Credit Card,2,7166.55,0.05,14333.1,13616.44,0,2509.99,2025,2,February,Thursday,14333.1,13616.445
2025-02-20,ORD005266,CUST01958,P010,Coffee Maker,Home,Hyderabad,Online,UPI,4,5767.44,0.05,23069.76,21916.27,0,2136.12,2025,2,February,Thursday,23069.76,21916.271999999997
2025-02-20,ORD021470,CUST02174,P004,Smartwatch,Electronics,Ahmedabad,Online,Debit Card,2,7490.49,0.1,14980.98,13482.88,0,3297.69,2025,2,February,Thursday,14980.98,13482.882
2025-02-20,ORD015312,CUST00263,P013,Monitor,Electronics,Surat,Online,UPI,1,16205.37,0.15,16205.37,13774.56,0,943.56,2025,2,February,Thursday,16205.37,13774.5645
2025-02-20,ORD011978,CUST03623,P020,Microwave,Home,Delhi,Store,Cash,1,10795.81,0.1,10795.81,9716.23,0,769.4,2025,2,February,Thursday,10795.81,9716.229
2025-02-20,ORD037370,CUST04840,P008,Running Shoes,Fashion,Chennai,Store,UPI,1,3877.62,0.0,3877.62,3877.62,0,1038.76,2025,2,February,Thursday,3877.62,3877.62
2025-02-20,ORD014147,CUST02386,P020,Microwave,Home,Ahmedabad,Online,Credit Card,1,11894.2,0.1,11894.2,10704.78,0,2849.98,2025,2,February,Thursday,11894.2,10704.78
2025-02-20,ORD007237,CUST02775,P006,Desk,Furniture,Surat,Online,Cash,5,11845.77,0.1,59228.85,53305.96,0,12182.91,2025,2,February,Thursday,59228.850000000006,53305.965
2025-02-20,ORD036679,CUST03464,P008,Running Shoes,Fashion,Hyderabad,Online,UPI,1,4313.23,0.0,4313.23,4313.23,0,812.27,2025,2,February,Thursday,4313.23,4313.23
2025-02-20,ORD018731,CUST03122,P001,Laptop,Electronics,Surat,Online,Credit Card,2,65400.69,0.1,130801.38,117721.24,0,25668.72,2025,2,February,Thursday,130801.38,117721.24200000001
2025-02-20,ORD014349,CUST00230,P014,Keyboard,Electronics,Delhi,Online,Cash,2,2378.11,0.25,4756.22,3567.16,0,147.22,2025,2,February,Thursday,4756.22,3567.165
2025-02-20,ORD011094,CUST00799,P015,Dining Table,Furniture,Delhi,Store,Debit Card,2,21841.06,0.2,43682.12,34945.7,0,5955.56,2025,2,February,Thursday,43682.12,34945.696
2025-02-20,ORD002781,CUST00661,P005,Office Chair,Furniture,Ahmedabad,Online,Credit Card,5,10310.5,0.1,51552.5,46397.25,0,9395.02,2025,2,February,Thursday,51552.5,46397.25
2025-02-20,ORD028230,CUST03792,P003,Headphones,Electronics,Pune,Online,Credit Card,2,4608.43,0.0,9216.86,9216.86,0,1256.25,2025,2,February,Thursday,9216.86,9216.86
2025-02-20,ORD006099,CUST01236,P017,Jeans,Fashion,Surat,Store,UPI,3,2545.98,0.15,7637.94,6492.25,0,999.08,2025,2,February,Thursday,7637.9400000000005,6492.249
2025-02-20,ORD022571,CUST04636,P012,Air Fryer,Home,Jaipur,Store,UPI,1,7411.94,0.15,7411.94,6300.15,0,702.16,2025,2,February,Thursday,7411.94,6300.148999999999
2025-02-20,ORD012443,CUST01827,P019,Vacuum Cleaner,Home,Hyderabad,Online,UPI,1,9863.26,0.1,9863.26,8876.93,0,1997.42,2025,2,February,Thursday,9863.26,8876.934000000001
2025-02-20,ORD037869,CUST01330,P007,Backpack,Accessories,Ahmedabad,Online,Credit Card,1,2160.36,0.15,2160.36,1836.31,0,288.91,2025,2,February,Thursday,2160.36,1836.306
2025-02-20,ORD021656,CUST00804,P011,Mixer Grinder,Home,Ahmedabad,Online,Credit Card,1,4671.91,0.1,4671.91,4204.72,0,906.33,2025,2,February,Thursday,4671.91,4204.719
2025-02-20,ORD022170,CUST02146,P020,Microwave,Home,Chennai,Store,Credit Card,4,11263.94,0.05,45055.76,42802.97,0,3161.28,2025,2,February,Thursday,45055.76,42802.972
2025-02-20,ORD041004,CUST01357,P010,Coffee Maker,Home,Chennai,Store,Credit Card,2,5901.54,0.05,11803.08,11212.93,0,1973.14,2025,2,February,Thursday,11803.08,11212.926
2025-02-20,ORD010731,CUST02349,P018,Jacket,Fashion,Kolkata,Online,UPI,1,5245.14,0.15,5245.14,4458.37,0,1081.55,2025,2,February,Thursday,5245.14,4458.369000000001
2025-02-20,ORD031002,CUST04037,P006,Desk,Furniture,Delhi,Online,Credit Card,3,12238.7,0.15,36716.1,31208.69,0,7443.93,2025,2,February,Thursday,36716.100000000006,31208.684999999998
2025-02-20,ORD031692,CUST00265,P016,Sofa,Furniture,Jaipur,Store,Debit Card,1,37601.26,0.0,37601.26,37601.26,0,10690.88,2025,2,February,Thursday,37601.26,37601.26
2025-02-20,ORD031777,CUST04758,P018,Jacket,Fashion,Pune,Online,Cash,1,5049.41,0.2,5049.41,4039.53,0,484.44,2025,2,February,Thursday,5049.41,4039.5280000000002
2025-02-20,ORD028614,CUST03174,P016,Sofa,Furniture,Kolkata,Online,UPI,1,36941.57,0.15,36941.57,31400.33,0,2678.83,2025,2,February,Thursday,36941.57,31400.334499999997
2025-02-20,ORD021686,CUST03347,P015,Dining Table,Furniture,Kolkata,Online,Credit Card,1,23739.65,0.05,23739.65,22552.67,0,3715.07,2025,2,February,Thursday,23739.65,22552.6675
2025-02-20,ORD046303,CUST01469,P018,Jacket,Fashion,Bengaluru,Online,Debit Card,1,4683.03,0.1,4683.03,4214.73,0,710.71,2025,2,February,Thursday,4683.03,4214.727
2025-02-20,ORD009561,CUST02530,P020,Microwave,Home,Bengaluru,Store,Credit Card,1,11670.56,0.1,11670.56,10503.5,0,2372.75,2025,2,February,Thursday,11670.56,10503.503999999999
2025-02-20,ORD018664,CUST02537,P008,Running Shoes,Fashion,Pune,Online,UPI,1,4446.2,0.25,4446.2,3334.65,0,599.56,2025,2,February,Thursday,4446.2,3334.6499999999996
2025-02-20,ORD000735,CUST02224,P001,Laptop,Electronics,Mumbai,Store,Debit Card,1,68579.32,0.2,68579.32,54863.46,0,11290.58,2025,2,February,Thursday,68579.32,54863.456000000006
2025-02-20,ORD044981,CUST01542,P006,Desk,Furniture,Surat,Online,Credit Card,4,13087.97,0.1,52351.88,47116.69,0,12661.84,2025,2,February,Thursday,52351.88,47116.691999999995
2025-02-20,ORD039605,CUST01578,P004,Smartwatch,Electronics,Pune,Store,UPI,1,6574.87,0.1,6574.87,5917.38,0,1372.88,2025,2,February,Thursday,6574.87,5917.383
2025-02-20,ORD028098,CUST00148,P015,Dining Table,Furniture,Kolkata,Online,UPI,1,22336.16,0.0,22336.16,22336.16,0,3726.13,2025,2,February,Thursday,22336.16,22336.16
2025-02-20,ORD043196,CUST01101,P014,Keyboard,Electronics,Ahmedabad,Online,Debit Card,1,2405.29,0.0,2405.29,2405.29,0,585.63,2025,2,February,Thursday,2405.29,2405.29
2025-02-20,ORD042357,CUST00074,P005,Office Chair,Furniture,Chennai,Online,UPI,2,10193.87,0.1,20387.74,18348.97,0,1941.09,2025,2,February,Thursday,20387.74,18348.966
2025-02-20,ORD040698,CUST01686,P003,Headphones,Electronics,Kolkata,Online,UPI,1,4340.25,0.2,4340.25,3472.2,0,208.02,2025,2,February,Thursday,4340.25,3472.2000000000003
2025-02-20,ORD021749,CUST01633,P016,Sofa,Furniture,Jaipur,Online,Cash,1,35705.85,0.2,35705.85,28564.68,0,3346.81,2025,2,February,Thursday,35705.85,28564.68
2025-02-20,ORD007429,CUST04674,P007,Backpack,Accessories,Pune,Online,UPI,1,2225.67,0.0,2225.67,2225.67,0,636.85,2025,2,February,Thursday,2225.67,2225.67
2025-02-20,ORD010793,CUST00041,P012,Air Fryer,Home,Pune,Online,Credit Card,1,6581.48,0.0,6581.48,6581.48,0,663.54,2025,2,February,Thursday,6581.48,6581.48
2025-02-20,ORD000363,CUST01849,P015,Dining Table,Furniture,Pune,Store,Net Banking,4,22005.61,0.1,88022.44,79220.2,0,5361.67,2025,2,February,Thursday,88022.44,79220.19600000001
2025-02-20,ORD006490,CUST04592,P016,Sofa,Furniture,Chennai,Store,Debit Card,3,36860.18,0.0,110580.54,110580.54,0,28788.18,2025,2,February,Thursday,110580.54000000001,110580.54
2025-02-20,ORD045860,CUST01232,P014,Keyboard,Electronics,Surat,Online,Credit Card,1,2557.76,0.15,2557.76,2174.1,0,313.79,2025,2,February,Thursday,2557.76,2174.096
2025-02-20,ORD011970,CUST03672,P007,Backpack,Accessories,Surat,Online,Net Banking,1,2364.26,0.05,2364.26,2246.05,0,331.12,2025,2,February,Thursday,2364.26,2246.047
2025-02-20,ORD001368,CUST00215,P014,Keyboard,Electronics,Surat,Store,UPI,2,2396.09,0.15,4792.18,4073.35,0,699.18,2025,2,February,Thursday,4792.18,4073.353
2025-02-20,ORD044250,CUST04436,P013,Monitor,Electronics,Ahmedabad,Online,UPI,1,18041.4,0.0,18041.4,18041.4,0,2416.65,2025,2,February,Thursday,18041.4,18041.4
2025-02-20,ORD005254,CUST00685,P012,Air Fryer,Home,Mumbai,Store,UPI,1,7265.92,0.05,7265.92,6902.62,0,1611.01,2025,2,February,Thursday,7265.92,6902.624
2025-02-20,ORD008373,CUST00637,P007,Backpack,Accessories,Jaipur,Online,Credit Card,1,2008.02,0.1,2008.02,1807.22,0,127.31,2025,2,February,Thursday,2008.02,1807.218
2025-02-20,ORD003650,CUST01068,P007,Backpack,Accessories,Hyderabad,Store,Credit Card,3,2213.88,0.0,6641.64,6641.64,0,1494.06,2025,2,February,Thursday,6641.64,6641.64
2025-02-20,ORD040586,CUST02931,P020,Microwave,Home,Ahmedabad,Store,UPI,1,9936.01,0.0,9936.01,9936.01,0,1542.77,2025,2,February,Thursday,9936.01,9936.01
2025-02-20,ORD031048,CUST02490,P014,Keyboard,Electronics,Bengaluru,Online,UPI,1,2531.95,0.0,2531.95,2531.95,0,407.02,2025,2,February,Thursday,2531.95,2531.95
2025-02-20,ORD018339,CUST01647,P010,Coffee Maker,Home,Bengaluru,Store,Cash,4,5934.21,0.05,23736.84,22550.0,0,2589.96,2025,2,February,Thursday,23736.84,22549.998
2025-02-20,ORD022431,CUST01529,P006,Desk,Furniture,Bengaluru,Online,Credit Card,1,12574.82,0.1,12574.82,11317.34,0,1979.74,2025,2,February,Thursday,12574.82,11317.338
2025-02-20,ORD049489,CUST00780,P019,Vacuum Cleaner,Home,Surat,Online,Cash,1,8845.05,0.1,8845.05,7960.54,1,-398.03,2025,2,February,Thursday,8845.05,7960.544999999999
2025-02-20,ORD011479,CUST01993,P003,Headphones,Electronics,Delhi,Online,UPI,1,4307.89,0.05,4307.89,4092.5,0,411.62,2025,2,February,Thursday,4307.89,4092.4955
2025-02-20,ORD042640,CUST02924,P020,Microwave,Home,Surat,Online,Net Banking,4,11587.24,0.1,46348.96,41714.06,0,9356.27,2025,2,February,Thursday,46348.96,41714.064
2025-02-20,ORD034391,CUST02502,P019,Vacuum Cleaner,Home,Mumbai,Online,UPI,2,8834.35,0.25,17668.7,13251.53,0,2878.43,2025,2,February,Thursday,17668.7,13251.525000000001
2025-02-20,ORD021766,CUST04304,P003,Headphones,Electronics,Bengaluru,Online,UPI,1,4377.76,0.0,4377.76,4377.76,0,1012.59,2025,2,February,Thursday,4377.76,4377.76
2025-02-20,ORD041333,CUST03576,P001,Laptop,Electronics,Ahmedabad,Store,UPI,1,68605.64,0.05,68605.64,65175.36,0,14698.68,2025,2,February,Thursday,68605.64,65175.35799999999
2025-02-20,ORD015179,CUST02804,P006,Desk,Furniture,Mumbai,Online,UPI,3,11167.8,0.15,33503.4,28477.89,0,2186.58,2025,2,February,Thursday,33503.399999999994,28477.89
2025-02-20,ORD040735,CUST03898,P015,Dining Table,Furniture,Bengaluru,Online,Net Banking,1,23098.2,0.05,23098.2,21943.29,0,2663.05,2025,2,February,Thursday,23098.2,21943.29
2025-02-21,ORD046827,CUST02406,P018,Jacket,Fashion,Kolkata,Online,Credit Card,2,4829.02,0.1,9658.04,8692.24,0,1334.08,2025,2,February,Friday,9658.04,8692.236
2025-02-21,ORD007949,CUST00817,P008,Running Shoes,Fashion,Hyderabad,Online,Cash,1,4321.83,0.05,4321.83,4105.74,0,828.53,2025,2,February,Friday,4321.83,4105.7384999999995
2025-02-21,ORD030695,CUST00797,P012,Air Fryer,Home,Ahmedabad,Online,Debit Card,1,6570.58,0.2,6570.58,5256.46,0,906.69,2025,2,February,Friday,6570.58,5256.464
2025-02-21,ORD010135,CUST01638,P005,Office Chair,Furniture,Ahmedabad,Online,UPI,2,8594.02,0.0,17188.04,17188.04,0,2701.28,2025,2,February,Friday,17188.04,17188.04
2025-02-21,ORD019092,CUST00560,P015,Dining Table,Furniture,Chennai,Online,UPI,1,20516.28,0.05,20516.28,19490.47,0,5222.68,2025,2,February,Friday,20516.28,19490.465999999997
2025-02-21,ORD048746,CUST02240,P018,Jacket,Fashion,Chennai,Store,Net Banking,1,4981.05,0.0,4981.05,4981.05,0,1009.89,2025,2,February,Friday,4981.05,4981.05
2025-02-21,ORD040641,CUST04742,P002,Smartphone,Electronics,Delhi,Store,Credit Card,2,25375.64,0.05,50751.28,48213.72,0,6994.11,2025,2,February,Friday,50751.28,48213.71599999999
2025-02-21,ORD042072,CUST01402,P016,Sofa,Furniture,Surat,Online,Credit Card,1,31982.47,0.05,31982.47,30383.35,0,3103.09,2025,2,February,Friday,31982.47,30383.3465
2025-02-21,ORD008058,CUST00415,P004,Smartwatch,Electronics,Pune,Online,Debit Card,2,6918.34,0.0,13836.68,13836.68,0,1886.13,2025,2,February,Friday,13836.68,13836.68
2025-02-21,ORD049357,CUST02851,P011,Mixer Grinder,Home,Surat,Online,Credit Card,1,4592.39,0.05,4592.39,4362.77,0,445.31,2025,2,February,Friday,4592.39,4362.7705000000005
2025-02-21,ORD031175,CUST04189,P015,Dining Table,Furniture,Ahmedabad,Online,UPI,2,23878.46,0.05,47756.92,45369.07,0,4971.02,2025,2,February,Friday,47756.92,45369.07399999999
2025-02-21,ORD048142,CUST03504,P003,Headphones,Electronics,Kolkata,Online,UPI,4,4904.95,0.05,19619.8,18638.81,0,3454.43,2025,2,February,Friday,19619.8,18638.809999999998
2025-02-21,ORD047122,CUST02953,P016,Sofa,Furniture,Mumbai,Store,Cash,1,33743.3,0.0,33743.3,33743.3,1,-1687.17,2025,2,February,Friday,33743.3,33743.3
2025-02-21,ORD000698,CUST03970,P015,Dining Table,Furniture,Surat,Online,UPI,2,20376.46,0.15,40752.92,34639.98,0,1993.38,2025,2,February,Friday,40752.92,34639.981999999996
2025-02-21,ORD039323,CUST02016,P006,Desk,Furniture,Hyderabad,Store,UPI,1,10919.0,0.2,10919.0,8735.2,0,428.52,2025,2,February,Friday,10919.0,8735.2
2025-02-21,ORD019009,CUST00941,P018,Jacket,Fashion,Chennai,Online,Credit Card,1,5076.24,0.0,5076.24,5076.24,0,932.06,2025,2,February,Friday,5076.24,5076.24
2025-02-21,ORD029041,CUST02622,P017,Jeans,Fashion,Chennai,Online,UPI,2,2948.49,0.0,5896.98,5896.98,0,893.24,2025,2,February,Friday,5896.98,5896.98
2025-02-21,ORD011773,CUST01209,P020,Microwave,Home,Mumbai,Online,Net Banking,1,11087.25,0.05,11087.25,10532.89,0,815.37,2025,2,February,Friday,11087.25,10532.887499999999
2025-02-21,ORD022184,CUST03964,P018,Jacket,Fashion,Jaipur,Store,UPI,1,5177.55,0.1,5177.55,4659.8,0,706.32,2025,2,February,Friday,5177.55,4659.795
2025-02-21,ORD040955,CUST01419,P013,Monitor,Electronics,Jaipur,Store,Debit Card,1,16825.35,0.05,16825.35,15984.08,0,2246.78,2025,2,February,Friday,16825.35,15984.082499999999
2025-02-21,ORD024877,CUST00595,P004,Smartwatch,Electronics,Mumbai,Online,UPI,2,7525.5,0.25,15051.0,11288.25,0,477.49,2025,2,February,Friday,15051.0,11288.25
2025-02-21,ORD037904,CUST04516,P010,Coffee Maker,Home,Delhi,Store,Credit Card,1,5314.73,0.15,5314.73,4517.52,0,1003.31,2025,2,February,Friday,5314.73,4517.5205
2025-02-21,ORD014931,CUST01364,P010,Coffee Maker,Home,Hyderabad,Store,Net Banking,3,5886.52,0.0,17659.56,17659.56,0,1649.43,2025,2,February,Friday,17659.56,17659.56
2025-02-21,ORD003177,CUST02634,P013,Monitor,Electronics,Pune,Online,Credit Card,3,18701.01,0.0,56103.03,56103.03,0,7121.55,2025,2,February,Friday,56103.03,56103.03
2025-02-21,ORD048773,CUST00790,P004,Smartwatch,Electronics,Mumbai,Online,Debit Card,1,6906.99,0.2,6906.99,5525.59,0,1364.26,2025,2,February,Friday,6906.99,5525.592000000001
2025-02-21,ORD044658,CUST02162,P015,Dining Table,Furniture,Surat,Store,UPI,1,20316.88,0.1,20316.88,18285.19,0,2047.63,2025,2,February,Friday,20316.88,18285.192000000003
2025-02-21,ORD044659,CUST03482,P009,T-Shirt,Fashion,Chennai,Store,UPI,1,1220.83,0.0,1220.83,1220.83,0,146.64,2025,2,February,Friday,1220.83,1220.83
2025-02-21,ORD014719,CUST02884,P014,Keyboard,Electronics,Bengaluru,Store,Credit Card,1,2471.11,0.15,2471.11,2100.44,0,418.31,2025,2,February,Friday,2471.11,2100.4435
2025-02-21,ORD041966,CUST01732,P019,Vacuum Cleaner,Home,Surat,Store,UPI,1,8224.75,0.0,8224.75,8224.75,0,2099.89,2025,2,February,Friday,8224.75,8224.75
2025-02-21,ORD046533,CUST03782,P010,Coffee Maker,Home,Chennai,Store,UPI,2,5153.21,0.1,10306.42,9275.78,0,837.73,2025,2,February,Friday,10306.42,9275.778
2025-02-21,ORD035512,CUST03349,P011,Mixer Grinder,Home,Ahmedabad,Store,UPI,1,4884.05,0.1,4884.05,4395.65,0,837.76,2025,2,February,Friday,4884.05,4395.645
2025-02-21,ORD025594,CUST00956,P004,Smartwatch,Electronics,Delhi,Online,Cash,2,6382.09,0.15,12764.18,10849.55,0,2890.1,2025,2,February,Friday,12764.18,10849.553
2025-02-21,ORD043781,CUST04997,P015,Dining Table,Furniture,Kolkata,Online,Cash,5,23475.59,0.0,117377.95,117377.95,0,16272.97,2025,2,February,Friday,117377.95,117377.95
2025-02-21,ORD040604,CUST04327,P018,Jacket,Fashion,Ahmedabad,Online,Cash,2,5591.12,0.1,11182.24,10064.02,0,2117.1,2025,2,February,Friday,11182.24,10064.016
2025-02-21,ORD017447,CUST04141,P018,Jacket,Fashion,Hyderabad,Store,UPI,1,4818.64,0.05,4818.64,4577.71,0,381.82,2025,2,February,Friday,4818.64,4577.7080000000005
2025-02-21,ORD031414,CUST03456,P003,Headphones,Electronics,Delhi,Online,UPI,1,4225.44,0.0,4225.44,4225.44,0,1070.55,2025,2,February,Friday,4225.44,4225.44
2025-02-21,ORD034840,CUST02678,P004,Smartwatch,Electronics,Hyderabad,Online,Credit Card,4,6545.75,0.05,26183.0,24873.85,0,6520.03,2025,2,February,Friday,26183.0,24873.85
2025-02-21,ORD033110,CUST01400,P010,Coffee Maker,Home,Mumbai,Online,Net Banking,5,5132.46,0.0,25662.3,25662.3,0,2411.44,2025,2,February,Friday,25662.3,25662.3
2025-02-21,ORD003213,CUST00817,P013,Monitor,Electronics,Hyderabad,Store,UPI,2,19313.8,0.0,38627.6,38627.6,0,6277.39,2025,2,February,Friday,38627.6,38627.6
2025-02-21,ORD046331,CUST03864,P006,Desk,Furniture,Jaipur,Online,Cash,1,12109.47,0.1,12109.47,10898.52,0,2447.56,2025,2,February,Friday,12109.47,10898.523
2025-02-21,ORD036730,CUST00788,P009,T-Shirt,Fashion,Chennai,Online,Debit Card,1,1241.87,0.05,1241.87,1179.78,0,201.29,2025,2,February,Friday,1241.87,1179.7765
2025-02-21,ORD021960,CUST04295,P009,T-Shirt,Fashion,Chennai,Store,UPI,1,1102.87,0.05,1102.87,1047.73,0,250.45,2025,2,February,Friday,1102.87,1047.7264999999998
2025-02-21,ORD007956,CUST00970,P012,Air Fryer,Home,Chennai,Online,UPI,1,7337.4,0.1,7337.4,6603.66,0,997.94,2025,2,February,Friday,7337.4,6603.66
2025-02-21,ORD010257,CUST02689,P020,Microwave,Home,Chennai,Store,UPI,1,10599.27,0.1,10599.27,9539.34,0,2015.12,2025,2,February,Friday,10599.27,9539.343
2025-02-21,ORD025423,CUST02765,P013,Monitor,Electronics,Kolkata,Store,UPI,1,17586.37,0.05,17586.37,16707.05,0,1724.91,2025,2,February,Friday,17586.37,16707.051499999998
2025-02-21,ORD013808,CUST04739,P020,Microwave,Home,Jaipur,Online,UPI,1,11645.41,0.25,11645.41,8734.06,0,989.98,2025,2,February,Friday,11645.41,8734.057499999999
2025-02-21,ORD015863,CUST02305,P011,Mixer Grinder,Home,Chennai,Store,Credit Card,3,5240.47,0.1,15721.41,14149.27,0,921.19,2025,2,February,Friday,15721.41,14149.269
2025-02-21,ORD031915,CUST01614,P015,Dining Table,Furniture,Kolkata,Online,Debit Card,1,20969.36,0.15,20969.36,17823.96,0,1808.87,2025,2,February,Friday,20969.36,17823.956
2025-02-21,ORD025846,CUST04950,P009,T-Shirt,Fashion,Bengaluru,Online,Net Banking,1,1299.45,0.2,1299.45,1039.56,0,69.53,2025,2,February,Friday,1299.45,1039.5600000000002
2025-02-21,ORD048381,CUST00089,P013,Monitor,Electronics,Kolkata,Online,Debit Card,1,17713.67,0.0,17713.67,17713.67,0,3545.32,2025,2,February,Friday,17713.67,17713.67
2025-02-21,ORD011865,CUST01735,P019,Vacuum Cleaner,Home,Pune,Online,Credit Card,1,9048.34,0.15,9048.34,7691.09,0,443.02,2025,2,February,Friday,9048.34,7691.089
2025-02-21,ORD016012,CUST01751,P017,Jeans,Fashion,Hyderabad,Online,UPI,2,2703.24,0.1,5406.48,4865.83,0,1257.32,2025,2,February,Friday,5406.48,4865.831999999999
2025-02-21,ORD038598,CUST02910,P016,Sofa,Furniture,Ahmedabad,Store,Net Banking,1,32125.01,0.05,32125.01,30518.76,0,3151.17,2025,2,February,Friday,32125.01,30518.759499999996
2025-02-21,ORD002613,CUST01472,P020,Microwave,Home,Pune,Store,Debit Card,3,10401.38,0.15,31204.14,26523.52,0,6708.53,2025,2,February,Friday,31204.14,26523.519
2025-02-21,ORD019792,CUST04634,P007,Backpack,Accessories,Hyderabad,Online,Debit Card,3,2119.8,0.25,6359.4,4769.55,0,321.43,2025,2,February,Friday,6359.400000000001,4769.549999999999
2025-02-21,ORD020218,CUST04642,P010,Coffee Maker,Home,Jaipur,Store,UPI,2,5844.58,0.1,11689.16,10520.24,0,818.0,2025,2,February,Friday,11689.16,10520.244
2025-02-21,ORD008947,CUST01460,P018,Jacket,Fashion,Pune,Store,Credit Card,2,5158.98,0.1,10317.96,9286.16,0,1371.67,2025,2,February,Friday,10317.96,9286.163999999999
2025-02-21,ORD001151,CUST03034,P002,Smartphone,Electronics,Jaipur,Store,UPI,1,28654.55,0.05,28654.55,27221.82,0,3212.7,2025,2,February,Friday,28654.55,27221.8225
2025-02-22,ORD036628,CUST03579,P017,Jeans,Fashion,Hyderabad,Online,Credit Card,1,2872.96,0.0,2872.96,2872.96,0,458.32,2025,2,February,Saturday,2872.96,2872.96
2025-02-22,ORD001952,CUST00677,P012,Air Fryer,Home,Delhi,Store,UPI,1,7353.88,0.0,7353.88,7353.88,0,1800.1,2025,2,February,Saturday,7353.88,7353.88
2025-02-22,ORD029762,CUST02915,P019,Vacuum Cleaner,Home,Jaipur,Store,Net Banking,1,9156.79,0.1,9156.79,8241.11,0,1941.87,2025,2,February,Saturday,9156.79,8241.111
2025-02-22,ORD044670,CUST01913,P020,Microwave,Home,Bengaluru,Store,Credit Card,1,10226.6,0.0,10226.6,10226.6,0,1599.02,2025,2,February,Saturday,10226.6,10226.6
2025-02-22,ORD026370,CUST01774,P020,Microwave,Home,Mumbai,Online,UPI,1,10625.46,0.2,10625.46,8500.37,0,2061.45,2025,2,February,Saturday,10625.46,8500.368
2025-02-22,ORD001397,CUST03544,P004,Smartwatch,Electronics,Chennai,Store,Cash,1,6786.03,0.2,6786.03,5428.82,0,734.76,2025,2,February,Saturday,6786.03,5428.8240000000005
2025-02-22,ORD005338,CUST01946,P007,Backpack,Accessories,Jaipur,Online,UPI,4,2325.85,0.25,9303.4,6977.55,0,819.96,2025,2,February,Saturday,9303.4,6977.549999999999
2025-02-22,ORD005156,CUST00964,P020,Microwave,Home,Jaipur,Online,UPI,1,11032.16,0.05,11032.16,10480.55,0,2226.98,2025,2,February,Saturday,11032.16,10480.552
2025-02-22,ORD013688,CUST01486,P014,Keyboard,Electronics,Ahmedabad,Online,Credit Card,1,2327.45,0.15,2327.45,1978.33,0,123.37,2025,2,February,Saturday,2327.45,1978.3324999999998
2025-02-22,ORD010208,CUST04150,P005,Office Chair,Furniture,Delhi,Store,Debit Card,1,9871.44,0.0,9871.44,9871.44,0,2034.87,2025,2,February,Saturday,9871.44,9871.44
2025-02-22,ORD013533,CUST02883,P007,Backpack,Accessories,Delhi,Online,UPI,1,2399.78,0.05,2399.78,2279.79,0,566.37,2025,2,February,Saturday,2399.78,2279.791
2025-02-22,ORD032896,CUST04519,P009,T-Shirt,Fashion,Kolkata,Online,Cash,2,1236.72,0.05,2473.44,2349.77,0,252.93,2025,2,February,Saturday,2473.44,2349.768
2025-02-22,ORD013791,CUST01112,P003,Headphones,Electronics,Mumbai,Store,UPI,1,4914.24,0.1,4914.24,4422.82,0,1160.28,2025,2,February,Saturday,4914.24,4422.816
2025-02-22,ORD044745,CUST02217,P005,Office Chair,Furniture,Chennai,Store,UPI,1,8672.54,0.1,8672.54,7805.29,0,529.66,2025,2,February,Saturday,8672.54,7805.286000000001
2025-02-22,ORD018289,CUST01668,P002,Smartphone,Electronics,Delhi,Online,Debit Card,1,26806.63,0.05,26806.63,25466.3,0,5023.3,2025,2,February,Saturday,26806.63,25466.2985
2025-02-22,ORD010799,CUST03397,P006,Desk,Furniture,Bengaluru,Online,Cash,2,12776.02,0.1,25552.04,22996.84,0,5811.51,2025,2,February,Saturday,25552.04,22996.836000000003
2025-02-22,ORD008596,CUST03224,P007,Backpack,Accessories,Chennai,Store,Cash,1,2080.73,0.15,2080.73,1768.62,0,440.92,2025,2,February,Saturday,2080.73,1768.6205
2025-02-22,ORD015595,CUST01140,P019,Vacuum Cleaner,Home,Delhi,Online,Credit Card,1,8526.18,0.1,8526.18,7673.56,0,1065.83,2025,2,February,Saturday,8526.18,7673.562000000001
2025-02-22,ORD013395,CUST02256,P014,Keyboard,Electronics,Pune,Store,UPI,3,2475.2,0.05,7425.6,7054.32,0,1342.38,2025,2,February,Saturday,7425.599999999999,7054.32
2025-02-22,ORD045145,CUST02861,P012,Air Fryer,Home,Jaipur,Online,Debit Card,3,7202.77,0.1,21608.31,19447.48,0,4160.02,2025,2,February,Saturday,21608.31,19447.479000000003
2025-02-22,ORD006186,CUST04260,P014,Keyboard,Electronics,Kolkata,Online,Credit Card,1,2726.51,0.15,2726.51,2317.53,0,522.43,2025,2,February,Saturday,2726.51,2317.5335
2025-02-22,ORD043902,CUST03364,P001,Laptop,Electronics,Ahmedabad,Online,Debit Card,1,68263.26,0.05,68263.26,64850.1,0,15673.05,2025,2,February,Saturday,68263.26,64850.096999999994
2025-02-22,ORD011892,CUST01440,P008,Running Shoes,Fashion,Jaipur,Store,UPI,1,4531.93,0.05,4531.93,4305.33,0,931.12,2025,2,February,Saturday,4531.93,4305.3335
2025-02-22,ORD025803,CUST01001,P020,Microwave,Home,Chennai,Store,UPI,2,11916.0,0.15,23832.0,20257.2,0,1014.97,2025,2,February,Saturday,23832.0,20257.2
2025-02-22,ORD026385,CUST03020,P017,Jeans,Fashion,Surat,Online,UPI,2,2546.94,0.2,5093.88,4075.1,0,171.47,2025,2,February,Saturday,5093.88,4075.1040000000003
2025-02-22,ORD025899,CUST01769,P001,Laptop,Electronics,Jaipur,Online,Credit Card,1,63523.0,0.15,63523.0,53994.55,0,10552.46,2025,2,February,Saturday,63523.0,53994.549999999996
2025-02-22,ORD033664,CUST03543,P003,Headphones,Electronics,Chennai,Store,Credit Card,2,4215.3,0.1,8430.6,7587.54,1,-379.38,2025,2,February,Saturday,8430.6,7587.540000000001
2025-02-22,ORD002906,CUST00723,P002,Smartphone,Electronics,Pune,Store,Cash,1,29071.52,0.1,29071.52,26164.37,0,5303.52,2025,2,February,Saturday,29071.52,26164.368000000002
2025-02-22,ORD049676,CUST02756,P007,Backpack,Accessories,Pune,Online,Net Banking,1,2231.58,0.1,2231.58,2008.42,0,469.01,2025,2,February,Saturday,2231.58,2008.422
2025-02-22,ORD043404,CUST00652,P019,Vacuum Cleaner,Home,Mumbai,Store,UPI,4,8361.81,0.05,33447.24,31774.88,0,4048.42,2025,2,February,Saturday,33447.24,31774.877999999997
2025-02-22,ORD019191,CUST01200,P014,Keyboard,Electronics,Mumbai,Online,UPI,1,2547.71,0.1,2547.71,2292.94,0,605.04,2025,2,February,Saturday,2547.71,2292.9390000000003
2025-02-22,ORD033407,CUST03812,P012,Air Fryer,Home,Surat,Online,Net Banking,2,7836.85,0.2,15673.7,12538.96,0,1611.87,2025,2,February,Saturday,15673.7,12538.960000000001
2025-02-22,ORD039901,CUST01899,P008,Running Shoes,Fashion,Pune,Online,UPI,1,4156.36,0.1,4156.36,3740.72,0,432.41,2025,2,February,Saturday,4156.36,3740.7239999999997
2025-02-22,ORD025699,CUST01862,P020,Microwave,Home,Chennai,Online,Credit Card,2,11248.88,0.0,22497.76,22497.76,0,3684.8,2025,2,February,Saturday,22497.76,22497.76
2025-02-22,ORD001092,CUST02734,P015,Dining Table,Furniture,Kolkata,Online,Debit Card,1,21004.91,0.05,21004.91,19954.66,0,4992.98,2025,2,February,Saturday,21004.91,19954.6645
2025-02-22,ORD024128,CUST02340,P008,Running Shoes,Fashion,Surat,Online,UPI,4,4123.29,0.05,16493.16,15668.5,0,4115.79,2025,2,February,Saturday,16493.16,15668.501999999999
2025-02-22,ORD042617,CUST02669,P001,Laptop,Electronics,Surat,Store,UPI,1,62803.78,0.25,62803.78,47102.84,0,9886.16,2025,2,February,Saturday,62803.78,47102.835
2025-02-22,ORD046197,CUST01560,P013,Monitor,Electronics,Surat,Store,Cash,1,17769.57,0.15,17769.57,15104.13,0,1258.42,2025,2,February,Saturday,17769.57,15104.1345
2025-02-22,ORD020612,CUST01804,P002,Smartphone,Electronics,Chennai,Online,UPI,1,28274.15,0.1,28274.15,25446.74,0,7106.35,2025,2,February,Saturday,28274.15,25446.735
2025-02-22,ORD047441,CUST03971,P018,Jacket,Fashion,Bengaluru,Online,UPI,2,5667.26,0.05,11334.52,10767.79,0,2331.06,2025,2,February,Saturday,11334.52,10767.794
2025-02-22,ORD000295,CUST02536,P015,Dining Table,Furniture,Surat,Online,Cash,1,23788.92,0.05,23788.92,22599.47,0,5470.83,2025,2,February,Saturday,23788.92,22599.474
2025-02-22,ORD011080,CUST03466,P018,Jacket,Fashion,Mumbai,Store,Net Banking,1,5011.94,0.0,5011.94,5011.94,0,794.7,2025,2,February,Saturday,5011.94,5011.94
2025-02-22,ORD001049,CUST02126,P011,Mixer Grinder,Home,Chennai,Online,Credit Card,2,4523.69,0.05,9047.38,8595.01,0,2366.12,2025,2,February,Saturday,9047.38,8595.010999999999
2025-02-22,ORD032065,CUST01190,P020,Microwave,Home,Pune,Store,Credit Card,1,9910.71,0.0,9910.71,9910.71,0,1174.8,2025,2,February,Saturday,9910.71,9910.71
2025-02-22,ORD045934,CUST03083,P001,Laptop,Electronics,Pune,Online,Credit Card,4,65252.11,0.1,261008.44,234907.6,0,35255.5,2025,2,February,Saturday,261008.44,234907.59600000002
2025-02-22,ORD003291,CUST02816,P019,Vacuum Cleaner,Home,Pune,Store,Debit Card,2,8750.21,0.05,17500.42,16625.4,0,2449.69,2025,2,February,Saturday,17500.42,16625.398999999998
2025-02-22,ORD033800,CUST03331,P006,Desk,Furniture,Chennai,Online,Credit Card,1,11728.26,0.0,11728.26,11728.26,0,1823.92,2025,2,February,Saturday,11728.26,11728.26
2025-02-22,ORD001219,CUST03782,P003,Headphones,Electronics,Ahmedabad,Store,UPI,1,4870.58,0.05,4870.58,4627.05,0,388.96,2025,2,February,Saturday,4870.58,4627.0509999999995
2025-02-22,ORD034440,CUST00207,P013,Monitor,Electronics,Hyderabad,Online,UPI,1,16674.08,0.25,16674.08,12505.56,0,2910.74,2025,2,February,Saturday,16674.08,12505.560000000001
2025-02-22,ORD039983,CUST03708,P017,Jeans,Fashion,Hyderabad,Online,UPI,1,2621.35,0.05,2621.35,2490.28,1,-124.51,2025,2,February,Saturday,2621.35,2490.2825
2025-02-22,ORD042986,CUST01923,P016,Sofa,Furniture,Ahmedabad,Online,Credit Card,1,32523.4,0.1,32523.4,29271.06,0,5647.24,2025,2,February,Saturday,32523.4,29271.06
2025-02-22,ORD040660,CUST03983,P008,Running Shoes,Fashion,Jaipur,Store,UPI,1,3788.92,0.1,3788.92,3410.03,0,206.0,2025,2,February,Saturday,3788.92,3410.0280000000002
2025-02-22,ORD015790,CUST02365,P002,Smartphone,Electronics,Pune,Store,UPI,1,29122.54,0.1,29122.54,26210.29,0,7034.54,2025,2,February,Saturday,29122.54,26210.286
2025-02-22,ORD041010,CUST03238,P014,Keyboard,Electronics,Ahmedabad,Store,UPI,1,2514.33,0.2,2514.33,2011.46,0,353.99,2025,2,February,Saturday,2514.33,2011.464
2025-02-22,ORD000987,CUST02398,P016,Sofa,Furniture,Ahmedabad,Online,Debit Card,1,36227.83,0.1,36227.83,32605.05,0,2527.58,2025,2,February,Saturday,36227.83,32605.047000000002
2025-02-22,ORD009487,CUST04732,P004,Smartwatch,Electronics,Mumbai,Online,Debit Card,1,7188.19,0.0,7188.19,7188.19,0,638.05,2025,2,February,Saturday,7188.19,7188.19
2025-02-22,ORD023403,CUST00332,P020,Microwave,Home,Hyderabad,Store,UPI,2,11355.11,0.05,22710.22,21574.71,0,4960.01,2025,2,February,Saturday,22710.22,21574.709
2025-02-22,ORD043195,CUST02610,P002,Smartphone,Electronics,Bengaluru,Store,Net Banking,1,29066.39,0.25,29066.39,21799.79,0,2636.93,2025,2,February,Saturday,29066.39,21799.7925
2025-02-22,ORD006730,CUST00431,P011,Mixer Grinder,Home,Bengaluru,Online,UPI,1,4427.0,0.1,4427.0,3984.3,0,660.61,2025,2,February,Saturday,4427.0,3984.3
2025-02-22,ORD018609,CUST03620,P002,Smartphone,Electronics,Mumbai,Online,Credit Card,1,27650.49,0.1,27650.49,24885.44,0,1880.74,2025,2,February,Saturday,27650.49,24885.441000000003
2025-02-22,ORD019147,CUST00719,P011,Mixer Grinder,Home,Mumbai,Online,Credit Card,1,4512.54,0.1,4512.54,4061.29,0,896.51,2025,2,February,Saturday,4512.54,4061.286
2025-02-22,ORD031576,CUST04741,P014,Keyboard,Electronics,Chennai,Online,Credit Card,1,2689.72,0.2,2689.72,2151.78,0,218.71,2025,2,February,Saturday,2689.72,2151.776
2025-02-22,ORD033467,CUST02485,P005,Office Chair,Furniture,Hyderabad,Online,Net Banking,1,9376.24,0.15,9376.24,7969.8,1,-398.49,2025,2,February,Saturday,9376.24,7969.803999999999
2025-02-22,ORD006608,CUST01105,P005,Office Chair,Furniture,Delhi,Online,UPI,1,9307.08,0.1,9307.08,8376.37,0,640.93,2025,2,February,Saturday,9307.08,8376.372
2025-02-22,ORD023947,CUST00504,P006,Desk,Furniture,Pune,Store,UPI,1,11823.33,0.2,11823.33,9458.66,0,2325.53,2025,2,February,Saturday,11823.33,9458.664
2025-02-22,ORD020454,CUST04394,P018,Jacket,Fashion,Ahmedabad,Store,Credit Card,1,4817.09,0.2,4817.09,3853.67,0,783.06,2025,2,February,Saturday,4817.09,3853.6720000000005
2025-02-22,ORD045900,CUST01478,P013,Monitor,Electronics,Pune,Online,Credit Card,1,18298.2,0.05,18298.2,17383.29,0,2190.95,2025,2,February,Saturday,18298.2,17383.29
2025-02-22,ORD019337,CUST02857,P011,Mixer Grinder,Home,Delhi,Store,Net Banking,1,4845.96,0.1,4845.96,4361.36,1,-218.07,2025,2,February,Saturday,4845.96,4361.3640000000005
2025-02-22,ORD000071,CUST03678,P001,Laptop,Electronics,Ahmedabad,Store,Debit Card,1,60017.05,0.0,60017.05,60017.05,0,12804.18,2025,2,February,Saturday,60017.05,60017.05
2025-02-23,ORD022465,CUST03069,P018,Jacket,Fashion,Jaipur,Online,Debit Card,4,5183.64,0.05,20734.56,19697.83,0,3211.43,2025,2,February,Sunday,20734.56,19697.832
2025-02-23,ORD010927,CUST02320,P014,Keyboard,Electronics,Jaipur,Online,UPI,4,2610.37,0.25,10441.48,7831.11,0,415.07,2025,2,February,Sunday,10441.48,7831.11
2025-02-23,ORD004435,CUST03330,P009,T-Shirt,Fashion,Kolkata,Online,Credit Card,2,1245.92,0.1,2491.84,2242.66,0,516.01,2025,2,February,Sunday,2491.84,2242.6560000000004
2025-02-23,ORD016276,CUST02376,P015,Dining Table,Furniture,Bengaluru,Online,UPI,2,22533.78,0.1,45067.56,40560.8,0,8628.48,2025,2,February,Sunday,45067.56,40560.804
2025-02-23,ORD037288,CUST02226,P007,Backpack,Accessories,Surat,Online,Debit Card,5,2213.98,0.25,11069.9,8302.42,0,2024.14,2025,2,February,Sunday,11069.9,8302.425
2025-02-23,ORD009131,CUST02468,P012,Air Fryer,Home,Surat,Online,UPI,4,7677.2,0.15,30708.8,26102.48,0,1785.59,2025,2,February,Sunday,30708.8,26102.48
2025-02-23,ORD043880,CUST02805,P018,Jacket,Fashion,Surat,Store,UPI,1,5277.0,0.2,5277.0,4221.6,0,430.13,2025,2,February,Sunday,5277.0,4221.6
2025-02-23,ORD032545,CUST04133,P001,Laptop,Electronics,Surat,Online,Net Banking,4,61042.61,0.1,244170.44,219753.4,0,23814.09,2025,2,February,Sunday,244170.44,219753.396
2025-02-23,ORD008933,CUST04438,P018,Jacket,Fashion,Bengaluru,Online,Credit Card,1,4866.36,0.05,4866.36,4623.04,0,642.2,2025,2,February,Sunday,4866.36,4623.0419999999995
2025-02-23,ORD048430,CUST03297,P007,Backpack,Accessories,Jaipur,Online,UPI,2,2354.73,0.0,4709.46,4709.46,0,405.92,2025,2,February,Sunday,4709.46,4709.46
2025-02-23,ORD019611,CUST02090,P020,Microwave,Home,Ahmedabad,Store,Credit Card,3,11770.49,0.15,35311.47,30014.75,0,7450.11,2025,2,February,Sunday,35311.47,30014.7495
2025-02-23,ORD018226,CUST00645,P016,Sofa,Furniture,Ahmedabad,Store,UPI,4,31992.77,0.1,127971.08,115173.97,0,13921.61,2025,2,February,Sunday,127971.08,115173.97200000001
2025-02-23,ORD024689,CUST02891,P016,Sofa,Furniture,Kolkata,Store,Credit Card,1,35150.48,0.25,35150.48,26362.86,0,4801.54,2025,2,February,Sunday,35150.48,26362.86
2025-02-23,ORD000172,CUST04220,P001,Laptop,Electronics,Hyderabad,Online,UPI,1,69081.61,0.25,69081.61,51811.21,0,5045.16,2025,2,February,Sunday,69081.61,51811.207500000004
2025-02-23,ORD031899,CUST02783,P007,Backpack,Accessories,Delhi,Store,UPI,4,2116.78,0.15,8467.12,7197.05,0,604.86,2025,2,February,Sunday,8467.12,7197.052000000001
2025-02-23,ORD004535,CUST02309,P009,T-Shirt,Fashion,Ahmedabad,Online,UPI,3,1177.82,0.1,3533.46,3180.11,0,328.71,2025,2,February,Sunday,3533.46,3180.114
2025-02-23,ORD001838,CUST04669,P014,Keyboard,Electronics,Kolkata,Online,UPI,1,2283.0,0.0,2283.0,2283.0,0,559.21,2025,2,February,Sunday,2283.0,2283.0
2025-02-23,ORD043915,CUST01661,P012,Air Fryer,Home,Surat,Online,Credit Card,2,7583.81,0.1,15167.62,13650.86,0,3520.02,2025,2,February,Sunday,15167.62,13650.858
2025-02-23,ORD011763,CUST03319,P004,Smartwatch,Electronics,Hyderabad,Online,Credit Card,1,7599.69,0.0,7599.69,7599.69,0,926.23,2025,2,February,Sunday,7599.69,7599.69
2025-02-23,ORD025732,CUST02889,P008,Running Shoes,Fashion,Ahmedabad,Store,Credit Card,1,3957.74,0.15,3957.74,3364.08,0,645.04,2025,2,February,Sunday,3957.74,3364.0789999999997
2025-02-23,ORD032747,CUST04007,P002,Smartphone,Electronics,Pune,Online,Credit Card,3,25670.27,0.1,77010.81,69309.73,0,18219.74,2025,2,February,Sunday,77010.81,69309.729
2025-02-23,ORD019211,CUST03123,P015,Dining Table,Furniture,Bengaluru,Online,Credit Card,1,23757.43,0.05,23757.43,22569.56,0,2104.95,2025,2,February,Sunday,23757.43,22569.5585
2025-02-23,ORD011342,CUST02897,P013,Monitor,Electronics,Chennai,Store,UPI,3,19059.82,0.0,57179.46,57179.46,0,14729.49,2025,2,February,Sunday,57179.46,57179.46
2025-02-23,ORD032166,CUST03095,P007,Backpack,Accessories,Bengaluru,Online,Credit Card,2,2360.27,0.05,4720.54,4484.51,0,458.03,2025,2,February,Sunday,4720.54,4484.513
2025-02-23,ORD020872,CUST03783,P020,Microwave,Home,Mumbai,Store,UPI,1,10863.85,0.0,10863.85,10863.85,0,1430.99,2025,2,February,Sunday,10863.85,10863.85
2025-02-23,ORD041389,CUST03114,P009,T-Shirt,Fashion,Bengaluru,Online,Debit Card,2,1244.28,0.25,2488.56,1866.42,0,426.85,2025,2,February,Sunday,2488.56,1866.42
2025-02-23,ORD001405,CUST00304,P010,Coffee Maker,Home,Mumbai,Online,Net Banking,1,5424.78,0.0,5424.78,5424.78,0,998.99,2025,2,February,Sunday,5424.78,5424.78
2025-02-23,ORD047708,CUST00396,P007,Backpack,Accessories,Ahmedabad,Online,UPI,1,2131.74,0.25,2131.74,1598.8,0,383.68,2025,2,February,Sunday,2131.74,1598.8049999999998
2025-02-23,ORD039758,CUST03555,P017,Jeans,Fashion,Bengaluru,Online,UPI,1,2738.97,0.15,2738.97,2328.12,0,392.41,2025,2,February,Sunday,2738.97,2328.1245
2025-02-23,ORD031508,CUST02000,P015,Dining Table,Furniture,Kolkata,Online,Credit Card,1,20082.61,0.15,20082.61,17070.22,0,4197.79,2025,2,February,Sunday,20082.61,17070.2185
2025-02-23,ORD029485,CUST00773,P019,Vacuum Cleaner,Home,Ahmedabad,Online,Credit Card,1,9707.74,0.05,9707.74,9222.35,0,1871.4,2025,2,February,Sunday,9707.74,9222.353
2025-02-23,ORD037198,CUST03527,P010,Coffee Maker,Home,Ahmedabad,Online,UPI,4,5340.77,0.0,21363.08,21363.08,0,4615.58,2025,2,February,Sunday,21363.08,21363.08
2025-02-23,ORD047863,CUST00557,P009,T-Shirt,Fashion,Delhi,Online,UPI,1,1308.59,0.1,1308.59,1177.73,0,230.62,2025,2,February,Sunday,1308.59,1177.731
2025-02-23,ORD032913,CUST03839,P007,Backpack,Accessories,Mumbai,Online,Credit Card,1,2252.64,0.05,2252.64,2140.01,0,387.4,2025,2,February,Sunday,2252.64,2140.008
2025-02-23,ORD017967,CUST04257,P015,Dining Table,Furniture,Ahmedabad,Online,UPI,2,19942.37,0.25,39884.74,29913.56,0,3986.6,2025,2,February,Sunday,39884.74,29913.555
2025-02-23,ORD045911,CUST01974,P017,Jeans,Fashion,Mumbai,Store,Credit Card,1,2538.37,0.0,2538.37,2538.37,1,-126.92,2025,2,February,Sunday,2538.37,2538.37
2025-02-23,ORD010270,CUST04739,P014,Keyboard,Electronics,Jaipur,Store,Credit Card,1,2331.38,0.05,2331.38,2214.81,0,445.28,2025,2,February,Sunday,2331.38,2214.811
2025-02-23,ORD002894,CUST02949,P004,Smartwatch,Electronics,Surat,Online,Debit Card,2,7569.53,0.05,15139.06,14382.11,0,1164.17,2025,2,February,Sunday,15139.06,14382.106999999998
2025-02-23,ORD018506,CUST02307,P007,Backpack,Accessories,Jaipur,Store,Credit Card,4,2108.73,0.0,8434.92,8434.92,0,1218.62,2025,2,February,Sunday,8434.92,8434.92
2025-02-23,ORD018875,CUST04436,P004,Smartwatch,Electronics,Pune,Online,UPI,1,6942.54,0.2,6942.54,5554.03,0,241.22,2025,2,February,Sunday,6942.54,5554.032
2025-02-23,ORD047584,CUST00325,P008,Running Shoes,Fashion,Mumbai,Store,Credit Card,2,4565.77,0.25,9131.54,6848.66,0,1594.81,2025,2,February,Sunday,9131.54,6848.655000000001
2025-02-23,ORD029144,CUST04153,P019,Vacuum Cleaner,Home,Chennai,Online,Debit Card,1,8462.73,0.25,8462.73,6347.05,0,253.88,2025,2,February,Sunday,8462.73,6347.0475
2025-02-23,ORD016008,CUST01347,P006,Desk,Furniture,Mumbai,Store,UPI,3,11780.15,0.0,35340.45,35340.45,0,8049.03,2025,2,February,Sunday,35340.45,35340.45
2025-02-23,ORD038823,CUST03240,P008,Running Shoes,Fashion,Hyderabad,Online,UPI,1,4491.66,0.2,4491.66,3593.33,0,553.48,2025,2,February,Sunday,4491.66,3593.328
2025-02-23,ORD039045,CUST03061,P007,Backpack,Accessories,Hyderabad,Online,UPI,1,2310.41,0.05,2310.41,2194.89,0,464.34,2025,2,February,Sunday,2310.41,2194.8894999999998
2025-02-23,ORD032701,CUST01229,P007,Backpack,Accessories,Chennai,Online,UPI,4,1990.06,0.15,7960.24,6766.2,0,1005.43,2025,2,February,Sunday,7960.24,6766.204
2025-02-23,ORD008554,CUST02455,P011,Mixer Grinder,Home,Chennai,Online,Debit Card,3,4815.82,0.2,14447.46,11557.97,0,2526.4,2025,2,February,Sunday,14447.46,11557.968
2025-02-23,ORD046047,CUST02981,P007,Backpack,Accessories,Pune,Store,Credit Card,5,2234.01,0.2,11170.05,8936.04,0,1071.13,2025,2,February,Sunday,11170.050000000001,8936.039999999999
2025-02-23,ORD038885,CUST02509,P004,Smartwatch,Electronics,Pune,Store,UPI,1,6943.34,0.1,6943.34,6249.01,0,1467.97,2025,2,February,Sunday,6943.34,6249.006
2025-02-23,ORD041870,CUST01881,P006,Desk,Furniture,Ahmedabad,Online,Credit Card,1,12650.27,0.1,12650.27,11385.24,0,2765.43,2025,2,February,Sunday,12650.27,11385.243
2025-02-23,ORD017499,CUST03228,P010,Coffee Maker,Home,Pune,Store,Credit Card,2,5910.09,0.15,11820.18,10047.15,0,2422.22,2025,2,February,Sunday,11820.18,10047.153
2025-02-23,ORD031207,CUST02373,P016,Sofa,Furniture,Ahmedabad,Online,UPI,1,34441.61,0.05,34441.61,32719.53,0,6585.77,2025,2,February,Sunday,34441.61,32719.5295
2025-02-23,ORD028643,CUST02245,P005,Office Chair,Furniture,Delhi,Online,Net Banking,1,9050.5,0.1,9050.5,8145.45,0,1759.99,2025,2,February,Sunday,9050.5,8145.45
2025-02-23,ORD047300,CUST02798,P018,Jacket,Fashion,Ahmedabad,Online,Credit Card,1,5066.85,0.05,5066.85,4813.51,0,1395.62,2025,2,February,Sunday,5066.85,4813.5075
2025-02-23,ORD045577,CUST03176,P010,Coffee Maker,Home,Ahmedabad,Online,Cash,2,5425.34,0.05,10850.68,10308.15,0,2483.38,2025,2,February,Sunday,10850.68,10308.146
2025-02-23,ORD027802,CUST01884,P002,Smartphone,Electronics,Surat,Online,UPI,1,25387.19,0.05,25387.19,24117.83,0,3923.57,2025,2,February,Sunday,25387.19,24117.830499999996
2025-02-23,ORD009995,CUST03982,P016,Sofa,Furniture,Mumbai,Store,Debit Card,1,37337.71,0.1,37337.71,33603.94,0,8790.98,2025,2,February,Sunday,37337.71,33603.939
2025-02-23,ORD040058,CUST02192,P011,Mixer Grinder,Home,Ahmedabad,Online,UPI,3,5278.42,0.1,15835.26,14251.73,0,1540.58,2025,2,February,Sunday,15835.26,14251.734
2025-02-23,ORD025166,CUST01942,P015,Dining Table,Furniture,Bengaluru,Online,Debit Card,1,20842.55,0.25,20842.55,15631.91,1,-781.6,2025,2,February,Sunday,20842.55,15631.912499999999
2025-02-23,ORD010394,CUST02153,P002,Smartphone,Electronics,Hyderabad,Online,Debit Card,1,29179.54,0.1,29179.54,26261.59,0,5275.26,2025,2,February,Sunday,29179.54,26261.586000000003
2025-02-23,ORD028737,CUST01898,P020,Microwave,Home,Kolkata,Store,Credit Card,1,9963.35,0.1,9963.35,8967.02,0,1009.23,2025,2,February,Sunday,9963.35,8967.015000000001
2025-02-23,ORD015393,CUST00474,P005,Office Chair,Furniture,Kolkata,Store,Net Banking,2,8737.4,0.1,17474.8,15727.32,0,2461.8,2025,2,February,Sunday,17474.8,15727.32
2025-02-23,ORD006275,CUST03033,P016,Sofa,Furniture,Ahmedabad,Online,UPI,2,32726.51,0.2,65453.02,52362.42,0,6294.65,2025,2,February,Sunday,65453.02,52362.416
2025-02-23,ORD034279,CUST00570,P002,Smartphone,Electronics,Ahmedabad,Store,Credit Card,3,26133.97,0.1,78401.91,70561.72,0,14515.17,2025,2,February,Sunday,78401.91,70561.71900000001
2025-02-24,ORD044617,CUST02987,P014,Keyboard,Electronics,Delhi,Store,Credit Card,3,2436.22,0.25,7308.66,5481.5,0,1035.32,2025,2,February,Monday,7308.66,5481.495
2025-02-24,ORD007671,CUST02549,P015,Dining Table,Furniture,Delhi,Online,Debit Card,1,22552.2,0.05,22552.2,21424.59,0,2766.02,2025,2,February,Monday,22552.2,21424.59
2025-02-24,ORD037560,CUST03191,P001,Laptop,Electronics,Hyderabad,Online,UPI,1,66125.46,0.25,66125.46,49594.1,0,2057.09,2025,2,February,Monday,66125.46,49594.095
2025-02-24,ORD021955,CUST01510,P005,Office Chair,Furniture,Ahmedabad,Online,Credit Card,3,8566.75,0.05,25700.25,24415.24,0,6081.53,2025,2,February,Monday,25700.25,24415.2375
2025-02-24,ORD030865,CUST00250,P007,Backpack,Accessories,Ahmedabad,Store,Credit Card,1,2121.95,0.15,2121.95,1803.66,0,321.53,2025,2,February,Monday,2121.95,1803.6574999999998
2025-02-24,ORD022803,CUST03036,P003,Headphones,Electronics,Jaipur,Online,Credit Card,1,4226.28,0.0,4226.28,4226.28,0,1143.47,2025,2,February,Monday,4226.28,4226.28
2025-02-24,ORD037775,CUST03897,P010,Coffee Maker,Home,Ahmedabad,Online,Cash,2,5158.89,0.15,10317.78,8770.11,0,1034.02,2025,2,February,Monday,10317.78,8770.113000000001
2025-02-24,ORD032109,CUST03302,P016,Sofa,Furniture,Mumbai,Online,UPI,1,33463.62,0.05,33463.62,31790.44,1,-1589.52,2025,2,February,Monday,33463.62,31790.439000000002
2025-02-24,ORD042259,CUST01198,P017,Jeans,Fashion,Hyderabad,Online,UPI,1,2876.99,0.25,2876.99,2157.74,1,-107.89,2025,2,February,Monday,2876.99,2157.7425
2025-02-24,ORD034591,CUST03284,P011,Mixer Grinder,Home,Mumbai,Store,Credit Card,1,4729.91,0.0,4729.91,4729.91,0,1039.83,2025,2,February,Monday,4729.91,4729.91
2025-02-24,ORD045665,CUST01201,P010,Coffee Maker,Home,Mumbai,Store,Credit Card,1,4974.76,0.2,4974.76,3979.81,0,205.85,2025,2,February,Monday,4974.76,3979.8080000000004
2025-02-24,ORD019373,CUST00737,P016,Sofa,Furniture,Mumbai,Store,UPI,1,37594.26,0.1,37594.26,33834.83,0,2365.77,2025,2,February,Monday,37594.26,33834.834
2025-02-24,ORD012350,CUST03063,P009,T-Shirt,Fashion,Chennai,Online,Cash,2,1095.99,0.0,2191.98,2191.98,0,493.03,2025,2,February,Monday,2191.98,2191.98
2025-02-24,ORD005857,CUST00634,P017,Jeans,Fashion,Bengaluru,Online,Net Banking,1,2961.72,0.05,2961.72,2813.63,0,493.02,2025,2,February,Monday,2961.72,2813.6339999999996
2025-02-24,ORD004483,CUST03837,P005,Office Chair,Furniture,Delhi,Online,Credit Card,1,10301.73,0.05,10301.73,9786.64,0,2791.66,2025,2,February,Monday,10301.73,9786.643499999998
2025-02-24,ORD018589,CUST04038,P001,Laptop,Electronics,Ahmedabad,Online,Net Banking,2,59722.41,0.15,119444.82,101528.1,0,23326.39,2025,2,February,Monday,119444.82,101528.09700000001
2025-02-24,ORD003950,CUST01027,P019,Vacuum Cleaner,Home,Jaipur,Online,Credit Card,1,8357.34,0.15,8357.34,7103.74,0,523.37,2025,2,February,Monday,8357.34,7103.739
2025-02-24,ORD006500,CUST04532,P018,Jacket,Fashion,Surat,Online,Cash,1,4809.41,0.05,4809.41,4568.94,0,1077.01,2025,2,February,Monday,4809.41,4568.9394999999995
2025-02-24,ORD028434,CUST03102,P008,Running Shoes,Fashion,Ahmedabad,Online,UPI,1,4235.0,0.1,4235.0,3811.5,0,936.23,2025,2,February,Monday,4235.0,3811.5
2025-02-24,ORD033349,CUST01020,P012,Air Fryer,Home,Hyderabad,Online,Credit Card,2,7701.34,0.15,15402.68,13092.28,0,1662.76,2025,2,February,Monday,15402.68,13092.278
2025-02-24,ORD028101,CUST03568,P008,Running Shoes,Fashion,Delhi,Store,UPI,4,4419.33,0.05,17677.32,16793.45,0,1590.29,2025,2,February,Monday,17677.32,16793.453999999998
2025-02-24,ORD045767,CUST02775,P005,Office Chair,Furniture,Ahmedabad,Store,Credit Card,1,9003.56,0.25,9003.56,6752.67,0,1015.38,2025,2,February,Monday,9003.56,6752.67
2025-02-24,ORD024933,CUST04381,P010,Coffee Maker,Home,Bengaluru,Online,Credit Card,5,5377.5,0.2,26887.5,21510.0,0,3691.32,2025,2,February,Monday,26887.5,21510.0
2025-02-24,ORD033781,CUST04916,P014,Keyboard,Electronics,Chennai,Online,UPI,1,2649.82,0.0,2649.82,2649.82,0,713.05,2025,2,February,Monday,2649.82,2649.82
2025-02-24,ORD024815,CUST03440,P014,Keyboard,Electronics,Ahmedabad,Online,UPI,2,2535.46,0.05,5070.92,4817.37,0,1375.15,2025,2,February,Monday,5070.92,4817.374
2025-02-24,ORD033328,CUST03504,P010,Coffee Maker,Home,Surat,Online,Credit Card,1,5099.76,0.15,5099.76,4334.8,1,-216.74,2025,2,February,Monday,5099.76,4334.796
2025-02-24,ORD019458,CUST03349,P001,Laptop,Electronics,Chennai,Store,Debit Card,2,59686.76,0.0,119373.52,119373.52,0,14510.93,2025,2,February,Monday,119373.52,119373.52
2025-02-24,ORD022296,CUST01630,P015,Dining Table,Furniture,Delhi,Online,UPI,2,21075.07,0.15,42150.14,35827.62,0,3608.72,2025,2,February,Monday,42150.14,35827.619
2025-02-24,ORD000279,CUST03620,P007,Backpack,Accessories,Delhi,Online,Credit Card,2,2315.97,0.25,4631.94,3473.96,0,565.12,2025,2,February,Monday,4631.94,3473.955
2025-02-24,ORD000905,CUST01754,P007,Backpack,Accessories,Mumbai,Store,UPI,1,2319.08,0.0,2319.08,2319.08,0,492.34,2025,2,February,Monday,2319.08,2319.08
2025-02-24,ORD025589,CUST01391,P006,Desk,Furniture,Pune,Online,UPI,1,11469.0,0.0,11469.0,11469.0,0,3169.9,2025,2,February,Monday,11469.0,11469.0
2025-02-24,ORD000404,CUST01270,P010,Coffee Maker,Home,Hyderabad,Online,Debit Card,2,5637.86,0.05,11275.72,10711.93,0,1265.26,2025,2,February,Monday,11275.72,10711.934
2025-02-24,ORD023024,CUST00757,P014,Keyboard,Electronics,Surat,Online,Net Banking,1,2540.52,0.2,2540.52,2032.42,0,161.87,2025,2,February,Monday,2540.52,2032.4160000000002
2025-02-24,ORD015468,CUST00544,P007,Backpack,Accessories,Bengaluru,Online,UPI,2,2244.57,0.0,4489.14,4489.14,0,899.4,2025,2,February,Monday,4489.14,4489.14
2025-02-24,ORD039248,CUST04761,P020,Microwave,Home,Chennai,Store,UPI,1,11016.36,0.0,11016.36,11016.36,0,2628.04,2025,2,February,Monday,11016.36,11016.36
2025-02-24,ORD049250,CUST04798,P007,Backpack,Accessories,Mumbai,Store,UPI,1,2181.01,0.1,2181.01,1962.91,0,236.27,2025,2,February,Monday,2181.01,1962.9090000000003
2025-02-24,ORD015727,CUST04762,P019,Vacuum Cleaner,Home,Kolkata,Online,UPI,4,9830.49,0.05,39321.96,37355.86,0,3399.84,2025,2,February,Monday,39321.96,37355.862
2025-02-24,ORD044586,CUST00838,P017,Jeans,Fashion,Jaipur,Online,Debit Card,2,2534.26,0.2,5068.52,4054.82,0,329.0,2025,2,February,Monday,5068.52,4054.8160000000007
2025-02-24,ORD035053,CUST04021,P009,T-Shirt,Fashion,Jaipur,Online,Debit Card,1,1256.57,0.2,1256.57,1005.26,1,-50.26,2025,2,February,Monday,1256.57,1005.256
2025-02-24,ORD047817,CUST00721,P018,Jacket,Fashion,Jaipur,Online,Net Banking,3,5235.5,0.2,15706.5,12565.2,1,-628.26,2025,2,February,Monday,15706.5,12565.2
2025-02-24,ORD003561,CUST03545,P020,Microwave,Home,Delhi,Store,UPI,2,11078.0,0.05,22156.0,21048.2,1,-1052.41,2025,2,February,Monday,22156.0,21048.2
2025-02-24,ORD016695,CUST01849,P004,Smartwatch,Electronics,Delhi,Store,UPI,2,6863.42,0.0,13726.84,13726.84,0,1665.19,2025,2,February,Monday,13726.84,13726.84
2025-02-24,ORD041496,CUST03737,P019,Vacuum Cleaner,Home,Delhi,Store,Debit Card,2,8912.5,0.0,17825.0,17825.0,0,3142.72,2025,2,February,Monday,17825.0,17825.0
2025-02-24,ORD044000,CUST03868,P004,Smartwatch,Electronics,Delhi,Store,Debit Card,1,6845.19,0.15,6845.19,5818.41,0,1031.1,2025,2,February,Monday,6845.19,5818.411499999999
2025-02-24,ORD032668,CUST04273,P020,Microwave,Home,Pune,Online,Credit Card,1,11318.49,0.1,11318.49,10186.64,0,1716.49,2025,2,February,Monday,11318.49,10186.641
2025-02-24,ORD013001,CUST01304,P014,Keyboard,Electronics,Hyderabad,Online,UPI,2,2502.8,0.1,5005.6,4505.04,0,753.33,2025,2,February,Monday,5005.6,4505.040000000001
2025-02-24,ORD025203,CUST01022,P016,Sofa,Furniture,Mumbai,Online,Credit Card,2,34363.93,0.05,68727.86,65291.47,1,-3264.57,2025,2,February,Monday,68727.86,65291.467
2025-02-24,ORD009840,CUST03086,P018,Jacket,Fashion,Mumbai,Online,UPI,1,5226.46,0.2,5226.46,4181.17,0,547.58,2025,2,February,Monday,5226.46,4181.168000000001
2025-02-24,ORD022510,CUST03406,P008,Running Shoes,Fashion,Hyderabad,Store,UPI,1,4073.68,0.0,4073.68,4073.68,0,779.99,2025,2,February,Monday,4073.68,4073.68
2025-02-24,ORD000826,CUST02261,P006,Desk,Furniture,Pune,Store,Credit Card,1,12823.93,0.25,12823.93,9617.95,0,384.72,2025,2,February,Monday,12823.93,9617.9475
2025-02-24,ORD020201,CUST01026,P001,Laptop,Electronics,Pune,Store,Credit Card,5,59288.2,0.0,296441.0,296441.0,0,31568.2,2025,2,February,Monday,296441.0,296441.0
2025-02-24,ORD017256,CUST01693,P010,Coffee Maker,Home,Pune,Store,UPI,1,6037.67,0.1,6037.67,5433.9,1,-271.7,2025,2,February,Monday,6037.67,5433.903
2025-02-24,ORD024086,CUST01680,P014,Keyboard,Electronics,Bengaluru,Online,Credit Card,2,2574.41,0.05,5148.82,4891.38,0,560.98,2025,2,February,Monday,5148.82,4891.379
2025-02-24,ORD013730,CUST00943,P005,Office Chair,Furniture,Ahmedabad,Online,Debit Card,2,9018.08,0.0,18036.16,18036.16,1,-901.81,2025,2,February,Monday,18036.16,18036.16
2025-02-24,ORD013255,CUST01604,P017,Jeans,Fashion,Kolkata,Online,UPI,2,2690.76,0.1,5381.52,4843.37,0,417.41,2025,2,February,Monday,5381.52,4843.368
2025-02-24,ORD023366,CUST02479,P019,Vacuum Cleaner,Home,Hyderabad,Online,Credit Card,2,8442.64,0.15,16885.28,14352.49,0,1811.19,2025,2,February,Monday,16885.28,14352.488
2025-02-24,ORD020862,CUST02994,P003,Headphones,Electronics,Mumbai,Online,Credit Card,1,4353.55,0.0,4353.55,4353.55,0,544.3,2025,2,February,Monday,4353.55,4353.55
2025-02-24,ORD003517,CUST04103,P010,Coffee Maker,Home,Ahmedabad,Online,Credit Card,2,5507.6,0.0,11015.2,11015.2,0,2033.33,2025,2,February,Monday,11015.2,11015.2
2025-02-24,ORD004572,CUST03080,P006,Desk,Furniture,Delhi,Store,UPI,3,11818.42,0.15,35455.26,30136.97,0,4323.55,2025,2,February,Monday,35455.26,30136.971
2025-02-24,ORD006957,CUST03049,P013,Monitor,Electronics,Pune,Online,UPI,3,17810.22,0.05,53430.66,50759.13,0,12091.46,2025,2,February,Monday,53430.66,50759.127
2025-02-24,ORD039603,CUST01487,P002,Smartphone,Electronics,Ahmedabad,Store,UPI,1,26511.88,0.1,26511.88,23860.69,0,4262.27,2025,2,February,Monday,26511.88,23860.692000000003
2025-02-25,ORD021542,CUST02943,P004,Smartwatch,Electronics,Bengaluru,Store,Credit Card,1,6699.35,0.15,6699.35,5694.45,0,1149.27,2025,2,February,Tuesday,6699.35,5694.4475
2025-02-25,ORD048232,CUST03996,P007,Backpack,Accessories,Delhi,Online,Debit Card,2,2126.51,0.05,4253.02,4040.37,0,414.64,2025,2,February,Tuesday,4253.02,4040.369
2025-02-25,ORD017136,CUST04753,P004,Smartwatch,Electronics,Delhi,Online,UPI,1,6399.66,0.1,6399.66,5759.69,0,593.47,2025,2,February,Tuesday,6399.66,5759.694
2025-02-25,ORD026508,CUST00822,P011,Mixer Grinder,Home,Pune,Online,UPI,1,5146.67,0.1,5146.67,4632.0,0,1175.75,2025,2,February,Tuesday,5146.67,4632.003000000001
2025-02-25,ORD022138,CUST03274,P020,Microwave,Home,Surat,Store,Credit Card,2,10983.95,0.25,21967.9,16475.93,0,1577.34,2025,2,February,Tuesday,21967.9,16475.925000000003
2025-02-25,ORD014990,CUST03185,P007,Backpack,Accessories,Delhi,Online,UPI,1,2253.99,0.2,2253.99,1803.19,0,328.17,2025,2,February,Tuesday,2253.99,1803.192
2025-02-25,ORD006750,CUST03537,P008,Running Shoes,Fashion,Hyderabad,Store,Net Banking,1,4089.46,0.05,4089.46,3884.99,0,546.85,2025,2,February,Tuesday,4089.46,3884.987
2025-02-25,ORD026239,CUST01667,P001,Laptop,Electronics,Mumbai,Store,UPI,1,64902.08,0.1,64902.08,58411.87,0,8307.88,2025,2,February,Tuesday,64902.08,58411.872
2025-02-25,ORD003953,CUST00815,P009,T-Shirt,Fashion,Pune,Online,UPI,1,1164.99,0.1,1164.99,1048.49,0,91.83,2025,2,February,Tuesday,1164.99,1048.491
2025-02-25,ORD024366,CUST02241,P015,Dining Table,Furniture,Bengaluru,Store,Debit Card,5,20884.41,0.1,104422.05,93979.84,0,21470.86,2025,2,February,Tuesday,104422.05,93979.845
2025-02-25,ORD029448,CUST03163,P012,Air Fryer,Home,Jaipur,Online,UPI,2,7274.63,0.15,14549.26,12366.87,1,-618.34,2025,2,February,Tuesday,14549.26,12366.871
2025-02-25,ORD028959,CUST00776,P018,Jacket,Fashion,Surat,Online,Credit Card,1,5593.24,0.0,5593.24,5593.24,0,1079.97,2025,2,February,Tuesday,5593.24,5593.24
2025-02-25,ORD045957,CUST02027,P007,Backpack,Accessories,Pune,Store,Credit Card,2,2264.39,0.05,4528.78,4302.34,0,413.84,2025,2,February,Tuesday,4528.78,4302.340999999999
2025-02-25,ORD043248,CUST02636,P015,Dining Table,Furniture,Jaipur,Online,Credit Card,1,21100.81,0.1,21100.81,18990.73,0,4813.7,2025,2,February,Tuesday,21100.81,18990.729000000003
2025-02-25,ORD041025,CUST00130,P001,Laptop,Electronics,Mumbai,Online,Credit Card,3,59208.33,0.0,177624.99,177624.99,0,17491.24,2025,2,February,Tuesday,177624.99,177624.99
2025-02-25,ORD048994,CUST01822,P019,Vacuum Cleaner,Home,Bengaluru,Online,UPI,1,9038.66,0.1,9038.66,8134.79,0,776.78,2025,2,February,Tuesday,9038.66,8134.794
2025-02-25,ORD027862,CUST03344,P011,Mixer Grinder,Home,Surat,Online,Credit Card,2,4672.16,0.1,9344.32,8409.89,0,1932.05,2025,2,February,Tuesday,9344.32,8409.888
2025-02-25,ORD014759,CUST04947,P006,Desk,Furniture,Delhi,Store,UPI,2,13010.59,0.05,26021.18,24720.12,0,6211.5,2025,2,February,Tuesday,26021.18,24720.121
2025-02-25,ORD014927,CUST04387,P020,Microwave,Home,Chennai,Store,Credit Card,1,11459.78,0.0,11459.78,11459.78,0,1373.26,2025,2,February,Tuesday,11459.78,11459.78
2025-02-25,ORD008155,CUST00654,P006,Desk,Furniture,Mumbai,Store,Credit Card,2,11527.21,0.05,23054.42,21901.7,0,5530.47,2025,2,February,Tuesday,23054.42,21901.698999999997
2025-02-25,ORD030850,CUST02080,P005,Office Chair,Furniture,Bengaluru,Store,UPI,2,9293.05,0.05,18586.1,17656.79,0,2002.3,2025,2,February,Tuesday,18586.1,17656.795
2025-02-25,ORD001023,CUST04871,P020,Microwave,Home,Kolkata,Online,Debit Card,1,10858.11,0.15,10858.11,9229.39,0,2057.79,2025,2,February,Tuesday,10858.11,9229.3935
2025-02-25,ORD017050,CUST01780,P013,Monitor,Electronics,Surat,Online,UPI,1,17368.62,0.0,17368.62,17368.62,0,4329.57,2025,2,February,Tuesday,17368.62,17368.62
2025-02-25,ORD023018,CUST04547,P001,Laptop,Electronics,Delhi,Online,UPI,1,65363.93,0.0,65363.93,65363.93,0,14155.03,2025,2,February,Tuesday,65363.93,65363.93
2025-02-25,ORD037931,CUST02425,P006,Desk,Furniture,Kolkata,Online,Debit Card,2,11165.11,0.05,22330.22,21213.71,0,4683.84,2025,2,February,Tuesday,22330.22,21213.709
2025-02-25,ORD009802,CUST04466,P008,Running Shoes,Fashion,Delhi,Online,Credit Card,1,4068.86,0.0,4068.86,4068.86,0,768.84,2025,2,February,Tuesday,4068.86,4068.86
2025-02-25,ORD026209,CUST04586,P019,Vacuum Cleaner,Home,Chennai,Store,Credit Card,1,8242.95,0.2,8242.95,6594.36,0,1642.72,2025,2,February,Tuesday,8242.95,6594.360000000001
2025-02-25,ORD006558,CUST02866,P019,Vacuum Cleaner,Home,Ahmedabad,Online,UPI,1,8305.31,0.15,8305.31,7059.51,0,1470.79,2025,2,February,Tuesday,8305.31,7059.513499999999
2025-02-25,ORD033171,CUST00241,P003,Headphones,Electronics,Pune,Store,UPI,1,4547.68,0.1,4547.68,4092.91,0,557.5,2025,2,February,Tuesday,4547.68,4092.9120000000003
2025-02-25,ORD031256,CUST01088,P014,Keyboard,Electronics,Mumbai,Online,Credit Card,2,2700.03,0.0,5400.06,5400.06,0,1239.8,2025,2,February,Tuesday,5400.06,5400.06
2025-02-25,ORD046835,CUST00043,P019,Vacuum Cleaner,Home,Hyderabad,Online,Credit Card,1,8580.74,0.0,8580.74,8580.74,0,1627.74,2025,2,February,Tuesday,8580.74,8580.74
2025-02-25,ORD038681,CUST03667,P003,Headphones,Electronics,Surat,Store,Credit Card,1,4255.82,0.05,4255.82,4043.03,0,623.22,2025,2,February,Tuesday,4255.82,4043.0289999999995
2025-02-25,ORD041579,CUST01844,P010,Coffee Maker,Home,Hyderabad,Store,Net Banking,1,5346.49,0.1,5346.49,4811.84,0,933.75,2025,2,February,Tuesday,5346.49,4811.841
2025-02-25,ORD002128,CUST04028,P008,Running Shoes,Fashion,Bengaluru,Store,Credit Card,5,4605.09,0.0,23025.45,23025.45,1,-1151.27,2025,2,February,Tuesday,23025.45,23025.45
2025-02-25,ORD019717,CUST00483,P002,Smartphone,Electronics,Ahmedabad,Online,UPI,1,28433.82,0.0,28433.82,28433.82,0,5526.92,2025,2,February,Tuesday,28433.82,28433.82
2025-02-25,ORD004257,CUST04714,P012,Air Fryer,Home,Surat,Store,Debit Card,1,6979.04,0.1,6979.04,6281.14,0,653.45,2025,2,February,Tuesday,6979.04,6281.136
2025-02-25,ORD009542,CUST04853,P018,Jacket,Fashion,Mumbai,Online,Net Banking,2,5681.47,0.05,11362.94,10794.79,0,989.3,2025,2,February,Tuesday,11362.94,10794.793
2025-02-25,ORD003448,CUST02820,P005,Office Chair,Furniture,Mumbai,Store,Debit Card,1,9374.45,0.05,9374.45,8905.73,0,1835.0,2025,2,February,Tuesday,9374.45,8905.7275
2025-02-25,ORD035676,CUST00099,P008,Running Shoes,Fashion,Jaipur,Online,UPI,1,4123.97,0.1,4123.97,3711.57,0,591.07,2025,2,February,Tuesday,4123.97,3711.5730000000003
2025-02-25,ORD021123,CUST03905,P018,Jacket,Fashion,Delhi,Store,Cash,3,5413.29,0.1,16239.87,14615.88,0,2371.42,2025,2,February,Tuesday,16239.869999999999,14615.883000000002
2025-02-25,ORD001238,CUST01467,P003,Headphones,Electronics,Ahmedabad,Online,UPI,2,4859.89,0.1,9719.78,8747.8,0,2258.12,2025,2,February,Tuesday,9719.78,8747.802000000001
2025-02-25,ORD027576,CUST02057,P006,Desk,Furniture,Chennai,Store,UPI,5,11295.01,0.0,56475.05,56475.05,0,16860.0,2025,2,February,Tuesday,56475.05,56475.05
2025-02-25,ORD039152,CUST02821,P007,Backpack,Accessories,Chennai,Store,Debit Card,1,2060.35,0.1,2060.35,1854.32,0,491.82,2025,2,February,Tuesday,2060.35,1854.315
2025-02-25,ORD045416,CUST00993,P013,Monitor,Electronics,Mumbai,Online,Cash,5,17298.98,0.05,86494.9,82170.15,0,22970.48,2025,2,February,Tuesday,86494.9,82170.15499999998
2025-02-25,ORD046032,CUST01063,P004,Smartwatch,Electronics,Jaipur,Store,Net Banking,1,7655.43,0.1,7655.43,6889.89,0,610.17,2025,2,February,Tuesday,7655.43,6889.887000000001
2025-02-25,ORD018749,CUST02793,P002,Smartphone,Electronics,Kolkata,Online,Debit Card,2,29576.69,0.05,59153.38,56195.71,0,9057.2,2025,2,February,Tuesday,59153.38,56195.710999999996
2025-02-25,ORD025526,CUST00669,P010,Coffee Maker,Home,Hyderabad,Online,Debit Card,1,4960.11,0.1,4960.11,4464.1,0,723.22,2025,2,February,Tuesday,4960.11,4464.099
2025-02-25,ORD035481,CUST00429,P009,T-Shirt,Fashion,Bengaluru,Online,Credit Card,3,1110.67,0.15,3332.01,2832.21,0,555.32,2025,2,February,Tuesday,3332.01,2832.2085
2025-02-25,ORD015268,CUST00072,P006,Desk,Furniture,Ahmedabad,Online,Debit Card,1,11724.69,0.05,11724.69,11138.46,0,1955.47,2025,2,February,Tuesday,11724.69,11138.4555
2025-02-25,ORD049605,CUST03097,P008,Running Shoes,Fashion,Hyderabad,Store,UPI,1,3842.71,0.0,3842.71,3842.71,0,355.36,2025,2,February,Tuesday,3842.71,3842.71
2025-02-25,ORD031265,CUST02540,P019,Vacuum Cleaner,Home,Hyderabad,Online,UPI,2,8128.79,0.05,16257.58,15444.7,0,3869.06,2025,2,February,Tuesday,16257.58,15444.701
2025-02-25,ORD030641,CUST01245,P011,Mixer Grinder,Home,Mumbai,Store,UPI,1,4805.09,0.1,4805.09,4324.58,0,950.19,2025,2,February,Tuesday,4805.09,4324.581
2025-02-25,ORD002441,CUST03407,P009,T-Shirt,Fashion,Mumbai,Store,Credit Card,1,1201.77,0.0,1201.77,1201.77,0,354.4,2025,2,February,Tuesday,1201.77,1201.77
2025-02-25,ORD027034,CUST04960,P020,Microwave,Home,Pune,Online,UPI,2,11572.06,0.05,23144.12,21986.91,1,-1099.35,2025,2,February,Tuesday,23144.12,21986.913999999997
2025-02-25,ORD005839,CUST04134,P019,Vacuum Cleaner,Home,Delhi,Store,UPI,1,8168.84,0.1,8168.84,7351.96,0,865.34,2025,2,February,Tuesday,8168.84,7351.956
2025-02-25,ORD021191,CUST00399,P014,Keyboard,Electronics,Bengaluru,Online,UPI,1,2277.36,0.0,2277.36,2277.36,0,476.92,2025,2,February,Tuesday,2277.36,2277.36
2025-02-25,ORD039353,CUST02845,P013,Monitor,Electronics,Chennai,Online,Cash,2,17503.19,0.05,35006.38,33256.06,0,6799.41,2025,2,February,Tuesday,35006.38,33256.060999999994
2025-02-25,ORD045485,CUST00665,P002,Smartphone,Electronics,Surat,Online,Credit Card,1,27149.67,0.1,27149.67,24434.7,0,6712.8,2025,2,February,Tuesday,27149.67,24434.702999999998
2025-02-25,ORD027651,CUST00852,P017,Jeans,Fashion,Pune,Online,Credit Card,2,2827.31,0.15,5654.62,4806.43,0,532.31,2025,2,February,Tuesday,5654.62,4806.427
2025-02-25,ORD010014,CUST04369,P005,Office Chair,Furniture,Surat,Online,UPI,2,8810.2,0.1,17620.4,15858.36,0,3802.95,2025,2,February,Tuesday,17620.4,15858.360000000002
2025-02-25,ORD029869,CUST02623,P001,Laptop,Electronics,Surat,Store,Credit Card,1,65757.88,0.0,65757.88,65757.88,0,18150.35,2025,2,February,Tuesday,65757.88,65757.88
2025-02-25,ORD039060,CUST00632,P003,Headphones,Electronics,Pune,Online,Debit Card,1,4450.02,0.05,4450.02,4227.52,0,385.35,2025,2,February,Tuesday,4450.02,4227.519
2025-02-25,ORD011560,CUST02367,P003,Headphones,Electronics,Ahmedabad,Store,UPI,3,4523.13,0.05,13569.39,12890.92,0,1058.36,2025,2,February,Tuesday,13569.39,12890.920499999998
2025-02-25,ORD001759,CUST00336,P012,Air Fryer,Home,Chennai,Online,UPI,2,6744.47,0.05,13488.94,12814.49,0,2226.66,2025,2,February,Tuesday,13488.94,12814.493
2025-02-25,ORD042104,CUST01451,P020,Microwave,Home,Surat,Store,Net Banking,1,10899.67,0.05,10899.67,10354.69,0,1735.71,2025,2,February,Tuesday,10899.67,10354.6865
2025-02-25,ORD000074,CUST04671,P010,Coffee Maker,Home,Ahmedabad,Online,Cash,1,5433.05,0.15,5433.05,4618.09,0,700.98,2025,2,February,Tuesday,5433.05,4618.0925
2025-02-25,ORD003097,CUST04799,P015,Dining Table,Furniture,Mumbai,Online,Credit Card,5,22589.83,0.05,112949.15,107301.69,0,20456.18,2025,2,February,Tuesday,112949.15000000001,107301.69249999999
2025-02-25,ORD004622,CUST03822,P006,Desk,Furniture,Bengaluru,Online,Credit Card,2,11919.93,0.0,23839.86,23839.86,1,-1191.99,2025,2,February,Tuesday,23839.86,23839.86
2025-02-25,ORD020512,CUST01603,P016,Sofa,Furniture,Jaipur,Online,UPI,1,37409.7,0.05,37409.7,35539.21,0,5134.27,2025,2,February,Tuesday,37409.7,35539.215
2025-02-25,ORD004480,CUST03550,P018,Jacket,Fashion,Hyderabad,Online,UPI,2,5679.49,0.0,11358.98,11358.98,0,1287.82,2025,2,February,Tuesday,11358.98,11358.98
2025-02-25,ORD009752,CUST01312,P010,Coffee Maker,Home,Surat,Store,UPI,2,5556.88,0.1,11113.76,10002.38,0,1571.25,2025,2,February,Tuesday,11113.76,10002.384
2025-02-25,ORD010706,CUST02315,P011,Mixer Grinder,Home,Chennai,Online,Credit Card,1,4418.5,0.1,4418.5,3976.65,0,845.45,2025,2,February,Tuesday,4418.5,3976.65
2025-02-26,ORD025244,CUST02597,P005,Office Chair,Furniture,Mumbai,Store,Cash,1,10140.29,0.1,10140.29,9126.26,0,2113.22,2025,2,February,Wednesday,10140.29,9126.261
2025-02-26,ORD029730,CUST04075,P017,Jeans,Fashion,Surat,Online,Credit Card,2,2653.04,0.0,5306.08,5306.08,0,830.07,2025,2,February,Wednesday,5306.08,5306.08
2025-02-26,ORD045590,CUST02425,P005,Office Chair,Furniture,Bengaluru,Store,UPI,4,9564.2,0.0,38256.8,38256.8,0,8072.24,2025,2,February,Wednesday,38256.8,38256.8
2025-02-26,ORD039171,CUST01805,P001,Laptop,Electronics,Kolkata,Store,UPI,2,61424.35,0.05,122848.7,116706.26,0,9321.29,2025,2,February,Wednesday,122848.7,116706.26499999998
2025-02-26,ORD043525,CUST02782,P015,Dining Table,Furniture,Bengaluru,Store,UPI,1,22796.2,0.2,22796.2,18236.96,0,1187.31,2025,2,February,Wednesday,22796.2,18236.960000000003
2025-02-26,ORD022081,CUST01328,P003,Headphones,Electronics,Delhi,Online,Cash,1,4367.78,0.15,4367.78,3712.61,0,251.75,2025,2,February,Wednesday,4367.78,3712.613
2025-02-26,ORD023254,CUST00417,P004,Smartwatch,Electronics,Bengaluru,Online,UPI,3,7205.38,0.0,21616.14,21616.14,0,2643.0,2025,2,February,Wednesday,21616.14,21616.14
2025-02-26,ORD027169,CUST02650,P005,Office Chair,Furniture,Mumbai,Online,Credit Card,1,9697.68,0.2,9697.68,7758.14,0,1708.5,2025,2,February,Wednesday,9697.68,7758.144
2025-02-26,ORD011141,CUST00298,P012,Air Fryer,Home,Ahmedabad,Store,Debit Card,1,7600.13,0.05,7600.13,7220.12,1,-361.01,2025,2,February,Wednesday,7600.13,7220.1235
2025-02-26,ORD004037,CUST00714,P016,Sofa,Furniture,Hyderabad,Online,UPI,1,35140.37,0.1,35140.37,31626.33,0,4675.43,2025,2,February,Wednesday,35140.37,31626.333000000002
2025-02-26,ORD015231,CUST01876,P009,T-Shirt,Fashion,Delhi,Online,UPI,1,1082.31,0.15,1082.31,919.96,0,162.39,2025,2,February,Wednesday,1082.31,919.9635
2025-02-26,ORD001677,CUST02020,P018,Jacket,Fashion,Surat,Online,Net Banking,1,5385.68,0.15,5385.68,4577.83,0,681.43,2025,2,February,Wednesday,5385.68,4577.828
2025-02-26,ORD003873,CUST04522,P014,Keyboard,Electronics,Surat,Online,UPI,1,2418.3,0.1,2418.3,2176.47,1,-108.82,2025,2,February,Wednesday,2418.3,2176.4700000000003
2025-02-26,ORD010483,CUST00377,P016,Sofa,Furniture,Pune,Online,UPI,1,34716.32,0.0,34716.32,34716.32,0,8428.25,2025,2,February,Wednesday,34716.32,34716.32
2025-02-26,ORD029700,CUST04955,P010,Coffee Maker,Home,Ahmedabad,Store,Debit Card,3,5177.96,0.0,15533.88,15533.88,0,3913.5,2025,2,February,Wednesday,15533.880000000001,15533.88
2025-02-26,ORD049290,CUST00477,P015,Dining Table,Furniture,Jaipur,Online,Credit Card,1,20437.81,0.15,20437.81,17372.14,0,2906.87,2025,2,February,Wednesday,20437.81,17372.1385
2025-02-26,ORD017742,CUST04141,P003,Headphones,Electronics,Jaipur,Online,Credit Card,1,4442.08,0.15,4442.08,3775.77,0,1011.07,2025,2,February,Wednesday,4442.08,3775.768
2025-02-26,ORD000986,CUST04444,P002,Smartphone,Electronics,Hyderabad,Store,Cash,1,30523.43,0.15,30523.43,25944.92,0,3317.3,2025,2,February,Wednesday,30523.43,25944.9155
2025-02-26,ORD043437,CUST04950,P004,Smartwatch,Electronics,Hyderabad,Online,Credit Card,1,6383.63,0.1,6383.63,5745.27,0,1040.64,2025,2,February,Wednesday,6383.63,5745.267
2025-02-26,ORD008780,CUST02261,P002,Smartphone,Electronics,Kolkata,Store,Debit Card,1,25256.9,0.2,25256.9,20205.52,0,3351.82,2025,2,February,Wednesday,25256.9,20205.520000000004
2025-02-26,ORD031567,CUST03570,P007,Backpack,Accessories,Kolkata,Store,UPI,1,2336.34,0.1,2336.34,2102.71,0,478.8,2025,2,February,Wednesday,2336.34,2102.706
2025-02-26,ORD012002,CUST04412,P011,Mixer Grinder,Home,Hyderabad,Online,Credit Card,2,4636.32,0.05,9272.64,8809.01,0,1837.52,2025,2,February,Wednesday,9272.64,8809.008
2025-02-26,ORD027963,CUST03337,P017,Jeans,Fashion,Jaipur,Online,UPI,1,2721.27,0.0,2721.27,2721.27,0,588.06,2025,2,February,Wednesday,2721.27,2721.27
2025-02-26,ORD006996,CUST03262,P001,Laptop,Electronics,Jaipur,Online,UPI,1,61169.45,0.1,61169.45,55052.5,0,5197.29,2025,2,February,Wednesday,61169.45,55052.505
2025-02-26,ORD040194,CUST00314,P016,Sofa,Furniture,Hyderabad,Store,Cash,1,36066.07,0.25,36066.07,27049.55,0,1896.07,2025,2,February,Wednesday,36066.07,27049.552499999998
2025-02-26,ORD022321,CUST04276,P019,Vacuum Cleaner,Home,Delhi,Store,Debit Card,1,9407.89,0.1,9407.89,8467.1,0,2311.96,2025,2,February,Wednesday,9407.89,8467.101
2025-02-26,ORD001112,CUST03988,P018,Jacket,Fashion,Bengaluru,Online,Credit Card,1,4688.57,0.25,4688.57,3516.43,0,260.01,2025,2,February,Wednesday,4688.57,3516.4275
2025-02-26,ORD036699,CUST03939,P004,Smartwatch,Electronics,Mumbai,Store,UPI,5,6585.89,0.15,32929.45,27990.03,0,6523.46,2025,2,February,Wednesday,32929.450000000004,27990.032499999998
2025-02-26,ORD036781,CUST04015,P008,Running Shoes,Fashion,Kolkata,Online,Cash,1,4053.36,0.05,4053.36,3850.69,0,283.11,2025,2,February,Wednesday,4053.36,3850.692
2025-02-26,ORD048368,CUST00607,P013,Monitor,Electronics,Pune,Online,UPI,1,18558.5,0.2,18558.5,14846.8,0,3099.49,2025,2,February,Wednesday,18558.5,14846.800000000001
2025-02-26,ORD031475,CUST03814,P015,Dining Table,Furniture,Hyderabad,Online,UPI,3,21029.98,0.1,63089.94,56780.95,0,5525.46,2025,2,February,Wednesday,63089.94,56780.946
2025-02-26,ORD008025,CUST00034,P005,Office Chair,Furniture,Jaipur,Online,UPI,1,9367.07,0.15,9367.07,7962.01,0,1404.98,2025,2,February,Wednesday,9367.07,7962.009499999999
2025-02-26,ORD032946,CUST01824,P016,Sofa,Furniture,Chennai,Online,Debit Card,1,35948.6,0.0,35948.6,35948.6,0,8281.96,2025,2,February,Wednesday,35948.6,35948.6
2025-02-26,ORD034349,CUST03727,P002,Smartphone,Electronics,Chennai,Online,UPI,2,26485.56,0.05,52971.12,50322.56,0,7948.45,2025,2,February,Wednesday,52971.12,50322.564
2025-02-26,ORD045115,CUST00390,P009,T-Shirt,Fashion,Mumbai,Online,Credit Card,2,1214.47,0.0,2428.94,2428.94,0,241.34,2025,2,February,Wednesday,2428.94,2428.94
2025-02-26,ORD043296,CUST03471,P010,Coffee Maker,Home,Jaipur,Store,UPI,2,5426.74,0.0,10853.48,10853.48,0,2539.82,2025,2,February,Wednesday,10853.48,10853.48
2025-02-26,ORD003442,CUST02562,P019,Vacuum Cleaner,Home,Kolkata,Online,Credit Card,4,8378.3,0.1,33513.2,30161.88,0,5684.0,2025,2,February,Wednesday,33513.2,30161.879999999997
2025-02-26,ORD026295,CUST04737,P007,Backpack,Accessories,Chennai,Online,UPI,2,2007.56,0.1,4015.12,3613.61,0,606.93,2025,2,February,Wednesday,4015.12,3613.608
2025-02-26,ORD014313,CUST01887,P018,Jacket,Fashion,Ahmedabad,Online,UPI,2,5547.99,0.05,11095.98,10541.18,0,2504.84,2025,2,February,Wednesday,11095.98,10541.180999999999
2025-02-26,ORD037175,CUST02242,P012,Air Fryer,Home,Jaipur,Online,Debit Card,4,7149.77,0.05,28599.08,27169.13,0,7167.17,2025,2,February,Wednesday,28599.08,27169.126
2025-02-26,ORD016717,CUST00381,P001,Laptop,Electronics,Chennai,Online,UPI,1,60406.6,0.0,60406.6,60406.6,1,-3020.33,2025,2,February,Wednesday,60406.6,60406.6
2025-02-26,ORD032138,CUST04752,P009,T-Shirt,Fashion,Kolkata,Store,Credit Card,3,1156.85,0.1,3470.55,3123.5,0,536.92,2025,2,February,Wednesday,3470.5499999999997,3123.4950000000003
2025-02-26,ORD022974,CUST01550,P020,Microwave,Home,Bengaluru,Store,Net Banking,1,11465.75,0.0,11465.75,11465.75,0,3176.45,2025,2,February,Wednesday,11465.75,11465.75
2025-02-26,ORD039760,CUST01088,P004,Smartwatch,Electronics,Kolkata,Online,Credit Card,1,6728.89,0.15,6728.89,5719.56,0,652.16,2025,2,February,Wednesday,6728.89,5719.5565
2025-02-26,ORD017247,CUST01593,P014,Keyboard,Electronics,Delhi,Online,Debit Card,2,2276.96,0.1,4553.92,4098.53,0,1083.39,2025,2,February,Wednesday,4553.92,4098.528
2025-02-26,ORD030397,CUST01075,P003,Headphones,Electronics,Bengaluru,Store,UPI,1,4769.28,0.1,4769.28,4292.35,0,572.85,2025,2,February,Wednesday,4769.28,4292.352
2025-02-26,ORD009454,CUST02596,P007,Backpack,Accessories,Bengaluru,Store,UPI,1,2335.77,0.1,2335.77,2102.19,0,418.61,2025,2,February,Wednesday,2335.77,2102.193
2025-02-26,ORD010105,CUST01971,P004,Smartwatch,Electronics,Chennai,Store,Credit Card,1,7570.08,0.0,7570.08,7570.08,0,2161.1,2025,2,February,Wednesday,7570.08,7570.08
2025-02-26,ORD010888,CUST01615,P002,Smartphone,Electronics,Pune,Online,Credit Card,1,26044.27,0.1,26044.27,23439.84,0,3473.13,2025,2,February,Wednesday,26044.27,23439.843
2025-02-26,ORD020668,CUST01035,P009,T-Shirt,Fashion,Jaipur,Online,Credit Card,1,1202.58,0.25,1202.58,901.94,0,41.24,2025,2,February,Wednesday,1202.58,901.935
2025-02-26,ORD031600,CUST03231,P002,Smartphone,Electronics,Kolkata,Online,UPI,1,30507.39,0.1,30507.39,27456.65,0,6520.61,2025,2,February,Wednesday,30507.39,27456.651
2025-02-27,ORD011939,CUST02813,P005,Office Chair,Furniture,Mumbai,Online,UPI,5,10127.08,0.1,50635.4,45571.86,0,2849.43,2025,2,February,Thursday,50635.4,45571.86
2025-02-27,ORD035562,CUST01169,P008,Running Shoes,Fashion,Surat,Online,Net Banking,5,3955.11,0.25,19775.55,14831.66,1,-741.58,2025,2,February,Thursday,19775.55,14831.662499999999
2025-02-27,ORD001460,CUST03856,P014,Keyboard,Electronics,Bengaluru,Online,Credit Card,1,2748.04,0.0,2748.04,2748.04,0,767.46,2025,2,February,Thursday,2748.04,2748.04
2025-02-27,ORD025366,CUST01668,P011,Mixer Grinder,Home,Bengaluru,Store,Credit Card,1,5053.76,0.05,5053.76,4801.07,0,346.15,2025,2,February,Thursday,5053.76,4801.072
2025-02-27,ORD026423,CUST04659,P004,Smartwatch,Electronics,Delhi,Online,UPI,1,6432.45,0.1,6432.45,5789.2,0,430.96,2025,2,February,Thursday,6432.45,5789.205
2025-02-27,ORD026928,CUST02589,P019,Vacuum Cleaner,Home,Kolkata,Online,Net Banking,5,9773.94,0.15,48869.7,41539.25,0,9288.55,2025,2,February,Thursday,48869.700000000004,41539.244999999995
2025-02-27,ORD015358,CUST04887,P011,Mixer Grinder,Home,Jaipur,Store,Net Banking,1,4934.28,0.0,4934.28,4934.28,0,1114.88,2025,2,February,Thursday,4934.28,4934.28
2025-02-27,ORD040650,CUST01266,P015,Dining Table,Furniture,Mumbai,Store,Net Banking,3,20910.13,0.15,62730.39,53320.83,0,11391.43,2025,2,February,Thursday,62730.39,53320.8315
2025-02-27,ORD015450,CUST01005,P008,Running Shoes,Fashion,Kolkata,Online,UPI,1,4021.84,0.0,4021.84,4021.84,0,845.07,2025,2,February,Thursday,4021.84,4021.84
2025-02-27,ORD047762,CUST03207,P015,Dining Table,Furniture,Ahmedabad,Store,UPI,2,23362.38,0.1,46724.76,42052.28,0,7678.09,2025,2,February,Thursday,46724.76,42052.284
2025-02-27,ORD044158,CUST02881,P003,Headphones,Electronics,Kolkata,Online,UPI,2,4412.8,0.05,8825.6,8384.32,0,1982.72,2025,2,February,Thursday,8825.6,8384.32
2025-02-27,ORD046029,CUST04548,P013,Monitor,Electronics,Surat,Store,UPI,1,17799.23,0.05,17799.23,16909.27,0,4159.33,2025,2,February,Thursday,17799.23,16909.2685
2025-02-27,ORD046187,CUST01752,P016,Sofa,Furniture,Hyderabad,Online,Debit Card,4,38173.27,0.2,152693.08,122154.46,1,-6107.72,2025,2,February,Thursday,152693.08,122154.46399999999
2025-02-27,ORD020048,CUST04038,P011,Mixer Grinder,Home,Surat,Store,Net Banking,1,4622.83,0.1,4622.83,4160.55,0,1045.8,2025,2,February,Thursday,4622.83,4160.5470000000005
2025-02-27,ORD020418,CUST04537,P002,Smartphone,Electronics,Kolkata,Online,Credit Card,2,28486.21,0.1,56972.42,51275.18,0,9132.75,2025,2,February,Thursday,56972.42,51275.178
2025-02-27,ORD024178,CUST00656,P004,Smartwatch,Electronics,Kolkata,Online,Debit Card,1,6819.1,0.05,6819.1,6478.14,0,454.16,2025,2,February,Thursday,6819.1,6478.145
2025-02-27,ORD008783,CUST03927,P005,Office Chair,Furniture,Delhi,Store,Debit Card,1,8571.18,0.25,8571.18,6428.38,0,912.29,2025,2,February,Thursday,8571.18,6428.385
2025-02-27,ORD000227,CUST00142,P006,Desk,Furniture,Mumbai,Online,Credit Card,1,11464.35,0.0,11464.35,11464.35,1,-573.22,2025,2,February,Thursday,11464.35,11464.35
2025-02-27,ORD010680,CUST03442,P007,Backpack,Accessories,Pune,Store,Cash,3,2108.59,0.1,6325.77,5693.19,0,1079.05,2025,2,February,Thursday,6325.77,5693.193
2025-02-27,ORD025667,CUST02334,P014,Keyboard,Electronics,Jaipur,Online,Credit Card,1,2356.62,0.1,2356.62,2120.96,0,194.28,2025,2,February,Thursday,2356.62,2120.958
2025-02-27,ORD046609,CUST04805,P015,Dining Table,Furniture,Hyderabad,Online,UPI,1,20988.48,0.05,20988.48,19939.06,0,3858.61,2025,2,February,Thursday,20988.48,19939.055999999997
2025-02-27,ORD006700,CUST01597,P008,Running Shoes,Fashion,Bengaluru,Store,Credit Card,2,3936.65,0.1,7873.3,7085.97,0,1979.8,2025,2,February,Thursday,7873.3,7085.97
2025-02-27,ORD024458,CUST01117,P019,Vacuum Cleaner,Home,Pune,Store,UPI,5,8647.33,0.1,43236.65,38912.98,1,-1945.65,2025,2,February,Thursday,43236.65,38912.985
2025-02-27,ORD045507,CUST04880,P005,Office Chair,Furniture,Hyderabad,Online,Credit Card,1,8650.07,0.2,8650.07,6920.06,0,901.74,2025,2,February,Thursday,8650.07,6920.0560000000005
2025-02-27,ORD035346,CUST04927,P016,Sofa,Furniture,Jaipur,Store,Net Banking,1,31832.99,0.0,31832.99,31832.99,0,7213.13,2025,2,February,Thursday,31832.99,31832.99
2025-02-27,ORD013121,CUST03384,P006,Desk,Furniture,Hyderabad,Online,UPI,2,12169.75,0.05,24339.5,23122.52,0,4460.75,2025,2,February,Thursday,24339.5,23122.524999999998
2025-02-27,ORD026897,CUST00042,P016,Sofa,Furniture,Kolkata,Store,Debit Card,1,31780.15,0.25,31780.15,23835.11,0,2856.12,2025,2,February,Thursday,31780.15,23835.112500000003
2025-02-27,ORD009984,CUST00653,P013,Monitor,Electronics,Kolkata,Online,UPI,1,19471.58,0.0,19471.58,19471.58,1,-973.58,2025,2,February,Thursday,19471.58,19471.58
2025-02-27,ORD029591,CUST01541,P018,Jacket,Fashion,Pune,Store,UPI,1,5074.77,0.15,5074.77,4313.55,0,1147.92,2025,2,February,Thursday,5074.77,4313.5545
2025-02-27,ORD023781,CUST03450,P006,Desk,Furniture,Jaipur,Store,UPI,1,11126.46,0.1,11126.46,10013.81,0,1303.65,2025,2,February,Thursday,11126.46,10013.814
2025-02-27,ORD026023,CUST04495,P012,Air Fryer,Home,Jaipur,Store,Net Banking,1,7517.23,0.1,7517.23,6765.51,0,1201.35,2025,2,February,Thursday,7517.23,6765.507
2025-02-27,ORD049751,CUST01089,P008,Running Shoes,Fashion,Chennai,Store,Debit Card,2,4528.27,0.05,9056.54,8603.71,0,1948.86,2025,2,February,Thursday,9056.54,8603.713
2025-02-27,ORD003596,CUST02750,P019,Vacuum Cleaner,Home,Kolkata,Store,Credit Card,1,8954.91,0.05,8954.91,8507.16,0,2059.5,2025,2,February,Thursday,8954.91,8507.164499999999
2025-02-27,ORD030352,CUST02872,P011,Mixer Grinder,Home,Chennai,Store,UPI,1,5243.88,0.05,5243.88,4981.69,0,1155.24,2025,2,February,Thursday,5243.88,4981.686
2025-02-27,ORD035054,CUST04943,P016,Sofa,Furniture,Mumbai,Online,Cash,1,32826.19,0.05,32826.19,31184.88,0,2197.56,2025,2,February,Thursday,32826.19,31184.8805
2025-02-27,ORD033976,CUST02498,P001,Laptop,Electronics,Jaipur,Store,Credit Card,2,66123.83,0.1,132247.66,119022.89,0,25432.41,2025,2,February,Thursday,132247.66,119022.894
2025-02-27,ORD018250,CUST02226,P015,Dining Table,Furniture,Delhi,Store,Credit Card,3,23825.22,0.2,71475.66,57180.53,0,4303.1,2025,2,February,Thursday,71475.66,57180.528000000006
2025-02-27,ORD047782,CUST03046,P015,Dining Table,Furniture,Pune,Online,UPI,1,22706.62,0.0,22706.62,22706.62,0,4048.96,2025,2,February,Thursday,22706.62,22706.62
2025-02-27,ORD046805,CUST04742,P008,Running Shoes,Fashion,Chennai,Online,UPI,3,4231.15,0.15,12693.45,10789.43,0,2625.63,2025,2,February,Thursday,12693.449999999999,10789.4325
2025-02-27,ORD002237,CUST00363,P008,Running Shoes,Fashion,Bengaluru,Online,Debit Card,1,4413.22,0.15,4413.22,3751.24,0,546.25,2025,2,February,Thursday,4413.22,3751.237
2025-02-27,ORD027222,CUST04519,P011,Mixer Grinder,Home,Jaipur,Store,UPI,1,5027.25,0.05,5027.25,4775.89,0,335.78,2025,2,February,Thursday,5027.25,4775.8875
2025-02-27,ORD032983,CUST03665,P002,Smartphone,Electronics,Jaipur,Online,UPI,1,28142.15,0.1,28142.15,25327.94,0,4488.68,2025,2,February,Thursday,28142.15,25327.935
2025-02-27,ORD039122,CUST04701,P001,Laptop,Electronics,Bengaluru,Online,UPI,1,60665.3,0.0,60665.3,60665.3,0,12230.54,2025,2,February,Thursday,60665.3,60665.3
2025-02-27,ORD018612,CUST03780,P016,Sofa,Furniture,Pune,Online,Credit Card,1,35945.28,0.15,35945.28,30553.49,0,4650.49,2025,2,February,Thursday,35945.28,30553.487999999998
2025-02-27,ORD039267,CUST04768,P007,Backpack,Accessories,Mumbai,Online,Credit Card,3,2102.03,0.2,6306.09,5044.87,0,1211.66,2025,2,February,Thursday,6306.09,5044.872
2025-02-27,ORD003785,CUST00016,P012,Air Fryer,Home,Pune,Store,UPI,1,7459.07,0.15,7459.07,6340.21,0,1203.63,2025,2,February,Thursday,7459.07,6340.2095
2025-02-27,ORD034746,CUST01972,P009,T-Shirt,Fashion,Chennai,Online,UPI,1,1215.12,0.05,1215.12,1154.36,0,315.47,2025,2,February,Thursday,1215.12,1154.3639999999998
2025-02-27,ORD016749,CUST03104,P020,Microwave,Home,Surat,Online,Credit Card,1,11722.74,0.0,11722.74,11722.74,0,3474.85,2025,2,February,Thursday,11722.74,11722.74
2025-02-27,ORD012741,CUST04489,P010,Coffee Maker,Home,Delhi,Store,UPI,2,6043.47,0.05,12086.94,11482.59,0,2432.86,2025,2,February,Thursday,12086.94,11482.593
2025-02-27,ORD030848,CUST01749,P016,Sofa,Furniture,Delhi,Online,Credit Card,1,33823.77,0.05,33823.77,32132.58,0,7695.7,2025,2,February,Thursday,33823.77,32132.581499999997
2025-02-27,ORD008376,CUST03030,P012,Air Fryer,Home,Bengaluru,Online,Debit Card,1,7397.33,0.0,7397.33,7397.33,0,1531.23,2025,2,February,Thursday,7397.33,7397.33
2025-02-27,ORD016598,CUST01832,P003,Headphones,Electronics,Hyderabad,Store,Credit Card,1,4515.51,0.1,4515.51,4063.96,0,984.62,2025,2,February,Thursday,4515.51,4063.9590000000003
2025-02-27,ORD045871,CUST00165,P004,Smartwatch,Electronics,Kolkata,Store,Credit Card,1,7256.16,0.1,7256.16,6530.54,0,892.63,2025,2,February,Thursday,7256.16,6530.544
2025-02-27,ORD003235,CUST04929,P001,Laptop,Electronics,Delhi,Online,Credit Card,1,59515.37,0.05,59515.37,56539.6,0,8130.92,2025,2,February,Thursday,59515.37,56539.6015
2025-02-27,ORD006837,CUST04486,P002,Smartphone,Electronics,Mumbai,Online,Debit Card,1,30333.95,0.1,30333.95,27300.56,0,5202.75,2025,2,February,Thursday,30333.95,27300.555
2025-02-27,ORD000911,CUST00134,P010,Coffee Maker,Home,Pune,Online,Credit Card,1,5195.88,0.15,5195.88,4416.5,0,995.72,2025,2,February,Thursday,5195.88,4416.498
2025-02-27,ORD000365,CUST03479,P019,Vacuum Cleaner,Home,Kolkata,Online,UPI,2,9490.99,0.0,18981.98,18981.98,0,4347.38,2025,2,February,Thursday,18981.98,18981.98
2025-02-27,ORD019693,CUST03536,P007,Backpack,Accessories,Delhi,Online,Credit Card,2,2255.12,0.2,4510.24,3608.19,0,329.2,2025,2,February,Thursday,4510.24,3608.192
2025-02-27,ORD025176,CUST00792,P019,Vacuum Cleaner,Home,Bengaluru,Online,UPI,2,9293.13,0.1,18586.26,16727.63,0,1209.56,2025,2,February,Thursday,18586.26,16727.634
2025-02-27,ORD047089,CUST03883,P017,Jeans,Fashion,Mumbai,Store,Debit Card,1,2558.51,0.1,2558.51,2302.66,0,394.06,2025,2,February,Thursday,2558.51,2302.659
2025-02-27,ORD047221,CUST04745,P006,Desk,Furniture,Pune,Online,Net Banking,4,11783.28,0.15,47133.12,40063.15,0,4223.21,2025,2,February,Thursday,47133.12,40063.152
2025-02-27,ORD024094,CUST01728,P009,T-Shirt,Fashion,Mumbai,Online,Credit Card,1,1255.97,0.1,1255.97,1130.37,0,119.28,2025,2,February,Thursday,1255.97,1130.373
2025-02-27,ORD010402,CUST04324,P005,Office Chair,Furniture,Ahmedabad,Online,Debit Card,1,10259.52,0.05,10259.52,9746.54,0,2615.29,2025,2,February,Thursday,10259.52,9746.544
2025-02-27,ORD031469,CUST03136,P001,Laptop,Electronics,Mumbai,Store,Debit Card,5,65958.2,0.15,329791.0,280322.35,0,42410.76,2025,2,February,Thursday,329791.0,280322.35
2025-02-27,ORD048622,CUST03329,P015,Dining Table,Furniture,Pune,Online,UPI,2,23481.7,0.05,46963.4,44615.23,0,6267.45,2025,2,February,Thursday,46963.4,44615.229999999996
2025-02-27,ORD026242,CUST01330,P013,Monitor,Electronics,Bengaluru,Store,UPI,1,17857.54,0.05,17857.54,16964.66,1,-848.23,2025,2,February,Thursday,17857.54,16964.663
2025-02-27,ORD030768,CUST03178,P017,Jeans,Fashion,Surat,Online,Credit Card,1,2693.37,0.0,2693.37,2693.37,0,482.99,2025,2,February,Thursday,2693.37,2693.37
2025-02-27,ORD027434,CUST03291,P014,Keyboard,Electronics,Jaipur,Online,Credit Card,1,2350.55,0.1,2350.55,2115.5,0,450.68,2025,2,February,Thursday,2350.55,2115.4950000000003
2025-02-27,ORD029800,CUST02595,P005,Office Chair,Furniture,Bengaluru,Store,Net Banking,2,10348.06,0.1,20696.12,18626.51,0,2764.24,2025,2,February,Thursday,20696.12,18626.507999999998
2025-02-27,ORD038986,CUST02385,P006,Desk,Furniture,Chennai,Store,UPI,3,11404.2,0.2,34212.6,27370.08,0,5177.73,2025,2,February,Thursday,34212.600000000006,27370.08
2025-02-27,ORD008646,CUST01065,P010,Coffee Maker,Home,Pune,Online,Net Banking,3,5519.79,0.1,16559.37,14903.43,0,3310.39,2025,2,February,Thursday,16559.37,14903.432999999999
2025-02-27,ORD028735,CUST02721,P018,Jacket,Fashion,Surat,Store,UPI,1,5217.82,0.2,5217.82,4174.26,0,183.42,2025,2,February,Thursday,5217.82,4174.256
2025-02-28,ORD009319,CUST01882,P001,Laptop,Electronics,Kolkata,Online,UPI,1,59206.52,0.2,59206.52,47365.22,0,10820.44,2025,2,February,Friday,59206.52,47365.216
2025-02-28,ORD021864,CUST03568,P015,Dining Table,Furniture,Ahmedabad,Online,UPI,1,22805.51,0.1,22805.51,20524.96,0,2317.77,2025,2,February,Friday,22805.51,20524.959
2025-02-28,ORD014017,CUST02585,P002,Smartphone,Electronics,Mumbai,Store,Net Banking,1,30783.3,0.0,30783.3,30783.3,0,6126.63,2025,2,February,Friday,30783.3,30783.3
2025-02-28,ORD000770,CUST02794,P006,Desk,Furniture,Delhi,Online,Debit Card,3,11247.79,0.1,33743.37,30369.03,0,7171.53,2025,2,February,Friday,33743.37,30369.033000000003
2025-02-28,ORD003007,CUST01476,P009,T-Shirt,Fashion,Kolkata,Store,UPI,2,1284.03,0.0,2568.06,2568.06,0,472.42,2025,2,February,Friday,2568.06,2568.06
2025-02-28,ORD008777,CUST04563,P019,Vacuum Cleaner,Home,Surat,Online,UPI,1,9724.8,0.15,9724.8,8266.08,0,2143.31,2025,2,February,Friday,9724.8,8266.08
2025-02-28,ORD046410,CUST03420,P005,Office Chair,Furniture,Ahmedabad,Store,Cash,1,9834.08,0.1,9834.08,8850.67,0,1306.66,2025,2,February,Friday,9834.08,8850.672
2025-02-28,ORD026462,CUST04972,P003,Headphones,Electronics,Hyderabad,Online,Net Banking,1,4102.93,0.2,4102.93,3282.34,0,379.28,2025,2,February,Friday,4102.93,3282.3440000000005
2025-02-28,ORD047741,CUST01383,P015,Dining Table,Furniture,Delhi,Store,Debit Card,2,22094.09,0.15,44188.18,37559.95,0,8117.5,2025,2,February,Friday,44188.18,37559.953
2025-02-28,ORD022618,CUST03079,P006,Desk,Furniture,Chennai,Store,Net Banking,2,11893.58,0.15,23787.16,20219.09,0,1852.65,2025,2,February,Friday,23787.16,20219.086
2025-02-28,ORD000583,CUST01096,P017,Jeans,Fashion,Surat,Online,UPI,1,2968.46,0.2,2968.46,2374.77,0,470.47,2025,2,February,Friday,2968.46,2374.768
2025-02-28,ORD024593,CUST01092,P009,T-Shirt,Fashion,Bengaluru,Store,Credit Card,1,1143.65,0.2,1143.65,914.92,1,-45.75,2025,2,February,Friday,1143.65,914.9200000000001
2025-02-28,ORD003979,CUST00959,P020,Microwave,Home,Kolkata,Store,Credit Card,1,10592.68,0.1,10592.68,9533.41,0,1119.12,2025,2,February,Friday,10592.68,9533.412
2025-02-28,ORD045079,CUST01887,P013,Monitor,Electronics,Bengaluru,Store,Cash,1,18227.75,0.1,18227.75,16404.98,0,1140.92,2025,2,February,Friday,18227.75,16404.975000000002
2025-02-28,ORD029576,CUST04779,P002,Smartphone,Electronics,Mumbai,Store,Credit Card,1,29702.05,0.1,29702.05,26731.84,0,3798.88,2025,2,February,Friday,29702.05,26731.845
2025-02-28,ORD004619,CUST01029,P001,Laptop,Electronics,Mumbai,Store,Debit Card,5,60759.22,0.15,303796.1,258226.68,0,13450.16,2025,2,February,Friday,303796.1,258226.68499999997
2025-02-28,ORD025093,CUST02557,P005,Office Chair,Furniture,Hyderabad,Online,Debit Card,1,9266.74,0.05,9266.74,8803.4,0,1259.78,2025,2,February,Friday,9266.74,8803.403
2025-02-28,ORD022987,CUST01978,P003,Headphones,Electronics,Chennai,Store,UPI,1,4153.72,0.05,4153.72,3946.03,0,285.54,2025,2,February,Friday,4153.72,3946.034
2025-02-28,ORD019626,CUST04765,P013,Monitor,Electronics,Jaipur,Store,UPI,1,16259.57,0.1,16259.57,14633.61,0,2792.8,2025,2,February,Friday,16259.57,14633.613
2025-02-28,ORD001811,CUST03311,P014,Keyboard,Electronics,Surat,Online,Debit Card,3,2605.09,0.1,7815.27,7033.74,0,1886.19,2025,2,February,Friday,7815.27,7033.743
2025-02-28,ORD013820,CUST03532,P009,T-Shirt,Fashion,Mumbai,Online,UPI,1,1278.18,0.15,1278.18,1086.45,0,106.23,2025,2,February,Friday,1278.18,1086.453
2025-02-28,ORD048176,CUST04931,P001,Laptop,Electronics,Delhi,Store,UPI,4,64261.45,0.2,257045.8,205636.64,0,15104.86,2025,2,February,Friday,257045.8,205636.64
2025-02-28,ORD010881,CUST03870,P017,Jeans,Fashion,Hyderabad,Store,Credit Card,2,2912.24,0.05,5824.48,5533.26,0,489.15,2025,2,February,Friday,5824.48,5533.255999999999
2025-02-28,ORD028046,CUST04393,P001,Laptop,Electronics,Jaipur,Online,Net Banking,1,59603.24,0.15,59603.24,50662.75,0,12360.91,2025,2,February,Friday,59603.24,50662.75399999999
2025-02-28,ORD010006,CUST01697,P012,Air Fryer,Home,Surat,Online,Net Banking,4,6967.32,0.2,27869.28,22295.42,0,2796.47,2025,2,February,Friday,27869.28,22295.424
2025-02-28,ORD008206,CUST02441,P014,Keyboard,Electronics,Pune,Online,Credit Card,2,2732.56,0.2,5465.12,4372.1,0,698.3,2025,2,February,Friday,5465.12,4372.0960000000005
2025-02-28,ORD022667,CUST01267,P001,Laptop,Electronics,Jaipur,Store,Debit Card,1,70369.9,0.1,70369.9,63332.91,0,7183.09,2025,2,February,Friday,70369.9,63332.909999999996
2025-02-28,ORD003064,CUST01712,P012,Air Fryer,Home,Kolkata,Online,UPI,1,7904.5,0.2,7904.5,6323.6,0,1413.64,2025,2,February,Friday,7904.5,6323.6
2025-02-28,ORD027561,CUST04684,P007,Backpack,Accessories,Surat,Online,Cash,5,2055.68,0.1,10278.4,9250.56,0,1487.81,2025,2,February,Friday,10278.4,9250.56
2025-02-28,ORD009521,CUST01391,P008,Running Shoes,Fashion,Jaipur,Online,Credit Card,4,4293.37,0.05,17173.48,16314.81,0,2390.73,2025,2,February,Friday,17173.48,16314.805999999999
2025-02-28,ORD042208,CUST03036,P017,Jeans,Fashion,Jaipur,Online,UPI,4,2679.12,0.0,10716.48,10716.48,0,3102.84,2025,2,February,Friday,10716.48,10716.48
2025-02-28,ORD046699,CUST03853,P002,Smartphone,Electronics,Bengaluru,Online,UPI,2,28677.29,0.1,57354.58,51619.12,0,7792.17,2025,2,February,Friday,57354.58,51619.122
2025-02-28,ORD031134,CUST04490,P013,Monitor,Electronics,Mumbai,Online,UPI,1,18466.61,0.25,18466.61,13849.96,0,2676.05,2025,2,February,Friday,18466.61,13849.9575
2025-02-28,ORD024827,CUST03372,P008,Running Shoes,Fashion,Surat,Online,Credit Card,4,4396.54,0.2,17586.16,14068.93,0,1984.89,2025,2,February,Friday,17586.16,14068.928
2025-02-28,ORD015575,CUST02922,P014,Keyboard,Electronics,Kolkata,Online,Debit Card,5,2435.69,0.05,12178.45,11569.53,0,998.43,2025,2,February,Friday,12178.45,11569.5275
2025-02-28,ORD008217,CUST00921,P005,Office Chair,Furniture,Surat,Online,Cash,2,8673.09,0.1,17346.18,15611.56,0,2239.25,2025,2,February,Friday,17346.18,15611.562
2025-02-28,ORD017478,CUST02976,P012,Air Fryer,Home,Bengaluru,Online,Credit Card,1,7919.18,0.15,7919.18,6731.3,0,1045.9,2025,2,February,Friday,7919.18,6731.303
2025-02-28,ORD006121,CUST03260,P018,Jacket,Fashion,Mumbai,Store,UPI,1,5561.52,0.05,5561.52,5283.44,0,1459.84,2025,2,February,Friday,5561.52,5283.444
2025-02-28,ORD017250,CUST02515,P018,Jacket,Fashion,Pune,Online,Credit Card,1,4695.31,0.0,4695.31,4695.31,0,1137.32,2025,2,February,Friday,4695.31,4695.31
2025-02-28,ORD036082,CUST04533,P014,Keyboard,Electronics,Delhi,Online,Credit Card,1,2335.86,0.0,2335.86,2335.86,0,280.44,2025,2,February,Friday,2335.86,2335.86
2025-02-28,ORD037080,CUST01019,P002,Smartphone,Electronics,Delhi,Store,UPI,2,30743.09,0.25,61486.18,46114.64,0,6568.93,2025,2,February,Friday,61486.18,46114.635
2025-02-28,ORD034655,CUST03755,P015,Dining Table,Furniture,Hyderabad,Store,UPI,1,21713.79,0.0,21713.79,21713.79,0,3854.4,2025,2,February,Friday,21713.79,21713.79
2025-02-28,ORD006029,CUST03434,P012,Air Fryer,Home,Chennai,Online,Credit Card,2,7592.97,0.0,15185.94,15185.94,0,2541.43,2025,2,February,Friday,15185.94,15185.94
2025-02-28,ORD014150,CUST04535,P010,Coffee Maker,Home,Delhi,Store,UPI,1,5936.34,0.1,5936.34,5342.71,0,696.45,2025,2,February,Friday,5936.34,5342.706
2025-02-28,ORD038255,CUST01479,P018,Jacket,Fashion,Jaipur,Online,UPI,2,4696.7,0.0,9393.4,9393.4,1,-469.67,2025,2,February,Friday,9393.4,9393.4
2025-02-28,ORD043992,CUST01230,P002,Smartphone,Electronics,Chennai,Online,Credit Card,3,30519.77,0.05,91559.31,86981.34,0,24850.87,2025,2,February,Friday,91559.31,86981.34449999999
2025-02-28,ORD031453,CUST01301,P010,Coffee Maker,Home,Surat,Online,Cash,3,5013.45,0.1,15040.35,13536.31,0,1808.49,2025,2,February,Friday,15040.349999999999,13536.315
2025-02-28,ORD008383,CUST02303,P011,Mixer Grinder,Home,Pune,Online,Credit Card,1,4686.53,0.0,4686.53,4686.53,0,839.53,2025,2,February,Friday,4686.53,4686.53
2025-02-28,ORD017403,CUST03723,P009,T-Shirt,Fashion,Bengaluru,Store,Credit Card,1,1114.71,0.1,1114.71,1003.24,0,269.44,2025,2,February,Friday,1114.71,1003.239
2025-02-28,ORD007947,CUST03855,P011,Mixer Grinder,Home,Pune,Online,UPI,3,4672.59,0.1,14017.77,12615.99,0,1394.3,2025,2,February,Friday,14017.77,12615.993
2025-02-28,ORD019036,CUST01168,P005,Office Chair,Furniture,Kolkata,Online,Credit Card,1,10190.64,0.0,10190.64,10190.64,0,2498.03,2025,2,February,Friday,10190.64,10190.64
2025-02-28,ORD005013,CUST04962,P010,Coffee Maker,Home,Delhi,Online,Credit Card,2,5223.05,0.2,10446.1,8356.88,0,636.53,2025,2,February,Friday,10446.1,8356.880000000001
2025-02-28,ORD045342,CUST02436,P006,Desk,Furniture,Surat,Store,Credit Card,1,13099.68,0.1,13099.68,11789.71,0,1605.45,2025,2,February,Friday,13099.68,11789.712000000001
2025-02-28,ORD039538,CUST01313,P007,Backpack,Accessories,Kolkata,Online,Credit Card,2,2100.9,0.1,4201.8,3781.62,0,771.73,2025,2,February,Friday,4201.8,3781.6200000000003
2025-02-28,ORD016977,CUST04280,P020,Microwave,Home,Delhi,Online,Net Banking,5,11506.21,0.15,57531.05,48901.39,0,4503.25,2025,2,February,Friday,57531.049999999996,48901.3925
2025-02-28,ORD033916,CUST00841,P014,Keyboard,Electronics,Ahmedabad,Online,UPI,1,2659.33,0.1,2659.33,2393.4,0,653.93,2025,2,February,Friday,2659.33,2393.397
2025-02-28,ORD045292,CUST04705,P009,T-Shirt,Fashion,Delhi,Online,Credit Card,1,1282.22,0.15,1282.22,1089.89,0,179.54,2025,2,February,Friday,1282.22,1089.887
2025-02-28,ORD006216,CUST02008,P017,Jeans,Fashion,Mumbai,Online,Credit Card,1,2918.05,0.1,2918.05,2626.25,0,294.23,2025,2,February,Friday,2918.05,2626.2450000000003
2025-02-28,ORD026474,CUST00041,P013,Monitor,Electronics,Bengaluru,Store,UPI,4,18437.78,0.05,73751.12,70063.56,0,19295.68,2025,2,February,Friday,73751.12,70063.564
2025-02-28,ORD000515,CUST04525,P018,Jacket,Fashion,Bengaluru,Store,UPI,2,5359.73,0.1,10719.46,9647.51,0,1837.58,2025,2,February,Friday,10719.46,9647.514
2025-02-28,ORD021625,CUST01968,P009,T-Shirt,Fashion,Ahmedabad,Online,UPI,2,1259.83,0.15,2519.66,2141.71,0,131.51,2025,2,February,Friday,2519.66,2141.711
2025-02-28,ORD043219,CUST02048,P017,Jeans,Fashion,Ahmedabad,Online,Credit Card,1,2981.36,0.1,2981.36,2683.22,0,181.55,2025,2,February,Friday,2981.36,2683.224
2025-02-28,ORD024394,CUST03294,P001,Laptop,Electronics,Kolkata,Online,Debit Card,2,68840.9,0.05,137681.8,130797.71,0,26633.46,2025,2,February,Friday,137681.8,130797.70999999998
2025-02-28,ORD040688,CUST04092,P010,Coffee Maker,Home,Kolkata,Online,Cash,1,5293.87,0.05,5293.87,5029.18,0,509.1,2025,2,February,Friday,5293.87,5029.1765
2025-02-28,ORD028965,CUST02096,P020,Microwave,Home,Hyderabad,Online,Credit Card,2,10555.01,0.0,21110.02,21110.02,0,5483.86,2025,2,February,Friday,21110.02,21110.02
2025-02-28,ORD007314,CUST04811,P017,Jeans,Fashion,Jaipur,Online,UPI,2,2993.25,0.0,5986.5,5986.5,0,1051.3,2025,2,February,Friday,5986.5,5986.5
2025-02-28,ORD030604,CUST02785,P003,Headphones,Electronics,Pune,Store,Credit Card,4,4707.85,0.15,18831.4,16006.69,0,1121.06,2025,2,February,Friday,18831.4,16006.69
2025-02-28,ORD001991,CUST01322,P002,Smartphone,Electronics,Kolkata,Online,Debit Card,1,30173.7,0.05,30173.7,28665.02,0,7424.72,2025,2,February,Friday,30173.7,28665.015
2025-03-01,ORD013853,CUST04915,P008,Running Shoes,Fashion,Pune,Store,Credit Card,2,4221.15,0.1,8442.3,7598.07,0,637.18,2025,3,March,Saturday,8442.3,7598.07
2025-03-01,ORD000469,CUST00919,P017,Jeans,Fashion,Hyderabad,Online,Debit Card,1,2711.1,0.15,2711.1,2304.44,0,457.73,2025,3,March,Saturday,2711.1,2304.435
2025-03-01,ORD015184,CUST00045,P001,Laptop,Electronics,Kolkata,Online,Credit Card,3,60143.43,0.05,180430.29,171408.78,0,24282.9,2025,3,March,Saturday,180430.29,171408.7755
2025-03-01,ORD003592,CUST01086,P001,Laptop,Electronics,Mumbai,Online,UPI,1,69100.48,0.15,69100.48,58735.41,0,5277.36,2025,3,March,Saturday,69100.48,58735.407999999996
2025-03-01,ORD019571,CUST01001,P016,Sofa,Furniture,Mumbai,Store,UPI,1,35793.64,0.0,35793.64,35793.64,0,10342.69,2025,3,March,Saturday,35793.64,35793.64
2025-03-01,ORD045595,CUST01804,P002,Smartphone,Electronics,Ahmedabad,Store,Credit Card,1,27664.05,0.15,27664.05,23514.44,0,4194.77,2025,3,March,Saturday,27664.05,23514.442499999997
2025-03-01,ORD006094,CUST03385,P002,Smartphone,Electronics,Delhi,Store,UPI,2,29983.53,0.15,59967.06,50972.0,1,-2548.6,2025,3,March,Saturday,59967.06,50972.001
2025-03-01,ORD007492,CUST00434,P004,Smartwatch,Electronics,Chennai,Store,UPI,3,6971.37,0.05,20914.11,19868.4,0,4417.92,2025,3,March,Saturday,20914.11,19868.4045
2025-03-01,ORD021597,CUST04614,P001,Laptop,Electronics,Ahmedabad,Online,UPI,1,64834.82,0.0,64834.82,64834.82,0,8364.18,2025,3,March,Saturday,64834.82,64834.82
2025-03-01,ORD011263,CUST00927,P015,Dining Table,Furniture,Mumbai,Store,Credit Card,1,22003.18,0.05,22003.18,20903.02,0,4388.56,2025,3,March,Saturday,22003.18,20903.021
2025-03-01,ORD016744,CUST04478,P006,Desk,Furniture,Delhi,Online,UPI,1,11562.29,0.05,11562.29,10984.18,0,3163.79,2025,3,March,Saturday,11562.29,10984.175500000001
2025-03-01,ORD041714,CUST00071,P020,Microwave,Home,Bengaluru,Online,Debit Card,1,11023.68,0.0,11023.68,11023.68,0,1996.57,2025,3,March,Saturday,11023.68,11023.68
2025-03-01,ORD038792,CUST01750,P003,Headphones,Electronics,Hyderabad,Online,Credit Card,1,4176.47,0.05,4176.47,3967.65,0,512.43,2025,3,March,Saturday,4176.47,3967.6465
2025-03-01,ORD011493,CUST01339,P020,Microwave,Home,Bengaluru,Online,UPI,3,10060.87,0.15,30182.61,25655.22,0,3018.72,2025,3,March,Saturday,30182.61,25655.2185
2025-03-01,ORD026526,CUST02091,P001,Laptop,Electronics,Chennai,Online,Debit Card,1,64158.93,0.1,64158.93,57743.04,0,8934.43,2025,3,March,Saturday,64158.93,57743.037000000004
2025-03-01,ORD038933,CUST03513,P015,Dining Table,Furniture,Surat,Online,UPI,1,21343.21,0.0,21343.21,21343.21,0,4621.87,2025,3,March,Saturday,21343.21,21343.21
2025-03-01,ORD023937,CUST04860,P003,Headphones,Electronics,Ahmedabad,Online,Credit Card,1,4238.43,0.15,4238.43,3602.67,0,565.95,2025,3,March,Saturday,4238.43,3602.6655
2025-03-01,ORD021591,CUST01482,P016,Sofa,Furniture,Mumbai,Store,Cash,2,31853.82,0.1,63707.64,57336.88,0,13518.46,2025,3,March,Saturday,63707.64,57336.876000000004
2025-03-01,ORD029737,CUST01590,P007,Backpack,Accessories,Mumbai,Online,UPI,1,2262.92,0.0,2262.92,2262.92,0,601.32,2025,3,March,Saturday,2262.92,2262.92
2025-03-01,ORD028621,CUST02999,P011,Mixer Grinder,Home,Surat,Store,Credit Card,1,4861.17,0.1,4861.17,4375.05,0,353.67,2025,3,March,Saturday,4861.17,4375.053
2025-03-01,ORD032110,CUST00118,P009,T-Shirt,Fashion,Mumbai,Online,Debit Card,1,1137.95,0.0,1137.95,1137.95,0,188.23,2025,3,March,Saturday,1137.95,1137.95
2025-03-01,ORD042915,CUST04300,P013,Monitor,Electronics,Kolkata,Store,Cash,1,19291.71,0.15,19291.71,16397.95,0,1838.1,2025,3,March,Saturday,19291.71,16397.9535
2025-03-01,ORD007529,CUST02754,P019,Vacuum Cleaner,Home,Mumbai,Online,UPI,1,8269.64,0.1,8269.64,7442.68,0,705.33,2025,3,March,Saturday,8269.64,7442.6759999999995
2025-03-01,ORD017879,CUST00607,P016,Sofa,Furniture,Delhi,Online,UPI,1,36931.62,0.05,36931.62,35085.04,0,5236.24,2025,3,March,Saturday,36931.62,35085.039000000004
2025-03-01,ORD013733,CUST00114,P011,Mixer Grinder,Home,Pune,Online,Credit Card,5,4647.09,0.05,23235.45,22073.68,0,6222.29,2025,3,March,Saturday,23235.45,22073.677499999998
2025-03-01,ORD018792,CUST04833,P013,Monitor,Electronics,Kolkata,Store,Credit Card,1,19425.9,0.0,19425.9,19425.9,0,2283.05,2025,3,March,Saturday,19425.9,19425.9
2025-03-01,ORD007825,CUST02797,P002,Smartphone,Electronics,Jaipur,Store,UPI,3,28144.88,0.1,84434.64,75991.18,0,20879.4,2025,3,March,Saturday,84434.64,75991.176
2025-03-01,ORD011150,CUST03348,P015,Dining Table,Furniture,Bengaluru,Store,UPI,1,20899.87,0.1,20899.87,18809.88,0,2554.53,2025,3,March,Saturday,20899.87,18809.882999999998
2025-03-01,ORD026220,CUST03693,P009,T-Shirt,Fashion,Ahmedabad,Online,Debit Card,5,1211.79,0.05,6058.95,5756.0,0,1415.83,2025,3,March,Saturday,6058.95,5756.0025
2025-03-01,ORD046349,CUST03577,P010,Coffee Maker,Home,Delhi,Store,Credit Card,4,5830.81,0.1,23323.24,20990.92,0,5231.92,2025,3,March,Saturday,23323.24,20990.916
2025-03-01,ORD043007,CUST04869,P005,Office Chair,Furniture,Kolkata,Store,Cash,2,9593.19,0.1,19186.38,17267.74,0,3760.0,2025,3,March,Saturday,19186.38,17267.742000000002
2025-03-01,ORD043840,CUST03235,P008,Running Shoes,Fashion,Chennai,Online,Credit Card,1,4410.36,0.1,4410.36,3969.32,0,853.62,2025,3,March,Saturday,4410.36,3969.3239999999996
2025-03-01,ORD000219,CUST02332,P014,Keyboard,Electronics,Pune,Store,Credit Card,4,2679.17,0.05,10716.68,10180.85,0,2752.59,2025,3,March,Saturday,10716.68,10180.846
2025-03-01,ORD011743,CUST01714,P011,Mixer Grinder,Home,Kolkata,Online,Debit Card,2,4721.12,0.1,9442.24,8498.02,0,1104.46,2025,3,March,Saturday,9442.24,8498.016
2025-03-01,ORD011033,CUST04372,P001,Laptop,Electronics,Mumbai,Store,Net Banking,5,59572.32,0.1,297861.6,268075.44,0,74668.37,2025,3,March,Saturday,297861.6,268075.44
2025-03-01,ORD023692,CUST02461,P017,Jeans,Fashion,Surat,Online,Debit Card,1,2930.41,0.1,2930.41,2637.37,0,360.86,2025,3,March,Saturday,2930.41,2637.369
2025-03-01,ORD046995,CUST00865,P014,Keyboard,Electronics,Ahmedabad,Store,UPI,4,2424.28,0.1,9697.12,8727.41,0,2171.09,2025,3,March,Saturday,9697.12,8727.408000000001
2025-03-01,ORD040637,CUST03195,P020,Microwave,Home,Mumbai,Online,Credit Card,2,10220.81,0.2,20441.62,16353.3,0,3130.52,2025,3,March,Saturday,20441.62,16353.296
2025-03-01,ORD009511,CUST04868,P009,T-Shirt,Fashion,Bengaluru,Store,Credit Card,1,1203.01,0.1,1203.01,1082.71,0,116.03,2025,3,March,Saturday,1203.01,1082.709
2025-03-01,ORD047628,CUST01665,P011,Mixer Grinder,Home,Bengaluru,Online,Credit Card,5,5121.17,0.0,25605.85,25605.85,1,-1280.29,2025,3,March,Saturday,25605.85,25605.85
2025-03-01,ORD038525,CUST04302,P013,Monitor,Electronics,Pune,Store,Debit Card,2,18769.76,0.05,37539.52,35662.54,0,4885.18,2025,3,March,Saturday,37539.52,35662.543999999994
2025-03-01,ORD015071,CUST04833,P013,Monitor,Electronics,Delhi,Store,UPI,4,19511.33,0.1,78045.32,70240.79,0,16380.46,2025,3,March,Saturday,78045.32,70240.78800000002
2025-03-01,ORD014674,CUST02756,P006,Desk,Furniture,Jaipur,Online,UPI,1,12782.7,0.15,12782.7,10865.3,0,2551.83,2025,3,March,Saturday,12782.7,10865.295
2025-03-01,ORD020751,CUST03614,P009,T-Shirt,Fashion,Surat,Online,Debit Card,2,1208.29,0.1,2416.58,2174.92,0,516.06,2025,3,March,Saturday,2416.58,2174.922
2025-03-01,ORD032052,CUST04194,P012,Air Fryer,Home,Surat,Online,Debit Card,1,7362.94,0.0,7362.94,7362.94,0,1399.14,2025,3,March,Saturday,7362.94,7362.94
2025-03-01,ORD042425,CUST00088,P012,Air Fryer,Home,Pune,Store,Credit Card,1,7329.79,0.0,7329.79,7329.79,0,1013.45,2025,3,March,Saturday,7329.79,7329.79
2025-03-01,ORD034013,CUST01480,P019,Vacuum Cleaner,Home,Surat,Online,Debit Card,2,8349.36,0.05,16698.72,15863.78,0,3128.99,2025,3,March,Saturday,16698.72,15863.784
2025-03-01,ORD033557,CUST02184,P003,Headphones,Electronics,Ahmedabad,Online,Credit Card,1,4839.19,0.25,4839.19,3629.39,0,479.59,2025,3,March,Saturday,4839.19,3629.3925
2025-03-01,ORD017965,CUST03729,P003,Headphones,Electronics,Surat,Online,UPI,1,4535.78,0.1,4535.78,4082.2,0,566.96,2025,3,March,Saturday,4535.78,4082.2019999999998
2025-03-01,ORD001577,CUST02474,P006,Desk,Furniture,Chennai,Online,Debit Card,1,10976.9,0.1,10976.9,9879.21,0,2380.93,2025,3,March,Saturday,10976.9,9879.21
2025-03-01,ORD026973,CUST02448,P006,Desk,Furniture,Mumbai,Online,Credit Card,1,12748.59,0.1,12748.59,11473.73,0,1517.93,2025,3,March,Saturday,12748.59,11473.731
2025-03-01,ORD033833,CUST03509,P012,Air Fryer,Home,Delhi,Store,UPI,1,6770.97,0.15,6770.97,5755.32,0,1132.92,2025,3,March,Saturday,6770.97,5755.3245
2025-03-02,ORD005454,CUST00521,P013,Monitor,Electronics,Bengaluru,Online,Credit Card,5,18534.4,0.25,92672.0,69504.0,0,12856.91,2025,3,March,Sunday,92672.0,69504.0
2025-03-02,ORD044545,CUST02125,P005,Office Chair,Furniture,Jaipur,Store,UPI,2,9892.45,0.15,19784.9,16817.16,0,4379.29,2025,3,March,Sunday,19784.9,16817.165
2025-03-02,ORD024926,CUST00132,P003,Headphones,Electronics,Hyderabad,Online,Debit Card,2,4117.93,0.05,8235.86,7824.07,0,1725.9,2025,3,March,Sunday,8235.86,7824.067
2025-03-02,ORD014897,CUST00352,P013,Monitor,Electronics,Hyderabad,Online,Credit Card,3,19744.92,0.05,59234.76,56273.02,0,12297.23,2025,3,March,Sunday,59234.759999999995,56273.022
2025-03-02,ORD029859,CUST02279,P017,Jeans,Fashion,Ahmedabad,Online,UPI,1,2840.17,0.05,2840.17,2698.16,0,698.89,2025,3,March,Sunday,2840.17,2698.1615
2025-03-02,ORD042376,CUST00366,P018,Jacket,Fashion,Surat,Online,Net Banking,1,5042.91,0.05,5042.91,4790.76,0,466.06,2025,3,March,Sunday,5042.91,4790.764499999999
2025-03-02,ORD023690,CUST00332,P002,Smartphone,Electronics,Kolkata,Online,Credit Card,1,29038.6,0.2,29038.6,23230.88,0,5339.1,2025,3,March,Sunday,29038.6,23230.88
2025-03-02,ORD025968,CUST04970,P005,Office Chair,Furniture,Pune,Online,Credit Card,1,9331.97,0.1,9331.97,8398.77,0,2151.7,2025,3,March,Sunday,9331.97,8398.773
2025-03-02,ORD033197,CUST00615,P009,T-Shirt,Fashion,Hyderabad,Online,Credit Card,1,1213.53,0.1,1213.53,1092.18,0,303.52,2025,3,March,Sunday,1213.53,1092.177
2025-03-02,ORD033709,CUST01746,P001,Laptop,Electronics,Hyderabad,Online,Credit Card,2,64924.97,0.1,129849.94,116864.95,0,24421.69,2025,3,March,Sunday,129849.94,116864.94600000001
2025-03-02,ORD022732,CUST00419,P008,Running Shoes,Fashion,Delhi,Online,UPI,5,3972.8,0.05,19864.0,18870.8,0,4325.4,2025,3,March,Sunday,19864.0,18870.8
2025-03-02,ORD027145,CUST02113,P011,Mixer Grinder,Home,Mumbai,Online,Debit Card,2,5229.37,0.05,10458.74,9935.8,0,2007.75,2025,3,March,Sunday,10458.74,9935.803
2025-03-02,ORD042743,CUST03785,P017,Jeans,Fashion,Mumbai,Store,UPI,1,2939.84,0.2,2939.84,2351.87,0,396.09,2025,3,March,Sunday,2939.84,2351.8720000000003
2025-03-02,ORD020113,CUST03590,P012,Air Fryer,Home,Kolkata,Online,Credit Card,1,7373.91,0.1,7373.91,6636.52,0,1065.22,2025,3,March,Sunday,7373.91,6636.519
2025-03-02,ORD027081,CUST01705,P009,T-Shirt,Fashion,Mumbai,Online,UPI,2,1220.52,0.0,2441.04,2441.04,1,-122.05,2025,3,March,Sunday,2441.04,2441.04
2025-03-02,ORD017607,CUST00808,P011,Mixer Grinder,Home,Jaipur,Store,UPI,1,4942.01,0.05,4942.01,4694.91,0,469.12,2025,3,March,Sunday,4942.01,4694.9095
2025-03-02,ORD013646,CUST03982,P017,Jeans,Fashion,Mumbai,Store,Credit Card,2,3060.79,0.05,6121.58,5815.5,0,1083.6,2025,3,March,Sunday,6121.58,5815.500999999999
2025-03-02,ORD036151,CUST00375,P008,Running Shoes,Fashion,Jaipur,Online,Cash,4,4241.82,0.1,16967.28,15270.55,0,2237.55,2025,3,March,Sunday,16967.28,15270.552
2025-03-02,ORD045066,CUST02069,P003,Headphones,Electronics,Delhi,Online,Debit Card,4,4287.43,0.05,17149.72,16292.23,1,-814.61,2025,3,March,Sunday,17149.72,16292.234
2025-03-02,ORD029912,CUST02681,P008,Running Shoes,Fashion,Pune,Online,UPI,3,3796.68,0.15,11390.04,9681.53,0,1191.14,2025,3,March,Sunday,11390.039999999999,9681.534
2025-03-02,ORD001393,CUST00949,P018,Jacket,Fashion,Surat,Online,Net Banking,1,5210.64,0.05,5210.64,4950.11,0,989.47,2025,3,March,Sunday,5210.64,4950.108
2025-03-02,ORD009478,CUST00353,P010,Coffee Maker,Home,Hyderabad,Store,UPI,3,5160.72,0.15,15482.16,13159.84,0,855.57,2025,3,March,Sunday,15482.16,13159.836
2025-03-02,ORD040330,CUST01345,P004,Smartwatch,Electronics,Ahmedabad,Store,Net Banking,1,6444.98,0.1,6444.98,5800.48,0,1555.76,2025,3,March,Sunday,6444.98,5800.482
2025-03-02,ORD045028,CUST03303,P020,Microwave,Home,Mumbai,Online,UPI,1,11658.73,0.1,11658.73,10492.86,0,1374.12,2025,3,March,Sunday,11658.73,10492.857
2025-03-02,ORD049778,CUST03532,P014,Keyboard,Electronics,Chennai,Online,UPI,1,2307.7,0.1,2307.7,2076.93,0,285.21,2025,3,March,Sunday,2307.7,2076.93
2025-03-02,ORD013958,CUST03072,P018,Jacket,Fashion,Chennai,Online,UPI,1,5339.09,0.05,5339.09,5072.14,0,986.99,2025,3,March,Sunday,5339.09,5072.1355
2025-03-02,ORD031105,CUST01385,P005,Office Chair,Furniture,Pune,Online,Net Banking,3,9374.85,0.05,28124.55,26718.32,0,3279.24,2025,3,March,Sunday,28124.550000000003,26718.3225
2025-03-02,ORD019918,CUST02612,P018,Jacket,Fashion,Mumbai,Store,UPI,1,5401.64,0.1,5401.64,4861.48,0,542.06,2025,3,March,Sunday,5401.64,4861.476000000001
2025-03-02,ORD045263,CUST03600,P014,Keyboard,Electronics,Kolkata,Online,Debit Card,1,2331.67,0.15,2331.67,1981.92,0,100.89,2025,3,March,Sunday,2331.67,1981.9195
2025-03-02,ORD034300,CUST00831,P006,Desk,Furniture,Pune,Store,Debit Card,1,11211.26,0.05,11211.26,10650.7,0,2780.48,2025,3,March,Sunday,11211.26,10650.697
2025-03-02,ORD042039,CUST02328,P011,Mixer Grinder,Home,Chennai,Online,UPI,1,4985.58,0.1,4985.58,4487.02,0,830.51,2025,3,March,Sunday,4985.58,4487.022
2025-03-02,ORD003284,CUST01485,P020,Microwave,Home,Pune,Store,UPI,1,9918.5,0.0,9918.5,9918.5,0,2733.59,2025,3,March,Sunday,9918.5,9918.5
2025-03-02,ORD044438,CUST01865,P018,Jacket,Fashion,Chennai,Online,Net Banking,1,5658.37,0.2,5658.37,4526.7,0,1052.99,2025,3,March,Sunday,5658.37,4526.696
2025-03-02,ORD046766,CUST04404,P002,Smartphone,Electronics,Ahmedabad,Store,Credit Card,3,29388.56,0.1,88165.68,79349.11,0,12608.68,2025,3,March,Sunday,88165.68000000001,79349.112
2025-03-02,ORD026135,CUST00320,P015,Dining Table,Furniture,Kolkata,Online,Net Banking,1,20542.64,0.15,20542.64,17461.24,0,4342.21,2025,3,March,Sunday,20542.64,17461.244
2025-03-02,ORD030012,CUST03283,P007,Backpack,Accessories,Hyderabad,Store,Credit Card,1,2395.71,0.1,2395.71,2156.14,0,183.22,2025,3,March,Sunday,2395.71,2156.139
2025-03-02,ORD046716,CUST04241,P001,Laptop,Electronics,Kolkata,Online,UPI,1,66666.42,0.0,66666.42,66666.42,1,-3333.32,2025,3,March,Sunday,66666.42,66666.42
2025-03-02,ORD047297,CUST03409,P017,Jeans,Fashion,Bengaluru,Online,UPI,1,2591.35,0.05,2591.35,2461.78,0,379.0,2025,3,March,Sunday,2591.35,2461.7825
2025-03-02,ORD047498,CUST00253,P004,Smartwatch,Electronics,Delhi,Online,Debit Card,1,6300.95,0.25,6300.95,4725.71,0,620.58,2025,3,March,Sunday,6300.95,4725.7125
2025-03-02,ORD044466,CUST02891,P015,Dining Table,Furniture,Jaipur,Online,Credit Card,2,21713.6,0.05,43427.2,41255.84,0,11145.15,2025,3,March,Sunday,43427.2,41255.84
2025-03-02,ORD046901,CUST03658,P016,Sofa,Furniture,Surat,Online,Cash,3,34583.14,0.0,103749.42,103749.42,0,15270.94,2025,3,March,Sunday,103749.42,103749.42
2025-03-02,ORD036944,CUST04525,P002,Smartphone,Electronics,Ahmedabad,Online,Credit Card,2,30541.54,0.0,61083.08,61083.08,0,14116.85,2025,3,March,Sunday,61083.08,61083.08
2025-03-02,ORD001136,CUST03768,P013,Monitor,Electronics,Kolkata,Online,Debit Card,1,18765.15,0.15,18765.15,15950.38,0,1978.94,2025,3,March,Sunday,18765.15,15950.3775
2025-03-02,ORD034214,CUST04512,P005,Office Chair,Furniture,Jaipur,Store,Net Banking,1,9077.86,0.15,9077.86,7716.18,0,860.78,2025,3,March,Sunday,9077.86,7716.1810000000005
2025-03-02,ORD047578,CUST00827,P012,Air Fryer,Home,Bengaluru,Online,Cash,1,6786.99,0.2,6786.99,5429.59,0,1389.32,2025,3,March,Sunday,6786.99,5429.592000000001
2025-03-02,ORD038212,CUST04657,P002,Smartphone,Electronics,Ahmedabad,Online,Credit Card,1,28899.47,0.1,28899.47,26009.52,0,4285.89,2025,3,March,Sunday,28899.47,26009.523
2025-03-02,ORD009020,CUST00051,P008,Running Shoes,Fashion,Mumbai,Online,Credit Card,1,4285.84,0.25,4285.84,3214.38,0,467.05,2025,3,March,Sunday,4285.84,3214.38
2025-03-02,ORD001884,CUST04968,P002,Smartphone,Electronics,Mumbai,Online,UPI,1,26195.12,0.05,26195.12,24885.36,1,-1244.27,2025,3,March,Sunday,26195.12,24885.363999999998
2025-03-02,ORD049459,CUST01558,P012,Air Fryer,Home,Surat,Store,UPI,1,7632.31,0.25,7632.31,5724.23,0,1008.8,2025,3,March,Sunday,7632.31,5724.2325
2025-03-02,ORD018374,CUST02044,P010,Coffee Maker,Home,Kolkata,Store,UPI,1,5615.62,0.0,5615.62,5615.62,1,-280.78,2025,3,March,Sunday,5615.62,5615.62
2025-03-02,ORD020561,CUST04343,P006,Desk,Furniture,Mumbai,Online,Debit Card,3,10841.28,0.1,32523.84,29271.46,0,2232.78,2025,3,March,Sunday,32523.840000000004,29271.456000000002
2025-03-02,ORD047621,CUST01663,P015,Dining Table,Furniture,Kolkata,Store,Net Banking,2,20286.1,0.1,40572.2,36514.98,0,6890.15,2025,3,March,Sunday,40572.2,36514.979999999996
2025-03-02,ORD014072,CUST00897,P016,Sofa,Furniture,Surat,Store,Cash,1,33078.2,0.0,33078.2,33078.2,0,5386.99,2025,3,March,Sunday,33078.2,33078.2
2025-03-02,ORD037836,CUST02996,P011,Mixer Grinder,Home,Chennai,Store,Credit Card,1,5180.74,0.1,5180.74,4662.67,0,603.96,2025,3,March,Sunday,5180.74,4662.666
2025-03-02,ORD017346,CUST04201,P014,Keyboard,Electronics,Jaipur,Online,Credit Card,1,2468.72,0.0,2468.72,2468.72,0,428.82,2025,3,March,Sunday,2468.72,2468.72
2025-03-02,ORD024736,CUST04372,P005,Office Chair,Furniture,Mumbai,Store,Credit Card,1,8952.29,0.15,8952.29,7609.45,0,1161.65,2025,3,March,Sunday,8952.29,7609.446500000001
2025-03-02,ORD009224,CUST04521,P001,Laptop,Electronics,Ahmedabad,Online,UPI,4,59328.16,0.2,237312.64,189850.11,0,13660.63,2025,3,March,Sunday,237312.64,189850.11200000002
2025-03-02,ORD015359,CUST00749,P002,Smartphone,Electronics,Kolkata,Store,Credit Card,1,26226.76,0.15,26226.76,22292.75,1,-1114.64,2025,3,March,Sunday,26226.76,22292.746
2025-03-02,ORD039489,CUST00151,P011,Mixer Grinder,Home,Surat,Store,Cash,1,4899.27,0.1,4899.27,4409.34,0,559.43,2025,3,March,Sunday,4899.27,4409.343000000001
2025-03-02,ORD030156,CUST02207,P014,Keyboard,Electronics,Delhi,Online,Net Banking,4,2309.43,0.2,9237.72,7390.18,0,460.47,2025,3,March,Sunday,9237.72,7390.1759999999995
2025-03-02,ORD049477,CUST04736,P014,Keyboard,Electronics,Delhi,Online,UPI,3,2633.46,0.05,7900.38,7505.36,0,1897.35,2025,3,March,Sunday,7900.38,7505.361
2025-03-02,ORD032280,CUST04124,P016,Sofa,Furniture,Pune,Online,UPI,2,37083.13,0.1,74166.26,66749.63,0,10640.56,2025,3,March,Sunday,74166.26,66749.63399999999
2025-03-02,ORD016466,CUST00085,P004,Smartwatch,Electronics,Kolkata,Store,Net Banking,1,7690.13,0.05,7690.13,7305.62,0,656.0,2025,3,March,Sunday,7690.13,7305.6235
2025-03-02,ORD005212,CUST02532,P014,Keyboard,Electronics,Delhi,Store,Credit Card,4,2630.17,0.15,10520.68,8942.58,0,1756.49,2025,3,March,Sunday,10520.68,8942.578
2025-03-02,ORD004575,CUST03219,P020,Microwave,Home,Chennai,Online,Cash,2,10566.33,0.15,21132.66,17962.76,0,1376.07,2025,3,March,Sunday,21132.66,17962.761
2025-03-02,ORD002799,CUST00227,P011,Mixer Grinder,Home,Ahmedabad,Online,UPI,1,4743.06,0.0,4743.06,4743.06,1,-237.15,2025,3,March,Sunday,4743.06,4743.06
2025-03-02,ORD043418,CUST01252,P009,T-Shirt,Fashion,Mumbai,Online,UPI,5,1179.46,0.15,5897.3,5012.7,0,1293.46,2025,3,March,Sunday,5897.3,5012.705
2025-03-02,ORD028517,CUST00523,P011,Mixer Grinder,Home,Pune,Online,Cash,2,5138.31,0.0,10276.62,10276.62,0,1116.56,2025,3,March,Sunday,10276.62,10276.62
2025-03-02,ORD026794,CUST04769,P002,Smartphone,Electronics,Ahmedabad,Store,Credit Card,1,30203.61,0.05,30203.61,28693.43,0,3943.96,2025,3,March,Sunday,30203.61,28693.4295
2025-03-02,ORD011318,CUST01091,P016,Sofa,Furniture,Pune,Online,Cash,2,37127.81,0.05,74255.62,70542.84,0,16457.56,2025,3,March,Sunday,74255.62,70542.83899999999
2025-03-02,ORD043018,CUST00142,P016,Sofa,Furniture,Pune,Store,Debit Card,2,32537.32,0.1,65074.64,58567.18,0,12010.9,2025,3,March,Sunday,65074.64,58567.176
2025-03-02,ORD049341,CUST04356,P015,Dining Table,Furniture,Kolkata,Store,Credit Card,1,20431.3,0.2,20431.3,16345.04,0,1252.23,2025,3,March,Sunday,20431.3,16345.04
2025-03-02,ORD010384,CUST04977,P011,Mixer Grinder,Home,Bengaluru,Store,UPI,1,4811.78,0.1,4811.78,4330.6,0,858.66,2025,3,March,Sunday,4811.78,4330.602
2025-03-02,ORD034637,CUST00264,P009,T-Shirt,Fashion,Mumbai,Store,Credit Card,2,1223.96,0.0,2447.92,2447.92,0,323.07,2025,3,March,Sunday,2447.92,2447.92
2025-03-02,ORD017276,CUST00802,P012,Air Fryer,Home,Ahmedabad,Online,Net Banking,3,6699.02,0.1,20097.06,18087.35,0,4689.57,2025,3,March,Sunday,20097.06,18087.354000000003
2025-03-02,ORD044004,CUST00883,P005,Office Chair,Furniture,Hyderabad,Store,Debit Card,2,9687.42,0.1,19374.84,17437.36,0,2361.33,2025,3,March,Sunday,19374.84,17437.356
2025-03-02,ORD038991,CUST04558,P012,Air Fryer,Home,Hyderabad,Online,Credit Card,3,7395.9,0.05,22187.7,21078.31,0,3314.55,2025,3,March,Sunday,22187.699999999997,21078.315
2025-03-02,ORD049226,CUST04697,P004,Smartwatch,Electronics,Delhi,Store,Credit Card,2,7483.54,0.1,14967.08,13470.37,0,1862.77,2025,3,March,Sunday,14967.08,13470.372
2025-03-02,ORD047256,CUST01989,P003,Headphones,Electronics,Ahmedabad,Online,UPI,2,4456.69,0.1,8913.38,8022.04,0,734.73,2025,3,March,Sunday,8913.38,8022.0419999999995
2025-03-02,ORD049532,CUST01644,P006,Desk,Furniture,Hyderabad,Store,Credit Card,1,12785.38,0.1,12785.38,11506.84,0,2533.21,2025,3,March,Sunday,12785.38,11506.841999999999
2025-03-02,ORD026995,CUST04529,P003,Headphones,Electronics,Mumbai,Store,Credit Card,2,4362.49,0.1,8724.98,7852.48,0,1072.84,2025,3,March,Sunday,8724.98,7852.482
2025-03-02,ORD004739,CUST02057,P002,Smartphone,Electronics,Jaipur,Online,Credit Card,2,28821.98,0.05,57643.96,54761.76,0,12456.12,2025,3,March,Sunday,57643.96,54761.761999999995
2025-03-02,ORD007577,CUST00370,P014,Keyboard,Electronics,Bengaluru,Store,UPI,3,2254.52,0.05,6763.56,6425.38,0,1168.54,2025,3,March,Sunday,6763.5599999999995,6425.3820000000005
2025-03-02,ORD049222,CUST01990,P014,Keyboard,Electronics,Jaipur,Online,UPI,1,2472.06,0.05,2472.06,2348.46,0,368.8,2025,3,March,Sunday,2472.06,2348.457
2025-03-02,ORD043185,CUST02244,P011,Mixer Grinder,Home,Ahmedabad,Store,UPI,1,4338.26,0.05,4338.26,4121.35,0,574.33,2025,3,March,Sunday,4338.26,4121.347
2025-03-02,ORD007537,CUST03795,P007,Backpack,Accessories,Mumbai,Online,UPI,1,1994.21,0.05,1994.21,1894.5,0,381.15,2025,3,March,Sunday,1994.21,1894.4995
2025-03-02,ORD006401,CUST03202,P018,Jacket,Fashion,Kolkata,Store,UPI,1,4999.38,0.2,4999.38,3999.5,0,895.7,2025,3,March,Sunday,4999.38,3999.5040000000004
2025-03-02,ORD002724,CUST03996,P014,Keyboard,Electronics,Kolkata,Online,Credit Card,2,2334.92,0.15,4669.84,3969.36,0,1035.61,2025,3,March,Sunday,4669.84,3969.364
2025-03-02,ORD033416,CUST01720,P020,Microwave,Home,Kolkata,Online,UPI,1,10952.01,0.1,10952.01,9856.81,0,2518.61,2025,3,March,Sunday,10952.01,9856.809000000001
2025-03-02,ORD000748,CUST03131,P014,Keyboard,Electronics,Pune,Store,UPI,2,2456.05,0.05,4912.1,4666.5,0,1284.02,2025,3,March,Sunday,4912.1,4666.495
2025-03-02,ORD028139,CUST02687,P018,Jacket,Fashion,Mumbai,Store,UPI,4,5482.53,0.1,21930.12,19737.11,1,-986.86,2025,3,March,Sunday,21930.12,19737.108
2025-03-02,ORD002678,CUST00338,P019,Vacuum Cleaner,Home,Kolkata,Store,Credit Card,1,8984.81,0.05,8984.81,8535.57,0,2300.32,2025,3,March,Sunday,8984.81,8535.5695
2025-03-02,ORD037962,CUST01387,P017,Jeans,Fashion,Bengaluru,Store,UPI,1,2762.67,0.1,2762.67,2486.4,0,228.56,2025,3,March,Sunday,2762.67,2486.4030000000002
2025-03-02,ORD020331,CUST01956,P010,Coffee Maker,Home,Chennai,Store,Credit Card,1,5474.01,0.1,5474.01,4926.61,0,753.1,2025,3,March,Sunday,5474.01,4926.609
2025-03-02,ORD014431,CUST03659,P015,Dining Table,Furniture,Chennai,Store,Net Banking,1,21647.07,0.1,21647.07,19482.36,0,5353.25,2025,3,March,Sunday,21647.07,19482.363
2025-03-02,ORD035369,CUST03463,P012,Air Fryer,Home,Mumbai,Online,UPI,1,7504.92,0.1,7504.92,6754.43,0,1635.84,2025,3,March,Sunday,7504.92,6754.428
2025-03-03,ORD005588,CUST00727,P013,Monitor,Electronics,Kolkata,Online,Credit Card,2,18525.97,0.1,37051.94,33346.75,0,7716.95,2025,3,March,Monday,37051.94,33346.74600000001
2025-03-03,ORD032340,CUST01091,P015,Dining Table,Furniture,Delhi,Store,Debit Card,3,23051.54,0.0,69154.62,69154.62,0,14811.55,2025,3,March,Monday,69154.62,69154.62
2025-03-03,ORD006744,CUST04498,P015,Dining Table,Furniture,Pune,Store,UPI,2,22627.71,0.05,45255.42,42992.65,0,11461.62,2025,3,March,Monday,45255.42,42992.649
2025-03-03,ORD004477,CUST04741,P008,Running Shoes,Fashion,Bengaluru,Online,UPI,1,3904.84,0.0,3904.84,3904.84,0,679.59,2025,3,March,Monday,3904.84,3904.84
2025-03-03,ORD018967,CUST04477,P015,Dining Table,Furniture,Jaipur,Online,UPI,1,23067.0,0.1,23067.0,20760.3,0,3546.64,2025,3,March,Monday,23067.0,20760.3
2025-03-03,ORD019151,CUST04170,P011,Mixer Grinder,Home,Mumbai,Online,Debit Card,3,4626.6,0.15,13879.8,11797.83,0,1876.88,2025,3,March,Monday,13879.800000000001,11797.83
2025-03-03,ORD048439,CUST03206,P010,Coffee Maker,Home,Surat,Online,Cash,1,5697.52,0.05,5697.52,5412.64,0,1426.48,2025,3,March,Monday,5697.52,5412.644
2025-03-03,ORD048720,CUST03300,P018,Jacket,Fashion,Jaipur,Online,UPI,1,5439.93,0.1,5439.93,4895.94,0,1139.87,2025,3,March,Monday,5439.93,4895.937000000001
2025-03-03,ORD026953,CUST01935,P009,T-Shirt,Fashion,Bengaluru,Online,UPI,1,1293.5,0.1,1293.5,1164.15,0,270.84,2025,3,March,Monday,1293.5,1164.15
2025-03-03,ORD020659,CUST03484,P017,Jeans,Fashion,Surat,Store,UPI,1,2545.72,0.25,2545.72,1909.29,0,278.87,2025,3,March,Monday,2545.72,1909.29
2025-03-03,ORD034213,CUST04334,P012,Air Fryer,Home,Bengaluru,Online,Credit Card,3,7360.71,0.0,22082.13,22082.13,0,4301.92,2025,3,March,Monday,22082.13,22082.13
2025-03-03,ORD042534,CUST02061,P013,Monitor,Electronics,Mumbai,Online,Cash,1,16686.82,0.15,16686.82,14183.8,0,2192.99,2025,3,March,Monday,16686.82,14183.796999999999
2025-03-03,ORD042407,CUST00538,P003,Headphones,Electronics,Jaipur,Online,Net Banking,2,4361.57,0.05,8723.14,8286.98,0,610.57,2025,3,March,Monday,8723.14,8286.982999999998
2025-03-03,ORD040639,CUST00613,P007,Backpack,Accessories,Pune,Online,Cash,1,2311.48,0.0,2311.48,2311.48,0,681.08,2025,3,March,Monday,2311.48,2311.48
2025-03-03,ORD003898,CUST02776,P004,Smartwatch,Electronics,Hyderabad,Online,Debit Card,2,6369.86,0.0,12739.72,12739.72,0,1431.76,2025,3,March,Monday,12739.72,12739.72
2025-03-03,ORD016325,CUST01793,P012,Air Fryer,Home,Jaipur,Online,UPI,3,6582.81,0.2,19748.43,15798.74,0,1059.54,2025,3,March,Monday,19748.43,15798.744
2025-03-03,ORD000142,CUST03924,P002,Smartphone,Electronics,Chennai,Online,UPI,1,28448.63,0.25,28448.63,21336.47,0,3089.11,2025,3,March,Monday,28448.63,21336.4725
2025-03-03,ORD049406,CUST03937,P015,Dining Table,Furniture,Bengaluru,Store,Debit Card,1,21223.5,0.1,21223.5,19101.15,0,4193.49,2025,3,March,Monday,21223.5,19101.15
2025-03-03,ORD049707,CUST04639,P008,Running Shoes,Fashion,Surat,Store,Debit Card,3,4422.98,0.0,13268.94,13268.94,0,1603.46,2025,3,March,Monday,13268.939999999999,13268.94
2025-03-03,ORD044239,CUST02370,P013,Monitor,Electronics,Chennai,Store,Cash,2,17213.09,0.1,34426.18,30983.56,0,7915.26,2025,3,March,Monday,34426.18,30983.562
2025-03-03,ORD004386,CUST02919,P019,Vacuum Cleaner,Home,Delhi,Store,Credit Card,2,8545.6,0.1,17091.2,15382.08,0,2303.43,2025,3,March,Monday,17091.2,15382.080000000002
2025-03-03,ORD023757,CUST03596,P017,Jeans,Fashion,Chennai,Store,UPI,1,2927.9,0.1,2927.9,2635.11,0,463.48,2025,3,March,Monday,2927.9,2635.11
2025-03-03,ORD034653,CUST00787,P020,Microwave,Home,Kolkata,Online,UPI,2,10639.31,0.05,21278.62,20214.69,0,3111.03,2025,3,March,Monday,21278.62,20214.689
2025-03-03,ORD021476,CUST02928,P008,Running Shoes,Fashion,Surat,Online,UPI,1,4178.2,0.2,4178.2,3342.56,0,444.8,2025,3,March,Monday,4178.2,3342.56
2025-03-03,ORD035699,CUST03394,P014,Keyboard,Electronics,Kolkata,Store,Cash,1,2683.94,0.05,2683.94,2549.74,1,-127.49,2025,3,March,Monday,2683.94,2549.743
2025-03-03,ORD035212,CUST03466,P006,Desk,Furniture,Chennai,Online,UPI,1,11076.07,0.05,11076.07,10522.27,0,3012.38,2025,3,March,Monday,11076.07,10522.2665
2025-03-03,ORD046881,CUST04519,P004,Smartwatch,Electronics,Bengaluru,Online,UPI,1,7358.02,0.0,7358.02,7358.02,0,1126.65,2025,3,March,Monday,7358.02,7358.02
2025-03-03,ORD031455,CUST00686,P015,Dining Table,Furniture,Surat,Online,Debit Card,1,23419.32,0.1,23419.32,21077.39,0,1370.1,2025,3,March,Monday,23419.32,21077.388
2025-03-03,ORD039479,CUST00977,P005,Office Chair,Furniture,Hyderabad,Store,Credit Card,5,9243.36,0.05,46216.8,43905.96,0,9419.42,2025,3,March,Monday,46216.8,43905.96
2025-03-03,ORD034465,CUST01948,P009,T-Shirt,Fashion,Surat,Store,UPI,1,1202.51,0.05,1202.51,1142.38,0,171.45,2025,3,March,Monday,1202.51,1142.3845
2025-03-03,ORD045626,CUST03190,P004,Smartwatch,Electronics,Hyderabad,Store,UPI,1,7121.3,0.0,7121.3,7121.3,0,2032.09,2025,3,March,Monday,7121.3,7121.3
2025-03-03,ORD017316,CUST03494,P016,Sofa,Furniture,Bengaluru,Online,UPI,3,32849.24,0.05,98547.72,93620.33,0,19911.44,2025,3,March,Monday,98547.72,93620.334
2025-03-03,ORD022228,CUST00364,P009,T-Shirt,Fashion,Surat,Online,Credit Card,1,1158.42,0.0,1158.42,1158.42,0,171.28,2025,3,March,Monday,1158.42,1158.42
2025-03-03,ORD005654,CUST03427,P016,Sofa,Furniture,Surat,Online,Credit Card,4,34074.5,0.15,136298.0,115853.3,0,27130.65,2025,3,March,Monday,136298.0,115853.3
2025-03-03,ORD034739,CUST01361,P013,Monitor,Electronics,Jaipur,Online,UPI,1,17081.31,0.0,17081.31,17081.31,0,4453.52,2025,3,March,Monday,17081.31,17081.31
2025-03-03,ORD024958,CUST03836,P009,T-Shirt,Fashion,Mumbai,Store,Debit Card,1,1124.65,0.2,1124.65,899.72,0,221.3,2025,3,March,Monday,1124.65,899.7200000000001
2025-03-03,ORD004758,CUST04435,P003,Headphones,Electronics,Jaipur,Store,UPI,1,4513.7,0.05,4513.7,4288.01,0,468.7,2025,3,March,Monday,4513.7,4288.014999999999
2025-03-03,ORD018515,CUST04328,P019,Vacuum Cleaner,Home,Ahmedabad,Online,Debit Card,1,9800.69,0.0,9800.69,9800.69,0,2584.88,2025,3,March,Monday,9800.69,9800.69
2025-03-03,ORD004761,CUST01290,P018,Jacket,Fashion,Chennai,Online,UPI,1,5027.07,0.2,5027.07,4021.66,0,857.56,2025,3,March,Monday,5027.07,4021.656
2025-03-03,ORD015243,CUST04149,P004,Smartwatch,Electronics,Mumbai,Online,UPI,1,7205.7,0.0,7205.7,7205.7,0,1291.86,2025,3,March,Monday,7205.7,7205.7
2025-03-03,ORD048640,CUST02422,P007,Backpack,Accessories,Mumbai,Store,UPI,2,2259.06,0.1,4518.12,4066.31,0,644.05,2025,3,March,Monday,4518.12,4066.308
2025-03-03,ORD048949,CUST00566,P010,Coffee Maker,Home,Mumbai,Store,Credit Card,1,5301.16,0.05,5301.16,5036.1,0,507.61,2025,3,March,Monday,5301.16,5036.102
2025-03-03,ORD033117,CUST00803,P004,Smartwatch,Electronics,Pune,Online,UPI,1,7231.35,0.05,7231.35,6869.78,0,506.57,2025,3,March,Monday,7231.35,6869.7825
2025-03-03,ORD046523,CUST01406,P012,Air Fryer,Home,Chennai,Online,UPI,4,7190.51,0.1,28762.04,25885.84,0,6727.89,2025,3,March,Monday,28762.04,25885.836000000003
2025-03-03,ORD006696,CUST04848,P019,Vacuum Cleaner,Home,Delhi,Online,Credit Card,2,8249.95,0.0,16499.9,16499.9,0,2114.69,2025,3,March,Monday,16499.9,16499.9
2025-03-03,ORD014518,CUST04450,P004,Smartwatch,Electronics,Hyderabad,Online,UPI,1,7155.02,0.15,7155.02,6081.77,0,747.23,2025,3,March,Monday,7155.02,6081.767
2025-03-03,ORD046700,CUST04693,P004,Smartwatch,Electronics,Surat,Online,UPI,2,6653.47,0.15,13306.94,11310.9,0,1423.68,2025,3,March,Monday,13306.94,11310.899
2025-03-03,ORD045846,CUST04962,P018,Jacket,Fashion,Hyderabad,Online,Cash,1,4877.16,0.05,4877.16,4633.3,0,1248.6,2025,3,March,Monday,4877.16,4633.302
2025-03-03,ORD035529,CUST02129,P014,Keyboard,Electronics,Ahmedabad,Online,Credit Card,2,2364.63,0.1,4729.26,4256.33,0,302.33,2025,3,March,Monday,4729.26,4256.334000000001
2025-03-03,ORD024967,CUST04568,P018,Jacket,Fashion,Delhi,Store,Credit Card,2,5702.29,0.05,11404.58,10834.35,0,2987.02,2025,3,March,Monday,11404.58,10834.350999999999
2025-03-03,ORD046136,CUST01945,P011,Mixer Grinder,Home,Surat,Store,Debit Card,1,5060.72,0.0,5060.72,5060.72,0,698.1,2025,3,March,Monday,5060.72,5060.72
2025-03-03,ORD000297,CUST03223,P003,Headphones,Electronics,Bengaluru,Store,Credit Card,4,4841.41,0.05,19365.64,18397.36,0,4028.53,2025,3,March,Monday,19365.64,18397.358
2025-03-03,ORD030333,CUST03919,P005,Office Chair,Furniture,Mumbai,Online,UPI,4,10021.23,0.05,40084.92,38080.67,0,6998.79,2025,3,March,Monday,40084.92,38080.674
2025-03-03,ORD028034,CUST00048,P017,Jeans,Fashion,Surat,Store,Credit Card,1,2950.09,0.1,2950.09,2655.08,0,584.21,2025,3,March,Monday,2950.09,2655.081
2025-03-03,ORD048898,CUST01742,P006,Desk,Furniture,Surat,Online,Net Banking,4,12715.46,0.15,50861.84,43232.56,0,10804.3,2025,3,March,Monday,50861.84,43232.564
2025-03-03,ORD019616,CUST04098,P004,Smartwatch,Electronics,Pune,Store,UPI,1,7408.46,0.05,7408.46,7038.04,0,1222.12,2025,3,March,Monday,7408.46,7038.036999999999
2025-03-03,ORD040047,CUST00313,P017,Jeans,Fashion,Mumbai,Online,Credit Card,4,2559.87,0.05,10239.48,9727.51,0,2266.88,2025,3,March,Monday,10239.48,9727.506
2025-03-03,ORD043760,CUST01564,P010,Coffee Maker,Home,Bengaluru,Store,UPI,1,5577.98,0.0,5577.98,5577.98,0,1176.84,2025,3,March,Monday,5577.98,5577.98
2025-03-03,ORD013732,CUST01828,P010,Coffee Maker,Home,Kolkata,Online,Credit Card,4,5957.65,0.2,23830.6,19064.48,0,3984.41,2025,3,March,Monday,23830.6,19064.48
2025-03-03,ORD049162,CUST04768,P011,Mixer Grinder,Home,Hyderabad,Online,UPI,2,5243.81,0.2,10487.62,8390.1,0,1107.46,2025,3,March,Monday,10487.62,8390.096000000001
2025-03-03,ORD001520,CUST04824,P019,Vacuum Cleaner,Home,Pune,Store,UPI,2,8265.3,0.1,16530.6,14877.54,0,1428.48,2025,3,March,Monday,16530.6,14877.539999999999
2025-03-03,ORD017960,CUST03976,P018,Jacket,Fashion,Ahmedabad,Store,UPI,3,5541.65,0.0,16624.95,16624.95,0,4076.56,2025,3,March,Monday,16624.949999999997,16624.95
2025-03-03,ORD046517,CUST04212,P012,Air Fryer,Home,Pune,Store,Credit Card,1,7866.3,0.15,7866.3,6686.36,0,712.92,2025,3,March,Monday,7866.3,6686.355
2025-03-03,ORD011874,CUST02031,P017,Jeans,Fashion,Jaipur,Online,UPI,1,2618.18,0.05,2618.18,2487.27,0,663.82,2025,3,March,Monday,2618.18,2487.2709999999997
2025-03-03,ORD007916,CUST04864,P003,Headphones,Electronics,Surat,Online,Net Banking,2,4834.18,0.1,9668.36,8701.52,0,1502.08,2025,3,March,Monday,9668.36,8701.524000000001
2025-03-03,ORD003386,CUST00268,P009,T-Shirt,Fashion,Surat,Online,Credit Card,2,1186.69,0.15,2373.38,2017.37,0,474.7,2025,3,March,Monday,2373.38,2017.373
2025-03-03,ORD008539,CUST00498,P004,Smartwatch,Electronics,Jaipur,Store,Debit Card,1,7509.9,0.1,7509.9,6758.91,1,-337.95,2025,3,March,Monday,7509.9,6758.91
2025-03-03,ORD029843,CUST02311,P015,Dining Table,Furniture,Bengaluru,Store,UPI,2,22323.0,0.0,44646.0,44646.0,0,7586.73,2025,3,March,Monday,44646.0,44646.0
2025-03-03,ORD016690,CUST04115,P009,T-Shirt,Fashion,Ahmedabad,Online,Credit Card,2,1284.45,0.15,2568.9,2183.56,0,521.12,2025,3,March,Monday,2568.9,2183.565
2025-03-03,ORD043587,CUST03737,P015,Dining Table,Furniture,Surat,Online,Debit Card,2,23702.13,0.1,47404.26,42663.83,0,6764.53,2025,3,March,Monday,47404.26,42663.834
2025-03-03,ORD004011,CUST01566,P010,Coffee Maker,Home,Chennai,Online,UPI,1,5275.97,0.1,5275.97,4748.37,0,1156.62,2025,3,March,Monday,5275.97,4748.3730000000005
2025-03-03,ORD034324,CUST02160,P004,Smartwatch,Electronics,Surat,Store,UPI,1,6699.72,0.2,6699.72,5359.78,0,567.25,2025,3,March,Monday,6699.72,5359.776000000001
2025-03-03,ORD003421,CUST03877,P012,Air Fryer,Home,Bengaluru,Store,UPI,1,7019.96,0.05,7019.96,6668.96,0,490.35,2025,3,March,Monday,7019.96,6668.9619999999995
2025-03-04,ORD049440,CUST03618,P020,Microwave,Home,Chennai,Store,Debit Card,1,11757.81,0.05,11757.81,11169.92,0,2534.57,2025,3,March,Tuesday,11757.81,11169.919499999998
2025-03-04,ORD005994,CUST04885,P015,Dining Table,Furniture,Bengaluru,Store,Cash,1,20308.94,0.1,20308.94,18278.05,0,3362.75,2025,3,March,Tuesday,20308.94,18278.046
2025-03-04,ORD040729,CUST03235,P009,T-Shirt,Fashion,Chennai,Online,Net Banking,3,1276.99,0.2,3830.97,3064.78,0,288.03,2025,3,March,Tuesday,3830.9700000000003,3064.776
2025-03-04,ORD004803,CUST04840,P006,Desk,Furniture,Mumbai,Store,Credit Card,1,11845.27,0.2,11845.27,9476.22,0,906.57,2025,3,March,Tuesday,11845.27,9476.216
2025-03-04,ORD015825,CUST01405,P015,Dining Table,Furniture,Bengaluru,Store,Debit Card,1,22654.49,0.1,22654.49,20389.04,0,3814.02,2025,3,March,Tuesday,22654.49,20389.041
2025-03-04,ORD008274,CUST04647,P020,Microwave,Home,Hyderabad,Online,Debit Card,1,11550.57,0.1,11550.57,10395.51,0,2696.4,2025,3,March,Tuesday,11550.57,10395.513
2025-03-04,ORD026257,CUST04315,P010,Coffee Maker,Home,Surat,Online,Net Banking,2,5150.18,0.1,10300.36,9270.32,0,906.45,2025,3,March,Tuesday,10300.36,9270.324
2025-03-04,ORD005762,CUST02299,P008,Running Shoes,Fashion,Ahmedabad,Store,Credit Card,3,4421.91,0.15,13265.73,11275.87,0,984.34,2025,3,March,Tuesday,13265.73,11275.870499999999
2025-03-04,ORD022089,CUST01972,P015,Dining Table,Furniture,Pune,Store,Credit Card,4,21827.15,0.05,87308.6,82943.17,0,19110.95,2025,3,March,Tuesday,87308.6,82943.17
2025-03-04,ORD043629,CUST02551,P001,Laptop,Electronics,Delhi,Store,UPI,2,65287.03,0.0,130574.06,130574.06,1,-6528.7,2025,3,March,Tuesday,130574.06,130574.06
2025-03-04,ORD044600,CUST03518,P001,Laptop,Electronics,Pune,Online,UPI,1,62924.85,0.0,62924.85,62924.85,0,6282.85,2025,3,March,Tuesday,62924.85,62924.85
2025-03-04,ORD013717,CUST04283,P013,Monitor,Electronics,Bengaluru,Online,Debit Card,4,17255.32,0.05,69021.28,65570.22,0,6383.0,2025,3,March,Tuesday,69021.28,65570.216
2025-03-04,ORD010404,CUST04638,P003,Headphones,Electronics,Bengaluru,Online,UPI,1,4265.25,0.1,4265.25,3838.72,0,346.54,2025,3,March,Tuesday,4265.25,3838.725
2025-03-04,ORD037039,CUST01308,P007,Backpack,Accessories,Delhi,Online,Cash,1,1993.62,0.05,1993.62,1893.94,0,493.49,2025,3,March,Tuesday,1993.62,1893.9389999999999
2025-03-04,ORD023918,CUST02352,P005,Office Chair,Furniture,Ahmedabad,Online,UPI,1,9918.64,0.0,9918.64,9918.64,0,2399.34,2025,3,March,Tuesday,9918.64,9918.64
2025-03-04,ORD008167,CUST00393,P008,Running Shoes,Fashion,Delhi,Online,Net Banking,1,4352.29,0.0,4352.29,4352.29,0,366.79,2025,3,March,Tuesday,4352.29,4352.29
2025-03-04,ORD041627,CUST03087,P008,Running Shoes,Fashion,Chennai,Store,Credit Card,4,3807.18,0.15,15228.72,12944.41,1,-647.22,2025,3,March,Tuesday,15228.72,12944.411999999998
2025-03-04,ORD021068,CUST01211,P010,Coffee Maker,Home,Hyderabad,Store,UPI,2,5326.87,0.1,10653.74,9588.37,0,2472.26,2025,3,March,Tuesday,10653.74,9588.366
2025-03-04,ORD011539,CUST03157,P006,Desk,Furniture,Jaipur,Online,Credit Card,1,11381.56,0.1,11381.56,10243.4,0,1042.03,2025,3,March,Tuesday,11381.56,10243.404
2025-03-04,ORD015921,CUST03964,P009,T-Shirt,Fashion,Hyderabad,Store,Credit Card,1,1173.27,0.05,1173.27,1114.61,0,233.08,2025,3,March,Tuesday,1173.27,1114.6064999999999
2025-03-04,ORD046570,CUST02466,P004,Smartwatch,Electronics,Kolkata,Store,UPI,1,7679.3,0.15,7679.3,6527.4,0,795.35,2025,3,March,Tuesday,7679.3,6527.405
2025-03-04,ORD014901,CUST02876,P018,Jacket,Fashion,Mumbai,Online,Debit Card,3,4778.74,0.15,14336.22,12185.79,0,2128.85,2025,3,March,Tuesday,14336.22,12185.786999999998
2025-03-04,ORD036038,CUST00092,P004,Smartwatch,Electronics,Hyderabad,Online,Cash,2,7460.56,0.05,14921.12,14175.06,0,1962.88,2025,3,March,Tuesday,14921.12,14175.064
2025-03-04,ORD033371,CUST03219,P018,Jacket,Fashion,Mumbai,Online,Debit Card,2,5702.65,0.05,11405.3,10835.03,0,3119.36,2025,3,March,Tuesday,11405.3,10835.034999999998
2025-03-04,ORD035067,CUST02492,P020,Microwave,Home,Jaipur,Store,Cash,4,10467.81,0.05,41871.24,39777.68,0,5369.83,2025,3,March,Tuesday,41871.24,39777.67799999999
2025-03-04,ORD022285,CUST04300,P009,T-Shirt,Fashion,Hyderabad,Online,UPI,5,1191.17,0.05,5955.85,5658.06,0,593.02,2025,3,March,Tuesday,5955.85,5658.0575
2025-03-04,ORD041361,CUST02834,P008,Running Shoes,Fashion,Delhi,Online,Credit Card,1,3841.06,0.1,3841.06,3456.95,0,894.54,2025,3,March,Tuesday,3841.06,3456.954
2025-03-04,ORD043804,CUST00940,P001,Laptop,Electronics,Ahmedabad,Online,UPI,1,69738.71,0.1,69738.71,62764.84,0,9390.08,2025,3,March,Tuesday,69738.71,62764.83900000001
2025-03-04,ORD025391,CUST01487,P002,Smartphone,Electronics,Hyderabad,Online,Net Banking,1,29052.17,0.2,29052.17,23241.74,0,1049.15,2025,3,March,Tuesday,29052.17,23241.736
2025-03-04,ORD033377,CUST04277,P017,Jeans,Fashion,Delhi,Store,Debit Card,3,2587.76,0.05,7763.28,7375.12,0,1977.94,2025,3,March,Tuesday,7763.280000000001,7375.115999999999
2025-03-04,ORD009507,CUST00737,P016,Sofa,Furniture,Bengaluru,Online,Credit Card,1,37407.77,0.15,37407.77,31796.6,0,4384.14,2025,3,March,Tuesday,37407.77,31796.604499999998
2025-03-04,ORD046377,CUST02444,P018,Jacket,Fashion,Pune,Online,Credit Card,1,4794.45,0.1,4794.45,4315.0,0,1127.02,2025,3,March,Tuesday,4794.45,4315.005
2025-03-04,ORD033317,CUST04377,P004,Smartwatch,Electronics,Surat,Store,Credit Card,2,7550.54,0.1,15101.08,13590.97,0,1826.35,2025,3,March,Tuesday,15101.08,13590.972
2025-03-04,ORD044559,CUST00709,P006,Desk,Furniture,Delhi,Online,UPI,3,12977.04,0.0,38931.12,38931.12,0,9801.16,2025,3,March,Tuesday,38931.12,38931.12
2025-03-04,ORD004874,CUST02780,P020,Microwave,Home,Hyderabad,Online,UPI,1,11616.22,0.0,11616.22,11616.22,0,1415.22,2025,3,March,Tuesday,11616.22,11616.22
2025-03-04,ORD016648,CUST03574,P003,Headphones,Electronics,Mumbai,Store,UPI,1,4325.03,0.1,4325.03,3892.53,0,1072.81,2025,3,March,Tuesday,4325.03,3892.527
2025-03-04,ORD002764,CUST03782,P001,Laptop,Electronics,Kolkata,Online,Debit Card,1,62659.34,0.2,62659.34,50127.47,0,6036.87,2025,3,March,Tuesday,62659.34,50127.472
2025-03-04,ORD010060,CUST04276,P001,Laptop,Electronics,Hyderabad,Online,Cash,1,66499.97,0.15,66499.97,56524.97,0,13237.05,2025,3,March,Tuesday,66499.97,56524.9745
2025-03-04,ORD022230,CUST04447,P016,Sofa,Furniture,Kolkata,Online,Cash,3,34385.98,0.15,103157.94,87684.25,0,16740.84,2025,3,March,Tuesday,103157.94,87684.249
2025-03-04,ORD018347,CUST04945,P017,Jeans,Fashion,Chennai,Online,Debit Card,1,2911.78,0.1,2911.78,2620.6,0,404.16,2025,3,March,Tuesday,2911.78,2620.6020000000003
2025-03-04,ORD022162,CUST04110,P006,Desk,Furniture,Chennai,Online,UPI,1,11610.96,0.15,11610.96,9869.32,0,884.4,2025,3,March,Tuesday,11610.96,9869.315999999999
2025-03-04,ORD041488,CUST02299,P012,Air Fryer,Home,Bengaluru,Store,UPI,1,7631.51,0.0,7631.51,7631.51,0,865.54,2025,3,March,Tuesday,7631.51,7631.51
2025-03-04,ORD010608,CUST02747,P008,Running Shoes,Fashion,Surat,Online,UPI,2,4116.67,0.15,8233.34,6998.34,0,1800.15,2025,3,March,Tuesday,8233.34,6998.339
2025-03-04,ORD047363,CUST04023,P020,Microwave,Home,Chennai,Online,Credit Card,1,10059.0,0.2,10059.0,8047.2,0,1188.74,2025,3,March,Tuesday,10059.0,8047.200000000001
2025-03-04,ORD019882,CUST00277,P016,Sofa,Furniture,Kolkata,Online,UPI,1,35837.84,0.15,35837.84,30462.16,0,7272.48,2025,3,March,Tuesday,35837.84,30462.163999999997
2025-03-04,ORD029657,CUST00074,P008,Running Shoes,Fashion,Surat,Store,Credit Card,1,4579.62,0.15,4579.62,3892.68,0,199.27,2025,3,March,Tuesday,4579.62,3892.6769999999997
2025-03-04,ORD009809,CUST04645,P005,Office Chair,Furniture,Ahmedabad,Online,Debit Card,1,9812.98,0.05,9812.98,9322.33,0,711.54,2025,3,March,Tuesday,9812.98,9322.330999999998
2025-03-04,ORD048663,CUST04506,P007,Backpack,Accessories,Hyderabad,Online,Cash,1,2041.54,0.0,2041.54,2041.54,0,561.59,2025,3,March,Tuesday,2041.54,2041.54
2025-03-04,ORD042442,CUST02820,P001,Laptop,Electronics,Chennai,Online,Cash,2,61596.85,0.05,123193.7,117034.01,1,-5851.7,2025,3,March,Tuesday,123193.7,117034.01499999998
2025-03-04,ORD036465,CUST03052,P018,Jacket,Fashion,Ahmedabad,Online,UPI,1,4943.78,0.1,4943.78,4449.4,0,1016.9,2025,3,March,Tuesday,4943.78,4449.402
2025-03-04,ORD014149,CUST01671,P010,Coffee Maker,Home,Mumbai,Online,Cash,1,5202.55,0.25,5202.55,3901.91,0,734.55,2025,3,March,Tuesday,5202.55,3901.9125000000004
2025-03-04,ORD044918,CUST02009,P020,Microwave,Home,Ahmedabad,Online,Credit Card,1,11653.32,0.2,11653.32,9322.66,0,854.04,2025,3,March,Tuesday,11653.32,9322.656
2025-03-04,ORD039186,CUST01261,P001,Laptop,Electronics,Hyderabad,Store,Credit Card,1,65468.74,0.05,65468.74,62195.3,0,5584.24,2025,3,March,Tuesday,65468.74,62195.30299999999
2025-03-04,ORD024105,CUST01404,P014,Keyboard,Electronics,Pune,Store,Debit Card,1,2273.29,0.1,2273.29,2045.96,0,401.88,2025,3,March,Tuesday,2273.29,2045.961
2025-03-04,ORD047053,CUST04856,P007,Backpack,Accessories,Hyderabad,Online,Credit Card,1,2201.07,0.0,2201.07,2201.07,0,192.29,2025,3,March,Tuesday,2201.07,2201.07
2025-03-04,ORD048674,CUST02460,P009,T-Shirt,Fashion,Bengaluru,Online,UPI,1,1087.96,0.05,1087.96,1033.56,0,170.47,2025,3,March,Tuesday,1087.96,1033.562
2025-03-04,ORD034161,CUST01008,P013,Monitor,Electronics,Mumbai,Store,UPI,1,18847.73,0.0,18847.73,18847.73,0,4520.99,2025,3,March,Tuesday,18847.73,18847.73
2025-03-04,ORD009736,CUST01056,P012,Air Fryer,Home,Bengaluru,Store,UPI,1,7620.73,0.0,7620.73,7620.73,0,1390.36,2025,3,March,Tuesday,7620.73,7620.73
2025-03-04,ORD021062,CUST03504,P017,Jeans,Fashion,Delhi,Online,UPI,1,2940.3,0.1,2940.3,2646.27,0,480.41,2025,3,March,Tuesday,2940.3,2646.2700000000004
2025-03-04,ORD049621,CUST03518,P009,T-Shirt,Fashion,Kolkata,Store,UPI,4,1146.18,0.15,4584.72,3897.01,0,444.38,2025,3,March,Tuesday,4584.72,3897.012
2025-03-04,ORD028009,CUST03148,P001,Laptop,Electronics,Bengaluru,Store,UPI,5,61792.25,0.1,308961.25,278065.12,0,57960.81,2025,3,March,Tuesday,308961.25,278065.125
2025-03-04,ORD048139,CUST02655,P008,Running Shoes,Fashion,Kolkata,Online,UPI,1,3967.26,0.1,3967.26,3570.53,0,612.54,2025,3,March,Tuesday,3967.26,3570.534
2025-03-04,ORD014203,CUST02543,P003,Headphones,Electronics,Mumbai,Store,Credit Card,2,4563.8,0.0,9127.6,9127.6,1,-456.38,2025,3,March,Tuesday,9127.6,9127.6
2025-03-04,ORD029240,CUST01411,P007,Backpack,Accessories,Surat,Store,Credit Card,1,2082.56,0.05,2082.56,1978.43,0,448.84,2025,3,March,Tuesday,2082.56,1978.4319999999998
2025-03-04,ORD037279,CUST01518,P007,Backpack,Accessories,Jaipur,Online,UPI,2,2096.77,0.25,4193.54,3145.16,0,659.63,2025,3,March,Tuesday,4193.54,3145.1549999999997
2025-03-04,ORD022942,CUST02473,P001,Laptop,Electronics,Mumbai,Online,Credit Card,1,59238.55,0.1,59238.55,53314.7,0,5663.38,2025,3,March,Tuesday,59238.55,53314.69500000001
2025-03-04,ORD001315,CUST00540,P020,Microwave,Home,Bengaluru,Online,UPI,1,11200.99,0.15,11200.99,9520.84,0,1478.69,2025,3,March,Tuesday,11200.99,9520.8415
2025-03-04,ORD021793,CUST03525,P001,Laptop,Electronics,Ahmedabad,Online,Debit Card,1,70976.44,0.1,70976.44,63878.8,0,9972.9,2025,3,March,Tuesday,70976.44,63878.796
2025-03-04,ORD013221,CUST02531,P011,Mixer Grinder,Home,Surat,Store,Credit Card,4,5046.43,0.15,20185.72,17157.86,0,1725.92,2025,3,March,Tuesday,20185.72,17157.862
2025-03-04,ORD021066,CUST04672,P006,Desk,Furniture,Ahmedabad,Online,UPI,1,10824.99,0.1,10824.99,9742.49,0,916.3,2025,3,March,Tuesday,10824.99,9742.491
2025-03-04,ORD025878,CUST02697,P008,Running Shoes,Fashion,Chennai,Online,UPI,1,4336.99,0.1,4336.99,3903.29,0,860.33,2025,3,March,Tuesday,4336.99,3903.2909999999997
2025-03-04,ORD026982,CUST02966,P017,Jeans,Fashion,Hyderabad,Online,Debit Card,3,2683.73,0.15,8051.19,6843.51,0,721.04,2025,3,March,Tuesday,8051.1900000000005,6843.5115
2025-03-04,ORD046180,CUST01298,P019,Vacuum Cleaner,Home,Hyderabad,Store,Credit Card,1,8933.63,0.2,8933.63,7146.9,0,846.26,2025,3,March,Tuesday,8933.63,7146.9039999999995
2025-03-04,ORD040420,CUST00285,P010,Coffee Maker,Home,Delhi,Online,UPI,1,5423.53,0.0,5423.53,5423.53,0,517.8,2025,3,March,Tuesday,5423.53,5423.53
2025-03-04,ORD016088,CUST04490,P005,Office Chair,Furniture,Delhi,Online,Credit Card,5,8573.96,0.05,42869.8,40726.31,0,11592.7,2025,3,March,Tuesday,42869.799999999996,40726.31
2025-03-04,ORD002481,CUST04787,P010,Coffee Maker,Home,Bengaluru,Online,UPI,2,5135.07,0.1,10270.14,9243.13,0,1631.67,2025,3,March,Tuesday,10270.14,9243.126
2025-03-04,ORD015642,CUST03560,P017,Jeans,Fashion,Hyderabad,Online,Net Banking,1,2816.85,0.1,2816.85,2535.16,0,271.33,2025,3,March,Tuesday,2816.85,2535.165
2025-03-04,ORD042852,CUST03287,P008,Running Shoes,Fashion,Ahmedabad,Store,Debit Card,1,4040.57,0.0,4040.57,4040.57,1,-202.03,2025,3,March,Tuesday,4040.57,4040.57
2025-03-04,ORD020056,CUST04045,P020,Microwave,Home,Ahmedabad,Online,UPI,2,10784.48,0.0,21568.96,21568.96,0,2630.57,2025,3,March,Tuesday,21568.96,21568.96
2025-03-04,ORD002336,CUST04074,P013,Monitor,Electronics,Bengaluru,Store,Credit Card,1,17002.98,0.05,17002.98,16152.83,0,1308.75,2025,3,March,Tuesday,17002.98,16152.830999999998
2025-03-04,ORD009223,CUST04353,P016,Sofa,Furniture,Jaipur,Store,Credit Card,1,34269.94,0.05,34269.94,32556.44,0,2519.33,2025,3,March,Tuesday,34269.94,32556.443
2025-03-04,ORD028007,CUST04445,P010,Coffee Maker,Home,Kolkata,Store,Debit Card,1,5730.65,0.05,5730.65,5444.12,0,875.64,2025,3,March,Tuesday,5730.65,5444.117499999999
2025-03-04,ORD011113,CUST01769,P018,Jacket,Fashion,Hyderabad,Online,UPI,1,4709.7,0.05,4709.7,4474.21,0,773.28,2025,3,March,Tuesday,4709.7,4474.214999999999
2025-03-04,ORD015429,CUST04765,P001,Laptop,Electronics,Ahmedabad,Store,UPI,4,68296.44,0.05,273185.76,259526.47,0,33979.37,2025,3,March,Tuesday,273185.76,259526.472
2025-03-04,ORD005189,CUST00795,P014,Keyboard,Electronics,Kolkata,Store,Net Banking,1,2257.7,0.15,2257.7,1919.04,0,437.85,2025,3,March,Tuesday,2257.7,1919.0449999999998
2025-03-04,ORD009992,CUST01611,P015,Dining Table,Furniture,Surat,Online,Net Banking,1,20906.08,0.0,20906.08,20906.08,0,4522.87,2025,3,March,Tuesday,20906.08,20906.08
2025-03-04,ORD005192,CUST01440,P003,Headphones,Electronics,Delhi,Online,Cash,2,4112.89,0.1,8225.78,7403.2,0,690.7,2025,3,March,Tuesday,8225.78,7403.202000000001
2025-03-05,ORD047787,CUST01774,P009,T-Shirt,Fashion,Mumbai,Online,Credit Card,1,1219.25,0.25,1219.25,914.44,0,119.68,2025,3,March,Wednesday,1219.25,914.4375
2025-03-05,ORD023170,CUST00289,P018,Jacket,Fashion,Kolkata,Online,Credit Card,1,4893.79,0.0,4893.79,4893.79,0,839.27,2025,3,March,Wednesday,4893.79,4893.79
2025-03-05,ORD007253,CUST01145,P017,Jeans,Fashion,Kolkata,Store,Debit Card,1,2585.69,0.0,2585.69,2585.69,0,435.91,2025,3,March,Wednesday,2585.69,2585.69
2025-03-05,ORD013554,CUST02872,P003,Headphones,Electronics,Hyderabad,Store,Debit Card,5,4657.34,0.1,23286.7,20958.03,0,5172.51,2025,3,March,Wednesday,23286.7,20958.030000000002
2025-03-05,ORD011510,CUST02000,P005,Office Chair,Furniture,Mumbai,Online,UPI,2,9828.57,0.1,19657.14,17691.43,0,2119.59,2025,3,March,Wednesday,19657.14,17691.426
2025-03-05,ORD015084,CUST04660,P013,Monitor,Electronics,Chennai,Store,UPI,1,16247.1,0.0,16247.1,16247.1,0,1834.72,2025,3,March,Wednesday,16247.1,16247.1
2025-03-05,ORD044496,CUST03040,P011,Mixer Grinder,Home,Mumbai,Online,UPI,2,4437.81,0.0,8875.62,8875.62,0,1698.52,2025,3,March,Wednesday,8875.62,8875.62
2025-03-05,ORD028413,CUST02442,P018,Jacket,Fashion,Surat,Online,UPI,1,5358.81,0.1,5358.81,4822.93,0,884.25,2025,3,March,Wednesday,5358.81,4822.929
2025-03-05,ORD004988,CUST01441,P005,Office Chair,Furniture,Jaipur,Online,UPI,2,9099.4,0.15,18198.8,15468.98,0,1472.93,2025,3,March,Wednesday,18198.8,15468.98
2025-03-05,ORD048764,CUST04647,P008,Running Shoes,Fashion,Hyderabad,Online,UPI,4,4142.1,0.0,16568.4,16568.4,0,3216.9,2025,3,March,Wednesday,16568.4,16568.4
2025-03-05,ORD019907,CUST00061,P015,Dining Table,Furniture,Pune,Online,UPI,1,23361.44,0.0,23361.44,23361.44,0,2128.84,2025,3,March,Wednesday,23361.44,23361.44
2025-03-05,ORD048249,CUST03569,P002,Smartphone,Electronics,Jaipur,Online,UPI,1,26604.27,0.0,26604.27,26604.27,0,2693.25,2025,3,March,Wednesday,26604.27,26604.27
2025-03-05,ORD021473,CUST01921,P013,Monitor,Electronics,Ahmedabad,Online,Cash,3,16819.19,0.1,50457.57,45411.81,1,-2270.59,2025,3,March,Wednesday,50457.56999999999,45411.813
2025-03-05,ORD040582,CUST04971,P017,Jeans,Fashion,Bengaluru,Store,Credit Card,1,2622.81,0.05,2622.81,2491.67,0,265.26,2025,3,March,Wednesday,2622.81,2491.6695
2025-03-05,ORD022002,CUST04763,P019,Vacuum Cleaner,Home,Chennai,Store,Credit Card,1,8816.46,0.0,8816.46,8816.46,0,1980.38,2025,3,March,Wednesday,8816.46,8816.46
2025-03-05,ORD022782,CUST04491,P013,Monitor,Electronics,Bengaluru,Online,Debit Card,1,16892.22,0.1,16892.22,15203.0,0,2499.08,2025,3,March,Wednesday,16892.22,15202.998000000001
2025-03-05,ORD031333,CUST04003,P020,Microwave,Home,Ahmedabad,Store,Credit Card,1,11250.96,0.25,11250.96,8438.22,0,1426.26,2025,3,March,Wednesday,11250.96,8438.22
2025-03-05,ORD013211,CUST04336,P004,Smartwatch,Electronics,Chennai,Online,Credit Card,1,7557.94,0.05,7557.94,7180.04,0,1106.95,2025,3,March,Wednesday,7557.94,7180.043
2025-03-05,ORD004929,CUST02157,P009,T-Shirt,Fashion,Ahmedabad,Store,UPI,1,1127.28,0.2,1127.28,901.82,0,148.23,2025,3,March,Wednesday,1127.28,901.8240000000001
2025-03-05,ORD041371,CUST04548,P006,Desk,Furniture,Chennai,Online,Debit Card,1,11648.52,0.2,11648.52,9318.82,0,859.26,2025,3,March,Wednesday,11648.52,9318.816
2025-03-05,ORD047798,CUST00333,P013,Monitor,Electronics,Ahmedabad,Store,Debit Card,2,16767.98,0.1,33535.96,30182.36,0,8093.05,2025,3,March,Wednesday,33535.96,30182.364
2025-03-05,ORD010660,CUST03408,P018,Jacket,Fashion,Bengaluru,Online,Credit Card,1,5578.86,0.05,5578.86,5299.92,0,615.6,2025,3,March,Wednesday,5578.86,5299.9169999999995
2025-03-05,ORD027026,CUST00022,P005,Office Chair,Furniture,Pune,Online,UPI,3,9001.36,0.05,27004.08,25653.88,0,5593.66,2025,3,March,Wednesday,27004.08,25653.876
2025-03-05,ORD038910,CUST03693,P008,Running Shoes,Fashion,Delhi,Store,UPI,2,4008.99,0.05,8017.98,7617.08,0,1501.57,2025,3,March,Wednesday,8017.98,7617.080999999999
2025-03-05,ORD041930,CUST03233,P008,Running Shoes,Fashion,Kolkata,Online,Cash,3,4052.59,0.05,12157.77,11549.88,0,1043.12,2025,3,March,Wednesday,12157.77,11549.8815
2025-03-05,ORD047988,CUST01648,P009,T-Shirt,Fashion,Jaipur,Online,Credit Card,1,1256.35,0.15,1256.35,1067.9,0,210.93,2025,3,March,Wednesday,1256.35,1067.8974999999998
2025-03-05,ORD007130,CUST03675,P008,Running Shoes,Fashion,Pune,Online,UPI,2,4023.59,0.15,8047.18,6840.1,0,568.09,2025,3,March,Wednesday,8047.18,6840.103
2025-03-05,ORD009581,CUST01507,P008,Running Shoes,Fashion,Bengaluru,Online,UPI,5,4581.17,0.15,22905.85,19469.97,0,3472.13,2025,3,March,Wednesday,22905.85,19469.9725
2025-03-05,ORD038849,CUST03936,P009,T-Shirt,Fashion,Chennai,Online,UPI,1,1276.34,0.1,1276.34,1148.71,0,236.03,2025,3,March,Wednesday,1276.34,1148.706
2025-03-05,ORD019487,CUST04448,P010,Coffee Maker,Home,Delhi,Online,Credit Card,2,5689.53,0.1,11379.06,10241.15,0,1923.62,2025,3,March,Wednesday,11379.06,10241.154
2025-03-05,ORD030814,CUST01372,P003,Headphones,Electronics,Kolkata,Online,Debit Card,1,4853.4,0.1,4853.4,4368.06,0,341.91,2025,3,March,Wednesday,4853.4,4368.0599999999995
2025-03-05,ORD009975,CUST04960,P010,Coffee Maker,Home,Hyderabad,Online,Credit Card,1,5498.47,0.1,5498.47,4948.62,1,-247.43,2025,3,March,Wednesday,5498.47,4948.6230000000005
2025-03-05,ORD019270,CUST03185,P020,Microwave,Home,Bengaluru,Online,UPI,3,10458.69,0.1,31376.07,28238.46,0,5225.05,2025,3,March,Wednesday,31376.07,28238.463
2025-03-05,ORD016139,CUST02393,P001,Laptop,Electronics,Ahmedabad,Store,UPI,3,68341.21,0.15,205023.63,174270.09,0,21061.19,2025,3,March,Wednesday,205023.63,174270.0855
2025-03-05,ORD034311,CUST01189,P020,Microwave,Home,Bengaluru,Store,Debit Card,1,11486.45,0.05,11486.45,10912.13,0,2429.61,2025,3,March,Wednesday,11486.45,10912.1275
2025-03-05,ORD013649,CUST04701,P012,Air Fryer,Home,Surat,Store,Net Banking,3,6701.69,0.05,20105.07,19099.82,0,1798.78,2025,3,March,Wednesday,20105.07,19099.816499999997
2025-03-05,ORD023564,CUST01982,P014,Keyboard,Electronics,Pune,Store,Debit Card,1,2363.94,0.0,2363.94,2363.94,0,428.23,2025,3,March,Wednesday,2363.94,2363.94
2025-03-05,ORD029818,CUST01817,P014,Keyboard,Electronics,Mumbai,Online,Credit Card,1,2410.44,0.05,2410.44,2289.92,0,402.32,2025,3,March,Wednesday,2410.44,2289.918
2025-03-05,ORD034433,CUST00655,P012,Air Fryer,Home,Mumbai,Online,UPI,3,7509.6,0.15,22528.8,19149.48,0,2143.09,2025,3,March,Wednesday,22528.800000000003,19149.48
2025-03-05,ORD033029,CUST04892,P020,Microwave,Home,Bengaluru,Online,Cash,1,9960.99,0.0,9960.99,9960.99,0,2335.72,2025,3,March,Wednesday,9960.99,9960.99
2025-03-05,ORD041424,CUST01065,P008,Running Shoes,Fashion,Hyderabad,Store,UPI,1,3977.11,0.1,3977.11,3579.4,0,910.19,2025,3,March,Wednesday,3977.11,3579.3990000000003
2025-03-05,ORD021252,CUST01716,P012,Air Fryer,Home,Bengaluru,Online,Credit Card,1,7647.07,0.05,7647.07,7264.72,0,917.54,2025,3,March,Wednesday,7647.07,7264.7164999999995
2025-03-05,ORD041404,CUST04582,P001,Laptop,Electronics,Hyderabad,Online,UPI,1,62363.55,0.1,62363.55,56127.2,0,11317.46,2025,3,March,Wednesday,62363.55,56127.19500000001
2025-03-05,ORD024152,CUST04238,P015,Dining Table,Furniture,Kolkata,Store,Credit Card,1,23024.49,0.1,23024.49,20722.04,0,2566.91,2025,3,March,Wednesday,23024.49,20722.041
2025-03-05,ORD008086,CUST04243,P006,Desk,Furniture,Delhi,Store,Cash,1,11561.48,0.05,11561.48,10983.41,0,1426.4,2025,3,March,Wednesday,11561.48,10983.405999999999
2025-03-05,ORD028826,CUST03704,P003,Headphones,Electronics,Chennai,Online,Credit Card,1,4169.35,0.1,4169.35,3752.42,0,704.29,2025,3,March,Wednesday,4169.35,3752.4150000000004
2025-03-05,ORD024237,CUST00509,P002,Smartphone,Electronics,Mumbai,Online,Credit Card,1,28382.85,0.0,28382.85,28382.85,0,4656.1,2025,3,March,Wednesday,28382.85,28382.85
2025-03-05,ORD033776,CUST03641,P003,Headphones,Electronics,Mumbai,Store,Credit Card,1,4253.89,0.0,4253.89,4253.89,0,584.35,2025,3,March,Wednesday,4253.89,4253.89
2025-03-05,ORD013067,CUST04692,P020,Microwave,Home,Mumbai,Store,UPI,1,9966.03,0.15,9966.03,8471.13,0,1246.73,2025,3,March,Wednesday,9966.03,8471.1255
2025-03-05,ORD014973,CUST03808,P018,Jacket,Fashion,Chennai,Online,Credit Card,1,5467.47,0.15,5467.47,4647.35,0,690.63,2025,3,March,Wednesday,5467.47,4647.3495
2025-03-05,ORD017374,CUST03395,P020,Microwave,Home,Kolkata,Online,Net Banking,3,11913.51,0.1,35740.53,32166.48,0,5450.71,2025,3,March,Wednesday,35740.53,32166.477
2025-03-05,ORD046177,CUST02598,P005,Office Chair,Furniture,Kolkata,Store,UPI,3,8969.54,0.25,26908.62,20181.47,0,3458.55,2025,3,March,Wednesday,26908.620000000003,20181.465
2025-03-05,ORD045966,CUST04436,P002,Smartphone,Electronics,Hyderabad,Store,Cash,2,29234.89,0.1,58469.78,52622.8,0,6622.11,2025,3,March,Wednesday,58469.78,52622.802
2025-03-05,ORD028369,CUST04924,P008,Running Shoes,Fashion,Ahmedabad,Online,Credit Card,1,4113.38,0.0,4113.38,4113.38,0,747.34,2025,3,March,Wednesday,4113.38,4113.38
2025-03-05,ORD040628,CUST00454,P012,Air Fryer,Home,Chennai,Online,Net Banking,1,6556.42,0.0,6556.42,6556.42,0,877.37,2025,3,March,Wednesday,6556.42,6556.42
2025-03-05,ORD026492,CUST04838,P006,Desk,Furniture,Ahmedabad,Online,UPI,3,11901.76,0.2,35705.28,28564.22,0,3405.15,2025,3,March,Wednesday,35705.28,28564.224000000002
2025-03-05,ORD022045,CUST02480,P017,Jeans,Fashion,Surat,Online,Credit Card,1,2813.1,0.1,2813.1,2531.79,0,690.17,2025,3,March,Wednesday,2813.1,2531.79
2025-03-05,ORD008738,CUST02329,P015,Dining Table,Furniture,Hyderabad,Online,UPI,1,23901.13,0.1,23901.13,21511.02,0,1422.67,2025,3,March,Wednesday,23901.13,21511.017
2025-03-05,ORD031468,CUST03186,P013,Monitor,Electronics,Bengaluru,Store,UPI,2,17901.71,0.05,35803.42,34013.25,0,7845.86,2025,3,March,Wednesday,35803.42,34013.248999999996
2025-03-06,ORD043580,CUST04265,P012,Air Fryer,Home,Bengaluru,Online,Credit Card,4,6670.99,0.25,26683.96,20012.97,0,861.99,2025,3,March,Thursday,26683.96,20012.97
2025-03-06,ORD029307,CUST00731,P011,Mixer Grinder,Home,Delhi,Online,Debit Card,2,4585.69,0.2,9171.38,7337.1,0,1550.97,2025,3,March,Thursday,9171.38,7337.103999999999
2025-03-06,ORD033963,CUST01071,P018,Jacket,Fashion,Mumbai,Store,Net Banking,1,4819.33,0.1,4819.33,4337.4,0,297.36,2025,3,March,Thursday,4819.33,4337.397
2025-03-06,ORD037774,CUST00964,P005,Office Chair,Furniture,Delhi,Online,Credit Card,1,10349.58,0.15,10349.58,8797.14,0,2155.7,2025,3,March,Thursday,10349.58,8797.143
2025-03-06,ORD006736,CUST02161,P018,Jacket,Fashion,Ahmedabad,Online,Net Banking,3,5496.34,0.0,16489.02,16489.02,1,-824.45,2025,3,March,Thursday,16489.02,16489.02
2025-03-06,ORD027290,CUST01015,P009,T-Shirt,Fashion,Jaipur,Online,UPI,3,1281.91,0.0,3845.73,3845.73,0,543.92,2025,3,March,Thursday,3845.7300000000005,3845.73
2025-03-06,ORD025302,CUST03515,P008,Running Shoes,Fashion,Ahmedabad,Store,Credit Card,1,4014.5,0.25,4014.5,3010.88,0,615.05,2025,3,March,Thursday,4014.5,3010.875
2025-03-06,ORD045382,CUST02630,P016,Sofa,Furniture,Hyderabad,Online,UPI,1,31757.15,0.0,31757.15,31757.15,0,3097.74,2025,3,March,Thursday,31757.15,31757.15
2025-03-06,ORD049673,CUST04319,P004,Smartwatch,Electronics,Pune,Store,UPI,1,6747.25,0.1,6747.25,6072.52,0,1573.96,2025,3,March,Thursday,6747.25,6072.525000000001
2025-03-06,ORD018740,CUST00087,P020,Microwave,Home,Mumbai,Online,Debit Card,1,11084.4,0.0,11084.4,11084.4,0,3179.29,2025,3,March,Thursday,11084.4,11084.4
2025-03-06,ORD015374,CUST04339,P013,Monitor,Electronics,Surat,Store,UPI,1,18087.49,0.1,18087.49,16278.74,0,4150.32,2025,3,March,Thursday,18087.49,16278.741000000002
2025-03-06,ORD005213,CUST04323,P014,Keyboard,Electronics,Pune,Online,Credit Card,1,2726.72,0.2,2726.72,2181.38,0,159.95,2025,3,March,Thursday,2726.72,2181.3759999999997
2025-03-06,ORD030992,CUST04183,P012,Air Fryer,Home,Jaipur,Online,UPI,2,7539.84,0.0,15079.68,15079.68,0,2247.22,2025,3,March,Thursday,15079.68,15079.68
2025-03-06,ORD018834,CUST00226,P003,Headphones,Electronics,Bengaluru,Online,Credit Card,4,4174.19,0.1,16696.76,15027.08,0,3936.89,2025,3,March,Thursday,16696.76,15027.083999999999
2025-03-06,ORD037344,CUST02179,P006,Desk,Furniture,Jaipur,Store,Credit Card,1,12841.42,0.1,12841.42,11557.28,0,880.29,2025,3,March,Thursday,12841.42,11557.278
2025-03-06,ORD041045,CUST00323,P002,Smartphone,Electronics,Delhi,Store,UPI,1,30774.53,0.05,30774.53,29235.8,0,3025.43,2025,3,March,Thursday,30774.53,29235.803499999998
2025-03-06,ORD003745,CUST00605,P016,Sofa,Furniture,Jaipur,Store,Credit Card,2,37614.29,0.15,75228.58,63944.29,0,17062.73,2025,3,March,Thursday,75228.58,63944.293
2025-03-06,ORD035681,CUST04256,P019,Vacuum Cleaner,Home,Surat,Online,Credit Card,1,8304.77,0.15,8304.77,7059.05,0,1899.58,2025,3,March,Thursday,8304.77,7059.0545
2025-03-06,ORD009893,CUST04844,P012,Air Fryer,Home,Jaipur,Store,Debit Card,1,7687.03,0.2,7687.03,6149.62,0,827.05,2025,3,March,Thursday,7687.03,6149.624
2025-03-06,ORD026186,CUST02840,P017,Jeans,Fashion,Bengaluru,Online,Credit Card,4,2779.41,0.2,11117.64,8894.11,0,360.95,2025,3,March,Thursday,11117.64,8894.112
2025-03-06,ORD038873,CUST01343,P013,Monitor,Electronics,Surat,Store,Credit Card,2,18036.5,0.2,36073.0,28858.4,0,4606.26,2025,3,March,Thursday,36073.0,28858.4
2025-03-06,ORD030642,CUST02671,P003,Headphones,Electronics,Mumbai,Online,Debit Card,2,4832.5,0.1,9665.0,8698.5,0,1301.1,2025,3,March,Thursday,9665.0,8698.5
2025-03-06,ORD002278,CUST02328,P002,Smartphone,Electronics,Mumbai,Online,UPI,1,30107.72,0.15,30107.72,25591.56,0,2654.6,2025,3,March,Thursday,30107.72,25591.562
2025-03-06,ORD025833,CUST01353,P016,Sofa,Furniture,Surat,Online,Credit Card,1,34101.56,0.2,34101.56,27281.25,0,2294.08,2025,3,March,Thursday,34101.56,27281.248
2025-03-06,ORD019154,CUST02095,P007,Backpack,Accessories,Delhi,Online,Credit Card,1,2049.7,0.1,2049.7,1844.73,0,309.46,2025,3,March,Thursday,2049.7,1844.7299999999998
2025-03-06,ORD042323,CUST04722,P007,Backpack,Accessories,Delhi,Online,UPI,2,2382.55,0.15,4765.1,4050.34,0,676.92,2025,3,March,Thursday,4765.1,4050.335
2025-03-06,ORD021852,CUST04385,P020,Microwave,Home,Kolkata,Store,UPI,1,12094.92,0.2,12094.92,9675.94,0,2259.32,2025,3,March,Thursday,12094.92,9675.936
2025-03-06,ORD041961,CUST02049,P010,Coffee Maker,Home,Bengaluru,Online,Credit Card,2,5938.3,0.05,11876.6,11282.77,0,865.88,2025,3,March,Thursday,11876.6,11282.77
2025-03-06,ORD019176,CUST04387,P020,Microwave,Home,Kolkata,Online,Net Banking,1,11203.65,0.05,11203.65,10643.47,0,2824.22,2025,3,March,Thursday,11203.65,10643.467499999999
2025-03-06,ORD011592,CUST02693,P013,Monitor,Electronics,Surat,Store,Cash,2,19361.24,0.1,38722.48,34850.23,0,4111.12,2025,3,March,Thursday,38722.48,34850.232
2025-03-06,ORD008786,CUST02081,P009,T-Shirt,Fashion,Chennai,Online,Credit Card,3,1214.28,0.05,3642.84,3460.7,0,437.96,2025,3,March,Thursday,3642.84,3460.698
2025-03-06,ORD024151,CUST04171,P015,Dining Table,Furniture,Bengaluru,Online,UPI,2,22847.85,0.1,45695.7,41126.13,0,10957.76,2025,3,March,Thursday,45695.7,41126.13
2025-03-06,ORD022388,CUST01857,P018,Jacket,Fashion,Delhi,Online,Credit Card,1,4959.41,0.0,4959.41,4959.41,0,698.2,2025,3,March,Thursday,4959.41,4959.41
2025-03-06,ORD035119,CUST03495,P003,Headphones,Electronics,Mumbai,Store,Debit Card,1,4575.83,0.0,4575.83,4575.83,0,1336.64,2025,3,March,Thursday,4575.83,4575.83
2025-03-06,ORD031743,CUST01176,P018,Jacket,Fashion,Ahmedabad,Online,Credit Card,2,4847.83,0.1,9695.66,8726.09,0,2098.49,2025,3,March,Thursday,9695.66,8726.094000000001
2025-03-06,ORD009429,CUST03790,P013,Monitor,Electronics,Kolkata,Online,Net Banking,2,16810.47,0.05,33620.94,31939.89,0,2274.12,2025,3,March,Thursday,33620.94,31939.893
2025-03-06,ORD045591,CUST03004,P019,Vacuum Cleaner,Home,Bengaluru,Online,Debit Card,1,8242.76,0.15,8242.76,7006.35,0,446.91,2025,3,March,Thursday,8242.76,7006.346
2025-03-06,ORD002977,CUST00354,P005,Office Chair,Furniture,Hyderabad,Store,UPI,1,9307.42,0.1,9307.42,8376.68,0,1157.87,2025,3,March,Thursday,9307.42,8376.678
2025-03-06,ORD036042,CUST01731,P009,T-Shirt,Fashion,Ahmedabad,Online,UPI,1,1295.58,0.2,1295.58,1036.46,0,180.5,2025,3,March,Thursday,1295.58,1036.464
2025-03-06,ORD026361,CUST04847,P011,Mixer Grinder,Home,Surat,Online,UPI,4,5161.26,0.1,20645.04,18580.54,0,4895.6,2025,3,March,Thursday,20645.04,18580.536
2025-03-06,ORD027792,CUST04905,P009,T-Shirt,Fashion,Bengaluru,Store,Net Banking,1,1222.33,0.05,1222.33,1161.21,0,131.21,2025,3,March,Thursday,1222.33,1161.2134999999998
2025-03-06,ORD009535,CUST00076,P001,Laptop,Electronics,Chennai,Store,UPI,2,65352.82,0.0,130705.64,130705.64,0,19237.22,2025,3,March,Thursday,130705.64,130705.64
2025-03-06,ORD047816,CUST00323,P002,Smartphone,Electronics,Mumbai,Store,UPI,3,27970.67,0.0,83912.01,83912.01,0,17836.46,2025,3,March,Thursday,83912.01,83912.01
2025-03-06,ORD043170,CUST02767,P016,Sofa,Furniture,Kolkata,Store,Credit Card,1,33706.97,0.0,33706.97,33706.97,0,5247.3,2025,3,March,Thursday,33706.97,33706.97
2025-03-06,ORD021012,CUST04136,P002,Smartphone,Electronics,Delhi,Store,UPI,3,29734.43,0.0,89203.29,89203.29,0,14411.35,2025,3,March,Thursday,89203.29000000001,89203.29
2025-03-06,ORD016313,CUST04446,P018,Jacket,Fashion,Hyderabad,Online,UPI,2,4828.94,0.0,9657.88,9657.88,0,2121.53,2025,3,March,Thursday,9657.88,9657.88
2025-03-06,ORD018689,CUST00780,P012,Air Fryer,Home,Hyderabad,Store,UPI,2,6762.35,0.1,13524.7,12172.23,0,783.29,2025,3,March,Thursday,13524.7,12172.230000000001
2025-03-06,ORD007074,CUST04641,P011,Mixer Grinder,Home,Hyderabad,Online,UPI,2,5045.53,0.1,10091.06,9081.95,0,1919.25,2025,3,March,Thursday,10091.06,9081.954
2025-03-06,ORD038064,CUST00557,P006,Desk,Furniture,Hyderabad,Online,Net Banking,1,12656.54,0.15,12656.54,10758.06,0,1811.3,2025,3,March,Thursday,12656.54,10758.059000000001
2025-03-06,ORD029433,CUST03688,P020,Microwave,Home,Jaipur,Online,Credit Card,1,11895.09,0.1,11895.09,10705.58,0,2722.18,2025,3,March,Thursday,11895.09,10705.581
2025-03-06,ORD002381,CUST02415,P013,Monitor,Electronics,Surat,Store,Debit Card,3,19545.02,0.0,58635.06,58635.06,0,11555.86,2025,3,March,Thursday,58635.06,58635.06
2025-03-06,ORD038670,CUST03787,P002,Smartphone,Electronics,Surat,Online,Credit Card,3,28947.28,0.25,86841.84,65131.38,0,3968.24,2025,3,March,Thursday,86841.84,65131.38
2025-03-06,ORD038927,CUST01528,P001,Laptop,Electronics,Surat,Store,UPI,1,71113.66,0.05,71113.66,67557.98,0,11311.58,2025,3,March,Thursday,71113.66,67557.977
2025-03-06,ORD015891,CUST03656,P011,Mixer Grinder,Home,Surat,Store,Credit Card,1,4609.93,0.15,4609.93,3918.44,0,1037.55,2025,3,March,Thursday,4609.93,3918.4405
2025-03-07,ORD006411,CUST04714,P016,Sofa,Furniture,Ahmedabad,Online,Credit Card,1,34831.18,0.1,34831.18,31348.06,0,3901.98,2025,3,March,Friday,34831.18,31348.062
2025-03-07,ORD045156,CUST02759,P003,Headphones,Electronics,Kolkata,Store,Credit Card,5,4604.77,0.2,23023.85,18419.08,0,2918.77,2025,3,March,Friday,23023.850000000002,18419.079999999998
2025-03-07,ORD037183,CUST04115,P006,Desk,Furniture,Hyderabad,Online,UPI,1,12936.48,0.1,12936.48,11642.83,0,2515.28,2025,3,March,Friday,12936.48,11642.832
2025-03-07,ORD023619,CUST00268,P008,Running Shoes,Fashion,Kolkata,Online,UPI,2,4196.06,0.1,8392.12,7552.91,0,658.3,2025,3,March,Friday,8392.12,7552.908000000001
2025-03-07,ORD035389,CUST02429,P009,T-Shirt,Fashion,Hyderabad,Online,Cash,1,1152.51,0.2,1152.51,922.01,0,57.84,2025,3,March,Friday,1152.51,922.008
2025-03-07,ORD021358,CUST03613,P019,Vacuum Cleaner,Home,Pune,Store,UPI,4,9242.44,0.2,36969.76,29575.81,0,5413.64,2025,3,March,Friday,36969.76,29575.808000000005
2025-03-07,ORD025304,CUST02974,P015,Dining Table,Furniture,Mumbai,Online,UPI,1,23256.76,0.05,23256.76,22093.92,0,5819.93,2025,3,March,Friday,23256.76,22093.922
2025-03-07,ORD039903,CUST04610,P007,Backpack,Accessories,Chennai,Store,Credit Card,1,2380.18,0.2,2380.18,1904.14,0,127.46,2025,3,March,Friday,2380.18,1904.144
2025-03-07,ORD004900,CUST02604,P006,Desk,Furniture,Pune,Online,UPI,2,11063.58,0.1,22127.16,19914.44,0,2513.53,2025,3,March,Friday,22127.16,19914.444
2025-03-07,ORD044967,CUST02581,P015,Dining Table,Furniture,Ahmedabad,Online,Debit Card,2,23437.58,0.1,46875.16,42187.64,0,8633.41,2025,3,March,Friday,46875.16,42187.64400000001
2025-03-07,ORD043136,CUST03614,P007,Backpack,Accessories,Ahmedabad,Store,Credit Card,2,2002.83,0.05,4005.66,3805.38,0,471.82,2025,3,March,Friday,4005.66,3805.3769999999995
2025-03-07,ORD004701,CUST03951,P009,T-Shirt,Fashion,Chennai,Online,UPI,1,1290.21,0.0,1290.21,1290.21,0,133.69,2025,3,March,Friday,1290.21,1290.21
2025-03-07,ORD015096,CUST04297,P012,Air Fryer,Home,Delhi,Online,Cash,1,7612.71,0.15,7612.71,6470.8,0,674.0,2025,3,March,Friday,7612.71,6470.8035
2025-03-07,ORD028346,CUST01051,P011,Mixer Grinder,Home,Pune,Online,Net Banking,2,5147.01,0.0,10294.02,10294.02,0,920.79,2025,3,March,Friday,10294.02,10294.02
2025-03-07,ORD013302,CUST04977,P014,Keyboard,Electronics,Ahmedabad,Online,Credit Card,1,2641.04,0.1,2641.04,2376.94,0,620.49,2025,3,March,Friday,2641.04,2376.936
2025-03-07,ORD033607,CUST03775,P019,Vacuum Cleaner,Home,Ahmedabad,Online,UPI,2,8665.13,0.1,17330.26,15597.23,0,4006.5,2025,3,March,Friday,17330.26,15597.233999999999
2025-03-07,ORD046384,CUST03465,P016,Sofa,Furniture,Hyderabad,Store,Credit Card,2,35593.32,0.05,71186.64,67627.31,0,10386.28,2025,3,March,Friday,71186.64,67627.30799999999
2025-03-07,ORD024282,CUST00660,P007,Backpack,Accessories,Hyderabad,Store,Net Banking,1,2119.18,0.05,2119.18,2013.22,1,-100.66,2025,3,March,Friday,2119.18,2013.2209999999998
2025-03-07,ORD033216,CUST01291,P020,Microwave,Home,Chennai,Online,UPI,1,11099.67,0.05,11099.67,10544.69,0,1170.2,2025,3,March,Friday,11099.67,10544.6865
2025-03-07,ORD034254,CUST03478,P004,Smartwatch,Electronics,Ahmedabad,Online,UPI,1,7231.83,0.05,7231.83,6870.24,0,1039.84,2025,3,March,Friday,7231.83,6870.2384999999995
2025-03-07,ORD035628,CUST03200,P018,Jacket,Fashion,Pune,Online,Debit Card,2,5100.04,0.1,10200.08,9180.07,0,2420.94,2025,3,March,Friday,10200.08,9180.072
2025-03-07,ORD001035,CUST01524,P019,Vacuum Cleaner,Home,Jaipur,Online,Debit Card,1,9738.62,0.1,9738.62,8764.76,0,1487.56,2025,3,March,Friday,9738.62,8764.758000000002
2025-03-07,ORD039654,CUST00393,P005,Office Chair,Furniture,Hyderabad,Store,Cash,4,10169.61,0.1,40678.44,36610.6,0,5499.68,2025,3,March,Friday,40678.44,36610.596000000005
2025-03-07,ORD029934,CUST02065,P007,Backpack,Accessories,Surat,Online,UPI,2,2102.99,0.15,4205.98,3575.08,0,797.1,2025,3,March,Friday,4205.98,3575.0829999999996
2025-03-07,ORD003626,CUST03528,P003,Headphones,Electronics,Kolkata,Online,UPI,2,4307.57,0.1,8615.14,7753.63,0,541.02,2025,3,March,Friday,8615.14,7753.625999999999
2025-03-07,ORD042275,CUST03542,P005,Office Chair,Furniture,Chennai,Online,UPI,3,9983.03,0.0,29949.09,29949.09,0,8373.39,2025,3,March,Friday,29949.090000000004,29949.09
2025-03-07,ORD030869,CUST01458,P004,Smartwatch,Electronics,Chennai,Online,UPI,4,6516.89,0.05,26067.56,24764.18,0,3856.38,2025,3,March,Friday,26067.56,24764.182
2025-03-07,ORD023581,CUST01498,P002,Smartphone,Electronics,Jaipur,Online,Cash,2,27697.52,0.15,55395.04,47085.78,0,3860.7,2025,3,March,Friday,55395.04,47085.784
2025-03-07,ORD047514,CUST01159,P008,Running Shoes,Fashion,Hyderabad,Store,Credit Card,2,4333.56,0.05,8667.12,8233.76,0,1134.7,2025,3,March,Friday,8667.12,8233.764000000001
2025-03-07,ORD020294,CUST04080,P015,Dining Table,Furniture,Surat,Online,Credit Card,1,23759.86,0.1,23759.86,21383.87,0,5986.54,2025,3,March,Friday,23759.86,21383.874
2025-03-07,ORD006233,CUST02980,P008,Running Shoes,Fashion,Bengaluru,Online,Credit Card,2,4211.14,0.0,8422.28,8422.28,0,1707.51,2025,3,March,Friday,8422.28,8422.28
2025-03-07,ORD024513,CUST02514,P009,T-Shirt,Fashion,Ahmedabad,Online,UPI,2,1177.33,0.1,2354.66,2119.19,0,534.49,2025,3,March,Friday,2354.66,2119.194
2025-03-07,ORD041301,CUST00614,P015,Dining Table,Furniture,Bengaluru,Store,UPI,1,23556.28,0.1,23556.28,21200.65,0,3673.11,2025,3,March,Friday,23556.28,21200.652
2025-03-07,ORD006619,CUST02462,P011,Mixer Grinder,Home,Kolkata,Store,Credit Card,2,4921.51,0.1,9843.02,8858.72,0,1466.41,2025,3,March,Friday,9843.02,8858.718
2025-03-07,ORD009396,CUST00905,P001,Laptop,Electronics,Kolkata,Store,UPI,2,59018.65,0.05,118037.3,112135.44,0,15359.83,2025,3,March,Friday,118037.3,112135.435
2025-03-07,ORD012607,CUST00789,P004,Smartwatch,Electronics,Delhi,Online,UPI,1,7086.93,0.15,7086.93,6023.89,0,1356.6,2025,3,March,Friday,7086.93,6023.8905
2025-03-07,ORD036475,CUST01752,P019,Vacuum Cleaner,Home,Ahmedabad,Store,UPI,4,8249.29,0.0,32997.16,32997.16,0,9608.45,2025,3,March,Friday,32997.16,32997.16
2025-03-07,ORD027564,CUST04924,P020,Microwave,Home,Surat,Store,Cash,3,12061.51,0.2,36184.53,28947.62,0,2944.85,2025,3,March,Friday,36184.53,28947.624
2025-03-07,ORD020397,CUST04502,P001,Laptop,Electronics,Hyderabad,Online,UPI,1,61511.51,0.0,61511.51,61511.51,0,15593.91,2025,3,March,Friday,61511.51,61511.51
2025-03-07,ORD040492,CUST04837,P005,Office Chair,Furniture,Delhi,Online,UPI,1,9234.73,0.15,9234.73,7849.52,0,857.15,2025,3,March,Friday,9234.73,7849.5205
2025-03-07,ORD043940,CUST03437,P009,T-Shirt,Fashion,Kolkata,Store,UPI,2,1243.48,0.1,2486.96,2238.26,0,565.73,2025,3,March,Friday,2486.96,2238.264
2025-03-07,ORD041054,CUST04255,P007,Backpack,Accessories,Hyderabad,Store,Debit Card,1,2040.83,0.1,2040.83,1836.75,1,-91.84,2025,3,March,Friday,2040.83,1836.747
2025-03-07,ORD042690,CUST04091,P018,Jacket,Fashion,Hyderabad,Online,Debit Card,1,5051.46,0.05,5051.46,4798.89,0,616.37,2025,3,March,Friday,5051.46,4798.887
2025-03-07,ORD049082,CUST00937,P006,Desk,Furniture,Bengaluru,Store,Cash,3,11708.92,0.2,35126.76,28101.41,0,1193.04,2025,3,March,Friday,35126.76,28101.408000000003
2025-03-07,ORD011097,CUST00483,P002,Smartphone,Electronics,Mumbai,Online,Cash,1,29199.56,0.05,29199.56,27739.58,0,4828.67,2025,3,March,Friday,29199.56,27739.582
2025-03-07,ORD009441,CUST02739,P010,Coffee Maker,Home,Delhi,Store,Credit Card,2,5672.53,0.1,11345.06,10210.55,0,1450.42,2025,3,March,Friday,11345.06,10210.554
2025-03-07,ORD048919,CUST03740,P011,Mixer Grinder,Home,Ahmedabad,Store,Credit Card,1,4890.06,0.1,4890.06,4401.05,0,647.69,2025,3,March,Friday,4890.06,4401.054
2025-03-07,ORD003139,CUST00939,P018,Jacket,Fashion,Mumbai,Store,UPI,1,4783.63,0.15,4783.63,4066.09,0,709.48,2025,3,March,Friday,4783.63,4066.0855
2025-03-07,ORD043919,CUST01374,P020,Microwave,Home,Chennai,Online,UPI,1,10991.4,0.05,10991.4,10441.83,0,1146.48,2025,3,March,Friday,10991.4,10441.83
2025-03-07,ORD035780,CUST03114,P016,Sofa,Furniture,Jaipur,Online,UPI,1,36768.14,0.05,36768.14,34929.73,0,5063.06,2025,3,March,Friday,36768.14,34929.733
2025-03-07,ORD013883,CUST03571,P009,T-Shirt,Fashion,Bengaluru,Online,UPI,1,1259.97,0.1,1259.97,1133.97,0,236.51,2025,3,March,Friday,1259.97,1133.973
2025-03-07,ORD007247,CUST03920,P017,Jeans,Fashion,Surat,Store,Cash,1,3035.1,0.1,3035.1,2731.59,0,558.71,2025,3,March,Friday,3035.1,2731.59
2025-03-07,ORD025005,CUST02162,P012,Air Fryer,Home,Bengaluru,Store,UPI,2,7716.44,0.1,15432.88,13889.59,0,1535.72,2025,3,March,Friday,15432.88,13889.591999999999
2025-03-07,ORD011184,CUST01761,P018,Jacket,Fashion,Pune,Online,UPI,1,4776.29,0.1,4776.29,4298.66,0,1109.16,2025,3,March,Friday,4776.29,4298.661
2025-03-07,ORD002458,CUST01113,P008,Running Shoes,Fashion,Jaipur,Online,Cash,2,3848.73,0.15,7697.46,6542.84,0,1611.95,2025,3,March,Friday,7697.46,6542.840999999999
2025-03-08,ORD035063,CUST01514,P007,Backpack,Accessories,Delhi,Online,UPI,2,2202.56,0.1,4405.12,3964.61,0,783.31,2025,3,March,Saturday,4405.12,3964.608
2025-03-08,ORD035253,CUST01418,P007,Backpack,Accessories,Chennai,Store,Credit Card,3,2394.84,0.2,7184.52,5747.62,0,1119.44,2025,3,March,Saturday,7184.52,5747.616000000001
2025-03-08,ORD033426,CUST04629,P001,Laptop,Electronics,Kolkata,Store,UPI,1,70872.79,0.05,70872.79,67329.15,0,8747.16,2025,3,March,Saturday,70872.79,67329.15049999999
2025-03-08,ORD020473,CUST01700,P016,Sofa,Furniture,Mumbai,Online,UPI,1,34252.73,0.05,34252.73,32540.09,0,2830.85,2025,3,March,Saturday,34252.73,32540.093500000003
2025-03-08,ORD019314,CUST04001,P016,Sofa,Furniture,Chennai,Store,Credit Card,4,33310.27,0.0,133241.08,133241.08,0,14070.17,2025,3,March,Saturday,133241.08,133241.08
2025-03-08,ORD039235,CUST01058,P015,Dining Table,Furniture,Hyderabad,Store,Credit Card,3,23881.09,0.25,71643.27,53732.45,0,6037.74,2025,3,March,Saturday,71643.27,53732.4525
2025-03-08,ORD022776,CUST02898,P004,Smartwatch,Electronics,Bengaluru,Store,UPI,1,7565.69,0.1,7565.69,6809.12,0,761.36,2025,3,March,Saturday,7565.69,6809.121
2025-03-08,ORD031280,CUST04207,P008,Running Shoes,Fashion,Hyderabad,Store,Credit Card,1,3961.41,0.1,3961.41,3565.27,0,275.47,2025,3,March,Saturday,3961.41,3565.269
2025-03-08,ORD006447,CUST01564,P006,Desk,Furniture,Bengaluru,Online,UPI,1,11713.49,0.1,11713.49,10542.14,0,2716.31,2025,3,March,Saturday,11713.49,10542.141
2025-03-08,ORD034761,CUST03374,P005,Office Chair,Furniture,Kolkata,Online,Cash,1,9156.27,0.1,9156.27,8240.64,0,1820.13,2025,3,March,Saturday,9156.27,8240.643
2025-03-08,ORD014977,CUST03269,P006,Desk,Furniture,Bengaluru,Online,UPI,3,11453.47,0.1,34360.41,30924.37,0,2860.38,2025,3,March,Saturday,34360.409999999996,30924.369000000002
2025-03-08,ORD018696,CUST00737,P015,Dining Table,Furniture,Delhi,Online,Debit Card,1,21497.75,0.05,21497.75,20422.86,0,2985.52,2025,3,March,Saturday,21497.75,20422.8625
2025-03-08,ORD021165,CUST03065,P012,Air Fryer,Home,Mumbai,Online,UPI,5,7413.12,0.1,37065.6,33359.04,0,7749.54,2025,3,March,Saturday,37065.6,33359.04
2025-03-08,ORD028317,CUST02360,P003,Headphones,Electronics,Mumbai,Online,UPI,1,4391.19,0.1,4391.19,3952.07,0,376.79,2025,3,March,Saturday,4391.19,3952.071
2025-03-08,ORD027665,CUST02713,P016,Sofa,Furniture,Delhi,Online,Debit Card,1,38120.21,0.1,38120.21,34308.19,0,3281.5,2025,3,March,Saturday,38120.21,34308.189
2025-03-08,ORD004973,CUST01457,P005,Office Chair,Furniture,Ahmedabad,Online,Credit Card,1,9488.83,0.1,9488.83,8539.95,0,1117.09,2025,3,March,Saturday,9488.83,8539.947
2025-03-08,ORD035733,CUST00632,P009,T-Shirt,Fashion,Jaipur,Store,Debit Card,2,1163.84,0.1,2327.68,2094.91,0,218.58,2025,3,March,Saturday,2327.68,2094.912
2025-03-08,ORD003817,CUST00024,P001,Laptop,Electronics,Pune,Online,UPI,1,63786.47,0.1,63786.47,57407.82,0,7707.02,2025,3,March,Saturday,63786.47,57407.823000000004
2025-03-08,ORD040870,CUST01444,P005,Office Chair,Furniture,Chennai,Store,UPI,1,10349.82,0.2,10349.82,8279.86,0,1318.04,2025,3,March,Saturday,10349.82,8279.856
2025-03-08,ORD026918,CUST04930,P010,Coffee Maker,Home,Mumbai,Online,Net Banking,2,4954.28,0.0,9908.56,9908.56,0,2567.02,2025,3,March,Saturday,9908.56,9908.56
2025-03-08,ORD006347,CUST01116,P019,Vacuum Cleaner,Home,Chennai,Store,Debit Card,1,8803.83,0.25,8803.83,6602.87,0,295.74,2025,3,March,Saturday,8803.83,6602.8724999999995
2025-03-08,ORD003958,CUST04348,P015,Dining Table,Furniture,Kolkata,Online,Debit Card,1,23861.33,0.15,23861.33,20282.13,1,-1014.11,2025,3,March,Saturday,23861.33,20282.1305
2025-03-08,ORD047891,CUST04660,P004,Smartwatch,Electronics,Mumbai,Store,UPI,4,7380.1,0.1,29520.4,26568.36,0,3913.81,2025,3,March,Saturday,29520.4,26568.36
2025-03-08,ORD039521,CUST02261,P002,Smartphone,Electronics,Kolkata,Store,Credit Card,1,30091.42,0.05,30091.42,28586.85,0,7081.1,2025,3,March,Saturday,30091.42,28586.849
2025-03-08,ORD019901,CUST02971,P018,Jacket,Fashion,Ahmedabad,Store,Credit Card,1,4959.79,0.15,4959.79,4215.82,0,235.65,2025,3,March,Saturday,4959.79,4215.8215
2025-03-08,ORD010981,CUST02062,P011,Mixer Grinder,Home,Ahmedabad,Online,Debit Card,2,4777.36,0.1,9554.72,8599.25,1,-429.96,2025,3,March,Saturday,9554.72,8599.248
2025-03-08,ORD008730,CUST01257,P012,Air Fryer,Home,Kolkata,Online,Cash,1,7719.09,0.1,7719.09,6947.18,0,860.39,2025,3,March,Saturday,7719.09,6947.1810000000005
2025-03-08,ORD020089,CUST00288,P011,Mixer Grinder,Home,Chennai,Online,Credit Card,1,5178.63,0.0,5178.63,5178.63,0,1079.6,2025,3,March,Saturday,5178.63,5178.63
2025-03-08,ORD022605,CUST00075,P019,Vacuum Cleaner,Home,Bengaluru,Online,Cash,3,9329.92,0.2,27989.76,22391.81,0,1754.74,2025,3,March,Saturday,27989.760000000002,22391.808
2025-03-08,ORD034893,CUST01831,P001,Laptop,Electronics,Surat,Online,Credit Card,1,64115.81,0.05,64115.81,60910.02,0,11704.93,2025,3,March,Saturday,64115.81,60910.019499999995
2025-03-08,ORD049628,CUST02476,P001,Laptop,Electronics,Hyderabad,Store,UPI,2,58703.55,0.1,117407.1,105666.39,0,27881.17,2025,3,March,Saturday,117407.1,105666.39000000001
2025-03-08,ORD004292,CUST03877,P018,Jacket,Fashion,Surat,Online,UPI,1,5448.75,0.15,5448.75,4631.44,0,675.53,2025,3,March,Saturday,5448.75,4631.4375
2025-03-08,ORD047558,CUST03167,P012,Air Fryer,Home,Ahmedabad,Online,UPI,3,7430.44,0.05,22291.32,21176.75,0,2213.68,2025,3,March,Saturday,22291.32,21176.753999999997
2025-03-08,ORD019030,CUST00774,P011,Mixer Grinder,Home,Pune,Online,Net Banking,1,4871.38,0.15,4871.38,4140.67,0,914.05,2025,3,March,Saturday,4871.38,4140.673
2025-03-08,ORD014050,CUST03635,P005,Office Chair,Furniture,Surat,Store,Credit Card,1,10115.03,0.1,10115.03,9103.53,0,1005.39,2025,3,March,Saturday,10115.03,9103.527
2025-03-08,ORD046696,CUST01478,P020,Microwave,Home,Surat,Online,UPI,2,9904.42,0.1,19808.84,17827.96,1,-891.4,2025,3,March,Saturday,19808.84,17827.956000000002
2025-03-08,ORD046155,CUST00075,P012,Air Fryer,Home,Kolkata,Store,Credit Card,1,7161.42,0.2,7161.42,5729.14,0,741.29,2025,3,March,Saturday,7161.42,5729.136
2025-03-08,ORD033905,CUST04243,P010,Coffee Maker,Home,Hyderabad,Online,Credit Card,4,5597.39,0.1,22389.56,20150.6,0,5132.19,2025,3,March,Saturday,22389.56,20150.604000000003
2025-03-08,ORD017045,CUST03767,P004,Smartwatch,Electronics,Bengaluru,Online,Credit Card,1,6371.58,0.1,6371.58,5734.42,1,-286.72,2025,3,March,Saturday,6371.58,5734.4220000000005
2025-03-08,ORD016757,CUST03437,P005,Office Chair,Furniture,Chennai,Store,Debit Card,1,9300.51,0.1,9300.51,8370.46,0,534.35,2025,3,March,Saturday,9300.51,8370.459
2025-03-08,ORD008900,CUST03743,P019,Vacuum Cleaner,Home,Pune,Online,Credit Card,1,8409.54,0.1,8409.54,7568.59,0,1405.54,2025,3,March,Saturday,8409.54,7568.586000000001
2025-03-08,ORD045229,CUST01143,P004,Smartwatch,Electronics,Chennai,Store,Debit Card,1,7428.58,0.15,7428.58,6314.29,0,1274.65,2025,3,March,Saturday,7428.58,6314.293
2025-03-08,ORD002569,CUST02854,P003,Headphones,Electronics,Chennai,Online,UPI,1,4466.96,0.0,4466.96,4466.96,0,548.11,2025,3,March,Saturday,4466.96,4466.96
2025-03-08,ORD047789,CUST02947,P014,Keyboard,Electronics,Surat,Online,Net Banking,1,2440.96,0.1,2440.96,2196.86,0,147.96,2025,3,March,Saturday,2440.96,2196.864
2025-03-08,ORD048264,CUST02030,P019,Vacuum Cleaner,Home,Ahmedabad,Online,Debit Card,1,8999.81,0.0,8999.81,8999.81,0,1997.2,2025,3,March,Saturday,8999.81,8999.81
2025-03-08,ORD017303,CUST03242,P006,Desk,Furniture,Delhi,Store,UPI,1,11616.26,0.1,11616.26,10454.63,0,1827.93,2025,3,March,Saturday,11616.26,10454.634
2025-03-08,ORD035677,CUST03858,P013,Monitor,Electronics,Chennai,Online,Credit Card,2,19554.36,0.05,39108.72,37153.28,0,3764.63,2025,3,March,Saturday,39108.72,37153.284
2025-03-08,ORD046786,CUST03182,P008,Running Shoes,Fashion,Mumbai,Online,Credit Card,1,3899.68,0.1,3899.68,3509.71,0,392.37,2025,3,March,Saturday,3899.68,3509.712
2025-03-08,ORD001415,CUST03818,P005,Office Chair,Furniture,Hyderabad,Online,UPI,1,8591.87,0.1,8591.87,7732.68,0,1871.06,2025,3,March,Saturday,8591.87,7732.683000000001
2025-03-08,ORD045545,CUST03366,P014,Keyboard,Electronics,Surat,Store,Net Banking,1,2365.01,0.15,2365.01,2010.26,0,452.77,2025,3,March,Saturday,2365.01,2010.2585000000001
2025-03-08,ORD023675,CUST00004,P006,Desk,Furniture,Chennai,Online,UPI,1,13186.41,0.0,13186.41,13186.41,0,1282.93,2025,3,March,Saturday,13186.41,13186.41
2025-03-08,ORD033921,CUST01193,P008,Running Shoes,Fashion,Mumbai,Online,UPI,1,3901.24,0.0,3901.24,3901.24,0,749.04,2025,3,March,Saturday,3901.24,3901.24
2025-03-08,ORD009052,CUST04200,P005,Office Chair,Furniture,Bengaluru,Online,Debit Card,1,10303.48,0.0,10303.48,10303.48,0,1053.93,2025,3,March,Saturday,10303.48,10303.48
2025-03-08,ORD029101,CUST03293,P006,Desk,Furniture,Delhi,Online,Cash,1,12473.6,0.0,12473.6,12473.6,0,1836.84,2025,3,March,Saturday,12473.6,12473.6
2025-03-08,ORD036692,CUST03782,P014,Keyboard,Electronics,Bengaluru,Store,Credit Card,1,2542.49,0.2,2542.49,2033.99,0,149.15,2025,3,March,Saturday,2542.49,2033.992
2025-03-08,ORD033884,CUST03080,P018,Jacket,Fashion,Jaipur,Online,Net Banking,3,5612.7,0.0,16838.1,16838.1,0,2814.46,2025,3,March,Saturday,16838.1,16838.1
2025-03-08,ORD033274,CUST02082,P013,Monitor,Electronics,Chennai,Store,Debit Card,2,18957.75,0.1,37915.5,34123.95,0,2912.1,2025,3,March,Saturday,37915.5,34123.950000000004
2025-03-08,ORD018591,CUST03254,P007,Backpack,Accessories,Bengaluru,Online,Net Banking,3,2129.73,0.1,6389.19,5750.27,0,605.91,2025,3,March,Saturday,6389.1900000000005,5750.271
2025-03-09,ORD004159,CUST02659,P007,Backpack,Accessories,Pune,Online,Net Banking,1,2293.93,0.1,2293.93,2064.54,0,458.87,2025,3,March,Sunday,2293.93,2064.537
2025-03-09,ORD015256,CUST04331,P020,Microwave,Home,Chennai,Online,Net Banking,1,10813.3,0.0,10813.3,10813.3,0,1381.35,2025,3,March,Sunday,10813.3,10813.3
2025-03-09,ORD040059,CUST00886,P010,Coffee Maker,Home,Pune,Store,Credit Card,2,5341.37,0.25,10682.74,8012.06,1,-400.6,2025,3,March,Sunday,10682.74,8012.055
2025-03-09,ORD043530,CUST00431,P007,Backpack,Accessories,Hyderabad,Store,Credit Card,2,2154.04,0.1,4308.08,3877.27,0,872.82,2025,3,March,Sunday,4308.08,3877.272
2025-03-09,ORD043275,CUST03364,P001,Laptop,Electronics,Kolkata,Online,UPI,2,66630.97,0.15,133261.94,113272.65,0,22284.04,2025,3,March,Sunday,133261.94,113272.649
2025-03-09,ORD020370,CUST04006,P018,Jacket,Fashion,Kolkata,Online,Credit Card,1,5056.68,0.1,5056.68,4551.01,0,1195.98,2025,3,March,Sunday,5056.68,4551.012000000001
2025-03-09,ORD043224,CUST03624,P002,Smartphone,Electronics,Kolkata,Online,Credit Card,3,25402.68,0.15,76208.04,64776.83,0,16890.66,2025,3,March,Sunday,76208.04000000001,64776.833999999995
2025-03-09,ORD009871,CUST04628,P010,Coffee Maker,Home,Jaipur,Store,Credit Card,2,5612.93,0.1,11225.86,10103.27,0,2461.39,2025,3,March,Sunday,11225.86,10103.274000000001
2025-03-09,ORD008558,CUST03465,P015,Dining Table,Furniture,Bengaluru,Online,Credit Card,1,21925.62,0.05,21925.62,20829.34,0,1525.94,2025,3,March,Sunday,21925.62,20829.338999999996
2025-03-09,ORD028214,CUST00248,P013,Monitor,Electronics,Mumbai,Store,UPI,2,19321.68,0.1,38643.36,34779.02,0,3777.67,2025,3,March,Sunday,38643.36,34779.024000000005
2025-03-09,ORD000239,CUST01400,P008,Running Shoes,Fashion,Kolkata,Online,Net Banking,1,4609.95,0.05,4609.95,4379.45,0,969.7,2025,3,March,Sunday,4609.95,4379.452499999999
2025-03-09,ORD033627,CUST01789,P020,Microwave,Home,Pune,Online,Credit Card,1,10381.01,0.2,10381.01,8304.81,0,1140.35,2025,3,March,Sunday,10381.01,8304.808
2025-03-09,ORD026280,CUST04885,P014,Keyboard,Electronics,Mumbai,Store,Debit Card,3,2482.02,0.05,7446.06,7073.76,0,1731.27,2025,3,March,Sunday,7446.0599999999995,7073.757
2025-03-09,ORD009556,CUST01393,P005,Office Chair,Furniture,Jaipur,Online,UPI,1,8764.04,0.1,8764.04,7887.64,0,863.59,2025,3,March,Sunday,8764.04,7887.636000000001
2025-03-09,ORD030762,CUST01487,P015,Dining Table,Furniture,Surat,Online,UPI,1,21079.93,0.05,21079.93,20025.93,0,1705.01,2025,3,March,Sunday,21079.93,20025.9335
2025-03-09,ORD048655,CUST02977,P020,Microwave,Home,Jaipur,Store,Debit Card,1,10921.71,0.1,10921.71,9829.54,0,1355.55,2025,3,March,Sunday,10921.71,9829.538999999999
2025-03-09,ORD033501,CUST00858,P018,Jacket,Fashion,Pune,Store,UPI,1,4810.09,0.1,4810.09,4329.08,0,1004.74,2025,3,March,Sunday,4810.09,4329.081
2025-03-09,ORD003326,CUST04852,P001,Laptop,Electronics,Chennai,Online,UPI,1,59324.68,0.15,59324.68,50425.98,1,-2521.3,2025,3,March,Sunday,59324.68,50425.977999999996
2025-03-09,ORD036392,CUST04752,P013,Monitor,Electronics,Kolkata,Store,Debit Card,1,16292.14,0.15,16292.14,13848.32,0,752.2,2025,3,March,Sunday,16292.14,13848.319
2025-03-09,ORD035525,CUST02388,P007,Backpack,Accessories,Bengaluru,Online,Credit Card,2,2087.42,0.0,4174.84,4174.84,0,484.22,2025,3,March,Sunday,4174.84,4174.84
2025-03-09,ORD001833,CUST00803,P016,Sofa,Furniture,Chennai,Online,Credit Card,2,33776.58,0.1,67553.16,60797.84,0,6535.08,2025,3,March,Sunday,67553.16,60797.844000000005
2025-03-09,ORD007108,CUST03403,P013,Monitor,Electronics,Pune,Online,Credit Card,1,18397.25,0.1,18397.25,16557.53,0,4382.57,2025,3,March,Sunday,18397.25,16557.525
2025-03-09,ORD037635,CUST02724,P020,Microwave,Home,Kolkata,Online,UPI,3,10544.31,0.1,31632.93,28469.64,0,5066.13,2025,3,March,Sunday,31632.93,28469.637000000002
2025-03-09,ORD031998,CUST01510,P014,Keyboard,Electronics,Mumbai,Online,UPI,1,2568.19,0.1,2568.19,2311.37,0,466.84,2025,3,March,Sunday,2568.19,2311.371
2025-03-09,ORD006488,CUST02155,P009,T-Shirt,Fashion,Surat,Store,Debit Card,1,1317.74,0.25,1317.74,988.3,0,104.45,2025,3,March,Sunday,1317.74,988.3050000000001
2025-03-09,ORD028548,CUST01704,P020,Microwave,Home,Jaipur,Online,UPI,3,10321.27,0.0,30963.81,30963.81,0,6038.26,2025,3,March,Sunday,30963.81,30963.81
2025-03-09,ORD037603,CUST04439,P015,Dining Table,Furniture,Kolkata,Store,Cash,1,20906.21,0.15,20906.21,17770.28,0,2172.55,2025,3,March,Sunday,20906.21,17770.2785
2025-03-09,ORD018238,CUST04805,P013,Monitor,Electronics,Hyderabad,Store,Debit Card,1,18681.32,0.1,18681.32,16813.19,0,4669.57,2025,3,March,Sunday,18681.32,16813.188000000002
2025-03-09,ORD036261,CUST01991,P018,Jacket,Fashion,Surat,Online,Cash,1,5437.98,0.15,5437.98,4622.28,0,853.42,2025,3,March,Sunday,5437.98,4622.282999999999
2025-03-09,ORD001258,CUST02806,P007,Backpack,Accessories,Surat,Store,Debit Card,1,2341.05,0.1,2341.05,2106.95,0,216.17,2025,3,March,Sunday,2341.05,2106.945
2025-03-09,ORD028873,CUST03959,P007,Backpack,Accessories,Ahmedabad,Store,UPI,2,2084.04,0.0,4168.08,4168.08,0,1087.8,2025,3,March,Sunday,4168.08,4168.08
2025-03-09,ORD007567,CUST00061,P009,T-Shirt,Fashion,Ahmedabad,Online,UPI,1,1168.95,0.15,1168.95,993.61,0,212.67,2025,3,March,Sunday,1168.95,993.6075
2025-03-09,ORD035978,CUST02300,P020,Microwave,Home,Chennai,Online,UPI,4,11857.19,0.1,47428.76,42685.88,0,7013.58,2025,3,March,Sunday,47428.76,42685.884000000005
2025-03-09,ORD044012,CUST00764,P007,Backpack,Accessories,Surat,Online,Debit Card,1,2256.56,0.0,2256.56,2256.56,0,650.91,2025,3,March,Sunday,2256.56,2256.56
2025-03-09,ORD008994,CUST03318,P005,Office Chair,Furniture,Jaipur,Online,UPI,5,9921.23,0.1,49606.15,44645.54,0,5202.96,2025,3,March,Sunday,49606.149999999994,44645.535
2025-03-09,ORD037307,CUST03335,P006,Desk,Furniture,Bengaluru,Store,UPI,1,12187.7,0.0,12187.7,12187.7,0,2893.68,2025,3,March,Sunday,12187.7,12187.7
2025-03-09,ORD044425,CUST04187,P018,Jacket,Fashion,Jaipur,Store,Credit Card,1,5684.76,0.15,5684.76,4832.05,0,979.13,2025,3,March,Sunday,5684.76,4832.046
2025-03-09,ORD018420,CUST04874,P005,Office Chair,Furniture,Ahmedabad,Store,Debit Card,1,10082.37,0.05,10082.37,9578.25,0,2339.74,2025,3,March,Sunday,10082.37,9578.2515
2025-03-09,ORD008536,CUST04597,P015,Dining Table,Furniture,Delhi,Online,Credit Card,1,24075.38,0.15,24075.38,20464.07,0,4100.12,2025,3,March,Sunday,24075.38,20464.073
2025-03-09,ORD034310,CUST04136,P012,Air Fryer,Home,Jaipur,Online,UPI,1,7469.26,0.0,7469.26,7469.26,0,1333.26,2025,3,March,Sunday,7469.26,7469.26
2025-03-09,ORD025273,CUST01866,P007,Backpack,Accessories,Surat,Online,UPI,2,2070.29,0.25,4140.58,3105.44,0,124.22,2025,3,March,Sunday,4140.58,3105.435
2025-03-09,ORD021416,CUST01447,P012,Air Fryer,Home,Pune,Store,Debit Card,2,7557.61,0.05,15115.22,14359.46,0,1230.48,2025,3,March,Sunday,15115.22,14359.458999999999
2025-03-09,ORD008446,CUST01736,P005,Office Chair,Furniture,Bengaluru,Online,Credit Card,1,8724.63,0.1,8724.63,7852.17,0,835.88,2025,3,March,Sunday,8724.63,7852.1669999999995
2025-03-09,ORD025262,CUST00700,P020,Microwave,Home,Delhi,Online,UPI,1,9946.84,0.05,9946.84,9449.5,0,2597.68,2025,3,March,Sunday,9946.84,9449.498
2025-03-09,ORD046996,CUST03835,P017,Jeans,Fashion,Mumbai,Online,Credit Card,2,2850.2,0.15,5700.4,4845.34,0,381.21,2025,3,March,Sunday,5700.4,4845.339999999999
2025-03-09,ORD020955,CUST00103,P014,Keyboard,Electronics,Mumbai,Online,Credit Card,1,2609.31,0.25,2609.31,1956.98,0,85.65,2025,3,March,Sunday,2609.31,1956.9825
2025-03-09,ORD036915,CUST02326,P008,Running Shoes,Fashion,Surat,Online,Cash,1,4228.71,0.05,4228.71,4017.27,0,307.39,2025,3,March,Sunday,4228.71,4017.2745
2025-03-09,ORD008091,CUST04996,P013,Monitor,Electronics,Jaipur,Online,UPI,1,16798.31,0.05,16798.31,15958.39,0,3332.59,2025,3,March,Sunday,16798.31,15958.3945
2025-03-09,ORD005769,CUST03789,P003,Headphones,Electronics,Kolkata,Online,UPI,1,4350.12,0.15,4350.12,3697.6,0,533.7,2025,3,March,Sunday,4350.12,3697.602
2025-03-09,ORD043714,CUST04690,P005,Office Chair,Furniture,Jaipur,Online,UPI,1,8682.71,0.1,8682.71,7814.44,0,1031.26,2025,3,March,Sunday,8682.71,7814.438999999999
2025-03-09,ORD018559,CUST03358,P018,Jacket,Fashion,Chennai,Store,Debit Card,2,5651.58,0.15,11303.16,9607.69,0,742.45,2025,3,March,Sunday,11303.16,9607.686
2025-03-09,ORD031199,CUST04612,P019,Vacuum Cleaner,Home,Ahmedabad,Online,Net Banking,1,9557.23,0.1,9557.23,8601.51,0,1333.65,2025,3,March,Sunday,9557.23,8601.507
2025-03-09,ORD049882,CUST01331,P010,Coffee Maker,Home,Surat,Online,Credit Card,1,5027.78,0.15,5027.78,4273.61,0,950.25,2025,3,March,Sunday,5027.78,4273.612999999999
2025-03-09,ORD040797,CUST03851,P010,Coffee Maker,Home,Surat,Store,UPI,1,5673.72,0.2,5673.72,4538.98,0,371.75,2025,3,March,Sunday,5673.72,4538.976000000001
2025-03-09,ORD001729,CUST03321,P007,Backpack,Accessories,Pune,Store,UPI,1,2297.78,0.1,2297.78,2068.0,0,526.23,2025,3,March,Sunday,2297.78,2068.0020000000004
2025-03-09,ORD008109,CUST04337,P012,Air Fryer,Home,Jaipur,Online,Debit Card,1,7532.88,0.1,7532.88,6779.59,0,1799.24,2025,3,March,Sunday,7532.88,6779.592000000001
2025-03-09,ORD002291,CUST04204,P012,Air Fryer,Home,Pune,Online,Debit Card,2,7404.99,0.0,14809.98,14809.98,0,3646.89,2025,3,March,Sunday,14809.98,14809.98
2025-03-09,ORD023597,CUST04692,P016,Sofa,Furniture,Pune,Online,Credit Card,1,36236.01,0.05,36236.01,34424.21,0,6825.69,2025,3,March,Sunday,36236.01,34424.2095
2025-03-09,ORD013639,CUST02023,P013,Monitor,Electronics,Jaipur,Online,Credit Card,1,17151.48,0.1,17151.48,15436.33,0,1092.79,2025,3,March,Sunday,17151.48,15436.332
2025-03-09,ORD026433,CUST04801,P008,Running Shoes,Fashion,Kolkata,Online,Credit Card,2,4509.24,0.15,9018.48,7665.71,0,1259.04,2025,3,March,Sunday,9018.48,7665.708
2025-03-09,ORD003555,CUST00635,P006,Desk,Furniture,Jaipur,Online,Cash,2,11581.04,0.1,23162.08,20845.87,0,5510.13,2025,3,March,Sunday,23162.08,20845.872000000003
2025-03-10,ORD002104,CUST02318,P001,Laptop,Electronics,Chennai,Online,Credit Card,1,62175.94,0.0,62175.94,62175.94,0,7973.58,2025,3,March,Monday,62175.94,62175.94
2025-03-10,ORD011430,CUST00221,P002,Smartphone,Electronics,Delhi,Online,UPI,1,28051.15,0.0,28051.15,28051.15,0,3296.35,2025,3,March,Monday,28051.15,28051.15
2025-03-10,ORD048329,CUST00162,P007,Backpack,Accessories,Hyderabad,Online,Net Banking,1,2332.08,0.05,2332.08,2215.48,0,211.23,2025,3,March,Monday,2332.08,2215.4759999999997
2025-03-10,ORD003410,CUST02134,P011,Mixer Grinder,Home,Bengaluru,Store,Net Banking,2,4877.81,0.25,9755.62,7316.72,0,292.67,2025,3,March,Monday,9755.62,7316.715
2025-03-10,ORD047486,CUST01640,P002,Smartphone,Electronics,Hyderabad,Online,Credit Card,2,27358.3,0.0,54716.6,54716.6,0,4751.41,2025,3,March,Monday,54716.6,54716.6
2025-03-10,ORD013822,CUST00708,P007,Backpack,Accessories,Chennai,Online,Credit Card,1,2316.25,0.05,2316.25,2200.44,0,446.3,2025,3,March,Monday,2316.25,2200.4375
2025-03-10,ORD030628,CUST02229,P018,Jacket,Fashion,Delhi,Online,Credit Card,2,5036.59,0.15,10073.18,8562.2,0,452.47,2025,3,March,Monday,10073.18,8562.203
2025-03-10,ORD022531,CUST04567,P012,Air Fryer,Home,Delhi,Store,UPI,1,7863.1,0.25,7863.1,5897.33,0,1460.04,2025,3,March,Monday,7863.1,5897.325000000001
2025-03-10,ORD012222,CUST03582,P005,Office Chair,Furniture,Kolkata,Online,Net Banking,1,9745.3,0.1,9745.3,8770.77,0,1560.38,2025,3,March,Monday,9745.3,8770.77
2025-03-10,ORD031710,CUST03913,P010,Coffee Maker,Home,Surat,Store,UPI,3,5730.88,0.1,17192.64,15473.38,0,941.89,2025,3,March,Monday,17192.64,15473.376
2025-03-10,ORD031396,CUST03285,P003,Headphones,Electronics,Surat,Online,UPI,1,4100.51,0.25,4100.51,3075.38,0,164.35,2025,3,March,Monday,4100.51,3075.3825
2025-03-10,ORD023255,CUST03593,P009,T-Shirt,Fashion,Ahmedabad,Online,Net Banking,1,1300.04,0.1,1300.04,1170.04,0,257.47,2025,3,March,Monday,1300.04,1170.036
2025-03-10,ORD001615,CUST01341,P001,Laptop,Electronics,Surat,Online,UPI,3,60833.43,0.05,182500.29,173375.28,0,24730.22,2025,3,March,Monday,182500.29,173375.2755
2025-03-10,ORD018819,CUST03029,P014,Keyboard,Electronics,Surat,Store,Debit Card,1,2703.03,0.1,2703.03,2432.73,0,460.25,2025,3,March,Monday,2703.03,2432.7270000000003
2025-03-10,ORD043571,CUST00858,P008,Running Shoes,Fashion,Jaipur,Store,UPI,2,4005.04,0.05,8010.08,7609.58,0,655.57,2025,3,March,Monday,8010.08,7609.576
2025-03-10,ORD003317,CUST00062,P013,Monitor,Electronics,Kolkata,Store,UPI,1,17717.99,0.05,17717.99,16832.09,0,4690.13,2025,3,March,Monday,17717.99,16832.090500000002
2025-03-10,ORD015651,CUST02277,P018,Jacket,Fashion,Delhi,Store,Net Banking,1,4937.41,0.0,4937.41,4937.41,0,771.89,2025,3,March,Monday,4937.41,4937.41
2025-03-10,ORD004348,CUST01280,P013,Monitor,Electronics,Surat,Online,Credit Card,2,19656.67,0.05,39313.34,37347.67,0,10162.97,2025,3,March,Monday,39313.34,37347.672999999995
2025-03-10,ORD024997,CUST00800,P005,Office Chair,Furniture,Chennai,Online,Debit Card,1,9329.39,0.2,9329.39,7463.51,0,860.05,2025,3,March,Monday,9329.39,7463.512
2025-03-10,ORD017233,CUST03644,P012,Air Fryer,Home,Ahmedabad,Store,UPI,4,7281.01,0.05,29124.04,27667.84,0,6537.79,2025,3,March,Monday,29124.04,27667.838
2025-03-10,ORD003478,CUST04027,P005,Office Chair,Furniture,Chennai,Online,Cash,1,9517.11,0.15,9517.11,8089.54,0,1976.83,2025,3,March,Monday,9517.11,8089.543500000001
2025-03-10,ORD012030,CUST04226,P013,Monitor,Electronics,Chennai,Store,Debit Card,1,16937.01,0.05,16937.01,16090.16,0,4320.13,2025,3,March,Monday,16937.01,16090.159499999998
2025-03-10,ORD031058,CUST01535,P017,Jeans,Fashion,Delhi,Store,UPI,2,2624.89,0.25,5249.78,3937.34,0,956.19,2025,3,March,Monday,5249.78,3937.335
2025-03-10,ORD047330,CUST04931,P014,Keyboard,Electronics,Surat,Online,Credit Card,3,2739.59,0.0,8218.77,8218.77,0,2330.1,2025,3,March,Monday,8218.77,8218.77
2025-03-10,ORD014921,CUST00449,P002,Smartphone,Electronics,Mumbai,Online,UPI,4,26289.64,0.15,105158.56,89384.78,0,12030.05,2025,3,March,Monday,105158.56,89384.776
2025-03-10,ORD012789,CUST01570,P020,Microwave,Home,Surat,Online,UPI,1,11557.69,0.05,11557.69,10979.81,1,-548.99,2025,3,March,Monday,11557.69,10979.8055
2025-03-10,ORD027608,CUST02921,P005,Office Chair,Furniture,Bengaluru,Online,UPI,1,9944.47,0.1,9944.47,8950.02,0,1398.88,2025,3,March,Monday,9944.47,8950.023
2025-03-10,ORD002929,CUST01807,P005,Office Chair,Furniture,Jaipur,Online,Debit Card,1,9430.03,0.1,9430.03,8487.03,1,-424.35,2025,3,March,Monday,9430.03,8487.027
2025-03-10,ORD047028,CUST02980,P014,Keyboard,Electronics,Mumbai,Store,Cash,2,2540.15,0.1,5080.3,4572.27,0,1136.81,2025,3,March,Monday,5080.3,4572.27
2025-03-10,ORD039905,CUST03613,P013,Monitor,Electronics,Hyderabad,Store,Credit Card,2,19485.75,0.15,38971.5,33125.78,0,5307.99,2025,3,March,Monday,38971.5,33125.775
2025-03-10,ORD001232,CUST01304,P002,Smartphone,Electronics,Mumbai,Store,UPI,1,28926.27,0.25,28926.27,21694.7,1,-1084.74,2025,3,March,Monday,28926.27,21694.7025
2025-03-10,ORD003239,CUST03836,P004,Smartwatch,Electronics,Pune,Online,UPI,2,7567.58,0.0,15135.16,15135.16,0,2913.98,2025,3,March,Monday,15135.16,15135.16
2025-03-10,ORD020591,CUST03659,P013,Monitor,Electronics,Bengaluru,Store,Debit Card,3,18765.9,0.1,56297.7,50667.93,0,12078.39,2025,3,March,Monday,56297.700000000004,50667.93
2025-03-10,ORD007657,CUST03398,P006,Desk,Furniture,Ahmedabad,Store,UPI,1,12538.22,0.1,12538.22,11284.4,0,1791.22,2025,3,March,Monday,12538.22,11284.398
2025-03-10,ORD019701,CUST03467,P008,Running Shoes,Fashion,Ahmedabad,Online,UPI,2,4486.62,0.05,8973.24,8524.58,0,2391.29,2025,3,March,Monday,8973.24,8524.578
2025-03-10,ORD043364,CUST02905,P017,Jeans,Fashion,Ahmedabad,Store,UPI,2,2609.89,0.05,5219.78,4958.79,0,1018.11,2025,3,March,Monday,5219.78,4958.790999999999
2025-03-10,ORD007139,CUST00988,P005,Office Chair,Furniture,Surat,Store,Credit Card,4,9721.64,0.05,38886.56,36942.23,1,-1847.11,2025,3,March,Monday,38886.56,36942.231999999996
2025-03-10,ORD023409,CUST02533,P020,Microwave,Home,Bengaluru,Online,UPI,2,10490.15,0.15,20980.3,17833.25,0,1125.77,2025,3,March,Monday,20980.3,17833.254999999997
2025-03-10,ORD003764,CUST02659,P004,Smartwatch,Electronics,Pune,Online,UPI,2,6311.76,0.15,12623.52,10729.99,0,1945.92,2025,3,March,Monday,12623.52,10729.992
2025-03-10,ORD040959,CUST02894,P014,Keyboard,Electronics,Hyderabad,Online,Net Banking,2,2723.96,0.05,5447.92,5175.52,0,1444.89,2025,3,March,Monday,5447.92,5175.523999999999
2025-03-10,ORD022832,CUST03177,P014,Keyboard,Electronics,Jaipur,Online,Debit Card,1,2388.42,0.05,2388.42,2269.0,0,401.47,2025,3,March,Monday,2388.42,2268.999
2025-03-10,ORD027223,CUST03370,P011,Mixer Grinder,Home,Kolkata,Online,UPI,1,4411.67,0.0,4411.67,4411.67,0,386.38,2025,3,March,Monday,4411.67,4411.67
2025-03-10,ORD021966,CUST03883,P009,T-Shirt,Fashion,Pune,Online,Credit Card,2,1144.71,0.1,2289.42,2060.48,0,546.85,2025,3,March,Monday,2289.42,2060.478
2025-03-10,ORD004951,CUST00229,P005,Office Chair,Furniture,Delhi,Store,Debit Card,2,9373.82,0.15,18747.64,15935.49,0,1771.2,2025,3,March,Monday,18747.64,15935.493999999999
2025-03-10,ORD015137,CUST03143,P007,Backpack,Accessories,Delhi,Store,UPI,2,2337.37,0.1,4674.74,4207.27,0,409.72,2025,3,March,Monday,4674.74,4207.266
2025-03-10,ORD028892,CUST00057,P001,Laptop,Electronics,Mumbai,Store,UPI,1,60080.71,0.1,60080.71,54072.64,0,9960.0,2025,3,March,Monday,60080.71,54072.639
2025-03-10,ORD023399,CUST04680,P002,Smartphone,Electronics,Jaipur,Store,UPI,1,28961.3,0.0,28961.3,28961.3,0,7709.89,2025,3,March,Monday,28961.3,28961.3
2025-03-10,ORD020583,CUST04444,P016,Sofa,Furniture,Bengaluru,Online,UPI,2,34047.47,0.05,68094.94,64690.19,0,12625.88,2025,3,March,Monday,68094.94,64690.193
2025-03-10,ORD008682,CUST04335,P004,Smartwatch,Electronics,Jaipur,Online,Credit Card,2,6646.11,0.1,13292.22,11963.0,0,1539.16,2025,3,March,Monday,13292.22,11962.998
2025-03-10,ORD013844,CUST03488,P009,T-Shirt,Fashion,Kolkata,Online,Debit Card,4,1175.31,0.2,4701.24,3760.99,0,802.21,2025,3,March,Monday,4701.24,3760.992
2025-03-10,ORD005992,CUST02656,P008,Running Shoes,Fashion,Mumbai,Store,Credit Card,1,4555.53,0.1,4555.53,4099.98,0,1116.3,2025,3,March,Monday,4555.53,4099.977
2025-03-10,ORD022779,CUST04903,P008,Running Shoes,Fashion,Pune,Online,Debit Card,1,4485.77,0.15,4485.77,3812.9,0,217.26,2025,3,March,Monday,4485.77,3812.9045
2025-03-10,ORD002301,CUST02040,P001,Laptop,Electronics,Surat,Online,UPI,2,59793.79,0.0,119587.58,119587.58,0,30528.55,2025,3,March,Monday,119587.58,119587.58
2025-03-10,ORD026095,CUST00070,P012,Air Fryer,Home,Chennai,Online,Credit Card,3,7041.5,0.0,21124.5,21124.5,0,2834.07,2025,3,March,Monday,21124.5,21124.5
2025-03-10,ORD031587,CUST01426,P007,Backpack,Accessories,Ahmedabad,Online,Cash,1,2000.27,0.05,2000.27,1900.26,0,524.17,2025,3,March,Monday,2000.27,1900.2565
2025-03-10,ORD042491,CUST01162,P015,Dining Table,Furniture,Ahmedabad,Store,UPI,1,20690.27,0.1,20690.27,18621.24,0,2973.43,2025,3,March,Monday,20690.27,18621.243000000002
2025-03-10,ORD011644,CUST02901,P005,Office Chair,Furniture,Kolkata,Store,UPI,3,9092.13,0.1,27276.39,24548.75,0,2388.77,2025,3,March,Monday,27276.39,24548.751
2025-03-10,ORD039120,CUST00499,P015,Dining Table,Furniture,Pune,Online,Cash,1,23178.56,0.0,23178.56,23178.56,0,3274.88,2025,3,March,Monday,23178.56,23178.56
2025-03-10,ORD042825,CUST00463,P005,Office Chair,Furniture,Chennai,Store,UPI,2,9586.35,0.05,19172.7,18214.06,0,2229.13,2025,3,March,Monday,19172.7,18214.065
2025-03-10,ORD025905,CUST00200,P020,Microwave,Home,Chennai,Online,Net Banking,2,10507.43,0.05,21014.86,19964.12,0,4720.09,2025,3,March,Monday,21014.86,19964.117
2025-03-10,ORD042586,CUST00629,P008,Running Shoes,Fashion,Chennai,Online,Debit Card,1,4014.58,0.1,4014.58,3613.12,0,784.52,2025,3,March,Monday,4014.58,3613.122
2025-03-10,ORD007993,CUST00816,P008,Running Shoes,Fashion,Mumbai,Online,UPI,2,4049.53,0.0,8099.06,8099.06,0,1020.07,2025,3,March,Monday,8099.06,8099.06
2025-03-10,ORD046647,CUST01218,P002,Smartphone,Electronics,Jaipur,Online,Debit Card,1,30544.49,0.05,30544.49,29017.27,0,2909.0,2025,3,March,Monday,30544.49,29017.2655
2025-03-10,ORD015255,CUST04974,P015,Dining Table,Furniture,Delhi,Online,Credit Card,3,21229.28,0.1,63687.84,57319.06,0,12492.92,2025,3,March,Monday,63687.84,57319.056
2025-03-10,ORD007362,CUST00408,P007,Backpack,Accessories,Delhi,Store,UPI,2,2347.57,0.05,4695.14,4460.38,0,608.67,2025,3,March,Monday,4695.14,4460.383
2025-03-10,ORD039714,CUST03530,P007,Backpack,Accessories,Hyderabad,Online,UPI,1,2121.75,0.15,2121.75,1803.49,0,135.27,2025,3,March,Monday,2121.75,1803.4875
2025-03-10,ORD002873,CUST03283,P013,Monitor,Electronics,Ahmedabad,Online,Credit Card,3,19636.23,0.25,58908.69,44181.52,0,9557.14,2025,3,March,Monday,58908.69,44181.5175
2025-03-10,ORD009528,CUST00349,P010,Coffee Maker,Home,Mumbai,Online,UPI,1,5504.74,0.05,5504.74,5229.5,0,856.17,2025,3,March,Monday,5504.74,5229.503
2025-03-10,ORD038596,CUST00551,P011,Mixer Grinder,Home,Chennai,Online,Debit Card,1,4330.8,0.0,4330.8,4330.8,0,487.01,2025,3,March,Monday,4330.8,4330.8
2025-03-10,ORD029933,CUST03526,P017,Jeans,Fashion,Bengaluru,Store,Debit Card,3,2652.11,0.05,7956.33,7558.51,0,768.64,2025,3,March,Monday,7956.33,7558.5135
2025-03-10,ORD008162,CUST00032,P019,Vacuum Cleaner,Home,Ahmedabad,Store,UPI,2,8490.89,0.05,16981.78,16132.69,0,3479.89,2025,3,March,Monday,16981.78,16132.690999999999
2025-03-10,ORD048890,CUST02525,P016,Sofa,Furniture,Delhi,Store,UPI,2,34695.84,0.1,69391.68,62452.51,0,12092.39,2025,3,March,Monday,69391.68,62452.511999999995
2025-03-10,ORD022139,CUST04885,P020,Microwave,Home,Hyderabad,Online,Credit Card,5,12021.63,0.0,60108.15,60108.15,0,7929.28,2025,3,March,Monday,60108.149999999994,60108.15
2025-03-11,ORD022859,CUST01462,P018,Jacket,Fashion,Delhi,Online,Net Banking,1,5538.66,0.05,5538.66,5261.73,0,777.44,2025,3,March,Tuesday,5538.66,5261.727
2025-03-11,ORD011095,CUST04375,P002,Smartphone,Electronics,Hyderabad,Store,UPI,1,26789.26,0.1,26789.26,24110.33,0,3614.27,2025,3,March,Tuesday,26789.26,24110.334
2025-03-11,ORD025474,CUST01786,P015,Dining Table,Furniture,Delhi,Store,UPI,1,21289.48,0.1,21289.48,19160.53,0,3826.37,2025,3,March,Tuesday,21289.48,19160.532
2025-03-11,ORD034471,CUST04436,P018,Jacket,Fashion,Chennai,Online,UPI,1,5390.85,0.1,5390.85,4851.77,0,963.84,2025,3,March,Tuesday,5390.85,4851.765
2025-03-11,ORD034003,CUST03611,P016,Sofa,Furniture,Jaipur,Store,Credit Card,1,32882.21,0.0,32882.21,32882.21,0,7650.96,2025,3,March,Tuesday,32882.21,32882.21
2025-03-11,ORD001754,CUST00182,P013,Monitor,Electronics,Kolkata,Store,UPI,1,17461.52,0.1,17461.52,15715.37,1,-785.77,2025,3,March,Tuesday,17461.52,15715.368
2025-03-11,ORD011112,CUST00581,P002,Smartphone,Electronics,Mumbai,Online,Net Banking,1,25731.85,0.25,25731.85,19298.89,0,2061.99,2025,3,March,Tuesday,25731.85,19298.887499999997
2025-03-11,ORD013980,CUST01260,P017,Jeans,Fashion,Jaipur,Online,Debit Card,2,2986.58,0.05,5973.16,5674.5,0,928.64,2025,3,March,Tuesday,5973.16,5674.5019999999995
2025-03-11,ORD011322,CUST00018,P011,Mixer Grinder,Home,Chennai,Store,Credit Card,1,4475.02,0.15,4475.02,3803.77,0,872.58,2025,3,March,Tuesday,4475.02,3803.7670000000003
2025-03-11,ORD045764,CUST03179,P007,Backpack,Accessories,Chennai,Online,UPI,2,2291.97,0.05,4583.94,4354.74,0,655.13,2025,3,March,Tuesday,4583.94,4354.7429999999995
2025-03-11,ORD001743,CUST02544,P013,Monitor,Electronics,Delhi,Store,UPI,2,18154.56,0.1,36309.12,32678.21,0,6621.28,2025,3,March,Tuesday,36309.12,32678.208000000002
2025-03-11,ORD017299,CUST01847,P017,Jeans,Fashion,Mumbai,Online,Debit Card,5,3030.17,0.05,15150.85,14393.31,0,1927.01,2025,3,March,Tuesday,15150.85,14393.307499999999
2025-03-11,ORD029988,CUST00351,P016,Sofa,Furniture,Hyderabad,Online,Credit Card,2,38301.02,0.05,76602.04,72771.94,0,7246.62,2025,3,March,Tuesday,76602.04,72771.938
2025-03-11,ORD022886,CUST01908,P009,T-Shirt,Fashion,Hyderabad,Online,Cash,1,1117.6,0.15,1117.6,949.96,0,166.3,2025,3,March,Tuesday,1117.6,949.9599999999999
2025-03-11,ORD045692,CUST04262,P013,Monitor,Electronics,Pune,Online,Credit Card,3,18784.8,0.0,56354.4,56354.4,0,10880.47,2025,3,March,Tuesday,56354.399999999994,56354.4
2025-03-11,ORD033795,CUST01855,P007,Backpack,Accessories,Bengaluru,Online,Credit Card,1,2237.12,0.1,2237.12,2013.41,1,-100.67,2025,3,March,Tuesday,2237.12,2013.408
2025-03-11,ORD024123,CUST04651,P012,Air Fryer,Home,Delhi,Store,Debit Card,1,6691.89,0.2,6691.89,5353.51,0,1235.83,2025,3,March,Tuesday,6691.89,5353.512000000001
2025-03-11,ORD008456,CUST04434,P003,Headphones,Electronics,Bengaluru,Online,Credit Card,1,4165.85,0.15,4165.85,3540.97,0,208.31,2025,3,March,Tuesday,4165.85,3540.9725000000003
2025-03-11,ORD048007,CUST03597,P001,Laptop,Electronics,Ahmedabad,Store,Net Banking,1,69962.13,0.15,69962.13,59467.81,0,14914.41,2025,3,March,Tuesday,69962.13,59467.8105
2025-03-11,ORD045558,CUST03928,P009,T-Shirt,Fashion,Jaipur,Online,UPI,3,1260.11,0.2,3780.33,3024.26,0,514.81,2025,3,March,Tuesday,3780.33,3024.264
2025-03-11,ORD001921,CUST04707,P007,Backpack,Accessories,Bengaluru,Online,Credit Card,5,2111.4,0.15,10557.0,8973.45,0,1775.78,2025,3,March,Tuesday,10557.0,8973.449999999999
2025-03-11,ORD046991,CUST01534,P011,Mixer Grinder,Home,Bengaluru,Online,UPI,1,5053.6,0.25,5053.6,3790.2,0,235.0,2025,3,March,Tuesday,5053.6,3790.2000000000003
2025-03-11,ORD036889,CUST03065,P003,Headphones,Electronics,Jaipur,Online,Debit Card,2,4801.7,0.15,9603.4,8162.89,0,568.33,2025,3,March,Tuesday,9603.4,8162.889999999999
2025-03-11,ORD027897,CUST03873,P001,Laptop,Electronics,Hyderabad,Store,Credit Card,2,61537.43,0.1,123074.86,110767.37,0,23640.92,2025,3,March,Tuesday,123074.86,110767.374
2025-03-11,ORD003566,CUST00648,P006,Desk,Furniture,Surat,Store,UPI,2,11815.61,0.0,23631.22,23631.22,0,4493.23,2025,3,March,Tuesday,23631.22,23631.22
2025-03-11,ORD013485,CUST02973,P003,Headphones,Electronics,Hyderabad,Online,UPI,1,4051.33,0.0,4051.33,4051.33,0,762.95,2025,3,March,Tuesday,4051.33,4051.33
2025-03-11,ORD026460,CUST00400,P011,Mixer Grinder,Home,Surat,Online,Debit Card,1,5066.11,0.05,5066.11,4812.8,0,532.64,2025,3,March,Tuesday,5066.11,4812.804499999999
2025-03-11,ORD026574,CUST00416,P007,Backpack,Accessories,Ahmedabad,Store,UPI,2,2071.14,0.0,4142.28,4142.28,0,1209.9,2025,3,March,Tuesday,4142.28,4142.28
2025-03-11,ORD010867,CUST03205,P002,Smartphone,Electronics,Chennai,Online,Debit Card,1,29156.05,0.1,29156.05,26240.44,0,5661.84,2025,3,March,Tuesday,29156.05,26240.445
2025-03-11,ORD021663,CUST01199,P007,Backpack,Accessories,Delhi,Online,UPI,3,2232.64,0.05,6697.92,6363.02,0,542.01,2025,3,March,Tuesday,6697.92,6363.023999999999
2025-03-11,ORD001350,CUST04242,P015,Dining Table,Furniture,Bengaluru,Online,UPI,2,20633.07,0.0,41266.14,41266.14,0,8357.05,2025,3,March,Tuesday,41266.14,41266.14
2025-03-11,ORD037866,CUST04634,P007,Backpack,Accessories,Kolkata,Online,UPI,2,2234.01,0.2,4468.02,3574.42,0,371.31,2025,3,March,Tuesday,4468.02,3574.4160000000006
2025-03-11,ORD020005,CUST03017,P009,T-Shirt,Fashion,Mumbai,Online,UPI,2,1253.11,0.1,2506.22,2255.6,0,345.7,2025,3,March,Tuesday,2506.22,2255.598
2025-03-11,ORD032868,CUST03959,P013,Monitor,Electronics,Delhi,Online,UPI,3,18092.1,0.1,54276.3,48848.67,0,13041.75,2025,3,March,Tuesday,54276.299999999996,48848.670000000006
2025-03-11,ORD027554,CUST01139,P011,Mixer Grinder,Home,Delhi,Online,Net Banking,1,4566.42,0.05,4566.42,4338.1,0,469.31,2025,3,March,Tuesday,4566.42,4338.099
2025-03-11,ORD026919,CUST03428,P010,Coffee Maker,Home,Hyderabad,Store,UPI,4,5735.4,0.0,22941.6,22941.6,0,6485.32,2025,3,March,Tuesday,22941.6,22941.6
2025-03-11,ORD039126,CUST01488,P015,Dining Table,Furniture,Chennai,Store,Debit Card,3,23285.15,0.0,69855.45,69855.45,0,15161.02,2025,3,March,Tuesday,69855.45000000001,69855.45
2025-03-11,ORD031136,CUST00323,P015,Dining Table,Furniture,Hyderabad,Online,Credit Card,1,23980.51,0.05,23980.51,22781.48,0,3733.44,2025,3,March,Tuesday,23980.51,22781.4845
2025-03-11,ORD039757,CUST01459,P006,Desk,Furniture,Mumbai,Online,UPI,2,11880.82,0.05,23761.64,22573.56,0,1939.49,2025,3,March,Tuesday,23761.64,22573.557999999997
2025-03-11,ORD043154,CUST02771,P010,Coffee Maker,Home,Chennai,Online,Credit Card,1,5407.38,0.1,5407.38,4866.64,0,549.38,2025,3,March,Tuesday,5407.38,4866.642
2025-03-11,ORD032892,CUST03468,P011,Mixer Grinder,Home,Mumbai,Online,Credit Card,1,4989.42,0.25,4989.42,3742.06,0,418.18,2025,3,March,Tuesday,4989.42,3742.065
2025-03-11,ORD019727,CUST03101,P011,Mixer Grinder,Home,Kolkata,Store,UPI,1,4510.66,0.05,4510.66,4285.13,0,422.88,2025,3,March,Tuesday,4510.66,4285.1269999999995
2025-03-11,ORD031991,CUST01932,P007,Backpack,Accessories,Hyderabad,Store,Debit Card,2,2066.27,0.1,4132.54,3719.29,0,1012.86,2025,3,March,Tuesday,4132.54,3719.286
2025-03-11,ORD004384,CUST02299,P003,Headphones,Electronics,Ahmedabad,Online,Debit Card,1,4532.47,0.1,4532.47,4079.22,0,1125.75,2025,3,March,Tuesday,4532.47,4079.2230000000004
2025-03-11,ORD018918,CUST02878,P002,Smartphone,Electronics,Chennai,Online,Debit Card,1,29239.18,0.15,29239.18,24853.3,0,1879.34,2025,3,March,Tuesday,29239.18,24853.303
2025-03-11,ORD049737,CUST03283,P016,Sofa,Furniture,Ahmedabad,Online,Credit Card,2,36265.53,0.05,72531.06,68904.51,0,11653.45,2025,3,March,Tuesday,72531.06,68904.507
2025-03-11,ORD038332,CUST03523,P015,Dining Table,Furniture,Delhi,Store,UPI,1,20995.92,0.2,20995.92,16796.74,0,1804.27,2025,3,March,Tuesday,20995.92,16796.736
2025-03-11,ORD024576,CUST01323,P015,Dining Table,Furniture,Ahmedabad,Online,Credit Card,3,23167.47,0.05,69502.41,66027.29,0,7016.6,2025,3,March,Tuesday,69502.41,66027.2895
2025-03-11,ORD039508,CUST00550,P011,Mixer Grinder,Home,Chennai,Store,Credit Card,1,4692.68,0.15,4692.68,3988.78,0,433.87,2025,3,March,Tuesday,4692.68,3988.7780000000002
2025-03-11,ORD038225,CUST03133,P019,Vacuum Cleaner,Home,Kolkata,Store,Debit Card,1,8989.44,0.1,8989.44,8090.5,0,895.25,2025,3,March,Tuesday,8989.44,8090.496000000001
2025-03-11,ORD016397,CUST00287,P012,Air Fryer,Home,Ahmedabad,Online,UPI,1,7186.92,0.15,7186.92,6108.88,0,398.82,2025,3,March,Tuesday,7186.92,6108.882
2025-03-11,ORD028295,CUST04375,P011,Mixer Grinder,Home,Pune,Online,UPI,1,4618.54,0.1,4618.54,4156.69,0,812.89,2025,3,March,Tuesday,4618.54,4156.686
2025-03-11,ORD009550,CUST03307,P011,Mixer Grinder,Home,Bengaluru,Online,UPI,1,4674.87,0.0,4674.87,4674.87,0,629.38,2025,3,March,Tuesday,4674.87,4674.87
2025-03-11,ORD047208,CUST01883,P006,Desk,Furniture,Chennai,Online,Credit Card,1,12298.97,0.1,12298.97,11069.07,0,1179.68,2025,3,March,Tuesday,12298.97,11069.073
2025-03-11,ORD049218,CUST03763,P005,Office Chair,Furniture,Bengaluru,Online,Credit Card,1,8694.75,0.05,8694.75,8260.01,0,1465.68,2025,3,March,Tuesday,8694.75,8260.012499999999
2025-03-11,ORD026396,CUST03569,P003,Headphones,Electronics,Mumbai,Store,Credit Card,3,4538.69,0.2,13616.07,10892.86,0,2514.61,2025,3,March,Tuesday,13616.07,10892.856
2025-03-11,ORD032776,CUST04701,P003,Headphones,Electronics,Kolkata,Online,UPI,2,4170.99,0.1,8341.98,7507.78,0,1880.05,2025,3,March,Tuesday,8341.98,7507.782
2025-03-11,ORD004713,CUST00208,P011,Mixer Grinder,Home,Mumbai,Store,UPI,1,5122.66,0.15,5122.66,4354.26,0,263.03,2025,3,March,Tuesday,5122.66,4354.2609999999995
2025-03-11,ORD014338,CUST02620,P003,Headphones,Electronics,Delhi,Store,Credit Card,1,4802.96,0.15,4802.96,4082.52,0,651.71,2025,3,March,Tuesday,4802.96,4082.516
2025-03-11,ORD021197,CUST03722,P015,Dining Table,Furniture,Ahmedabad,Store,UPI,1,22338.63,0.25,22338.63,16753.97,0,2913.08,2025,3,March,Tuesday,22338.63,16753.9725
2025-03-11,ORD028054,CUST00539,P010,Coffee Maker,Home,Kolkata,Online,Credit Card,1,4951.05,0.2,4951.05,3960.84,0,411.05,2025,3,March,Tuesday,4951.05,3960.84
2025-03-11,ORD038972,CUST02410,P002,Smartphone,Electronics,Hyderabad,Store,UPI,2,30154.26,0.0,60308.52,60308.52,0,16097.23,2025,3,March,Tuesday,60308.52,60308.52
2025-03-11,ORD032437,CUST00957,P009,T-Shirt,Fashion,Jaipur,Store,Net Banking,1,1151.0,0.1,1151.0,1035.9,0,103.07,2025,3,March,Tuesday,1151.0,1035.9
2025-03-11,ORD016550,CUST04221,P001,Laptop,Electronics,Hyderabad,Store,Credit Card,1,60293.98,0.05,60293.98,57279.28,0,14148.73,2025,3,March,Tuesday,60293.98,57279.281
2025-03-11,ORD003484,CUST03332,P012,Air Fryer,Home,Delhi,Online,Debit Card,1,6738.97,0.1,6738.97,6065.07,0,810.85,2025,3,March,Tuesday,6738.97,6065.073
2025-03-11,ORD026373,CUST04210,P003,Headphones,Electronics,Jaipur,Online,Net Banking,1,4554.93,0.0,4554.93,4554.93,1,-227.75,2025,3,March,Tuesday,4554.93,4554.93
2025-03-11,ORD019415,CUST00144,P007,Backpack,Accessories,Mumbai,Online,Debit Card,1,2015.4,0.1,2015.4,1813.86,0,293.4,2025,3,March,Tuesday,2015.4,1813.8600000000001
2025-03-11,ORD033086,CUST02539,P012,Air Fryer,Home,Surat,Store,Cash,3,7351.06,0.05,22053.18,20950.52,0,2820.11,2025,3,March,Tuesday,22053.18,20950.521
2025-03-11,ORD049973,CUST00289,P004,Smartwatch,Electronics,Ahmedabad,Online,UPI,1,7296.06,0.05,7296.06,6931.26,1,-346.56,2025,3,March,Tuesday,7296.06,6931.257
2025-03-11,ORD029230,CUST04790,P010,Coffee Maker,Home,Kolkata,Online,UPI,2,5681.09,0.05,11362.18,10794.07,0,1533.02,2025,3,March,Tuesday,11362.18,10794.071
2025-03-12,ORD022155,CUST01151,P006,Desk,Furniture,Delhi,Online,UPI,1,11216.93,0.05,11216.93,10656.08,0,1393.71,2025,3,March,Wednesday,11216.93,10656.0835
2025-03-12,ORD030919,CUST00520,P009,T-Shirt,Fashion,Mumbai,Online,UPI,4,1221.98,0.0,4887.92,4887.92,0,581.21,2025,3,March,Wednesday,4887.92,4887.92
2025-03-12,ORD002382,CUST02905,P014,Keyboard,Electronics,Surat,Store,UPI,1,2476.08,0.2,2476.08,1980.86,0,149.74,2025,3,March,Wednesday,2476.08,1980.864
2025-03-12,ORD024809,CUST02036,P001,Laptop,Electronics,Surat,Store,Debit Card,2,58962.32,0.05,117924.64,112028.41,0,28335.83,2025,3,March,Wednesday,117924.64,112028.408
2025-03-12,ORD017368,CUST04584,P020,Microwave,Home,Jaipur,Online,UPI,3,11851.13,0.05,35553.39,33775.72,0,8700.72,2025,3,March,Wednesday,35553.39,33775.720499999996
2025-03-12,ORD047287,CUST01268,P020,Microwave,Home,Kolkata,Store,UPI,1,10022.27,0.1,10022.27,9020.04,0,2468.22,2025,3,March,Wednesday,10022.27,9020.043000000001
2025-03-12,ORD004400,CUST03103,P016,Sofa,Furniture,Mumbai,Online,Credit Card,1,34439.45,0.1,34439.45,30995.5,0,1924.61,2025,3,March,Wednesday,34439.45,30995.504999999997
2025-03-12,ORD021878,CUST03257,P003,Headphones,Electronics,Delhi,Online,Net Banking,1,4106.87,0.2,4106.87,3285.5,0,330.51,2025,3,March,Wednesday,4106.87,3285.496
2025-03-12,ORD022199,CUST02013,P008,Running Shoes,Fashion,Chennai,Online,Credit Card,1,4109.32,0.1,4109.32,3698.39,0,241.12,2025,3,March,Wednesday,4109.32,3698.388
2025-03-12,ORD039574,CUST03772,P013,Monitor,Electronics,Hyderabad,Online,Credit Card,1,18154.71,0.05,18154.71,17246.97,0,1912.19,2025,3,March,Wednesday,18154.71,17246.974499999997
2025-03-12,ORD012062,CUST01459,P010,Coffee Maker,Home,Bengaluru,Store,Credit Card,1,5631.36,0.0,5631.36,5631.36,0,457.98,2025,3,March,Wednesday,5631.36,5631.36
2025-03-12,ORD017521,CUST03056,P002,Smartphone,Electronics,Mumbai,Store,Credit Card,1,27137.25,0.0,27137.25,27137.25,0,5341.81,2025,3,March,Wednesday,27137.25,27137.25
2025-03-12,ORD005581,CUST01817,P020,Microwave,Home,Pune,Store,Credit Card,4,11005.01,0.05,44020.04,41819.04,0,8543.86,2025,3,March,Wednesday,44020.04,41819.038
2025-03-12,ORD013531,CUST02255,P009,T-Shirt,Fashion,Mumbai,Online,UPI,1,1233.72,0.1,1233.72,1110.35,0,243.97,2025,3,March,Wednesday,1233.72,1110.348
2025-03-12,ORD048548,CUST00297,P008,Running Shoes,Fashion,Jaipur,Online,UPI,1,3825.77,0.15,3825.77,3251.9,0,437.78,2025,3,March,Wednesday,3825.77,3251.9045
2025-03-12,ORD009775,CUST00955,P018,Jacket,Fashion,Mumbai,Store,Debit Card,1,4698.33,0.25,4698.33,3523.75,0,558.35,2025,3,March,Wednesday,4698.33,3523.7475
2025-03-12,ORD044110,CUST03953,P008,Running Shoes,Fashion,Hyderabad,Store,Net Banking,2,4058.25,0.1,8116.5,7304.85,0,941.32,2025,3,March,Wednesday,8116.5,7304.85
2025-03-12,ORD000622,CUST03668,P008,Running Shoes,Fashion,Bengaluru,Store,UPI,5,3899.94,0.1,19499.7,17549.73,0,4727.45,2025,3,March,Wednesday,19499.7,17549.73
2025-03-12,ORD047934,CUST04517,P011,Mixer Grinder,Home,Chennai,Store,UPI,1,4399.43,0.25,4399.43,3299.57,0,308.24,2025,3,March,Wednesday,4399.43,3299.5725
2025-03-12,ORD031274,CUST01720,P002,Smartphone,Electronics,Delhi,Online,Debit Card,3,26961.91,0.0,80885.73,80885.73,1,-4044.29,2025,3,March,Wednesday,80885.73,80885.73
2025-03-12,ORD008430,CUST02206,P009,T-Shirt,Fashion,Mumbai,Online,Cash,1,1157.84,0.0,1157.84,1157.84,0,299.07,2025,3,March,Wednesday,1157.84,1157.84
2025-03-12,ORD003960,CUST02119,P020,Microwave,Home,Kolkata,Store,UPI,3,11571.4,0.05,34714.2,32978.49,0,8242.09,2025,3,March,Wednesday,34714.2,32978.49
2025-03-12,ORD009705,CUST01139,P004,Smartwatch,Electronics,Mumbai,Online,UPI,1,7230.86,0.0,7230.86,7230.86,0,930.36,2025,3,March,Wednesday,7230.86,7230.86
2025-03-12,ORD025466,CUST04912,P019,Vacuum Cleaner,Home,Delhi,Store,Debit Card,1,9029.21,0.1,9029.21,8126.29,0,2023.8,2025,3,March,Wednesday,9029.21,8126.289
2025-03-12,ORD037135,CUST02091,P015,Dining Table,Furniture,Bengaluru,Online,Credit Card,1,23275.29,0.05,23275.29,22111.53,0,2732.03,2025,3,March,Wednesday,23275.29,22111.5255
2025-03-12,ORD000220,CUST02724,P009,T-Shirt,Fashion,Kolkata,Online,UPI,1,1147.57,0.15,1147.57,975.43,0,72.93,2025,3,March,Wednesday,1147.57,975.4345
2025-03-12,ORD020341,CUST02592,P010,Coffee Maker,Home,Bengaluru,Store,Credit Card,1,5477.56,0.0,5477.56,5477.56,0,1006.55,2025,3,March,Wednesday,5477.56,5477.56
2025-03-12,ORD023688,CUST01088,P020,Microwave,Home,Bengaluru,Online,UPI,2,9940.63,0.05,19881.26,18887.2,0,2994.45,2025,3,March,Wednesday,19881.26,18887.196999999996
2025-03-12,ORD020334,CUST04969,P017,Jeans,Fashion,Hyderabad,Online,UPI,2,2784.67,0.1,5569.34,5012.41,0,871.63,2025,3,March,Wednesday,5569.34,5012.406
2025-03-12,ORD040741,CUST03988,P010,Coffee Maker,Home,Bengaluru,Online,UPI,1,5287.2,0.1,5287.2,4758.48,0,1061.92,2025,3,March,Wednesday,5287.2,4758.48
2025-03-12,ORD016342,CUST00196,P015,Dining Table,Furniture,Chennai,Store,Credit Card,4,20294.1,0.1,81176.4,73058.76,0,8530.97,2025,3,March,Wednesday,81176.4,73058.76
2025-03-12,ORD002466,CUST02922,P017,Jeans,Fashion,Surat,Online,UPI,2,2707.46,0.1,5414.92,4873.43,0,1072.64,2025,3,March,Wednesday,5414.92,4873.428
2025-03-12,ORD032702,CUST01785,P014,Keyboard,Electronics,Kolkata,Online,Net Banking,1,2318.94,0.1,2318.94,2087.05,0,571.97,2025,3,March,Wednesday,2318.94,2087.0460000000003
2025-03-12,ORD027951,CUST04150,P013,Monitor,Electronics,Mumbai,Online,Cash,1,19398.56,0.0,19398.56,19398.56,0,3921.69,2025,3,March,Wednesday,19398.56,19398.56
2025-03-12,ORD037899,CUST03785,P001,Laptop,Electronics,Delhi,Online,Debit Card,1,60651.67,0.0,60651.67,60651.67,0,7118.96,2025,3,March,Wednesday,60651.67,60651.67
2025-03-12,ORD003128,CUST03082,P013,Monitor,Electronics,Kolkata,Online,UPI,4,19286.68,0.05,77146.72,73289.38,0,15952.22,2025,3,March,Wednesday,77146.72,73289.38399999999
2025-03-12,ORD010055,CUST02416,P014,Keyboard,Electronics,Bengaluru,Store,UPI,1,2447.68,0.15,2447.68,2080.53,0,459.41,2025,3,March,Wednesday,2447.68,2080.528
2025-03-12,ORD017118,CUST02932,P016,Sofa,Furniture,Surat,Online,Credit Card,4,34693.46,0.1,138773.84,124896.46,0,24379.68,2025,3,March,Wednesday,138773.84,124896.456
2025-03-12,ORD007012,CUST02825,P018,Jacket,Fashion,Bengaluru,Store,Debit Card,1,5535.53,0.1,5535.53,4981.98,0,1318.16,2025,3,March,Wednesday,5535.53,4981.977
2025-03-12,ORD017507,CUST00456,P019,Vacuum Cleaner,Home,Kolkata,Online,Credit Card,1,9195.14,0.1,9195.14,8275.63,0,1252.89,2025,3,March,Wednesday,9195.14,8275.626
2025-03-12,ORD039787,CUST03927,P008,Running Shoes,Fashion,Mumbai,Online,Debit Card,1,4201.52,0.1,4201.52,3781.37,0,399.92,2025,3,March,Wednesday,4201.52,3781.3680000000004
2025-03-12,ORD047126,CUST02877,P003,Headphones,Electronics,Hyderabad,Online,UPI,1,4123.34,0.05,4123.34,3917.17,0,593.03,2025,3,March,Wednesday,4123.34,3917.173
2025-03-12,ORD049929,CUST00103,P020,Microwave,Home,Mumbai,Online,UPI,1,11307.13,0.1,11307.13,10176.42,0,1808.01,2025,3,March,Wednesday,11307.13,10176.417
2025-03-12,ORD033874,CUST02784,P020,Microwave,Home,Jaipur,Online,UPI,1,11307.29,0.05,11307.29,10741.93,0,1429.1,2025,3,March,Wednesday,11307.29,10741.925500000001
2025-03-12,ORD010583,CUST00135,P012,Air Fryer,Home,Pune,Store,UPI,1,7600.15,0.1,7600.15,6840.14,0,557.78,2025,3,March,Wednesday,7600.15,6840.135
2025-03-12,ORD026807,CUST00064,P004,Smartwatch,Electronics,Chennai,Online,UPI,2,7173.28,0.1,14346.56,12911.9,0,2438.44,2025,3,March,Wednesday,14346.56,12911.904
2025-03-12,ORD024324,CUST01550,P019,Vacuum Cleaner,Home,Kolkata,Online,Credit Card,1,9558.53,0.05,9558.53,9080.6,0,1344.69,2025,3,March,Wednesday,9558.53,9080.603500000001
2025-03-12,ORD011233,CUST03568,P012,Air Fryer,Home,Chennai,Store,Debit Card,5,7486.33,0.1,37431.65,33688.48,0,2101.15,2025,3,March,Wednesday,37431.65,33688.485
2025-03-12,ORD026612,CUST03818,P012,Air Fryer,Home,Surat,Store,Debit Card,1,7203.17,0.1,7203.17,6482.85,1,-324.14,2025,3,March,Wednesday,7203.17,6482.853
2025-03-12,ORD030740,CUST03991,P014,Keyboard,Electronics,Surat,Online,Debit Card,2,2542.74,0.2,5085.48,4068.38,1,-203.42,2025,3,March,Wednesday,5085.48,4068.384
2025-03-12,ORD043832,CUST04625,P002,Smartphone,Electronics,Chennai,Store,Debit Card,1,26956.77,0.15,26956.77,22913.25,0,2238.39,2025,3,March,Wednesday,26956.77,22913.2545
2025-03-12,ORD031808,CUST02143,P015,Dining Table,Furniture,Surat,Online,Net Banking,1,21522.57,0.25,21522.57,16141.93,0,2470.55,2025,3,March,Wednesday,21522.57,16141.9275
2025-03-12,ORD038568,CUST02988,P005,Office Chair,Furniture,Chennai,Online,UPI,1,9828.34,0.15,9828.34,8354.09,1,-417.7,2025,3,March,Wednesday,9828.34,8354.089
2025-03-12,ORD025499,CUST02724,P012,Air Fryer,Home,Surat,Online,Credit Card,3,7643.08,0.1,22929.24,20636.32,1,-1031.82,2025,3,March,Wednesday,22929.239999999998,20636.316000000003
2025-03-12,ORD006351,CUST01358,P009,T-Shirt,Fashion,Bengaluru,Store,Debit Card,2,1093.85,0.1,2187.7,1968.93,0,135.15,2025,3,March,Wednesday,2187.7,1968.9299999999998
2025-03-12,ORD012191,CUST04406,P004,Smartwatch,Electronics,Jaipur,Store,Cash,1,7698.49,0.0,7698.49,7698.49,0,1806.19,2025,3,March,Wednesday,7698.49,7698.49
2025-03-12,ORD010871,CUST02217,P017,Jeans,Fashion,Ahmedabad,Store,Net Banking,1,2551.69,0.1,2551.69,2296.52,0,561.18,2025,3,March,Wednesday,2551.69,2296.521
2025-03-12,ORD038997,CUST01398,P003,Headphones,Electronics,Ahmedabad,Store,Credit Card,2,4831.13,0.1,9662.26,8696.03,0,1304.2,2025,3,March,Wednesday,9662.26,8696.034
2025-03-12,ORD014369,CUST03520,P005,Office Chair,Furniture,Hyderabad,Online,Credit Card,1,9105.3,0.2,9105.3,7284.24,0,717.07,2025,3,March,Wednesday,9105.3,7284.24
2025-03-12,ORD024138,CUST03869,P001,Laptop,Electronics,Bengaluru,Online,UPI,1,59692.56,0.1,59692.56,53723.3,0,6544.73,2025,3,March,Wednesday,59692.56,53723.304
2025-03-12,ORD033657,CUST01897,P008,Running Shoes,Fashion,Chennai,Online,Debit Card,2,4291.96,0.25,8583.92,6437.94,0,959.35,2025,3,March,Wednesday,8583.92,6437.9400000000005
2025-03-12,ORD002082,CUST02715,P015,Dining Table,Furniture,Delhi,Online,Credit Card,2,19858.69,0.05,39717.38,37731.51,1,-1886.58,2025,3,March,Wednesday,39717.38,37731.511
2025-03-12,ORD001102,CUST03080,P011,Mixer Grinder,Home,Kolkata,Store,UPI,5,4349.56,0.1,21747.8,19573.02,0,5073.39,2025,3,March,Wednesday,21747.800000000003,19573.02
2025-03-12,ORD001739,CUST02775,P020,Microwave,Home,Bengaluru,Online,UPI,1,10914.22,0.0,10914.22,10914.22,0,1667.8,2025,3,March,Wednesday,10914.22,10914.22
2025-03-12,ORD020217,CUST04381,P017,Jeans,Fashion,Kolkata,Online,Credit Card,2,2539.33,0.0,5078.66,5078.66,0,584.48,2025,3,March,Wednesday,5078.66,5078.66
2025-03-12,ORD013695,CUST00335,P014,Keyboard,Electronics,Surat,Store,Cash,4,2712.44,0.0,10849.76,10849.76,0,1005.03,2025,3,March,Wednesday,10849.76,10849.76
2025-03-12,ORD023154,CUST04848,P012,Air Fryer,Home,Pune,Online,UPI,1,6703.69,0.0,6703.69,6703.69,0,787.27,2025,3,March,Wednesday,6703.69,6703.69
2025-03-12,ORD003223,CUST02599,P016,Sofa,Furniture,Pune,Store,Net Banking,1,36773.15,0.15,36773.15,31257.18,0,3780.54,2025,3,March,Wednesday,36773.15,31257.1775
2025-03-12,ORD043343,CUST04557,P008,Running Shoes,Fashion,Ahmedabad,Store,Credit Card,1,3918.27,0.2,3918.27,3134.62,0,736.98,2025,3,March,Wednesday,3918.27,3134.616
2025-03-12,ORD021405,CUST03081,P005,Office Chair,Furniture,Chennai,Online,UPI,2,9128.72,0.1,18257.44,16431.7,1,-821.58,2025,3,March,Wednesday,18257.44,16431.696
2025-03-13,ORD020262,CUST02209,P013,Monitor,Electronics,Jaipur,Online,Credit Card,1,16651.83,0.05,16651.83,15819.24,0,3655.59,2025,3,March,Thursday,16651.83,15819.238500000001
2025-03-13,ORD026109,CUST03956,P011,Mixer Grinder,Home,Mumbai,Online,Credit Card,2,4635.23,0.1,9270.46,8343.41,0,673.08,2025,3,March,Thursday,9270.46,8343.413999999999
2025-03-13,ORD044550,CUST04757,P011,Mixer Grinder,Home,Bengaluru,Online,Debit Card,2,4697.64,0.2,9395.28,7516.22,1,-375.81,2025,3,March,Thursday,9395.28,7516.224000000001
2025-03-13,ORD040703,CUST02802,P015,Dining Table,Furniture,Bengaluru,Online,Credit Card,1,22608.05,0.15,22608.05,19216.84,0,5124.01,2025,3,March,Thursday,22608.05,19216.8425
2025-03-13,ORD014673,CUST01454,P015,Dining Table,Furniture,Surat,Online,UPI,1,19964.99,0.15,19964.99,16970.24,1,-848.51,2025,3,March,Thursday,19964.99,16970.2415
2025-03-13,ORD000499,CUST00854,P010,Coffee Maker,Home,Delhi,Online,UPI,2,5801.86,0.05,11603.72,11023.53,0,2000.45,2025,3,March,Thursday,11603.72,11023.534
2025-03-13,ORD024752,CUST01442,P011,Mixer Grinder,Home,Delhi,Store,UPI,1,4836.71,0.15,4836.71,4111.2,0,669.61,2025,3,March,Thursday,4836.71,4111.2035
2025-03-13,ORD027483,CUST04244,P003,Headphones,Electronics,Kolkata,Online,UPI,2,4684.42,0.0,9368.84,9368.84,0,1856.42,2025,3,March,Thursday,9368.84,9368.84
2025-03-13,ORD042956,CUST03410,P003,Headphones,Electronics,Jaipur,Store,Debit Card,1,4779.13,0.1,4779.13,4301.22,0,425.53,2025,3,March,Thursday,4779.13,4301.217000000001
2025-03-13,ORD037205,CUST04601,P013,Monitor,Electronics,Ahmedabad,Online,Credit Card,1,19676.3,0.0,19676.3,19676.3,0,2477.09,2025,3,March,Thursday,19676.3,19676.3
2025-03-13,ORD021911,CUST03807,P005,Office Chair,Furniture,Jaipur,Online,UPI,1,9837.55,0.1,9837.55,8853.8,0,1913.77,2025,3,March,Thursday,9837.55,8853.795
2025-03-13,ORD012280,CUST04675,P015,Dining Table,Furniture,Mumbai,Online,Net Banking,1,19820.32,0.1,19820.32,17838.29,0,4826.09,2025,3,March,Thursday,19820.32,17838.288
2025-03-13,ORD045430,CUST01068,P020,Microwave,Home,Delhi,Store,Credit Card,1,11173.61,0.0,11173.61,11173.61,0,3065.61,2025,3,March,Thursday,11173.61,11173.61
2025-03-13,ORD024669,CUST00831,P018,Jacket,Fashion,Mumbai,Online,UPI,1,5677.12,0.05,5677.12,5393.26,0,1485.8,2025,3,March,Thursday,5677.12,5393.263999999999
2025-03-13,ORD042085,CUST03857,P019,Vacuum Cleaner,Home,Pune,Store,UPI,1,8616.67,0.05,8616.67,8185.84,0,1666.7,2025,3,March,Thursday,8616.67,8185.836499999999
2025-03-13,ORD003054,CUST03370,P015,Dining Table,Furniture,Bengaluru,Online,UPI,2,20049.37,0.1,40098.74,36088.87,0,8616.72,2025,3,March,Thursday,40098.74,36088.866
2025-03-13,ORD031403,CUST01039,P008,Running Shoes,Fashion,Pune,Store,UPI,1,3910.03,0.2,3910.03,3128.02,0,369.69,2025,3,March,Thursday,3910.03,3128.0240000000003
2025-03-13,ORD046087,CUST00770,P013,Monitor,Electronics,Delhi,Online,Cash,2,19058.67,0.0,38117.34,38117.34,0,7389.84,2025,3,March,Thursday,38117.34,38117.34
2025-03-13,ORD043078,CUST04166,P012,Air Fryer,Home,Delhi,Online,Cash,3,7105.81,0.1,21317.43,19185.69,0,1960.96,2025,3,March,Thursday,21317.43,19185.687
2025-03-13,ORD040998,CUST01755,P007,Backpack,Accessories,Surat,Store,Credit Card,1,2391.25,0.1,2391.25,2152.12,0,182.1,2025,3,March,Thursday,2391.25,2152.125
2025-03-13,ORD009669,CUST01582,P008,Running Shoes,Fashion,Delhi,Store,Credit Card,1,3793.23,0.2,3793.23,3034.58,1,-151.73,2025,3,March,Thursday,3793.23,3034.5840000000003
2025-03-13,ORD020110,CUST04777,P020,Microwave,Home,Jaipur,Store,UPI,1,10298.46,0.1,10298.46,9268.61,0,1313.55,2025,3,March,Thursday,10298.46,9268.614
2025-03-13,ORD032758,CUST01221,P003,Headphones,Electronics,Chennai,Store,Credit Card,1,4871.8,0.2,4871.8,3897.44,0,250.48,2025,3,March,Thursday,4871.8,3897.4400000000005
2025-03-13,ORD047499,CUST03216,P020,Microwave,Home,Surat,Store,Debit Card,2,11161.27,0.15,22322.54,18974.16,0,2297.61,2025,3,March,Thursday,22322.54,18974.159
2025-03-13,ORD042800,CUST04679,P009,T-Shirt,Fashion,Kolkata,Online,Credit Card,1,1252.26,0.1,1252.26,1127.03,0,100.5,2025,3,March,Thursday,1252.26,1127.034
2025-03-13,ORD005643,CUST00830,P010,Coffee Maker,Home,Mumbai,Online,Net Banking,2,5193.73,0.15,10387.46,8829.34,0,1202.14,2025,3,March,Thursday,10387.46,8829.340999999999
2025-03-13,ORD045124,CUST01945,P007,Backpack,Accessories,Delhi,Online,Debit Card,4,2364.93,0.15,9459.72,8040.76,0,920.97,2025,3,March,Thursday,9459.72,8040.761999999999
2025-03-13,ORD045411,CUST00566,P019,Vacuum Cleaner,Home,Pune,Online,Net Banking,1,8780.49,0.15,8780.49,7463.42,0,1348.68,2025,3,March,Thursday,8780.49,7463.416499999999
2025-03-13,ORD003083,CUST02732,P005,Office Chair,Furniture,Kolkata,Online,UPI,1,9083.58,0.2,9083.58,7266.86,0,1273.01,2025,3,March,Thursday,9083.58,7266.8640000000005
2025-03-13,ORD006407,CUST04618,P015,Dining Table,Furniture,Hyderabad,Store,UPI,1,22055.11,0.0,22055.11,22055.11,0,5989.49,2025,3,March,Thursday,22055.11,22055.11
2025-03-13,ORD034312,CUST04080,P014,Keyboard,Electronics,Pune,Online,UPI,1,2543.94,0.05,2543.94,2416.74,0,511.26,2025,3,March,Thursday,2543.94,2416.743
2025-03-13,ORD032565,CUST04751,P018,Jacket,Fashion,Pune,Online,Credit Card,1,5311.94,0.2,5311.94,4249.55,0,841.26,2025,3,March,Thursday,5311.94,4249.552
2025-03-13,ORD034690,CUST00460,P001,Laptop,Electronics,Jaipur,Store,UPI,1,64389.81,0.0,64389.81,64389.81,0,19042.46,2025,3,March,Thursday,64389.81,64389.81
2025-03-13,ORD035149,CUST03140,P015,Dining Table,Furniture,Delhi,Online,Debit Card,1,21472.2,0.1,21472.2,19324.98,0,5328.05,2025,3,March,Thursday,21472.2,19324.98
2025-03-13,ORD030465,CUST00691,P008,Running Shoes,Fashion,Pune,Store,Debit Card,3,4485.69,0.2,13457.07,10765.66,0,1791.78,2025,3,March,Thursday,13457.07,10765.656
2025-03-13,ORD000224,CUST03660,P017,Jeans,Fashion,Jaipur,Online,UPI,1,2534.08,0.25,2534.08,1900.56,0,91.39,2025,3,March,Thursday,2534.08,1900.56
2025-03-13,ORD020880,CUST01753,P004,Smartwatch,Electronics,Ahmedabad,Online,Net Banking,2,7465.01,0.05,14930.02,14183.52,0,3562.34,2025,3,March,Thursday,14930.02,14183.519
2025-03-13,ORD013401,CUST02307,P008,Running Shoes,Fashion,Chennai,Online,Cash,1,4397.04,0.0,4397.04,4397.04,1,-219.85,2025,3,March,Thursday,4397.04,4397.04
2025-03-13,ORD033531,CUST04798,P013,Monitor,Electronics,Bengaluru,Store,Cash,1,19531.06,0.1,19531.06,17577.95,0,1382.28,2025,3,March,Thursday,19531.06,17577.954
2025-03-13,ORD005108,CUST01814,P006,Desk,Furniture,Bengaluru,Store,Credit Card,2,12906.42,0.1,25812.84,23231.56,0,5328.91,2025,3,March,Thursday,25812.84,23231.556
2025-03-13,ORD049344,CUST00654,P003,Headphones,Electronics,Bengaluru,Store,Cash,1,4650.35,0.15,4650.35,3952.8,0,424.74,2025,3,March,Thursday,4650.35,3952.7975
2025-03-13,ORD027674,CUST00255,P005,Office Chair,Furniture,Hyderabad,Online,UPI,4,9795.19,0.2,39180.76,31344.61,0,5596.2,2025,3,March,Thursday,39180.76,31344.608000000004
2025-03-13,ORD048071,CUST04257,P017,Jeans,Fashion,Jaipur,Store,Debit Card,2,2523.5,0.05,5047.0,4794.65,0,711.35,2025,3,March,Thursday,5047.0,4794.65
2025-03-13,ORD019713,CUST01731,P019,Vacuum Cleaner,Home,Mumbai,Online,Net Banking,5,9533.53,0.1,47667.65,42900.88,0,8738.0,2025,3,March,Thursday,47667.65,42900.885
2025-03-13,ORD039379,CUST03659,P012,Air Fryer,Home,Delhi,Store,UPI,1,7757.97,0.2,7757.97,6206.38,0,813.72,2025,3,March,Thursday,7757.97,6206.376
2025-03-13,ORD046367,CUST00570,P003,Headphones,Electronics,Jaipur,Online,Debit Card,2,4363.32,0.1,8726.64,7853.98,0,1769.94,2025,3,March,Thursday,8726.64,7853.976
2025-03-13,ORD045517,CUST02969,P010,Coffee Maker,Home,Kolkata,Online,Net Banking,2,6028.37,0.25,12056.74,9042.56,0,792.44,2025,3,March,Thursday,12056.74,9042.555
2025-03-13,ORD040825,CUST01803,P005,Office Chair,Furniture,Ahmedabad,Store,UPI,4,9396.44,0.2,37585.76,30068.61,0,7140.6,2025,3,March,Thursday,37585.76,30068.608000000004
2025-03-13,ORD023482,CUST04106,P001,Laptop,Electronics,Kolkata,Online,Debit Card,2,62421.37,0.15,124842.74,106116.33,0,25667.47,2025,3,March,Thursday,124842.74,106116.329
2025-03-13,ORD012687,CUST01701,P005,Office Chair,Furniture,Chennai,Store,Net Banking,1,10027.79,0.0,10027.79,10027.79,0,2355.8,2025,3,March,Thursday,10027.79,10027.79
2025-03-13,ORD036849,CUST00972,P003,Headphones,Electronics,Bengaluru,Store,Debit Card,3,4701.45,0.05,14104.35,13399.13,0,3297.31,2025,3,March,Thursday,14104.349999999999,13399.1325
2025-03-13,ORD019106,CUST04070,P020,Microwave,Home,Bengaluru,Online,UPI,5,11882.45,0.05,59412.25,56441.64,0,9762.9,2025,3,March,Thursday,59412.25,56441.6375
2025-03-13,ORD022390,CUST01814,P014,Keyboard,Electronics,Kolkata,Online,Credit Card,1,2514.06,0.1,2514.06,2262.65,0,366.35,2025,3,March,Thursday,2514.06,2262.654
2025-03-13,ORD028513,CUST04314,P003,Headphones,Electronics,Hyderabad,Store,Cash,2,4207.49,0.1,8414.98,7573.48,0,519.52,2025,3,March,Thursday,8414.98,7573.482
2025-03-13,ORD010834,CUST01752,P020,Microwave,Home,Delhi,Online,Debit Card,1,11260.21,0.1,11260.21,10134.19,0,2730.73,2025,3,March,Thursday,11260.21,10134.189
2025-03-13,ORD004547,CUST04847,P006,Desk,Furniture,Delhi,Online,Credit Card,1,13026.42,0.05,13026.42,12375.1,0,3282.59,2025,3,March,Thursday,13026.42,12375.099
2025-03-13,ORD018632,CUST01179,P008,Running Shoes,Fashion,Surat,Online,Cash,2,4269.04,0.05,8538.08,8111.18,0,616.81,2025,3,March,Thursday,8538.08,8111.1759999999995
2025-03-13,ORD014676,CUST00531,P004,Smartwatch,Electronics,Chennai,Online,Credit Card,1,7466.12,0.2,7466.12,5972.9,0,1319.21,2025,3,March,Thursday,7466.12,5972.896000000001
2025-03-14,ORD035519,CUST04878,P017,Jeans,Fashion,Hyderabad,Online,Credit Card,2,2652.31,0.05,5304.62,5039.39,0,528.54,2025,3,March,Friday,5304.62,5039.388999999999
2025-03-14,ORD010302,CUST00623,P016,Sofa,Furniture,Pune,Online,UPI,1,34705.86,0.1,34705.86,31235.27,0,5317.91,2025,3,March,Friday,34705.86,31235.274
2025-03-14,ORD004654,CUST04490,P013,Monitor,Electronics,Mumbai,Online,UPI,1,19481.58,0.0,19481.58,19481.58,0,3127.23,2025,3,March,Friday,19481.58,19481.58
2025-03-14,ORD037812,CUST01900,P019,Vacuum Cleaner,Home,Kolkata,Online,Net Banking,1,8861.3,0.0,8861.3,8861.3,0,1485.03,2025,3,March,Friday,8861.3,8861.3
2025-03-14,ORD034575,CUST00076,P001,Laptop,Electronics,Chennai,Online,UPI,3,58888.83,0.15,176666.49,150166.52,0,11687.14,2025,3,March,Friday,176666.49,150166.5165
2025-03-14,ORD017239,CUST01429,P008,Running Shoes,Fashion,Pune,Store,UPI,1,4017.73,0.05,4017.73,3816.84,0,584.29,2025,3,March,Friday,4017.73,3816.8435
2025-03-14,ORD007584,CUST02687,P013,Monitor,Electronics,Mumbai,Online,UPI,1,17199.48,0.0,17199.48,17199.48,0,4069.9,2025,3,March,Friday,17199.48,17199.48
2025-03-14,ORD011285,CUST00571,P019,Vacuum Cleaner,Home,Mumbai,Online,Debit Card,1,9840.67,0.1,9840.67,8856.6,0,2217.21,2025,3,March,Friday,9840.67,8856.603000000001
2025-03-14,ORD020800,CUST02526,P001,Laptop,Electronics,Bengaluru,Online,Cash,2,60359.73,0.25,120719.46,90539.6,0,13033.47,2025,3,March,Friday,120719.46,90539.595
2025-03-14,ORD002642,CUST01589,P007,Backpack,Accessories,Bengaluru,Online,UPI,1,2177.85,0.1,2177.85,1960.06,0,496.54,2025,3,March,Friday,2177.85,1960.065
2025-03-14,ORD014605,CUST02427,P007,Backpack,Accessories,Ahmedabad,Store,UPI,1,2137.26,0.2,2137.26,1709.81,0,266.99,2025,3,March,Friday,2137.26,1709.8080000000002
2025-03-14,ORD035605,CUST01565,P002,Smartphone,Electronics,Chennai,Online,UPI,1,28116.8,0.1,28116.8,25305.12,0,5397.51,2025,3,March,Friday,28116.8,25305.12
2025-03-14,ORD032283,CUST03795,P007,Backpack,Accessories,Hyderabad,Online,Cash,3,2089.37,0.2,6268.11,5014.49,0,826.92,2025,3,March,Friday,6268.11,5014.488
2025-03-14,ORD001718,CUST03261,P011,Mixer Grinder,Home,Pune,Online,UPI,1,4393.51,0.05,4393.51,4173.83,0,779.21,2025,3,March,Friday,4393.51,4173.8345
2025-03-14,ORD000995,CUST04836,P003,Headphones,Electronics,Bengaluru,Online,UPI,3,4776.63,0.2,14329.89,11463.91,0,1224.56,2025,3,March,Friday,14329.89,11463.912
2025-03-14,ORD012429,CUST04545,P014,Keyboard,Electronics,Delhi,Store,Net Banking,1,2498.66,0.2,2498.66,1998.93,0,161.57,2025,3,March,Friday,2498.66,1998.9279999999999
2025-03-14,ORD033505,CUST04492,P009,T-Shirt,Fashion,Chennai,Online,Cash,1,1186.38,0.0,1186.38,1186.38,0,217.33,2025,3,March,Friday,1186.38,1186.38
2025-03-14,ORD039192,CUST03193,P020,Microwave,Home,Mumbai,Online,Credit Card,2,11283.53,0.2,22567.06,18053.65,0,3600.52,2025,3,March,Friday,22567.06,18053.648
2025-03-14,ORD032247,CUST02990,P009,T-Shirt,Fashion,Delhi,Online,Net Banking,3,1089.32,0.0,3267.96,3267.96,0,703.59,2025,3,March,Friday,3267.96,3267.96
2025-03-14,ORD048312,CUST02332,P014,Keyboard,Electronics,Mumbai,Online,Debit Card,4,2335.13,0.1,9340.52,8406.47,0,1932.9,2025,3,March,Friday,9340.52,8406.468
2025-03-14,ORD038989,CUST03323,P003,Headphones,Electronics,Ahmedabad,Store,UPI,2,4586.29,0.05,9172.58,8713.95,0,2190.99,2025,3,March,Friday,9172.58,8713.951
2025-03-14,ORD049280,CUST00616,P012,Air Fryer,Home,Mumbai,Store,Credit Card,1,7544.14,0.1,7544.14,6789.73,0,1531.26,2025,3,March,Friday,7544.14,6789.726000000001
2025-03-14,ORD047706,CUST04890,P011,Mixer Grinder,Home,Bengaluru,Online,Credit Card,1,5248.48,0.15,5248.48,4461.21,0,860.67,2025,3,March,Friday,5248.48,4461.208
2025-03-14,ORD039293,CUST01219,P010,Coffee Maker,Home,Surat,Store,Credit Card,1,5170.51,0.1,5170.51,4653.46,0,1054.76,2025,3,March,Friday,5170.51,4653.459000000001
2025-03-14,ORD037607,CUST04020,P007,Backpack,Accessories,Ahmedabad,Online,Net Banking,3,2105.35,0.0,6316.05,6316.05,0,1229.24,2025,3,March,Friday,6316.049999999999,6316.05
2025-03-14,ORD039298,CUST00642,P006,Desk,Furniture,Surat,Store,UPI,4,11314.47,0.1,45257.88,40732.09,0,9420.1,2025,3,March,Friday,45257.88,40732.092
2025-03-14,ORD028157,CUST01391,P012,Air Fryer,Home,Chennai,Online,Cash,1,7130.73,0.0,7130.73,7130.73,0,1277.96,2025,3,March,Friday,7130.73,7130.73
2025-03-14,ORD013166,CUST04037,P011,Mixer Grinder,Home,Jaipur,Store,Credit Card,3,5249.42,0.05,15748.26,14960.85,0,1898.39,2025,3,March,Friday,15748.26,14960.847
2025-03-14,ORD039997,CUST02756,P005,Office Chair,Furniture,Mumbai,Online,Credit Card,1,9338.92,0.15,9338.92,7938.08,0,441.87,2025,3,March,Friday,9338.92,7938.081999999999
2025-03-14,ORD012385,CUST02444,P016,Sofa,Furniture,Ahmedabad,Online,Credit Card,1,35489.31,0.1,35489.31,31940.38,0,7453.5,2025,3,March,Friday,35489.31,31940.378999999997
2025-03-14,ORD038454,CUST00518,P016,Sofa,Furniture,Pune,Store,UPI,4,38273.87,0.0,153095.48,153095.48,0,45307.35,2025,3,March,Friday,153095.48,153095.48
2025-03-14,ORD035549,CUST03958,P013,Monitor,Electronics,Ahmedabad,Store,UPI,1,18923.11,0.05,18923.11,17976.95,0,3279.69,2025,3,March,Friday,18923.11,17976.9545
2025-03-14,ORD001207,CUST04524,P013,Monitor,Electronics,Jaipur,Store,Credit Card,1,17361.61,0.1,17361.61,15625.45,0,4226.37,2025,3,March,Friday,17361.61,15625.449
2025-03-14,ORD011936,CUST00475,P002,Smartphone,Electronics,Delhi,Online,UPI,2,28521.84,0.1,57043.68,51339.31,0,7306.49,2025,3,March,Friday,57043.68,51339.312
2025-03-14,ORD004735,CUST02304,P014,Keyboard,Electronics,Bengaluru,Online,Debit Card,2,2377.29,0.15,4754.58,4041.39,0,771.36,2025,3,March,Friday,4754.58,4041.393
2025-03-14,ORD030524,CUST03082,P017,Jeans,Fashion,Chennai,Online,Credit Card,5,2684.65,0.05,13423.25,12752.09,0,2656.68,2025,3,March,Friday,13423.25,12752.0875
2025-03-14,ORD005195,CUST01890,P014,Keyboard,Electronics,Mumbai,Online,UPI,1,2434.63,0.15,2434.63,2069.44,0,230.92,2025,3,March,Friday,2434.63,2069.4355
2025-03-14,ORD024158,CUST01624,P019,Vacuum Cleaner,Home,Delhi,Online,UPI,1,8823.24,0.05,8823.24,8382.08,0,1758.31,2025,3,March,Friday,8823.24,8382.078
2025-03-14,ORD037716,CUST04817,P014,Keyboard,Electronics,Jaipur,Online,Debit Card,1,2592.45,0.1,2592.45,2333.2,0,404.62,2025,3,March,Friday,2592.45,2333.205
2025-03-14,ORD005259,CUST00554,P018,Jacket,Fashion,Surat,Online,UPI,2,4947.16,0.2,9894.32,7915.46,0,912.68,2025,3,March,Friday,9894.32,7915.456
2025-03-14,ORD031405,CUST01372,P010,Coffee Maker,Home,Bengaluru,Online,UPI,2,5745.05,0.05,11490.1,10915.6,0,1196.54,2025,3,March,Friday,11490.1,10915.595
2025-03-14,ORD028087,CUST03557,P018,Jacket,Fashion,Pune,Online,Credit Card,3,5165.62,0.0,15496.86,15496.86,0,3354.88,2025,3,March,Friday,15496.86,15496.86
2025-03-14,ORD011028,CUST00180,P001,Laptop,Electronics,Delhi,Online,Debit Card,4,66911.45,0.2,267645.8,214116.64,1,-10705.83,2025,3,March,Friday,267645.8,214116.64
2025-03-14,ORD015509,CUST02046,P001,Laptop,Electronics,Ahmedabad,Online,Net Banking,1,63803.63,0.15,63803.63,54233.09,0,13231.48,2025,3,March,Friday,63803.63,54233.085499999994
2025-03-14,ORD030596,CUST00053,P008,Running Shoes,Fashion,Bengaluru,Online,Credit Card,5,4407.59,0.15,22037.95,18732.26,0,1498.97,2025,3,March,Friday,22037.95,18732.2575
2025-03-14,ORD032764,CUST01628,P011,Mixer Grinder,Home,Bengaluru,Online,Credit Card,1,4785.98,0.1,4785.98,4307.38,0,990.98,2025,3,March,Friday,4785.98,4307.382
2025-03-14,ORD010849,CUST03301,P002,Smartphone,Electronics,Surat,Online,Credit Card,4,30520.94,0.05,122083.76,115979.57,0,14308.0,2025,3,March,Friday,122083.76,115979.57199999999
2025-03-14,ORD014998,CUST01747,P017,Jeans,Fashion,Chennai,Store,Debit Card,4,3070.04,0.1,12280.16,11052.14,0,1016.98,2025,3,March,Friday,12280.16,11052.144
2025-03-14,ORD042363,CUST04861,P012,Air Fryer,Home,Bengaluru,Online,Credit Card,3,6811.21,0.2,20433.63,16346.9,0,967.55,2025,3,March,Friday,20433.63,16346.904000000002
2025-03-14,ORD048843,CUST00980,P004,Smartwatch,Electronics,Bengaluru,Store,Net Banking,4,6892.75,0.1,27571.0,24813.9,1,-1240.7,2025,3,March,Friday,27571.0,24813.9
2025-03-14,ORD027952,CUST04841,P001,Laptop,Electronics,Pune,Online,Credit Card,1,65642.95,0.05,65642.95,62360.8,0,11433.16,2025,3,March,Friday,65642.95,62360.80249999999
2025-03-14,ORD027775,CUST00376,P008,Running Shoes,Fashion,Pune,Store,Credit Card,1,3804.61,0.1,3804.61,3424.15,0,748.59,2025,3,March,Friday,3804.61,3424.1490000000003
2025-03-14,ORD022024,CUST03614,P001,Laptop,Electronics,Delhi,Store,Net Banking,1,63083.42,0.05,63083.42,59929.25,0,11800.6,2025,3,March,Friday,63083.42,59929.248999999996
2025-03-14,ORD040618,CUST04192,P001,Laptop,Electronics,Surat,Online,UPI,1,70496.46,0.15,70496.46,59921.99,0,5179.68,2025,3,March,Friday,70496.46,59921.991
2025-03-14,ORD040651,CUST00924,P003,Headphones,Electronics,Jaipur,Online,Credit Card,2,4686.55,0.05,9373.1,8904.44,0,2572.16,2025,3,March,Friday,9373.1,8904.445
2025-03-14,ORD030610,CUST03584,P014,Keyboard,Electronics,Jaipur,Online,Credit Card,4,2344.24,0.15,9376.96,7970.42,0,598.28,2025,3,March,Friday,9376.96,7970.415999999999
2025-03-14,ORD029447,CUST02229,P019,Vacuum Cleaner,Home,Surat,Online,UPI,1,8932.4,0.2,8932.4,7145.92,0,1655.75,2025,3,March,Friday,8932.4,7145.92
2025-03-14,ORD012654,CUST00216,P005,Office Chair,Furniture,Kolkata,Online,Credit Card,2,9459.66,0.0,18919.32,18919.32,0,4944.07,2025,3,March,Friday,18919.32,18919.32
2025-03-14,ORD031996,CUST02334,P011,Mixer Grinder,Home,Kolkata,Online,Debit Card,1,4425.61,0.05,4425.61,4204.33,0,775.05,2025,3,March,Friday,4425.61,4204.3295
2025-03-14,ORD007288,CUST02604,P016,Sofa,Furniture,Mumbai,Online,Credit Card,4,32339.67,0.1,129358.68,116422.81,0,18189.47,2025,3,March,Friday,129358.68,116422.81199999999
2025-03-14,ORD022197,CUST02551,P015,Dining Table,Furniture,Jaipur,Store,Cash,1,21309.58,0.0,21309.58,21309.58,0,5683.22,2025,3,March,Friday,21309.58,21309.58
2025-03-14,ORD011649,CUST01066,P010,Coffee Maker,Home,Hyderabad,Online,Debit Card,1,6036.81,0.25,6036.81,4527.61,0,697.35,2025,3,March,Friday,6036.81,4527.6075
2025-03-14,ORD042414,CUST03677,P008,Running Shoes,Fashion,Kolkata,Online,Credit Card,1,4450.74,0.15,4450.74,3783.13,1,-189.16,2025,3,March,Friday,4450.74,3783.129
2025-03-14,ORD022098,CUST01171,P005,Office Chair,Furniture,Kolkata,Online,Debit Card,4,10207.33,0.05,40829.32,38787.85,0,9767.96,2025,3,March,Friday,40829.32,38787.854
2025-03-14,ORD030799,CUST04350,P005,Office Chair,Furniture,Surat,Store,UPI,1,9470.14,0.0,9470.14,9470.14,0,2266.07,2025,3,March,Friday,9470.14,9470.14
2025-03-14,ORD010465,CUST02626,P013,Monitor,Electronics,Hyderabad,Online,Debit Card,1,19773.06,0.2,19773.06,15818.45,0,1591.07,2025,3,March,Friday,19773.06,15818.448000000002
2025-03-14,ORD007707,CUST02426,P017,Jeans,Fashion,Ahmedabad,Store,UPI,1,2766.59,0.2,2766.59,2213.27,0,297.84,2025,3,March,Friday,2766.59,2213.2720000000004
2025-03-15,ORD022109,CUST04824,P016,Sofa,Furniture,Pune,Online,Debit Card,3,37881.09,0.1,113643.27,102278.94,0,13535.9,2025,3,March,Saturday,113643.26999999999,102278.943
2025-03-15,ORD012038,CUST02298,P009,T-Shirt,Fashion,Pune,Online,Credit Card,1,1158.43,0.15,1158.43,984.67,0,117.45,2025,3,March,Saturday,1158.43,984.6655000000001
2025-03-15,ORD041630,CUST00928,P006,Desk,Furniture,Bengaluru,Store,Debit Card,1,13051.4,0.2,13051.4,10441.12,0,1844.68,2025,3,March,Saturday,13051.4,10441.12
2025-03-15,ORD026034,CUST02457,P009,T-Shirt,Fashion,Chennai,Online,Credit Card,5,1089.19,0.0,5445.95,5445.95,0,705.7,2025,3,March,Saturday,5445.950000000001,5445.95
2025-03-15,ORD049033,CUST03883,P001,Laptop,Electronics,Ahmedabad,Online,Credit Card,1,69790.56,0.1,69790.56,62811.5,0,13585.25,2025,3,March,Saturday,69790.56,62811.504
2025-03-15,ORD024753,CUST04974,P020,Microwave,Home,Surat,Online,UPI,3,10943.28,0.1,32829.84,29546.86,0,2599.8,2025,3,March,Saturday,32829.840000000004,29546.855999999996
2025-03-15,ORD004349,CUST04628,P006,Desk,Furniture,Kolkata,Store,Net Banking,2,12995.05,0.05,25990.1,24690.59,0,6433.35,2025,3,March,Saturday,25990.1,24690.594999999998
2025-03-15,ORD024356,CUST02393,P003,Headphones,Electronics,Jaipur,Online,Credit Card,2,4695.31,0.1,9390.62,8451.56,1,-422.58,2025,3,March,Saturday,9390.62,8451.558
2025-03-15,ORD008253,CUST03041,P005,Office Chair,Furniture,Kolkata,Store,Net Banking,2,8779.66,0.05,17559.32,16681.35,0,2087.19,2025,3,March,Saturday,17559.32,16681.354
2025-03-15,ORD018166,CUST00663,P007,Backpack,Accessories,Delhi,Online,UPI,3,2259.77,0.1,6779.31,6101.38,1,-305.07,2025,3,March,Saturday,6779.3099999999995,6101.379000000001
2025-03-15,ORD016248,CUST02082,P005,Office Chair,Furniture,Pune,Store,UPI,1,10141.89,0.0,10141.89,10141.89,0,1933.07,2025,3,March,Saturday,10141.89,10141.89
2025-03-15,ORD011505,CUST00134,P014,Keyboard,Electronics,Mumbai,Online,Net Banking,1,2629.73,0.25,2629.73,1972.3,0,434.88,2025,3,March,Saturday,2629.73,1972.2975000000001
2025-03-15,ORD032884,CUST04990,P013,Monitor,Electronics,Hyderabad,Online,UPI,2,18581.67,0.1,37163.34,33447.01,0,8909.64,2025,3,March,Saturday,37163.34,33447.006
2025-03-15,ORD014959,CUST03897,P005,Office Chair,Furniture,Pune,Store,Net Banking,2,8700.44,0.1,17400.88,15660.79,0,1001.19,2025,3,March,Saturday,17400.88,15660.792000000001
2025-03-15,ORD040786,CUST00008,P011,Mixer Grinder,Home,Surat,Online,Credit Card,2,4697.58,0.1,9395.16,8455.64,0,2271.21,2025,3,March,Saturday,9395.16,8455.644
2025-03-15,ORD038858,CUST03635,P001,Laptop,Electronics,Pune,Store,Debit Card,4,68164.33,0.0,272657.32,272657.32,0,49544.31,2025,3,March,Saturday,272657.32,272657.32
2025-03-15,ORD044635,CUST01166,P004,Smartwatch,Electronics,Mumbai,Store,Cash,4,7445.81,0.1,29783.24,26804.92,0,5946.52,2025,3,March,Saturday,29783.24,26804.916
2025-03-15,ORD010434,CUST02824,P011,Mixer Grinder,Home,Delhi,Online,Credit Card,3,4552.49,0.1,13657.47,12291.72,0,3180.6,2025,3,March,Saturday,13657.47,12291.723
2025-03-15,ORD020025,CUST00375,P015,Dining Table,Furniture,Jaipur,Store,Net Banking,3,21147.27,0.1,63441.81,57097.63,0,8611.73,2025,3,March,Saturday,63441.81,57097.629
2025-03-15,ORD049696,CUST01043,P005,Office Chair,Furniture,Pune,Online,Credit Card,1,8830.63,0.1,8830.63,7947.57,1,-397.38,2025,3,March,Saturday,8830.63,7947.566999999999
2025-03-15,ORD015768,CUST03051,P006,Desk,Furniture,Surat,Online,Credit Card,5,11296.31,0.05,56481.55,53657.47,0,8704.57,2025,3,March,Saturday,56481.549999999996,53657.4725
2025-03-15,ORD022190,CUST03132,P014,Keyboard,Electronics,Pune,Online,UPI,5,2712.99,0.15,13564.95,11530.21,0,2073.99,2025,3,March,Saturday,13564.949999999999,11530.2075
2025-03-15,ORD047777,CUST00723,P007,Backpack,Accessories,Ahmedabad,Online,Cash,1,2264.5,0.15,2264.5,1924.82,0,447.37,2025,3,March,Saturday,2264.5,1924.825
2025-03-15,ORD042158,CUST02372,P013,Monitor,Electronics,Chennai,Store,UPI,1,16679.88,0.1,16679.88,15011.89,0,3096.98,2025,3,March,Saturday,16679.88,15011.892000000002
2025-03-15,ORD043230,CUST04008,P007,Backpack,Accessories,Mumbai,Store,UPI,2,1983.99,0.0,3967.98,3967.98,0,759.15,2025,3,March,Saturday,3967.98,3967.98
2025-03-15,ORD006466,CUST00501,P002,Smartphone,Electronics,Pune,Online,Cash,4,27064.7,0.0,108258.8,108258.8,1,-5412.94,2025,3,March,Saturday,108258.8,108258.8
2025-03-15,ORD018315,CUST00852,P006,Desk,Furniture,Chennai,Store,Cash,1,12963.78,0.1,12963.78,11667.4,0,2902.24,2025,3,March,Saturday,12963.78,11667.402
2025-03-15,ORD039123,CUST04254,P018,Jacket,Fashion,Chennai,Store,Credit Card,1,4681.23,0.05,4681.23,4447.17,0,490.8,2025,3,March,Saturday,4681.23,4447.1685
2025-03-15,ORD039283,CUST02236,P004,Smartwatch,Electronics,Pune,Store,UPI,1,7400.71,0.1,7400.71,6660.64,0,858.16,2025,3,March,Saturday,7400.71,6660.639
2025-03-15,ORD030223,CUST02422,P004,Smartwatch,Electronics,Ahmedabad,Online,UPI,5,6374.28,0.1,31871.4,28684.26,0,5640.22,2025,3,March,Saturday,31871.399999999998,28684.260000000002
2025-03-15,ORD026093,CUST02161,P019,Vacuum Cleaner,Home,Delhi,Store,Net Banking,1,9495.89,0.25,9495.89,7121.92,0,1639.91,2025,3,March,Saturday,9495.89,7121.9175
2025-03-15,ORD005665,CUST03112,P007,Backpack,Accessories,Chennai,Store,Credit Card,3,2132.69,0.0,6398.07,6398.07,0,702.99,2025,3,March,Saturday,6398.07,6398.07
2025-03-15,ORD047058,CUST01860,P011,Mixer Grinder,Home,Pune,Online,UPI,1,4594.26,0.1,4594.26,4134.83,0,719.44,2025,3,March,Saturday,4594.26,4134.834000000001
2025-03-15,ORD021212,CUST02540,P007,Backpack,Accessories,Hyderabad,Online,Credit Card,2,2130.6,0.15,4261.2,3622.02,0,213.03,2025,3,March,Saturday,4261.2,3622.0199999999995
2025-03-15,ORD016770,CUST04424,P001,Laptop,Electronics,Ahmedabad,Store,UPI,1,61648.23,0.05,61648.23,58565.82,0,5598.69,2025,3,March,Saturday,61648.23,58565.8185
2025-03-15,ORD007851,CUST01048,P001,Laptop,Electronics,Ahmedabad,Store,UPI,1,63567.56,0.15,63567.56,54032.43,0,11739.59,2025,3,March,Saturday,63567.56,54032.426
2025-03-15,ORD028711,CUST03030,P007,Backpack,Accessories,Hyderabad,Online,UPI,2,2093.84,0.2,4187.68,3350.14,0,155.82,2025,3,March,Saturday,4187.68,3350.1440000000002
2025-03-15,ORD027654,CUST03083,P006,Desk,Furniture,Kolkata,Store,UPI,1,11532.37,0.1,11532.37,10379.13,0,2208.4,2025,3,March,Saturday,11532.37,10379.133000000002
2025-03-15,ORD041603,CUST00721,P013,Monitor,Electronics,Jaipur,Online,Credit Card,1,17915.64,0.15,17915.64,15228.29,0,1921.59,2025,3,March,Saturday,17915.64,15228.294
2025-03-15,ORD045825,CUST04057,P002,Smartphone,Electronics,Kolkata,Online,Credit Card,1,27010.04,0.0,27010.04,27010.04,0,8097.7,2025,3,March,Saturday,27010.04,27010.04
2025-03-15,ORD002445,CUST01908,P005,Office Chair,Furniture,Surat,Online,Cash,1,9529.72,0.0,9529.72,9529.72,0,855.66,2025,3,March,Saturday,9529.72,9529.72
2025-03-15,ORD033942,CUST00983,P019,Vacuum Cleaner,Home,Hyderabad,Online,Debit Card,2,8927.35,0.15,17854.7,15176.5,0,1251.13,2025,3,March,Saturday,17854.7,15176.495
2025-03-15,ORD024124,CUST02642,P009,T-Shirt,Fashion,Pune,Online,Credit Card,1,1310.55,0.05,1310.55,1245.02,0,218.35,2025,3,March,Saturday,1310.55,1245.0224999999998
2025-03-15,ORD021456,CUST01805,P020,Microwave,Home,Delhi,Online,Debit Card,3,11015.45,0.1,33046.35,29741.72,0,2970.29,2025,3,March,Saturday,33046.350000000006,29741.715
2025-03-15,ORD003840,CUST04665,P012,Air Fryer,Home,Delhi,Online,Net Banking,1,7133.14,0.1,7133.14,6419.83,0,1288.73,2025,3,March,Saturday,7133.14,6419.826
2025-03-15,ORD045926,CUST02931,P011,Mixer Grinder,Home,Surat,Store,Credit Card,1,4896.36,0.15,4896.36,4161.91,0,423.7,2025,3,March,Saturday,4896.36,4161.906
2025-03-15,ORD033642,CUST01039,P016,Sofa,Furniture,Pune,Online,Credit Card,4,33864.6,0.2,135458.4,108366.72,1,-5418.34,2025,3,March,Saturday,135458.4,108366.72
2025-03-15,ORD046245,CUST00089,P011,Mixer Grinder,Home,Ahmedabad,Online,UPI,4,4335.74,0.25,17342.96,13007.22,0,2216.9,2025,3,March,Saturday,17342.96,13007.22
2025-03-15,ORD038078,CUST02780,P013,Monitor,Electronics,Mumbai,Online,Credit Card,1,17861.52,0.15,17861.52,15182.29,0,3704.17,2025,3,March,Saturday,17861.52,15182.292
2025-03-15,ORD036311,CUST01871,P012,Air Fryer,Home,Chennai,Online,UPI,1,7381.17,0.15,7381.17,6273.99,0,1464.28,2025,3,March,Saturday,7381.17,6273.9945
2025-03-15,ORD048301,CUST03305,P012,Air Fryer,Home,Jaipur,Store,Debit Card,1,7675.7,0.0,7675.7,7675.7,0,2168.07,2025,3,March,Saturday,7675.7,7675.7
2025-03-15,ORD002862,CUST00229,P012,Air Fryer,Home,Jaipur,Store,UPI,1,7539.94,0.15,7539.94,6408.95,0,1550.74,2025,3,March,Saturday,7539.94,6408.949
2025-03-15,ORD021872,CUST03684,P013,Monitor,Electronics,Surat,Online,UPI,1,16214.05,0.2,16214.05,12971.24,0,1143.3,2025,3,March,Saturday,16214.05,12971.24
2025-03-15,ORD020177,CUST01105,P013,Monitor,Electronics,Surat,Online,Credit Card,3,16421.78,0.1,49265.34,44338.81,0,6553.23,2025,3,March,Saturday,49265.34,44338.806
2025-03-15,ORD027931,CUST00180,P012,Air Fryer,Home,Pune,Online,Credit Card,1,7791.06,0.1,7791.06,7011.95,0,1202.65,2025,3,March,Saturday,7791.06,7011.954000000001
2025-03-15,ORD015054,CUST04856,P002,Smartphone,Electronics,Delhi,Online,UPI,1,27881.67,0.0,27881.67,27881.67,0,2329.18,2025,3,March,Saturday,27881.67,27881.67
2025-03-15,ORD010655,CUST04592,P010,Coffee Maker,Home,Mumbai,Store,UPI,2,5584.95,0.2,11169.9,8935.92,0,1121.94,2025,3,March,Saturday,11169.9,8935.92
2025-03-15,ORD001974,CUST04968,P008,Running Shoes,Fashion,Hyderabad,Online,UPI,1,3807.6,0.05,3807.6,3617.22,0,507.68,2025,3,March,Saturday,3807.6,3617.22
2025-03-15,ORD002932,CUST03019,P011,Mixer Grinder,Home,Kolkata,Online,Credit Card,2,4927.37,0.1,9854.74,8869.27,0,2380.64,2025,3,March,Saturday,9854.74,8869.266
2025-03-15,ORD008012,CUST02354,P016,Sofa,Furniture,Kolkata,Store,Net Banking,1,32372.28,0.2,32372.28,25897.82,0,6328.96,2025,3,March,Saturday,32372.28,25897.824
2025-03-15,ORD039912,CUST04864,P005,Office Chair,Furniture,Surat,Online,Debit Card,1,9713.69,0.2,9713.69,7770.95,1,-388.55,2025,3,March,Saturday,9713.69,7770.952000000001
2025-03-15,ORD040540,CUST02266,P016,Sofa,Furniture,Jaipur,Store,UPI,3,36021.49,0.05,108064.47,102661.25,1,-5133.06,2025,3,March,Saturday,108064.47,102661.2465
2025-03-15,ORD020114,CUST02040,P020,Microwave,Home,Ahmedabad,Online,Credit Card,2,11621.65,0.05,23243.3,22081.14,1,-1104.06,2025,3,March,Saturday,23243.3,22081.135
2025-03-15,ORD009717,CUST02772,P019,Vacuum Cleaner,Home,Surat,Store,UPI,1,8167.81,0.2,8167.81,6534.25,0,634.57,2025,3,March,Saturday,8167.81,6534.2480000000005
2025-03-15,ORD037390,CUST04502,P008,Running Shoes,Fashion,Mumbai,Store,Cash,1,4489.38,0.2,4489.38,3591.5,0,931.93,2025,3,March,Saturday,4489.38,3591.5040000000004
2025-03-15,ORD042871,CUST00614,P011,Mixer Grinder,Home,Surat,Online,Debit Card,1,4551.73,0.0,4551.73,4551.73,0,848.67,2025,3,March,Saturday,4551.73,4551.73
2025-03-15,ORD034185,CUST02048,P020,Microwave,Home,Kolkata,Online,UPI,1,11896.42,0.15,11896.42,10111.96,0,2018.96,2025,3,March,Saturday,11896.42,10111.957
2025-03-15,ORD015605,CUST03563,P011,Mixer Grinder,Home,Kolkata,Store,Cash,1,5110.82,0.15,5110.82,4344.2,0,878.31,2025,3,March,Saturday,5110.82,4344.196999999999
2025-03-16,ORD038492,CUST02684,P013,Monitor,Electronics,Kolkata,Online,UPI,2,17236.42,0.05,34472.84,32749.2,0,2679.69,2025,3,March,Sunday,34472.84,32749.197999999997
2025-03-16,ORD033774,CUST01011,P001,Laptop,Electronics,Ahmedabad,Store,Credit Card,2,60635.63,0.25,121271.26,90953.44,0,20103.38,2025,3,March,Sunday,121271.26,90953.44499999999
2025-03-16,ORD008126,CUST02710,P011,Mixer Grinder,Home,Delhi,Online,Credit Card,1,5110.36,0.1,5110.36,4599.32,0,817.8,2025,3,March,Sunday,5110.36,4599.324
2025-03-16,ORD028126,CUST03654,P017,Jeans,Fashion,Delhi,Store,Credit Card,4,3018.52,0.0,12074.08,12074.08,0,1648.39,2025,3,March,Sunday,12074.08,12074.08
2025-03-16,ORD042510,CUST00217,P012,Air Fryer,Home,Ahmedabad,Online,Credit Card,3,6651.57,0.15,19954.71,16961.5,0,3012.76,2025,3,March,Sunday,19954.71,16961.5035
2025-03-16,ORD040473,CUST02598,P012,Air Fryer,Home,Chennai,Store,Debit Card,1,7301.04,0.1,7301.04,6570.94,0,468.6,2025,3,March,Sunday,7301.04,6570.936
2025-03-16,ORD039317,CUST01773,P010,Coffee Maker,Home,Mumbai,Online,UPI,1,5428.64,0.05,5428.64,5157.21,0,413.57,2025,3,March,Sunday,5428.64,5157.208
2025-03-16,ORD009749,CUST02072,P009,T-Shirt,Fashion,Ahmedabad,Store,Credit Card,4,1229.55,0.1,4918.2,4426.38,0,875.95,2025,3,March,Sunday,4918.2,4426.38
2025-03-16,ORD045409,CUST01416,P018,Jacket,Fashion,Hyderabad,Store,Net Banking,1,4781.32,0.1,4781.32,4303.19,1,-215.16,2025,3,March,Sunday,4781.32,4303.188
2025-03-16,ORD036338,CUST03359,P017,Jeans,Fashion,Pune,Online,UPI,1,2806.35,0.05,2806.35,2666.03,0,736.25,2025,3,March,Sunday,2806.35,2666.0325
2025-03-16,ORD028353,CUST02666,P011,Mixer Grinder,Home,Hyderabad,Online,Credit Card,1,4573.0,0.15,4573.0,3887.05,0,635.73,2025,3,March,Sunday,4573.0,3887.0499999999997
2025-03-16,ORD010021,CUST04407,P007,Backpack,Accessories,Mumbai,Store,Cash,2,2072.48,0.0,4144.96,4144.96,0,672.15,2025,3,March,Sunday,4144.96,4144.96
2025-03-16,ORD019702,CUST00256,P004,Smartwatch,Electronics,Mumbai,Online,Credit Card,1,6645.33,0.05,6645.33,6313.06,0,1712.17,2025,3,March,Sunday,6645.33,6313.063499999999
2025-03-16,ORD035592,CUST00863,P014,Keyboard,Electronics,Delhi,Online,UPI,1,2441.85,0.1,2441.85,2197.66,0,156.29,2025,3,March,Sunday,2441.85,2197.665
2025-03-16,ORD006787,CUST00865,P012,Air Fryer,Home,Delhi,Online,Credit Card,1,7268.54,0.0,7268.54,7268.54,0,1517.33,2025,3,March,Sunday,7268.54,7268.54
2025-03-16,ORD000667,CUST01530,P003,Headphones,Electronics,Hyderabad,Online,Credit Card,3,4945.11,0.1,14835.33,13351.8,0,1018.7,2025,3,March,Sunday,14835.329999999998,13351.797
2025-03-16,ORD009673,CUST03564,P017,Jeans,Fashion,Surat,Store,UPI,1,2906.49,0.15,2906.49,2470.52,0,591.27,2025,3,March,Sunday,2906.49,2470.5164999999997
2025-03-16,ORD039419,CUST04305,P006,Desk,Furniture,Ahmedabad,Store,UPI,1,11224.04,0.05,11224.04,10662.84,0,933.6,2025,3,March,Sunday,11224.04,10662.838
2025-03-16,ORD012353,CUST03445,P009,T-Shirt,Fashion,Hyderabad,Online,UPI,1,1145.23,0.15,1145.23,973.45,0,261.54,2025,3,March,Sunday,1145.23,973.4455
2025-03-16,ORD037338,CUST04871,P007,Backpack,Accessories,Pune,Store,Credit Card,1,2110.98,0.1,2110.98,1899.88,0,278.49,2025,3,March,Sunday,2110.98,1899.882
2025-03-16,ORD029400,CUST03951,P008,Running Shoes,Fashion,Chennai,Online,Debit Card,3,4545.64,0.15,13636.92,11591.38,0,2618.68,2025,3,March,Sunday,13636.920000000002,11591.382
2025-03-16,ORD002611,CUST02917,P007,Backpack,Accessories,Ahmedabad,Online,UPI,4,2301.01,0.0,9204.04,9204.04,0,913.98,2025,3,March,Sunday,9204.04,9204.04
2025-03-16,ORD035078,CUST02434,P005,Office Chair,Furniture,Bengaluru,Online,Debit Card,2,9644.84,0.1,19289.68,17360.71,0,2305.86,2025,3,March,Sunday,19289.68,17360.712
2025-03-16,ORD014077,CUST02349,P009,T-Shirt,Fashion,Mumbai,Online,Cash,1,1219.13,0.1,1219.13,1097.22,0,142.12,2025,3,March,Sunday,1219.13,1097.217
2025-03-16,ORD024604,CUST04481,P011,Mixer Grinder,Home,Chennai,Online,Cash,1,5230.46,0.0,5230.46,5230.46,0,901.62,2025,3,March,Sunday,5230.46,5230.46
2025-03-16,ORD045601,CUST04079,P019,Vacuum Cleaner,Home,Delhi,Store,UPI,1,9093.5,0.1,9093.5,8184.15,0,1436.88,2025,3,March,Sunday,9093.5,8184.150000000001
2025-03-16,ORD014789,CUST01440,P012,Air Fryer,Home,Chennai,Store,Credit Card,1,7562.92,0.1,7562.92,6806.63,0,1171.38,2025,3,March,Sunday,7562.92,6806.628000000001
2025-03-16,ORD014855,CUST04645,P018,Jacket,Fashion,Bengaluru,Store,Credit Card,1,4840.15,0.2,4840.15,3872.12,1,-193.61,2025,3,March,Sunday,4840.15,3872.12
2025-03-16,ORD011509,CUST02503,P018,Jacket,Fashion,Hyderabad,Online,Credit Card,3,5578.22,0.05,16734.66,15897.93,0,2903.68,2025,3,March,Sunday,16734.66,15897.927
2025-03-16,ORD001248,CUST01666,P017,Jeans,Fashion,Mumbai,Online,Debit Card,1,2642.32,0.1,2642.32,2378.09,0,434.92,2025,3,March,Sunday,2642.32,2378.088
2025-03-16,ORD036808,CUST03715,P013,Monitor,Electronics,Delhi,Online,Credit Card,1,17651.42,0.0,17651.42,17651.42,0,2359.57,2025,3,March,Sunday,17651.42,17651.42
2025-03-16,ORD021466,CUST01741,P007,Backpack,Accessories,Pune,Online,Debit Card,2,2162.46,0.15,4324.92,3676.18,0,194.89,2025,3,March,Sunday,4324.92,3676.182
2025-03-16,ORD039512,CUST04173,P012,Air Fryer,Home,Delhi,Store,Credit Card,1,7893.23,0.1,7893.23,7103.91,0,613.81,2025,3,March,Sunday,7893.23,7103.907
2025-03-16,ORD025266,CUST01510,P008,Running Shoes,Fashion,Kolkata,Store,Credit Card,4,3852.79,0.1,15411.16,13870.04,0,2479.83,2025,3,March,Sunday,15411.16,13870.044
2025-03-16,ORD045248,CUST02300,P015,Dining Table,Furniture,Surat,Online,Credit Card,1,23536.65,0.05,23536.65,22359.82,0,1736.64,2025,3,March,Sunday,23536.65,22359.8175
2025-03-16,ORD037746,CUST02316,P002,Smartphone,Electronics,Jaipur,Store,Credit Card,2,26355.56,0.0,52711.12,52711.12,0,7598.73,2025,3,March,Sunday,52711.12,52711.12
2025-03-16,ORD047824,CUST02322,P009,T-Shirt,Fashion,Pune,Store,Cash,2,1155.75,0.1,2311.5,2080.35,0,301.81,2025,3,March,Sunday,2311.5,2080.35
2025-03-16,ORD017254,CUST01674,P005,Office Chair,Furniture,Hyderabad,Online,Net Banking,1,9995.26,0.0,9995.26,9995.26,0,1475.47,2025,3,March,Sunday,9995.26,9995.26
2025-03-16,ORD003016,CUST02193,P019,Vacuum Cleaner,Home,Mumbai,Store,Debit Card,2,8206.22,0.15,16412.44,13950.57,0,3100.56,2025,3,March,Sunday,16412.44,13950.573999999999
2025-03-16,ORD039044,CUST03767,P016,Sofa,Furniture,Delhi,Store,Credit Card,1,31630.15,0.05,31630.15,30048.64,1,-1502.43,2025,3,March,Sunday,31630.15,30048.6425
2025-03-16,ORD001230,CUST04861,P002,Smartphone,Electronics,Delhi,Online,Credit Card,1,26384.56,0.15,26384.56,22426.88,0,1437.78,2025,3,March,Sunday,26384.56,22426.876
2025-03-16,ORD036260,CUST04545,P020,Microwave,Home,Ahmedabad,Online,Debit Card,1,10451.99,0.15,10451.99,8884.19,0,1751.48,2025,3,March,Sunday,10451.99,8884.191499999999
2025-03-16,ORD002898,CUST01099,P001,Laptop,Electronics,Mumbai,Online,Credit Card,1,71497.91,0.15,71497.91,60773.22,0,12104.27,2025,3,March,Sunday,71497.91,60773.2235
2025-03-16,ORD015772,CUST02892,P003,Headphones,Electronics,Chennai,Online,Debit Card,3,4408.96,0.15,13226.88,11242.85,0,2738.16,2025,3,March,Sunday,13226.880000000001,11242.847999999998
2025-03-16,ORD035507,CUST03290,P018,Jacket,Fashion,Jaipur,Store,Cash,1,4760.99,0.15,4760.99,4046.84,0,887.52,2025,3,March,Sunday,4760.99,4046.8414999999995
2025-03-16,ORD013091,CUST04098,P003,Headphones,Electronics,Hyderabad,Store,UPI,2,4368.28,0.2,8736.56,6989.25,0,816.42,2025,3,March,Sunday,8736.56,6989.248
2025-03-16,ORD047002,CUST03813,P013,Monitor,Electronics,Bengaluru,Store,UPI,2,18298.68,0.1,36597.36,32937.62,0,2828.89,2025,3,March,Sunday,36597.36,32937.624
2025-03-16,ORD019467,CUST02952,P015,Dining Table,Furniture,Mumbai,Online,Credit Card,2,23058.4,0.0,46116.8,46116.8,0,8949.23,2025,3,March,Sunday,46116.8,46116.8
2025-03-16,ORD046779,CUST03514,P002,Smartphone,Electronics,Chennai,Online,Debit Card,1,29586.52,0.05,29586.52,28107.19,0,4895.74,2025,3,March,Sunday,29586.52,28107.194
2025-03-16,ORD043558,CUST00024,P010,Coffee Maker,Home,Ahmedabad,Online,UPI,2,5894.83,0.0,11789.66,11789.66,0,2094.19,2025,3,March,Sunday,11789.66,11789.66
2025-03-16,ORD011809,CUST01421,P015,Dining Table,Furniture,Hyderabad,Online,Credit Card,2,22164.51,0.05,44329.02,42112.57,0,5532.74,2025,3,March,Sunday,44329.02,42112.568999999996
2025-03-16,ORD018928,CUST04515,P019,Vacuum Cleaner,Home,Hyderabad,Online,Net Banking,1,8860.22,0.1,8860.22,7974.2,0,1079.23,2025,3,March,Sunday,8860.22,7974.197999999999
2025-03-16,ORD040334,CUST00331,P005,Office Chair,Furniture,Ahmedabad,Store,UPI,2,10289.89,0.0,20579.78,20579.78,0,2482.83,2025,3,March,Sunday,20579.78,20579.78
2025-03-16,ORD033489,CUST00157,P016,Sofa,Furniture,Mumbai,Online,Credit Card,2,34286.93,0.1,68573.86,61716.47,0,7096.32,2025,3,March,Sunday,68573.86,61716.474
2025-03-16,ORD049499,CUST01048,P018,Jacket,Fashion,Chennai,Online,Credit Card,3,4852.23,0.1,14556.69,13101.02,0,1017.09,2025,3,March,Sunday,14556.689999999999,13101.021
2025-03-16,ORD004914,CUST03857,P014,Keyboard,Electronics,Jaipur,Online,UPI,1,2397.39,0.0,2397.39,2397.39,0,348.59,2025,3,March,Sunday,2397.39,2397.39
2025-03-16,ORD000854,CUST00098,P011,Mixer Grinder,Home,Kolkata,Online,UPI,2,4728.0,0.15,9456.0,8037.6,0,870.53,2025,3,March,Sunday,9456.0,8037.599999999999
2025-03-16,ORD044090,CUST04442,P001,Laptop,Electronics,Pune,Store,UPI,4,71148.37,0.05,284593.48,270363.81,0,32686.74,2025,3,March,Sunday,284593.48,270363.806
2025-03-16,ORD035516,CUST04979,P009,T-Shirt,Fashion,Mumbai,Store,UPI,1,1088.82,0.05,1088.82,1034.38,0,170.23,2025,3,March,Sunday,1088.82,1034.379
2025-03-16,ORD038718,CUST03429,P016,Sofa,Furniture,Kolkata,Store,Net Banking,2,38047.31,0.05,76094.62,72289.89,0,19062.99,2025,3,March,Sunday,76094.62,72289.889
2025-03-16,ORD018068,CUST03224,P013,Monitor,Electronics,Kolkata,Online,Credit Card,1,16695.61,0.2,16695.61,13356.49,0,1098.49,2025,3,March,Sunday,16695.61,13356.488000000001
2025-03-16,ORD016365,CUST01734,P009,T-Shirt,Fashion,Jaipur,Online,UPI,1,1309.56,0.2,1309.56,1047.65,0,245.2,2025,3,March,Sunday,1309.56,1047.648
2025-03-16,ORD016076,CUST03085,P013,Monitor,Electronics,Hyderabad,Online,Credit Card,1,19335.97,0.05,19335.97,18369.17,0,2695.31,2025,3,March,Sunday,19335.97,18369.1715
2025-03-16,ORD019955,CUST00363,P018,Jacket,Fashion,Pune,Store,UPI,1,4906.49,0.15,4906.49,4170.52,0,1010.03,2025,3,March,Sunday,4906.49,4170.5165
2025-03-16,ORD029905,CUST00756,P003,Headphones,Electronics,Jaipur,Online,Debit Card,2,4205.5,0.05,8411.0,7990.45,0,896.33,2025,3,March,Sunday,8411.0,7990.45
2025-03-16,ORD023052,CUST04742,P010,Coffee Maker,Home,Kolkata,Online,UPI,2,5447.11,0.0,10894.22,10894.22,0,1895.8,2025,3,March,Sunday,10894.22,10894.22
2025-03-16,ORD002323,CUST00894,P012,Air Fryer,Home,Pune,Store,UPI,1,7425.9,0.05,7425.9,7054.6,0,852.54,2025,3,March,Sunday,7425.9,7054.605
2025-03-17,ORD012811,CUST03328,P019,Vacuum Cleaner,Home,Surat,Online,Credit Card,4,9698.98,0.1,38795.92,34916.33,0,9355.21,2025,3,March,Monday,38795.92,34916.328
2025-03-17,ORD029760,CUST00431,P014,Keyboard,Electronics,Kolkata,Online,UPI,3,2556.5,0.0,7669.5,7669.5,0,1858.35,2025,3,March,Monday,7669.5,7669.5
2025-03-17,ORD027503,CUST00973,P003,Headphones,Electronics,Chennai,Online,Debit Card,1,4712.94,0.0,4712.94,4712.94,0,1360.36,2025,3,March,Monday,4712.94,4712.94
2025-03-17,ORD045397,CUST00597,P002,Smartphone,Electronics,Kolkata,Store,UPI,2,29471.35,0.1,58942.7,53048.43,0,6756.91,2025,3,March,Monday,58942.7,53048.43
2025-03-17,ORD034879,CUST04127,P003,Headphones,Electronics,Surat,Online,Credit Card,1,4759.85,0.1,4759.85,4283.87,0,965.95,2025,3,March,Monday,4759.85,4283.865000000001
2025-03-17,ORD038427,CUST01107,P006,Desk,Furniture,Hyderabad,Online,Credit Card,1,13065.11,0.05,13065.11,12411.85,0,1758.77,2025,3,March,Monday,13065.11,12411.8545
2025-03-17,ORD036588,CUST02714,P005,Office Chair,Furniture,Jaipur,Online,Net Banking,3,9976.9,0.0,29930.7,29930.7,0,4569.39,2025,3,March,Monday,29930.699999999997,29930.7
2025-03-17,ORD015729,CUST00161,P019,Vacuum Cleaner,Home,Bengaluru,Store,Credit Card,1,8257.49,0.25,8257.49,6193.12,0,977.59,2025,3,March,Monday,8257.49,6193.1175
2025-03-17,ORD032346,CUST01417,P008,Running Shoes,Fashion,Chennai,Online,Net Banking,1,3798.01,0.2,3798.01,3038.41,0,141.95,2025,3,March,Monday,3798.01,3038.4080000000004
2025-03-17,ORD027538,CUST02137,P008,Running Shoes,Fashion,Pune,Online,UPI,3,3840.08,0.15,11520.24,9792.2,0,884.25,2025,3,March,Monday,11520.24,9792.204
2025-03-17,ORD025169,CUST04161,P007,Backpack,Accessories,Surat,Store,UPI,1,2154.94,0.1,2154.94,1939.45,0,394.67,2025,3,March,Monday,2154.94,1939.4460000000001
2025-03-17,ORD008185,CUST00570,P012,Air Fryer,Home,Delhi,Online,Debit Card,1,6595.73,0.2,6595.73,5276.58,0,333.82,2025,3,March,Monday,6595.73,5276.584
2025-03-17,ORD036405,CUST00621,P007,Backpack,Accessories,Kolkata,Store,Credit Card,1,2225.09,0.0,2225.09,2225.09,0,420.74,2025,3,March,Monday,2225.09,2225.09
2025-03-17,ORD026031,CUST03300,P019,Vacuum Cleaner,Home,Pune,Store,UPI,2,8877.45,0.1,17754.9,15979.41,0,2270.29,2025,3,March,Monday,17754.9,15979.410000000002
2025-03-17,ORD024595,CUST00196,P004,Smartwatch,Electronics,Surat,Online,Credit Card,2,6806.53,0.1,13613.06,12251.75,0,826.7,2025,3,March,Monday,13613.06,12251.753999999999
2025-03-17,ORD034948,CUST02674,P004,Smartwatch,Electronics,Pune,Online,UPI,2,6531.65,0.2,13063.3,10450.64,0,2630.44,2025,3,March,Monday,13063.3,10450.64
2025-03-17,ORD033626,CUST01025,P014,Keyboard,Electronics,Bengaluru,Store,UPI,1,2390.77,0.2,2390.77,1912.62,0,181.9,2025,3,March,Monday,2390.77,1912.616
2025-03-17,ORD007093,CUST02810,P020,Microwave,Home,Chennai,Online,Net Banking,1,11901.08,0.1,11901.08,10710.97,0,769.7,2025,3,March,Monday,11901.08,10710.972
2025-03-17,ORD002689,CUST02152,P004,Smartwatch,Electronics,Jaipur,Store,UPI,1,6854.17,0.2,6854.17,5483.34,0,515.59,2025,3,March,Monday,6854.17,5483.336
2025-03-17,ORD039079,CUST04275,P007,Backpack,Accessories,Pune,Online,Debit Card,1,2195.6,0.1,2195.6,1976.04,0,405.04,2025,3,March,Monday,2195.6,1976.04
2025-03-17,ORD043534,CUST02992,P003,Headphones,Electronics,Bengaluru,Online,Debit Card,2,4292.92,0.1,8585.84,7727.26,0,1525.74,2025,3,March,Monday,8585.84,7727.256
2025-03-17,ORD019574,CUST03769,P003,Headphones,Electronics,Surat,Online,Debit Card,1,4382.7,0.0,4382.7,4382.7,0,583.75,2025,3,March,Monday,4382.7,4382.7
2025-03-17,ORD016339,CUST02171,P008,Running Shoes,Fashion,Mumbai,Store,UPI,1,4420.44,0.0,4420.44,4420.44,0,911.86,2025,3,March,Monday,4420.44,4420.44
2025-03-17,ORD009082,CUST03071,P017,Jeans,Fashion,Hyderabad,Store,Credit Card,3,2807.05,0.05,8421.15,8000.09,0,944.57,2025,3,March,Monday,8421.150000000001,8000.092499999999
2025-03-17,ORD020971,CUST02951,P020,Microwave,Home,Jaipur,Online,Credit Card,1,9980.2,0.1,9980.2,8982.18,0,2497.91,2025,3,March,Monday,9980.2,8982.18
2025-03-17,ORD043622,CUST00081,P014,Keyboard,Electronics,Bengaluru,Online,Net Banking,5,2663.68,0.1,13318.4,11986.56,0,2250.72,2025,3,March,Monday,13318.4,11986.56
2025-03-17,ORD045808,CUST00847,P012,Air Fryer,Home,Ahmedabad,Online,UPI,1,7896.23,0.2,7896.23,6316.98,0,1533.87,2025,3,March,Monday,7896.23,6316.984
2025-03-17,ORD002807,CUST02589,P004,Smartwatch,Electronics,Mumbai,Online,UPI,1,6575.06,0.1,6575.06,5917.55,0,1491.42,2025,3,March,Monday,6575.06,5917.554
2025-03-17,ORD006731,CUST03528,P019,Vacuum Cleaner,Home,Surat,Online,Credit Card,1,9244.2,0.15,9244.2,7857.57,0,1323.45,2025,3,March,Monday,9244.2,7857.570000000001
2025-03-17,ORD014058,CUST03009,P020,Microwave,Home,Bengaluru,Online,UPI,4,11896.15,0.1,47584.6,42826.14,0,8318.71,2025,3,March,Monday,47584.6,42826.14
2025-03-17,ORD024213,CUST04635,P020,Microwave,Home,Bengaluru,Online,Credit Card,1,11360.06,0.1,11360.06,10224.05,0,1460.08,2025,3,March,Monday,11360.06,10224.054
2025-03-17,ORD044620,CUST01242,P011,Mixer Grinder,Home,Hyderabad,Online,UPI,1,4621.32,0.15,4621.32,3928.12,0,845.76,2025,3,March,Monday,4621.32,3928.122
2025-03-17,ORD001583,CUST04134,P008,Running Shoes,Fashion,Jaipur,Store,Debit Card,1,3994.62,0.1,3994.62,3595.16,0,1003.37,2025,3,March,Monday,3994.62,3595.158
2025-03-17,ORD048526,CUST01286,P016,Sofa,Furniture,Bengaluru,Store,Debit Card,1,38379.9,0.05,38379.9,36460.9,0,9793.24,2025,3,March,Monday,38379.9,36460.905
2025-03-17,ORD005406,CUST03511,P004,Smartwatch,Electronics,Pune,Online,UPI,3,6311.97,0.05,18935.91,17989.11,0,4660.21,2025,3,March,Monday,18935.91,17989.1145
2025-03-17,ORD031604,CUST04566,P016,Sofa,Furniture,Delhi,Online,UPI,3,33128.01,0.15,99384.03,84476.43,0,14047.1,2025,3,March,Monday,99384.03,84476.4255
2025-03-17,ORD047335,CUST01478,P007,Backpack,Accessories,Kolkata,Store,Debit Card,1,2383.84,0.1,2383.84,2145.46,0,438.91,2025,3,March,Monday,2383.84,2145.456
2025-03-17,ORD040392,CUST03512,P012,Air Fryer,Home,Bengaluru,Online,Cash,1,7913.06,0.15,7913.06,6726.1,0,1312.58,2025,3,March,Monday,7913.06,6726.101000000001
2025-03-17,ORD040656,CUST02701,P007,Backpack,Accessories,Ahmedabad,Online,Credit Card,1,2011.67,0.25,2011.67,1508.75,0,146.91,2025,3,March,Monday,2011.67,1508.7525
2025-03-17,ORD047173,CUST04853,P013,Monitor,Electronics,Delhi,Online,Debit Card,3,17049.64,0.0,51148.92,51148.92,0,14123.44,2025,3,March,Monday,51148.92,51148.92
2025-03-17,ORD034613,CUST01523,P004,Smartwatch,Electronics,Hyderabad,Online,Debit Card,2,6841.95,0.1,13683.9,12315.51,0,2859.05,2025,3,March,Monday,13683.9,12315.51
2025-03-17,ORD025852,CUST01861,P006,Desk,Furniture,Hyderabad,Store,Net Banking,1,12727.91,0.1,12727.91,11455.12,0,2751.56,2025,3,March,Monday,12727.91,11455.119
2025-03-17,ORD028978,CUST03814,P009,T-Shirt,Fashion,Jaipur,Online,Credit Card,1,1190.84,0.05,1190.84,1131.3,1,-56.56,2025,3,March,Monday,1190.84,1131.2979999999998
2025-03-17,ORD022943,CUST02391,P012,Air Fryer,Home,Surat,Online,Credit Card,1,7561.78,0.1,7561.78,6805.6,0,507.11,2025,3,March,Monday,7561.78,6805.602
2025-03-17,ORD034586,CUST00993,P002,Smartphone,Electronics,Jaipur,Online,UPI,2,28650.97,0.0,57301.94,57301.94,0,16894.55,2025,3,March,Monday,57301.94,57301.94
2025-03-17,ORD020611,CUST00794,P010,Coffee Maker,Home,Surat,Online,UPI,3,5880.41,0.05,17641.23,16759.17,0,4235.05,2025,3,March,Monday,17641.23,16759.1685
2025-03-17,ORD048454,CUST00840,P020,Microwave,Home,Bengaluru,Online,UPI,2,11829.47,0.1,23658.94,21293.05,0,2185.17,2025,3,March,Monday,23658.94,21293.046
2025-03-17,ORD009272,CUST04041,P013,Monitor,Electronics,Delhi,Store,UPI,1,19566.29,0.25,19566.29,14674.72,0,2356.55,2025,3,March,Monday,19566.29,14674.7175
2025-03-17,ORD030638,CUST04488,P013,Monitor,Electronics,Delhi,Online,UPI,2,16319.05,0.0,32638.1,32638.1,0,7896.12,2025,3,March,Monday,32638.1,32638.1
2025-03-17,ORD048233,CUST00830,P019,Vacuum Cleaner,Home,Ahmedabad,Store,Credit Card,1,8997.29,0.0,8997.29,8997.29,0,1038.65,2025,3,March,Monday,8997.29,8997.29
2025-03-17,ORD045907,CUST00345,P002,Smartphone,Electronics,Chennai,Online,UPI,1,29192.32,0.0,29192.32,29192.32,0,6616.4,2025,3,March,Monday,29192.32,29192.32
2025-03-17,ORD040163,CUST00657,P013,Monitor,Electronics,Bengaluru,Online,Credit Card,1,19070.96,0.0,19070.96,19070.96,0,2393.21,2025,3,March,Monday,19070.96,19070.96
2025-03-17,ORD048817,CUST01476,P015,Dining Table,Furniture,Mumbai,Online,Debit Card,3,20899.48,0.0,62698.44,62698.44,0,7349.2,2025,3,March,Monday,62698.44,62698.44
2025-03-17,ORD034138,CUST02645,P014,Keyboard,Electronics,Chennai,Online,Debit Card,1,2264.42,0.1,2264.42,2037.98,0,142.81,2025,3,March,Monday,2264.42,2037.978
2025-03-17,ORD039857,CUST00317,P003,Headphones,Electronics,Chennai,Store,Debit Card,2,4247.3,0.15,8494.6,7220.41,0,1374.49,2025,3,March,Monday,8494.6,7220.41
2025-03-17,ORD011981,CUST02122,P011,Mixer Grinder,Home,Delhi,Online,UPI,1,4795.3,0.2,4795.3,3836.24,0,848.81,2025,3,March,Monday,4795.3,3836.2400000000002
2025-03-17,ORD001316,CUST01572,P013,Monitor,Electronics,Bengaluru,Online,Credit Card,2,16209.39,0.15,32418.78,27555.96,0,4945.38,2025,3,March,Monday,32418.78,27555.963
2025-03-17,ORD029589,CUST01104,P001,Laptop,Electronics,Ahmedabad,Store,Credit Card,2,58923.39,0.05,117846.78,111954.44,0,19407.79,2025,3,March,Monday,117846.78,111954.44099999999
2025-03-17,ORD046841,CUST01514,P008,Running Shoes,Fashion,Pune,Online,Credit Card,2,4433.6,0.25,8867.2,6650.4,0,933.47,2025,3,March,Monday,8867.2,6650.400000000001
2025-03-17,ORD005175,CUST02662,P018,Jacket,Fashion,Pune,Online,Net Banking,1,5659.32,0.05,5659.32,5376.35,0,1405.4,2025,3,March,Monday,5659.32,5376.353999999999
2025-03-17,ORD011401,CUST02867,P018,Jacket,Fashion,Pune,Store,UPI,2,5065.29,0.1,10130.58,9117.52,1,-455.88,2025,3,March,Monday,10130.58,9117.522
2025-03-17,ORD029061,CUST03037,P004,Smartwatch,Electronics,Delhi,Online,UPI,1,7424.3,0.0,7424.3,7424.3,0,1109.3,2025,3,March,Monday,7424.3,7424.3
2025-03-17,ORD014268,CUST02704,P002,Smartphone,Electronics,Delhi,Store,UPI,1,26508.02,0.05,26508.02,25182.62,0,1951.36,2025,3,March,Monday,26508.02,25182.619
2025-03-17,ORD004250,CUST04083,P019,Vacuum Cleaner,Home,Hyderabad,Online,UPI,4,8580.51,0.0,34322.04,34322.04,0,7516.48,2025,3,March,Monday,34322.04,34322.04
2025-03-17,ORD037831,CUST01770,P002,Smartphone,Electronics,Kolkata,Store,Net Banking,1,26809.04,0.15,26809.04,22787.68,0,2631.61,2025,3,March,Monday,26809.04,22787.684
2025-03-17,ORD046686,CUST04806,P019,Vacuum Cleaner,Home,Jaipur,Store,Credit Card,2,8464.73,0.1,16929.46,15236.51,0,4202.02,2025,3,March,Monday,16929.46,15236.514
2025-03-17,ORD034513,CUST00937,P012,Air Fryer,Home,Ahmedabad,Store,UPI,1,7415.13,0.05,7415.13,7044.37,0,1345.44,2025,3,March,Monday,7415.13,7044.3735
2025-03-17,ORD016400,CUST01166,P017,Jeans,Fashion,Delhi,Store,Net Banking,2,2779.83,0.05,5559.66,5281.68,1,-264.08,2025,3,March,Monday,5559.66,5281.677
2025-03-17,ORD011471,CUST01155,P018,Jacket,Fashion,Surat,Online,UPI,1,4846.96,0.15,4846.96,4119.92,0,389.55,2025,3,March,Monday,4846.96,4119.916
2025-03-18,ORD010369,CUST02817,P015,Dining Table,Furniture,Pune,Online,Debit Card,1,23533.08,0.0,23533.08,23533.08,0,7032.53,2025,3,March,Tuesday,23533.08,23533.08
2025-03-18,ORD041811,CUST03984,P007,Backpack,Accessories,Pune,Online,Debit Card,1,2260.23,0.25,2260.23,1695.17,0,329.08,2025,3,March,Tuesday,2260.23,1695.1725000000001
2025-03-18,ORD047466,CUST01915,P018,Jacket,Fashion,Jaipur,Online,Cash,1,4775.55,0.15,4775.55,4059.22,0,517.5,2025,3,March,Tuesday,4775.55,4059.2175
2025-03-18,ORD032068,CUST03964,P008,Running Shoes,Fashion,Ahmedabad,Online,Debit Card,1,4542.34,0.1,4542.34,4088.11,0,972.59,2025,3,March,Tuesday,4542.34,4088.106
2025-03-18,ORD017108,CUST01874,P019,Vacuum Cleaner,Home,Delhi,Store,Debit Card,1,9123.8,0.0,9123.8,9123.8,0,1029.88,2025,3,March,Tuesday,9123.8,9123.8
2025-03-18,ORD030900,CUST01978,P010,Coffee Maker,Home,Mumbai,Online,Debit Card,2,5537.94,0.0,11075.88,11075.88,0,935.49,2025,3,March,Tuesday,11075.88,11075.88
2025-03-18,ORD025068,CUST02313,P013,Monitor,Electronics,Surat,Online,UPI,2,17265.35,0.1,34530.7,31077.63,0,2177.1,2025,3,March,Tuesday,34530.7,31077.629999999997
2025-03-18,ORD040705,CUST00504,P002,Smartphone,Electronics,Bengaluru,Online,Debit Card,1,27109.41,0.0,27109.41,27109.41,0,3235.05,2025,3,March,Tuesday,27109.41,27109.41
2025-03-18,ORD006707,CUST01342,P010,Coffee Maker,Home,Delhi,Online,Credit Card,1,5075.7,0.1,5075.7,4568.13,0,416.9,2025,3,March,Tuesday,5075.7,4568.13
2025-03-18,ORD012661,CUST03574,P017,Jeans,Fashion,Ahmedabad,Online,UPI,1,2587.61,0.05,2587.61,2458.23,0,452.21,2025,3,March,Tuesday,2587.61,2458.2295
2025-03-18,ORD040723,CUST02129,P010,Coffee Maker,Home,Kolkata,Online,Credit Card,2,5526.15,0.0,11052.3,11052.3,0,3237.89,2025,3,March,Tuesday,11052.3,11052.3
2025-03-18,ORD010661,CUST01792,P006,Desk,Furniture,Ahmedabad,Online,UPI,3,10823.5,0.05,32470.5,30846.98,0,2410.25,2025,3,March,Tuesday,32470.5,30846.975
2025-03-18,ORD007624,CUST04768,P004,Smartwatch,Electronics,Delhi,Online,Cash,1,7323.89,0.0,7323.89,7323.89,0,1089.88,2025,3,March,Tuesday,7323.89,7323.89
2025-03-18,ORD032305,CUST03073,P016,Sofa,Furniture,Mumbai,Store,UPI,1,31566.72,0.1,31566.72,28410.05,0,6659.32,2025,3,March,Tuesday,31566.72,28410.048000000003
2025-03-18,ORD027283,CUST01953,P005,Office Chair,Furniture,Ahmedabad,Store,UPI,1,9481.03,0.1,9481.03,8532.93,0,2034.38,2025,3,March,Tuesday,9481.03,8532.927000000001
2025-03-18,ORD039372,CUST01939,P002,Smartphone,Electronics,Hyderabad,Online,Net Banking,3,25620.18,0.0,76860.54,76860.54,0,15016.08,2025,3,March,Tuesday,76860.54000000001,76860.54
2025-03-18,ORD033578,CUST03337,P013,Monitor,Electronics,Mumbai,Online,UPI,2,18938.9,0.1,37877.8,34090.02,0,7521.89,2025,3,March,Tuesday,37877.8,34090.020000000004
2025-03-18,ORD027014,CUST00836,P004,Smartwatch,Electronics,Delhi,Online,Debit Card,1,6673.32,0.1,6673.32,6005.99,0,1654.32,2025,3,March,Tuesday,6673.32,6005.988
2025-03-18,ORD030354,CUST04739,P006,Desk,Furniture,Chennai,Online,Cash,1,12775.02,0.2,12775.02,10220.02,0,2378.34,2025,3,March,Tuesday,12775.02,10220.016000000001
2025-03-18,ORD028500,CUST01821,P020,Microwave,Home,Hyderabad,Online,Credit Card,1,12021.52,0.0,12021.52,12021.52,0,1134.35,2025,3,March,Tuesday,12021.52,12021.52
2025-03-18,ORD041124,CUST03034,P004,Smartwatch,Electronics,Hyderabad,Store,Credit Card,1,6878.65,0.05,6878.65,6534.72,0,1288.45,2025,3,March,Tuesday,6878.65,6534.7175
2025-03-18,ORD048275,CUST00902,P003,Headphones,Electronics,Kolkata,Store,UPI,2,4689.68,0.15,9379.36,7972.46,0,1488.29,2025,3,March,Tuesday,9379.36,7972.456
2025-03-18,ORD048160,CUST02324,P006,Desk,Furniture,Mumbai,Online,Credit Card,1,11054.85,0.05,11054.85,10502.11,0,884.21,2025,3,March,Tuesday,11054.85,10502.1075
2025-03-18,ORD042406,CUST04161,P014,Keyboard,Electronics,Mumbai,Store,Debit Card,1,2332.19,0.2,2332.19,1865.75,0,320.39,2025,3,March,Tuesday,2332.19,1865.7520000000002
2025-03-18,ORD042984,CUST02070,P018,Jacket,Fashion,Mumbai,Online,UPI,1,5183.22,0.0,5183.22,5183.22,0,761.26,2025,3,March,Tuesday,5183.22,5183.22
2025-03-18,ORD024007,CUST01656,P002,Smartphone,Electronics,Chennai,Online,Credit Card,1,30692.32,0.05,30692.32,29157.7,0,4158.57,2025,3,March,Tuesday,30692.32,29157.703999999998
2025-03-18,ORD030373,CUST00691,P012,Air Fryer,Home,Ahmedabad,Online,UPI,1,6959.77,0.1,6959.77,6263.79,0,885.3,2025,3,March,Tuesday,6959.77,6263.793000000001
2025-03-18,ORD018833,CUST00573,P007,Backpack,Accessories,Pune,Online,UPI,4,2193.31,0.0,8773.24,8773.24,0,2259.12,2025,3,March,Tuesday,8773.24,8773.24
2025-03-18,ORD048079,CUST04527,P003,Headphones,Electronics,Jaipur,Store,Credit Card,2,4701.97,0.2,9403.94,7523.15,0,1948.03,2025,3,March,Tuesday,9403.94,7523.152000000001
2025-03-18,ORD033569,CUST02657,P001,Laptop,Electronics,Ahmedabad,Online,Credit Card,1,63927.63,0.15,63927.63,54338.49,0,14213.81,2025,3,March,Tuesday,63927.63,54338.485499999995
2025-03-18,ORD026847,CUST02155,P001,Laptop,Electronics,Pune,Store,UPI,2,58550.1,0.0,117100.2,117100.2,0,18647.69,2025,3,March,Tuesday,117100.2,117100.2
2025-03-18,ORD019575,CUST03588,P008,Running Shoes,Fashion,Ahmedabad,Online,Credit Card,2,3996.71,0.0,7993.42,7993.42,0,2380.88,2025,3,March,Tuesday,7993.42,7993.42
2025-03-18,ORD039525,CUST01362,P015,Dining Table,Furniture,Delhi,Online,Credit Card,2,21786.68,0.2,43573.36,34858.69,0,2933.83,2025,3,March,Tuesday,43573.36,34858.688
2025-03-18,ORD033477,CUST00234,P004,Smartwatch,Electronics,Hyderabad,Online,UPI,1,7402.54,0.05,7402.54,7032.41,0,1342.43,2025,3,March,Tuesday,7402.54,7032.413
2025-03-18,ORD048167,CUST00903,P004,Smartwatch,Electronics,Pune,Online,Cash,2,6418.64,0.2,12837.28,10269.82,0,1004.05,2025,3,March,Tuesday,12837.28,10269.824
2025-03-18,ORD032097,CUST00610,P002,Smartphone,Electronics,Delhi,Online,Net Banking,3,30096.88,0.05,90290.64,85776.11,0,8740.54,2025,3,March,Tuesday,90290.64,85776.108
2025-03-18,ORD003070,CUST02084,P016,Sofa,Furniture,Delhi,Online,Debit Card,2,37193.75,0.0,74387.5,74387.5,0,13132.55,2025,3,March,Tuesday,74387.5,74387.5
2025-03-18,ORD049789,CUST04723,P014,Keyboard,Electronics,Mumbai,Online,UPI,1,2744.1,0.0,2744.1,2744.1,0,753.81,2025,3,March,Tuesday,2744.1,2744.1
2025-03-18,ORD001636,CUST02075,P016,Sofa,Furniture,Jaipur,Store,Credit Card,2,36166.53,0.1,72333.06,65099.75,0,9267.22,2025,3,March,Tuesday,72333.06,65099.754
2025-03-18,ORD034645,CUST04189,P005,Office Chair,Furniture,Delhi,Online,UPI,1,9555.7,0.0,9555.7,9555.7,0,2044.23,2025,3,March,Tuesday,9555.7,9555.7
2025-03-18,ORD037490,CUST04167,P005,Office Chair,Furniture,Kolkata,Online,UPI,1,9841.25,0.1,9841.25,8857.12,0,1031.64,2025,3,March,Tuesday,9841.25,8857.125
2025-03-18,ORD022371,CUST04123,P016,Sofa,Furniture,Surat,Online,UPI,2,33062.84,0.25,66125.68,49594.26,0,2996.65,2025,3,March,Tuesday,66125.68,49594.259999999995
2025-03-18,ORD012142,CUST03244,P005,Office Chair,Furniture,Ahmedabad,Online,Debit Card,1,10323.28,0.1,10323.28,9290.95,0,1028.97,2025,3,March,Tuesday,10323.28,9290.952000000001
2025-03-18,ORD029568,CUST04879,P017,Jeans,Fashion,Chennai,Online,Credit Card,2,2883.12,0.15,5766.24,4901.3,0,708.51,2025,3,March,Tuesday,5766.24,4901.304
2025-03-18,ORD032915,CUST04989,P004,Smartwatch,Electronics,Surat,Online,UPI,1,6441.28,0.25,6441.28,4830.96,0,430.42,2025,3,March,Tuesday,6441.28,4830.96
2025-03-18,ORD035882,CUST00547,P013,Monitor,Electronics,Chennai,Online,Debit Card,2,17598.74,0.05,35197.48,33437.61,0,9058.83,2025,3,March,Tuesday,35197.48,33437.606
2025-03-18,ORD015596,CUST00801,P001,Laptop,Electronics,Jaipur,Online,Net Banking,3,71498.3,0.1,214494.9,193045.41,0,18849.9,2025,3,March,Tuesday,214494.90000000002,193045.41
2025-03-18,ORD004977,CUST03098,P017,Jeans,Fashion,Surat,Online,Credit Card,1,3025.83,0.1,3025.83,2723.25,0,237.67,2025,3,March,Tuesday,3025.83,2723.247
2025-03-18,ORD021448,CUST04209,P016,Sofa,Furniture,Bengaluru,Online,Cash,3,34055.41,0.05,102166.23,97057.92,0,20607.95,2025,3,March,Tuesday,102166.23000000001,97057.91849999999
2025-03-18,ORD043986,CUST03925,P017,Jeans,Fashion,Ahmedabad,Store,Debit Card,4,2527.5,0.15,10110.0,8593.5,0,1381.89,2025,3,March,Tuesday,10110.0,8593.5
2025-03-18,ORD012057,CUST01695,P003,Headphones,Electronics,Chennai,Online,Credit Card,5,4214.62,0.0,21073.1,21073.1,0,2744.18,2025,3,March,Tuesday,21073.1,21073.1
2025-03-18,ORD016500,CUST02202,P012,Air Fryer,Home,Pune,Online,Net Banking,1,6920.27,0.0,6920.27,6920.27,0,1482.04,2025,3,March,Tuesday,6920.27,6920.27
2025-03-18,ORD007903,CUST02070,P016,Sofa,Furniture,Hyderabad,Online,Credit Card,2,36682.18,0.15,73364.36,62359.71,0,6184.18,2025,3,March,Tuesday,73364.36,62359.706
2025-03-18,ORD022009,CUST00623,P006,Desk,Furniture,Kolkata,Online,Credit Card,2,11596.88,0.05,23193.76,22034.07,0,4047.75,2025,3,March,Tuesday,23193.76,22034.071999999996
2025-03-18,ORD010907,CUST04972,P013,Monitor,Electronics,Delhi,Online,UPI,1,17431.98,0.1,17431.98,15688.78,0,3130.04,2025,3,March,Tuesday,17431.98,15688.782
2025-03-18,ORD011899,CUST04246,P012,Air Fryer,Home,Ahmedabad,Store,Net Banking,1,7637.83,0.1,7637.83,6874.05,0,882.35,2025,3,March,Tuesday,7637.83,6874.0470000000005
2025-03-18,ORD016070,CUST04641,P013,Monitor,Electronics,Jaipur,Online,UPI,3,18198.09,0.15,54594.27,46405.13,0,7040.88,2025,3,March,Tuesday,54594.270000000004,46405.129499999995
2025-03-18,ORD005162,CUST03427,P018,Jacket,Fashion,Jaipur,Online,UPI,1,4789.87,0.15,4789.87,4071.39,0,479.44,2025,3,March,Tuesday,4789.87,4071.3894999999998
2025-03-18,ORD044272,CUST03409,P011,Mixer Grinder,Home,Ahmedabad,Store,Credit Card,2,4618.66,0.15,9237.32,7851.72,0,1350.53,2025,3,March,Tuesday,9237.32,7851.722
2025-03-18,ORD030052,CUST00929,P014,Keyboard,Electronics,Chennai,Online,UPI,3,2575.81,0.0,7727.43,7727.43,0,1702.32,2025,3,March,Tuesday,7727.43,7727.43
2025-03-18,ORD005731,CUST00038,P006,Desk,Furniture,Pune,Online,Credit Card,1,11655.32,0.1,11655.32,10489.79,0,1993.85,2025,3,March,Tuesday,11655.32,10489.788
2025-03-18,ORD033038,CUST01457,P020,Microwave,Home,Bengaluru,Online,Debit Card,1,10569.99,0.05,10569.99,10041.49,0,2645.15,2025,3,March,Tuesday,10569.99,10041.4905
2025-03-18,ORD017506,CUST00789,P007,Backpack,Accessories,Jaipur,Online,UPI,1,2186.55,0.0,2186.55,2186.55,0,426.41,2025,3,March,Tuesday,2186.55,2186.55
2025-03-18,ORD022554,CUST04290,P014,Keyboard,Electronics,Surat,Store,Debit Card,2,2469.25,0.2,4938.5,3950.8,0,302.69,2025,3,March,Tuesday,4938.5,3950.8
2025-03-18,ORD030241,CUST00637,P008,Running Shoes,Fashion,Bengaluru,Online,Debit Card,4,4553.3,0.0,18213.2,18213.2,0,4259.39,2025,3,March,Tuesday,18213.2,18213.2
2025-03-18,ORD036214,CUST03075,P006,Desk,Furniture,Mumbai,Online,UPI,3,12116.47,0.05,36349.41,34531.94,0,9012.71,2025,3,March,Tuesday,36349.409999999996,34531.9395
2025-03-18,ORD026104,CUST01078,P019,Vacuum Cleaner,Home,Chennai,Store,UPI,1,9329.16,0.05,9329.16,8862.7,0,1427.24,2025,3,March,Tuesday,9329.16,8862.702
2025-03-19,ORD024535,CUST04522,P016,Sofa,Furniture,Pune,Online,UPI,1,37292.31,0.2,37292.31,29833.85,1,-1491.69,2025,3,March,Wednesday,37292.31,29833.847999999998
2025-03-19,ORD047311,CUST00874,P020,Microwave,Home,Surat,Store,Credit Card,1,9964.73,0.15,9964.73,8470.02,0,1817.77,2025,3,March,Wednesday,9964.73,8470.020499999999
2025-03-19,ORD043959,CUST03890,P001,Laptop,Electronics,Delhi,Store,Credit Card,2,60544.4,0.0,121088.8,121088.8,0,19268.25,2025,3,March,Wednesday,121088.8,121088.8
2025-03-19,ORD040796,CUST01867,P002,Smartphone,Electronics,Hyderabad,Online,Net Banking,1,28756.37,0.1,28756.37,25880.73,0,5418.77,2025,3,March,Wednesday,28756.37,25880.733
2025-03-19,ORD040403,CUST01248,P008,Running Shoes,Fashion,Jaipur,Store,UPI,2,3839.31,0.1,7678.62,6910.76,0,1650.78,2025,3,March,Wednesday,7678.62,6910.758
2025-03-19,ORD032292,CUST01628,P019,Vacuum Cleaner,Home,Delhi,Store,Credit Card,1,8900.15,0.05,8900.15,8455.14,1,-422.76,2025,3,March,Wednesday,8900.15,8455.1425
2025-03-19,ORD010961,CUST02602,P011,Mixer Grinder,Home,Mumbai,Online,UPI,4,5047.22,0.1,20188.88,18169.99,0,4270.73,2025,3,March,Wednesday,20188.88,18169.992000000002
2025-03-19,ORD030571,CUST03593,P004,Smartwatch,Electronics,Pune,Online,Credit Card,1,6687.5,0.05,6687.5,6353.12,0,1220.85,2025,3,March,Wednesday,6687.5,6353.125
2025-03-19,ORD043665,CUST02568,P015,Dining Table,Furniture,Hyderabad,Online,UPI,3,20381.99,0.0,61145.97,61145.97,0,14257.82,2025,3,March,Wednesday,61145.97,61145.97
2025-03-19,ORD016311,CUST02742,P006,Desk,Furniture,Pune,Store,Credit Card,1,12484.12,0.0,12484.12,12484.12,0,1688.86,2025,3,March,Wednesday,12484.12,12484.12
2025-03-19,ORD013538,CUST03233,P013,Monitor,Electronics,Kolkata,Online,Debit Card,2,18543.32,0.25,37086.64,27814.98,0,1304.22,2025,3,March,Wednesday,37086.64,27814.98
2025-03-19,ORD037409,CUST00235,P014,Keyboard,Electronics,Surat,Online,UPI,1,2433.95,0.0,2433.95,2433.95,1,-121.7,2025,3,March,Wednesday,2433.95,2433.95
2025-03-19,ORD001187,CUST00794,P015,Dining Table,Furniture,Hyderabad,Online,UPI,2,23756.24,0.1,47512.48,42761.23,0,7361.06,2025,3,March,Wednesday,47512.48,42761.232
2025-03-19,ORD025575,CUST04884,P018,Jacket,Fashion,Hyderabad,Online,Cash,3,5386.06,0.15,16158.18,13734.45,0,2332.13,2025,3,March,Wednesday,16158.18,13734.453
2025-03-19,ORD001119,CUST04175,P005,Office Chair,Furniture,Chennai,Store,Credit Card,1,9070.36,0.0,9070.36,9070.36,0,2320.55,2025,3,March,Wednesday,9070.36,9070.36
2025-03-19,ORD044392,CUST04883,P003,Headphones,Electronics,Ahmedabad,Store,Debit Card,2,4804.09,0.0,9608.18,9608.18,0,1803.01,2025,3,March,Wednesday,9608.18,9608.18
2025-03-19,ORD045950,CUST03453,P015,Dining Table,Furniture,Hyderabad,Store,UPI,1,22083.84,0.05,22083.84,20979.65,0,5492.37,2025,3,March,Wednesday,22083.84,20979.647999999997
2025-03-19,ORD014266,CUST03461,P004,Smartwatch,Electronics,Jaipur,Online,Cash,1,6442.67,0.05,6442.67,6120.54,0,976.3,2025,3,March,Wednesday,6442.67,6120.5365
2025-03-19,ORD045979,CUST04207,P009,T-Shirt,Fashion,Hyderabad,Store,UPI,1,1125.45,0.2,1125.45,900.36,0,101.47,2025,3,March,Wednesday,1125.45,900.3600000000001
2025-03-19,ORD035925,CUST02392,P019,Vacuum Cleaner,Home,Surat,Store,UPI,1,8149.62,0.1,8149.62,7334.66,0,1470.38,2025,3,March,Wednesday,8149.62,7334.658
2025-03-19,ORD002217,CUST00412,P014,Keyboard,Electronics,Hyderabad,Online,Net Banking,1,2268.42,0.15,2268.42,1928.16,0,372.06,2025,3,March,Wednesday,2268.42,1928.157
2025-03-19,ORD027846,CUST00230,P005,Office Chair,Furniture,Bengaluru,Online,UPI,1,9264.89,0.05,9264.89,8801.65,0,2462.87,2025,3,March,Wednesday,9264.89,8801.645499999999
2025-03-19,ORD016712,CUST02838,P008,Running Shoes,Fashion,Bengaluru,Online,UPI,1,4043.67,0.1,4043.67,3639.3,0,482.28,2025,3,March,Wednesday,4043.67,3639.3030000000003
2025-03-19,ORD041629,CUST02830,P014,Keyboard,Electronics,Jaipur,Online,UPI,2,2301.56,0.05,4603.12,4372.96,1,-218.65,2025,3,March,Wednesday,4603.12,4372.964
2025-03-19,ORD006316,CUST04572,P017,Jeans,Fashion,Jaipur,Online,UPI,1,2802.13,0.25,2802.13,2101.6,0,297.55,2025,3,March,Wednesday,2802.13,2101.5975
2025-03-19,ORD030129,CUST02479,P016,Sofa,Furniture,Ahmedabad,Store,Net Banking,3,33373.06,0.1,100119.18,90107.26,0,7169.67,2025,3,March,Wednesday,100119.18,90107.262
2025-03-19,ORD029347,CUST04801,P001,Laptop,Electronics,Bengaluru,Online,Debit Card,2,61132.41,0.15,122264.82,103925.1,0,8902.17,2025,3,March,Wednesday,122264.82,103925.09700000001
2025-03-19,ORD002324,CUST02877,P011,Mixer Grinder,Home,Kolkata,Online,Credit Card,1,5247.98,0.1,5247.98,4723.18,0,989.86,2025,3,March,Wednesday,5247.98,4723.182
2025-03-19,ORD047469,CUST00588,P011,Mixer Grinder,Home,Bengaluru,Online,UPI,1,4855.43,0.05,4855.43,4612.66,0,1165.54,2025,3,March,Wednesday,4855.43,4612.6585000000005
2025-03-19,ORD002321,CUST02068,P017,Jeans,Fashion,Mumbai,Online,Net Banking,4,2685.22,0.15,10740.88,9129.75,0,598.71,2025,3,March,Wednesday,10740.88,9129.748
2025-03-19,ORD006034,CUST03001,P019,Vacuum Cleaner,Home,Jaipur,Online,UPI,1,9476.25,0.05,9476.25,9002.44,0,2067.52,2025,3,March,Wednesday,9476.25,9002.4375
2025-03-19,ORD014562,CUST04251,P015,Dining Table,Furniture,Delhi,Online,UPI,1,24041.99,0.05,24041.99,22839.89,0,3324.98,2025,3,March,Wednesday,24041.99,22839.8905
2025-03-19,ORD018653,CUST03866,P016,Sofa,Furniture,Ahmedabad,Online,Credit Card,1,33477.94,0.0,33477.94,33477.94,0,3113.02,2025,3,March,Wednesday,33477.94,33477.94
2025-03-19,ORD033512,CUST03683,P001,Laptop,Electronics,Pune,Online,Cash,1,59135.14,0.1,59135.14,53221.63,0,11403.95,2025,3,March,Wednesday,59135.14,53221.626000000004
2025-03-19,ORD029364,CUST01222,P018,Jacket,Fashion,Kolkata,Store,Credit Card,1,5631.46,0.15,5631.46,4786.74,0,613.81,2025,3,March,Wednesday,5631.46,4786.741
2025-03-19,ORD012907,CUST00922,P009,T-Shirt,Fashion,Chennai,Online,Net Banking,1,1163.57,0.0,1163.57,1163.57,0,103.65,2025,3,March,Wednesday,1163.57,1163.57
2025-03-19,ORD026542,CUST01981,P005,Office Chair,Furniture,Pune,Store,Credit Card,1,8886.66,0.15,8886.66,7553.66,0,807.24,2025,3,March,Wednesday,8886.66,7553.661
2025-03-19,ORD006021,CUST03542,P010,Coffee Maker,Home,Pune,Online,UPI,4,5876.0,0.0,23504.0,23504.0,0,6732.35,2025,3,March,Wednesday,23504.0,23504.0
2025-03-19,ORD026546,CUST01020,P015,Dining Table,Furniture,Hyderabad,Store,Credit Card,1,22741.8,0.2,22741.8,18193.44,0,3435.89,2025,3,March,Wednesday,22741.8,18193.44
2025-03-19,ORD032219,CUST02691,P016,Sofa,Furniture,Surat,Online,UPI,3,35713.85,0.15,107141.55,91070.32,0,9646.74,2025,3,March,Wednesday,107141.54999999999,91070.3175
2025-03-19,ORD011793,CUST01881,P018,Jacket,Fashion,Ahmedabad,Online,UPI,4,5223.63,0.15,20894.52,17760.34,0,2037.29,2025,3,March,Wednesday,20894.52,17760.342
2025-03-19,ORD026340,CUST01305,P011,Mixer Grinder,Home,Bengaluru,Online,Credit Card,5,5112.86,0.1,25564.3,23007.87,0,5859.41,2025,3,March,Wednesday,25564.3,23007.87
2025-03-19,ORD029917,CUST01116,P019,Vacuum Cleaner,Home,Jaipur,Online,Net Banking,4,8154.61,0.1,32618.44,29356.6,0,7846.33,2025,3,March,Wednesday,32618.44,29356.595999999998
2025-03-19,ORD021932,CUST03188,P018,Jacket,Fashion,Kolkata,Store,UPI,1,5305.97,0.05,5305.97,5040.67,0,1397.32,2025,3,March,Wednesday,5305.97,5040.6715
2025-03-19,ORD005998,CUST00913,P011,Mixer Grinder,Home,Delhi,Online,UPI,5,4929.9,0.0,24649.5,24649.5,0,5919.62,2025,3,March,Wednesday,24649.5,24649.5
2025-03-19,ORD032150,CUST02360,P017,Jeans,Fashion,Bengaluru,Online,UPI,1,2679.34,0.05,2679.34,2545.37,0,559.29,2025,3,March,Wednesday,2679.34,2545.373
2025-03-19,ORD032269,CUST01034,P005,Office Chair,Furniture,Pune,Store,UPI,2,8641.76,0.05,17283.52,16419.34,0,2196.11,2025,3,March,Wednesday,17283.52,16419.344
2025-03-19,ORD010263,CUST03225,P011,Mixer Grinder,Home,Kolkata,Store,Cash,1,4358.18,0.1,4358.18,3922.36,0,932.73,2025,3,March,Wednesday,4358.18,3922.3620000000005
2025-03-19,ORD034186,CUST04141,P010,Coffee Maker,Home,Jaipur,Store,Credit Card,1,5293.71,0.2,5293.71,4234.97,1,-211.75,2025,3,March,Wednesday,5293.71,4234.968
2025-03-19,ORD048281,CUST00491,P002,Smartphone,Electronics,Ahmedabad,Online,Credit Card,1,29159.03,0.1,29159.03,26243.13,0,3467.75,2025,3,March,Wednesday,29159.03,26243.127
2025-03-19,ORD034357,CUST03352,P007,Backpack,Accessories,Chennai,Store,Debit Card,2,2001.84,0.2,4003.68,3202.94,0,169.68,2025,3,March,Wednesday,4003.68,3202.944
2025-03-19,ORD018705,CUST04757,P005,Office Chair,Furniture,Mumbai,Store,Cash,1,8909.0,0.05,8909.0,8463.55,0,1966.22,2025,3,March,Wednesday,8909.0,8463.55
2025-03-19,ORD007580,CUST02237,P014,Keyboard,Electronics,Ahmedabad,Store,Cash,2,2265.62,0.05,4531.24,4304.68,0,616.44,2025,3,March,Wednesday,4531.24,4304.678
2025-03-19,ORD004550,CUST00176,P013,Monitor,Electronics,Chennai,Online,Net Banking,1,19324.89,0.2,19324.89,15459.91,0,4004.94,2025,3,March,Wednesday,19324.89,15459.912
2025-03-19,ORD041230,CUST02129,P013,Monitor,Electronics,Jaipur,Online,Credit Card,1,19747.93,0.15,19747.93,16785.74,0,1493.97,2025,3,March,Wednesday,19747.93,16785.7405
2025-03-19,ORD012943,CUST00332,P013,Monitor,Electronics,Bengaluru,Online,UPI,4,18461.47,0.0,73845.88,73845.88,0,18348.55,2025,3,March,Wednesday,73845.88,73845.88
2025-03-19,ORD037519,CUST04315,P018,Jacket,Fashion,Delhi,Online,Credit Card,1,5398.16,0.1,5398.16,4858.34,0,506.72,2025,3,March,Wednesday,5398.16,4858.344
2025-03-19,ORD015178,CUST03895,P007,Backpack,Accessories,Hyderabad,Online,Credit Card,2,2392.52,0.15,4785.04,4067.28,0,445.6,2025,3,March,Wednesday,4785.04,4067.2839999999997
2025-03-19,ORD041954,CUST04068,P011,Mixer Grinder,Home,Kolkata,Online,UPI,1,4638.85,0.15,4638.85,3943.02,0,203.54,2025,3,March,Wednesday,4638.85,3943.0225
2025-03-19,ORD037771,CUST04823,P001,Laptop,Electronics,Chennai,Store,Credit Card,1,64561.06,0.05,64561.06,61333.01,0,10697.37,2025,3,March,Wednesday,64561.06,61333.007
2025-03-19,ORD024941,CUST02609,P014,Keyboard,Electronics,Chennai,Online,Net Banking,3,2355.77,0.25,7067.31,5300.48,0,446.97,2025,3,March,Wednesday,7067.3099999999995,5300.4825
2025-03-19,ORD048959,CUST03456,P014,Keyboard,Electronics,Bengaluru,Online,UPI,1,2250.25,0.05,2250.25,2137.74,0,525.95,2025,3,March,Wednesday,2250.25,2137.7374999999997
2025-03-19,ORD043062,CUST01969,P009,T-Shirt,Fashion,Kolkata,Store,UPI,1,1099.65,0.1,1099.65,989.68,1,-49.48,2025,3,March,Wednesday,1099.65,989.6850000000001
2025-03-19,ORD009868,CUST02673,P012,Air Fryer,Home,Pune,Online,Net Banking,1,7186.39,0.0,7186.39,7186.39,0,684.3,2025,3,March,Wednesday,7186.39,7186.39
2025-03-19,ORD013380,CUST04908,P020,Microwave,Home,Surat,Store,Credit Card,5,11871.46,0.1,59357.3,53421.57,0,8602.49,2025,3,March,Wednesday,59357.299999999996,53421.57000000001
2025-03-19,ORD049285,CUST03675,P011,Mixer Grinder,Home,Delhi,Online,UPI,3,5020.87,0.15,15062.61,12803.22,0,2799.78,2025,3,March,Wednesday,15062.61,12803.2185
2025-03-19,ORD032974,CUST02681,P004,Smartwatch,Electronics,Chennai,Online,Debit Card,1,7068.07,0.05,7068.07,6714.67,0,1619.73,2025,3,March,Wednesday,7068.07,6714.666499999999
2025-03-19,ORD043421,CUST03381,P020,Microwave,Home,Kolkata,Online,UPI,2,11893.65,0.1,23787.3,21408.57,0,2611.79,2025,3,March,Wednesday,23787.3,21408.57
2025-03-19,ORD003618,CUST00594,P010,Coffee Maker,Home,Ahmedabad,Online,UPI,2,4956.71,0.05,9913.42,9417.75,0,1537.92,2025,3,March,Wednesday,9913.42,9417.749
2025-03-19,ORD008416,CUST01988,P005,Office Chair,Furniture,Jaipur,Online,Credit Card,4,9259.36,0.0,37037.44,37037.44,1,-1851.87,2025,3,March,Wednesday,37037.44,37037.44
2025-03-19,ORD024620,CUST03921,P007,Backpack,Accessories,Surat,Online,Credit Card,1,1997.12,0.2,1997.12,1597.7,0,352.38,2025,3,March,Wednesday,1997.12,1597.696
2025-03-19,ORD010563,CUST03322,P019,Vacuum Cleaner,Home,Jaipur,Online,Credit Card,2,8551.38,0.15,17102.76,14537.35,0,3815.9,2025,3,March,Wednesday,17102.76,14537.345999999998
2025-03-19,ORD002770,CUST00905,P011,Mixer Grinder,Home,Surat,Online,Net Banking,4,4612.84,0.1,18451.36,16606.22,0,4207.63,2025,3,March,Wednesday,18451.36,16606.224000000002
2025-03-19,ORD011680,CUST00636,P002,Smartphone,Electronics,Mumbai,Online,UPI,2,28742.91,0.15,57485.82,48862.95,0,11534.51,2025,3,March,Wednesday,57485.82,48862.947
2025-03-19,ORD006675,CUST03669,P012,Air Fryer,Home,Ahmedabad,Online,UPI,1,6778.7,0.15,6778.7,5761.9,0,297.42,2025,3,March,Wednesday,6778.7,5761.8949999999995
2025-03-19,ORD007750,CUST02468,P008,Running Shoes,Fashion,Jaipur,Store,UPI,2,3878.56,0.1,7757.12,6981.41,0,1507.45,2025,3,March,Wednesday,7757.12,6981.408
2025-03-19,ORD046325,CUST04059,P013,Monitor,Electronics,Mumbai,Store,UPI,1,18757.12,0.1,18757.12,16881.41,0,2266.9,2025,3,March,Wednesday,18757.12,16881.408
2025-03-19,ORD048268,CUST03599,P008,Running Shoes,Fashion,Kolkata,Store,Credit Card,3,3845.4,0.2,11536.2,9228.96,0,1902.1,2025,3,March,Wednesday,11536.2,9228.960000000001
2025-03-19,ORD018067,CUST03100,P009,T-Shirt,Fashion,Jaipur,Online,UPI,2,1170.04,0.1,2340.08,2106.07,0,171.23,2025,3,March,Wednesday,2340.08,2106.072
2025-03-19,ORD028056,CUST04945,P002,Smartphone,Electronics,Kolkata,Online,UPI,2,25647.43,0.0,51294.86,51294.86,0,9094.11,2025,3,March,Wednesday,51294.86,51294.86
2025-03-19,ORD015504,CUST02243,P008,Running Shoes,Fashion,Delhi,Online,UPI,2,4251.2,0.1,8502.4,7652.16,0,757.7,2025,3,March,Wednesday,8502.4,7652.16
2025-03-19,ORD036150,CUST03987,P016,Sofa,Furniture,Pune,Online,UPI,4,31864.26,0.1,127457.04,114711.34,0,6955.21,2025,3,March,Wednesday,127457.04,114711.336
2025-03-19,ORD047896,CUST04700,P018,Jacket,Fashion,Jaipur,Store,Credit Card,2,5043.58,0.1,10087.16,9078.44,0,1579.92,2025,3,March,Wednesday,10087.16,9078.444
2025-03-20,ORD016159,CUST00601,P005,Office Chair,Furniture,Delhi,Online,Debit Card,1,9955.36,0.2,9955.36,7964.29,0,1814.55,2025,3,March,Thursday,9955.36,7964.2880000000005
2025-03-20,ORD013735,CUST02747,P008,Running Shoes,Fashion,Chennai,Online,Debit Card,1,4565.99,0.15,4565.99,3881.09,0,831.31,2025,3,March,Thursday,4565.99,3881.0914999999995
2025-03-20,ORD020629,CUST02295,P005,Office Chair,Furniture,Mumbai,Online,Credit Card,1,10213.38,0.1,10213.38,9192.04,0,1156.1,2025,3,March,Thursday,10213.38,9192.042
2025-03-20,ORD040046,CUST00333,P013,Monitor,Electronics,Jaipur,Online,UPI,1,16522.95,0.25,16522.95,12392.21,1,-619.61,2025,3,March,Thursday,16522.95,12392.212500000001
2025-03-20,ORD044498,CUST02067,P019,Vacuum Cleaner,Home,Mumbai,Online,Credit Card,1,8597.94,0.2,8597.94,6878.35,0,646.24,2025,3,March,Thursday,8597.94,6878.352000000001
2025-03-20,ORD039701,CUST00552,P008,Running Shoes,Fashion,Mumbai,Store,Credit Card,1,4462.68,0.2,4462.68,3570.14,0,511.36,2025,3,March,Thursday,4462.68,3570.1440000000002
2025-03-20,ORD009348,CUST04570,P011,Mixer Grinder,Home,Surat,Online,Cash,4,4791.35,0.1,19165.4,17248.86,0,4610.33,2025,3,March,Thursday,19165.4,17248.86
2025-03-20,ORD013738,CUST01723,P013,Monitor,Electronics,Pune,Online,Debit Card,1,16909.85,0.05,16909.85,16064.36,0,3828.8,2025,3,March,Thursday,16909.85,16064.357499999998
2025-03-20,ORD010898,CUST03642,P006,Desk,Furniture,Delhi,Store,UPI,2,10989.25,0.0,21978.5,21978.5,0,2037.59,2025,3,March,Thursday,21978.5,21978.5
2025-03-20,ORD015629,CUST04520,P016,Sofa,Furniture,Kolkata,Online,Credit Card,1,37468.84,0.0,37468.84,37468.84,0,3795.83,2025,3,March,Thursday,37468.84,37468.84
2025-03-20,ORD011945,CUST01783,P015,Dining Table,Furniture,Bengaluru,Online,Cash,2,22607.34,0.05,45214.68,42953.95,0,8967.76,2025,3,March,Thursday,45214.68,42953.945999999996
2025-03-20,ORD037902,CUST04285,P005,Office Chair,Furniture,Mumbai,Store,UPI,1,9348.07,0.0,9348.07,9348.07,0,857.77,2025,3,March,Thursday,9348.07,9348.07
2025-03-20,ORD046953,CUST02868,P006,Desk,Furniture,Pune,Online,Cash,2,11359.9,0.05,22719.8,21583.81,0,3078.52,2025,3,March,Thursday,22719.8,21583.809999999998
2025-03-20,ORD018114,CUST02166,P008,Running Shoes,Fashion,Chennai,Online,UPI,1,4163.56,0.05,4163.56,3955.38,0,927.12,2025,3,March,Thursday,4163.56,3955.382
2025-03-20,ORD035584,CUST01059,P015,Dining Table,Furniture,Surat,Online,Debit Card,1,21397.8,0.05,21397.8,20327.91,0,2188.94,2025,3,March,Thursday,21397.8,20327.91
2025-03-20,ORD021898,CUST01670,P010,Coffee Maker,Home,Pune,Store,Cash,1,5677.61,0.0,5677.61,5677.61,0,1065.63,2025,3,March,Thursday,5677.61,5677.61
2025-03-20,ORD024049,CUST00825,P019,Vacuum Cleaner,Home,Ahmedabad,Online,Credit Card,1,9493.53,0.15,9493.53,8069.5,0,1557.94,2025,3,March,Thursday,9493.53,8069.5005
2025-03-20,ORD032620,CUST01253,P008,Running Shoes,Fashion,Ahmedabad,Online,Net Banking,2,4601.64,0.05,9203.28,8743.12,0,663.06,2025,3,March,Thursday,9203.28,8743.116
2025-03-20,ORD010921,CUST04105,P005,Office Chair,Furniture,Mumbai,Online,UPI,1,8578.33,0.05,8578.33,8149.41,0,1778.69,2025,3,March,Thursday,8578.33,8149.4135
2025-03-20,ORD013457,CUST01330,P019,Vacuum Cleaner,Home,Bengaluru,Online,UPI,2,8874.51,0.05,17749.02,16861.57,0,4781.17,2025,3,March,Thursday,17749.02,16861.569
2025-03-20,ORD029992,CUST01092,P020,Microwave,Home,Pune,Store,Net Banking,1,10702.58,0.15,10702.58,9097.19,1,-454.86,2025,3,March,Thursday,10702.58,9097.193
2025-03-20,ORD024767,CUST01647,P007,Backpack,Accessories,Bengaluru,Store,UPI,3,2389.28,0.1,7167.84,6451.06,0,1105.58,2025,3,March,Thursday,7167.84,6451.0560000000005
2025-03-20,ORD045800,CUST01812,P003,Headphones,Electronics,Hyderabad,Online,UPI,1,4638.39,0.2,4638.39,3710.71,0,562.63,2025,3,March,Thursday,4638.39,3710.7120000000004
2025-03-20,ORD003011,CUST04402,P005,Office Chair,Furniture,Chennai,Online,Cash,1,8776.91,0.1,8776.91,7899.22,0,2021.48,2025,3,March,Thursday,8776.91,7899.219
2025-03-20,ORD011917,CUST01471,P002,Smartphone,Electronics,Hyderabad,Online,Debit Card,1,28752.05,0.05,28752.05,27314.45,0,2307.46,2025,3,March,Thursday,28752.05,27314.4475
2025-03-20,ORD035339,CUST01272,P016,Sofa,Furniture,Kolkata,Online,Debit Card,1,34075.6,0.1,34075.6,30668.04,0,4185.78,2025,3,March,Thursday,34075.6,30668.04
2025-03-20,ORD044102,CUST01511,P014,Keyboard,Electronics,Surat,Store,Debit Card,2,2725.23,0.1,5450.46,4905.41,0,906.41,2025,3,March,Thursday,5450.46,4905.414
2025-03-20,ORD017400,CUST03662,P001,Laptop,Electronics,Hyderabad,Online,Debit Card,1,59471.79,0.2,59471.79,47577.43,0,6944.74,2025,3,March,Thursday,59471.79,47577.432
2025-03-20,ORD043073,CUST00001,P003,Headphones,Electronics,Ahmedabad,Online,Credit Card,1,4591.76,0.1,4591.76,4132.58,0,1007.36,2025,3,March,Thursday,4591.76,4132.584000000001
2025-03-20,ORD011941,CUST02629,P007,Backpack,Accessories,Kolkata,Store,Credit Card,1,2174.39,0.05,2174.39,2065.67,0,363.06,2025,3,March,Thursday,2174.39,2065.6704999999997
2025-03-20,ORD006080,CUST01370,P020,Microwave,Home,Surat,Store,Credit Card,1,10849.1,0.05,10849.1,10306.64,1,-515.33,2025,3,March,Thursday,10849.1,10306.645
2025-03-20,ORD039777,CUST04857,P008,Running Shoes,Fashion,Hyderabad,Online,Cash,1,4095.29,0.05,4095.29,3890.53,0,741.23,2025,3,March,Thursday,4095.29,3890.5254999999997
2025-03-20,ORD018786,CUST00991,P020,Microwave,Home,Mumbai,Online,Credit Card,4,11307.17,0.05,45228.68,42967.25,0,11405.29,2025,3,March,Thursday,45228.68,42967.246
2025-03-20,ORD038456,CUST01108,P015,Dining Table,Furniture,Kolkata,Online,Cash,3,22804.97,0.1,68414.91,61573.42,0,16367.0,2025,3,March,Thursday,68414.91,61573.419
2025-03-20,ORD009065,CUST02027,P015,Dining Table,Furniture,Chennai,Store,Debit Card,2,21405.62,0.1,42811.24,38530.12,0,10388.79,2025,3,March,Thursday,42811.24,38530.116
2025-03-20,ORD003236,CUST04539,P005,Office Chair,Furniture,Ahmedabad,Store,Credit Card,1,10194.48,0.1,10194.48,9175.03,0,1126.54,2025,3,March,Thursday,10194.48,9175.032
2025-03-20,ORD012812,CUST01548,P005,Office Chair,Furniture,Surat,Store,UPI,4,8643.86,0.05,34575.44,32846.67,0,8291.85,2025,3,March,Thursday,34575.44,32846.668
2025-03-20,ORD010265,CUST01462,P008,Running Shoes,Fashion,Ahmedabad,Store,Debit Card,2,4548.44,0.05,9096.88,8642.04,0,1283.68,2025,3,March,Thursday,9096.88,8642.035999999998
2025-03-20,ORD014174,CUST02134,P014,Keyboard,Electronics,Jaipur,Online,UPI,1,2372.6,0.05,2372.6,2253.97,0,301.83,2025,3,March,Thursday,2372.6,2253.97
2025-03-20,ORD040946,CUST02177,P003,Headphones,Electronics,Chennai,Online,UPI,1,4118.67,0.05,4118.67,3912.74,0,825.16,2025,3,March,Thursday,4118.67,3912.7365
2025-03-20,ORD007745,CUST02947,P019,Vacuum Cleaner,Home,Pune,Online,Debit Card,1,8549.71,0.2,8549.71,6839.77,0,909.1,2025,3,March,Thursday,8549.71,6839.768
2025-03-20,ORD028772,CUST03216,P003,Headphones,Electronics,Bengaluru,Online,Credit Card,2,4479.58,0.0,8959.16,8959.16,0,2677.59,2025,3,March,Thursday,8959.16,8959.16
2025-03-20,ORD036880,CUST01892,P009,T-Shirt,Fashion,Hyderabad,Online,Credit Card,2,1276.72,0.05,2553.44,2425.77,0,567.28,2025,3,March,Thursday,2553.44,2425.768
2025-03-20,ORD030286,CUST01743,P016,Sofa,Furniture,Hyderabad,Store,UPI,1,32735.08,0.15,32735.08,27824.82,0,3977.64,2025,3,March,Thursday,32735.08,27824.818
2025-03-20,ORD043446,CUST04713,P003,Headphones,Electronics,Jaipur,Online,Credit Card,1,4613.15,0.2,4613.15,3690.52,0,662.69,2025,3,March,Thursday,4613.15,3690.52
2025-03-20,ORD014345,CUST04113,P014,Keyboard,Electronics,Hyderabad,Online,UPI,2,2323.09,0.05,4646.18,4413.87,0,1078.72,2025,3,March,Thursday,4646.18,4413.871
2025-03-20,ORD041585,CUST02622,P020,Microwave,Home,Mumbai,Online,Credit Card,1,10688.44,0.1,10688.44,9619.6,0,804.52,2025,3,March,Thursday,10688.44,9619.596000000001
2025-03-20,ORD003205,CUST02660,P018,Jacket,Fashion,Bengaluru,Store,Credit Card,2,5580.6,0.0,11161.2,11161.2,0,1110.61,2025,3,March,Thursday,11161.2,11161.2
2025-03-20,ORD021291,CUST01191,P002,Smartphone,Electronics,Ahmedabad,Online,Credit Card,3,29556.9,0.05,88670.7,84237.16,0,20552.44,2025,3,March,Thursday,88670.70000000001,84237.165
2025-03-20,ORD032963,CUST02731,P008,Running Shoes,Fashion,Bengaluru,Online,Debit Card,1,4321.54,0.0,4321.54,4321.54,0,398.71,2025,3,March,Thursday,4321.54,4321.54
2025-03-20,ORD026151,CUST03292,P019,Vacuum Cleaner,Home,Mumbai,Store,UPI,3,8528.65,0.05,25585.95,24306.65,0,2263.65,2025,3,March,Thursday,25585.949999999997,24306.6525
2025-03-20,ORD031365,CUST02024,P012,Air Fryer,Home,Bengaluru,Online,UPI,1,7233.83,0.1,7233.83,6510.45,0,687.9,2025,3,March,Thursday,7233.83,6510.447
2025-03-20,ORD039670,CUST00893,P010,Coffee Maker,Home,Ahmedabad,Store,Credit Card,1,5739.16,0.0,5739.16,5739.16,0,1283.88,2025,3,March,Thursday,5739.16,5739.16
2025-03-20,ORD016853,CUST01700,P014,Keyboard,Electronics,Jaipur,Online,UPI,1,2428.24,0.15,2428.24,2064.0,1,-103.2,2025,3,March,Thursday,2428.24,2064.004
2025-03-20,ORD002029,CUST02143,P020,Microwave,Home,Jaipur,Store,Credit Card,1,11235.16,0.0,11235.16,11235.16,0,2186.01,2025,3,March,Thursday,11235.16,11235.16
2025-03-20,ORD036348,CUST03542,P017,Jeans,Fashion,Jaipur,Online,UPI,1,2826.42,0.05,2826.42,2685.1,0,564.44,2025,3,March,Thursday,2826.42,2685.099
2025-03-20,ORD006276,CUST03380,P015,Dining Table,Furniture,Chennai,Online,Cash,1,24036.54,0.05,24036.54,22834.71,0,1601.92,2025,3,March,Thursday,24036.54,22834.713
2025-03-20,ORD027126,CUST00985,P020,Microwave,Home,Bengaluru,Store,UPI,1,11378.41,0.15,11378.41,9671.65,0,2211.1,2025,3,March,Thursday,11378.41,9671.6485
2025-03-20,ORD036240,CUST02970,P001,Laptop,Electronics,Bengaluru,Store,UPI,2,64812.06,0.1,129624.12,116661.71,0,12061.35,2025,3,March,Thursday,129624.12,116661.708
2025-03-20,ORD046189,CUST03615,P003,Headphones,Electronics,Chennai,Store,UPI,2,4487.25,0.25,8974.5,6730.88,0,1636.83,2025,3,March,Thursday,8974.5,6730.875
2025-03-20,ORD032877,CUST00292,P019,Vacuum Cleaner,Home,Bengaluru,Online,Debit Card,3,8363.58,0.15,25090.74,21327.13,0,2334.34,2025,3,March,Thursday,25090.739999999998,21327.129
2025-03-20,ORD039632,CUST04693,P002,Smartphone,Electronics,Bengaluru,Online,Net Banking,1,27630.7,0.1,27630.7,24867.63,0,6176.77,2025,3,March,Thursday,27630.7,24867.63
2025-03-20,ORD045323,CUST01509,P013,Monitor,Electronics,Ahmedabad,Online,Credit Card,1,16227.71,0.05,16227.71,15416.32,0,1979.91,2025,3,March,Thursday,16227.71,15416.324499999999
2025-03-20,ORD034115,CUST00346,P005,Office Chair,Furniture,Pune,Online,Debit Card,1,8769.14,0.1,8769.14,7892.23,0,1420.53,2025,3,March,Thursday,8769.14,7892.226
2025-03-20,ORD024549,CUST04355,P007,Backpack,Accessories,Ahmedabad,Online,UPI,5,2272.9,0.05,11364.5,10796.28,0,1880.24,2025,3,March,Thursday,11364.5,10796.275
2025-03-20,ORD007685,CUST01684,P003,Headphones,Electronics,Kolkata,Online,Credit Card,1,4150.63,0.1,4150.63,3735.57,0,255.02,2025,3,March,Thursday,4150.63,3735.567
2025-03-20,ORD028423,CUST02343,P003,Headphones,Electronics,Ahmedabad,Store,Credit Card,2,4749.58,0.25,9499.16,7124.37,0,546.22,2025,3,March,Thursday,9499.16,7124.37
2025-03-20,ORD033517,CUST02718,P002,Smartphone,Electronics,Jaipur,Online,Net Banking,3,28269.47,0.2,84808.41,67846.73,0,15409.68,2025,3,March,Thursday,84808.41,67846.728
2025-03-20,ORD011499,CUST03819,P010,Coffee Maker,Home,Chennai,Online,UPI,1,5179.22,0.15,5179.22,4402.34,0,826.24,2025,3,March,Thursday,5179.22,4402.337
2025-03-20,ORD047626,CUST00127,P008,Running Shoes,Fashion,Jaipur,Store,Cash,2,4358.79,0.1,8717.58,7845.82,0,1853.97,2025,3,March,Thursday,8717.58,7845.822
2025-03-20,ORD006874,CUST03337,P009,T-Shirt,Fashion,Bengaluru,Store,Debit Card,1,1313.5,0.1,1313.5,1182.15,0,138.43,2025,3,March,Thursday,1313.5,1182.15
2025-03-20,ORD045170,CUST00869,P003,Headphones,Electronics,Surat,Online,Net Banking,1,4795.64,0.0,4795.64,4795.64,1,-239.78,2025,3,March,Thursday,4795.64,4795.64
2025-03-21,ORD024199,CUST01592,P009,T-Shirt,Fashion,Hyderabad,Online,UPI,5,1092.41,0.1,5462.05,4915.84,0,904.1,2025,3,March,Friday,5462.05,4915.845
2025-03-21,ORD034346,CUST00398,P020,Microwave,Home,Hyderabad,Store,Credit Card,1,10981.26,0.05,10981.26,10432.2,0,748.49,2025,3,March,Friday,10981.26,10432.197
2025-03-21,ORD022665,CUST03404,P015,Dining Table,Furniture,Pune,Online,Credit Card,2,21760.95,0.05,43521.9,41345.8,0,8178.77,2025,3,March,Friday,43521.9,41345.805
2025-03-21,ORD025910,CUST00339,P010,Coffee Maker,Home,Kolkata,Online,Debit Card,1,5823.9,0.0,5823.9,5823.9,0,919.04,2025,3,March,Friday,5823.9,5823.9
2025-03-21,ORD044305,CUST01235,P013,Monitor,Electronics,Jaipur,Online,Credit Card,1,19111.95,0.0,19111.95,19111.95,0,5229.53,2025,3,March,Friday,19111.95,19111.95
2025-03-21,ORD033239,CUST04830,P011,Mixer Grinder,Home,Chennai,Store,Net Banking,1,4837.92,0.05,4837.92,4596.02,0,991.08,2025,3,March,Friday,4837.92,4596.023999999999
2025-03-21,ORD008612,CUST04262,P015,Dining Table,Furniture,Jaipur,Store,Credit Card,2,21337.16,0.15,42674.32,36273.17,0,2515.9,2025,3,March,Friday,42674.32,36273.172
2025-03-21,ORD046701,CUST01072,P006,Desk,Furniture,Mumbai,Store,Credit Card,2,11741.79,0.05,23483.58,22309.4,0,2684.93,2025,3,March,Friday,23483.58,22309.401
2025-03-21,ORD046391,CUST00383,P006,Desk,Furniture,Surat,Online,Credit Card,1,13036.09,0.05,13036.09,12384.29,0,2185.74,2025,3,March,Friday,13036.09,12384.2855
2025-03-21,ORD034376,CUST02719,P011,Mixer Grinder,Home,Ahmedabad,Store,Debit Card,1,5240.87,0.0,5240.87,5240.87,0,1035.52,2025,3,March,Friday,5240.87,5240.87
2025-03-21,ORD025655,CUST01421,P016,Sofa,Furniture,Bengaluru,Online,Credit Card,1,32617.69,0.15,32617.69,27725.04,0,6647.05,2025,3,March,Friday,32617.69,27725.0365
2025-03-21,ORD003587,CUST02705,P007,Backpack,Accessories,Kolkata,Online,Credit Card,1,2233.13,0.15,2233.13,1898.16,0,204.0,2025,3,March,Friday,2233.13,1898.1605
2025-03-21,ORD029143,CUST01275,P020,Microwave,Home,Jaipur,Online,UPI,1,11259.17,0.1,11259.17,10133.25,0,1472.8,2025,3,March,Friday,11259.17,10133.253
2025-03-21,ORD033100,CUST02815,P016,Sofa,Furniture,Ahmedabad,Store,UPI,1,32936.45,0.15,32936.45,27995.98,0,3344.48,2025,3,March,Friday,32936.45,27995.9825
2025-03-21,ORD003729,CUST04384,P011,Mixer Grinder,Home,Jaipur,Online,UPI,1,4355.88,0.05,4355.88,4138.09,0,637.8,2025,3,March,Friday,4355.88,4138.086
2025-03-21,ORD048499,CUST02673,P008,Running Shoes,Fashion,Chennai,Store,Credit Card,1,4127.22,0.0,4127.22,4127.22,0,438.67,2025,3,March,Friday,4127.22,4127.22
2025-03-21,ORD012663,CUST04807,P015,Dining Table,Furniture,Mumbai,Store,Debit Card,2,23735.82,0.1,47471.64,42724.48,0,9819.34,2025,3,March,Friday,47471.64,42724.476
2025-03-21,ORD027135,CUST02223,P010,Coffee Maker,Home,Chennai,Store,UPI,2,5324.91,0.15,10649.82,9052.35,0,2122.2,2025,3,March,Friday,10649.82,9052.347
2025-03-21,ORD025331,CUST00315,P001,Laptop,Electronics,Surat,Online,Credit Card,3,60910.69,0.2,182732.07,146185.66,0,26283.86,2025,3,March,Friday,182732.07,146185.65600000002
2025-03-21,ORD036341,CUST00353,P020,Microwave,Home,Hyderabad,Store,Debit Card,2,9984.48,0.1,19968.96,17972.06,0,3972.81,2025,3,March,Friday,19968.96,17972.064
2025-03-21,ORD003868,CUST00212,P014,Keyboard,Electronics,Surat,Store,UPI,2,2426.37,0.1,4852.74,4367.47,0,485.96,2025,3,March,Friday,4852.74,4367.466
2025-03-21,ORD040883,CUST04152,P001,Laptop,Electronics,Kolkata,Online,Cash,3,64806.62,0.25,194419.86,145814.9,0,34137.93,2025,3,March,Friday,194419.86000000002,145814.895
2025-03-21,ORD040890,CUST00301,P017,Jeans,Fashion,Bengaluru,Store,Credit Card,4,2664.52,0.05,10658.08,10125.18,0,1939.25,2025,3,March,Friday,10658.08,10125.176
2025-03-21,ORD040891,CUST00745,P002,Smartphone,Electronics,Jaipur,Online,Cash,1,27164.01,0.0,27164.01,27164.01,0,4472.73,2025,3,March,Friday,27164.01,27164.01
2025-03-21,ORD028012,CUST04848,P008,Running Shoes,Fashion,Bengaluru,Online,Credit Card,4,3904.61,0.0,15618.44,15618.44,0,3937.11,2025,3,March,Friday,15618.44,15618.44
2025-03-21,ORD040378,CUST02351,P015,Dining Table,Furniture,Kolkata,Store,UPI,5,20935.41,0.05,104677.05,99443.2,0,10438.51,2025,3,March,Friday,104677.05,99443.1975
2025-03-21,ORD048918,CUST00892,P010,Coffee Maker,Home,Pune,Online,Debit Card,1,5115.74,0.0,5115.74,5115.74,0,897.62,2025,3,March,Friday,5115.74,5115.74
2025-03-21,ORD009326,CUST00460,P019,Vacuum Cleaner,Home,Hyderabad,Store,Credit Card,5,9736.33,0.05,48681.65,46247.57,0,3311.34,2025,3,March,Friday,48681.65,46247.5675
2025-03-21,ORD048742,CUST02754,P009,T-Shirt,Fashion,Ahmedabad,Online,Credit Card,3,1317.7,0.05,3953.1,3755.44,0,624.22,2025,3,March,Friday,3953.1000000000004,3755.4449999999997
2025-03-21,ORD017525,CUST00574,P008,Running Shoes,Fashion,Mumbai,Online,UPI,1,3882.27,0.05,3882.27,3688.16,0,1008.06,2025,3,March,Friday,3882.27,3688.1564999999996
2025-03-21,ORD040987,CUST03954,P004,Smartwatch,Electronics,Hyderabad,Online,UPI,2,6743.17,0.0,13486.34,13486.34,0,1181.28,2025,3,March,Friday,13486.34,13486.34
2025-03-21,ORD027724,CUST01620,P008,Running Shoes,Fashion,Hyderabad,Store,Credit Card,2,4468.57,0.15,8937.14,7596.57,0,396.05,2025,3,March,Friday,8937.14,7596.5689999999995
2025-03-21,ORD024011,CUST03080,P012,Air Fryer,Home,Jaipur,Online,Debit Card,1,6481.65,0.2,6481.65,5185.32,0,732.04,2025,3,March,Friday,6481.65,5185.32
2025-03-21,ORD024463,CUST01636,P010,Coffee Maker,Home,Chennai,Online,Cash,2,5464.6,0.0,10929.2,10929.2,0,3128.86,2025,3,March,Friday,10929.2,10929.2
2025-03-21,ORD027042,CUST00445,P011,Mixer Grinder,Home,Kolkata,Store,Debit Card,1,4933.77,0.0,4933.77,4933.77,0,1045.69,2025,3,March,Friday,4933.77,4933.77
2025-03-21,ORD010420,CUST01572,P007,Backpack,Accessories,Surat,Online,UPI,3,2231.87,0.0,6695.61,6695.61,0,705.47,2025,3,March,Friday,6695.61,6695.61
2025-03-21,ORD019797,CUST03936,P005,Office Chair,Furniture,Hyderabad,Store,Debit Card,2,10341.81,0.1,20683.62,18615.26,0,4557.94,2025,3,March,Friday,20683.62,18615.257999999998
2025-03-21,ORD030267,CUST04654,P008,Running Shoes,Fashion,Delhi,Store,Debit Card,3,3827.48,0.2,11482.44,9185.95,0,1092.32,2025,3,March,Friday,11482.44,9185.952000000001
2025-03-21,ORD019794,CUST04483,P019,Vacuum Cleaner,Home,Pune,Store,Credit Card,1,9803.38,0.1,9803.38,8823.04,0,926.79,2025,3,March,Friday,9803.38,8823.042
2025-03-21,ORD025059,CUST00047,P015,Dining Table,Furniture,Bengaluru,Store,Cash,1,24121.95,0.1,24121.95,21709.76,0,1908.38,2025,3,March,Friday,24121.95,21709.755
2025-03-21,ORD017566,CUST02680,P006,Desk,Furniture,Kolkata,Store,Credit Card,2,13004.24,0.05,26008.48,24708.06,0,3037.71,2025,3,March,Friday,26008.48,24708.055999999997
2025-03-21,ORD001383,CUST04975,P009,T-Shirt,Fashion,Kolkata,Online,UPI,1,1098.69,0.05,1098.69,1043.76,0,282.32,2025,3,March,Friday,1098.69,1043.7555
2025-03-21,ORD038358,CUST01495,P020,Microwave,Home,Pune,Store,UPI,1,10177.52,0.2,10177.52,8142.02,0,1592.37,2025,3,March,Friday,10177.52,8142.0160000000005
2025-03-21,ORD038467,CUST03853,P009,T-Shirt,Fashion,Chennai,Store,Debit Card,1,1151.28,0.2,1151.28,921.02,1,-46.05,2025,3,March,Friday,1151.28,921.024
2025-03-21,ORD045551,CUST00472,P003,Headphones,Electronics,Kolkata,Store,UPI,1,4198.88,0.0,4198.88,4198.88,0,1003.43,2025,3,March,Friday,4198.88,4198.88
2025-03-21,ORD014199,CUST04690,P018,Jacket,Fashion,Kolkata,Store,Net Banking,2,4726.54,0.25,9453.08,7089.81,0,880.38,2025,3,March,Friday,9453.08,7089.8099999999995
2025-03-21,ORD020966,CUST04303,P007,Backpack,Accessories,Bengaluru,Online,UPI,4,2390.82,0.15,9563.28,8128.79,0,1612.34,2025,3,March,Friday,9563.28,8128.7880000000005
2025-03-21,ORD035445,CUST04849,P001,Laptop,Electronics,Bengaluru,Online,UPI,1,62173.74,0.15,62173.74,52847.68,0,13093.05,2025,3,March,Friday,62173.74,52847.679
2025-03-21,ORD024571,CUST00397,P016,Sofa,Furniture,Bengaluru,Store,Credit Card,1,37870.53,0.1,37870.53,34083.48,0,6935.7,2025,3,March,Friday,37870.53,34083.477
2025-03-21,ORD009060,CUST01943,P005,Office Chair,Furniture,Chennai,Online,UPI,1,9601.35,0.15,9601.35,8161.15,0,1667.15,2025,3,March,Friday,9601.35,8161.1475
2025-03-21,ORD028863,CUST00597,P009,T-Shirt,Fashion,Mumbai,Online,Credit Card,3,1255.78,0.15,3767.34,3202.24,0,550.99,2025,3,March,Friday,3767.34,3202.239
2025-03-21,ORD015087,CUST04218,P001,Laptop,Electronics,Kolkata,Online,UPI,1,60880.32,0.05,60880.32,57836.3,0,15111.74,2025,3,March,Friday,60880.32,57836.304
2025-03-21,ORD023544,CUST01958,P001,Laptop,Electronics,Jaipur,Online,Debit Card,3,70335.49,0.05,211006.47,200456.15,0,57373.36,2025,3,March,Friday,211006.47000000003,200456.1465
2025-03-21,ORD039047,CUST02205,P019,Vacuum Cleaner,Home,Surat,Store,UPI,2,9521.35,0.1,19042.7,17138.43,0,3197.98,2025,3,March,Friday,19042.7,17138.43
2025-03-21,ORD030287,CUST01244,P013,Monitor,Electronics,Ahmedabad,Store,Debit Card,1,18389.68,0.1,18389.68,16550.71,0,3178.07,2025,3,March,Friday,18389.68,16550.712
2025-03-21,ORD004333,CUST02335,P007,Backpack,Accessories,Bengaluru,Store,Debit Card,1,2005.95,0.1,2005.95,1805.36,0,316.09,2025,3,March,Friday,2005.95,1805.355
2025-03-21,ORD043904,CUST02320,P013,Monitor,Electronics,Delhi,Online,UPI,3,18932.43,0.2,56797.29,45437.83,0,9340.38,2025,3,March,Friday,56797.29,45437.832
2025-03-21,ORD043984,CUST02001,P001,Laptop,Electronics,Mumbai,Online,UPI,2,59203.97,0.05,118407.94,112487.54,0,9221.39,2025,3,March,Friday,118407.94,112487.54299999999
2025-03-21,ORD049031,CUST02179,P004,Smartwatch,Electronics,Ahmedabad,Online,Net Banking,2,6702.91,0.0,13405.82,13405.82,0,3681.35,2025,3,March,Friday,13405.82,13405.82
2025-03-21,ORD038291,CUST04585,P007,Backpack,Accessories,Delhi,Online,Cash,2,2078.07,0.05,4156.14,3948.33,0,739.44,2025,3,March,Friday,4156.14,3948.333
2025-03-21,ORD018472,CUST02219,P003,Headphones,Electronics,Bengaluru,Online,Net Banking,1,4509.92,0.0,4509.92,4509.92,0,792.25,2025,3,March,Friday,4509.92,4509.92
2025-03-21,ORD034592,CUST00964,P004,Smartwatch,Electronics,Kolkata,Online,UPI,5,7637.23,0.0,38186.15,38186.15,0,4735.65,2025,3,March,Friday,38186.149999999994,38186.15
2025-03-21,ORD048254,CUST01831,P002,Smartphone,Electronics,Mumbai,Store,UPI,1,26134.88,0.1,26134.88,23521.39,0,1561.5,2025,3,March,Friday,26134.88,23521.392
2025-03-21,ORD020486,CUST00632,P005,Office Chair,Furniture,Jaipur,Online,UPI,1,9811.65,0.25,9811.65,7358.74,0,1388.7,2025,3,March,Friday,9811.65,7358.737499999999
2025-03-21,ORD008233,CUST03150,P020,Microwave,Home,Ahmedabad,Store,Net Banking,1,10205.81,0.15,10205.81,8674.94,0,2045.38,2025,3,March,Friday,10205.81,8674.9385
2025-03-21,ORD047593,CUST00954,P008,Running Shoes,Fashion,Mumbai,Online,Net Banking,2,4109.0,0.2,8218.0,6574.4,0,943.89,2025,3,March,Friday,8218.0,6574.400000000001
2025-03-21,ORD010903,CUST04941,P016,Sofa,Furniture,Bengaluru,Online,UPI,1,33884.17,0.15,33884.17,28801.54,1,-1440.08,2025,3,March,Friday,33884.17,28801.544499999996
2025-03-21,ORD021593,CUST01785,P018,Jacket,Fashion,Hyderabad,Store,Debit Card,3,4908.87,0.05,14726.61,13990.28,0,3987.22,2025,3,March,Friday,14726.61,13990.2795
2025-03-21,ORD039517,CUST02018,P015,Dining Table,Furniture,Hyderabad,Online,Debit Card,1,20824.76,0.1,20824.76,18742.28,0,2806.79,2025,3,March,Friday,20824.76,18742.284
2025-03-21,ORD015346,CUST02335,P006,Desk,Furniture,Delhi,Online,Credit Card,1,11882.06,0.0,11882.06,11882.06,0,1806.22,2025,3,March,Friday,11882.06,11882.06
2025-03-21,ORD045540,CUST01352,P017,Jeans,Fashion,Chennai,Online,UPI,1,2830.38,0.1,2830.38,2547.34,0,163.12,2025,3,March,Friday,2830.38,2547.342
2025-03-21,ORD039222,CUST03129,P005,Office Chair,Furniture,Mumbai,Online,UPI,3,9327.84,0.2,27983.52,22386.82,0,1995.16,2025,3,March,Friday,27983.52,22386.816000000003
2025-03-22,ORD021438,CUST01219,P017,Jeans,Fashion,Hyderabad,Online,Net Banking,1,2814.92,0.1,2814.92,2533.43,0,341.18,2025,3,March,Saturday,2814.92,2533.4280000000003
2025-03-22,ORD027825,CUST01024,P003,Headphones,Electronics,Mumbai,Online,Credit Card,2,4487.07,0.15,8974.14,7628.02,0,2039.27,2025,3,March,Saturday,8974.14,7628.018999999999
2025-03-22,ORD001259,CUST00595,P015,Dining Table,Furniture,Bengaluru,Online,UPI,2,19880.61,0.0,39761.22,39761.22,0,9228.46,2025,3,March,Saturday,39761.22,39761.22
2025-03-22,ORD048563,CUST02798,P017,Jeans,Fashion,Ahmedabad,Online,Net Banking,1,2956.93,0.1,2956.93,2661.24,0,171.21,2025,3,March,Saturday,2956.93,2661.237
2025-03-22,ORD015737,CUST01924,P006,Desk,Furniture,Chennai,Store,UPI,1,11343.57,0.05,11343.57,10776.39,0,2804.79,2025,3,March,Saturday,11343.57,10776.3915
2025-03-22,ORD015678,CUST00165,P013,Monitor,Electronics,Delhi,Store,Credit Card,2,17816.47,0.0,35632.94,35632.94,0,9126.95,2025,3,March,Saturday,35632.94,35632.94
2025-03-22,ORD033890,CUST01808,P002,Smartphone,Electronics,Kolkata,Store,Credit Card,2,27964.04,0.1,55928.08,50335.27,0,12935.26,2025,3,March,Saturday,55928.08,50335.272000000004
2025-03-22,ORD035968,CUST02900,P001,Laptop,Electronics,Hyderabad,Store,Net Banking,1,67806.42,0.1,67806.42,61025.78,0,8089.73,2025,3,March,Saturday,67806.42,61025.778
2025-03-22,ORD022894,CUST01701,P001,Laptop,Electronics,Kolkata,Online,UPI,2,59127.23,0.1,118254.46,106429.01,0,7482.48,2025,3,March,Saturday,118254.46,106429.01400000001
2025-03-22,ORD014327,CUST04735,P002,Smartphone,Electronics,Pune,Online,UPI,2,28554.81,0.1,57109.62,51398.66,0,4782.92,2025,3,March,Saturday,57109.62,51398.658
2025-03-22,ORD029465,CUST04576,P018,Jacket,Fashion,Surat,Online,Debit Card,1,5045.44,0.15,5045.44,4288.62,0,764.0,2025,3,March,Saturday,5045.44,4288.624
2025-03-22,ORD036715,CUST01694,P017,Jeans,Fashion,Pune,Online,UPI,1,2750.4,0.1,2750.4,2475.36,0,609.6,2025,3,March,Saturday,2750.4,2475.36
2025-03-22,ORD027215,CUST04544,P018,Jacket,Fashion,Pune,Online,UPI,1,4787.84,0.2,4787.84,3830.27,0,276.04,2025,3,March,Saturday,4787.84,3830.2720000000004
2025-03-22,ORD028852,CUST03840,P014,Keyboard,Electronics,Kolkata,Online,Credit Card,1,2396.48,0.15,2396.48,2037.01,0,346.31,2025,3,March,Saturday,2396.48,2037.008
2025-03-22,ORD029990,CUST03059,P013,Monitor,Electronics,Mumbai,Online,Debit Card,1,18857.25,0.1,18857.25,16971.53,0,2358.39,2025,3,March,Saturday,18857.25,16971.525
2025-03-22,ORD036822,CUST04197,P002,Smartphone,Electronics,Mumbai,Store,UPI,1,25595.49,0.0,25595.49,25595.49,0,2328.84,2025,3,March,Saturday,25595.49,25595.49
2025-03-22,ORD049576,CUST03079,P017,Jeans,Fashion,Bengaluru,Store,UPI,3,2727.87,0.0,8183.61,8183.61,0,1814.61,2025,3,March,Saturday,8183.61,8183.61
2025-03-22,ORD018284,CUST02821,P015,Dining Table,Furniture,Pune,Online,UPI,1,23197.12,0.0,23197.12,23197.12,0,3782.45,2025,3,March,Saturday,23197.12,23197.12
2025-03-22,ORD040863,CUST02145,P017,Jeans,Fashion,Mumbai,Store,Debit Card,1,2815.27,0.1,2815.27,2533.74,1,-126.69,2025,3,March,Saturday,2815.27,2533.743
2025-03-22,ORD022880,CUST02966,P020,Microwave,Home,Hyderabad,Store,UPI,1,10370.98,0.1,10370.98,9333.88,0,710.95,2025,3,March,Saturday,10370.98,9333.882
2025-03-22,ORD039402,CUST01176,P016,Sofa,Furniture,Hyderabad,Online,Credit Card,3,35127.14,0.0,105381.42,105381.42,0,11901.79,2025,3,March,Saturday,105381.42,105381.42
2025-03-22,ORD029326,CUST02565,P014,Keyboard,Electronics,Mumbai,Store,UPI,1,2625.05,0.1,2625.05,2362.54,1,-118.13,2025,3,March,Saturday,2625.05,2362.545
2025-03-22,ORD022208,CUST01643,P015,Dining Table,Furniture,Hyderabad,Store,UPI,1,20235.99,0.1,20235.99,18212.39,0,4918.24,2025,3,March,Saturday,20235.99,18212.391000000003
2025-03-22,ORD048255,CUST00833,P014,Keyboard,Electronics,Kolkata,Store,Credit Card,1,2703.95,0.1,2703.95,2433.55,0,321.54,2025,3,March,Saturday,2703.95,2433.555
2025-03-22,ORD037975,CUST02815,P010,Coffee Maker,Home,Pune,Online,Credit Card,1,5339.63,0.15,5339.63,4538.69,0,668.88,2025,3,March,Saturday,5339.63,4538.6855
2025-03-22,ORD000387,CUST04931,P008,Running Shoes,Fashion,Surat,Online,Net Banking,1,4537.33,0.05,4537.33,4310.46,0,1140.37,2025,3,March,Saturday,4537.33,4310.4635
2025-03-22,ORD010321,CUST01761,P002,Smartphone,Electronics,Chennai,Store,Net Banking,1,25221.39,0.15,25221.39,21438.18,0,5188.77,2025,3,March,Saturday,25221.39,21438.1815
2025-03-22,ORD044848,CUST00072,P005,Office Chair,Furniture,Pune,Online,Cash,3,9943.88,0.0,29831.64,29831.64,0,8630.34,2025,3,March,Saturday,29831.64,29831.64
2025-03-22,ORD047937,CUST00454,P015,Dining Table,Furniture,Delhi,Online,Credit Card,3,22213.34,0.15,66640.02,56644.02,0,9257.0,2025,3,March,Saturday,66640.02,56644.017
2025-03-22,ORD016515,CUST03443,P014,Keyboard,Electronics,Ahmedabad,Online,UPI,1,2551.39,0.2,2551.39,2041.11,0,223.65,2025,3,March,Saturday,2551.39,2041.112
2025-03-22,ORD021166,CUST04816,P019,Vacuum Cleaner,Home,Chennai,Online,UPI,2,8188.86,0.0,16377.72,16377.72,0,4159.23,2025,3,March,Saturday,16377.72,16377.72
2025-03-22,ORD029096,CUST03983,P010,Coffee Maker,Home,Surat,Online,UPI,1,6024.77,0.0,6024.77,6024.77,0,1125.05,2025,3,March,Saturday,6024.77,6024.77
2025-03-22,ORD015237,CUST00944,P005,Office Chair,Furniture,Kolkata,Online,Credit Card,4,10307.33,0.15,41229.32,35044.92,0,6887.71,2025,3,March,Saturday,41229.32,35044.922
2025-03-22,ORD043053,CUST01933,P012,Air Fryer,Home,Mumbai,Online,UPI,1,7845.24,0.25,7845.24,5883.93,0,858.22,2025,3,March,Saturday,7845.24,5883.93
2025-03-22,ORD020049,CUST01584,P010,Coffee Maker,Home,Mumbai,Online,Debit Card,2,5045.88,0.2,10091.76,8073.41,0,1690.6,2025,3,March,Saturday,10091.76,8073.408
2025-03-22,ORD026674,CUST04691,P020,Microwave,Home,Kolkata,Store,Credit Card,2,10559.18,0.15,21118.36,17950.61,0,3951.68,2025,3,March,Saturday,21118.36,17950.606
2025-03-22,ORD014060,CUST04850,P003,Headphones,Electronics,Chennai,Online,Debit Card,2,4271.66,0.15,8543.32,7261.82,1,-363.09,2025,3,March,Saturday,8543.32,7261.821999999999
2025-03-22,ORD031270,CUST03280,P009,T-Shirt,Fashion,Ahmedabad,Online,Credit Card,1,1181.21,0.1,1181.21,1063.09,0,169.51,2025,3,March,Saturday,1181.21,1063.0890000000002
2025-03-22,ORD004440,CUST00995,P002,Smartphone,Electronics,Surat,Store,UPI,1,27999.41,0.1,27999.41,25199.47,0,4468.33,2025,3,March,Saturday,27999.41,25199.469
2025-03-22,ORD009294,CUST01801,P014,Keyboard,Electronics,Surat,Online,Debit Card,1,2668.12,0.1,2668.12,2401.31,0,461.7,2025,3,March,Saturday,2668.12,2401.308
2025-03-22,ORD030480,CUST02862,P019,Vacuum Cleaner,Home,Delhi,Online,Credit Card,1,9641.84,0.0,9641.84,9641.84,0,2730.63,2025,3,March,Saturday,9641.84,9641.84
2025-03-22,ORD011572,CUST03011,P007,Backpack,Accessories,Mumbai,Store,UPI,1,1984.39,0.0,1984.39,1984.39,0,548.84,2025,3,March,Saturday,1984.39,1984.39
2025-03-22,ORD037052,CUST00569,P018,Jacket,Fashion,Kolkata,Online,Net Banking,5,5508.54,0.1,27542.7,24788.43,0,5273.32,2025,3,March,Saturday,27542.7,24788.43
2025-03-22,ORD014655,CUST03217,P002,Smartphone,Electronics,Hyderabad,Online,Credit Card,1,25630.15,0.05,25630.15,24348.64,0,6752.21,2025,3,March,Saturday,25630.15,24348.6425
2025-03-22,ORD006154,CUST01989,P007,Backpack,Accessories,Kolkata,Store,Net Banking,2,2238.21,0.05,4476.42,4252.6,0,947.91,2025,3,March,Saturday,4476.42,4252.599
2025-03-22,ORD016113,CUST04582,P003,Headphones,Electronics,Mumbai,Online,Net Banking,1,4298.64,0.0,4298.64,4298.64,0,1139.95,2025,3,March,Saturday,4298.64,4298.64
2025-03-22,ORD024538,CUST02767,P004,Smartwatch,Electronics,Hyderabad,Store,UPI,1,7467.05,0.15,7467.05,6346.99,0,344.25,2025,3,March,Saturday,7467.05,6346.9925
2025-03-22,ORD008210,CUST00247,P003,Headphones,Electronics,Surat,Store,UPI,1,4395.42,0.2,4395.42,3516.34,0,409.7,2025,3,March,Saturday,4395.42,3516.3360000000002
2025-03-22,ORD047925,CUST00916,P017,Jeans,Fashion,Mumbai,Online,UPI,2,2734.41,0.0,5468.82,5468.82,0,499.87,2025,3,March,Saturday,5468.82,5468.82
2025-03-22,ORD046370,CUST01321,P014,Keyboard,Electronics,Bengaluru,Online,UPI,1,2472.03,0.1,2472.03,2224.83,1,-111.24,2025,3,March,Saturday,2472.03,2224.827
2025-03-22,ORD028260,CUST03362,P005,Office Chair,Furniture,Kolkata,Store,UPI,1,10251.62,0.2,10251.62,8201.3,0,2071.1,2025,3,March,Saturday,10251.62,8201.296
2025-03-22,ORD047966,CUST04081,P012,Air Fryer,Home,Ahmedabad,Online,Credit Card,1,6756.63,0.1,6756.63,6080.97,0,595.37,2025,3,March,Saturday,6756.63,6080.967000000001
2025-03-22,ORD043729,CUST00489,P001,Laptop,Electronics,Pune,Store,Cash,1,70927.58,0.1,70927.58,63834.82,0,15564.27,2025,3,March,Saturday,70927.58,63834.822
2025-03-22,ORD023005,CUST00979,P005,Office Chair,Furniture,Surat,Online,UPI,1,9676.02,0.25,9676.02,7257.02,0,1414.63,2025,3,March,Saturday,9676.02,7257.015
2025-03-22,ORD046625,CUST00926,P011,Mixer Grinder,Home,Jaipur,Store,Debit Card,2,4834.76,0.05,9669.52,9186.04,0,999.62,2025,3,March,Saturday,9669.52,9186.044
2025-03-22,ORD029213,CUST02662,P004,Smartwatch,Electronics,Mumbai,Online,Cash,2,6811.92,0.1,13623.84,12261.46,0,3020.99,2025,3,March,Saturday,13623.84,12261.456
2025-03-22,ORD016608,CUST02695,P002,Smartphone,Electronics,Chennai,Online,UPI,5,27979.99,0.05,139899.95,132904.95,0,24784.84,2025,3,March,Saturday,139899.95,132904.9525
2025-03-22,ORD046963,CUST00469,P006,Desk,Furniture,Ahmedabad,Store,UPI,2,11736.18,0.05,23472.36,22298.74,0,1876.92,2025,3,March,Saturday,23472.36,22298.742
2025-03-22,ORD004117,CUST00831,P005,Office Chair,Furniture,Surat,Online,UPI,1,9142.75,0.05,9142.75,8685.61,0,1227.28,2025,3,March,Saturday,9142.75,8685.6125
2025-03-22,ORD032999,CUST03072,P003,Headphones,Electronics,Bengaluru,Online,UPI,2,4156.59,0.2,8313.18,6650.54,0,855.39,2025,3,March,Saturday,8313.18,6650.544000000001
2025-03-22,ORD020541,CUST04246,P010,Coffee Maker,Home,Hyderabad,Store,Credit Card,2,5515.13,0.0,11030.26,11030.26,0,2555.33,2025,3,March,Saturday,11030.26,11030.26
2025-03-22,ORD032882,CUST04776,P002,Smartphone,Electronics,Delhi,Store,Credit Card,1,29728.16,0.05,29728.16,28241.75,0,2747.97,2025,3,March,Saturday,29728.16,28241.751999999997
2025-03-22,ORD019083,CUST04374,P005,Office Chair,Furniture,Hyderabad,Online,UPI,1,9759.83,0.1,9759.83,8783.85,0,1053.42,2025,3,March,Saturday,9759.83,8783.847
2025-03-23,ORD009164,CUST04723,P015,Dining Table,Furniture,Surat,Store,UPI,3,21362.8,0.05,64088.4,60883.98,0,11285.45,2025,3,March,Sunday,64088.399999999994,60883.979999999996
2025-03-23,ORD002835,CUST03263,P004,Smartwatch,Electronics,Kolkata,Online,UPI,3,6421.81,0.0,19265.43,19265.43,0,3211.72,2025,3,March,Sunday,19265.43,19265.43
2025-03-23,ORD025736,CUST04159,P019,Vacuum Cleaner,Home,Kolkata,Store,Net Banking,1,8316.39,0.05,8316.39,7900.57,0,1353.07,2025,3,March,Sunday,8316.39,7900.570499999999
2025-03-23,ORD018261,CUST03358,P020,Microwave,Home,Surat,Store,Credit Card,1,10525.6,0.15,10525.6,8946.76,0,2370.82,2025,3,March,Sunday,10525.6,8946.76
2025-03-23,ORD049388,CUST03141,P009,T-Shirt,Fashion,Bengaluru,Store,Debit Card,2,1144.73,0.1,2289.46,2060.51,0,232.77,2025,3,March,Sunday,2289.46,2060.514
2025-03-23,ORD033288,CUST03936,P016,Sofa,Furniture,Pune,Store,Credit Card,1,33787.33,0.1,33787.33,30408.6,0,6039.45,2025,3,March,Sunday,33787.33,30408.597
2025-03-23,ORD014620,CUST00532,P004,Smartwatch,Electronics,Delhi,Store,Credit Card,2,7557.9,0.2,15115.8,12092.64,0,2856.14,2025,3,March,Sunday,15115.8,12092.64
2025-03-23,ORD017843,CUST04045,P013,Monitor,Electronics,Mumbai,Online,Debit Card,3,16316.27,0.0,48948.81,48948.81,0,7227.41,2025,3,March,Sunday,48948.81,48948.81
2025-03-23,ORD022802,CUST03063,P018,Jacket,Fashion,Kolkata,Store,Debit Card,3,5384.32,0.05,16152.96,15345.31,0,3914.9,2025,3,March,Sunday,16152.96,15345.311999999998
2025-03-23,ORD003885,CUST02645,P011,Mixer Grinder,Home,Hyderabad,Store,Credit Card,1,4686.99,0.1,4686.99,4218.29,0,580.76,2025,3,March,Sunday,4686.99,4218.291
2025-03-23,ORD034423,CUST02698,P014,Keyboard,Electronics,Kolkata,Store,UPI,1,2324.85,0.15,2324.85,1976.12,0,470.39,2025,3,March,Sunday,2324.85,1976.1225
2025-03-23,ORD001871,CUST00247,P008,Running Shoes,Fashion,Bengaluru,Online,Credit Card,4,4342.36,0.1,17369.44,15632.5,0,2736.47,2025,3,March,Sunday,17369.44,15632.496
2025-03-23,ORD014066,CUST00181,P006,Desk,Furniture,Pune,Store,Credit Card,3,12196.99,0.05,36590.97,34761.42,0,7112.44,2025,3,March,Sunday,36590.97,34761.4215
2025-03-23,ORD038877,CUST01577,P007,Backpack,Accessories,Hyderabad,Online,Cash,1,2150.56,0.1,2150.56,1935.5,0,512.86,2025,3,March,Sunday,2150.56,1935.504
2025-03-23,ORD002101,CUST03104,P013,Monitor,Electronics,Chennai,Store,Credit Card,2,16649.01,0.0,33298.02,33298.02,1,-1664.9,2025,3,March,Sunday,33298.02,33298.02
2025-03-23,ORD012880,CUST02675,P015,Dining Table,Furniture,Kolkata,Store,Debit Card,1,21280.28,0.2,21280.28,17024.22,0,3198.43,2025,3,March,Sunday,21280.28,17024.224
2025-03-23,ORD049965,CUST04082,P020,Microwave,Home,Hyderabad,Online,UPI,1,11425.68,0.05,11425.68,10854.4,0,3010.85,2025,3,March,Sunday,11425.68,10854.396
2025-03-23,ORD005814,CUST01795,P005,Office Chair,Furniture,Delhi,Online,Credit Card,1,9835.66,0.25,9835.66,7376.74,0,941.03,2025,3,March,Sunday,9835.66,7376.745
2025-03-23,ORD049963,CUST02793,P007,Backpack,Accessories,Kolkata,Online,UPI,3,2033.82,0.15,6101.46,5186.24,0,858.22,2025,3,March,Sunday,6101.46,5186.241
2025-03-23,ORD029733,CUST04343,P003,Headphones,Electronics,Chennai,Online,UPI,1,4495.62,0.1,4495.62,4046.06,0,1096.1,2025,3,March,Sunday,4495.62,4046.058
2025-03-23,ORD031683,CUST03244,P013,Monitor,Electronics,Kolkata,Online,UPI,2,18650.16,0.0,37300.32,37300.32,0,6160.13,2025,3,March,Sunday,37300.32,37300.32
2025-03-23,ORD010116,CUST01164,P014,Keyboard,Electronics,Ahmedabad,Store,UPI,1,2387.88,0.0,2387.88,2387.88,0,216.44,2025,3,March,Sunday,2387.88,2387.88
2025-03-23,ORD025027,CUST00198,P015,Dining Table,Furniture,Pune,Online,Cash,1,23225.49,0.1,23225.49,20902.94,1,-1045.15,2025,3,March,Sunday,23225.49,20902.941000000003
2025-03-23,ORD015730,CUST02915,P007,Backpack,Accessories,Ahmedabad,Store,Credit Card,2,2298.02,0.05,4596.04,4366.24,0,1027.04,2025,3,March,Sunday,4596.04,4366.237999999999
2025-03-23,ORD027559,CUST03859,P014,Keyboard,Electronics,Kolkata,Online,UPI,1,2695.86,0.0,2695.86,2695.86,0,582.52,2025,3,March,Sunday,2695.86,2695.86
2025-03-23,ORD026145,CUST03000,P011,Mixer Grinder,Home,Pune,Online,Credit Card,1,5194.76,0.05,5194.76,4935.02,0,1379.22,2025,3,March,Sunday,5194.76,4935.022
2025-03-23,ORD034791,CUST01213,P002,Smartphone,Electronics,Kolkata,Online,UPI,2,27502.17,0.05,55004.34,52254.12,0,13793.82,2025,3,March,Sunday,55004.34,52254.12299999999
2025-03-23,ORD004567,CUST03992,P010,Coffee Maker,Home,Hyderabad,Online,Net Banking,2,5849.12,0.0,11698.24,11698.24,0,2393.24,2025,3,March,Sunday,11698.24,11698.24
2025-03-23,ORD003734,CUST01827,P017,Jeans,Fashion,Mumbai,Store,UPI,1,2538.5,0.1,2538.5,2284.65,1,-114.23,2025,3,March,Sunday,2538.5,2284.65
2025-03-23,ORD000555,CUST04344,P008,Running Shoes,Fashion,Pune,Online,Credit Card,1,4060.48,0.1,4060.48,3654.43,0,726.61,2025,3,March,Sunday,4060.48,3654.4320000000002
2025-03-23,ORD006019,CUST02057,P018,Jacket,Fashion,Chennai,Store,UPI,1,4966.9,0.05,4966.9,4718.55,0,454.78,2025,3,March,Sunday,4966.9,4718.554999999999
2025-03-23,ORD003204,CUST00584,P004,Smartwatch,Electronics,Chennai,Online,Credit Card,1,6573.57,0.2,6573.57,5258.86,0,737.48,2025,3,March,Sunday,6573.57,5258.856
2025-03-23,ORD041047,CUST03257,P018,Jacket,Fashion,Chennai,Online,UPI,1,5538.93,0.15,5538.93,4708.09,0,1263.97,2025,3,March,Sunday,5538.93,4708.0905
2025-03-23,ORD005632,CUST04834,P002,Smartphone,Electronics,Surat,Online,UPI,3,29717.85,0.1,89153.55,80238.19,0,11732.52,2025,3,March,Sunday,89153.54999999999,80238.195
2025-03-23,ORD028845,CUST02501,P003,Headphones,Electronics,Surat,Store,UPI,1,4405.07,0.1,4405.07,3964.56,0,285.71,2025,3,March,Sunday,4405.07,3964.5629999999996
2025-03-23,ORD006806,CUST00675,P002,Smartphone,Electronics,Jaipur,Online,UPI,1,28698.71,0.15,28698.71,24393.9,0,2929.15,2025,3,March,Sunday,28698.71,24393.9035
2025-03-23,ORD002018,CUST02043,P005,Office Chair,Furniture,Delhi,Online,Credit Card,1,9544.84,0.1,9544.84,8590.36,0,1194.81,2025,3,March,Sunday,9544.84,8590.356
2025-03-23,ORD016702,CUST02989,P013,Monitor,Electronics,Delhi,Store,Net Banking,2,16297.46,0.05,32594.92,30965.17,0,6771.14,2025,3,March,Sunday,32594.92,30965.173999999995
2025-03-23,ORD038481,CUST00254,P001,Laptop,Electronics,Bengaluru,Online,Credit Card,2,64828.51,0.1,129657.02,116691.32,0,27417.66,2025,3,March,Sunday,129657.02,116691.318
2025-03-23,ORD038897,CUST00474,P009,T-Shirt,Fashion,Jaipur,Store,UPI,1,1302.55,0.0,1302.55,1302.55,0,333.08,2025,3,March,Sunday,1302.55,1302.55
2025-03-23,ORD037512,CUST00326,P002,Smartphone,Electronics,Kolkata,Store,Credit Card,5,26222.69,0.1,131113.45,118002.1,0,20144.19,2025,3,March,Sunday,131113.44999999998,118002.10500000001
2025-03-23,ORD011931,CUST02302,P018,Jacket,Fashion,Pune,Store,UPI,1,4832.97,0.1,4832.97,4349.67,0,540.87,2025,3,March,Sunday,4832.97,4349.673000000001
2025-03-23,ORD020096,CUST03541,P003,Headphones,Electronics,Jaipur,Online,UPI,3,4406.0,0.15,13218.0,11235.3,0,865.8,2025,3,March,Sunday,13218.0,11235.3
2025-03-23,ORD045493,CUST04058,P012,Air Fryer,Home,Delhi,Online,UPI,1,6746.58,0.2,6746.58,5397.26,0,674.48,2025,3,March,Sunday,6746.58,5397.264
2025-03-23,ORD009738,CUST01363,P020,Microwave,Home,Delhi,Online,UPI,1,10181.21,0.2,10181.21,8144.97,0,694.93,2025,3,March,Sunday,10181.21,8144.968
2025-03-23,ORD026503,CUST04680,P014,Keyboard,Electronics,Chennai,Store,Credit Card,1,2496.42,0.1,2496.42,2246.78,0,490.12,2025,3,March,Sunday,2496.42,2246.7780000000002
2025-03-23,ORD006546,CUST03708,P007,Backpack,Accessories,Jaipur,Store,UPI,1,2384.84,0.2,2384.84,1907.87,0,116.0,2025,3,March,Sunday,2384.84,1907.8720000000003
2025-03-23,ORD037792,CUST03675,P001,Laptop,Electronics,Bengaluru,Online,Credit Card,2,61050.01,0.0,122100.02,122100.02,0,27160.73,2025,3,March,Sunday,122100.02,122100.02
2025-03-23,ORD002869,CUST02036,P011,Mixer Grinder,Home,Mumbai,Store,Debit Card,1,4475.0,0.2,4475.0,3580.0,0,890.83,2025,3,March,Sunday,4475.0,3580.0
2025-03-23,ORD029284,CUST04693,P011,Mixer Grinder,Home,Pune,Store,Credit Card,1,4423.14,0.1,4423.14,3980.83,0,525.17,2025,3,March,Sunday,4423.14,3980.8260000000005
2025-03-23,ORD044397,CUST03941,P004,Smartwatch,Electronics,Jaipur,Store,UPI,2,6531.91,0.1,13063.82,11757.44,0,2331.05,2025,3,March,Sunday,13063.82,11757.438
2025-03-23,ORD035627,CUST00180,P011,Mixer Grinder,Home,Hyderabad,Store,Cash,1,4483.58,0.15,4483.58,3811.04,0,292.62,2025,3,March,Sunday,4483.58,3811.0429999999997
2025-03-23,ORD003997,CUST01721,P001,Laptop,Electronics,Surat,Online,Debit Card,1,62845.06,0.05,62845.06,59702.81,0,6468.4,2025,3,March,Sunday,62845.06,59702.80699999999
2025-03-23,ORD023027,CUST03687,P015,Dining Table,Furniture,Surat,Store,Credit Card,1,21453.81,0.05,21453.81,20381.12,0,5555.79,2025,3,March,Sunday,21453.81,20381.1195
2025-03-23,ORD035358,CUST00088,P013,Monitor,Electronics,Mumbai,Store,UPI,1,16348.14,0.1,16348.14,14713.33,0,1879.0,2025,3,March,Sunday,16348.14,14713.326
2025-03-23,ORD034590,CUST01224,P009,T-Shirt,Fashion,Hyderabad,Online,Credit Card,2,1120.23,0.1,2240.46,2016.41,0,215.63,2025,3,March,Sunday,2240.46,2016.414
2025-03-23,ORD040629,CUST00465,P019,Vacuum Cleaner,Home,Hyderabad,Online,UPI,2,9345.87,0.15,18691.74,15887.98,0,4225.37,2025,3,March,Sunday,18691.74,15887.979000000001
2025-03-23,ORD031286,CUST04393,P003,Headphones,Electronics,Jaipur,Store,UPI,1,4198.06,0.2,4198.06,3358.45,0,774.17,2025,3,March,Sunday,4198.06,3358.4480000000003
2025-03-23,ORD042865,CUST02817,P018,Jacket,Fashion,Pune,Online,UPI,1,5112.02,0.0,5112.02,5112.02,0,1272.89,2025,3,March,Sunday,5112.02,5112.02
2025-03-23,ORD024407,CUST00386,P010,Coffee Maker,Home,Bengaluru,Online,Credit Card,1,5217.62,0.1,5217.62,4695.86,1,-234.79,2025,3,March,Sunday,5217.62,4695.858
2025-03-23,ORD034499,CUST00487,P003,Headphones,Electronics,Kolkata,Online,Debit Card,2,4408.27,0.05,8816.54,8375.71,0,1078.46,2025,3,March,Sunday,8816.54,8375.713
2025-03-23,ORD040245,CUST00693,P006,Desk,Furniture,Pune,Online,UPI,1,13147.31,0.1,13147.31,11832.58,0,2685.43,2025,3,March,Sunday,13147.31,11832.579
2025-03-23,ORD033280,CUST02469,P019,Vacuum Cleaner,Home,Jaipur,Store,Net Banking,1,9169.12,0.05,9169.12,8710.66,0,2064.69,2025,3,March,Sunday,9169.12,8710.664
2025-03-23,ORD016669,CUST03796,P005,Office Chair,Furniture,Jaipur,Online,Net Banking,1,9531.64,0.2,9531.64,7625.31,1,-381.27,2025,3,March,Sunday,9531.64,7625.312
2025-03-23,ORD039845,CUST02086,P006,Desk,Furniture,Jaipur,Online,UPI,1,11926.03,0.2,11926.03,9540.82,0,542.6,2025,3,March,Sunday,11926.03,9540.824
2025-03-24,ORD037424,CUST02734,P010,Coffee Maker,Home,Jaipur,Store,Credit Card,1,5088.82,0.1,5088.82,4579.94,0,943.78,2025,3,March,Monday,5088.82,4579.938
2025-03-24,ORD003034,CUST03648,P008,Running Shoes,Fashion,Chennai,Online,UPI,2,4419.42,0.0,8838.84,8838.84,0,1464.04,2025,3,March,Monday,8838.84,8838.84
2025-03-24,ORD024835,CUST01778,P014,Keyboard,Electronics,Jaipur,Online,Credit Card,1,2328.57,0.1,2328.57,2095.71,0,126.92,2025,3,March,Monday,2328.57,2095.713
2025-03-24,ORD016171,CUST03402,P017,Jeans,Fashion,Mumbai,Online,Credit Card,1,2849.18,0.1,2849.18,2564.26,0,545.88,2025,3,March,Monday,2849.18,2564.2619999999997
2025-03-24,ORD041409,CUST04700,P011,Mixer Grinder,Home,Hyderabad,Online,Credit Card,3,5249.35,0.1,15748.05,14173.24,0,2954.18,2025,3,March,Monday,15748.050000000001,14173.244999999999
2025-03-24,ORD021131,CUST00409,P009,T-Shirt,Fashion,Jaipur,Store,Debit Card,1,1205.78,0.1,1205.78,1085.2,0,203.71,2025,3,March,Monday,1205.78,1085.202
2025-03-24,ORD016296,CUST02859,P002,Smartphone,Electronics,Delhi,Online,Debit Card,1,28471.8,0.15,28471.8,24201.03,0,4449.62,2025,3,March,Monday,28471.8,24201.03
2025-03-24,ORD017762,CUST02061,P017,Jeans,Fashion,Ahmedabad,Online,UPI,1,3032.8,0.0,3032.8,3032.8,0,608.31,2025,3,March,Monday,3032.8,3032.8
2025-03-24,ORD005763,CUST03004,P009,T-Shirt,Fashion,Mumbai,Store,UPI,2,1091.31,0.0,2182.62,2182.62,0,192.58,2025,3,March,Monday,2182.62,2182.62
2025-03-24,ORD030772,CUST03319,P014,Keyboard,Electronics,Surat,Online,Net Banking,1,2584.38,0.0,2584.38,2584.38,0,234.5,2025,3,March,Monday,2584.38,2584.38
2025-03-24,ORD003050,CUST03489,P015,Dining Table,Furniture,Kolkata,Online,Credit Card,1,21060.69,0.05,21060.69,20007.66,0,5140.0,2025,3,March,Monday,21060.69,20007.655499999997
2025-03-24,ORD045961,CUST02335,P015,Dining Table,Furniture,Jaipur,Online,Debit Card,1,22322.91,0.2,22322.91,17858.33,0,797.19,2025,3,March,Monday,22322.91,17858.328
2025-03-24,ORD010970,CUST00559,P001,Laptop,Electronics,Mumbai,Online,Cash,3,61911.92,0.05,185735.76,176448.97,0,48409.99,2025,3,March,Monday,185735.76,176448.972
2025-03-24,ORD018300,CUST02096,P011,Mixer Grinder,Home,Ahmedabad,Online,UPI,1,4966.18,0.05,4966.18,4717.87,0,732.65,2025,3,March,Monday,4966.18,4717.871
2025-03-24,ORD021210,CUST02735,P015,Dining Table,Furniture,Surat,Store,Debit Card,1,23022.59,0.1,23022.59,20720.33,0,3155.27,2025,3,March,Monday,23022.59,20720.331000000002
2025-03-24,ORD039788,CUST01247,P009,T-Shirt,Fashion,Bengaluru,Online,UPI,1,1304.15,0.2,1304.15,1043.32,1,-52.17,2025,3,March,Monday,1304.15,1043.3200000000002
2025-03-24,ORD042205,CUST01612,P011,Mixer Grinder,Home,Ahmedabad,Online,Debit Card,1,4984.08,0.1,4984.08,4485.67,0,417.06,2025,3,March,Monday,4984.08,4485.6720000000005
2025-03-24,ORD017681,CUST04320,P017,Jeans,Fashion,Chennai,Online,UPI,4,2522.54,0.0,10090.16,10090.16,0,1036.45,2025,3,March,Monday,10090.16,10090.16
2025-03-24,ORD024533,CUST00370,P010,Coffee Maker,Home,Surat,Online,Debit Card,1,5488.1,0.2,5488.1,4390.48,0,448.5,2025,3,March,Monday,5488.1,4390.4800000000005
2025-03-24,ORD048022,CUST00333,P017,Jeans,Fashion,Bengaluru,Online,Credit Card,1,2802.51,0.2,2802.51,2242.01,0,335.66,2025,3,March,Monday,2802.51,2242.0080000000003
2025-03-24,ORD029600,CUST04584,P003,Headphones,Electronics,Hyderabad,Online,Cash,3,4328.73,0.1,12986.19,11687.57,1,-584.38,2025,3,March,Monday,12986.189999999999,11687.571
2025-03-24,ORD030030,CUST00637,P010,Coffee Maker,Home,Ahmedabad,Store,UPI,2,5780.05,0.25,11560.1,8670.08,0,2020.84,2025,3,March,Monday,11560.1,8670.075
2025-03-24,ORD007672,CUST04531,P004,Smartwatch,Electronics,Delhi,Online,Debit Card,2,7177.14,0.2,14354.28,11483.42,0,1904.06,2025,3,March,Monday,14354.28,11483.424
2025-03-24,ORD017990,CUST00295,P007,Backpack,Accessories,Ahmedabad,Online,UPI,3,2223.04,0.1,6669.12,6002.21,0,1548.34,2025,3,March,Monday,6669.12,6002.208
2025-03-24,ORD044826,CUST00250,P002,Smartphone,Electronics,Jaipur,Online,Credit Card,1,27197.51,0.05,27197.51,25837.63,0,4032.94,2025,3,March,Monday,27197.51,25837.634499999996
2025-03-24,ORD001479,CUST03013,P004,Smartwatch,Electronics,Ahmedabad,Online,UPI,1,7065.79,0.15,7065.79,6005.92,0,1187.01,2025,3,March,Monday,7065.79,6005.9214999999995
2025-03-24,ORD000178,CUST02149,P008,Running Shoes,Fashion,Kolkata,Online,UPI,1,4158.52,0.2,4158.52,3326.82,0,210.43,2025,3,March,Monday,4158.52,3326.8160000000007
2025-03-24,ORD019716,CUST02593,P014,Keyboard,Electronics,Mumbai,Online,UPI,1,2701.99,0.2,2701.99,2161.59,0,519.72,2025,3,March,Monday,2701.99,2161.592
2025-03-24,ORD034556,CUST02068,P019,Vacuum Cleaner,Home,Hyderabad,Online,UPI,2,8984.01,0.1,17968.02,16171.22,0,2501.34,2025,3,March,Monday,17968.02,16171.218
2025-03-24,ORD011704,CUST00454,P010,Coffee Maker,Home,Hyderabad,Online,UPI,2,5312.48,0.05,10624.96,10093.71,0,2755.27,2025,3,March,Monday,10624.96,10093.712
2025-03-24,ORD041546,CUST00052,P007,Backpack,Accessories,Jaipur,Online,Net Banking,1,2089.55,0.15,2089.55,1776.12,0,132.52,2025,3,March,Monday,2089.55,1776.1175
2025-03-24,ORD009232,CUST00521,P018,Jacket,Fashion,Kolkata,Online,UPI,1,4960.9,0.2,4960.9,3968.72,0,528.97,2025,3,March,Monday,4960.9,3968.72
2025-03-24,ORD002610,CUST04381,P020,Microwave,Home,Delhi,Online,Credit Card,2,10325.85,0.05,20651.7,19619.11,0,1875.6,2025,3,March,Monday,20651.7,19619.114999999998
2025-03-24,ORD004560,CUST02202,P020,Microwave,Home,Hyderabad,Online,Net Banking,1,11273.4,0.15,11273.4,9582.39,0,816.32,2025,3,March,Monday,11273.4,9582.39
2025-03-24,ORD049135,CUST03134,P006,Desk,Furniture,Pune,Online,UPI,2,10919.53,0.05,21839.06,20747.11,0,4182.81,2025,3,March,Monday,21839.06,20747.107
2025-03-24,ORD047766,CUST03574,P017,Jeans,Fashion,Hyderabad,Online,UPI,2,2987.44,0.0,5974.88,5974.88,0,1423.61,2025,3,March,Monday,5974.88,5974.88
2025-03-24,ORD021921,CUST04122,P015,Dining Table,Furniture,Jaipur,Store,Credit Card,1,23115.04,0.15,23115.04,19647.78,0,2463.51,2025,3,March,Monday,23115.04,19647.784
2025-03-24,ORD035303,CUST01329,P017,Jeans,Fashion,Ahmedabad,Online,Credit Card,2,2928.85,0.15,5857.7,4979.04,1,-248.95,2025,3,March,Monday,5857.7,4979.045
2025-03-24,ORD044688,CUST03913,P012,Air Fryer,Home,Hyderabad,Store,UPI,1,6633.34,0.1,6633.34,5970.01,0,1348.22,2025,3,March,Monday,6633.34,5970.006
2025-03-24,ORD008341,CUST02302,P019,Vacuum Cleaner,Home,Jaipur,Online,Credit Card,1,9787.91,0.15,9787.91,8319.72,0,1225.32,2025,3,March,Monday,9787.91,8319.7235
2025-03-24,ORD048116,CUST01348,P011,Mixer Grinder,Home,Hyderabad,Online,Debit Card,2,4571.29,0.0,9142.58,9142.58,0,2347.21,2025,3,March,Monday,9142.58,9142.58
2025-03-24,ORD046854,CUST00793,P008,Running Shoes,Fashion,Surat,Store,UPI,1,4583.42,0.05,4583.42,4354.25,0,638.53,2025,3,March,Monday,4583.42,4354.249
2025-03-24,ORD042964,CUST03814,P020,Microwave,Home,Kolkata,Online,Net Banking,1,10348.69,0.2,10348.69,8278.95,0,620.67,2025,3,March,Monday,10348.69,8278.952000000001
2025-03-24,ORD040133,CUST01638,P006,Desk,Furniture,Surat,Store,Credit Card,2,13165.24,0.1,26330.48,23697.43,0,2526.61,2025,3,March,Monday,26330.48,23697.432
2025-03-24,ORD028697,CUST04297,P018,Jacket,Fashion,Ahmedabad,Store,Debit Card,1,4831.15,0.2,4831.15,3864.92,0,380.49,2025,3,March,Monday,4831.15,3864.92
2025-03-24,ORD045333,CUST01903,P020,Microwave,Home,Mumbai,Online,UPI,1,11839.16,0.1,11839.16,10655.24,0,1019.12,2025,3,March,Monday,11839.16,10655.244
2025-03-24,ORD046728,CUST00472,P015,Dining Table,Furniture,Surat,Store,Cash,3,20609.07,0.1,61827.21,55644.49,1,-2782.22,2025,3,March,Monday,61827.21,55644.489
2025-03-24,ORD038836,CUST04814,P013,Monitor,Electronics,Bengaluru,Online,Net Banking,2,19137.89,0.1,38275.78,34448.2,0,4360.45,2025,3,March,Monday,38275.78,34448.202
2025-03-24,ORD021783,CUST01652,P005,Office Chair,Furniture,Mumbai,Online,Debit Card,1,10119.77,0.05,10119.77,9613.78,0,1036.05,2025,3,March,Monday,10119.77,9613.7815
2025-03-24,ORD007182,CUST04621,P009,T-Shirt,Fashion,Jaipur,Online,Credit Card,1,1306.15,0.15,1306.15,1110.23,0,180.7,2025,3,March,Monday,1306.15,1110.2275
2025-03-24,ORD047587,CUST00899,P019,Vacuum Cleaner,Home,Ahmedabad,Store,Debit Card,1,9474.39,0.05,9474.39,9000.67,0,928.64,2025,3,March,Monday,9474.39,9000.670499999998
2025-03-24,ORD016055,CUST01185,P011,Mixer Grinder,Home,Delhi,Online,UPI,1,4637.75,0.05,4637.75,4405.86,0,1215.76,2025,3,March,Monday,4637.75,4405.8625
2025-03-24,ORD014553,CUST03203,P019,Vacuum Cleaner,Home,Mumbai,Online,UPI,4,8632.34,0.05,34529.36,32802.89,0,3773.23,2025,3,March,Monday,34529.36,32802.892
2025-03-24,ORD009923,CUST02776,P014,Keyboard,Electronics,Bengaluru,Online,Debit Card,2,2730.83,0.1,5461.66,4915.49,1,-245.77,2025,3,March,Monday,5461.66,4915.494
2025-03-24,ORD001385,CUST01888,P019,Vacuum Cleaner,Home,Kolkata,Online,Cash,1,9684.52,0.15,9684.52,8231.84,1,-411.59,2025,3,March,Monday,9684.52,8231.842
2025-03-24,ORD021773,CUST04669,P018,Jacket,Fashion,Delhi,Store,Credit Card,1,5070.23,0.15,5070.23,4309.7,0,990.28,2025,3,March,Monday,5070.23,4309.6955
2025-03-24,ORD017237,CUST02524,P015,Dining Table,Furniture,Kolkata,Online,UPI,2,19862.75,0.1,39725.5,35752.95,0,3175.57,2025,3,March,Monday,39725.5,35752.950000000004
2025-03-24,ORD042562,CUST04382,P013,Monitor,Electronics,Chennai,Online,Credit Card,1,17040.02,0.2,17040.02,13632.02,0,2742.34,2025,3,March,Monday,17040.02,13632.016000000001
2025-03-24,ORD011425,CUST01694,P019,Vacuum Cleaner,Home,Pune,Store,Net Banking,1,8234.95,0.05,8234.95,7823.2,0,832.29,2025,3,March,Monday,8234.95,7823.2025
2025-03-24,ORD007503,CUST01601,P015,Dining Table,Furniture,Chennai,Store,Credit Card,1,20372.46,0.2,20372.46,16297.97,0,3352.31,2025,3,March,Monday,20372.46,16297.968
2025-03-24,ORD037998,CUST02551,P011,Mixer Grinder,Home,Pune,Online,Debit Card,1,5172.71,0.0,5172.71,5172.71,0,1386.83,2025,3,March,Monday,5172.71,5172.71
2025-03-24,ORD009341,CUST04423,P004,Smartwatch,Electronics,Kolkata,Online,Debit Card,5,6652.59,0.15,33262.95,28273.51,0,6445.31,2025,3,March,Monday,33262.95,28273.507499999996
2025-03-24,ORD029491,CUST01674,P003,Headphones,Electronics,Ahmedabad,Store,UPI,1,4356.57,0.05,4356.57,4138.74,0,1174.31,2025,3,March,Monday,4356.57,4138.741499999999
2025-03-24,ORD028864,CUST01531,P003,Headphones,Electronics,Ahmedabad,Store,UPI,1,4478.93,0.15,4478.93,3807.09,0,515.25,2025,3,March,Monday,4478.93,3807.0905000000002
2025-03-24,ORD033054,CUST04066,P009,T-Shirt,Fashion,Kolkata,Online,Cash,2,1168.07,0.0,2336.14,2336.14,0,609.29,2025,3,March,Monday,2336.14,2336.14
2025-03-24,ORD049233,CUST03325,P001,Laptop,Electronics,Hyderabad,Store,Cash,1,65259.45,0.1,65259.45,58733.5,0,7474.05,2025,3,March,Monday,65259.45,58733.505
2025-03-24,ORD046166,CUST04560,P008,Running Shoes,Fashion,Mumbai,Store,Credit Card,2,4616.82,0.1,9233.64,8310.28,0,2215.72,2025,3,March,Monday,9233.64,8310.276
2025-03-24,ORD042907,CUST03087,P017,Jeans,Fashion,Kolkata,Store,Credit Card,4,2526.18,0.1,10104.72,9094.25,0,702.67,2025,3,March,Monday,10104.72,9094.248
2025-03-24,ORD023658,CUST00351,P012,Air Fryer,Home,Jaipur,Online,Credit Card,1,7248.52,0.15,7248.52,6161.24,0,1592.2,2025,3,March,Monday,7248.52,6161.242
2025-03-24,ORD002354,CUST04684,P015,Dining Table,Furniture,Pune,Store,UPI,1,22634.02,0.15,22634.02,19238.92,0,4310.52,2025,3,March,Monday,22634.02,19238.917
2025-03-24,ORD000794,CUST00762,P014,Keyboard,Electronics,Bengaluru,Store,UPI,2,2655.94,0.05,5311.88,5046.29,0,411.81,2025,3,March,Monday,5311.88,5046.286
2025-03-24,ORD024093,CUST02965,P013,Monitor,Electronics,Pune,Store,UPI,1,19187.52,0.15,19187.52,16309.39,0,3592.14,2025,3,March,Monday,19187.52,16309.392
2025-03-25,ORD038662,CUST02457,P001,Laptop,Electronics,Delhi,Store,Cash,2,64852.97,0.05,129705.94,123220.64,0,8733.26,2025,3,March,Tuesday,129705.94,123220.643
2025-03-25,ORD007458,CUST01184,P019,Vacuum Cleaner,Home,Jaipur,Online,Cash,1,9839.24,0.05,9839.24,9347.28,0,956.55,2025,3,March,Tuesday,9839.24,9347.278
2025-03-25,ORD002659,CUST00936,P011,Mixer Grinder,Home,Delhi,Store,UPI,1,5090.28,0.1,5090.28,4581.25,0,546.96,2025,3,March,Tuesday,5090.28,4581.2519999999995
2025-03-25,ORD030496,CUST04328,P016,Sofa,Furniture,Pune,Store,Net Banking,1,36247.66,0.15,36247.66,30810.51,0,4258.16,2025,3,March,Tuesday,36247.66,30810.511000000002
2025-03-25,ORD033340,CUST03986,P004,Smartwatch,Electronics,Hyderabad,Store,UPI,1,7152.46,0.15,7152.46,6079.59,0,494.27,2025,3,March,Tuesday,7152.46,6079.590999999999
2025-03-25,ORD045154,CUST03149,P002,Smartphone,Electronics,Jaipur,Store,UPI,3,25478.37,0.05,76435.11,72613.35,1,-3630.67,2025,3,March,Tuesday,76435.11,72613.3545
2025-03-25,ORD024656,CUST04628,P013,Monitor,Electronics,Hyderabad,Store,Cash,1,17242.36,0.25,17242.36,12931.77,0,2161.64,2025,3,March,Tuesday,17242.36,12931.77
2025-03-25,ORD022468,CUST03813,P005,Office Chair,Furniture,Hyderabad,Online,Net Banking,1,9715.21,0.15,9715.21,8257.93,0,2005.5,2025,3,March,Tuesday,9715.21,8257.928499999998
2025-03-25,ORD022671,CUST01965,P012,Air Fryer,Home,Surat,Store,UPI,1,7132.94,0.15,7132.94,6063.0,0,1387.68,2025,3,March,Tuesday,7132.94,6062.999
2025-03-25,ORD001664,CUST01507,P007,Backpack,Accessories,Mumbai,Store,UPI,1,2098.19,0.0,2098.19,2098.19,0,540.44,2025,3,March,Tuesday,2098.19,2098.19
2025-03-25,ORD034971,CUST01382,P009,T-Shirt,Fashion,Mumbai,Store,Debit Card,1,1165.18,0.0,1165.18,1165.18,0,145.45,2025,3,March,Tuesday,1165.18,1165.18
2025-03-25,ORD049182,CUST01763,P003,Headphones,Electronics,Kolkata,Online,UPI,2,4214.24,0.1,8428.48,7585.63,0,1660.75,2025,3,March,Tuesday,8428.48,7585.632
2025-03-25,ORD005802,CUST00837,P014,Keyboard,Electronics,Surat,Store,Credit Card,1,2722.08,0.25,2722.08,2041.56,0,81.82,2025,3,March,Tuesday,2722.08,2041.56
2025-03-25,ORD037620,CUST00661,P009,T-Shirt,Fashion,Surat,Online,UPI,2,1129.11,0.15,2258.22,1919.49,1,-95.97,2025,3,March,Tuesday,2258.22,1919.4869999999999
2025-03-25,ORD047984,CUST02851,P006,Desk,Furniture,Bengaluru,Store,Credit Card,1,12944.86,0.1,12944.86,11650.37,0,1834.31,2025,3,March,Tuesday,12944.86,11650.374000000002
2025-03-25,ORD005244,CUST04973,P017,Jeans,Fashion,Delhi,Online,UPI,1,2889.57,0.1,2889.57,2600.61,0,353.63,2025,3,March,Tuesday,2889.57,2600.6130000000003
2025-03-25,ORD031502,CUST01953,P013,Monitor,Electronics,Bengaluru,Online,Credit Card,1,19333.21,0.0,19333.21,19333.21,0,2295.28,2025,3,March,Tuesday,19333.21,19333.21
2025-03-25,ORD019508,CUST01794,P017,Jeans,Fashion,Pune,Store,Credit Card,1,3021.87,0.0,3021.87,3021.87,0,609.29,2025,3,March,Tuesday,3021.87,3021.87
2025-03-25,ORD022663,CUST04826,P014,Keyboard,Electronics,Surat,Online,Credit Card,1,2508.99,0.1,2508.99,2258.09,0,587.74,2025,3,March,Tuesday,2508.99,2258.091
2025-03-25,ORD007006,CUST00962,P007,Backpack,Accessories,Bengaluru,Online,Credit Card,2,2160.29,0.05,4320.58,4104.55,0,434.73,2025,3,March,Tuesday,4320.58,4104.5509999999995
2025-03-25,ORD023915,CUST01879,P006,Desk,Furniture,Surat,Store,Debit Card,2,12800.48,0.2,25600.96,20480.77,0,3137.51,2025,3,March,Tuesday,25600.96,20480.768
2025-03-25,ORD009973,CUST00011,P019,Vacuum Cleaner,Home,Kolkata,Online,UPI,2,9057.42,0.0,18114.84,18114.84,0,4754.14,2025,3,March,Tuesday,18114.84,18114.84
2025-03-25,ORD022506,CUST02229,P001,Laptop,Electronics,Ahmedabad,Online,UPI,2,68710.98,0.1,137421.96,123679.76,0,32353.83,2025,3,March,Tuesday,137421.96,123679.764
2025-03-25,ORD048020,CUST04912,P006,Desk,Furniture,Jaipur,Store,Credit Card,1,10899.41,0.1,10899.41,9809.47,0,1352.72,2025,3,March,Tuesday,10899.41,9809.469000000001
2025-03-25,ORD049305,CUST02870,P006,Desk,Furniture,Mumbai,Online,UPI,1,12760.09,0.1,12760.09,11484.08,0,1717.67,2025,3,March,Tuesday,12760.09,11484.081
2025-03-25,ORD015191,CUST03719,P008,Running Shoes,Fashion,Kolkata,Store,UPI,5,4594.43,0.25,22972.15,17229.11,0,2720.14,2025,3,March,Tuesday,22972.15,17229.112500000003
2025-03-25,ORD045959,CUST04792,P020,Microwave,Home,Chennai,Online,Credit Card,1,10859.56,0.1,10859.56,9773.6,0,970.23,2025,3,March,Tuesday,10859.56,9773.604
2025-03-25,ORD025488,CUST02444,P019,Vacuum Cleaner,Home,Jaipur,Store,Debit Card,1,9701.92,0.05,9701.92,9216.82,0,2347.78,2025,3,March,Tuesday,9701.92,9216.824
2025-03-25,ORD006082,CUST01648,P007,Backpack,Accessories,Kolkata,Online,Credit Card,1,2170.06,0.2,2170.06,1736.05,0,441.58,2025,3,March,Tuesday,2170.06,1736.048
2025-03-25,ORD014754,CUST04060,P013,Monitor,Electronics,Delhi,Online,Credit Card,1,18922.77,0.1,18922.77,17030.49,0,2327.75,2025,3,March,Tuesday,18922.77,17030.493000000002
2025-03-25,ORD024347,CUST04038,P002,Smartphone,Electronics,Ahmedabad,Store,UPI,2,29143.69,0.0,58287.38,58287.38,0,10875.86,2025,3,March,Tuesday,58287.38,58287.38
2025-03-25,ORD025076,CUST04941,P013,Monitor,Electronics,Jaipur,Online,Debit Card,1,17118.34,0.25,17118.34,12838.76,0,1411.94,2025,3,March,Tuesday,17118.34,12838.755000000001
2025-03-25,ORD017169,CUST00945,P012,Air Fryer,Home,Mumbai,Online,Net Banking,1,6863.49,0.0,6863.49,6863.49,1,-343.17,2025,3,March,Tuesday,6863.49,6863.49
2025-03-25,ORD024223,CUST02553,P014,Keyboard,Electronics,Kolkata,Store,Credit Card,3,2700.97,0.15,8102.91,6887.47,0,1398.91,2025,3,March,Tuesday,8102.91,6887.4735
2025-03-25,ORD006497,CUST04343,P007,Backpack,Accessories,Pune,Online,UPI,2,2093.24,0.1,4186.48,3767.83,0,369.15,2025,3,March,Tuesday,4186.48,3767.832
2025-03-25,ORD031237,CUST03301,P012,Air Fryer,Home,Mumbai,Store,UPI,1,6792.23,0.1,6792.23,6113.01,0,1679.87,2025,3,March,Tuesday,6792.23,6113.007
2025-03-25,ORD047686,CUST02867,P007,Backpack,Accessories,Delhi,Online,Credit Card,1,2239.13,0.25,2239.13,1679.35,0,149.61,2025,3,March,Tuesday,2239.13,1679.3475
2025-03-25,ORD002816,CUST01285,P014,Keyboard,Electronics,Mumbai,Online,Credit Card,1,2543.32,0.15,2543.32,2161.82,0,492.75,2025,3,March,Tuesday,2543.32,2161.822
2025-03-25,ORD025267,CUST04323,P001,Laptop,Electronics,Mumbai,Online,UPI,2,64856.88,0.25,129713.76,97285.32,0,24140.75,2025,3,March,Tuesday,129713.76,97285.31999999999
2025-03-25,ORD001318,CUST01826,P012,Air Fryer,Home,Chennai,Online,Credit Card,1,7742.42,0.2,7742.42,6193.94,0,1141.29,2025,3,March,Tuesday,7742.42,6193.936000000001
2025-03-25,ORD016386,CUST03002,P007,Backpack,Accessories,Bengaluru,Store,UPI,1,2178.23,0.15,2178.23,1851.5,0,421.86,2025,3,March,Tuesday,2178.23,1851.4955
2025-03-25,ORD031595,CUST01662,P009,T-Shirt,Fashion,Bengaluru,Store,Debit Card,1,1119.04,0.1,1119.04,1007.14,0,245.58,2025,3,March,Tuesday,1119.04,1007.136
2025-03-25,ORD009928,CUST01930,P020,Microwave,Home,Ahmedabad,Online,Credit Card,3,11041.21,0.1,33123.63,29811.27,0,3330.38,2025,3,March,Tuesday,33123.63,29811.267
2025-03-25,ORD022032,CUST04729,P016,Sofa,Furniture,Bengaluru,Store,UPI,1,32633.48,0.05,32633.48,31001.81,0,3475.21,2025,3,March,Tuesday,32633.48,31001.805999999997
2025-03-25,ORD047325,CUST04358,P006,Desk,Furniture,Ahmedabad,Online,UPI,1,10835.71,0.1,10835.71,9752.14,0,1209.59,2025,3,March,Tuesday,10835.71,9752.139
2025-03-25,ORD029355,CUST03808,P013,Monitor,Electronics,Kolkata,Store,UPI,3,19425.37,0.1,58276.11,52448.5,0,4254.18,2025,3,March,Tuesday,58276.11,52448.499
2025-03-25,ORD020685,CUST02738,P013,Monitor,Electronics,Ahmedabad,Online,Net Banking,1,16251.12,0.0,16251.12,16251.12,0,2183.66,2025,3,March,Tuesday,16251.12,16251.12
2025-03-25,ORD032812,CUST03301,P004,Smartwatch,Electronics,Delhi,Online,UPI,1,6378.56,0.15,6378.56,5421.78,0,818.51,2025,3,March,Tuesday,6378.56,5421.776
2025-03-25,ORD034080,CUST00135,P019,Vacuum Cleaner,Home,Chennai,Store,Credit Card,1,8695.62,0.15,8695.62,7391.28,0,421.07,2025,3,March,Tuesday,8695.62,7391.277
2025-03-25,ORD027209,CUST00297,P019,Vacuum Cleaner,Home,Bengaluru,Store,Debit Card,2,9006.05,0.1,18012.1,16210.89,0,3573.53,2025,3,March,Tuesday,18012.1,16210.89
2025-03-25,ORD042459,CUST02970,P017,Jeans,Fashion,Hyderabad,Store,Cash,1,2918.49,0.1,2918.49,2626.64,0,516.56,2025,3,March,Tuesday,2918.49,2626.641
2025-03-25,ORD028280,CUST04637,P014,Keyboard,Electronics,Bengaluru,Online,UPI,1,2648.74,0.05,2648.74,2516.3,0,540.35,2025,3,March,Tuesday,2648.74,2516.303
2025-03-25,ORD006861,CUST01722,P015,Dining Table,Furniture,Hyderabad,Store,UPI,2,21174.84,0.0,42349.68,42349.68,0,6436.73,2025,3,March,Tuesday,42349.68,42349.68
2025-03-25,ORD038390,CUST00996,P015,Dining Table,Furniture,Kolkata,Store,UPI,1,20010.59,0.05,20010.59,19010.06,0,2711.56,2025,3,March,Tuesday,20010.59,19010.0605
2025-03-25,ORD022322,CUST04863,P016,Sofa,Furniture,Bengaluru,Online,Debit Card,4,36749.01,0.05,146996.04,139646.24,0,24141.1,2025,3,March,Tuesday,146996.04,139646.238
2025-03-25,ORD039175,CUST01795,P013,Monitor,Electronics,Mumbai,Store,UPI,1,17116.72,0.1,17116.72,15405.05,0,3024.77,2025,3,March,Tuesday,17116.72,15405.048
2025-03-25,ORD038649,CUST04828,P006,Desk,Furniture,Mumbai,Store,Credit Card,3,12959.08,0.2,38877.24,31101.79,0,5540.92,2025,3,March,Tuesday,38877.24,31101.792
2025-03-25,ORD027261,CUST02895,P005,Office Chair,Furniture,Chennai,Store,UPI,1,10042.71,0.1,10042.71,9038.44,0,1638.21,2025,3,March,Tuesday,10042.71,9038.439
2025-03-25,ORD020698,CUST00528,P006,Desk,Furniture,Delhi,Online,Credit Card,1,11036.2,0.15,11036.2,9380.77,0,2460.65,2025,3,March,Tuesday,11036.2,9380.77
2025-03-25,ORD022325,CUST01167,P016,Sofa,Furniture,Chennai,Online,UPI,1,38332.35,0.05,38332.35,36415.73,0,8952.22,2025,3,March,Tuesday,38332.35,36415.7325
2025-03-25,ORD017722,CUST00802,P001,Laptop,Electronics,Jaipur,Online,Debit Card,1,60333.52,0.25,60333.52,45250.14,0,3658.25,2025,3,March,Tuesday,60333.52,45250.14
2025-03-25,ORD031425,CUST03982,P017,Jeans,Fashion,Hyderabad,Store,UPI,1,2775.5,0.15,2775.5,2359.17,0,118.3,2025,3,March,Tuesday,2775.5,2359.1749999999997
2025-03-25,ORD002619,CUST02144,P008,Running Shoes,Fashion,Ahmedabad,Store,Debit Card,1,4579.44,0.0,4579.44,4579.44,0,872.64,2025,3,March,Tuesday,4579.44,4579.44
2025-03-25,ORD018898,CUST00164,P015,Dining Table,Furniture,Kolkata,Online,Net Banking,5,20916.32,0.15,104581.6,88894.36,0,21486.11,2025,3,March,Tuesday,104581.6,88894.36
2025-03-25,ORD048707,CUST01253,P012,Air Fryer,Home,Surat,Online,UPI,2,7891.05,0.2,15782.1,12625.68,0,1742.26,2025,3,March,Tuesday,15782.1,12625.68
2025-03-25,ORD025308,CUST02203,P009,T-Shirt,Fashion,Delhi,Online,UPI,1,1303.86,0.1,1303.86,1173.47,0,309.85,2025,3,March,Tuesday,1303.86,1173.474
2025-03-25,ORD005328,CUST00478,P019,Vacuum Cleaner,Home,Hyderabad,Online,Net Banking,1,9051.91,0.1,9051.91,8146.72,0,559.65,2025,3,March,Tuesday,9051.91,8146.719
2025-03-25,ORD034573,CUST00154,P013,Monitor,Electronics,Jaipur,Store,UPI,1,16448.84,0.1,16448.84,14803.96,0,3289.35,2025,3,March,Tuesday,16448.84,14803.956
2025-03-25,ORD029023,CUST00363,P006,Desk,Furniture,Pune,Store,Credit Card,1,11302.67,0.05,11302.67,10737.54,0,765.44,2025,3,March,Tuesday,11302.67,10737.5365
2025-03-25,ORD027270,CUST02677,P010,Coffee Maker,Home,Surat,Online,UPI,2,5426.83,0.0,10853.66,10853.66,0,2864.12,2025,3,March,Tuesday,10853.66,10853.66
2025-03-26,ORD008033,CUST01368,P019,Vacuum Cleaner,Home,Chennai,Online,Credit Card,1,8673.81,0.0,8673.81,8673.81,0,2467.11,2025,3,March,Wednesday,8673.81,8673.81
2025-03-26,ORD047373,CUST01977,P020,Microwave,Home,Hyderabad,Online,Net Banking,1,10527.91,0.05,10527.91,10001.51,0,957.2,2025,3,March,Wednesday,10527.91,10001.5145
2025-03-26,ORD007571,CUST03647,P020,Microwave,Home,Delhi,Store,Debit Card,1,11291.53,0.1,11291.53,10162.38,0,2107.04,2025,3,March,Wednesday,11291.53,10162.377
2025-03-26,ORD010959,CUST02000,P007,Backpack,Accessories,Hyderabad,Online,Credit Card,2,2206.48,0.25,4412.96,3309.72,0,285.07,2025,3,March,Wednesday,4412.96,3309.7200000000003
2025-03-26,ORD032004,CUST02419,P009,T-Shirt,Fashion,Mumbai,Store,Credit Card,3,1304.83,0.15,3914.49,3327.32,0,412.32,2025,3,March,Wednesday,3914.49,3327.3165
2025-03-26,ORD007177,CUST02761,P004,Smartwatch,Electronics,Surat,Online,Credit Card,1,7259.54,0.0,7259.54,7259.54,0,724.56,2025,3,March,Wednesday,7259.54,7259.54
2025-03-26,ORD047288,CUST02890,P018,Jacket,Fashion,Hyderabad,Online,Cash,1,5447.55,0.0,5447.55,5447.55,0,1557.01,2025,3,March,Wednesday,5447.55,5447.55
2025-03-26,ORD031768,CUST03264,P015,Dining Table,Furniture,Pune,Store,Credit Card,1,22944.9,0.0,22944.9,22944.9,0,4316.7,2025,3,March,Wednesday,22944.9,22944.9
2025-03-26,ORD046604,CUST03925,P018,Jacket,Fashion,Ahmedabad,Online,Credit Card,1,5441.0,0.05,5441.0,5168.95,0,1124.01,2025,3,March,Wednesday,5441.0,5168.95
2025-03-26,ORD032606,CUST03331,P014,Keyboard,Electronics,Surat,Online,Credit Card,1,2714.01,0.05,2714.01,2578.31,0,552.85,2025,3,March,Wednesday,2714.01,2578.3095000000003
2025-03-26,ORD007662,CUST03474,P005,Office Chair,Furniture,Hyderabad,Online,UPI,1,9361.49,0.0,9361.49,9361.49,0,2551.44,2025,3,March,Wednesday,9361.49,9361.49
2025-03-26,ORD032039,CUST03576,P020,Microwave,Home,Chennai,Online,Cash,1,11226.24,0.15,11226.24,9542.3,0,2044.92,2025,3,March,Wednesday,11226.24,9542.304
2025-03-26,ORD016681,CUST02425,P019,Vacuum Cleaner,Home,Hyderabad,Store,Debit Card,1,9053.97,0.15,9053.97,7695.87,0,1359.17,2025,3,March,Wednesday,9053.97,7695.874499999999
2025-03-26,ORD007400,CUST01332,P010,Coffee Maker,Home,Pune,Store,UPI,1,5580.08,0.2,5580.08,4464.06,0,232.45,2025,3,March,Wednesday,5580.08,4464.064
2025-03-26,ORD025285,CUST02538,P005,Office Chair,Furniture,Bengaluru,Online,Net Banking,1,9187.15,0.1,9187.15,8268.44,0,637.05,2025,3,March,Wednesday,9187.15,8268.435
2025-03-26,ORD047488,CUST02382,P008,Running Shoes,Fashion,Delhi,Store,UPI,1,4127.2,0.1,4127.2,3714.48,0,593.61,2025,3,March,Wednesday,4127.2,3714.48
2025-03-26,ORD005715,CUST00755,P002,Smartphone,Electronics,Pune,Online,Credit Card,1,29780.85,0.0,29780.85,29780.85,0,8890.31,2025,3,March,Wednesday,29780.85,29780.85
2025-03-26,ORD041393,CUST03115,P013,Monitor,Electronics,Hyderabad,Online,Cash,1,19612.3,0.2,19612.3,15689.84,0,2665.76,2025,3,March,Wednesday,19612.3,15689.84
2025-03-26,ORD042213,CUST04259,P016,Sofa,Furniture,Kolkata,Online,UPI,1,35580.11,0.1,35580.11,32022.1,0,4076.63,2025,3,March,Wednesday,35580.11,32022.099000000002
2025-03-26,ORD044601,CUST02802,P010,Coffee Maker,Home,Surat,Online,Debit Card,1,5489.29,0.1,5489.29,4940.36,0,869.96,2025,3,March,Wednesday,5489.29,4940.361
2025-03-26,ORD026272,CUST01891,P015,Dining Table,Furniture,Kolkata,Online,Debit Card,2,22181.05,0.1,44362.1,39925.89,0,6362.92,2025,3,March,Wednesday,44362.1,39925.89
2025-03-26,ORD037120,CUST02575,P019,Vacuum Cleaner,Home,Kolkata,Store,UPI,1,8203.06,0.05,8203.06,7792.91,0,597.97,2025,3,March,Wednesday,8203.06,7792.906999999999
2025-03-26,ORD011839,CUST01004,P020,Microwave,Home,Surat,Online,UPI,1,10967.11,0.15,10967.11,9322.04,1,-466.1,2025,3,March,Wednesday,10967.11,9322.0435
2025-03-26,ORD025685,CUST01885,P014,Keyboard,Electronics,Mumbai,Store,Credit Card,2,2266.28,0.1,4532.56,4079.3,0,502.6,2025,3,March,Wednesday,4532.56,4079.3040000000005
2025-03-26,ORD015065,CUST02843,P012,Air Fryer,Home,Kolkata,Online,Net Banking,1,7191.69,0.0,7191.69,7191.69,0,1238.71,2025,3,March,Wednesday,7191.69,7191.69
2025-03-26,ORD044638,CUST00394,P019,Vacuum Cleaner,Home,Pune,Store,UPI,3,8805.57,0.1,26416.71,23775.04,0,4807.09,2025,3,March,Wednesday,26416.71,23775.039
2025-03-26,ORD039927,CUST02397,P012,Air Fryer,Home,Bengaluru,Online,UPI,1,7578.59,0.0,7578.59,7578.59,0,2234.79,2025,3,March,Wednesday,7578.59,7578.59
2025-03-26,ORD004275,CUST01438,P020,Microwave,Home,Kolkata,Online,Debit Card,2,10254.42,0.15,20508.84,17432.51,1,-871.63,2025,3,March,Wednesday,20508.84,17432.514
2025-03-26,ORD013918,CUST04810,P002,Smartphone,Electronics,Ahmedabad,Online,UPI,3,26224.03,0.1,78672.09,70804.88,1,-3540.24,2025,3,March,Wednesday,78672.09,70804.881
2025-03-26,ORD030565,CUST01414,P004,Smartwatch,Electronics,Pune,Online,UPI,1,6719.69,0.2,6719.69,5375.75,0,739.61,2025,3,March,Wednesday,6719.69,5375.752
2025-03-26,ORD029062,CUST02763,P008,Running Shoes,Fashion,Delhi,Store,Cash,2,4440.8,0.15,8881.6,7549.36,0,700.85,2025,3,March,Wednesday,8881.6,7549.36
2025-03-26,ORD018164,CUST01914,P018,Jacket,Fashion,Jaipur,Store,Credit Card,2,5235.05,0.05,10470.1,9946.59,0,2572.17,2025,3,March,Wednesday,10470.1,9946.595
2025-03-26,ORD002497,CUST03381,P015,Dining Table,Furniture,Delhi,Store,Debit Card,1,20880.82,0.0,20880.82,20880.82,0,2509.77,2025,3,March,Wednesday,20880.82,20880.82
2025-03-26,ORD008160,CUST04992,P011,Mixer Grinder,Home,Chennai,Online,UPI,4,5151.06,0.0,20604.24,20604.24,0,1789.5,2025,3,March,Wednesday,20604.24,20604.24
2025-03-26,ORD002863,CUST04994,P004,Smartwatch,Electronics,Mumbai,Store,Credit Card,2,7151.66,0.1,14303.32,12872.99,0,1336.6,2025,3,March,Wednesday,14303.32,12872.988
2025-03-26,ORD041526,CUST03529,P003,Headphones,Electronics,Chennai,Online,Debit Card,1,4530.05,0.1,4530.05,4077.04,0,640.74,2025,3,March,Wednesday,4530.05,4077.045
2025-03-26,ORD005043,CUST02369,P016,Sofa,Furniture,Pune,Online,UPI,5,34933.18,0.05,174665.9,165932.6,0,20861.39,2025,3,March,Wednesday,174665.9,165932.60499999998
2025-03-26,ORD044646,CUST01059,P018,Jacket,Fashion,Ahmedabad,Store,Credit Card,1,5581.28,0.1,5581.28,5023.15,0,1313.15,2025,3,March,Wednesday,5581.28,5023.152
2025-03-26,ORD036894,CUST02309,P001,Laptop,Electronics,Kolkata,Online,Credit Card,1,61216.85,0.1,61216.85,55095.16,1,-2754.76,2025,3,March,Wednesday,61216.85,55095.165
2025-03-26,ORD035403,CUST03490,P013,Monitor,Electronics,Surat,Online,Net Banking,1,19715.82,0.0,19715.82,19715.82,0,2460.64,2025,3,March,Wednesday,19715.82,19715.82
2025-03-26,ORD022980,CUST02014,P019,Vacuum Cleaner,Home,Pune,Store,Credit Card,1,8661.44,0.05,8661.44,8228.37,0,1937.19,2025,3,March,Wednesday,8661.44,8228.368
2025-03-26,ORD025821,CUST02905,P012,Air Fryer,Home,Bengaluru,Store,Net Banking,4,6999.48,0.0,27997.92,27997.92,1,-1399.9,2025,3,March,Wednesday,27997.92,27997.92
2025-03-26,ORD035047,CUST03133,P020,Microwave,Home,Pune,Online,UPI,2,11367.75,0.1,22735.5,20461.95,0,5576.65,2025,3,March,Wednesday,22735.5,20461.95
2025-03-26,ORD006084,CUST02036,P011,Mixer Grinder,Home,Jaipur,Store,Net Banking,1,5083.2,0.0,5083.2,5083.2,0,716.01,2025,3,March,Wednesday,5083.2,5083.2
2025-03-26,ORD023274,CUST04580,P009,T-Shirt,Fashion,Chennai,Online,Credit Card,1,1204.27,0.25,1204.27,903.2,0,98.26,2025,3,March,Wednesday,1204.27,903.2025
2025-03-26,ORD034911,CUST04380,P017,Jeans,Fashion,Bengaluru,Online,UPI,2,2975.2,0.1,5950.4,5355.36,0,767.96,2025,3,March,Wednesday,5950.4,5355.36
2025-03-26,ORD022698,CUST02341,P019,Vacuum Cleaner,Home,Bengaluru,Store,UPI,1,8125.12,0.1,8125.12,7312.61,0,1962.54,2025,3,March,Wednesday,8125.12,7312.608
2025-03-26,ORD013026,CUST03403,P004,Smartwatch,Electronics,Jaipur,Online,Credit Card,1,6859.46,0.05,6859.46,6516.49,0,1825.15,2025,3,March,Wednesday,6859.46,6516.487
2025-03-26,ORD036014,CUST01681,P002,Smartphone,Electronics,Ahmedabad,Store,UPI,2,29485.2,0.15,58970.4,50124.84,0,7390.37,2025,3,March,Wednesday,58970.4,50124.84
2025-03-26,ORD049697,CUST04591,P002,Smartphone,Electronics,Pune,Store,UPI,1,30187.52,0.1,30187.52,27168.77,0,6607.25,2025,3,March,Wednesday,30187.52,27168.768
2025-03-26,ORD045817,CUST03011,P006,Desk,Furniture,Chennai,Online,Credit Card,1,11980.24,0.15,11980.24,10183.2,0,2638.27,2025,3,March,Wednesday,11980.24,10183.204
2025-03-26,ORD009386,CUST03033,P001,Laptop,Electronics,Hyderabad,Online,Credit Card,2,68385.89,0.15,136771.78,116256.01,0,19777.16,2025,3,March,Wednesday,136771.78,116256.01299999999
2025-03-26,ORD002131,CUST01583,P013,Monitor,Electronics,Bengaluru,Online,Credit Card,3,18757.75,0.0,56273.25,56273.25,0,7081.84,2025,3,March,Wednesday,56273.25,56273.25
2025-03-26,ORD004526,CUST00793,P001,Laptop,Electronics,Kolkata,Online,UPI,3,60437.91,0.15,181313.73,154116.67,0,35671.79,2025,3,March,Wednesday,181313.73,154116.6705
2025-03-26,ORD005681,CUST04588,P012,Air Fryer,Home,Delhi,Online,Credit Card,3,7342.78,0.25,22028.34,16521.26,0,3048.15,2025,3,March,Wednesday,22028.34,16521.255
2025-03-26,ORD020212,CUST04469,P013,Monitor,Electronics,Delhi,Store,Debit Card,1,18956.51,0.15,18956.51,16113.03,0,1186.13,2025,3,March,Wednesday,18956.51,16113.033499999998
2025-03-26,ORD003244,CUST04917,P004,Smartwatch,Electronics,Mumbai,Online,Credit Card,1,6520.86,0.0,6520.86,6520.86,0,1479.9,2025,3,March,Wednesday,6520.86,6520.86
2025-03-26,ORD029811,CUST03092,P003,Headphones,Electronics,Delhi,Online,Credit Card,2,4261.93,0.1,8523.86,7671.47,0,1420.97,2025,3,March,Wednesday,8523.86,7671.474000000001
2025-03-26,ORD043985,CUST00351,P004,Smartwatch,Electronics,Surat,Store,UPI,2,7122.81,0.05,14245.62,13533.34,0,2938.0,2025,3,March,Wednesday,14245.62,13533.339
2025-03-26,ORD002339,CUST02090,P015,Dining Table,Furniture,Hyderabad,Online,Credit Card,2,22933.53,0.25,45867.06,34400.3,0,8536.34,2025,3,March,Wednesday,45867.06,34400.295
2025-03-26,ORD039522,CUST04896,P012,Air Fryer,Home,Kolkata,Store,Debit Card,3,6740.75,0.2,20222.25,16177.8,0,801.1,2025,3,March,Wednesday,20222.25,16177.800000000001
2025-03-26,ORD015864,CUST00060,P014,Keyboard,Electronics,Hyderabad,Online,UPI,1,2300.54,0.2,2300.54,1840.43,0,246.74,2025,3,March,Wednesday,2300.54,1840.432
2025-03-26,ORD000338,CUST04461,P016,Sofa,Furniture,Mumbai,Online,UPI,3,38035.0,0.2,114105.0,91284.0,0,17192.15,2025,3,March,Wednesday,114105.0,91284.0
2025-03-26,ORD000236,CUST02243,P003,Headphones,Electronics,Jaipur,Online,UPI,1,4825.57,0.1,4825.57,4343.01,0,476.78,2025,3,March,Wednesday,4825.57,4343.013
2025-03-26,ORD038817,CUST00786,P005,Office Chair,Furniture,Bengaluru,Store,Credit Card,1,9072.83,0.2,9072.83,7258.26,0,1585.7,2025,3,March,Wednesday,9072.83,7258.264
2025-03-26,ORD046408,CUST02050,P014,Keyboard,Electronics,Jaipur,Online,Credit Card,2,2429.22,0.15,4858.44,4129.67,0,372.52,2025,3,March,Wednesday,4858.44,4129.674
2025-03-26,ORD038483,CUST00140,P012,Air Fryer,Home,Chennai,Online,Cash,1,7262.96,0.1,7262.96,6536.66,0,796.43,2025,3,March,Wednesday,7262.96,6536.664
2025-03-26,ORD020972,CUST03641,P012,Air Fryer,Home,Pune,Store,Credit Card,2,6601.18,0.15,13202.36,11222.01,0,1242.96,2025,3,March,Wednesday,13202.36,11222.006
2025-03-26,ORD028602,CUST04090,P016,Sofa,Furniture,Surat,Store,Credit Card,1,35777.41,0.15,35777.41,30410.8,0,6281.18,2025,3,March,Wednesday,35777.41,30410.7985
2025-03-26,ORD004605,CUST00291,P019,Vacuum Cleaner,Home,Ahmedabad,Store,Credit Card,2,8115.97,0.15,16231.94,13797.15,0,1133.95,2025,3,March,Wednesday,16231.94,13797.149
2025-03-26,ORD039453,CUST02331,P019,Vacuum Cleaner,Home,Bengaluru,Online,UPI,2,9003.67,0.1,18007.34,16206.61,0,1692.84,2025,3,March,Wednesday,18007.34,16206.606
2025-03-26,ORD008954,CUST04006,P001,Laptop,Electronics,Chennai,Online,UPI,1,66712.03,0.1,66712.03,60040.83,0,8258.49,2025,3,March,Wednesday,66712.03,60040.827
2025-03-26,ORD043486,CUST01817,P010,Coffee Maker,Home,Jaipur,Online,Credit Card,1,5181.16,0.2,5181.16,4144.93,0,784.04,2025,3,March,Wednesday,5181.16,4144.928
2025-03-26,ORD018575,CUST00699,P012,Air Fryer,Home,Chennai,Store,Net Banking,1,7348.5,0.2,7348.5,5878.8,0,1367.76,2025,3,March,Wednesday,7348.5,5878.8
2025-03-27,ORD011467,CUST01660,P017,Jeans,Fashion,Delhi,Online,Cash,1,2995.45,0.0,2995.45,2995.45,0,866.38,2025,3,March,Thursday,2995.45,2995.45
2025-03-27,ORD017758,CUST03679,P007,Backpack,Accessories,Jaipur,Store,UPI,1,2099.52,0.25,2099.52,1574.64,0,154.34,2025,3,March,Thursday,2099.52,1574.6399999999999
2025-03-27,ORD040399,CUST03489,P010,Coffee Maker,Home,Ahmedabad,Online,Credit Card,1,5862.45,0.0,5862.45,5862.45,0,779.7,2025,3,March,Thursday,5862.45,5862.45
2025-03-27,ORD030029,CUST00319,P017,Jeans,Fashion,Delhi,Store,UPI,1,2603.47,0.1,2603.47,2343.12,1,-117.16,2025,3,March,Thursday,2603.47,2343.123
2025-03-27,ORD026189,CUST02840,P010,Coffee Maker,Home,Chennai,Online,UPI,1,6022.66,0.0,6022.66,6022.66,0,1163.04,2025,3,March,Thursday,6022.66,6022.66
2025-03-27,ORD033403,CUST01938,P015,Dining Table,Furniture,Kolkata,Online,UPI,1,20383.53,0.05,20383.53,19364.35,0,3041.31,2025,3,March,Thursday,20383.53,19364.353499999997
2025-03-27,ORD025298,CUST01819,P017,Jeans,Fashion,Kolkata,Store,Net Banking,5,2657.67,0.0,13288.35,13288.35,0,2576.23,2025,3,March,Thursday,13288.35,13288.35
2025-03-27,ORD007592,CUST03102,P020,Microwave,Home,Pune,Store,Debit Card,1,10744.87,0.1,10744.87,9670.38,0,2391.4,2025,3,March,Thursday,10744.87,9670.383000000002
2025-03-27,ORD043323,CUST04338,P012,Air Fryer,Home,Chennai,Store,UPI,1,6677.1,0.05,6677.1,6343.24,0,1441.09,2025,3,March,Thursday,6677.1,6343.245
2025-03-27,ORD027053,CUST04687,P007,Backpack,Accessories,Delhi,Online,Credit Card,4,2105.74,0.1,8422.96,7580.66,0,1287.94,2025,3,March,Thursday,8422.96,7580.664
2025-03-27,ORD038781,CUST01951,P013,Monitor,Electronics,Chennai,Online,UPI,1,16883.5,0.05,16883.5,16039.32,0,1365.83,2025,3,March,Thursday,16883.5,16039.324999999999
2025-03-27,ORD017751,CUST03052,P015,Dining Table,Furniture,Ahmedabad,Online,Credit Card,2,20267.6,0.05,40535.2,38508.44,0,8861.12,2025,3,March,Thursday,40535.2,38508.439999999995
2025-03-27,ORD003015,CUST01330,P016,Sofa,Furniture,Hyderabad,Store,UPI,1,37149.65,0.1,37149.65,33434.69,0,5187.94,2025,3,March,Thursday,37149.65,33434.685000000005
2025-03-27,ORD019099,CUST04018,P006,Desk,Furniture,Delhi,Online,Credit Card,1,12140.13,0.1,12140.13,10926.12,0,2528.9,2025,3,March,Thursday,12140.13,10926.117
2025-03-27,ORD039443,CUST01923,P011,Mixer Grinder,Home,Kolkata,Online,Cash,1,4584.33,0.1,4584.33,4125.9,0,754.99,2025,3,March,Thursday,4584.33,4125.897
2025-03-27,ORD045965,CUST04694,P004,Smartwatch,Electronics,Chennai,Online,Credit Card,1,7636.09,0.15,7636.09,6490.68,0,1642.7,2025,3,March,Thursday,7636.09,6490.6765
2025-03-27,ORD029454,CUST04727,P015,Dining Table,Furniture,Mumbai,Online,Debit Card,2,22844.71,0.15,45689.42,38836.01,0,2834.49,2025,3,March,Thursday,45689.42,38836.007
2025-03-27,ORD035376,CUST00291,P018,Jacket,Fashion,Jaipur,Online,Net Banking,1,4946.22,0.25,4946.22,3709.66,0,903.76,2025,3,March,Thursday,4946.22,3709.665
2025-03-27,ORD019420,CUST00978,P003,Headphones,Electronics,Mumbai,Store,Credit Card,3,4373.23,0.05,13119.69,12463.71,0,2787.28,2025,3,March,Thursday,13119.689999999999,12463.7055
2025-03-27,ORD016406,CUST01740,P014,Keyboard,Electronics,Kolkata,Online,Net Banking,1,2719.16,0.15,2719.16,2311.29,0,500.66,2025,3,March,Thursday,2719.16,2311.2859999999996
2025-03-27,ORD036653,CUST00919,P008,Running Shoes,Fashion,Delhi,Store,Net Banking,5,4294.13,0.15,21470.65,18250.05,0,4240.37,2025,3,March,Thursday,21470.65,18250.0525
2025-03-27,ORD026136,CUST00888,P001,Laptop,Electronics,Surat,Store,Debit Card,1,67969.67,0.15,67969.67,57774.22,1,-2888.71,2025,3,March,Thursday,67969.67,57774.2195
2025-03-27,ORD029983,CUST01613,P006,Desk,Furniture,Pune,Online,UPI,2,11685.88,0.15,23371.76,19866.0,0,4863.47,2025,3,March,Thursday,23371.76,19865.996
2025-03-27,ORD029962,CUST04319,P007,Backpack,Accessories,Surat,Online,UPI,3,2287.2,0.1,6861.6,6175.44,0,617.59,2025,3,March,Thursday,6861.599999999999,6175.4400000000005
2025-03-27,ORD042538,CUST04705,P009,T-Shirt,Fashion,Hyderabad,Online,UPI,4,1173.44,0.1,4693.76,4224.38,0,694.37,2025,3,March,Thursday,4693.76,4224.384
2025-03-27,ORD010164,CUST03166,P020,Microwave,Home,Bengaluru,Online,Credit Card,2,10685.06,0.15,21370.12,18164.6,0,2579.46,2025,3,March,Thursday,21370.12,18164.602
2025-03-27,ORD016841,CUST04793,P009,T-Shirt,Fashion,Hyderabad,Store,Credit Card,1,1283.9,0.05,1283.9,1219.7,0,283.14,2025,3,March,Thursday,1283.9,1219.705
2025-03-27,ORD015187,CUST03708,P008,Running Shoes,Fashion,Pune,Online,Credit Card,1,4252.18,0.1,4252.18,3826.96,0,965.82,2025,3,March,Thursday,4252.18,3826.9620000000004
2025-03-27,ORD019988,CUST04637,P016,Sofa,Furniture,Bengaluru,Online,UPI,2,35538.34,0.0,71076.68,71076.68,0,17188.55,2025,3,March,Thursday,71076.68,71076.68
2025-03-27,ORD000089,CUST00165,P015,Dining Table,Furniture,Hyderabad,Online,UPI,2,24150.41,0.15,48300.82,41055.7,0,9340.46,2025,3,March,Thursday,48300.82,41055.697
2025-03-27,ORD033099,CUST02718,P006,Desk,Furniture,Delhi,Online,Credit Card,2,11167.85,0.15,22335.7,18985.34,0,3241.99,2025,3,March,Thursday,22335.7,18985.345
2025-03-27,ORD011616,CUST04449,P004,Smartwatch,Electronics,Jaipur,Online,UPI,1,7085.74,0.05,7085.74,6731.45,0,1648.07,2025,3,March,Thursday,7085.74,6731.4529999999995
2025-03-27,ORD003060,CUST03301,P011,Mixer Grinder,Home,Hyderabad,Store,Debit Card,4,5179.38,0.2,20717.52,16574.02,0,3729.21,2025,3,March,Thursday,20717.52,16574.016
2025-03-27,ORD033061,CUST00420,P005,Office Chair,Furniture,Ahmedabad,Online,Credit Card,1,9435.01,0.05,9435.01,8963.26,0,1182.16,2025,3,March,Thursday,9435.01,8963.2595
2025-03-27,ORD042602,CUST03164,P020,Microwave,Home,Delhi,Store,Credit Card,2,10072.68,0.15,20145.36,17123.56,0,3676.88,2025,3,March,Thursday,20145.36,17123.556
2025-03-27,ORD020042,CUST01827,P016,Sofa,Furniture,Hyderabad,Online,UPI,2,33446.51,0.1,66893.02,60203.72,0,8216.52,2025,3,March,Thursday,66893.02,60203.71800000001
2025-03-27,ORD011650,CUST00502,P010,Coffee Maker,Home,Mumbai,Store,Credit Card,2,4970.42,0.2,9940.84,7952.67,0,2027.6,2025,3,March,Thursday,9940.84,7952.6720000000005
2025-03-27,ORD029668,CUST04290,P017,Jeans,Fashion,Delhi,Store,Cash,1,2996.39,0.0,2996.39,2996.39,0,324.64,2025,3,March,Thursday,2996.39,2996.39
2025-03-27,ORD016590,CUST00476,P003,Headphones,Electronics,Ahmedabad,Store,Debit Card,4,4586.01,0.1,18344.04,16509.64,1,-825.48,2025,3,March,Thursday,18344.04,16509.636000000002
2025-03-27,ORD001955,CUST00461,P001,Laptop,Electronics,Chennai,Store,UPI,2,67085.52,0.05,134171.04,127462.49,0,14188.76,2025,3,March,Thursday,134171.04,127462.488
2025-03-27,ORD020802,CUST00070,P020,Microwave,Home,Kolkata,Store,UPI,1,10620.93,0.05,10620.93,10089.88,0,1749.62,2025,3,March,Thursday,10620.93,10089.8835
2025-03-27,ORD016602,CUST04368,P006,Desk,Furniture,Hyderabad,Online,UPI,2,11669.06,0.1,23338.12,21004.31,0,2548.76,2025,3,March,Thursday,23338.12,21004.308
2025-03-27,ORD032053,CUST00929,P012,Air Fryer,Home,Jaipur,Online,UPI,1,6892.59,0.1,6892.59,6203.33,0,491.15,2025,3,March,Thursday,6892.59,6203.331
2025-03-27,ORD042312,CUST00460,P002,Smartphone,Electronics,Surat,Online,Net Banking,3,27314.3,0.05,81942.9,77845.75,0,6133.58,2025,3,March,Thursday,81942.9,77845.75499999999
2025-03-27,ORD027023,CUST00124,P002,Smartphone,Electronics,Bengaluru,Store,UPI,1,25843.03,0.1,25843.03,23258.73,0,4287.1,2025,3,March,Thursday,25843.03,23258.727
2025-03-27,ORD041014,CUST00186,P003,Headphones,Electronics,Pune,Online,Debit Card,1,4506.17,0.0,4506.17,4506.17,0,882.15,2025,3,March,Thursday,4506.17,4506.17
2025-03-27,ORD010977,CUST04392,P001,Laptop,Electronics,Mumbai,Online,Debit Card,1,67009.19,0.1,67009.19,60308.27,0,5862.03,2025,3,March,Thursday,67009.19,60308.271
2025-03-27,ORD001645,CUST00125,P002,Smartphone,Electronics,Pune,Store,UPI,1,28288.89,0.15,28288.89,24045.56,1,-1202.28,2025,3,March,Thursday,28288.89,24045.5565
2025-03-27,ORD033887,CUST02149,P012,Air Fryer,Home,Pune,Store,UPI,1,6606.17,0.0,6606.17,6606.17,0,895.8,2025,3,March,Thursday,6606.17,6606.17
2025-03-27,ORD046147,CUST02001,P004,Smartwatch,Electronics,Surat,Store,Credit Card,1,6645.75,0.05,6645.75,6313.46,1,-315.67,2025,3,March,Thursday,6645.75,6313.4625
2025-03-27,ORD037537,CUST03795,P018,Jacket,Fashion,Kolkata,Store,UPI,1,5650.14,0.1,5650.14,5085.13,0,358.55,2025,3,March,Thursday,5650.14,5085.126
2025-03-27,ORD015382,CUST04698,P004,Smartwatch,Electronics,Bengaluru,Store,Credit Card,1,7522.16,0.0,7522.16,7522.16,0,1268.26,2025,3,March,Thursday,7522.16,7522.16
2025-03-27,ORD037700,CUST03472,P020,Microwave,Home,Delhi,Online,UPI,1,10453.43,0.05,10453.43,9930.76,0,2469.0,2025,3,March,Thursday,10453.43,9930.7585
2025-03-27,ORD032666,CUST00617,P009,T-Shirt,Fashion,Hyderabad,Online,UPI,1,1216.02,0.1,1216.02,1094.42,0,273.36,2025,3,March,Thursday,1216.02,1094.4180000000001
2025-03-27,ORD037725,CUST04029,P002,Smartphone,Electronics,Pune,Online,Net Banking,1,25815.08,0.05,25815.08,24524.33,0,2019.89,2025,3,March,Thursday,25815.08,24524.326
2025-03-27,ORD024509,CUST01703,P019,Vacuum Cleaner,Home,Pune,Online,Debit Card,2,9279.19,0.05,18558.38,17630.46,0,2814.83,2025,3,March,Thursday,18558.38,17630.461
2025-03-27,ORD039751,CUST00048,P008,Running Shoes,Fashion,Pune,Online,Credit Card,2,4157.84,0.1,8315.68,7484.11,0,1847.99,2025,3,March,Thursday,8315.68,7484.112
2025-03-27,ORD014632,CUST04849,P018,Jacket,Fashion,Bengaluru,Online,UPI,1,4852.79,0.05,4852.79,4610.15,0,950.04,2025,3,March,Thursday,4852.79,4610.1505
2025-03-27,ORD009193,CUST03826,P002,Smartphone,Electronics,Surat,Store,Net Banking,1,26933.15,0.0,26933.15,26933.15,0,5073.1,2025,3,March,Thursday,26933.15,26933.15
2025-03-27,ORD007416,CUST04173,P008,Running Shoes,Fashion,Pune,Online,Credit Card,1,3848.33,0.15,3848.33,3271.08,0,689.44,2025,3,March,Thursday,3848.33,3271.0805
2025-03-27,ORD004942,CUST00201,P007,Backpack,Accessories,Delhi,Online,Credit Card,1,2067.6,0.0,2067.6,2067.6,0,269.79,2025,3,March,Thursday,2067.6,2067.6
2025-03-27,ORD013948,CUST02604,P008,Running Shoes,Fashion,Ahmedabad,Online,Debit Card,1,4393.49,0.0,4393.49,4393.49,0,887.88,2025,3,March,Thursday,4393.49,4393.49
2025-03-27,ORD025213,CUST02348,P005,Office Chair,Furniture,Hyderabad,Online,Credit Card,1,9964.28,0.05,9964.28,9466.07,0,2671.75,2025,3,March,Thursday,9964.28,9466.066
2025-03-27,ORD018190,CUST01884,P008,Running Shoes,Fashion,Mumbai,Online,Credit Card,2,4443.18,0.15,8886.36,7553.41,0,1337.11,2025,3,March,Thursday,8886.36,7553.406
2025-03-27,ORD001172,CUST03563,P015,Dining Table,Furniture,Chennai,Online,UPI,1,23301.08,0.0,23301.08,23301.08,0,4224.86,2025,3,March,Thursday,23301.08,23301.08
2025-03-27,ORD028952,CUST00831,P004,Smartwatch,Electronics,Pune,Online,Cash,1,6840.38,0.05,6840.38,6498.36,0,806.34,2025,3,March,Thursday,6840.38,6498.361
2025-03-27,ORD025475,CUST02127,P018,Jacket,Fashion,Pune,Store,UPI,1,5084.61,0.05,5084.61,4830.38,0,624.04,2025,3,March,Thursday,5084.61,4830.379499999999
2025-03-27,ORD033931,CUST02172,P004,Smartwatch,Electronics,Delhi,Store,Debit Card,1,7274.84,0.1,7274.84,6547.36,0,1134.64,2025,3,March,Thursday,7274.84,6547.356000000001
2025-03-27,ORD048055,CUST02356,P011,Mixer Grinder,Home,Ahmedabad,Online,UPI,1,4821.81,0.1,4821.81,4339.63,0,668.97,2025,3,March,Thursday,4821.81,4339.629000000001
2025-03-27,ORD044384,CUST02360,P008,Running Shoes,Fashion,Hyderabad,Online,Net Banking,1,4384.72,0.1,4384.72,3946.25,0,1022.46,2025,3,March,Thursday,4384.72,3946.2480000000005
2025-03-27,ORD039817,CUST04567,P010,Coffee Maker,Home,Surat,Online,UPI,2,5280.02,0.05,10560.04,10032.04,0,1037.04,2025,3,March,Thursday,10560.04,10032.038
2025-03-27,ORD044465,CUST03114,P008,Running Shoes,Fashion,Mumbai,Online,Credit Card,2,4576.38,0.1,9152.76,8237.48,0,1143.23,2025,3,March,Thursday,9152.76,8237.484
2025-03-27,ORD021889,CUST00524,P019,Vacuum Cleaner,Home,Ahmedabad,Online,Credit Card,4,9124.47,0.05,36497.88,34672.99,0,9233.08,2025,3,March,Thursday,36497.88,34672.986
2025-03-27,ORD019246,CUST01970,P010,Coffee Maker,Home,Jaipur,Online,UPI,1,5244.57,0.1,5244.57,4720.11,1,-236.01,2025,3,March,Thursday,5244.57,4720.113
2025-03-27,ORD048201,CUST01395,P001,Laptop,Electronics,Delhi,Online,Credit Card,1,58896.74,0.1,58896.74,53007.07,0,7362.39,2025,3,March,Thursday,58896.74,53007.066
2025-03-27,ORD017905,CUST03317,P014,Keyboard,Electronics,Bengaluru,Online,UPI,1,2324.15,0.0,2324.15,2324.15,0,370.42,2025,3,March,Thursday,2324.15,2324.15
2025-03-27,ORD029272,CUST02181,P017,Jeans,Fashion,Surat,Online,Net Banking,3,2691.4,0.1,8074.2,7266.78,0,1782.6,2025,3,March,Thursday,8074.200000000001,7266.78
2025-03-27,ORD041972,CUST02697,P005,Office Chair,Furniture,Chennai,Store,Debit Card,1,9805.56,0.1,9805.56,8825.0,0,2227.12,2025,3,March,Thursday,9805.56,8825.003999999999
2025-03-27,ORD031371,CUST01960,P019,Vacuum Cleaner,Home,Delhi,Online,UPI,1,9374.6,0.1,9374.6,8437.14,0,1509.91,2025,3,March,Thursday,9374.6,8437.140000000001
2025-03-27,ORD037236,CUST03619,P004,Smartwatch,Electronics,Pune,Online,UPI,1,6927.22,0.05,6927.22,6580.86,0,1101.88,2025,3,March,Thursday,6927.22,6580.859
2025-03-27,ORD037290,CUST01446,P014,Keyboard,Electronics,Pune,Store,UPI,5,2312.1,0.1,11560.5,10404.45,0,2025.12,2025,3,March,Thursday,11560.5,10404.45
2025-03-28,ORD010721,CUST04241,P019,Vacuum Cleaner,Home,Pune,Online,UPI,2,8552.93,0.0,17105.86,17105.86,0,3351.63,2025,3,March,Friday,17105.86,17105.86
2025-03-28,ORD012386,CUST02983,P011,Mixer Grinder,Home,Chennai,Online,UPI,1,4508.86,0.05,4508.86,4283.42,0,999.67,2025,3,March,Friday,4508.86,4283.4169999999995
2025-03-28,ORD009143,CUST02733,P020,Microwave,Home,Jaipur,Online,Credit Card,2,11805.58,0.15,23611.16,20069.49,0,2354.28,2025,3,March,Friday,23611.16,20069.486
2025-03-28,ORD043178,CUST02547,P009,T-Shirt,Fashion,Surat,Online,Debit Card,1,1098.95,0.05,1098.95,1044.0,0,266.04,2025,3,March,Friday,1098.95,1044.0025
2025-03-28,ORD044535,CUST03630,P001,Laptop,Electronics,Chennai,Online,Debit Card,1,59036.08,0.1,59036.08,53132.47,0,12286.26,2025,3,March,Friday,59036.08,53132.472
2025-03-28,ORD035577,CUST02041,P003,Headphones,Electronics,Kolkata,Store,UPI,1,4921.71,0.0,4921.71,4921.71,0,1338.4,2025,3,March,Friday,4921.71,4921.71
2025-03-28,ORD043057,CUST03037,P013,Monitor,Electronics,Bengaluru,Online,UPI,1,18805.92,0.05,18805.92,17865.62,0,4296.88,2025,3,March,Friday,18805.92,17865.623999999996
2025-03-28,ORD045421,CUST02856,P010,Coffee Maker,Home,Jaipur,Online,UPI,1,5512.74,0.0,5512.74,5512.74,1,-275.64,2025,3,March,Friday,5512.74,5512.74
2025-03-28,ORD019894,CUST01707,P004,Smartwatch,Electronics,Kolkata,Online,Debit Card,1,6395.71,0.15,6395.71,5436.35,0,419.73,2025,3,March,Friday,6395.71,5436.3535
2025-03-28,ORD006145,CUST00721,P015,Dining Table,Furniture,Hyderabad,Store,Debit Card,1,21663.61,0.0,21663.61,21663.61,0,6137.43,2025,3,March,Friday,21663.61,21663.61
2025-03-28,ORD035510,CUST04333,P006,Desk,Furniture,Delhi,Online,Net Banking,1,12844.51,0.05,12844.51,12202.28,0,2880.35,2025,3,March,Friday,12844.51,12202.2845
2025-03-28,ORD009100,CUST02988,P020,Microwave,Home,Chennai,Online,Net Banking,2,11986.53,0.1,23973.06,21575.75,1,-1078.79,2025,3,March,Friday,23973.06,21575.754
2025-03-28,ORD022132,CUST00828,P004,Smartwatch,Electronics,Surat,Online,Net Banking,2,6954.59,0.05,13909.18,13213.72,0,1118.39,2025,3,March,Friday,13909.18,13213.721
2025-03-28,ORD039336,CUST02652,P006,Desk,Furniture,Delhi,Online,Credit Card,1,11366.51,0.1,11366.51,10229.86,0,985.52,2025,3,March,Friday,11366.51,10229.859
2025-03-28,ORD028891,CUST01000,P001,Laptop,Electronics,Chennai,Store,Debit Card,1,60547.82,0.15,60547.82,51465.65,0,2636.8,2025,3,March,Friday,60547.82,51465.647
2025-03-28,ORD022142,CUST04186,P014,Keyboard,Electronics,Jaipur,Store,Net Banking,1,2296.95,0.1,2296.95,2067.26,0,334.2,2025,3,March,Friday,2296.95,2067.255
2025-03-28,ORD035899,CUST00065,P014,Keyboard,Electronics,Hyderabad,Online,UPI,2,2623.97,0.1,5247.94,4723.15,0,1297.56,2025,3,March,Friday,5247.94,4723.146
2025-03-28,ORD010820,CUST04873,P013,Monitor,Electronics,Surat,Online,Credit Card,4,17122.89,0.1,68491.56,61642.4,0,6665.96,2025,3,March,Friday,68491.56,61642.404
2025-03-28,ORD047856,CUST02848,P015,Dining Table,Furniture,Ahmedabad,Online,UPI,1,21474.95,0.15,21474.95,18253.71,0,4347.83,2025,3,March,Friday,21474.95,18253.7075
2025-03-28,ORD005305,CUST04703,P011,Mixer Grinder,Home,Surat,Online,Credit Card,1,5270.19,0.1,5270.19,4743.17,0,1220.32,2025,3,March,Friday,5270.19,4743.170999999999
2025-03-28,ORD017994,CUST00447,P015,Dining Table,Furniture,Kolkata,Store,UPI,1,21961.3,0.2,21961.3,17569.04,0,2862.37,2025,3,March,Friday,21961.3,17569.04
2025-03-28,ORD032431,CUST02870,P020,Microwave,Home,Ahmedabad,Store,Cash,1,11755.96,0.05,11755.96,11168.16,1,-558.41,2025,3,March,Friday,11755.96,11168.161999999998
2025-03-28,ORD028455,CUST02265,P017,Jeans,Fashion,Mumbai,Store,UPI,1,2647.63,0.05,2647.63,2515.25,0,659.13,2025,3,March,Friday,2647.63,2515.2485
2025-03-28,ORD026375,CUST04991,P017,Jeans,Fashion,Mumbai,Store,Credit Card,1,2803.82,0.2,2803.82,2243.06,0,100.16,2025,3,March,Friday,2803.82,2243.056
2025-03-28,ORD024599,CUST04589,P007,Backpack,Accessories,Bengaluru,Online,Net Banking,1,2198.69,0.1,2198.69,1978.82,0,325.21,2025,3,March,Friday,2198.69,1978.8210000000001
2025-03-28,ORD005595,CUST03765,P019,Vacuum Cleaner,Home,Bengaluru,Online,UPI,4,9743.36,0.15,38973.44,33127.42,0,7775.83,2025,3,March,Friday,38973.44,33127.424
2025-03-28,ORD048934,CUST00260,P005,Office Chair,Furniture,Mumbai,Online,Credit Card,4,10354.56,0.2,41418.24,33134.59,0,4437.83,2025,3,March,Friday,41418.24,33134.592
2025-03-28,ORD026252,CUST03255,P013,Monitor,Electronics,Kolkata,Online,UPI,1,18156.74,0.1,18156.74,16341.07,1,-817.05,2025,3,March,Friday,18156.74,16341.066000000003
2025-03-28,ORD007786,CUST00780,P008,Running Shoes,Fashion,Delhi,Store,UPI,4,4046.56,0.05,16186.24,15376.93,0,2579.63,2025,3,March,Friday,16186.24,15376.928
2025-03-28,ORD002743,CUST04168,P018,Jacket,Fashion,Surat,Store,Debit Card,1,5174.83,0.0,5174.83,5174.83,0,1112.2,2025,3,March,Friday,5174.83,5174.83
2025-03-28,ORD048611,CUST03321,P008,Running Shoes,Fashion,Mumbai,Online,Credit Card,1,4401.76,0.15,4401.76,3741.5,0,394.35,2025,3,March,Friday,4401.76,3741.496
2025-03-28,ORD011855,CUST02140,P015,Dining Table,Furniture,Ahmedabad,Store,Cash,1,24115.69,0.1,24115.69,21704.12,0,2788.88,2025,3,March,Friday,24115.69,21704.121
2025-03-28,ORD032416,CUST03919,P003,Headphones,Electronics,Pune,Online,UPI,2,4095.12,0.1,8190.24,7371.22,0,443.46,2025,3,March,Friday,8190.24,7371.216
2025-03-28,ORD008862,CUST01079,P015,Dining Table,Furniture,Kolkata,Store,Cash,1,20574.39,0.2,20574.39,16459.51,0,3305.77,2025,3,March,Friday,20574.39,16459.512
2025-03-28,ORD027055,CUST01022,P018,Jacket,Fashion,Pune,Online,Cash,2,5619.22,0.0,11238.44,11238.44,0,1954.91,2025,3,March,Friday,11238.44,11238.44
2025-03-28,ORD010412,CUST02097,P006,Desk,Furniture,Kolkata,Online,Net Banking,1,12886.16,0.0,12886.16,12886.16,0,1398.88,2025,3,March,Friday,12886.16,12886.16
2025-03-28,ORD020732,CUST03919,P013,Monitor,Electronics,Mumbai,Store,UPI,2,18633.01,0.1,37266.02,33539.42,0,2980.32,2025,3,March,Friday,37266.02,33539.418
2025-03-28,ORD026467,CUST00705,P008,Running Shoes,Fashion,Surat,Online,UPI,1,4529.19,0.25,4529.19,3396.89,0,246.17,2025,3,March,Friday,4529.19,3396.8925
2025-03-28,ORD036677,CUST04051,P005,Office Chair,Furniture,Ahmedabad,Online,Credit Card,1,10090.12,0.15,10090.12,8576.6,0,1271.39,2025,3,March,Friday,10090.12,8576.602
2025-03-28,ORD010141,CUST04662,P019,Vacuum Cleaner,Home,Ahmedabad,Online,Credit Card,1,9252.13,0.05,9252.13,8789.52,0,1188.87,2025,3,March,Friday,9252.13,8789.5235
2025-03-28,ORD028914,CUST04205,P007,Backpack,Accessories,Pune,Store,Credit Card,2,2419.56,0.05,4839.12,4597.16,0,534.67,2025,3,March,Friday,4839.12,4597.164
2025-03-28,ORD008830,CUST00590,P010,Coffee Maker,Home,Surat,Store,UPI,1,5145.5,0.25,5145.5,3859.12,0,617.81,2025,3,March,Friday,5145.5,3859.125
2025-03-28,ORD046400,CUST02105,P012,Air Fryer,Home,Chennai,Store,UPI,2,6994.76,0.05,13989.52,13290.04,0,2174.74,2025,3,March,Friday,13989.52,13290.044
2025-03-28,ORD046112,CUST02863,P003,Headphones,Electronics,Bengaluru,Online,UPI,2,4312.86,0.0,8625.72,8625.72,0,2271.56,2025,3,March,Friday,8625.72,8625.72
2025-03-28,ORD003612,CUST00940,P018,Jacket,Fashion,Pune,Online,Debit Card,1,5425.27,0.0,5425.27,5425.27,0,1220.08,2025,3,March,Friday,5425.27,5425.27
2025-03-28,ORD048128,CUST03662,P012,Air Fryer,Home,Chennai,Store,Credit Card,1,6556.4,0.1,6556.4,5900.76,0,999.9,2025,3,March,Friday,6556.4,5900.76
2025-03-28,ORD013018,CUST01669,P005,Office Chair,Furniture,Delhi,Online,UPI,4,9999.27,0.05,39997.08,37997.23,0,2659.94,2025,3,March,Friday,39997.08,37997.226
2025-03-28,ORD006532,CUST01643,P015,Dining Table,Furniture,Mumbai,Store,UPI,1,20893.7,0.15,20893.7,17759.64,0,3008.54,2025,3,March,Friday,20893.7,17759.645
2025-03-28,ORD031840,CUST04410,P004,Smartwatch,Electronics,Pune,Store,UPI,3,7373.54,0.0,22120.62,22120.62,0,5865.35,2025,3,March,Friday,22120.62,22120.62
2025-03-28,ORD006819,CUST01878,P018,Jacket,Fashion,Hyderabad,Online,UPI,1,5021.52,0.0,5021.52,5021.52,0,985.33,2025,3,March,Friday,5021.52,5021.52
2025-03-28,ORD027272,CUST04562,P004,Smartwatch,Electronics,Ahmedabad,Online,UPI,2,6611.64,0.1,13223.28,11900.95,0,1341.08,2025,3,March,Friday,13223.28,11900.952000000001
2025-03-28,ORD049902,CUST04487,P010,Coffee Maker,Home,Jaipur,Online,Debit Card,1,5090.79,0.0,5090.79,5090.79,0,863.34,2025,3,March,Friday,5090.79,5090.79
2025-03-28,ORD007705,CUST04909,P003,Headphones,Electronics,Hyderabad,Store,UPI,1,4591.14,0.0,4591.14,4591.14,0,1057.4,2025,3,March,Friday,4591.14,4591.14
2025-03-28,ORD041815,CUST04326,P015,Dining Table,Furniture,Hyderabad,Store,Cash,3,21707.76,0.1,65123.28,58610.95,0,5541.54,2025,3,March,Friday,65123.28,58610.952
2025-03-28,ORD008319,CUST00546,P004,Smartwatch,Electronics,Delhi,Online,Debit Card,1,7590.45,0.0,7590.45,7590.45,1,-379.52,2025,3,March,Friday,7590.45,7590.45
2025-03-28,ORD019541,CUST01317,P017,Jeans,Fashion,Jaipur,Online,Credit Card,1,2551.96,0.25,2551.96,1913.97,0,103.41,2025,3,March,Friday,2551.96,1913.97
2025-03-28,ORD007753,CUST03001,P003,Headphones,Electronics,Mumbai,Online,UPI,1,4866.02,0.15,4866.02,4136.12,0,250.23,2025,3,March,Friday,4866.02,4136.117
2025-03-28,ORD016256,CUST02549,P007,Backpack,Accessories,Chennai,Store,UPI,1,2120.97,0.25,2120.97,1590.73,0,239.72,2025,3,March,Friday,2120.97,1590.7275
2025-03-28,ORD023290,CUST01260,P013,Monitor,Electronics,Kolkata,Store,Cash,1,19146.86,0.05,19146.86,18189.52,0,4414.26,2025,3,March,Friday,19146.86,18189.517
2025-03-28,ORD013893,CUST04648,P001,Laptop,Electronics,Jaipur,Online,Debit Card,5,60506.13,0.1,302530.65,272277.58,0,68971.69,2025,3,March,Friday,302530.64999999997,272277.585
2025-03-28,ORD006307,CUST02810,P012,Air Fryer,Home,Mumbai,Store,Credit Card,1,6826.73,0.1,6826.73,6144.06,1,-307.2,2025,3,March,Friday,6826.73,6144.057
2025-03-28,ORD006478,CUST02714,P007,Backpack,Accessories,Hyderabad,Online,Debit Card,1,2008.07,0.05,2008.07,1907.67,0,504.1,2025,3,March,Friday,2008.07,1907.6664999999998
2025-03-28,ORD012871,CUST03921,P009,T-Shirt,Fashion,Jaipur,Online,UPI,2,1274.74,0.1,2549.48,2294.53,0,374.54,2025,3,March,Friday,2549.48,2294.532
2025-03-28,ORD045847,CUST00502,P019,Vacuum Cleaner,Home,Surat,Online,UPI,1,8849.83,0.0,8849.83,8849.83,0,1566.97,2025,3,March,Friday,8849.83,8849.83
2025-03-29,ORD034524,CUST04061,P008,Running Shoes,Fashion,Chennai,Online,Credit Card,1,3809.29,0.05,3809.29,3618.83,0,965.77,2025,3,March,Saturday,3809.29,3618.8255
2025-03-29,ORD023516,CUST02629,P003,Headphones,Electronics,Ahmedabad,Store,Credit Card,2,4538.77,0.15,9077.54,7715.91,0,972.89,2025,3,March,Saturday,9077.54,7715.909000000001
2025-03-29,ORD044653,CUST01715,P018,Jacket,Fashion,Hyderabad,Store,UPI,1,5675.16,0.1,5675.16,5107.64,0,553.94,2025,3,March,Saturday,5675.16,5107.644
2025-03-29,ORD039491,CUST02320,P018,Jacket,Fashion,Surat,Online,UPI,1,5001.0,0.2,5001.0,4000.8,0,936.28,2025,3,March,Saturday,5001.0,4000.8
2025-03-29,ORD012648,CUST03383,P003,Headphones,Electronics,Pune,Store,Credit Card,2,4851.45,0.1,9702.9,8732.61,0,2098.0,2025,3,March,Saturday,9702.9,8732.61
2025-03-29,ORD010825,CUST01256,P010,Coffee Maker,Home,Pune,Online,UPI,1,5006.46,0.2,5006.46,4005.17,0,844.21,2025,3,March,Saturday,5006.46,4005.168
2025-03-29,ORD022057,CUST01953,P001,Laptop,Electronics,Kolkata,Store,Credit Card,2,60681.32,0.0,121362.64,121362.64,0,21530.26,2025,3,March,Saturday,121362.64,121362.64
2025-03-29,ORD016569,CUST00448,P018,Jacket,Fashion,Kolkata,Store,Cash,1,4793.15,0.15,4793.15,4074.18,0,885.29,2025,3,March,Saturday,4793.15,4074.1775
2025-03-29,ORD046863,CUST00837,P001,Laptop,Electronics,Pune,Online,UPI,1,70672.5,0.0,70672.5,70672.5,0,15927.41,2025,3,March,Saturday,70672.5,70672.5
2025-03-29,ORD033446,CUST01053,P015,Dining Table,Furniture,Hyderabad,Online,Credit Card,1,23064.97,0.0,23064.97,23064.97,0,4854.11,2025,3,March,Saturday,23064.97,23064.97
2025-03-29,ORD049377,CUST03668,P016,Sofa,Furniture,Bengaluru,Store,UPI,1,36473.84,0.15,36473.84,31002.76,1,-1550.14,2025,3,March,Saturday,36473.84,31002.763999999996
2025-03-29,ORD040053,CUST02757,P014,Keyboard,Electronics,Delhi,Store,Net Banking,1,2539.96,0.1,2539.96,2285.96,0,417.04,2025,3,March,Saturday,2539.96,2285.964
2025-03-29,ORD003214,CUST01797,P004,Smartwatch,Electronics,Bengaluru,Store,UPI,1,6601.32,0.25,6601.32,4950.99,0,1116.72,2025,3,March,Saturday,6601.32,4950.99
2025-03-29,ORD047407,CUST00591,P013,Monitor,Electronics,Pune,Online,UPI,3,19085.35,0.0,57256.05,57256.05,0,14015.19,2025,3,March,Saturday,57256.049999999996,57256.05
2025-03-29,ORD045094,CUST01302,P018,Jacket,Fashion,Chennai,Store,UPI,1,4690.12,0.1,4690.12,4221.11,0,462.71,2025,3,March,Saturday,4690.12,4221.108
2025-03-29,ORD015040,CUST02690,P019,Vacuum Cleaner,Home,Hyderabad,Online,Net Banking,1,9240.03,0.1,9240.03,8316.03,0,1760.92,2025,3,March,Saturday,9240.03,8316.027
2025-03-29,ORD032013,CUST03164,P020,Microwave,Home,Surat,Online,Credit Card,1,10096.09,0.0,10096.09,10096.09,0,1949.72,2025,3,March,Saturday,10096.09,10096.09
2025-03-29,ORD027082,CUST01506,P004,Smartwatch,Electronics,Jaipur,Online,Credit Card,1,7538.15,0.0,7538.15,7538.15,0,1224.54,2025,3,March,Saturday,7538.15,7538.15
2025-03-29,ORD002823,CUST03902,P020,Microwave,Home,Mumbai,Store,UPI,1,11855.75,0.05,11855.75,11262.96,0,3017.43,2025,3,March,Saturday,11855.75,11262.9625
2025-03-29,ORD034754,CUST03429,P005,Office Chair,Furniture,Surat,Online,UPI,1,9158.75,0.0,9158.75,9158.75,0,2390.94,2025,3,March,Saturday,9158.75,9158.75
2025-03-29,ORD012610,CUST01614,P007,Backpack,Accessories,Ahmedabad,Online,UPI,2,2372.47,0.0,4744.94,4744.94,0,1252.4,2025,3,March,Saturday,4744.94,4744.94
2025-03-29,ORD004728,CUST00232,P010,Coffee Maker,Home,Mumbai,Online,UPI,1,5131.75,0.05,5131.75,4875.16,0,1263.01,2025,3,March,Saturday,5131.75,4875.162499999999
2025-03-29,ORD038839,CUST02177,P005,Office Chair,Furniture,Chennai,Store,UPI,1,9318.52,0.05,9318.52,8852.59,0,1794.39,2025,3,March,Saturday,9318.52,8852.594
2025-03-29,ORD023387,CUST01962,P008,Running Shoes,Fashion,Hyderabad,Online,Cash,2,4476.14,0.1,8952.28,8057.05,0,1563.3,2025,3,March,Saturday,8952.28,8057.052000000001
2025-03-29,ORD043609,CUST01156,P009,T-Shirt,Fashion,Delhi,Online,UPI,1,1168.61,0.0,1168.61,1168.61,0,317.78,2025,3,March,Saturday,1168.61,1168.61
2025-03-29,ORD013631,CUST03358,P014,Keyboard,Electronics,Surat,Online,UPI,1,2351.94,0.1,2351.94,2116.75,0,508.59,2025,3,March,Saturday,2351.94,2116.746
2025-03-29,ORD017721,CUST00941,P019,Vacuum Cleaner,Home,Bengaluru,Online,UPI,1,9885.12,0.1,9885.12,8896.61,0,983.95,2025,3,March,Saturday,9885.12,8896.608
2025-03-29,ORD011228,CUST01235,P013,Monitor,Electronics,Surat,Store,Cash,3,16243.75,0.25,48731.25,36548.44,0,3439.28,2025,3,March,Saturday,48731.25,36548.4375
2025-03-29,ORD047529,CUST02944,P017,Jeans,Fashion,Chennai,Store,Credit Card,1,2926.35,0.1,2926.35,2633.72,0,315.96,2025,3,March,Saturday,2926.35,2633.715
2025-03-29,ORD015216,CUST00282,P013,Monitor,Electronics,Kolkata,Online,UPI,1,17473.66,0.05,17473.66,16599.98,0,1900.36,2025,3,March,Saturday,17473.66,16599.977
2025-03-29,ORD011725,CUST02807,P013,Monitor,Electronics,Kolkata,Online,Credit Card,1,16697.1,0.1,16697.1,15027.39,0,3888.18,2025,3,March,Saturday,16697.1,15027.39
2025-03-29,ORD045921,CUST04368,P001,Laptop,Electronics,Chennai,Online,UPI,3,66207.99,0.2,198623.97,158899.18,0,17723.0,2025,3,March,Saturday,198623.97000000003,158899.176
2025-03-29,ORD002096,CUST03460,P008,Running Shoes,Fashion,Bengaluru,Store,Credit Card,1,4612.44,0.0,4612.44,4612.44,0,1131.58,2025,3,March,Saturday,4612.44,4612.44
2025-03-29,ORD018923,CUST04275,P013,Monitor,Electronics,Kolkata,Store,Debit Card,5,18679.16,0.1,93395.8,84056.22,0,19349.51,2025,3,March,Saturday,93395.8,84056.22
2025-03-29,ORD021237,CUST04458,P003,Headphones,Electronics,Chennai,Online,Debit Card,1,4608.96,0.1,4608.96,4148.06,0,922.43,2025,3,March,Saturday,4608.96,4148.064
2025-03-29,ORD031656,CUST03409,P018,Jacket,Fashion,Pune,Online,UPI,1,4866.23,0.1,4866.23,4379.61,0,613.32,2025,3,March,Saturday,4866.23,4379.607
2025-03-29,ORD023476,CUST03712,P011,Mixer Grinder,Home,Surat,Store,Credit Card,1,4702.6,0.05,4702.6,4467.47,0,1005.41,2025,3,March,Saturday,4702.6,4467.47
2025-03-29,ORD019313,CUST02518,P006,Desk,Furniture,Delhi,Store,Credit Card,2,10882.05,0.25,21764.1,16323.08,0,1253.84,2025,3,March,Saturday,21764.1,16323.074999999999
2025-03-29,ORD041131,CUST00218,P001,Laptop,Electronics,Hyderabad,Online,Credit Card,1,61304.6,0.05,61304.6,58239.37,0,12012.09,2025,3,March,Saturday,61304.6,58239.369999999995
2025-03-29,ORD008082,CUST00779,P019,Vacuum Cleaner,Home,Ahmedabad,Store,Credit Card,1,8728.6,0.1,8728.6,7855.74,0,2136.51,2025,3,March,Saturday,8728.6,7855.740000000001
2025-03-29,ORD014231,CUST00046,P012,Air Fryer,Home,Mumbai,Store,Credit Card,1,7258.64,0.2,7258.64,5806.91,0,1072.29,2025,3,March,Saturday,7258.64,5806.912
2025-03-29,ORD046581,CUST02238,P020,Microwave,Home,Hyderabad,Store,Net Banking,2,10633.31,0.2,21266.62,17013.3,0,4286.46,2025,3,March,Saturday,21266.62,17013.296
2025-03-29,ORD029993,CUST02764,P019,Vacuum Cleaner,Home,Mumbai,Online,Net Banking,2,8431.27,0.05,16862.54,16019.41,0,3273.27,2025,3,March,Saturday,16862.54,16019.413
2025-03-29,ORD030527,CUST03025,P009,T-Shirt,Fashion,Delhi,Online,UPI,2,1089.79,0.1,2179.58,1961.62,0,350.01,2025,3,March,Saturday,2179.58,1961.622
2025-03-29,ORD045643,CUST00956,P004,Smartwatch,Electronics,Pune,Online,UPI,1,7248.08,0.1,7248.08,6523.27,0,585.96,2025,3,March,Saturday,7248.08,6523.272
2025-03-29,ORD044374,CUST03819,P012,Air Fryer,Home,Surat,Store,UPI,1,6677.14,0.0,6677.14,6677.14,0,1335.06,2025,3,March,Saturday,6677.14,6677.14
2025-03-29,ORD033946,CUST03677,P020,Microwave,Home,Hyderabad,Store,UPI,1,10959.84,0.05,10959.84,10411.85,0,1517.7,2025,3,March,Saturday,10959.84,10411.848
2025-03-29,ORD023713,CUST00619,P009,T-Shirt,Fashion,Hyderabad,Online,Credit Card,1,1266.96,0.1,1266.96,1140.26,0,251.77,2025,3,March,Saturday,1266.96,1140.2640000000001
2025-03-29,ORD007810,CUST02607,P017,Jeans,Fashion,Jaipur,Store,UPI,1,2614.31,0.2,2614.31,2091.45,0,283.68,2025,3,March,Saturday,2614.31,2091.448
2025-03-29,ORD042403,CUST03311,P014,Keyboard,Electronics,Surat,Store,UPI,1,2490.89,0.05,2490.89,2366.35,0,605.48,2025,3,March,Saturday,2490.89,2366.3455
2025-03-29,ORD012991,CUST01991,P006,Desk,Furniture,Mumbai,Store,Credit Card,1,13134.55,0.25,13134.55,9850.91,0,1214.72,2025,3,March,Saturday,13134.55,9850.912499999999
2025-03-29,ORD034506,CUST00778,P017,Jeans,Fashion,Delhi,Store,Credit Card,2,2715.01,0.0,5430.02,5430.02,1,-271.5,2025,3,March,Saturday,5430.02,5430.02
2025-03-29,ORD035444,CUST04384,P017,Jeans,Fashion,Mumbai,Store,UPI,2,2809.45,0.05,5618.9,5337.95,0,1264.13,2025,3,March,Saturday,5618.9,5337.954999999999
2025-03-29,ORD043123,CUST01019,P004,Smartwatch,Electronics,Bengaluru,Online,Credit Card,1,7389.5,0.05,7389.5,7020.02,0,1812.97,2025,3,March,Saturday,7389.5,7020.025
2025-03-29,ORD049997,CUST02673,P003,Headphones,Electronics,Jaipur,Store,Cash,1,4091.45,0.15,4091.45,3477.73,0,261.1,2025,3,March,Saturday,4091.45,3477.7324999999996
2025-03-29,ORD001572,CUST03954,P016,Sofa,Furniture,Hyderabad,Store,Credit Card,2,32282.09,0.05,64564.18,61335.97,0,7131.22,2025,3,March,Saturday,64564.18,61335.971
2025-03-29,ORD029150,CUST01685,P019,Vacuum Cleaner,Home,Pune,Store,UPI,1,8607.69,0.0,8607.69,8607.69,0,1172.76,2025,3,March,Saturday,8607.69,8607.69
2025-03-29,ORD042056,CUST04677,P010,Coffee Maker,Home,Bengaluru,Store,Credit Card,2,5093.82,0.05,10187.64,9678.26,1,-483.91,2025,3,March,Saturday,10187.64,9678.258
2025-03-29,ORD039580,CUST04233,P004,Smartwatch,Electronics,Mumbai,Online,Cash,1,6301.32,0.0,6301.32,6301.32,0,655.75,2025,3,March,Saturday,6301.32,6301.32
2025-03-29,ORD049282,CUST01040,P011,Mixer Grinder,Home,Hyderabad,Online,Cash,4,5079.17,0.0,20316.68,20316.68,0,3627.39,2025,3,March,Saturday,20316.68,20316.68
2025-03-29,ORD027165,CUST02904,P003,Headphones,Electronics,Chennai,Online,Net Banking,1,4847.15,0.15,4847.15,4120.08,1,-206.0,2025,3,March,Saturday,4847.15,4120.077499999999
2025-03-29,ORD047449,CUST01281,P007,Backpack,Accessories,Pune,Online,Credit Card,1,2252.0,0.1,2252.0,2026.8,0,330.08,2025,3,March,Saturday,2252.0,2026.8
2025-03-29,ORD010688,CUST03579,P007,Backpack,Accessories,Delhi,Online,UPI,1,2002.48,0.1,2002.48,1802.23,0,391.12,2025,3,March,Saturday,2002.48,1802.232
2025-03-29,ORD029951,CUST03670,P017,Jeans,Fashion,Ahmedabad,Online,Credit Card,1,2844.87,0.1,2844.87,2560.38,0,236.98,2025,3,March,Saturday,2844.87,2560.383
2025-03-29,ORD007141,CUST03707,P010,Coffee Maker,Home,Mumbai,Online,UPI,2,5556.86,0.1,11113.72,10002.35,0,1004.06,2025,3,March,Saturday,11113.72,10002.348
2025-03-29,ORD044453,CUST00556,P015,Dining Table,Furniture,Ahmedabad,Store,Credit Card,2,20592.32,0.15,41184.64,35006.94,0,2438.29,2025,3,March,Saturday,41184.64,35006.943999999996
2025-03-29,ORD030251,CUST03411,P005,Office Chair,Furniture,Hyderabad,Online,Debit Card,1,9029.31,0.05,9029.31,8577.84,0,2450.12,2025,3,March,Saturday,9029.31,8577.8445
2025-03-29,ORD023194,CUST02938,P005,Office Chair,Furniture,Mumbai,Online,UPI,1,9898.38,0.1,9898.38,8908.54,0,1648.82,2025,3,March,Saturday,9898.38,8908.542
2025-03-29,ORD001796,CUST03382,P018,Jacket,Fashion,Chennai,Online,Debit Card,2,4916.66,0.15,9833.32,8358.32,0,453.96,2025,3,March,Saturday,9833.32,8358.322
2025-03-29,ORD027809,CUST04162,P016,Sofa,Furniture,Mumbai,Store,UPI,1,33632.17,0.0,33632.17,33632.17,0,3729.85,2025,3,March,Saturday,33632.17,33632.17
2025-03-29,ORD029051,CUST00029,P003,Headphones,Electronics,Delhi,Store,Credit Card,1,4851.47,0.0,4851.47,4851.47,0,1421.75,2025,3,March,Saturday,4851.47,4851.47
2025-03-29,ORD033731,CUST00129,P010,Coffee Maker,Home,Kolkata,Online,Cash,3,5484.44,0.1,16453.32,14807.99,0,3780.89,2025,3,March,Saturday,16453.32,14807.988
2025-03-29,ORD020607,CUST01064,P017,Jeans,Fashion,Pune,Online,UPI,1,2772.13,0.1,2772.13,2494.92,0,302.05,2025,3,March,Saturday,2772.13,2494.9170000000004
2025-03-30,ORD037853,CUST00111,P011,Mixer Grinder,Home,Ahmedabad,Online,Cash,2,5258.99,0.0,10517.98,10517.98,0,3094.73,2025,3,March,Sunday,10517.98,10517.98
2025-03-30,ORD001158,CUST00713,P007,Backpack,Accessories,Ahmedabad,Store,UPI,1,2214.67,0.0,2214.67,2214.67,0,536.14,2025,3,March,Sunday,2214.67,2214.67
2025-03-30,ORD044109,CUST00349,P006,Desk,Furniture,Mumbai,Online,UPI,1,11529.46,0.0,11529.46,11529.46,0,1105.41,2025,3,March,Sunday,11529.46,11529.46
2025-03-30,ORD003693,CUST02540,P007,Backpack,Accessories,Surat,Online,UPI,1,2226.2,0.0,2226.2,2226.2,0,487.27,2025,3,March,Sunday,2226.2,2226.2
2025-03-30,ORD015330,CUST04241,P003,Headphones,Electronics,Ahmedabad,Online,Debit Card,1,4246.64,0.1,4246.64,3821.98,0,926.88,2025,3,March,Sunday,4246.64,3821.9760000000006
2025-03-30,ORD000564,CUST04000,P003,Headphones,Electronics,Pune,Online,Debit Card,1,4227.0,0.2,4227.0,3381.6,1,-169.08,2025,3,March,Sunday,4227.0,3381.6000000000004
2025-03-30,ORD029124,CUST01725,P002,Smartphone,Electronics,Hyderabad,Online,Credit Card,1,27855.55,0.1,27855.55,25070.0,0,5347.46,2025,3,March,Sunday,27855.55,25069.995
2025-03-30,ORD036708,CUST00808,P017,Jeans,Fashion,Chennai,Online,Cash,1,2918.7,0.05,2918.7,2772.76,0,668.88,2025,3,March,Sunday,2918.7,2772.765
2025-03-30,ORD032482,CUST02340,P020,Microwave,Home,Kolkata,Store,Net Banking,1,11214.54,0.05,11214.54,10653.81,0,2852.17,2025,3,March,Sunday,11214.54,10653.813
2025-03-30,ORD021657,CUST03589,P017,Jeans,Fashion,Surat,Online,UPI,2,2899.01,0.0,5798.02,5798.02,0,1648.36,2025,3,March,Sunday,5798.02,5798.02
2025-03-30,ORD049061,CUST04128,P011,Mixer Grinder,Home,Mumbai,Online,Debit Card,3,5013.61,0.25,15040.83,11280.62,0,1814.57,2025,3,March,Sunday,15040.829999999998,11280.6225
2025-03-30,ORD025533,CUST01364,P012,Air Fryer,Home,Jaipur,Online,UPI,2,6836.08,0.1,13672.16,12304.94,0,2098.31,2025,3,March,Sunday,13672.16,12304.944
2025-03-30,ORD021996,CUST01788,P019,Vacuum Cleaner,Home,Surat,Store,Credit Card,1,9098.31,0.05,9098.31,8643.39,0,2340.8,2025,3,March,Sunday,9098.31,8643.394499999999
2025-03-30,ORD024061,CUST03002,P020,Microwave,Home,Pune,Online,Credit Card,1,10047.44,0.05,10047.44,9545.07,0,997.29,2025,3,March,Sunday,10047.44,9545.068
2025-03-30,ORD000758,CUST02788,P010,Coffee Maker,Home,Mumbai,Online,Debit Card,2,5030.92,0.25,10061.84,7546.38,0,1782.92,2025,3,March,Sunday,10061.84,7546.38
2025-03-30,ORD000503,CUST04385,P011,Mixer Grinder,Home,Delhi,Online,UPI,2,4727.96,0.05,9455.92,8983.12,0,2049.92,2025,3,March,Sunday,9455.92,8983.124
2025-03-30,ORD002310,CUST04711,P017,Jeans,Fashion,Mumbai,Store,UPI,1,2560.31,0.05,2560.31,2432.29,0,593.33,2025,3,March,Sunday,2560.31,2432.2945
2025-03-30,ORD047509,CUST00950,P001,Laptop,Electronics,Bengaluru,Online,UPI,1,62962.34,0.1,62962.34,56666.11,1,-2833.31,2025,3,March,Sunday,62962.34,56666.106
2025-03-30,ORD010493,CUST04302,P007,Backpack,Accessories,Ahmedabad,Online,UPI,1,2191.45,0.15,2191.45,1862.73,0,144.4,2025,3,March,Sunday,2191.45,1862.7324999999998
2025-03-30,ORD048818,CUST00068,P007,Backpack,Accessories,Chennai,Online,UPI,2,2066.27,0.15,4132.54,3512.66,0,483.33,2025,3,March,Sunday,4132.54,3512.6589999999997
2025-03-30,ORD004887,CUST01821,P005,Office Chair,Furniture,Bengaluru,Store,Cash,4,9502.33,0.1,38009.32,34208.39,0,4318.07,2025,3,March,Sunday,38009.32,34208.388
2025-03-30,ORD017860,CUST02896,P014,Keyboard,Electronics,Kolkata,Online,Cash,5,2329.31,0.15,11646.55,9899.57,0,2667.48,2025,3,March,Sunday,11646.55,9899.5675
2025-03-30,ORD013015,CUST02635,P003,Headphones,Electronics,Bengaluru,Online,Debit Card,1,4211.96,0.1,4211.96,3790.76,0,327.84,2025,3,March,Sunday,4211.96,3790.764
2025-03-30,ORD046086,CUST00450,P009,T-Shirt,Fashion,Chennai,Online,Debit Card,1,1179.02,0.1,1179.02,1061.12,0,108.27,2025,3,March,Sunday,1179.02,1061.118
2025-03-30,ORD027021,CUST03380,P018,Jacket,Fashion,Hyderabad,Store,Debit Card,3,5373.09,0.0,16119.27,16119.27,0,4719.21,2025,3,March,Sunday,16119.27,16119.27
2025-03-30,ORD043974,CUST03616,P017,Jeans,Fashion,Ahmedabad,Online,Debit Card,1,3061.46,0.25,3061.46,2296.1,0,555.73,2025,3,March,Sunday,3061.46,2296.0950000000003
2025-03-30,ORD024608,CUST04686,P017,Jeans,Fashion,Mumbai,Online,Credit Card,3,2540.94,0.0,7622.82,7622.82,0,745.76,2025,3,March,Sunday,7622.82,7622.82
2025-03-30,ORD028928,CUST03197,P013,Monitor,Electronics,Chennai,Online,UPI,1,19688.18,0.2,19688.18,15750.54,0,2895.38,2025,3,March,Sunday,19688.18,15750.544000000002
2025-03-30,ORD045945,CUST02005,P016,Sofa,Furniture,Pune,Online,Debit Card,2,35347.21,0.0,70694.42,70694.42,0,6591.28,2025,3,March,Sunday,70694.42,70694.42
2025-03-30,ORD026879,CUST00516,P010,Coffee Maker,Home,Pune,Store,Debit Card,2,5007.36,0.0,10014.72,10014.72,0,1384.35,2025,3,March,Sunday,10014.72,10014.72
2025-03-30,ORD016745,CUST00160,P017,Jeans,Fashion,Chennai,Online,UPI,1,2531.56,0.1,2531.56,2278.4,0,377.25,2025,3,March,Sunday,2531.56,2278.404
2025-03-30,ORD000173,CUST01765,P020,Microwave,Home,Hyderabad,Store,UPI,1,10679.32,0.1,10679.32,9611.39,0,1595.1,2025,3,March,Sunday,10679.32,9611.388
2025-03-30,ORD033402,CUST04411,P001,Laptop,Electronics,Kolkata,Store,UPI,1,62150.94,0.25,62150.94,46613.2,0,10492.83,2025,3,March,Sunday,62150.94,46613.205
2025-03-30,ORD016927,CUST01330,P017,Jeans,Fashion,Jaipur,Online,UPI,1,2699.77,0.05,2699.77,2564.78,0,444.21,2025,3,March,Sunday,2699.77,2564.7815
2025-03-30,ORD000147,CUST01625,P006,Desk,Furniture,Delhi,Online,UPI,4,11561.27,0.2,46245.08,36996.06,0,4537.49,2025,3,March,Sunday,46245.08,36996.064000000006
2025-03-30,ORD038005,CUST03838,P014,Keyboard,Electronics,Ahmedabad,Online,UPI,1,2560.58,0.15,2560.58,2176.49,0,357.13,2025,3,March,Sunday,2560.58,2176.493
2025-03-30,ORD015900,CUST04304,P015,Dining Table,Furniture,Pune,Online,Credit Card,2,21661.01,0.15,43322.02,36823.72,0,4174.74,2025,3,March,Sunday,43322.02,36823.717
2025-03-30,ORD011236,CUST02811,P018,Jacket,Fashion,Mumbai,Online,Net Banking,1,5354.6,0.0,5354.6,5354.6,0,434.47,2025,3,March,Sunday,5354.6,5354.6
2025-03-30,ORD048355,CUST04896,P001,Laptop,Electronics,Mumbai,Store,Cash,1,58932.21,0.05,58932.21,55985.6,0,10426.23,2025,3,March,Sunday,58932.21,55985.5995
2025-03-30,ORD016196,CUST00180,P018,Jacket,Fashion,Jaipur,Store,Debit Card,1,4936.91,0.2,4936.91,3949.53,0,797.94,2025,3,March,Sunday,4936.91,3949.5280000000002
2025-03-30,ORD010984,CUST01054,P012,Air Fryer,Home,Jaipur,Online,Credit Card,1,7079.03,0.1,7079.03,6371.13,0,431.96,2025,3,March,Sunday,7079.03,6371.1269999999995
2025-03-30,ORD012929,CUST02956,P001,Laptop,Electronics,Surat,Store,UPI,3,67068.43,0.05,201205.29,191145.03,0,47930.67,2025,3,March,Sunday,201205.28999999998,191145.0255
2025-03-30,ORD018572,CUST03928,P003,Headphones,Electronics,Pune,Store,UPI,1,4566.35,0.0,4566.35,4566.35,0,702.95,2025,3,March,Sunday,4566.35,4566.35
2025-03-30,ORD030059,CUST04047,P019,Vacuum Cleaner,Home,Mumbai,Store,UPI,1,8653.73,0.15,8653.73,7355.67,0,1817.22,2025,3,March,Sunday,8653.73,7355.670499999999
2025-03-30,ORD045661,CUST02419,P010,Coffee Maker,Home,Chennai,Online,Cash,1,5377.31,0.2,5377.31,4301.85,0,825.48,2025,3,March,Sunday,5377.31,4301.848000000001
2025-03-30,ORD000647,CUST03809,P002,Smartphone,Electronics,Ahmedabad,Online,UPI,2,29707.81,0.0,59415.62,59415.62,1,-2970.78,2025,3,March,Sunday,59415.62,59415.62
2025-03-30,ORD000644,CUST03915,P013,Monitor,Electronics,Bengaluru,Online,Credit Card,3,16388.4,0.1,49165.2,44248.68,0,10885.72,2025,3,March,Sunday,49165.200000000004,44248.68
2025-03-30,ORD045093,CUST04676,P018,Jacket,Fashion,Chennai,Online,Credit Card,3,4774.75,0.05,14324.25,13608.04,0,3654.17,2025,3,March,Sunday,14324.25,13608.037499999999
2025-03-30,ORD032356,CUST00433,P010,Coffee Maker,Home,Ahmedabad,Store,UPI,1,5337.76,0.15,5337.76,4537.1,0,1083.9,2025,3,March,Sunday,5337.76,4537.0960000000005
2025-03-30,ORD033361,CUST04897,P007,Backpack,Accessories,Delhi,Store,Cash,1,2208.15,0.05,2208.15,2097.74,0,418.49,2025,3,March,Sunday,2208.15,2097.7425
2025-03-30,ORD020807,CUST04930,P012,Air Fryer,Home,Surat,Store,UPI,1,7065.93,0.05,7065.93,6712.63,0,930.12,2025,3,March,Sunday,7065.93,6712.6335
2025-03-30,ORD001539,CUST04810,P018,Jacket,Fashion,Surat,Online,Credit Card,1,5699.68,0.25,5699.68,4274.76,0,556.32,2025,3,March,Sunday,5699.68,4274.76
2025-03-30,ORD049231,CUST01768,P006,Desk,Furniture,Jaipur,Online,UPI,1,11368.8,0.0,11368.8,11368.8,1,-568.44,2025,3,March,Sunday,11368.8,11368.8
2025-03-30,ORD042380,CUST03339,P019,Vacuum Cleaner,Home,Surat,Store,UPI,1,9801.03,0.0,9801.03,9801.03,0,853.23,2025,3,March,Sunday,9801.03,9801.03
2025-03-30,ORD016418,CUST04934,P007,Backpack,Accessories,Surat,Online,UPI,1,2048.3,0.1,2048.3,1843.47,0,371.19,2025,3,March,Sunday,2048.3,1843.4700000000003
2025-03-30,ORD016188,CUST00384,P003,Headphones,Electronics,Surat,Online,Net Banking,5,4479.69,0.25,22398.45,16798.84,0,1289.48,2025,3,March,Sunday,22398.449999999997,16798.8375
2025-03-30,ORD011345,CUST01084,P008,Running Shoes,Fashion,Kolkata,Online,UPI,4,4053.84,0.1,16215.36,14593.82,0,1634.21,2025,3,March,Sunday,16215.36,14593.824
2025-03-30,ORD035783,CUST01187,P016,Sofa,Furniture,Kolkata,Store,UPI,1,35458.07,0.0,35458.07,35458.07,0,4836.27,2025,3,March,Sunday,35458.07,35458.07
2025-03-30,ORD045420,CUST01270,P011,Mixer Grinder,Home,Mumbai,Online,Credit Card,2,4579.62,0.15,9159.24,7785.35,0,1287.29,2025,3,March,Sunday,9159.24,7785.353999999999
2025-03-30,ORD005737,CUST00737,P010,Coffee Maker,Home,Pune,Online,UPI,1,5197.19,0.0,5197.19,5197.19,0,1121.53,2025,3,March,Sunday,5197.19,5197.19
2025-03-30,ORD044952,CUST04005,P012,Air Fryer,Home,Chennai,Online,Credit Card,1,7378.67,0.1,7378.67,6640.8,0,1734.39,2025,3,March,Sunday,7378.67,6640.803
2025-03-30,ORD013795,CUST02005,P016,Sofa,Furniture,Kolkata,Online,UPI,1,34309.7,0.05,34309.7,32594.21,0,4170.32,2025,3,March,Sunday,34309.7,32594.214999999997
2025-03-30,ORD019070,CUST00493,P010,Coffee Maker,Home,Hyderabad,Store,Credit Card,2,5237.51,0.15,10475.02,8903.77,0,750.18,2025,3,March,Sunday,10475.02,8903.767
2025-03-30,ORD025964,CUST01824,P013,Monitor,Electronics,Hyderabad,Store,UPI,1,17758.65,0.0,17758.65,17758.65,0,2471.28,2025,3,March,Sunday,17758.65,17758.65
2025-03-30,ORD033211,CUST00696,P016,Sofa,Furniture,Ahmedabad,Store,UPI,1,32137.67,0.1,32137.67,28923.9,0,2438.85,2025,3,March,Sunday,32137.67,28923.903
2025-03-30,ORD045339,CUST00545,P007,Backpack,Accessories,Bengaluru,Store,Credit Card,2,2330.71,0.0,4661.42,4661.42,0,768.91,2025,3,March,Sunday,4661.42,4661.42
2025-03-30,ORD043500,CUST01616,P011,Mixer Grinder,Home,Pune,Store,Cash,1,4715.88,0.2,4715.88,3772.7,1,-188.64,2025,3,March,Sunday,4715.88,3772.704
2025-03-31,ORD007156,CUST03710,P014,Keyboard,Electronics,Kolkata,Store,UPI,2,2516.62,0.0,5033.24,5033.24,0,1321.26,2025,3,March,Monday,5033.24,5033.24
2025-03-31,ORD037655,CUST04952,P018,Jacket,Fashion,Hyderabad,Online,Credit Card,4,5210.43,0.0,20841.72,20841.72,0,2780.92,2025,3,March,Monday,20841.72,20841.72
2025-03-31,ORD010457,CUST03064,P012,Air Fryer,Home,Chennai,Store,UPI,1,6899.26,0.05,6899.26,6554.3,0,1011.99,2025,3,March,Monday,6899.26,6554.297
2025-03-31,ORD040792,CUST01526,P005,Office Chair,Furniture,Chennai,Online,Cash,1,8825.46,0.15,8825.46,7501.64,0,961.19,2025,3,March,Monday,8825.46,7501.640999999999
2025-03-31,ORD045357,CUST01164,P018,Jacket,Fashion,Hyderabad,Online,Cash,1,5159.66,0.0,5159.66,5159.66,0,841.62,2025,3,March,Monday,5159.66,5159.66
2025-03-31,ORD022652,CUST03116,P010,Coffee Maker,Home,Ahmedabad,Online,UPI,1,5596.43,0.15,5596.43,4756.97,0,576.13,2025,3,March,Monday,5596.43,4756.9655
2025-03-31,ORD006589,CUST01281,P005,Office Chair,Furniture,Surat,Online,UPI,1,8727.62,0.2,8727.62,6982.1,0,1730.56,2025,3,March,Monday,8727.62,6982.096000000001
2025-03-31,ORD027315,CUST01854,P019,Vacuum Cleaner,Home,Hyderabad,Store,UPI,2,9769.41,0.1,19538.82,17584.94,0,3778.59,2025,3,March,Monday,19538.82,17584.938000000002
2025-03-31,ORD004179,CUST02463,P013,Monitor,Electronics,Chennai,Online,Credit Card,2,18383.29,0.1,36766.58,33089.92,0,7978.95,2025,3,March,Monday,36766.58,33089.922000000006
2025-03-31,ORD003343,CUST03251,P007,Backpack,Accessories,Hyderabad,Online,Net Banking,2,2273.29,0.15,4546.58,3864.59,0,892.99,2025,3,March,Monday,4546.58,3864.593
2025-03-31,ORD039975,CUST04835,P017,Jeans,Fashion,Mumbai,Store,UPI,1,2736.62,0.1,2736.62,2462.96,0,569.98,2025,3,March,Monday,2736.62,2462.958
2025-03-31,ORD049541,CUST04277,P001,Laptop,Electronics,Pune,Online,UPI,3,58795.33,0.05,176385.99,167566.69,0,15512.87,2025,3,March,Monday,176385.99,167566.6905
2025-03-31,ORD025562,CUST04634,P005,Office Chair,Furniture,Jaipur,Online,UPI,5,8629.31,0.15,43146.55,36674.57,0,2537.22,2025,3,March,Monday,43146.549999999996,36674.567500000005
2025-03-31,ORD040826,CUST03241,P005,Office Chair,Furniture,Kolkata,Online,Debit Card,1,9883.36,0.1,9883.36,8895.02,0,1206.45,2025,3,March,Monday,9883.36,8895.024000000001
2025-03-31,ORD022675,CUST04790,P016,Sofa,Furniture,Kolkata,Online,Debit Card,3,34232.46,0.1,102697.38,92427.64,0,11495.56,2025,3,March,Monday,102697.38,92427.642
2025-03-31,ORD022016,CUST00032,P019,Vacuum Cleaner,Home,Pune,Online,Net Banking,1,9633.33,0.1,9633.33,8670.0,0,2377.74,2025,3,March,Monday,9633.33,8669.997
2025-03-31,ORD011059,CUST00646,P001,Laptop,Electronics,Chennai,Online,Cash,2,62373.38,0.0,124746.76,124746.76,0,36181.56,2025,3,March,Monday,124746.76,124746.76
2025-03-31,ORD002015,CUST01894,P001,Laptop,Electronics,Mumbai,Online,Credit Card,1,58596.46,0.0,58596.46,58596.46,0,9952.32,2025,3,March,Monday,58596.46,58596.46
2025-03-31,ORD015400,CUST02320,P013,Monitor,Electronics,Surat,Store,Cash,1,19755.4,0.15,19755.4,16792.09,0,3965.75,2025,3,March,Monday,19755.4,16792.09
2025-03-31,ORD010896,CUST03027,P019,Vacuum Cleaner,Home,Ahmedabad,Store,Credit Card,1,9697.32,0.2,9697.32,7757.86,0,436.73,2025,3,March,Monday,9697.32,7757.856
2025-03-31,ORD022040,CUST02137,P006,Desk,Furniture,Hyderabad,Online,Cash,1,12542.23,0.1,12542.23,11288.01,0,810.57,2025,3,March,Monday,12542.23,11288.007
2025-03-31,ORD014495,CUST01883,P020,Microwave,Home,Mumbai,Online,Debit Card,1,11513.19,0.15,11513.19,9786.21,0,1688.43,2025,3,March,Monday,11513.19,9786.2115
2025-03-31,ORD011521,CUST04000,P012,Air Fryer,Home,Surat,Online,Net Banking,1,7823.36,0.05,7823.36,7432.19,0,890.21,2025,3,March,Monday,7823.36,7432.191999999999
2025-03-31,ORD022923,CUST02163,P001,Laptop,Electronics,Ahmedabad,Store,Cash,1,66243.14,0.0,66243.14,66243.14,0,16743.19,2025,3,March,Monday,66243.14,66243.14
2025-03-31,ORD031988,CUST00618,P004,Smartwatch,Electronics,Delhi,Online,Credit Card,2,6514.71,0.1,13029.42,11726.48,0,1293.78,2025,3,March,Monday,13029.42,11726.478000000001
2025-03-31,ORD028601,CUST00843,P008,Running Shoes,Fashion,Chennai,Online,Debit Card,1,3900.73,0.2,3900.73,3120.58,0,145.68,2025,3,March,Monday,3900.73,3120.5840000000003
2025-03-31,ORD024240,CUST01297,P014,Keyboard,Electronics,Hyderabad,Store,UPI,1,2483.15,0.05,2483.15,2358.99,0,412.46,2025,3,March,Monday,2483.15,2358.9925
2025-03-31,ORD025822,CUST00982,P020,Microwave,Home,Mumbai,Store,Debit Card,1,11117.65,0.1,11117.65,10005.88,0,737.6,2025,3,March,Monday,11117.65,10005.885
2025-03-31,ORD049724,CUST04178,P018,Jacket,Fashion,Hyderabad,Store,Net Banking,1,5017.51,0.0,5017.51,5017.51,0,1169.04,2025,3,March,Monday,5017.51,5017.51
2025-03-31,ORD018286,CUST04152,P006,Desk,Furniture,Pune,Store,Credit Card,1,10942.94,0.1,10942.94,9848.65,0,2640.19,2025,3,March,Monday,10942.94,9848.646
2025-03-31,ORD042550,CUST01720,P009,T-Shirt,Fashion,Surat,Store,Debit Card,2,1151.98,0.2,2303.96,1843.17,0,329.88,2025,3,March,Monday,2303.96,1843.1680000000001
2025-03-31,ORD014498,CUST04918,P014,Keyboard,Electronics,Kolkata,Store,Credit Card,1,2372.74,0.2,2372.74,1898.19,0,292.14,2025,3,March,Monday,2372.74,1898.192
2025-03-31,ORD048185,CUST01769,P019,Vacuum Cleaner,Home,Kolkata,Online,UPI,2,9453.76,0.05,18907.52,17962.14,0,4254.63,2025,3,March,Monday,18907.52,17962.144
2025-03-31,ORD028268,CUST01766,P003,Headphones,Electronics,Hyderabad,Store,Credit Card,1,4187.91,0.1,4187.91,3769.12,0,518.92,2025,3,March,Monday,4187.91,3769.119
2025-03-31,ORD049340,CUST00323,P020,Microwave,Home,Bengaluru,Store,Debit Card,4,11616.12,0.15,46464.48,39494.81,0,7645.96,2025,3,March,Monday,46464.48,39494.808000000005
2025-03-31,ORD033873,CUST04341,P010,Coffee Maker,Home,Kolkata,Online,UPI,2,5423.83,0.05,10847.66,10305.28,0,1070.13,2025,3,March,Monday,10847.66,10305.277
2025-03-31,ORD037813,CUST00479,P003,Headphones,Electronics,Bengaluru,Online,Credit Card,3,4820.7,0.1,14462.1,13015.89,0,3229.38,2025,3,March,Monday,14462.099999999999,13015.890000000001
2025-03-31,ORD038660,CUST02665,P008,Running Shoes,Fashion,Ahmedabad,Online,UPI,1,3830.01,0.2,3830.01,3064.01,0,697.87,2025,3,March,Monday,3830.01,3064.0080000000003
2025-03-31,ORD034809,CUST04245,P008,Running Shoes,Fashion,Hyderabad,Online,Credit Card,1,4299.23,0.15,4299.23,3654.35,0,898.06,2025,3,March,Monday,4299.23,3654.3454999999994
2025-03-31,ORD025703,CUST04720,P020,Microwave,Home,Kolkata,Store,UPI,1,10064.22,0.1,10064.22,9057.8,0,2226.01,2025,3,March,Monday,10064.22,9057.797999999999
2025-03-31,ORD041289,CUST02629,P011,Mixer Grinder,Home,Hyderabad,Online,Credit Card,2,5088.99,0.15,10177.98,8651.28,0,2150.99,2025,3,March,Monday,10177.98,8651.283
2025-03-31,ORD001746,CUST04355,P008,Running Shoes,Fashion,Kolkata,Online,Credit Card,2,4100.1,0.0,8200.2,8200.2,0,1408.92,2025,3,March,Monday,8200.2,8200.2
2025-03-31,ORD042749,CUST03201,P013,Monitor,Electronics,Mumbai,Store,Credit Card,2,17828.65,0.15,35657.3,30308.7,0,5481.14,2025,3,March,Monday,35657.3,30308.705
2025-03-31,ORD046397,CUST02051,P016,Sofa,Furniture,Chennai,Online,Cash,1,32212.82,0.0,32212.82,32212.82,0,2789.41,2025,3,March,Monday,32212.82,32212.82
2025-03-31,ORD042746,CUST00819,P003,Headphones,Electronics,Surat,Online,Cash,1,4059.93,0.05,4059.93,3856.93,0,732.05,2025,3,March,Monday,4059.93,3856.9334999999996
2025-03-31,ORD044836,CUST01205,P020,Microwave,Home,Jaipur,Online,Net Banking,1,10140.16,0.1,10140.16,9126.14,0,1822.67,2025,3,March,Monday,10140.16,9126.144
2025-03-31,ORD004457,CUST01853,P005,Office Chair,Furniture,Pune,Online,Credit Card,1,9616.9,0.2,9616.9,7693.52,0,789.4,2025,3,March,Monday,9616.9,7693.52
2025-03-31,ORD047168,CUST03540,P012,Air Fryer,Home,Chennai,Online,UPI,1,7315.06,0.1,7315.06,6583.55,0,931.07,2025,3,March,Monday,7315.06,6583.554
2025-03-31,ORD001229,CUST02447,P018,Jacket,Fashion,Bengaluru,Online,UPI,2,5096.98,0.1,10193.96,9174.56,0,666.4,2025,3,March,Monday,10193.96,9174.564
2025-03-31,ORD010437,CUST01545,P016,Sofa,Furniture,Pune,Online,Credit Card,1,33925.23,0.0,33925.23,33925.23,0,2877.55,2025,3,March,Monday,33925.23,33925.23
2025-03-31,ORD036553,CUST04540,P008,Running Shoes,Fashion,Chennai,Online,Net Banking,4,4486.94,0.05,17947.76,17050.37,0,1529.14,2025,3,March,Monday,17947.76,17050.372
2025-03-31,ORD022369,CUST00015,P007,Backpack,Accessories,Jaipur,Online,Credit Card,1,2268.84,0.05,2268.84,2155.4,0,321.78,2025,3,March,Monday,2268.84,2155.398
2025-03-31,ORD043667,CUST04980,P013,Monitor,Electronics,Surat,Online,Net Banking,3,18462.97,0.0,55388.91,55388.91,0,16103.63,2025,3,March,Monday,55388.91,55388.91
2025-03-31,ORD044900,CUST02974,P012,Air Fryer,Home,Bengaluru,Online,Debit Card,1,7109.25,0.05,7109.25,6753.79,0,760.72,2025,3,March,Monday,7109.25,6753.787499999999
2025-03-31,ORD031573,CUST04699,P001,Laptop,Electronics,Bengaluru,Online,UPI,2,70363.44,0.0,140726.88,140726.88,1,-7036.34,2025,3,March,Monday,140726.88,140726.88
2025-03-31,ORD044912,CUST04395,P016,Sofa,Furniture,Chennai,Online,Credit Card,1,36466.28,0.15,36466.28,30996.34,0,3959.93,2025,3,March,Monday,36466.28,30996.338
2025-03-31,ORD012735,CUST02365,P007,Backpack,Accessories,Mumbai,Store,UPI,1,2351.92,0.05,2351.92,2234.32,0,240.19,2025,3,March,Monday,2351.92,2234.324
2025-03-31,ORD024981,CUST00368,P008,Running Shoes,Fashion,Mumbai,Store,Credit Card,1,4252.27,0.05,4252.27,4039.66,0,1064.48,2025,3,March,Monday,4252.27,4039.6565
2025-03-31,ORD026668,CUST04956,P018,Jacket,Fashion,Chennai,Store,UPI,2,4968.0,0.05,9936.0,9439.2,0,2129.23,2025,3,March,Monday,9936.0,9439.199999999999
2025-03-31,ORD047641,CUST04344,P003,Headphones,Electronics,Delhi,Online,UPI,1,4586.99,0.1,4586.99,4128.29,0,638.72,2025,3,March,Monday,4586.99,4128.291
2025-03-31,ORD034810,CUST00856,P006,Desk,Furniture,Ahmedabad,Online,Credit Card,2,11312.82,0.25,22625.64,16969.23,0,2458.91,2025,3,March,Monday,22625.64,16969.23
2025-03-31,ORD004253,CUST04887,P020,Microwave,Home,Chennai,Online,Debit Card,1,10254.66,0.15,10254.66,8716.46,0,1598.1,2025,3,March,Monday,10254.66,8716.461
2025-03-31,ORD008428,CUST03059,P003,Headphones,Electronics,Pune,Online,Debit Card,1,4248.99,0.15,4248.99,3611.64,0,446.17,2025,3,March,Monday,4248.99,3611.6414999999997
2025-03-31,ORD040251,CUST03129,P001,Laptop,Electronics,Ahmedabad,Online,Credit Card,1,71456.93,0.0,71456.93,71456.93,0,20771.23,2025,3,March,Monday,71456.93,71456.93
2025-03-31,ORD039651,CUST01003,P007,Backpack,Accessories,Surat,Online,UPI,2,2365.85,0.1,4731.7,4258.53,0,619.12,2025,3,March,Monday,4731.7,4258.53
2025-03-31,ORD029499,CUST00354,P002,Smartphone,Electronics,Delhi,Store,Credit Card,1,26902.96,0.05,26902.96,25557.81,0,5521.3,2025,3,March,Monday,26902.96,25557.811999999998
2025-03-31,ORD020246,CUST00283,P006,Desk,Furniture,Mumbai,Online,UPI,1,11449.98,0.05,11449.98,10877.48,0,1478.83,2025,3,March,Monday,11449.98,10877.481
2025-03-31,ORD036194,CUST02993,P009,T-Shirt,Fashion,Delhi,Online,Debit Card,1,1099.41,0.15,1099.41,934.5,0,237.99,2025,3,March,Monday,1099.41,934.4985
2025-03-31,ORD028966,CUST03484,P005,Office Chair,Furniture,Kolkata,Store,UPI,2,9713.33,0.0,19426.66,19426.66,0,3248.71,2025,3,March,Monday,19426.66,19426.66
2025-03-31,ORD047575,CUST03011,P013,Monitor,Electronics,Bengaluru,Online,Debit Card,1,16546.4,0.15,16546.4,14064.44,0,2343.95,2025,3,March,Monday,16546.4,14064.44
2025-03-31,ORD029798,CUST04816,P013,Monitor,Electronics,Pune,Online,UPI,2,18052.89,0.0,36105.78,36105.78,0,4955.39,2025,3,March,Monday,36105.78,36105.78
2025-03-31,ORD031555,CUST04499,P020,Microwave,Home,Mumbai,Store,UPI,2,11169.27,0.0,22338.54,22338.54,0,2218.52,2025,3,March,Monday,22338.54,22338.54
2025-03-31,ORD040978,CUST01918,P018,Jacket,Fashion,Jaipur,Store,Net Banking,2,5088.13,0.15,10176.26,8649.82,0,893.06,2025,3,March,Monday,10176.26,8649.821
2025-03-31,ORD021003,CUST00692,P015,Dining Table,Furniture,Chennai,Store,Debit Card,1,21791.48,0.1,21791.48,19612.33,0,2712.29,2025,3,March,Monday,21791.48,19612.332
2025-03-31,ORD047694,CUST00691,P020,Microwave,Home,Jaipur,Store,Credit Card,2,10864.96,0.2,21729.92,17383.94,0,3762.27,2025,3,March,Monday,21729.92,17383.935999999998
2025-04-01,ORD031028,CUST03372,P017,Jeans,Fashion,Bengaluru,Online,Credit Card,1,2560.02,0.25,2560.02,1920.02,0,358.48,2025,4,April,Tuesday,2560.02,1920.0149999999999
2025-04-01,ORD014411,CUST04004,P009,T-Shirt,Fashion,Mumbai,Store,Debit Card,2,1269.61,0.2,2539.22,2031.38,0,201.69,2025,4,April,Tuesday,2539.22,2031.376
2025-04-01,ORD038250,CUST03252,P006,Desk,Furniture,Delhi,Store,Debit Card,1,10919.87,0.05,10919.87,10373.88,0,2532.72,2025,4,April,Tuesday,10919.87,10373.8765
2025-04-01,ORD008029,CUST00277,P009,T-Shirt,Fashion,Bengaluru,Online,Debit Card,1,1303.17,0.0,1303.17,1303.17,0,271.47,2025,4,April,Tuesday,1303.17,1303.17
2025-04-01,ORD033296,CUST04779,P003,Headphones,Electronics,Jaipur,Store,UPI,1,4210.95,0.1,4210.95,3789.86,0,341.04,2025,4,April,Tuesday,4210.95,3789.855
2025-04-01,ORD023794,CUST02801,P011,Mixer Grinder,Home,Delhi,Store,Debit Card,1,4574.33,0.1,4574.33,4116.9,0,693.07,2025,4,April,Tuesday,4574.33,4116.897
2025-04-01,ORD032586,CUST03931,P003,Headphones,Electronics,Chennai,Online,Credit Card,2,4702.2,0.05,9404.4,8934.18,0,1152.54,2025,4,April,Tuesday,9404.4,8934.179999999998
2025-04-01,ORD030876,CUST00343,P014,Keyboard,Electronics,Bengaluru,Online,UPI,1,2261.02,0.15,2261.02,1921.87,0,182.26,2025,4,April,Tuesday,2261.02,1921.867
2025-04-01,ORD020593,CUST02246,P013,Monitor,Electronics,Delhi,Online,UPI,1,18552.72,0.1,18552.72,16697.45,0,2083.86,2025,4,April,Tuesday,18552.72,16697.448
2025-04-01,ORD034059,CUST00331,P006,Desk,Furniture,Mumbai,Store,UPI,4,12386.43,0.05,49545.72,47068.43,0,7758.84,2025,4,April,Tuesday,49545.72,47068.434
2025-04-01,ORD007631,CUST02101,P010,Coffee Maker,Home,Mumbai,Store,Credit Card,4,5207.89,0.05,20831.56,19789.98,0,3402.59,2025,4,April,Tuesday,20831.56,19789.982
2025-04-01,ORD011330,CUST02322,P003,Headphones,Electronics,Mumbai,Online,Credit Card,1,4129.85,0.2,4129.85,3303.88,0,635.08,2025,4,April,Tuesday,4129.85,3303.8800000000006
2025-04-01,ORD032592,CUST02277,P009,T-Shirt,Fashion,Mumbai,Online,Credit Card,2,1130.08,0.05,2260.16,2147.15,0,342.4,2025,4,April,Tuesday,2260.16,2147.1519999999996
2025-04-01,ORD025208,CUST00989,P013,Monitor,Electronics,Surat,Store,Cash,1,19014.0,0.05,19014.0,18063.3,0,4627.53,2025,4,April,Tuesday,19014.0,18063.3
2025-04-01,ORD024534,CUST04537,P017,Jeans,Fashion,Jaipur,Online,Debit Card,1,2530.29,0.15,2530.29,2150.75,1,-107.54,2025,4,April,Tuesday,2530.29,2150.7464999999997
2025-04-01,ORD037750,CUST03661,P017,Jeans,Fashion,Delhi,Online,UPI,1,2588.25,0.2,2588.25,2070.6,1,-103.53,2025,4,April,Tuesday,2588.25,2070.6
2025-04-01,ORD015164,CUST04152,P010,Coffee Maker,Home,Kolkata,Store,Debit Card,1,5682.68,0.15,5682.68,4830.28,0,1180.12,2025,4,April,Tuesday,5682.68,4830.278
2025-04-01,ORD033660,CUST04787,P011,Mixer Grinder,Home,Surat,Online,UPI,1,4783.36,0.1,4783.36,4305.02,0,1072.69,2025,4,April,Tuesday,4783.36,4305.023999999999
2025-04-01,ORD038095,CUST04517,P002,Smartphone,Electronics,Chennai,Online,Cash,1,28245.15,0.2,28245.15,22596.12,0,3047.2,2025,4,April,Tuesday,28245.15,22596.120000000003
2025-04-01,ORD025107,CUST04591,P002,Smartphone,Electronics,Hyderabad,Store,Debit Card,1,27649.04,0.15,27649.04,23501.68,0,3427.33,2025,4,April,Tuesday,27649.04,23501.684
2025-04-01,ORD047377,CUST02284,P006,Desk,Furniture,Ahmedabad,Online,UPI,1,13084.16,0.0,13084.16,13084.16,0,1803.38,2025,4,April,Tuesday,13084.16,13084.16
2025-04-01,ORD013235,CUST04216,P005,Office Chair,Furniture,Chennai,Online,UPI,4,10195.59,0.15,40782.36,34665.01,0,4644.45,2025,4,April,Tuesday,40782.36,34665.006
2025-04-01,ORD011527,CUST01402,P017,Jeans,Fashion,Kolkata,Store,Credit Card,1,2596.23,0.2,2596.23,2076.98,1,-103.85,2025,4,April,Tuesday,2596.23,2076.984
2025-04-01,ORD035737,CUST03590,P015,Dining Table,Furniture,Jaipur,Store,Cash,2,20307.3,0.0,40614.6,40614.6,0,6460.53,2025,4,April,Tuesday,40614.6,40614.6
2025-04-01,ORD041717,CUST02942,P009,T-Shirt,Fashion,Chennai,Store,UPI,2,1199.6,0.05,2399.2,2279.24,0,236.77,2025,4,April,Tuesday,2399.2,2279.24
2025-04-01,ORD036136,CUST01663,P020,Microwave,Home,Chennai,Online,Debit Card,3,10343.47,0.15,31030.41,26375.85,0,1974.3,2025,4,April,Tuesday,31030.409999999996,26375.8485
2025-04-01,ORD015039,CUST02335,P010,Coffee Maker,Home,Chennai,Online,Credit Card,2,5823.0,0.05,11646.0,11063.7,0,2669.47,2025,4,April,Tuesday,11646.0,11063.699999999999
2025-04-01,ORD046793,CUST00337,P015,Dining Table,Furniture,Hyderabad,Online,UPI,3,23160.0,0.0,69480.0,69480.0,0,14672.91,2025,4,April,Tuesday,69480.0,69480.0
2025-04-01,ORD039027,CUST00498,P012,Air Fryer,Home,Surat,Store,UPI,1,6885.24,0.05,6885.24,6540.98,0,642.87,2025,4,April,Tuesday,6885.24,6540.977999999999
2025-04-01,ORD033775,CUST02715,P007,Backpack,Accessories,Pune,Online,Credit Card,1,2387.68,0.05,2387.68,2268.3,0,409.82,2025,4,April,Tuesday,2387.68,2268.296
2025-04-01,ORD042592,CUST03405,P008,Running Shoes,Fashion,Bengaluru,Online,Credit Card,4,4495.86,0.1,17983.44,16185.1,0,3568.97,2025,4,April,Tuesday,17983.44,16185.096
2025-04-01,ORD003017,CUST00108,P016,Sofa,Furniture,Kolkata,Online,Debit Card,4,38275.03,0.15,153100.12,130135.1,0,20286.06,2025,4,April,Tuesday,153100.12,130135.102
2025-04-01,ORD040366,CUST01686,P013,Monitor,Electronics,Bengaluru,Store,UPI,1,17825.73,0.1,17825.73,16043.16,0,2988.66,2025,4,April,Tuesday,17825.73,16043.157
2025-04-01,ORD017624,CUST00864,P011,Mixer Grinder,Home,Ahmedabad,Store,Credit Card,1,4685.74,0.1,4685.74,4217.17,0,680.32,2025,4,April,Tuesday,4685.74,4217.166
2025-04-01,ORD002645,CUST00788,P020,Microwave,Home,Delhi,Online,Credit Card,1,11331.77,0.15,11331.77,9632.0,0,1704.86,2025,4,April,Tuesday,11331.77,9632.004500000001
2025-04-01,ORD036823,CUST00827,P016,Sofa,Furniture,Surat,Online,Credit Card,1,36461.13,0.0,36461.13,36461.13,0,6283.35,2025,4,April,Tuesday,36461.13,36461.13
2025-04-01,ORD036811,CUST00012,P002,Smartphone,Electronics,Surat,Online,Credit Card,1,27527.27,0.1,27527.27,24774.54,0,3917.81,2025,4,April,Tuesday,27527.27,24774.543
2025-04-01,ORD041985,CUST04851,P007,Backpack,Accessories,Pune,Online,Credit Card,1,2309.39,0.1,2309.39,2078.45,0,395.42,2025,4,April,Tuesday,2309.39,2078.451
2025-04-01,ORD036802,CUST01855,P016,Sofa,Furniture,Chennai,Store,Cash,1,37808.83,0.0,37808.83,37808.83,0,3468.71,2025,4,April,Tuesday,37808.83,37808.83
2025-04-01,ORD033632,CUST03190,P015,Dining Table,Furniture,Jaipur,Online,Debit Card,1,19959.35,0.15,19959.35,16965.45,0,3824.65,2025,4,April,Tuesday,19959.35,16965.4475
2025-04-01,ORD016443,CUST04502,P008,Running Shoes,Fashion,Mumbai,Store,Net Banking,1,4581.48,0.0,4581.48,4581.48,0,385.1,2025,4,April,Tuesday,4581.48,4581.48
2025-04-01,ORD036245,CUST02958,P004,Smartwatch,Electronics,Kolkata,Online,UPI,1,7257.9,0.15,7257.9,6169.21,0,1427.17,2025,4,April,Tuesday,7257.9,6169.214999999999
2025-04-01,ORD045885,CUST02118,P008,Running Shoes,Fashion,Jaipur,Online,Credit Card,1,3835.28,0.1,3835.28,3451.75,0,902.99,2025,4,April,Tuesday,3835.28,3451.7520000000004
2025-04-01,ORD047827,CUST00075,P015,Dining Table,Furniture,Surat,Online,UPI,1,20147.39,0.1,20147.39,18132.65,0,1698.31,2025,4,April,Tuesday,20147.39,18132.651
2025-04-01,ORD001543,CUST00901,P003,Headphones,Electronics,Chennai,Store,UPI,1,4803.39,0.15,4803.39,4082.88,0,385.09,2025,4,April,Tuesday,4803.39,4082.8815
2025-04-01,ORD039089,CUST02657,P001,Laptop,Electronics,Kolkata,Store,Debit Card,1,70757.83,0.1,70757.83,63682.05,0,9010.53,2025,4,April,Tuesday,70757.83,63682.047000000006
2025-04-01,ORD033772,CUST03600,P006,Desk,Furniture,Ahmedabad,Online,Credit Card,1,11884.87,0.1,11884.87,10696.38,0,915.09,2025,4,April,Tuesday,11884.87,10696.383000000002
2025-04-01,ORD015424,CUST00462,P008,Running Shoes,Fashion,Mumbai,Online,Credit Card,1,4433.67,0.1,4433.67,3990.3,0,955.42,2025,4,April,Tuesday,4433.67,3990.3030000000003
2025-04-01,ORD037321,CUST03939,P016,Sofa,Furniture,Kolkata,Store,UPI,3,33014.7,0.1,99044.1,89139.69,0,17575.19,2025,4,April,Tuesday,99044.09999999999,89139.69
2025-04-01,ORD009349,CUST02571,P006,Desk,Furniture,Pune,Online,UPI,4,11347.16,0.0,45388.64,45388.64,1,-2269.43,2025,4,April,Tuesday,45388.64,45388.64
2025-04-01,ORD020934,CUST01314,P009,T-Shirt,Fashion,Delhi,Online,Credit Card,2,1102.51,0.05,2205.02,2094.77,0,502.5,2025,4,April,Tuesday,2205.02,2094.769
2025-04-01,ORD007931,CUST03466,P001,Laptop,Electronics,Bengaluru,Online,UPI,1,69782.5,0.05,69782.5,66293.38,0,10857.57,2025,4,April,Tuesday,69782.5,66293.375
2025-04-01,ORD008765,CUST00639,P003,Headphones,Electronics,Ahmedabad,Online,Debit Card,1,4936.36,0.15,4936.36,4195.91,0,533.29,2025,4,April,Tuesday,4936.36,4195.906
2025-04-01,ORD017913,CUST00948,P020,Microwave,Home,Kolkata,Online,Debit Card,1,11965.95,0.2,11965.95,9572.76,0,1184.77,2025,4,April,Tuesday,11965.95,9572.76
2025-04-01,ORD020693,CUST00161,P011,Mixer Grinder,Home,Surat,Online,Credit Card,2,4469.42,0.2,8938.84,7151.07,0,1618.43,2025,4,April,Tuesday,8938.84,7151.072
2025-04-01,ORD047755,CUST00153,P005,Office Chair,Furniture,Bengaluru,Online,UPI,1,9948.83,0.05,9948.83,9451.39,0,2283.19,2025,4,April,Tuesday,9948.83,9451.3885
2025-04-01,ORD013191,CUST03423,P003,Headphones,Electronics,Pune,Online,Net Banking,2,4671.92,0.05,9343.84,8876.65,0,821.31,2025,4,April,Tuesday,9343.84,8876.648
2025-04-01,ORD046210,CUST03086,P015,Dining Table,Furniture,Pune,Store,Credit Card,1,23826.12,0.05,23826.12,22634.81,1,-1131.74,2025,4,April,Tuesday,23826.12,22634.814
2025-04-01,ORD024957,CUST00196,P001,Laptop,Electronics,Mumbai,Store,Credit Card,1,67415.6,0.2,67415.6,53932.48,0,9358.71,2025,4,April,Tuesday,67415.6,53932.48000000001
2025-04-01,ORD004217,CUST01885,P007,Backpack,Accessories,Delhi,Online,UPI,1,2014.52,0.05,2014.52,1913.79,0,360.18,2025,4,April,Tuesday,2014.52,1913.7939999999999
2025-04-01,ORD036375,CUST03266,P007,Backpack,Accessories,Jaipur,Online,Credit Card,2,2013.82,0.0,4027.64,4027.64,0,430.12,2025,4,April,Tuesday,4027.64,4027.64
2025-04-01,ORD029861,CUST04466,P018,Jacket,Fashion,Ahmedabad,Online,Credit Card,4,5256.99,0.05,21027.96,19976.56,0,3228.32,2025,4,April,Tuesday,21027.96,19976.561999999998
2025-04-01,ORD014254,CUST04413,P005,Office Chair,Furniture,Mumbai,Store,Debit Card,2,10057.61,0.1,20115.22,18103.7,0,2146.24,2025,4,April,Tuesday,20115.22,18103.698
2025-04-01,ORD021306,CUST01843,P014,Keyboard,Electronics,Delhi,Online,Net Banking,1,2639.53,0.1,2639.53,2375.58,0,461.44,2025,4,April,Tuesday,2639.53,2375.577
2025-04-01,ORD040093,CUST04491,P019,Vacuum Cleaner,Home,Surat,Online,Credit Card,2,9723.98,0.1,19447.96,17503.16,0,1426.35,2025,4,April,Tuesday,19447.96,17503.164
2025-04-01,ORD003908,CUST04837,P015,Dining Table,Furniture,Hyderabad,Online,UPI,2,23939.18,0.1,47878.36,43090.52,1,-2154.53,2025,4,April,Tuesday,47878.36,43090.524000000005
2025-04-02,ORD015890,CUST00702,P014,Keyboard,Electronics,Surat,Online,Cash,1,2485.6,0.0,2485.6,2485.6,0,230.01,2025,4,April,Wednesday,2485.6,2485.6
2025-04-02,ORD009041,CUST03611,P002,Smartphone,Electronics,Hyderabad,Store,Cash,1,30651.06,0.1,30651.06,27585.95,0,4035.9,2025,4,April,Wednesday,30651.06,27585.954
2025-04-02,ORD010997,CUST04429,P009,T-Shirt,Fashion,Kolkata,Online,UPI,1,1119.2,0.25,1119.2,839.4,0,153.91,2025,4,April,Wednesday,1119.2,839.4000000000001
2025-04-02,ORD001485,CUST04681,P007,Backpack,Accessories,Ahmedabad,Online,UPI,1,2024.01,0.05,2024.01,1922.81,0,146.88,2025,4,April,Wednesday,2024.01,1922.8094999999998
2025-04-02,ORD028348,CUST02785,P009,T-Shirt,Fashion,Hyderabad,Store,UPI,5,1245.08,0.25,6225.4,4669.05,0,967.66,2025,4,April,Wednesday,6225.4,4669.049999999999
2025-04-02,ORD033780,CUST00920,P017,Jeans,Fashion,Chennai,Online,Debit Card,1,2583.01,0.0,2583.01,2583.01,0,546.91,2025,4,April,Wednesday,2583.01,2583.01
2025-04-02,ORD014815,CUST03141,P004,Smartwatch,Electronics,Jaipur,Store,Credit Card,2,7132.25,0.1,14264.5,12838.05,0,3111.66,2025,4,April,Wednesday,14264.5,12838.050000000001
2025-04-02,ORD032383,CUST04300,P011,Mixer Grinder,Home,Jaipur,Online,Credit Card,1,4637.52,0.1,4637.52,4173.77,0,308.78,2025,4,April,Wednesday,4637.52,4173.768000000001
2025-04-02,ORD039356,CUST01348,P019,Vacuum Cleaner,Home,Surat,Store,UPI,1,9382.1,0.25,9382.1,7036.58,0,285.17,2025,4,April,Wednesday,9382.1,7036.575000000001
2025-04-02,ORD038527,CUST02765,P003,Headphones,Electronics,Kolkata,Store,UPI,1,4856.97,0.1,4856.97,4371.27,0,707.79,2025,4,April,Wednesday,4856.97,4371.273
2025-04-02,ORD018198,CUST02083,P011,Mixer Grinder,Home,Hyderabad,Store,Net Banking,1,4357.61,0.2,4357.61,3486.09,0,804.26,2025,4,April,Wednesday,4357.61,3486.0879999999997
2025-04-02,ORD028392,CUST01674,P017,Jeans,Fashion,Hyderabad,Store,Credit Card,1,2829.67,0.15,2829.67,2405.22,0,264.56,2025,4,April,Wednesday,2829.67,2405.2195
2025-04-02,ORD001563,CUST02739,P002,Smartphone,Electronics,Surat,Online,Debit Card,1,27767.42,0.15,27767.42,23602.31,0,3748.26,2025,4,April,Wednesday,27767.42,23602.306999999997
2025-04-02,ORD033766,CUST03139,P016,Sofa,Furniture,Kolkata,Online,Net Banking,1,33010.86,0.1,33010.86,29709.77,0,8184.56,2025,4,April,Wednesday,33010.86,29709.774
2025-04-02,ORD031418,CUST02724,P013,Monitor,Electronics,Delhi,Online,Net Banking,1,19083.6,0.05,19083.6,18129.42,0,2028.45,2025,4,April,Wednesday,19083.6,18129.42
2025-04-02,ORD007383,CUST02915,P018,Jacket,Fashion,Chennai,Store,Credit Card,1,4783.91,0.0,4783.91,4783.91,0,1110.83,2025,4,April,Wednesday,4783.91,4783.91
2025-04-02,ORD031382,CUST02005,P012,Air Fryer,Home,Jaipur,Store,Credit Card,1,7309.64,0.05,7309.64,6944.16,0,543.63,2025,4,April,Wednesday,7309.64,6944.158
2025-04-02,ORD003187,CUST02273,P011,Mixer Grinder,Home,Chennai,Online,UPI,1,4578.98,0.15,4578.98,3892.13,0,346.73,2025,4,April,Wednesday,4578.98,3892.1329999999994
2025-04-02,ORD008910,CUST01932,P005,Office Chair,Furniture,Chennai,Online,UPI,2,9488.24,0.0,18976.48,18976.48,0,3894.77,2025,4,April,Wednesday,18976.48,18976.48
2025-04-02,ORD048206,CUST00237,P011,Mixer Grinder,Home,Delhi,Online,Cash,2,4924.11,0.15,9848.22,8370.99,0,1404.29,2025,4,April,Wednesday,9848.22,8370.987
2025-04-02,ORD030426,CUST01295,P001,Laptop,Electronics,Hyderabad,Store,Cash,1,66993.68,0.1,66993.68,60294.31,0,13652.25,2025,4,April,Wednesday,66993.68,60294.312
2025-04-02,ORD032119,CUST04994,P015,Dining Table,Furniture,Surat,Store,UPI,2,21287.05,0.25,42574.1,31930.57,0,2966.46,2025,4,April,Wednesday,42574.1,31930.574999999997
2025-04-02,ORD024351,CUST03517,P014,Keyboard,Electronics,Surat,Online,Cash,5,2675.16,0.05,13375.8,12707.01,1,-635.35,2025,4,April,Wednesday,13375.8,12707.009999999998
2025-04-02,ORD005094,CUST01765,P020,Microwave,Home,Pune,Online,UPI,4,10968.12,0.05,43872.48,41678.86,0,11949.34,2025,4,April,Wednesday,43872.48,41678.856
2025-04-02,ORD049859,CUST04245,P013,Monitor,Electronics,Mumbai,Online,Debit Card,5,16442.54,0.1,82212.7,73991.43,0,10430.74,2025,4,April,Wednesday,82212.70000000001,73991.43
2025-04-02,ORD046842,CUST02164,P008,Running Shoes,Fashion,Delhi,Online,Credit Card,1,4325.0,0.05,4325.0,4108.75,0,363.87,2025,4,April,Wednesday,4325.0,4108.75
2025-04-02,ORD022412,CUST03416,P014,Keyboard,Electronics,Kolkata,Store,Credit Card,1,2438.89,0.05,2438.89,2316.95,0,463.48,2025,4,April,Wednesday,2438.89,2316.9455
2025-04-02,ORD045858,CUST02081,P001,Laptop,Electronics,Mumbai,Online,Credit Card,1,58856.11,0.1,58856.11,52970.5,1,-2648.52,2025,4,April,Wednesday,58856.11,52970.499
2025-04-02,ORD008302,CUST00101,P015,Dining Table,Furniture,Jaipur,Online,UPI,2,22483.18,0.0,44966.36,44966.36,0,9790.72,2025,4,April,Wednesday,44966.36,44966.36
2025-04-02,ORD026083,CUST00059,P012,Air Fryer,Home,Chennai,Online,Cash,5,7090.62,0.0,35453.1,35453.1,0,10334.04,2025,4,April,Wednesday,35453.1,35453.1
2025-04-02,ORD042619,CUST01174,P007,Backpack,Accessories,Kolkata,Online,Credit Card,1,2056.68,0.15,2056.68,1748.18,0,283.47,2025,4,April,Wednesday,2056.68,1748.1779999999999
2025-04-02,ORD008576,CUST04305,P005,Office Chair,Furniture,Surat,Store,Debit Card,2,10250.2,0.0,20500.4,20500.4,0,6027.96,2025,4,April,Wednesday,20500.4,20500.4
2025-04-02,ORD020438,CUST00797,P013,Monitor,Electronics,Surat,Online,Cash,1,16812.46,0.1,16812.46,15131.21,0,1764.27,2025,4,April,Wednesday,16812.46,15131.214
2025-04-02,ORD015552,CUST00440,P015,Dining Table,Furniture,Chennai,Store,Debit Card,1,24138.78,0.15,24138.78,20517.96,0,4937.94,2025,4,April,Wednesday,24138.78,20517.963
2025-04-02,ORD027631,CUST03402,P004,Smartwatch,Electronics,Pune,Store,Credit Card,4,7111.37,0.15,28445.48,24178.66,0,5256.44,2025,4,April,Wednesday,28445.48,24178.658
2025-04-02,ORD027638,CUST03818,P015,Dining Table,Furniture,Pune,Store,Debit Card,2,23194.11,0.0,46388.22,46388.22,0,13414.81,2025,4,April,Wednesday,46388.22,46388.22
2025-04-02,ORD025346,CUST00680,P015,Dining Table,Furniture,Jaipur,Online,UPI,1,20972.49,0.0,20972.49,20972.49,0,4434.75,2025,4,April,Wednesday,20972.49,20972.49
2025-04-02,ORD001763,CUST03273,P007,Backpack,Accessories,Pune,Online,Credit Card,4,2102.92,0.25,8411.68,6308.76,0,992.28,2025,4,April,Wednesday,8411.68,6308.76
2025-04-02,ORD026032,CUST00899,P002,Smartphone,Electronics,Mumbai,Online,UPI,3,27854.86,0.1,83564.58,75208.12,0,6927.43,2025,4,April,Wednesday,83564.58,75208.122
2025-04-02,ORD002054,CUST04052,P003,Headphones,Electronics,Hyderabad,Store,UPI,1,4098.58,0.2,4098.58,3278.86,0,500.02,2025,4,April,Wednesday,4098.58,3278.864
2025-04-02,ORD019139,CUST01582,P014,Keyboard,Electronics,Bengaluru,Store,Credit Card,1,2431.71,0.25,2431.71,1823.78,0,451.97,2025,4,April,Wednesday,2431.71,1823.7825
2025-04-02,ORD042531,CUST04205,P017,Jeans,Fashion,Surat,Online,Credit Card,1,2594.26,0.1,2594.26,2334.83,1,-116.74,2025,4,April,Wednesday,2594.26,2334.8340000000003
2025-04-02,ORD013069,CUST02311,P007,Backpack,Accessories,Pune,Online,Credit Card,1,2209.93,0.05,2209.93,2099.43,0,439.02,2025,4,April,Wednesday,2209.93,2099.4334999999996
2025-04-02,ORD030233,CUST00448,P010,Coffee Maker,Home,Mumbai,Online,Cash,1,5703.47,0.1,5703.47,5133.12,0,915.69,2025,4,April,Wednesday,5703.47,5133.1230000000005
2025-04-02,ORD033237,CUST03392,P014,Keyboard,Electronics,Chennai,Online,Credit Card,1,2584.32,0.05,2584.32,2455.1,0,474.23,2025,4,April,Wednesday,2584.32,2455.104
2025-04-02,ORD031010,CUST01376,P019,Vacuum Cleaner,Home,Jaipur,Store,UPI,1,9024.42,0.0,9024.42,9024.42,0,1428.59,2025,4,April,Wednesday,9024.42,9024.42
2025-04-02,ORD049802,CUST00392,P006,Desk,Furniture,Hyderabad,Online,Credit Card,2,11635.88,0.05,23271.76,22108.17,0,4959.37,2025,4,April,Wednesday,23271.76,22108.172
2025-04-02,ORD005815,CUST00780,P009,T-Shirt,Fashion,Surat,Store,Credit Card,3,1230.12,0.2,3690.36,2952.29,0,556.55,2025,4,April,Wednesday,3690.3599999999997,2952.2880000000005
2025-04-02,ORD024415,CUST02757,P015,Dining Table,Furniture,Delhi,Store,UPI,1,20526.57,0.1,20526.57,18473.91,0,4409.1,2025,4,April,Wednesday,20526.57,18473.913
2025-04-02,ORD025300,CUST04658,P007,Backpack,Accessories,Bengaluru,Online,Debit Card,5,2073.21,0.1,10366.05,9329.44,0,1096.43,2025,4,April,Wednesday,10366.05,9329.445
2025-04-02,ORD032146,CUST00691,P006,Desk,Furniture,Pune,Online,Cash,3,11140.2,0.15,33420.6,28407.51,0,1659.56,2025,4,April,Wednesday,33420.600000000006,28407.51
2025-04-02,ORD027497,CUST01613,P012,Air Fryer,Home,Bengaluru,Online,Debit Card,1,6668.25,0.15,6668.25,5668.01,0,912.5,2025,4,April,Wednesday,6668.25,5668.0125
2025-04-02,ORD021792,CUST02705,P007,Backpack,Accessories,Delhi,Online,UPI,1,2389.81,0.05,2389.81,2270.32,0,638.81,2025,4,April,Wednesday,2389.81,2270.3195
2025-04-02,ORD028248,CUST00658,P019,Vacuum Cleaner,Home,Ahmedabad,Store,Debit Card,1,9067.77,0.15,9067.77,7707.6,0,1817.93,2025,4,April,Wednesday,9067.77,7707.6045
2025-04-02,ORD048117,CUST04062,P002,Smartphone,Electronics,Bengaluru,Store,Credit Card,1,28408.09,0.05,28408.09,26987.69,0,2278.6,2025,4,April,Wednesday,28408.09,26987.6855
2025-04-02,ORD017029,CUST04293,P020,Microwave,Home,Ahmedabad,Online,UPI,1,10607.14,0.15,10607.14,9016.07,0,1256.94,2025,4,April,Wednesday,10607.14,9016.069
2025-04-02,ORD029116,CUST00848,P016,Sofa,Furniture,Jaipur,Online,Credit Card,2,32042.4,0.2,64084.8,51267.84,0,7769.68,2025,4,April,Wednesday,64084.8,51267.840000000004
2025-04-02,ORD008811,CUST01469,P014,Keyboard,Electronics,Surat,Online,UPI,1,2339.97,0.1,2339.97,2105.97,0,233.56,2025,4,April,Wednesday,2339.97,2105.973
2025-04-02,ORD028294,CUST03217,P011,Mixer Grinder,Home,Delhi,Online,Debit Card,1,4548.66,0.2,4548.66,3638.93,0,538.31,2025,4,April,Wednesday,4548.66,3638.928
2025-04-02,ORD002915,CUST01159,P017,Jeans,Fashion,Bengaluru,Online,UPI,1,2688.55,0.05,2688.55,2554.12,0,492.88,2025,4,April,Wednesday,2688.55,2554.1225
2025-04-02,ORD019583,CUST03004,P009,T-Shirt,Fashion,Delhi,Store,Debit Card,1,1273.37,0.1,1273.37,1146.03,0,272.5,2025,4,April,Wednesday,1273.37,1146.033
2025-04-02,ORD034294,CUST00263,P003,Headphones,Electronics,Bengaluru,Online,Net Banking,2,4897.68,0.1,9795.36,8815.82,0,834.74,2025,4,April,Wednesday,9795.36,8815.824
2025-04-02,ORD030639,CUST00211,P010,Coffee Maker,Home,Bengaluru,Store,UPI,1,4952.41,0.0,4952.41,4952.41,0,1157.95,2025,4,April,Wednesday,4952.41,4952.41
2025-04-02,ORD016544,CUST01095,P012,Air Fryer,Home,Kolkata,Online,UPI,2,6906.4,0.05,13812.8,13122.16,0,1270.43,2025,4,April,Wednesday,13812.8,13122.159999999998
2025-04-02,ORD021679,CUST00578,P008,Running Shoes,Fashion,Chennai,Online,Credit Card,1,4381.7,0.15,4381.7,3724.44,0,846.95,2025,4,April,Wednesday,4381.7,3724.4449999999997
2025-04-02,ORD006992,CUST01944,P001,Laptop,Electronics,Mumbai,Online,Credit Card,2,67072.79,0.0,134145.58,134145.58,0,28590.14,2025,4,April,Wednesday,134145.58,134145.58
2025-04-03,ORD011331,CUST00745,P014,Keyboard,Electronics,Kolkata,Online,Net Banking,2,2305.35,0.05,4610.7,4380.16,0,771.6,2025,4,April,Thursday,4610.7,4380.165
2025-04-03,ORD016536,CUST01890,P008,Running Shoes,Fashion,Pune,Online,UPI,1,4372.97,0.15,4372.97,3717.02,0,492.09,2025,4,April,Thursday,4372.97,3717.0245
2025-04-03,ORD007462,CUST01233,P011,Mixer Grinder,Home,Mumbai,Store,Debit Card,1,5174.3,0.15,5174.3,4398.16,0,439.55,2025,4,April,Thursday,5174.3,4398.155
2025-04-03,ORD009214,CUST04433,P008,Running Shoes,Fashion,Mumbai,Online,UPI,2,4480.13,0.05,8960.26,8512.25,0,807.96,2025,4,April,Thursday,8960.26,8512.247
2025-04-03,ORD009045,CUST02685,P015,Dining Table,Furniture,Surat,Online,Debit Card,1,23689.93,0.1,23689.93,21320.94,0,4064.95,2025,4,April,Thursday,23689.93,21320.937
2025-04-03,ORD019853,CUST01253,P020,Microwave,Home,Kolkata,Online,Debit Card,1,11548.02,0.15,11548.02,9815.82,0,1592.5,2025,4,April,Thursday,11548.02,9815.817000000001
2025-04-03,ORD047899,CUST04168,P015,Dining Table,Furniture,Hyderabad,Store,UPI,1,21198.9,0.1,21198.9,19079.01,0,2631.41,2025,4,April,Thursday,21198.9,19079.010000000002
2025-04-03,ORD004352,CUST00245,P006,Desk,Furniture,Ahmedabad,Online,Cash,1,11117.91,0.2,11117.91,8894.33,0,624.54,2025,4,April,Thursday,11117.91,8894.328
2025-04-03,ORD007920,CUST00933,P013,Monitor,Electronics,Surat,Online,Credit Card,2,19472.03,0.1,38944.06,35049.65,0,4471.65,2025,4,April,Thursday,38944.06,35049.654
2025-04-03,ORD036234,CUST01061,P014,Keyboard,Electronics,Kolkata,Online,Credit Card,1,2547.03,0.1,2547.03,2292.33,0,546.71,2025,4,April,Thursday,2547.03,2292.327
2025-04-03,ORD010549,CUST01495,P003,Headphones,Electronics,Kolkata,Store,Debit Card,1,4862.49,0.1,4862.49,4376.24,0,1069.75,2025,4,April,Thursday,4862.49,4376.241
2025-04-03,ORD023040,CUST02979,P007,Backpack,Accessories,Surat,Online,Cash,1,2342.42,0.15,2342.42,1991.06,0,505.01,2025,4,April,Thursday,2342.42,1991.057
2025-04-03,ORD048498,CUST01660,P012,Air Fryer,Home,Surat,Online,Net Banking,1,7089.64,0.15,7089.64,6026.19,0,721.13,2025,4,April,Thursday,7089.64,6026.194
2025-04-03,ORD007774,CUST03405,P005,Office Chair,Furniture,Bengaluru,Online,Debit Card,5,8905.46,0.15,44527.3,37848.2,0,5089.59,2025,4,April,Thursday,44527.299999999996,37848.205
2025-04-03,ORD036140,CUST03109,P014,Keyboard,Electronics,Ahmedabad,Store,UPI,1,2608.73,0.1,2608.73,2347.86,0,144.54,2025,4,April,Thursday,2608.73,2347.857
2025-04-03,ORD041942,CUST03493,P015,Dining Table,Furniture,Jaipur,Online,UPI,2,23760.81,0.0,47521.62,47521.62,1,-2376.08,2025,4,April,Thursday,47521.62,47521.62
2025-04-03,ORD005788,CUST00035,P001,Laptop,Electronics,Surat,Online,Credit Card,2,61918.61,0.15,123837.22,105261.64,0,19682.54,2025,4,April,Thursday,123837.22,105261.637
2025-04-03,ORD025597,CUST03123,P019,Vacuum Cleaner,Home,Pune,Online,Net Banking,1,8847.15,0.15,8847.15,7520.08,0,1420.23,2025,4,April,Thursday,8847.15,7520.077499999999
2025-04-03,ORD009791,CUST04258,P009,T-Shirt,Fashion,Kolkata,Store,Net Banking,2,1198.09,0.05,2396.18,2276.37,0,556.17,2025,4,April,Thursday,2396.18,2276.3709999999996
2025-04-03,ORD030281,CUST02268,P011,Mixer Grinder,Home,Surat,Online,UPI,1,4590.49,0.1,4590.49,4131.44,0,533.41,2025,4,April,Thursday,4590.49,4131.441
2025-04-03,ORD045424,CUST02948,P017,Jeans,Fashion,Mumbai,Online,Net Banking,1,2831.11,0.0,2831.11,2831.11,0,779.51,2025,4,April,Thursday,2831.11,2831.11
2025-04-03,ORD015578,CUST01027,P003,Headphones,Electronics,Kolkata,Online,UPI,1,4069.33,0.05,4069.33,3865.86,0,401.28,2025,4,April,Thursday,4069.33,3865.8635
2025-04-03,ORD010239,CUST03531,P017,Jeans,Fashion,Chennai,Online,UPI,2,3068.93,0.05,6137.86,5830.97,0,614.87,2025,4,April,Thursday,6137.86,5830.967
2025-04-03,ORD016975,CUST03750,P019,Vacuum Cleaner,Home,Pune,Online,Cash,2,8982.21,0.1,17964.42,16167.98,0,2194.71,2025,4,April,Thursday,17964.42,16167.978
2025-04-03,ORD029759,CUST03657,P001,Laptop,Electronics,Pune,Store,UPI,1,63865.12,0.15,63865.12,54285.35,0,13968.41,2025,4,April,Thursday,63865.12,54285.352
2025-04-03,ORD007568,CUST03794,P020,Microwave,Home,Pune,Online,UPI,1,11201.06,0.25,11201.06,8400.8,0,494.2,2025,4,April,Thursday,11201.06,8400.795
2025-04-03,ORD039560,CUST01420,P002,Smartphone,Electronics,Pune,Online,Cash,2,26638.22,0.25,53276.44,39957.33,0,8943.69,2025,4,April,Thursday,53276.44,39957.33
2025-04-03,ORD017654,CUST02916,P013,Monitor,Electronics,Ahmedabad,Store,UPI,4,18091.16,0.15,72364.64,61509.94,0,15650.12,2025,4,April,Thursday,72364.64,61509.943999999996
2025-04-03,ORD003667,CUST02296,P011,Mixer Grinder,Home,Delhi,Online,Cash,1,4555.19,0.1,4555.19,4099.67,0,290.73,2025,4,April,Thursday,4555.19,4099.670999999999
2025-04-03,ORD021286,CUST01560,P015,Dining Table,Furniture,Chennai,Online,Credit Card,1,22259.23,0.05,22259.23,21146.27,0,2546.49,2025,4,April,Thursday,22259.23,21146.2685
2025-04-03,ORD001707,CUST00038,P015,Dining Table,Furniture,Ahmedabad,Online,Debit Card,2,21099.63,0.1,42199.26,37979.33,0,8692.36,2025,4,April,Thursday,42199.26,37979.334
2025-04-03,ORD021800,CUST02128,P013,Monitor,Electronics,Chennai,Online,Debit Card,1,19635.19,0.1,19635.19,17671.67,0,1541.54,2025,4,April,Thursday,19635.19,17671.671
2025-04-03,ORD007525,CUST03826,P001,Laptop,Electronics,Delhi,Online,UPI,1,67532.06,0.0,67532.06,67532.06,0,7699.02,2025,4,April,Thursday,67532.06,67532.06
2025-04-03,ORD026648,CUST01746,P011,Mixer Grinder,Home,Ahmedabad,Online,Credit Card,1,4651.69,0.25,4651.69,3488.77,0,349.57,2025,4,April,Thursday,4651.69,3488.7675
2025-04-03,ORD028062,CUST01779,P011,Mixer Grinder,Home,Chennai,Online,Credit Card,3,5270.83,0.1,15812.49,14231.24,0,2407.59,2025,4,April,Thursday,15812.49,14231.241
2025-04-03,ORD008254,CUST00493,P015,Dining Table,Furniture,Pune,Online,Credit Card,1,20452.79,0.1,20452.79,18407.51,0,2714.45,2025,4,April,Thursday,20452.79,18407.511000000002
2025-04-03,ORD012161,CUST02088,P005,Office Chair,Furniture,Hyderabad,Store,Credit Card,1,9353.23,0.1,9353.23,8417.91,0,1755.78,2025,4,April,Thursday,9353.23,8417.907
2025-04-03,ORD031856,CUST01349,P012,Air Fryer,Home,Pune,Store,Credit Card,1,7076.32,0.1,7076.32,6368.69,0,1701.73,2025,4,April,Thursday,7076.32,6368.688
2025-04-03,ORD016030,CUST02171,P008,Running Shoes,Fashion,Bengaluru,Online,Credit Card,1,4261.57,0.05,4261.57,4048.49,0,601.62,2025,4,April,Thursday,4261.57,4048.4914999999996
2025-04-03,ORD017866,CUST03230,P019,Vacuum Cleaner,Home,Pune,Online,Credit Card,1,9352.94,0.15,9352.94,7950.0,1,-397.5,2025,4,April,Thursday,9352.94,7949.999
2025-04-03,ORD031374,CUST03548,P001,Laptop,Electronics,Bengaluru,Store,Credit Card,2,70537.09,0.2,141074.18,112859.34,0,11570.84,2025,4,April,Thursday,141074.18,112859.344
2025-04-03,ORD000490,CUST01538,P014,Keyboard,Electronics,Ahmedabad,Store,Credit Card,1,2491.3,0.15,2491.3,2117.6,0,556.5,2025,4,April,Thursday,2491.3,2117.605
2025-04-03,ORD018018,CUST02950,P004,Smartwatch,Electronics,Kolkata,Online,Credit Card,2,7698.28,0.15,15396.56,13087.08,0,984.53,2025,4,April,Thursday,15396.56,13087.076
2025-04-03,ORD031119,CUST01077,P005,Office Chair,Furniture,Mumbai,Store,UPI,1,9845.49,0.25,9845.49,7384.12,0,467.21,2025,4,April,Thursday,9845.49,7384.1175
2025-04-03,ORD047685,CUST04489,P014,Keyboard,Electronics,Chennai,Online,Net Banking,1,2464.75,0.0,2464.75,2464.75,0,472.77,2025,4,April,Thursday,2464.75,2464.75
2025-04-03,ORD036606,CUST04373,P016,Sofa,Furniture,Mumbai,Online,Cash,1,33531.67,0.0,33531.67,33531.67,0,4740.52,2025,4,April,Thursday,33531.67,33531.67
2025-04-03,ORD002176,CUST02546,P007,Backpack,Accessories,Mumbai,Online,Cash,3,2050.93,0.2,6152.79,4922.23,0,1128.56,2025,4,April,Thursday,6152.789999999999,4922.232
2025-04-03,ORD000158,CUST03352,P003,Headphones,Electronics,Mumbai,Online,UPI,1,4448.45,0.1,4448.45,4003.6,0,878.36,2025,4,April,Thursday,4448.45,4003.605
2025-04-03,ORD002665,CUST02949,P018,Jacket,Fashion,Bengaluru,Online,UPI,2,5367.26,0.15,10734.52,9124.34,0,611.64,2025,4,April,Thursday,10734.52,9124.342
2025-04-03,ORD032960,CUST02116,P015,Dining Table,Furniture,Pune,Online,Credit Card,2,19819.19,0.1,39638.38,35674.54,0,7771.65,2025,4,April,Thursday,39638.38,35674.542
2025-04-03,ORD005640,CUST01254,P010,Coffee Maker,Home,Delhi,Online,UPI,1,5888.74,0.0,5888.74,5888.74,0,1428.27,2025,4,April,Thursday,5888.74,5888.74
2025-04-03,ORD034370,CUST00633,P010,Coffee Maker,Home,Kolkata,Online,Debit Card,1,5562.0,0.0,5562.0,5562.0,0,625.93,2025,4,April,Thursday,5562.0,5562.0
2025-04-04,ORD026968,CUST02899,P016,Sofa,Furniture,Pune,Online,Credit Card,1,32131.83,0.05,32131.83,30525.24,0,3618.13,2025,4,April,Friday,32131.83,30525.2385
2025-04-04,ORD013056,CUST00625,P016,Sofa,Furniture,Kolkata,Online,Net Banking,1,31906.18,0.05,31906.18,30310.87,0,3019.36,2025,4,April,Friday,31906.18,30310.871
2025-04-04,ORD002958,CUST02771,P005,Office Chair,Furniture,Hyderabad,Online,Credit Card,1,9263.82,0.0,9263.82,9263.82,0,2174.35,2025,4,April,Friday,9263.82,9263.82
2025-04-04,ORD003773,CUST03641,P005,Office Chair,Furniture,Surat,Online,UPI,2,9933.26,0.1,19866.52,17879.87,0,2871.69,2025,4,April,Friday,19866.52,17879.868000000002
2025-04-04,ORD003791,CUST01218,P013,Monitor,Electronics,Surat,Online,Debit Card,4,19125.07,0.25,76500.28,57375.21,0,3534.19,2025,4,April,Friday,76500.28,57375.21
2025-04-04,ORD003823,CUST03312,P008,Running Shoes,Fashion,Bengaluru,Store,Debit Card,1,4082.55,0.1,4082.55,3674.3,0,891.23,2025,4,April,Friday,4082.55,3674.295
2025-04-04,ORD009256,CUST00667,P009,T-Shirt,Fashion,Kolkata,Store,UPI,2,1301.37,0.15,2602.74,2212.33,0,333.38,2025,4,April,Friday,2602.74,2212.3289999999997
2025-04-04,ORD003399,CUST03476,P020,Microwave,Home,Bengaluru,Online,Debit Card,1,10129.53,0.15,10129.53,8610.1,0,2320.58,2025,4,April,Friday,10129.53,8610.1005
2025-04-04,ORD020407,CUST02580,P016,Sofa,Furniture,Bengaluru,Online,Net Banking,1,33094.21,0.15,33094.21,28130.08,0,7279.77,2025,4,April,Friday,33094.21,28130.0785
2025-04-04,ORD040112,CUST00349,P004,Smartwatch,Electronics,Ahmedabad,Store,Credit Card,1,6659.19,0.0,6659.19,6659.19,0,780.99,2025,4,April,Friday,6659.19,6659.19
2025-04-04,ORD028113,CUST00818,P016,Sofa,Furniture,Mumbai,Store,UPI,1,33966.63,0.05,33966.63,32268.3,0,5859.38,2025,4,April,Friday,33966.63,32268.298499999997
2025-04-04,ORD043163,CUST04800,P004,Smartwatch,Electronics,Kolkata,Store,Debit Card,2,6793.0,0.0,13586.0,13586.0,0,1115.08,2025,4,April,Friday,13586.0,13586.0
2025-04-04,ORD004327,CUST02201,P010,Coffee Maker,Home,Delhi,Online,Credit Card,2,5288.34,0.05,10576.68,10047.85,0,2342.48,2025,4,April,Friday,10576.68,10047.846
2025-04-04,ORD026853,CUST04295,P001,Laptop,Electronics,Pune,Online,Credit Card,2,70589.13,0.1,141178.26,127060.43,0,22807.69,2025,4,April,Friday,141178.26,127060.43400000001
2025-04-04,ORD040246,CUST00592,P018,Jacket,Fashion,Bengaluru,Online,Credit Card,1,4810.26,0.05,4810.26,4569.75,0,807.67,2025,4,April,Friday,4810.26,4569.747
2025-04-04,ORD041297,CUST04366,P007,Backpack,Accessories,Kolkata,Online,Net Banking,1,2155.32,0.1,2155.32,1939.79,0,309.65,2025,4,April,Friday,2155.32,1939.7880000000002
2025-04-04,ORD020665,CUST04636,P002,Smartphone,Electronics,Mumbai,Online,UPI,1,26256.79,0.0,26256.79,26256.79,0,2972.93,2025,4,April,Friday,26256.79,26256.79
2025-04-04,ORD031884,CUST03729,P009,T-Shirt,Fashion,Mumbai,Online,Credit Card,1,1143.52,0.1,1143.52,1029.17,0,104.24,2025,4,April,Friday,1143.52,1029.1680000000001
2025-04-04,ORD049469,CUST00714,P002,Smartphone,Electronics,Ahmedabad,Online,Credit Card,1,27726.72,0.0,27726.72,27726.72,0,6621.13,2025,4,April,Friday,27726.72,27726.72
2025-04-04,ORD040922,CUST01875,P009,T-Shirt,Fashion,Chennai,Store,Credit Card,1,1117.58,0.15,1117.58,949.94,0,87.75,2025,4,April,Friday,1117.58,949.9429999999999
2025-04-04,ORD047189,CUST02644,P018,Jacket,Fashion,Chennai,Online,UPI,1,5050.2,0.15,5050.2,4292.67,0,664.15,2025,4,April,Friday,5050.2,4292.67
2025-04-04,ORD006925,CUST02943,P002,Smartphone,Electronics,Kolkata,Online,Credit Card,1,29373.21,0.0,29373.21,29373.21,0,3098.46,2025,4,April,Friday,29373.21,29373.21
2025-04-04,ORD028497,CUST01902,P020,Microwave,Home,Chennai,Online,Credit Card,4,11737.57,0.0,46950.28,46950.28,0,5887.4,2025,4,April,Friday,46950.28,46950.28
2025-04-04,ORD029613,CUST02830,P015,Dining Table,Furniture,Mumbai,Online,Credit Card,1,23908.88,0.15,23908.88,20322.55,1,-1016.13,2025,4,April,Friday,23908.88,20322.548
2025-04-04,ORD013872,CUST03593,P011,Mixer Grinder,Home,Pune,Online,UPI,2,4882.27,0.25,9764.54,7323.41,1,-366.17,2025,4,April,Friday,9764.54,7323.405000000001
2025-04-04,ORD006539,CUST04871,P010,Coffee Maker,Home,Kolkata,Online,UPI,1,5934.75,0.05,5934.75,5638.01,0,1288.97,2025,4,April,Friday,5934.75,5638.0125
2025-04-04,ORD043896,CUST03592,P005,Office Chair,Furniture,Ahmedabad,Store,Debit Card,1,9975.65,0.05,9975.65,9476.87,0,1096.38,2025,4,April,Friday,9975.65,9476.867499999998
2025-04-04,ORD006531,CUST00211,P005,Office Chair,Furniture,Mumbai,Store,Debit Card,4,10311.84,0.15,41247.36,35060.26,0,3410.13,2025,4,April,Friday,41247.36,35060.256
2025-04-04,ORD017689,CUST01867,P012,Air Fryer,Home,Bengaluru,Online,Credit Card,3,6840.68,0.05,20522.04,19495.94,0,2291.64,2025,4,April,Friday,20522.04,19495.938
2025-04-04,ORD012068,CUST00941,P001,Laptop,Electronics,Jaipur,Online,Cash,2,67800.38,0.0,135600.76,135600.76,0,18866.9,2025,4,April,Friday,135600.76,135600.76
2025-04-04,ORD012328,CUST00458,P010,Coffee Maker,Home,Ahmedabad,Store,Debit Card,5,5959.8,0.05,29799.0,28309.05,0,6145.07,2025,4,April,Friday,29799.0,28309.05
2025-04-04,ORD044313,CUST02011,P008,Running Shoes,Fashion,Surat,Store,UPI,1,4043.48,0.15,4043.48,3436.96,0,759.84,2025,4,April,Friday,4043.48,3436.958
2025-04-04,ORD025777,CUST00248,P019,Vacuum Cleaner,Home,Mumbai,Store,Credit Card,1,8597.27,0.0,8597.27,8597.27,0,1990.71,2025,4,April,Friday,8597.27,8597.27
2025-04-04,ORD013825,CUST00965,P017,Jeans,Fashion,Jaipur,Online,Credit Card,3,3038.55,0.0,9115.65,9115.65,0,1234.08,2025,4,April,Friday,9115.650000000001,9115.65
2025-04-04,ORD031104,CUST01080,P012,Air Fryer,Home,Kolkata,Online,Net Banking,1,7421.0,0.1,7421.0,6678.9,0,573.95,2025,4,April,Friday,7421.0,6678.900000000001
2025-04-04,ORD029729,CUST00313,P019,Vacuum Cleaner,Home,Bengaluru,Online,Credit Card,3,9775.83,0.1,29327.49,26394.74,0,5047.48,2025,4,April,Friday,29327.489999999998,26394.741
2025-04-04,ORD048351,CUST01440,P005,Office Chair,Furniture,Pune,Online,Credit Card,1,9340.81,0.1,9340.81,8406.73,0,1867.11,2025,4,April,Friday,9340.81,8406.729
2025-04-04,ORD047691,CUST02948,P011,Mixer Grinder,Home,Chennai,Online,UPI,4,4696.49,0.15,18785.96,15968.07,0,1296.69,2025,4,April,Friday,18785.96,15968.065999999999
2025-04-04,ORD038032,CUST00553,P019,Vacuum Cleaner,Home,Pune,Store,UPI,1,9822.28,0.0,9822.28,9822.28,1,-491.11,2025,4,April,Friday,9822.28,9822.28
2025-04-04,ORD006301,CUST00669,P002,Smartphone,Electronics,Surat,Store,Debit Card,2,25284.07,0.1,50568.14,45511.33,0,6353.23,2025,4,April,Friday,50568.14,45511.326
2025-04-04,ORD030038,CUST03367,P010,Coffee Maker,Home,Bengaluru,Online,UPI,1,6011.83,0.15,6011.83,5110.06,1,-255.5,2025,4,April,Friday,6011.83,5110.0554999999995
2025-04-04,ORD045396,CUST03871,P013,Monitor,Electronics,Kolkata,Store,Credit Card,1,18227.66,0.1,18227.66,16404.89,1,-820.24,2025,4,April,Friday,18227.66,16404.894
2025-04-04,ORD024526,CUST02198,P008,Running Shoes,Fashion,Jaipur,Store,Net Banking,1,3795.27,0.05,3795.27,3605.51,0,748.93,2025,4,April,Friday,3795.27,3605.5065
2025-04-04,ORD045160,CUST02402,P014,Keyboard,Electronics,Delhi,Store,UPI,5,2413.79,0.05,12068.95,11465.5,0,2876.26,2025,4,April,Friday,12068.95,11465.5025
2025-04-04,ORD005978,CUST02122,P018,Jacket,Fashion,Chennai,Online,UPI,1,4904.97,0.05,4904.97,4659.72,0,658.15,2025,4,April,Friday,4904.97,4659.7215
2025-04-04,ORD038578,CUST01949,P018,Jacket,Fashion,Hyderabad,Online,UPI,1,5226.82,0.1,5226.82,4704.14,0,659.5,2025,4,April,Friday,5226.82,4704.138
2025-04-04,ORD037726,CUST00922,P004,Smartwatch,Electronics,Surat,Online,Credit Card,1,6499.1,0.0,6499.1,6499.1,0,644.79,2025,4,April,Friday,6499.1,6499.1
2025-04-04,ORD030662,CUST02823,P004,Smartwatch,Electronics,Pune,Online,Debit Card,1,7109.52,0.1,7109.52,6398.57,0,1041.07,2025,4,April,Friday,7109.52,6398.568
2025-04-04,ORD025158,CUST03806,P018,Jacket,Fashion,Surat,Online,UPI,1,4968.72,0.05,4968.72,4720.28,0,1069.12,2025,4,April,Friday,4968.72,4720.284
2025-04-04,ORD033597,CUST00677,P002,Smartphone,Electronics,Chennai,Store,UPI,1,30708.67,0.15,30708.67,26102.37,0,2965.95,2025,4,April,Friday,30708.67,26102.369499999997
2025-04-04,ORD005432,CUST00632,P006,Desk,Furniture,Delhi,Online,Credit Card,1,11235.68,0.1,11235.68,10112.11,0,1908.41,2025,4,April,Friday,11235.68,10112.112000000001
2025-04-04,ORD026313,CUST01144,P018,Jacket,Fashion,Chennai,Store,Credit Card,4,4890.69,0.15,19562.76,16628.35,0,1640.13,2025,4,April,Friday,19562.76,16628.345999999998
2025-04-04,ORD048756,CUST04273,P001,Laptop,Electronics,Jaipur,Online,Credit Card,2,63441.67,0.0,126883.34,126883.34,0,20825.05,2025,4,April,Friday,126883.34,126883.34
2025-04-04,ORD036782,CUST03078,P016,Sofa,Furniture,Pune,Store,UPI,4,36492.09,0.2,145968.36,116774.69,0,23734.97,2025,4,April,Friday,145968.36,116774.688
2025-04-04,ORD037300,CUST02864,P017,Jeans,Fashion,Surat,Online,UPI,2,3047.86,0.05,6095.72,5790.93,0,1136.16,2025,4,April,Friday,6095.72,5790.934
2025-04-04,ORD006801,CUST02805,P007,Backpack,Accessories,Kolkata,Online,Debit Card,1,2321.0,0.1,2321.0,2088.9,0,213.75,2025,4,April,Friday,2321.0,2088.9
2025-04-04,ORD034037,CUST04732,P005,Office Chair,Furniture,Delhi,Online,Credit Card,1,9035.34,0.2,9035.34,7228.27,0,1567.46,2025,4,April,Friday,9035.34,7228.272000000001
2025-04-04,ORD016866,CUST01958,P018,Jacket,Fashion,Ahmedabad,Online,Net Banking,1,4924.75,0.15,4924.75,4186.04,0,559.73,2025,4,April,Friday,4924.75,4186.037499999999
2025-04-04,ORD013566,CUST04488,P015,Dining Table,Furniture,Hyderabad,Online,Debit Card,1,21027.28,0.05,21027.28,19975.92,0,2315.29,2025,4,April,Friday,21027.28,19975.915999999997
2025-04-04,ORD013545,CUST02131,P018,Jacket,Fashion,Mumbai,Online,UPI,2,5209.26,0.0,10418.52,10418.52,0,2979.85,2025,4,April,Friday,10418.52,10418.52
2025-04-04,ORD017044,CUST04939,P012,Air Fryer,Home,Surat,Online,Credit Card,3,6907.34,0.2,20722.02,16577.62,0,697.39,2025,4,April,Friday,20722.02,16577.616
2025-04-04,ORD043700,CUST02475,P008,Running Shoes,Fashion,Chennai,Store,Credit Card,1,4101.06,0.0,4101.06,4101.06,0,937.85,2025,4,April,Friday,4101.06,4101.06
2025-04-04,ORD023584,CUST03761,P012,Air Fryer,Home,Pune,Online,UPI,3,6887.83,0.1,20663.49,18597.14,0,4809.37,2025,4,April,Friday,20663.489999999998,18597.141000000003
2025-04-04,ORD029517,CUST03015,P003,Headphones,Electronics,Delhi,Store,Credit Card,2,4596.0,0.25,9192.0,6894.0,0,534.59,2025,4,April,Friday,9192.0,6894.0
2025-04-04,ORD048198,CUST03400,P020,Microwave,Home,Ahmedabad,Online,UPI,2,10945.71,0.15,21891.42,18607.71,0,4728.86,2025,4,April,Friday,21891.42,18607.707
2025-04-04,ORD036817,CUST02968,P013,Monitor,Electronics,Jaipur,Online,UPI,1,19284.85,0.2,19284.85,15427.88,0,3196.31,2025,4,April,Friday,19284.85,15427.88
2025-04-04,ORD036852,CUST02898,P010,Coffee Maker,Home,Mumbai,Online,UPI,2,5401.11,0.1,10802.22,9722.0,0,2605.31,2025,4,April,Friday,10802.22,9721.998
2025-04-05,ORD048787,CUST03351,P019,Vacuum Cleaner,Home,Surat,Online,Credit Card,2,9128.0,0.05,18256.0,17343.2,0,3279.7,2025,4,April,Saturday,18256.0,17343.2
2025-04-05,ORD046765,CUST02484,P018,Jacket,Fashion,Hyderabad,Store,UPI,4,4743.5,0.05,18974.0,18025.3,0,4999.91,2025,4,April,Saturday,18974.0,18025.3
2025-04-05,ORD040210,CUST04710,P009,T-Shirt,Fashion,Hyderabad,Store,UPI,2,1168.27,0.15,2336.54,1986.06,0,288.37,2025,4,April,Saturday,2336.54,1986.059
2025-04-05,ORD044793,CUST04532,P013,Monitor,Electronics,Ahmedabad,Online,Debit Card,3,18287.08,0.15,54861.24,46632.05,0,5694.79,2025,4,April,Saturday,54861.240000000005,46632.054
2025-04-05,ORD036493,CUST01959,P013,Monitor,Electronics,Mumbai,Store,Credit Card,3,17000.41,0.15,51001.23,43351.05,0,6688.53,2025,4,April,Saturday,51001.229999999996,43351.0455
2025-04-05,ORD040242,CUST00411,P004,Smartwatch,Electronics,Mumbai,Online,UPI,2,7102.25,0.2,14204.5,11363.6,0,2819.41,2025,4,April,Saturday,14204.5,11363.6
2025-04-05,ORD010657,CUST01752,P007,Backpack,Accessories,Chennai,Store,UPI,1,2394.6,0.0,2394.6,2394.6,0,260.09,2025,4,April,Saturday,2394.6,2394.6
2025-04-05,ORD003976,CUST02415,P017,Jeans,Fashion,Ahmedabad,Online,Cash,2,2959.14,0.1,5918.28,5326.45,0,1049.57,2025,4,April,Saturday,5918.28,5326.452
2025-04-05,ORD042728,CUST00715,P013,Monitor,Electronics,Hyderabad,Store,Cash,1,19000.86,0.15,19000.86,16150.73,1,-807.54,2025,4,April,Saturday,19000.86,16150.731
2025-04-05,ORD005866,CUST00546,P009,T-Shirt,Fashion,Surat,Store,Cash,1,1257.78,0.0,1257.78,1257.78,0,261.17,2025,4,April,Saturday,1257.78,1257.78
2025-04-05,ORD032972,CUST03385,P013,Monitor,Electronics,Bengaluru,Online,Debit Card,5,17711.11,0.05,88555.55,84127.77,0,10017.64,2025,4,April,Saturday,88555.55,84127.77249999999
2025-04-05,ORD041121,CUST02879,P003,Headphones,Electronics,Pune,Store,Credit Card,2,4078.65,0.05,8157.3,7749.44,0,1661.99,2025,4,April,Saturday,8157.3,7749.4349999999995
2025-04-05,ORD035959,CUST00206,P002,Smartphone,Electronics,Jaipur,Online,Cash,1,25524.68,0.1,25524.68,22972.21,0,4642.1,2025,4,April,Saturday,25524.68,22972.212
2025-04-05,ORD027388,CUST04302,P015,Dining Table,Furniture,Hyderabad,Online,UPI,1,23991.51,0.0,23991.51,23991.51,0,5754.18,2025,4,April,Saturday,23991.51,23991.51
2025-04-05,ORD016242,CUST03406,P010,Coffee Maker,Home,Delhi,Online,Debit Card,1,5554.67,0.0,5554.67,5554.67,0,533.29,2025,4,April,Saturday,5554.67,5554.67
2025-04-05,ORD041947,CUST04726,P002,Smartphone,Electronics,Kolkata,Online,UPI,1,26805.59,0.0,26805.59,26805.59,0,7801.04,2025,4,April,Saturday,26805.59,26805.59
2025-04-05,ORD027370,CUST00456,P003,Headphones,Electronics,Delhi,Store,Debit Card,4,4332.66,0.25,17330.64,12997.98,0,519.92,2025,4,April,Saturday,17330.64,12997.98
2025-04-05,ORD019334,CUST02857,P017,Jeans,Fashion,Hyderabad,Store,UPI,1,2758.1,0.1,2758.1,2482.29,1,-124.11,2025,4,April,Saturday,2758.1,2482.29
2025-04-05,ORD041718,CUST01050,P012,Air Fryer,Home,Delhi,Online,UPI,5,7303.82,0.0,36519.1,36519.1,0,3637.02,2025,4,April,Saturday,36519.1,36519.1
2025-04-05,ORD047958,CUST01901,P005,Office Chair,Furniture,Jaipur,Online,Credit Card,1,9790.97,0.1,9790.97,8811.87,0,795.4,2025,4,April,Saturday,9790.97,8811.873
2025-04-05,ORD023837,CUST01936,P010,Coffee Maker,Home,Pune,Store,Debit Card,1,5708.85,0.25,5708.85,4281.64,0,171.27,2025,4,April,Saturday,5708.85,4281.637500000001
2025-04-05,ORD016914,CUST00126,P011,Mixer Grinder,Home,Delhi,Online,Credit Card,2,4464.02,0.15,8928.04,7588.83,0,729.62,2025,4,April,Saturday,8928.04,7588.834000000001
2025-04-05,ORD006760,CUST02577,P010,Coffee Maker,Home,Bengaluru,Online,Credit Card,1,5328.31,0.15,5328.31,4529.06,0,939.95,2025,4,April,Saturday,5328.31,4529.0635
2025-04-05,ORD007694,CUST03735,P017,Jeans,Fashion,Hyderabad,Store,Debit Card,2,3022.56,0.1,6045.12,5440.61,0,417.67,2025,4,April,Saturday,6045.12,5440.608
2025-04-05,ORD023583,CUST02286,P006,Desk,Furniture,Hyderabad,Store,Debit Card,2,11703.71,0.05,23407.42,22237.05,0,3055.14,2025,4,April,Saturday,23407.42,22237.049
2025-04-05,ORD000052,CUST04001,P015,Dining Table,Furniture,Bengaluru,Online,UPI,1,21475.92,0.1,21475.92,19328.33,1,-966.42,2025,4,April,Saturday,21475.92,19328.327999999998
2025-04-05,ORD016641,CUST04810,P009,T-Shirt,Fashion,Mumbai,Store,Credit Card,2,1201.88,0.1,2403.76,2163.38,0,489.21,2025,4,April,Saturday,2403.76,2163.3840000000005
2025-04-05,ORD049885,CUST04062,P017,Jeans,Fashion,Jaipur,Store,Cash,2,2531.01,0.05,5062.02,4808.92,0,1009.09,2025,4,April,Saturday,5062.02,4808.919
2025-04-05,ORD008247,CUST04590,P001,Laptop,Electronics,Bengaluru,Online,Credit Card,1,65064.55,0.05,65064.55,61811.32,0,4876.94,2025,4,April,Saturday,65064.55,61811.3225
2025-04-05,ORD030441,CUST01332,P009,T-Shirt,Fashion,Surat,Online,UPI,1,1164.31,0.0,1164.31,1164.31,0,308.22,2025,4,April,Saturday,1164.31,1164.31
2025-04-05,ORD031836,CUST01543,P019,Vacuum Cleaner,Home,Ahmedabad,Online,Net Banking,2,8224.85,0.05,16449.7,15627.22,0,1412.85,2025,4,April,Saturday,16449.7,15627.215
2025-04-05,ORD034630,CUST02774,P010,Coffee Maker,Home,Bengaluru,Online,Credit Card,4,5073.72,0.1,20294.88,18265.39,0,1125.18,2025,4,April,Saturday,20294.88,18265.392
2025-04-05,ORD006496,CUST03491,P016,Sofa,Furniture,Jaipur,Online,Credit Card,1,34668.8,0.15,34668.8,29468.48,0,2205.94,2025,4,April,Saturday,34668.8,29468.480000000003
2025-04-05,ORD007067,CUST03006,P006,Desk,Furniture,Ahmedabad,Online,Debit Card,3,12935.59,0.1,38806.77,34926.09,0,6414.64,2025,4,April,Saturday,38806.770000000004,34926.093
2025-04-05,ORD049857,CUST04261,P012,Air Fryer,Home,Pune,Store,UPI,2,7544.96,0.2,15089.92,12071.94,0,1408.09,2025,4,April,Saturday,15089.92,12071.936000000002
2025-04-05,ORD045821,CUST02765,P005,Office Chair,Furniture,Kolkata,Online,UPI,2,9270.16,0.0,18540.32,18540.32,0,2232.95,2025,4,April,Saturday,18540.32,18540.32
2025-04-05,ORD015696,CUST03225,P009,T-Shirt,Fashion,Kolkata,Online,Cash,1,1108.76,0.15,1108.76,942.45,0,161.49,2025,4,April,Saturday,1108.76,942.4459999999999
2025-04-05,ORD001005,CUST02246,P001,Laptop,Electronics,Mumbai,Online,Debit Card,1,64503.85,0.2,64503.85,51603.08,0,4646.75,2025,4,April,Saturday,64503.85,51603.08
2025-04-05,ORD006244,CUST00179,P014,Keyboard,Electronics,Hyderabad,Store,Credit Card,2,2564.05,0.0,5128.1,5128.1,1,-256.41,2025,4,April,Saturday,5128.1,5128.1
2025-04-05,ORD003848,CUST01035,P009,T-Shirt,Fashion,Bengaluru,Online,UPI,1,1248.78,0.1,1248.78,1123.9,0,142.68,2025,4,April,Saturday,1248.78,1123.902
2025-04-05,ORD022831,CUST01931,P005,Office Chair,Furniture,Pune,Online,Net Banking,1,8565.04,0.0,8565.04,8565.04,0,1751.93,2025,4,April,Saturday,8565.04,8565.04
2025-04-05,ORD001457,CUST01162,P019,Vacuum Cleaner,Home,Ahmedabad,Online,Net Banking,2,8339.68,0.05,16679.36,15845.39,0,4396.31,2025,4,April,Saturday,16679.36,15845.392
2025-04-05,ORD029427,CUST04755,P012,Air Fryer,Home,Delhi,Store,UPI,1,7813.09,0.25,7813.09,5859.82,0,678.52,2025,4,April,Saturday,7813.09,5859.8175
2025-04-05,ORD017774,CUST04450,P014,Keyboard,Electronics,Hyderabad,Store,Credit Card,2,2633.04,0.0,5266.08,5266.08,0,1243.11,2025,4,April,Saturday,5266.08,5266.08
2025-04-05,ORD031360,CUST03791,P009,T-Shirt,Fashion,Mumbai,Online,Debit Card,5,1202.77,0.0,6013.85,6013.85,0,868.3,2025,4,April,Saturday,6013.85,6013.85
2025-04-05,ORD047254,CUST04065,P019,Vacuum Cleaner,Home,Surat,Online,UPI,1,9401.11,0.05,9401.11,8931.05,0,2172.79,2025,4,April,Saturday,9401.11,8931.0545
2025-04-05,ORD038142,CUST01703,P019,Vacuum Cleaner,Home,Ahmedabad,Online,UPI,1,8963.08,0.05,8963.08,8514.93,0,1710.18,2025,4,April,Saturday,8963.08,8514.926
2025-04-05,ORD018266,CUST04171,P007,Backpack,Accessories,Ahmedabad,Store,Cash,1,2344.45,0.1,2344.45,2110.0,0,518.76,2025,4,April,Saturday,2344.45,2110.005
2025-04-05,ORD032161,CUST02934,P014,Keyboard,Electronics,Surat,Online,Credit Card,1,2483.21,0.1,2483.21,2234.89,0,396.7,2025,4,April,Saturday,2483.21,2234.889
2025-04-05,ORD032583,CUST04353,P012,Air Fryer,Home,Ahmedabad,Store,Credit Card,3,7641.04,0.2,22923.12,18338.5,0,840.95,2025,4,April,Saturday,22923.12,18338.496
2025-04-05,ORD009141,CUST04512,P006,Desk,Furniture,Hyderabad,Online,Net Banking,4,11393.05,0.25,45572.2,34179.15,0,2716.36,2025,4,April,Saturday,45572.2,34179.149999999994
2025-04-05,ORD016478,CUST00823,P006,Desk,Furniture,Delhi,Online,Credit Card,1,12271.48,0.15,12271.48,10430.76,0,1273.19,2025,4,April,Saturday,12271.48,10430.758
2025-04-05,ORD048904,CUST04208,P007,Backpack,Accessories,Surat,Store,UPI,5,2207.11,0.1,11035.55,9932.0,0,596.16,2025,4,April,Saturday,11035.550000000001,9931.994999999999
2025-04-05,ORD009849,CUST00593,P017,Jeans,Fashion,Chennai,Online,UPI,1,2556.01,0.05,2556.01,2428.21,0,224.54,2025,4,April,Saturday,2556.01,2428.2095
2025-04-05,ORD002864,CUST03000,P001,Laptop,Electronics,Bengaluru,Store,UPI,5,61188.46,0.0,305942.3,305942.3,0,39859.95,2025,4,April,Saturday,305942.3,305942.3
2025-04-05,ORD038538,CUST00255,P016,Sofa,Furniture,Jaipur,Online,Cash,2,34923.65,0.0,69847.3,69847.3,0,10970.04,2025,4,April,Saturday,69847.3,69847.3
2025-04-05,ORD039488,CUST02525,P001,Laptop,Electronics,Kolkata,Online,UPI,4,59492.59,0.1,237970.36,214173.32,0,13466.98,2025,4,April,Saturday,237970.36,214173.324
2025-04-05,ORD028992,CUST02620,P020,Microwave,Home,Ahmedabad,Online,Credit Card,1,11354.62,0.05,11354.62,10786.89,0,2179.55,2025,4,April,Saturday,11354.62,10786.889000000001
2025-04-05,ORD044278,CUST02875,P011,Mixer Grinder,Home,Surat,Store,Credit Card,2,4339.34,0.1,8678.68,7810.81,0,1026.76,2025,4,April,Saturday,8678.68,7810.812000000001
2025-04-05,ORD046967,CUST03561,P012,Air Fryer,Home,Kolkata,Store,UPI,5,7755.61,0.25,38778.05,29083.54,0,3295.38,2025,4,April,Saturday,38778.049999999996,29083.537500000002
2025-04-05,ORD010043,CUST02595,P012,Air Fryer,Home,Jaipur,Online,UPI,4,6982.51,0.15,27930.04,23740.53,0,3941.52,2025,4,April,Saturday,27930.04,23740.534
2025-04-05,ORD021181,CUST02698,P011,Mixer Grinder,Home,Mumbai,Store,Credit Card,1,4717.04,0.05,4717.04,4481.19,0,599.51,2025,4,April,Saturday,4717.04,4481.188
2025-04-05,ORD015128,CUST03675,P004,Smartwatch,Electronics,Pune,Online,Credit Card,3,6771.7,0.2,20315.1,16252.08,0,2124.4,2025,4,April,Saturday,20315.1,16252.08
2025-04-06,ORD027442,CUST00500,P007,Backpack,Accessories,Delhi,Store,UPI,3,2075.11,0.1,6225.33,5602.8,0,1137.06,2025,4,April,Sunday,6225.33,5602.7970000000005
2025-04-06,ORD029930,CUST02214,P018,Jacket,Fashion,Kolkata,Online,UPI,1,5589.32,0.0,5589.32,5589.32,0,1666.89,2025,4,April,Sunday,5589.32,5589.32
2025-04-06,ORD006062,CUST03221,P020,Microwave,Home,Kolkata,Online,UPI,1,10125.51,0.15,10125.51,8606.68,0,2160.02,2025,4,April,Sunday,10125.51,8606.6835
2025-04-06,ORD035791,CUST02262,P018,Jacket,Fashion,Surat,Store,Cash,1,4751.68,0.1,4751.68,4276.51,0,663.02,2025,4,April,Sunday,4751.68,4276.512000000001
2025-04-06,ORD049694,CUST04159,P003,Headphones,Electronics,Surat,Store,Debit Card,1,4775.85,0.05,4775.85,4537.06,0,963.98,2025,4,April,Sunday,4775.85,4537.0575
2025-04-06,ORD032663,CUST04892,P004,Smartwatch,Electronics,Kolkata,Online,UPI,3,7069.44,0.1,21208.32,19087.49,0,4246.44,2025,4,April,Sunday,21208.32,19087.488
2025-04-06,ORD048595,CUST02837,P004,Smartwatch,Electronics,Ahmedabad,Online,UPI,1,7466.36,0.0,7466.36,7466.36,0,1325.77,2025,4,April,Sunday,7466.36,7466.36
2025-04-06,ORD047867,CUST00293,P016,Sofa,Furniture,Delhi,Online,UPI,1,37197.64,0.05,37197.64,35337.76,0,9081.71,2025,4,April,Sunday,37197.64,35337.757999999994
2025-04-06,ORD007855,CUST01481,P019,Vacuum Cleaner,Home,Kolkata,Online,UPI,4,8236.18,0.15,32944.72,28003.01,0,2518.76,2025,4,April,Sunday,32944.72,28003.012
2025-04-06,ORD048623,CUST03531,P004,Smartwatch,Electronics,Surat,Online,Cash,3,6577.26,0.2,19731.78,15785.42,0,3634.52,2025,4,April,Sunday,19731.78,15785.423999999999
2025-04-06,ORD012278,CUST00524,P011,Mixer Grinder,Home,Hyderabad,Online,UPI,3,4515.14,0.05,13545.42,12868.15,0,3146.12,2025,4,April,Sunday,13545.420000000002,12868.149
2025-04-06,ORD015553,CUST00851,P008,Running Shoes,Fashion,Ahmedabad,Online,Credit Card,1,4484.65,0.1,4484.65,4036.18,0,719.63,2025,4,April,Sunday,4484.65,4036.185
2025-04-06,ORD044977,CUST00982,P015,Dining Table,Furniture,Mumbai,Online,UPI,4,22591.29,0.2,90365.16,72292.13,0,6037.96,2025,4,April,Sunday,90365.16,72292.12800000001
2025-04-06,ORD037742,CUST02397,P001,Laptop,Electronics,Kolkata,Store,UPI,1,62936.26,0.0,62936.26,62936.26,0,7742.52,2025,4,April,Sunday,62936.26,62936.26
2025-04-06,ORD044115,CUST00426,P010,Coffee Maker,Home,Pune,Store,UPI,2,5026.52,0.15,10053.04,8545.08,0,1719.41,2025,4,April,Sunday,10053.04,8545.084
2025-04-06,ORD009483,CUST03285,P010,Coffee Maker,Home,Kolkata,Online,Credit Card,2,5583.03,0.1,11166.06,10049.45,0,2334.94,2025,4,April,Sunday,11166.06,10049.454
2025-04-06,ORD013759,CUST00100,P001,Laptop,Electronics,Kolkata,Store,Credit Card,3,71311.14,0.2,213933.42,171146.74,0,43852.38,2025,4,April,Sunday,213933.41999999998,171146.73600000003
2025-04-06,ORD034176,CUST04963,P013,Monitor,Electronics,Hyderabad,Store,UPI,1,18130.65,0.25,18130.65,13597.99,0,1197.36,2025,4,April,Sunday,18130.65,13597.987500000001
2025-04-06,ORD015263,CUST03766,P002,Smartphone,Electronics,Chennai,Store,Credit Card,1,27918.82,0.1,27918.82,25126.94,0,2629.53,2025,4,April,Sunday,27918.82,25126.938000000002
2025-04-06,ORD009533,CUST01058,P001,Laptop,Electronics,Jaipur,Store,UPI,2,59925.32,0.1,119850.64,107865.58,0,18260.57,2025,4,April,Sunday,119850.64,107865.576
2025-04-06,ORD030625,CUST04149,P009,T-Shirt,Fashion,Hyderabad,Online,Credit Card,1,1169.7,0.1,1169.7,1052.73,0,78.72,2025,4,April,Sunday,1169.7,1052.73
2025-04-06,ORD018615,CUST03731,P008,Running Shoes,Fashion,Delhi,Online,Credit Card,3,3954.86,0.1,11864.58,10678.12,0,1764.35,2025,4,April,Sunday,11864.58,10678.122
2025-04-06,ORD034557,CUST04817,P001,Laptop,Electronics,Kolkata,Store,UPI,1,63096.06,0.0,63096.06,63096.06,0,12557.62,2025,4,April,Sunday,63096.06,63096.06
2025-04-06,ORD000851,CUST02534,P010,Coffee Maker,Home,Surat,Online,UPI,3,5952.12,0.05,17856.36,16963.54,1,-848.18,2025,4,April,Sunday,17856.36,16963.542
2025-04-06,ORD041294,CUST03987,P007,Backpack,Accessories,Pune,Online,UPI,2,2219.02,0.05,4438.04,4216.14,0,401.14,2025,4,April,Sunday,4438.04,4216.138
2025-04-06,ORD017166,CUST03228,P003,Headphones,Electronics,Jaipur,Online,UPI,4,4845.3,0.1,19381.2,17443.08,0,3076.44,2025,4,April,Sunday,19381.2,17443.08
2025-04-06,ORD001747,CUST04292,P013,Monitor,Electronics,Pune,Online,UPI,1,18844.17,0.0,18844.17,18844.17,0,3731.09,2025,4,April,Sunday,18844.17,18844.17
2025-04-06,ORD044038,CUST01681,P017,Jeans,Fashion,Chennai,Store,UPI,4,2837.32,0.0,11349.28,11349.28,0,2246.43,2025,4,April,Sunday,11349.28,11349.28
2025-04-06,ORD003735,CUST02140,P016,Sofa,Furniture,Kolkata,Online,Cash,5,37242.02,0.1,186210.1,167589.09,0,39557.25,2025,4,April,Sunday,186210.09999999998,167589.09
2025-04-06,ORD034929,CUST04379,P004,Smartwatch,Electronics,Ahmedabad,Store,Credit Card,1,7216.84,0.15,7216.84,6134.31,0,1041.83,2025,4,April,Sunday,7216.84,6134.314
2025-04-06,ORD010442,CUST03326,P004,Smartwatch,Electronics,Delhi,Online,Credit Card,1,6340.2,0.1,6340.2,5706.18,0,1581.13,2025,4,April,Sunday,6340.2,5706.18
2025-04-06,ORD023210,CUST04666,P002,Smartphone,Electronics,Ahmedabad,Online,Debit Card,2,26302.78,0.2,52605.56,42084.45,0,8427.32,2025,4,April,Sunday,52605.56,42084.448000000004
2025-04-06,ORD009564,CUST02042,P020,Microwave,Home,Mumbai,Store,Debit Card,1,12045.96,0.15,12045.96,10239.07,1,-511.95,2025,4,April,Sunday,12045.96,10239.065999999999
2025-04-06,ORD041056,CUST04917,P004,Smartwatch,Electronics,Bengaluru,Online,Debit Card,2,7063.69,0.2,14127.38,11301.9,1,-565.1,2025,4,April,Sunday,14127.38,11301.904
2025-04-06,ORD038803,CUST04868,P011,Mixer Grinder,Home,Surat,Store,UPI,1,4643.32,0.15,4643.32,3946.82,0,764.83,2025,4,April,Sunday,4643.32,3946.8219999999997
2025-04-06,ORD040657,CUST00037,P008,Running Shoes,Fashion,Kolkata,Online,Cash,4,4563.86,0.05,18255.44,17342.67,0,2137.03,2025,4,April,Sunday,18255.44,17342.667999999998
2025-04-06,ORD028437,CUST02181,P009,T-Shirt,Fashion,Surat,Online,Credit Card,4,1252.53,0.0,5010.12,5010.12,0,1213.51,2025,4,April,Sunday,5010.12,5010.12
2025-04-06,ORD022152,CUST01249,P004,Smartwatch,Electronics,Delhi,Online,Net Banking,1,7259.53,0.1,7259.53,6533.58,0,1198.66,2025,4,April,Sunday,7259.53,6533.577
2025-04-06,ORD029473,CUST01969,P003,Headphones,Electronics,Ahmedabad,Store,UPI,3,4129.88,0.0,12389.64,12389.64,0,2421.84,2025,4,April,Sunday,12389.64,12389.64
2025-04-06,ORD039132,CUST02088,P005,Office Chair,Furniture,Kolkata,Store,Debit Card,2,10065.6,0.1,20131.2,18118.08,0,1934.34,2025,4,April,Sunday,20131.2,18118.08
2025-04-06,ORD010840,CUST04900,P010,Coffee Maker,Home,Bengaluru,Store,UPI,1,5213.5,0.25,5213.5,3910.12,0,396.83,2025,4,April,Sunday,5213.5,3910.125
2025-04-06,ORD009085,CUST02067,P018,Jacket,Fashion,Chennai,Store,UPI,1,5554.97,0.1,5554.97,4999.47,0,533.6,2025,4,April,Sunday,5554.97,4999.473
2025-04-06,ORD005448,CUST01313,P016,Sofa,Furniture,Jaipur,Online,Debit Card,1,32713.04,0.0,32713.04,32713.04,0,7494.22,2025,4,April,Sunday,32713.04,32713.04
2025-04-06,ORD044589,CUST00263,P005,Office Chair,Furniture,Chennai,Online,UPI,1,10049.4,0.15,10049.4,8541.99,0,560.56,2025,4,April,Sunday,10049.4,8541.99
2025-04-06,ORD018520,CUST01195,P013,Monitor,Electronics,Ahmedabad,Online,Credit Card,1,18779.06,0.1,18779.06,16901.15,0,1234.96,2025,4,April,Sunday,18779.06,16901.154000000002
2025-04-06,ORD009763,CUST00201,P005,Office Chair,Furniture,Kolkata,Store,UPI,1,8959.2,0.2,8959.2,7167.36,0,1130.74,2025,4,April,Sunday,8959.2,7167.360000000001
2025-04-06,ORD028099,CUST04195,P008,Running Shoes,Fashion,Jaipur,Online,UPI,1,4576.53,0.1,4576.53,4118.88,0,1042.85,2025,4,April,Sunday,4576.53,4118.8769999999995
2025-04-06,ORD002192,CUST03879,P012,Air Fryer,Home,Delhi,Online,Credit Card,1,6649.06,0.1,6649.06,5984.15,0,834.05,2025,4,April,Sunday,6649.06,5984.154
2025-04-06,ORD007343,CUST00058,P018,Jacket,Fashion,Jaipur,Online,Debit Card,2,5624.2,0.15,11248.4,9561.14,0,2529.69,2025,4,April,Sunday,11248.4,9561.14
2025-04-06,ORD049572,CUST00200,P014,Keyboard,Electronics,Mumbai,Online,Credit Card,2,2630.15,0.15,5260.3,4471.26,0,871.74,2025,4,April,Sunday,5260.3,4471.255
2025-04-06,ORD011020,CUST03993,P007,Backpack,Accessories,Hyderabad,Online,Debit Card,4,2197.82,0.05,8791.28,8351.72,1,-417.59,2025,4,April,Sunday,8791.28,8351.716
2025-04-06,ORD044874,CUST02197,P014,Keyboard,Electronics,Mumbai,Store,Debit Card,3,2666.45,0.1,7999.35,7199.42,0,996.89,2025,4,April,Sunday,7999.349999999999,7199.415000000001
2025-04-06,ORD013116,CUST02354,P014,Keyboard,Electronics,Pune,Online,Net Banking,1,2306.24,0.15,2306.24,1960.3,0,204.22,2025,4,April,Sunday,2306.24,1960.3039999999999
2025-04-06,ORD029158,CUST03052,P012,Air Fryer,Home,Delhi,Online,Net Banking,2,7804.55,0.05,15609.1,14828.64,0,3494.7,2025,4,April,Sunday,15609.1,14828.645
2025-04-06,ORD008092,CUST01752,P005,Office Chair,Furniture,Pune,Online,Cash,2,9235.36,0.2,18470.72,14776.58,0,1486.5,2025,4,April,Sunday,18470.72,14776.576000000001
2025-04-06,ORD011700,CUST03459,P004,Smartwatch,Electronics,Surat,Store,UPI,5,7514.15,0.1,37570.75,33813.68,0,3844.64,2025,4,April,Sunday,37570.75,33813.675
2025-04-06,ORD018969,CUST03632,P008,Running Shoes,Fashion,Kolkata,Online,UPI,1,4040.47,0.2,4040.47,3232.38,0,545.48,2025,4,April,Sunday,4040.47,3232.376
2025-04-07,ORD030387,CUST01400,P014,Keyboard,Electronics,Chennai,Store,UPI,1,2723.02,0.0,2723.02,2723.02,0,304.17,2025,4,April,Monday,2723.02,2723.02
2025-04-07,ORD006503,CUST01424,P018,Jacket,Fashion,Hyderabad,Online,UPI,1,4913.67,0.15,4913.67,4176.62,0,726.04,2025,4,April,Monday,4913.67,4176.6195
2025-04-07,ORD001352,CUST03742,P019,Vacuum Cleaner,Home,Kolkata,Store,UPI,1,8344.71,0.05,8344.71,7927.47,0,791.31,2025,4,April,Monday,8344.71,7927.474499999998
2025-04-07,ORD026230,CUST04444,P015,Dining Table,Furniture,Chennai,Store,Credit Card,2,22739.73,0.0,45479.46,45479.46,0,3995.94,2025,4,April,Monday,45479.46,45479.46
2025-04-07,ORD004104,CUST02365,P002,Smartphone,Electronics,Bengaluru,Store,Debit Card,2,26504.53,0.05,53009.06,50358.61,0,11719.19,2025,4,April,Monday,53009.06,50358.606999999996
2025-04-07,ORD029470,CUST02011,P008,Running Shoes,Fashion,Mumbai,Online,Credit Card,1,3919.85,0.0,3919.85,3919.85,0,699.84,2025,4,April,Monday,3919.85,3919.85
2025-04-07,ORD043930,CUST02451,P020,Microwave,Home,Pune,Online,Credit Card,1,10397.52,0.05,10397.52,9877.64,0,845.89,2025,4,April,Monday,10397.52,9877.644
2025-04-07,ORD045861,CUST00276,P008,Running Shoes,Fashion,Ahmedabad,Online,UPI,1,4290.32,0.1,4290.32,3861.29,0,554.39,2025,4,April,Monday,4290.32,3861.288
2025-04-07,ORD011246,CUST01682,P012,Air Fryer,Home,Bengaluru,Online,Credit Card,2,7655.51,0.05,15311.02,14545.47,0,3848.92,2025,4,April,Monday,15311.02,14545.469
2025-04-07,ORD012823,CUST03187,P015,Dining Table,Furniture,Jaipur,Online,UPI,1,20068.42,0.0,20068.42,20068.42,1,-1003.42,2025,4,April,Monday,20068.42,20068.42
2025-04-07,ORD007318,CUST04277,P015,Dining Table,Furniture,Chennai,Online,Cash,1,21829.99,0.05,21829.99,20738.49,0,5890.79,2025,4,April,Monday,21829.99,20738.4905
2025-04-07,ORD003322,CUST04987,P015,Dining Table,Furniture,Hyderabad,Online,UPI,1,22130.44,0.1,22130.44,19917.4,1,-995.87,2025,4,April,Monday,22130.44,19917.396
2025-04-07,ORD020264,CUST03059,P008,Running Shoes,Fashion,Kolkata,Online,UPI,1,4403.0,0.25,4403.0,3302.25,0,557.19,2025,4,April,Monday,4403.0,3302.25
2025-04-07,ORD045770,CUST01650,P009,T-Shirt,Fashion,Chennai,Store,Net Banking,1,1197.25,0.1,1197.25,1077.53,0,133.07,2025,4,April,Monday,1197.25,1077.525
2025-04-07,ORD008937,CUST01509,P015,Dining Table,Furniture,Hyderabad,Online,UPI,2,20312.95,0.05,40625.9,38594.61,0,4426.69,2025,4,April,Monday,40625.9,38594.605
2025-04-07,ORD002576,CUST01501,P003,Headphones,Electronics,Hyderabad,Online,Debit Card,1,4498.14,0.15,4498.14,3823.42,0,648.98,2025,4,April,Monday,4498.14,3823.4190000000003
2025-04-07,ORD023574,CUST01170,P002,Smartphone,Electronics,Chennai,Store,UPI,1,28275.71,0.1,28275.71,25448.14,0,5214.69,2025,4,April,Monday,28275.71,25448.139
2025-04-07,ORD018614,CUST03047,P010,Coffee Maker,Home,Chennai,Online,UPI,2,5486.37,0.1,10972.74,9875.47,0,2170.9,2025,4,April,Monday,10972.74,9875.466
2025-04-07,ORD028775,CUST04640,P018,Jacket,Fashion,Hyderabad,Store,Debit Card,1,5267.08,0.05,5267.08,5003.73,0,459.27,2025,4,April,Monday,5267.08,5003.726
2025-04-07,ORD033765,CUST01329,P006,Desk,Furniture,Bengaluru,Online,Net Banking,1,12296.53,0.05,12296.53,11681.7,1,-584.08,2025,4,April,Monday,12296.53,11681.7035
2025-04-07,ORD037028,CUST01167,P014,Keyboard,Electronics,Ahmedabad,Online,UPI,1,2532.84,0.15,2532.84,2152.91,0,550.07,2025,4,April,Monday,2532.84,2152.914
2025-04-07,ORD027305,CUST02108,P010,Coffee Maker,Home,Surat,Online,Debit Card,2,5822.77,0.05,11645.54,11063.26,0,1756.53,2025,4,April,Monday,11645.54,11063.263
2025-04-07,ORD047439,CUST02744,P002,Smartphone,Electronics,Hyderabad,Store,Net Banking,1,28538.52,0.1,28538.52,25684.67,0,6707.96,2025,4,April,Monday,28538.52,25684.668
2025-04-07,ORD007846,CUST01562,P006,Desk,Furniture,Ahmedabad,Online,Cash,1,12649.0,0.1,12649.0,11384.1,0,1140.25,2025,4,April,Monday,12649.0,11384.1
2025-04-07,ORD041575,CUST02644,P015,Dining Table,Furniture,Chennai,Online,Debit Card,1,22867.93,0.25,22867.93,17150.95,0,3238.41,2025,4,April,Monday,22867.93,17150.947500000002
2025-04-07,ORD043827,CUST02043,P008,Running Shoes,Fashion,Chennai,Online,Credit Card,2,4507.95,0.05,9015.9,8565.1,0,1904.27,2025,4,April,Monday,9015.9,8565.105
2025-04-07,ORD004125,CUST00932,P004,Smartwatch,Electronics,Kolkata,Store,UPI,1,6417.98,0.1,6417.98,5776.18,0,1589.1,2025,4,April,Monday,6417.98,5776.182
2025-04-07,ORD033637,CUST03041,P014,Keyboard,Electronics,Hyderabad,Online,Credit Card,1,2282.41,0.15,2282.41,1940.05,0,203.41,2025,4,April,Monday,2282.41,1940.0484999999999
2025-04-07,ORD038637,CUST03405,P012,Air Fryer,Home,Kolkata,Online,UPI,1,7668.24,0.1,7668.24,6901.42,1,-345.07,2025,4,April,Monday,7668.24,6901.416
2025-04-07,ORD005484,CUST04650,P013,Monitor,Electronics,Surat,Store,Cash,1,18921.88,0.15,18921.88,16083.6,0,1033.19,2025,4,April,Monday,18921.88,16083.598
2025-04-07,ORD018858,CUST04294,P015,Dining Table,Furniture,Jaipur,Store,UPI,2,21698.09,0.1,43396.18,39056.56,0,9319.95,2025,4,April,Monday,43396.18,39056.562
2025-04-07,ORD048827,CUST03382,P013,Monitor,Electronics,Surat,Store,UPI,1,16240.63,0.05,16240.63,15428.6,0,1731.94,2025,4,April,Monday,16240.63,15428.598499999998
2025-04-07,ORD000740,CUST04020,P018,Jacket,Fashion,Pune,Store,UPI,1,5203.76,0.1,5203.76,4683.38,0,1262.58,2025,4,April,Monday,5203.76,4683.384
2025-04-07,ORD045952,CUST02052,P006,Desk,Furniture,Surat,Store,UPI,1,12345.07,0.2,12345.07,9876.06,0,2161.79,2025,4,April,Monday,12345.07,9876.056
2025-04-07,ORD046612,CUST03011,P010,Coffee Maker,Home,Jaipur,Online,Credit Card,5,5790.41,0.05,28952.05,27504.45,0,6564.09,2025,4,April,Monday,28952.05,27504.4475
2025-04-07,ORD010618,CUST03768,P009,T-Shirt,Fashion,Kolkata,Online,UPI,2,1103.6,0.1,2207.2,1986.48,0,200.91,2025,4,April,Monday,2207.2,1986.4799999999998
2025-04-07,ORD004239,CUST02964,P012,Air Fryer,Home,Delhi,Online,UPI,1,7707.16,0.0,7707.16,7707.16,0,1096.18,2025,4,April,Monday,7707.16,7707.16
2025-04-07,ORD029492,CUST02165,P006,Desk,Furniture,Jaipur,Store,Net Banking,1,11271.17,0.1,11271.17,10144.05,0,1637.79,2025,4,April,Monday,11271.17,10144.053
2025-04-07,ORD017982,CUST04849,P010,Coffee Maker,Home,Hyderabad,Online,Net Banking,1,5186.59,0.1,5186.59,4667.93,0,533.47,2025,4,April,Monday,5186.59,4667.9310000000005
2025-04-07,ORD033330,CUST00063,P008,Running Shoes,Fashion,Surat,Online,Credit Card,2,4590.75,0.1,9181.5,8263.35,0,1679.29,2025,4,April,Monday,9181.5,8263.35
2025-04-07,ORD021616,CUST03945,P004,Smartwatch,Electronics,Surat,Online,Credit Card,1,6871.45,0.1,6871.45,6184.3,0,1674.39,2025,4,April,Monday,6871.45,6184.305
2025-04-07,ORD013338,CUST03574,P011,Mixer Grinder,Home,Pune,Store,Net Banking,1,5244.5,0.1,5244.5,4720.05,0,1146.12,2025,4,April,Monday,5244.5,4720.05
2025-04-07,ORD019093,CUST00058,P001,Laptop,Electronics,Jaipur,Online,UPI,1,64401.2,0.1,64401.2,57961.08,0,9467.86,2025,4,April,Monday,64401.2,57961.08
2025-04-07,ORD010079,CUST04518,P010,Coffee Maker,Home,Jaipur,Store,Cash,1,5382.48,0.1,5382.48,4844.23,0,480.27,2025,4,April,Monday,5382.48,4844.232
2025-04-07,ORD005620,CUST03782,P014,Keyboard,Electronics,Chennai,Store,UPI,2,2518.34,0.0,5036.68,5036.68,0,1242.21,2025,4,April,Monday,5036.68,5036.68
2025-04-07,ORD023684,CUST04772,P012,Air Fryer,Home,Hyderabad,Online,Debit Card,2,6523.99,0.2,13047.98,10438.38,0,701.56,2025,4,April,Monday,13047.98,10438.384
2025-04-07,ORD010096,CUST00091,P019,Vacuum Cleaner,Home,Hyderabad,Online,Credit Card,5,9899.24,0.1,49496.2,44546.58,0,12157.17,2025,4,April,Monday,49496.2,44546.58
2025-04-07,ORD046351,CUST00985,P014,Keyboard,Electronics,Bengaluru,Online,UPI,3,2480.01,0.15,7440.03,6324.03,0,430.58,2025,4,April,Monday,7440.030000000001,6324.0255
2025-04-07,ORD037767,CUST04361,P013,Monitor,Electronics,Kolkata,Online,Cash,2,18401.29,0.05,36802.58,34962.45,0,4347.74,2025,4,April,Monday,36802.58,34962.451
2025-04-07,ORD002024,CUST03422,P019,Vacuum Cleaner,Home,Kolkata,Store,Credit Card,1,9486.22,0.05,9486.22,9011.91,0,2148.7,2025,4,April,Monday,9486.22,9011.909
2025-04-07,ORD000127,CUST00592,P008,Running Shoes,Fashion,Hyderabad,Online,Debit Card,2,3902.57,0.15,7805.14,6634.37,0,1164.99,2025,4,April,Monday,7805.14,6634.369
2025-04-07,ORD005903,CUST04793,P014,Keyboard,Electronics,Pune,Store,UPI,1,2563.08,0.15,2563.08,2178.62,0,514.06,2025,4,April,Monday,2563.08,2178.618
2025-04-07,ORD031253,CUST00018,P020,Microwave,Home,Ahmedabad,Store,UPI,1,11642.85,0.25,11642.85,8732.14,0,779.81,2025,4,April,Monday,11642.85,8732.1375
2025-04-07,ORD020152,CUST02389,P017,Jeans,Fashion,Chennai,Online,UPI,1,2933.96,0.05,2933.96,2787.26,0,612.89,2025,4,April,Monday,2933.96,2787.2619999999997
2025-04-07,ORD010800,CUST01959,P002,Smartphone,Electronics,Mumbai,Store,Net Banking,1,27701.39,0.2,27701.39,22161.11,0,5465.09,2025,4,April,Monday,27701.39,22161.112
2025-04-07,ORD042469,CUST03568,P013,Monitor,Electronics,Mumbai,Store,Credit Card,1,17845.61,0.0,17845.61,17845.61,0,4423.63,2025,4,April,Monday,17845.61,17845.61
2025-04-07,ORD024890,CUST01254,P019,Vacuum Cleaner,Home,Delhi,Online,Credit Card,1,8606.44,0.05,8606.44,8176.12,0,621.47,2025,4,April,Monday,8606.44,8176.118
2025-04-07,ORD008016,CUST01385,P018,Jacket,Fashion,Mumbai,Store,Credit Card,1,5527.52,0.05,5527.52,5251.14,0,756.34,2025,4,April,Monday,5527.52,5251.144
2025-04-07,ORD025892,CUST02982,P012,Air Fryer,Home,Hyderabad,Online,Cash,4,7572.22,0.05,30288.88,28774.44,0,4818.8,2025,4,April,Monday,30288.88,28774.435999999998
2025-04-07,ORD018195,CUST03848,P012,Air Fryer,Home,Kolkata,Store,Credit Card,1,6528.06,0.0,6528.06,6528.06,0,554.18,2025,4,April,Monday,6528.06,6528.06
2025-04-07,ORD048750,CUST03998,P018,Jacket,Fashion,Mumbai,Online,Net Banking,2,5338.6,0.1,10677.2,9609.48,0,1391.83,2025,4,April,Monday,10677.2,9609.480000000001
2025-04-07,ORD014450,CUST03452,P006,Desk,Furniture,Chennai,Online,Credit Card,1,11063.12,0.0,11063.12,11063.12,0,2665.3,2025,4,April,Monday,11063.12,11063.12
2025-04-07,ORD000112,CUST04136,P003,Headphones,Electronics,Jaipur,Online,UPI,1,4089.94,0.1,4089.94,3680.95,0,249.54,2025,4,April,Monday,4089.94,3680.946
2025-04-07,ORD000688,CUST03271,P012,Air Fryer,Home,Pune,Online,Credit Card,2,6662.11,0.05,13324.22,12658.01,0,1894.65,2025,4,April,Monday,13324.22,12658.008999999998
2025-04-07,ORD036828,CUST04874,P001,Laptop,Electronics,Bengaluru,Store,Credit Card,1,62631.15,0.25,62631.15,46973.36,0,1919.81,2025,4,April,Monday,62631.15,46973.3625
2025-04-07,ORD035169,CUST02989,P012,Air Fryer,Home,Chennai,Online,UPI,1,7812.12,0.1,7812.12,7030.91,0,1182.88,2025,4,April,Monday,7812.12,7030.908
2025-04-07,ORD033292,CUST03762,P005,Office Chair,Furniture,Mumbai,Online,Net Banking,1,9203.19,0.15,9203.19,7822.71,0,1696.92,2025,4,April,Monday,9203.19,7822.7115
2025-04-07,ORD025841,CUST00061,P018,Jacket,Fashion,Pune,Store,UPI,1,4723.74,0.2,4723.74,3778.99,0,980.74,2025,4,April,Monday,4723.74,3778.992
2025-04-07,ORD035371,CUST01346,P013,Monitor,Electronics,Hyderabad,Store,Credit Card,2,19492.57,0.1,38985.14,35086.63,0,5281.89,2025,4,April,Monday,38985.14,35086.626000000004
2025-04-07,ORD006240,CUST00260,P003,Headphones,Electronics,Pune,Online,UPI,1,4273.82,0.05,4273.82,4060.13,1,-203.01,2025,4,April,Monday,4273.82,4060.1289999999995
2025-04-07,ORD016344,CUST04102,P019,Vacuum Cleaner,Home,Hyderabad,Online,Credit Card,3,8306.35,0.2,24919.05,19935.24,0,3092.96,2025,4,April,Monday,24919.050000000003,19935.24
2025-04-07,ORD049027,CUST03485,P009,T-Shirt,Fashion,Kolkata,Online,Credit Card,5,1235.26,0.1,6176.3,5558.67,0,717.53,2025,4,April,Monday,6176.3,5558.67
2025-04-07,ORD004459,CUST03736,P002,Smartphone,Electronics,Bengaluru,Store,UPI,1,28393.65,0.15,28393.65,24134.6,0,1560.16,2025,4,April,Monday,28393.65,24134.6025
2025-04-07,ORD013536,CUST02140,P014,Keyboard,Electronics,Delhi,Store,UPI,1,2627.28,0.1,2627.28,2364.55,0,356.88,2025,4,April,Monday,2627.28,2364.552
2025-04-08,ORD032464,CUST00135,P005,Office Chair,Furniture,Mumbai,Store,Debit Card,1,9240.47,0.0,9240.47,9240.47,0,2587.1,2025,4,April,Tuesday,9240.47,9240.47
2025-04-08,ORD046412,CUST02145,P013,Monitor,Electronics,Hyderabad,Online,Credit Card,1,19655.86,0.0,19655.86,19655.86,0,5652.97,2025,4,April,Tuesday,19655.86,19655.86
2025-04-08,ORD047201,CUST01503,P005,Office Chair,Furniture,Pune,Online,Debit Card,5,9715.44,0.15,48577.2,41290.62,0,3536.16,2025,4,April,Tuesday,48577.200000000004,41290.619999999995
2025-04-08,ORD001555,CUST01506,P009,T-Shirt,Fashion,Surat,Store,UPI,1,1214.95,0.05,1214.95,1154.2,1,-57.71,2025,4,April,Tuesday,1214.95,1154.2025
2025-04-08,ORD046388,CUST04741,P008,Running Shoes,Fashion,Kolkata,Online,Cash,1,4242.48,0.05,4242.48,4030.36,0,302.51,2025,4,April,Tuesday,4242.48,4030.3559999999993
2025-04-08,ORD016871,CUST02001,P015,Dining Table,Furniture,Ahmedabad,Online,UPI,1,20227.02,0.1,20227.02,18204.32,0,1802.41,2025,4,April,Tuesday,20227.02,18204.318
2025-04-08,ORD020970,CUST00072,P008,Running Shoes,Fashion,Mumbai,Online,Debit Card,1,3785.1,0.15,3785.1,3217.34,0,630.17,2025,4,April,Tuesday,3785.1,3217.335
2025-04-08,ORD046445,CUST03867,P016,Sofa,Furniture,Ahmedabad,Online,Credit Card,2,37322.47,0.2,74644.94,59715.95,0,7114.3,2025,4,April,Tuesday,74644.94,59715.952000000005
2025-04-08,ORD019351,CUST03229,P011,Mixer Grinder,Home,Hyderabad,Store,Debit Card,5,5211.51,0.05,26057.55,24754.67,0,4718.96,2025,4,April,Tuesday,26057.550000000003,24754.672499999997
2025-04-08,ORD018584,CUST02068,P010,Coffee Maker,Home,Pune,Store,UPI,1,5117.0,0.1,5117.0,4605.3,0,391.39,2025,4,April,Tuesday,5117.0,4605.3
2025-04-08,ORD014111,CUST00347,P016,Sofa,Furniture,Ahmedabad,Store,UPI,4,31579.55,0.05,126318.2,120002.29,0,17024.06,2025,4,April,Tuesday,126318.2,120002.29
2025-04-08,ORD017106,CUST00322,P004,Smartwatch,Electronics,Chennai,Online,Net Banking,1,7632.71,0.0,7632.71,7632.71,0,822.37,2025,4,April,Tuesday,7632.71,7632.71
2025-04-08,ORD037050,CUST00477,P019,Vacuum Cleaner,Home,Chennai,Store,UPI,4,8361.21,0.0,33444.84,33444.84,0,6299.08,2025,4,April,Tuesday,33444.84,33444.84
2025-04-08,ORD042913,CUST04681,P002,Smartphone,Electronics,Delhi,Store,UPI,1,25743.14,0.15,25743.14,21881.67,0,4931.59,2025,4,April,Tuesday,25743.14,21881.668999999998
2025-04-08,ORD037018,CUST02498,P003,Headphones,Electronics,Mumbai,Online,Credit Card,2,4426.24,0.2,8852.48,7081.98,1,-354.1,2025,4,April,Tuesday,8852.48,7081.984
2025-04-08,ORD010836,CUST04486,P003,Headphones,Electronics,Kolkata,Store,Credit Card,2,4486.31,0.2,8972.62,7178.1,0,767.35,2025,4,April,Tuesday,8972.62,7178.096000000001
2025-04-08,ORD007300,CUST00998,P017,Jeans,Fashion,Chennai,Online,Credit Card,1,2891.44,0.15,2891.44,2457.72,0,580.38,2025,4,April,Tuesday,2891.44,2457.724
2025-04-08,ORD022189,CUST03540,P003,Headphones,Electronics,Mumbai,Store,Debit Card,3,4748.92,0.05,14246.76,13534.42,0,2403.15,2025,4,April,Tuesday,14246.76,13534.422
2025-04-08,ORD024350,CUST04452,P013,Monitor,Electronics,Surat,Store,UPI,1,19729.48,0.1,19729.48,17756.53,0,3189.56,2025,4,April,Tuesday,19729.48,17756.532
2025-04-08,ORD005567,CUST00610,P003,Headphones,Electronics,Ahmedabad,Store,Cash,3,4312.22,0.25,12936.66,9702.49,0,1043.27,2025,4,April,Tuesday,12936.66,9702.494999999999
2025-04-08,ORD039877,CUST03313,P017,Jeans,Fashion,Bengaluru,Online,Credit Card,1,2915.7,0.1,2915.7,2624.13,0,209.32,2025,4,April,Tuesday,2915.7,2624.13
2025-04-08,ORD036580,CUST02301,P013,Monitor,Electronics,Mumbai,Online,Net Banking,4,16215.1,0.25,64860.4,48645.3,0,2299.89,2025,4,April,Tuesday,64860.4,48645.3
2025-04-08,ORD018015,CUST02559,P003,Headphones,Electronics,Mumbai,Online,Debit Card,1,4690.27,0.0,4690.27,4690.27,0,1309.84,2025,4,April,Tuesday,4690.27,4690.27
2025-04-08,ORD007203,CUST04845,P019,Vacuum Cleaner,Home,Pune,Online,UPI,1,9233.24,0.05,9233.24,8771.58,0,1510.85,2025,4,April,Tuesday,9233.24,8771.578
2025-04-08,ORD004313,CUST01352,P001,Laptop,Electronics,Bengaluru,Online,UPI,2,68295.39,0.1,136590.78,122931.7,0,12092.67,2025,4,April,Tuesday,136590.78,122931.702
2025-04-08,ORD007613,CUST04781,P004,Smartwatch,Electronics,Bengaluru,Online,UPI,2,6919.16,0.1,13838.32,12454.49,1,-622.72,2025,4,April,Tuesday,13838.32,12454.488
2025-04-08,ORD034299,CUST02145,P018,Jacket,Fashion,Ahmedabad,Online,Credit Card,1,5705.94,0.1,5705.94,5135.35,0,909.39,2025,4,April,Tuesday,5705.94,5135.346
2025-04-08,ORD036171,CUST03811,P019,Vacuum Cleaner,Home,Kolkata,Store,Credit Card,1,8910.14,0.25,8910.14,6682.6,0,778.0,2025,4,April,Tuesday,8910.14,6682.605
2025-04-08,ORD013082,CUST03791,P007,Backpack,Accessories,Chennai,Online,Credit Card,1,2311.5,0.1,2311.5,2080.35,0,298.17,2025,4,April,Tuesday,2311.5,2080.35
2025-04-08,ORD022758,CUST00559,P020,Microwave,Home,Jaipur,Online,UPI,1,12054.04,0.2,12054.04,9643.23,0,2008.62,2025,4,April,Tuesday,12054.04,9643.232000000002
2025-04-08,ORD021710,CUST01397,P010,Coffee Maker,Home,Jaipur,Store,UPI,1,5957.19,0.05,5957.19,5659.33,0,616.28,2025,4,April,Tuesday,5957.19,5659.330499999999
2025-04-08,ORD006024,CUST01577,P001,Laptop,Electronics,Surat,Online,Net Banking,2,67146.07,0.15,134292.14,114148.32,0,28229.42,2025,4,April,Tuesday,134292.14,114148.319
2025-04-08,ORD005173,CUST01487,P003,Headphones,Electronics,Delhi,Online,Debit Card,5,4791.47,0.2,23957.35,19165.88,0,2370.74,2025,4,April,Tuesday,23957.350000000002,19165.88
2025-04-08,ORD037840,CUST02966,P013,Monitor,Electronics,Delhi,Online,Credit Card,1,19050.46,0.15,19050.46,16192.89,1,-809.64,2025,4,April,Tuesday,19050.46,16192.891
2025-04-08,ORD035314,CUST02367,P009,T-Shirt,Fashion,Bengaluru,Online,Net Banking,1,1237.59,0.05,1237.59,1175.71,0,163.9,2025,4,April,Tuesday,1237.59,1175.7105
2025-04-08,ORD035292,CUST04327,P002,Smartphone,Electronics,Hyderabad,Online,Debit Card,1,28334.64,0.0,28334.64,28334.64,0,7909.36,2025,4,April,Tuesday,28334.64,28334.64
2025-04-08,ORD012730,CUST04253,P020,Microwave,Home,Kolkata,Store,Debit Card,3,10956.13,0.05,32868.39,31224.97,1,-1561.25,2025,4,April,Tuesday,32868.39,31224.9705
2025-04-08,ORD014192,CUST03399,P020,Microwave,Home,Delhi,Store,Debit Card,2,10121.96,0.0,20243.92,20243.92,0,6014.76,2025,4,April,Tuesday,20243.92,20243.92
2025-04-08,ORD034874,CUST02503,P016,Sofa,Furniture,Chennai,Store,UPI,1,32431.53,0.1,32431.53,29188.38,0,2105.12,2025,4,April,Tuesday,32431.53,29188.377
2025-04-08,ORD018196,CUST03122,P016,Sofa,Furniture,Chennai,Online,UPI,2,35683.08,0.0,71366.16,71366.16,0,19757.86,2025,4,April,Tuesday,71366.16,71366.16
2025-04-08,ORD042269,CUST04495,P011,Mixer Grinder,Home,Delhi,Online,UPI,2,4608.21,0.1,9216.42,8294.78,0,956.59,2025,4,April,Tuesday,9216.42,8294.778
2025-04-08,ORD041429,CUST00280,P016,Sofa,Furniture,Jaipur,Store,UPI,1,32257.31,0.0,32257.31,32257.31,0,2814.25,2025,4,April,Tuesday,32257.31,32257.31
2025-04-08,ORD037686,CUST04376,P011,Mixer Grinder,Home,Jaipur,Online,Debit Card,3,4692.17,0.15,14076.51,11965.03,0,1759.5,2025,4,April,Tuesday,14076.51,11965.0335
2025-04-08,ORD022394,CUST01451,P017,Jeans,Fashion,Bengaluru,Online,Debit Card,1,2991.99,0.0,2991.99,2991.99,0,861.82,2025,4,April,Tuesday,2991.99,2991.99
2025-04-08,ORD025000,CUST03800,P017,Jeans,Fashion,Delhi,Online,Debit Card,1,2548.29,0.1,2548.29,2293.46,0,583.59,2025,4,April,Tuesday,2548.29,2293.4610000000002
2025-04-08,ORD000883,CUST02878,P008,Running Shoes,Fashion,Chennai,Online,Credit Card,1,4473.32,0.05,4473.32,4249.65,1,-212.48,2025,4,April,Tuesday,4473.32,4249.6539999999995
2025-04-08,ORD031099,CUST01898,P015,Dining Table,Furniture,Mumbai,Store,Credit Card,1,21636.42,0.15,21636.42,18390.96,0,2936.91,2025,4,April,Tuesday,21636.42,18390.957
2025-04-08,ORD000544,CUST02759,P011,Mixer Grinder,Home,Chennai,Store,Cash,1,5212.46,0.05,5212.46,4951.84,0,1057.44,2025,4,April,Tuesday,5212.46,4951.8369999999995
2025-04-08,ORD015758,CUST01035,P011,Mixer Grinder,Home,Mumbai,Store,UPI,2,5110.42,0.15,10220.84,8687.71,1,-434.39,2025,4,April,Tuesday,10220.84,8687.714
2025-04-08,ORD000917,CUST04943,P010,Coffee Maker,Home,Hyderabad,Store,Cash,2,6015.94,0.15,12031.88,10227.1,0,1802.05,2025,4,April,Tuesday,12031.88,10227.098
2025-04-08,ORD007938,CUST03831,P013,Monitor,Electronics,Chennai,Online,Credit Card,1,17300.07,0.05,17300.07,16435.07,1,-821.75,2025,4,April,Tuesday,17300.07,16435.066499999997
2025-04-08,ORD031655,CUST00929,P013,Monitor,Electronics,Jaipur,Store,Cash,2,19351.59,0.05,38703.18,36768.02,0,4154.3,2025,4,April,Tuesday,38703.18,36768.021
2025-04-08,ORD014823,CUST04420,P014,Keyboard,Electronics,Mumbai,Online,Net Banking,3,2584.02,0.15,7752.06,6589.25,0,1237.57,2025,4,April,Tuesday,7752.0599999999995,6589.251
2025-04-08,ORD025042,CUST00552,P009,T-Shirt,Fashion,Chennai,Online,Credit Card,1,1164.03,0.0,1164.03,1164.03,0,342.62,2025,4,April,Tuesday,1164.03,1164.03
2025-04-08,ORD007925,CUST03018,P015,Dining Table,Furniture,Bengaluru,Store,UPI,1,23592.04,0.0,23592.04,23592.04,0,5039.62,2025,4,April,Tuesday,23592.04,23592.04
2025-04-08,ORD030769,CUST04594,P015,Dining Table,Furniture,Ahmedabad,Online,Debit Card,2,22501.93,0.2,45003.86,36003.09,0,3365.24,2025,4,April,Tuesday,45003.86,36003.088
2025-04-08,ORD009357,CUST04397,P019,Vacuum Cleaner,Home,Ahmedabad,Online,Debit Card,1,8866.85,0.2,8866.85,7093.48,0,1033.43,2025,4,April,Tuesday,8866.85,7093.4800000000005
2025-04-08,ORD015215,CUST02247,P020,Microwave,Home,Mumbai,Store,Credit Card,5,10555.94,0.0,52779.7,52779.7,0,11053.53,2025,4,April,Tuesday,52779.700000000004,52779.7
2025-04-08,ORD026804,CUST00660,P013,Monitor,Electronics,Hyderabad,Store,UPI,1,19601.91,0.1,19601.91,17641.72,0,2570.36,2025,4,April,Tuesday,19601.91,17641.719
2025-04-08,ORD015267,CUST02161,P019,Vacuum Cleaner,Home,Chennai,Online,UPI,1,8296.02,0.05,8296.02,7881.22,0,931.81,2025,4,April,Tuesday,8296.02,7881.219
2025-04-08,ORD031590,CUST02627,P011,Mixer Grinder,Home,Hyderabad,Online,Debit Card,2,4757.59,0.05,9515.18,9039.42,0,2339.13,2025,4,April,Tuesday,9515.18,9039.421
2025-04-08,ORD007894,CUST04019,P008,Running Shoes,Fashion,Jaipur,Online,Debit Card,2,4035.04,0.1,8070.08,7263.07,0,1439.22,2025,4,April,Tuesday,8070.08,7263.072
2025-04-08,ORD027299,CUST02049,P003,Headphones,Electronics,Mumbai,Online,Credit Card,2,4836.65,0.1,9673.3,8705.97,0,1399.61,2025,4,April,Tuesday,9673.3,8705.97
2025-04-09,ORD032205,CUST00135,P006,Desk,Furniture,Bengaluru,Store,Cash,2,12616.55,0.05,25233.1,23971.44,0,4032.78,2025,4,April,Wednesday,25233.1,23971.444999999996
2025-04-09,ORD037066,CUST02273,P020,Microwave,Home,Jaipur,Online,UPI,1,10577.75,0.05,10577.75,10048.86,0,1145.8,2025,4,April,Wednesday,10577.75,10048.8625
2025-04-09,ORD003306,CUST03849,P016,Sofa,Furniture,Delhi,Store,Credit Card,1,31640.59,0.1,31640.59,28476.53,0,3311.14,2025,4,April,Wednesday,31640.59,28476.531
2025-04-09,ORD049946,CUST03374,P007,Backpack,Accessories,Chennai,Store,Cash,1,2113.46,0.15,2113.46,1796.44,0,172.31,2025,4,April,Wednesday,2113.46,1796.441
2025-04-09,ORD033089,CUST00651,P014,Keyboard,Electronics,Pune,Store,Debit Card,5,2699.07,0.05,13495.35,12820.58,0,3624.59,2025,4,April,Wednesday,13495.35,12820.5825
2025-04-09,ORD011748,CUST04448,P007,Backpack,Accessories,Jaipur,Online,Credit Card,1,2030.89,0.0,2030.89,2030.89,0,231.45,2025,4,April,Wednesday,2030.89,2030.89
2025-04-09,ORD022759,CUST04305,P015,Dining Table,Furniture,Hyderabad,Store,Debit Card,1,19878.36,0.05,19878.36,18884.44,0,5065.36,2025,4,April,Wednesday,19878.36,18884.442
2025-04-09,ORD009316,CUST04254,P010,Coffee Maker,Home,Chennai,Online,UPI,1,4993.36,0.25,4993.36,3745.02,0,710.97,2025,4,April,Wednesday,4993.36,3745.0199999999995
2025-04-09,ORD030993,CUST02162,P007,Backpack,Accessories,Mumbai,Store,Cash,2,2172.0,0.15,4344.0,3692.4,0,265.61,2025,4,April,Wednesday,4344.0,3692.4
2025-04-09,ORD048696,CUST01750,P007,Backpack,Accessories,Jaipur,Online,Net Banking,1,2148.48,0.05,2148.48,2041.06,0,172.32,2025,4,April,Wednesday,2148.48,2041.0559999999998
2025-04-09,ORD019544,CUST02759,P003,Headphones,Electronics,Jaipur,Online,UPI,5,4454.72,0.1,22273.6,20046.24,0,1325.49,2025,4,April,Wednesday,22273.600000000002,20046.239999999998
2025-04-09,ORD046733,CUST00617,P016,Sofa,Furniture,Hyderabad,Online,UPI,1,34989.26,0.05,34989.26,33239.8,0,8810.88,2025,4,April,Wednesday,34989.26,33239.797
2025-04-09,ORD048820,CUST03323,P005,Office Chair,Furniture,Mumbai,Online,Credit Card,2,10270.26,0.0,20540.52,20540.52,0,5735.74,2025,4,April,Wednesday,20540.52,20540.52
2025-04-09,ORD036513,CUST02390,P008,Running Shoes,Fashion,Surat,Online,UPI,4,4306.17,0.1,17224.68,15502.21,0,1593.5,2025,4,April,Wednesday,17224.68,15502.212000000001
2025-04-09,ORD017685,CUST02026,P007,Backpack,Accessories,Bengaluru,Online,UPI,1,2304.86,0.15,2304.86,1959.13,0,381.18,2025,4,April,Wednesday,2304.86,1959.131
2025-04-09,ORD047265,CUST01525,P013,Monitor,Electronics,Kolkata,Store,UPI,3,16673.35,0.05,50020.05,47519.05,0,5741.89,2025,4,April,Wednesday,50020.049999999996,47519.0475
2025-04-09,ORD013314,CUST00523,P015,Dining Table,Furniture,Jaipur,Online,Cash,1,23037.47,0.0,23037.47,23037.47,0,6600.87,2025,4,April,Wednesday,23037.47,23037.47
2025-04-09,ORD026974,CUST01553,P017,Jeans,Fashion,Kolkata,Online,Cash,2,2943.91,0.15,5887.82,5004.65,0,1342.93,2025,4,April,Wednesday,5887.82,5004.647
2025-04-09,ORD020551,CUST00878,P004,Smartwatch,Electronics,Ahmedabad,Online,Credit Card,1,6493.05,0.2,6493.05,5194.44,1,-259.72,2025,4,April,Wednesday,6493.05,5194.4400000000005
2025-04-09,ORD037201,CUST01228,P007,Backpack,Accessories,Ahmedabad,Store,UPI,1,2085.36,0.15,2085.36,1772.56,0,384.86,2025,4,April,Wednesday,2085.36,1772.556
2025-04-09,ORD025206,CUST03383,P005,Office Chair,Furniture,Pune,Online,Credit Card,1,8721.04,0.2,8721.04,6976.83,0,563.82,2025,4,April,Wednesday,8721.04,6976.832000000001
2025-04-09,ORD047025,CUST03057,P010,Coffee Maker,Home,Ahmedabad,Online,Debit Card,1,5885.8,0.2,5885.8,4708.64,0,868.1,2025,4,April,Wednesday,5885.8,4708.64
2025-04-09,ORD032631,CUST00512,P004,Smartwatch,Electronics,Mumbai,Online,Cash,1,7485.45,0.15,7485.45,6362.63,0,1357.18,2025,4,April,Wednesday,7485.45,6362.6325
2025-04-09,ORD009884,CUST00296,P007,Backpack,Accessories,Ahmedabad,Store,Credit Card,2,2052.23,0.05,4104.46,3899.24,0,901.17,2025,4,April,Wednesday,4104.46,3899.2369999999996
2025-04-09,ORD043846,CUST04284,P013,Monitor,Electronics,Mumbai,Online,UPI,1,17176.64,0.05,17176.64,16317.81,0,1517.14,2025,4,April,Wednesday,17176.64,16317.807999999999
2025-04-09,ORD012091,CUST04343,P010,Coffee Maker,Home,Surat,Store,UPI,2,5622.41,0.05,11244.82,10682.58,0,2470.5,2025,4,April,Wednesday,11244.82,10682.579
2025-04-09,ORD032410,CUST02548,P014,Keyboard,Electronics,Kolkata,Online,UPI,4,2330.41,0.15,9321.64,7923.39,0,1878.97,2025,4,April,Wednesday,9321.64,7923.393999999999
2025-04-09,ORD028446,CUST02195,P009,T-Shirt,Fashion,Pune,Online,Credit Card,1,1130.18,0.05,1130.18,1073.67,0,111.77,2025,4,April,Wednesday,1130.18,1073.671
2025-04-09,ORD018231,CUST00093,P013,Monitor,Electronics,Delhi,Store,Credit Card,2,18353.67,0.05,36707.34,34871.97,0,8246.76,2025,4,April,Wednesday,36707.34,34871.973
2025-04-09,ORD008726,CUST00260,P015,Dining Table,Furniture,Jaipur,Store,Credit Card,2,19929.65,0.15,39859.3,33880.4,0,8316.57,2025,4,April,Wednesday,39859.3,33880.405
2025-04-09,ORD000394,CUST04472,P014,Keyboard,Electronics,Pune,Store,Net Banking,1,2455.25,0.0,2455.25,2455.25,0,316.22,2025,4,April,Wednesday,2455.25,2455.25
2025-04-09,ORD032375,CUST03946,P015,Dining Table,Furniture,Chennai,Online,UPI,1,22208.55,0.1,22208.55,19987.7,0,1614.12,2025,4,April,Wednesday,22208.55,19987.695
2025-04-09,ORD037701,CUST03235,P018,Jacket,Fashion,Kolkata,Online,UPI,3,5126.64,0.05,15379.92,14610.92,0,1217.59,2025,4,April,Wednesday,15379.920000000002,14610.923999999999
2025-04-09,ORD039814,CUST04287,P012,Air Fryer,Home,Mumbai,Store,Cash,1,7754.36,0.2,7754.36,6203.49,0,1056.14,2025,4,April,Wednesday,7754.36,6203.488
2025-04-09,ORD037461,CUST02457,P008,Running Shoes,Fashion,Mumbai,Store,Debit Card,5,4580.59,0.1,22902.95,20612.66,0,3135.23,2025,4,April,Wednesday,22902.95,20612.655000000002
2025-04-09,ORD015959,CUST02843,P020,Microwave,Home,Mumbai,Store,Debit Card,1,11014.68,0.15,11014.68,9362.48,0,1093.17,2025,4,April,Wednesday,11014.68,9362.478
2025-04-09,ORD044408,CUST04781,P009,T-Shirt,Fashion,Pune,Store,UPI,1,1190.89,0.0,1190.89,1190.89,0,322.48,2025,4,April,Wednesday,1190.89,1190.89
2025-04-09,ORD046844,CUST01026,P005,Office Chair,Furniture,Mumbai,Online,Net Banking,1,9280.4,0.05,9280.4,8816.38,0,1400.95,2025,4,April,Wednesday,9280.4,8816.38
2025-04-09,ORD007233,CUST04225,P005,Office Chair,Furniture,Jaipur,Store,Net Banking,2,10398.42,0.05,20796.84,19757.0,0,5032.87,2025,4,April,Wednesday,20796.84,19756.998
2025-04-09,ORD002346,CUST00691,P016,Sofa,Furniture,Mumbai,Online,UPI,3,36841.13,0.05,110523.39,104997.22,0,26312.77,2025,4,April,Wednesday,110523.38999999998,104997.2205
2025-04-09,ORD024438,CUST03728,P006,Desk,Furniture,Mumbai,Store,Debit Card,4,11040.41,0.1,44161.64,39745.48,0,8387.17,2025,4,April,Wednesday,44161.64,39745.476
2025-04-09,ORD032148,CUST01830,P005,Office Chair,Furniture,Delhi,Online,Debit Card,1,10025.16,0.15,10025.16,8521.39,0,1956.16,2025,4,April,Wednesday,10025.16,8521.386
2025-04-09,ORD014667,CUST01626,P014,Keyboard,Electronics,Surat,Online,Credit Card,1,2336.27,0.05,2336.27,2219.46,0,541.77,2025,4,April,Wednesday,2336.27,2219.4565
2025-04-09,ORD035298,CUST01893,P015,Dining Table,Furniture,Jaipur,Online,Net Banking,1,23814.81,0.05,23814.81,22624.07,0,4336.23,2025,4,April,Wednesday,23814.81,22624.0695
2025-04-09,ORD011117,CUST01087,P002,Smartphone,Electronics,Bengaluru,Online,Net Banking,2,26878.71,0.1,53757.42,48381.68,0,4965.23,2025,4,April,Wednesday,53757.42,48381.678
2025-04-09,ORD017394,CUST01141,P019,Vacuum Cleaner,Home,Chennai,Online,Cash,2,9170.24,0.05,18340.48,17423.46,0,2391.95,2025,4,April,Wednesday,18340.48,17423.456
2025-04-09,ORD046479,CUST01120,P018,Jacket,Fashion,Pune,Store,UPI,1,5151.45,0.0,5151.45,5151.45,0,1080.88,2025,4,April,Wednesday,5151.45,5151.45
2025-04-09,ORD045573,CUST00094,P006,Desk,Furniture,Hyderabad,Online,Credit Card,1,11720.32,0.05,11720.32,11134.3,0,939.4,2025,4,April,Wednesday,11720.32,11134.304
2025-04-09,ORD023643,CUST04829,P002,Smartphone,Electronics,Pune,Online,UPI,1,27986.79,0.15,27986.79,23788.77,1,-1189.44,2025,4,April,Wednesday,27986.79,23788.7715
2025-04-09,ORD008234,CUST04274,P014,Keyboard,Electronics,Bengaluru,Store,Net Banking,1,2586.72,0.15,2586.72,2198.71,0,531.94,2025,4,April,Wednesday,2586.72,2198.712
2025-04-09,ORD012674,CUST01376,P017,Jeans,Fashion,Surat,Online,Credit Card,1,2630.17,0.05,2630.17,2498.66,0,625.37,2025,4,April,Wednesday,2630.17,2498.6615
2025-04-09,ORD049642,CUST04918,P015,Dining Table,Furniture,Hyderabad,Store,Net Banking,2,23066.58,0.0,46133.16,46133.16,0,9790.66,2025,4,April,Wednesday,46133.16,46133.16
2025-04-09,ORD017263,CUST01004,P008,Running Shoes,Fashion,Delhi,Store,Net Banking,1,3804.95,0.0,3804.95,3804.95,0,656.22,2025,4,April,Wednesday,3804.95,3804.95
2025-04-09,ORD012902,CUST03134,P015,Dining Table,Furniture,Pune,Online,Credit Card,1,24172.16,0.2,24172.16,19337.73,0,4099.61,2025,4,April,Wednesday,24172.16,19337.728
2025-04-09,ORD010995,CUST00279,P001,Laptop,Electronics,Jaipur,Online,UPI,3,63671.01,0.1,191013.03,171911.73,0,33677.85,2025,4,April,Wednesday,191013.03,171911.727
2025-04-09,ORD025088,CUST01966,P016,Sofa,Furniture,Delhi,Store,UPI,1,36787.26,0.05,36787.26,34947.9,0,10096.88,2025,4,April,Wednesday,36787.26,34947.897
2025-04-09,ORD001514,CUST04130,P015,Dining Table,Furniture,Hyderabad,Online,Debit Card,3,20400.1,0.0,61200.3,61200.3,0,16247.71,2025,4,April,Wednesday,61200.299999999996,61200.3
2025-04-09,ORD025771,CUST04575,P005,Office Chair,Furniture,Mumbai,Store,Net Banking,2,8751.24,0.15,17502.48,14877.11,0,2730.42,2025,4,April,Wednesday,17502.48,14877.107999999998
2025-04-09,ORD016780,CUST00478,P002,Smartphone,Electronics,Bengaluru,Online,Credit Card,3,29465.35,0.0,88396.05,88396.05,0,9298.61,2025,4,April,Wednesday,88396.04999999999,88396.05
2025-04-09,ORD035378,CUST00816,P009,T-Shirt,Fashion,Hyderabad,Store,UPI,2,1203.46,0.15,2406.92,2045.88,0,177.92,2025,4,April,Wednesday,2406.92,2045.882
2025-04-09,ORD047933,CUST01126,P018,Jacket,Fashion,Mumbai,Store,UPI,1,5651.95,0.05,5651.95,5369.35,0,1544.77,2025,4,April,Wednesday,5651.95,5369.3525
2025-04-09,ORD041975,CUST02799,P001,Laptop,Electronics,Kolkata,Online,Net Banking,1,65363.11,0.05,65363.11,62094.95,0,10346.74,2025,4,April,Wednesday,65363.11,62094.9545
2025-04-09,ORD009675,CUST00959,P017,Jeans,Fashion,Chennai,Online,Debit Card,1,3059.2,0.2,3059.2,2447.36,0,560.48,2025,4,April,Wednesday,3059.2,2447.36
2025-04-09,ORD017410,CUST02737,P012,Air Fryer,Home,Kolkata,Store,UPI,5,7872.38,0.0,39361.9,39361.9,0,4644.86,2025,4,April,Wednesday,39361.9,39361.9
2025-04-09,ORD003164,CUST04192,P015,Dining Table,Furniture,Kolkata,Store,Debit Card,1,22509.93,0.15,22509.93,19133.44,0,3828.0,2025,4,April,Wednesday,22509.93,19133.4405
2025-04-09,ORD027991,CUST00695,P002,Smartphone,Electronics,Kolkata,Online,UPI,1,25273.46,0.0,25273.46,25273.46,0,4292.42,2025,4,April,Wednesday,25273.46,25273.46
2025-04-09,ORD014827,CUST03603,P012,Air Fryer,Home,Hyderabad,Store,UPI,2,7525.19,0.0,15050.38,15050.38,0,1680.51,2025,4,April,Wednesday,15050.38,15050.38
2025-04-09,ORD033955,CUST03096,P014,Keyboard,Electronics,Bengaluru,Online,Debit Card,1,2424.11,0.0,2424.11,2424.11,0,374.4,2025,4,April,Wednesday,2424.11,2424.11
2025-04-09,ORD023693,CUST00963,P012,Air Fryer,Home,Kolkata,Online,Debit Card,3,7790.15,0.1,23370.45,21033.4,0,1900.53,2025,4,April,Wednesday,23370.449999999997,21033.405000000002
2025-04-09,ORD035554,CUST02589,P016,Sofa,Furniture,Pune,Store,UPI,1,37397.72,0.05,37397.72,35527.83,0,10130.76,2025,4,April,Wednesday,37397.72,35527.834
2025-04-10,ORD009140,CUST03835,P005,Office Chair,Furniture,Surat,Store,UPI,1,8636.73,0.1,8636.73,7773.06,0,794.54,2025,4,April,Thursday,8636.73,7773.057
2025-04-10,ORD002708,CUST01753,P002,Smartphone,Electronics,Surat,Online,Net Banking,2,27153.78,0.15,54307.56,46161.43,0,3057.07,2025,4,April,Thursday,54307.56,46161.426
2025-04-10,ORD037938,CUST02015,P015,Dining Table,Furniture,Surat,Online,Credit Card,2,23056.67,0.15,46113.34,39196.34,0,3667.37,2025,4,April,Thursday,46113.34,39196.33899999999
2025-04-10,ORD037911,CUST03822,P008,Running Shoes,Fashion,Chennai,Online,UPI,3,4568.28,0.15,13704.84,11649.11,0,2622.72,2025,4,April,Thursday,13704.84,11649.114
2025-04-10,ORD014155,CUST00109,P006,Desk,Furniture,Jaipur,Store,UPI,1,11139.66,0.1,11139.66,10025.69,0,879.06,2025,4,April,Thursday,11139.66,10025.694
2025-04-10,ORD043359,CUST02519,P017,Jeans,Fashion,Jaipur,Store,UPI,4,2746.1,0.1,10984.4,9885.96,0,612.57,2025,4,April,Thursday,10984.4,9885.96
2025-04-10,ORD014971,CUST01420,P011,Mixer Grinder,Home,Chennai,Store,UPI,1,5162.01,0.05,5162.01,4903.91,0,553.69,2025,4,April,Thursday,5162.01,4903.9095
2025-04-10,ORD027281,CUST02467,P007,Backpack,Accessories,Delhi,Online,Credit Card,1,2306.13,0.05,2306.13,2190.82,0,635.02,2025,4,April,Thursday,2306.13,2190.8235
2025-04-10,ORD026761,CUST00701,P003,Headphones,Electronics,Bengaluru,Online,UPI,1,4053.39,0.1,4053.39,3648.05,0,1015.59,2025,4,April,Thursday,4053.39,3648.051
2025-04-10,ORD039637,CUST01245,P008,Running Shoes,Fashion,Pune,Online,Debit Card,3,3923.13,0.0,11769.39,11769.39,0,1168.38,2025,4,April,Thursday,11769.39,11769.39
2025-04-10,ORD009578,CUST03435,P013,Monitor,Electronics,Surat,Store,Debit Card,1,16613.93,0.15,16613.93,14121.84,0,966.05,2025,4,April,Thursday,16613.93,14121.8405
2025-04-10,ORD001335,CUST01799,P020,Microwave,Home,Kolkata,Online,Net Banking,1,10595.53,0.15,10595.53,9006.2,0,2063.25,2025,4,April,Thursday,10595.53,9006.2005
2025-04-10,ORD010503,CUST01747,P005,Office Chair,Furniture,Pune,Online,Cash,4,9352.38,0.0,37409.52,37409.52,0,4005.46,2025,4,April,Thursday,37409.52,37409.52
2025-04-10,ORD000793,CUST02291,P019,Vacuum Cleaner,Home,Surat,Store,Cash,1,8509.74,0.15,8509.74,7233.28,0,1644.42,2025,4,April,Thursday,8509.74,7233.2789999999995
2025-04-10,ORD026541,CUST04665,P001,Laptop,Electronics,Chennai,Online,Credit Card,5,60866.95,0.1,304334.75,273901.28,0,69586.17,2025,4,April,Thursday,304334.75,273901.275
2025-04-10,ORD004857,CUST00096,P001,Laptop,Electronics,Ahmedabad,Store,Debit Card,1,62221.95,0.1,62221.95,55999.76,0,7989.37,2025,4,April,Thursday,62221.95,55999.755
2025-04-10,ORD001028,CUST04136,P019,Vacuum Cleaner,Home,Jaipur,Store,Debit Card,1,8375.6,0.25,8375.6,6281.7,0,1004.63,2025,4,April,Thursday,8375.6,6281.700000000001
2025-04-10,ORD014619,CUST01493,P001,Laptop,Electronics,Surat,Store,Credit Card,1,66736.8,0.2,66736.8,53389.44,0,10331.57,2025,4,April,Thursday,66736.8,53389.44
2025-04-10,ORD018253,CUST00778,P005,Office Chair,Furniture,Pune,Online,UPI,1,10095.18,0.1,10095.18,9085.66,1,-454.28,2025,4,April,Thursday,10095.18,9085.662
2025-04-10,ORD004798,CUST04200,P015,Dining Table,Furniture,Mumbai,Online,Debit Card,1,21795.88,0.1,21795.88,19616.29,0,3636.67,2025,4,April,Thursday,21795.88,19616.292
2025-04-10,ORD032051,CUST04860,P011,Mixer Grinder,Home,Bengaluru,Online,Credit Card,4,4519.66,0.1,18078.64,16270.78,0,1224.97,2025,4,April,Thursday,18078.64,16270.776
2025-04-10,ORD020002,CUST04479,P011,Mixer Grinder,Home,Pune,Online,Credit Card,2,5229.58,0.1,10459.16,9413.24,0,1873.44,2025,4,April,Thursday,10459.16,9413.244
2025-04-10,ORD039412,CUST04638,P010,Coffee Maker,Home,Mumbai,Store,Net Banking,2,5166.62,0.0,10333.24,10333.24,0,1242.31,2025,4,April,Thursday,10333.24,10333.24
2025-04-10,ORD028846,CUST00042,P020,Microwave,Home,Surat,Online,UPI,1,10672.16,0.1,10672.16,9604.94,0,1719.25,2025,4,April,Thursday,10672.16,9604.944
2025-04-10,ORD011119,CUST02614,P014,Keyboard,Electronics,Delhi,Online,Credit Card,1,2304.09,0.0,2304.09,2304.09,0,342.23,2025,4,April,Thursday,2304.09,2304.09
2025-04-10,ORD018337,CUST03067,P006,Desk,Furniture,Hyderabad,Online,Credit Card,1,11086.94,0.1,11086.94,9978.25,0,840.59,2025,4,April,Thursday,11086.94,9978.246000000001
2025-04-10,ORD046990,CUST00609,P003,Headphones,Electronics,Pune,Store,UPI,4,4659.09,0.15,18636.36,15840.91,0,1734.76,2025,4,April,Thursday,18636.36,15840.906
2025-04-10,ORD001686,CUST03671,P005,Office Chair,Furniture,Kolkata,Store,UPI,5,9847.79,0.0,49238.95,49238.95,1,-2461.95,2025,4,April,Thursday,49238.950000000004,49238.95
2025-04-10,ORD021877,CUST04583,P007,Backpack,Accessories,Chennai,Online,Cash,1,2140.78,0.05,2140.78,2033.74,0,580.98,2025,4,April,Thursday,2140.78,2033.741
2025-04-10,ORD044132,CUST02375,P018,Jacket,Fashion,Pune,Store,Debit Card,1,4736.38,0.1,4736.38,4262.74,0,331.01,2025,4,April,Thursday,4736.38,4262.742
2025-04-10,ORD048745,CUST01236,P004,Smartwatch,Electronics,Jaipur,Online,Credit Card,1,6972.14,0.1,6972.14,6274.93,0,1407.36,2025,4,April,Thursday,6972.14,6274.926
2025-04-10,ORD044648,CUST03870,P015,Dining Table,Furniture,Pune,Online,Credit Card,2,22805.29,0.05,45610.58,43330.05,0,7243.39,2025,4,April,Thursday,45610.58,43330.051
2025-04-10,ORD044655,CUST03703,P007,Backpack,Accessories,Hyderabad,Store,Debit Card,1,1980.6,0.2,1980.6,1584.48,1,-79.22,2025,4,April,Thursday,1980.6,1584.48
2025-04-10,ORD035251,CUST04055,P005,Office Chair,Furniture,Delhi,Online,UPI,1,10412.29,0.05,10412.29,9891.68,1,-494.58,2025,4,April,Thursday,10412.29,9891.675500000001
2025-04-10,ORD045042,CUST01564,P015,Dining Table,Furniture,Kolkata,Online,UPI,1,22731.9,0.1,22731.9,20458.71,1,-1022.94,2025,4,April,Thursday,22731.9,20458.710000000003
2025-04-10,ORD037692,CUST02156,P016,Sofa,Furniture,Chennai,Online,Credit Card,1,31601.27,0.15,31601.27,26861.08,0,5499.12,2025,4,April,Thursday,31601.27,26861.0795
2025-04-10,ORD036809,CUST04347,P010,Coffee Maker,Home,Chennai,Store,Credit Card,1,6039.49,0.1,6039.49,5435.54,0,889.84,2025,4,April,Thursday,6039.49,5435.541
2025-04-10,ORD036467,CUST00598,P002,Smartphone,Electronics,Chennai,Store,Credit Card,2,25275.39,0.0,50550.78,50550.78,0,8925.92,2025,4,April,Thursday,50550.78,50550.78
2025-04-10,ORD019328,CUST03153,P016,Sofa,Furniture,Bengaluru,Store,Credit Card,1,31688.62,0.0,31688.62,31688.62,0,2715.34,2025,4,April,Thursday,31688.62,31688.62
2025-04-10,ORD049518,CUST01083,P019,Vacuum Cleaner,Home,Surat,Store,Credit Card,1,8373.83,0.1,8373.83,7536.45,0,1088.52,2025,4,April,Thursday,8373.83,7536.447
2025-04-10,ORD007813,CUST04460,P002,Smartphone,Electronics,Hyderabad,Store,Credit Card,1,28394.62,0.2,28394.62,22715.7,0,5273.56,2025,4,April,Thursday,28394.62,22715.696
2025-04-10,ORD045486,CUST00424,P016,Sofa,Furniture,Bengaluru,Online,Credit Card,1,31560.02,0.1,31560.02,28404.02,0,6824.24,2025,4,April,Thursday,31560.02,28404.018
2025-04-10,ORD019319,CUST03859,P005,Office Chair,Furniture,Delhi,Online,Net Banking,1,8716.57,0.1,8716.57,7844.91,0,1235.89,2025,4,April,Thursday,8716.57,7844.913
2025-04-10,ORD012866,CUST03705,P009,T-Shirt,Fashion,Surat,Online,UPI,4,1092.9,0.25,4371.6,3278.7,0,782.22,2025,4,April,Thursday,4371.6,3278.7000000000003
2025-04-10,ORD025901,CUST01644,P014,Keyboard,Electronics,Chennai,Online,Credit Card,2,2496.2,0.15,4992.4,4243.54,0,1115.35,2025,4,April,Thursday,4992.4,4243.54
2025-04-10,ORD005627,CUST00225,P011,Mixer Grinder,Home,Bengaluru,Online,Credit Card,1,5267.3,0.15,5267.3,4477.2,0,934.26,2025,4,April,Thursday,5267.3,4477.205
2025-04-10,ORD037044,CUST02013,P016,Sofa,Furniture,Ahmedabad,Online,Credit Card,3,36521.11,0.15,109563.33,93128.83,0,9649.62,2025,4,April,Thursday,109563.33,93128.8305
2025-04-10,ORD016352,CUST03486,P017,Jeans,Fashion,Ahmedabad,Online,Debit Card,1,3006.66,0.15,3006.66,2555.66,0,554.4,2025,4,April,Thursday,3006.66,2555.6609999999996
2025-04-10,ORD026941,CUST04219,P014,Keyboard,Electronics,Kolkata,Online,Cash,2,2707.52,0.05,5415.04,5144.29,0,1326.94,2025,4,April,Thursday,5415.04,5144.288
2025-04-10,ORD000619,CUST04866,P015,Dining Table,Furniture,Hyderabad,Store,UPI,5,21881.16,0.2,109405.8,87524.64,0,7170.61,2025,4,April,Thursday,109405.8,87524.64000000001
2025-04-10,ORD000443,CUST03160,P013,Monitor,Electronics,Mumbai,Store,UPI,1,16781.25,0.1,16781.25,15103.12,0,2745.2,2025,4,April,Thursday,16781.25,15103.125
2025-04-10,ORD017187,CUST04748,P019,Vacuum Cleaner,Home,Kolkata,Online,Cash,2,8721.17,0.05,17442.34,16570.22,0,2504.63,2025,4,April,Thursday,17442.34,16570.222999999998
2025-04-10,ORD045304,CUST03691,P012,Air Fryer,Home,Delhi,Store,UPI,3,7291.96,0.1,21875.88,19688.29,0,3610.27,2025,4,April,Thursday,21875.88,19688.292
2025-04-10,ORD004077,CUST01665,P004,Smartwatch,Electronics,Ahmedabad,Store,Credit Card,2,7368.71,0.05,14737.42,14000.55,0,3462.69,2025,4,April,Thursday,14737.42,14000.548999999999
2025-04-10,ORD034842,CUST00091,P012,Air Fryer,Home,Delhi,Store,Net Banking,1,7306.49,0.15,7306.49,6210.52,0,1616.76,2025,4,April,Thursday,7306.49,6210.5165
2025-04-10,ORD003092,CUST02359,P001,Laptop,Electronics,Chennai,Online,Net Banking,2,59627.36,0.05,119254.72,113291.98,0,30118.45,2025,4,April,Thursday,119254.72,113291.984
2025-04-10,ORD011459,CUST03036,P005,Office Chair,Furniture,Jaipur,Store,Net Banking,1,9547.75,0.1,9547.75,8592.98,0,1766.76,2025,4,April,Thursday,9547.75,8592.975
2025-04-10,ORD013544,CUST04828,P005,Office Chair,Furniture,Delhi,Store,UPI,1,9858.46,0.0,9858.46,9858.46,0,2219.72,2025,4,April,Thursday,9858.46,9858.46
2025-04-10,ORD047809,CUST00128,P011,Mixer Grinder,Home,Pune,Store,UPI,5,4854.31,0.1,24271.55,21844.4,0,4195.71,2025,4,April,Thursday,24271.550000000003,21844.395
2025-04-10,ORD021956,CUST00119,P003,Headphones,Electronics,Bengaluru,Online,Debit Card,2,4069.37,0.15,8138.74,6917.93,0,1727.33,2025,4,April,Thursday,8138.74,6917.929
2025-04-10,ORD011859,CUST04575,P008,Running Shoes,Fashion,Ahmedabad,Online,UPI,2,4521.86,0.1,9043.72,8139.35,0,1021.53,2025,4,April,Thursday,9043.72,8139.348
2025-04-10,ORD024732,CUST04961,P011,Mixer Grinder,Home,Chennai,Store,UPI,3,4674.96,0.0,14024.88,14024.88,0,1130.3,2025,4,April,Thursday,14024.880000000001,14024.88
2025-04-10,ORD013815,CUST03785,P013,Monitor,Electronics,Kolkata,Store,Credit Card,2,17847.35,0.0,35694.7,35694.7,0,8332.42,2025,4,April,Thursday,35694.7,35694.7
2025-04-10,ORD010197,CUST00765,P011,Mixer Grinder,Home,Bengaluru,Online,Debit Card,2,4453.52,0.05,8907.04,8461.69,0,898.79,2025,4,April,Thursday,8907.04,8461.688
2025-04-11,ORD026796,CUST03476,P002,Smartphone,Electronics,Kolkata,Store,Credit Card,2,27087.09,0.05,54174.18,51465.47,0,13820.78,2025,4,April,Friday,54174.18,51465.471
2025-04-11,ORD040444,CUST04481,P008,Running Shoes,Fashion,Hyderabad,Store,Credit Card,3,4564.61,0.05,13693.83,13009.14,0,2699.09,2025,4,April,Friday,13693.829999999998,13009.1385
2025-04-11,ORD031981,CUST04448,P005,Office Chair,Furniture,Pune,Store,UPI,1,8625.81,0.2,8625.81,6900.65,0,1693.54,2025,4,April,Friday,8625.81,6900.648
2025-04-11,ORD018873,CUST00445,P019,Vacuum Cleaner,Home,Chennai,Online,UPI,1,9081.96,0.0,9081.96,9081.96,0,1428.11,2025,4,April,Friday,9081.96,9081.96
2025-04-11,ORD039686,CUST01083,P001,Laptop,Electronics,Hyderabad,Online,Credit Card,1,60662.65,0.0,60662.65,60662.65,0,6996.37,2025,4,April,Friday,60662.65,60662.65
2025-04-11,ORD018560,CUST01715,P008,Running Shoes,Fashion,Pune,Store,Debit Card,1,4363.96,0.1,4363.96,3927.56,0,574.58,2025,4,April,Friday,4363.96,3927.5640000000003
2025-04-11,ORD049474,CUST02596,P011,Mixer Grinder,Home,Kolkata,Online,Credit Card,1,5187.68,0.0,5187.68,5187.68,0,988.26,2025,4,April,Friday,5187.68,5187.68
2025-04-11,ORD016194,CUST01447,P010,Coffee Maker,Home,Mumbai,Online,UPI,1,5028.81,0.1,5028.81,4525.93,0,705.81,2025,4,April,Friday,5028.81,4525.929
2025-04-11,ORD040532,CUST01800,P019,Vacuum Cleaner,Home,Chennai,Store,UPI,1,8519.99,0.25,8519.99,6389.99,0,694.63,2025,4,April,Friday,8519.99,6389.9925
2025-04-11,ORD012372,CUST02587,P017,Jeans,Fashion,Ahmedabad,Online,Credit Card,1,2653.06,0.05,2653.06,2520.41,0,286.4,2025,4,April,Friday,2653.06,2520.4069999999997
2025-04-11,ORD042631,CUST04301,P007,Backpack,Accessories,Hyderabad,Store,UPI,1,2163.85,0.0,2163.85,2163.85,0,552.71,2025,4,April,Friday,2163.85,2163.85
2025-04-11,ORD028394,CUST03612,P013,Monitor,Electronics,Jaipur,Store,Debit Card,1,19405.83,0.0,19405.83,19405.83,0,4640.34,2025,4,April,Friday,19405.83,19405.83
2025-04-11,ORD026878,CUST02725,P003,Headphones,Electronics,Bengaluru,Store,Cash,4,4674.08,0.15,18696.32,15891.87,0,2013.26,2025,4,April,Friday,18696.32,15891.872
2025-04-11,ORD001160,CUST05000,P015,Dining Table,Furniture,Surat,Online,UPI,4,23313.38,0.1,93253.52,83928.17,1,-4196.41,2025,4,April,Friday,93253.52,83928.168
2025-04-11,ORD024801,CUST02302,P007,Backpack,Accessories,Hyderabad,Store,UPI,1,2075.19,0.1,2075.19,1867.67,0,434.97,2025,4,April,Friday,2075.19,1867.671
2025-04-11,ORD015404,CUST04684,P005,Office Chair,Furniture,Bengaluru,Online,UPI,4,10023.45,0.1,40093.8,36084.42,0,7892.53,2025,4,April,Friday,40093.8,36084.420000000006
2025-04-11,ORD018486,CUST04213,P002,Smartphone,Electronics,Delhi,Online,Cash,2,30645.45,0.15,61290.9,52097.26,0,8658.88,2025,4,April,Friday,61290.9,52097.265
2025-04-11,ORD010142,CUST04979,P005,Office Chair,Furniture,Ahmedabad,Online,Debit Card,2,8751.71,0.15,17503.42,14877.91,0,3254.52,2025,4,April,Friday,17503.42,14877.906999999997
2025-04-11,ORD033279,CUST03346,P007,Backpack,Accessories,Delhi,Online,Debit Card,5,2188.9,0.1,10944.5,9850.05,0,1156.02,2025,4,April,Friday,10944.5,9850.050000000001
2025-04-11,ORD017588,CUST03650,P016,Sofa,Furniture,Bengaluru,Online,Credit Card,4,35554.03,0.2,142216.12,113772.9,0,26949.46,2025,4,April,Friday,142216.12,113772.89600000001
2025-04-11,ORD011500,CUST03575,P018,Jacket,Fashion,Hyderabad,Store,Credit Card,1,4969.33,0.15,4969.33,4223.93,0,541.71,2025,4,April,Friday,4969.33,4223.9304999999995
2025-04-11,ORD001976,CUST04958,P006,Desk,Furniture,Hyderabad,Online,UPI,2,10976.11,0.05,21952.22,20854.61,0,4119.18,2025,4,April,Friday,21952.22,20854.609
2025-04-11,ORD000858,CUST03332,P020,Microwave,Home,Hyderabad,Online,UPI,5,11839.68,0.25,59198.4,44398.8,0,8038.24,2025,4,April,Friday,59198.4,44398.8
2025-04-11,ORD013729,CUST02332,P006,Desk,Furniture,Mumbai,Store,Credit Card,1,12802.11,0.1,12802.11,11521.9,0,1667.43,2025,4,April,Friday,12802.11,11521.899000000001
2025-04-11,ORD006182,CUST01372,P008,Running Shoes,Fashion,Chennai,Online,Credit Card,1,4171.44,0.05,4171.44,3962.87,0,364.89,2025,4,April,Friday,4171.44,3962.8679999999995
2025-04-11,ORD006293,CUST02513,P017,Jeans,Fashion,Delhi,Store,Credit Card,1,3068.91,0.1,3068.91,2762.02,0,417.32,2025,4,April,Friday,3068.91,2762.019
2025-04-11,ORD023157,CUST04049,P015,Dining Table,Furniture,Ahmedabad,Store,UPI,1,23058.05,0.1,23058.05,20752.24,0,4372.37,2025,4,April,Friday,23058.05,20752.245
2025-04-11,ORD015695,CUST02579,P005,Office Chair,Furniture,Pune,Store,Debit Card,1,8969.94,0.15,8969.94,7624.45,1,-381.22,2025,4,April,Friday,8969.94,7624.4490000000005
2025-04-11,ORD002134,CUST03918,P015,Dining Table,Furniture,Pune,Online,Credit Card,1,20764.02,0.1,20764.02,18687.62,1,-934.38,2025,4,April,Friday,20764.02,18687.618000000002
2025-04-11,ORD006340,CUST02054,P004,Smartwatch,Electronics,Hyderabad,Online,Credit Card,5,6741.5,0.15,33707.5,28651.38,0,3151.78,2025,4,April,Friday,33707.5,28651.375
2025-04-11,ORD010976,CUST03801,P014,Keyboard,Electronics,Pune,Online,UPI,1,2531.23,0.1,2531.23,2278.11,0,357.03,2025,4,April,Friday,2531.23,2278.107
2025-04-11,ORD033693,CUST00121,P002,Smartphone,Electronics,Jaipur,Store,Credit Card,1,27090.88,0.1,27090.88,24381.79,0,6324.06,2025,4,April,Friday,27090.88,24381.792
2025-04-11,ORD046030,CUST04899,P011,Mixer Grinder,Home,Ahmedabad,Store,Debit Card,5,5048.15,0.1,25240.75,22716.68,1,-1135.83,2025,4,April,Friday,25240.75,22716.675
2025-04-11,ORD030499,CUST03514,P011,Mixer Grinder,Home,Chennai,Store,UPI,2,4893.54,0.0,9787.08,9787.08,0,2049.0,2025,4,April,Friday,9787.08,9787.08
2025-04-11,ORD046093,CUST00252,P007,Backpack,Accessories,Jaipur,Store,Credit Card,1,1994.21,0.25,1994.21,1495.66,0,294.95,2025,4,April,Friday,1994.21,1495.6575
2025-04-11,ORD025640,CUST01959,P020,Microwave,Home,Ahmedabad,Online,UPI,2,11354.84,0.2,22709.68,18167.74,0,1624.95,2025,4,April,Friday,22709.68,18167.744000000002
2025-04-11,ORD023683,CUST03043,P003,Headphones,Electronics,Hyderabad,Online,Credit Card,2,4351.91,0.15,8703.82,7398.25,1,-369.91,2025,4,April,Friday,8703.82,7398.246999999999
2025-04-11,ORD046192,CUST00744,P004,Smartwatch,Electronics,Bengaluru,Store,UPI,2,7334.05,0.0,14668.1,14668.1,0,3236.59,2025,4,April,Friday,14668.1,14668.1
2025-04-11,ORD033834,CUST01903,P005,Office Chair,Furniture,Pune,Online,Credit Card,1,9788.14,0.05,9788.14,9298.73,0,1120.36,2025,4,April,Friday,9788.14,9298.732999999998
2025-04-11,ORD016861,CUST04408,P018,Jacket,Fashion,Jaipur,Online,Credit Card,1,4890.6,0.0,4890.6,4890.6,0,767.43,2025,4,April,Friday,4890.6,4890.6
2025-04-11,ORD023763,CUST02222,P007,Backpack,Accessories,Bengaluru,Store,UPI,2,2245.29,0.15,4490.58,3816.99,0,503.14,2025,4,April,Friday,4490.58,3816.993
2025-04-11,ORD034936,CUST00388,P016,Sofa,Furniture,Mumbai,Online,Net Banking,1,35705.14,0.1,35705.14,32134.63,1,-1606.73,2025,4,April,Friday,35705.14,32134.626
2025-04-11,ORD014303,CUST03261,P009,T-Shirt,Fashion,Delhi,Store,UPI,1,1094.67,0.1,1094.67,985.2,0,68.31,2025,4,April,Friday,1094.67,985.2030000000001
2025-04-11,ORD026115,CUST01124,P020,Microwave,Home,Chennai,Online,Net Banking,1,10931.29,0.15,10931.29,9291.6,0,783.23,2025,4,April,Friday,10931.29,9291.5965
2025-04-11,ORD017713,CUST03685,P018,Jacket,Fashion,Chennai,Store,UPI,4,4782.13,0.0,19128.52,19128.52,0,2961.52,2025,4,April,Friday,19128.52,19128.52
2025-04-11,ORD038973,CUST00537,P016,Sofa,Furniture,Delhi,Store,Net Banking,1,33487.81,0.05,33487.81,31813.42,0,4180.6,2025,4,April,Friday,33487.81,31813.419499999996
2025-04-11,ORD032544,CUST00218,P020,Microwave,Home,Kolkata,Online,Net Banking,2,10085.77,0.0,20171.54,20171.54,0,2274.57,2025,4,April,Friday,20171.54,20171.54
2025-04-11,ORD028692,CUST02421,P018,Jacket,Fashion,Bengaluru,Store,UPI,4,5483.96,0.15,21935.84,18645.46,0,2929.51,2025,4,April,Friday,21935.84,18645.464
2025-04-11,ORD024516,CUST02890,P003,Headphones,Electronics,Bengaluru,Online,UPI,1,4424.96,0.05,4424.96,4203.71,0,432.56,2025,4,April,Friday,4424.96,4203.7119999999995
2025-04-11,ORD046993,CUST04310,P007,Backpack,Accessories,Mumbai,Store,UPI,5,1994.29,0.0,9971.45,9971.45,0,2642.36,2025,4,April,Friday,9971.45,9971.45
2025-04-11,ORD028806,CUST02061,P016,Sofa,Furniture,Jaipur,Store,UPI,1,32893.61,0.1,32893.61,29604.25,0,2053.07,2025,4,April,Friday,32893.61,29604.249
2025-04-11,ORD012105,CUST00431,P006,Desk,Furniture,Jaipur,Online,Debit Card,2,10827.22,0.15,21654.44,18406.27,0,2716.69,2025,4,April,Friday,21654.44,18406.273999999998
2025-04-11,ORD043947,CUST01748,P005,Office Chair,Furniture,Ahmedabad,Store,Debit Card,1,10002.15,0.1,10002.15,9001.94,0,2135.29,2025,4,April,Friday,10002.15,9001.935
2025-04-11,ORD043957,CUST03175,P015,Dining Table,Furniture,Chennai,Online,Debit Card,1,20815.34,0.15,20815.34,17693.04,1,-884.65,2025,4,April,Friday,20815.34,17693.039
2025-04-11,ORD009933,CUST02866,P003,Headphones,Electronics,Pune,Store,UPI,1,4402.68,0.1,4402.68,3962.41,0,241.33,2025,4,April,Friday,4402.68,3962.4120000000003
2025-04-11,ORD005133,CUST01588,P008,Running Shoes,Fashion,Delhi,Online,Net Banking,1,4531.59,0.0,4531.59,4531.59,0,812.8,2025,4,April,Friday,4531.59,4531.59
2025-04-11,ORD044935,CUST00237,P014,Keyboard,Electronics,Kolkata,Store,Credit Card,2,2367.17,0.0,4734.34,4734.34,0,529.8,2025,4,April,Friday,4734.34,4734.34
2025-04-11,ORD018109,CUST03616,P010,Coffee Maker,Home,Delhi,Store,UPI,1,5888.39,0.15,5888.39,5005.13,0,1138.29,2025,4,April,Friday,5888.39,5005.1315
2025-04-11,ORD037800,CUST02977,P003,Headphones,Electronics,Ahmedabad,Store,Cash,2,4756.55,0.0,9513.1,9513.1,0,1352.76,2025,4,April,Friday,9513.1,9513.1
2025-04-11,ORD026437,CUST03469,P002,Smartphone,Electronics,Pune,Online,UPI,2,30600.94,0.0,61201.88,61201.88,1,-3060.09,2025,4,April,Friday,61201.88,61201.88
2025-04-11,ORD031188,CUST02332,P019,Vacuum Cleaner,Home,Jaipur,Store,Credit Card,1,8316.55,0.05,8316.55,7900.72,0,2057.52,2025,4,April,Friday,8316.55,7900.722499999999
2025-04-11,ORD044368,CUST00319,P007,Backpack,Accessories,Bengaluru,Online,Debit Card,1,2112.18,0.1,2112.18,1900.96,0,437.7,2025,4,April,Friday,2112.18,1900.962
2025-04-11,ORD019839,CUST02886,P017,Jeans,Fashion,Kolkata,Online,UPI,4,2526.02,0.1,10104.08,9093.67,0,765.54,2025,4,April,Friday,10104.08,9093.672
2025-04-11,ORD031128,CUST01038,P019,Vacuum Cleaner,Home,Kolkata,Online,Cash,1,8840.83,0.05,8840.83,8398.79,0,1785.41,2025,4,April,Friday,8840.83,8398.788499999999
2025-04-11,ORD011810,CUST02817,P013,Monitor,Electronics,Delhi,Online,Credit Card,1,16763.14,0.2,16763.14,13410.51,0,2790.63,2025,4,April,Friday,16763.14,13410.512
2025-04-11,ORD036858,CUST02244,P006,Desk,Furniture,Surat,Store,UPI,2,12981.41,0.1,25962.82,23366.54,0,4805.92,2025,4,April,Friday,25962.82,23366.538
2025-04-11,ORD033149,CUST02977,P008,Running Shoes,Fashion,Pune,Store,Credit Card,1,4133.39,0.0,4133.39,4133.39,0,593.38,2025,4,April,Friday,4133.39,4133.39
2025-04-11,ORD002186,CUST02701,P013,Monitor,Electronics,Surat,Store,UPI,1,18244.98,0.2,18244.98,14595.98,0,3173.76,2025,4,April,Friday,18244.98,14595.984
2025-04-11,ORD001394,CUST03571,P019,Vacuum Cleaner,Home,Bengaluru,Store,UPI,3,8405.14,0.05,25215.42,23954.65,0,6064.06,2025,4,April,Friday,25215.42,23954.648999999998
2025-04-11,ORD000420,CUST02830,P013,Monitor,Electronics,Mumbai,Store,Net Banking,1,19689.56,0.1,19689.56,17720.6,0,1305.09,2025,4,April,Friday,19689.56,17720.604000000003
2025-04-11,ORD000097,CUST01763,P015,Dining Table,Furniture,Pune,Online,Credit Card,4,21928.52,0.0,87714.08,87714.08,0,17434.53,2025,4,April,Friday,87714.08,87714.08
2025-04-11,ORD031717,CUST01699,P019,Vacuum Cleaner,Home,Kolkata,Store,Net Banking,2,9050.87,0.15,18101.74,15386.48,0,4030.67,2025,4,April,Friday,18101.74,15386.479000000001
2025-04-11,ORD007678,CUST01760,P015,Dining Table,Furniture,Chennai,Store,UPI,3,23414.16,0.2,70242.48,56193.98,0,7579.5,2025,4,April,Friday,70242.48,56193.984
2025-04-11,ORD025016,CUST04515,P012,Air Fryer,Home,Chennai,Store,Cash,1,7317.53,0.1,7317.53,6585.78,0,1590.58,2025,4,April,Friday,7317.53,6585.777
2025-04-11,ORD019629,CUST02796,P006,Desk,Furniture,Delhi,Store,Credit Card,1,10965.59,0.15,10965.59,9320.75,0,706.51,2025,4,April,Friday,10965.59,9320.7515
2025-04-11,ORD027399,CUST02720,P008,Running Shoes,Fashion,Hyderabad,Online,Debit Card,1,4485.63,0.1,4485.63,4037.07,0,781.56,2025,4,April,Friday,4485.63,4037.067
2025-04-11,ORD031911,CUST03415,P001,Laptop,Electronics,Pune,Store,UPI,1,64176.58,0.0,64176.58,64176.58,0,13293.21,2025,4,April,Friday,64176.58,64176.58
2025-04-11,ORD041700,CUST04777,P004,Smartwatch,Electronics,Chennai,Online,UPI,1,6536.1,0.1,6536.1,5882.49,0,1368.53,2025,4,April,Friday,6536.1,5882.490000000001
2025-04-11,ORD027310,CUST00785,P010,Coffee Maker,Home,Mumbai,Online,Cash,1,5687.76,0.0,5687.76,5687.76,0,877.61,2025,4,April,Friday,5687.76,5687.76
2025-04-11,ORD047490,CUST02409,P016,Sofa,Furniture,Surat,Online,UPI,2,36267.13,0.0,72534.26,72534.26,0,16034.66,2025,4,April,Friday,72534.26,72534.26
2025-04-11,ORD041872,CUST00151,P012,Air Fryer,Home,Ahmedabad,Online,UPI,2,7391.73,0.2,14783.46,11826.77,0,1365.29,2025,4,April,Friday,14783.46,11826.768
2025-04-11,ORD041739,CUST01624,P018,Jacket,Fashion,Jaipur,Online,Cash,1,4851.95,0.0,4851.95,4851.95,0,747.16,2025,4,April,Friday,4851.95,4851.95
2025-04-11,ORD049990,CUST02323,P001,Laptop,Electronics,Pune,Online,UPI,4,70921.02,0.15,283684.08,241131.47,0,50281.52,2025,4,April,Friday,283684.08,241131.468
2025-04-11,ORD041236,CUST04392,P007,Backpack,Accessories,Surat,Store,Credit Card,1,2163.02,0.1,2163.02,1946.72,0,223.22,2025,4,April,Friday,2163.02,1946.718
2025-04-11,ORD027250,CUST04180,P012,Air Fryer,Home,Surat,Store,UPI,1,7129.48,0.25,7129.48,5347.11,0,964.69,2025,4,April,Friday,7129.48,5347.11
2025-04-11,ORD041391,CUST01491,P018,Jacket,Fashion,Mumbai,Store,Credit Card,1,5337.06,0.1,5337.06,4803.35,1,-240.17,2025,4,April,Friday,5337.06,4803.354
2025-04-12,ORD018308,CUST00459,P013,Monitor,Electronics,Ahmedabad,Online,UPI,1,18338.54,0.05,18338.54,17421.61,0,1366.33,2025,4,April,Saturday,18338.54,17421.613
2025-04-12,ORD047215,CUST02618,P013,Monitor,Electronics,Chennai,Store,UPI,1,17514.05,0.25,17514.05,13135.54,0,3050.1,2025,4,April,Saturday,17514.05,13135.537499999999
2025-04-12,ORD010987,CUST03131,P009,T-Shirt,Fashion,Mumbai,Online,Net Banking,1,1246.23,0.05,1246.23,1183.92,0,154.84,2025,4,April,Saturday,1246.23,1183.9185
2025-04-12,ORD037302,CUST00276,P018,Jacket,Fashion,Delhi,Store,Debit Card,1,4833.0,0.0,4833.0,4833.0,0,684.22,2025,4,April,Saturday,4833.0,4833.0
2025-04-12,ORD048199,CUST04572,P011,Mixer Grinder,Home,Mumbai,Online,UPI,4,4429.53,0.15,17718.12,15060.4,0,1224.69,2025,4,April,Saturday,17718.12,15060.401999999998
2025-04-12,ORD012138,CUST02676,P017,Jeans,Fashion,Delhi,Store,Cash,2,2808.95,0.05,5617.9,5337.0,0,477.15,2025,4,April,Saturday,5617.9,5337.004999999999
2025-04-12,ORD009885,CUST01997,P018,Jacket,Fashion,Jaipur,Store,Debit Card,1,5708.78,0.0,5708.78,5708.78,0,521.09,2025,4,April,Saturday,5708.78,5708.78
2025-04-12,ORD010295,CUST04415,P004,Smartwatch,Electronics,Chennai,Store,Credit Card,1,7345.68,0.1,7345.68,6611.11,0,1635.36,2025,4,April,Saturday,7345.68,6611.112
2025-04-12,ORD014103,CUST01812,P020,Microwave,Home,Ahmedabad,Online,UPI,1,11378.26,0.15,11378.26,9671.52,0,1165.73,2025,4,April,Saturday,11378.26,9671.521
2025-04-12,ORD002917,CUST03101,P001,Laptop,Electronics,Bengaluru,Online,Cash,1,64907.58,0.0,64907.58,64907.58,1,-3245.38,2025,4,April,Saturday,64907.58,64907.58
2025-04-12,ORD005635,CUST00292,P019,Vacuum Cleaner,Home,Kolkata,Store,Credit Card,1,8653.24,0.0,8653.24,8653.24,0,2373.46,2025,4,April,Saturday,8653.24,8653.24
2025-04-12,ORD048525,CUST01801,P020,Microwave,Home,Hyderabad,Store,Credit Card,2,10916.57,0.2,21833.14,17466.51,0,3978.66,2025,4,April,Saturday,21833.14,17466.512
2025-04-12,ORD018359,CUST04549,P001,Laptop,Electronics,Ahmedabad,Online,Cash,1,70691.43,0.0,70691.43,70691.43,0,9662.37,2025,4,April,Saturday,70691.43,70691.43
2025-04-12,ORD048009,CUST04566,P004,Smartwatch,Electronics,Chennai,Online,UPI,1,7198.07,0.05,7198.07,6838.17,0,1528.43,2025,4,April,Saturday,7198.07,6838.166499999999
2025-04-12,ORD026838,CUST02314,P009,T-Shirt,Fashion,Surat,Store,Credit Card,2,1227.0,0.15,2454.0,2085.9,0,390.22,2025,4,April,Saturday,2454.0,2085.9
2025-04-12,ORD036731,CUST01286,P002,Smartphone,Electronics,Jaipur,Online,Credit Card,1,29201.2,0.15,29201.2,24821.02,0,3986.59,2025,4,April,Saturday,29201.2,24821.02
2025-04-12,ORD024623,CUST01073,P011,Mixer Grinder,Home,Mumbai,Store,UPI,1,4659.3,0.25,4659.3,3494.48,0,740.24,2025,4,April,Saturday,4659.3,3494.4750000000004
2025-04-12,ORD000302,CUST04521,P017,Jeans,Fashion,Ahmedabad,Online,UPI,1,3068.22,0.1,3068.22,2761.4,0,281.0,2025,4,April,Saturday,3068.22,2761.3979999999997
2025-04-12,ORD023263,CUST04060,P012,Air Fryer,Home,Hyderabad,Online,Credit Card,1,7000.16,0.15,7000.16,5950.14,0,340.4,2025,4,April,Saturday,7000.16,5950.1359999999995
2025-04-12,ORD017194,CUST04231,P007,Backpack,Accessories,Jaipur,Online,UPI,1,2175.4,0.2,2175.4,1740.32,0,215.51,2025,4,April,Saturday,2175.4,1740.3200000000002
2025-04-12,ORD013219,CUST02007,P001,Laptop,Electronics,Chennai,Online,Net Banking,2,67537.54,0.1,135075.08,121567.57,0,10752.99,2025,4,April,Saturday,135075.08,121567.57199999999
2025-04-12,ORD048762,CUST00973,P010,Coffee Maker,Home,Hyderabad,Online,Debit Card,5,5796.7,0.25,28983.5,21737.62,1,-1086.88,2025,4,April,Saturday,28983.5,21737.625
2025-04-12,ORD033221,CUST04050,P011,Mixer Grinder,Home,Chennai,Online,Cash,1,4478.77,0.05,4478.77,4254.83,0,493.9,2025,4,April,Saturday,4478.77,4254.8315
2025-04-12,ORD042519,CUST03837,P002,Smartphone,Electronics,Hyderabad,Online,UPI,4,26536.07,0.2,106144.28,84915.42,0,3899.71,2025,4,April,Saturday,106144.28,84915.424
2025-04-12,ORD046051,CUST02363,P006,Desk,Furniture,Hyderabad,Online,UPI,2,11245.17,0.1,22490.34,20241.31,0,3238.16,2025,4,April,Saturday,22490.34,20241.306
2025-04-12,ORD033045,CUST04379,P006,Desk,Furniture,Surat,Online,Debit Card,1,12699.53,0.2,12699.53,10159.62,0,800.33,2025,4,April,Saturday,12699.53,10159.624000000002
2025-04-12,ORD044999,CUST00348,P014,Keyboard,Electronics,Chennai,Store,UPI,2,2639.91,0.1,5279.82,4751.84,0,990.48,2025,4,April,Saturday,5279.82,4751.838
2025-04-12,ORD009021,CUST02432,P019,Vacuum Cleaner,Home,Pune,Online,Net Banking,1,9404.99,0.2,9404.99,7523.99,0,816.32,2025,4,April,Saturday,9404.99,7523.992
2025-04-12,ORD009019,CUST02240,P020,Microwave,Home,Surat,Online,Debit Card,3,10669.33,0.05,32007.99,30407.59,0,4252.15,2025,4,April,Saturday,32007.989999999998,30407.5905
2025-04-12,ORD020667,CUST03348,P013,Monitor,Electronics,Pune,Online,UPI,2,16472.81,0.05,32945.62,31298.34,0,4880.15,2025,4,April,Saturday,32945.62,31298.339
2025-04-12,ORD023384,CUST03382,P019,Vacuum Cleaner,Home,Chennai,Online,UPI,1,8505.35,0.1,8505.35,7654.82,0,1278.04,2025,4,April,Saturday,8505.35,7654.8150000000005
2025-04-12,ORD040963,CUST04443,P009,T-Shirt,Fashion,Jaipur,Online,UPI,2,1170.43,0.15,2340.86,1989.73,0,273.59,2025,4,April,Saturday,2340.86,1989.731
2025-04-12,ORD039882,CUST01903,P010,Coffee Maker,Home,Ahmedabad,Store,Debit Card,1,5319.38,0.15,5319.38,4521.47,0,511.82,2025,4,April,Saturday,5319.38,4521.473
2025-04-12,ORD005171,CUST00234,P017,Jeans,Fashion,Pune,Store,Credit Card,5,2676.99,0.15,13384.95,11377.21,0,2941.91,2025,4,April,Saturday,13384.949999999999,11377.2075
2025-04-12,ORD020241,CUST00915,P019,Vacuum Cleaner,Home,Pune,Online,Debit Card,1,8897.06,0.05,8897.06,8452.21,0,1719.28,2025,4,April,Saturday,8897.06,8452.206999999999
2025-04-12,ORD005219,CUST03754,P014,Keyboard,Electronics,Delhi,Store,UPI,1,2492.15,0.0,2492.15,2492.15,0,730.95,2025,4,April,Saturday,2492.15,2492.15
2025-04-12,ORD008884,CUST04559,P012,Air Fryer,Home,Surat,Online,Net Banking,1,7262.93,0.15,7262.93,6173.49,1,-308.67,2025,4,April,Saturday,7262.93,6173.4905
2025-04-12,ORD026410,CUST04094,P001,Laptop,Electronics,Pune,Store,Debit Card,1,65524.77,0.05,65524.77,62248.53,0,4865.1,2025,4,April,Saturday,65524.77,62248.5315
2025-04-12,ORD005250,CUST02438,P020,Microwave,Home,Bengaluru,Online,Debit Card,1,11667.55,0.1,11667.55,10500.8,0,2924.61,2025,4,April,Saturday,11667.55,10500.795
2025-04-12,ORD009982,CUST03726,P018,Jacket,Fashion,Surat,Store,UPI,1,5175.52,0.2,5175.52,4140.42,0,438.38,2025,4,April,Saturday,5175.52,4140.416
2025-04-12,ORD035668,CUST03300,P019,Vacuum Cleaner,Home,Bengaluru,Store,Credit Card,1,8587.79,0.1,8587.79,7729.01,0,1084.57,2025,4,April,Saturday,8587.79,7729.011000000001
2025-04-12,ORD025949,CUST04309,P017,Jeans,Fashion,Surat,Online,Cash,1,3037.8,0.0,3037.8,3037.8,0,860.12,2025,4,April,Saturday,3037.8,3037.8
2025-04-12,ORD040083,CUST01678,P012,Air Fryer,Home,Bengaluru,Store,Credit Card,2,7753.39,0.1,15506.78,13956.1,0,1464.09,2025,4,April,Saturday,15506.78,13956.102
2025-04-12,ORD007095,CUST02091,P004,Smartwatch,Electronics,Bengaluru,Online,UPI,2,7035.21,0.25,14070.42,10552.82,0,690.04,2025,4,April,Saturday,14070.42,10552.815
2025-04-12,ORD020419,CUST02395,P007,Backpack,Accessories,Hyderabad,Store,Debit Card,1,2028.77,0.15,2028.77,1724.45,0,194.79,2025,4,April,Saturday,2028.77,1724.4545
2025-04-12,ORD034306,CUST03084,P011,Mixer Grinder,Home,Kolkata,Store,Credit Card,2,5144.93,0.1,10289.86,9260.87,1,-463.04,2025,4,April,Saturday,10289.86,9260.874000000002
2025-04-12,ORD010804,CUST02107,P015,Dining Table,Furniture,Pune,Store,Credit Card,1,23774.78,0.15,23774.78,20208.56,0,1791.56,2025,4,April,Saturday,23774.78,20208.563
2025-04-12,ORD008795,CUST03652,P013,Monitor,Electronics,Hyderabad,Store,Net Banking,2,16461.94,0.1,32923.88,29631.49,0,2003.42,2025,4,April,Saturday,32923.88,29631.492
2025-04-12,ORD000595,CUST01439,P005,Office Chair,Furniture,Delhi,Online,Debit Card,1,8609.55,0.05,8609.55,8179.07,0,1692.3,2025,4,April,Saturday,8609.55,8179.072499999999
2025-04-12,ORD012814,CUST03006,P009,T-Shirt,Fashion,Kolkata,Online,UPI,5,1252.41,0.15,6262.05,5322.74,0,631.8,2025,4,April,Saturday,6262.05,5322.7425
2025-04-12,ORD011359,CUST01873,P016,Sofa,Furniture,Kolkata,Store,UPI,3,33234.82,0.05,99704.46,94719.24,0,26939.84,2025,4,April,Saturday,99704.45999999999,94719.23700000001
2025-04-12,ORD004191,CUST03891,P017,Jeans,Fashion,Surat,Online,UPI,1,2544.29,0.05,2544.29,2417.08,0,236.35,2025,4,April,Saturday,2544.29,2417.0755
2025-04-12,ORD046238,CUST00627,P004,Smartwatch,Electronics,Hyderabad,Online,UPI,1,6425.23,0.25,6425.23,4818.92,0,777.27,2025,4,April,Saturday,6425.23,4818.9225
2025-04-13,ORD009334,CUST01481,P011,Mixer Grinder,Home,Bengaluru,Online,Credit Card,1,5033.44,0.15,5033.44,4278.42,0,232.23,2025,4,April,Sunday,5033.44,4278.424
2025-04-13,ORD048678,CUST02601,P001,Laptop,Electronics,Kolkata,Store,UPI,4,58655.71,0.05,234622.84,222891.7,0,33274.15,2025,4,April,Sunday,234622.84,222891.69799999997
2025-04-13,ORD018590,CUST03489,P020,Microwave,Home,Ahmedabad,Online,UPI,2,10123.06,0.05,20246.12,19233.81,0,3764.16,2025,4,April,Sunday,20246.12,19233.814
2025-04-13,ORD022380,CUST00500,P003,Headphones,Electronics,Delhi,Online,UPI,1,4601.88,0.25,4601.88,3451.41,0,796.15,2025,4,April,Sunday,4601.88,3451.41
2025-04-13,ORD032355,CUST02009,P014,Keyboard,Electronics,Chennai,Store,UPI,1,2344.38,0.15,2344.38,1992.72,0,448.03,2025,4,April,Sunday,2344.38,1992.723
2025-04-13,ORD041899,CUST03709,P009,T-Shirt,Fashion,Kolkata,Online,Debit Card,1,1247.56,0.15,1247.56,1060.43,0,285.67,2025,4,April,Sunday,1247.56,1060.426
2025-04-13,ORD012666,CUST03245,P012,Air Fryer,Home,Chennai,Store,UPI,2,7170.92,0.05,14341.84,13624.75,0,3476.36,2025,4,April,Sunday,14341.84,13624.748
2025-04-13,ORD007135,CUST01549,P008,Running Shoes,Fashion,Pune,Online,UPI,2,4354.33,0.2,8708.66,6966.93,0,1033.63,2025,4,April,Sunday,8708.66,6966.928
2025-04-13,ORD008521,CUST02769,P014,Keyboard,Electronics,Chennai,Online,UPI,1,2704.67,0.05,2704.67,2569.44,0,461.15,2025,4,April,Sunday,2704.67,2569.4365
2025-04-13,ORD041760,CUST00370,P008,Running Shoes,Fashion,Hyderabad,Online,Credit Card,2,4106.37,0.05,8212.74,7802.1,0,1790.31,2025,4,April,Sunday,8212.74,7802.102999999999
2025-04-13,ORD036476,CUST03781,P003,Headphones,Electronics,Surat,Store,Cash,1,4373.96,0.1,4373.96,3936.56,0,477.5,2025,4,April,Sunday,4373.96,3936.5640000000003
2025-04-13,ORD029884,CUST00730,P004,Smartwatch,Electronics,Chennai,Online,Net Banking,1,6718.61,0.05,6718.61,6382.68,0,1595.91,2025,4,April,Sunday,6718.61,6382.679499999999
2025-04-13,ORD005676,CUST02130,P001,Laptop,Electronics,Mumbai,Online,UPI,2,61723.54,0.05,123447.08,117274.73,0,32955.2,2025,4,April,Sunday,123447.08,117274.726
2025-04-13,ORD023719,CUST04354,P012,Air Fryer,Home,Delhi,Online,Cash,1,6913.16,0.2,6913.16,5530.53,0,651.83,2025,4,April,Sunday,6913.16,5530.528
2025-04-13,ORD025116,CUST02546,P005,Office Chair,Furniture,Surat,Online,UPI,1,9336.53,0.25,9336.53,7002.4,0,1275.78,2025,4,April,Sunday,9336.53,7002.397500000001
2025-04-13,ORD015114,CUST03903,P003,Headphones,Electronics,Ahmedabad,Store,Credit Card,2,4570.46,0.05,9140.92,8683.87,0,1308.66,2025,4,April,Sunday,9140.92,8683.874
2025-04-13,ORD041240,CUST03945,P010,Coffee Maker,Home,Chennai,Store,UPI,1,5321.37,0.05,5321.37,5055.3,0,1457.34,2025,4,April,Sunday,5321.37,5055.3015
2025-04-13,ORD022593,CUST02469,P009,T-Shirt,Fashion,Bengaluru,Online,Credit Card,1,1196.79,0.1,1196.79,1077.11,0,280.24,2025,4,April,Sunday,1196.79,1077.111
2025-04-13,ORD014256,CUST00046,P001,Laptop,Electronics,Surat,Store,UPI,2,70446.98,0.0,140893.96,140893.96,0,27922.38,2025,4,April,Sunday,140893.96,140893.96
2025-04-13,ORD002112,CUST04995,P004,Smartwatch,Electronics,Surat,Online,Debit Card,1,6506.55,0.15,6506.55,5530.57,0,793.09,2025,4,April,Sunday,6506.55,5530.5675
2025-04-13,ORD025402,CUST03188,P004,Smartwatch,Electronics,Delhi,Online,UPI,1,6784.86,0.0,6784.86,6784.86,0,688.04,2025,4,April,Sunday,6784.86,6784.86
2025-04-13,ORD048489,CUST00409,P017,Jeans,Fashion,Ahmedabad,Store,Cash,1,2848.13,0.1,2848.13,2563.32,0,594.97,2025,4,April,Sunday,2848.13,2563.317
2025-04-13,ORD017480,CUST00078,P003,Headphones,Electronics,Mumbai,Online,Net Banking,1,4490.8,0.2,4490.8,3592.64,0,918.54,2025,4,April,Sunday,4490.8,3592.6400000000003
2025-04-13,ORD001420,CUST03123,P007,Backpack,Accessories,Jaipur,Online,Debit Card,2,2224.02,0.1,4448.04,4003.24,0,777.88,2025,4,April,Sunday,4448.04,4003.236
2025-04-13,ORD039986,CUST03241,P013,Monitor,Electronics,Jaipur,Online,UPI,1,18968.43,0.1,18968.43,17071.59,0,1716.18,2025,4,April,Sunday,18968.43,17071.587
2025-04-13,ORD010340,CUST00496,P006,Desk,Furniture,Bengaluru,Online,Credit Card,1,11078.7,0.15,11078.7,9416.9,0,1558.35,2025,4,April,Sunday,11078.7,9416.895
2025-04-13,ORD020148,CUST01609,P006,Desk,Furniture,Hyderabad,Store,Debit Card,1,11632.97,0.1,11632.97,10469.67,0,1299.47,2025,4,April,Sunday,11632.97,10469.672999999999
2025-04-13,ORD048588,CUST03341,P003,Headphones,Electronics,Mumbai,Online,UPI,2,4422.02,0.05,8844.04,8401.84,0,945.36,2025,4,April,Sunday,8844.04,8401.838
2025-04-13,ORD022443,CUST02545,P010,Coffee Maker,Home,Ahmedabad,Online,UPI,1,5238.0,0.0,5238.0,5238.0,0,1226.63,2025,4,April,Sunday,5238.0,5238.0
2025-04-13,ORD036432,CUST01118,P015,Dining Table,Furniture,Chennai,Online,Net Banking,5,23548.1,0.2,117740.5,94192.4,0,14211.22,2025,4,April,Sunday,117740.5,94192.40000000001
2025-04-13,ORD045673,CUST00889,P009,T-Shirt,Fashion,Bengaluru,Store,Debit Card,1,1203.37,0.0,1203.37,1203.37,0,259.67,2025,4,April,Sunday,1203.37,1203.37
2025-04-13,ORD042884,CUST04738,P006,Desk,Furniture,Bengaluru,Store,Debit Card,2,11118.45,0.15,22236.9,18901.37,0,3510.13,2025,4,April,Sunday,22236.9,18901.365
2025-04-13,ORD043138,CUST03961,P014,Keyboard,Electronics,Chennai,Store,Net Banking,1,2665.01,0.1,2665.01,2398.51,0,551.72,2025,4,April,Sunday,2665.01,2398.5090000000005
2025-04-13,ORD014461,CUST02746,P014,Keyboard,Electronics,Delhi,Store,UPI,1,2508.92,0.1,2508.92,2258.03,0,411.38,2025,4,April,Sunday,2508.92,2258.0280000000002
2025-04-13,ORD030130,CUST04367,P019,Vacuum Cleaner,Home,Pune,Store,UPI,1,9848.04,0.0,9848.04,9848.04,0,1862.39,2025,4,April,Sunday,9848.04,9848.04
2025-04-13,ORD030295,CUST04016,P004,Smartwatch,Electronics,Delhi,Store,Credit Card,1,7187.79,0.1,7187.79,6469.01,0,1078.68,2025,4,April,Sunday,7187.79,6469.011
2025-04-13,ORD028718,CUST03655,P006,Desk,Furniture,Kolkata,Store,Debit Card,3,13122.45,0.1,39367.35,35430.62,0,5370.06,2025,4,April,Sunday,39367.350000000006,35430.615
2025-04-13,ORD033662,CUST03056,P019,Vacuum Cleaner,Home,Surat,Online,Credit Card,1,8794.1,0.0,8794.1,8794.1,0,1603.15,2025,4,April,Sunday,8794.1,8794.1
2025-04-13,ORD027378,CUST03797,P018,Jacket,Fashion,Delhi,Online,Credit Card,1,4984.65,0.05,4984.65,4735.42,0,1205.87,2025,4,April,Sunday,4984.65,4735.4175
2025-04-13,ORD008101,CUST00952,P013,Monitor,Electronics,Hyderabad,Online,Debit Card,1,18141.85,0.05,18141.85,17234.76,0,3828.56,2025,4,April,Sunday,18141.85,17234.757499999996
2025-04-13,ORD001320,CUST01306,P012,Air Fryer,Home,Pune,Online,UPI,1,7751.25,0.1,7751.25,6976.12,0,1708.31,2025,4,April,Sunday,7751.25,6976.125
2025-04-13,ORD025268,CUST03846,P003,Headphones,Electronics,Pune,Store,Credit Card,3,4100.41,0.15,12301.23,10456.05,0,982.92,2025,4,April,Sunday,12301.23,10456.0455
2025-04-13,ORD014423,CUST02443,P007,Backpack,Accessories,Jaipur,Online,Credit Card,1,2162.55,0.1,2162.55,1946.3,0,435.23,2025,4,April,Sunday,2162.55,1946.2950000000003
2025-04-13,ORD024301,CUST04709,P006,Desk,Furniture,Ahmedabad,Online,UPI,1,12967.26,0.1,12967.26,11670.53,0,1954.57,2025,4,April,Sunday,12967.26,11670.534
2025-04-13,ORD021128,CUST00903,P010,Coffee Maker,Home,Surat,Online,Credit Card,2,5800.13,0.0,11600.26,11600.26,0,3312.32,2025,4,April,Sunday,11600.26,11600.26
2025-04-13,ORD033727,CUST03523,P013,Monitor,Electronics,Hyderabad,Store,Credit Card,1,19199.38,0.1,19199.38,17279.44,0,2693.51,2025,4,April,Sunday,19199.38,17279.442000000003
2025-04-13,ORD005299,CUST04308,P019,Vacuum Cleaner,Home,Surat,Online,Credit Card,2,8908.72,0.25,17817.44,13363.08,0,3045.28,2025,4,April,Sunday,17817.44,13363.079999999998
2025-04-13,ORD006205,CUST01405,P002,Smartphone,Electronics,Hyderabad,Online,Credit Card,5,29622.9,0.05,148114.5,140708.78,0,21971.11,2025,4,April,Sunday,148114.5,140708.775
2025-04-13,ORD041508,CUST00313,P013,Monitor,Electronics,Pune,Store,Credit Card,2,18231.59,0.1,36463.18,32816.86,0,5911.79,2025,4,April,Sunday,36463.18,32816.862
2025-04-13,ORD038098,CUST04619,P020,Microwave,Home,Ahmedabad,Online,Credit Card,1,10811.36,0.2,10811.36,8649.09,1,-432.45,2025,4,April,Sunday,10811.36,8649.088000000002
2025-04-13,ORD002364,CUST02468,P009,T-Shirt,Fashion,Surat,Online,UPI,1,1130.45,0.1,1130.45,1017.41,0,170.27,2025,4,April,Sunday,1130.45,1017.4050000000001
2025-04-13,ORD006217,CUST01620,P020,Microwave,Home,Kolkata,Online,UPI,5,11070.3,0.1,55351.5,49816.35,0,10020.24,2025,4,April,Sunday,55351.5,49816.35
2025-04-13,ORD016310,CUST02097,P012,Air Fryer,Home,Surat,Online,UPI,1,6818.85,0.05,6818.85,6477.91,0,1728.75,2025,4,April,Sunday,6818.85,6477.9075
2025-04-13,ORD021436,CUST01716,P011,Mixer Grinder,Home,Surat,Store,Debit Card,1,4797.27,0.05,4797.27,4557.41,0,968.9,2025,4,April,Sunday,4797.27,4557.4065
2025-04-13,ORD048858,CUST04311,P012,Air Fryer,Home,Pune,Store,Credit Card,2,6728.57,0.1,13457.14,12111.43,0,2232.12,2025,4,April,Sunday,13457.14,12111.426
2025-04-13,ORD001374,CUST04393,P019,Vacuum Cleaner,Home,Delhi,Online,Credit Card,1,9387.35,0.0,9387.35,9387.35,0,2645.15,2025,4,April,Sunday,9387.35,9387.35
2025-04-13,ORD010841,CUST00261,P016,Sofa,Furniture,Hyderabad,Online,Net Banking,2,35141.2,0.05,70282.4,66768.28,0,11316.75,2025,4,April,Sunday,70282.4,66768.27999999998
2025-04-13,ORD049719,CUST02501,P007,Backpack,Accessories,Bengaluru,Online,Credit Card,3,2338.34,0.15,7015.02,5962.77,0,1540.78,2025,4,April,Sunday,7015.02,5962.767
2025-04-13,ORD048780,CUST01258,P015,Dining Table,Furniture,Jaipur,Store,UPI,1,21716.13,0.15,21716.13,18458.71,0,1108.59,2025,4,April,Sunday,21716.13,18458.7105
2025-04-13,ORD005132,CUST00326,P003,Headphones,Electronics,Pune,Store,UPI,1,4932.73,0.2,4932.73,3946.18,0,831.93,2025,4,April,Sunday,4932.73,3946.1839999999997
2025-04-13,ORD048231,CUST00236,P007,Backpack,Accessories,Jaipur,Store,Credit Card,1,2271.92,0.05,2271.92,2158.32,0,463.06,2025,4,April,Sunday,2271.92,2158.324
2025-04-13,ORD005235,CUST02093,P011,Mixer Grinder,Home,Jaipur,Online,Debit Card,1,4498.36,0.25,4498.36,3373.77,0,193.13,2025,4,April,Sunday,4498.36,3373.7699999999995
2025-04-13,ORD015161,CUST03380,P010,Coffee Maker,Home,Ahmedabad,Online,Credit Card,2,5872.74,0.1,11745.48,10570.93,0,2708.37,2025,4,April,Sunday,11745.48,10570.932
2025-04-13,ORD048239,CUST03418,P010,Coffee Maker,Home,Pune,Store,Credit Card,1,5837.55,0.0,5837.55,5837.55,0,910.44,2025,4,April,Sunday,5837.55,5837.55
2025-04-13,ORD045447,CUST02783,P015,Dining Table,Furniture,Bengaluru,Store,UPI,1,21149.35,0.05,21149.35,20091.88,0,4071.39,2025,4,April,Sunday,21149.35,20091.882499999996
2025-04-13,ORD011257,CUST01361,P018,Jacket,Fashion,Pune,Online,UPI,1,5297.08,0.15,5297.08,4502.52,0,988.64,2025,4,April,Sunday,5297.08,4502.518
2025-04-13,ORD041497,CUST01350,P013,Monitor,Electronics,Surat,Store,Debit Card,1,17165.33,0.15,17165.33,14590.53,0,3727.22,2025,4,April,Sunday,17165.33,14590.5305
2025-04-13,ORD031074,CUST02383,P015,Dining Table,Furniture,Jaipur,Store,Credit Card,3,20202.74,0.05,60608.22,57577.81,0,13816.45,2025,4,April,Sunday,60608.22,57577.809
2025-04-14,ORD028032,CUST04638,P004,Smartwatch,Electronics,Kolkata,Store,Credit Card,1,6525.16,0.1,6525.16,5872.64,0,1445.86,2025,4,April,Monday,6525.16,5872.644
2025-04-14,ORD040341,CUST03265,P019,Vacuum Cleaner,Home,Chennai,Online,Credit Card,2,8355.35,0.05,16710.7,15875.16,0,3840.02,2025,4,April,Monday,16710.7,15875.164999999999
2025-04-14,ORD034662,CUST04611,P003,Headphones,Electronics,Surat,Online,Credit Card,1,4576.47,0.0,4576.47,4576.47,0,866.29,2025,4,April,Monday,4576.47,4576.47
2025-04-14,ORD001855,CUST03421,P005,Office Chair,Furniture,Jaipur,Online,Net Banking,1,9485.64,0.0,9485.64,9485.64,0,1305.17,2025,4,April,Monday,9485.64,9485.64
2025-04-14,ORD015368,CUST00098,P007,Backpack,Accessories,Ahmedabad,Online,Credit Card,3,2037.77,0.2,6113.31,4890.65,0,1112.53,2025,4,April,Monday,6113.3099999999995,4890.648
2025-04-14,ORD038175,CUST01649,P011,Mixer Grinder,Home,Mumbai,Online,UPI,1,5009.86,0.1,5009.86,4508.87,0,333.34,2025,4,April,Monday,5009.86,4508.874
2025-04-14,ORD022781,CUST02881,P014,Keyboard,Electronics,Mumbai,Store,UPI,1,2632.87,0.1,2632.87,2369.58,1,-118.48,2025,4,April,Monday,2632.87,2369.583
2025-04-14,ORD001721,CUST01447,P018,Jacket,Fashion,Ahmedabad,Online,UPI,1,5011.4,0.1,5011.4,4510.26,0,951.5,2025,4,April,Monday,5011.4,4510.26
2025-04-14,ORD049906,CUST03960,P014,Keyboard,Electronics,Ahmedabad,Online,Net Banking,2,2625.84,0.0,5251.68,5251.68,0,1002.87,2025,4,April,Monday,5251.68,5251.68
2025-04-14,ORD016559,CUST03690,P009,T-Shirt,Fashion,Chennai,Store,Debit Card,1,1106.42,0.15,1106.42,940.46,0,209.41,2025,4,April,Monday,1106.42,940.457
2025-04-14,ORD000789,CUST00661,P013,Monitor,Electronics,Bengaluru,Online,Net Banking,2,19051.88,0.1,38103.76,34293.38,0,6997.59,2025,4,April,Monday,38103.76,34293.384000000005
2025-04-14,ORD028039,CUST02153,P011,Mixer Grinder,Home,Mumbai,Store,UPI,2,4644.81,0.15,9289.62,7896.18,0,525.46,2025,4,April,Monday,9289.62,7896.177000000001
2025-04-14,ORD041475,CUST04032,P002,Smartphone,Electronics,Bengaluru,Store,Debit Card,1,27133.44,0.1,27133.44,24420.1,0,5537.6,2025,4,April,Monday,27133.44,24420.095999999998
2025-04-14,ORD021829,CUST03381,P001,Laptop,Electronics,Jaipur,Online,Credit Card,2,61864.81,0.2,123729.62,98983.7,0,22931.3,2025,4,April,Monday,123729.62,98983.696
2025-04-14,ORD025413,CUST03877,P018,Jacket,Fashion,Chennai,Store,UPI,1,4829.54,0.15,4829.54,4105.11,0,576.08,2025,4,April,Monday,4829.54,4105.1089999999995
2025-04-14,ORD044130,CUST03168,P007,Backpack,Accessories,Bengaluru,Store,UPI,1,2162.8,0.2,2162.8,1730.24,0,268.99,2025,4,April,Monday,2162.8,1730.2400000000002
2025-04-14,ORD010829,CUST02635,P001,Laptop,Electronics,Kolkata,Store,UPI,1,58812.04,0.1,58812.04,52930.84,0,6887.37,2025,4,April,Monday,58812.04,52930.836
2025-04-14,ORD042898,CUST02371,P020,Microwave,Home,Ahmedabad,Online,Credit Card,1,11113.26,0.2,11113.26,8890.61,0,1773.3,2025,4,April,Monday,11113.26,8890.608
2025-04-14,ORD024384,CUST03290,P016,Sofa,Furniture,Kolkata,Online,Debit Card,2,33824.92,0.05,67649.84,64267.35,0,8395.99,2025,4,April,Monday,67649.84,64267.34799999999
2025-04-14,ORD026999,CUST01767,P001,Laptop,Electronics,Hyderabad,Store,Credit Card,1,70855.74,0.0,70855.74,70855.74,0,16491.55,2025,4,April,Monday,70855.74,70855.74
2025-04-14,ORD027278,CUST03401,P010,Coffee Maker,Home,Bengaluru,Store,UPI,2,5816.25,0.15,11632.5,9887.62,0,2488.13,2025,4,April,Monday,11632.5,9887.625
2025-04-14,ORD046184,CUST03474,P012,Air Fryer,Home,Mumbai,Store,UPI,3,7266.04,0.05,21798.12,20708.21,0,5779.17,2025,4,April,Monday,21798.12,20708.213999999996
2025-04-14,ORD041308,CUST03455,P001,Laptop,Electronics,Pune,Online,Credit Card,3,65434.1,0.1,196302.3,176672.07,1,-8833.6,2025,4,April,Monday,196302.3,176672.07
2025-04-14,ORD026174,CUST00774,P001,Laptop,Electronics,Kolkata,Store,UPI,1,65743.53,0.1,65743.53,59169.18,0,6202.59,2025,4,April,Monday,65743.53,59169.177
2025-04-14,ORD027617,CUST01413,P014,Keyboard,Electronics,Kolkata,Online,Cash,1,2621.08,0.15,2621.08,2227.92,0,512.82,2025,4,April,Monday,2621.08,2227.9179999999997
2025-04-14,ORD004540,CUST02955,P010,Coffee Maker,Home,Surat,Online,UPI,1,5316.01,0.2,5316.01,4252.81,0,1058.01,2025,4,April,Monday,5316.01,4252.808
2025-04-14,ORD004546,CUST03143,P001,Laptop,Electronics,Bengaluru,Store,Credit Card,1,63028.19,0.05,63028.19,59876.78,0,7748.97,2025,4,April,Monday,63028.19,59876.7805
2025-04-14,ORD000613,CUST04842,P012,Air Fryer,Home,Mumbai,Store,Net Banking,1,7492.72,0.0,7492.72,7492.72,0,2116.01,2025,4,April,Monday,7492.72,7492.72
2025-04-14,ORD029643,CUST00103,P009,T-Shirt,Fashion,Delhi,Store,UPI,1,1084.84,0.25,1084.84,813.63,0,88.0,2025,4,April,Monday,1084.84,813.6299999999999
2025-04-14,ORD031424,CUST02232,P012,Air Fryer,Home,Jaipur,Online,UPI,1,7433.84,0.2,7433.84,5947.07,0,971.14,2025,4,April,Monday,7433.84,5947.072
2025-04-14,ORD015202,CUST00930,P020,Microwave,Home,Ahmedabad,Store,UPI,1,11295.35,0.0,11295.35,11295.35,0,2876.38,2025,4,April,Monday,11295.35,11295.35
2025-04-14,ORD039070,CUST03677,P018,Jacket,Fashion,Bengaluru,Store,UPI,2,5064.6,0.15,10129.2,8609.82,0,1408.51,2025,4,April,Monday,10129.2,8609.82
2025-04-14,ORD005577,CUST01450,P017,Jeans,Fashion,Mumbai,Store,Credit Card,3,2842.69,0.05,8528.07,8101.67,0,1699.89,2025,4,April,Monday,8528.07,8101.666499999999
2025-04-14,ORD038953,CUST00250,P015,Dining Table,Furniture,Jaipur,Online,UPI,1,21288.2,0.0,21288.2,21288.2,0,3159.5,2025,4,April,Monday,21288.2,21288.2
2025-04-14,ORD049206,CUST02825,P007,Backpack,Accessories,Chennai,Online,Credit Card,3,1981.82,0.0,5945.46,5945.46,0,1425.11,2025,4,April,Monday,5945.46,5945.46
2025-04-14,ORD037000,CUST04992,P003,Headphones,Electronics,Bengaluru,Store,Credit Card,1,4391.14,0.05,4391.14,4171.58,0,434.41,2025,4,April,Monday,4391.14,4171.5830000000005
2025-04-14,ORD015112,CUST04911,P020,Microwave,Home,Delhi,Online,Credit Card,2,10318.29,0.15,20636.58,17541.09,0,4267.97,2025,4,April,Monday,20636.58,17541.093
2025-04-14,ORD002872,CUST02815,P002,Smartphone,Electronics,Delhi,Online,Credit Card,3,26508.16,0.0,79524.48,79524.48,1,-3976.22,2025,4,April,Monday,79524.48,79524.48
2025-04-14,ORD036336,CUST00261,P001,Laptop,Electronics,Mumbai,Online,UPI,1,59194.59,0.0,59194.59,59194.59,0,12165.53,2025,4,April,Monday,59194.59,59194.59
2025-04-14,ORD047011,CUST00003,P014,Keyboard,Electronics,Pune,Store,UPI,1,2483.07,0.05,2483.07,2358.92,0,522.51,2025,4,April,Monday,2483.07,2358.9165000000003
2025-04-14,ORD013225,CUST03702,P018,Jacket,Fashion,Jaipur,Online,Net Banking,1,4744.91,0.1,4744.91,4270.42,0,648.5,2025,4,April,Monday,4744.91,4270.419
2025-04-14,ORD008719,CUST01568,P005,Office Chair,Furniture,Mumbai,Store,UPI,1,9776.45,0.05,9776.45,9287.63,0,1701.75,2025,4,April,Monday,9776.45,9287.6275
2025-04-14,ORD018704,CUST04143,P012,Air Fryer,Home,Delhi,Store,UPI,1,7709.46,0.05,7709.46,7323.99,0,1868.86,2025,4,April,Monday,7709.46,7323.987
2025-04-14,ORD043098,CUST00812,P010,Coffee Maker,Home,Chennai,Store,Debit Card,1,5504.54,0.0,5504.54,5504.54,0,1427.86,2025,4,April,Monday,5504.54,5504.54
2025-04-14,ORD008351,CUST03427,P011,Mixer Grinder,Home,Jaipur,Store,Credit Card,1,5114.22,0.2,5114.22,4091.38,0,738.58,2025,4,April,Monday,5114.22,4091.376
2025-04-14,ORD020530,CUST00508,P012,Air Fryer,Home,Pune,Store,Net Banking,1,6626.37,0.1,6626.37,5963.73,0,609.88,2025,4,April,Monday,6626.37,5963.733
2025-04-14,ORD031459,CUST03565,P013,Monitor,Electronics,Delhi,Online,Debit Card,1,18094.11,0.25,18094.11,13570.58,0,3046.1,2025,4,April,Monday,18094.11,13570.5825
2025-04-14,ORD037349,CUST01469,P006,Desk,Furniture,Surat,Store,Credit Card,1,11208.08,0.1,11208.08,10087.27,0,2803.21,2025,4,April,Monday,11208.08,10087.272
2025-04-14,ORD002786,CUST04170,P014,Keyboard,Electronics,Chennai,Online,UPI,2,2669.31,0.0,5338.62,5338.62,0,465.06,2025,4,April,Monday,5338.62,5338.62
2025-04-14,ORD034677,CUST02792,P019,Vacuum Cleaner,Home,Delhi,Store,UPI,3,8406.2,0.05,25218.6,23957.67,0,4337.88,2025,4,April,Monday,25218.600000000002,23957.67
2025-04-14,ORD034170,CUST04926,P001,Laptop,Electronics,Surat,Online,Cash,1,69695.51,0.05,69695.51,66210.73,0,16183.11,2025,4,April,Monday,69695.51,66210.73449999999
2025-04-14,ORD029247,CUST01765,P016,Sofa,Furniture,Pune,Store,Cash,1,35158.03,0.05,35158.03,33400.13,0,8831.49,2025,4,April,Monday,35158.03,33400.1285
2025-04-14,ORD025735,CUST01256,P018,Jacket,Fashion,Bengaluru,Store,UPI,1,5592.17,0.1,5592.17,5032.95,0,426.95,2025,4,April,Monday,5592.17,5032.953
2025-04-14,ORD041485,CUST00218,P019,Vacuum Cleaner,Home,Ahmedabad,Online,Credit Card,1,9777.75,0.0,9777.75,9777.75,0,2270.55,2025,4,April,Monday,9777.75,9777.75
2025-04-14,ORD033968,CUST02948,P020,Microwave,Home,Hyderabad,Online,Cash,1,11464.51,0.1,11464.51,10318.06,0,1736.04,2025,4,April,Monday,11464.51,10318.059000000001
2025-04-14,ORD014816,CUST03733,P010,Coffee Maker,Home,Pune,Store,UPI,5,5451.34,0.25,27256.7,20442.53,1,-1022.13,2025,4,April,Monday,27256.7,20442.525
2025-04-14,ORD003161,CUST03115,P011,Mixer Grinder,Home,Surat,Online,Credit Card,1,5065.02,0.0,5065.02,5065.02,0,1065.36,2025,4,April,Monday,5065.02,5065.02
2025-04-14,ORD040694,CUST00027,P013,Monitor,Electronics,Jaipur,Store,Credit Card,1,16616.45,0.15,16616.45,14123.98,0,864.77,2025,4,April,Monday,16616.45,14123.9825
2025-04-14,ORD035547,CUST00489,P007,Backpack,Accessories,Ahmedabad,Online,Debit Card,1,2056.23,0.0,2056.23,2056.23,0,331.11,2025,4,April,Monday,2056.23,2056.23
2025-04-14,ORD027089,CUST00508,P009,T-Shirt,Fashion,Pune,Online,UPI,3,1290.27,0.1,3870.81,3483.73,0,282.5,2025,4,April,Monday,3870.81,3483.729
2025-04-14,ORD040497,CUST02674,P018,Jacket,Fashion,Ahmedabad,Online,UPI,1,4973.46,0.1,4973.46,4476.11,0,1226.41,2025,4,April,Monday,4973.46,4476.1140000000005
2025-04-14,ORD045515,CUST00249,P005,Office Chair,Furniture,Bengaluru,Store,UPI,3,10263.01,0.05,30789.03,29249.58,0,7904.04,2025,4,April,Monday,30789.03,29249.578499999996
2025-04-14,ORD045613,CUST02293,P016,Sofa,Furniture,Bengaluru,Store,UPI,1,35692.08,0.25,35692.08,26769.06,0,4722.37,2025,4,April,Monday,35692.08,26769.06
2025-04-14,ORD046300,CUST03070,P017,Jeans,Fashion,Bengaluru,Store,Credit Card,1,2935.51,0.0,2935.51,2935.51,0,761.84,2025,4,April,Monday,2935.51,2935.51
2025-04-14,ORD010595,CUST04821,P015,Dining Table,Furniture,Bengaluru,Online,Credit Card,1,21753.05,0.15,21753.05,18490.09,0,2063.9,2025,4,April,Monday,21753.05,18490.0925
2025-04-14,ORD032030,CUST00500,P016,Sofa,Furniture,Jaipur,Online,Debit Card,2,31600.09,0.0,63200.18,63200.18,0,17614.96,2025,4,April,Monday,63200.18,63200.18
2025-04-15,ORD045651,CUST00273,P017,Jeans,Fashion,Surat,Online,UPI,1,2644.35,0.15,2644.35,2247.7,0,457.29,2025,4,April,Tuesday,2644.35,2247.6974999999998
2025-04-15,ORD042858,CUST02945,P004,Smartwatch,Electronics,Mumbai,Store,Net Banking,2,6938.22,0.0,13876.44,13876.44,0,1330.22,2025,4,April,Tuesday,13876.44,13876.44
2025-04-15,ORD025449,CUST02201,P005,Office Chair,Furniture,Delhi,Online,Credit Card,1,9796.01,0.05,9796.01,9306.21,0,1344.81,2025,4,April,Tuesday,9796.01,9306.209499999999
2025-04-15,ORD005091,CUST01381,P010,Coffee Maker,Home,Delhi,Online,Cash,1,5947.17,0.0,5947.17,5947.17,0,1645.39,2025,4,April,Tuesday,5947.17,5947.17
2025-04-15,ORD008396,CUST02154,P001,Laptop,Electronics,Surat,Online,Credit Card,2,59926.09,0.05,119852.18,113859.57,0,32420.54,2025,4,April,Tuesday,119852.18,113859.57099999998
2025-04-15,ORD029415,CUST03317,P001,Laptop,Electronics,Delhi,Online,Debit Card,3,65348.48,0.1,196045.44,176440.9,0,47885.0,2025,4,April,Tuesday,196045.44,176440.896
2025-04-15,ORD037977,CUST04710,P003,Headphones,Electronics,Jaipur,Online,Credit Card,1,4878.38,0.1,4878.38,4390.54,0,277.84,2025,4,April,Tuesday,4878.38,4390.542
2025-04-15,ORD022166,CUST00258,P009,T-Shirt,Fashion,Jaipur,Store,Credit Card,1,1246.11,0.15,1246.11,1059.19,0,100.17,2025,4,April,Tuesday,1246.11,1059.1934999999999
2025-04-15,ORD018375,CUST04246,P009,T-Shirt,Fashion,Bengaluru,Store,Credit Card,2,1216.87,0.1,2433.74,2190.37,0,217.41,2025,4,April,Tuesday,2433.74,2190.366
2025-04-15,ORD045951,CUST01627,P013,Monitor,Electronics,Mumbai,Store,UPI,2,17777.8,0.1,35555.6,32000.04,0,6478.34,2025,4,April,Tuesday,35555.6,32000.04
2025-04-15,ORD002685,CUST04010,P015,Dining Table,Furniture,Surat,Store,UPI,1,20368.9,0.15,20368.9,17313.57,0,3527.9,2025,4,April,Tuesday,20368.9,17313.565000000002
2025-04-15,ORD038706,CUST00208,P017,Jeans,Fashion,Jaipur,Store,UPI,5,2665.07,0.0,13325.35,13325.35,0,3276.88,2025,4,April,Tuesday,13325.35,13325.35
2025-04-15,ORD019595,CUST02293,P010,Coffee Maker,Home,Pune,Online,UPI,1,5427.34,0.05,5427.34,5155.97,0,503.02,2025,4,April,Tuesday,5427.34,5155.973
2025-04-15,ORD016704,CUST03238,P020,Microwave,Home,Delhi,Online,Debit Card,1,11087.3,0.05,11087.3,10532.94,0,1462.96,2025,4,April,Tuesday,11087.3,10532.935
2025-04-15,ORD006976,CUST02735,P009,T-Shirt,Fashion,Chennai,Online,UPI,2,1177.7,0.05,2355.4,2237.63,0,214.8,2025,4,April,Tuesday,2355.4,2237.63
2025-04-15,ORD022393,CUST02704,P017,Jeans,Fashion,Kolkata,Store,UPI,5,2585.01,0.25,12925.05,9693.79,0,1941.0,2025,4,April,Tuesday,12925.050000000001,9693.787499999999
2025-04-15,ORD043993,CUST04985,P011,Mixer Grinder,Home,Surat,Online,UPI,2,4616.08,0.1,9232.16,8308.94,0,883.18,2025,4,April,Tuesday,9232.16,8308.944
2025-04-15,ORD003426,CUST04089,P007,Backpack,Accessories,Mumbai,Online,Credit Card,1,2044.78,0.15,2044.78,1738.06,0,301.53,2025,4,April,Tuesday,2044.78,1738.0629999999999
2025-04-15,ORD038221,CUST00616,P018,Jacket,Fashion,Kolkata,Store,UPI,2,5040.35,0.0,10080.7,10080.7,0,1506.21,2025,4,April,Tuesday,10080.7,10080.7
2025-04-15,ORD031728,CUST00277,P001,Laptop,Electronics,Surat,Online,Cash,2,59350.49,0.15,118700.98,100895.83,0,16654.23,2025,4,April,Tuesday,118700.98,100895.833
2025-04-15,ORD022638,CUST04036,P016,Sofa,Furniture,Hyderabad,Online,UPI,1,31879.62,0.1,31879.62,28691.66,0,4576.18,2025,4,April,Tuesday,31879.62,28691.658
2025-04-15,ORD046037,CUST04183,P005,Office Chair,Furniture,Kolkata,Store,Cash,1,9505.85,0.15,9505.85,8079.97,0,419.81,2025,4,April,Tuesday,9505.85,8079.9725
2025-04-15,ORD039961,CUST00342,P009,T-Shirt,Fashion,Pune,Online,UPI,5,1243.17,0.1,6215.85,5594.26,0,1192.16,2025,4,April,Tuesday,6215.85,5594.265
2025-04-15,ORD038774,CUST01093,P019,Vacuum Cleaner,Home,Mumbai,Online,Credit Card,1,9496.8,0.1,9496.8,8547.12,0,667.7,2025,4,April,Tuesday,9496.8,8547.119999999999
2025-04-15,ORD004721,CUST01666,P001,Laptop,Electronics,Pune,Online,Net Banking,1,69563.35,0.1,69563.35,62607.02,0,5096.75,2025,4,April,Tuesday,69563.35,62607.01500000001
2025-04-15,ORD028550,CUST02006,P008,Running Shoes,Fashion,Hyderabad,Online,UPI,1,4412.32,0.2,4412.32,3529.86,0,554.62,2025,4,April,Tuesday,4412.32,3529.8559999999998
2025-04-15,ORD042942,CUST02465,P009,T-Shirt,Fashion,Ahmedabad,Store,UPI,1,1116.95,0.15,1116.95,949.41,0,106.92,2025,4,April,Tuesday,1116.95,949.4075
2025-04-15,ORD022391,CUST03810,P009,T-Shirt,Fashion,Kolkata,Online,Credit Card,2,1164.03,0.05,2328.06,2211.66,0,203.89,2025,4,April,Tuesday,2328.06,2211.6569999999997
2025-04-15,ORD033801,CUST01093,P013,Monitor,Electronics,Mumbai,Online,Net Banking,1,18029.88,0.0,18029.88,18029.88,0,5189.91,2025,4,April,Tuesday,18029.88,18029.88
2025-04-15,ORD014033,CUST02499,P003,Headphones,Electronics,Delhi,Online,UPI,1,4779.97,0.15,4779.97,4062.97,0,1045.68,2025,4,April,Tuesday,4779.97,4062.9745000000003
2025-04-15,ORD016723,CUST01711,P016,Sofa,Furniture,Chennai,Online,Debit Card,2,36718.97,0.05,73437.94,69766.04,0,9833.45,2025,4,April,Tuesday,73437.94,69766.043
2025-04-15,ORD025034,CUST01177,P017,Jeans,Fashion,Delhi,Store,Net Banking,1,3050.39,0.15,3050.39,2592.83,1,-129.64,2025,4,April,Tuesday,3050.39,2592.8315
2025-04-15,ORD024473,CUST03989,P018,Jacket,Fashion,Surat,Store,Credit Card,1,4804.6,0.1,4804.6,4324.14,0,517.62,2025,4,April,Tuesday,4804.6,4324.14
2025-04-15,ORD016794,CUST01085,P018,Jacket,Fashion,Delhi,Online,Credit Card,2,5042.33,0.15,10084.66,8571.96,0,2135.1,2025,4,April,Tuesday,10084.66,8571.961
2025-04-15,ORD013445,CUST03942,P015,Dining Table,Furniture,Hyderabad,Store,Credit Card,1,21699.47,0.15,21699.47,18444.55,0,3179.15,2025,4,April,Tuesday,21699.47,18444.5495
2025-04-15,ORD010924,CUST04924,P016,Sofa,Furniture,Hyderabad,Online,Debit Card,1,35305.2,0.05,35305.2,33539.94,0,2823.16,2025,4,April,Tuesday,35305.2,33539.939999999995
2025-04-15,ORD012729,CUST02638,P014,Keyboard,Electronics,Surat,Online,Credit Card,2,2388.78,0.0,4777.56,4777.56,0,1165.31,2025,4,April,Tuesday,4777.56,4777.56
2025-04-15,ORD013675,CUST01114,P003,Headphones,Electronics,Jaipur,Store,Credit Card,2,4394.69,0.0,8789.38,8789.38,0,974.82,2025,4,April,Tuesday,8789.38,8789.38
2025-04-15,ORD009479,CUST02246,P002,Smartphone,Electronics,Ahmedabad,Online,Debit Card,2,26533.3,0.1,53066.6,47759.94,0,13237.3,2025,4,April,Tuesday,53066.6,47759.94
2025-04-15,ORD046515,CUST01534,P016,Sofa,Furniture,Delhi,Online,UPI,1,35699.41,0.25,35699.41,26774.56,0,5774.18,2025,4,April,Tuesday,35699.41,26774.557500000003
2025-04-15,ORD012448,CUST02556,P006,Desk,Furniture,Chennai,Online,UPI,2,10892.57,0.2,21785.14,17428.11,0,2089.85,2025,4,April,Tuesday,21785.14,17428.112
2025-04-15,ORD047371,CUST04417,P006,Desk,Furniture,Delhi,Online,Cash,2,11514.64,0.25,23029.28,17271.96,0,1196.32,2025,4,April,Tuesday,23029.28,17271.96
2025-04-15,ORD009816,CUST03031,P007,Backpack,Accessories,Delhi,Online,Debit Card,3,2003.05,0.0,6009.15,6009.15,0,1424.88,2025,4,April,Tuesday,6009.15,6009.15
2025-04-15,ORD005205,CUST03891,P014,Keyboard,Electronics,Mumbai,Online,UPI,1,2275.77,0.1,2275.77,2048.19,0,460.71,2025,4,April,Tuesday,2275.77,2048.193
2025-04-15,ORD000287,CUST03253,P004,Smartwatch,Electronics,Kolkata,Online,Net Banking,2,7216.51,0.15,14433.02,12268.07,0,2977.39,2025,4,April,Tuesday,14433.02,12268.067000000001
2025-04-15,ORD041492,CUST02740,P015,Dining Table,Furniture,Kolkata,Store,Credit Card,2,22299.16,0.0,44598.32,44598.32,0,4898.2,2025,4,April,Tuesday,44598.32,44598.32
2025-04-15,ORD048966,CUST03722,P013,Monitor,Electronics,Delhi,Online,Debit Card,1,18144.4,0.0,18144.4,18144.4,0,2274.97,2025,4,April,Tuesday,18144.4,18144.4
2025-04-15,ORD000548,CUST00988,P013,Monitor,Electronics,Bengaluru,Store,Credit Card,1,16688.38,0.05,16688.38,15853.96,0,2452.81,2025,4,April,Tuesday,16688.38,15853.961
2025-04-15,ORD044232,CUST02601,P020,Microwave,Home,Hyderabad,Online,Debit Card,1,10952.95,0.25,10952.95,8214.71,0,606.04,2025,4,April,Tuesday,10952.95,8214.712500000001
2025-04-15,ORD008516,CUST00267,P006,Desk,Furniture,Mumbai,Online,UPI,1,11624.53,0.2,11624.53,9299.62,1,-464.98,2025,4,April,Tuesday,11624.53,9299.624000000002
2025-04-15,ORD049960,CUST00553,P002,Smartphone,Electronics,Pune,Online,Credit Card,1,30045.07,0.0,30045.07,30045.07,0,3391.44,2025,4,April,Tuesday,30045.07,30045.07
2025-04-15,ORD024067,CUST01755,P002,Smartphone,Electronics,Surat,Online,Credit Card,3,26596.49,0.05,79789.47,75800.0,0,18153.74,2025,4,April,Tuesday,79789.47,75799.9965
2025-04-15,ORD000161,CUST04212,P003,Headphones,Electronics,Kolkata,Online,UPI,1,4390.63,0.0,4390.63,4390.63,0,1312.82,2025,4,April,Tuesday,4390.63,4390.63
2025-04-15,ORD027425,CUST01231,P012,Air Fryer,Home,Bengaluru,Online,Debit Card,2,7905.74,0.05,15811.48,15020.91,0,1909.41,2025,4,April,Tuesday,15811.48,15020.905999999999
2025-04-15,ORD048241,CUST03897,P002,Smartphone,Electronics,Ahmedabad,Store,Credit Card,2,27804.88,0.1,55609.76,50048.78,0,5803.16,2025,4,April,Tuesday,55609.76,50048.784
2025-04-15,ORD039155,CUST02653,P007,Backpack,Accessories,Pune,Online,Net Banking,1,2116.85,0.15,2116.85,1799.32,0,429.38,2025,4,April,Tuesday,2116.85,1799.3224999999998
2025-04-15,ORD022798,CUST00587,P008,Running Shoes,Fashion,Hyderabad,Online,UPI,3,4413.88,0.1,13241.64,11917.48,0,2416.26,2025,4,April,Tuesday,13241.64,11917.476
2025-04-15,ORD021678,CUST01935,P008,Running Shoes,Fashion,Bengaluru,Store,Credit Card,2,3861.69,0.05,7723.38,7337.21,0,1748.27,2025,4,April,Tuesday,7723.38,7337.210999999999
2025-04-15,ORD003299,CUST02324,P006,Desk,Furniture,Surat,Online,Debit Card,1,11184.02,0.1,11184.02,10065.62,0,1842.87,2025,4,April,Tuesday,11184.02,10065.618
2025-04-15,ORD034633,CUST01946,P018,Jacket,Fashion,Hyderabad,Online,Credit Card,1,4758.27,0.1,4758.27,4282.44,0,293.98,2025,4,April,Tuesday,4758.27,4282.443
2025-04-15,ORD015111,CUST03375,P003,Headphones,Electronics,Bengaluru,Store,Debit Card,5,4802.38,0.05,24011.9,22811.3,1,-1140.56,2025,4,April,Tuesday,24011.9,22811.305
2025-04-15,ORD044963,CUST04568,P020,Microwave,Home,Chennai,Store,UPI,2,11654.9,0.2,23309.8,18647.84,0,4622.83,2025,4,April,Tuesday,23309.8,18647.84
2025-04-15,ORD003855,CUST02366,P002,Smartphone,Electronics,Mumbai,Online,UPI,1,26595.13,0.05,26595.13,25265.37,0,4386.44,2025,4,April,Tuesday,26595.13,25265.3735
2025-04-15,ORD007174,CUST04022,P016,Sofa,Furniture,Chennai,Online,UPI,2,36071.29,0.05,72142.58,68535.45,0,7410.47,2025,4,April,Tuesday,72142.58,68535.451
2025-04-15,ORD011281,CUST01423,P012,Air Fryer,Home,Hyderabad,Online,Cash,4,7333.81,0.0,29335.24,29335.24,0,2833.32,2025,4,April,Tuesday,29335.24,29335.24
2025-04-15,ORD043093,CUST00611,P001,Laptop,Electronics,Chennai,Online,UPI,2,65837.15,0.0,131674.3,131674.3,0,33237.48,2025,4,April,Tuesday,131674.3,131674.3
2025-04-15,ORD017807,CUST03886,P013,Monitor,Electronics,Surat,Online,Credit Card,2,17034.07,0.0,34068.14,34068.14,0,3685.46,2025,4,April,Tuesday,34068.14,34068.14
2025-04-15,ORD025528,CUST01679,P019,Vacuum Cleaner,Home,Ahmedabad,Online,Cash,1,8307.26,0.0,8307.26,8307.26,0,2326.66,2025,4,April,Tuesday,8307.26,8307.26
2025-04-15,ORD029145,CUST04403,P010,Coffee Maker,Home,Ahmedabad,Online,Cash,1,5676.39,0.1,5676.39,5108.75,0,484.55,2025,4,April,Tuesday,5676.39,5108.751
2025-04-15,ORD012827,CUST02944,P011,Mixer Grinder,Home,Kolkata,Online,UPI,1,4769.87,0.0,4769.87,4769.87,0,1102.23,2025,4,April,Tuesday,4769.87,4769.87
2025-04-16,ORD002180,CUST02220,P003,Headphones,Electronics,Bengaluru,Store,Net Banking,1,4204.29,0.1,4204.29,3783.86,0,1001.41,2025,4,April,Wednesday,4204.29,3783.861
2025-04-16,ORD043405,CUST03194,P001,Laptop,Electronics,Pune,Online,Credit Card,1,71296.15,0.0,71296.15,71296.15,0,18356.91,2025,4,April,Wednesday,71296.15,71296.15
2025-04-16,ORD042217,CUST01675,P010,Coffee Maker,Home,Kolkata,Online,Credit Card,4,4987.03,0.0,19948.12,19948.12,0,2479.86,2025,4,April,Wednesday,19948.12,19948.12
2025-04-16,ORD013105,CUST03184,P009,T-Shirt,Fashion,Jaipur,Store,Credit Card,1,1302.49,0.05,1302.49,1237.37,0,201.58,2025,4,April,Wednesday,1302.49,1237.3654999999999
2025-04-16,ORD038201,CUST00972,P004,Smartwatch,Electronics,Pune,Online,Credit Card,3,7003.99,0.2,21011.97,16809.58,0,1329.59,2025,4,April,Wednesday,21011.97,16809.576
2025-04-16,ORD023234,CUST03097,P009,T-Shirt,Fashion,Hyderabad,Online,Debit Card,2,1233.23,0.1,2466.46,2219.81,1,-110.99,2025,4,April,Wednesday,2466.46,2219.8140000000003
2025-04-16,ORD040682,CUST03328,P011,Mixer Grinder,Home,Kolkata,Store,Debit Card,1,4486.16,0.0,4486.16,4486.16,0,1288.42,2025,4,April,Wednesday,4486.16,4486.16
2025-04-16,ORD008663,CUST03429,P004,Smartwatch,Electronics,Kolkata,Online,Net Banking,1,6390.69,0.1,6390.69,5751.62,0,757.38,2025,4,April,Wednesday,6390.69,5751.621
2025-04-16,ORD025380,CUST03226,P013,Monitor,Electronics,Chennai,Online,Debit Card,4,18092.04,0.1,72368.16,65131.34,0,14364.17,2025,4,April,Wednesday,72368.16,65131.344000000005
2025-04-16,ORD007684,CUST02249,P012,Air Fryer,Home,Chennai,Store,Net Banking,2,7588.69,0.15,15177.38,12900.77,0,2633.09,2025,4,April,Wednesday,15177.38,12900.773
2025-04-16,ORD001790,CUST03095,P013,Monitor,Electronics,Kolkata,Online,Net Banking,1,17377.05,0.15,17377.05,14770.49,0,2883.59,2025,4,April,Wednesday,17377.05,14770.492499999998
2025-04-16,ORD043457,CUST04692,P007,Backpack,Accessories,Delhi,Store,Net Banking,1,2317.6,0.05,2317.6,2201.72,0,156.85,2025,4,April,Wednesday,2317.6,2201.72
2025-04-16,ORD027242,CUST04943,P009,T-Shirt,Fashion,Ahmedabad,Online,Debit Card,1,1228.61,0.05,1228.61,1167.18,0,273.5,2025,4,April,Wednesday,1228.61,1167.1795
2025-04-16,ORD014482,CUST00464,P001,Laptop,Electronics,Mumbai,Online,UPI,1,60231.23,0.0,60231.23,60231.23,0,13311.68,2025,4,April,Wednesday,60231.23,60231.23
2025-04-16,ORD016192,CUST04444,P016,Sofa,Furniture,Pune,Online,Credit Card,1,34275.64,0.05,34275.64,32561.86,0,3800.25,2025,4,April,Wednesday,34275.64,32561.857999999997
2025-04-16,ORD039916,CUST01079,P009,T-Shirt,Fashion,Chennai,Online,Credit Card,3,1165.55,0.0,3496.65,3496.65,0,1028.18,2025,4,April,Wednesday,3496.6499999999996,3496.65
2025-04-16,ORD045980,CUST00611,P015,Dining Table,Furniture,Mumbai,Online,Debit Card,1,21666.43,0.05,21666.43,20583.11,0,3593.47,2025,4,April,Wednesday,21666.43,20583.1085
2025-04-16,ORD008200,CUST02367,P013,Monitor,Electronics,Surat,Store,Net Banking,1,17833.88,0.1,17833.88,16050.49,0,2680.36,2025,4,April,Wednesday,17833.88,16050.492000000002
2025-04-16,ORD010050,CUST01366,P020,Microwave,Home,Delhi,Online,UPI,1,9987.67,0.05,9987.67,9488.29,0,1167.5,2025,4,April,Wednesday,9987.67,9488.2865
2025-04-16,ORD026679,CUST00785,P003,Headphones,Electronics,Pune,Online,UPI,1,4478.01,0.2,4478.01,3582.41,1,-179.12,2025,4,April,Wednesday,4478.01,3582.4080000000004
2025-04-16,ORD030593,CUST01942,P012,Air Fryer,Home,Bengaluru,Store,Credit Card,1,7897.57,0.05,7897.57,7502.69,0,1944.4,2025,4,April,Wednesday,7897.57,7502.691499999999
2025-04-16,ORD046724,CUST02616,P010,Coffee Maker,Home,Jaipur,Online,UPI,1,5319.74,0.0,5319.74,5319.74,0,1428.22,2025,4,April,Wednesday,5319.74,5319.74
2025-04-16,ORD040565,CUST04192,P001,Laptop,Electronics,Delhi,Store,Debit Card,1,69560.03,0.25,69560.03,52170.02,0,8000.28,2025,4,April,Wednesday,69560.03,52170.0225
2025-04-16,ORD048149,CUST02877,P019,Vacuum Cleaner,Home,Surat,Store,Net Banking,4,8621.0,0.1,34484.0,31035.6,0,5478.27,2025,4,April,Wednesday,34484.0,31035.600000000002
2025-04-16,ORD042244,CUST03882,P018,Jacket,Fashion,Bengaluru,Store,Cash,1,4685.47,0.05,4685.47,4451.2,0,768.6,2025,4,April,Wednesday,4685.47,4451.1965
2025-04-16,ORD026138,CUST01980,P006,Desk,Furniture,Delhi,Store,UPI,2,11672.55,0.25,23345.1,17508.82,0,1628.97,2025,4,April,Wednesday,23345.1,17508.824999999997
2025-04-16,ORD036742,CUST02955,P016,Sofa,Furniture,Chennai,Store,UPI,1,33066.35,0.1,33066.35,29759.72,0,8127.04,2025,4,April,Wednesday,33066.35,29759.715
2025-04-16,ORD012820,CUST01003,P001,Laptop,Electronics,Pune,Online,Cash,4,62374.52,0.2,249498.08,199598.46,0,12440.63,2025,4,April,Wednesday,249498.08,199598.464
2025-04-16,ORD003779,CUST00817,P002,Smartphone,Electronics,Ahmedabad,Store,UPI,1,25925.18,0.05,25925.18,24628.92,0,2028.39,2025,4,April,Wednesday,25925.18,24628.921
2025-04-16,ORD030186,CUST00382,P006,Desk,Furniture,Ahmedabad,Online,Credit Card,2,12681.91,0.1,25363.82,22827.44,1,-1141.37,2025,4,April,Wednesday,25363.82,22827.438000000002
2025-04-16,ORD033782,CUST01443,P006,Desk,Furniture,Ahmedabad,Online,UPI,1,12630.34,0.05,12630.34,11998.82,0,2376.59,2025,4,April,Wednesday,12630.34,11998.823
2025-04-16,ORD031215,CUST01259,P009,T-Shirt,Fashion,Jaipur,Online,UPI,1,1256.91,0.05,1256.91,1194.06,0,139.28,2025,4,April,Wednesday,1256.91,1194.0645
2025-04-16,ORD012855,CUST02256,P017,Jeans,Fashion,Mumbai,Online,UPI,2,2545.64,0.0,5091.28,5091.28,0,1367.85,2025,4,April,Wednesday,5091.28,5091.28
2025-04-16,ORD024633,CUST01840,P011,Mixer Grinder,Home,Pune,Store,UPI,1,4744.54,0.05,4744.54,4507.31,0,851.98,2025,4,April,Wednesday,4744.54,4507.313
2025-04-16,ORD029036,CUST04347,P012,Air Fryer,Home,Ahmedabad,Store,Credit Card,2,6757.41,0.0,13514.82,13514.82,0,3889.22,2025,4,April,Wednesday,13514.82,13514.82
2025-04-16,ORD032827,CUST00879,P002,Smartphone,Electronics,Surat,Store,Debit Card,1,30640.32,0.0,30640.32,30640.32,0,8540.7,2025,4,April,Wednesday,30640.32,30640.32
2025-04-16,ORD018892,CUST04441,P003,Headphones,Electronics,Hyderabad,Online,Credit Card,1,4489.34,0.2,4489.34,3591.47,0,292.72,2025,4,April,Wednesday,4489.34,3591.472
2025-04-16,ORD001343,CUST00028,P002,Smartphone,Electronics,Delhi,Online,Credit Card,1,27090.32,0.05,27090.32,25735.8,0,5621.47,2025,4,April,Wednesday,27090.32,25735.804
2025-04-16,ORD012276,CUST01648,P018,Jacket,Fashion,Mumbai,Store,Credit Card,1,5393.51,0.1,5393.51,4854.16,0,844.64,2025,4,April,Wednesday,5393.51,4854.159000000001
2025-04-16,ORD006930,CUST02317,P008,Running Shoes,Fashion,Hyderabad,Store,Credit Card,1,4337.21,0.0,4337.21,4337.21,0,808.58,2025,4,April,Wednesday,4337.21,4337.21
2025-04-16,ORD020962,CUST00496,P010,Coffee Maker,Home,Pune,Store,Debit Card,3,5039.01,0.25,15117.03,11337.77,1,-566.89,2025,4,April,Wednesday,15117.03,11337.772500000001
2025-04-16,ORD013146,CUST01836,P008,Running Shoes,Fashion,Hyderabad,Store,UPI,1,4431.34,0.15,4431.34,3766.64,0,975.77,2025,4,April,Wednesday,4431.34,3766.639
2025-04-16,ORD035304,CUST03688,P018,Jacket,Fashion,Bengaluru,Online,Credit Card,4,5200.74,0.25,20802.96,15602.22,0,2049.8,2025,4,April,Wednesday,20802.96,15602.22
2025-04-16,ORD017737,CUST01187,P013,Monitor,Electronics,Kolkata,Online,UPI,1,18900.0,0.15,18900.0,16065.0,0,1628.03,2025,4,April,Wednesday,18900.0,16065.0
2025-04-16,ORD004602,CUST04375,P016,Sofa,Furniture,Hyderabad,Online,Debit Card,2,36085.92,0.0,72171.84,72171.84,0,12690.14,2025,4,April,Wednesday,72171.84,72171.84
2025-04-16,ORD006020,CUST01559,P001,Laptop,Electronics,Kolkata,Online,UPI,1,63435.56,0.05,63435.56,60263.78,0,16548.21,2025,4,April,Wednesday,63435.56,60263.78199999999
2025-04-16,ORD011964,CUST04436,P006,Desk,Furniture,Surat,Store,UPI,4,11601.91,0.05,46407.64,44087.26,1,-2204.36,2025,4,April,Wednesday,46407.64,44087.257999999994
2025-04-16,ORD041677,CUST02575,P003,Headphones,Electronics,Ahmedabad,Online,UPI,1,4243.88,0.1,4243.88,3819.49,0,678.36,2025,4,April,Wednesday,4243.88,3819.492
2025-04-16,ORD047684,CUST01638,P005,Office Chair,Furniture,Delhi,Online,UPI,1,8901.64,0.1,8901.64,8011.48,0,1248.7,2025,4,April,Wednesday,8901.64,8011.476
2025-04-16,ORD045514,CUST01433,P017,Jeans,Fashion,Pune,Store,UPI,1,2982.25,0.2,2982.25,2385.8,0,139.57,2025,4,April,Wednesday,2982.25,2385.8
2025-04-16,ORD007506,CUST00383,P020,Microwave,Home,Surat,Online,UPI,1,10789.13,0.15,10789.13,9170.76,0,1573.03,2025,4,April,Wednesday,10789.13,9170.760499999999
2025-04-16,ORD029837,CUST04712,P018,Jacket,Fashion,Kolkata,Online,UPI,1,4923.15,0.1,4923.15,4430.84,0,439.31,2025,4,April,Wednesday,4923.15,4430.835
2025-04-16,ORD003792,CUST04418,P010,Coffee Maker,Home,Jaipur,Online,Net Banking,1,5263.61,0.05,5263.61,5000.43,0,406.63,2025,4,April,Wednesday,5263.61,5000.429499999999
2025-04-16,ORD008193,CUST01639,P001,Laptop,Electronics,Ahmedabad,Store,Credit Card,1,61712.28,0.05,61712.28,58626.67,0,6755.76,2025,4,April,Wednesday,61712.28,58626.666
2025-04-16,ORD030620,CUST00595,P020,Microwave,Home,Hyderabad,Online,Credit Card,3,10999.59,0.15,32998.77,28048.95,0,1535.15,2025,4,April,Wednesday,32998.770000000004,28048.954499999996
2025-04-16,ORD011043,CUST04019,P005,Office Chair,Furniture,Kolkata,Online,UPI,1,8762.22,0.0,8762.22,8762.22,0,1595.52,2025,4,April,Wednesday,8762.22,8762.22
2025-04-16,ORD046052,CUST02541,P017,Jeans,Fashion,Delhi,Store,Credit Card,2,3046.19,0.05,6092.38,5787.76,0,1161.0,2025,4,April,Wednesday,6092.38,5787.7609999999995
2025-04-16,ORD015127,CUST03560,P010,Coffee Maker,Home,Surat,Online,Credit Card,2,5730.92,0.15,11461.84,9742.56,0,2392.62,2025,4,April,Wednesday,11461.84,9742.564
2025-04-16,ORD036956,CUST02335,P007,Backpack,Accessories,Mumbai,Store,UPI,1,2087.36,0.0,2087.36,2087.36,0,494.33,2025,4,April,Wednesday,2087.36,2087.36
2025-04-16,ORD043496,CUST02871,P013,Monitor,Electronics,Hyderabad,Online,Cash,1,17700.35,0.0,17700.35,17700.35,0,1657.22,2025,4,April,Wednesday,17700.35,17700.35
2025-04-16,ORD022312,CUST00567,P006,Desk,Furniture,Hyderabad,Online,UPI,1,12866.89,0.15,12866.89,10936.86,0,1804.25,2025,4,April,Wednesday,12866.89,10936.8565
2025-04-16,ORD024685,CUST04291,P015,Dining Table,Furniture,Surat,Online,Credit Card,1,23013.24,0.1,23013.24,20711.92,0,1818.45,2025,4,April,Wednesday,23013.24,20711.916
2025-04-16,ORD048576,CUST01793,P007,Backpack,Accessories,Chennai,Store,UPI,3,2280.04,0.15,6840.12,5814.1,0,1038.9,2025,4,April,Wednesday,6840.12,5814.102
2025-04-16,ORD002847,CUST02094,P018,Jacket,Fashion,Surat,Online,Credit Card,1,5255.28,0.05,5255.28,4992.52,0,1134.74,2025,4,April,Wednesday,5255.28,4992.516
2025-04-16,ORD013339,CUST00868,P009,T-Shirt,Fashion,Kolkata,Store,UPI,2,1308.16,0.0,2616.32,2616.32,0,571.09,2025,4,April,Wednesday,2616.32,2616.32
2025-04-16,ORD029832,CUST02782,P019,Vacuum Cleaner,Home,Kolkata,Store,Credit Card,1,8632.97,0.0,8632.97,8632.97,0,1200.46,2025,4,April,Wednesday,8632.97,8632.97
2025-04-17,ORD034079,CUST01197,P020,Microwave,Home,Delhi,Online,Credit Card,1,10127.21,0.15,10127.21,8608.13,0,2052.01,2025,4,April,Thursday,10127.21,8608.128499999999
2025-04-17,ORD049369,CUST03618,P003,Headphones,Electronics,Hyderabad,Online,UPI,2,4495.94,0.1,8991.88,8092.69,0,1401.79,2025,4,April,Thursday,8991.88,8092.691999999999
2025-04-17,ORD039765,CUST01398,P004,Smartwatch,Electronics,Pune,Online,UPI,1,6830.77,0.05,6830.77,6489.23,0,1257.54,2025,4,April,Thursday,6830.77,6489.2315
2025-04-17,ORD013572,CUST01799,P004,Smartwatch,Electronics,Pune,Online,UPI,2,7588.78,0.1,15177.56,13659.8,0,3760.92,2025,4,April,Thursday,15177.56,13659.804
2025-04-17,ORD040819,CUST02969,P005,Office Chair,Furniture,Ahmedabad,Online,Cash,1,10181.92,0.05,10181.92,9672.82,0,959.64,2025,4,April,Thursday,10181.92,9672.824
2025-04-17,ORD023376,CUST02343,P019,Vacuum Cleaner,Home,Bengaluru,Online,UPI,1,9858.32,0.2,9858.32,7886.66,0,1966.4,2025,4,April,Thursday,9858.32,7886.656
2025-04-17,ORD004823,CUST01793,P014,Keyboard,Electronics,Kolkata,Online,Credit Card,1,2550.14,0.0,2550.14,2550.14,0,425.54,2025,4,April,Thursday,2550.14,2550.14
2025-04-17,ORD024853,CUST04374,P020,Microwave,Home,Surat,Online,UPI,1,11497.95,0.1,11497.95,10348.16,0,945.13,2025,4,April,Thursday,11497.95,10348.155
2025-04-17,ORD030491,CUST01399,P014,Keyboard,Electronics,Ahmedabad,Store,UPI,1,2691.45,0.0,2691.45,2691.45,0,397.87,2025,4,April,Thursday,2691.45,2691.45
2025-04-17,ORD001204,CUST00115,P017,Jeans,Fashion,Pune,Online,UPI,1,2566.12,0.05,2566.12,2437.81,0,316.13,2025,4,April,Thursday,2566.12,2437.814
2025-04-17,ORD014643,CUST02046,P016,Sofa,Furniture,Mumbai,Online,Debit Card,2,34295.37,0.05,68590.74,65161.2,0,9804.43,2025,4,April,Thursday,68590.74,65161.203
2025-04-17,ORD009408,CUST04257,P016,Sofa,Furniture,Delhi,Online,UPI,1,37301.17,0.1,37301.17,33571.05,0,9258.68,2025,4,April,Thursday,37301.17,33571.053
2025-04-17,ORD030575,CUST01403,P020,Microwave,Home,Chennai,Store,Credit Card,2,10656.54,0.1,21313.08,19181.77,0,4667.25,2025,4,April,Thursday,21313.08,19181.772
2025-04-17,ORD004770,CUST01297,P018,Jacket,Fashion,Kolkata,Store,UPI,2,5175.35,0.05,10350.7,9833.17,0,1601.77,2025,4,April,Thursday,10350.7,9833.165
2025-04-17,ORD006628,CUST02741,P019,Vacuum Cleaner,Home,Ahmedabad,Online,UPI,2,8311.46,0.2,16622.92,13298.34,0,973.03,2025,4,April,Thursday,16622.92,13298.336
2025-04-17,ORD039003,CUST04720,P003,Headphones,Electronics,Bengaluru,Store,UPI,1,4359.01,0.0,4359.01,4359.01,0,711.04,2025,4,April,Thursday,4359.01,4359.01
2025-04-17,ORD043291,CUST03602,P005,Office Chair,Furniture,Bengaluru,Store,Credit Card,1,10121.43,0.1,10121.43,9109.29,0,1557.44,2025,4,April,Thursday,10121.43,9109.287
2025-04-17,ORD025336,CUST00124,P015,Dining Table,Furniture,Ahmedabad,Online,Cash,1,23132.3,0.05,23132.3,21975.68,0,3704.18,2025,4,April,Thursday,23132.3,21975.684999999998
2025-04-17,ORD043382,CUST01827,P003,Headphones,Electronics,Pune,Store,Debit Card,2,4771.25,0.1,9542.5,8588.25,0,1725.55,2025,4,April,Thursday,9542.5,8588.25
2025-04-17,ORD012249,CUST02980,P016,Sofa,Furniture,Bengaluru,Store,Cash,1,37983.01,0.0,37983.01,37983.01,0,9986.3,2025,4,April,Thursday,37983.01,37983.01
2025-04-17,ORD047022,CUST01005,P001,Laptop,Electronics,Pune,Online,UPI,1,70974.47,0.1,70974.47,63877.02,0,10877.51,2025,4,April,Thursday,70974.47,63877.023
2025-04-17,ORD019080,CUST04495,P019,Vacuum Cleaner,Home,Ahmedabad,Store,UPI,1,9455.51,0.0,9455.51,9455.51,0,1175.74,2025,4,April,Thursday,9455.51,9455.51
2025-04-17,ORD002726,CUST03920,P001,Laptop,Electronics,Ahmedabad,Store,UPI,1,67688.43,0.1,67688.43,60919.59,0,10275.58,2025,4,April,Thursday,67688.43,60919.58699999999
2025-04-17,ORD043294,CUST02976,P013,Monitor,Electronics,Hyderabad,Online,UPI,3,18504.17,0.1,55512.51,49961.26,0,4488.87,2025,4,April,Thursday,55512.509999999995,49961.259000000005
2025-04-17,ORD012974,CUST01765,P012,Air Fryer,Home,Pune,Online,UPI,1,7654.35,0.2,7654.35,6123.48,0,678.78,2025,4,April,Thursday,7654.35,6123.4800000000005
2025-04-17,ORD046717,CUST01459,P016,Sofa,Furniture,Kolkata,Online,Net Banking,1,37722.47,0.05,37722.47,35836.35,0,10073.76,2025,4,April,Thursday,37722.47,35836.3465
2025-04-17,ORD001477,CUST03715,P001,Laptop,Electronics,Kolkata,Online,UPI,3,62608.67,0.0,187826.01,187826.01,0,38185.18,2025,4,April,Thursday,187826.01,187826.01
2025-04-17,ORD041145,CUST00504,P013,Monitor,Electronics,Chennai,Online,Debit Card,1,19390.31,0.25,19390.31,14542.73,0,3561.83,2025,4,April,Thursday,19390.31,14542.732500000002
2025-04-17,ORD039345,CUST02532,P003,Headphones,Electronics,Mumbai,Store,Credit Card,3,4621.07,0.1,13863.21,12476.89,0,892.85,2025,4,April,Thursday,13863.21,12476.889
2025-04-17,ORD032169,CUST01694,P018,Jacket,Fashion,Ahmedabad,Online,UPI,1,5478.06,0.2,5478.06,4382.45,0,291.27,2025,4,April,Thursday,5478.06,4382.448
2025-04-17,ORD040616,CUST03252,P020,Microwave,Home,Jaipur,Online,UPI,2,11187.53,0.05,22375.06,21256.31,0,5355.23,2025,4,April,Thursday,22375.06,21256.307
2025-04-17,ORD022266,CUST01133,P003,Headphones,Electronics,Jaipur,Online,Cash,1,4114.18,0.15,4114.18,3497.05,0,751.0,2025,4,April,Thursday,4114.18,3497.0530000000003
2025-04-17,ORD007757,CUST00311,P007,Backpack,Accessories,Surat,Online,UPI,1,2330.14,0.05,2330.14,2213.63,0,562.34,2025,4,April,Thursday,2330.14,2213.633
2025-04-17,ORD049841,CUST01371,P013,Monitor,Electronics,Jaipur,Store,UPI,3,18057.96,0.0,54173.88,54173.88,0,14885.53,2025,4,April,Thursday,54173.88,54173.88
2025-04-17,ORD008280,CUST02298,P006,Desk,Furniture,Ahmedabad,Online,UPI,2,12543.52,0.25,25087.04,18815.28,0,2899.07,2025,4,April,Thursday,25087.04,18815.28
2025-04-17,ORD021834,CUST01438,P003,Headphones,Electronics,Kolkata,Online,Credit Card,1,4945.17,0.05,4945.17,4697.91,0,595.7,2025,4,April,Thursday,4945.17,4697.9115
2025-04-17,ORD029894,CUST04552,P008,Running Shoes,Fashion,Bengaluru,Store,Credit Card,3,4576.46,0.15,13729.38,11669.97,0,2746.83,2025,4,April,Thursday,13729.380000000001,11669.972999999998
2025-04-17,ORD023186,CUST00856,P013,Monitor,Electronics,Chennai,Online,UPI,3,19436.3,0.1,58308.9,52478.01,0,3664.09,2025,4,April,Thursday,58308.899999999994,52478.01
2025-04-17,ORD039860,CUST01883,P002,Smartphone,Electronics,Kolkata,Online,UPI,1,28947.89,0.0,28947.89,28947.89,0,2385.25,2025,4,April,Thursday,28947.89,28947.89
2025-04-17,ORD048214,CUST00341,P010,Coffee Maker,Home,Jaipur,Online,UPI,1,5400.95,0.05,5400.95,5130.9,0,1278.43,2025,4,April,Thursday,5400.95,5130.902499999999
2025-04-17,ORD030118,CUST01495,P007,Backpack,Accessories,Pune,Online,UPI,1,2154.76,0.05,2154.76,2047.02,0,171.16,2025,4,April,Thursday,2154.76,2047.0220000000002
2025-04-17,ORD023490,CUST02567,P003,Headphones,Electronics,Jaipur,Store,Credit Card,2,4203.04,0.1,8406.08,7565.47,0,637.26,2025,4,April,Thursday,8406.08,7565.472
2025-04-17,ORD018234,CUST02018,P001,Laptop,Electronics,Pune,Online,UPI,4,64659.92,0.0,258639.68,258639.68,0,46325.0,2025,4,April,Thursday,258639.68,258639.68
2025-04-17,ORD036120,CUST01509,P020,Microwave,Home,Pune,Online,UPI,1,11998.34,0.1,11998.34,10798.51,0,691.01,2025,4,April,Thursday,11998.34,10798.506000000001
2025-04-17,ORD031386,CUST02553,P008,Running Shoes,Fashion,Kolkata,Online,Credit Card,2,4070.82,0.1,8141.64,7327.48,0,1850.36,2025,4,April,Thursday,8141.64,7327.476000000001
2025-04-17,ORD030209,CUST00545,P008,Running Shoes,Fashion,Surat,Store,UPI,1,4321.41,0.15,4321.41,3673.2,1,-183.66,2025,4,April,Thursday,4321.41,3673.1985
2025-04-17,ORD031064,CUST01179,P015,Dining Table,Furniture,Mumbai,Store,UPI,1,21725.07,0.05,21725.07,20638.82,0,3332.7,2025,4,April,Thursday,21725.07,20638.816499999997
2025-04-17,ORD024033,CUST03528,P019,Vacuum Cleaner,Home,Kolkata,Online,Credit Card,4,9116.66,0.1,36466.64,32819.98,0,5430.53,2025,4,April,Thursday,36466.64,32819.976
2025-04-17,ORD047259,CUST04565,P019,Vacuum Cleaner,Home,Bengaluru,Store,Debit Card,1,9379.16,0.05,9379.16,8910.2,0,1951.69,2025,4,April,Thursday,9379.16,8910.202
2025-04-17,ORD033608,CUST04775,P004,Smartwatch,Electronics,Ahmedabad,Store,Net Banking,1,6468.14,0.0,6468.14,6468.14,1,-323.41,2025,4,April,Thursday,6468.14,6468.14
2025-04-17,ORD030794,CUST04692,P008,Running Shoes,Fashion,Jaipur,Store,Debit Card,2,3806.76,0.05,7613.52,7232.84,0,1777.09,2025,4,April,Thursday,7613.52,7232.844
2025-04-17,ORD012749,CUST04105,P016,Sofa,Furniture,Bengaluru,Online,Net Banking,1,34601.86,0.05,34601.86,32871.77,0,8587.53,2025,4,April,Thursday,34601.86,32871.767
2025-04-17,ORD028537,CUST02344,P002,Smartphone,Electronics,Jaipur,Store,UPI,1,25470.72,0.1,25470.72,22923.65,0,5747.11,2025,4,April,Thursday,25470.72,22923.648
2025-04-17,ORD033724,CUST00889,P020,Microwave,Home,Chennai,Online,Cash,5,11534.5,0.25,57672.5,43254.38,0,5112.51,2025,4,April,Thursday,57672.5,43254.375
2025-04-17,ORD049667,CUST01538,P015,Dining Table,Furniture,Delhi,Online,Credit Card,1,23418.55,0.0,23418.55,23418.55,0,2083.97,2025,4,April,Thursday,23418.55,23418.55
2025-04-17,ORD040437,CUST04690,P012,Air Fryer,Home,Chennai,Online,UPI,2,6778.2,0.1,13556.4,12200.76,0,1019.99,2025,4,April,Thursday,13556.4,12200.76
2025-04-17,ORD039212,CUST00579,P010,Coffee Maker,Home,Chennai,Online,Net Banking,1,5069.9,0.2,5069.9,4055.92,0,724.56,2025,4,April,Thursday,5069.9,4055.92
2025-04-17,ORD026540,CUST03763,P020,Microwave,Home,Jaipur,Online,UPI,1,10849.92,0.15,10849.92,9222.43,0,1603.2,2025,4,April,Thursday,10849.92,9222.432
2025-04-17,ORD008926,CUST01911,P019,Vacuum Cleaner,Home,Surat,Store,UPI,1,8110.38,0.0,8110.38,8110.38,0,882.0,2025,4,April,Thursday,8110.38,8110.38
2025-04-17,ORD009657,CUST04669,P001,Laptop,Electronics,Pune,Online,Net Banking,1,65636.24,0.25,65636.24,49227.18,0,6279.87,2025,4,April,Thursday,65636.24,49227.18000000001
2025-04-17,ORD031516,CUST03051,P017,Jeans,Fashion,Jaipur,Online,UPI,1,2772.51,0.1,2772.51,2495.26,0,477.47,2025,4,April,Thursday,2772.51,2495.2590000000005
2025-04-17,ORD000725,CUST04208,P009,T-Shirt,Fashion,Pune,Online,Debit Card,1,1099.37,0.0,1099.37,1099.37,1,-54.97,2025,4,April,Thursday,1099.37,1099.37
2025-04-17,ORD032779,CUST02766,P001,Laptop,Electronics,Kolkata,Store,Credit Card,1,68824.12,0.1,68824.12,61941.71,1,-3097.09,2025,4,April,Thursday,68824.12,61941.708
2025-04-17,ORD037683,CUST02008,P004,Smartwatch,Electronics,Ahmedabad,Online,Credit Card,1,7187.04,0.1,7187.04,6468.34,0,659.48,2025,4,April,Thursday,7187.04,6468.336
2025-04-17,ORD034147,CUST01892,P020,Microwave,Home,Mumbai,Online,Debit Card,1,10765.08,0.1,10765.08,9688.57,0,1588.83,2025,4,April,Thursday,10765.08,9688.572
2025-04-17,ORD012896,CUST00725,P019,Vacuum Cleaner,Home,Hyderabad,Online,Cash,1,9796.79,0.0,9796.79,9796.79,0,2495.6,2025,4,April,Thursday,9796.79,9796.79
2025-04-17,ORD029044,CUST04795,P017,Jeans,Fashion,Ahmedabad,Online,UPI,2,2929.51,0.0,5859.02,5859.02,0,592.39,2025,4,April,Thursday,5859.02,5859.02
2025-04-17,ORD011902,CUST03361,P020,Microwave,Home,Kolkata,Online,Debit Card,1,10824.11,0.25,10824.11,8118.08,0,1488.18,2025,4,April,Thursday,10824.11,8118.0825
2025-04-17,ORD042313,CUST04854,P003,Headphones,Electronics,Delhi,Store,UPI,1,4655.23,0.0,4655.23,4655.23,0,727.07,2025,4,April,Thursday,4655.23,4655.23
2025-04-17,ORD013083,CUST02567,P016,Sofa,Furniture,Mumbai,Store,Net Banking,1,35312.12,0.05,35312.12,33546.51,0,2931.01,2025,4,April,Thursday,35312.12,33546.514
2025-04-17,ORD032966,CUST00844,P019,Vacuum Cleaner,Home,Jaipur,Online,UPI,3,9058.11,0.1,27174.33,24456.9,1,-1222.84,2025,4,April,Thursday,27174.33,24456.897
2025-04-18,ORD044346,CUST02936,P011,Mixer Grinder,Home,Bengaluru,Store,Debit Card,1,4600.82,0.0,4600.82,4600.82,0,665.37,2025,4,April,Friday,4600.82,4600.82
2025-04-18,ORD030112,CUST01825,P017,Jeans,Fashion,Jaipur,Store,Cash,1,3021.46,0.1,3021.46,2719.31,0,374.48,2025,4,April,Friday,3021.46,2719.3140000000003
2025-04-18,ORD028675,CUST04454,P017,Jeans,Fashion,Jaipur,Online,Credit Card,3,2951.11,0.05,8853.33,8410.66,0,2364.65,2025,4,April,Friday,8853.33,8410.663499999999
2025-04-18,ORD011075,CUST00614,P011,Mixer Grinder,Home,Surat,Online,UPI,2,5011.84,0.1,10023.68,9021.31,0,883.59,2025,4,April,Friday,10023.68,9021.312
2025-04-18,ORD022672,CUST04769,P020,Microwave,Home,Surat,Online,Credit Card,1,12036.54,0.0,12036.54,12036.54,0,2520.01,2025,4,April,Friday,12036.54,12036.54
2025-04-18,ORD024435,CUST03676,P010,Coffee Maker,Home,Delhi,Store,UPI,5,5442.57,0.0,27212.85,27212.85,0,6955.78,2025,4,April,Friday,27212.85,27212.85
2025-04-18,ORD022167,CUST00153,P019,Vacuum Cleaner,Home,Ahmedabad,Store,Credit Card,2,8143.25,0.0,16286.5,16286.5,0,1713.06,2025,4,April,Friday,16286.5,16286.5
2025-04-18,ORD019627,CUST03616,P015,Dining Table,Furniture,Jaipur,Online,UPI,1,23109.66,0.1,23109.66,20798.69,0,3353.34,2025,4,April,Friday,23109.66,20798.694
2025-04-18,ORD035727,CUST01528,P011,Mixer Grinder,Home,Surat,Store,Debit Card,1,4609.75,0.05,4609.75,4379.26,0,1247.52,2025,4,April,Friday,4609.75,4379.2625
2025-04-18,ORD029889,CUST02778,P014,Keyboard,Electronics,Surat,Store,Net Banking,4,2306.38,0.05,9225.52,8764.24,0,1784.04,2025,4,April,Friday,9225.52,8764.244
2025-04-18,ORD047351,CUST02491,P009,T-Shirt,Fashion,Pune,Store,UPI,1,1142.82,0.2,1142.82,914.26,0,222.87,2025,4,April,Friday,1142.82,914.256
2025-04-18,ORD029899,CUST00661,P007,Backpack,Accessories,Pune,Online,Credit Card,2,2051.71,0.1,4103.42,3693.08,0,992.73,2025,4,April,Friday,4103.42,3693.078
2025-04-18,ORD020223,CUST02357,P005,Office Chair,Furniture,Delhi,Store,Cash,5,9586.69,0.05,47933.45,45536.78,0,9773.32,2025,4,April,Friday,47933.450000000004,45536.7775
2025-04-18,ORD020233,CUST00163,P009,T-Shirt,Fashion,Hyderabad,Online,Net Banking,3,1202.97,0.0,3608.91,3608.91,0,800.39,2025,4,April,Friday,3608.91,3608.91
2025-04-18,ORD000541,CUST02582,P003,Headphones,Electronics,Chennai,Store,Debit Card,2,4749.95,0.25,9499.9,7124.92,0,489.66,2025,4,April,Friday,9499.9,7124.924999999999
2025-04-18,ORD036810,CUST00099,P001,Laptop,Electronics,Hyderabad,Store,Credit Card,1,66907.38,0.05,66907.38,63562.01,0,7687.08,2025,4,April,Friday,66907.38,63562.011
2025-04-18,ORD018050,CUST00550,P013,Monitor,Electronics,Hyderabad,Online,Credit Card,2,17414.48,0.25,34828.96,26121.72,0,6447.68,2025,4,April,Friday,34828.96,26121.72
2025-04-18,ORD031049,CUST04174,P001,Laptop,Electronics,Hyderabad,Online,Credit Card,4,68857.32,0.2,275429.28,220343.42,0,34084.5,2025,4,April,Friday,275429.28,220343.42400000003
2025-04-18,ORD009407,CUST03600,P011,Mixer Grinder,Home,Chennai,Store,UPI,3,4676.81,0.15,14030.43,11925.87,0,1127.32,2025,4,April,Friday,14030.43,11925.8655
2025-04-18,ORD041986,CUST00715,P012,Air Fryer,Home,Pune,Store,Credit Card,1,6835.37,0.0,6835.37,6835.37,0,758.86,2025,4,April,Friday,6835.37,6835.37
2025-04-18,ORD037860,CUST02833,P020,Microwave,Home,Chennai,Online,Net Banking,1,10657.9,0.0,10657.9,10657.9,0,3192.43,2025,4,April,Friday,10657.9,10657.9
2025-04-18,ORD022936,CUST04602,P016,Sofa,Furniture,Pune,Online,Credit Card,2,32232.59,0.1,64465.18,58018.66,0,9743.62,2025,4,April,Friday,64465.18,58018.662000000004
2025-04-18,ORD028452,CUST02934,P009,T-Shirt,Fashion,Bengaluru,Online,Credit Card,1,1096.68,0.05,1096.68,1041.85,0,293.15,2025,4,April,Friday,1096.68,1041.846
2025-04-18,ORD009498,CUST01695,P014,Keyboard,Electronics,Delhi,Store,Net Banking,1,2407.4,0.15,2407.4,2046.29,0,121.75,2025,4,April,Friday,2407.4,2046.29
2025-04-18,ORD030157,CUST04000,P002,Smartphone,Electronics,Bengaluru,Online,Credit Card,2,28189.52,0.1,56379.04,50741.14,0,12012.07,2025,4,April,Friday,56379.04,50741.136
2025-04-18,ORD005120,CUST00731,P005,Office Chair,Furniture,Mumbai,Online,Credit Card,1,8932.37,0.1,8932.37,8039.13,0,1175.09,2025,4,April,Friday,8932.37,8039.133000000001
2025-04-18,ORD045259,CUST04918,P016,Sofa,Furniture,Bengaluru,Store,Credit Card,3,36117.3,0.1,108351.9,97516.71,0,14575.29,2025,4,April,Friday,108351.90000000001,97516.70999999999
2025-04-18,ORD027366,CUST02410,P014,Keyboard,Electronics,Kolkata,Online,Credit Card,5,2640.24,0.25,13201.2,9900.9,0,2150.85,2025,4,April,Friday,13201.199999999999,9900.900000000001
2025-04-18,ORD035981,CUST03653,P019,Vacuum Cleaner,Home,Chennai,Store,UPI,3,8403.13,0.1,25209.39,22688.45,0,3495.86,2025,4,April,Friday,25209.39,22688.451
2025-04-18,ORD009664,CUST04242,P017,Jeans,Fashion,Delhi,Online,Credit Card,1,2633.41,0.1,2633.41,2370.07,0,506.56,2025,4,April,Friday,2633.41,2370.069
2025-04-18,ORD026649,CUST04888,P001,Laptop,Electronics,Mumbai,Store,Net Banking,2,59209.88,0.0,118419.76,118419.76,0,19397.1,2025,4,April,Friday,118419.76,118419.76
2025-04-18,ORD038084,CUST04056,P016,Sofa,Furniture,Jaipur,Store,Credit Card,2,33956.22,0.1,67912.44,61121.2,0,8802.42,2025,4,April,Friday,67912.44,61121.196
2025-04-18,ORD012102,CUST00694,P012,Air Fryer,Home,Delhi,Online,UPI,1,7580.9,0.15,7580.9,6443.76,0,1135.91,2025,4,April,Friday,7580.9,6443.764999999999
2025-04-18,ORD019166,CUST00544,P012,Air Fryer,Home,Kolkata,Store,Debit Card,2,7296.32,0.15,14592.64,12403.74,0,1093.6,2025,4,April,Friday,14592.64,12403.743999999999
2025-04-18,ORD038402,CUST02759,P017,Jeans,Fashion,Surat,Store,Credit Card,1,2864.46,0.2,2864.46,2291.57,0,519.34,2025,4,April,Friday,2864.46,2291.568
2025-04-18,ORD039653,CUST03993,P012,Air Fryer,Home,Jaipur,Store,UPI,2,6551.68,0.0,13103.36,13103.36,0,2755.19,2025,4,April,Friday,13103.36,13103.36
2025-04-18,ORD025250,CUST02965,P019,Vacuum Cleaner,Home,Mumbai,Online,Credit Card,2,9101.85,0.05,18203.7,17293.52,1,-864.68,2025,4,April,Friday,18203.7,17293.515
2025-04-18,ORD014189,CUST04555,P008,Running Shoes,Fashion,Bengaluru,Store,Credit Card,5,4484.72,0.15,22423.6,19060.06,0,4264.13,2025,4,April,Friday,22423.600000000002,19060.059999999998
2025-04-18,ORD027418,CUST01593,P008,Running Shoes,Fashion,Bengaluru,Online,UPI,1,4333.1,0.05,4333.1,4116.44,0,1126.15,2025,4,April,Friday,4333.1,4116.445
2025-04-18,ORD035394,CUST04654,P020,Microwave,Home,Delhi,Store,UPI,1,10250.5,0.05,10250.5,9737.98,0,896.69,2025,4,April,Friday,10250.5,9737.975
2025-04-18,ORD027298,CUST00575,P011,Mixer Grinder,Home,Jaipur,Online,UPI,1,4626.59,0.0,4626.59,4626.59,0,512.14,2025,4,April,Friday,4626.59,4626.59
2025-04-18,ORD009215,CUST00320,P006,Desk,Furniture,Jaipur,Online,UPI,3,12955.9,0.25,38867.7,29150.78,0,1825.32,2025,4,April,Friday,38867.7,29150.774999999998
2025-04-18,ORD011861,CUST00490,P014,Keyboard,Electronics,Mumbai,Online,Credit Card,1,2351.02,0.05,2351.02,2233.47,0,320.5,2025,4,April,Friday,2351.02,2233.469
2025-04-18,ORD041758,CUST04175,P002,Smartphone,Electronics,Mumbai,Online,UPI,5,27441.14,0.0,137205.7,137205.7,0,13167.43,2025,4,April,Friday,137205.7,137205.7
2025-04-18,ORD017464,CUST00185,P016,Sofa,Furniture,Surat,Online,Debit Card,1,33709.53,0.1,33709.53,30338.58,0,4695.44,2025,4,April,Friday,33709.53,30338.577
2025-04-18,ORD045044,CUST04218,P008,Running Shoes,Fashion,Hyderabad,Online,Credit Card,1,4289.45,0.15,4289.45,3646.03,0,916.23,2025,4,April,Friday,4289.45,3646.0325
2025-04-18,ORD004864,CUST00354,P012,Air Fryer,Home,Ahmedabad,Store,Credit Card,1,7792.7,0.05,7792.7,7403.06,0,1835.46,2025,4,April,Friday,7792.7,7403.065
2025-04-18,ORD012809,CUST04576,P008,Running Shoes,Fashion,Ahmedabad,Store,UPI,1,4170.05,0.1,4170.05,3753.04,0,659.13,2025,4,April,Friday,4170.05,3753.045
2025-04-18,ORD021257,CUST03771,P015,Dining Table,Furniture,Chennai,Online,Net Banking,2,21820.82,0.0,43641.64,43641.64,0,9051.76,2025,4,April,Friday,43641.64,43641.64
2025-04-18,ORD006097,CUST02018,P005,Office Chair,Furniture,Kolkata,Online,Debit Card,1,9041.04,0.1,9041.04,8136.94,0,1563.13,2025,4,April,Friday,9041.04,8136.936000000001
2025-04-18,ORD026309,CUST04793,P014,Keyboard,Electronics,Ahmedabad,Store,UPI,4,2482.76,0.0,9931.04,9931.04,0,1596.01,2025,4,April,Friday,9931.04,9931.04
2025-04-18,ORD010030,CUST00094,P013,Monitor,Electronics,Pune,Online,Credit Card,3,16563.28,0.0,49689.84,49689.84,0,11398.37,2025,4,April,Friday,49689.84,49689.84
2025-04-18,ORD029572,CUST02151,P013,Monitor,Electronics,Mumbai,Online,Credit Card,2,19499.2,0.15,38998.4,33148.64,0,2418.94,2025,4,April,Friday,38998.4,33148.64
2025-04-18,ORD014695,CUST03611,P001,Laptop,Electronics,Surat,Store,UPI,5,70044.14,0.0,350220.7,350220.7,0,96199.74,2025,4,April,Friday,350220.7,350220.7
2025-04-18,ORD020728,CUST00118,P006,Desk,Furniture,Kolkata,Online,UPI,2,12333.01,0.05,24666.02,23432.72,0,4987.87,2025,4,April,Friday,24666.02,23432.719
2025-04-18,ORD042653,CUST00579,P018,Jacket,Fashion,Bengaluru,Store,UPI,2,5242.61,0.1,10485.22,9436.7,0,866.88,2025,4,April,Friday,10485.22,9436.698
2025-04-18,ORD038353,CUST00417,P005,Office Chair,Furniture,Kolkata,Online,Credit Card,2,9162.81,0.05,18325.62,17409.34,0,4421.94,2025,4,April,Friday,18325.62,17409.339
2025-04-18,ORD012050,CUST00662,P016,Sofa,Furniture,Pune,Online,UPI,1,38458.37,0.1,38458.37,34612.53,0,7601.21,2025,4,April,Friday,38458.37,34612.533
2025-04-18,ORD036068,CUST03856,P018,Jacket,Fashion,Jaipur,Online,Credit Card,1,4715.23,0.0,4715.23,4715.23,0,1028.8,2025,4,April,Friday,4715.23,4715.23
2025-04-18,ORD035094,CUST02412,P016,Sofa,Furniture,Surat,Online,Credit Card,1,36217.28,0.15,36217.28,30784.69,0,6659.13,2025,4,April,Friday,36217.28,30784.688
2025-04-18,ORD025781,CUST02590,P007,Backpack,Accessories,Delhi,Store,UPI,1,2116.51,0.0,2116.51,2116.51,0,346.53,2025,4,April,Friday,2116.51,2116.51
2025-04-18,ORD010591,CUST00402,P007,Backpack,Accessories,Pune,Online,Credit Card,1,2343.89,0.0,2343.89,2343.89,0,274.36,2025,4,April,Friday,2343.89,2343.89
2025-04-18,ORD043264,CUST03339,P003,Headphones,Electronics,Mumbai,Store,Net Banking,1,4404.08,0.05,4404.08,4183.88,0,383.63,2025,4,April,Friday,4404.08,4183.875999999999
2025-04-18,ORD048278,CUST00168,P019,Vacuum Cleaner,Home,Mumbai,Online,UPI,1,8912.15,0.1,8912.15,8020.94,0,857.15,2025,4,April,Friday,8912.15,8020.9349999999995
2025-04-18,ORD029222,CUST00579,P014,Keyboard,Electronics,Surat,Store,UPI,3,2466.86,0.0,7400.58,7400.58,0,1216.54,2025,4,April,Friday,7400.58,7400.58
2025-04-18,ORD044398,CUST03651,P005,Office Chair,Furniture,Surat,Store,UPI,1,9683.02,0.1,9683.02,8714.72,0,1800.34,2025,4,April,Friday,9683.02,8714.718
2025-04-18,ORD002687,CUST03418,P013,Monitor,Electronics,Bengaluru,Store,Debit Card,3,17395.82,0.1,52187.46,46968.71,0,12795.52,2025,4,April,Friday,52187.46,46968.714
2025-04-18,ORD001423,CUST00696,P019,Vacuum Cleaner,Home,Chennai,Online,UPI,1,9596.05,0.0,9596.05,9596.05,0,1612.45,2025,4,April,Friday,9596.05,9596.05
2025-04-18,ORD037415,CUST03545,P011,Mixer Grinder,Home,Surat,Online,Credit Card,1,4495.96,0.2,4495.96,3596.77,0,273.91,2025,4,April,Friday,4495.96,3596.768
2025-04-18,ORD025872,CUST03274,P002,Smartphone,Electronics,Mumbai,Store,UPI,2,25541.83,0.05,51083.66,48529.48,0,11561.63,2025,4,April,Friday,51083.66,48529.477
2025-04-18,ORD028715,CUST01647,P010,Coffee Maker,Home,Pune,Online,UPI,1,5332.39,0.0,5332.39,5332.39,0,908.59,2025,4,April,Friday,5332.39,5332.39
2025-04-18,ORD032950,CUST01832,P014,Keyboard,Electronics,Kolkata,Online,Debit Card,1,2345.92,0.2,2345.92,1876.74,0,83.33,2025,4,April,Friday,2345.92,1876.736
2025-04-18,ORD023590,CUST02000,P009,T-Shirt,Fashion,Ahmedabad,Online,Net Banking,1,1184.12,0.0,1184.12,1184.12,0,301.97,2025,4,April,Friday,1184.12,1184.12
2025-04-18,ORD034457,CUST04830,P010,Coffee Maker,Home,Kolkata,Online,UPI,2,5099.4,0.1,10198.8,9178.92,0,2451.41,2025,4,April,Friday,10198.8,9178.92
2025-04-18,ORD039614,CUST01045,P019,Vacuum Cleaner,Home,Bengaluru,Online,Net Banking,1,8555.68,0.0,8555.68,8555.68,0,947.03,2025,4,April,Friday,8555.68,8555.68
2025-04-18,ORD004965,CUST00881,P010,Coffee Maker,Home,Kolkata,Online,Net Banking,1,5420.12,0.0,5420.12,5420.12,0,1574.9,2025,4,April,Friday,5420.12,5420.12
2025-04-18,ORD008965,CUST00051,P011,Mixer Grinder,Home,Ahmedabad,Online,Debit Card,1,4786.67,0.1,4786.67,4308.0,0,269.64,2025,4,April,Friday,4786.67,4308.003000000001
2025-04-18,ORD048413,CUST01462,P018,Jacket,Fashion,Hyderabad,Store,Cash,2,5325.18,0.1,10650.36,9585.32,0,2259.36,2025,4,April,Friday,10650.36,9585.324
2025-04-19,ORD006430,CUST02020,P008,Running Shoes,Fashion,Ahmedabad,Online,Credit Card,2,4614.17,0.0,9228.34,9228.34,0,2705.54,2025,4,April,Saturday,9228.34,9228.34
2025-04-19,ORD007439,CUST03448,P009,T-Shirt,Fashion,Hyderabad,Online,Debit Card,2,1090.48,0.25,2180.96,1635.72,0,295.05,2025,4,April,Saturday,2180.96,1635.72
2025-04-19,ORD000614,CUST00993,P018,Jacket,Fashion,Ahmedabad,Online,Credit Card,1,5389.06,0.15,5389.06,4580.7,0,926.92,2025,4,April,Saturday,5389.06,4580.701
2025-04-19,ORD003268,CUST01132,P019,Vacuum Cleaner,Home,Pune,Online,Credit Card,1,8829.7,0.2,8829.7,7063.76,0,1420.07,2025,4,April,Saturday,8829.7,7063.760000000001
2025-04-19,ORD009482,CUST01192,P003,Headphones,Electronics,Bengaluru,Online,Credit Card,1,4572.92,0.15,4572.92,3886.98,0,951.09,2025,4,April,Saturday,4572.92,3886.982
2025-04-19,ORD014903,CUST03727,P001,Laptop,Electronics,Pune,Store,UPI,5,70862.06,0.1,354310.3,318879.27,0,63786.03,2025,4,April,Saturday,354310.3,318879.27
2025-04-19,ORD042166,CUST03051,P013,Monitor,Electronics,Jaipur,Online,Cash,1,19562.36,0.2,19562.36,15649.89,0,3693.57,2025,4,April,Saturday,19562.36,15649.888
2025-04-19,ORD021804,CUST01173,P013,Monitor,Electronics,Pune,Online,UPI,4,18593.27,0.0,74373.08,74373.08,0,7265.8,2025,4,April,Saturday,74373.08,74373.08
2025-04-19,ORD021633,CUST02669,P013,Monitor,Electronics,Bengaluru,Store,UPI,1,18648.91,0.1,18648.91,16784.02,0,3146.0,2025,4,April,Saturday,18648.91,16784.019
2025-04-19,ORD044120,CUST01740,P003,Headphones,Electronics,Pune,Store,Credit Card,1,4382.9,0.0,4382.9,4382.9,0,1006.9,2025,4,April,Saturday,4382.9,4382.9
2025-04-19,ORD021594,CUST04943,P012,Air Fryer,Home,Jaipur,Online,Credit Card,4,6510.16,0.05,26040.64,24738.61,0,6406.9,2025,4,April,Saturday,26040.64,24738.607999999997
2025-04-19,ORD038136,CUST02580,P011,Mixer Grinder,Home,Chennai,Online,Debit Card,2,4587.53,0.1,9175.06,8257.55,0,2032.33,2025,4,April,Saturday,9175.06,8257.554
2025-04-19,ORD015314,CUST00320,P002,Smartphone,Electronics,Hyderabad,Store,Net Banking,1,29454.82,0.05,29454.82,27982.08,0,2480.25,2025,4,April,Saturday,29454.82,27982.078999999998
2025-04-19,ORD038213,CUST04968,P010,Coffee Maker,Home,Ahmedabad,Online,Net Banking,1,4979.02,0.25,4979.02,3734.27,0,519.32,2025,4,April,Saturday,4979.02,3734.2650000000003
2025-04-19,ORD019635,CUST03220,P008,Running Shoes,Fashion,Chennai,Store,Debit Card,3,4130.98,0.1,12392.94,11153.65,0,2970.76,2025,4,April,Saturday,12392.939999999999,11153.646
2025-04-19,ORD038271,CUST03918,P003,Headphones,Electronics,Chennai,Online,Credit Card,1,4077.61,0.15,4077.61,3465.97,1,-173.3,2025,4,April,Saturday,4077.61,3465.9685
2025-04-19,ORD037394,CUST02273,P006,Desk,Furniture,Mumbai,Online,Credit Card,2,12609.38,0.1,25218.76,22696.88,0,1543.98,2025,4,April,Saturday,25218.76,22696.884
2025-04-19,ORD023515,CUST01573,P002,Smartphone,Electronics,Hyderabad,Store,UPI,2,29306.54,0.1,58613.08,52751.77,0,10260.58,2025,4,April,Saturday,58613.08,52751.772000000004
2025-04-19,ORD021333,CUST01488,P007,Backpack,Accessories,Kolkata,Store,Credit Card,4,2325.39,0.0,9301.56,9301.56,0,1127.5,2025,4,April,Saturday,9301.56,9301.56
2025-04-19,ORD033645,CUST02378,P015,Dining Table,Furniture,Ahmedabad,Online,Cash,2,22356.84,0.2,44713.68,35770.94,0,2782.72,2025,4,April,Saturday,44713.68,35770.944
2025-04-19,ORD041146,CUST02868,P008,Running Shoes,Fashion,Delhi,Online,Credit Card,2,4502.47,0.05,9004.94,8554.69,0,896.49,2025,4,April,Saturday,9004.94,8554.693
2025-04-19,ORD038503,CUST01559,P017,Jeans,Fashion,Hyderabad,Store,UPI,1,2812.73,0.05,2812.73,2672.09,0,222.77,2025,4,April,Saturday,2812.73,2672.0935
2025-04-19,ORD047527,CUST02993,P015,Dining Table,Furniture,Jaipur,Online,UPI,3,20264.14,0.2,60792.42,48633.94,0,2377.17,2025,4,April,Saturday,60792.42,48633.936
2025-04-19,ORD046001,CUST00812,P003,Headphones,Electronics,Hyderabad,Store,Credit Card,1,4599.46,0.2,4599.46,3679.57,0,318.17,2025,4,April,Saturday,4599.46,3679.568
2025-04-19,ORD009676,CUST00656,P005,Office Chair,Furniture,Jaipur,Online,UPI,4,8747.36,0.05,34989.44,33239.97,0,3972.46,2025,4,April,Saturday,34989.44,33239.968
2025-04-19,ORD032623,CUST02229,P009,T-Shirt,Fashion,Hyderabad,Online,Credit Card,1,1210.2,0.15,1210.2,1028.67,0,119.69,2025,4,April,Saturday,1210.2,1028.67
2025-04-19,ORD030331,CUST04748,P005,Office Chair,Furniture,Surat,Online,UPI,1,10094.97,0.1,10094.97,9085.47,0,2028.71,2025,4,April,Saturday,10094.97,9085.473
2025-04-19,ORD041148,CUST00620,P013,Monitor,Electronics,Jaipur,Online,Debit Card,1,18099.45,0.1,18099.45,16289.5,0,2185.74,2025,4,April,Saturday,18099.45,16289.505000000001
2025-04-19,ORD004786,CUST02027,P012,Air Fryer,Home,Chennai,Online,Cash,1,6921.07,0.0,6921.07,6921.07,0,798.79,2025,4,April,Saturday,6921.07,6921.07
2025-04-19,ORD027580,CUST01184,P010,Coffee Maker,Home,Hyderabad,Online,UPI,1,4954.86,0.1,4954.86,4459.37,0,1019.91,2025,4,April,Saturday,4954.86,4459.374
2025-04-19,ORD036982,CUST04564,P018,Jacket,Fashion,Chennai,Online,Net Banking,1,4840.53,0.0,4840.53,4840.53,0,775.56,2025,4,April,Saturday,4840.53,4840.53
2025-04-19,ORD026207,CUST01857,P002,Smartphone,Electronics,Chennai,Online,Credit Card,1,27642.63,0.2,27642.63,22114.1,0,4812.18,2025,4,April,Saturday,27642.63,22114.104000000003
2025-04-19,ORD032461,CUST01016,P014,Keyboard,Electronics,Delhi,Store,Debit Card,1,2435.31,0.05,2435.31,2313.54,0,499.28,2025,4,April,Saturday,2435.31,2313.5445
2025-04-19,ORD036594,CUST04237,P015,Dining Table,Furniture,Surat,Online,UPI,4,20557.35,0.05,82229.4,78117.93,0,11854.35,2025,4,April,Saturday,82229.4,78117.93
2025-04-19,ORD039772,CUST03451,P014,Keyboard,Electronics,Pune,Store,UPI,1,2345.6,0.1,2345.6,2111.04,0,440.06,2025,4,April,Saturday,2345.6,2111.04
2025-04-19,ORD006722,CUST03572,P019,Vacuum Cleaner,Home,Hyderabad,Store,Credit Card,1,8279.99,0.1,8279.99,7451.99,1,-372.6,2025,4,April,Saturday,8279.99,7451.991
2025-04-19,ORD042703,CUST04924,P011,Mixer Grinder,Home,Ahmedabad,Online,Debit Card,5,5088.24,0.0,25441.2,25441.2,0,4237.92,2025,4,April,Saturday,25441.199999999997,25441.2
2025-04-19,ORD008187,CUST04841,P016,Sofa,Furniture,Delhi,Store,Credit Card,1,32367.87,0.2,32367.87,25894.3,0,3813.32,2025,4,April,Saturday,32367.87,25894.296000000002
2025-04-19,ORD016992,CUST01898,P008,Running Shoes,Fashion,Hyderabad,Store,Credit Card,1,3976.54,0.0,3976.54,3976.54,0,969.25,2025,4,April,Saturday,3976.54,3976.54
2025-04-19,ORD024816,CUST04957,P018,Jacket,Fashion,Kolkata,Online,UPI,1,5003.39,0.0,5003.39,5003.39,0,1146.53,2025,4,April,Saturday,5003.39,5003.39
2025-04-19,ORD024227,CUST02702,P018,Jacket,Fashion,Kolkata,Online,UPI,1,5184.88,0.1,5184.88,4666.39,0,317.37,2025,4,April,Saturday,5184.88,4666.392
2025-04-19,ORD009309,CUST03553,P009,T-Shirt,Fashion,Kolkata,Online,Cash,1,1281.5,0.1,1281.5,1153.35,0,220.63,2025,4,April,Saturday,1281.5,1153.3500000000001
2025-04-19,ORD020000,CUST03467,P006,Desk,Furniture,Mumbai,Online,Cash,1,11651.04,0.05,11651.04,11068.49,0,1789.49,2025,4,April,Saturday,11651.04,11068.488000000001
2025-04-19,ORD034968,CUST02347,P003,Headphones,Electronics,Surat,Online,UPI,1,4789.28,0.1,4789.28,4310.35,0,308.92,2025,4,April,Saturday,4789.28,4310.352
2025-04-19,ORD026100,CUST01406,P015,Dining Table,Furniture,Mumbai,Online,UPI,1,22749.9,0.1,22749.9,20474.91,0,1562.08,2025,4,April,Saturday,22749.9,20474.910000000003
2025-04-19,ORD033579,CUST02687,P006,Desk,Furniture,Bengaluru,Online,UPI,1,11977.74,0.2,11977.74,9582.19,0,789.82,2025,4,April,Saturday,11977.74,9582.192000000001
2025-04-19,ORD041278,CUST02365,P007,Backpack,Accessories,Mumbai,Store,UPI,1,1996.48,0.0,1996.48,1996.48,0,367.36,2025,4,April,Saturday,1996.48,1996.48
2025-04-19,ORD039377,CUST01778,P004,Smartwatch,Electronics,Jaipur,Store,Debit Card,1,7217.22,0.2,7217.22,5773.78,0,1123.03,2025,4,April,Saturday,7217.22,5773.776000000001
2025-04-19,ORD026984,CUST00608,P019,Vacuum Cleaner,Home,Chennai,Store,Debit Card,3,9722.32,0.0,29166.96,29166.96,0,5560.26,2025,4,April,Saturday,29166.96,29166.96
2025-04-19,ORD015522,CUST00152,P019,Vacuum Cleaner,Home,Jaipur,Online,UPI,1,9318.43,0.05,9318.43,8852.51,0,1129.97,2025,4,April,Saturday,9318.43,8852.5085
2025-04-19,ORD019141,CUST01345,P007,Backpack,Accessories,Delhi,Store,Credit Card,4,2195.63,0.05,8782.52,8343.39,0,1218.69,2025,4,April,Saturday,8782.52,8343.394
2025-04-19,ORD040010,CUST04408,P004,Smartwatch,Electronics,Kolkata,Store,UPI,5,7600.21,0.1,38001.05,34200.95,0,2115.48,2025,4,April,Saturday,38001.05,34200.94500000001
2025-04-19,ORD026972,CUST00996,P018,Jacket,Fashion,Ahmedabad,Store,Debit Card,5,5470.04,0.0,27350.2,27350.2,0,4806.63,2025,4,April,Saturday,27350.2,27350.2
2025-04-19,ORD039775,CUST04535,P007,Backpack,Accessories,Bengaluru,Online,UPI,1,2218.54,0.1,2218.54,1996.69,0,354.67,2025,4,April,Saturday,2218.54,1996.686
2025-04-19,ORD044788,CUST04934,P001,Laptop,Electronics,Pune,Online,Credit Card,5,65638.74,0.0,328193.7,328193.7,0,95074.13,2025,4,April,Saturday,328193.7,328193.7
2025-04-19,ORD013139,CUST00161,P002,Smartphone,Electronics,Hyderabad,Store,Debit Card,1,30331.53,0.0,30331.53,30331.53,0,3002.0,2025,4,April,Saturday,30331.53,30331.53
2025-04-19,ORD010687,CUST00130,P004,Smartwatch,Electronics,Hyderabad,Online,UPI,1,6938.02,0.1,6938.02,6244.22,0,393.34,2025,4,April,Saturday,6938.02,6244.218000000001
2025-04-19,ORD003930,CUST00550,P020,Microwave,Home,Hyderabad,Online,UPI,3,11698.62,0.2,35095.86,28076.69,0,6398.81,2025,4,April,Saturday,35095.86,28076.688000000002
2025-04-19,ORD048346,CUST01993,P001,Laptop,Electronics,Surat,Store,Cash,3,66507.35,0.1,199522.05,179569.85,0,35357.05,2025,4,April,Saturday,199522.05000000002,179569.845
2025-04-19,ORD039781,CUST04263,P016,Sofa,Furniture,Bengaluru,Online,UPI,5,36278.95,0.1,181394.75,163255.28,0,39618.84,2025,4,April,Saturday,181394.75,163255.275
2025-04-19,ORD003746,CUST02525,P012,Air Fryer,Home,Ahmedabad,Online,Credit Card,1,7188.95,0.1,7188.95,6470.06,1,-323.5,2025,4,April,Saturday,7188.95,6470.055
2025-04-19,ORD030542,CUST02060,P020,Microwave,Home,Hyderabad,Online,UPI,1,11993.29,0.05,11993.29,11393.63,0,1253.92,2025,4,April,Saturday,11993.29,11393.6255
2025-04-20,ORD029029,CUST00432,P016,Sofa,Furniture,Mumbai,Store,Debit Card,3,35752.69,0.2,107258.07,85806.46,0,14145.91,2025,4,April,Sunday,107258.07,85806.456
2025-04-20,ORD034786,CUST01052,P019,Vacuum Cleaner,Home,Mumbai,Store,Credit Card,1,9298.82,0.05,9298.82,8833.88,0,2272.76,2025,4,April,Sunday,9298.82,8833.878999999999
2025-04-20,ORD001525,CUST01339,P006,Desk,Furniture,Jaipur,Online,UPI,2,11242.03,0.1,22484.06,20235.65,0,2742.23,2025,4,April,Sunday,22484.06,20235.654000000002
2025-04-20,ORD033789,CUST03808,P001,Laptop,Electronics,Mumbai,Online,UPI,5,68097.02,0.15,340485.1,289412.34,0,33408.56,2025,4,April,Sunday,340485.10000000003,289412.33499999996
2025-04-20,ORD037180,CUST02084,P010,Coffee Maker,Home,Delhi,Store,UPI,5,5408.55,0.1,27042.75,24338.48,0,5658.77,2025,4,April,Sunday,27042.75,24338.475000000002
2025-04-20,ORD033011,CUST04927,P008,Running Shoes,Fashion,Mumbai,Online,UPI,1,4530.07,0.1,4530.07,4077.06,0,877.85,2025,4,April,Sunday,4530.07,4077.0629999999996
2025-04-20,ORD014259,CUST01180,P002,Smartphone,Electronics,Pune,Online,Credit Card,1,27367.99,0.05,27367.99,25999.59,0,6388.03,2025,4,April,Sunday,27367.99,25999.590500000002
2025-04-20,ORD003145,CUST03456,P016,Sofa,Furniture,Surat,Store,UPI,2,33063.26,0.0,66126.52,66126.52,0,15461.47,2025,4,April,Sunday,66126.52,66126.52
2025-04-20,ORD007356,CUST02312,P017,Jeans,Fashion,Pune,Store,UPI,4,2857.08,0.05,11428.32,10856.9,0,2052.09,2025,4,April,Sunday,11428.32,10856.903999999999
2025-04-20,ORD039933,CUST02588,P010,Coffee Maker,Home,Jaipur,Online,UPI,1,5149.56,0.2,5149.56,4119.65,0,809.42,2025,4,April,Sunday,5149.56,4119.648
2025-04-20,ORD029210,CUST00692,P004,Smartwatch,Electronics,Ahmedabad,Online,UPI,2,6602.01,0.05,13204.02,12543.82,0,1700.25,2025,4,April,Sunday,13204.02,12543.819
2025-04-20,ORD021634,CUST02153,P017,Jeans,Fashion,Ahmedabad,Online,Net Banking,1,3047.46,0.2,3047.46,2437.97,0,326.28,2025,4,April,Sunday,3047.46,2437.9680000000003
2025-04-20,ORD019350,CUST03756,P007,Backpack,Accessories,Pune,Online,UPI,1,2144.93,0.2,2144.93,1715.94,0,353.28,2025,4,April,Sunday,2144.93,1715.944
2025-04-20,ORD002979,CUST00292,P010,Coffee Maker,Home,Chennai,Store,Credit Card,1,5645.96,0.0,5645.96,5645.96,0,525.98,2025,4,April,Sunday,5645.96,5645.96
2025-04-20,ORD007766,CUST00062,P011,Mixer Grinder,Home,Bengaluru,Online,Credit Card,2,4438.22,0.1,8876.44,7988.8,0,955.93,2025,4,April,Sunday,8876.44,7988.796
2025-04-20,ORD045209,CUST00292,P005,Office Chair,Furniture,Jaipur,Store,UPI,1,10118.62,0.1,10118.62,9106.76,0,2481.68,2025,4,April,Sunday,10118.62,9106.758000000002
2025-04-20,ORD022975,CUST02235,P003,Headphones,Electronics,Mumbai,Online,Net Banking,1,4568.83,0.05,4568.83,4340.39,0,1230.44,2025,4,April,Sunday,4568.83,4340.3885
2025-04-20,ORD000194,CUST02811,P004,Smartwatch,Electronics,Jaipur,Store,Credit Card,1,6630.2,0.15,6630.2,5635.67,0,359.33,2025,4,April,Sunday,6630.2,5635.67
2025-04-20,ORD041940,CUST02654,P003,Headphones,Electronics,Surat,Online,UPI,3,4272.44,0.0,12817.32,12817.32,0,1405.26,2025,4,April,Sunday,12817.32,12817.32
2025-04-20,ORD033549,CUST04913,P019,Vacuum Cleaner,Home,Jaipur,Store,UPI,1,9789.58,0.05,9789.58,9300.1,0,1812.59,2025,4,April,Sunday,9789.58,9300.100999999999
2025-04-20,ORD017415,CUST01808,P010,Coffee Maker,Home,Chennai,Store,UPI,1,5661.15,0.1,5661.15,5095.04,0,659.59,2025,4,April,Sunday,5661.15,5095.035
2025-04-20,ORD011528,CUST00202,P007,Backpack,Accessories,Kolkata,Store,UPI,1,2301.97,0.0,2301.97,2301.97,0,548.29,2025,4,April,Sunday,2301.97,2301.97
2025-04-20,ORD025057,CUST04774,P010,Coffee Maker,Home,Kolkata,Online,UPI,2,5295.56,0.1,10591.12,9532.01,0,1976.1,2025,4,April,Sunday,10591.12,9532.008000000002
2025-04-20,ORD027229,CUST03704,P014,Keyboard,Electronics,Hyderabad,Store,Credit Card,1,2389.64,0.15,2389.64,2031.19,0,337.41,2025,4,April,Sunday,2389.64,2031.1939999999997
2025-04-20,ORD036488,CUST01049,P004,Smartwatch,Electronics,Kolkata,Store,UPI,1,7131.8,0.25,7131.8,5348.85,0,1276.72,2025,4,April,Sunday,7131.8,5348.85
2025-04-20,ORD007137,CUST04607,P020,Microwave,Home,Ahmedabad,Store,UPI,2,11567.27,0.0,23134.54,23134.54,0,6176.76,2025,4,April,Sunday,23134.54,23134.54
2025-04-20,ORD028706,CUST03133,P010,Coffee Maker,Home,Chennai,Store,Net Banking,4,5126.26,0.05,20505.04,19479.79,0,2652.71,2025,4,April,Sunday,20505.04,19479.788
2025-04-20,ORD032802,CUST02993,P006,Desk,Furniture,Ahmedabad,Store,Net Banking,1,11344.94,0.05,11344.94,10777.69,0,2258.5,2025,4,April,Sunday,11344.94,10777.693
2025-04-20,ORD026240,CUST04812,P011,Mixer Grinder,Home,Surat,Store,Net Banking,1,4752.38,0.15,4752.38,4039.52,0,775.76,2025,4,April,Sunday,4752.38,4039.523
2025-04-20,ORD049005,CUST02723,P010,Coffee Maker,Home,Jaipur,Online,Debit Card,2,5869.23,0.0,11738.46,11738.46,0,3422.47,2025,4,April,Sunday,11738.46,11738.46
2025-04-20,ORD034078,CUST04635,P010,Coffee Maker,Home,Delhi,Online,Credit Card,2,5417.27,0.1,10834.54,9751.09,0,1944.65,2025,4,April,Sunday,10834.54,9751.086000000001
2025-04-20,ORD033533,CUST00665,P011,Mixer Grinder,Home,Delhi,Online,UPI,2,4338.61,0.1,8677.22,7809.5,0,498.81,2025,4,April,Sunday,8677.22,7809.498
2025-04-20,ORD030321,CUST00673,P012,Air Fryer,Home,Bengaluru,Online,UPI,1,7355.33,0.2,7355.33,5884.26,0,1174.48,2025,4,April,Sunday,7355.33,5884.264
2025-04-20,ORD012768,CUST00272,P009,T-Shirt,Fashion,Chennai,Store,Debit Card,1,1311.02,0.1,1311.02,1179.92,0,206.9,2025,4,April,Sunday,1311.02,1179.9180000000001
2025-04-20,ORD027667,CUST04154,P004,Smartwatch,Electronics,Bengaluru,Online,Credit Card,1,6709.67,0.05,6709.67,6374.19,0,1287.71,2025,4,April,Sunday,6709.67,6374.1865
2025-04-20,ORD036925,CUST04987,P001,Laptop,Electronics,Pune,Online,UPI,4,68292.5,0.0,273170.0,273170.0,0,40982.57,2025,4,April,Sunday,273170.0,273170.0
2025-04-20,ORD008840,CUST02263,P015,Dining Table,Furniture,Mumbai,Online,Debit Card,1,23020.53,0.1,23020.53,20718.48,0,2769.28,2025,4,April,Sunday,23020.53,20718.477
2025-04-20,ORD016308,CUST02684,P012,Air Fryer,Home,Bengaluru,Online,Credit Card,1,6549.71,0.2,6549.71,5239.77,0,752.97,2025,4,April,Sunday,6549.71,5239.768
2025-04-20,ORD016818,CUST04408,P007,Backpack,Accessories,Bengaluru,Online,Cash,1,2004.47,0.0,2004.47,2004.47,1,-100.22,2025,4,April,Sunday,2004.47,2004.47
2025-04-20,ORD043340,CUST02922,P003,Headphones,Electronics,Delhi,Online,UPI,1,4942.56,0.2,4942.56,3954.05,0,420.56,2025,4,April,Sunday,4942.56,3954.0480000000007
2025-04-20,ORD031456,CUST03384,P020,Microwave,Home,Chennai,Store,Net Banking,2,11611.31,0.05,23222.62,22061.49,0,4949.49,2025,4,April,Sunday,23222.62,22061.488999999998
2025-04-20,ORD013024,CUST03869,P008,Running Shoes,Fashion,Pune,Online,Credit Card,5,4432.42,0.0,22162.1,22162.1,0,3736.47,2025,4,April,Sunday,22162.1,22162.1
2025-04-20,ORD043094,CUST00608,P004,Smartwatch,Electronics,Jaipur,Online,Debit Card,1,6427.75,0.15,6427.75,5463.59,0,552.91,2025,4,April,Sunday,6427.75,5463.5875
2025-04-20,ORD035384,CUST00011,P016,Sofa,Furniture,Bengaluru,Online,Debit Card,1,34486.13,0.1,34486.13,31037.52,0,2883.39,2025,4,April,Sunday,34486.13,31037.517
2025-04-20,ORD018998,CUST04946,P020,Microwave,Home,Chennai,Online,UPI,1,10985.0,0.0,10985.0,10985.0,0,1252.95,2025,4,April,Sunday,10985.0,10985.0
2025-04-20,ORD005624,CUST04882,P014,Keyboard,Electronics,Surat,Store,UPI,2,2439.7,0.15,4879.4,4147.49,0,356.32,2025,4,April,Sunday,4879.4,4147.49
2025-04-20,ORD014917,CUST01824,P019,Vacuum Cleaner,Home,Hyderabad,Store,UPI,1,8165.93,0.1,8165.93,7349.34,0,897.87,2025,4,April,Sunday,8165.93,7349.337
2025-04-20,ORD000615,CUST03583,P015,Dining Table,Furniture,Delhi,Online,Net Banking,1,21391.07,0.15,21391.07,18182.41,0,4146.7,2025,4,April,Sunday,21391.07,18182.409499999998
2025-04-20,ORD010082,CUST01349,P007,Backpack,Accessories,Surat,Store,UPI,4,2084.18,0.15,8336.72,7086.21,0,1026.11,2025,4,April,Sunday,8336.72,7086.2119999999995
2025-04-20,ORD015728,CUST04935,P005,Office Chair,Furniture,Chennai,Store,UPI,1,9949.96,0.1,9949.96,8954.96,0,1483.68,2025,4,April,Sunday,9949.96,8954.964
2025-04-20,ORD043969,CUST04471,P015,Dining Table,Furniture,Bengaluru,Online,Credit Card,1,22968.56,0.05,22968.56,21820.13,0,1917.75,2025,4,April,Sunday,22968.56,21820.132
2025-04-20,ORD011421,CUST00612,P012,Air Fryer,Home,Pune,Online,Net Banking,1,6681.44,0.2,6681.44,5345.15,0,523.78,2025,4,April,Sunday,6681.44,5345.152
2025-04-20,ORD020818,CUST04219,P013,Monitor,Electronics,Bengaluru,Online,Net Banking,1,17418.67,0.15,17418.67,14805.87,0,2498.3,2025,4,April,Sunday,17418.67,14805.869499999999
2025-04-20,ORD014278,CUST03912,P001,Laptop,Electronics,Ahmedabad,Online,Cash,1,67369.13,0.0,67369.13,67369.13,1,-3368.46,2025,4,April,Sunday,67369.13,67369.13
2025-04-20,ORD026739,CUST01120,P001,Laptop,Electronics,Pune,Online,Credit Card,1,59336.69,0.15,59336.69,50436.19,0,13107.53,2025,4,April,Sunday,59336.69,50436.1865
2025-04-20,ORD021347,CUST04319,P006,Desk,Furniture,Chennai,Online,UPI,4,11408.66,0.05,45634.64,43352.91,0,9875.18,2025,4,April,Sunday,45634.64,43352.907999999996
2025-04-20,ORD011037,CUST03059,P014,Keyboard,Electronics,Surat,Store,UPI,1,2535.02,0.05,2535.02,2408.27,0,599.41,2025,4,April,Sunday,2535.02,2408.269
2025-04-20,ORD009448,CUST03643,P008,Running Shoes,Fashion,Surat,Online,UPI,1,3946.44,0.05,3946.44,3749.12,0,719.4,2025,4,April,Sunday,3946.44,3749.118
2025-04-20,ORD025959,CUST00976,P003,Headphones,Electronics,Mumbai,Online,UPI,1,4413.96,0.05,4413.96,4193.26,0,566.66,2025,4,April,Sunday,4413.96,4193.262
2025-04-20,ORD035216,CUST00540,P015,Dining Table,Furniture,Pune,Online,Debit Card,5,20031.65,0.2,100158.25,80126.6,0,3723.44,2025,4,April,Sunday,100158.25,80126.6
2025-04-20,ORD038296,CUST01335,P006,Desk,Furniture,Ahmedabad,Store,Credit Card,1,12493.53,0.1,12493.53,11244.18,0,2211.35,2025,4,April,Sunday,12493.53,11244.177000000001
2025-04-20,ORD043831,CUST04601,P003,Headphones,Electronics,Hyderabad,Store,Credit Card,1,4273.38,0.15,4273.38,3632.37,0,478.1,2025,4,April,Sunday,4273.38,3632.373
2025-04-20,ORD015851,CUST04035,P015,Dining Table,Furniture,Kolkata,Store,Debit Card,4,20132.57,0.15,80530.28,68450.74,0,4556.4,2025,4,April,Sunday,80530.28,68450.738
2025-04-20,ORD028163,CUST00844,P007,Backpack,Accessories,Ahmedabad,Online,Credit Card,2,2153.48,0.0,4306.96,4306.96,0,554.3,2025,4,April,Sunday,4306.96,4306.96
2025-04-20,ORD024822,CUST00984,P009,T-Shirt,Fashion,Mumbai,Online,Net Banking,4,1308.83,0.05,5235.32,4973.55,0,664.61,2025,4,April,Sunday,5235.32,4973.553999999999
2025-04-20,ORD002546,CUST04919,P012,Air Fryer,Home,Mumbai,Store,UPI,1,7600.41,0.05,7600.41,7220.39,0,1756.07,2025,4,April,Sunday,7600.41,7220.389499999999
2025-04-20,ORD006338,CUST04194,P015,Dining Table,Furniture,Chennai,Online,Net Banking,2,20470.34,0.05,40940.68,38893.65,0,10474.74,2025,4,April,Sunday,40940.68,38893.646
2025-04-20,ORD025389,CUST01366,P001,Laptop,Electronics,Hyderabad,Online,Credit Card,1,64042.24,0.1,64042.24,57638.02,0,4048.9,2025,4,April,Sunday,64042.24,57638.015999999996
2025-04-20,ORD043970,CUST00278,P004,Smartwatch,Electronics,Mumbai,Online,UPI,2,6573.76,0.0,13147.52,13147.52,0,1334.58,2025,4,April,Sunday,13147.52,13147.52
2025-04-21,ORD034472,CUST00467,P003,Headphones,Electronics,Mumbai,Online,Debit Card,1,4215.56,0.15,4215.56,3583.23,0,460.06,2025,4,April,Monday,4215.56,3583.226
2025-04-21,ORD021379,CUST02535,P020,Microwave,Home,Surat,Store,Credit Card,1,10643.66,0.1,10643.66,9579.29,0,1282.09,2025,4,April,Monday,10643.66,9579.294
2025-04-21,ORD024333,CUST04107,P006,Desk,Furniture,Surat,Online,Debit Card,1,12751.96,0.05,12751.96,12114.36,0,1600.79,2025,4,April,Monday,12751.96,12114.362
2025-04-21,ORD031021,CUST00833,P003,Headphones,Electronics,Pune,Online,UPI,1,4714.05,0.0,4714.05,4714.05,0,1243.0,2025,4,April,Monday,4714.05,4714.05
2025-04-21,ORD006578,CUST01011,P010,Coffee Maker,Home,Hyderabad,Store,Cash,4,5622.15,0.05,22488.6,21364.17,0,5094.95,2025,4,April,Monday,22488.6,21364.17
2025-04-21,ORD027782,CUST04217,P014,Keyboard,Electronics,Surat,Store,Debit Card,1,2311.22,0.05,2311.22,2195.66,0,280.67,2025,4,April,Monday,2311.22,2195.6589999999997
2025-04-21,ORD032700,CUST03235,P002,Smartphone,Electronics,Hyderabad,Online,UPI,1,27280.68,0.2,27280.68,21824.54,0,1912.44,2025,4,April,Monday,27280.68,21824.544
2025-04-21,ORD027112,CUST03063,P013,Monitor,Electronics,Jaipur,Online,Debit Card,2,17278.41,0.1,34556.82,31101.14,0,4522.76,2025,4,April,Monday,34556.82,31101.138
2025-04-21,ORD031976,CUST01580,P012,Air Fryer,Home,Surat,Store,Credit Card,2,6568.17,0.05,13136.34,12479.52,0,2682.91,2025,4,April,Monday,13136.34,12479.523
2025-04-21,ORD020081,CUST03607,P015,Dining Table,Furniture,Bengaluru,Online,Credit Card,1,22075.49,0.0,22075.49,22075.49,0,3433.88,2025,4,April,Monday,22075.49,22075.49
2025-04-21,ORD044970,CUST02610,P005,Office Chair,Furniture,Kolkata,Online,UPI,3,9260.31,0.25,27780.93,20835.7,0,3422.39,2025,4,April,Monday,27780.93,20835.697500000002
2025-04-21,ORD021837,CUST04108,P001,Laptop,Electronics,Kolkata,Online,Debit Card,2,61392.47,0.15,122784.94,104367.2,0,14503.12,2025,4,April,Monday,122784.94,104367.199
2025-04-21,ORD043879,CUST01338,P004,Smartwatch,Electronics,Pune,Store,UPI,1,7328.04,0.1,7328.04,6595.24,0,1214.66,2025,4,April,Monday,7328.04,6595.236
2025-04-21,ORD033866,CUST00540,P012,Air Fryer,Home,Pune,Online,UPI,2,7206.68,0.05,14413.36,13692.69,0,3190.72,2025,4,April,Monday,14413.36,13692.692
2025-04-21,ORD040529,CUST00574,P004,Smartwatch,Electronics,Delhi,Store,Credit Card,4,7542.11,0.2,30168.44,24134.75,0,4840.05,2025,4,April,Monday,30168.44,24134.752
2025-04-21,ORD009566,CUST03178,P004,Smartwatch,Electronics,Pune,Store,Debit Card,1,6393.37,0.1,6393.37,5754.03,0,1052.15,2025,4,April,Monday,6393.37,5754.033
2025-04-21,ORD018651,CUST03090,P004,Smartwatch,Electronics,Delhi,Online,UPI,3,7178.87,0.2,21536.61,17229.29,0,2605.48,2025,4,April,Monday,21536.61,17229.288
2025-04-21,ORD035241,CUST01879,P012,Air Fryer,Home,Hyderabad,Online,UPI,1,6520.16,0.1,6520.16,5868.14,0,1332.68,2025,4,April,Monday,6520.16,5868.144
2025-04-21,ORD048845,CUST03493,P019,Vacuum Cleaner,Home,Hyderabad,Store,UPI,2,9504.84,0.0,19009.68,19009.68,0,3239.29,2025,4,April,Monday,19009.68,19009.68
2025-04-21,ORD032652,CUST01803,P017,Jeans,Fashion,Delhi,Store,Net Banking,1,2900.51,0.1,2900.51,2610.46,0,431.5,2025,4,April,Monday,2900.51,2610.4590000000003
2025-04-21,ORD032302,CUST03911,P002,Smartphone,Electronics,Mumbai,Online,Net Banking,1,27223.31,0.0,27223.31,27223.31,1,-1361.17,2025,4,April,Monday,27223.31,27223.31
2025-04-21,ORD006268,CUST01586,P001,Laptop,Electronics,Ahmedabad,Online,Credit Card,5,65045.12,0.1,325225.6,292703.04,0,34393.18,2025,4,April,Monday,325225.60000000003,292703.04
2025-04-21,ORD000222,CUST01086,P002,Smartphone,Electronics,Ahmedabad,Online,Credit Card,2,30196.89,0.1,60393.78,54354.4,0,4205.57,2025,4,April,Monday,60393.78,54354.402
2025-04-21,ORD043785,CUST00197,P011,Mixer Grinder,Home,Pune,Online,Net Banking,3,4618.97,0.1,13856.91,12471.22,1,-623.56,2025,4,April,Monday,13856.91,12471.219000000001
2025-04-21,ORD049071,CUST03961,P016,Sofa,Furniture,Jaipur,Online,UPI,2,38392.06,0.05,76784.12,72944.91,0,20059.29,2025,4,April,Monday,76784.12,72944.91399999999
2025-04-21,ORD043097,CUST02030,P002,Smartphone,Electronics,Delhi,Store,UPI,1,30044.48,0.05,30044.48,28542.26,1,-1427.11,2025,4,April,Monday,30044.48,28542.255999999998
2025-04-21,ORD015059,CUST03655,P010,Coffee Maker,Home,Hyderabad,Online,UPI,2,5173.13,0.1,10346.26,9311.63,0,2407.62,2025,4,April,Monday,10346.26,9311.634
2025-04-21,ORD012946,CUST00773,P014,Keyboard,Electronics,Hyderabad,Store,Credit Card,4,2603.83,0.0,10415.32,10415.32,0,1662.33,2025,4,April,Monday,10415.32,10415.32
2025-04-21,ORD026293,CUST03130,P019,Vacuum Cleaner,Home,Kolkata,Store,Net Banking,5,9433.13,0.0,47165.65,47165.65,0,9802.2,2025,4,April,Monday,47165.649999999994,47165.65
2025-04-21,ORD000474,CUST02758,P003,Headphones,Electronics,Delhi,Online,Credit Card,2,4113.48,0.0,8226.96,8226.96,0,1002.28,2025,4,April,Monday,8226.96,8226.96
2025-04-21,ORD006476,CUST04100,P018,Jacket,Fashion,Surat,Store,UPI,1,5468.44,0.0,5468.44,5468.44,0,1120.26,2025,4,April,Monday,5468.44,5468.44
2025-04-21,ORD041722,CUST04245,P001,Laptop,Electronics,Mumbai,Online,Credit Card,1,69353.06,0.05,69353.06,65885.41,0,5205.38,2025,4,April,Monday,69353.06,65885.40699999999
2025-04-21,ORD046385,CUST04818,P013,Monitor,Electronics,Mumbai,Online,Debit Card,1,18313.7,0.0,18313.7,18313.7,0,3919.84,2025,4,April,Monday,18313.7,18313.7
2025-04-21,ORD016540,CUST00271,P019,Vacuum Cleaner,Home,Pune,Store,Credit Card,1,9524.25,0.25,9524.25,7143.19,0,971.72,2025,4,April,Monday,9524.25,7143.1875
2025-04-21,ORD037367,CUST00153,P010,Coffee Maker,Home,Hyderabad,Online,UPI,2,5811.82,0.1,11623.64,10461.28,0,1444.36,2025,4,April,Monday,11623.64,10461.276
2025-04-21,ORD013685,CUST00384,P003,Headphones,Electronics,Jaipur,Online,Credit Card,1,4256.26,0.25,4256.26,3192.2,0,748.17,2025,4,April,Monday,4256.26,3192.195
2025-04-21,ORD049153,CUST01849,P006,Desk,Furniture,Chennai,Store,UPI,1,12951.51,0.1,12951.51,11656.36,0,2829.41,2025,4,April,Monday,12951.51,11656.359
2025-04-21,ORD033634,CUST01717,P009,T-Shirt,Fashion,Hyderabad,Store,Debit Card,4,1213.49,0.05,4853.96,4611.26,0,1119.26,2025,4,April,Monday,4853.96,4611.262
2025-04-21,ORD017159,CUST01022,P007,Backpack,Accessories,Kolkata,Online,Credit Card,1,2256.12,0.2,2256.12,1804.9,0,342.67,2025,4,April,Monday,2256.12,1804.896
2025-04-21,ORD011194,CUST03154,P008,Running Shoes,Fashion,Ahmedabad,Online,Debit Card,1,4145.18,0.0,4145.18,4145.18,0,541.29,2025,4,April,Monday,4145.18,4145.18
2025-04-21,ORD021586,CUST03933,P015,Dining Table,Furniture,Pune,Store,UPI,2,20070.03,0.05,40140.06,38133.06,0,5265.71,2025,4,April,Monday,40140.06,38133.05699999999
2025-04-21,ORD005101,CUST01465,P002,Smartphone,Electronics,Bengaluru,Online,Credit Card,3,28580.55,0.15,85741.65,72880.4,0,5369.05,2025,4,April,Monday,85741.65,72880.4025
2025-04-21,ORD028407,CUST01887,P005,Office Chair,Furniture,Chennai,Online,UPI,2,8964.76,0.15,17929.52,15240.09,0,3493.53,2025,4,April,Monday,17929.52,15240.092
2025-04-21,ORD048065,CUST02126,P018,Jacket,Fashion,Kolkata,Online,Credit Card,1,5652.68,0.1,5652.68,5087.41,0,1311.4,2025,4,April,Monday,5652.68,5087.412
2025-04-21,ORD049390,CUST01250,P011,Mixer Grinder,Home,Kolkata,Online,UPI,1,4940.96,0.0,4940.96,4940.96,0,1336.99,2025,4,April,Monday,4940.96,4940.96
2025-04-21,ORD000677,CUST01867,P006,Desk,Furniture,Jaipur,Store,Credit Card,1,13035.58,0.05,13035.58,12383.8,0,2995.44,2025,4,April,Monday,13035.58,12383.801
2025-04-21,ORD037817,CUST00335,P011,Mixer Grinder,Home,Bengaluru,Online,Credit Card,1,4606.04,0.1,4606.04,4145.44,0,528.27,2025,4,April,Monday,4606.04,4145.436
2025-04-21,ORD009531,CUST03526,P019,Vacuum Cleaner,Home,Pune,Store,Debit Card,4,8688.81,0.1,34755.24,31279.72,1,-1563.99,2025,4,April,Monday,34755.24,31279.716
2025-04-21,ORD004494,CUST04011,P002,Smartphone,Electronics,Jaipur,Store,Credit Card,5,25356.07,0.0,126780.35,126780.35,0,36757.93,2025,4,April,Monday,126780.35,126780.35
2025-04-21,ORD024581,CUST04640,P002,Smartphone,Electronics,Surat,Store,Debit Card,1,26754.44,0.0,26754.44,26754.44,0,2631.62,2025,4,April,Monday,26754.44,26754.44
2025-04-21,ORD015801,CUST00462,P014,Keyboard,Electronics,Kolkata,Store,Debit Card,1,2257.88,0.1,2257.88,2032.09,0,364.5,2025,4,April,Monday,2257.88,2032.092
2025-04-21,ORD048148,CUST00222,P006,Desk,Furniture,Ahmedabad,Online,Net Banking,1,12621.23,0.1,12621.23,11359.11,1,-567.96,2025,4,April,Monday,12621.23,11359.107
2025-04-21,ORD015347,CUST02301,P007,Backpack,Accessories,Pune,Online,UPI,2,2068.91,0.1,4137.82,3724.04,0,762.8,2025,4,April,Monday,4137.82,3724.038
2025-04-21,ORD001760,CUST02888,P016,Sofa,Furniture,Pune,Store,Cash,2,31567.08,0.2,63134.16,50507.33,1,-2525.37,2025,4,April,Monday,63134.16,50507.32800000001
2025-04-21,ORD013317,CUST03253,P019,Vacuum Cleaner,Home,Chennai,Online,UPI,1,8584.18,0.1,8584.18,7725.76,0,688.41,2025,4,April,Monday,8584.18,7725.762000000001
2025-04-21,ORD020008,CUST01279,P013,Monitor,Electronics,Chennai,Online,Net Banking,1,17784.25,0.0,17784.25,17784.25,0,3561.69,2025,4,April,Monday,17784.25,17784.25
2025-04-21,ORD035132,CUST04560,P016,Sofa,Furniture,Bengaluru,Online,Cash,2,36907.51,0.1,73815.02,66433.52,0,13588.15,2025,4,April,Monday,73815.02,66433.51800000001
2025-04-21,ORD029896,CUST03478,P007,Backpack,Accessories,Jaipur,Online,UPI,1,2325.71,0.05,2325.71,2209.42,0,507.95,2025,4,April,Monday,2325.71,2209.4245
2025-04-21,ORD032397,CUST01034,P017,Jeans,Fashion,Jaipur,Online,UPI,1,2581.04,0.25,2581.04,1935.78,0,455.12,2025,4,April,Monday,2581.04,1935.78
2025-04-21,ORD043532,CUST00369,P020,Microwave,Home,Ahmedabad,Store,Cash,1,11083.96,0.15,11083.96,9421.37,0,1475.39,2025,4,April,Monday,11083.96,9421.365999999998
2025-04-21,ORD032400,CUST02331,P018,Jacket,Fashion,Ahmedabad,Online,UPI,3,5386.95,0.1,16160.85,14544.76,0,2118.07,2025,4,April,Monday,16160.849999999999,14544.765000000001
2025-04-21,ORD049244,CUST00493,P017,Jeans,Fashion,Mumbai,Online,UPI,1,2623.62,0.1,2623.62,2361.26,0,340.77,2025,4,April,Monday,2623.62,2361.258
2025-04-21,ORD009322,CUST01683,P003,Headphones,Electronics,Chennai,Store,Credit Card,2,4279.04,0.15,8558.08,7274.37,0,580.09,2025,4,April,Monday,8558.08,7274.3679999999995
2025-04-21,ORD049819,CUST01737,P013,Monitor,Electronics,Bengaluru,Store,UPI,1,16705.06,0.1,16705.06,15034.55,0,1140.99,2025,4,April,Monday,16705.06,15034.554000000002
2025-04-21,ORD005517,CUST04828,P019,Vacuum Cleaner,Home,Kolkata,Store,UPI,2,9665.55,0.0,19331.1,19331.1,0,3762.08,2025,4,April,Monday,19331.1,19331.1
2025-04-21,ORD040773,CUST01650,P013,Monitor,Electronics,Delhi,Online,Debit Card,2,19728.87,0.0,39457.74,39457.74,0,8662.76,2025,4,April,Monday,39457.74,39457.74
2025-04-21,ORD022925,CUST02504,P019,Vacuum Cleaner,Home,Pune,Store,UPI,1,9501.82,0.0,9501.82,9501.82,0,2165.41,2025,4,April,Monday,9501.82,9501.82
2025-04-21,ORD032362,CUST03631,P019,Vacuum Cleaner,Home,Mumbai,Online,Net Banking,1,9041.47,0.05,9041.47,8589.4,0,732.2,2025,4,April,Monday,9041.47,8589.396499999999
2025-04-21,ORD009823,CUST00347,P015,Dining Table,Furniture,Kolkata,Online,Credit Card,2,22273.12,0.05,44546.24,42318.93,1,-2115.95,2025,4,April,Monday,44546.24,42318.92799999999
2025-04-21,ORD016827,CUST03798,P006,Desk,Furniture,Surat,Online,Debit Card,3,11165.31,0.0,33495.93,33495.93,0,9324.96,2025,4,April,Monday,33495.93,33495.93
2025-04-21,ORD004109,CUST01371,P019,Vacuum Cleaner,Home,Hyderabad,Online,UPI,1,9825.08,0.25,9825.08,7368.81,0,987.6,2025,4,April,Monday,9825.08,7368.8099999999995
2025-04-21,ORD011792,CUST00878,P009,T-Shirt,Fashion,Mumbai,Store,Debit Card,1,1274.72,0.1,1274.72,1147.25,0,212.33,2025,4,April,Monday,1274.72,1147.248
2025-04-21,ORD020896,CUST02222,P001,Laptop,Electronics,Surat,Store,UPI,2,67801.24,0.1,135602.48,122042.23,0,13071.57,2025,4,April,Monday,135602.48,122042.23200000002
2025-04-21,ORD014145,CUST00975,P004,Smartwatch,Electronics,Hyderabad,Online,Credit Card,1,6609.33,0.15,6609.33,5617.93,0,543.39,2025,4,April,Monday,6609.33,5617.9304999999995
2025-04-21,ORD040710,CUST01043,P020,Microwave,Home,Surat,Online,UPI,2,10112.06,0.05,20224.12,19212.91,0,5184.73,2025,4,April,Monday,20224.12,19212.913999999997
2025-04-21,ORD008267,CUST02934,P017,Jeans,Fashion,Surat,Store,UPI,1,2731.85,0.25,2731.85,2048.89,0,315.7,2025,4,April,Monday,2731.85,2048.8875
2025-04-21,ORD011723,CUST02018,P019,Vacuum Cleaner,Home,Chennai,Store,Credit Card,1,9301.15,0.05,9301.15,8836.09,0,2464.99,2025,4,April,Monday,9301.15,8836.092499999999
2025-04-21,ORD027986,CUST04601,P003,Headphones,Electronics,Chennai,Store,Debit Card,1,4725.67,0.15,4725.67,4016.82,0,675.69,2025,4,April,Monday,4725.67,4016.8195
2025-04-21,ORD003136,CUST03563,P014,Keyboard,Electronics,Surat,Store,Net Banking,2,2433.46,0.05,4866.92,4623.57,0,1008.35,2025,4,April,Monday,4866.92,4623.574
2025-04-22,ORD033088,CUST00983,P002,Smartphone,Electronics,Chennai,Online,UPI,2,26291.0,0.15,52582.0,44694.7,0,8847.3,2025,4,April,Tuesday,52582.0,44694.7
2025-04-22,ORD014023,CUST02708,P018,Jacket,Fashion,Delhi,Online,Credit Card,1,5048.55,0.1,5048.55,4543.7,1,-227.18,2025,4,April,Tuesday,5048.55,4543.695000000001
2025-04-22,ORD021952,CUST01286,P010,Coffee Maker,Home,Jaipur,Online,UPI,2,5101.02,0.1,10202.04,9181.84,0,578.57,2025,4,April,Tuesday,10202.04,9181.836000000001
2025-04-22,ORD003962,CUST01945,P003,Headphones,Electronics,Delhi,Online,Credit Card,4,4838.13,0.05,19352.52,18384.89,0,2533.8,2025,4,April,Tuesday,19352.52,18384.894
2025-04-22,ORD038259,CUST00076,P010,Coffee Maker,Home,Mumbai,Online,UPI,2,5853.54,0.05,11707.08,11121.73,0,1372.24,2025,4,April,Tuesday,11707.08,11121.725999999999
2025-04-22,ORD037627,CUST04206,P007,Backpack,Accessories,Surat,Online,Cash,3,2405.39,0.0,7216.17,7216.17,0,943.25,2025,4,April,Tuesday,7216.17,7216.17
2025-04-22,ORD039247,CUST00649,P013,Monitor,Electronics,Mumbai,Online,Credit Card,1,17229.09,0.1,17229.09,15506.18,0,1513.28,2025,4,April,Tuesday,17229.09,15506.181
2025-04-22,ORD009090,CUST01561,P019,Vacuum Cleaner,Home,Ahmedabad,Online,Debit Card,5,8536.75,0.05,42683.75,40549.56,0,9679.0,2025,4,April,Tuesday,42683.75,40549.5625
2025-04-22,ORD049759,CUST02402,P007,Backpack,Accessories,Surat,Online,UPI,4,2372.87,0.0,9491.48,9491.48,0,2741.63,2025,4,April,Tuesday,9491.48,9491.48
2025-04-22,ORD006919,CUST04575,P003,Headphones,Electronics,Bengaluru,Store,UPI,1,4709.84,0.15,4709.84,4003.36,0,496.14,2025,4,April,Tuesday,4709.84,4003.364
2025-04-22,ORD009404,CUST00592,P004,Smartwatch,Electronics,Jaipur,Online,Credit Card,1,7020.87,0.0,7020.87,7020.87,0,617.39,2025,4,April,Tuesday,7020.87,7020.87
2025-04-22,ORD020463,CUST02476,P009,T-Shirt,Fashion,Bengaluru,Online,Cash,2,1135.93,0.0,2271.86,2271.86,0,297.67,2025,4,April,Tuesday,2271.86,2271.86
2025-04-22,ORD046460,CUST00756,P019,Vacuum Cleaner,Home,Surat,Store,Credit Card,1,8594.28,0.15,8594.28,7305.14,0,1917.18,2025,4,April,Tuesday,8594.28,7305.138
2025-04-22,ORD021923,CUST04132,P014,Keyboard,Electronics,Chennai,Online,Credit Card,1,2653.52,0.05,2653.52,2520.84,0,522.41,2025,4,April,Tuesday,2653.52,2520.844
2025-04-22,ORD021375,CUST02552,P016,Sofa,Furniture,Chennai,Store,UPI,1,36979.15,0.1,36979.15,33281.24,0,7671.73,2025,4,April,Tuesday,36979.15,33281.235
2025-04-22,ORD005218,CUST04498,P010,Coffee Maker,Home,Pune,Online,Cash,1,5662.29,0.0,5662.29,5662.29,0,689.45,2025,4,April,Tuesday,5662.29,5662.29
2025-04-22,ORD017966,CUST04128,P018,Jacket,Fashion,Pune,Store,UPI,2,5067.67,0.1,10135.34,9121.81,0,2185.92,2025,4,April,Tuesday,10135.34,9121.806
2025-04-22,ORD042385,CUST01252,P011,Mixer Grinder,Home,Delhi,Online,Cash,5,5170.89,0.0,25854.45,25854.45,0,2752.08,2025,4,April,Tuesday,25854.45,25854.45
2025-04-22,ORD009056,CUST00306,P003,Headphones,Electronics,Kolkata,Online,Debit Card,1,4062.64,0.05,4062.64,3859.51,0,626.26,2025,4,April,Tuesday,4062.64,3859.508
2025-04-22,ORD018950,CUST01458,P012,Air Fryer,Home,Chennai,Online,Debit Card,1,7536.48,0.1,7536.48,6782.83,0,1548.66,2025,4,April,Tuesday,7536.48,6782.831999999999
2025-04-22,ORD049106,CUST00236,P011,Mixer Grinder,Home,Chennai,Online,UPI,1,4679.6,0.1,4679.6,4211.64,1,-210.58,2025,4,April,Tuesday,4679.6,4211.64
2025-04-22,ORD007265,CUST02925,P017,Jeans,Fashion,Delhi,Online,Credit Card,3,2975.27,0.0,8925.81,8925.81,0,1815.14,2025,4,April,Tuesday,8925.81,8925.81
2025-04-22,ORD003111,CUST04515,P020,Microwave,Home,Hyderabad,Online,Net Banking,1,10748.99,0.1,10748.99,9674.09,0,1969.31,2025,4,April,Tuesday,10748.99,9674.091
2025-04-22,ORD002910,CUST03145,P008,Running Shoes,Fashion,Mumbai,Store,Credit Card,5,4446.49,0.1,22232.45,20009.2,0,5075.94,2025,4,April,Tuesday,22232.449999999997,20009.205
2025-04-22,ORD031983,CUST04245,P015,Dining Table,Furniture,Mumbai,Store,Credit Card,4,21055.24,0.25,84220.96,63165.72,0,11353.94,2025,4,April,Tuesday,84220.96,63165.72
2025-04-22,ORD028512,CUST04046,P010,Coffee Maker,Home,Bengaluru,Store,Credit Card,4,5429.24,0.0,21716.96,21716.96,0,4822.92,2025,4,April,Tuesday,21716.96,21716.96
2025-04-22,ORD023219,CUST04250,P008,Running Shoes,Fashion,Ahmedabad,Online,Net Banking,4,4462.52,0.1,17850.08,16065.07,0,3428.35,2025,4,April,Tuesday,17850.08,16065.072000000002
2025-04-22,ORD045277,CUST03338,P020,Microwave,Home,Pune,Store,UPI,1,11988.96,0.05,11988.96,11389.51,0,1280.77,2025,4,April,Tuesday,11988.96,11389.511999999999
2025-04-22,ORD023035,CUST02353,P001,Laptop,Electronics,Ahmedabad,Store,Cash,1,59598.56,0.25,59598.56,44698.92,0,1945.29,2025,4,April,Tuesday,59598.56,44698.92
2025-04-22,ORD001396,CUST03893,P004,Smartwatch,Electronics,Kolkata,Online,Net Banking,4,7667.26,0.15,30669.04,26068.68,0,2110.94,2025,4,April,Tuesday,30669.04,26068.684
2025-04-22,ORD038153,CUST00821,P003,Headphones,Electronics,Bengaluru,Online,UPI,4,4786.56,0.1,19146.24,17231.62,1,-861.58,2025,4,April,Tuesday,19146.24,17231.616
2025-04-22,ORD034216,CUST02075,P001,Laptop,Electronics,Mumbai,Online,Credit Card,1,62877.65,0.2,62877.65,50302.12,0,7697.79,2025,4,April,Tuesday,62877.65,50302.12
2025-04-22,ORD034074,CUST00822,P002,Smartphone,Electronics,Hyderabad,Online,Cash,1,25811.2,0.1,25811.2,23230.08,0,3721.15,2025,4,April,Tuesday,25811.2,23230.08
2025-04-22,ORD002099,CUST00783,P005,Office Chair,Furniture,Mumbai,Online,UPI,2,9235.91,0.15,18471.82,15701.05,0,829.39,2025,4,April,Tuesday,18471.82,15701.046999999999
2025-04-22,ORD002641,CUST00985,P013,Monitor,Electronics,Kolkata,Store,Debit Card,1,18150.15,0.1,18150.15,16335.14,0,1850.8,2025,4,April,Tuesday,18150.15,16335.135000000002
2025-04-22,ORD022479,CUST04512,P002,Smartphone,Electronics,Hyderabad,Online,UPI,1,29658.35,0.0,29658.35,29658.35,0,4054.72,2025,4,April,Tuesday,29658.35,29658.35
2025-04-22,ORD039531,CUST00606,P014,Keyboard,Electronics,Jaipur,Store,UPI,3,2598.97,0.05,7796.91,7407.06,0,2106.05,2025,4,April,Tuesday,7796.91,7407.0644999999995
2025-04-22,ORD046720,CUST01958,P002,Smartphone,Electronics,Ahmedabad,Store,Credit Card,5,26323.29,0.05,131616.45,125035.63,0,15631.58,2025,4,April,Tuesday,131616.45,125035.6275
2025-04-22,ORD005706,CUST01439,P011,Mixer Grinder,Home,Chennai,Online,Cash,1,5248.46,0.1,5248.46,4723.61,0,1192.84,2025,4,April,Tuesday,5248.46,4723.6140000000005
2025-04-22,ORD036037,CUST04223,P008,Running Shoes,Fashion,Hyderabad,Online,Credit Card,1,4467.86,0.0,4467.86,4467.86,0,1114.98,2025,4,April,Tuesday,4467.86,4467.86
2025-04-22,ORD040861,CUST01095,P006,Desk,Furniture,Pune,Online,Net Banking,1,11657.27,0.15,11657.27,9908.68,0,1997.89,2025,4,April,Tuesday,11657.27,9908.6795
2025-04-22,ORD003700,CUST02844,P017,Jeans,Fashion,Mumbai,Online,Debit Card,1,2798.71,0.05,2798.71,2658.77,0,330.6,2025,4,April,Tuesday,2798.71,2658.7745
2025-04-22,ORD014952,CUST01736,P008,Running Shoes,Fashion,Pune,Store,Credit Card,1,3971.55,0.05,3971.55,3772.97,0,737.39,2025,4,April,Tuesday,3971.55,3772.9725
2025-04-22,ORD016509,CUST02663,P008,Running Shoes,Fashion,Mumbai,Online,UPI,1,4277.15,0.0,4277.15,4277.15,0,663.47,2025,4,April,Tuesday,4277.15,4277.15
2025-04-22,ORD018856,CUST02214,P003,Headphones,Electronics,Kolkata,Store,UPI,4,4932.03,0.05,19728.12,18741.71,0,4830.88,2025,4,April,Tuesday,19728.12,18741.714
2025-04-22,ORD040116,CUST03400,P001,Laptop,Electronics,Chennai,Store,UPI,1,68031.46,0.05,68031.46,64629.89,0,15138.32,2025,4,April,Tuesday,68031.46,64629.887
2025-04-22,ORD040690,CUST01063,P001,Laptop,Electronics,Bengaluru,Store,UPI,1,65158.97,0.1,65158.97,58643.07,0,8602.98,2025,4,April,Tuesday,65158.97,58643.073000000004
2025-04-22,ORD035961,CUST04348,P010,Coffee Maker,Home,Surat,Online,Net Banking,2,5723.61,0.0,11447.22,11447.22,0,2630.89,2025,4,April,Tuesday,11447.22,11447.22
2025-04-22,ORD013724,CUST02673,P015,Dining Table,Furniture,Delhi,Online,Credit Card,3,22017.23,0.0,66051.69,66051.69,0,8832.06,2025,4,April,Tuesday,66051.69,66051.69
2025-04-22,ORD035581,CUST04882,P007,Backpack,Accessories,Pune,Online,Debit Card,4,2033.47,0.2,8133.88,6507.1,0,311.39,2025,4,April,Tuesday,8133.88,6507.104
2025-04-22,ORD048664,CUST02765,P017,Jeans,Fashion,Mumbai,Online,UPI,1,2672.51,0.2,2672.51,2138.01,0,493.39,2025,4,April,Tuesday,2672.51,2138.0080000000003
2025-04-22,ORD011336,CUST03438,P013,Monitor,Electronics,Jaipur,Online,Credit Card,1,19755.81,0.0,19755.81,19755.81,0,1717.48,2025,4,April,Tuesday,19755.81,19755.81
2025-04-22,ORD023635,CUST00863,P005,Office Chair,Furniture,Surat,Online,Debit Card,1,9086.72,0.15,9086.72,7723.71,0,1934.48,2025,4,April,Tuesday,9086.72,7723.7119999999995
2025-04-22,ORD041772,CUST03481,P012,Air Fryer,Home,Ahmedabad,Store,UPI,3,7741.41,0.2,23224.23,18579.38,0,2216.07,2025,4,April,Tuesday,23224.23,18579.384000000002
2025-04-22,ORD011232,CUST01564,P002,Smartphone,Electronics,Surat,Store,UPI,1,26895.45,0.15,26895.45,22861.13,0,1636.59,2025,4,April,Tuesday,26895.45,22861.1325
2025-04-22,ORD022689,CUST04186,P002,Smartphone,Electronics,Hyderabad,Online,Debit Card,1,25697.94,0.1,25697.94,23128.15,0,2377.29,2025,4,April,Tuesday,25697.94,23128.146
2025-04-22,ORD045467,CUST03719,P019,Vacuum Cleaner,Home,Delhi,Store,Credit Card,3,8881.53,0.1,26644.59,23980.13,0,4818.61,2025,4,April,Tuesday,26644.590000000004,23980.131
2025-04-22,ORD046934,CUST04924,P001,Laptop,Electronics,Chennai,Store,UPI,1,61812.16,0.15,61812.16,52540.34,0,10720.69,2025,4,April,Tuesday,61812.16,52540.336
2025-04-22,ORD033812,CUST02113,P008,Running Shoes,Fashion,Pune,Online,Credit Card,1,4171.66,0.15,4171.66,3545.91,0,951.76,2025,4,April,Tuesday,4171.66,3545.9109999999996
2025-04-22,ORD005786,CUST01747,P005,Office Chair,Furniture,Bengaluru,Online,UPI,2,10393.1,0.1,20786.2,18707.58,0,1177.02,2025,4,April,Tuesday,20786.2,18707.58
2025-04-22,ORD013562,CUST03949,P019,Vacuum Cleaner,Home,Jaipur,Store,Credit Card,3,9182.44,0.1,27547.32,24792.59,0,4043.25,2025,4,April,Tuesday,27547.32,24792.588
2025-04-22,ORD017398,CUST03789,P014,Keyboard,Electronics,Delhi,Store,Debit Card,1,2458.43,0.1,2458.43,2212.59,0,163.47,2025,4,April,Tuesday,2458.43,2212.587
2025-04-22,ORD027477,CUST00795,P010,Coffee Maker,Home,Ahmedabad,Store,Debit Card,5,5961.04,0.0,29805.2,29805.2,0,6979.12,2025,4,April,Tuesday,29805.2,29805.2
2025-04-22,ORD048774,CUST03735,P015,Dining Table,Furniture,Ahmedabad,Online,Credit Card,1,23603.79,0.25,23603.79,17702.84,0,3490.07,2025,4,April,Tuesday,23603.79,17702.8425
2025-04-22,ORD004664,CUST01974,P001,Laptop,Electronics,Ahmedabad,Store,Cash,2,63826.69,0.25,127653.38,95740.04,0,21150.07,2025,4,April,Tuesday,127653.38,95740.035
2025-04-23,ORD037664,CUST01062,P018,Jacket,Fashion,Surat,Store,Credit Card,4,5523.36,0.0,22093.44,22093.44,0,6348.86,2025,4,April,Wednesday,22093.44,22093.44
2025-04-23,ORD040294,CUST01099,P009,T-Shirt,Fashion,Kolkata,Online,UPI,1,1188.86,0.0,1188.86,1188.86,0,246.95,2025,4,April,Wednesday,1188.86,1188.86
2025-04-23,ORD013455,CUST02156,P001,Laptop,Electronics,Hyderabad,Online,Credit Card,1,65904.63,0.1,65904.63,59314.17,0,11278.25,2025,4,April,Wednesday,65904.63,59314.16700000001
2025-04-23,ORD001344,CUST01003,P009,T-Shirt,Fashion,Chennai,Online,Credit Card,1,1253.61,0.1,1253.61,1128.25,0,146.9,2025,4,April,Wednesday,1253.61,1128.249
2025-04-23,ORD021784,CUST02271,P008,Running Shoes,Fashion,Kolkata,Online,Credit Card,4,4536.28,0.15,18145.12,15423.35,0,2811.49,2025,4,April,Wednesday,18145.12,15423.351999999999
2025-04-23,ORD024398,CUST03156,P020,Microwave,Home,Mumbai,Online,Credit Card,1,10886.87,0.1,10886.87,9798.18,0,1789.95,2025,4,April,Wednesday,10886.87,9798.183
2025-04-23,ORD045530,CUST03276,P009,T-Shirt,Fashion,Delhi,Online,UPI,1,1169.73,0.05,1169.73,1111.24,0,139.36,2025,4,April,Wednesday,1169.73,1111.2435
2025-04-23,ORD027690,CUST03357,P019,Vacuum Cleaner,Home,Ahmedabad,Online,UPI,1,9127.39,0.25,9127.39,6845.54,0,1287.61,2025,4,April,Wednesday,9127.39,6845.5425
2025-04-23,ORD042834,CUST04400,P016,Sofa,Furniture,Hyderabad,Store,UPI,1,32172.39,0.15,32172.39,27346.53,0,3229.82,2025,4,April,Wednesday,32172.39,27346.531499999997
2025-04-23,ORD035158,CUST00147,P003,Headphones,Electronics,Kolkata,Online,Cash,1,4643.7,0.0,4643.7,4643.7,0,687.99,2025,4,April,Wednesday,4643.7,4643.7
2025-04-23,ORD032906,CUST04497,P013,Monitor,Electronics,Jaipur,Store,Cash,1,17678.67,0.1,17678.67,15910.8,0,2199.4,2025,4,April,Wednesday,17678.67,15910.802999999998
2025-04-23,ORD019632,CUST01975,P005,Office Chair,Furniture,Mumbai,Store,Credit Card,1,9826.98,0.1,9826.98,8844.28,0,2356.87,2025,4,April,Wednesday,9826.98,8844.282
2025-04-23,ORD013683,CUST00155,P004,Smartwatch,Electronics,Hyderabad,Store,Debit Card,1,7008.42,0.05,7008.42,6658.0,0,777.87,2025,4,April,Wednesday,7008.42,6657.999
2025-04-23,ORD027521,CUST01771,P019,Vacuum Cleaner,Home,Mumbai,Store,Credit Card,2,9895.94,0.0,19791.88,19791.88,0,4819.8,2025,4,April,Wednesday,19791.88,19791.88
2025-04-23,ORD041467,CUST04316,P013,Monitor,Electronics,Ahmedabad,Online,Credit Card,3,16434.77,0.15,49304.31,41908.66,0,7994.74,2025,4,April,Wednesday,49304.31,41908.663499999995
2025-04-23,ORD008374,CUST04314,P008,Running Shoes,Fashion,Chennai,Online,Net Banking,2,4390.85,0.1,8781.7,7903.53,1,-395.18,2025,4,April,Wednesday,8781.7,7903.530000000001
2025-04-23,ORD003614,CUST01255,P020,Microwave,Home,Jaipur,Store,Debit Card,1,11468.53,0.1,11468.53,10321.68,0,2241.77,2025,4,April,Wednesday,11468.53,10321.677000000001
2025-04-23,ORD015927,CUST00073,P009,T-Shirt,Fashion,Delhi,Online,UPI,3,1221.21,0.1,3663.63,3297.27,0,561.79,2025,4,April,Wednesday,3663.63,3297.2670000000003
2025-04-23,ORD018139,CUST01615,P005,Office Chair,Furniture,Pune,Store,UPI,5,10134.43,0.2,50672.15,40537.72,1,-2026.89,2025,4,April,Wednesday,50672.15,40537.72
2025-04-23,ORD046482,CUST03934,P003,Headphones,Electronics,Chennai,Store,UPI,1,4733.89,0.05,4733.89,4497.2,0,688.78,2025,4,April,Wednesday,4733.89,4497.1955
2025-04-23,ORD049999,CUST01167,P019,Vacuum Cleaner,Home,Ahmedabad,Online,Debit Card,3,8244.96,0.0,24734.88,24734.88,0,5774.24,2025,4,April,Wednesday,24734.879999999997,24734.88
2025-04-23,ORD007930,CUST02681,P018,Jacket,Fashion,Jaipur,Online,Debit Card,2,4930.6,0.1,9861.2,8875.08,0,2107.37,2025,4,April,Wednesday,9861.2,8875.080000000002
2025-04-23,ORD013147,CUST01794,P002,Smartphone,Electronics,Mumbai,Online,Credit Card,2,30707.62,0.1,61415.24,55273.72,0,9479.93,2025,4,April,Wednesday,61415.24,55273.716
2025-04-23,ORD025981,CUST04910,P020,Microwave,Home,Kolkata,Store,UPI,1,10066.45,0.1,10066.45,9059.8,0,2339.17,2025,4,April,Wednesday,10066.45,9059.805
2025-04-23,ORD036725,CUST00166,P005,Office Chair,Furniture,Chennai,Store,UPI,1,8599.82,0.0,8599.82,8599.82,0,1408.01,2025,4,April,Wednesday,8599.82,8599.82
2025-04-23,ORD013666,CUST01452,P019,Vacuum Cleaner,Home,Surat,Store,UPI,1,9711.61,0.05,9711.61,9226.03,0,2672.91,2025,4,April,Wednesday,9711.61,9226.0295
2025-04-23,ORD000536,CUST02043,P002,Smartphone,Electronics,Chennai,Online,UPI,1,30706.71,0.1,30706.71,27636.04,0,5800.31,2025,4,April,Wednesday,30706.71,27636.039
2025-04-23,ORD046810,CUST03903,P002,Smartphone,Electronics,Jaipur,Store,Net Banking,2,27598.1,0.15,55196.2,46916.77,0,4645.05,2025,4,April,Wednesday,55196.2,46916.77
2025-04-23,ORD008327,CUST01141,P007,Backpack,Accessories,Pune,Store,Debit Card,2,2303.25,0.0,4606.5,4606.5,0,1000.95,2025,4,April,Wednesday,4606.5,4606.5
2025-04-23,ORD034442,CUST02228,P018,Jacket,Fashion,Surat,Online,Debit Card,1,5108.48,0.1,5108.48,4597.63,0,333.94,2025,4,April,Wednesday,5108.48,4597.632
2025-04-23,ORD040668,CUST04727,P008,Running Shoes,Fashion,Surat,Online,Credit Card,1,3927.33,0.1,3927.33,3534.6,0,823.51,2025,4,April,Wednesday,3927.33,3534.597
2025-04-23,ORD022063,CUST03608,P019,Vacuum Cleaner,Home,Chennai,Online,UPI,1,8727.85,0.1,8727.85,7855.06,0,659.25,2025,4,April,Wednesday,8727.85,7855.0650000000005
2025-04-23,ORD007692,CUST03594,P001,Laptop,Electronics,Mumbai,Online,Cash,1,69051.97,0.15,69051.97,58694.17,1,-2934.71,2025,4,April,Wednesday,69051.97,58694.1745
2025-04-23,ORD024217,CUST01857,P020,Microwave,Home,Bengaluru,Store,UPI,2,11833.38,0.05,23666.76,22483.42,0,5589.31,2025,4,April,Wednesday,23666.76,22483.422
2025-04-23,ORD004464,CUST02857,P006,Desk,Furniture,Chennai,Online,UPI,1,12676.21,0.1,12676.21,11408.59,0,3166.6,2025,4,April,Wednesday,12676.21,11408.589
2025-04-23,ORD049366,CUST02616,P002,Smartphone,Electronics,Chennai,Online,Credit Card,1,26023.71,0.2,26023.71,20818.97,0,3717.59,2025,4,April,Wednesday,26023.71,20818.968
2025-04-23,ORD036877,CUST04717,P009,T-Shirt,Fashion,Hyderabad,Online,Credit Card,1,1112.55,0.05,1112.55,1056.92,0,128.76,2025,4,April,Wednesday,1112.55,1056.9225
2025-04-23,ORD046430,CUST00882,P009,T-Shirt,Fashion,Kolkata,Store,UPI,1,1159.07,0.2,1159.07,927.26,0,40.34,2025,4,April,Wednesday,1159.07,927.256
2025-04-23,ORD035234,CUST02138,P014,Keyboard,Electronics,Jaipur,Store,Net Banking,2,2450.83,0.05,4901.66,4656.58,0,861.42,2025,4,April,Wednesday,4901.66,4656.576999999999
2025-04-23,ORD041638,CUST02506,P012,Air Fryer,Home,Delhi,Online,Debit Card,2,6954.82,0.05,13909.64,13214.16,0,2207.15,2025,4,April,Wednesday,13909.64,13214.158
2025-04-23,ORD036533,CUST00592,P012,Air Fryer,Home,Pune,Store,Net Banking,1,7689.56,0.1,7689.56,6920.6,0,1694.79,2025,4,April,Wednesday,7689.56,6920.604
2025-04-23,ORD003567,CUST04752,P004,Smartwatch,Electronics,Pune,Online,Credit Card,1,7511.79,0.25,7511.79,5633.84,0,1018.74,2025,4,April,Wednesday,7511.79,5633.8425
2025-04-23,ORD030914,CUST00771,P017,Jeans,Fashion,Kolkata,Store,UPI,3,2694.2,0.15,8082.6,6870.21,0,1156.05,2025,4,April,Wednesday,8082.599999999999,6870.21
2025-04-23,ORD004702,CUST00230,P014,Keyboard,Electronics,Surat,Store,Credit Card,1,2593.04,0.1,2593.04,2333.74,0,313.78,2025,4,April,Wednesday,2593.04,2333.736
2025-04-23,ORD030753,CUST02720,P010,Coffee Maker,Home,Hyderabad,Online,Debit Card,2,5256.16,0.0,10512.32,10512.32,0,2230.49,2025,4,April,Wednesday,10512.32,10512.32
2025-04-23,ORD008228,CUST04216,P017,Jeans,Fashion,Delhi,Store,Credit Card,1,3065.18,0.1,3065.18,2758.66,0,223.82,2025,4,April,Wednesday,3065.18,2758.662
2025-04-23,ORD012186,CUST04589,P013,Monitor,Electronics,Ahmedabad,Store,Net Banking,1,16991.37,0.25,16991.37,12743.53,0,3162.3,2025,4,April,Wednesday,16991.37,12743.5275
2025-04-23,ORD011131,CUST04104,P009,T-Shirt,Fashion,Delhi,Store,Debit Card,1,1303.53,0.0,1303.53,1303.53,0,183.01,2025,4,April,Wednesday,1303.53,1303.53
2025-04-23,ORD012190,CUST02155,P016,Sofa,Furniture,Bengaluru,Store,Credit Card,2,31648.1,0.1,63296.2,56966.58,0,12274.71,2025,4,April,Wednesday,63296.2,56966.58
2025-04-23,ORD009170,CUST01602,P019,Vacuum Cleaner,Home,Jaipur,Store,UPI,1,8928.08,0.1,8928.08,8035.27,0,1995.93,2025,4,April,Wednesday,8928.08,8035.272
2025-04-23,ORD000238,CUST03547,P001,Laptop,Electronics,Ahmedabad,Online,Cash,4,65224.11,0.05,260896.44,247851.62,0,17715.51,2025,4,April,Wednesday,260896.44,247851.618
2025-04-23,ORD045125,CUST04679,P007,Backpack,Accessories,Jaipur,Store,Debit Card,2,2287.94,0.0,4575.88,4575.88,0,887.75,2025,4,April,Wednesday,4575.88,4575.88
2025-04-23,ORD048471,CUST02438,P017,Jeans,Fashion,Mumbai,Store,Debit Card,1,2540.25,0.05,2540.25,2413.24,0,616.15,2025,4,April,Wednesday,2540.25,2413.2374999999997
2025-04-23,ORD008664,CUST03024,P001,Laptop,Electronics,Bengaluru,Online,Credit Card,1,71176.45,0.1,71176.45,64058.8,0,4884.37,2025,4,April,Wednesday,71176.45,64058.805
2025-04-23,ORD038570,CUST01099,P003,Headphones,Electronics,Mumbai,Store,UPI,2,4401.58,0.05,8803.16,8363.0,0,1650.0,2025,4,April,Wednesday,8803.16,8363.001999999999
2025-04-23,ORD009863,CUST03410,P003,Headphones,Electronics,Ahmedabad,Store,Cash,1,4355.22,0.05,4355.22,4137.46,0,608.39,2025,4,April,Wednesday,4355.22,4137.459
2025-04-23,ORD021373,CUST02775,P014,Keyboard,Electronics,Pune,Store,Credit Card,1,2334.2,0.05,2334.2,2217.49,0,535.57,2025,4,April,Wednesday,2334.2,2217.49
2025-04-23,ORD008758,CUST00935,P002,Smartphone,Electronics,Hyderabad,Online,UPI,1,27780.44,0.15,27780.44,23613.37,0,5276.98,2025,4,April,Wednesday,27780.44,23613.374
2025-04-23,ORD006593,CUST02827,P008,Running Shoes,Fashion,Bengaluru,Online,UPI,1,4099.7,0.05,4099.7,3894.71,0,627.73,2025,4,April,Wednesday,4099.7,3894.7149999999997
2025-04-23,ORD032959,CUST03428,P018,Jacket,Fashion,Bengaluru,Store,Credit Card,1,5491.47,0.25,5491.47,4118.6,0,1005.31,2025,4,April,Wednesday,5491.47,4118.6025
2025-04-23,ORD005370,CUST04336,P017,Jeans,Fashion,Ahmedabad,Store,UPI,1,3023.3,0.25,3023.3,2267.48,0,309.21,2025,4,April,Wednesday,3023.3,2267.4750000000004
2025-04-23,ORD020526,CUST00667,P014,Keyboard,Electronics,Hyderabad,Store,UPI,1,2540.95,0.1,2540.95,2286.86,1,-114.34,2025,4,April,Wednesday,2540.95,2286.855
2025-04-23,ORD001879,CUST00783,P001,Laptop,Electronics,Chennai,Online,UPI,2,60030.34,0.0,120060.68,120060.68,0,26246.64,2025,4,April,Wednesday,120060.68,120060.68
2025-04-23,ORD002767,CUST03982,P010,Coffee Maker,Home,Mumbai,Online,UPI,1,5923.61,0.2,5923.61,4738.89,0,1197.69,2025,4,April,Wednesday,5923.61,4738.888
2025-04-23,ORD003493,CUST01703,P018,Jacket,Fashion,Chennai,Online,Credit Card,1,4724.13,0.2,4724.13,3779.3,0,264.94,2025,4,April,Wednesday,4724.13,3779.304
2025-04-23,ORD022576,CUST00497,P002,Smartphone,Electronics,Chennai,Online,Debit Card,2,26578.33,0.25,53156.66,39867.5,0,7014.83,2025,4,April,Wednesday,53156.66,39867.495
2025-04-23,ORD011142,CUST01162,P008,Running Shoes,Fashion,Hyderabad,Online,Debit Card,1,4396.25,0.05,4396.25,4176.44,0,821.69,2025,4,April,Wednesday,4396.25,4176.4375
2025-04-23,ORD027854,CUST04084,P006,Desk,Furniture,Ahmedabad,Online,Credit Card,1,11574.8,0.15,11574.8,9838.58,0,2157.61,2025,4,April,Wednesday,11574.8,9838.58
2025-04-23,ORD045981,CUST03308,P017,Jeans,Fashion,Pune,Online,UPI,1,2931.3,0.05,2931.3,2784.74,0,219.51,2025,4,April,Wednesday,2931.3,2784.735
2025-04-23,ORD046514,CUST02843,P007,Backpack,Accessories,Mumbai,Store,UPI,1,2383.57,0.05,2383.57,2264.39,0,360.37,2025,4,April,Wednesday,2383.57,2264.3915
2025-04-24,ORD008662,CUST04617,P017,Jeans,Fashion,Mumbai,Online,Credit Card,1,2833.27,0.0,2833.27,2833.27,0,846.31,2025,4,April,Thursday,2833.27,2833.27
2025-04-24,ORD028010,CUST01821,P020,Microwave,Home,Bengaluru,Store,Credit Card,1,11312.72,0.25,11312.72,8484.54,0,2014.62,2025,4,April,Thursday,11312.72,8484.539999999999
2025-04-24,ORD024399,CUST02849,P010,Coffee Maker,Home,Delhi,Online,Debit Card,1,5327.44,0.1,5327.44,4794.7,0,477.43,2025,4,April,Thursday,5327.44,4794.696
2025-04-24,ORD041486,CUST01089,P002,Smartphone,Electronics,Delhi,Store,Credit Card,1,28510.06,0.1,28510.06,25659.05,0,3992.63,2025,4,April,Thursday,28510.06,25659.054
2025-04-24,ORD003082,CUST02863,P005,Office Chair,Furniture,Bengaluru,Online,UPI,1,9349.58,0.1,9349.58,8414.62,0,592.51,2025,4,April,Thursday,9349.58,8414.622
2025-04-24,ORD045282,CUST02018,P002,Smartphone,Electronics,Kolkata,Store,Net Banking,3,27134.35,0.1,81403.05,73262.74,0,15418.89,2025,4,April,Thursday,81403.04999999999,73262.74500000001
2025-04-24,ORD020892,CUST04204,P020,Microwave,Home,Mumbai,Online,Credit Card,1,11182.75,0.25,11182.75,8387.06,0,973.17,2025,4,April,Thursday,11182.75,8387.0625
2025-04-24,ORD043643,CUST01559,P006,Desk,Furniture,Chennai,Online,UPI,1,12647.35,0.05,12647.35,12014.98,0,1031.71,2025,4,April,Thursday,12647.35,12014.9825
2025-04-24,ORD036504,CUST01747,P018,Jacket,Fashion,Mumbai,Online,UPI,1,5455.07,0.0,5455.07,5455.07,0,1092.31,2025,4,April,Thursday,5455.07,5455.07
2025-04-24,ORD047322,CUST04872,P010,Coffee Maker,Home,Hyderabad,Online,UPI,1,5064.52,0.15,5064.52,4304.84,0,1025.51,2025,4,April,Thursday,5064.52,4304.842000000001
2025-04-24,ORD018618,CUST03213,P008,Running Shoes,Fashion,Surat,Store,UPI,1,3801.43,0.15,3801.43,3231.22,0,844.92,2025,4,April,Thursday,3801.43,3231.2155
2025-04-24,ORD000611,CUST02695,P014,Keyboard,Electronics,Ahmedabad,Online,UPI,1,2348.85,0.0,2348.85,2348.85,0,494.6,2025,4,April,Thursday,2348.85,2348.85
2025-04-24,ORD004071,CUST03420,P017,Jeans,Fashion,Bengaluru,Store,Cash,2,2992.17,0.15,5984.34,5086.69,0,1190.15,2025,4,April,Thursday,5984.34,5086.689
2025-04-24,ORD017700,CUST02021,P013,Monitor,Electronics,Chennai,Online,UPI,1,17175.07,0.05,17175.07,16316.32,0,2367.81,2025,4,April,Thursday,17175.07,16316.316499999999
2025-04-24,ORD032496,CUST04447,P008,Running Shoes,Fashion,Ahmedabad,Online,Credit Card,1,4590.77,0.0,4590.77,4590.77,0,775.18,2025,4,April,Thursday,4590.77,4590.77
2025-04-24,ORD016345,CUST03003,P014,Keyboard,Electronics,Bengaluru,Online,Credit Card,1,2343.9,0.1,2343.9,2109.51,0,152.92,2025,4,April,Thursday,2343.9,2109.51
2025-04-24,ORD047399,CUST01830,P003,Headphones,Electronics,Mumbai,Online,Net Banking,1,4115.2,0.1,4115.2,3703.68,0,820.0,2025,4,April,Thursday,4115.2,3703.68
2025-04-24,ORD022245,CUST04680,P016,Sofa,Furniture,Kolkata,Store,UPI,1,32738.85,0.05,32738.85,31101.91,0,4003.99,2025,4,April,Thursday,32738.85,31101.907499999998
2025-04-24,ORD036770,CUST00162,P018,Jacket,Fashion,Jaipur,Store,UPI,1,5408.54,0.05,5408.54,5138.11,1,-256.91,2025,4,April,Thursday,5408.54,5138.112999999999
2025-04-24,ORD015013,CUST01940,P005,Office Chair,Furniture,Delhi,Store,Credit Card,1,8591.41,0.1,8591.41,7732.27,0,1717.56,2025,4,April,Thursday,8591.41,7732.269
2025-04-24,ORD037777,CUST03218,P011,Mixer Grinder,Home,Jaipur,Online,UPI,1,4737.88,0.2,4737.88,3790.3,0,683.58,2025,4,April,Thursday,4737.88,3790.304
2025-04-24,ORD014164,CUST01231,P019,Vacuum Cleaner,Home,Hyderabad,Store,Credit Card,2,8327.1,0.0,16654.2,16654.2,0,1560.84,2025,4,April,Thursday,16654.2,16654.2
2025-04-24,ORD012935,CUST02688,P008,Running Shoes,Fashion,Mumbai,Online,UPI,2,4233.48,0.1,8466.96,7620.26,0,2055.08,2025,4,April,Thursday,8466.96,7620.263999999999
2025-04-24,ORD000431,CUST03515,P017,Jeans,Fashion,Surat,Online,UPI,1,2553.37,0.0,2553.37,2553.37,0,633.27,2025,4,April,Thursday,2553.37,2553.37
2025-04-24,ORD016105,CUST00622,P015,Dining Table,Furniture,Kolkata,Store,UPI,2,20993.64,0.25,41987.28,31490.46,0,3186.65,2025,4,April,Thursday,41987.28,31490.46
2025-04-24,ORD036886,CUST03299,P009,T-Shirt,Fashion,Pune,Online,UPI,2,1090.27,0.1,2180.54,1962.49,0,505.77,2025,4,April,Thursday,2180.54,1962.486
2025-04-24,ORD039442,CUST01918,P007,Backpack,Accessories,Jaipur,Store,Cash,1,2153.45,0.05,2153.45,2045.78,0,190.9,2025,4,April,Thursday,2153.45,2045.7774999999997
2025-04-24,ORD018474,CUST04777,P019,Vacuum Cleaner,Home,Bengaluru,Store,Cash,1,8489.31,0.05,8489.31,8064.84,0,2296.66,2025,4,April,Thursday,8489.31,8064.844499999999
2025-04-24,ORD017340,CUST01703,P004,Smartwatch,Electronics,Chennai,Online,Debit Card,1,6750.37,0.15,6750.37,5737.81,0,1477.72,2025,4,April,Thursday,6750.37,5737.8144999999995
2025-04-24,ORD014153,CUST02817,P010,Coffee Maker,Home,Ahmedabad,Store,UPI,1,5861.02,0.1,5861.02,5274.92,0,1035.37,2025,4,April,Thursday,5861.02,5274.918000000001
2025-04-24,ORD047383,CUST04760,P009,T-Shirt,Fashion,Delhi,Store,UPI,2,1232.46,0.05,2464.92,2341.67,0,247.59,2025,4,April,Thursday,2464.92,2341.674
2025-04-24,ORD024287,CUST01902,P006,Desk,Furniture,Surat,Online,Credit Card,1,12882.73,0.05,12882.73,12238.59,0,3182.37,2025,4,April,Thursday,12882.73,12238.593499999999
2025-04-24,ORD022524,CUST02889,P015,Dining Table,Furniture,Jaipur,Online,UPI,1,22262.53,0.2,22262.53,17810.02,0,1876.39,2025,4,April,Thursday,22262.53,17810.024
2025-04-24,ORD016556,CUST04481,P007,Backpack,Accessories,Mumbai,Online,Net Banking,1,2144.25,0.0,2144.25,2144.25,1,-107.21,2025,4,April,Thursday,2144.25,2144.25
2025-04-24,ORD033508,CUST04478,P014,Keyboard,Electronics,Pune,Store,UPI,1,2262.96,0.05,2262.96,2149.81,0,260.57,2025,4,April,Thursday,2262.96,2149.812
2025-04-24,ORD017651,CUST03247,P003,Headphones,Electronics,Pune,Store,Credit Card,1,4632.87,0.05,4632.87,4401.23,0,906.35,2025,4,April,Thursday,4632.87,4401.2265
2025-04-24,ORD001597,CUST03074,P010,Coffee Maker,Home,Mumbai,Store,Credit Card,2,5565.34,0.1,11130.68,10017.61,0,2654.9,2025,4,April,Thursday,11130.68,10017.612000000001
2025-04-24,ORD049671,CUST02627,P007,Backpack,Accessories,Mumbai,Online,UPI,1,2002.21,0.05,2002.21,1902.1,0,428.86,2025,4,April,Thursday,2002.21,1902.0995
2025-04-24,ORD021239,CUST04432,P016,Sofa,Furniture,Hyderabad,Store,UPI,1,36199.56,0.1,36199.56,32579.6,0,4853.88,2025,4,April,Thursday,36199.56,32579.604
2025-04-24,ORD007376,CUST02391,P012,Air Fryer,Home,Mumbai,Store,Credit Card,3,7434.87,0.0,22304.61,22304.61,0,3914.12,2025,4,April,Thursday,22304.61,22304.61
2025-04-24,ORD015971,CUST00336,P001,Laptop,Electronics,Delhi,Store,UPI,2,59945.84,0.15,119891.68,101907.93,0,14070.12,2025,4,April,Thursday,119891.68,101907.92799999999
2025-04-24,ORD027098,CUST00933,P020,Microwave,Home,Surat,Online,Net Banking,1,10709.98,0.15,10709.98,9103.48,0,698.34,2025,4,April,Thursday,10709.98,9103.483
2025-04-24,ORD047328,CUST00890,P010,Coffee Maker,Home,Kolkata,Online,Credit Card,1,5999.95,0.15,5999.95,5099.96,0,566.31,2025,4,April,Thursday,5999.95,5099.9574999999995
2025-04-24,ORD024755,CUST00187,P002,Smartphone,Electronics,Surat,Online,Credit Card,1,25411.33,0.1,25411.33,22870.2,0,3658.08,2025,4,April,Thursday,25411.33,22870.197000000004
2025-04-24,ORD010300,CUST04818,P008,Running Shoes,Fashion,Jaipur,Online,Debit Card,1,4138.13,0.25,4138.13,3103.6,0,664.02,2025,4,April,Thursday,4138.13,3103.5975
2025-04-24,ORD023473,CUST02122,P020,Microwave,Home,Hyderabad,Store,Cash,1,10660.0,0.1,10660.0,9594.0,0,841.08,2025,4,April,Thursday,10660.0,9594.0
2025-04-24,ORD026024,CUST03978,P006,Desk,Furniture,Pune,Online,Net Banking,2,11736.3,0.1,23472.6,21125.34,0,3651.27,2025,4,April,Thursday,23472.6,21125.34
2025-04-24,ORD031632,CUST03629,P015,Dining Table,Furniture,Hyderabad,Store,Net Banking,3,21927.07,0.05,65781.21,62492.15,0,14392.15,2025,4,April,Thursday,65781.20999999999,62492.1495
2025-04-24,ORD027929,CUST03574,P018,Jacket,Fashion,Delhi,Store,Cash,1,5256.29,0.1,5256.29,4730.66,0,1034.83,2025,4,April,Thursday,5256.29,4730.661
2025-04-24,ORD018010,CUST01697,P015,Dining Table,Furniture,Kolkata,Online,UPI,1,22490.72,0.1,22490.72,20241.65,0,2831.67,2025,4,April,Thursday,22490.72,20241.648
2025-04-24,ORD020372,CUST01405,P010,Coffee Maker,Home,Mumbai,Online,Debit Card,1,5133.92,0.2,5133.92,4107.14,0,363.0,2025,4,April,Thursday,5133.92,4107.136
2025-04-24,ORD010201,CUST02626,P004,Smartwatch,Electronics,Kolkata,Online,Net Banking,1,7580.38,0.15,7580.38,6443.32,0,1040.75,2025,4,April,Thursday,7580.38,6443.323
2025-04-24,ORD046501,CUST03486,P019,Vacuum Cleaner,Home,Pune,Store,Credit Card,1,8904.88,0.2,8904.88,7123.9,0,1521.1,2025,4,April,Thursday,8904.88,7123.9039999999995
2025-04-24,ORD001715,CUST02003,P006,Desk,Furniture,Jaipur,Online,UPI,1,12616.16,0.0,12616.16,12616.16,0,3224.12,2025,4,April,Thursday,12616.16,12616.16
2025-04-24,ORD001436,CUST02322,P016,Sofa,Furniture,Hyderabad,Online,Credit Card,1,33894.67,0.15,33894.67,28810.47,0,7687.18,2025,4,April,Thursday,33894.67,28810.4695
2025-04-24,ORD008712,CUST01326,P009,T-Shirt,Fashion,Pune,Store,Net Banking,1,1169.68,0.2,1169.68,935.74,0,148.2,2025,4,April,Thursday,1169.68,935.7440000000001
2025-04-24,ORD018390,CUST02285,P003,Headphones,Electronics,Hyderabad,Online,Net Banking,3,4082.8,0.1,12248.4,11023.56,0,1691.01,2025,4,April,Thursday,12248.400000000001,11023.56
2025-04-24,ORD012176,CUST00412,P019,Vacuum Cleaner,Home,Mumbai,Online,Debit Card,1,9749.52,0.15,9749.52,8287.09,0,1729.53,2025,4,April,Thursday,9749.52,8287.092
2025-04-24,ORD003437,CUST03867,P019,Vacuum Cleaner,Home,Mumbai,Online,Credit Card,2,9463.67,0.2,18927.34,15141.87,0,2999.85,2025,4,April,Thursday,18927.34,15141.872000000001
2025-04-24,ORD043190,CUST02782,P010,Coffee Maker,Home,Mumbai,Online,Debit Card,1,5288.13,0.05,5288.13,5023.72,0,762.7,2025,4,April,Thursday,5288.13,5023.7235
2025-04-24,ORD047463,CUST02630,P011,Mixer Grinder,Home,Hyderabad,Online,Debit Card,2,5207.63,0.1,10415.26,9373.73,0,1638.83,2025,4,April,Thursday,10415.26,9373.734
2025-04-24,ORD046631,CUST04578,P001,Laptop,Electronics,Ahmedabad,Online,Net Banking,2,65729.45,0.0,131458.9,131458.9,0,37527.96,2025,4,April,Thursday,131458.9,131458.9
2025-04-24,ORD044093,CUST04862,P012,Air Fryer,Home,Mumbai,Online,UPI,1,7611.14,0.25,7611.14,5708.36,0,228.33,2025,4,April,Thursday,7611.14,5708.3550000000005
2025-04-24,ORD042506,CUST04995,P019,Vacuum Cleaner,Home,Hyderabad,Online,Credit Card,3,9816.63,0.1,29449.89,26504.9,0,2835.02,2025,4,April,Thursday,29449.89,26504.901
2025-04-24,ORD013642,CUST02201,P019,Vacuum Cleaner,Home,Surat,Online,Net Banking,1,9363.78,0.05,9363.78,8895.59,0,2005.44,2025,4,April,Thursday,9363.78,8895.591
2025-04-24,ORD002039,CUST00004,P004,Smartwatch,Electronics,Ahmedabad,Online,UPI,1,7205.63,0.15,7205.63,6124.79,0,1156.1,2025,4,April,Thursday,7205.63,6124.7855
2025-04-24,ORD029792,CUST00369,P003,Headphones,Electronics,Pune,Online,UPI,3,4510.55,0.1,13531.65,12178.49,0,1864.35,2025,4,April,Thursday,13531.650000000001,12178.485
2025-04-25,ORD026346,CUST02727,P001,Laptop,Electronics,Delhi,Online,Cash,3,71135.39,0.0,213406.17,213406.17,0,28064.5,2025,4,April,Friday,213406.16999999998,213406.17
2025-04-25,ORD033121,CUST00484,P015,Dining Table,Furniture,Pune,Online,UPI,3,21993.86,0.0,65981.58,65981.58,0,16036.48,2025,4,April,Friday,65981.58,65981.58
2025-04-25,ORD026040,CUST01545,P017,Jeans,Fashion,Kolkata,Store,UPI,2,2525.97,0.05,5051.94,4799.34,0,769.7,2025,4,April,Friday,5051.94,4799.343
2025-04-25,ORD019556,CUST02837,P008,Running Shoes,Fashion,Kolkata,Online,UPI,1,3868.98,0.2,3868.98,3095.18,0,171.98,2025,4,April,Friday,3868.98,3095.184
2025-04-25,ORD013788,CUST00580,P015,Dining Table,Furniture,Jaipur,Online,Cash,1,22858.77,0.15,22858.77,19429.95,0,3339.19,2025,4,April,Friday,22858.77,19429.9545
2025-04-25,ORD047518,CUST01257,P008,Running Shoes,Fashion,Kolkata,Online,UPI,1,4457.62,0.1,4457.62,4011.86,0,251.66,2025,4,April,Friday,4457.62,4011.858
2025-04-25,ORD009571,CUST03170,P014,Keyboard,Electronics,Mumbai,Online,UPI,1,2681.51,0.0,2681.51,2681.51,0,798.55,2025,4,April,Friday,2681.51,2681.51
2025-04-25,ORD030367,CUST00085,P014,Keyboard,Electronics,Pune,Online,UPI,3,2653.61,0.15,7960.83,6766.71,0,1624.11,2025,4,April,Friday,7960.83,6766.7055
2025-04-25,ORD000860,CUST00108,P020,Microwave,Home,Delhi,Store,Cash,1,10669.67,0.1,10669.67,9602.7,0,2233.3,2025,4,April,Friday,10669.67,9602.703
2025-04-25,ORD006144,CUST01286,P020,Microwave,Home,Surat,Online,Debit Card,3,12049.52,0.2,36148.56,28918.85,0,2905.23,2025,4,April,Friday,36148.56,28918.847999999998
2025-04-25,ORD046723,CUST04694,P003,Headphones,Electronics,Surat,Store,Credit Card,2,4126.28,0.15,8252.56,7014.68,0,1073.07,2025,4,April,Friday,8252.56,7014.6759999999995
2025-04-25,ORD041802,CUST02201,P005,Office Chair,Furniture,Surat,Online,Credit Card,1,9624.44,0.15,9624.44,8180.77,0,1591.23,2025,4,April,Friday,9624.44,8180.774
2025-04-25,ORD046520,CUST03697,P003,Headphones,Electronics,Jaipur,Online,UPI,1,4332.0,0.05,4332.0,4115.4,0,315.12,2025,4,April,Friday,4332.0,4115.4
2025-04-25,ORD011325,CUST02949,P002,Smartphone,Electronics,Delhi,Online,Credit Card,4,29802.01,0.1,119208.04,107287.24,0,10488.48,2025,4,April,Friday,119208.04,107287.23599999999
2025-04-25,ORD029163,CUST04860,P006,Desk,Furniture,Mumbai,Store,Credit Card,2,12767.73,0.0,25535.46,25535.46,0,2225.75,2025,4,April,Friday,25535.46,25535.46
2025-04-25,ORD022195,CUST02145,P020,Microwave,Home,Bengaluru,Store,Debit Card,3,9957.88,0.05,29873.64,28379.96,0,7604.88,2025,4,April,Friday,29873.64,28379.958
2025-04-25,ORD008066,CUST04352,P016,Sofa,Furniture,Bengaluru,Store,Credit Card,1,31955.93,0.0,31955.93,31955.93,0,8943.01,2025,4,April,Friday,31955.93,31955.93
2025-04-25,ORD036250,CUST03418,P013,Monitor,Electronics,Ahmedabad,Store,Credit Card,4,16533.74,0.1,66134.96,59521.46,0,11992.28,2025,4,April,Friday,66134.96,59521.46400000001
2025-04-25,ORD011757,CUST02695,P005,Office Chair,Furniture,Ahmedabad,Store,Cash,3,9536.03,0.15,28608.09,24316.88,0,3324.42,2025,4,April,Friday,28608.090000000004,24316.8765
2025-04-25,ORD006126,CUST04045,P004,Smartwatch,Electronics,Ahmedabad,Online,Net Banking,1,7103.54,0.1,7103.54,6393.19,0,758.44,2025,4,April,Friday,7103.54,6393.186
2025-04-25,ORD045353,CUST03120,P003,Headphones,Electronics,Bengaluru,Online,Debit Card,1,4470.93,0.0,4470.93,4470.93,0,1138.68,2025,4,April,Friday,4470.93,4470.93
2025-04-25,ORD024145,CUST00238,P006,Desk,Furniture,Jaipur,Online,UPI,5,11338.46,0.0,56692.3,56692.3,0,15316.49,2025,4,April,Friday,56692.299999999996,56692.3
2025-04-25,ORD047842,CUST01602,P006,Desk,Furniture,Ahmedabad,Store,Credit Card,2,11327.38,0.05,22654.76,21522.02,0,6231.91,2025,4,April,Friday,22654.76,21522.021999999997
2025-04-25,ORD024224,CUST01260,P007,Backpack,Accessories,Ahmedabad,Online,UPI,5,2273.33,0.1,11366.65,10229.98,0,2133.82,2025,4,April,Friday,11366.65,10229.985
2025-04-25,ORD034736,CUST00409,P002,Smartphone,Electronics,Mumbai,Online,Debit Card,3,27449.08,0.15,82347.24,69995.15,0,17148.05,2025,4,April,Friday,82347.24,69995.15400000001
2025-04-25,ORD030807,CUST02013,P013,Monitor,Electronics,Pune,Online,Debit Card,1,17160.62,0.0,17160.62,17160.62,0,3411.51,2025,4,April,Friday,17160.62,17160.62
2025-04-25,ORD045772,CUST01086,P016,Sofa,Furniture,Kolkata,Online,UPI,1,36798.23,0.0,36798.23,36798.23,0,4652.77,2025,4,April,Friday,36798.23,36798.23
2025-04-25,ORD017530,CUST02038,P008,Running Shoes,Fashion,Bengaluru,Online,Credit Card,1,4261.33,0.1,4261.33,3835.2,0,1044.51,2025,4,April,Friday,4261.33,3835.197
2025-04-25,ORD048057,CUST03865,P003,Headphones,Electronics,Hyderabad,Online,Net Banking,1,4377.57,0.15,4377.57,3720.93,0,489.94,2025,4,April,Friday,4377.57,3720.9345
2025-04-25,ORD030436,CUST02808,P015,Dining Table,Furniture,Mumbai,Online,Debit Card,1,23867.97,0.1,23867.97,21481.17,0,3260.53,2025,4,April,Friday,23867.97,21481.173000000003
2025-04-25,ORD011109,CUST02574,P008,Running Shoes,Fashion,Hyderabad,Online,UPI,1,4449.49,0.0,4449.49,4449.49,0,506.17,2025,4,April,Friday,4449.49,4449.49
2025-04-25,ORD011085,CUST01124,P008,Running Shoes,Fashion,Bengaluru,Online,UPI,2,3936.55,0.05,7873.1,7479.44,0,2096.89,2025,4,April,Friday,7873.1,7479.445
2025-04-25,ORD025705,CUST04899,P016,Sofa,Furniture,Ahmedabad,Online,UPI,2,34489.95,0.25,68979.9,51734.92,0,9905.75,2025,4,April,Friday,68979.9,51734.924999999996
2025-04-25,ORD004256,CUST00979,P003,Headphones,Electronics,Pune,Online,Credit Card,3,4630.42,0.0,13891.26,13891.26,0,2392.72,2025,4,April,Friday,13891.26,13891.26
2025-04-25,ORD011140,CUST03608,P006,Desk,Furniture,Pune,Online,UPI,3,12684.35,0.1,38053.05,34247.75,0,5625.37,2025,4,April,Friday,38053.05,34247.745
2025-04-25,ORD043686,CUST01817,P006,Desk,Furniture,Delhi,Online,Cash,2,12534.91,0.05,25069.82,23816.33,0,2213.96,2025,4,April,Friday,25069.82,23816.328999999998
2025-04-25,ORD047582,CUST00343,P019,Vacuum Cleaner,Home,Chennai,Online,Debit Card,1,9709.07,0.0,9709.07,9709.07,0,1465.8,2025,4,April,Friday,9709.07,9709.07
2025-04-25,ORD002658,CUST04919,P017,Jeans,Fashion,Mumbai,Online,UPI,1,2945.93,0.15,2945.93,2504.04,0,230.11,2025,4,April,Friday,2945.93,2504.0404999999996
2025-04-25,ORD002833,CUST04526,P009,T-Shirt,Fashion,Chennai,Online,Debit Card,5,1102.52,0.0,5512.6,5512.6,0,963.18,2025,4,April,Friday,5512.6,5512.6
2025-04-25,ORD037897,CUST04048,P008,Running Shoes,Fashion,Bengaluru,Online,Debit Card,1,4089.05,0.15,4089.05,3475.69,0,897.39,2025,4,April,Friday,4089.05,3475.6925
2025-04-25,ORD004796,CUST02636,P015,Dining Table,Furniture,Chennai,Store,Credit Card,1,23486.86,0.05,23486.86,22312.52,0,1921.18,2025,4,April,Friday,23486.86,22312.517
2025-04-25,ORD004419,CUST00720,P011,Mixer Grinder,Home,Ahmedabad,Store,Debit Card,2,4450.48,0.0,8900.96,8900.96,0,1218.78,2025,4,April,Friday,8900.96,8900.96
2025-04-25,ORD020552,CUST04632,P020,Microwave,Home,Delhi,Store,Credit Card,2,11520.98,0.05,23041.96,21889.86,0,1646.92,2025,4,April,Friday,23041.96,21889.861999999997
2025-04-25,ORD033804,CUST02700,P018,Jacket,Fashion,Jaipur,Store,Net Banking,1,4686.98,0.05,4686.98,4452.63,0,1139.02,2025,4,April,Friday,4686.98,4452.630999999999
2025-04-25,ORD049019,CUST02602,P019,Vacuum Cleaner,Home,Pune,Online,UPI,2,8157.72,0.0,16315.44,16315.44,0,1896.55,2025,4,April,Friday,16315.44,16315.44
2025-04-25,ORD032327,CUST04871,P006,Desk,Furniture,Kolkata,Online,Debit Card,3,13178.58,0.05,39535.74,37558.95,0,9166.88,2025,4,April,Friday,39535.74,37558.952999999994
2025-04-25,ORD000782,CUST01375,P017,Jeans,Fashion,Hyderabad,Online,Net Banking,1,2587.91,0.1,2587.91,2329.12,0,350.33,2025,4,April,Friday,2587.91,2329.119
2025-04-25,ORD001224,CUST04734,P013,Monitor,Electronics,Kolkata,Store,UPI,4,17154.33,0.1,68617.32,61755.59,0,9714.86,2025,4,April,Friday,68617.32,61755.58800000001
2025-04-25,ORD018926,CUST00827,P001,Laptop,Electronics,Chennai,Store,UPI,5,62043.67,0.05,310218.35,294707.43,0,83136.65,2025,4,April,Friday,310218.35,294707.43249999994
2025-04-25,ORD019389,CUST04332,P019,Vacuum Cleaner,Home,Hyderabad,Store,Credit Card,2,8968.09,0.15,17936.18,15245.75,0,1190.88,2025,4,April,Friday,17936.18,15245.753
2025-04-25,ORD039700,CUST01734,P015,Dining Table,Furniture,Ahmedabad,Online,Credit Card,1,21565.25,0.05,21565.25,20486.99,0,3055.46,2025,4,April,Friday,21565.25,20486.9875
2025-04-25,ORD019114,CUST01741,P009,T-Shirt,Fashion,Jaipur,Online,Credit Card,5,1084.09,0.05,5420.45,5149.43,0,1458.88,2025,4,April,Friday,5420.45,5149.4275
2025-04-25,ORD041065,CUST02818,P004,Smartwatch,Electronics,Surat,Online,Credit Card,1,7282.42,0.0,7282.42,7282.42,0,1244.06,2025,4,April,Friday,7282.42,7282.42
2025-04-25,ORD042850,CUST04715,P017,Jeans,Fashion,Delhi,Online,Debit Card,2,3076.72,0.05,6153.44,5845.77,0,1365.74,2025,4,April,Friday,6153.44,5845.767999999999
2025-04-25,ORD038946,CUST00562,P009,T-Shirt,Fashion,Ahmedabad,Online,Credit Card,2,1302.37,0.05,2604.74,2474.5,0,489.71,2025,4,April,Friday,2604.74,2474.5029999999997
2025-04-25,ORD020839,CUST03348,P005,Office Chair,Furniture,Ahmedabad,Online,Debit Card,1,10325.3,0.05,10325.3,9809.03,0,2050.14,2025,4,April,Friday,10325.3,9809.034999999998
2025-04-25,ORD027032,CUST01978,P005,Office Chair,Furniture,Ahmedabad,Store,UPI,2,9013.99,0.0,18027.98,18027.98,1,-901.4,2025,4,April,Friday,18027.98,18027.98
2025-04-25,ORD028528,CUST03431,P007,Backpack,Accessories,Mumbai,Store,UPI,1,2304.37,0.2,2304.37,1843.5,0,331.2,2025,4,April,Friday,2304.37,1843.496
2025-04-25,ORD025106,CUST03988,P013,Monitor,Electronics,Bengaluru,Online,Debit Card,1,18785.8,0.05,18785.8,17846.51,0,1978.59,2025,4,April,Friday,18785.8,17846.51
2025-04-25,ORD009953,CUST00081,P011,Mixer Grinder,Home,Ahmedabad,Online,UPI,2,5263.34,0.15,10526.68,8947.68,0,1513.72,2025,4,April,Friday,10526.68,8947.678
2025-04-25,ORD014273,CUST00441,P004,Smartwatch,Electronics,Kolkata,Store,Debit Card,4,7024.15,0.0,28096.6,28096.6,0,8051.34,2025,4,April,Friday,28096.6,28096.6
2025-04-25,ORD020368,CUST02529,P017,Jeans,Fashion,Chennai,Online,Debit Card,1,2879.13,0.05,2879.13,2735.17,0,495.5,2025,4,April,Friday,2879.13,2735.1735
2025-04-25,ORD032493,CUST04821,P002,Smartphone,Electronics,Delhi,Store,Net Banking,1,30706.34,0.1,30706.34,27635.71,0,2757.73,2025,4,April,Friday,30706.34,27635.706000000002
2025-04-25,ORD042386,CUST03406,P018,Jacket,Fashion,Jaipur,Store,Credit Card,4,5425.94,0.25,21703.76,16277.82,0,1486.66,2025,4,April,Friday,21703.76,16277.82
2025-04-25,ORD039041,CUST01017,P006,Desk,Furniture,Chennai,Online,UPI,1,12358.02,0.1,12358.02,11122.22,0,2914.72,2025,4,April,Friday,12358.02,11122.218
2025-04-26,ORD029755,CUST01563,P014,Keyboard,Electronics,Jaipur,Online,Cash,1,2670.81,0.05,2670.81,2537.27,0,507.09,2025,4,April,Saturday,2670.81,2537.2695
2025-04-26,ORD017629,CUST00128,P018,Jacket,Fashion,Bengaluru,Online,Credit Card,1,5501.76,0.0,5501.76,5501.76,0,880.72,2025,4,April,Saturday,5501.76,5501.76
2025-04-26,ORD047194,CUST03933,P011,Mixer Grinder,Home,Ahmedabad,Store,Debit Card,1,4574.69,0.15,4574.69,3888.49,0,296.16,2025,4,April,Saturday,4574.69,3888.4864999999995
2025-04-26,ORD033573,CUST02855,P015,Dining Table,Furniture,Bengaluru,Online,UPI,1,20735.41,0.1,20735.41,18661.87,0,3273.24,2025,4,April,Saturday,20735.41,18661.869
2025-04-26,ORD026078,CUST03241,P005,Office Chair,Furniture,Jaipur,Online,UPI,1,10129.12,0.1,10129.12,9116.21,0,988.99,2025,4,April,Saturday,10129.12,9116.208
2025-04-26,ORD040108,CUST00575,P019,Vacuum Cleaner,Home,Jaipur,Online,UPI,1,9841.02,0.05,9841.02,9348.97,0,2085.56,2025,4,April,Saturday,9841.02,9348.969
2025-04-26,ORD036075,CUST04124,P003,Headphones,Electronics,Pune,Store,Credit Card,1,4339.75,0.05,4339.75,4122.76,0,393.05,2025,4,April,Saturday,4339.75,4122.7625
2025-04-26,ORD040090,CUST00231,P014,Keyboard,Electronics,Mumbai,Online,Cash,2,2696.87,0.0,5393.74,5393.74,0,558.57,2025,4,April,Saturday,5393.74,5393.74
2025-04-26,ORD046383,CUST03071,P006,Desk,Furniture,Delhi,Store,UPI,1,12338.71,0.15,12338.71,10487.9,0,2168.78,2025,4,April,Saturday,12338.71,10487.903499999999
2025-04-26,ORD018498,CUST03027,P001,Laptop,Electronics,Jaipur,Online,UPI,4,61017.2,0.1,244068.8,219661.92,0,53112.35,2025,4,April,Saturday,244068.8,219661.91999999998
2025-04-26,ORD038363,CUST03967,P010,Coffee Maker,Home,Mumbai,Online,UPI,1,5440.39,0.1,5440.39,4896.35,0,494.14,2025,4,April,Saturday,5440.39,4896.351000000001
2025-04-26,ORD028144,CUST03385,P016,Sofa,Furniture,Kolkata,Store,Debit Card,3,34246.45,0.1,102739.35,92465.42,0,12128.37,2025,4,April,Saturday,102739.34999999999,92465.41500000001
2025-04-26,ORD039900,CUST02392,P009,T-Shirt,Fashion,Chennai,Online,UPI,2,1225.39,0.1,2450.78,2205.7,0,580.6,2025,4,April,Saturday,2450.78,2205.702
2025-04-26,ORD029285,CUST02092,P007,Backpack,Accessories,Delhi,Online,Credit Card,1,2155.71,0.2,2155.71,1724.57,0,414.8,2025,4,April,Saturday,2155.71,1724.5680000000002
2025-04-26,ORD002055,CUST01007,P009,T-Shirt,Fashion,Ahmedabad,Online,UPI,3,1088.67,0.0,3266.01,3266.01,0,506.83,2025,4,April,Saturday,3266.01,3266.01
2025-04-26,ORD038436,CUST04629,P016,Sofa,Furniture,Hyderabad,Online,Debit Card,1,31713.11,0.25,31713.11,23784.83,1,-1189.24,2025,4,April,Saturday,31713.11,23784.8325
2025-04-26,ORD019748,CUST04673,P020,Microwave,Home,Surat,Store,UPI,2,11810.82,0.1,23621.64,21259.48,0,1550.68,2025,4,April,Saturday,23621.64,21259.476
2025-04-26,ORD008775,CUST02378,P014,Keyboard,Electronics,Delhi,Store,Net Banking,1,2570.97,0.0,2570.97,2570.97,0,241.46,2025,4,April,Saturday,2570.97,2570.97
2025-04-26,ORD003692,CUST04174,P003,Headphones,Electronics,Pune,Online,UPI,1,4139.77,0.05,4139.77,3932.78,0,513.59,2025,4,April,Saturday,4139.77,3932.7815
2025-04-26,ORD028345,CUST03275,P016,Sofa,Furniture,Ahmedabad,Store,UPI,1,38405.21,0.05,38405.21,36484.95,0,10489.01,2025,4,April,Saturday,38405.21,36484.949499999995
2025-04-26,ORD016635,CUST03090,P011,Mixer Grinder,Home,Ahmedabad,Online,Credit Card,1,5013.73,0.25,5013.73,3760.3,0,485.63,2025,4,April,Saturday,5013.73,3760.2974999999997
2025-04-26,ORD016629,CUST04906,P005,Office Chair,Furniture,Ahmedabad,Online,Cash,2,9130.67,0.0,18261.34,18261.34,0,5267.68,2025,4,April,Saturday,18261.34,18261.34
2025-04-26,ORD009825,CUST02513,P002,Smartphone,Electronics,Pune,Online,Credit Card,2,25429.23,0.2,50858.46,40686.77,0,7549.76,2025,4,April,Saturday,50858.46,40686.768000000004
2025-04-26,ORD034375,CUST02696,P013,Monitor,Electronics,Ahmedabad,Online,UPI,1,16233.83,0.05,16233.83,15422.14,1,-771.11,2025,4,April,Saturday,16233.83,15422.1385
2025-04-26,ORD046761,CUST03588,P004,Smartwatch,Electronics,Mumbai,Online,Credit Card,1,7404.5,0.25,7404.5,5553.38,0,878.37,2025,4,April,Saturday,7404.5,5553.375
2025-04-26,ORD044778,CUST01693,P005,Office Chair,Furniture,Jaipur,Store,Credit Card,2,8764.24,0.15,17528.48,14899.21,0,3824.66,2025,4,April,Saturday,17528.48,14899.207999999999
2025-04-26,ORD019715,CUST03548,P004,Smartwatch,Electronics,Hyderabad,Store,Debit Card,1,6679.17,0.05,6679.17,6345.21,1,-317.26,2025,4,April,Saturday,6679.17,6345.211499999999
2025-04-26,ORD017752,CUST01289,P001,Laptop,Electronics,Pune,Online,Credit Card,3,66262.44,0.1,198787.32,178908.59,0,16157.47,2025,4,April,Saturday,198787.32,178908.58800000002
2025-04-26,ORD039311,CUST00904,P018,Jacket,Fashion,Kolkata,Store,Net Banking,1,5533.64,0.1,5533.64,4980.28,1,-249.01,2025,4,April,Saturday,5533.64,4980.276000000001
2025-04-26,ORD047127,CUST03671,P017,Jeans,Fashion,Bengaluru,Online,Debit Card,1,2761.41,0.0,2761.41,2761.41,0,439.94,2025,4,April,Saturday,2761.41,2761.41
2025-04-26,ORD033601,CUST02828,P005,Office Chair,Furniture,Surat,Store,UPI,1,9793.61,0.0,9793.61,9793.61,0,1851.96,2025,4,April,Saturday,9793.61,9793.61
2025-04-26,ORD024229,CUST03609,P015,Dining Table,Furniture,Delhi,Online,UPI,5,23409.29,0.05,117046.45,111194.13,0,26257.94,2025,4,April,Saturday,117046.45000000001,111194.12749999999
2025-04-26,ORD019529,CUST00798,P007,Backpack,Accessories,Hyderabad,Store,UPI,1,2026.05,0.1,2026.05,1823.44,0,479.92,2025,4,April,Saturday,2026.05,1823.445
2025-04-26,ORD039354,CUST03434,P002,Smartphone,Electronics,Delhi,Online,Credit Card,1,26168.0,0.15,26168.0,22242.8,0,4127.55,2025,4,April,Saturday,26168.0,22242.8
2025-04-26,ORD024560,CUST04572,P004,Smartwatch,Electronics,Mumbai,Store,Net Banking,1,7534.94,0.1,7534.94,6781.45,0,1292.04,2025,4,April,Saturday,7534.94,6781.446
2025-04-26,ORD026246,CUST02120,P004,Smartwatch,Electronics,Kolkata,Online,Credit Card,5,7164.11,0.1,35820.55,32238.49,0,2338.0,2025,4,April,Saturday,35820.549999999996,32238.495000000003
2025-04-26,ORD008295,CUST00270,P008,Running Shoes,Fashion,Jaipur,Online,Credit Card,1,4045.96,0.05,4045.96,3843.66,0,672.12,2025,4,April,Saturday,4045.96,3843.662
2025-04-26,ORD001682,CUST02365,P012,Air Fryer,Home,Ahmedabad,Online,Net Banking,2,7819.64,0.0,15639.28,15639.28,0,2940.26,2025,4,April,Saturday,15639.28,15639.28
2025-04-26,ORD012367,CUST00630,P001,Laptop,Electronics,Ahmedabad,Online,Net Banking,3,62745.74,0.1,188237.22,169413.5,0,31165.37,2025,4,April,Saturday,188237.22,169413.498
2025-04-26,ORD048675,CUST02668,P020,Microwave,Home,Bengaluru,Online,Debit Card,1,11570.26,0.2,11570.26,9256.21,0,1064.84,2025,4,April,Saturday,11570.26,9256.208
2025-04-26,ORD041268,CUST01189,P013,Monitor,Electronics,Hyderabad,Online,Net Banking,1,18791.68,0.1,18791.68,16912.51,1,-845.63,2025,4,April,Saturday,18791.68,16912.512000000002
2025-04-26,ORD026347,CUST00471,P002,Smartphone,Electronics,Ahmedabad,Online,Credit Card,2,28741.83,0.2,57483.66,45986.93,0,5909.3,2025,4,April,Saturday,57483.66,45986.92800000001
2025-04-26,ORD019531,CUST01356,P019,Vacuum Cleaner,Home,Bengaluru,Online,UPI,2,8908.89,0.15,17817.78,15145.11,0,1862.86,2025,4,April,Saturday,17817.78,15145.113
2025-04-26,ORD036480,CUST00457,P006,Desk,Furniture,Hyderabad,Online,UPI,1,11372.02,0.0,11372.02,11372.02,0,2842.88,2025,4,April,Saturday,11372.02,11372.02
2025-04-26,ORD021247,CUST04533,P004,Smartwatch,Electronics,Mumbai,Online,UPI,5,6982.08,0.05,34910.4,33164.88,0,2930.08,2025,4,April,Saturday,34910.4,33164.88
2025-04-26,ORD019292,CUST01719,P001,Laptop,Electronics,Ahmedabad,Online,UPI,1,68959.83,0.2,68959.83,55167.86,0,3921.04,2025,4,April,Saturday,68959.83,55167.864
2025-04-26,ORD043335,CUST02703,P004,Smartwatch,Electronics,Bengaluru,Store,UPI,1,7208.17,0.05,7208.17,6847.76,0,1260.6,2025,4,April,Saturday,7208.17,6847.7615
2025-04-26,ORD028383,CUST02509,P007,Backpack,Accessories,Hyderabad,Store,UPI,1,2048.73,0.05,2048.73,1946.29,0,325.72,2025,4,April,Saturday,2048.73,1946.2935
2025-04-26,ORD008024,CUST02135,P020,Microwave,Home,Bengaluru,Online,Debit Card,1,11091.84,0.15,11091.84,9428.06,0,811.02,2025,4,April,Saturday,11091.84,9428.064
2025-04-26,ORD046077,CUST00332,P007,Backpack,Accessories,Jaipur,Online,Net Banking,2,2311.2,0.2,4622.4,3697.92,0,522.11,2025,4,April,Saturday,4622.4,3697.92
2025-04-26,ORD029945,CUST00130,P018,Jacket,Fashion,Jaipur,Store,Cash,2,4885.71,0.0,9771.42,9771.42,0,997.2,2025,4,April,Saturday,9771.42,9771.42
2025-04-26,ORD030677,CUST00574,P015,Dining Table,Furniture,Hyderabad,Online,Credit Card,2,22456.17,0.0,44912.34,44912.34,1,-2245.62,2025,4,April,Saturday,44912.34,44912.34
2025-04-26,ORD033865,CUST02578,P005,Office Chair,Furniture,Ahmedabad,Store,UPI,1,9125.33,0.0,9125.33,9125.33,0,1570.24,2025,4,April,Saturday,9125.33,9125.33
2025-04-26,ORD025704,CUST04088,P010,Coffee Maker,Home,Surat,Online,Credit Card,1,5777.37,0.0,5777.37,5777.37,0,954.13,2025,4,April,Saturday,5777.37,5777.37
2025-04-26,ORD021642,CUST03188,P019,Vacuum Cleaner,Home,Hyderabad,Online,UPI,1,8995.48,0.1,8995.48,8095.93,0,1098.78,2025,4,April,Saturday,8995.48,8095.932
2025-04-26,ORD023147,CUST01745,P017,Jeans,Fashion,Mumbai,Online,Credit Card,2,2671.01,0.0,5342.02,5342.02,0,1260.94,2025,4,April,Saturday,5342.02,5342.02
2025-04-26,ORD033837,CUST04919,P020,Microwave,Home,Delhi,Store,Credit Card,1,10187.88,0.1,10187.88,9169.09,0,879.7,2025,4,April,Saturday,10187.88,9169.091999999999
2025-04-26,ORD044049,CUST03966,P018,Jacket,Fashion,Mumbai,Online,Credit Card,4,4810.17,0.05,19240.68,18278.65,0,2880.95,2025,4,April,Saturday,19240.68,18278.646
2025-04-26,ORD011079,CUST03083,P010,Coffee Maker,Home,Bengaluru,Online,Debit Card,2,5349.65,0.05,10699.3,10164.33,0,2798.89,2025,4,April,Saturday,10699.3,10164.335
2025-04-26,ORD028981,CUST01729,P008,Running Shoes,Fashion,Jaipur,Store,UPI,2,4346.24,0.05,8692.48,8257.86,0,2245.79,2025,4,April,Saturday,8692.48,8257.856
2025-04-26,ORD042691,CUST03250,P011,Mixer Grinder,Home,Pune,Online,Net Banking,1,4432.26,0.1,4432.26,3989.03,0,852.74,2025,4,April,Saturday,4432.26,3989.034
2025-04-26,ORD046335,CUST02153,P006,Desk,Furniture,Kolkata,Store,UPI,1,13198.44,0.1,13198.44,11878.6,0,2829.31,2025,4,April,Saturday,13198.44,11878.596000000001
2025-04-26,ORD037730,CUST04747,P008,Running Shoes,Fashion,Mumbai,Online,Cash,1,3840.38,0.1,3840.38,3456.34,0,957.84,2025,4,April,Saturday,3840.38,3456.342
2025-04-26,ORD023042,CUST02276,P005,Office Chair,Furniture,Delhi,Store,Credit Card,1,10294.25,0.2,10294.25,8235.4,0,1771.07,2025,4,April,Saturday,10294.25,8235.4
2025-04-26,ORD040643,CUST03150,P020,Microwave,Home,Jaipur,Online,UPI,1,11656.51,0.1,11656.51,10490.86,0,766.95,2025,4,April,Saturday,11656.51,10490.859
2025-04-26,ORD048445,CUST00007,P015,Dining Table,Furniture,Bengaluru,Online,Credit Card,1,22441.86,0.05,22441.86,21319.77,0,1614.62,2025,4,April,Saturday,22441.86,21319.767
2025-04-26,ORD000930,CUST00895,P003,Headphones,Electronics,Ahmedabad,Store,UPI,2,4800.71,0.0,9601.42,9601.42,0,1218.16,2025,4,April,Saturday,9601.42,9601.42
2025-04-26,ORD040535,CUST03984,P008,Running Shoes,Fashion,Jaipur,Store,Credit Card,1,4315.56,0.15,4315.56,3668.23,0,380.45,2025,4,April,Saturday,4315.56,3668.226
2025-04-27,ORD024207,CUST03183,P001,Laptop,Electronics,Bengaluru,Online,Net Banking,2,69655.35,0.1,139310.7,125379.63,0,30857.69,2025,4,April,Sunday,139310.7,125379.63000000002
2025-04-27,ORD048011,CUST03633,P006,Desk,Furniture,Hyderabad,Online,Debit Card,1,13006.41,0.0,13006.41,13006.41,0,1540.17,2025,4,April,Sunday,13006.41,13006.41
2025-04-27,ORD022071,CUST04911,P001,Laptop,Electronics,Surat,Store,Credit Card,3,67413.27,0.15,202239.81,171903.84,0,32905.88,2025,4,April,Sunday,202239.81,171903.83849999998
2025-04-27,ORD027134,CUST03196,P019,Vacuum Cleaner,Home,Surat,Online,Net Banking,1,8834.49,0.05,8834.49,8392.77,0,634.81,2025,4,April,Sunday,8834.49,8392.7655
2025-04-27,ORD031182,CUST00822,P007,Backpack,Accessories,Delhi,Online,Net Banking,1,2149.85,0.1,2149.85,1934.86,1,-96.74,2025,4,April,Sunday,2149.85,1934.865
2025-04-27,ORD049832,CUST03334,P020,Microwave,Home,Surat,Store,Debit Card,1,10418.36,0.15,10418.36,8855.61,0,1437.25,2025,4,April,Sunday,10418.36,8855.606
2025-04-27,ORD031101,CUST01803,P001,Laptop,Electronics,Jaipur,Online,UPI,1,60923.77,0.15,60923.77,51785.2,0,13493.68,2025,4,April,Sunday,60923.77,51785.20449999999
2025-04-27,ORD033526,CUST04678,P003,Headphones,Electronics,Bengaluru,Online,UPI,1,4920.86,0.2,4920.86,3936.69,0,480.77,2025,4,April,Sunday,4920.86,3936.688
2025-04-27,ORD032357,CUST01704,P017,Jeans,Fashion,Surat,Online,UPI,4,2815.62,0.1,11262.48,10136.23,0,1802.78,2025,4,April,Sunday,11262.48,10136.232
2025-04-27,ORD007372,CUST04331,P014,Keyboard,Electronics,Kolkata,Store,Credit Card,2,2471.84,0.2,4943.68,3954.94,0,1022.25,2025,4,April,Sunday,4943.68,3954.9440000000004
2025-04-27,ORD027019,CUST02894,P009,T-Shirt,Fashion,Ahmedabad,Online,UPI,1,1226.63,0.0,1226.63,1226.63,0,299.93,2025,4,April,Sunday,1226.63,1226.63
2025-04-27,ORD021229,CUST04272,P018,Jacket,Fashion,Bengaluru,Store,Net Banking,1,5253.22,0.25,5253.22,3939.92,0,664.07,2025,4,April,Sunday,5253.22,3939.915
2025-04-27,ORD033428,CUST01276,P018,Jacket,Fashion,Ahmedabad,Store,UPI,1,5430.21,0.0,5430.21,5430.21,0,1273.75,2025,4,April,Sunday,5430.21,5430.21
2025-04-27,ORD027121,CUST00158,P010,Coffee Maker,Home,Jaipur,Store,UPI,1,5895.23,0.15,5895.23,5010.95,0,682.59,2025,4,April,Sunday,5895.23,5010.9455
2025-04-27,ORD044932,CUST01027,P010,Coffee Maker,Home,Delhi,Store,UPI,1,5787.58,0.05,5787.58,5498.2,0,964.42,2025,4,April,Sunday,5787.58,5498.201
2025-04-27,ORD019958,CUST03714,P011,Mixer Grinder,Home,Hyderabad,Store,Credit Card,1,4827.07,0.1,4827.07,4344.36,0,717.23,2025,4,April,Sunday,4827.07,4344.363
2025-04-27,ORD049937,CUST01756,P013,Monitor,Electronics,Chennai,Online,UPI,1,17895.91,0.05,17895.91,17001.11,0,3583.77,2025,4,April,Sunday,17895.91,17001.1145
2025-04-27,ORD015657,CUST04310,P004,Smartwatch,Electronics,Ahmedabad,Online,Credit Card,1,7585.28,0.05,7585.28,7206.02,0,1846.47,2025,4,April,Sunday,7585.28,7206.016
2025-04-27,ORD012284,CUST01434,P019,Vacuum Cleaner,Home,Ahmedabad,Store,Cash,1,8871.62,0.0,8871.62,8871.62,0,2070.0,2025,4,April,Sunday,8871.62,8871.62
2025-04-27,ORD043535,CUST03142,P011,Mixer Grinder,Home,Mumbai,Online,UPI,3,5063.23,0.05,15189.69,14430.21,0,3188.58,2025,4,April,Sunday,15189.689999999999,14430.2055
2025-04-27,ORD007163,CUST03318,P010,Coffee Maker,Home,Surat,Store,UPI,3,5881.57,0.05,17644.71,16762.47,0,1253.34,2025,4,April,Sunday,17644.71,16762.474499999997
2025-04-27,ORD018528,CUST01449,P003,Headphones,Electronics,Bengaluru,Online,Debit Card,4,4156.05,0.1,16624.2,14961.78,0,2254.66,2025,4,April,Sunday,16624.2,14961.78
2025-04-27,ORD020891,CUST01072,P004,Smartwatch,Electronics,Surat,Store,UPI,1,6552.66,0.1,6552.66,5897.39,0,823.29,2025,4,April,Sunday,6552.66,5897.394
2025-04-27,ORD005613,CUST01583,P020,Microwave,Home,Ahmedabad,Store,Credit Card,1,10528.82,0.25,10528.82,7896.62,0,1752.4,2025,4,April,Sunday,10528.82,7896.615
2025-04-27,ORD016453,CUST01302,P011,Mixer Grinder,Home,Delhi,Store,Credit Card,1,4508.66,0.1,4508.66,4057.79,0,615.93,2025,4,April,Sunday,4508.66,4057.794
2025-04-27,ORD023989,CUST01138,P007,Backpack,Accessories,Chennai,Online,Debit Card,1,2393.7,0.05,2393.7,2274.02,0,533.2,2025,4,April,Sunday,2393.7,2274.015
2025-04-27,ORD003818,CUST04773,P009,T-Shirt,Fashion,Delhi,Store,Credit Card,3,1135.58,0.0,3406.74,3406.74,0,579.64,2025,4,April,Sunday,3406.74,3406.74
2025-04-27,ORD007625,CUST01924,P001,Laptop,Electronics,Delhi,Online,Debit Card,1,67219.29,0.05,67219.29,63858.33,0,10994.82,2025,4,April,Sunday,67219.29,63858.32549999999
2025-04-27,ORD009690,CUST03706,P007,Backpack,Accessories,Ahmedabad,Store,Credit Card,1,2291.86,0.2,2291.86,1833.49,0,152.58,2025,4,April,Sunday,2291.86,1833.4880000000003
2025-04-27,ORD017831,CUST04527,P009,T-Shirt,Fashion,Hyderabad,Store,UPI,1,1220.01,0.1,1220.01,1098.01,0,149.08,2025,4,April,Sunday,1220.01,1098.009
2025-04-27,ORD023831,CUST02481,P006,Desk,Furniture,Mumbai,Store,UPI,1,11027.03,0.1,11027.03,9924.33,0,2270.08,2025,4,April,Sunday,11027.03,9924.327000000001
2025-04-27,ORD030879,CUST01826,P009,T-Shirt,Fashion,Kolkata,Online,UPI,1,1289.74,0.15,1289.74,1096.28,0,213.48,2025,4,April,Sunday,1289.74,1096.279
2025-04-27,ORD009440,CUST01309,P001,Laptop,Electronics,Mumbai,Store,Credit Card,1,63141.69,0.05,63141.69,59984.61,0,9325.01,2025,4,April,Sunday,63141.69,59984.6055
2025-04-27,ORD026158,CUST02654,P007,Backpack,Accessories,Kolkata,Online,Debit Card,1,2197.94,0.0,2197.94,2197.94,0,490.76,2025,4,April,Sunday,2197.94,2197.94
2025-04-27,ORD041309,CUST03928,P005,Office Chair,Furniture,Jaipur,Online,UPI,1,8810.94,0.2,8810.94,7048.75,0,566.84,2025,4,April,Sunday,8810.94,7048.752
2025-04-27,ORD019930,CUST02134,P010,Coffee Maker,Home,Surat,Online,UPI,1,5734.58,0.1,5734.58,5161.12,0,971.23,2025,4,April,Sunday,5734.58,5161.122
2025-04-27,ORD043374,CUST04284,P012,Air Fryer,Home,Surat,Store,Credit Card,1,7670.8,0.15,7670.8,6520.18,0,1036.63,2025,4,April,Sunday,7670.8,6520.18
2025-04-27,ORD006933,CUST02590,P002,Smartphone,Electronics,Jaipur,Store,Credit Card,1,27245.94,0.25,27245.94,20434.45,0,2122.08,2025,4,April,Sunday,27245.94,20434.454999999998
2025-04-27,ORD003884,CUST04121,P015,Dining Table,Furniture,Hyderabad,Store,Credit Card,2,23579.64,0.15,47159.28,40085.39,0,4077.31,2025,4,April,Sunday,47159.28,40085.388
2025-04-27,ORD038611,CUST03813,P003,Headphones,Electronics,Pune,Online,Cash,1,4427.36,0.15,4427.36,3763.26,1,-188.16,2025,4,April,Sunday,4427.36,3763.2559999999994
2025-04-27,ORD026825,CUST03511,P016,Sofa,Furniture,Bengaluru,Online,Credit Card,2,34248.24,0.15,68496.48,58222.01,0,6991.4,2025,4,April,Sunday,68496.48,58222.007999999994
2025-04-27,ORD044204,CUST03204,P016,Sofa,Furniture,Bengaluru,Online,Credit Card,1,36121.87,0.0,36121.87,36121.87,0,4947.13,2025,4,April,Sunday,36121.87,36121.87
2025-04-27,ORD027934,CUST03335,P011,Mixer Grinder,Home,Kolkata,Online,Cash,4,4659.1,0.05,18636.4,17704.58,0,2212.09,2025,4,April,Sunday,18636.4,17704.58
2025-04-27,ORD037400,CUST04167,P013,Monitor,Electronics,Ahmedabad,Online,Net Banking,3,19247.61,0.15,57742.83,49081.41,0,3829.25,2025,4,April,Sunday,57742.83,49081.4055
2025-04-27,ORD006949,CUST01690,P002,Smartphone,Electronics,Hyderabad,Store,Credit Card,1,26659.8,0.1,26659.8,23993.82,0,2737.54,2025,4,April,Sunday,26659.8,23993.82
2025-04-27,ORD030999,CUST03364,P002,Smartphone,Electronics,Mumbai,Online,Net Banking,2,28852.27,0.0,57704.54,57704.54,0,7903.96,2025,4,April,Sunday,57704.54,57704.54
2025-04-27,ORD036210,CUST01178,P019,Vacuum Cleaner,Home,Ahmedabad,Online,UPI,1,9352.16,0.1,9352.16,8416.94,0,530.65,2025,4,April,Sunday,9352.16,8416.944
2025-04-27,ORD046930,CUST00304,P016,Sofa,Furniture,Pune,Store,UPI,5,37458.52,0.0,187292.6,187292.6,0,43495.24,2025,4,April,Sunday,187292.59999999998,187292.6
2025-04-27,ORD022591,CUST03791,P018,Jacket,Fashion,Delhi,Online,Credit Card,1,5261.98,0.05,5261.98,4998.88,0,1005.96,2025,4,April,Sunday,5261.98,4998.880999999999
2025-04-27,ORD021317,CUST02535,P014,Keyboard,Electronics,Delhi,Online,UPI,1,2584.43,0.05,2584.43,2455.21,0,679.23,2025,4,April,Sunday,2584.43,2455.2084999999997
2025-04-27,ORD020178,CUST04590,P001,Laptop,Electronics,Surat,Online,Credit Card,1,60438.75,0.1,60438.75,54394.88,0,9700.55,2025,4,April,Sunday,60438.75,54394.875
2025-04-27,ORD035164,CUST02883,P017,Jeans,Fashion,Bengaluru,Online,UPI,2,2937.41,0.0,5874.82,5874.82,1,-293.74,2025,4,April,Sunday,5874.82,5874.82
2025-04-27,ORD027428,CUST03949,P008,Running Shoes,Fashion,Pune,Store,Credit Card,1,4467.7,0.05,4467.7,4244.31,0,1213.99,2025,4,April,Sunday,4467.7,4244.315
2025-04-27,ORD010149,CUST01970,P018,Jacket,Fashion,Hyderabad,Store,UPI,1,4806.5,0.1,4806.5,4325.85,0,500.93,2025,4,April,Sunday,4806.5,4325.85
2025-04-27,ORD009212,CUST04935,P019,Vacuum Cleaner,Home,Delhi,Store,UPI,1,8248.83,0.0,8248.83,8248.83,0,1473.71,2025,4,April,Sunday,8248.83,8248.83
2025-04-27,ORD016972,CUST03330,P003,Headphones,Electronics,Pune,Store,Debit Card,1,4539.24,0.1,4539.24,4085.32,0,920.0,2025,4,April,Sunday,4539.24,4085.316
2025-04-27,ORD009241,CUST03521,P009,T-Shirt,Fashion,Delhi,Online,UPI,1,1088.09,0.05,1088.09,1033.69,0,218.73,2025,4,April,Sunday,1088.09,1033.6854999999998
2025-04-27,ORD017569,CUST04321,P010,Coffee Maker,Home,Pune,Online,UPI,5,5491.67,0.0,27458.35,27458.35,1,-1372.92,2025,4,April,Sunday,27458.35,27458.35
2025-04-27,ORD007073,CUST00266,P012,Air Fryer,Home,Kolkata,Online,UPI,4,7044.8,0.05,28179.2,26770.24,0,6261.14,2025,4,April,Sunday,28179.2,26770.239999999998
2025-04-27,ORD034685,CUST00543,P015,Dining Table,Furniture,Bengaluru,Online,UPI,2,20271.09,0.1,40542.18,36487.96,0,7226.79,2025,4,April,Sunday,40542.18,36487.962
2025-04-27,ORD000608,CUST04491,P011,Mixer Grinder,Home,Mumbai,Online,UPI,2,4811.77,0.0,9623.54,9623.54,0,2093.31,2025,4,April,Sunday,9623.54,9623.54
2025-04-27,ORD041217,CUST01865,P011,Mixer Grinder,Home,Kolkata,Online,Credit Card,1,4671.93,0.2,4671.93,3737.54,0,333.72,2025,4,April,Sunday,4671.93,3737.5440000000003
2025-04-27,ORD015588,CUST04390,P004,Smartwatch,Electronics,Jaipur,Online,Debit Card,1,7028.42,0.2,7028.42,5622.74,0,1256.5,2025,4,April,Sunday,7028.42,5622.736000000001
2025-04-27,ORD037405,CUST01261,P012,Air Fryer,Home,Ahmedabad,Online,Credit Card,3,6883.55,0.15,20650.65,17553.05,0,3301.09,2025,4,April,Sunday,20650.65,17553.0525
2025-04-27,ORD013416,CUST03665,P003,Headphones,Electronics,Kolkata,Online,Debit Card,2,4082.15,0.1,8164.3,7347.87,0,1108.44,2025,4,April,Sunday,8164.3,7347.87
2025-04-27,ORD030360,CUST00660,P006,Desk,Furniture,Chennai,Store,UPI,1,12785.28,0.0,12785.28,12785.28,0,1313.26,2025,4,April,Sunday,12785.28,12785.28
2025-04-27,ORD019658,CUST04102,P002,Smartphone,Electronics,Bengaluru,Store,Net Banking,1,28906.57,0.2,28906.57,23125.26,0,1536.66,2025,4,April,Sunday,28906.57,23125.256
2025-04-27,ORD001073,CUST03014,P017,Jeans,Fashion,Pune,Online,Credit Card,5,2934.17,0.15,14670.85,12470.22,0,2910.28,2025,4,April,Sunday,14670.85,12470.2225
2025-04-27,ORD043179,CUST04609,P002,Smartphone,Electronics,Jaipur,Store,Credit Card,1,29246.82,0.1,29246.82,26322.14,0,4067.62,2025,4,April,Sunday,29246.82,26322.138
2025-04-27,ORD017486,CUST00361,P013,Monitor,Electronics,Jaipur,Online,Cash,3,17612.87,0.1,52838.61,47554.75,0,2983.85,2025,4,April,Sunday,52838.61,47554.749
2025-04-27,ORD020652,CUST03793,P001,Laptop,Electronics,Bengaluru,Online,UPI,4,68111.02,0.2,272444.08,217955.26,0,25678.87,2025,4,April,Sunday,272444.08,217955.26400000002
2025-04-27,ORD039640,CUST00039,P008,Running Shoes,Fashion,Chennai,Online,Debit Card,1,4411.73,0.1,4411.73,3970.56,0,767.64,2025,4,April,Sunday,4411.73,3970.557
2025-04-27,ORD034604,CUST03689,P015,Dining Table,Furniture,Bengaluru,Store,Credit Card,1,23982.4,0.1,23982.4,21584.16,0,5641.3,2025,4,April,Sunday,23982.4,21584.160000000003
2025-04-27,ORD027558,CUST03566,P020,Microwave,Home,Ahmedabad,Store,Credit Card,1,11464.49,0.1,11464.49,10318.04,0,1469.3,2025,4,April,Sunday,11464.49,10318.041
2025-04-27,ORD034477,CUST00607,P007,Backpack,Accessories,Hyderabad,Store,Debit Card,1,2366.4,0.0,2366.4,2366.4,0,633.41,2025,4,April,Sunday,2366.4,2366.4
2025-04-27,ORD003085,CUST03129,P004,Smartwatch,Electronics,Bengaluru,Store,UPI,1,6620.33,0.15,6620.33,5627.28,0,1153.96,2025,4,April,Sunday,6620.33,5627.2805
2025-04-27,ORD041397,CUST00846,P020,Microwave,Home,Kolkata,Online,Debit Card,1,10735.66,0.1,10735.66,9662.09,0,741.07,2025,4,April,Sunday,10735.66,9662.094000000001
2025-04-27,ORD022456,CUST03049,P019,Vacuum Cleaner,Home,Surat,Online,Credit Card,1,9697.01,0.15,9697.01,8242.46,0,816.14,2025,4,April,Sunday,9697.01,8242.4585
2025-04-27,ORD020663,CUST00160,P010,Coffee Maker,Home,Ahmedabad,Online,Credit Card,1,5082.65,0.15,5082.65,4320.25,0,617.19,2025,4,April,Sunday,5082.65,4320.2525
2025-04-27,ORD015952,CUST02875,P019,Vacuum Cleaner,Home,Kolkata,Online,Net Banking,5,9765.89,0.1,48829.45,43946.5,0,10976.12,2025,4,April,Sunday,48829.45,43946.505
2025-04-28,ORD024851,CUST00202,P008,Running Shoes,Fashion,Kolkata,Online,Debit Card,1,4305.11,0.0,4305.11,4305.11,0,1182.71,2025,4,April,Monday,4305.11,4305.11
2025-04-28,ORD040063,CUST02738,P016,Sofa,Furniture,Jaipur,Online,UPI,1,35961.95,0.1,35961.95,32365.75,0,8435.75,2025,4,April,Monday,35961.95,32365.754999999997
2025-04-28,ORD020876,CUST00753,P015,Dining Table,Furniture,Pune,Store,Debit Card,3,21199.46,0.1,63598.38,57238.54,0,6035.08,2025,4,April,Monday,63598.38,57238.542
2025-04-28,ORD042954,CUST00998,P020,Microwave,Home,Kolkata,Store,Cash,1,10629.51,0.1,10629.51,9566.56,0,2193.99,2025,4,April,Monday,10629.51,9566.559000000001
2025-04-28,ORD001001,CUST01004,P009,T-Shirt,Fashion,Pune,Store,Debit Card,2,1135.76,0.25,2271.52,1703.64,0,223.64,2025,4,April,Monday,2271.52,1703.6399999999999
2025-04-28,ORD025639,CUST00066,P011,Mixer Grinder,Home,Chennai,Online,Cash,1,4417.83,0.1,4417.83,3976.05,0,1085.46,2025,4,April,Monday,4417.83,3976.047
2025-04-28,ORD028547,CUST00374,P010,Coffee Maker,Home,Chennai,Store,UPI,1,5222.96,0.2,5222.96,4178.37,0,964.88,2025,4,April,Monday,5222.96,4178.368
2025-04-28,ORD008038,CUST00173,P006,Desk,Furniture,Hyderabad,Store,UPI,1,12963.47,0.0,12963.47,12963.47,0,3543.27,2025,4,April,Monday,12963.47,12963.47
2025-04-28,ORD023586,CUST01730,P014,Keyboard,Electronics,Kolkata,Online,Net Banking,5,2634.15,0.25,13170.75,9878.06,0,2166.66,2025,4,April,Monday,13170.75,9878.0625
2025-04-28,ORD042418,CUST04631,P007,Backpack,Accessories,Ahmedabad,Online,UPI,2,2062.14,0.15,4124.28,3505.64,0,392.73,2025,4,April,Monday,4124.28,3505.6379999999995
2025-04-28,ORD006253,CUST02892,P015,Dining Table,Furniture,Surat,Online,Debit Card,1,23482.08,0.0,23482.08,23482.08,1,-1174.1,2025,4,April,Monday,23482.08,23482.08
2025-04-28,ORD010968,CUST02902,P007,Backpack,Accessories,Pune,Online,Debit Card,1,2193.99,0.0,2193.99,2193.99,0,411.58,2025,4,April,Monday,2193.99,2193.99
2025-04-28,ORD024267,CUST02142,P018,Jacket,Fashion,Mumbai,Online,UPI,1,5393.14,0.1,5393.14,4853.83,0,1246.08,2025,4,April,Monday,5393.14,4853.826
2025-04-28,ORD028136,CUST00710,P019,Vacuum Cleaner,Home,Chennai,Online,UPI,2,8268.54,0.1,16537.08,14883.37,0,1401.06,2025,4,April,Monday,16537.08,14883.372000000001
2025-04-28,ORD015582,CUST00915,P005,Office Chair,Furniture,Mumbai,Store,UPI,2,10123.74,0.0,20247.48,20247.48,0,3466.57,2025,4,April,Monday,20247.48,20247.48
2025-04-28,ORD047257,CUST02354,P009,T-Shirt,Fashion,Hyderabad,Online,Credit Card,1,1275.29,0.0,1275.29,1275.29,0,160.04,2025,4,April,Monday,1275.29,1275.29
2025-04-28,ORD035669,CUST02053,P010,Coffee Maker,Home,Jaipur,Online,Credit Card,1,5516.4,0.1,5516.4,4964.76,0,454.27,2025,4,April,Monday,5516.4,4964.76
2025-04-28,ORD011750,CUST01543,P020,Microwave,Home,Hyderabad,Online,UPI,1,10956.86,0.2,10956.86,8765.49,0,1401.97,2025,4,April,Monday,10956.86,8765.488000000001
2025-04-28,ORD027715,CUST01302,P017,Jeans,Fashion,Surat,Store,UPI,2,2914.74,0.0,5829.48,5829.48,0,1380.2,2025,4,April,Monday,5829.48,5829.48
2025-04-28,ORD040566,CUST00739,P004,Smartwatch,Electronics,Kolkata,Online,UPI,1,7207.59,0.1,7207.59,6486.83,0,647.77,2025,4,April,Monday,7207.59,6486.831
2025-04-28,ORD019874,CUST00660,P012,Air Fryer,Home,Bengaluru,Store,UPI,1,6607.05,0.05,6607.05,6276.7,0,1031.23,2025,4,April,Monday,6607.05,6276.6975
2025-04-28,ORD039264,CUST00804,P004,Smartwatch,Electronics,Bengaluru,Store,Credit Card,1,7516.12,0.2,7516.12,6012.9,0,1237.44,2025,4,April,Monday,7516.12,6012.896000000001
2025-04-28,ORD037720,CUST04301,P011,Mixer Grinder,Home,Bengaluru,Online,Credit Card,2,4429.58,0.15,8859.16,7530.29,0,1083.72,2025,4,April,Monday,8859.16,7530.286
2025-04-28,ORD036578,CUST01528,P014,Keyboard,Electronics,Chennai,Online,Credit Card,3,2439.41,0.0,7318.23,7318.23,0,2004.74,2025,4,April,Monday,7318.23,7318.23
2025-04-28,ORD039436,CUST03276,P016,Sofa,Furniture,Ahmedabad,Online,UPI,1,31857.83,0.15,31857.83,27079.16,1,-1353.96,2025,4,April,Monday,31857.83,27079.1555
2025-04-28,ORD048476,CUST01170,P018,Jacket,Fashion,Mumbai,Online,Debit Card,1,4680.21,0.05,4680.21,4446.2,0,1016.8,2025,4,April,Monday,4680.21,4446.1995
2025-04-28,ORD012447,CUST04855,P005,Office Chair,Furniture,Chennai,Store,Net Banking,5,8624.73,0.0,43123.65,43123.65,0,4256.52,2025,4,April,Monday,43123.649999999994,43123.65
2025-04-28,ORD001983,CUST02329,P018,Jacket,Fashion,Bengaluru,Store,UPI,1,5385.38,0.1,5385.38,4846.84,0,1109.05,2025,4,April,Monday,5385.38,4846.842000000001
2025-04-28,ORD011343,CUST00664,P014,Keyboard,Electronics,Pune,Store,Credit Card,1,2386.93,0.1,2386.93,2148.24,0,564.5,2025,4,April,Monday,2386.93,2148.237
2025-04-28,ORD028444,CUST03562,P006,Desk,Furniture,Delhi,Store,UPI,1,12355.44,0.25,12355.44,9266.58,0,1550.03,2025,4,April,Monday,12355.44,9266.58
2025-04-28,ORD011134,CUST01706,P013,Monitor,Electronics,Hyderabad,Online,Debit Card,1,17275.52,0.15,17275.52,14684.19,0,953.44,2025,4,April,Monday,17275.52,14684.192
2025-04-28,ORD010145,CUST03458,P015,Dining Table,Furniture,Surat,Online,UPI,1,21588.02,0.2,21588.02,17270.42,0,3325.94,2025,4,April,Monday,21588.02,17270.416
2025-04-28,ORD011284,CUST03628,P010,Coffee Maker,Home,Delhi,Store,Net Banking,2,5641.49,0.05,11282.98,10718.83,0,1043.38,2025,4,April,Monday,11282.98,10718.830999999998
2025-04-28,ORD023612,CUST02161,P011,Mixer Grinder,Home,Jaipur,Store,Debit Card,1,5257.57,0.05,5257.57,4994.69,0,853.88,2025,4,April,Monday,5257.57,4994.6915
2025-04-28,ORD019741,CUST03838,P007,Backpack,Accessories,Mumbai,Online,UPI,1,2000.94,0.0,2000.94,2000.94,0,165.64,2025,4,April,Monday,2000.94,2000.94
2025-04-28,ORD010363,CUST00496,P003,Headphones,Electronics,Mumbai,Store,Credit Card,1,4732.24,0.1,4732.24,4259.02,0,1082.99,2025,4,April,Monday,4732.24,4259.016
2025-04-28,ORD003931,CUST00767,P004,Smartwatch,Electronics,Hyderabad,Store,UPI,2,6399.3,0.1,12798.6,11518.74,0,3067.73,2025,4,April,Monday,12798.6,11518.74
2025-04-28,ORD023211,CUST02753,P009,T-Shirt,Fashion,Mumbai,Store,Debit Card,2,1292.11,0.2,2584.22,2067.38,1,-103.37,2025,4,April,Monday,2584.22,2067.3759999999997
2025-04-28,ORD010718,CUST03322,P011,Mixer Grinder,Home,Delhi,Store,Credit Card,3,4366.55,0.1,13099.65,11789.69,0,2522.71,2025,4,April,Monday,13099.650000000001,11789.685
2025-04-28,ORD007595,CUST03660,P013,Monitor,Electronics,Pune,Store,Credit Card,1,19721.63,0.05,19721.63,18735.55,0,1348.02,2025,4,April,Monday,19721.63,18735.5485
2025-04-28,ORD008588,CUST01233,P013,Monitor,Electronics,Surat,Store,UPI,1,18594.8,0.1,18594.8,16735.32,1,-836.77,2025,4,April,Monday,18594.8,16735.32
2025-04-28,ORD004255,CUST02878,P012,Air Fryer,Home,Surat,Store,UPI,1,7476.24,0.1,7476.24,6728.62,0,1847.03,2025,4,April,Monday,7476.24,6728.616
2025-04-28,ORD012973,CUST02803,P015,Dining Table,Furniture,Ahmedabad,Store,Credit Card,5,23833.56,0.15,119167.8,101292.63,0,9900.76,2025,4,April,Monday,119167.8,101292.63
2025-04-28,ORD013930,CUST04443,P015,Dining Table,Furniture,Kolkata,Store,Debit Card,1,20213.76,0.0,20213.76,20213.76,0,5488.97,2025,4,April,Monday,20213.76,20213.76
2025-04-28,ORD010146,CUST00670,P005,Office Chair,Furniture,Chennai,Online,Cash,1,8644.1,0.0,8644.1,8644.1,0,1895.69,2025,4,April,Monday,8644.1,8644.1
2025-04-28,ORD018260,CUST03353,P008,Running Shoes,Fashion,Chennai,Store,UPI,2,4493.91,0.0,8987.82,8987.82,0,1551.51,2025,4,April,Monday,8987.82,8987.82
2025-04-28,ORD047081,CUST01927,P016,Sofa,Furniture,Chennai,Online,Cash,2,36279.06,0.2,72558.12,58046.5,0,4622.1,2025,4,April,Monday,72558.12,58046.496
2025-04-28,ORD014316,CUST03265,P019,Vacuum Cleaner,Home,Bengaluru,Online,Credit Card,1,9008.27,0.25,9008.27,6756.2,0,1188.68,2025,4,April,Monday,9008.27,6756.2025
2025-04-28,ORD038899,CUST04109,P009,T-Shirt,Fashion,Chennai,Online,Credit Card,1,1311.29,0.1,1311.29,1180.16,0,304.55,2025,4,April,Monday,1311.29,1180.161
2025-04-28,ORD043836,CUST04806,P010,Coffee Maker,Home,Hyderabad,Online,Debit Card,1,5530.04,0.1,5530.04,4977.04,0,368.53,2025,4,April,Monday,5530.04,4977.036
2025-04-28,ORD011169,CUST04199,P011,Mixer Grinder,Home,Chennai,Online,UPI,1,5080.07,0.05,5080.07,4826.07,0,537.67,2025,4,April,Monday,5080.07,4826.0665
2025-04-28,ORD021118,CUST04480,P020,Microwave,Home,Delhi,Store,Net Banking,1,11826.52,0.1,11826.52,10643.87,0,1483.1,2025,4,April,Monday,11826.52,10643.868
2025-04-28,ORD038814,CUST02979,P011,Mixer Grinder,Home,Pune,Online,Credit Card,1,4518.97,0.1,4518.97,4067.07,0,432.37,2025,4,April,Monday,4518.97,4067.0730000000003
2025-04-28,ORD031189,CUST01395,P015,Dining Table,Furniture,Surat,Store,UPI,2,21166.24,0.0,42332.48,42332.48,0,9803.4,2025,4,April,Monday,42332.48,42332.48
2025-04-28,ORD026614,CUST02428,P005,Office Chair,Furniture,Hyderabad,Online,UPI,1,9813.97,0.0,9813.97,9813.97,0,2463.26,2025,4,April,Monday,9813.97,9813.97
2025-04-28,ORD031191,CUST00163,P006,Desk,Furniture,Jaipur,Online,Debit Card,1,10948.55,0.05,10948.55,10401.12,0,2675.83,2025,4,April,Monday,10948.55,10401.1225
2025-04-28,ORD038412,CUST01799,P016,Sofa,Furniture,Mumbai,Store,UPI,1,38401.03,0.1,38401.03,34560.93,0,7343.84,2025,4,April,Monday,38401.03,34560.927
2025-04-28,ORD037846,CUST00880,P018,Jacket,Fashion,Mumbai,Online,Cash,1,5488.84,0.1,5488.84,4939.96,0,627.76,2025,4,April,Monday,5488.84,4939.956
2025-04-28,ORD037229,CUST03417,P020,Microwave,Home,Delhi,Online,UPI,2,10364.92,0.15,20729.84,17620.36,0,1644.26,2025,4,April,Monday,20729.84,17620.364
2025-04-28,ORD034675,CUST00999,P011,Mixer Grinder,Home,Chennai,Store,Credit Card,1,4790.44,0.15,4790.44,4071.87,0,823.68,2025,4,April,Monday,4790.44,4071.8739999999993
2025-04-28,ORD049088,CUST04138,P006,Desk,Furniture,Pune,Online,UPI,1,11907.21,0.15,11907.21,10121.13,0,1357.52,2025,4,April,Monday,11907.21,10121.128499999999
2025-04-28,ORD049003,CUST00668,P018,Jacket,Fashion,Mumbai,Online,UPI,1,5484.44,0.05,5484.44,5210.22,0,1149.87,2025,4,April,Monday,5484.44,5210.217999999999
2025-04-28,ORD034416,CUST04312,P010,Coffee Maker,Home,Surat,Online,Credit Card,1,5562.61,0.05,5562.61,5284.48,0,398.44,2025,4,April,Monday,5562.61,5284.4794999999995
2025-04-28,ORD021714,CUST04002,P001,Laptop,Electronics,Pune,Online,UPI,2,65615.84,0.25,131231.68,98423.76,0,12545.4,2025,4,April,Monday,131231.68,98423.76
2025-04-28,ORD027487,CUST01688,P008,Running Shoes,Fashion,Ahmedabad,Online,Debit Card,2,4047.97,0.15,8095.94,6881.55,0,651.02,2025,4,April,Monday,8095.94,6881.548999999999
2025-04-28,ORD023386,CUST00742,P009,T-Shirt,Fashion,Mumbai,Online,Credit Card,1,1180.77,0.15,1180.77,1003.65,0,55.45,2025,4,April,Monday,1180.77,1003.6545
2025-04-28,ORD037795,CUST04539,P002,Smartphone,Electronics,Surat,Store,Cash,2,26414.34,0.0,52828.68,52828.68,0,8864.85,2025,4,April,Monday,52828.68,52828.68
2025-04-28,ORD034657,CUST01187,P002,Smartphone,Electronics,Surat,Store,Credit Card,5,30569.48,0.0,152847.4,152847.4,0,15271.51,2025,4,April,Monday,152847.4,152847.4
2025-04-28,ORD031193,CUST04188,P005,Office Chair,Furniture,Mumbai,Online,UPI,2,9887.63,0.0,19775.26,19775.26,1,-988.76,2025,4,April,Monday,19775.26,19775.26
2025-04-28,ORD038636,CUST01586,P013,Monitor,Electronics,Jaipur,Store,Credit Card,5,19468.54,0.05,97342.7,92475.56,0,6552.37,2025,4,April,Monday,97342.70000000001,92475.56499999999
2025-04-28,ORD028613,CUST04165,P014,Keyboard,Electronics,Jaipur,Store,UPI,2,2311.15,0.05,4622.3,4391.19,0,438.96,2025,4,April,Monday,4622.3,4391.185
2025-04-29,ORD016921,CUST04174,P008,Running Shoes,Fashion,Pune,Store,UPI,1,3954.92,0.05,3954.92,3757.17,0,568.32,2025,4,April,Tuesday,3954.92,3757.174
2025-04-29,ORD025523,CUST02798,P003,Headphones,Electronics,Bengaluru,Online,UPI,2,4191.87,0.2,8383.74,6706.99,0,920.11,2025,4,April,Tuesday,8383.74,6706.992
2025-04-29,ORD037845,CUST02208,P011,Mixer Grinder,Home,Pune,Store,Net Banking,2,5101.4,0.05,10202.8,9692.66,0,2428.17,2025,4,April,Tuesday,10202.8,9692.659999999998
2025-04-29,ORD006075,CUST01433,P004,Smartwatch,Electronics,Pune,Store,UPI,4,7110.48,0.1,28441.92,25597.73,0,6904.25,2025,4,April,Tuesday,28441.92,25597.728
2025-04-29,ORD018940,CUST04785,P014,Keyboard,Electronics,Pune,Online,Cash,5,2610.27,0.25,13051.35,9788.51,0,2355.19,2025,4,April,Tuesday,13051.35,9788.5125
2025-04-29,ORD017330,CUST00701,P001,Laptop,Electronics,Bengaluru,Store,Credit Card,2,63466.73,0.1,126933.46,114240.11,0,23481.06,2025,4,April,Tuesday,126933.46,114240.114
2025-04-29,ORD000011,CUST01679,P010,Coffee Maker,Home,Pune,Store,Credit Card,1,5935.34,0.05,5935.34,5638.57,0,1093.44,2025,4,April,Tuesday,5935.34,5638.573
2025-04-29,ORD039618,CUST02439,P019,Vacuum Cleaner,Home,Surat,Online,Debit Card,5,8989.05,0.05,44945.25,42697.99,0,7514.18,2025,4,April,Tuesday,44945.25,42697.987499999996
2025-04-29,ORD028831,CUST00144,P015,Dining Table,Furniture,Delhi,Store,UPI,5,21602.61,0.15,108013.05,91811.09,0,22837.66,2025,4,April,Tuesday,108013.05,91811.0925
2025-04-29,ORD001828,CUST03994,P012,Air Fryer,Home,Chennai,Online,Debit Card,2,7831.31,0.05,15662.62,14879.49,0,1195.87,2025,4,April,Tuesday,15662.62,14879.489
2025-04-29,ORD004797,CUST00615,P016,Sofa,Furniture,Ahmedabad,Online,Debit Card,2,34974.88,0.2,69949.76,55959.81,0,6597.78,2025,4,April,Tuesday,69949.76,55959.808
2025-04-29,ORD007782,CUST04296,P015,Dining Table,Furniture,Kolkata,Online,Cash,1,22269.7,0.2,22269.7,17815.76,0,1311.32,2025,4,April,Tuesday,22269.7,17815.760000000002
2025-04-29,ORD032361,CUST04444,P017,Jeans,Fashion,Chennai,Online,UPI,1,2838.35,0.1,2838.35,2554.52,0,231.0,2025,4,April,Tuesday,2838.35,2554.515
2025-04-29,ORD043791,CUST04734,P006,Desk,Furniture,Surat,Store,UPI,1,11232.83,0.1,11232.83,10109.55,0,1471.18,2025,4,April,Tuesday,11232.83,10109.547
2025-04-29,ORD036503,CUST00490,P020,Microwave,Home,Surat,Online,Cash,1,11736.12,0.25,11736.12,8802.09,0,1758.59,2025,4,April,Tuesday,11736.12,8802.09
2025-04-29,ORD028800,CUST03884,P003,Headphones,Electronics,Chennai,Online,Cash,2,4452.75,0.0,8905.5,8905.5,0,1905.26,2025,4,April,Tuesday,8905.5,8905.5
2025-04-29,ORD047294,CUST00483,P018,Jacket,Fashion,Hyderabad,Online,UPI,1,5396.26,0.0,5396.26,5396.26,0,1383.51,2025,4,April,Tuesday,5396.26,5396.26
2025-04-29,ORD009344,CUST02714,P013,Monitor,Electronics,Surat,Online,Net Banking,1,18870.76,0.15,18870.76,16040.15,0,3927.08,2025,4,April,Tuesday,18870.76,16040.145999999999
2025-04-29,ORD017642,CUST02849,P020,Microwave,Home,Chennai,Online,UPI,2,11910.35,0.05,23820.7,22629.66,0,2364.69,2025,4,April,Tuesday,23820.7,22629.665
2025-04-29,ORD004383,CUST04226,P008,Running Shoes,Fashion,Ahmedabad,Online,Debit Card,1,4400.17,0.05,4400.17,4180.16,0,686.99,2025,4,April,Tuesday,4400.17,4180.1615
2025-04-29,ORD031406,CUST03583,P004,Smartwatch,Electronics,Mumbai,Online,UPI,1,7340.85,0.1,7340.85,6606.76,0,708.89,2025,4,April,Tuesday,7340.85,6606.765
2025-04-29,ORD008182,CUST00840,P009,T-Shirt,Fashion,Hyderabad,Online,UPI,1,1265.13,0.15,1265.13,1075.36,0,214.41,2025,4,April,Tuesday,1265.13,1075.3605
2025-04-29,ORD020489,CUST04751,P002,Smartphone,Electronics,Pune,Store,Credit Card,1,29820.66,0.15,29820.66,25347.56,0,4718.49,2025,4,April,Tuesday,29820.66,25347.560999999998
2025-04-29,ORD018006,CUST00673,P016,Sofa,Furniture,Hyderabad,Online,Credit Card,1,34307.37,0.05,34307.37,32592.0,0,3507.49,2025,4,April,Tuesday,34307.37,32592.001500000002
2025-04-29,ORD041637,CUST02981,P007,Backpack,Accessories,Pune,Online,UPI,1,2227.02,0.05,2227.02,2115.67,0,421.19,2025,4,April,Tuesday,2227.02,2115.669
2025-04-29,ORD038552,CUST01849,P009,T-Shirt,Fashion,Hyderabad,Store,UPI,1,1176.77,0.05,1176.77,1117.93,0,215.91,2025,4,April,Tuesday,1176.77,1117.9315
2025-04-29,ORD042077,CUST01174,P017,Jeans,Fashion,Bengaluru,Store,Credit Card,1,2818.57,0.05,2818.57,2677.64,0,466.28,2025,4,April,Tuesday,2818.57,2677.6415
2025-04-29,ORD009343,CUST03179,P014,Keyboard,Electronics,Ahmedabad,Online,UPI,2,2598.76,0.1,5197.52,4677.77,0,1138.07,2025,4,April,Tuesday,5197.52,4677.768000000001
2025-04-29,ORD013969,CUST02953,P011,Mixer Grinder,Home,Delhi,Online,UPI,5,4900.73,0.2,24503.65,19602.92,0,2580.32,2025,4,April,Tuesday,24503.649999999998,19602.920000000002
2025-04-29,ORD021578,CUST02544,P004,Smartwatch,Electronics,Delhi,Online,UPI,3,6462.07,0.05,19386.21,18416.9,0,3450.2,2025,4,April,Tuesday,19386.21,18416.8995
2025-04-29,ORD032567,CUST01611,P003,Headphones,Electronics,Bengaluru,Online,UPI,1,4234.98,0.05,4234.98,4023.23,0,487.21,2025,4,April,Tuesday,4234.98,4023.2309999999993
2025-04-29,ORD027912,CUST00257,P002,Smartphone,Electronics,Delhi,Online,Credit Card,2,26274.82,0.1,52549.64,47294.68,0,6777.63,2025,4,April,Tuesday,52549.64,47294.676
2025-04-29,ORD009967,CUST03822,P014,Keyboard,Electronics,Bengaluru,Online,Debit Card,1,2346.94,0.2,2346.94,1877.55,0,84.6,2025,4,April,Tuesday,2346.94,1877.5520000000001
2025-04-29,ORD016041,CUST00845,P006,Desk,Furniture,Kolkata,Online,UPI,2,11369.93,0.2,22739.86,18191.89,0,3551.13,2025,4,April,Tuesday,22739.86,18191.888000000003
2025-04-29,ORD017781,CUST03227,P012,Air Fryer,Home,Hyderabad,Store,Credit Card,1,7788.7,0.05,7788.7,7399.26,0,743.42,2025,4,April,Tuesday,7788.7,7399.264999999999
2025-04-29,ORD038342,CUST01968,P005,Office Chair,Furniture,Delhi,Store,Cash,3,9821.7,0.05,29465.1,27991.84,0,8114.3,2025,4,April,Tuesday,29465.100000000002,27991.844999999998
2025-04-29,ORD046209,CUST03678,P019,Vacuum Cleaner,Home,Surat,Online,UPI,2,8160.38,0.1,16320.76,14688.68,0,1238.26,2025,4,April,Tuesday,16320.76,14688.684000000001
2025-04-29,ORD023595,CUST01246,P006,Desk,Furniture,Mumbai,Online,Credit Card,1,11232.3,0.05,11232.3,10670.68,0,1955.18,2025,4,April,Tuesday,11232.3,10670.685
2025-04-29,ORD044758,CUST03319,P009,T-Shirt,Fashion,Kolkata,Store,UPI,1,1204.59,0.1,1204.59,1084.13,0,126.04,2025,4,April,Tuesday,1204.59,1084.1309999999999
2025-04-29,ORD014415,CUST04161,P020,Microwave,Home,Delhi,Online,Credit Card,1,10295.06,0.1,10295.06,9265.55,0,1172.09,2025,4,April,Tuesday,10295.06,9265.554
2025-04-29,ORD012251,CUST01756,P008,Running Shoes,Fashion,Pune,Online,UPI,1,4505.68,0.0,4505.68,4505.68,0,422.38,2025,4,April,Tuesday,4505.68,4505.68
2025-04-29,ORD014198,CUST04258,P002,Smartphone,Electronics,Delhi,Online,Credit Card,1,28445.89,0.2,28445.89,22756.71,0,2487.37,2025,4,April,Tuesday,28445.89,22756.712
2025-04-29,ORD037680,CUST02815,P010,Coffee Maker,Home,Surat,Online,Credit Card,4,5777.6,0.2,23110.4,18488.32,0,2792.51,2025,4,April,Tuesday,23110.4,18488.320000000003
2025-04-29,ORD036891,CUST04816,P013,Monitor,Electronics,Delhi,Online,UPI,1,16214.27,0.15,16214.27,13782.13,0,934.48,2025,4,April,Tuesday,16214.27,13782.129500000001
2025-04-29,ORD030646,CUST01370,P010,Coffee Maker,Home,Pune,Online,UPI,2,5734.32,0.15,11468.64,9748.34,0,1436.02,2025,4,April,Tuesday,11468.64,9748.344
2025-04-29,ORD047247,CUST02506,P013,Monitor,Electronics,Jaipur,Store,UPI,1,19603.71,0.05,19603.71,18623.52,0,1712.58,2025,4,April,Tuesday,19603.71,18623.5245
2025-04-29,ORD025299,CUST01559,P014,Keyboard,Electronics,Ahmedabad,Store,UPI,2,2565.48,0.15,5130.96,4361.32,0,284.73,2025,4,April,Tuesday,5130.96,4361.316
2025-04-29,ORD000760,CUST03671,P011,Mixer Grinder,Home,Kolkata,Online,UPI,1,4650.22,0.1,4650.22,4185.2,0,1168.8,2025,4,April,Tuesday,4650.22,4185.198
2025-04-29,ORD031760,CUST01954,P020,Microwave,Home,Kolkata,Online,UPI,1,11898.24,0.1,11898.24,10708.42,0,1704.38,2025,4,April,Tuesday,11898.24,10708.416
2025-04-29,ORD010955,CUST01676,P008,Running Shoes,Fashion,Chennai,Online,Debit Card,1,4040.62,0.0,4040.62,4040.62,0,1175.31,2025,4,April,Tuesday,4040.62,4040.62
2025-04-29,ORD048892,CUST04119,P010,Coffee Maker,Home,Delhi,Online,Net Banking,2,5374.06,0.1,10748.12,9673.31,0,928.76,2025,4,April,Tuesday,10748.12,9673.308
2025-04-29,ORD049257,CUST02968,P013,Monitor,Electronics,Delhi,Online,Debit Card,2,18102.04,0.05,36204.08,34393.88,0,7000.15,2025,4,April,Tuesday,36204.08,34393.876
2025-04-29,ORD009856,CUST00327,P018,Jacket,Fashion,Mumbai,Online,UPI,1,5610.78,0.15,5610.78,4769.16,0,263.71,2025,4,April,Tuesday,5610.78,4769.163
2025-04-29,ORD036660,CUST02474,P011,Mixer Grinder,Home,Chennai,Online,Credit Card,4,4709.3,0.0,18837.2,18837.2,0,4145.9,2025,4,April,Tuesday,18837.2,18837.2
2025-04-29,ORD012228,CUST01481,P001,Laptop,Electronics,Hyderabad,Online,Credit Card,1,59889.41,0.15,59889.41,50906.0,1,-2545.3,2025,4,April,Tuesday,59889.41,50905.9985
2025-04-29,ORD039935,CUST00747,P008,Running Shoes,Fashion,Surat,Online,Debit Card,1,4327.57,0.1,4327.57,3894.81,0,761.85,2025,4,April,Tuesday,4327.57,3894.8129999999996
2025-04-29,ORD020208,CUST04418,P002,Smartphone,Electronics,Ahmedabad,Store,Net Banking,1,30769.0,0.05,30769.0,29230.55,0,6927.63,2025,4,April,Tuesday,30769.0,29230.55
2025-04-29,ORD025457,CUST02892,P006,Desk,Furniture,Pune,Online,Debit Card,1,13059.81,0.15,13059.81,11100.84,0,2331.85,2025,4,April,Tuesday,13059.81,11100.8385
2025-04-29,ORD040267,CUST00723,P009,T-Shirt,Fashion,Chennai,Store,UPI,2,1263.15,0.05,2526.3,2399.98,0,471.49,2025,4,April,Tuesday,2526.3,2399.985
2025-04-29,ORD040380,CUST03909,P013,Monitor,Electronics,Chennai,Online,Net Banking,1,17176.29,0.05,17176.29,16317.48,0,3923.36,2025,4,April,Tuesday,17176.29,16317.4755
2025-04-29,ORD009750,CUST00113,P016,Sofa,Furniture,Pune,Online,UPI,1,35434.77,0.05,35434.77,33663.03,0,7116.43,2025,4,April,Tuesday,35434.77,33663.0315
2025-04-29,ORD025010,CUST01446,P012,Air Fryer,Home,Pune,Online,UPI,2,6672.33,0.1,13344.66,12010.19,0,3216.77,2025,4,April,Tuesday,13344.66,12010.194
2025-04-30,ORD002130,CUST01154,P002,Smartphone,Electronics,Bengaluru,Online,UPI,2,27202.43,0.1,54404.86,48964.37,0,8994.38,2025,4,April,Wednesday,54404.86,48964.374
2025-04-30,ORD016409,CUST01519,P015,Dining Table,Furniture,Surat,Store,Credit Card,5,22015.97,0.1,110079.85,99071.86,0,6087.46,2025,4,April,Wednesday,110079.85,99071.865
2025-04-30,ORD016335,CUST00705,P014,Keyboard,Electronics,Chennai,Store,UPI,3,2632.73,0.0,7898.19,7898.19,0,1502.31,2025,4,April,Wednesday,7898.1900000000005,7898.19
2025-04-30,ORD043987,CUST04111,P015,Dining Table,Furniture,Bengaluru,Online,Debit Card,3,21808.35,0.2,65425.05,52340.04,0,11306.63,2025,4,April,Wednesday,65425.049999999996,52340.04000000001
2025-04-30,ORD019506,CUST03295,P020,Microwave,Home,Bengaluru,Store,Credit Card,1,11935.97,0.05,11935.97,11339.17,0,1765.38,2025,4,April,Wednesday,11935.97,11339.171499999999
2025-04-30,ORD042801,CUST00357,P013,Monitor,Electronics,Bengaluru,Store,Debit Card,2,17249.25,0.05,34498.5,32773.57,0,7035.91,2025,4,April,Wednesday,34498.5,32773.575
2025-04-30,ORD043958,CUST01748,P011,Mixer Grinder,Home,Delhi,Store,Debit Card,2,4762.61,0.1,9525.22,8572.7,0,1019.22,2025,4,April,Wednesday,9525.22,8572.698
2025-04-30,ORD003727,CUST01134,P008,Running Shoes,Fashion,Hyderabad,Store,UPI,1,4262.81,0.25,4262.81,3197.11,1,-159.86,2025,4,April,Wednesday,4262.81,3197.1075
2025-04-30,ORD000803,CUST04542,P013,Monitor,Electronics,Delhi,Store,UPI,1,16316.36,0.15,16316.36,13868.91,0,2423.85,2025,4,April,Wednesday,16316.36,13868.906
2025-04-30,ORD025997,CUST00490,P011,Mixer Grinder,Home,Delhi,Online,UPI,2,4951.78,0.15,9903.56,8418.03,0,732.78,2025,4,April,Wednesday,9903.56,8418.026
2025-04-30,ORD044320,CUST04865,P017,Jeans,Fashion,Pune,Online,UPI,1,2951.22,0.0,2951.22,2951.22,0,344.48,2025,4,April,Wednesday,2951.22,2951.22
2025-04-30,ORD046662,CUST02550,P019,Vacuum Cleaner,Home,Chennai,Online,UPI,2,8697.4,0.2,17394.8,13915.84,0,1156.8,2025,4,April,Wednesday,17394.8,13915.84
2025-04-30,ORD023517,CUST02635,P019,Vacuum Cleaner,Home,Chennai,Store,UPI,4,9844.62,0.15,39378.48,33471.71,0,5957.48,2025,4,April,Wednesday,39378.48,33471.708
2025-04-30,ORD008261,CUST03758,P003,Headphones,Electronics,Surat,Online,Credit Card,1,4544.16,0.0,4544.16,4544.16,0,1154.78,2025,4,April,Wednesday,4544.16,4544.16
2025-04-30,ORD008759,CUST03979,P015,Dining Table,Furniture,Hyderabad,Online,Credit Card,3,20372.97,0.15,61118.91,51951.07,0,7902.15,2025,4,April,Wednesday,61118.91,51951.0735
2025-04-30,ORD014565,CUST00584,P001,Laptop,Electronics,Ahmedabad,Store,Credit Card,1,61404.03,0.1,61404.03,55263.63,0,10952.2,2025,4,April,Wednesday,61404.03,55263.627
2025-04-30,ORD024008,CUST00633,P009,T-Shirt,Fashion,Mumbai,Store,Credit Card,1,1096.65,0.0,1096.65,1096.65,0,99.65,2025,4,April,Wednesday,1096.65,1096.65
2025-04-30,ORD005886,CUST03740,P006,Desk,Furniture,Mumbai,Store,Credit Card,2,12806.09,0.15,25612.18,21770.35,0,3873.23,2025,4,April,Wednesday,25612.18,21770.353
2025-04-30,ORD046848,CUST04503,P016,Sofa,Furniture,Jaipur,Online,Cash,1,36110.61,0.1,36110.61,32499.55,1,-1624.98,2025,4,April,Wednesday,36110.61,32499.549000000003
2025-04-30,ORD024507,CUST00242,P010,Coffee Maker,Home,Chennai,Store,Credit Card,1,5210.3,0.05,5210.3,4949.78,0,1197.81,2025,4,April,Wednesday,5210.3,4949.785
2025-04-30,ORD047727,CUST03938,P005,Office Chair,Furniture,Jaipur,Store,Credit Card,3,9743.39,0.1,29230.17,26307.15,0,7181.66,2025,4,April,Wednesday,29230.17,26307.153
2025-04-30,ORD023475,CUST00242,P017,Jeans,Fashion,Jaipur,Online,UPI,1,2782.37,0.0,2782.37,2782.37,0,676.1,2025,4,April,Wednesday,2782.37,2782.37
2025-04-30,ORD008766,CUST03283,P016,Sofa,Furniture,Hyderabad,Store,Net Banking,1,35267.02,0.2,35267.02,28213.62,0,5197.06,2025,4,April,Wednesday,35267.02,28213.615999999998
2025-04-30,ORD012602,CUST03458,P006,Desk,Furniture,Bengaluru,Online,Credit Card,1,13084.92,0.15,13084.92,11122.18,0,2018.5,2025,4,April,Wednesday,13084.92,11122.181999999999
2025-04-30,ORD024107,CUST01703,P006,Desk,Furniture,Hyderabad,Online,Net Banking,1,12459.3,0.25,12459.3,9344.47,0,744.36,2025,4,April,Wednesday,12459.3,9344.474999999999
2025-04-30,ORD012441,CUST04249,P010,Coffee Maker,Home,Chennai,Online,Debit Card,1,5314.36,0.15,5314.36,4517.21,0,607.0,2025,4,April,Wednesday,5314.36,4517.205999999999
2025-04-30,ORD003030,CUST01361,P017,Jeans,Fashion,Delhi,Online,UPI,4,2840.72,0.15,11362.88,9658.45,0,1386.64,2025,4,April,Wednesday,11362.88,9658.447999999999
2025-04-30,ORD025403,CUST03835,P007,Backpack,Accessories,Kolkata,Online,UPI,4,2298.42,0.2,9193.68,7354.94,0,1382.28,2025,4,April,Wednesday,9193.68,7354.944
2025-04-30,ORD003622,CUST02668,P013,Monitor,Electronics,Mumbai,Online,Credit Card,1,18478.43,0.0,18478.43,18478.43,0,3774.92,2025,4,April,Wednesday,18478.43,18478.43
2025-04-30,ORD020574,CUST03613,P005,Office Chair,Furniture,Hyderabad,Store,UPI,1,8611.41,0.25,8611.41,6458.56,0,1223.21,2025,4,April,Wednesday,8611.41,6458.5575
2025-04-30,ORD004938,CUST01815,P004,Smartwatch,Electronics,Chennai,Online,Cash,1,7442.21,0.1,7442.21,6697.99,0,1180.73,2025,4,April,Wednesday,7442.21,6697.9890000000005
2025-04-30,ORD003985,CUST00023,P004,Smartwatch,Electronics,Delhi,Online,Credit Card,3,7005.92,0.1,21017.76,18915.98,0,2276.82,2025,4,April,Wednesday,21017.760000000002,18915.984
2025-04-30,ORD031513,CUST03619,P017,Jeans,Fashion,Bengaluru,Store,UPI,3,3021.03,0.05,9063.09,8609.94,0,1001.08,2025,4,April,Wednesday,9063.09,8609.9355
2025-04-30,ORD020609,CUST03466,P007,Backpack,Accessories,Bengaluru,Online,UPI,4,2328.4,0.2,9313.6,7450.88,0,932.06,2025,4,April,Wednesday,9313.6,7450.880000000001
2025-04-30,ORD044985,CUST00809,P006,Desk,Furniture,Surat,Online,UPI,1,11389.22,0.1,11389.22,10250.3,0,782.8,2025,4,April,Wednesday,11389.22,10250.297999999999
2025-04-30,ORD003295,CUST03808,P011,Mixer Grinder,Home,Hyderabad,Online,UPI,1,5273.52,0.1,5273.52,4746.17,0,832.58,2025,4,April,Wednesday,5273.52,4746.168000000001
2025-04-30,ORD012567,CUST02429,P002,Smartphone,Electronics,Mumbai,Store,Cash,1,28684.35,0.15,28684.35,24381.7,0,4066.14,2025,4,April,Wednesday,28684.35,24381.6975
2025-04-30,ORD019995,CUST03068,P011,Mixer Grinder,Home,Surat,Store,UPI,1,5274.76,0.0,5274.76,5274.76,0,1246.56,2025,4,April,Wednesday,5274.76,5274.76
2025-04-30,ORD001559,CUST03516,P018,Jacket,Fashion,Hyderabad,Online,Debit Card,1,4968.42,0.2,4968.42,3974.74,0,477.48,2025,4,April,Wednesday,4968.42,3974.7360000000003
2025-04-30,ORD015457,CUST02691,P017,Jeans,Fashion,Mumbai,Store,UPI,2,2687.66,0.15,5375.32,4569.02,0,558.27,2025,4,April,Wednesday,5375.32,4569.022
2025-04-30,ORD025214,CUST03164,P004,Smartwatch,Electronics,Chennai,Online,Debit Card,1,6935.87,0.05,6935.87,6589.08,0,776.63,2025,4,April,Wednesday,6935.87,6589.076499999999
2025-04-30,ORD027127,CUST02099,P001,Laptop,Electronics,Delhi,Store,UPI,1,61566.1,0.1,61566.1,55409.49,0,5435.49,2025,4,April,Wednesday,61566.1,55409.49
2025-04-30,ORD013348,CUST02357,P007,Backpack,Accessories,Ahmedabad,Store,Debit Card,2,2200.64,0.2,4401.28,3521.02,1,-176.05,2025,4,April,Wednesday,4401.28,3521.024
2025-04-30,ORD010944,CUST02606,P014,Keyboard,Electronics,Mumbai,Store,Credit Card,1,2406.33,0.2,2406.33,1925.06,0,188.92,2025,4,April,Wednesday,2406.33,1925.064
2025-04-30,ORD023914,CUST04232,P020,Microwave,Home,Bengaluru,Online,Credit Card,2,11637.55,0.15,23275.1,19783.84,0,3579.15,2025,4,April,Wednesday,23275.1,19783.835
2025-04-30,ORD026471,CUST02228,P014,Keyboard,Electronics,Surat,Store,Credit Card,2,2357.98,0.1,4715.96,4244.36,0,564.58,2025,4,April,Wednesday,4715.96,4244.3640000000005
2025-04-30,ORD015733,CUST04378,P004,Smartwatch,Electronics,Delhi,Online,UPI,1,7002.09,0.1,7002.09,6301.88,0,1642.08,2025,4,April,Wednesday,7002.09,6301.881
2025-04-30,ORD043400,CUST00514,P012,Air Fryer,Home,Delhi,Online,UPI,2,7881.86,0.1,15763.72,14187.35,0,937.73,2025,4,April,Wednesday,15763.72,14187.348
2025-04-30,ORD006169,CUST02616,P008,Running Shoes,Fashion,Hyderabad,Online,UPI,2,4453.13,0.1,8906.26,8015.63,0,534.08,2025,4,April,Wednesday,8906.26,8015.634
2025-04-30,ORD049726,CUST00544,P010,Coffee Maker,Home,Mumbai,Online,UPI,1,5053.44,0.15,5053.44,4295.42,0,499.13,2025,4,April,Wednesday,5053.44,4295.424
2025-04-30,ORD017222,CUST02684,P005,Office Chair,Furniture,Hyderabad,Online,Debit Card,1,9181.93,0.1,9181.93,8263.74,0,1375.76,2025,4,April,Wednesday,9181.93,8263.737000000001
2025-04-30,ORD010203,CUST00310,P020,Microwave,Home,Mumbai,Online,UPI,1,10157.6,0.1,10157.6,9141.84,0,2154.19,2025,4,April,Wednesday,10157.6,9141.84
2025-04-30,ORD009043,CUST04737,P004,Smartwatch,Electronics,Delhi,Online,Credit Card,2,6965.73,0.05,13931.46,13234.89,0,1680.52,2025,4,April,Wednesday,13931.46,13234.886999999999
2025-04-30,ORD008072,CUST03302,P006,Desk,Furniture,Chennai,Online,UPI,1,10973.14,0.0,10973.14,10973.14,1,-548.66,2025,4,April,Wednesday,10973.14,10973.14
2025-04-30,ORD031999,CUST04920,P020,Microwave,Home,Surat,Online,Cash,1,11592.14,0.0,11592.14,11592.14,0,2403.86,2025,4,April,Wednesday,11592.14,11592.14
2025-04-30,ORD042119,CUST04515,P019,Vacuum Cleaner,Home,Mumbai,Store,UPI,1,9733.56,0.0,9733.56,9733.56,0,1813.08,2025,4,April,Wednesday,9733.56,9733.56
2025-04-30,ORD041324,CUST01314,P019,Vacuum Cleaner,Home,Hyderabad,Online,Debit Card,5,8448.12,0.1,42240.6,38016.54,0,9118.31,2025,4,April,Wednesday,42240.600000000006,38016.54
2025-04-30,ORD007660,CUST02807,P009,T-Shirt,Fashion,Bengaluru,Store,Credit Card,1,1309.02,0.15,1309.02,1112.67,0,92.33,2025,4,April,Wednesday,1309.02,1112.667
2025-04-30,ORD003336,CUST03876,P013,Monitor,Electronics,Mumbai,Store,Credit Card,1,18521.42,0.1,18521.42,16669.28,0,3491.2,2025,4,April,Wednesday,18521.42,16669.278
2025-04-30,ORD031121,CUST03511,P019,Vacuum Cleaner,Home,Mumbai,Online,UPI,1,9202.51,0.0,9202.51,9202.51,0,2001.11,2025,4,April,Wednesday,9202.51,9202.51
2025-04-30,ORD021703,CUST01733,P009,T-Shirt,Fashion,Kolkata,Online,UPI,1,1104.41,0.0,1104.41,1104.41,1,-55.22,2025,4,April,Wednesday,1104.41,1104.41
2025-04-30,ORD005467,CUST01141,P014,Keyboard,Electronics,Bengaluru,Store,Credit Card,1,2598.33,0.1,2598.33,2338.5,1,-116.93,2025,4,April,Wednesday,2598.33,2338.497
2025-04-30,ORD039546,CUST02720,P010,Coffee Maker,Home,Hyderabad,Online,Credit Card,2,5145.15,0.1,10290.3,9261.27,0,1133.33,2025,4,April,Wednesday,10290.3,9261.27
2025-04-30,ORD039545,CUST01510,P016,Sofa,Furniture,Delhi,Store,UPI,5,35971.13,0.2,179855.65,143884.52,0,35022.86,2025,4,April,Wednesday,179855.65,143884.52
2025-04-30,ORD020711,CUST00622,P008,Running Shoes,Fashion,Mumbai,Online,Credit Card,1,4586.67,0.1,4586.67,4128.0,0,545.54,2025,4,April,Wednesday,4586.67,4128.003000000001
2025-04-30,ORD048095,CUST01350,P002,Smartphone,Electronics,Chennai,Online,Credit Card,1,27383.0,0.0,27383.0,27383.0,0,6578.65,2025,4,April,Wednesday,27383.0,27383.0
2025-04-30,ORD023438,CUST04476,P017,Jeans,Fashion,Jaipur,Online,UPI,1,2729.42,0.1,2729.42,2456.48,0,156.31,2025,4,April,Wednesday,2729.42,2456.478
2025-04-30,ORD011746,CUST01886,P005,Office Chair,Furniture,Ahmedabad,Store,UPI,5,8829.1,0.0,44145.5,44145.5,0,4816.34,2025,4,April,Wednesday,44145.5,44145.5
2025-04-30,ORD043718,CUST02162,P009,T-Shirt,Fashion,Hyderabad,Store,Debit Card,5,1253.07,0.15,6265.35,5325.55,0,318.77,2025,4,April,Wednesday,6265.349999999999,5325.547500000001
2025-05-01,ORD048404,CUST04234,P004,Smartwatch,Electronics,Pune,Online,Debit Card,1,6877.52,0.15,6877.52,5845.89,0,939.02,2025,5,May,Thursday,6877.52,5845.892
2025-05-01,ORD040237,CUST00603,P002,Smartphone,Electronics,Bengaluru,Store,Debit Card,1,30078.0,0.05,30078.0,28574.1,0,3663.77,2025,5,May,Thursday,30078.0,28574.1
2025-05-01,ORD011564,CUST01400,P012,Air Fryer,Home,Bengaluru,Online,UPI,1,7003.74,0.05,7003.74,6653.55,0,1875.69,2025,5,May,Thursday,7003.74,6653.553
2025-05-01,ORD039943,CUST04716,P019,Vacuum Cleaner,Home,Chennai,Online,Credit Card,3,8296.29,0.1,24888.87,22399.98,0,5658.18,2025,5,May,Thursday,24888.870000000003,22399.983
2025-05-01,ORD037315,CUST02454,P004,Smartwatch,Electronics,Pune,Store,UPI,1,7096.04,0.15,7096.04,6031.63,0,746.64,2025,5,May,Thursday,7096.04,6031.634
2025-05-01,ORD047979,CUST03070,P015,Dining Table,Furniture,Chennai,Store,Cash,2,21621.92,0.0,43243.84,43243.84,0,8205.93,2025,5,May,Thursday,43243.84,43243.84
2025-05-01,ORD034160,CUST00208,P012,Air Fryer,Home,Kolkata,Online,UPI,1,7797.33,0.0,7797.33,7797.33,0,828.82,2025,5,May,Thursday,7797.33,7797.33
2025-05-01,ORD014430,CUST02787,P014,Keyboard,Electronics,Chennai,Online,Debit Card,1,2406.57,0.1,2406.57,2165.91,0,324.62,2025,5,May,Thursday,2406.57,2165.913
2025-05-01,ORD028057,CUST01455,P018,Jacket,Fashion,Mumbai,Online,UPI,1,5538.08,0.05,5538.08,5261.18,0,1453.89,2025,5,May,Thursday,5538.08,5261.1759999999995
2025-05-01,ORD000384,CUST01581,P013,Monitor,Electronics,Bengaluru,Store,Net Banking,2,17343.7,0.0,34687.4,34687.4,1,-1734.37,2025,5,May,Thursday,34687.4,34687.4
2025-05-01,ORD030128,CUST01151,P007,Backpack,Accessories,Kolkata,Online,Credit Card,1,2012.58,0.1,2012.58,1811.32,0,499.14,2025,5,May,Thursday,2012.58,1811.322
2025-05-01,ORD036125,CUST04209,P016,Sofa,Furniture,Bengaluru,Online,UPI,1,35573.11,0.15,35573.11,30237.14,0,6447.73,2025,5,May,Thursday,35573.11,30237.1435
2025-05-01,ORD026964,CUST01105,P019,Vacuum Cleaner,Home,Hyderabad,Store,Debit Card,1,9831.2,0.1,9831.2,8848.08,0,854.86,2025,5,May,Thursday,9831.2,8848.080000000002
2025-05-01,ORD016625,CUST01439,P014,Keyboard,Electronics,Jaipur,Online,Credit Card,2,2367.79,0.15,4735.58,4025.24,1,-201.26,2025,5,May,Thursday,4735.58,4025.243
2025-05-01,ORD030299,CUST01506,P012,Air Fryer,Home,Chennai,Online,Cash,3,6700.55,0.05,20101.65,19096.57,0,4968.99,2025,5,May,Thursday,20101.65,19096.5675
2025-05-01,ORD030206,CUST03926,P014,Keyboard,Electronics,Bengaluru,Store,Credit Card,1,2591.22,0.05,2591.22,2461.66,0,556.43,2025,5,May,Thursday,2591.22,2461.6589999999997
2025-05-01,ORD033123,CUST00211,P009,T-Shirt,Fashion,Ahmedabad,Online,Credit Card,1,1082.79,0.1,1082.79,974.51,0,179.08,2025,5,May,Thursday,1082.79,974.511
2025-05-01,ORD014340,CUST04421,P005,Office Chair,Furniture,Ahmedabad,Online,Credit Card,1,9787.12,0.1,9787.12,8808.41,0,1419.88,2025,5,May,Thursday,9787.12,8808.408000000001
2025-05-01,ORD017191,CUST03580,P019,Vacuum Cleaner,Home,Kolkata,Online,UPI,1,8554.47,0.1,8554.47,7699.02,0,1301.78,2025,5,May,Thursday,8554.47,7699.022999999999
2025-05-01,ORD039223,CUST00828,P013,Monitor,Electronics,Ahmedabad,Store,UPI,1,18095.35,0.1,18095.35,16285.81,0,3361.35,2025,5,May,Thursday,18095.35,16285.814999999999
2025-05-01,ORD005896,CUST01658,P011,Mixer Grinder,Home,Surat,Online,UPI,3,4469.24,0.15,13407.72,11396.56,0,740.86,2025,5,May,Thursday,13407.72,11396.562
2025-05-01,ORD003630,CUST01587,P002,Smartphone,Electronics,Chennai,Store,UPI,3,28105.27,0.1,84315.81,75884.23,0,5109.18,2025,5,May,Thursday,84315.81,75884.229
2025-05-01,ORD048561,CUST04152,P013,Monitor,Electronics,Hyderabad,Online,UPI,1,18655.1,0.05,18655.1,17722.34,0,3488.43,2025,5,May,Thursday,18655.1,17722.344999999998
2025-05-01,ORD047415,CUST01483,P003,Headphones,Electronics,Surat,Online,UPI,1,4414.33,0.0,4414.33,4414.33,0,506.03,2025,5,May,Thursday,4414.33,4414.33
2025-05-01,ORD045984,CUST02881,P008,Running Shoes,Fashion,Mumbai,Online,UPI,1,3972.23,0.0,3972.23,3972.23,0,779.54,2025,5,May,Thursday,3972.23,3972.23
2025-05-01,ORD029227,CUST03145,P002,Smartphone,Electronics,Surat,Online,UPI,1,29440.74,0.05,29440.74,27968.7,0,3721.93,2025,5,May,Thursday,29440.74,27968.703
2025-05-01,ORD015167,CUST03659,P006,Desk,Furniture,Chennai,Store,UPI,1,12218.63,0.1,12218.63,10996.77,0,1555.92,2025,5,May,Thursday,12218.63,10996.767
2025-05-01,ORD023196,CUST01278,P001,Laptop,Electronics,Ahmedabad,Online,Cash,1,59459.3,0.1,59459.3,53513.37,0,10215.29,2025,5,May,Thursday,59459.3,53513.37
2025-05-01,ORD045291,CUST00250,P006,Desk,Furniture,Ahmedabad,Online,UPI,1,12122.29,0.1,12122.29,10910.06,0,1083.73,2025,5,May,Thursday,12122.29,10910.061000000002
2025-05-01,ORD029813,CUST03865,P010,Coffee Maker,Home,Kolkata,Online,Credit Card,1,5371.2,0.15,5371.2,4565.52,0,425.7,2025,5,May,Thursday,5371.2,4565.5199999999995
2025-05-01,ORD031494,CUST03990,P017,Jeans,Fashion,Surat,Online,Debit Card,1,3012.81,0.15,3012.81,2560.89,0,667.54,2025,5,May,Thursday,3012.81,2560.8885
2025-05-01,ORD047375,CUST02673,P006,Desk,Furniture,Chennai,Store,UPI,1,12509.39,0.1,12509.39,11258.45,0,2431.08,2025,5,May,Thursday,12509.39,11258.451
2025-05-01,ORD049302,CUST04805,P020,Microwave,Home,Kolkata,Store,Cash,5,10547.1,0.05,52735.5,50098.72,0,4071.87,2025,5,May,Thursday,52735.5,50098.725
2025-05-01,ORD018361,CUST00899,P009,T-Shirt,Fashion,Chennai,Online,UPI,1,1218.61,0.0,1218.61,1218.61,0,202.56,2025,5,May,Thursday,1218.61,1218.61
2025-05-01,ORD013137,CUST00366,P004,Smartwatch,Electronics,Ahmedabad,Store,UPI,1,6444.24,0.0,6444.24,6444.24,0,1438.76,2025,5,May,Thursday,6444.24,6444.24
2025-05-01,ORD042563,CUST02041,P012,Air Fryer,Home,Kolkata,Store,UPI,1,6876.21,0.05,6876.21,6532.4,0,687.91,2025,5,May,Thursday,6876.21,6532.3994999999995
2025-05-01,ORD029721,CUST02888,P004,Smartwatch,Electronics,Ahmedabad,Store,Debit Card,1,7459.63,0.0,7459.63,7459.63,0,899.73,2025,5,May,Thursday,7459.63,7459.63
2025-05-01,ORD002670,CUST01789,P001,Laptop,Electronics,Jaipur,Store,Credit Card,1,61308.52,0.1,61308.52,55177.67,0,15050.59,2025,5,May,Thursday,61308.52,55177.668
2025-05-01,ORD012819,CUST00176,P016,Sofa,Furniture,Surat,Store,UPI,1,32080.74,0.05,32080.74,30476.7,1,-1523.84,2025,5,May,Thursday,32080.74,30476.703
2025-05-01,ORD029432,CUST01480,P006,Desk,Furniture,Chennai,Online,UPI,1,11248.02,0.1,11248.02,10123.22,0,985.38,2025,5,May,Thursday,11248.02,10123.218
2025-05-01,ORD036287,CUST02573,P013,Monitor,Electronics,Surat,Store,Credit Card,2,19245.0,0.1,38490.0,34641.0,0,6543.47,2025,5,May,Thursday,38490.0,34641.0
2025-05-01,ORD044133,CUST01291,P015,Dining Table,Furniture,Kolkata,Store,Debit Card,4,22950.87,0.1,91803.48,82623.13,0,9845.2,2025,5,May,Thursday,91803.48,82623.132
2025-05-01,ORD047443,CUST01284,P014,Keyboard,Electronics,Mumbai,Online,Credit Card,2,2272.73,0.05,4545.46,4318.19,0,823.38,2025,5,May,Thursday,4545.46,4318.187
2025-05-01,ORD037888,CUST00198,P018,Jacket,Fashion,Hyderabad,Store,Credit Card,1,4871.43,0.0,4871.43,4871.43,0,1055.32,2025,5,May,Thursday,4871.43,4871.43
2025-05-01,ORD013272,CUST02517,P003,Headphones,Electronics,Jaipur,Store,Cash,1,4810.02,0.05,4810.02,4569.52,0,1099.33,2025,5,May,Thursday,4810.02,4569.519
2025-05-01,ORD000359,CUST04479,P005,Office Chair,Furniture,Hyderabad,Store,Credit Card,1,8968.96,0.1,8968.96,8072.06,0,2036.55,2025,5,May,Thursday,8968.96,8072.063999999999
2025-05-01,ORD020135,CUST02162,P003,Headphones,Electronics,Surat,Online,UPI,3,4172.76,0.05,12518.28,11892.37,0,1340.04,2025,5,May,Thursday,12518.28,11892.366
2025-05-01,ORD005480,CUST03940,P008,Running Shoes,Fashion,Hyderabad,Online,UPI,2,3791.61,0.05,7583.22,7204.06,0,1903.54,2025,5,May,Thursday,7583.22,7204.059
2025-05-01,ORD013514,CUST02372,P020,Microwave,Home,Chennai,Store,UPI,2,11443.53,0.0,22887.06,22887.06,0,4857.8,2025,5,May,Thursday,22887.06,22887.06
2025-05-01,ORD006789,CUST01327,P002,Smartphone,Electronics,Delhi,Online,Credit Card,1,29434.94,0.15,29434.94,25019.7,0,6190.42,2025,5,May,Thursday,29434.94,25019.698999999997
2025-05-01,ORD022486,CUST03613,P016,Sofa,Furniture,Jaipur,Store,Debit Card,5,34262.07,0.2,171310.35,137048.28,0,15002.23,2025,5,May,Thursday,171310.35,137048.28
2025-05-01,ORD033193,CUST03303,P007,Backpack,Accessories,Chennai,Online,Credit Card,3,2211.6,0.0,6634.8,6634.8,0,1760.77,2025,5,May,Thursday,6634.799999999999,6634.8
2025-05-01,ORD043801,CUST00380,P006,Desk,Furniture,Bengaluru,Online,Credit Card,2,10803.24,0.1,21606.48,19445.83,0,1306.81,2025,5,May,Thursday,21606.48,19445.832
2025-05-01,ORD032034,CUST01752,P014,Keyboard,Electronics,Hyderabad,Online,Credit Card,1,2578.4,0.15,2578.4,2191.64,0,307.33,2025,5,May,Thursday,2578.4,2191.64
2025-05-01,ORD032330,CUST01566,P001,Laptop,Electronics,Surat,Online,UPI,3,64716.5,0.05,194149.5,184442.02,0,38306.78,2025,5,May,Thursday,194149.5,184442.025
2025-05-01,ORD044479,CUST00834,P014,Keyboard,Electronics,Bengaluru,Online,Cash,1,2565.2,0.1,2565.2,2308.68,0,294.38,2025,5,May,Thursday,2565.2,2308.68
2025-05-01,ORD002855,CUST00096,P018,Jacket,Fashion,Ahmedabad,Online,UPI,1,5287.88,0.15,5287.88,4494.7,0,1104.89,2025,5,May,Thursday,5287.88,4494.698
2025-05-01,ORD002908,CUST02582,P001,Laptop,Electronics,Kolkata,Online,Credit Card,1,67974.62,0.15,67974.62,57778.43,0,6953.44,2025,5,May,Thursday,67974.62,57778.426999999996
2025-05-01,ORD029658,CUST02608,P007,Backpack,Accessories,Mumbai,Online,Net Banking,2,2166.29,0.1,4332.58,3899.32,0,885.34,2025,5,May,Thursday,4332.58,3899.322
2025-05-01,ORD004311,CUST03520,P013,Monitor,Electronics,Jaipur,Online,UPI,3,17715.48,0.0,53146.44,53146.44,0,5132.77,2025,5,May,Thursday,53146.44,53146.44
2025-05-01,ORD046175,CUST01501,P019,Vacuum Cleaner,Home,Kolkata,Online,UPI,1,9753.72,0.0,9753.72,9753.72,0,788.17,2025,5,May,Thursday,9753.72,9753.72
2025-05-01,ORD005038,CUST01069,P001,Laptop,Electronics,Surat,Store,Credit Card,2,70763.76,0.05,141527.52,134451.14,0,35947.33,2025,5,May,Thursday,141527.52,134451.14399999997
2025-05-01,ORD039855,CUST01706,P001,Laptop,Electronics,Kolkata,Store,Cash,1,71106.37,0.0,71106.37,71106.37,0,8424.56,2025,5,May,Thursday,71106.37,71106.37
2025-05-01,ORD048008,CUST03243,P008,Running Shoes,Fashion,Kolkata,Store,UPI,2,4438.49,0.05,8876.98,8433.13,0,634.89,2025,5,May,Thursday,8876.98,8433.131
2025-05-01,ORD023823,CUST00630,P003,Headphones,Electronics,Kolkata,Online,Credit Card,2,4279.56,0.25,8559.12,6419.34,0,1067.95,2025,5,May,Thursday,8559.12,6419.34
2025-05-01,ORD005372,CUST00797,P020,Microwave,Home,Chennai,Store,UPI,1,11765.5,0.0,11765.5,11765.5,1,-588.28,2025,5,May,Thursday,11765.5,11765.5
2025-05-01,ORD016565,CUST01433,P001,Laptop,Electronics,Mumbai,Store,Credit Card,1,60005.52,0.1,60005.52,54004.97,0,9956.32,2025,5,May,Thursday,60005.52,54004.968
2025-05-01,ORD037173,CUST03590,P015,Dining Table,Furniture,Delhi,Store,Credit Card,1,21387.09,0.15,21387.09,18179.03,0,1870.89,2025,5,May,Thursday,21387.09,18179.0265
2025-05-01,ORD036216,CUST03139,P010,Coffee Maker,Home,Chennai,Store,Credit Card,3,5767.0,0.1,17301.0,15570.9,0,2072.06,2025,5,May,Thursday,17301.0,15570.9
2025-05-01,ORD005227,CUST00024,P016,Sofa,Furniture,Ahmedabad,Online,UPI,1,34497.48,0.1,34497.48,31047.73,0,7615.75,2025,5,May,Thursday,34497.48,31047.732000000004
2025-05-01,ORD007834,CUST04987,P009,T-Shirt,Fashion,Bengaluru,Store,Net Banking,1,1104.9,0.0,1104.9,1104.9,0,257.4,2025,5,May,Thursday,1104.9,1104.9
2025-05-01,ORD027648,CUST00581,P016,Sofa,Furniture,Bengaluru,Online,UPI,2,32284.65,0.05,64569.3,61340.84,0,11779.7,2025,5,May,Thursday,64569.3,61340.835
2025-05-01,ORD034173,CUST02107,P016,Sofa,Furniture,Hyderabad,Store,UPI,1,34930.1,0.05,34930.1,33183.59,0,5707.76,2025,5,May,Thursday,34930.1,33183.594999999994
2025-05-02,ORD025417,CUST02648,P003,Headphones,Electronics,Kolkata,Online,Credit Card,1,4604.68,0.0,4604.68,4604.68,0,569.98,2025,5,May,Friday,4604.68,4604.68
2025-05-02,ORD021738,CUST03044,P015,Dining Table,Furniture,Ahmedabad,Store,Debit Card,5,24162.71,0.15,120813.55,102691.52,0,19665.22,2025,5,May,Friday,120813.54999999999,102691.5175
2025-05-02,ORD009976,CUST04979,P016,Sofa,Furniture,Delhi,Online,UPI,2,35531.65,0.05,71063.3,67510.13,0,16664.33,2025,5,May,Friday,71063.3,67510.135
2025-05-02,ORD033881,CUST02158,P014,Keyboard,Electronics,Hyderabad,Store,UPI,1,2736.59,0.0,2736.59,2736.59,0,371.9,2025,5,May,Friday,2736.59,2736.59
2025-05-02,ORD013493,CUST04109,P006,Desk,Furniture,Bengaluru,Online,UPI,1,12144.13,0.25,12144.13,9108.1,0,734.49,2025,5,May,Friday,12144.13,9108.0975
2025-05-02,ORD047390,CUST00677,P009,T-Shirt,Fashion,Kolkata,Online,Net Banking,1,1190.36,0.05,1190.36,1130.84,0,232.2,2025,5,May,Friday,1190.36,1130.8419999999999
2025-05-02,ORD008857,CUST04439,P019,Vacuum Cleaner,Home,Hyderabad,Store,Credit Card,1,8730.07,0.1,8730.07,7857.06,0,773.28,2025,5,May,Friday,8730.07,7857.063
2025-05-02,ORD008265,CUST00927,P003,Headphones,Electronics,Surat,Online,UPI,1,4277.27,0.1,4277.27,3849.54,0,270.81,2025,5,May,Friday,4277.27,3849.5430000000006
2025-05-02,ORD021835,CUST03362,P016,Sofa,Furniture,Hyderabad,Store,Net Banking,1,35220.42,0.15,35220.42,29937.36,0,7313.02,2025,5,May,Friday,35220.42,29937.356999999996
2025-05-02,ORD020207,CUST02337,P003,Headphones,Electronics,Mumbai,Online,UPI,1,4075.62,0.25,4075.62,3056.72,0,564.22,2025,5,May,Friday,4075.62,3056.715
2025-05-02,ORD022991,CUST04247,P015,Dining Table,Furniture,Mumbai,Online,Credit Card,1,20880.74,0.2,20880.74,16704.59,0,1153.48,2025,5,May,Friday,20880.74,16704.592
2025-05-02,ORD027194,CUST04258,P006,Desk,Furniture,Ahmedabad,Online,UPI,1,12744.08,0.05,12744.08,12106.88,0,2789.81,2025,5,May,Friday,12744.08,12106.876
2025-05-02,ORD034634,CUST00555,P016,Sofa,Furniture,Delhi,Store,UPI,3,35533.17,0.0,106599.51,106599.51,0,10520.61,2025,5,May,Friday,106599.51,106599.51
2025-05-02,ORD040846,CUST01659,P018,Jacket,Fashion,Jaipur,Store,UPI,1,5711.03,0.1,5711.03,5139.93,0,651.01,2025,5,May,Friday,5711.03,5139.927
2025-05-02,ORD032893,CUST04825,P007,Backpack,Accessories,Kolkata,Online,Cash,2,2413.39,0.0,4826.78,4826.78,0,1071.38,2025,5,May,Friday,4826.78,4826.78
2025-05-02,ORD012609,CUST02340,P009,T-Shirt,Fashion,Jaipur,Online,Credit Card,1,1243.08,0.05,1243.08,1180.93,0,242.81,2025,5,May,Friday,1243.08,1180.926
2025-05-02,ORD049593,CUST02626,P002,Smartphone,Electronics,Bengaluru,Store,Credit Card,3,27941.06,0.0,83823.18,83823.18,0,10015.86,2025,5,May,Friday,83823.18000000001,83823.18
2025-05-02,ORD032111,CUST03528,P009,T-Shirt,Fashion,Chennai,Online,Credit Card,1,1249.13,0.15,1249.13,1061.76,0,144.88,2025,5,May,Friday,1249.13,1061.7605
2025-05-02,ORD020228,CUST01613,P006,Desk,Furniture,Chennai,Store,UPI,1,13005.68,0.1,13005.68,11705.11,0,2796.12,2025,5,May,Friday,13005.68,11705.112000000001
2025-05-02,ORD026351,CUST04896,P003,Headphones,Electronics,Ahmedabad,Online,UPI,1,4765.95,0.0,4765.95,4765.95,0,1287.38,2025,5,May,Friday,4765.95,4765.95
2025-05-02,ORD026496,CUST00625,P020,Microwave,Home,Jaipur,Online,Debit Card,1,10893.14,0.05,10893.14,10348.48,0,1330.37,2025,5,May,Friday,10893.14,10348.482999999998
2025-05-02,ORD008252,CUST03585,P015,Dining Table,Furniture,Jaipur,Online,UPI,4,22523.63,0.1,90094.52,81085.07,0,5051.34,2025,5,May,Friday,90094.52,81085.068
2025-05-02,ORD033928,CUST00242,P009,T-Shirt,Fashion,Kolkata,Online,UPI,2,1139.72,0.2,2279.44,1823.55,0,375.02,2025,5,May,Friday,2279.44,1823.5520000000001
2025-05-02,ORD049772,CUST01844,P019,Vacuum Cleaner,Home,Jaipur,Store,Cash,3,9778.54,0.15,29335.62,24935.28,0,3006.04,2025,5,May,Friday,29335.620000000003,24935.277
2025-05-02,ORD016594,CUST02630,P011,Mixer Grinder,Home,Kolkata,Online,Credit Card,1,5095.83,0.15,5095.83,4331.46,0,1022.87,2025,5,May,Friday,5095.83,4331.4555
2025-05-02,ORD016904,CUST04060,P005,Office Chair,Furniture,Hyderabad,Online,Debit Card,1,10043.05,0.05,10043.05,9540.9,0,930.06,2025,5,May,Friday,10043.05,9540.8975
2025-05-02,ORD000054,CUST01824,P014,Keyboard,Electronics,Bengaluru,Online,UPI,1,2387.37,0.05,2387.37,2268.0,0,596.96,2025,5,May,Friday,2387.37,2268.0015
2025-05-02,ORD049982,CUST02781,P001,Laptop,Electronics,Delhi,Store,UPI,2,69954.49,0.0,139908.98,139908.98,0,18662.49,2025,5,May,Friday,139908.98,139908.98
2025-05-02,ORD041531,CUST00721,P006,Desk,Furniture,Chennai,Online,UPI,1,11073.19,0.0,11073.19,11073.19,0,3081.04,2025,5,May,Friday,11073.19,11073.19
2025-05-02,ORD045709,CUST02651,P004,Smartwatch,Electronics,Ahmedabad,Online,UPI,2,7139.9,0.0,14279.8,14279.8,0,4050.93,2025,5,May,Friday,14279.8,14279.8
2025-05-02,ORD011827,CUST02236,P004,Smartwatch,Electronics,Ahmedabad,Online,UPI,1,6608.66,0.1,6608.66,5947.79,0,1274.35,2025,5,May,Friday,6608.66,5947.794
2025-05-02,ORD043822,CUST03812,P012,Air Fryer,Home,Bengaluru,Online,Credit Card,1,6659.31,0.05,6659.31,6326.34,0,770.63,2025,5,May,Friday,6659.31,6326.3445
2025-05-02,ORD019193,CUST02489,P019,Vacuum Cleaner,Home,Mumbai,Online,Credit Card,1,8210.1,0.05,8210.1,7799.6,0,2071.47,2025,5,May,Friday,8210.1,7799.595
2025-05-02,ORD010494,CUST01161,P012,Air Fryer,Home,Mumbai,Store,Cash,1,7083.17,0.0,7083.17,7083.17,0,826.2,2025,5,May,Friday,7083.17,7083.17
2025-05-02,ORD022331,CUST00366,P008,Running Shoes,Fashion,Surat,Store,Cash,1,4029.13,0.0,4029.13,4029.13,0,1159.92,2025,5,May,Friday,4029.13,4029.13
2025-05-02,ORD029602,CUST04798,P012,Air Fryer,Home,Jaipur,Online,UPI,1,6564.98,0.0,6564.98,6564.98,0,1305.13,2025,5,May,Friday,6564.98,6564.98
2025-05-02,ORD007876,CUST01297,P020,Microwave,Home,Jaipur,Online,Credit Card,1,12033.66,0.15,12033.66,10228.61,0,2431.44,2025,5,May,Friday,12033.66,10228.610999999999
2025-05-02,ORD044643,CUST01894,P013,Monitor,Electronics,Bengaluru,Online,Cash,1,18344.15,0.1,18344.15,16509.74,0,2381.56,2025,5,May,Friday,18344.15,16509.735
2025-05-02,ORD003666,CUST03242,P017,Jeans,Fashion,Hyderabad,Online,Net Banking,5,2737.75,0.0,13688.75,13688.75,0,2873.33,2025,5,May,Friday,13688.75,13688.75
2025-05-02,ORD025744,CUST03557,P008,Running Shoes,Fashion,Ahmedabad,Online,Credit Card,2,4482.01,0.0,8964.02,8964.02,0,1973.41,2025,5,May,Friday,8964.02,8964.02
2025-05-02,ORD047879,CUST00940,P017,Jeans,Fashion,Pune,Online,UPI,3,3028.89,0.1,9086.67,8178.0,0,1793.82,2025,5,May,Friday,9086.67,8178.003000000001
2025-05-02,ORD048345,CUST02396,P010,Coffee Maker,Home,Surat,Online,Credit Card,5,5123.14,0.05,25615.7,24334.92,0,6451.35,2025,5,May,Friday,25615.7,24334.915
2025-05-02,ORD046107,CUST02333,P017,Jeans,Fashion,Pune,Online,Net Banking,1,3077.05,0.15,3077.05,2615.49,0,563.93,2025,5,May,Friday,3077.05,2615.4925000000003
2025-05-02,ORD008020,CUST03185,P007,Backpack,Accessories,Ahmedabad,Store,UPI,1,2380.98,0.15,2380.98,2023.83,0,138.56,2025,5,May,Friday,2380.98,2023.8329999999999
2025-05-02,ORD028282,CUST02760,P019,Vacuum Cleaner,Home,Hyderabad,Online,UPI,1,9748.11,0.15,9748.11,8285.89,0,2221.46,2025,5,May,Friday,9748.11,8285.8935
2025-05-02,ORD002875,CUST01998,P020,Microwave,Home,Jaipur,Online,Credit Card,1,11059.8,0.05,11059.8,10506.81,0,1883.52,2025,5,May,Friday,11059.8,10506.81
2025-05-02,ORD048714,CUST02200,P009,T-Shirt,Fashion,Jaipur,Store,UPI,1,1223.43,0.05,1223.43,1162.26,0,118.22,2025,5,May,Friday,1223.43,1162.2585
2025-05-02,ORD013253,CUST04342,P011,Mixer Grinder,Home,Jaipur,Online,Net Banking,1,4433.51,0.1,4433.51,3990.16,0,1035.94,2025,5,May,Friday,4433.51,3990.159
2025-05-02,ORD036630,CUST03185,P013,Monitor,Electronics,Hyderabad,Online,UPI,4,17535.67,0.1,70142.68,63128.41,0,15453.12,2025,5,May,Friday,70142.68,63128.412
2025-05-02,ORD026802,CUST02762,P018,Jacket,Fashion,Delhi,Online,Credit Card,2,4961.57,0.05,9923.14,9426.98,0,938.56,2025,5,May,Friday,9923.14,9426.982999999998
2025-05-02,ORD016086,CUST00461,P001,Laptop,Electronics,Pune,Store,Credit Card,2,59430.39,0.0,118860.78,118860.78,0,20300.59,2025,5,May,Friday,118860.78,118860.78
2025-05-02,ORD002791,CUST02237,P006,Desk,Furniture,Bengaluru,Online,Credit Card,1,11349.5,0.1,11349.5,10214.55,0,2830.39,2025,5,May,Friday,11349.5,10214.550000000001
2025-05-02,ORD022440,CUST01889,P016,Sofa,Furniture,Chennai,Store,Debit Card,1,32042.02,0.05,32042.02,30439.92,0,2694.64,2025,5,May,Friday,32042.02,30439.918999999998
2025-05-02,ORD005378,CUST04320,P005,Office Chair,Furniture,Chennai,Online,UPI,2,9302.43,0.15,18604.86,15814.13,0,3027.2,2025,5,May,Friday,18604.86,15814.131
2025-05-02,ORD024320,CUST03491,P017,Jeans,Fashion,Jaipur,Store,Debit Card,1,2910.81,0.05,2910.81,2765.27,1,-138.26,2025,5,May,Friday,2910.81,2765.2695
2025-05-02,ORD025196,CUST03323,P006,Desk,Furniture,Chennai,Online,Debit Card,3,11892.61,0.0,35677.83,35677.83,0,6126.8,2025,5,May,Friday,35677.83,35677.83
2025-05-02,ORD034803,CUST00618,P019,Vacuum Cleaner,Home,Delhi,Store,Debit Card,4,8462.5,0.05,33850.0,32157.5,0,7659.09,2025,5,May,Friday,33850.0,32157.5
2025-05-02,ORD014663,CUST01543,P015,Dining Table,Furniture,Pune,Online,UPI,5,23786.23,0.2,118931.15,95144.92,0,3861.55,2025,5,May,Friday,118931.15,95144.92
2025-05-02,ORD027028,CUST01817,P020,Microwave,Home,Chennai,Store,Cash,1,11805.47,0.05,11805.47,11215.2,1,-560.76,2025,5,May,Friday,11805.47,11215.196499999998
2025-05-02,ORD016462,CUST04400,P012,Air Fryer,Home,Pune,Online,Credit Card,1,7695.26,0.1,7695.26,6925.73,0,633.23,2025,5,May,Friday,7695.26,6925.734
2025-05-02,ORD041745,CUST03564,P006,Desk,Furniture,Delhi,Online,UPI,1,11285.34,0.15,11285.34,9592.54,0,1042.34,2025,5,May,Friday,11285.34,9592.539
2025-05-02,ORD015493,CUST03358,P013,Monitor,Electronics,Kolkata,Online,Credit Card,2,18667.1,0.1,37334.2,33600.78,0,7371.0,2025,5,May,Friday,37334.2,33600.78
2025-05-02,ORD033548,CUST02565,P016,Sofa,Furniture,Bengaluru,Online,Credit Card,1,36323.03,0.05,36323.03,34506.88,0,8388.65,2025,5,May,Friday,36323.03,34506.8785
2025-05-02,ORD040176,CUST02124,P018,Jacket,Fashion,Jaipur,Online,Net Banking,1,4759.89,0.15,4759.89,4045.91,0,743.01,2025,5,May,Friday,4759.89,4045.9065
2025-05-02,ORD009149,CUST03035,P015,Dining Table,Furniture,Chennai,Online,UPI,1,23351.46,0.1,23351.46,21016.31,0,4437.53,2025,5,May,Friday,23351.46,21016.314
2025-05-02,ORD043897,CUST02141,P010,Coffee Maker,Home,Chennai,Online,UPI,3,5562.52,0.25,16687.56,12515.67,0,500.63,2025,5,May,Friday,16687.56,12515.670000000002
2025-05-02,ORD020409,CUST04145,P012,Air Fryer,Home,Jaipur,Store,Debit Card,2,6742.01,0.1,13484.02,12135.62,0,1988.36,2025,5,May,Friday,13484.02,12135.618
2025-05-02,ORD044929,CUST03432,P010,Coffee Maker,Home,Kolkata,Online,UPI,2,5784.98,0.05,11569.96,10991.46,0,1795.95,2025,5,May,Friday,11569.96,10991.462
2025-05-02,ORD004751,CUST03116,P017,Jeans,Fashion,Hyderabad,Store,Net Banking,1,2810.33,0.1,2810.33,2529.3,0,192.75,2025,5,May,Friday,2810.33,2529.297
2025-05-02,ORD047960,CUST01681,P007,Backpack,Accessories,Kolkata,Online,UPI,1,2071.85,0.0,2071.85,2071.85,0,387.63,2025,5,May,Friday,2071.85,2071.85
2025-05-02,ORD020999,CUST00209,P012,Air Fryer,Home,Surat,Online,UPI,2,7713.75,0.05,15427.5,14656.12,0,3994.47,2025,5,May,Friday,15427.5,14656.125
2025-05-02,ORD036076,CUST04172,P002,Smartphone,Electronics,Jaipur,Store,UPI,1,29916.47,0.1,29916.47,26924.82,0,4715.95,2025,5,May,Friday,29916.47,26924.823
2025-05-02,ORD006751,CUST03222,P013,Monitor,Electronics,Surat,Online,UPI,4,17583.79,0.25,70335.16,52751.37,0,12081.37,2025,5,May,Friday,70335.16,52751.37
2025-05-02,ORD012503,CUST03377,P014,Keyboard,Electronics,Hyderabad,Store,Cash,1,2383.12,0.1,2383.12,2144.81,0,258.14,2025,5,May,Friday,2383.12,2144.808
2025-05-02,ORD044606,CUST00330,P020,Microwave,Home,Pune,Store,UPI,1,10515.76,0.1,10515.76,9464.18,0,2410.23,2025,5,May,Friday,10515.76,9464.184000000001
2025-05-02,ORD028570,CUST02517,P018,Jacket,Fashion,Ahmedabad,Online,UPI,1,4728.19,0.15,4728.19,4018.96,0,926.51,2025,5,May,Friday,4728.19,4018.9614999999994
2025-05-02,ORD019184,CUST03249,P016,Sofa,Furniture,Ahmedabad,Online,UPI,3,35771.87,0.2,107315.61,85852.49,0,14504.65,2025,5,May,Friday,107315.61000000002,85852.48800000001
2025-05-02,ORD035041,CUST03524,P011,Mixer Grinder,Home,Pune,Store,UPI,1,5068.81,0.15,5068.81,4308.49,0,1000.76,2025,5,May,Friday,5068.81,4308.4885
2025-05-03,ORD014942,CUST02936,P002,Smartphone,Electronics,Jaipur,Online,Credit Card,1,29190.26,0.25,29190.26,21892.7,0,3243.59,2025,5,May,Saturday,29190.26,21892.695
2025-05-03,ORD015381,CUST01790,P013,Monitor,Electronics,Mumbai,Store,Credit Card,2,17139.01,0.2,34278.02,27422.42,0,2537.25,2025,5,May,Saturday,34278.02,27422.415999999997
2025-05-03,ORD024073,CUST02877,P011,Mixer Grinder,Home,Mumbai,Store,UPI,1,4620.9,0.15,4620.9,3927.76,0,764.51,2025,5,May,Saturday,4620.9,3927.7649999999994
2025-05-03,ORD034758,CUST02420,P013,Monitor,Electronics,Hyderabad,Store,Credit Card,2,16482.39,0.15,32964.78,28020.06,0,4956.25,2025,5,May,Saturday,32964.78,28020.063
2025-05-03,ORD000753,CUST04818,P012,Air Fryer,Home,Bengaluru,Online,Credit Card,1,7219.35,0.1,7219.35,6497.42,0,1661.59,2025,5,May,Saturday,7219.35,6497.415000000001
2025-05-03,ORD010101,CUST04788,P008,Running Shoes,Fashion,Delhi,Online,UPI,1,4059.22,0.05,4059.22,3856.26,0,642.3,2025,5,May,Saturday,4059.22,3856.2589999999996
2025-05-03,ORD021126,CUST04827,P020,Microwave,Home,Ahmedabad,Store,Credit Card,3,11747.33,0.1,35241.99,31717.79,0,7048.77,2025,5,May,Saturday,35241.99,31717.790999999997
2025-05-03,ORD003890,CUST00151,P009,T-Shirt,Fashion,Hyderabad,Online,Net Banking,1,1193.33,0.05,1193.33,1133.66,1,-56.68,2025,5,May,Saturday,1193.33,1133.6634999999999
2025-05-03,ORD004469,CUST00404,P019,Vacuum Cleaner,Home,Hyderabad,Online,Cash,1,8937.83,0.1,8937.83,8044.05,0,767.46,2025,5,May,Saturday,8937.83,8044.0470000000005
2025-05-03,ORD042170,CUST03089,P003,Headphones,Electronics,Pune,Online,Credit Card,4,4729.33,0.05,18917.32,17971.45,0,2212.26,2025,5,May,Saturday,18917.32,17971.453999999998
2025-05-03,ORD017769,CUST00059,P014,Keyboard,Electronics,Pune,Online,Cash,2,2611.01,0.05,5222.02,4960.92,0,455.36,2025,5,May,Saturday,5222.02,4960.919
2025-05-03,ORD046882,CUST01348,P009,T-Shirt,Fashion,Mumbai,Online,Debit Card,1,1284.57,0.1,1284.57,1156.11,0,130.55,2025,5,May,Saturday,1284.57,1156.113
2025-05-03,ORD030131,CUST03967,P001,Laptop,Electronics,Kolkata,Online,UPI,1,65526.71,0.05,65526.71,62250.37,0,10610.57,2025,5,May,Saturday,65526.71,62250.3745
2025-05-03,ORD010496,CUST02696,P005,Office Chair,Furniture,Chennai,Online,Credit Card,2,8858.25,0.05,17716.5,16830.68,0,3497.2,2025,5,May,Saturday,17716.5,16830.675
2025-05-03,ORD020978,CUST01364,P011,Mixer Grinder,Home,Kolkata,Store,Credit Card,1,4440.72,0.0,4440.72,4440.72,0,1065.63,2025,5,May,Saturday,4440.72,4440.72
2025-05-03,ORD023345,CUST03790,P015,Dining Table,Furniture,Chennai,Store,UPI,1,20069.68,0.0,20069.68,20069.68,0,5070.62,2025,5,May,Saturday,20069.68,20069.68
2025-05-03,ORD006998,CUST03088,P008,Running Shoes,Fashion,Kolkata,Online,Credit Card,1,4607.59,0.05,4607.59,4377.21,0,1212.76,2025,5,May,Saturday,4607.59,4377.2105
2025-05-03,ORD031886,CUST00740,P013,Monitor,Electronics,Mumbai,Store,Debit Card,1,16772.09,0.0,16772.09,16772.09,0,2898.63,2025,5,May,Saturday,16772.09,16772.09
2025-05-03,ORD043461,CUST01501,P009,T-Shirt,Fashion,Bengaluru,Store,Credit Card,1,1304.86,0.05,1304.86,1239.62,0,329.27,2025,5,May,Saturday,1304.86,1239.6169999999997
2025-05-03,ORD002218,CUST00107,P006,Desk,Furniture,Pune,Online,Debit Card,2,12476.59,0.05,24953.18,23705.52,0,2863.05,2025,5,May,Saturday,24953.18,23705.521
2025-05-03,ORD024258,CUST01481,P002,Smartphone,Electronics,Bengaluru,Online,UPI,1,28414.0,0.1,28414.0,25572.6,0,6497.51,2025,5,May,Saturday,28414.0,25572.600000000002
2025-05-03,ORD014915,CUST01113,P010,Coffee Maker,Home,Delhi,Online,Cash,3,5521.48,0.05,16564.44,15736.22,0,1109.3,2025,5,May,Saturday,16564.44,15736.217999999997
2025-05-03,ORD027224,CUST02917,P017,Jeans,Fashion,Delhi,Online,UPI,1,3046.37,0.05,3046.37,2894.05,0,831.19,2025,5,May,Saturday,3046.37,2894.0514999999996
2025-05-03,ORD048076,CUST04738,P017,Jeans,Fashion,Pune,Store,Net Banking,4,3005.62,0.2,12022.48,9617.98,0,689.26,2025,5,May,Saturday,12022.48,9617.984
2025-05-03,ORD022194,CUST04321,P014,Keyboard,Electronics,Bengaluru,Online,UPI,4,2478.21,0.15,9912.84,8425.91,0,952.82,2025,5,May,Saturday,9912.84,8425.914
2025-05-03,ORD016731,CUST01863,P017,Jeans,Fashion,Bengaluru,Store,Debit Card,4,2768.28,0.15,11073.12,9412.15,0,2342.79,2025,5,May,Saturday,11073.12,9412.152
2025-05-03,ORD019558,CUST04324,P009,T-Shirt,Fashion,Pune,Store,Credit Card,1,1180.5,0.0,1180.5,1180.5,0,168.89,2025,5,May,Saturday,1180.5,1180.5
2025-05-03,ORD041816,CUST02173,P016,Sofa,Furniture,Surat,Store,Credit Card,2,34522.37,0.0,69044.74,69044.74,0,12128.36,2025,5,May,Saturday,69044.74,69044.74
2025-05-03,ORD019881,CUST00565,P017,Jeans,Fashion,Mumbai,Store,Credit Card,2,2867.49,0.15,5734.98,4874.73,0,571.62,2025,5,May,Saturday,5734.98,4874.732999999999
2025-05-03,ORD041351,CUST03562,P019,Vacuum Cleaner,Home,Pune,Store,Debit Card,5,9302.27,0.1,46511.35,41860.22,0,11293.86,2025,5,May,Saturday,46511.350000000006,41860.215
2025-05-03,ORD030837,CUST04326,P010,Coffee Maker,Home,Bengaluru,Online,Cash,1,5423.05,0.05,5423.05,5151.9,0,989.71,2025,5,May,Saturday,5423.05,5151.8975
2025-05-03,ORD036631,CUST00956,P012,Air Fryer,Home,Bengaluru,Online,UPI,1,7816.85,0.15,7816.85,6644.32,0,1025.99,2025,5,May,Saturday,7816.85,6644.3225
2025-05-03,ORD030912,CUST00106,P003,Headphones,Electronics,Kolkata,Store,Debit Card,1,4240.15,0.0,4240.15,4240.15,0,901.46,2025,5,May,Saturday,4240.15,4240.15
2025-05-03,ORD046864,CUST01038,P018,Jacket,Fashion,Jaipur,Store,Credit Card,1,5336.43,0.05,5336.43,5069.61,0,1175.31,2025,5,May,Saturday,5336.43,5069.6085
2025-05-03,ORD020602,CUST03173,P020,Microwave,Home,Jaipur,Store,Credit Card,2,10137.83,0.05,20275.66,19261.88,0,2245.0,2025,5,May,Saturday,20275.66,19261.877
2025-05-03,ORD015738,CUST00653,P005,Office Chair,Furniture,Pune,Store,Credit Card,2,9368.43,0.1,18736.86,16863.17,0,3029.36,2025,5,May,Saturday,18736.86,16863.174000000003
2025-05-03,ORD012117,CUST03657,P005,Office Chair,Furniture,Jaipur,Online,Debit Card,1,10208.43,0.0,10208.43,10208.43,0,1398.46,2025,5,May,Saturday,10208.43,10208.43
2025-05-03,ORD028151,CUST00012,P016,Sofa,Furniture,Bengaluru,Store,Net Banking,1,38073.89,0.0,38073.89,38073.89,0,9525.31,2025,5,May,Saturday,38073.89,38073.89
2025-05-03,ORD033245,CUST00733,P013,Monitor,Electronics,Kolkata,Online,UPI,2,17419.19,0.0,34838.38,34838.38,0,8642.23,2025,5,May,Saturday,34838.38,34838.38
2025-05-03,ORD013736,CUST03562,P020,Microwave,Home,Surat,Online,Credit Card,1,10385.67,0.2,10385.67,8308.54,0,1865.04,2025,5,May,Saturday,10385.67,8308.536
2025-05-03,ORD013449,CUST04708,P015,Dining Table,Furniture,Bengaluru,Store,Credit Card,1,20873.74,0.0,20873.74,20873.74,0,2027.22,2025,5,May,Saturday,20873.74,20873.74
2025-05-03,ORD025950,CUST00740,P017,Jeans,Fashion,Mumbai,Store,UPI,1,2975.75,0.0,2975.75,2975.75,0,340.66,2025,5,May,Saturday,2975.75,2975.75
2025-05-03,ORD048518,CUST02209,P014,Keyboard,Electronics,Jaipur,Online,UPI,1,2659.68,0.05,2659.68,2526.7,0,482.84,2025,5,May,Saturday,2659.68,2526.696
2025-05-03,ORD037502,CUST02252,P013,Monitor,Electronics,Mumbai,Store,Credit Card,1,19773.3,0.2,19773.3,15818.64,0,2810.3,2025,5,May,Saturday,19773.3,15818.64
2025-05-03,ORD004315,CUST03107,P010,Coffee Maker,Home,Hyderabad,Online,UPI,1,6048.32,0.0,6048.32,6048.32,0,1759.06,2025,5,May,Saturday,6048.32,6048.32
2025-05-03,ORD040580,CUST02659,P013,Monitor,Electronics,Bengaluru,Online,Cash,2,16723.14,0.1,33446.28,30101.65,0,3215.42,2025,5,May,Saturday,33446.28,30101.652
2025-05-03,ORD043863,CUST02664,P017,Jeans,Fashion,Kolkata,Online,Credit Card,1,2770.81,0.15,2770.81,2355.19,0,196.32,2025,5,May,Saturday,2770.81,2355.1884999999997
2025-05-03,ORD007509,CUST04916,P013,Monitor,Electronics,Surat,Store,UPI,1,19126.06,0.15,19126.06,16257.15,0,1263.97,2025,5,May,Saturday,19126.06,16257.151
2025-05-03,ORD038069,CUST04761,P012,Air Fryer,Home,Hyderabad,Store,UPI,1,6488.96,0.15,6488.96,5515.62,0,1275.24,2025,5,May,Saturday,6488.96,5515.616
2025-05-03,ORD041411,CUST04085,P009,T-Shirt,Fashion,Hyderabad,Store,UPI,1,1163.22,0.1,1163.22,1046.9,0,249.27,2025,5,May,Saturday,1163.22,1046.8980000000001
2025-05-03,ORD033719,CUST04210,P020,Microwave,Home,Surat,Online,UPI,1,10238.19,0.15,10238.19,8702.46,0,1994.01,2025,5,May,Saturday,10238.19,8702.4615
2025-05-03,ORD006028,CUST04899,P001,Laptop,Electronics,Mumbai,Online,UPI,2,62214.28,0.05,124428.56,118207.13,0,10308.44,2025,5,May,Saturday,124428.56,118207.132
2025-05-03,ORD029931,CUST02464,P002,Smartphone,Electronics,Chennai,Store,Net Banking,2,25845.29,0.1,51690.58,46521.52,0,6114.37,2025,5,May,Saturday,51690.58,46521.522000000004
2025-05-03,ORD027504,CUST00807,P008,Running Shoes,Fashion,Mumbai,Online,UPI,1,4289.74,0.1,4289.74,3860.77,0,798.96,2025,5,May,Saturday,4289.74,3860.766
2025-05-03,ORD021880,CUST02829,P006,Desk,Furniture,Mumbai,Online,Debit Card,1,11048.89,0.0,11048.89,11048.89,0,3112.31,2025,5,May,Saturday,11048.89,11048.89
2025-05-03,ORD005022,CUST04704,P006,Desk,Furniture,Kolkata,Online,Net Banking,1,11652.24,0.1,11652.24,10487.02,0,1973.03,2025,5,May,Saturday,11652.24,10487.016
2025-05-03,ORD028232,CUST02350,P019,Vacuum Cleaner,Home,Pune,Online,UPI,2,9058.05,0.15,18116.1,15398.68,0,1070.88,2025,5,May,Saturday,18116.1,15398.684999999998
2025-05-03,ORD015062,CUST03638,P018,Jacket,Fashion,Hyderabad,Store,Credit Card,1,5089.57,0.05,5089.57,4835.09,0,1079.73,2025,5,May,Saturday,5089.57,4835.0914999999995
2025-05-03,ORD016231,CUST00294,P018,Jacket,Fashion,Jaipur,Store,Credit Card,1,4755.95,0.2,4755.95,3804.76,0,798.55,2025,5,May,Saturday,4755.95,3804.76
2025-05-03,ORD002138,CUST01969,P001,Laptop,Electronics,Jaipur,Store,UPI,1,61537.97,0.05,61537.97,58461.07,1,-2923.05,2025,5,May,Saturday,61537.97,58461.0715
2025-05-03,ORD012153,CUST04680,P003,Headphones,Electronics,Surat,Store,Debit Card,1,4193.98,0.05,4193.98,3984.28,0,627.37,2025,5,May,Saturday,4193.98,3984.2809999999995
2025-05-03,ORD011998,CUST04086,P007,Backpack,Accessories,Ahmedabad,Online,Credit Card,2,2341.48,0.15,4682.96,3980.52,0,558.72,2025,5,May,Saturday,4682.96,3980.516
2025-05-03,ORD022365,CUST00564,P008,Running Shoes,Fashion,Ahmedabad,Online,UPI,1,4598.54,0.1,4598.54,4138.69,0,986.94,2025,5,May,Saturday,4598.54,4138.686
2025-05-03,ORD016432,CUST03505,P005,Office Chair,Furniture,Delhi,Store,UPI,1,8705.92,0.25,8705.92,6529.44,0,1045.27,2025,5,May,Saturday,8705.92,6529.4400000000005
2025-05-03,ORD022370,CUST03004,P013,Monitor,Electronics,Bengaluru,Store,Credit Card,1,17250.8,0.1,17250.8,15525.72,0,2077.51,2025,5,May,Saturday,17250.8,15525.72
2025-05-03,ORD001435,CUST03944,P015,Dining Table,Furniture,Jaipur,Online,UPI,2,20622.95,0.05,41245.9,39183.6,0,8603.03,2025,5,May,Saturday,41245.9,39183.604999999996
2025-05-03,ORD016169,CUST03340,P002,Smartphone,Electronics,Surat,Store,Credit Card,1,27757.26,0.15,27757.26,23593.67,0,1314.9,2025,5,May,Saturday,27757.26,23593.671
2025-05-03,ORD041640,CUST01297,P009,T-Shirt,Fashion,Jaipur,Store,Credit Card,1,1148.53,0.15,1148.53,976.25,0,220.99,2025,5,May,Saturday,1148.53,976.2505
2025-05-03,ORD025258,CUST00516,P014,Keyboard,Electronics,Pune,Online,UPI,2,2471.4,0.15,4942.8,4201.38,0,695.17,2025,5,May,Saturday,4942.8,4201.38
2025-05-03,ORD037072,CUST04549,P017,Jeans,Fashion,Hyderabad,Online,UPI,1,3025.86,0.2,3025.86,2420.69,0,339.22,2025,5,May,Saturday,3025.86,2420.688
2025-05-03,ORD018037,CUST04383,P019,Vacuum Cleaner,Home,Mumbai,Online,Credit Card,1,9192.35,0.1,9192.35,8273.12,0,1265.01,2025,5,May,Saturday,9192.35,8273.115
2025-05-03,ORD003102,CUST04153,P006,Desk,Furniture,Kolkata,Online,Net Banking,1,11860.69,0.15,11860.69,10081.59,0,1633.92,2025,5,May,Saturday,11860.69,10081.5865
2025-05-03,ORD002646,CUST02686,P009,T-Shirt,Fashion,Delhi,Online,UPI,2,1318.67,0.15,2637.34,2241.74,0,543.18,2025,5,May,Saturday,2637.34,2241.739
2025-05-03,ORD019234,CUST04024,P018,Jacket,Fashion,Kolkata,Online,UPI,1,5246.94,0.0,5246.94,5246.94,0,1427.35,2025,5,May,Saturday,5246.94,5246.94
2025-05-03,ORD042869,CUST03665,P018,Jacket,Fashion,Bengaluru,Online,UPI,1,5026.11,0.0,5026.11,5026.11,0,1427.43,2025,5,May,Saturday,5026.11,5026.11
2025-05-03,ORD037593,CUST02898,P013,Monitor,Electronics,Delhi,Online,UPI,1,18661.86,0.2,18661.86,14929.49,0,937.16,2025,5,May,Saturday,18661.86,14929.488000000001
2025-05-03,ORD032624,CUST03058,P002,Smartphone,Electronics,Hyderabad,Online,UPI,1,25269.17,0.1,25269.17,22742.25,0,6009.73,2025,5,May,Saturday,25269.17,22742.253
2025-05-03,ORD047643,CUST02332,P017,Jeans,Fashion,Kolkata,Store,Credit Card,1,2952.05,0.05,2952.05,2804.45,0,547.98,2025,5,May,Saturday,2952.05,2804.4475
2025-05-03,ORD038299,CUST03041,P005,Office Chair,Furniture,Kolkata,Online,Debit Card,1,9382.86,0.1,9382.86,8444.57,0,1326.27,2025,5,May,Saturday,9382.86,8444.574
2025-05-03,ORD009874,CUST02839,P009,T-Shirt,Fashion,Bengaluru,Online,UPI,1,1271.38,0.05,1271.38,1207.81,0,149.43,2025,5,May,Saturday,1271.38,1207.8110000000001
2025-05-03,ORD012530,CUST01269,P017,Jeans,Fashion,Surat,Online,Cash,2,2853.17,0.1,5706.34,5135.71,0,873.01,2025,5,May,Saturday,5706.34,5135.706
2025-05-03,ORD022878,CUST01113,P005,Office Chair,Furniture,Ahmedabad,Online,Credit Card,1,9397.52,0.0,9397.52,9397.52,0,2446.8,2025,5,May,Saturday,9397.52,9397.52
2025-05-03,ORD035598,CUST01020,P016,Sofa,Furniture,Kolkata,Online,Credit Card,2,33209.15,0.1,66418.3,59776.47,0,12783.87,2025,5,May,Saturday,66418.3,59776.47
2025-05-03,ORD019756,CUST01108,P010,Coffee Maker,Home,Kolkata,Store,Debit Card,1,5356.11,0.0,5356.11,5356.11,0,883.38,2025,5,May,Saturday,5356.11,5356.11
2025-05-04,ORD015865,CUST04522,P011,Mixer Grinder,Home,Hyderabad,Online,UPI,1,5146.79,0.1,5146.79,4632.11,0,1247.79,2025,5,May,Sunday,5146.79,4632.111
2025-05-04,ORD033878,CUST03265,P009,T-Shirt,Fashion,Surat,Online,Credit Card,1,1221.72,0.05,1221.72,1160.63,0,176.95,2025,5,May,Sunday,1221.72,1160.634
2025-05-04,ORD025568,CUST03197,P014,Keyboard,Electronics,Pune,Online,Credit Card,1,2624.04,0.25,2624.04,1968.03,0,248.87,2025,5,May,Sunday,2624.04,1968.03
2025-05-04,ORD008387,CUST04528,P010,Coffee Maker,Home,Hyderabad,Online,Credit Card,1,5802.77,0.0,5802.77,5802.77,0,492.99,2025,5,May,Sunday,5802.77,5802.77
2025-05-04,ORD030779,CUST01124,P010,Coffee Maker,Home,Mumbai,Online,Credit Card,2,5860.84,0.1,11721.68,10549.51,0,1385.33,2025,5,May,Sunday,11721.68,10549.512
2025-05-04,ORD046357,CUST04455,P004,Smartwatch,Electronics,Chennai,Online,Cash,3,6354.12,0.05,19062.36,18109.24,0,1610.88,2025,5,May,Sunday,19062.36,18109.242
2025-05-04,ORD034227,CUST01220,P015,Dining Table,Furniture,Pune,Store,Credit Card,1,23982.67,0.25,23982.67,17987.0,0,3133.45,2025,5,May,Sunday,23982.67,17987.0025
2025-05-04,ORD017104,CUST04046,P002,Smartphone,Electronics,Delhi,Store,UPI,1,25339.58,0.2,25339.58,20271.66,0,3737.97,2025,5,May,Sunday,25339.58,20271.664000000004
2025-05-04,ORD034432,CUST03318,P005,Office Chair,Furniture,Bengaluru,Online,UPI,1,10175.52,0.15,10175.52,8649.19,0,1637.7,2025,5,May,Sunday,10175.52,8649.192000000001
2025-05-04,ORD034436,CUST04059,P012,Air Fryer,Home,Surat,Online,Credit Card,1,7152.61,0.1,7152.61,6437.35,0,1366.5,2025,5,May,Sunday,7152.61,6437.349
2025-05-04,ORD017246,CUST01835,P015,Dining Table,Furniture,Bengaluru,Online,Credit Card,4,23850.71,0.1,95402.84,85862.56,1,-4293.13,2025,5,May,Sunday,95402.84,85862.556
2025-05-04,ORD031748,CUST03201,P008,Running Shoes,Fashion,Jaipur,Online,UPI,5,4304.11,0.05,21520.55,20444.52,0,2712.67,2025,5,May,Sunday,21520.55,20444.5225
2025-05-04,ORD019338,CUST01872,P001,Laptop,Electronics,Kolkata,Online,UPI,2,60908.53,0.0,121817.06,121817.06,0,10527.16,2025,5,May,Sunday,121817.06,121817.06
2025-05-04,ORD015732,CUST03307,P012,Air Fryer,Home,Kolkata,Online,Debit Card,1,7916.67,0.15,7916.67,6729.17,0,527.28,2025,5,May,Sunday,7916.67,6729.1695
2025-05-04,ORD023647,CUST04870,P014,Keyboard,Electronics,Hyderabad,Online,Credit Card,1,2291.42,0.1,2291.42,2062.28,0,343.45,2025,5,May,Sunday,2291.42,2062.2780000000002
2025-05-04,ORD041136,CUST02741,P008,Running Shoes,Fashion,Hyderabad,Store,Cash,1,3868.27,0.0,3868.27,3868.27,0,414.04,2025,5,May,Sunday,3868.27,3868.27
2025-05-04,ORD016388,CUST01546,P016,Sofa,Furniture,Kolkata,Store,UPI,4,33860.64,0.05,135442.56,128670.43,0,24508.79,2025,5,May,Sunday,135442.56,128670.43199999999
2025-05-04,ORD018143,CUST00413,P005,Office Chair,Furniture,Delhi,Online,Cash,2,9105.56,0.05,18211.12,17300.56,1,-865.03,2025,5,May,Sunday,18211.12,17300.564
2025-05-04,ORD032027,CUST03933,P002,Smartphone,Electronics,Hyderabad,Store,Credit Card,2,30034.45,0.05,60068.9,57065.46,0,9211.08,2025,5,May,Sunday,60068.9,57065.455
2025-05-04,ORD021667,CUST00357,P012,Air Fryer,Home,Chennai,Online,Debit Card,5,6741.33,0.2,33706.65,26965.32,0,4086.53,2025,5,May,Sunday,33706.65,26965.320000000003
2025-05-04,ORD004650,CUST03761,P009,T-Shirt,Fashion,Mumbai,Online,UPI,5,1256.05,0.0,6280.25,6280.25,0,1637.42,2025,5,May,Sunday,6280.25,6280.25
2025-05-04,ORD044181,CUST03451,P010,Coffee Maker,Home,Jaipur,Store,Credit Card,1,5460.83,0.0,5460.83,5460.83,0,1214.01,2025,5,May,Sunday,5460.83,5460.83
2025-05-04,ORD010033,CUST00932,P010,Coffee Maker,Home,Mumbai,Online,Credit Card,2,5321.22,0.25,10642.44,7981.83,0,1772.3,2025,5,May,Sunday,10642.44,7981.83
2025-05-04,ORD009395,CUST02939,P018,Jacket,Fashion,Surat,Store,Credit Card,1,5089.52,0.15,5089.52,4326.09,0,281.47,2025,5,May,Sunday,5089.52,4326.092000000001
2025-05-04,ORD039616,CUST03979,P003,Headphones,Electronics,Bengaluru,Online,UPI,1,4898.9,0.1,4898.9,4409.01,0,442.27,2025,5,May,Sunday,4898.9,4409.01
2025-05-04,ORD024501,CUST02180,P016,Sofa,Furniture,Ahmedabad,Online,UPI,1,34417.37,0.05,34417.37,32696.5,0,6770.45,2025,5,May,Sunday,34417.37,32696.501500000002
2025-05-04,ORD031686,CUST04136,P010,Coffee Maker,Home,Pune,Store,Cash,1,5212.28,0.15,5212.28,4430.44,0,376.41,2025,5,May,Sunday,5212.28,4430.438
2025-05-04,ORD002095,CUST00836,P019,Vacuum Cleaner,Home,Pune,Online,UPI,1,9793.86,0.2,9793.86,7835.09,0,632.54,2025,5,May,Sunday,9793.86,7835.088000000001
2025-05-04,ORD017627,CUST00311,P010,Coffee Maker,Home,Kolkata,Online,Cash,1,5984.76,0.15,5984.76,5087.05,0,976.1,2025,5,May,Sunday,5984.76,5087.046
2025-05-04,ORD001137,CUST01796,P012,Air Fryer,Home,Bengaluru,Online,Debit Card,1,7607.66,0.0,7607.66,7607.66,0,984.13,2025,5,May,Sunday,7607.66,7607.66
2025-05-04,ORD000141,CUST00276,P003,Headphones,Electronics,Delhi,Online,Debit Card,1,4334.54,0.2,4334.54,3467.63,0,170.42,2025,5,May,Sunday,4334.54,3467.632
2025-05-04,ORD007979,CUST00399,P014,Keyboard,Electronics,Kolkata,Online,UPI,1,2575.9,0.0,2575.9,2575.9,0,557.02,2025,5,May,Sunday,2575.9,2575.9
2025-05-04,ORD038867,CUST01672,P002,Smartphone,Electronics,Chennai,Store,Credit Card,1,28552.24,0.05,28552.24,27124.63,0,5383.93,2025,5,May,Sunday,28552.24,27124.628
2025-05-04,ORD005306,CUST03348,P008,Running Shoes,Fashion,Hyderabad,Online,UPI,1,4412.29,0.1,4412.29,3971.06,0,300.72,2025,5,May,Sunday,4412.29,3971.061
2025-05-04,ORD032935,CUST03054,P018,Jacket,Fashion,Kolkata,Online,UPI,4,5452.86,0.15,21811.44,18539.72,0,2092.15,2025,5,May,Sunday,21811.44,18539.724
2025-05-04,ORD036576,CUST03238,P019,Vacuum Cleaner,Home,Ahmedabad,Online,UPI,4,8679.94,0.05,34719.76,32983.77,0,2804.7,2025,5,May,Sunday,34719.76,32983.772
2025-05-04,ORD040413,CUST03375,P007,Backpack,Accessories,Chennai,Store,Credit Card,1,2328.67,0.05,2328.67,2212.24,1,-110.61,2025,5,May,Sunday,2328.67,2212.2365
2025-05-04,ORD003023,CUST03094,P018,Jacket,Fashion,Jaipur,Online,Credit Card,2,4915.79,0.05,9831.58,9340.0,0,850.77,2025,5,May,Sunday,9831.58,9340.001
2025-05-04,ORD024795,CUST01250,P001,Laptop,Electronics,Surat,Online,Credit Card,2,62003.62,0.25,124007.24,93005.43,0,4638.07,2025,5,May,Sunday,124007.24,93005.43000000001
2025-05-04,ORD047530,CUST00766,P007,Backpack,Accessories,Chennai,Store,UPI,4,2165.71,0.15,8662.84,7363.41,0,1805.17,2025,5,May,Sunday,8662.84,7363.414
2025-05-04,ORD018701,CUST03334,P016,Sofa,Furniture,Delhi,Online,Credit Card,1,36646.51,0.15,36646.51,31149.53,0,5180.81,2025,5,May,Sunday,36646.51,31149.5335
2025-05-04,ORD046759,CUST00546,P003,Headphones,Electronics,Delhi,Store,Credit Card,4,4559.09,0.05,18236.36,17324.54,0,3614.81,2025,5,May,Sunday,18236.36,17324.542
2025-05-04,ORD039463,CUST00529,P010,Coffee Maker,Home,Pune,Store,Cash,2,5640.97,0.1,11281.94,10153.75,0,1614.28,2025,5,May,Sunday,11281.94,10153.746000000001
2025-05-04,ORD039470,CUST03088,P017,Jeans,Fashion,Mumbai,Online,Credit Card,1,2775.21,0.05,2775.21,2636.45,0,761.02,2025,5,May,Sunday,2775.21,2636.4494999999997
2025-05-04,ORD043512,CUST03028,P003,Headphones,Electronics,Delhi,Online,UPI,1,4117.8,0.15,4117.8,3500.13,0,807.7,2025,5,May,Sunday,4117.8,3500.13
2025-05-04,ORD016561,CUST04005,P012,Air Fryer,Home,Pune,Online,Net Banking,2,6624.85,0.25,13249.7,9937.28,0,596.52,2025,5,May,Sunday,13249.7,9937.275000000001
2025-05-04,ORD028650,CUST01237,P014,Keyboard,Electronics,Surat,Online,Credit Card,1,2536.72,0.0,2536.72,2536.72,1,-126.84,2025,5,May,Sunday,2536.72,2536.72
2025-05-04,ORD044654,CUST03805,P014,Keyboard,Electronics,Hyderabad,Online,UPI,2,2488.93,0.1,4977.86,4480.07,0,887.13,2025,5,May,Sunday,4977.86,4480.074
2025-05-04,ORD031898,CUST04328,P009,T-Shirt,Fashion,Ahmedabad,Online,Cash,4,1297.14,0.2,5188.56,4150.85,0,800.66,2025,5,May,Sunday,5188.56,4150.848000000001
2025-05-04,ORD017412,CUST00159,P002,Smartphone,Electronics,Delhi,Online,UPI,2,26528.01,0.1,53056.02,47750.42,0,10762.66,2025,5,May,Sunday,53056.02,47750.418
2025-05-04,ORD031964,CUST04841,P012,Air Fryer,Home,Mumbai,Store,Net Banking,1,6768.68,0.05,6768.68,6430.25,0,1268.35,2025,5,May,Sunday,6768.68,6430.246
2025-05-04,ORD028396,CUST00087,P001,Laptop,Electronics,Surat,Online,Credit Card,1,60074.28,0.2,60074.28,48059.42,0,10054.05,2025,5,May,Sunday,60074.28,48059.424
2025-05-04,ORD010509,CUST00088,P018,Jacket,Fashion,Kolkata,Online,UPI,5,4798.44,0.05,23992.2,22792.59,1,-1139.63,2025,5,May,Sunday,23992.199999999997,22792.59
2025-05-04,ORD032705,CUST03192,P007,Backpack,Accessories,Kolkata,Online,Net Banking,1,2386.89,0.2,2386.89,1909.51,0,92.51,2025,5,May,Sunday,2386.89,1909.512
2025-05-04,ORD043032,CUST01122,P014,Keyboard,Electronics,Mumbai,Online,Debit Card,2,2289.37,0.1,4578.74,4120.87,0,559.49,2025,5,May,Sunday,4578.74,4120.866
2025-05-04,ORD002794,CUST02424,P018,Jacket,Fashion,Chennai,Online,UPI,3,5486.03,0.2,16458.09,13166.47,0,1869.23,2025,5,May,Sunday,16458.09,13166.472000000002
2025-05-04,ORD032382,CUST00598,P017,Jeans,Fashion,Hyderabad,Store,Credit Card,1,2983.55,0.1,2983.55,2685.2,0,381.9,2025,5,May,Sunday,2983.55,2685.195
2025-05-05,ORD038560,CUST03931,P012,Air Fryer,Home,Hyderabad,Store,UPI,2,7728.92,0.0,15457.84,15457.84,0,3184.66,2025,5,May,Monday,15457.84,15457.84
2025-05-05,ORD004724,CUST01433,P016,Sofa,Furniture,Hyderabad,Online,Cash,2,34571.5,0.2,69143.0,55314.4,0,13100.17,2025,5,May,Monday,69143.0,55314.4
2025-05-05,ORD009891,CUST03269,P011,Mixer Grinder,Home,Surat,Store,Net Banking,1,4716.29,0.2,4716.29,3773.03,0,207.94,2025,5,May,Monday,4716.29,3773.032
2025-05-05,ORD018915,CUST03625,P014,Keyboard,Electronics,Bengaluru,Online,Credit Card,1,2727.33,0.05,2727.33,2590.96,0,729.6,2025,5,May,Monday,2727.33,2590.9635
2025-05-05,ORD015014,CUST00814,P019,Vacuum Cleaner,Home,Jaipur,Online,UPI,2,8522.02,0.2,17044.04,13635.23,0,2662.63,2025,5,May,Monday,17044.04,13635.232000000002
2025-05-05,ORD012436,CUST03215,P008,Running Shoes,Fashion,Delhi,Online,UPI,1,3914.3,0.25,3914.3,2935.73,0,530.97,2025,5,May,Monday,3914.3,2935.7250000000004
2025-05-05,ORD017720,CUST00404,P018,Jacket,Fashion,Chennai,Store,UPI,2,5496.93,0.2,10993.86,8795.09,0,1532.23,2025,5,May,Monday,10993.86,8795.088000000002
2025-05-05,ORD006567,CUST04223,P013,Monitor,Electronics,Surat,Store,UPI,3,16498.23,0.0,49494.69,49494.69,0,10215.27,2025,5,May,Monday,49494.69,49494.69
2025-05-05,ORD026121,CUST01681,P005,Office Chair,Furniture,Delhi,Online,Credit Card,3,8574.59,0.0,25723.77,25723.77,0,2971.84,2025,5,May,Monday,25723.77,25723.77
2025-05-05,ORD045763,CUST03823,P004,Smartwatch,Electronics,Pune,Online,UPI,1,6859.86,0.25,6859.86,5144.89,0,592.37,2025,5,May,Monday,6859.86,5144.8949999999995
2025-05-05,ORD001931,CUST01695,P010,Coffee Maker,Home,Kolkata,Store,UPI,2,5776.18,0.1,11552.36,10397.12,0,821.65,2025,5,May,Monday,11552.36,10397.124000000002
2025-05-05,ORD041752,CUST03704,P014,Keyboard,Electronics,Mumbai,Store,Credit Card,3,2329.63,0.1,6988.89,6290.0,0,1661.7,2025,5,May,Monday,6988.89,6290.001
2025-05-05,ORD020565,CUST00033,P014,Keyboard,Electronics,Chennai,Online,UPI,4,2683.94,0.1,10735.76,9662.18,0,1823.95,2025,5,May,Monday,10735.76,9662.184000000001
2025-05-05,ORD036643,CUST01869,P005,Office Chair,Furniture,Hyderabad,Online,Credit Card,3,10360.88,0.0,31082.64,31082.64,1,-1554.13,2025,5,May,Monday,31082.64,31082.64
2025-05-05,ORD025632,CUST01766,P009,T-Shirt,Fashion,Surat,Online,Cash,4,1146.3,0.1,4585.2,4126.68,0,1020.87,2025,5,May,Monday,4585.2,4126.68
2025-05-05,ORD044676,CUST01970,P010,Coffee Maker,Home,Delhi,Online,Cash,1,5598.14,0.0,5598.14,5598.14,0,1158.87,2025,5,May,Monday,5598.14,5598.14
2025-05-05,ORD011769,CUST03346,P017,Jeans,Fashion,Delhi,Store,Cash,1,3034.74,0.0,3034.74,3034.74,0,811.83,2025,5,May,Monday,3034.74,3034.74
2025-05-05,ORD009225,CUST01768,P018,Jacket,Fashion,Mumbai,Online,UPI,1,5392.96,0.0,5392.96,5392.96,0,1501.49,2025,5,May,Monday,5392.96,5392.96
2025-05-05,ORD005550,CUST00331,P016,Sofa,Furniture,Chennai,Online,Net Banking,1,35148.23,0.1,35148.23,31633.41,0,8481.5,2025,5,May,Monday,35148.23,31633.407000000003
2025-05-05,ORD020506,CUST00838,P013,Monitor,Electronics,Kolkata,Store,UPI,2,17532.54,0.25,35065.08,26298.81,0,1848.46,2025,5,May,Monday,35065.08,26298.81
2025-05-05,ORD005519,CUST04460,P012,Air Fryer,Home,Bengaluru,Store,Debit Card,3,7447.28,0.15,22341.84,18990.56,0,4164.93,2025,5,May,Monday,22341.84,18990.564
2025-05-05,ORD001750,CUST00841,P004,Smartwatch,Electronics,Hyderabad,Store,UPI,2,7403.16,0.1,14806.32,13325.69,0,1365.71,2025,5,May,Monday,14806.32,13325.688
2025-05-05,ORD038386,CUST03141,P005,Office Chair,Furniture,Ahmedabad,Online,Credit Card,3,10325.34,0.1,30976.02,27878.42,0,3126.28,2025,5,May,Monday,30976.02,27878.418
2025-05-05,ORD014866,CUST00274,P008,Running Shoes,Fashion,Jaipur,Online,Credit Card,2,4561.7,0.1,9123.4,8211.06,0,599.16,2025,5,May,Monday,9123.4,8211.06
2025-05-05,ORD048796,CUST00186,P017,Jeans,Fashion,Hyderabad,Online,Credit Card,2,2862.37,0.2,5724.74,4579.79,0,217.17,2025,5,May,Monday,5724.74,4579.792
2025-05-05,ORD000188,CUST02521,P001,Laptop,Electronics,Surat,Store,Debit Card,2,62112.73,0.2,124225.46,99380.37,0,23211.24,2025,5,May,Monday,124225.46,99380.36800000002
2025-05-05,ORD045880,CUST03379,P014,Keyboard,Electronics,Hyderabad,Store,UPI,1,2703.17,0.1,2703.17,2432.85,0,401.64,2025,5,May,Monday,2703.17,2432.853
2025-05-05,ORD038398,CUST03276,P007,Backpack,Accessories,Hyderabad,Online,Credit Card,3,2073.01,0.0,6219.03,6219.03,0,1191.22,2025,5,May,Monday,6219.030000000001,6219.03
2025-05-05,ORD016513,CUST01099,P007,Backpack,Accessories,Kolkata,Online,Credit Card,1,2022.44,0.1,2022.44,1820.2,0,399.03,2025,5,May,Monday,2022.44,1820.1960000000001
2025-05-05,ORD018285,CUST01898,P002,Smartphone,Electronics,Mumbai,Store,UPI,1,26862.47,0.1,26862.47,24176.22,0,5002.71,2025,5,May,Monday,26862.47,24176.223
2025-05-05,ORD016102,CUST02342,P009,T-Shirt,Fashion,Delhi,Store,Credit Card,1,1185.84,0.05,1185.84,1126.55,0,279.94,2025,5,May,Monday,1185.84,1126.5479999999998
2025-05-05,ORD016258,CUST01773,P013,Monitor,Electronics,Hyderabad,Online,Debit Card,1,16599.36,0.1,16599.36,14939.42,0,898.88,2025,5,May,Monday,16599.36,14939.424
2025-05-05,ORD049094,CUST02889,P015,Dining Table,Furniture,Chennai,Online,Credit Card,1,21424.49,0.2,21424.49,17139.59,0,691.95,2025,5,May,Monday,21424.49,17139.592
2025-05-05,ORD043685,CUST02361,P001,Laptop,Electronics,Pune,Online,Debit Card,1,68773.28,0.1,68773.28,61895.95,0,11264.18,2025,5,May,Monday,68773.28,61895.952
2025-05-05,ORD015704,CUST00099,P002,Smartphone,Electronics,Pune,Online,UPI,1,28313.37,0.1,28313.37,25482.03,0,1741.27,2025,5,May,Monday,28313.37,25482.033
2025-05-05,ORD012877,CUST01219,P013,Monitor,Electronics,Ahmedabad,Online,Credit Card,1,19337.55,0.0,19337.55,19337.55,0,2393.42,2025,5,May,Monday,19337.55,19337.55
2025-05-05,ORD008931,CUST00479,P001,Laptop,Electronics,Hyderabad,Store,Credit Card,2,67440.97,0.0,134881.94,134881.94,0,32274.29,2025,5,May,Monday,134881.94,134881.94
2025-05-05,ORD036083,CUST03846,P005,Office Chair,Furniture,Pune,Store,UPI,2,10139.85,0.25,20279.7,15209.78,0,770.83,2025,5,May,Monday,20279.7,15209.775000000001
2025-05-05,ORD021328,CUST01149,P014,Keyboard,Electronics,Mumbai,Store,Credit Card,1,2440.29,0.1,2440.29,2196.26,0,172.13,2025,5,May,Monday,2440.29,2196.261
2025-05-05,ORD043237,CUST00060,P016,Sofa,Furniture,Bengaluru,Online,Debit Card,2,37673.53,0.15,75347.06,64045.0,0,13312.51,2025,5,May,Monday,75347.06,64045.001
2025-05-05,ORD041928,CUST04352,P006,Desk,Furniture,Mumbai,Online,Credit Card,1,12158.65,0.05,12158.65,11550.72,0,2422.6,2025,5,May,Monday,12158.65,11550.717499999999
2025-05-05,ORD025073,CUST00574,P009,T-Shirt,Fashion,Surat,Store,UPI,1,1141.69,0.05,1141.69,1084.61,0,313.36,2025,5,May,Monday,1141.69,1084.6055
2025-05-05,ORD037925,CUST04862,P014,Keyboard,Electronics,Ahmedabad,Store,UPI,2,2635.86,0.25,5271.72,3953.79,0,204.91,2025,5,May,Monday,5271.72,3953.79
2025-05-05,ORD045239,CUST00267,P015,Dining Table,Furniture,Surat,Online,Credit Card,1,24193.28,0.1,24193.28,21773.95,0,1997.64,2025,5,May,Monday,24193.28,21773.952
2025-05-05,ORD015625,CUST04406,P007,Backpack,Accessories,Chennai,Online,UPI,4,2112.65,0.15,8450.6,7183.01,0,1213.42,2025,5,May,Monday,8450.6,7183.01
2025-05-05,ORD016915,CUST02036,P018,Jacket,Fashion,Hyderabad,Store,UPI,4,5334.46,0.25,21337.84,16003.38,1,-800.17,2025,5,May,Monday,21337.84,16003.380000000001
2025-05-05,ORD035715,CUST01345,P016,Sofa,Furniture,Kolkata,Online,UPI,2,37600.56,0.0,75201.12,75201.12,0,8199.23,2025,5,May,Monday,75201.12,75201.12
2025-05-05,ORD027185,CUST02748,P006,Desk,Furniture,Kolkata,Online,Debit Card,1,11423.54,0.2,11423.54,9138.83,0,2243.77,2025,5,May,Monday,11423.54,9138.832
2025-05-05,ORD040966,CUST03510,P005,Office Chair,Furniture,Ahmedabad,Store,Credit Card,1,9260.04,0.05,9260.04,8797.04,0,2419.62,2025,5,May,Monday,9260.04,8797.038
2025-05-05,ORD047902,CUST03359,P016,Sofa,Furniture,Delhi,Online,UPI,2,33459.69,0.0,66919.38,66919.38,0,10720.25,2025,5,May,Monday,66919.38,66919.38
2025-05-05,ORD018530,CUST02768,P019,Vacuum Cleaner,Home,Kolkata,Online,UPI,2,9824.74,0.2,19649.48,15719.58,0,3512.63,2025,5,May,Monday,19649.48,15719.584
2025-05-05,ORD021590,CUST01669,P011,Mixer Grinder,Home,Bengaluru,Store,UPI,5,5182.96,0.15,25914.8,22027.58,0,5085.3,2025,5,May,Monday,25914.8,22027.579999999998
2025-05-05,ORD043448,CUST00867,P014,Keyboard,Electronics,Surat,Online,Credit Card,3,2559.09,0.1,7677.27,6909.54,1,-345.48,2025,5,May,Monday,7677.27,6909.543000000001
2025-05-05,ORD046623,CUST04092,P004,Smartwatch,Electronics,Chennai,Online,Cash,2,7262.46,0.05,14524.92,13798.67,0,3703.79,2025,5,May,Monday,14524.92,13798.673999999999
2025-05-05,ORD019606,CUST00041,P011,Mixer Grinder,Home,Hyderabad,Online,Debit Card,4,4617.04,0.1,18468.16,16621.34,0,4248.94,2025,5,May,Monday,18468.16,16621.344
2025-05-05,ORD041713,CUST01764,P006,Desk,Furniture,Chennai,Store,UPI,2,12514.6,0.1,25029.2,22526.28,0,3664.01,2025,5,May,Monday,25029.2,22526.280000000002
2025-05-05,ORD032907,CUST00615,P003,Headphones,Electronics,Surat,Online,Net Banking,1,4759.38,0.1,4759.38,4283.44,0,853.49,2025,5,May,Monday,4759.38,4283.442
2025-05-05,ORD018039,CUST01639,P002,Smartphone,Electronics,Hyderabad,Store,Credit Card,2,30740.53,0.0,61481.06,61481.06,0,18377.57,2025,5,May,Monday,61481.06,61481.06
2025-05-05,ORD030454,CUST02587,P010,Coffee Maker,Home,Ahmedabad,Online,UPI,1,5794.37,0.1,5794.37,5214.93,0,960.59,2025,5,May,Monday,5794.37,5214.933
2025-05-05,ORD026303,CUST04535,P015,Dining Table,Furniture,Pune,Online,Cash,1,20892.68,0.0,20892.68,20892.68,0,1986.4,2025,5,May,Monday,20892.68,20892.68
2025-05-05,ORD020009,CUST03415,P011,Mixer Grinder,Home,Kolkata,Store,Credit Card,3,4681.13,0.15,14043.39,11936.88,0,1514.46,2025,5,May,Monday,14043.39,11936.8815
2025-05-05,ORD046914,CUST00566,P001,Laptop,Electronics,Kolkata,Online,Net Banking,1,63577.49,0.1,63577.49,57219.74,0,5861.27,2025,5,May,Monday,63577.49,57219.741
2025-05-05,ORD000777,CUST03719,P012,Air Fryer,Home,Jaipur,Online,Credit Card,1,6995.29,0.05,6995.29,6645.53,0,1692.12,2025,5,May,Monday,6995.29,6645.5255
2025-05-05,ORD027233,CUST00369,P017,Jeans,Fashion,Hyderabad,Store,UPI,1,2717.49,0.1,2717.49,2445.74,1,-122.29,2025,5,May,Monday,2717.49,2445.741
2025-05-05,ORD001665,CUST03121,P015,Dining Table,Furniture,Mumbai,Online,UPI,1,22018.02,0.05,22018.02,20917.12,0,4886.9,2025,5,May,Monday,22018.02,20917.119
2025-05-05,ORD009250,CUST01037,P007,Backpack,Accessories,Jaipur,Online,UPI,2,2072.88,0.25,4145.76,3109.32,0,278.54,2025,5,May,Monday,4145.76,3109.32
2025-05-05,ORD044592,CUST02088,P002,Smartphone,Electronics,Jaipur,Online,Credit Card,3,27304.04,0.05,81912.12,77816.51,0,10963.63,2025,5,May,Monday,81912.12,77816.514
2025-05-05,ORD027426,CUST03818,P012,Air Fryer,Home,Surat,Online,Debit Card,1,7899.07,0.1,7899.07,7109.16,0,470.05,2025,5,May,Monday,7899.07,7109.163
2025-05-05,ORD037329,CUST00386,P018,Jacket,Fashion,Delhi,Store,UPI,1,5400.82,0.15,5400.82,4590.7,0,288.23,2025,5,May,Monday,5400.82,4590.696999999999
2025-05-05,ORD009132,CUST00570,P009,T-Shirt,Fashion,Ahmedabad,Store,Debit Card,2,1104.16,0.1,2208.32,1987.49,0,439.44,2025,5,May,Monday,2208.32,1987.4880000000003
2025-05-05,ORD013682,CUST02659,P009,T-Shirt,Fashion,Jaipur,Online,Credit Card,1,1293.92,0.05,1293.92,1229.22,0,296.66,2025,5,May,Monday,1293.92,1229.224
2025-05-05,ORD014502,CUST02858,P001,Laptop,Electronics,Hyderabad,Store,UPI,1,67028.32,0.2,67028.32,53622.66,0,10016.8,2025,5,May,Monday,67028.32,53622.65600000001
2025-05-05,ORD019215,CUST03860,P008,Running Shoes,Fashion,Jaipur,Store,UPI,2,4308.63,0.25,8617.26,6462.94,0,458.18,2025,5,May,Monday,8617.26,6462.945
2025-05-06,ORD000043,CUST03325,P005,Office Chair,Furniture,Hyderabad,Online,Debit Card,2,9891.08,0.1,19782.16,17803.94,1,-890.2,2025,5,May,Tuesday,19782.16,17803.944
2025-05-06,ORD024315,CUST02688,P020,Microwave,Home,Delhi,Online,Net Banking,1,10982.87,0.05,10982.87,10433.73,0,2043.57,2025,5,May,Tuesday,10982.87,10433.7265
2025-05-06,ORD044505,CUST04977,P006,Desk,Furniture,Bengaluru,Store,Debit Card,3,11345.02,0.0,34035.06,34035.06,0,3740.06,2025,5,May,Tuesday,34035.06,34035.06
2025-05-06,ORD026671,CUST03435,P017,Jeans,Fashion,Chennai,Online,UPI,1,2591.48,0.15,2591.48,2202.76,0,412.86,2025,5,May,Tuesday,2591.48,2202.758
2025-05-06,ORD037186,CUST00815,P006,Desk,Furniture,Hyderabad,Store,Credit Card,2,11456.89,0.1,22913.78,20622.4,0,2360.09,2025,5,May,Tuesday,22913.78,20622.402
2025-05-06,ORD041241,CUST00246,P006,Desk,Furniture,Hyderabad,Online,Debit Card,1,11159.42,0.0,11159.42,11159.42,0,1155.0,2025,5,May,Tuesday,11159.42,11159.42
2025-05-06,ORD038303,CUST01582,P004,Smartwatch,Electronics,Delhi,Store,Debit Card,1,6492.22,0.15,6492.22,5518.39,0,672.93,2025,5,May,Tuesday,6492.22,5518.387
2025-05-06,ORD012123,CUST01635,P004,Smartwatch,Electronics,Chennai,Store,Cash,4,7681.85,0.0,30727.4,30727.4,0,5452.24,2025,5,May,Tuesday,30727.4,30727.4
2025-05-06,ORD000734,CUST04609,P010,Coffee Maker,Home,Mumbai,Online,Cash,2,5456.11,0.05,10912.22,10366.61,0,1205.45,2025,5,May,Tuesday,10912.22,10366.608999999999
2025-05-06,ORD007279,CUST04353,P020,Microwave,Home,Surat,Online,UPI,1,10350.76,0.0,10350.76,10350.76,0,1508.63,2025,5,May,Tuesday,10350.76,10350.76
2025-05-06,ORD014328,CUST02362,P002,Smartphone,Electronics,Chennai,Online,UPI,2,30058.06,0.05,60116.12,57110.31,0,15035.48,2025,5,May,Tuesday,60116.12,57110.314
2025-05-06,ORD039619,CUST01436,P008,Running Shoes,Fashion,Delhi,Online,UPI,1,4459.84,0.0,4459.84,4459.84,0,1202.06,2025,5,May,Tuesday,4459.84,4459.84
2025-05-06,ORD034714,CUST01450,P018,Jacket,Fashion,Surat,Online,UPI,1,5614.4,0.1,5614.4,5052.96,0,464.54,2025,5,May,Tuesday,5614.4,5052.96
2025-05-06,ORD038489,CUST04852,P014,Keyboard,Electronics,Jaipur,Online,UPI,1,2564.14,0.05,2564.14,2435.93,0,212.29,2025,5,May,Tuesday,2564.14,2435.9329999999995
2025-05-06,ORD028793,CUST01377,P018,Jacket,Fashion,Ahmedabad,Store,Credit Card,2,5126.26,0.05,10252.52,9739.89,0,2383.33,2025,5,May,Tuesday,10252.52,9739.894
2025-05-06,ORD002625,CUST01296,P005,Office Chair,Furniture,Mumbai,Online,UPI,1,9983.3,0.1,9983.3,8984.97,0,1261.25,2025,5,May,Tuesday,9983.3,8984.97
2025-05-06,ORD016019,CUST01932,P016,Sofa,Furniture,Jaipur,Online,UPI,1,36344.87,0.0,36344.87,36344.87,0,4670.11,2025,5,May,Tuesday,36344.87,36344.87
2025-05-06,ORD026342,CUST00107,P012,Air Fryer,Home,Jaipur,Online,UPI,1,6920.73,0.2,6920.73,5536.58,0,503.81,2025,5,May,Tuesday,6920.73,5536.584
2025-05-06,ORD033654,CUST03509,P016,Sofa,Furniture,Mumbai,Store,Credit Card,1,32712.73,0.15,32712.73,27805.82,0,6396.64,2025,5,May,Tuesday,32712.73,27805.820499999998
2025-05-06,ORD013365,CUST03335,P012,Air Fryer,Home,Mumbai,Online,UPI,4,7704.02,0.0,30816.08,30816.08,0,5542.39,2025,5,May,Tuesday,30816.08,30816.08
2025-05-06,ORD028810,CUST04054,P003,Headphones,Electronics,Hyderabad,Store,Debit Card,1,4535.38,0.1,4535.38,4081.84,0,1018.0,2025,5,May,Tuesday,4535.38,4081.842
2025-05-06,ORD014693,CUST03734,P015,Dining Table,Furniture,Hyderabad,Online,Cash,1,21630.01,0.15,21630.01,18385.51,0,3023.75,2025,5,May,Tuesday,21630.01,18385.5085
2025-05-06,ORD013353,CUST02602,P002,Smartphone,Electronics,Pune,Online,Debit Card,1,26208.09,0.0,26208.09,26208.09,0,5108.67,2025,5,May,Tuesday,26208.09,26208.09
2025-05-06,ORD000369,CUST00923,P010,Coffee Maker,Home,Jaipur,Online,Debit Card,1,5979.03,0.15,5979.03,5082.18,0,670.6,2025,5,May,Tuesday,5979.03,5082.175499999999
2025-05-06,ORD020033,CUST00799,P019,Vacuum Cleaner,Home,Kolkata,Online,UPI,1,9726.11,0.25,9726.11,7294.58,0,876.06,2025,5,May,Tuesday,9726.11,7294.5825
2025-05-06,ORD024170,CUST01449,P004,Smartwatch,Electronics,Chennai,Store,Credit Card,3,6472.81,0.1,19418.43,17476.59,0,1288.51,2025,5,May,Tuesday,19418.43,17476.587
2025-05-06,ORD002723,CUST04623,P009,T-Shirt,Fashion,Chennai,Store,Credit Card,1,1245.6,0.25,1245.6,934.2,0,135.8,2025,5,May,Tuesday,1245.6,934.1999999999999
2025-05-06,ORD045105,CUST00112,P016,Sofa,Furniture,Ahmedabad,Store,Credit Card,1,32818.72,0.15,32818.72,27895.91,0,5477.99,2025,5,May,Tuesday,32818.72,27895.912
2025-05-06,ORD009112,CUST00365,P003,Headphones,Electronics,Kolkata,Store,Credit Card,2,4740.3,0.05,9480.6,9006.57,0,1108.82,2025,5,May,Tuesday,9480.6,9006.57
2025-05-06,ORD003218,CUST02453,P001,Laptop,Electronics,Kolkata,Store,Cash,1,69752.64,0.0,69752.64,69752.64,0,14543.65,2025,5,May,Tuesday,69752.64,69752.64
2025-05-06,ORD009850,CUST01674,P003,Headphones,Electronics,Jaipur,Online,UPI,1,4559.44,0.15,4559.44,3875.52,0,506.25,2025,5,May,Tuesday,4559.44,3875.5239999999994
2025-05-06,ORD033308,CUST01920,P005,Office Chair,Furniture,Pune,Online,UPI,2,9197.01,0.05,18394.02,17474.32,0,3300.09,2025,5,May,Tuesday,18394.02,17474.319
2025-05-06,ORD010949,CUST02478,P018,Jacket,Fashion,Kolkata,Online,Net Banking,1,5625.18,0.0,5625.18,5625.18,1,-281.26,2025,5,May,Tuesday,5625.18,5625.18
2025-05-06,ORD045462,CUST02824,P007,Backpack,Accessories,Surat,Store,Cash,1,2082.29,0.15,2082.29,1769.95,0,376.38,2025,5,May,Tuesday,2082.29,1769.9465
2025-05-06,ORD033320,CUST00106,P011,Mixer Grinder,Home,Kolkata,Store,UPI,1,4442.56,0.2,4442.56,3554.05,1,-177.7,2025,5,May,Tuesday,4442.56,3554.0480000000007
2025-05-06,ORD003366,CUST02806,P020,Microwave,Home,Bengaluru,Online,UPI,1,11059.37,0.15,11059.37,9400.46,0,1445.72,2025,5,May,Tuesday,11059.37,9400.4645
2025-05-06,ORD035115,CUST03701,P004,Smartwatch,Electronics,Chennai,Store,Net Banking,2,7449.68,0.05,14899.36,14154.39,0,3908.25,2025,5,May,Tuesday,14899.36,14154.392
2025-05-06,ORD014496,CUST04732,P016,Sofa,Furniture,Bengaluru,Store,Debit Card,1,34775.71,0.15,34775.71,29559.35,0,2377.17,2025,5,May,Tuesday,34775.71,29559.353499999997
2025-05-06,ORD019928,CUST02270,P012,Air Fryer,Home,Ahmedabad,Online,UPI,2,6841.6,0.1,13683.2,12314.88,0,1659.98,2025,5,May,Tuesday,13683.2,12314.880000000001
2025-05-06,ORD049736,CUST02853,P005,Office Chair,Furniture,Bengaluru,Online,UPI,1,9088.82,0.05,9088.82,8634.38,0,1872.55,2025,5,May,Tuesday,9088.82,8634.378999999999
2025-05-06,ORD006009,CUST04697,P015,Dining Table,Furniture,Jaipur,Store,Credit Card,1,21494.75,0.05,21494.75,20420.01,0,4697.78,2025,5,May,Tuesday,21494.75,20420.0125
2025-05-06,ORD011329,CUST01343,P018,Jacket,Fashion,Kolkata,Online,Credit Card,1,5669.64,0.2,5669.64,4535.71,0,617.58,2025,5,May,Tuesday,5669.64,4535.712
2025-05-06,ORD017485,CUST04449,P012,Air Fryer,Home,Delhi,Online,UPI,1,7513.51,0.05,7513.51,7137.83,0,668.57,2025,5,May,Tuesday,7513.51,7137.8345
2025-05-06,ORD011450,CUST00519,P018,Jacket,Fashion,Pune,Store,Net Banking,1,5701.32,0.1,5701.32,5131.19,0,1281.72,2025,5,May,Tuesday,5701.32,5131.188
2025-05-06,ORD012302,CUST00885,P006,Desk,Furniture,Hyderabad,Store,UPI,2,12219.23,0.05,24438.46,23216.54,0,2470.49,2025,5,May,Tuesday,24438.46,23216.536999999997
2025-05-06,ORD027716,CUST00981,P014,Keyboard,Electronics,Jaipur,Online,Debit Card,1,2563.32,0.05,2563.32,2435.15,0,486.46,2025,5,May,Tuesday,2563.32,2435.154
2025-05-06,ORD010600,CUST01515,P017,Jeans,Fashion,Chennai,Online,Credit Card,1,2810.25,0.05,2810.25,2669.74,0,440.41,2025,5,May,Tuesday,2810.25,2669.7374999999997
2025-05-06,ORD016455,CUST00812,P001,Laptop,Electronics,Chennai,Store,UPI,1,63619.23,0.15,63619.23,54076.35,0,4930.32,2025,5,May,Tuesday,63619.23,54076.3455
2025-05-06,ORD009695,CUST04819,P015,Dining Table,Furniture,Hyderabad,Store,UPI,1,20209.59,0.05,20209.59,19199.11,0,3857.89,2025,5,May,Tuesday,20209.59,19199.1105
2025-05-06,ORD022946,CUST03396,P007,Backpack,Accessories,Kolkata,Online,Credit Card,1,2223.66,0.0,2223.66,2223.66,1,-111.18,2025,5,May,Tuesday,2223.66,2223.66
2025-05-06,ORD040557,CUST04692,P019,Vacuum Cleaner,Home,Delhi,Online,Net Banking,2,8986.64,0.1,17973.28,16175.95,0,3589.41,2025,5,May,Tuesday,17973.28,16175.952
2025-05-06,ORD001918,CUST03671,P002,Smartphone,Electronics,Ahmedabad,Store,Cash,1,27664.19,0.1,27664.19,24897.77,0,4587.17,2025,5,May,Tuesday,27664.19,24897.771
2025-05-06,ORD002937,CUST00760,P018,Jacket,Fashion,Ahmedabad,Online,Cash,1,4733.67,0.1,4733.67,4260.3,0,837.29,2025,5,May,Tuesday,4733.67,4260.303
2025-05-06,ORD014706,CUST01596,P002,Smartphone,Electronics,Mumbai,Online,UPI,2,29969.45,0.1,59938.9,53945.01,0,6707.99,2025,5,May,Tuesday,59938.9,53945.01
2025-05-06,ORD040014,CUST02825,P002,Smartphone,Electronics,Ahmedabad,Online,UPI,1,28339.75,0.1,28339.75,25505.78,0,3633.12,2025,5,May,Tuesday,28339.75,25505.775
2025-05-06,ORD023629,CUST01633,P001,Laptop,Electronics,Pune,Online,Net Banking,1,70641.37,0.05,70641.37,67109.3,0,7578.09,2025,5,May,Tuesday,70641.37,67109.30149999999
2025-05-06,ORD028158,CUST02773,P005,Office Chair,Furniture,Surat,Store,Credit Card,1,9549.93,0.05,9549.93,9072.43,0,1368.53,2025,5,May,Tuesday,9549.93,9072.4335
2025-05-06,ORD003721,CUST00595,P006,Desk,Furniture,Hyderabad,Online,Credit Card,1,10820.35,0.1,10820.35,9738.32,0,1002.9,2025,5,May,Tuesday,10820.35,9738.315
2025-05-06,ORD035341,CUST03036,P015,Dining Table,Furniture,Delhi,Online,Debit Card,1,23902.54,0.15,23902.54,20317.16,0,1331.43,2025,5,May,Tuesday,23902.54,20317.159
2025-05-06,ORD017819,CUST01880,P008,Running Shoes,Fashion,Kolkata,Online,UPI,1,4067.52,0.15,4067.52,3457.39,0,556.37,2025,5,May,Tuesday,4067.52,3457.392
2025-05-06,ORD020399,CUST02886,P001,Laptop,Electronics,Surat,Online,Credit Card,3,60203.81,0.05,180611.43,171580.86,0,48773.65,2025,5,May,Tuesday,180611.43,171580.85849999997
2025-05-06,ORD009046,CUST03671,P013,Monitor,Electronics,Ahmedabad,Store,UPI,1,16319.54,0.1,16319.54,14687.59,0,1075.16,2025,5,May,Tuesday,16319.54,14687.586000000001
2025-05-06,ORD044725,CUST02986,P016,Sofa,Furniture,Jaipur,Store,Credit Card,2,38113.54,0.2,76227.08,60981.66,0,8845.15,2025,5,May,Tuesday,76227.08,60981.664000000004
2025-05-06,ORD020381,CUST03011,P020,Microwave,Home,Jaipur,Online,Debit Card,1,11506.82,0.15,11506.82,9780.8,0,544.78,2025,5,May,Tuesday,11506.82,9780.796999999999
2025-05-06,ORD038824,CUST02051,P013,Monitor,Electronics,Hyderabad,Online,UPI,1,17398.52,0.2,17398.52,13918.82,0,1035.57,2025,5,May,Tuesday,17398.52,13918.816
2025-05-06,ORD046751,CUST02512,P007,Backpack,Accessories,Delhi,Store,UPI,1,2406.4,0.05,2406.4,2286.08,0,407.44,2025,5,May,Tuesday,2406.4,2286.08
2025-05-06,ORD007148,CUST04561,P010,Coffee Maker,Home,Hyderabad,Store,UPI,4,5403.19,0.05,21612.76,20532.12,1,-1026.61,2025,5,May,Tuesday,21612.76,20532.121999999996
2025-05-06,ORD042336,CUST00019,P019,Vacuum Cleaner,Home,Kolkata,Store,Net Banking,4,9838.17,0.1,39352.68,35417.41,0,3751.41,2025,5,May,Tuesday,39352.68,35417.412000000004
2025-05-06,ORD029604,CUST04950,P004,Smartwatch,Electronics,Jaipur,Store,UPI,1,6369.48,0.1,6369.48,5732.53,0,1463.11,2025,5,May,Tuesday,6369.48,5732.532
2025-05-06,ORD003760,CUST04755,P007,Backpack,Accessories,Chennai,Online,UPI,1,1982.78,0.05,1982.78,1883.64,0,468.3,2025,5,May,Tuesday,1982.78,1883.6409999999998
2025-05-06,ORD009035,CUST00444,P014,Keyboard,Electronics,Bengaluru,Online,UPI,1,2431.95,0.05,2431.95,2310.35,0,579.35,2025,5,May,Tuesday,2431.95,2310.3524999999995
2025-05-06,ORD034966,CUST04097,P013,Monitor,Electronics,Surat,Store,UPI,2,16346.63,0.15,32693.26,27789.27,0,4609.51,2025,5,May,Tuesday,32693.26,27789.270999999997
2025-05-06,ORD042409,CUST04254,P002,Smartphone,Electronics,Ahmedabad,Online,Cash,1,27303.15,0.1,27303.15,24572.84,0,2495.45,2025,5,May,Tuesday,27303.15,24572.835000000003
2025-05-06,ORD036756,CUST03826,P017,Jeans,Fashion,Pune,Online,UPI,2,3033.26,0.05,6066.52,5763.19,0,681.17,2025,5,May,Tuesday,6066.52,5763.194
2025-05-06,ORD035492,CUST02922,P013,Monitor,Electronics,Ahmedabad,Online,Credit Card,1,19243.19,0.05,19243.19,18281.03,0,3390.84,2025,5,May,Tuesday,19243.19,18281.030499999997
2025-05-07,ORD028485,CUST02898,P008,Running Shoes,Fashion,Pune,Store,Debit Card,1,3832.94,0.1,3832.94,3449.65,0,640.12,2025,5,May,Wednesday,3832.94,3449.646
2025-05-07,ORD043433,CUST02062,P006,Desk,Furniture,Jaipur,Store,Credit Card,1,12806.73,0.0,12806.73,12806.73,0,2456.36,2025,5,May,Wednesday,12806.73,12806.73
2025-05-07,ORD018540,CUST04214,P019,Vacuum Cleaner,Home,Ahmedabad,Online,Credit Card,1,9822.75,0.1,9822.75,8840.48,0,1047.94,2025,5,May,Wednesday,9822.75,8840.475
2025-05-07,ORD026672,CUST03747,P003,Headphones,Electronics,Surat,Online,Credit Card,1,4817.19,0.15,4817.19,4094.61,0,900.47,2025,5,May,Wednesday,4817.19,4094.6114999999995
2025-05-07,ORD002603,CUST00575,P006,Desk,Furniture,Jaipur,Store,UPI,1,11248.97,0.1,11248.97,10124.07,0,1553.74,2025,5,May,Wednesday,11248.97,10124.073
2025-05-07,ORD015788,CUST04937,P006,Desk,Furniture,Chennai,Online,Credit Card,1,12510.58,0.1,12510.58,11259.52,0,770.46,2025,5,May,Wednesday,12510.58,11259.522
2025-05-07,ORD043336,CUST04197,P008,Running Shoes,Fashion,Delhi,Online,Net Banking,1,4344.19,0.05,4344.19,4126.98,1,-206.35,2025,5,May,Wednesday,4344.19,4126.9805
2025-05-07,ORD023532,CUST01337,P017,Jeans,Fashion,Mumbai,Store,Debit Card,1,2706.92,0.05,2706.92,2571.57,0,563.52,2025,5,May,Wednesday,2706.92,2571.574
2025-05-07,ORD019700,CUST04539,P011,Mixer Grinder,Home,Mumbai,Online,UPI,1,4660.17,0.25,4660.17,3495.13,0,286.81,2025,5,May,Wednesday,4660.17,3495.1275
2025-05-07,ORD026693,CUST00905,P010,Coffee Maker,Home,Surat,Online,UPI,1,5351.55,0.25,5351.55,4013.66,1,-200.68,2025,5,May,Wednesday,5351.55,4013.6625000000004
2025-05-07,ORD039404,CUST04001,P017,Jeans,Fashion,Chennai,Online,Debit Card,2,2985.78,0.0,5971.56,5971.56,0,1083.98,2025,5,May,Wednesday,5971.56,5971.56
2025-05-07,ORD001218,CUST04415,P020,Microwave,Home,Kolkata,Store,Cash,1,10235.84,0.1,10235.84,9212.26,0,1273.12,2025,5,May,Wednesday,10235.84,9212.256000000001
2025-05-07,ORD016438,CUST00447,P008,Running Shoes,Fashion,Delhi,Online,Net Banking,3,3790.88,0.05,11372.64,10804.01,0,1644.15,2025,5,May,Wednesday,11372.64,10804.008
2025-05-07,ORD018605,CUST04842,P005,Office Chair,Furniture,Delhi,Online,Credit Card,1,9201.02,0.2,9201.02,7360.82,0,1627.66,2025,5,May,Wednesday,9201.02,7360.816000000001
2025-05-07,ORD025641,CUST02814,P018,Jacket,Fashion,Hyderabad,Online,Debit Card,2,5245.73,0.0,10491.46,10491.46,0,2629.1,2025,5,May,Wednesday,10491.46,10491.46
2025-05-07,ORD012137,CUST01959,P004,Smartwatch,Electronics,Bengaluru,Store,Cash,1,7155.62,0.05,7155.62,6797.84,1,-339.89,2025,5,May,Wednesday,7155.62,6797.839
2025-05-07,ORD037587,CUST04165,P015,Dining Table,Furniture,Bengaluru,Online,Credit Card,1,22636.76,0.05,22636.76,21504.92,0,5532.98,2025,5,May,Wednesday,22636.76,21504.922
2025-05-07,ORD008928,CUST03664,P001,Laptop,Electronics,Ahmedabad,Store,UPI,1,64568.65,0.1,64568.65,58111.78,0,5989.73,2025,5,May,Wednesday,64568.65,58111.785
2025-05-07,ORD024253,CUST03451,P010,Coffee Maker,Home,Jaipur,Online,Cash,1,6046.45,0.15,6046.45,5139.48,0,1333.67,2025,5,May,Wednesday,6046.45,5139.4825
2025-05-07,ORD036709,CUST00944,P002,Smartphone,Electronics,Hyderabad,Online,Credit Card,4,29604.18,0.1,118416.72,106575.05,0,27890.88,2025,5,May,Wednesday,118416.72,106575.04800000001
2025-05-07,ORD023992,CUST00223,P011,Mixer Grinder,Home,Delhi,Online,UPI,1,5229.94,0.05,5229.94,4968.44,0,1137.09,2025,5,May,Wednesday,5229.94,4968.442999999999
2025-05-07,ORD008628,CUST04159,P011,Mixer Grinder,Home,Kolkata,Online,Net Banking,1,5000.46,0.25,5000.46,3750.34,0,783.6,2025,5,May,Wednesday,5000.46,3750.3450000000003
2025-05-07,ORD040528,CUST01795,P003,Headphones,Electronics,Chennai,Online,Net Banking,1,4948.55,0.15,4948.55,4206.27,0,619.23,2025,5,May,Wednesday,4948.55,4206.2675
2025-05-07,ORD011661,CUST03027,P005,Office Chair,Furniture,Pune,Store,Credit Card,1,9543.18,0.15,9543.18,8111.7,0,1561.78,2025,5,May,Wednesday,9543.18,8111.703
2025-05-07,ORD034967,CUST04991,P005,Office Chair,Furniture,Bengaluru,Store,UPI,2,9022.69,0.05,18045.38,17143.11,0,2187.21,2025,5,May,Wednesday,18045.38,17143.111
2025-05-07,ORD036403,CUST01292,P007,Backpack,Accessories,Surat,Store,Debit Card,1,2085.43,0.05,2085.43,1981.16,0,260.33,2025,5,May,Wednesday,2085.43,1981.1584999999998
2025-05-07,ORD031783,CUST02366,P006,Desk,Furniture,Bengaluru,Online,Debit Card,1,12408.48,0.05,12408.48,11788.06,0,2896.4,2025,5,May,Wednesday,12408.48,11788.055999999999
2025-05-07,ORD041157,CUST03783,P020,Microwave,Home,Delhi,Online,Net Banking,1,10240.46,0.0,10240.46,10240.46,0,2678.67,2025,5,May,Wednesday,10240.46,10240.46
2025-05-07,ORD033985,CUST00194,P016,Sofa,Furniture,Chennai,Online,Debit Card,2,37009.39,0.0,74018.78,74018.78,0,15423.17,2025,5,May,Wednesday,74018.78,74018.78
2025-05-07,ORD015970,CUST03801,P014,Keyboard,Electronics,Chennai,Online,UPI,1,2282.73,0.0,2282.73,2282.73,0,264.81,2025,5,May,Wednesday,2282.73,2282.73
2025-05-07,ORD025394,CUST01698,P018,Jacket,Fashion,Ahmedabad,Online,Debit Card,1,4712.12,0.2,4712.12,3769.7,0,508.85,2025,5,May,Wednesday,4712.12,3769.696
2025-05-07,ORD015690,CUST02096,P015,Dining Table,Furniture,Jaipur,Store,Credit Card,1,20846.55,0.1,20846.55,18761.9,0,4425.02,2025,5,May,Wednesday,20846.55,18761.895
2025-05-07,ORD017514,CUST01927,P013,Monitor,Electronics,Hyderabad,Store,UPI,2,16544.91,0.0,33089.82,33089.82,0,9359.61,2025,5,May,Wednesday,33089.82,33089.82
2025-05-07,ORD042455,CUST04707,P018,Jacket,Fashion,Ahmedabad,Online,Cash,2,5542.67,0.1,11085.34,9976.81,0,1548.1,2025,5,May,Wednesday,11085.34,9976.806
2025-05-07,ORD022828,CUST02028,P008,Running Shoes,Fashion,Jaipur,Store,Credit Card,1,3925.08,0.1,3925.08,3532.57,0,221.15,2025,5,May,Wednesday,3925.08,3532.572
2025-05-07,ORD033871,CUST02752,P006,Desk,Furniture,Hyderabad,Online,UPI,1,11462.79,0.0,11462.79,11462.79,0,1548.26,2025,5,May,Wednesday,11462.79,11462.79
2025-05-07,ORD035582,CUST03833,P011,Mixer Grinder,Home,Pune,Online,Net Banking,2,4454.21,0.15,8908.42,7572.16,0,1232.23,2025,5,May,Wednesday,8908.42,7572.157
2025-05-07,ORD040994,CUST04835,P014,Keyboard,Electronics,Bengaluru,Online,Cash,2,2438.0,0.1,4876.0,4388.4,0,1207.53,2025,5,May,Wednesday,4876.0,4388.400000000001
2025-05-07,ORD023045,CUST04384,P007,Backpack,Accessories,Chennai,Store,Credit Card,3,2381.6,0.1,7144.8,6430.32,0,637.68,2025,5,May,Wednesday,7144.799999999999,6430.320000000001
2025-05-07,ORD029514,CUST04283,P003,Headphones,Electronics,Mumbai,Online,Net Banking,1,4878.11,0.1,4878.11,4390.3,0,336.69,2025,5,May,Wednesday,4878.11,4390.299
2025-05-07,ORD008307,CUST04542,P014,Keyboard,Electronics,Pune,Online,UPI,4,2524.86,0.1,10099.44,9089.5,0,897.69,2025,5,May,Wednesday,10099.44,9089.496000000001
2025-05-07,ORD033130,CUST00451,P012,Air Fryer,Home,Ahmedabad,Store,UPI,1,6482.74,0.15,6482.74,5510.33,0,1230.87,2025,5,May,Wednesday,6482.74,5510.329
2025-05-07,ORD048795,CUST04836,P011,Mixer Grinder,Home,Delhi,Online,Debit Card,1,4345.62,0.15,4345.62,3693.78,1,-184.69,2025,5,May,Wednesday,4345.62,3693.7769999999996
2025-05-07,ORD014237,CUST04034,P014,Keyboard,Electronics,Delhi,Online,Credit Card,1,2598.23,0.15,2598.23,2208.5,0,353.6,2025,5,May,Wednesday,2598.23,2208.4955
2025-05-07,ORD044056,CUST02086,P019,Vacuum Cleaner,Home,Pune,Online,Debit Card,2,9587.74,0.15,19175.48,16299.16,0,2300.86,2025,5,May,Wednesday,19175.48,16299.158
2025-05-07,ORD043239,CUST00685,P002,Smartphone,Electronics,Chennai,Online,UPI,1,28863.68,0.1,28863.68,25977.31,0,6961.51,2025,5,May,Wednesday,28863.68,25977.312
2025-05-07,ORD046920,CUST04452,P020,Microwave,Home,Bengaluru,Online,Cash,1,11095.51,0.1,11095.51,9985.96,0,999.02,2025,5,May,Wednesday,11095.51,9985.959
2025-05-07,ORD013254,CUST00039,P015,Dining Table,Furniture,Delhi,Store,Net Banking,1,23110.81,0.0,23110.81,23110.81,0,3402.54,2025,5,May,Wednesday,23110.81,23110.81
2025-05-07,ORD026459,CUST03913,P011,Mixer Grinder,Home,Delhi,Store,Credit Card,2,5049.91,0.1,10099.82,9089.84,0,1512.23,2025,5,May,Wednesday,10099.82,9089.838
2025-05-07,ORD029094,CUST04137,P018,Jacket,Fashion,Ahmedabad,Store,Debit Card,4,5680.61,0.05,22722.44,21586.32,0,6117.77,2025,5,May,Wednesday,22722.44,21586.318
2025-05-07,ORD007266,CUST02928,P012,Air Fryer,Home,Mumbai,Online,Cash,1,6712.56,0.0,6712.56,6712.56,0,1847.98,2025,5,May,Wednesday,6712.56,6712.56
2025-05-07,ORD048243,CUST02659,P011,Mixer Grinder,Home,Bengaluru,Store,UPI,1,4357.09,0.15,4357.09,3703.53,0,271.1,2025,5,May,Wednesday,4357.09,3703.5265
2025-05-07,ORD020628,CUST04337,P018,Jacket,Fashion,Mumbai,Online,UPI,2,5275.21,0.15,10550.42,8967.86,0,1537.55,2025,5,May,Wednesday,10550.42,8967.857
2025-05-07,ORD036966,CUST01793,P003,Headphones,Electronics,Surat,Online,Debit Card,1,4513.62,0.1,4513.62,4062.26,0,880.1,2025,5,May,Wednesday,4513.62,4062.258
2025-05-07,ORD028297,CUST00343,P001,Laptop,Electronics,Delhi,Online,Credit Card,1,59652.12,0.05,59652.12,56669.51,0,11628.84,2025,5,May,Wednesday,59652.12,56669.514
2025-05-07,ORD020585,CUST01584,P010,Coffee Maker,Home,Delhi,Store,Debit Card,2,5090.71,0.15,10181.42,8654.21,0,1265.37,2025,5,May,Wednesday,10181.42,8654.207
2025-05-07,ORD014877,CUST04087,P005,Office Chair,Furniture,Ahmedabad,Store,UPI,3,9692.93,0.1,29078.79,26170.91,0,5200.61,2025,5,May,Wednesday,29078.79,26170.911
2025-05-07,ORD023427,CUST00425,P008,Running Shoes,Fashion,Kolkata,Online,Credit Card,5,4468.33,0.1,22341.65,20107.48,0,5312.63,2025,5,May,Wednesday,22341.65,20107.485
2025-05-07,ORD029266,CUST00855,P007,Backpack,Accessories,Bengaluru,Online,UPI,5,2216.11,0.1,11080.55,9972.5,1,-498.62,2025,5,May,Wednesday,11080.550000000001,9972.494999999999
2025-05-07,ORD033653,CUST00315,P007,Backpack,Accessories,Delhi,Online,Net Banking,1,2328.15,0.25,2328.15,1746.11,0,327.87,2025,5,May,Wednesday,2328.15,1746.1125000000002
2025-05-07,ORD031141,CUST04249,P015,Dining Table,Furniture,Bengaluru,Online,Debit Card,2,22598.36,0.25,45196.72,33897.54,0,6194.25,2025,5,May,Wednesday,45196.72,33897.54
2025-05-07,ORD022007,CUST03704,P015,Dining Table,Furniture,Hyderabad,Store,Credit Card,1,21924.14,0.1,21924.14,19731.73,1,-986.59,2025,5,May,Wednesday,21924.14,19731.726
2025-05-07,ORD009211,CUST01164,P013,Monitor,Electronics,Hyderabad,Online,Credit Card,1,17891.7,0.15,17891.7,15207.94,0,2672.99,2025,5,May,Wednesday,17891.7,15207.945
2025-05-07,ORD044548,CUST04535,P015,Dining Table,Furniture,Pune,Store,UPI,1,22897.23,0.15,22897.23,19462.65,0,1410.98,2025,5,May,Wednesday,22897.23,19462.6455
2025-05-08,ORD012651,CUST01203,P008,Running Shoes,Fashion,Mumbai,Online,Net Banking,1,3987.44,0.05,3987.44,3788.07,0,383.09,2025,5,May,Thursday,3987.44,3788.0679999999998
2025-05-08,ORD034141,CUST02213,P004,Smartwatch,Electronics,Mumbai,Online,Credit Card,1,6738.05,0.15,6738.05,5727.34,0,939.25,2025,5,May,Thursday,6738.05,5727.3425
2025-05-08,ORD042384,CUST04435,P013,Monitor,Electronics,Pune,Online,UPI,1,18753.62,0.0,18753.62,18753.62,0,1622.54,2025,5,May,Thursday,18753.62,18753.62
2025-05-08,ORD041125,CUST04943,P001,Laptop,Electronics,Hyderabad,Store,Debit Card,4,69723.9,0.0,278895.6,278895.6,0,50506.23,2025,5,May,Thursday,278895.6,278895.6
2025-05-08,ORD042922,CUST03227,P020,Microwave,Home,Mumbai,Online,Credit Card,2,10834.01,0.0,21668.02,21668.02,1,-1083.4,2025,5,May,Thursday,21668.02,21668.02
2025-05-08,ORD027748,CUST04272,P005,Office Chair,Furniture,Ahmedabad,Online,Credit Card,4,8958.36,0.1,35833.44,32250.1,0,8227.69,2025,5,May,Thursday,35833.44,32250.096
2025-05-08,ORD025511,CUST00329,P011,Mixer Grinder,Home,Jaipur,Store,Credit Card,1,4480.61,0.05,4480.61,4256.58,0,840.61,2025,5,May,Thursday,4480.61,4256.5795
2025-05-08,ORD023637,CUST03097,P008,Running Shoes,Fashion,Bengaluru,Store,Credit Card,1,4112.05,0.0,4112.05,4112.05,0,817.5,2025,5,May,Thursday,4112.05,4112.05
2025-05-08,ORD009397,CUST03471,P001,Laptop,Electronics,Mumbai,Store,Net Banking,1,66119.14,0.2,66119.14,52895.31,0,12215.26,2025,5,May,Thursday,66119.14,52895.312000000005
2025-05-08,ORD031537,CUST02982,P017,Jeans,Fashion,Delhi,Store,UPI,1,2558.94,0.15,2558.94,2175.1,0,566.23,2025,5,May,Thursday,2558.94,2175.099
2025-05-08,ORD012622,CUST01163,P015,Dining Table,Furniture,Delhi,Store,UPI,1,24145.74,0.0,24145.74,24145.74,0,4915.2,2025,5,May,Thursday,24145.74,24145.74
2025-05-08,ORD000249,CUST01725,P001,Laptop,Electronics,Chennai,Online,Credit Card,3,69985.04,0.0,209955.12,209955.12,0,40373.35,2025,5,May,Thursday,209955.12,209955.12
2025-05-08,ORD009508,CUST00992,P006,Desk,Furniture,Pune,Store,UPI,2,10945.07,0.1,21890.14,19701.13,0,1406.03,2025,5,May,Thursday,21890.14,19701.126
2025-05-08,ORD039745,CUST03418,P004,Smartwatch,Electronics,Mumbai,Online,UPI,1,7550.06,0.1,7550.06,6795.05,0,1711.01,2025,5,May,Thursday,7550.06,6795.054
2025-05-08,ORD001905,CUST03869,P005,Office Chair,Furniture,Bengaluru,Store,UPI,1,10412.88,0.25,10412.88,7809.66,1,-390.48,2025,5,May,Thursday,10412.88,7809.66
2025-05-08,ORD014097,CUST03507,P001,Laptop,Electronics,Mumbai,Store,Net Banking,1,70421.94,0.15,70421.94,59858.65,0,4381.72,2025,5,May,Thursday,70421.94,59858.649
2025-05-08,ORD016252,CUST04174,P012,Air Fryer,Home,Surat,Store,UPI,3,7342.57,0.15,22027.71,18723.55,0,2163.1,2025,5,May,Thursday,22027.71,18723.553499999998
2025-05-08,ORD015386,CUST01313,P002,Smartphone,Electronics,Mumbai,Online,Credit Card,1,29551.59,0.1,29551.59,26596.43,0,5279.7,2025,5,May,Thursday,29551.59,26596.431
2025-05-08,ORD036456,CUST04611,P005,Office Chair,Furniture,Mumbai,Online,UPI,3,8716.69,0.1,26150.07,23535.06,0,1546.16,2025,5,May,Thursday,26150.07,23535.063000000002
2025-05-08,ORD045199,CUST04568,P013,Monitor,Electronics,Chennai,Store,Credit Card,1,18176.54,0.2,18176.54,14541.23,0,2517.93,2025,5,May,Thursday,18176.54,14541.232000000002
2025-05-08,ORD032923,CUST01630,P014,Keyboard,Electronics,Chennai,Store,UPI,1,2268.71,0.1,2268.71,2041.84,0,319.22,2025,5,May,Thursday,2268.71,2041.8390000000002
2025-05-08,ORD001723,CUST03215,P016,Sofa,Furniture,Hyderabad,Store,UPI,1,36480.54,0.0,36480.54,36480.54,0,10633.55,2025,5,May,Thursday,36480.54,36480.54
2025-05-08,ORD002362,CUST01887,P017,Jeans,Fashion,Chennai,Store,Cash,1,2926.74,0.0,2926.74,2926.74,0,642.05,2025,5,May,Thursday,2926.74,2926.74
2025-05-08,ORD037345,CUST03204,P008,Running Shoes,Fashion,Ahmedabad,Store,UPI,4,4244.15,0.15,16976.6,14430.11,0,3267.39,2025,5,May,Thursday,16976.6,14430.109999999999
2025-05-08,ORD044540,CUST02867,P005,Office Chair,Furniture,Surat,Online,Cash,3,8614.16,0.05,25842.48,24550.36,0,2628.14,2025,5,May,Thursday,25842.48,24550.356
2025-05-08,ORD003345,CUST00759,P013,Monitor,Electronics,Pune,Store,UPI,1,16939.13,0.0,16939.13,16939.13,1,-846.96,2025,5,May,Thursday,16939.13,16939.13
2025-05-08,ORD026286,CUST04416,P009,T-Shirt,Fashion,Ahmedabad,Store,Credit Card,2,1167.46,0.1,2334.92,2101.43,0,382.13,2025,5,May,Thursday,2334.92,2101.4280000000003
2025-05-08,ORD007110,CUST02880,P009,T-Shirt,Fashion,Pune,Online,Net Banking,1,1246.77,0.05,1246.77,1184.43,0,200.3,2025,5,May,Thursday,1246.77,1184.4315
2025-05-08,ORD036173,CUST03753,P013,Monitor,Electronics,Mumbai,Store,Credit Card,1,17191.57,0.15,17191.57,14612.83,1,-730.64,2025,5,May,Thursday,17191.57,14612.834499999999
2025-05-08,ORD007975,CUST04428,P020,Microwave,Home,Ahmedabad,Online,UPI,1,11597.3,0.2,11597.3,9277.84,0,996.92,2025,5,May,Thursday,11597.3,9277.84
2025-05-08,ORD017856,CUST04268,P010,Coffee Maker,Home,Jaipur,Online,UPI,2,5465.69,0.15,10931.38,9291.67,0,1907.62,2025,5,May,Thursday,10931.38,9291.672999999999
2025-05-08,ORD005497,CUST00852,P010,Coffee Maker,Home,Delhi,Online,Debit Card,2,5591.51,0.05,11183.02,10623.87,0,1490.47,2025,5,May,Thursday,11183.02,10623.869
2025-05-08,ORD029764,CUST00769,P007,Backpack,Accessories,Kolkata,Online,Credit Card,1,2332.13,0.2,2332.13,1865.7,0,97.94,2025,5,May,Thursday,2332.13,1865.7040000000002
2025-05-08,ORD027332,CUST04808,P004,Smartwatch,Electronics,Surat,Store,UPI,1,7339.47,0.1,7339.47,6605.52,1,-330.28,2025,5,May,Thursday,7339.47,6605.523
2025-05-08,ORD000533,CUST01279,P002,Smartphone,Electronics,Mumbai,Store,UPI,1,27764.24,0.0,27764.24,27764.24,0,7517.26,2025,5,May,Thursday,27764.24,27764.24
2025-05-08,ORD026190,CUST02935,P020,Microwave,Home,Hyderabad,Online,UPI,3,10567.67,0.05,31703.01,30117.86,1,-1505.89,2025,5,May,Thursday,31703.010000000002,30117.8595
2025-05-08,ORD033250,CUST00161,P002,Smartphone,Electronics,Delhi,Online,Credit Card,3,30336.42,0.0,91009.26,91009.26,0,14877.4,2025,5,May,Thursday,91009.26,91009.26
2025-05-08,ORD023993,CUST04452,P009,T-Shirt,Fashion,Chennai,Store,Cash,1,1203.66,0.1,1203.66,1083.29,0,124.81,2025,5,May,Thursday,1203.66,1083.294
2025-05-08,ORD005662,CUST02662,P018,Jacket,Fashion,Delhi,Online,Credit Card,1,5216.96,0.05,5216.96,4956.11,0,543.47,2025,5,May,Thursday,5216.96,4956.112
2025-05-08,ORD023292,CUST03625,P014,Keyboard,Electronics,Delhi,Online,Credit Card,1,2385.88,0.0,2385.88,2385.88,0,472.48,2025,5,May,Thursday,2385.88,2385.88
2025-05-08,ORD010414,CUST02362,P016,Sofa,Furniture,Bengaluru,Store,Cash,1,37713.84,0.2,37713.84,30171.07,0,5177.39,2025,5,May,Thursday,37713.84,30171.072
2025-05-08,ORD003348,CUST03859,P017,Jeans,Fashion,Ahmedabad,Online,Net Banking,1,2665.55,0.1,2665.55,2399.0,0,242.35,2025,5,May,Thursday,2665.55,2398.9950000000003
2025-05-08,ORD032852,CUST00499,P010,Coffee Maker,Home,Surat,Store,Cash,1,5000.62,0.0,5000.62,5000.62,1,-250.03,2025,5,May,Thursday,5000.62,5000.62
2025-05-08,ORD041503,CUST02648,P015,Dining Table,Furniture,Pune,Store,Debit Card,1,22928.47,0.2,22928.47,18342.78,0,1912.65,2025,5,May,Thursday,22928.47,18342.776
2025-05-08,ORD008892,CUST00308,P001,Laptop,Electronics,Ahmedabad,Online,UPI,1,61357.73,0.1,61357.73,55221.96,0,3641.69,2025,5,May,Thursday,61357.73,55221.957
2025-05-08,ORD028717,CUST02460,P020,Microwave,Home,Ahmedabad,Online,Cash,5,11147.0,0.1,55735.0,50161.5,0,8159.49,2025,5,May,Thursday,55735.0,50161.5
2025-05-08,ORD047927,CUST00299,P020,Microwave,Home,Chennai,Online,Cash,2,10632.29,0.1,21264.58,19138.12,0,1660.28,2025,5,May,Thursday,21264.58,19138.122000000003
2025-05-08,ORD008399,CUST04450,P009,T-Shirt,Fashion,Surat,Online,UPI,1,1246.38,0.2,1246.38,997.1,0,84.29,2025,5,May,Thursday,1246.38,997.1040000000002
2025-05-08,ORD028759,CUST00648,P005,Office Chair,Furniture,Surat,Online,UPI,1,9532.53,0.25,9532.53,7149.4,0,1656.87,2025,5,May,Thursday,9532.53,7149.397500000001
2025-05-08,ORD012148,CUST02450,P017,Jeans,Fashion,Pune,Online,Credit Card,2,2673.3,0.2,5346.6,4277.28,0,271.11,2025,5,May,Thursday,5346.6,4277.280000000001
2025-05-08,ORD003355,CUST03508,P016,Sofa,Furniture,Mumbai,Store,UPI,3,36882.12,0.2,110646.36,88517.09,0,6968.56,2025,5,May,Thursday,110646.36000000002,88517.088
2025-05-08,ORD011153,CUST02855,P014,Keyboard,Electronics,Bengaluru,Store,UPI,3,2455.29,0.15,7365.87,6260.99,0,1553.78,2025,5,May,Thursday,7365.87,6260.9895
2025-05-08,ORD022883,CUST04585,P019,Vacuum Cleaner,Home,Jaipur,Online,Credit Card,1,9746.05,0.0,9746.05,9746.05,0,823.74,2025,5,May,Thursday,9746.05,9746.05
2025-05-08,ORD046033,CUST03821,P004,Smartwatch,Electronics,Chennai,Online,UPI,1,6450.52,0.15,6450.52,5482.94,0,668.58,2025,5,May,Thursday,6450.52,5482.942
2025-05-08,ORD002002,CUST03051,P020,Microwave,Home,Delhi,Store,Debit Card,1,11908.68,0.1,11908.68,10717.81,0,1358.02,2025,5,May,Thursday,11908.68,10717.812
2025-05-08,ORD014012,CUST03545,P014,Keyboard,Electronics,Pune,Online,UPI,1,2583.19,0.05,2583.19,2454.03,0,173.21,2025,5,May,Thursday,2583.19,2454.0305
2025-05-08,ORD048164,CUST01337,P002,Smartphone,Electronics,Mumbai,Store,Net Banking,1,26151.66,0.05,26151.66,24844.08,0,2572.19,2025,5,May,Thursday,26151.66,24844.076999999997
2025-05-08,ORD025875,CUST02616,P001,Laptop,Electronics,Pune,Store,Net Banking,1,68775.91,0.05,68775.91,65337.11,0,18513.9,2025,5,May,Thursday,68775.91,65337.1145
2025-05-08,ORD030420,CUST01478,P013,Monitor,Electronics,Hyderabad,Store,Net Banking,3,19713.73,0.1,59141.19,53227.07,0,10037.44,2025,5,May,Thursday,59141.19,53227.071
2025-05-08,ORD023065,CUST01476,P004,Smartwatch,Electronics,Jaipur,Online,Net Banking,1,7155.05,0.1,7155.05,6439.54,0,1285.49,2025,5,May,Thursday,7155.05,6439.545
2025-05-08,ORD010228,CUST03983,P006,Desk,Furniture,Bengaluru,Online,UPI,2,12987.09,0.1,25974.18,23376.76,0,6320.73,2025,5,May,Thursday,25974.18,23376.762000000002
2025-05-08,ORD038043,CUST00937,P004,Smartwatch,Electronics,Hyderabad,Online,UPI,2,7470.6,0.2,14941.2,11952.96,0,1172.89,2025,5,May,Thursday,14941.2,11952.960000000001
2025-05-08,ORD012037,CUST03584,P019,Vacuum Cleaner,Home,Chennai,Store,Debit Card,2,8376.29,0.1,16752.58,15077.32,0,983.45,2025,5,May,Thursday,16752.58,15077.322000000002
2025-05-08,ORD043950,CUST03146,P009,T-Shirt,Fashion,Chennai,Store,UPI,1,1260.64,0.15,1260.64,1071.54,0,211.56,2025,5,May,Thursday,1260.64,1071.544
2025-05-08,ORD035231,CUST01506,P012,Air Fryer,Home,Surat,Store,UPI,4,7839.38,0.0,31357.52,31357.52,0,5793.61,2025,5,May,Thursday,31357.52,31357.52
2025-05-09,ORD040585,CUST03653,P006,Desk,Furniture,Surat,Store,Debit Card,1,11182.05,0.1,11182.05,10063.84,0,1532.72,2025,5,May,Friday,11182.05,10063.845
2025-05-09,ORD017644,CUST03970,P001,Laptop,Electronics,Bengaluru,Online,Credit Card,1,66957.01,0.15,66957.01,56913.46,0,4529.66,2025,5,May,Friday,66957.01,56913.45849999999
2025-05-09,ORD044991,CUST02385,P020,Microwave,Home,Mumbai,Online,Credit Card,1,10404.83,0.2,10404.83,8323.86,0,1151.13,2025,5,May,Friday,10404.83,8323.864
2025-05-09,ORD036317,CUST01264,P009,T-Shirt,Fashion,Surat,Online,UPI,1,1253.73,0.1,1253.73,1128.36,0,85.1,2025,5,May,Friday,1253.73,1128.357
2025-05-09,ORD017401,CUST02286,P011,Mixer Grinder,Home,Kolkata,Online,Credit Card,1,4796.64,0.05,4796.64,4556.81,0,375.32,2025,5,May,Friday,4796.64,4556.808
2025-05-09,ORD035382,CUST03769,P002,Smartphone,Electronics,Kolkata,Online,UPI,1,26652.34,0.05,26652.34,25319.72,0,6300.08,2025,5,May,Friday,26652.34,25319.722999999998
2025-05-09,ORD025842,CUST04803,P015,Dining Table,Furniture,Bengaluru,Online,UPI,1,20578.63,0.2,20578.63,16462.9,0,1290.63,2025,5,May,Friday,20578.63,16462.904000000002
2025-05-09,ORD003747,CUST04085,P011,Mixer Grinder,Home,Delhi,Online,Credit Card,1,5040.12,0.1,5040.12,4536.11,0,1175.92,2025,5,May,Friday,5040.12,4536.108
2025-05-09,ORD045448,CUST04642,P014,Keyboard,Electronics,Kolkata,Store,Net Banking,3,2467.82,0.2,7403.46,5922.77,0,1316.91,2025,5,May,Friday,7403.460000000001,5922.768
2025-05-09,ORD014477,CUST00893,P016,Sofa,Furniture,Mumbai,Store,Cash,1,37993.97,0.05,37993.97,36094.27,0,5307.05,2025,5,May,Friday,37993.97,36094.2715
2025-05-09,ORD040964,CUST01554,P017,Jeans,Fashion,Pune,Store,UPI,3,2608.99,0.25,7826.97,5870.23,0,1018.17,2025,5,May,Friday,7826.969999999999,5870.2275
2025-05-09,ORD010153,CUST00731,P016,Sofa,Furniture,Jaipur,Online,UPI,1,35915.95,0.0,35915.95,35915.95,0,7142.61,2025,5,May,Friday,35915.95,35915.95
2025-05-09,ORD045663,CUST02018,P001,Laptop,Electronics,Delhi,Store,Debit Card,1,60818.55,0.1,60818.55,54736.7,0,15313.4,2025,5,May,Friday,60818.55,54736.69500000001
2025-05-09,ORD029830,CUST04550,P003,Headphones,Electronics,Mumbai,Online,UPI,2,4119.04,0.25,8238.08,6178.56,0,1472.32,2025,5,May,Friday,8238.08,6178.5599999999995
2025-05-09,ORD045181,CUST04851,P006,Desk,Furniture,Pune,Store,Net Banking,1,11889.48,0.1,11889.48,10700.53,0,1838.77,2025,5,May,Friday,11889.48,10700.532
2025-05-09,ORD009414,CUST01713,P010,Coffee Maker,Home,Jaipur,Online,UPI,1,5535.93,0.2,5535.93,4428.74,0,975.57,2025,5,May,Friday,5535.93,4428.744000000001
2025-05-09,ORD048080,CUST04632,P016,Sofa,Furniture,Pune,Online,UPI,5,34106.26,0.05,170531.3,162004.74,0,12819.69,2025,5,May,Friday,170531.30000000002,162004.735
2025-05-09,ORD022761,CUST02493,P007,Backpack,Accessories,Ahmedabad,Online,UPI,2,1996.69,0.15,3993.38,3394.37,0,808.25,2025,5,May,Friday,3993.38,3394.373
2025-05-09,ORD035873,CUST00519,P003,Headphones,Electronics,Delhi,Store,Credit Card,2,4820.23,0.15,9640.46,8194.39,0,2036.48,2025,5,May,Friday,9640.46,8194.391
2025-05-09,ORD045035,CUST04343,P008,Running Shoes,Fashion,Mumbai,Online,Debit Card,1,4619.01,0.15,4619.01,3926.16,1,-196.31,2025,5,May,Friday,4619.01,3926.1585
2025-05-09,ORD003740,CUST02477,P012,Air Fryer,Home,Ahmedabad,Online,Credit Card,1,6530.19,0.1,6530.19,5877.17,0,1467.37,2025,5,May,Friday,6530.19,5877.170999999999
2025-05-09,ORD009592,CUST00626,P002,Smartphone,Electronics,Delhi,Online,UPI,1,28375.83,0.1,28375.83,25538.25,0,6808.42,2025,5,May,Friday,28375.83,25538.247000000003
2025-05-09,ORD034060,CUST01431,P001,Laptop,Electronics,Chennai,Online,Cash,3,66953.79,0.1,200861.37,180775.23,0,17793.15,2025,5,May,Friday,200861.37,180775.233
2025-05-09,ORD029105,CUST01049,P016,Sofa,Furniture,Pune,Online,Debit Card,2,38031.42,0.05,76062.84,72259.7,0,15792.04,2025,5,May,Friday,76062.84,72259.69799999999
2025-05-09,ORD041805,CUST01510,P001,Laptop,Electronics,Delhi,Online,Credit Card,1,63653.75,0.15,63653.75,54105.69,0,8588.3,2025,5,May,Friday,63653.75,54105.6875
2025-05-09,ORD020690,CUST02626,P011,Mixer Grinder,Home,Ahmedabad,Online,Cash,4,5187.76,0.2,20751.04,16600.83,0,3264.13,2025,5,May,Friday,20751.04,16600.832000000002
2025-05-09,ORD038186,CUST04479,P004,Smartwatch,Electronics,Delhi,Online,Debit Card,1,7299.72,0.15,7299.72,6204.76,0,1648.21,2025,5,May,Friday,7299.72,6204.762
2025-05-09,ORD009151,CUST03287,P020,Microwave,Home,Pune,Online,Credit Card,1,10407.57,0.1,10407.57,9366.81,0,833.71,2025,5,May,Friday,10407.57,9366.813
2025-05-09,ORD019653,CUST01682,P011,Mixer Grinder,Home,Surat,Online,Credit Card,1,4545.74,0.1,4545.74,4091.17,0,262.27,2025,5,May,Friday,4545.74,4091.1659999999997
2025-05-09,ORD000751,CUST03497,P019,Vacuum Cleaner,Home,Chennai,Online,UPI,1,9727.26,0.1,9727.26,8754.53,0,1816.18,2025,5,May,Friday,9727.26,8754.534
2025-05-09,ORD003601,CUST00154,P005,Office Chair,Furniture,Kolkata,Online,Credit Card,2,8659.85,0.1,17319.7,15587.73,0,4333.21,2025,5,May,Friday,17319.7,15587.730000000001
2025-05-09,ORD021192,CUST02058,P016,Sofa,Furniture,Ahmedabad,Store,Debit Card,1,36661.84,0.05,36661.84,34828.75,0,7112.06,2025,5,May,Friday,36661.84,34828.74799999999
2025-05-09,ORD012370,CUST01052,P001,Laptop,Electronics,Kolkata,Online,Credit Card,1,68848.29,0.1,68848.29,61963.46,0,9141.16,2025,5,May,Friday,68848.29,61963.460999999996
2025-05-09,ORD038716,CUST04342,P020,Microwave,Home,Bengaluru,Online,UPI,1,10542.28,0.2,10542.28,8433.82,0,512.57,2025,5,May,Friday,10542.28,8433.824
2025-05-09,ORD019691,CUST00496,P010,Coffee Maker,Home,Bengaluru,Store,Net Banking,1,6002.83,0.1,6002.83,5402.55,0,1505.01,2025,5,May,Friday,6002.83,5402.5470000000005
2025-05-09,ORD028700,CUST02102,P002,Smartphone,Electronics,Ahmedabad,Store,Credit Card,1,26070.36,0.0,26070.36,26070.36,0,4509.98,2025,5,May,Friday,26070.36,26070.36
2025-05-09,ORD021094,CUST01067,P015,Dining Table,Furniture,Delhi,Store,UPI,1,23015.31,0.05,23015.31,21864.54,0,1649.78,2025,5,May,Friday,23015.31,21864.5445
2025-05-09,ORD030525,CUST01871,P012,Air Fryer,Home,Jaipur,Online,Credit Card,1,7432.14,0.05,7432.14,7060.53,0,648.04,2025,5,May,Friday,7432.14,7060.533
2025-05-09,ORD039357,CUST01927,P019,Vacuum Cleaner,Home,Ahmedabad,Online,UPI,1,8103.77,0.05,8103.77,7698.58,0,1325.08,2025,5,May,Friday,8103.77,7698.5815
2025-05-09,ORD026677,CUST01340,P007,Backpack,Accessories,Chennai,Store,Debit Card,1,1981.5,0.25,1981.5,1486.12,1,-74.31,2025,5,May,Friday,1981.5,1486.125
2025-05-09,ORD034058,CUST02629,P011,Mixer Grinder,Home,Mumbai,Store,Credit Card,1,5000.41,0.0,5000.41,5000.41,0,1309.86,2025,5,May,Friday,5000.41,5000.41
2025-05-09,ORD013509,CUST02218,P015,Dining Table,Furniture,Hyderabad,Online,Credit Card,3,21234.44,0.0,63703.32,63703.32,0,6974.08,2025,5,May,Friday,63703.31999999999,63703.32
2025-05-09,ORD009205,CUST00259,P014,Keyboard,Electronics,Pune,Online,UPI,3,2709.34,0.0,8128.02,8128.02,0,2099.22,2025,5,May,Friday,8128.02,8128.02
2025-05-09,ORD005675,CUST04520,P002,Smartphone,Electronics,Jaipur,Store,Credit Card,1,26181.84,0.1,26181.84,23563.66,0,5473.65,2025,5,May,Friday,26181.84,23563.656
2025-05-09,ORD013630,CUST01735,P003,Headphones,Electronics,Jaipur,Online,UPI,1,4600.36,0.0,4600.36,4600.36,0,1308.65,2025,5,May,Friday,4600.36,4600.36
2025-05-09,ORD042078,CUST01479,P008,Running Shoes,Fashion,Kolkata,Store,UPI,1,3863.68,0.1,3863.68,3477.31,1,-173.87,2025,5,May,Friday,3863.68,3477.312
2025-05-09,ORD036639,CUST00862,P012,Air Fryer,Home,Pune,Online,UPI,1,7493.73,0.1,7493.73,6744.36,0,1598.74,2025,5,May,Friday,7493.73,6744.357
2025-05-09,ORD044738,CUST04338,P019,Vacuum Cleaner,Home,Pune,Online,UPI,1,9048.96,0.1,9048.96,8144.06,0,2018.01,2025,5,May,Friday,9048.96,8144.063999999999
2025-05-09,ORD020420,CUST01997,P007,Backpack,Accessories,Mumbai,Store,UPI,1,2327.33,0.15,2327.33,1978.23,0,251.77,2025,5,May,Friday,2327.33,1978.2305
2025-05-09,ORD039253,CUST00002,P016,Sofa,Furniture,Chennai,Online,Credit Card,3,31716.16,0.25,95148.48,71361.36,1,-3568.07,2025,5,May,Friday,95148.48,71361.36
2025-05-09,ORD020603,CUST03746,P012,Air Fryer,Home,Hyderabad,Online,Credit Card,2,7358.66,0.1,14717.32,13245.59,0,1042.77,2025,5,May,Friday,14717.32,13245.588
2025-05-09,ORD049941,CUST01512,P008,Running Shoes,Fashion,Hyderabad,Store,UPI,1,4036.43,0.1,4036.43,3632.79,0,644.12,2025,5,May,Friday,4036.43,3632.787
2025-05-09,ORD018752,CUST00746,P005,Office Chair,Furniture,Chennai,Online,Credit Card,1,8980.71,0.1,8980.71,8082.64,0,1624.17,2025,5,May,Friday,8980.71,8082.638999999999
2025-05-09,ORD043023,CUST00641,P012,Air Fryer,Home,Chennai,Online,UPI,1,7907.3,0.0,7907.3,7907.3,0,1835.28,2025,5,May,Friday,7907.3,7907.3
2025-05-09,ORD017175,CUST00640,P002,Smartphone,Electronics,Jaipur,Store,UPI,1,27610.71,0.05,27610.71,26230.17,0,2846.32,2025,5,May,Friday,27610.71,26230.174499999997
2025-05-09,ORD026335,CUST00004,P006,Desk,Furniture,Mumbai,Store,Net Banking,1,12226.26,0.1,12226.26,11003.63,0,2734.27,2025,5,May,Friday,12226.26,11003.634
2025-05-09,ORD041524,CUST01927,P014,Keyboard,Electronics,Bengaluru,Store,Credit Card,1,2254.59,0.0,2254.59,2254.59,0,316.87,2025,5,May,Friday,2254.59,2254.59
2025-05-09,ORD003586,CUST03556,P007,Backpack,Accessories,Mumbai,Online,Debit Card,1,2074.62,0.0,2074.62,2074.62,0,315.99,2025,5,May,Friday,2074.62,2074.62
2025-05-09,ORD017981,CUST03230,P004,Smartwatch,Electronics,Chennai,Online,UPI,1,7179.47,0.05,7179.47,6820.5,0,1531.04,2025,5,May,Friday,7179.47,6820.4965
2025-05-09,ORD002288,CUST02457,P019,Vacuum Cleaner,Home,Bengaluru,Online,Debit Card,2,9782.22,0.1,19564.44,17608.0,0,3869.47,2025,5,May,Friday,19564.44,17607.996
2025-05-09,ORD038101,CUST00479,P020,Microwave,Home,Chennai,Online,UPI,1,11766.87,0.1,11766.87,10590.18,0,2298.01,2025,5,May,Friday,11766.87,10590.183
2025-05-09,ORD022221,CUST01686,P003,Headphones,Electronics,Jaipur,Online,Credit Card,1,4873.1,0.2,4873.1,3898.48,0,814.91,2025,5,May,Friday,4873.1,3898.4800000000005
2025-05-09,ORD033870,CUST04629,P013,Monitor,Electronics,Ahmedabad,Store,UPI,1,17708.64,0.1,17708.64,15937.78,0,2795.14,2025,5,May,Friday,17708.64,15937.776
2025-05-09,ORD007301,CUST02750,P002,Smartphone,Electronics,Ahmedabad,Online,UPI,1,29088.53,0.05,29088.53,27634.1,0,4171.46,2025,5,May,Friday,29088.53,27634.103499999997
2025-05-09,ORD010671,CUST03867,P011,Mixer Grinder,Home,Kolkata,Store,UPI,2,5258.07,0.05,10516.14,9990.33,0,721.64,2025,5,May,Friday,10516.14,9990.332999999999
2025-05-09,ORD032815,CUST04985,P002,Smartphone,Electronics,Hyderabad,Store,Cash,1,26653.24,0.15,26653.24,22655.25,0,4524.23,2025,5,May,Friday,26653.24,22655.254
2025-05-09,ORD047535,CUST00640,P013,Monitor,Electronics,Kolkata,Online,Debit Card,1,16726.64,0.0,16726.64,16726.64,0,2802.79,2025,5,May,Friday,16726.64,16726.64
2025-05-09,ORD031866,CUST01527,P004,Smartwatch,Electronics,Mumbai,Store,UPI,2,6873.29,0.1,13746.58,12371.92,0,2715.76,2025,5,May,Friday,13746.58,12371.922
2025-05-09,ORD030913,CUST00606,P015,Dining Table,Furniture,Mumbai,Online,Net Banking,5,20654.26,0.1,103271.3,92944.17,0,21728.94,2025,5,May,Friday,103271.29999999999,92944.17
2025-05-09,ORD031676,CUST00983,P016,Sofa,Furniture,Delhi,Online,Cash,2,38113.62,0.05,76227.24,72415.88,1,-3620.79,2025,5,May,Friday,76227.24,72415.878
2025-05-09,ORD007798,CUST02787,P013,Monitor,Electronics,Ahmedabad,Store,Cash,2,17451.05,0.15,34902.1,29666.78,0,4390.85,2025,5,May,Friday,34902.1,29666.784999999996
2025-05-09,ORD008127,CUST00563,P016,Sofa,Furniture,Pune,Online,UPI,2,34452.88,0.05,68905.76,65460.47,0,8260.87,2025,5,May,Friday,68905.76,65460.471999999994
2025-05-09,ORD016281,CUST03311,P009,T-Shirt,Fashion,Ahmedabad,Online,Credit Card,1,1154.93,0.2,1154.93,923.94,0,122.86,2025,5,May,Friday,1154.93,923.9440000000001
2025-05-10,ORD006015,CUST01021,P014,Keyboard,Electronics,Chennai,Online,UPI,1,2306.3,0.2,2306.3,1845.04,0,444.79,2025,5,May,Saturday,2306.3,1845.0400000000002
2025-05-10,ORD024999,CUST02501,P017,Jeans,Fashion,Kolkata,Online,UPI,5,3027.03,0.15,15135.15,12864.88,0,687.79,2025,5,May,Saturday,15135.150000000001,12864.877499999999
2025-05-10,ORD028499,CUST04602,P015,Dining Table,Furniture,Pune,Online,Debit Card,4,23889.19,0.0,95556.76,95556.76,0,19456.61,2025,5,May,Saturday,95556.76,95556.76
2025-05-10,ORD036460,CUST01922,P001,Laptop,Electronics,Mumbai,Online,UPI,1,67446.71,0.1,67446.71,60702.04,0,14315.98,2025,5,May,Saturday,67446.71,60702.039000000004
2025-05-10,ORD024439,CUST03566,P018,Jacket,Fashion,Bengaluru,Online,Net Banking,2,4843.04,0.1,9686.08,8717.47,0,1858.83,2025,5,May,Saturday,9686.08,8717.472
2025-05-10,ORD026821,CUST04446,P002,Smartphone,Electronics,Surat,Store,UPI,1,29874.92,0.15,29874.92,25393.68,0,3440.98,2025,5,May,Saturday,29874.92,25393.681999999997
2025-05-10,ORD006746,CUST03414,P005,Office Chair,Furniture,Pune,Online,Cash,1,9496.72,0.15,9496.72,8072.21,0,651.93,2025,5,May,Saturday,9496.72,8072.2119999999995
2025-05-10,ORD023308,CUST00793,P005,Office Chair,Furniture,Mumbai,Store,Credit Card,2,9719.31,0.25,19438.62,14578.96,0,2991.93,2025,5,May,Saturday,19438.62,14578.965
2025-05-10,ORD013928,CUST04643,P005,Office Chair,Furniture,Hyderabad,Online,UPI,1,9445.95,0.15,9445.95,8029.06,1,-401.45,2025,5,May,Saturday,9445.95,8029.057500000001
2025-05-10,ORD012120,CUST00719,P003,Headphones,Electronics,Jaipur,Store,UPI,1,4558.8,0.1,4558.8,4102.92,1,-205.15,2025,5,May,Saturday,4558.8,4102.92
2025-05-10,ORD032396,CUST00542,P017,Jeans,Fashion,Pune,Online,Cash,1,2922.46,0.1,2922.46,2630.21,0,483.7,2025,5,May,Saturday,2922.46,2630.214
2025-05-10,ORD024966,CUST00748,P008,Running Shoes,Fashion,Hyderabad,Online,UPI,1,3817.54,0.0,3817.54,3817.54,0,530.21,2025,5,May,Saturday,3817.54,3817.54
2025-05-10,ORD032388,CUST04748,P009,T-Shirt,Fashion,Pune,Online,Cash,1,1234.42,0.0,1234.42,1234.42,0,103.92,2025,5,May,Saturday,1234.42,1234.42
2025-05-10,ORD036856,CUST01293,P004,Smartwatch,Electronics,Delhi,Online,Credit Card,4,7357.25,0.0,29429.0,29429.0,1,-1471.45,2025,5,May,Saturday,29429.0,29429.0
2025-05-10,ORD026294,CUST02293,P017,Jeans,Fashion,Surat,Online,Debit Card,2,2756.24,0.05,5512.48,5236.86,0,1055.55,2025,5,May,Saturday,5512.48,5236.856
2025-05-10,ORD036211,CUST02218,P010,Coffee Maker,Home,Hyderabad,Online,UPI,4,5528.68,0.0,22114.72,22114.72,0,6334.34,2025,5,May,Saturday,22114.72,22114.72
2025-05-10,ORD006752,CUST02082,P008,Running Shoes,Fashion,Hyderabad,Online,Credit Card,4,4536.82,0.15,18147.28,15425.19,0,3705.36,2025,5,May,Saturday,18147.28,15425.187999999998
2025-05-10,ORD006280,CUST04419,P010,Coffee Maker,Home,Pune,Online,UPI,2,5102.86,0.1,10205.72,9185.15,0,805.91,2025,5,May,Saturday,10205.72,9185.148
2025-05-10,ORD026163,CUST01635,P008,Running Shoes,Fashion,Surat,Online,UPI,1,4300.99,0.15,4300.99,3655.84,0,301.17,2025,5,May,Saturday,4300.99,3655.8414999999995
2025-05-10,ORD038380,CUST00537,P007,Backpack,Accessories,Pune,Store,Credit Card,1,2234.38,0.05,2234.38,2122.66,0,367.09,2025,5,May,Saturday,2234.38,2122.661
2025-05-10,ORD007987,CUST04661,P013,Monitor,Electronics,Surat,Online,Debit Card,2,18812.88,0.25,37625.76,28219.32,0,4530.69,2025,5,May,Saturday,37625.76,28219.32
2025-05-10,ORD048709,CUST01834,P011,Mixer Grinder,Home,Bengaluru,Store,UPI,1,5101.76,0.05,5101.76,4846.67,0,937.16,2025,5,May,Saturday,5101.76,4846.672
2025-05-10,ORD018463,CUST01243,P020,Microwave,Home,Mumbai,Online,Cash,2,11825.55,0.0,23651.1,23651.1,0,3537.15,2025,5,May,Saturday,23651.1,23651.1
2025-05-10,ORD040654,CUST02110,P010,Coffee Maker,Home,Kolkata,Online,Credit Card,2,5874.88,0.2,11749.76,9399.81,0,1828.17,2025,5,May,Saturday,11749.76,9399.808
2025-05-10,ORD031046,CUST00971,P015,Dining Table,Furniture,Ahmedabad,Store,Credit Card,1,20630.06,0.2,20630.06,16504.05,0,2519.75,2025,5,May,Saturday,20630.06,16504.048000000003
2025-05-10,ORD022814,CUST02464,P012,Air Fryer,Home,Jaipur,Online,Debit Card,5,7915.77,0.1,39578.85,35620.97,0,8406.96,2025,5,May,Saturday,39578.850000000006,35620.965
2025-05-10,ORD030176,CUST01669,P008,Running Shoes,Fashion,Surat,Store,UPI,1,4370.59,0.25,4370.59,3277.94,0,715.41,2025,5,May,Saturday,4370.59,3277.9425
2025-05-10,ORD035144,CUST00739,P004,Smartwatch,Electronics,Delhi,Online,Net Banking,3,7245.19,0.0,21735.57,21735.57,0,5237.06,2025,5,May,Saturday,21735.57,21735.57
2025-05-10,ORD034073,CUST04796,P011,Mixer Grinder,Home,Kolkata,Store,Credit Card,1,4653.09,0.2,4653.09,3722.47,0,235.76,2025,5,May,Saturday,4653.09,3722.472
2025-05-10,ORD033432,CUST03946,P015,Dining Table,Furniture,Pune,Online,Debit Card,1,24021.29,0.05,24021.29,22820.23,0,4548.35,2025,5,May,Saturday,24021.29,22820.2255
2025-05-10,ORD043495,CUST01390,P019,Vacuum Cleaner,Home,Pune,Store,Credit Card,5,9135.03,0.15,45675.15,38823.88,0,7805.7,2025,5,May,Saturday,45675.15,38823.8775
2025-05-10,ORD019065,CUST03311,P008,Running Shoes,Fashion,Delhi,Online,UPI,1,3794.12,0.1,3794.12,3414.71,0,806.49,2025,5,May,Saturday,3794.12,3414.708
2025-05-10,ORD016668,CUST02203,P007,Backpack,Accessories,Bengaluru,Online,Debit Card,1,2236.7,0.15,2236.7,1901.19,0,401.96,2025,5,May,Saturday,2236.7,1901.1949999999997
2025-05-10,ORD032020,CUST01883,P019,Vacuum Cleaner,Home,Bengaluru,Store,Credit Card,2,8211.42,0.1,16422.84,14780.56,0,3994.28,2025,5,May,Saturday,16422.84,14780.556
2025-05-10,ORD021460,CUST01122,P008,Running Shoes,Fashion,Surat,Store,Debit Card,1,4160.63,0.0,4160.63,4160.63,0,574.21,2025,5,May,Saturday,4160.63,4160.63
2025-05-10,ORD007191,CUST03664,P013,Monitor,Electronics,Ahmedabad,Store,UPI,4,17302.99,0.1,69211.96,62290.76,0,17398.72,2025,5,May,Saturday,69211.96,62290.76400000001
2025-05-10,ORD035741,CUST03756,P001,Laptop,Electronics,Hyderabad,Online,Credit Card,1,70507.6,0.1,70507.6,63456.84,1,-3172.84,2025,5,May,Saturday,70507.6,63456.840000000004
2025-05-10,ORD041419,CUST01478,P020,Microwave,Home,Bengaluru,Store,Credit Card,1,10816.6,0.0,10816.6,10816.6,0,1555.51,2025,5,May,Saturday,10816.6,10816.6
2025-05-10,ORD047163,CUST04500,P014,Keyboard,Electronics,Chennai,Online,Credit Card,2,2276.17,0.15,4552.34,3869.49,0,816.34,2025,5,May,Saturday,4552.34,3869.489
2025-05-10,ORD010148,CUST01507,P003,Headphones,Electronics,Surat,Store,UPI,1,4805.0,0.1,4805.0,4324.5,0,321.57,2025,5,May,Saturday,4805.0,4324.5
2025-05-10,ORD046513,CUST02467,P006,Desk,Furniture,Pune,Store,Net Banking,3,13072.06,0.15,39216.18,33333.75,0,4326.14,2025,5,May,Saturday,39216.18,33333.753
2025-05-10,ORD005139,CUST01560,P010,Coffee Maker,Home,Chennai,Store,UPI,2,5402.11,0.1,10804.22,9723.8,0,2053.35,2025,5,May,Saturday,10804.22,9723.797999999999
2025-05-10,ORD006946,CUST04191,P002,Smartphone,Electronics,Mumbai,Store,UPI,1,25461.46,0.0,25461.46,25461.46,0,4337.13,2025,5,May,Saturday,25461.46,25461.46
2025-05-10,ORD047180,CUST01143,P016,Sofa,Furniture,Ahmedabad,Online,UPI,1,36869.67,0.0,36869.67,36869.67,0,5705.91,2025,5,May,Saturday,36869.67,36869.67
2025-05-10,ORD025230,CUST04251,P020,Microwave,Home,Mumbai,Online,UPI,2,11895.99,0.1,23791.98,21412.78,0,1574.87,2025,5,May,Saturday,23791.98,21412.782
2025-05-10,ORD024390,CUST04088,P007,Backpack,Accessories,Kolkata,Store,Debit Card,2,2011.91,0.05,4023.82,3822.63,0,1032.29,2025,5,May,Saturday,4023.82,3822.629
2025-05-10,ORD001277,CUST04316,P003,Headphones,Electronics,Delhi,Store,Debit Card,5,4901.0,0.2,24505.0,19604.0,0,4528.38,2025,5,May,Saturday,24505.0,19604.0
2025-05-10,ORD011919,CUST02213,P016,Sofa,Furniture,Hyderabad,Online,Credit Card,1,35624.42,0.1,35624.42,32061.98,0,8465.87,2025,5,May,Saturday,35624.42,32061.978
2025-05-10,ORD015052,CUST04851,P016,Sofa,Furniture,Bengaluru,Store,UPI,1,35374.15,0.05,35374.15,33605.44,0,6265.77,2025,5,May,Saturday,35374.15,33605.4425
2025-05-10,ORD034707,CUST00257,P005,Office Chair,Furniture,Kolkata,Store,UPI,1,10221.42,0.0,10221.42,10221.42,0,992.49,2025,5,May,Saturday,10221.42,10221.42
2025-05-10,ORD007281,CUST04708,P009,T-Shirt,Fashion,Hyderabad,Online,UPI,2,1231.49,0.05,2462.98,2339.83,0,420.05,2025,5,May,Saturday,2462.98,2339.831
2025-05-10,ORD031585,CUST03847,P013,Monitor,Electronics,Surat,Online,Credit Card,3,17745.98,0.0,53237.94,53237.94,0,7678.03,2025,5,May,Saturday,53237.94,53237.94
2025-05-10,ORD017105,CUST04648,P005,Office Chair,Furniture,Delhi,Online,UPI,2,9996.54,0.1,19993.08,17993.77,0,3818.89,2025,5,May,Saturday,19993.08,17993.772
2025-05-10,ORD038761,CUST04232,P010,Coffee Maker,Home,Kolkata,Online,UPI,1,5088.68,0.1,5088.68,4579.81,0,646.4,2025,5,May,Saturday,5088.68,4579.812000000001
2025-05-10,ORD049190,CUST02299,P009,T-Shirt,Fashion,Surat,Online,Net Banking,2,1202.95,0.1,2405.9,2165.31,0,571.59,2025,5,May,Saturday,2405.9,2165.31
2025-05-10,ORD045850,CUST01457,P008,Running Shoes,Fashion,Ahmedabad,Online,UPI,1,4255.54,0.15,4255.54,3617.21,1,-180.86,2025,5,May,Saturday,4255.54,3617.209
2025-05-10,ORD008227,CUST00102,P003,Headphones,Electronics,Delhi,Online,Credit Card,1,4082.03,0.25,4082.03,3061.52,0,573.35,2025,5,May,Saturday,4082.03,3061.5225
2025-05-10,ORD018092,CUST04462,P003,Headphones,Electronics,Chennai,Online,Cash,1,4461.25,0.1,4461.25,4015.12,0,260.18,2025,5,May,Saturday,4461.25,4015.125
2025-05-10,ORD026424,CUST02843,P017,Jeans,Fashion,Chennai,Store,UPI,1,2807.44,0.2,2807.44,2245.95,0,129.93,2025,5,May,Saturday,2807.44,2245.952
2025-05-11,ORD003330,CUST00414,P011,Mixer Grinder,Home,Jaipur,Online,Credit Card,1,4726.28,0.05,4726.28,4489.97,0,357.01,2025,5,May,Sunday,4726.28,4489.965999999999
2025-05-11,ORD015394,CUST02603,P019,Vacuum Cleaner,Home,Surat,Online,Net Banking,2,9402.66,0.0,18805.32,18805.32,0,2845.42,2025,5,May,Sunday,18805.32,18805.32
2025-05-11,ORD038300,CUST02753,P010,Coffee Maker,Home,Chennai,Online,Credit Card,1,5088.89,0.1,5088.89,4580.0,0,936.09,2025,5,May,Sunday,5088.89,4580.001
2025-05-11,ORD033305,CUST00699,P010,Coffee Maker,Home,Mumbai,Store,Debit Card,3,5571.09,0.15,16713.27,14206.28,0,1759.02,2025,5,May,Sunday,16713.27,14206.2795
2025-05-11,ORD016754,CUST03992,P003,Headphones,Electronics,Bengaluru,Online,Credit Card,1,4592.79,0.0,4592.79,4592.79,0,871.62,2025,5,May,Sunday,4592.79,4592.79
2025-05-11,ORD044140,CUST02953,P015,Dining Table,Furniture,Chennai,Online,Net Banking,3,21945.82,0.15,65837.46,55961.84,0,9516.24,2025,5,May,Sunday,65837.45999999999,55961.841
2025-05-11,ORD047210,CUST01914,P011,Mixer Grinder,Home,Mumbai,Online,UPI,1,4941.47,0.1,4941.47,4447.32,0,371.05,2025,5,May,Sunday,4941.47,4447.323
2025-05-11,ORD018046,CUST04401,P004,Smartwatch,Electronics,Kolkata,Online,Debit Card,1,7669.98,0.0,7669.98,7669.98,0,927.57,2025,5,May,Sunday,7669.98,7669.98
2025-05-11,ORD014005,CUST00135,P014,Keyboard,Electronics,Jaipur,Online,Credit Card,1,2358.04,0.15,2358.04,2004.33,0,361.48,2025,5,May,Sunday,2358.04,2004.3339999999998
2025-05-11,ORD042479,CUST00277,P007,Backpack,Accessories,Jaipur,Online,Cash,2,2167.25,0.1,4334.5,3901.05,0,1027.73,2025,5,May,Sunday,4334.5,3901.05
2025-05-11,ORD033723,CUST01008,P020,Microwave,Home,Pune,Store,UPI,1,10224.18,0.15,10224.18,8690.55,0,1211.04,2025,5,May,Sunday,10224.18,8690.553
2025-05-11,ORD040607,CUST04465,P007,Backpack,Accessories,Chennai,Online,Cash,1,2299.79,0.0,2299.79,2299.79,0,683.15,2025,5,May,Sunday,2299.79,2299.79
2025-05-11,ORD048374,CUST04519,P007,Backpack,Accessories,Jaipur,Store,Credit Card,4,2207.9,0.05,8831.6,8390.02,0,2308.46,2025,5,May,Sunday,8831.6,8390.02
2025-05-11,ORD028206,CUST01376,P009,T-Shirt,Fashion,Mumbai,Store,UPI,2,1260.45,0.1,2520.9,2268.81,0,520.52,2025,5,May,Sunday,2520.9,2268.81
2025-05-11,ORD028860,CUST03322,P001,Laptop,Electronics,Jaipur,Online,UPI,2,62720.0,0.15,125440.0,106624.0,0,16603.64,2025,5,May,Sunday,125440.0,106624.0
2025-05-11,ORD015773,CUST00334,P009,T-Shirt,Fashion,Bengaluru,Online,UPI,1,1230.9,0.1,1230.9,1107.81,1,-55.39,2025,5,May,Sunday,1230.9,1107.8100000000002
2025-05-11,ORD002727,CUST02430,P017,Jeans,Fashion,Kolkata,Store,UPI,1,2919.17,0.05,2919.17,2773.21,0,362.75,2025,5,May,Sunday,2919.17,2773.2115
2025-05-11,ORD038960,CUST01994,P004,Smartwatch,Electronics,Kolkata,Store,Credit Card,2,7244.02,0.1,14488.04,13039.24,0,3507.44,2025,5,May,Sunday,14488.04,13039.236
2025-05-11,ORD007621,CUST02998,P009,T-Shirt,Fashion,Delhi,Store,Credit Card,1,1154.07,0.05,1154.07,1096.37,0,212.41,2025,5,May,Sunday,1154.07,1096.3664999999999
2025-05-11,ORD015380,CUST01992,P002,Smartphone,Electronics,Ahmedabad,Online,UPI,2,25847.72,0.1,51695.44,46525.9,1,-2326.3,2025,5,May,Sunday,51695.44,46525.896
2025-05-11,ORD048635,CUST01379,P013,Monitor,Electronics,Delhi,Store,Net Banking,1,16685.63,0.15,16685.63,14182.79,0,2584.75,2025,5,May,Sunday,16685.63,14182.7855
2025-05-11,ORD026268,CUST01787,P003,Headphones,Electronics,Delhi,Store,Debit Card,1,4881.62,0.05,4881.62,4637.54,0,1256.7,2025,5,May,Sunday,4881.62,4637.539
2025-05-11,ORD043201,CUST02399,P006,Desk,Furniture,Pune,Online,Credit Card,2,12742.38,0.1,25484.76,22936.28,0,3426.1,2025,5,May,Sunday,25484.76,22936.284
2025-05-11,ORD020301,CUST03218,P012,Air Fryer,Home,Delhi,Store,UPI,1,7321.56,0.1,7321.56,6589.4,0,1460.41,2025,5,May,Sunday,7321.56,6589.404
2025-05-11,ORD010162,CUST01900,P013,Monitor,Electronics,Bengaluru,Online,UPI,4,17297.04,0.0,69188.16,69188.16,0,17447.28,2025,5,May,Sunday,69188.16,69188.16
2025-05-11,ORD037971,CUST03721,P007,Backpack,Accessories,Jaipur,Online,Debit Card,3,1984.55,0.05,5953.65,5655.97,0,1351.85,2025,5,May,Sunday,5953.65,5655.9675
2025-05-11,ORD000184,CUST04876,P019,Vacuum Cleaner,Home,Jaipur,Online,Credit Card,3,8614.63,0.1,25843.89,23259.5,0,5803.28,2025,5,May,Sunday,25843.89,23259.501
2025-05-11,ORD037990,CUST03014,P018,Jacket,Fashion,Jaipur,Online,Credit Card,1,4746.54,0.15,4746.54,4034.56,0,277.52,2025,5,May,Sunday,4746.54,4034.5589999999997
2025-05-11,ORD029292,CUST01907,P014,Keyboard,Electronics,Delhi,Online,Cash,1,2555.65,0.0,2555.65,2555.65,0,396.47,2025,5,May,Sunday,2555.65,2555.65
2025-05-11,ORD045867,CUST01047,P020,Microwave,Home,Jaipur,Store,UPI,2,11837.63,0.1,23675.26,21307.73,0,5425.28,2025,5,May,Sunday,23675.26,21307.734
2025-05-11,ORD003263,CUST02243,P015,Dining Table,Furniture,Jaipur,Online,UPI,1,22141.81,0.0,22141.81,22141.81,0,3736.99,2025,5,May,Sunday,22141.81,22141.81
2025-05-11,ORD046157,CUST04126,P007,Backpack,Accessories,Bengaluru,Store,Credit Card,1,2190.52,0.2,2190.52,1752.42,0,214.81,2025,5,May,Sunday,2190.52,1752.4160000000002
2025-05-11,ORD015718,CUST02927,P016,Sofa,Furniture,Ahmedabad,Online,Cash,2,32784.23,0.1,65568.46,59011.61,0,7391.46,2025,5,May,Sunday,65568.46,59011.61400000001
2025-05-11,ORD013053,CUST00146,P010,Coffee Maker,Home,Ahmedabad,Store,Net Banking,4,5002.68,0.15,20010.72,17009.11,0,3186.55,2025,5,May,Sunday,20010.72,17009.112
2025-05-11,ORD016176,CUST04236,P001,Laptop,Electronics,Kolkata,Store,Cash,3,61721.19,0.1,185163.57,166647.21,0,11928.3,2025,5,May,Sunday,185163.57,166647.21300000002
2025-05-11,ORD007466,CUST00386,P007,Backpack,Accessories,Surat,Online,UPI,4,2286.68,0.1,9146.72,8232.05,0,915.81,2025,5,May,Sunday,9146.72,8232.047999999999
2025-05-11,ORD035839,CUST04318,P009,T-Shirt,Fashion,Delhi,Store,UPI,2,1210.75,0.1,2421.5,2179.35,0,451.16,2025,5,May,Sunday,2421.5,2179.35
2025-05-11,ORD003036,CUST02506,P011,Mixer Grinder,Home,Surat,Store,Net Banking,1,4434.41,0.2,4434.41,3547.53,0,714.09,2025,5,May,Sunday,4434.41,3547.5280000000002
2025-05-11,ORD024691,CUST01334,P008,Running Shoes,Fashion,Ahmedabad,Store,UPI,1,3821.61,0.0,3821.61,3821.61,0,594.09,2025,5,May,Sunday,3821.61,3821.61
2025-05-11,ORD031982,CUST02455,P014,Keyboard,Electronics,Kolkata,Online,Debit Card,1,2520.0,0.0,2520.0,2520.0,0,750.7,2025,5,May,Sunday,2520.0,2520.0
2025-05-11,ORD032446,CUST00738,P014,Keyboard,Electronics,Bengaluru,Online,UPI,1,2660.35,0.1,2660.35,2394.32,0,489.32,2025,5,May,Sunday,2660.35,2394.315
2025-05-11,ORD043232,CUST04125,P006,Desk,Furniture,Kolkata,Online,UPI,1,11976.23,0.15,11976.23,10179.8,1,-508.99,2025,5,May,Sunday,11976.23,10179.7955
2025-05-11,ORD017500,CUST04957,P009,T-Shirt,Fashion,Jaipur,Store,Debit Card,1,1143.03,0.0,1143.03,1143.03,0,108.93,2025,5,May,Sunday,1143.03,1143.03
2025-05-11,ORD036036,CUST02098,P010,Coffee Maker,Home,Bengaluru,Store,UPI,1,5904.57,0.0,5904.57,5904.57,0,1323.47,2025,5,May,Sunday,5904.57,5904.57
2025-05-11,ORD010918,CUST03921,P010,Coffee Maker,Home,Pune,Store,Cash,1,5791.08,0.15,5791.08,4922.42,0,439.09,2025,5,May,Sunday,5791.08,4922.418
2025-05-11,ORD046839,CUST04870,P016,Sofa,Furniture,Bengaluru,Online,Credit Card,1,32406.26,0.0,32406.26,32406.26,0,7733.56,2025,5,May,Sunday,32406.26,32406.26
2025-05-11,ORD027472,CUST02579,P006,Desk,Furniture,Surat,Online,Net Banking,3,10900.14,0.0,32700.42,32700.42,0,6080.05,2025,5,May,Sunday,32700.42,32700.42
2025-05-11,ORD041275,CUST02898,P004,Smartwatch,Electronics,Bengaluru,Online,Cash,2,7354.51,0.25,14709.02,11031.76,0,879.87,2025,5,May,Sunday,14709.02,11031.765
2025-05-11,ORD010131,CUST01742,P007,Backpack,Accessories,Ahmedabad,Online,Debit Card,4,2271.67,0.0,9086.68,9086.68,0,1464.78,2025,5,May,Sunday,9086.68,9086.68
2025-05-11,ORD027635,CUST02132,P005,Office Chair,Furniture,Pune,Online,Cash,1,10171.21,0.15,10171.21,8645.53,0,637.09,2025,5,May,Sunday,10171.21,8645.528499999999
2025-05-11,ORD036536,CUST01410,P016,Sofa,Furniture,Kolkata,Online,UPI,1,34425.99,0.15,34425.99,29262.09,0,4093.86,2025,5,May,Sunday,34425.99,29262.0915
2025-05-11,ORD032165,CUST02251,P010,Coffee Maker,Home,Pune,Store,Credit Card,1,6001.22,0.1,6001.22,5401.1,0,1168.52,2025,5,May,Sunday,6001.22,5401.098
2025-05-11,ORD008511,CUST01872,P010,Coffee Maker,Home,Mumbai,Store,Net Banking,4,5466.93,0.0,21867.72,21867.72,0,4885.08,2025,5,May,Sunday,21867.72,21867.72
2025-05-11,ORD000527,CUST02249,P012,Air Fryer,Home,Ahmedabad,Store,Net Banking,1,7871.84,0.05,7871.84,7478.25,1,-373.91,2025,5,May,Sunday,7871.84,7478.248
2025-05-11,ORD032036,CUST03803,P004,Smartwatch,Electronics,Bengaluru,Online,Credit Card,2,6361.52,0.1,12723.04,11450.74,0,1805.41,2025,5,May,Sunday,12723.04,11450.736
2025-05-11,ORD018394,CUST00013,P003,Headphones,Electronics,Ahmedabad,Store,UPI,1,4478.74,0.05,4478.74,4254.8,1,-212.74,2025,5,May,Sunday,4478.74,4254.803
2025-05-11,ORD008149,CUST01453,P016,Sofa,Furniture,Chennai,Store,Cash,1,34775.89,0.05,34775.89,33037.1,0,6949.24,2025,5,May,Sunday,34775.89,33037.095499999996
2025-05-11,ORD021178,CUST04589,P006,Desk,Furniture,Ahmedabad,Online,UPI,1,13094.6,0.0,13094.6,13094.6,0,2250.22,2025,5,May,Sunday,13094.6,13094.6
2025-05-11,ORD001896,CUST00442,P005,Office Chair,Furniture,Bengaluru,Store,UPI,1,10363.01,0.0,10363.01,10363.01,0,2548.87,2025,5,May,Sunday,10363.01,10363.01
2025-05-11,ORD028683,CUST03634,P015,Dining Table,Furniture,Surat,Online,Credit Card,1,23543.4,0.05,23543.4,22366.23,0,5356.16,2025,5,May,Sunday,23543.4,22366.23
2025-05-11,ORD006229,CUST00175,P008,Running Shoes,Fashion,Mumbai,Online,UPI,1,4032.67,0.15,4032.67,3427.77,0,209.29,2025,5,May,Sunday,4032.67,3427.7695
2025-05-11,ORD026632,CUST03035,P007,Backpack,Accessories,Hyderabad,Store,UPI,1,2358.07,0.1,2358.07,2122.26,1,-106.11,2025,5,May,Sunday,2358.07,2122.2630000000004
2025-05-11,ORD006808,CUST04844,P011,Mixer Grinder,Home,Hyderabad,Online,Credit Card,1,4754.05,0.25,4754.05,3565.54,0,845.02,2025,5,May,Sunday,4754.05,3565.5375000000004
2025-05-11,ORD007603,CUST00458,P006,Desk,Furniture,Chennai,Online,Net Banking,1,10869.89,0.0,10869.89,10869.89,0,2087.67,2025,5,May,Sunday,10869.89,10869.89
2025-05-11,ORD024565,CUST03855,P004,Smartwatch,Electronics,Surat,Store,Net Banking,2,6729.87,0.25,13459.74,10094.8,0,1493.12,2025,5,May,Sunday,13459.74,10094.805
2025-05-11,ORD043854,CUST00856,P014,Keyboard,Electronics,Kolkata,Online,Credit Card,1,2685.66,0.05,2685.66,2551.38,0,236.8,2025,5,May,Sunday,2685.66,2551.377
2025-05-11,ORD047841,CUST00497,P004,Smartwatch,Electronics,Hyderabad,Online,Debit Card,2,6484.41,0.05,12968.82,12320.38,0,2653.75,2025,5,May,Sunday,12968.82,12320.378999999999
2025-05-11,ORD010642,CUST02270,P012,Air Fryer,Home,Jaipur,Online,Credit Card,1,7389.31,0.1,7389.31,6650.38,0,732.37,2025,5,May,Sunday,7389.31,6650.379000000001
2025-05-11,ORD028731,CUST01127,P008,Running Shoes,Fashion,Jaipur,Online,Credit Card,2,3911.54,0.0,7823.08,7823.08,0,1102.16,2025,5,May,Sunday,7823.08,7823.08
2025-05-12,ORD045471,CUST01456,P013,Monitor,Electronics,Ahmedabad,Store,Net Banking,2,17059.43,0.2,34118.86,27295.09,0,3604.1,2025,5,May,Monday,34118.86,27295.088000000003
2025-05-12,ORD043206,CUST01792,P013,Monitor,Electronics,Kolkata,Online,Credit Card,1,17458.12,0.0,17458.12,17458.12,0,4618.28,2025,5,May,Monday,17458.12,17458.12
2025-05-12,ORD008225,CUST01882,P017,Jeans,Fashion,Ahmedabad,Online,Credit Card,1,2839.69,0.1,2839.69,2555.72,0,195.87,2025,5,May,Monday,2839.69,2555.721
2025-05-12,ORD031276,CUST03486,P018,Jacket,Fashion,Hyderabad,Online,UPI,1,4837.12,0.25,4837.12,3627.84,0,679.76,2025,5,May,Monday,4837.12,3627.84
2025-05-12,ORD009432,CUST01254,P017,Jeans,Fashion,Delhi,Store,Debit Card,1,2578.56,0.0,2578.56,2578.56,0,636.43,2025,5,May,Monday,2578.56,2578.56
2025-05-12,ORD002654,CUST03650,P014,Keyboard,Electronics,Chennai,Store,Cash,2,2315.2,0.1,4630.4,4167.36,0,817.55,2025,5,May,Monday,4630.4,4167.36
2025-05-12,ORD001412,CUST04729,P019,Vacuum Cleaner,Home,Ahmedabad,Online,Net Banking,3,9622.42,0.0,28867.26,28867.26,0,6076.91,2025,5,May,Monday,28867.260000000002,28867.26
2025-05-12,ORD023868,CUST02099,P011,Mixer Grinder,Home,Delhi,Online,UPI,2,4369.43,0.05,8738.86,8301.92,0,2287.1,2025,5,May,Monday,8738.86,8301.917
2025-05-12,ORD026312,CUST02412,P002,Smartphone,Electronics,Bengaluru,Store,UPI,1,28088.96,0.0,28088.96,28088.96,0,3991.52,2025,5,May,Monday,28088.96,28088.96
2025-05-12,ORD010222,CUST03190,P018,Jacket,Fashion,Chennai,Store,UPI,2,4730.2,0.2,9460.4,7568.32,0,501.53,2025,5,May,Monday,9460.4,7568.32
2025-05-12,ORD023952,CUST03005,P007,Backpack,Accessories,Chennai,Store,UPI,1,2066.04,0.15,2066.04,1756.13,1,-87.81,2025,5,May,Monday,2066.04,1756.134
2025-05-12,ORD047276,CUST01169,P015,Dining Table,Furniture,Bengaluru,Online,UPI,5,23715.42,0.1,118577.1,106719.39,0,15278.35,2025,5,May,Monday,118577.09999999999,106719.39000000001
2025-05-12,ORD025279,CUST03221,P020,Microwave,Home,Jaipur,Online,UPI,1,11330.1,0.15,11330.1,9630.59,0,661.55,2025,5,May,Monday,11330.1,9630.585000000001
2025-05-12,ORD044265,CUST02291,P018,Jacket,Fashion,Jaipur,Online,UPI,1,5251.19,0.0,5251.19,5251.19,0,1406.69,2025,5,May,Monday,5251.19,5251.19
2025-05-12,ORD048496,CUST00797,P016,Sofa,Furniture,Pune,Store,Credit Card,2,37992.42,0.0,75984.84,75984.84,0,6820.84,2025,5,May,Monday,75984.84,75984.84
2025-05-12,ORD039059,CUST00500,P019,Vacuum Cleaner,Home,Hyderabad,Online,UPI,3,8691.48,0.1,26074.44,23467.0,0,2141.9,2025,5,May,Monday,26074.44,23466.996
2025-05-12,ORD031822,CUST04154,P012,Air Fryer,Home,Delhi,Store,Credit Card,1,7473.23,0.1,7473.23,6725.91,0,839.38,2025,5,May,Monday,7473.23,6725.907
2025-05-12,ORD044059,CUST02497,P003,Headphones,Electronics,Mumbai,Online,UPI,1,4704.15,0.1,4704.15,4233.73,0,617.59,2025,5,May,Monday,4704.15,4233.735
2025-05-12,ORD032770,CUST00294,P010,Coffee Maker,Home,Chennai,Online,Credit Card,1,5864.28,0.1,5864.28,5277.85,0,587.87,2025,5,May,Monday,5864.28,5277.852
2025-05-12,ORD040470,CUST03803,P006,Desk,Furniture,Bengaluru,Online,UPI,4,12294.08,0.1,49176.32,44258.69,0,8934.69,2025,5,May,Monday,49176.32,44258.688
2025-05-12,ORD036046,CUST04299,P004,Smartwatch,Electronics,Kolkata,Store,Debit Card,1,6388.14,0.1,6388.14,5749.33,0,907.39,2025,5,May,Monday,6388.14,5749.326
2025-05-12,ORD002772,CUST03400,P006,Desk,Furniture,Surat,Online,UPI,1,11072.34,0.0,11072.34,11072.34,0,1972.64,2025,5,May,Monday,11072.34,11072.34
2025-05-12,ORD003455,CUST04452,P010,Coffee Maker,Home,Jaipur,Online,Net Banking,1,5090.2,0.05,5090.2,4835.69,0,344.35,2025,5,May,Monday,5090.2,4835.69
2025-05-12,ORD047974,CUST03285,P016,Sofa,Furniture,Ahmedabad,Store,Net Banking,2,34982.21,0.1,69964.42,62967.98,0,16349.12,2025,5,May,Monday,69964.42,62967.978
2025-05-12,ORD034972,CUST03535,P006,Desk,Furniture,Ahmedabad,Online,Credit Card,3,11557.2,0.1,34671.6,31204.44,0,2507.4,2025,5,May,Monday,34671.600000000006,31204.44
2025-05-12,ORD021519,CUST02458,P007,Backpack,Accessories,Kolkata,Online,UPI,4,2001.11,0.0,8004.44,8004.44,0,699.99,2025,5,May,Monday,8004.44,8004.44
2025-05-12,ORD030253,CUST01627,P018,Jacket,Fashion,Hyderabad,Online,UPI,1,4714.18,0.1,4714.18,4242.76,0,459.93,2025,5,May,Monday,4714.18,4242.762000000001
2025-05-12,ORD034343,CUST01749,P012,Air Fryer,Home,Kolkata,Store,UPI,2,7062.8,0.0,14125.6,14125.6,0,3139.44,2025,5,May,Monday,14125.6,14125.6
2025-05-12,ORD014331,CUST02721,P010,Coffee Maker,Home,Delhi,Store,Credit Card,2,5577.73,0.05,11155.46,10597.69,0,892.11,2025,5,May,Monday,11155.46,10597.686999999998
2025-05-12,ORD034798,CUST00679,P008,Running Shoes,Fashion,Jaipur,Store,UPI,1,3971.38,0.05,3971.38,3772.81,0,764.54,2025,5,May,Monday,3971.38,3772.811
2025-05-12,ORD047843,CUST00332,P020,Microwave,Home,Ahmedabad,Online,Debit Card,3,10072.2,0.2,30216.6,24173.28,0,5749.4,2025,5,May,Monday,30216.600000000002,24173.28
2025-05-12,ORD002981,CUST02949,P010,Coffee Maker,Home,Bengaluru,Store,UPI,1,5026.89,0.15,5026.89,4272.86,0,518.0,2025,5,May,Monday,5026.89,4272.8565
2025-05-12,ORD008053,CUST00831,P011,Mixer Grinder,Home,Surat,Online,Cash,1,5041.91,0.1,5041.91,4537.72,1,-226.89,2025,5,May,Monday,5041.91,4537.719
2025-05-12,ORD029035,CUST03546,P010,Coffee Maker,Home,Chennai,Store,UPI,1,5439.47,0.1,5439.47,4895.52,0,1070.64,2025,5,May,Monday,5439.47,4895.523
2025-05-12,ORD035958,CUST04478,P019,Vacuum Cleaner,Home,Bengaluru,Store,Credit Card,1,8322.91,0.2,8322.91,6658.33,0,1039.57,2025,5,May,Monday,8322.91,6658.328
2025-05-12,ORD046080,CUST02149,P011,Mixer Grinder,Home,Hyderabad,Online,Credit Card,1,4970.14,0.05,4970.14,4721.63,0,989.45,2025,5,May,Monday,4970.14,4721.633
2025-05-12,ORD011645,CUST04942,P013,Monitor,Electronics,Mumbai,Online,Credit Card,2,17418.74,0.0,34837.48,34837.48,0,5875.37,2025,5,May,Monday,34837.48,34837.48
2025-05-12,ORD005062,CUST01655,P002,Smartphone,Electronics,Ahmedabad,Online,UPI,1,26411.52,0.15,26411.52,22449.79,1,-1122.49,2025,5,May,Monday,26411.52,22449.792
2025-05-12,ORD015261,CUST00456,P019,Vacuum Cleaner,Home,Delhi,Store,UPI,1,8231.61,0.05,8231.61,7820.03,0,1355.77,2025,5,May,Monday,8231.61,7820.029500000001
2025-05-12,ORD002471,CUST03069,P014,Keyboard,Electronics,Chennai,Online,UPI,2,2720.82,0.1,5441.64,4897.48,0,894.07,2025,5,May,Monday,5441.64,4897.476000000001
2025-05-12,ORD036252,CUST00551,P019,Vacuum Cleaner,Home,Jaipur,Online,Debit Card,1,9524.4,0.0,9524.4,9524.4,0,1894.94,2025,5,May,Monday,9524.4,9524.4
2025-05-12,ORD012627,CUST04813,P009,T-Shirt,Fashion,Surat,Store,UPI,1,1284.55,0.0,1284.55,1284.55,0,355.61,2025,5,May,Monday,1284.55,1284.55
2025-05-12,ORD024114,CUST00758,P001,Laptop,Electronics,Bengaluru,Online,Credit Card,1,65447.3,0.1,65447.3,58902.57,0,6030.19,2025,5,May,Monday,65447.3,58902.57000000001
2025-05-12,ORD016649,CUST00395,P005,Office Chair,Furniture,Hyderabad,Store,UPI,2,9888.37,0.0,19776.74,19776.74,0,2884.32,2025,5,May,Monday,19776.74,19776.74
2025-05-12,ORD048653,CUST00831,P018,Jacket,Fashion,Hyderabad,Store,Net Banking,1,5463.11,0.15,5463.11,4643.64,0,1237.56,2025,5,May,Monday,5463.11,4643.643499999999
2025-05-12,ORD046003,CUST03670,P016,Sofa,Furniture,Pune,Online,Debit Card,1,37041.03,0.1,37041.03,33336.93,0,8404.45,2025,5,May,Monday,37041.03,33336.927
2025-05-12,ORD014688,CUST01694,P020,Microwave,Home,Ahmedabad,Store,Debit Card,2,11257.06,0.0,22514.12,22514.12,0,4923.72,2025,5,May,Monday,22514.12,22514.12
2025-05-12,ORD030694,CUST01712,P014,Keyboard,Electronics,Chennai,Online,UPI,1,2638.47,0.0,2638.47,2638.47,1,-131.92,2025,5,May,Monday,2638.47,2638.47
2025-05-12,ORD008626,CUST01340,P009,T-Shirt,Fashion,Chennai,Store,Cash,1,1264.68,0.15,1264.68,1074.98,0,152.05,2025,5,May,Monday,1264.68,1074.978
2025-05-12,ORD008906,CUST03485,P004,Smartwatch,Electronics,Pune,Store,UPI,1,7465.21,0.0,7465.21,7465.21,0,1368.1,2025,5,May,Monday,7465.21,7465.21
2025-05-12,ORD029190,CUST01138,P004,Smartwatch,Electronics,Surat,Store,UPI,1,7206.2,0.0,7206.2,7206.2,0,577.97,2025,5,May,Monday,7206.2,7206.2
2025-05-12,ORD043520,CUST01396,P011,Mixer Grinder,Home,Hyderabad,Online,UPI,2,4928.66,0.25,9857.32,7392.99,0,405.61,2025,5,May,Monday,9857.32,7392.99
2025-05-12,ORD015466,CUST04132,P003,Headphones,Electronics,Pune,Online,UPI,1,4453.33,0.0,4453.33,4453.33,0,545.28,2025,5,May,Monday,4453.33,4453.33
2025-05-12,ORD036205,CUST01680,P002,Smartphone,Electronics,Hyderabad,Online,UPI,1,27802.31,0.0,27802.31,27802.31,0,5935.46,2025,5,May,Monday,27802.31,27802.31
2025-05-12,ORD005531,CUST01557,P012,Air Fryer,Home,Kolkata,Store,Cash,1,7348.67,0.1,7348.67,6613.8,0,1234.2,2025,5,May,Monday,7348.67,6613.803
2025-05-12,ORD001885,CUST01437,P010,Coffee Maker,Home,Ahmedabad,Store,Debit Card,1,5877.04,0.1,5877.04,5289.34,0,355.45,2025,5,May,Monday,5877.04,5289.336
2025-05-12,ORD004628,CUST04835,P016,Sofa,Furniture,Chennai,Store,Credit Card,4,33842.7,0.25,135370.8,101528.1,0,5599.83,2025,5,May,Monday,135370.8,101528.09999999999
2025-05-12,ORD042475,CUST00889,P017,Jeans,Fashion,Hyderabad,Store,Credit Card,3,3067.18,0.05,9201.54,8741.46,0,2091.05,2025,5,May,Monday,9201.539999999999,8741.463
2025-05-12,ORD020987,CUST00504,P010,Coffee Maker,Home,Chennai,Online,UPI,1,5667.76,0.15,5667.76,4817.6,0,495.03,2025,5,May,Monday,5667.76,4817.5960000000005
2025-05-12,ORD019341,CUST02689,P003,Headphones,Electronics,Kolkata,Online,Net Banking,4,4502.85,0.1,18011.4,16210.26,0,2295.7,2025,5,May,Monday,18011.4,16210.260000000002
2025-05-12,ORD042180,CUST01145,P008,Running Shoes,Fashion,Kolkata,Online,UPI,1,3897.97,0.05,3897.97,3703.07,0,763.68,2025,5,May,Monday,3897.97,3703.0714999999996
2025-05-12,ORD049224,CUST00625,P012,Air Fryer,Home,Bengaluru,Store,UPI,1,7023.81,0.1,7023.81,6321.43,0,1644.77,2025,5,May,Monday,7023.81,6321.429
2025-05-12,ORD032256,CUST03235,P011,Mixer Grinder,Home,Ahmedabad,Online,UPI,2,4612.16,0.05,9224.32,8763.1,0,1310.55,2025,5,May,Monday,9224.32,8763.104
2025-05-12,ORD023326,CUST04630,P020,Microwave,Home,Delhi,Store,Debit Card,1,11101.34,0.2,11101.34,8881.07,0,1394.55,2025,5,May,Monday,11101.34,8881.072
2025-05-12,ORD043583,CUST04893,P007,Backpack,Accessories,Surat,Store,UPI,1,2146.4,0.15,2146.4,1824.44,0,403.93,2025,5,May,Monday,2146.4,1824.44
2025-05-13,ORD040286,CUST00918,P012,Air Fryer,Home,Chennai,Online,UPI,1,7310.58,0.05,7310.58,6945.05,0,1260.37,2025,5,May,Tuesday,7310.58,6945.0509999999995
2025-05-13,ORD000247,CUST03826,P004,Smartwatch,Electronics,Ahmedabad,Store,Net Banking,1,7366.52,0.05,7366.52,6998.19,0,1277.03,2025,5,May,Tuesday,7366.52,6998.194
2025-05-13,ORD010264,CUST03846,P005,Office Chair,Furniture,Kolkata,Online,UPI,1,10422.73,0.15,10422.73,8859.32,0,1691.9,2025,5,May,Tuesday,10422.73,8859.3205
2025-05-13,ORD000243,CUST03457,P019,Vacuum Cleaner,Home,Kolkata,Store,UPI,1,9319.3,0.1,9319.3,8387.37,0,2036.05,2025,5,May,Tuesday,9319.3,8387.369999999999
2025-05-13,ORD043273,CUST04007,P010,Coffee Maker,Home,Pune,Store,Credit Card,1,5880.22,0.2,5880.22,4704.18,0,901.53,2025,5,May,Tuesday,5880.22,4704.176
2025-05-13,ORD017837,CUST00157,P018,Jacket,Fashion,Jaipur,Online,Cash,1,4914.7,0.15,4914.7,4177.5,0,344.74,2025,5,May,Tuesday,4914.7,4177.495
2025-05-13,ORD007322,CUST00166,P004,Smartwatch,Electronics,Jaipur,Online,UPI,2,7425.07,0.05,14850.14,14107.63,1,-705.38,2025,5,May,Tuesday,14850.14,14107.632999999998
2025-05-13,ORD012307,CUST04689,P011,Mixer Grinder,Home,Delhi,Online,Credit Card,1,4414.24,0.0,4414.24,4414.24,0,1252.71,2025,5,May,Tuesday,4414.24,4414.24
2025-05-13,ORD001700,CUST01783,P002,Smartphone,Electronics,Hyderabad,Online,Debit Card,1,28625.73,0.1,28625.73,25763.16,0,5860.26,2025,5,May,Tuesday,28625.73,25763.157
2025-05-13,ORD038189,CUST00115,P013,Monitor,Electronics,Surat,Online,UPI,1,16622.32,0.05,16622.32,15791.2,0,3245.21,2025,5,May,Tuesday,16622.32,15791.204
2025-05-13,ORD045076,CUST04206,P005,Office Chair,Furniture,Bengaluru,Store,UPI,3,10409.82,0.25,31229.46,23422.1,0,4306.5,2025,5,May,Tuesday,31229.46,23422.095
2025-05-13,ORD030516,CUST02946,P017,Jeans,Fashion,Hyderabad,Store,Net Banking,2,2736.64,0.05,5473.28,5199.62,0,444.48,2025,5,May,Tuesday,5473.28,5199.615999999999
2025-05-13,ORD022575,CUST00964,P001,Laptop,Electronics,Mumbai,Online,UPI,5,59023.69,0.2,295118.45,236094.76,0,13436.6,2025,5,May,Tuesday,295118.45,236094.76
2025-05-13,ORD010470,CUST01824,P014,Keyboard,Electronics,Jaipur,Store,UPI,2,2727.02,0.1,5454.04,4908.64,0,620.44,2025,5,May,Tuesday,5454.04,4908.636
2025-05-13,ORD016631,CUST00436,P011,Mixer Grinder,Home,Jaipur,Store,Credit Card,3,5254.89,0.1,15764.67,14188.2,0,1383.53,2025,5,May,Tuesday,15764.670000000002,14188.203
2025-05-13,ORD048114,CUST02499,P014,Keyboard,Electronics,Delhi,Online,Net Banking,1,2260.32,0.0,2260.32,2260.32,0,247.51,2025,5,May,Tuesday,2260.32,2260.32
2025-05-13,ORD011272,CUST04681,P004,Smartwatch,Electronics,Hyderabad,Online,UPI,1,6510.78,0.1,6510.78,5859.7,0,367.78,2025,5,May,Tuesday,6510.78,5859.702
2025-05-13,ORD028005,CUST03583,P010,Coffee Maker,Home,Kolkata,Store,UPI,1,5055.05,0.0,5055.05,5055.05,0,1356.16,2025,5,May,Tuesday,5055.05,5055.05
2025-05-13,ORD002769,CUST04251,P006,Desk,Furniture,Hyderabad,Online,UPI,1,12109.57,0.0,12109.57,12109.57,0,3156.96,2025,5,May,Tuesday,12109.57,12109.57
2025-05-13,ORD048277,CUST02365,P015,Dining Table,Furniture,Mumbai,Online,UPI,3,23849.61,0.05,71548.83,67971.39,0,19394.56,2025,5,May,Tuesday,71548.83,67971.3885
2025-05-13,ORD047664,CUST02883,P007,Backpack,Accessories,Jaipur,Store,UPI,1,2112.86,0.2,2112.86,1690.29,0,284.51,2025,5,May,Tuesday,2112.86,1690.2880000000002
2025-05-13,ORD005336,CUST03670,P010,Coffee Maker,Home,Jaipur,Online,Net Banking,1,5879.24,0.05,5879.24,5585.28,0,939.94,2025,5,May,Tuesday,5879.24,5585.277999999999
2025-05-13,ORD014000,CUST01933,P015,Dining Table,Furniture,Kolkata,Store,Credit Card,2,20323.44,0.0,40646.88,40646.88,0,5709.21,2025,5,May,Tuesday,40646.88,40646.88
2025-05-13,ORD002778,CUST04930,P008,Running Shoes,Fashion,Mumbai,Store,Debit Card,1,3959.51,0.25,3959.51,2969.63,0,164.39,2025,5,May,Tuesday,3959.51,2969.6325
2025-05-13,ORD012597,CUST03153,P016,Sofa,Furniture,Bengaluru,Online,Cash,2,37991.53,0.05,75983.06,72183.91,1,-3609.2,2025,5,May,Tuesday,75983.06,72183.90699999999
2025-05-13,ORD017683,CUST00214,P019,Vacuum Cleaner,Home,Hyderabad,Online,UPI,2,9417.19,0.15,18834.38,16009.22,1,-800.46,2025,5,May,Tuesday,18834.38,16009.223
2025-05-13,ORD018481,CUST03816,P008,Running Shoes,Fashion,Jaipur,Store,Credit Card,1,4097.98,0.2,4097.98,3278.38,0,613.68,2025,5,May,Tuesday,4097.98,3278.384
2025-05-13,ORD020697,CUST04207,P008,Running Shoes,Fashion,Jaipur,Store,UPI,2,4278.01,0.05,8556.02,8128.22,0,1224.06,2025,5,May,Tuesday,8556.02,8128.219
2025-05-13,ORD040271,CUST02979,P017,Jeans,Fashion,Jaipur,Store,Credit Card,3,2900.07,0.0,8700.21,8700.21,0,1595.14,2025,5,May,Tuesday,8700.210000000001,8700.21
2025-05-13,ORD042424,CUST01110,P002,Smartphone,Electronics,Chennai,Online,UPI,1,26638.81,0.05,26638.81,25306.87,0,2484.89,2025,5,May,Tuesday,26638.81,25306.8695
2025-05-13,ORD014597,CUST00341,P012,Air Fryer,Home,Pune,Online,Cash,1,6556.31,0.2,6556.31,5245.05,0,381.62,2025,5,May,Tuesday,6556.31,5245.048000000001
2025-05-13,ORD037513,CUST01565,P020,Microwave,Home,Delhi,Online,Credit Card,2,10697.94,0.05,21395.88,20326.09,0,4077.84,2025,5,May,Tuesday,21395.88,20326.086
2025-05-13,ORD027124,CUST04829,P019,Vacuum Cleaner,Home,Surat,Online,Cash,1,8549.09,0.15,8549.09,7266.73,0,1058.9,2025,5,May,Tuesday,8549.09,7266.7265
2025-05-13,ORD019186,CUST02122,P012,Air Fryer,Home,Jaipur,Online,UPI,1,6881.34,0.1,6881.34,6193.21,0,505.73,2025,5,May,Tuesday,6881.34,6193.206
2025-05-13,ORD045108,CUST03025,P008,Running Shoes,Fashion,Pune,Online,UPI,1,4002.69,0.1,4002.69,3602.42,0,642.34,2025,5,May,Tuesday,4002.69,3602.4210000000003
2025-05-13,ORD016893,CUST04918,P013,Monitor,Electronics,Bengaluru,Online,Credit Card,1,18397.29,0.1,18397.29,16557.56,0,3467.9,2025,5,May,Tuesday,18397.29,16557.561
2025-05-13,ORD030192,CUST03955,P010,Coffee Maker,Home,Pune,Store,Credit Card,2,5707.23,0.05,11414.46,10843.74,0,1664.24,2025,5,May,Tuesday,11414.46,10843.737
2025-05-13,ORD012029,CUST03659,P013,Monitor,Electronics,Delhi,Online,Debit Card,1,17012.53,0.2,17012.53,13610.02,0,1864.57,2025,5,May,Tuesday,17012.53,13610.024
2025-05-13,ORD021231,CUST02614,P019,Vacuum Cleaner,Home,Hyderabad,Store,UPI,4,9674.51,0.0,38698.04,38698.04,1,-1934.9,2025,5,May,Tuesday,38698.04,38698.04
2025-05-13,ORD049871,CUST01011,P001,Laptop,Electronics,Jaipur,Store,UPI,4,67537.36,0.0,270149.44,270149.44,0,37576.96,2025,5,May,Tuesday,270149.44,270149.44
2025-05-13,ORD024097,CUST02359,P018,Jacket,Fashion,Mumbai,Online,UPI,2,5258.05,0.0,10516.1,10516.1,0,1579.14,2025,5,May,Tuesday,10516.1,10516.1
2025-05-13,ORD026818,CUST00728,P003,Headphones,Electronics,Pune,Online,UPI,2,4415.76,0.15,8831.52,7506.79,0,1442.87,2025,5,May,Tuesday,8831.52,7506.792
2025-05-13,ORD019651,CUST04200,P004,Smartwatch,Electronics,Kolkata,Online,UPI,2,6317.27,0.0,12634.54,12634.54,0,3453.04,2025,5,May,Tuesday,12634.54,12634.54
2025-05-13,ORD004334,CUST01089,P001,Laptop,Electronics,Delhi,Store,Credit Card,3,67211.45,0.15,201634.35,171389.2,0,26260.13,2025,5,May,Tuesday,201634.34999999998,171389.1975
2025-05-13,ORD013417,CUST00664,P010,Coffee Maker,Home,Mumbai,Online,Credit Card,1,5487.17,0.15,5487.17,4664.09,0,751.9,2025,5,May,Tuesday,5487.17,4664.0945
2025-05-13,ORD015193,CUST02388,P008,Running Shoes,Fashion,Mumbai,Online,UPI,1,4409.42,0.0,4409.42,4409.42,0,509.77,2025,5,May,Tuesday,4409.42,4409.42
2025-05-13,ORD042330,CUST01960,P013,Monitor,Electronics,Pune,Store,Net Banking,1,16738.96,0.1,16738.96,15065.06,0,3761.79,2025,5,May,Tuesday,16738.96,15065.064
2025-05-13,ORD007940,CUST02314,P007,Backpack,Accessories,Hyderabad,Online,UPI,1,2197.97,0.05,2197.97,2088.07,0,228.44,2025,5,May,Tuesday,2197.97,2088.0714999999996
2025-05-13,ORD036117,CUST02636,P018,Jacket,Fashion,Mumbai,Online,Debit Card,1,5478.75,0.1,5478.75,4930.88,0,1226.71,2025,5,May,Tuesday,5478.75,4930.875
2025-05-13,ORD048320,CUST04764,P007,Backpack,Accessories,Pune,Online,Debit Card,1,1982.73,0.1,1982.73,1784.46,0,201.62,2025,5,May,Tuesday,1982.73,1784.457
2025-05-13,ORD021214,CUST03292,P008,Running Shoes,Fashion,Ahmedabad,Store,UPI,4,3821.71,0.05,15286.84,14522.5,0,2588.38,2025,5,May,Tuesday,15286.84,14522.498
2025-05-13,ORD019482,CUST00581,P011,Mixer Grinder,Home,Delhi,Online,Debit Card,2,5101.78,0.25,10203.56,7652.67,1,-382.63,2025,5,May,Tuesday,10203.56,7652.67
2025-05-13,ORD014811,CUST00869,P014,Keyboard,Electronics,Bengaluru,Online,UPI,1,2652.6,0.0,2652.6,2652.6,0,270.82,2025,5,May,Tuesday,2652.6,2652.6
2025-05-13,ORD006960,CUST01480,P016,Sofa,Furniture,Ahmedabad,Online,Net Banking,2,35237.07,0.0,70474.14,70474.14,0,11684.46,2025,5,May,Tuesday,70474.14,70474.14
2025-05-13,ORD024354,CUST03216,P009,T-Shirt,Fashion,Hyderabad,Store,Cash,4,1212.84,0.0,4851.36,4851.36,0,645.66,2025,5,May,Tuesday,4851.36,4851.36
2025-05-13,ORD004742,CUST01786,P016,Sofa,Furniture,Jaipur,Store,UPI,2,37291.68,0.15,74583.36,63395.86,0,10655.1,2025,5,May,Tuesday,74583.36,63395.856
2025-05-13,ORD008685,CUST02602,P010,Coffee Maker,Home,Jaipur,Online,UPI,1,5894.28,0.1,5894.28,5304.85,0,726.61,2025,5,May,Tuesday,5894.28,5304.852
2025-05-13,ORD049523,CUST03722,P011,Mixer Grinder,Home,Pune,Store,Credit Card,2,4443.59,0.15,8887.18,7554.1,0,1570.11,2025,5,May,Tuesday,8887.18,7554.103
2025-05-13,ORD025144,CUST00737,P006,Desk,Furniture,Pune,Store,Cash,2,12278.14,0.1,24556.28,22100.65,0,4336.0,2025,5,May,Tuesday,24556.28,22100.652
2025-05-13,ORD036769,CUST02740,P008,Running Shoes,Fashion,Ahmedabad,Online,UPI,1,4269.69,0.15,4269.69,3629.24,1,-181.46,2025,5,May,Tuesday,4269.69,3629.2364999999995
2025-05-13,ORD042402,CUST03211,P015,Dining Table,Furniture,Delhi,Online,UPI,1,20327.53,0.1,20327.53,18294.78,0,2745.78,2025,5,May,Tuesday,20327.53,18294.777
2025-05-13,ORD047157,CUST04779,P007,Backpack,Accessories,Ahmedabad,Online,Credit Card,4,2126.61,0.1,8506.44,7655.8,0,967.94,2025,5,May,Tuesday,8506.44,7655.796
2025-05-13,ORD042318,CUST04683,P005,Office Chair,Furniture,Jaipur,Online,Credit Card,4,9709.02,0.0,38836.08,38836.08,0,7108.86,2025,5,May,Tuesday,38836.08,38836.08
2025-05-13,ORD004166,CUST01109,P009,T-Shirt,Fashion,Ahmedabad,Online,UPI,1,1091.95,0.1,1091.95,982.76,0,223.86,2025,5,May,Tuesday,1091.95,982.7550000000001
2025-05-13,ORD032236,CUST01208,P020,Microwave,Home,Jaipur,Online,UPI,1,11029.66,0.05,11029.66,10478.18,0,2867.47,2025,5,May,Tuesday,11029.66,10478.177
2025-05-13,ORD025590,CUST03012,P010,Coffee Maker,Home,Delhi,Store,Net Banking,2,5959.69,0.0,11919.38,11919.38,0,2959.6,2025,5,May,Tuesday,11919.38,11919.38
2025-05-13,ORD036366,CUST03827,P014,Keyboard,Electronics,Jaipur,Store,Credit Card,1,2571.79,0.1,2571.79,2314.61,1,-115.73,2025,5,May,Tuesday,2571.79,2314.611
2025-05-14,ORD039369,CUST04735,P010,Coffee Maker,Home,Bengaluru,Online,Net Banking,2,5390.8,0.0,10781.6,10781.6,0,1170.52,2025,5,May,Wednesday,10781.6,10781.6
2025-05-14,ORD002516,CUST01561,P017,Jeans,Fashion,Ahmedabad,Online,Debit Card,1,2874.22,0.1,2874.22,2586.8,0,393.41,2025,5,May,Wednesday,2874.22,2586.798
2025-05-14,ORD009929,CUST04775,P014,Keyboard,Electronics,Surat,Store,Credit Card,1,2722.92,0.0,2722.92,2722.92,0,329.01,2025,5,May,Wednesday,2722.92,2722.92
2025-05-14,ORD027405,CUST02708,P003,Headphones,Electronics,Pune,Store,Credit Card,3,4447.48,0.1,13342.44,12008.2,0,1581.66,2025,5,May,Wednesday,13342.439999999999,12008.196
2025-05-14,ORD038782,CUST02122,P004,Smartwatch,Electronics,Hyderabad,Store,UPI,1,6828.35,0.15,6828.35,5804.1,0,1296.86,2025,5,May,Wednesday,6828.35,5804.0975
2025-05-14,ORD009147,CUST04332,P001,Laptop,Electronics,Kolkata,Store,UPI,1,66963.32,0.1,66963.32,60266.99,0,14498.86,2025,5,May,Wednesday,66963.32,60266.988000000005
2025-05-14,ORD020734,CUST03091,P015,Dining Table,Furniture,Bengaluru,Online,Credit Card,3,22117.94,0.1,66353.82,59718.44,0,9295.8,2025,5,May,Wednesday,66353.81999999999,59718.43800000001
2025-05-14,ORD003803,CUST03357,P017,Jeans,Fashion,Delhi,Store,Debit Card,1,2575.09,0.05,2575.09,2446.34,0,248.13,2025,5,May,Wednesday,2575.09,2446.3355
2025-05-14,ORD027481,CUST03259,P011,Mixer Grinder,Home,Delhi,Online,Debit Card,2,5071.86,0.0,10143.72,10143.72,0,1248.38,2025,5,May,Wednesday,10143.72,10143.72
2025-05-14,ORD049542,CUST02136,P017,Jeans,Fashion,Bengaluru,Online,UPI,3,2890.52,0.1,8671.56,7804.4,0,468.99,2025,5,May,Wednesday,8671.56,7804.4039999999995
2025-05-14,ORD026307,CUST00530,P009,T-Shirt,Fashion,Pune,Store,Cash,1,1148.11,0.15,1148.11,975.89,0,172.02,2025,5,May,Wednesday,1148.11,975.8934999999999
2025-05-14,ORD020311,CUST03367,P019,Vacuum Cleaner,Home,Chennai,Store,Credit Card,2,8470.06,0.15,16940.12,14399.1,0,1599.1,2025,5,May,Wednesday,16940.12,14399.101999999999
2025-05-14,ORD047877,CUST02266,P006,Desk,Furniture,Kolkata,Online,Cash,2,11330.02,0.0,22660.04,22660.04,0,2119.06,2025,5,May,Wednesday,22660.04,22660.04
2025-05-14,ORD046358,CUST01979,P007,Backpack,Accessories,Surat,Store,Credit Card,1,2319.36,0.05,2319.36,2203.39,0,515.01,2025,5,May,Wednesday,2319.36,2203.392
2025-05-14,ORD042229,CUST03046,P016,Sofa,Furniture,Bengaluru,Online,Credit Card,1,32201.91,0.15,32201.91,27371.62,0,6978.3,2025,5,May,Wednesday,32201.91,27371.623499999998
2025-05-14,ORD013592,CUST04679,P007,Backpack,Accessories,Chennai,Store,UPI,2,2114.6,0.0,4229.2,4229.2,0,553.75,2025,5,May,Wednesday,4229.2,4229.2
2025-05-14,ORD046649,CUST01726,P009,T-Shirt,Fashion,Bengaluru,Store,Cash,1,1162.25,0.05,1162.25,1104.14,0,101.31,2025,5,May,Wednesday,1162.25,1104.1375
2025-05-14,ORD014683,CUST04864,P005,Office Chair,Furniture,Kolkata,Store,Credit Card,1,9169.19,0.15,9169.19,7793.81,0,1227.0,2025,5,May,Wednesday,9169.19,7793.8115
2025-05-14,ORD017531,CUST00306,P015,Dining Table,Furniture,Kolkata,Store,UPI,1,20900.52,0.1,20900.52,18810.47,0,3757.98,2025,5,May,Wednesday,20900.52,18810.468
2025-05-14,ORD029282,CUST03298,P001,Laptop,Electronics,Surat,Online,UPI,1,66604.16,0.0,66604.16,66604.16,0,11844.23,2025,5,May,Wednesday,66604.16,66604.16
2025-05-14,ORD006858,CUST01214,P004,Smartwatch,Electronics,Kolkata,Online,UPI,1,7506.95,0.15,7506.95,6380.91,0,1240.09,2025,5,May,Wednesday,7506.95,6380.907499999999
2025-05-14,ORD012891,CUST03869,P002,Smartphone,Electronics,Chennai,Online,UPI,1,26769.58,0.0,26769.58,26769.58,0,7135.14,2025,5,May,Wednesday,26769.58,26769.58
2025-05-14,ORD043317,CUST00994,P015,Dining Table,Furniture,Delhi,Online,UPI,2,21597.13,0.2,43194.26,34555.41,0,5710.2,2025,5,May,Wednesday,43194.26,34555.408
2025-05-14,ORD012200,CUST02423,P009,T-Shirt,Fashion,Jaipur,Online,Credit Card,1,1161.85,0.05,1161.85,1103.76,0,93.13,2025,5,May,Wednesday,1161.85,1103.7575
2025-05-14,ORD041209,CUST01392,P006,Desk,Furniture,Ahmedabad,Store,Debit Card,2,11142.51,0.15,22285.02,18942.27,0,4543.16,2025,5,May,Wednesday,22285.02,18942.267
2025-05-14,ORD005797,CUST00275,P014,Keyboard,Electronics,Delhi,Store,UPI,2,2713.45,0.05,5426.9,5155.55,0,393.49,2025,5,May,Wednesday,5426.9,5155.554999999999
2025-05-14,ORD049419,CUST03479,P006,Desk,Furniture,Kolkata,Store,Debit Card,1,12331.68,0.1,12331.68,11098.51,0,666.87,2025,5,May,Wednesday,12331.68,11098.512
2025-05-14,ORD028576,CUST04245,P020,Microwave,Home,Mumbai,Store,Net Banking,2,10910.43,0.2,21820.86,17456.69,0,2466.31,2025,5,May,Wednesday,21820.86,17456.688000000002
2025-05-14,ORD018128,CUST01133,P009,T-Shirt,Fashion,Bengaluru,Online,Debit Card,1,1150.47,0.25,1150.47,862.85,0,203.32,2025,5,May,Wednesday,1150.47,862.8525
2025-05-14,ORD031006,CUST01564,P008,Running Shoes,Fashion,Kolkata,Online,UPI,1,3889.09,0.05,3889.09,3694.64,0,491.17,2025,5,May,Wednesday,3889.09,3694.6355
2025-05-14,ORD035081,CUST02640,P015,Dining Table,Furniture,Delhi,Store,Credit Card,2,23792.19,0.2,47584.38,38067.5,0,4100.81,2025,5,May,Wednesday,47584.38,38067.504
2025-05-14,ORD049442,CUST03169,P018,Jacket,Fashion,Jaipur,Store,Net Banking,1,5100.3,0.1,5100.3,4590.27,0,1101.26,2025,5,May,Wednesday,5100.3,4590.27
2025-05-14,ORD039098,CUST00186,P018,Jacket,Fashion,Kolkata,Store,UPI,1,5281.17,0.0,5281.17,5281.17,0,894.75,2025,5,May,Wednesday,5281.17,5281.17
2025-05-14,ORD036883,CUST00327,P014,Keyboard,Electronics,Ahmedabad,Store,Cash,2,2262.96,0.0,4525.92,4525.92,0,671.23,2025,5,May,Wednesday,4525.92,4525.92
2025-05-14,ORD049626,CUST04539,P004,Smartwatch,Electronics,Chennai,Online,Credit Card,1,7690.05,0.05,7690.05,7305.55,0,1742.0,2025,5,May,Wednesday,7690.05,7305.5475
2025-05-14,ORD000621,CUST00510,P015,Dining Table,Furniture,Kolkata,Online,UPI,3,23336.98,0.1,70010.94,63009.85,0,4646.2,2025,5,May,Wednesday,70010.94,63009.846000000005
2025-05-14,ORD008369,CUST02796,P004,Smartwatch,Electronics,Pune,Online,UPI,4,7447.89,0.1,29791.56,26812.4,0,4346.79,2025,5,May,Wednesday,29791.56,26812.404000000002
2025-05-14,ORD025584,CUST00654,P006,Desk,Furniture,Hyderabad,Online,UPI,4,10915.25,0.05,43661.0,41477.95,0,9648.47,2025,5,May,Wednesday,43661.0,41477.95
2025-05-14,ORD041904,CUST02507,P017,Jeans,Fashion,Kolkata,Online,Cash,3,2883.37,0.1,8650.11,7785.1,0,1097.35,2025,5,May,Wednesday,8650.11,7785.099000000001
2025-05-14,ORD029984,CUST03387,P008,Running Shoes,Fashion,Kolkata,Store,Credit Card,1,4416.65,0.2,4416.65,3533.32,1,-176.67,2025,5,May,Wednesday,4416.65,3533.3199999999997
2025-05-14,ORD011950,CUST04952,P017,Jeans,Fashion,Ahmedabad,Store,Cash,2,2638.43,0.0,5276.86,5276.86,0,981.21,2025,5,May,Wednesday,5276.86,5276.86
2025-05-14,ORD042657,CUST01322,P014,Keyboard,Electronics,Jaipur,Store,Debit Card,1,2266.7,0.0,2266.7,2266.7,0,205.14,2025,5,May,Wednesday,2266.7,2266.7
2025-05-14,ORD010287,CUST04594,P017,Jeans,Fashion,Pune,Online,UPI,1,2975.83,0.1,2975.83,2678.25,0,340.03,2025,5,May,Wednesday,2975.83,2678.247
2025-05-14,ORD028623,CUST00543,P019,Vacuum Cleaner,Home,Pune,Store,Credit Card,1,9492.1,0.05,9492.1,9017.5,0,2423.82,2025,5,May,Wednesday,9492.1,9017.495
2025-05-14,ORD004642,CUST03054,P010,Coffee Maker,Home,Chennai,Online,Credit Card,1,5033.8,0.1,5033.8,4530.42,0,353.3,2025,5,May,Wednesday,5033.8,4530.42
2025-05-14,ORD003527,CUST00014,P001,Laptop,Electronics,Hyderabad,Store,Credit Card,2,66652.7,0.1,133305.4,119974.86,0,16194.31,2025,5,May,Wednesday,133305.4,119974.86
2025-05-14,ORD043584,CUST02226,P013,Monitor,Electronics,Kolkata,Online,UPI,5,19259.84,0.05,96299.2,91484.24,0,14418.8,2025,5,May,Wednesday,96299.2,91484.23999999999
2025-05-14,ORD042626,CUST04393,P016,Sofa,Furniture,Delhi,Store,Debit Card,4,35997.55,0.1,143990.2,129591.18,0,32030.85,2025,5,May,Wednesday,143990.2,129591.18000000001
2025-05-14,ORD018029,CUST02303,P014,Keyboard,Electronics,Jaipur,Store,Credit Card,1,2743.87,0.0,2743.87,2743.87,0,416.65,2025,5,May,Wednesday,2743.87,2743.87
2025-05-14,ORD014078,CUST01373,P003,Headphones,Electronics,Chennai,Online,Net Banking,1,4338.43,0.2,4338.43,3470.74,0,514.92,2025,5,May,Wednesday,4338.43,3470.7440000000006
2025-05-14,ORD022902,CUST01408,P013,Monitor,Electronics,Surat,Online,Credit Card,1,16456.09,0.0,16456.09,16456.09,0,4394.5,2025,5,May,Wednesday,16456.09,16456.09
2025-05-14,ORD043859,CUST01859,P013,Monitor,Electronics,Surat,Online,Net Banking,3,17275.57,0.1,51826.71,46644.04,0,5383.4,2025,5,May,Wednesday,51826.71,46644.039
2025-05-14,ORD045993,CUST03291,P005,Office Chair,Furniture,Pune,Online,Debit Card,2,9542.92,0.15,19085.84,16222.96,0,2613.04,2025,5,May,Wednesday,19085.84,16222.964
2025-05-14,ORD041983,CUST01781,P013,Monitor,Electronics,Chennai,Online,Credit Card,1,17413.58,0.0,17413.58,17413.58,0,2497.61,2025,5,May,Wednesday,17413.58,17413.58
2025-05-14,ORD016458,CUST04316,P007,Backpack,Accessories,Delhi,Store,UPI,2,2310.05,0.05,4620.1,4389.1,0,1091.94,2025,5,May,Wednesday,4620.1,4389.095
2025-05-14,ORD005084,CUST04167,P010,Coffee Maker,Home,Chennai,Store,Credit Card,1,5968.27,0.2,5968.27,4774.62,0,648.72,2025,5,May,Wednesday,5968.27,4774.616000000001
2025-05-14,ORD011312,CUST03901,P002,Smartphone,Electronics,Surat,Online,Credit Card,1,28638.13,0.0,28638.13,28638.13,0,5599.67,2025,5,May,Wednesday,28638.13,28638.13
2025-05-14,ORD034984,CUST02257,P018,Jacket,Fashion,Chennai,Online,UPI,4,5298.3,0.0,21193.2,21193.2,0,4849.51,2025,5,May,Wednesday,21193.2,21193.2
2025-05-14,ORD016547,CUST04088,P001,Laptop,Electronics,Pune,Store,UPI,1,60332.11,0.15,60332.11,51282.29,0,2690.81,2025,5,May,Wednesday,60332.11,51282.2935
2025-05-14,ORD047583,CUST00221,P003,Headphones,Electronics,Kolkata,Online,Credit Card,1,4564.12,0.15,4564.12,3879.5,0,923.94,2025,5,May,Wednesday,4564.12,3879.502
2025-05-14,ORD044003,CUST03463,P004,Smartwatch,Electronics,Pune,Online,Cash,3,7382.14,0.1,22146.42,19931.78,0,4986.34,2025,5,May,Wednesday,22146.420000000002,19931.778
2025-05-14,ORD046721,CUST02247,P016,Sofa,Furniture,Hyderabad,Online,Credit Card,2,37381.01,0.1,74762.02,67285.82,0,11151.19,2025,5,May,Wednesday,74762.02,67285.818
2025-05-14,ORD015703,CUST02810,P008,Running Shoes,Fashion,Chennai,Online,Debit Card,2,4102.58,0.1,8205.16,7384.64,0,910.48,2025,5,May,Wednesday,8205.16,7384.644
2025-05-14,ORD039242,CUST00495,P011,Mixer Grinder,Home,Kolkata,Store,Credit Card,1,4594.22,0.25,4594.22,3445.66,0,785.45,2025,5,May,Wednesday,4594.22,3445.665
2025-05-14,ORD016451,CUST03755,P011,Mixer Grinder,Home,Chennai,Online,Credit Card,1,5089.16,0.2,5089.16,4071.33,0,726.84,2025,5,May,Wednesday,5089.16,4071.328
2025-05-14,ORD000164,CUST02786,P006,Desk,Furniture,Pune,Online,UPI,1,12875.25,0.15,12875.25,10943.96,0,1767.5,2025,5,May,Wednesday,12875.25,10943.9625
2025-05-14,ORD015793,CUST01607,P006,Desk,Furniture,Kolkata,Store,UPI,2,11979.63,0.05,23959.26,22761.3,0,5190.42,2025,5,May,Wednesday,23959.26,22761.297
2025-05-14,ORD021516,CUST01517,P002,Smartphone,Electronics,Delhi,Store,UPI,1,28967.23,0.2,28967.23,23173.78,0,3083.35,2025,5,May,Wednesday,28967.23,23173.784
2025-05-14,ORD028371,CUST00072,P015,Dining Table,Furniture,Ahmedabad,Online,UPI,2,20169.1,0.15,40338.2,34287.47,0,7992.1,2025,5,May,Wednesday,40338.2,34287.469999999994
2025-05-14,ORD031210,CUST04331,P007,Backpack,Accessories,Chennai,Online,Credit Card,1,2260.12,0.05,2260.12,2147.11,0,622.17,2025,5,May,Wednesday,2260.12,2147.1139999999996
2025-05-14,ORD018838,CUST03572,P013,Monitor,Electronics,Delhi,Online,Debit Card,1,17560.2,0.15,17560.2,14926.17,0,3900.66,2025,5,May,Wednesday,17560.2,14926.17
2025-05-14,ORD046887,CUST00779,P004,Smartwatch,Electronics,Ahmedabad,Store,Net Banking,4,7079.33,0.05,28317.32,26901.45,0,2437.87,2025,5,May,Wednesday,28317.32,26901.453999999998
2025-05-15,ORD016771,CUST01720,P007,Backpack,Accessories,Kolkata,Store,Credit Card,1,2303.84,0.2,2303.84,1843.07,1,-92.15,2025,5,May,Thursday,2303.84,1843.0720000000001
2025-05-15,ORD002399,CUST04268,P020,Microwave,Home,Bengaluru,Online,UPI,1,11442.63,0.15,11442.63,9726.24,1,-486.31,2025,5,May,Thursday,11442.63,9726.235499999999
2025-05-15,ORD021819,CUST00857,P005,Office Chair,Furniture,Ahmedabad,Online,Credit Card,3,9960.67,0.0,29882.01,29882.01,0,4377.46,2025,5,May,Thursday,29882.010000000002,29882.01
2025-05-15,ORD009804,CUST04311,P014,Keyboard,Electronics,Bengaluru,Store,UPI,1,2254.46,0.2,2254.46,1803.57,0,328.51,2025,5,May,Thursday,2254.46,1803.5680000000002
2025-05-15,ORD035979,CUST00762,P006,Desk,Furniture,Bengaluru,Online,UPI,5,11998.73,0.0,59993.65,59993.65,0,6390.9,2025,5,May,Thursday,59993.649999999994,59993.65
2025-05-15,ORD015635,CUST01920,P008,Running Shoes,Fashion,Hyderabad,Online,UPI,1,4140.05,0.1,4140.05,3726.04,1,-186.3,2025,5,May,Thursday,4140.05,3726.045
2025-05-15,ORD005926,CUST01394,P007,Backpack,Accessories,Chennai,Online,Credit Card,1,2184.55,0.0,2184.55,2184.55,0,298.87,2025,5,May,Thursday,2184.55,2184.55
2025-05-15,ORD011635,CUST00957,P010,Coffee Maker,Home,Hyderabad,Online,Credit Card,3,5590.98,0.15,16772.94,14257.0,0,2693.95,2025,5,May,Thursday,16772.94,14256.998999999998
2025-05-15,ORD044147,CUST00829,P001,Laptop,Electronics,Mumbai,Store,Credit Card,1,65011.92,0.15,65011.92,55260.13,0,14005.79,2025,5,May,Thursday,65011.92,55260.132
2025-05-15,ORD018047,CUST00552,P011,Mixer Grinder,Home,Bengaluru,Online,UPI,2,4923.05,0.05,9846.1,9353.8,0,2409.79,2025,5,May,Thursday,9846.1,9353.795
2025-05-15,ORD016029,CUST02771,P009,T-Shirt,Fashion,Ahmedabad,Store,Credit Card,3,1306.42,0.1,3919.26,3527.33,0,240.4,2025,5,May,Thursday,3919.26,3527.3340000000003
2025-05-15,ORD010481,CUST00762,P002,Smartphone,Electronics,Pune,Online,UPI,2,28013.18,0.05,56026.36,53225.04,0,13807.68,2025,5,May,Thursday,56026.36,53225.042
2025-05-15,ORD038658,CUST04515,P001,Laptop,Electronics,Chennai,Online,UPI,4,69721.24,0.1,278884.96,250996.46,0,63795.56,2025,5,May,Thursday,278884.96,250996.46400000004
2025-05-15,ORD038697,CUST01727,P004,Smartwatch,Electronics,Hyderabad,Online,Credit Card,2,6743.37,0.0,13486.74,13486.74,0,2205.52,2025,5,May,Thursday,13486.74,13486.74
2025-05-15,ORD009027,CUST04350,P019,Vacuum Cleaner,Home,Kolkata,Online,UPI,1,9270.52,0.15,9270.52,7879.94,1,-394.0,2025,5,May,Thursday,9270.52,7879.942
2025-05-15,ORD023898,CUST02953,P019,Vacuum Cleaner,Home,Surat,Online,Credit Card,1,9781.03,0.2,9781.03,7824.82,0,1713.48,2025,5,May,Thursday,9781.03,7824.8240000000005
2025-05-15,ORD048638,CUST00792,P011,Mixer Grinder,Home,Delhi,Store,Net Banking,1,4424.93,0.1,4424.93,3982.44,0,899.93,2025,5,May,Thursday,4424.93,3982.4370000000004
2025-05-15,ORD025293,CUST01958,P019,Vacuum Cleaner,Home,Pune,Online,Cash,1,9213.55,0.05,9213.55,8752.87,0,1515.03,2025,5,May,Thursday,9213.55,8752.8725
2025-05-15,ORD001321,CUST04783,P006,Desk,Furniture,Delhi,Store,Debit Card,1,12026.53,0.15,12026.53,10222.55,0,1583.53,2025,5,May,Thursday,12026.53,10222.550500000001
2025-05-15,ORD027410,CUST00687,P010,Coffee Maker,Home,Hyderabad,Store,Credit Card,2,5589.09,0.05,11178.18,10619.27,0,901.03,2025,5,May,Thursday,11178.18,10619.271
2025-05-15,ORD003170,CUST02327,P004,Smartwatch,Electronics,Chennai,Online,Credit Card,1,6464.21,0.15,6464.21,5494.58,0,506.49,2025,5,May,Thursday,6464.21,5494.5785
2025-05-15,ORD030494,CUST02727,P005,Office Chair,Furniture,Delhi,Store,Net Banking,1,9365.78,0.25,9365.78,7024.34,0,295.86,2025,5,May,Thursday,9365.78,7024.335000000001
2025-05-15,ORD025646,CUST00196,P018,Jacket,Fashion,Hyderabad,Store,UPI,2,5129.15,0.15,10258.3,8719.55,0,1292.36,2025,5,May,Thursday,10258.3,8719.554999999998
2025-05-15,ORD000908,CUST03694,P010,Coffee Maker,Home,Bengaluru,Store,Net Banking,4,5609.22,0.1,22436.88,20193.19,0,5355.76,2025,5,May,Thursday,22436.88,20193.192000000003
2025-05-15,ORD028283,CUST04247,P005,Office Chair,Furniture,Bengaluru,Online,Credit Card,1,9999.76,0.15,9999.76,8499.8,0,638.48,2025,5,May,Thursday,9999.76,8499.796
2025-05-15,ORD031322,CUST02288,P004,Smartwatch,Electronics,Hyderabad,Online,UPI,1,7542.19,0.05,7542.19,7165.08,0,1844.26,2025,5,May,Thursday,7542.19,7165.080499999999
2025-05-15,ORD049511,CUST04836,P003,Headphones,Electronics,Mumbai,Online,Net Banking,3,4272.45,0.1,12817.35,11535.62,0,2217.2,2025,5,May,Thursday,12817.349999999999,11535.615
2025-05-15,ORD011192,CUST01985,P011,Mixer Grinder,Home,Bengaluru,Online,Net Banking,1,4481.18,0.15,4481.18,3809.0,0,262.11,2025,5,May,Thursday,4481.18,3809.003
2025-05-15,ORD017647,CUST00554,P012,Air Fryer,Home,Kolkata,Online,UPI,3,7561.4,0.0,22684.2,22684.2,0,5142.28,2025,5,May,Thursday,22684.199999999997,22684.2
2025-05-15,ORD014292,CUST01359,P018,Jacket,Fashion,Pune,Store,UPI,3,4816.75,0.2,14450.25,11560.2,0,998.91,2025,5,May,Thursday,14450.25,11560.2
2025-05-15,ORD024537,CUST04306,P003,Headphones,Electronics,Kolkata,Store,UPI,4,4121.48,0.05,16485.92,15661.62,0,3037.93,2025,5,May,Thursday,16485.92,15661.623999999998
2025-05-15,ORD022780,CUST01051,P009,T-Shirt,Fashion,Chennai,Online,UPI,1,1162.7,0.05,1162.7,1104.56,0,150.69,2025,5,May,Thursday,1162.7,1104.565
2025-05-15,ORD010012,CUST04202,P005,Office Chair,Furniture,Chennai,Online,Debit Card,3,8801.68,0.05,26405.04,25084.79,0,2178.13,2025,5,May,Thursday,26405.04,25084.788
2025-05-15,ORD029998,CUST03998,P020,Microwave,Home,Jaipur,Online,Debit Card,1,11904.19,0.2,11904.19,9523.35,0,1747.55,2025,5,May,Thursday,11904.19,9523.352
2025-05-15,ORD019020,CUST01301,P012,Air Fryer,Home,Surat,Online,UPI,1,7224.29,0.2,7224.29,5779.43,0,447.6,2025,5,May,Thursday,7224.29,5779.432000000001
2025-05-15,ORD027970,CUST01626,P017,Jeans,Fashion,Hyderabad,Store,UPI,1,2769.39,0.05,2769.39,2630.92,0,641.89,2025,5,May,Thursday,2769.39,2630.9204999999997
2025-05-15,ORD041618,CUST02854,P008,Running Shoes,Fashion,Surat,Online,UPI,1,4125.32,0.0,4125.32,4125.32,0,667.77,2025,5,May,Thursday,4125.32,4125.32
2025-05-15,ORD038286,CUST02785,P020,Microwave,Home,Surat,Online,UPI,1,11399.53,0.15,11399.53,9689.6,0,842.8,2025,5,May,Thursday,11399.53,9689.6005
2025-05-15,ORD040866,CUST01303,P014,Keyboard,Electronics,Delhi,Online,UPI,1,2347.72,0.05,2347.72,2230.33,0,424.0,2025,5,May,Thursday,2347.72,2230.334
2025-05-15,ORD033995,CUST01720,P010,Coffee Maker,Home,Chennai,Store,Credit Card,1,5069.71,0.2,5069.71,4055.77,0,685.66,2025,5,May,Thursday,5069.71,4055.768
2025-05-15,ORD035754,CUST04772,P014,Keyboard,Electronics,Surat,Online,UPI,1,2554.03,0.05,2554.03,2426.33,0,369.55,2025,5,May,Thursday,2554.03,2426.3285
2025-05-15,ORD040701,CUST04240,P017,Jeans,Fashion,Hyderabad,Store,Credit Card,2,2902.4,0.1,5804.8,5224.32,0,1401.98,2025,5,May,Thursday,5804.8,5224.320000000001
2025-05-15,ORD013785,CUST04821,P001,Laptop,Electronics,Chennai,Online,UPI,2,62491.41,0.1,124982.82,112484.54,0,15213.68,2025,5,May,Thursday,124982.82,112484.53800000002
2025-05-15,ORD007339,CUST01731,P013,Monitor,Electronics,Surat,Online,Credit Card,1,17194.91,0.15,17194.91,14615.67,0,2660.5,2025,5,May,Thursday,17194.91,14615.673499999999
2025-05-15,ORD011361,CUST03284,P002,Smartphone,Electronics,Jaipur,Online,Credit Card,2,25238.22,0.25,50476.44,37857.33,0,7789.88,2025,5,May,Thursday,50476.44,37857.33
2025-05-15,ORD012275,CUST00353,P016,Sofa,Furniture,Kolkata,Online,UPI,2,32611.32,0.1,65222.64,58700.38,0,5819.02,2025,5,May,Thursday,65222.64,58700.376000000004
2025-05-15,ORD005722,CUST03294,P020,Microwave,Home,Surat,Online,Credit Card,1,10773.84,0.15,10773.84,9157.76,0,1760.35,2025,5,May,Thursday,10773.84,9157.764
2025-05-15,ORD028803,CUST01509,P002,Smartphone,Electronics,Kolkata,Online,Credit Card,3,27962.7,0.05,83888.1,79693.7,0,12976.96,2025,5,May,Thursday,83888.1,79693.695
2025-05-15,ORD013623,CUST01861,P007,Backpack,Accessories,Ahmedabad,Online,UPI,1,2131.21,0.1,2131.21,1918.09,0,524.79,2025,5,May,Thursday,2131.21,1918.0890000000002
2025-05-15,ORD048122,CUST04403,P013,Monitor,Electronics,Ahmedabad,Online,UPI,2,16798.07,0.05,33596.14,31916.33,0,9034.47,2025,5,May,Thursday,33596.14,31916.333
2025-05-15,ORD048695,CUST03011,P006,Desk,Furniture,Pune,Online,Debit Card,2,11490.52,0.1,22981.04,20682.94,0,5527.51,2025,5,May,Thursday,22981.04,20682.936
2025-05-15,ORD015633,CUST00547,P004,Smartwatch,Electronics,Jaipur,Store,Debit Card,4,6331.43,0.05,25325.72,24059.43,0,5096.92,2025,5,May,Thursday,25325.72,24059.434
2025-05-15,ORD015487,CUST02708,P005,Office Chair,Furniture,Jaipur,Online,Credit Card,1,9898.17,0.1,9898.17,8908.35,0,1959.03,2025,5,May,Thursday,9898.17,8908.353000000001
2025-05-15,ORD031381,CUST04197,P015,Dining Table,Furniture,Ahmedabad,Store,Credit Card,1,22402.29,0.0,22402.29,22402.29,0,4061.05,2025,5,May,Thursday,22402.29,22402.29
2025-05-15,ORD031862,CUST01474,P002,Smartphone,Electronics,Mumbai,Online,UPI,5,29582.38,0.0,147911.9,147911.9,0,29477.55,2025,5,May,Thursday,147911.9,147911.9
2025-05-15,ORD013303,CUST04529,P009,T-Shirt,Fashion,Chennai,Store,Credit Card,1,1091.92,0.1,1091.92,982.73,0,224.72,2025,5,May,Thursday,1091.92,982.7280000000001
2025-05-15,ORD005712,CUST02715,P014,Keyboard,Electronics,Bengaluru,Store,Credit Card,1,2277.74,0.1,2277.74,2049.97,0,332.1,2025,5,May,Thursday,2277.74,2049.966
2025-05-15,ORD043627,CUST02942,P007,Backpack,Accessories,Chennai,Online,Cash,1,2168.48,0.2,2168.48,1734.78,0,289.37,2025,5,May,Thursday,2168.48,1734.784
2025-05-15,ORD014457,CUST04199,P005,Office Chair,Furniture,Chennai,Online,UPI,1,8638.8,0.1,8638.8,7774.92,0,591.84,2025,5,May,Thursday,8638.8,7774.919999999999
2025-05-15,ORD001441,CUST00177,P012,Air Fryer,Home,Jaipur,Store,Debit Card,1,6561.51,0.05,6561.51,6233.43,0,498.28,2025,5,May,Thursday,6561.51,6233.4345
2025-05-15,ORD024020,CUST01606,P014,Keyboard,Electronics,Mumbai,Store,UPI,1,2540.63,0.1,2540.63,2286.57,0,482.94,2025,5,May,Thursday,2540.63,2286.567
2025-05-15,ORD040440,CUST00995,P006,Desk,Furniture,Bengaluru,Store,Debit Card,1,12159.21,0.15,12159.21,10335.33,0,1159.93,2025,5,May,Thursday,12159.21,10335.3285
2025-05-15,ORD016857,CUST01128,P011,Mixer Grinder,Home,Mumbai,Store,Credit Card,2,4420.52,0.1,8841.04,7956.94,0,1501.11,2025,5,May,Thursday,8841.04,7956.936000000001
2025-05-15,ORD023809,CUST04000,P010,Coffee Maker,Home,Delhi,Store,UPI,1,5687.3,0.0,5687.3,5687.3,0,538.42,2025,5,May,Thursday,5687.3,5687.3
2025-05-15,ORD035191,CUST04280,P004,Smartwatch,Electronics,Pune,Online,UPI,1,6944.55,0.05,6944.55,6597.32,0,1069.19,2025,5,May,Thursday,6944.55,6597.3225
2025-05-15,ORD025165,CUST00548,P003,Headphones,Electronics,Bengaluru,Online,Debit Card,1,4342.96,0.1,4342.96,3908.66,0,831.86,2025,5,May,Thursday,4342.96,3908.664
2025-05-15,ORD044699,CUST04123,P001,Laptop,Electronics,Chennai,Online,UPI,2,59196.91,0.0,118393.82,118393.82,0,14112.87,2025,5,May,Thursday,118393.82,118393.82
2025-05-15,ORD049945,CUST00082,P012,Air Fryer,Home,Delhi,Store,UPI,1,7893.93,0.0,7893.93,7893.93,0,1721.22,2025,5,May,Thursday,7893.93,7893.93
2025-05-15,ORD043787,CUST03593,P015,Dining Table,Furniture,Delhi,Online,UPI,3,21780.51,0.05,65341.53,62074.45,0,5841.42,2025,5,May,Thursday,65341.53,62074.453499999996
2025-05-15,ORD031643,CUST01264,P011,Mixer Grinder,Home,Pune,Online,Credit Card,1,4944.78,0.15,4944.78,4203.06,0,227.81,2025,5,May,Thursday,4944.78,4203.063
2025-05-15,ORD010864,CUST01988,P004,Smartwatch,Electronics,Kolkata,Store,Credit Card,2,6548.01,0.1,13096.02,11786.42,0,865.87,2025,5,May,Thursday,13096.02,11786.418000000001
2025-05-15,ORD038565,CUST01942,P020,Microwave,Home,Surat,Store,Credit Card,1,11514.6,0.0,11514.6,11514.6,0,1966.79,2025,5,May,Thursday,11514.6,11514.6
2025-05-15,ORD021573,CUST00628,P010,Coffee Maker,Home,Mumbai,Store,Credit Card,2,5623.01,0.15,11246.02,9559.12,0,2311.92,2025,5,May,Thursday,11246.02,9559.117
2025-05-15,ORD021015,CUST00782,P005,Office Chair,Furniture,Kolkata,Online,UPI,1,9200.77,0.15,9200.77,7820.65,0,1215.4,2025,5,May,Thursday,9200.77,7820.654500000001
2025-05-15,ORD017667,CUST03663,P015,Dining Table,Furniture,Jaipur,Online,Debit Card,1,20885.88,0.0,20885.88,20885.88,0,2705.26,2025,5,May,Thursday,20885.88,20885.88
2025-05-15,ORD044068,CUST03616,P018,Jacket,Fashion,Hyderabad,Online,Credit Card,1,5498.93,0.05,5498.93,5223.98,0,1171.45,2025,5,May,Thursday,5498.93,5223.9835
2025-05-15,ORD021381,CUST04899,P015,Dining Table,Furniture,Kolkata,Online,Credit Card,1,23330.58,0.1,23330.58,20997.52,0,4365.67,2025,5,May,Thursday,23330.58,20997.522
2025-05-15,ORD016623,CUST02936,P001,Laptop,Electronics,Bengaluru,Online,Net Banking,1,62591.68,0.1,62591.68,56332.51,1,-2816.63,2025,5,May,Thursday,62591.68,56332.512
2025-05-16,ORD042253,CUST02862,P004,Smartwatch,Electronics,Hyderabad,Online,Cash,2,6684.26,0.25,13368.52,10026.39,0,1903.75,2025,5,May,Friday,13368.52,10026.39
2025-05-16,ORD032924,CUST03770,P003,Headphones,Electronics,Bengaluru,Store,UPI,2,4706.66,0.2,9413.32,7530.66,0,345.07,2025,5,May,Friday,9413.32,7530.656
2025-05-16,ORD014051,CUST03852,P004,Smartwatch,Electronics,Surat,Online,Credit Card,1,6315.57,0.0,6315.57,6315.57,0,891.02,2025,5,May,Friday,6315.57,6315.57
2025-05-16,ORD046807,CUST00007,P013,Monitor,Electronics,Surat,Online,Credit Card,1,17155.68,0.05,17155.68,16297.9,0,1782.98,2025,5,May,Friday,17155.68,16297.895999999999
2025-05-16,ORD045354,CUST02294,P004,Smartwatch,Electronics,Pune,Store,Cash,1,6970.12,0.0,6970.12,6970.12,0,1164.09,2025,5,May,Friday,6970.12,6970.12
2025-05-16,ORD028558,CUST04037,P010,Coffee Maker,Home,Hyderabad,Store,Credit Card,1,5344.7,0.05,5344.7,5077.46,0,527.87,2025,5,May,Friday,5344.7,5077.464999999999
2025-05-16,ORD046386,CUST03768,P002,Smartphone,Electronics,Chennai,Online,UPI,1,28034.53,0.05,28034.53,26632.8,0,2354.32,2025,5,May,Friday,28034.53,26632.803499999998
2025-05-16,ORD041970,CUST02621,P016,Sofa,Furniture,Jaipur,Online,Credit Card,3,36821.11,0.0,110463.33,110463.33,0,24356.91,2025,5,May,Friday,110463.33,110463.33
2025-05-16,ORD044266,CUST04583,P011,Mixer Grinder,Home,Pune,Online,UPI,1,4603.67,0.0,4603.67,4603.67,0,556.63,2025,5,May,Friday,4603.67,4603.67
2025-05-16,ORD022812,CUST00903,P014,Keyboard,Electronics,Ahmedabad,Store,Debit Card,1,2565.54,0.1,2565.54,2308.99,0,400.78,2025,5,May,Friday,2565.54,2308.986
2025-05-16,ORD003940,CUST03819,P007,Backpack,Accessories,Chennai,Store,Credit Card,1,2194.88,0.15,2194.88,1865.65,0,155.32,2025,5,May,Friday,2194.88,1865.6480000000001
2025-05-16,ORD023565,CUST01860,P020,Microwave,Home,Hyderabad,Store,UPI,1,11636.15,0.05,11636.15,11054.34,0,2705.16,2025,5,May,Friday,11636.15,11054.342499999999
2025-05-16,ORD047291,CUST00655,P012,Air Fryer,Home,Bengaluru,Store,UPI,1,7696.09,0.0,7696.09,7696.09,0,862.39,2025,5,May,Friday,7696.09,7696.09
2025-05-16,ORD001854,CUST00982,P014,Keyboard,Electronics,Mumbai,Store,Credit Card,1,2686.03,0.0,2686.03,2686.03,0,646.48,2025,5,May,Friday,2686.03,2686.03
2025-05-16,ORD029846,CUST01362,P002,Smartphone,Electronics,Kolkata,Online,Credit Card,1,28798.26,0.1,28798.26,25918.43,0,2651.21,2025,5,May,Friday,28798.26,25918.433999999997
2025-05-16,ORD021437,CUST01297,P014,Keyboard,Electronics,Delhi,Online,Credit Card,2,2317.38,0.0,4634.76,4634.76,0,432.06,2025,5,May,Friday,4634.76,4634.76
2025-05-16,ORD028351,CUST03908,P002,Smartphone,Electronics,Kolkata,Online,Credit Card,4,26413.12,0.1,105652.48,95087.23,0,18716.26,2025,5,May,Friday,105652.48,95087.232
2025-05-16,ORD018312,CUST00051,P005,Office Chair,Furniture,Mumbai,Online,UPI,1,9198.89,0.1,9198.89,8279.0,0,886.5,2025,5,May,Friday,9198.89,8279.001
2025-05-16,ORD047433,CUST00495,P013,Monitor,Electronics,Pune,Store,UPI,5,16286.78,0.05,81433.9,77362.2,0,5673.14,2025,5,May,Friday,81433.90000000001,77362.20499999999
2025-05-16,ORD017360,CUST02293,P013,Monitor,Electronics,Bengaluru,Store,Cash,1,18354.78,0.0,18354.78,18354.78,0,3311.12,2025,5,May,Friday,18354.78,18354.78
2025-05-16,ORD045701,CUST00141,P010,Coffee Maker,Home,Hyderabad,Store,Credit Card,1,5819.93,0.15,5819.93,4946.94,0,527.31,2025,5,May,Friday,5819.93,4946.9405
2025-05-16,ORD014289,CUST00390,P001,Laptop,Electronics,Hyderabad,Online,Credit Card,2,64302.9,0.1,128605.8,115745.22,1,-5787.26,2025,5,May,Friday,128605.8,115745.22
2025-05-16,ORD027700,CUST04887,P007,Backpack,Accessories,Bengaluru,Online,UPI,3,2373.39,0.05,7120.17,6764.16,0,963.42,2025,5,May,Friday,7120.17,6764.1615
2025-05-16,ORD002811,CUST01600,P004,Smartwatch,Electronics,Delhi,Online,Credit Card,1,6823.64,0.0,6823.64,6823.64,0,1583.32,2025,5,May,Friday,6823.64,6823.64
2025-05-16,ORD019885,CUST03975,P010,Coffee Maker,Home,Chennai,Store,UPI,2,5704.61,0.05,11409.22,10838.76,1,-541.94,2025,5,May,Friday,11409.22,10838.758999999998
2025-05-16,ORD028598,CUST04936,P019,Vacuum Cleaner,Home,Bengaluru,Store,Net Banking,2,8707.2,0.15,17414.4,14802.24,0,2202.08,2025,5,May,Friday,17414.4,14802.240000000002
2025-05-16,ORD022094,CUST03178,P007,Backpack,Accessories,Jaipur,Store,UPI,1,2169.03,0.15,2169.03,1843.68,0,440.3,2025,5,May,Friday,2169.03,1843.6755
2025-05-16,ORD018349,CUST03496,P004,Smartwatch,Electronics,Jaipur,Online,UPI,1,6539.4,0.1,6539.4,5885.46,0,512.51,2025,5,May,Friday,6539.4,5885.46
2025-05-16,ORD032826,CUST03705,P017,Jeans,Fashion,Jaipur,Online,Credit Card,1,2796.67,0.15,2796.67,2377.17,0,481.8,2025,5,May,Friday,2796.67,2377.1695
2025-05-16,ORD016145,CUST02271,P015,Dining Table,Furniture,Surat,Online,Debit Card,2,22474.45,0.2,44948.9,35959.12,0,7923.97,2025,5,May,Friday,44948.9,35959.12
2025-05-16,ORD035756,CUST01758,P004,Smartwatch,Electronics,Chennai,Online,UPI,1,6934.58,0.05,6934.58,6587.85,0,536.44,2025,5,May,Friday,6934.58,6587.851
2025-05-16,ORD005795,CUST00474,P015,Dining Table,Furniture,Delhi,Online,UPI,2,23441.57,0.0,46883.14,46883.14,1,-2344.16,2025,5,May,Friday,46883.14,46883.14
2025-05-16,ORD032041,CUST01677,P010,Coffee Maker,Home,Jaipur,Store,UPI,1,5539.03,0.15,5539.03,4708.18,0,1033.25,2025,5,May,Friday,5539.03,4708.175499999999
2025-05-16,ORD018523,CUST02870,P020,Microwave,Home,Hyderabad,Store,Cash,1,10305.39,0.1,10305.39,9274.85,0,592.39,2025,5,May,Friday,10305.39,9274.851
2025-05-16,ORD016855,CUST01095,P008,Running Shoes,Fashion,Bengaluru,Online,UPI,1,4253.32,0.05,4253.32,4040.65,0,956.87,2025,5,May,Friday,4253.32,4040.6539999999995
2025-05-16,ORD031241,CUST00368,P015,Dining Table,Furniture,Delhi,Online,Cash,2,20221.58,0.1,40443.16,36398.84,0,3235.7,2025,5,May,Friday,40443.16,36398.844000000005
2025-05-16,ORD022903,CUST03014,P005,Office Chair,Furniture,Chennai,Online,UPI,2,9229.61,0.15,18459.22,15690.34,0,1695.22,2025,5,May,Friday,18459.22,15690.337000000001
2025-05-16,ORD017701,CUST03807,P018,Jacket,Fashion,Ahmedabad,Online,Debit Card,1,5467.95,0.0,5467.95,5467.95,0,1266.47,2025,5,May,Friday,5467.95,5467.95
2025-05-16,ORD033924,CUST01450,P020,Microwave,Home,Chennai,Store,UPI,5,11658.22,0.2,58291.1,46632.88,0,3516.93,2025,5,May,Friday,58291.1,46632.880000000005
2025-05-16,ORD000050,CUST02509,P008,Running Shoes,Fashion,Mumbai,Store,Net Banking,1,3845.3,0.1,3845.3,3460.77,1,-173.04,2025,5,May,Friday,3845.3,3460.7700000000004
2025-05-16,ORD009239,CUST01067,P012,Air Fryer,Home,Kolkata,Online,Credit Card,3,6535.32,0.0,19605.96,19605.96,0,3889.7,2025,5,May,Friday,19605.96,19605.96
2025-05-16,ORD015979,CUST03601,P013,Monitor,Electronics,Jaipur,Online,Debit Card,1,18274.79,0.2,18274.79,14619.83,0,1889.59,2025,5,May,Friday,18274.79,14619.832000000002
2025-05-16,ORD036425,CUST00960,P013,Monitor,Electronics,Jaipur,Online,Cash,2,18472.47,0.1,36944.94,33250.45,0,7302.31,2025,5,May,Friday,36944.94,33250.446
2025-05-16,ORD000773,CUST01190,P003,Headphones,Electronics,Delhi,Online,Credit Card,1,4403.14,0.1,4403.14,3962.83,0,347.2,2025,5,May,Friday,4403.14,3962.8260000000005
2025-05-16,ORD021603,CUST04361,P020,Microwave,Home,Mumbai,Store,UPI,4,11817.49,0.2,47269.96,37815.97,0,5770.14,2025,5,May,Friday,47269.96,37815.968
2025-05-16,ORD049376,CUST03138,P015,Dining Table,Furniture,Hyderabad,Store,UPI,1,20009.17,0.2,20009.17,16007.34,0,3149.18,2025,5,May,Friday,20009.17,16007.336
2025-05-16,ORD046591,CUST01628,P002,Smartphone,Electronics,Hyderabad,Online,Debit Card,3,26557.2,0.1,79671.6,71704.44,0,9085.33,2025,5,May,Friday,79671.6,71704.44
2025-05-16,ORD015328,CUST03573,P013,Monitor,Electronics,Surat,Online,UPI,1,17839.84,0.1,17839.84,16055.86,0,3533.6,2025,5,May,Friday,17839.84,16055.856
2025-05-16,ORD021409,CUST01251,P019,Vacuum Cleaner,Home,Delhi,Store,UPI,1,8642.88,0.15,8642.88,7346.45,0,934.53,2025,5,May,Friday,8642.88,7346.447999999999
2025-05-16,ORD031507,CUST04903,P006,Desk,Furniture,Surat,Store,Credit Card,1,11213.97,0.15,11213.97,9531.87,0,1919.72,2025,5,May,Friday,11213.97,9531.8745
2025-05-16,ORD026966,CUST02933,P015,Dining Table,Furniture,Mumbai,Store,UPI,1,21779.93,0.0,21779.93,21779.93,0,3009.15,2025,5,May,Friday,21779.93,21779.93
2025-05-16,ORD009815,CUST02666,P019,Vacuum Cleaner,Home,Delhi,Store,UPI,1,9561.03,0.15,9561.03,8126.88,0,1613.99,2025,5,May,Friday,9561.03,8126.8755
2025-05-16,ORD039928,CUST04839,P004,Smartwatch,Electronics,Kolkata,Online,UPI,2,6526.11,0.2,13052.22,10441.78,0,496.93,2025,5,May,Friday,13052.22,10441.776
2025-05-16,ORD002402,CUST03704,P005,Office Chair,Furniture,Pune,Online,UPI,1,8890.67,0.2,8890.67,7112.54,0,1186.64,2025,5,May,Friday,8890.67,7112.536
2025-05-16,ORD034846,CUST04847,P011,Mixer Grinder,Home,Kolkata,Store,UPI,1,5102.46,0.1,5102.46,4592.21,0,1059.42,2025,5,May,Friday,5102.46,4592.214
2025-05-16,ORD021127,CUST02384,P006,Desk,Furniture,Bengaluru,Online,Cash,1,12327.2,0.15,12327.2,10478.12,0,2655.26,2025,5,May,Friday,12327.2,10478.12
2025-05-16,ORD030464,CUST03981,P020,Microwave,Home,Chennai,Store,UPI,2,9952.96,0.05,19905.92,18910.62,0,1712.31,2025,5,May,Friday,19905.92,18910.623999999996
2025-05-16,ORD007968,CUST02551,P013,Monitor,Electronics,Jaipur,Store,UPI,1,17975.54,0.1,17975.54,16177.99,0,2434.78,2025,5,May,Friday,17975.54,16177.986
2025-05-16,ORD043333,CUST01494,P020,Microwave,Home,Delhi,Store,Credit Card,1,11325.28,0.15,11325.28,9626.49,0,1766.7,2025,5,May,Friday,11325.28,9626.488000000001
2025-05-16,ORD020749,CUST00338,P009,T-Shirt,Fashion,Kolkata,Online,Cash,1,1211.38,0.2,1211.38,969.1,0,206.43,2025,5,May,Friday,1211.38,969.1040000000002
2025-05-16,ORD020015,CUST00364,P006,Desk,Furniture,Ahmedabad,Online,Credit Card,2,10869.81,0.15,21739.62,18478.68,0,2293.51,2025,5,May,Friday,21739.62,18478.677
2025-05-16,ORD005393,CUST00644,P014,Keyboard,Electronics,Jaipur,Online,Net Banking,2,2415.51,0.1,4831.02,4347.92,0,878.4,2025,5,May,Friday,4831.02,4347.918000000001
2025-05-16,ORD001995,CUST01865,P002,Smartphone,Electronics,Delhi,Online,Debit Card,1,27435.6,0.2,27435.6,21948.48,0,1774.21,2025,5,May,Friday,27435.6,21948.48
2025-05-16,ORD018426,CUST03063,P003,Headphones,Electronics,Chennai,Online,Debit Card,1,4150.52,0.1,4150.52,3735.47,0,244.92,2025,5,May,Friday,4150.52,3735.4680000000003
2025-05-16,ORD000884,CUST00764,P005,Office Chair,Furniture,Jaipur,Store,Net Banking,3,9617.76,0.0,28853.28,28853.28,0,4472.09,2025,5,May,Friday,28853.28,28853.28
2025-05-16,ORD041780,CUST02598,P015,Dining Table,Furniture,Mumbai,Online,Credit Card,1,23065.88,0.25,23065.88,17299.41,0,4273.68,2025,5,May,Friday,23065.88,17299.41
2025-05-16,ORD003800,CUST00927,P008,Running Shoes,Fashion,Hyderabad,Store,UPI,2,4096.89,0.25,8193.78,6145.34,0,889.13,2025,5,May,Friday,8193.78,6145.335000000001
2025-05-16,ORD025303,CUST03928,P002,Smartphone,Electronics,Ahmedabad,Store,UPI,1,27037.4,0.05,27037.4,25685.53,0,5578.99,2025,5,May,Friday,27037.4,25685.53
2025-05-16,ORD015451,CUST03772,P011,Mixer Grinder,Home,Delhi,Store,Credit Card,1,4567.72,0.1,4567.72,4110.95,0,552.83,2025,5,May,Friday,4567.72,4110.948
2025-05-16,ORD009105,CUST02036,P014,Keyboard,Electronics,Hyderabad,Online,Credit Card,1,2626.85,0.05,2626.85,2495.51,0,530.26,2025,5,May,Friday,2626.85,2495.5074999999997
2025-05-16,ORD028948,CUST02997,P008,Running Shoes,Fashion,Ahmedabad,Online,Credit Card,2,4573.2,0.15,9146.4,7774.44,0,1125.82,2025,5,May,Friday,9146.4,7774.44
2025-05-16,ORD014468,CUST04682,P002,Smartphone,Electronics,Hyderabad,Store,Credit Card,4,26389.81,0.15,105559.24,89725.35,0,11010.47,2025,5,May,Friday,105559.24,89725.354
2025-05-16,ORD038773,CUST03394,P019,Vacuum Cleaner,Home,Delhi,Store,Cash,2,9473.19,0.15,18946.38,16104.42,0,1587.06,2025,5,May,Friday,18946.38,16104.423
2025-05-16,ORD042023,CUST03210,P006,Desk,Furniture,Surat,Store,Debit Card,2,11455.1,0.2,22910.2,18328.16,0,3500.89,2025,5,May,Friday,22910.2,18328.16
2025-05-17,ORD024371,CUST04904,P012,Air Fryer,Home,Ahmedabad,Online,Credit Card,2,7278.26,0.1,14556.52,13100.87,0,876.52,2025,5,May,Saturday,14556.52,13100.868
2025-05-17,ORD014702,CUST02559,P018,Jacket,Fashion,Mumbai,Store,Debit Card,1,5609.45,0.05,5609.45,5328.98,0,1440.91,2025,5,May,Saturday,5609.45,5328.9775
2025-05-17,ORD022984,CUST02121,P015,Dining Table,Furniture,Kolkata,Online,Net Banking,1,22260.31,0.15,22260.31,18921.26,0,3558.88,2025,5,May,Saturday,22260.31,18921.2635
2025-05-17,ORD008023,CUST04828,P012,Air Fryer,Home,Chennai,Store,Debit Card,3,7563.86,0.05,22691.58,21557.0,0,5857.67,2025,5,May,Saturday,22691.579999999998,21557.001
2025-05-17,ORD033898,CUST00773,P008,Running Shoes,Fashion,Hyderabad,Online,UPI,1,4292.73,0.0,4292.73,4292.73,0,385.97,2025,5,May,Saturday,4292.73,4292.73
2025-05-17,ORD001101,CUST03082,P017,Jeans,Fashion,Surat,Online,UPI,1,2568.15,0.1,2568.15,2311.34,0,503.78,2025,5,May,Saturday,2568.15,2311.335
2025-05-17,ORD037756,CUST00756,P007,Backpack,Accessories,Kolkata,Online,Debit Card,2,2228.09,0.05,4456.18,4233.37,0,845.27,2025,5,May,Saturday,4456.18,4233.371
2025-05-17,ORD047186,CUST04133,P019,Vacuum Cleaner,Home,Hyderabad,Online,UPI,2,8881.96,0.0,17763.92,17763.92,0,3855.03,2025,5,May,Saturday,17763.92,17763.92
2025-05-17,ORD005860,CUST00705,P018,Jacket,Fashion,Ahmedabad,Online,Credit Card,1,5609.21,0.05,5609.21,5328.75,0,578.75,2025,5,May,Saturday,5609.21,5328.7495
2025-05-17,ORD001425,CUST02205,P008,Running Shoes,Fashion,Delhi,Online,UPI,2,3813.7,0.05,7627.4,7246.03,1,-362.3,2025,5,May,Saturday,7627.4,7246.03
2025-05-17,ORD024606,CUST03478,P011,Mixer Grinder,Home,Hyderabad,Online,Credit Card,1,5005.78,0.1,5005.78,4505.2,0,819.61,2025,5,May,Saturday,5005.78,4505.202
2025-05-17,ORD012857,CUST02555,P008,Running Shoes,Fashion,Kolkata,Online,UPI,4,3995.79,0.05,15983.16,15184.0,0,2941.48,2025,5,May,Saturday,15983.16,15184.001999999999
2025-05-17,ORD008154,CUST02095,P007,Backpack,Accessories,Surat,Store,Credit Card,1,2053.96,0.05,2053.96,1951.26,0,297.75,2025,5,May,Saturday,2053.96,1951.262
2025-05-17,ORD003835,CUST02944,P012,Air Fryer,Home,Pune,Store,UPI,1,7913.58,0.1,7913.58,7122.22,0,1226.76,2025,5,May,Saturday,7913.58,7122.222
2025-05-17,ORD013013,CUST03557,P018,Jacket,Fashion,Hyderabad,Online,Credit Card,1,5335.86,0.05,5335.86,5069.07,0,1111.49,2025,5,May,Saturday,5335.86,5069.066999999999
2025-05-17,ORD013782,CUST00678,P010,Coffee Maker,Home,Kolkata,Online,Cash,2,5918.68,0.1,11837.36,10653.62,0,1246.2,2025,5,May,Saturday,11837.36,10653.624000000002
2025-05-17,ORD042568,CUST00900,P001,Laptop,Electronics,Delhi,Store,Cash,1,58691.77,0.1,58691.77,52822.59,0,10659.01,2025,5,May,Saturday,58691.77,52822.593
2025-05-17,ORD048608,CUST00177,P003,Headphones,Electronics,Hyderabad,Store,UPI,2,4835.29,0.0,9670.58,9670.58,0,2270.06,2025,5,May,Saturday,9670.58,9670.58
2025-05-17,ORD010051,CUST03890,P007,Backpack,Accessories,Mumbai,Store,Credit Card,1,2229.14,0.05,2229.14,2117.68,0,581.83,2025,5,May,Saturday,2229.14,2117.683
2025-05-17,ORD043841,CUST00586,P007,Backpack,Accessories,Surat,Online,UPI,1,2394.28,0.1,2394.28,2154.85,0,443.1,2025,5,May,Saturday,2394.28,2154.8520000000003
2025-05-17,ORD010868,CUST01734,P007,Backpack,Accessories,Delhi,Online,Debit Card,3,2325.17,0.0,6975.51,6975.51,0,889.97,2025,5,May,Saturday,6975.51,6975.51
2025-05-17,ORD037594,CUST00255,P019,Vacuum Cleaner,Home,Jaipur,Store,UPI,1,8875.99,0.1,8875.99,7988.39,0,2067.9,2025,5,May,Saturday,8875.99,7988.391
2025-05-17,ORD004195,CUST01421,P006,Desk,Furniture,Ahmedabad,Online,UPI,2,11935.83,0.1,23871.66,21484.49,0,2654.13,2025,5,May,Saturday,23871.66,21484.494
2025-05-17,ORD029731,CUST04117,P008,Running Shoes,Fashion,Mumbai,Online,UPI,1,4037.97,0.0,4037.97,4037.97,0,1146.52,2025,5,May,Saturday,4037.97,4037.97
2025-05-17,ORD032310,CUST00570,P019,Vacuum Cleaner,Home,Jaipur,Store,UPI,3,8927.61,0.15,26782.83,22765.41,0,2815.81,2025,5,May,Saturday,26782.83,22765.4055
2025-05-17,ORD021071,CUST00657,P011,Mixer Grinder,Home,Delhi,Online,UPI,1,5248.09,0.15,5248.09,4460.88,0,941.06,2025,5,May,Saturday,5248.09,4460.8765
2025-05-17,ORD045482,CUST04911,P020,Microwave,Home,Chennai,Store,Net Banking,1,11456.3,0.05,11456.3,10883.48,0,2569.73,2025,5,May,Saturday,11456.3,10883.484999999999
2025-05-17,ORD049806,CUST04125,P007,Backpack,Accessories,Mumbai,Store,UPI,2,2024.11,0.1,4048.22,3643.4,0,483.1,2025,5,May,Saturday,4048.22,3643.3979999999997
2025-05-17,ORD024856,CUST03680,P005,Office Chair,Furniture,Mumbai,Online,UPI,1,8608.81,0.1,8608.81,7747.93,0,871.86,2025,5,May,Saturday,8608.81,7747.929
2025-05-17,ORD040646,CUST04818,P005,Office Chair,Furniture,Surat,Store,UPI,1,9128.35,0.1,9128.35,8215.52,0,1196.73,2025,5,May,Saturday,9128.35,8215.515000000001
2025-05-17,ORD036583,CUST01925,P014,Keyboard,Electronics,Chennai,Online,UPI,1,2269.56,0.0,2269.56,2269.56,0,576.54,2025,5,May,Saturday,2269.56,2269.56
2025-05-17,ORD010210,CUST00606,P018,Jacket,Fashion,Mumbai,Online,Credit Card,1,4981.48,0.0,4981.48,4981.48,0,496.24,2025,5,May,Saturday,4981.48,4981.48
2025-05-17,ORD045930,CUST04090,P010,Coffee Maker,Home,Delhi,Online,UPI,2,5412.86,0.1,10825.72,9743.15,0,1401.33,2025,5,May,Saturday,10825.72,9743.148
2025-05-17,ORD004144,CUST02406,P019,Vacuum Cleaner,Home,Ahmedabad,Online,UPI,2,8668.85,0.1,17337.7,15603.93,0,3578.87,2025,5,May,Saturday,17337.7,15603.93
2025-05-17,ORD024995,CUST03085,P004,Smartwatch,Electronics,Jaipur,Online,UPI,5,7500.99,0.05,37504.95,35629.7,0,4484.01,2025,5,May,Saturday,37504.95,35629.70249999999
2025-05-17,ORD040373,CUST04183,P016,Sofa,Furniture,Bengaluru,Online,UPI,1,37667.88,0.05,37667.88,35784.49,0,9150.76,2025,5,May,Saturday,37667.88,35784.486
2025-05-17,ORD049971,CUST00146,P008,Running Shoes,Fashion,Kolkata,Store,Debit Card,3,4509.41,0.1,13528.23,12175.41,0,3212.79,2025,5,May,Saturday,13528.23,12175.407
2025-05-17,ORD000761,CUST01340,P015,Dining Table,Furniture,Hyderabad,Online,UPI,1,19869.76,0.1,19869.76,17882.78,0,2358.23,2025,5,May,Saturday,19869.76,17882.784
2025-05-17,ORD000711,CUST04905,P008,Running Shoes,Fashion,Delhi,Store,Net Banking,1,4204.14,0.1,4204.14,3783.73,0,903.56,2025,5,May,Saturday,4204.14,3783.7260000000006
2025-05-17,ORD012603,CUST00773,P009,T-Shirt,Fashion,Bengaluru,Online,UPI,1,1176.98,0.0,1176.98,1176.98,0,210.43,2025,5,May,Saturday,1176.98,1176.98
2025-05-17,ORD023095,CUST03572,P009,T-Shirt,Fashion,Mumbai,Store,Debit Card,4,1251.33,0.05,5005.32,4755.05,0,471.49,2025,5,May,Saturday,5005.32,4755.053999999999
2025-05-17,ORD014967,CUST04746,P011,Mixer Grinder,Home,Bengaluru,Online,Credit Card,2,4585.93,0.0,9171.86,9171.86,0,1569.45,2025,5,May,Saturday,9171.86,9171.86
2025-05-17,ORD020234,CUST03807,P003,Headphones,Electronics,Kolkata,Online,UPI,2,4722.22,0.15,9444.44,8027.77,1,-401.39,2025,5,May,Saturday,9444.44,8027.774
2025-05-17,ORD040992,CUST04641,P004,Smartwatch,Electronics,Delhi,Online,UPI,3,7410.92,0.05,22232.76,21121.12,1,-1056.06,2025,5,May,Saturday,22232.760000000002,21121.121999999996
2025-05-17,ORD039554,CUST03753,P005,Office Chair,Furniture,Surat,Store,Credit Card,1,8709.83,0.0,8709.83,8709.83,0,703.26,2025,5,May,Saturday,8709.83,8709.83
2025-05-17,ORD034925,CUST00798,P008,Running Shoes,Fashion,Delhi,Online,UPI,1,4536.6,0.15,4536.6,3856.11,0,300.53,2025,5,May,Saturday,4536.6,3856.11
2025-05-17,ORD019935,CUST04517,P016,Sofa,Furniture,Pune,Online,Credit Card,1,34869.03,0.0,34869.03,34869.03,0,3493.4,2025,5,May,Saturday,34869.03,34869.03
2025-05-17,ORD013978,CUST04402,P012,Air Fryer,Home,Chennai,Online,UPI,3,7568.31,0.1,22704.93,20434.44,0,4767.85,2025,5,May,Saturday,22704.93,20434.437
2025-05-17,ORD030324,CUST03050,P020,Microwave,Home,Hyderabad,Online,Credit Card,2,11257.43,0.05,22514.86,21389.12,0,3711.25,2025,5,May,Saturday,22514.86,21389.117
2025-05-17,ORD013202,CUST03350,P009,T-Shirt,Fashion,Bengaluru,Store,UPI,1,1143.04,0.1,1143.04,1028.74,0,96.87,2025,5,May,Saturday,1143.04,1028.736
2025-05-17,ORD031022,CUST02875,P006,Desk,Furniture,Mumbai,Online,Credit Card,1,12614.39,0.1,12614.39,11352.95,0,948.52,2025,5,May,Saturday,12614.39,11352.951
2025-05-17,ORD042879,CUST00356,P013,Monitor,Electronics,Ahmedabad,Online,UPI,3,18586.51,0.25,55759.53,41819.65,0,8113.66,2025,5,May,Saturday,55759.53,41819.6475
2025-05-17,ORD036320,CUST03970,P020,Microwave,Home,Delhi,Online,UPI,2,10952.42,0.1,21904.84,19714.36,0,3031.47,2025,5,May,Saturday,21904.84,19714.356
2025-05-17,ORD003463,CUST00191,P010,Coffee Maker,Home,Bengaluru,Online,Net Banking,1,5903.63,0.0,5903.63,5903.63,0,971.93,2025,5,May,Saturday,5903.63,5903.63
2025-05-17,ORD004563,CUST00507,P005,Office Chair,Furniture,Pune,Online,Net Banking,3,9744.95,0.1,29234.85,26311.36,0,5918.15,2025,5,May,Saturday,29234.850000000002,26311.364999999998
2025-05-17,ORD040309,CUST03502,P005,Office Chair,Furniture,Bengaluru,Online,Credit Card,1,9100.11,0.15,9100.11,7735.09,0,1531.08,2025,5,May,Saturday,9100.11,7735.0935
2025-05-17,ORD005307,CUST04351,P004,Smartwatch,Electronics,Jaipur,Store,UPI,1,6687.34,0.05,6687.34,6352.97,0,1790.12,2025,5,May,Saturday,6687.34,6352.973
2025-05-17,ORD043775,CUST02246,P006,Desk,Furniture,Bengaluru,Online,Credit Card,2,11154.18,0.1,22308.36,20077.52,0,2222.82,2025,5,May,Saturday,22308.36,20077.524
2025-05-17,ORD038029,CUST02183,P019,Vacuum Cleaner,Home,Surat,Store,UPI,5,8675.41,0.0,43377.05,43377.05,1,-2168.85,2025,5,May,Saturday,43377.05,43377.05
2025-05-17,ORD019034,CUST04901,P009,T-Shirt,Fashion,Mumbai,Online,Net Banking,2,1312.95,0.15,2625.9,2232.02,0,310.19,2025,5,May,Saturday,2625.9,2232.015
2025-05-17,ORD030294,CUST01337,P006,Desk,Furniture,Kolkata,Store,Debit Card,1,12028.95,0.05,12028.95,11427.5,0,1251.21,2025,5,May,Saturday,12028.95,11427.5025
2025-05-17,ORD033190,CUST01017,P009,T-Shirt,Fashion,Hyderabad,Online,UPI,1,1289.65,0.1,1289.65,1160.69,0,204.49,2025,5,May,Saturday,1289.65,1160.6850000000002
2025-05-17,ORD030211,CUST00038,P014,Keyboard,Electronics,Jaipur,Online,UPI,2,2550.65,0.25,5101.3,3825.98,0,753.24,2025,5,May,Saturday,5101.3,3825.9750000000004
2025-05-17,ORD010003,CUST01516,P020,Microwave,Home,Hyderabad,Store,Credit Card,5,10700.07,0.0,53500.35,53500.35,0,8888.08,2025,5,May,Saturday,53500.35,53500.35
2025-05-17,ORD024345,CUST04234,P020,Microwave,Home,Kolkata,Store,UPI,1,10756.27,0.15,10756.27,9142.83,0,481.2,2025,5,May,Saturday,10756.27,9142.8295
2025-05-17,ORD015590,CUST00884,P006,Desk,Furniture,Surat,Online,Credit Card,1,11520.34,0.2,11520.34,9216.27,0,1821.48,2025,5,May,Saturday,11520.34,9216.272
2025-05-17,ORD016027,CUST01266,P015,Dining Table,Furniture,Mumbai,Online,UPI,1,21854.35,0.05,21854.35,20761.63,0,3478.18,2025,5,May,Saturday,21854.35,20761.632499999996
2025-05-17,ORD032480,CUST01312,P008,Running Shoes,Fashion,Mumbai,Online,Net Banking,1,3852.23,0.15,3852.23,3274.4,0,871.03,2025,5,May,Saturday,3852.23,3274.3955
2025-05-17,ORD018812,CUST00154,P003,Headphones,Electronics,Ahmedabad,Online,Credit Card,1,4363.93,0.05,4363.93,4145.73,0,799.57,2025,5,May,Saturday,4363.93,4145.7335
2025-05-17,ORD024842,CUST00738,P001,Laptop,Electronics,Jaipur,Online,UPI,4,64409.94,0.0,257639.76,257639.76,0,54486.24,2025,5,May,Saturday,257639.76,257639.76
2025-05-17,ORD030368,CUST01625,P011,Mixer Grinder,Home,Kolkata,Online,Net Banking,1,4458.16,0.2,4458.16,3566.53,0,387.36,2025,5,May,Saturday,4458.16,3566.5280000000002
2025-05-17,ORD041719,CUST01847,P017,Jeans,Fashion,Jaipur,Online,UPI,2,2591.29,0.0,5182.58,5182.58,0,1003.34,2025,5,May,Saturday,5182.58,5182.58
2025-05-18,ORD007474,CUST04527,P003,Headphones,Electronics,Ahmedabad,Store,Net Banking,2,4567.41,0.1,9134.82,8221.34,0,1801.44,2025,5,May,Sunday,9134.82,8221.338
2025-05-18,ORD028237,CUST00040,P014,Keyboard,Electronics,Hyderabad,Online,UPI,1,2537.16,0.1,2537.16,2283.44,0,278.44,2025,5,May,Sunday,2537.16,2283.444
2025-05-18,ORD034932,CUST04881,P007,Backpack,Accessories,Pune,Online,Credit Card,2,2382.74,0.1,4765.48,4288.93,0,832.46,2025,5,May,Sunday,4765.48,4288.932
2025-05-18,ORD021143,CUST04053,P010,Coffee Maker,Home,Hyderabad,Store,UPI,1,4991.32,0.2,4991.32,3993.06,0,860.65,2025,5,May,Sunday,4991.32,3993.056
2025-05-18,ORD045844,CUST02360,P001,Laptop,Electronics,Delhi,Online,UPI,1,60202.0,0.1,60202.0,54181.8,0,6035.49,2025,5,May,Sunday,60202.0,54181.8
2025-05-18,ORD001907,CUST01438,P008,Running Shoes,Fashion,Chennai,Online,UPI,1,4284.53,0.1,4284.53,3856.08,0,527.07,2025,5,May,Sunday,4284.53,3856.0769999999998
2025-05-18,ORD005067,CUST02795,P016,Sofa,Furniture,Ahmedabad,Store,UPI,1,32488.76,0.1,32488.76,29239.88,0,4120.34,2025,5,May,Sunday,32488.76,29239.884
2025-05-18,ORD038334,CUST00113,P004,Smartwatch,Electronics,Surat,Online,UPI,1,6575.39,0.1,6575.39,5917.85,0,1556.59,2025,5,May,Sunday,6575.39,5917.851000000001
2025-05-18,ORD045780,CUST02150,P007,Backpack,Accessories,Chennai,Online,Cash,1,2161.28,0.1,2161.28,1945.15,0,355.31,2025,5,May,Sunday,2161.28,1945.1520000000003
2025-05-18,ORD032646,CUST04452,P007,Backpack,Accessories,Pune,Store,Debit Card,3,2287.78,0.05,6863.34,6520.17,0,1436.38,2025,5,May,Sunday,6863.34,6520.173
2025-05-18,ORD005256,CUST02358,P011,Mixer Grinder,Home,Ahmedabad,Store,Net Banking,4,4921.41,0.1,19685.64,17717.08,1,-885.85,2025,5,May,Sunday,19685.64,17717.076
2025-05-18,ORD013779,CUST00386,P001,Laptop,Electronics,Delhi,Online,Credit Card,4,67455.84,0.05,269823.36,256332.19,0,51060.68,2025,5,May,Sunday,269823.36,256332.19199999998
2025-05-18,ORD008979,CUST02090,P007,Backpack,Accessories,Delhi,Online,Debit Card,2,2325.07,0.15,4650.14,3952.62,0,655.07,2025,5,May,Sunday,4650.14,3952.619
2025-05-18,ORD004911,CUST04944,P017,Jeans,Fashion,Hyderabad,Store,UPI,1,3039.41,0.05,3039.41,2887.44,0,639.67,2025,5,May,Sunday,3039.41,2887.4395
2025-05-18,ORD035934,CUST00847,P008,Running Shoes,Fashion,Jaipur,Online,Credit Card,1,3810.69,0.05,3810.69,3620.16,0,646.15,2025,5,May,Sunday,3810.69,3620.1555
2025-05-18,ORD043855,CUST00453,P001,Laptop,Electronics,Pune,Online,Cash,1,68336.53,0.0,68336.53,68336.53,0,16674.77,2025,5,May,Sunday,68336.53,68336.53
2025-05-18,ORD041040,CUST02940,P013,Monitor,Electronics,Ahmedabad,Online,UPI,2,18206.37,0.0,36412.74,36412.74,0,10470.55,2025,5,May,Sunday,36412.74,36412.74
2025-05-18,ORD045523,CUST04585,P015,Dining Table,Furniture,Chennai,Online,UPI,2,23026.89,0.0,46053.78,46053.78,0,8682.07,2025,5,May,Sunday,46053.78,46053.78
2025-05-18,ORD031984,CUST04497,P019,Vacuum Cleaner,Home,Pune,Store,UPI,1,9722.1,0.1,9722.1,8749.89,0,2243.86,2025,5,May,Sunday,9722.1,8749.890000000001
2025-05-18,ORD002452,CUST03424,P010,Coffee Maker,Home,Delhi,Online,Debit Card,1,5906.53,0.05,5906.53,5611.2,0,394.57,2025,5,May,Sunday,5906.53,5611.2035
2025-05-18,ORD018311,CUST01852,P009,T-Shirt,Fashion,Kolkata,Online,UPI,5,1290.79,0.1,6453.95,5808.56,0,1409.49,2025,5,May,Sunday,6453.95,5808.555
2025-05-18,ORD023022,CUST00868,P017,Jeans,Fashion,Chennai,Online,Net Banking,1,2590.84,0.1,2590.84,2331.76,0,649.68,2025,5,May,Sunday,2590.84,2331.7560000000003
2025-05-18,ORD022865,CUST01290,P017,Jeans,Fashion,Kolkata,Store,Net Banking,4,2948.35,0.25,11793.4,8845.05,0,1765.03,2025,5,May,Sunday,11793.4,8845.05
2025-05-18,ORD048993,CUST02218,P012,Air Fryer,Home,Kolkata,Online,UPI,5,6731.02,0.05,33655.1,31972.35,0,9008.57,2025,5,May,Sunday,33655.100000000006,31972.344999999998
2025-05-18,ORD010511,CUST00594,P001,Laptop,Electronics,Surat,Online,UPI,1,59752.64,0.0,59752.64,59752.64,0,6856.49,2025,5,May,Sunday,59752.64,59752.64
2025-05-18,ORD049974,CUST04153,P005,Office Chair,Furniture,Bengaluru,Online,UPI,2,9679.51,0.05,19359.02,18391.07,0,3059.49,2025,5,May,Sunday,19359.02,18391.069
2025-05-18,ORD048571,CUST00748,P014,Keyboard,Electronics,Jaipur,Store,UPI,1,2718.91,0.05,2718.91,2582.96,0,319.49,2025,5,May,Sunday,2718.91,2582.9644999999996
2025-05-18,ORD045564,CUST01728,P014,Keyboard,Electronics,Surat,Online,UPI,1,2597.17,0.05,2597.17,2467.31,0,437.93,2025,5,May,Sunday,2597.17,2467.3115
2025-05-18,ORD014454,CUST01375,P011,Mixer Grinder,Home,Jaipur,Online,Debit Card,1,4494.57,0.0,4494.57,4494.57,0,439.65,2025,5,May,Sunday,4494.57,4494.57
2025-05-18,ORD041052,CUST02191,P009,T-Shirt,Fashion,Hyderabad,Online,UPI,3,1153.01,0.15,3459.03,2940.18,0,726.23,2025,5,May,Sunday,3459.0299999999997,2940.1755000000003
2025-05-18,ORD031323,CUST03576,P010,Coffee Maker,Home,Surat,Online,Debit Card,2,5689.83,0.1,11379.66,10241.69,0,2320.9,2025,5,May,Sunday,11379.66,10241.694
2025-05-18,ORD038266,CUST00332,P020,Microwave,Home,Hyderabad,Online,Credit Card,1,10032.38,0.1,10032.38,9029.14,0,609.04,2025,5,May,Sunday,10032.38,9029.142
2025-05-18,ORD009167,CUST01825,P015,Dining Table,Furniture,Ahmedabad,Online,UPI,1,20491.94,0.05,20491.94,19467.34,0,2715.45,2025,5,May,Sunday,20491.94,19467.342999999997
2025-05-18,ORD024027,CUST00316,P012,Air Fryer,Home,Surat,Store,UPI,2,7167.86,0.15,14335.72,12185.36,1,-609.27,2025,5,May,Sunday,14335.72,12185.362
2025-05-18,ORD035345,CUST00216,P006,Desk,Furniture,Mumbai,Store,Debit Card,1,11648.43,0.1,11648.43,10483.59,0,1555.32,2025,5,May,Sunday,11648.43,10483.587000000001
2025-05-18,ORD017407,CUST03605,P003,Headphones,Electronics,Mumbai,Online,UPI,1,4620.97,0.1,4620.97,4158.87,1,-207.94,2025,5,May,Sunday,4620.97,4158.8730000000005
2025-05-18,ORD039231,CUST02990,P013,Monitor,Electronics,Bengaluru,Online,UPI,2,17284.16,0.05,34568.32,32839.9,0,2904.11,2025,5,May,Sunday,34568.32,32839.903999999995
2025-05-18,ORD015122,CUST03988,P010,Coffee Maker,Home,Surat,Online,Credit Card,1,5343.35,0.1,5343.35,4809.02,0,546.17,2025,5,May,Sunday,5343.35,4809.015
2025-05-18,ORD008877,CUST00715,P013,Monitor,Electronics,Bengaluru,Online,Credit Card,5,19696.88,0.0,98484.4,98484.4,0,9675.27,2025,5,May,Sunday,98484.40000000001,98484.4
2025-05-18,ORD035990,CUST03436,P008,Running Shoes,Fashion,Jaipur,Online,UPI,2,4540.38,0.25,9080.76,6810.57,0,461.12,2025,5,May,Sunday,9080.76,6810.57
2025-05-18,ORD000922,CUST04314,P006,Desk,Furniture,Pune,Store,UPI,1,12417.6,0.1,12417.6,11175.84,0,2744.27,2025,5,May,Sunday,12417.6,11175.84
2025-05-18,ORD035814,CUST04571,P019,Vacuum Cleaner,Home,Hyderabad,Online,Credit Card,1,8877.96,0.1,8877.96,7990.16,0,1823.63,2025,5,May,Sunday,8877.96,7990.164
2025-05-18,ORD004720,CUST04880,P019,Vacuum Cleaner,Home,Chennai,Online,Credit Card,1,8839.52,0.1,8839.52,7955.57,0,493.66,2025,5,May,Sunday,8839.52,7955.568
2025-05-18,ORD038076,CUST04073,P018,Jacket,Fashion,Hyderabad,Online,Net Banking,1,4955.93,0.0,4955.93,4955.93,0,1375.1,2025,5,May,Sunday,4955.93,4955.93
2025-05-18,ORD004468,CUST03279,P012,Air Fryer,Home,Pune,Store,UPI,1,7686.16,0.25,7686.16,5764.62,0,1095.0,2025,5,May,Sunday,7686.16,5764.62
2025-05-18,ORD018102,CUST00405,P016,Sofa,Furniture,Delhi,Store,Credit Card,1,37230.46,0.25,37230.46,27922.84,0,4555.46,2025,5,May,Sunday,37230.46,27922.845
2025-05-18,ORD029234,CUST00020,P015,Dining Table,Furniture,Pune,Store,Credit Card,3,23959.2,0.05,71877.6,68283.72,0,10233.54,2025,5,May,Sunday,71877.6,68283.72
2025-05-18,ORD024867,CUST04804,P013,Monitor,Electronics,Surat,Store,UPI,1,18617.56,0.05,18617.56,17686.68,0,4356.06,2025,5,May,Sunday,18617.56,17686.682
2025-05-18,ORD033970,CUST03225,P017,Jeans,Fashion,Pune,Store,Credit Card,1,2830.52,0.05,2830.52,2688.99,0,385.57,2025,5,May,Sunday,2830.52,2688.9939999999997
2025-05-18,ORD027523,CUST03533,P002,Smartphone,Electronics,Hyderabad,Store,Credit Card,1,27562.62,0.1,27562.62,24806.36,0,1982.43,2025,5,May,Sunday,27562.62,24806.358
2025-05-18,ORD004199,CUST03371,P015,Dining Table,Furniture,Delhi,Store,Debit Card,2,21995.15,0.2,43990.3,35192.24,0,5448.37,2025,5,May,Sunday,43990.3,35192.240000000005
2025-05-18,ORD034239,CUST03082,P007,Backpack,Accessories,Kolkata,Online,Debit Card,2,2183.64,0.2,4367.28,3493.82,0,239.58,2025,5,May,Sunday,4367.28,3493.824
2025-05-18,ORD015438,CUST03901,P003,Headphones,Electronics,Bengaluru,Online,Cash,2,4516.76,0.15,9033.52,7678.49,0,919.71,2025,5,May,Sunday,9033.52,7678.492
2025-05-18,ORD005781,CUST01345,P001,Laptop,Electronics,Chennai,Online,Net Banking,1,68400.49,0.1,68400.49,61560.44,0,16887.59,2025,5,May,Sunday,68400.49,61560.441000000006
2025-05-18,ORD017835,CUST03667,P011,Mixer Grinder,Home,Ahmedabad,Online,UPI,1,4832.07,0.1,4832.07,4348.86,0,590.08,2025,5,May,Sunday,4832.07,4348.863
2025-05-18,ORD014575,CUST02697,P015,Dining Table,Furniture,Mumbai,Online,UPI,3,21185.13,0.1,63555.39,57199.85,0,3892.36,2025,5,May,Sunday,63555.39,57199.851
2025-05-18,ORD010053,CUST04777,P012,Air Fryer,Home,Ahmedabad,Online,UPI,1,7277.86,0.05,7277.86,6913.97,0,972.14,2025,5,May,Sunday,7277.86,6913.967
2025-05-18,ORD048126,CUST00581,P008,Running Shoes,Fashion,Bengaluru,Store,UPI,1,4474.59,0.0,4474.59,4474.59,0,598.72,2025,5,May,Sunday,4474.59,4474.59
2025-05-18,ORD033839,CUST00565,P017,Jeans,Fashion,Chennai,Store,Cash,4,2945.11,0.05,11780.44,11191.42,0,1572.43,2025,5,May,Sunday,11780.44,11191.418
2025-05-18,ORD018790,CUST02144,P002,Smartphone,Electronics,Chennai,Store,UPI,1,29847.55,0.1,29847.55,26862.8,0,3286.51,2025,5,May,Sunday,29847.55,26862.795
2025-05-18,ORD019398,CUST00806,P019,Vacuum Cleaner,Home,Hyderabad,Store,UPI,1,9777.1,0.0,9777.1,9777.1,0,1500.17,2025,5,May,Sunday,9777.1,9777.1
2025-05-18,ORD014213,CUST04208,P017,Jeans,Fashion,Surat,Store,Net Banking,4,2853.36,0.2,11413.44,9130.75,0,2085.27,2025,5,May,Sunday,11413.44,9130.752
2025-05-18,ORD042894,CUST02071,P018,Jacket,Fashion,Ahmedabad,Store,Credit Card,1,5507.6,0.15,5507.6,4681.46,0,1044.25,2025,5,May,Sunday,5507.6,4681.46
2025-05-18,ORD009588,CUST03439,P007,Backpack,Accessories,Pune,Online,Net Banking,2,2036.04,0.1,4072.08,3664.87,0,705.53,2025,5,May,Sunday,4072.08,3664.872
2025-05-18,ORD005258,CUST01443,P016,Sofa,Furniture,Delhi,Online,Credit Card,5,37872.24,0.1,189361.2,170425.08,0,14717.92,2025,5,May,Sunday,189361.19999999998,170425.08000000002
2025-05-19,ORD038030,CUST02947,P010,Coffee Maker,Home,Surat,Online,UPI,1,5761.31,0.1,5761.31,5185.18,1,-259.26,2025,5,May,Monday,5761.31,5185.179
2025-05-19,ORD027051,CUST03412,P017,Jeans,Fashion,Jaipur,Online,UPI,1,2985.06,0.1,2985.06,2686.55,0,448.87,2025,5,May,Monday,2985.06,2686.554
2025-05-19,ORD029723,CUST03296,P005,Office Chair,Furniture,Ahmedabad,Online,UPI,2,9171.83,0.0,18343.66,18343.66,0,3068.4,2025,5,May,Monday,18343.66,18343.66
2025-05-19,ORD028296,CUST01652,P004,Smartwatch,Electronics,Kolkata,Store,UPI,5,6972.95,0.1,34864.75,31378.28,1,-1568.91,2025,5,May,Monday,34864.75,31378.275
2025-05-19,ORD049654,CUST01092,P014,Keyboard,Electronics,Surat,Store,Net Banking,1,2562.29,0.25,2562.29,1921.72,0,189.58,2025,5,May,Monday,2562.29,1921.7175
2025-05-19,ORD005538,CUST04610,P001,Laptop,Electronics,Surat,Store,Credit Card,1,68729.36,0.15,68729.36,58419.96,1,-2921.0,2025,5,May,Monday,68729.36,58419.956
2025-05-19,ORD036122,CUST00086,P018,Jacket,Fashion,Ahmedabad,Store,Debit Card,1,5582.44,0.0,5582.44,5582.44,0,1407.37,2025,5,May,Monday,5582.44,5582.44
2025-05-19,ORD016143,CUST04243,P010,Coffee Maker,Home,Kolkata,Online,Credit Card,2,5521.35,0.0,11042.7,11042.7,0,3073.85,2025,5,May,Monday,11042.7,11042.7
2025-05-19,ORD039795,CUST01117,P012,Air Fryer,Home,Ahmedabad,Store,Credit Card,1,7255.2,0.15,7255.2,6166.92,1,-308.35,2025,5,May,Monday,7255.2,6166.92
2025-05-19,ORD016477,CUST01759,P011,Mixer Grinder,Home,Delhi,Store,UPI,4,5022.58,0.1,20090.32,18081.29,0,4253.1,2025,5,May,Monday,20090.32,18081.288
2025-05-19,ORD023790,CUST00285,P003,Headphones,Electronics,Bengaluru,Online,Net Banking,4,4622.7,0.1,18490.8,16641.72,0,2653.4,2025,5,May,Monday,18490.8,16641.72
2025-05-19,ORD007151,CUST04220,P002,Smartphone,Electronics,Ahmedabad,Store,Debit Card,1,25338.09,0.05,25338.09,24071.19,0,5905.71,2025,5,May,Monday,25338.09,24071.1855
2025-05-19,ORD041420,CUST00842,P006,Desk,Furniture,Surat,Online,Credit Card,1,11759.29,0.05,11759.29,11171.33,0,1497.62,2025,5,May,Monday,11759.29,11171.3255
2025-05-19,ORD019445,CUST02552,P015,Dining Table,Furniture,Hyderabad,Online,UPI,2,23832.13,0.15,47664.26,40514.62,0,9910.19,2025,5,May,Monday,47664.26,40514.621
2025-05-19,ORD014425,CUST00591,P014,Keyboard,Electronics,Surat,Online,UPI,1,2553.59,0.05,2553.59,2425.91,0,366.68,2025,5,May,Monday,2553.59,2425.9105
2025-05-19,ORD021077,CUST00756,P018,Jacket,Fashion,Pune,Online,UPI,1,5270.27,0.15,5270.27,4479.73,0,781.01,2025,5,May,Monday,5270.27,4479.7295
2025-05-19,ORD036864,CUST00430,P010,Coffee Maker,Home,Delhi,Online,UPI,1,5367.88,0.0,5367.88,5367.88,0,608.83,2025,5,May,Monday,5367.88,5367.88
2025-05-19,ORD007227,CUST01708,P005,Office Chair,Furniture,Ahmedabad,Store,Cash,1,9443.49,0.15,9443.49,8026.97,0,2011.19,2025,5,May,Monday,9443.49,8026.9664999999995
2025-05-19,ORD034511,CUST02457,P014,Keyboard,Electronics,Pune,Online,Credit Card,1,2318.55,0.0,2318.55,2318.55,0,465.94,2025,5,May,Monday,2318.55,2318.55
2025-05-19,ORD030435,CUST02274,P007,Backpack,Accessories,Pune,Store,Net Banking,1,2037.44,0.05,2037.44,1935.57,0,262.73,2025,5,May,Monday,2037.44,1935.568
2025-05-19,ORD013441,CUST00504,P018,Jacket,Fashion,Ahmedabad,Store,Debit Card,5,5006.61,0.05,25033.05,23781.4,0,6003.75,2025,5,May,Monday,25033.05,23781.3975
2025-05-19,ORD014925,CUST00214,P014,Keyboard,Electronics,Kolkata,Store,UPI,1,2619.3,0.1,2619.3,2357.37,0,484.83,2025,5,May,Monday,2619.3,2357.3700000000003
2025-05-19,ORD004336,CUST02293,P004,Smartwatch,Electronics,Hyderabad,Online,Credit Card,1,7308.33,0.1,7308.33,6577.5,0,1502.19,2025,5,May,Monday,7308.33,6577.497
2025-05-19,ORD008956,CUST00847,P002,Smartphone,Electronics,Surat,Online,UPI,1,26634.47,0.25,26634.47,19975.85,0,934.98,2025,5,May,Monday,26634.47,19975.8525
2025-05-19,ORD003649,CUST03783,P020,Microwave,Home,Pune,Online,Credit Card,3,10175.63,0.0,30526.89,30526.89,0,2729.95,2025,5,May,Monday,30526.89,30526.89
2025-05-19,ORD015751,CUST04650,P009,T-Shirt,Fashion,Hyderabad,Online,Credit Card,1,1235.31,0.1,1235.31,1111.78,0,147.43,2025,5,May,Monday,1235.31,1111.779
2025-05-19,ORD000235,CUST01820,P015,Dining Table,Furniture,Delhi,Store,Credit Card,1,22258.03,0.0,22258.03,22258.03,0,5351.23,2025,5,May,Monday,22258.03,22258.03
2025-05-19,ORD030612,CUST02937,P010,Coffee Maker,Home,Surat,Online,UPI,1,5339.28,0.0,5339.28,5339.28,0,1424.72,2025,5,May,Monday,5339.28,5339.28
2025-05-19,ORD040847,CUST00716,P019,Vacuum Cleaner,Home,Bengaluru,Store,UPI,1,8849.27,0.1,8849.27,7964.34,0,1425.77,2025,5,May,Monday,8849.27,7964.343000000001
2025-05-19,ORD021680,CUST02976,P006,Desk,Furniture,Chennai,Online,Credit Card,3,11981.71,0.05,35945.13,34147.87,0,5871.64,2025,5,May,Monday,35945.13,34147.873499999994
2025-05-19,ORD046849,CUST03882,P015,Dining Table,Furniture,Hyderabad,Online,Credit Card,1,23807.61,0.25,23807.61,17855.71,0,2446.9,2025,5,May,Monday,23807.61,17855.7075
2025-05-19,ORD001965,CUST01104,P001,Laptop,Electronics,Delhi,Store,UPI,1,70462.5,0.0,70462.5,70462.5,0,14799.27,2025,5,May,Monday,70462.5,70462.5
2025-05-19,ORD017705,CUST04056,P012,Air Fryer,Home,Surat,Store,Cash,1,7766.27,0.1,7766.27,6989.64,0,1591.13,2025,5,May,Monday,7766.27,6989.643000000001
2025-05-19,ORD043213,CUST00671,P001,Laptop,Electronics,Ahmedabad,Store,UPI,1,63458.31,0.1,63458.31,57112.48,0,14512.45,2025,5,May,Monday,63458.31,57112.479
2025-05-19,ORD040546,CUST02052,P012,Air Fryer,Home,Kolkata,Online,UPI,3,6792.38,0.0,20377.14,20377.14,0,2780.73,2025,5,May,Monday,20377.14,20377.14
2025-05-19,ORD016801,CUST01716,P002,Smartphone,Electronics,Bengaluru,Online,Credit Card,3,30376.43,0.1,91129.29,82016.36,0,19023.14,2025,5,May,Monday,91129.29000000001,82016.36099999999
2025-05-19,ORD039076,CUST04509,P019,Vacuum Cleaner,Home,Jaipur,Store,Debit Card,2,8997.34,0.05,17994.68,17094.95,0,3677.71,2025,5,May,Monday,17994.68,17094.946
2025-05-19,ORD022708,CUST03336,P015,Dining Table,Furniture,Mumbai,Online,Credit Card,1,23700.79,0.05,23700.79,22515.75,0,3422.71,2025,5,May,Monday,23700.79,22515.7505
2025-05-19,ORD003407,CUST00921,P010,Coffee Maker,Home,Pune,Store,Debit Card,2,5367.92,0.15,10735.84,9125.46,0,504.72,2025,5,May,Monday,10735.84,9125.464
2025-05-19,ORD010855,CUST01394,P019,Vacuum Cleaner,Home,Bengaluru,Store,Credit Card,1,9824.11,0.25,9824.11,7368.08,0,1011.64,2025,5,May,Monday,9824.11,7368.0825
2025-05-19,ORD028484,CUST00586,P005,Office Chair,Furniture,Bengaluru,Online,Debit Card,1,9395.72,0.0,9395.72,9395.72,0,2683.22,2025,5,May,Monday,9395.72,9395.72
2025-05-19,ORD006542,CUST03465,P001,Laptop,Electronics,Delhi,Online,Debit Card,2,67673.52,0.2,135347.04,108277.63,0,17440.12,2025,5,May,Monday,135347.04,108277.63200000001
2025-05-19,ORD024268,CUST02887,P020,Microwave,Home,Hyderabad,Store,Debit Card,1,11860.8,0.2,11860.8,9488.64,0,2421.02,2025,5,May,Monday,11860.8,9488.64
2025-05-19,ORD049708,CUST04845,P008,Running Shoes,Fashion,Jaipur,Online,UPI,2,4340.0,0.05,8680.0,8246.0,0,1730.3,2025,5,May,Monday,8680.0,8246.0
2025-05-19,ORD019634,CUST02903,P006,Desk,Furniture,Ahmedabad,Online,Net Banking,1,11741.77,0.0,11741.77,11741.77,0,1883.66,2025,5,May,Monday,11741.77,11741.77
2025-05-19,ORD023975,CUST03240,P018,Jacket,Fashion,Mumbai,Store,Credit Card,1,5344.7,0.1,5344.7,4810.23,0,785.79,2025,5,May,Monday,5344.7,4810.23
2025-05-19,ORD008850,CUST03786,P007,Backpack,Accessories,Surat,Online,UPI,2,2195.92,0.1,4391.84,3952.66,0,661.22,2025,5,May,Monday,4391.84,3952.6560000000004
2025-05-19,ORD022485,CUST02553,P007,Backpack,Accessories,Kolkata,Online,Net Banking,1,2285.93,0.05,2285.93,2171.63,0,336.98,2025,5,May,Monday,2285.93,2171.6335
2025-05-19,ORD037541,CUST02922,P013,Monitor,Electronics,Bengaluru,Online,Credit Card,2,18450.66,0.1,36901.32,33211.19,0,4978.9,2025,5,May,Monday,36901.32,33211.188
2025-05-19,ORD018022,CUST03021,P019,Vacuum Cleaner,Home,Mumbai,Online,Credit Card,1,9857.35,0.2,9857.35,7885.88,0,2019.86,2025,5,May,Monday,9857.35,7885.880000000001
2025-05-19,ORD031420,CUST04638,P001,Laptop,Electronics,Ahmedabad,Store,UPI,2,63420.36,0.1,126840.72,114156.65,0,26496.52,2025,5,May,Monday,126840.72,114156.648
2025-05-19,ORD010140,CUST01520,P008,Running Shoes,Fashion,Ahmedabad,Online,UPI,1,4598.19,0.0,4598.19,4598.19,0,924.88,2025,5,May,Monday,4598.19,4598.19
2025-05-19,ORD035301,CUST01154,P002,Smartphone,Electronics,Kolkata,Online,UPI,1,29078.29,0.2,29078.29,23262.63,0,2879.88,2025,5,May,Monday,29078.29,23262.632
2025-05-19,ORD004744,CUST02840,P010,Coffee Maker,Home,Kolkata,Store,UPI,3,5891.69,0.15,17675.07,15023.81,0,2899.87,2025,5,May,Monday,17675.07,15023.8095
2025-05-19,ORD042608,CUST00432,P015,Dining Table,Furniture,Jaipur,Online,Credit Card,1,21658.14,0.1,21658.14,19492.33,0,1308.27,2025,5,May,Monday,21658.14,19492.326
2025-05-19,ORD007563,CUST03360,P007,Backpack,Accessories,Surat,Store,Debit Card,4,2164.37,0.15,8657.48,7358.86,0,1790.39,2025,5,May,Monday,8657.48,7358.857999999999
2025-05-19,ORD004219,CUST00673,P007,Backpack,Accessories,Chennai,Store,Credit Card,3,2179.2,0.1,6537.6,5883.84,0,1355.97,2025,5,May,Monday,6537.599999999999,5883.84
2025-05-19,ORD025895,CUST02128,P018,Jacket,Fashion,Hyderabad,Store,UPI,1,5378.92,0.1,5378.92,4841.03,0,1035.86,2025,5,May,Monday,5378.92,4841.028
2025-05-19,ORD030710,CUST04442,P011,Mixer Grinder,Home,Mumbai,Online,UPI,1,4729.37,0.15,4729.37,4019.96,0,1048.39,2025,5,May,Monday,4729.37,4019.9644999999996
2025-05-19,ORD046838,CUST04265,P014,Keyboard,Electronics,Chennai,Online,Net Banking,1,2525.75,0.05,2525.75,2399.46,1,-119.97,2025,5,May,Monday,2525.75,2399.4625
2025-05-19,ORD001287,CUST01265,P018,Jacket,Fashion,Kolkata,Store,UPI,2,5076.84,0.0,10153.68,10153.68,0,1412.62,2025,5,May,Monday,10153.68,10153.68
2025-05-19,ORD021244,CUST03955,P002,Smartphone,Electronics,Pune,Online,Credit Card,1,25247.24,0.2,25247.24,20197.79,0,3030.82,2025,5,May,Monday,25247.24,20197.792
2025-05-19,ORD026414,CUST01898,P015,Dining Table,Furniture,Mumbai,Online,Net Banking,1,23635.67,0.0,23635.67,23635.67,1,-1181.78,2025,5,May,Monday,23635.67,23635.67
2025-05-20,ORD010740,CUST04485,P003,Headphones,Electronics,Ahmedabad,Store,UPI,4,4135.5,0.05,16542.0,15714.9,0,1322.7,2025,5,May,Tuesday,16542.0,15714.9
2025-05-20,ORD034068,CUST00188,P011,Mixer Grinder,Home,Jaipur,Store,Credit Card,1,4389.66,0.2,4389.66,3511.73,0,726.32,2025,5,May,Tuesday,4389.66,3511.728
2025-05-20,ORD018257,CUST03002,P009,T-Shirt,Fashion,Mumbai,Online,Credit Card,3,1159.15,0.1,3477.45,3129.71,0,253.89,2025,5,May,Tuesday,3477.4500000000003,3129.705
2025-05-20,ORD024174,CUST03479,P011,Mixer Grinder,Home,Surat,Online,UPI,1,5185.0,0.0,5185.0,5185.0,0,1502.77,2025,5,May,Tuesday,5185.0,5185.0
2025-05-20,ORD042293,CUST03802,P009,T-Shirt,Fashion,Delhi,Online,Cash,1,1118.76,0.1,1118.76,1006.88,0,196.2,2025,5,May,Tuesday,1118.76,1006.884
2025-05-20,ORD002059,CUST02436,P005,Office Chair,Furniture,Delhi,Online,Debit Card,1,9682.09,0.0,9682.09,9682.09,0,1466.81,2025,5,May,Tuesday,9682.09,9682.09
2025-05-20,ORD000063,CUST01907,P019,Vacuum Cleaner,Home,Jaipur,Store,UPI,2,9021.02,0.2,18042.04,14433.63,0,917.66,2025,5,May,Tuesday,18042.04,14433.632000000001
2025-05-20,ORD035491,CUST02677,P010,Coffee Maker,Home,Bengaluru,Store,Debit Card,2,5094.33,0.0,10188.66,10188.66,0,2203.71,2025,5,May,Tuesday,10188.66,10188.66
2025-05-20,ORD035914,CUST04802,P006,Desk,Furniture,Hyderabad,Online,Cash,1,10894.41,0.15,10894.41,9260.25,0,2094.7,2025,5,May,Tuesday,10894.41,9260.2485
2025-05-20,ORD029466,CUST04599,P007,Backpack,Accessories,Kolkata,Online,UPI,2,2000.05,0.15,4000.1,3400.08,0,224.07,2025,5,May,Tuesday,4000.1,3400.085
2025-05-20,ORD006749,CUST01520,P018,Jacket,Fashion,Hyderabad,Online,Credit Card,1,4745.06,0.0,4745.06,4745.06,0,624.73,2025,5,May,Tuesday,4745.06,4745.06
2025-05-20,ORD006747,CUST00754,P006,Desk,Furniture,Pune,Store,Credit Card,1,11504.86,0.05,11504.86,10929.62,0,2341.99,2025,5,May,Tuesday,11504.86,10929.617
2025-05-20,ORD006215,CUST02661,P019,Vacuum Cleaner,Home,Chennai,Store,UPI,2,9031.09,0.25,18062.18,13546.64,0,1308.8,2025,5,May,Tuesday,18062.18,13546.635
2025-05-20,ORD017709,CUST03414,P020,Microwave,Home,Hyderabad,Store,Debit Card,4,11291.46,0.05,45165.84,42907.55,0,12143.81,2025,5,May,Tuesday,45165.84,42907.547999999995
2025-05-20,ORD004838,CUST00331,P001,Laptop,Electronics,Pune,Online,Debit Card,1,71409.93,0.15,71409.93,60698.44,0,10473.65,2025,5,May,Tuesday,71409.93,60698.44049999999
2025-05-20,ORD019767,CUST01052,P008,Running Shoes,Fashion,Ahmedabad,Online,Debit Card,3,4027.09,0.2,12081.27,9665.02,0,2021.71,2025,5,May,Tuesday,12081.27,9665.016000000001
2025-05-20,ORD022829,CUST01661,P020,Microwave,Home,Chennai,Online,Credit Card,1,10283.8,0.0,10283.8,10283.8,0,1450.87,2025,5,May,Tuesday,10283.8,10283.8
2025-05-20,ORD004182,CUST02285,P017,Jeans,Fashion,Delhi,Store,UPI,1,2745.06,0.0,2745.06,2745.06,0,736.11,2025,5,May,Tuesday,2745.06,2745.06
2025-05-20,ORD024383,CUST00865,P017,Jeans,Fashion,Chennai,Online,Credit Card,2,2783.75,0.1,5567.5,5010.75,0,569.04,2025,5,May,Tuesday,5567.5,5010.75
2025-05-20,ORD004833,CUST04662,P011,Mixer Grinder,Home,Bengaluru,Store,Cash,3,4873.18,0.15,14619.54,12426.61,0,3095.86,2025,5,May,Tuesday,14619.54,12426.609
2025-05-20,ORD009028,CUST04078,P005,Office Chair,Furniture,Ahmedabad,Store,Cash,1,9389.84,0.25,9389.84,7042.38,0,1466.28,2025,5,May,Tuesday,9389.84,7042.38
2025-05-20,ORD046713,CUST01184,P004,Smartwatch,Electronics,Pune,Store,UPI,1,6990.52,0.1,6990.52,6291.47,0,820.49,2025,5,May,Tuesday,6990.52,6291.468000000001
2025-05-20,ORD010308,CUST04099,P017,Jeans,Fashion,Hyderabad,Store,Debit Card,1,2579.34,0.05,2579.34,2450.37,0,510.34,2025,5,May,Tuesday,2579.34,2450.373
2025-05-20,ORD006610,CUST02659,P014,Keyboard,Electronics,Surat,Online,UPI,4,2505.6,0.1,10022.4,9020.16,0,1548.1,2025,5,May,Tuesday,10022.4,9020.16
2025-05-20,ORD047740,CUST02840,P004,Smartwatch,Electronics,Mumbai,Store,Credit Card,2,7663.9,0.1,15327.8,13795.02,0,2297.81,2025,5,May,Tuesday,15327.8,13795.02
2025-05-20,ORD026009,CUST04814,P012,Air Fryer,Home,Hyderabad,Online,Credit Card,1,6807.75,0.15,6807.75,5786.59,0,495.59,2025,5,May,Tuesday,6807.75,5786.5875
2025-05-20,ORD003422,CUST01639,P017,Jeans,Fashion,Jaipur,Store,UPI,3,2589.63,0.15,7768.89,6603.56,1,-330.18,2025,5,May,Tuesday,7768.89,6603.5565
2025-05-20,ORD046120,CUST03402,P003,Headphones,Electronics,Kolkata,Online,Debit Card,1,4424.42,0.1,4424.42,3981.98,0,727.29,2025,5,May,Tuesday,4424.42,3981.978
2025-05-20,ORD023973,CUST02238,P017,Jeans,Fashion,Pune,Online,Debit Card,2,2886.54,0.1,5773.08,5195.77,0,955.88,2025,5,May,Tuesday,5773.08,5195.772
2025-05-20,ORD014429,CUST02498,P002,Smartphone,Electronics,Mumbai,Online,Net Banking,1,27787.5,0.05,27787.5,26398.12,0,2052.02,2025,5,May,Tuesday,27787.5,26398.125
2025-05-20,ORD035608,CUST03840,P002,Smartphone,Electronics,Ahmedabad,Online,UPI,3,25662.28,0.2,76986.84,61589.47,0,10354.38,2025,5,May,Tuesday,76986.84,61589.472
2025-05-20,ORD020460,CUST00616,P016,Sofa,Furniture,Surat,Online,Debit Card,1,35642.23,0.1,35642.23,32078.01,0,6120.54,2025,5,May,Tuesday,35642.23,32078.007000000005
2025-05-20,ORD034217,CUST04154,P005,Office Chair,Furniture,Jaipur,Store,Net Banking,1,9223.01,0.2,9223.01,7378.41,0,1629.25,2025,5,May,Tuesday,9223.01,7378.408
2025-05-20,ORD016398,CUST04783,P016,Sofa,Furniture,Delhi,Store,Debit Card,4,33437.93,0.15,133751.72,113688.96,0,7429.9,2025,5,May,Tuesday,133751.72,113688.962
2025-05-20,ORD017886,CUST03146,P018,Jacket,Fashion,Jaipur,Store,Credit Card,1,5580.55,0.25,5580.55,4185.41,0,620.14,2025,5,May,Tuesday,5580.55,4185.4125
2025-05-20,ORD034371,CUST03021,P020,Microwave,Home,Jaipur,Online,Credit Card,1,11622.03,0.15,11622.03,9878.73,0,1392.14,2025,5,May,Tuesday,11622.03,9878.7255
2025-05-20,ORD031624,CUST03513,P009,T-Shirt,Fashion,Pune,Online,Net Banking,1,1129.25,0.2,1129.25,903.4,0,220.25,2025,5,May,Tuesday,1129.25,903.4000000000001
2025-05-20,ORD004888,CUST04017,P012,Air Fryer,Home,Ahmedabad,Online,Credit Card,1,7589.12,0.05,7589.12,7209.66,0,793.65,2025,5,May,Tuesday,7589.12,7209.664
2025-05-20,ORD040662,CUST02024,P010,Coffee Maker,Home,Mumbai,Store,UPI,1,5373.12,0.25,5373.12,4029.84,0,352.57,2025,5,May,Tuesday,5373.12,4029.84
2025-05-20,ORD029164,CUST03436,P006,Desk,Furniture,Delhi,Online,UPI,3,13192.3,0.15,39576.9,33640.36,0,6160.26,2025,5,May,Tuesday,39576.899999999994,33640.365
2025-05-20,ORD008189,CUST03592,P014,Keyboard,Electronics,Ahmedabad,Online,UPI,5,2436.11,0.0,12180.55,12180.55,0,1729.24,2025,5,May,Tuesday,12180.550000000001,12180.55
2025-05-20,ORD002957,CUST00031,P014,Keyboard,Electronics,Ahmedabad,Online,Net Banking,1,2564.32,0.1,2564.32,2307.89,0,374.98,2025,5,May,Tuesday,2564.32,2307.8880000000004
2025-05-20,ORD018313,CUST00074,P010,Coffee Maker,Home,Mumbai,Online,Net Banking,1,5168.69,0.05,5168.69,4910.26,0,721.5,2025,5,May,Tuesday,5168.69,4910.255499999999
2025-05-20,ORD023813,CUST01811,P002,Smartphone,Electronics,Ahmedabad,Online,Debit Card,2,27389.67,0.05,54779.34,52040.37,0,14991.13,2025,5,May,Tuesday,54779.34,52040.37299999999
2025-05-20,ORD043037,CUST01042,P014,Keyboard,Electronics,Jaipur,Online,Debit Card,1,2717.74,0.05,2717.74,2581.85,0,459.13,2025,5,May,Tuesday,2717.74,2581.8529999999996
2025-05-20,ORD026518,CUST00237,P016,Sofa,Furniture,Mumbai,Online,Credit Card,1,34820.43,0.25,34820.43,26115.32,0,2401.51,2025,5,May,Tuesday,34820.43,26115.322500000002
2025-05-20,ORD037647,CUST04406,P018,Jacket,Fashion,Chennai,Store,Net Banking,1,5079.6,0.05,5079.6,4825.62,0,390.84,2025,5,May,Tuesday,5079.6,4825.62
2025-05-20,ORD000589,CUST01358,P002,Smartphone,Electronics,Jaipur,Online,UPI,1,30005.58,0.25,30005.58,22504.18,0,5528.32,2025,5,May,Tuesday,30005.58,22504.185
2025-05-20,ORD015634,CUST04365,P015,Dining Table,Furniture,Surat,Online,Credit Card,3,23910.65,0.1,71731.95,64558.76,0,11724.98,2025,5,May,Tuesday,71731.95000000001,64558.755
2025-05-20,ORD047813,CUST02327,P014,Keyboard,Electronics,Bengaluru,Store,Credit Card,1,2354.08,0.1,2354.08,2118.67,0,577.55,2025,5,May,Tuesday,2354.08,2118.672
2025-05-20,ORD045607,CUST00817,P019,Vacuum Cleaner,Home,Surat,Online,Credit Card,2,9177.91,0.05,18355.82,17438.03,0,2419.35,2025,5,May,Tuesday,18355.82,17438.029
2025-05-20,ORD012246,CUST03828,P010,Coffee Maker,Home,Hyderabad,Online,UPI,1,5012.42,0.1,5012.42,4511.18,0,550.59,2025,5,May,Tuesday,5012.42,4511.178
2025-05-20,ORD012716,CUST00365,P020,Microwave,Home,Chennai,Online,UPI,4,10194.75,0.1,40779.0,36701.1,0,6201.31,2025,5,May,Tuesday,40779.0,36701.1
2025-05-20,ORD028244,CUST02606,P014,Keyboard,Electronics,Chennai,Store,UPI,1,2349.72,0.0,2349.72,2349.72,0,417.04,2025,5,May,Tuesday,2349.72,2349.72
2025-05-20,ORD003806,CUST02676,P005,Office Chair,Furniture,Pune,Online,UPI,4,9108.17,0.0,36432.68,36432.68,0,3078.89,2025,5,May,Tuesday,36432.68,36432.68
2025-05-20,ORD046929,CUST03571,P014,Keyboard,Electronics,Bengaluru,Store,UPI,1,2471.25,0.05,2471.25,2347.69,0,250.11,2025,5,May,Tuesday,2471.25,2347.6875
2025-05-20,ORD023369,CUST03313,P015,Dining Table,Furniture,Hyderabad,Online,UPI,1,21850.71,0.05,21850.71,20758.17,0,3644.89,2025,5,May,Tuesday,21850.71,20758.174499999997
2025-05-20,ORD030523,CUST01105,P019,Vacuum Cleaner,Home,Hyderabad,Store,UPI,1,8623.11,0.2,8623.11,6898.49,0,919.22,2025,5,May,Tuesday,8623.11,6898.488000000001
2025-05-20,ORD018473,CUST02879,P010,Coffee Maker,Home,Chennai,Store,Credit Card,2,5151.49,0.1,10302.98,9272.68,0,2253.29,2025,5,May,Tuesday,10302.98,9272.682
2025-05-20,ORD023015,CUST00304,P008,Running Shoes,Fashion,Bengaluru,Store,Credit Card,1,3886.39,0.25,3886.39,2914.79,0,663.5,2025,5,May,Tuesday,3886.39,2914.7925
2025-05-21,ORD041504,CUST02809,P012,Air Fryer,Home,Chennai,Online,Credit Card,2,7649.59,0.05,15299.18,14534.22,0,2402.28,2025,5,May,Wednesday,15299.18,14534.221
2025-05-21,ORD004094,CUST04666,P007,Backpack,Accessories,Jaipur,Store,Credit Card,1,2092.98,0.1,2092.98,1883.68,0,365.77,2025,5,May,Wednesday,2092.98,1883.682
2025-05-21,ORD031228,CUST03266,P018,Jacket,Fashion,Chennai,Store,Net Banking,1,5330.81,0.1,5330.81,4797.73,0,975.81,2025,5,May,Wednesday,5330.81,4797.729
2025-05-21,ORD017203,CUST02900,P008,Running Shoes,Fashion,Pune,Store,Net Banking,2,4284.46,0.0,8568.92,8568.92,0,2009.17,2025,5,May,Wednesday,8568.92,8568.92
2025-05-21,ORD033326,CUST01165,P013,Monitor,Electronics,Bengaluru,Online,UPI,3,18798.99,0.1,56396.97,50757.27,0,8678.95,2025,5,May,Wednesday,56396.97,50757.273
2025-05-21,ORD029647,CUST02919,P005,Office Chair,Furniture,Chennai,Online,Debit Card,1,9419.99,0.1,9419.99,8477.99,0,1126.64,2025,5,May,Wednesday,9419.99,8477.991
2025-05-21,ORD045249,CUST00941,P015,Dining Table,Furniture,Kolkata,Online,Net Banking,5,22571.35,0.15,112856.75,95928.24,0,13594.03,2025,5,May,Wednesday,112856.75,95928.2375
2025-05-21,ORD005425,CUST04023,P010,Coffee Maker,Home,Chennai,Online,Credit Card,2,5787.52,0.0,11575.04,11575.04,0,3458.36,2025,5,May,Wednesday,11575.04,11575.04
2025-05-21,ORD012523,CUST02071,P004,Smartwatch,Electronics,Ahmedabad,Store,UPI,1,7662.17,0.0,7662.17,7662.17,0,1115.45,2025,5,May,Wednesday,7662.17,7662.17
2025-05-21,ORD041003,CUST00240,P005,Office Chair,Furniture,Delhi,Store,Debit Card,1,10315.2,0.05,10315.2,9799.44,0,2571.58,2025,5,May,Wednesday,10315.2,9799.44
2025-05-21,ORD020672,CUST02446,P008,Running Shoes,Fashion,Chennai,Online,UPI,2,4489.04,0.2,8978.08,7182.46,0,1009.98,2025,5,May,Wednesday,8978.08,7182.464
2025-05-21,ORD049526,CUST01775,P008,Running Shoes,Fashion,Bengaluru,Store,Credit Card,1,4374.25,0.1,4374.25,3936.82,0,1007.71,2025,5,May,Wednesday,4374.25,3936.8250000000003
2025-05-21,ORD034372,CUST01910,P009,T-Shirt,Fashion,Mumbai,Store,Debit Card,5,1286.81,0.1,6434.05,5790.64,0,1039.11,2025,5,May,Wednesday,6434.049999999999,5790.645
2025-05-21,ORD047745,CUST04400,P019,Vacuum Cleaner,Home,Jaipur,Online,UPI,1,9516.89,0.2,9516.89,7613.51,0,1106.47,2025,5,May,Wednesday,9516.89,7613.512
2025-05-21,ORD040244,CUST02465,P015,Dining Table,Furniture,Surat,Store,UPI,1,20647.09,0.05,20647.09,19614.74,0,5547.79,2025,5,May,Wednesday,20647.09,19614.7355
2025-05-21,ORD023685,CUST03380,P020,Microwave,Home,Bengaluru,Online,Cash,4,10773.08,0.2,43092.32,34473.86,0,3381.43,2025,5,May,Wednesday,43092.32,34473.856
2025-05-21,ORD009580,CUST00933,P007,Backpack,Accessories,Ahmedabad,Online,Net Banking,3,2391.19,0.15,7173.57,6097.53,0,759.28,2025,5,May,Wednesday,7173.57,6097.5345
2025-05-21,ORD037312,CUST00436,P019,Vacuum Cleaner,Home,Ahmedabad,Online,Credit Card,2,9429.69,0.05,18859.38,17916.41,0,4405.99,2025,5,May,Wednesday,18859.38,17916.411
2025-05-21,ORD010261,CUST01243,P016,Sofa,Furniture,Chennai,Store,Credit Card,2,38388.28,0.15,76776.56,65260.08,0,6969.55,2025,5,May,Wednesday,76776.56,65260.075999999994
2025-05-21,ORD049774,CUST04367,P013,Monitor,Electronics,Bengaluru,Online,Credit Card,4,17308.06,0.05,69232.24,65770.63,1,-3288.53,2025,5,May,Wednesday,69232.24,65770.628
2025-05-21,ORD027046,CUST02453,P004,Smartwatch,Electronics,Chennai,Online,UPI,2,7549.07,0.0,15098.14,15098.14,0,3451.73,2025,5,May,Wednesday,15098.14,15098.14
2025-05-21,ORD026499,CUST03344,P002,Smartphone,Electronics,Delhi,Online,Credit Card,1,27602.97,0.1,27602.97,24842.67,0,4646.19,2025,5,May,Wednesday,27602.97,24842.673000000003
2025-05-21,ORD043278,CUST03967,P014,Keyboard,Electronics,Chennai,Store,Credit Card,2,2638.56,0.1,5277.12,4749.41,0,754.02,2025,5,May,Wednesday,5277.12,4749.408
2025-05-21,ORD005790,CUST03069,P012,Air Fryer,Home,Mumbai,Online,Cash,1,6729.98,0.15,6729.98,5720.48,0,1523.34,2025,5,May,Wednesday,6729.98,5720.482999999999
2025-05-21,ORD042671,CUST02433,P016,Sofa,Furniture,Kolkata,Online,Net Banking,1,33128.43,0.15,33128.43,28159.17,0,2448.88,2025,5,May,Wednesday,33128.43,28159.1655
2025-05-21,ORD036508,CUST01133,P015,Dining Table,Furniture,Delhi,Online,Credit Card,1,20743.02,0.05,20743.02,19705.87,0,4439.15,2025,5,May,Wednesday,20743.02,19705.869
2025-05-21,ORD019362,CUST02228,P020,Microwave,Home,Hyderabad,Store,UPI,1,12085.12,0.0,12085.12,12085.12,0,3170.13,2025,5,May,Wednesday,12085.12,12085.12
2025-05-21,ORD043878,CUST02433,P019,Vacuum Cleaner,Home,Chennai,Store,UPI,1,9868.16,0.1,9868.16,8881.34,0,2386.71,2025,5,May,Wednesday,9868.16,8881.344000000001
2025-05-21,ORD029209,CUST00215,P013,Monitor,Electronics,Chennai,Online,Net Banking,3,17008.79,0.15,51026.37,43372.41,1,-2168.62,2025,5,May,Wednesday,51026.37,43372.4145
2025-05-21,ORD026944,CUST00397,P009,T-Shirt,Fashion,Chennai,Online,Debit Card,1,1269.13,0.0,1269.13,1269.13,0,121.69,2025,5,May,Wednesday,1269.13,1269.13
2025-05-21,ORD041897,CUST04581,P005,Office Chair,Furniture,Jaipur,Store,Credit Card,1,9241.66,0.1,9241.66,8317.49,0,1657.04,2025,5,May,Wednesday,9241.66,8317.494
2025-05-21,ORD045051,CUST03123,P006,Desk,Furniture,Bengaluru,Online,Debit Card,1,13025.0,0.2,13025.0,10420.0,0,2442.96,2025,5,May,Wednesday,13025.0,10420.0
2025-05-21,ORD045444,CUST02219,P003,Headphones,Electronics,Kolkata,Store,UPI,1,4308.92,0.05,4308.92,4093.47,0,1141.65,2025,5,May,Wednesday,4308.92,4093.4739999999997
2025-05-21,ORD022951,CUST03284,P015,Dining Table,Furniture,Surat,Online,UPI,1,22597.02,0.05,22597.02,21467.17,0,4963.56,2025,5,May,Wednesday,22597.02,21467.168999999998
2025-05-21,ORD043581,CUST04590,P004,Smartwatch,Electronics,Pune,Online,Credit Card,1,6333.6,0.25,6333.6,4750.2,0,1037.98,2025,5,May,Wednesday,6333.6,4750.200000000001
2025-05-21,ORD033987,CUST04049,P004,Smartwatch,Electronics,Chennai,Online,Net Banking,1,6748.86,0.05,6748.86,6411.42,0,894.27,2025,5,May,Wednesday,6748.86,6411.4169999999995
2025-05-21,ORD018455,CUST04560,P014,Keyboard,Electronics,Mumbai,Online,Credit Card,1,2257.45,0.25,2257.45,1693.09,0,67.72,2025,5,May,Wednesday,2257.45,1693.0874999999999
2025-05-21,ORD043783,CUST00181,P017,Jeans,Fashion,Pune,Online,Credit Card,1,2563.68,0.1,2563.68,2307.31,0,515.87,2025,5,May,Wednesday,2563.68,2307.312
2025-05-21,ORD027457,CUST03776,P007,Backpack,Accessories,Bengaluru,Store,Credit Card,1,2206.64,0.0,2206.64,2206.64,0,237.31,2025,5,May,Wednesday,2206.64,2206.64
2025-05-21,ORD043651,CUST01204,P011,Mixer Grinder,Home,Jaipur,Online,Debit Card,5,4908.82,0.05,24544.1,23316.89,1,-1165.84,2025,5,May,Wednesday,24544.1,23316.894999999997
2025-05-21,ORD037677,CUST01085,P013,Monitor,Electronics,Pune,Store,Cash,4,17648.69,0.1,70594.76,63535.28,0,9387.3,2025,5,May,Wednesday,70594.76,63535.284
2025-05-21,ORD015397,CUST02466,P019,Vacuum Cleaner,Home,Surat,Online,Credit Card,2,8982.84,0.1,17965.68,16169.11,0,4430.93,2025,5,May,Wednesday,17965.68,16169.112000000001
2025-05-21,ORD030126,CUST04928,P012,Air Fryer,Home,Ahmedabad,Online,UPI,4,6834.14,0.0,27336.56,27336.56,0,3527.45,2025,5,May,Wednesday,27336.56,27336.56
2025-05-21,ORD045969,CUST02709,P015,Dining Table,Furniture,Mumbai,Store,UPI,2,23265.93,0.15,46531.86,39552.08,0,4155.81,2025,5,May,Wednesday,46531.86,39552.081
2025-05-21,ORD018422,CUST04507,P018,Jacket,Fashion,Surat,Store,UPI,1,4805.71,0.15,4805.71,4084.85,0,904.24,2025,5,May,Wednesday,4805.71,4084.8534999999997
2025-05-21,ORD023840,CUST00694,P008,Running Shoes,Fashion,Hyderabad,Store,Debit Card,3,4190.94,0.1,12572.82,11315.54,0,2545.57,2025,5,May,Wednesday,12572.82,11315.538
2025-05-21,ORD023026,CUST03635,P015,Dining Table,Furniture,Pune,Online,Debit Card,2,19970.58,0.1,39941.16,35947.04,0,4813.88,2025,5,May,Wednesday,39941.16,35947.044
2025-05-21,ORD039987,CUST00750,P012,Air Fryer,Home,Kolkata,Online,Cash,1,7690.5,0.1,7690.5,6921.45,0,1837.42,2025,5,May,Wednesday,7690.5,6921.45
2025-05-21,ORD023025,CUST04308,P019,Vacuum Cleaner,Home,Ahmedabad,Online,Debit Card,1,8527.76,0.05,8527.76,8101.37,0,681.44,2025,5,May,Wednesday,8527.76,8101.371999999999
2025-05-21,ORD014351,CUST03390,P020,Microwave,Home,Bengaluru,Store,Credit Card,2,12075.92,0.1,24151.84,21736.66,0,3076.9,2025,5,May,Wednesday,24151.84,21736.656
2025-05-21,ORD049706,CUST04994,P004,Smartwatch,Electronics,Kolkata,Online,Credit Card,1,7608.63,0.0,7608.63,7608.63,1,-380.43,2025,5,May,Wednesday,7608.63,7608.63
2025-05-21,ORD020883,CUST00776,P016,Sofa,Furniture,Jaipur,Online,Credit Card,2,37448.04,0.2,74896.08,59916.86,0,9519.57,2025,5,May,Wednesday,74896.08,59916.864
2025-05-21,ORD005692,CUST04785,P018,Jacket,Fashion,Delhi,Online,UPI,1,5488.2,0.15,5488.2,4664.97,0,411.84,2025,5,May,Wednesday,5488.2,4664.969999999999
2025-05-21,ORD034486,CUST03331,P002,Smartphone,Electronics,Mumbai,Online,Debit Card,2,25675.9,0.0,51351.8,51351.8,1,-2567.59,2025,5,May,Wednesday,51351.8,51351.8
2025-05-21,ORD037090,CUST03918,P019,Vacuum Cleaner,Home,Surat,Online,Cash,1,8831.63,0.1,8831.63,7948.47,0,1015.48,2025,5,May,Wednesday,8831.63,7948.467
2025-05-21,ORD018535,CUST02453,P018,Jacket,Fashion,Delhi,Online,Cash,1,5046.93,0.2,5046.93,4037.54,0,815.08,2025,5,May,Wednesday,5046.93,4037.5440000000003
2025-05-21,ORD035071,CUST01669,P005,Office Chair,Furniture,Delhi,Online,UPI,2,9062.28,0.05,18124.56,17218.33,0,4331.06,2025,5,May,Wednesday,18124.56,17218.332000000002
2025-05-21,ORD014025,CUST03450,P007,Backpack,Accessories,Jaipur,Online,UPI,1,2334.15,0.15,2334.15,1984.03,0,112.81,2025,5,May,Wednesday,2334.15,1984.0275
2025-05-21,ORD016407,CUST04073,P003,Headphones,Electronics,Kolkata,Online,Credit Card,2,4638.17,0.05,9276.34,8812.52,0,1692.32,2025,5,May,Wednesday,9276.34,8812.523
2025-05-21,ORD028573,CUST03488,P018,Jacket,Fashion,Bengaluru,Online,UPI,1,5462.27,0.1,5462.27,4916.04,0,990.85,2025,5,May,Wednesday,5462.27,4916.043000000001
2025-05-21,ORD032098,CUST01845,P012,Air Fryer,Home,Bengaluru,Store,Credit Card,1,7903.26,0.2,7903.26,6322.61,0,1562.15,2025,5,May,Wednesday,7903.26,6322.608
2025-05-21,ORD017476,CUST00821,P020,Microwave,Home,Kolkata,Store,UPI,1,11763.7,0.15,11763.7,9999.14,0,1649.35,2025,5,May,Wednesday,11763.7,9999.145
2025-05-21,ORD048443,CUST03693,P009,T-Shirt,Fashion,Delhi,Online,Credit Card,2,1083.86,0.05,2167.72,2059.33,0,450.59,2025,5,May,Wednesday,2167.72,2059.334
2025-05-21,ORD032509,CUST01240,P012,Air Fryer,Home,Ahmedabad,Store,UPI,1,7337.11,0.05,7337.11,6970.25,0,1353.83,2025,5,May,Wednesday,7337.11,6970.254499999999
2025-05-22,ORD010163,CUST01559,P019,Vacuum Cleaner,Home,Surat,Store,Credit Card,1,8315.03,0.1,8315.03,7483.53,0,921.25,2025,5,May,Thursday,8315.03,7483.527000000001
2025-05-22,ORD031739,CUST01704,P002,Smartphone,Electronics,Chennai,Store,Credit Card,4,25583.21,0.25,102332.84,76749.63,0,19076.17,2025,5,May,Thursday,102332.84,76749.63
2025-05-22,ORD024573,CUST02623,P007,Backpack,Accessories,Delhi,Store,Net Banking,5,2199.41,0.05,10997.05,10447.2,0,2483.49,2025,5,May,Thursday,10997.05,10447.197499999998
2025-05-22,ORD045236,CUST00219,P013,Monitor,Electronics,Ahmedabad,Store,UPI,1,18210.46,0.1,18210.46,16389.41,0,2043.24,2025,5,May,Thursday,18210.46,16389.414
2025-05-22,ORD024945,CUST00577,P002,Smartphone,Electronics,Delhi,Store,UPI,1,27730.69,0.15,27730.69,23571.09,0,2755.3,2025,5,May,Thursday,27730.69,23571.086499999998
2025-05-22,ORD047042,CUST04225,P006,Desk,Furniture,Ahmedabad,Online,Credit Card,1,12761.72,0.1,12761.72,11485.55,0,722.18,2025,5,May,Thursday,12761.72,11485.547999999999
2025-05-22,ORD033869,CUST03058,P019,Vacuum Cleaner,Home,Delhi,Online,Cash,1,8691.23,0.05,8691.23,8256.67,0,1817.72,2025,5,May,Thursday,8691.23,8256.6685
2025-05-22,ORD038549,CUST04891,P017,Jeans,Fashion,Hyderabad,Store,Credit Card,1,2918.7,0.05,2918.7,2772.76,0,238.18,2025,5,May,Thursday,2918.7,2772.765
2025-05-22,ORD022272,CUST00787,P018,Jacket,Fashion,Chennai,Online,Credit Card,5,5607.76,0.0,28038.8,28038.8,0,2974.57,2025,5,May,Thursday,28038.800000000003,28038.8
2025-05-22,ORD037351,CUST01356,P005,Office Chair,Furniture,Delhi,Online,UPI,1,9160.96,0.15,9160.96,7786.82,0,1575.62,2025,5,May,Thursday,9160.96,7786.815999999999
2025-05-22,ORD012560,CUST03545,P004,Smartwatch,Electronics,Delhi,Online,UPI,4,7041.02,0.0,28164.08,28164.08,0,2760.55,2025,5,May,Thursday,28164.08,28164.08
2025-05-22,ORD020310,CUST02631,P015,Dining Table,Furniture,Bengaluru,Store,UPI,4,19864.18,0.1,79456.72,71511.05,0,11464.94,2025,5,May,Thursday,79456.72,71511.04800000001
2025-05-22,ORD030302,CUST01975,P011,Mixer Grinder,Home,Bengaluru,Store,UPI,3,4797.94,0.1,14393.82,12954.44,0,3037.8,2025,5,May,Thursday,14393.82,12954.438
2025-05-22,ORD000339,CUST02851,P013,Monitor,Electronics,Hyderabad,Online,Debit Card,1,17497.54,0.0,17497.54,17497.54,0,3579.29,2025,5,May,Thursday,17497.54,17497.54
2025-05-22,ORD031620,CUST00801,P018,Jacket,Fashion,Hyderabad,Store,UPI,2,5056.71,0.2,10113.42,8090.74,0,1059.12,2025,5,May,Thursday,10113.42,8090.736000000001
2025-05-22,ORD031722,CUST00411,P009,T-Shirt,Fashion,Mumbai,Store,UPI,1,1188.24,0.1,1188.24,1069.42,0,209.05,2025,5,May,Thursday,1188.24,1069.416
2025-05-22,ORD038473,CUST02922,P018,Jacket,Fashion,Kolkata,Online,UPI,2,4941.2,0.05,9882.4,9388.28,0,1240.22,2025,5,May,Thursday,9882.4,9388.279999999999
2025-05-22,ORD007852,CUST04903,P019,Vacuum Cleaner,Home,Surat,Online,UPI,1,8278.71,0.0,8278.71,8278.71,0,1206.23,2025,5,May,Thursday,8278.71,8278.71
2025-05-22,ORD011830,CUST04140,P019,Vacuum Cleaner,Home,Pune,Online,UPI,1,8595.19,0.05,8595.19,8165.43,0,2025.42,2025,5,May,Thursday,8595.19,8165.4305
2025-05-22,ORD046633,CUST02851,P016,Sofa,Furniture,Surat,Store,UPI,1,34767.67,0.0,34767.67,34767.67,0,6852.67,2025,5,May,Thursday,34767.67,34767.67
2025-05-22,ORD030246,CUST03215,P003,Headphones,Electronics,Surat,Online,UPI,1,4428.52,0.2,4428.52,3542.82,0,665.38,2025,5,May,Thursday,4428.52,3542.8160000000007
2025-05-22,ORD020836,CUST02553,P004,Smartwatch,Electronics,Delhi,Store,Debit Card,2,6486.64,0.1,12973.28,11675.95,0,2821.63,2025,5,May,Thursday,12973.28,11675.952000000001
2025-05-22,ORD040539,CUST04372,P018,Jacket,Fashion,Bengaluru,Online,Debit Card,1,5586.53,0.15,5586.53,4748.55,0,396.15,2025,5,May,Thursday,5586.53,4748.550499999999
2025-05-22,ORD015905,CUST00067,P002,Smartphone,Electronics,Hyderabad,Online,Credit Card,2,26426.32,0.1,52852.64,47567.38,0,11160.41,2025,5,May,Thursday,52852.64,47567.376000000004
2025-05-22,ORD036449,CUST02093,P004,Smartwatch,Electronics,Chennai,Online,Debit Card,2,6805.75,0.2,13611.5,10889.2,0,1696.8,2025,5,May,Thursday,13611.5,10889.2
2025-05-22,ORD031613,CUST03895,P020,Microwave,Home,Bengaluru,Online,Credit Card,1,10761.05,0.1,10761.05,9684.94,0,1003.73,2025,5,May,Thursday,10761.05,9684.945
2025-05-22,ORD007713,CUST04506,P008,Running Shoes,Fashion,Bengaluru,Store,UPI,1,4357.68,0.05,4357.68,4139.8,0,1010.83,2025,5,May,Thursday,4357.68,4139.796
2025-05-22,ORD026114,CUST00305,P011,Mixer Grinder,Home,Ahmedabad,Online,Credit Card,2,4347.7,0.1,8695.4,7825.86,0,703.48,2025,5,May,Thursday,8695.4,7825.86
2025-05-22,ORD030173,CUST00005,P008,Running Shoes,Fashion,Chennai,Online,UPI,2,3955.38,0.05,7910.76,7515.22,0,662.61,2025,5,May,Thursday,7910.76,7515.222
2025-05-22,ORD019661,CUST03514,P016,Sofa,Furniture,Hyderabad,Online,UPI,4,33427.65,0.2,133710.6,106968.48,0,14565.86,2025,5,May,Thursday,133710.6,106968.48000000001
2025-05-22,ORD017511,CUST04530,P003,Headphones,Electronics,Kolkata,Online,Credit Card,1,4440.47,0.1,4440.47,3996.42,0,749.19,2025,5,May,Thursday,4440.47,3996.4230000000002
2025-05-22,ORD008462,CUST04977,P007,Backpack,Accessories,Hyderabad,Online,Credit Card,1,2223.16,0.1,2223.16,2000.84,0,137.06,2025,5,May,Thursday,2223.16,2000.8439999999998
2025-05-22,ORD040326,CUST04318,P004,Smartwatch,Electronics,Surat,Online,Debit Card,1,6564.78,0.0,6564.78,6564.78,0,915.61,2025,5,May,Thursday,6564.78,6564.78
2025-05-22,ORD006988,CUST02807,P010,Coffee Maker,Home,Hyderabad,Online,UPI,2,5151.27,0.05,10302.54,9787.41,0,1178.96,2025,5,May,Thursday,10302.54,9787.413
2025-05-22,ORD047812,CUST01256,P013,Monitor,Electronics,Ahmedabad,Store,UPI,1,19763.67,0.1,19763.67,17787.3,1,-889.36,2025,5,May,Thursday,19763.67,17787.303
2025-05-22,ORD044805,CUST01419,P003,Headphones,Electronics,Mumbai,Online,UPI,2,4491.97,0.25,8983.94,6737.96,0,669.2,2025,5,May,Thursday,8983.94,6737.955
2025-05-22,ORD038831,CUST00899,P002,Smartphone,Electronics,Pune,Online,UPI,1,29183.77,0.1,29183.77,26265.39,0,2643.49,2025,5,May,Thursday,29183.77,26265.393
2025-05-22,ORD016286,CUST02133,P003,Headphones,Electronics,Hyderabad,Store,Credit Card,1,4162.05,0.2,4162.05,3329.64,0,828.99,2025,5,May,Thursday,4162.05,3329.6400000000003
2025-05-22,ORD042615,CUST02013,P006,Desk,Furniture,Chennai,Online,UPI,1,11247.0,0.0,11247.0,11247.0,0,3373.27,2025,5,May,Thursday,11247.0,11247.0
2025-05-22,ORD020265,CUST01988,P014,Keyboard,Electronics,Delhi,Online,Debit Card,1,2724.78,0.0,2724.78,2724.78,0,462.57,2025,5,May,Thursday,2724.78,2724.78
2025-05-22,ORD017884,CUST01554,P015,Dining Table,Furniture,Bengaluru,Online,Credit Card,1,23706.84,0.0,23706.84,23706.84,0,4822.38,2025,5,May,Thursday,23706.84,23706.84
2025-05-22,ORD008903,CUST01189,P005,Office Chair,Furniture,Bengaluru,Store,Credit Card,1,9949.28,0.15,9949.28,8456.89,0,1475.12,2025,5,May,Thursday,9949.28,8456.888
2025-05-22,ORD031086,CUST04706,P020,Microwave,Home,Delhi,Online,UPI,1,10135.4,0.05,10135.4,9628.63,0,1300.52,2025,5,May,Thursday,10135.4,9628.63
2025-05-22,ORD022311,CUST00849,P006,Desk,Furniture,Kolkata,Store,Net Banking,1,10948.25,0.15,10948.25,9306.01,0,2290.49,2025,5,May,Thursday,10948.25,9306.012499999999
2025-05-22,ORD048872,CUST04703,P001,Laptop,Electronics,Bengaluru,Online,UPI,1,64833.71,0.05,64833.71,61592.02,0,12412.45,2025,5,May,Thursday,64833.71,61592.0245
2025-05-22,ORD012232,CUST00732,P012,Air Fryer,Home,Surat,Online,UPI,1,7529.53,0.0,7529.53,7529.53,0,732.67,2025,5,May,Thursday,7529.53,7529.53
2025-05-22,ORD036645,CUST00458,P018,Jacket,Fashion,Hyderabad,Online,UPI,1,5344.67,0.1,5344.67,4810.2,0,1090.3,2025,5,May,Thursday,5344.67,4810.203
2025-05-22,ORD040633,CUST01935,P009,T-Shirt,Fashion,Mumbai,Online,UPI,1,1239.53,0.1,1239.53,1115.58,0,247.23,2025,5,May,Thursday,1239.53,1115.577
2025-05-22,ORD046579,CUST02631,P005,Office Chair,Furniture,Mumbai,Online,UPI,3,8822.29,0.0,26466.87,26466.87,0,6295.18,2025,5,May,Thursday,26466.870000000003,26466.87
2025-05-22,ORD009708,CUST00537,P002,Smartphone,Electronics,Delhi,Online,Cash,1,28465.63,0.1,28465.63,25619.07,0,2906.7,2025,5,May,Thursday,28465.63,25619.067000000003
2025-05-22,ORD034496,CUST01945,P015,Dining Table,Furniture,Hyderabad,Store,Credit Card,1,23035.61,0.0,23035.61,23035.61,0,5699.42,2025,5,May,Thursday,23035.61,23035.61
2025-05-22,ORD041233,CUST00537,P013,Monitor,Electronics,Jaipur,Online,UPI,5,18510.67,0.15,92553.35,78670.35,1,-3933.52,2025,5,May,Thursday,92553.34999999999,78670.3475
2025-05-22,ORD029826,CUST04682,P017,Jeans,Fashion,Surat,Online,Credit Card,1,2677.54,0.0,2677.54,2677.54,1,-133.88,2025,5,May,Thursday,2677.54,2677.54
2025-05-22,ORD023922,CUST00130,P016,Sofa,Furniture,Jaipur,Store,UPI,1,36467.07,0.1,36467.07,32820.36,0,5128.19,2025,5,May,Thursday,36467.07,32820.363
2025-05-22,ORD013659,CUST04694,P016,Sofa,Furniture,Ahmedabad,Store,UPI,1,31950.72,0.0,31950.72,31950.72,1,-1597.54,2025,5,May,Thursday,31950.72,31950.72
2025-05-22,ORD018079,CUST02085,P014,Keyboard,Electronics,Jaipur,Online,UPI,2,2656.07,0.05,5312.14,5046.53,0,436.6,2025,5,May,Thursday,5312.14,5046.533
2025-05-22,ORD036011,CUST00028,P016,Sofa,Furniture,Bengaluru,Online,UPI,1,34882.57,0.0,34882.57,34882.57,0,3297.77,2025,5,May,Thursday,34882.57,34882.57
2025-05-22,ORD037851,CUST03186,P014,Keyboard,Electronics,Surat,Store,UPI,1,2370.35,0.05,2370.35,2251.83,0,489.22,2025,5,May,Thursday,2370.35,2251.8325
2025-05-22,ORD005245,CUST01891,P011,Mixer Grinder,Home,Ahmedabad,Online,UPI,1,4409.61,0.15,4409.61,3748.17,0,695.44,2025,5,May,Thursday,4409.61,3748.1684999999998
2025-05-22,ORD015794,CUST04969,P006,Desk,Furniture,Chennai,Online,UPI,1,13107.84,0.1,13107.84,11797.06,0,1316.94,2025,5,May,Thursday,13107.84,11797.056
2025-05-22,ORD005897,CUST03744,P018,Jacket,Fashion,Hyderabad,Online,Debit Card,1,4787.11,0.2,4787.11,3829.69,0,403.7,2025,5,May,Thursday,4787.11,3829.688
2025-05-22,ORD018772,CUST03408,P013,Monitor,Electronics,Kolkata,Store,UPI,2,19398.63,0.15,38797.26,32977.67,0,7255.62,2025,5,May,Thursday,38797.26,32977.671
2025-05-22,ORD025659,CUST00539,P008,Running Shoes,Fashion,Hyderabad,Store,UPI,2,3837.04,0.1,7674.08,6906.67,0,769.13,2025,5,May,Thursday,7674.08,6906.6720000000005
2025-05-22,ORD000208,CUST00476,P018,Jacket,Fashion,Jaipur,Online,Credit Card,1,4883.43,0.1,4883.43,4395.09,0,354.63,2025,5,May,Thursday,4883.43,4395.087
2025-05-22,ORD039594,CUST02023,P016,Sofa,Furniture,Kolkata,Online,UPI,3,31633.96,0.1,94901.88,85411.69,1,-4270.58,2025,5,May,Thursday,94901.88,85411.69200000001
2025-05-22,ORD016838,CUST04526,P018,Jacket,Fashion,Pune,Store,UPI,1,5532.61,0.05,5532.61,5255.98,0,952.54,2025,5,May,Thursday,5532.61,5255.9794999999995
2025-05-22,ORD034636,CUST04184,P013,Monitor,Electronics,Surat,Online,UPI,1,16835.06,0.25,16835.06,12626.3,0,1352.81,2025,5,May,Thursday,16835.06,12626.295000000002
2025-05-22,ORD026472,CUST00667,P011,Mixer Grinder,Home,Ahmedabad,Online,UPI,1,5274.39,0.0,5274.39,5274.39,0,944.47,2025,5,May,Thursday,5274.39,5274.39
2025-05-23,ORD029359,CUST01101,P011,Mixer Grinder,Home,Hyderabad,Online,UPI,2,5209.58,0.05,10419.16,9898.2,0,967.14,2025,5,May,Friday,10419.16,9898.202
2025-05-23,ORD026509,CUST04930,P007,Backpack,Accessories,Ahmedabad,Store,Credit Card,1,2318.66,0.1,2318.66,2086.79,0,223.29,2025,5,May,Friday,2318.66,2086.794
2025-05-23,ORD001150,CUST04827,P014,Keyboard,Electronics,Ahmedabad,Store,UPI,2,2537.14,0.05,5074.28,4820.57,0,1067.2,2025,5,May,Friday,5074.28,4820.566
2025-05-23,ORD036837,CUST03304,P017,Jeans,Fashion,Mumbai,Store,UPI,1,2709.4,0.1,2709.4,2438.46,0,525.79,2025,5,May,Friday,2709.4,2438.46
2025-05-23,ORD021523,CUST02947,P009,T-Shirt,Fashion,Bengaluru,Store,Credit Card,5,1267.73,0.0,6338.65,6338.65,0,820.82,2025,5,May,Friday,6338.65,6338.65
2025-05-23,ORD002586,CUST01900,P017,Jeans,Fashion,Surat,Online,Credit Card,3,2551.46,0.1,7654.38,6888.94,0,1831.0,2025,5,May,Friday,7654.38,6888.942
2025-05-23,ORD038955,CUST00813,P004,Smartwatch,Electronics,Mumbai,Store,UPI,1,6580.3,0.15,6580.3,5593.26,0,390.13,2025,5,May,Friday,6580.3,5593.255
2025-05-23,ORD014678,CUST04703,P017,Jeans,Fashion,Pune,Online,Cash,5,2983.48,0.0,14917.4,14917.4,0,4220.22,2025,5,May,Friday,14917.4,14917.4
2025-05-23,ORD021511,CUST00214,P017,Jeans,Fashion,Kolkata,Store,Credit Card,2,2808.42,0.15,5616.84,4774.31,0,709.84,2025,5,May,Friday,5616.84,4774.314
2025-05-23,ORD008342,CUST04398,P002,Smartphone,Electronics,Chennai,Online,UPI,1,26796.22,0.0,26796.22,26796.22,0,3763.44,2025,5,May,Friday,26796.22,26796.22
2025-05-23,ORD009877,CUST03916,P005,Office Chair,Furniture,Hyderabad,Store,Credit Card,4,10225.73,0.15,40902.92,34767.48,0,4352.29,2025,5,May,Friday,40902.92,34767.481999999996
2025-05-23,ORD006017,CUST04014,P003,Headphones,Electronics,Kolkata,Online,UPI,1,4750.06,0.05,4750.06,4512.56,0,329.78,2025,5,May,Friday,4750.06,4512.557
2025-05-23,ORD033010,CUST00422,P007,Backpack,Accessories,Jaipur,Store,UPI,3,2412.57,0.05,7237.71,6875.82,0,1604.12,2025,5,May,Friday,7237.710000000001,6875.8245
2025-05-23,ORD035194,CUST04577,P011,Mixer Grinder,Home,Delhi,Store,UPI,1,4430.24,0.15,4430.24,3765.7,0,949.03,2025,5,May,Friday,4430.24,3765.7039999999997
2025-05-23,ORD047961,CUST00201,P013,Monitor,Electronics,Mumbai,Store,Credit Card,1,19425.9,0.1,19425.9,17483.31,0,4820.69,2025,5,May,Friday,19425.9,17483.31
2025-05-23,ORD010974,CUST03611,P012,Air Fryer,Home,Jaipur,Online,UPI,1,6668.81,0.05,6668.81,6335.37,0,617.63,2025,5,May,Friday,6668.81,6335.3695
2025-05-23,ORD018182,CUST04286,P015,Dining Table,Furniture,Mumbai,Online,Cash,1,20121.64,0.1,20121.64,18109.48,1,-905.47,2025,5,May,Friday,20121.64,18109.476
2025-05-23,ORD044070,CUST00647,P013,Monitor,Electronics,Ahmedabad,Online,Net Banking,1,18248.57,0.15,18248.57,15511.28,0,1283.64,2025,5,May,Friday,18248.57,15511.2845
2025-05-23,ORD017754,CUST00526,P003,Headphones,Electronics,Kolkata,Online,Credit Card,2,4567.6,0.15,9135.2,7764.92,1,-388.25,2025,5,May,Friday,9135.2,7764.92
2025-05-23,ORD034897,CUST03905,P008,Running Shoes,Fashion,Jaipur,Online,UPI,1,3927.15,0.05,3927.15,3730.79,0,583.64,2025,5,May,Friday,3927.15,3730.7925
2025-05-23,ORD036401,CUST00942,P016,Sofa,Furniture,Ahmedabad,Online,UPI,5,35722.49,0.25,178612.45,133959.34,0,24960.36,2025,5,May,Friday,178612.44999999998,133959.33750000002
2025-05-23,ORD001142,CUST02340,P007,Backpack,Accessories,Kolkata,Online,Net Banking,1,2204.43,0.15,2204.43,1873.77,0,231.83,2025,5,May,Friday,2204.43,1873.7654999999997
2025-05-23,ORD036248,CUST01531,P004,Smartwatch,Electronics,Chennai,Online,UPI,1,7621.4,0.05,7621.4,7240.33,0,1564.24,2025,5,May,Friday,7621.4,7240.329999999999
2025-05-23,ORD024697,CUST02826,P011,Mixer Grinder,Home,Ahmedabad,Store,UPI,1,5063.43,0.15,5063.43,4303.92,0,684.22,2025,5,May,Friday,5063.43,4303.9155
2025-05-23,ORD032149,CUST03040,P002,Smartphone,Electronics,Kolkata,Online,Net Banking,1,26642.04,0.1,26642.04,23977.84,0,3826.29,2025,5,May,Friday,26642.04,23977.836000000003
2025-05-23,ORD018877,CUST00877,P008,Running Shoes,Fashion,Bengaluru,Online,UPI,2,4110.26,0.0,8220.52,8220.52,0,1942.4,2025,5,May,Friday,8220.52,8220.52
2025-05-23,ORD015119,CUST03496,P004,Smartwatch,Electronics,Jaipur,Online,UPI,1,6894.36,0.1,6894.36,6204.92,0,1438.05,2025,5,May,Friday,6894.36,6204.924
2025-05-23,ORD002433,CUST01483,P017,Jeans,Fashion,Chennai,Store,Credit Card,1,2835.62,0.1,2835.62,2552.06,0,709.06,2025,5,May,Friday,2835.62,2552.058
2025-05-23,ORD033951,CUST03288,P011,Mixer Grinder,Home,Bengaluru,Store,Cash,4,4467.81,0.05,17871.24,16977.68,0,3349.68,2025,5,May,Friday,17871.24,16977.678
2025-05-23,ORD045580,CUST03391,P014,Keyboard,Electronics,Pune,Online,Credit Card,1,2427.53,0.05,2427.53,2306.15,0,544.85,2025,5,May,Friday,2427.53,2306.1535
2025-05-23,ORD005202,CUST02589,P007,Backpack,Accessories,Bengaluru,Online,Credit Card,1,2346.95,0.0,2346.95,2346.95,0,478.61,2025,5,May,Friday,2346.95,2346.95
2025-05-23,ORD015139,CUST02631,P005,Office Chair,Furniture,Jaipur,Online,UPI,1,10049.93,0.1,10049.93,9044.94,0,1240.14,2025,5,May,Friday,10049.93,9044.937
2025-05-23,ORD023426,CUST04796,P001,Laptop,Electronics,Hyderabad,Online,UPI,2,59533.9,0.05,119067.8,113114.41,0,18195.5,2025,5,May,Friday,119067.8,113114.41
2025-05-23,ORD035908,CUST03215,P005,Office Chair,Furniture,Pune,Online,UPI,1,10127.63,0.1,10127.63,9114.87,0,2067.44,2025,5,May,Friday,10127.63,9114.867
2025-05-23,ORD036621,CUST04374,P002,Smartphone,Electronics,Surat,Online,Net Banking,4,27986.88,0.05,111947.52,106350.14,0,10554.13,2025,5,May,Friday,111947.52,106350.144
2025-05-23,ORD017344,CUST04172,P010,Coffee Maker,Home,Pune,Online,Debit Card,3,6043.57,0.0,18130.71,18130.71,0,3202.8,2025,5,May,Friday,18130.71,18130.71
2025-05-23,ORD001499,CUST04762,P019,Vacuum Cleaner,Home,Delhi,Store,UPI,1,9734.68,0.0,9734.68,9734.68,0,2615.87,2025,5,May,Friday,9734.68,9734.68
2025-05-23,ORD049125,CUST00805,P003,Headphones,Electronics,Bengaluru,Online,Credit Card,1,4324.38,0.1,4324.38,3891.94,0,780.27,2025,5,May,Friday,4324.38,3891.942
2025-05-23,ORD041221,CUST03042,P007,Backpack,Accessories,Mumbai,Online,UPI,5,2412.14,0.15,12060.7,10251.59,0,1693.38,2025,5,May,Friday,12060.699999999999,10251.595000000001
2025-05-23,ORD002447,CUST00423,P020,Microwave,Home,Hyderabad,Store,Credit Card,3,11694.09,0.05,35082.27,33328.16,0,5731.41,2025,5,May,Friday,35082.270000000004,33328.1565
2025-05-23,ORD012967,CUST00171,P002,Smartphone,Electronics,Surat,Online,Net Banking,2,28549.55,0.25,57099.1,42824.32,0,5083.65,2025,5,May,Friday,57099.1,42824.325
2025-05-23,ORD003273,CUST00671,P008,Running Shoes,Fashion,Hyderabad,Store,Credit Card,1,3965.53,0.1,3965.53,3568.98,0,311.48,2025,5,May,Friday,3965.53,3568.9770000000003
2025-05-23,ORD017712,CUST01899,P018,Jacket,Fashion,Chennai,Online,Credit Card,1,5414.73,0.05,5414.73,5143.99,0,438.27,2025,5,May,Friday,5414.73,5143.9935
2025-05-23,ORD018381,CUST04023,P002,Smartphone,Electronics,Jaipur,Online,Debit Card,2,27544.86,0.2,55089.72,44071.78,0,7152.51,2025,5,May,Friday,55089.72,44071.776000000005
2025-05-23,ORD017413,CUST02625,P003,Headphones,Electronics,Mumbai,Online,Credit Card,1,4466.25,0.1,4466.25,4019.62,0,524.51,2025,5,May,Friday,4466.25,4019.625
2025-05-23,ORD020100,CUST00937,P006,Desk,Furniture,Hyderabad,Online,Credit Card,1,13007.51,0.1,13007.51,11706.76,0,1630.83,2025,5,May,Friday,13007.51,11706.759
2025-05-23,ORD003903,CUST02430,P005,Office Chair,Furniture,Bengaluru,Store,UPI,1,9278.51,0.05,9278.51,8814.58,1,-440.73,2025,5,May,Friday,9278.51,8814.584499999999
2025-05-23,ORD039153,CUST02136,P019,Vacuum Cleaner,Home,Pune,Online,Credit Card,5,8200.7,0.15,41003.5,34852.98,0,1763.77,2025,5,May,Friday,41003.5,34852.975
2025-05-23,ORD000312,CUST04486,P001,Laptop,Electronics,Jaipur,Online,Cash,1,62289.44,0.25,62289.44,46717.08,0,5795.21,2025,5,May,Friday,62289.44,46717.08
2025-05-23,ORD037779,CUST02148,P009,T-Shirt,Fashion,Surat,Online,UPI,1,1155.32,0.0,1155.32,1155.32,0,290.4,2025,5,May,Friday,1155.32,1155.32
2025-05-23,ORD027074,CUST01459,P016,Sofa,Furniture,Chennai,Online,UPI,1,34061.4,0.0,34061.4,34061.4,0,3042.29,2025,5,May,Friday,34061.4,34061.4
2025-05-23,ORD006054,CUST02325,P003,Headphones,Electronics,Mumbai,Online,Net Banking,1,4229.77,0.25,4229.77,3172.33,0,286.05,2025,5,May,Friday,4229.77,3172.3275000000003
2025-05-23,ORD002274,CUST04562,P012,Air Fryer,Home,Kolkata,Online,Cash,1,7226.25,0.0,7226.25,7226.25,0,1109.74,2025,5,May,Friday,7226.25,7226.25
2025-05-23,ORD025686,CUST01866,P004,Smartwatch,Electronics,Ahmedabad,Online,Credit Card,1,7198.01,0.25,7198.01,5398.51,0,990.84,2025,5,May,Friday,7198.01,5398.5075
2025-05-23,ORD011984,CUST01358,P003,Headphones,Electronics,Pune,Online,Credit Card,3,4458.21,0.05,13374.63,12705.9,0,1235.58,2025,5,May,Friday,13374.630000000001,12705.8985
2025-05-23,ORD028773,CUST04085,P005,Office Chair,Furniture,Surat,Online,Credit Card,1,8687.29,0.15,8687.29,7384.2,0,841.83,2025,5,May,Friday,8687.29,7384.196500000001
2025-05-23,ORD038624,CUST02304,P001,Laptop,Electronics,Kolkata,Store,UPI,1,61769.31,0.05,61769.31,58680.84,0,9684.21,2025,5,May,Friday,61769.31,58680.84449999999
2025-05-23,ORD044227,CUST02636,P004,Smartwatch,Electronics,Jaipur,Store,Net Banking,1,6569.21,0.1,6569.21,5912.29,0,1269.73,2025,5,May,Friday,6569.21,5912.289
2025-05-23,ORD030172,CUST00318,P002,Smartphone,Electronics,Pune,Online,Credit Card,1,25200.62,0.15,25200.62,21420.53,0,2243.8,2025,5,May,Friday,25200.62,21420.527
2025-05-23,ORD013994,CUST01007,P002,Smartphone,Electronics,Bengaluru,Online,UPI,1,26478.16,0.15,26478.16,22506.44,0,5998.62,2025,5,May,Friday,26478.16,22506.435999999998
2025-05-23,ORD010882,CUST00936,P006,Desk,Furniture,Surat,Store,Debit Card,1,11928.98,0.2,11928.98,9543.18,0,426.19,2025,5,May,Friday,11928.98,9543.184
2025-05-23,ORD048291,CUST00385,P001,Laptop,Electronics,Pune,Online,Credit Card,1,62743.56,0.05,62743.56,59606.38,0,6868.01,2025,5,May,Friday,62743.56,59606.382
2025-05-23,ORD014220,CUST03355,P012,Air Fryer,Home,Jaipur,Online,UPI,1,7413.02,0.15,7413.02,6301.07,0,1390.35,2025,5,May,Friday,7413.02,6301.067
2025-05-23,ORD008496,CUST00234,P013,Monitor,Electronics,Kolkata,Online,Debit Card,2,19265.68,0.15,38531.36,32751.66,0,5625.47,2025,5,May,Friday,38531.36,32751.656
2025-05-23,ORD017975,CUST04631,P016,Sofa,Furniture,Jaipur,Online,UPI,4,37907.57,0.0,151630.28,151630.28,0,38916.12,2025,5,May,Friday,151630.28,151630.28
2025-05-23,ORD029527,CUST04939,P002,Smartphone,Electronics,Bengaluru,Store,Net Banking,1,27889.83,0.0,27889.83,27889.83,0,3254.6,2025,5,May,Friday,27889.83,27889.83
2025-05-23,ORD037913,CUST04976,P015,Dining Table,Furniture,Mumbai,Online,Debit Card,2,23185.39,0.2,46370.78,37096.62,0,3735.33,2025,5,May,Friday,46370.78,37096.624
2025-05-23,ORD042958,CUST04410,P003,Headphones,Electronics,Surat,Online,Credit Card,1,4628.74,0.0,4628.74,4628.74,0,955.93,2025,5,May,Friday,4628.74,4628.74
2025-05-23,ORD001649,CUST00188,P019,Vacuum Cleaner,Home,Delhi,Store,Credit Card,1,8665.5,0.1,8665.5,7798.95,0,1532.81,2025,5,May,Friday,8665.5,7798.95
2025-05-23,ORD042643,CUST03641,P020,Microwave,Home,Bengaluru,Online,UPI,2,10780.8,0.0,21561.6,21561.6,0,2345.58,2025,5,May,Friday,21561.6,21561.6
2025-05-24,ORD020229,CUST04220,P008,Running Shoes,Fashion,Bengaluru,Online,Cash,1,4246.73,0.25,4246.73,3185.05,0,196.72,2025,5,May,Saturday,4246.73,3185.0474999999997
2025-05-24,ORD022113,CUST04380,P007,Backpack,Accessories,Chennai,Online,Net Banking,1,2333.07,0.2,2333.07,1866.46,0,264.89,2025,5,May,Saturday,2333.07,1866.4560000000001
2025-05-24,ORD025340,CUST01012,P019,Vacuum Cleaner,Home,Delhi,Store,UPI,1,9452.64,0.1,9452.64,8507.38,0,1619.92,2025,5,May,Saturday,9452.64,8507.376
2025-05-24,ORD009519,CUST01625,P017,Jeans,Fashion,Chennai,Online,UPI,3,2951.64,0.25,8854.92,6641.19,0,412.21,2025,5,May,Saturday,8854.92,6641.1900000000005
2025-05-24,ORD019617,CUST01864,P003,Headphones,Electronics,Bengaluru,Online,Credit Card,2,4911.37,0.1,9822.74,8840.47,0,981.07,2025,5,May,Saturday,9822.74,8840.466
2025-05-24,ORD006059,CUST01669,P010,Coffee Maker,Home,Jaipur,Store,UPI,1,5859.64,0.05,5859.64,5566.66,0,1058.72,2025,5,May,Saturday,5859.64,5566.658
2025-05-24,ORD045187,CUST02550,P016,Sofa,Furniture,Hyderabad,Online,Credit Card,2,37682.29,0.2,75364.58,60291.66,0,12927.88,2025,5,May,Saturday,75364.58,60291.664000000004
2025-05-24,ORD044881,CUST01303,P009,T-Shirt,Fashion,Hyderabad,Online,UPI,3,1304.32,0.1,3912.96,3521.66,0,626.04,2025,5,May,Saturday,3912.96,3521.664
2025-05-24,ORD037275,CUST03920,P009,T-Shirt,Fashion,Surat,Online,Credit Card,5,1140.13,0.05,5700.65,5415.62,0,1060.56,2025,5,May,Saturday,5700.650000000001,5415.617499999999
2025-05-24,ORD043481,CUST03242,P019,Vacuum Cleaner,Home,Kolkata,Online,Credit Card,1,9864.31,0.05,9864.31,9371.09,0,1045.54,2025,5,May,Saturday,9864.31,9371.0945
2025-05-24,ORD010379,CUST04863,P005,Office Chair,Furniture,Surat,Online,Debit Card,1,9444.62,0.15,9444.62,8027.93,0,1386.0,2025,5,May,Saturday,9444.62,8027.927000000001
2025-05-24,ORD034218,CUST04451,P019,Vacuum Cleaner,Home,Pune,Store,Cash,1,8966.87,0.1,8966.87,8070.18,0,1797.47,2025,5,May,Saturday,8966.87,8070.183000000001
2025-05-24,ORD013419,CUST02198,P013,Monitor,Electronics,Delhi,Store,Credit Card,1,16602.15,0.1,16602.15,14941.94,0,3619.64,2025,5,May,Saturday,16602.15,14941.935000000001
2025-05-24,ORD028824,CUST00994,P018,Jacket,Fashion,Jaipur,Online,UPI,1,5196.87,0.0,5196.87,5196.87,1,-259.84,2025,5,May,Saturday,5196.87,5196.87
2025-05-24,ORD013440,CUST00418,P010,Coffee Maker,Home,Surat,Online,UPI,1,6002.12,0.1,6002.12,5401.91,0,439.26,2025,5,May,Saturday,6002.12,5401.908
2025-05-24,ORD029483,CUST00309,P019,Vacuum Cleaner,Home,Pune,Online,Cash,1,9592.44,0.0,9592.44,9592.44,0,1579.38,2025,5,May,Saturday,9592.44,9592.44
2025-05-24,ORD024970,CUST00712,P006,Desk,Furniture,Jaipur,Online,Credit Card,1,12607.34,0.1,12607.34,11346.61,0,1924.04,2025,5,May,Saturday,12607.34,11346.606
2025-05-24,ORD024630,CUST01629,P009,T-Shirt,Fashion,Chennai,Store,Credit Card,3,1202.66,0.0,3607.98,3607.98,0,310.02,2025,5,May,Saturday,3607.9800000000005,3607.98
2025-05-24,ORD010031,CUST02000,P015,Dining Table,Furniture,Hyderabad,Store,UPI,1,19971.23,0.05,19971.23,18972.67,0,1702.8,2025,5,May,Saturday,19971.23,18972.6685
2025-05-24,ORD037169,CUST00872,P008,Running Shoes,Fashion,Ahmedabad,Online,Debit Card,1,4339.24,0.1,4339.24,3905.32,0,318.28,2025,5,May,Saturday,4339.24,3905.316
2025-05-24,ORD013816,CUST00359,P011,Mixer Grinder,Home,Ahmedabad,Store,Credit Card,1,4498.99,0.1,4498.99,4049.09,0,415.13,2025,5,May,Saturday,4498.99,4049.091
2025-05-24,ORD005311,CUST02850,P002,Smartphone,Electronics,Mumbai,Store,UPI,1,29134.77,0.1,29134.77,26221.29,0,2050.1,2025,5,May,Saturday,29134.77,26221.293
2025-05-24,ORD004658,CUST02774,P011,Mixer Grinder,Home,Surat,Store,Debit Card,2,5067.6,0.1,10135.2,9121.68,0,1411.74,2025,5,May,Saturday,10135.2,9121.68
2025-05-24,ORD027932,CUST00920,P002,Smartphone,Electronics,Hyderabad,Online,Cash,3,28392.97,0.0,85178.91,85178.91,0,18699.73,2025,5,May,Saturday,85178.91,85178.91
2025-05-24,ORD015207,CUST03521,P004,Smartwatch,Electronics,Surat,Online,Credit Card,1,6379.41,0.0,6379.41,6379.41,0,872.34,2025,5,May,Saturday,6379.41,6379.41
2025-05-24,ORD017827,CUST01504,P005,Office Chair,Furniture,Mumbai,Store,Cash,3,9096.1,0.0,27288.3,27288.3,0,4492.06,2025,5,May,Saturday,27288.300000000003,27288.3
2025-05-24,ORD002378,CUST03687,P012,Air Fryer,Home,Ahmedabad,Store,Debit Card,1,7363.88,0.05,7363.88,6995.69,0,561.33,2025,5,May,Saturday,7363.88,6995.686
2025-05-24,ORD030613,CUST01737,P011,Mixer Grinder,Home,Jaipur,Online,UPI,1,4672.65,0.05,4672.65,4439.02,0,984.62,2025,5,May,Saturday,4672.65,4439.017499999999
2025-05-24,ORD035033,CUST02406,P007,Backpack,Accessories,Delhi,Store,UPI,1,2334.59,0.05,2334.59,2217.86,0,278.92,2025,5,May,Saturday,2334.59,2217.8605000000002
2025-05-24,ORD016212,CUST00435,P004,Smartwatch,Electronics,Ahmedabad,Online,UPI,3,7629.32,0.1,22887.96,20599.16,1,-1029.96,2025,5,May,Saturday,22887.96,20599.164
2025-05-24,ORD010393,CUST04419,P008,Running Shoes,Fashion,Ahmedabad,Store,Credit Card,2,3897.64,0.2,7795.28,6236.22,0,1581.06,2025,5,May,Saturday,7795.28,6236.224
2025-05-24,ORD007493,CUST02708,P004,Smartwatch,Electronics,Hyderabad,Store,Credit Card,1,7620.88,0.2,7620.88,6096.7,0,1170.99,2025,5,May,Saturday,7620.88,6096.704000000001
2025-05-24,ORD030018,CUST02895,P017,Jeans,Fashion,Surat,Store,Credit Card,5,2710.79,0.1,13553.95,12198.56,0,1679.57,2025,5,May,Saturday,13553.95,12198.555
2025-05-24,ORD041699,CUST01888,P012,Air Fryer,Home,Ahmedabad,Online,UPI,1,6983.55,0.15,6983.55,5936.02,0,650.08,2025,5,May,Saturday,6983.55,5936.0175
2025-05-24,ORD008747,CUST04423,P015,Dining Table,Furniture,Delhi,Online,UPI,1,22867.87,0.05,22867.87,21724.48,0,4487.55,2025,5,May,Saturday,22867.87,21724.476499999997
2025-05-24,ORD041237,CUST04804,P018,Jacket,Fashion,Delhi,Online,Debit Card,5,5606.77,0.05,28033.85,26632.16,0,3155.63,2025,5,May,Saturday,28033.850000000002,26632.157499999998
2025-05-24,ORD045137,CUST03134,P012,Air Fryer,Home,Pune,Store,UPI,1,7790.03,0.1,7790.03,7011.03,0,650.83,2025,5,May,Saturday,7790.03,7011.027
2025-05-24,ORD038174,CUST04826,P002,Smartphone,Electronics,Mumbai,Online,Cash,1,28813.18,0.1,28813.18,25931.86,0,7246.18,2025,5,May,Saturday,28813.18,25931.862
2025-05-24,ORD023796,CUST02903,P010,Coffee Maker,Home,Hyderabad,Online,UPI,1,5240.95,0.1,5240.95,4716.85,0,1307.65,2025,5,May,Saturday,5240.95,4716.855
2025-05-24,ORD045148,CUST02043,P004,Smartwatch,Electronics,Delhi,Store,Credit Card,1,7282.04,0.0,7282.04,7282.04,0,919.69,2025,5,May,Saturday,7282.04,7282.04
2025-05-24,ORD038067,CUST02199,P010,Coffee Maker,Home,Pune,Online,UPI,1,5622.13,0.0,5622.13,5622.13,0,1459.34,2025,5,May,Saturday,5622.13,5622.13
2025-05-24,ORD008026,CUST02238,P006,Desk,Furniture,Pune,Online,Credit Card,2,10918.69,0.1,21837.38,19653.64,0,5113.59,2025,5,May,Saturday,21837.38,19653.642
2025-05-24,ORD041120,CUST04773,P012,Air Fryer,Home,Bengaluru,Online,UPI,2,7591.36,0.05,15182.72,14423.58,0,1877.2,2025,5,May,Saturday,15182.72,14423.583999999999
2025-05-24,ORD012979,CUST01673,P006,Desk,Furniture,Hyderabad,Store,UPI,5,10894.43,0.25,54472.15,40854.11,0,3276.41,2025,5,May,Saturday,54472.15,40854.1125
2025-05-24,ORD009157,CUST01262,P002,Smartphone,Electronics,Hyderabad,Online,Debit Card,4,28628.51,0.25,114514.04,85885.53,0,12332.76,2025,5,May,Saturday,114514.04,85885.53
2025-05-24,ORD042493,CUST04109,P019,Vacuum Cleaner,Home,Chennai,Online,Cash,2,8875.93,0.05,17751.86,16864.27,0,4037.32,2025,5,May,Saturday,17751.86,16864.267
2025-05-24,ORD046134,CUST03598,P001,Laptop,Electronics,Chennai,Online,UPI,1,68783.44,0.1,68783.44,61905.1,0,17224.29,2025,5,May,Saturday,68783.44,61905.096000000005
2025-05-24,ORD049397,CUST04853,P009,T-Shirt,Fashion,Pune,Store,Debit Card,2,1188.18,0.0,2376.36,2376.36,0,514.93,2025,5,May,Saturday,2376.36,2376.36
2025-05-24,ORD027002,CUST02555,P018,Jacket,Fashion,Mumbai,Online,Net Banking,1,5255.01,0.05,5255.01,4992.26,0,401.41,2025,5,May,Saturday,5255.01,4992.2595
2025-05-24,ORD020353,CUST02214,P008,Running Shoes,Fashion,Mumbai,Online,Credit Card,1,4436.05,0.1,4436.05,3992.44,0,521.64,2025,5,May,Saturday,4436.05,3992.445
2025-05-24,ORD035953,CUST02900,P009,T-Shirt,Fashion,Hyderabad,Store,UPI,1,1260.23,0.2,1260.23,1008.18,0,206.9,2025,5,May,Saturday,1260.23,1008.1840000000001
2025-05-24,ORD028786,CUST03483,P004,Smartwatch,Electronics,Chennai,Online,Cash,1,7404.19,0.25,7404.19,5553.14,0,1378.12,2025,5,May,Saturday,7404.19,5553.1425
2025-05-24,ORD022206,CUST01964,P016,Sofa,Furniture,Delhi,Online,Cash,1,35741.22,0.0,35741.22,35741.22,0,3463.2,2025,5,May,Saturday,35741.22,35741.22
2025-05-24,ORD032368,CUST02052,P003,Headphones,Electronics,Hyderabad,Online,Credit Card,4,4510.15,0.1,18040.6,16236.54,0,4195.2,2025,5,May,Saturday,18040.6,16236.539999999999
2025-05-24,ORD037643,CUST01601,P016,Sofa,Furniture,Delhi,Online,Credit Card,3,38015.46,0.2,114046.38,91237.1,0,18155.1,2025,5,May,Saturday,114046.38,91237.104
2025-05-24,ORD018331,CUST04113,P012,Air Fryer,Home,Jaipur,Online,Credit Card,2,7506.37,0.15,15012.74,12760.83,0,2084.71,2025,5,May,Saturday,15012.74,12760.829
2025-05-24,ORD045992,CUST01346,P010,Coffee Maker,Home,Chennai,Online,UPI,3,5776.12,0.0,17328.36,17328.36,0,3307.96,2025,5,May,Saturday,17328.36,17328.36
2025-05-24,ORD017099,CUST04810,P003,Headphones,Electronics,Delhi,Online,UPI,2,4813.09,0.2,9626.18,7700.94,0,1536.95,2025,5,May,Saturday,9626.18,7700.944
2025-05-24,ORD022962,CUST00989,P014,Keyboard,Electronics,Jaipur,Store,Credit Card,1,2490.64,0.0,2490.64,2490.64,1,-124.53,2025,5,May,Saturday,2490.64,2490.64
2025-05-24,ORD031318,CUST04584,P005,Office Chair,Furniture,Kolkata,Store,Net Banking,1,10328.73,0.2,10328.73,8262.98,0,1630.71,2025,5,May,Saturday,10328.73,8262.984
2025-05-24,ORD038582,CUST02788,P018,Jacket,Fashion,Surat,Store,UPI,1,5037.87,0.1,5037.87,4534.08,0,1167.85,2025,5,May,Saturday,5037.87,4534.083
2025-05-24,ORD035483,CUST04028,P012,Air Fryer,Home,Delhi,Online,Credit Card,5,7385.44,0.25,36927.2,27695.4,0,2860.38,2025,5,May,Saturday,36927.2,27695.399999999998
2025-05-24,ORD013513,CUST04025,P015,Dining Table,Furniture,Surat,Store,Credit Card,2,21652.15,0.1,43304.3,38973.87,0,5285.12,2025,5,May,Saturday,43304.3,38973.87
2025-05-24,ORD012713,CUST03350,P001,Laptop,Electronics,Bengaluru,Online,Net Banking,1,71487.6,0.0,71487.6,71487.6,0,20119.95,2025,5,May,Saturday,71487.6,71487.6
2025-05-24,ORD034814,CUST00416,P014,Keyboard,Electronics,Bengaluru,Online,Debit Card,1,2496.43,0.05,2496.43,2371.61,0,651.28,2025,5,May,Saturday,2496.43,2371.6085
2025-05-24,ORD023380,CUST00929,P009,T-Shirt,Fashion,Hyderabad,Online,UPI,1,1178.79,0.2,1178.79,943.03,0,221.67,2025,5,May,Saturday,1178.79,943.032
2025-05-24,ORD026005,CUST00885,P005,Office Chair,Furniture,Mumbai,Store,Debit Card,1,9332.68,0.15,9332.68,7932.78,0,602.6,2025,5,May,Saturday,9332.68,7932.778
2025-05-24,ORD010550,CUST00832,P018,Jacket,Fashion,Pune,Store,Debit Card,2,5412.61,0.1,10825.22,9742.7,0,1277.76,2025,5,May,Saturday,10825.22,9742.698
2025-05-24,ORD038695,CUST03147,P001,Laptop,Electronics,Mumbai,Online,Net Banking,2,59177.94,0.05,118355.88,112438.09,0,20737.91,2025,5,May,Saturday,118355.88,112438.086
2025-05-24,ORD000021,CUST00099,P020,Microwave,Home,Jaipur,Online,UPI,1,11876.82,0.0,11876.82,11876.82,0,974.18,2025,5,May,Saturday,11876.82,11876.82
2025-05-25,ORD033582,CUST03995,P003,Headphones,Electronics,Mumbai,Store,UPI,2,4823.06,0.0,9646.12,9646.12,0,784.9,2025,5,May,Sunday,9646.12,9646.12
2025-05-25,ORD035226,CUST04158,P020,Microwave,Home,Hyderabad,Store,Cash,3,11517.7,0.1,34553.1,31097.79,0,4744.15,2025,5,May,Sunday,34553.100000000006,31097.79
2025-05-25,ORD035828,CUST01309,P020,Microwave,Home,Bengaluru,Store,UPI,1,9941.95,0.1,9941.95,8947.76,0,1163.2,2025,5,May,Sunday,9941.95,8947.755000000001
2025-05-25,ORD032741,CUST03641,P005,Office Chair,Furniture,Bengaluru,Online,Net Banking,1,8890.33,0.0,8890.33,8890.33,0,2085.79,2025,5,May,Sunday,8890.33,8890.33
2025-05-25,ORD043845,CUST03289,P012,Air Fryer,Home,Delhi,Store,UPI,1,7365.56,0.15,7365.56,6260.73,0,981.27,2025,5,May,Sunday,7365.56,6260.726000000001
2025-05-25,ORD027464,CUST00994,P008,Running Shoes,Fashion,Kolkata,Store,UPI,1,4075.18,0.1,4075.18,3667.66,0,995.95,2025,5,May,Sunday,4075.18,3667.662
2025-05-25,ORD038785,CUST01332,P008,Running Shoes,Fashion,Pune,Online,UPI,1,4309.52,0.25,4309.52,3232.14,0,768.31,2025,5,May,Sunday,4309.52,3232.1400000000003
2025-05-25,ORD045255,CUST03824,P015,Dining Table,Furniture,Pune,Store,Cash,5,24099.32,0.1,120496.6,108446.94,0,18414.96,2025,5,May,Sunday,120496.6,108446.94
2025-05-25,ORD031378,CUST03372,P001,Laptop,Electronics,Bengaluru,Online,Credit Card,2,69167.97,0.0,138335.94,138335.94,0,13779.64,2025,5,May,Sunday,138335.94,138335.94
2025-05-25,ORD047281,CUST03285,P013,Monitor,Electronics,Ahmedabad,Online,Net Banking,1,16962.0,0.05,16962.0,16113.9,0,1147.66,2025,5,May,Sunday,16962.0,16113.9
2025-05-25,ORD035660,CUST01470,P013,Monitor,Electronics,Bengaluru,Online,Credit Card,1,18268.27,0.1,18268.27,16441.44,0,1947.42,2025,5,May,Sunday,18268.27,16441.443
2025-05-25,ORD003275,CUST04224,P017,Jeans,Fashion,Hyderabad,Store,UPI,1,3003.84,0.2,3003.84,2403.07,0,148.21,2025,5,May,Sunday,3003.84,2403.072
2025-05-25,ORD027056,CUST04518,P019,Vacuum Cleaner,Home,Pune,Store,Net Banking,1,8401.63,0.05,8401.63,7981.55,0,1830.77,2025,5,May,Sunday,8401.63,7981.548499999999
2025-05-25,ORD046518,CUST01073,P007,Backpack,Accessories,Delhi,Online,Credit Card,1,1981.15,0.05,1981.15,1882.09,0,538.91,2025,5,May,Sunday,1981.15,1882.0925
2025-05-25,ORD019217,CUST04274,P002,Smartphone,Electronics,Jaipur,Online,Credit Card,1,28118.69,0.0,28118.69,28118.69,0,6899.62,2025,5,May,Sunday,28118.69,28118.69
2025-05-25,ORD045466,CUST00386,P017,Jeans,Fashion,Kolkata,Online,Cash,1,2834.71,0.1,2834.71,2551.24,0,560.47,2025,5,May,Sunday,2834.71,2551.239
2025-05-25,ORD023235,CUST04750,P009,T-Shirt,Fashion,Kolkata,Store,Credit Card,2,1269.54,0.1,2539.08,2285.17,0,428.03,2025,5,May,Sunday,2539.08,2285.172
2025-05-25,ORD024552,CUST04975,P006,Desk,Furniture,Ahmedabad,Online,UPI,3,11013.06,0.05,33039.18,31387.22,0,2321.97,2025,5,May,Sunday,33039.18,31387.220999999998
2025-05-25,ORD021404,CUST02610,P006,Desk,Furniture,Mumbai,Store,Credit Card,2,12786.7,0.1,25573.4,23016.06,0,4038.03,2025,5,May,Sunday,25573.4,23016.06
2025-05-25,ORD029927,CUST01924,P009,T-Shirt,Fashion,Ahmedabad,Online,Net Banking,4,1292.37,0.1,5169.48,4652.53,0,600.61,2025,5,May,Sunday,5169.48,4652.532
2025-05-25,ORD003841,CUST03318,P005,Office Chair,Furniture,Delhi,Online,Credit Card,1,9588.04,0.15,9588.04,8149.83,0,1766.83,2025,5,May,Sunday,9588.04,8149.834000000001
2025-05-25,ORD024052,CUST04085,P020,Microwave,Home,Hyderabad,Online,Credit Card,1,10720.35,0.0,10720.35,10720.35,0,3175.78,2025,5,May,Sunday,10720.35,10720.35
2025-05-25,ORD000248,CUST01864,P018,Jacket,Fashion,Pune,Online,Credit Card,1,5295.06,0.1,5295.06,4765.55,0,785.49,2025,5,May,Sunday,5295.06,4765.554
2025-05-25,ORD037886,CUST02557,P009,T-Shirt,Fashion,Mumbai,Store,Credit Card,3,1315.71,0.0,3947.13,3947.13,0,423.94,2025,5,May,Sunday,3947.13,3947.13
2025-05-25,ORD016844,CUST03327,P006,Desk,Furniture,Bengaluru,Online,Cash,1,12885.07,0.1,12885.07,11596.56,0,1617.05,2025,5,May,Sunday,12885.07,11596.563
2025-05-25,ORD020019,CUST01478,P006,Desk,Furniture,Surat,Online,UPI,1,10978.76,0.25,10978.76,8234.07,0,378.65,2025,5,May,Sunday,10978.76,8234.07
2025-05-25,ORD002965,CUST04464,P016,Sofa,Furniture,Chennai,Online,UPI,1,31801.24,0.15,31801.24,27031.05,0,2987.57,2025,5,May,Sunday,31801.24,27031.054
2025-05-25,ORD030010,CUST01497,P003,Headphones,Electronics,Bengaluru,Online,UPI,4,4247.86,0.05,16991.44,16141.87,0,4599.9,2025,5,May,Sunday,16991.44,16141.867999999999
2025-05-25,ORD048954,CUST02944,P010,Coffee Maker,Home,Pune,Store,Net Banking,1,5453.67,0.1,5453.67,4908.3,0,613.87,2025,5,May,Sunday,5453.67,4908.303
2025-05-25,ORD012414,CUST03041,P012,Air Fryer,Home,Jaipur,Online,UPI,2,7587.76,0.1,15175.52,13657.97,0,1047.55,2025,5,May,Sunday,15175.52,13657.968
2025-05-25,ORD007129,CUST04224,P008,Running Shoes,Fashion,Ahmedabad,Online,Credit Card,2,4285.49,0.25,8570.98,6428.24,0,257.13,2025,5,May,Sunday,8570.98,6428.235
2025-05-25,ORD037213,CUST04568,P013,Monitor,Electronics,Surat,Online,Debit Card,2,19390.99,0.0,38781.98,38781.98,1,-1939.1,2025,5,May,Sunday,38781.98,38781.98
2025-05-25,ORD008602,CUST03291,P002,Smartphone,Electronics,Ahmedabad,Online,Credit Card,1,27973.14,0.05,27973.14,26574.48,0,2956.46,2025,5,May,Sunday,27973.14,26574.482999999997
2025-05-25,ORD018011,CUST01679,P012,Air Fryer,Home,Chennai,Store,UPI,1,7298.47,0.2,7298.47,5838.78,0,919.29,2025,5,May,Sunday,7298.47,5838.776000000001
2025-05-25,ORD023267,CUST01255,P003,Headphones,Electronics,Mumbai,Store,Net Banking,2,4487.01,0.05,8974.02,8525.32,0,805.63,2025,5,May,Sunday,8974.02,8525.319
2025-05-25,ORD001899,CUST02201,P015,Dining Table,Furniture,Kolkata,Online,Net Banking,3,19986.7,0.05,59960.1,56962.1,0,12562.0,2025,5,May,Sunday,59960.100000000006,56962.094999999994
2025-05-25,ORD024938,CUST01761,P014,Keyboard,Electronics,Mumbai,Store,UPI,2,2430.14,0.15,4860.28,4131.24,0,796.19,2025,5,May,Sunday,4860.28,4131.237999999999
2025-05-25,ORD026108,CUST02228,P004,Smartwatch,Electronics,Surat,Online,Credit Card,3,6513.87,0.15,19541.61,16610.37,0,2878.49,2025,5,May,Sunday,19541.61,16610.3685
2025-05-25,ORD035070,CUST04608,P020,Microwave,Home,Jaipur,Online,UPI,3,11134.44,0.1,33403.32,30062.99,0,4169.37,2025,5,May,Sunday,33403.32,30062.988
2025-05-25,ORD038517,CUST04832,P019,Vacuum Cleaner,Home,Pune,Online,Net Banking,2,9765.66,0.1,19531.32,17578.19,0,3950.24,2025,5,May,Sunday,19531.32,17578.188000000002
2025-05-25,ORD009218,CUST04905,P014,Keyboard,Electronics,Bengaluru,Online,Credit Card,1,2286.29,0.15,2286.29,1943.35,0,384.83,2025,5,May,Sunday,2286.29,1943.3464999999999
2025-05-25,ORD043963,CUST04393,P013,Monitor,Electronics,Pune,Online,Credit Card,1,19770.96,0.05,19770.96,18782.41,1,-939.12,2025,5,May,Sunday,19770.96,18782.411999999997
2025-05-25,ORD049763,CUST01470,P013,Monitor,Electronics,Delhi,Store,Credit Card,2,17250.73,0.1,34501.46,31051.31,0,7526.3,2025,5,May,Sunday,34501.46,31051.314
2025-05-25,ORD029541,CUST00448,P001,Laptop,Electronics,Hyderabad,Online,UPI,1,64438.37,0.05,64438.37,61216.45,0,13952.04,2025,5,May,Sunday,64438.37,61216.4515
2025-05-25,ORD049121,CUST02310,P005,Office Chair,Furniture,Surat,Online,UPI,1,10196.68,0.1,10196.68,9177.01,0,1981.34,2025,5,May,Sunday,10196.68,9177.012
2025-05-25,ORD042283,CUST04983,P010,Coffee Maker,Home,Jaipur,Online,Credit Card,1,5097.92,0.1,5097.92,4588.13,0,1245.0,2025,5,May,Sunday,5097.92,4588.128000000001
2025-05-25,ORD035685,CUST04075,P007,Backpack,Accessories,Delhi,Store,Credit Card,1,2374.5,0.2,2374.5,1899.6,0,482.46,2025,5,May,Sunday,2374.5,1899.6000000000001
2025-05-25,ORD016519,CUST02761,P007,Backpack,Accessories,Ahmedabad,Store,Credit Card,2,2328.44,0.0,4656.88,4656.88,0,1282.62,2025,5,May,Sunday,4656.88,4656.88
2025-05-25,ORD048811,CUST03031,P017,Jeans,Fashion,Kolkata,Store,Credit Card,4,2828.59,0.1,11314.36,10182.92,0,2515.81,2025,5,May,Sunday,11314.36,10182.924
2025-05-25,ORD037287,CUST01464,P008,Running Shoes,Fashion,Hyderabad,Store,UPI,1,4344.82,0.05,4344.82,4127.58,0,735.81,2025,5,May,Sunday,4344.82,4127.579
2025-05-25,ORD041580,CUST02054,P016,Sofa,Furniture,Mumbai,Online,UPI,1,35735.21,0.0,35735.21,35735.21,0,8262.01,2025,5,May,Sunday,35735.21,35735.21
2025-05-25,ORD031059,CUST02374,P016,Sofa,Furniture,Chennai,Online,Credit Card,1,35192.81,0.05,35192.81,33433.17,0,8062.44,2025,5,May,Sunday,35192.81,33433.169499999996
2025-05-25,ORD008079,CUST03462,P007,Backpack,Accessories,Chennai,Store,Net Banking,1,2132.88,0.1,2132.88,1919.59,0,312.35,2025,5,May,Sunday,2132.88,1919.592
2025-05-25,ORD034771,CUST02801,P018,Jacket,Fashion,Bengaluru,Store,UPI,1,5241.68,0.15,5241.68,4455.43,0,891.5,2025,5,May,Sunday,5241.68,4455.428
2025-05-25,ORD023282,CUST00965,P002,Smartphone,Electronics,Surat,Online,Credit Card,1,28570.7,0.05,28570.7,27142.16,0,4575.2,2025,5,May,Sunday,28570.7,27142.165
2025-05-25,ORD001285,CUST00488,P001,Laptop,Electronics,Mumbai,Online,UPI,1,71257.27,0.1,71257.27,64131.54,0,16935.88,2025,5,May,Sunday,71257.27,64131.543000000005
2025-05-25,ORD037883,CUST02390,P002,Smartphone,Electronics,Mumbai,Online,UPI,2,30542.17,0.15,61084.34,51921.69,0,8277.91,2025,5,May,Sunday,61084.34,51921.689
2025-05-25,ORD040189,CUST04550,P011,Mixer Grinder,Home,Delhi,Online,UPI,1,5267.79,0.05,5267.79,5004.4,0,811.56,2025,5,May,Sunday,5267.79,5004.4005
2025-05-25,ORD024987,CUST01487,P001,Laptop,Electronics,Ahmedabad,Online,Cash,1,58689.01,0.05,58689.01,55754.56,0,15340.46,2025,5,May,Sunday,58689.01,55754.559499999996
2025-05-25,ORD001478,CUST00924,P001,Laptop,Electronics,Hyderabad,Store,Credit Card,2,60811.38,0.1,121622.76,109460.48,0,23014.24,2025,5,May,Sunday,121622.76,109460.484
2025-05-25,ORD030069,CUST04937,P015,Dining Table,Furniture,Surat,Store,Debit Card,1,20433.97,0.2,20433.97,16347.18,0,1481.91,2025,5,May,Sunday,20433.97,16347.176000000001
2025-05-25,ORD022101,CUST02260,P004,Smartwatch,Electronics,Surat,Online,UPI,2,6425.03,0.15,12850.06,10922.55,0,2474.33,2025,5,May,Sunday,12850.06,10922.551
2025-05-25,ORD018522,CUST01323,P002,Smartphone,Electronics,Surat,Store,Credit Card,1,30131.44,0.1,30131.44,27118.3,0,7148.16,2025,5,May,Sunday,30131.44,27118.296
2025-05-25,ORD003472,CUST01475,P009,T-Shirt,Fashion,Ahmedabad,Online,UPI,1,1153.81,0.15,1153.81,980.74,0,188.76,2025,5,May,Sunday,1153.81,980.7384999999999
2025-05-25,ORD016411,CUST02812,P008,Running Shoes,Fashion,Jaipur,Online,Credit Card,1,3882.18,0.1,3882.18,3493.96,0,304.39,2025,5,May,Sunday,3882.18,3493.962
2025-05-25,ORD041679,CUST04438,P013,Monitor,Electronics,Surat,Online,Debit Card,1,17850.82,0.05,17850.82,16958.28,0,1762.73,2025,5,May,Sunday,17850.82,16958.279
2025-05-25,ORD023847,CUST03800,P017,Jeans,Fashion,Delhi,Online,UPI,1,2673.24,0.25,2673.24,2004.93,1,-100.25,2025,5,May,Sunday,2673.24,2004.9299999999998
2025-05-25,ORD041102,CUST04170,P018,Jacket,Fashion,Mumbai,Online,Credit Card,1,4964.16,0.05,4964.16,4715.95,0,465.55,2025,5,May,Sunday,4964.16,4715.951999999999
2025-05-25,ORD038677,CUST03437,P002,Smartphone,Electronics,Mumbai,Store,Cash,3,26398.49,0.2,79195.47,63356.38,1,-3167.82,2025,5,May,Sunday,79195.47,63356.376000000004
2025-05-25,ORD012131,CUST01983,P018,Jacket,Fashion,Hyderabad,Store,Net Banking,1,5077.26,0.05,5077.26,4823.4,1,-241.17,2025,5,May,Sunday,5077.26,4823.397
2025-05-26,ORD043030,CUST02455,P009,T-Shirt,Fashion,Mumbai,Online,Net Banking,3,1182.11,0.05,3546.33,3369.01,0,411.8,2025,5,May,Monday,3546.33,3369.0134999999996
2025-05-26,ORD005832,CUST00667,P001,Laptop,Electronics,Pune,Store,Debit Card,2,63631.31,0.15,127262.62,108173.23,0,6810.44,2025,5,May,Monday,127262.62,108173.227
2025-05-26,ORD013414,CUST04911,P004,Smartwatch,Electronics,Surat,Online,Cash,2,6684.62,0.05,13369.24,12700.78,1,-635.04,2025,5,May,Monday,13369.24,12700.777999999998
2025-05-26,ORD040835,CUST00129,P009,T-Shirt,Fashion,Jaipur,Online,UPI,1,1103.57,0.1,1103.57,993.21,0,157.67,2025,5,May,Monday,1103.57,993.213
2025-05-26,ORD005689,CUST03274,P005,Office Chair,Furniture,Surat,Store,UPI,4,9618.54,0.1,38474.16,34626.74,0,8035.12,2025,5,May,Monday,38474.16,34626.744000000006
2025-05-26,ORD046760,CUST00350,P018,Jacket,Fashion,Pune,Online,Credit Card,1,5699.54,0.0,5699.54,5699.54,0,1001.2,2025,5,May,Monday,5699.54,5699.54
2025-05-26,ORD001108,CUST00253,P011,Mixer Grinder,Home,Hyderabad,Online,UPI,1,4338.55,0.1,4338.55,3904.7,0,739.66,2025,5,May,Monday,4338.55,3904.695
2025-05-26,ORD003506,CUST00573,P001,Laptop,Electronics,Ahmedabad,Online,UPI,1,58911.65,0.15,58911.65,50074.9,0,6310.87,2025,5,May,Monday,58911.65,50074.9025
2025-05-26,ORD017876,CUST02642,P005,Office Chair,Furniture,Mumbai,Store,UPI,1,9162.62,0.2,9162.62,7330.1,0,617.57,2025,5,May,Monday,9162.62,7330.096000000001
2025-05-26,ORD042684,CUST03729,P014,Keyboard,Electronics,Ahmedabad,Store,Debit Card,1,2573.38,0.25,2573.38,1930.04,0,470.06,2025,5,May,Monday,2573.38,1930.035
2025-05-26,ORD023171,CUST04291,P017,Jeans,Fashion,Mumbai,Online,Cash,1,2679.66,0.0,2679.66,2679.66,0,442.25,2025,5,May,Monday,2679.66,2679.66
2025-05-26,ORD037471,CUST02921,P014,Keyboard,Electronics,Kolkata,Online,Debit Card,1,2381.42,0.1,2381.42,2143.28,0,411.72,2025,5,May,Monday,2381.42,2143.2780000000002
2025-05-26,ORD019892,CUST04431,P012,Air Fryer,Home,Surat,Store,Credit Card,1,7810.07,0.25,7810.07,5857.55,0,972.71,2025,5,May,Monday,7810.07,5857.5525
2025-05-26,ORD028571,CUST04243,P014,Keyboard,Electronics,Mumbai,Store,UPI,2,2584.67,0.15,5169.34,4393.94,0,275.88,2025,5,May,Monday,5169.34,4393.939
2025-05-26,ORD012842,CUST03000,P016,Sofa,Furniture,Kolkata,Store,UPI,1,35738.21,0.1,35738.21,32164.39,0,8435.89,2025,5,May,Monday,35738.21,32164.389
2025-05-26,ORD041867,CUST04905,P005,Office Chair,Furniture,Ahmedabad,Store,Credit Card,4,8731.96,0.05,34927.84,33181.45,0,8766.98,2025,5,May,Monday,34927.84,33181.448
2025-05-26,ORD028727,CUST03009,P007,Backpack,Accessories,Surat,Store,UPI,1,2154.62,0.0,2154.62,2154.62,0,460.91,2025,5,May,Monday,2154.62,2154.62
2025-05-26,ORD043257,CUST02117,P018,Jacket,Fashion,Hyderabad,Online,UPI,2,5028.38,0.1,10056.76,9051.08,0,2474.62,2025,5,May,Monday,10056.76,9051.084
2025-05-26,ORD039708,CUST01437,P020,Microwave,Home,Surat,Store,Cash,2,10523.09,0.25,21046.18,15784.64,0,631.39,2025,5,May,Monday,21046.18,15784.635
2025-05-26,ORD021457,CUST02002,P005,Office Chair,Furniture,Ahmedabad,Online,UPI,2,9226.19,0.0,18452.38,18452.38,0,2911.31,2025,5,May,Monday,18452.38,18452.38
2025-05-26,ORD034801,CUST01206,P007,Backpack,Accessories,Mumbai,Online,Debit Card,2,2162.78,0.1,4325.56,3893.0,0,749.82,2025,5,May,Monday,4325.56,3893.0040000000004
2025-05-26,ORD002987,CUST00369,P017,Jeans,Fashion,Hyderabad,Online,UPI,1,2658.94,0.15,2658.94,2260.1,0,533.32,2025,5,May,Monday,2658.94,2260.099
2025-05-26,ORD044377,CUST01624,P002,Smartphone,Electronics,Pune,Online,UPI,1,29533.73,0.05,29533.73,28057.04,0,2331.26,2025,5,May,Monday,29533.73,28057.0435
2025-05-26,ORD009786,CUST02637,P011,Mixer Grinder,Home,Bengaluru,Online,UPI,2,4790.85,0.25,9581.7,7186.28,0,1580.49,2025,5,May,Monday,9581.7,7186.275000000001
2025-05-26,ORD030474,CUST00341,P001,Laptop,Electronics,Bengaluru,Online,Credit Card,1,61153.05,0.15,61153.05,51980.09,0,3650.53,2025,5,May,Monday,61153.05,51980.0925
2025-05-26,ORD024157,CUST00514,P020,Microwave,Home,Surat,Store,Net Banking,1,11128.61,0.1,11128.61,10015.75,0,1109.44,2025,5,May,Monday,11128.61,10015.749000000002
2025-05-26,ORD034582,CUST00762,P006,Desk,Furniture,Pune,Store,Net Banking,1,10981.93,0.0,10981.93,10981.93,0,1722.57,2025,5,May,Monday,10981.93,10981.93
2025-05-26,ORD014344,CUST04706,P020,Microwave,Home,Kolkata,Online,Credit Card,1,10345.96,0.2,10345.96,8276.77,0,2010.35,2025,5,May,Monday,10345.96,8276.768
2025-05-26,ORD042237,CUST02982,P011,Mixer Grinder,Home,Hyderabad,Store,Cash,1,4493.24,0.05,4493.24,4268.58,0,831.09,2025,5,May,Monday,4493.24,4268.5779999999995
2025-05-26,ORD036128,CUST04506,P005,Office Chair,Furniture,Mumbai,Online,Debit Card,1,10360.66,0.1,10360.66,9324.59,0,1310.85,2025,5,May,Monday,10360.66,9324.594000000001
2025-05-26,ORD011628,CUST02282,P008,Running Shoes,Fashion,Hyderabad,Store,Net Banking,1,4276.61,0.1,4276.61,3848.95,0,909.67,2025,5,May,Monday,4276.61,3848.9489999999996
2025-05-26,ORD024433,CUST00033,P017,Jeans,Fashion,Delhi,Store,Credit Card,2,2547.99,0.05,5095.98,4841.18,0,570.01,2025,5,May,Monday,5095.98,4841.181
2025-05-26,ORD049043,CUST00386,P008,Running Shoes,Fashion,Kolkata,Online,Credit Card,1,3918.65,0.05,3918.65,3722.72,0,846.09,2025,5,May,Monday,3918.65,3722.7174999999997
2025-05-26,ORD022428,CUST00457,P001,Laptop,Electronics,Chennai,Online,UPI,1,70543.82,0.1,70543.82,63489.44,1,-3174.47,2025,5,May,Monday,70543.82,63489.43800000001
2025-05-26,ORD026810,CUST01615,P008,Running Shoes,Fashion,Kolkata,Online,UPI,1,4352.24,0.05,4352.24,4134.63,0,503.25,2025,5,May,Monday,4352.24,4134.628
2025-05-26,ORD017820,CUST00193,P017,Jeans,Fashion,Ahmedabad,Store,UPI,1,2978.33,0.0,2978.33,2978.33,0,473.08,2025,5,May,Monday,2978.33,2978.33
2025-05-26,ORD022907,CUST00226,P015,Dining Table,Furniture,Chennai,Online,Net Banking,2,21741.16,0.1,43482.32,39134.09,0,5600.93,2025,5,May,Monday,43482.32,39134.088
2025-05-26,ORD044953,CUST04533,P005,Office Chair,Furniture,Bengaluru,Online,UPI,1,8742.6,0.1,8742.6,7868.34,0,903.26,2025,5,May,Monday,8742.6,7868.34
2025-05-26,ORD034863,CUST00572,P014,Keyboard,Electronics,Ahmedabad,Online,Net Banking,1,2415.18,0.0,2415.18,2415.18,0,327.99,2025,5,May,Monday,2415.18,2415.18
2025-05-26,ORD026363,CUST00048,P006,Desk,Furniture,Bengaluru,Online,Debit Card,2,11496.82,0.1,22993.64,20694.28,0,1946.58,2025,5,May,Monday,22993.64,20694.276
2025-05-26,ORD047775,CUST02848,P008,Running Shoes,Fashion,Ahmedabad,Online,Credit Card,2,4414.66,0.15,8829.32,7504.92,0,1426.11,2025,5,May,Monday,8829.32,7504.922
2025-05-26,ORD034222,CUST03493,P002,Smartphone,Electronics,Chennai,Online,Credit Card,1,26317.41,0.15,26317.41,22369.8,0,3513.74,2025,5,May,Monday,26317.41,22369.7985
2025-05-26,ORD024368,CUST04103,P001,Laptop,Electronics,Ahmedabad,Online,Credit Card,2,69342.41,0.1,138684.82,124816.34,0,24947.81,2025,5,May,Monday,138684.82,124816.338
2025-05-26,ORD006717,CUST03965,P005,Office Chair,Furniture,Chennai,Online,UPI,1,8726.21,0.15,8726.21,7417.28,0,558.21,2025,5,May,Monday,8726.21,7417.278499999999
2025-05-26,ORD036687,CUST00655,P006,Desk,Furniture,Kolkata,Online,UPI,5,11126.04,0.05,55630.2,52848.69,0,5265.58,2025,5,May,Monday,55630.200000000004,52848.689999999995
2025-05-26,ORD040305,CUST00908,P013,Monitor,Electronics,Jaipur,Store,UPI,1,19546.8,0.05,19546.8,18569.46,0,4756.29,2025,5,May,Monday,19546.8,18569.46
2025-05-26,ORD025044,CUST02722,P003,Headphones,Electronics,Jaipur,Online,Credit Card,1,4484.05,0.0,4484.05,4484.05,0,1048.45,2025,5,May,Monday,4484.05,4484.05
2025-05-26,ORD048131,CUST04596,P020,Microwave,Home,Ahmedabad,Store,Credit Card,1,11947.27,0.1,11947.27,10752.54,1,-537.63,2025,5,May,Monday,11947.27,10752.543000000001
2025-05-26,ORD023090,CUST03384,P010,Coffee Maker,Home,Jaipur,Store,Credit Card,1,5689.22,0.05,5689.22,5404.76,0,871.47,2025,5,May,Monday,5689.22,5404.759
2025-05-26,ORD043630,CUST01022,P008,Running Shoes,Fashion,Delhi,Online,Debit Card,1,4170.78,0.15,4170.78,3545.16,0,803.6,2025,5,May,Monday,4170.78,3545.1629999999996
2025-05-26,ORD024045,CUST03647,P001,Laptop,Electronics,Chennai,Store,UPI,1,70209.63,0.05,70209.63,66699.15,0,13174.83,2025,5,May,Monday,70209.63,66699.1485
2025-05-26,ORD036479,CUST00252,P014,Keyboard,Electronics,Ahmedabad,Store,Credit Card,1,2680.56,0.05,2680.56,2546.53,0,457.48,2025,5,May,Monday,2680.56,2546.5319999999997
2025-05-26,ORD029283,CUST00197,P019,Vacuum Cleaner,Home,Hyderabad,Online,Debit Card,1,9895.92,0.25,9895.92,7421.94,0,1555.79,2025,5,May,Monday,9895.92,7421.9400000000005
2025-05-26,ORD043680,CUST04659,P003,Headphones,Electronics,Pune,Online,Cash,3,4861.37,0.0,14584.11,14584.11,0,3899.67,2025,5,May,Monday,14584.11,14584.11
2025-05-26,ORD031413,CUST01522,P002,Smartphone,Electronics,Ahmedabad,Online,Cash,3,25376.74,0.0,76130.22,76130.22,0,9488.54,2025,5,May,Monday,76130.22,76130.22
2025-05-26,ORD029472,CUST01909,P009,T-Shirt,Fashion,Jaipur,Online,Cash,1,1130.94,0.2,1130.94,904.75,0,150.78,2025,5,May,Monday,1130.94,904.7520000000001
2025-05-26,ORD019936,CUST01716,P018,Jacket,Fashion,Bengaluru,Store,Debit Card,1,4953.85,0.15,4953.85,4210.77,0,551.39,2025,5,May,Monday,4953.85,4210.7725
2025-05-26,ORD033711,CUST01760,P010,Coffee Maker,Home,Ahmedabad,Store,Debit Card,2,5367.52,0.1,10735.04,9661.54,0,1548.65,2025,5,May,Monday,10735.04,9661.536000000002
2025-05-26,ORD031897,CUST03041,P020,Microwave,Home,Bengaluru,Store,UPI,2,10508.34,0.1,21016.68,18915.01,0,2772.21,2025,5,May,Monday,21016.68,18915.012000000002
2025-05-26,ORD015822,CUST04346,P011,Mixer Grinder,Home,Surat,Store,UPI,2,4459.48,0.05,8918.96,8473.01,0,2307.48,2025,5,May,Monday,8918.96,8473.011999999999
2025-05-26,ORD011887,CUST02727,P011,Mixer Grinder,Home,Mumbai,Online,UPI,1,4344.42,0.2,4344.42,3475.54,0,800.47,2025,5,May,Monday,4344.42,3475.536
2025-05-26,ORD019546,CUST00899,P010,Coffee Maker,Home,Mumbai,Online,Net Banking,1,5615.85,0.05,5615.85,5335.06,0,1528.66,2025,5,May,Monday,5615.85,5335.0575
2025-05-26,ORD038780,CUST00641,P011,Mixer Grinder,Home,Chennai,Online,Credit Card,1,5128.82,0.1,5128.82,4615.94,0,1088.22,2025,5,May,Monday,5128.82,4615.938
2025-05-26,ORD019870,CUST02305,P010,Coffee Maker,Home,Chennai,Online,Credit Card,2,5484.55,0.1,10969.1,9872.19,1,-493.61,2025,5,May,Monday,10969.1,9872.19
2025-05-26,ORD034012,CUST04630,P003,Headphones,Electronics,Chennai,Online,Credit Card,2,4342.37,0.05,8684.74,8250.5,0,1367.09,2025,5,May,Monday,8684.74,8250.502999999999
2025-05-26,ORD017333,CUST00703,P013,Monitor,Electronics,Ahmedabad,Online,Net Banking,2,17796.55,0.0,35593.1,35593.1,0,6959.52,2025,5,May,Monday,35593.1,35593.1
2025-05-26,ORD001430,CUST02676,P018,Jacket,Fashion,Delhi,Store,Net Banking,1,4909.66,0.15,4909.66,4173.21,0,1043.96,2025,5,May,Monday,4909.66,4173.210999999999
2025-05-26,ORD022620,CUST00982,P015,Dining Table,Furniture,Surat,Online,Debit Card,2,23843.61,0.0,47687.22,47687.22,0,5020.27,2025,5,May,Monday,47687.22,47687.22
2025-05-27,ORD011784,CUST02946,P006,Desk,Furniture,Mumbai,Store,Debit Card,1,11544.24,0.25,11544.24,8658.18,0,2104.91,2025,5,May,Tuesday,11544.24,8658.18
2025-05-27,ORD021396,CUST02268,P014,Keyboard,Electronics,Ahmedabad,Online,UPI,1,2742.2,0.05,2742.2,2605.09,0,442.55,2025,5,May,Tuesday,2742.2,2605.0899999999997
2025-05-27,ORD036948,CUST01207,P013,Monitor,Electronics,Delhi,Online,Debit Card,2,16799.6,0.15,33599.2,28559.32,0,4316.24,2025,5,May,Tuesday,33599.2,28559.319999999996
2025-05-27,ORD011949,CUST04680,P003,Headphones,Electronics,Bengaluru,Online,UPI,3,4804.23,0.1,14412.69,12971.42,0,1539.21,2025,5,May,Tuesday,14412.689999999999,12971.421
2025-05-27,ORD009037,CUST04499,P016,Sofa,Furniture,Chennai,Online,UPI,1,33295.28,0.05,33295.28,31630.52,0,3843.39,2025,5,May,Tuesday,33295.28,31630.515999999996
2025-05-27,ORD024855,CUST00124,P016,Sofa,Furniture,Kolkata,Online,Debit Card,1,35971.86,0.0,35971.86,35971.86,0,6828.24,2025,5,May,Tuesday,35971.86,35971.86
2025-05-27,ORD049498,CUST01635,P017,Jeans,Fashion,Ahmedabad,Online,UPI,2,2895.88,0.2,5791.76,4633.41,0,1069.83,2025,5,May,Tuesday,5791.76,4633.408
2025-05-27,ORD039973,CUST03609,P004,Smartwatch,Electronics,Kolkata,Online,UPI,2,6966.37,0.0,13932.74,13932.74,0,1935.91,2025,5,May,Tuesday,13932.74,13932.74
2025-05-27,ORD020570,CUST01975,P019,Vacuum Cleaner,Home,Chennai,Store,Debit Card,1,9445.27,0.2,9445.27,7556.22,0,1891.58,2025,5,May,Tuesday,9445.27,7556.216
2025-05-27,ORD014656,CUST04719,P014,Keyboard,Electronics,Surat,Online,Credit Card,2,2406.07,0.2,4812.14,3849.71,0,993.63,2025,5,May,Tuesday,4812.14,3849.7120000000004
2025-05-27,ORD043906,CUST03186,P009,T-Shirt,Fashion,Ahmedabad,Online,UPI,3,1242.81,0.25,3728.43,2796.32,0,510.83,2025,5,May,Tuesday,3728.43,2796.3224999999998
2025-05-27,ORD036857,CUST02584,P001,Laptop,Electronics,Kolkata,Store,UPI,1,62670.62,0.1,62670.62,56403.56,0,8702.66,2025,5,May,Tuesday,62670.62,56403.558000000005
2025-05-27,ORD003774,CUST01640,P013,Monitor,Electronics,Ahmedabad,Online,UPI,1,17919.62,0.05,17919.62,17023.64,0,4690.25,2025,5,May,Tuesday,17919.62,17023.639
2025-05-27,ORD013404,CUST03937,P010,Coffee Maker,Home,Delhi,Online,UPI,2,5418.64,0.0,10837.28,10837.28,0,2124.37,2025,5,May,Tuesday,10837.28,10837.28
2025-05-27,ORD014314,CUST00227,P019,Vacuum Cleaner,Home,Mumbai,Online,Cash,1,8157.01,0.2,8157.01,6525.61,0,417.35,2025,5,May,Tuesday,8157.01,6525.608
2025-05-27,ORD023935,CUST01008,P004,Smartwatch,Electronics,Chennai,Store,UPI,1,7261.95,0.05,7261.95,6898.85,0,1164.32,2025,5,May,Tuesday,7261.95,6898.852499999999
2025-05-27,ORD011384,CUST00950,P013,Monitor,Electronics,Surat,Online,UPI,1,17090.18,0.1,17090.18,15381.16,0,1548.99,2025,5,May,Tuesday,17090.18,15381.162
2025-05-27,ORD048197,CUST00971,P020,Microwave,Home,Surat,Store,UPI,1,10423.49,0.2,10423.49,8338.79,0,1667.78,2025,5,May,Tuesday,10423.49,8338.792
2025-05-27,ORD045629,CUST03520,P009,T-Shirt,Fashion,Bengaluru,Store,Debit Card,1,1095.03,0.15,1095.03,930.78,0,59.43,2025,5,May,Tuesday,1095.03,930.7755
2025-05-27,ORD015484,CUST02472,P007,Backpack,Accessories,Chennai,Store,UPI,1,2410.91,0.1,2410.91,2169.82,0,586.03,2025,5,May,Tuesday,2410.91,2169.819
2025-05-27,ORD014546,CUST04497,P002,Smartphone,Electronics,Hyderabad,Online,Credit Card,2,28120.47,0.05,56240.94,53428.89,0,9936.76,2025,5,May,Tuesday,56240.94,53428.893
2025-05-27,ORD021273,CUST04370,P012,Air Fryer,Home,Chennai,Store,UPI,1,6670.39,0.05,6670.39,6336.87,0,978.12,2025,5,May,Tuesday,6670.39,6336.8705
2025-05-27,ORD013616,CUST04257,P009,T-Shirt,Fashion,Surat,Store,UPI,2,1122.8,0.1,2245.6,2021.04,0,360.93,2025,5,May,Tuesday,2245.6,2021.04
2025-05-27,ORD023936,CUST02391,P018,Jacket,Fashion,Jaipur,Store,Cash,2,4803.74,0.2,9607.48,7685.98,0,1479.2,2025,5,May,Tuesday,9607.48,7685.984
2025-05-27,ORD037481,CUST03351,P010,Coffee Maker,Home,Kolkata,Online,UPI,1,5581.09,0.25,5581.09,4185.82,0,948.96,2025,5,May,Tuesday,5581.09,4185.8175
2025-05-27,ORD027459,CUST02697,P011,Mixer Grinder,Home,Jaipur,Store,UPI,2,4984.32,0.15,9968.64,8473.34,0,688.16,2025,5,May,Tuesday,9968.64,8473.344
2025-05-27,ORD027612,CUST01036,P011,Mixer Grinder,Home,Jaipur,Online,UPI,1,4521.65,0.15,4521.65,3843.4,0,1013.13,2025,5,May,Tuesday,4521.65,3843.4024999999997
2025-05-27,ORD012470,CUST04642,P005,Office Chair,Furniture,Chennai,Online,UPI,3,8562.47,0.1,25687.41,23118.67,0,2049.48,2025,5,May,Tuesday,25687.409999999996,23118.669
2025-05-27,ORD014621,CUST03160,P007,Backpack,Accessories,Jaipur,Store,Net Banking,2,1984.84,0.0,3969.68,3969.68,0,340.04,2025,5,May,Tuesday,3969.68,3969.68
2025-05-27,ORD009646,CUST04499,P009,T-Shirt,Fashion,Mumbai,Online,Credit Card,4,1094.46,0.05,4377.84,4158.95,1,-207.95,2025,5,May,Tuesday,4377.84,4158.948
2025-05-27,ORD009969,CUST00891,P015,Dining Table,Furniture,Bengaluru,Store,UPI,2,21897.4,0.0,43794.8,43794.8,0,12343.68,2025,5,May,Tuesday,43794.8,43794.8
2025-05-27,ORD017127,CUST04191,P003,Headphones,Electronics,Jaipur,Store,UPI,2,4697.92,0.2,9395.84,7516.67,0,480.57,2025,5,May,Tuesday,9395.84,7516.6720000000005
2025-05-27,ORD026647,CUST02096,P018,Jacket,Fashion,Chennai,Online,Debit Card,2,5711.06,0.1,11422.12,10279.91,0,2364.22,2025,5,May,Tuesday,11422.12,10279.908000000001
2025-05-27,ORD029585,CUST03593,P010,Coffee Maker,Home,Hyderabad,Online,UPI,1,5943.89,0.1,5943.89,5349.5,0,1199.59,2025,5,May,Tuesday,5943.89,5349.501
2025-05-27,ORD037738,CUST02800,P020,Microwave,Home,Delhi,Online,UPI,4,11906.12,0.15,47624.48,40480.81,0,10105.74,2025,5,May,Tuesday,47624.48,40480.808000000005
2025-05-27,ORD027300,CUST04784,P020,Microwave,Home,Hyderabad,Store,UPI,1,11790.59,0.1,11790.59,10611.53,0,1600.12,2025,5,May,Tuesday,11790.59,10611.531
2025-05-27,ORD020704,CUST04451,P018,Jacket,Fashion,Surat,Online,Net Banking,1,5428.86,0.1,5428.86,4885.97,0,888.21,2025,5,May,Tuesday,5428.86,4885.974
2025-05-27,ORD037303,CUST03525,P018,Jacket,Fashion,Pune,Store,Credit Card,1,5421.84,0.0,5421.84,5421.84,0,1284.52,2025,5,May,Tuesday,5421.84,5421.84
2025-05-27,ORD038002,CUST00344,P006,Desk,Furniture,Chennai,Online,UPI,1,13112.94,0.0,13112.94,13112.94,0,2123.91,2025,5,May,Tuesday,13112.94,13112.94
2025-05-27,ORD022786,CUST02119,P007,Backpack,Accessories,Hyderabad,Store,UPI,1,2116.72,0.1,2116.72,1905.05,0,328.72,2025,5,May,Tuesday,2116.72,1905.0479999999998
2025-05-27,ORD048267,CUST00457,P012,Air Fryer,Home,Jaipur,Online,UPI,1,7008.54,0.0,7008.54,7008.54,0,1485.1,2025,5,May,Tuesday,7008.54,7008.54
2025-05-27,ORD046818,CUST00150,P003,Headphones,Electronics,Jaipur,Online,Credit Card,4,4163.01,0.0,16652.04,16652.04,0,2711.42,2025,5,May,Tuesday,16652.04,16652.04
2025-05-27,ORD046415,CUST03394,P011,Mixer Grinder,Home,Chennai,Online,UPI,2,4712.15,0.15,9424.3,8010.65,0,1656.32,2025,5,May,Tuesday,9424.3,8010.654999999999
2025-05-27,ORD046108,CUST01947,P020,Microwave,Home,Hyderabad,Online,UPI,2,11073.46,0.15,22146.92,18824.88,0,3121.89,2025,5,May,Tuesday,22146.92,18824.881999999998
2025-05-27,ORD019910,CUST01236,P010,Coffee Maker,Home,Ahmedabad,Online,Credit Card,1,6013.16,0.1,6013.16,5411.84,0,745.54,2025,5,May,Tuesday,6013.16,5411.844
2025-05-27,ORD008897,CUST03018,P002,Smartphone,Electronics,Surat,Online,Credit Card,1,30749.34,0.05,30749.34,29211.87,0,4040.78,2025,5,May,Tuesday,30749.34,29211.873
2025-05-27,ORD018847,CUST01723,P015,Dining Table,Furniture,Kolkata,Online,Cash,1,23561.57,0.05,23561.57,22383.49,0,2804.56,2025,5,May,Tuesday,23561.57,22383.4915
2025-05-27,ORD033238,CUST03922,P011,Mixer Grinder,Home,Delhi,Online,UPI,1,5150.48,0.15,5150.48,4377.91,1,-218.9,2025,5,May,Tuesday,5150.48,4377.907999999999
2025-05-27,ORD001537,CUST02178,P003,Headphones,Electronics,Bengaluru,Online,Debit Card,1,4603.7,0.0,4603.7,4603.7,0,496.94,2025,5,May,Tuesday,4603.7,4603.7
2025-05-27,ORD033565,CUST03494,P009,T-Shirt,Fashion,Bengaluru,Store,Debit Card,1,1165.02,0.05,1165.02,1106.77,0,111.32,2025,5,May,Tuesday,1165.02,1106.769
2025-05-27,ORD020386,CUST02701,P003,Headphones,Electronics,Pune,Online,Net Banking,1,4593.22,0.25,4593.22,3444.92,0,179.95,2025,5,May,Tuesday,4593.22,3444.915
2025-05-27,ORD048108,CUST04329,P016,Sofa,Furniture,Hyderabad,Online,UPI,1,37988.15,0.05,37988.15,36088.74,0,2855.07,2025,5,May,Tuesday,37988.15,36088.7425
2025-05-27,ORD040225,CUST04958,P007,Backpack,Accessories,Pune,Store,Credit Card,1,2356.79,0.05,2356.79,2238.95,0,484.15,2025,5,May,Tuesday,2356.79,2238.9505
2025-05-27,ORD043025,CUST01945,P018,Jacket,Fashion,Jaipur,Online,Credit Card,5,4846.81,0.1,24234.05,21810.65,0,5825.95,2025,5,May,Tuesday,24234.050000000003,21810.645
2025-05-27,ORD027629,CUST04347,P012,Air Fryer,Home,Jaipur,Store,UPI,1,6937.45,0.25,6937.45,5203.09,0,847.12,2025,5,May,Tuesday,6937.45,5203.0875
2025-05-27,ORD001793,CUST03183,P009,T-Shirt,Fashion,Delhi,Online,Debit Card,1,1159.18,0.1,1159.18,1043.26,0,87.29,2025,5,May,Tuesday,1159.18,1043.2620000000002
2025-05-27,ORD028086,CUST04689,P020,Microwave,Home,Chennai,Store,Credit Card,2,11341.25,0.0,22682.5,22682.5,0,5265.3,2025,5,May,Tuesday,22682.5,22682.5
2025-05-27,ORD033007,CUST01450,P003,Headphones,Electronics,Pune,Online,Credit Card,3,4286.23,0.1,12858.69,11572.82,0,1177.6,2025,5,May,Tuesday,12858.689999999999,11572.821
2025-05-27,ORD049561,CUST03116,P014,Keyboard,Electronics,Chennai,Store,Cash,1,2381.98,0.15,2381.98,2024.68,0,247.03,2025,5,May,Tuesday,2381.98,2024.683
2025-05-27,ORD040247,CUST00313,P009,T-Shirt,Fashion,Mumbai,Online,UPI,1,1305.28,0.0,1305.28,1305.28,0,306.47,2025,5,May,Tuesday,1305.28,1305.28
2025-05-27,ORD043385,CUST02166,P002,Smartphone,Electronics,Mumbai,Store,Credit Card,1,28045.94,0.1,28045.94,25241.35,0,6961.47,2025,5,May,Tuesday,28045.94,25241.345999999998
2025-05-27,ORD013431,CUST00203,P012,Air Fryer,Home,Delhi,Store,Cash,1,6839.45,0.05,6839.45,6497.48,0,974.58,2025,5,May,Tuesday,6839.45,6497.4775
2025-05-27,ORD035896,CUST00715,P007,Backpack,Accessories,Jaipur,Online,Net Banking,1,2275.65,0.1,2275.65,2048.08,0,388.33,2025,5,May,Tuesday,2275.65,2048.085
2025-05-27,ORD018983,CUST01811,P014,Keyboard,Electronics,Kolkata,Online,Debit Card,1,2271.69,0.1,2271.69,2044.52,0,331.75,2025,5,May,Tuesday,2271.69,2044.5210000000002
2025-05-27,ORD017047,CUST01959,P018,Jacket,Fashion,Delhi,Online,Credit Card,1,5548.21,0.15,5548.21,4715.98,0,739.94,2025,5,May,Tuesday,5548.21,4715.9785
2025-05-27,ORD003179,CUST01734,P017,Jeans,Fashion,Pune,Online,Debit Card,1,2859.95,0.05,2859.95,2716.95,0,584.87,2025,5,May,Tuesday,2859.95,2716.9525
2025-05-27,ORD033230,CUST00099,P015,Dining Table,Furniture,Pune,Store,Net Banking,2,20040.16,0.0,40080.32,40080.32,1,-2004.02,2025,5,May,Tuesday,40080.32,40080.32
2025-05-27,ORD025818,CUST00373,P012,Air Fryer,Home,Ahmedabad,Store,UPI,1,7500.24,0.05,7500.24,7125.23,1,-356.26,2025,5,May,Tuesday,7500.24,7125.227999999999
2025-05-27,ORD021569,CUST03961,P001,Laptop,Electronics,Surat,Online,UPI,1,69169.01,0.2,69169.01,55335.21,0,3769.2,2025,5,May,Tuesday,69169.01,55335.208
2025-05-27,ORD008011,CUST00562,P014,Keyboard,Electronics,Surat,Online,Credit Card,1,2353.97,0.15,2353.97,2000.87,0,474.86,2025,5,May,Tuesday,2353.97,2000.8744999999997
2025-05-27,ORD037304,CUST02295,P018,Jacket,Fashion,Chennai,Store,UPI,2,5661.71,0.05,11323.42,10757.25,0,779.64,2025,5,May,Tuesday,11323.42,10757.249
2025-05-27,ORD003075,CUST01718,P011,Mixer Grinder,Home,Surat,Store,Cash,2,4513.22,0.15,9026.44,7672.47,0,418.43,2025,5,May,Tuesday,9026.44,7672.474
2025-05-27,ORD035862,CUST00555,P007,Backpack,Accessories,Bengaluru,Online,Net Banking,2,2053.04,0.1,4106.08,3695.47,0,504.17,2025,5,May,Tuesday,4106.08,3695.472
2025-05-27,ORD042003,CUST00914,P008,Running Shoes,Fashion,Kolkata,Online,Cash,2,3782.41,0.15,7564.82,6430.1,0,619.55,2025,5,May,Tuesday,7564.82,6430.097
2025-05-27,ORD008163,CUST02338,P009,T-Shirt,Fashion,Delhi,Online,Cash,1,1171.9,0.05,1171.9,1113.3,0,216.14,2025,5,May,Tuesday,1171.9,1113.305
2025-05-27,ORD038060,CUST03099,P005,Office Chair,Furniture,Jaipur,Online,UPI,1,9689.88,0.05,9689.88,9205.39,0,2002.26,2025,5,May,Tuesday,9689.88,9205.385999999999
2025-05-27,ORD016120,CUST00978,P004,Smartwatch,Electronics,Kolkata,Store,Credit Card,1,6338.76,0.0,6338.76,6338.76,0,1473.17,2025,5,May,Tuesday,6338.76,6338.76
2025-05-27,ORD023721,CUST04006,P008,Running Shoes,Fashion,Mumbai,Store,UPI,5,3901.09,0.25,19505.45,14629.09,0,1860.68,2025,5,May,Tuesday,19505.45,14629.087500000001
2025-05-27,ORD040122,CUST04152,P015,Dining Table,Furniture,Ahmedabad,Store,Credit Card,1,24017.26,0.1,24017.26,21615.53,0,4910.77,2025,5,May,Tuesday,24017.26,21615.534
2025-05-27,ORD009925,CUST02861,P007,Backpack,Accessories,Delhi,Online,UPI,1,2021.21,0.0,2021.21,2021.21,0,331.18,2025,5,May,Tuesday,2021.21,2021.21
2025-05-27,ORD035004,CUST00931,P009,T-Shirt,Fashion,Chennai,Store,Credit Card,1,1223.43,0.05,1223.43,1162.26,0,124.58,2025,5,May,Tuesday,1223.43,1162.2585
2025-05-28,ORD002088,CUST04840,P002,Smartphone,Electronics,Pune,Online,UPI,1,27508.18,0.05,27508.18,26132.77,0,3563.37,2025,5,May,Wednesday,27508.18,26132.771
2025-05-28,ORD035338,CUST00927,P009,T-Shirt,Fashion,Kolkata,Store,Credit Card,1,1085.18,0.0,1085.18,1085.18,1,-54.26,2025,5,May,Wednesday,1085.18,1085.18
2025-05-28,ORD016908,CUST00146,P003,Headphones,Electronics,Jaipur,Online,Cash,1,4608.67,0.0,4608.67,4608.67,0,461.68,2025,5,May,Wednesday,4608.67,4608.67
2025-05-28,ORD042971,CUST03304,P007,Backpack,Accessories,Ahmedabad,Store,Credit Card,1,2135.73,0.0,2135.73,2135.73,0,372.96,2025,5,May,Wednesday,2135.73,2135.73
2025-05-28,ORD016627,CUST00974,P018,Jacket,Fashion,Jaipur,Store,Net Banking,2,5616.49,0.1,11232.98,10109.68,0,2818.53,2025,5,May,Wednesday,11232.98,10109.682
2025-05-28,ORD008550,CUST04700,P013,Monitor,Electronics,Ahmedabad,Online,Cash,1,16933.63,0.25,16933.63,12700.22,0,508.01,2025,5,May,Wednesday,16933.63,12700.2225
2025-05-28,ORD015319,CUST01403,P011,Mixer Grinder,Home,Bengaluru,Store,Debit Card,1,4916.15,0.05,4916.15,4670.34,0,469.57,2025,5,May,Wednesday,4916.15,4670.3425
2025-05-28,ORD006297,CUST00205,P016,Sofa,Furniture,Bengaluru,Store,Net Banking,1,36787.65,0.0,36787.65,36787.65,1,-1839.38,2025,5,May,Wednesday,36787.65,36787.65
2025-05-28,ORD021155,CUST02033,P020,Microwave,Home,Jaipur,Online,Debit Card,2,11452.06,0.05,22904.12,21758.91,0,2194.67,2025,5,May,Wednesday,22904.12,21758.913999999997
2025-05-28,ORD019171,CUST00353,P014,Keyboard,Electronics,Kolkata,Online,UPI,2,2539.3,0.05,5078.6,4824.67,1,-241.23,2025,5,May,Wednesday,5078.6,4824.67
2025-05-28,ORD037486,CUST02324,P004,Smartwatch,Electronics,Mumbai,Store,Cash,1,7673.02,0.05,7673.02,7289.37,0,2110.11,2025,5,May,Wednesday,7673.02,7289.369
2025-05-28,ORD006817,CUST02102,P009,T-Shirt,Fashion,Delhi,Store,Debit Card,2,1186.92,0.0,2373.84,2373.84,0,691.24,2025,5,May,Wednesday,2373.84,2373.84
2025-05-28,ORD021753,CUST00787,P013,Monitor,Electronics,Surat,Online,Net Banking,1,17947.17,0.0,17947.17,17947.17,0,4606.61,2025,5,May,Wednesday,17947.17,17947.17
2025-05-28,ORD038958,CUST04510,P004,Smartwatch,Electronics,Hyderabad,Store,Credit Card,5,7509.79,0.15,37548.95,31916.61,0,5536.54,2025,5,May,Wednesday,37548.95,31916.6075
2025-05-28,ORD044176,CUST03263,P019,Vacuum Cleaner,Home,Jaipur,Online,Credit Card,1,9220.58,0.1,9220.58,8298.52,1,-414.93,2025,5,May,Wednesday,9220.58,8298.522
2025-05-28,ORD047534,CUST03886,P015,Dining Table,Furniture,Mumbai,Store,Credit Card,2,23028.21,0.1,46056.42,41450.78,1,-2072.54,2025,5,May,Wednesday,46056.42,41450.778
2025-05-28,ORD015783,CUST00089,P001,Laptop,Electronics,Ahmedabad,Online,UPI,1,63589.67,0.15,63589.67,54051.22,0,3544.51,2025,5,May,Wednesday,63589.67,54051.2195
2025-05-28,ORD000898,CUST02712,P004,Smartwatch,Electronics,Ahmedabad,Store,Credit Card,2,6521.33,0.1,13042.66,11738.39,0,1190.75,2025,5,May,Wednesday,13042.66,11738.394
2025-05-28,ORD012403,CUST02894,P006,Desk,Furniture,Hyderabad,Online,Debit Card,1,12843.19,0.0,12843.19,12843.19,0,3794.12,2025,5,May,Wednesday,12843.19,12843.19
2025-05-28,ORD047661,CUST02615,P010,Coffee Maker,Home,Delhi,Store,Debit Card,2,5018.99,0.1,10037.98,9034.18,0,1753.7,2025,5,May,Wednesday,10037.98,9034.182
2025-05-28,ORD019796,CUST00413,P014,Keyboard,Electronics,Ahmedabad,Online,UPI,1,2398.04,0.05,2398.04,2278.14,0,167.94,2025,5,May,Wednesday,2398.04,2278.138
2025-05-28,ORD049525,CUST02620,P002,Smartphone,Electronics,Hyderabad,Store,Credit Card,3,30264.83,0.0,90794.49,90794.49,0,16043.27,2025,5,May,Wednesday,90794.49,90794.49
2025-05-28,ORD006519,CUST02463,P007,Backpack,Accessories,Chennai,Online,Debit Card,1,2364.11,0.1,2364.11,2127.7,0,390.38,2025,5,May,Wednesday,2364.11,2127.699
2025-05-28,ORD020548,CUST04309,P006,Desk,Furniture,Ahmedabad,Online,Debit Card,2,12292.13,0.1,24584.26,22125.83,0,6147.07,2025,5,May,Wednesday,24584.26,22125.834
2025-05-28,ORD016330,CUST03427,P016,Sofa,Furniture,Jaipur,Online,Net Banking,1,33039.23,0.1,33039.23,29735.31,0,4639.31,2025,5,May,Wednesday,33039.23,29735.307000000004
2025-05-28,ORD044524,CUST04975,P008,Running Shoes,Fashion,Bengaluru,Online,Credit Card,1,4540.18,0.1,4540.18,4086.16,0,701.55,2025,5,May,Wednesday,4540.18,4086.1620000000003
2025-05-28,ORD013297,CUST02239,P004,Smartwatch,Electronics,Jaipur,Online,Net Banking,2,6453.35,0.05,12906.7,12261.36,0,2539.57,2025,5,May,Wednesday,12906.7,12261.365
2025-05-28,ORD001456,CUST01041,P014,Keyboard,Electronics,Pune,Store,Cash,4,2589.82,0.05,10359.28,9841.32,1,-492.07,2025,5,May,Wednesday,10359.28,9841.316
2025-05-28,ORD033604,CUST03005,P003,Headphones,Electronics,Mumbai,Store,Credit Card,1,4314.51,0.1,4314.51,3883.06,0,482.97,2025,5,May,Wednesday,4314.51,3883.059
2025-05-28,ORD025780,CUST00635,P015,Dining Table,Furniture,Pune,Online,Credit Card,2,21782.81,0.1,43565.62,39209.06,0,9930.76,2025,5,May,Wednesday,43565.62,39209.058000000005
2025-05-28,ORD019156,CUST03198,P016,Sofa,Furniture,Mumbai,Online,Credit Card,1,32670.8,0.0,32670.8,32670.8,0,4393.29,2025,5,May,Wednesday,32670.8,32670.8
2025-05-28,ORD024201,CUST00534,P002,Smartphone,Electronics,Surat,Store,UPI,1,30124.47,0.2,30124.47,24099.58,1,-1204.98,2025,5,May,Wednesday,30124.47,24099.576
2025-05-28,ORD042438,CUST03582,P012,Air Fryer,Home,Surat,Online,Credit Card,2,7031.26,0.05,14062.52,13359.39,0,1577.43,2025,5,May,Wednesday,14062.52,13359.394
2025-05-28,ORD015012,CUST02461,P018,Jacket,Fashion,Chennai,Online,Debit Card,1,4820.37,0.1,4820.37,4338.33,0,741.79,2025,5,May,Wednesday,4820.37,4338.333
2025-05-28,ORD044782,CUST04904,P006,Desk,Furniture,Chennai,Online,Debit Card,1,12110.02,0.1,12110.02,10899.02,0,2371.12,2025,5,May,Wednesday,12110.02,10899.018
2025-05-28,ORD003610,CUST01601,P012,Air Fryer,Home,Pune,Online,Debit Card,1,7103.85,0.05,7103.85,6748.66,0,1905.62,2025,5,May,Wednesday,7103.85,6748.6575
2025-05-28,ORD023373,CUST01067,P012,Air Fryer,Home,Jaipur,Online,Debit Card,1,6650.47,0.1,6650.47,5985.42,0,1475.67,2025,5,May,Wednesday,6650.47,5985.423000000001
2025-05-28,ORD011531,CUST04123,P017,Jeans,Fashion,Surat,Store,Debit Card,1,2999.63,0.0,2999.63,2999.63,0,891.73,2025,5,May,Wednesday,2999.63,2999.63
2025-05-28,ORD023450,CUST00864,P002,Smartphone,Electronics,Ahmedabad,Online,UPI,1,28223.51,0.15,28223.51,23989.98,0,3059.51,2025,5,May,Wednesday,28223.51,23989.9835
2025-05-28,ORD041964,CUST00161,P007,Backpack,Accessories,Chennai,Online,Debit Card,2,2176.94,0.0,4353.88,4353.88,0,734.76,2025,5,May,Wednesday,4353.88,4353.88
2025-05-28,ORD013460,CUST00181,P010,Coffee Maker,Home,Surat,Store,Cash,2,5788.33,0.25,11576.66,8682.49,0,1517.46,2025,5,May,Wednesday,11576.66,8682.494999999999
2025-05-28,ORD009076,CUST02492,P009,T-Shirt,Fashion,Jaipur,Online,Credit Card,1,1166.62,0.1,1166.62,1049.96,0,128.74,2025,5,May,Wednesday,1166.62,1049.9579999999999
2025-05-28,ORD006057,CUST03662,P005,Office Chair,Furniture,Mumbai,Online,UPI,1,8960.83,0.2,8960.83,7168.66,0,773.05,2025,5,May,Wednesday,8960.83,7168.664000000001
2025-05-28,ORD017550,CUST00339,P011,Mixer Grinder,Home,Kolkata,Online,UPI,2,4406.73,0.1,8813.46,7932.11,0,853.69,2025,5,May,Wednesday,8813.46,7932.114
2025-05-28,ORD020426,CUST04405,P005,Office Chair,Furniture,Surat,Store,Credit Card,3,8762.71,0.0,26288.13,26288.13,0,5743.55,2025,5,May,Wednesday,26288.129999999997,26288.13
2025-05-28,ORD041066,CUST01093,P020,Microwave,Home,Hyderabad,Online,Credit Card,1,10850.39,0.2,10850.39,8680.31,0,1107.91,2025,5,May,Wednesday,10850.39,8680.312
2025-05-28,ORD029107,CUST01440,P018,Jacket,Fashion,Kolkata,Online,UPI,1,5045.8,0.0,5045.8,5045.8,0,856.64,2025,5,May,Wednesday,5045.8,5045.8
2025-05-28,ORD031574,CUST03854,P003,Headphones,Electronics,Mumbai,Online,UPI,2,4255.48,0.0,8510.96,8510.96,0,2498.82,2025,5,May,Wednesday,8510.96,8510.96
2025-05-28,ORD012635,CUST02061,P007,Backpack,Accessories,Hyderabad,Store,Debit Card,2,2350.91,0.05,4701.82,4466.73,0,1258.4,2025,5,May,Wednesday,4701.82,4466.728999999999
2025-05-28,ORD038209,CUST00546,P005,Office Chair,Furniture,Delhi,Store,UPI,5,10380.39,0.05,51901.95,49306.85,0,14077.65,2025,5,May,Wednesday,51901.95,49306.85249999999
2025-05-28,ORD002991,CUST04232,P006,Desk,Furniture,Delhi,Store,Net Banking,2,12668.25,0.1,25336.5,22802.85,0,5963.74,2025,5,May,Wednesday,25336.5,22802.850000000002
2025-05-28,ORD016463,CUST04357,P018,Jacket,Fashion,Jaipur,Store,UPI,2,5481.15,0.1,10962.3,9866.07,0,1195.38,2025,5,May,Wednesday,10962.3,9866.07
2025-05-28,ORD020913,CUST04060,P001,Laptop,Electronics,Delhi,Online,Cash,1,59506.32,0.1,59506.32,53555.69,0,6604.74,2025,5,May,Wednesday,59506.32,53555.688
2025-05-28,ORD041866,CUST04853,P019,Vacuum Cleaner,Home,Surat,Online,Credit Card,2,8873.16,0.1,17746.32,15971.69,0,1736.74,2025,5,May,Wednesday,17746.32,15971.688
2025-05-28,ORD021709,CUST04075,P006,Desk,Furniture,Mumbai,Store,UPI,1,12840.71,0.1,12840.71,11556.64,0,3115.14,2025,5,May,Wednesday,12840.71,11556.639
2025-05-28,ORD012706,CUST02488,P017,Jeans,Fashion,Kolkata,Online,Net Banking,1,2928.0,0.05,2928.0,2781.6,0,673.48,2025,5,May,Wednesday,2928.0,2781.6
2025-05-28,ORD013794,CUST01601,P015,Dining Table,Furniture,Mumbai,Online,Credit Card,1,22013.74,0.05,22013.74,20913.05,0,4053.29,2025,5,May,Wednesday,22013.74,20913.053
2025-05-28,ORD002636,CUST03845,P014,Keyboard,Electronics,Surat,Online,UPI,1,2313.27,0.05,2313.27,2197.61,0,263.15,2025,5,May,Wednesday,2313.27,2197.6065
2025-05-28,ORD008105,CUST01330,P006,Desk,Furniture,Surat,Online,UPI,3,12425.7,0.2,37277.1,29821.68,0,2286.61,2025,5,May,Wednesday,37277.100000000006,29821.68
2025-05-28,ORD049072,CUST00958,P007,Backpack,Accessories,Jaipur,Online,Debit Card,2,2368.92,0.0,4737.84,4737.84,0,1141.11,2025,5,May,Wednesday,4737.84,4737.84
2025-05-28,ORD044774,CUST01816,P019,Vacuum Cleaner,Home,Chennai,Store,Net Banking,2,9652.94,0.0,19305.88,19305.88,0,4655.11,2025,5,May,Wednesday,19305.88,19305.88
2025-05-29,ORD028447,CUST02766,P016,Sofa,Furniture,Surat,Online,UPI,4,32421.17,0.05,129684.68,123200.45,0,20629.24,2025,5,May,Thursday,129684.68,123200.44599999998
2025-05-29,ORD027445,CUST04262,P015,Dining Table,Furniture,Jaipur,Store,UPI,2,24182.71,0.0,48365.42,48365.42,0,10648.0,2025,5,May,Thursday,48365.42,48365.42
2025-05-29,ORD037233,CUST01612,P016,Sofa,Furniture,Kolkata,Online,Credit Card,1,33067.25,0.1,33067.25,29760.52,0,7679.37,2025,5,May,Thursday,33067.25,29760.525
2025-05-29,ORD021160,CUST02822,P020,Microwave,Home,Delhi,Online,Debit Card,1,11802.11,0.0,11802.11,11802.11,0,1633.89,2025,5,May,Thursday,11802.11,11802.11
2025-05-29,ORD001202,CUST01843,P013,Monitor,Electronics,Mumbai,Store,Credit Card,4,18994.61,0.2,75978.44,60782.75,0,5971.83,2025,5,May,Thursday,75978.44,60782.75200000001
2025-05-29,ORD040881,CUST00335,P009,T-Shirt,Fashion,Jaipur,Store,Credit Card,1,1150.93,0.05,1150.93,1093.38,0,189.03,2025,5,May,Thursday,1150.93,1093.3835
2025-05-29,ORD019111,CUST02311,P017,Jeans,Fashion,Ahmedabad,Online,Credit Card,1,2586.01,0.05,2586.01,2456.71,0,711.13,2025,5,May,Thursday,2586.01,2456.7095
2025-05-29,ORD007464,CUST00309,P014,Keyboard,Electronics,Surat,Online,Credit Card,1,2406.82,0.05,2406.82,2286.48,0,193.04,2025,5,May,Thursday,2406.82,2286.4790000000003
2025-05-29,ORD036905,CUST02633,P005,Office Chair,Furniture,Pune,Online,Credit Card,1,9878.36,0.15,9878.36,8396.61,0,783.97,2025,5,May,Thursday,9878.36,8396.606
2025-05-29,ORD004431,CUST01609,P005,Office Chair,Furniture,Kolkata,Online,UPI,1,9464.45,0.15,9464.45,8044.78,0,1835.11,2025,5,May,Thursday,9464.45,8044.7825
2025-05-29,ORD034950,CUST01862,P011,Mixer Grinder,Home,Mumbai,Online,Credit Card,4,4738.55,0.15,18954.2,16111.07,0,4071.74,2025,5,May,Thursday,18954.2,16111.07
2025-05-29,ORD045991,CUST00357,P014,Keyboard,Electronics,Jaipur,Online,Cash,1,2529.01,0.1,2529.01,2276.11,0,355.87,2025,5,May,Thursday,2529.01,2276.1090000000004
2025-05-29,ORD035567,CUST04974,P005,Office Chair,Furniture,Delhi,Online,Credit Card,2,9503.6,0.15,19007.2,16156.12,0,1710.76,2025,5,May,Thursday,19007.2,16156.12
2025-05-29,ORD015663,CUST04335,P016,Sofa,Furniture,Ahmedabad,Online,UPI,1,34541.01,0.1,34541.01,31086.91,0,7153.76,2025,5,May,Thursday,34541.01,31086.909000000003
2025-05-29,ORD030877,CUST04467,P002,Smartphone,Electronics,Jaipur,Online,Debit Card,1,26283.8,0.05,26283.8,24969.61,0,6770.0,2025,5,May,Thursday,26283.8,24969.609999999997
2025-05-29,ORD003497,CUST00908,P017,Jeans,Fashion,Ahmedabad,Store,Credit Card,4,2993.76,0.2,11975.04,9580.03,0,1757.75,2025,5,May,Thursday,11975.04,9580.032000000001
2025-05-29,ORD034881,CUST03590,P019,Vacuum Cleaner,Home,Bengaluru,Online,Debit Card,2,9406.84,0.0,18813.68,18813.68,1,-940.68,2025,5,May,Thursday,18813.68,18813.68
2025-05-29,ORD034492,CUST03409,P008,Running Shoes,Fashion,Delhi,Store,UPI,1,4559.49,0.0,4559.49,4559.49,0,762.56,2025,5,May,Thursday,4559.49,4559.49
2025-05-29,ORD024578,CUST01846,P020,Microwave,Home,Hyderabad,Online,Debit Card,1,10777.17,0.2,10777.17,8621.74,0,1102.35,2025,5,May,Thursday,10777.17,8621.736
2025-05-29,ORD042214,CUST01067,P010,Coffee Maker,Home,Hyderabad,Online,UPI,5,5035.5,0.0,25177.5,25177.5,0,6529.63,2025,5,May,Thursday,25177.5,25177.5
2025-05-29,ORD025365,CUST02540,P019,Vacuum Cleaner,Home,Jaipur,Store,UPI,1,8851.43,0.1,8851.43,7966.29,0,1459.15,2025,5,May,Thursday,8851.43,7966.287
2025-05-29,ORD048810,CUST01525,P010,Coffee Maker,Home,Ahmedabad,Online,Net Banking,1,5610.1,0.05,5610.1,5329.6,1,-266.48,2025,5,May,Thursday,5610.1,5329.595
2025-05-29,ORD034701,CUST01686,P007,Backpack,Accessories,Kolkata,Online,UPI,2,2054.66,0.1,4109.32,3698.39,0,665.65,2025,5,May,Thursday,4109.32,3698.388
2025-05-29,ORD011353,CUST04400,P009,T-Shirt,Fashion,Bengaluru,Store,Credit Card,1,1119.06,0.1,1119.06,1007.15,0,131.9,2025,5,May,Thursday,1119.06,1007.154
2025-05-29,ORD000340,CUST04805,P018,Jacket,Fashion,Delhi,Online,UPI,2,4817.95,0.05,9635.9,9154.1,0,651.55,2025,5,May,Thursday,9635.9,9154.105
2025-05-29,ORD035865,CUST01995,P016,Sofa,Furniture,Jaipur,Online,Credit Card,2,31688.07,0.15,63376.14,53869.72,0,8672.31,2025,5,May,Thursday,63376.14,53869.719
2025-05-29,ORD018451,CUST00424,P016,Sofa,Furniture,Surat,Online,Debit Card,2,33436.49,0.1,66872.98,60185.68,0,15600.62,2025,5,May,Thursday,66872.98,60185.682
2025-05-29,ORD018454,CUST00021,P004,Smartwatch,Electronics,Pune,Online,Credit Card,4,7401.64,0.1,29606.56,26645.9,0,5260.33,2025,5,May,Thursday,29606.56,26645.904000000002
2025-05-29,ORD019871,CUST04859,P005,Office Chair,Furniture,Chennai,Online,Cash,1,8608.32,0.15,8608.32,7317.07,0,724.93,2025,5,May,Thursday,8608.32,7317.071999999999
2025-05-29,ORD035678,CUST04582,P013,Monitor,Electronics,Hyderabad,Store,UPI,1,16311.66,0.25,16311.66,12233.74,0,1525.2,2025,5,May,Thursday,16311.66,12233.744999999999
2025-05-29,ORD013714,CUST04030,P004,Smartwatch,Electronics,Surat,Online,Credit Card,2,7048.66,0.15,14097.32,11982.72,0,921.0,2025,5,May,Thursday,14097.32,11982.722
2025-05-29,ORD020102,CUST03895,P011,Mixer Grinder,Home,Hyderabad,Online,UPI,1,4804.07,0.2,4804.07,3843.26,1,-192.16,2025,5,May,Thursday,4804.07,3843.256
2025-05-29,ORD025496,CUST01534,P005,Office Chair,Furniture,Ahmedabad,Online,UPI,1,9820.87,0.1,9820.87,8838.78,0,1245.52,2025,5,May,Thursday,9820.87,8838.783000000001
2025-05-29,ORD047100,CUST00956,P013,Monitor,Electronics,Chennai,Online,UPI,2,17403.74,0.0,34807.48,34807.48,0,5244.29,2025,5,May,Thursday,34807.48,34807.48
2025-05-29,ORD045074,CUST03257,P015,Dining Table,Furniture,Jaipur,Online,Credit Card,1,20433.27,0.1,20433.27,18389.94,0,1234.19,2025,5,May,Thursday,20433.27,18389.943
2025-05-29,ORD009311,CUST04465,P018,Jacket,Fashion,Jaipur,Online,UPI,1,4870.22,0.15,4870.22,4139.69,0,554.11,2025,5,May,Thursday,4870.22,4139.687
2025-05-29,ORD029148,CUST04034,P006,Desk,Furniture,Bengaluru,Online,UPI,1,11839.28,0.25,11839.28,8879.46,0,1636.14,2025,5,May,Thursday,11839.28,8879.460000000001
2025-05-29,ORD022629,CUST03911,P014,Keyboard,Electronics,Pune,Online,Credit Card,3,2730.69,0.05,8192.07,7782.47,0,1962.86,2025,5,May,Thursday,8192.07,7782.4664999999995
2025-05-29,ORD014366,CUST02986,P012,Air Fryer,Home,Mumbai,Online,Net Banking,4,7160.1,0.25,28640.4,21480.3,0,1323.77,2025,5,May,Thursday,28640.4,21480.300000000003
2025-05-29,ORD027560,CUST01870,P007,Backpack,Accessories,Hyderabad,Online,UPI,1,2185.5,0.15,2185.5,1857.68,0,143.17,2025,5,May,Thursday,2185.5,1857.675
2025-05-29,ORD042221,CUST04898,P001,Laptop,Electronics,Mumbai,Store,Credit Card,2,70022.13,0.0,140044.26,140044.26,0,21188.61,2025,5,May,Thursday,140044.26,140044.26
2025-05-29,ORD037535,CUST03253,P016,Sofa,Furniture,Delhi,Store,Credit Card,4,33053.73,0.1,132214.92,118993.43,0,23721.38,2025,5,May,Thursday,132214.92,118993.42800000001
2025-05-29,ORD035782,CUST03723,P002,Smartphone,Electronics,Bengaluru,Store,Debit Card,2,28088.3,0.0,56176.6,56176.6,0,9759.86,2025,5,May,Thursday,56176.6,56176.6
2025-05-29,ORD008388,CUST01888,P008,Running Shoes,Fashion,Delhi,Online,Credit Card,1,4522.65,0.05,4522.65,4296.52,0,816.34,2025,5,May,Thursday,4522.65,4296.517499999999
2025-05-29,ORD045458,CUST04010,P012,Air Fryer,Home,Mumbai,Online,Debit Card,2,6974.13,0.05,13948.26,13250.85,0,1407.44,2025,5,May,Thursday,13948.26,13250.847
2025-05-29,ORD013043,CUST02675,P019,Vacuum Cleaner,Home,Chennai,Store,Credit Card,3,9632.15,0.05,28896.45,27451.63,0,4042.01,2025,5,May,Thursday,28896.449999999997,27451.6275
2025-05-29,ORD009405,CUST03552,P015,Dining Table,Furniture,Ahmedabad,Store,Debit Card,3,21135.38,0.2,63406.14,50724.91,0,3685.55,2025,5,May,Thursday,63406.14,50724.912000000004
2025-05-29,ORD037969,CUST02380,P019,Vacuum Cleaner,Home,Delhi,Store,Credit Card,1,9535.82,0.05,9535.82,9059.03,0,2100.55,2025,5,May,Thursday,9535.82,9059.028999999999
2025-05-29,ORD037170,CUST03135,P019,Vacuum Cleaner,Home,Jaipur,Online,Cash,2,8737.39,0.25,17474.78,13106.08,0,2528.28,2025,5,May,Thursday,17474.78,13106.085
2025-05-29,ORD037411,CUST01169,P012,Air Fryer,Home,Chennai,Online,UPI,1,7824.46,0.05,7824.46,7433.24,0,1110.21,2025,5,May,Thursday,7824.46,7433.237
2025-05-29,ORD006232,CUST00523,P007,Backpack,Accessories,Jaipur,Online,Debit Card,1,2345.78,0.25,2345.78,1759.34,0,296.39,2025,5,May,Thursday,2345.78,1759.335
2025-05-29,ORD023218,CUST00213,P004,Smartwatch,Electronics,Kolkata,Store,UPI,1,7437.83,0.0,7437.83,7437.83,0,1128.62,2025,5,May,Thursday,7437.83,7437.83
2025-05-29,ORD002371,CUST04460,P008,Running Shoes,Fashion,Surat,Store,Debit Card,4,3901.89,0.0,15607.56,15607.56,0,1419.32,2025,5,May,Thursday,15607.56,15607.56
2025-05-29,ORD020906,CUST03844,P008,Running Shoes,Fashion,Delhi,Online,UPI,5,3964.03,0.0,19820.15,19820.15,0,2783.41,2025,5,May,Thursday,19820.15,19820.15
2025-05-29,ORD038944,CUST04929,P011,Mixer Grinder,Home,Chennai,Store,Credit Card,1,5238.19,0.1,5238.19,4714.37,0,655.8,2025,5,May,Thursday,5238.19,4714.371
2025-05-29,ORD025768,CUST01455,P007,Backpack,Accessories,Bengaluru,Online,Debit Card,1,2321.01,0.1,2321.01,2088.91,0,249.96,2025,5,May,Thursday,2321.01,2088.909
2025-05-29,ORD004013,CUST00528,P019,Vacuum Cleaner,Home,Pune,Store,Credit Card,2,9116.61,0.2,18233.22,14586.58,0,1897.44,2025,5,May,Thursday,18233.22,14586.576000000001
2025-05-29,ORD042364,CUST02339,P007,Backpack,Accessories,Chennai,Online,UPI,1,2111.44,0.15,2111.44,1794.72,0,413.77,2025,5,May,Thursday,2111.44,1794.724
2025-05-29,ORD035726,CUST00398,P013,Monitor,Electronics,Chennai,Online,UPI,1,18751.78,0.2,18751.78,15001.42,0,2878.52,2025,5,May,Thursday,18751.78,15001.423999999999
2025-05-29,ORD028997,CUST00479,P002,Smartphone,Electronics,Jaipur,Online,Debit Card,1,30470.6,0.05,30470.6,28947.07,0,6796.2,2025,5,May,Thursday,30470.6,28947.069999999996
2025-05-29,ORD018868,CUST03158,P004,Smartwatch,Electronics,Ahmedabad,Store,UPI,2,6976.32,0.1,13952.64,12557.38,0,2737.67,2025,5,May,Thursday,13952.64,12557.376
2025-05-29,ORD018659,CUST04983,P013,Monitor,Electronics,Bengaluru,Online,Debit Card,1,18193.22,0.2,18193.22,14554.58,1,-727.73,2025,5,May,Thursday,18193.22,14554.576000000001
2025-05-29,ORD041685,CUST01841,P016,Sofa,Furniture,Mumbai,Online,Credit Card,2,35444.47,0.1,70888.94,63800.05,0,10330.55,2025,5,May,Thursday,70888.94,63800.046
2025-05-29,ORD018382,CUST01574,P016,Sofa,Furniture,Ahmedabad,Store,UPI,1,36431.75,0.25,36431.75,27323.81,0,4145.59,2025,5,May,Thursday,36431.75,27323.8125
2025-05-29,ORD021641,CUST00612,P019,Vacuum Cleaner,Home,Bengaluru,Online,UPI,4,8577.26,0.0,34309.04,34309.04,0,6561.54,2025,5,May,Thursday,34309.04,34309.04
2025-05-29,ORD042429,CUST04401,P001,Laptop,Electronics,Mumbai,Online,UPI,1,63506.82,0.05,63506.82,60331.48,0,7687.63,2025,5,May,Thursday,63506.82,60331.479
2025-05-30,ORD012537,CUST02106,P020,Microwave,Home,Delhi,Online,UPI,1,11027.36,0.05,11027.36,10475.99,0,768.84,2025,5,May,Friday,11027.36,10475.992
2025-05-30,ORD045519,CUST03654,P007,Backpack,Accessories,Surat,Online,Debit Card,2,2161.52,0.1,4323.04,3890.74,0,589.28,2025,5,May,Friday,4323.04,3890.736
2025-05-30,ORD000539,CUST00152,P019,Vacuum Cleaner,Home,Mumbai,Store,UPI,1,8491.42,0.15,8491.42,7217.71,0,981.62,2025,5,May,Friday,8491.42,7217.706999999999
2025-05-30,ORD037616,CUST00707,P002,Smartphone,Electronics,Kolkata,Online,Cash,1,25414.98,0.1,25414.98,22873.48,0,2467.74,2025,5,May,Friday,25414.98,22873.482
2025-05-30,ORD023008,CUST03216,P006,Desk,Furniture,Bengaluru,Store,UPI,2,12949.56,0.0,25899.12,25899.12,1,-1294.96,2025,5,May,Friday,25899.12,25899.12
2025-05-30,ORD002667,CUST04665,P018,Jacket,Fashion,Hyderabad,Store,Credit Card,4,5641.12,0.15,22564.48,19179.81,0,1738.32,2025,5,May,Friday,22564.48,19179.808
2025-05-30,ORD039965,CUST00373,P013,Monitor,Electronics,Mumbai,Store,Debit Card,1,16466.21,0.25,16466.21,12349.66,0,1237.28,2025,5,May,Friday,16466.21,12349.6575
2025-05-30,ORD025754,CUST02217,P013,Monitor,Electronics,Bengaluru,Store,UPI,1,18405.56,0.0,18405.56,18405.56,0,2827.19,2025,5,May,Friday,18405.56,18405.56
2025-05-30,ORD013846,CUST04927,P009,T-Shirt,Fashion,Pune,Store,UPI,1,1153.71,0.2,1153.71,922.97,0,90.51,2025,5,May,Friday,1153.71,922.9680000000001
2025-05-30,ORD045064,CUST03928,P017,Jeans,Fashion,Mumbai,Online,Credit Card,2,3067.79,0.1,6135.58,5522.02,0,1441.44,2025,5,May,Friday,6135.58,5522.022
2025-05-30,ORD017539,CUST00208,P006,Desk,Furniture,Pune,Online,UPI,4,11469.63,0.05,45878.52,43584.59,1,-2179.23,2025,5,May,Friday,45878.52,43584.594
2025-05-30,ORD017558,CUST02792,P002,Smartphone,Electronics,Chennai,Online,UPI,2,27523.61,0.15,55047.22,46790.14,0,9519.54,2025,5,May,Friday,55047.22,46790.137
2025-05-30,ORD011715,CUST03435,P009,T-Shirt,Fashion,Bengaluru,Online,UPI,2,1208.49,0.05,2416.98,2296.13,0,196.33,2025,5,May,Friday,2416.98,2296.131
2025-05-30,ORD017971,CUST03374,P005,Office Chair,Furniture,Jaipur,Store,UPI,2,8939.23,0.05,17878.46,16984.54,0,1689.58,2025,5,May,Friday,17878.46,16984.536999999997
2025-05-30,ORD025015,CUST02963,P018,Jacket,Fashion,Pune,Online,Credit Card,2,5134.1,0.0,10268.2,10268.2,0,2735.03,2025,5,May,Friday,10268.2,10268.2
2025-05-30,ORD040757,CUST03594,P013,Monitor,Electronics,Hyderabad,Store,Debit Card,3,16826.48,0.05,50479.44,47955.47,0,5500.08,2025,5,May,Friday,50479.44,47955.468
2025-05-30,ORD010005,CUST00244,P009,T-Shirt,Fashion,Jaipur,Online,UPI,2,1272.2,0.05,2544.4,2417.18,0,523.21,2025,5,May,Friday,2544.4,2417.18
2025-05-30,ORD026345,CUST00464,P010,Coffee Maker,Home,Delhi,Store,Credit Card,1,5933.87,0.05,5933.87,5637.18,0,637.86,2025,5,May,Friday,5933.87,5637.1765
2025-05-30,ORD015272,CUST02498,P015,Dining Table,Furniture,Mumbai,Online,Credit Card,1,21337.15,0.1,21337.15,19203.44,0,4461.54,2025,5,May,Friday,21337.15,19203.435
2025-05-30,ORD010431,CUST04757,P020,Microwave,Home,Mumbai,Store,Net Banking,5,10264.64,0.25,51323.2,38492.4,0,2145.97,2025,5,May,Friday,51323.2,38492.399999999994
2025-05-30,ORD047097,CUST02612,P001,Laptop,Electronics,Delhi,Store,Net Banking,4,67984.47,0.05,271937.88,258340.99,0,59781.13,2025,5,May,Friday,271937.88,258340.986
2025-05-30,ORD003739,CUST02335,P007,Backpack,Accessories,Chennai,Online,UPI,5,2298.28,0.15,11491.4,9767.69,0,1335.64,2025,5,May,Friday,11491.400000000001,9767.689999999999
2025-05-30,ORD021532,CUST01256,P008,Running Shoes,Fashion,Ahmedabad,Store,Credit Card,4,4171.96,0.2,16687.84,13350.27,0,2455.93,2025,5,May,Friday,16687.84,13350.272
2025-05-30,ORD021531,CUST04025,P009,T-Shirt,Fashion,Kolkata,Online,Net Banking,2,1217.84,0.25,2435.68,1826.76,0,208.93,2025,5,May,Friday,2435.68,1826.7599999999998
2025-05-30,ORD037807,CUST02199,P007,Backpack,Accessories,Jaipur,Store,Cash,2,1988.9,0.2,3977.8,3182.24,0,637.55,2025,5,May,Friday,3977.8,3182.2400000000002
2025-05-30,ORD031390,CUST01643,P002,Smartphone,Electronics,Delhi,Store,Debit Card,1,29609.81,0.1,29609.81,26648.83,0,4769.54,2025,5,May,Friday,29609.81,26648.829
2025-05-30,ORD023212,CUST01592,P012,Air Fryer,Home,Kolkata,Online,Credit Card,2,7659.81,0.1,15319.62,13787.66,0,872.45,2025,5,May,Friday,15319.62,13787.658000000001
2025-05-30,ORD049066,CUST02357,P009,T-Shirt,Fashion,Chennai,Online,UPI,1,1286.87,0.1,1286.87,1158.18,0,317.78,2025,5,May,Friday,1286.87,1158.183
2025-05-30,ORD014550,CUST04218,P018,Jacket,Fashion,Mumbai,Store,Debit Card,1,5247.03,0.0,5247.03,5247.03,0,725.64,2025,5,May,Friday,5247.03,5247.03
2025-05-30,ORD041088,CUST01608,P001,Laptop,Electronics,Kolkata,Store,Credit Card,1,69642.8,0.05,69642.8,66160.66,0,16096.98,2025,5,May,Friday,69642.8,66160.66
2025-05-30,ORD011031,CUST03037,P016,Sofa,Furniture,Delhi,Online,Credit Card,1,32748.11,0.05,32748.11,31110.7,0,3880.35,2025,5,May,Friday,32748.11,31110.7045
2025-05-30,ORD029202,CUST04675,P018,Jacket,Fashion,Mumbai,Store,Credit Card,1,4816.53,0.1,4816.53,4334.88,0,653.18,2025,5,May,Friday,4816.53,4334.8769999999995
2025-05-30,ORD030240,CUST04856,P008,Running Shoes,Fashion,Kolkata,Online,UPI,1,3945.15,0.1,3945.15,3550.64,0,420.43,2025,5,May,Friday,3945.15,3550.635
2025-05-30,ORD022908,CUST01219,P012,Air Fryer,Home,Bengaluru,Store,UPI,4,6980.12,0.15,27920.48,23732.41,0,2782.4,2025,5,May,Friday,27920.48,23732.408
2025-05-30,ORD018537,CUST02592,P019,Vacuum Cleaner,Home,Ahmedabad,Store,UPI,2,8375.45,0.0,16750.9,16750.9,0,1926.69,2025,5,May,Friday,16750.9,16750.9
2025-05-30,ORD005529,CUST03997,P019,Vacuum Cleaner,Home,Jaipur,Online,UPI,5,9080.81,0.15,45404.05,38593.44,0,8197.34,2025,5,May,Friday,45404.049999999996,38593.442500000005
2025-05-30,ORD039762,CUST03280,P007,Backpack,Accessories,Kolkata,Store,Credit Card,2,2323.29,0.05,4646.58,4414.25,0,1173.26,2025,5,May,Friday,4646.58,4414.250999999999
2025-05-30,ORD005664,CUST00565,P004,Smartwatch,Electronics,Chennai,Store,UPI,2,7435.84,0.1,14871.68,13384.51,0,3336.17,2025,5,May,Friday,14871.68,13384.512
2025-05-30,ORD036111,CUST02449,P005,Office Chair,Furniture,Jaipur,Online,UPI,1,10218.03,0.0,10218.03,10218.03,0,1438.42,2025,5,May,Friday,10218.03,10218.03
2025-05-30,ORD032210,CUST00370,P011,Mixer Grinder,Home,Hyderabad,Online,Net Banking,3,4717.89,0.15,14153.67,12030.62,0,1293.89,2025,5,May,Friday,14153.670000000002,12030.619499999999
2025-05-30,ORD007060,CUST03460,P013,Monitor,Electronics,Chennai,Online,Cash,1,16687.83,0.1,16687.83,15019.05,0,2369.69,2025,5,May,Friday,16687.83,15019.047000000002
2025-05-30,ORD028935,CUST01680,P016,Sofa,Furniture,Ahmedabad,Online,Debit Card,1,36141.1,0.0,36141.1,36141.1,0,5030.55,2025,5,May,Friday,36141.1,36141.1
2025-05-30,ORD027352,CUST03193,P004,Smartwatch,Electronics,Hyderabad,Online,UPI,1,6627.92,0.1,6627.92,5965.13,0,826.43,2025,5,May,Friday,6627.92,5965.128000000001
2025-05-30,ORD014490,CUST01656,P004,Smartwatch,Electronics,Surat,Online,Net Banking,1,7311.18,0.15,7311.18,6214.5,0,1160.88,2025,5,May,Friday,7311.18,6214.503
2025-05-30,ORD014208,CUST00905,P003,Headphones,Electronics,Hyderabad,Online,UPI,1,4738.77,0.15,4738.77,4027.95,0,624.74,2025,5,May,Friday,4738.77,4027.9545000000003
2025-05-30,ORD026284,CUST01387,P006,Desk,Furniture,Ahmedabad,Store,UPI,1,12077.42,0.1,12077.42,10869.68,0,2395.0,2025,5,May,Friday,12077.42,10869.678
2025-05-30,ORD014997,CUST01739,P017,Jeans,Fashion,Mumbai,Online,Debit Card,2,2966.86,0.2,5933.72,4746.98,0,306.77,2025,5,May,Friday,5933.72,4746.976000000001
2025-05-30,ORD027414,CUST00475,P013,Monitor,Electronics,Surat,Store,UPI,2,19510.28,0.15,39020.56,33167.48,1,-1658.37,2025,5,May,Friday,39020.56,33167.475999999995
2025-05-30,ORD017825,CUST02307,P013,Monitor,Electronics,Pune,Online,Credit Card,1,17675.57,0.2,17675.57,14140.46,0,1126.65,2025,5,May,Friday,17675.57,14140.456
2025-05-30,ORD021454,CUST00372,P009,T-Shirt,Fashion,Pune,Online,UPI,3,1188.92,0.05,3566.76,3388.42,0,775.53,2025,5,May,Friday,3566.76,3388.422
2025-05-30,ORD022110,CUST00653,P016,Sofa,Furniture,Jaipur,Online,Net Banking,1,36278.09,0.25,36278.09,27208.57,0,6004.29,2025,5,May,Friday,36278.09,27208.567499999997
2025-05-30,ORD031057,CUST04081,P017,Jeans,Fashion,Pune,Online,Credit Card,1,3070.72,0.1,3070.72,2763.65,0,227.12,2025,5,May,Friday,3070.72,2763.6479999999997
2025-05-30,ORD003027,CUST04840,P011,Mixer Grinder,Home,Pune,Store,Net Banking,2,4999.42,0.1,9998.84,8998.96,0,2131.01,2025,5,May,Friday,9998.84,8998.956
2025-05-30,ORD016259,CUST03439,P018,Jacket,Fashion,Hyderabad,Online,Debit Card,1,5543.11,0.15,5543.11,4711.64,0,1180.76,2025,5,May,Friday,5543.11,4711.643499999999
2025-05-30,ORD033699,CUST01128,P016,Sofa,Furniture,Mumbai,Online,Credit Card,2,34158.91,0.1,68317.82,61486.04,1,-3074.3,2025,5,May,Friday,68317.82,61486.03800000001
2025-05-30,ORD037454,CUST01333,P002,Smartphone,Electronics,Surat,Store,UPI,3,29327.67,0.0,87983.01,87983.01,0,25438.49,2025,5,May,Friday,87983.01,87983.01
2025-05-30,ORD001472,CUST01523,P013,Monitor,Electronics,Chennai,Online,UPI,2,19200.5,0.2,38401.0,30720.8,0,3635.6,2025,5,May,Friday,38401.0,30720.800000000003
2025-05-30,ORD025393,CUST00510,P009,T-Shirt,Fashion,Ahmedabad,Store,Debit Card,1,1097.24,0.05,1097.24,1042.38,0,199.05,2025,5,May,Friday,1097.24,1042.378
2025-05-30,ORD037852,CUST02621,P013,Monitor,Electronics,Delhi,Online,Credit Card,4,18779.26,0.0,75117.04,75117.04,0,6772.71,2025,5,May,Friday,75117.04,75117.04
2025-05-30,ORD020822,CUST00167,P015,Dining Table,Furniture,Delhi,Online,UPI,1,23331.4,0.05,23331.4,22164.83,0,1946.15,2025,5,May,Friday,23331.4,22164.83
2025-05-30,ORD023299,CUST03044,P012,Air Fryer,Home,Hyderabad,Online,Credit Card,4,6886.97,0.05,27547.88,26170.49,0,7038.85,2025,5,May,Friday,27547.88,26170.486
2025-05-30,ORD012629,CUST00387,P011,Mixer Grinder,Home,Surat,Online,Debit Card,2,4332.38,0.1,8664.76,7798.28,0,882.19,2025,5,May,Friday,8664.76,7798.284000000001
2025-05-30,ORD001268,CUST04194,P012,Air Fryer,Home,Jaipur,Store,Net Banking,1,7786.46,0.1,7786.46,7007.81,0,887.19,2025,5,May,Friday,7786.46,7007.814
2025-05-31,ORD031305,CUST01044,P012,Air Fryer,Home,Delhi,Store,Debit Card,4,6867.04,0.05,27468.16,26094.75,0,2839.52,2025,5,May,Saturday,27468.16,26094.752
2025-05-31,ORD032046,CUST01002,P013,Monitor,Electronics,Hyderabad,Online,UPI,2,19351.64,0.05,38703.28,36768.12,0,4798.95,2025,5,May,Saturday,38703.28,36768.115999999995
2025-05-31,ORD036549,CUST04776,P003,Headphones,Electronics,Hyderabad,Online,Net Banking,4,4286.9,0.0,17147.6,17147.6,0,2517.75,2025,5,May,Saturday,17147.6,17147.6
2025-05-31,ORD017468,CUST02513,P001,Laptop,Electronics,Kolkata,Online,UPI,1,59999.62,0.1,59999.62,53999.66,0,7892.31,2025,5,May,Saturday,59999.62,53999.658
2025-05-31,ORD025827,CUST01262,P008,Running Shoes,Fashion,Pune,Online,Net Banking,1,4552.99,0.15,4552.99,3870.04,0,1013.41,2025,5,May,Saturday,4552.99,3870.0415
2025-05-31,ORD003788,CUST02312,P015,Dining Table,Furniture,Ahmedabad,Store,Cash,2,21601.3,0.2,43202.6,34562.08,0,1605.01,2025,5,May,Saturday,43202.6,34562.08
2025-05-31,ORD018864,CUST01880,P008,Running Shoes,Fashion,Ahmedabad,Online,Credit Card,1,4037.13,0.0,4037.13,4037.13,0,385.48,2025,5,May,Saturday,4037.13,4037.13
2025-05-31,ORD029457,CUST01491,P011,Mixer Grinder,Home,Surat,Online,UPI,3,4783.73,0.0,14351.19,14351.19,0,1794.53,2025,5,May,Saturday,14351.189999999999,14351.19
2025-05-31,ORD038735,CUST01192,P006,Desk,Furniture,Delhi,Online,Net Banking,2,11541.47,0.0,23082.94,23082.94,0,4558.2,2025,5,May,Saturday,23082.94,23082.94
2025-05-31,ORD012088,CUST04877,P016,Sofa,Furniture,Surat,Online,UPI,2,31686.78,0.0,63373.56,63373.56,0,12728.91,2025,5,May,Saturday,63373.56,63373.56
2025-05-31,ORD006305,CUST03032,P019,Vacuum Cleaner,Home,Kolkata,Online,Cash,1,8842.62,0.1,8842.62,7958.36,0,1450.85,2025,5,May,Saturday,8842.62,7958.358000000001
2025-05-31,ORD039923,CUST03332,P012,Air Fryer,Home,Hyderabad,Store,Credit Card,2,7115.73,0.1,14231.46,12808.31,0,2376.87,2025,5,May,Saturday,14231.46,12808.314
2025-05-31,ORD025325,CUST02188,P012,Air Fryer,Home,Jaipur,Online,UPI,1,7568.1,0.05,7568.1,7189.7,0,1270.16,2025,5,May,Saturday,7568.1,7189.695
2025-05-31,ORD010682,CUST02324,P018,Jacket,Fashion,Hyderabad,Online,Debit Card,2,5251.54,0.1,10503.08,9452.77,0,2347.35,2025,5,May,Saturday,10503.08,9452.772
2025-05-31,ORD017710,CUST03885,P015,Dining Table,Furniture,Delhi,Online,Debit Card,5,20258.67,0.05,101293.35,96228.68,0,9770.82,2025,5,May,Saturday,101293.34999999999,96228.6825
2025-05-31,ORD049699,CUST04579,P018,Jacket,Fashion,Ahmedabad,Store,Cash,2,5624.04,0.1,11248.08,10123.27,0,1740.14,2025,5,May,Saturday,11248.08,10123.272
2025-05-31,ORD017417,CUST00458,P001,Laptop,Electronics,Delhi,Online,UPI,2,67327.1,0.15,134654.2,114456.07,0,16989.93,2025,5,May,Saturday,134654.2,114456.07
2025-05-31,ORD040997,CUST02915,P014,Keyboard,Electronics,Hyderabad,Online,UPI,2,2299.23,0.0,4598.46,4598.46,0,900.1,2025,5,May,Saturday,4598.46,4598.46
2025-05-31,ORD002066,CUST03758,P005,Office Chair,Furniture,Ahmedabad,Store,Debit Card,2,9289.73,0.1,18579.46,16721.51,0,2900.79,2025,5,May,Saturday,18579.46,16721.514
2025-05-31,ORD000508,CUST03402,P012,Air Fryer,Home,Pune,Store,UPI,1,7583.54,0.1,7583.54,6825.19,0,1730.62,2025,5,May,Saturday,7583.54,6825.186
2025-05-31,ORD001958,CUST03695,P015,Dining Table,Furniture,Kolkata,Online,UPI,1,20693.89,0.0,20693.89,20693.89,0,3155.03,2025,5,May,Saturday,20693.89,20693.89
2025-05-31,ORD036789,CUST01423,P018,Jacket,Fashion,Jaipur,Online,UPI,4,5509.13,0.1,22036.52,19832.87,0,5318.14,2025,5,May,Saturday,22036.52,19832.868000000002
2025-05-31,ORD033269,CUST03990,P005,Office Chair,Furniture,Surat,Online,UPI,1,10058.3,0.05,10058.3,9555.38,0,2457.61,2025,5,May,Saturday,10058.3,9555.384999999998
2025-05-31,ORD023981,CUST02158,P009,T-Shirt,Fashion,Jaipur,Store,Credit Card,1,1114.18,0.15,1114.18,947.05,0,253.88,2025,5,May,Saturday,1114.18,947.053
2025-05-31,ORD024460,CUST01534,P004,Smartwatch,Electronics,Jaipur,Online,Debit Card,1,6752.09,0.05,6752.09,6414.49,0,1509.02,2025,5,May,Saturday,6752.09,6414.4855
2025-05-31,ORD048889,CUST03026,P006,Desk,Furniture,Mumbai,Online,UPI,2,11668.89,0.05,23337.78,22170.89,0,3766.25,2025,5,May,Saturday,23337.78,22170.891
2025-05-31,ORD017574,CUST04430,P019,Vacuum Cleaner,Home,Chennai,Online,Credit Card,3,9811.25,0.05,29433.75,27962.06,0,4753.69,2025,5,May,Saturday,29433.75,27962.0625
2025-05-31,ORD006175,CUST02642,P019,Vacuum Cleaner,Home,Ahmedabad,Online,Credit Card,1,9530.67,0.05,9530.67,9054.14,1,-452.71,2025,5,May,Saturday,9530.67,9054.1365
2025-05-31,ORD020720,CUST01133,P004,Smartwatch,Electronics,Mumbai,Online,Credit Card,1,7322.69,0.15,7322.69,6224.29,0,1677.82,2025,5,May,Saturday,7322.69,6224.286499999999
2025-05-31,ORD027001,CUST04934,P018,Jacket,Fashion,Bengaluru,Store,Net Banking,2,5665.87,0.1,11331.74,10198.57,0,2807.68,2025,5,May,Saturday,11331.74,10198.566
2025-05-31,ORD044128,CUST02464,P020,Microwave,Home,Mumbai,Store,Debit Card,2,10291.1,0.0,20582.2,20582.2,0,4056.94,2025,5,May,Saturday,20582.2,20582.2
2025-05-31,ORD028885,CUST04674,P012,Air Fryer,Home,Surat,Online,UPI,1,7734.2,0.15,7734.2,6574.07,0,700.9,2025,5,May,Saturday,7734.2,6574.07
2025-05-31,ORD017292,CUST02566,P004,Smartwatch,Electronics,Ahmedabad,Online,Net Banking,1,7404.25,0.1,7404.25,6663.82,0,681.5,2025,5,May,Saturday,7404.25,6663.825
2025-05-31,ORD018826,CUST04569,P004,Smartwatch,Electronics,Bengaluru,Online,UPI,2,7582.78,0.0,15165.56,15165.56,0,1569.3,2025,5,May,Saturday,15165.56,15165.56
2025-05-31,ORD003911,CUST02222,P005,Office Chair,Furniture,Chennai,Online,UPI,1,9944.9,0.05,9944.9,9447.65,0,2083.78,2025,5,May,Saturday,9944.9,9447.654999999999
2025-05-31,ORD031878,CUST04517,P013,Monitor,Electronics,Mumbai,Store,Credit Card,1,17643.59,0.0,17643.59,17643.59,0,4219.96,2025,5,May,Saturday,17643.59,17643.59
2025-05-31,ORD021853,CUST03410,P015,Dining Table,Furniture,Surat,Online,UPI,1,21881.98,0.1,21881.98,19693.78,1,-984.69,2025,5,May,Saturday,21881.98,19693.782
2025-05-31,ORD046275,CUST00682,P020,Microwave,Home,Ahmedabad,Store,UPI,1,11472.24,0.1,11472.24,10325.02,0,698.8,2025,5,May,Saturday,11472.24,10325.016
2025-05-31,ORD031798,CUST00616,P018,Jacket,Fashion,Jaipur,Online,UPI,5,5508.15,0.0,27540.75,27540.75,0,4001.2,2025,5,May,Saturday,27540.75,27540.75
2025-05-31,ORD012446,CUST00881,P014,Keyboard,Electronics,Jaipur,Store,UPI,1,2744.09,0.05,2744.09,2606.89,0,418.62,2025,5,May,Saturday,2744.09,2606.8855
2025-05-31,ORD044067,CUST03476,P006,Desk,Furniture,Bengaluru,Store,Credit Card,1,11584.19,0.15,11584.19,9846.56,0,1764.66,2025,5,May,Saturday,11584.19,9846.5615
2025-05-31,ORD031833,CUST04680,P017,Jeans,Fashion,Bengaluru,Store,Debit Card,1,2626.44,0.0,2626.44,2626.44,0,230.52,2025,5,May,Saturday,2626.44,2626.44
2025-05-31,ORD003117,CUST02833,P017,Jeans,Fashion,Surat,Online,UPI,1,2635.33,0.1,2635.33,2371.8,0,287.24,2025,5,May,Saturday,2635.33,2371.797
2025-05-31,ORD032177,CUST00705,P013,Monitor,Electronics,Surat,Online,Debit Card,1,18297.06,0.1,18297.06,16467.35,0,2840.99,2025,5,May,Saturday,18297.06,16467.354000000003
2025-05-31,ORD014748,CUST03332,P015,Dining Table,Furniture,Surat,Online,Credit Card,1,22567.59,0.2,22567.59,18054.07,0,4634.06,2025,5,May,Saturday,22567.59,18054.072
2025-05-31,ORD022599,CUST02261,P018,Jacket,Fashion,Delhi,Store,Debit Card,1,5202.89,0.05,5202.89,4942.75,0,1116.13,2025,5,May,Saturday,5202.89,4942.7455
2025-05-31,ORD036267,CUST04918,P014,Keyboard,Electronics,Hyderabad,Store,Debit Card,2,2321.61,0.0,4643.22,4643.22,0,597.93,2025,5,May,Saturday,4643.22,4643.22
2025-05-31,ORD029906,CUST00016,P009,T-Shirt,Fashion,Kolkata,Store,Credit Card,1,1257.46,0.05,1257.46,1194.59,0,158.74,2025,5,May,Saturday,1257.46,1194.587
2025-05-31,ORD000170,CUST01954,P006,Desk,Furniture,Surat,Online,Credit Card,1,12246.13,0.0,12246.13,12246.13,0,2020.87,2025,5,May,Saturday,12246.13,12246.13
2025-05-31,ORD049754,CUST03233,P013,Monitor,Electronics,Delhi,Store,UPI,3,17339.1,0.1,52017.3,46815.57,0,9383.36,2025,5,May,Saturday,52017.299999999996,46815.57000000001
2025-05-31,ORD037277,CUST02862,P007,Backpack,Accessories,Delhi,Online,Cash,1,2360.08,0.1,2360.08,2124.07,0,335.72,2025,5,May,Saturday,2360.08,2124.072
2025-05-31,ORD018476,CUST00922,P010,Coffee Maker,Home,Chennai,Store,UPI,1,5801.56,0.05,5801.56,5511.48,0,1241.72,2025,5,May,Saturday,5801.56,5511.482
2025-05-31,ORD006623,CUST03952,P009,T-Shirt,Fashion,Hyderabad,Online,Debit Card,1,1162.95,0.25,1162.95,872.21,0,91.67,2025,5,May,Saturday,1162.95,872.2125000000001
2025-05-31,ORD032870,CUST00970,P001,Laptop,Electronics,Pune,Online,Credit Card,1,59414.86,0.15,59414.86,50502.63,0,10302.34,2025,5,May,Saturday,59414.86,50502.631
2025-05-31,ORD016849,CUST03111,P016,Sofa,Furniture,Bengaluru,Online,Net Banking,1,31670.01,0.2,31670.01,25336.01,0,3701.48,2025,5,May,Saturday,31670.01,25336.008
2025-05-31,ORD020393,CUST01268,P009,T-Shirt,Fashion,Chennai,Store,UPI,1,1179.2,0.05,1179.2,1120.24,0,308.94,2025,5,May,Saturday,1179.2,1120.24
2025-05-31,ORD015479,CUST00023,P009,T-Shirt,Fashion,Ahmedabad,Online,Debit Card,5,1247.56,0.1,6237.8,5614.02,0,1159.61,2025,5,May,Saturday,6237.799999999999,5614.02
2025-05-31,ORD001878,CUST00575,P005,Office Chair,Furniture,Bengaluru,Store,UPI,5,10398.64,0.2,51993.2,41594.56,1,-2079.73,2025,5,May,Saturday,51993.2,41594.56
2025-05-31,ORD004414,CUST03942,P016,Sofa,Furniture,Bengaluru,Store,Credit Card,1,38012.07,0.0,38012.07,38012.07,0,4948.75,2025,5,May,Saturday,38012.07,38012.07
2025-05-31,ORD011895,CUST02313,P007,Backpack,Accessories,Bengaluru,Store,UPI,1,2057.81,0.15,2057.81,1749.14,0,135.89,2025,5,May,Saturday,2057.81,1749.1384999999998
2025-05-31,ORD010522,CUST02101,P019,Vacuum Cleaner,Home,Kolkata,Online,Credit Card,4,8529.29,0.0,34117.16,34117.16,0,5544.61,2025,5,May,Saturday,34117.16,34117.16
2025-05-31,ORD038995,CUST03908,P014,Keyboard,Electronics,Ahmedabad,Online,Cash,2,2338.7,0.05,4677.4,4443.53,0,901.41,2025,5,May,Saturday,4677.4,4443.53
2025-05-31,ORD043226,CUST04078,P018,Jacket,Fashion,Delhi,Store,UPI,5,4828.35,0.1,24141.75,21727.58,0,5300.63,2025,5,May,Saturday,24141.75,21727.575
2025-05-31,ORD014612,CUST04999,P005,Office Chair,Furniture,Hyderabad,Online,Net Banking,2,10118.42,0.1,20236.84,18213.16,1,-910.66,2025,5,May,Saturday,20236.84,18213.156
2025-05-31,ORD049914,CUST04714,P001,Laptop,Electronics,Bengaluru,Store,UPI,1,69217.18,0.15,69217.18,58834.6,1,-2941.73,2025,5,May,Saturday,69217.18,58834.602999999996
2025-05-31,ORD011099,CUST01020,P017,Jeans,Fashion,Kolkata,Store,UPI,5,2624.59,0.1,13122.95,11810.66,1,-590.53,2025,5,May,Saturday,13122.95,11810.655
2025-05-31,ORD006577,CUST04914,P011,Mixer Grinder,Home,Kolkata,Store,UPI,1,5048.53,0.15,5048.53,4291.25,0,404.32,2025,5,May,Saturday,5048.53,4291.2505
2025-05-31,ORD002817,CUST03834,P002,Smartphone,Electronics,Pune,Online,Net Banking,1,28572.31,0.1,28572.31,25715.08,0,1728.67,2025,5,May,Saturday,28572.31,25715.079
2025-06-01,ORD048579,CUST03010,P010,Coffee Maker,Home,Ahmedabad,Store,Cash,1,5249.42,0.05,5249.42,4986.95,0,1376.75,2025,6,June,Sunday,5249.42,4986.949
2025-06-01,ORD007120,CUST03786,P001,Laptop,Electronics,Bengaluru,Online,Credit Card,1,64866.11,0.15,64866.11,55136.19,0,6679.92,2025,6,June,Sunday,64866.11,55136.1935
2025-06-01,ORD044768,CUST01591,P001,Laptop,Electronics,Hyderabad,Online,Net Banking,2,63485.31,0.1,126970.62,114273.56,0,30522.5,2025,6,June,Sunday,126970.62,114273.558
2025-06-01,ORD013397,CUST00099,P020,Microwave,Home,Ahmedabad,Store,UPI,1,10579.85,0.05,10579.85,10050.86,0,2553.07,2025,6,June,Sunday,10579.85,10050.8575
2025-06-01,ORD010936,CUST00598,P015,Dining Table,Furniture,Jaipur,Online,Credit Card,1,20899.36,0.1,20899.36,18809.42,0,2492.42,2025,6,June,Sunday,20899.36,18809.424000000003
2025-06-01,ORD041279,CUST00615,P011,Mixer Grinder,Home,Hyderabad,Online,Debit Card,4,5059.52,0.1,20238.08,18214.27,0,3044.22,2025,6,June,Sunday,20238.08,18214.272
2025-06-01,ORD038536,CUST04480,P020,Microwave,Home,Pune,Online,Credit Card,1,10345.23,0.2,10345.23,8276.18,0,1977.1,2025,6,June,Sunday,10345.23,8276.184
2025-06-01,ORD022552,CUST00320,P020,Microwave,Home,Kolkata,Online,Debit Card,1,10688.9,0.05,10688.9,10154.46,1,-507.72,2025,6,June,Sunday,10688.9,10154.455
2025-06-01,ORD049116,CUST03221,P020,Microwave,Home,Bengaluru,Store,Credit Card,1,11047.99,0.25,11047.99,8285.99,0,1776.25,2025,6,June,Sunday,11047.99,8285.9925
2025-06-01,ORD001094,CUST03191,P014,Keyboard,Electronics,Jaipur,Store,UPI,3,2744.67,0.15,8234.01,6998.91,0,1697.22,2025,6,June,Sunday,8234.01,6998.9085
2025-06-01,ORD047536,CUST02728,P011,Mixer Grinder,Home,Chennai,Online,UPI,1,4770.84,0.1,4770.84,4293.76,0,554.51,2025,6,June,Sunday,4770.84,4293.756
2025-06-01,ORD002213,CUST00391,P006,Desk,Furniture,Jaipur,Store,Net Banking,2,11334.18,0.1,22668.36,20401.52,0,5282.18,2025,6,June,Sunday,22668.36,20401.524
2025-06-01,ORD007170,CUST04451,P016,Sofa,Furniture,Hyderabad,Online,Credit Card,1,33993.24,0.2,33993.24,27194.59,1,-1359.73,2025,6,June,Sunday,33993.24,27194.592
2025-06-01,ORD013383,CUST00244,P004,Smartwatch,Electronics,Ahmedabad,Online,Credit Card,2,7032.86,0.0,14065.72,14065.72,0,1202.5,2025,6,June,Sunday,14065.72,14065.72
2025-06-01,ORD008013,CUST03643,P003,Headphones,Electronics,Pune,Store,Credit Card,1,4917.75,0.0,4917.75,4917.75,0,1340.9,2025,6,June,Sunday,4917.75,4917.75
2025-06-01,ORD011436,CUST01555,P004,Smartwatch,Electronics,Ahmedabad,Store,UPI,2,7408.97,0.2,14817.94,11854.35,0,2413.8,2025,6,June,Sunday,14817.94,11854.352
2025-06-01,ORD029030,CUST02666,P018,Jacket,Fashion,Kolkata,Online,UPI,2,5221.23,0.15,10442.46,8876.09,0,2148.54,2025,6,June,Sunday,10442.46,8876.090999999999
2025-06-01,ORD044937,CUST02667,P006,Desk,Furniture,Delhi,Online,UPI,1,13178.84,0.15,13178.84,11202.01,0,1227.89,2025,6,June,Sunday,13178.84,11202.014
2025-06-01,ORD018105,CUST04987,P020,Microwave,Home,Kolkata,Store,Cash,1,10463.45,0.1,10463.45,9417.11,0,930.71,2025,6,June,Sunday,10463.45,9417.105000000001
2025-06-01,ORD047871,CUST02331,P011,Mixer Grinder,Home,Jaipur,Online,UPI,1,4946.28,0.25,4946.28,3709.71,0,283.44,2025,6,June,Sunday,4946.28,3709.71
2025-06-01,ORD002535,CUST01724,P018,Jacket,Fashion,Mumbai,Store,Credit Card,1,5198.29,0.15,5198.29,4418.55,1,-220.93,2025,6,June,Sunday,5198.29,4418.5464999999995
2025-06-01,ORD000432,CUST02671,P007,Backpack,Accessories,Hyderabad,Online,Credit Card,1,2061.16,0.0,2061.16,2061.16,0,340.25,2025,6,June,Sunday,2061.16,2061.16
2025-06-01,ORD028905,CUST03865,P009,T-Shirt,Fashion,Jaipur,Online,Debit Card,1,1132.51,0.05,1132.51,1075.88,0,194.15,2025,6,June,Sunday,1132.51,1075.8845
2025-06-01,ORD037637,CUST04048,P015,Dining Table,Furniture,Ahmedabad,Online,UPI,1,22367.52,0.15,22367.52,19012.39,0,3522.96,2025,6,June,Sunday,22367.52,19012.392
2025-06-01,ORD021629,CUST04912,P020,Microwave,Home,Hyderabad,Online,Debit Card,1,12013.97,0.05,12013.97,11413.27,0,2249.14,2025,6,June,Sunday,12013.97,11413.271499999999
2025-06-01,ORD028809,CUST01074,P006,Desk,Furniture,Chennai,Online,Debit Card,1,10904.6,0.1,10904.6,9814.14,0,2025.16,2025,6,June,Sunday,10904.6,9814.140000000001
2025-06-01,ORD010850,CUST01594,P015,Dining Table,Furniture,Pune,Online,UPI,2,22891.16,0.1,45782.32,41204.09,0,4297.02,2025,6,June,Sunday,45782.32,41204.088
2025-06-01,ORD014734,CUST01510,P004,Smartwatch,Electronics,Mumbai,Online,Cash,1,6874.17,0.05,6874.17,6530.46,0,1145.34,2025,6,June,Sunday,6874.17,6530.461499999999
2025-06-01,ORD015914,CUST04727,P012,Air Fryer,Home,Pune,Online,Debit Card,1,7693.68,0.05,7693.68,7309.0,0,1699.45,2025,6,June,Sunday,7693.68,7308.996
2025-06-01,ORD026842,CUST00496,P006,Desk,Furniture,Pune,Store,Debit Card,1,12249.55,0.2,12249.55,9799.64,0,399.37,2025,6,June,Sunday,12249.55,9799.64
2025-06-01,ORD006810,CUST01685,P006,Desk,Furniture,Delhi,Online,Credit Card,1,12431.97,0.0,12431.97,12431.97,0,2471.25,2025,6,June,Sunday,12431.97,12431.97
2025-06-01,ORD027214,CUST00989,P013,Monitor,Electronics,Jaipur,Online,UPI,1,17447.76,0.0,17447.76,17447.76,0,4766.96,2025,6,June,Sunday,17447.76,17447.76
2025-06-01,ORD012673,CUST02976,P007,Backpack,Accessories,Pune,Online,UPI,1,2246.34,0.1,2246.34,2021.71,0,403.53,2025,6,June,Sunday,2246.34,2021.7060000000001
2025-06-01,ORD027868,CUST03562,P019,Vacuum Cleaner,Home,Jaipur,Store,Debit Card,3,9039.32,0.05,27117.96,25762.06,0,3589.43,2025,6,June,Sunday,27117.96,25762.061999999998
2025-06-01,ORD008268,CUST04217,P011,Mixer Grinder,Home,Ahmedabad,Online,Credit Card,2,4758.66,0.2,9517.32,7613.86,0,447.58,2025,6,June,Sunday,9517.32,7613.856
2025-06-01,ORD039541,CUST04892,P007,Backpack,Accessories,Delhi,Online,Net Banking,1,2149.98,0.0,2149.98,2149.98,0,544.14,2025,6,June,Sunday,2149.98,2149.98
2025-06-01,ORD027182,CUST03793,P016,Sofa,Furniture,Delhi,Store,Debit Card,1,31812.66,0.05,31812.66,30222.03,0,7369.22,2025,6,June,Sunday,31812.66,30222.027
2025-06-01,ORD010750,CUST02305,P015,Dining Table,Furniture,Kolkata,Online,Credit Card,2,23856.43,0.05,47712.86,45327.22,0,11218.25,2025,6,June,Sunday,47712.86,45327.217
2025-06-01,ORD014007,CUST02064,P018,Jacket,Fashion,Ahmedabad,Online,UPI,2,4950.34,0.2,9900.68,7920.54,0,629.49,2025,6,June,Sunday,9900.68,7920.544000000001
2025-06-01,ORD043430,CUST03423,P004,Smartwatch,Electronics,Surat,Online,Credit Card,1,7095.56,0.0,7095.56,7095.56,0,1848.21,2025,6,June,Sunday,7095.56,7095.56
2025-06-01,ORD045813,CUST01514,P001,Laptop,Electronics,Pune,Store,Net Banking,1,61318.09,0.15,61318.09,52120.38,0,3808.69,2025,6,June,Sunday,61318.09,52120.3765
2025-06-01,ORD015085,CUST01703,P011,Mixer Grinder,Home,Bengaluru,Store,Debit Card,1,5238.61,0.1,5238.61,4714.75,0,727.72,2025,6,June,Sunday,5238.61,4714.749
2025-06-01,ORD047349,CUST01593,P013,Monitor,Electronics,Mumbai,Store,UPI,1,19747.35,0.15,19747.35,16785.25,0,4208.21,2025,6,June,Sunday,19747.35,16785.247499999998
2025-06-01,ORD045826,CUST03546,P002,Smartphone,Electronics,Pune,Online,UPI,1,26628.55,0.05,26628.55,25297.12,0,7022.87,2025,6,June,Sunday,26628.55,25297.122499999998
2025-06-01,ORD003383,CUST02603,P011,Mixer Grinder,Home,Ahmedabad,Online,Credit Card,2,5161.34,0.05,10322.68,9806.55,0,2085.01,2025,6,June,Sunday,10322.68,9806.546
2025-06-01,ORD015812,CUST00755,P011,Mixer Grinder,Home,Jaipur,Online,Credit Card,2,4327.27,0.25,8654.54,6490.91,0,259.64,2025,6,June,Sunday,8654.54,6490.905000000001
2025-06-01,ORD043468,CUST03895,P001,Laptop,Electronics,Hyderabad,Online,UPI,2,60535.8,0.05,121071.6,115018.02,0,21378.29,2025,6,June,Sunday,121071.6,115018.02
2025-06-01,ORD001901,CUST01819,P006,Desk,Furniture,Chennai,Online,Credit Card,4,10908.27,0.1,43633.08,39269.77,0,5954.39,2025,6,June,Sunday,43633.08,39269.772000000004
2025-06-01,ORD041129,CUST01182,P002,Smartphone,Electronics,Mumbai,Online,UPI,3,28730.61,0.0,86191.83,86191.83,0,20570.48,2025,6,June,Sunday,86191.83,86191.83
2025-06-01,ORD046050,CUST03974,P003,Headphones,Electronics,Bengaluru,Store,Cash,2,4872.46,0.15,9744.92,8283.18,0,1134.39,2025,6,June,Sunday,9744.92,8283.182
2025-06-01,ORD011126,CUST00917,P020,Microwave,Home,Ahmedabad,Online,Credit Card,1,11830.15,0.25,11830.15,8872.61,0,1275.48,2025,6,June,Sunday,11830.15,8872.6125
2025-06-01,ORD011092,CUST04920,P013,Monitor,Electronics,Jaipur,Online,UPI,1,18556.47,0.1,18556.47,16700.82,0,2145.44,2025,6,June,Sunday,18556.47,16700.823
2025-06-01,ORD020573,CUST01538,P015,Dining Table,Furniture,Bengaluru,Online,Credit Card,2,20241.2,0.2,40482.4,32385.92,0,6478.01,2025,6,June,Sunday,40482.4,32385.920000000002
2025-06-01,ORD020798,CUST02370,P010,Coffee Maker,Home,Pune,Online,Credit Card,1,5116.1,0.2,5116.1,4092.88,0,868.73,2025,6,June,Sunday,5116.1,4092.8800000000006
2025-06-01,ORD033468,CUST02666,P015,Dining Table,Furniture,Delhi,Online,Credit Card,1,20460.27,0.1,20460.27,18414.24,1,-920.71,2025,6,June,Sunday,20460.27,18414.243000000002
2025-06-01,ORD048398,CUST04488,P014,Keyboard,Electronics,Hyderabad,Store,UPI,1,2472.12,0.15,2472.12,2101.3,0,131.16,2025,6,June,Sunday,2472.12,2101.3019999999997
2025-06-01,ORD017073,CUST00549,P011,Mixer Grinder,Home,Surat,Store,UPI,1,4374.59,0.1,4374.59,3937.13,0,879.16,2025,6,June,Sunday,4374.59,3937.1310000000003
2025-06-01,ORD031577,CUST04560,P006,Desk,Furniture,Surat,Online,UPI,3,12791.38,0.1,38374.14,34536.73,0,3390.0,2025,6,June,Sunday,38374.14,34536.726
2025-06-01,ORD006622,CUST02387,P014,Keyboard,Electronics,Chennai,Online,Debit Card,1,2414.95,0.1,2414.95,2173.46,0,500.29,2025,6,June,Sunday,2414.95,2173.455
2025-06-01,ORD049402,CUST03254,P016,Sofa,Furniture,Bengaluru,Store,Credit Card,1,32129.49,0.0,32129.49,32129.49,0,8896.9,2025,6,June,Sunday,32129.49,32129.49
2025-06-01,ORD049792,CUST00430,P012,Air Fryer,Home,Bengaluru,Store,Debit Card,2,7584.43,0.15,15168.86,12893.53,0,1686.58,2025,6,June,Sunday,15168.86,12893.531
2025-06-01,ORD027761,CUST01324,P012,Air Fryer,Home,Ahmedabad,Online,UPI,1,6874.24,0.15,6874.24,5843.1,0,1078.08,2025,6,June,Sunday,6874.24,5843.103999999999
2025-06-01,ORD012437,CUST04056,P008,Running Shoes,Fashion,Hyderabad,Online,UPI,1,4316.82,0.05,4316.82,4100.98,0,486.42,2025,6,June,Sunday,4316.82,4100.978999999999
2025-06-01,ORD048395,CUST02689,P010,Coffee Maker,Home,Ahmedabad,Online,Credit Card,1,5011.33,0.05,5011.33,4760.76,0,535.83,2025,6,June,Sunday,5011.33,4760.7635
2025-06-02,ORD023381,CUST04498,P002,Smartphone,Electronics,Kolkata,Online,UPI,2,29184.71,0.0,58369.42,58369.42,0,13184.8,2025,6,June,Monday,58369.42,58369.42
2025-06-02,ORD035919,CUST03118,P014,Keyboard,Electronics,Bengaluru,Store,UPI,1,2461.11,0.1,2461.11,2215.0,0,396.78,2025,6,June,Monday,2461.11,2214.9990000000003
2025-06-02,ORD015435,CUST03319,P010,Coffee Maker,Home,Hyderabad,Online,Net Banking,1,6043.91,0.2,6043.91,4835.13,0,478.42,2025,6,June,Monday,6043.91,4835.128
2025-06-02,ORD044625,CUST03592,P014,Keyboard,Electronics,Surat,Online,Debit Card,3,2685.98,0.15,8057.94,6849.25,0,636.31,2025,6,June,Monday,8057.9400000000005,6849.249
2025-06-02,ORD021442,CUST00039,P018,Jacket,Fashion,Chennai,Online,Net Banking,1,5169.49,0.25,5169.49,3877.12,0,800.83,2025,6,June,Monday,5169.49,3877.1175
2025-06-02,ORD003389,CUST04281,P018,Jacket,Fashion,Mumbai,Store,UPI,2,5526.9,0.05,11053.8,10501.11,0,1791.12,2025,6,June,Monday,11053.8,10501.109999999999
2025-06-02,ORD035099,CUST04755,P008,Running Shoes,Fashion,Chennai,Store,UPI,1,4390.48,0.15,4390.48,3731.91,1,-186.6,2025,6,June,Monday,4390.48,3731.9079999999994
2025-06-02,ORD010009,CUST02475,P017,Jeans,Fashion,Mumbai,Store,UPI,1,2628.67,0.05,2628.67,2497.24,0,630.63,2025,6,June,Monday,2628.67,2497.2365
2025-06-02,ORD016961,CUST03880,P015,Dining Table,Furniture,Chennai,Online,UPI,1,21200.73,0.1,21200.73,19080.66,0,1263.15,2025,6,June,Monday,21200.73,19080.657
2025-06-02,ORD026256,CUST04289,P019,Vacuum Cleaner,Home,Bengaluru,Online,UPI,1,8640.77,0.1,8640.77,7776.69,0,2024.12,2025,6,June,Monday,8640.77,7776.693
2025-06-02,ORD036671,CUST00803,P003,Headphones,Electronics,Hyderabad,Store,UPI,1,4898.08,0.1,4898.08,4408.27,1,-220.41,2025,6,June,Monday,4898.08,4408.272
2025-06-02,ORD023866,CUST03556,P016,Sofa,Furniture,Jaipur,Online,Cash,3,33640.2,0.05,100920.6,95874.57,0,11672.63,2025,6,June,Monday,100920.59999999999,95874.57
2025-06-02,ORD039820,CUST00665,P018,Jacket,Fashion,Delhi,Store,UPI,1,5464.92,0.1,5464.92,4918.43,0,778.48,2025,6,June,Monday,5464.92,4918.428
2025-06-02,ORD043513,CUST04708,P012,Air Fryer,Home,Jaipur,Store,Credit Card,2,7369.56,0.0,14739.12,14739.12,0,3639.33,2025,6,June,Monday,14739.12,14739.12
2025-06-02,ORD005444,CUST03640,P003,Headphones,Electronics,Delhi,Online,Debit Card,5,4669.02,0.15,23345.1,19843.34,0,1506.46,2025,6,June,Monday,23345.100000000002,19843.335
2025-06-02,ORD049876,CUST00008,P011,Mixer Grinder,Home,Hyderabad,Online,Credit Card,2,5092.52,0.2,10185.04,8148.03,0,2118.1,2025,6,June,Monday,10185.04,8148.032000000001
2025-06-02,ORD043937,CUST01666,P011,Mixer Grinder,Home,Chennai,Online,UPI,1,5161.49,0.05,5161.49,4903.42,0,1395.71,2025,6,June,Monday,5161.49,4903.415499999999
2025-06-02,ORD026583,CUST02590,P020,Microwave,Home,Mumbai,Store,Credit Card,1,10428.72,0.1,10428.72,9385.85,0,2322.49,2025,6,June,Monday,10428.72,9385.848
2025-06-02,ORD004963,CUST02811,P008,Running Shoes,Fashion,Chennai,Online,Credit Card,2,4385.45,0.05,8770.9,8332.36,0,1004.82,2025,6,June,Monday,8770.9,8332.355
2025-06-02,ORD043641,CUST00396,P020,Microwave,Home,Mumbai,Store,UPI,1,11098.79,0.15,11098.79,9433.97,0,2469.72,2025,6,June,Monday,11098.79,9433.9715
2025-06-02,ORD010373,CUST02751,P014,Keyboard,Electronics,Mumbai,Online,Net Banking,1,2666.09,0.1,2666.09,2399.48,0,571.64,2025,6,June,Monday,2666.09,2399.481
2025-06-02,ORD035294,CUST03412,P017,Jeans,Fashion,Hyderabad,Online,Debit Card,2,2748.31,0.2,5496.62,4397.3,0,235.3,2025,6,June,Monday,5496.62,4397.296
2025-06-02,ORD004026,CUST02500,P013,Monitor,Electronics,Kolkata,Store,Credit Card,2,19017.57,0.15,38035.14,32329.87,0,4006.72,2025,6,June,Monday,38035.14,32329.869
2025-06-02,ORD013565,CUST04740,P019,Vacuum Cleaner,Home,Surat,Store,UPI,2,9840.47,0.2,19680.94,15744.75,0,3921.44,2025,6,June,Monday,19680.94,15744.752
2025-06-02,ORD006932,CUST01315,P003,Headphones,Electronics,Kolkata,Online,Credit Card,1,4116.93,0.1,4116.93,3705.24,0,458.64,2025,6,June,Monday,4116.93,3705.2370000000005
2025-06-02,ORD009862,CUST01981,P012,Air Fryer,Home,Pune,Store,UPI,1,7317.26,0.0,7317.26,7317.26,0,1970.7,2025,6,June,Monday,7317.26,7317.26
2025-06-02,ORD010578,CUST03599,P015,Dining Table,Furniture,Kolkata,Online,Credit Card,2,23659.11,0.0,47318.22,47318.22,0,7238.45,2025,6,June,Monday,47318.22,47318.22
2025-06-02,ORD020129,CUST04036,P007,Backpack,Accessories,Delhi,Online,Credit Card,1,2002.44,0.0,2002.44,2002.44,0,256.8,2025,6,June,Monday,2002.44,2002.44
2025-06-02,ORD006540,CUST04540,P009,T-Shirt,Fashion,Kolkata,Online,Credit Card,1,1166.84,0.1,1166.84,1050.16,0,184.26,2025,6,June,Monday,1166.84,1050.156
2025-06-02,ORD043519,CUST00910,P010,Coffee Maker,Home,Hyderabad,Store,Credit Card,1,5396.03,0.05,5396.03,5126.23,0,362.19,2025,6,June,Monday,5396.03,5126.228499999999
2025-06-02,ORD014433,CUST01365,P013,Monitor,Electronics,Pune,Online,Credit Card,4,17699.0,0.15,70796.0,60176.6,0,9022.26,2025,6,June,Monday,70796.0,60176.6
2025-06-02,ORD018796,CUST04311,P008,Running Shoes,Fashion,Ahmedabad,Online,UPI,1,4052.01,0.1,4052.01,3646.81,0,513.38,2025,6,June,Monday,4052.01,3646.809
2025-06-02,ORD013661,CUST01993,P011,Mixer Grinder,Home,Surat,Store,Credit Card,4,4608.4,0.2,18433.6,14746.88,0,3756.98,2025,6,June,Monday,18433.6,14746.88
2025-06-02,ORD024925,CUST03312,P016,Sofa,Furniture,Mumbai,Store,Debit Card,1,34163.31,0.25,34163.31,25622.48,0,5271.71,2025,6,June,Monday,34163.31,25622.4825
2025-06-02,ORD014785,CUST03101,P016,Sofa,Furniture,Hyderabad,Online,Credit Card,4,33525.11,0.1,134100.44,120690.4,0,8082.65,2025,6,June,Monday,134100.44,120690.39600000001
2025-06-02,ORD035763,CUST00194,P019,Vacuum Cleaner,Home,Ahmedabad,Store,Credit Card,1,9029.93,0.05,9029.93,8578.43,0,2428.43,2025,6,June,Monday,9029.93,8578.4335
2025-06-02,ORD048569,CUST03876,P017,Jeans,Fashion,Jaipur,Online,UPI,1,2684.06,0.25,2684.06,2013.04,0,298.64,2025,6,June,Monday,2684.06,2013.045
2025-06-02,ORD034320,CUST03495,P003,Headphones,Electronics,Chennai,Online,UPI,1,4197.11,0.1,4197.11,3777.4,0,562.43,2025,6,June,Monday,4197.11,3777.399
2025-06-02,ORD023410,CUST01953,P018,Jacket,Fashion,Bengaluru,Online,Debit Card,1,4948.15,0.0,4948.15,4948.15,0,1443.49,2025,6,June,Monday,4948.15,4948.15
2025-06-02,ORD032329,CUST02103,P003,Headphones,Electronics,Jaipur,Store,Debit Card,1,4204.52,0.0,4204.52,4204.52,0,1244.95,2025,6,June,Monday,4204.52,4204.52
2025-06-02,ORD035998,CUST02210,P010,Coffee Maker,Home,Kolkata,Store,Debit Card,4,5505.36,0.05,22021.44,20920.37,0,2787.98,2025,6,June,Monday,22021.44,20920.368
2025-06-02,ORD006362,CUST02460,P009,T-Shirt,Fashion,Hyderabad,Online,UPI,1,1161.18,0.25,1161.18,870.88,0,135.58,2025,6,June,Monday,1161.18,870.885
2025-06-02,ORD006032,CUST01618,P002,Smartphone,Electronics,Kolkata,Online,UPI,1,29051.71,0.25,29051.71,21788.78,0,4109.48,2025,6,June,Monday,29051.71,21788.7825
2025-06-02,ORD036160,CUST04982,P005,Office Chair,Furniture,Chennai,Online,UPI,1,10383.51,0.15,10383.51,8825.98,0,1271.86,2025,6,June,Monday,10383.51,8825.9835
2025-06-02,ORD030092,CUST00613,P014,Keyboard,Electronics,Ahmedabad,Online,Debit Card,2,2289.87,0.15,4579.74,3892.78,0,997.85,2025,6,June,Monday,4579.74,3892.7789999999995
2025-06-02,ORD039291,CUST01709,P014,Keyboard,Electronics,Pune,Online,UPI,1,2629.76,0.05,2629.76,2498.27,0,580.76,2025,6,June,Monday,2629.76,2498.272
2025-06-02,ORD044801,CUST00941,P015,Dining Table,Furniture,Ahmedabad,Online,Net Banking,1,24059.17,0.1,24059.17,21653.25,0,1446.53,2025,6,June,Monday,24059.17,21653.253
2025-06-02,ORD027441,CUST01686,P018,Jacket,Fashion,Jaipur,Online,Net Banking,3,5262.48,0.2,15787.44,12629.95,0,1770.94,2025,6,June,Monday,15787.439999999999,12629.952000000001
2025-06-02,ORD018406,CUST02262,P011,Mixer Grinder,Home,Kolkata,Store,UPI,1,4728.12,0.1,4728.12,4255.31,0,762.48,2025,6,June,Monday,4728.12,4255.308
2025-06-02,ORD030560,CUST03433,P011,Mixer Grinder,Home,Jaipur,Online,UPI,1,4926.72,0.0,4926.72,4926.72,0,1447.23,2025,6,June,Monday,4926.72,4926.72
2025-06-02,ORD018038,CUST02180,P009,T-Shirt,Fashion,Chennai,Store,Credit Card,2,1191.69,0.0,2383.38,2383.38,0,619.0,2025,6,June,Monday,2383.38,2383.38
2025-06-02,ORD035735,CUST03270,P009,T-Shirt,Fashion,Bengaluru,Online,UPI,3,1301.74,0.1,3905.22,3514.7,0,440.08,2025,6,June,Monday,3905.2200000000003,3514.698
2025-06-02,ORD014801,CUST04273,P017,Jeans,Fashion,Kolkata,Online,UPI,1,2560.3,0.1,2560.3,2304.27,0,454.14,2025,6,June,Monday,2560.3,2304.2700000000004
2025-06-02,ORD021841,CUST03745,P005,Office Chair,Furniture,Hyderabad,Online,Debit Card,2,8860.89,0.15,17721.78,15063.51,0,2779.84,2025,6,June,Monday,17721.78,15063.512999999999
2025-06-02,ORD020377,CUST01813,P020,Microwave,Home,Pune,Online,Credit Card,1,10172.4,0.15,10172.4,8646.54,0,1473.15,2025,6,June,Monday,10172.4,8646.539999999999
2025-06-03,ORD036538,CUST02627,P005,Office Chair,Furniture,Mumbai,Online,UPI,2,9481.39,0.05,18962.78,18014.64,0,1469.83,2025,6,June,Tuesday,18962.78,18014.641
2025-06-03,ORD035182,CUST00404,P002,Smartphone,Electronics,Jaipur,Online,UPI,3,29483.12,0.15,88449.36,75181.96,0,10469.26,2025,6,June,Tuesday,88449.36,75181.956
2025-06-03,ORD015834,CUST01150,P006,Desk,Furniture,Ahmedabad,Online,UPI,2,12420.32,0.1,24840.64,22356.58,0,1544.94,2025,6,June,Tuesday,24840.64,22356.576
2025-06-03,ORD006597,CUST02787,P003,Headphones,Electronics,Jaipur,Online,Credit Card,1,4899.98,0.05,4899.98,4654.98,0,814.16,2025,6,June,Tuesday,4899.98,4654.981
2025-06-03,ORD022117,CUST03230,P008,Running Shoes,Fashion,Mumbai,Online,Credit Card,3,4170.39,0.1,12511.17,11260.05,0,2565.36,2025,6,June,Tuesday,12511.170000000002,11260.053
2025-06-03,ORD048806,CUST03676,P003,Headphones,Electronics,Kolkata,Store,Debit Card,1,4448.73,0.05,4448.73,4226.29,0,332.57,2025,6,June,Tuesday,4448.73,4226.2935
2025-06-03,ORD040996,CUST01810,P008,Running Shoes,Fashion,Delhi,Store,UPI,1,4556.21,0.1,4556.21,4100.59,0,516.24,2025,6,June,Tuesday,4556.21,4100.589
2025-06-03,ORD022537,CUST00135,P004,Smartwatch,Electronics,Jaipur,Online,UPI,1,6311.85,0.0,6311.85,6311.85,1,-315.59,2025,6,June,Tuesday,6311.85,6311.85
2025-06-03,ORD002590,CUST02547,P003,Headphones,Electronics,Bengaluru,Online,Credit Card,1,4737.98,0.05,4737.98,4501.08,0,634.61,2025,6,June,Tuesday,4737.98,4501.080999999999
2025-06-03,ORD023867,CUST01286,P007,Backpack,Accessories,Mumbai,Online,UPI,2,2099.28,0.2,4198.56,3358.85,0,815.31,2025,6,June,Tuesday,4198.56,3358.8480000000004
2025-06-03,ORD030866,CUST01596,P001,Laptop,Electronics,Pune,Store,UPI,1,65663.66,0.05,65663.66,62380.48,0,10422.39,2025,6,June,Tuesday,65663.66,62380.477
2025-06-03,ORD025425,CUST00784,P009,T-Shirt,Fashion,Kolkata,Online,Net Banking,1,1119.65,0.05,1119.65,1063.67,0,178.5,2025,6,June,Tuesday,1119.65,1063.6675
2025-06-03,ORD015391,CUST04525,P020,Microwave,Home,Hyderabad,Store,Debit Card,1,9991.23,0.15,9991.23,8492.55,0,1514.28,2025,6,June,Tuesday,9991.23,8492.5455
2025-06-03,ORD036586,CUST03565,P018,Jacket,Fashion,Ahmedabad,Store,UPI,4,5034.5,0.1,20138.0,18124.2,0,4422.22,2025,6,June,Tuesday,20138.0,18124.2
2025-06-03,ORD034475,CUST04612,P020,Microwave,Home,Bengaluru,Store,UPI,1,10811.16,0.2,10811.16,8648.93,0,1133.83,2025,6,June,Tuesday,10811.16,8648.928
2025-06-03,ORD038448,CUST00585,P001,Laptop,Electronics,Delhi,Online,Credit Card,1,64694.45,0.05,64694.45,61459.73,0,10142.91,2025,6,June,Tuesday,64694.45,61459.72749999999
2025-06-03,ORD026709,CUST00445,P011,Mixer Grinder,Home,Hyderabad,Online,Credit Card,4,4642.69,0.0,18570.76,18570.76,0,4453.4,2025,6,June,Tuesday,18570.76,18570.76
2025-06-03,ORD032429,CUST03612,P008,Running Shoes,Fashion,Surat,Store,UPI,1,4441.35,0.05,4441.35,4219.28,0,686.9,2025,6,June,Tuesday,4441.35,4219.2825
2025-06-03,ORD028496,CUST02667,P012,Air Fryer,Home,Hyderabad,Online,UPI,2,7127.99,0.0,14255.98,14255.98,0,1240.62,2025,6,June,Tuesday,14255.98,14255.98
2025-06-03,ORD000180,CUST01574,P007,Backpack,Accessories,Ahmedabad,Online,Debit Card,2,2161.34,0.05,4322.68,4106.55,0,1037.8,2025,6,June,Tuesday,4322.68,4106.546
2025-06-03,ORD008968,CUST00530,P010,Coffee Maker,Home,Jaipur,Online,UPI,5,5078.09,0.0,25390.45,25390.45,0,5511.32,2025,6,June,Tuesday,25390.45,25390.45
2025-06-03,ORD005660,CUST02317,P004,Smartwatch,Electronics,Jaipur,Store,Credit Card,1,6689.23,0.1,6689.23,6020.31,0,659.24,2025,6,June,Tuesday,6689.23,6020.307
2025-06-03,ORD042821,CUST03069,P019,Vacuum Cleaner,Home,Surat,Online,Credit Card,1,8677.03,0.0,8677.03,8677.03,0,2457.01,2025,6,June,Tuesday,8677.03,8677.03
2025-06-03,ORD028063,CUST00603,P020,Microwave,Home,Surat,Store,Credit Card,1,10650.72,0.1,10650.72,9585.65,0,1673.29,2025,6,June,Tuesday,10650.72,9585.648
2025-06-03,ORD006725,CUST03105,P001,Laptop,Electronics,Ahmedabad,Online,Credit Card,1,60376.45,0.0,60376.45,60376.45,0,11910.89,2025,6,June,Tuesday,60376.45,60376.45
2025-06-03,ORD005962,CUST01456,P003,Headphones,Electronics,Mumbai,Online,UPI,2,4661.55,0.05,9323.1,8856.94,0,1155.69,2025,6,June,Tuesday,9323.1,8856.945
2025-06-03,ORD027275,CUST02743,P002,Smartphone,Electronics,Pune,Online,Credit Card,1,26005.5,0.15,26005.5,22104.68,0,2675.23,2025,6,June,Tuesday,26005.5,22104.675
2025-06-03,ORD002494,CUST00447,P001,Laptop,Electronics,Hyderabad,Store,UPI,5,61249.13,0.15,306245.65,260308.8,0,62881.63,2025,6,June,Tuesday,306245.64999999997,260308.80250000002
2025-06-03,ORD027171,CUST00763,P005,Office Chair,Furniture,Hyderabad,Online,UPI,3,9676.36,0.0,29029.08,29029.08,0,4291.82,2025,6,June,Tuesday,29029.08,29029.08
2025-06-03,ORD041049,CUST01463,P012,Air Fryer,Home,Jaipur,Online,UPI,4,6714.27,0.0,26857.08,26857.08,0,6509.0,2025,6,June,Tuesday,26857.08,26857.08
2025-06-03,ORD040165,CUST02606,P001,Laptop,Electronics,Pune,Online,UPI,1,58700.09,0.05,58700.09,55765.09,0,9467.8,2025,6,June,Tuesday,58700.09,55765.085499999994
2025-06-03,ORD049058,CUST04064,P013,Monitor,Electronics,Hyderabad,Store,UPI,2,19683.44,0.05,39366.88,37398.54,0,6327.92,2025,6,June,Tuesday,39366.88,37398.53599999999
2025-06-03,ORD044574,CUST01800,P014,Keyboard,Electronics,Surat,Online,UPI,1,2739.2,0.1,2739.2,2465.28,0,401.73,2025,6,June,Tuesday,2739.2,2465.2799999999997
2025-06-03,ORD045104,CUST02076,P003,Headphones,Electronics,Surat,Store,UPI,1,4782.26,0.1,4782.26,4304.03,0,886.6,2025,6,June,Tuesday,4782.26,4304.034000000001
2025-06-03,ORD025965,CUST03899,P004,Smartwatch,Electronics,Surat,Store,Credit Card,1,7403.39,0.1,7403.39,6663.05,0,655.47,2025,6,June,Tuesday,7403.39,6663.051
2025-06-03,ORD007113,CUST03277,P016,Sofa,Furniture,Jaipur,Store,Net Banking,1,33524.73,0.15,33524.73,28496.02,0,5752.51,2025,6,June,Tuesday,33524.73,28496.020500000002
2025-06-03,ORD025162,CUST03271,P005,Office Chair,Furniture,Mumbai,Online,Debit Card,1,10381.54,0.0,10381.54,10381.54,1,-519.08,2025,6,June,Tuesday,10381.54,10381.54
2025-06-03,ORD008222,CUST00499,P012,Air Fryer,Home,Surat,Online,Debit Card,2,6521.01,0.1,13042.02,11737.82,0,2331.09,2025,6,June,Tuesday,13042.02,11737.818000000001
2025-06-03,ORD030274,CUST02501,P014,Keyboard,Electronics,Jaipur,Online,Credit Card,1,2285.94,0.0,2285.94,2285.94,0,607.04,2025,6,June,Tuesday,2285.94,2285.94
2025-06-03,ORD043020,CUST04167,P019,Vacuum Cleaner,Home,Mumbai,Store,UPI,1,8271.21,0.1,8271.21,7444.09,0,1170.93,2025,6,June,Tuesday,8271.21,7444.088999999999
2025-06-03,ORD000690,CUST00272,P008,Running Shoes,Fashion,Hyderabad,Online,Net Banking,1,4176.96,0.05,4176.96,3968.11,0,312.93,2025,6,June,Tuesday,4176.96,3968.1119999999996
2025-06-03,ORD027253,CUST04721,P014,Keyboard,Electronics,Mumbai,Online,Credit Card,2,2390.64,0.05,4781.28,4542.22,0,542.73,2025,6,June,Tuesday,4781.28,4542.215999999999
2025-06-03,ORD008337,CUST03737,P019,Vacuum Cleaner,Home,Bengaluru,Online,Credit Card,1,9868.75,0.0,9868.75,9868.75,0,1832.43,2025,6,June,Tuesday,9868.75,9868.75
2025-06-03,ORD005999,CUST01594,P016,Sofa,Furniture,Chennai,Store,Debit Card,2,34668.51,0.2,69337.02,55469.62,0,3668.81,2025,6,June,Tuesday,69337.02,55469.61600000001
2025-06-03,ORD000925,CUST01999,P010,Coffee Maker,Home,Surat,Online,Credit Card,1,5160.95,0.15,5160.95,4386.81,0,1062.48,2025,6,June,Tuesday,5160.95,4386.8075
2025-06-03,ORD048367,CUST01798,P018,Jacket,Fashion,Ahmedabad,Store,Net Banking,1,5096.36,0.05,5096.36,4841.54,0,1006.4,2025,6,June,Tuesday,5096.36,4841.5419999999995
2025-06-03,ORD004992,CUST00363,P009,T-Shirt,Fashion,Delhi,Online,Debit Card,1,1171.61,0.05,1171.61,1113.03,0,203.22,2025,6,June,Tuesday,1171.61,1113.0294999999999
2025-06-03,ORD028622,CUST01543,P018,Jacket,Fashion,Mumbai,Online,UPI,3,4685.64,0.15,14056.92,11948.38,0,1639.29,2025,6,June,Tuesday,14056.920000000002,11948.382
2025-06-03,ORD001345,CUST03125,P014,Keyboard,Electronics,Chennai,Online,UPI,1,2519.25,0.1,2519.25,2267.33,0,172.09,2025,6,June,Tuesday,2519.25,2267.3250000000003
2025-06-03,ORD014356,CUST00606,P014,Keyboard,Electronics,Jaipur,Online,UPI,1,2589.06,0.1,2589.06,2330.15,0,591.78,2025,6,June,Tuesday,2589.06,2330.154
2025-06-03,ORD003281,CUST01338,P014,Keyboard,Electronics,Ahmedabad,Store,Net Banking,1,2451.02,0.0,2451.02,2451.02,0,566.85,2025,6,June,Tuesday,2451.02,2451.02
2025-06-03,ORD045202,CUST00816,P011,Mixer Grinder,Home,Mumbai,Online,Debit Card,2,4723.03,0.05,9446.06,8973.76,0,1897.62,2025,6,June,Tuesday,9446.06,8973.757
2025-06-03,ORD038797,CUST01808,P009,T-Shirt,Fashion,Hyderabad,Store,Credit Card,4,1281.38,0.1,5125.52,4612.97,0,933.67,2025,6,June,Tuesday,5125.52,4612.968000000001
2025-06-03,ORD027887,CUST02608,P013,Monitor,Electronics,Ahmedabad,Store,UPI,4,17137.59,0.1,68550.36,61695.32,0,13020.34,2025,6,June,Tuesday,68550.36,61695.324
2025-06-03,ORD014870,CUST02856,P001,Laptop,Electronics,Hyderabad,Online,UPI,1,70765.19,0.2,70765.19,56612.15,0,7168.58,2025,6,June,Tuesday,70765.19,56612.152
2025-06-03,ORD022935,CUST04590,P007,Backpack,Accessories,Mumbai,Online,Debit Card,1,2073.5,0.1,2073.5,1866.15,0,438.7,2025,6,June,Tuesday,2073.5,1866.15
2025-06-03,ORD046298,CUST02083,P005,Office Chair,Furniture,Surat,Online,UPI,1,9198.69,0.25,9198.69,6899.02,0,331.49,2025,6,June,Tuesday,9198.69,6899.0175
2025-06-03,ORD030345,CUST03244,P015,Dining Table,Furniture,Hyderabad,Online,UPI,1,23146.21,0.15,23146.21,19674.28,0,4418.46,2025,6,June,Tuesday,23146.21,19674.2785
2025-06-03,ORD022320,CUST02353,P001,Laptop,Electronics,Hyderabad,Online,UPI,1,65144.65,0.1,65144.65,58630.19,0,6619.06,2025,6,June,Tuesday,65144.65,58630.185000000005
2025-06-03,ORD024983,CUST03817,P017,Jeans,Fashion,Delhi,Store,Credit Card,1,2598.54,0.0,2598.54,2598.54,0,514.63,2025,6,June,Tuesday,2598.54,2598.54
2025-06-03,ORD047689,CUST04898,P005,Office Chair,Furniture,Bengaluru,Online,Debit Card,1,10135.9,0.0,10135.9,10135.9,0,880.71,2025,6,June,Tuesday,10135.9,10135.9
2025-06-03,ORD040716,CUST04804,P012,Air Fryer,Home,Kolkata,Online,Credit Card,2,6673.99,0.1,13347.98,12013.18,0,1635.59,2025,6,June,Tuesday,13347.98,12013.182
2025-06-03,ORD000637,CUST02836,P005,Office Chair,Furniture,Mumbai,Online,UPI,1,10210.92,0.25,10210.92,7658.19,0,1432.11,2025,6,June,Tuesday,10210.92,7658.1900000000005
2025-06-03,ORD035530,CUST01480,P011,Mixer Grinder,Home,Kolkata,Online,UPI,1,4574.93,0.1,4574.93,4117.44,0,396.52,2025,6,June,Tuesday,4574.93,4117.437000000001
2025-06-03,ORD041935,CUST04209,P007,Backpack,Accessories,Jaipur,Online,UPI,2,2344.1,0.0,4688.2,4688.2,0,447.97,2025,6,June,Tuesday,4688.2,4688.2
2025-06-03,ORD009569,CUST04917,P018,Jacket,Fashion,Delhi,Online,Net Banking,3,5197.61,0.05,15592.83,14813.19,0,1945.99,2025,6,June,Tuesday,15592.829999999998,14813.188499999998
2025-06-03,ORD035306,CUST02372,P011,Mixer Grinder,Home,Hyderabad,Store,Debit Card,3,4622.77,0.1,13868.31,12481.48,0,2060.22,2025,6,June,Tuesday,13868.310000000001,12481.479
2025-06-03,ORD025075,CUST01026,P009,T-Shirt,Fashion,Mumbai,Online,UPI,1,1147.12,0.1,1147.12,1032.41,0,276.94,2025,6,June,Tuesday,1147.12,1032.408
2025-06-03,ORD007165,CUST04537,P004,Smartwatch,Electronics,Bengaluru,Store,UPI,1,7596.56,0.0,7596.56,7596.56,0,2259.88,2025,6,June,Tuesday,7596.56,7596.56
2025-06-03,ORD036980,CUST01402,P002,Smartphone,Electronics,Ahmedabad,Online,Debit Card,1,26967.35,0.25,26967.35,20225.51,0,2847.15,2025,6,June,Tuesday,26967.35,20225.512499999997
2025-06-03,ORD014096,CUST02632,P012,Air Fryer,Home,Hyderabad,Online,Credit Card,2,7220.39,0.15,14440.78,12274.66,0,2333.65,2025,6,June,Tuesday,14440.78,12274.663
2025-06-03,ORD025555,CUST00536,P014,Keyboard,Electronics,Bengaluru,Online,Debit Card,1,2543.58,0.0,2543.58,2543.58,0,560.69,2025,6,June,Tuesday,2543.58,2543.58
2025-06-03,ORD044649,CUST04520,P015,Dining Table,Furniture,Kolkata,Online,Credit Card,1,22264.3,0.05,22264.3,21151.08,0,3847.27,2025,6,June,Tuesday,22264.3,21151.085
2025-06-03,ORD010580,CUST03929,P013,Monitor,Electronics,Delhi,Online,Credit Card,1,18915.43,0.0,18915.43,18915.43,0,5028.81,2025,6,June,Tuesday,18915.43,18915.43
2025-06-03,ORD024269,CUST02509,P009,T-Shirt,Fashion,Chennai,Store,Net Banking,2,1246.96,0.1,2493.92,2244.53,0,416.96,2025,6,June,Tuesday,2493.92,2244.5280000000002
2025-06-04,ORD023208,CUST02010,P005,Office Chair,Furniture,Hyderabad,Online,Credit Card,1,9780.82,0.05,9780.82,9291.78,0,1336.31,2025,6,June,Wednesday,9780.82,9291.778999999999
2025-06-04,ORD036373,CUST00037,P010,Coffee Maker,Home,Chennai,Online,Credit Card,1,5228.34,0.05,5228.34,4966.92,0,917.01,2025,6,June,Wednesday,5228.34,4966.923
2025-06-04,ORD015756,CUST01391,P012,Air Fryer,Home,Chennai,Store,UPI,2,7107.65,0.1,14215.3,12793.77,0,2938.44,2025,6,June,Wednesday,14215.3,12793.77
2025-06-04,ORD000744,CUST00993,P011,Mixer Grinder,Home,Bengaluru,Store,Credit Card,1,4355.16,0.1,4355.16,3919.64,0,948.1,2025,6,June,Wednesday,4355.16,3919.644
2025-06-04,ORD003180,CUST01814,P013,Monitor,Electronics,Hyderabad,Store,UPI,1,16308.74,0.05,16308.74,15493.3,0,3173.93,2025,6,June,Wednesday,16308.74,15493.303
2025-06-04,ORD020026,CUST01226,P010,Coffee Maker,Home,Bengaluru,Store,Credit Card,3,5027.35,0.0,15082.05,15082.05,0,4257.38,2025,6,June,Wednesday,15082.050000000001,15082.05
2025-06-04,ORD034204,CUST00996,P003,Headphones,Electronics,Mumbai,Online,Credit Card,2,4861.49,0.05,9722.98,9236.83,0,1999.38,2025,6,June,Wednesday,9722.98,9236.830999999998
2025-06-04,ORD023172,CUST01290,P003,Headphones,Electronics,Mumbai,Online,Credit Card,1,4930.76,0.05,4930.76,4684.22,0,1322.51,2025,6,June,Wednesday,4930.76,4684.222
2025-06-04,ORD003167,CUST04788,P015,Dining Table,Furniture,Bengaluru,Store,Debit Card,1,20685.18,0.05,20685.18,19650.92,0,1423.81,2025,6,June,Wednesday,20685.18,19650.921
2025-06-04,ORD004727,CUST02672,P017,Jeans,Fashion,Kolkata,Online,Cash,1,3015.67,0.2,3015.67,2412.54,0,129.37,2025,6,June,Wednesday,3015.67,2412.536
2025-06-04,ORD005394,CUST04490,P009,T-Shirt,Fashion,Delhi,Store,Cash,5,1289.39,0.05,6446.95,6124.6,0,1171.42,2025,6,June,Wednesday,6446.950000000001,6124.6025
2025-06-04,ORD021959,CUST03799,P020,Microwave,Home,Delhi,Store,UPI,2,11145.5,0.0,22291.0,22291.0,1,-1114.55,2025,6,June,Wednesday,22291.0,22291.0
2025-06-04,ORD041081,CUST04110,P012,Air Fryer,Home,Kolkata,Store,UPI,1,6710.2,0.1,6710.2,6039.18,0,1601.14,2025,6,June,Wednesday,6710.2,6039.18
2025-06-04,ORD036464,CUST03254,P004,Smartwatch,Electronics,Kolkata,Online,UPI,1,6514.38,0.2,6514.38,5211.5,0,849.71,2025,6,June,Wednesday,6514.38,5211.504000000001
2025-06-04,ORD014541,CUST04100,P017,Jeans,Fashion,Surat,Store,UPI,2,3017.46,0.1,6034.92,5431.43,0,563.13,2025,6,June,Wednesday,6034.92,5431.428
2025-06-04,ORD049968,CUST04247,P015,Dining Table,Furniture,Ahmedabad,Store,Debit Card,1,22913.11,0.1,22913.11,20621.8,0,3268.44,2025,6,June,Wednesday,22913.11,20621.799000000003
2025-06-04,ORD039456,CUST04186,P016,Sofa,Furniture,Mumbai,Online,UPI,2,31567.38,0.0,63134.76,63134.76,0,12043.27,2025,6,June,Wednesday,63134.76,63134.76
2025-06-04,ORD039552,CUST00708,P016,Sofa,Furniture,Pune,Store,Credit Card,2,34470.57,0.05,68941.14,65494.08,0,18914.03,2025,6,June,Wednesday,68941.14,65494.083
2025-06-04,ORD033056,CUST01060,P016,Sofa,Furniture,Surat,Store,UPI,1,32947.16,0.1,32947.16,29652.44,0,6449.57,2025,6,June,Wednesday,32947.16,29652.444000000003
2025-06-04,ORD021935,CUST02806,P001,Laptop,Electronics,Ahmedabad,Online,UPI,1,60531.01,0.1,60531.01,54477.91,0,15159.38,2025,6,June,Wednesday,60531.01,54477.909
2025-06-04,ORD027596,CUST01173,P013,Monitor,Electronics,Hyderabad,Store,UPI,1,16983.54,0.0,16983.54,16983.54,0,1802.97,2025,6,June,Wednesday,16983.54,16983.54
2025-06-04,ORD013194,CUST02925,P008,Running Shoes,Fashion,Mumbai,Online,Cash,5,4235.58,0.1,21177.9,19060.11,1,-953.01,2025,6,June,Wednesday,21177.9,19060.11
2025-06-04,ORD046332,CUST04763,P014,Keyboard,Electronics,Jaipur,Store,UPI,1,2331.23,0.2,2331.23,1864.98,0,423.51,2025,6,June,Wednesday,2331.23,1864.9840000000002
2025-06-04,ORD030789,CUST00793,P018,Jacket,Fashion,Ahmedabad,Online,Cash,3,4966.03,0.1,14898.09,13408.28,0,1537.93,2025,6,June,Wednesday,14898.09,13408.281
2025-06-04,ORD038038,CUST04323,P003,Headphones,Electronics,Hyderabad,Store,Credit Card,1,4172.73,0.15,4172.73,3546.82,0,371.2,2025,6,June,Wednesday,4172.73,3546.8204999999994
2025-06-04,ORD004513,CUST04373,P020,Microwave,Home,Kolkata,Online,Credit Card,3,11618.94,0.1,34856.82,31371.14,0,2943.62,2025,6,June,Wednesday,34856.82,31371.138
2025-06-04,ORD005054,CUST02061,P004,Smartwatch,Electronics,Hyderabad,Store,Debit Card,2,7577.23,0.1,15154.46,13639.01,0,1313.26,2025,6,June,Wednesday,15154.46,13639.014
2025-06-04,ORD030489,CUST04719,P019,Vacuum Cleaner,Home,Kolkata,Online,Cash,5,9118.86,0.05,45594.3,43314.58,0,8800.22,2025,6,June,Wednesday,45594.3,43314.585
2025-06-04,ORD007091,CUST03662,P017,Jeans,Fashion,Ahmedabad,Online,Cash,2,3028.21,0.2,6056.42,4845.14,0,473.55,2025,6,June,Wednesday,6056.42,4845.136
2025-06-04,ORD044737,CUST00920,P004,Smartwatch,Electronics,Kolkata,Online,Debit Card,1,7671.97,0.05,7671.97,7288.37,1,-364.42,2025,6,June,Wednesday,7671.97,7288.3715
2025-06-04,ORD013187,CUST00058,P011,Mixer Grinder,Home,Hyderabad,Store,UPI,1,5142.11,0.25,5142.11,3856.58,1,-192.83,2025,6,June,Wednesday,5142.11,3856.5824999999995
2025-06-04,ORD023012,CUST00396,P014,Keyboard,Electronics,Bengaluru,Online,UPI,2,2644.89,0.1,5289.78,4760.8,0,1000.61,2025,6,June,Wednesday,5289.78,4760.802
2025-06-04,ORD041330,CUST03658,P020,Microwave,Home,Bengaluru,Online,Cash,2,10280.05,0.0,20560.1,20560.1,0,2008.69,2025,6,June,Wednesday,20560.1,20560.1
2025-06-04,ORD045045,CUST02391,P005,Office Chair,Furniture,Bengaluru,Online,UPI,1,9368.83,0.05,9368.83,8900.39,0,887.06,2025,6,June,Wednesday,9368.83,8900.3885
2025-06-04,ORD017503,CUST03948,P008,Running Shoes,Fashion,Delhi,Online,Cash,1,3905.42,0.05,3905.42,3710.15,0,997.39,2025,6,June,Wednesday,3905.42,3710.149
2025-06-04,ORD020422,CUST02205,P010,Coffee Maker,Home,Surat,Store,Net Banking,1,5766.38,0.0,5766.38,5766.38,0,1016.29,2025,6,June,Wednesday,5766.38,5766.38
2025-06-04,ORD016765,CUST02603,P007,Backpack,Accessories,Bengaluru,Store,UPI,3,2160.55,0.25,6481.65,4861.24,0,625.37,2025,6,June,Wednesday,6481.650000000001,4861.237499999999
2025-06-04,ORD044428,CUST04866,P012,Air Fryer,Home,Hyderabad,Store,UPI,1,6526.64,0.15,6526.64,5547.64,0,454.35,2025,6,June,Wednesday,6526.64,5547.644
2025-06-04,ORD009972,CUST03359,P015,Dining Table,Furniture,Ahmedabad,Online,Cash,1,21646.74,0.1,21646.74,19482.07,0,2339.29,2025,6,June,Wednesday,21646.74,19482.066000000003
2025-06-04,ORD041225,CUST00433,P005,Office Chair,Furniture,Chennai,Online,Debit Card,1,9376.82,0.0,9376.82,9376.82,0,1915.88,2025,6,June,Wednesday,9376.82,9376.82
2025-06-04,ORD004140,CUST03392,P003,Headphones,Electronics,Chennai,Store,Net Banking,1,4845.92,0.1,4845.92,4361.33,0,982.06,2025,6,June,Wednesday,4845.92,4361.328
2025-06-04,ORD001500,CUST02650,P010,Coffee Maker,Home,Kolkata,Store,UPI,1,5397.19,0.05,5397.19,5127.33,0,1417.99,2025,6,June,Wednesday,5397.19,5127.330499999999
2025-06-04,ORD021904,CUST02363,P018,Jacket,Fashion,Jaipur,Online,Debit Card,1,5282.04,0.0,5282.04,5282.04,0,738.44,2025,6,June,Wednesday,5282.04,5282.04
2025-06-04,ORD021937,CUST00650,P019,Vacuum Cleaner,Home,Hyderabad,Online,UPI,4,8741.68,0.0,34966.72,34966.72,0,7640.92,2025,6,June,Wednesday,34966.72,34966.72
2025-06-04,ORD024005,CUST01110,P011,Mixer Grinder,Home,Mumbai,Store,UPI,3,4537.53,0.0,13612.59,13612.59,0,4059.65,2025,6,June,Wednesday,13612.59,13612.59
2025-06-04,ORD028738,CUST01552,P008,Running Shoes,Fashion,Delhi,Store,Credit Card,1,3805.71,0.15,3805.71,3234.85,0,234.13,2025,6,June,Wednesday,3805.71,3234.8535
2025-06-04,ORD007450,CUST03725,P007,Backpack,Accessories,Bengaluru,Store,Credit Card,1,2226.67,0.15,2226.67,1892.67,0,466.5,2025,6,June,Wednesday,2226.67,1892.6695
2025-06-04,ORD003811,CUST01524,P009,T-Shirt,Fashion,Delhi,Store,UPI,1,1200.9,0.1,1200.9,1080.81,1,-54.04,2025,6,June,Wednesday,1200.9,1080.8100000000002
2025-06-04,ORD044386,CUST01103,P014,Keyboard,Electronics,Ahmedabad,Online,UPI,1,2546.78,0.1,2546.78,2292.1,0,565.41,2025,6,June,Wednesday,2546.78,2292.1020000000003
2025-06-04,ORD034382,CUST04096,P010,Coffee Maker,Home,Ahmedabad,Store,UPI,1,5422.47,0.05,5422.47,5151.35,0,720.43,2025,6,June,Wednesday,5422.47,5151.3465
2025-06-04,ORD033460,CUST00520,P008,Running Shoes,Fashion,Ahmedabad,Online,UPI,2,4196.75,0.1,8393.5,7554.15,0,538.88,2025,6,June,Wednesday,8393.5,7554.150000000001
2025-06-04,ORD025284,CUST00792,P005,Office Chair,Furniture,Ahmedabad,Online,UPI,1,8579.82,0.05,8579.82,8150.83,0,1270.26,2025,6,June,Wednesday,8579.82,8150.829
2025-06-04,ORD043109,CUST01765,P008,Running Shoes,Fashion,Surat,Online,UPI,1,4421.84,0.15,4421.84,3758.56,0,952.25,2025,6,June,Wednesday,4421.84,3758.564
2025-06-04,ORD049001,CUST00779,P005,Office Chair,Furniture,Bengaluru,Store,Debit Card,3,10096.39,0.15,30289.17,25745.79,0,6352.86,2025,6,June,Wednesday,30289.17,25745.794499999996
2025-06-04,ORD023122,CUST00298,P001,Laptop,Electronics,Kolkata,Online,UPI,1,63856.43,0.2,63856.43,51085.14,0,13168.45,2025,6,June,Wednesday,63856.43,51085.144
2025-06-04,ORD002564,CUST02545,P016,Sofa,Furniture,Ahmedabad,Online,Credit Card,1,38215.76,0.25,38215.76,28661.82,0,2727.9,2025,6,June,Wednesday,38215.76,28661.82
2025-06-04,ORD005440,CUST04939,P010,Coffee Maker,Home,Delhi,Online,Credit Card,2,5644.4,0.1,11288.8,10159.92,1,-508.0,2025,6,June,Wednesday,11288.8,10159.92
2025-06-04,ORD012641,CUST01039,P015,Dining Table,Furniture,Chennai,Store,Cash,2,21744.99,0.05,43489.98,41315.48,0,4193.45,2025,6,June,Wednesday,43489.98,41315.481
2025-06-04,ORD010283,CUST01436,P006,Desk,Furniture,Mumbai,Online,UPI,5,12237.01,0.05,61185.05,58125.8,0,15511.16,2025,6,June,Wednesday,61185.05,58125.7975
2025-06-04,ORD025525,CUST04680,P007,Backpack,Accessories,Jaipur,Online,Debit Card,4,2364.16,0.05,9456.64,8983.81,0,1740.46,2025,6,June,Wednesday,9456.64,8983.807999999999
2025-06-04,ORD045232,CUST04809,P012,Air Fryer,Home,Pune,Store,UPI,2,7864.63,0.0,15729.26,15729.26,0,3501.42,2025,6,June,Wednesday,15729.26,15729.26
2025-06-04,ORD044875,CUST02652,P017,Jeans,Fashion,Bengaluru,Online,UPI,1,2769.55,0.15,2769.55,2354.12,0,310.3,2025,6,June,Wednesday,2769.55,2354.1175000000003
2025-06-04,ORD033065,CUST03639,P010,Coffee Maker,Home,Pune,Online,Credit Card,1,5961.39,0.25,5961.39,4471.04,0,669.32,2025,6,June,Wednesday,5961.39,4471.0425000000005
2025-06-04,ORD028660,CUST04450,P019,Vacuum Cleaner,Home,Jaipur,Online,Net Banking,1,8817.14,0.0,8817.14,8817.14,0,1063.81,2025,6,June,Wednesday,8817.14,8817.14
2025-06-04,ORD043605,CUST02238,P017,Jeans,Fashion,Chennai,Store,Cash,1,2710.43,0.1,2710.43,2439.39,0,495.87,2025,6,June,Wednesday,2710.43,2439.3869999999997
2025-06-05,ORD023900,CUST01860,P010,Coffee Maker,Home,Jaipur,Store,Net Banking,1,5159.81,0.05,5159.81,4901.82,0,757.7,2025,6,June,Thursday,5159.81,4901.8195000000005
2025-06-05,ORD007569,CUST03553,P015,Dining Table,Furniture,Mumbai,Online,Credit Card,1,21081.32,0.1,21081.32,18973.19,0,2790.73,2025,6,June,Thursday,21081.32,18973.188000000002
2025-06-05,ORD014122,CUST04625,P006,Desk,Furniture,Delhi,Online,UPI,4,11785.41,0.05,47141.64,44784.56,1,-2239.23,2025,6,June,Thursday,47141.64,44784.558
2025-06-05,ORD005862,CUST02280,P006,Desk,Furniture,Jaipur,Online,UPI,1,11288.94,0.15,11288.94,9595.6,0,1086.98,2025,6,June,Thursday,11288.94,9595.599
2025-06-05,ORD022924,CUST04790,P007,Backpack,Accessories,Mumbai,Online,Credit Card,2,2271.15,0.1,4542.3,4088.07,0,593.77,2025,6,June,Thursday,4542.3,4088.07
2025-06-05,ORD037731,CUST02755,P017,Jeans,Fashion,Pune,Online,Credit Card,1,2592.42,0.0,2592.42,2592.42,0,366.36,2025,6,June,Thursday,2592.42,2592.42
2025-06-05,ORD008597,CUST03922,P007,Backpack,Accessories,Jaipur,Store,Debit Card,1,2414.37,0.2,2414.37,1931.5,0,161.79,2025,6,June,Thursday,2414.37,1931.496
2025-06-05,ORD013234,CUST01935,P017,Jeans,Fashion,Chennai,Online,UPI,2,2542.72,0.15,5085.44,4322.62,0,484.24,2025,6,June,Thursday,5085.44,4322.624
2025-06-05,ORD014975,CUST00969,P016,Sofa,Furniture,Surat,Online,UPI,1,37899.97,0.25,37899.97,28424.98,1,-1421.25,2025,6,June,Thursday,37899.97,28424.9775
2025-06-05,ORD040479,CUST01590,P016,Sofa,Furniture,Chennai,Store,Credit Card,2,32783.08,0.0,65566.16,65566.16,0,12571.01,2025,6,June,Thursday,65566.16,65566.16
2025-06-05,ORD010473,CUST00891,P015,Dining Table,Furniture,Bengaluru,Store,Credit Card,1,20303.91,0.0,20303.91,20303.91,0,3376.92,2025,6,June,Thursday,20303.91,20303.91
2025-06-05,ORD012073,CUST03436,P010,Coffee Maker,Home,Pune,Online,Credit Card,2,5185.6,0.05,10371.2,9852.64,0,2259.47,2025,6,June,Thursday,10371.2,9852.64
2025-06-05,ORD005453,CUST03997,P010,Coffee Maker,Home,Pune,Store,Debit Card,1,5726.61,0.0,5726.61,5726.61,0,686.33,2025,6,June,Thursday,5726.61,5726.61
2025-06-05,ORD023748,CUST00269,P011,Mixer Grinder,Home,Delhi,Store,UPI,1,4425.51,0.0,4425.51,4425.51,0,1005.47,2025,6,June,Thursday,4425.51,4425.51
2025-06-05,ORD021106,CUST02339,P013,Monitor,Electronics,Delhi,Store,Credit Card,1,19216.23,0.05,19216.23,18255.42,0,3582.42,2025,6,June,Thursday,19216.23,18255.4185
2025-06-05,ORD037019,CUST01450,P015,Dining Table,Furniture,Mumbai,Online,UPI,2,20440.97,0.2,40881.94,32705.55,0,4438.26,2025,6,June,Thursday,40881.94,32705.552000000003
2025-06-05,ORD032442,CUST02548,P003,Headphones,Electronics,Bengaluru,Store,UPI,2,4541.6,0.1,9083.2,8174.88,0,1460.83,2025,6,June,Thursday,9083.2,8174.880000000001
2025-06-05,ORD049018,CUST01774,P008,Running Shoes,Fashion,Chennai,Store,UPI,1,3783.52,0.1,3783.52,3405.17,0,220.8,2025,6,June,Thursday,3783.52,3405.168
2025-06-05,ORD003381,CUST01915,P013,Monitor,Electronics,Chennai,Store,Credit Card,1,17360.91,0.0,17360.91,17360.91,0,2057.63,2025,6,June,Thursday,17360.91,17360.91
2025-06-05,ORD046309,CUST00313,P003,Headphones,Electronics,Jaipur,Store,UPI,1,4470.74,0.2,4470.74,3576.59,0,354.65,2025,6,June,Thursday,4470.74,3576.592
2025-06-05,ORD006329,CUST04956,P009,T-Shirt,Fashion,Bengaluru,Online,Debit Card,1,1111.2,0.15,1111.2,944.52,0,200.24,2025,6,June,Thursday,1111.2,944.52
2025-06-05,ORD015796,CUST00158,P009,T-Shirt,Fashion,Bengaluru,Store,UPI,1,1247.01,0.0,1247.01,1247.01,0,131.94,2025,6,June,Thursday,1247.01,1247.01
2025-06-05,ORD017395,CUST03017,P011,Mixer Grinder,Home,Surat,Online,Net Banking,2,5276.66,0.05,10553.32,10025.65,0,2372.96,2025,6,June,Thursday,10553.32,10025.653999999999
2025-06-05,ORD036337,CUST01372,P006,Desk,Furniture,Chennai,Online,Credit Card,1,11344.87,0.1,11344.87,10210.38,0,2416.94,2025,6,June,Thursday,11344.87,10210.383000000002
2025-06-05,ORD041338,CUST00758,P019,Vacuum Cleaner,Home,Ahmedabad,Store,Credit Card,2,9748.3,0.05,19496.6,18521.77,0,1872.61,2025,6,June,Thursday,19496.6,18521.769999999997
2025-06-05,ORD009347,CUST02928,P008,Running Shoes,Fashion,Pune,Online,Debit Card,1,4366.63,0.0,4366.63,4366.63,0,735.0,2025,6,June,Thursday,4366.63,4366.63
2025-06-05,ORD014737,CUST02576,P001,Laptop,Electronics,Ahmedabad,Online,Debit Card,1,60242.0,0.15,60242.0,51205.7,0,9664.96,2025,6,June,Thursday,60242.0,51205.7
2025-06-05,ORD013680,CUST00279,P013,Monitor,Electronics,Surat,Store,UPI,1,16942.26,0.05,16942.26,16095.15,0,2353.17,2025,6,June,Thursday,16942.26,16095.146999999997
2025-06-05,ORD026010,CUST04085,P011,Mixer Grinder,Home,Mumbai,Store,Credit Card,2,4578.32,0.1,9156.64,8240.98,0,1897.64,2025,6,June,Thursday,9156.64,8240.976
2025-06-05,ORD033570,CUST03201,P005,Office Chair,Furniture,Surat,Store,UPI,1,8654.66,0.1,8654.66,7789.19,0,1049.96,2025,6,June,Thursday,8654.66,7789.194
2025-06-05,ORD011074,CUST02374,P007,Backpack,Accessories,Mumbai,Online,UPI,1,2231.62,0.05,2231.62,2120.04,0,405.48,2025,6,June,Thursday,2231.62,2120.0389999999998
2025-06-05,ORD025192,CUST04924,P003,Headphones,Electronics,Jaipur,Online,UPI,1,4833.7,0.05,4833.7,4592.01,0,351.23,2025,6,June,Thursday,4833.7,4592.014999999999
2025-06-05,ORD010756,CUST03832,P006,Desk,Furniture,Jaipur,Store,UPI,1,11571.47,0.0,11571.47,11571.47,0,3364.33,2025,6,June,Thursday,11571.47,11571.47
2025-06-05,ORD032697,CUST03355,P018,Jacket,Fashion,Kolkata,Online,UPI,1,4915.92,0.1,4915.92,4424.33,0,1165.4,2025,6,June,Thursday,4915.92,4424.328
2025-06-05,ORD048789,CUST00447,P011,Mixer Grinder,Home,Jaipur,Online,Credit Card,1,4444.03,0.1,4444.03,3999.63,0,890.1,2025,6,June,Thursday,4444.03,3999.627
2025-06-05,ORD016700,CUST03426,P013,Monitor,Electronics,Kolkata,Online,Credit Card,1,18732.88,0.05,18732.88,17796.24,0,4543.62,2025,6,June,Thursday,18732.88,17796.236
2025-06-05,ORD026875,CUST03559,P004,Smartwatch,Electronics,Ahmedabad,Online,Cash,1,7660.62,0.05,7660.62,7277.59,0,1574.16,2025,6,June,Thursday,7660.62,7277.589
2025-06-05,ORD004580,CUST00750,P009,T-Shirt,Fashion,Surat,Store,Debit Card,1,1285.46,0.1,1285.46,1156.91,0,176.6,2025,6,June,Thursday,1285.46,1156.914
2025-06-05,ORD039163,CUST03239,P009,T-Shirt,Fashion,Delhi,Store,Net Banking,1,1140.57,0.0,1140.57,1140.57,0,218.97,2025,6,June,Thursday,1140.57,1140.57
2025-06-05,ORD002105,CUST04821,P001,Laptop,Electronics,Ahmedabad,Online,Credit Card,2,71474.93,0.15,142949.86,121507.38,0,20978.22,2025,6,June,Thursday,142949.86,121507.38099999998
2025-06-05,ORD000856,CUST04879,P013,Monitor,Electronics,Chennai,Online,Debit Card,1,16229.51,0.25,16229.51,12172.13,0,2858.58,2025,6,June,Thursday,16229.51,12172.1325
2025-06-05,ORD021722,CUST02582,P003,Headphones,Electronics,Pune,Online,UPI,1,4532.74,0.15,4532.74,3852.83,0,198.33,2025,6,June,Thursday,4532.74,3852.8289999999997
2025-06-05,ORD040683,CUST03749,P008,Running Shoes,Fashion,Jaipur,Online,UPI,1,4102.01,0.15,4102.01,3486.71,0,498.53,2025,6,June,Thursday,4102.01,3486.7085
2025-06-05,ORD004730,CUST01531,P006,Desk,Furniture,Hyderabad,Store,Credit Card,2,10910.4,0.1,21820.8,19638.72,1,-981.94,2025,6,June,Thursday,21820.8,19638.72
2025-06-05,ORD017674,CUST03926,P020,Microwave,Home,Surat,Store,Credit Card,2,11067.46,0.0,22134.92,22134.92,0,5204.55,2025,6,June,Thursday,22134.92,22134.92
2025-06-05,ORD030477,CUST02955,P012,Air Fryer,Home,Bengaluru,Online,UPI,2,6494.37,0.0,12988.74,12988.74,0,3627.59,2025,6,June,Thursday,12988.74,12988.74
2025-06-05,ORD013264,CUST04256,P001,Laptop,Electronics,Bengaluru,Store,Credit Card,1,66036.08,0.1,66036.08,59432.47,0,11304.26,2025,6,June,Thursday,66036.08,59432.472
2025-06-05,ORD008417,CUST03773,P010,Coffee Maker,Home,Hyderabad,Online,Credit Card,2,5564.29,0.05,11128.58,10572.15,0,2726.88,2025,6,June,Thursday,11128.58,10572.151
2025-06-05,ORD027350,CUST04634,P006,Desk,Furniture,Ahmedabad,Store,UPI,1,11068.95,0.25,11068.95,8301.71,0,717.47,2025,6,June,Thursday,11068.95,8301.712500000001
2025-06-05,ORD006076,CUST04965,P003,Headphones,Electronics,Kolkata,Online,UPI,1,4449.83,0.15,4449.83,3782.36,0,246.99,2025,6,June,Thursday,4449.83,3782.3554999999997
2025-06-05,ORD049156,CUST01643,P008,Running Shoes,Fashion,Chennai,Store,UPI,1,4598.67,0.1,4598.67,4138.8,0,354.89,2025,6,June,Thursday,4598.67,4138.803
2025-06-05,ORD041283,CUST00818,P009,T-Shirt,Fashion,Pune,Store,Debit Card,1,1295.14,0.1,1295.14,1165.63,0,201.13,2025,6,June,Thursday,1295.14,1165.6260000000002
2025-06-05,ORD035142,CUST03174,P015,Dining Table,Furniture,Ahmedabad,Online,Net Banking,1,21887.02,0.2,21887.02,17509.62,0,1191.33,2025,6,June,Thursday,21887.02,17509.616
2025-06-05,ORD038826,CUST02440,P001,Laptop,Electronics,Surat,Store,Credit Card,3,59714.1,0.0,179142.3,179142.3,1,-8957.12,2025,6,June,Thursday,179142.3,179142.3
2025-06-05,ORD046261,CUST01169,P020,Microwave,Home,Surat,Store,UPI,1,10759.84,0.15,10759.84,9145.86,0,1372.1,2025,6,June,Thursday,10759.84,9145.864
2025-06-05,ORD014022,CUST03793,P005,Office Chair,Furniture,Bengaluru,Online,UPI,1,9166.69,0.0,9166.69,9166.69,0,1150.07,2025,6,June,Thursday,9166.69,9166.69
2025-06-05,ORD049501,CUST03662,P013,Monitor,Electronics,Mumbai,Store,Cash,4,17809.42,0.1,71237.68,64113.91,0,16831.08,2025,6,June,Thursday,71237.68,64113.912
2025-06-05,ORD014988,CUST00553,P009,T-Shirt,Fashion,Kolkata,Online,Credit Card,3,1318.78,0.05,3956.34,3758.52,0,336.86,2025,6,June,Thursday,3956.34,3758.523
2025-06-05,ORD040583,CUST02690,P001,Laptop,Electronics,Chennai,Store,Cash,1,67644.37,0.1,67644.37,60879.93,0,16798.01,2025,6,June,Thursday,67644.37,60879.933
2025-06-05,ORD025026,CUST01662,P008,Running Shoes,Fashion,Surat,Online,UPI,4,4542.47,0.05,18169.88,17261.39,0,2133.55,2025,6,June,Thursday,18169.88,17261.386
2025-06-05,ORD015388,CUST00406,P004,Smartwatch,Electronics,Hyderabad,Online,Net Banking,1,7041.47,0.1,7041.47,6337.32,1,-316.87,2025,6,June,Thursday,7041.47,6337.323
2025-06-05,ORD039018,CUST03037,P016,Sofa,Furniture,Mumbai,Online,UPI,2,37885.67,0.0,75771.34,75771.34,0,17540.9,2025,6,June,Thursday,75771.34,75771.34
2025-06-05,ORD024132,CUST04924,P017,Jeans,Fashion,Hyderabad,Store,UPI,1,2856.15,0.2,2856.15,2284.92,0,555.16,2025,6,June,Thursday,2856.15,2284.92
2025-06-05,ORD013038,CUST01222,P009,T-Shirt,Fashion,Delhi,Online,UPI,1,1206.75,0.0,1206.75,1206.75,0,335.39,2025,6,June,Thursday,1206.75,1206.75
2025-06-05,ORD010418,CUST03904,P016,Sofa,Furniture,Mumbai,Store,UPI,1,35030.48,0.1,35030.48,31527.43,0,3075.8,2025,6,June,Thursday,35030.48,31527.432000000004
2025-06-05,ORD049839,CUST00676,P013,Monitor,Electronics,Bengaluru,Online,UPI,2,19625.88,0.1,39251.76,35326.58,0,4949.87,2025,6,June,Thursday,39251.76,35326.584
2025-06-05,ORD007183,CUST00003,P017,Jeans,Fashion,Surat,Online,Credit Card,1,2779.68,0.1,2779.68,2501.71,0,494.4,2025,6,June,Thursday,2779.68,2501.712
2025-06-05,ORD006129,CUST01906,P019,Vacuum Cleaner,Home,Pune,Store,UPI,1,9239.82,0.1,9239.82,8315.84,0,611.42,2025,6,June,Thursday,9239.82,8315.838
2025-06-05,ORD009615,CUST03756,P017,Jeans,Fashion,Jaipur,Online,UPI,4,3002.4,0.15,12009.6,10208.16,0,1796.38,2025,6,June,Thursday,12009.6,10208.16
2025-06-05,ORD022889,CUST04086,P015,Dining Table,Furniture,Ahmedabad,Online,Credit Card,2,23922.17,0.1,47844.34,43059.91,0,9278.17,2025,6,June,Thursday,47844.34,43059.905999999995
2025-06-05,ORD006460,CUST01281,P013,Monitor,Electronics,Ahmedabad,Online,UPI,2,16336.8,0.0,32673.6,32673.6,0,8327.98,2025,6,June,Thursday,32673.6,32673.6
2025-06-05,ORD016829,CUST03168,P020,Microwave,Home,Ahmedabad,Store,Credit Card,1,10314.35,0.05,10314.35,9798.63,0,2432.23,2025,6,June,Thursday,10314.35,9798.6325
2025-06-05,ORD047569,CUST04040,P001,Laptop,Electronics,Kolkata,Online,UPI,4,68851.03,0.0,275404.12,275404.12,1,-13770.21,2025,6,June,Thursday,275404.12,275404.12
2025-06-05,ORD023686,CUST03585,P004,Smartwatch,Electronics,Hyderabad,Online,Cash,1,6719.69,0.15,6719.69,5711.74,0,405.51,2025,6,June,Thursday,6719.69,5711.736499999999
2025-06-05,ORD041239,CUST03205,P002,Smartphone,Electronics,Surat,Online,UPI,1,25324.82,0.1,25324.82,22792.34,0,4591.75,2025,6,June,Thursday,25324.82,22792.338
2025-06-05,ORD035260,CUST00554,P005,Office Chair,Furniture,Hyderabad,Online,UPI,4,9634.43,0.15,38537.72,32757.06,0,3424.01,2025,6,June,Thursday,38537.72,32757.062
2025-06-05,ORD031557,CUST02451,P004,Smartwatch,Electronics,Chennai,Store,UPI,1,6916.36,0.0,6916.36,6916.36,1,-345.82,2025,6,June,Thursday,6916.36,6916.36
2025-06-05,ORD039300,CUST01280,P007,Backpack,Accessories,Kolkata,Store,UPI,2,2325.37,0.15,4650.74,3953.13,0,864.63,2025,6,June,Thursday,4650.74,3953.129
2025-06-05,ORD024198,CUST02906,P012,Air Fryer,Home,Pune,Online,Credit Card,1,6951.57,0.15,6951.57,5908.83,0,1338.59,2025,6,June,Thursday,6951.57,5908.8345
2025-06-05,ORD012327,CUST00639,P001,Laptop,Electronics,Surat,Online,Credit Card,2,62242.43,0.15,124484.86,105812.13,0,5733.97,2025,6,June,Thursday,124484.86,105812.131
2025-06-05,ORD038265,CUST02022,P005,Office Chair,Furniture,Ahmedabad,Online,UPI,4,10072.3,0.1,40289.2,36260.28,0,9671.27,2025,6,June,Thursday,40289.2,36260.28
2025-06-06,ORD045717,CUST04206,P009,T-Shirt,Fashion,Ahmedabad,Online,Debit Card,4,1101.15,0.05,4404.6,4184.37,0,671.63,2025,6,June,Friday,4404.6,4184.37
2025-06-06,ORD030328,CUST01558,P010,Coffee Maker,Home,Mumbai,Online,Credit Card,1,5574.6,0.25,5574.6,4180.95,0,216.79,2025,6,June,Friday,5574.6,4180.950000000001
2025-06-06,ORD028354,CUST01314,P005,Office Chair,Furniture,Kolkata,Online,UPI,2,9038.63,0.05,18077.26,17173.4,0,3029.54,2025,6,June,Friday,18077.26,17173.396999999997
2025-06-06,ORD006356,CUST02389,P010,Coffee Maker,Home,Kolkata,Store,UPI,1,5980.68,0.0,5980.68,5980.68,0,1534.45,2025,6,June,Friday,5980.68,5980.68
2025-06-06,ORD007124,CUST00357,P016,Sofa,Furniture,Delhi,Store,Credit Card,3,32712.82,0.25,98138.46,73603.84,0,16649.74,2025,6,June,Friday,98138.45999999999,73603.845
2025-06-06,ORD036579,CUST04991,P013,Monitor,Electronics,Surat,Online,UPI,3,16483.52,0.05,49450.56,46978.03,0,5958.52,2025,6,June,Friday,49450.56,46978.03199999999
2025-06-06,ORD046089,CUST04538,P014,Keyboard,Electronics,Kolkata,Online,UPI,4,2713.95,0.15,10855.8,9227.43,0,2066.3,2025,6,June,Friday,10855.8,9227.429999999998
2025-06-06,ORD015073,CUST00545,P011,Mixer Grinder,Home,Chennai,Online,Net Banking,2,4924.51,0.1,9849.02,8864.12,0,630.66,2025,6,June,Friday,9849.02,8864.118
2025-06-06,ORD024854,CUST01276,P012,Air Fryer,Home,Jaipur,Online,Credit Card,1,6777.16,0.1,6777.16,6099.44,0,806.77,2025,6,June,Friday,6777.16,6099.444
2025-06-06,ORD018036,CUST01460,P009,T-Shirt,Fashion,Ahmedabad,Store,Cash,1,1152.98,0.1,1152.98,1037.68,0,221.36,2025,6,June,Friday,1152.98,1037.682
2025-06-06,ORD009266,CUST02342,P016,Sofa,Furniture,Surat,Online,Credit Card,1,35736.01,0.0,35736.01,35736.01,0,7803.44,2025,6,June,Friday,35736.01,35736.01
2025-06-06,ORD011541,CUST04260,P013,Monitor,Electronics,Pune,Online,Credit Card,1,18928.19,0.05,18928.19,17981.78,0,1585.48,2025,6,June,Friday,18928.19,17981.780499999997
2025-06-06,ORD038952,CUST03640,P006,Desk,Furniture,Kolkata,Store,Net Banking,1,10858.52,0.25,10858.52,8143.89,0,1215.43,2025,6,June,Friday,10858.52,8143.89
2025-06-06,ORD024125,CUST04101,P002,Smartphone,Electronics,Delhi,Store,Debit Card,1,27887.27,0.05,27887.27,26492.91,0,3333.73,2025,6,June,Friday,27887.27,26492.9065
2025-06-06,ORD027084,CUST01871,P008,Running Shoes,Fashion,Hyderabad,Online,Credit Card,2,4060.89,0.1,8121.78,7309.6,0,1652.79,2025,6,June,Friday,8121.78,7309.602
2025-06-06,ORD032903,CUST03588,P011,Mixer Grinder,Home,Ahmedabad,Store,UPI,1,5077.33,0.25,5077.33,3808.0,0,783.85,2025,6,June,Friday,5077.33,3807.9975
2025-06-06,ORD040746,CUST04497,P016,Sofa,Furniture,Kolkata,Store,UPI,1,33126.45,0.15,33126.45,28157.48,0,2073.15,2025,6,June,Friday,33126.45,28157.4825
2025-06-06,ORD039613,CUST01738,P005,Office Chair,Furniture,Delhi,Online,UPI,1,9124.64,0.15,9124.64,7755.94,0,2004.31,2025,6,June,Friday,9124.64,7755.9439999999995
2025-06-06,ORD009101,CUST01666,P008,Running Shoes,Fashion,Delhi,Online,UPI,2,4267.58,0.05,8535.16,8108.4,0,2141.75,2025,6,June,Friday,8535.16,8108.401999999999
2025-06-06,ORD019966,CUST03040,P012,Air Fryer,Home,Delhi,Store,UPI,5,6860.1,0.2,34300.5,27440.4,0,3441.71,2025,6,June,Friday,34300.5,27440.4
2025-06-06,ORD038425,CUST04213,P007,Backpack,Accessories,Jaipur,Online,Debit Card,1,2198.74,0.1,2198.74,1978.87,0,175.73,2025,6,June,Friday,2198.74,1978.8659999999998
2025-06-06,ORD048432,CUST04890,P006,Desk,Furniture,Kolkata,Online,Net Banking,1,11858.53,0.0,11858.53,11858.53,1,-592.93,2025,6,June,Friday,11858.53,11858.53
2025-06-06,ORD009129,CUST04797,P014,Keyboard,Electronics,Surat,Online,UPI,4,2366.86,0.15,9467.44,8047.32,0,581.82,2025,6,June,Friday,9467.44,8047.3240000000005
2025-06-06,ORD032902,CUST01536,P001,Laptop,Electronics,Bengaluru,Store,UPI,2,63188.61,0.1,126377.22,113739.5,0,7521.87,2025,6,June,Friday,126377.22,113739.498
2025-06-06,ORD030257,CUST02558,P015,Dining Table,Furniture,Delhi,Store,UPI,1,23697.27,0.0,23697.27,23697.27,0,2098.18,2025,6,June,Friday,23697.27,23697.27
2025-06-06,ORD001162,CUST00106,P012,Air Fryer,Home,Bengaluru,Online,UPI,1,7445.09,0.15,7445.09,6328.33,0,1134.18,2025,6,June,Friday,7445.09,6328.3265
2025-06-06,ORD001889,CUST04433,P016,Sofa,Furniture,Ahmedabad,Online,Debit Card,2,32214.81,0.0,64429.62,64429.62,0,6159.88,2025,6,June,Friday,64429.62,64429.62
2025-06-06,ORD018721,CUST02534,P014,Keyboard,Electronics,Ahmedabad,Store,Debit Card,2,2429.08,0.1,4858.16,4372.34,0,887.96,2025,6,June,Friday,4858.16,4372.344
2025-06-06,ORD033166,CUST02320,P015,Dining Table,Furniture,Hyderabad,Online,Cash,2,23854.35,0.05,47708.7,45323.26,0,12767.42,2025,6,June,Friday,47708.7,45323.26499999999
2025-06-06,ORD026877,CUST03724,P014,Keyboard,Electronics,Ahmedabad,Online,Credit Card,1,2337.72,0.1,2337.72,2103.95,0,213.5,2025,6,June,Friday,2337.72,2103.948
2025-06-06,ORD013894,CUST00073,P004,Smartwatch,Electronics,Delhi,Online,UPI,1,6348.79,0.1,6348.79,5713.91,0,1285.65,2025,6,June,Friday,6348.79,5713.911
2025-06-06,ORD036807,CUST03637,P006,Desk,Furniture,Ahmedabad,Store,Credit Card,1,10997.9,0.15,10997.9,9348.22,0,1984.3,2025,6,June,Friday,10997.9,9348.215
2025-06-06,ORD043390,CUST03991,P009,T-Shirt,Fashion,Chennai,Store,UPI,4,1242.61,0.05,4970.44,4721.92,0,678.92,2025,6,June,Friday,4970.44,4721.918
2025-06-06,ORD003314,CUST04445,P010,Coffee Maker,Home,Hyderabad,Online,UPI,1,5439.44,0.0,5439.44,5439.44,0,1453.14,2025,6,June,Friday,5439.44,5439.44
2025-06-06,ORD048825,CUST01554,P019,Vacuum Cleaner,Home,Hyderabad,Store,Cash,2,8635.54,0.1,17271.08,15543.97,0,3351.24,2025,6,June,Friday,17271.08,15543.972000000002
2025-06-06,ORD013223,CUST01105,P009,T-Shirt,Fashion,Chennai,Store,Cash,4,1311.35,0.05,5245.4,4983.13,0,1396.04,2025,6,June,Friday,5245.4,4983.129999999999
2025-06-06,ORD003926,CUST03356,P002,Smartphone,Electronics,Surat,Online,Credit Card,4,26188.64,0.05,104754.56,99516.83,0,19849.11,2025,6,June,Friday,104754.56,99516.832
2025-06-06,ORD028000,CUST03094,P015,Dining Table,Furniture,Pune,Online,Cash,1,21308.73,0.15,21308.73,18112.42,0,2724.4,2025,6,June,Friday,21308.73,18112.4205
2025-06-06,ORD008530,CUST01056,P002,Smartphone,Electronics,Pune,Online,Debit Card,1,27313.62,0.0,27313.62,27313.62,0,3077.71,2025,6,June,Friday,27313.62,27313.62
2025-06-06,ORD011670,CUST04340,P001,Laptop,Electronics,Chennai,Online,Credit Card,1,67531.61,0.05,67531.61,64155.03,0,4620.15,2025,6,June,Friday,67531.61,64155.0295
2025-06-06,ORD040679,CUST01310,P008,Running Shoes,Fashion,Jaipur,Store,Credit Card,1,3928.53,0.15,3928.53,3339.25,0,850.44,2025,6,June,Friday,3928.53,3339.2505
2025-06-06,ORD014062,CUST03994,P007,Backpack,Accessories,Pune,Store,Net Banking,1,2268.88,0.15,2268.88,1928.55,0,292.43,2025,6,June,Friday,2268.88,1928.548
2025-06-06,ORD018526,CUST00583,P005,Office Chair,Furniture,Jaipur,Online,Debit Card,1,8974.37,0.1,8974.37,8076.93,0,1082.52,2025,6,June,Friday,8974.37,8076.933000000001
2025-06-06,ORD024100,CUST00117,P016,Sofa,Furniture,Mumbai,Store,Debit Card,1,31998.36,0.0,31998.36,31998.36,0,4234.79,2025,6,June,Friday,31998.36,31998.36
2025-06-06,ORD047405,CUST04757,P014,Keyboard,Electronics,Bengaluru,Store,Credit Card,1,2539.7,0.05,2539.7,2412.71,0,579.18,2025,6,June,Friday,2539.7,2412.7149999999997
2025-06-06,ORD019309,CUST00557,P001,Laptop,Electronics,Delhi,Online,Credit Card,2,66754.38,0.0,133508.76,133508.76,0,11558.24,2025,6,June,Friday,133508.76,133508.76
2025-06-06,ORD047278,CUST01845,P014,Keyboard,Electronics,Jaipur,Online,Debit Card,1,2744.93,0.0,2744.93,2744.93,0,309.19,2025,6,June,Friday,2744.93,2744.93
2025-06-06,ORD037247,CUST00222,P001,Laptop,Electronics,Ahmedabad,Store,UPI,1,66492.6,0.15,66492.6,56518.71,0,3059.18,2025,6,June,Friday,66492.6,56518.71000000001
2025-06-06,ORD010339,CUST03677,P014,Keyboard,Electronics,Jaipur,Online,Net Banking,1,2330.26,0.05,2330.26,2213.75,0,271.23,2025,6,June,Friday,2330.26,2213.7470000000003
2025-06-06,ORD024611,CUST02854,P007,Backpack,Accessories,Pune,Online,Net Banking,3,2075.44,0.15,6226.32,5292.37,0,602.84,2025,6,June,Friday,6226.32,5292.371999999999
2025-06-06,ORD024245,CUST04548,P012,Air Fryer,Home,Delhi,Online,Cash,1,6925.4,0.2,6925.4,5540.32,0,1124.1,2025,6,June,Friday,6925.4,5540.32
2025-06-06,ORD031801,CUST01844,P020,Microwave,Home,Chennai,Online,Credit Card,3,11861.1,0.1,35583.3,32024.97,0,3381.56,2025,6,June,Friday,35583.3,32024.970000000005
2025-06-06,ORD018951,CUST02534,P020,Microwave,Home,Kolkata,Online,UPI,1,11364.36,0.1,11364.36,10227.92,0,2554.03,2025,6,June,Friday,11364.36,10227.924
2025-06-06,ORD007516,CUST03203,P001,Laptop,Electronics,Bengaluru,Online,UPI,3,69633.61,0.0,208900.83,208900.83,0,57304.33,2025,6,June,Friday,208900.83000000002,208900.83
2025-06-06,ORD015476,CUST03699,P016,Sofa,Furniture,Hyderabad,Online,Debit Card,1,32501.49,0.1,32501.49,29251.34,0,6179.7,2025,6,June,Friday,32501.49,29251.341
2025-06-06,ORD025625,CUST02701,P017,Jeans,Fashion,Chennai,Online,Credit Card,1,2860.31,0.1,2860.31,2574.28,0,177.22,2025,6,June,Friday,2860.31,2574.279
2025-06-06,ORD014722,CUST00925,P012,Air Fryer,Home,Chennai,Store,Credit Card,1,6673.1,0.1,6673.1,6005.79,0,1618.79,2025,6,June,Friday,6673.1,6005.790000000001
2025-06-06,ORD040454,CUST04550,P011,Mixer Grinder,Home,Ahmedabad,Store,Debit Card,1,4920.75,0.05,4920.75,4674.71,0,910.8,2025,6,June,Friday,4920.75,4674.7125
2025-06-06,ORD017766,CUST03867,P002,Smartphone,Electronics,Mumbai,Store,Credit Card,1,28284.23,0.2,28284.23,22627.38,0,2106.04,2025,6,June,Friday,28284.23,22627.384000000002
2025-06-06,ORD047936,CUST03653,P016,Sofa,Furniture,Surat,Online,UPI,1,33449.47,0.2,33449.47,26759.58,0,3870.47,2025,6,June,Friday,33449.47,26759.576
2025-06-06,ORD010862,CUST04764,P014,Keyboard,Electronics,Jaipur,Online,Debit Card,3,2279.22,0.05,6837.66,6495.78,0,1620.65,2025,6,June,Friday,6837.66,6495.776999999999
2025-06-06,ORD011245,CUST00830,P011,Mixer Grinder,Home,Kolkata,Store,Credit Card,5,4510.29,0.0,22551.45,22551.45,0,4326.79,2025,6,June,Friday,22551.45,22551.45
2025-06-06,ORD032962,CUST00149,P003,Headphones,Electronics,Hyderabad,Store,Cash,4,4431.4,0.0,17725.6,17725.6,0,3771.96,2025,6,June,Friday,17725.6,17725.6
2025-06-06,ORD022940,CUST01751,P015,Dining Table,Furniture,Jaipur,Online,UPI,1,22693.46,0.1,22693.46,20424.11,0,4615.08,2025,6,June,Friday,22693.46,20424.114
2025-06-06,ORD015897,CUST02871,P010,Coffee Maker,Home,Mumbai,Store,UPI,2,5487.96,0.05,10975.92,10427.12,0,1251.49,2025,6,June,Friday,10975.92,10427.124
2025-06-06,ORD004943,CUST00955,P001,Laptop,Electronics,Pune,Online,Credit Card,1,62617.76,0.15,62617.76,53225.1,0,10862.76,2025,6,June,Friday,62617.76,53225.096
2025-06-06,ORD010723,CUST03783,P009,T-Shirt,Fashion,Chennai,Online,UPI,2,1107.08,0.05,2214.16,2103.45,0,226.53,2025,6,June,Friday,2214.16,2103.4519999999998
2025-06-06,ORD020188,CUST00600,P015,Dining Table,Furniture,Hyderabad,Online,Debit Card,1,23125.82,0.1,23125.82,20813.24,0,2729.7,2025,6,June,Friday,23125.82,20813.238
2025-06-06,ORD011460,CUST02987,P009,T-Shirt,Fashion,Delhi,Online,UPI,2,1308.32,0.2,2616.64,2093.31,0,494.75,2025,6,June,Friday,2616.64,2093.312
2025-06-06,ORD011581,CUST00289,P012,Air Fryer,Home,Chennai,Store,UPI,1,6816.17,0.15,6816.17,5793.74,0,391.97,2025,6,June,Friday,6816.17,5793.7445
2025-06-06,ORD029012,CUST03611,P001,Laptop,Electronics,Surat,Online,UPI,1,62003.87,0.0,62003.87,62003.87,0,11153.37,2025,6,June,Friday,62003.87,62003.87
2025-06-07,ORD020444,CUST01578,P020,Microwave,Home,Pune,Store,Credit Card,1,10768.59,0.05,10768.59,10230.16,0,1128.4,2025,6,June,Saturday,10768.59,10230.1605
2025-06-07,ORD002003,CUST00756,P012,Air Fryer,Home,Bengaluru,Online,Credit Card,2,7011.0,0.15,14022.0,11918.7,0,2005.66,2025,6,June,Saturday,14022.0,11918.699999999999
2025-06-07,ORD027204,CUST04815,P016,Sofa,Furniture,Jaipur,Store,Credit Card,1,36166.97,0.1,36166.97,32550.27,0,3775.31,2025,6,June,Saturday,36166.97,32550.273
2025-06-07,ORD035090,CUST00472,P008,Running Shoes,Fashion,Jaipur,Online,UPI,3,3933.74,0.05,11801.22,11211.16,0,2086.56,2025,6,June,Saturday,11801.22,11211.159
2025-06-07,ORD022317,CUST02106,P017,Jeans,Fashion,Surat,Online,UPI,1,2877.81,0.1,2877.81,2590.03,0,282.81,2025,6,June,Saturday,2877.81,2590.029
2025-06-07,ORD049669,CUST00368,P013,Monitor,Electronics,Kolkata,Online,Credit Card,3,17305.4,0.0,51916.2,51916.2,0,7706.23,2025,6,June,Saturday,51916.200000000004,51916.2
2025-06-07,ORD032079,CUST04731,P005,Office Chair,Furniture,Jaipur,Store,Net Banking,1,8588.89,0.0,8588.89,8588.89,0,2311.92,2025,6,June,Saturday,8588.89,8588.89
2025-06-07,ORD022333,CUST00973,P014,Keyboard,Electronics,Delhi,Store,UPI,1,2505.38,0.05,2505.38,2380.11,0,393.65,2025,6,June,Saturday,2505.38,2380.111
2025-06-07,ORD012048,CUST03769,P016,Sofa,Furniture,Hyderabad,Online,UPI,5,36806.37,0.0,184031.85,184031.85,0,53925.64,2025,6,June,Saturday,184031.85,184031.85
2025-06-07,ORD022259,CUST00562,P004,Smartwatch,Electronics,Mumbai,Online,Debit Card,2,7657.86,0.05,15315.72,14549.93,0,1189.47,2025,6,June,Saturday,15315.72,14549.934
2025-06-07,ORD000493,CUST04276,P019,Vacuum Cleaner,Home,Hyderabad,Online,UPI,1,8223.19,0.1,8223.19,7400.87,0,638.43,2025,6,June,Saturday,8223.19,7400.871000000001
2025-06-07,ORD004518,CUST01187,P013,Monitor,Electronics,Delhi,Online,UPI,2,16369.95,0.0,32739.9,32739.9,0,4015.43,2025,6,June,Saturday,32739.9,32739.9
2025-06-07,ORD017125,CUST03033,P006,Desk,Furniture,Bengaluru,Store,Cash,2,12903.39,0.1,25806.78,23226.1,0,4909.57,2025,6,June,Saturday,25806.78,23226.102
2025-06-07,ORD014395,CUST01899,P016,Sofa,Furniture,Jaipur,Store,Credit Card,1,32769.12,0.1,32769.12,29492.21,0,4302.2,2025,6,June,Saturday,32769.12,29492.208000000002
2025-06-07,ORD036666,CUST04839,P003,Headphones,Electronics,Mumbai,Online,Debit Card,2,4226.25,0.05,8452.5,8029.88,0,641.11,2025,6,June,Saturday,8452.5,8029.875
2025-06-07,ORD001614,CUST04785,P010,Coffee Maker,Home,Bengaluru,Online,UPI,1,5877.83,0.05,5877.83,5583.94,0,710.88,2025,6,June,Saturday,5877.83,5583.938499999999
2025-06-07,ORD044674,CUST03453,P008,Running Shoes,Fashion,Chennai,Store,Credit Card,1,4108.68,0.1,4108.68,3697.81,0,493.46,2025,6,June,Saturday,4108.68,3697.8120000000004
2025-06-07,ORD029014,CUST01329,P020,Microwave,Home,Pune,Online,Debit Card,1,11726.84,0.25,11726.84,8795.13,1,-439.76,2025,6,June,Saturday,11726.84,8795.130000000001
2025-06-07,ORD014896,CUST03708,P015,Dining Table,Furniture,Chennai,Store,UPI,1,19825.26,0.05,19825.26,18834.0,0,3797.57,2025,6,June,Saturday,19825.26,18833.997
2025-06-07,ORD017449,CUST00118,P005,Office Chair,Furniture,Chennai,Online,Debit Card,3,8754.32,0.0,26262.96,26262.96,0,3290.86,2025,6,June,Saturday,26262.96,26262.96
2025-06-07,ORD006571,CUST03492,P012,Air Fryer,Home,Bengaluru,Online,Debit Card,2,7095.31,0.15,14190.62,12062.03,0,773.6,2025,6,June,Saturday,14190.62,12062.027
2025-06-07,ORD031251,CUST04628,P008,Running Shoes,Fashion,Ahmedabad,Online,UPI,1,4343.74,0.1,4343.74,3909.37,0,238.86,2025,6,June,Saturday,4343.74,3909.366
2025-06-07,ORD043837,CUST01279,P012,Air Fryer,Home,Ahmedabad,Online,Credit Card,1,7511.4,0.25,7511.4,5633.55,0,225.34,2025,6,June,Saturday,7511.4,5633.549999999999
2025-06-07,ORD034940,CUST04730,P014,Keyboard,Electronics,Chennai,Store,UPI,1,2515.31,0.2,2515.31,2012.25,0,221.77,2025,6,June,Saturday,2515.31,2012.248
2025-06-07,ORD046755,CUST01040,P006,Desk,Furniture,Ahmedabad,Online,UPI,2,12854.97,0.05,25709.94,24424.44,0,2209.98,2025,6,June,Saturday,25709.94,24424.443
2025-06-07,ORD009537,CUST03565,P019,Vacuum Cleaner,Home,Chennai,Online,Net Banking,1,9776.09,0.15,9776.09,8309.68,1,-415.48,2025,6,June,Saturday,9776.09,8309.6765
2025-06-07,ORD015057,CUST01021,P005,Office Chair,Furniture,Bengaluru,Store,Net Banking,1,9840.55,0.05,9840.55,9348.52,0,1839.76,2025,6,June,Saturday,9840.55,9348.5225
2025-06-07,ORD048945,CUST03932,P018,Jacket,Fashion,Surat,Online,Debit Card,3,4685.21,0.1,14055.63,12650.07,0,3170.67,2025,6,June,Saturday,14055.630000000001,12650.067
2025-06-07,ORD004147,CUST02919,P009,T-Shirt,Fashion,Jaipur,Online,UPI,1,1226.13,0.1,1226.13,1103.52,0,198.88,2025,6,June,Saturday,1226.13,1103.517
2025-06-07,ORD012348,CUST01007,P003,Headphones,Electronics,Delhi,Store,UPI,2,4361.3,0.1,8722.6,7850.34,0,1717.47,2025,6,June,Saturday,8722.6,7850.34
2025-06-07,ORD017773,CUST00170,P003,Headphones,Electronics,Chennai,Store,Credit Card,1,4370.91,0.1,4370.91,3933.82,0,413.99,2025,6,June,Saturday,4370.91,3933.819
2025-06-07,ORD011096,CUST02361,P010,Coffee Maker,Home,Delhi,Online,Net Banking,3,5221.65,0.25,15664.95,11748.71,0,917.37,2025,6,June,Saturday,15664.949999999999,11748.712500000001
2025-06-07,ORD048738,CUST02748,P017,Jeans,Fashion,Delhi,Store,Credit Card,1,2805.4,0.2,2805.4,2244.32,0,542.78,2025,6,June,Saturday,2805.4,2244.32
2025-06-07,ORD044209,CUST00650,P001,Laptop,Electronics,Delhi,Store,UPI,2,58699.6,0.05,117399.2,111529.24,0,24294.87,2025,6,June,Saturday,117399.2,111529.23999999999
2025-06-07,ORD025469,CUST03463,P010,Coffee Maker,Home,Bengaluru,Online,Net Banking,1,5064.12,0.25,5064.12,3798.09,1,-189.9,2025,6,June,Saturday,5064.12,3798.09
2025-06-07,ORD038585,CUST01112,P019,Vacuum Cleaner,Home,Chennai,Online,UPI,1,9315.59,0.2,9315.59,7452.47,0,610.75,2025,6,June,Saturday,9315.59,7452.472000000001
2025-06-07,ORD002842,CUST03828,P002,Smartphone,Electronics,Chennai,Online,Credit Card,1,29225.57,0.05,29225.57,27764.29,0,5966.84,2025,6,June,Saturday,29225.57,27764.2915
2025-06-07,ORD044096,CUST04703,P004,Smartwatch,Electronics,Ahmedabad,Online,UPI,1,6860.87,0.05,6860.87,6517.83,0,561.09,2025,6,June,Saturday,6860.87,6517.826499999999
2025-06-07,ORD000060,CUST02394,P005,Office Chair,Furniture,Bengaluru,Online,UPI,1,8610.43,0.05,8610.43,8179.91,0,1534.33,2025,6,June,Saturday,8610.43,8179.9085
2025-06-07,ORD002455,CUST02035,P013,Monitor,Electronics,Mumbai,Store,UPI,5,19173.9,0.15,95869.5,81489.08,0,9460.27,2025,6,June,Saturday,95869.5,81489.075
2025-06-07,ORD012464,CUST04029,P014,Keyboard,Electronics,Surat,Store,Credit Card,4,2743.07,0.1,10972.28,9875.05,1,-493.75,2025,6,June,Saturday,10972.28,9875.052000000001
2025-06-07,ORD035181,CUST00106,P006,Desk,Furniture,Mumbai,Online,Debit Card,1,11805.05,0.0,11805.05,11805.05,0,2086.48,2025,6,June,Saturday,11805.05,11805.05
2025-06-07,ORD001928,CUST04643,P010,Coffee Maker,Home,Hyderabad,Online,Debit Card,1,5890.57,0.15,5890.57,5006.98,0,298.51,2025,6,June,Saturday,5890.57,5006.9845
2025-06-07,ORD047350,CUST00750,P014,Keyboard,Electronics,Mumbai,Online,Credit Card,2,2531.18,0.1,5062.36,4556.12,0,490.24,2025,6,June,Saturday,5062.36,4556.124
2025-06-07,ORD010529,CUST01642,P008,Running Shoes,Fashion,Kolkata,Online,UPI,1,4121.22,0.05,4121.22,3915.16,0,1073.81,2025,6,June,Saturday,4121.22,3915.159
2025-06-07,ORD005104,CUST00925,P011,Mixer Grinder,Home,Surat,Online,UPI,1,4932.3,0.1,4932.3,4439.07,0,614.58,2025,6,June,Saturday,4932.3,4439.070000000001
2025-06-07,ORD041472,CUST00816,P001,Laptop,Electronics,Hyderabad,Online,Net Banking,2,69551.97,0.1,139103.94,125193.55,0,28318.26,2025,6,June,Saturday,139103.94,125193.546
2025-06-07,ORD046228,CUST01874,P008,Running Shoes,Fashion,Delhi,Store,Debit Card,1,4351.44,0.05,4351.44,4133.87,0,504.13,2025,6,June,Saturday,4351.44,4133.8679999999995
2025-06-07,ORD022855,CUST01359,P008,Running Shoes,Fashion,Bengaluru,Online,Debit Card,4,4547.93,0.15,18191.72,15462.96,0,2355.45,2025,6,June,Saturday,18191.72,15462.962000000001
2025-06-07,ORD000123,CUST01810,P003,Headphones,Electronics,Kolkata,Online,UPI,1,4701.98,0.05,4701.98,4466.88,0,509.58,2025,6,June,Saturday,4701.98,4466.880999999999
2025-06-07,ORD018800,CUST03655,P005,Office Chair,Furniture,Jaipur,Online,UPI,1,9888.91,0.1,9888.91,8900.02,0,2181.7,2025,6,June,Saturday,9888.91,8900.019
2025-06-07,ORD018118,CUST02214,P017,Jeans,Fashion,Chennai,Store,Debit Card,2,2530.77,0.2,5061.54,4049.23,0,799.3,2025,6,June,Saturday,5061.54,4049.232
2025-06-07,ORD006379,CUST03361,P013,Monitor,Electronics,Jaipur,Store,Debit Card,1,17402.53,0.15,17402.53,14792.15,0,2150.75,2025,6,June,Saturday,17402.53,14792.150499999998
2025-06-07,ORD033521,CUST00184,P017,Jeans,Fashion,Chennai,Online,Credit Card,4,2577.28,0.25,10309.12,7731.84,0,309.27,2025,6,June,Saturday,10309.12,7731.84
2025-06-07,ORD029673,CUST00375,P020,Microwave,Home,Kolkata,Store,UPI,2,11914.62,0.2,23829.24,19063.39,0,4537.26,2025,6,June,Saturday,23829.24,19063.392000000003
2025-06-07,ORD038795,CUST01422,P001,Laptop,Electronics,Surat,Online,UPI,1,70848.5,0.15,70848.5,60221.22,0,6255.5,2025,6,June,Saturday,70848.5,60221.225
2025-06-08,ORD041552,CUST03452,P017,Jeans,Fashion,Kolkata,Online,Cash,1,2772.98,0.1,2772.98,2495.68,0,353.12,2025,6,June,Sunday,2772.98,2495.6820000000002
2025-06-08,ORD026839,CUST03245,P010,Coffee Maker,Home,Kolkata,Online,UPI,2,5460.92,0.1,10921.84,9829.66,0,1605.32,2025,6,June,Sunday,10921.84,9829.656
2025-06-08,ORD033312,CUST04924,P007,Backpack,Accessories,Chennai,Store,Net Banking,4,1986.08,0.15,7944.32,6752.67,0,783.0,2025,6,June,Sunday,7944.32,6752.672
2025-06-08,ORD044253,CUST03543,P015,Dining Table,Furniture,Kolkata,Online,Debit Card,5,21378.92,0.1,106894.6,96205.14,0,16910.32,2025,6,June,Sunday,106894.59999999999,96205.14000000001
2025-06-08,ORD009762,CUST03259,P011,Mixer Grinder,Home,Ahmedabad,Store,UPI,2,4663.4,0.1,9326.8,8394.12,0,1103.3,2025,6,June,Sunday,9326.8,8394.119999999999
2025-06-08,ORD032887,CUST03677,P013,Monitor,Electronics,Kolkata,Online,Net Banking,1,17255.58,0.05,17255.58,16392.8,0,2534.54,2025,6,June,Sunday,17255.58,16392.801
2025-06-08,ORD048559,CUST00810,P020,Microwave,Home,Kolkata,Online,UPI,1,9913.77,0.1,9913.77,8922.39,0,2330.8,2025,6,June,Sunday,9913.77,8922.393
2025-06-08,ORD041562,CUST03097,P006,Desk,Furniture,Chennai,Online,UPI,3,12135.72,0.05,36407.16,34586.8,0,6593.51,2025,6,June,Sunday,36407.159999999996,34586.802
2025-06-08,ORD010289,CUST02347,P014,Keyboard,Electronics,Delhi,Online,Cash,1,2290.86,0.1,2290.86,2061.77,0,339.18,2025,6,June,Sunday,2290.86,2061.7740000000003
2025-06-08,ORD005191,CUST00071,P019,Vacuum Cleaner,Home,Mumbai,Online,UPI,3,8374.85,0.1,25124.55,22612.1,0,4462.92,2025,6,June,Sunday,25124.550000000003,22612.095
2025-06-08,ORD000838,CUST02395,P007,Backpack,Accessories,Delhi,Online,Credit Card,4,2089.09,0.0,8356.36,8356.36,0,2382.14,2025,6,June,Sunday,8356.36,8356.36
2025-06-08,ORD031217,CUST04579,P008,Running Shoes,Fashion,Ahmedabad,Online,Net Banking,1,3991.38,0.0,3991.38,3991.38,0,1143.6,2025,6,June,Sunday,3991.38,3991.38
2025-06-08,ORD001181,CUST00630,P003,Headphones,Electronics,Chennai,Online,Cash,1,4902.11,0.15,4902.11,4166.79,0,350.97,2025,6,June,Sunday,4902.11,4166.7935
2025-06-08,ORD025404,CUST01555,P002,Smartphone,Electronics,Jaipur,Store,UPI,1,30638.9,0.1,30638.9,27575.01,0,3816.96,2025,6,June,Sunday,30638.9,27575.010000000002
2025-06-08,ORD017538,CUST03558,P011,Mixer Grinder,Home,Jaipur,Online,UPI,1,4424.14,0.1,4424.14,3981.73,0,306.82,2025,6,June,Sunday,4424.14,3981.7260000000006
2025-06-08,ORD015253,CUST02558,P010,Coffee Maker,Home,Kolkata,Store,UPI,2,5372.65,0.1,10745.3,9670.77,0,1155.41,2025,6,June,Sunday,10745.3,9670.77
2025-06-08,ORD015427,CUST03754,P012,Air Fryer,Home,Surat,Online,Cash,1,7245.92,0.0,7245.92,7245.92,0,2104.81,2025,6,June,Sunday,7245.92,7245.92
2025-06-08,ORD044690,CUST02437,P010,Coffee Maker,Home,Ahmedabad,Store,Debit Card,1,5585.31,0.0,5585.31,5585.31,0,1216.99,2025,6,June,Sunday,5585.31,5585.31
2025-06-08,ORD045328,CUST03560,P011,Mixer Grinder,Home,Chennai,Online,Credit Card,1,4480.46,0.05,4480.46,4256.44,0,777.98,2025,6,June,Sunday,4480.46,4256.437
2025-06-08,ORD000774,CUST03747,P005,Office Chair,Furniture,Bengaluru,Store,Cash,4,9445.06,0.15,37780.24,32113.2,0,3276.99,2025,6,June,Sunday,37780.24,32113.203999999998
2025-06-08,ORD035744,CUST04023,P017,Jeans,Fashion,Surat,Online,Debit Card,1,2797.75,0.2,2797.75,2238.2,0,275.31,2025,6,June,Sunday,2797.75,2238.2000000000003
2025-06-08,ORD012305,CUST01516,P014,Keyboard,Electronics,Bengaluru,Online,Cash,1,2506.84,0.0,2506.84,2506.84,0,243.0,2025,6,June,Sunday,2506.84,2506.84
2025-06-08,ORD014129,CUST00627,P017,Jeans,Fashion,Delhi,Online,Net Banking,1,2767.71,0.0,2767.71,2767.71,0,580.76,2025,6,June,Sunday,2767.71,2767.71
2025-06-08,ORD011869,CUST00450,P007,Backpack,Accessories,Mumbai,Store,Credit Card,2,2209.25,0.0,4418.5,4418.5,0,1149.22,2025,6,June,Sunday,4418.5,4418.5
2025-06-08,ORD042639,CUST02645,P008,Running Shoes,Fashion,Jaipur,Store,Debit Card,2,3918.13,0.05,7836.26,7444.45,0,688.11,2025,6,June,Sunday,7836.26,7444.447
2025-06-08,ORD027048,CUST03441,P006,Desk,Furniture,Bengaluru,Online,UPI,1,12038.12,0.25,12038.12,9028.59,0,1130.2,2025,6,June,Sunday,12038.12,9028.59
2025-06-08,ORD029315,CUST02359,P002,Smartphone,Electronics,Mumbai,Online,Net Banking,1,26424.93,0.15,26424.93,22461.19,0,4927.31,2025,6,June,Sunday,26424.93,22461.1905
2025-06-08,ORD015983,CUST02878,P011,Mixer Grinder,Home,Mumbai,Store,Net Banking,1,4703.9,0.2,4703.9,3763.12,0,619.16,2025,6,June,Sunday,4703.9,3763.12
2025-06-08,ORD031545,CUST00340,P016,Sofa,Furniture,Bengaluru,Online,UPI,1,38463.07,0.15,38463.07,32693.61,0,6717.82,2025,6,June,Sunday,38463.07,32693.6095
2025-06-08,ORD035693,CUST00847,P008,Running Shoes,Fashion,Jaipur,Store,UPI,1,4546.83,0.2,4546.83,3637.46,0,637.43,2025,6,June,Sunday,4546.83,3637.464
2025-06-08,ORD047387,CUST01059,P010,Coffee Maker,Home,Pune,Online,UPI,2,5288.81,0.05,10577.62,10048.74,0,847.52,2025,6,June,Sunday,10577.62,10048.739
2025-06-08,ORD001605,CUST03174,P019,Vacuum Cleaner,Home,Bengaluru,Online,Credit Card,2,8786.75,0.05,17573.5,16694.82,0,4576.21,2025,6,June,Sunday,17573.5,16694.825
2025-06-08,ORD008754,CUST03770,P018,Jacket,Fashion,Kolkata,Online,Credit Card,2,5507.86,0.05,11015.72,10464.93,0,2596.12,2025,6,June,Sunday,11015.72,10464.934
2025-06-08,ORD030165,CUST03541,P001,Laptop,Electronics,Delhi,Store,Net Banking,1,68679.48,0.15,68679.48,58377.56,0,4776.49,2025,6,June,Sunday,68679.48,58377.558
2025-06-08,ORD038343,CUST04099,P017,Jeans,Fashion,Delhi,Store,Cash,5,2869.4,0.2,14347.0,11477.6,0,1449.33,2025,6,June,Sunday,14347.0,11477.6
2025-06-08,ORD035167,CUST03312,P001,Laptop,Electronics,Chennai,Online,UPI,2,62553.59,0.1,125107.18,112596.46,0,30199.27,2025,6,June,Sunday,125107.18,112596.462
2025-06-08,ORD015871,CUST01640,P010,Coffee Maker,Home,Jaipur,Online,Cash,4,5164.4,0.2,20657.6,16526.08,0,3332.14,2025,6,June,Sunday,20657.6,16526.079999999998
2025-06-08,ORD001546,CUST03832,P016,Sofa,Furniture,Jaipur,Online,Credit Card,1,32637.15,0.1,32637.15,29373.44,1,-1468.67,2025,6,June,Sunday,32637.15,29373.435
2025-06-08,ORD035636,CUST04244,P002,Smartphone,Electronics,Delhi,Online,Credit Card,2,29102.1,0.1,58204.2,52383.78,0,4512.21,2025,6,June,Sunday,58204.2,52383.78
2025-06-08,ORD043929,CUST00758,P004,Smartwatch,Electronics,Jaipur,Online,Cash,1,6425.9,0.0,6425.9,6425.9,1,-321.3,2025,6,June,Sunday,6425.9,6425.9
2025-06-08,ORD032067,CUST01270,P009,T-Shirt,Fashion,Chennai,Store,Debit Card,1,1147.89,0.2,1147.89,918.31,0,42.41,2025,6,June,Sunday,1147.89,918.3120000000001
2025-06-08,ORD035326,CUST03051,P010,Coffee Maker,Home,Pune,Store,UPI,1,5318.48,0.0,5318.48,5318.48,0,1374.29,2025,6,June,Sunday,5318.48,5318.48
2025-06-08,ORD032744,CUST04873,P016,Sofa,Furniture,Surat,Store,UPI,1,38301.95,0.15,38301.95,32556.66,0,6022.98,2025,6,June,Sunday,38301.95,32556.657499999998
2025-06-08,ORD014144,CUST02475,P011,Mixer Grinder,Home,Delhi,Online,UPI,5,4607.88,0.1,23039.4,20735.46,0,4014.08,2025,6,June,Sunday,23039.4,20735.460000000003
2025-06-08,ORD001561,CUST04543,P003,Headphones,Electronics,Kolkata,Online,UPI,1,4495.92,0.2,4495.92,3596.74,1,-179.84,2025,6,June,Sunday,4495.92,3596.7360000000003
2025-06-08,ORD015601,CUST00421,P006,Desk,Furniture,Pune,Store,UPI,5,12591.28,0.1,62956.4,56660.76,0,13951.67,2025,6,June,Sunday,62956.4,56660.76
2025-06-08,ORD005575,CUST04616,P001,Laptop,Electronics,Kolkata,Store,UPI,2,59731.61,0.15,119463.22,101543.74,0,8854.2,2025,6,June,Sunday,119463.22,101543.737
2025-06-08,ORD026372,CUST00738,P003,Headphones,Electronics,Mumbai,Online,UPI,4,4607.41,0.1,18429.64,16586.68,0,1648.18,2025,6,June,Sunday,18429.64,16586.676
2025-06-08,ORD023825,CUST00986,P008,Running Shoes,Fashion,Pune,Online,UPI,2,3955.16,0.1,7910.32,7119.29,0,780.47,2025,6,June,Sunday,7910.32,7119.288
2025-06-08,ORD044751,CUST01046,P007,Backpack,Accessories,Jaipur,Online,UPI,1,2075.55,0.0,2075.55,2075.55,1,-103.78,2025,6,June,Sunday,2075.55,2075.55
2025-06-08,ORD000354,CUST02897,P019,Vacuum Cleaner,Home,Jaipur,Store,UPI,5,8458.64,0.1,42293.2,38063.88,0,3341.95,2025,6,June,Sunday,42293.2,38063.88
2025-06-08,ORD017242,CUST04869,P011,Mixer Grinder,Home,Chennai,Online,UPI,3,5177.01,0.15,15531.03,13201.38,0,698.84,2025,6,June,Sunday,15531.03,13201.3755
2025-06-08,ORD035410,CUST03490,P009,T-Shirt,Fashion,Surat,Online,Cash,1,1248.71,0.05,1248.71,1186.27,0,286.28,2025,6,June,Sunday,1248.71,1186.2745
2025-06-08,ORD001443,CUST02640,P002,Smartphone,Electronics,Delhi,Online,Credit Card,1,30522.47,0.2,30522.47,24417.98,0,3622.58,2025,6,June,Sunday,30522.47,24417.976000000002
2025-06-09,ORD030868,CUST02256,P002,Smartphone,Electronics,Bengaluru,Store,UPI,1,29827.08,0.2,29827.08,23861.66,0,5687.96,2025,6,June,Monday,29827.08,23861.664000000004
2025-06-09,ORD035402,CUST04675,P020,Microwave,Home,Ahmedabad,Store,Credit Card,4,9961.49,0.0,39845.96,39845.96,0,8401.49,2025,6,June,Monday,39845.96,39845.96
2025-06-09,ORD026852,CUST03245,P011,Mixer Grinder,Home,Surat,Store,UPI,1,4766.44,0.1,4766.44,4289.8,0,639.07,2025,6,June,Monday,4766.44,4289.795999999999
2025-06-09,ORD014471,CUST02878,P016,Sofa,Furniture,Delhi,Online,UPI,2,37419.78,0.05,74839.56,71097.58,0,6264.3,2025,6,June,Monday,74839.56,71097.582
2025-06-09,ORD035625,CUST03884,P012,Air Fryer,Home,Delhi,Online,Cash,1,6764.89,0.15,6764.89,5750.16,0,290.69,2025,6,June,Monday,6764.89,5750.1565
2025-06-09,ORD003413,CUST02398,P015,Dining Table,Furniture,Surat,Online,Credit Card,2,23773.53,0.05,47547.06,45169.71,0,12866.22,2025,6,June,Monday,47547.06,45169.706999999995
2025-06-09,ORD039612,CUST03860,P007,Backpack,Accessories,Ahmedabad,Store,Credit Card,1,2091.65,0.0,2091.65,2091.65,0,556.53,2025,6,June,Monday,2091.65,2091.65
2025-06-09,ORD028278,CUST02423,P012,Air Fryer,Home,Surat,Store,Cash,3,6851.93,0.05,20555.79,19528.0,0,3136.72,2025,6,June,Monday,20555.79,19528.0005
2025-06-09,ORD046466,CUST01417,P002,Smartphone,Electronics,Jaipur,Online,Credit Card,1,27491.27,0.05,27491.27,26116.71,0,7411.01,2025,6,June,Monday,27491.27,26116.7065
2025-06-09,ORD039013,CUST02700,P011,Mixer Grinder,Home,Kolkata,Online,UPI,1,4743.41,0.1,4743.41,4269.07,0,325.47,2025,6,June,Monday,4743.41,4269.069
2025-06-09,ORD018112,CUST04459,P007,Backpack,Accessories,Hyderabad,Store,UPI,1,2133.87,0.2,2133.87,1707.1,0,373.94,2025,6,June,Monday,2133.87,1707.096
2025-06-09,ORD005938,CUST02306,P001,Laptop,Electronics,Hyderabad,Online,UPI,1,63285.99,0.05,63285.99,60121.69,0,4708.79,2025,6,June,Monday,63285.99,60121.6905
2025-06-09,ORD022684,CUST02662,P009,T-Shirt,Fashion,Ahmedabad,Store,UPI,1,1261.88,0.15,1261.88,1072.6,0,276.84,2025,6,June,Monday,1261.88,1072.598
2025-06-09,ORD009945,CUST03062,P007,Backpack,Accessories,Hyderabad,Online,UPI,2,2038.8,0.05,4077.6,3873.72,0,736.68,2025,6,June,Monday,4077.6,3873.72
2025-06-09,ORD020705,CUST04936,P018,Jacket,Fashion,Delhi,Online,Credit Card,1,5637.22,0.05,5637.22,5355.36,0,806.87,2025,6,June,Monday,5637.22,5355.359
2025-06-09,ORD021643,CUST04198,P018,Jacket,Fashion,Jaipur,Online,UPI,1,4873.61,0.0,4873.61,4873.61,0,1335.28,2025,6,June,Monday,4873.61,4873.61
2025-06-09,ORD030031,CUST00871,P005,Office Chair,Furniture,Hyderabad,Online,Credit Card,1,8704.77,0.1,8704.77,7834.29,0,1290.87,2025,6,June,Monday,8704.77,7834.293000000001
2025-06-09,ORD001904,CUST02811,P004,Smartwatch,Electronics,Jaipur,Online,UPI,3,7609.12,0.25,22827.36,17120.52,0,684.82,2025,6,June,Monday,22827.36,17120.52
2025-06-09,ORD003928,CUST01699,P018,Jacket,Fashion,Bengaluru,Store,Credit Card,1,5675.9,0.1,5675.9,5108.31,1,-255.42,2025,6,June,Monday,5675.9,5108.3099999999995
2025-06-09,ORD014048,CUST02860,P019,Vacuum Cleaner,Home,Mumbai,Online,UPI,1,8818.49,0.05,8818.49,8377.57,1,-418.88,2025,6,June,Monday,8818.49,8377.565499999999
2025-06-09,ORD022297,CUST02392,P006,Desk,Furniture,Mumbai,Online,UPI,1,11702.36,0.0,11702.36,11702.36,0,3160.37,2025,6,June,Monday,11702.36,11702.36
2025-06-09,ORD042541,CUST01550,P008,Running Shoes,Fashion,Kolkata,Store,Cash,1,4372.27,0.05,4372.27,4153.66,0,534.07,2025,6,June,Monday,4372.27,4153.6565
2025-06-09,ORD037758,CUST03991,P020,Microwave,Home,Chennai,Online,Debit Card,1,10633.7,0.0,10633.7,10633.7,0,2396.1,2025,6,June,Monday,10633.7,10633.7
2025-06-09,ORD046304,CUST02987,P011,Mixer Grinder,Home,Delhi,Store,UPI,4,4572.2,0.1,18288.8,16459.92,0,1529.84,2025,6,June,Monday,18288.8,16459.92
2025-06-09,ORD039674,CUST02042,P001,Laptop,Electronics,Surat,Online,Net Banking,2,69331.71,0.1,138663.42,124797.08,0,26301.78,2025,6,June,Monday,138663.42,124797.07800000001
2025-06-09,ORD007609,CUST03356,P015,Dining Table,Furniture,Delhi,Online,UPI,1,23551.08,0.0,23551.08,23551.08,0,4728.51,2025,6,June,Monday,23551.08,23551.08
2025-06-09,ORD011399,CUST02762,P017,Jeans,Fashion,Mumbai,Store,Credit Card,1,2966.07,0.1,2966.07,2669.46,0,743.25,2025,6,June,Monday,2966.07,2669.463
2025-06-09,ORD027363,CUST00015,P016,Sofa,Furniture,Pune,Store,UPI,1,33936.74,0.05,33936.74,32239.9,0,4377.48,2025,6,June,Monday,33936.74,32239.902999999995
2025-06-09,ORD024687,CUST01164,P004,Smartwatch,Electronics,Surat,Store,Debit Card,2,7528.84,0.2,15057.68,12046.14,0,1743.67,2025,6,June,Monday,15057.68,12046.144
2025-06-09,ORD011380,CUST03050,P017,Jeans,Fashion,Mumbai,Online,Debit Card,2,2924.48,0.15,5848.96,4971.62,0,810.34,2025,6,June,Monday,5848.96,4971.616
2025-06-09,ORD036946,CUST03256,P010,Coffee Maker,Home,Chennai,Online,UPI,2,5362.33,0.15,10724.66,9115.96,0,1858.05,2025,6,June,Monday,10724.66,9115.961
2025-06-09,ORD012412,CUST02685,P010,Coffee Maker,Home,Jaipur,Store,Debit Card,1,5324.17,0.2,5324.17,4259.34,0,721.12,2025,6,June,Monday,5324.17,4259.336
2025-06-09,ORD001892,CUST04237,P002,Smartphone,Electronics,Hyderabad,Online,UPI,1,27723.1,0.1,27723.1,24950.79,0,4580.12,2025,6,June,Monday,27723.1,24950.79
2025-06-09,ORD007764,CUST04451,P020,Microwave,Home,Mumbai,Online,Debit Card,2,10862.07,0.1,21724.14,19551.73,0,3329.22,2025,6,June,Monday,21724.14,19551.726
2025-06-09,ORD043829,CUST00974,P020,Microwave,Home,Kolkata,Online,Net Banking,1,10402.68,0.1,10402.68,9362.41,0,1994.13,2025,6,June,Monday,10402.68,9362.412
2025-06-09,ORD044790,CUST01439,P001,Laptop,Electronics,Pune,Online,Net Banking,1,65774.51,0.0,65774.51,65774.51,0,9291.67,2025,6,June,Monday,65774.51,65774.51
2025-06-09,ORD002870,CUST01812,P016,Sofa,Furniture,Pune,Online,UPI,3,37568.62,0.1,112705.86,101435.27,0,19633.12,2025,6,June,Monday,112705.86000000002,101435.274
2025-06-09,ORD006257,CUST04393,P016,Sofa,Furniture,Surat,Store,UPI,1,36299.44,0.0,36299.44,36299.44,0,8704.49,2025,6,June,Monday,36299.44,36299.44
2025-06-09,ORD048202,CUST02527,P008,Running Shoes,Fashion,Ahmedabad,Online,UPI,1,4056.87,0.15,4056.87,3448.34,0,307.21,2025,6,June,Monday,4056.87,3448.3395
2025-06-09,ORD018031,CUST02800,P002,Smartphone,Electronics,Bengaluru,Online,Credit Card,1,30766.5,0.25,30766.5,23074.88,0,5017.6,2025,6,June,Monday,30766.5,23074.875
2025-06-09,ORD045839,CUST02535,P015,Dining Table,Furniture,Pune,Store,UPI,1,23269.37,0.0,23269.37,23269.37,0,4302.99,2025,6,June,Monday,23269.37,23269.37
2025-06-09,ORD044506,CUST03130,P019,Vacuum Cleaner,Home,Bengaluru,Online,UPI,2,8815.78,0.15,17631.56,14986.83,0,4009.82,2025,6,June,Monday,17631.56,14986.826000000001
2025-06-09,ORD024111,CUST00895,P010,Coffee Maker,Home,Jaipur,Store,UPI,1,5089.19,0.05,5089.19,4834.73,0,1270.07,2025,6,June,Monday,5089.19,4834.7305
2025-06-09,ORD038114,CUST02727,P011,Mixer Grinder,Home,Delhi,Store,Cash,1,5070.26,0.1,5070.26,4563.23,1,-228.16,2025,6,June,Monday,5070.26,4563.234
2025-06-09,ORD036146,CUST04787,P016,Sofa,Furniture,Hyderabad,Online,UPI,1,34860.98,0.25,34860.98,26145.74,0,6184.54,2025,6,June,Monday,34860.98,26145.735
2025-06-09,ORD040325,CUST03179,P015,Dining Table,Furniture,Bengaluru,Store,UPI,1,22382.96,0.0,22382.96,22382.96,0,4939.9,2025,6,June,Monday,22382.96,22382.96
2025-06-09,ORD017561,CUST03115,P007,Backpack,Accessories,Delhi,Online,Credit Card,1,2042.5,0.05,2042.5,1940.38,0,318.57,2025,6,June,Monday,2042.5,1940.375
2025-06-09,ORD037988,CUST02602,P004,Smartwatch,Electronics,Chennai,Store,UPI,1,7170.57,0.0,7170.57,7170.57,0,1006.61,2025,6,June,Monday,7170.57,7170.57
2025-06-09,ORD012360,CUST02861,P018,Jacket,Fashion,Pune,Online,Debit Card,1,5607.26,0.15,5607.26,4766.17,0,897.3,2025,6,June,Monday,5607.26,4766.171
2025-06-09,ORD042851,CUST02000,P019,Vacuum Cleaner,Home,Pune,Online,Credit Card,1,9788.12,0.05,9788.12,9298.71,0,1301.53,2025,6,June,Monday,9788.12,9298.714
2025-06-09,ORD030227,CUST04223,P008,Running Shoes,Fashion,Delhi,Online,Credit Card,2,4363.13,0.0,8726.26,8726.26,0,1614.6,2025,6,June,Monday,8726.26,8726.26
2025-06-09,ORD043524,CUST04090,P009,T-Shirt,Fashion,Hyderabad,Online,Net Banking,1,1258.61,0.2,1258.61,1006.89,0,179.57,2025,6,June,Monday,1258.61,1006.8879999999999
2025-06-09,ORD018538,CUST03571,P001,Laptop,Electronics,Pune,Online,UPI,2,61397.24,0.1,122794.48,110515.03,0,7515.67,2025,6,June,Monday,122794.48,110515.03199999999
2025-06-09,ORD027213,CUST04502,P007,Backpack,Accessories,Jaipur,Online,Cash,1,2258.02,0.05,2258.02,2145.12,0,249.26,2025,6,June,Monday,2258.02,2145.1189999999997
2025-06-09,ORD023257,CUST01336,P011,Mixer Grinder,Home,Chennai,Online,Net Banking,2,4585.69,0.05,9171.38,8712.81,0,2276.02,2025,6,June,Monday,9171.38,8712.811
2025-06-09,ORD010245,CUST04831,P006,Desk,Furniture,Surat,Online,UPI,2,13042.22,0.15,26084.44,22171.77,0,1814.82,2025,6,June,Monday,26084.44,22171.773999999998
2025-06-09,ORD040111,CUST03474,P008,Running Shoes,Fashion,Jaipur,Store,Credit Card,2,4270.59,0.15,8541.18,7260.0,0,1782.67,2025,6,June,Monday,8541.18,7260.003
2025-06-09,ORD044007,CUST04704,P018,Jacket,Fashion,Pune,Online,Debit Card,2,4709.56,0.1,9419.12,8477.21,0,2052.63,2025,6,June,Monday,9419.12,8477.208
2025-06-09,ORD046940,CUST03178,P003,Headphones,Electronics,Delhi,Store,UPI,1,4209.71,0.1,4209.71,3788.74,0,1017.64,2025,6,June,Monday,4209.71,3788.739
2025-06-09,ORD049365,CUST04450,P005,Office Chair,Furniture,Hyderabad,Online,Credit Card,1,8726.63,0.1,8726.63,7853.97,0,1349.42,2025,6,June,Monday,8726.63,7853.967
2025-06-09,ORD038151,CUST04262,P006,Desk,Furniture,Jaipur,Store,Credit Card,1,11447.41,0.05,11447.41,10875.04,1,-543.75,2025,6,June,Monday,11447.41,10875.039499999999
2025-06-09,ORD046958,CUST01459,P006,Desk,Furniture,Surat,Store,Credit Card,4,11178.31,0.2,44713.24,35770.59,0,1822.09,2025,6,June,Monday,44713.24,35770.592
2025-06-09,ORD034530,CUST03199,P011,Mixer Grinder,Home,Jaipur,Store,Debit Card,1,4704.35,0.05,4704.35,4469.13,0,1214.09,2025,6,June,Monday,4704.35,4469.1325
2025-06-09,ORD012770,CUST04825,P004,Smartwatch,Electronics,Hyderabad,Store,UPI,1,6734.61,0.0,6734.61,6734.61,0,917.59,2025,6,June,Monday,6734.61,6734.61
2025-06-09,ORD041026,CUST00772,P018,Jacket,Fashion,Ahmedabad,Store,Debit Card,1,5353.53,0.1,5353.53,4818.18,0,787.35,2025,6,June,Monday,5353.53,4818.177
2025-06-09,ORD033345,CUST03698,P019,Vacuum Cleaner,Home,Jaipur,Online,Debit Card,4,9379.42,0.0,37517.68,37517.68,0,5841.16,2025,6,June,Monday,37517.68,37517.68
2025-06-09,ORD013828,CUST01768,P006,Desk,Furniture,Bengaluru,Online,Net Banking,1,11625.61,0.0,11625.61,11625.61,0,1589.66,2025,6,June,Monday,11625.61,11625.61
2025-06-09,ORD045373,CUST02575,P014,Keyboard,Electronics,Chennai,Store,UPI,2,2357.55,0.1,4715.1,4243.59,0,663.97,2025,6,June,Monday,4715.1,4243.59
2025-06-09,ORD022730,CUST00858,P006,Desk,Furniture,Mumbai,Store,Debit Card,2,12162.12,0.1,24324.24,21891.82,0,4375.33,2025,6,June,Monday,24324.24,21891.816000000003
2025-06-09,ORD030861,CUST03272,P007,Backpack,Accessories,Jaipur,Store,Credit Card,1,2188.37,0.1,2188.37,1969.53,0,212.85,2025,6,June,Monday,2188.37,1969.533
2025-06-09,ORD042740,CUST04456,P008,Running Shoes,Fashion,Mumbai,Store,Debit Card,1,4484.87,0.1,4484.87,4036.38,0,465.73,2025,6,June,Monday,4484.87,4036.383
2025-06-09,ORD045080,CUST01025,P009,T-Shirt,Fashion,Ahmedabad,Store,Net Banking,2,1167.99,0.0,2335.98,2335.98,0,487.03,2025,6,June,Monday,2335.98,2335.98
2025-06-09,ORD017619,CUST01806,P010,Coffee Maker,Home,Surat,Store,Debit Card,1,5593.37,0.05,5593.37,5313.7,0,1052.55,2025,6,June,Monday,5593.37,5313.701499999999
2025-06-09,ORD005416,CUST04973,P009,T-Shirt,Fashion,Pune,Store,Credit Card,1,1269.75,0.15,1269.75,1079.29,0,108.36,2025,6,June,Monday,1269.75,1079.2875
2025-06-09,ORD023348,CUST03613,P015,Dining Table,Furniture,Surat,Store,Net Banking,1,23995.28,0.0,23995.28,23995.28,0,6759.73,2025,6,June,Monday,23995.28,23995.28
2025-06-09,ORD040022,CUST00724,P009,T-Shirt,Fashion,Bengaluru,Store,UPI,1,1290.68,0.15,1290.68,1097.08,0,250.15,2025,6,June,Monday,1290.68,1097.078
2025-06-09,ORD005867,CUST04564,P001,Laptop,Electronics,Delhi,Online,Debit Card,1,61524.3,0.05,61524.3,58448.08,0,11958.88,2025,6,June,Monday,61524.3,58448.085
2025-06-09,ORD012028,CUST00164,P010,Coffee Maker,Home,Ahmedabad,Store,Credit Card,3,5148.87,0.2,15446.61,12357.29,0,2377.54,2025,6,June,Monday,15446.61,12357.288
2025-06-09,ORD035948,CUST01260,P014,Keyboard,Electronics,Jaipur,Store,Cash,2,2482.03,0.0,4964.06,4964.06,0,1077.04,2025,6,June,Monday,4964.06,4964.06
2025-06-09,ORD042331,CUST03253,P018,Jacket,Fashion,Ahmedabad,Store,Debit Card,2,5462.06,0.2,10924.12,8739.3,0,935.04,2025,6,June,Monday,10924.12,8739.296
2025-06-09,ORD043388,CUST02007,P010,Coffee Maker,Home,Chennai,Store,UPI,2,5674.15,0.05,11348.3,10780.88,0,2816.87,2025,6,June,Monday,11348.3,10780.884999999998
2025-06-09,ORD045786,CUST04040,P010,Coffee Maker,Home,Pune,Store,Credit Card,3,5163.48,0.0,15490.44,15490.44,0,3816.75,2025,6,June,Monday,15490.439999999999,15490.44
2025-06-10,ORD034539,CUST02351,P010,Coffee Maker,Home,Mumbai,Store,Credit Card,1,5521.83,0.0,5521.83,5521.83,0,1226.96,2025,6,June,Tuesday,5521.83,5521.83
2025-06-10,ORD046072,CUST00542,P020,Microwave,Home,Mumbai,Store,Cash,1,11354.78,0.05,11354.78,10787.04,0,815.55,2025,6,June,Tuesday,11354.78,10787.041
2025-06-10,ORD024963,CUST02427,P008,Running Shoes,Fashion,Chennai,Online,UPI,1,4108.15,0.0,4108.15,4108.15,0,441.6,2025,6,June,Tuesday,4108.15,4108.15
2025-06-10,ORD048075,CUST03328,P016,Sofa,Furniture,Hyderabad,Online,Credit Card,5,35900.16,0.05,179500.8,170525.76,0,24356.62,2025,6,June,Tuesday,179500.80000000002,170525.75999999998
2025-06-10,ORD013023,CUST00010,P014,Keyboard,Electronics,Pune,Online,UPI,1,2664.76,0.0,2664.76,2664.76,0,488.65,2025,6,June,Tuesday,2664.76,2664.76
2025-06-10,ORD005893,CUST01410,P020,Microwave,Home,Surat,Store,UPI,4,11191.76,0.25,44767.04,33575.28,0,6481.07,2025,6,June,Tuesday,44767.04,33575.28
2025-06-10,ORD005810,CUST02712,P013,Monitor,Electronics,Bengaluru,Store,UPI,1,17051.81,0.0,17051.81,17051.81,0,4946.7,2025,6,June,Tuesday,17051.81,17051.81
2025-06-10,ORD044787,CUST02171,P017,Jeans,Fashion,Bengaluru,Online,Credit Card,2,3061.15,0.1,6122.3,5510.07,0,1372.67,2025,6,June,Tuesday,6122.3,5510.070000000001
2025-06-10,ORD010832,CUST01312,P002,Smartphone,Electronics,Pune,Online,Net Banking,1,27643.43,0.0,27643.43,27643.43,0,4379.15,2025,6,June,Tuesday,27643.43,27643.43
2025-06-10,ORD030450,CUST01504,P011,Mixer Grinder,Home,Chennai,Store,Credit Card,1,4559.73,0.05,4559.73,4331.74,0,528.85,2025,6,June,Tuesday,4559.73,4331.7435
2025-06-10,ORD014536,CUST01782,P004,Smartwatch,Electronics,Kolkata,Online,UPI,5,6782.59,0.15,33912.95,28826.01,0,7314.83,2025,6,June,Tuesday,33912.95,28826.007499999996
2025-06-10,ORD031718,CUST03414,P014,Keyboard,Electronics,Ahmedabad,Store,Credit Card,1,2711.01,0.05,2711.01,2575.46,0,632.49,2025,6,June,Tuesday,2711.01,2575.4595
2025-06-10,ORD022401,CUST01932,P011,Mixer Grinder,Home,Surat,Online,UPI,4,4891.85,0.05,19567.4,18589.03,0,4552.47,2025,6,June,Tuesday,19567.4,18589.03
2025-06-10,ORD014740,CUST04821,P019,Vacuum Cleaner,Home,Mumbai,Store,Credit Card,1,8867.62,0.1,8867.62,7980.86,0,1333.67,2025,6,June,Tuesday,8867.62,7980.858000000001
2025-06-10,ORD042727,CUST04060,P008,Running Shoes,Fashion,Chennai,Store,UPI,1,3932.39,0.1,3932.39,3539.15,0,930.59,2025,6,June,Tuesday,3932.39,3539.151
2025-06-10,ORD041855,CUST00319,P004,Smartwatch,Electronics,Delhi,Online,UPI,1,6863.05,0.25,6863.05,5147.29,0,1025.53,2025,6,June,Tuesday,6863.05,5147.2875
2025-06-10,ORD036132,CUST04822,P015,Dining Table,Furniture,Kolkata,Online,Cash,4,19827.09,0.0,79308.36,79308.36,0,14717.64,2025,6,June,Tuesday,79308.36,79308.36
2025-06-10,ORD036502,CUST02163,P006,Desk,Furniture,Jaipur,Online,Credit Card,1,12310.98,0.2,12310.98,9848.78,0,874.5,2025,6,June,Tuesday,12310.98,9848.784
2025-06-10,ORD009335,CUST03087,P018,Jacket,Fashion,Ahmedabad,Online,Cash,1,5413.04,0.1,5413.04,4871.74,0,430.65,2025,6,June,Tuesday,5413.04,4871.736
2025-06-10,ORD005464,CUST04043,P017,Jeans,Fashion,Hyderabad,Online,Credit Card,3,2645.59,0.0,7936.77,7936.77,1,-396.84,2025,6,June,Tuesday,7936.77,7936.77
2025-06-10,ORD040400,CUST02001,P019,Vacuum Cleaner,Home,Chennai,Online,Credit Card,1,9501.72,0.2,9501.72,7601.38,0,425.77,2025,6,June,Tuesday,9501.72,7601.376
2025-06-10,ORD049620,CUST04541,P013,Monitor,Electronics,Kolkata,Online,Credit Card,1,18567.89,0.05,18567.89,17639.5,0,3296.41,2025,6,June,Tuesday,18567.89,17639.495499999997
2025-06-10,ORD046217,CUST04947,P006,Desk,Furniture,Bengaluru,Store,Cash,1,10987.01,0.0,10987.01,10987.01,0,2085.09,2025,6,June,Tuesday,10987.01,10987.01
2025-06-10,ORD046816,CUST01803,P009,T-Shirt,Fashion,Ahmedabad,Online,UPI,3,1143.88,0.0,3431.64,3431.64,0,715.79,2025,6,June,Tuesday,3431.6400000000003,3431.64
2025-06-10,ORD005397,CUST00485,P018,Jacket,Fashion,Jaipur,Store,Cash,1,4994.4,0.05,4994.4,4744.68,0,761.32,2025,6,June,Tuesday,4994.4,4744.679999999999
2025-06-10,ORD026088,CUST04234,P004,Smartwatch,Electronics,Surat,Online,UPI,1,6641.34,0.2,6641.34,5313.07,0,848.04,2025,6,June,Tuesday,6641.34,5313.072
2025-06-10,ORD018990,CUST03366,P017,Jeans,Fashion,Delhi,Online,UPI,3,2615.66,0.1,7846.98,7062.28,0,1421.3,2025,6,June,Tuesday,7846.98,7062.282
2025-06-10,ORD033052,CUST00875,P008,Running Shoes,Fashion,Mumbai,Online,Debit Card,1,4363.36,0.1,4363.36,3927.02,0,1033.61,2025,6,June,Tuesday,4363.36,3927.024
2025-06-10,ORD022424,CUST00406,P016,Sofa,Furniture,Delhi,Online,Credit Card,4,34132.62,0.1,136530.48,122877.43,0,11922.89,2025,6,June,Tuesday,136530.48,122877.43200000002
2025-06-10,ORD041295,CUST02742,P012,Air Fryer,Home,Ahmedabad,Online,UPI,1,7871.2,0.0,7871.2,7871.2,0,1849.4,2025,6,June,Tuesday,7871.2,7871.2
2025-06-10,ORD048034,CUST03057,P014,Keyboard,Electronics,Kolkata,Online,Credit Card,1,2498.93,0.2,2498.93,1999.14,0,236.73,2025,6,June,Tuesday,2498.93,1999.144
2025-06-10,ORD014582,CUST03977,P009,T-Shirt,Fashion,Hyderabad,Online,UPI,5,1107.03,0.15,5535.15,4704.88,1,-235.24,2025,6,June,Tuesday,5535.15,4704.8775
2025-06-10,ORD040619,CUST04720,P013,Monitor,Electronics,Surat,Online,UPI,1,18312.93,0.25,18312.93,13734.7,0,1858.85,2025,6,June,Tuesday,18312.93,13734.6975
2025-06-10,ORD044823,CUST00555,P013,Monitor,Electronics,Ahmedabad,Store,UPI,2,16725.7,0.0,33451.4,33451.4,0,7617.88,2025,6,June,Tuesday,33451.4,33451.4
2025-06-10,ORD011065,CUST00954,P009,T-Shirt,Fashion,Ahmedabad,Online,Cash,4,1194.14,0.0,4776.56,4776.56,0,877.47,2025,6,June,Tuesday,4776.56,4776.56
2025-06-10,ORD031558,CUST00129,P017,Jeans,Fashion,Bengaluru,Online,Credit Card,1,2944.61,0.0,2944.61,2944.61,0,444.78,2025,6,June,Tuesday,2944.61,2944.61
2025-06-10,ORD024735,CUST02587,P005,Office Chair,Furniture,Delhi,Store,UPI,1,8934.27,0.0,8934.27,8934.27,0,1560.38,2025,6,June,Tuesday,8934.27,8934.27
2025-06-10,ORD007125,CUST00677,P003,Headphones,Electronics,Ahmedabad,Store,UPI,2,4517.86,0.1,9035.72,8132.15,0,902.73,2025,6,June,Tuesday,9035.72,8132.147999999999
2025-06-10,ORD037002,CUST02572,P016,Sofa,Furniture,Hyderabad,Online,UPI,1,35705.29,0.1,35705.29,32134.76,0,3688.88,2025,6,June,Tuesday,35705.29,32134.761000000002
2025-06-10,ORD044288,CUST04295,P016,Sofa,Furniture,Kolkata,Online,UPI,1,34274.1,0.15,34274.1,29132.98,0,3120.34,2025,6,June,Tuesday,34274.1,29132.984999999997
2025-06-10,ORD047846,CUST03980,P004,Smartwatch,Electronics,Ahmedabad,Online,Cash,2,6780.39,0.25,13560.78,10170.59,0,2477.58,2025,6,June,Tuesday,13560.78,10170.585000000001
2025-06-10,ORD004946,CUST02018,P013,Monitor,Electronics,Kolkata,Online,Credit Card,1,18571.13,0.0,18571.13,18571.13,0,4602.94,2025,6,June,Tuesday,18571.13,18571.13
2025-06-10,ORD018227,CUST00971,P004,Smartwatch,Electronics,Bengaluru,Store,UPI,3,7016.18,0.15,21048.54,17891.26,0,1665.94,2025,6,June,Tuesday,21048.54,17891.259000000002
2025-06-10,ORD021274,CUST01570,P016,Sofa,Furniture,Chennai,Store,Cash,2,33513.49,0.15,67026.98,56972.93,0,14795.22,2025,6,June,Tuesday,67026.98,56972.933
2025-06-10,ORD049398,CUST03216,P009,T-Shirt,Fashion,Hyderabad,Online,Net Banking,5,1284.22,0.1,6421.1,5778.99,0,924.15,2025,6,June,Tuesday,6421.1,5778.990000000001
2025-06-10,ORD010235,CUST00474,P020,Microwave,Home,Pune,Store,Credit Card,2,11622.39,0.1,23244.78,20920.3,0,2579.25,2025,6,June,Tuesday,23244.78,20920.302
2025-06-10,ORD024922,CUST04874,P012,Air Fryer,Home,Hyderabad,Online,Cash,5,6794.35,0.15,33971.75,28875.99,0,1584.84,2025,6,June,Tuesday,33971.75,28875.9875
2025-06-10,ORD047452,CUST02634,P007,Backpack,Accessories,Jaipur,Online,UPI,4,1986.8,0.1,7947.2,7152.48,0,701.97,2025,6,June,Tuesday,7947.2,7152.48
2025-06-10,ORD021294,CUST01244,P008,Running Shoes,Fashion,Pune,Online,UPI,2,4225.5,0.05,8451.0,8028.45,0,1568.54,2025,6,June,Tuesday,8451.0,8028.45
2025-06-10,ORD035534,CUST02039,P016,Sofa,Furniture,Hyderabad,Online,UPI,1,33983.94,0.0,33983.94,33983.94,0,3975.65,2025,6,June,Tuesday,33983.94,33983.94
2025-06-10,ORD049799,CUST01659,P010,Coffee Maker,Home,Ahmedabad,Online,Cash,1,5568.77,0.1,5568.77,5011.89,0,1024.59,2025,6,June,Tuesday,5568.77,5011.893000000001
2025-06-10,ORD030032,CUST04283,P001,Laptop,Electronics,Surat,Online,Net Banking,1,61502.85,0.1,61502.85,55352.56,0,14253.51,2025,6,June,Tuesday,61502.85,55352.565
2025-06-10,ORD020973,CUST00530,P017,Jeans,Fashion,Hyderabad,Store,UPI,1,2779.27,0.15,2779.27,2362.38,0,398.78,2025,6,June,Tuesday,2779.27,2362.3795
2025-06-10,ORD029980,CUST00061,P016,Sofa,Furniture,Kolkata,Store,Credit Card,4,37324.51,0.15,149298.04,126903.33,1,-6345.17,2025,6,June,Tuesday,149298.04,126903.334
2025-06-10,ORD023179,CUST04984,P007,Backpack,Accessories,Bengaluru,Store,Credit Card,1,2151.03,0.1,2151.03,1935.93,0,273.53,2025,6,June,Tuesday,2151.03,1935.9270000000001
2025-06-10,ORD045646,CUST02486,P011,Mixer Grinder,Home,Chennai,Online,Debit Card,1,4841.52,0.05,4841.52,4599.44,1,-229.97,2025,6,June,Tuesday,4841.52,4599.444
2025-06-10,ORD046572,CUST00693,P004,Smartwatch,Electronics,Surat,Store,UPI,1,7375.43,0.0,7375.43,7375.43,1,-368.77,2025,6,June,Tuesday,7375.43,7375.43
2025-06-10,ORD006077,CUST00597,P003,Headphones,Electronics,Hyderabad,Online,Cash,1,4271.2,0.2,4271.2,3416.96,0,874.51,2025,6,June,Tuesday,4271.2,3416.96
2025-06-10,ORD028658,CUST00515,P020,Microwave,Home,Kolkata,Store,Credit Card,2,10388.6,0.25,20777.2,15582.9,0,2398.58,2025,6,June,Tuesday,20777.2,15582.900000000001
2025-06-10,ORD033427,CUST03939,P015,Dining Table,Furniture,Pune,Store,Cash,2,20506.65,0.1,41013.3,36911.97,0,2258.15,2025,6,June,Tuesday,41013.3,36911.97
2025-06-10,ORD032528,CUST03167,P009,T-Shirt,Fashion,Chennai,Online,Cash,5,1101.09,0.2,5505.45,4404.36,0,431.98,2025,6,June,Tuesday,5505.45,4404.36
2025-06-10,ORD016714,CUST02072,P003,Headphones,Electronics,Chennai,Store,Credit Card,1,4271.3,0.0,4271.3,4271.3,1,-213.57,2025,6,June,Tuesday,4271.3,4271.3
2025-06-10,ORD038375,CUST00455,P004,Smartwatch,Electronics,Chennai,Store,Credit Card,1,6605.01,0.05,6605.01,6274.76,0,1344.11,2025,6,June,Tuesday,6605.01,6274.7595
2025-06-10,ORD014148,CUST00841,P019,Vacuum Cleaner,Home,Surat,Online,UPI,2,8630.85,0.1,17261.7,15535.53,0,2741.29,2025,6,June,Tuesday,17261.7,15535.53
2025-06-10,ORD024449,CUST00175,P005,Office Chair,Furniture,Pune,Store,UPI,1,9076.6,0.1,9076.6,8168.94,0,1253.54,2025,6,June,Tuesday,9076.6,8168.9400000000005
2025-06-10,ORD001270,CUST02168,P018,Jacket,Fashion,Jaipur,Store,Credit Card,1,5091.03,0.2,5091.03,4072.82,0,466.25,2025,6,June,Tuesday,5091.03,4072.824
2025-06-10,ORD041133,CUST03390,P020,Microwave,Home,Jaipur,Online,Credit Card,1,11086.3,0.0,11086.3,11086.3,0,3263.1,2025,6,June,Tuesday,11086.3,11086.3
2025-06-10,ORD011503,CUST03121,P004,Smartwatch,Electronics,Hyderabad,Online,Debit Card,1,6484.93,0.05,6484.93,6160.68,0,1020.26,2025,6,June,Tuesday,6484.93,6160.6835
2025-06-10,ORD043709,CUST04017,P019,Vacuum Cleaner,Home,Pune,Store,UPI,1,8400.33,0.2,8400.33,6720.26,0,763.15,2025,6,June,Tuesday,8400.33,6720.264
2025-06-10,ORD038614,CUST03343,P020,Microwave,Home,Hyderabad,Online,Cash,1,10543.11,0.1,10543.11,9488.8,0,1148.59,2025,6,June,Tuesday,10543.11,9488.799
2025-06-10,ORD025502,CUST02160,P007,Backpack,Accessories,Hyderabad,Store,Credit Card,2,2200.99,0.15,4401.98,3741.68,0,384.08,2025,6,June,Tuesday,4401.98,3741.6829999999995
2025-06-10,ORD027681,CUST03813,P012,Air Fryer,Home,Surat,Store,Cash,1,7268.43,0.25,7268.43,5451.32,0,582.93,2025,6,June,Tuesday,7268.43,5451.3225
2025-06-10,ORD012869,CUST03055,P009,T-Shirt,Fashion,Surat,Online,Net Banking,1,1154.03,0.0,1154.03,1154.03,0,220.25,2025,6,June,Tuesday,1154.03,1154.03
2025-06-10,ORD039241,CUST02235,P012,Air Fryer,Home,Jaipur,Online,UPI,1,7686.83,0.15,7686.83,6533.81,0,653.49,2025,6,June,Tuesday,7686.83,6533.8054999999995
2025-06-10,ORD024545,CUST03187,P008,Running Shoes,Fashion,Delhi,Store,Credit Card,2,4486.94,0.1,8973.88,8076.49,0,2176.85,2025,6,June,Tuesday,8973.88,8076.491999999999
2025-06-10,ORD014594,CUST00417,P013,Monitor,Electronics,Jaipur,Online,UPI,1,18952.7,0.05,18952.7,18005.06,0,3973.62,2025,6,June,Tuesday,18952.7,18005.065
2025-06-10,ORD030961,CUST03169,P009,T-Shirt,Fashion,Chennai,Store,UPI,5,1286.65,0.15,6433.25,5468.26,0,1211.56,2025,6,June,Tuesday,6433.25,5468.2625
2025-06-10,ORD012728,CUST04288,P014,Keyboard,Electronics,Surat,Store,UPI,1,2524.67,0.1,2524.67,2272.2,0,363.06,2025,6,June,Tuesday,2524.67,2272.203
2025-06-10,ORD046764,CUST02542,P003,Headphones,Electronics,Chennai,Store,UPI,1,4160.98,0.1,4160.98,3744.88,0,875.27,2025,6,June,Tuesday,4160.98,3744.8819999999996
2025-06-10,ORD035485,CUST01649,P003,Headphones,Electronics,Jaipur,Store,UPI,1,4279.76,0.1,4279.76,3851.78,0,424.83,2025,6,June,Tuesday,4279.76,3851.784
2025-06-10,ORD046509,CUST01614,P010,Coffee Maker,Home,Ahmedabad,Online,UPI,2,5451.93,0.15,10903.86,9268.28,0,2301.56,2025,6,June,Tuesday,10903.86,9268.281
2025-06-10,ORD046933,CUST00478,P010,Coffee Maker,Home,Surat,Online,UPI,5,5284.3,0.05,26421.5,25100.42,0,1856.33,2025,6,June,Tuesday,26421.5,25100.425
2025-06-11,ORD049041,CUST00681,P008,Running Shoes,Fashion,Pune,Store,UPI,1,4513.63,0.05,4513.63,4287.95,0,1059.48,2025,6,June,Wednesday,4513.63,4287.9484999999995
2025-06-11,ORD044142,CUST01945,P012,Air Fryer,Home,Hyderabad,Online,UPI,1,7271.42,0.15,7271.42,6180.71,0,400.36,2025,6,June,Wednesday,7271.42,6180.707
2025-06-11,ORD000704,CUST00278,P013,Monitor,Electronics,Ahmedabad,Online,UPI,1,19366.07,0.1,19366.07,17429.46,0,2893.97,2025,6,June,Wednesday,19366.07,17429.463
2025-06-11,ORD026854,CUST01493,P002,Smartphone,Electronics,Hyderabad,Online,Credit Card,3,26012.47,0.05,78037.41,74135.54,0,12527.03,2025,6,June,Wednesday,78037.41,74135.5395
2025-06-11,ORD014509,CUST04784,P013,Monitor,Electronics,Jaipur,Store,Net Banking,4,17142.58,0.05,68570.32,65141.8,0,6935.71,2025,6,June,Wednesday,68570.32,65141.804000000004
2025-06-11,ORD032514,CUST04421,P018,Jacket,Fashion,Delhi,Store,Credit Card,1,4956.0,0.1,4956.0,4460.4,0,992.39,2025,6,June,Wednesday,4956.0,4460.400000000001
2025-06-11,ORD048666,CUST01264,P006,Desk,Furniture,Surat,Online,Debit Card,2,12367.59,0.2,24735.18,19788.14,0,1463.62,2025,6,June,Wednesday,24735.18,19788.144
2025-06-11,ORD045082,CUST04199,P012,Air Fryer,Home,Kolkata,Store,UPI,1,6846.26,0.15,6846.26,5819.32,0,1193.83,2025,6,June,Wednesday,6846.26,5819.321
2025-06-11,ORD024360,CUST03693,P001,Laptop,Electronics,Bengaluru,Online,Credit Card,1,69185.3,0.15,69185.3,58807.5,0,12384.08,2025,6,June,Wednesday,69185.3,58807.505
2025-06-11,ORD009506,CUST02995,P008,Running Shoes,Fashion,Delhi,Online,UPI,2,3953.4,0.1,7906.8,7116.12,0,1450.31,2025,6,June,Wednesday,7906.8,7116.12
2025-06-11,ORD008963,CUST00056,P014,Keyboard,Electronics,Ahmedabad,Online,Credit Card,2,2539.83,0.05,5079.66,4825.68,0,1223.0,2025,6,June,Wednesday,5079.66,4825.677
2025-06-11,ORD043017,CUST02969,P008,Running Shoes,Fashion,Delhi,Online,Credit Card,2,4576.87,0.25,9153.74,6865.3,1,-343.27,2025,6,June,Wednesday,9153.74,6865.305
2025-06-11,ORD023165,CUST04207,P005,Office Chair,Furniture,Jaipur,Store,UPI,1,9163.82,0.0,9163.82,9163.82,0,2442.68,2025,6,June,Wednesday,9163.82,9163.82
2025-06-11,ORD015526,CUST03478,P003,Headphones,Electronics,Mumbai,Online,Debit Card,1,4609.27,0.15,4609.27,3917.88,0,481.63,2025,6,June,Wednesday,4609.27,3917.8795000000005
2025-06-11,ORD023353,CUST00958,P013,Monitor,Electronics,Mumbai,Online,Debit Card,1,18889.79,0.1,18889.79,17000.81,0,2755.82,2025,6,June,Wednesday,18889.79,17000.811
2025-06-11,ORD046427,CUST01612,P020,Microwave,Home,Delhi,Store,UPI,1,10100.61,0.0,10100.61,10100.61,0,1616.75,2025,6,June,Wednesday,10100.61,10100.61
2025-06-11,ORD040155,CUST00829,P010,Coffee Maker,Home,Bengaluru,Online,UPI,1,5481.98,0.1,5481.98,4933.78,0,1355.28,2025,6,June,Wednesday,5481.98,4933.782
2025-06-11,ORD018711,CUST00689,P006,Desk,Furniture,Ahmedabad,Online,Net Banking,2,11502.54,0.0,23005.08,23005.08,0,2965.98,2025,6,June,Wednesday,23005.08,23005.08
2025-06-11,ORD008792,CUST01247,P006,Desk,Furniture,Delhi,Store,Debit Card,1,11253.19,0.25,11253.19,8439.89,0,1034.13,2025,6,June,Wednesday,11253.19,8439.8925
2025-06-11,ORD019849,CUST01888,P014,Keyboard,Electronics,Delhi,Online,UPI,2,2529.13,0.1,5058.26,4552.43,0,1147.12,2025,6,June,Wednesday,5058.26,4552.434
2025-06-11,ORD018066,CUST04701,P002,Smartphone,Electronics,Delhi,Store,Credit Card,1,27675.65,0.15,27675.65,23524.3,0,5838.48,2025,6,June,Wednesday,27675.65,23524.3025
2025-06-11,ORD004645,CUST00794,P002,Smartphone,Electronics,Bengaluru,Online,Debit Card,1,29785.44,0.15,29785.44,25317.62,0,2898.04,2025,6,June,Wednesday,29785.44,25317.624
2025-06-11,ORD018110,CUST00151,P007,Backpack,Accessories,Chennai,Store,Credit Card,1,2010.69,0.05,2010.69,1910.16,0,366.93,2025,6,June,Wednesday,2010.69,1910.1555
2025-06-11,ORD015195,CUST02452,P002,Smartphone,Electronics,Bengaluru,Online,UPI,2,30611.42,0.2,61222.84,48978.27,0,11105.18,2025,6,June,Wednesday,61222.84,48978.272
2025-06-11,ORD019088,CUST00020,P008,Running Shoes,Fashion,Delhi,Store,UPI,3,3800.58,0.1,11401.74,10261.57,0,2282.67,2025,6,June,Wednesday,11401.74,10261.566
2025-06-11,ORD042790,CUST01718,P010,Coffee Maker,Home,Delhi,Online,UPI,1,5642.02,0.15,5642.02,4795.72,0,602.54,2025,6,June,Wednesday,5642.02,4795.717000000001
2025-06-11,ORD021992,CUST01262,P002,Smartphone,Electronics,Hyderabad,Store,UPI,1,27714.83,0.0,27714.83,27714.83,0,4708.05,2025,6,June,Wednesday,27714.83,27714.83
2025-06-11,ORD019903,CUST01929,P009,T-Shirt,Fashion,Jaipur,Store,UPI,1,1151.91,0.0,1151.91,1151.91,0,331.07,2025,6,June,Wednesday,1151.91,1151.91
2025-06-11,ORD045753,CUST00022,P011,Mixer Grinder,Home,Jaipur,Store,Credit Card,1,4896.15,0.15,4896.15,4161.73,0,825.43,2025,6,June,Wednesday,4896.15,4161.7275
2025-06-11,ORD029918,CUST04081,P015,Dining Table,Furniture,Ahmedabad,Store,Credit Card,1,20626.56,0.05,20626.56,19595.23,0,2577.78,2025,6,June,Wednesday,20626.56,19595.232
2025-06-11,ORD046465,CUST00187,P007,Backpack,Accessories,Jaipur,Online,Credit Card,1,2295.79,0.2,2295.79,1836.63,0,206.1,2025,6,June,Wednesday,2295.79,1836.632
2025-06-11,ORD008772,CUST03689,P005,Office Chair,Furniture,Mumbai,Online,Credit Card,1,9654.22,0.2,9654.22,7723.38,0,1268.04,2025,6,June,Wednesday,9654.22,7723.376
2025-06-11,ORD023680,CUST04465,P004,Smartwatch,Electronics,Surat,Store,UPI,2,6765.14,0.05,13530.28,12853.77,0,2302.0,2025,6,June,Wednesday,13530.28,12853.766
2025-06-11,ORD010234,CUST03918,P006,Desk,Furniture,Kolkata,Online,Debit Card,2,11407.15,0.1,22814.3,20532.87,0,2378.23,2025,6,June,Wednesday,22814.3,20532.87
2025-06-11,ORD017874,CUST00156,P007,Backpack,Accessories,Hyderabad,Online,UPI,3,2388.35,0.05,7165.05,6806.8,0,986.53,2025,6,June,Wednesday,7165.049999999999,6806.7975
2025-06-11,ORD047184,CUST04472,P007,Backpack,Accessories,Bengaluru,Store,Credit Card,1,2006.42,0.1,2006.42,1805.78,0,184.28,2025,6,June,Wednesday,2006.42,1805.778
2025-06-11,ORD032653,CUST00809,P018,Jacket,Fashion,Kolkata,Online,UPI,1,5699.78,0.05,5699.78,5414.79,0,739.66,2025,6,June,Wednesday,5699.78,5414.790999999999
2025-06-11,ORD040821,CUST02767,P005,Office Chair,Furniture,Ahmedabad,Store,Net Banking,1,8941.67,0.1,8941.67,8047.5,0,818.67,2025,6,June,Wednesday,8941.67,8047.503000000001
2025-06-11,ORD002606,CUST03739,P014,Keyboard,Electronics,Surat,Store,UPI,1,2269.22,0.05,2269.22,2155.76,0,201.29,2025,6,June,Wednesday,2269.22,2155.7589999999996
2025-06-11,ORD031552,CUST01038,P020,Microwave,Home,Ahmedabad,Store,Net Banking,1,11322.64,0.0,11322.64,11322.64,0,3317.41,2025,6,June,Wednesday,11322.64,11322.64
2025-06-11,ORD031556,CUST02717,P019,Vacuum Cleaner,Home,Pune,Store,UPI,1,8302.63,0.0,8302.63,8302.63,0,1958.02,2025,6,June,Wednesday,8302.63,8302.63
2025-06-11,ORD013251,CUST02711,P018,Jacket,Fashion,Chennai,Store,Net Banking,1,5390.95,0.25,5390.95,4043.21,0,829.66,2025,6,June,Wednesday,5390.95,4043.2124999999996
2025-06-11,ORD002247,CUST01713,P004,Smartwatch,Electronics,Ahmedabad,Online,UPI,1,6712.63,0.0,6712.63,6712.63,0,1478.77,2025,6,June,Wednesday,6712.63,6712.63
2025-06-11,ORD012612,CUST01352,P002,Smartphone,Electronics,Hyderabad,Online,UPI,1,29875.23,0.1,29875.23,26887.71,0,5194.16,2025,6,June,Wednesday,29875.23,26887.707
2025-06-11,ORD006802,CUST03196,P010,Coffee Maker,Home,Pune,Store,UPI,2,5539.71,0.2,11079.42,8863.54,0,633.63,2025,6,June,Wednesday,11079.42,8863.536
2025-06-11,ORD002263,CUST00038,P009,T-Shirt,Fashion,Mumbai,Store,Debit Card,1,1296.22,0.2,1296.22,1036.98,0,238.75,2025,6,June,Wednesday,1296.22,1036.976
2025-06-11,ORD030680,CUST04754,P009,T-Shirt,Fashion,Ahmedabad,Online,UPI,2,1314.56,0.1,2629.12,2366.21,0,475.58,2025,6,June,Wednesday,2629.12,2366.208
2025-06-11,ORD003178,CUST01114,P017,Jeans,Fashion,Pune,Online,Net Banking,1,2881.09,0.05,2881.09,2737.04,0,459.31,2025,6,June,Wednesday,2881.09,2737.0355
2025-06-11,ORD043207,CUST04264,P006,Desk,Furniture,Pune,Online,Net Banking,3,10876.64,0.0,32629.92,32629.92,0,5147.51,2025,6,June,Wednesday,32629.92,32629.92
2025-06-11,ORD036863,CUST01817,P018,Jacket,Fashion,Kolkata,Online,Debit Card,1,4982.56,0.0,4982.56,4982.56,1,-249.13,2025,6,June,Wednesday,4982.56,4982.56
2025-06-11,ORD021263,CUST02929,P014,Keyboard,Electronics,Mumbai,Online,Cash,1,2725.62,0.05,2725.62,2589.34,0,301.13,2025,6,June,Wednesday,2725.62,2589.339
2025-06-11,ORD036052,CUST04701,P016,Sofa,Furniture,Kolkata,Online,Cash,1,32262.24,0.0,32262.24,32262.24,0,3893.33,2025,6,June,Wednesday,32262.24,32262.24
2025-06-11,ORD030692,CUST04009,P018,Jacket,Fashion,Kolkata,Store,UPI,4,5246.57,0.05,20986.28,19936.97,0,4139.9,2025,6,June,Wednesday,20986.28,19936.965999999997
2025-06-11,ORD038752,CUST03102,P007,Backpack,Accessories,Chennai,Online,Debit Card,2,2006.5,0.05,4013.0,3812.35,0,734.62,2025,6,June,Wednesday,4013.0,3812.35
2025-06-11,ORD000801,CUST04523,P007,Backpack,Accessories,Surat,Store,Credit Card,5,2066.89,0.1,10334.45,9301.0,0,1959.26,2025,6,June,Wednesday,10334.449999999999,9301.005000000001
2025-06-11,ORD048575,CUST02460,P005,Office Chair,Furniture,Surat,Store,UPI,2,8965.56,0.1,17931.12,16138.01,0,2866.34,2025,6,June,Wednesday,17931.12,16138.008
2025-06-11,ORD004684,CUST03203,P017,Jeans,Fashion,Surat,Online,UPI,1,2850.61,0.0,2850.61,2850.61,0,617.28,2025,6,June,Wednesday,2850.61,2850.61
2025-06-11,ORD034886,CUST00850,P015,Dining Table,Furniture,Jaipur,Store,Credit Card,1,20716.33,0.25,20716.33,15537.25,0,2280.34,2025,6,June,Wednesday,20716.33,15537.247500000001
2025-06-11,ORD027938,CUST04812,P005,Office Chair,Furniture,Surat,Online,Debit Card,1,8718.58,0.0,8718.58,8718.58,0,1645.0,2025,6,June,Wednesday,8718.58,8718.58
2025-06-11,ORD029093,CUST01859,P020,Microwave,Home,Delhi,Store,Cash,1,12096.83,0.05,12096.83,11491.99,0,2249.77,2025,6,June,Wednesday,12096.83,11491.9885
2025-06-11,ORD039715,CUST00250,P011,Mixer Grinder,Home,Mumbai,Online,Cash,1,4969.68,0.2,4969.68,3975.74,0,601.64,2025,6,June,Wednesday,4969.68,3975.7440000000006
2025-06-11,ORD010273,CUST04304,P020,Microwave,Home,Surat,Store,Credit Card,4,10288.01,0.25,41152.04,30864.03,1,-1543.2,2025,6,June,Wednesday,41152.04,30864.03
2025-06-11,ORD024491,CUST04616,P003,Headphones,Electronics,Ahmedabad,Online,Credit Card,1,4944.97,0.1,4944.97,4450.47,0,1245.26,2025,6,June,Wednesday,4944.97,4450.473
2025-06-11,ORD011692,CUST00876,P016,Sofa,Furniture,Mumbai,Online,Credit Card,1,35280.34,0.15,35280.34,29988.29,0,4928.6,2025,6,June,Wednesday,35280.34,29988.288999999997
2025-06-11,ORD026602,CUST04624,P004,Smartwatch,Electronics,Surat,Online,Credit Card,1,6370.61,0.15,6370.61,5415.02,0,986.83,2025,6,June,Wednesday,6370.61,5415.018499999999
2025-06-11,ORD007192,CUST01113,P011,Mixer Grinder,Home,Chennai,Online,UPI,1,4402.97,0.0,4402.97,4402.97,0,1021.84,2025,6,June,Wednesday,4402.97,4402.97
2025-06-11,ORD048957,CUST00915,P009,T-Shirt,Fashion,Surat,Online,UPI,2,1116.66,0.25,2233.32,1674.99,0,69.28,2025,6,June,Wednesday,2233.32,1674.9900000000002
2025-06-11,ORD001146,CUST00136,P007,Backpack,Accessories,Surat,Online,UPI,1,2101.9,0.1,2101.9,1891.71,0,300.79,2025,6,June,Wednesday,2101.9,1891.71
2025-06-11,ORD033831,CUST01157,P014,Keyboard,Electronics,Ahmedabad,Store,UPI,1,2460.92,0.0,2460.92,2460.92,0,647.75,2025,6,June,Wednesday,2460.92,2460.92
2025-06-12,ORD049177,CUST04128,P011,Mixer Grinder,Home,Pune,Online,UPI,1,4751.2,0.05,4751.2,4513.64,0,519.96,2025,6,June,Thursday,4751.2,4513.639999999999
2025-06-12,ORD036313,CUST00236,P001,Laptop,Electronics,Ahmedabad,Online,Credit Card,1,69778.87,0.15,69778.87,59312.04,0,13637.34,2025,6,June,Thursday,69778.87,59312.03949999999
2025-06-12,ORD029932,CUST03208,P015,Dining Table,Furniture,Chennai,Online,UPI,1,19897.85,0.2,19897.85,15918.28,0,1668.07,2025,6,June,Thursday,19897.85,15918.279999999999
2025-06-12,ORD003274,CUST03077,P001,Laptop,Electronics,Pune,Online,UPI,1,66232.73,0.0,66232.73,66232.73,1,-3311.64,2025,6,June,Thursday,66232.73,66232.73
2025-06-12,ORD018034,CUST03348,P013,Monitor,Electronics,Delhi,Online,Credit Card,3,19351.6,0.15,58054.8,49346.58,0,8059.25,2025,6,June,Thursday,58054.799999999996,49346.58
2025-06-12,ORD048728,CUST04378,P017,Jeans,Fashion,Jaipur,Store,Credit Card,2,2850.24,0.1,5700.48,5130.43,0,409.2,2025,6,June,Thursday,5700.48,5130.432
2025-06-12,ORD046768,CUST00408,P006,Desk,Furniture,Pune,Online,Credit Card,2,12360.25,0.05,24720.5,23484.48,0,4538.85,2025,6,June,Thursday,24720.5,23484.475
2025-06-12,ORD039939,CUST02935,P019,Vacuum Cleaner,Home,Surat,Online,Credit Card,3,8260.87,0.0,24782.61,24782.61,0,5358.1,2025,6,June,Thursday,24782.61,24782.61
2025-06-12,ORD003925,CUST01210,P018,Jacket,Fashion,Surat,Store,UPI,3,5230.85,0.15,15692.55,13338.67,0,980.94,2025,6,June,Thursday,15692.550000000001,13338.6675
2025-06-12,ORD018193,CUST02009,P001,Laptop,Electronics,Mumbai,Store,Debit Card,1,59754.23,0.0,59754.23,59754.23,0,6569.98,2025,6,June,Thursday,59754.23,59754.23
2025-06-12,ORD039352,CUST02394,P002,Smartphone,Electronics,Pune,Store,Net Banking,5,27251.84,0.0,136259.2,136259.2,0,32946.71,2025,6,June,Thursday,136259.2,136259.2
2025-06-12,ORD028147,CUST03191,P002,Smartphone,Electronics,Mumbai,Online,UPI,1,30032.49,0.1,30032.49,27029.24,0,5814.85,2025,6,June,Thursday,30032.49,27029.241
2025-06-12,ORD020834,CUST03480,P009,T-Shirt,Fashion,Chennai,Online,Net Banking,1,1282.55,0.0,1282.55,1282.55,0,277.29,2025,6,June,Thursday,1282.55,1282.55
2025-06-12,ORD026204,CUST02025,P009,T-Shirt,Fashion,Delhi,Online,Net Banking,1,1094.2,0.0,1094.2,1094.2,0,143.3,2025,6,June,Thursday,1094.2,1094.2
2025-06-12,ORD005495,CUST02380,P009,T-Shirt,Fashion,Kolkata,Online,Cash,4,1180.0,0.1,4720.0,4248.0,0,388.35,2025,6,June,Thursday,4720.0,4248.0
2025-06-12,ORD035451,CUST00227,P020,Microwave,Home,Surat,Online,Credit Card,1,10275.68,0.1,10275.68,9248.11,0,2135.22,2025,6,June,Thursday,10275.68,9248.112000000001
2025-06-12,ORD021831,CUST00400,P020,Microwave,Home,Ahmedabad,Online,Credit Card,2,11639.07,0.25,23278.14,17458.6,0,2175.7,2025,6,June,Thursday,23278.14,17458.605
2025-06-12,ORD037492,CUST01647,P002,Smartphone,Electronics,Delhi,Online,Credit Card,5,26809.86,0.0,134049.3,134049.3,0,33189.75,2025,6,June,Thursday,134049.3,134049.3
2025-06-12,ORD048541,CUST04261,P010,Coffee Maker,Home,Hyderabad,Online,UPI,1,5194.81,0.2,5194.81,4155.85,0,865.8,2025,6,June,Thursday,5194.81,4155.848000000001
2025-06-12,ORD032632,CUST04731,P015,Dining Table,Furniture,Surat,Store,UPI,1,22739.54,0.2,22739.54,18191.63,0,2600.08,2025,6,June,Thursday,22739.54,18191.632
2025-06-12,ORD038115,CUST04793,P009,T-Shirt,Fashion,Hyderabad,Online,Cash,1,1096.9,0.05,1096.9,1042.06,0,220.27,2025,6,June,Thursday,1096.9,1042.055
2025-06-12,ORD049952,CUST00803,P014,Keyboard,Electronics,Surat,Online,Net Banking,2,2356.45,0.1,4712.9,4241.61,0,817.96,2025,6,June,Thursday,4712.9,4241.61
2025-06-12,ORD028936,CUST02676,P016,Sofa,Furniture,Ahmedabad,Online,Debit Card,1,33100.63,0.1,33100.63,29790.57,0,3368.3,2025,6,June,Thursday,33100.63,29790.567
2025-06-12,ORD039220,CUST01580,P010,Coffee Maker,Home,Chennai,Online,UPI,1,5902.7,0.0,5902.7,5902.7,0,503.35,2025,6,June,Thursday,5902.7,5902.7
2025-06-12,ORD033813,CUST01691,P014,Keyboard,Electronics,Surat,Online,Credit Card,4,2442.98,0.05,9771.92,9283.32,0,1420.8,2025,6,June,Thursday,9771.92,9283.324
2025-06-12,ORD034200,CUST03993,P017,Jeans,Fashion,Surat,Store,Cash,2,2961.63,0.15,5923.26,5034.77,0,1247.18,2025,6,June,Thursday,5923.26,5034.771
2025-06-12,ORD032015,CUST00305,P002,Smartphone,Electronics,Surat,Online,UPI,3,26333.26,0.15,78999.78,67149.81,0,13062.09,2025,6,June,Thursday,78999.78,67149.813
2025-06-12,ORD048473,CUST02414,P001,Laptop,Electronics,Kolkata,Online,Debit Card,2,64464.93,0.0,128929.86,128929.86,0,29511.15,2025,6,June,Thursday,128929.86,128929.86
2025-06-12,ORD038892,CUST04936,P016,Sofa,Furniture,Ahmedabad,Online,UPI,1,36668.13,0.0,36668.13,36668.13,0,4158.2,2025,6,June,Thursday,36668.13,36668.13
2025-06-12,ORD037222,CUST02895,P002,Smartphone,Electronics,Ahmedabad,Online,Credit Card,5,25930.62,0.05,129653.1,123170.44,0,32320.82,2025,6,June,Thursday,129653.09999999999,123170.445
2025-06-12,ORD010650,CUST03661,P019,Vacuum Cleaner,Home,Pune,Store,Net Banking,2,9016.85,0.0,18033.7,18033.7,0,2758.03,2025,6,June,Thursday,18033.7,18033.7
2025-06-12,ORD041493,CUST00554,P013,Monitor,Electronics,Delhi,Online,UPI,1,16510.88,0.1,16510.88,14859.79,0,2925.09,2025,6,June,Thursday,16510.88,14859.792000000001
2025-06-12,ORD044521,CUST02008,P020,Microwave,Home,Pune,Store,Credit Card,2,10005.62,0.05,20011.24,19010.68,0,1403.2,2025,6,June,Thursday,20011.24,19010.678
2025-06-12,ORD001623,CUST00116,P011,Mixer Grinder,Home,Mumbai,Online,Debit Card,3,4340.78,0.0,13022.34,13022.34,0,1256.07,2025,6,June,Thursday,13022.34,13022.34
2025-06-12,ORD022168,CUST01917,P020,Microwave,Home,Kolkata,Online,UPI,2,10099.19,0.1,20198.38,18178.54,0,1217.29,2025,6,June,Thursday,20198.38,18178.542
2025-06-12,ORD013737,CUST00598,P010,Coffee Maker,Home,Pune,Online,UPI,3,5262.07,0.25,15786.21,11839.66,0,2356.55,2025,6,June,Thursday,15786.21,11839.6575
2025-06-12,ORD032728,CUST04423,P006,Desk,Furniture,Hyderabad,Store,UPI,2,12668.87,0.15,25337.74,21537.08,0,3473.09,2025,6,June,Thursday,25337.74,21537.079
2025-06-12,ORD031680,CUST01424,P013,Monitor,Electronics,Jaipur,Online,Credit Card,1,16940.65,0.0,16940.65,16940.65,0,4533.46,2025,6,June,Thursday,16940.65,16940.65
2025-06-12,ORD042796,CUST03791,P015,Dining Table,Furniture,Surat,Store,UPI,3,21574.67,0.1,64724.01,58251.61,0,10303.8,2025,6,June,Thursday,64724.009999999995,58251.609000000004
2025-06-12,ORD002191,CUST04576,P001,Laptop,Electronics,Jaipur,Online,Debit Card,1,67944.54,0.15,67944.54,57752.86,1,-2887.64,2025,6,June,Thursday,67944.54,57752.85899999999
2025-06-12,ORD023784,CUST02167,P004,Smartwatch,Electronics,Delhi,Store,Credit Card,2,7625.11,0.1,15250.22,13725.2,0,1235.3,2025,6,June,Thursday,15250.22,13725.198
2025-06-12,ORD008781,CUST01396,P014,Keyboard,Electronics,Pune,Store,UPI,1,2494.64,0.05,2494.64,2369.91,0,348.96,2025,6,June,Thursday,2494.64,2369.908
2025-06-12,ORD011130,CUST00697,P002,Smartphone,Electronics,Chennai,Online,UPI,1,28179.91,0.25,28179.91,21134.93,0,4180.86,2025,6,June,Thursday,28179.91,21134.9325
2025-06-12,ORD020094,CUST04101,P004,Smartwatch,Electronics,Mumbai,Online,UPI,5,7104.75,0.1,35523.75,31971.38,0,7140.57,2025,6,June,Thursday,35523.75,31971.375
2025-06-12,ORD018860,CUST02106,P004,Smartwatch,Electronics,Chennai,Online,UPI,1,7470.12,0.1,7470.12,6723.11,0,1491.42,2025,6,June,Thursday,7470.12,6723.108
2025-06-12,ORD044992,CUST03135,P016,Sofa,Furniture,Ahmedabad,Online,Credit Card,1,34570.01,0.0,34570.01,34570.01,0,3518.33,2025,6,June,Thursday,34570.01,34570.01
2025-06-12,ORD034297,CUST04964,P012,Air Fryer,Home,Ahmedabad,Online,Credit Card,1,7810.95,0.05,7810.95,7420.4,0,531.69,2025,6,June,Thursday,7810.95,7420.402499999999
2025-06-12,ORD020306,CUST03438,P008,Running Shoes,Fashion,Pune,Online,Credit Card,2,3901.83,0.0,7803.66,7803.66,0,792.36,2025,6,June,Thursday,7803.66,7803.66
2025-06-12,ORD029262,CUST01176,P003,Headphones,Electronics,Delhi,Online,UPI,2,4110.75,0.0,8221.5,8221.5,0,2416.19,2025,6,June,Thursday,8221.5,8221.5
2025-06-12,ORD036354,CUST00882,P020,Microwave,Home,Bengaluru,Store,UPI,2,10925.98,0.25,21851.96,16388.97,0,3455.48,2025,6,June,Thursday,21851.96,16388.97
2025-06-12,ORD029494,CUST00640,P013,Monitor,Electronics,Bengaluru,Online,Cash,3,19330.55,0.1,57991.65,52192.48,0,10065.0,2025,6,June,Thursday,57991.649999999994,52192.485
2025-06-12,ORD036885,CUST00752,P005,Office Chair,Furniture,Mumbai,Store,Credit Card,1,10179.25,0.1,10179.25,9161.33,0,2052.63,2025,6,June,Thursday,10179.25,9161.325
2025-06-12,ORD038268,CUST02786,P012,Air Fryer,Home,Chennai,Online,UPI,1,7437.34,0.1,7437.34,6693.61,0,1614.0,2025,6,June,Thursday,7437.34,6693.606000000001
2025-06-12,ORD012261,CUST00482,P013,Monitor,Electronics,Jaipur,Online,UPI,3,17552.68,0.2,52658.04,42126.43,0,4690.77,2025,6,June,Thursday,52658.04,42126.432
2025-06-12,ORD039595,CUST00915,P010,Coffee Maker,Home,Surat,Online,UPI,1,5457.92,0.1,5457.92,4912.13,0,1202.24,2025,6,June,Thursday,5457.92,4912.128000000001
2025-06-12,ORD033594,CUST02364,P016,Sofa,Furniture,Surat,Online,UPI,4,36925.79,0.15,147703.16,125547.69,0,17383.24,2025,6,June,Thursday,147703.16,125547.686
2025-06-12,ORD018690,CUST00040,P007,Backpack,Accessories,Hyderabad,Store,Debit Card,1,2349.79,0.05,2349.79,2232.3,0,609.63,2025,6,June,Thursday,2349.79,2232.3005
2025-06-12,ORD020703,CUST03222,P012,Air Fryer,Home,Mumbai,Online,UPI,1,7714.4,0.05,7714.4,7328.68,0,933.15,2025,6,June,Thursday,7714.4,7328.679999999999
2025-06-12,ORD033596,CUST04933,P015,Dining Table,Furniture,Pune,Store,Debit Card,2,19990.73,0.2,39981.46,31985.17,0,4274.45,2025,6,June,Thursday,39981.46,31985.168
2025-06-12,ORD027203,CUST00994,P019,Vacuum Cleaner,Home,Surat,Online,UPI,3,8435.03,0.1,25305.09,22774.58,0,2413.05,2025,6,June,Thursday,25305.090000000004,22774.581000000002
2025-06-12,ORD043156,CUST03304,P017,Jeans,Fashion,Bengaluru,Online,Credit Card,1,3077.51,0.0,3077.51,3077.51,0,386.59,2025,6,June,Thursday,3077.51,3077.51
2025-06-12,ORD020564,CUST04456,P013,Monitor,Electronics,Jaipur,Store,Cash,2,19493.1,0.2,38986.2,31188.96,0,7586.37,2025,6,June,Thursday,38986.2,31188.96
2025-06-12,ORD017167,CUST01765,P020,Microwave,Home,Hyderabad,Online,Debit Card,1,12011.08,0.2,12011.08,9608.86,0,1141.38,2025,6,June,Thursday,12011.08,9608.864
2025-06-12,ORD008279,CUST00008,P013,Monitor,Electronics,Jaipur,Online,Credit Card,2,18295.4,0.0,36590.8,36590.8,1,-1829.54,2025,6,June,Thursday,36590.8,36590.8
2025-06-12,ORD033633,CUST03331,P008,Running Shoes,Fashion,Surat,Store,UPI,1,3791.26,0.05,3791.26,3601.7,0,723.89,2025,6,June,Thursday,3791.26,3601.697
2025-06-12,ORD006427,CUST04753,P007,Backpack,Accessories,Pune,Online,UPI,1,2082.88,0.05,2082.88,1978.74,1,-98.94,2025,6,June,Thursday,2082.88,1978.736
2025-06-12,ORD008839,CUST00467,P013,Monitor,Electronics,Hyderabad,Online,Credit Card,3,17922.09,0.2,53766.27,43013.02,0,8147.8,2025,6,June,Thursday,53766.270000000004,43013.016
2025-06-12,ORD041303,CUST01658,P015,Dining Table,Furniture,Hyderabad,Online,Debit Card,1,21945.35,0.15,21945.35,18653.55,0,3416.83,2025,6,June,Thursday,21945.35,18653.547499999997
2025-06-12,ORD007830,CUST02523,P010,Coffee Maker,Home,Surat,Online,Credit Card,1,5075.08,0.2,5075.08,4060.06,0,327.96,2025,6,June,Thursday,5075.08,4060.0640000000003
2025-06-12,ORD037842,CUST01641,P009,T-Shirt,Fashion,Hyderabad,Store,UPI,1,1241.96,0.15,1241.96,1055.67,0,61.37,2025,6,June,Thursday,1241.96,1055.666
2025-06-12,ORD035909,CUST04701,P014,Keyboard,Electronics,Kolkata,Online,Credit Card,1,2464.33,0.0,2464.33,2464.33,0,530.16,2025,6,June,Thursday,2464.33,2464.33
2025-06-12,ORD008313,CUST02611,P003,Headphones,Electronics,Chennai,Store,Credit Card,5,4395.93,0.15,21979.65,18682.7,0,2088.19,2025,6,June,Thursday,21979.65,18682.7025
2025-06-12,ORD021652,CUST01305,P002,Smartphone,Electronics,Kolkata,Online,Credit Card,1,27605.5,0.2,27605.5,22084.4,0,5024.32,2025,6,June,Thursday,27605.5,22084.4
2025-06-12,ORD043183,CUST04090,P004,Smartwatch,Electronics,Bengaluru,Online,UPI,1,6398.29,0.15,6398.29,5438.55,0,548.12,2025,6,June,Thursday,6398.29,5438.5464999999995
2025-06-12,ORD027427,CUST03077,P005,Office Chair,Furniture,Jaipur,Store,Debit Card,1,9252.94,0.2,9252.94,7402.35,1,-370.12,2025,6,June,Thursday,9252.94,7402.352000000001
2025-06-12,ORD007282,CUST01615,P006,Desk,Furniture,Chennai,Store,Net Banking,2,12397.05,0.05,24794.1,23554.39,0,1779.53,2025,6,June,Thursday,24794.1,23554.394999999997
2025-06-13,ORD023311,CUST03361,P015,Dining Table,Furniture,Chennai,Online,Debit Card,3,21268.18,0.1,63804.54,57424.09,0,12502.61,2025,6,June,Friday,63804.54,57424.086
2025-06-13,ORD015817,CUST00309,P008,Running Shoes,Fashion,Ahmedabad,Online,UPI,1,4248.74,0.05,4248.74,4036.3,0,681.96,2025,6,June,Friday,4248.74,4036.3029999999994
2025-06-13,ORD014034,CUST03484,P003,Headphones,Electronics,Mumbai,Store,UPI,1,4773.86,0.15,4773.86,4057.78,0,658.03,2025,6,June,Friday,4773.86,4057.7809999999995
2025-06-13,ORD004957,CUST03861,P016,Sofa,Furniture,Surat,Online,UPI,2,34314.06,0.1,68628.12,61765.31,0,13045.82,2025,6,June,Friday,68628.12,61765.308
2025-06-13,ORD037834,CUST03343,P005,Office Chair,Furniture,Bengaluru,Store,Credit Card,1,8843.24,0.2,8843.24,7074.59,0,612.14,2025,6,June,Friday,8843.24,7074.592000000001
2025-06-13,ORD018204,CUST02611,P020,Microwave,Home,Pune,Online,UPI,1,10354.11,0.05,10354.11,9836.4,0,2424.55,2025,6,June,Friday,10354.11,9836.4045
2025-06-13,ORD038281,CUST02283,P020,Microwave,Home,Chennai,Online,UPI,1,11817.66,0.25,11817.66,8863.24,0,521.01,2025,6,June,Friday,11817.66,8863.244999999999
2025-06-13,ORD002861,CUST04970,P011,Mixer Grinder,Home,Ahmedabad,Store,UPI,1,4502.97,0.1,4502.97,4052.67,0,718.95,2025,6,June,Friday,4502.97,4052.6730000000002
2025-06-13,ORD033133,CUST00202,P009,T-Shirt,Fashion,Chennai,Online,Cash,4,1089.46,0.05,4357.84,4139.95,0,293.81,2025,6,June,Friday,4357.84,4139.948
2025-06-13,ORD031294,CUST04681,P020,Microwave,Home,Hyderabad,Online,UPI,1,11194.16,0.05,11194.16,10634.45,0,2318.96,2025,6,June,Friday,11194.16,10634.452
2025-06-13,ORD027307,CUST03142,P009,T-Shirt,Fashion,Mumbai,Online,UPI,1,1271.42,0.2,1271.42,1017.14,0,158.12,2025,6,June,Friday,1271.42,1017.1360000000001
2025-06-13,ORD032926,CUST02340,P011,Mixer Grinder,Home,Hyderabad,Online,Debit Card,1,4471.45,0.1,4471.45,4024.3,0,605.98,2025,6,June,Friday,4471.45,4024.305
2025-06-13,ORD025610,CUST01878,P012,Air Fryer,Home,Kolkata,Online,UPI,2,7017.21,0.2,14034.42,11227.54,0,591.32,2025,6,June,Friday,14034.42,11227.536
2025-06-13,ORD015654,CUST04828,P005,Office Chair,Furniture,Surat,Online,Net Banking,2,9429.42,0.05,18858.84,17915.9,0,4451.23,2025,6,June,Friday,18858.84,17915.898
2025-06-13,ORD029714,CUST04509,P014,Keyboard,Electronics,Kolkata,Online,Debit Card,3,2684.01,0.15,8052.03,6844.23,0,1231.34,2025,6,June,Friday,8052.030000000001,6844.2255
2025-06-13,ORD045677,CUST01994,P006,Desk,Furniture,Jaipur,Store,Credit Card,1,12850.22,0.15,12850.22,10922.69,0,1017.61,2025,6,June,Friday,12850.22,10922.687
2025-06-13,ORD042377,CUST01140,P012,Air Fryer,Home,Jaipur,Online,Debit Card,2,6724.17,0.1,13448.34,12103.51,0,1922.0,2025,6,June,Friday,13448.34,12103.506000000001
2025-06-13,ORD047709,CUST04000,P019,Vacuum Cleaner,Home,Bengaluru,Online,UPI,1,9071.27,0.05,9071.27,8617.71,0,1029.13,2025,6,June,Friday,9071.27,8617.7065
2025-06-13,ORD018714,CUST02860,P001,Laptop,Electronics,Mumbai,Store,Net Banking,4,70542.03,0.2,282168.12,225734.5,0,24973.54,2025,6,June,Friday,282168.12,225734.496
2025-06-13,ORD020869,CUST01711,P014,Keyboard,Electronics,Delhi,Store,UPI,1,2257.17,0.0,2257.17,2257.17,0,536.39,2025,6,June,Friday,2257.17,2257.17
2025-06-13,ORD034318,CUST02422,P006,Desk,Furniture,Ahmedabad,Store,Credit Card,1,11580.37,0.0,11580.37,11580.37,0,3073.72,2025,6,June,Friday,11580.37,11580.37
2025-06-13,ORD019323,CUST04041,P020,Microwave,Home,Kolkata,Online,Net Banking,2,10081.79,0.0,20163.58,20163.58,1,-1008.18,2025,6,June,Friday,20163.58,20163.58
2025-06-13,ORD019538,CUST01319,P019,Vacuum Cleaner,Home,Mumbai,Online,Net Banking,2,9253.73,0.05,18507.46,17582.09,0,3252.52,2025,6,June,Friday,18507.46,17582.087
2025-06-13,ORD004103,CUST03798,P018,Jacket,Fashion,Hyderabad,Store,Credit Card,1,5395.34,0.1,5395.34,4855.81,0,502.86,2025,6,June,Friday,5395.34,4855.8060000000005
2025-06-13,ORD023892,CUST04698,P001,Laptop,Electronics,Mumbai,Online,UPI,1,58954.85,0.0,58954.85,58954.85,0,5019.14,2025,6,June,Friday,58954.85,58954.85
2025-06-13,ORD038205,CUST03687,P018,Jacket,Fashion,Jaipur,Online,Credit Card,2,5469.35,0.05,10938.7,10391.76,0,825.12,2025,6,June,Friday,10938.7,10391.765
2025-06-13,ORD025289,CUST00301,P003,Headphones,Electronics,Jaipur,Store,UPI,1,4599.39,0.2,4599.39,3679.51,0,284.29,2025,6,June,Friday,4599.39,3679.5120000000006
2025-06-13,ORD012844,CUST01215,P014,Keyboard,Electronics,Kolkata,Online,UPI,2,2452.2,0.1,4904.4,4413.96,0,633.27,2025,6,June,Friday,4904.4,4413.96
2025-06-13,ORD012672,CUST04881,P015,Dining Table,Furniture,Chennai,Online,Credit Card,1,21340.61,0.05,21340.61,20273.58,0,3027.17,2025,6,June,Friday,21340.61,20273.5795
2025-06-13,ORD007264,CUST04789,P009,T-Shirt,Fashion,Pune,Store,UPI,3,1296.87,0.0,3890.61,3890.61,0,978.31,2025,6,June,Friday,3890.6099999999997,3890.61
2025-06-13,ORD008358,CUST04243,P013,Monitor,Electronics,Delhi,Online,Credit Card,1,19050.17,0.0,19050.17,19050.17,0,4879.75,2025,6,June,Friday,19050.17,19050.17
2025-06-13,ORD014559,CUST00549,P017,Jeans,Fashion,Chennai,Store,UPI,2,2597.48,0.1,5194.96,4675.46,0,330.22,2025,6,June,Friday,5194.96,4675.464
2025-06-13,ORD045036,CUST00122,P007,Backpack,Accessories,Jaipur,Store,UPI,2,2300.05,0.05,4600.1,4370.1,0,699.67,2025,6,June,Friday,4600.1,4370.095
2025-06-13,ORD026766,CUST01988,P016,Sofa,Furniture,Bengaluru,Store,Cash,1,32062.03,0.2,32062.03,25649.62,0,3214.62,2025,6,June,Friday,32062.03,25649.624
2025-06-13,ORD025967,CUST02656,P002,Smartphone,Electronics,Bengaluru,Online,Credit Card,1,30615.28,0.05,30615.28,29084.52,0,6593.54,2025,6,June,Friday,30615.28,29084.515999999996
2025-06-13,ORD034211,CUST01761,P020,Microwave,Home,Hyderabad,Store,Credit Card,1,10617.02,0.15,10617.02,9024.47,0,1851.42,2025,6,June,Friday,10617.02,9024.467
2025-06-13,ORD035072,CUST01840,P016,Sofa,Furniture,Ahmedabad,Store,Credit Card,2,36387.51,0.1,72775.02,65497.52,0,10205.0,2025,6,June,Friday,72775.02,65497.518000000004
2025-06-13,ORD001081,CUST02893,P019,Vacuum Cleaner,Home,Mumbai,Store,Cash,3,9364.31,0.05,28092.93,26688.28,0,6876.24,2025,6,June,Friday,28092.93,26688.283499999998
2025-06-13,ORD048029,CUST01768,P010,Coffee Maker,Home,Surat,Online,UPI,1,5615.79,0.1,5615.79,5054.21,0,712.54,2025,6,June,Friday,5615.79,5054.211
2025-06-13,ORD039320,CUST03132,P009,T-Shirt,Fashion,Delhi,Online,UPI,1,1207.6,0.25,1207.6,905.7,0,192.21,2025,6,June,Friday,1207.6,905.6999999999999
2025-06-13,ORD011261,CUST03909,P012,Air Fryer,Home,Jaipur,Store,UPI,1,7825.91,0.2,7825.91,6260.73,0,1055.15,2025,6,June,Friday,7825.91,6260.728
2025-06-13,ORD032117,CUST01176,P002,Smartphone,Electronics,Hyderabad,Online,Credit Card,1,26998.17,0.05,26998.17,25648.26,0,7201.4,2025,6,June,Friday,26998.17,25648.261499999997
2025-06-13,ORD038646,CUST03117,P005,Office Chair,Furniture,Ahmedabad,Online,UPI,1,9518.75,0.05,9518.75,9042.81,0,1528.04,2025,6,June,Friday,9518.75,9042.8125
2025-06-13,ORD017215,CUST00287,P018,Jacket,Fashion,Surat,Store,Cash,1,5158.08,0.05,5158.08,4900.18,0,1325.98,2025,6,June,Friday,5158.08,4900.1759999999995
2025-06-13,ORD038052,CUST03537,P016,Sofa,Furniture,Hyderabad,Online,Credit Card,2,38023.85,0.2,76047.7,60838.16,0,15672.71,2025,6,June,Friday,76047.7,60838.16
2025-06-13,ORD034070,CUST04909,P014,Keyboard,Electronics,Jaipur,Online,UPI,1,2575.35,0.0,2575.35,2575.35,0,432.97,2025,6,June,Friday,2575.35,2575.35
2025-06-13,ORD046241,CUST02642,P008,Running Shoes,Fashion,Mumbai,Store,Credit Card,3,3849.59,0.0,11548.77,11548.77,0,1324.5,2025,6,June,Friday,11548.77,11548.77
2025-06-13,ORD047702,CUST01284,P018,Jacket,Fashion,Delhi,Online,UPI,1,5007.63,0.1,5007.63,4506.87,0,992.07,2025,6,June,Friday,5007.63,4506.867
2025-06-13,ORD016971,CUST03024,P007,Backpack,Accessories,Hyderabad,Store,Net Banking,2,2323.7,0.15,4647.4,3950.29,0,1040.6,2025,6,June,Friday,4647.4,3950.2899999999995
2025-06-13,ORD015676,CUST01173,P014,Keyboard,Electronics,Hyderabad,Store,Credit Card,2,2570.55,0.2,5141.1,4112.88,0,571.03,2025,6,June,Friday,5141.1,4112.88
2025-06-13,ORD047610,CUST02402,P003,Headphones,Electronics,Bengaluru,Online,Credit Card,1,4515.16,0.1,4515.16,4063.64,0,423.87,2025,6,June,Friday,4515.16,4063.644
2025-06-13,ORD022767,CUST03634,P005,Office Chair,Furniture,Hyderabad,Online,Credit Card,1,9327.53,0.0,9327.53,9327.53,0,1148.82,2025,6,June,Friday,9327.53,9327.53
2025-06-13,ORD027768,CUST00405,P002,Smartphone,Electronics,Bengaluru,Online,Credit Card,1,28868.51,0.0,28868.51,28868.51,1,-1443.43,2025,6,June,Friday,28868.51,28868.51
2025-06-13,ORD035239,CUST02595,P019,Vacuum Cleaner,Home,Delhi,Online,Debit Card,5,8896.27,0.2,44481.35,35585.08,0,5854.74,2025,6,June,Friday,44481.350000000006,35585.08
2025-06-13,ORD033078,CUST04937,P007,Backpack,Accessories,Mumbai,Store,UPI,3,2018.69,0.25,6056.07,4542.05,0,609.59,2025,6,June,Friday,6056.07,4542.0525
2025-06-13,ORD023754,CUST03706,P012,Air Fryer,Home,Jaipur,Store,UPI,3,7763.54,0.05,23290.62,22126.09,0,3737.73,2025,6,June,Friday,23290.62,22126.088999999996
2025-06-13,ORD000959,CUST02697,P014,Keyboard,Electronics,Ahmedabad,Online,UPI,1,2475.45,0.0,2475.45,2475.45,0,500.24,2025,6,June,Friday,2475.45,2475.45
2025-06-13,ORD044897,CUST04916,P006,Desk,Furniture,Hyderabad,Online,Cash,3,12829.42,0.05,38488.26,36563.85,0,4963.11,2025,6,June,Friday,38488.26,36563.847
2025-06-13,ORD027349,CUST00751,P003,Headphones,Electronics,Ahmedabad,Store,Credit Card,1,4631.93,0.1,4631.93,4168.74,0,271.7,2025,6,June,Friday,4631.93,4168.737
2025-06-13,ORD022941,CUST02876,P005,Office Chair,Furniture,Hyderabad,Store,Net Banking,1,10171.36,0.1,10171.36,9154.22,1,-457.71,2025,6,June,Friday,10171.36,9154.224
2025-06-13,ORD048090,CUST03948,P003,Headphones,Electronics,Ahmedabad,Online,UPI,1,4758.63,0.15,4758.63,4044.84,0,702.43,2025,6,June,Friday,4758.63,4044.8355
2025-06-13,ORD007893,CUST02454,P018,Jacket,Fashion,Ahmedabad,Online,Credit Card,1,4802.72,0.05,4802.72,4562.58,0,1160.17,2025,6,June,Friday,4802.72,4562.584
2025-06-13,ORD029903,CUST02057,P013,Monitor,Electronics,Kolkata,Online,Credit Card,1,17410.13,0.2,17410.13,13928.1,0,3351.03,2025,6,June,Friday,17410.13,13928.104000000001
2025-06-13,ORD024280,CUST00963,P004,Smartwatch,Electronics,Delhi,Store,Credit Card,2,7460.84,0.1,14921.68,13429.51,0,3343.87,2025,6,June,Friday,14921.68,13429.512
2025-06-14,ORD029305,CUST03739,P012,Air Fryer,Home,Mumbai,Store,UPI,1,7576.47,0.1,7576.47,6818.82,0,1514.15,2025,6,June,Saturday,7576.47,6818.823
2025-06-14,ORD027430,CUST04256,P015,Dining Table,Furniture,Hyderabad,Online,UPI,1,22606.69,0.0,22606.69,22606.69,0,6100.67,2025,6,June,Saturday,22606.69,22606.69
2025-06-14,ORD038915,CUST03601,P006,Desk,Furniture,Surat,Online,UPI,1,12003.63,0.15,12003.63,10203.09,0,1681.14,2025,6,June,Saturday,12003.63,10203.0855
2025-06-14,ORD015032,CUST01495,P003,Headphones,Electronics,Pune,Online,UPI,1,4114.48,0.15,4114.48,3497.31,0,639.04,2025,6,June,Saturday,4114.48,3497.3079999999995
2025-06-14,ORD014833,CUST00881,P005,Office Chair,Furniture,Surat,Store,UPI,1,8958.93,0.1,8958.93,8063.04,0,1742.65,2025,6,June,Saturday,8958.93,8063.037
2025-06-14,ORD018599,CUST01103,P005,Office Chair,Furniture,Kolkata,Online,UPI,1,9344.57,0.25,9344.57,7008.43,0,508.72,2025,6,June,Saturday,9344.57,7008.4275
2025-06-14,ORD018124,CUST02845,P001,Laptop,Electronics,Ahmedabad,Online,UPI,3,60250.05,0.15,180750.15,153637.63,0,39085.6,2025,6,June,Saturday,180750.15000000002,153637.6275
2025-06-14,ORD017132,CUST04931,P016,Sofa,Furniture,Chennai,Online,UPI,5,33787.97,0.05,168939.85,160492.86,0,24402.53,2025,6,June,Saturday,168939.85,160492.85749999998
2025-06-14,ORD007097,CUST02851,P010,Coffee Maker,Home,Bengaluru,Online,UPI,2,5323.26,0.05,10646.52,10114.19,0,1873.35,2025,6,June,Saturday,10646.52,10114.194
2025-06-14,ORD016229,CUST04905,P020,Microwave,Home,Kolkata,Online,Debit Card,1,10807.03,0.05,10807.03,10266.68,0,982.53,2025,6,June,Saturday,10807.03,10266.6785
2025-06-14,ORD025109,CUST02036,P016,Sofa,Furniture,Delhi,Online,Net Banking,1,32135.9,0.0,32135.9,32135.9,0,3306.24,2025,6,June,Saturday,32135.9,32135.9
2025-06-14,ORD002827,CUST00655,P014,Keyboard,Electronics,Chennai,Store,Debit Card,4,2664.03,0.0,10656.12,10656.12,1,-532.81,2025,6,June,Saturday,10656.12,10656.12
2025-06-14,ORD016960,CUST02778,P001,Laptop,Electronics,Surat,Online,UPI,3,59599.74,0.0,178799.22,178799.22,0,20280.48,2025,6,June,Saturday,178799.22,178799.22
2025-06-14,ORD011872,CUST04655,P015,Dining Table,Furniture,Bengaluru,Store,Debit Card,1,24083.23,0.0,24083.23,24083.23,0,2584.74,2025,6,June,Saturday,24083.23,24083.23
2025-06-14,ORD001429,CUST03723,P001,Laptop,Electronics,Jaipur,Store,UPI,1,64589.32,0.0,64589.32,64589.32,0,10305.22,2025,6,June,Saturday,64589.32,64589.32
2025-06-14,ORD025572,CUST04245,P012,Air Fryer,Home,Chennai,Online,UPI,1,7448.08,0.1,7448.08,6703.27,0,1263.93,2025,6,June,Saturday,7448.08,6703.272
2025-06-14,ORD049201,CUST02279,P020,Microwave,Home,Pune,Online,Credit Card,1,10808.66,0.05,10808.66,10268.23,0,1786.14,2025,6,June,Saturday,10808.66,10268.226999999999
2025-06-14,ORD037994,CUST02181,P018,Jacket,Fashion,Surat,Store,UPI,1,4850.32,0.15,4850.32,4122.77,0,902.56,2025,6,June,Saturday,4850.32,4122.772
2025-06-14,ORD016655,CUST00946,P004,Smartwatch,Electronics,Hyderabad,Online,UPI,1,7265.74,0.15,7265.74,6175.88,0,654.14,2025,6,June,Saturday,7265.74,6175.879
2025-06-14,ORD019269,CUST04071,P007,Backpack,Accessories,Ahmedabad,Store,Credit Card,1,2345.39,0.25,2345.39,1759.04,0,209.87,2025,6,June,Saturday,2345.39,1759.0425
2025-06-14,ORD013045,CUST02184,P009,T-Shirt,Fashion,Delhi,Online,Credit Card,1,1176.92,0.1,1176.92,1059.23,0,83.11,2025,6,June,Saturday,1176.92,1059.228
2025-06-14,ORD005765,CUST01479,P017,Jeans,Fashion,Jaipur,Online,Credit Card,1,3026.8,0.05,3026.8,2875.46,0,619.24,2025,6,June,Saturday,3026.8,2875.46
2025-06-14,ORD025004,CUST04963,P006,Desk,Furniture,Ahmedabad,Online,Net Banking,1,12244.64,0.1,12244.64,11020.18,0,2001.13,2025,6,June,Saturday,12244.64,11020.176
2025-06-14,ORD006537,CUST00788,P013,Monitor,Electronics,Surat,Online,Net Banking,1,19532.17,0.2,19532.17,15625.74,0,4059.93,2025,6,June,Saturday,19532.17,15625.735999999999
2025-06-14,ORD048390,CUST04400,P009,T-Shirt,Fashion,Pune,Store,UPI,1,1143.39,0.0,1143.39,1143.39,0,172.37,2025,6,June,Saturday,1143.39,1143.39
2025-06-14,ORD018947,CUST03907,P012,Air Fryer,Home,Ahmedabad,Online,Credit Card,1,6484.2,0.05,6484.2,6159.99,0,613.57,2025,6,June,Saturday,6484.2,6159.99
2025-06-14,ORD027111,CUST04950,P017,Jeans,Fashion,Pune,Online,Debit Card,5,2647.15,0.1,13235.75,11912.18,0,2733.86,2025,6,June,Saturday,13235.75,11912.175000000001
2025-06-14,ORD001034,CUST03022,P007,Backpack,Accessories,Bengaluru,Store,Cash,1,2394.54,0.1,2394.54,2155.09,0,178.26,2025,6,June,Saturday,2394.54,2155.0860000000002
2025-06-14,ORD015011,CUST03244,P017,Jeans,Fashion,Chennai,Online,Debit Card,4,2863.19,0.1,11452.76,10307.48,0,2046.72,2025,6,June,Saturday,11452.76,10307.484
2025-06-14,ORD012077,CUST01793,P005,Office Chair,Furniture,Kolkata,Store,UPI,1,8839.8,0.0,8839.8,8839.8,0,1541.84,2025,6,June,Saturday,8839.8,8839.8
2025-06-14,ORD015454,CUST04104,P002,Smartphone,Electronics,Surat,Store,Net Banking,1,26059.06,0.05,26059.06,24756.11,1,-1237.81,2025,6,June,Saturday,26059.06,24756.107
2025-06-14,ORD022084,CUST02003,P011,Mixer Grinder,Home,Mumbai,Online,UPI,2,4695.72,0.1,9391.44,8452.3,0,2305.45,2025,6,June,Saturday,9391.44,8452.296
2025-06-14,ORD042761,CUST03083,P010,Coffee Maker,Home,Chennai,Online,UPI,5,5006.65,0.05,25033.25,23781.59,0,5581.09,2025,6,June,Saturday,25033.25,23781.587499999998
2025-06-14,ORD000857,CUST03228,P010,Coffee Maker,Home,Ahmedabad,Online,UPI,1,4987.69,0.1,4987.69,4488.92,0,762.83,2025,6,June,Saturday,4987.69,4488.920999999999
2025-06-14,ORD003998,CUST04097,P020,Microwave,Home,Delhi,Store,UPI,1,11231.69,0.15,11231.69,9546.94,0,2176.02,2025,6,June,Saturday,11231.69,9546.9365
2025-06-14,ORD017180,CUST00115,P010,Coffee Maker,Home,Hyderabad,Online,Credit Card,1,5747.43,0.05,5747.43,5460.06,0,920.34,2025,6,June,Saturday,5747.43,5460.0585
2025-06-14,ORD036870,CUST04196,P006,Desk,Furniture,Pune,Online,Credit Card,5,11119.65,0.05,55598.25,52818.34,0,3869.74,2025,6,June,Saturday,55598.25,52818.337499999994
2025-06-14,ORD035604,CUST03597,P019,Vacuum Cleaner,Home,Hyderabad,Store,Credit Card,1,8468.48,0.15,8468.48,7198.21,0,406.08,2025,6,June,Saturday,8468.48,7198.208
2025-06-14,ORD045845,CUST02602,P007,Backpack,Accessories,Bengaluru,Online,UPI,4,2293.97,0.1,9175.88,8258.29,0,1378.24,2025,6,June,Saturday,9175.88,8258.292
2025-06-14,ORD019061,CUST01663,P004,Smartwatch,Electronics,Chennai,Online,Credit Card,5,6721.49,0.0,33607.45,33607.45,0,7270.21,2025,6,June,Saturday,33607.45,33607.45
2025-06-14,ORD029794,CUST03935,P001,Laptop,Electronics,Delhi,Store,UPI,4,70029.64,0.2,280118.56,224094.85,0,26418.21,2025,6,June,Saturday,280118.56,224094.848
2025-06-14,ORD020975,CUST01568,P010,Coffee Maker,Home,Surat,Store,UPI,3,6033.44,0.15,18100.32,15385.27,0,1633.06,2025,6,June,Saturday,18100.32,15385.271999999999
2025-06-14,ORD016299,CUST00544,P019,Vacuum Cleaner,Home,Bengaluru,Online,Credit Card,2,9134.17,0.0,18268.34,18268.34,0,4658.98,2025,6,June,Saturday,18268.34,18268.34
2025-06-14,ORD002713,CUST01937,P014,Keyboard,Electronics,Kolkata,Online,Credit Card,1,2395.05,0.0,2395.05,2395.05,0,346.89,2025,6,June,Saturday,2395.05,2395.05
2025-06-14,ORD038714,CUST01350,P010,Coffee Maker,Home,Mumbai,Online,UPI,1,5304.8,0.15,5304.8,4509.08,0,1012.35,2025,6,June,Saturday,5304.8,4509.08
2025-06-14,ORD047279,CUST03301,P009,T-Shirt,Fashion,Delhi,Store,Credit Card,2,1094.18,0.0,2188.36,2188.36,0,439.24,2025,6,June,Saturday,2188.36,2188.36
2025-06-14,ORD002622,CUST04112,P005,Office Chair,Furniture,Kolkata,Online,UPI,2,9051.3,0.2,18102.6,14482.08,0,3267.59,2025,6,June,Saturday,18102.6,14482.08
2025-06-14,ORD021122,CUST04874,P012,Air Fryer,Home,Mumbai,Online,UPI,1,6707.04,0.15,6707.04,5700.98,0,1252.99,2025,6,June,Saturday,6707.04,5700.9839999999995
2025-06-14,ORD036435,CUST04316,P002,Smartphone,Electronics,Jaipur,Online,Net Banking,1,26122.64,0.1,26122.64,23510.38,0,3613.77,2025,6,June,Saturday,26122.64,23510.376
2025-06-14,ORD037879,CUST00634,P003,Headphones,Electronics,Kolkata,Store,Credit Card,1,4093.76,0.0,4093.76,4093.76,0,491.63,2025,6,June,Saturday,4093.76,4093.76
2025-06-14,ORD004636,CUST00286,P004,Smartwatch,Electronics,Jaipur,Online,UPI,1,6435.23,0.0,6435.23,6435.23,0,1368.2,2025,6,June,Saturday,6435.23,6435.23
2025-06-14,ORD046983,CUST03794,P002,Smartphone,Electronics,Hyderabad,Online,UPI,1,27413.66,0.25,27413.66,20560.24,0,4125.85,2025,6,June,Saturday,27413.66,20560.245
2025-06-14,ORD041212,CUST03917,P016,Sofa,Furniture,Delhi,Online,UPI,2,33891.88,0.1,67783.76,61005.38,0,10394.52,2025,6,June,Saturday,67783.76,61005.384
2025-06-14,ORD042623,CUST03127,P004,Smartwatch,Electronics,Jaipur,Store,Credit Card,1,6305.99,0.05,6305.99,5990.69,0,872.98,2025,6,June,Saturday,6305.99,5990.6905
2025-06-14,ORD027174,CUST00640,P008,Running Shoes,Fashion,Jaipur,Store,Credit Card,1,4378.63,0.2,4378.63,3502.9,0,156.58,2025,6,June,Saturday,4378.63,3502.9040000000005
2025-06-14,ORD007085,CUST02821,P008,Running Shoes,Fashion,Pune,Online,UPI,1,3844.84,0.1,3844.84,3460.36,0,336.26,2025,6,June,Saturday,3844.84,3460.356
2025-06-14,ORD019997,CUST02621,P002,Smartphone,Electronics,Kolkata,Online,Credit Card,1,25773.68,0.15,25773.68,21907.63,0,4098.81,2025,6,June,Saturday,25773.68,21907.628
2025-06-14,ORD013670,CUST02110,P013,Monitor,Electronics,Chennai,Online,Debit Card,2,18926.36,0.0,37852.72,37852.72,0,5029.73,2025,6,June,Saturday,37852.72,37852.72
2025-06-14,ORD015154,CUST02911,P002,Smartphone,Electronics,Jaipur,Online,Credit Card,4,26008.93,0.05,104035.72,98833.93,0,24136.38,2025,6,June,Saturday,104035.72,98833.934
2025-06-14,ORD003390,CUST01033,P010,Coffee Maker,Home,Mumbai,Online,UPI,3,5242.92,0.2,15728.76,12583.01,0,1219.34,2025,6,June,Saturday,15728.76,12583.008000000002
2025-06-14,ORD039396,CUST02600,P014,Keyboard,Electronics,Delhi,Store,UPI,1,2279.0,0.05,2279.0,2165.05,1,-108.25,2025,6,June,Saturday,2279.0,2165.0499999999997
2025-06-14,ORD003795,CUST01180,P011,Mixer Grinder,Home,Ahmedabad,Store,UPI,1,5070.83,0.05,5070.83,4817.29,0,816.02,2025,6,June,Saturday,5070.83,4817.2885
2025-06-14,ORD032001,CUST00408,P003,Headphones,Electronics,Delhi,Online,UPI,2,4797.6,0.0,9595.2,9595.2,0,1224.96,2025,6,June,Saturday,9595.2,9595.2
2025-06-14,ORD026417,CUST00743,P001,Laptop,Electronics,Surat,Store,UPI,1,70761.21,0.05,70761.21,67223.15,0,17182.24,2025,6,June,Saturday,70761.21,67223.1495
2025-06-14,ORD018207,CUST02303,P016,Sofa,Furniture,Pune,Online,Cash,2,34759.59,0.1,69519.18,62567.26,0,5521.05,2025,6,June,Saturday,69519.18,62567.261999999995
2025-06-14,ORD002223,CUST02263,P013,Monitor,Electronics,Bengaluru,Store,Credit Card,3,17809.77,0.2,53429.31,42743.45,0,5381.63,2025,6,June,Saturday,53429.31,42743.448000000004
2025-06-14,ORD027480,CUST02554,P005,Office Chair,Furniture,Surat,Store,Credit Card,1,10371.29,0.0,10371.29,10371.29,1,-518.56,2025,6,June,Saturday,10371.29,10371.29
2025-06-14,ORD036258,CUST01041,P020,Microwave,Home,Kolkata,Online,Net Banking,1,11692.54,0.25,11692.54,8769.41,1,-438.47,2025,6,June,Saturday,11692.54,8769.405
2025-06-14,ORD030264,CUST01067,P016,Sofa,Furniture,Chennai,Store,Credit Card,1,32383.61,0.1,32383.61,29145.25,0,3124.41,2025,6,June,Saturday,32383.61,29145.249
2025-06-14,ORD011745,CUST02520,P013,Monitor,Electronics,Jaipur,Store,Debit Card,2,16563.41,0.1,33126.82,29814.14,0,4739.77,2025,6,June,Saturday,33126.82,29814.138
2025-06-14,ORD049479,CUST02487,P002,Smartphone,Electronics,Surat,Store,Cash,1,28469.85,0.15,28469.85,24199.37,0,2112.71,2025,6,June,Saturday,28469.85,24199.372499999998
2025-06-14,ORD045072,CUST01074,P019,Vacuum Cleaner,Home,Ahmedabad,Online,Credit Card,4,8421.86,0.25,33687.44,25265.58,0,5987.34,2025,6,June,Saturday,33687.44,25265.58
2025-06-14,ORD009248,CUST03759,P007,Backpack,Accessories,Pune,Store,UPI,1,2083.24,0.15,2083.24,1770.75,0,142.81,2025,6,June,Saturday,2083.24,1770.7539999999997
2025-06-14,ORD045766,CUST00723,P012,Air Fryer,Home,Kolkata,Online,Net Banking,2,6678.36,0.05,13356.72,12688.88,0,2172.47,2025,6,June,Saturday,13356.72,12688.883999999998
2025-06-14,ORD039907,CUST03682,P007,Backpack,Accessories,Hyderabad,Online,UPI,4,2277.81,0.05,9111.24,8655.68,0,987.59,2025,6,June,Saturday,9111.24,8655.678
2025-06-14,ORD012323,CUST04760,P013,Monitor,Electronics,Ahmedabad,Online,UPI,1,17946.43,0.05,17946.43,17049.11,0,4540.2,2025,6,June,Saturday,17946.43,17049.1085
2025-06-14,ORD021496,CUST03242,P016,Sofa,Furniture,Pune,Online,Credit Card,1,33863.36,0.1,33863.36,30477.02,0,2348.15,2025,6,June,Saturday,33863.36,30477.024
2025-06-15,ORD003216,CUST01459,P008,Running Shoes,Fashion,Pune,Online,Net Banking,1,4457.56,0.25,4457.56,3343.17,0,196.37,2025,6,June,Sunday,4457.56,3343.17
2025-06-15,ORD044199,CUST04824,P007,Backpack,Accessories,Chennai,Online,Credit Card,1,2253.1,0.05,2253.1,2140.44,0,585.71,2025,6,June,Sunday,2253.1,2140.4449999999997
2025-06-15,ORD034924,CUST03958,P016,Sofa,Furniture,Chennai,Online,Credit Card,1,34846.83,0.1,34846.83,31362.15,0,5004.74,2025,6,June,Sunday,34846.83,31362.147
2025-06-15,ORD030088,CUST04611,P008,Running Shoes,Fashion,Jaipur,Online,UPI,1,4480.08,0.2,4480.08,3584.06,0,375.93,2025,6,June,Sunday,4480.08,3584.0640000000003
2025-06-15,ORD031354,CUST04295,P016,Sofa,Furniture,Chennai,Online,Credit Card,1,38008.48,0.05,38008.48,36108.06,0,10101.46,2025,6,June,Sunday,38008.48,36108.056000000004
2025-06-15,ORD032457,CUST02363,P005,Office Chair,Furniture,Ahmedabad,Online,Net Banking,2,10270.64,0.1,20541.28,18487.15,0,3887.28,2025,6,June,Sunday,20541.28,18487.152
2025-06-15,ORD036787,CUST01628,P015,Dining Table,Furniture,Surat,Store,UPI,2,21891.22,0.1,43782.44,39404.2,0,9856.87,2025,6,June,Sunday,43782.44,39404.196
2025-06-15,ORD040925,CUST01281,P010,Coffee Maker,Home,Mumbai,Store,Credit Card,2,5167.28,0.1,10334.56,9301.1,0,1923.0,2025,6,June,Sunday,10334.56,9301.104
2025-06-15,ORD019618,CUST04664,P004,Smartwatch,Electronics,Ahmedabad,Online,Credit Card,2,6665.31,0.1,13330.62,11997.56,0,3098.91,2025,6,June,Sunday,13330.62,11997.558
2025-06-15,ORD003229,CUST01223,P010,Coffee Maker,Home,Chennai,Online,Debit Card,1,5711.21,0.05,5711.21,5425.65,0,1506.0,2025,6,June,Sunday,5711.21,5425.6494999999995
2025-06-15,ORD009895,CUST04898,P006,Desk,Furniture,Pune,Online,Net Banking,4,11635.97,0.1,46543.88,41889.49,0,7451.27,2025,6,June,Sunday,46543.88,41889.492
2025-06-15,ORD015631,CUST00192,P005,Office Chair,Furniture,Pune,Online,UPI,2,10147.03,0.0,20294.06,20294.06,0,3919.18,2025,6,June,Sunday,20294.06,20294.06
2025-06-15,ORD009505,CUST01598,P012,Air Fryer,Home,Mumbai,Store,UPI,2,7535.38,0.1,15070.76,13563.68,0,1194.77,2025,6,June,Sunday,15070.76,13563.684000000001
2025-06-15,ORD011548,CUST02408,P020,Microwave,Home,Chennai,Online,Credit Card,1,10474.95,0.15,10474.95,8903.71,0,1606.99,2025,6,June,Sunday,10474.95,8903.7075
2025-06-15,ORD022107,CUST00275,P007,Backpack,Accessories,Bengaluru,Online,UPI,1,2388.88,0.15,2388.88,2030.55,0,328.44,2025,6,June,Sunday,2388.88,2030.548
2025-06-15,ORD034687,CUST04002,P009,T-Shirt,Fashion,Mumbai,Online,Net Banking,1,1297.45,0.05,1297.45,1232.58,0,285.11,2025,6,June,Sunday,1297.45,1232.5774999999999
2025-06-15,ORD015806,CUST00371,P014,Keyboard,Electronics,Surat,Online,Credit Card,1,2380.41,0.05,2380.41,2261.39,0,160.39,2025,6,June,Sunday,2380.41,2261.3894999999998
2025-06-15,ORD006499,CUST04061,P001,Laptop,Electronics,Delhi,Online,Net Banking,1,70231.46,0.15,70231.46,59696.74,0,3862.33,2025,6,June,Sunday,70231.46,59696.741
2025-06-15,ORD028999,CUST04617,P003,Headphones,Electronics,Kolkata,Online,Net Banking,1,4574.68,0.0,4574.68,4574.68,0,894.17,2025,6,June,Sunday,4574.68,4574.68
2025-06-15,ORD028210,CUST01696,P001,Laptop,Electronics,Delhi,Store,Credit Card,1,69430.72,0.2,69430.72,55544.58,0,11759.66,2025,6,June,Sunday,69430.72,55544.576
2025-06-15,ORD004773,CUST03652,P008,Running Shoes,Fashion,Chennai,Store,UPI,1,4269.65,0.15,4269.65,3629.2,0,929.08,2025,6,June,Sunday,4269.65,3629.2024999999994
2025-06-15,ORD006378,CUST04298,P005,Office Chair,Furniture,Ahmedabad,Online,UPI,1,9797.51,0.0,9797.51,9797.51,0,2755.82,2025,6,June,Sunday,9797.51,9797.51
2025-06-15,ORD023607,CUST00323,P020,Microwave,Home,Mumbai,Online,UPI,4,10839.5,0.0,43358.0,43358.0,0,8537.5,2025,6,June,Sunday,43358.0,43358.0
2025-06-15,ORD012377,CUST00313,P002,Smartphone,Electronics,Chennai,Online,UPI,1,27655.77,0.0,27655.77,27655.77,0,2555.02,2025,6,June,Sunday,27655.77,27655.77
2025-06-15,ORD025195,CUST01871,P012,Air Fryer,Home,Surat,Store,UPI,1,7746.6,0.0,7746.6,7746.6,0,2223.43,2025,6,June,Sunday,7746.6,7746.6
2025-06-15,ORD026306,CUST00915,P013,Monitor,Electronics,Surat,Store,Net Banking,1,17750.81,0.0,17750.81,17750.81,0,4950.75,2025,6,June,Sunday,17750.81,17750.81
2025-06-15,ORD015972,CUST02520,P013,Monitor,Electronics,Ahmedabad,Online,UPI,1,19394.76,0.1,19394.76,17455.28,0,3739.4,2025,6,June,Sunday,19394.76,17455.284
2025-06-15,ORD004411,CUST00924,P008,Running Shoes,Fashion,Jaipur,Online,Credit Card,1,4305.89,0.15,4305.89,3660.01,0,927.3,2025,6,June,Sunday,4305.89,3660.0065
2025-06-15,ORD034309,CUST03089,P012,Air Fryer,Home,Kolkata,Store,UPI,2,7871.23,0.2,15742.46,12593.97,0,989.86,2025,6,June,Sunday,15742.46,12593.968
2025-06-15,ORD038587,CUST00149,P010,Coffee Maker,Home,Hyderabad,Online,Cash,1,5063.61,0.05,5063.61,4810.43,0,1003.68,2025,6,June,Sunday,5063.61,4810.429499999999
2025-06-15,ORD015918,CUST03093,P002,Smartphone,Electronics,Surat,Online,UPI,2,29259.8,0.2,58519.6,46815.68,0,3927.52,2025,6,June,Sunday,58519.6,46815.68
2025-06-15,ORD014417,CUST00887,P016,Sofa,Furniture,Kolkata,Store,UPI,1,37623.18,0.15,37623.18,31979.7,0,1718.07,2025,6,June,Sunday,37623.18,31979.702999999998
2025-06-15,ORD032845,CUST04742,P004,Smartwatch,Electronics,Bengaluru,Online,UPI,2,7006.73,0.1,14013.46,12612.11,0,3397.66,2025,6,June,Sunday,14013.46,12612.114
2025-06-15,ORD048912,CUST04933,P005,Office Chair,Furniture,Hyderabad,Store,Cash,1,9974.62,0.25,9974.62,7480.96,0,382.77,2025,6,June,Sunday,9974.62,7480.965
2025-06-15,ORD006618,CUST03911,P017,Jeans,Fashion,Ahmedabad,Online,Credit Card,1,2635.96,0.2,2635.96,2108.77,0,325.01,2025,6,June,Sunday,2635.96,2108.768
2025-06-15,ORD026441,CUST04291,P001,Laptop,Electronics,Ahmedabad,Online,Net Banking,1,58649.22,0.25,58649.22,43986.92,0,10574.78,2025,6,June,Sunday,58649.22,43986.915
2025-06-15,ORD035068,CUST01055,P014,Keyboard,Electronics,Bengaluru,Store,Net Banking,1,2286.52,0.15,2286.52,1943.54,0,286.83,2025,6,June,Sunday,2286.52,1943.542
2025-06-15,ORD012269,CUST01353,P009,T-Shirt,Fashion,Kolkata,Online,UPI,1,1087.46,0.05,1087.46,1033.09,0,230.18,2025,6,June,Sunday,1087.46,1033.087
2025-06-15,ORD046208,CUST03843,P008,Running Shoes,Fashion,Bengaluru,Online,Credit Card,2,4418.35,0.15,8836.7,7511.2,0,1266.46,2025,6,June,Sunday,8836.7,7511.195000000001
2025-06-15,ORD021223,CUST00820,P005,Office Chair,Furniture,Mumbai,Online,Credit Card,1,9287.37,0.05,9287.37,8823.0,0,1381.47,2025,6,June,Sunday,9287.37,8823.0015
2025-06-15,ORD041907,CUST01201,P007,Backpack,Accessories,Surat,Online,Credit Card,2,2058.44,0.05,4116.88,3911.04,0,576.22,2025,6,June,Sunday,4116.88,3911.036
2025-06-15,ORD009630,CUST01115,P005,Office Chair,Furniture,Delhi,Online,Debit Card,2,10365.21,0.05,20730.42,19693.9,0,1494.01,2025,6,June,Sunday,20730.42,19693.898999999998
2025-06-15,ORD015719,CUST01663,P008,Running Shoes,Fashion,Jaipur,Online,Debit Card,1,4166.12,0.05,4166.12,3957.81,1,-197.89,2025,6,June,Sunday,4166.12,3957.814
2025-06-15,ORD002853,CUST03000,P001,Laptop,Electronics,Hyderabad,Online,UPI,3,67278.99,0.05,201836.97,191745.12,0,19604.51,2025,6,June,Sunday,201836.97000000003,191745.12149999998
2025-06-15,ORD047262,CUST04551,P013,Monitor,Electronics,Surat,Online,Net Banking,2,17194.34,0.05,34388.68,32669.25,0,8471.06,2025,6,June,Sunday,34388.68,32669.246
2025-06-15,ORD046082,CUST04925,P020,Microwave,Home,Kolkata,Online,Credit Card,2,11442.43,0.2,22884.86,18307.89,0,1579.56,2025,6,June,Sunday,22884.86,18307.888000000003
2025-06-15,ORD046083,CUST01577,P015,Dining Table,Furniture,Mumbai,Online,Debit Card,1,22228.35,0.0,22228.35,22228.35,0,6355.8,2025,6,June,Sunday,22228.35,22228.35
2025-06-15,ORD003858,CUST00660,P008,Running Shoes,Fashion,Jaipur,Online,Credit Card,1,4153.83,0.0,4153.83,4153.83,0,933.8,2025,6,June,Sunday,4153.83,4153.83
2025-06-15,ORD017542,CUST03732,P020,Microwave,Home,Jaipur,Store,Credit Card,1,11729.21,0.05,11729.21,11142.75,0,2415.16,2025,6,June,Sunday,11729.21,11142.749499999998
2025-06-15,ORD020881,CUST01037,P013,Monitor,Electronics,Surat,Online,Credit Card,2,17726.15,0.2,35452.3,28361.84,0,5341.02,2025,6,June,Sunday,35452.3,28361.840000000004
2025-06-15,ORD006492,CUST00688,P019,Vacuum Cleaner,Home,Hyderabad,Online,UPI,3,9572.3,0.2,28716.9,22973.52,0,3190.73,2025,6,June,Sunday,28716.899999999998,22973.520000000004
2025-06-15,ORD026511,CUST04885,P010,Coffee Maker,Home,Ahmedabad,Online,Debit Card,2,5746.26,0.1,11492.52,10343.27,0,1126.15,2025,6,June,Sunday,11492.52,10343.268
2025-06-15,ORD003321,CUST03626,P003,Headphones,Electronics,Surat,Online,UPI,1,4383.75,0.15,4383.75,3726.19,0,209.73,2025,6,June,Sunday,4383.75,3726.1875
2025-06-15,ORD032680,CUST01598,P006,Desk,Furniture,Surat,Online,UPI,1,12219.95,0.1,12219.95,10997.96,0,2276.9,2025,6,June,Sunday,12219.95,10997.955000000002
2025-06-15,ORD018363,CUST01802,P006,Desk,Furniture,Mumbai,Online,Debit Card,1,12473.94,0.05,12473.94,11850.24,0,946.85,2025,6,June,Sunday,12473.94,11850.243
2025-06-15,ORD006277,CUST02602,P007,Backpack,Accessories,Bengaluru,Online,UPI,4,2409.4,0.1,9637.6,8673.84,0,1750.94,2025,6,June,Sunday,9637.6,8673.84
2025-06-15,ORD029239,CUST02145,P010,Coffee Maker,Home,Ahmedabad,Online,Debit Card,1,5798.35,0.2,5798.35,4638.68,0,884.74,2025,6,June,Sunday,5798.35,4638.68
2025-06-15,ORD044216,CUST02069,P013,Monitor,Electronics,Kolkata,Online,Credit Card,1,17176.78,0.2,17176.78,13741.42,0,2056.52,2025,6,June,Sunday,17176.78,13741.423999999999
2025-06-15,ORD040573,CUST01643,P018,Jacket,Fashion,Pune,Store,UPI,2,4710.98,0.0,9421.96,9421.96,0,2586.82,2025,6,June,Sunday,9421.96,9421.96
2025-06-15,ORD017935,CUST00991,P011,Mixer Grinder,Home,Ahmedabad,Online,Net Banking,2,4368.3,0.0,8736.6,8736.6,0,1270.13,2025,6,June,Sunday,8736.6,8736.6
2025-06-15,ORD000471,CUST04006,P014,Keyboard,Electronics,Kolkata,Online,UPI,3,2727.02,0.05,8181.06,7772.01,0,575.29,2025,6,June,Sunday,8181.0599999999995,7772.007
2025-06-15,ORD016099,CUST03883,P008,Running Shoes,Fashion,Pune,Online,Credit Card,1,4061.74,0.0,4061.74,4061.74,0,1021.09,2025,6,June,Sunday,4061.74,4061.74
2025-06-15,ORD005515,CUST01964,P011,Mixer Grinder,Home,Chennai,Online,UPI,1,4661.39,0.1,4661.39,4195.25,0,470.07,2025,6,June,Sunday,4661.39,4195.251
2025-06-15,ORD010072,CUST04338,P020,Microwave,Home,Kolkata,Online,Credit Card,1,10300.24,0.0,10300.24,10300.24,0,1754.99,2025,6,June,Sunday,10300.24,10300.24
2025-06-15,ORD033188,CUST00480,P017,Jeans,Fashion,Pune,Store,UPI,1,2609.24,0.2,2609.24,2087.39,0,482.13,2025,6,June,Sunday,2609.24,2087.392
2025-06-15,ORD046449,CUST00520,P013,Monitor,Electronics,Kolkata,Online,Credit Card,1,17431.87,0.15,17431.87,14817.09,0,3643.7,2025,6,June,Sunday,17431.87,14817.089499999998
2025-06-16,ORD038945,CUST01003,P005,Office Chair,Furniture,Hyderabad,Store,Credit Card,2,9005.63,0.2,18011.26,14409.01,0,987.91,2025,6,June,Monday,18011.26,14409.008
2025-06-16,ORD047222,CUST03607,P008,Running Shoes,Fashion,Hyderabad,Online,UPI,1,4084.24,0.0,4084.24,4084.24,0,807.48,2025,6,June,Monday,4084.24,4084.24
2025-06-16,ORD040426,CUST01348,P012,Air Fryer,Home,Surat,Store,Credit Card,2,6787.23,0.1,13574.46,12217.01,0,1684.52,2025,6,June,Monday,13574.46,12217.014
2025-06-16,ORD008171,CUST00407,P006,Desk,Furniture,Mumbai,Online,UPI,1,12500.99,0.0,12500.99,12500.99,0,1336.64,2025,6,June,Monday,12500.99,12500.99
2025-06-16,ORD011244,CUST03456,P010,Coffee Maker,Home,Pune,Online,Net Banking,1,5834.55,0.05,5834.55,5542.82,0,703.36,2025,6,June,Monday,5834.55,5542.8225
2025-06-16,ORD009172,CUST03784,P007,Backpack,Accessories,Bengaluru,Online,Cash,1,2369.45,0.2,2369.45,1895.56,0,129.99,2025,6,June,Monday,2369.45,1895.56
2025-06-16,ORD048272,CUST02763,P005,Office Chair,Furniture,Mumbai,Online,Debit Card,1,9344.49,0.05,9344.49,8877.27,0,873.61,2025,6,June,Monday,9344.49,8877.2655
2025-06-16,ORD029758,CUST01241,P017,Jeans,Fashion,Ahmedabad,Store,Debit Card,2,2657.39,0.15,5314.78,4517.56,0,577.6,2025,6,June,Monday,5314.78,4517.563
2025-06-16,ORD044714,CUST00115,P020,Microwave,Home,Mumbai,Store,Credit Card,1,10414.76,0.15,10414.76,8852.55,0,2130.88,2025,6,June,Monday,10414.76,8852.546
2025-06-16,ORD000444,CUST04392,P007,Backpack,Accessories,Ahmedabad,Online,UPI,2,2094.91,0.1,4189.82,3770.84,0,696.95,2025,6,June,Monday,4189.82,3770.8379999999997
2025-06-16,ORD011303,CUST00802,P019,Vacuum Cleaner,Home,Delhi,Online,Credit Card,1,8697.1,0.15,8697.1,7392.54,0,959.42,2025,6,June,Monday,8697.1,7392.535
2025-06-16,ORD012773,CUST01445,P016,Sofa,Furniture,Hyderabad,Online,Net Banking,1,35115.0,0.05,35115.0,33359.25,0,2881.07,2025,6,June,Monday,35115.0,33359.25
2025-06-16,ORD025786,CUST04046,P014,Keyboard,Electronics,Surat,Store,Cash,1,2431.66,0.05,2431.66,2310.08,0,288.6,2025,6,June,Monday,2431.66,2310.0769999999998
2025-06-16,ORD027773,CUST03517,P011,Mixer Grinder,Home,Kolkata,Online,Debit Card,1,5100.34,0.1,5100.34,4590.31,0,857.68,2025,6,June,Monday,5100.34,4590.3060000000005
2025-06-16,ORD047994,CUST04960,P002,Smartphone,Electronics,Chennai,Online,Credit Card,1,29032.11,0.0,29032.11,29032.11,1,-1451.61,2025,6,June,Monday,29032.11,29032.11
2025-06-16,ORD031004,CUST02607,P009,T-Shirt,Fashion,Ahmedabad,Online,UPI,1,1123.06,0.05,1123.06,1066.91,0,200.02,2025,6,June,Monday,1123.06,1066.907
2025-06-16,ORD008272,CUST03957,P005,Office Chair,Furniture,Kolkata,Online,Credit Card,4,9004.22,0.05,36016.88,34216.04,0,4527.65,2025,6,June,Monday,36016.88,34216.03599999999
2025-06-16,ORD031255,CUST04473,P014,Keyboard,Electronics,Jaipur,Store,Credit Card,1,2468.6,0.15,2468.6,2098.31,0,353.02,2025,6,June,Monday,2468.6,2098.31
2025-06-16,ORD009746,CUST03405,P009,T-Shirt,Fashion,Bengaluru,Store,Credit Card,5,1289.6,0.15,6448.0,5480.8,1,-274.04,2025,6,June,Monday,6448.0,5480.8
2025-06-16,ORD042292,CUST00037,P019,Vacuum Cleaner,Home,Jaipur,Store,Credit Card,3,9751.84,0.15,29255.52,24867.19,1,-1243.36,2025,6,June,Monday,29255.52,24867.192
2025-06-16,ORD014646,CUST02450,P006,Desk,Furniture,Delhi,Online,Credit Card,1,12915.62,0.1,12915.62,11624.06,0,1174.51,2025,6,June,Monday,12915.62,11624.058
2025-06-16,ORD026886,CUST04059,P018,Jacket,Fashion,Pune,Store,Cash,2,5650.78,0.1,11301.56,10171.4,0,1081.24,2025,6,June,Monday,11301.56,10171.404
2025-06-16,ORD017755,CUST02991,P012,Air Fryer,Home,Jaipur,Store,UPI,2,6611.42,0.05,13222.84,12561.7,0,1419.49,2025,6,June,Monday,13222.84,12561.698
2025-06-16,ORD003515,CUST04357,P013,Monitor,Electronics,Ahmedabad,Online,Debit Card,4,17140.95,0.0,68563.8,68563.8,0,5932.55,2025,6,June,Monday,68563.8,68563.8
2025-06-16,ORD003842,CUST03484,P014,Keyboard,Electronics,Mumbai,Online,Debit Card,1,2672.38,0.2,2672.38,2137.9,0,112.2,2025,6,June,Monday,2672.38,2137.904
2025-06-16,ORD042627,CUST03617,P017,Jeans,Fashion,Jaipur,Online,Net Banking,2,2563.59,0.15,5127.18,4358.1,0,523.64,2025,6,June,Monday,5127.18,4358.103
2025-06-16,ORD036232,CUST04317,P016,Sofa,Furniture,Ahmedabad,Online,UPI,1,31726.45,0.1,31726.45,28553.8,0,7639.58,2025,6,June,Monday,31726.45,28553.805
2025-06-16,ORD003438,CUST00480,P003,Headphones,Electronics,Chennai,Online,Credit Card,3,4724.77,0.05,14174.31,13465.59,0,2558.02,2025,6,June,Monday,14174.310000000001,13465.5945
2025-06-16,ORD013484,CUST01104,P002,Smartphone,Electronics,Delhi,Store,Cash,1,26082.72,0.05,26082.72,24778.58,0,4837.58,2025,6,June,Monday,26082.72,24778.584
2025-06-16,ORD019071,CUST01995,P004,Smartwatch,Electronics,Surat,Store,Credit Card,1,6530.44,0.0,6530.44,6530.44,0,1657.72,2025,6,June,Monday,6530.44,6530.44
2025-06-16,ORD023746,CUST03595,P019,Vacuum Cleaner,Home,Mumbai,Online,Credit Card,1,8607.81,0.1,8607.81,7747.03,0,1298.34,2025,6,June,Monday,8607.81,7747.0289999999995
2025-06-16,ORD036603,CUST04018,P002,Smartphone,Electronics,Hyderabad,Online,UPI,1,28094.38,0.05,28094.38,26689.66,0,4269.61,2025,6,June,Monday,28094.38,26689.661
2025-06-16,ORD024076,CUST01303,P011,Mixer Grinder,Home,Ahmedabad,Online,UPI,1,4769.31,0.1,4769.31,4292.38,0,269.57,2025,6,June,Monday,4769.31,4292.379000000001
2025-06-16,ORD010937,CUST00759,P008,Running Shoes,Fashion,Bengaluru,Online,Credit Card,1,4490.2,0.25,4490.2,3367.65,0,262.93,2025,6,June,Monday,4490.2,3367.6499999999996
2025-06-16,ORD047574,CUST00285,P019,Vacuum Cleaner,Home,Chennai,Online,UPI,5,9486.05,0.15,47430.25,40315.71,0,6354.49,2025,6,June,Monday,47430.25,40315.7125
2025-06-16,ORD000211,CUST00670,P019,Vacuum Cleaner,Home,Bengaluru,Online,Cash,3,9009.37,0.15,27028.11,22973.89,1,-1148.69,2025,6,June,Monday,27028.11,22973.8935
2025-06-16,ORD047638,CUST04001,P001,Laptop,Electronics,Pune,Online,Debit Card,1,65839.5,0.0,65839.5,65839.5,0,19481.32,2025,6,June,Monday,65839.5,65839.5
2025-06-16,ORD048943,CUST01142,P006,Desk,Furniture,Chennai,Online,Debit Card,1,12957.49,0.05,12957.49,12309.62,0,3321.09,2025,6,June,Monday,12957.49,12309.6155
2025-06-16,ORD047229,CUST00655,P004,Smartwatch,Electronics,Jaipur,Online,Cash,1,6589.15,0.1,6589.15,5930.24,0,722.01,2025,6,June,Monday,6589.15,5930.235
2025-06-16,ORD042998,CUST00025,P013,Monitor,Electronics,Pune,Online,Credit Card,1,19206.18,0.15,19206.18,16325.25,0,2386.11,2025,6,June,Monday,19206.18,16325.253
2025-06-16,ORD040775,CUST03828,P003,Headphones,Electronics,Surat,Store,Net Banking,3,4733.99,0.25,14201.97,10651.48,0,1789.72,2025,6,June,Monday,14201.97,10651.477499999999
2025-06-16,ORD037097,CUST00728,P011,Mixer Grinder,Home,Delhi,Online,Net Banking,1,4842.0,0.0,4842.0,4842.0,0,917.99,2025,6,June,Monday,4842.0,4842.0
2025-06-16,ORD013097,CUST04103,P015,Dining Table,Furniture,Surat,Online,Net Banking,2,21414.79,0.0,42829.58,42829.58,0,10197.96,2025,6,June,Monday,42829.58,42829.58
2025-06-16,ORD005005,CUST01081,P006,Desk,Furniture,Mumbai,Online,Credit Card,3,12746.16,0.1,38238.48,34414.63,0,9589.97,2025,6,June,Monday,38238.479999999996,34414.632000000005
2025-06-16,ORD043429,CUST01512,P008,Running Shoes,Fashion,Ahmedabad,Store,Debit Card,1,3935.68,0.0,3935.68,3935.68,0,1044.99,2025,6,June,Monday,3935.68,3935.68
2025-06-16,ORD039832,CUST00817,P008,Running Shoes,Fashion,Mumbai,Online,UPI,1,4246.99,0.2,4246.99,3397.59,0,654.34,2025,6,June,Monday,4246.99,3397.592
2025-06-16,ORD041830,CUST01072,P018,Jacket,Fashion,Delhi,Store,UPI,1,5368.03,0.15,5368.03,4562.83,0,781.55,2025,6,June,Monday,5368.03,4562.8255
2025-06-16,ORD029515,CUST04005,P009,T-Shirt,Fashion,Kolkata,Online,UPI,2,1311.93,0.0,2623.86,2623.86,0,415.83,2025,6,June,Monday,2623.86,2623.86
2025-06-16,ORD036152,CUST04632,P016,Sofa,Furniture,Pune,Online,Debit Card,1,35402.66,0.25,35402.66,26552.0,0,2005.23,2025,6,June,Monday,35402.66,26551.995000000003
2025-06-16,ORD034398,CUST00560,P013,Monitor,Electronics,Chennai,Store,UPI,1,18926.4,0.1,18926.4,17033.76,0,4096.46,2025,6,June,Monday,18926.4,17033.760000000002
2025-06-16,ORD044500,CUST03945,P012,Air Fryer,Home,Jaipur,Online,UPI,1,7561.53,0.1,7561.53,6805.38,0,611.84,2025,6,June,Monday,7561.53,6805.3769999999995
2025-06-16,ORD042011,CUST04469,P004,Smartwatch,Electronics,Bengaluru,Online,Credit Card,2,7059.58,0.15,14119.16,12001.29,0,1216.18,2025,6,June,Monday,14119.16,12001.286
2025-06-16,ORD045318,CUST02677,P004,Smartwatch,Electronics,Bengaluru,Online,UPI,1,7398.9,0.25,7398.9,5549.17,0,827.6,2025,6,June,Monday,7398.9,5549.174999999999
2025-06-16,ORD042788,CUST02750,P017,Jeans,Fashion,Chennai,Online,Credit Card,1,2723.1,0.05,2723.1,2586.94,0,233.74,2025,6,June,Monday,2723.1,2586.9449999999997
2025-06-16,ORD049652,CUST00502,P013,Monitor,Electronics,Delhi,Online,Cash,1,16847.07,0.1,16847.07,15162.36,0,1655.51,2025,6,June,Monday,16847.07,15162.363
2025-06-16,ORD029787,CUST04732,P017,Jeans,Fashion,Delhi,Store,Credit Card,1,2639.26,0.05,2639.26,2507.3,0,595.04,2025,6,June,Monday,2639.26,2507.297
2025-06-16,ORD020260,CUST01373,P013,Monitor,Electronics,Surat,Online,UPI,2,18402.31,0.1,36804.62,33124.16,0,3048.87,2025,6,June,Monday,36804.62,33124.158
2025-06-16,ORD013550,CUST01369,P004,Smartwatch,Electronics,Jaipur,Online,Credit Card,3,7656.5,0.1,22969.5,20672.55,0,4467.88,2025,6,June,Monday,22969.5,20672.55
2025-06-16,ORD003838,CUST01495,P013,Monitor,Electronics,Jaipur,Store,Cash,1,19322.96,0.1,19322.96,17390.66,0,3567.03,2025,6,June,Monday,19322.96,17390.664
2025-06-16,ORD017926,CUST04007,P015,Dining Table,Furniture,Mumbai,Online,UPI,1,23943.34,0.2,23943.34,19154.67,0,4491.77,2025,6,June,Monday,23943.34,19154.672000000002
2025-06-16,ORD040292,CUST03022,P016,Sofa,Furniture,Chennai,Online,Debit Card,1,35563.82,0.1,35563.82,32007.44,0,2520.35,2025,6,June,Monday,35563.82,32007.438000000002
2025-06-16,ORD020780,CUST04517,P002,Smartphone,Electronics,Mumbai,Store,Debit Card,1,29593.55,0.1,29593.55,26634.2,1,-1331.71,2025,6,June,Monday,29593.55,26634.195
2025-06-16,ORD023665,CUST02654,P010,Coffee Maker,Home,Ahmedabad,Store,UPI,1,5723.52,0.1,5723.52,5151.17,0,1052.02,2025,6,June,Monday,5723.52,5151.168000000001
2025-06-16,ORD001839,CUST01948,P001,Laptop,Electronics,Pune,Store,Credit Card,3,67740.75,0.05,203222.25,193061.14,0,21034.53,2025,6,June,Monday,203222.25,193061.13749999998
2025-06-16,ORD007052,CUST02636,P006,Desk,Furniture,Jaipur,Store,Credit Card,2,11582.31,0.0,23164.62,23164.62,0,4887.74,2025,6,June,Monday,23164.62,23164.62
2025-06-16,ORD033400,CUST04627,P005,Office Chair,Furniture,Bengaluru,Online,Cash,2,8740.3,0.05,17480.6,16606.57,0,3001.64,2025,6,June,Monday,17480.6,16606.569999999996
2025-06-16,ORD001309,CUST02570,P014,Keyboard,Electronics,Jaipur,Store,Credit Card,1,2735.61,0.05,2735.61,2598.83,0,381.83,2025,6,June,Monday,2735.61,2598.8295
2025-06-16,ORD032217,CUST04192,P003,Headphones,Electronics,Kolkata,Online,Net Banking,3,4579.29,0.15,13737.87,11677.19,1,-583.86,2025,6,June,Monday,13737.869999999999,11677.1895
2025-06-16,ORD035275,CUST00867,P014,Keyboard,Electronics,Ahmedabad,Online,Credit Card,2,2254.28,0.05,4508.56,4283.13,0,342.7,2025,6,June,Monday,4508.56,4283.1320000000005
2025-06-16,ORD016039,CUST04784,P017,Jeans,Fashion,Delhi,Store,UPI,2,2769.02,0.1,5538.04,4984.24,0,596.93,2025,6,June,Monday,5538.04,4984.236
2025-06-16,ORD020531,CUST04666,P006,Desk,Furniture,Delhi,Online,Credit Card,1,10890.69,0.1,10890.69,9801.62,0,1292.23,2025,6,June,Monday,10890.69,9801.621000000001
2025-06-16,ORD021309,CUST00711,P003,Headphones,Electronics,Jaipur,Store,Credit Card,2,4424.49,0.15,8848.98,7521.63,0,742.33,2025,6,June,Monday,8848.98,7521.633
2025-06-16,ORD007470,CUST00032,P002,Smartphone,Electronics,Ahmedabad,Store,UPI,2,26085.72,0.0,52171.44,52171.44,0,7019.24,2025,6,June,Monday,52171.44,52171.44
2025-06-16,ORD029244,CUST04330,P017,Jeans,Fashion,Bengaluru,Online,UPI,1,2892.04,0.05,2892.04,2747.44,0,655.88,2025,6,June,Monday,2892.04,2747.4379999999996
2025-06-16,ORD034541,CUST03059,P003,Headphones,Electronics,Pune,Store,Net Banking,1,4848.56,0.1,4848.56,4363.7,0,678.4,2025,6,June,Monday,4848.56,4363.704000000001
2025-06-16,ORD014427,CUST04727,P010,Coffee Maker,Home,Chennai,Store,Cash,1,5621.82,0.1,5621.82,5059.64,0,774.24,2025,6,June,Monday,5621.82,5059.638
2025-06-16,ORD016114,CUST01282,P002,Smartphone,Electronics,Hyderabad,Store,UPI,2,29680.68,0.2,59361.36,47489.09,0,9894.39,2025,6,June,Monday,59361.36,47489.088
2025-06-16,ORD017213,CUST03468,P003,Headphones,Electronics,Bengaluru,Online,Credit Card,1,4249.75,0.15,4249.75,3612.29,0,933.42,2025,6,June,Monday,4249.75,3612.2875
2025-06-16,ORD039094,CUST00815,P003,Headphones,Electronics,Surat,Online,UPI,1,4756.02,0.05,4756.02,4518.22,0,992.14,2025,6,June,Monday,4756.02,4518.219
2025-06-16,ORD017226,CUST00258,P018,Jacket,Fashion,Bengaluru,Store,Credit Card,1,4718.28,0.1,4718.28,4246.45,0,612.15,2025,6,June,Monday,4718.28,4246.452
2025-06-16,ORD020412,CUST02276,P019,Vacuum Cleaner,Home,Bengaluru,Store,Cash,5,9574.85,0.2,47874.25,38299.4,0,3509.34,2025,6,June,Monday,47874.25,38299.4
2025-06-16,ORD018433,CUST00527,P010,Coffee Maker,Home,Hyderabad,Online,UPI,2,5833.08,0.0,11666.16,11666.16,0,2902.2,2025,6,June,Monday,11666.16,11666.16
2025-06-16,ORD006920,CUST04817,P005,Office Chair,Furniture,Kolkata,Online,Credit Card,1,10444.57,0.05,10444.57,9922.34,0,2184.66,2025,6,June,Monday,10444.57,9922.341499999999
2025-06-16,ORD044715,CUST03932,P015,Dining Table,Furniture,Ahmedabad,Online,Debit Card,1,23812.88,0.15,23812.88,20240.95,0,2407.92,2025,6,June,Monday,23812.88,20240.948
2025-06-17,ORD000472,CUST04555,P015,Dining Table,Furniture,Pune,Store,Debit Card,1,20070.27,0.1,20070.27,18063.24,0,2527.41,2025,6,June,Tuesday,20070.27,18063.243000000002
2025-06-17,ORD009859,CUST00814,P019,Vacuum Cleaner,Home,Jaipur,Store,UPI,2,8343.36,0.15,16686.72,14183.71,0,1779.48,2025,6,June,Tuesday,16686.72,14183.712000000001
2025-06-17,ORD027753,CUST00043,P019,Vacuum Cleaner,Home,Jaipur,Store,Net Banking,2,8647.56,0.0,17295.12,17295.12,0,4236.61,2025,6,June,Tuesday,17295.12,17295.12
2025-06-17,ORD010535,CUST01276,P001,Laptop,Electronics,Jaipur,Online,Credit Card,1,61847.68,0.05,61847.68,58755.3,0,14025.23,2025,6,June,Tuesday,61847.68,58755.295999999995
2025-06-17,ORD008218,CUST02040,P007,Backpack,Accessories,Ahmedabad,Store,Credit Card,1,2229.9,0.05,2229.9,2118.41,0,376.57,2025,6,June,Tuesday,2229.9,2118.405
2025-06-17,ORD043657,CUST00775,P020,Microwave,Home,Pune,Online,Credit Card,5,12064.05,0.15,60320.25,51272.21,0,3175.36,2025,6,June,Tuesday,60320.25,51272.2125
2025-06-17,ORD035868,CUST03686,P011,Mixer Grinder,Home,Delhi,Store,Credit Card,2,4330.6,0.1,8661.2,7795.08,0,2168.08,2025,6,June,Tuesday,8661.2,7795.080000000001
2025-06-17,ORD024085,CUST02221,P020,Microwave,Home,Ahmedabad,Store,Net Banking,2,11863.29,0.1,23726.58,21353.92,0,1632.68,2025,6,June,Tuesday,23726.58,21353.922000000002
2025-06-17,ORD044880,CUST03757,P005,Office Chair,Furniture,Hyderabad,Store,UPI,2,9952.74,0.25,19905.48,14929.11,0,1868.63,2025,6,June,Tuesday,19905.48,14929.11
2025-06-17,ORD023729,CUST01578,P002,Smartphone,Electronics,Surat,Online,Credit Card,2,30239.54,0.05,60479.08,57455.13,0,8766.52,2025,6,June,Tuesday,60479.08,57455.126
2025-06-17,ORD028791,CUST02280,P015,Dining Table,Furniture,Bengaluru,Online,UPI,1,23393.74,0.2,23393.74,18714.99,0,3561.15,2025,6,June,Tuesday,23393.74,18714.992000000002
2025-06-17,ORD014704,CUST00751,P011,Mixer Grinder,Home,Ahmedabad,Store,UPI,5,4606.16,0.25,23030.8,17273.1,0,1309.27,2025,6,June,Tuesday,23030.8,17273.1
2025-06-17,ORD003491,CUST04980,P015,Dining Table,Furniture,Chennai,Online,Credit Card,5,23558.15,0.05,117790.75,111901.21,0,13561.02,2025,6,June,Tuesday,117790.75,111901.2125
2025-06-17,ORD043439,CUST00898,P008,Running Shoes,Fashion,Pune,Store,UPI,2,3793.63,0.2,7587.26,6069.81,0,783.95,2025,6,June,Tuesday,7587.26,6069.808000000001
2025-06-17,ORD007717,CUST04965,P002,Smartphone,Electronics,Delhi,Store,UPI,1,27368.18,0.1,27368.18,24631.36,0,3467.2,2025,6,June,Tuesday,27368.18,24631.362
2025-06-17,ORD040818,CUST04796,P010,Coffee Maker,Home,Pune,Store,UPI,1,4968.4,0.0,4968.4,4968.4,0,1142.88,2025,6,June,Tuesday,4968.4,4968.4
2025-06-17,ORD046773,CUST04689,P010,Coffee Maker,Home,Hyderabad,Store,Debit Card,2,5547.23,0.2,11094.46,8875.57,0,1056.83,2025,6,June,Tuesday,11094.46,8875.568
2025-06-17,ORD010120,CUST03079,P009,T-Shirt,Fashion,Pune,Store,Net Banking,2,1204.0,0.15,2408.0,2046.8,0,451.64,2025,6,June,Tuesday,2408.0,2046.8
2025-06-17,ORD033886,CUST03955,P017,Jeans,Fashion,Jaipur,Online,Debit Card,1,2546.7,0.1,2546.7,2292.03,0,422.95,2025,6,June,Tuesday,2546.7,2292.0299999999997
2025-06-17,ORD010557,CUST02345,P004,Smartwatch,Electronics,Delhi,Store,UPI,1,7195.53,0.1,7195.53,6475.98,0,1089.5,2025,6,June,Tuesday,7195.53,6475.977
2025-06-17,ORD037606,CUST02092,P007,Backpack,Accessories,Kolkata,Online,UPI,1,2351.04,0.0,2351.04,2351.04,0,300.14,2025,6,June,Tuesday,2351.04,2351.04
2025-06-17,ORD012494,CUST01341,P012,Air Fryer,Home,Ahmedabad,Online,UPI,4,6510.32,0.15,26041.28,22135.09,0,4300.56,2025,6,June,Tuesday,26041.28,22135.088
2025-06-17,ORD017381,CUST02671,P002,Smartphone,Electronics,Bengaluru,Online,Debit Card,2,29856.41,0.05,59712.82,56727.18,0,4190.52,2025,6,June,Tuesday,59712.82,56727.179
2025-06-17,ORD013691,CUST01714,P017,Jeans,Fashion,Chennai,Store,UPI,2,2647.65,0.15,5295.3,4501.0,0,447.02,2025,6,June,Tuesday,5295.3,4501.005
2025-06-17,ORD046249,CUST03528,P005,Office Chair,Furniture,Jaipur,Online,Credit Card,1,10283.96,0.1,10283.96,9255.56,0,2515.07,2025,6,June,Tuesday,10283.96,9255.564
2025-06-17,ORD002557,CUST00422,P004,Smartwatch,Electronics,Mumbai,Store,UPI,5,6311.74,0.0,31558.7,31558.7,0,4359.3,2025,6,June,Tuesday,31558.699999999997,31558.7
2025-06-17,ORD031806,CUST00022,P016,Sofa,Furniture,Mumbai,Store,Credit Card,2,31809.78,0.2,63619.56,50895.65,0,7811.61,2025,6,June,Tuesday,63619.56,50895.648
2025-06-17,ORD012152,CUST03972,P016,Sofa,Furniture,Ahmedabad,Store,Credit Card,1,37784.96,0.05,37784.96,35895.71,0,6809.02,2025,6,June,Tuesday,37784.96,35895.712
2025-06-17,ORD022862,CUST01634,P003,Headphones,Electronics,Bengaluru,Online,UPI,2,4839.92,0.05,9679.84,9195.85,0,2504.93,2025,6,June,Tuesday,9679.84,9195.848
2025-06-17,ORD039033,CUST04616,P010,Coffee Maker,Home,Delhi,Store,Debit Card,2,4985.7,0.0,9971.4,9971.4,0,2122.67,2025,6,June,Tuesday,9971.4,9971.4
2025-06-17,ORD004167,CUST00341,P017,Jeans,Fashion,Hyderabad,Online,UPI,1,3054.18,0.15,3054.18,2596.05,0,506.07,2025,6,June,Tuesday,3054.18,2596.053
2025-06-17,ORD007720,CUST04705,P015,Dining Table,Furniture,Ahmedabad,Online,UPI,1,20573.72,0.0,20573.72,20573.72,0,5924.47,2025,6,June,Tuesday,20573.72,20573.72
2025-06-17,ORD002493,CUST00657,P012,Air Fryer,Home,Ahmedabad,Online,UPI,1,6901.92,0.1,6901.92,6211.73,0,1165.35,2025,6,June,Tuesday,6901.92,6211.728
2025-06-17,ORD005053,CUST03799,P007,Backpack,Accessories,Bengaluru,Store,UPI,1,2369.79,0.1,2369.79,2132.81,0,185.17,2025,6,June,Tuesday,2369.79,2132.811
2025-06-17,ORD035775,CUST01862,P004,Smartwatch,Electronics,Surat,Store,UPI,1,6984.06,0.05,6984.06,6634.86,1,-331.74,2025,6,June,Tuesday,6984.06,6634.857
2025-06-17,ORD041326,CUST04946,P012,Air Fryer,Home,Hyderabad,Store,Credit Card,2,6666.32,0.1,13332.64,11999.38,0,1406.51,2025,6,June,Tuesday,13332.64,11999.376
2025-06-17,ORD034498,CUST02592,P002,Smartphone,Electronics,Hyderabad,Online,Credit Card,2,29997.9,0.0,59995.8,59995.8,0,12522.85,2025,6,June,Tuesday,59995.8,59995.8
2025-06-17,ORD041977,CUST01481,P003,Headphones,Electronics,Mumbai,Online,Credit Card,2,4671.44,0.25,9342.88,7007.16,0,1704.34,2025,6,June,Tuesday,9342.88,7007.16
2025-06-17,ORD026735,CUST01738,P019,Vacuum Cleaner,Home,Surat,Store,Credit Card,2,8816.23,0.05,17632.46,16750.84,0,2283.38,2025,6,June,Tuesday,17632.46,16750.837
2025-06-17,ORD023101,CUST00023,P008,Running Shoes,Fashion,Surat,Online,UPI,3,4427.72,0.25,13283.16,9962.37,0,1922.96,2025,6,June,Tuesday,13283.16,9962.369999999999
2025-06-17,ORD009278,CUST03668,P007,Backpack,Accessories,Hyderabad,Online,Credit Card,1,2296.98,0.0,2296.98,2296.98,0,554.05,2025,6,June,Tuesday,2296.98,2296.98
2025-06-17,ORD005995,CUST02616,P010,Coffee Maker,Home,Kolkata,Online,Credit Card,4,5648.9,0.05,22595.6,21465.82,0,4666.04,2025,6,June,Tuesday,22595.6,21465.819999999996
2025-06-17,ORD038126,CUST02139,P011,Mixer Grinder,Home,Pune,Store,UPI,1,4945.75,0.15,4945.75,4203.89,0,603.69,2025,6,June,Tuesday,4945.75,4203.8875
2025-06-17,ORD032526,CUST01560,P010,Coffee Maker,Home,Mumbai,Online,UPI,1,5120.61,0.1,5120.61,4608.55,0,613.84,2025,6,June,Tuesday,5120.61,4608.549
2025-06-17,ORD049547,CUST03127,P005,Office Chair,Furniture,Mumbai,Store,Credit Card,1,8720.48,0.1,8720.48,7848.43,0,1596.93,2025,6,June,Tuesday,8720.48,7848.432
2025-06-17,ORD028816,CUST04578,P011,Mixer Grinder,Home,Delhi,Online,Credit Card,4,4643.3,0.15,18573.2,15787.22,0,2449.3,2025,6,June,Tuesday,18573.2,15787.22
2025-06-17,ORD033902,CUST02208,P015,Dining Table,Furniture,Jaipur,Online,Net Banking,3,22633.85,0.05,67901.55,64506.47,0,17220.91,2025,6,June,Tuesday,67901.54999999999,64506.472499999996
2025-06-17,ORD029772,CUST02197,P006,Desk,Furniture,Kolkata,Online,UPI,1,11666.22,0.0,11666.22,11666.22,0,2143.44,2025,6,June,Tuesday,11666.22,11666.22
2025-06-17,ORD023772,CUST00038,P020,Microwave,Home,Chennai,Online,UPI,2,10035.89,0.1,20071.78,18064.6,1,-903.23,2025,6,June,Tuesday,20071.78,18064.602
2025-06-17,ORD002704,CUST01218,P020,Microwave,Home,Surat,Store,Cash,1,11740.89,0.2,11740.89,9392.71,1,-469.64,2025,6,June,Tuesday,11740.89,9392.712
2025-06-17,ORD003830,CUST04332,P001,Laptop,Electronics,Delhi,Store,UPI,1,60152.22,0.1,60152.22,54137.0,0,5821.77,2025,6,June,Tuesday,60152.22,54136.998
2025-06-17,ORD020378,CUST04230,P019,Vacuum Cleaner,Home,Chennai,Online,Debit Card,3,9441.93,0.2,28325.79,22660.63,0,1521.93,2025,6,June,Tuesday,28325.79,22660.632
2025-06-17,ORD037623,CUST00386,P018,Jacket,Fashion,Chennai,Online,Credit Card,1,4831.18,0.0,4831.18,4831.18,0,1074.98,2025,6,June,Tuesday,4831.18,4831.18
2025-06-17,ORD002337,CUST01257,P004,Smartwatch,Electronics,Surat,Online,UPI,1,7273.18,0.25,7273.18,5454.88,0,1096.0,2025,6,June,Tuesday,7273.18,5454.885
2025-06-17,ORD009604,CUST01807,P008,Running Shoes,Fashion,Bengaluru,Store,Net Banking,1,3997.72,0.05,3997.72,3797.83,1,-189.89,2025,6,June,Tuesday,3997.72,3797.834
2025-06-17,ORD017738,CUST04056,P003,Headphones,Electronics,Surat,Online,Debit Card,1,4568.64,0.1,4568.64,4111.78,0,607.66,2025,6,June,Tuesday,4568.64,4111.776000000001
2025-06-17,ORD022853,CUST01790,P006,Desk,Furniture,Kolkata,Store,UPI,1,12537.83,0.1,12537.83,11284.05,0,1526.17,2025,6,June,Tuesday,12537.83,11284.047
2025-06-18,ORD011354,CUST01410,P004,Smartwatch,Electronics,Delhi,Store,Credit Card,1,6731.2,0.1,6731.2,6058.08,0,366.01,2025,6,June,Wednesday,6731.2,6058.08
2025-06-18,ORD030820,CUST04912,P003,Headphones,Electronics,Jaipur,Online,Cash,4,4872.62,0.05,19490.48,18515.96,0,4860.45,2025,6,June,Wednesday,19490.48,18515.956
2025-06-18,ORD042145,CUST00005,P018,Jacket,Fashion,Bengaluru,Online,UPI,1,5464.94,0.05,5464.94,5191.69,1,-259.58,2025,6,June,Wednesday,5464.94,5191.692999999999
2025-06-18,ORD025006,CUST02328,P007,Backpack,Accessories,Ahmedabad,Online,Debit Card,1,2305.1,0.1,2305.1,2074.59,0,187.15,2025,6,June,Wednesday,2305.1,2074.59
2025-06-18,ORD046268,CUST00795,P004,Smartwatch,Electronics,Kolkata,Store,UPI,1,7374.49,0.1,7374.49,6637.04,0,1129.7,2025,6,June,Wednesday,7374.49,6637.041
2025-06-18,ORD021812,CUST01090,P016,Sofa,Furniture,Delhi,Store,UPI,5,35218.42,0.05,176092.1,167287.49,0,46391.09,2025,6,June,Wednesday,176092.09999999998,167287.495
2025-06-18,ORD036906,CUST01153,P004,Smartwatch,Electronics,Mumbai,Online,Credit Card,2,6701.45,0.1,13402.9,12062.61,0,1600.26,2025,6,June,Wednesday,13402.9,12062.61
2025-06-18,ORD029819,CUST00439,P015,Dining Table,Furniture,Mumbai,Store,Credit Card,1,22015.92,0.0,22015.92,22015.92,0,4607.15,2025,6,June,Wednesday,22015.92,22015.92
2025-06-18,ORD021312,CUST04825,P006,Desk,Furniture,Ahmedabad,Store,Credit Card,1,11929.46,0.1,11929.46,10736.51,0,2833.81,2025,6,June,Wednesday,11929.46,10736.514
2025-06-18,ORD021102,CUST02671,P009,T-Shirt,Fashion,Bengaluru,Online,Debit Card,1,1104.64,0.25,1104.64,828.48,0,74.28,2025,6,June,Wednesday,1104.64,828.48
2025-06-18,ORD041683,CUST00429,P010,Coffee Maker,Home,Surat,Online,UPI,2,5623.91,0.2,11247.82,8998.26,0,751.44,2025,6,June,Wednesday,11247.82,8998.256
2025-06-18,ORD032951,CUST03602,P006,Desk,Furniture,Chennai,Store,UPI,1,12253.88,0.1,12253.88,11028.49,0,1483.18,2025,6,June,Wednesday,12253.88,11028.492
2025-06-18,ORD012336,CUST03506,P008,Running Shoes,Fashion,Kolkata,Online,Credit Card,1,4212.25,0.05,4212.25,4001.64,1,-200.08,2025,6,June,Wednesday,4212.25,4001.6375
2025-06-18,ORD002634,CUST02712,P001,Laptop,Electronics,Pune,Store,UPI,2,67063.75,0.0,134127.5,134127.5,0,38055.82,2025,6,June,Wednesday,134127.5,134127.5
2025-06-18,ORD014179,CUST04068,P006,Desk,Furniture,Kolkata,Online,UPI,2,10981.67,0.25,21963.34,16472.5,0,2608.8,2025,6,June,Wednesday,21963.34,16472.505
2025-06-18,ORD004293,CUST04465,P014,Keyboard,Electronics,Hyderabad,Online,Debit Card,1,2377.84,0.1,2377.84,2140.06,0,502.11,2025,6,June,Wednesday,2377.84,2140.056
2025-06-18,ORD008481,CUST02775,P001,Laptop,Electronics,Surat,Store,Debit Card,2,58968.78,0.05,117937.56,112040.68,0,23336.69,2025,6,June,Wednesday,117937.56,112040.68199999999
2025-06-18,ORD033331,CUST02835,P004,Smartwatch,Electronics,Chennai,Online,UPI,4,7162.87,0.0,28651.48,28651.48,0,4975.66,2025,6,June,Wednesday,28651.48,28651.48
2025-06-18,ORD005850,CUST03602,P009,T-Shirt,Fashion,Ahmedabad,Online,UPI,2,1199.83,0.1,2399.66,2159.69,0,469.45,2025,6,June,Wednesday,2399.66,2159.694
2025-06-18,ORD045834,CUST00636,P015,Dining Table,Furniture,Kolkata,Store,UPI,1,23327.4,0.1,23327.4,20994.66,0,2568.66,2025,6,June,Wednesday,23327.4,20994.660000000003
2025-06-18,ORD036743,CUST03086,P004,Smartwatch,Electronics,Surat,Online,UPI,1,7581.5,0.15,7581.5,6444.28,1,-322.21,2025,6,June,Wednesday,7581.5,6444.275
2025-06-18,ORD011468,CUST02471,P009,T-Shirt,Fashion,Delhi,Online,Credit Card,1,1234.42,0.0,1234.42,1234.42,0,246.48,2025,6,June,Wednesday,1234.42,1234.42
2025-06-18,ORD014473,CUST00299,P009,T-Shirt,Fashion,Chennai,Online,Debit Card,1,1299.54,0.2,1299.54,1039.63,0,93.22,2025,6,June,Wednesday,1299.54,1039.632
2025-06-18,ORD019274,CUST02296,P019,Vacuum Cleaner,Home,Delhi,Store,Net Banking,1,8509.82,0.0,8509.82,8509.82,0,749.54,2025,6,June,Wednesday,8509.82,8509.82
2025-06-18,ORD013700,CUST04672,P003,Headphones,Electronics,Pune,Store,UPI,1,4193.59,0.15,4193.59,3564.55,0,295.39,2025,6,June,Wednesday,4193.59,3564.5515
2025-06-18,ORD025182,CUST00963,P003,Headphones,Electronics,Bengaluru,Online,Cash,1,4914.0,0.05,4914.0,4668.3,0,558.6,2025,6,June,Wednesday,4914.0,4668.3
2025-06-18,ORD047269,CUST03581,P003,Headphones,Electronics,Ahmedabad,Online,Credit Card,2,4852.69,0.2,9705.38,7764.3,0,524.37,2025,6,June,Wednesday,9705.38,7764.304
2025-06-18,ORD025177,CUST00413,P001,Laptop,Electronics,Chennai,Online,Debit Card,2,69362.15,0.1,138724.3,124851.87,0,17889.52,2025,6,June,Wednesday,138724.3,124851.87
2025-06-18,ORD040879,CUST00047,P005,Office Chair,Furniture,Ahmedabad,Online,Credit Card,1,9435.2,0.05,9435.2,8963.44,1,-448.17,2025,6,June,Wednesday,9435.2,8963.44
2025-06-18,ORD037862,CUST04225,P010,Coffee Maker,Home,Jaipur,Store,UPI,2,5327.48,0.1,10654.96,9589.46,0,1557.0,2025,6,June,Wednesday,10654.96,9589.464
2025-06-18,ORD021471,CUST04383,P016,Sofa,Furniture,Hyderabad,Online,UPI,2,37632.44,0.15,75264.88,63975.15,0,10558.84,2025,6,June,Wednesday,75264.88,63975.148
2025-06-18,ORD019042,CUST04126,P004,Smartwatch,Electronics,Bengaluru,Store,Credit Card,4,6564.62,0.1,26258.48,23632.63,0,6415.23,2025,6,June,Wednesday,26258.48,23632.632
2025-06-18,ORD031014,CUST04895,P007,Backpack,Accessories,Jaipur,Online,UPI,1,2022.3,0.05,2022.3,1921.18,0,143.93,2025,6,June,Wednesday,2022.3,1921.185
2025-06-18,ORD040945,CUST01773,P003,Headphones,Electronics,Jaipur,Online,UPI,2,4268.38,0.05,8536.76,8109.92,0,1994.04,2025,6,June,Wednesday,8536.76,8109.922
2025-06-18,ORD011638,CUST03178,P001,Laptop,Electronics,Surat,Store,Credit Card,1,62638.75,0.2,62638.75,50111.0,0,2251.88,2025,6,June,Wednesday,62638.75,50111.0
2025-06-18,ORD003418,CUST01431,P001,Laptop,Electronics,Hyderabad,Online,UPI,2,69900.32,0.05,139800.64,132810.61,0,14503.99,2025,6,June,Wednesday,139800.64,132810.608
2025-06-18,ORD015409,CUST00194,P019,Vacuum Cleaner,Home,Kolkata,Store,Net Banking,3,9525.41,0.1,28576.23,25718.61,0,2178.46,2025,6,June,Wednesday,28576.23,25718.607
2025-06-18,ORD001819,CUST00501,P006,Desk,Furniture,Bengaluru,Online,UPI,1,10949.84,0.1,10949.84,9854.86,0,992.69,2025,6,June,Wednesday,10949.84,9854.856
2025-06-18,ORD010385,CUST03882,P005,Office Chair,Furniture,Pune,Online,Debit Card,5,9282.32,0.1,46411.6,41770.44,0,7593.41,2025,6,June,Wednesday,46411.6,41770.44
2025-06-18,ORD003573,CUST03839,P001,Laptop,Electronics,Delhi,Store,Debit Card,1,69146.49,0.1,69146.49,62231.84,0,12277.34,2025,6,June,Wednesday,69146.49,62231.84100000001
2025-06-18,ORD008178,CUST01522,P018,Jacket,Fashion,Bengaluru,Online,UPI,2,5157.99,0.0,10315.98,10315.98,0,1816.42,2025,6,June,Wednesday,10315.98,10315.98
2025-06-18,ORD046056,CUST04862,P011,Mixer Grinder,Home,Surat,Online,UPI,1,4508.68,0.15,4508.68,3832.38,0,517.23,2025,6,June,Wednesday,4508.68,3832.378
2025-06-18,ORD041033,CUST03009,P011,Mixer Grinder,Home,Jaipur,Store,UPI,2,5176.85,0.05,10353.7,9836.02,0,1806.89,2025,6,June,Wednesday,10353.7,9836.015
2025-06-18,ORD010138,CUST02575,P014,Keyboard,Electronics,Hyderabad,Online,UPI,4,2462.43,0.25,9849.72,7387.29,0,972.22,2025,6,June,Wednesday,9849.72,7387.289999999999
2025-06-18,ORD021061,CUST00689,P006,Desk,Furniture,Mumbai,Online,Credit Card,3,12070.93,0.05,36212.79,34402.15,0,8880.14,2025,6,June,Wednesday,36212.79,34402.150499999996
2025-06-18,ORD012010,CUST03888,P009,T-Shirt,Fashion,Pune,Store,UPI,1,1154.64,0.0,1154.64,1154.64,0,146.33,2025,6,June,Wednesday,1154.64,1154.64
2025-06-18,ORD030872,CUST04186,P010,Coffee Maker,Home,Surat,Online,UPI,1,5797.02,0.15,5797.02,4927.47,0,785.14,2025,6,June,Wednesday,5797.02,4927.467000000001
2025-06-18,ORD010905,CUST04735,P018,Jacket,Fashion,Jaipur,Online,Credit Card,1,5514.35,0.15,5514.35,4687.2,0,848.74,2025,6,June,Wednesday,5514.35,4687.1975
2025-06-18,ORD047714,CUST01957,P007,Backpack,Accessories,Chennai,Store,Cash,4,2159.93,0.05,8639.72,8207.73,0,1460.18,2025,6,June,Wednesday,8639.72,8207.733999999999
2025-06-18,ORD009049,CUST00544,P018,Jacket,Fashion,Chennai,Store,UPI,1,5265.35,0.0,5265.35,5265.35,0,1510.48,2025,6,June,Wednesday,5265.35,5265.35
2025-06-18,ORD019873,CUST01468,P020,Microwave,Home,Kolkata,Online,Net Banking,1,10332.09,0.05,10332.09,9815.49,0,2740.58,2025,6,June,Wednesday,10332.09,9815.485499999999
2025-06-18,ORD027361,CUST00224,P004,Smartwatch,Electronics,Ahmedabad,Online,UPI,1,7151.94,0.15,7151.94,6079.15,0,626.6,2025,6,June,Wednesday,7151.94,6079.148999999999
2025-06-18,ORD005679,CUST04272,P014,Keyboard,Electronics,Delhi,Store,UPI,1,2675.47,0.0,2675.47,2675.47,0,381.38,2025,6,June,Wednesday,2675.47,2675.47
2025-06-18,ORD031838,CUST04552,P006,Desk,Furniture,Bengaluru,Store,UPI,2,11589.64,0.0,23179.28,23179.28,0,5327.95,2025,6,June,Wednesday,23179.28,23179.28
2025-06-18,ORD001480,CUST04769,P019,Vacuum Cleaner,Home,Jaipur,Store,UPI,1,8157.84,0.0,8157.84,8157.84,0,2142.67,2025,6,June,Wednesday,8157.84,8157.84
2025-06-18,ORD028854,CUST01857,P011,Mixer Grinder,Home,Mumbai,Store,Credit Card,2,4801.88,0.05,9603.76,9123.57,0,1516.49,2025,6,June,Wednesday,9603.76,9123.572
2025-06-18,ORD010516,CUST01690,P016,Sofa,Furniture,Kolkata,Store,UPI,1,37979.31,0.1,37979.31,34181.38,0,8521.68,2025,6,June,Wednesday,37979.31,34181.379
2025-06-18,ORD019957,CUST02842,P014,Keyboard,Electronics,Kolkata,Online,Credit Card,5,2564.92,0.0,12824.6,12824.6,0,2879.1,2025,6,June,Wednesday,12824.6,12824.6
2025-06-18,ORD023429,CUST04862,P014,Keyboard,Electronics,Bengaluru,Online,Credit Card,1,2647.45,0.0,2647.45,2647.45,0,517.05,2025,6,June,Wednesday,2647.45,2647.45
2025-06-18,ORD049744,CUST04341,P004,Smartwatch,Electronics,Ahmedabad,Online,UPI,1,7441.09,0.15,7441.09,6324.93,0,985.16,2025,6,June,Wednesday,7441.09,6324.9265
2025-06-18,ORD005456,CUST02375,P012,Air Fryer,Home,Bengaluru,Store,Credit Card,1,6603.47,0.05,6603.47,6273.3,0,1414.82,2025,6,June,Wednesday,6603.47,6273.2965
2025-06-18,ORD007695,CUST02491,P010,Coffee Maker,Home,Mumbai,Online,Cash,1,5615.23,0.05,5615.23,5334.47,0,568.96,2025,6,June,Wednesday,5615.23,5334.468499999999
2025-06-18,ORD028861,CUST04290,P013,Monitor,Electronics,Pune,Online,Net Banking,1,18625.06,0.1,18625.06,16762.55,0,4642.74,2025,6,June,Wednesday,18625.06,16762.554
2025-06-18,ORD046999,CUST00822,P014,Keyboard,Electronics,Delhi,Store,UPI,1,2271.36,0.0,2271.36,2271.36,0,537.04,2025,6,June,Wednesday,2271.36,2271.36
2025-06-18,ORD036264,CUST03018,P004,Smartwatch,Electronics,Surat,Online,UPI,4,6979.69,0.0,27918.76,27918.76,0,4644.12,2025,6,June,Wednesday,27918.76,27918.76
2025-06-18,ORD009201,CUST01539,P010,Coffee Maker,Home,Jaipur,Store,UPI,5,4960.68,0.05,24803.4,23563.23,0,2807.02,2025,6,June,Wednesday,24803.4,23563.23
2025-06-18,ORD012334,CUST04627,P020,Microwave,Home,Mumbai,Online,UPI,2,10320.0,0.05,20640.0,19608.0,0,1484.23,2025,6,June,Wednesday,20640.0,19608.0
2025-06-18,ORD011445,CUST01219,P018,Jacket,Fashion,Bengaluru,Online,UPI,2,5066.24,0.25,10132.48,7599.36,0,1662.86,2025,6,June,Wednesday,10132.48,7599.36
2025-06-18,ORD024203,CUST02565,P003,Headphones,Electronics,Pune,Store,UPI,5,4163.02,0.2,20815.1,16652.08,0,822.56,2025,6,June,Wednesday,20815.100000000002,16652.079999999998
2025-06-19,ORD021232,CUST03769,P009,T-Shirt,Fashion,Surat,Online,Net Banking,1,1168.07,0.2,1168.07,934.46,0,231.08,2025,6,June,Thursday,1168.07,934.456
2025-06-19,ORD030883,CUST02579,P008,Running Shoes,Fashion,Ahmedabad,Store,Credit Card,2,3812.15,0.0,7624.3,7624.3,0,2236.15,2025,6,June,Thursday,7624.3,7624.3
2025-06-19,ORD009376,CUST01777,P004,Smartwatch,Electronics,Surat,Online,UPI,1,7662.32,0.1,7662.32,6896.09,0,1553.92,2025,6,June,Thursday,7662.32,6896.088
2025-06-19,ORD034648,CUST00794,P004,Smartwatch,Electronics,Ahmedabad,Online,Net Banking,1,7037.94,0.05,7037.94,6686.04,1,-334.3,2025,6,June,Thursday,7037.94,6686.043
2025-06-19,ORD049835,CUST03715,P018,Jacket,Fashion,Jaipur,Online,UPI,1,4951.82,0.1,4951.82,4456.64,0,381.08,2025,6,June,Thursday,4951.82,4456.638
2025-06-19,ORD021240,CUST01228,P003,Headphones,Electronics,Bengaluru,Online,Cash,1,4702.42,0.2,4702.42,3761.94,0,356.0,2025,6,June,Thursday,4702.42,3761.936
2025-06-19,ORD026657,CUST02507,P008,Running Shoes,Fashion,Pune,Store,Credit Card,1,4145.05,0.0,4145.05,4145.05,0,655.72,2025,6,June,Thursday,4145.05,4145.05
2025-06-19,ORD046267,CUST02035,P015,Dining Table,Furniture,Surat,Online,UPI,1,22461.59,0.05,22461.59,21338.51,0,5465.09,2025,6,June,Thursday,22461.59,21338.5105
2025-06-19,ORD029547,CUST03795,P011,Mixer Grinder,Home,Delhi,Online,Credit Card,1,4897.9,0.1,4897.9,4408.11,0,638.12,2025,6,June,Thursday,4897.9,4408.11
2025-06-19,ORD041644,CUST02596,P012,Air Fryer,Home,Surat,Online,UPI,2,7654.92,0.15,15309.84,13013.36,0,2769.35,2025,6,June,Thursday,15309.84,13013.364
2025-06-19,ORD031362,CUST02660,P006,Desk,Furniture,Ahmedabad,Online,Debit Card,1,12304.17,0.1,12304.17,11073.75,0,2285.52,2025,6,June,Thursday,12304.17,11073.753
2025-06-19,ORD040295,CUST04772,P001,Laptop,Electronics,Surat,Store,Credit Card,1,70704.41,0.05,70704.41,67169.19,0,16034.97,2025,6,June,Thursday,70704.41,67169.1895
2025-06-19,ORD007751,CUST00054,P007,Backpack,Accessories,Delhi,Store,UPI,1,2263.75,0.1,2263.75,2037.38,0,439.29,2025,6,June,Thursday,2263.75,2037.375
2025-06-19,ORD004932,CUST02266,P010,Coffee Maker,Home,Bengaluru,Store,Credit Card,1,5523.11,0.15,5523.11,4694.64,0,1109.78,2025,6,June,Thursday,5523.11,4694.643499999999
2025-06-19,ORD005446,CUST03839,P008,Running Shoes,Fashion,Surat,Store,UPI,4,3871.72,0.1,15486.88,13938.19,0,3343.94,2025,6,June,Thursday,15486.88,13938.192
2025-06-19,ORD001547,CUST00888,P017,Jeans,Fashion,Jaipur,Online,Debit Card,2,2566.59,0.1,5133.18,4619.86,0,806.08,2025,6,June,Thursday,5133.18,4619.862
2025-06-19,ORD045224,CUST00858,P005,Office Chair,Furniture,Bengaluru,Online,Cash,1,8848.68,0.1,8848.68,7963.81,0,913.43,2025,6,June,Thursday,8848.68,7963.812000000001
2025-06-19,ORD019430,CUST01927,P011,Mixer Grinder,Home,Hyderabad,Store,UPI,1,4702.98,0.0,4702.98,4702.98,0,377.69,2025,6,June,Thursday,4702.98,4702.98
2025-06-19,ORD012271,CUST00422,P013,Monitor,Electronics,Chennai,Online,UPI,4,19030.55,0.0,76122.2,76122.2,0,9486.24,2025,6,June,Thursday,76122.2,76122.2
2025-06-19,ORD029857,CUST02446,P019,Vacuum Cleaner,Home,Hyderabad,Store,UPI,2,9336.18,0.1,18672.36,16805.12,0,2246.53,2025,6,June,Thursday,18672.36,16805.124
2025-06-19,ORD032135,CUST01526,P014,Keyboard,Electronics,Jaipur,Online,UPI,5,2395.67,0.0,11978.35,11978.35,0,2617.44,2025,6,June,Thursday,11978.35,11978.35
2025-06-19,ORD040159,CUST00126,P016,Sofa,Furniture,Ahmedabad,Online,Credit Card,2,36326.3,0.05,72652.6,69019.97,0,16255.17,2025,6,June,Thursday,72652.6,69019.97
2025-06-19,ORD038166,CUST00582,P011,Mixer Grinder,Home,Bengaluru,Online,Net Banking,1,5098.76,0.05,5098.76,4843.82,0,1276.83,2025,6,June,Thursday,5098.76,4843.822
2025-06-19,ORD008936,CUST02238,P006,Desk,Furniture,Delhi,Store,Credit Card,1,10927.8,0.15,10927.8,9288.63,0,1759.56,2025,6,June,Thursday,10927.8,9288.63
2025-06-19,ORD000786,CUST00756,P016,Sofa,Furniture,Chennai,Online,Credit Card,2,32552.17,0.15,65104.34,55338.69,0,13466.88,2025,6,June,Thursday,65104.34,55338.689
2025-06-19,ORD039506,CUST02093,P015,Dining Table,Furniture,Pune,Online,UPI,1,21554.63,0.0,21554.63,21554.63,0,5574.4,2025,6,June,Thursday,21554.63,21554.63
2025-06-19,ORD032940,CUST03622,P002,Smartphone,Electronics,Bengaluru,Online,UPI,1,30676.64,0.05,30676.64,29142.81,0,7979.37,2025,6,June,Thursday,30676.64,29142.807999999997
2025-06-19,ORD018144,CUST02358,P019,Vacuum Cleaner,Home,Mumbai,Online,UPI,2,9712.9,0.05,19425.8,18454.51,0,4985.87,2025,6,June,Thursday,19425.8,18454.51
2025-06-19,ORD012416,CUST03886,P017,Jeans,Fashion,Kolkata,Online,Debit Card,3,2955.24,0.1,8865.72,7979.15,0,595.39,2025,6,June,Thursday,8865.72,7979.147999999999
2025-06-19,ORD045244,CUST03293,P006,Desk,Furniture,Ahmedabad,Online,UPI,1,12649.92,0.1,12649.92,11384.93,0,1848.46,2025,6,June,Thursday,12649.92,11384.928
2025-06-19,ORD012540,CUST04153,P018,Jacket,Fashion,Delhi,Online,UPI,2,5544.36,0.1,11088.72,9979.85,1,-498.99,2025,6,June,Thursday,11088.72,9979.848
2025-06-19,ORD034203,CUST03075,P004,Smartwatch,Electronics,Kolkata,Online,Debit Card,1,6715.15,0.1,6715.15,6043.64,0,389.61,2025,6,June,Thursday,6715.15,6043.635
2025-06-19,ORD049272,CUST04701,P005,Office Chair,Furniture,Pune,Online,Cash,1,8979.73,0.05,8979.73,8530.74,0,2324.77,2025,6,June,Thursday,8979.73,8530.743499999999
2025-06-19,ORD032891,CUST02549,P007,Backpack,Accessories,Pune,Store,UPI,1,2269.58,0.1,2269.58,2042.62,0,324.48,2025,6,June,Thursday,2269.58,2042.622
2025-06-19,ORD035702,CUST01638,P016,Sofa,Furniture,Hyderabad,Online,Debit Card,1,38178.95,0.05,38178.95,36270.0,0,9362.38,2025,6,June,Thursday,38178.95,36270.002499999995
2025-06-19,ORD005727,CUST00056,P017,Jeans,Fashion,Delhi,Online,Credit Card,1,3042.27,0.05,3042.27,2890.16,0,265.9,2025,6,June,Thursday,3042.27,2890.1565
2025-06-19,ORD004447,CUST01569,P017,Jeans,Fashion,Mumbai,Store,Credit Card,3,2835.41,0.15,8506.23,7230.3,1,-361.52,2025,6,June,Thursday,8506.23,7230.295499999999
2025-06-19,ORD047465,CUST02038,P011,Mixer Grinder,Home,Surat,Online,UPI,2,4990.32,0.1,9980.64,8982.58,0,2256.25,2025,6,June,Thursday,9980.64,8982.576
2025-06-19,ORD042842,CUST01796,P012,Air Fryer,Home,Ahmedabad,Online,Credit Card,1,7812.24,0.05,7812.24,7421.63,0,1474.09,2025,6,June,Thursday,7812.24,7421.628
2025-06-19,ORD000192,CUST00162,P014,Keyboard,Electronics,Bengaluru,Online,UPI,2,2362.72,0.0,4725.44,4725.44,0,432.93,2025,6,June,Thursday,4725.44,4725.44
2025-06-19,ORD014914,CUST00729,P020,Microwave,Home,Pune,Online,Net Banking,5,10217.05,0.2,51085.25,40868.2,0,9593.17,2025,6,June,Thursday,51085.25,40868.200000000004
2025-06-19,ORD029948,CUST04526,P016,Sofa,Furniture,Bengaluru,Online,Debit Card,1,37157.55,0.05,37157.55,35299.67,0,6399.05,2025,6,June,Thursday,37157.55,35299.6725
2025-06-19,ORD042767,CUST04925,P014,Keyboard,Electronics,Kolkata,Store,UPI,1,2726.29,0.05,2726.29,2589.98,0,269.67,2025,6,June,Thursday,2726.29,2589.9755
2025-06-19,ORD037109,CUST02308,P010,Coffee Maker,Home,Mumbai,Store,Credit Card,5,5466.03,0.05,27330.15,25963.64,1,-1298.18,2025,6,June,Thursday,27330.149999999998,25963.6425
2025-06-19,ORD015053,CUST01054,P010,Coffee Maker,Home,Pune,Online,Net Banking,2,5595.92,0.25,11191.84,8393.88,0,585.96,2025,6,June,Thursday,11191.84,8393.880000000001
2025-06-19,ORD032200,CUST04574,P015,Dining Table,Furniture,Hyderabad,Online,Cash,2,22695.18,0.1,45390.36,40851.32,0,4863.93,2025,6,June,Thursday,45390.36,40851.324
2025-06-19,ORD037608,CUST01821,P002,Smartphone,Electronics,Hyderabad,Online,Debit Card,1,26955.18,0.0,26955.18,26955.18,0,4837.87,2025,6,June,Thursday,26955.18,26955.18
2025-06-19,ORD036080,CUST01581,P008,Running Shoes,Fashion,Chennai,Online,Cash,2,3945.31,0.05,7890.62,7496.09,0,747.47,2025,6,June,Thursday,7890.62,7496.089
2025-06-19,ORD004876,CUST03534,P015,Dining Table,Furniture,Pune,Online,Credit Card,1,24174.28,0.1,24174.28,21756.85,0,4027.65,2025,6,June,Thursday,24174.28,21756.852
2025-06-19,ORD041790,CUST02786,P017,Jeans,Fashion,Chennai,Online,Credit Card,2,2726.94,0.2,5453.88,4363.1,0,843.48,2025,6,June,Thursday,5453.88,4363.104
2025-06-19,ORD015219,CUST03061,P014,Keyboard,Electronics,Kolkata,Online,Credit Card,2,2704.9,0.1,5409.8,4868.82,0,791.6,2025,6,June,Thursday,5409.8,4868.820000000001
2025-06-19,ORD009888,CUST02190,P001,Laptop,Electronics,Ahmedabad,Online,UPI,1,71371.17,0.0,71371.17,71371.17,0,7242.36,2025,6,June,Thursday,71371.17,71371.17
2025-06-19,ORD005512,CUST01410,P011,Mixer Grinder,Home,Hyderabad,Store,Credit Card,2,5162.35,0.05,10324.7,9808.46,0,1536.06,2025,6,June,Thursday,10324.7,9808.465
2025-06-19,ORD000560,CUST01392,P002,Smartphone,Electronics,Pune,Store,UPI,1,29731.49,0.1,29731.49,26758.34,0,4532.61,2025,6,June,Thursday,29731.49,26758.341
2025-06-19,ORD037012,CUST04559,P003,Headphones,Electronics,Delhi,Store,UPI,1,4449.43,0.0,4449.43,4449.43,0,490.48,2025,6,June,Thursday,4449.43,4449.43
2025-06-19,ORD003963,CUST00036,P009,T-Shirt,Fashion,Delhi,Online,Cash,5,1140.11,0.1,5700.55,5130.5,0,372.96,2025,6,June,Thursday,5700.549999999999,5130.495
2025-06-19,ORD034365,CUST04414,P007,Backpack,Accessories,Jaipur,Store,Cash,1,2189.88,0.1,2189.88,1970.89,0,490.72,2025,6,June,Thursday,2189.88,1970.892
2025-06-19,ORD029740,CUST04535,P002,Smartphone,Electronics,Pune,Store,Debit Card,1,29450.42,0.2,29450.42,23560.34,0,5311.26,2025,6,June,Thursday,29450.42,23560.336
2025-06-19,ORD002953,CUST00938,P004,Smartwatch,Electronics,Mumbai,Store,UPI,1,6799.93,0.0,6799.93,6799.93,0,1921.83,2025,6,June,Thursday,6799.93,6799.93
2025-06-19,ORD043384,CUST04450,P014,Keyboard,Electronics,Kolkata,Online,Cash,3,2675.67,0.2,8027.01,6421.61,0,316.05,2025,6,June,Thursday,8027.01,6421.608
2025-06-19,ORD009525,CUST03008,P006,Desk,Furniture,Surat,Online,UPI,1,12655.94,0.15,12655.94,10757.55,0,1598.65,2025,6,June,Thursday,12655.94,10757.549
2025-06-19,ORD000924,CUST01084,P008,Running Shoes,Fashion,Mumbai,Store,Debit Card,2,3875.32,0.0,7750.64,7750.64,0,1829.5,2025,6,June,Thursday,7750.64,7750.64
2025-06-19,ORD033191,CUST01037,P013,Monitor,Electronics,Mumbai,Online,Credit Card,1,18978.16,0.0,18978.16,18978.16,0,1751.86,2025,6,June,Thursday,18978.16,18978.16
2025-06-19,ORD014732,CUST04250,P013,Monitor,Electronics,Kolkata,Store,UPI,1,18875.34,0.0,18875.34,18875.34,0,3929.33,2025,6,June,Thursday,18875.34,18875.34
2025-06-19,ORD002279,CUST04588,P012,Air Fryer,Home,Jaipur,Store,Debit Card,2,6554.03,0.1,13108.06,11797.25,0,2374.94,2025,6,June,Thursday,13108.06,11797.253999999999
2025-06-19,ORD039249,CUST00617,P009,T-Shirt,Fashion,Mumbai,Store,UPI,1,1099.16,0.25,1099.16,824.37,0,184.17,2025,6,June,Thursday,1099.16,824.3700000000001
2025-06-19,ORD042152,CUST03901,P005,Office Chair,Furniture,Kolkata,Online,Net Banking,1,8790.9,0.05,8790.9,8351.36,0,1634.25,2025,6,June,Thursday,8790.9,8351.355
2025-06-19,ORD044990,CUST03770,P001,Laptop,Electronics,Pune,Online,Credit Card,2,61918.99,0.05,123837.98,117646.08,0,29354.24,2025,6,June,Thursday,123837.98,117646.08099999999
2025-06-19,ORD005844,CUST04861,P015,Dining Table,Furniture,Kolkata,Online,UPI,3,22767.96,0.1,68303.88,61473.49,0,9266.16,2025,6,June,Thursday,68303.88,61473.492000000006
2025-06-19,ORD014698,CUST00415,P005,Office Chair,Furniture,Delhi,Online,Net Banking,2,8853.32,0.0,17706.64,17706.64,0,3613.04,2025,6,June,Thursday,17706.64,17706.64
2025-06-19,ORD045395,CUST01020,P018,Jacket,Fashion,Jaipur,Online,Credit Card,1,5160.77,0.0,5160.77,5160.77,0,1348.01,2025,6,June,Thursday,5160.77,5160.77
2025-06-20,ORD012491,CUST02146,P012,Air Fryer,Home,Jaipur,Store,UPI,2,6794.52,0.1,13589.04,12230.14,1,-611.51,2025,6,June,Friday,13589.04,12230.136
2025-06-20,ORD029211,CUST02650,P013,Monitor,Electronics,Bengaluru,Online,UPI,1,16459.68,0.05,16459.68,15636.7,0,4448.45,2025,6,June,Friday,16459.68,15636.696
2025-06-20,ORD028211,CUST02226,P015,Dining Table,Furniture,Hyderabad,Online,Credit Card,1,22769.21,0.0,22769.21,22769.21,0,4877.33,2025,6,June,Friday,22769.21,22769.21
2025-06-20,ORD043360,CUST02832,P002,Smartphone,Electronics,Mumbai,Store,UPI,1,27703.3,0.15,27703.3,23547.8,0,4672.94,2025,6,June,Friday,27703.3,23547.805
2025-06-20,ORD026780,CUST02896,P005,Office Chair,Furniture,Jaipur,Online,Credit Card,2,8736.22,0.05,17472.44,16598.82,0,2705.48,2025,6,June,Friday,17472.44,16598.818
2025-06-20,ORD040148,CUST03627,P002,Smartphone,Electronics,Mumbai,Store,Net Banking,1,29194.26,0.0,29194.26,29194.26,0,2600.34,2025,6,June,Friday,29194.26,29194.26
2025-06-20,ORD037392,CUST02323,P020,Microwave,Home,Bengaluru,Online,UPI,1,10939.86,0.1,10939.86,9845.87,0,824.83,2025,6,June,Friday,10939.86,9845.874000000002
2025-06-20,ORD009300,CUST02467,P006,Desk,Furniture,Mumbai,Online,Cash,2,12400.91,0.05,24801.82,23561.73,0,5665.15,2025,6,June,Friday,24801.82,23561.729
2025-06-20,ORD001179,CUST03716,P016,Sofa,Furniture,Mumbai,Online,Cash,2,33222.69,0.1,66445.38,59800.84,0,15076.61,2025,6,June,Friday,66445.38,59800.842000000004
2025-06-20,ORD001032,CUST01548,P002,Smartphone,Electronics,Chennai,Online,Cash,1,26630.3,0.05,26630.3,25298.78,0,7030.74,2025,6,June,Friday,26630.3,25298.785
2025-06-20,ORD032265,CUST01806,P004,Smartwatch,Electronics,Delhi,Online,UPI,4,6792.15,0.05,27168.6,25810.17,1,-1290.51,2025,6,June,Friday,27168.6,25810.17
2025-06-20,ORD028961,CUST03179,P008,Running Shoes,Fashion,Jaipur,Online,UPI,1,4314.46,0.0,4314.46,4314.46,1,-215.72,2025,6,June,Friday,4314.46,4314.46
2025-06-20,ORD004815,CUST01338,P006,Desk,Furniture,Hyderabad,Online,Credit Card,1,11026.15,0.2,11026.15,8820.92,0,574.94,2025,6,June,Friday,11026.15,8820.92
2025-06-20,ORD019704,CUST04270,P003,Headphones,Electronics,Pune,Store,UPI,5,4278.59,0.1,21392.95,19253.66,0,5283.23,2025,6,June,Friday,21392.95,19253.655000000002
2025-06-20,ORD038842,CUST03455,P012,Air Fryer,Home,Delhi,Online,UPI,2,7084.65,0.1,14169.3,12752.37,0,2862.53,2025,6,June,Friday,14169.3,12752.369999999999
2025-06-20,ORD021477,CUST02124,P012,Air Fryer,Home,Jaipur,Online,UPI,2,6648.08,0.15,13296.16,11301.74,0,713.09,2025,6,June,Friday,13296.16,11301.735999999999
2025-06-20,ORD046974,CUST04775,P008,Running Shoes,Fashion,Jaipur,Online,Cash,1,4053.78,0.1,4053.78,3648.4,0,474.41,2025,6,June,Friday,4053.78,3648.402
2025-06-20,ORD005553,CUST03345,P010,Coffee Maker,Home,Hyderabad,Store,UPI,1,5246.51,0.0,5246.51,5246.51,0,718.99,2025,6,June,Friday,5246.51,5246.51
2025-06-20,ORD020657,CUST00965,P016,Sofa,Furniture,Delhi,Online,UPI,4,36660.72,0.1,146642.88,131978.59,0,17658.74,2025,6,June,Friday,146642.88,131978.592
2025-06-20,ORD010052,CUST02201,P014,Keyboard,Electronics,Chennai,Online,Debit Card,3,2736.23,0.05,8208.69,7798.26,0,564.46,2025,6,June,Friday,8208.69,7798.2555
2025-06-20,ORD004672,CUST02069,P019,Vacuum Cleaner,Home,Bengaluru,Store,Credit Card,1,8755.55,0.15,8755.55,7442.22,0,894.77,2025,6,June,Friday,8755.55,7442.217499999999
2025-06-20,ORD037755,CUST04512,P013,Monitor,Electronics,Delhi,Online,UPI,1,17108.38,0.05,17108.38,16252.96,1,-812.65,2025,6,June,Friday,17108.38,16252.961
2025-06-20,ORD020118,CUST02633,P002,Smartphone,Electronics,Pune,Online,UPI,2,26290.73,0.1,52581.46,47323.31,0,7107.92,2025,6,June,Friday,52581.46,47323.314
2025-06-20,ORD049438,CUST00687,P011,Mixer Grinder,Home,Pune,Online,UPI,2,5158.58,0.05,10317.16,9801.3,0,752.31,2025,6,June,Friday,10317.16,9801.302
2025-06-20,ORD029032,CUST03696,P002,Smartphone,Electronics,Delhi,Online,Credit Card,1,25670.34,0.1,25670.34,23103.31,0,1535.78,2025,6,June,Friday,25670.34,23103.306
2025-06-20,ORD036964,CUST01881,P012,Air Fryer,Home,Delhi,Store,Credit Card,1,7742.32,0.1,7742.32,6968.09,0,807.41,2025,6,June,Friday,7742.32,6968.088
2025-06-20,ORD048783,CUST00495,P012,Air Fryer,Home,Kolkata,Store,UPI,1,7619.06,0.05,7619.06,7238.11,0,1922.74,2025,6,June,Friday,7619.06,7238.107
2025-06-20,ORD031291,CUST02675,P013,Monitor,Electronics,Chennai,Store,Credit Card,2,16917.88,0.15,33835.76,28760.4,0,4910.45,2025,6,June,Friday,33835.76,28760.396
2025-06-20,ORD015270,CUST00988,P007,Backpack,Accessories,Bengaluru,Online,UPI,1,2351.73,0.0,2351.73,2351.73,0,196.9,2025,6,June,Friday,2351.73,2351.73
2025-06-20,ORD043818,CUST02995,P014,Keyboard,Electronics,Delhi,Online,Net Banking,4,2269.22,0.15,9076.88,7715.35,0,648.23,2025,6,June,Friday,9076.88,7715.347999999999
2025-06-20,ORD040567,CUST03500,P003,Headphones,Electronics,Chennai,Online,Credit Card,1,4282.37,0.1,4282.37,3854.13,0,825.68,2025,6,June,Friday,4282.37,3854.133
2025-06-20,ORD031987,CUST03787,P011,Mixer Grinder,Home,Surat,Online,Debit Card,1,4374.88,0.05,4374.88,4156.14,0,797.45,2025,6,June,Friday,4374.88,4156.1359999999995
2025-06-20,ORD047289,CUST04496,P007,Backpack,Accessories,Kolkata,Online,Debit Card,2,2161.78,0.1,4323.56,3891.2,0,1054.42,2025,6,June,Friday,4323.56,3891.2040000000006
2025-06-20,ORD015007,CUST02689,P005,Office Chair,Furniture,Chennai,Store,Debit Card,1,9068.4,0.15,9068.4,7708.14,0,1169.48,2025,6,June,Friday,9068.4,7708.139999999999
2025-06-20,ORD029519,CUST00042,P019,Vacuum Cleaner,Home,Delhi,Online,Cash,1,9854.4,0.05,9854.4,9361.68,0,800.23,2025,6,June,Friday,9854.4,9361.679999999998
2025-06-20,ORD004991,CUST00534,P011,Mixer Grinder,Home,Chennai,Store,UPI,2,4832.77,0.05,9665.54,9182.26,0,1385.94,2025,6,June,Friday,9665.54,9182.263
2025-06-20,ORD040319,CUST03411,P020,Microwave,Home,Surat,Store,UPI,2,10737.61,0.15,21475.22,18253.94,0,3053.72,2025,6,June,Friday,21475.22,18253.937
2025-06-20,ORD043300,CUST00204,P006,Desk,Furniture,Surat,Online,UPI,2,13036.0,0.05,26072.0,24768.4,1,-1238.42,2025,6,June,Friday,26072.0,24768.399999999998
2025-06-20,ORD024619,CUST04109,P008,Running Shoes,Fashion,Hyderabad,Store,Cash,2,4509.48,0.2,9018.96,7215.17,0,373.25,2025,6,June,Friday,9018.96,7215.168
2025-06-20,ORD038584,CUST03708,P017,Jeans,Fashion,Mumbai,Online,Credit Card,5,2884.88,0.1,14424.4,12981.96,0,3254.69,2025,6,June,Friday,14424.400000000001,12981.96
2025-06-20,ORD013057,CUST01591,P001,Laptop,Electronics,Chennai,Online,Debit Card,5,69768.49,0.0,348842.45,348842.45,0,93530.93,2025,6,June,Friday,348842.45,348842.45
2025-06-20,ORD020981,CUST00244,P006,Desk,Furniture,Surat,Online,Net Banking,2,12928.24,0.1,25856.48,23270.83,0,6175.62,2025,6,June,Friday,25856.48,23270.832
2025-06-20,ORD021156,CUST04539,P001,Laptop,Electronics,Jaipur,Store,Credit Card,1,62544.69,0.1,62544.69,56290.22,0,6352.35,2025,6,June,Friday,62544.69,56290.221000000005
2025-06-20,ORD024928,CUST00783,P001,Laptop,Electronics,Delhi,Online,UPI,2,67653.07,0.0,135306.14,135306.14,0,25243.86,2025,6,June,Friday,135306.14,135306.14
2025-06-20,ORD020200,CUST04311,P007,Backpack,Accessories,Delhi,Online,Cash,1,2198.14,0.0,2198.14,2198.14,0,536.7,2025,6,June,Friday,2198.14,2198.14
2025-06-20,ORD008733,CUST00119,P018,Jacket,Fashion,Chennai,Online,UPI,1,5624.48,0.2,5624.48,4499.58,0,280.49,2025,6,June,Friday,5624.48,4499.584
2025-06-20,ORD040805,CUST02150,P008,Running Shoes,Fashion,Kolkata,Online,UPI,3,4363.14,0.0,13089.42,13089.42,0,2637.72,2025,6,June,Friday,13089.420000000002,13089.42
2025-06-20,ORD019790,CUST02901,P017,Jeans,Fashion,Jaipur,Online,UPI,3,3013.38,0.2,9040.14,7232.11,0,1574.72,2025,6,June,Friday,9040.14,7232.112
2025-06-20,ORD013119,CUST04980,P016,Sofa,Furniture,Surat,Store,Credit Card,1,37811.84,0.0,37811.84,37811.84,0,9607.95,2025,6,June,Friday,37811.84,37811.84
2025-06-20,ORD024420,CUST00202,P005,Office Chair,Furniture,Ahmedabad,Online,Net Banking,1,9788.98,0.05,9788.98,9299.53,0,776.01,2025,6,June,Friday,9788.98,9299.530999999999
2025-06-20,ORD015021,CUST00358,P004,Smartwatch,Electronics,Surat,Online,Credit Card,1,6797.22,0.0,6797.22,6797.22,0,653.95,2025,6,June,Friday,6797.22,6797.22
2025-06-20,ORD026491,CUST03682,P018,Jacket,Fashion,Surat,Online,UPI,3,4847.79,0.05,14543.37,13816.2,0,3119.26,2025,6,June,Friday,14543.369999999999,13816.2015
2025-06-20,ORD007738,CUST04567,P009,T-Shirt,Fashion,Jaipur,Online,UPI,1,1284.32,0.25,1284.32,963.24,0,38.53,2025,6,June,Friday,1284.32,963.24
2025-06-20,ORD016750,CUST00350,P019,Vacuum Cleaner,Home,Ahmedabad,Store,UPI,1,8584.84,0.05,8584.84,8155.6,0,1706.83,2025,6,June,Friday,8584.84,8155.598
2025-06-20,ORD030497,CUST00947,P010,Coffee Maker,Home,Hyderabad,Online,UPI,1,5923.41,0.1,5923.41,5331.07,0,692.78,2025,6,June,Friday,5923.41,5331.069
2025-06-20,ORD006311,CUST02428,P005,Office Chair,Furniture,Bengaluru,Online,Net Banking,1,8918.86,0.2,8918.86,7135.09,0,1846.19,2025,6,June,Friday,8918.86,7135.088000000001
2025-06-20,ORD031823,CUST03282,P015,Dining Table,Furniture,Pune,Store,UPI,3,23677.08,0.15,71031.24,60376.55,0,14911.0,2025,6,June,Friday,71031.24,60376.554000000004
2025-06-20,ORD017518,CUST01037,P005,Office Chair,Furniture,Delhi,Online,Net Banking,3,9650.44,0.2,28951.32,23161.06,0,5618.36,2025,6,June,Friday,28951.32,23161.056
2025-06-20,ORD002038,CUST04982,P017,Jeans,Fashion,Delhi,Store,Credit Card,2,2626.5,0.25,5253.0,3939.75,0,238.49,2025,6,June,Friday,5253.0,3939.75
2025-06-20,ORD011190,CUST04780,P005,Office Chair,Furniture,Ahmedabad,Online,UPI,1,9920.09,0.0,9920.09,9920.09,0,2912.64,2025,6,June,Friday,9920.09,9920.09
2025-06-20,ORD023169,CUST01136,P010,Coffee Maker,Home,Pune,Store,Debit Card,1,5457.39,0.1,5457.39,4911.65,0,337.21,2025,6,June,Friday,5457.39,4911.651000000001
2025-06-20,ORD034049,CUST04283,P008,Running Shoes,Fashion,Mumbai,Online,UPI,2,3811.3,0.1,7622.6,6860.34,0,1106.16,2025,6,June,Friday,7622.6,6860.34
2025-06-20,ORD035111,CUST03590,P005,Office Chair,Furniture,Mumbai,Online,Cash,3,9477.92,0.1,28433.76,25590.38,0,2562.69,2025,6,June,Friday,28433.760000000002,25590.384
2025-06-20,ORD048705,CUST00643,P018,Jacket,Fashion,Chennai,Online,UPI,2,5410.83,0.2,10821.66,8657.33,0,1555.92,2025,6,June,Friday,10821.66,8657.328
2025-06-20,ORD045670,CUST00566,P007,Backpack,Accessories,Surat,Online,UPI,2,2269.01,0.0,4538.02,4538.02,0,807.07,2025,6,June,Friday,4538.02,4538.02
2025-06-20,ORD022600,CUST00941,P008,Running Shoes,Fashion,Chennai,Online,Credit Card,1,3830.76,0.15,3830.76,3256.15,0,428.04,2025,6,June,Friday,3830.76,3256.146
2025-06-20,ORD031003,CUST04535,P002,Smartphone,Electronics,Ahmedabad,Online,Credit Card,1,30799.49,0.0,30799.49,30799.49,0,6808.35,2025,6,June,Friday,30799.49,30799.49
2025-06-20,ORD016833,CUST04959,P003,Headphones,Electronics,Chennai,Online,Debit Card,1,4831.67,0.25,4831.67,3623.75,0,489.14,2025,6,June,Friday,4831.67,3623.7525
2025-06-20,ORD034385,CUST03392,P015,Dining Table,Furniture,Delhi,Online,UPI,1,23696.61,0.1,23696.61,21326.95,0,4693.57,2025,6,June,Friday,23696.61,21326.949
2025-06-20,ORD023518,CUST00466,P002,Smartphone,Electronics,Delhi,Online,Credit Card,4,30332.41,0.1,121329.64,109196.68,0,7384.5,2025,6,June,Friday,121329.64,109196.676
2025-06-20,ORD023314,CUST02895,P009,T-Shirt,Fashion,Chennai,Store,Credit Card,3,1090.26,0.0,3270.78,3270.78,0,630.91,2025,6,June,Friday,3270.7799999999997,3270.78
2025-06-20,ORD011164,CUST00154,P010,Coffee Maker,Home,Pune,Store,Credit Card,1,5649.0,0.1,5649.0,5084.1,0,326.53,2025,6,June,Friday,5649.0,5084.1
2025-06-20,ORD023104,CUST03996,P003,Headphones,Electronics,Delhi,Online,UPI,2,4877.77,0.15,9755.54,8292.21,0,993.49,2025,6,June,Friday,9755.54,8292.209
2025-06-20,ORD046405,CUST01788,P009,T-Shirt,Fashion,Jaipur,Online,Debit Card,1,1262.51,0.0,1262.51,1262.51,0,157.14,2025,6,June,Friday,1262.51,1262.51
2025-06-20,ORD030979,CUST04454,P016,Sofa,Furniture,Surat,Store,Credit Card,1,35044.73,0.05,35044.73,33292.49,0,6041.06,2025,6,June,Friday,35044.73,33292.493500000004
2025-06-20,ORD025649,CUST00780,P013,Monitor,Electronics,Hyderabad,Online,Net Banking,1,17892.45,0.1,17892.45,16103.21,0,2388.48,2025,6,June,Friday,17892.45,16103.205000000002
2025-06-20,ORD008059,CUST00813,P014,Keyboard,Electronics,Kolkata,Online,Credit Card,4,2720.79,0.2,10883.16,8706.53,0,917.71,2025,6,June,Friday,10883.16,8706.528
2025-06-20,ORD022497,CUST04161,P007,Backpack,Accessories,Jaipur,Store,Credit Card,1,2037.35,0.0,2037.35,2037.35,0,408.87,2025,6,June,Friday,2037.35,2037.35
2025-06-20,ORD023469,CUST01943,P016,Sofa,Furniture,Bengaluru,Store,Debit Card,1,31706.79,0.2,31706.79,25365.43,0,5130.54,2025,6,June,Friday,31706.79,25365.432
2025-06-20,ORD045033,CUST00319,P002,Smartphone,Electronics,Bengaluru,Store,Credit Card,1,27440.87,0.1,27440.87,24696.78,0,2611.35,2025,6,June,Friday,27440.87,24696.783
2025-06-20,ORD013966,CUST02740,P017,Jeans,Fashion,Delhi,Store,Credit Card,1,2570.21,0.15,2570.21,2184.68,0,276.36,2025,6,June,Friday,2570.21,2184.6785
2025-06-21,ORD013175,CUST01530,P019,Vacuum Cleaner,Home,Mumbai,Online,Credit Card,1,8187.08,0.0,8187.08,8187.08,0,2037.54,2025,6,June,Saturday,8187.08,8187.08
2025-06-21,ORD003301,CUST00511,P013,Monitor,Electronics,Hyderabad,Store,UPI,1,16694.62,0.0,16694.62,16694.62,0,2503.09,2025,6,June,Saturday,16694.62,16694.62
2025-06-21,ORD011116,CUST02123,P009,T-Shirt,Fashion,Bengaluru,Online,Debit Card,1,1112.22,0.15,1112.22,945.39,0,47.47,2025,6,June,Saturday,1112.22,945.387
2025-06-21,ORD015212,CUST03506,P019,Vacuum Cleaner,Home,Jaipur,Online,Credit Card,1,9287.81,0.0,9287.81,9287.81,0,1597.7,2025,6,June,Saturday,9287.81,9287.81
2025-06-21,ORD033079,CUST01164,P014,Keyboard,Electronics,Delhi,Store,Credit Card,1,2497.72,0.0,2497.72,2497.72,0,510.09,2025,6,June,Saturday,2497.72,2497.72
2025-06-21,ORD014329,CUST02884,P015,Dining Table,Furniture,Delhi,Online,Debit Card,4,21425.44,0.05,85701.76,81416.67,0,18726.6,2025,6,June,Saturday,85701.76,81416.67199999999
2025-06-21,ORD012955,CUST02282,P013,Monitor,Electronics,Hyderabad,Store,Net Banking,1,19534.29,0.15,19534.29,16604.15,0,2473.42,2025,6,June,Saturday,19534.29,16604.1465
2025-06-21,ORD031814,CUST00215,P011,Mixer Grinder,Home,Delhi,Online,UPI,1,5232.53,0.1,5232.53,4709.28,0,703.36,2025,6,June,Saturday,5232.53,4709.277
2025-06-21,ORD016206,CUST00895,P012,Air Fryer,Home,Jaipur,Store,Cash,1,6900.95,0.15,6900.95,5865.81,0,599.06,2025,6,June,Saturday,6900.95,5865.8075
2025-06-21,ORD010038,CUST04208,P011,Mixer Grinder,Home,Pune,Online,Debit Card,1,4600.45,0.0,4600.45,4600.45,0,662.7,2025,6,June,Saturday,4600.45,4600.45
2025-06-21,ORD024699,CUST03263,P015,Dining Table,Furniture,Pune,Online,Cash,1,21442.04,0.0,21442.04,21442.04,0,5838.34,2025,6,June,Saturday,21442.04,21442.04
2025-06-21,ORD029374,CUST00670,P002,Smartphone,Electronics,Mumbai,Store,Debit Card,1,27954.69,0.0,27954.69,27954.69,0,8100.94,2025,6,June,Saturday,27954.69,27954.69
2025-06-21,ORD002453,CUST01944,P016,Sofa,Furniture,Kolkata,Online,UPI,1,37810.34,0.2,37810.34,30248.27,0,4891.51,2025,6,June,Saturday,37810.34,30248.271999999997
2025-06-21,ORD035528,CUST01371,P017,Jeans,Fashion,Chennai,Online,Credit Card,2,2541.35,0.1,5082.7,4574.43,0,1125.0,2025,6,June,Saturday,5082.7,4574.43
2025-06-21,ORD024186,CUST00313,P012,Air Fryer,Home,Pune,Store,UPI,1,6507.55,0.1,6507.55,5856.8,0,1609.52,2025,6,June,Saturday,6507.55,5856.795
2025-06-21,ORD042345,CUST02032,P017,Jeans,Fashion,Ahmedabad,Store,UPI,1,2997.34,0.15,2997.34,2547.74,0,563.78,2025,6,June,Saturday,2997.34,2547.739
2025-06-21,ORD017535,CUST04434,P005,Office Chair,Furniture,Kolkata,Online,Credit Card,1,9143.63,0.1,9143.63,8229.27,0,893.84,2025,6,June,Saturday,9143.63,8229.267
2025-06-21,ORD034102,CUST01862,P011,Mixer Grinder,Home,Kolkata,Online,UPI,1,4427.64,0.2,4427.64,3542.11,0,828.58,2025,6,June,Saturday,4427.64,3542.1120000000005
2025-06-21,ORD026548,CUST02458,P002,Smartphone,Electronics,Bengaluru,Store,Credit Card,2,25797.74,0.0,51595.48,51595.48,0,10394.97,2025,6,June,Saturday,51595.48,51595.48
2025-06-21,ORD031908,CUST00847,P010,Coffee Maker,Home,Surat,Online,Debit Card,4,5239.99,0.1,20959.96,18863.96,0,1983.96,2025,6,June,Saturday,20959.96,18863.964
2025-06-21,ORD021512,CUST00985,P019,Vacuum Cleaner,Home,Ahmedabad,Store,Net Banking,3,9762.93,0.0,29288.79,29288.79,0,4838.23,2025,6,June,Saturday,29288.79,29288.79
2025-06-21,ORD022836,CUST00682,P009,T-Shirt,Fashion,Kolkata,Store,Net Banking,1,1258.01,0.05,1258.01,1195.11,0,334.73,2025,6,June,Saturday,1258.01,1195.1095
2025-06-21,ORD027468,CUST00131,P016,Sofa,Furniture,Kolkata,Online,Credit Card,4,32547.01,0.15,130188.04,110659.83,0,11618.16,2025,6,June,Saturday,130188.04,110659.83399999999
2025-06-21,ORD015170,CUST04012,P013,Monitor,Electronics,Mumbai,Online,Debit Card,2,18549.27,0.1,37098.54,33388.69,0,8868.28,2025,6,June,Saturday,37098.54,33388.686
2025-06-21,ORD014781,CUST00762,P020,Microwave,Home,Mumbai,Online,UPI,1,11163.1,0.2,11163.1,8930.48,0,1481.87,2025,6,June,Saturday,11163.1,8930.480000000001
2025-06-21,ORD041048,CUST01995,P016,Sofa,Furniture,Kolkata,Store,UPI,2,32146.48,0.05,64292.96,61078.31,0,12473.97,2025,6,June,Saturday,64292.96,61078.312
2025-06-21,ORD031658,CUST00010,P006,Desk,Furniture,Chennai,Store,UPI,1,12829.99,0.05,12829.99,12188.49,1,-609.42,2025,6,June,Saturday,12829.99,12188.4905
2025-06-21,ORD048527,CUST00322,P003,Headphones,Electronics,Pune,Online,UPI,1,4876.18,0.0,4876.18,4876.18,0,433.54,2025,6,June,Saturday,4876.18,4876.18
2025-06-21,ORD028888,CUST02144,P008,Running Shoes,Fashion,Kolkata,Online,Debit Card,1,4287.84,0.0,4287.84,4287.84,0,788.15,2025,6,June,Saturday,4287.84,4287.84
2025-06-21,ORD023233,CUST00952,P013,Monitor,Electronics,Ahmedabad,Online,Net Banking,1,16876.66,0.05,16876.66,16032.83,0,2129.11,2025,6,June,Saturday,16876.66,16032.827
2025-06-21,ORD017858,CUST01627,P008,Running Shoes,Fashion,Ahmedabad,Online,Credit Card,1,4357.65,0.1,4357.65,3921.88,0,370.55,2025,6,June,Saturday,4357.65,3921.8849999999998
2025-06-21,ORD039399,CUST01926,P011,Mixer Grinder,Home,Chennai,Online,UPI,1,4531.11,0.05,4531.11,4304.55,0,788.74,2025,6,June,Saturday,4531.11,4304.554499999999
2025-06-21,ORD014943,CUST03580,P002,Smartphone,Electronics,Surat,Store,Credit Card,1,29635.02,0.15,29635.02,25189.77,0,3486.59,2025,6,June,Saturday,29635.02,25189.767
2025-06-21,ORD038298,CUST02539,P019,Vacuum Cleaner,Home,Delhi,Store,UPI,1,8909.26,0.05,8909.26,8463.8,0,617.26,2025,6,June,Saturday,8909.26,8463.797
2025-06-21,ORD043322,CUST03187,P003,Headphones,Electronics,Kolkata,Online,Debit Card,3,4491.43,0.05,13474.29,12800.58,0,2743.57,2025,6,June,Saturday,13474.29,12800.5755
2025-06-21,ORD042314,CUST00283,P012,Air Fryer,Home,Jaipur,Store,Debit Card,3,7719.11,0.05,23157.33,21999.46,0,5647.27,2025,6,June,Saturday,23157.329999999998,21999.4635
2025-06-21,ORD039447,CUST02035,P011,Mixer Grinder,Home,Mumbai,Online,UPI,2,4333.41,0.05,8666.82,8233.48,0,2321.83,2025,6,June,Saturday,8666.82,8233.479
2025-06-21,ORD003501,CUST01437,P003,Headphones,Electronics,Kolkata,Online,Credit Card,1,4708.24,0.0,4708.24,4708.24,0,1062.25,2025,6,June,Saturday,4708.24,4708.24
2025-06-21,ORD034146,CUST01448,P020,Microwave,Home,Kolkata,Online,Credit Card,3,10397.04,0.25,31191.12,23393.34,0,1518.41,2025,6,June,Saturday,31191.120000000003,23393.34
2025-06-21,ORD019218,CUST03389,P011,Mixer Grinder,Home,Surat,Online,UPI,3,5242.26,0.15,15726.78,13367.76,0,982.78,2025,6,June,Saturday,15726.78,13367.763
2025-06-21,ORD028995,CUST02471,P015,Dining Table,Furniture,Jaipur,Online,Cash,2,23663.87,0.0,47327.74,47327.74,0,8661.37,2025,6,June,Saturday,47327.74,47327.74
2025-06-21,ORD029408,CUST00488,P019,Vacuum Cleaner,Home,Chennai,Online,UPI,1,8398.66,0.15,8398.66,7138.86,0,524.13,2025,6,June,Saturday,8398.66,7138.861
2025-06-21,ORD048053,CUST04431,P001,Laptop,Electronics,Mumbai,Store,UPI,5,64143.57,0.0,320717.85,320717.85,0,50648.41,2025,6,June,Saturday,320717.85,320717.85
2025-06-21,ORD008799,CUST01991,P017,Jeans,Fashion,Delhi,Online,Debit Card,1,2601.92,0.0,2601.92,2601.92,0,309.6,2025,6,June,Saturday,2601.92,2601.92
2025-06-21,ORD026123,CUST03656,P007,Backpack,Accessories,Mumbai,Online,Debit Card,2,2159.31,0.1,4318.62,3886.76,0,238.58,2025,6,June,Saturday,4318.62,3886.758
2025-06-21,ORD028801,CUST00621,P011,Mixer Grinder,Home,Ahmedabad,Online,Debit Card,1,4950.47,0.25,4950.47,3712.85,0,531.14,2025,6,June,Saturday,4950.47,3712.8525
2025-06-21,ORD027368,CUST04055,P013,Monitor,Electronics,Bengaluru,Online,UPI,5,19416.28,0.05,97081.4,92227.33,1,-4611.37,2025,6,June,Saturday,97081.4,92227.32999999999
2025-06-21,ORD048332,CUST04827,P001,Laptop,Electronics,Delhi,Store,Cash,3,68511.95,0.2,205535.85,164428.68,0,13449.1,2025,6,June,Saturday,205535.84999999998,164428.68000000002
2025-06-21,ORD038576,CUST00847,P019,Vacuum Cleaner,Home,Kolkata,Online,UPI,3,8368.23,0.05,25104.69,23849.46,0,3800.39,2025,6,June,Saturday,25104.69,23849.455499999996
2025-06-21,ORD004716,CUST02717,P010,Coffee Maker,Home,Surat,Online,Credit Card,1,5977.92,0.05,5977.92,5679.02,0,1591.84,2025,6,June,Saturday,5977.92,5679.023999999999
2025-06-21,ORD037528,CUST01738,P004,Smartwatch,Electronics,Hyderabad,Online,UPI,1,7275.08,0.0,7275.08,7275.08,0,1837.65,2025,6,June,Saturday,7275.08,7275.08
2025-06-21,ORD016591,CUST00288,P019,Vacuum Cleaner,Home,Delhi,Online,UPI,1,8738.97,0.1,8738.97,7865.07,0,918.03,2025,6,June,Saturday,8738.97,7865.072999999999
2025-06-21,ORD040907,CUST01190,P012,Air Fryer,Home,Pune,Store,UPI,4,7587.05,0.0,30348.2,30348.2,0,8498.74,2025,6,June,Saturday,30348.2,30348.2
2025-06-21,ORD018350,CUST01610,P014,Keyboard,Electronics,Chennai,Online,UPI,2,2300.54,0.0,4601.08,4601.08,1,-230.05,2025,6,June,Saturday,4601.08,4601.08
2025-06-21,ORD032867,CUST00312,P017,Jeans,Fashion,Jaipur,Online,Net Banking,1,2933.14,0.05,2933.14,2786.48,0,474.84,2025,6,June,Saturday,2933.14,2786.4829999999997
2025-06-21,ORD044494,CUST04253,P016,Sofa,Furniture,Kolkata,Store,UPI,1,34115.22,0.0,34115.22,34115.22,0,2948.95,2025,6,June,Saturday,34115.22,34115.22
2025-06-21,ORD024172,CUST01366,P013,Monitor,Electronics,Hyderabad,Store,Debit Card,1,19241.55,0.15,19241.55,16355.32,0,1842.67,2025,6,June,Saturday,19241.55,16355.3175
2025-06-21,ORD045544,CUST01574,P020,Microwave,Home,Mumbai,Online,Credit Card,1,11501.34,0.1,11501.34,10351.21,0,2849.51,2025,6,June,Saturday,11501.34,10351.206
2025-06-21,ORD001930,CUST01184,P005,Office Chair,Furniture,Surat,Online,UPI,1,9099.29,0.15,9099.29,7734.4,0,1519.63,2025,6,June,Saturday,9099.29,7734.396500000001
2025-06-21,ORD022623,CUST02030,P003,Headphones,Electronics,Ahmedabad,Online,Credit Card,1,4572.54,0.1,4572.54,4115.29,0,715.03,2025,6,June,Saturday,4572.54,4115.286
2025-06-21,ORD005842,CUST00419,P014,Keyboard,Electronics,Bengaluru,Store,UPI,1,2686.78,0.1,2686.78,2418.1,0,481.9,2025,6,June,Saturday,2686.78,2418.1020000000003
2025-06-21,ORD025204,CUST01191,P002,Smartphone,Electronics,Chennai,Online,Credit Card,1,26635.25,0.0,26635.25,26635.25,0,7842.42,2025,6,June,Saturday,26635.25,26635.25
2025-06-21,ORD022006,CUST03236,P002,Smartphone,Electronics,Delhi,Store,Credit Card,2,29198.51,0.15,58397.02,49637.47,0,8360.99,2025,6,June,Saturday,58397.02,49637.467
2025-06-21,ORD020589,CUST01887,P017,Jeans,Fashion,Kolkata,Store,UPI,2,3020.72,0.15,6041.44,5135.22,0,719.76,2025,6,June,Saturday,6041.44,5135.223999999999
2025-06-21,ORD010554,CUST00029,P010,Coffee Maker,Home,Kolkata,Online,Debit Card,2,5633.2,0.15,11266.4,9576.44,0,898.77,2025,6,June,Saturday,11266.4,9576.439999999999
2025-06-21,ORD037741,CUST00687,P012,Air Fryer,Home,Hyderabad,Store,Credit Card,1,7614.75,0.1,7614.75,6853.28,0,918.25,2025,6,June,Saturday,7614.75,6853.275000000001
2025-06-21,ORD019649,CUST01248,P019,Vacuum Cleaner,Home,Delhi,Online,Debit Card,2,8676.23,0.2,17352.46,13881.97,0,1187.69,2025,6,June,Saturday,17352.46,13881.968
2025-06-21,ORD047397,CUST00952,P007,Backpack,Accessories,Hyderabad,Online,UPI,1,2207.27,0.15,2207.27,1876.18,0,305.44,2025,6,June,Saturday,2207.27,1876.1795
2025-06-22,ORD012065,CUST00183,P003,Headphones,Electronics,Ahmedabad,Store,UPI,1,4480.2,0.1,4480.2,4032.18,0,1095.53,2025,6,June,Sunday,4480.2,4032.18
2025-06-22,ORD037690,CUST03943,P018,Jacket,Fashion,Jaipur,Online,Credit Card,1,5556.33,0.0,5556.33,5556.33,0,1260.91,2025,6,June,Sunday,5556.33,5556.33
2025-06-22,ORD017253,CUST03306,P019,Vacuum Cleaner,Home,Ahmedabad,Store,UPI,1,9741.43,0.1,9741.43,8767.29,0,663.79,2025,6,June,Sunday,9741.43,8767.287
2025-06-22,ORD018946,CUST01484,P002,Smartphone,Electronics,Mumbai,Store,Credit Card,1,29533.66,0.1,29533.66,26580.29,0,2446.04,2025,6,June,Sunday,29533.66,26580.294
2025-06-22,ORD023477,CUST03253,P009,T-Shirt,Fashion,Surat,Store,UPI,1,1200.38,0.1,1200.38,1080.34,0,126.06,2025,6,June,Sunday,1200.38,1080.342
2025-06-22,ORD029940,CUST03476,P005,Office Chair,Furniture,Chennai,Store,UPI,1,10112.87,0.1,10112.87,9101.58,0,803.54,2025,6,June,Sunday,10112.87,9101.583
2025-06-22,ORD022181,CUST00881,P003,Headphones,Electronics,Surat,Online,Net Banking,1,4495.2,0.05,4495.2,4270.44,0,742.8,2025,6,June,Sunday,4495.2,4270.44
2025-06-22,ORD048087,CUST02024,P006,Desk,Furniture,Pune,Online,Net Banking,1,11216.06,0.05,11216.06,10655.26,0,1540.98,2025,6,June,Sunday,11216.06,10655.257
2025-06-22,ORD010456,CUST00325,P015,Dining Table,Furniture,Kolkata,Online,Cash,1,23723.67,0.0,23723.67,23723.67,0,4718.9,2025,6,June,Sunday,23723.67,23723.67
2025-06-22,ORD008291,CUST04396,P001,Laptop,Electronics,Hyderabad,Online,UPI,1,68325.7,0.15,68325.7,58076.84,0,4931.28,2025,6,June,Sunday,68325.7,58076.844999999994
2025-06-22,ORD022737,CUST04547,P008,Running Shoes,Fashion,Chennai,Online,UPI,2,4011.28,0.1,8022.56,7220.3,0,1189.72,2025,6,June,Sunday,8022.56,7220.304
2025-06-22,ORD022093,CUST00344,P003,Headphones,Electronics,Surat,Online,Debit Card,3,4541.06,0.0,13623.18,13623.18,0,1997.49,2025,6,June,Sunday,13623.18,13623.18
2025-06-22,ORD022029,CUST01585,P013,Monitor,Electronics,Delhi,Store,Credit Card,2,17222.61,0.1,34445.22,31000.7,0,3180.7,2025,6,June,Sunday,34445.22,31000.698
2025-06-22,ORD000618,CUST01215,P010,Coffee Maker,Home,Pune,Online,Credit Card,1,5562.52,0.0,5562.52,5562.52,0,796.42,2025,6,June,Sunday,5562.52,5562.52
2025-06-22,ORD028435,CUST01813,P002,Smartphone,Electronics,Mumbai,Store,Net Banking,5,25551.87,0.2,127759.35,102207.48,0,26573.93,2025,6,June,Sunday,127759.34999999999,102207.48000000001
2025-06-22,ORD045724,CUST04466,P013,Monitor,Electronics,Kolkata,Online,UPI,1,18796.65,0.05,18796.65,17856.82,0,3533.06,2025,6,June,Sunday,18796.65,17856.8175
2025-06-22,ORD003852,CUST04775,P007,Backpack,Accessories,Kolkata,Online,Credit Card,1,2005.46,0.15,2005.46,1704.64,0,427.76,2025,6,June,Sunday,2005.46,1704.641
2025-06-22,ORD010815,CUST04661,P010,Coffee Maker,Home,Surat,Online,Net Banking,2,5542.11,0.05,11084.22,10530.01,0,1953.15,2025,6,June,Sunday,11084.22,10530.008999999998
2025-06-22,ORD036201,CUST02486,P012,Air Fryer,Home,Pune,Online,Debit Card,2,7003.41,0.1,14006.82,12606.14,0,2199.68,2025,6,June,Sunday,14006.82,12606.138
2025-06-22,ORD046639,CUST00050,P006,Desk,Furniture,Kolkata,Store,Credit Card,2,12995.23,0.1,25990.46,23391.41,0,6488.87,2025,6,June,Sunday,25990.46,23391.414
2025-06-22,ORD047133,CUST03095,P001,Laptop,Electronics,Kolkata,Online,Cash,1,70887.49,0.1,70887.49,63798.74,0,11703.27,2025,6,June,Sunday,70887.49,63798.74100000001
2025-06-22,ORD016847,CUST03168,P009,T-Shirt,Fashion,Surat,Store,UPI,1,1293.97,0.1,1293.97,1164.57,0,266.41,2025,6,June,Sunday,1293.97,1164.573
2025-06-22,ORD045040,CUST02785,P017,Jeans,Fashion,Kolkata,Store,Cash,1,3041.05,0.0,3041.05,3041.05,0,300.19,2025,6,June,Sunday,3041.05,3041.05
2025-06-22,ORD044630,CUST03883,P004,Smartwatch,Electronics,Hyderabad,Store,Credit Card,1,7603.7,0.0,7603.7,7603.7,0,1009.14,2025,6,June,Sunday,7603.7,7603.7
2025-06-22,ORD035804,CUST02072,P006,Desk,Furniture,Chennai,Online,UPI,2,11080.89,0.05,22161.78,21053.69,0,1989.96,2025,6,June,Sunday,22161.78,21053.691
2025-06-22,ORD004270,CUST03754,P002,Smartphone,Electronics,Delhi,Online,UPI,1,27308.06,0.05,27308.06,25942.66,0,6722.98,2025,6,June,Sunday,27308.06,25942.657
2025-06-22,ORD019442,CUST04673,P012,Air Fryer,Home,Mumbai,Online,UPI,4,7249.55,0.05,28998.2,27548.29,0,6517.51,2025,6,June,Sunday,28998.2,27548.29
2025-06-22,ORD021202,CUST04691,P011,Mixer Grinder,Home,Chennai,Online,Cash,1,4933.69,0.1,4933.69,4440.32,1,-222.02,2025,6,June,Sunday,4933.69,4440.321
2025-06-22,ORD031543,CUST01163,P017,Jeans,Fashion,Kolkata,Online,Credit Card,3,2672.8,0.1,8018.4,7216.56,0,939.85,2025,6,June,Sunday,8018.400000000001,7216.5599999999995
2025-06-22,ORD035827,CUST00804,P011,Mixer Grinder,Home,Mumbai,Online,UPI,1,4776.46,0.15,4776.46,4059.99,0,789.77,2025,6,June,Sunday,4776.46,4059.991
2025-06-22,ORD025605,CUST00193,P010,Coffee Maker,Home,Hyderabad,Store,UPI,4,5771.2,0.1,23084.8,20776.32,0,4246.95,2025,6,June,Sunday,23084.8,20776.32
2025-06-22,ORD020457,CUST02520,P015,Dining Table,Furniture,Hyderabad,Online,Debit Card,1,23655.6,0.1,23655.6,21290.04,0,2245.53,2025,6,June,Sunday,23655.6,21290.04
2025-06-22,ORD018881,CUST00117,P001,Laptop,Electronics,Ahmedabad,Store,UPI,1,60354.74,0.25,60354.74,45266.06,0,9244.1,2025,6,June,Sunday,60354.74,45266.055
2025-06-22,ORD007278,CUST04077,P004,Smartwatch,Electronics,Jaipur,Online,Cash,2,6810.84,0.15,13621.68,11578.43,0,2997.93,2025,6,June,Sunday,13621.68,11578.428
2025-06-22,ORD012818,CUST02605,P010,Coffee Maker,Home,Kolkata,Store,UPI,4,5325.38,0.0,21301.52,21301.52,0,3150.03,2025,6,June,Sunday,21301.52,21301.52
2025-06-22,ORD022218,CUST03904,P014,Keyboard,Electronics,Mumbai,Online,UPI,2,2737.92,0.25,5475.84,4106.88,0,891.62,2025,6,June,Sunday,5475.84,4106.88
2025-06-22,ORD021007,CUST03490,P013,Monitor,Electronics,Hyderabad,Online,UPI,1,18103.91,0.1,18103.91,16293.52,0,1995.97,2025,6,June,Sunday,18103.91,16293.519
2025-06-22,ORD003892,CUST04744,P010,Coffee Maker,Home,Bengaluru,Online,UPI,1,5702.01,0.1,5702.01,5131.81,0,1357.42,2025,6,June,Sunday,5702.01,5131.809
2025-06-22,ORD008868,CUST04176,P006,Desk,Furniture,Kolkata,Store,Credit Card,1,11902.92,0.2,11902.92,9522.34,0,1693.35,2025,6,June,Sunday,11902.92,9522.336000000001
2025-06-22,ORD045320,CUST00716,P003,Headphones,Electronics,Pune,Online,UPI,1,4626.53,0.15,4626.53,3932.55,0,805.17,2025,6,June,Sunday,4626.53,3932.5505
2025-06-22,ORD003951,CUST03420,P008,Running Shoes,Fashion,Chennai,Online,Credit Card,1,4214.38,0.0,4214.38,4214.38,0,407.91,2025,6,June,Sunday,4214.38,4214.38
2025-06-22,ORD038500,CUST04418,P020,Microwave,Home,Mumbai,Online,Net Banking,1,11014.21,0.0,11014.21,11014.21,0,1185.19,2025,6,June,Sunday,11014.21,11014.21
2025-06-22,ORD004412,CUST04615,P020,Microwave,Home,Surat,Online,UPI,3,11124.51,0.05,33373.53,31704.85,0,2777.78,2025,6,June,Sunday,33373.53,31704.853499999997
2025-06-22,ORD002387,CUST04833,P017,Jeans,Fashion,Bengaluru,Online,UPI,1,2930.85,0.05,2930.85,2784.31,0,411.73,2025,6,June,Sunday,2930.85,2784.3075
2025-06-22,ORD004332,CUST01989,P008,Running Shoes,Fashion,Jaipur,Online,UPI,1,4375.64,0.0,4375.64,4375.64,0,960.66,2025,6,June,Sunday,4375.64,4375.64
2025-06-22,ORD045131,CUST01424,P013,Monitor,Electronics,Chennai,Online,Net Banking,2,17376.84,0.15,34753.68,29540.63,0,3000.26,2025,6,June,Sunday,34753.68,29540.628
2025-06-23,ORD000271,CUST00278,P008,Running Shoes,Fashion,Jaipur,Online,Debit Card,4,4612.72,0.15,18450.88,15683.25,0,4106.02,2025,6,June,Monday,18450.88,15683.248
2025-06-23,ORD033745,CUST01850,P008,Running Shoes,Fashion,Kolkata,Online,UPI,1,4344.28,0.1,4344.28,3909.85,0,763.69,2025,6,June,Monday,4344.28,3909.852
2025-06-23,ORD037426,CUST03376,P003,Headphones,Electronics,Delhi,Online,Credit Card,4,4810.72,0.0,19242.88,19242.88,0,5555.08,2025,6,June,Monday,19242.88,19242.88
2025-06-23,ORD001129,CUST00270,P010,Coffee Maker,Home,Bengaluru,Online,UPI,2,5389.46,0.0,10778.92,10778.92,1,-538.95,2025,6,June,Monday,10778.92,10778.92
2025-06-23,ORD013061,CUST00217,P017,Jeans,Fashion,Hyderabad,Online,UPI,2,2697.68,0.05,5395.36,5125.59,0,1213.83,2025,6,June,Monday,5395.36,5125.592
2025-06-23,ORD040346,CUST00849,P012,Air Fryer,Home,Surat,Online,Credit Card,1,6807.6,0.15,6807.6,5786.46,0,568.51,2025,6,June,Monday,6807.6,5786.46
2025-06-23,ORD006079,CUST00395,P004,Smartwatch,Electronics,Ahmedabad,Online,Credit Card,1,6814.3,0.15,6814.3,5792.16,0,1558.86,2025,6,June,Monday,6814.3,5792.155
2025-06-23,ORD035418,CUST01660,P019,Vacuum Cleaner,Home,Kolkata,Online,Debit Card,1,9049.82,0.0,9049.82,9049.82,0,2086.22,2025,6,June,Monday,9049.82,9049.82
2025-06-23,ORD025586,CUST04029,P007,Backpack,Accessories,Surat,Online,UPI,2,2166.66,0.15,4333.32,3683.32,0,187.93,2025,6,June,Monday,4333.32,3683.3219999999997
2025-06-23,ORD025615,CUST00916,P006,Desk,Furniture,Jaipur,Online,UPI,1,11435.78,0.25,11435.78,8576.84,0,988.75,2025,6,June,Monday,11435.78,8576.835000000001
2025-06-23,ORD011115,CUST02103,P020,Microwave,Home,Ahmedabad,Online,Debit Card,1,10852.5,0.1,10852.5,9767.25,0,1196.74,2025,6,June,Monday,10852.5,9767.25
2025-06-23,ORD003166,CUST02547,P015,Dining Table,Furniture,Hyderabad,Store,UPI,1,20191.85,0.15,20191.85,17163.07,0,2379.29,2025,6,June,Monday,20191.85,17163.0725
2025-06-23,ORD006997,CUST02571,P002,Smartphone,Electronics,Surat,Store,UPI,1,28176.59,0.0,28176.59,28176.59,0,8072.66,2025,6,June,Monday,28176.59,28176.59
2025-06-23,ORD025160,CUST02795,P003,Headphones,Electronics,Chennai,Store,Credit Card,2,4490.73,0.1,8981.46,8083.31,0,1507.25,2025,6,June,Monday,8981.46,8083.313999999999
2025-06-23,ORD000441,CUST04080,P003,Headphones,Electronics,Mumbai,Online,UPI,1,4606.75,0.1,4606.75,4146.08,0,302.74,2025,6,June,Monday,4606.75,4146.075
2025-06-23,ORD044717,CUST00014,P011,Mixer Grinder,Home,Ahmedabad,Store,Credit Card,1,4784.31,0.05,4784.31,4545.09,0,769.05,2025,6,June,Monday,4784.31,4545.0945
2025-06-23,ORD000833,CUST03053,P016,Sofa,Furniture,Mumbai,Online,Debit Card,1,35613.92,0.0,35613.92,35613.92,0,9606.34,2025,6,June,Monday,35613.92,35613.92
2025-06-23,ORD041785,CUST03711,P020,Microwave,Home,Surat,Online,UPI,2,11815.24,0.0,23630.48,23630.48,0,2087.76,2025,6,June,Monday,23630.48,23630.48
2025-06-23,ORD006146,CUST04157,P003,Headphones,Electronics,Hyderabad,Online,UPI,2,4379.89,0.0,8759.78,8759.78,0,1350.14,2025,6,June,Monday,8759.78,8759.78
2025-06-23,ORD030630,CUST00141,P017,Jeans,Fashion,Mumbai,Online,UPI,1,2805.83,0.05,2805.83,2665.54,0,208.22,2025,6,June,Monday,2805.83,2665.5384999999997
2025-06-23,ORD038484,CUST02964,P020,Microwave,Home,Kolkata,Store,UPI,3,10778.44,0.05,32335.32,30718.55,0,2213.67,2025,6,June,Monday,32335.32,30718.554
2025-06-23,ORD002417,CUST04064,P012,Air Fryer,Home,Hyderabad,Online,Net Banking,3,7286.88,0.25,21860.64,16395.48,0,2799.46,2025,6,June,Monday,21860.64,16395.48
2025-06-23,ORD017968,CUST04792,P020,Microwave,Home,Ahmedabad,Online,Debit Card,1,11030.96,0.2,11030.96,8824.77,0,1071.4,2025,6,June,Monday,11030.96,8824.768
2025-06-23,ORD019982,CUST04600,P020,Microwave,Home,Chennai,Store,UPI,2,10923.32,0.0,21846.64,21846.64,0,6466.99,2025,6,June,Monday,21846.64,21846.64
2025-06-23,ORD040150,CUST03310,P001,Laptop,Electronics,Pune,Online,Debit Card,2,58536.28,0.0,117072.56,117072.56,0,23873.98,2025,6,June,Monday,117072.56,117072.56
2025-06-23,ORD027595,CUST00870,P009,T-Shirt,Fashion,Bengaluru,Online,UPI,1,1204.73,0.1,1204.73,1084.26,0,217.21,2025,6,June,Monday,1204.73,1084.257
2025-06-23,ORD016684,CUST01416,P008,Running Shoes,Fashion,Mumbai,Online,UPI,1,4179.18,0.05,4179.18,3970.22,0,438.5,2025,6,June,Monday,4179.18,3970.221
2025-06-23,ORD016043,CUST00844,P006,Desk,Furniture,Delhi,Online,Credit Card,3,11741.91,0.0,35225.73,35225.73,0,5217.35,2025,6,June,Monday,35225.729999999996,35225.73
2025-06-23,ORD033254,CUST04386,P016,Sofa,Furniture,Jaipur,Online,UPI,2,37304.87,0.0,74609.74,74609.74,0,21483.15,2025,6,June,Monday,74609.74,74609.74
2025-06-23,ORD016160,CUST02170,P017,Jeans,Fashion,Surat,Online,Cash,2,2811.25,0.0,5622.5,5622.5,0,1253.46,2025,6,June,Monday,5622.5,5622.5
2025-06-23,ORD008572,CUST02401,P012,Air Fryer,Home,Pune,Online,Debit Card,1,7757.67,0.15,7757.67,6594.02,0,1322.38,2025,6,June,Monday,7757.67,6594.0195
2025-06-23,ORD002521,CUST02697,P001,Laptop,Electronics,Surat,Online,Cash,2,67013.4,0.1,134026.8,120624.12,0,11372.99,2025,6,June,Monday,134026.8,120624.12
2025-06-23,ORD047864,CUST00288,P019,Vacuum Cleaner,Home,Kolkata,Online,Credit Card,2,8528.24,0.15,17056.48,14498.01,0,2727.86,2025,6,June,Monday,17056.48,14498.008
2025-06-23,ORD007659,CUST04105,P010,Coffee Maker,Home,Delhi,Online,Debit Card,2,5770.04,0.1,11540.08,10386.07,1,-519.3,2025,6,June,Monday,11540.08,10386.072
2025-06-23,ORD046659,CUST04665,P016,Sofa,Furniture,Chennai,Online,UPI,2,34225.98,0.15,68451.96,58184.17,0,5576.24,2025,6,June,Monday,68451.96,58184.166000000005
2025-06-23,ORD025036,CUST03752,P002,Smartphone,Electronics,Kolkata,Online,Credit Card,1,27739.42,0.05,27739.42,26352.45,0,2247.37,2025,6,June,Monday,27739.42,26352.448999999997
2025-06-23,ORD010467,CUST00402,P010,Coffee Maker,Home,Bengaluru,Online,Credit Card,1,5492.69,0.15,5492.69,4668.79,0,663.39,2025,6,June,Monday,5492.69,4668.786499999999
2025-06-23,ORD039818,CUST02589,P020,Microwave,Home,Pune,Store,Credit Card,1,11992.19,0.05,11992.19,11392.58,1,-569.63,2025,6,June,Monday,11992.19,11392.5805
2025-06-23,ORD011909,CUST00842,P011,Mixer Grinder,Home,Chennai,Online,UPI,1,4599.01,0.25,4599.01,3449.26,0,315.27,2025,6,June,Monday,4599.01,3449.2575
2025-06-23,ORD011019,CUST02836,P004,Smartwatch,Electronics,Hyderabad,Online,Credit Card,1,7376.61,0.0,7376.61,7376.61,0,1224.55,2025,6,June,Monday,7376.61,7376.61
2025-06-23,ORD024891,CUST04877,P015,Dining Table,Furniture,Hyderabad,Store,UPI,1,21254.56,0.1,21254.56,19129.1,0,2533.47,2025,6,June,Monday,21254.56,19129.104000000003
2025-06-23,ORD004708,CUST02694,P015,Dining Table,Furniture,Jaipur,Online,Credit Card,2,22041.54,0.15,44083.08,37470.62,0,3017.79,2025,6,June,Monday,44083.08,37470.618
2025-06-23,ORD038354,CUST04964,P019,Vacuum Cleaner,Home,Mumbai,Online,Credit Card,3,8329.58,0.1,24988.74,22489.87,0,6176.26,2025,6,June,Monday,24988.739999999998,22489.866
2025-06-23,ORD043285,CUST03756,P011,Mixer Grinder,Home,Bengaluru,Store,Debit Card,1,5221.19,0.05,5221.19,4960.13,1,-248.01,2025,6,June,Monday,5221.19,4960.130499999999
2025-06-23,ORD035980,CUST02933,P003,Headphones,Electronics,Bengaluru,Store,UPI,1,4825.9,0.0,4825.9,4825.9,0,603.51,2025,6,June,Monday,4825.9,4825.9
2025-06-23,ORD023372,CUST01349,P013,Monitor,Electronics,Bengaluru,Online,Net Banking,2,18081.0,0.0,36162.0,36162.0,0,4251.59,2025,6,June,Monday,36162.0,36162.0
2025-06-23,ORD005551,CUST04875,P015,Dining Table,Furniture,Mumbai,Online,UPI,5,23438.4,0.25,117192.0,87894.0,0,13937.55,2025,6,June,Monday,117192.0,87894.0
2025-06-23,ORD041820,CUST03450,P012,Air Fryer,Home,Ahmedabad,Store,Credit Card,1,7033.57,0.1,7033.57,6330.21,0,787.37,2025,6,June,Monday,7033.57,6330.213
2025-06-23,ORD030356,CUST04049,P008,Running Shoes,Fashion,Mumbai,Online,Credit Card,4,4281.01,0.05,17124.04,16267.84,0,1795.66,2025,6,June,Monday,17124.04,16267.838
2025-06-23,ORD011969,CUST04237,P014,Keyboard,Electronics,Pune,Online,Debit Card,1,2532.8,0.1,2532.8,2279.52,0,485.7,2025,6,June,Monday,2532.8,2279.5200000000004
2025-06-23,ORD001661,CUST02383,P015,Dining Table,Furniture,Chennai,Store,UPI,1,23787.58,0.15,23787.58,20219.44,0,4679.16,2025,6,June,Monday,23787.58,20219.443
2025-06-23,ORD008975,CUST02410,P019,Vacuum Cleaner,Home,Bengaluru,Store,UPI,1,9209.27,0.15,9209.27,7827.88,0,1876.15,2025,6,June,Monday,9209.27,7827.8795
2025-06-23,ORD013598,CUST04268,P020,Microwave,Home,Jaipur,Store,UPI,1,10812.14,0.0,10812.14,10812.14,0,2421.5,2025,6,June,Monday,10812.14,10812.14
2025-06-23,ORD026332,CUST02884,P015,Dining Table,Furniture,Chennai,Store,Cash,1,23937.56,0.1,23937.56,21543.8,0,2676.24,2025,6,June,Monday,23937.56,21543.804
2025-06-23,ORD012920,CUST03143,P001,Laptop,Electronics,Delhi,Store,Net Banking,3,60918.3,0.1,182754.9,164479.41,0,45944.88,2025,6,June,Monday,182754.90000000002,164479.41
2025-06-23,ORD042309,CUST03260,P011,Mixer Grinder,Home,Delhi,Store,UPI,3,5023.68,0.1,15071.04,13563.94,0,1261.81,2025,6,June,Monday,15071.04,13563.936000000002
2025-06-23,ORD042733,CUST02560,P020,Microwave,Home,Mumbai,Store,Debit Card,1,10176.38,0.15,10176.38,8649.92,0,967.25,2025,6,June,Monday,10176.38,8649.922999999999
2025-06-23,ORD046534,CUST02294,P017,Jeans,Fashion,Delhi,Online,UPI,2,3012.03,0.15,6024.06,5120.45,0,677.5,2025,6,June,Monday,6024.06,5120.451
2025-06-23,ORD049514,CUST02596,P015,Dining Table,Furniture,Chennai,Online,Debit Card,1,22262.8,0.05,22262.8,21149.66,0,2481.78,2025,6,June,Monday,22262.8,21149.66
2025-06-23,ORD013381,CUST01466,P010,Coffee Maker,Home,Jaipur,Store,Cash,2,5554.58,0.1,11109.16,9998.24,0,759.03,2025,6,June,Monday,11109.16,9998.244
2025-06-23,ORD014170,CUST02747,P002,Smartphone,Electronics,Delhi,Online,Credit Card,1,26603.3,0.05,26603.3,25273.14,0,2890.2,2025,6,June,Monday,26603.3,25273.135
2025-06-24,ORD046138,CUST01917,P004,Smartwatch,Electronics,Delhi,Store,UPI,1,6696.14,0.1,6696.14,6026.53,0,849.35,2025,6,June,Tuesday,6696.14,6026.526000000001
2025-06-24,ORD020153,CUST04469,P007,Backpack,Accessories,Chennai,Online,Debit Card,1,2120.16,0.2,2120.16,1696.13,0,178.2,2025,6,June,Tuesday,2120.16,1696.128
2025-06-24,ORD049386,CUST01746,P015,Dining Table,Furniture,Bengaluru,Online,Credit Card,3,23782.77,0.1,71348.31,64213.48,0,15564.88,2025,6,June,Tuesday,71348.31,64213.479
2025-06-24,ORD000598,CUST03735,P018,Jacket,Fashion,Delhi,Online,Credit Card,3,4812.19,0.1,14436.57,12992.91,0,1239.38,2025,6,June,Tuesday,14436.57,12992.913
2025-06-24,ORD020225,CUST02182,P017,Jeans,Fashion,Mumbai,Online,Credit Card,1,2985.22,0.1,2985.22,2686.7,0,182.74,2025,6,June,Tuesday,2985.22,2686.698
2025-06-24,ORD039410,CUST03668,P006,Desk,Furniture,Pune,Store,UPI,4,12991.02,0.15,51964.08,44169.47,0,7415.75,2025,6,June,Tuesday,51964.08,44169.468
2025-06-24,ORD002528,CUST00896,P012,Air Fryer,Home,Chennai,Online,Debit Card,1,6812.07,0.15,6812.07,5790.26,0,899.46,2025,6,June,Tuesday,6812.07,5790.259499999999
2025-06-24,ORD042778,CUST01027,P008,Running Shoes,Fashion,Bengaluru,Online,UPI,1,4222.33,0.1,4222.33,3800.1,0,530.39,2025,6,June,Tuesday,4222.33,3800.097
2025-06-24,ORD017498,CUST03008,P015,Dining Table,Furniture,Mumbai,Store,UPI,1,22932.42,0.05,22932.42,21785.8,0,5619.96,2025,6,June,Tuesday,22932.42,21785.799
2025-06-24,ORD016260,CUST01899,P018,Jacket,Fashion,Jaipur,Online,Credit Card,5,5607.8,0.05,28039.0,26637.05,0,3447.3,2025,6,June,Tuesday,28039.0,26637.05
2025-06-24,ORD020651,CUST00282,P008,Running Shoes,Fashion,Mumbai,Online,UPI,1,3823.86,0.0,3823.86,3823.86,0,907.39,2025,6,June,Tuesday,3823.86,3823.86
2025-06-24,ORD049480,CUST03289,P006,Desk,Furniture,Mumbai,Store,Credit Card,1,11771.12,0.1,11771.12,10594.01,0,2210.43,2025,6,June,Tuesday,11771.12,10594.008000000002
2025-06-24,ORD017618,CUST03947,P009,T-Shirt,Fashion,Kolkata,Online,UPI,1,1173.15,0.05,1173.15,1114.49,0,167.26,2025,6,June,Tuesday,1173.15,1114.4925
2025-06-24,ORD020785,CUST02572,P004,Smartwatch,Electronics,Surat,Online,UPI,1,6784.2,0.2,6784.2,5427.36,1,-271.37,2025,6,June,Tuesday,6784.2,5427.360000000001
2025-06-24,ORD037527,CUST02737,P012,Air Fryer,Home,Kolkata,Store,Credit Card,1,7750.55,0.1,7750.55,6975.5,0,1381.47,2025,6,June,Tuesday,7750.55,6975.495
2025-06-24,ORD026120,CUST01959,P013,Monitor,Electronics,Kolkata,Online,Credit Card,2,19419.93,0.2,38839.86,31071.89,0,7383.76,2025,6,June,Tuesday,38839.86,31071.888000000003
2025-06-24,ORD033346,CUST04883,P007,Backpack,Accessories,Delhi,Store,UPI,2,2265.98,0.05,4531.96,4305.36,0,359.45,2025,6,June,Tuesday,4531.96,4305.362
2025-06-24,ORD044491,CUST00862,P014,Keyboard,Electronics,Chennai,Online,Net Banking,1,2617.09,0.2,2617.09,2093.67,0,502.43,2025,6,June,Tuesday,2617.09,2093.672
2025-06-24,ORD049413,CUST03392,P016,Sofa,Furniture,Delhi,Online,Debit Card,3,35378.33,0.1,106134.99,95521.49,0,21612.77,2025,6,June,Tuesday,106134.99,95521.49100000001
2025-06-24,ORD034895,CUST03362,P006,Desk,Furniture,Chennai,Online,Cash,1,11040.19,0.2,11040.19,8832.15,1,-441.61,2025,6,June,Tuesday,11040.19,8832.152
2025-06-24,ORD039460,CUST03648,P016,Sofa,Furniture,Jaipur,Store,Credit Card,2,34127.66,0.1,68255.32,61429.79,0,8851.0,2025,6,June,Tuesday,68255.32,61429.78800000001
2025-06-24,ORD009228,CUST00260,P020,Microwave,Home,Hyderabad,Online,Credit Card,1,11401.93,0.15,11401.93,9691.64,0,2117.61,2025,6,June,Tuesday,11401.93,9691.6405
2025-06-24,ORD022519,CUST00311,P015,Dining Table,Furniture,Jaipur,Online,UPI,1,19991.79,0.0,19991.79,19991.79,0,5481.89,2025,6,June,Tuesday,19991.79,19991.79
2025-06-24,ORD029081,CUST00467,P009,T-Shirt,Fashion,Surat,Store,Cash,2,1248.59,0.15,2497.18,2122.6,0,159.69,2025,6,June,Tuesday,2497.18,2122.6029999999996
2025-06-24,ORD039870,CUST00342,P002,Smartphone,Electronics,Hyderabad,Online,UPI,5,25828.41,0.05,129142.05,122684.95,0,33936.71,2025,6,June,Tuesday,129142.05,122684.9475
2025-06-24,ORD008837,CUST04975,P003,Headphones,Electronics,Kolkata,Online,UPI,1,4601.83,0.05,4601.83,4371.74,0,1076.39,2025,6,June,Tuesday,4601.83,4371.7384999999995
2025-06-24,ORD021711,CUST00464,P001,Laptop,Electronics,Bengaluru,Online,Credit Card,1,68678.7,0.1,68678.7,61810.83,0,13720.3,2025,6,June,Tuesday,68678.7,61810.83
2025-06-24,ORD001107,CUST02349,P019,Vacuum Cleaner,Home,Mumbai,Online,Credit Card,1,8808.99,0.1,8808.99,7928.09,0,1622.65,2025,6,June,Tuesday,8808.99,7928.091
2025-06-24,ORD020448,CUST00327,P017,Jeans,Fashion,Jaipur,Online,UPI,3,3019.93,0.05,9059.79,8606.8,0,2488.65,2025,6,June,Tuesday,9059.789999999999,8606.800500000001
2025-06-24,ORD032593,CUST02193,P007,Backpack,Accessories,Bengaluru,Online,Credit Card,1,2372.73,0.0,2372.73,2372.73,0,612.5,2025,6,June,Tuesday,2372.73,2372.73
2025-06-24,ORD007775,CUST02597,P019,Vacuum Cleaner,Home,Jaipur,Online,Debit Card,5,8389.37,0.0,41946.85,41946.85,0,7094.85,2025,6,June,Tuesday,41946.850000000006,41946.85
2025-06-24,ORD009702,CUST03465,P017,Jeans,Fashion,Jaipur,Online,Credit Card,2,2685.29,0.05,5370.58,5102.05,0,413.0,2025,6,June,Tuesday,5370.58,5102.0509999999995
2025-06-24,ORD035279,CUST04677,P015,Dining Table,Furniture,Kolkata,Online,UPI,2,24021.48,0.25,48042.96,36032.22,0,2592.71,2025,6,June,Tuesday,48042.96,36032.22
2025-06-24,ORD006074,CUST00409,P002,Smartphone,Electronics,Delhi,Online,Debit Card,1,30711.68,0.25,30711.68,23033.76,0,4526.78,2025,6,June,Tuesday,30711.68,23033.760000000002
2025-06-24,ORD048102,CUST03252,P001,Laptop,Electronics,Ahmedabad,Store,Credit Card,3,66707.41,0.15,200122.23,170103.9,0,32511.99,2025,6,June,Tuesday,200122.23,170103.8955
2025-06-24,ORD038870,CUST03626,P018,Jacket,Fashion,Bengaluru,Online,UPI,4,5207.77,0.15,20831.08,17706.42,0,1969.37,2025,6,June,Tuesday,20831.08,17706.418
2025-06-24,ORD021080,CUST04588,P013,Monitor,Electronics,Mumbai,Online,UPI,1,18222.07,0.15,18222.07,15488.76,0,2731.67,2025,6,June,Tuesday,18222.07,15488.7595
2025-06-24,ORD035655,CUST04482,P007,Backpack,Accessories,Hyderabad,Online,Credit Card,1,2349.36,0.1,2349.36,2114.42,0,191.66,2025,6,June,Tuesday,2349.36,2114.424
2025-06-24,ORD013629,CUST03404,P017,Jeans,Fashion,Hyderabad,Store,UPI,1,3070.93,0.05,3070.93,2917.38,0,434.69,2025,6,June,Tuesday,3070.93,2917.3835
2025-06-24,ORD022934,CUST02196,P013,Monitor,Electronics,Surat,Store,UPI,2,17550.92,0.25,35101.84,26326.38,0,5920.67,2025,6,June,Tuesday,35101.84,26326.379999999997
2025-06-24,ORD018788,CUST02066,P002,Smartphone,Electronics,Mumbai,Online,Cash,2,29418.56,0.1,58837.12,52953.41,0,14297.08,2025,6,June,Tuesday,58837.12,52953.408
2025-06-24,ORD026630,CUST04364,P015,Dining Table,Furniture,Chennai,Store,UPI,1,20993.44,0.1,20993.44,18894.1,0,3398.82,2025,6,June,Tuesday,20993.44,18894.095999999998
2025-06-24,ORD041455,CUST03026,P010,Coffee Maker,Home,Mumbai,Store,UPI,1,5604.79,0.15,5604.79,4764.07,0,685.13,2025,6,June,Tuesday,5604.79,4764.0715
2025-06-24,ORD016112,CUST02487,P007,Backpack,Accessories,Jaipur,Store,UPI,1,2092.67,0.1,2092.67,1883.4,0,395.67,2025,6,June,Tuesday,2092.67,1883.403
2025-06-24,ORD025919,CUST00120,P009,T-Shirt,Fashion,Kolkata,Store,UPI,5,1242.63,0.05,6213.15,5902.49,0,469.22,2025,6,June,Tuesday,6213.150000000001,5902.492499999999
2025-06-24,ORD001163,CUST03931,P017,Jeans,Fashion,Kolkata,Online,UPI,1,2893.64,0.05,2893.64,2748.96,0,541.95,2025,6,June,Tuesday,2893.64,2748.9579999999996
2025-06-24,ORD036921,CUST00716,P009,T-Shirt,Fashion,Ahmedabad,Store,UPI,3,1199.86,0.2,3599.58,2879.66,0,138.15,2025,6,June,Tuesday,3599.58,2879.664
2025-06-24,ORD008793,CUST03223,P003,Headphones,Electronics,Delhi,Online,Credit Card,1,4279.57,0.1,4279.57,3851.61,0,916.22,2025,6,June,Tuesday,4279.57,3851.613
2025-06-24,ORD010246,CUST02673,P005,Office Chair,Furniture,Bengaluru,Online,Debit Card,5,10286.63,0.0,51433.15,51433.15,0,9955.74,2025,6,June,Tuesday,51433.149999999994,51433.15
2025-06-24,ORD031257,CUST01382,P004,Smartwatch,Electronics,Bengaluru,Online,Net Banking,4,6301.13,0.05,25204.52,23944.29,0,2826.15,2025,6,June,Tuesday,25204.52,23944.293999999998
2025-06-24,ORD014229,CUST04051,P020,Microwave,Home,Chennai,Online,UPI,1,11585.79,0.2,11585.79,9268.63,0,431.18,2025,6,June,Tuesday,11585.79,9268.632000000001
2025-06-24,ORD005006,CUST01807,P019,Vacuum Cleaner,Home,Mumbai,Online,Net Banking,1,9467.37,0.1,9467.37,8520.63,1,-426.03,2025,6,June,Tuesday,9467.37,8520.633000000002
2025-06-24,ORD002669,CUST01513,P001,Laptop,Electronics,Mumbai,Online,UPI,2,71493.61,0.0,142987.22,142987.22,0,38294.88,2025,6,June,Tuesday,142987.22,142987.22
2025-06-24,ORD032044,CUST02015,P020,Microwave,Home,Pune,Online,UPI,1,11465.31,0.05,11465.31,10892.04,0,2005.69,2025,6,June,Tuesday,11465.31,10892.044499999998
2025-06-24,ORD003280,CUST03251,P006,Desk,Furniture,Pune,Store,UPI,2,13003.22,0.0,26006.44,26006.44,0,6296.95,2025,6,June,Tuesday,26006.44,26006.44
2025-06-24,ORD023010,CUST02290,P002,Smartphone,Electronics,Bengaluru,Store,UPI,4,26455.89,0.05,105823.56,100532.38,0,12203.74,2025,6,June,Tuesday,105823.56,100532.382
2025-06-24,ORD006245,CUST03975,P017,Jeans,Fashion,Jaipur,Online,Credit Card,1,2585.2,0.25,2585.2,1938.9,0,148.08,2025,6,June,Tuesday,2585.2,1938.8999999999999
2025-06-24,ORD019764,CUST00842,P007,Backpack,Accessories,Jaipur,Online,Debit Card,1,2090.19,0.05,2090.19,1985.68,0,400.2,2025,6,June,Tuesday,2090.19,1985.6805
2025-06-24,ORD049331,CUST03622,P010,Coffee Maker,Home,Kolkata,Online,Credit Card,1,5292.99,0.1,5292.99,4763.69,0,1205.18,2025,6,June,Tuesday,5292.99,4763.691
2025-06-25,ORD029640,CUST00474,P001,Laptop,Electronics,Ahmedabad,Online,Credit Card,2,71490.65,0.05,142981.3,135832.23,0,35082.05,2025,6,June,Wednesday,142981.3,135832.235
2025-06-25,ORD048370,CUST00364,P009,T-Shirt,Fashion,Kolkata,Store,Credit Card,1,1227.06,0.1,1227.06,1104.35,0,189.52,2025,6,June,Wednesday,1227.06,1104.354
2025-06-25,ORD018643,CUST01330,P017,Jeans,Fashion,Ahmedabad,Store,Debit Card,1,2855.37,0.1,2855.37,2569.83,0,175.89,2025,6,June,Wednesday,2855.37,2569.833
2025-06-25,ORD021907,CUST04770,P012,Air Fryer,Home,Pune,Online,Credit Card,3,6780.44,0.05,20341.32,19324.25,0,3344.69,2025,6,June,Wednesday,20341.32,19324.253999999997
2025-06-25,ORD016959,CUST04729,P001,Laptop,Electronics,Chennai,Online,Net Banking,1,61508.96,0.1,61508.96,55358.06,0,13641.13,2025,6,June,Wednesday,61508.96,55358.064
2025-06-25,ORD023724,CUST02346,P017,Jeans,Fashion,Bengaluru,Online,UPI,1,2989.0,0.1,2989.0,2690.1,0,259.26,2025,6,June,Wednesday,2989.0,2690.1
2025-06-25,ORD000879,CUST01309,P002,Smartphone,Electronics,Kolkata,Online,UPI,4,29430.45,0.15,117721.8,100063.53,0,18801.18,2025,6,June,Wednesday,117721.8,100063.53
2025-06-25,ORD048093,CUST02317,P004,Smartwatch,Electronics,Jaipur,Store,Cash,1,7139.14,0.1,7139.14,6425.23,0,737.07,2025,6,June,Wednesday,7139.14,6425.226000000001
2025-06-25,ORD046663,CUST03836,P018,Jacket,Fashion,Kolkata,Store,Credit Card,1,5443.94,0.1,5443.94,4899.55,0,695.1,2025,6,June,Wednesday,5443.94,4899.545999999999
2025-06-25,ORD044165,CUST01589,P013,Monitor,Electronics,Ahmedabad,Online,Credit Card,1,16763.4,0.1,16763.4,15087.06,0,2725.48,2025,6,June,Wednesday,16763.4,15087.060000000001
2025-06-25,ORD038821,CUST01769,P012,Air Fryer,Home,Delhi,Online,Debit Card,2,7453.54,0.1,14907.08,13416.37,0,1212.77,2025,6,June,Wednesday,14907.08,13416.372
2025-06-25,ORD043250,CUST02137,P019,Vacuum Cleaner,Home,Hyderabad,Store,Credit Card,2,9589.78,0.05,19179.56,18220.58,0,5228.02,2025,6,June,Wednesday,19179.56,18220.582000000002
2025-06-25,ORD036766,CUST01181,P015,Dining Table,Furniture,Jaipur,Online,UPI,1,21231.35,0.0,21231.35,21231.35,0,4494.69,2025,6,June,Wednesday,21231.35,21231.35
2025-06-25,ORD027308,CUST02919,P011,Mixer Grinder,Home,Pune,Online,UPI,1,4822.05,0.15,4822.05,4098.74,0,960.42,2025,6,June,Wednesday,4822.05,4098.7425
2025-06-25,ORD024083,CUST02750,P003,Headphones,Electronics,Pune,Online,UPI,4,4322.49,0.0,17289.96,17289.96,0,4265.27,2025,6,June,Wednesday,17289.96,17289.96
2025-06-25,ORD002473,CUST02007,P019,Vacuum Cleaner,Home,Chennai,Online,Cash,3,9815.4,0.0,29446.2,29446.2,0,7459.73,2025,6,June,Wednesday,29446.199999999997,29446.2
2025-06-25,ORD040596,CUST00444,P015,Dining Table,Furniture,Kolkata,Online,Credit Card,1,24076.74,0.1,24076.74,21669.07,0,5742.1,2025,6,June,Wednesday,24076.74,21669.066000000003
2025-06-25,ORD041852,CUST02858,P018,Jacket,Fashion,Bengaluru,Online,Net Banking,1,5079.48,0.2,5079.48,4063.58,0,825.41,2025,6,June,Wednesday,5079.48,4063.584
2025-06-25,ORD000218,CUST03918,P002,Smartphone,Electronics,Pune,Online,Credit Card,1,30041.56,0.1,30041.56,27037.4,0,3884.95,2025,6,June,Wednesday,30041.56,27037.404000000002
2025-06-25,ORD029671,CUST04687,P016,Sofa,Furniture,Pune,Online,Credit Card,1,38010.58,0.0,38010.58,38010.58,0,11115.98,2025,6,June,Wednesday,38010.58,38010.58
2025-06-25,ORD023203,CUST00313,P009,T-Shirt,Fashion,Surat,Online,Debit Card,5,1191.15,0.15,5955.75,5062.39,0,765.93,2025,6,June,Wednesday,5955.75,5062.3875
2025-06-25,ORD020741,CUST01381,P005,Office Chair,Furniture,Mumbai,Store,Debit Card,1,9823.23,0.25,9823.23,7367.42,0,1747.86,2025,6,June,Wednesday,9823.23,7367.4225
2025-06-25,ORD033154,CUST02106,P003,Headphones,Electronics,Ahmedabad,Online,UPI,2,4700.15,0.1,9400.3,8460.27,0,561.58,2025,6,June,Wednesday,9400.3,8460.27
2025-06-25,ORD029391,CUST04988,P015,Dining Table,Furniture,Ahmedabad,Store,Credit Card,4,20776.64,0.15,83106.56,70640.58,0,15725.2,2025,6,June,Wednesday,83106.56,70640.576
2025-06-25,ORD024503,CUST00522,P006,Desk,Furniture,Chennai,Online,UPI,2,11235.08,0.0,22470.16,22470.16,0,4939.59,2025,6,June,Wednesday,22470.16,22470.16
2025-06-25,ORD012957,CUST02728,P017,Jeans,Fashion,Kolkata,Store,UPI,1,2791.81,0.2,2791.81,2233.45,0,476.43,2025,6,June,Wednesday,2791.81,2233.448
2025-06-25,ORD007605,CUST01651,P012,Air Fryer,Home,Delhi,Online,Credit Card,1,6991.5,0.0,6991.5,6991.5,0,792.95,2025,6,June,Wednesday,6991.5,6991.5
2025-06-25,ORD003123,CUST04420,P012,Air Fryer,Home,Delhi,Online,UPI,1,6756.38,0.1,6756.38,6080.74,0,1407.41,2025,6,June,Wednesday,6756.38,6080.742
2025-06-25,ORD009771,CUST01261,P006,Desk,Furniture,Bengaluru,Store,Cash,1,12128.79,0.05,12128.79,11522.35,0,1187.38,2025,6,June,Wednesday,12128.79,11522.3505
2025-06-25,ORD002928,CUST02242,P016,Sofa,Furniture,Ahmedabad,Online,Debit Card,1,33834.97,0.1,33834.97,30451.47,0,5179.17,2025,6,June,Wednesday,33834.97,30451.473
2025-06-25,ORD037252,CUST02929,P015,Dining Table,Furniture,Surat,Online,Credit Card,1,22712.17,0.05,22712.17,21576.56,0,1541.51,2025,6,June,Wednesday,22712.17,21576.561499999996
2025-06-25,ORD035474,CUST02185,P019,Vacuum Cleaner,Home,Chennai,Online,Credit Card,1,9148.78,0.15,9148.78,7776.46,0,1379.91,2025,6,June,Wednesday,9148.78,7776.463000000001
2025-06-25,ORD033448,CUST01688,P006,Desk,Furniture,Hyderabad,Store,UPI,4,11735.68,0.15,46942.72,39901.31,0,5502.44,2025,6,June,Wednesday,46942.72,39901.312
2025-06-25,ORD048085,CUST03694,P018,Jacket,Fashion,Hyderabad,Online,UPI,1,5323.22,0.1,5323.22,4790.9,0,656.59,2025,6,June,Wednesday,5323.22,4790.898
2025-06-25,ORD031145,CUST02697,P003,Headphones,Electronics,Kolkata,Store,UPI,1,4125.29,0.15,4125.29,3506.5,0,411.13,2025,6,June,Wednesday,4125.29,3506.4964999999997
2025-06-25,ORD029549,CUST04144,P002,Smartphone,Electronics,Kolkata,Online,Credit Card,1,26413.31,0.15,26413.31,22451.31,0,2691.97,2025,6,June,Wednesday,26413.31,22451.3135
2025-06-25,ORD016595,CUST01545,P015,Dining Table,Furniture,Bengaluru,Online,Credit Card,2,21238.12,0.1,42476.24,38228.62,0,6016.11,2025,6,June,Wednesday,42476.24,38228.616
2025-06-25,ORD008427,CUST04053,P020,Microwave,Home,Pune,Online,Credit Card,5,10870.22,0.05,54351.1,51633.54,0,14403.76,2025,6,June,Wednesday,54351.1,51633.545
2025-06-25,ORD007801,CUST00586,P018,Jacket,Fashion,Hyderabad,Online,Debit Card,1,4892.49,0.05,4892.49,4647.87,0,430.33,2025,6,June,Wednesday,4892.49,4647.8655
2025-06-25,ORD045946,CUST03678,P019,Vacuum Cleaner,Home,Surat,Online,UPI,4,9863.14,0.05,39452.56,37479.93,0,5911.12,2025,6,June,Wednesday,39452.56,37479.93199999999
2025-06-25,ORD040649,CUST02894,P013,Monitor,Electronics,Hyderabad,Online,Credit Card,4,19344.53,0.0,77378.12,77378.12,0,15059.7,2025,6,June,Wednesday,77378.12,77378.12
2025-06-25,ORD035622,CUST04598,P012,Air Fryer,Home,Bengaluru,Online,Credit Card,1,7213.87,0.1,7213.87,6492.48,0,852.47,2025,6,June,Wednesday,7213.87,6492.483
2025-06-25,ORD030911,CUST02949,P003,Headphones,Electronics,Delhi,Online,Debit Card,2,4392.43,0.1,8784.86,7906.37,0,1273.78,2025,6,June,Wednesday,8784.86,7906.374000000001
2025-06-25,ORD016486,CUST02932,P008,Running Shoes,Fashion,Ahmedabad,Online,UPI,1,4024.6,0.15,4024.6,3420.91,0,575.62,2025,6,June,Wednesday,4024.6,3420.91
2025-06-25,ORD005626,CUST01829,P015,Dining Table,Furniture,Bengaluru,Online,Credit Card,2,23429.6,0.1,46859.2,42173.28,0,4006.46,2025,6,June,Wednesday,46859.2,42173.28
2025-06-25,ORD028656,CUST02948,P020,Microwave,Home,Chennai,Online,Debit Card,1,11933.41,0.0,11933.41,11933.41,0,3462.63,2025,6,June,Wednesday,11933.41,11933.41
2025-06-25,ORD022418,CUST01237,P018,Jacket,Fashion,Mumbai,Online,Credit Card,1,5220.97,0.0,5220.97,5220.97,0,536.74,2025,6,June,Wednesday,5220.97,5220.97
2025-06-25,ORD004069,CUST00722,P011,Mixer Grinder,Home,Surat,Store,Credit Card,1,4518.13,0.15,4518.13,3840.41,0,344.73,2025,6,June,Wednesday,4518.13,3840.4105
2025-06-25,ORD032585,CUST02540,P019,Vacuum Cleaner,Home,Chennai,Online,UPI,2,9658.98,0.15,19317.96,16420.27,0,1076.67,2025,6,June,Wednesday,19317.96,16420.266
2025-06-25,ORD024166,CUST03741,P014,Keyboard,Electronics,Jaipur,Online,UPI,2,2323.05,0.05,4646.1,4413.8,0,1265.67,2025,6,June,Wednesday,4646.1,4413.795
2025-06-25,ORD039843,CUST04353,P020,Microwave,Home,Kolkata,Online,Net Banking,1,10750.16,0.2,10750.16,8600.13,0,2058.76,2025,6,June,Wednesday,10750.16,8600.128
2025-06-25,ORD040976,CUST04755,P015,Dining Table,Furniture,Kolkata,Online,Credit Card,1,21502.44,0.0,21502.44,21502.44,0,4893.36,2025,6,June,Wednesday,21502.44,21502.44
2025-06-25,ORD004783,CUST02065,P012,Air Fryer,Home,Surat,Online,UPI,1,7166.15,0.1,7166.15,6449.54,0,416.61,2025,6,June,Wednesday,7166.15,6449.535
2025-06-25,ORD031288,CUST00640,P004,Smartwatch,Electronics,Pune,Store,UPI,1,6592.72,0.0,6592.72,6592.72,0,1770.35,2025,6,June,Wednesday,6592.72,6592.72
2025-06-25,ORD037875,CUST00034,P012,Air Fryer,Home,Ahmedabad,Store,UPI,2,7312.24,0.05,14624.48,13893.26,1,-694.66,2025,6,June,Wednesday,14624.48,13893.256
2025-06-25,ORD008357,CUST02108,P018,Jacket,Fashion,Jaipur,Online,Credit Card,1,5573.51,0.1,5573.51,5016.16,0,1157.37,2025,6,June,Wednesday,5573.51,5016.159000000001
2025-06-25,ORD035062,CUST00369,P004,Smartwatch,Electronics,Jaipur,Online,Credit Card,2,6716.95,0.0,13433.9,13433.9,0,3840.57,2025,6,June,Wednesday,13433.9,13433.9
2025-06-25,ORD011265,CUST04765,P005,Office Chair,Furniture,Mumbai,Store,Credit Card,1,8953.3,0.2,8953.3,7162.64,0,550.63,2025,6,June,Wednesday,8953.3,7162.639999999999
2025-06-25,ORD013114,CUST03456,P017,Jeans,Fashion,Delhi,Store,UPI,3,2584.78,0.1,7754.34,6978.91,0,1371.18,2025,6,June,Wednesday,7754.34,6978.906
2025-06-25,ORD028915,CUST01510,P010,Coffee Maker,Home,Surat,Online,Debit Card,1,4995.78,0.05,4995.78,4745.99,0,1193.12,2025,6,June,Wednesday,4995.78,4745.991
2025-06-25,ORD010104,CUST03162,P002,Smartphone,Electronics,Bengaluru,Online,UPI,1,26216.28,0.15,26216.28,22283.84,0,2474.04,2025,6,June,Wednesday,26216.28,22283.838
2025-06-25,ORD013181,CUST03797,P001,Laptop,Electronics,Ahmedabad,Store,UPI,2,70378.03,0.15,140756.06,119642.65,0,26219.86,2025,6,June,Wednesday,140756.06,119642.651
2025-06-25,ORD032126,CUST04124,P013,Monitor,Electronics,Ahmedabad,Store,Credit Card,3,19379.83,0.1,58139.49,52325.54,0,5207.98,2025,6,June,Wednesday,58139.490000000005,52325.541
2025-06-25,ORD013037,CUST03037,P005,Office Chair,Furniture,Hyderabad,Store,Credit Card,1,8803.77,0.15,8803.77,7483.2,0,1623.03,2025,6,June,Wednesday,8803.77,7483.2045
2025-06-25,ORD021506,CUST04624,P010,Coffee Maker,Home,Ahmedabad,Online,UPI,1,5053.02,0.0,5053.02,5053.02,0,1075.13,2025,6,June,Wednesday,5053.02,5053.02
2025-06-25,ORD030939,CUST04228,P009,T-Shirt,Fashion,Surat,Online,UPI,1,1243.33,0.2,1243.33,994.66,0,93.22,2025,6,June,Wednesday,1243.33,994.664
2025-06-25,ORD046535,CUST00917,P018,Jacket,Fashion,Jaipur,Store,Debit Card,2,5146.51,0.1,10293.02,9263.72,0,2227.75,2025,6,June,Wednesday,10293.02,9263.718
2025-06-25,ORD039173,CUST01281,P011,Mixer Grinder,Home,Hyderabad,Online,Debit Card,1,5095.45,0.1,5095.45,4585.9,0,720.61,2025,6,June,Wednesday,5095.45,4585.905
2025-06-25,ORD044062,CUST03679,P009,T-Shirt,Fashion,Chennai,Online,UPI,5,1166.33,0.15,5831.65,4956.9,0,1155.65,2025,6,June,Wednesday,5831.65,4956.902499999999
2025-06-25,ORD016209,CUST03087,P005,Office Chair,Furniture,Surat,Online,UPI,1,10334.25,0.05,10334.25,9817.54,0,1598.14,2025,6,June,Wednesday,10334.25,9817.5375
2025-06-25,ORD036567,CUST04619,P006,Desk,Furniture,Pune,Online,UPI,2,10928.01,0.0,21856.02,21856.02,0,3028.5,2025,6,June,Wednesday,21856.02,21856.02
2025-06-25,ORD008475,CUST01029,P004,Smartwatch,Electronics,Bengaluru,Store,Debit Card,1,6547.51,0.0,6547.51,6547.51,0,1495.38,2025,6,June,Wednesday,6547.51,6547.51
2025-06-26,ORD032767,CUST04168,P008,Running Shoes,Fashion,Mumbai,Online,UPI,1,3903.31,0.05,3903.31,3708.14,0,870.1,2025,6,June,Thursday,3903.31,3708.1445
2025-06-26,ORD002885,CUST01833,P009,T-Shirt,Fashion,Mumbai,Store,UPI,2,1244.98,0.0,2489.96,2489.96,0,707.8,2025,6,June,Thursday,2489.96,2489.96
2025-06-26,ORD014905,CUST03882,P011,Mixer Grinder,Home,Bengaluru,Store,Debit Card,1,4474.28,0.1,4474.28,4026.85,0,633.33,2025,6,June,Thursday,4474.28,4026.852
2025-06-26,ORD013636,CUST04687,P017,Jeans,Fashion,Chennai,Store,Cash,2,2545.39,0.05,5090.78,4836.24,0,962.59,2025,6,June,Thursday,5090.78,4836.241
2025-06-26,ORD010534,CUST01633,P005,Office Chair,Furniture,Ahmedabad,Online,UPI,1,10004.42,0.1,10004.42,9003.98,0,637.28,2025,6,June,Thursday,10004.42,9003.978000000001
2025-06-26,ORD003200,CUST04062,P019,Vacuum Cleaner,Home,Chennai,Store,UPI,4,8902.17,0.05,35608.68,33828.25,0,8808.1,2025,6,June,Thursday,35608.68,33828.246
2025-06-26,ORD011452,CUST02267,P004,Smartwatch,Electronics,Surat,Store,UPI,5,6776.57,0.05,33882.85,32188.71,0,7225.72,2025,6,June,Thursday,33882.85,32188.707499999997
2025-06-26,ORD014206,CUST00250,P005,Office Chair,Furniture,Bengaluru,Online,Debit Card,2,9468.61,0.2,18937.22,15149.78,0,2680.06,2025,6,June,Thursday,18937.22,15149.776000000002
2025-06-26,ORD031581,CUST03554,P012,Air Fryer,Home,Ahmedabad,Online,Cash,1,7563.18,0.05,7563.18,7185.02,0,903.26,2025,6,June,Thursday,7563.18,7185.021
2025-06-26,ORD030852,CUST00083,P011,Mixer Grinder,Home,Delhi,Store,Credit Card,1,5221.03,0.1,5221.03,4698.93,0,468.85,2025,6,June,Thursday,5221.03,4698.927
2025-06-26,ORD019841,CUST02721,P020,Microwave,Home,Pune,Store,Net Banking,1,12034.85,0.0,12034.85,12034.85,0,2854.72,2025,6,June,Thursday,12034.85,12034.85
2025-06-26,ORD039964,CUST01315,P016,Sofa,Furniture,Delhi,Online,UPI,3,34149.76,0.15,102449.28,87081.89,0,16593.56,2025,6,June,Thursday,102449.28,87081.88799999999
2025-06-26,ORD024592,CUST00552,P016,Sofa,Furniture,Surat,Store,UPI,1,31711.16,0.2,31711.16,25368.93,0,6560.89,2025,6,June,Thursday,31711.16,25368.928
2025-06-26,ORD042044,CUST03912,P001,Laptop,Electronics,Mumbai,Online,UPI,2,67810.98,0.1,135621.96,122059.76,0,26971.56,2025,6,June,Thursday,135621.96,122059.764
2025-06-26,ORD011713,CUST04996,P001,Laptop,Electronics,Pune,Store,UPI,1,65140.22,0.15,65140.22,55369.19,0,4468.06,2025,6,June,Thursday,65140.22,55369.187
2025-06-26,ORD017471,CUST00142,P011,Mixer Grinder,Home,Delhi,Online,Credit Card,1,5266.09,0.2,5266.09,4212.87,0,972.7,2025,6,June,Thursday,5266.09,4212.872
2025-06-26,ORD010708,CUST00079,P017,Jeans,Fashion,Jaipur,Online,Cash,1,2942.74,0.1,2942.74,2648.47,0,191.31,2025,6,June,Thursday,2942.74,2648.466
2025-06-26,ORD014686,CUST02815,P020,Microwave,Home,Hyderabad,Store,Net Banking,1,10484.98,0.2,10484.98,8387.98,0,486.2,2025,6,June,Thursday,10484.98,8387.984
2025-06-26,ORD001371,CUST00293,P011,Mixer Grinder,Home,Hyderabad,Online,Credit Card,1,4921.03,0.15,4921.03,4182.88,0,1096.94,2025,6,June,Thursday,4921.03,4182.8755
2025-06-26,ORD020192,CUST00738,P017,Jeans,Fashion,Hyderabad,Online,UPI,2,2627.27,0.1,5254.54,4729.09,0,1196.12,2025,6,June,Thursday,5254.54,4729.086
2025-06-26,ORD020158,CUST00435,P015,Dining Table,Furniture,Ahmedabad,Store,Credit Card,1,24056.84,0.1,24056.84,21651.16,0,5507.21,2025,6,June,Thursday,24056.84,21651.156
2025-06-26,ORD003520,CUST03680,P016,Sofa,Furniture,Bengaluru,Online,Credit Card,1,32446.27,0.1,32446.27,29201.64,0,4327.71,2025,6,June,Thursday,32446.27,29201.643
2025-06-26,ORD023280,CUST02542,P017,Jeans,Fashion,Pune,Store,UPI,1,2764.4,0.15,2764.4,2349.74,0,307.05,2025,6,June,Thursday,2764.4,2349.7400000000002
2025-06-26,ORD030258,CUST02402,P018,Jacket,Fashion,Hyderabad,Store,UPI,2,4835.99,0.1,9671.98,8704.78,0,2039.8,2025,6,June,Thursday,9671.98,8704.782
2025-06-26,ORD023723,CUST04921,P006,Desk,Furniture,Kolkata,Online,UPI,2,11669.47,0.05,23338.94,22171.99,0,3850.78,2025,6,June,Thursday,23338.94,22171.993
2025-06-26,ORD036306,CUST00729,P011,Mixer Grinder,Home,Surat,Online,Net Banking,1,4535.31,0.0,4535.31,4535.31,0,967.25,2025,6,June,Thursday,4535.31,4535.31
2025-06-26,ORD001978,CUST00355,P007,Backpack,Accessories,Jaipur,Store,Debit Card,2,2167.2,0.1,4334.4,3900.96,0,1062.94,2025,6,June,Thursday,4334.4,3900.9599999999996
2025-06-26,ORD014083,CUST04063,P009,T-Shirt,Fashion,Jaipur,Store,Credit Card,1,1251.6,0.15,1251.6,1063.86,0,159.22,2025,6,June,Thursday,1251.6,1063.86
2025-06-26,ORD023846,CUST01151,P006,Desk,Furniture,Mumbai,Store,UPI,4,11424.99,0.05,45699.96,43414.96,0,10118.63,2025,6,June,Thursday,45699.96,43414.962
2025-06-26,ORD009240,CUST04010,P002,Smartphone,Electronics,Jaipur,Online,Credit Card,3,26053.27,0.05,78159.81,74251.82,0,12091.83,2025,6,June,Thursday,78159.81,74251.8195
2025-06-26,ORD021890,CUST03542,P013,Monitor,Electronics,Pune,Online,Credit Card,1,18820.56,0.15,18820.56,15997.48,0,2223.51,2025,6,June,Thursday,18820.56,15997.476
2025-06-26,ORD042556,CUST04180,P007,Backpack,Accessories,Ahmedabad,Store,UPI,1,2292.0,0.2,2292.0,1833.6,0,164.95,2025,6,June,Thursday,2292.0,1833.6000000000001
2025-06-26,ORD043337,CUST04003,P002,Smartphone,Electronics,Surat,Online,Debit Card,3,30159.52,0.0,90478.56,90478.56,1,-4523.93,2025,6,June,Thursday,90478.56,90478.56
2025-06-26,ORD044523,CUST01121,P001,Laptop,Electronics,Ahmedabad,Online,UPI,3,64080.87,0.0,192242.61,192242.61,0,47669.4,2025,6,June,Thursday,192242.61000000002,192242.61
2025-06-26,ORD016450,CUST02347,P003,Headphones,Electronics,Surat,Online,UPI,1,4644.01,0.05,4644.01,4411.81,0,400.22,2025,6,June,Thursday,4644.01,4411.8095
2025-06-26,ORD009770,CUST03234,P010,Coffee Maker,Home,Kolkata,Store,Net Banking,1,5333.72,0.1,5333.72,4800.35,0,589.64,2025,6,June,Thursday,5333.72,4800.348
2025-06-26,ORD033128,CUST04344,P012,Air Fryer,Home,Hyderabad,Online,Cash,2,6855.37,0.15,13710.74,11654.13,0,3079.3,2025,6,June,Thursday,13710.74,11654.128999999999
2025-06-26,ORD020018,CUST02686,P020,Microwave,Home,Surat,Online,Net Banking,4,10021.39,0.25,40085.56,30064.17,0,2260.71,2025,6,June,Thursday,40085.56,30064.17
2025-06-26,ORD026689,CUST02358,P013,Monitor,Electronics,Pune,Online,Net Banking,2,17120.13,0.05,34240.26,32528.25,0,7644.17,2025,6,June,Thursday,34240.26,32528.247
2025-06-26,ORD017586,CUST01011,P003,Headphones,Electronics,Bengaluru,Online,UPI,3,4947.98,0.1,14843.94,13359.55,0,2743.83,2025,6,June,Thursday,14843.939999999999,13359.546
2025-06-26,ORD014721,CUST01744,P014,Keyboard,Electronics,Jaipur,Online,Debit Card,2,2387.27,0.05,4774.54,4535.81,1,-226.79,2025,6,June,Thursday,4774.54,4535.813
2025-06-26,ORD004564,CUST01834,P020,Microwave,Home,Delhi,Store,UPI,1,10376.44,0.0,10376.44,10376.44,0,2103.45,2025,6,June,Thursday,10376.44,10376.44
2025-06-26,ORD016878,CUST04755,P016,Sofa,Furniture,Pune,Online,UPI,2,34575.48,0.05,69150.96,65693.41,0,4995.49,2025,6,June,Thursday,69150.96,65693.412
2025-06-26,ORD008863,CUST00518,P007,Backpack,Accessories,Ahmedabad,Online,Debit Card,1,2000.97,0.15,2000.97,1700.82,0,380.34,2025,6,June,Thursday,2000.97,1700.8245
2025-06-26,ORD017278,CUST04086,P002,Smartphone,Electronics,Surat,Online,Debit Card,2,29937.86,0.05,59875.72,56881.93,0,9235.36,2025,6,June,Thursday,59875.72,56881.934
2025-06-26,ORD049192,CUST04806,P015,Dining Table,Furniture,Ahmedabad,Online,Debit Card,1,20309.07,0.0,20309.07,20309.07,0,5834.12,2025,6,June,Thursday,20309.07,20309.07
2025-06-26,ORD022123,CUST00723,P005,Office Chair,Furniture,Ahmedabad,Store,UPI,2,8997.96,0.05,17995.92,17096.12,0,4225.73,2025,6,June,Thursday,17995.92,17096.123999999996
2025-06-26,ORD022144,CUST00009,P011,Mixer Grinder,Home,Hyderabad,Online,Debit Card,2,4698.44,0.15,9396.88,7987.35,0,690.31,2025,6,June,Thursday,9396.88,7987.347999999999
2025-06-26,ORD009160,CUST01795,P012,Air Fryer,Home,Ahmedabad,Online,UPI,1,7492.27,0.15,7492.27,6368.43,1,-318.42,2025,6,June,Thursday,7492.27,6368.4295
2025-06-26,ORD043280,CUST00968,P001,Laptop,Electronics,Delhi,Online,Credit Card,1,66782.94,0.1,66782.94,60104.65,1,-3005.23,2025,6,June,Thursday,66782.94,60104.646
2025-06-26,ORD000067,CUST01064,P011,Mixer Grinder,Home,Delhi,Store,UPI,1,4373.43,0.15,4373.43,3717.42,0,228.1,2025,6,June,Thursday,4373.43,3717.4155
2025-06-26,ORD005367,CUST00461,P015,Dining Table,Furniture,Chennai,Store,UPI,1,23354.14,0.1,23354.14,21018.73,0,3609.56,2025,6,June,Thursday,23354.14,21018.726
2025-06-26,ORD012538,CUST00378,P004,Smartwatch,Electronics,Jaipur,Online,Credit Card,1,6546.94,0.0,6546.94,6546.94,0,782.08,2025,6,June,Thursday,6546.94,6546.94
2025-06-26,ORD028180,CUST01420,P006,Desk,Furniture,Delhi,Online,UPI,1,13132.38,0.1,13132.38,11819.14,0,3035.17,2025,6,June,Thursday,13132.38,11819.142
2025-06-26,ORD045390,CUST03202,P008,Running Shoes,Fashion,Delhi,Store,Credit Card,1,4005.32,0.15,4005.32,3404.52,0,525.2,2025,6,June,Thursday,4005.32,3404.522
2025-06-26,ORD026157,CUST04541,P014,Keyboard,Electronics,Surat,Online,Credit Card,1,2500.8,0.1,2500.8,2250.72,0,233.22,2025,6,June,Thursday,2500.8,2250.7200000000003
2025-06-26,ORD037057,CUST00203,P019,Vacuum Cleaner,Home,Mumbai,Online,Credit Card,3,8346.24,0.1,25038.72,22534.85,0,2683.79,2025,6,June,Thursday,25038.72,22534.848
2025-06-26,ORD041062,CUST02854,P008,Running Shoes,Fashion,Ahmedabad,Online,Debit Card,2,4150.31,0.2,8300.62,6640.5,0,1677.34,2025,6,June,Thursday,8300.62,6640.496000000001
2025-06-26,ORD040421,CUST04738,P017,Jeans,Fashion,Bengaluru,Online,Debit Card,1,2707.76,0.15,2707.76,2301.6,0,465.77,2025,6,June,Thursday,2707.76,2301.596
2025-06-26,ORD026013,CUST00864,P009,T-Shirt,Fashion,Ahmedabad,Online,Credit Card,1,1151.78,0.25,1151.78,863.84,1,-43.19,2025,6,June,Thursday,1151.78,863.835
2025-06-26,ORD035155,CUST00890,P014,Keyboard,Electronics,Hyderabad,Store,Debit Card,1,2283.91,0.1,2283.91,2055.52,0,142.41,2025,6,June,Thursday,2283.91,2055.519
2025-06-26,ORD003490,CUST02137,P016,Sofa,Furniture,Kolkata,Online,Credit Card,3,36672.0,0.1,110016.0,99014.4,0,14360.91,2025,6,June,Thursday,110016.0,99014.40000000001
2025-06-26,ORD040593,CUST00955,P004,Smartwatch,Electronics,Chennai,Online,UPI,1,7552.1,0.1,7552.1,6796.89,1,-339.84,2025,6,June,Thursday,7552.1,6796.89
2025-06-26,ORD030009,CUST00506,P014,Keyboard,Electronics,Hyderabad,Online,Cash,1,2609.13,0.1,2609.13,2348.22,0,318.2,2025,6,June,Thursday,2609.13,2348.217
2025-06-26,ORD024426,CUST03093,P005,Office Chair,Furniture,Chennai,Online,UPI,1,9218.26,0.1,9218.26,8296.43,1,-414.82,2025,6,June,Thursday,9218.26,8296.434000000001
2025-06-26,ORD019795,CUST03245,P001,Laptop,Electronics,Surat,Online,UPI,2,63385.18,0.1,126770.36,114093.32,0,19353.61,2025,6,June,Thursday,126770.36,114093.32400000001
2025-06-26,ORD018592,CUST02176,P001,Laptop,Electronics,Surat,Online,Credit Card,1,62405.55,0.0,62405.55,62405.55,0,17323.26,2025,6,June,Thursday,62405.55,62405.55
2025-06-26,ORD010495,CUST00336,P005,Office Chair,Furniture,Pune,Online,Debit Card,4,8955.52,0.1,35822.08,32239.87,0,8233.91,2025,6,June,Thursday,35822.08,32239.872000000003
2025-06-26,ORD034413,CUST01801,P001,Laptop,Electronics,Surat,Store,Debit Card,4,63402.53,0.2,253610.12,202888.1,1,-10144.41,2025,6,June,Thursday,253610.12,202888.09600000002
2025-06-26,ORD031975,CUST02648,P008,Running Shoes,Fashion,Delhi,Online,UPI,2,3822.23,0.0,7644.46,7644.46,0,994.97,2025,6,June,Thursday,7644.46,7644.46
2025-06-26,ORD049610,CUST03936,P016,Sofa,Furniture,Chennai,Store,UPI,1,34266.7,0.0,34266.7,34266.7,0,9160.63,2025,6,June,Thursday,34266.7,34266.7
2025-06-26,ORD008448,CUST02730,P015,Dining Table,Furniture,Ahmedabad,Online,UPI,1,23850.39,0.1,23850.39,21465.35,0,2224.08,2025,6,June,Thursday,23850.39,21465.351
2025-06-26,ORD031774,CUST00778,P005,Office Chair,Furniture,Hyderabad,Store,Credit Card,5,8871.11,0.25,44355.55,33266.66,0,2112.39,2025,6,June,Thursday,44355.55,33266.662500000006
2025-06-26,ORD034660,CUST00229,P009,T-Shirt,Fashion,Bengaluru,Store,Net Banking,1,1203.12,0.15,1203.12,1022.65,0,180.28,2025,6,June,Thursday,1203.12,1022.6519999999999
2025-06-26,ORD023925,CUST04659,P002,Smartphone,Electronics,Pune,Online,Debit Card,3,30261.98,0.2,90785.94,72628.75,0,6533.78,2025,6,June,Thursday,90785.94,72628.75200000001
2025-06-26,ORD027624,CUST01545,P013,Monitor,Electronics,Hyderabad,Online,Credit Card,1,18833.99,0.05,18833.99,17892.29,0,4605.29,2025,6,June,Thursday,18833.99,17892.2905
2025-06-26,ORD032348,CUST02402,P011,Mixer Grinder,Home,Ahmedabad,Online,Net Banking,2,4358.22,0.0,8716.44,8716.44,0,2456.18,2025,6,June,Thursday,8716.44,8716.44
2025-06-27,ORD009006,CUST02284,P001,Laptop,Electronics,Mumbai,Online,UPI,1,61183.24,0.05,61183.24,58124.08,0,15731.73,2025,6,June,Friday,61183.24,58124.077999999994
2025-06-27,ORD003896,CUST04397,P005,Office Chair,Furniture,Hyderabad,Store,Debit Card,1,8686.91,0.1,8686.91,7818.22,0,890.91,2025,6,June,Friday,8686.91,7818.219
2025-06-27,ORD006393,CUST00202,P010,Coffee Maker,Home,Kolkata,Store,Net Banking,1,5515.86,0.05,5515.86,5240.07,0,1491.08,2025,6,June,Friday,5515.86,5240.066999999999
2025-06-27,ORD015344,CUST00596,P020,Microwave,Home,Ahmedabad,Online,UPI,1,10883.91,0.1,10883.91,9795.52,0,2604.74,2025,6,June,Friday,10883.91,9795.519
2025-06-27,ORD023833,CUST01914,P011,Mixer Grinder,Home,Mumbai,Store,Debit Card,4,4325.9,0.0,17303.6,17303.6,0,1930.76,2025,6,June,Friday,17303.6,17303.6
2025-06-27,ORD038118,CUST03561,P005,Office Chair,Furniture,Jaipur,Online,UPI,1,10323.5,0.1,10323.5,9291.15,0,718.52,2025,6,June,Friday,10323.5,9291.15
2025-06-27,ORD047859,CUST03074,P015,Dining Table,Furniture,Bengaluru,Store,Cash,4,22706.79,0.05,90827.16,86285.8,0,21616.23,2025,6,June,Friday,90827.16,86285.802
2025-06-27,ORD048349,CUST02971,P015,Dining Table,Furniture,Bengaluru,Store,Net Banking,1,20174.35,0.1,20174.35,18156.92,0,4700.13,2025,6,June,Friday,20174.35,18156.915
2025-06-27,ORD045100,CUST01234,P016,Sofa,Furniture,Delhi,Store,UPI,1,34578.42,0.15,34578.42,29391.66,0,6059.35,2025,6,June,Friday,34578.42,29391.657
2025-06-27,ORD044345,CUST02699,P017,Jeans,Fashion,Kolkata,Online,Cash,2,2996.54,0.1,5993.08,5393.77,0,1021.15,2025,6,June,Friday,5993.08,5393.772
2025-06-27,ORD002245,CUST04731,P013,Monitor,Electronics,Delhi,Store,Cash,3,19604.85,0.15,58814.55,49992.37,0,2575.73,2025,6,June,Friday,58814.549999999996,49992.3675
2025-06-27,ORD040168,CUST04135,P001,Laptop,Electronics,Mumbai,Online,Credit Card,3,71078.25,0.2,213234.75,170587.8,0,16519.22,2025,6,June,Friday,213234.75,170587.80000000002
2025-06-27,ORD035328,CUST03153,P003,Headphones,Electronics,Delhi,Store,UPI,1,4536.18,0.2,4536.18,3628.94,0,494.98,2025,6,June,Friday,4536.18,3628.9440000000004
2025-06-27,ORD005474,CUST00364,P002,Smartphone,Electronics,Chennai,Online,UPI,3,27016.49,0.1,81049.47,72944.52,0,14103.64,2025,6,June,Friday,81049.47,72944.523
2025-06-27,ORD020363,CUST02848,P012,Air Fryer,Home,Bengaluru,Online,UPI,1,6680.38,0.0,6680.38,6680.38,0,1464.06,2025,6,June,Friday,6680.38,6680.38
2025-06-27,ORD041801,CUST03649,P010,Coffee Maker,Home,Surat,Online,Net Banking,1,5961.57,0.15,5961.57,5067.33,0,575.41,2025,6,June,Friday,5961.57,5067.3345
2025-06-27,ORD026947,CUST03560,P017,Jeans,Fashion,Jaipur,Online,Net Banking,1,2602.55,0.25,2602.55,1951.91,0,190.16,2025,6,June,Friday,2602.55,1951.9125000000001
2025-06-27,ORD006435,CUST02544,P005,Office Chair,Furniture,Delhi,Online,UPI,1,8797.13,0.1,8797.13,7917.42,0,1015.05,2025,6,June,Friday,8797.13,7917.4169999999995
2025-06-27,ORD049562,CUST04470,P014,Keyboard,Electronics,Surat,Online,Debit Card,1,2513.34,0.1,2513.34,2262.01,0,532.44,2025,6,June,Friday,2513.34,2262.0060000000003
2025-06-27,ORD041306,CUST02836,P016,Sofa,Furniture,Jaipur,Online,Debit Card,4,37244.92,0.15,148979.68,126632.73,0,9954.59,2025,6,June,Friday,148979.68,126632.72799999999
2025-06-27,ORD005396,CUST03859,P011,Mixer Grinder,Home,Pune,Online,Credit Card,5,4985.65,0.15,24928.25,21189.01,1,-1059.45,2025,6,June,Friday,24928.25,21189.0125
2025-06-27,ORD008938,CUST01529,P010,Coffee Maker,Home,Pune,Online,Credit Card,5,5493.91,0.15,27469.55,23349.12,0,2319.09,2025,6,June,Friday,27469.55,23349.1175
2025-06-27,ORD028922,CUST03469,P003,Headphones,Electronics,Bengaluru,Store,Credit Card,2,4093.69,0.1,8187.38,7368.64,0,1326.47,2025,6,June,Friday,8187.38,7368.642
2025-06-27,ORD019324,CUST04282,P011,Mixer Grinder,Home,Kolkata,Online,Debit Card,1,4722.05,0.2,4722.05,3777.64,0,683.09,2025,6,June,Friday,4722.05,3777.6400000000003
2025-06-27,ORD036772,CUST04606,P001,Laptop,Electronics,Hyderabad,Store,UPI,1,64751.11,0.1,64751.11,58276.0,0,14990.43,2025,6,June,Friday,64751.11,58275.999
2025-06-27,ORD003474,CUST04284,P006,Desk,Furniture,Kolkata,Online,UPI,1,11967.79,0.1,11967.79,10771.01,0,1654.96,2025,6,June,Friday,11967.79,10771.011
2025-06-27,ORD002650,CUST01515,P008,Running Shoes,Fashion,Pune,Store,UPI,2,3926.97,0.05,7853.94,7461.24,0,594.51,2025,6,June,Friday,7853.94,7461.2429999999995
2025-06-27,ORD049565,CUST04632,P010,Coffee Maker,Home,Ahmedabad,Online,Credit Card,1,5322.37,0.1,5322.37,4790.13,0,595.02,2025,6,June,Friday,5322.37,4790.133
2025-06-27,ORD043887,CUST00082,P007,Backpack,Accessories,Jaipur,Store,Credit Card,1,2029.24,0.2,2029.24,1623.39,1,-81.17,2025,6,June,Friday,2029.24,1623.392
2025-06-27,ORD037996,CUST02872,P010,Coffee Maker,Home,Delhi,Store,Cash,1,5311.49,0.15,5311.49,4514.77,0,1137.76,2025,6,June,Friday,5311.49,4514.7665
2025-06-27,ORD025089,CUST04579,P005,Office Chair,Furniture,Delhi,Online,Credit Card,1,10235.35,0.15,10235.35,8700.05,0,656.59,2025,6,June,Friday,10235.35,8700.0475
2025-06-27,ORD023556,CUST04211,P001,Laptop,Electronics,Mumbai,Online,UPI,2,71390.28,0.1,142780.56,128502.5,0,27130.59,2025,6,June,Friday,142780.56,128502.504
2025-06-27,ORD002257,CUST04947,P014,Keyboard,Electronics,Kolkata,Online,Credit Card,1,2397.86,0.1,2397.86,2158.07,0,243.61,2025,6,June,Friday,2397.86,2158.074
2025-06-27,ORD032695,CUST04972,P009,T-Shirt,Fashion,Bengaluru,Online,Credit Card,1,1193.6,0.25,1193.6,895.2,0,144.43,2025,6,June,Friday,1193.6,895.1999999999999
2025-06-27,ORD001044,CUST01474,P006,Desk,Furniture,Surat,Store,UPI,1,12059.56,0.25,12059.56,9044.67,0,1051.04,2025,6,June,Friday,12059.56,9044.67
2025-06-27,ORD015222,CUST04408,P003,Headphones,Electronics,Ahmedabad,Store,Credit Card,1,4738.08,0.15,4738.08,4027.37,0,262.28,2025,6,June,Friday,4738.08,4027.368
2025-06-27,ORD043142,CUST00506,P005,Office Chair,Furniture,Ahmedabad,Store,Credit Card,2,9679.7,0.1,19359.4,17423.46,0,3448.99,2025,6,June,Friday,19359.4,17423.460000000003
2025-06-27,ORD045693,CUST04898,P003,Headphones,Electronics,Mumbai,Store,Debit Card,1,4197.74,0.15,4197.74,3568.08,0,757.47,2025,6,June,Friday,4197.74,3568.0789999999997
2025-06-27,ORD046203,CUST02962,P011,Mixer Grinder,Home,Mumbai,Store,Credit Card,3,5230.41,0.25,15691.23,11768.42,0,888.25,2025,6,June,Friday,15691.23,11768.4225
2025-06-27,ORD044799,CUST00194,P005,Office Chair,Furniture,Pune,Online,Net Banking,1,9305.96,0.1,9305.96,8375.36,0,1215.4,2025,6,June,Friday,9305.96,8375.364
2025-06-27,ORD037495,CUST03611,P017,Jeans,Fashion,Delhi,Online,Credit Card,2,2835.48,0.05,5670.96,5387.41,0,1420.55,2025,6,June,Friday,5670.96,5387.411999999999
2025-06-27,ORD042945,CUST01703,P007,Backpack,Accessories,Hyderabad,Online,Debit Card,1,1999.27,0.1,1999.27,1799.34,0,400.67,2025,6,June,Friday,1999.27,1799.343
2025-06-27,ORD033184,CUST00793,P015,Dining Table,Furniture,Hyderabad,Store,UPI,2,20766.22,0.1,41532.44,37379.2,0,8875.27,2025,6,June,Friday,41532.44,37379.196
2025-06-27,ORD037323,CUST01961,P018,Jacket,Fashion,Jaipur,Online,Credit Card,1,5534.11,0.05,5534.11,5257.4,0,776.82,2025,6,June,Friday,5534.11,5257.4045
2025-06-27,ORD009954,CUST01433,P013,Monitor,Electronics,Kolkata,Store,UPI,1,19698.99,0.15,19698.99,16744.14,0,3509.75,2025,6,June,Friday,19698.99,16744.1415
2025-06-27,ORD032411,CUST00504,P002,Smartphone,Electronics,Kolkata,Online,Cash,5,30466.71,0.2,152333.55,121866.84,0,12343.64,2025,6,June,Friday,152333.55,121866.84
2025-06-27,ORD017881,CUST02908,P018,Jacket,Fashion,Surat,Online,UPI,1,5223.24,0.2,5223.24,4178.59,0,846.04,2025,6,June,Friday,5223.24,4178.592
2025-06-27,ORD001720,CUST01171,P017,Jeans,Fashion,Kolkata,Online,Credit Card,1,2565.69,0.0,2565.69,2565.69,0,434.52,2025,6,June,Friday,2565.69,2565.69
2025-06-27,ORD015778,CUST02949,P012,Air Fryer,Home,Surat,Online,Debit Card,1,7734.57,0.2,7734.57,6187.66,0,657.69,2025,6,June,Friday,7734.57,6187.656
2025-06-27,ORD033195,CUST04387,P016,Sofa,Furniture,Bengaluru,Store,Debit Card,1,32145.91,0.2,32145.91,25716.73,1,-1285.84,2025,6,June,Friday,32145.91,25716.728000000003
2025-06-27,ORD020997,CUST02709,P010,Coffee Maker,Home,Surat,Online,UPI,5,5488.67,0.1,27443.35,24699.02,0,1986.15,2025,6,June,Friday,27443.35,24699.015
2025-06-27,ORD003409,CUST01798,P006,Desk,Furniture,Jaipur,Store,Credit Card,1,12160.41,0.1,12160.41,10944.37,0,1112.93,2025,6,June,Friday,12160.41,10944.369
2025-06-27,ORD045001,CUST02830,P015,Dining Table,Furniture,Kolkata,Online,Credit Card,1,21807.36,0.25,21807.36,16355.52,0,2808.81,2025,6,June,Friday,21807.36,16355.52
2025-06-27,ORD029358,CUST03659,P017,Jeans,Fashion,Mumbai,Online,Debit Card,1,2750.35,0.0,2750.35,2750.35,0,289.9,2025,6,June,Friday,2750.35,2750.35
2025-06-27,ORD010710,CUST04466,P001,Laptop,Electronics,Ahmedabad,Online,Credit Card,1,63705.64,0.05,63705.64,60520.36,0,5734.64,2025,6,June,Friday,63705.64,60520.358
2025-06-27,ORD001607,CUST03716,P002,Smartphone,Electronics,Surat,Online,Credit Card,2,25959.05,0.15,51918.1,44130.38,0,9352.06,2025,6,June,Friday,51918.1,44130.384999999995
2025-06-27,ORD013391,CUST00817,P007,Backpack,Accessories,Surat,Online,Debit Card,2,2380.62,0.05,4761.24,4523.18,1,-226.16,2025,6,June,Friday,4761.24,4523.178
2025-06-27,ORD027157,CUST00982,P006,Desk,Furniture,Surat,Online,UPI,1,11080.0,0.15,11080.0,9418.0,0,2456.93,2025,6,June,Friday,11080.0,9418.0
2025-06-27,ORD037261,CUST04680,P013,Monitor,Electronics,Pune,Store,UPI,1,17598.27,0.0,17598.27,17598.27,0,3651.37,2025,6,June,Friday,17598.27,17598.27
2025-06-27,ORD028849,CUST02198,P014,Keyboard,Electronics,Kolkata,Online,Credit Card,2,2539.7,0.1,5079.4,4571.46,0,753.42,2025,6,June,Friday,5079.4,4571.46
2025-06-27,ORD032730,CUST01813,P002,Smartphone,Electronics,Kolkata,Store,UPI,1,25957.08,0.2,25957.08,20765.66,0,1903.42,2025,6,June,Friday,25957.08,20765.664000000004
2025-06-27,ORD033545,CUST01941,P008,Running Shoes,Fashion,Jaipur,Store,Credit Card,1,4422.44,0.1,4422.44,3980.2,0,799.93,2025,6,June,Friday,4422.44,3980.196
2025-06-27,ORD023752,CUST01035,P020,Microwave,Home,Jaipur,Online,Credit Card,1,11630.48,0.05,11630.48,11048.96,0,1281.72,2025,6,June,Friday,11630.48,11048.955999999998
2025-06-27,ORD019229,CUST02458,P018,Jacket,Fashion,Surat,Store,Credit Card,1,4696.07,0.05,4696.07,4461.27,0,372.93,2025,6,June,Friday,4696.07,4461.2665
2025-06-27,ORD033941,CUST03957,P005,Office Chair,Furniture,Bengaluru,Online,Net Banking,1,9687.39,0.1,9687.39,8718.65,0,2025.26,2025,6,June,Friday,9687.39,8718.651
2025-06-27,ORD001356,CUST02483,P018,Jacket,Fashion,Ahmedabad,Store,Net Banking,2,5594.5,0.15,11189.0,9510.65,0,1324.02,2025,6,June,Friday,11189.0,9510.65
2025-06-27,ORD027985,CUST04878,P020,Microwave,Home,Mumbai,Online,UPI,1,10373.77,0.0,10373.77,10373.77,0,1246.1,2025,6,June,Friday,10373.77,10373.77
2025-06-28,ORD026988,CUST03283,P007,Backpack,Accessories,Hyderabad,Online,UPI,1,2052.71,0.1,2052.71,1847.44,0,446.45,2025,6,June,Saturday,2052.71,1847.439
2025-06-28,ORD037341,CUST00795,P018,Jacket,Fashion,Hyderabad,Online,UPI,1,4993.77,0.1,4993.77,4494.39,1,-224.72,2025,6,June,Saturday,4993.77,4494.393000000001
2025-06-28,ORD034397,CUST04020,P008,Running Shoes,Fashion,Mumbai,Online,Credit Card,1,3831.46,0.05,3831.46,3639.89,0,342.07,2025,6,June,Saturday,3831.46,3639.8869999999997
2025-06-28,ORD012909,CUST02436,P011,Mixer Grinder,Home,Hyderabad,Online,Debit Card,1,4967.07,0.15,4967.07,4222.01,0,595.19,2025,6,June,Saturday,4967.07,4222.009499999999
2025-06-28,ORD034344,CUST01666,P011,Mixer Grinder,Home,Hyderabad,Online,Credit Card,1,4711.34,0.2,4711.34,3769.07,0,735.08,2025,6,June,Saturday,4711.34,3769.072
2025-06-28,ORD042980,CUST03956,P017,Jeans,Fashion,Hyderabad,Store,UPI,3,2855.65,0.05,8566.95,8138.6,0,1941.75,2025,6,June,Saturday,8566.95,8138.6025
2025-06-28,ORD020348,CUST00575,P006,Desk,Furniture,Hyderabad,Online,Cash,3,12465.75,0.0,37397.25,37397.25,0,5324.89,2025,6,June,Saturday,37397.25,37397.25
2025-06-28,ORD016603,CUST04237,P005,Office Chair,Furniture,Delhi,Store,Credit Card,3,8898.95,0.1,26696.85,24027.16,0,2590.74,2025,6,June,Saturday,26696.850000000002,24027.165
2025-06-28,ORD040901,CUST00726,P009,T-Shirt,Fashion,Hyderabad,Online,Debit Card,1,1239.42,0.15,1239.42,1053.51,1,-52.68,2025,6,June,Saturday,1239.42,1053.507
2025-06-28,ORD034504,CUST01161,P017,Jeans,Fashion,Hyderabad,Store,Credit Card,1,2775.99,0.05,2775.99,2637.19,0,367.33,2025,6,June,Saturday,2775.99,2637.1904999999997
2025-06-28,ORD014922,CUST00689,P015,Dining Table,Furniture,Jaipur,Store,UPI,2,22208.05,0.05,44416.1,42195.3,0,12224.19,2025,6,June,Saturday,44416.1,42195.295
2025-06-28,ORD006889,CUST04295,P009,T-Shirt,Fashion,Chennai,Online,UPI,1,1127.24,0.1,1127.24,1014.52,0,217.02,2025,6,June,Saturday,1127.24,1014.5160000000001
2025-06-28,ORD015838,CUST00991,P014,Keyboard,Electronics,Chennai,Store,Credit Card,1,2586.61,0.15,2586.61,2198.62,0,357.54,2025,6,June,Saturday,2586.61,2198.6185
2025-06-28,ORD029008,CUST01247,P012,Air Fryer,Home,Pune,Store,Credit Card,1,6685.11,0.05,6685.11,6350.85,0,1022.04,2025,6,June,Saturday,6685.11,6350.8544999999995
2025-06-28,ORD014173,CUST02216,P017,Jeans,Fashion,Hyderabad,Store,Credit Card,1,2795.58,0.0,2795.58,2795.58,0,736.93,2025,6,June,Saturday,2795.58,2795.58
2025-06-28,ORD037989,CUST04458,P008,Running Shoes,Fashion,Hyderabad,Store,UPI,2,4518.65,0.05,9037.3,8585.44,0,1613.6,2025,6,June,Saturday,9037.3,8585.435
2025-06-28,ORD040644,CUST04481,P018,Jacket,Fashion,Kolkata,Online,Credit Card,3,5386.08,0.05,16158.24,15350.33,0,3275.31,2025,6,June,Saturday,16158.24,15350.328
2025-06-28,ORD040431,CUST00488,P012,Air Fryer,Home,Bengaluru,Online,UPI,4,6891.7,0.2,27566.8,22053.44,0,2849.77,2025,6,June,Saturday,27566.8,22053.440000000002
2025-06-28,ORD040126,CUST04622,P016,Sofa,Furniture,Surat,Store,UPI,1,34136.8,0.1,34136.8,30723.12,0,6882.13,2025,6,June,Saturday,34136.8,30723.120000000003
2025-06-28,ORD030744,CUST02428,P014,Keyboard,Electronics,Ahmedabad,Store,UPI,1,2527.68,0.1,2527.68,2274.91,0,425.94,2025,6,June,Saturday,2527.68,2274.912
2025-06-28,ORD015276,CUST01126,P001,Laptop,Electronics,Mumbai,Online,UPI,2,68977.69,0.05,137955.38,131057.61,0,13428.44,2025,6,June,Saturday,137955.38,131057.611
2025-06-28,ORD028461,CUST00111,P002,Smartphone,Electronics,Surat,Online,Credit Card,5,25525.17,0.15,127625.85,108481.97,0,10135.41,2025,6,June,Saturday,127625.84999999999,108481.9725
2025-06-28,ORD041018,CUST00294,P002,Smartphone,Electronics,Kolkata,Online,Credit Card,1,25938.44,0.05,25938.44,24641.52,0,3290.01,2025,6,June,Saturday,25938.44,24641.517999999996
2025-06-28,ORD046734,CUST00264,P001,Laptop,Electronics,Delhi,Online,Debit Card,1,67451.29,0.0,67451.29,67451.29,1,-3372.56,2025,6,June,Saturday,67451.29,67451.29
2025-06-28,ORD014157,CUST03053,P017,Jeans,Fashion,Hyderabad,Store,UPI,4,2605.7,0.1,10422.8,9380.52,0,1613.29,2025,6,June,Saturday,10422.8,9380.52
2025-06-28,ORD028416,CUST02265,P018,Jacket,Fashion,Delhi,Store,Cash,1,5340.09,0.2,5340.09,4272.07,0,514.99,2025,6,June,Saturday,5340.09,4272.072
2025-06-28,ORD018216,CUST00108,P001,Laptop,Electronics,Kolkata,Store,Credit Card,2,67100.55,0.0,134201.1,134201.1,0,25490.42,2025,6,June,Saturday,134201.1,134201.1
2025-06-28,ORD000861,CUST00044,P011,Mixer Grinder,Home,Delhi,Store,Debit Card,2,4597.92,0.15,9195.84,7816.46,0,1124.4,2025,6,June,Saturday,9195.84,7816.464
2025-06-28,ORD040836,CUST00049,P015,Dining Table,Furniture,Ahmedabad,Online,UPI,2,23080.03,0.2,46160.06,36928.05,0,8927.53,2025,6,June,Saturday,46160.06,36928.048
2025-06-28,ORD039016,CUST02556,P016,Sofa,Furniture,Chennai,Store,Debit Card,1,36040.09,0.05,36040.09,34238.09,0,7353.32,2025,6,June,Saturday,36040.09,34238.085499999994
2025-06-28,ORD043538,CUST03920,P014,Keyboard,Electronics,Ahmedabad,Store,UPI,1,2421.4,0.1,2421.4,2179.26,0,174.84,2025,6,June,Saturday,2421.4,2179.26
2025-06-28,ORD011456,CUST02203,P016,Sofa,Furniture,Bengaluru,Store,Credit Card,2,34659.25,0.15,69318.5,58920.72,0,15424.37,2025,6,June,Saturday,69318.5,58920.725
2025-06-28,ORD021431,CUST03611,P015,Dining Table,Furniture,Jaipur,Online,UPI,2,20003.47,0.0,40006.94,40006.94,0,8760.91,2025,6,June,Saturday,40006.94,40006.94
2025-06-28,ORD030017,CUST00240,P017,Jeans,Fashion,Hyderabad,Online,Credit Card,1,2700.52,0.0,2700.52,2700.52,1,-135.03,2025,6,June,Saturday,2700.52,2700.52
2025-06-28,ORD009655,CUST04908,P017,Jeans,Fashion,Ahmedabad,Online,UPI,1,2658.32,0.1,2658.32,2392.49,0,174.47,2025,6,June,Saturday,2658.32,2392.4880000000003
2025-06-28,ORD018533,CUST01096,P004,Smartwatch,Electronics,Pune,Store,UPI,1,6942.04,0.15,6942.04,5900.73,0,917.16,2025,6,June,Saturday,6942.04,5900.7339999999995
2025-06-28,ORD036932,CUST03970,P013,Monitor,Electronics,Surat,Online,Debit Card,1,17803.5,0.1,17803.5,16023.15,0,2789.38,2025,6,June,Saturday,17803.5,16023.15
2025-06-28,ORD012295,CUST01549,P004,Smartwatch,Electronics,Bengaluru,Online,Cash,1,7547.71,0.05,7547.71,7170.32,0,1177.63,2025,6,June,Saturday,7547.71,7170.3245
2025-06-28,ORD043514,CUST02694,P017,Jeans,Fashion,Delhi,Online,Credit Card,1,3053.15,0.0,3053.15,3053.15,0,898.97,2025,6,June,Saturday,3053.15,3053.15
2025-06-28,ORD042347,CUST00802,P010,Coffee Maker,Home,Jaipur,Online,UPI,1,5667.44,0.1,5667.44,5100.7,0,1148.88,2025,6,June,Saturday,5667.44,5100.696
2025-06-28,ORD046580,CUST04711,P002,Smartphone,Electronics,Mumbai,Store,UPI,1,30087.92,0.0,30087.92,30087.92,0,5981.79,2025,6,June,Saturday,30087.92,30087.92
2025-06-28,ORD045849,CUST00171,P011,Mixer Grinder,Home,Ahmedabad,Store,UPI,1,4765.6,0.15,4765.6,4050.76,0,337.03,2025,6,June,Saturday,4765.6,4050.76
2025-06-28,ORD039481,CUST02003,P018,Jacket,Fashion,Hyderabad,Online,Credit Card,1,4930.21,0.05,4930.21,4683.7,0,890.89,2025,6,June,Saturday,4930.21,4683.6995
2025-06-28,ORD036025,CUST04575,P013,Monitor,Electronics,Hyderabad,Online,Credit Card,4,18657.79,0.05,74631.16,70899.6,0,6510.74,2025,6,June,Saturday,74631.16,70899.602
2025-06-28,ORD023036,CUST03666,P005,Office Chair,Furniture,Bengaluru,Online,UPI,1,9744.07,0.1,9744.07,8769.66,1,-438.48,2025,6,June,Saturday,9744.07,8769.663
2025-06-28,ORD021170,CUST00247,P003,Headphones,Electronics,Chennai,Online,Credit Card,4,4088.02,0.15,16352.08,13899.27,0,3505.28,2025,6,June,Saturday,16352.08,13899.268
2025-06-28,ORD003210,CUST04729,P010,Coffee Maker,Home,Bengaluru,Online,Net Banking,1,4963.0,0.05,4963.0,4714.85,1,-235.74,2025,6,June,Saturday,4963.0,4714.849999999999
2025-06-28,ORD004095,CUST00621,P016,Sofa,Furniture,Surat,Store,UPI,1,31591.6,0.1,31591.6,28432.44,0,5405.29,2025,6,June,Saturday,31591.6,28432.44
2025-06-28,ORD013924,CUST04228,P019,Vacuum Cleaner,Home,Jaipur,Online,Cash,1,8181.82,0.15,8181.82,6954.55,0,1072.7,2025,6,June,Saturday,8181.82,6954.547
2025-06-28,ORD016396,CUST00378,P004,Smartwatch,Electronics,Hyderabad,Online,Debit Card,1,7661.0,0.0,7661.0,7661.0,0,1231.1,2025,6,June,Saturday,7661.0,7661.0
2025-06-28,ORD030724,CUST04304,P014,Keyboard,Electronics,Bengaluru,Online,Cash,2,2305.86,0.1,4611.72,4150.55,0,1139.81,2025,6,June,Saturday,4611.72,4150.548000000001
2025-06-28,ORD046307,CUST00636,P020,Microwave,Home,Jaipur,Online,Credit Card,2,11967.91,0.2,23935.82,19148.66,0,1499.83,2025,6,June,Saturday,23935.82,19148.656
2025-06-28,ORD020554,CUST01103,P014,Keyboard,Electronics,Ahmedabad,Online,Credit Card,1,2396.1,0.05,2396.1,2276.29,0,316.24,2025,6,June,Saturday,2396.1,2276.2949999999996
2025-06-28,ORD047160,CUST00700,P010,Coffee Maker,Home,Surat,Store,UPI,2,5576.61,0.15,11153.22,9480.24,0,1975.61,2025,6,June,Saturday,11153.22,9480.237
2025-06-28,ORD011831,CUST00069,P019,Vacuum Cleaner,Home,Jaipur,Online,Cash,5,9846.15,0.05,49230.75,46769.21,0,10642.48,2025,6,June,Saturday,49230.75,46769.212499999994
2025-06-28,ORD047688,CUST04986,P006,Desk,Furniture,Jaipur,Online,UPI,1,12738.97,0.0,12738.97,12738.97,0,1331.72,2025,6,June,Saturday,12738.97,12738.97
2025-06-28,ORD011124,CUST02856,P002,Smartphone,Electronics,Ahmedabad,Store,Debit Card,1,27048.8,0.05,27048.8,25696.36,0,4872.54,2025,6,June,Saturday,27048.8,25696.359999999997
2025-06-28,ORD011317,CUST00721,P005,Office Chair,Furniture,Kolkata,Online,Net Banking,1,9826.84,0.2,9826.84,7861.47,0,1448.34,2025,6,June,Saturday,9826.84,7861.472000000001
2025-06-28,ORD013968,CUST00162,P015,Dining Table,Furniture,Jaipur,Online,UPI,3,23789.74,0.0,71369.22,71369.22,0,14516.08,2025,6,June,Saturday,71369.22,71369.22
2025-06-28,ORD039752,CUST00657,P005,Office Chair,Furniture,Jaipur,Online,Cash,1,9254.69,0.0,9254.69,9254.69,1,-462.73,2025,6,June,Saturday,9254.69,9254.69
2025-06-28,ORD011545,CUST00207,P018,Jacket,Fashion,Bengaluru,Store,Credit Card,1,5633.67,0.1,5633.67,5070.3,0,1327.82,2025,6,June,Saturday,5633.67,5070.303
2025-06-28,ORD040664,CUST02170,P006,Desk,Furniture,Jaipur,Online,Debit Card,1,11419.46,0.1,11419.46,10277.51,0,2450.11,2025,6,June,Saturday,11419.46,10277.514
2025-06-28,ORD040327,CUST02532,P012,Air Fryer,Home,Jaipur,Online,UPI,1,6577.48,0.2,6577.48,5261.98,0,1081.98,2025,6,June,Saturday,6577.48,5261.984
2025-06-28,ORD008545,CUST02240,P011,Mixer Grinder,Home,Mumbai,Online,UPI,4,4531.89,0.05,18127.56,17221.18,0,4360.28,2025,6,June,Saturday,18127.56,17221.182
2025-06-28,ORD006156,CUST03589,P004,Smartwatch,Electronics,Kolkata,Store,Credit Card,1,6998.74,0.0,6998.74,6998.74,0,1884.26,2025,6,June,Saturday,6998.74,6998.74
2025-06-28,ORD040340,CUST01316,P013,Monitor,Electronics,Jaipur,Store,Cash,2,18246.88,0.2,36493.76,29195.01,0,5402.75,2025,6,June,Saturday,36493.76,29195.008
2025-06-28,ORD028337,CUST03317,P014,Keyboard,Electronics,Mumbai,Store,UPI,2,2426.09,0.1,4852.18,4366.96,0,400.15,2025,6,June,Saturday,4852.18,4366.962
2025-06-28,ORD046874,CUST02838,P004,Smartwatch,Electronics,Kolkata,Store,UPI,1,7543.47,0.1,7543.47,6789.12,0,1036.78,2025,6,June,Saturday,7543.47,6789.1230000000005
2025-06-29,ORD031293,CUST00801,P007,Backpack,Accessories,Mumbai,Store,Net Banking,2,2130.03,0.1,4260.06,3834.05,0,257.68,2025,6,June,Sunday,4260.06,3834.0540000000005
2025-06-29,ORD045402,CUST02028,P006,Desk,Furniture,Surat,Store,Credit Card,1,12204.68,0.05,12204.68,11594.45,0,2200.15,2025,6,June,Sunday,12204.68,11594.446
2025-06-29,ORD008974,CUST00638,P017,Jeans,Fashion,Bengaluru,Online,UPI,1,2676.21,0.0,2676.21,2676.21,0,434.61,2025,6,June,Sunday,2676.21,2676.21
2025-06-29,ORD024029,CUST04727,P020,Microwave,Home,Mumbai,Online,Cash,1,10432.52,0.0,10432.52,10432.52,0,2225.72,2025,6,June,Sunday,10432.52,10432.52
2025-06-29,ORD016730,CUST00831,P010,Coffee Maker,Home,Pune,Online,Credit Card,1,4992.8,0.0,4992.8,4992.8,0,627.22,2025,6,June,Sunday,4992.8,4992.8
2025-06-29,ORD047722,CUST04291,P015,Dining Table,Furniture,Jaipur,Online,Cash,4,22545.19,0.0,90180.76,90180.76,0,10161.38,2025,6,June,Sunday,90180.76,90180.76
2025-06-29,ORD024047,CUST04346,P001,Laptop,Electronics,Surat,Store,UPI,2,59341.55,0.25,118683.1,89012.33,0,21197.25,2025,6,June,Sunday,118683.1,89012.32500000001
2025-06-29,ORD035462,CUST02831,P016,Sofa,Furniture,Chennai,Store,Cash,1,35716.6,0.25,35716.6,26787.45,0,4348.27,2025,6,June,Sunday,35716.6,26787.449999999997
2025-06-29,ORD004847,CUST03663,P004,Smartwatch,Electronics,Mumbai,Store,Cash,3,6861.58,0.1,20584.74,18526.27,0,4332.2,2025,6,June,Sunday,20584.739999999998,18526.266000000003
2025-06-29,ORD004831,CUST00436,P017,Jeans,Fashion,Pune,Store,Credit Card,1,2912.24,0.0,2912.24,2912.24,0,440.47,2025,6,June,Sunday,2912.24,2912.24
2025-06-29,ORD034969,CUST01189,P013,Monitor,Electronics,Bengaluru,Store,UPI,2,16983.76,0.0,33967.52,33967.52,0,4792.44,2025,6,June,Sunday,33967.52,33967.52
2025-06-29,ORD041070,CUST04945,P017,Jeans,Fashion,Mumbai,Online,Debit Card,3,3011.99,0.2,9035.97,7228.78,0,690.8,2025,6,June,Sunday,9035.97,7228.776
2025-06-29,ORD039864,CUST01016,P009,T-Shirt,Fashion,Jaipur,Online,UPI,1,1306.78,0.15,1306.78,1110.76,0,181.64,2025,6,June,Sunday,1306.78,1110.763
2025-06-29,ORD032898,CUST03997,P009,T-Shirt,Fashion,Bengaluru,Online,Net Banking,1,1284.22,0.1,1284.22,1155.8,0,187.93,2025,6,June,Sunday,1284.22,1155.798
2025-06-29,ORD002412,CUST02534,P016,Sofa,Furniture,Surat,Online,UPI,1,32379.64,0.0,32379.64,32379.64,0,3893.08,2025,6,June,Sunday,32379.64,32379.64
2025-06-29,ORD008250,CUST00810,P007,Backpack,Accessories,Jaipur,Online,UPI,2,2369.32,0.15,4738.64,4027.84,0,856.48,2025,6,June,Sunday,4738.64,4027.844
2025-06-29,ORD029785,CUST01476,P006,Desk,Furniture,Mumbai,Store,UPI,1,10949.42,0.1,10949.42,9854.48,0,707.91,2025,6,June,Sunday,10949.42,9854.478000000001
2025-06-29,ORD043107,CUST00798,P009,T-Shirt,Fashion,Delhi,Store,UPI,1,1300.97,0.0,1300.97,1300.97,0,355.32,2025,6,June,Sunday,1300.97,1300.97
2025-06-29,ORD005199,CUST04921,P008,Running Shoes,Fashion,Delhi,Store,Debit Card,2,4413.25,0.0,8826.5,8826.5,0,1880.99,2025,6,June,Sunday,8826.5,8826.5
2025-06-29,ORD016140,CUST01743,P012,Air Fryer,Home,Pune,Online,UPI,2,6578.82,0.1,13157.64,11841.88,0,1071.06,2025,6,June,Sunday,13157.64,11841.876
2025-06-29,ORD004241,CUST01740,P003,Headphones,Electronics,Hyderabad,Online,UPI,1,4181.72,0.15,4181.72,3554.46,0,585.8,2025,6,June,Sunday,4181.72,3554.462
2025-06-29,ORD002070,CUST00677,P009,T-Shirt,Fashion,Ahmedabad,Online,Credit Card,2,1098.84,0.2,2197.68,1758.14,0,282.06,2025,6,June,Sunday,2197.68,1758.144
2025-06-29,ORD005819,CUST02890,P007,Backpack,Accessories,Bengaluru,Store,Net Banking,3,2102.28,0.1,6306.84,5676.16,0,734.23,2025,6,June,Sunday,6306.84,5676.156
2025-06-29,ORD031170,CUST03916,P003,Headphones,Electronics,Chennai,Store,UPI,3,4187.35,0.05,12562.05,11933.95,0,2923.11,2025,6,June,Sunday,12562.050000000001,11933.947499999998
2025-06-29,ORD047729,CUST01030,P016,Sofa,Furniture,Jaipur,Online,Debit Card,1,36516.52,0.05,36516.52,34690.69,0,8941.66,2025,6,June,Sunday,36516.52,34690.693999999996
2025-06-29,ORD037763,CUST02658,P007,Backpack,Accessories,Surat,Store,UPI,2,2263.75,0.15,4527.5,3848.38,0,822.03,2025,6,June,Sunday,4527.5,3848.375
2025-06-29,ORD029066,CUST00238,P014,Keyboard,Electronics,Pune,Online,Cash,1,2398.33,0.15,2398.33,2038.58,0,186.0,2025,6,June,Sunday,2398.33,2038.5804999999998
2025-06-29,ORD007951,CUST02161,P006,Desk,Furniture,Delhi,Online,UPI,4,13165.57,0.15,52662.28,44762.94,0,4610.42,2025,6,June,Sunday,52662.28,44762.937999999995
2025-06-29,ORD049785,CUST02874,P014,Keyboard,Electronics,Chennai,Online,Debit Card,1,2552.85,0.05,2552.85,2425.21,0,347.88,2025,6,June,Sunday,2552.85,2425.2075
2025-06-29,ORD023994,CUST02765,P002,Smartphone,Electronics,Delhi,Online,Credit Card,1,28453.56,0.1,28453.56,25608.2,0,5842.61,2025,6,June,Sunday,28453.56,25608.204
2025-06-29,ORD039338,CUST01075,P007,Backpack,Accessories,Mumbai,Online,Credit Card,4,2007.72,0.0,8030.88,8030.88,0,1204.8,2025,6,June,Sunday,8030.88,8030.88
2025-06-29,ORD026060,CUST02922,P003,Headphones,Electronics,Chennai,Online,Credit Card,5,4455.5,0.1,22277.5,20049.75,0,5203.66,2025,6,June,Sunday,22277.5,20049.75
2025-06-29,ORD006371,CUST01161,P007,Backpack,Accessories,Kolkata,Store,UPI,2,2374.03,0.05,4748.06,4510.66,0,921.23,2025,6,June,Sunday,4748.06,4510.657
2025-06-29,ORD013305,CUST02547,P001,Laptop,Electronics,Hyderabad,Online,Debit Card,1,64610.31,0.0,64610.31,64610.31,0,18545.65,2025,6,June,Sunday,64610.31,64610.31
2025-06-29,ORD009091,CUST00609,P018,Jacket,Fashion,Hyderabad,Online,UPI,2,5237.84,0.15,10475.68,8904.33,0,1702.67,2025,6,June,Sunday,10475.68,8904.328
2025-06-29,ORD006349,CUST01325,P007,Backpack,Accessories,Pune,Online,Credit Card,1,2343.76,0.05,2343.76,2226.57,0,496.48,2025,6,June,Sunday,2343.76,2226.572
2025-06-29,ORD017469,CUST04035,P011,Mixer Grinder,Home,Surat,Store,Debit Card,1,5054.07,0.2,5054.07,4043.26,0,679.79,2025,6,June,Sunday,5054.07,4043.256
2025-06-29,ORD038325,CUST04710,P006,Desk,Furniture,Jaipur,Online,UPI,1,12071.74,0.05,12071.74,11468.15,0,1694.63,2025,6,June,Sunday,12071.74,11468.152999999998
2025-06-29,ORD027755,CUST01287,P010,Coffee Maker,Home,Jaipur,Store,UPI,3,6012.17,0.2,18036.51,14429.21,0,2827.49,2025,6,June,Sunday,18036.510000000002,14429.207999999999
2025-06-29,ORD021941,CUST01278,P014,Keyboard,Electronics,Hyderabad,Online,Credit Card,1,2639.66,0.25,2639.66,1979.74,0,454.02,2025,6,June,Sunday,2639.66,1979.745
2025-06-29,ORD009784,CUST01320,P019,Vacuum Cleaner,Home,Hyderabad,Online,UPI,5,9143.95,0.15,45719.75,38861.79,1,-1943.09,2025,6,June,Sunday,45719.75,38861.7875
2025-06-29,ORD046748,CUST04561,P019,Vacuum Cleaner,Home,Mumbai,Online,Cash,3,9246.95,0.2,27740.85,22192.68,0,4549.75,2025,6,June,Sunday,27740.850000000002,22192.68
2025-06-29,ORD036866,CUST00018,P007,Backpack,Accessories,Ahmedabad,Store,Debit Card,2,2414.46,0.2,4828.92,3863.14,0,271.36,2025,6,June,Sunday,4828.92,3863.1360000000004
2025-06-29,ORD015419,CUST03416,P017,Jeans,Fashion,Ahmedabad,Online,UPI,4,2902.38,0.15,11609.52,9868.09,0,676.41,2025,6,June,Sunday,11609.52,9868.092
2025-06-29,ORD028001,CUST02793,P009,T-Shirt,Fashion,Surat,Online,Credit Card,1,1094.49,0.1,1094.49,985.04,0,59.6,2025,6,June,Sunday,1094.49,985.041
2025-06-29,ORD024811,CUST01709,P019,Vacuum Cleaner,Home,Bengaluru,Online,Debit Card,1,8875.88,0.1,8875.88,7988.29,0,1951.99,2025,6,June,Sunday,8875.88,7988.2919999999995
2025-06-29,ORD048706,CUST03553,P006,Desk,Furniture,Chennai,Store,Credit Card,1,12040.96,0.25,12040.96,9030.72,0,873.59,2025,6,June,Sunday,12040.96,9030.72
2025-06-29,ORD029648,CUST01307,P013,Monitor,Electronics,Chennai,Online,Credit Card,1,16869.98,0.1,16869.98,15182.98,0,4245.5,2025,6,June,Sunday,16869.98,15182.982
2025-06-29,ORD046411,CUST03785,P012,Air Fryer,Home,Surat,Online,UPI,1,7746.6,0.05,7746.6,7359.27,0,944.5,2025,6,June,Sunday,7746.6,7359.27
2025-06-29,ORD037328,CUST00625,P015,Dining Table,Furniture,Chennai,Online,Net Banking,2,23981.05,0.05,47962.1,45564.0,0,4969.51,2025,6,June,Sunday,47962.1,45563.994999999995
2025-06-29,ORD000882,CUST02284,P006,Desk,Furniture,Pune,Online,Cash,2,11011.21,0.1,22022.42,19820.18,0,2886.58,2025,6,June,Sunday,22022.42,19820.178
2025-06-29,ORD040287,CUST02159,P003,Headphones,Electronics,Ahmedabad,Store,Debit Card,1,4429.92,0.1,4429.92,3986.93,0,1039.16,2025,6,June,Sunday,4429.92,3986.9280000000003
2025-06-29,ORD025576,CUST03239,P015,Dining Table,Furniture,Kolkata,Store,UPI,2,22063.88,0.1,44127.76,39714.98,0,9607.76,2025,6,June,Sunday,44127.76,39714.984000000004
2025-06-29,ORD033231,CUST01441,P001,Laptop,Electronics,Kolkata,Store,Net Banking,3,59762.71,0.1,179288.13,161359.32,0,24802.51,2025,6,June,Sunday,179288.13,161359.317
2025-06-29,ORD046824,CUST01573,P017,Jeans,Fashion,Hyderabad,Store,Credit Card,3,2954.84,0.05,8864.52,8421.29,1,-421.06,2025,6,June,Sunday,8864.52,8421.294
2025-06-29,ORD042614,CUST03163,P002,Smartphone,Electronics,Delhi,Online,Cash,3,29574.57,0.1,88723.71,79851.34,0,13288.74,2025,6,June,Sunday,88723.70999999999,79851.339
2025-06-29,ORD000496,CUST03241,P003,Headphones,Electronics,Surat,Store,UPI,1,4676.57,0.05,4676.57,4442.74,0,401.61,2025,6,June,Sunday,4676.57,4442.741499999999
2025-06-29,ORD047848,CUST03542,P011,Mixer Grinder,Home,Kolkata,Online,UPI,1,4625.11,0.05,4625.11,4393.85,0,316.91,2025,6,June,Sunday,4625.11,4393.8544999999995
2025-06-30,ORD008460,CUST04445,P020,Microwave,Home,Bengaluru,Store,Credit Card,1,11267.85,0.1,11267.85,10141.06,0,2147.62,2025,6,June,Monday,11267.85,10141.065
2025-06-30,ORD027148,CUST03129,P011,Mixer Grinder,Home,Surat,Online,Net Banking,1,4460.53,0.15,4460.53,3791.45,0,323.68,2025,6,June,Monday,4460.53,3791.4504999999995
2025-06-30,ORD047472,CUST01552,P001,Laptop,Electronics,Pune,Online,Credit Card,2,66178.7,0.15,132357.4,112503.79,0,10745.21,2025,6,June,Monday,132357.4,112503.79
2025-06-30,ORD013385,CUST02917,P007,Backpack,Accessories,Pune,Online,UPI,2,2062.03,0.1,4124.06,3711.65,0,646.36,2025,6,June,Monday,4124.06,3711.6540000000005
2025-06-30,ORD013848,CUST00682,P010,Coffee Maker,Home,Surat,Online,Net Banking,3,5786.84,0.15,17360.52,14756.44,0,1978.15,2025,6,June,Monday,17360.52,14756.442
2025-06-30,ORD023051,CUST04020,P006,Desk,Furniture,Ahmedabad,Online,Credit Card,3,12720.8,0.0,38162.4,38162.4,0,5902.47,2025,6,June,Monday,38162.399999999994,38162.4
2025-06-30,ORD036746,CUST03516,P008,Running Shoes,Fashion,Chennai,Online,UPI,1,4410.42,0.05,4410.42,4189.9,0,691.08,2025,6,June,Monday,4410.42,4189.898999999999
2025-06-30,ORD046895,CUST01344,P015,Dining Table,Furniture,Bengaluru,Store,Credit Card,1,21155.19,0.2,21155.19,16924.15,0,3001.81,2025,6,June,Monday,21155.19,16924.152
2025-06-30,ORD015764,CUST00316,P015,Dining Table,Furniture,Bengaluru,Online,UPI,1,23392.28,0.1,23392.28,21053.05,0,3948.31,2025,6,June,Monday,23392.28,21053.052
2025-06-30,ORD033303,CUST02985,P007,Backpack,Accessories,Chennai,Online,Credit Card,5,1987.87,0.1,9939.35,8945.41,0,1779.3,2025,6,June,Monday,9939.349999999999,8945.415
2025-06-30,ORD032224,CUST03428,P007,Backpack,Accessories,Hyderabad,Online,UPI,1,2303.68,0.15,2303.68,1958.13,0,246.32,2025,6,June,Monday,2303.68,1958.1279999999997
2025-06-30,ORD015585,CUST04806,P011,Mixer Grinder,Home,Pune,Online,Credit Card,2,4922.68,0.1,9845.36,8860.82,0,1083.55,2025,6,June,Monday,9845.36,8860.824
2025-06-30,ORD021974,CUST00329,P014,Keyboard,Electronics,Delhi,Online,Credit Card,1,2646.19,0.15,2646.19,2249.26,0,152.42,2025,6,June,Monday,2646.19,2249.2615
2025-06-30,ORD046815,CUST02804,P009,T-Shirt,Fashion,Delhi,Online,UPI,1,1113.14,0.2,1113.14,890.51,0,148.46,2025,6,June,Monday,1113.14,890.5120000000002
2025-06-30,ORD016578,CUST00072,P009,T-Shirt,Fashion,Pune,Online,UPI,4,1319.86,0.1,5279.44,4751.5,0,431.75,2025,6,June,Monday,5279.44,4751.496
2025-06-30,ORD032317,CUST00317,P014,Keyboard,Electronics,Kolkata,Online,UPI,2,2645.2,0.05,5290.4,5025.88,0,1450.79,2025,6,June,Monday,5290.4,5025.879999999999
2025-06-30,ORD026895,CUST01616,P013,Monitor,Electronics,Kolkata,Online,UPI,1,18709.68,0.1,18709.68,16838.71,0,3932.95,2025,6,June,Monday,18709.68,16838.712
2025-06-30,ORD023555,CUST01947,P016,Sofa,Furniture,Chennai,Online,Credit Card,2,32707.57,0.15,65415.14,55602.87,0,10321.38,2025,6,June,Monday,65415.14,55602.869
2025-06-30,ORD026595,CUST03624,P014,Keyboard,Electronics,Surat,Store,Credit Card,3,2687.03,0.0,8061.09,8061.09,0,1593.6,2025,6,June,Monday,8061.09,8061.09
2025-06-30,ORD002309,CUST02307,P018,Jacket,Fashion,Pune,Store,Debit Card,1,5625.59,0.05,5625.59,5344.31,0,1050.54,2025,6,June,Monday,5625.59,5344.3105
2025-06-30,ORD009011,CUST04941,P015,Dining Table,Furniture,Hyderabad,Online,Cash,4,22705.0,0.1,90820.0,81738.0,0,5561.72,2025,6,June,Monday,90820.0,81738.0
2025-06-30,ORD004958,CUST04955,P020,Microwave,Home,Surat,Store,Credit Card,2,10000.64,0.25,20001.28,15000.96,1,-750.05,2025,6,June,Monday,20001.28,15000.96
2025-06-30,ORD036288,CUST02868,P013,Monitor,Electronics,Chennai,Store,Credit Card,1,19583.4,0.15,19583.4,16645.89,1,-832.29,2025,6,June,Monday,19583.4,16645.89
2025-06-30,ORD016287,CUST04919,P004,Smartwatch,Electronics,Surat,Store,Debit Card,1,6439.84,0.2,6439.84,5151.87,0,784.6,2025,6,June,Monday,6439.84,5151.872
2025-06-30,ORD002556,CUST01093,P004,Smartwatch,Electronics,Pune,Online,Credit Card,1,7390.0,0.15,7390.0,6281.5,0,607.99,2025,6,June,Monday,7390.0,6281.5
2025-06-30,ORD016207,CUST03572,P017,Jeans,Fashion,Bengaluru,Online,Debit Card,1,2780.86,0.05,2780.86,2641.82,1,-132.09,2025,6,June,Monday,2780.86,2641.817
2025-06-30,ORD020231,CUST03374,P004,Smartwatch,Electronics,Hyderabad,Store,UPI,1,6518.77,0.15,6518.77,5540.95,1,-277.05,2025,6,June,Monday,6518.77,5540.9545
2025-06-30,ORD043140,CUST01900,P009,T-Shirt,Fashion,Delhi,Online,Cash,1,1083.6,0.15,1083.6,921.06,0,167.15,2025,6,June,Monday,1083.6,921.06
2025-06-30,ORD007566,CUST04932,P006,Desk,Furniture,Surat,Store,Cash,3,13012.19,0.15,39036.57,33181.08,0,2412.93,2025,6,June,Monday,39036.57,33181.0845
2025-06-30,ORD007149,CUST00527,P004,Smartwatch,Electronics,Mumbai,Store,Net Banking,2,6621.61,0.1,13243.22,11918.9,0,1902.72,2025,6,June,Monday,13243.22,11918.898
2025-06-30,ORD003394,CUST02172,P007,Backpack,Accessories,Bengaluru,Online,UPI,2,2049.41,0.0,4098.82,4098.82,0,843.47,2025,6,June,Monday,4098.82,4098.82
2025-06-30,ORD027119,CUST01067,P007,Backpack,Accessories,Kolkata,Online,Net Banking,4,2393.32,0.0,9573.28,9573.28,0,851.16,2025,6,June,Monday,9573.28,9573.28
2025-06-30,ORD011166,CUST00411,P020,Microwave,Home,Mumbai,Online,Debit Card,1,10658.23,0.1,10658.23,9592.41,0,655.37,2025,6,June,Monday,10658.23,9592.407
2025-06-30,ORD008100,CUST01954,P007,Backpack,Accessories,Bengaluru,Store,Credit Card,2,2082.71,0.0,4165.42,4165.42,0,1027.71,2025,6,June,Monday,4165.42,4165.42
2025-06-30,ORD017875,CUST00360,P015,Dining Table,Furniture,Mumbai,Store,Credit Card,1,20940.71,0.05,20940.71,19893.67,0,1625.68,2025,6,June,Monday,20940.71,19893.674499999997
2025-06-30,ORD049286,CUST04740,P014,Keyboard,Electronics,Surat,Online,Net Banking,1,2344.79,0.0,2344.79,2344.79,0,547.58,2025,6,June,Monday,2344.79,2344.79
2025-06-30,ORD035092,CUST03406,P014,Keyboard,Electronics,Mumbai,Store,Credit Card,1,2749.68,0.0,2749.68,2749.68,0,804.06,2025,6,June,Monday,2749.68,2749.68
2025-06-30,ORD032718,CUST04237,P014,Keyboard,Electronics,Hyderabad,Store,Net Banking,1,2568.38,0.1,2568.38,2311.54,0,563.56,2025,6,June,Monday,2568.38,2311.5420000000004
2025-06-30,ORD047763,CUST04944,P001,Laptop,Electronics,Jaipur,Online,Cash,2,70607.75,0.0,141215.5,141215.5,0,27834.56,2025,6,June,Monday,141215.5,141215.5
2025-06-30,ORD040354,CUST03395,P007,Backpack,Accessories,Surat,Online,UPI,1,2031.82,0.15,2031.82,1727.05,0,336.06,2025,6,June,Monday,2031.82,1727.0469999999998
2025-06-30,ORD034588,CUST00583,P017,Jeans,Fashion,Delhi,Online,UPI,1,2540.45,0.2,2540.45,2032.36,0,97.28,2025,6,June,Monday,2540.45,2032.36
2025-06-30,ORD008773,CUST02270,P001,Laptop,Electronics,Surat,Store,UPI,1,60466.73,0.0,60466.73,60466.73,0,5796.68,2025,6,June,Monday,60466.73,60466.73
2025-06-30,ORD026566,CUST00513,P007,Backpack,Accessories,Hyderabad,Store,UPI,1,2280.9,0.1,2280.9,2052.81,0,192.98,2025,6,June,Monday,2280.9,2052.81
2025-06-30,ORD004501,CUST02297,P017,Jeans,Fashion,Pune,Store,Debit Card,1,2851.71,0.15,2851.71,2423.95,0,470.5,2025,6,June,Monday,2851.71,2423.9535
2025-06-30,ORD044027,CUST02820,P011,Mixer Grinder,Home,Surat,Store,Credit Card,2,5146.21,0.05,10292.42,9777.8,0,2738.4,2025,6,June,Monday,10292.42,9777.798999999999
2025-06-30,ORD038937,CUST02043,P007,Backpack,Accessories,Chennai,Online,Cash,1,2307.56,0.1,2307.56,2076.8,0,344.37,2025,6,June,Monday,2307.56,2076.804
2025-06-30,ORD038887,CUST01180,P002,Smartphone,Electronics,Delhi,Store,UPI,1,26978.1,0.2,26978.1,21582.48,0,5227.01,2025,6,June,Monday,26978.1,21582.48
2025-06-30,ORD016084,CUST03187,P009,T-Shirt,Fashion,Ahmedabad,Online,UPI,1,1219.94,0.1,1219.94,1097.95,0,277.62,2025,6,June,Monday,1219.94,1097.9460000000001
2025-06-30,ORD011600,CUST04286,P010,Coffee Maker,Home,Hyderabad,Online,Credit Card,4,5549.71,0.1,22198.84,19978.96,1,-998.95,2025,6,June,Monday,22198.84,19978.956000000002
2025-06-30,ORD020065,CUST03287,P004,Smartwatch,Electronics,Kolkata,Online,UPI,1,6726.12,0.1,6726.12,6053.51,0,1021.86,2025,6,June,Monday,6726.12,6053.508
2025-06-30,ORD031319,CUST00014,P012,Air Fryer,Home,Chennai,Online,UPI,1,6757.94,0.0,6757.94,6757.94,0,608.75,2025,6,June,Monday,6757.94,6757.94
2025-06-30,ORD042103,CUST03699,P010,Coffee Maker,Home,Ahmedabad,Online,UPI,2,5889.02,0.05,11778.04,11189.14,0,2291.3,2025,6,June,Monday,11778.04,11189.138
2025-06-30,ORD003685,CUST04742,P011,Mixer Grinder,Home,Ahmedabad,Store,Credit Card,3,4535.35,0.05,13606.05,12925.75,1,-646.29,2025,6,June,Monday,13606.050000000001,12925.7475
2025-06-30,ORD006414,CUST03587,P008,Running Shoes,Fashion,Hyderabad,Online,Debit Card,1,4605.12,0.1,4605.12,4144.61,0,543.82,2025,6,June,Monday,4605.12,4144.608
2025-06-30,ORD027779,CUST02959,P009,T-Shirt,Fashion,Jaipur,Store,UPI,3,1218.88,0.1,3656.64,3290.98,1,-164.55,2025,6,June,Monday,3656.6400000000003,3290.976
2025-06-30,ORD044328,CUST02921,P012,Air Fryer,Home,Jaipur,Online,Credit Card,1,7214.17,0.0,7214.17,7214.17,0,1684.2,2025,6,June,Monday,7214.17,7214.17
2025-06-30,ORD043043,CUST04223,P005,Office Chair,Furniture,Ahmedabad,Online,Credit Card,2,8794.45,0.2,17588.9,14071.12,0,2765.45,2025,6,June,Monday,17588.9,14071.120000000003
2025-06-30,ORD000252,CUST02242,P005,Office Chair,Furniture,Kolkata,Online,Debit Card,1,10111.66,0.2,10111.66,8089.33,0,1897.54,2025,6,June,Monday,10111.66,8089.328
2025-06-30,ORD037566,CUST04779,P002,Smartphone,Electronics,Delhi,Online,UPI,1,25695.57,0.2,25695.57,20556.46,0,1918.47,2025,6,June,Monday,25695.57,20556.456000000002
2025-06-30,ORD037580,CUST04671,P018,Jacket,Fashion,Hyderabad,Online,UPI,2,5105.61,0.1,10211.22,9190.1,0,1641.05,2025,6,June,Monday,10211.22,9190.098
2025-06-30,ORD041814,CUST00015,P020,Microwave,Home,Hyderabad,Online,Credit Card,3,11727.87,0.1,35183.61,31665.25,0,5945.75,2025,6,June,Monday,35183.61,31665.249
2025-06-30,ORD011068,CUST03435,P001,Laptop,Electronics,Bengaluru,Online,Debit Card,2,62870.94,0.0,125741.88,125741.88,0,13017.58,2025,6,June,Monday,125741.88,125741.88
2025-06-30,ORD010678,CUST03794,P010,Coffee Maker,Home,Surat,Online,UPI,1,5719.25,0.0,5719.25,5719.25,0,658.87,2025,6,June,Monday,5719.25,5719.25
2025-06-30,ORD017924,CUST04705,P016,Sofa,Furniture,Ahmedabad,Online,UPI,1,34038.57,0.1,34038.57,30634.71,0,2196.42,2025,6,June,Monday,34038.57,30634.713
2025-06-30,ORD030191,CUST03241,P004,Smartwatch,Electronics,Pune,Online,UPI,3,7511.1,0.05,22533.3,21406.64,0,4589.63,2025,6,June,Monday,22533.300000000003,21406.635
2025-06-30,ORD006986,CUST03664,P012,Air Fryer,Home,Surat,Online,Debit Card,1,7418.63,0.0,7418.63,7418.63,0,805.24,2025,6,June,Monday,7418.63,7418.63
2025-06-30,ORD028629,CUST04431,P004,Smartwatch,Electronics,Kolkata,Store,Credit Card,1,7187.33,0.05,7187.33,6827.96,0,1203.18,2025,6,June,Monday,7187.33,6827.9635
2025-06-30,ORD005228,CUST02223,P010,Coffee Maker,Home,Hyderabad,Online,Net Banking,2,5550.96,0.1,11101.92,9991.73,0,1260.85,2025,6,June,Monday,11101.92,9991.728000000001
2025-06-30,ORD001325,CUST00837,P018,Jacket,Fashion,Mumbai,Store,UPI,3,4796.69,0.0,14390.07,14390.07,1,-719.5,2025,6,June,Monday,14390.07,14390.07
2025-06-30,ORD046904,CUST00682,P018,Jacket,Fashion,Kolkata,Online,UPI,1,5223.58,0.0,5223.58,5223.58,0,593.8,2025,6,June,Monday,5223.58,5223.58
2025-06-30,ORD043999,CUST01242,P015,Dining Table,Furniture,Hyderabad,Online,Cash,1,20696.91,0.2,20696.91,16557.53,0,3005.02,2025,6,June,Monday,20696.91,16557.528000000002
2025-06-30,ORD004529,CUST01167,P011,Mixer Grinder,Home,Hyderabad,Online,UPI,5,4753.49,0.15,23767.45,20202.33,0,1525.02,2025,6,June,Monday,23767.449999999997,20202.3325
2025-07-01,ORD021752,CUST02899,P018,Jacket,Fashion,Pune,Online,UPI,1,5552.36,0.05,5552.36,5274.74,0,391.61,2025,7,July,Tuesday,5552.36,5274.741999999999
2025-07-01,ORD027870,CUST02072,P009,T-Shirt,Fashion,Surat,Online,Net Banking,3,1224.01,0.05,3672.03,3488.43,0,440.69,2025,7,July,Tuesday,3672.0299999999997,3488.4285
2025-07-01,ORD006785,CUST03990,P003,Headphones,Electronics,Kolkata,Online,Credit Card,2,4904.58,0.15,9809.16,8337.79,0,1227.06,2025,7,July,Tuesday,9809.16,8337.786
2025-07-01,ORD029133,CUST01754,P007,Backpack,Accessories,Jaipur,Online,UPI,1,2322.02,0.05,2322.02,2205.92,0,180.53,2025,7,July,Tuesday,2322.02,2205.919
2025-07-01,ORD013408,CUST00852,P001,Laptop,Electronics,Surat,Online,Credit Card,1,67022.34,0.05,67022.34,63671.22,0,6909.94,2025,7,July,Tuesday,67022.34,63671.22299999999
2025-07-01,ORD047840,CUST04801,P011,Mixer Grinder,Home,Delhi,Store,Credit Card,1,4941.05,0.15,4941.05,4199.89,0,565.74,2025,7,July,Tuesday,4941.05,4199.8925
2025-07-01,ORD043595,CUST03401,P006,Desk,Furniture,Surat,Online,UPI,2,11854.13,0.2,23708.26,18966.61,1,-948.33,2025,7,July,Tuesday,23708.26,18966.608
2025-07-01,ORD002585,CUST04738,P012,Air Fryer,Home,Chennai,Store,Credit Card,3,7405.84,0.1,22217.52,19995.77,0,5138.3,2025,7,July,Tuesday,22217.52,19995.768
2025-07-01,ORD023479,CUST00445,P011,Mixer Grinder,Home,Jaipur,Online,Credit Card,3,5161.04,0.05,15483.12,14708.96,0,3929.69,2025,7,July,Tuesday,15483.119999999999,14708.964
2025-07-01,ORD033722,CUST04611,P016,Sofa,Furniture,Delhi,Store,Debit Card,1,32049.38,0.05,32049.38,30446.91,0,7239.49,2025,7,July,Tuesday,32049.38,30446.911
2025-07-01,ORD048484,CUST03701,P014,Keyboard,Electronics,Jaipur,Online,Debit Card,1,2554.19,0.15,2554.19,2171.06,0,119.66,2025,7,July,Tuesday,2554.19,2171.0615
2025-07-01,ORD039128,CUST02985,P005,Office Chair,Furniture,Pune,Online,Debit Card,1,9497.32,0.0,9497.32,9497.32,0,2582.08,2025,7,July,Tuesday,9497.32,9497.32
2025-07-01,ORD046129,CUST04754,P011,Mixer Grinder,Home,Hyderabad,Store,UPI,1,4508.41,0.2,4508.41,3606.73,0,526.92,2025,7,July,Tuesday,4508.41,3606.728
2025-07-01,ORD002327,CUST03241,P014,Keyboard,Electronics,Kolkata,Store,UPI,2,2398.1,0.1,4796.2,4316.58,0,466.84,2025,7,July,Tuesday,4796.2,4316.58
2025-07-01,ORD030696,CUST03496,P020,Microwave,Home,Jaipur,Online,Cash,2,11771.38,0.05,23542.76,22365.62,0,3683.99,2025,7,July,Tuesday,23542.76,22365.621999999996
2025-07-01,ORD017744,CUST00404,P006,Desk,Furniture,Jaipur,Online,Net Banking,3,12844.69,0.2,38534.07,30827.26,0,6683.39,2025,7,July,Tuesday,38534.07,30827.256
2025-07-01,ORD003787,CUST03049,P001,Laptop,Electronics,Chennai,Online,UPI,1,60847.28,0.0,60847.28,60847.28,0,8153.31,2025,7,July,Tuesday,60847.28,60847.28
2025-07-01,ORD003577,CUST02277,P014,Keyboard,Electronics,Hyderabad,Online,UPI,2,2381.69,0.15,4763.38,4048.87,0,567.5,2025,7,July,Tuesday,4763.38,4048.873
2025-07-01,ORD036441,CUST02477,P014,Keyboard,Electronics,Pune,Online,Net Banking,4,2465.93,0.1,9863.72,8877.35,0,2223.56,2025,7,July,Tuesday,9863.72,8877.348
2025-07-01,ORD043889,CUST00398,P014,Keyboard,Electronics,Kolkata,Store,Credit Card,2,2396.88,0.1,4793.76,4314.38,0,542.8,2025,7,July,Tuesday,4793.76,4314.384
2025-07-01,ORD001519,CUST03449,P001,Laptop,Electronics,Surat,Online,UPI,1,58769.74,0.1,58769.74,52892.77,0,7217.97,2025,7,July,Tuesday,58769.74,52892.765999999996
2025-07-01,ORD041185,CUST01378,P014,Keyboard,Electronics,Delhi,Online,UPI,1,2680.99,0.1,2680.99,2412.89,0,653.31,2025,7,July,Tuesday,2680.99,2412.891
2025-07-01,ORD023503,CUST02832,P003,Headphones,Electronics,Delhi,Store,UPI,2,4088.25,0.0,8176.5,8176.5,0,1657.62,2025,7,July,Tuesday,8176.5,8176.5
2025-07-01,ORD024271,CUST03413,P014,Keyboard,Electronics,Delhi,Store,Debit Card,1,2560.47,0.05,2560.47,2432.45,0,660.66,2025,7,July,Tuesday,2560.47,2432.4464999999996
2025-07-01,ORD002229,CUST04121,P005,Office Chair,Furniture,Bengaluru,Online,Debit Card,1,9277.17,0.05,9277.17,8813.31,0,648.74,2025,7,July,Tuesday,9277.17,8813.3115
2025-07-01,ORD022590,CUST04393,P016,Sofa,Furniture,Bengaluru,Store,Debit Card,1,38058.93,0.1,38058.93,34253.04,0,4361.55,2025,7,July,Tuesday,38058.93,34253.037000000004
2025-07-01,ORD047622,CUST00939,P011,Mixer Grinder,Home,Delhi,Online,Net Banking,4,4630.44,0.25,18521.76,13891.32,0,2020.48,2025,7,July,Tuesday,18521.76,13891.32
2025-07-01,ORD046869,CUST04668,P009,T-Shirt,Fashion,Bengaluru,Online,Cash,1,1286.89,0.0,1286.89,1286.89,0,323.39,2025,7,July,Tuesday,1286.89,1286.89
2025-07-01,ORD036129,CUST00913,P005,Office Chair,Furniture,Hyderabad,Online,Debit Card,2,8939.42,0.05,17878.84,16984.9,0,2570.28,2025,7,July,Tuesday,17878.84,16984.898
2025-07-01,ORD027981,CUST00437,P010,Coffee Maker,Home,Delhi,Online,Net Banking,3,5888.91,0.1,17666.73,15900.06,0,4451.56,2025,7,July,Tuesday,17666.73,15900.057
2025-07-01,ORD026882,CUST01410,P011,Mixer Grinder,Home,Mumbai,Store,UPI,3,4363.59,0.1,13090.77,11781.69,0,2647.87,2025,7,July,Tuesday,13090.77,11781.693000000001
2025-07-01,ORD041554,CUST00681,P005,Office Chair,Furniture,Surat,Online,UPI,2,10223.48,0.2,20446.96,16357.57,0,3587.71,2025,7,July,Tuesday,20446.96,16357.568
2025-07-01,ORD022830,CUST02426,P017,Jeans,Fashion,Chennai,Store,Cash,2,2771.45,0.15,5542.9,4711.46,0,1078.95,2025,7,July,Tuesday,5542.9,4711.464999999999
2025-07-01,ORD025121,CUST00719,P007,Backpack,Accessories,Kolkata,Online,UPI,1,2201.8,0.1,2201.8,1981.62,1,-99.08,2025,7,July,Tuesday,2201.8,1981.6200000000001
2025-07-01,ORD017536,CUST04068,P003,Headphones,Electronics,Kolkata,Store,Credit Card,3,4931.79,0.2,14795.37,11836.3,0,2517.78,2025,7,July,Tuesday,14795.369999999999,11836.296000000002
2025-07-01,ORD024959,CUST04445,P011,Mixer Grinder,Home,Ahmedabad,Online,UPI,2,4412.85,0.0,8825.7,8825.7,0,2244.46,2025,7,July,Tuesday,8825.7,8825.7
2025-07-01,ORD033459,CUST02157,P010,Coffee Maker,Home,Surat,Store,UPI,1,5283.34,0.1,5283.34,4755.01,0,1258.94,2025,7,July,Tuesday,5283.34,4755.006
2025-07-01,ORD003569,CUST04966,P016,Sofa,Furniture,Kolkata,Store,Debit Card,1,34673.37,0.15,34673.37,29472.36,0,5980.43,2025,7,July,Tuesday,34673.37,29472.3645
2025-07-01,ORD003340,CUST01263,P003,Headphones,Electronics,Pune,Store,Debit Card,1,4050.35,0.0,4050.35,4050.35,0,604.69,2025,7,July,Tuesday,4050.35,4050.35
2025-07-01,ORD015130,CUST00286,P012,Air Fryer,Home,Pune,Online,UPI,1,6615.99,0.2,6615.99,5292.79,0,1306.48,2025,7,July,Tuesday,6615.99,5292.792
2025-07-01,ORD007582,CUST01492,P005,Office Chair,Furniture,Mumbai,Store,Credit Card,2,9606.83,0.05,19213.66,18252.98,0,1817.6,2025,7,July,Tuesday,19213.66,18252.977
2025-07-01,ORD019438,CUST02573,P002,Smartphone,Electronics,Delhi,Online,UPI,5,28969.14,0.05,144845.7,137603.42,0,35251.34,2025,7,July,Tuesday,144845.7,137603.415
2025-07-01,ORD037952,CUST00598,P017,Jeans,Fashion,Jaipur,Online,Credit Card,2,2908.85,0.15,5817.7,4945.04,0,548.19,2025,7,July,Tuesday,5817.7,4945.045
2025-07-01,ORD007003,CUST03150,P020,Microwave,Home,Mumbai,Online,Credit Card,1,10426.7,0.25,10426.7,7820.02,0,1042.7,2025,7,July,Tuesday,10426.7,7820.025000000001
2025-07-01,ORD000090,CUST01309,P016,Sofa,Furniture,Bengaluru,Store,Debit Card,1,36651.33,0.1,36651.33,32986.2,0,2870.16,2025,7,July,Tuesday,36651.33,32986.197
2025-07-01,ORD012747,CUST00527,P016,Sofa,Furniture,Hyderabad,Online,Credit Card,2,35849.91,0.2,71699.82,57359.86,0,5466.57,2025,7,July,Tuesday,71699.82,57359.85600000001
2025-07-01,ORD014777,CUST00048,P017,Jeans,Fashion,Jaipur,Store,Cash,3,2824.86,0.0,8474.58,8474.58,1,-423.73,2025,7,July,Tuesday,8474.58,8474.58
2025-07-01,ORD008899,CUST04211,P005,Office Chair,Furniture,Surat,Online,Debit Card,1,8892.53,0.0,8892.53,8892.53,0,2119.21,2025,7,July,Tuesday,8892.53,8892.53
2025-07-01,ORD012596,CUST01885,P019,Vacuum Cleaner,Home,Hyderabad,Online,Credit Card,2,9549.59,0.1,19099.18,17189.26,0,2533.92,2025,7,July,Tuesday,19099.18,17189.262000000002
2025-07-01,ORD003084,CUST02378,P007,Backpack,Accessories,Kolkata,Store,Debit Card,1,2132.31,0.1,2132.31,1919.08,0,425.64,2025,7,July,Tuesday,2132.31,1919.079
2025-07-01,ORD003993,CUST03251,P020,Microwave,Home,Pune,Store,Debit Card,1,10542.07,0.15,10542.07,8960.76,0,2389.6,2025,7,July,Tuesday,10542.07,8960.7595
2025-07-01,ORD049780,CUST03564,P010,Coffee Maker,Home,Mumbai,Store,Debit Card,2,5376.26,0.0,10752.52,10752.52,0,1873.59,2025,7,July,Tuesday,10752.52,10752.52
2025-07-01,ORD045793,CUST03703,P004,Smartwatch,Electronics,Bengaluru,Store,Credit Card,1,7262.81,0.05,7262.81,6899.67,0,1258.68,2025,7,July,Tuesday,7262.81,6899.6695
2025-07-01,ORD016057,CUST00935,P017,Jeans,Fashion,Chennai,Store,Net Banking,2,2814.72,0.1,5629.44,5066.5,0,455.06,2025,7,July,Tuesday,5629.44,5066.496
2025-07-01,ORD042441,CUST04356,P008,Running Shoes,Fashion,Delhi,Online,Net Banking,1,4584.05,0.25,4584.05,3438.04,0,493.81,2025,7,July,Tuesday,4584.05,3438.0375000000004
2025-07-01,ORD019199,CUST03188,P015,Dining Table,Furniture,Surat,Online,UPI,3,22084.15,0.0,66252.45,66252.45,0,6615.85,2025,7,July,Tuesday,66252.45000000001,66252.45
2025-07-01,ORD027333,CUST03706,P013,Monitor,Electronics,Surat,Store,Debit Card,1,17348.13,0.2,17348.13,13878.5,0,2823.57,2025,7,July,Tuesday,17348.13,13878.504
2025-07-01,ORD013427,CUST02844,P007,Backpack,Accessories,Surat,Store,Net Banking,3,2043.9,0.05,6131.7,5825.12,0,1397.74,2025,7,July,Tuesday,6131.700000000001,5825.115
2025-07-01,ORD044588,CUST03261,P019,Vacuum Cleaner,Home,Hyderabad,Online,UPI,2,8686.9,0.1,17373.8,15636.42,0,4231.08,2025,7,July,Tuesday,17373.8,15636.42
2025-07-01,ORD038651,CUST00795,P009,T-Shirt,Fashion,Bengaluru,Store,Debit Card,2,1246.62,0.0,2493.24,2493.24,0,641.82,2025,7,July,Tuesday,2493.24,2493.24
2025-07-01,ORD007330,CUST02442,P017,Jeans,Fashion,Kolkata,Online,UPI,1,2534.9,0.15,2534.9,2154.66,0,214.56,2025,7,July,Tuesday,2534.9,2154.665
2025-07-01,ORD021284,CUST01316,P011,Mixer Grinder,Home,Jaipur,Online,Debit Card,1,5177.63,0.1,5177.63,4659.87,0,848.25,2025,7,July,Tuesday,5177.63,4659.867
2025-07-01,ORD025854,CUST04609,P002,Smartphone,Electronics,Kolkata,Online,Debit Card,2,26919.48,0.05,53838.96,51147.01,0,5083.3,2025,7,July,Tuesday,53838.96,51147.011999999995
2025-07-01,ORD025723,CUST04157,P004,Smartwatch,Electronics,Kolkata,Store,Credit Card,1,7536.13,0.1,7536.13,6782.52,0,1361.12,2025,7,July,Tuesday,7536.13,6782.517
2025-07-01,ORD018840,CUST03238,P020,Microwave,Home,Mumbai,Online,UPI,1,9924.25,0.15,9924.25,8435.61,0,839.44,2025,7,July,Tuesday,9924.25,8435.6125
2025-07-01,ORD028104,CUST02270,P013,Monitor,Electronics,Surat,Online,UPI,1,16768.05,0.0,16768.05,16768.05,0,3525.51,2025,7,July,Tuesday,16768.05,16768.05
2025-07-01,ORD034427,CUST04460,P013,Monitor,Electronics,Ahmedabad,Store,Credit Card,2,19346.67,0.05,38693.34,36758.67,0,7963.26,2025,7,July,Tuesday,38693.34,36758.672999999995
2025-07-01,ORD006523,CUST01637,P017,Jeans,Fashion,Jaipur,Online,UPI,1,3040.18,0.15,3040.18,2584.15,0,499.15,2025,7,July,Tuesday,3040.18,2584.153
2025-07-01,ORD016542,CUST00220,P020,Microwave,Home,Ahmedabad,Store,Debit Card,2,11262.37,0.1,22524.74,20272.27,0,5247.74,2025,7,July,Tuesday,22524.74,20272.266000000003
2025-07-01,ORD023839,CUST01796,P012,Air Fryer,Home,Pune,Store,Debit Card,1,6819.54,0.15,6819.54,5796.61,0,1494.31,2025,7,July,Tuesday,6819.54,5796.6089999999995
2025-07-01,ORD018548,CUST02074,P019,Vacuum Cleaner,Home,Delhi,Store,Credit Card,1,8635.69,0.05,8635.69,8203.91,0,1287.78,2025,7,July,Tuesday,8635.69,8203.9055
2025-07-01,ORD048703,CUST00419,P005,Office Chair,Furniture,Surat,Online,Debit Card,1,10333.27,0.05,10333.27,9816.61,0,792.65,2025,7,July,Tuesday,10333.27,9816.6065
2025-07-01,ORD029971,CUST02308,P015,Dining Table,Furniture,Jaipur,Online,Credit Card,2,20714.2,0.0,41428.4,41428.4,0,4254.37,2025,7,July,Tuesday,41428.4,41428.4
2025-07-01,ORD010004,CUST01624,P012,Air Fryer,Home,Delhi,Online,Debit Card,1,6590.71,0.05,6590.71,6261.17,0,1308.47,2025,7,July,Tuesday,6590.71,6261.1745
2025-07-01,ORD001047,CUST02888,P009,T-Shirt,Fashion,Surat,Online,Credit Card,3,1211.46,0.15,3634.38,3089.22,0,216.35,2025,7,July,Tuesday,3634.38,3089.223
2025-07-01,ORD016735,CUST04804,P020,Microwave,Home,Surat,Online,Debit Card,1,9916.91,0.1,9916.91,8925.22,0,1833.89,2025,7,July,Tuesday,9916.91,8925.219000000001
2025-07-01,ORD035710,CUST01857,P005,Office Chair,Furniture,Jaipur,Online,Net Banking,1,10167.72,0.0,10167.72,10167.72,0,915.37,2025,7,July,Tuesday,10167.72,10167.72
2025-07-01,ORD015050,CUST03134,P020,Microwave,Home,Delhi,Online,Credit Card,1,10395.73,0.0,10395.73,10395.73,0,2447.09,2025,7,July,Tuesday,10395.73,10395.73
2025-07-01,ORD026681,CUST03590,P005,Office Chair,Furniture,Bengaluru,Online,Credit Card,3,8743.33,0.0,26229.99,26229.99,0,2546.64,2025,7,July,Tuesday,26229.989999999998,26229.99
2025-07-02,ORD047360,CUST04538,P009,T-Shirt,Fashion,Hyderabad,Store,Debit Card,1,1192.76,0.0,1192.76,1192.76,0,303.27,2025,7,July,Wednesday,1192.76,1192.76
2025-07-02,ORD005952,CUST01933,P010,Coffee Maker,Home,Surat,Online,Debit Card,1,5121.67,0.1,5121.67,4609.5,0,850.85,2025,7,July,Wednesday,5121.67,4609.503000000001
2025-07-02,ORD044511,CUST01963,P006,Desk,Furniture,Mumbai,Online,Debit Card,2,12203.89,0.0,24407.78,24407.78,1,-1220.39,2025,7,July,Wednesday,24407.78,24407.78
2025-07-02,ORD001432,CUST00798,P016,Sofa,Furniture,Jaipur,Store,Credit Card,2,35966.77,0.15,71933.54,61143.51,0,6143.13,2025,7,July,Wednesday,71933.54,61143.50899999999
2025-07-02,ORD008507,CUST00127,P008,Running Shoes,Fashion,Mumbai,Online,UPI,2,3968.56,0.15,7937.12,6746.55,0,449.04,2025,7,July,Wednesday,7937.12,6746.552
2025-07-02,ORD032390,CUST00363,P018,Jacket,Fashion,Surat,Online,Credit Card,4,4968.4,0.0,19873.6,19873.6,0,2400.31,2025,7,July,Wednesday,19873.6,19873.6
2025-07-02,ORD002921,CUST01197,P011,Mixer Grinder,Home,Pune,Online,UPI,2,4511.98,0.05,9023.96,8572.76,0,2339.28,2025,7,July,Wednesday,9023.96,8572.761999999999
2025-07-02,ORD020230,CUST00730,P008,Running Shoes,Fashion,Jaipur,Store,Net Banking,1,3824.62,0.1,3824.62,3442.16,0,572.36,2025,7,July,Wednesday,3824.62,3442.158
2025-07-02,ORD046270,CUST00159,P018,Jacket,Fashion,Ahmedabad,Online,Credit Card,1,5602.14,0.0,5602.14,5602.14,0,1183.03,2025,7,July,Wednesday,5602.14,5602.14
2025-07-02,ORD022584,CUST01057,P007,Backpack,Accessories,Chennai,Store,Debit Card,1,2322.83,0.2,2322.83,1858.26,0,322.45,2025,7,July,Wednesday,2322.83,1858.2640000000001
2025-07-02,ORD023455,CUST02407,P012,Air Fryer,Home,Bengaluru,Store,Net Banking,1,6882.57,0.1,6882.57,6194.31,0,1112.74,2025,7,July,Wednesday,6882.57,6194.313
2025-07-02,ORD015307,CUST02100,P012,Air Fryer,Home,Delhi,Online,UPI,2,7414.03,0.25,14828.06,11121.04,1,-556.05,2025,7,July,Wednesday,14828.06,11121.045
2025-07-02,ORD017864,CUST03887,P011,Mixer Grinder,Home,Chennai,Store,Debit Card,1,5147.79,0.1,5147.79,4633.01,0,635.35,2025,7,July,Wednesday,5147.79,4633.011
2025-07-02,ORD015320,CUST04429,P004,Smartwatch,Electronics,Delhi,Store,UPI,1,7072.02,0.05,7072.02,6718.42,0,1846.17,2025,7,July,Wednesday,7072.02,6718.419
2025-07-02,ORD039392,CUST01699,P013,Monitor,Electronics,Hyderabad,Store,Credit Card,1,17774.15,0.1,17774.15,15996.74,0,3998.5,2025,7,July,Wednesday,17774.15,15996.735000000002
2025-07-02,ORD030626,CUST04793,P008,Running Shoes,Fashion,Kolkata,Store,UPI,1,3873.48,0.1,3873.48,3486.13,0,222.39,2025,7,July,Wednesday,3873.48,3486.132
2025-07-02,ORD014883,CUST03668,P009,T-Shirt,Fashion,Surat,Online,Credit Card,1,1304.32,0.05,1304.32,1239.1,0,149.09,2025,7,July,Wednesday,1304.32,1239.1039999999998
2025-07-02,ORD027092,CUST04487,P001,Laptop,Electronics,Surat,Online,Credit Card,1,64850.52,0.1,64850.52,58365.47,0,11163.91,2025,7,July,Wednesday,64850.52,58365.468
2025-07-02,ORD013694,CUST02922,P008,Running Shoes,Fashion,Ahmedabad,Online,Credit Card,1,4549.54,0.0,4549.54,4549.54,0,495.84,2025,7,July,Wednesday,4549.54,4549.54
2025-07-02,ORD043561,CUST02515,P008,Running Shoes,Fashion,Mumbai,Online,UPI,2,4594.66,0.1,9189.32,8270.39,0,1230.27,2025,7,July,Wednesday,9189.32,8270.388
2025-07-02,ORD033339,CUST04389,P007,Backpack,Accessories,Pune,Online,Net Banking,2,2131.21,0.2,4262.42,3409.94,0,326.45,2025,7,July,Wednesday,4262.42,3409.936
2025-07-02,ORD038183,CUST03222,P011,Mixer Grinder,Home,Bengaluru,Online,Cash,1,4661.32,0.2,4661.32,3729.06,0,879.86,2025,7,July,Wednesday,4661.32,3729.056
2025-07-02,ORD001185,CUST04528,P011,Mixer Grinder,Home,Mumbai,Store,UPI,2,5239.4,0.05,10478.8,9954.86,0,2795.12,2025,7,July,Wednesday,10478.8,9954.859999999999
2025-07-02,ORD001593,CUST04620,P009,T-Shirt,Fashion,Pune,Online,UPI,1,1311.92,0.1,1311.92,1180.73,0,119.24,2025,7,July,Wednesday,1311.92,1180.728
2025-07-02,ORD006495,CUST01320,P007,Backpack,Accessories,Pune,Online,Debit Card,1,2085.31,0.1,2085.31,1876.78,0,305.49,2025,7,July,Wednesday,2085.31,1876.779
2025-07-02,ORD001979,CUST03304,P016,Sofa,Furniture,Delhi,Online,Credit Card,1,36911.22,0.15,36911.22,31374.54,0,4514.97,2025,7,July,Wednesday,36911.22,31374.537
2025-07-02,ORD010737,CUST01363,P018,Jacket,Fashion,Hyderabad,Online,Credit Card,1,4962.67,0.0,4962.67,4962.67,0,509.52,2025,7,July,Wednesday,4962.67,4962.67
2025-07-02,ORD037656,CUST04825,P015,Dining Table,Furniture,Delhi,Online,UPI,1,22142.89,0.0,22142.89,22142.89,0,4406.12,2025,7,July,Wednesday,22142.89,22142.89
2025-07-02,ORD048672,CUST01176,P007,Backpack,Accessories,Kolkata,Store,UPI,1,2011.25,0.2,2011.25,1609.0,0,149.72,2025,7,July,Wednesday,2011.25,1609.0
2025-07-02,ORD016525,CUST02958,P017,Jeans,Fashion,Jaipur,Store,Credit Card,3,2595.8,0.0,7787.4,7787.4,0,2044.98,2025,7,July,Wednesday,7787.400000000001,7787.4
2025-07-02,ORD022387,CUST00341,P006,Desk,Furniture,Mumbai,Online,Debit Card,1,12995.0,0.0,12995.0,12995.0,0,2154.26,2025,7,July,Wednesday,12995.0,12995.0
2025-07-02,ORD047264,CUST00010,P012,Air Fryer,Home,Delhi,Online,UPI,1,7671.66,0.05,7671.66,7288.08,0,691.67,2025,7,July,Wednesday,7671.66,7288.076999999999
2025-07-02,ORD027513,CUST00726,P017,Jeans,Fashion,Ahmedabad,Online,UPI,3,2718.05,0.1,8154.15,7338.74,0,1043.65,2025,7,July,Wednesday,8154.150000000001,7338.735
2025-07-02,ORD009055,CUST04799,P020,Microwave,Home,Chennai,Store,Credit Card,2,10169.08,0.1,20338.16,18304.34,0,3465.81,2025,7,July,Wednesday,20338.16,18304.344
2025-07-02,ORD014036,CUST00130,P016,Sofa,Furniture,Surat,Store,Cash,1,33746.4,0.0,33746.4,33746.4,0,5083.44,2025,7,July,Wednesday,33746.4,33746.4
2025-07-02,ORD049102,CUST01857,P018,Jacket,Fashion,Bengaluru,Store,UPI,1,4805.72,0.1,4805.72,4325.15,0,354.9,2025,7,July,Wednesday,4805.72,4325.148
2025-07-02,ORD017301,CUST03245,P001,Laptop,Electronics,Pune,Online,UPI,1,66555.71,0.05,66555.71,63227.92,0,16683.9,2025,7,July,Wednesday,66555.71,63227.9245
2025-07-02,ORD017897,CUST03053,P006,Desk,Furniture,Bengaluru,Online,UPI,1,12194.22,0.1,12194.22,10974.8,0,1984.28,2025,7,July,Wednesday,12194.22,10974.797999999999
2025-07-02,ORD032335,CUST03727,P012,Air Fryer,Home,Pune,Online,Net Banking,2,7660.55,0.1,15321.1,13788.99,0,2697.98,2025,7,July,Wednesday,15321.1,13788.99
2025-07-02,ORD021684,CUST04382,P019,Vacuum Cleaner,Home,Hyderabad,Online,UPI,3,9101.18,0.1,27303.54,24573.19,0,6154.32,2025,7,July,Wednesday,27303.54,24573.186
2025-07-02,ORD016104,CUST00531,P013,Monitor,Electronics,Kolkata,Store,Net Banking,1,16493.48,0.2,16493.48,13194.78,0,1962.77,2025,7,July,Wednesday,16493.48,13194.784
2025-07-02,ORD029804,CUST02945,P002,Smartphone,Electronics,Delhi,Online,Debit Card,4,27064.62,0.1,108258.48,97432.63,0,9135.16,2025,7,July,Wednesday,108258.48,97432.632
2025-07-02,ORD042332,CUST03293,P020,Microwave,Home,Pune,Online,Net Banking,2,10844.23,0.1,21688.46,19519.61,0,1607.44,2025,7,July,Wednesday,21688.46,19519.614
2025-07-02,ORD012112,CUST03752,P007,Backpack,Accessories,Delhi,Online,Credit Card,1,2386.89,0.0,2386.89,2386.89,0,435.69,2025,7,July,Wednesday,2386.89,2386.89
2025-07-02,ORD004151,CUST03100,P004,Smartwatch,Electronics,Jaipur,Online,UPI,1,7024.82,0.1,7024.82,6322.34,0,1189.5,2025,7,July,Wednesday,7024.82,6322.338
2025-07-02,ORD033872,CUST03056,P014,Keyboard,Electronics,Ahmedabad,Online,Credit Card,2,2323.2,0.2,4646.4,3717.12,0,603.55,2025,7,July,Wednesday,4646.4,3717.12
2025-07-02,ORD036339,CUST00206,P003,Headphones,Electronics,Ahmedabad,Store,UPI,1,4709.84,0.25,4709.84,3532.38,0,306.96,2025,7,July,Wednesday,4709.84,3532.38
2025-07-02,ORD046998,CUST02606,P013,Monitor,Electronics,Jaipur,Store,Credit Card,2,18225.85,0.15,36451.7,30983.94,0,2259.0,2025,7,July,Wednesday,36451.7,30983.944999999996
2025-07-02,ORD002657,CUST04467,P012,Air Fryer,Home,Jaipur,Online,Debit Card,3,7671.9,0.2,23015.7,18412.56,0,3044.34,2025,7,July,Wednesday,23015.699999999997,18412.56
2025-07-02,ORD020295,CUST04959,P019,Vacuum Cleaner,Home,Bengaluru,Online,UPI,1,8192.5,0.05,8192.5,7782.88,0,1240.89,2025,7,July,Wednesday,8192.5,7782.875
2025-07-02,ORD046322,CUST04729,P019,Vacuum Cleaner,Home,Kolkata,Online,UPI,2,8670.58,0.05,17341.16,16474.1,0,3549.7,2025,7,July,Wednesday,17341.16,16474.102
2025-07-02,ORD046704,CUST00112,P011,Mixer Grinder,Home,Surat,Online,UPI,1,4907.62,0.1,4907.62,4416.86,0,269.69,2025,7,July,Wednesday,4907.62,4416.858
2025-07-02,ORD041892,CUST03379,P015,Dining Table,Furniture,Kolkata,Online,UPI,2,23589.35,0.25,47178.7,35384.02,0,5591.03,2025,7,July,Wednesday,47178.7,35384.024999999994
2025-07-02,ORD022227,CUST02072,P013,Monitor,Electronics,Bengaluru,Online,UPI,2,16832.99,0.1,33665.98,30299.38,0,4441.25,2025,7,July,Wednesday,33665.98,30299.382000000005
2025-07-02,ORD035504,CUST03511,P020,Microwave,Home,Bengaluru,Store,Net Banking,5,11030.85,0.15,55154.25,46881.11,0,4210.1,2025,7,July,Wednesday,55154.25,46881.112499999996
2025-07-02,ORD017419,CUST02357,P010,Coffee Maker,Home,Jaipur,Store,Cash,1,5042.51,0.1,5042.51,4538.26,0,664.58,2025,7,July,Wednesday,5042.51,4538.259
2025-07-02,ORD027528,CUST04860,P014,Keyboard,Electronics,Bengaluru,Online,UPI,1,2453.11,0.05,2453.11,2330.45,0,407.57,2025,7,July,Wednesday,2453.11,2330.4545
2025-07-02,ORD004752,CUST04234,P002,Smartphone,Electronics,Jaipur,Online,UPI,1,29264.61,0.05,29264.61,27801.38,0,3070.24,2025,7,July,Wednesday,29264.61,27801.3795
2025-07-02,ORD046422,CUST02654,P016,Sofa,Furniture,Kolkata,Store,UPI,4,35535.03,0.25,142140.12,106605.09,0,26224.83,2025,7,July,Wednesday,142140.12,106605.09
2025-07-02,ORD043716,CUST01672,P020,Microwave,Home,Delhi,Online,Credit Card,1,10119.11,0.15,10119.11,8601.24,0,1560.73,2025,7,July,Wednesday,10119.11,8601.2435
2025-07-02,ORD024051,CUST01687,P015,Dining Table,Furniture,Ahmedabad,Online,Cash,2,21938.17,0.05,43876.34,41682.52,0,9616.91,2025,7,July,Wednesday,43876.34,41682.522999999994
2025-07-02,ORD005366,CUST01539,P001,Laptop,Electronics,Chennai,Store,UPI,1,69911.96,0.15,69911.96,59425.17,0,8916.42,2025,7,July,Wednesday,69911.96,59425.166000000005
2025-07-02,ORD016673,CUST03395,P005,Office Chair,Furniture,Surat,Online,UPI,1,10291.79,0.1,10291.79,9262.61,0,1220.98,2025,7,July,Wednesday,10291.79,9262.611
2025-07-02,ORD012177,CUST03569,P008,Running Shoes,Fashion,Mumbai,Online,UPI,1,4144.88,0.2,4144.88,3315.9,0,323.52,2025,7,July,Wednesday,4144.88,3315.9040000000005
2025-07-02,ORD037506,CUST02740,P017,Jeans,Fashion,Ahmedabad,Store,Debit Card,5,2789.16,0.0,13945.8,13945.8,0,1737.25,2025,7,July,Wednesday,13945.8,13945.8
2025-07-02,ORD047998,CUST00282,P007,Backpack,Accessories,Hyderabad,Online,Credit Card,1,2066.64,0.05,2066.64,1963.31,0,174.74,2025,7,July,Wednesday,2066.64,1963.3079999999998
2025-07-02,ORD031334,CUST01781,P006,Desk,Furniture,Jaipur,Store,Credit Card,2,12425.45,0.1,24850.9,22365.81,0,4408.4,2025,7,July,Wednesday,24850.9,22365.81
2025-07-03,ORD005321,CUST00199,P007,Backpack,Accessories,Surat,Online,Debit Card,4,2313.22,0.0,9252.88,9252.88,0,1394.82,2025,7,July,Thursday,9252.88,9252.88
2025-07-03,ORD011409,CUST01370,P002,Smartphone,Electronics,Pune,Online,UPI,5,25567.07,0.05,127835.35,121443.58,1,-6072.18,2025,7,July,Thursday,127835.35,121443.5825
2025-07-03,ORD029788,CUST02827,P010,Coffee Maker,Home,Jaipur,Online,Cash,5,5084.98,0.1,25424.9,22882.41,0,3238.31,2025,7,July,Thursday,25424.899999999998,22882.410000000003
2025-07-03,ORD026140,CUST04660,P019,Vacuum Cleaner,Home,Jaipur,Store,Net Banking,5,8486.79,0.1,42433.95,38190.56,0,8149.84,2025,7,July,Thursday,42433.950000000004,38190.555
2025-07-03,ORD043549,CUST03858,P019,Vacuum Cleaner,Home,Hyderabad,Online,Credit Card,2,8527.71,0.0,17055.42,17055.42,0,3428.04,2025,7,July,Thursday,17055.42,17055.42
2025-07-03,ORD049137,CUST00677,P013,Monitor,Electronics,Chennai,Online,Debit Card,1,17609.46,0.0,17609.46,17609.46,0,4488.65,2025,7,July,Thursday,17609.46,17609.46
2025-07-03,ORD031948,CUST01389,P012,Air Fryer,Home,Kolkata,Online,UPI,1,6630.39,0.25,6630.39,4972.79,0,742.4,2025,7,July,Thursday,6630.39,4972.7925000000005
2025-07-03,ORD024733,CUST00746,P006,Desk,Furniture,Kolkata,Store,UPI,1,11914.44,0.1,11914.44,10723.0,0,1258.61,2025,7,July,Thursday,11914.44,10722.996000000001
2025-07-03,ORD011170,CUST02643,P005,Office Chair,Furniture,Bengaluru,Online,Cash,2,9134.07,0.0,18268.14,18268.14,0,3771.04,2025,7,July,Thursday,18268.14,18268.14
2025-07-03,ORD013226,CUST03198,P010,Coffee Maker,Home,Pune,Online,UPI,2,5468.92,0.1,10937.84,9844.06,0,832.7,2025,7,July,Thursday,10937.84,9844.056
2025-07-03,ORD029677,CUST00376,P016,Sofa,Furniture,Kolkata,Store,Debit Card,1,36580.99,0.15,36580.99,31093.84,0,2557.25,2025,7,July,Thursday,36580.99,31093.8415
2025-07-03,ORD009075,CUST02148,P018,Jacket,Fashion,Hyderabad,Online,UPI,3,5346.18,0.1,16038.54,14434.69,0,1619.46,2025,7,July,Thursday,16038.54,14434.686000000002
2025-07-03,ORD039066,CUST03617,P018,Jacket,Fashion,Delhi,Store,UPI,1,5672.7,0.1,5672.7,5105.43,0,1057.53,2025,7,July,Thursday,5672.7,5105.43
2025-07-03,ORD020477,CUST04682,P013,Monitor,Electronics,Bengaluru,Store,UPI,2,19655.62,0.0,39311.24,39311.24,0,10496.58,2025,7,July,Thursday,39311.24,39311.24
2025-07-03,ORD032086,CUST04367,P004,Smartwatch,Electronics,Bengaluru,Online,Cash,2,6750.13,0.0,13500.26,13500.26,0,3904.96,2025,7,July,Thursday,13500.26,13500.26
2025-07-03,ORD025944,CUST03102,P012,Air Fryer,Home,Bengaluru,Online,Debit Card,1,7715.64,0.0,7715.64,7715.64,0,2127.92,2025,7,July,Thursday,7715.64,7715.64
2025-07-03,ORD010219,CUST00521,P009,T-Shirt,Fashion,Bengaluru,Online,Credit Card,1,1088.4,0.15,1088.4,925.14,0,65.32,2025,7,July,Thursday,1088.4,925.1400000000001
2025-07-03,ORD024181,CUST01412,P005,Office Chair,Furniture,Jaipur,Store,Credit Card,1,9081.68,0.25,9081.68,6811.26,0,952.18,2025,7,July,Thursday,9081.68,6811.26
2025-07-03,ORD018342,CUST03959,P001,Laptop,Electronics,Delhi,Online,Net Banking,4,59346.6,0.1,237386.4,213647.76,0,36276.82,2025,7,July,Thursday,237386.4,213647.76
2025-07-03,ORD019843,CUST03372,P015,Dining Table,Furniture,Surat,Online,UPI,1,22828.46,0.25,22828.46,17121.34,0,3531.61,2025,7,July,Thursday,22828.46,17121.345
2025-07-03,ORD008796,CUST04849,P014,Keyboard,Electronics,Bengaluru,Store,UPI,5,2576.34,0.1,12881.7,11593.53,0,2030.14,2025,7,July,Thursday,12881.7,11593.53
2025-07-03,ORD013563,CUST04772,P016,Sofa,Furniture,Ahmedabad,Online,UPI,4,36974.25,0.0,147897.0,147897.0,0,30402.27,2025,7,July,Thursday,147897.0,147897.0
2025-07-03,ORD002856,CUST02748,P016,Sofa,Furniture,Mumbai,Store,UPI,2,33942.6,0.2,67885.2,54308.16,0,9573.93,2025,7,July,Thursday,67885.2,54308.16
2025-07-03,ORD045639,CUST03293,P016,Sofa,Furniture,Ahmedabad,Online,Credit Card,1,37652.31,0.0,37652.31,37652.31,0,6858.07,2025,7,July,Thursday,37652.31,37652.31
2025-07-03,ORD026555,CUST01103,P012,Air Fryer,Home,Chennai,Store,UPI,1,7252.18,0.1,7252.18,6526.96,0,1593.69,2025,7,July,Thursday,7252.18,6526.962
2025-07-03,ORD027527,CUST03925,P005,Office Chair,Furniture,Chennai,Online,UPI,2,9502.31,0.1,19004.62,17104.16,0,4780.8,2025,7,July,Thursday,19004.62,17104.158
2025-07-03,ORD026695,CUST00591,P008,Running Shoes,Fashion,Surat,Store,UPI,3,4545.72,0.15,13637.16,11591.59,0,1416.89,2025,7,July,Thursday,13637.16,11591.586
2025-07-03,ORD017936,CUST00951,P003,Headphones,Electronics,Jaipur,Online,UPI,1,4417.95,0.1,4417.95,3976.16,0,1102.9,2025,7,July,Thursday,4417.95,3976.1549999999997
2025-07-03,ORD011532,CUST04078,P014,Keyboard,Electronics,Pune,Online,Credit Card,2,2401.87,0.1,4803.74,4323.37,0,1180.71,2025,7,July,Thursday,4803.74,4323.366
2025-07-03,ORD019762,CUST03041,P013,Monitor,Electronics,Pune,Online,Debit Card,1,17502.41,0.1,17502.41,15752.17,0,2394.3,2025,7,July,Thursday,17502.41,15752.169
2025-07-03,ORD046883,CUST00125,P013,Monitor,Electronics,Hyderabad,Store,Net Banking,1,16377.36,0.0,16377.36,16377.36,0,4589.29,2025,7,July,Thursday,16377.36,16377.36
2025-07-03,ORD043742,CUST03497,P002,Smartphone,Electronics,Hyderabad,Store,UPI,3,29212.78,0.0,87638.34,87638.34,0,17941.52,2025,7,July,Thursday,87638.34,87638.34
2025-07-03,ORD041262,CUST00882,P014,Keyboard,Electronics,Chennai,Online,Net Banking,2,2651.32,0.1,5302.64,4772.38,1,-238.62,2025,7,July,Thursday,5302.64,4772.376
2025-07-03,ORD043515,CUST04656,P019,Vacuum Cleaner,Home,Ahmedabad,Store,Credit Card,1,8729.35,0.05,8729.35,8292.88,0,1659.94,2025,7,July,Thursday,8729.35,8292.8825
2025-07-03,ORD030376,CUST00993,P017,Jeans,Fashion,Surat,Online,Credit Card,1,2559.84,0.15,2559.84,2175.86,0,206.6,2025,7,July,Thursday,2559.84,2175.864
2025-07-03,ORD031185,CUST01182,P012,Air Fryer,Home,Jaipur,Store,Credit Card,1,6743.08,0.0,6743.08,6743.08,0,2019.8,2025,7,July,Thursday,6743.08,6743.08
2025-07-03,ORD001640,CUST00420,P019,Vacuum Cleaner,Home,Mumbai,Online,UPI,1,9175.94,0.05,9175.94,8717.14,0,1853.08,2025,7,July,Thursday,9175.94,8717.143
2025-07-03,ORD014886,CUST00078,P012,Air Fryer,Home,Surat,Online,Net Banking,1,6696.28,0.05,6696.28,6361.47,0,510.56,2025,7,July,Thursday,6696.28,6361.465999999999
2025-07-03,ORD000713,CUST00681,P020,Microwave,Home,Pune,Online,UPI,2,10275.69,0.1,20551.38,18496.24,0,3181.44,2025,7,July,Thursday,20551.38,18496.242000000002
2025-07-03,ORD047107,CUST04427,P013,Monitor,Electronics,Surat,Online,UPI,4,18135.4,0.0,72541.6,72541.6,0,20056.88,2025,7,July,Thursday,72541.6,72541.6
2025-07-03,ORD026896,CUST02142,P013,Monitor,Electronics,Kolkata,Store,UPI,2,18007.07,0.1,36014.14,32412.73,0,3909.6,2025,7,July,Thursday,36014.14,32412.726
2025-07-03,ORD016356,CUST00370,P012,Air Fryer,Home,Pune,Store,Credit Card,2,7611.93,0.0,15223.86,15223.86,0,4275.44,2025,7,July,Thursday,15223.86,15223.86
2025-07-03,ORD021518,CUST00962,P009,T-Shirt,Fashion,Hyderabad,Online,UPI,2,1161.6,0.2,2323.2,1858.56,0,169.74,2025,7,July,Thursday,2323.2,1858.56
2025-07-03,ORD028468,CUST01725,P013,Monitor,Electronics,Hyderabad,Online,UPI,1,17047.95,0.1,17047.95,15343.16,0,1731.86,2025,7,July,Thursday,17047.95,15343.155
2025-07-03,ORD034231,CUST04186,P015,Dining Table,Furniture,Hyderabad,Online,Debit Card,2,19997.69,0.1,39995.38,35995.84,0,4188.02,2025,7,July,Thursday,39995.38,35995.842
2025-07-03,ORD020799,CUST04936,P005,Office Chair,Furniture,Bengaluru,Online,UPI,1,9345.5,0.1,9345.5,8410.95,0,2237.69,2025,7,July,Thursday,9345.5,8410.95
2025-07-03,ORD015548,CUST02942,P017,Jeans,Fashion,Bengaluru,Store,Credit Card,1,3043.28,0.1,3043.28,2738.95,1,-136.95,2025,7,July,Thursday,3043.28,2738.952
2025-07-03,ORD043492,CUST02176,P008,Running Shoes,Fashion,Ahmedabad,Store,Credit Card,1,4161.81,0.1,4161.81,3745.63,0,747.52,2025,7,July,Thursday,4161.81,3745.6290000000004
2025-07-03,ORD013491,CUST04349,P014,Keyboard,Electronics,Surat,Online,Credit Card,2,2334.89,0.2,4669.78,3735.82,0,651.82,2025,7,July,Thursday,4669.78,3735.824
2025-07-03,ORD002793,CUST04168,P016,Sofa,Furniture,Kolkata,Online,UPI,1,38204.0,0.05,38204.0,36293.8,0,2575.18,2025,7,July,Thursday,38204.0,36293.799999999996
2025-07-03,ORD020764,CUST02908,P002,Smartphone,Electronics,Delhi,Online,Credit Card,3,30559.3,0.2,91677.9,73342.32,0,16910.38,2025,7,July,Thursday,91677.9,73342.31999999999
2025-07-03,ORD014090,CUST00455,P013,Monitor,Electronics,Chennai,Online,Credit Card,1,17712.1,0.0,17712.1,17712.1,1,-885.6,2025,7,July,Thursday,17712.1,17712.1
2025-07-03,ORD012293,CUST04034,P015,Dining Table,Furniture,Kolkata,Store,Debit Card,1,22171.47,0.05,22171.47,21062.9,0,5038.09,2025,7,July,Thursday,22171.47,21062.8965
2025-07-03,ORD016181,CUST03944,P017,Jeans,Fashion,Ahmedabad,Online,Cash,1,3077.22,0.0,3077.22,3077.22,0,485.43,2025,7,July,Thursday,3077.22,3077.22
2025-07-03,ORD042163,CUST00843,P006,Desk,Furniture,Chennai,Online,UPI,2,12686.33,0.05,25372.66,24104.03,0,3400.56,2025,7,July,Thursday,25372.66,24104.027
2025-07-03,ORD031889,CUST03803,P004,Smartwatch,Electronics,Pune,Online,Credit Card,1,6676.35,0.05,6676.35,6342.53,0,1391.11,2025,7,July,Thursday,6676.35,6342.5325
2025-07-03,ORD000844,CUST00976,P001,Laptop,Electronics,Pune,Store,Cash,1,68955.4,0.1,68955.4,62059.86,0,9158.3,2025,7,July,Thursday,68955.4,62059.85999999999
2025-07-03,ORD022461,CUST00462,P009,T-Shirt,Fashion,Pune,Online,Net Banking,4,1142.77,0.1,4571.08,4113.97,0,448.19,2025,7,July,Thursday,4571.08,4113.972
2025-07-03,ORD021205,CUST01734,P008,Running Shoes,Fashion,Pune,Online,UPI,1,4515.28,0.1,4515.28,4063.75,0,732.56,2025,7,July,Thursday,4515.28,4063.752
2025-07-03,ORD005710,CUST01219,P006,Desk,Furniture,Surat,Online,Debit Card,1,12633.75,0.0,12633.75,12633.75,0,3171.94,2025,7,July,Thursday,12633.75,12633.75
2025-07-03,ORD020163,CUST00083,P014,Keyboard,Electronics,Pune,Store,UPI,1,2544.41,0.1,2544.41,2289.97,0,244.28,2025,7,July,Thursday,2544.41,2289.969
2025-07-03,ORD021108,CUST01418,P015,Dining Table,Furniture,Ahmedabad,Online,UPI,1,23601.43,0.1,23601.43,21241.29,0,5751.64,2025,7,July,Thursday,23601.43,21241.287
2025-07-03,ORD047687,CUST04004,P004,Smartwatch,Electronics,Hyderabad,Online,Credit Card,2,7419.81,0.1,14839.62,13355.66,0,1718.58,2025,7,July,Thursday,14839.62,13355.658000000001
2025-07-03,ORD048556,CUST02176,P007,Backpack,Accessories,Jaipur,Online,Credit Card,1,2214.53,0.1,2214.53,1993.08,0,462.1,2025,7,July,Thursday,2214.53,1993.0770000000002
2025-07-03,ORD010341,CUST00928,P007,Backpack,Accessories,Jaipur,Store,UPI,1,2246.49,0.05,2246.49,2134.17,0,335.08,2025,7,July,Thursday,2246.49,2134.1654999999996
2025-07-03,ORD008654,CUST04132,P014,Keyboard,Electronics,Pune,Online,Cash,5,2465.35,0.05,12326.75,11710.41,0,862.81,2025,7,July,Thursday,12326.75,11710.412499999999
2025-07-03,ORD045090,CUST04517,P002,Smartphone,Electronics,Hyderabad,Online,Credit Card,2,27633.4,0.1,55266.8,49740.12,0,4317.0,2025,7,July,Thursday,55266.8,49740.12
2025-07-03,ORD028693,CUST00626,P016,Sofa,Furniture,Bengaluru,Store,Cash,5,38393.66,0.2,191968.3,153574.64,0,24458.26,2025,7,July,Thursday,191968.30000000002,153574.63999999998
2025-07-03,ORD000445,CUST00902,P017,Jeans,Fashion,Bengaluru,Store,UPI,2,2698.67,0.0,5397.34,5397.34,0,1509.98,2025,7,July,Thursday,5397.34,5397.34
2025-07-03,ORD044769,CUST04844,P001,Laptop,Electronics,Kolkata,Online,Debit Card,3,63833.29,0.05,191499.87,181924.88,0,19181.44,2025,7,July,Thursday,191499.87,181924.87649999998
2025-07-04,ORD034061,CUST00920,P008,Running Shoes,Fashion,Hyderabad,Store,Debit Card,3,4604.34,0.1,13813.02,12431.72,0,3341.73,2025,7,July,Friday,13813.02,12431.718
2025-07-04,ORD028323,CUST03638,P012,Air Fryer,Home,Pune,Online,UPI,1,7647.4,0.25,7647.4,5735.55,0,678.33,2025,7,July,Friday,7647.4,5735.549999999999
2025-07-04,ORD002312,CUST00626,P019,Vacuum Cleaner,Home,Chennai,Store,Credit Card,1,9492.9,0.2,9492.9,7594.32,0,945.36,2025,7,July,Friday,9492.9,7594.32
2025-07-04,ORD008398,CUST00311,P017,Jeans,Fashion,Jaipur,Store,UPI,2,2703.75,0.0,5407.5,5407.5,0,1367.93,2025,7,July,Friday,5407.5,5407.5
2025-07-04,ORD036020,CUST00716,P019,Vacuum Cleaner,Home,Jaipur,Online,Credit Card,1,8953.6,0.05,8953.6,8505.92,0,768.36,2025,7,July,Friday,8953.6,8505.92
2025-07-04,ORD015517,CUST02883,P006,Desk,Furniture,Surat,Online,Credit Card,1,11320.67,0.0,11320.67,11320.67,0,2420.42,2025,7,July,Friday,11320.67,11320.67
2025-07-04,ORD020919,CUST00963,P004,Smartwatch,Electronics,Delhi,Online,Credit Card,1,7025.25,0.0,7025.25,7025.25,0,1232.1,2025,7,July,Friday,7025.25,7025.25
2025-07-04,ORD045944,CUST03594,P017,Jeans,Fashion,Delhi,Store,Net Banking,1,2859.51,0.1,2859.51,2573.56,0,472.4,2025,7,July,Friday,2859.51,2573.559
2025-07-04,ORD014432,CUST03395,P014,Keyboard,Electronics,Delhi,Store,Credit Card,3,2638.38,0.15,7915.14,6727.87,0,1109.63,2025,7,July,Friday,7915.14,6727.869
2025-07-04,ORD004058,CUST02787,P018,Jacket,Fashion,Pune,Store,UPI,1,4693.19,0.05,4693.19,4458.53,0,478.21,2025,7,July,Friday,4693.19,4458.5305
2025-07-04,ORD040224,CUST03844,P013,Monitor,Electronics,Hyderabad,Online,UPI,1,18577.87,0.2,18577.87,14862.3,0,3594.57,2025,7,July,Friday,18577.87,14862.296
2025-07-04,ORD025056,CUST02840,P011,Mixer Grinder,Home,Hyderabad,Online,Debit Card,4,4805.93,0.0,19223.72,19223.72,0,2153.73,2025,7,July,Friday,19223.72,19223.72
2025-07-04,ORD025172,CUST02905,P007,Backpack,Accessories,Hyderabad,Store,Credit Card,2,2342.26,0.0,4684.52,4684.52,0,1099.11,2025,7,July,Friday,4684.52,4684.52
2025-07-04,ORD009701,CUST04655,P013,Monitor,Electronics,Ahmedabad,Online,UPI,1,16883.57,0.05,16883.57,16039.39,0,1996.65,2025,7,July,Friday,16883.57,16039.3915
2025-07-04,ORD000290,CUST03600,P016,Sofa,Furniture,Kolkata,Store,Credit Card,2,34096.59,0.0,68193.18,68193.18,0,17557.87,2025,7,July,Friday,68193.18,68193.18
2025-07-04,ORD041150,CUST02308,P006,Desk,Furniture,Jaipur,Online,Cash,1,12839.74,0.2,12839.74,10271.79,0,422.56,2025,7,July,Friday,12839.74,10271.792000000001
2025-07-04,ORD024475,CUST02333,P002,Smartphone,Electronics,Pune,Store,UPI,1,27252.92,0.15,27252.92,23164.98,0,1552.51,2025,7,July,Friday,27252.92,23164.981999999996
2025-07-04,ORD002550,CUST03229,P007,Backpack,Accessories,Jaipur,Online,Credit Card,4,2366.15,0.15,9464.6,8044.91,0,851.51,2025,7,July,Friday,9464.6,8044.91
2025-07-04,ORD011731,CUST04133,P004,Smartwatch,Electronics,Pune,Online,UPI,2,7459.59,0.0,14919.18,14919.18,0,1350.09,2025,7,July,Friday,14919.18,14919.18
2025-07-04,ORD039682,CUST02252,P008,Running Shoes,Fashion,Delhi,Store,Credit Card,3,3828.78,0.05,11486.34,10912.02,0,2960.44,2025,7,July,Friday,11486.34,10912.023
2025-07-04,ORD012720,CUST04726,P013,Monitor,Electronics,Mumbai,Online,UPI,4,19080.17,0.05,76320.68,72504.65,0,12991.34,2025,7,July,Friday,76320.68,72504.646
2025-07-04,ORD031881,CUST01021,P019,Vacuum Cleaner,Home,Jaipur,Online,Net Banking,1,9358.01,0.1,9358.01,8422.21,0,1406.89,2025,7,July,Friday,9358.01,8422.209
2025-07-04,ORD028590,CUST04310,P014,Keyboard,Electronics,Ahmedabad,Store,Cash,3,2333.08,0.1,6999.24,6299.32,0,1131.63,2025,7,July,Friday,6999.24,6299.316
2025-07-04,ORD027091,CUST00816,P018,Jacket,Fashion,Pune,Store,Cash,4,5548.44,0.0,22193.76,22193.76,0,5714.6,2025,7,July,Friday,22193.76,22193.76
2025-07-04,ORD035639,CUST03308,P014,Keyboard,Electronics,Kolkata,Store,Net Banking,1,2434.32,0.15,2434.32,2069.17,0,507.23,2025,7,July,Friday,2434.32,2069.172
2025-07-04,ORD015049,CUST01145,P019,Vacuum Cleaner,Home,Hyderabad,Online,Debit Card,3,8701.62,0.2,26104.86,20883.89,0,3199.42,2025,7,July,Friday,26104.86,20883.888000000003
2025-07-04,ORD000596,CUST00942,P008,Running Shoes,Fashion,Kolkata,Online,Credit Card,1,4464.61,0.1,4464.61,4018.15,0,503.54,2025,7,July,Friday,4464.61,4018.149
2025-07-04,ORD007047,CUST02678,P017,Jeans,Fashion,Surat,Store,Debit Card,1,2817.78,0.05,2817.78,2676.89,0,316.51,2025,7,July,Friday,2817.78,2676.891
2025-07-04,ORD002175,CUST02984,P010,Coffee Maker,Home,Delhi,Store,UPI,4,5595.68,0.1,22382.72,20144.45,0,2885.82,2025,7,July,Friday,22382.72,20144.448
2025-07-04,ORD009839,CUST01648,P015,Dining Table,Furniture,Surat,Online,Credit Card,1,23144.51,0.0,23144.51,23144.51,0,4623.86,2025,7,July,Friday,23144.51,23144.51
2025-07-04,ORD030787,CUST04194,P009,T-Shirt,Fashion,Mumbai,Online,Net Banking,2,1311.98,0.2,2623.96,2099.17,0,206.45,2025,7,July,Friday,2623.96,2099.168
2025-07-04,ORD026446,CUST02987,P001,Laptop,Electronics,Kolkata,Online,Net Banking,3,60658.56,0.1,181975.68,163778.11,0,11803.04,2025,7,July,Friday,181975.68,163778.112
2025-07-04,ORD031054,CUST01876,P017,Jeans,Fashion,Delhi,Store,Net Banking,1,2730.96,0.2,2730.96,2184.77,0,351.28,2025,7,July,Friday,2730.96,2184.768
2025-07-04,ORD022904,CUST01843,P011,Mixer Grinder,Home,Pune,Online,Credit Card,1,4829.23,0.1,4829.23,4346.31,0,464.44,2025,7,July,Friday,4829.23,4346.307
2025-07-04,ORD016079,CUST01984,P005,Office Chair,Furniture,Ahmedabad,Online,Net Banking,1,8702.3,0.05,8702.3,8267.18,0,1057.24,2025,7,July,Friday,8702.3,8267.185
2025-07-04,ORD046685,CUST00991,P009,T-Shirt,Fashion,Kolkata,Online,UPI,1,1313.85,0.05,1313.85,1248.16,0,180.14,2025,7,July,Friday,1313.85,1248.1574999999998
2025-07-04,ORD037355,CUST02331,P005,Office Chair,Furniture,Ahmedabad,Store,Debit Card,1,9584.79,0.2,9584.79,7667.83,0,1136.44,2025,7,July,Friday,9584.79,7667.832000000001
2025-07-04,ORD009025,CUST01350,P008,Running Shoes,Fashion,Chennai,Store,UPI,1,4372.24,0.1,4372.24,3935.02,0,550.69,2025,7,July,Friday,4372.24,3935.016
2025-07-04,ORD011932,CUST04048,P001,Laptop,Electronics,Ahmedabad,Online,UPI,3,58712.31,0.05,176136.93,167330.08,1,-8366.5,2025,7,July,Friday,176136.93,167330.08349999998
2025-07-04,ORD016470,CUST01038,P004,Smartwatch,Electronics,Pune,Store,Credit Card,1,7013.05,0.1,7013.05,6311.74,0,764.66,2025,7,July,Friday,7013.05,6311.745
2025-07-04,ORD039364,CUST01434,P001,Laptop,Electronics,Kolkata,Online,Debit Card,1,68496.66,0.0,68496.66,68496.66,0,8000.98,2025,7,July,Friday,68496.66,68496.66
2025-07-04,ORD049164,CUST00629,P008,Running Shoes,Fashion,Mumbai,Online,UPI,3,4570.2,0.05,13710.6,13025.07,0,3165.6,2025,7,July,Friday,13710.599999999999,13025.07
2025-07-04,ORD013921,CUST01794,P006,Desk,Furniture,Bengaluru,Store,Credit Card,4,12544.26,0.1,50177.04,45159.34,0,5081.39,2025,7,July,Friday,50177.04,45159.336
2025-07-04,ORD010692,CUST00605,P001,Laptop,Electronics,Kolkata,Store,Credit Card,2,58610.48,0.0,117220.96,117220.96,0,29849.31,2025,7,July,Friday,117220.96,117220.96
2025-07-04,ORD044031,CUST04026,P017,Jeans,Fashion,Bengaluru,Online,Debit Card,2,2915.6,0.05,5831.2,5539.64,0,753.93,2025,7,July,Friday,5831.2,5539.639999999999
2025-07-04,ORD007770,CUST03191,P001,Laptop,Electronics,Delhi,Store,Credit Card,1,67520.06,0.2,67520.06,54016.05,0,6893.06,2025,7,July,Friday,67520.06,54016.048
2025-07-04,ORD022153,CUST00421,P006,Desk,Furniture,Hyderabad,Online,Debit Card,1,13116.31,0.25,13116.31,9837.23,0,1941.44,2025,7,July,Friday,13116.31,9837.2325
2025-07-04,ORD005272,CUST01393,P015,Dining Table,Furniture,Hyderabad,Online,Credit Card,4,20100.98,0.0,80403.92,80403.92,0,13531.31,2025,7,July,Friday,80403.92,80403.92
2025-07-04,ORD019164,CUST04987,P019,Vacuum Cleaner,Home,Bengaluru,Store,UPI,1,9342.5,0.05,9342.5,8875.38,0,1940.53,2025,7,July,Friday,9342.5,8875.375
2025-07-04,ORD031221,CUST03171,P002,Smartphone,Electronics,Ahmedabad,Online,UPI,1,27165.17,0.05,27165.17,25806.91,0,5668.32,2025,7,July,Friday,27165.17,25806.9115
2025-07-04,ORD025494,CUST03210,P010,Coffee Maker,Home,Mumbai,Online,UPI,1,5505.41,0.0,5505.41,5505.41,0,444.4,2025,7,July,Friday,5505.41,5505.41
2025-07-04,ORD024671,CUST02321,P019,Vacuum Cleaner,Home,Kolkata,Online,UPI,1,8380.18,0.1,8380.18,7542.16,0,1550.79,2025,7,July,Friday,8380.18,7542.162
2025-07-04,ORD021521,CUST02130,P015,Dining Table,Furniture,Kolkata,Store,Cash,1,23240.18,0.15,23240.18,19754.15,1,-987.71,2025,7,July,Friday,23240.18,19754.153
2025-07-04,ORD006440,CUST01757,P018,Jacket,Fashion,Chennai,Store,Net Banking,1,5192.37,0.25,5192.37,3894.28,0,797.6,2025,7,July,Friday,5192.37,3894.2775
2025-07-04,ORD024295,CUST01115,P010,Coffee Maker,Home,Chennai,Online,Credit Card,1,5187.92,0.15,5187.92,4409.73,0,960.43,2025,7,July,Friday,5187.92,4409.732
2025-07-04,ORD012564,CUST04067,P009,T-Shirt,Fashion,Ahmedabad,Online,Cash,1,1195.12,0.05,1195.12,1135.36,0,254.5,2025,7,July,Friday,1195.12,1135.3639999999998
2025-07-04,ORD049343,CUST05000,P001,Laptop,Electronics,Delhi,Store,Credit Card,2,69217.05,0.1,138434.1,124590.69,0,31249.64,2025,7,July,Friday,138434.1,124590.69
2025-07-04,ORD034821,CUST00897,P010,Coffee Maker,Home,Ahmedabad,Store,UPI,1,5935.28,0.05,5935.28,5638.52,0,707.54,2025,7,July,Friday,5935.28,5638.516
2025-07-04,ORD038139,CUST00328,P006,Desk,Furniture,Pune,Store,UPI,2,11721.4,0.1,23442.8,21098.52,0,2294.82,2025,7,July,Friday,23442.8,21098.52
2025-07-04,ORD034495,CUST03738,P019,Vacuum Cleaner,Home,Surat,Store,UPI,1,8169.24,0.1,8169.24,7352.32,0,778.12,2025,7,July,Friday,8169.24,7352.316
2025-07-04,ORD033168,CUST03530,P006,Desk,Furniture,Delhi,Online,Credit Card,1,11011.08,0.15,11011.08,9359.42,0,1778.76,2025,7,July,Friday,11011.08,9359.418
2025-07-04,ORD028390,CUST01194,P006,Desk,Furniture,Jaipur,Store,UPI,1,11652.13,0.1,11652.13,10486.92,0,2535.26,2025,7,July,Friday,11652.13,10486.917
2025-07-04,ORD012952,CUST03549,P010,Coffee Maker,Home,Hyderabad,Online,UPI,1,5063.55,0.25,5063.55,3797.66,0,680.17,2025,7,July,Friday,5063.55,3797.6625000000004
2025-07-04,ORD023734,CUST03441,P019,Vacuum Cleaner,Home,Kolkata,Online,Credit Card,1,9190.73,0.15,9190.73,7812.12,0,761.96,2025,7,July,Friday,9190.73,7812.120499999999
2025-07-04,ORD028389,CUST03961,P006,Desk,Furniture,Bengaluru,Store,Credit Card,1,12719.11,0.05,12719.11,12083.15,0,1864.86,2025,7,July,Friday,12719.11,12083.1545
2025-07-04,ORD006633,CUST01619,P004,Smartwatch,Electronics,Kolkata,Online,Cash,1,7588.51,0.0,7588.51,7588.51,0,611.21,2025,7,July,Friday,7588.51,7588.51
2025-07-04,ORD017655,CUST03524,P015,Dining Table,Furniture,Kolkata,Store,UPI,1,21428.38,0.15,21428.38,18214.12,0,1813.58,2025,7,July,Friday,21428.38,18214.123
2025-07-04,ORD017706,CUST03365,P016,Sofa,Furniture,Surat,Store,Credit Card,1,34381.5,0.15,34381.5,29224.28,0,7182.78,2025,7,July,Friday,34381.5,29224.274999999998
2025-07-04,ORD033492,CUST00140,P014,Keyboard,Electronics,Kolkata,Online,Credit Card,2,2556.42,0.15,5112.84,4345.91,0,1131.29,2025,7,July,Friday,5112.84,4345.914
2025-07-04,ORD033640,CUST02549,P018,Jacket,Fashion,Kolkata,Online,Credit Card,1,4890.65,0.15,4890.65,4157.05,0,812.62,2025,7,July,Friday,4890.65,4157.0525
2025-07-04,ORD019096,CUST01681,P010,Coffee Maker,Home,Mumbai,Online,Credit Card,2,5571.14,0.1,11142.28,10028.05,0,888.89,2025,7,July,Friday,11142.28,10028.052000000001
2025-07-04,ORD027974,CUST02747,P015,Dining Table,Furniture,Chennai,Online,Credit Card,1,23471.6,0.1,23471.6,21124.44,0,1522.08,2025,7,July,Friday,23471.6,21124.44
2025-07-04,ORD032615,CUST02066,P011,Mixer Grinder,Home,Mumbai,Online,Debit Card,1,5159.03,0.2,5159.03,4127.22,0,435.93,2025,7,July,Friday,5159.03,4127.224
2025-07-04,ORD006764,CUST04659,P019,Vacuum Cleaner,Home,Delhi,Store,Credit Card,2,9800.4,0.05,19600.8,18620.76,0,4238.82,2025,7,July,Friday,19600.8,18620.76
2025-07-04,ORD025629,CUST04774,P001,Laptop,Electronics,Bengaluru,Online,Cash,1,65971.77,0.1,65971.77,59374.59,1,-2968.73,2025,7,July,Friday,65971.77,59374.59300000001
2025-07-04,ORD044856,CUST00951,P015,Dining Table,Furniture,Hyderabad,Online,UPI,1,22134.18,0.0,22134.18,22134.18,1,-1106.71,2025,7,July,Friday,22134.18,22134.18
2025-07-04,ORD035243,CUST04088,P001,Laptop,Electronics,Surat,Online,UPI,2,61839.72,0.15,123679.44,105127.52,0,27207.52,2025,7,July,Friday,123679.44,105127.524
2025-07-04,ORD041219,CUST00105,P003,Headphones,Electronics,Ahmedabad,Online,UPI,1,4661.73,0.05,4661.73,4428.64,0,911.96,2025,7,July,Friday,4661.73,4428.643499999999
2025-07-04,ORD013022,CUST04410,P018,Jacket,Fashion,Pune,Online,UPI,5,5092.93,0.0,25464.65,25464.65,0,7449.68,2025,7,July,Friday,25464.65,25464.65
2025-07-04,ORD010025,CUST04423,P017,Jeans,Fashion,Jaipur,Online,Net Banking,2,2718.83,0.0,5437.66,5437.66,0,1047.72,2025,7,July,Friday,5437.66,5437.66
2025-07-04,ORD047858,CUST02555,P001,Laptop,Electronics,Chennai,Online,Debit Card,1,63174.46,0.05,63174.46,60015.74,0,7157.81,2025,7,July,Friday,63174.46,60015.736999999994
2025-07-04,ORD019549,CUST03971,P020,Microwave,Home,Ahmedabad,Online,UPI,1,11376.66,0.1,11376.66,10238.99,0,1204.77,2025,7,July,Friday,11376.66,10238.994
2025-07-04,ORD014285,CUST01250,P017,Jeans,Fashion,Delhi,Online,Credit Card,4,2660.68,0.15,10642.72,9046.31,0,1762.65,2025,7,July,Friday,10642.72,9046.312
2025-07-04,ORD005263,CUST01702,P009,T-Shirt,Fashion,Hyderabad,Online,UPI,1,1284.94,0.0,1284.94,1284.94,0,148.39,2025,7,July,Friday,1284.94,1284.94
2025-07-05,ORD038080,CUST02761,P016,Sofa,Furniture,Delhi,Store,Cash,1,38257.54,0.15,38257.54,32518.91,0,4794.93,2025,7,July,Saturday,38257.54,32518.909
2025-07-05,ORD012599,CUST03360,P015,Dining Table,Furniture,Jaipur,Online,UPI,4,23416.6,0.1,93666.4,84299.76,0,14593.95,2025,7,July,Saturday,93666.4,84299.76
2025-07-05,ORD047506,CUST01885,P005,Office Chair,Furniture,Hyderabad,Store,Credit Card,1,8725.47,0.1,8725.47,7852.92,0,2011.38,2025,7,July,Saturday,8725.47,7852.923
2025-07-05,ORD037459,CUST04659,P006,Desk,Furniture,Bengaluru,Store,Credit Card,1,12503.33,0.0,12503.33,12503.33,0,2615.21,2025,7,July,Saturday,12503.33,12503.33
2025-07-05,ORD023854,CUST02519,P011,Mixer Grinder,Home,Surat,Store,UPI,1,4823.95,0.15,4823.95,4100.36,0,1097.99,2025,7,July,Saturday,4823.95,4100.3575
2025-07-05,ORD018974,CUST00051,P015,Dining Table,Furniture,Chennai,Online,Debit Card,1,21414.49,0.1,21414.49,19273.04,0,2895.9,2025,7,July,Saturday,21414.49,19273.041
2025-07-05,ORD004555,CUST00182,P001,Laptop,Electronics,Chennai,Online,Net Banking,1,70630.2,0.0,70630.2,70630.2,0,12516.02,2025,7,July,Saturday,70630.2,70630.2
2025-07-05,ORD031579,CUST03559,P020,Microwave,Home,Ahmedabad,Online,Net Banking,1,11744.87,0.1,11744.87,10570.38,0,1992.62,2025,7,July,Saturday,11744.87,10570.383000000002
2025-07-05,ORD036969,CUST02863,P002,Smartphone,Electronics,Pune,Online,Debit Card,5,28065.01,0.05,140325.05,133308.8,0,17836.97,2025,7,July,Saturday,140325.05,133308.7975
2025-07-05,ORD049926,CUST04760,P004,Smartwatch,Electronics,Surat,Online,UPI,3,6348.06,0.1,19044.18,17139.76,0,4579.39,2025,7,July,Saturday,19044.18,17139.762000000002
2025-07-05,ORD046725,CUST01131,P019,Vacuum Cleaner,Home,Mumbai,Online,UPI,4,8641.16,0.05,34564.64,32836.41,0,8795.14,2025,7,July,Saturday,34564.64,32836.407999999996
2025-07-05,ORD022489,CUST02043,P020,Microwave,Home,Bengaluru,Online,Credit Card,1,9922.44,0.15,9922.44,8434.07,0,1816.4,2025,7,July,Saturday,9922.44,8434.074
2025-07-05,ORD036616,CUST03079,P020,Microwave,Home,Bengaluru,Online,Credit Card,5,10967.15,0.1,54835.75,49352.18,0,13727.05,2025,7,July,Saturday,54835.75,49352.175
2025-07-05,ORD030926,CUST00062,P010,Coffee Maker,Home,Hyderabad,Store,UPI,1,5596.85,0.15,5596.85,4757.32,0,256.29,2025,7,July,Saturday,5596.85,4757.3225
2025-07-05,ORD009274,CUST00072,P004,Smartwatch,Electronics,Jaipur,Online,UPI,2,7236.08,0.05,14472.16,13748.55,0,3699.38,2025,7,July,Saturday,14472.16,13748.552
2025-07-05,ORD043954,CUST01290,P001,Laptop,Electronics,Ahmedabad,Store,Credit Card,2,70365.28,0.05,140730.56,133694.03,0,38681.46,2025,7,July,Saturday,140730.56,133694.03199999998
2025-07-05,ORD031389,CUST03317,P013,Monitor,Electronics,Mumbai,Online,UPI,1,16751.14,0.1,16751.14,15076.03,0,1491.06,2025,7,July,Saturday,16751.14,15076.026
2025-07-05,ORD048999,CUST02426,P010,Coffee Maker,Home,Hyderabad,Online,UPI,1,5791.35,0.0,5791.35,5791.35,0,1060.63,2025,7,July,Saturday,5791.35,5791.35
2025-07-05,ORD021592,CUST02721,P013,Monitor,Electronics,Pune,Online,Credit Card,1,17616.33,0.0,17616.33,17616.33,0,1806.91,2025,7,July,Saturday,17616.33,17616.33
2025-07-05,ORD034201,CUST02586,P018,Jacket,Fashion,Bengaluru,Online,Debit Card,2,4891.14,0.1,9782.28,8804.05,0,718.04,2025,7,July,Saturday,9782.28,8804.052000000001
2025-07-05,ORD032724,CUST01466,P009,T-Shirt,Fashion,Jaipur,Online,Debit Card,1,1258.36,0.15,1258.36,1069.61,1,-53.48,2025,7,July,Saturday,1258.36,1069.606
2025-07-05,ORD027239,CUST02519,P009,T-Shirt,Fashion,Bengaluru,Store,UPI,2,1208.28,0.2,2416.56,1933.25,0,438.13,2025,7,July,Saturday,2416.56,1933.248
2025-07-05,ORD040545,CUST01574,P015,Dining Table,Furniture,Mumbai,Online,Debit Card,2,21229.05,0.1,42458.1,38212.29,0,8827.62,2025,7,July,Saturday,42458.1,38212.29
2025-07-05,ORD037827,CUST02408,P014,Keyboard,Electronics,Surat,Online,UPI,1,2677.59,0.2,2677.59,2142.07,0,201.7,2025,7,July,Saturday,2677.59,2142.072
2025-07-05,ORD047372,CUST00419,P018,Jacket,Fashion,Ahmedabad,Online,Credit Card,2,5473.99,0.1,10947.98,9853.18,0,2206.36,2025,7,July,Saturday,10947.98,9853.182
2025-07-05,ORD007205,CUST01274,P019,Vacuum Cleaner,Home,Chennai,Online,Net Banking,4,8507.17,0.15,34028.68,28924.38,0,5964.04,2025,7,July,Saturday,34028.68,28924.378
2025-07-05,ORD042443,CUST02921,P017,Jeans,Fashion,Pune,Store,Cash,1,2888.16,0.0,2888.16,2888.16,0,283.57,2025,7,July,Saturday,2888.16,2888.16
2025-07-05,ORD027658,CUST01299,P001,Laptop,Electronics,Surat,Store,UPI,1,66285.64,0.1,66285.64,59657.08,0,11480.94,2025,7,July,Saturday,66285.64,59657.076
2025-07-05,ORD036633,CUST03461,P014,Keyboard,Electronics,Delhi,Store,Cash,1,2448.52,0.15,2448.52,2081.24,1,-104.06,2025,7,July,Saturday,2448.52,2081.2419999999997
2025-07-05,ORD005510,CUST04178,P015,Dining Table,Furniture,Bengaluru,Online,Debit Card,1,21434.06,0.1,21434.06,19290.65,0,4642.04,2025,7,July,Saturday,21434.06,19290.654000000002
2025-07-05,ORD038275,CUST03827,P011,Mixer Grinder,Home,Chennai,Online,Cash,2,4953.4,0.2,9906.8,7925.44,0,685.58,2025,7,July,Saturday,9906.8,7925.44
2025-07-05,ORD028103,CUST03531,P008,Running Shoes,Fashion,Ahmedabad,Online,UPI,4,4085.29,0.0,16341.16,16341.16,0,2901.14,2025,7,July,Saturday,16341.16,16341.16
2025-07-05,ORD020257,CUST02422,P015,Dining Table,Furniture,Ahmedabad,Store,UPI,4,23879.69,0.1,95518.76,85966.88,0,13876.0,2025,7,July,Saturday,95518.76,85966.88399999999
2025-07-05,ORD022910,CUST04430,P015,Dining Table,Furniture,Hyderabad,Online,Credit Card,4,21743.57,0.0,86974.28,86974.28,0,20709.56,2025,7,July,Saturday,86974.28,86974.28
2025-07-05,ORD023139,CUST04133,P009,T-Shirt,Fashion,Jaipur,Online,UPI,1,1167.7,0.15,1167.7,992.54,0,117.35,2025,7,July,Saturday,1167.7,992.545
2025-07-05,ORD038371,CUST03453,P002,Smartphone,Electronics,Jaipur,Online,Debit Card,3,27626.44,0.05,82879.32,78735.35,0,16581.31,2025,7,July,Saturday,82879.31999999999,78735.354
2025-07-05,ORD012711,CUST03587,P009,T-Shirt,Fashion,Surat,Store,UPI,4,1087.46,0.1,4349.84,3914.86,0,405.38,2025,7,July,Saturday,4349.84,3914.856
2025-07-05,ORD025339,CUST01691,P016,Sofa,Furniture,Hyderabad,Online,Debit Card,1,37121.0,0.0,37121.0,37121.0,0,6946.4,2025,7,July,Saturday,37121.0,37121.0
2025-07-05,ORD003103,CUST00917,P015,Dining Table,Furniture,Ahmedabad,Online,Net Banking,1,22447.34,0.05,22447.34,21324.97,0,3830.78,2025,7,July,Saturday,22447.34,21324.972999999998
2025-07-05,ORD049216,CUST02720,P005,Office Chair,Furniture,Jaipur,Online,Cash,1,9107.47,0.1,9107.47,8196.72,0,653.17,2025,7,July,Saturday,9107.47,8196.723
2025-07-05,ORD025906,CUST02346,P004,Smartwatch,Electronics,Surat,Online,Cash,1,6925.9,0.15,6925.9,5887.02,0,767.61,2025,7,July,Saturday,6925.9,5887.014999999999
2025-07-05,ORD009234,CUST00257,P009,T-Shirt,Fashion,Kolkata,Online,Cash,2,1304.54,0.0,2609.08,2609.08,0,337.33,2025,7,July,Saturday,2609.08,2609.08
2025-07-05,ORD002078,CUST02005,P020,Microwave,Home,Pune,Store,Credit Card,5,11462.63,0.05,57313.15,54447.49,0,3955.66,2025,7,July,Saturday,57313.149999999994,54447.4925
2025-07-05,ORD016596,CUST03979,P002,Smartphone,Electronics,Pune,Online,Credit Card,1,30081.64,0.05,30081.64,28577.56,0,2069.2,2025,7,July,Saturday,30081.64,28577.557999999997
2025-07-05,ORD007618,CUST00793,P010,Coffee Maker,Home,Mumbai,Store,Credit Card,1,5522.71,0.0,5522.71,5522.71,1,-276.14,2025,7,July,Saturday,5522.71,5522.71
2025-07-05,ORD020067,CUST01304,P011,Mixer Grinder,Home,Ahmedabad,Store,Debit Card,1,4905.19,0.05,4905.19,4659.93,0,512.95,2025,7,July,Saturday,4905.19,4659.9304999999995
2025-07-05,ORD040285,CUST04636,P014,Keyboard,Electronics,Jaipur,Store,Credit Card,1,2362.73,0.05,2362.73,2244.59,0,613.95,2025,7,July,Saturday,2362.73,2244.5935
2025-07-05,ORD029149,CUST00425,P011,Mixer Grinder,Home,Kolkata,Online,Debit Card,3,4705.49,0.1,14116.47,12704.82,0,2664.65,2025,7,July,Saturday,14116.47,12704.823
2025-07-05,ORD012719,CUST00949,P004,Smartwatch,Electronics,Ahmedabad,Store,Credit Card,1,6491.18,0.0,6491.18,6491.18,0,741.03,2025,7,July,Saturday,6491.18,6491.18
2025-07-05,ORD011410,CUST02048,P001,Laptop,Electronics,Jaipur,Online,Credit Card,1,59762.43,0.1,59762.43,53786.19,0,6395.61,2025,7,July,Saturday,59762.43,53786.187
2025-07-05,ORD025914,CUST03210,P013,Monitor,Electronics,Chennai,Store,Debit Card,4,19749.29,0.0,78997.16,78997.16,0,21516.26,2025,7,July,Saturday,78997.16,78997.16
2025-07-05,ORD009243,CUST01460,P004,Smartwatch,Electronics,Jaipur,Online,UPI,1,6928.93,0.1,6928.93,6236.04,0,471.8,2025,7,July,Saturday,6928.93,6236.037
2025-07-05,ORD040198,CUST01965,P011,Mixer Grinder,Home,Jaipur,Store,Net Banking,1,4859.76,0.15,4859.76,4130.8,0,1033.08,2025,7,July,Saturday,4859.76,4130.796
2025-07-05,ORD048450,CUST01120,P004,Smartwatch,Electronics,Bengaluru,Online,Cash,1,6662.14,0.1,6662.14,5995.93,0,834.35,2025,7,July,Saturday,6662.14,5995.926
2025-07-05,ORD004093,CUST04995,P018,Jacket,Fashion,Jaipur,Online,Credit Card,1,5471.61,0.05,5471.61,5198.03,0,1471.44,2025,7,July,Saturday,5471.61,5198.0295
2025-07-05,ORD014882,CUST02158,P009,T-Shirt,Fashion,Delhi,Store,UPI,2,1243.73,0.0,2487.46,2487.46,0,531.65,2025,7,July,Saturday,2487.46,2487.46
2025-07-05,ORD011563,CUST00995,P004,Smartwatch,Electronics,Delhi,Online,UPI,1,7061.28,0.15,7061.28,6002.09,0,1330.77,2025,7,July,Saturday,7061.28,6002.088
2025-07-05,ORD038846,CUST03372,P018,Jacket,Fashion,Hyderabad,Online,UPI,2,4749.91,0.0,9499.82,9499.82,0,1429.21,2025,7,July,Saturday,9499.82,9499.82
2025-07-05,ORD025352,CUST01275,P016,Sofa,Furniture,Jaipur,Online,Credit Card,1,38127.63,0.05,38127.63,36221.25,0,6789.3,2025,7,July,Saturday,38127.63,36221.248499999994
2025-07-05,ORD014819,CUST03667,P004,Smartwatch,Electronics,Hyderabad,Store,Cash,2,6691.46,0.1,13382.92,12044.63,0,1622.11,2025,7,July,Saturday,13382.92,12044.628
2025-07-05,ORD027421,CUST01866,P016,Sofa,Furniture,Jaipur,Online,UPI,1,32707.31,0.2,32707.31,26165.85,0,5614.77,2025,7,July,Saturday,32707.31,26165.848
2025-07-05,ORD031172,CUST04467,P001,Laptop,Electronics,Pune,Online,UPI,1,64350.04,0.05,64350.04,61132.54,0,12893.22,2025,7,July,Saturday,64350.04,61132.538
2025-07-06,ORD039473,CUST00439,P015,Dining Table,Furniture,Pune,Store,UPI,1,24003.14,0.05,24003.14,22802.98,1,-1140.15,2025,7,July,Sunday,24003.14,22802.983
2025-07-06,ORD015894,CUST02622,P017,Jeans,Fashion,Jaipur,Online,Credit Card,1,2998.61,0.05,2998.61,2848.68,0,656.7,2025,7,July,Sunday,2998.61,2848.6795
2025-07-06,ORD016401,CUST03438,P015,Dining Table,Furniture,Kolkata,Online,UPI,2,20043.96,0.15,40087.92,34074.73,0,3266.61,2025,7,July,Sunday,40087.92,34074.731999999996
2025-07-06,ORD043611,CUST03015,P012,Air Fryer,Home,Ahmedabad,Online,UPI,1,7897.62,0.05,7897.62,7502.74,0,1382.95,2025,7,July,Sunday,7897.62,7502.739
2025-07-06,ORD019241,CUST03601,P016,Sofa,Furniture,Pune,Online,UPI,1,34175.21,0.05,34175.21,32466.45,0,6940.72,2025,7,July,Sunday,34175.21,32466.4495
2025-07-06,ORD025909,CUST00963,P001,Laptop,Electronics,Jaipur,Online,UPI,2,71337.66,0.1,142675.32,128407.79,1,-6420.39,2025,7,July,Sunday,142675.32,128407.78800000002
2025-07-06,ORD031144,CUST02251,P016,Sofa,Furniture,Bengaluru,Online,UPI,1,34783.88,0.0,34783.88,34783.88,0,9742.48,2025,7,July,Sunday,34783.88,34783.88
2025-07-06,ORD018075,CUST03095,P011,Mixer Grinder,Home,Hyderabad,Store,Net Banking,2,4645.48,0.15,9290.96,7897.32,0,1928.51,2025,7,July,Sunday,9290.96,7897.315999999999
2025-07-06,ORD020491,CUST01937,P003,Headphones,Electronics,Jaipur,Store,Cash,2,4804.45,0.05,9608.9,9128.46,0,1696.03,2025,7,July,Sunday,9608.9,9128.455
2025-07-06,ORD010614,CUST04517,P010,Coffee Maker,Home,Delhi,Online,UPI,3,5690.88,0.15,17072.64,14511.74,0,3785.52,2025,7,July,Sunday,17072.64,14511.743999999999
2025-07-06,ORD024465,CUST01498,P006,Desk,Furniture,Ahmedabad,Online,UPI,4,11562.33,0.0,46249.32,46249.32,0,11884.0,2025,7,July,Sunday,46249.32,46249.32
2025-07-06,ORD032174,CUST03199,P017,Jeans,Fashion,Bengaluru,Store,Debit Card,1,2849.16,0.1,2849.16,2564.24,0,496.73,2025,7,July,Sunday,2849.16,2564.244
2025-07-06,ORD018325,CUST04810,P013,Monitor,Electronics,Delhi,Online,UPI,1,17433.11,0.0,17433.11,17433.11,0,1835.49,2025,7,July,Sunday,17433.11,17433.11
2025-07-06,ORD027076,CUST01559,P001,Laptop,Electronics,Chennai,Online,Debit Card,3,59352.47,0.25,178057.41,133543.06,0,28179.3,2025,7,July,Sunday,178057.41,133543.0575
2025-07-06,ORD022954,CUST03894,P014,Keyboard,Electronics,Jaipur,Store,Net Banking,1,2293.93,0.15,2293.93,1949.84,0,229.11,2025,7,July,Sunday,2293.93,1949.8404999999998
2025-07-06,ORD003447,CUST03218,P013,Monitor,Electronics,Pune,Online,Credit Card,5,17243.5,0.2,86217.5,68974.0,0,13651.07,2025,7,July,Sunday,86217.5,68974.0
2025-07-06,ORD017587,CUST01944,P011,Mixer Grinder,Home,Surat,Online,Cash,1,4444.7,0.05,4444.7,4222.46,0,414.44,2025,7,July,Sunday,4444.7,4222.464999999999
2025-07-06,ORD041697,CUST04334,P019,Vacuum Cleaner,Home,Surat,Online,UPI,3,9617.6,0.05,28852.8,27410.16,0,2352.95,2025,7,July,Sunday,28852.800000000003,27410.159999999996
2025-07-06,ORD028911,CUST03159,P001,Laptop,Electronics,Surat,Store,Net Banking,1,69296.35,0.15,69296.35,58901.9,0,8771.68,2025,7,July,Sunday,69296.35,58901.89750000001
2025-07-06,ORD043252,CUST01777,P015,Dining Table,Furniture,Mumbai,Online,UPI,1,20676.73,0.05,20676.73,19642.89,0,4987.91,2025,7,July,Sunday,20676.73,19642.8935
2025-07-06,ORD008173,CUST02565,P008,Running Shoes,Fashion,Mumbai,Online,Credit Card,1,3827.65,0.15,3827.65,3253.5,0,203.74,2025,7,July,Sunday,3827.65,3253.5025
2025-07-06,ORD026934,CUST00147,P002,Smartphone,Electronics,Mumbai,Online,Credit Card,1,27158.69,0.15,27158.69,23084.89,0,5353.91,2025,7,July,Sunday,27158.69,23084.886499999997
2025-07-06,ORD041881,CUST03365,P014,Keyboard,Electronics,Jaipur,Online,UPI,1,2643.41,0.1,2643.41,2379.07,0,253.45,2025,7,July,Sunday,2643.41,2379.069
2025-07-06,ORD042500,CUST02521,P014,Keyboard,Electronics,Kolkata,Online,Credit Card,3,2278.3,0.0,6834.9,6834.9,0,1628.55,2025,7,July,Sunday,6834.900000000001,6834.9
2025-07-06,ORD024923,CUST04874,P017,Jeans,Fashion,Chennai,Store,UPI,1,3038.42,0.1,3038.42,2734.58,0,598.67,2025,7,July,Sunday,3038.42,2734.578
2025-07-06,ORD035588,CUST02333,P008,Running Shoes,Fashion,Kolkata,Store,Credit Card,2,4439.77,0.2,8879.54,7103.63,0,1211.52,2025,7,July,Sunday,8879.54,7103.632000000001
2025-07-06,ORD021096,CUST00247,P002,Smartphone,Electronics,Mumbai,Online,Credit Card,1,29053.56,0.15,29053.56,24695.53,0,3010.8,2025,7,July,Sunday,29053.56,24695.526
2025-07-06,ORD031122,CUST03471,P015,Dining Table,Furniture,Hyderabad,Online,Debit Card,1,23727.53,0.1,23727.53,21354.78,0,3238.76,2025,7,July,Sunday,23727.53,21354.777
2025-07-06,ORD033697,CUST00494,P010,Coffee Maker,Home,Chennai,Store,Credit Card,5,5221.1,0.05,26105.5,24800.22,0,6427.44,2025,7,July,Sunday,26105.5,24800.225
2025-07-06,ORD043414,CUST02625,P006,Desk,Furniture,Surat,Store,Cash,2,12709.89,0.2,25419.78,20335.82,0,1678.85,2025,7,July,Sunday,25419.78,20335.824
2025-07-06,ORD039576,CUST01218,P008,Running Shoes,Fashion,Surat,Online,Credit Card,1,4257.01,0.1,4257.01,3831.31,0,906.59,2025,7,July,Sunday,4257.01,3831.309
2025-07-06,ORD008681,CUST04246,P015,Dining Table,Furniture,Ahmedabad,Store,UPI,1,21798.42,0.0,21798.42,21798.42,0,2780.52,2025,7,July,Sunday,21798.42,21798.42
2025-07-06,ORD001945,CUST02251,P018,Jacket,Fashion,Kolkata,Store,Credit Card,2,5107.07,0.05,10214.14,9703.43,0,1381.37,2025,7,July,Sunday,10214.14,9703.432999999999
2025-07-06,ORD004907,CUST00743,P007,Backpack,Accessories,Chennai,Online,Net Banking,1,2369.77,0.2,2369.77,1895.82,0,435.58,2025,7,July,Sunday,2369.77,1895.816
2025-07-06,ORD009611,CUST03745,P011,Mixer Grinder,Home,Chennai,Online,Credit Card,3,4339.57,0.1,13018.71,11716.84,1,-585.84,2025,7,July,Sunday,13018.71,11716.839
2025-07-06,ORD034672,CUST04829,P006,Desk,Furniture,Ahmedabad,Store,Credit Card,1,12395.27,0.05,12395.27,11775.51,1,-588.78,2025,7,July,Sunday,12395.27,11775.5065
2025-07-06,ORD031657,CUST03488,P013,Monitor,Electronics,Delhi,Online,Debit Card,1,17953.79,0.1,17953.79,16158.41,0,1834.56,2025,7,July,Sunday,17953.79,16158.411000000002
2025-07-06,ORD005714,CUST03280,P011,Mixer Grinder,Home,Surat,Online,Credit Card,1,4717.83,0.2,4717.83,3774.26,0,886.14,2025,7,July,Sunday,4717.83,3774.264
2025-07-06,ORD003100,CUST00637,P016,Sofa,Furniture,Ahmedabad,Online,UPI,1,36302.62,0.1,36302.62,32672.36,1,-1633.62,2025,7,July,Sunday,36302.62,32672.358000000004
2025-07-06,ORD009434,CUST04215,P012,Air Fryer,Home,Jaipur,Online,Debit Card,1,7875.11,0.05,7875.11,7481.35,1,-374.07,2025,7,July,Sunday,7875.11,7481.3544999999995
2025-07-06,ORD017579,CUST00160,P005,Office Chair,Furniture,Jaipur,Online,UPI,1,9822.62,0.25,9822.62,7366.96,0,348.1,2025,7,July,Sunday,9822.62,7366.965
2025-07-06,ORD019465,CUST04179,P008,Running Shoes,Fashion,Pune,Online,UPI,3,4228.91,0.2,12686.73,10149.38,0,918.47,2025,7,July,Sunday,12686.73,10149.384
2025-07-06,ORD045676,CUST00011,P018,Jacket,Fashion,Ahmedabad,Online,UPI,1,4879.46,0.15,4879.46,4147.54,0,669.41,2025,7,July,Sunday,4879.46,4147.541
2025-07-06,ORD036841,CUST03117,P018,Jacket,Fashion,Surat,Store,Cash,1,5407.37,0.15,5407.37,4596.26,0,351.2,2025,7,July,Sunday,5407.37,4596.2645
2025-07-06,ORD005880,CUST04809,P004,Smartwatch,Electronics,Chennai,Online,UPI,1,6713.86,0.2,6713.86,5371.09,0,961.19,2025,7,July,Sunday,6713.86,5371.088
2025-07-06,ORD015077,CUST03731,P014,Keyboard,Electronics,Pune,Store,Net Banking,2,2324.75,0.2,4649.5,3719.6,0,355.51,2025,7,July,Sunday,4649.5,3719.6000000000004
2025-07-06,ORD007338,CUST04779,P010,Coffee Maker,Home,Mumbai,Store,UPI,3,5214.86,0.05,15644.58,14862.35,1,-743.12,2025,7,July,Sunday,15644.579999999998,14862.350999999999
2025-07-06,ORD018197,CUST03286,P006,Desk,Furniture,Chennai,Store,UPI,3,12327.12,0.1,36981.36,33283.22,0,9277.85,2025,7,July,Sunday,36981.36,33283.224
2025-07-06,ORD012714,CUST03663,P009,T-Shirt,Fashion,Jaipur,Online,Credit Card,2,1172.05,0.0,2344.1,2344.1,0,606.77,2025,7,July,Sunday,2344.1,2344.1
2025-07-06,ORD011351,CUST03457,P006,Desk,Furniture,Surat,Online,UPI,2,12415.21,0.2,24830.42,19864.34,0,4453.82,2025,7,July,Sunday,24830.42,19864.336
2025-07-06,ORD024784,CUST00690,P011,Mixer Grinder,Home,Kolkata,Online,Debit Card,1,4905.92,0.2,4905.92,3924.74,0,849.5,2025,7,July,Sunday,4905.92,3924.7360000000003
2025-07-06,ORD024488,CUST02868,P012,Air Fryer,Home,Mumbai,Store,UPI,2,7608.32,0.1,15216.64,13694.98,0,2122.48,2025,7,July,Sunday,15216.64,13694.976
2025-07-06,ORD020901,CUST01053,P010,Coffee Maker,Home,Ahmedabad,Store,Cash,1,5917.72,0.1,5917.72,5325.95,0,541.33,2025,7,July,Sunday,5917.72,5325.948
2025-07-06,ORD010345,CUST03943,P013,Monitor,Electronics,Kolkata,Online,Credit Card,2,16215.7,0.0,32431.4,32431.4,0,8773.63,2025,7,July,Sunday,32431.4,32431.4
2025-07-06,ORD038072,CUST04276,P010,Coffee Maker,Home,Chennai,Online,Net Banking,3,5065.04,0.2,15195.12,12156.1,0,1653.88,2025,7,July,Sunday,15195.119999999999,12156.096000000001
2025-07-06,ORD028025,CUST04530,P007,Backpack,Accessories,Kolkata,Store,UPI,1,2418.7,0.0,2418.7,2418.7,0,214.23,2025,7,July,Sunday,2418.7,2418.7
2025-07-06,ORD001234,CUST02733,P012,Air Fryer,Home,Surat,Online,Credit Card,1,7367.18,0.0,7367.18,7367.18,0,900.38,2025,7,July,Sunday,7367.18,7367.18
2025-07-06,ORD025978,CUST03169,P016,Sofa,Furniture,Hyderabad,Store,Net Banking,1,33414.31,0.1,33414.31,30072.88,0,2989.42,2025,7,July,Sunday,33414.31,30072.878999999997
2025-07-06,ORD024673,CUST04044,P004,Smartwatch,Electronics,Kolkata,Store,Credit Card,1,7224.46,0.05,7224.46,6863.24,0,770.02,2025,7,July,Sunday,7224.46,6863.237
2025-07-06,ORD013668,CUST00567,P020,Microwave,Home,Pune,Store,Credit Card,5,10986.02,0.25,54930.1,41197.58,0,1647.9,2025,7,July,Sunday,54930.100000000006,41197.575
2025-07-06,ORD043362,CUST01711,P014,Keyboard,Electronics,Hyderabad,Online,Debit Card,1,2457.69,0.15,2457.69,2089.04,0,527.14,2025,7,July,Sunday,2457.69,2089.0365
2025-07-06,ORD039359,CUST04013,P002,Smartphone,Electronics,Delhi,Store,Credit Card,3,28663.22,0.05,85989.66,81690.18,0,16613.34,2025,7,July,Sunday,85989.66,81690.177
2025-07-06,ORD010996,CUST00304,P004,Smartwatch,Electronics,Mumbai,Online,UPI,3,7445.48,0.0,22336.44,22336.44,0,3758.52,2025,7,July,Sunday,22336.44,22336.44
2025-07-06,ORD046566,CUST04875,P004,Smartwatch,Electronics,Mumbai,Online,Credit Card,2,6641.64,0.1,13283.28,11954.95,0,2992.29,2025,7,July,Sunday,13283.28,11954.952000000001
2025-07-06,ORD022179,CUST00371,P018,Jacket,Fashion,Pune,Online,Cash,2,5113.81,0.15,10227.62,8693.48,0,1675.38,2025,7,July,Sunday,10227.62,8693.477
2025-07-06,ORD021934,CUST00346,P014,Keyboard,Electronics,Pune,Online,UPI,1,2698.06,0.2,2698.06,2158.45,0,264.5,2025,7,July,Sunday,2698.06,2158.448
2025-07-06,ORD008350,CUST01537,P012,Air Fryer,Home,Jaipur,Online,Credit Card,2,7574.83,0.15,15149.66,12877.21,0,1103.12,2025,7,July,Sunday,15149.66,12877.211
2025-07-06,ORD049283,CUST03562,P007,Backpack,Accessories,Ahmedabad,Online,UPI,3,2054.04,0.0,6162.12,6162.12,0,582.03,2025,7,July,Sunday,6162.12,6162.12
2025-07-07,ORD031634,CUST01976,P020,Microwave,Home,Mumbai,Online,Credit Card,1,10106.18,0.1,10106.18,9095.56,0,2390.33,2025,7,July,Monday,10106.18,9095.562
2025-07-07,ORD049048,CUST02058,P016,Sofa,Furniture,Ahmedabad,Online,Net Banking,2,33670.14,0.0,67340.28,67340.28,0,19653.66,2025,7,July,Monday,67340.28,67340.28
2025-07-07,ORD034851,CUST02347,P019,Vacuum Cleaner,Home,Kolkata,Store,Credit Card,4,8955.53,0.2,35822.12,28657.7,0,3981.19,2025,7,July,Monday,35822.12,28657.696000000004
2025-07-07,ORD012359,CUST02860,P008,Running Shoes,Fashion,Ahmedabad,Store,Debit Card,1,4287.02,0.0,4287.02,4287.02,0,465.54,2025,7,July,Monday,4287.02,4287.02
2025-07-07,ORD039397,CUST00634,P016,Sofa,Furniture,Ahmedabad,Online,UPI,1,37814.41,0.15,37814.41,32142.25,0,4658.71,2025,7,July,Monday,37814.41,32142.2485
2025-07-07,ORD025164,CUST02824,P019,Vacuum Cleaner,Home,Mumbai,Store,UPI,1,8342.9,0.1,8342.9,7508.61,0,638.91,2025,7,July,Monday,8342.9,7508.61
2025-07-07,ORD042383,CUST03154,P011,Mixer Grinder,Home,Bengaluru,Online,Debit Card,1,5004.03,0.1,5004.03,4503.63,1,-225.18,2025,7,July,Monday,5004.03,4503.6269999999995
2025-07-07,ORD004254,CUST00953,P005,Office Chair,Furniture,Hyderabad,Online,Credit Card,2,9847.85,0.05,19695.7,18710.92,0,2681.37,2025,7,July,Monday,19695.7,18710.915
2025-07-07,ORD037346,CUST04221,P012,Air Fryer,Home,Chennai,Store,Net Banking,4,7139.0,0.05,28556.0,27128.2,0,6522.13,2025,7,July,Monday,28556.0,27128.199999999997
2025-07-07,ORD035161,CUST04436,P003,Headphones,Electronics,Kolkata,Online,Credit Card,2,4306.43,0.05,8612.86,8182.22,1,-409.11,2025,7,July,Monday,8612.86,8182.217000000001
2025-07-07,ORD026075,CUST02249,P001,Laptop,Electronics,Mumbai,Online,Debit Card,1,62099.6,0.1,62099.6,55889.64,0,9607.85,2025,7,July,Monday,62099.6,55889.64
2025-07-07,ORD030116,CUST04582,P010,Coffee Maker,Home,Kolkata,Online,Debit Card,5,6025.19,0.15,30125.95,25607.06,0,1354.64,2025,7,July,Monday,30125.949999999997,25607.0575
2025-07-07,ORD043617,CUST03330,P019,Vacuum Cleaner,Home,Delhi,Online,UPI,1,9530.25,0.0,9530.25,9530.25,0,2832.98,2025,7,July,Monday,9530.25,9530.25
2025-07-07,ORD041470,CUST03024,P012,Air Fryer,Home,Hyderabad,Store,Credit Card,1,7654.56,0.05,7654.56,7271.83,0,1105.91,2025,7,July,Monday,7654.56,7271.832
2025-07-07,ORD012184,CUST03999,P015,Dining Table,Furniture,Mumbai,Online,UPI,3,19849.05,0.0,59547.15,59547.15,0,15857.26,2025,7,July,Monday,59547.149999999994,59547.15
2025-07-07,ORD027914,CUST00281,P002,Smartphone,Electronics,Hyderabad,Online,UPI,1,26145.96,0.0,26145.96,26145.96,0,4446.86,2025,7,July,Monday,26145.96,26145.96
2025-07-07,ORD007593,CUST01995,P010,Coffee Maker,Home,Surat,Online,Credit Card,1,5113.73,0.0,5113.73,5113.73,0,727.79,2025,7,July,Monday,5113.73,5113.73
2025-07-07,ORD038954,CUST01324,P001,Laptop,Electronics,Ahmedabad,Online,Credit Card,1,65024.7,0.15,65024.7,55271.0,0,9063.3,2025,7,July,Monday,65024.7,55270.994999999995
2025-07-07,ORD019800,CUST03041,P006,Desk,Furniture,Surat,Online,Credit Card,3,12507.93,0.2,37523.79,30019.03,0,3821.33,2025,7,July,Monday,37523.79,30019.032000000003
2025-07-07,ORD028472,CUST04998,P014,Keyboard,Electronics,Ahmedabad,Store,Credit Card,4,2482.08,0.05,9928.32,9431.9,0,2429.78,2025,7,July,Monday,9928.32,9431.903999999999
2025-07-07,ORD013452,CUST00653,P001,Laptop,Electronics,Delhi,Store,Credit Card,1,64648.0,0.0,64648.0,64648.0,0,5949.9,2025,7,July,Monday,64648.0,64648.0
2025-07-07,ORD041595,CUST02936,P003,Headphones,Electronics,Delhi,Store,Credit Card,1,4619.34,0.1,4619.34,4157.41,0,257.84,2025,7,July,Monday,4619.34,4157.406
2025-07-07,ORD020174,CUST02126,P003,Headphones,Electronics,Ahmedabad,Store,Credit Card,1,4763.83,0.0,4763.83,4763.83,0,903.99,2025,7,July,Monday,4763.83,4763.83
2025-07-07,ORD000065,CUST02473,P015,Dining Table,Furniture,Delhi,Online,Credit Card,1,22254.07,0.15,22254.07,18915.96,0,3294.8,2025,7,July,Monday,22254.07,18915.9595
2025-07-07,ORD020823,CUST03377,P005,Office Chair,Furniture,Chennai,Online,UPI,3,9911.45,0.1,29734.35,26760.92,0,2393.72,2025,7,July,Monday,29734.350000000002,26760.915
2025-07-07,ORD006576,CUST00987,P011,Mixer Grinder,Home,Delhi,Online,Debit Card,1,5062.97,0.05,5062.97,4809.82,0,878.57,2025,7,July,Monday,5062.97,4809.8215
2025-07-07,ORD013423,CUST02342,P019,Vacuum Cleaner,Home,Ahmedabad,Online,UPI,3,8132.39,0.1,24397.17,21957.45,0,4312.8,2025,7,July,Monday,24397.170000000002,21957.452999999998
2025-07-07,ORD038934,CUST03628,P011,Mixer Grinder,Home,Surat,Store,UPI,1,4775.57,0.05,4775.57,4536.79,0,1240.66,2025,7,July,Monday,4775.57,4536.791499999999
2025-07-07,ORD020513,CUST03352,P002,Smartphone,Electronics,Bengaluru,Store,Cash,1,27747.39,0.0,27747.39,27747.39,0,3899.54,2025,7,July,Monday,27747.39,27747.39
2025-07-07,ORD007988,CUST00746,P006,Desk,Furniture,Kolkata,Online,UPI,1,11100.27,0.2,11100.27,8880.22,0,2131.29,2025,7,July,Monday,11100.27,8880.216
2025-07-07,ORD045303,CUST04962,P013,Monitor,Electronics,Surat,Online,Credit Card,1,16432.88,0.05,16432.88,15611.24,0,4313.98,2025,7,July,Monday,16432.88,15611.236
2025-07-07,ORD036184,CUST04389,P009,T-Shirt,Fashion,Bengaluru,Store,Cash,1,1207.08,0.05,1207.08,1146.73,0,223.61,2025,7,July,Monday,1207.08,1146.7259999999999
2025-07-07,ORD001222,CUST03653,P016,Sofa,Furniture,Mumbai,Store,Net Banking,2,34378.59,0.1,68757.18,61881.46,0,17309.09,2025,7,July,Monday,68757.18,61881.46199999999
2025-07-07,ORD030115,CUST03496,P002,Smartphone,Electronics,Chennai,Store,Cash,1,30479.74,0.0,30479.74,30479.74,0,3537.2,2025,7,July,Monday,30479.74,30479.74
2025-07-07,ORD011880,CUST03643,P007,Backpack,Accessories,Surat,Store,UPI,1,2069.88,0.25,2069.88,1552.41,0,74.19,2025,7,July,Monday,2069.88,1552.41
2025-07-07,ORD018176,CUST01711,P013,Monitor,Electronics,Surat,Store,Net Banking,1,16928.02,0.2,16928.02,13542.42,0,2437.75,2025,7,July,Monday,16928.02,13542.416000000001
2025-07-07,ORD049558,CUST03054,P009,T-Shirt,Fashion,Chennai,Online,Debit Card,1,1092.23,0.1,1092.23,983.01,0,103.47,2025,7,July,Monday,1092.23,983.0070000000001
2025-07-07,ORD034783,CUST00354,P012,Air Fryer,Home,Ahmedabad,Online,UPI,1,6873.23,0.1,6873.23,6185.91,0,1296.46,2025,7,July,Monday,6873.23,6185.907
2025-07-07,ORD030896,CUST00977,P014,Keyboard,Electronics,Delhi,Online,Cash,1,2260.51,0.05,2260.51,2147.48,0,351.88,2025,7,July,Monday,2260.51,2147.4845
2025-07-07,ORD049656,CUST02627,P015,Dining Table,Furniture,Kolkata,Store,Credit Card,2,20159.7,0.0,40319.4,40319.4,0,11451.05,2025,7,July,Monday,40319.4,40319.4
2025-07-07,ORD042840,CUST03570,P016,Sofa,Furniture,Ahmedabad,Store,UPI,2,38373.05,0.0,76746.1,76746.1,0,20037.77,2025,7,July,Monday,76746.1,76746.1
2025-07-07,ORD047607,CUST00343,P012,Air Fryer,Home,Ahmedabad,Store,Net Banking,2,7727.92,0.05,15455.84,14683.05,0,1905.13,2025,7,July,Monday,15455.84,14683.047999999999
2025-07-07,ORD019293,CUST01876,P016,Sofa,Furniture,Chennai,Online,UPI,1,32262.34,0.2,32262.34,25809.87,0,3809.7,2025,7,July,Monday,32262.34,25809.872000000003
2025-07-07,ORD044855,CUST02966,P006,Desk,Furniture,Ahmedabad,Store,Credit Card,1,12776.42,0.1,12776.42,11498.78,0,782.59,2025,7,July,Monday,12776.42,11498.778
2025-07-07,ORD011143,CUST01682,P011,Mixer Grinder,Home,Chennai,Online,UPI,1,4843.61,0.1,4843.61,4359.25,0,1198.54,2025,7,July,Monday,4843.61,4359.249
2025-07-07,ORD032982,CUST04929,P008,Running Shoes,Fashion,Mumbai,Online,Credit Card,1,3898.33,0.1,3898.33,3508.5,0,273.19,2025,7,July,Monday,3898.33,3508.497
2025-07-07,ORD034069,CUST04260,P020,Microwave,Home,Hyderabad,Online,Debit Card,1,11120.74,0.2,11120.74,8896.59,0,1532.45,2025,7,July,Monday,11120.74,8896.592
2025-07-07,ORD026652,CUST02995,P012,Air Fryer,Home,Hyderabad,Online,Credit Card,1,6754.9,0.15,6754.9,5741.66,0,1318.84,2025,7,July,Monday,6754.9,5741.665
2025-07-07,ORD008743,CUST02530,P014,Keyboard,Electronics,Hyderabad,Online,UPI,1,2421.85,0.15,2421.85,2058.57,0,289.05,2025,7,July,Monday,2421.85,2058.5724999999998
2025-07-07,ORD041639,CUST00218,P006,Desk,Furniture,Jaipur,Store,UPI,1,13193.28,0.15,13193.28,11214.29,0,2911.42,2025,7,July,Monday,13193.28,11214.288
2025-07-07,ORD003608,CUST01720,P002,Smartphone,Electronics,Pune,Online,UPI,2,26627.42,0.1,53254.84,47929.36,0,12701.06,2025,7,July,Monday,53254.84,47929.356
2025-07-07,ORD041868,CUST02017,P018,Jacket,Fashion,Chennai,Online,UPI,1,5197.75,0.0,5197.75,5197.75,0,916.29,2025,7,July,Monday,5197.75,5197.75
2025-07-07,ORD018776,CUST00175,P020,Microwave,Home,Hyderabad,Store,Credit Card,1,9985.9,0.05,9985.9,9486.6,0,2362.56,2025,7,July,Monday,9985.9,9486.605
2025-07-07,ORD028344,CUST04310,P020,Microwave,Home,Kolkata,Store,UPI,3,12061.96,0.2,36185.88,28948.7,0,2652.23,2025,7,July,Monday,36185.88,28948.703999999998
2025-07-07,ORD000843,CUST04527,P008,Running Shoes,Fashion,Pune,Store,Debit Card,5,4107.61,0.0,20538.05,20538.05,0,4250.0,2025,7,July,Monday,20538.05,20538.05
2025-07-07,ORD005200,CUST03015,P008,Running Shoes,Fashion,Delhi,Store,UPI,1,4469.08,0.1,4469.08,4022.17,0,748.06,2025,7,July,Monday,4469.08,4022.172
2025-07-07,ORD012113,CUST00785,P001,Laptop,Electronics,Hyderabad,Online,Debit Card,1,62438.51,0.05,62438.51,59316.58,0,16519.3,2025,7,July,Monday,62438.51,59316.5845
2025-07-07,ORD045132,CUST04878,P004,Smartwatch,Electronics,Kolkata,Online,Credit Card,1,7338.36,0.15,7338.36,6237.61,0,340.58,2025,7,July,Monday,7338.36,6237.606
2025-07-07,ORD019961,CUST01936,P012,Air Fryer,Home,Bengaluru,Store,UPI,1,7835.61,0.05,7835.61,7443.83,0,532.51,2025,7,July,Monday,7835.61,7443.829499999999
2025-07-07,ORD034247,CUST02245,P014,Keyboard,Electronics,Ahmedabad,Store,Credit Card,3,2250.28,0.1,6750.84,6075.76,0,1007.54,2025,7,July,Monday,6750.84,6075.756
2025-07-07,ORD038274,CUST04193,P011,Mixer Grinder,Home,Ahmedabad,Online,UPI,1,4499.34,0.1,4499.34,4049.41,0,921.5,2025,7,July,Monday,4499.34,4049.4060000000004
2025-07-07,ORD023740,CUST00256,P015,Dining Table,Furniture,Pune,Store,UPI,1,20758.58,0.0,20758.58,20758.58,0,2031.03,2025,7,July,Monday,20758.58,20758.58
2025-07-07,ORD002768,CUST04871,P003,Headphones,Electronics,Pune,Store,UPI,2,4759.42,0.0,9518.84,9518.84,0,772.83,2025,7,July,Monday,9518.84,9518.84
2025-07-07,ORD018121,CUST03617,P007,Backpack,Accessories,Delhi,Online,Debit Card,1,2320.73,0.1,2320.73,2088.66,0,400.01,2025,7,July,Monday,2320.73,2088.657
2025-07-07,ORD036975,CUST02891,P018,Jacket,Fashion,Bengaluru,Online,UPI,1,5352.82,0.15,5352.82,4549.9,0,458.79,2025,7,July,Monday,5352.82,4549.897
2025-07-07,ORD031895,CUST01546,P020,Microwave,Home,Bengaluru,Online,UPI,1,10644.42,0.0,10644.42,10644.42,0,2748.75,2025,7,July,Monday,10644.42,10644.42
2025-07-07,ORD012297,CUST02724,P010,Coffee Maker,Home,Surat,Store,UPI,4,5889.82,0.1,23559.28,21203.35,0,3767.37,2025,7,July,Monday,23559.28,21203.352
2025-07-07,ORD035452,CUST04840,P019,Vacuum Cleaner,Home,Mumbai,Online,Net Banking,1,8640.2,0.1,8640.2,7776.18,1,-388.81,2025,7,July,Monday,8640.2,7776.180000000001
2025-07-07,ORD013250,CUST04436,P017,Jeans,Fashion,Pune,Online,Debit Card,1,2590.44,0.05,2590.44,2460.92,0,289.33,2025,7,July,Monday,2590.44,2460.918
2025-07-07,ORD044666,CUST00969,P017,Jeans,Fashion,Ahmedabad,Store,Credit Card,2,2834.27,0.1,5668.54,5101.69,0,681.18,2025,7,July,Monday,5668.54,5101.686
2025-07-07,ORD006471,CUST03893,P008,Running Shoes,Fashion,Surat,Store,Credit Card,1,4087.72,0.1,4087.72,3678.95,0,581.48,2025,7,July,Monday,4087.72,3678.948
2025-07-07,ORD000176,CUST02445,P020,Microwave,Home,Ahmedabad,Store,Debit Card,1,11683.51,0.1,11683.51,10515.16,0,2619.37,2025,7,July,Monday,11683.51,10515.159
2025-07-07,ORD041538,CUST03863,P013,Monitor,Electronics,Pune,Online,Cash,1,18296.95,0.0,18296.95,18296.95,0,2713.72,2025,7,July,Monday,18296.95,18296.95
2025-07-07,ORD048006,CUST04929,P005,Office Chair,Furniture,Surat,Online,UPI,4,9093.71,0.15,36374.84,30918.61,0,1966.1,2025,7,July,Monday,36374.84,30918.613999999998
2025-07-07,ORD028511,CUST04856,P011,Mixer Grinder,Home,Delhi,Online,Net Banking,4,4345.26,0.2,17381.04,13904.83,0,1167.58,2025,7,July,Monday,17381.04,13904.832000000002
2025-07-07,ORD009356,CUST04098,P017,Jeans,Fashion,Bengaluru,Store,Net Banking,1,2647.76,0.0,2647.76,2647.76,0,708.92,2025,7,July,Monday,2647.76,2647.76
2025-07-07,ORD017385,CUST01728,P003,Headphones,Electronics,Chennai,Online,Debit Card,3,4306.14,0.0,12918.42,12918.42,1,-645.92,2025,7,July,Monday,12918.420000000002,12918.42
2025-07-08,ORD005824,CUST00764,P018,Jacket,Fashion,Chennai,Online,Debit Card,1,5394.52,0.05,5394.52,5124.79,0,483.29,2025,7,July,Tuesday,5394.52,5124.794
2025-07-08,ORD018972,CUST01355,P003,Headphones,Electronics,Chennai,Online,Cash,3,4429.48,0.1,13288.44,11959.6,0,739.81,2025,7,July,Tuesday,13288.439999999999,11959.596000000001
2025-07-08,ORD047993,CUST04144,P016,Sofa,Furniture,Pune,Store,Credit Card,5,32563.98,0.2,162819.9,130255.92,0,27454.9,2025,7,July,Tuesday,162819.9,130255.92
2025-07-08,ORD031436,CUST01909,P006,Desk,Furniture,Chennai,Online,Cash,3,11696.84,0.0,35090.52,35090.52,0,8623.88,2025,7,July,Tuesday,35090.520000000004,35090.52
2025-07-08,ORD047585,CUST03269,P001,Laptop,Electronics,Bengaluru,Online,UPI,1,71011.39,0.1,71011.39,63910.25,0,7654.71,2025,7,July,Tuesday,71011.39,63910.251000000004
2025-07-08,ORD034381,CUST01977,P014,Keyboard,Electronics,Bengaluru,Online,UPI,2,2609.76,0.0,5219.52,5219.52,0,745.66,2025,7,July,Tuesday,5219.52,5219.52
2025-07-08,ORD044552,CUST03803,P020,Microwave,Home,Mumbai,Store,Credit Card,1,11946.86,0.05,11946.86,11349.52,0,838.52,2025,7,July,Tuesday,11946.86,11349.517
2025-07-08,ORD049872,CUST02083,P010,Coffee Maker,Home,Pune,Online,UPI,1,5213.7,0.0,5213.7,5213.7,0,805.04,2025,7,July,Tuesday,5213.7,5213.7
2025-07-08,ORD006815,CUST01604,P009,T-Shirt,Fashion,Delhi,Store,UPI,1,1149.7,0.1,1149.7,1034.73,0,193.32,2025,7,July,Tuesday,1149.7,1034.73
2025-07-08,ORD017961,CUST01485,P020,Microwave,Home,Chennai,Store,Credit Card,2,10582.46,0.1,21164.92,19048.43,0,2696.94,2025,7,July,Tuesday,21164.92,19048.428
2025-07-08,ORD033264,CUST02420,P013,Monitor,Electronics,Mumbai,Online,UPI,1,19685.82,0.05,19685.82,18701.53,0,3372.6,2025,7,July,Tuesday,19685.82,18701.529
2025-07-08,ORD044766,CUST02180,P016,Sofa,Furniture,Surat,Store,UPI,1,37945.33,0.0,37945.33,37945.33,0,7941.11,2025,7,July,Tuesday,37945.33,37945.33
2025-07-08,ORD044569,CUST04471,P001,Laptop,Electronics,Mumbai,Online,Credit Card,3,61850.92,0.0,185552.76,185552.76,0,47540.67,2025,7,July,Tuesday,185552.76,185552.76
2025-07-08,ORD027403,CUST03255,P008,Running Shoes,Fashion,Pune,Online,UPI,1,4271.71,0.05,4271.71,4058.12,0,409.54,2025,7,July,Tuesday,4271.71,4058.1245
2025-07-08,ORD044222,CUST04102,P011,Mixer Grinder,Home,Surat,Online,Credit Card,1,4877.05,0.05,4877.05,4633.2,0,1305.73,2025,7,July,Tuesday,4877.05,4633.1975
2025-07-08,ORD004155,CUST01203,P014,Keyboard,Electronics,Hyderabad,Online,UPI,1,2539.01,0.15,2539.01,2158.16,1,-107.91,2025,7,July,Tuesday,2539.01,2158.1585
2025-07-08,ORD037172,CUST03122,P003,Headphones,Electronics,Jaipur,Store,Credit Card,1,4268.24,0.1,4268.24,3841.42,0,947.46,2025,7,July,Tuesday,4268.24,3841.4159999999997
2025-07-08,ORD008405,CUST01147,P010,Coffee Maker,Home,Hyderabad,Online,UPI,3,5716.53,0.1,17149.59,15434.63,0,1093.82,2025,7,July,Tuesday,17149.59,15434.631000000001
2025-07-08,ORD016232,CUST02336,P015,Dining Table,Furniture,Bengaluru,Online,Credit Card,3,20454.78,0.0,61364.34,61364.34,0,15182.64,2025,7,July,Tuesday,61364.34,61364.34
2025-07-08,ORD038694,CUST00424,P020,Microwave,Home,Chennai,Online,UPI,2,11641.43,0.1,23282.86,20954.57,0,1453.53,2025,7,July,Tuesday,23282.86,20954.574
2025-07-08,ORD042669,CUST00520,P016,Sofa,Furniture,Delhi,Online,Credit Card,1,35183.09,0.1,35183.09,31664.78,0,2916.13,2025,7,July,Tuesday,35183.09,31664.781
2025-07-08,ORD012936,CUST03647,P009,T-Shirt,Fashion,Ahmedabad,Store,Net Banking,2,1245.59,0.15,2491.18,2117.5,0,310.91,2025,7,July,Tuesday,2491.18,2117.5029999999997
2025-07-08,ORD008721,CUST03034,P018,Jacket,Fashion,Chennai,Store,UPI,5,5240.55,0.1,26202.75,23582.48,0,2430.7,2025,7,July,Tuesday,26202.75,23582.475000000002
2025-07-08,ORD044884,CUST00778,P007,Backpack,Accessories,Kolkata,Online,UPI,1,2296.1,0.1,2296.1,2066.49,0,559.37,2025,7,July,Tuesday,2296.1,2066.49
2025-07-08,ORD010196,CUST04008,P005,Office Chair,Furniture,Mumbai,Online,Cash,1,8930.66,0.15,8930.66,7591.06,0,1449.98,2025,7,July,Tuesday,8930.66,7591.061
2025-07-08,ORD027734,CUST04896,P019,Vacuum Cleaner,Home,Jaipur,Online,UPI,1,8926.57,0.15,8926.57,7587.58,0,1066.28,2025,7,July,Tuesday,8926.57,7587.5845
2025-07-08,ORD046868,CUST01811,P015,Dining Table,Furniture,Hyderabad,Online,Credit Card,2,20874.88,0.25,41749.76,31312.32,0,2197.83,2025,7,July,Tuesday,41749.76,31312.32
2025-07-08,ORD020890,CUST00974,P017,Jeans,Fashion,Kolkata,Online,Net Banking,2,2870.18,0.2,5740.36,4592.29,0,848.36,2025,7,July,Tuesday,5740.36,4592.288
2025-07-08,ORD029747,CUST02178,P017,Jeans,Fashion,Delhi,Store,Credit Card,2,2772.91,0.2,5545.82,4436.66,0,643.05,2025,7,July,Tuesday,5545.82,4436.656
2025-07-08,ORD036426,CUST03695,P017,Jeans,Fashion,Mumbai,Online,Credit Card,2,3050.2,0.05,6100.4,5795.38,0,1560.11,2025,7,July,Tuesday,6100.4,5795.379999999999
2025-07-08,ORD039386,CUST00513,P015,Dining Table,Furniture,Hyderabad,Online,Credit Card,1,22195.76,0.15,22195.76,18866.4,0,1729.68,2025,7,July,Tuesday,22195.76,18866.395999999997
2025-07-08,ORD011802,CUST03727,P001,Laptop,Electronics,Kolkata,Online,UPI,1,69391.93,0.1,69391.93,62452.74,0,15818.29,2025,7,July,Tuesday,69391.93,62452.736999999994
2025-07-08,ORD007594,CUST02479,P001,Laptop,Electronics,Pune,Online,Credit Card,1,64167.35,0.1,64167.35,57750.62,0,14755.65,2025,7,July,Tuesday,64167.35,57750.615
2025-07-08,ORD038208,CUST00312,P017,Jeans,Fashion,Kolkata,Online,Net Banking,1,2785.18,0.15,2785.18,2367.4,0,396.88,2025,7,July,Tuesday,2785.18,2367.403
2025-07-08,ORD030798,CUST03407,P016,Sofa,Furniture,Pune,Online,Credit Card,5,37157.56,0.15,185787.8,157919.63,0,21892.79,2025,7,July,Tuesday,185787.8,157919.62999999998
2025-07-08,ORD027358,CUST04033,P010,Coffee Maker,Home,Mumbai,Online,Cash,1,5828.41,0.2,5828.41,4662.73,0,722.81,2025,7,July,Tuesday,5828.41,4662.728
2025-07-08,ORD023881,CUST04263,P003,Headphones,Electronics,Chennai,Store,UPI,5,4121.8,0.1,20609.0,18548.1,0,3916.24,2025,7,July,Tuesday,20609.0,18548.100000000002
2025-07-08,ORD012118,CUST00375,P007,Backpack,Accessories,Chennai,Online,UPI,1,2176.18,0.05,2176.18,2067.37,0,275.68,2025,7,July,Tuesday,2176.18,2067.3709999999996
2025-07-08,ORD041206,CUST00561,P015,Dining Table,Furniture,Bengaluru,Online,Credit Card,3,23116.41,0.15,69349.23,58946.85,0,15038.02,2025,7,July,Tuesday,69349.23,58946.845499999996
2025-07-08,ORD032040,CUST04267,P015,Dining Table,Furniture,Delhi,Store,UPI,2,23900.89,0.25,47801.78,35851.34,1,-1792.57,2025,7,July,Tuesday,47801.78,35851.335
2025-07-08,ORD031653,CUST04124,P010,Coffee Maker,Home,Chennai,Online,UPI,1,5334.69,0.1,5334.69,4801.22,0,626.47,2025,7,July,Tuesday,5334.69,4801.221
2025-07-08,ORD043015,CUST04117,P004,Smartwatch,Electronics,Delhi,Online,Net Banking,1,6315.05,0.15,6315.05,5367.79,0,1339.91,2025,7,July,Tuesday,6315.05,5367.7925
2025-07-08,ORD010979,CUST00881,P011,Mixer Grinder,Home,Kolkata,Online,UPI,1,4682.33,0.1,4682.33,4214.1,0,753.62,2025,7,July,Tuesday,4682.33,4214.097
2025-07-08,ORD023155,CUST03804,P017,Jeans,Fashion,Pune,Online,Net Banking,1,2854.63,0.15,2854.63,2426.44,0,435.52,2025,7,July,Tuesday,2854.63,2426.4355
2025-07-08,ORD014864,CUST01472,P004,Smartwatch,Electronics,Hyderabad,Online,Cash,3,6881.9,0.1,20645.7,18581.13,0,3171.94,2025,7,July,Tuesday,20645.699999999997,18581.13
2025-07-08,ORD024810,CUST03845,P015,Dining Table,Furniture,Mumbai,Store,Credit Card,1,22092.23,0.1,22092.23,19883.01,0,2424.51,2025,7,July,Tuesday,22092.23,19883.007
2025-07-08,ORD039324,CUST00914,P002,Smartphone,Electronics,Pune,Store,UPI,1,25826.09,0.15,25826.09,21952.18,0,2340.9,2025,7,July,Tuesday,25826.09,21952.176499999998
2025-07-08,ORD022146,CUST01647,P015,Dining Table,Furniture,Ahmedabad,Online,Debit Card,1,23743.77,0.05,23743.77,22556.58,0,3322.82,2025,7,July,Tuesday,23743.77,22556.5815
2025-07-08,ORD001186,CUST03409,P007,Backpack,Accessories,Mumbai,Store,UPI,2,2351.54,0.05,4703.08,4467.93,0,1026.81,2025,7,July,Tuesday,4703.08,4467.9259999999995
2025-07-08,ORD040755,CUST01986,P015,Dining Table,Furniture,Delhi,Online,Credit Card,1,21057.43,0.05,21057.43,20004.56,0,3748.24,2025,7,July,Tuesday,21057.43,20004.5585
2025-07-08,ORD047346,CUST01565,P017,Jeans,Fashion,Jaipur,Store,UPI,1,2768.69,0.0,2768.69,2768.69,0,677.43,2025,7,July,Tuesday,2768.69,2768.69
2025-07-08,ORD044264,CUST02916,P003,Headphones,Electronics,Hyderabad,Online,UPI,1,4290.66,0.0,4290.66,4290.66,1,-214.53,2025,7,July,Tuesday,4290.66,4290.66
2025-07-08,ORD002632,CUST03876,P005,Office Chair,Furniture,Bengaluru,Store,Credit Card,5,9691.31,0.0,48456.55,48456.55,0,8342.75,2025,7,July,Tuesday,48456.549999999996,48456.55
2025-07-08,ORD012003,CUST03593,P014,Keyboard,Electronics,Surat,Online,Credit Card,1,2579.68,0.0,2579.68,2579.68,0,612.94,2025,7,July,Tuesday,2579.68,2579.68
2025-07-08,ORD034955,CUST03292,P019,Vacuum Cleaner,Home,Ahmedabad,Online,UPI,4,8475.06,0.05,33900.24,32205.23,0,4921.47,2025,7,July,Tuesday,33900.24,32205.227999999996
2025-07-08,ORD047524,CUST01196,P015,Dining Table,Furniture,Mumbai,Online,UPI,3,23759.38,0.1,71278.14,64150.33,0,11105.43,2025,7,July,Tuesday,71278.14,64150.326
2025-07-08,ORD010411,CUST04966,P007,Backpack,Accessories,Mumbai,Store,Cash,2,2316.26,0.05,4632.52,4400.89,0,971.83,2025,7,July,Tuesday,4632.52,4400.894
2025-07-08,ORD017432,CUST04371,P004,Smartwatch,Electronics,Chennai,Store,UPI,1,6957.42,0.1,6957.42,6261.68,0,869.35,2025,7,July,Tuesday,6957.42,6261.678
2025-07-08,ORD043100,CUST00101,P005,Office Chair,Furniture,Mumbai,Online,UPI,2,10152.19,0.0,20304.38,20304.38,0,5035.62,2025,7,July,Tuesday,20304.38,20304.38
2025-07-08,ORD024414,CUST00002,P004,Smartwatch,Electronics,Pune,Online,Credit Card,1,7452.46,0.2,7452.46,5961.97,0,1500.73,2025,7,July,Tuesday,7452.46,5961.968000000001
2025-07-08,ORD007226,CUST02469,P002,Smartphone,Electronics,Hyderabad,Online,Debit Card,1,30438.97,0.1,30438.97,27395.07,0,4450.35,2025,7,July,Tuesday,30438.97,27395.073
2025-07-08,ORD032342,CUST03447,P010,Coffee Maker,Home,Jaipur,Online,UPI,1,5329.29,0.15,5329.29,4529.9,0,660.02,2025,7,July,Tuesday,5329.29,4529.8965
2025-07-08,ORD027137,CUST03745,P003,Headphones,Electronics,Delhi,Store,UPI,1,4262.23,0.05,4262.23,4049.12,0,1089.52,2025,7,July,Tuesday,4262.23,4049.1184999999996
2025-07-08,ORD046259,CUST04033,P009,T-Shirt,Fashion,Ahmedabad,Online,Cash,1,1177.95,0.15,1177.95,1001.26,0,155.54,2025,7,July,Tuesday,1177.95,1001.2575
2025-07-08,ORD041440,CUST04472,P015,Dining Table,Furniture,Mumbai,Online,Cash,1,23187.66,0.0,23187.66,23187.66,0,6542.54,2025,7,July,Tuesday,23187.66,23187.66
2025-07-08,ORD014617,CUST01126,P010,Coffee Maker,Home,Mumbai,Online,Cash,2,5323.81,0.0,10647.62,10647.62,0,3046.55,2025,7,July,Tuesday,10647.62,10647.62
2025-07-08,ORD011338,CUST04670,P004,Smartwatch,Electronics,Hyderabad,Online,Cash,1,6655.1,0.1,6655.1,5989.59,1,-299.48,2025,7,July,Tuesday,6655.1,5989.59
2025-07-08,ORD043075,CUST03731,P012,Air Fryer,Home,Delhi,Online,Debit Card,1,6771.28,0.1,6771.28,6094.15,0,813.3,2025,7,July,Tuesday,6771.28,6094.152
2025-07-08,ORD035435,CUST03265,P017,Jeans,Fashion,Kolkata,Online,UPI,5,2563.44,0.2,12817.2,10253.76,0,1110.94,2025,7,July,Tuesday,12817.2,10253.760000000002
2025-07-08,ORD031096,CUST04049,P007,Backpack,Accessories,Pune,Store,UPI,3,2129.54,0.15,6388.62,5430.33,0,1393.84,2025,7,July,Tuesday,6388.62,5430.326999999999
2025-07-08,ORD031707,CUST02993,P019,Vacuum Cleaner,Home,Ahmedabad,Online,Debit Card,1,8324.59,0.1,8324.59,7492.13,0,1841.4,2025,7,July,Tuesday,8324.59,7492.131
2025-07-08,ORD021093,CUST00464,P015,Dining Table,Furniture,Pune,Store,UPI,1,20216.59,0.1,20216.59,18194.93,1,-909.75,2025,7,July,Tuesday,20216.59,18194.931
2025-07-08,ORD047908,CUST03042,P014,Keyboard,Electronics,Chennai,Online,UPI,1,2422.12,0.1,2422.12,2179.91,0,513.84,2025,7,July,Tuesday,2422.12,2179.908
2025-07-08,ORD007610,CUST04452,P004,Smartwatch,Electronics,Kolkata,Online,Debit Card,2,6445.96,0.1,12891.92,11602.73,0,1384.97,2025,7,July,Tuesday,12891.92,11602.728000000001
2025-07-09,ORD007344,CUST03404,P014,Keyboard,Electronics,Jaipur,Store,Credit Card,1,2575.05,0.1,2575.05,2317.54,0,498.36,2025,7,July,Wednesday,2575.05,2317.545
2025-07-09,ORD049812,CUST04505,P015,Dining Table,Furniture,Chennai,Store,Debit Card,2,23897.11,0.05,47794.22,45404.51,0,5809.43,2025,7,July,Wednesday,47794.22,45404.509
2025-07-09,ORD008946,CUST03044,P003,Headphones,Electronics,Pune,Store,Cash,1,4232.93,0.05,4232.93,4021.28,0,487.0,2025,7,July,Wednesday,4232.93,4021.2835
2025-07-09,ORD042388,CUST00396,P003,Headphones,Electronics,Chennai,Online,Credit Card,1,4154.02,0.05,4154.02,3946.32,0,336.86,2025,7,July,Wednesday,4154.02,3946.3190000000004
2025-07-09,ORD002540,CUST03526,P002,Smartphone,Electronics,Surat,Online,Net Banking,2,25739.79,0.1,51479.58,46331.62,0,12699.21,2025,7,July,Wednesday,51479.58,46331.622
2025-07-09,ORD021250,CUST01183,P009,T-Shirt,Fashion,Jaipur,Online,UPI,1,1265.22,0.0,1265.22,1265.22,0,112.81,2025,7,July,Wednesday,1265.22,1265.22
2025-07-09,ORD001594,CUST01675,P005,Office Chair,Furniture,Jaipur,Store,UPI,1,8925.92,0.05,8925.92,8479.62,0,1716.0,2025,7,July,Wednesday,8925.92,8479.624
2025-07-09,ORD028507,CUST02804,P005,Office Chair,Furniture,Chennai,Online,Debit Card,1,9065.52,0.05,9065.52,8612.24,0,759.95,2025,7,July,Wednesday,9065.52,8612.244
2025-07-09,ORD007011,CUST02789,P012,Air Fryer,Home,Ahmedabad,Online,Credit Card,4,7168.52,0.0,28674.08,28674.08,0,5463.17,2025,7,July,Wednesday,28674.08,28674.08
2025-07-09,ORD008465,CUST00882,P008,Running Shoes,Fashion,Ahmedabad,Store,UPI,2,4006.71,0.15,8013.42,6811.41,0,994.33,2025,7,July,Wednesday,8013.42,6811.407
2025-07-09,ORD023190,CUST01347,P004,Smartwatch,Electronics,Hyderabad,Online,Net Banking,1,7204.88,0.1,7204.88,6484.39,0,961.33,2025,7,July,Wednesday,7204.88,6484.392
2025-07-09,ORD002688,CUST03772,P002,Smartphone,Electronics,Ahmedabad,Online,Net Banking,1,25614.1,0.05,25614.1,24333.39,0,7042.33,2025,7,July,Wednesday,25614.1,24333.394999999997
2025-07-09,ORD024259,CUST00364,P006,Desk,Furniture,Mumbai,Online,UPI,1,11155.54,0.15,11155.54,9482.21,1,-474.11,2025,7,July,Wednesday,11155.54,9482.209
2025-07-09,ORD038947,CUST01372,P014,Keyboard,Electronics,Delhi,Online,Credit Card,4,2508.94,0.2,10035.76,8028.61,0,1626.08,2025,7,July,Wednesday,10035.76,8028.608
2025-07-09,ORD036713,CUST04444,P009,T-Shirt,Fashion,Ahmedabad,Store,Cash,1,1128.87,0.1,1128.87,1015.98,0,263.88,2025,7,July,Wednesday,1128.87,1015.983
2025-07-09,ORD028941,CUST02063,P011,Mixer Grinder,Home,Jaipur,Online,Debit Card,1,4368.27,0.2,4368.27,3494.62,0,694.32,2025,7,July,Wednesday,4368.27,3494.6160000000004
2025-07-09,ORD002700,CUST02932,P011,Mixer Grinder,Home,Kolkata,Online,Debit Card,1,4589.01,0.1,4589.01,4130.11,0,890.92,2025,7,July,Wednesday,4589.01,4130.109
2025-07-09,ORD011032,CUST00660,P018,Jacket,Fashion,Surat,Online,Debit Card,3,5402.87,0.15,16208.61,13777.32,0,2671.88,2025,7,July,Wednesday,16208.61,13777.3185
2025-07-09,ORD035434,CUST03439,P012,Air Fryer,Home,Mumbai,Store,Debit Card,1,7706.93,0.1,7706.93,6936.24,1,-346.81,2025,7,July,Wednesday,7706.93,6936.237
2025-07-09,ORD044009,CUST01057,P016,Sofa,Furniture,Ahmedabad,Online,Net Banking,1,38112.33,0.05,38112.33,36206.71,0,2660.41,2025,7,July,Wednesday,38112.33,36206.7135
2025-07-09,ORD026249,CUST00324,P019,Vacuum Cleaner,Home,Delhi,Store,Credit Card,2,9501.37,0.1,19002.74,17102.47,0,1479.15,2025,7,July,Wednesday,19002.74,17102.466
2025-07-09,ORD039096,CUST02855,P007,Backpack,Accessories,Kolkata,Online,UPI,1,1991.13,0.05,1991.13,1891.57,0,403.25,2025,7,July,Wednesday,1991.13,1891.5735
2025-07-09,ORD015228,CUST04609,P008,Running Shoes,Fashion,Mumbai,Online,Credit Card,1,4110.75,0.15,4110.75,3494.14,0,717.28,2025,7,July,Wednesday,4110.75,3494.1375
2025-07-09,ORD039218,CUST01243,P006,Desk,Furniture,Bengaluru,Online,UPI,2,13056.91,0.25,26113.82,19585.36,0,3956.45,2025,7,July,Wednesday,26113.82,19585.364999999998
2025-07-09,ORD018501,CUST03546,P013,Monitor,Electronics,Jaipur,Store,UPI,4,17308.1,0.1,69232.4,62309.16,0,7329.44,2025,7,July,Wednesday,69232.4,62309.159999999996
2025-07-09,ORD026782,CUST02659,P009,T-Shirt,Fashion,Ahmedabad,Online,UPI,1,1310.08,0.1,1310.08,1179.07,0,202.65,2025,7,July,Wednesday,1310.08,1179.072
2025-07-09,ORD034951,CUST00947,P010,Coffee Maker,Home,Hyderabad,Online,UPI,1,5752.9,0.0,5752.9,5752.9,0,585.52,2025,7,July,Wednesday,5752.9,5752.9
2025-07-09,ORD028684,CUST00833,P015,Dining Table,Furniture,Surat,Store,Net Banking,1,22960.23,0.15,22960.23,19516.2,0,2534.48,2025,7,July,Wednesday,22960.23,19516.195499999998
2025-07-09,ORD022169,CUST01610,P015,Dining Table,Furniture,Ahmedabad,Store,Credit Card,2,24055.95,0.05,48111.9,45706.3,0,3662.01,2025,7,July,Wednesday,48111.9,45706.305
2025-07-09,ORD014483,CUST01315,P011,Mixer Grinder,Home,Hyderabad,Online,Cash,1,4321.02,0.05,4321.02,4104.97,0,988.82,2025,7,July,Wednesday,4321.02,4104.969
2025-07-09,ORD039366,CUST00487,P009,T-Shirt,Fashion,Hyderabad,Online,Credit Card,2,1154.14,0.0,2308.28,2308.28,0,191.46,2025,7,July,Wednesday,2308.28,2308.28
2025-07-09,ORD009400,CUST02609,P018,Jacket,Fashion,Jaipur,Store,Debit Card,4,4948.99,0.2,19795.96,15836.77,0,2270.09,2025,7,July,Wednesday,19795.96,15836.768
2025-07-09,ORD038759,CUST01216,P004,Smartwatch,Electronics,Surat,Store,Cash,2,6496.38,0.05,12992.76,12343.12,0,2963.06,2025,7,July,Wednesday,12992.76,12343.122
2025-07-09,ORD038091,CUST00586,P010,Coffee Maker,Home,Jaipur,Online,Credit Card,1,5871.17,0.05,5871.17,5577.61,0,902.67,2025,7,July,Wednesday,5871.17,5577.6115
2025-07-09,ORD011290,CUST03886,P020,Microwave,Home,Bengaluru,Online,Credit Card,3,12005.24,0.1,36015.72,32414.15,1,-1620.71,2025,7,July,Wednesday,36015.72,32414.148
2025-07-09,ORD035347,CUST02628,P011,Mixer Grinder,Home,Kolkata,Online,UPI,1,5272.32,0.25,5272.32,3954.24,0,249.13,2025,7,July,Wednesday,5272.32,3954.24
2025-07-09,ORD019647,CUST00535,P009,T-Shirt,Fashion,Surat,Online,Credit Card,3,1210.07,0.15,3630.21,3085.68,0,606.65,2025,7,July,Wednesday,3630.21,3085.6785
2025-07-09,ORD030380,CUST01127,P019,Vacuum Cleaner,Home,Hyderabad,Store,Net Banking,1,9158.97,0.25,9158.97,6869.23,0,565.21,2025,7,July,Wednesday,9158.97,6869.227499999999
2025-07-09,ORD017589,CUST04807,P001,Laptop,Electronics,Kolkata,Online,Credit Card,2,66412.4,0.15,132824.8,112901.08,0,6876.94,2025,7,July,Wednesday,132824.8,112901.07999999999
2025-07-09,ORD009792,CUST01454,P008,Running Shoes,Fashion,Pune,Online,Credit Card,3,4462.56,0.05,13387.68,12718.3,1,-635.92,2025,7,July,Wednesday,13387.68,12718.296
2025-07-09,ORD043091,CUST03408,P011,Mixer Grinder,Home,Chennai,Online,Net Banking,1,5216.68,0.05,5216.68,4955.85,0,1256.89,2025,7,July,Wednesday,5216.68,4955.8460000000005
2025-07-09,ORD036550,CUST00902,P007,Backpack,Accessories,Surat,Online,Debit Card,1,2176.68,0.0,2176.68,2176.68,0,352.49,2025,7,July,Wednesday,2176.68,2176.68
2025-07-09,ORD026301,CUST02599,P005,Office Chair,Furniture,Ahmedabad,Online,Debit Card,1,10142.96,0.1,10142.96,9128.66,0,646.74,2025,7,July,Wednesday,10142.96,9128.663999999999
2025-07-09,ORD045134,CUST00362,P016,Sofa,Furniture,Pune,Online,Debit Card,1,37416.36,0.0,37416.36,37416.36,0,11041.02,2025,7,July,Wednesday,37416.36,37416.36
2025-07-09,ORD007555,CUST02630,P018,Jacket,Fashion,Pune,Store,UPI,2,4888.27,0.2,9776.54,7821.23,0,372.18,2025,7,July,Wednesday,9776.54,7821.232000000001
2025-07-09,ORD036478,CUST00903,P020,Microwave,Home,Pune,Online,UPI,1,11551.32,0.05,11551.32,10973.75,0,2331.58,2025,7,July,Wednesday,11551.32,10973.753999999999
2025-07-09,ORD032787,CUST03446,P007,Backpack,Accessories,Hyderabad,Online,Credit Card,1,2003.68,0.0,2003.68,2003.68,0,432.19,2025,7,July,Wednesday,2003.68,2003.68
2025-07-09,ORD021732,CUST03050,P020,Microwave,Home,Mumbai,Online,Net Banking,1,11158.55,0.1,11158.55,10042.7,0,682.62,2025,7,July,Wednesday,11158.55,10042.695
2025-07-09,ORD038719,CUST00246,P017,Jeans,Fashion,Kolkata,Online,UPI,1,2728.23,0.2,2728.23,2182.58,0,483.0,2025,7,July,Wednesday,2728.23,2182.5840000000003
2025-07-09,ORD034172,CUST04720,P014,Keyboard,Electronics,Ahmedabad,Online,Cash,1,2537.94,0.15,2537.94,2157.25,0,365.58,2025,7,July,Wednesday,2537.94,2157.249
2025-07-09,ORD019749,CUST00935,P013,Monitor,Electronics,Pune,Store,UPI,1,19400.52,0.1,19400.52,17460.47,0,1145.77,2025,7,July,Wednesday,19400.52,17460.468
2025-07-09,ORD037785,CUST00823,P002,Smartphone,Electronics,Delhi,Online,Credit Card,1,30152.12,0.15,30152.12,25629.3,0,6564.31,2025,7,July,Wednesday,30152.12,25629.302
2025-07-09,ORD046398,CUST00474,P016,Sofa,Furniture,Chennai,Online,UPI,4,34554.4,0.0,138217.6,138217.6,0,26592.84,2025,7,July,Wednesday,138217.6,138217.6
2025-07-09,ORD031216,CUST02259,P013,Monitor,Electronics,Jaipur,Store,Debit Card,2,16944.22,0.1,33888.44,30499.6,0,4104.17,2025,7,July,Wednesday,33888.44,30499.596
2025-07-09,ORD034815,CUST01280,P001,Laptop,Electronics,Jaipur,Online,Cash,1,66360.85,0.05,66360.85,63042.81,0,4619.9,2025,7,July,Wednesday,66360.85,63042.8075
2025-07-09,ORD002298,CUST02040,P011,Mixer Grinder,Home,Hyderabad,Store,UPI,1,5082.62,0.1,5082.62,4574.36,0,1155.75,2025,7,July,Wednesday,5082.62,4574.358
2025-07-09,ORD044544,CUST03518,P008,Running Shoes,Fashion,Jaipur,Online,UPI,4,4078.99,0.0,16315.96,16315.96,0,3671.36,2025,7,July,Wednesday,16315.96,16315.96
2025-07-09,ORD006470,CUST02455,P011,Mixer Grinder,Home,Kolkata,Store,UPI,1,4735.4,0.0,4735.4,4735.4,0,856.02,2025,7,July,Wednesday,4735.4,4735.4
2025-07-09,ORD015974,CUST04465,P009,T-Shirt,Fashion,Kolkata,Online,Credit Card,2,1148.76,0.1,2297.52,2067.77,0,166.44,2025,7,July,Wednesday,2297.52,2067.768
2025-07-09,ORD049505,CUST01475,P011,Mixer Grinder,Home,Hyderabad,Store,Credit Card,2,4773.29,0.2,9546.58,7637.26,0,1140.84,2025,7,July,Wednesday,9546.58,7637.264
2025-07-09,ORD034234,CUST02151,P012,Air Fryer,Home,Delhi,Store,Credit Card,1,6493.11,0.05,6493.11,6168.45,0,1706.66,2025,7,July,Wednesday,6493.11,6168.4545
2025-07-09,ORD047158,CUST01304,P014,Keyboard,Electronics,Ahmedabad,Online,UPI,1,2438.85,0.25,2438.85,1829.14,0,209.63,2025,7,July,Wednesday,2438.85,1829.1374999999998
2025-07-09,ORD049012,CUST03694,P006,Desk,Furniture,Pune,Online,Credit Card,1,12616.68,0.1,12616.68,11355.01,0,2382.89,2025,7,July,Wednesday,12616.68,11355.012
2025-07-09,ORD010113,CUST02543,P008,Running Shoes,Fashion,Jaipur,Online,Cash,2,4209.95,0.25,8419.9,6314.92,0,415.17,2025,7,July,Wednesday,8419.9,6314.924999999999
2025-07-09,ORD031492,CUST03428,P020,Microwave,Home,Kolkata,Online,UPI,1,11008.88,0.0,11008.88,11008.88,0,3224.31,2025,7,July,Wednesday,11008.88,11008.88
2025-07-09,ORD011812,CUST04658,P019,Vacuum Cleaner,Home,Pune,Store,Credit Card,1,9140.25,0.25,9140.25,6855.19,0,1137.37,2025,7,July,Wednesday,9140.25,6855.1875
2025-07-09,ORD036387,CUST00266,P018,Jacket,Fashion,Bengaluru,Store,UPI,1,5646.5,0.15,5646.5,4799.52,0,373.51,2025,7,July,Wednesday,5646.5,4799.525
2025-07-09,ORD007819,CUST00039,P003,Headphones,Electronics,Bengaluru,Store,UPI,1,4844.0,0.0,4844.0,4844.0,0,1423.85,2025,7,July,Wednesday,4844.0,4844.0
2025-07-09,ORD002400,CUST04381,P010,Coffee Maker,Home,Pune,Store,Credit Card,1,5003.01,0.0,5003.01,5003.01,1,-250.15,2025,7,July,Wednesday,5003.01,5003.01
2025-07-09,ORD034276,CUST00907,P014,Keyboard,Electronics,Mumbai,Online,Credit Card,2,2576.14,0.05,5152.28,4894.67,0,1149.62,2025,7,July,Wednesday,5152.28,4894.665999999999
2025-07-09,ORD017890,CUST01371,P015,Dining Table,Furniture,Bengaluru,Online,Credit Card,1,23613.4,0.0,23613.4,23613.4,0,7069.45,2025,7,July,Wednesday,23613.4,23613.4
2025-07-09,ORD031754,CUST02725,P009,T-Shirt,Fashion,Chennai,Store,UPI,1,1088.0,0.0,1088.0,1088.0,0,178.6,2025,7,July,Wednesday,1088.0,1088.0
2025-07-09,ORD000500,CUST04182,P020,Microwave,Home,Surat,Store,UPI,4,10621.34,0.1,42485.36,38236.82,0,2603.04,2025,7,July,Wednesday,42485.36,38236.824
2025-07-09,ORD011502,CUST01497,P009,T-Shirt,Fashion,Mumbai,Online,Credit Card,1,1262.85,0.2,1262.85,1010.28,0,79.19,2025,7,July,Wednesday,1262.85,1010.28
2025-07-09,ORD040897,CUST00409,P012,Air Fryer,Home,Mumbai,Store,Net Banking,1,7410.55,0.0,7410.55,7410.55,0,1986.36,2025,7,July,Wednesday,7410.55,7410.55
2025-07-09,ORD036233,CUST01166,P011,Mixer Grinder,Home,Delhi,Store,Credit Card,1,4341.12,0.05,4341.12,4124.06,0,1153.72,2025,7,July,Wednesday,4341.12,4124.063999999999
2025-07-09,ORD034668,CUST03692,P001,Laptop,Electronics,Hyderabad,Online,Debit Card,4,61047.1,0.2,244188.4,195350.72,0,47236.5,2025,7,July,Wednesday,244188.4,195350.72
2025-07-09,ORD046878,CUST02509,P016,Sofa,Furniture,Hyderabad,Online,UPI,1,32691.68,0.15,32691.68,27787.93,0,4099.6,2025,7,July,Wednesday,32691.68,27787.928
2025-07-09,ORD029887,CUST02913,P020,Microwave,Home,Pune,Online,UPI,2,11513.34,0.15,23026.68,19572.68,0,4760.98,2025,7,July,Wednesday,23026.68,19572.678
2025-07-09,ORD021994,CUST03755,P018,Jacket,Fashion,Delhi,Store,UPI,3,5143.17,0.25,15429.51,11572.13,0,1962.37,2025,7,July,Wednesday,15429.51,11572.1325
2025-07-09,ORD009958,CUST02276,P017,Jeans,Fashion,Surat,Online,Credit Card,4,2866.38,0.25,11465.52,8599.14,0,1234.47,2025,7,July,Wednesday,11465.52,8599.14
2025-07-09,ORD016682,CUST04505,P018,Jacket,Fashion,Pune,Online,Debit Card,1,5088.41,0.1,5088.41,4579.57,0,1220.81,2025,7,July,Wednesday,5088.41,4579.569
2025-07-09,ORD014555,CUST00430,P002,Smartphone,Electronics,Pune,Online,Credit Card,2,26905.71,0.2,53811.42,43049.14,0,5633.82,2025,7,July,Wednesday,53811.42,43049.136
2025-07-09,ORD026924,CUST02221,P019,Vacuum Cleaner,Home,Hyderabad,Store,Net Banking,1,9384.56,0.2,9384.56,7507.65,0,1132.45,2025,7,July,Wednesday,9384.56,7507.648
2025-07-09,ORD007933,CUST03082,P014,Keyboard,Electronics,Hyderabad,Online,Credit Card,1,2386.8,0.1,2386.8,2148.12,1,-107.41,2025,7,July,Wednesday,2386.8,2148.1200000000003
2025-07-09,ORD031740,CUST02605,P012,Air Fryer,Home,Surat,Store,Net Banking,1,7425.06,0.25,7425.06,5568.8,0,404.27,2025,7,July,Wednesday,7425.06,5568.795
2025-07-09,ORD031458,CUST01246,P018,Jacket,Fashion,Delhi,Online,UPI,4,4797.41,0.15,19189.64,16311.19,0,3969.6,2025,7,July,Wednesday,19189.64,16311.194
2025-07-09,ORD018921,CUST03627,P008,Running Shoes,Fashion,Pune,Store,Net Banking,1,3781.56,0.2,3781.56,3025.25,0,445.92,2025,7,July,Wednesday,3781.56,3025.248
2025-07-09,ORD042215,CUST02024,P020,Microwave,Home,Ahmedabad,Online,UPI,2,11839.49,0.2,23678.98,18943.18,0,4794.32,2025,7,July,Wednesday,23678.98,18943.184
2025-07-09,ORD009737,CUST03567,P011,Mixer Grinder,Home,Surat,Store,Credit Card,1,4803.62,0.2,4803.62,3842.9,0,687.8,2025,7,July,Wednesday,4803.62,3842.896
2025-07-10,ORD007687,CUST04154,P008,Running Shoes,Fashion,Ahmedabad,Online,Credit Card,1,4017.62,0.25,4017.62,3013.22,0,456.24,2025,7,July,Thursday,4017.62,3013.215
2025-07-10,ORD043821,CUST01553,P018,Jacket,Fashion,Ahmedabad,Store,UPI,1,5392.6,0.0,5392.6,5392.6,1,-269.63,2025,7,July,Thursday,5392.6,5392.6
2025-07-10,ORD017645,CUST00921,P005,Office Chair,Furniture,Mumbai,Store,Cash,1,10387.83,0.05,10387.83,9868.44,0,2566.15,2025,7,July,Thursday,10387.83,9868.4385
2025-07-10,ORD022927,CUST04906,P012,Air Fryer,Home,Delhi,Online,Credit Card,2,6942.45,0.1,13884.9,12496.41,0,1123.37,2025,7,July,Thursday,13884.9,12496.41
2025-07-10,ORD016449,CUST02043,P016,Sofa,Furniture,Hyderabad,Store,UPI,1,32413.74,0.1,32413.74,29172.37,0,5855.28,2025,7,July,Thursday,32413.74,29172.366
2025-07-10,ORD015847,CUST02100,P007,Backpack,Accessories,Hyderabad,Online,Credit Card,1,2288.59,0.05,2288.59,2174.16,0,338.68,2025,7,July,Thursday,2288.59,2174.1605
2025-07-10,ORD018769,CUST02475,P012,Air Fryer,Home,Hyderabad,Online,Credit Card,1,7479.85,0.1,7479.85,6731.87,0,450.36,2025,7,July,Thursday,7479.85,6731.865000000001
2025-07-10,ORD001791,CUST02215,P017,Jeans,Fashion,Delhi,Store,Credit Card,2,2696.84,0.0,5393.68,5393.68,0,1227.54,2025,7,July,Thursday,5393.68,5393.68
2025-07-10,ORD045238,CUST00728,P014,Keyboard,Electronics,Kolkata,Store,UPI,3,2625.56,0.15,7876.68,6695.18,0,785.76,2025,7,July,Thursday,7876.68,6695.178
2025-07-10,ORD030219,CUST02750,P008,Running Shoes,Fashion,Delhi,Online,UPI,1,4597.5,0.0,4597.5,4597.5,0,649.6,2025,7,July,Thursday,4597.5,4597.5
2025-07-10,ORD029996,CUST00071,P013,Monitor,Electronics,Ahmedabad,Store,Net Banking,1,17656.87,0.0,17656.87,17656.87,0,1537.73,2025,7,July,Thursday,17656.87,17656.87
2025-07-10,ORD045005,CUST00751,P003,Headphones,Electronics,Hyderabad,Online,Debit Card,1,4752.37,0.2,4752.37,3801.9,0,435.61,2025,7,July,Thursday,4752.37,3801.896
2025-07-10,ORD009083,CUST02570,P012,Air Fryer,Home,Kolkata,Online,UPI,1,7320.12,0.1,7320.12,6588.11,1,-329.41,2025,7,July,Thursday,7320.12,6588.108
2025-07-10,ORD009583,CUST02864,P013,Monitor,Electronics,Delhi,Online,UPI,2,18446.91,0.05,36893.82,35049.13,0,7936.12,2025,7,July,Thursday,36893.82,35049.129
2025-07-10,ORD014508,CUST00296,P019,Vacuum Cleaner,Home,Jaipur,Online,Net Banking,1,8761.35,0.1,8761.35,7885.22,0,1344.86,2025,7,July,Thursday,8761.35,7885.215
2025-07-10,ORD043221,CUST02279,P015,Dining Table,Furniture,Jaipur,Store,UPI,4,20839.98,0.1,83359.92,75023.93,0,11292.99,2025,7,July,Thursday,83359.92,75023.928
2025-07-10,ORD019129,CUST04181,P016,Sofa,Furniture,Ahmedabad,Store,UPI,1,32045.05,0.1,32045.05,28840.54,0,1774.57,2025,7,July,Thursday,32045.05,28840.545
2025-07-10,ORD037642,CUST04310,P006,Desk,Furniture,Bengaluru,Online,UPI,1,12749.02,0.05,12749.02,12111.57,0,1907.04,2025,7,July,Thursday,12749.02,12111.569
2025-07-10,ORD035675,CUST03814,P015,Dining Table,Furniture,Jaipur,Store,Credit Card,1,22657.64,0.05,22657.64,21524.76,0,1651.07,2025,7,July,Thursday,22657.64,21524.757999999998
2025-07-10,ORD041273,CUST00533,P011,Mixer Grinder,Home,Jaipur,Online,UPI,1,4503.85,0.15,4503.85,3828.27,0,496.41,2025,7,July,Thursday,4503.85,3828.2725
2025-07-10,ORD023962,CUST04552,P008,Running Shoes,Fashion,Kolkata,Online,UPI,4,4006.12,0.15,16024.48,13620.81,0,2324.61,2025,7,July,Thursday,16024.48,13620.807999999999
2025-07-10,ORD035563,CUST03257,P004,Smartwatch,Electronics,Ahmedabad,Store,UPI,1,6924.77,0.15,6924.77,5886.05,0,1286.86,2025,7,July,Thursday,6924.77,5886.0545
2025-07-10,ORD018645,CUST03517,P008,Running Shoes,Fashion,Delhi,Online,Net Banking,4,4411.58,0.2,17646.32,14117.06,0,3269.08,2025,7,July,Thursday,17646.32,14117.056
2025-07-10,ORD013857,CUST00420,P015,Dining Table,Furniture,Delhi,Store,Cash,1,21073.49,0.05,21073.49,20019.82,1,-1000.99,2025,7,July,Thursday,21073.49,20019.8155
2025-07-10,ORD023246,CUST03081,P019,Vacuum Cleaner,Home,Mumbai,Online,UPI,1,9356.14,0.05,9356.14,8888.33,0,1515.66,2025,7,July,Thursday,9356.14,8888.332999999999
2025-07-10,ORD015225,CUST03084,P003,Headphones,Electronics,Jaipur,Store,Net Banking,1,4253.09,0.0,4253.09,4253.09,0,772.56,2025,7,July,Thursday,4253.09,4253.09
2025-07-10,ORD014622,CUST01571,P001,Laptop,Electronics,Delhi,Store,Cash,1,70163.53,0.0,70163.53,70163.53,0,14404.49,2025,7,July,Thursday,70163.53,70163.53
2025-07-10,ORD022445,CUST01366,P016,Sofa,Furniture,Hyderabad,Store,UPI,2,32067.53,0.05,64135.06,60928.31,0,16907.73,2025,7,July,Thursday,64135.06,60928.30699999999
2025-07-10,ORD043199,CUST01102,P002,Smartphone,Electronics,Ahmedabad,Online,Credit Card,1,30701.89,0.05,30701.89,29166.8,0,5374.27,2025,7,July,Thursday,30701.89,29166.795499999997
2025-07-10,ORD021095,CUST02094,P010,Coffee Maker,Home,Delhi,Online,Net Banking,1,5594.37,0.0,5594.37,5594.37,0,1370.83,2025,7,July,Thursday,5594.37,5594.37
2025-07-10,ORD032353,CUST04498,P005,Office Chair,Furniture,Surat,Store,Credit Card,1,8726.25,0.05,8726.25,8289.94,0,1053.94,2025,7,July,Thursday,8726.25,8289.9375
2025-07-10,ORD003350,CUST02326,P005,Office Chair,Furniture,Delhi,Online,UPI,4,8630.85,0.0,34523.4,34523.4,0,6727.14,2025,7,July,Thursday,34523.4,34523.4
2025-07-10,ORD031791,CUST03503,P010,Coffee Maker,Home,Chennai,Online,Credit Card,1,5110.63,0.05,5110.63,4855.1,0,488.57,2025,7,July,Thursday,5110.63,4855.0985
2025-07-10,ORD033567,CUST02047,P003,Headphones,Electronics,Chennai,Online,Debit Card,2,4294.95,0.0,8589.9,8589.9,0,2379.86,2025,7,July,Thursday,8589.9,8589.9
2025-07-10,ORD049519,CUST03978,P013,Monitor,Electronics,Bengaluru,Store,Credit Card,2,16632.98,0.05,33265.96,31602.66,1,-1580.13,2025,7,July,Thursday,33265.96,31602.661999999997
2025-07-10,ORD041370,CUST03798,P018,Jacket,Fashion,Jaipur,Store,Credit Card,1,5443.17,0.0,5443.17,5443.17,0,570.23,2025,7,July,Thursday,5443.17,5443.17
2025-07-10,ORD045745,CUST00932,P014,Keyboard,Electronics,Hyderabad,Online,Debit Card,1,2535.99,0.15,2535.99,2155.59,0,565.36,2025,7,July,Thursday,2535.99,2155.5914999999995
2025-07-10,ORD015742,CUST04429,P017,Jeans,Fashion,Kolkata,Online,UPI,1,2916.85,0.1,2916.85,2625.16,0,244.51,2025,7,July,Thursday,2916.85,2625.165
2025-07-10,ORD011583,CUST00809,P015,Dining Table,Furniture,Mumbai,Online,Net Banking,1,22400.6,0.05,22400.6,21280.57,0,5038.35,2025,7,July,Thursday,22400.6,21280.569999999996
2025-07-10,ORD049869,CUST00767,P013,Monitor,Electronics,Chennai,Store,Credit Card,1,17270.33,0.1,17270.33,15543.3,0,3159.72,2025,7,July,Thursday,17270.33,15543.297000000002
2025-07-10,ORD020842,CUST03011,P019,Vacuum Cleaner,Home,Delhi,Online,UPI,4,8924.42,0.0,35697.68,35697.68,0,2917.88,2025,7,July,Thursday,35697.68,35697.68
2025-07-10,ORD007208,CUST01225,P018,Jacket,Fashion,Jaipur,Online,UPI,1,4812.78,0.1,4812.78,4331.5,0,504.54,2025,7,July,Thursday,4812.78,4331.5019999999995
2025-07-10,ORD046789,CUST01218,P020,Microwave,Home,Pune,Online,Credit Card,2,11965.0,0.1,23930.0,21537.0,0,5212.31,2025,7,July,Thursday,23930.0,21537.0
2025-07-10,ORD007289,CUST00005,P010,Coffee Maker,Home,Surat,Store,UPI,3,5190.56,0.1,15571.68,14014.51,0,2646.33,2025,7,July,Thursday,15571.68,14014.512
2025-07-10,ORD033395,CUST01350,P020,Microwave,Home,Pune,Store,UPI,1,11725.95,0.0,11725.95,11725.95,0,2249.57,2025,7,July,Thursday,11725.95,11725.95
2025-07-10,ORD014084,CUST01532,P007,Backpack,Accessories,Bengaluru,Online,Debit Card,1,2031.76,0.05,2031.76,1930.17,0,510.18,2025,7,July,Thursday,2031.76,1930.1719999999998
2025-07-10,ORD046670,CUST03724,P003,Headphones,Electronics,Jaipur,Online,UPI,1,4115.98,0.2,4115.98,3292.78,0,355.84,2025,7,July,Thursday,4115.98,3292.7839999999997
2025-07-10,ORD030275,CUST02726,P009,T-Shirt,Fashion,Delhi,Store,UPI,2,1263.6,0.1,2527.2,2274.48,0,346.59,2025,7,July,Thursday,2527.2,2274.48
2025-07-10,ORD016753,CUST00069,P001,Laptop,Electronics,Mumbai,Online,Credit Card,1,64927.37,0.05,64927.37,61681.0,0,4327.89,2025,7,July,Thursday,64927.37,61681.0015
2025-07-10,ORD023288,CUST01816,P015,Dining Table,Furniture,Bengaluru,Online,UPI,1,22300.57,0.15,22300.57,18955.48,0,1348.84,2025,7,July,Thursday,22300.57,18955.4845
2025-07-10,ORD018732,CUST01014,P002,Smartphone,Electronics,Surat,Online,UPI,2,26347.19,0.15,52694.38,44790.22,0,3157.24,2025,7,July,Thursday,52694.38,44790.223
2025-07-10,ORD011052,CUST02942,P005,Office Chair,Furniture,Pune,Online,Net Banking,2,10016.72,0.0,20033.44,20033.44,0,2749.36,2025,7,July,Thursday,20033.44,20033.44
2025-07-10,ORD015492,CUST00161,P003,Headphones,Electronics,Ahmedabad,Online,Debit Card,1,4425.89,0.2,4425.89,3540.71,0,308.0,2025,7,July,Thursday,4425.89,3540.7120000000004
2025-07-10,ORD048812,CUST02352,P007,Backpack,Accessories,Surat,Online,Credit Card,2,2382.13,0.0,4764.26,4764.26,0,844.65,2025,7,July,Thursday,4764.26,4764.26
2025-07-10,ORD006560,CUST01404,P001,Laptop,Electronics,Mumbai,Store,Debit Card,1,64822.62,0.1,64822.62,58340.36,0,5463.12,2025,7,July,Thursday,64822.62,58340.358
2025-07-10,ORD014773,CUST00092,P010,Coffee Maker,Home,Chennai,Online,Credit Card,1,5780.47,0.1,5780.47,5202.42,0,681.19,2025,7,July,Thursday,5780.47,5202.423000000001
2025-07-10,ORD037578,CUST02005,P002,Smartphone,Electronics,Surat,Store,Credit Card,1,27587.91,0.05,27587.91,26208.51,0,2489.34,2025,7,July,Thursday,27587.91,26208.514499999997
2025-07-10,ORD028582,CUST02355,P010,Coffee Maker,Home,Jaipur,Online,Credit Card,1,5959.1,0.05,5959.1,5661.14,0,1239.08,2025,7,July,Thursday,5959.1,5661.145
2025-07-10,ORD033849,CUST02932,P020,Microwave,Home,Pune,Store,UPI,2,11377.62,0.1,22755.24,20479.72,0,3176.61,2025,7,July,Thursday,22755.24,20479.716
2025-07-10,ORD005996,CUST03292,P018,Jacket,Fashion,Kolkata,Online,UPI,1,5694.33,0.1,5694.33,5124.9,0,784.16,2025,7,July,Thursday,5694.33,5124.897
2025-07-10,ORD019343,CUST04752,P018,Jacket,Fashion,Surat,Online,Debit Card,3,5360.16,0.15,16080.48,13668.41,0,3468.09,2025,7,July,Thursday,16080.48,13668.408
2025-07-10,ORD029098,CUST01381,P018,Jacket,Fashion,Surat,Online,Credit Card,2,4806.8,0.1,9613.6,8652.24,0,1543.58,2025,7,July,Thursday,9613.6,8652.24
2025-07-10,ORD035285,CUST00584,P007,Backpack,Accessories,Bengaluru,Online,Credit Card,1,2419.06,0.2,2419.06,1935.25,0,154.13,2025,7,July,Thursday,2419.06,1935.248
2025-07-10,ORD023577,CUST03728,P013,Monitor,Electronics,Surat,Online,Net Banking,1,17657.94,0.15,17657.94,15009.25,0,1337.65,2025,7,July,Thursday,17657.94,15009.248999999998
2025-07-10,ORD010492,CUST00480,P002,Smartphone,Electronics,Bengaluru,Store,Credit Card,1,30103.67,0.15,30103.67,25588.12,0,4304.8,2025,7,July,Thursday,30103.67,25588.119499999997
2025-07-10,ORD028175,CUST02089,P006,Desk,Furniture,Chennai,Online,Net Banking,1,12694.07,0.1,12694.07,11424.66,0,1276.73,2025,7,July,Thursday,12694.07,11424.663
2025-07-10,ORD014878,CUST03872,P013,Monitor,Electronics,Delhi,Online,UPI,2,19077.01,0.1,38154.02,34338.62,0,9517.79,2025,7,July,Thursday,38154.02,34338.617999999995
2025-07-10,ORD013880,CUST01254,P007,Backpack,Accessories,Ahmedabad,Store,Credit Card,4,2304.5,0.1,9218.0,8296.2,0,1283.74,2025,7,July,Thursday,9218.0,8296.2
2025-07-10,ORD014699,CUST01385,P007,Backpack,Accessories,Kolkata,Online,UPI,1,2379.91,0.15,2379.91,2022.92,0,504.56,2025,7,July,Thursday,2379.91,2022.9234999999999
2025-07-10,ORD041368,CUST04664,P012,Air Fryer,Home,Surat,Online,Credit Card,1,7912.81,0.05,7912.81,7517.17,0,2079.76,2025,7,July,Thursday,7912.81,7517.1695
2025-07-10,ORD030675,CUST03640,P003,Headphones,Electronics,Surat,Store,Credit Card,3,4494.98,0.1,13484.94,12136.45,0,2067.18,2025,7,July,Thursday,13484.939999999999,12136.446
2025-07-10,ORD020087,CUST04138,P011,Mixer Grinder,Home,Hyderabad,Store,UPI,1,4951.06,0.1,4951.06,4455.95,0,1157.18,2025,7,July,Thursday,4951.06,4455.954000000001
2025-07-10,ORD007382,CUST00024,P019,Vacuum Cleaner,Home,Mumbai,Store,Credit Card,1,8730.16,0.05,8730.16,8293.65,0,1342.01,2025,7,July,Thursday,8730.16,8293.652
2025-07-10,ORD042843,CUST02709,P007,Backpack,Accessories,Ahmedabad,Online,UPI,1,2341.15,0.2,2341.15,1872.92,0,164.4,2025,7,July,Thursday,2341.15,1872.92
2025-07-10,ORD025418,CUST01651,P008,Running Shoes,Fashion,Surat,Online,Credit Card,2,4115.91,0.15,8231.82,6997.05,0,441.93,2025,7,July,Thursday,8231.82,6997.047
2025-07-10,ORD021524,CUST01698,P018,Jacket,Fashion,Chennai,Store,UPI,1,5390.85,0.1,5390.85,4851.77,0,550.65,2025,7,July,Thursday,5390.85,4851.765
2025-07-10,ORD042467,CUST02748,P006,Desk,Furniture,Kolkata,Store,Debit Card,1,11848.39,0.05,11848.39,11255.97,0,2325.17,2025,7,July,Thursday,11848.39,11255.9705
2025-07-10,ORD024786,CUST04410,P005,Office Chair,Furniture,Delhi,Store,Net Banking,1,8825.72,0.15,8825.72,7501.86,1,-375.09,2025,7,July,Thursday,8825.72,7501.861999999999
2025-07-10,ORD041731,CUST04202,P015,Dining Table,Furniture,Bengaluru,Online,Credit Card,2,22322.14,0.05,44644.28,42412.07,0,6638.72,2025,7,July,Thursday,44644.28,42412.066
2025-07-10,ORD029308,CUST03516,P003,Headphones,Electronics,Pune,Store,Cash,1,4936.25,0.05,4936.25,4689.44,0,1119.45,2025,7,July,Thursday,4936.25,4689.4375
2025-07-10,ORD024012,CUST00952,P008,Running Shoes,Fashion,Surat,Store,Cash,1,3919.03,0.1,3919.03,3527.13,0,710.21,2025,7,July,Thursday,3919.03,3527.1270000000004
2025-07-10,ORD017439,CUST01238,P009,T-Shirt,Fashion,Pune,Online,UPI,1,1222.68,0.0,1222.68,1222.68,0,297.25,2025,7,July,Thursday,1222.68,1222.68
2025-07-10,ORD024297,CUST00314,P004,Smartwatch,Electronics,Hyderabad,Online,Net Banking,2,6748.08,0.25,13496.16,10122.12,0,2133.37,2025,7,July,Thursday,13496.16,10122.119999999999
2025-07-11,ORD017172,CUST00837,P003,Headphones,Electronics,Kolkata,Online,UPI,5,4430.19,0.1,22150.95,19935.86,0,5402.58,2025,7,July,Friday,22150.949999999997,19935.855
2025-07-11,ORD042504,CUST00177,P020,Microwave,Home,Bengaluru,Store,Debit Card,2,11023.94,0.25,22047.88,16535.91,1,-826.8,2025,7,July,Friday,22047.88,16535.91
2025-07-11,ORD019405,CUST01486,P007,Backpack,Accessories,Jaipur,Store,UPI,1,2110.49,0.0,2110.49,2110.49,0,451.82,2025,7,July,Friday,2110.49,2110.49
2025-07-11,ORD011683,CUST00598,P010,Coffee Maker,Home,Hyderabad,Store,Credit Card,3,5566.13,0.2,16698.39,13358.71,0,1732.87,2025,7,July,Friday,16698.39,13358.712
2025-07-11,ORD020762,CUST02783,P010,Coffee Maker,Home,Ahmedabad,Store,Cash,1,5386.48,0.05,5386.48,5117.16,0,596.83,2025,7,July,Friday,5386.48,5117.155999999999
2025-07-11,ORD006769,CUST04714,P019,Vacuum Cleaner,Home,Chennai,Online,Debit Card,1,8132.75,0.05,8132.75,7726.11,0,1006.67,2025,7,July,Friday,8132.75,7726.112499999999
2025-07-11,ORD012870,CUST01725,P006,Desk,Furniture,Jaipur,Online,UPI,1,13021.5,0.1,13021.5,11719.35,0,3069.24,2025,7,July,Friday,13021.5,11719.35
2025-07-11,ORD018942,CUST01782,P006,Desk,Furniture,Ahmedabad,Store,Debit Card,1,12016.74,0.0,12016.74,12016.74,0,1637.13,2025,7,July,Friday,12016.74,12016.74
2025-07-11,ORD037719,CUST00753,P017,Jeans,Fashion,Hyderabad,Store,UPI,5,2876.62,0.1,14383.1,12944.79,0,2737.59,2025,7,July,Friday,14383.099999999999,12944.79
2025-07-11,ORD021332,CUST04557,P012,Air Fryer,Home,Chennai,Store,Cash,1,7393.34,0.1,7393.34,6654.01,0,1585.64,2025,7,July,Friday,7393.34,6654.006
2025-07-11,ORD040617,CUST04779,P020,Microwave,Home,Jaipur,Online,Credit Card,3,11782.55,0.15,35347.65,30045.5,0,2851.94,2025,7,July,Friday,35347.649999999994,30045.5025
2025-07-11,ORD042613,CUST00402,P008,Running Shoes,Fashion,Mumbai,Online,Net Banking,1,4109.71,0.15,4109.71,3493.25,0,867.58,2025,7,July,Friday,4109.71,3493.2535
2025-07-11,ORD014991,CUST00366,P010,Coffee Maker,Home,Hyderabad,Online,Credit Card,2,5058.1,0.05,10116.2,9610.39,0,2456.01,2025,7,July,Friday,10116.2,9610.39
2025-07-11,ORD029900,CUST01256,P011,Mixer Grinder,Home,Hyderabad,Online,UPI,1,4972.72,0.1,4972.72,4475.45,0,627.19,2025,7,July,Friday,4972.72,4475.448
2025-07-11,ORD000578,CUST04652,P004,Smartwatch,Electronics,Hyderabad,Online,Credit Card,2,6884.34,0.1,13768.68,12391.81,0,998.57,2025,7,July,Friday,13768.68,12391.812
2025-07-11,ORD037478,CUST00298,P013,Monitor,Electronics,Jaipur,Online,Debit Card,3,16704.82,0.1,50114.46,45103.01,0,8233.56,2025,7,July,Friday,50114.46,45103.014
2025-07-11,ORD013439,CUST02181,P020,Microwave,Home,Kolkata,Online,UPI,1,10023.88,0.1,10023.88,9021.49,0,2522.3,2025,7,July,Friday,10023.88,9021.492
2025-07-11,ORD024006,CUST04298,P017,Jeans,Fashion,Kolkata,Online,Net Banking,2,2798.12,0.05,5596.24,5316.43,0,831.96,2025,7,July,Friday,5596.24,5316.428
2025-07-11,ORD022763,CUST01213,P010,Coffee Maker,Home,Mumbai,Online,Debit Card,1,5395.02,0.05,5395.02,5125.27,0,1015.15,2025,7,July,Friday,5395.02,5125.269
2025-07-11,ORD003597,CUST00359,P015,Dining Table,Furniture,Hyderabad,Online,UPI,1,21224.27,0.0,21224.27,21224.27,0,5022.33,2025,7,July,Friday,21224.27,21224.27
2025-07-11,ORD032303,CUST00738,P006,Desk,Furniture,Mumbai,Store,UPI,2,12257.44,0.0,24514.88,24514.88,0,5682.78,2025,7,July,Friday,24514.88,24514.88
2025-07-11,ORD019302,CUST01386,P011,Mixer Grinder,Home,Pune,Online,UPI,2,4516.07,0.1,9032.14,8128.93,0,661.98,2025,7,July,Friday,9032.14,8128.9259999999995
2025-07-11,ORD012509,CUST02761,P004,Smartwatch,Electronics,Bengaluru,Online,Net Banking,1,6796.11,0.1,6796.11,6116.5,0,1443.08,2025,7,July,Friday,6796.11,6116.499
2025-07-11,ORD030761,CUST02341,P020,Microwave,Home,Mumbai,Online,UPI,1,11728.95,0.0,11728.95,11728.95,0,1940.61,2025,7,July,Friday,11728.95,11728.95
2025-07-11,ORD002763,CUST00506,P005,Office Chair,Furniture,Bengaluru,Store,UPI,1,9087.46,0.15,9087.46,7724.34,0,573.03,2025,7,July,Friday,9087.46,7724.340999999999
2025-07-11,ORD007723,CUST02238,P014,Keyboard,Electronics,Ahmedabad,Store,UPI,1,2324.73,0.05,2324.73,2208.49,1,-110.42,2025,7,July,Friday,2324.73,2208.4935
2025-07-11,ORD019113,CUST01539,P017,Jeans,Fashion,Pune,Store,UPI,1,2714.1,0.15,2714.1,2306.98,0,566.63,2025,7,July,Friday,2714.1,2306.9849999999997
2025-07-11,ORD041740,CUST03175,P018,Jacket,Fashion,Mumbai,Online,UPI,1,5389.42,0.05,5389.42,5119.95,0,731.51,2025,7,July,Friday,5389.42,5119.949
2025-07-11,ORD039796,CUST03296,P020,Microwave,Home,Chennai,Online,Credit Card,1,11968.38,0.0,11968.38,11968.38,0,1831.23,2025,7,July,Friday,11968.38,11968.38
2025-07-11,ORD035460,CUST04564,P019,Vacuum Cleaner,Home,Chennai,Online,Net Banking,1,9413.53,0.0,9413.53,9413.53,0,1103.19,2025,7,July,Friday,9413.53,9413.53
2025-07-11,ORD000675,CUST03186,P001,Laptop,Electronics,Mumbai,Online,Credit Card,1,59657.13,0.2,59657.13,47725.7,0,11553.19,2025,7,July,Friday,59657.13,47725.704
2025-07-11,ORD012548,CUST02441,P013,Monitor,Electronics,Hyderabad,Store,Credit Card,1,17648.53,0.1,17648.53,15883.68,0,2934.07,2025,7,July,Friday,17648.53,15883.677
2025-07-11,ORD039119,CUST02176,P019,Vacuum Cleaner,Home,Chennai,Store,UPI,1,8780.78,0.15,8780.78,7463.66,0,1801.86,2025,7,July,Friday,8780.78,7463.6630000000005
2025-07-11,ORD026003,CUST03684,P019,Vacuum Cleaner,Home,Surat,Store,UPI,1,8616.64,0.25,8616.64,6462.48,0,789.68,2025,7,July,Friday,8616.64,6462.48
2025-07-11,ORD014489,CUST03121,P004,Smartwatch,Electronics,Ahmedabad,Online,UPI,1,6472.08,0.0,6472.08,6472.08,0,1662.74,2025,7,July,Friday,6472.08,6472.08
2025-07-11,ORD001881,CUST02163,P001,Laptop,Electronics,Surat,Online,UPI,1,70921.01,0.05,70921.01,67374.96,0,15406.54,2025,7,July,Friday,70921.01,67374.9595
2025-07-11,ORD026513,CUST03515,P018,Jacket,Fashion,Jaipur,Online,Net Banking,1,5618.05,0.1,5618.05,5056.24,0,393.28,2025,7,July,Friday,5618.05,5056.245
2025-07-11,ORD009109,CUST00369,P009,T-Shirt,Fashion,Kolkata,Store,Cash,1,1088.68,0.05,1088.68,1034.25,0,166.32,2025,7,July,Friday,1088.68,1034.246
2025-07-11,ORD001634,CUST03314,P002,Smartphone,Electronics,Kolkata,Store,UPI,1,29382.35,0.15,29382.35,24975.0,0,6209.84,2025,7,July,Friday,29382.35,24974.997499999998
2025-07-11,ORD049636,CUST00769,P019,Vacuum Cleaner,Home,Hyderabad,Online,UPI,1,8957.6,0.2,8957.6,7166.08,1,-358.3,2025,7,July,Friday,8957.6,7166.080000000001
2025-07-11,ORD026117,CUST04125,P008,Running Shoes,Fashion,Hyderabad,Online,UPI,2,3813.98,0.05,7627.96,7246.56,0,925.54,2025,7,July,Friday,7627.96,7246.562
2025-07-11,ORD048523,CUST03528,P006,Desk,Furniture,Hyderabad,Store,Cash,1,10911.59,0.15,10911.59,9274.85,0,1809.77,2025,7,July,Friday,10911.59,9274.8515
2025-07-11,ORD046035,CUST04986,P012,Air Fryer,Home,Pune,Online,Debit Card,1,7096.81,0.15,7096.81,6032.29,1,-301.61,2025,7,July,Friday,7096.81,6032.288500000001
2025-07-11,ORD006565,CUST03964,P005,Office Chair,Furniture,Mumbai,Online,Debit Card,1,10264.9,0.1,10264.9,9238.41,1,-461.92,2025,7,July,Friday,10264.9,9238.41
2025-07-11,ORD017869,CUST02610,P011,Mixer Grinder,Home,Bengaluru,Store,Debit Card,2,5108.14,0.2,10216.28,8173.02,0,1774.93,2025,7,July,Friday,10216.28,8173.024000000001
2025-07-11,ORD022175,CUST00798,P005,Office Chair,Furniture,Delhi,Store,UPI,1,8976.87,0.2,8976.87,7181.5,0,1577.56,2025,7,July,Friday,8976.87,7181.496000000001
2025-07-11,ORD006287,CUST01309,P016,Sofa,Furniture,Surat,Store,UPI,1,33049.14,0.15,33049.14,28091.77,0,6227.92,2025,7,July,Friday,33049.14,28091.769
2025-07-11,ORD004365,CUST03684,P020,Microwave,Home,Chennai,Online,UPI,3,10111.32,0.0,30333.96,30333.96,0,4726.21,2025,7,July,Friday,30333.96,30333.96
2025-07-11,ORD009910,CUST00004,P006,Desk,Furniture,Bengaluru,Online,Credit Card,2,12808.35,0.05,25616.7,24335.86,0,5032.9,2025,7,July,Friday,25616.7,24335.864999999998
2025-07-11,ORD025904,CUST00603,P018,Jacket,Fashion,Ahmedabad,Store,Credit Card,5,5668.68,0.05,28343.4,26926.23,0,2905.84,2025,7,July,Friday,28343.4,26926.23
2025-07-11,ORD043192,CUST02115,P016,Sofa,Furniture,Kolkata,Store,Net Banking,1,36079.65,0.1,36079.65,32471.68,0,8567.56,2025,7,July,Friday,36079.65,32471.685
2025-07-11,ORD005549,CUST03762,P002,Smartphone,Electronics,Surat,Online,UPI,1,30348.05,0.15,30348.05,25795.84,0,1952.09,2025,7,July,Friday,30348.05,25795.8425
2025-07-11,ORD046159,CUST03788,P014,Keyboard,Electronics,Surat,Online,Debit Card,1,2610.38,0.2,2610.38,2088.3,0,503.9,2025,7,July,Friday,2610.38,2088.304
2025-07-11,ORD030521,CUST03829,P015,Dining Table,Furniture,Pune,Store,Credit Card,2,22861.93,0.05,45723.86,43437.67,0,3793.17,2025,7,July,Friday,45723.86,43437.667
2025-07-11,ORD006210,CUST04901,P015,Dining Table,Furniture,Jaipur,Online,UPI,1,21059.94,0.05,21059.94,20006.94,0,3114.22,2025,7,July,Friday,21059.94,20006.943
2025-07-11,ORD020236,CUST01283,P016,Sofa,Furniture,Bengaluru,Online,Credit Card,1,32535.52,0.1,32535.52,29281.97,0,1849.29,2025,7,July,Friday,32535.52,29281.968
2025-07-11,ORD023705,CUST01455,P001,Laptop,Electronics,Pune,Online,Credit Card,1,63828.33,0.0,63828.33,63828.33,0,8616.68,2025,7,July,Friday,63828.33,63828.33
2025-07-11,ORD024447,CUST03831,P018,Jacket,Fashion,Ahmedabad,Online,UPI,2,4960.97,0.0,9921.94,9921.94,0,1049.65,2025,7,July,Friday,9921.94,9921.94
2025-07-11,ORD048768,CUST04750,P002,Smartphone,Electronics,Hyderabad,Online,UPI,3,26699.62,0.1,80098.86,72088.97,0,13880.22,2025,7,July,Friday,80098.86,72088.974
2025-07-11,ORD002021,CUST02539,P014,Keyboard,Electronics,Jaipur,Store,Credit Card,2,2736.44,0.05,5472.88,5199.24,0,442.3,2025,7,July,Friday,5472.88,5199.236
2025-07-12,ORD021394,CUST03466,P015,Dining Table,Furniture,Jaipur,Online,Cash,1,23186.76,0.1,23186.76,20868.08,0,5156.37,2025,7,July,Saturday,23186.76,20868.084
2025-07-12,ORD019466,CUST00218,P001,Laptop,Electronics,Jaipur,Online,UPI,2,68563.49,0.15,137126.98,116557.93,0,9053.72,2025,7,July,Saturday,137126.98,116557.933
2025-07-12,ORD007213,CUST02748,P004,Smartwatch,Electronics,Ahmedabad,Online,UPI,1,7327.58,0.05,7327.58,6961.2,0,604.86,2025,7,July,Saturday,7327.58,6961.201
2025-07-12,ORD002314,CUST03177,P010,Coffee Maker,Home,Ahmedabad,Online,UPI,1,4980.73,0.2,4980.73,3984.58,0,275.53,2025,7,July,Saturday,4980.73,3984.584
2025-07-12,ORD048100,CUST02397,P006,Desk,Furniture,Bengaluru,Online,Credit Card,1,11152.1,0.0,11152.1,11152.1,0,1632.13,2025,7,July,Saturday,11152.1,11152.1
2025-07-12,ORD009058,CUST04093,P009,T-Shirt,Fashion,Kolkata,Store,UPI,5,1100.31,0.1,5501.55,4951.39,0,387.3,2025,7,July,Saturday,5501.549999999999,4951.395
2025-07-12,ORD012579,CUST01749,P016,Sofa,Furniture,Bengaluru,Online,Net Banking,2,32748.06,0.05,65496.12,62221.31,0,15594.67,2025,7,July,Saturday,65496.12,62221.314
2025-07-12,ORD020316,CUST02716,P013,Monitor,Electronics,Kolkata,Online,Credit Card,3,19230.14,0.2,57690.42,46152.34,0,10325.68,2025,7,July,Saturday,57690.42,46152.336
2025-07-12,ORD005217,CUST01760,P012,Air Fryer,Home,Jaipur,Online,Debit Card,1,7410.46,0.1,7410.46,6669.41,0,762.44,2025,7,July,Saturday,7410.46,6669.414
2025-07-12,ORD023749,CUST03782,P013,Monitor,Electronics,Mumbai,Store,UPI,1,16800.36,0.1,16800.36,15120.32,0,2668.31,2025,7,July,Saturday,16800.36,15120.324
2025-07-12,ORD049760,CUST00840,P018,Jacket,Fashion,Surat,Online,UPI,1,4915.13,0.1,4915.13,4423.62,0,1115.64,2025,7,July,Saturday,4915.13,4423.617
2025-07-12,ORD020111,CUST03675,P019,Vacuum Cleaner,Home,Jaipur,Online,UPI,2,9258.28,0.1,18516.56,16664.9,0,3768.13,2025,7,July,Saturday,18516.56,16664.904000000002
2025-07-12,ORD032412,CUST00143,P017,Jeans,Fashion,Pune,Online,UPI,1,2964.94,0.1,2964.94,2668.45,0,370.07,2025,7,July,Saturday,2964.94,2668.446
2025-07-12,ORD006314,CUST01024,P009,T-Shirt,Fashion,Hyderabad,Store,Credit Card,1,1262.13,0.2,1262.13,1009.7,0,69.75,2025,7,July,Saturday,1262.13,1009.7040000000002
2025-07-12,ORD002560,CUST00345,P016,Sofa,Furniture,Pune,Online,Credit Card,2,31931.23,0.15,63862.46,54283.09,0,8278.79,2025,7,July,Saturday,63862.46,54283.091
2025-07-12,ORD000069,CUST02049,P005,Office Chair,Furniture,Surat,Store,UPI,1,9358.33,0.05,9358.33,8890.41,0,1096.46,2025,7,July,Saturday,9358.33,8890.413499999999
2025-07-12,ORD004828,CUST04034,P018,Jacket,Fashion,Jaipur,Online,Credit Card,1,5616.01,0.1,5616.01,5054.41,0,1179.85,2025,7,July,Saturday,5616.01,5054.409000000001
2025-07-12,ORD012954,CUST04712,P008,Running Shoes,Fashion,Bengaluru,Online,Credit Card,1,4503.67,0.05,4503.67,4278.49,0,370.27,2025,7,July,Saturday,4503.67,4278.4865
2025-07-12,ORD022502,CUST04193,P012,Air Fryer,Home,Jaipur,Store,Credit Card,1,6706.81,0.05,6706.81,6371.47,0,899.61,2025,7,July,Saturday,6706.81,6371.4695
2025-07-12,ORD009539,CUST04888,P018,Jacket,Fashion,Surat,Online,Net Banking,2,5324.55,0.1,10649.1,9584.19,1,-479.21,2025,7,July,Saturday,10649.1,9584.19
2025-07-12,ORD028340,CUST03609,P010,Coffee Maker,Home,Mumbai,Online,Net Banking,2,5934.34,0.1,11868.68,10681.81,0,1828.24,2025,7,July,Saturday,11868.68,10681.812
2025-07-12,ORD015375,CUST00250,P015,Dining Table,Furniture,Hyderabad,Online,UPI,1,23604.77,0.1,23604.77,21244.29,0,5499.73,2025,7,July,Saturday,23604.77,21244.293
2025-07-12,ORD012008,CUST00600,P008,Running Shoes,Fashion,Chennai,Online,Credit Card,5,4315.05,0.25,21575.25,16181.44,0,3381.05,2025,7,July,Saturday,21575.25,16181.4375
2025-07-12,ORD048921,CUST02711,P015,Dining Table,Furniture,Pune,Store,UPI,2,23687.64,0.1,47375.28,42637.75,1,-2131.89,2025,7,July,Saturday,47375.28,42637.752
2025-07-12,ORD048687,CUST03360,P006,Desk,Furniture,Hyderabad,Online,Net Banking,4,11096.6,0.1,44386.4,39947.76,0,5466.99,2025,7,July,Saturday,44386.4,39947.76
2025-07-12,ORD043616,CUST01305,P005,Office Chair,Furniture,Hyderabad,Online,Credit Card,2,10135.43,0.1,20270.86,18243.77,0,2151.93,2025,7,July,Saturday,20270.86,18243.774
2025-07-12,ORD036331,CUST04820,P019,Vacuum Cleaner,Home,Hyderabad,Online,Debit Card,1,9596.85,0.15,9596.85,8157.32,0,1786.15,2025,7,July,Saturday,9596.85,8157.3225
2025-07-12,ORD044469,CUST03020,P015,Dining Table,Furniture,Delhi,Online,UPI,1,21633.79,0.1,21633.79,19470.41,0,5295.47,2025,7,July,Saturday,21633.79,19470.411
2025-07-12,ORD027664,CUST02738,P005,Office Chair,Furniture,Delhi,Online,UPI,1,9987.11,0.0,9987.11,9987.11,0,2441.8,2025,7,July,Saturday,9987.11,9987.11
2025-07-12,ORD021917,CUST03328,P009,T-Shirt,Fashion,Hyderabad,Store,UPI,1,1247.42,0.05,1247.42,1185.05,0,277.45,2025,7,July,Saturday,1247.42,1185.049
2025-07-12,ORD049323,CUST03460,P008,Running Shoes,Fashion,Delhi,Online,Credit Card,1,3946.03,0.2,3946.03,3156.82,0,466.14,2025,7,July,Saturday,3946.03,3156.8240000000005
2025-07-12,ORD018201,CUST00247,P002,Smartphone,Electronics,Pune,Store,Net Banking,1,30077.9,0.0,30077.9,30077.9,0,2598.87,2025,7,July,Saturday,30077.9,30077.9
2025-07-12,ORD033996,CUST02970,P007,Backpack,Accessories,Kolkata,Online,Cash,1,2138.42,0.1,2138.42,1924.58,0,353.99,2025,7,July,Saturday,2138.42,1924.5780000000002
2025-07-12,ORD045078,CUST03496,P014,Keyboard,Electronics,Jaipur,Online,UPI,1,2548.23,0.2,2548.23,2038.58,0,240.82,2025,7,July,Saturday,2548.23,2038.584
2025-07-12,ORD040678,CUST02281,P012,Air Fryer,Home,Jaipur,Store,Net Banking,1,7379.74,0.05,7379.74,7010.75,0,1369.03,2025,7,July,Saturday,7379.74,7010.753
2025-07-12,ORD041969,CUST04268,P020,Microwave,Home,Delhi,Online,Net Banking,3,10502.42,0.2,31507.26,25205.81,0,6120.46,2025,7,July,Saturday,31507.260000000002,25205.808
2025-07-12,ORD017845,CUST00142,P011,Mixer Grinder,Home,Jaipur,Store,UPI,1,4886.92,0.25,4886.92,3665.19,0,670.82,2025,7,July,Saturday,4886.92,3665.19
2025-07-12,ORD007063,CUST00295,P006,Desk,Furniture,Mumbai,Online,Debit Card,1,12594.56,0.15,12594.56,10705.38,0,1016.0,2025,7,July,Saturday,12594.56,10705.375999999998
2025-07-12,ORD025546,CUST00286,P013,Monitor,Electronics,Ahmedabad,Online,Debit Card,2,18705.3,0.0,37410.6,37410.6,0,9167.34,2025,7,July,Saturday,37410.6,37410.6
2025-07-12,ORD018008,CUST03081,P003,Headphones,Electronics,Mumbai,Online,Net Banking,2,4432.17,0.05,8864.34,8421.12,0,697.41,2025,7,July,Saturday,8864.34,8421.123
2025-07-12,ORD028015,CUST03316,P020,Microwave,Home,Chennai,Online,Net Banking,1,11531.5,0.0,11531.5,11531.5,0,2237.42,2025,7,July,Saturday,11531.5,11531.5
2025-07-12,ORD013671,CUST02400,P018,Jacket,Fashion,Surat,Online,Net Banking,1,5548.3,0.05,5548.3,5270.88,1,-263.54,2025,7,July,Saturday,5548.3,5270.885
2025-07-12,ORD011764,CUST04772,P010,Coffee Maker,Home,Pune,Online,UPI,1,5216.31,0.2,5216.31,4173.05,0,291.92,2025,7,July,Saturday,5216.31,4173.048000000001
2025-07-12,ORD021818,CUST04277,P001,Laptop,Electronics,Pune,Store,UPI,1,62218.64,0.05,62218.64,59107.71,0,15257.03,2025,7,July,Saturday,62218.64,59107.708
2025-07-12,ORD038671,CUST00543,P011,Mixer Grinder,Home,Delhi,Online,UPI,1,4860.08,0.0,4860.08,4860.08,0,823.04,2025,7,July,Saturday,4860.08,4860.08
2025-07-12,ORD023123,CUST03761,P001,Laptop,Electronics,Delhi,Online,UPI,2,60602.68,0.25,121205.36,90904.02,0,4724.02,2025,7,July,Saturday,121205.36,90904.02
2025-07-12,ORD032167,CUST04898,P016,Sofa,Furniture,Hyderabad,Online,Debit Card,1,34449.21,0.15,34449.21,29281.83,0,7206.52,2025,7,July,Saturday,34449.21,29281.8285
2025-07-12,ORD045897,CUST03061,P011,Mixer Grinder,Home,Delhi,Store,Net Banking,1,5062.8,0.2,5062.8,4050.24,0,1051.04,2025,7,July,Saturday,5062.8,4050.2400000000002
2025-07-12,ORD017433,CUST01265,P006,Desk,Furniture,Delhi,Store,UPI,1,11999.36,0.15,11999.36,10199.46,0,1692.13,2025,7,July,Saturday,11999.36,10199.456
2025-07-12,ORD010520,CUST00237,P013,Monitor,Electronics,Hyderabad,Online,UPI,1,17849.41,0.05,17849.41,16956.94,0,1921.3,2025,7,July,Saturday,17849.41,16956.9395
2025-07-12,ORD048925,CUST02803,P005,Office Chair,Furniture,Pune,Store,Debit Card,1,9346.3,0.15,9346.3,7944.36,0,1889.33,2025,7,July,Saturday,9346.3,7944.355
2025-07-12,ORD013125,CUST00396,P019,Vacuum Cleaner,Home,Kolkata,Store,UPI,2,8372.45,0.05,16744.9,15907.66,0,3631.28,2025,7,July,Saturday,16744.9,15907.655
2025-07-12,ORD012911,CUST02684,P018,Jacket,Fashion,Mumbai,Online,Cash,1,5487.99,0.0,5487.99,5487.99,0,803.63,2025,7,July,Saturday,5487.99,5487.99
2025-07-12,ORD033726,CUST03823,P002,Smartphone,Electronics,Kolkata,Store,Debit Card,5,30353.95,0.1,151769.75,136592.78,0,8859.15,2025,7,July,Saturday,151769.75,136592.775
2025-07-12,ORD022526,CUST01403,P019,Vacuum Cleaner,Home,Pune,Online,UPI,1,8664.14,0.1,8664.14,7797.73,0,1916.62,2025,7,July,Saturday,8664.14,7797.726
2025-07-12,ORD012230,CUST01424,P007,Backpack,Accessories,Mumbai,Online,UPI,1,2217.28,0.15,2217.28,1884.69,0,432.27,2025,7,July,Saturday,2217.28,1884.688
2025-07-12,ORD028016,CUST00710,P013,Monitor,Electronics,Pune,Online,UPI,1,18232.72,0.25,18232.72,13674.54,0,1812.53,2025,7,July,Saturday,18232.72,13674.54
2025-07-12,ORD035774,CUST03046,P013,Monitor,Electronics,Delhi,Online,UPI,4,18595.53,0.2,74382.12,59505.7,0,14955.42,2025,7,July,Saturday,74382.12,59505.695999999996
2025-07-13,ORD040494,CUST00978,P016,Sofa,Furniture,Kolkata,Store,UPI,3,32225.91,0.15,96677.73,82176.07,0,5980.58,2025,7,July,Sunday,96677.73,82176.0705
2025-07-13,ORD038918,CUST03138,P001,Laptop,Electronics,Kolkata,Online,Credit Card,1,59383.92,0.1,59383.92,53445.53,0,7469.84,2025,7,July,Sunday,59383.92,53445.528
2025-07-13,ORD000594,CUST00921,P006,Desk,Furniture,Jaipur,Store,Credit Card,1,12087.66,0.15,12087.66,10274.51,0,995.27,2025,7,July,Sunday,12087.66,10274.511
2025-07-13,ORD022515,CUST02011,P013,Monitor,Electronics,Hyderabad,Store,Debit Card,2,16854.41,0.1,33708.82,30337.94,0,6691.5,2025,7,July,Sunday,33708.82,30337.938000000002
2025-07-13,ORD048363,CUST01090,P017,Jeans,Fashion,Kolkata,Online,Debit Card,1,2614.26,0.25,2614.26,1960.7,0,418.93,2025,7,July,Sunday,2614.26,1960.6950000000002
2025-07-13,ORD014844,CUST02045,P020,Microwave,Home,Hyderabad,Online,Net Banking,1,11782.16,0.2,11782.16,9425.73,0,1730.07,2025,7,July,Sunday,11782.16,9425.728000000001
2025-07-13,ORD005565,CUST00764,P009,T-Shirt,Fashion,Delhi,Online,UPI,3,1201.0,0.25,3603.0,2702.25,0,560.11,2025,7,July,Sunday,3603.0,2702.25
2025-07-13,ORD032432,CUST04936,P011,Mixer Grinder,Home,Chennai,Store,UPI,1,5172.56,0.1,5172.56,4655.3,0,728.36,2025,7,July,Sunday,5172.56,4655.304
2025-07-13,ORD030880,CUST03046,P018,Jacket,Fashion,Bengaluru,Store,Cash,2,4817.1,0.2,9634.2,7707.36,0,985.62,2025,7,July,Sunday,9634.2,7707.360000000001
2025-07-13,ORD023061,CUST04461,P020,Microwave,Home,Kolkata,Online,UPI,3,10618.55,0.1,31855.65,28670.08,0,7447.36,2025,7,July,Sunday,31855.649999999998,28670.085000000003
2025-07-13,ORD014981,CUST01579,P003,Headphones,Electronics,Delhi,Online,Cash,1,4082.76,0.1,4082.76,3674.48,0,655.01,2025,7,July,Sunday,4082.76,3674.4840000000004
2025-07-13,ORD011344,CUST04475,P019,Vacuum Cleaner,Home,Delhi,Store,UPI,3,9737.98,0.05,29213.94,27753.24,0,4459.5,2025,7,July,Sunday,29213.94,27753.243
2025-07-13,ORD015957,CUST03510,P001,Laptop,Electronics,Ahmedabad,Online,UPI,2,67100.53,0.15,134201.06,114070.9,0,8548.82,2025,7,July,Sunday,134201.06,114070.901
2025-07-13,ORD032598,CUST00297,P014,Keyboard,Electronics,Ahmedabad,Online,Debit Card,1,2402.34,0.15,2402.34,2041.99,0,432.68,2025,7,July,Sunday,2402.34,2041.989
2025-07-13,ORD035837,CUST03819,P011,Mixer Grinder,Home,Chennai,Store,Credit Card,1,4652.31,0.05,4652.31,4419.69,0,363.1,2025,7,July,Sunday,4652.31,4419.6945000000005
2025-07-13,ORD047220,CUST02699,P010,Coffee Maker,Home,Pune,Online,Credit Card,2,5483.09,0.05,10966.18,10417.87,0,1884.66,2025,7,July,Sunday,10966.18,10417.871
2025-07-13,ORD041887,CUST02302,P002,Smartphone,Electronics,Ahmedabad,Online,Credit Card,2,30062.07,0.05,60124.14,57117.93,0,14739.93,2025,7,July,Sunday,60124.14,57117.933
2025-07-13,ORD007231,CUST00475,P003,Headphones,Electronics,Chennai,Store,UPI,2,4200.25,0.05,8400.5,7980.48,0,775.7,2025,7,July,Sunday,8400.5,7980.474999999999
2025-07-13,ORD049578,CUST01498,P018,Jacket,Fashion,Kolkata,Store,UPI,1,5592.5,0.15,5592.5,4753.62,0,795.95,2025,7,July,Sunday,5592.5,4753.625
2025-07-13,ORD016393,CUST04522,P011,Mixer Grinder,Home,Pune,Online,Debit Card,1,4567.43,0.1,4567.43,4110.69,0,864.89,2025,7,July,Sunday,4567.43,4110.687000000001
2025-07-13,ORD008810,CUST02986,P001,Laptop,Electronics,Surat,Store,UPI,2,63050.33,0.05,126100.66,119795.63,0,10234.64,2025,7,July,Sunday,126100.66,119795.627
2025-07-13,ORD048882,CUST00345,P015,Dining Table,Furniture,Pune,Online,UPI,2,22949.4,0.0,45898.8,45898.8,0,11374.92,2025,7,July,Sunday,45898.8,45898.8
2025-07-13,ORD041285,CUST01496,P005,Office Chair,Furniture,Chennai,Online,Net Banking,1,8669.67,0.1,8669.67,7802.7,0,1935.07,2025,7,July,Sunday,8669.67,7802.703
2025-07-13,ORD031263,CUST02890,P020,Microwave,Home,Delhi,Store,UPI,1,11403.95,0.15,11403.95,9693.36,0,2205.84,2025,7,July,Sunday,11403.95,9693.3575
2025-07-13,ORD017764,CUST04219,P012,Air Fryer,Home,Kolkata,Online,UPI,1,7036.87,0.05,7036.87,6685.03,0,561.66,2025,7,July,Sunday,7036.87,6685.0265
2025-07-13,ORD048688,CUST03155,P019,Vacuum Cleaner,Home,Chennai,Online,Credit Card,1,9002.15,0.05,9002.15,8552.04,0,2261.79,2025,7,July,Sunday,9002.15,8552.0425
2025-07-13,ORD027982,CUST03864,P019,Vacuum Cleaner,Home,Pune,Store,UPI,1,8714.34,0.1,8714.34,7842.91,0,2078.91,2025,7,July,Sunday,8714.34,7842.906
2025-07-13,ORD047905,CUST04583,P017,Jeans,Fashion,Surat,Online,Credit Card,2,2839.17,0.0,5678.34,5678.34,0,1106.29,2025,7,July,Sunday,5678.34,5678.34
2025-07-13,ORD021184,CUST03448,P012,Air Fryer,Home,Chennai,Store,UPI,3,7384.98,0.2,22154.94,17723.95,0,4399.45,2025,7,July,Sunday,22154.94,17723.952
2025-07-13,ORD036569,CUST02057,P003,Headphones,Electronics,Surat,Online,UPI,2,4255.27,0.05,8510.54,8085.01,0,1725.82,2025,7,July,Sunday,8510.54,8085.013000000001
2025-07-13,ORD013624,CUST00398,P009,T-Shirt,Fashion,Surat,Store,UPI,1,1165.27,0.2,1165.27,932.22,0,70.53,2025,7,July,Sunday,1165.27,932.216
2025-07-13,ORD049529,CUST00811,P015,Dining Table,Furniture,Mumbai,Online,Credit Card,5,21099.6,0.05,105498.0,100223.1,0,27335.01,2025,7,July,Sunday,105498.0,100223.09999999999
2025-07-13,ORD022801,CUST00663,P016,Sofa,Furniture,Chennai,Online,Credit Card,2,37306.75,0.25,74613.5,55960.12,0,5462.74,2025,7,July,Sunday,74613.5,55960.125
2025-07-13,ORD018948,CUST02018,P011,Mixer Grinder,Home,Kolkata,Online,Credit Card,1,4630.79,0.1,4630.79,4167.71,0,307.84,2025,7,July,Sunday,4630.79,4167.711
2025-07-13,ORD036369,CUST00680,P012,Air Fryer,Home,Chennai,Store,Debit Card,1,6723.78,0.1,6723.78,6051.4,0,490.27,2025,7,July,Sunday,6723.78,6051.402
2025-07-13,ORD038143,CUST04058,P018,Jacket,Fashion,Jaipur,Online,UPI,1,5094.57,0.0,5094.57,5094.57,0,1527.23,2025,7,July,Sunday,5094.57,5094.57
2025-07-13,ORD019791,CUST01257,P011,Mixer Grinder,Home,Jaipur,Store,Cash,1,4410.3,0.25,4410.3,3307.73,0,283.51,2025,7,July,Sunday,4410.3,3307.7250000000004
2025-07-13,ORD041594,CUST01288,P018,Jacket,Fashion,Delhi,Store,Credit Card,2,4683.54,0.0,9367.08,9367.08,0,2216.42,2025,7,July,Sunday,9367.08,9367.08
2025-07-13,ORD007926,CUST01923,P017,Jeans,Fashion,Surat,Online,UPI,1,2709.69,0.15,2709.69,2303.24,0,244.19,2025,7,July,Sunday,2709.69,2303.2365
2025-07-13,ORD032023,CUST01102,P010,Coffee Maker,Home,Surat,Store,Credit Card,2,5132.48,0.1,10264.96,9238.46,0,1432.64,2025,7,July,Sunday,10264.96,9238.464
2025-07-13,ORD013177,CUST04054,P001,Laptop,Electronics,Chennai,Online,Credit Card,1,68460.61,0.25,68460.61,51345.46,1,-2567.27,2025,7,July,Sunday,68460.61,51345.457500000004
2025-07-13,ORD017697,CUST01757,P007,Backpack,Accessories,Surat,Online,UPI,1,2110.84,0.05,2110.84,2005.3,0,286.97,2025,7,July,Sunday,2110.84,2005.298
2025-07-13,ORD028391,CUST00281,P012,Air Fryer,Home,Pune,Online,Debit Card,2,6585.84,0.0,13171.68,13171.68,0,1565.66,2025,7,July,Sunday,13171.68,13171.68
2025-07-13,ORD048101,CUST00179,P016,Sofa,Furniture,Mumbai,Store,Debit Card,1,35774.35,0.15,35774.35,30408.2,0,5058.57,2025,7,July,Sunday,35774.35,30408.1975
2025-07-13,ORD041060,CUST00784,P017,Jeans,Fashion,Jaipur,Store,UPI,2,2980.72,0.05,5961.44,5663.37,0,950.89,2025,7,July,Sunday,5961.44,5663.3679999999995
2025-07-13,ORD017427,CUST01788,P012,Air Fryer,Home,Bengaluru,Online,UPI,1,7249.57,0.0,7249.57,7249.57,1,-362.48,2025,7,July,Sunday,7249.57,7249.57
2025-07-13,ORD026705,CUST03892,P016,Sofa,Furniture,Surat,Online,Credit Card,1,31899.68,0.0,31899.68,31899.68,0,6540.7,2025,7,July,Sunday,31899.68,31899.68
2025-07-13,ORD024459,CUST03741,P005,Office Chair,Furniture,Ahmedabad,Online,UPI,5,10408.22,0.1,52041.1,46836.99,0,6803.49,2025,7,July,Sunday,52041.1,46836.99
2025-07-13,ORD018641,CUST02465,P014,Keyboard,Electronics,Bengaluru,Store,Credit Card,1,2503.08,0.1,2503.08,2252.77,0,599.71,2025,7,July,Sunday,2503.08,2252.772
2025-07-13,ORD044303,CUST04837,P011,Mixer Grinder,Home,Kolkata,Online,Net Banking,3,4666.28,0.1,13998.84,12598.96,0,2789.8,2025,7,July,Sunday,13998.84,12598.956
2025-07-13,ORD036016,CUST04856,P013,Monitor,Electronics,Mumbai,Online,Credit Card,1,17328.35,0.15,17328.35,14729.1,0,3502.67,2025,7,July,Sunday,17328.35,14729.097499999998
2025-07-13,ORD031160,CUST03702,P008,Running Shoes,Fashion,Chennai,Store,UPI,2,3882.55,0.0,7765.1,7765.1,0,1202.98,2025,7,July,Sunday,7765.1,7765.1
2025-07-13,ORD035026,CUST01033,P013,Monitor,Electronics,Ahmedabad,Online,UPI,2,17493.72,0.15,34987.44,29739.32,0,3122.2,2025,7,July,Sunday,34987.44,29739.324
2025-07-13,ORD033068,CUST03121,P012,Air Fryer,Home,Kolkata,Online,Debit Card,1,7263.41,0.0,7263.41,7263.41,0,1313.87,2025,7,July,Sunday,7263.41,7263.41
2025-07-13,ORD019707,CUST01289,P005,Office Chair,Furniture,Bengaluru,Online,Credit Card,1,9389.73,0.1,9389.73,8450.76,0,1411.44,2025,7,July,Sunday,9389.73,8450.757
2025-07-13,ORD015475,CUST01379,P017,Jeans,Fashion,Pune,Online,Net Banking,1,3058.59,0.1,3058.59,2752.73,0,688.47,2025,7,July,Sunday,3058.59,2752.731
2025-07-13,ORD000841,CUST02429,P017,Jeans,Fashion,Jaipur,Online,UPI,1,2919.06,0.1,2919.06,2627.15,0,342.19,2025,7,July,Sunday,2919.06,2627.154
2025-07-13,ORD006530,CUST01160,P010,Coffee Maker,Home,Jaipur,Online,Credit Card,1,5091.2,0.2,5091.2,4072.96,0,280.46,2025,7,July,Sunday,5091.2,4072.96
2025-07-13,ORD013512,CUST04123,P019,Vacuum Cleaner,Home,Kolkata,Online,Credit Card,1,8761.35,0.05,8761.35,8323.28,0,1017.45,2025,7,July,Sunday,8761.35,8323.2825
2025-07-13,ORD040013,CUST03518,P003,Headphones,Electronics,Chennai,Online,Net Banking,3,4589.41,0.0,13768.23,13768.23,1,-688.41,2025,7,July,Sunday,13768.23,13768.23
2025-07-13,ORD030220,CUST00968,P014,Keyboard,Electronics,Hyderabad,Online,UPI,2,2420.37,0.05,4840.74,4598.7,0,1156.85,2025,7,July,Sunday,4840.74,4598.7029999999995
2025-07-13,ORD003377,CUST04660,P006,Desk,Furniture,Surat,Store,Net Banking,1,13140.34,0.15,13140.34,11169.29,0,663.09,2025,7,July,Sunday,13140.34,11169.289
2025-07-13,ORD003531,CUST02641,P013,Monitor,Electronics,Jaipur,Store,UPI,1,17472.15,0.15,17472.15,14851.33,0,3510.89,2025,7,July,Sunday,17472.15,14851.327500000001
2025-07-13,ORD049767,CUST01188,P016,Sofa,Furniture,Jaipur,Online,UPI,1,32672.93,0.05,32672.93,31039.28,0,5366.15,2025,7,July,Sunday,32672.93,31039.283499999998
2025-07-13,ORD042946,CUST03926,P019,Vacuum Cleaner,Home,Delhi,Store,Credit Card,1,8386.39,0.05,8386.39,7967.07,0,1027.56,2025,7,July,Sunday,8386.39,7967.070499999999
2025-07-13,ORD000767,CUST03589,P019,Vacuum Cleaner,Home,Surat,Online,Debit Card,1,9007.0,0.15,9007.0,7655.95,0,802.1,2025,7,July,Sunday,9007.0,7655.95
2025-07-13,ORD001004,CUST04475,P003,Headphones,Electronics,Kolkata,Online,Credit Card,4,4548.18,0.15,18192.72,15463.81,0,2386.86,2025,7,July,Sunday,18192.72,15463.812
2025-07-13,ORD024742,CUST00838,P001,Laptop,Electronics,Ahmedabad,Online,UPI,2,63731.9,0.05,127463.8,121090.61,0,21281.67,2025,7,July,Sunday,127463.8,121090.61
2025-07-13,ORD022422,CUST02935,P013,Monitor,Electronics,Jaipur,Online,Cash,2,17573.43,0.2,35146.86,28117.49,0,2548.36,2025,7,July,Sunday,35146.86,28117.488
2025-07-13,ORD002559,CUST01223,P009,T-Shirt,Fashion,Chennai,Online,Net Banking,2,1139.0,0.1,2278.0,2050.2,0,366.2,2025,7,July,Sunday,2278.0,2050.2000000000003
2025-07-13,ORD017248,CUST04933,P003,Headphones,Electronics,Jaipur,Online,Credit Card,1,4377.88,0.1,4377.88,3940.09,0,979.16,2025,7,July,Sunday,4377.88,3940.092
2025-07-13,ORD024993,CUST01259,P012,Air Fryer,Home,Jaipur,Online,Debit Card,1,7307.02,0.1,7307.02,6576.32,0,979.87,2025,7,July,Sunday,7307.02,6576.318
2025-07-13,ORD015800,CUST00741,P016,Sofa,Furniture,Ahmedabad,Online,Credit Card,1,36119.55,0.0,36119.55,36119.55,0,10243.08,2025,7,July,Sunday,36119.55,36119.55
2025-07-13,ORD037652,CUST02582,P007,Backpack,Accessories,Hyderabad,Online,Debit Card,1,2326.94,0.0,2326.94,2326.94,0,619.7,2025,7,July,Sunday,2326.94,2326.94
2025-07-14,ORD029736,CUST04775,P014,Keyboard,Electronics,Pune,Store,UPI,4,2323.47,0.0,9293.88,9293.88,0,2416.2,2025,7,July,Monday,9293.88,9293.88
2025-07-14,ORD040277,CUST02079,P006,Desk,Furniture,Mumbai,Store,UPI,1,11806.86,0.1,11806.86,10626.17,0,2290.92,2025,7,July,Monday,11806.86,10626.174
2025-07-14,ORD014232,CUST00040,P004,Smartwatch,Electronics,Mumbai,Online,Credit Card,2,7116.61,0.05,14233.22,13521.56,0,3472.23,2025,7,July,Monday,14233.22,13521.559
2025-07-14,ORD011666,CUST04098,P013,Monitor,Electronics,Mumbai,Online,UPI,2,18954.29,0.05,37908.58,36013.15,0,4111.47,2025,7,July,Monday,37908.58,36013.151
2025-07-14,ORD045977,CUST04001,P011,Mixer Grinder,Home,Mumbai,Online,Credit Card,1,5222.47,0.1,5222.47,4700.22,1,-235.01,2025,7,July,Monday,5222.47,4700.223
2025-07-14,ORD043812,CUST00296,P013,Monitor,Electronics,Kolkata,Online,UPI,1,18493.26,0.05,18493.26,17568.6,0,4100.22,2025,7,July,Monday,18493.26,17568.596999999998
2025-07-14,ORD037267,CUST02511,P013,Monitor,Electronics,Pune,Store,Credit Card,1,17978.5,0.0,17978.5,17978.5,0,5098.31,2025,7,July,Monday,17978.5,17978.5
2025-07-14,ORD007538,CUST01462,P017,Jeans,Fashion,Bengaluru,Online,Cash,1,2930.36,0.05,2930.36,2783.84,0,233.56,2025,7,July,Monday,2930.36,2783.842
2025-07-14,ORD023547,CUST01757,P010,Coffee Maker,Home,Bengaluru,Online,UPI,1,5531.28,0.0,5531.28,5531.28,0,851.14,2025,7,July,Monday,5531.28,5531.28
2025-07-14,ORD002912,CUST00122,P006,Desk,Furniture,Hyderabad,Store,Credit Card,4,12398.46,0.15,49593.84,42154.76,0,4930.01,2025,7,July,Monday,49593.84,42154.763999999996
2025-07-14,ORD015766,CUST03276,P002,Smartphone,Electronics,Mumbai,Online,UPI,1,29636.23,0.1,29636.23,26672.61,1,-1333.63,2025,7,July,Monday,29636.23,26672.607
2025-07-14,ORD021340,CUST02982,P010,Coffee Maker,Home,Surat,Online,Credit Card,3,5871.1,0.05,17613.3,16732.64,0,2911.86,2025,7,July,Monday,17613.300000000003,16732.635
2025-07-14,ORD024200,CUST04453,P009,T-Shirt,Fashion,Mumbai,Store,UPI,1,1291.7,0.1,1291.7,1162.53,0,131.02,2025,7,July,Monday,1291.7,1162.53
2025-07-14,ORD019519,CUST03617,P016,Sofa,Furniture,Pune,Store,Debit Card,3,31911.94,0.05,95735.82,90949.03,0,9156.23,2025,7,July,Monday,95735.81999999999,90949.02900000001
2025-07-14,ORD014630,CUST04045,P006,Desk,Furniture,Delhi,Online,Cash,1,11610.73,0.2,11610.73,9288.58,0,467.78,2025,7,July,Monday,11610.73,9288.584
2025-07-14,ORD003203,CUST04289,P009,T-Shirt,Fashion,Ahmedabad,Store,UPI,1,1085.54,0.2,1085.54,868.43,0,140.09,2025,7,July,Monday,1085.54,868.432
2025-07-14,ORD026019,CUST02527,P007,Backpack,Accessories,Kolkata,Online,UPI,1,2244.58,0.05,2244.58,2132.35,0,310.05,2025,7,July,Monday,2244.58,2132.3509999999997
2025-07-14,ORD024766,CUST00693,P001,Laptop,Electronics,Delhi,Store,Credit Card,1,60614.19,0.0,60614.19,60614.19,0,16549.84,2025,7,July,Monday,60614.19,60614.19
2025-07-14,ORD018371,CUST02421,P009,T-Shirt,Fashion,Hyderabad,Store,Credit Card,3,1176.91,0.1,3530.73,3177.66,1,-158.88,2025,7,July,Monday,3530.7300000000005,3177.657
2025-07-14,ORD042325,CUST01214,P010,Coffee Maker,Home,Ahmedabad,Online,UPI,1,5289.71,0.1,5289.71,4760.74,0,1253.13,2025,7,July,Monday,5289.71,4760.7390000000005
2025-07-14,ORD013355,CUST00951,P005,Office Chair,Furniture,Ahmedabad,Online,Credit Card,1,8608.18,0.15,8608.18,7316.95,0,687.01,2025,7,July,Monday,8608.18,7316.953
2025-07-14,ORD017184,CUST04158,P019,Vacuum Cleaner,Home,Kolkata,Store,UPI,1,9199.19,0.1,9199.19,8279.27,0,2280.56,2025,7,July,Monday,9199.19,8279.271
2025-07-14,ORD033297,CUST01810,P013,Monitor,Electronics,Delhi,Online,UPI,2,17721.9,0.15,35443.8,30127.23,1,-1506.36,2025,7,July,Monday,35443.8,30127.230000000003
2025-07-14,ORD031525,CUST02615,P005,Office Chair,Furniture,Kolkata,Store,Debit Card,1,9808.98,0.05,9808.98,9318.53,0,2308.07,2025,7,July,Monday,9808.98,9318.530999999999
2025-07-14,ORD005124,CUST04313,P002,Smartphone,Electronics,Jaipur,Store,Credit Card,3,27797.91,0.05,83393.73,79224.04,0,19589.16,2025,7,July,Monday,83393.73,79224.04349999999
2025-07-14,ORD001009,CUST03494,P009,T-Shirt,Fashion,Kolkata,Store,Cash,2,1254.8,0.1,2509.6,2258.64,0,386.57,2025,7,July,Monday,2509.6,2258.64
2025-07-14,ORD000929,CUST03050,P017,Jeans,Fashion,Chennai,Online,UPI,1,2804.71,0.0,2804.71,2804.71,0,638.39,2025,7,July,Monday,2804.71,2804.71
2025-07-14,ORD017257,CUST01294,P002,Smartphone,Electronics,Mumbai,Online,Net Banking,1,26568.92,0.05,26568.92,25240.47,0,2250.18,2025,7,July,Monday,26568.92,25240.474
2025-07-14,ORD039232,CUST04911,P006,Desk,Furniture,Bengaluru,Online,Cash,1,12062.87,0.15,12062.87,10253.44,0,2454.87,2025,7,July,Monday,12062.87,10253.4395
2025-07-14,ORD009468,CUST04751,P001,Laptop,Electronics,Delhi,Store,Credit Card,4,59758.7,0.05,239034.8,227083.06,0,53347.25,2025,7,July,Monday,239034.8,227083.05999999997
2025-07-14,ORD016414,CUST02073,P007,Backpack,Accessories,Bengaluru,Online,Credit Card,5,2288.35,0.2,11441.75,9153.4,0,940.09,2025,7,July,Monday,11441.75,9153.4
2025-07-14,ORD043217,CUST02449,P019,Vacuum Cleaner,Home,Kolkata,Online,UPI,1,8172.78,0.1,8172.78,7355.5,0,1959.52,2025,7,July,Monday,8172.78,7355.5019999999995
2025-07-14,ORD006661,CUST04588,P011,Mixer Grinder,Home,Hyderabad,Store,UPI,4,4719.82,0.05,18879.28,17935.32,0,3357.26,2025,7,July,Monday,18879.28,17935.316
2025-07-14,ORD045374,CUST04163,P018,Jacket,Fashion,Bengaluru,Online,Credit Card,2,5669.97,0.1,11339.94,10205.95,0,2533.64,2025,7,July,Monday,11339.94,10205.946
2025-07-14,ORD033392,CUST04320,P018,Jacket,Fashion,Hyderabad,Online,Debit Card,1,4806.37,0.2,4806.37,3845.1,1,-192.26,2025,7,July,Monday,4806.37,3845.096
2025-07-14,ORD021610,CUST03825,P016,Sofa,Furniture,Delhi,Online,UPI,1,35825.72,0.15,35825.72,30451.86,1,-1522.59,2025,7,July,Monday,35825.72,30451.862
2025-07-14,ORD026535,CUST03646,P017,Jeans,Fashion,Chennai,Store,UPI,1,2891.38,0.05,2891.38,2746.81,1,-137.34,2025,7,July,Monday,2891.38,2746.811
2025-07-14,ORD015143,CUST02346,P007,Backpack,Accessories,Ahmedabad,Store,Cash,1,2038.9,0.25,2038.9,1529.18,1,-76.46,2025,7,July,Monday,2038.9,1529.1750000000002
2025-07-14,ORD046536,CUST01687,P007,Backpack,Accessories,Delhi,Online,UPI,1,2404.85,0.0,2404.85,2404.85,0,552.91,2025,7,July,Monday,2404.85,2404.85
2025-07-14,ORD004490,CUST00529,P002,Smartphone,Electronics,Bengaluru,Online,Credit Card,1,29881.62,0.1,29881.62,26893.46,0,5279.82,2025,7,July,Monday,29881.62,26893.458
2025-07-14,ORD016122,CUST04809,P011,Mixer Grinder,Home,Ahmedabad,Store,UPI,2,4894.33,0.05,9788.66,9299.23,0,1352.75,2025,7,July,Monday,9788.66,9299.226999999999
2025-07-14,ORD017396,CUST01448,P016,Sofa,Furniture,Surat,Online,Credit Card,1,32321.06,0.05,32321.06,30705.01,0,4035.65,2025,7,July,Monday,32321.06,30705.007
2025-07-14,ORD012996,CUST03563,P007,Backpack,Accessories,Jaipur,Online,UPI,5,2150.34,0.15,10751.7,9138.94,0,1422.76,2025,7,July,Monday,10751.7,9138.945
2025-07-14,ORD015411,CUST04618,P005,Office Chair,Furniture,Pune,Store,Net Banking,4,10098.16,0.0,40392.64,40392.64,0,11072.6,2025,7,July,Monday,40392.64,40392.64
2025-07-14,ORD042709,CUST02587,P013,Monitor,Electronics,Ahmedabad,Online,Net Banking,4,19530.1,0.1,78120.4,70308.36,0,16408.38,2025,7,July,Monday,78120.4,70308.36
2025-07-14,ORD029626,CUST00971,P006,Desk,Furniture,Pune,Online,UPI,1,11146.67,0.1,11146.67,10032.0,0,780.58,2025,7,July,Monday,11146.67,10032.003
2025-07-14,ORD013364,CUST02903,P002,Smartphone,Electronics,Mumbai,Online,UPI,1,26186.91,0.0,26186.91,26186.91,0,5442.14,2025,7,July,Monday,26186.91,26186.91
2025-07-14,ORD034387,CUST04305,P008,Running Shoes,Fashion,Ahmedabad,Online,UPI,1,4053.46,0.1,4053.46,3648.11,0,443.3,2025,7,July,Monday,4053.46,3648.114
2025-07-14,ORD025003,CUST00769,P001,Laptop,Electronics,Mumbai,Store,UPI,1,64855.6,0.0,64855.6,64855.6,0,11080.82,2025,7,July,Monday,64855.6,64855.6
2025-07-14,ORD035404,CUST01569,P010,Coffee Maker,Home,Delhi,Online,Credit Card,5,5651.64,0.25,28258.2,21193.65,0,1348.61,2025,7,July,Monday,28258.2,21193.65
2025-07-14,ORD009714,CUST00560,P013,Monitor,Electronics,Ahmedabad,Online,Credit Card,1,16922.16,0.2,16922.16,13537.73,0,2601.02,2025,7,July,Monday,16922.16,13537.728000000001
2025-07-14,ORD002761,CUST02926,P010,Coffee Maker,Home,Hyderabad,Store,UPI,3,5896.66,0.05,17689.98,16805.48,1,-840.27,2025,7,July,Monday,17689.98,16805.481
2025-07-14,ORD044957,CUST04742,P002,Smartphone,Electronics,Delhi,Online,UPI,1,26693.97,0.25,26693.97,20020.48,0,3614.06,2025,7,July,Monday,26693.97,20020.4775
2025-07-14,ORD024070,CUST00584,P001,Laptop,Electronics,Bengaluru,Online,Debit Card,1,66222.79,0.0,66222.79,66222.79,0,12871.45,2025,7,July,Monday,66222.79,66222.79
2025-07-14,ORD001847,CUST03638,P009,T-Shirt,Fashion,Chennai,Store,Credit Card,1,1298.87,0.0,1298.87,1298.87,0,231.05,2025,7,July,Monday,1298.87,1298.87
2025-07-14,ORD004068,CUST04460,P006,Desk,Furniture,Hyderabad,Online,UPI,3,12368.76,0.1,37106.28,33395.65,0,6692.39,2025,7,July,Monday,37106.28,33395.652
2025-07-14,ORD014499,CUST03362,P016,Sofa,Furniture,Jaipur,Online,Credit Card,1,31616.15,0.0,31616.15,31616.15,0,9369.97,2025,7,July,Monday,31616.15,31616.15
2025-07-14,ORD040737,CUST00433,P005,Office Chair,Furniture,Jaipur,Online,UPI,1,9159.63,0.15,9159.63,7785.69,0,1299.8,2025,7,July,Monday,9159.63,7785.685499999999
2025-07-14,ORD024570,CUST00698,P002,Smartphone,Electronics,Hyderabad,Store,Debit Card,2,27178.02,0.0,54356.04,54356.04,0,11573.24,2025,7,July,Monday,54356.04,54356.04
2025-07-14,ORD000623,CUST01326,P014,Keyboard,Electronics,Hyderabad,Online,Credit Card,2,2641.46,0.05,5282.92,5018.77,0,887.11,2025,7,July,Monday,5282.92,5018.773999999999
2025-07-14,ORD032090,CUST00640,P007,Backpack,Accessories,Delhi,Store,UPI,4,2258.4,0.1,9033.6,8130.24,0,817.59,2025,7,July,Monday,9033.6,8130.240000000001
2025-07-14,ORD027507,CUST01806,P011,Mixer Grinder,Home,Ahmedabad,Store,UPI,1,4786.34,0.15,4786.34,4068.39,0,262.5,2025,7,July,Monday,4786.34,4068.389
2025-07-14,ORD004337,CUST00238,P004,Smartwatch,Electronics,Delhi,Store,Credit Card,4,6983.02,0.05,27932.08,26535.48,0,4260.24,2025,7,July,Monday,27932.08,26535.476
2025-07-14,ORD033558,CUST04204,P002,Smartphone,Electronics,Mumbai,Online,Credit Card,2,27134.9,0.0,54269.8,54269.8,0,4939.61,2025,7,July,Monday,54269.8,54269.8
2025-07-14,ORD045680,CUST00421,P002,Smartphone,Electronics,Mumbai,Online,Net Banking,3,26345.8,0.2,79037.4,63229.92,0,13883.5,2025,7,July,Monday,79037.4,63229.92
2025-07-14,ORD040563,CUST02428,P018,Jacket,Fashion,Hyderabad,Online,Net Banking,1,5302.23,0.2,5302.23,4241.78,0,1030.45,2025,7,July,Monday,5302.23,4241.784
2025-07-14,ORD041844,CUST03834,P003,Headphones,Electronics,Surat,Store,UPI,1,4743.64,0.1,4743.64,4269.28,0,266.09,2025,7,July,Monday,4743.64,4269.276000000001
2025-07-14,ORD003691,CUST00945,P003,Headphones,Electronics,Delhi,Store,UPI,1,4468.56,0.0,4468.56,4468.56,0,1312.78,2025,7,July,Monday,4468.56,4468.56
2025-07-14,ORD001713,CUST00228,P001,Laptop,Electronics,Bengaluru,Store,UPI,4,68834.36,0.0,275337.44,275337.44,1,-13766.87,2025,7,July,Monday,275337.44,275337.44
2025-07-14,ORD008463,CUST01117,P007,Backpack,Accessories,Delhi,Store,Credit Card,2,2061.49,0.25,4122.98,3092.23,0,459.22,2025,7,July,Monday,4122.98,3092.2349999999997
2025-07-15,ORD009327,CUST03441,P020,Microwave,Home,Jaipur,Online,Credit Card,1,10707.26,0.1,10707.26,9636.53,0,1660.99,2025,7,July,Tuesday,10707.26,9636.534
2025-07-15,ORD011480,CUST02672,P012,Air Fryer,Home,Chennai,Store,Credit Card,1,6979.64,0.2,6979.64,5583.71,0,261.93,2025,7,July,Tuesday,6979.64,5583.712
2025-07-15,ORD024644,CUST01815,P011,Mixer Grinder,Home,Mumbai,Online,Debit Card,1,4542.6,0.05,4542.6,4315.47,0,465.81,2025,7,July,Tuesday,4542.6,4315.47
2025-07-15,ORD042937,CUST03003,P013,Monitor,Electronics,Delhi,Store,Credit Card,2,18972.92,0.05,37945.84,36048.55,0,6624.9,2025,7,July,Tuesday,37945.84,36048.547999999995
2025-07-15,ORD001667,CUST00857,P006,Desk,Furniture,Ahmedabad,Store,UPI,3,11681.51,0.0,35044.53,35044.53,0,4987.96,2025,7,July,Tuesday,35044.53,35044.53
2025-07-15,ORD003585,CUST00782,P020,Microwave,Home,Kolkata,Online,UPI,1,10701.39,0.1,10701.39,9631.25,0,626.71,2025,7,July,Tuesday,10701.39,9631.251
2025-07-15,ORD042545,CUST04996,P016,Sofa,Furniture,Mumbai,Online,Credit Card,1,36233.25,0.05,36233.25,34421.59,0,2974.91,2025,7,July,Tuesday,36233.25,34421.5875
2025-07-15,ORD013773,CUST02943,P008,Running Shoes,Fashion,Surat,Store,Debit Card,1,3902.76,0.0,3902.76,3902.76,0,602.32,2025,7,July,Tuesday,3902.76,3902.76
2025-07-15,ORD003088,CUST02784,P012,Air Fryer,Home,Delhi,Online,UPI,2,6570.22,0.05,13140.44,12483.42,0,1207.28,2025,7,July,Tuesday,13140.44,12483.418
2025-07-15,ORD026238,CUST03187,P006,Desk,Furniture,Hyderabad,Online,Cash,1,11382.8,0.2,11382.8,9106.24,0,1061.54,2025,7,July,Tuesday,11382.8,9106.24
2025-07-15,ORD049021,CUST00080,P012,Air Fryer,Home,Chennai,Online,Debit Card,2,7725.61,0.1,15451.22,13906.1,0,3120.06,2025,7,July,Tuesday,15451.22,13906.098
2025-07-15,ORD011487,CUST02319,P014,Keyboard,Electronics,Mumbai,Store,Credit Card,3,2710.75,0.05,8132.25,7725.64,0,1618.69,2025,7,July,Tuesday,8132.25,7725.6375
2025-07-15,ORD035350,CUST04963,P010,Coffee Maker,Home,Chennai,Online,UPI,2,5324.97,0.1,10649.94,9584.95,0,2499.93,2025,7,July,Tuesday,10649.94,9584.946
2025-07-15,ORD035379,CUST00313,P008,Running Shoes,Fashion,Ahmedabad,Online,Debit Card,1,4269.24,0.0,4269.24,4269.24,0,1132.46,2025,7,July,Tuesday,4269.24,4269.24
2025-07-15,ORD010729,CUST01096,P018,Jacket,Fashion,Surat,Store,Credit Card,5,4717.02,0.15,23585.1,20047.34,0,1467.68,2025,7,July,Tuesday,23585.100000000002,20047.335
2025-07-15,ORD036665,CUST03356,P012,Air Fryer,Home,Jaipur,Online,UPI,4,7023.13,0.05,28092.52,26687.89,0,2620.58,2025,7,July,Tuesday,28092.52,26687.894
2025-07-15,ORD037374,CUST00609,P016,Sofa,Furniture,Ahmedabad,Online,Debit Card,1,33919.5,0.0,33919.5,33919.5,0,6844.12,2025,7,July,Tuesday,33919.5,33919.5
2025-07-15,ORD019049,CUST03929,P019,Vacuum Cleaner,Home,Pune,Store,UPI,5,8863.56,0.2,44317.8,35454.24,0,2400.32,2025,7,July,Tuesday,44317.799999999996,35454.240000000005
2025-07-15,ORD001373,CUST01991,P002,Smartphone,Electronics,Pune,Store,Net Banking,1,26536.88,0.05,26536.88,25210.04,0,2197.92,2025,7,July,Tuesday,26536.88,25210.036
2025-07-15,ORD015238,CUST02598,P009,T-Shirt,Fashion,Hyderabad,Online,UPI,1,1165.28,0.05,1165.28,1107.02,0,210.59,2025,7,July,Tuesday,1165.28,1107.0159999999998
2025-07-15,ORD024715,CUST01953,P004,Smartwatch,Electronics,Surat,Online,UPI,2,6348.37,0.05,12696.74,12061.9,0,3080.33,2025,7,July,Tuesday,12696.74,12061.902999999998
2025-07-15,ORD021716,CUST02554,P014,Keyboard,Electronics,Kolkata,Store,Debit Card,1,2508.33,0.25,2508.33,1881.25,0,185.98,2025,7,July,Tuesday,2508.33,1881.2475
2025-07-15,ORD011249,CUST02210,P011,Mixer Grinder,Home,Pune,Online,UPI,1,4522.89,0.1,4522.89,4070.6,1,-203.53,2025,7,July,Tuesday,4522.89,4070.6010000000006
2025-07-15,ORD003305,CUST04777,P006,Desk,Furniture,Bengaluru,Online,Credit Card,2,13180.86,0.15,26361.72,22407.46,0,4646.52,2025,7,July,Tuesday,26361.72,22407.462
2025-07-15,ORD008716,CUST00145,P013,Monitor,Electronics,Hyderabad,Store,Credit Card,3,17529.39,0.05,52588.17,49958.76,0,13401.5,2025,7,July,Tuesday,52588.17,49958.76149999999
2025-07-15,ORD019576,CUST03169,P008,Running Shoes,Fashion,Bengaluru,Online,Debit Card,4,3898.66,0.1,15594.64,14035.18,0,3495.67,2025,7,July,Tuesday,15594.64,14035.176
2025-07-15,ORD031675,CUST02402,P017,Jeans,Fashion,Pune,Online,Cash,1,2873.69,0.25,2873.69,2155.27,0,162.44,2025,7,July,Tuesday,2873.69,2155.2675
2025-07-15,ORD029883,CUST03100,P012,Air Fryer,Home,Kolkata,Online,UPI,1,6758.47,0.0,6758.47,6758.47,0,1688.1,2025,7,July,Tuesday,6758.47,6758.47
2025-07-15,ORD024515,CUST04371,P019,Vacuum Cleaner,Home,Pune,Online,Cash,1,9212.93,0.0,9212.93,9212.93,0,1242.37,2025,7,July,Tuesday,9212.93,9212.93
2025-07-15,ORD023319,CUST02248,P013,Monitor,Electronics,Delhi,Online,Credit Card,1,17042.3,0.0,17042.3,17042.3,0,1611.54,2025,7,July,Tuesday,17042.3,17042.3
2025-07-15,ORD014641,CUST03433,P002,Smartphone,Electronics,Chennai,Online,UPI,2,28712.58,0.05,57425.16,54553.9,1,-2727.7,2025,7,July,Tuesday,57425.16,54553.902
2025-07-15,ORD048408,CUST04412,P015,Dining Table,Furniture,Mumbai,Store,UPI,4,21269.68,0.0,85078.72,85078.72,0,25162.91,2025,7,July,Tuesday,85078.72,85078.72
2025-07-15,ORD003759,CUST01384,P013,Monitor,Electronics,Bengaluru,Store,Credit Card,1,16885.19,0.1,16885.19,15196.67,0,2318.44,2025,7,July,Tuesday,16885.19,15196.670999999998
2025-07-15,ORD047783,CUST03186,P001,Laptop,Electronics,Bengaluru,Online,Debit Card,1,67387.68,0.0,67387.68,67387.68,0,19812.42,2025,7,July,Tuesday,67387.68,67387.68
2025-07-15,ORD031794,CUST01334,P008,Running Shoes,Fashion,Bengaluru,Online,Cash,1,4036.17,0.0,4036.17,4036.17,0,922.84,2025,7,July,Tuesday,4036.17,4036.17
2025-07-15,ORD019515,CUST00436,P020,Microwave,Home,Delhi,Online,Net Banking,1,10459.7,0.0,10459.7,10459.7,0,877.03,2025,7,July,Tuesday,10459.7,10459.7
2025-07-15,ORD036271,CUST04284,P010,Coffee Maker,Home,Delhi,Online,Credit Card,1,5591.13,0.1,5591.13,5032.02,0,1189.13,2025,7,July,Tuesday,5591.13,5032.017
2025-07-15,ORD047038,CUST04296,P006,Desk,Furniture,Jaipur,Store,Credit Card,1,12993.57,0.05,12993.57,12343.89,0,3070.99,2025,7,July,Tuesday,12993.57,12343.8915
2025-07-15,ORD042073,CUST03431,P016,Sofa,Furniture,Pune,Online,UPI,1,37605.32,0.0,37605.32,37605.32,0,4951.31,2025,7,July,Tuesday,37605.32,37605.32
2025-07-15,ORD001728,CUST03180,P020,Microwave,Home,Surat,Online,UPI,2,11526.54,0.2,23053.08,18442.46,0,4521.64,2025,7,July,Tuesday,23053.08,18442.464000000004
2025-07-15,ORD020326,CUST01135,P007,Backpack,Accessories,Bengaluru,Store,Net Banking,2,2008.77,0.1,4017.54,3615.79,0,273.46,2025,7,July,Tuesday,4017.54,3615.786
2025-07-15,ORD046214,CUST04256,P001,Laptop,Electronics,Delhi,Online,Net Banking,1,65009.61,0.0,65009.61,65009.61,0,10760.06,2025,7,July,Tuesday,65009.61,65009.61
2025-07-15,ORD016375,CUST04116,P012,Air Fryer,Home,Hyderabad,Online,Debit Card,3,7029.48,0.0,21088.44,21088.44,0,4081.05,2025,7,July,Tuesday,21088.44,21088.44
2025-07-15,ORD042486,CUST01041,P001,Laptop,Electronics,Chennai,Store,Debit Card,1,68458.49,0.25,68458.49,51343.87,0,12261.15,2025,7,July,Tuesday,68458.49,51343.86750000001
2025-07-15,ORD020638,CUST00571,P018,Jacket,Fashion,Bengaluru,Online,UPI,1,5121.11,0.25,5121.11,3840.83,0,291.7,2025,7,July,Tuesday,5121.11,3840.8324999999995
2025-07-15,ORD006517,CUST04444,P004,Smartwatch,Electronics,Bengaluru,Online,UPI,1,7308.47,0.1,7308.47,6577.62,0,1030.7,2025,7,July,Tuesday,7308.47,6577.6230000000005
2025-07-15,ORD016410,CUST02878,P016,Sofa,Furniture,Mumbai,Store,UPI,2,32187.83,0.0,64375.66,64375.66,0,18613.5,2025,7,July,Tuesday,64375.66,64375.66
2025-07-15,ORD027424,CUST03610,P011,Mixer Grinder,Home,Mumbai,Store,Debit Card,1,4520.54,0.25,4520.54,3390.4,0,135.62,2025,7,July,Tuesday,4520.54,3390.4049999999997
2025-07-15,ORD024387,CUST00644,P006,Desk,Furniture,Delhi,Store,Debit Card,1,12045.63,0.0,12045.63,12045.63,0,1369.43,2025,7,July,Tuesday,12045.63,12045.63
2025-07-15,ORD002728,CUST03591,P011,Mixer Grinder,Home,Pune,Online,Credit Card,2,4551.38,0.0,9102.76,9102.76,0,2454.45,2025,7,July,Tuesday,9102.76,9102.76
2025-07-15,ORD017940,CUST00232,P018,Jacket,Fashion,Kolkata,Store,UPI,2,4857.48,0.15,9714.96,8257.72,0,1177.6,2025,7,July,Tuesday,9714.96,8257.715999999999
2025-07-15,ORD015627,CUST03467,P007,Backpack,Accessories,Surat,Online,UPI,1,2097.46,0.2,2097.46,1677.97,1,-83.9,2025,7,July,Tuesday,2097.46,1677.968
2025-07-15,ORD023805,CUST04535,P002,Smartphone,Electronics,Hyderabad,Online,Debit Card,2,26496.01,0.0,52992.02,52992.02,1,-2649.6,2025,7,July,Tuesday,52992.02,52992.02
2025-07-15,ORD021870,CUST04122,P010,Coffee Maker,Home,Ahmedabad,Online,UPI,3,5069.8,0.0,15209.4,15209.4,0,4253.78,2025,7,July,Tuesday,15209.400000000001,15209.4
2025-07-15,ORD029856,CUST04888,P005,Office Chair,Furniture,Chennai,Online,UPI,2,10019.3,0.0,20038.6,20038.6,0,3446.48,2025,7,July,Tuesday,20038.6,20038.6
2025-07-15,ORD005929,CUST02902,P018,Jacket,Fashion,Ahmedabad,Store,UPI,1,5108.33,0.0,5108.33,5108.33,0,1191.91,2025,7,July,Tuesday,5108.33,5108.33
2025-07-15,ORD011648,CUST04948,P020,Microwave,Home,Pune,Store,Debit Card,1,10907.83,0.1,10907.83,9817.05,0,1402.78,2025,7,July,Tuesday,10907.83,9817.047
2025-07-15,ORD020523,CUST01720,P010,Coffee Maker,Home,Pune,Online,UPI,2,5283.17,0.0,10566.34,10566.34,0,2533.65,2025,7,July,Tuesday,10566.34,10566.34
2025-07-15,ORD015383,CUST00029,P013,Monitor,Electronics,Surat,Online,UPI,4,16224.5,0.1,64898.0,58408.2,0,6079.77,2025,7,July,Tuesday,64898.0,58408.200000000004
2025-07-15,ORD009411,CUST00041,P012,Air Fryer,Home,Ahmedabad,Store,Net Banking,2,6653.2,0.1,13306.4,11975.76,0,1890.88,2025,7,July,Tuesday,13306.4,11975.76
2025-07-15,ORD026921,CUST02984,P001,Laptop,Electronics,Ahmedabad,Online,Cash,1,65520.82,0.15,65520.82,55692.7,0,12588.83,2025,7,July,Tuesday,65520.82,55692.697
2025-07-15,ORD035548,CUST01664,P019,Vacuum Cleaner,Home,Hyderabad,Online,Debit Card,1,8322.18,0.15,8322.18,7073.85,0,1269.89,2025,7,July,Tuesday,8322.18,7073.853
2025-07-15,ORD014372,CUST03433,P003,Headphones,Electronics,Kolkata,Online,Credit Card,1,4115.77,0.1,4115.77,3704.19,0,380.75,2025,7,July,Tuesday,4115.77,3704.1930000000007
2025-07-15,ORD007721,CUST02670,P011,Mixer Grinder,Home,Delhi,Online,Credit Card,1,4935.47,0.15,4935.47,4195.15,0,901.03,2025,7,July,Tuesday,4935.47,4195.1495
2025-07-16,ORD020440,CUST04356,P017,Jeans,Fashion,Surat,Online,Credit Card,1,2767.53,0.1,2767.53,2490.78,0,376.42,2025,7,July,Wednesday,2767.53,2490.777
2025-07-16,ORD035287,CUST01970,P001,Laptop,Electronics,Mumbai,Store,Credit Card,1,63145.19,0.15,63145.19,53673.41,0,12871.94,2025,7,July,Wednesday,63145.19,53673.4115
2025-07-16,ORD006617,CUST01134,P019,Vacuum Cleaner,Home,Chennai,Online,Credit Card,1,8780.3,0.2,8780.3,7024.24,0,1137.3,2025,7,July,Wednesday,8780.3,7024.24
2025-07-16,ORD043646,CUST01794,P012,Air Fryer,Home,Delhi,Online,Debit Card,1,7203.54,0.1,7203.54,6483.19,0,629.82,2025,7,July,Wednesday,7203.54,6483.186
2025-07-16,ORD049815,CUST02623,P020,Microwave,Home,Bengaluru,Online,Credit Card,1,10432.34,0.2,10432.34,8345.87,0,1104.98,2025,7,July,Wednesday,10432.34,8345.872000000001
2025-07-16,ORD006904,CUST03089,P005,Office Chair,Furniture,Pune,Store,Credit Card,3,9633.59,0.05,28900.77,27455.73,0,3721.65,2025,7,July,Wednesday,28900.77,27455.731499999998
2025-07-16,ORD024898,CUST02572,P019,Vacuum Cleaner,Home,Surat,Online,UPI,1,8465.33,0.1,8465.33,7618.8,0,834.66,2025,7,July,Wednesday,8465.33,7618.7970000000005
2025-07-16,ORD001553,CUST04734,P008,Running Shoes,Fashion,Chennai,Online,UPI,1,4483.0,0.2,4483.0,3586.4,0,353.97,2025,7,July,Wednesday,4483.0,3586.4
2025-07-16,ORD006173,CUST02736,P007,Backpack,Accessories,Kolkata,Online,Net Banking,1,2191.22,0.15,2191.22,1862.54,0,497.02,2025,7,July,Wednesday,2191.22,1862.5369999999998
2025-07-16,ORD040233,CUST02184,P013,Monitor,Electronics,Delhi,Online,UPI,4,18358.26,0.2,73433.04,58746.43,0,13527.9,2025,7,July,Wednesday,73433.04,58746.432
2025-07-16,ORD010368,CUST02799,P006,Desk,Furniture,Surat,Store,UPI,1,11278.73,0.2,11278.73,9022.98,0,480.18,2025,7,July,Wednesday,11278.73,9022.984
2025-07-16,ORD044350,CUST01599,P019,Vacuum Cleaner,Home,Pune,Store,UPI,1,9831.49,0.05,9831.49,9339.92,0,2289.05,2025,7,July,Wednesday,9831.49,9339.9155
2025-07-16,ORD006161,CUST00517,P010,Coffee Maker,Home,Delhi,Online,Cash,1,4950.73,0.05,4950.73,4703.19,1,-235.16,2025,7,July,Wednesday,4950.73,4703.193499999999
2025-07-16,ORD033784,CUST02746,P018,Jacket,Fashion,Jaipur,Online,Net Banking,2,5438.34,0.0,10876.68,10876.68,0,1162.97,2025,7,July,Wednesday,10876.68,10876.68
2025-07-16,ORD007018,CUST00797,P009,T-Shirt,Fashion,Hyderabad,Online,UPI,1,1308.27,0.1,1308.27,1177.44,0,303.78,2025,7,July,Wednesday,1308.27,1177.443
2025-07-16,ORD001929,CUST00994,P015,Dining Table,Furniture,Pune,Online,Debit Card,1,23719.59,0.1,23719.59,21347.63,0,3532.45,2025,7,July,Wednesday,23719.59,21347.631
2025-07-16,ORD046196,CUST00420,P001,Laptop,Electronics,Chennai,Store,UPI,2,59715.56,0.0,119431.12,119431.12,0,28660.99,2025,7,July,Wednesday,119431.12,119431.12
2025-07-16,ORD021675,CUST02410,P002,Smartphone,Electronics,Jaipur,Store,Net Banking,1,27350.22,0.0,27350.22,27350.22,0,8121.85,2025,7,July,Wednesday,27350.22,27350.22
2025-07-16,ORD019562,CUST00652,P005,Office Chair,Furniture,Surat,Online,Debit Card,5,10248.21,0.05,51241.05,48679.0,1,-2433.95,2025,7,July,Wednesday,51241.049999999996,48678.9975
2025-07-16,ORD015337,CUST04011,P016,Sofa,Furniture,Jaipur,Online,Debit Card,4,35960.9,0.0,143843.6,143843.6,0,34195.64,2025,7,July,Wednesday,143843.6,143843.6
2025-07-16,ORD008529,CUST00335,P011,Mixer Grinder,Home,Chennai,Online,Credit Card,1,5242.74,0.0,5242.74,5242.74,0,845.3,2025,7,July,Wednesday,5242.74,5242.74
2025-07-16,ORD008018,CUST01820,P011,Mixer Grinder,Home,Pune,Online,Net Banking,1,4696.85,0.1,4696.85,4227.17,1,-211.36,2025,7,July,Wednesday,4696.85,4227.165000000001
2025-07-16,ORD015177,CUST02125,P006,Desk,Furniture,Delhi,Online,UPI,2,11815.1,0.0,23630.2,23630.2,0,6791.03,2025,7,July,Wednesday,23630.2,23630.2
2025-07-16,ORD041223,CUST01006,P009,T-Shirt,Fashion,Chennai,Online,UPI,1,1233.87,0.15,1233.87,1048.79,0,219.82,2025,7,July,Wednesday,1233.87,1048.7894999999999
2025-07-16,ORD017901,CUST01607,P008,Running Shoes,Fashion,Kolkata,Store,UPI,1,3835.12,0.05,3835.12,3643.36,1,-182.17,2025,7,July,Wednesday,3835.12,3643.3639999999996
2025-07-16,ORD004410,CUST01700,P019,Vacuum Cleaner,Home,Delhi,Online,Debit Card,1,8237.12,0.25,8237.12,6177.84,0,574.45,2025,7,July,Wednesday,8237.12,6177.84
2025-07-16,ORD027338,CUST00913,P015,Dining Table,Furniture,Ahmedabad,Online,UPI,1,23174.89,0.15,23174.89,19698.66,1,-984.93,2025,7,July,Wednesday,23174.89,19698.656499999997
2025-07-16,ORD034715,CUST04844,P002,Smartphone,Electronics,Mumbai,Online,Net Banking,1,25468.57,0.1,25468.57,22921.71,0,5296.39,2025,7,July,Wednesday,25468.57,22921.713
2025-07-16,ORD019598,CUST03196,P018,Jacket,Fashion,Chennai,Store,Credit Card,1,5217.73,0.1,5217.73,4695.96,0,478.93,2025,7,July,Wednesday,5217.73,4695.956999999999
2025-07-16,ORD039699,CUST00053,P017,Jeans,Fashion,Mumbai,Store,UPI,1,2738.63,0.1,2738.63,2464.77,0,608.98,2025,7,July,Wednesday,2738.63,2464.7670000000003
2025-07-16,ORD032687,CUST04026,P017,Jeans,Fashion,Jaipur,Online,Credit Card,1,3059.59,0.05,3059.59,2906.61,0,580.42,2025,7,July,Wednesday,3059.59,2906.6105000000002
2025-07-16,ORD023259,CUST00367,P016,Sofa,Furniture,Ahmedabad,Store,UPI,1,34089.34,0.1,34089.34,30680.41,1,-1534.02,2025,7,July,Wednesday,34089.34,30680.406
2025-07-16,ORD008961,CUST03331,P014,Keyboard,Electronics,Jaipur,Store,UPI,1,2571.68,0.15,2571.68,2185.93,0,384.37,2025,7,July,Wednesday,2571.68,2185.928
2025-07-16,ORD043122,CUST03395,P013,Monitor,Electronics,Surat,Online,Debit Card,1,19508.14,0.2,19508.14,15606.51,0,3632.4,2025,7,July,Wednesday,19508.14,15606.512
2025-07-16,ORD003175,CUST01269,P010,Coffee Maker,Home,Mumbai,Online,UPI,3,5275.14,0.0,15825.42,15825.42,0,4470.94,2025,7,July,Wednesday,15825.420000000002,15825.42
2025-07-16,ORD008495,CUST02380,P017,Jeans,Fashion,Ahmedabad,Store,UPI,1,2726.91,0.15,2726.91,2317.87,0,508.18,2025,7,July,Wednesday,2726.91,2317.8734999999997
2025-07-16,ORD045393,CUST03516,P004,Smartwatch,Electronics,Ahmedabad,Online,UPI,1,7111.63,0.1,7111.63,6400.47,0,962.82,2025,7,July,Wednesday,7111.63,6400.467000000001
2025-07-16,ORD049805,CUST02851,P005,Office Chair,Furniture,Kolkata,Online,Credit Card,1,9758.75,0.05,9758.75,9270.81,0,1607.86,2025,7,July,Wednesday,9758.75,9270.8125
2025-07-16,ORD017726,CUST00801,P007,Backpack,Accessories,Delhi,Online,Debit Card,1,2177.04,0.05,2177.04,2068.19,0,294.89,2025,7,July,Wednesday,2177.04,2068.1879999999996
2025-07-16,ORD020706,CUST01988,P012,Air Fryer,Home,Mumbai,Online,Debit Card,1,7679.59,0.05,7679.59,7295.61,0,1404.47,2025,7,July,Wednesday,7679.59,7295.6105
2025-07-16,ORD016588,CUST03170,P013,Monitor,Electronics,Hyderabad,Online,Credit Card,2,19345.4,0.2,38690.8,30952.64,0,6928.04,2025,7,July,Wednesday,38690.8,30952.640000000003
2025-07-16,ORD042192,CUST03456,P012,Air Fryer,Home,Kolkata,Store,Credit Card,1,7169.57,0.0,7169.57,7169.57,0,1910.89,2025,7,July,Wednesday,7169.57,7169.57
2025-07-16,ORD036496,CUST02867,P001,Laptop,Electronics,Ahmedabad,Store,Credit Card,1,60036.67,0.1,60036.67,54033.0,0,5753.13,2025,7,July,Wednesday,60036.67,54033.003
2025-07-16,ORD010041,CUST00235,P003,Headphones,Electronics,Jaipur,Online,UPI,2,4637.85,0.1,9275.7,8348.13,0,509.2,2025,7,July,Wednesday,9275.7,8348.130000000001
2025-07-16,ORD043903,CUST01677,P001,Laptop,Electronics,Bengaluru,Online,UPI,1,59873.03,0.25,59873.03,44904.77,0,6480.79,2025,7,July,Wednesday,59873.03,44904.7725
2025-07-16,ORD026544,CUST01618,P017,Jeans,Fashion,Jaipur,Online,Debit Card,1,2821.3,0.15,2821.3,2398.1,0,334.73,2025,7,July,Wednesday,2821.3,2398.105
2025-07-16,ORD025333,CUST02266,P010,Coffee Maker,Home,Mumbai,Store,Credit Card,1,6037.39,0.1,6037.39,5433.65,0,1454.48,2025,7,July,Wednesday,6037.39,5433.651000000001
2025-07-16,ORD019454,CUST02113,P017,Jeans,Fashion,Jaipur,Online,UPI,1,2532.02,0.0,2532.02,2532.02,0,323.48,2025,7,July,Wednesday,2532.02,2532.02
2025-07-16,ORD039004,CUST03524,P013,Monitor,Electronics,Pune,Online,Cash,1,16607.39,0.1,16607.39,14946.65,0,3899.65,2025,7,July,Wednesday,16607.39,14946.651
2025-07-16,ORD007980,CUST01944,P008,Running Shoes,Fashion,Chennai,Store,Cash,1,4050.45,0.15,4050.45,3442.88,0,210.9,2025,7,July,Wednesday,4050.45,3442.8824999999997
2025-07-16,ORD041055,CUST02934,P020,Microwave,Home,Bengaluru,Online,Net Banking,3,10247.2,0.15,30741.6,26130.36,0,5137.76,2025,7,July,Wednesday,30741.600000000002,26130.359999999997
2025-07-16,ORD012308,CUST04383,P009,T-Shirt,Fashion,Pune,Store,Cash,1,1168.28,0.05,1168.28,1109.87,1,-55.49,2025,7,July,Wednesday,1168.28,1109.866
2025-07-16,ORD035836,CUST04393,P017,Jeans,Fashion,Jaipur,Store,Debit Card,1,2525.65,0.05,2525.65,2399.37,0,183.9,2025,7,July,Wednesday,2525.65,2399.3675
2025-07-16,ORD013517,CUST03501,P008,Running Shoes,Fashion,Ahmedabad,Online,Cash,2,4218.94,0.05,8437.88,8015.99,0,815.93,2025,7,July,Wednesday,8437.88,8015.985999999999
2025-07-16,ORD003449,CUST00042,P010,Coffee Maker,Home,Chennai,Online,Credit Card,1,5230.16,0.05,5230.16,4968.65,0,544.55,2025,7,July,Wednesday,5230.16,4968.652
2025-07-16,ORD044876,CUST02634,P015,Dining Table,Furniture,Ahmedabad,Online,UPI,3,22487.23,0.05,67461.69,64088.61,0,6520.7,2025,7,July,Wednesday,67461.69,64088.6055
2025-07-16,ORD043815,CUST03052,P011,Mixer Grinder,Home,Pune,Online,Debit Card,1,4837.73,0.1,4837.73,4353.96,0,390.5,2025,7,July,Wednesday,4837.73,4353.956999999999
2025-07-16,ORD000584,CUST00944,P006,Desk,Furniture,Chennai,Online,Net Banking,3,11968.39,0.1,35905.17,32314.65,0,6468.06,2025,7,July,Wednesday,35905.17,32314.653
2025-07-16,ORD011185,CUST01434,P010,Coffee Maker,Home,Mumbai,Online,UPI,2,5984.36,0.15,11968.72,10173.41,1,-508.67,2025,7,July,Wednesday,11968.72,10173.411999999998
2025-07-16,ORD045810,CUST03290,P016,Sofa,Furniture,Hyderabad,Online,Credit Card,2,33240.4,0.1,66480.8,59832.72,0,7491.19,2025,7,July,Wednesday,66480.8,59832.72
2025-07-16,ORD038037,CUST04255,P014,Keyboard,Electronics,Ahmedabad,Store,UPI,4,2288.58,0.05,9154.32,8696.6,0,1260.88,2025,7,July,Wednesday,9154.32,8696.604
2025-07-16,ORD006891,CUST03375,P009,T-Shirt,Fashion,Pune,Online,UPI,2,1209.36,0.0,2418.72,2418.72,0,221.05,2025,7,July,Wednesday,2418.72,2418.72
2025-07-16,ORD026305,CUST00108,P017,Jeans,Fashion,Bengaluru,Online,UPI,2,2988.65,0.2,5977.3,4781.84,0,700.28,2025,7,July,Wednesday,5977.3,4781.84
2025-07-16,ORD017515,CUST00746,P014,Keyboard,Electronics,Surat,Online,Credit Card,2,2381.67,0.0,4763.34,4763.34,0,1291.6,2025,7,July,Wednesday,4763.34,4763.34
2025-07-16,ORD023396,CUST01466,P002,Smartphone,Electronics,Mumbai,Online,Debit Card,2,27096.62,0.05,54193.24,51483.58,0,12631.14,2025,7,July,Wednesday,54193.24,51483.577999999994
2025-07-16,ORD019464,CUST00009,P001,Laptop,Electronics,Mumbai,Online,Net Banking,1,70514.85,0.1,70514.85,63463.37,1,-3173.17,2025,7,July,Wednesday,70514.85,63463.365000000005
2025-07-16,ORD044022,CUST03698,P002,Smartphone,Electronics,Surat,Online,Credit Card,3,28832.82,0.15,86498.46,73523.69,0,11063.23,2025,7,July,Wednesday,86498.45999999999,73523.691
2025-07-16,ORD013220,CUST04316,P001,Laptop,Electronics,Pune,Store,Credit Card,2,58759.05,0.1,117518.1,105766.29,0,13007.64,2025,7,July,Wednesday,117518.1,105766.29000000001
2025-07-16,ORD049861,CUST04929,P005,Office Chair,Furniture,Delhi,Online,UPI,5,10034.58,0.05,50172.9,47664.26,0,7494.08,2025,7,July,Wednesday,50172.9,47664.255
2025-07-16,ORD022673,CUST00453,P008,Running Shoes,Fashion,Hyderabad,Store,Cash,2,4460.35,0.1,8920.7,8028.63,0,1040.5,2025,7,July,Wednesday,8920.7,8028.630000000001
2025-07-16,ORD020809,CUST03568,P015,Dining Table,Furniture,Ahmedabad,Online,UPI,1,20448.9,0.1,20448.9,18404.01,0,1757.79,2025,7,July,Wednesday,20448.9,18404.010000000002
2025-07-16,ORD029038,CUST00800,P009,T-Shirt,Fashion,Delhi,Store,UPI,1,1255.42,0.2,1255.42,1004.34,0,58.79,2025,7,July,Wednesday,1255.42,1004.3360000000001
2025-07-16,ORD045716,CUST03327,P019,Vacuum Cleaner,Home,Kolkata,Online,UPI,1,8263.71,0.05,8263.71,7850.52,0,865.35,2025,7,July,Wednesday,8263.71,7850.524499999999
2025-07-16,ORD004399,CUST00186,P015,Dining Table,Furniture,Delhi,Online,Net Banking,2,23733.21,0.15,47466.42,40346.46,0,5969.79,2025,7,July,Wednesday,47466.42,40346.456999999995
2025-07-16,ORD020187,CUST03672,P007,Backpack,Accessories,Pune,Online,Net Banking,1,2046.26,0.05,2046.26,1943.95,0,491.64,2025,7,July,Wednesday,2046.26,1943.947
2025-07-16,ORD021517,CUST01138,P010,Coffee Maker,Home,Mumbai,Online,Credit Card,3,5637.32,0.05,16911.96,16066.36,0,3179.26,2025,7,July,Wednesday,16911.96,16066.362
2025-07-17,ORD029042,CUST00777,P006,Desk,Furniture,Jaipur,Online,UPI,2,11440.93,0.0,22881.86,22881.86,0,2228.19,2025,7,July,Thursday,22881.86,22881.86
2025-07-17,ORD034693,CUST03722,P016,Sofa,Furniture,Jaipur,Online,UPI,1,33097.9,0.1,33097.9,29788.11,0,3698.51,2025,7,July,Thursday,33097.9,29788.11
2025-07-17,ORD020221,CUST02174,P011,Mixer Grinder,Home,Surat,Store,UPI,3,5132.76,0.05,15398.28,14628.37,0,3291.96,2025,7,July,Thursday,15398.28,14628.366
2025-07-17,ORD035720,CUST04031,P018,Jacket,Fashion,Bengaluru,Store,Cash,3,5487.52,0.15,16462.56,13993.18,0,3587.93,2025,7,July,Thursday,16462.56,13993.176000000001
2025-07-17,ORD047451,CUST00182,P013,Monitor,Electronics,Pune,Store,Credit Card,1,18440.79,0.0,18440.79,18440.79,0,5308.84,2025,7,July,Thursday,18440.79,18440.79
2025-07-17,ORD042487,CUST03089,P005,Office Chair,Furniture,Bengaluru,Online,Credit Card,2,8649.56,0.25,17299.12,12974.34,0,2754.99,2025,7,July,Thursday,17299.12,12974.34
2025-07-17,ORD029676,CUST04051,P003,Headphones,Electronics,Surat,Store,UPI,3,4414.16,0.1,13242.48,11918.23,0,3030.32,2025,7,July,Thursday,13242.48,11918.232
2025-07-17,ORD021908,CUST04278,P016,Sofa,Furniture,Bengaluru,Store,Credit Card,1,32925.09,0.0,32925.09,32925.09,0,2969.2,2025,7,July,Thursday,32925.09,32925.09
2025-07-17,ORD017922,CUST03145,P009,T-Shirt,Fashion,Hyderabad,Online,Debit Card,1,1177.3,0.05,1177.3,1118.44,0,213.24,2025,7,July,Thursday,1177.3,1118.435
2025-07-17,ORD037922,CUST01199,P013,Monitor,Electronics,Surat,Store,Credit Card,2,16810.49,0.05,33620.98,31939.93,0,3849.67,2025,7,July,Thursday,33620.98,31939.931
2025-07-17,ORD030622,CUST00125,P007,Backpack,Accessories,Mumbai,Store,Net Banking,1,2246.82,0.05,2246.82,2134.48,0,295.52,2025,7,July,Thursday,2246.82,2134.4790000000003
2025-07-17,ORD041661,CUST02408,P012,Air Fryer,Home,Pune,Online,Net Banking,1,7410.68,0.1,7410.68,6669.61,0,1614.51,2025,7,July,Thursday,7410.68,6669.612
2025-07-17,ORD045268,CUST02564,P007,Backpack,Accessories,Ahmedabad,Online,UPI,1,2269.41,0.2,2269.41,1815.53,0,420.1,2025,7,July,Thursday,2269.41,1815.528
2025-07-17,ORD044612,CUST01656,P005,Office Chair,Furniture,Mumbai,Store,Credit Card,1,8579.03,0.25,8579.03,6434.27,0,1017.34,2025,7,July,Thursday,8579.03,6434.272500000001
2025-07-17,ORD041668,CUST00983,P009,T-Shirt,Fashion,Kolkata,Online,UPI,1,1126.21,0.1,1126.21,1013.59,0,251.06,2025,7,July,Thursday,1126.21,1013.589
2025-07-17,ORD022342,CUST01166,P015,Dining Table,Furniture,Jaipur,Online,Credit Card,1,20971.28,0.1,20971.28,18874.15,0,4470.75,2025,7,July,Thursday,20971.28,18874.152
2025-07-17,ORD032781,CUST00304,P002,Smartphone,Electronics,Kolkata,Online,Debit Card,5,29814.6,0.0,149073.0,149073.0,0,13566.89,2025,7,July,Thursday,149073.0,149073.0
2025-07-17,ORD034121,CUST02140,P012,Air Fryer,Home,Hyderabad,Store,Credit Card,4,6847.6,0.0,27390.4,27390.4,0,7773.02,2025,7,July,Thursday,27390.4,27390.4
2025-07-17,ORD048554,CUST04475,P018,Jacket,Fashion,Surat,Store,Credit Card,1,5587.73,0.1,5587.73,5028.96,1,-251.45,2025,7,July,Thursday,5587.73,5028.956999999999
2025-07-17,ORD035356,CUST00889,P018,Jacket,Fashion,Pune,Online,UPI,2,5622.65,0.05,11245.3,10683.03,0,939.14,2025,7,July,Thursday,11245.3,10683.034999999998
2025-07-17,ORD006433,CUST01729,P009,T-Shirt,Fashion,Hyderabad,Online,Credit Card,1,1248.06,0.2,1248.06,998.45,0,255.76,2025,7,July,Thursday,1248.06,998.448
2025-07-17,ORD042304,CUST00331,P018,Jacket,Fashion,Ahmedabad,Store,Credit Card,1,5199.87,0.1,5199.87,4679.88,0,731.27,2025,7,July,Thursday,5199.87,4679.883
2025-07-17,ORD025772,CUST01641,P005,Office Chair,Furniture,Kolkata,Online,Debit Card,2,9248.48,0.2,18496.96,14797.57,0,828.69,2025,7,July,Thursday,18496.96,14797.568
2025-07-17,ORD006969,CUST01226,P007,Backpack,Accessories,Kolkata,Online,UPI,2,2318.98,0.0,4637.96,4637.96,0,877.29,2025,7,July,Thursday,4637.96,4637.96
2025-07-17,ORD024768,CUST04798,P005,Office Chair,Furniture,Surat,Online,Credit Card,2,8974.97,0.0,17949.94,17949.94,0,4155.84,2025,7,July,Thursday,17949.94,17949.94
2025-07-17,ORD022372,CUST04050,P001,Laptop,Electronics,Kolkata,Store,UPI,1,68083.11,0.1,68083.11,61274.8,0,15735.32,2025,7,July,Thursday,68083.11,61274.799
2025-07-17,ORD030093,CUST04479,P007,Backpack,Accessories,Pune,Store,Credit Card,1,2235.07,0.0,2235.07,2235.07,0,525.32,2025,7,July,Thursday,2235.07,2235.07
2025-07-17,ORD025223,CUST01658,P010,Coffee Maker,Home,Ahmedabad,Store,UPI,5,5747.99,0.05,28739.95,27302.95,0,2915.51,2025,7,July,Thursday,28739.949999999997,27302.9525
2025-07-17,ORD041748,CUST02012,P003,Headphones,Electronics,Jaipur,Online,Credit Card,1,4645.44,0.25,4645.44,3484.08,0,639.1,2025,7,July,Thursday,4645.44,3484.08
2025-07-17,ORD011633,CUST02834,P013,Monitor,Electronics,Delhi,Store,UPI,3,17014.67,0.1,51044.01,45939.61,0,11454.53,2025,7,July,Thursday,51044.009999999995,45939.609000000004
2025-07-17,ORD019669,CUST02350,P012,Air Fryer,Home,Delhi,Online,UPI,1,6714.66,0.05,6714.66,6378.93,0,770.72,2025,7,July,Thursday,6714.66,6378.927
2025-07-17,ORD032369,CUST01606,P011,Mixer Grinder,Home,Surat,Online,UPI,1,4350.6,0.1,4350.6,3915.54,0,363.64,2025,7,July,Thursday,4350.6,3915.5400000000004
2025-07-17,ORD032378,CUST00603,P014,Keyboard,Electronics,Bengaluru,Online,UPI,2,2498.99,0.15,4997.98,4248.28,0,440.76,2025,7,July,Thursday,4997.98,4248.282999999999
2025-07-17,ORD036623,CUST02717,P012,Air Fryer,Home,Bengaluru,Store,UPI,2,7447.06,0.05,14894.12,14149.41,0,3642.89,2025,7,July,Thursday,14894.12,14149.414
2025-07-17,ORD037051,CUST04143,P017,Jeans,Fashion,Mumbai,Online,UPI,3,2802.39,0.1,8407.17,7566.45,0,1706.5,2025,7,July,Thursday,8407.17,7566.453
2025-07-17,ORD044258,CUST03195,P002,Smartphone,Electronics,Hyderabad,Store,UPI,1,26120.49,0.0,26120.49,26120.49,0,5370.69,2025,7,July,Thursday,26120.49,26120.49
2025-07-17,ORD029121,CUST01307,P006,Desk,Furniture,Chennai,Store,Net Banking,1,11321.44,0.2,11321.44,9057.15,0,879.13,2025,7,July,Thursday,11321.44,9057.152
2025-07-17,ORD034035,CUST01119,P008,Running Shoes,Fashion,Bengaluru,Online,Cash,1,4520.32,0.1,4520.32,4068.29,0,823.22,2025,7,July,Thursday,4520.32,4068.288
2025-07-17,ORD021770,CUST01817,P012,Air Fryer,Home,Mumbai,Online,Cash,2,7528.4,0.0,15056.8,15056.8,0,3734.53,2025,7,July,Thursday,15056.8,15056.8
2025-07-17,ORD001711,CUST04361,P003,Headphones,Electronics,Mumbai,Store,UPI,2,4668.64,0.05,9337.28,8870.42,0,1335.42,2025,7,July,Thursday,9337.28,8870.416000000001
2025-07-17,ORD030430,CUST04284,P008,Running Shoes,Fashion,Hyderabad,Store,UPI,1,4415.08,0.1,4415.08,3973.57,0,554.09,2025,7,July,Thursday,4415.08,3973.572
2025-07-17,ORD014382,CUST03315,P012,Air Fryer,Home,Chennai,Store,Net Banking,1,7586.99,0.15,7586.99,6448.94,0,512.27,2025,7,July,Thursday,7586.99,6448.9415
2025-07-17,ORD003891,CUST04322,P006,Desk,Furniture,Pune,Store,Cash,1,11987.06,0.15,11987.06,10189.0,0,1454.29,2025,7,July,Thursday,11987.06,10189.001
2025-07-17,ORD009641,CUST01133,P003,Headphones,Electronics,Jaipur,Store,UPI,1,4478.24,0.05,4478.24,4254.33,0,715.48,2025,7,July,Thursday,4478.24,4254.3279999999995
2025-07-17,ORD041927,CUST03497,P014,Keyboard,Electronics,Surat,Online,UPI,2,2524.65,0.0,5049.3,5049.3,0,1387.34,2025,7,July,Thursday,5049.3,5049.3
2025-07-17,ORD037436,CUST04553,P020,Microwave,Home,Chennai,Online,Credit Card,1,10325.11,0.15,10325.11,8776.34,0,917.27,2025,7,July,Thursday,10325.11,8776.3435
2025-07-17,ORD016628,CUST01017,P012,Air Fryer,Home,Hyderabad,Store,Credit Card,2,7842.12,0.1,15684.24,14115.82,0,1522.77,2025,7,July,Thursday,15684.24,14115.816
2025-07-17,ORD029726,CUST03779,P002,Smartphone,Electronics,Chennai,Store,Debit Card,1,29035.09,0.05,29035.09,27583.34,0,7712.69,2025,7,July,Thursday,29035.09,27583.335499999997
2025-07-17,ORD036873,CUST00873,P012,Air Fryer,Home,Hyderabad,Store,Debit Card,2,7623.26,0.25,15246.52,11434.89,0,2843.97,2025,7,July,Thursday,15246.52,11434.89
2025-07-17,ORD012145,CUST02321,P003,Headphones,Electronics,Hyderabad,Store,UPI,3,4178.96,0.1,12536.88,11283.19,0,913.67,2025,7,July,Thursday,12536.880000000001,11283.192
2025-07-17,ORD015384,CUST02775,P017,Jeans,Fashion,Hyderabad,Store,UPI,1,2790.41,0.15,2790.41,2371.85,0,416.08,2025,7,July,Thursday,2790.41,2371.8484999999996
2025-07-17,ORD032990,CUST04154,P018,Jacket,Fashion,Mumbai,Online,UPI,3,5627.16,0.0,16881.48,16881.48,0,2341.47,2025,7,July,Thursday,16881.48,16881.48
2025-07-17,ORD005554,CUST02775,P011,Mixer Grinder,Home,Bengaluru,Online,Credit Card,1,5147.3,0.1,5147.3,4632.57,0,817.84,2025,7,July,Thursday,5147.3,4632.570000000001
2025-07-17,ORD013672,CUST04860,P010,Coffee Maker,Home,Mumbai,Online,UPI,1,5437.69,0.0,5437.69,5437.69,0,1246.88,2025,7,July,Thursday,5437.69,5437.69
2025-07-17,ORD006796,CUST01066,P001,Laptop,Electronics,Pune,Online,Credit Card,1,69307.51,0.05,69307.51,65842.13,0,18618.6,2025,7,July,Thursday,69307.51,65842.13449999999
2025-07-17,ORD009606,CUST00451,P017,Jeans,Fashion,Hyderabad,Store,UPI,1,2523.44,0.1,2523.44,2271.1,0,180.26,2025,7,July,Thursday,2523.44,2271.096
2025-07-17,ORD013922,CUST04708,P004,Smartwatch,Electronics,Kolkata,Store,UPI,2,6973.27,0.1,13946.54,12551.89,1,-627.59,2025,7,July,Thursday,13946.54,12551.886
2025-07-17,ORD022957,CUST01573,P006,Desk,Furniture,Bengaluru,Online,UPI,1,12230.56,0.0,12230.56,12230.56,0,1477.96,2025,7,July,Thursday,12230.56,12230.56
2025-07-17,ORD049975,CUST03849,P015,Dining Table,Furniture,Ahmedabad,Online,Debit Card,2,20491.07,0.0,40982.14,40982.14,0,8022.07,2025,7,July,Thursday,40982.14,40982.14
2025-07-17,ORD024361,CUST01606,P006,Desk,Furniture,Surat,Online,UPI,2,11465.19,0.1,22930.38,20637.34,0,5053.57,2025,7,July,Thursday,22930.38,20637.342
2025-07-17,ORD041456,CUST02887,P011,Mixer Grinder,Home,Mumbai,Online,Credit Card,1,5007.21,0.2,5007.21,4005.77,0,511.53,2025,7,July,Thursday,5007.21,4005.768
2025-07-17,ORD037475,CUST03919,P020,Microwave,Home,Chennai,Online,UPI,2,11008.66,0.1,22017.32,19815.59,0,3458.97,2025,7,July,Thursday,22017.32,19815.588
2025-07-17,ORD018101,CUST03357,P005,Office Chair,Furniture,Kolkata,Online,Credit Card,3,10361.92,0.15,31085.76,26422.9,0,2904.24,2025,7,July,Thursday,31085.760000000002,26422.895999999997
2025-07-17,ORD030587,CUST01887,P009,T-Shirt,Fashion,Mumbai,Online,UPI,1,1241.68,0.0,1241.68,1241.68,1,-62.08,2025,7,July,Thursday,1241.68,1241.68
2025-07-17,ORD049422,CUST03281,P002,Smartphone,Electronics,Chennai,Online,Credit Card,1,26388.56,0.15,26388.56,22430.28,0,6023.02,2025,7,July,Thursday,26388.56,22430.276
2025-07-17,ORD032916,CUST00623,P017,Jeans,Fashion,Jaipur,Online,UPI,1,2982.07,0.25,2982.07,2236.55,0,368.74,2025,7,July,Thursday,2982.07,2236.5525000000002
2025-07-17,ORD003676,CUST03665,P003,Headphones,Electronics,Delhi,Online,Credit Card,1,4463.92,0.1,4463.92,4017.53,0,522.5,2025,7,July,Thursday,4463.92,4017.5280000000002
2025-07-17,ORD010190,CUST01904,P017,Jeans,Fashion,Surat,Store,UPI,1,3019.83,0.15,3019.83,2566.86,0,514.59,2025,7,July,Thursday,3019.83,2566.8554999999997
2025-07-17,ORD028668,CUST04754,P018,Jacket,Fashion,Pune,Online,UPI,2,4687.71,0.0,9375.42,9375.42,0,2249.48,2025,7,July,Thursday,9375.42,9375.42
2025-07-17,ORD023436,CUST02025,P014,Keyboard,Electronics,Pune,Online,Debit Card,1,2713.19,0.2,2713.19,2170.55,0,370.93,2025,7,July,Thursday,2713.19,2170.552
2025-07-17,ORD028355,CUST00298,P003,Headphones,Electronics,Kolkata,Store,UPI,1,4123.78,0.0,4123.78,4123.78,0,1031.14,2025,7,July,Thursday,4123.78,4123.78
2025-07-17,ORD033207,CUST02835,P004,Smartwatch,Electronics,Hyderabad,Store,UPI,1,7586.67,0.0,7586.67,7586.67,0,723.83,2025,7,July,Thursday,7586.67,7586.67
2025-07-17,ORD003201,CUST00357,P010,Coffee Maker,Home,Kolkata,Online,UPI,1,5824.47,0.05,5824.47,5533.25,0,613.04,2025,7,July,Thursday,5824.47,5533.2465
2025-07-17,ORD011416,CUST00777,P001,Laptop,Electronics,Pune,Store,Debit Card,1,67121.55,0.15,67121.55,57053.32,0,3853.59,2025,7,July,Thursday,67121.55,57053.3175
2025-07-17,ORD042280,CUST03015,P005,Office Chair,Furniture,Chennai,Online,Debit Card,1,9983.38,0.1,9983.38,8985.04,0,2201.22,2025,7,July,Thursday,9983.38,8985.042
2025-07-17,ORD036912,CUST01871,P018,Jacket,Fashion,Surat,Store,Debit Card,3,4945.63,0.25,14836.89,11127.67,0,2412.63,2025,7,July,Thursday,14836.89,11127.6675
2025-07-17,ORD019835,CUST00654,P019,Vacuum Cleaner,Home,Pune,Store,Credit Card,1,8215.84,0.1,8215.84,7394.26,0,1817.96,2025,7,July,Thursday,8215.84,7394.256
2025-07-17,ORD003416,CUST00063,P012,Air Fryer,Home,Pune,Store,Cash,3,7624.63,0.25,22873.89,17155.42,0,1906.41,2025,7,July,Thursday,22873.89,17155.4175
2025-07-17,ORD035088,CUST03215,P007,Backpack,Accessories,Delhi,Online,Cash,5,2043.82,0.15,10219.1,8686.24,0,1197.31,2025,7,July,Thursday,10219.1,8686.235
2025-07-17,ORD039201,CUST04581,P018,Jacket,Fashion,Kolkata,Online,Credit Card,1,5139.3,0.15,5139.3,4368.4,0,430.14,2025,7,July,Thursday,5139.3,4368.405
2025-07-17,ORD045924,CUST00056,P006,Desk,Furniture,Surat,Online,UPI,3,10919.8,0.1,32759.4,29483.46,0,5328.56,2025,7,July,Thursday,32759.399999999998,29483.460000000003
2025-07-18,ORD033609,CUST04197,P017,Jeans,Fashion,Pune,Store,Credit Card,1,2762.36,0.1,2762.36,2486.12,1,-124.31,2025,7,July,Friday,2762.36,2486.1240000000003
2025-07-18,ORD020496,CUST04168,P008,Running Shoes,Fashion,Pune,Store,Cash,3,4279.06,0.0,12837.18,12837.18,0,2163.24,2025,7,July,Friday,12837.18,12837.18
2025-07-18,ORD014813,CUST03187,P006,Desk,Furniture,Surat,Online,Credit Card,1,13024.71,0.25,13024.71,9768.53,1,-488.43,2025,7,July,Friday,13024.71,9768.5325
2025-07-18,ORD009227,CUST04500,P004,Smartwatch,Electronics,Surat,Online,Credit Card,3,6750.44,0.05,20251.32,19238.75,0,1896.25,2025,7,July,Friday,20251.32,19238.753999999997
2025-07-18,ORD028133,CUST00476,P017,Jeans,Fashion,Hyderabad,Store,Net Banking,1,2677.87,0.05,2677.87,2543.98,0,340.7,2025,7,July,Friday,2677.87,2543.9764999999998
2025-07-18,ORD019072,CUST04335,P010,Coffee Maker,Home,Pune,Store,Net Banking,1,5454.04,0.2,5454.04,4363.23,0,761.17,2025,7,July,Friday,5454.04,4363.232
2025-07-18,ORD049616,CUST03180,P001,Laptop,Electronics,Hyderabad,Online,Credit Card,4,70315.32,0.25,281261.28,210945.96,0,41944.67,2025,7,July,Friday,281261.28,210945.96000000002
2025-07-18,ORD014976,CUST03386,P018,Jacket,Fashion,Delhi,Online,UPI,5,5603.51,0.05,28017.55,26616.67,1,-1330.83,2025,7,July,Friday,28017.550000000003,26616.672499999997
2025-07-18,ORD017114,CUST04804,P013,Monitor,Electronics,Delhi,Store,UPI,3,17115.14,0.1,51345.42,46210.88,0,3441.58,2025,7,July,Friday,51345.42,46210.878
2025-07-18,ORD026991,CUST02651,P020,Microwave,Home,Surat,Store,Credit Card,1,10710.34,0.25,10710.34,8032.76,0,1508.24,2025,7,July,Friday,10710.34,8032.755
2025-07-18,ORD049781,CUST01119,P009,T-Shirt,Fashion,Mumbai,Store,UPI,4,1271.99,0.0,5087.96,5087.96,0,1514.74,2025,7,July,Friday,5087.96,5087.96
2025-07-18,ORD035017,CUST00345,P006,Desk,Furniture,Jaipur,Store,Credit Card,1,12574.86,0.05,12574.86,11946.12,0,1476.41,2025,7,July,Friday,12574.86,11946.117
2025-07-18,ORD025791,CUST03745,P011,Mixer Grinder,Home,Bengaluru,Online,Debit Card,1,4914.93,0.15,4914.93,4177.69,0,570.71,2025,7,July,Friday,4914.93,4177.6905
2025-07-18,ORD033499,CUST01396,P015,Dining Table,Furniture,Delhi,Online,Credit Card,2,22973.43,0.0,45946.86,45946.86,1,-2297.34,2025,7,July,Friday,45946.86,45946.86
2025-07-18,ORD023448,CUST00441,P009,T-Shirt,Fashion,Ahmedabad,Store,UPI,1,1300.6,0.1,1300.6,1170.54,0,140.37,2025,7,July,Friday,1300.6,1170.54
2025-07-18,ORD030605,CUST00765,P020,Microwave,Home,Ahmedabad,Online,UPI,3,10991.27,0.05,32973.81,31325.12,0,5105.71,2025,7,July,Friday,32973.81,31325.119499999997
2025-07-18,ORD018774,CUST04985,P003,Headphones,Electronics,Mumbai,Store,Debit Card,2,4676.9,0.2,9353.8,7483.04,0,1119.05,2025,7,July,Friday,9353.8,7483.04
2025-07-18,ORD024894,CUST03678,P007,Backpack,Accessories,Surat,Online,UPI,1,2341.96,0.1,2341.96,2107.76,0,263.65,2025,7,July,Friday,2341.96,2107.764
2025-07-18,ORD012395,CUST01466,P001,Laptop,Electronics,Mumbai,Online,Debit Card,3,67883.57,0.05,203650.71,193468.17,0,29231.9,2025,7,July,Friday,203650.71000000002,193468.1745
2025-07-18,ORD024884,CUST04451,P005,Office Chair,Furniture,Surat,Online,Credit Card,1,9042.6,0.05,9042.6,8590.47,0,957.22,2025,7,July,Friday,9042.6,8590.47
2025-07-18,ORD024010,CUST01598,P010,Coffee Maker,Home,Jaipur,Online,Credit Card,2,5842.4,0.1,11684.8,10516.32,0,2768.19,2025,7,July,Friday,11684.8,10516.32
2025-07-18,ORD046235,CUST04896,P020,Microwave,Home,Bengaluru,Online,Cash,3,10930.32,0.1,32790.96,29511.86,0,3220.27,2025,7,July,Friday,32790.96,29511.864
2025-07-18,ORD015150,CUST04147,P013,Monitor,Electronics,Ahmedabad,Store,Net Banking,1,17273.08,0.1,17273.08,15545.77,0,2815.36,2025,7,July,Friday,17273.08,15545.772000000003
2025-07-18,ORD046421,CUST00185,P009,T-Shirt,Fashion,Bengaluru,Store,Credit Card,1,1314.43,0.05,1314.43,1248.71,0,313.25,2025,7,July,Friday,1314.43,1248.7085
2025-07-18,ORD018431,CUST01972,P010,Coffee Maker,Home,Surat,Store,Credit Card,1,5549.24,0.0,5549.24,5549.24,0,1509.86,2025,7,July,Friday,5549.24,5549.24
2025-07-18,ORD047196,CUST02634,P015,Dining Table,Furniture,Chennai,Online,Debit Card,4,22351.24,0.15,89404.96,75994.22,0,20228.53,2025,7,July,Friday,89404.96,75994.216
2025-07-18,ORD006448,CUST02055,P016,Sofa,Furniture,Mumbai,Online,Credit Card,1,37429.68,0.15,37429.68,31815.23,0,7119.38,2025,7,July,Friday,37429.68,31815.228
2025-07-18,ORD009594,CUST01818,P016,Sofa,Furniture,Ahmedabad,Online,Credit Card,1,32742.91,0.1,32742.91,29468.62,0,7919.09,2025,7,July,Friday,32742.91,29468.619
2025-07-18,ORD030643,CUST01171,P003,Headphones,Electronics,Jaipur,Store,Credit Card,1,4223.1,0.2,4223.1,3378.48,0,765.97,2025,7,July,Friday,4223.1,3378.4800000000005
2025-07-18,ORD023495,CUST03606,P016,Sofa,Furniture,Hyderabad,Store,Credit Card,3,32361.76,0.15,97085.28,82522.49,0,7164.06,2025,7,July,Friday,97085.28,82522.488
2025-07-18,ORD033879,CUST02796,P004,Smartwatch,Electronics,Hyderabad,Online,Cash,1,6478.63,0.1,6478.63,5830.77,0,640.05,2025,7,July,Friday,6478.63,5830.767
2025-07-18,ORD002967,CUST03754,P002,Smartphone,Electronics,Bengaluru,Store,Net Banking,3,29850.99,0.25,89552.97,67164.73,0,11646.89,2025,7,July,Friday,89552.97,67164.72750000001
2025-07-18,ORD040144,CUST03493,P007,Backpack,Accessories,Pune,Online,Net Banking,1,2237.19,0.05,2237.19,2125.33,0,347.29,2025,7,July,Friday,2237.19,2125.3305
2025-07-18,ORD027793,CUST04969,P008,Running Shoes,Fashion,Delhi,Online,UPI,1,3850.47,0.1,3850.47,3465.42,0,738.21,2025,7,July,Friday,3850.47,3465.423
2025-07-18,ORD046185,CUST03286,P001,Laptop,Electronics,Jaipur,Online,UPI,1,61399.76,0.15,61399.76,52189.8,0,9553.83,2025,7,July,Friday,61399.76,52189.796
2025-07-18,ORD042561,CUST00803,P019,Vacuum Cleaner,Home,Delhi,Store,Cash,2,8527.55,0.1,17055.1,15349.59,0,2877.85,2025,7,July,Friday,17055.1,15349.589999999998
2025-07-18,ORD022658,CUST04897,P017,Jeans,Fashion,Hyderabad,Online,Credit Card,2,2879.45,0.1,5758.9,5183.01,0,987.72,2025,7,July,Friday,5758.9,5183.01
2025-07-18,ORD046622,CUST03535,P006,Desk,Furniture,Mumbai,Online,UPI,3,11732.03,0.25,35196.09,26397.07,0,3690.76,2025,7,July,Friday,35196.090000000004,26397.067499999997
2025-07-18,ORD035558,CUST02493,P002,Smartphone,Electronics,Ahmedabad,Store,UPI,1,25743.22,0.0,25743.22,25743.22,0,4845.36,2025,7,July,Friday,25743.22,25743.22
2025-07-18,ORD017826,CUST02418,P009,T-Shirt,Fashion,Chennai,Store,Credit Card,3,1172.92,0.2,3518.76,2815.01,0,459.29,2025,7,July,Friday,3518.76,2815.0080000000003
2025-07-18,ORD006027,CUST03266,P009,T-Shirt,Fashion,Pune,Store,Net Banking,3,1283.19,0.0,3849.57,3849.57,0,666.86,2025,7,July,Friday,3849.57,3849.57
2025-07-18,ORD014100,CUST01132,P012,Air Fryer,Home,Mumbai,Online,Debit Card,1,7629.88,0.05,7629.88,7248.39,0,1072.84,2025,7,July,Friday,7629.88,7248.3859999999995
2025-07-18,ORD019133,CUST03999,P007,Backpack,Accessories,Surat,Online,Cash,1,2103.06,0.0,2103.06,2103.06,0,430.25,2025,7,July,Friday,2103.06,2103.06
2025-07-18,ORD025369,CUST04332,P001,Laptop,Electronics,Kolkata,Online,Credit Card,2,64132.28,0.25,128264.56,96198.42,0,13209.58,2025,7,July,Friday,128264.56,96198.42
2025-07-18,ORD008461,CUST01916,P008,Running Shoes,Fashion,Delhi,Store,UPI,1,4165.59,0.0,4165.59,4165.59,0,341.57,2025,7,July,Friday,4165.59,4165.59
2025-07-18,ORD005442,CUST00575,P006,Desk,Furniture,Bengaluru,Online,UPI,1,11690.6,0.1,11690.6,10521.54,0,2742.2,2025,7,July,Friday,11690.6,10521.54
2025-07-18,ORD011886,CUST03750,P013,Monitor,Electronics,Chennai,Online,Debit Card,1,19476.16,0.1,19476.16,17528.54,0,1263.63,2025,7,July,Friday,19476.16,17528.544
2025-07-18,ORD049849,CUST01487,P016,Sofa,Furniture,Bengaluru,Online,UPI,1,32849.53,0.05,32849.53,31207.05,0,5203.54,2025,7,July,Friday,32849.53,31207.053499999998
2025-07-18,ORD008787,CUST02826,P017,Jeans,Fashion,Kolkata,Online,Debit Card,2,2991.19,0.1,5982.38,5384.14,1,-269.21,2025,7,July,Friday,5982.38,5384.142
2025-07-18,ORD031914,CUST01921,P011,Mixer Grinder,Home,Surat,Online,UPI,1,4663.35,0.05,4663.35,4430.18,0,831.47,2025,7,July,Friday,4663.35,4430.1825
2025-07-18,ORD026438,CUST00912,P006,Desk,Furniture,Surat,Online,UPI,5,11261.85,0.05,56309.25,53493.79,0,11359.71,2025,7,July,Friday,56309.25,53493.7875
2025-07-18,ORD030063,CUST04264,P020,Microwave,Home,Ahmedabad,Store,Credit Card,1,11021.11,0.0,11021.11,11021.11,0,2442.36,2025,7,July,Friday,11021.11,11021.11
2025-07-18,ORD042173,CUST01735,P017,Jeans,Fashion,Mumbai,Online,UPI,1,2711.2,0.05,2711.2,2575.64,0,413.37,2025,7,July,Friday,2711.2,2575.64
2025-07-18,ORD000923,CUST02490,P016,Sofa,Furniture,Jaipur,Store,UPI,1,33098.86,0.1,33098.86,29788.97,0,3724.59,2025,7,July,Friday,33098.86,29788.974000000002
2025-07-18,ORD035461,CUST00010,P015,Dining Table,Furniture,Pune,Store,Credit Card,3,21613.93,0.05,64841.79,61599.7,0,15105.31,2025,7,July,Friday,64841.79,61599.7005
2025-07-18,ORD022964,CUST00942,P005,Office Chair,Furniture,Mumbai,Online,Debit Card,1,9470.08,0.1,9470.08,8523.07,0,1477.84,2025,7,July,Friday,9470.08,8523.072
2025-07-18,ORD038639,CUST03160,P009,T-Shirt,Fashion,Jaipur,Online,Credit Card,1,1202.35,0.0,1202.35,1202.35,0,152.46,2025,7,July,Friday,1202.35,1202.35
2025-07-18,ORD035799,CUST03084,P003,Headphones,Electronics,Bengaluru,Online,UPI,1,4073.88,0.0,4073.88,4073.88,0,420.23,2025,7,July,Friday,4073.88,4073.88
2025-07-18,ORD021467,CUST01754,P001,Laptop,Electronics,Hyderabad,Online,UPI,3,69244.71,0.15,207734.13,176574.01,0,21624.04,2025,7,July,Friday,207734.13,176574.0105
2025-07-18,ORD027616,CUST00274,P005,Office Chair,Furniture,Mumbai,Online,Cash,2,9065.27,0.15,18130.54,15410.96,0,3100.61,2025,7,July,Friday,18130.54,15410.959
2025-07-18,ORD012107,CUST00553,P017,Jeans,Fashion,Chennai,Online,Net Banking,3,2942.32,0.15,8826.96,7502.92,0,1824.63,2025,7,July,Friday,8826.960000000001,7502.915999999999
2025-07-18,ORD038140,CUST01618,P008,Running Shoes,Fashion,Chennai,Online,Debit Card,1,4531.63,0.15,4531.63,3851.89,0,715.09,2025,7,July,Friday,4531.63,3851.8855
2025-07-18,ORD037745,CUST02978,P009,T-Shirt,Fashion,Jaipur,Store,UPI,4,1318.81,0.05,5275.24,5011.48,0,1052.6,2025,7,July,Friday,5275.24,5011.477999999999
2025-07-19,ORD031871,CUST01054,P015,Dining Table,Furniture,Ahmedabad,Online,UPI,1,21288.52,0.0,21288.52,21288.52,0,4214.28,2025,7,July,Saturday,21288.52,21288.52
2025-07-19,ORD049126,CUST03144,P009,T-Shirt,Fashion,Mumbai,Store,UPI,1,1123.95,0.0,1123.95,1123.95,0,94.87,2025,7,July,Saturday,1123.95,1123.95
2025-07-19,ORD009221,CUST00241,P013,Monitor,Electronics,Pune,Online,UPI,3,18213.9,0.05,54641.7,51909.62,0,9607.13,2025,7,July,Saturday,54641.700000000004,51909.615
2025-07-19,ORD028707,CUST01353,P018,Jacket,Fashion,Pune,Online,UPI,1,5595.84,0.1,5595.84,5036.26,0,521.36,2025,7,July,Saturday,5595.84,5036.256
2025-07-19,ORD011843,CUST00595,P012,Air Fryer,Home,Jaipur,Store,UPI,2,6999.64,0.05,13999.28,13299.32,0,2534.66,2025,7,July,Saturday,13999.28,13299.316
2025-07-19,ORD021646,CUST03107,P013,Monitor,Electronics,Surat,Store,Credit Card,1,18403.97,0.15,18403.97,15643.37,0,2264.52,2025,7,July,Saturday,18403.97,15643.3745
2025-07-19,ORD042071,CUST04831,P002,Smartphone,Electronics,Kolkata,Online,UPI,1,27504.81,0.1,27504.81,24754.33,0,2252.87,2025,7,July,Saturday,27504.81,24754.329
2025-07-19,ORD041847,CUST03393,P016,Sofa,Furniture,Delhi,Store,Credit Card,2,37738.51,0.15,75477.02,64155.47,0,6664.37,2025,7,July,Saturday,75477.02,64155.467000000004
2025-07-19,ORD030704,CUST02272,P002,Smartphone,Electronics,Jaipur,Online,Credit Card,1,29953.03,0.15,29953.03,25460.08,0,1475.51,2025,7,July,Saturday,29953.03,25460.0755
2025-07-19,ORD003304,CUST01916,P019,Vacuum Cleaner,Home,Ahmedabad,Online,Credit Card,1,9425.94,0.1,9425.94,8483.35,0,1505.73,2025,7,July,Saturday,9425.94,8483.346000000001
2025-07-19,ORD006570,CUST03713,P006,Desk,Furniture,Kolkata,Online,Debit Card,1,11135.1,0.05,11135.1,10578.34,0,2624.48,2025,7,July,Saturday,11135.1,10578.345
2025-07-19,ORD033821,CUST03289,P008,Running Shoes,Fashion,Surat,Online,UPI,1,4344.15,0.1,4344.15,3909.73,0,647.12,2025,7,July,Saturday,4344.15,3909.7349999999997
2025-07-19,ORD000729,CUST04712,P017,Jeans,Fashion,Hyderabad,Store,Credit Card,1,2745.56,0.1,2745.56,2471.0,0,196.76,2025,7,July,Saturday,2745.56,2471.004
2025-07-19,ORD000931,CUST02416,P016,Sofa,Furniture,Hyderabad,Store,UPI,1,37260.22,0.15,37260.22,31671.19,0,6468.87,2025,7,July,Saturday,37260.22,31671.187
2025-07-19,ORD044719,CUST00285,P013,Monitor,Electronics,Delhi,Online,Credit Card,2,18256.09,0.2,36512.18,29209.74,0,6542.38,2025,7,July,Saturday,36512.18,29209.744000000002
2025-07-19,ORD013487,CUST00143,P015,Dining Table,Furniture,Delhi,Store,UPI,1,23894.36,0.0,23894.36,23894.36,0,1915.91,2025,7,July,Saturday,23894.36,23894.36
2025-07-19,ORD002359,CUST01801,P017,Jeans,Fashion,Hyderabad,Online,Credit Card,2,3011.82,0.25,6023.64,4517.73,0,471.98,2025,7,July,Saturday,6023.64,4517.7300000000005
2025-07-19,ORD031347,CUST01981,P013,Monitor,Electronics,Pune,Online,Credit Card,1,16428.55,0.15,16428.55,13964.27,0,3456.19,2025,7,July,Saturday,16428.55,13964.267499999998
2025-07-19,ORD002969,CUST01936,P013,Monitor,Electronics,Pune,Online,UPI,1,17928.51,0.1,17928.51,16135.66,0,2682.26,2025,7,July,Saturday,17928.51,16135.659
2025-07-19,ORD045221,CUST01885,P018,Jacket,Fashion,Ahmedabad,Online,Credit Card,1,4842.35,0.05,4842.35,4600.23,0,674.09,2025,7,July,Saturday,4842.35,4600.2325
2025-07-19,ORD037906,CUST00927,P020,Microwave,Home,Bengaluru,Online,UPI,3,10718.72,0.05,32156.16,30548.35,0,6954.66,2025,7,July,Saturday,32156.159999999996,30548.352
2025-07-19,ORD030409,CUST00379,P004,Smartwatch,Electronics,Mumbai,Store,UPI,1,7461.51,0.0,7461.51,7461.51,0,1967.76,2025,7,July,Saturday,7461.51,7461.51
2025-07-19,ORD047410,CUST00688,P008,Running Shoes,Fashion,Mumbai,Store,UPI,1,4576.03,0.0,4576.03,4576.03,0,528.31,2025,7,July,Saturday,4576.03,4576.03
2025-07-19,ORD043263,CUST03930,P007,Backpack,Accessories,Jaipur,Online,Cash,1,2062.58,0.05,2062.58,1959.45,1,-97.97,2025,7,July,Saturday,2062.58,1959.4509999999998
2025-07-19,ORD030313,CUST04137,P006,Desk,Furniture,Jaipur,Store,Credit Card,2,12951.71,0.25,25903.42,19427.56,0,953.5,2025,7,July,Saturday,25903.42,19427.565
2025-07-19,ORD027369,CUST03118,P019,Vacuum Cleaner,Home,Bengaluru,Online,UPI,1,8954.57,0.1,8954.57,8059.11,0,1454.03,2025,7,July,Saturday,8954.57,8059.113
2025-07-19,ORD023735,CUST03482,P005,Office Chair,Furniture,Delhi,Online,Credit Card,1,9552.41,0.15,9552.41,8119.55,0,1284.3,2025,7,July,Saturday,9552.41,8119.5485
2025-07-19,ORD031437,CUST01123,P007,Backpack,Accessories,Hyderabad,Store,Credit Card,2,2236.26,0.1,4472.52,4025.27,0,392.05,2025,7,July,Saturday,4472.52,4025.2680000000005
2025-07-19,ORD005349,CUST03007,P005,Office Chair,Furniture,Bengaluru,Online,Cash,1,9478.0,0.15,9478.0,8056.3,0,610.13,2025,7,July,Saturday,9478.0,8056.3
2025-07-19,ORD001935,CUST03843,P012,Air Fryer,Home,Kolkata,Online,Net Banking,1,6714.91,0.05,6714.91,6379.16,0,1570.22,2025,7,July,Saturday,6714.91,6379.1645
2025-07-19,ORD022233,CUST03252,P012,Air Fryer,Home,Mumbai,Online,UPI,2,6548.83,0.1,13097.66,11787.89,0,2343.24,2025,7,July,Saturday,13097.66,11787.894
2025-07-19,ORD010354,CUST00250,P013,Monitor,Electronics,Kolkata,Store,UPI,1,18823.43,0.05,18823.43,17882.26,0,4860.02,2025,7,July,Saturday,18823.43,17882.2585
2025-07-19,ORD011888,CUST01333,P018,Jacket,Fashion,Bengaluru,Online,UPI,1,5197.25,0.05,5197.25,4937.39,0,684.26,2025,7,July,Saturday,5197.25,4937.3875
2025-07-19,ORD026684,CUST00077,P008,Running Shoes,Fashion,Kolkata,Online,Debit Card,2,4016.49,0.2,8032.98,6426.38,0,1254.99,2025,7,July,Saturday,8032.98,6426.384
2025-07-19,ORD024309,CUST02424,P003,Headphones,Electronics,Kolkata,Store,Credit Card,2,4743.95,0.1,9487.9,8539.11,0,1375.89,2025,7,July,Saturday,9487.9,8539.11
2025-07-19,ORD033695,CUST04015,P014,Keyboard,Electronics,Bengaluru,Online,UPI,3,2331.77,0.15,6995.31,5946.01,0,879.83,2025,7,July,Saturday,6995.3099999999995,5946.0135
2025-07-19,ORD036924,CUST03647,P004,Smartwatch,Electronics,Surat,Online,UPI,1,7079.93,0.1,7079.93,6371.94,0,452.26,2025,7,July,Saturday,7079.93,6371.937000000001
2025-07-19,ORD032943,CUST03661,P020,Microwave,Home,Delhi,Online,Credit Card,5,10940.34,0.1,54701.7,49231.53,0,10906.57,2025,7,July,Saturday,54701.7,49231.53
2025-07-19,ORD015815,CUST03959,P009,T-Shirt,Fashion,Hyderabad,Online,UPI,1,1202.75,0.0,1202.75,1202.75,0,291.94,2025,7,July,Saturday,1202.75,1202.75
2025-07-19,ORD026996,CUST02352,P003,Headphones,Electronics,Surat,Online,UPI,3,4093.12,0.0,12279.36,12279.36,0,2111.09,2025,7,July,Saturday,12279.36,12279.36
2025-07-19,ORD016166,CUST02508,P007,Backpack,Accessories,Hyderabad,Store,Credit Card,1,2098.48,0.2,2098.48,1678.78,0,282.71,2025,7,July,Saturday,2098.48,1678.784
2025-07-19,ORD042022,CUST02078,P013,Monitor,Electronics,Delhi,Online,Cash,1,16943.75,0.05,16943.75,16096.56,0,3468.7,2025,7,July,Saturday,16943.75,16096.5625
2025-07-19,ORD006004,CUST01846,P004,Smartwatch,Electronics,Surat,Online,UPI,3,6544.18,0.1,19632.54,17669.29,0,4515.89,2025,7,July,Saturday,19632.54,17669.286
2025-07-19,ORD037802,CUST04140,P005,Office Chair,Furniture,Hyderabad,Online,Debit Card,1,9836.01,0.0,9836.01,9836.01,0,2612.86,2025,7,July,Saturday,9836.01,9836.01
2025-07-19,ORD029311,CUST01000,P020,Microwave,Home,Mumbai,Store,Credit Card,2,10955.34,0.1,21910.68,19719.61,0,4221.49,2025,7,July,Saturday,21910.68,19719.612
2025-07-19,ORD048747,CUST01726,P013,Monitor,Electronics,Bengaluru,Online,UPI,1,17217.07,0.15,17217.07,14634.51,0,2129.2,2025,7,July,Saturday,17217.07,14634.5095
2025-07-19,ORD038338,CUST04714,P008,Running Shoes,Fashion,Ahmedabad,Store,Cash,1,4040.74,0.25,4040.74,3030.56,0,292.93,2025,7,July,Saturday,4040.74,3030.555
2025-07-19,ORD002047,CUST02623,P017,Jeans,Fashion,Ahmedabad,Online,UPI,1,2935.88,0.05,2935.88,2789.09,0,294.72,2025,7,July,Saturday,2935.88,2789.086
2025-07-19,ORD037062,CUST02781,P005,Office Chair,Furniture,Chennai,Store,Net Banking,1,9936.95,0.1,9936.95,8943.26,0,2298.09,2025,7,July,Saturday,9936.95,8943.255000000001
2025-07-19,ORD040006,CUST02427,P008,Running Shoes,Fashion,Mumbai,Store,UPI,2,3973.13,0.2,7946.26,6357.01,0,1534.8,2025,7,July,Saturday,7946.26,6357.008000000001
2025-07-19,ORD010504,CUST03864,P012,Air Fryer,Home,Surat,Online,UPI,1,6891.63,0.05,6891.63,6547.05,0,1116.29,2025,7,July,Saturday,6891.63,6547.0485
2025-07-19,ORD048353,CUST01458,P018,Jacket,Fashion,Chennai,Online,Credit Card,2,4964.59,0.1,9929.18,8936.26,0,1115.51,2025,7,July,Saturday,9929.18,8936.262
2025-07-19,ORD041663,CUST01851,P014,Keyboard,Electronics,Delhi,Store,UPI,1,2451.33,0.0,2451.33,2451.33,0,405.42,2025,7,July,Saturday,2451.33,2451.33
2025-07-19,ORD005078,CUST03438,P002,Smartphone,Electronics,Delhi,Store,Credit Card,1,26790.9,0.0,26790.9,26790.9,0,7114.84,2025,7,July,Saturday,26790.9,26790.9
2025-07-19,ORD006095,CUST04521,P020,Microwave,Home,Jaipur,Store,Credit Card,1,10596.07,0.25,10596.07,7947.05,0,1898.66,2025,7,July,Saturday,10596.07,7947.0525
2025-07-19,ORD038713,CUST01221,P020,Microwave,Home,Ahmedabad,Online,Net Banking,1,11388.58,0.1,11388.58,10249.72,0,2123.66,2025,7,July,Saturday,11388.58,10249.722
2025-07-19,ORD002048,CUST01317,P009,T-Shirt,Fashion,Kolkata,Store,Credit Card,1,1192.72,0.0,1192.72,1192.72,0,189.95,2025,7,July,Saturday,1192.72,1192.72
2025-07-19,ORD040785,CUST01936,P005,Office Chair,Furniture,Pune,Store,UPI,1,8552.77,0.2,8552.77,6842.22,0,467.84,2025,7,July,Saturday,8552.77,6842.216
2025-07-19,ORD039996,CUST00047,P008,Running Shoes,Fashion,Surat,Online,UPI,1,3828.66,0.1,3828.66,3445.79,0,580.77,2025,7,July,Saturday,3828.66,3445.794
2025-07-19,ORD044254,CUST02530,P016,Sofa,Furniture,Jaipur,Online,UPI,1,37089.47,0.0,37089.47,37089.47,0,4351.74,2025,7,July,Saturday,37089.47,37089.47
2025-07-19,ORD046582,CUST04778,P012,Air Fryer,Home,Chennai,Online,Credit Card,4,7723.73,0.05,30894.92,29350.17,0,7552.74,2025,7,July,Saturday,30894.92,29350.173999999995
2025-07-19,ORD038890,CUST02153,P012,Air Fryer,Home,Mumbai,Online,Debit Card,1,7569.89,0.05,7569.89,7191.4,0,611.23,2025,7,July,Saturday,7569.89,7191.3955
2025-07-19,ORD032190,CUST03857,P001,Laptop,Electronics,Jaipur,Store,Credit Card,2,61255.39,0.15,122510.78,104134.16,0,13780.34,2025,7,July,Saturday,122510.78,104134.163
2025-07-19,ORD005537,CUST01789,P016,Sofa,Furniture,Bengaluru,Online,UPI,1,36546.75,0.0,36546.75,36546.75,0,4330.33,2025,7,July,Saturday,36546.75,36546.75
2025-07-19,ORD002139,CUST01874,P015,Dining Table,Furniture,Kolkata,Store,Net Banking,1,21475.2,0.15,21475.2,18253.92,0,986.59,2025,7,July,Saturday,21475.2,18253.920000000002
2025-07-19,ORD000189,CUST03084,P002,Smartphone,Electronics,Ahmedabad,Online,Debit Card,1,28303.67,0.15,28303.67,24058.12,0,5230.67,2025,7,July,Saturday,28303.67,24058.119499999997
2025-07-19,ORD018495,CUST04256,P011,Mixer Grinder,Home,Chennai,Store,Net Banking,1,5183.76,0.0,5183.76,5183.76,0,1142.07,2025,7,July,Saturday,5183.76,5183.76
2025-07-19,ORD020131,CUST01745,P007,Backpack,Accessories,Ahmedabad,Online,Cash,5,2273.89,0.0,11369.45,11369.45,1,-568.47,2025,7,July,Saturday,11369.449999999999,11369.45
2025-07-19,ORD048308,CUST00031,P014,Keyboard,Electronics,Bengaluru,Online,Debit Card,1,2357.5,0.2,2357.5,1886.0,0,136.48,2025,7,July,Saturday,2357.5,1886.0
2025-07-19,ORD001134,CUST04769,P011,Mixer Grinder,Home,Surat,Online,UPI,1,5164.49,0.1,5164.49,4648.04,0,390.61,2025,7,July,Saturday,5164.49,4648.041
2025-07-19,ORD025399,CUST00536,P015,Dining Table,Furniture,Ahmedabad,Online,Credit Card,1,21847.24,0.0,21847.24,21847.24,0,5851.56,2025,7,July,Saturday,21847.24,21847.24
2025-07-19,ORD016133,CUST00654,P014,Keyboard,Electronics,Delhi,Store,Credit Card,1,2578.38,0.1,2578.38,2320.54,1,-116.03,2025,7,July,Saturday,2578.38,2320.5420000000004
2025-07-19,ORD013567,CUST04958,P009,T-Shirt,Fashion,Chennai,Store,UPI,1,1116.82,0.15,1116.82,949.3,0,176.3,2025,7,July,Saturday,1116.82,949.2969999999999
2025-07-19,ORD021302,CUST01944,P007,Backpack,Accessories,Bengaluru,Online,Credit Card,1,2071.77,0.2,2071.77,1657.42,0,202.79,2025,7,July,Saturday,2071.77,1657.4160000000002
2025-07-19,ORD032987,CUST04572,P009,T-Shirt,Fashion,Bengaluru,Online,UPI,3,1303.87,0.15,3911.61,3324.87,0,409.3,2025,7,July,Saturday,3911.6099999999997,3324.8685
2025-07-19,ORD021268,CUST02793,P003,Headphones,Electronics,Jaipur,Online,Net Banking,1,4888.82,0.0,4888.82,4888.82,0,423.01,2025,7,July,Saturday,4888.82,4888.82
2025-07-20,ORD019475,CUST04513,P016,Sofa,Furniture,Bengaluru,Store,Cash,1,36614.62,0.0,36614.62,36614.62,0,8000.02,2025,7,July,Sunday,36614.62,36614.62
2025-07-20,ORD039807,CUST03282,P001,Laptop,Electronics,Surat,Online,Credit Card,2,63550.8,0.1,127101.6,114391.44,0,21057.07,2025,7,July,Sunday,127101.6,114391.44
2025-07-20,ORD008045,CUST00940,P020,Microwave,Home,Jaipur,Online,Credit Card,1,10669.53,0.05,10669.53,10136.05,0,2713.24,2025,7,July,Sunday,10669.53,10136.0535
2025-07-20,ORD007154,CUST04903,P005,Office Chair,Furniture,Jaipur,Store,Cash,3,10396.26,0.05,31188.78,29629.34,0,8492.44,2025,7,July,Sunday,31188.78,29629.340999999997
2025-07-20,ORD049202,CUST03470,P002,Smartphone,Electronics,Bengaluru,Store,Net Banking,1,27704.25,0.1,27704.25,24933.82,0,5243.35,2025,7,July,Sunday,27704.25,24933.825
2025-07-20,ORD047386,CUST03763,P004,Smartwatch,Electronics,Mumbai,Online,Debit Card,1,7580.42,0.05,7580.42,7201.4,0,1347.17,2025,7,July,Sunday,7580.42,7201.398999999999
2025-07-20,ORD037114,CUST01119,P013,Monitor,Electronics,Kolkata,Online,Credit Card,2,17117.79,0.1,34235.58,30812.02,0,5223.34,2025,7,July,Sunday,34235.58,30812.022
2025-07-20,ORD005267,CUST02519,P009,T-Shirt,Fashion,Delhi,Online,UPI,1,1118.1,0.1,1118.1,1006.29,0,221.46,2025,7,July,Sunday,1118.1,1006.29
2025-07-20,ORD005257,CUST02583,P012,Air Fryer,Home,Delhi,Online,UPI,1,7164.75,0.0,7164.75,7164.75,0,2140.57,2025,7,July,Sunday,7164.75,7164.75
2025-07-20,ORD034104,CUST00917,P018,Jacket,Fashion,Bengaluru,Online,UPI,2,4990.65,0.0,9981.3,9981.3,0,1695.88,2025,7,July,Sunday,9981.3,9981.3
2025-07-20,ORD042683,CUST02288,P012,Air Fryer,Home,Bengaluru,Online,Credit Card,2,7707.81,0.1,15415.62,13874.06,0,1176.8,2025,7,July,Sunday,15415.62,13874.058
2025-07-20,ORD027078,CUST01437,P011,Mixer Grinder,Home,Ahmedabad,Online,Credit Card,1,4403.86,0.15,4403.86,3743.28,0,542.48,2025,7,July,Sunday,4403.86,3743.2809999999995
2025-07-20,ORD010728,CUST00471,P019,Vacuum Cleaner,Home,Ahmedabad,Store,Credit Card,1,9112.44,0.1,9112.44,8201.2,0,716.2,2025,7,July,Sunday,9112.44,8201.196
2025-07-20,ORD030750,CUST00883,P009,T-Shirt,Fashion,Pune,Store,UPI,1,1308.49,0.1,1308.49,1177.64,0,207.79,2025,7,July,Sunday,1308.49,1177.641
2025-07-20,ORD006269,CUST03302,P020,Microwave,Home,Kolkata,Online,UPI,1,10501.26,0.05,10501.26,9976.2,0,853.56,2025,7,July,Sunday,10501.26,9976.197
2025-07-20,ORD021281,CUST03573,P001,Laptop,Electronics,Pune,Online,UPI,2,62114.41,0.05,124228.82,118017.38,0,27984.19,2025,7,July,Sunday,124228.82,118017.379
2025-07-20,ORD025540,CUST01308,P016,Sofa,Furniture,Pune,Store,UPI,1,33573.43,0.0,33573.43,33573.43,0,7423.32,2025,7,July,Sunday,33573.43,33573.43
2025-07-20,ORD034252,CUST04001,P001,Laptop,Electronics,Mumbai,Online,Debit Card,1,64733.07,0.05,64733.07,61496.42,0,17268.0,2025,7,July,Sunday,64733.07,61496.4165
2025-07-20,ORD035757,CUST01415,P016,Sofa,Furniture,Mumbai,Store,Credit Card,1,35449.13,0.05,35449.13,33676.67,0,5736.71,2025,7,July,Sunday,35449.13,33676.6735
2025-07-20,ORD044695,CUST03563,P016,Sofa,Furniture,Kolkata,Online,UPI,1,35248.61,0.0,35248.61,35248.61,0,5124.24,2025,7,July,Sunday,35248.61,35248.61
2025-07-20,ORD035025,CUST00154,P013,Monitor,Electronics,Surat,Store,UPI,1,18592.84,0.0,18592.84,18592.84,0,1573.51,2025,7,July,Sunday,18592.84,18592.84
2025-07-20,ORD004627,CUST00167,P010,Coffee Maker,Home,Jaipur,Online,UPI,1,5637.77,0.1,5637.77,5073.99,0,737.2,2025,7,July,Sunday,5637.77,5073.993
2025-07-20,ORD009473,CUST01624,P011,Mixer Grinder,Home,Kolkata,Store,Net Banking,1,4853.39,0.05,4853.39,4610.72,0,527.15,2025,7,July,Sunday,4853.39,4610.7205
2025-07-20,ORD020893,CUST03277,P006,Desk,Furniture,Mumbai,Online,Debit Card,5,11750.36,0.1,58751.8,52876.62,0,11062.48,2025,7,July,Sunday,58751.8,52876.62
2025-07-20,ORD046499,CUST00249,P011,Mixer Grinder,Home,Chennai,Online,Credit Card,1,4824.03,0.05,4824.03,4582.83,0,892.07,2025,7,July,Sunday,4824.03,4582.8285
2025-07-20,ORD020388,CUST02377,P014,Keyboard,Electronics,Hyderabad,Online,UPI,2,2583.67,0.1,5167.34,4650.61,0,649.52,2025,7,July,Sunday,5167.34,4650.606000000001
2025-07-20,ORD017221,CUST00836,P010,Coffee Maker,Home,Pune,Store,UPI,1,5301.82,0.1,5301.82,4771.64,0,689.82,2025,7,July,Sunday,5301.82,4771.638
2025-07-20,ORD024388,CUST00074,P015,Dining Table,Furniture,Delhi,Store,Credit Card,1,20196.88,0.05,20196.88,19187.04,0,3843.72,2025,7,July,Sunday,20196.88,19187.036
2025-07-20,ORD008648,CUST01805,P012,Air Fryer,Home,Hyderabad,Online,UPI,2,6861.43,0.2,13722.86,10978.29,0,912.87,2025,7,July,Sunday,13722.86,10978.288
2025-07-20,ORD010174,CUST04475,P008,Running Shoes,Fashion,Hyderabad,Store,Net Banking,2,4449.59,0.0,8899.18,8899.18,0,2366.32,2025,7,July,Sunday,8899.18,8899.18
2025-07-20,ORD007741,CUST01019,P004,Smartwatch,Electronics,Kolkata,Store,UPI,1,6805.52,0.05,6805.52,6465.24,0,506.11,2025,7,July,Sunday,6805.52,6465.244
2025-07-20,ORD042581,CUST04912,P003,Headphones,Electronics,Hyderabad,Online,Debit Card,1,4901.48,0.05,4901.48,4656.41,0,496.13,2025,7,July,Sunday,4901.48,4656.405999999999
2025-07-20,ORD049587,CUST02652,P007,Backpack,Accessories,Pune,Online,Net Banking,2,2101.39,0.1,4202.78,3782.5,0,627.87,2025,7,July,Sunday,4202.78,3782.502
2025-07-20,ORD020462,CUST03597,P013,Monitor,Electronics,Bengaluru,Store,UPI,1,16416.14,0.25,16416.14,12312.1,0,991.75,2025,7,July,Sunday,16416.14,12312.105
2025-07-20,ORD042151,CUST04447,P015,Dining Table,Furniture,Hyderabad,Store,Net Banking,2,23581.05,0.1,47162.1,42445.89,0,9922.87,2025,7,July,Sunday,47162.1,42445.89
2025-07-20,ORD000628,CUST04327,P011,Mixer Grinder,Home,Surat,Online,Credit Card,2,5279.36,0.05,10558.72,10030.78,0,724.47,2025,7,July,Sunday,10558.72,10030.784
2025-07-20,ORD014126,CUST02669,P007,Backpack,Accessories,Mumbai,Online,UPI,1,2076.29,0.25,2076.29,1557.22,0,208.45,2025,7,July,Sunday,2076.29,1557.2175
2025-07-20,ORD034063,CUST03125,P019,Vacuum Cleaner,Home,Delhi,Online,UPI,2,8632.66,0.1,17265.32,15538.79,0,3449.17,2025,7,July,Sunday,17265.32,15538.788
2025-07-20,ORD048211,CUST04908,P015,Dining Table,Furniture,Bengaluru,Store,Net Banking,1,22341.58,0.1,22341.58,20107.42,0,5532.01,2025,7,July,Sunday,22341.58,20107.422000000002
2025-07-20,ORD021382,CUST04224,P013,Monitor,Electronics,Bengaluru,Online,Credit Card,2,17702.92,0.0,35405.84,35405.84,0,9756.27,2025,7,July,Sunday,35405.84,35405.84
2025-07-20,ORD046968,CUST01207,P019,Vacuum Cleaner,Home,Bengaluru,Online,Debit Card,3,9536.92,0.1,28610.76,25749.68,0,2541.35,2025,7,July,Sunday,28610.760000000002,25749.683999999997
2025-07-20,ORD029074,CUST03364,P010,Coffee Maker,Home,Ahmedabad,Online,UPI,2,5791.29,0.1,11582.58,10424.32,0,1316.63,2025,7,July,Sunday,11582.58,10424.322
2025-07-20,ORD049236,CUST02341,P011,Mixer Grinder,Home,Chennai,Online,Credit Card,1,5007.39,0.05,5007.39,4757.02,0,631.73,2025,7,July,Sunday,5007.39,4757.0205000000005
2025-07-20,ORD041695,CUST02382,P004,Smartwatch,Electronics,Mumbai,Online,UPI,1,6839.85,0.15,6839.85,5813.87,0,732.9,2025,7,July,Sunday,6839.85,5813.8725
2025-07-20,ORD036185,CUST00362,P017,Jeans,Fashion,Mumbai,Online,Debit Card,1,2875.91,0.05,2875.91,2732.11,0,669.55,2025,7,July,Sunday,2875.91,2732.1144999999997
2025-07-20,ORD049443,CUST03414,P001,Laptop,Electronics,Chennai,Store,Credit Card,1,65494.55,0.0,65494.55,65494.55,0,8372.43,2025,7,July,Sunday,65494.55,65494.55
2025-07-20,ORD034580,CUST04952,P007,Backpack,Accessories,Mumbai,Store,UPI,2,2181.75,0.1,4363.5,3927.15,0,867.62,2025,7,July,Sunday,4363.5,3927.15
2025-07-20,ORD039647,CUST03457,P010,Coffee Maker,Home,Kolkata,Online,Debit Card,1,5066.16,0.15,5066.16,4306.24,0,492.73,2025,7,July,Sunday,5066.16,4306.236
2025-07-20,ORD021801,CUST02349,P018,Jacket,Fashion,Bengaluru,Online,Credit Card,1,5250.07,0.0,5250.07,5250.07,0,943.25,2025,7,July,Sunday,5250.07,5250.07
2025-07-20,ORD043147,CUST01615,P013,Monitor,Electronics,Mumbai,Store,UPI,2,18918.11,0.1,37836.22,34052.6,0,9110.77,2025,7,July,Sunday,37836.22,34052.598000000005
2025-07-20,ORD011890,CUST04938,P015,Dining Table,Furniture,Kolkata,Store,UPI,1,23807.25,0.2,23807.25,19045.8,0,1163.42,2025,7,July,Sunday,23807.25,19045.8
2025-07-20,ORD033975,CUST04094,P013,Monitor,Electronics,Delhi,Online,UPI,1,16912.92,0.0,16912.92,16912.92,0,2775.73,2025,7,July,Sunday,16912.92,16912.92
2025-07-20,ORD031693,CUST04273,P014,Keyboard,Electronics,Chennai,Store,UPI,1,2362.04,0.1,2362.04,2125.84,0,436.52,2025,7,July,Sunday,2362.04,2125.8360000000002
2025-07-20,ORD012745,CUST03370,P018,Jacket,Fashion,Hyderabad,Store,Debit Card,1,5084.71,0.05,5084.71,4830.47,0,1362.45,2025,7,July,Sunday,5084.71,4830.4745
2025-07-20,ORD020220,CUST00201,P002,Smartphone,Electronics,Ahmedabad,Online,Credit Card,3,28848.82,0.1,86546.46,77891.81,0,21390.13,2025,7,July,Sunday,86546.45999999999,77891.81400000001
2025-07-20,ORD047096,CUST00210,P011,Mixer Grinder,Home,Pune,Online,Credit Card,4,4786.95,0.05,19147.8,18190.41,0,4887.38,2025,7,July,Sunday,19147.8,18190.41
2025-07-20,ORD023528,CUST01863,P013,Monitor,Electronics,Hyderabad,Store,Debit Card,3,18018.79,0.05,54056.37,51353.55,0,11771.29,2025,7,July,Sunday,54056.37,51353.5515
2025-07-20,ORD022869,CUST04324,P015,Dining Table,Furniture,Bengaluru,Store,Cash,2,22315.61,0.1,44631.22,40168.1,0,8297.19,2025,7,July,Sunday,44631.22,40168.098000000005
2025-07-20,ORD009851,CUST04882,P016,Sofa,Furniture,Kolkata,Online,UPI,5,34824.22,0.1,174121.1,156708.99,0,32115.47,2025,7,July,Sunday,174121.1,156708.99000000002
2025-07-20,ORD019456,CUST03010,P011,Mixer Grinder,Home,Kolkata,Store,UPI,1,4322.46,0.1,4322.46,3890.21,0,320.9,2025,7,July,Sunday,4322.46,3890.214
2025-07-20,ORD030940,CUST00157,P007,Backpack,Accessories,Mumbai,Store,Credit Card,1,2230.8,0.1,2230.8,2007.72,0,472.76,2025,7,July,Sunday,2230.8,2007.7200000000003
2025-07-21,ORD031848,CUST00302,P008,Running Shoes,Fashion,Hyderabad,Store,Credit Card,2,4159.9,0.15,8319.8,7071.83,0,999.6,2025,7,July,Monday,8319.8,7071.829999999999
2025-07-21,ORD027515,CUST03655,P014,Keyboard,Electronics,Delhi,Online,Net Banking,1,2431.03,0.2,2431.03,1944.82,0,424.87,2025,7,July,Monday,2431.03,1944.8240000000003
2025-07-21,ORD034380,CUST04733,P012,Air Fryer,Home,Ahmedabad,Online,UPI,1,7486.02,0.15,7486.02,6363.12,0,1017.9,2025,7,July,Monday,7486.02,6363.117
2025-07-21,ORD001784,CUST00684,P001,Laptop,Electronics,Pune,Online,Credit Card,1,59943.6,0.05,59943.6,56946.42,1,-2847.32,2025,7,July,Monday,59943.6,56946.42
2025-07-21,ORD023297,CUST04523,P003,Headphones,Electronics,Chennai,Online,UPI,1,4461.23,0.0,4461.23,4461.23,0,379.86,2025,7,July,Monday,4461.23,4461.23
2025-07-21,ORD022474,CUST01312,P014,Keyboard,Electronics,Chennai,Store,UPI,1,2566.75,0.2,2566.75,2053.4,0,272.15,2025,7,July,Monday,2566.75,2053.4
2025-07-21,ORD028272,CUST00773,P017,Jeans,Fashion,Pune,Store,UPI,1,3035.95,0.1,3035.95,2732.36,0,228.3,2025,7,July,Monday,3035.95,2732.355
2025-07-21,ORD015279,CUST01407,P014,Keyboard,Electronics,Bengaluru,Online,UPI,3,2609.03,0.1,7827.09,7044.38,0,1842.84,2025,7,July,Monday,7827.09,7044.381
2025-07-21,ORD022783,CUST01580,P001,Laptop,Electronics,Pune,Store,Debit Card,1,58948.25,0.05,58948.25,56000.84,0,14032.85,2025,7,July,Monday,58948.25,56000.837499999994
2025-07-21,ORD036353,CUST04516,P007,Backpack,Accessories,Pune,Online,UPI,1,2058.18,0.2,2058.18,1646.54,0,348.95,2025,7,July,Monday,2058.18,1646.5439999999999
2025-07-21,ORD007146,CUST03629,P006,Desk,Furniture,Bengaluru,Store,UPI,1,12502.69,0.05,12502.69,11877.56,0,3266.81,2025,7,July,Monday,12502.69,11877.5555
2025-07-21,ORD028471,CUST02138,P020,Microwave,Home,Surat,Online,Credit Card,1,11103.84,0.1,11103.84,9993.46,0,2267.77,2025,7,July,Monday,11103.84,9993.456
2025-07-21,ORD004232,CUST04008,P019,Vacuum Cleaner,Home,Ahmedabad,Online,UPI,1,9303.72,0.0,9303.72,9303.72,0,2087.67,2025,7,July,Monday,9303.72,9303.72
2025-07-21,ORD018997,CUST04591,P009,T-Shirt,Fashion,Delhi,Online,UPI,2,1176.05,0.25,2352.1,1764.07,0,404.37,2025,7,July,Monday,2352.1,1764.0749999999998
2025-07-21,ORD035502,CUST00294,P001,Laptop,Electronics,Hyderabad,Store,UPI,2,68948.76,0.05,137897.52,131002.64,0,34322.16,2025,7,July,Monday,137897.52,131002.64399999999
2025-07-21,ORD005541,CUST03957,P008,Running Shoes,Fashion,Bengaluru,Online,Debit Card,1,4335.88,0.0,4335.88,4335.88,0,1114.17,2025,7,July,Monday,4335.88,4335.88
2025-07-21,ORD012800,CUST00993,P015,Dining Table,Furniture,Ahmedabad,Store,Net Banking,5,21756.37,0.1,108781.85,97903.66,0,14122.9,2025,7,July,Monday,108781.84999999999,97903.66500000001
2025-07-21,ORD039189,CUST01656,P013,Monitor,Electronics,Kolkata,Store,Credit Card,1,19087.8,0.1,19087.8,17179.02,0,1713.9,2025,7,July,Monday,19087.8,17179.02
2025-07-21,ORD037816,CUST04254,P011,Mixer Grinder,Home,Mumbai,Online,Credit Card,1,4590.7,0.25,4590.7,3443.02,0,372.21,2025,7,July,Monday,4590.7,3443.0249999999996
2025-07-21,ORD029840,CUST00341,P008,Running Shoes,Fashion,Bengaluru,Online,Net Banking,1,4149.17,0.1,4149.17,3734.25,0,662.3,2025,7,July,Monday,4149.17,3734.253
2025-07-21,ORD042419,CUST03200,P002,Smartphone,Electronics,Kolkata,Online,Debit Card,1,29159.81,0.05,29159.81,27701.82,0,2780.47,2025,7,July,Monday,29159.81,27701.8195
2025-07-21,ORD002949,CUST03446,P015,Dining Table,Furniture,Pune,Store,Cash,1,21340.52,0.0,21340.52,21340.52,0,2781.03,2025,7,July,Monday,21340.52,21340.52
2025-07-21,ORD039604,CUST04532,P013,Monitor,Electronics,Delhi,Online,UPI,3,18665.2,0.0,55995.6,55995.6,0,13441.71,2025,7,July,Monday,55995.600000000006,55995.6
2025-07-21,ORD016531,CUST03366,P020,Microwave,Home,Mumbai,Store,Credit Card,3,11693.58,0.05,35080.74,33326.7,0,4708.3,2025,7,July,Monday,35080.74,33326.702999999994
2025-07-21,ORD037286,CUST03150,P002,Smartphone,Electronics,Jaipur,Online,Debit Card,1,27013.97,0.1,27013.97,24312.57,0,4198.96,2025,7,July,Monday,27013.97,24312.573
2025-07-21,ORD035055,CUST01165,P006,Desk,Furniture,Surat,Store,Credit Card,3,11101.46,0.1,33304.38,29973.94,0,4678.73,2025,7,July,Monday,33304.38,29973.942
2025-07-21,ORD014106,CUST01148,P019,Vacuum Cleaner,Home,Mumbai,Online,UPI,1,8967.37,0.05,8967.37,8519.0,0,2137.58,2025,7,July,Monday,8967.37,8519.0015
2025-07-21,ORD034454,CUST03477,P011,Mixer Grinder,Home,Hyderabad,Online,Debit Card,1,4756.57,0.1,4756.57,4280.91,0,271.94,2025,7,July,Monday,4756.57,4280.913
2025-07-21,ORD015456,CUST02573,P005,Office Chair,Furniture,Bengaluru,Store,UPI,1,9638.68,0.1,9638.68,8674.81,0,2191.07,2025,7,July,Monday,9638.68,8674.812
2025-07-21,ORD001072,CUST03152,P017,Jeans,Fashion,Bengaluru,Online,Credit Card,1,2629.92,0.15,2629.92,2235.43,0,429.35,2025,7,July,Monday,2629.92,2235.432
2025-07-21,ORD020957,CUST04862,P013,Monitor,Electronics,Bengaluru,Online,Credit Card,1,16721.37,0.15,16721.37,14213.16,0,3038.88,2025,7,July,Monday,16721.37,14213.164499999999
2025-07-21,ORD020939,CUST00369,P001,Laptop,Electronics,Chennai,Online,UPI,1,63554.13,0.1,63554.13,57198.72,0,7771.19,2025,7,July,Monday,63554.13,57198.717
2025-07-21,ORD013123,CUST01449,P003,Headphones,Electronics,Bengaluru,Online,Cash,1,4765.42,0.15,4765.42,4050.61,0,1093.61,2025,7,July,Monday,4765.42,4050.607
2025-07-21,ORD028310,CUST01109,P015,Dining Table,Furniture,Chennai,Online,UPI,2,22274.67,0.0,44549.34,44549.34,0,4832.37,2025,7,July,Monday,44549.34,44549.34
2025-07-21,ORD043016,CUST00651,P010,Coffee Maker,Home,Kolkata,Store,Credit Card,2,4994.35,0.05,9988.7,9489.26,0,1308.34,2025,7,July,Monday,9988.7,9489.265
2025-07-21,ORD025238,CUST02808,P003,Headphones,Electronics,Jaipur,Store,UPI,1,4780.09,0.15,4780.09,4063.08,0,245.32,2025,7,July,Monday,4780.09,4063.0765
2025-07-21,ORD037724,CUST00325,P012,Air Fryer,Home,Pune,Online,UPI,1,7546.98,0.2,7546.98,6037.58,0,637.54,2025,7,July,Monday,7546.98,6037.584
2025-07-21,ORD005666,CUST02910,P018,Jacket,Fashion,Mumbai,Online,UPI,1,5094.65,0.1,5094.65,4585.18,0,565.79,2025,7,July,Monday,5094.65,4585.1849999999995
2025-07-21,ORD002600,CUST01630,P009,T-Shirt,Fashion,Pune,Store,Debit Card,4,1129.95,0.2,4519.8,3615.84,0,288.17,2025,7,July,Monday,4519.8,3615.84
2025-07-21,ORD044566,CUST00263,P011,Mixer Grinder,Home,Ahmedabad,Online,Credit Card,1,4880.9,0.05,4880.9,4636.85,0,413.57,2025,7,July,Monday,4880.9,4636.855
2025-07-21,ORD006455,CUST04334,P004,Smartwatch,Electronics,Delhi,Store,Debit Card,3,7357.39,0.15,22072.17,18761.34,0,1554.66,2025,7,July,Monday,22072.170000000002,18761.3445
2025-07-21,ORD029171,CUST00672,P016,Sofa,Furniture,Jaipur,Online,Credit Card,1,36650.17,0.05,36650.17,34817.66,0,5030.05,2025,7,July,Monday,36650.17,34817.661499999995
2025-07-21,ORD035969,CUST00224,P019,Vacuum Cleaner,Home,Pune,Store,Cash,3,9678.71,0.0,29036.13,29036.13,0,4863.92,2025,7,July,Monday,29036.129999999997,29036.13
2025-07-21,ORD018241,CUST00045,P011,Mixer Grinder,Home,Bengaluru,Online,Credit Card,5,4520.17,0.1,22600.85,20340.76,0,5246.77,2025,7,July,Monday,22600.85,20340.765
2025-07-21,ORD041092,CUST03911,P001,Laptop,Electronics,Mumbai,Online,Cash,3,64724.47,0.0,194173.41,194173.41,0,16417.68,2025,7,July,Monday,194173.41,194173.41
2025-07-21,ORD043408,CUST04072,P018,Jacket,Fashion,Pune,Online,Net Banking,1,5125.75,0.1,5125.75,4613.18,0,879.69,2025,7,July,Monday,5125.75,4613.175
2025-07-21,ORD016523,CUST03595,P017,Jeans,Fashion,Surat,Online,Net Banking,1,3018.25,0.1,3018.25,2716.42,0,318.92,2025,7,July,Monday,3018.25,2716.425
2025-07-21,ORD024153,CUST01476,P006,Desk,Furniture,Bengaluru,Store,UPI,5,12552.63,0.15,62763.15,53348.68,1,-2667.43,2025,7,July,Monday,62763.149999999994,53348.6775
2025-07-21,ORD032118,CUST01401,P004,Smartwatch,Electronics,Hyderabad,Online,Credit Card,2,7298.94,0.05,14597.88,13867.99,0,2764.02,2025,7,July,Monday,14597.88,13867.985999999999
2025-07-21,ORD045252,CUST01825,P014,Keyboard,Electronics,Surat,Store,Credit Card,1,2493.34,0.1,2493.34,2244.01,0,484.52,2025,7,July,Monday,2493.34,2244.0060000000003
2025-07-22,ORD029512,CUST02280,P007,Backpack,Accessories,Pune,Online,Cash,1,2183.89,0.05,2183.89,2074.7,1,-103.74,2025,7,July,Tuesday,2183.89,2074.6955
2025-07-22,ORD031997,CUST03562,P014,Keyboard,Electronics,Pune,Store,Net Banking,4,2506.77,0.05,10027.08,9525.73,0,2643.38,2025,7,July,Tuesday,10027.08,9525.725999999999
2025-07-22,ORD034923,CUST03399,P018,Jacket,Fashion,Bengaluru,Online,Credit Card,1,5445.87,0.05,5445.87,5173.58,0,377.76,2025,7,July,Tuesday,5445.87,5173.576499999999
2025-07-22,ORD044711,CUST04326,P017,Jeans,Fashion,Bengaluru,Online,UPI,4,2806.95,0.05,11227.8,10666.41,0,1739.09,2025,7,July,Tuesday,11227.8,10666.409999999998
2025-07-22,ORD010029,CUST00350,P020,Microwave,Home,Chennai,Online,Credit Card,1,10435.13,0.15,10435.13,8869.86,0,1252.78,2025,7,July,Tuesday,10435.13,8869.860499999999
2025-07-22,ORD024960,CUST03051,P004,Smartwatch,Electronics,Surat,Store,Credit Card,1,6464.24,0.0,6464.24,6464.24,0,719.02,2025,7,July,Tuesday,6464.24,6464.24
2025-07-22,ORD011675,CUST00062,P017,Jeans,Fashion,Chennai,Online,Credit Card,1,2579.25,0.0,2579.25,2579.25,0,355.0,2025,7,July,Tuesday,2579.25,2579.25
2025-07-22,ORD023253,CUST03795,P013,Monitor,Electronics,Bengaluru,Online,UPI,2,18805.02,0.1,37610.04,33849.04,0,2876.85,2025,7,July,Tuesday,37610.04,33849.036
2025-07-22,ORD017097,CUST04485,P005,Office Chair,Furniture,Chennai,Online,UPI,4,9971.27,0.05,39885.08,37890.83,1,-1894.54,2025,7,July,Tuesday,39885.08,37890.826
2025-07-22,ORD049485,CUST00761,P013,Monitor,Electronics,Pune,Online,Debit Card,3,19687.8,0.2,59063.4,47250.72,0,4911.46,2025,7,July,Tuesday,59063.399999999994,47250.72
2025-07-22,ORD005431,CUST02262,P013,Monitor,Electronics,Ahmedabad,Online,Cash,2,17312.99,0.2,34625.98,27700.78,0,4579.77,2025,7,July,Tuesday,34625.98,27700.784000000003
2025-07-22,ORD036833,CUST01348,P016,Sofa,Furniture,Surat,Online,Debit Card,3,34210.64,0.1,102631.92,92368.73,1,-4618.44,2025,7,July,Tuesday,102631.92,92368.728
2025-07-22,ORD045056,CUST02500,P016,Sofa,Furniture,Bengaluru,Store,Net Banking,2,38398.69,0.0,76797.38,76797.38,0,8947.73,2025,7,July,Tuesday,76797.38,76797.38
2025-07-22,ORD012879,CUST04994,P002,Smartphone,Electronics,Kolkata,Online,UPI,1,28002.48,0.15,28002.48,23802.11,0,1997.7,2025,7,July,Tuesday,28002.48,23802.108
2025-07-22,ORD026092,CUST02370,P020,Microwave,Home,Delhi,Online,UPI,1,10950.62,0.1,10950.62,9855.56,0,2483.3,2025,7,July,Tuesday,10950.62,9855.558
2025-07-22,ORD013781,CUST02946,P003,Headphones,Electronics,Jaipur,Online,Credit Card,1,4144.05,0.1,4144.05,3729.65,0,628.35,2025,7,July,Tuesday,4144.05,3729.6450000000004
2025-07-22,ORD031678,CUST01242,P017,Jeans,Fashion,Surat,Online,Debit Card,1,2766.92,0.0,2766.92,2766.92,0,307.22,2025,7,July,Tuesday,2766.92,2766.92
2025-07-22,ORD001817,CUST04381,P002,Smartphone,Electronics,Ahmedabad,Online,Debit Card,1,28045.21,0.1,28045.21,25240.69,0,3532.01,2025,7,July,Tuesday,28045.21,25240.689
2025-07-22,ORD004556,CUST02627,P006,Desk,Furniture,Chennai,Store,UPI,1,11286.63,0.1,11286.63,10157.97,1,-507.9,2025,7,July,Tuesday,11286.63,10157.966999999999
2025-07-22,ORD015608,CUST00286,P002,Smartphone,Electronics,Hyderabad,Store,UPI,2,27141.75,0.1,54283.5,48855.15,0,10488.69,2025,7,July,Tuesday,54283.5,48855.15
2025-07-22,ORD029724,CUST04741,P014,Keyboard,Electronics,Jaipur,Store,Debit Card,2,2487.81,0.2,4975.62,3980.5,0,1010.12,2025,7,July,Tuesday,4975.62,3980.496
2025-07-22,ORD013734,CUST04922,P019,Vacuum Cleaner,Home,Surat,Online,Net Banking,1,8194.64,0.1,8194.64,7375.18,0,1907.2,2025,7,July,Tuesday,8194.64,7375.1759999999995
2025-07-22,ORD028858,CUST00280,P014,Keyboard,Electronics,Mumbai,Online,Credit Card,1,2733.84,0.1,2733.84,2460.46,0,291.77,2025,7,July,Tuesday,2733.84,2460.456
2025-07-22,ORD032834,CUST03906,P012,Air Fryer,Home,Kolkata,Online,UPI,2,7807.05,0.0,15614.1,15614.1,0,2401.77,2025,7,July,Tuesday,15614.1,15614.1
2025-07-22,ORD012415,CUST01663,P017,Jeans,Fashion,Ahmedabad,Store,UPI,2,2530.3,0.15,5060.6,4301.51,0,366.33,2025,7,July,Tuesday,5060.6,4301.51
2025-07-22,ORD043699,CUST03557,P001,Laptop,Electronics,Surat,Store,UPI,2,61168.63,0.2,122337.26,97869.81,1,-4893.49,2025,7,July,Tuesday,122337.26,97869.808
2025-07-22,ORD046820,CUST03124,P014,Keyboard,Electronics,Bengaluru,Online,Cash,3,2312.14,0.0,6936.42,6936.42,0,2014.81,2025,7,July,Tuesday,6936.42,6936.42
2025-07-22,ORD011139,CUST00286,P009,T-Shirt,Fashion,Chennai,Store,Credit Card,1,1212.49,0.25,1212.49,909.37,0,88.61,2025,7,July,Tuesday,1212.49,909.3675000000001
2025-07-22,ORD041405,CUST00725,P003,Headphones,Electronics,Hyderabad,Store,Credit Card,2,4626.02,0.1,9252.04,8326.84,0,726.41,2025,7,July,Tuesday,9252.04,8326.836000000001
2025-07-22,ORD018408,CUST04615,P019,Vacuum Cleaner,Home,Mumbai,Online,Credit Card,3,8869.31,0.15,26607.93,22616.74,0,5320.02,2025,7,July,Tuesday,26607.93,22616.7405
2025-07-22,ORD001409,CUST01554,P016,Sofa,Furniture,Bengaluru,Online,Credit Card,2,35008.63,0.0,70017.26,70017.26,0,7995.15,2025,7,July,Tuesday,70017.26,70017.26
2025-07-22,ORD028440,CUST00621,P016,Sofa,Furniture,Mumbai,Store,Credit Card,2,32111.8,0.15,64223.6,54590.06,0,14069.67,2025,7,July,Tuesday,64223.6,54590.06
2025-07-22,ORD045262,CUST04319,P020,Microwave,Home,Ahmedabad,Store,Credit Card,1,11055.83,0.0,11055.83,11055.83,0,1155.11,2025,7,July,Tuesday,11055.83,11055.83
2025-07-22,ORD007619,CUST03778,P011,Mixer Grinder,Home,Pune,Online,Net Banking,4,5226.85,0.1,20907.4,18816.66,0,2205.04,2025,7,July,Tuesday,20907.4,18816.660000000003
2025-07-22,ORD003663,CUST00457,P010,Coffee Maker,Home,Chennai,Online,Debit Card,2,6010.44,0.2,12020.88,9616.7,0,1505.29,2025,7,July,Tuesday,12020.88,9616.704
2025-07-22,ORD007771,CUST02371,P011,Mixer Grinder,Home,Kolkata,Online,Credit Card,5,4577.79,0.1,22888.95,20600.06,0,2008.18,2025,7,July,Tuesday,22888.95,20600.055
2025-07-22,ORD011996,CUST00775,P012,Air Fryer,Home,Delhi,Store,Credit Card,2,7469.25,0.2,14938.5,11950.8,0,2335.7,2025,7,July,Tuesday,14938.5,11950.800000000001
2025-07-22,ORD009513,CUST00328,P002,Smartphone,Electronics,Mumbai,Online,UPI,1,25480.48,0.1,25480.48,22932.43,0,4468.56,2025,7,July,Tuesday,25480.48,22932.432
2025-07-22,ORD001732,CUST01029,P020,Microwave,Home,Kolkata,Online,UPI,2,11724.5,0.0,23449.0,23449.0,0,4598.82,2025,7,July,Tuesday,23449.0,23449.0
2025-07-22,ORD007479,CUST02728,P017,Jeans,Fashion,Ahmedabad,Store,Credit Card,1,2996.35,0.1,2996.35,2696.72,1,-134.84,2025,7,July,Tuesday,2996.35,2696.715
2025-07-22,ORD029611,CUST02033,P001,Laptop,Electronics,Pune,Online,UPI,1,64014.17,0.15,64014.17,54412.04,0,13460.25,2025,7,July,Tuesday,64014.17,54412.044499999996
2025-07-22,ORD036734,CUST02629,P010,Coffee Maker,Home,Bengaluru,Online,UPI,1,4963.03,0.2,4963.03,3970.42,0,638.39,2025,7,July,Tuesday,4963.03,3970.424
2025-07-22,ORD047267,CUST04872,P018,Jacket,Fashion,Chennai,Store,UPI,1,5582.04,0.05,5582.04,5302.94,0,703.34,2025,7,July,Tuesday,5582.04,5302.938
2025-07-22,ORD037721,CUST01503,P009,T-Shirt,Fashion,Delhi,Online,Debit Card,2,1213.59,0.0,2427.18,2427.18,0,238.51,2025,7,July,Tuesday,2427.18,2427.18
2025-07-22,ORD012203,CUST00541,P016,Sofa,Furniture,Mumbai,Online,Debit Card,2,38466.42,0.1,76932.84,69239.56,0,16773.41,2025,7,July,Tuesday,76932.84,69239.556
2025-07-22,ORD008856,CUST02346,P018,Jacket,Fashion,Hyderabad,Online,Debit Card,3,5515.93,0.0,16547.79,16547.79,0,4029.53,2025,7,July,Tuesday,16547.79,16547.79
2025-07-22,ORD034149,CUST02904,P019,Vacuum Cleaner,Home,Kolkata,Online,UPI,4,9210.77,0.1,36843.08,33158.77,0,2614.76,2025,7,July,Tuesday,36843.08,33158.772000000004
2025-07-22,ORD021689,CUST00230,P019,Vacuum Cleaner,Home,Hyderabad,Online,Debit Card,1,9883.99,0.1,9883.99,8895.59,0,2185.41,2025,7,July,Tuesday,9883.99,8895.591
2025-07-22,ORD007522,CUST02895,P019,Vacuum Cleaner,Home,Ahmedabad,Online,Net Banking,1,9609.1,0.1,9609.1,8648.19,0,1662.52,2025,7,July,Tuesday,9609.1,8648.19
2025-07-22,ORD019620,CUST04384,P013,Monitor,Electronics,Jaipur,Online,Debit Card,1,18497.81,0.1,18497.81,16648.03,0,1481.53,2025,7,July,Tuesday,18497.81,16648.029000000002
2025-07-22,ORD042771,CUST00401,P009,T-Shirt,Fashion,Hyderabad,Online,Credit Card,1,1140.77,0.1,1140.77,1026.69,0,133.89,2025,7,July,Tuesday,1140.77,1026.693
2025-07-22,ORD044201,CUST01806,P008,Running Shoes,Fashion,Hyderabad,Store,UPI,2,4501.21,0.15,9002.42,7652.06,0,1122.19,2025,7,July,Tuesday,9002.42,7652.057
2025-07-22,ORD007622,CUST01846,P018,Jacket,Fashion,Pune,Online,UPI,3,4777.71,0.0,14333.13,14333.13,0,2375.51,2025,7,July,Tuesday,14333.130000000001,14333.13
2025-07-22,ORD025500,CUST04876,P004,Smartwatch,Electronics,Pune,Online,UPI,5,7550.34,0.05,37751.7,35864.12,0,2915.1,2025,7,July,Tuesday,37751.7,35864.115
2025-07-22,ORD037251,CUST03823,P011,Mixer Grinder,Home,Surat,Online,Credit Card,2,5018.03,0.1,10036.06,9032.45,0,2393.47,2025,7,July,Tuesday,10036.06,9032.454
2025-07-22,ORD035254,CUST00533,P003,Headphones,Electronics,Ahmedabad,Store,UPI,1,4642.98,0.05,4642.98,4410.83,0,351.63,2025,7,July,Tuesday,4642.98,4410.830999999999
2025-07-22,ORD007199,CUST02132,P002,Smartphone,Electronics,Chennai,Online,Credit Card,1,25343.38,0.1,25343.38,22809.04,0,6144.61,2025,7,July,Tuesday,25343.38,22809.042
2025-07-22,ORD024290,CUST02806,P013,Monitor,Electronics,Bengaluru,Store,Cash,2,17812.56,0.2,35625.12,28500.1,0,4197.97,2025,7,July,Tuesday,35625.12,28500.096000000005
2025-07-22,ORD031329,CUST02898,P004,Smartwatch,Electronics,Bengaluru,Store,Cash,4,6314.03,0.2,25256.12,20204.9,0,838.54,2025,7,July,Tuesday,25256.12,20204.896
2025-07-22,ORD025903,CUST03240,P020,Microwave,Home,Chennai,Online,Net Banking,1,11699.16,0.1,11699.16,10529.24,0,1235.56,2025,7,July,Tuesday,11699.16,10529.244
2025-07-22,ORD042187,CUST02534,P016,Sofa,Furniture,Pune,Online,Net Banking,2,37039.05,0.2,74078.1,59262.48,0,12562.34,2025,7,July,Tuesday,74078.1,59262.48000000001
2025-07-22,ORD022773,CUST04478,P012,Air Fryer,Home,Mumbai,Store,Cash,1,7410.34,0.2,7410.34,5928.27,0,649.2,2025,7,July,Tuesday,7410.34,5928.272000000001
2025-07-22,ORD034148,CUST04935,P019,Vacuum Cleaner,Home,Pune,Online,UPI,1,9501.59,0.1,9501.59,8551.43,0,1066.71,2025,7,July,Tuesday,9501.59,8551.431
2025-07-22,ORD018357,CUST01448,P017,Jeans,Fashion,Kolkata,Online,Net Banking,4,2765.14,0.0,11060.56,11060.56,0,2530.33,2025,7,July,Tuesday,11060.56,11060.56
2025-07-23,ORD009824,CUST00668,P013,Monitor,Electronics,Chennai,Online,Net Banking,4,18437.95,0.05,73751.8,70064.21,0,7903.95,2025,7,July,Wednesday,73751.8,70064.21
2025-07-23,ORD033852,CUST04480,P010,Coffee Maker,Home,Surat,Online,UPI,1,5236.39,0.1,5236.39,4712.75,0,1142.98,2025,7,July,Wednesday,5236.39,4712.751
2025-07-23,ORD012166,CUST04326,P004,Smartwatch,Electronics,Mumbai,Online,UPI,1,7255.71,0.15,7255.71,6167.35,0,921.33,2025,7,July,Wednesday,7255.71,6167.3535
2025-07-23,ORD029076,CUST04698,P011,Mixer Grinder,Home,Hyderabad,Online,Net Banking,5,4418.44,0.15,22092.2,18778.37,1,-938.92,2025,7,July,Wednesday,22092.199999999997,18778.37
2025-07-23,ORD002060,CUST00096,P012,Air Fryer,Home,Delhi,Online,Cash,1,7576.74,0.1,7576.74,6819.07,0,1732.49,2025,7,July,Wednesday,7576.74,6819.066
2025-07-23,ORD039960,CUST02709,P018,Jacket,Fashion,Mumbai,Online,UPI,4,4863.13,0.15,19452.52,16534.64,0,4344.71,2025,7,July,Wednesday,19452.52,16534.642
2025-07-23,ORD047034,CUST03079,P020,Microwave,Home,Kolkata,Online,UPI,3,10242.68,0.0,30728.04,30728.04,0,2508.89,2025,7,July,Wednesday,30728.04,30728.04
2025-07-23,ORD015966,CUST04308,P019,Vacuum Cleaner,Home,Jaipur,Store,Cash,2,8808.38,0.0,17616.76,17616.76,0,5083.72,2025,7,July,Wednesday,17616.76,17616.76
2025-07-23,ORD045881,CUST03793,P015,Dining Table,Furniture,Chennai,Online,Credit Card,4,20544.63,0.1,82178.52,73960.67,1,-3698.03,2025,7,July,Wednesday,82178.52,73960.668
2025-07-23,ORD012905,CUST03745,P001,Laptop,Electronics,Mumbai,Online,Credit Card,1,63077.74,0.1,63077.74,56769.97,0,5623.09,2025,7,July,Wednesday,63077.74,56769.966
2025-07-23,ORD010073,CUST03289,P010,Coffee Maker,Home,Mumbai,Online,UPI,2,5688.54,0.05,11377.08,10808.23,0,1100.44,2025,7,July,Wednesday,11377.08,10808.225999999999
2025-07-23,ORD049183,CUST02586,P009,T-Shirt,Fashion,Hyderabad,Online,UPI,1,1112.62,0.15,1112.62,945.73,0,63.18,2025,7,July,Wednesday,1112.62,945.7269999999999
2025-07-23,ORD040642,CUST02086,P015,Dining Table,Furniture,Jaipur,Online,Credit Card,1,20807.53,0.25,20807.53,15605.65,0,2030.87,2025,7,July,Wednesday,20807.53,15605.6475
2025-07-23,ORD007697,CUST03890,P008,Running Shoes,Fashion,Bengaluru,Store,UPI,4,3941.32,0.1,15765.28,14188.75,0,2994.4,2025,7,July,Wednesday,15765.28,14188.752
2025-07-23,ORD022250,CUST00771,P004,Smartwatch,Electronics,Chennai,Online,Debit Card,1,7523.31,0.15,7523.31,6394.81,0,1127.6,2025,7,July,Wednesday,7523.31,6394.8135
2025-07-23,ORD029218,CUST01831,P003,Headphones,Electronics,Ahmedabad,Store,Net Banking,3,4133.59,0.0,12400.77,12400.77,0,2893.86,2025,7,July,Wednesday,12400.77,12400.77
2025-07-23,ORD040023,CUST00697,P009,T-Shirt,Fashion,Mumbai,Store,Debit Card,1,1088.82,0.1,1088.82,979.94,0,232.46,2025,7,July,Wednesday,1088.82,979.938
2025-07-23,ORD049700,CUST00888,P017,Jeans,Fashion,Ahmedabad,Store,UPI,1,2747.15,0.1,2747.15,2472.44,0,172.78,2025,7,July,Wednesday,2747.15,2472.435
2025-07-23,ORD008367,CUST04864,P008,Running Shoes,Fashion,Pune,Online,Credit Card,2,4590.5,0.1,9181.0,8262.9,0,1285.92,2025,7,July,Wednesday,9181.0,8262.9
2025-07-23,ORD035624,CUST02216,P017,Jeans,Fashion,Hyderabad,Online,UPI,1,3033.32,0.05,3033.32,2881.65,0,238.07,2025,7,July,Wednesday,3033.32,2881.654
2025-07-23,ORD003159,CUST01546,P019,Vacuum Cleaner,Home,Pune,Store,Credit Card,1,8739.99,0.05,8739.99,8302.99,0,2383.79,2025,7,July,Wednesday,8739.99,8302.9905
2025-07-23,ORD032073,CUST02977,P001,Laptop,Electronics,Kolkata,Online,UPI,2,64996.81,0.25,129993.62,97495.22,0,5373.46,2025,7,July,Wednesday,129993.62,97495.215
2025-07-23,ORD014946,CUST02543,P006,Desk,Furniture,Hyderabad,Store,Credit Card,1,12804.13,0.05,12804.13,12163.92,0,3451.31,2025,7,July,Wednesday,12804.13,12163.923499999999
2025-07-23,ORD039626,CUST03708,P011,Mixer Grinder,Home,Jaipur,Store,Net Banking,3,4990.07,0.0,14970.21,14970.21,1,-748.51,2025,7,July,Wednesday,14970.21,14970.21
2025-07-23,ORD010876,CUST02179,P018,Jacket,Fashion,Kolkata,Online,UPI,1,4784.12,0.1,4784.12,4305.71,0,1198.18,2025,7,July,Wednesday,4784.12,4305.708
2025-07-23,ORD033907,CUST03234,P017,Jeans,Fashion,Hyderabad,Online,UPI,2,2656.63,0.2,5313.26,4250.61,0,486.92,2025,7,July,Wednesday,5313.26,4250.608
2025-07-23,ORD003354,CUST01676,P008,Running Shoes,Fashion,Delhi,Store,UPI,5,3884.43,0.1,19422.15,17479.93,0,3116.5,2025,7,July,Wednesday,19422.149999999998,17479.935
2025-07-23,ORD007763,CUST00773,P003,Headphones,Electronics,Chennai,Online,Credit Card,1,4381.89,0.0,4381.89,4381.89,0,835.65,2025,7,July,Wednesday,4381.89,4381.89
2025-07-23,ORD032227,CUST03418,P011,Mixer Grinder,Home,Mumbai,Store,Credit Card,1,4431.81,0.2,4431.81,3545.45,0,761.01,2025,7,July,Wednesday,4431.81,3545.4480000000003
2025-07-23,ORD004099,CUST03621,P014,Keyboard,Electronics,Surat,Store,Cash,3,2476.83,0.05,7430.49,7058.97,1,-352.95,2025,7,July,Wednesday,7430.49,7058.965499999999
2025-07-23,ORD034157,CUST01746,P012,Air Fryer,Home,Mumbai,Online,UPI,2,7107.71,0.05,14215.42,13504.65,0,1385.55,2025,7,July,Wednesday,14215.42,13504.649
2025-07-23,ORD031704,CUST00290,P012,Air Fryer,Home,Bengaluru,Online,Credit Card,1,6851.02,0.15,6851.02,5823.37,0,961.48,2025,7,July,Wednesday,6851.02,5823.367
2025-07-23,ORD046137,CUST00153,P001,Laptop,Electronics,Pune,Store,Credit Card,1,71385.91,0.15,71385.91,60678.02,0,10191.96,2025,7,July,Wednesday,71385.91,60678.0235
2025-07-23,ORD039598,CUST02473,P017,Jeans,Fashion,Jaipur,Store,UPI,2,2791.89,0.05,5583.78,5304.59,0,653.02,2025,7,July,Wednesday,5583.78,5304.590999999999
2025-07-23,ORD036071,CUST03535,P008,Running Shoes,Fashion,Ahmedabad,Online,Credit Card,1,3822.44,0.15,3822.44,3249.07,0,789.03,2025,7,July,Wednesday,3822.44,3249.074
2025-07-23,ORD022701,CUST04696,P009,T-Shirt,Fashion,Chennai,Store,Debit Card,1,1296.66,0.15,1296.66,1102.16,1,-55.11,2025,7,July,Wednesday,1296.66,1102.161
2025-07-23,ORD024378,CUST04067,P015,Dining Table,Furniture,Bengaluru,Online,Credit Card,1,22765.27,0.15,22765.27,19350.48,0,2966.31,2025,7,July,Wednesday,22765.27,19350.4795
2025-07-23,ORD041678,CUST04489,P011,Mixer Grinder,Home,Hyderabad,Online,UPI,1,4795.97,0.15,4795.97,4076.57,0,699.25,2025,7,July,Wednesday,4795.97,4076.5745
2025-07-23,ORD002435,CUST01319,P008,Running Shoes,Fashion,Surat,Online,UPI,1,4487.64,0.0,4487.64,4487.64,0,824.24,2025,7,July,Wednesday,4487.64,4487.64
2025-07-23,ORD002972,CUST01264,P006,Desk,Furniture,Kolkata,Online,UPI,1,11539.23,0.2,11539.23,9231.38,0,922.91,2025,7,July,Wednesday,11539.23,9231.384
2025-07-23,ORD004475,CUST00029,P002,Smartphone,Electronics,Mumbai,Online,Net Banking,1,26617.53,0.1,26617.53,23955.78,0,4328.25,2025,7,July,Wednesday,26617.53,23955.777
2025-07-23,ORD009582,CUST01670,P018,Jacket,Fashion,Hyderabad,Online,UPI,1,5073.05,0.2,5073.05,4058.44,0,481.3,2025,7,July,Wednesday,5073.05,4058.4400000000005
2025-07-23,ORD038966,CUST01355,P017,Jeans,Fashion,Hyderabad,Online,Credit Card,1,2572.82,0.1,2572.82,2315.54,0,265.13,2025,7,July,Wednesday,2572.82,2315.538
2025-07-23,ORD010617,CUST01327,P017,Jeans,Fashion,Mumbai,Store,Cash,1,2646.93,0.25,2646.93,1985.2,0,200.53,2025,7,July,Wednesday,2646.93,1985.1974999999998
2025-07-23,ORD022096,CUST03901,P010,Coffee Maker,Home,Pune,Online,Credit Card,1,5636.62,0.05,5636.62,5354.79,0,741.85,2025,7,July,Wednesday,5636.62,5354.789
2025-07-23,ORD005499,CUST04532,P020,Microwave,Home,Kolkata,Online,Credit Card,4,10140.35,0.0,40561.4,40561.4,0,5167.86,2025,7,July,Wednesday,40561.4,40561.4
2025-07-23,ORD012693,CUST03857,P010,Coffee Maker,Home,Delhi,Online,Credit Card,1,5813.23,0.1,5813.23,5231.91,0,1033.9,2025,7,July,Wednesday,5813.23,5231.907
2025-07-23,ORD017370,CUST01457,P004,Smartwatch,Electronics,Chennai,Store,Credit Card,2,6946.59,0.0,13893.18,13893.18,0,4034.73,2025,7,July,Wednesday,13893.18,13893.18
2025-07-23,ORD031412,CUST01871,P014,Keyboard,Electronics,Pune,Online,UPI,2,2593.19,0.05,5186.38,4927.06,0,1343.25,2025,7,July,Wednesday,5186.38,4927.061
2025-07-23,ORD041793,CUST02421,P015,Dining Table,Furniture,Mumbai,Online,Cash,1,20874.59,0.05,20874.59,19830.86,0,5174.82,2025,7,July,Wednesday,20874.59,19830.8605
2025-07-23,ORD033749,CUST00886,P012,Air Fryer,Home,Kolkata,Online,Credit Card,1,6709.93,0.05,6709.93,6374.43,0,1459.69,2025,7,July,Wednesday,6709.93,6374.4335
2025-07-23,ORD009573,CUST00689,P003,Headphones,Electronics,Pune,Online,UPI,1,4806.57,0.0,4806.57,4806.57,0,427.3,2025,7,July,Wednesday,4806.57,4806.57
2025-07-23,ORD036983,CUST01010,P019,Vacuum Cleaner,Home,Pune,Online,Credit Card,2,9649.56,0.1,19299.12,17369.21,1,-868.46,2025,7,July,Wednesday,19299.12,17369.208
2025-07-23,ORD030686,CUST03480,P016,Sofa,Furniture,Delhi,Online,UPI,5,34250.53,0.05,171252.65,162690.02,0,18788.02,2025,7,July,Wednesday,171252.65,162690.0175
2025-07-23,ORD012803,CUST00386,P011,Mixer Grinder,Home,Kolkata,Store,Cash,2,5243.94,0.1,10487.88,9439.09,0,1966.77,2025,7,July,Wednesday,10487.88,9439.091999999999
2025-07-23,ORD048330,CUST02472,P012,Air Fryer,Home,Pune,Store,Credit Card,1,7559.32,0.1,7559.32,6803.39,0,1518.98,2025,7,July,Wednesday,7559.32,6803.388
2025-07-23,ORD035185,CUST02851,P016,Sofa,Furniture,Chennai,Store,Credit Card,1,36337.85,0.0,36337.85,36337.85,0,4915.71,2025,7,July,Wednesday,36337.85,36337.85
2025-07-23,ORD019382,CUST01215,P001,Laptop,Electronics,Hyderabad,Store,UPI,1,64506.53,0.0,64506.53,64506.53,0,12024.77,2025,7,July,Wednesday,64506.53,64506.53
2025-07-23,ORD029379,CUST00841,P018,Jacket,Fashion,Chennai,Online,Credit Card,3,5501.11,0.0,16503.33,16503.33,0,1834.87,2025,7,July,Wednesday,16503.329999999998,16503.33
2025-07-23,ORD021458,CUST02076,P006,Desk,Furniture,Ahmedabad,Online,UPI,1,11339.03,0.1,11339.03,10205.13,0,1436.06,2025,7,July,Wednesday,11339.03,10205.127
2025-07-23,ORD014514,CUST00404,P002,Smartphone,Electronics,Bengaluru,Online,UPI,1,27924.13,0.1,27924.13,25131.72,1,-1256.59,2025,7,July,Wednesday,27924.13,25131.717
2025-07-23,ORD049075,CUST01340,P004,Smartwatch,Electronics,Jaipur,Online,Credit Card,1,7053.63,0.05,7053.63,6700.95,0,1891.39,2025,7,July,Wednesday,7053.63,6700.9484999999995
2025-07-23,ORD035568,CUST02402,P015,Dining Table,Furniture,Ahmedabad,Store,UPI,5,21542.23,0.0,107711.15,107711.15,0,14793.01,2025,7,July,Wednesday,107711.15,107711.15
2025-07-23,ORD047751,CUST04614,P016,Sofa,Furniture,Ahmedabad,Store,Debit Card,1,32570.95,0.1,32570.95,29313.86,0,5962.09,2025,7,July,Wednesday,32570.95,29313.855
2025-07-23,ORD016329,CUST02421,P019,Vacuum Cleaner,Home,Hyderabad,Online,Cash,2,9574.33,0.1,19148.66,17233.79,0,1800.67,2025,7,July,Wednesday,19148.66,17233.794
2025-07-23,ORD024655,CUST03197,P019,Vacuum Cleaner,Home,Hyderabad,Store,Net Banking,1,9730.16,0.15,9730.16,8270.64,0,1795.75,2025,7,July,Wednesday,9730.16,8270.636
2025-07-23,ORD012529,CUST02561,P008,Running Shoes,Fashion,Jaipur,Store,Debit Card,3,4098.89,0.0,12296.67,12296.67,0,2301.68,2025,7,July,Wednesday,12296.670000000002,12296.67
2025-07-23,ORD018413,CUST01581,P018,Jacket,Fashion,Chennai,Online,UPI,2,5102.1,0.05,10204.2,9693.99,0,1877.35,2025,7,July,Wednesday,10204.2,9693.99
2025-07-23,ORD035842,CUST03013,P009,T-Shirt,Fashion,Bengaluru,Online,Net Banking,2,1264.57,0.25,2529.14,1896.86,0,300.29,2025,7,July,Wednesday,2529.14,1896.855
2025-07-23,ORD006758,CUST03348,P016,Sofa,Furniture,Bengaluru,Store,Net Banking,1,32493.55,0.1,32493.55,29244.2,0,2053.27,2025,7,July,Wednesday,32493.55,29244.195
2025-07-23,ORD036394,CUST00461,P009,T-Shirt,Fashion,Ahmedabad,Online,Credit Card,2,1291.53,0.05,2583.06,2453.91,0,474.57,2025,7,July,Wednesday,2583.06,2453.9069999999997
2025-07-24,ORD019953,CUST02249,P018,Jacket,Fashion,Bengaluru,Online,Net Banking,3,5254.85,0.05,15764.55,14976.32,0,1395.99,2025,7,July,Thursday,15764.550000000001,14976.322499999998
2025-07-24,ORD048989,CUST04524,P013,Monitor,Electronics,Jaipur,Online,UPI,2,19386.06,0.0,38772.12,38772.12,0,8069.58,2025,7,July,Thursday,38772.12,38772.12
2025-07-24,ORD039802,CUST03364,P013,Monitor,Electronics,Surat,Store,Credit Card,5,18973.17,0.0,94865.85,94865.85,0,14512.07,2025,7,July,Thursday,94865.84999999999,94865.85
2025-07-24,ORD025617,CUST01660,P016,Sofa,Furniture,Ahmedabad,Store,UPI,1,35995.09,0.0,35995.09,35995.09,0,9062.23,2025,7,July,Thursday,35995.09,35995.09
2025-07-24,ORD017223,CUST02030,P020,Microwave,Home,Chennai,Store,UPI,1,11437.29,0.05,11437.29,10865.43,0,1672.91,2025,7,July,Thursday,11437.29,10865.425500000001
2025-07-24,ORD000876,CUST00715,P018,Jacket,Fashion,Surat,Store,UPI,4,5378.37,0.0,21513.48,21513.48,0,6097.42,2025,7,July,Thursday,21513.48,21513.48
2025-07-24,ORD013313,CUST02618,P020,Microwave,Home,Hyderabad,Online,Net Banking,3,11848.08,0.15,35544.24,30212.6,0,4951.58,2025,7,July,Thursday,35544.24,30212.603999999996
2025-07-24,ORD047633,CUST03352,P011,Mixer Grinder,Home,Kolkata,Store,Credit Card,2,4577.24,0.15,9154.48,7781.31,0,975.67,2025,7,July,Thursday,9154.48,7781.307999999999
2025-07-24,ORD039666,CUST01117,P014,Keyboard,Electronics,Chennai,Online,Credit Card,5,2576.13,0.1,12880.65,11592.58,0,1502.76,2025,7,July,Thursday,12880.650000000001,11592.585
2025-07-24,ORD025702,CUST01860,P008,Running Shoes,Fashion,Hyderabad,Store,UPI,1,3984.89,0.2,3984.89,3187.91,0,409.64,2025,7,July,Thursday,3984.89,3187.9120000000003
2025-07-24,ORD026475,CUST04495,P017,Jeans,Fashion,Chennai,Online,Debit Card,1,2611.34,0.05,2611.34,2480.77,0,240.04,2025,7,July,Thursday,2611.34,2480.773
2025-07-24,ORD045912,CUST02519,P003,Headphones,Electronics,Kolkata,Online,Debit Card,1,4299.06,0.05,4299.06,4084.11,0,713.25,2025,7,July,Thursday,4299.06,4084.107
2025-07-24,ORD005901,CUST01049,P002,Smartphone,Electronics,Surat,Store,UPI,1,29140.29,0.0,29140.29,29140.29,0,5125.14,2025,7,July,Thursday,29140.29,29140.29
2025-07-24,ORD036635,CUST01778,P009,T-Shirt,Fashion,Surat,Online,UPI,1,1137.04,0.0,1137.04,1137.04,0,107.92,2025,7,July,Thursday,1137.04,1137.04
2025-07-24,ORD037581,CUST03054,P001,Laptop,Electronics,Delhi,Store,Cash,1,64717.06,0.1,64717.06,58245.35,0,15783.97,2025,7,July,Thursday,64717.06,58245.354
2025-07-24,ORD001616,CUST02744,P011,Mixer Grinder,Home,Surat,Store,Credit Card,1,5230.98,0.1,5230.98,4707.88,0,903.78,2025,7,July,Thursday,5230.98,4707.882
2025-07-24,ORD022700,CUST02991,P013,Monitor,Electronics,Hyderabad,Store,Credit Card,1,19420.64,0.05,19420.64,18449.61,0,4817.2,2025,7,July,Thursday,19420.64,18449.608
2025-07-24,ORD002849,CUST01469,P007,Backpack,Accessories,Bengaluru,Online,Credit Card,1,2066.67,0.2,2066.67,1653.34,0,338.72,2025,7,July,Thursday,2066.67,1653.3360000000002
2025-07-24,ORD035019,CUST01678,P018,Jacket,Fashion,Surat,Online,UPI,1,4916.01,0.05,4916.01,4670.21,0,812.54,2025,7,July,Thursday,4916.01,4670.2095
2025-07-24,ORD000229,CUST00183,P011,Mixer Grinder,Home,Jaipur,Online,Credit Card,1,5104.01,0.05,5104.01,4848.81,0,1212.23,2025,7,July,Thursday,5104.01,4848.8095
2025-07-24,ORD008488,CUST03094,P020,Microwave,Home,Pune,Store,Net Banking,2,10090.37,0.2,20180.74,16144.59,0,4040.14,2025,7,July,Thursday,20180.74,16144.592000000002
2025-07-24,ORD003443,CUST02163,P015,Dining Table,Furniture,Pune,Store,Net Banking,1,23647.71,0.05,23647.71,22465.32,0,1579.6,2025,7,July,Thursday,23647.71,22465.3245
2025-07-24,ORD018080,CUST02447,P002,Smartphone,Electronics,Ahmedabad,Online,UPI,3,26280.14,0.0,78840.42,78840.42,0,23519.62,2025,7,July,Thursday,78840.42,78840.42
2025-07-24,ORD040465,CUST01374,P009,T-Shirt,Fashion,Mumbai,Online,Debit Card,3,1143.19,0.05,3429.57,3258.09,1,-162.9,2025,7,July,Thursday,3429.57,3258.0915
2025-07-24,ORD045949,CUST03942,P020,Microwave,Home,Bengaluru,Store,UPI,2,11373.3,0.15,22746.6,19334.61,0,4425.34,2025,7,July,Thursday,22746.6,19334.609999999997
2025-07-24,ORD046512,CUST03590,P005,Office Chair,Furniture,Ahmedabad,Store,UPI,2,9638.48,0.05,19276.96,18313.11,0,3116.33,2025,7,July,Thursday,19276.96,18313.111999999997
2025-07-24,ORD035895,CUST02896,P012,Air Fryer,Home,Pune,Store,Cash,1,6694.34,0.1,6694.34,6024.91,0,1368.7,2025,7,July,Thursday,6694.34,6024.906
2025-07-24,ORD044344,CUST00645,P011,Mixer Grinder,Home,Bengaluru,Online,Credit Card,1,4871.74,0.0,4871.74,4871.74,0,1458.68,2025,7,July,Thursday,4871.74,4871.74
2025-07-24,ORD040333,CUST04977,P003,Headphones,Electronics,Surat,Online,Credit Card,1,4305.21,0.1,4305.21,3874.69,0,1046.07,2025,7,July,Thursday,4305.21,3874.6890000000003
2025-07-24,ORD029615,CUST00488,P015,Dining Table,Furniture,Hyderabad,Online,Debit Card,1,20141.37,0.05,20141.37,19134.3,0,3944.54,2025,7,July,Thursday,20141.37,19134.301499999998
2025-07-24,ORD024376,CUST02926,P014,Keyboard,Electronics,Pune,Online,Credit Card,1,2300.14,0.05,2300.14,2185.13,0,215.5,2025,7,July,Thursday,2300.14,2185.133
2025-07-24,ORD002484,CUST03656,P005,Office Chair,Furniture,Mumbai,Online,Debit Card,1,9320.89,0.0,9320.89,9320.89,0,2555.43,2025,7,July,Thursday,9320.89,9320.89
2025-07-24,ORD044174,CUST02420,P016,Sofa,Furniture,Mumbai,Store,UPI,2,31682.74,0.05,63365.48,60197.21,0,6024.29,2025,7,July,Thursday,63365.48,60197.206
2025-07-24,ORD022069,CUST01258,P002,Smartphone,Electronics,Jaipur,Online,Debit Card,3,25662.78,0.05,76988.34,73138.92,0,7776.95,2025,7,July,Thursday,76988.34,73138.923
2025-07-24,ORD029820,CUST04640,P010,Coffee Maker,Home,Ahmedabad,Online,Credit Card,2,5966.3,0.0,11932.6,11932.6,0,3255.92,2025,7,July,Thursday,11932.6,11932.6
2025-07-24,ORD002386,CUST01553,P016,Sofa,Furniture,Pune,Store,Credit Card,1,34621.14,0.1,34621.14,31159.03,0,4459.42,2025,7,July,Thursday,34621.14,31159.026
2025-07-24,ORD002834,CUST04762,P013,Monitor,Electronics,Bengaluru,Store,UPI,1,16238.19,0.05,16238.19,15426.28,0,2896.68,2025,7,July,Thursday,16238.19,15426.280499999999
2025-07-24,ORD037095,CUST00934,P010,Coffee Maker,Home,Pune,Store,Debit Card,1,5198.85,0.15,5198.85,4419.02,0,1050.24,2025,7,July,Thursday,5198.85,4419.0225
2025-07-24,ORD017145,CUST02256,P006,Desk,Furniture,Ahmedabad,Online,Credit Card,2,11196.65,0.15,22393.3,19034.3,0,1018.37,2025,7,July,Thursday,22393.3,19034.305
2025-07-24,ORD035036,CUST01344,P009,T-Shirt,Fashion,Mumbai,Store,Debit Card,1,1314.34,0.15,1314.34,1117.19,0,279.8,2025,7,July,Thursday,1314.34,1117.1889999999999
2025-07-24,ORD037139,CUST03110,P011,Mixer Grinder,Home,Chennai,Online,Credit Card,1,4967.73,0.1,4967.73,4470.96,0,584.7,2025,7,July,Thursday,4967.73,4470.956999999999
2025-07-24,ORD029829,CUST01986,P018,Jacket,Fashion,Ahmedabad,Online,Credit Card,2,5629.31,0.15,11258.62,9569.83,1,-478.49,2025,7,July,Thursday,11258.62,9569.827000000001
2025-07-24,ORD043674,CUST00352,P011,Mixer Grinder,Home,Kolkata,Online,Debit Card,1,4476.37,0.05,4476.37,4252.55,0,993.83,2025,7,July,Thursday,4476.37,4252.5515
2025-07-24,ORD002629,CUST03232,P015,Dining Table,Furniture,Chennai,Online,Credit Card,1,23875.97,0.0,23875.97,23875.97,0,2839.68,2025,7,July,Thursday,23875.97,23875.97
2025-07-24,ORD027880,CUST04685,P006,Desk,Furniture,Delhi,Online,Credit Card,2,12666.74,0.15,25333.48,21533.46,0,2390.13,2025,7,July,Thursday,25333.48,21533.458
2025-07-24,ORD042075,CUST03018,P006,Desk,Furniture,Surat,Online,UPI,1,10869.62,0.05,10869.62,10326.14,0,2518.38,2025,7,July,Thursday,10869.62,10326.139000000001
2025-07-24,ORD017947,CUST04193,P017,Jeans,Fashion,Pune,Online,Credit Card,2,2945.15,0.1,5890.3,5301.27,0,1349.78,2025,7,July,Thursday,5890.3,5301.27
2025-07-24,ORD026097,CUST01828,P002,Smartphone,Electronics,Hyderabad,Online,Debit Card,4,30243.76,0.15,120975.04,102828.78,0,27515.89,2025,7,July,Thursday,120975.04,102828.78399999999
2025-07-24,ORD004861,CUST03080,P016,Sofa,Furniture,Ahmedabad,Online,Credit Card,1,31589.7,0.0,31589.7,31589.7,0,4888.44,2025,7,July,Thursday,31589.7,31589.7
2025-07-24,ORD045567,CUST03729,P005,Office Chair,Furniture,Jaipur,Online,UPI,4,9876.38,0.1,39505.52,35554.97,0,3485.9,2025,7,July,Thursday,39505.52,35554.968
2025-07-24,ORD021190,CUST04735,P009,T-Shirt,Fashion,Pune,Online,Credit Card,2,1229.47,0.05,2458.94,2335.99,0,251.85,2025,7,July,Thursday,2458.94,2335.993
2025-07-24,ORD005780,CUST00246,P007,Backpack,Accessories,Delhi,Online,Net Banking,1,2023.35,0.05,2023.35,1922.18,0,466.85,2025,7,July,Thursday,2023.35,1922.1825
2025-07-24,ORD027367,CUST01147,P020,Microwave,Home,Pune,Store,Debit Card,3,10475.5,0.1,31426.5,28283.85,0,6474.1,2025,7,July,Thursday,31426.5,28283.850000000002
2025-07-24,ORD020245,CUST00758,P002,Smartphone,Electronics,Ahmedabad,Store,Debit Card,5,30114.72,0.0,150573.6,150573.6,0,36322.04,2025,7,July,Thursday,150573.6,150573.6
2025-07-24,ORD031358,CUST03194,P014,Keyboard,Electronics,Bengaluru,Online,UPI,1,2701.03,0.0,2701.03,2701.03,0,764.99,2025,7,July,Thursday,2701.03,2701.03
2025-07-24,ORD038510,CUST03173,P014,Keyboard,Electronics,Surat,Online,UPI,1,2567.12,0.05,2567.12,2438.76,0,592.93,2025,7,July,Thursday,2567.12,2438.7639999999997
2025-07-24,ORD036778,CUST00881,P006,Desk,Furniture,Hyderabad,Online,Credit Card,1,11341.54,0.0,11341.54,11341.54,0,2226.06,2025,7,July,Thursday,11341.54,11341.54
2025-07-24,ORD042404,CUST03452,P014,Keyboard,Electronics,Ahmedabad,Store,Credit Card,3,2537.43,0.0,7612.29,7612.29,0,890.7,2025,7,July,Thursday,7612.289999999999,7612.29
2025-07-24,ORD045502,CUST02487,P018,Jacket,Fashion,Jaipur,Online,UPI,3,4773.97,0.05,14321.91,13605.81,0,3638.68,2025,7,July,Thursday,14321.91,13605.814499999999
2025-07-24,ORD018306,CUST01219,P013,Monitor,Electronics,Hyderabad,Store,UPI,1,16885.91,0.1,16885.91,15197.32,0,1607.56,2025,7,July,Thursday,16885.91,15197.319
2025-07-24,ORD002978,CUST00238,P015,Dining Table,Furniture,Kolkata,Store,Credit Card,3,23376.78,0.1,70130.34,63117.31,0,13756.65,2025,7,July,Thursday,70130.34,63117.306
2025-07-24,ORD010597,CUST01535,P018,Jacket,Fashion,Chennai,Online,Debit Card,5,5082.38,0.1,25411.9,22870.71,0,4108.21,2025,7,July,Thursday,25411.9,22870.710000000003
2025-07-24,ORD012657,CUST01263,P020,Microwave,Home,Kolkata,Store,UPI,1,10955.88,0.1,10955.88,9860.29,0,2657.23,2025,7,July,Thursday,10955.88,9860.292
2025-07-24,ORD002372,CUST01569,P006,Desk,Furniture,Jaipur,Online,Credit Card,4,11655.55,0.1,46622.2,41959.98,1,-2098.0,2025,7,July,Thursday,46622.2,41959.979999999996
2025-07-24,ORD007805,CUST01516,P019,Vacuum Cleaner,Home,Pune,Store,UPI,2,9756.96,0.25,19513.92,14635.44,0,2065.15,2025,7,July,Thursday,19513.92,14635.439999999999
2025-07-24,ORD007032,CUST03179,P007,Backpack,Accessories,Hyderabad,Online,Debit Card,3,2365.94,0.1,7097.82,6388.04,0,1758.16,2025,7,July,Thursday,7097.82,6388.038
2025-07-24,ORD035148,CUST01319,P016,Sofa,Furniture,Hyderabad,Store,UPI,2,36977.56,0.1,73955.12,66559.61,0,7890.44,2025,7,July,Thursday,73955.12,66559.608
2025-07-24,ORD024582,CUST04289,P016,Sofa,Furniture,Pune,Online,Debit Card,1,31996.53,0.0,31996.53,31996.53,0,9310.23,2025,7,July,Thursday,31996.53,31996.53
2025-07-24,ORD014138,CUST03054,P011,Mixer Grinder,Home,Delhi,Store,UPI,1,4497.86,0.05,4497.86,4272.97,0,334.85,2025,7,July,Thursday,4497.86,4272.967
2025-07-25,ORD030735,CUST04460,P012,Air Fryer,Home,Surat,Online,Net Banking,2,6538.23,0.15,13076.46,11114.99,0,2161.61,2025,7,July,Friday,13076.46,11114.990999999998
2025-07-25,ORD017844,CUST01178,P007,Backpack,Accessories,Kolkata,Store,UPI,2,2224.81,0.05,4449.62,4227.14,0,552.21,2025,7,July,Friday,4449.62,4227.139
2025-07-25,ORD006551,CUST03179,P002,Smartphone,Electronics,Jaipur,Online,UPI,3,25816.45,0.05,77449.35,73576.88,0,14396.2,2025,7,July,Friday,77449.35,73576.8825
2025-07-25,ORD016118,CUST01009,P001,Laptop,Electronics,Pune,Online,Net Banking,5,62790.13,0.0,313950.65,313950.65,0,86130.44,2025,7,July,Friday,313950.64999999997,313950.65
2025-07-25,ORD013813,CUST01332,P005,Office Chair,Furniture,Pune,Online,UPI,1,8940.36,0.05,8940.36,8493.34,0,1964.92,2025,7,July,Friday,8940.36,8493.342
2025-07-25,ORD016243,CUST04825,P004,Smartwatch,Electronics,Hyderabad,Store,UPI,1,6891.67,0.05,6891.67,6547.09,0,1015.21,2025,7,July,Friday,6891.67,6547.086499999999
2025-07-25,ORD017306,CUST04079,P007,Backpack,Accessories,Chennai,Online,Credit Card,2,2265.86,0.0,4531.72,4531.72,0,575.59,2025,7,July,Friday,4531.72,4531.72
2025-07-25,ORD040571,CUST00182,P002,Smartphone,Electronics,Surat,Store,Net Banking,2,28456.65,0.05,56913.3,54067.64,1,-2703.38,2025,7,July,Friday,56913.3,54067.635
2025-07-25,ORD032686,CUST04660,P003,Headphones,Electronics,Kolkata,Store,Credit Card,1,4154.59,0.1,4154.59,3739.13,0,577.05,2025,7,July,Friday,4154.59,3739.1310000000003
2025-07-25,ORD048056,CUST02921,P002,Smartphone,Electronics,Jaipur,Online,UPI,4,25605.57,0.05,102422.28,97301.17,0,20275.04,2025,7,July,Friday,102422.28,97301.166
2025-07-25,ORD038160,CUST01876,P012,Air Fryer,Home,Bengaluru,Store,Net Banking,1,7877.22,0.05,7877.22,7483.36,0,535.31,2025,7,July,Friday,7877.22,7483.3589999999995
2025-07-25,ORD011183,CUST03717,P012,Air Fryer,Home,Mumbai,Online,UPI,1,7422.81,0.1,7422.81,6680.53,0,673.69,2025,7,July,Friday,7422.81,6680.529
2025-07-25,ORD015495,CUST02680,P013,Monitor,Electronics,Bengaluru,Online,Credit Card,2,16592.31,0.1,33184.62,29866.16,0,2555.66,2025,7,July,Friday,33184.62,29866.158000000003
2025-07-25,ORD007000,CUST03681,P012,Air Fryer,Home,Delhi,Online,UPI,1,6725.56,0.1,6725.56,6053.0,0,894.29,2025,7,July,Friday,6725.56,6053.004000000001
2025-07-25,ORD000452,CUST00791,P012,Air Fryer,Home,Chennai,Store,Credit Card,1,6538.02,0.2,6538.02,5230.42,0,992.24,2025,7,July,Friday,6538.02,5230.416000000001
2025-07-25,ORD037314,CUST04557,P012,Air Fryer,Home,Surat,Online,Credit Card,1,7015.64,0.05,7015.64,6664.86,0,589.33,2025,7,July,Friday,7015.64,6664.858
2025-07-25,ORD018130,CUST02692,P019,Vacuum Cleaner,Home,Surat,Store,Debit Card,1,8467.82,0.0,8467.82,8467.82,0,1690.49,2025,7,July,Friday,8467.82,8467.82
2025-07-25,ORD046474,CUST03669,P003,Headphones,Electronics,Kolkata,Online,UPI,3,4594.98,0.15,13784.94,11717.2,0,1760.78,2025,7,July,Friday,13784.939999999999,11717.199
2025-07-25,ORD024852,CUST02718,P005,Office Chair,Furniture,Mumbai,Online,Cash,4,10228.5,0.15,40914.0,34776.9,0,4828.32,2025,7,July,Friday,40914.0,34776.9
2025-07-25,ORD000019,CUST04977,P018,Jacket,Fashion,Bengaluru,Store,Net Banking,4,4948.26,0.2,19793.04,15834.43,0,3480.23,2025,7,July,Friday,19793.04,15834.432
2025-07-25,ORD008617,CUST00354,P005,Office Chair,Furniture,Jaipur,Store,UPI,1,8969.25,0.05,8969.25,8520.79,0,2305.62,2025,7,July,Friday,8969.25,8520.7875
2025-07-25,ORD030448,CUST01860,P006,Desk,Furniture,Delhi,Store,UPI,1,12513.15,0.0,12513.15,12513.15,0,2087.64,2025,7,July,Friday,12513.15,12513.15
2025-07-25,ORD026868,CUST01413,P006,Desk,Furniture,Hyderabad,Online,UPI,1,10923.03,0.15,10923.03,9284.58,0,1935.57,2025,7,July,Friday,10923.03,9284.5755
2025-07-25,ORD009724,CUST01707,P003,Headphones,Electronics,Jaipur,Store,Cash,1,4494.03,0.2,4494.03,3595.22,1,-179.76,2025,7,July,Friday,4494.03,3595.224
2025-07-25,ORD042605,CUST01626,P004,Smartwatch,Electronics,Mumbai,Online,Credit Card,2,7017.97,0.2,14035.94,11228.75,0,1123.21,2025,7,July,Friday,14035.94,11228.752
2025-07-25,ORD031919,CUST04016,P004,Smartwatch,Electronics,Ahmedabad,Store,Credit Card,1,6644.11,0.2,6644.11,5315.29,0,1248.28,2025,7,July,Friday,6644.11,5315.2880000000005
2025-07-25,ORD047494,CUST04964,P010,Coffee Maker,Home,Hyderabad,Online,Debit Card,3,5937.61,0.1,17812.83,16031.55,0,3278.61,2025,7,July,Friday,17812.829999999998,16031.547000000002
2025-07-25,ORD012405,CUST01734,P006,Desk,Furniture,Pune,Online,UPI,2,13185.09,0.2,26370.18,21096.14,0,3254.89,2025,7,July,Friday,26370.18,21096.144
2025-07-25,ORD032312,CUST04480,P019,Vacuum Cleaner,Home,Jaipur,Store,UPI,1,9580.03,0.2,9580.03,7664.02,0,351.27,2025,7,July,Friday,9580.03,7664.024000000001
2025-07-25,ORD006639,CUST02329,P010,Coffee Maker,Home,Chennai,Store,Credit Card,1,5847.61,0.15,5847.61,4970.47,0,1142.37,2025,7,July,Friday,5847.61,4970.4685
2025-07-25,ORD043866,CUST00886,P016,Sofa,Furniture,Kolkata,Online,UPI,1,37307.02,0.05,37307.02,35441.67,0,6479.67,2025,7,July,Friday,37307.02,35441.668999999994
2025-07-25,ORD022310,CUST02898,P015,Dining Table,Furniture,Bengaluru,Store,Credit Card,2,21583.58,0.0,43167.16,43167.16,0,8472.67,2025,7,July,Friday,43167.16,43167.16
2025-07-25,ORD024312,CUST03602,P009,T-Shirt,Fashion,Kolkata,Store,Credit Card,1,1212.54,0.1,1212.54,1091.29,0,120.3,2025,7,July,Friday,1212.54,1091.286
2025-07-25,ORD047645,CUST04591,P004,Smartwatch,Electronics,Chennai,Store,Debit Card,3,6816.7,0.0,20450.1,20450.1,1,-1022.5,2025,7,July,Friday,20450.1,20450.1
2025-07-25,ORD043304,CUST04870,P014,Keyboard,Electronics,Surat,Online,Credit Card,2,2267.79,0.1,4535.58,4082.02,0,533.39,2025,7,July,Friday,4535.58,4082.022
2025-07-25,ORD011955,CUST04114,P006,Desk,Furniture,Mumbai,Online,Credit Card,2,13025.68,0.0,26051.36,26051.36,0,2643.93,2025,7,July,Friday,26051.36,26051.36
2025-07-25,ORD028901,CUST02706,P017,Jeans,Fashion,Surat,Store,Debit Card,1,2771.96,0.05,2771.96,2633.36,0,667.88,2025,7,July,Friday,2771.96,2633.362
2025-07-25,ORD031611,CUST02772,P001,Laptop,Electronics,Pune,Store,Credit Card,4,70486.25,0.0,281945.0,281945.0,0,27614.24,2025,7,July,Friday,281945.0,281945.0
2025-07-25,ORD042356,CUST01695,P017,Jeans,Fashion,Jaipur,Online,Credit Card,1,2713.27,0.05,2713.27,2577.61,0,391.7,2025,7,July,Friday,2713.27,2577.6065
2025-07-25,ORD020620,CUST01292,P005,Office Chair,Furniture,Delhi,Store,UPI,1,8972.35,0.0,8972.35,8972.35,0,1692.92,2025,7,July,Friday,8972.35,8972.35
2025-07-25,ORD042909,CUST03455,P010,Coffee Maker,Home,Jaipur,Online,Credit Card,1,5978.39,0.15,5978.39,5081.63,0,819.63,2025,7,July,Friday,5978.39,5081.6315
2025-07-25,ORD033294,CUST03937,P013,Monitor,Electronics,Jaipur,Online,Credit Card,5,18647.52,0.0,93237.6,93237.6,0,23722.03,2025,7,July,Friday,93237.6,93237.6
2025-07-25,ORD002430,CUST01955,P016,Sofa,Furniture,Bengaluru,Store,UPI,1,34429.36,0.2,34429.36,27543.49,0,4518.75,2025,7,July,Friday,34429.36,27543.488
2025-07-25,ORD006652,CUST00546,P002,Smartphone,Electronics,Ahmedabad,Store,Net Banking,1,29962.77,0.0,29962.77,29962.77,1,-1498.14,2025,7,July,Friday,29962.77,29962.77
2025-07-25,ORD036972,CUST03418,P015,Dining Table,Furniture,Pune,Online,Credit Card,2,19884.53,0.15,39769.06,33803.7,0,6461.04,2025,7,July,Friday,39769.06,33803.700999999994
2025-07-25,ORD030104,CUST02798,P006,Desk,Furniture,Chennai,Store,UPI,1,11573.42,0.0,11573.42,11573.42,0,1726.31,2025,7,July,Friday,11573.42,11573.42
2025-07-25,ORD033085,CUST02697,P016,Sofa,Furniture,Ahmedabad,Online,UPI,1,33529.31,0.1,33529.31,30176.38,0,2877.05,2025,7,July,Friday,33529.31,30176.378999999997
2025-07-25,ORD048491,CUST04838,P013,Monitor,Electronics,Surat,Online,Credit Card,1,17483.61,0.0,17483.61,17483.61,0,3441.55,2025,7,July,Friday,17483.61,17483.61
2025-07-25,ORD009985,CUST01160,P005,Office Chair,Furniture,Chennai,Online,UPI,1,8891.38,0.2,8891.38,7113.1,0,1670.01,2025,7,July,Friday,8891.38,7113.103999999999
2025-07-25,ORD025985,CUST03909,P008,Running Shoes,Fashion,Ahmedabad,Store,UPI,1,4433.86,0.15,4433.86,3768.78,0,815.36,2025,7,July,Friday,4433.86,3768.7809999999995
2025-07-25,ORD026047,CUST03119,P012,Air Fryer,Home,Jaipur,Store,Credit Card,1,7318.8,0.1,7318.8,6586.92,0,1463.05,2025,7,July,Friday,7318.8,6586.92
2025-07-25,ORD010990,CUST02556,P014,Keyboard,Electronics,Chennai,Store,UPI,3,2555.75,0.05,7667.25,7283.89,0,1361.18,2025,7,July,Friday,7667.25,7283.8875
2025-07-25,ORD003191,CUST02728,P006,Desk,Furniture,Mumbai,Online,Credit Card,1,12684.6,0.05,12684.6,12050.37,0,857.88,2025,7,July,Friday,12684.6,12050.369999999999
2025-07-25,ORD012802,CUST00511,P003,Headphones,Electronics,Delhi,Online,Debit Card,1,4269.56,0.1,4269.56,3842.6,1,-192.13,2025,7,July,Friday,4269.56,3842.6040000000003
2025-07-25,ORD024195,CUST02242,P015,Dining Table,Furniture,Hyderabad,Store,Credit Card,3,20060.32,0.1,60180.96,54162.86,0,7481.21,2025,7,July,Friday,60180.96,54162.864
2025-07-25,ORD024654,CUST03075,P009,T-Shirt,Fashion,Bengaluru,Online,UPI,1,1214.38,0.05,1214.38,1153.66,0,147.09,2025,7,July,Friday,1214.38,1153.661
2025-07-25,ORD028106,CUST03453,P018,Jacket,Fashion,Ahmedabad,Store,UPI,2,4964.53,0.2,9929.06,7943.25,0,612.53,2025,7,July,Friday,9929.06,7943.248
2025-07-25,ORD041022,CUST02988,P015,Dining Table,Furniture,Pune,Store,Credit Card,3,22246.66,0.1,66739.98,60065.98,1,-3003.3,2025,7,July,Friday,66739.98,60065.981999999996
2025-07-25,ORD029287,CUST02271,P012,Air Fryer,Home,Mumbai,Online,UPI,1,6618.47,0.1,6618.47,5956.62,0,1249.6,2025,7,July,Friday,6618.47,5956.6230000000005
2025-07-25,ORD048339,CUST01921,P009,T-Shirt,Fashion,Ahmedabad,Store,Debit Card,1,1142.79,0.05,1142.79,1085.65,0,104.86,2025,7,July,Friday,1142.79,1085.6505
2025-07-25,ORD002716,CUST02462,P007,Backpack,Accessories,Bengaluru,Online,Credit Card,1,2386.16,0.05,2386.16,2266.85,0,380.64,2025,7,July,Friday,2386.16,2266.852
2025-07-25,ORD010334,CUST04305,P020,Microwave,Home,Mumbai,Online,UPI,1,10279.5,0.15,10279.5,8737.57,0,1685.64,2025,7,July,Friday,10279.5,8737.574999999999
2025-07-25,ORD047673,CUST01922,P015,Dining Table,Furniture,Mumbai,Online,UPI,1,21389.83,0.05,21389.83,20320.34,0,4816.73,2025,7,July,Friday,21389.83,20320.3385
2025-07-25,ORD045015,CUST03964,P010,Coffee Maker,Home,Mumbai,Store,Net Banking,2,5874.39,0.05,11748.78,11161.34,0,2744.27,2025,7,July,Friday,11748.78,11161.341
2025-07-25,ORD037063,CUST02621,P003,Headphones,Electronics,Kolkata,Store,UPI,5,4564.23,0.0,22821.15,22821.15,0,2119.75,2025,7,July,Friday,22821.149999999998,22821.15
2025-07-25,ORD016071,CUST01084,P018,Jacket,Fashion,Mumbai,Online,Credit Card,1,5370.95,0.25,5370.95,4028.21,0,443.24,2025,7,July,Friday,5370.95,4028.2124999999996
2025-07-25,ORD002936,CUST01100,P002,Smartphone,Electronics,Kolkata,Store,Debit Card,2,29313.07,0.0,58626.14,58626.14,0,12149.0,2025,7,July,Friday,58626.14,58626.14
2025-07-25,ORD034872,CUST00891,P010,Coffee Maker,Home,Jaipur,Store,UPI,2,5169.05,0.15,10338.1,8787.38,0,1896.49,2025,7,July,Friday,10338.1,8787.385
2025-07-25,ORD003162,CUST03816,P017,Jeans,Fashion,Mumbai,Online,UPI,1,2978.48,0.1,2978.48,2680.63,0,366.87,2025,7,July,Friday,2978.48,2680.632
2025-07-26,ORD040594,CUST00335,P010,Coffee Maker,Home,Chennai,Store,UPI,2,5500.77,0.05,11001.54,10451.46,0,1954.74,2025,7,July,Saturday,11001.54,10451.463
2025-07-26,ORD004003,CUST01127,P001,Laptop,Electronics,Chennai,Online,Debit Card,1,66233.76,0.0,66233.76,66233.76,0,6562.87,2025,7,July,Saturday,66233.76,66233.76
2025-07-26,ORD014696,CUST00664,P001,Laptop,Electronics,Delhi,Online,Debit Card,1,68163.94,0.0,68163.94,68163.94,0,11359.9,2025,7,July,Saturday,68163.94,68163.94
2025-07-26,ORD028387,CUST02150,P017,Jeans,Fashion,Bengaluru,Online,UPI,2,2734.48,0.0,5468.96,5468.96,0,876.57,2025,7,July,Saturday,5468.96,5468.96
2025-07-26,ORD002162,CUST04239,P014,Keyboard,Electronics,Hyderabad,Online,Credit Card,1,2356.69,0.25,2356.69,1767.52,0,193.93,2025,7,July,Saturday,2356.69,1767.5175
2025-07-26,ORD030845,CUST01032,P005,Office Chair,Furniture,Kolkata,Online,Credit Card,2,10425.04,0.15,20850.08,17722.57,0,1946.65,2025,7,July,Saturday,20850.08,17722.568
2025-07-26,ORD048159,CUST01579,P008,Running Shoes,Fashion,Bengaluru,Online,Credit Card,2,3780.21,0.2,7560.42,6048.34,0,752.39,2025,7,July,Saturday,7560.42,6048.336
2025-07-26,ORD045538,CUST03198,P001,Laptop,Electronics,Bengaluru,Online,Credit Card,2,70185.51,0.15,140371.02,119315.37,0,30155.93,2025,7,July,Saturday,140371.02,119315.36699999998
2025-07-26,ORD006643,CUST02025,P008,Running Shoes,Fashion,Kolkata,Online,Credit Card,1,4341.21,0.0,4341.21,4341.21,0,994.84,2025,7,July,Saturday,4341.21,4341.21
2025-07-26,ORD046057,CUST01170,P012,Air Fryer,Home,Mumbai,Online,UPI,1,6983.65,0.0,6983.65,6983.65,0,1470.26,2025,7,July,Saturday,6983.65,6983.65
2025-07-26,ORD007414,CUST03619,P010,Coffee Maker,Home,Jaipur,Store,Debit Card,1,5239.17,0.1,5239.17,4715.25,0,727.55,2025,7,July,Saturday,5239.17,4715.253000000001
2025-07-26,ORD030141,CUST01836,P004,Smartwatch,Electronics,Jaipur,Store,Credit Card,1,7129.31,0.1,7129.31,6416.38,0,1281.82,2025,7,July,Saturday,7129.31,6416.379000000001
2025-07-26,ORD019031,CUST03175,P002,Smartphone,Electronics,Delhi,Online,Debit Card,1,29247.41,0.1,29247.41,26322.67,0,7185.32,2025,7,July,Saturday,29247.41,26322.669
2025-07-26,ORD001266,CUST03192,P006,Desk,Furniture,Delhi,Store,UPI,1,12298.84,0.15,12298.84,10454.01,0,1022.89,2025,7,July,Saturday,12298.84,10454.014
2025-07-26,ORD014701,CUST01907,P005,Office Chair,Furniture,Delhi,Online,UPI,2,10008.03,0.15,20016.06,17013.65,0,1982.59,2025,7,July,Saturday,20016.06,17013.651
2025-07-26,ORD021588,CUST02920,P001,Laptop,Electronics,Ahmedabad,Online,Credit Card,1,60715.84,0.1,60715.84,54644.26,0,5399.51,2025,7,July,Saturday,60715.84,54644.256
2025-07-26,ORD037363,CUST02633,P014,Keyboard,Electronics,Pune,Online,Debit Card,4,2695.68,0.0,10782.72,10782.72,0,3014.9,2025,7,July,Saturday,10782.72,10782.72
2025-07-26,ORD002177,CUST02907,P010,Coffee Maker,Home,Ahmedabad,Online,Net Banking,1,5628.63,0.2,5628.63,4502.9,0,502.68,2025,7,July,Saturday,5628.63,4502.904
2025-07-26,ORD017678,CUST03922,P002,Smartphone,Electronics,Delhi,Store,Net Banking,1,29189.71,0.05,29189.71,27730.22,0,3166.48,2025,7,July,Saturday,29189.71,27730.224499999997
2025-07-26,ORD039462,CUST03716,P010,Coffee Maker,Home,Bengaluru,Online,UPI,4,5596.39,0.0,22385.56,22385.56,0,3460.02,2025,7,July,Saturday,22385.56,22385.56
2025-07-26,ORD009417,CUST01960,P013,Monitor,Electronics,Pune,Online,UPI,1,18481.69,0.25,18481.69,13861.27,0,3261.68,2025,7,July,Saturday,18481.69,13861.267499999998
2025-07-26,ORD034907,CUST01983,P009,T-Shirt,Fashion,Chennai,Online,Debit Card,4,1089.33,0.2,4357.32,3485.86,0,553.01,2025,7,July,Saturday,4357.32,3485.8559999999998
2025-07-26,ORD026054,CUST03939,P016,Sofa,Furniture,Surat,Online,Credit Card,2,36330.2,0.1,72660.4,65394.36,0,9994.33,2025,7,July,Saturday,72660.4,65394.35999999999
2025-07-26,ORD036939,CUST00548,P006,Desk,Furniture,Pune,Store,UPI,1,11926.76,0.1,11926.76,10734.08,0,1049.54,2025,7,July,Saturday,11926.76,10734.084
2025-07-26,ORD048136,CUST01518,P017,Jeans,Fashion,Ahmedabad,Store,UPI,1,2680.55,0.1,2680.55,2412.5,0,474.24,2025,7,July,Saturday,2680.55,2412.4950000000003
2025-07-26,ORD046069,CUST00239,P004,Smartwatch,Electronics,Surat,Online,Credit Card,1,6928.74,0.0,6928.74,6928.74,1,-346.44,2025,7,July,Saturday,6928.74,6928.74
2025-07-26,ORD034796,CUST02913,P005,Office Chair,Furniture,Delhi,Store,UPI,1,9771.29,0.15,9771.29,8305.6,0,1054.19,2025,7,July,Saturday,9771.29,8305.5965
2025-07-26,ORD000110,CUST01915,P006,Desk,Furniture,Surat,Online,Credit Card,2,11319.18,0.1,22638.36,20374.52,0,3899.69,2025,7,July,Saturday,22638.36,20374.524
2025-07-26,ORD002836,CUST03049,P013,Monitor,Electronics,Jaipur,Online,Cash,1,17327.84,0.15,17327.84,14728.66,0,1861.31,2025,7,July,Saturday,17327.84,14728.663999999999
2025-07-26,ORD018343,CUST02039,P013,Monitor,Electronics,Bengaluru,Online,Cash,1,18177.13,0.1,18177.13,16359.42,0,3684.4,2025,7,July,Saturday,18177.13,16359.417000000001
2025-07-26,ORD046938,CUST02051,P007,Backpack,Accessories,Surat,Online,Credit Card,1,2071.11,0.0,2071.11,2071.11,0,475.0,2025,7,July,Saturday,2071.11,2071.11
2025-07-26,ORD032061,CUST03532,P003,Headphones,Electronics,Mumbai,Online,Debit Card,1,4625.34,0.1,4625.34,4162.81,0,504.2,2025,7,July,Saturday,4625.34,4162.8060000000005
2025-07-26,ORD027337,CUST02641,P004,Smartwatch,Electronics,Bengaluru,Online,UPI,2,6443.64,0.1,12887.28,11598.55,0,1457.49,2025,7,July,Saturday,12887.28,11598.552000000001
2025-07-26,ORD047780,CUST01311,P013,Monitor,Electronics,Ahmedabad,Online,UPI,1,18195.19,0.25,18195.19,13646.39,0,1087.39,2025,7,July,Saturday,18195.19,13646.392499999998
2025-07-26,ORD013156,CUST01267,P011,Mixer Grinder,Home,Hyderabad,Store,UPI,1,5220.18,0.0,5220.18,5220.18,0,1194.86,2025,7,July,Saturday,5220.18,5220.18
2025-07-26,ORD000203,CUST02091,P004,Smartwatch,Electronics,Jaipur,Store,Credit Card,1,7257.26,0.0,7257.26,7257.26,0,2146.07,2025,7,July,Saturday,7257.26,7257.26
2025-07-26,ORD025865,CUST04593,P019,Vacuum Cleaner,Home,Chennai,Store,Credit Card,2,9408.34,0.15,18816.68,15994.18,1,-799.71,2025,7,July,Saturday,18816.68,15994.178
2025-07-26,ORD035086,CUST01374,P020,Microwave,Home,Surat,Online,UPI,1,10221.0,0.15,10221.0,8687.85,0,1118.6,2025,7,July,Saturday,10221.0,8687.85
2025-07-26,ORD014264,CUST01675,P004,Smartwatch,Electronics,Bengaluru,Store,Debit Card,4,7086.42,0.1,28345.68,25511.11,0,4188.53,2025,7,July,Saturday,28345.68,25511.112
2025-07-26,ORD011026,CUST04968,P002,Smartphone,Electronics,Bengaluru,Store,UPI,1,25574.69,0.0,25574.69,25574.69,0,5454.84,2025,7,July,Saturday,25574.69,25574.69
2025-07-26,ORD016788,CUST03104,P002,Smartphone,Electronics,Surat,Store,Credit Card,1,26629.02,0.05,26629.02,25297.57,0,5580.48,2025,7,July,Saturday,26629.02,25297.569
2025-07-26,ORD005325,CUST00406,P001,Laptop,Electronics,Chennai,Online,UPI,1,68315.33,0.0,68315.33,68315.33,0,8857.38,2025,7,July,Saturday,68315.33,68315.33
2025-07-26,ORD042335,CUST02998,P008,Running Shoes,Fashion,Mumbai,Online,Cash,2,4250.33,0.2,8500.66,6800.53,0,1573.31,2025,7,July,Saturday,8500.66,6800.528
2025-07-26,ORD032850,CUST02949,P017,Jeans,Fashion,Kolkata,Online,UPI,1,2700.35,0.15,2700.35,2295.3,0,471.11,2025,7,July,Saturday,2700.35,2295.2974999999997
2025-07-26,ORD035644,CUST00709,P010,Coffee Maker,Home,Hyderabad,Store,Credit Card,1,5959.92,0.1,5959.92,5363.93,0,677.29,2025,7,July,Saturday,5959.92,5363.928
2025-07-26,ORD025731,CUST03101,P001,Laptop,Electronics,Delhi,Store,UPI,1,58644.24,0.1,58644.24,52779.82,0,10446.91,2025,7,July,Saturday,58644.24,52779.816
2025-07-26,ORD018397,CUST01189,P019,Vacuum Cleaner,Home,Chennai,Store,Net Banking,2,8586.07,0.15,17172.14,14596.32,0,1568.93,2025,7,July,Saturday,17172.14,14596.319
2025-07-26,ORD013602,CUST03884,P015,Dining Table,Furniture,Surat,Online,Net Banking,1,24083.77,0.0,24083.77,24083.77,0,6073.74,2025,7,July,Saturday,24083.77,24083.77
2025-07-26,ORD049513,CUST03186,P009,T-Shirt,Fashion,Kolkata,Online,Cash,1,1106.02,0.1,1106.02,995.42,0,67.6,2025,7,July,Saturday,1106.02,995.418
2025-07-26,ORD040980,CUST00317,P001,Laptop,Electronics,Mumbai,Online,UPI,3,69931.01,0.1,209793.03,188813.73,0,31224.32,2025,7,July,Saturday,209793.02999999997,188813.727
2025-07-26,ORD015298,CUST02180,P016,Sofa,Furniture,Mumbai,Online,Credit Card,1,38093.52,0.1,38093.52,34284.17,0,7037.32,2025,7,July,Saturday,38093.52,34284.168
2025-07-26,ORD032471,CUST04581,P003,Headphones,Electronics,Hyderabad,Store,Debit Card,1,4764.75,0.0,4764.75,4764.75,0,1164.89,2025,7,July,Saturday,4764.75,4764.75
2025-07-26,ORD049807,CUST01585,P004,Smartwatch,Electronics,Delhi,Online,UPI,1,7523.48,0.15,7523.48,6394.96,0,1334.89,2025,7,July,Saturday,7523.48,6394.958
2025-07-26,ORD032470,CUST02667,P016,Sofa,Furniture,Delhi,Online,Cash,1,37570.36,0.15,37570.36,31934.81,0,3013.53,2025,7,July,Saturday,37570.36,31934.806
2025-07-26,ORD045520,CUST03124,P006,Desk,Furniture,Kolkata,Store,UPI,1,10908.03,0.15,10908.03,9271.83,0,1151.81,2025,7,July,Saturday,10908.03,9271.8255
2025-07-26,ORD038294,CUST04515,P016,Sofa,Furniture,Kolkata,Online,Credit Card,2,34750.44,0.2,69500.88,55600.7,1,-2780.04,2025,7,July,Saturday,69500.88,55600.704000000005
2025-07-26,ORD027992,CUST03278,P004,Smartwatch,Electronics,Hyderabad,Online,Credit Card,2,6779.97,0.2,13559.94,10847.95,1,-542.4,2025,7,July,Saturday,13559.94,10847.952000000001
2025-07-26,ORD022362,CUST02643,P001,Laptop,Electronics,Hyderabad,Online,Net Banking,1,67097.55,0.1,67097.55,60387.8,0,5449.65,2025,7,July,Saturday,67097.55,60387.795000000006
2025-07-26,ORD044707,CUST02467,P020,Microwave,Home,Pune,Online,Cash,4,11805.39,0.1,47221.56,42499.4,0,11740.75,2025,7,July,Saturday,47221.56,42499.404
2025-07-26,ORD011898,CUST00386,P012,Air Fryer,Home,Kolkata,Online,Debit Card,1,7844.61,0.1,7844.61,7060.15,0,480.74,2025,7,July,Saturday,7844.61,7060.148999999999
2025-07-26,ORD035613,CUST02537,P005,Office Chair,Furniture,Surat,Store,Credit Card,1,9978.81,0.1,9978.81,8980.93,0,2005.97,2025,7,July,Saturday,9978.81,8980.929
2025-07-26,ORD027647,CUST03145,P006,Desk,Furniture,Surat,Online,Credit Card,1,12115.78,0.05,12115.78,11509.99,0,2186.11,2025,7,July,Saturday,12115.78,11509.991
2025-07-26,ORD009827,CUST03431,P002,Smartphone,Electronics,Jaipur,Online,Credit Card,3,29310.34,0.1,87931.02,79137.92,0,10823.95,2025,7,July,Saturday,87931.02,79137.918
2025-07-26,ORD026753,CUST02425,P013,Monitor,Electronics,Bengaluru,Online,Cash,1,16594.98,0.05,16594.98,15765.23,0,4464.66,2025,7,July,Saturday,16594.98,15765.230999999998
2025-07-26,ORD043197,CUST01376,P009,T-Shirt,Fashion,Pune,Store,Credit Card,3,1249.97,0.0,3749.91,3749.91,0,556.37,2025,7,July,Saturday,3749.91,3749.91
2025-07-26,ORD008104,CUST03537,P009,T-Shirt,Fashion,Chennai,Online,Credit Card,5,1140.74,0.15,5703.7,4848.14,0,671.88,2025,7,July,Saturday,5703.7,4848.1449999999995
2025-07-26,ORD038329,CUST00666,P010,Coffee Maker,Home,Kolkata,Store,UPI,2,5061.92,0.05,10123.84,9617.65,0,1484.58,2025,7,July,Saturday,10123.84,9617.648
2025-07-26,ORD047815,CUST01215,P002,Smartphone,Electronics,Chennai,Online,Credit Card,2,25912.85,0.2,51825.7,41460.56,0,8492.0,2025,7,July,Saturday,51825.7,41460.56
2025-07-26,ORD046264,CUST00708,P006,Desk,Furniture,Bengaluru,Store,Cash,1,12691.05,0.0,12691.05,12691.05,0,3318.13,2025,7,July,Saturday,12691.05,12691.05
2025-07-26,ORD000804,CUST02355,P004,Smartwatch,Electronics,Surat,Online,Net Banking,2,6865.81,0.1,13731.62,12358.46,0,1871.18,2025,7,July,Saturday,13731.62,12358.458
2025-07-26,ORD011903,CUST03815,P013,Monitor,Electronics,Delhi,Store,UPI,2,17774.34,0.0,35548.68,35548.68,0,4905.44,2025,7,July,Saturday,35548.68,35548.68
2025-07-26,ORD011439,CUST01019,P009,T-Shirt,Fashion,Surat,Store,Net Banking,1,1305.69,0.1,1305.69,1175.12,0,190.76,2025,7,July,Saturday,1305.69,1175.121
2025-07-26,ORD027501,CUST03354,P006,Desk,Furniture,Pune,Online,UPI,1,11068.1,0.15,11068.1,9407.88,0,809.1,2025,7,July,Saturday,11068.1,9407.885
2025-07-26,ORD012175,CUST01630,P004,Smartwatch,Electronics,Surat,Online,Cash,1,7034.35,0.1,7034.35,6330.92,0,1598.31,2025,7,July,Saturday,7034.35,6330.915000000001
2025-07-26,ORD049725,CUST03237,P002,Smartphone,Electronics,Mumbai,Store,Debit Card,1,29151.92,0.0,29151.92,29151.92,0,8055.32,2025,7,July,Saturday,29151.92,29151.92
2025-07-26,ORD027097,CUST02964,P012,Air Fryer,Home,Mumbai,Store,Net Banking,3,7604.19,0.05,22812.57,21671.94,0,1798.65,2025,7,July,Saturday,22812.57,21671.941499999997
2025-07-26,ORD033799,CUST00538,P011,Mixer Grinder,Home,Jaipur,Online,UPI,1,4922.0,0.2,4922.0,3937.6,0,199.46,2025,7,July,Saturday,4922.0,3937.6000000000004
2025-07-26,ORD046015,CUST01397,P013,Monitor,Electronics,Delhi,Store,Credit Card,1,19217.71,0.15,19217.71,16335.05,0,3737.59,2025,7,July,Saturday,19217.71,16335.053499999998
2025-07-26,ORD015070,CUST02349,P001,Laptop,Electronics,Surat,Store,UPI,1,65361.01,0.0,65361.01,65361.01,0,16887.42,2025,7,July,Saturday,65361.01,65361.01
2025-07-26,ORD020875,CUST04816,P018,Jacket,Fashion,Pune,Store,UPI,3,5464.01,0.2,16392.03,13113.62,0,1080.77,2025,7,July,Saturday,16392.03,13113.624
2025-07-26,ORD042544,CUST02243,P016,Sofa,Furniture,Surat,Online,UPI,1,31958.35,0.1,31958.35,28762.52,0,3681.78,2025,7,July,Saturday,31958.35,28762.515
2025-07-26,ORD044748,CUST02400,P010,Coffee Maker,Home,Hyderabad,Online,UPI,1,5954.08,0.1,5954.08,5358.67,0,1381.46,2025,7,July,Saturday,5954.08,5358.6720000000005
2025-07-26,ORD021439,CUST04183,P002,Smartphone,Electronics,Hyderabad,Online,UPI,5,29358.96,0.05,146794.8,139455.06,0,35314.83,2025,7,July,Saturday,146794.8,139455.05999999997
2025-07-26,ORD036015,CUST04797,P018,Jacket,Fashion,Bengaluru,Store,Credit Card,1,4721.43,0.15,4721.43,4013.22,0,515.96,2025,7,July,Saturday,4721.43,4013.2155000000002
2025-07-27,ORD011946,CUST00831,P008,Running Shoes,Fashion,Jaipur,Store,UPI,4,3847.16,0.15,15388.64,13080.34,0,1936.63,2025,7,July,Sunday,15388.64,13080.344
2025-07-27,ORD029264,CUST04220,P007,Backpack,Accessories,Chennai,Online,Credit Card,1,2268.0,0.05,2268.0,2154.6,0,400.88,2025,7,July,Sunday,2268.0,2154.6
2025-07-27,ORD016956,CUST03643,P008,Running Shoes,Fashion,Ahmedabad,Online,UPI,2,4269.57,0.05,8539.14,8112.18,0,2137.72,2025,7,July,Sunday,8539.14,8112.182999999999
2025-07-27,ORD034625,CUST00145,P007,Backpack,Accessories,Kolkata,Store,Cash,5,2022.7,0.1,10113.5,9102.15,1,-455.11,2025,7,July,Sunday,10113.5,9102.15
2025-07-27,ORD028955,CUST04551,P004,Smartwatch,Electronics,Jaipur,Online,UPI,2,6822.47,0.25,13644.94,10233.7,0,647.94,2025,7,July,Sunday,13644.94,10233.705
2025-07-27,ORD004138,CUST00596,P013,Monitor,Electronics,Mumbai,Online,UPI,2,17842.52,0.15,35685.04,30332.28,0,6727.88,2025,7,July,Sunday,35685.04,30332.284
2025-07-27,ORD035829,CUST03811,P016,Sofa,Furniture,Hyderabad,Store,UPI,1,36094.45,0.2,36094.45,28875.56,0,2838.67,2025,7,July,Sunday,36094.45,28875.559999999998
2025-07-27,ORD013805,CUST02251,P014,Keyboard,Electronics,Chennai,Store,Credit Card,1,2588.78,0.05,2588.78,2459.34,0,231.89,2025,7,July,Sunday,2588.78,2459.341
2025-07-27,ORD007179,CUST00071,P016,Sofa,Furniture,Kolkata,Store,Debit Card,1,35811.03,0.0,35811.03,35811.03,0,3884.48,2025,7,July,Sunday,35811.03,35811.03
2025-07-27,ORD036754,CUST01429,P018,Jacket,Fashion,Surat,Store,UPI,3,5266.33,0.0,15798.99,15798.99,0,2693.33,2025,7,July,Sunday,15798.99,15798.99
2025-07-27,ORD028689,CUST00326,P010,Coffee Maker,Home,Hyderabad,Online,UPI,3,5497.58,0.2,16492.74,13194.19,0,2628.56,2025,7,July,Sunday,16492.739999999998,13194.192000000003
2025-07-27,ORD000717,CUST03409,P004,Smartwatch,Electronics,Pune,Store,Net Banking,3,6671.4,0.2,20014.2,16011.36,0,1769.99,2025,7,July,Sunday,20014.199999999997,16011.36
2025-07-27,ORD007675,CUST00413,P010,Coffee Maker,Home,Mumbai,Online,UPI,1,5448.03,0.05,5448.03,5175.63,0,636.51,2025,7,July,Sunday,5448.03,5175.6285
2025-07-27,ORD007276,CUST00738,P013,Monitor,Electronics,Jaipur,Online,Cash,1,19752.6,0.05,19752.6,18764.97,0,4454.77,2025,7,July,Sunday,19752.6,18764.969999999998
2025-07-27,ORD030096,CUST02514,P013,Monitor,Electronics,Pune,Online,Credit Card,2,18341.76,0.05,36683.52,34849.34,0,5330.52,2025,7,July,Sunday,36683.52,34849.344
2025-07-27,ORD015670,CUST00750,P005,Office Chair,Furniture,Chennai,Online,UPI,1,8886.0,0.1,8886.0,7997.4,0,854.91,2025,7,July,Sunday,8886.0,7997.400000000001
2025-07-27,ORD036900,CUST04337,P008,Running Shoes,Fashion,Chennai,Store,Credit Card,4,4379.6,0.25,17518.4,13138.8,0,1024.07,2025,7,July,Sunday,17518.4,13138.800000000001
2025-07-27,ORD044526,CUST02841,P020,Microwave,Home,Ahmedabad,Store,UPI,2,10477.39,0.0,20954.78,20954.78,0,1709.95,2025,7,July,Sunday,20954.78,20954.78
2025-07-27,ORD025897,CUST02647,P014,Keyboard,Electronics,Jaipur,Online,Net Banking,3,2690.85,0.1,8072.55,7265.29,0,968.19,2025,7,July,Sunday,8072.549999999999,7265.295
2025-07-27,ORD007742,CUST03127,P010,Coffee Maker,Home,Delhi,Online,Credit Card,1,5660.15,0.05,5660.15,5377.14,0,396.03,2025,7,July,Sunday,5660.15,5377.142499999999
2025-07-27,ORD005944,CUST03979,P004,Smartwatch,Electronics,Ahmedabad,Online,UPI,3,7623.44,0.0,22870.32,22870.32,0,6331.11,2025,7,July,Sunday,22870.32,22870.32
2025-07-27,ORD040509,CUST01951,P004,Smartwatch,Electronics,Delhi,Online,Net Banking,1,7503.84,0.1,7503.84,6753.46,0,682.73,2025,7,July,Sunday,7503.84,6753.456
2025-07-27,ORD040776,CUST02732,P014,Keyboard,Electronics,Hyderabad,Store,Net Banking,1,2747.65,0.1,2747.65,2472.89,0,677.15,2025,7,July,Sunday,2747.65,2472.885
2025-07-27,ORD045309,CUST02855,P019,Vacuum Cleaner,Home,Pune,Store,Debit Card,1,8640.98,0.15,8640.98,7344.83,0,1935.2,2025,7,July,Sunday,8640.98,7344.833
2025-07-27,ORD042609,CUST04372,P006,Desk,Furniture,Kolkata,Online,Cash,1,11540.18,0.1,11540.18,10386.16,0,1671.51,2025,7,July,Sunday,11540.18,10386.162
2025-07-27,ORD032025,CUST03599,P009,T-Shirt,Fashion,Mumbai,Online,Cash,1,1146.4,0.1,1146.4,1031.76,0,166.63,2025,7,July,Sunday,1146.4,1031.7600000000002
2025-07-27,ORD044459,CUST01358,P015,Dining Table,Furniture,Bengaluru,Online,UPI,2,22208.14,0.05,44416.28,42195.47,0,3724.05,2025,7,July,Sunday,44416.28,42195.466
2025-07-27,ORD007870,CUST02172,P016,Sofa,Furniture,Bengaluru,Online,Debit Card,5,35319.06,0.05,176595.3,167765.53,0,32359.22,2025,7,July,Sunday,176595.3,167765.53499999997
2025-07-27,ORD003781,CUST00005,P002,Smartphone,Electronics,Mumbai,Online,Net Banking,2,29037.18,0.1,58074.36,52266.92,0,7878.03,2025,7,July,Sunday,58074.36,52266.924
2025-07-27,ORD020203,CUST00944,P011,Mixer Grinder,Home,Jaipur,Online,Cash,1,5017.44,0.1,5017.44,4515.7,0,1148.57,2025,7,July,Sunday,5017.44,4515.696
2025-07-27,ORD014890,CUST03827,P015,Dining Table,Furniture,Pune,Online,Credit Card,4,23841.66,0.2,95366.64,76293.31,0,8106.77,2025,7,July,Sunday,95366.64,76293.312
2025-07-27,ORD003730,CUST04832,P008,Running Shoes,Fashion,Kolkata,Online,UPI,2,3961.96,0.15,7923.92,6735.33,0,1039.01,2025,7,July,Sunday,7923.92,6735.332
2025-07-27,ORD037382,CUST03016,P008,Running Shoes,Fashion,Surat,Online,Credit Card,1,4114.25,0.0,4114.25,4114.25,0,560.25,2025,7,July,Sunday,4114.25,4114.25
2025-07-27,ORD042302,CUST03988,P016,Sofa,Furniture,Surat,Store,Debit Card,1,33135.35,0.15,33135.35,28165.05,0,1969.85,2025,7,July,Sunday,33135.35,28165.047499999997
2025-07-27,ORD042168,CUST01793,P011,Mixer Grinder,Home,Hyderabad,Online,Debit Card,3,5259.3,0.15,15777.9,13411.22,0,2572.83,2025,7,July,Sunday,15777.900000000001,13411.215
2025-07-27,ORD017778,CUST01141,P008,Running Shoes,Fashion,Bengaluru,Store,Credit Card,1,3947.56,0.1,3947.56,3552.8,0,253.16,2025,7,July,Sunday,3947.56,3552.804
2025-07-27,ORD024039,CUST00667,P015,Dining Table,Furniture,Pune,Online,Credit Card,1,23890.92,0.1,23890.92,21501.83,0,5016.98,2025,7,July,Sunday,23890.92,21501.827999999998
2025-07-27,ORD004065,CUST00586,P019,Vacuum Cleaner,Home,Delhi,Online,Credit Card,1,8245.26,0.1,8245.26,7420.73,0,858.45,2025,7,July,Sunday,8245.26,7420.734
2025-07-27,ORD017915,CUST03911,P008,Running Shoes,Fashion,Bengaluru,Online,UPI,2,3945.84,0.25,7891.68,5918.76,0,843.24,2025,7,July,Sunday,7891.68,5918.76
2025-07-27,ORD012043,CUST01948,P001,Laptop,Electronics,Surat,Store,Credit Card,1,59760.13,0.0,59760.13,59760.13,0,10157.21,2025,7,July,Sunday,59760.13,59760.13
2025-07-27,ORD030182,CUST02442,P004,Smartwatch,Electronics,Ahmedabad,Online,Credit Card,1,6610.41,0.1,6610.41,5949.37,0,1523.15,2025,7,July,Sunday,6610.41,5949.369
2025-07-27,ORD005312,CUST03864,P018,Jacket,Fashion,Delhi,Store,Credit Card,1,5171.23,0.05,5171.23,4912.67,0,392.1,2025,7,July,Sunday,5171.23,4912.6685
2025-07-27,ORD046059,CUST00717,P005,Office Chair,Furniture,Bengaluru,Online,Credit Card,2,8888.04,0.2,17776.08,14220.86,0,3558.39,2025,7,July,Sunday,17776.08,14220.864000000001
2025-07-27,ORD031535,CUST02755,P002,Smartphone,Electronics,Ahmedabad,Online,UPI,1,27697.5,0.15,27697.5,23542.88,0,3305.45,2025,7,July,Sunday,27697.5,23542.875
2025-07-27,ORD000324,CUST04625,P005,Office Chair,Furniture,Jaipur,Store,Credit Card,2,10018.67,0.1,20037.34,18033.61,1,-901.68,2025,7,July,Sunday,20037.34,18033.606
2025-07-27,ORD028638,CUST02451,P009,T-Shirt,Fashion,Ahmedabad,Online,Cash,1,1311.06,0.0,1311.06,1311.06,1,-65.55,2025,7,July,Sunday,1311.06,1311.06
2025-07-27,ORD016290,CUST00606,P018,Jacket,Fashion,Surat,Online,UPI,2,5019.99,0.1,10039.98,9035.98,0,1315.97,2025,7,July,Sunday,10039.98,9035.982
2025-07-27,ORD038532,CUST02532,P016,Sofa,Furniture,Pune,Online,UPI,1,34837.47,0.15,34837.47,29611.85,0,2153.87,2025,7,July,Sunday,34837.47,29611.8495
2025-07-27,ORD015656,CUST02030,P012,Air Fryer,Home,Bengaluru,Store,Debit Card,1,7634.84,0.0,7634.84,7634.84,0,1845.61,2025,7,July,Sunday,7634.84,7634.84
2025-07-27,ORD016275,CUST03619,P001,Laptop,Electronics,Chennai,Online,Credit Card,2,67982.16,0.1,135964.32,122367.89,0,15402.56,2025,7,July,Sunday,135964.32,122367.888
2025-07-27,ORD005002,CUST00546,P013,Monitor,Electronics,Pune,Online,UPI,1,17399.19,0.05,17399.19,16529.23,0,3825.2,2025,7,July,Sunday,17399.19,16529.230499999998
2025-07-27,ORD022213,CUST03895,P016,Sofa,Furniture,Chennai,Online,UPI,1,34494.65,0.15,34494.65,29320.45,0,5561.87,2025,7,July,Sunday,34494.65,29320.4525
2025-07-27,ORD032875,CUST04675,P015,Dining Table,Furniture,Mumbai,Online,Cash,4,20360.74,0.15,81442.96,69226.52,0,4847.39,2025,7,July,Sunday,81442.96,69226.516
2025-07-27,ORD018336,CUST01489,P019,Vacuum Cleaner,Home,Delhi,Online,Net Banking,3,8494.53,0.05,25483.59,24209.41,0,5033.87,2025,7,July,Sunday,25483.590000000004,24209.410499999998
2025-07-27,ORD024531,CUST03025,P012,Air Fryer,Home,Kolkata,Store,Credit Card,5,7029.55,0.05,35147.75,33390.36,1,-1669.52,2025,7,July,Sunday,35147.75,33390.362499999996
2025-07-27,ORD016437,CUST00626,P007,Backpack,Accessories,Ahmedabad,Online,UPI,2,2302.88,0.1,4605.76,4145.18,0,541.09,2025,7,July,Sunday,4605.76,4145.184
2025-07-27,ORD011264,CUST03123,P010,Coffee Maker,Home,Bengaluru,Online,Cash,1,5633.82,0.1,5633.82,5070.44,0,928.36,2025,7,July,Sunday,5633.82,5070.438
2025-07-27,ORD036017,CUST00530,P009,T-Shirt,Fashion,Hyderabad,Online,Cash,2,1266.16,0.2,2532.32,2025.86,0,131.79,2025,7,July,Sunday,2532.32,2025.8560000000002
2025-07-27,ORD036408,CUST01282,P007,Backpack,Accessories,Surat,Online,UPI,1,2261.11,0.1,2261.11,2035.0,0,167.99,2025,7,July,Sunday,2261.11,2034.9990000000003
2025-07-27,ORD035289,CUST02279,P004,Smartwatch,Electronics,Bengaluru,Online,UPI,1,6938.44,0.0,6938.44,6938.44,0,2022.51,2025,7,July,Sunday,6938.44,6938.44
2025-07-27,ORD000068,CUST04290,P002,Smartphone,Electronics,Kolkata,Online,Cash,1,25229.68,0.2,25229.68,20183.74,1,-1009.19,2025,7,July,Sunday,25229.68,20183.744000000002
2025-07-28,ORD029212,CUST04744,P015,Dining Table,Furniture,Bengaluru,Store,UPI,2,20319.03,0.1,40638.06,36574.25,0,5763.17,2025,7,July,Monday,40638.06,36574.254
2025-07-28,ORD003225,CUST02151,P013,Monitor,Electronics,Chennai,Online,Credit Card,3,19700.34,0.15,59101.02,50235.87,0,8630.56,2025,7,July,Monday,59101.020000000004,50235.867
2025-07-28,ORD039084,CUST02805,P012,Air Fryer,Home,Bengaluru,Store,Net Banking,2,6685.76,0.15,13371.52,11365.79,0,2198.63,2025,7,July,Monday,13371.52,11365.792
2025-07-28,ORD037065,CUST03026,P017,Jeans,Fashion,Hyderabad,Online,Credit Card,2,2850.04,0.0,5700.08,5700.08,0,761.26,2025,7,July,Monday,5700.08,5700.08
2025-07-28,ORD043132,CUST04326,P013,Monitor,Electronics,Chennai,Store,UPI,1,18077.55,0.1,18077.55,16269.8,0,4459.49,2025,7,July,Monday,18077.55,16269.795
2025-07-28,ORD004154,CUST01455,P002,Smartphone,Electronics,Ahmedabad,Store,UPI,3,30052.38,0.25,90157.14,67617.86,0,16069.09,2025,7,July,Monday,90157.14,67617.855
2025-07-28,ORD038523,CUST00900,P011,Mixer Grinder,Home,Pune,Store,UPI,2,5008.71,0.0,10017.42,10017.42,0,1545.11,2025,7,July,Monday,10017.42,10017.42
2025-07-28,ORD003658,CUST02693,P010,Coffee Maker,Home,Jaipur,Store,Net Banking,2,5030.27,0.0,10060.54,10060.54,0,1410.91,2025,7,July,Monday,10060.54,10060.54
2025-07-28,ORD005966,CUST04650,P007,Backpack,Accessories,Jaipur,Store,Credit Card,2,2219.76,0.0,4439.52,4439.52,0,683.96,2025,7,July,Monday,4439.52,4439.52
2025-07-28,ORD017696,CUST04186,P018,Jacket,Fashion,Delhi,Online,Credit Card,4,5051.29,0.05,20205.16,19194.9,0,3094.74,2025,7,July,Monday,20205.16,19194.902
2025-07-28,ORD049556,CUST00789,P004,Smartwatch,Electronics,Pune,Online,Credit Card,5,7239.3,0.0,36196.5,36196.5,0,5753.43,2025,7,July,Monday,36196.5,36196.5
2025-07-28,ORD027401,CUST03007,P007,Backpack,Accessories,Bengaluru,Online,UPI,1,2100.83,0.1,2100.83,1890.75,0,413.21,2025,7,July,Monday,2100.83,1890.747
2025-07-28,ORD019737,CUST03774,P011,Mixer Grinder,Home,Kolkata,Online,UPI,1,4663.03,0.15,4663.03,3963.58,1,-198.18,2025,7,July,Monday,4663.03,3963.5754999999995
2025-07-28,ORD024210,CUST03693,P004,Smartwatch,Electronics,Mumbai,Online,UPI,1,6846.21,0.05,6846.21,6503.9,0,599.99,2025,7,July,Monday,6846.21,6503.8994999999995
2025-07-28,ORD002200,CUST02805,P015,Dining Table,Furniture,Hyderabad,Store,UPI,1,20340.06,0.1,20340.06,18306.05,0,5065.67,2025,7,July,Monday,20340.06,18306.054
2025-07-28,ORD044088,CUST02541,P012,Air Fryer,Home,Delhi,Online,UPI,1,7871.91,0.0,7871.91,7871.91,0,789.17,2025,7,July,Monday,7871.91,7871.91
2025-07-28,ORD039380,CUST03113,P011,Mixer Grinder,Home,Pune,Online,Cash,1,4865.05,0.1,4865.05,4378.54,0,491.43,2025,7,July,Monday,4865.05,4378.545
2025-07-28,ORD038341,CUST02712,P019,Vacuum Cleaner,Home,Surat,Online,Net Banking,4,9892.24,0.05,39568.96,37590.51,0,3934.83,2025,7,July,Monday,39568.96,37590.511999999995
2025-07-28,ORD040322,CUST02253,P006,Desk,Furniture,Jaipur,Online,UPI,2,12343.5,0.1,24687.0,22218.3,0,4391.67,2025,7,July,Monday,24687.0,22218.3
2025-07-28,ORD004814,CUST02934,P016,Sofa,Furniture,Kolkata,Online,UPI,3,38135.07,0.0,114405.21,114405.21,0,19669.3,2025,7,July,Monday,114405.20999999999,114405.21
2025-07-28,ORD020769,CUST04343,P010,Coffee Maker,Home,Jaipur,Online,Net Banking,2,5110.41,0.1,10220.82,9198.74,0,1774.58,2025,7,July,Monday,10220.82,9198.738
2025-07-28,ORD046589,CUST02002,P002,Smartphone,Electronics,Surat,Store,Credit Card,5,26651.27,0.1,133256.35,119930.72,0,19857.54,2025,7,July,Monday,133256.35,119930.71500000001
2025-07-28,ORD007524,CUST01060,P002,Smartphone,Electronics,Jaipur,Online,Cash,1,27977.65,0.05,27977.65,26578.77,0,2845.44,2025,7,July,Monday,27977.65,26578.7675
2025-07-28,ORD013655,CUST02751,P019,Vacuum Cleaner,Home,Bengaluru,Online,Debit Card,1,9614.65,0.2,9614.65,7691.72,0,796.66,2025,7,July,Monday,9614.65,7691.72
2025-07-28,ORD012959,CUST02501,P015,Dining Table,Furniture,Delhi,Store,Net Banking,1,21616.44,0.05,21616.44,20535.62,0,5816.92,2025,7,July,Monday,21616.44,20535.618
2025-07-28,ORD032672,CUST00310,P004,Smartwatch,Electronics,Jaipur,Online,Credit Card,2,6882.25,0.05,13764.5,13076.28,0,2736.5,2025,7,July,Monday,13764.5,13076.275
2025-07-28,ORD014069,CUST02014,P013,Monitor,Electronics,Pune,Online,UPI,1,17675.92,0.15,17675.92,15024.53,0,4021.48,2025,7,July,Monday,17675.92,15024.531999999997
2025-07-28,ORD024071,CUST00800,P011,Mixer Grinder,Home,Bengaluru,Online,UPI,3,4320.63,0.2,12961.89,10369.51,0,2002.72,2025,7,July,Monday,12961.89,10369.512
2025-07-28,ORD024791,CUST02177,P015,Dining Table,Furniture,Chennai,Store,Credit Card,1,21417.78,0.0,21417.78,21417.78,0,3738.06,2025,7,July,Monday,21417.78,21417.78
2025-07-28,ORD016075,CUST02592,P005,Office Chair,Furniture,Hyderabad,Online,Cash,1,10154.74,0.2,10154.74,8123.79,0,2086.09,2025,7,July,Monday,10154.74,8123.792
2025-07-28,ORD006666,CUST03613,P007,Backpack,Accessories,Mumbai,Online,UPI,1,2274.51,0.05,2274.51,2160.78,0,433.83,2025,7,July,Monday,2274.51,2160.7845
2025-07-28,ORD035173,CUST04378,P020,Microwave,Home,Jaipur,Online,UPI,1,10644.53,0.05,10644.53,10112.3,0,1057.46,2025,7,July,Monday,10644.53,10112.3035
2025-07-28,ORD001530,CUST02447,P008,Running Shoes,Fashion,Mumbai,Store,Cash,1,4229.37,0.15,4229.37,3594.96,0,810.54,2025,7,July,Monday,4229.37,3594.9644999999996
2025-07-28,ORD028162,CUST00945,P015,Dining Table,Furniture,Ahmedabad,Store,Credit Card,2,20841.98,0.0,41683.96,41683.96,1,-2084.2,2025,7,July,Monday,41683.96,41683.96
2025-07-28,ORD030655,CUST01743,P013,Monitor,Electronics,Chennai,Store,UPI,5,19618.76,0.15,98093.8,83379.73,0,17575.19,2025,7,July,Monday,98093.79999999999,83379.73
2025-07-28,ORD005127,CUST04594,P012,Air Fryer,Home,Kolkata,Online,UPI,1,7640.95,0.2,7640.95,6112.76,1,-305.64,2025,7,July,Monday,7640.95,6112.76
2025-07-28,ORD039597,CUST01218,P015,Dining Table,Furniture,Mumbai,Store,Cash,3,23711.0,0.05,71133.0,67576.35,0,5217.73,2025,7,July,Monday,71133.0,67576.34999999999
2025-07-28,ORD042959,CUST02948,P008,Running Shoes,Fashion,Pune,Online,UPI,1,4015.07,0.1,4015.07,3613.56,0,384.48,2025,7,July,Monday,4015.07,3613.563
2025-07-28,ORD011323,CUST03415,P005,Office Chair,Furniture,Surat,Store,UPI,1,9291.64,0.2,9291.64,7433.31,0,865.42,2025,7,July,Monday,9291.64,7433.312
2025-07-28,ORD042823,CUST03591,P007,Backpack,Accessories,Pune,Online,UPI,1,2017.11,0.15,2017.11,1714.54,0,377.16,2025,7,July,Monday,2017.11,1714.5434999999998
2025-07-28,ORD002179,CUST03503,P013,Monitor,Electronics,Chennai,Online,Cash,3,17046.22,0.15,51138.66,43467.86,0,5857.52,2025,7,July,Monday,51138.66,43467.861000000004
2025-07-28,ORD014826,CUST00143,P007,Backpack,Accessories,Bengaluru,Online,UPI,1,2225.71,0.05,2225.71,2114.42,0,204.49,2025,7,July,Monday,2225.71,2114.4245
2025-07-28,ORD002733,CUST00364,P004,Smartwatch,Electronics,Chennai,Online,UPI,1,6753.96,0.05,6753.96,6416.26,0,1604.96,2025,7,July,Monday,6753.96,6416.262
2025-07-28,ORD036026,CUST00294,P012,Air Fryer,Home,Bengaluru,Store,UPI,2,6676.14,0.15,13352.28,11349.44,0,1063.87,2025,7,July,Monday,13352.28,11349.438
2025-07-28,ORD023562,CUST01234,P003,Headphones,Electronics,Surat,Online,UPI,1,4629.92,0.1,4629.92,4166.93,0,286.12,2025,7,July,Monday,4629.92,4166.928
2025-07-28,ORD034913,CUST02392,P016,Sofa,Furniture,Mumbai,Store,Credit Card,1,33322.59,0.0,33322.59,33322.59,0,9012.52,2025,7,July,Monday,33322.59,33322.59
2025-07-28,ORD021011,CUST03310,P003,Headphones,Electronics,Pune,Store,UPI,3,4562.36,0.1,13687.08,12318.37,0,1200.98,2025,7,July,Monday,13687.079999999998,12318.372
2025-07-28,ORD004224,CUST00082,P019,Vacuum Cleaner,Home,Chennai,Online,Credit Card,2,8977.4,0.0,17954.8,17954.8,0,3977.63,2025,7,July,Monday,17954.8,17954.8
2025-07-28,ORD042641,CUST02429,P002,Smartphone,Electronics,Hyderabad,Online,UPI,2,25895.92,0.1,51791.84,46612.66,0,5624.1,2025,7,July,Monday,51791.84,46612.655999999995
2025-07-28,ORD006833,CUST04482,P002,Smartphone,Electronics,Surat,Online,UPI,2,30732.2,0.0,61464.4,61464.4,0,18280.39,2025,7,July,Monday,61464.4,61464.4
2025-07-28,ORD003242,CUST02378,P013,Monitor,Electronics,Mumbai,Store,UPI,2,18555.16,0.0,37110.32,37110.32,0,4107.58,2025,7,July,Monday,37110.32,37110.32
2025-07-28,ORD040435,CUST01251,P011,Mixer Grinder,Home,Pune,Online,UPI,1,4655.69,0.15,4655.69,3957.34,0,1009.77,2025,7,July,Monday,4655.69,3957.3364999999994
2025-07-28,ORD046802,CUST02264,P012,Air Fryer,Home,Bengaluru,Online,Credit Card,1,7713.7,0.2,7713.7,6170.96,0,599.12,2025,7,July,Monday,7713.7,6170.96
2025-07-28,ORD032112,CUST03932,P013,Monitor,Electronics,Jaipur,Online,UPI,1,17156.84,0.0,17156.84,17156.84,0,4481.92,2025,7,July,Monday,17156.84,17156.84
2025-07-28,ORD007862,CUST04059,P011,Mixer Grinder,Home,Pune,Online,Debit Card,1,5090.03,0.05,5090.03,4835.53,0,790.71,2025,7,July,Monday,5090.03,4835.528499999999
2025-07-28,ORD005672,CUST04757,P003,Headphones,Electronics,Jaipur,Store,UPI,1,4396.61,0.2,4396.61,3517.29,0,464.1,2025,7,July,Monday,4396.61,3517.288
2025-07-28,ORD030040,CUST01102,P018,Jacket,Fashion,Mumbai,Store,UPI,1,4966.45,0.0,4966.45,4966.45,0,1269.33,2025,7,July,Monday,4966.45,4966.45
2025-07-29,ORD045891,CUST03436,P005,Office Chair,Furniture,Delhi,Store,Credit Card,2,8624.43,0.25,17248.86,12936.64,1,-646.83,2025,7,July,Tuesday,17248.86,12936.645
2025-07-29,ORD035999,CUST00006,P002,Smartphone,Electronics,Pune,Online,Credit Card,1,27276.2,0.05,27276.2,25912.39,0,1925.01,2025,7,July,Tuesday,27276.2,25912.39
2025-07-29,ORD042464,CUST00186,P012,Air Fryer,Home,Jaipur,Store,UPI,4,6595.8,0.2,26383.2,21106.56,0,3615.13,2025,7,July,Tuesday,26383.2,21106.56
2025-07-29,ORD017544,CUST02340,P002,Smartphone,Electronics,Mumbai,Online,Debit Card,1,28773.78,0.05,28773.78,27335.09,1,-1366.75,2025,7,July,Tuesday,28773.78,27335.090999999997
2025-07-29,ORD040200,CUST01149,P019,Vacuum Cleaner,Home,Hyderabad,Online,UPI,2,8780.49,0.05,17560.98,16682.93,0,1636.8,2025,7,July,Tuesday,17560.98,16682.931
2025-07-29,ORD028756,CUST04707,P007,Backpack,Accessories,Surat,Online,Net Banking,1,2033.05,0.1,2033.05,1829.74,0,320.22,2025,7,July,Tuesday,2033.05,1829.745
2025-07-29,ORD007101,CUST02479,P019,Vacuum Cleaner,Home,Ahmedabad,Store,Net Banking,1,9387.19,0.1,9387.19,8448.47,0,2053.67,2025,7,July,Tuesday,9387.19,8448.471000000001
2025-07-29,ORD004417,CUST03011,P012,Air Fryer,Home,Hyderabad,Online,Debit Card,1,7553.42,0.0,7553.42,7553.42,0,1218.55,2025,7,July,Tuesday,7553.42,7553.42
2025-07-29,ORD016600,CUST03085,P001,Laptop,Electronics,Ahmedabad,Online,UPI,1,65526.24,0.15,65526.24,55697.3,0,9701.97,2025,7,July,Tuesday,65526.24,55697.304
2025-07-29,ORD019605,CUST00075,P008,Running Shoes,Fashion,Surat,Online,Net Banking,2,3798.99,0.05,7597.98,7218.08,0,789.62,2025,7,July,Tuesday,7597.98,7218.080999999999
2025-07-29,ORD032614,CUST01916,P001,Laptop,Electronics,Ahmedabad,Store,Cash,1,62638.55,0.15,62638.55,53242.77,0,4487.86,2025,7,July,Tuesday,62638.55,53242.7675
2025-07-29,ORD021674,CUST04591,P020,Microwave,Home,Mumbai,Online,UPI,2,10425.35,0.1,20850.7,18765.63,0,2219.73,2025,7,July,Tuesday,20850.7,18765.63
2025-07-29,ORD044149,CUST03135,P015,Dining Table,Furniture,Mumbai,Store,UPI,2,22874.95,0.05,45749.9,43462.4,0,10442.39,2025,7,July,Tuesday,45749.9,43462.405
2025-07-29,ORD044975,CUST00036,P005,Office Chair,Furniture,Pune,Online,UPI,1,9534.78,0.15,9534.78,8104.56,0,1225.47,2025,7,July,Tuesday,9534.78,8104.563
2025-07-29,ORD024819,CUST01118,P013,Monitor,Electronics,Chennai,Online,Credit Card,1,17727.19,0.05,17727.19,16840.83,0,2407.89,2025,7,July,Tuesday,17727.19,16840.830499999996
2025-07-29,ORD029451,CUST03210,P012,Air Fryer,Home,Chennai,Store,Credit Card,2,6623.08,0.05,13246.16,12583.85,1,-629.19,2025,7,July,Tuesday,13246.16,12583.851999999999
2025-07-29,ORD015097,CUST04691,P009,T-Shirt,Fashion,Chennai,Online,UPI,1,1223.19,0.0,1223.19,1223.19,0,205.76,2025,7,July,Tuesday,1223.19,1223.19
2025-07-29,ORD047448,CUST04732,P004,Smartwatch,Electronics,Jaipur,Store,UPI,5,7205.56,0.15,36027.8,30623.63,0,6408.35,2025,7,July,Tuesday,36027.8,30623.63
2025-07-29,ORD025633,CUST03741,P007,Backpack,Accessories,Bengaluru,Store,Debit Card,1,2297.26,0.15,2297.26,1952.67,0,129.04,2025,7,July,Tuesday,2297.26,1952.671
2025-07-29,ORD019973,CUST03269,P005,Office Chair,Furniture,Chennai,Online,Credit Card,1,10091.71,0.0,10091.71,10091.71,0,937.55,2025,7,July,Tuesday,10091.71,10091.71
2025-07-29,ORD049962,CUST01040,P015,Dining Table,Furniture,Mumbai,Online,Credit Card,2,21817.55,0.0,43635.1,43635.1,0,12223.35,2025,7,July,Tuesday,43635.1,43635.1
2025-07-29,ORD025360,CUST01262,P003,Headphones,Electronics,Pune,Store,UPI,1,4510.29,0.1,4510.29,4059.26,1,-202.96,2025,7,July,Tuesday,4510.29,4059.261
2025-07-29,ORD006252,CUST00632,P007,Backpack,Accessories,Chennai,Online,UPI,1,2246.94,0.05,2246.94,2134.59,0,414.66,2025,7,July,Tuesday,2246.94,2134.593
2025-07-29,ORD014956,CUST04336,P016,Sofa,Furniture,Kolkata,Online,UPI,2,36634.04,0.0,73268.08,73268.08,0,14234.34,2025,7,July,Tuesday,73268.08,73268.08
2025-07-29,ORD040273,CUST03185,P015,Dining Table,Furniture,Jaipur,Store,Debit Card,2,21322.54,0.1,42645.08,38380.57,0,7066.32,2025,7,July,Tuesday,42645.08,38380.572
2025-07-29,ORD038757,CUST03136,P002,Smartphone,Electronics,Kolkata,Store,UPI,2,25644.32,0.1,51288.64,46159.78,0,6035.71,2025,7,July,Tuesday,51288.64,46159.776
2025-07-29,ORD014049,CUST01335,P020,Microwave,Home,Chennai,Store,Net Banking,1,10068.23,0.1,10068.23,9061.41,0,818.33,2025,7,July,Tuesday,10068.23,9061.407
2025-07-29,ORD015736,CUST02224,P006,Desk,Furniture,Pune,Online,UPI,1,12526.65,0.1,12526.65,11273.98,0,1111.12,2025,7,July,Tuesday,12526.65,11273.985
2025-07-29,ORD005079,CUST00782,P006,Desk,Furniture,Delhi,Store,Debit Card,1,12307.4,0.1,12307.4,11076.66,0,2585.51,2025,7,July,Tuesday,12307.4,11076.66
2025-07-29,ORD040409,CUST00820,P004,Smartwatch,Electronics,Bengaluru,Online,Credit Card,2,6558.85,0.15,13117.7,11150.04,0,1516.57,2025,7,July,Tuesday,13117.7,11150.045
2025-07-29,ORD032141,CUST03835,P001,Laptop,Electronics,Jaipur,Online,Credit Card,2,62415.05,0.1,124830.1,112347.09,1,-5617.35,2025,7,July,Tuesday,124830.1,112347.09000000001
2025-07-29,ORD032032,CUST02591,P001,Laptop,Electronics,Hyderabad,Store,Credit Card,1,66043.16,0.1,66043.16,59438.84,0,8538.38,2025,7,July,Tuesday,66043.16,59438.844000000005
2025-07-29,ORD035707,CUST03867,P018,Jacket,Fashion,Bengaluru,Online,UPI,1,5615.86,0.15,5615.86,4773.48,0,1195.7,2025,7,July,Tuesday,5615.86,4773.481
2025-07-29,ORD049243,CUST00960,P002,Smartphone,Electronics,Bengaluru,Online,UPI,2,25280.89,0.05,50561.78,48033.69,0,6956.8,2025,7,July,Tuesday,50561.78,48033.691
2025-07-29,ORD001761,CUST02360,P016,Sofa,Furniture,Jaipur,Online,Credit Card,2,35794.6,0.25,71589.2,53691.9,0,2674.73,2025,7,July,Tuesday,71589.2,53691.899999999994
2025-07-29,ORD004997,CUST04237,P009,T-Shirt,Fashion,Pune,Store,Credit Card,5,1097.91,0.1,5489.55,4940.6,0,648.24,2025,7,July,Tuesday,5489.55,4940.595
2025-07-29,ORD026723,CUST02303,P001,Laptop,Electronics,Jaipur,Store,Credit Card,1,60144.26,0.1,60144.26,54129.83,0,7684.57,2025,7,July,Tuesday,60144.26,54129.834
2025-07-29,ORD029172,CUST04400,P019,Vacuum Cleaner,Home,Delhi,Online,Debit Card,1,8120.16,0.0,8120.16,8120.16,0,2280.51,2025,7,July,Tuesday,8120.16,8120.16
2025-07-29,ORD009512,CUST02266,P002,Smartphone,Electronics,Delhi,Store,UPI,1,29857.18,0.05,29857.18,28364.32,0,3247.48,2025,7,July,Tuesday,29857.18,28364.321
2025-07-29,ORD042940,CUST03195,P001,Laptop,Electronics,Kolkata,Store,UPI,3,61126.85,0.1,183380.55,165042.5,0,18339.63,2025,7,July,Tuesday,183380.55,165042.495
2025-07-29,ORD036355,CUST04165,P012,Air Fryer,Home,Delhi,Online,Credit Card,1,7248.01,0.15,7248.01,6160.81,0,468.65,2025,7,July,Tuesday,7248.01,6160.8085
2025-07-29,ORD006909,CUST01956,P004,Smartwatch,Electronics,Pune,Store,Net Banking,1,7201.15,0.05,7201.15,6841.09,0,1489.93,2025,7,July,Tuesday,7201.15,6841.0925
2025-07-29,ORD026413,CUST02545,P010,Coffee Maker,Home,Kolkata,Store,UPI,2,5323.5,0.0,10647.0,10647.0,0,3027.72,2025,7,July,Tuesday,10647.0,10647.0
2025-07-29,ORD036934,CUST03851,P012,Air Fryer,Home,Mumbai,Online,Credit Card,2,7557.98,0.05,15115.96,14360.16,0,3510.34,2025,7,July,Tuesday,15115.96,14360.161999999998
2025-07-29,ORD015562,CUST02862,P019,Vacuum Cleaner,Home,Jaipur,Online,UPI,1,9166.36,0.05,9166.36,8708.04,0,1775.06,2025,7,July,Tuesday,9166.36,8708.042
2025-07-29,ORD005035,CUST04531,P004,Smartwatch,Electronics,Hyderabad,Store,UPI,2,7277.18,0.15,14554.36,12371.21,0,2996.97,2025,7,July,Tuesday,14554.36,12371.206
2025-07-29,ORD032894,CUST04180,P015,Dining Table,Furniture,Surat,Online,Debit Card,1,23308.92,0.05,23308.92,22143.47,0,3102.52,2025,7,July,Tuesday,23308.92,22143.474
2025-07-29,ORD024353,CUST00621,P004,Smartwatch,Electronics,Delhi,Store,Credit Card,1,7174.81,0.2,7174.81,5739.85,0,827.29,2025,7,July,Tuesday,7174.81,5739.848000000001
2025-07-29,ORD013933,CUST03076,P010,Coffee Maker,Home,Kolkata,Online,Debit Card,1,5726.52,0.1,5726.52,5153.87,0,548.63,2025,7,July,Tuesday,5726.52,5153.868
2025-07-29,ORD011837,CUST02600,P012,Air Fryer,Home,Surat,Online,Credit Card,1,7351.12,0.05,7351.12,6983.56,0,1698.86,2025,7,July,Tuesday,7351.12,6983.563999999999
2025-07-29,ORD008453,CUST00728,P014,Keyboard,Electronics,Surat,Store,UPI,1,2519.23,0.1,2519.23,2267.31,0,208.4,2025,7,July,Tuesday,2519.23,2267.3070000000002
2025-07-29,ORD023886,CUST04931,P020,Microwave,Home,Kolkata,Online,UPI,1,10502.57,0.0,10502.57,10502.57,0,2926.22,2025,7,July,Tuesday,10502.57,10502.57
2025-07-29,ORD021367,CUST03380,P010,Coffee Maker,Home,Delhi,Online,UPI,1,5575.08,0.15,5575.08,4738.82,0,790.58,2025,7,July,Tuesday,5575.08,4738.818
2025-07-29,ORD005302,CUST02225,P006,Desk,Furniture,Pune,Online,UPI,1,12907.73,0.05,12907.73,12262.34,0,1923.33,2025,7,July,Tuesday,12907.73,12262.343499999999
2025-07-29,ORD043510,CUST01961,P005,Office Chair,Furniture,Hyderabad,Online,UPI,1,9899.09,0.1,9899.09,8909.18,0,1627.83,2025,7,July,Tuesday,9899.09,8909.181
2025-07-29,ORD006319,CUST00772,P009,T-Shirt,Fashion,Bengaluru,Online,UPI,1,1237.61,0.25,1237.61,928.21,0,95.85,2025,7,July,Tuesday,1237.61,928.2075
2025-07-29,ORD013892,CUST01910,P001,Laptop,Electronics,Jaipur,Store,UPI,2,69607.62,0.0,139215.24,139215.24,0,28015.8,2025,7,July,Tuesday,139215.24,139215.24
2025-07-29,ORD015294,CUST03277,P017,Jeans,Fashion,Ahmedabad,Store,Debit Card,1,2812.68,0.2,2812.68,2250.14,0,242.92,2025,7,July,Tuesday,2812.68,2250.144
2025-07-29,ORD009853,CUST03983,P010,Coffee Maker,Home,Surat,Store,Credit Card,1,5579.8,0.2,5579.8,4463.84,0,655.0,2025,7,July,Tuesday,5579.8,4463.84
2025-07-29,ORD025101,CUST01937,P003,Headphones,Electronics,Pune,Online,Cash,1,4850.73,0.1,4850.73,4365.66,0,418.14,2025,7,July,Tuesday,4850.73,4365.657
2025-07-29,ORD009993,CUST00413,P006,Desk,Furniture,Chennai,Online,UPI,1,11415.9,0.1,11415.9,10274.31,0,863.36,2025,7,July,Tuesday,11415.9,10274.31
2025-07-29,ORD042080,CUST02233,P004,Smartwatch,Electronics,Pune,Online,Debit Card,4,6771.56,0.25,27086.24,20314.68,0,812.59,2025,7,July,Tuesday,27086.24,20314.68
2025-07-29,ORD040342,CUST04844,P010,Coffee Maker,Home,Surat,Online,Credit Card,1,5053.8,0.0,5053.8,5053.8,0,761.33,2025,7,July,Tuesday,5053.8,5053.8
2025-07-29,ORD048716,CUST00567,P015,Dining Table,Furniture,Pune,Online,Cash,2,23054.58,0.25,46109.16,34581.87,0,3531.18,2025,7,July,Tuesday,46109.16,34581.87
2025-07-29,ORD017747,CUST04437,P019,Vacuum Cleaner,Home,Delhi,Online,UPI,2,8759.59,0.0,17519.18,17519.18,0,5139.99,2025,7,July,Tuesday,17519.18,17519.18
2025-07-29,ORD011921,CUST00258,P013,Monitor,Electronics,Ahmedabad,Online,UPI,3,17014.35,0.0,51043.05,51043.05,0,14819.79,2025,7,July,Tuesday,51043.049999999996,51043.05
2025-07-29,ORD025125,CUST04066,P019,Vacuum Cleaner,Home,Surat,Store,UPI,2,8155.23,0.05,16310.46,15494.94,0,2396.39,2025,7,July,Tuesday,16310.46,15494.936999999998
2025-07-29,ORD031691,CUST03862,P005,Office Chair,Furniture,Ahmedabad,Online,Net Banking,1,9995.72,0.0,9995.72,9995.72,0,1548.44,2025,7,July,Tuesday,9995.72,9995.72
2025-07-29,ORD017334,CUST02586,P006,Desk,Furniture,Chennai,Online,Credit Card,1,11117.89,0.05,11117.89,10562.0,0,1305.43,2025,7,July,Tuesday,11117.89,10561.995499999999
2025-07-29,ORD045139,CUST04547,P007,Backpack,Accessories,Surat,Online,UPI,1,2342.74,0.1,2342.74,2108.47,0,499.32,2025,7,July,Tuesday,2342.74,2108.466
2025-07-29,ORD005060,CUST00443,P006,Desk,Furniture,Ahmedabad,Online,Cash,1,11625.7,0.1,11625.7,10463.13,0,2053.51,2025,7,July,Tuesday,11625.7,10463.130000000001
2025-07-29,ORD040118,CUST04186,P001,Laptop,Electronics,Pune,Online,Debit Card,2,62757.92,0.15,125515.84,106688.46,0,11250.54,2025,7,July,Tuesday,125515.84,106688.46399999999
2025-07-29,ORD041100,CUST01293,P018,Jacket,Fashion,Pune,Store,Net Banking,1,5071.44,0.05,5071.44,4817.87,0,1343.84,2025,7,July,Tuesday,5071.44,4817.8679999999995
2025-07-29,ORD001663,CUST01182,P019,Vacuum Cleaner,Home,Bengaluru,Online,Cash,1,8612.33,0.15,8612.33,7320.48,0,868.65,2025,7,July,Tuesday,8612.33,7320.4805
2025-07-29,ORD010847,CUST04459,P010,Coffee Maker,Home,Pune,Online,Debit Card,1,5101.01,0.1,5101.01,4590.91,0,533.99,2025,7,July,Tuesday,5101.01,4590.909000000001
2025-07-29,ORD017214,CUST00225,P013,Monitor,Electronics,Pune,Store,Net Banking,3,18089.7,0.1,54269.1,48842.19,0,12493.29,2025,7,July,Tuesday,54269.100000000006,48842.19
2025-07-29,ORD037634,CUST01881,P007,Backpack,Accessories,Ahmedabad,Online,UPI,1,2320.72,0.15,2320.72,1972.61,0,399.97,2025,7,July,Tuesday,2320.72,1972.6119999999999
2025-07-29,ORD031904,CUST01213,P001,Laptop,Electronics,Jaipur,Online,Credit Card,1,71411.94,0.1,71411.94,64270.75,0,14580.1,2025,7,July,Tuesday,71411.94,64270.74600000001
2025-07-30,ORD042108,CUST04869,P010,Coffee Maker,Home,Hyderabad,Online,Credit Card,4,5585.46,0.1,22341.84,20107.66,0,4514.59,2025,7,July,Wednesday,22341.84,20107.656
2025-07-30,ORD043671,CUST00061,P009,T-Shirt,Fashion,Delhi,Online,Cash,3,1151.37,0.1,3454.11,3108.7,1,-155.44,2025,7,July,Wednesday,3454.1099999999997,3108.699
2025-07-30,ORD023610,CUST02778,P005,Office Chair,Furniture,Surat,Store,Debit Card,1,8755.58,0.15,8755.58,7442.24,0,1502.04,2025,7,July,Wednesday,8755.58,7442.2429999999995
2025-07-30,ORD008108,CUST04365,P003,Headphones,Electronics,Bengaluru,Online,UPI,1,4466.27,0.25,4466.27,3349.7,0,787.31,2025,7,July,Wednesday,4466.27,3349.7025000000003
2025-07-30,ORD017264,CUST02806,P004,Smartwatch,Electronics,Kolkata,Online,Cash,2,7419.51,0.1,14839.02,13355.12,0,2501.69,2025,7,July,Wednesday,14839.02,13355.118
2025-07-30,ORD018246,CUST02843,P013,Monitor,Electronics,Surat,Online,Credit Card,2,17019.75,0.1,34039.5,30635.55,0,5344.07,2025,7,July,Wednesday,34039.5,30635.55
2025-07-30,ORD019698,CUST02674,P001,Laptop,Electronics,Kolkata,Store,Cash,1,71137.46,0.15,71137.46,60466.84,0,12716.02,2025,7,July,Wednesday,71137.46,60466.841
2025-07-30,ORD027682,CUST01404,P015,Dining Table,Furniture,Delhi,Online,UPI,2,20090.58,0.15,40181.16,34153.99,0,4970.16,2025,7,July,Wednesday,40181.16,34153.986000000004
2025-07-30,ORD039941,CUST01579,P001,Laptop,Electronics,Delhi,Online,Net Banking,4,64355.18,0.05,257420.72,244549.68,1,-12227.48,2025,7,July,Wednesday,257420.72,244549.68399999998
2025-07-30,ORD024500,CUST03529,P017,Jeans,Fashion,Kolkata,Store,Cash,1,2590.95,0.0,2590.95,2590.95,0,312.79,2025,7,July,Wednesday,2590.95,2590.95
2025-07-30,ORD006665,CUST01065,P013,Monitor,Electronics,Mumbai,Online,Net Banking,1,17916.82,0.1,17916.82,16125.14,0,4285.47,2025,7,July,Wednesday,17916.82,16125.138
2025-07-30,ORD032451,CUST00214,P020,Microwave,Home,Kolkata,Online,UPI,3,12055.46,0.0,36166.38,36166.38,0,7068.64,2025,7,July,Wednesday,36166.38,36166.38
2025-07-30,ORD040954,CUST01329,P019,Vacuum Cleaner,Home,Chennai,Online,Cash,3,9563.8,0.25,28691.4,21518.55,0,2719.28,2025,7,July,Wednesday,28691.399999999998,21518.550000000003
2025-07-30,ORD038196,CUST04034,P014,Keyboard,Electronics,Delhi,Store,UPI,1,2415.5,0.0,2415.5,2415.5,0,665.21,2025,7,July,Wednesday,2415.5,2415.5
2025-07-30,ORD028634,CUST02773,P011,Mixer Grinder,Home,Bengaluru,Store,UPI,1,4326.95,0.1,4326.95,3894.26,0,419.56,2025,7,July,Wednesday,4326.95,3894.255
2025-07-30,ORD016907,CUST04751,P006,Desk,Furniture,Pune,Online,Debit Card,1,12392.5,0.15,12392.5,10533.62,0,1409.61,2025,7,July,Wednesday,12392.5,10533.625
2025-07-30,ORD028986,CUST04948,P009,T-Shirt,Fashion,Bengaluru,Online,Debit Card,3,1257.19,0.1,3771.57,3394.41,0,515.78,2025,7,July,Wednesday,3771.57,3394.413
2025-07-30,ORD036646,CUST01220,P007,Backpack,Accessories,Bengaluru,Online,Debit Card,2,2326.71,0.1,4653.42,4188.08,0,1113.3,2025,7,July,Wednesday,4653.42,4188.078
2025-07-30,ORD005749,CUST00917,P008,Running Shoes,Fashion,Chennai,Online,Credit Card,1,4513.43,0.1,4513.43,4062.09,0,685.5,2025,7,July,Wednesday,4513.43,4062.0870000000004
2025-07-30,ORD007255,CUST02067,P011,Mixer Grinder,Home,Surat,Online,Cash,1,4362.78,0.15,4362.78,3708.36,0,372.23,2025,7,July,Wednesday,4362.78,3708.363
2025-07-30,ORD044602,CUST00757,P012,Air Fryer,Home,Ahmedabad,Online,Debit Card,2,7483.09,0.1,14966.18,13469.56,0,2912.74,2025,7,July,Wednesday,14966.18,13469.562
2025-07-30,ORD006376,CUST04274,P012,Air Fryer,Home,Ahmedabad,Online,Cash,2,7550.24,0.2,15100.48,12080.38,0,1528.04,2025,7,July,Wednesday,15100.48,12080.384
2025-07-30,ORD042484,CUST03496,P018,Jacket,Fashion,Bengaluru,Online,Cash,2,5136.15,0.15,10272.3,8731.46,0,911.36,2025,7,July,Wednesday,10272.3,8731.455
2025-07-30,ORD004926,CUST04230,P018,Jacket,Fashion,Ahmedabad,Store,Debit Card,4,5300.07,0.05,21200.28,20140.27,0,4625.76,2025,7,July,Wednesday,21200.28,20140.266
2025-07-30,ORD025826,CUST03453,P015,Dining Table,Furniture,Surat,Online,Credit Card,4,20365.8,0.0,81463.2,81463.2,0,12441.95,2025,7,July,Wednesday,81463.2,81463.2
2025-07-30,ORD008365,CUST03895,P007,Backpack,Accessories,Chennai,Online,Debit Card,4,2358.6,0.1,9434.4,8490.96,0,2036.87,2025,7,July,Wednesday,9434.4,8490.96
2025-07-30,ORD020435,CUST03939,P006,Desk,Furniture,Bengaluru,Online,UPI,1,12233.59,0.25,12233.59,9175.19,0,1445.5,2025,7,July,Wednesday,12233.59,9175.192500000001
2025-07-30,ORD047231,CUST03781,P008,Running Shoes,Fashion,Jaipur,Online,Credit Card,2,3785.7,0.05,7571.4,7192.83,0,2036.25,2025,7,July,Wednesday,7571.4,7192.829999999999
2025-07-30,ORD004110,CUST01734,P020,Microwave,Home,Hyderabad,Online,Credit Card,1,9991.88,0.25,9991.88,7493.91,0,1486.12,2025,7,July,Wednesday,9991.88,7493.91
2025-07-30,ORD007122,CUST03433,P002,Smartphone,Electronics,Jaipur,Online,UPI,5,29874.82,0.0,149374.1,149374.1,0,23284.07,2025,7,July,Wednesday,149374.1,149374.1
2025-07-30,ORD003606,CUST00414,P003,Headphones,Electronics,Pune,Online,UPI,1,4280.25,0.15,4280.25,3638.21,0,433.61,2025,7,July,Wednesday,4280.25,3638.2125
2025-07-30,ORD002746,CUST02577,P005,Office Chair,Furniture,Ahmedabad,Store,Credit Card,2,10171.01,0.0,20342.02,20342.02,0,5241.61,2025,7,July,Wednesday,20342.02,20342.02
2025-07-30,ORD026355,CUST01742,P004,Smartwatch,Electronics,Bengaluru,Store,UPI,1,6471.75,0.0,6471.75,6471.75,0,1205.49,2025,7,July,Wednesday,6471.75,6471.75
2025-07-30,ORD034458,CUST04389,P017,Jeans,Fashion,Pune,Store,Cash,2,3049.3,0.2,6098.6,4878.88,0,828.99,2025,7,July,Wednesday,6098.6,4878.88
2025-07-30,ORD043918,CUST03560,P001,Laptop,Electronics,Jaipur,Online,Credit Card,1,61759.7,0.0,61759.7,61759.7,0,12150.3,2025,7,July,Wednesday,61759.7,61759.7
2025-07-30,ORD042496,CUST02745,P009,T-Shirt,Fashion,Jaipur,Store,Cash,2,1121.4,0.15,2242.8,1906.38,0,253.58,2025,7,July,Wednesday,2242.8,1906.38
2025-07-30,ORD032876,CUST02721,P005,Office Chair,Furniture,Mumbai,Online,UPI,2,9793.99,0.1,19587.98,17629.18,0,2887.46,2025,7,July,Wednesday,19587.98,17629.182
2025-07-30,ORD016516,CUST01745,P009,T-Shirt,Fashion,Delhi,Store,Credit Card,1,1130.8,0.0,1130.8,1130.8,0,302.05,2025,7,July,Wednesday,1130.8,1130.8
2025-07-30,ORD025915,CUST00007,P001,Laptop,Electronics,Bengaluru,Online,Debit Card,4,59571.78,0.05,238287.12,226372.76,0,24320.99,2025,7,July,Wednesday,238287.12,226372.764
2025-07-30,ORD035586,CUST04933,P014,Keyboard,Electronics,Jaipur,Online,Credit Card,1,2252.48,0.25,2252.48,1689.36,0,195.82,2025,7,July,Wednesday,2252.48,1689.3600000000001
2025-07-30,ORD010702,CUST03881,P004,Smartwatch,Electronics,Chennai,Online,Credit Card,1,7195.74,0.15,7195.74,6116.38,0,1216.8,2025,7,July,Wednesday,7195.74,6116.379
2025-07-30,ORD030923,CUST03359,P006,Desk,Furniture,Pune,Online,Cash,1,12147.68,0.05,12147.68,11540.3,0,1389.08,2025,7,July,Wednesday,12147.68,11540.296
2025-07-30,ORD034226,CUST04870,P013,Monitor,Electronics,Jaipur,Online,UPI,1,17938.59,0.15,17938.59,15247.8,0,2648.25,2025,7,July,Wednesday,17938.59,15247.8015
2025-07-30,ORD035666,CUST04680,P014,Keyboard,Electronics,Hyderabad,Online,Credit Card,2,2739.25,0.0,5478.5,5478.5,0,1304.4,2025,7,July,Wednesday,5478.5,5478.5
2025-07-30,ORD022606,CUST00751,P012,Air Fryer,Home,Mumbai,Online,Debit Card,2,6790.22,0.0,13580.44,13580.44,0,3397.5,2025,7,July,Wednesday,13580.44,13580.44
2025-07-30,ORD026730,CUST04335,P020,Microwave,Home,Ahmedabad,Online,UPI,2,10169.91,0.0,20339.82,20339.82,0,2731.84,2025,7,July,Wednesday,20339.82,20339.82
2025-07-30,ORD020278,CUST03471,P008,Running Shoes,Fashion,Delhi,Online,Credit Card,1,4114.07,0.05,4114.07,3908.37,0,1080.2,2025,7,July,Wednesday,4114.07,3908.3664999999996
2025-07-30,ORD048648,CUST01491,P005,Office Chair,Furniture,Delhi,Store,Credit Card,1,9367.85,0.1,9367.85,8431.06,0,1305.63,2025,7,July,Wednesday,9367.85,8431.065
2025-07-30,ORD015058,CUST01944,P010,Coffee Maker,Home,Mumbai,Online,UPI,3,5122.51,0.1,15367.53,13830.78,0,2339.07,2025,7,July,Wednesday,15367.53,13830.777
2025-07-30,ORD005614,CUST04932,P014,Keyboard,Electronics,Chennai,Online,UPI,2,2653.06,0.05,5306.12,5040.81,0,474.31,2025,7,July,Wednesday,5306.12,5040.813999999999
2025-07-30,ORD042432,CUST03303,P007,Backpack,Accessories,Surat,Store,UPI,1,2261.56,0.1,2261.56,2035.4,0,278.03,2025,7,July,Wednesday,2261.56,2035.404
2025-07-30,ORD009226,CUST00317,P009,T-Shirt,Fashion,Pune,Online,Credit Card,4,1152.67,0.05,4610.68,4380.15,0,566.78,2025,7,July,Wednesday,4610.68,4380.146
2025-07-30,ORD041000,CUST03219,P011,Mixer Grinder,Home,Ahmedabad,Online,UPI,3,4376.43,0.0,13129.29,13129.29,0,2956.55,2025,7,July,Wednesday,13129.29,13129.29
2025-07-30,ORD048886,CUST03132,P004,Smartwatch,Electronics,Ahmedabad,Online,Debit Card,1,6835.55,0.2,6835.55,5468.44,0,801.34,2025,7,July,Wednesday,6835.55,5468.4400000000005
2025-07-30,ORD043276,CUST01066,P001,Laptop,Electronics,Kolkata,Store,UPI,1,64024.98,0.15,64024.98,54421.23,0,11326.27,2025,7,July,Wednesday,64024.98,54421.233
2025-07-30,ORD041729,CUST03709,P019,Vacuum Cleaner,Home,Mumbai,Online,Debit Card,1,8346.39,0.05,8346.39,7929.07,0,1820.52,2025,7,July,Wednesday,8346.39,7929.070499999999
2025-07-30,ORD031879,CUST01768,P013,Monitor,Electronics,Pune,Online,Net Banking,3,18302.85,0.1,54908.55,49417.7,0,12071.72,2025,7,July,Wednesday,54908.549999999996,49417.69500000001
2025-07-30,ORD028027,CUST04436,P017,Jeans,Fashion,Delhi,Online,Credit Card,1,2963.67,0.0,2963.67,2963.67,0,368.39,2025,7,July,Wednesday,2963.67,2963.67
2025-07-30,ORD002635,CUST00160,P017,Jeans,Fashion,Bengaluru,Store,Credit Card,2,2540.86,0.1,5081.72,4573.55,0,326.23,2025,7,July,Wednesday,5081.72,4573.548000000001
2025-07-30,ORD042367,CUST01002,P004,Smartwatch,Electronics,Pune,Store,UPI,4,6883.61,0.2,27534.44,22027.55,0,2377.36,2025,7,July,Wednesday,27534.44,22027.552
2025-07-30,ORD004821,CUST02578,P007,Backpack,Accessories,Surat,Store,UPI,1,2209.38,0.1,2209.38,1988.44,0,366.3,2025,7,July,Wednesday,2209.38,1988.4420000000002
2025-07-30,ORD002710,CUST00327,P015,Dining Table,Furniture,Chennai,Online,Credit Card,2,20214.68,0.1,40429.36,36386.42,0,3800.7,2025,7,July,Wednesday,40429.36,36386.424
2025-07-30,ORD034558,CUST02833,P006,Desk,Furniture,Jaipur,Online,UPI,1,12891.72,0.1,12891.72,11602.55,0,1116.99,2025,7,July,Wednesday,12891.72,11602.547999999999
2025-07-30,ORD020271,CUST01720,P015,Dining Table,Furniture,Kolkata,Store,UPI,1,22597.63,0.2,22597.63,18078.1,0,3980.34,2025,7,July,Wednesday,22597.63,18078.104000000003
2025-07-30,ORD032108,CUST03183,P009,T-Shirt,Fashion,Delhi,Online,UPI,3,1230.02,0.05,3690.06,3505.56,0,855.99,2025,7,July,Wednesday,3690.06,3505.557
2025-07-30,ORD009769,CUST01926,P014,Keyboard,Electronics,Hyderabad,Online,UPI,2,2530.81,0.25,5061.62,3796.22,1,-189.81,2025,7,July,Wednesday,5061.62,3796.215
2025-07-30,ORD046853,CUST03590,P018,Jacket,Fashion,Kolkata,Online,Net Banking,1,5179.1,0.1,5179.1,4661.19,0,1239.47,2025,7,July,Wednesday,5179.1,4661.1900000000005
2025-07-30,ORD011845,CUST01145,P004,Smartwatch,Electronics,Chennai,Online,Net Banking,1,7588.93,0.25,7588.93,5691.7,0,1031.43,2025,7,July,Wednesday,7588.93,5691.6975
2025-07-30,ORD002845,CUST03765,P015,Dining Table,Furniture,Surat,Store,UPI,1,23977.07,0.0,23977.07,23977.07,0,4976.36,2025,7,July,Wednesday,23977.07,23977.07
2025-07-30,ORD014442,CUST03377,P015,Dining Table,Furniture,Chennai,Online,Debit Card,1,23369.36,0.15,23369.36,19863.96,1,-993.2,2025,7,July,Wednesday,23369.36,19863.956
2025-07-31,ORD008509,CUST02057,P019,Vacuum Cleaner,Home,Hyderabad,Online,Net Banking,5,8866.19,0.15,44330.95,37681.31,0,2219.21,2025,7,July,Thursday,44330.950000000004,37681.307499999995
2025-07-31,ORD006606,CUST03105,P001,Laptop,Electronics,Delhi,Online,UPI,1,58521.34,0.15,58521.34,49743.14,0,7870.83,2025,7,July,Thursday,58521.34,49743.138999999996
2025-07-31,ORD012553,CUST04325,P001,Laptop,Electronics,Bengaluru,Online,Credit Card,2,66092.87,0.0,132185.74,132185.74,0,37698.76,2025,7,July,Thursday,132185.74,132185.74
2025-07-31,ORD004697,CUST03583,P014,Keyboard,Electronics,Delhi,Online,UPI,2,2512.51,0.1,5025.02,4522.52,0,718.39,2025,7,July,Thursday,5025.02,4522.518000000001
2025-07-31,ORD010797,CUST02157,P014,Keyboard,Electronics,Surat,Online,UPI,3,2668.96,0.0,8006.88,8006.88,0,2155.05,2025,7,July,Thursday,8006.88,8006.88
2025-07-31,ORD027526,CUST04788,P019,Vacuum Cleaner,Home,Bengaluru,Online,Credit Card,1,9078.77,0.0,9078.77,9078.77,0,983.97,2025,7,July,Thursday,9078.77,9078.77
2025-07-31,ORD032753,CUST02064,P011,Mixer Grinder,Home,Kolkata,Store,Debit Card,1,4458.25,0.1,4458.25,4012.42,0,1043.77,2025,7,July,Thursday,4458.25,4012.425
2025-07-31,ORD004394,CUST03608,P016,Sofa,Furniture,Bengaluru,Online,Credit Card,1,34408.93,0.15,34408.93,29247.59,0,6173.99,2025,7,July,Thursday,34408.93,29247.5905
2025-07-31,ORD016445,CUST03922,P001,Laptop,Electronics,Delhi,Store,Net Banking,3,60924.13,0.0,182772.39,182772.39,0,28794.32,2025,7,July,Thursday,182772.38999999998,182772.39
2025-07-31,ORD042333,CUST04003,P005,Office Chair,Furniture,Delhi,Online,Net Banking,1,10033.5,0.1,10033.5,9030.15,1,-451.51,2025,7,July,Thursday,10033.5,9030.15
2025-07-31,ORD041394,CUST00529,P001,Laptop,Electronics,Jaipur,Online,UPI,3,71110.55,0.15,213331.65,181331.9,0,18513.2,2025,7,July,Thursday,213331.65000000002,181331.9025
2025-07-31,ORD000491,CUST02794,P013,Monitor,Electronics,Jaipur,Online,UPI,2,18600.23,0.1,37200.46,33480.41,0,5166.97,2025,7,July,Thursday,37200.46,33480.414
2025-07-31,ORD005169,CUST04932,P009,T-Shirt,Fashion,Bengaluru,Online,Credit Card,5,1306.31,0.1,6531.55,5878.4,0,944.7,2025,7,July,Thursday,6531.549999999999,5878.395
2025-07-31,ORD012778,CUST00105,P008,Running Shoes,Fashion,Ahmedabad,Online,UPI,1,4603.38,0.1,4603.38,4143.04,0,519.47,2025,7,July,Thursday,4603.38,4143.042
2025-07-31,ORD029769,CUST00452,P011,Mixer Grinder,Home,Surat,Online,Credit Card,2,4407.87,0.1,8815.74,7934.17,0,1944.59,2025,7,July,Thursday,8815.74,7934.166
2025-07-31,ORD006803,CUST03101,P010,Coffee Maker,Home,Pune,Online,Credit Card,1,5942.18,0.05,5942.18,5645.07,0,1477.03,2025,7,July,Thursday,5942.18,5645.071
2025-07-31,ORD035596,CUST00509,P019,Vacuum Cleaner,Home,Surat,Store,Credit Card,1,8666.37,0.05,8666.37,8233.05,0,2017.95,2025,7,July,Thursday,8666.37,8233.0515
2025-07-31,ORD019738,CUST02394,P003,Headphones,Electronics,Ahmedabad,Store,Cash,2,4272.54,0.15,8545.08,7263.32,0,878.71,2025,7,July,Thursday,8545.08,7263.317999999999
2025-07-31,ORD013117,CUST02990,P017,Jeans,Fashion,Pune,Online,UPI,2,2691.05,0.15,5382.1,4574.78,0,680.95,2025,7,July,Thursday,5382.1,4574.785
2025-07-31,ORD015842,CUST04717,P004,Smartwatch,Electronics,Chennai,Online,UPI,2,7593.38,0.2,15186.76,12149.41,0,2936.77,2025,7,July,Thursday,15186.76,12149.408000000001
2025-07-31,ORD028554,CUST03215,P009,T-Shirt,Fashion,Surat,Online,UPI,2,1215.46,0.05,2430.92,2309.37,0,477.41,2025,7,July,Thursday,2430.92,2309.374
2025-07-31,ORD023546,CUST03821,P004,Smartwatch,Electronics,Mumbai,Online,UPI,2,6467.5,0.1,12935.0,11641.5,0,1179.82,2025,7,July,Thursday,12935.0,11641.5
2025-07-31,ORD043628,CUST01306,P004,Smartwatch,Electronics,Kolkata,Store,Cash,1,7208.76,0.05,7208.76,6848.32,0,839.02,2025,7,July,Thursday,7208.76,6848.322
2025-07-31,ORD032685,CUST01718,P014,Keyboard,Electronics,Pune,Store,Debit Card,2,2407.81,0.2,4815.62,3852.5,0,167.57,2025,7,July,Thursday,4815.62,3852.496
2025-07-31,ORD026768,CUST04661,P014,Keyboard,Electronics,Pune,Store,Cash,1,2488.55,0.05,2488.55,2364.12,0,258.81,2025,7,July,Thursday,2488.55,2364.1225
2025-07-31,ORD000797,CUST04415,P017,Jeans,Fashion,Chennai,Online,Credit Card,3,2654.89,0.05,7964.67,7566.44,0,1720.58,2025,7,July,Thursday,7964.67,7566.4365
2025-07-31,ORD027695,CUST02995,P008,Running Shoes,Fashion,Chennai,Store,Debit Card,1,4198.8,0.05,4198.8,3988.86,0,677.63,2025,7,July,Thursday,4198.8,3988.86
2025-07-31,ORD022196,CUST00561,P005,Office Chair,Furniture,Kolkata,Online,Credit Card,1,9760.0,0.05,9760.0,9272.0,0,674.25,2025,7,July,Thursday,9760.0,9272.0
2025-07-31,ORD045289,CUST03922,P010,Coffee Maker,Home,Pune,Online,UPI,1,5649.07,0.15,5649.07,4801.71,0,1177.13,2025,7,July,Thursday,5649.07,4801.7095
2025-07-31,ORD032538,CUST02273,P012,Air Fryer,Home,Kolkata,Online,UPI,1,7753.58,0.0,7753.58,7753.58,0,1997.52,2025,7,July,Thursday,7753.58,7753.58
2025-07-31,ORD017472,CUST02204,P006,Desk,Furniture,Hyderabad,Online,Credit Card,1,12197.15,0.25,12197.15,9147.86,0,1369.43,2025,7,July,Thursday,12197.15,9147.8625
2025-07-31,ORD023940,CUST03308,P013,Monitor,Electronics,Jaipur,Online,Debit Card,1,18470.99,0.0,18470.99,18470.99,0,5344.57,2025,7,July,Thursday,18470.99,18470.99
2025-07-31,ORD029822,CUST01959,P017,Jeans,Fashion,Hyderabad,Online,UPI,1,2832.85,0.15,2832.85,2407.92,0,320.71,2025,7,July,Thursday,2832.85,2407.9224999999997
2025-07-31,ORD041559,CUST01930,P013,Monitor,Electronics,Bengaluru,Online,Debit Card,2,17786.85,0.0,35573.7,35573.7,1,-1778.68,2025,7,July,Thursday,35573.7,35573.7
2025-07-31,ORD010223,CUST01931,P002,Smartphone,Electronics,Pune,Store,UPI,4,28929.96,0.05,115719.84,109933.85,0,27751.4,2025,7,July,Thursday,115719.84,109933.848
2025-07-31,ORD002315,CUST03920,P014,Keyboard,Electronics,Delhi,Online,Credit Card,1,2688.73,0.1,2688.73,2419.86,0,344.04,2025,7,July,Thursday,2688.73,2419.857
2025-07-31,ORD023121,CUST02184,P003,Headphones,Electronics,Kolkata,Store,Cash,2,4925.57,0.05,9851.14,9358.58,0,2458.64,2025,7,July,Thursday,9851.14,9358.582999999999
2025-07-31,ORD030372,CUST02948,P007,Backpack,Accessories,Delhi,Online,UPI,2,2344.36,0.15,4688.72,3985.41,0,675.89,2025,7,July,Thursday,4688.72,3985.4120000000003
2025-07-31,ORD010154,CUST00819,P004,Smartwatch,Electronics,Mumbai,Online,Credit Card,4,6582.32,0.15,26329.28,22379.89,0,3972.87,2025,7,July,Thursday,26329.28,22379.888
2025-07-31,ORD019944,CUST00533,P008,Running Shoes,Fashion,Kolkata,Online,UPI,1,4050.96,0.1,4050.96,3645.86,0,996.97,2025,7,July,Thursday,4050.96,3645.864
2025-07-31,ORD024575,CUST02557,P013,Monitor,Electronics,Kolkata,Online,UPI,2,17493.64,0.05,34987.28,33237.92,0,6283.94,2025,7,July,Thursday,34987.28,33237.916
2025-07-31,ORD020224,CUST01840,P001,Laptop,Electronics,Chennai,Online,UPI,2,70669.2,0.2,141338.4,113070.72,0,27468.96,2025,7,July,Thursday,141338.4,113070.72
2025-07-31,ORD006596,CUST00064,P001,Laptop,Electronics,Ahmedabad,Online,Net Banking,1,69011.33,0.05,69011.33,65560.76,0,7860.92,2025,7,July,Thursday,69011.33,65560.7635
2025-07-31,ORD006384,CUST01212,P020,Microwave,Home,Jaipur,Online,UPI,5,11110.91,0.0,55554.55,55554.55,0,14751.15,2025,7,July,Thursday,55554.55,55554.55
2025-07-31,ORD045542,CUST04754,P009,T-Shirt,Fashion,Chennai,Store,UPI,2,1231.63,0.1,2463.26,2216.93,0,252.42,2025,7,July,Thursday,2463.26,2216.934
2025-07-31,ORD016221,CUST03772,P009,T-Shirt,Fashion,Delhi,Online,UPI,1,1115.9,0.05,1115.9,1060.1,0,187.7,2025,7,July,Thursday,1115.9,1060.105
2025-07-31,ORD009320,CUST01862,P003,Headphones,Electronics,Hyderabad,Online,Credit Card,1,4112.35,0.25,4112.35,3084.26,0,178.25,2025,7,July,Thursday,4112.35,3084.2625000000003
2025-07-31,ORD029221,CUST02716,P016,Sofa,Furniture,Surat,Online,Credit Card,1,31588.95,0.1,31588.95,28430.06,0,3309.73,2025,7,July,Thursday,31588.95,28430.055
2025-07-31,ORD035835,CUST03223,P014,Keyboard,Electronics,Ahmedabad,Store,Net Banking,2,2590.46,0.0,5180.92,5180.92,0,589.21,2025,7,July,Thursday,5180.92,5180.92
2025-07-31,ORD012322,CUST00413,P005,Office Chair,Furniture,Mumbai,Online,Credit Card,1,10410.49,0.0,10410.49,10410.49,0,2079.12,2025,7,July,Thursday,10410.49,10410.49
2025-07-31,ORD000167,CUST04226,P014,Keyboard,Electronics,Mumbai,Online,Net Banking,2,2402.34,0.15,4804.68,4083.98,0,566.27,2025,7,July,Thursday,4804.68,4083.978
2025-07-31,ORD033713,CUST02403,P005,Office Chair,Furniture,Hyderabad,Online,Net Banking,2,10248.24,0.0,20496.48,20496.48,0,2489.21,2025,7,July,Thursday,20496.48,20496.48
2025-07-31,ORD025893,CUST02512,P016,Sofa,Furniture,Ahmedabad,Store,UPI,1,35629.46,0.25,35629.46,26722.1,0,3432.92,2025,7,July,Thursday,35629.46,26722.095
2025-07-31,ORD014312,CUST03727,P016,Sofa,Furniture,Pune,Store,Credit Card,4,34464.61,0.0,137858.44,137858.44,0,40987.23,2025,7,July,Thursday,137858.44,137858.44
2025-07-31,ORD015536,CUST02321,P013,Monitor,Electronics,Bengaluru,Store,UPI,1,19314.14,0.0,19314.14,19314.14,0,1905.92,2025,7,July,Thursday,19314.14,19314.14
2025-07-31,ORD007596,CUST01496,P011,Mixer Grinder,Home,Jaipur,Store,Credit Card,2,5265.18,0.0,10530.36,10530.36,0,867.21,2025,7,July,Thursday,10530.36,10530.36
2025-07-31,ORD041694,CUST01390,P013,Monitor,Electronics,Bengaluru,Store,Cash,4,17037.41,0.1,68149.64,61334.68,0,6610.28,2025,7,July,Thursday,68149.64,61334.676
2025-07-31,ORD033847,CUST04826,P006,Desk,Furniture,Delhi,Online,Debit Card,1,11138.36,0.15,11138.36,9467.61,0,1930.96,2025,7,July,Thursday,11138.36,9467.606
2025-07-31,ORD010490,CUST00304,P016,Sofa,Furniture,Delhi,Online,Credit Card,1,32984.66,0.15,32984.66,28036.96,0,5341.14,2025,7,July,Thursday,32984.66,28036.961000000003
2025-07-31,ORD037068,CUST01869,P012,Air Fryer,Home,Bengaluru,Store,UPI,1,7340.29,0.25,7340.29,5505.22,0,234.63,2025,7,July,Thursday,7340.29,5505.2175
2025-07-31,ORD018485,CUST00151,P003,Headphones,Electronics,Chennai,Store,UPI,3,4409.22,0.05,13227.66,12566.28,0,3106.48,2025,7,July,Thursday,13227.66,12566.277
2025-07-31,ORD027073,CUST00782,P004,Smartwatch,Electronics,Ahmedabad,Store,Credit Card,1,7404.79,0.0,7404.79,7404.79,0,967.87,2025,7,July,Thursday,7404.79,7404.79
2025-07-31,ORD040310,CUST01286,P011,Mixer Grinder,Home,Ahmedabad,Store,UPI,1,4702.59,0.15,4702.59,3997.2,0,935.98,2025,7,July,Thursday,4702.59,3997.2015
2025-07-31,ORD031236,CUST00723,P010,Coffee Maker,Home,Jaipur,Online,Net Banking,2,5022.64,0.1,10045.28,9040.75,0,2425.82,2025,7,July,Thursday,10045.28,9040.752
2025-07-31,ORD013571,CUST01743,P011,Mixer Grinder,Home,Kolkata,Online,UPI,1,5059.19,0.1,5059.19,4553.27,0,981.87,2025,7,July,Thursday,5059.19,4553.271
2025-07-31,ORD034605,CUST00308,P001,Laptop,Electronics,Surat,Online,Debit Card,1,67636.93,0.0,67636.93,67636.93,0,6623.97,2025,7,July,Thursday,67636.93,67636.93
2025-07-31,ORD025433,CUST02049,P006,Desk,Furniture,Chennai,Store,UPI,4,11129.18,0.05,44516.72,42290.88,0,11695.9,2025,7,July,Thursday,44516.72,42290.884
2025-07-31,ORD020569,CUST02915,P004,Smartwatch,Electronics,Surat,Online,Net Banking,3,6850.08,0.1,20550.24,18495.22,0,1487.89,2025,7,July,Thursday,20550.239999999998,18495.216
2025-07-31,ORD009469,CUST01867,P014,Keyboard,Electronics,Chennai,Online,Debit Card,3,2657.03,0.15,7971.09,6775.43,0,1149.53,2025,7,July,Thursday,7971.09,6775.4265
2025-07-31,ORD035697,CUST00354,P015,Dining Table,Furniture,Chennai,Online,Debit Card,1,22826.13,0.05,22826.13,21684.82,0,1888.99,2025,7,July,Thursday,22826.13,21684.8235
2025-07-31,ORD008452,CUST03016,P010,Coffee Maker,Home,Chennai,Online,UPI,3,5590.8,0.0,16772.4,16772.4,0,1771.57,2025,7,July,Thursday,16772.4,16772.4
2025-07-31,ORD029847,CUST02855,P011,Mixer Grinder,Home,Bengaluru,Store,Cash,1,4561.35,0.25,4561.35,3421.01,0,710.5,2025,7,July,Thursday,4561.35,3421.0125000000003
2025-07-31,ORD021644,CUST04279,P017,Jeans,Fashion,Chennai,Online,Cash,4,2840.4,0.0,11361.6,11361.6,0,1843.32,2025,7,July,Thursday,11361.6,11361.6
2025-07-31,ORD015060,CUST04328,P006,Desk,Furniture,Jaipur,Online,Credit Card,1,11425.33,0.1,11425.33,10282.8,0,697.98,2025,7,July,Thursday,11425.33,10282.797
2025-07-31,ORD035808,CUST02837,P015,Dining Table,Furniture,Jaipur,Store,UPI,1,21448.37,0.1,21448.37,19303.53,0,4466.45,2025,7,July,Thursday,21448.37,19303.533
2025-07-31,ORD038838,CUST01801,P020,Microwave,Home,Pune,Online,UPI,1,11769.8,0.15,11769.8,10004.33,0,940.54,2025,7,July,Thursday,11769.8,10004.33
2025-07-31,ORD012204,CUST04199,P008,Running Shoes,Fashion,Kolkata,Online,Credit Card,1,4563.5,0.25,4563.5,3422.62,0,704.41,2025,7,July,Thursday,4563.5,3422.625
2025-07-31,ORD024077,CUST01984,P012,Air Fryer,Home,Chennai,Online,UPI,1,7232.52,0.1,7232.52,6509.27,0,504.36,2025,7,July,Thursday,7232.52,6509.268000000001
2025-07-31,ORD017372,CUST04465,P003,Headphones,Electronics,Hyderabad,Store,Cash,1,4741.59,0.1,4741.59,4267.43,0,288.78,2025,7,July,Thursday,4741.59,4267.4310000000005
2025-07-31,ORD001801,CUST04431,P005,Office Chair,Furniture,Hyderabad,Store,Debit Card,1,9800.88,0.15,9800.88,8330.75,0,580.9,2025,7,July,Thursday,9800.88,8330.748
2025-07-31,ORD024099,CUST00660,P006,Desk,Furniture,Bengaluru,Online,UPI,3,12380.71,0.05,37142.13,35285.02,0,4050.17,2025,7,July,Thursday,37142.13,35285.023499999996
2025-07-31,ORD038439,CUST04572,P007,Backpack,Accessories,Chennai,Online,Debit Card,1,2001.69,0.05,2001.69,1901.61,0,289.12,2025,7,July,Thursday,2001.69,1901.6055
2025-07-31,ORD032456,CUST03759,P019,Vacuum Cleaner,Home,Delhi,Store,UPI,1,9451.22,0.0,9451.22,9451.22,0,1401.33,2025,7,July,Thursday,9451.22,9451.22
2025-07-31,ORD023316,CUST02894,P004,Smartwatch,Electronics,Chennai,Online,Cash,1,7131.41,0.1,7131.41,6418.27,0,1018.25,2025,7,July,Thursday,7131.41,6418.269
2025-07-31,ORD021264,CUST04523,P019,Vacuum Cleaner,Home,Surat,Online,UPI,1,8567.7,0.05,8567.7,8139.32,0,1564.71,2025,7,July,Thursday,8567.7,8139.3150000000005
2025-07-31,ORD035542,CUST02053,P014,Keyboard,Electronics,Jaipur,Online,Debit Card,3,2289.93,0.15,6869.79,5839.32,0,1092.39,2025,7,July,Thursday,6869.789999999999,5839.3215
2025-08-01,ORD036481,CUST02701,P020,Microwave,Home,Kolkata,Store,UPI,1,11709.18,0.15,11709.18,9952.8,0,2557.51,2025,8,August,Friday,11709.18,9952.803
2025-08-01,ORD005360,CUST00007,P010,Coffee Maker,Home,Chennai,Online,UPI,1,5161.94,0.1,5161.94,4645.75,0,645.61,2025,8,August,Friday,5161.94,4645.746
2025-08-01,ORD007796,CUST01319,P009,T-Shirt,Fashion,Delhi,Online,Credit Card,2,1133.5,0.0,2267.0,2267.0,0,325.6,2025,8,August,Friday,2267.0,2267.0
2025-08-01,ORD004024,CUST00915,P011,Mixer Grinder,Home,Chennai,Store,Net Banking,4,4843.36,0.2,19373.44,15498.75,0,3375.56,2025,8,August,Friday,19373.44,15498.752
2025-08-01,ORD040215,CUST02149,P011,Mixer Grinder,Home,Chennai,Online,UPI,1,5185.51,0.15,5185.51,4407.68,0,1141.27,2025,8,August,Friday,5185.51,4407.6835
2025-08-01,ORD045012,CUST04347,P011,Mixer Grinder,Home,Ahmedabad,Store,Credit Card,1,4489.26,0.0,4489.26,4489.26,0,853.67,2025,8,August,Friday,4489.26,4489.26
2025-08-01,ORD012805,CUST03556,P019,Vacuum Cleaner,Home,Delhi,Online,Debit Card,1,8155.75,0.15,8155.75,6932.39,0,570.12,2025,8,August,Friday,8155.75,6932.3875
2025-08-01,ORD004344,CUST03220,P015,Dining Table,Furniture,Hyderabad,Online,UPI,1,22250.74,0.05,22250.74,21138.2,0,4523.29,2025,8,August,Friday,22250.74,21138.203
2025-08-01,ORD032195,CUST02755,P004,Smartwatch,Electronics,Kolkata,Online,Net Banking,1,6887.56,0.05,6887.56,6543.18,0,1363.82,2025,8,August,Friday,6887.56,6543.182
2025-08-01,ORD036454,CUST03783,P006,Desk,Furniture,Jaipur,Store,UPI,4,12863.51,0.15,51454.04,43735.93,0,4668.08,2025,8,August,Friday,51454.04,43735.934
2025-08-01,ORD026275,CUST04225,P016,Sofa,Furniture,Bengaluru,Online,UPI,2,34038.88,0.0,68077.76,68077.76,0,16963.91,2025,8,August,Friday,68077.76,68077.76
2025-08-01,ORD015569,CUST04011,P013,Monitor,Electronics,Delhi,Online,UPI,1,18668.49,0.05,18668.49,17735.07,0,2050.72,2025,8,August,Friday,18668.49,17735.0655
2025-08-01,ORD000479,CUST02461,P001,Laptop,Electronics,Bengaluru,Online,Credit Card,1,64710.65,0.1,64710.65,58239.58,0,13334.15,2025,8,August,Friday,64710.65,58239.585
2025-08-01,ORD040425,CUST02992,P010,Coffee Maker,Home,Mumbai,Store,Net Banking,1,5401.15,0.0,5401.15,5401.15,0,1599.5,2025,8,August,Friday,5401.15,5401.15
2025-08-01,ORD017987,CUST03634,P007,Backpack,Accessories,Surat,Online,UPI,1,2216.98,0.0,2216.98,2216.98,0,662.8,2025,8,August,Friday,2216.98,2216.98
2025-08-01,ORD010320,CUST01481,P019,Vacuum Cleaner,Home,Chennai,Store,UPI,2,9208.04,0.15,18416.08,15653.67,0,2950.25,2025,8,August,Friday,18416.08,15653.668000000001
2025-08-01,ORD027284,CUST02014,P004,Smartwatch,Electronics,Hyderabad,Store,UPI,2,7670.26,0.1,15340.52,13806.47,0,2788.09,2025,8,August,Friday,15340.52,13806.468
2025-08-01,ORD037530,CUST01085,P009,T-Shirt,Fashion,Hyderabad,Store,UPI,4,1274.12,0.1,5096.48,4586.83,1,-229.34,2025,8,August,Friday,5096.48,4586.831999999999
2025-08-01,ORD043019,CUST02606,P003,Headphones,Electronics,Delhi,Online,Credit Card,1,4725.61,0.05,4725.61,4489.33,0,1218.53,2025,8,August,Friday,4725.61,4489.3295
2025-08-01,ORD010669,CUST02191,P005,Office Chair,Furniture,Ahmedabad,Store,UPI,1,9766.06,0.15,9766.06,8301.15,0,911.49,2025,8,August,Friday,9766.06,8301.151
2025-08-01,ORD007214,CUST04456,P009,T-Shirt,Fashion,Surat,Online,Debit Card,1,1123.24,0.1,1123.24,1010.92,0,266.08,2025,8,August,Friday,1123.24,1010.916
2025-08-01,ORD016995,CUST00888,P004,Smartwatch,Electronics,Delhi,Store,UPI,1,7191.78,0.05,7191.78,6832.19,0,527.81,2025,8,August,Friday,7191.78,6832.191
2025-08-01,ORD042768,CUST01955,P017,Jeans,Fashion,Hyderabad,Online,Credit Card,2,3000.66,0.15,6001.32,5101.12,1,-255.06,2025,8,August,Friday,6001.32,5101.121999999999
2025-08-01,ORD030518,CUST01528,P004,Smartwatch,Electronics,Kolkata,Online,UPI,1,7205.43,0.1,7205.43,6484.89,0,807.54,2025,8,August,Friday,7205.43,6484.887000000001
2025-08-01,ORD000992,CUST00346,P005,Office Chair,Furniture,Kolkata,Online,UPI,1,8739.49,0.1,8739.49,7865.54,0,715.52,2025,8,August,Friday,8739.49,7865.541
2025-08-01,ORD036149,CUST00687,P020,Microwave,Home,Delhi,Store,UPI,1,11385.57,0.1,11385.57,10247.01,0,865.73,2025,8,August,Friday,11385.57,10247.013
2025-08-01,ORD008584,CUST02193,P002,Smartphone,Electronics,Kolkata,Online,UPI,1,28879.86,0.15,28879.86,24547.88,1,-1227.39,2025,8,August,Friday,28879.86,24547.881
2025-08-01,ORD017192,CUST03870,P012,Air Fryer,Home,Bengaluru,Online,Credit Card,3,7632.23,0.25,22896.69,17172.52,0,2474.97,2025,8,August,Friday,22896.69,17172.517499999998
2025-08-01,ORD047957,CUST02159,P014,Keyboard,Electronics,Chennai,Online,Credit Card,1,2563.08,0.05,2563.08,2434.93,0,208.41,2025,8,August,Friday,2563.08,2434.926
2025-08-01,ORD019990,CUST04543,P012,Air Fryer,Home,Jaipur,Online,Debit Card,1,7817.62,0.0,7817.62,7817.62,0,2158.8,2025,8,August,Friday,7817.62,7817.62
2025-08-01,ORD003344,CUST00648,P008,Running Shoes,Fashion,Mumbai,Store,UPI,4,4478.44,0.15,17913.76,15226.7,0,1781.66,2025,8,August,Friday,17913.76,15226.695999999998
2025-08-01,ORD033566,CUST04937,P012,Air Fryer,Home,Chennai,Store,Credit Card,1,7447.5,0.15,7447.5,6330.38,0,402.22,2025,8,August,Friday,7447.5,6330.375
2025-08-01,ORD038445,CUST02324,P007,Backpack,Accessories,Kolkata,Store,Net Banking,1,2049.45,0.05,2049.45,1946.98,0,154.52,2025,8,August,Friday,2049.45,1946.9774999999997
2025-08-01,ORD045864,CUST00886,P019,Vacuum Cleaner,Home,Hyderabad,Store,Credit Card,2,8873.86,0.25,17747.72,13310.79,0,1978.91,2025,8,August,Friday,17747.72,13310.79
2025-08-01,ORD006473,CUST01722,P002,Smartphone,Electronics,Surat,Online,Credit Card,3,29150.36,0.05,87451.08,83078.53,0,8733.75,2025,8,August,Friday,87451.08,83078.526
2025-08-01,ORD038911,CUST04654,P010,Coffee Maker,Home,Kolkata,Online,UPI,2,5565.19,0.15,11130.38,9460.82,0,2553.91,2025,8,August,Friday,11130.38,9460.822999999999
2025-08-01,ORD039523,CUST04126,P006,Desk,Furniture,Hyderabad,Store,UPI,1,11554.51,0.1,11554.51,10399.06,0,1343.25,2025,8,August,Friday,11554.51,10399.059000000001
2025-08-01,ORD038289,CUST04464,P018,Jacket,Fashion,Pune,Store,Debit Card,1,5554.5,0.25,5554.5,4165.88,0,863.81,2025,8,August,Friday,5554.5,4165.875
2025-08-01,ORD033131,CUST03569,P011,Mixer Grinder,Home,Hyderabad,Online,Debit Card,3,4926.02,0.0,14778.06,14778.06,0,2756.17,2025,8,August,Friday,14778.060000000001,14778.06
2025-08-01,ORD015999,CUST04075,P014,Keyboard,Electronics,Pune,Online,UPI,1,2477.75,0.05,2477.75,2353.86,0,535.02,2025,8,August,Friday,2477.75,2353.8624999999997
2025-08-01,ORD004653,CUST01804,P013,Monitor,Electronics,Surat,Online,UPI,4,18739.33,0.05,74957.32,71209.45,0,20175.17,2025,8,August,Friday,74957.32,71209.454
2025-08-01,ORD015152,CUST01878,P007,Backpack,Accessories,Hyderabad,Online,UPI,1,2146.07,0.0,2146.07,2146.07,0,220.23,2025,8,August,Friday,2146.07,2146.07
2025-08-01,ORD001280,CUST03188,P019,Vacuum Cleaner,Home,Pune,Online,UPI,2,8759.62,0.2,17519.24,14015.39,0,3564.81,2025,8,August,Friday,17519.24,14015.392000000002
2025-08-01,ORD028386,CUST03246,P014,Keyboard,Electronics,Hyderabad,Store,UPI,1,2257.19,0.0,2257.19,2257.19,0,456.56,2025,8,August,Friday,2257.19,2257.19
2025-08-01,ORD022695,CUST01388,P017,Jeans,Fashion,Kolkata,Online,UPI,1,3071.21,0.1,3071.21,2764.09,0,386.66,2025,8,August,Friday,3071.21,2764.089
2025-08-01,ORD028719,CUST00031,P009,T-Shirt,Fashion,Chennai,Online,Credit Card,1,1268.23,0.0,1268.23,1268.23,0,241.79,2025,8,August,Friday,1268.23,1268.23
2025-08-01,ORD045720,CUST03734,P002,Smartphone,Electronics,Jaipur,Store,UPI,1,26450.22,0.1,26450.22,23805.2,0,3691.55,2025,8,August,Friday,26450.22,23805.198
2025-08-01,ORD042620,CUST04447,P019,Vacuum Cleaner,Home,Jaipur,Online,Credit Card,1,9180.45,0.05,9180.45,8721.43,0,2451.89,2025,8,August,Friday,9180.45,8721.4275
2025-08-01,ORD001281,CUST02846,P016,Sofa,Furniture,Delhi,Online,Debit Card,2,38462.89,0.1,76925.78,69233.2,0,7441.47,2025,8,August,Friday,76925.78,69233.202
2025-08-01,ORD008964,CUST04849,P004,Smartwatch,Electronics,Chennai,Online,UPI,2,7509.49,0.05,15018.98,14268.03,0,1817.63,2025,8,August,Friday,15018.98,14268.030999999999
2025-08-01,ORD000251,CUST01089,P015,Dining Table,Furniture,Pune,Store,Debit Card,5,24176.45,0.05,120882.25,114838.14,0,8097.22,2025,8,August,Friday,120882.25,114838.1375
2025-08-01,ORD031547,CUST03420,P019,Vacuum Cleaner,Home,Bengaluru,Store,Cash,4,8117.28,0.0,32469.12,32469.12,0,6166.45,2025,8,August,Friday,32469.12,32469.12
2025-08-01,ORD042183,CUST02245,P001,Laptop,Electronics,Pune,Online,Credit Card,1,61423.84,0.0,61423.84,61423.84,0,6509.05,2025,8,August,Friday,61423.84,61423.84
2025-08-01,ORD011739,CUST04038,P014,Keyboard,Electronics,Pune,Online,Net Banking,3,2266.85,0.2,6800.55,5440.44,0,1165.95,2025,8,August,Friday,6800.549999999999,5440.4400000000005
2025-08-01,ORD045442,CUST01318,P001,Laptop,Electronics,Bengaluru,Online,Credit Card,1,62446.42,0.05,62446.42,59324.1,0,14397.06,2025,8,August,Friday,62446.42,59324.098999999995
2025-08-01,ORD003118,CUST04767,P017,Jeans,Fashion,Delhi,Online,Cash,1,2678.37,0.0,2678.37,2678.37,0,594.34,2025,8,August,Friday,2678.37,2678.37
2025-08-01,ORD026733,CUST00311,P015,Dining Table,Furniture,Jaipur,Online,Cash,1,23090.49,0.15,23090.49,19626.92,0,2122.52,2025,8,August,Friday,23090.49,19626.9165
2025-08-01,ORD008657,CUST03674,P003,Headphones,Electronics,Pune,Online,UPI,5,4870.75,0.1,24353.75,21918.38,0,4229.04,2025,8,August,Friday,24353.75,21918.375
2025-08-01,ORD009064,CUST03772,P004,Smartwatch,Electronics,Ahmedabad,Store,Net Banking,2,7167.22,0.05,14334.44,13617.72,0,3911.91,2025,8,August,Friday,14334.44,13617.718
2025-08-01,ORD039485,CUST03892,P013,Monitor,Electronics,Pune,Online,UPI,1,19506.97,0.05,19506.97,18531.62,0,1718.97,2025,8,August,Friday,19506.97,18531.6215
2025-08-01,ORD019306,CUST02824,P005,Office Chair,Furniture,Chennai,Online,UPI,1,9727.5,0.25,9727.5,7295.62,0,564.07,2025,8,August,Friday,9727.5,7295.625
2025-08-01,ORD033618,CUST03635,P017,Jeans,Fashion,Mumbai,Online,Credit Card,1,2752.52,0.05,2752.52,2614.89,0,604.56,2025,8,August,Friday,2752.52,2614.894
2025-08-01,ORD018323,CUST02551,P003,Headphones,Electronics,Hyderabad,Online,UPI,3,4444.52,0.15,13333.56,11333.53,0,2085.56,2025,8,August,Friday,13333.560000000001,11333.526
2025-08-01,ORD019223,CUST02582,P002,Smartphone,Electronics,Hyderabad,Online,UPI,1,29720.41,0.2,29720.41,23776.33,0,1723.84,2025,8,August,Friday,29720.41,23776.328
2025-08-01,ORD029910,CUST02347,P013,Monitor,Electronics,Pune,Store,UPI,1,16332.24,0.05,16332.24,15515.63,0,3879.5,2025,8,August,Friday,16332.24,15515.627999999999
2025-08-01,ORD034281,CUST02598,P019,Vacuum Cleaner,Home,Kolkata,Online,Credit Card,2,8109.13,0.25,16218.26,12163.7,0,1815.84,2025,8,August,Friday,16218.26,12163.695
2025-08-01,ORD019369,CUST04766,P017,Jeans,Fashion,Pune,Store,Net Banking,1,2804.69,0.1,2804.69,2524.22,0,502.42,2025,8,August,Friday,2804.69,2524.221
2025-08-01,ORD010185,CUST01040,P011,Mixer Grinder,Home,Pune,Store,Cash,2,4884.65,0.05,9769.3,9280.83,0,1294.29,2025,8,August,Friday,9769.3,9280.835
2025-08-01,ORD025207,CUST03465,P008,Running Shoes,Fashion,Chennai,Online,UPI,1,4458.04,0.05,4458.04,4235.14,0,1196.63,2025,8,August,Friday,4458.04,4235.138
2025-08-01,ORD025484,CUST01224,P009,T-Shirt,Fashion,Pune,Store,Debit Card,1,1314.77,0.1,1314.77,1183.29,1,-59.16,2025,8,August,Friday,1314.77,1183.2930000000001
2025-08-01,ORD026790,CUST03297,P019,Vacuum Cleaner,Home,Hyderabad,Online,UPI,2,9680.94,0.1,19361.88,17425.69,0,4280.63,2025,8,August,Friday,19361.88,17425.692000000003
2025-08-01,ORD029525,CUST02881,P006,Desk,Furniture,Kolkata,Online,Debit Card,3,11623.93,0.1,34871.79,31384.61,0,7548.0,2025,8,August,Friday,34871.79,31384.611
2025-08-01,ORD013296,CUST00369,P020,Microwave,Home,Chennai,Online,Debit Card,1,11988.06,0.1,11988.06,10789.25,0,2170.91,2025,8,August,Friday,11988.06,10789.253999999999
2025-08-01,ORD033436,CUST04274,P014,Keyboard,Electronics,Jaipur,Store,Net Banking,1,2615.18,0.0,2615.18,2615.18,0,576.58,2025,8,August,Friday,2615.18,2615.18
2025-08-01,ORD030148,CUST00851,P009,T-Shirt,Fashion,Chennai,Store,UPI,2,1167.38,0.1,2334.76,2101.28,0,201.63,2025,8,August,Friday,2334.76,2101.284
2025-08-01,ORD007709,CUST03078,P006,Desk,Furniture,Bengaluru,Online,UPI,3,13193.22,0.05,39579.66,37600.68,0,8005.45,2025,8,August,Friday,39579.659999999996,37600.677
2025-08-01,ORD022921,CUST01680,P018,Jacket,Fashion,Chennai,Online,Debit Card,1,4712.4,0.1,4712.4,4241.16,0,681.68,2025,8,August,Friday,4712.4,4241.16
2025-08-01,ORD043236,CUST02390,P014,Keyboard,Electronics,Mumbai,Online,Debit Card,2,2375.7,0.05,4751.4,4513.83,0,690.06,2025,8,August,Friday,4751.4,4513.829999999999
2025-08-01,ORD034996,CUST04839,P006,Desk,Furniture,Delhi,Store,UPI,1,11539.93,0.15,11539.93,9808.94,0,616.19,2025,8,August,Friday,11539.93,9808.9405
2025-08-01,ORD010068,CUST02482,P009,T-Shirt,Fashion,Hyderabad,Online,Debit Card,1,1190.07,0.0,1190.07,1190.07,0,245.51,2025,8,August,Friday,1190.07,1190.07
2025-08-02,ORD013406,CUST02272,P010,Coffee Maker,Home,Delhi,Online,Debit Card,3,5095.91,0.0,15287.73,15287.73,0,1454.78,2025,8,August,Saturday,15287.73,15287.73
2025-08-02,ORD020314,CUST01979,P001,Laptop,Electronics,Hyderabad,Online,UPI,1,64576.62,0.1,64576.62,58118.96,0,12042.39,2025,8,August,Saturday,64576.62,58118.958000000006
2025-08-02,ORD048451,CUST00808,P003,Headphones,Electronics,Chennai,Online,UPI,2,4506.38,0.15,9012.76,7660.85,0,930.98,2025,8,August,Saturday,9012.76,7660.846
2025-08-02,ORD047230,CUST02755,P012,Air Fryer,Home,Jaipur,Online,Cash,2,7491.03,0.1,14982.06,13483.85,0,936.65,2025,8,August,Saturday,14982.06,13483.854
2025-08-02,ORD013862,CUST03165,P011,Mixer Grinder,Home,Mumbai,Online,UPI,4,4765.12,0.1,19060.48,17154.43,0,1798.76,2025,8,August,Saturday,19060.48,17154.432
2025-08-02,ORD004059,CUST04806,P014,Keyboard,Electronics,Mumbai,Online,Debit Card,2,2263.88,0.0,4527.76,4527.76,1,-226.39,2025,8,August,Saturday,4527.76,4527.76
2025-08-02,ORD047894,CUST01757,P015,Dining Table,Furniture,Jaipur,Online,UPI,5,20906.74,0.05,104533.7,99307.02,0,10068.66,2025,8,August,Saturday,104533.70000000001,99307.015
2025-08-02,ORD034088,CUST01063,P013,Monitor,Electronics,Ahmedabad,Online,Debit Card,1,16670.91,0.0,16670.91,16670.91,0,3565.58,2025,8,August,Saturday,16670.91,16670.91
2025-08-02,ORD027096,CUST01233,P020,Microwave,Home,Jaipur,Online,Credit Card,1,11971.11,0.15,11971.11,10175.44,0,1215.82,2025,8,August,Saturday,11971.11,10175.4435
2025-08-02,ORD039258,CUST04363,P009,T-Shirt,Fashion,Surat,Store,UPI,2,1318.38,0.1,2636.76,2373.08,0,261.78,2025,8,August,Saturday,2636.76,2373.0840000000003
2025-08-02,ORD041218,CUST00506,P009,T-Shirt,Fashion,Kolkata,Store,UPI,1,1208.95,0.0,1208.95,1208.95,0,214.39,2025,8,August,Saturday,1208.95,1208.95
2025-08-02,ORD036524,CUST00548,P019,Vacuum Cleaner,Home,Surat,Store,Cash,1,9765.04,0.1,9765.04,8788.54,0,683.44,2025,8,August,Saturday,9765.04,8788.536000000002
2025-08-02,ORD047999,CUST04215,P012,Air Fryer,Home,Delhi,Online,UPI,1,7405.35,0.2,7405.35,5924.28,0,695.24,2025,8,August,Saturday,7405.35,5924.280000000001
2025-08-02,ORD046743,CUST01647,P020,Microwave,Home,Delhi,Store,Credit Card,4,10677.27,0.15,42709.08,36302.72,0,7537.16,2025,8,August,Saturday,42709.08,36302.718
2025-08-02,ORD023573,CUST04239,P008,Running Shoes,Fashion,Bengaluru,Online,UPI,4,4501.11,0.25,18004.44,13503.33,0,540.13,2025,8,August,Saturday,18004.44,13503.329999999998
2025-08-02,ORD018818,CUST00318,P020,Microwave,Home,Mumbai,Online,UPI,1,11092.98,0.1,11092.98,9983.68,0,1109.86,2025,8,August,Saturday,11092.98,9983.682
2025-08-02,ORD012192,CUST01140,P016,Sofa,Furniture,Bengaluru,Online,UPI,1,33633.87,0.1,33633.87,30270.48,0,7368.54,2025,8,August,Saturday,33633.87,30270.483000000004
2025-08-02,ORD032771,CUST01005,P016,Sofa,Furniture,Ahmedabad,Store,Debit Card,2,36650.08,0.0,73300.16,73300.16,0,14968.95,2025,8,August,Saturday,73300.16,73300.16
2025-08-02,ORD029898,CUST01078,P015,Dining Table,Furniture,Jaipur,Store,Credit Card,1,23146.03,0.1,23146.03,20831.43,0,1437.14,2025,8,August,Saturday,23146.03,20831.427
2025-08-02,ORD017868,CUST01978,P001,Laptop,Electronics,Hyderabad,Online,Credit Card,1,65825.14,0.05,65825.14,62533.88,0,12346.48,2025,8,August,Saturday,65825.14,62533.882999999994
2025-08-02,ORD011447,CUST04587,P001,Laptop,Electronics,Pune,Online,UPI,1,70824.61,0.05,70824.61,67283.38,0,15761.53,2025,8,August,Saturday,70824.61,67283.3795
2025-08-02,ORD008606,CUST04372,P013,Monitor,Electronics,Pune,Store,Credit Card,2,18451.31,0.15,36902.62,31367.23,0,2010.61,2025,8,August,Saturday,36902.62,31367.227000000003
2025-08-02,ORD005260,CUST03136,P006,Desk,Furniture,Bengaluru,Store,Credit Card,1,12033.81,0.1,12033.81,10830.43,0,2034.36,2025,8,August,Saturday,12033.81,10830.429
2025-08-02,ORD018514,CUST04039,P004,Smartwatch,Electronics,Chennai,Store,Cash,1,7020.79,0.1,7020.79,6318.71,0,1738.58,2025,8,August,Saturday,7020.79,6318.711
2025-08-02,ORD004022,CUST04503,P012,Air Fryer,Home,Ahmedabad,Online,Credit Card,1,7002.07,0.05,7002.07,6651.97,0,1658.08,2025,8,August,Saturday,7002.07,6651.9664999999995
2025-08-02,ORD013481,CUST01427,P003,Headphones,Electronics,Mumbai,Online,Net Banking,2,4604.73,0.15,9209.46,7828.04,1,-391.4,2025,8,August,Saturday,9209.46,7828.040999999999
2025-08-02,ORD006922,CUST03353,P002,Smartphone,Electronics,Ahmedabad,Store,Cash,1,27143.85,0.25,27143.85,20357.89,0,2454.83,2025,8,August,Saturday,27143.85,20357.887499999997
2025-08-02,ORD048215,CUST03708,P016,Sofa,Furniture,Ahmedabad,Online,Debit Card,1,32229.75,0.2,32229.75,25783.8,0,5912.72,2025,8,August,Saturday,32229.75,25783.800000000003
2025-08-02,ORD008318,CUST03813,P014,Keyboard,Electronics,Pune,Online,Credit Card,2,2527.55,0.2,5055.1,4044.08,0,536.44,2025,8,August,Saturday,5055.1,4044.0800000000004
2025-08-02,ORD036062,CUST04802,P008,Running Shoes,Fashion,Bengaluru,Online,UPI,4,4060.03,0.1,16240.12,14616.11,0,2179.2,2025,8,August,Saturday,16240.12,14616.108
2025-08-02,ORD035210,CUST03066,P008,Running Shoes,Fashion,Hyderabad,Online,UPI,1,4073.13,0.1,4073.13,3665.82,0,507.36,2025,8,August,Saturday,4073.13,3665.817
2025-08-02,ORD013582,CUST04688,P011,Mixer Grinder,Home,Hyderabad,Online,UPI,1,5279.1,0.1,5279.1,4751.19,0,1290.33,2025,8,August,Saturday,5279.1,4751.1900000000005
2025-08-02,ORD044111,CUST02520,P017,Jeans,Fashion,Bengaluru,Online,Net Banking,4,2922.94,0.15,11691.76,9938.0,0,2067.97,2025,8,August,Saturday,11691.76,9937.996
2025-08-02,ORD039998,CUST00297,P009,T-Shirt,Fashion,Hyderabad,Online,Cash,1,1215.53,0.25,1215.53,911.65,0,56.49,2025,8,August,Saturday,1215.53,911.6475
2025-08-02,ORD047814,CUST01135,P005,Office Chair,Furniture,Surat,Store,Credit Card,1,9706.79,0.0,9706.79,9706.79,0,1984.17,2025,8,August,Saturday,9706.79,9706.79
2025-08-02,ORD005639,CUST00765,P011,Mixer Grinder,Home,Chennai,Online,Net Banking,1,4735.19,0.15,4735.19,4024.91,0,612.54,2025,8,August,Saturday,4735.19,4024.9114999999997
2025-08-02,ORD038135,CUST04093,P006,Desk,Furniture,Jaipur,Online,UPI,1,13021.32,0.05,13021.32,12370.25,0,1227.98,2025,8,August,Saturday,13021.32,12370.253999999999
2025-08-02,ORD016315,CUST04198,P018,Jacket,Fashion,Bengaluru,Online,Cash,2,5643.89,0.05,11287.78,10723.39,0,3045.23,2025,8,August,Saturday,11287.78,10723.391
2025-08-02,ORD016913,CUST03935,P019,Vacuum Cleaner,Home,Bengaluru,Online,Debit Card,1,8822.51,0.1,8822.51,7940.26,0,2060.84,2025,8,August,Saturday,8822.51,7940.259
2025-08-02,ORD025792,CUST03399,P010,Coffee Maker,Home,Pune,Online,Debit Card,1,5840.0,0.1,5840.0,5256.0,0,825.01,2025,8,August,Saturday,5840.0,5256.0
2025-08-02,ORD040904,CUST03280,P017,Jeans,Fashion,Kolkata,Store,UPI,4,2625.65,0.1,10502.6,9452.34,0,1871.66,2025,8,August,Saturday,10502.6,9452.34
2025-08-02,ORD045876,CUST01924,P019,Vacuum Cleaner,Home,Chennai,Store,Credit Card,1,9275.8,0.1,9275.8,8348.22,0,1466.71,2025,8,August,Saturday,9275.8,8348.22
2025-08-02,ORD043253,CUST03561,P014,Keyboard,Electronics,Surat,Online,Credit Card,2,2549.0,0.1,5098.0,4588.2,0,816.41,2025,8,August,Saturday,5098.0,4588.2
2025-08-02,ORD001378,CUST03826,P003,Headphones,Electronics,Surat,Online,UPI,1,4290.81,0.05,4290.81,4076.27,0,603.44,2025,8,August,Saturday,4290.81,4076.2695000000003
2025-08-02,ORD018629,CUST01369,P018,Jacket,Fashion,Bengaluru,Store,Debit Card,1,5454.77,0.05,5454.77,5182.03,0,1276.52,2025,8,August,Saturday,5454.77,5182.0315
2025-08-02,ORD025710,CUST02426,P017,Jeans,Fashion,Surat,Online,Debit Card,1,2914.35,0.15,2914.35,2477.2,0,280.31,2025,8,August,Saturday,2914.35,2477.1974999999998
2025-08-02,ORD043396,CUST03086,P017,Jeans,Fashion,Bengaluru,Online,Cash,1,2927.36,0.1,2927.36,2634.62,0,568.07,2025,8,August,Saturday,2927.36,2634.6240000000003
2025-08-02,ORD001803,CUST04350,P002,Smartphone,Electronics,Ahmedabad,Online,UPI,3,25461.95,0.1,76385.85,68747.27,1,-3437.36,2025,8,August,Saturday,76385.85,68747.26500000001
2025-08-02,ORD036816,CUST01614,P003,Headphones,Electronics,Jaipur,Online,Net Banking,2,4141.44,0.05,8282.88,7868.74,0,886.5,2025,8,August,Saturday,8282.88,7868.735999999999
2025-08-02,ORD001612,CUST00447,P016,Sofa,Furniture,Bengaluru,Online,UPI,1,31509.98,0.05,31509.98,29934.48,0,7045.91,2025,8,August,Saturday,31509.98,29934.481
2025-08-02,ORD040911,CUST01748,P020,Microwave,Home,Pune,Store,Net Banking,1,11192.64,0.1,11192.64,10073.38,0,1574.25,2025,8,August,Saturday,11192.64,10073.376
2025-08-02,ORD024527,CUST04926,P009,T-Shirt,Fashion,Jaipur,Online,UPI,3,1095.39,0.1,3286.17,2957.55,0,698.08,2025,8,August,Saturday,3286.17,2957.5530000000003
2025-08-02,ORD007990,CUST03516,P012,Air Fryer,Home,Pune,Online,Debit Card,1,7608.92,0.1,7608.92,6848.03,0,1197.74,2025,8,August,Saturday,7608.92,6848.028
2025-08-02,ORD007410,CUST00287,P003,Headphones,Electronics,Ahmedabad,Store,Debit Card,1,4523.49,0.2,4523.49,3618.79,0,461.16,2025,8,August,Saturday,4523.49,3618.792
2025-08-02,ORD001249,CUST03862,P014,Keyboard,Electronics,Hyderabad,Store,UPI,2,2448.73,0.15,4897.46,4162.84,0,685.53,2025,8,August,Saturday,4897.46,4162.841
2025-08-02,ORD009605,CUST02002,P013,Monitor,Electronics,Hyderabad,Online,UPI,1,16987.1,0.0,16987.1,16987.1,0,3744.16,2025,8,August,Saturday,16987.1,16987.1
2025-08-02,ORD044576,CUST00096,P019,Vacuum Cleaner,Home,Hyderabad,Online,Net Banking,5,8764.4,0.15,43822.0,37248.7,0,3218.11,2025,8,August,Saturday,43822.0,37248.7
2025-08-02,ORD036629,CUST00190,P017,Jeans,Fashion,Chennai,Store,Net Banking,5,2559.3,0.05,12796.5,12156.68,0,1934.7,2025,8,August,Saturday,12796.5,12156.675
2025-08-02,ORD010360,CUST00365,P001,Laptop,Electronics,Chennai,Online,Debit Card,2,60235.32,0.0,120470.64,120470.64,0,20237.67,2025,8,August,Saturday,120470.64,120470.64
2025-08-02,ORD018625,CUST01365,P003,Headphones,Electronics,Kolkata,Online,UPI,1,4719.6,0.15,4719.6,4011.66,0,647.77,2025,8,August,Saturday,4719.6,4011.6600000000003
2025-08-02,ORD042864,CUST00590,P009,T-Shirt,Fashion,Bengaluru,Store,UPI,1,1294.39,0.05,1294.39,1229.67,0,171.99,2025,8,August,Saturday,1294.39,1229.6705
2025-08-02,ORD015529,CUST01113,P004,Smartwatch,Electronics,Delhi,Online,Cash,2,6642.37,0.05,13284.74,12620.5,0,2053.09,2025,8,August,Saturday,13284.74,12620.502999999999
2025-08-02,ORD006025,CUST04473,P007,Backpack,Accessories,Jaipur,Online,Debit Card,1,2379.34,0.15,2379.34,2022.44,0,215.58,2025,8,August,Saturday,2379.34,2022.439
2025-08-02,ORD030036,CUST01799,P019,Vacuum Cleaner,Home,Jaipur,Store,UPI,1,8644.87,0.1,8644.87,7780.38,0,2142.29,2025,8,August,Saturday,8644.87,7780.383000000001
2025-08-03,ORD011171,CUST01312,P004,Smartwatch,Electronics,Jaipur,Online,Net Banking,1,6590.89,0.05,6590.89,6261.35,0,1147.56,2025,8,August,Sunday,6590.89,6261.3455
2025-08-03,ORD028531,CUST04896,P007,Backpack,Accessories,Chennai,Store,Net Banking,1,2119.99,0.15,2119.99,1801.99,0,315.52,2025,8,August,Sunday,2119.99,1801.9914999999999
2025-08-03,ORD028867,CUST00067,P014,Keyboard,Electronics,Delhi,Store,UPI,1,2483.85,0.15,2483.85,2111.27,0,404.48,2025,8,August,Sunday,2483.85,2111.2725
2025-08-03,ORD033276,CUST03135,P010,Coffee Maker,Home,Surat,Online,Credit Card,1,5829.5,0.05,5829.5,5538.02,0,830.54,2025,8,August,Sunday,5829.5,5538.025
2025-08-03,ORD030439,CUST00683,P003,Headphones,Electronics,Delhi,Online,Credit Card,2,4439.66,0.1,8879.32,7991.39,0,800.12,2025,8,August,Sunday,8879.32,7991.388
2025-08-03,ORD043942,CUST01169,P006,Desk,Furniture,Delhi,Online,UPI,1,12258.19,0.15,12258.19,10419.46,0,2199.9,2025,8,August,Sunday,12258.19,10419.4615
2025-08-03,ORD028343,CUST03640,P014,Keyboard,Electronics,Surat,Online,UPI,2,2660.23,0.0,5320.46,5320.46,0,509.83,2025,8,August,Sunday,5320.46,5320.46
2025-08-03,ORD027246,CUST03615,P004,Smartwatch,Electronics,Jaipur,Store,Debit Card,2,7107.49,0.05,14214.98,13504.23,0,1570.81,2025,8,August,Sunday,14214.98,13504.231
2025-08-03,ORD003226,CUST02213,P005,Office Chair,Furniture,Bengaluru,Store,UPI,1,8701.75,0.05,8701.75,8266.66,0,758.86,2025,8,August,Sunday,8701.75,8266.6625
2025-08-03,ORD039407,CUST01435,P015,Dining Table,Furniture,Hyderabad,Online,Cash,3,23878.11,0.05,71634.33,68052.61,0,14477.93,2025,8,August,Sunday,71634.33,68052.61349999999
2025-08-03,ORD037487,CUST02822,P018,Jacket,Fashion,Surat,Store,Credit Card,2,5321.48,0.05,10642.96,10110.81,0,1642.13,2025,8,August,Sunday,10642.96,10110.811999999998
2025-08-03,ORD049098,CUST03437,P017,Jeans,Fashion,Kolkata,Online,UPI,1,2831.38,0.05,2831.38,2689.81,0,603.83,2025,8,August,Sunday,2831.38,2689.811
2025-08-03,ORD020538,CUST04759,P007,Backpack,Accessories,Bengaluru,Online,UPI,5,2313.52,0.05,11567.6,10989.22,0,1948.12,2025,8,August,Sunday,11567.6,10989.22
2025-08-03,ORD002555,CUST03790,P018,Jacket,Fashion,Delhi,Online,UPI,4,5583.88,0.05,22335.52,21218.74,0,2165.29,2025,8,August,Sunday,22335.52,21218.744
2025-08-03,ORD012090,CUST02594,P020,Microwave,Home,Kolkata,Store,Net Banking,5,9992.27,0.05,49961.35,47463.28,1,-2373.16,2025,8,August,Sunday,49961.350000000006,47463.282499999994
2025-08-03,ORD001606,CUST00870,P011,Mixer Grinder,Home,Bengaluru,Store,Debit Card,1,4599.99,0.1,4599.99,4139.99,0,984.42,2025,8,August,Sunday,4599.99,4139.991
2025-08-03,ORD024273,CUST01305,P008,Running Shoes,Fashion,Pune,Online,Debit Card,4,4402.31,0.15,17609.24,14967.85,0,3896.38,2025,8,August,Sunday,17609.24,14967.854000000001
2025-08-03,ORD040353,CUST04260,P005,Office Chair,Furniture,Delhi,Online,Credit Card,1,9835.88,0.1,9835.88,8852.29,1,-442.61,2025,8,August,Sunday,9835.88,8852.292
2025-08-03,ORD039296,CUST04481,P004,Smartwatch,Electronics,Surat,Online,UPI,1,7454.18,0.15,7454.18,6336.05,0,708.98,2025,8,August,Sunday,7454.18,6336.053
2025-08-03,ORD004574,CUST03202,P011,Mixer Grinder,Home,Jaipur,Online,Net Banking,1,5217.86,0.15,5217.86,4435.18,0,1006.03,2025,8,August,Sunday,5217.86,4435.181
2025-08-03,ORD041522,CUST01374,P020,Microwave,Home,Bengaluru,Online,UPI,1,12032.17,0.0,12032.17,12032.17,0,1607.94,2025,8,August,Sunday,12032.17,12032.17
2025-08-03,ORD027251,CUST01905,P009,T-Shirt,Fashion,Mumbai,Store,UPI,1,1253.25,0.1,1253.25,1127.92,0,68.57,2025,8,August,Sunday,1253.25,1127.925
2025-08-03,ORD032206,CUST04944,P005,Office Chair,Furniture,Ahmedabad,Store,UPI,2,9620.54,0.15,19241.08,16354.92,0,3270.73,2025,8,August,Sunday,19241.08,16354.918000000001
2025-08-03,ORD004325,CUST01415,P006,Desk,Furniture,Bengaluru,Store,UPI,2,11838.71,0.05,23677.42,22493.55,0,6463.84,2025,8,August,Sunday,23677.42,22493.549
2025-08-03,ORD026015,CUST02676,P014,Keyboard,Electronics,Kolkata,Store,Net Banking,4,2323.71,0.15,9294.84,7900.61,0,2074.5,2025,8,August,Sunday,9294.84,7900.614
2025-08-03,ORD008395,CUST04689,P010,Coffee Maker,Home,Ahmedabad,Store,Net Banking,2,5251.79,0.25,10503.58,7877.68,0,804.61,2025,8,August,Sunday,10503.58,7877.6849999999995
2025-08-03,ORD002356,CUST02162,P013,Monitor,Electronics,Kolkata,Online,Credit Card,1,16270.12,0.05,16270.12,15456.61,0,1963.05,2025,8,August,Sunday,16270.12,15456.614
2025-08-03,ORD047818,CUST03002,P009,T-Shirt,Fashion,Bengaluru,Online,Net Banking,1,1280.51,0.0,1280.51,1280.51,0,260.96,2025,8,August,Sunday,1280.51,1280.51
2025-08-03,ORD044413,CUST04215,P010,Coffee Maker,Home,Ahmedabad,Online,Debit Card,2,5050.34,0.0,10100.68,10100.68,0,1961.66,2025,8,August,Sunday,10100.68,10100.68
2025-08-03,ORD042448,CUST03578,P017,Jeans,Fashion,Ahmedabad,Store,Cash,1,2842.51,0.1,2842.51,2558.26,0,558.42,2025,8,August,Sunday,2842.51,2558.2590000000005
2025-08-03,ORD014954,CUST00368,P003,Headphones,Electronics,Kolkata,Online,Debit Card,2,4402.64,0.1,8805.28,7924.75,0,1692.57,2025,8,August,Sunday,8805.28,7924.752
2025-08-03,ORD044772,CUST04019,P017,Jeans,Fashion,Pune,Online,Credit Card,3,2867.55,0.0,8602.65,8602.65,0,973.38,2025,8,August,Sunday,8602.650000000001,8602.65
2025-08-03,ORD002319,CUST02245,P006,Desk,Furniture,Kolkata,Online,Net Banking,1,11997.39,0.05,11997.39,11397.52,0,1231.96,2025,8,August,Sunday,11997.39,11397.520499999999
2025-08-03,ORD003264,CUST04178,P002,Smartphone,Electronics,Hyderabad,Online,UPI,1,30548.44,0.2,30548.44,24438.75,0,5760.34,2025,8,August,Sunday,30548.44,24438.752
2025-08-03,ORD029025,CUST02580,P020,Microwave,Home,Chennai,Store,UPI,1,11184.28,0.0,11184.28,11184.28,1,-559.21,2025,8,August,Sunday,11184.28,11184.28
2025-08-03,ORD001104,CUST04127,P015,Dining Table,Furniture,Hyderabad,Store,UPI,1,23405.72,0.1,23405.72,21065.15,0,5842.52,2025,8,August,Sunday,23405.72,21065.148
2025-08-03,ORD013014,CUST04256,P005,Office Chair,Furniture,Surat,Online,Cash,2,10067.3,0.1,20134.6,18121.14,0,2250.92,2025,8,August,Sunday,20134.6,18121.14
2025-08-03,ORD037747,CUST04329,P009,T-Shirt,Fashion,Chennai,Store,Debit Card,2,1269.33,0.1,2538.66,2284.79,0,279.15,2025,8,August,Sunday,2538.66,2284.794
2025-08-03,ORD003285,CUST01994,P014,Keyboard,Electronics,Kolkata,Online,Credit Card,1,2277.56,0.15,2277.56,1935.93,0,140.11,2025,8,August,Sunday,2277.56,1935.926
2025-08-03,ORD048880,CUST03854,P006,Desk,Furniture,Pune,Online,UPI,2,11817.45,0.05,23634.9,22453.16,1,-1122.66,2025,8,August,Sunday,23634.9,22453.155
2025-08-03,ORD042463,CUST03473,P003,Headphones,Electronics,Chennai,Store,Cash,1,4333.95,0.0,4333.95,4333.95,0,1225.81,2025,8,August,Sunday,4333.95,4333.95
2025-08-03,ORD010510,CUST02582,P013,Monitor,Electronics,Delhi,Online,UPI,1,17426.02,0.15,17426.02,14812.12,0,783.22,2025,8,August,Sunday,17426.02,14812.117
2025-08-03,ORD043508,CUST00747,P010,Coffee Maker,Home,Jaipur,Store,Debit Card,1,5827.72,0.1,5827.72,5244.95,0,1080.92,2025,8,August,Sunday,5827.72,5244.948
2025-08-03,ORD002459,CUST03452,P010,Coffee Maker,Home,Surat,Online,Debit Card,2,5089.97,0.0,10179.94,10179.94,0,2367.74,2025,8,August,Sunday,10179.94,10179.94
2025-08-03,ORD020567,CUST01960,P011,Mixer Grinder,Home,Mumbai,Store,UPI,1,4343.09,0.05,4343.09,4125.94,0,429.75,2025,8,August,Sunday,4343.09,4125.9355
2025-08-03,ORD005799,CUST04304,P010,Coffee Maker,Home,Chennai,Online,UPI,1,5895.39,0.1,5895.39,5305.85,1,-265.29,2025,8,August,Sunday,5895.39,5305.851000000001
2025-08-03,ORD003771,CUST04507,P003,Headphones,Electronics,Jaipur,Store,Cash,2,4598.42,0.05,9196.84,8737.0,0,729.41,2025,8,August,Sunday,9196.84,8736.998
2025-08-03,ORD026476,CUST02843,P001,Laptop,Electronics,Kolkata,Online,UPI,1,67371.44,0.25,67371.44,50528.58,0,2625.25,2025,8,August,Sunday,67371.44,50528.58
2025-08-03,ORD028820,CUST00230,P007,Backpack,Accessories,Mumbai,Online,UPI,1,2019.72,0.0,2019.72,2019.72,0,193.57,2025,8,August,Sunday,2019.72,2019.72
2025-08-04,ORD025795,CUST01075,P020,Microwave,Home,Mumbai,Store,Credit Card,1,10631.46,0.0,10631.46,10631.46,0,2829.91,2025,8,August,Monday,10631.46,10631.46
2025-08-04,ORD004046,CUST03489,P005,Office Chair,Furniture,Delhi,Online,UPI,4,9886.48,0.1,39545.92,35591.33,0,7527.59,2025,8,August,Monday,39545.92,35591.328
2025-08-04,ORD012410,CUST02088,P005,Office Chair,Furniture,Bengaluru,Store,UPI,1,9887.25,0.15,9887.25,8404.16,0,2222.6,2025,8,August,Monday,9887.25,8404.1625
2025-08-04,ORD047424,CUST04305,P008,Running Shoes,Fashion,Hyderabad,Store,Debit Card,2,4110.14,0.0,8220.28,8220.28,0,1937.22,2025,8,August,Monday,8220.28,8220.28
2025-08-04,ORD049860,CUST01331,P019,Vacuum Cleaner,Home,Mumbai,Online,UPI,2,9288.45,0.0,18576.9,18576.9,0,3501.26,2025,8,August,Monday,18576.9,18576.9
2025-08-04,ORD049733,CUST01341,P017,Jeans,Fashion,Pune,Store,UPI,1,3009.03,0.2,3009.03,2407.22,0,222.02,2025,8,August,Monday,3009.03,2407.224
2025-08-04,ORD025956,CUST02369,P009,T-Shirt,Fashion,Ahmedabad,Online,UPI,2,1183.3,0.0,2366.6,2366.6,0,244.84,2025,8,August,Monday,2366.6,2366.6
2025-08-04,ORD046987,CUST04689,P018,Jacket,Fashion,Ahmedabad,Online,UPI,2,5623.58,0.05,11247.16,10684.8,0,932.59,2025,8,August,Monday,11247.16,10684.802
2025-08-04,ORD012797,CUST01684,P018,Jacket,Fashion,Chennai,Store,UPI,1,5096.32,0.05,5096.32,4841.5,0,1400.04,2025,8,August,Monday,5096.32,4841.504
2025-08-04,ORD036557,CUST04737,P006,Desk,Furniture,Bengaluru,Online,UPI,2,12291.72,0.1,24583.44,22125.1,0,1678.84,2025,8,August,Monday,24583.44,22125.095999999998
2025-08-04,ORD012696,CUST02578,P020,Microwave,Home,Ahmedabad,Store,UPI,3,11949.74,0.0,35849.22,35849.22,0,5771.87,2025,8,August,Monday,35849.22,35849.22
2025-08-04,ORD029656,CUST04781,P012,Air Fryer,Home,Chennai,Store,Credit Card,1,7674.22,0.25,7674.22,5755.66,0,379.08,2025,8,August,Monday,7674.22,5755.665
2025-08-04,ORD016802,CUST00222,P013,Monitor,Electronics,Pune,Online,UPI,1,18182.77,0.1,18182.77,16364.49,0,3720.78,2025,8,August,Monday,18182.77,16364.493
2025-08-04,ORD030033,CUST00834,P019,Vacuum Cleaner,Home,Bengaluru,Store,Debit Card,5,9689.72,0.1,48448.6,43603.74,0,7539.2,2025,8,August,Monday,48448.6,43603.74
2025-08-04,ORD007663,CUST03197,P009,T-Shirt,Fashion,Chennai,Store,UPI,1,1250.72,0.2,1250.72,1000.58,0,69.45,2025,8,August,Monday,1250.72,1000.576
2025-08-04,ORD003801,CUST03162,P001,Laptop,Electronics,Pune,Online,UPI,1,70632.81,0.2,70632.81,56506.25,0,9141.04,2025,8,August,Monday,70632.81,56506.248
2025-08-04,ORD016805,CUST02524,P007,Backpack,Accessories,Chennai,Online,UPI,2,2349.53,0.0,4699.06,4699.06,1,-234.95,2025,8,August,Monday,4699.06,4699.06
2025-08-04,ORD043564,CUST03447,P004,Smartwatch,Electronics,Bengaluru,Online,UPI,1,6910.79,0.15,6910.79,5874.17,0,1125.97,2025,8,August,Monday,6910.79,5874.1714999999995
2025-08-04,ORD017446,CUST03486,P007,Backpack,Accessories,Bengaluru,Online,Credit Card,2,2028.87,0.1,4057.74,3651.97,0,1011.9,2025,8,August,Monday,4057.74,3651.966
2025-08-04,ORD024814,CUST02577,P014,Keyboard,Electronics,Ahmedabad,Store,Credit Card,2,2728.5,0.15,5457.0,4638.45,0,643.52,2025,8,August,Monday,5457.0,4638.45
2025-08-04,ORD035762,CUST03869,P016,Sofa,Furniture,Delhi,Online,UPI,1,34950.43,0.15,34950.43,29707.87,1,-1485.39,2025,8,August,Monday,34950.43,29707.8655
2025-08-04,ORD039246,CUST03874,P014,Keyboard,Electronics,Delhi,Online,Credit Card,1,2324.04,0.15,2324.04,1975.43,0,382.91,2025,8,August,Monday,2324.04,1975.434
2025-08-04,ORD018668,CUST00582,P009,T-Shirt,Fashion,Jaipur,Store,Credit Card,1,1262.68,0.15,1262.68,1073.28,0,167.89,2025,8,August,Monday,1262.68,1073.278
2025-08-04,ORD021009,CUST04718,P010,Coffee Maker,Home,Delhi,Online,UPI,1,5426.21,0.05,5426.21,5154.9,0,1347.06,2025,8,August,Monday,5426.21,5154.8994999999995
2025-08-04,ORD016164,CUST04707,P012,Air Fryer,Home,Surat,Online,UPI,5,7176.4,0.05,35882.0,34087.9,0,6936.37,2025,8,August,Monday,35882.0,34087.9
2025-08-04,ORD026587,CUST03074,P011,Mixer Grinder,Home,Kolkata,Store,UPI,1,5076.99,0.1,5076.99,4569.29,0,996.6,2025,8,August,Monday,5076.99,4569.291
2025-08-04,ORD033418,CUST03713,P001,Laptop,Electronics,Pune,Online,UPI,2,68755.37,0.15,137510.74,116884.13,0,13860.57,2025,8,August,Monday,137510.74,116884.12899999999
2025-08-04,ORD014389,CUST01399,P013,Monitor,Electronics,Pune,Store,UPI,1,16400.19,0.05,16400.19,15580.18,0,4044.64,2025,8,August,Monday,16400.19,15580.180499999999
2025-08-04,ORD024342,CUST01337,P016,Sofa,Furniture,Surat,Store,Credit Card,3,33140.64,0.05,99421.92,94450.82,0,7021.77,2025,8,August,Monday,99421.92,94450.824
2025-08-04,ORD026042,CUST00124,P003,Headphones,Electronics,Mumbai,Store,Cash,1,4491.61,0.0,4491.61,4491.61,0,1000.59,2025,8,August,Monday,4491.61,4491.61
2025-08-04,ORD014042,CUST02352,P004,Smartwatch,Electronics,Kolkata,Online,Credit Card,2,6874.1,0.05,13748.2,13060.79,0,2242.9,2025,8,August,Monday,13748.2,13060.79
2025-08-04,ORD028456,CUST04150,P004,Smartwatch,Electronics,Pune,Store,Debit Card,1,6369.09,0.15,6369.09,5413.73,0,913.23,2025,8,August,Monday,6369.09,5413.7265
2025-08-04,ORD008196,CUST00399,P016,Sofa,Furniture,Chennai,Store,UPI,5,36459.27,0.1,182296.35,164066.72,0,41932.58,2025,8,August,Monday,182296.34999999998,164066.715
2025-08-04,ORD003044,CUST03837,P009,T-Shirt,Fashion,Bengaluru,Online,Credit Card,1,1246.07,0.1,1246.07,1121.46,0,252.56,2025,8,August,Monday,1246.07,1121.463
2025-08-04,ORD047200,CUST04731,P016,Sofa,Furniture,Surat,Online,Credit Card,2,32111.54,0.0,64223.08,64223.08,1,-3211.15,2025,8,August,Monday,64223.08,64223.08
2025-08-04,ORD022775,CUST03265,P010,Coffee Maker,Home,Ahmedabad,Online,Debit Card,1,5941.4,0.2,5941.4,4753.12,0,1161.9,2025,8,August,Monday,5941.4,4753.12
2025-08-04,ORD040924,CUST04438,P017,Jeans,Fashion,Pune,Store,Credit Card,1,2832.23,0.2,2832.23,2265.78,0,140.16,2025,8,August,Monday,2832.23,2265.784
2025-08-04,ORD043910,CUST00228,P015,Dining Table,Furniture,Chennai,Online,UPI,1,19991.54,0.1,19991.54,17992.39,0,4131.87,2025,8,August,Monday,19991.54,17992.386000000002
2025-08-04,ORD013407,CUST03862,P018,Jacket,Fashion,Ahmedabad,Store,Credit Card,1,5253.64,0.05,5253.64,4990.96,0,1126.45,2025,8,August,Monday,5253.64,4990.958
2025-08-04,ORD015092,CUST02308,P017,Jeans,Fashion,Hyderabad,Online,UPI,2,2650.34,0.15,5300.68,4505.58,0,709.57,2025,8,August,Monday,5300.68,4505.578
2025-08-04,ORD035073,CUST01916,P011,Mixer Grinder,Home,Chennai,Online,Debit Card,1,4904.79,0.0,4904.79,4904.79,0,613.06,2025,8,August,Monday,4904.79,4904.79
2025-08-04,ORD015224,CUST04596,P016,Sofa,Furniture,Surat,Store,UPI,2,31916.02,0.15,63832.04,54257.23,0,9904.73,2025,8,August,Monday,63832.04,54257.234
2025-08-04,ORD017411,CUST01544,P013,Monitor,Electronics,Hyderabad,Online,Credit Card,3,18312.5,0.2,54937.5,43950.0,0,6256.85,2025,8,August,Monday,54937.5,43950.0
2025-08-04,ORD003637,CUST00363,P007,Backpack,Accessories,Kolkata,Store,Credit Card,1,2314.34,0.2,2314.34,1851.47,0,312.49,2025,8,August,Monday,2314.34,1851.4720000000002
2025-08-04,ORD019321,CUST02099,P012,Air Fryer,Home,Hyderabad,Online,Credit Card,1,7172.67,0.25,7172.67,5379.5,0,236.02,2025,8,August,Monday,7172.67,5379.5025000000005
2025-08-04,ORD040623,CUST02676,P002,Smartphone,Electronics,Jaipur,Online,Debit Card,2,28361.57,0.1,56723.14,51050.83,0,4759.31,2025,8,August,Monday,56723.14,51050.826
2025-08-04,ORD038516,CUST01895,P015,Dining Table,Furniture,Delhi,Online,Debit Card,3,19924.54,0.05,59773.62,56784.94,0,6025.62,2025,8,August,Monday,59773.62,56784.939
2025-08-04,ORD045539,CUST01196,P010,Coffee Maker,Home,Pune,Online,UPI,2,4966.62,0.15,9933.24,8443.25,0,1794.75,2025,8,August,Monday,9933.24,8443.253999999999
2025-08-04,ORD041984,CUST01362,P016,Sofa,Furniture,Delhi,Online,UPI,4,34776.95,0.15,139107.8,118241.63,0,12288.43,2025,8,August,Monday,139107.8,118241.62999999999
2025-08-04,ORD013847,CUST01837,P002,Smartphone,Electronics,Hyderabad,Online,Credit Card,2,27337.98,0.15,54675.96,46474.57,0,6760.37,2025,8,August,Monday,54675.96,46474.566
2025-08-04,ORD002178,CUST03631,P001,Laptop,Electronics,Pune,Online,Credit Card,1,71484.13,0.2,71484.13,57187.3,0,14058.07,2025,8,August,Monday,71484.13,57187.304000000004
2025-08-04,ORD012804,CUST04927,P010,Coffee Maker,Home,Bengaluru,Online,Net Banking,5,5444.36,0.0,27221.8,27221.8,1,-1361.09,2025,8,August,Monday,27221.8,27221.8
2025-08-05,ORD008678,CUST02322,P006,Desk,Furniture,Bengaluru,Online,Credit Card,2,12856.09,0.0,25712.18,25712.18,0,3861.48,2025,8,August,Tuesday,25712.18,25712.18
2025-08-05,ORD022844,CUST01908,P001,Laptop,Electronics,Surat,Online,UPI,1,59834.34,0.15,59834.34,50859.19,0,4767.16,2025,8,August,Tuesday,59834.34,50859.189
2025-08-05,ORD016715,CUST04435,P007,Backpack,Accessories,Ahmedabad,Online,Credit Card,1,2375.53,0.05,2375.53,2256.75,0,629.32,2025,8,August,Tuesday,2375.53,2256.7535000000003
2025-08-05,ORD023664,CUST00570,P008,Running Shoes,Fashion,Jaipur,Store,UPI,2,4469.86,0.1,8939.72,8045.75,0,1875.99,2025,8,August,Tuesday,8939.72,8045.748
2025-08-05,ORD043456,CUST01366,P006,Desk,Furniture,Surat,Store,UPI,1,12321.56,0.1,12321.56,11089.4,0,2521.03,2025,8,August,Tuesday,12321.56,11089.404
2025-08-05,ORD043489,CUST02759,P019,Vacuum Cleaner,Home,Pune,Store,UPI,2,9168.96,0.2,18337.92,14670.34,0,3203.66,2025,8,August,Tuesday,18337.92,14670.336
2025-08-05,ORD045391,CUST01726,P002,Smartphone,Electronics,Jaipur,Online,Net Banking,1,27938.7,0.0,27938.7,27938.7,0,8255.5,2025,8,August,Tuesday,27938.7,27938.7
2025-08-05,ORD001135,CUST00285,P011,Mixer Grinder,Home,Chennai,Store,Credit Card,1,4666.99,0.2,4666.99,3733.59,0,292.36,2025,8,August,Tuesday,4666.99,3733.592
2025-08-05,ORD010844,CUST04669,P012,Air Fryer,Home,Chennai,Store,UPI,5,6842.51,0.1,34212.55,30791.3,1,-1539.56,2025,8,August,Tuesday,34212.55,30791.295000000002
2025-08-05,ORD043009,CUST02748,P007,Backpack,Accessories,Pune,Store,UPI,2,2120.74,0.1,4241.48,3817.33,0,352.85,2025,8,August,Tuesday,4241.48,3817.332
2025-08-05,ORD030459,CUST00027,P008,Running Shoes,Fashion,Jaipur,Online,Net Banking,1,4487.06,0.15,4487.06,3814.0,1,-190.7,2025,8,August,Tuesday,4487.06,3814.001
2025-08-05,ORD016676,CUST00585,P012,Air Fryer,Home,Hyderabad,Store,UPI,1,7878.1,0.05,7878.1,7484.2,0,947.31,2025,8,August,Tuesday,7878.1,7484.195
2025-08-05,ORD007039,CUST04252,P008,Running Shoes,Fashion,Ahmedabad,Online,UPI,1,4152.54,0.05,4152.54,3944.91,0,724.92,2025,8,August,Tuesday,4152.54,3944.9129999999996
2025-08-05,ORD024310,CUST02073,P010,Coffee Maker,Home,Hyderabad,Store,UPI,3,5931.39,0.1,17794.17,16014.75,0,3456.33,2025,8,August,Tuesday,17794.170000000002,16014.752999999999
2025-08-05,ORD001090,CUST00348,P010,Coffee Maker,Home,Hyderabad,Store,UPI,1,5227.82,0.1,5227.82,4705.04,0,394.25,2025,8,August,Tuesday,5227.82,4705.038
2025-08-05,ORD008084,CUST04797,P020,Microwave,Home,Delhi,Store,Credit Card,1,11884.38,0.05,11884.38,11290.16,0,2250.68,2025,8,August,Tuesday,11884.38,11290.160999999998
2025-08-05,ORD017431,CUST02923,P008,Running Shoes,Fashion,Jaipur,Online,UPI,1,3847.61,0.05,3847.61,3655.23,0,282.45,2025,8,August,Tuesday,3847.61,3655.2295
2025-08-05,ORD006855,CUST02447,P016,Sofa,Furniture,Hyderabad,Online,UPI,1,32520.35,0.25,32520.35,24390.26,0,2485.95,2025,8,August,Tuesday,32520.35,24390.262499999997
2025-08-05,ORD041064,CUST03844,P002,Smartphone,Electronics,Pune,Online,Net Banking,1,30594.64,0.0,30594.64,30594.64,0,6133.81,2025,8,August,Tuesday,30594.64,30594.64
2025-08-05,ORD014133,CUST00614,P003,Headphones,Electronics,Kolkata,Online,UPI,1,4089.05,0.1,4089.05,3680.15,0,1005.37,2025,8,August,Tuesday,4089.05,3680.1450000000004
2025-08-05,ORD006271,CUST04676,P015,Dining Table,Furniture,Mumbai,Online,UPI,1,22052.81,0.05,22052.81,20950.17,0,2281.62,2025,8,August,Tuesday,22052.81,20950.1695
2025-08-05,ORD046961,CUST02295,P019,Vacuum Cleaner,Home,Chennai,Online,Credit Card,1,9899.52,0.0,9899.52,9899.52,0,2118.66,2025,8,August,Tuesday,9899.52,9899.52
2025-08-05,ORD012240,CUST01912,P009,T-Shirt,Fashion,Mumbai,Online,Net Banking,1,1114.58,0.0,1114.58,1114.58,0,262.94,2025,8,August,Tuesday,1114.58,1114.58
2025-08-05,ORD042490,CUST03390,P016,Sofa,Furniture,Jaipur,Online,Cash,1,33461.8,0.2,33461.8,26769.44,0,1077.88,2025,8,August,Tuesday,33461.8,26769.440000000002
2025-08-05,ORD049127,CUST04271,P008,Running Shoes,Fashion,Jaipur,Store,UPI,1,4419.55,0.1,4419.55,3977.6,0,587.3,2025,8,August,Tuesday,4419.55,3977.5950000000003
2025-08-05,ORD013583,CUST03492,P016,Sofa,Furniture,Bengaluru,Online,Credit Card,2,35534.55,0.1,71069.1,63962.19,0,6404.29,2025,8,August,Tuesday,71069.1,63962.19000000001
2025-08-05,ORD035269,CUST03040,P005,Office Chair,Furniture,Ahmedabad,Online,Credit Card,2,8698.1,0.1,17396.2,15656.58,0,3426.05,2025,8,August,Tuesday,17396.2,15656.580000000002
2025-08-05,ORD047949,CUST04622,P008,Running Shoes,Fashion,Ahmedabad,Online,Debit Card,2,4348.95,0.15,8697.9,7393.21,0,895.38,2025,8,August,Tuesday,8697.9,7393.214999999999
2025-08-05,ORD008153,CUST03378,P006,Desk,Furniture,Pune,Online,Credit Card,2,12625.27,0.2,25250.54,20200.43,0,4040.5,2025,8,August,Tuesday,25250.54,20200.432
2025-08-05,ORD001380,CUST04767,P010,Coffee Maker,Home,Kolkata,Online,Debit Card,1,5242.02,0.15,5242.02,4455.72,0,1148.41,2025,8,August,Tuesday,5242.02,4455.717000000001
2025-08-05,ORD030966,CUST04832,P009,T-Shirt,Fashion,Kolkata,Store,Credit Card,2,1232.66,0.05,2465.32,2342.05,0,273.02,2025,8,August,Tuesday,2465.32,2342.054
2025-08-05,ORD022416,CUST03059,P014,Keyboard,Electronics,Chennai,Online,UPI,1,2674.09,0.05,2674.09,2540.39,0,609.78,2025,8,August,Tuesday,2674.09,2540.3855
2025-08-05,ORD015963,CUST03258,P003,Headphones,Electronics,Pune,Store,UPI,1,4331.49,0.1,4331.49,3898.34,0,246.56,2025,8,August,Tuesday,4331.49,3898.341
2025-08-05,ORD012836,CUST00655,P007,Backpack,Accessories,Jaipur,Store,Credit Card,1,2208.64,0.25,2208.64,1656.48,0,132.39,2025,8,August,Tuesday,2208.64,1656.48
2025-08-05,ORD036928,CUST03256,P006,Desk,Furniture,Chennai,Store,Credit Card,1,12017.84,0.05,12017.84,11416.95,1,-570.85,2025,8,August,Tuesday,12017.84,11416.948
2025-08-05,ORD002675,CUST02206,P020,Microwave,Home,Mumbai,Online,Debit Card,1,11976.89,0.05,11976.89,11378.05,0,2753.51,2025,8,August,Tuesday,11976.89,11378.045499999998
2025-08-05,ORD005382,CUST01693,P010,Coffee Maker,Home,Mumbai,Store,Credit Card,1,4951.44,0.05,4951.44,4703.87,0,1332.44,2025,8,August,Tuesday,4951.44,4703.8679999999995
2025-08-05,ORD038770,CUST03150,P014,Keyboard,Electronics,Surat,Store,Credit Card,2,2412.93,0.1,4825.86,4343.27,0,1157.46,2025,8,August,Tuesday,4825.86,4343.273999999999
2025-08-05,ORD036407,CUST00559,P005,Office Chair,Furniture,Pune,Online,UPI,2,10092.36,0.05,20184.72,19175.48,0,4498.3,2025,8,August,Tuesday,20184.72,19175.484
2025-08-05,ORD021236,CUST03855,P015,Dining Table,Furniture,Ahmedabad,Store,Debit Card,1,22664.48,0.2,22664.48,18131.58,0,1207.96,2025,8,August,Tuesday,22664.48,18131.584
2025-08-05,ORD034910,CUST01928,P005,Office Chair,Furniture,Kolkata,Online,Debit Card,1,9314.55,0.1,9314.55,8383.09,0,2010.42,2025,8,August,Tuesday,9314.55,8383.095
2025-08-05,ORD040374,CUST00561,P012,Air Fryer,Home,Jaipur,Online,UPI,4,7614.69,0.2,30458.76,24367.01,0,1805.93,2025,8,August,Tuesday,30458.76,24367.008
2025-08-05,ORD026836,CUST01071,P015,Dining Table,Furniture,Bengaluru,Store,Credit Card,1,21013.25,0.0,21013.25,21013.25,1,-1050.66,2025,8,August,Tuesday,21013.25,21013.25
2025-08-05,ORD036974,CUST04644,P015,Dining Table,Furniture,Delhi,Store,Credit Card,1,21856.48,0.1,21856.48,19670.83,0,4076.49,2025,8,August,Tuesday,21856.48,19670.832
2025-08-05,ORD046128,CUST00499,P011,Mixer Grinder,Home,Chennai,Online,Debit Card,3,4413.86,0.0,13241.58,13241.58,0,3080.71,2025,8,August,Tuesday,13241.579999999998,13241.58
2025-08-05,ORD026281,CUST03388,P015,Dining Table,Furniture,Pune,Online,UPI,1,23461.48,0.1,23461.48,21115.33,0,2445.45,2025,8,August,Tuesday,23461.48,21115.332
2025-08-05,ORD010215,CUST00496,P004,Smartwatch,Electronics,Delhi,Store,Debit Card,5,6448.84,0.1,32244.2,29019.78,0,8125.01,2025,8,August,Tuesday,32244.2,29019.780000000002
2025-08-05,ORD031660,CUST00109,P007,Backpack,Accessories,Jaipur,Store,Net Banking,1,2412.82,0.1,2412.82,2171.54,0,224.99,2025,8,August,Tuesday,2412.82,2171.538
2025-08-05,ORD048288,CUST01425,P019,Vacuum Cleaner,Home,Surat,Online,Debit Card,3,8168.26,0.05,24504.78,23279.54,1,-1163.98,2025,8,August,Tuesday,24504.78,23279.540999999997
2025-08-05,ORD001766,CUST03252,P013,Monitor,Electronics,Chennai,Online,UPI,1,18282.82,0.1,18282.82,16454.54,0,1597.61,2025,8,August,Tuesday,18282.82,16454.538
2025-08-05,ORD030350,CUST03414,P015,Dining Table,Furniture,Kolkata,Online,UPI,1,23913.1,0.05,23913.1,22717.44,0,4743.53,2025,8,August,Tuesday,23913.1,22717.444999999996
2025-08-05,ORD028017,CUST02660,P016,Sofa,Furniture,Jaipur,Online,Credit Card,2,31723.84,0.05,63447.68,60275.3,0,15496.89,2025,8,August,Tuesday,63447.68,60275.295999999995
2025-08-05,ORD020578,CUST04192,P001,Laptop,Electronics,Bengaluru,Online,UPI,3,63855.08,0.1,191565.24,172408.72,0,48033.69,2025,8,August,Tuesday,191565.24,172408.716
2025-08-05,ORD024165,CUST03357,P011,Mixer Grinder,Home,Hyderabad,Online,UPI,2,4691.27,0.05,9382.54,8913.41,0,1432.42,2025,8,August,Tuesday,9382.54,8913.413
2025-08-05,ORD011196,CUST02246,P017,Jeans,Fashion,Hyderabad,Online,Debit Card,1,2848.97,0.15,2848.97,2421.62,0,266.34,2025,8,August,Tuesday,2848.97,2421.6245
2025-08-05,ORD012727,CUST00989,P011,Mixer Grinder,Home,Jaipur,Online,Debit Card,1,4797.06,0.2,4797.06,3837.65,0,170.92,2025,8,August,Tuesday,4797.06,3837.6480000000006
2025-08-05,ORD037984,CUST03187,P012,Air Fryer,Home,Ahmedabad,Online,UPI,2,7594.92,0.2,15189.84,12151.87,0,2468.84,2025,8,August,Tuesday,15189.84,12151.872000000001
2025-08-05,ORD043049,CUST00232,P020,Microwave,Home,Jaipur,Store,Credit Card,1,11645.57,0.05,11645.57,11063.29,0,2908.79,2025,8,August,Tuesday,11645.57,11063.2915
2025-08-05,ORD019535,CUST00528,P009,T-Shirt,Fashion,Chennai,Store,UPI,1,1170.39,0.05,1170.39,1111.87,0,264.75,2025,8,August,Tuesday,1170.39,1111.8705
2025-08-05,ORD028934,CUST03256,P010,Coffee Maker,Home,Hyderabad,Store,Credit Card,1,5770.67,0.0,5770.67,5770.67,0,780.05,2025,8,August,Tuesday,5770.67,5770.67
2025-08-05,ORD040488,CUST00640,P006,Desk,Furniture,Jaipur,Online,UPI,1,11337.45,0.25,11337.45,8503.09,0,1217.63,2025,8,August,Tuesday,11337.45,8503.087500000001
2025-08-05,ORD026920,CUST04103,P009,T-Shirt,Fashion,Chennai,Store,Cash,1,1235.47,0.05,1235.47,1173.7,1,-58.68,2025,8,August,Tuesday,1235.47,1173.6965
2025-08-05,ORD009659,CUST01017,P019,Vacuum Cleaner,Home,Bengaluru,Online,UPI,1,8860.08,0.05,8860.08,8417.08,0,1383.2,2025,8,August,Tuesday,8860.08,8417.076
2025-08-05,ORD006181,CUST04625,P002,Smartphone,Electronics,Hyderabad,Online,Debit Card,1,26890.32,0.05,26890.32,25545.8,0,6262.62,2025,8,August,Tuesday,26890.32,25545.804
2025-08-05,ORD001131,CUST00156,P003,Headphones,Electronics,Hyderabad,Online,UPI,1,4536.26,0.15,4536.26,3855.82,0,538.16,2025,8,August,Tuesday,4536.26,3855.821
2025-08-05,ORD045251,CUST00602,P019,Vacuum Cleaner,Home,Ahmedabad,Online,Debit Card,1,8708.84,0.25,8708.84,6531.63,0,1536.97,2025,8,August,Tuesday,8708.84,6531.63
2025-08-05,ORD008035,CUST03187,P003,Headphones,Electronics,Mumbai,Online,UPI,1,4249.74,0.05,4249.74,4037.25,0,605.68,2025,8,August,Tuesday,4249.74,4037.2529999999997
2025-08-06,ORD037722,CUST04811,P015,Dining Table,Furniture,Jaipur,Online,Credit Card,1,23024.3,0.0,23024.3,23024.3,0,1985.29,2025,8,August,Wednesday,23024.3,23024.3
2025-08-06,ORD000918,CUST00096,P006,Desk,Furniture,Surat,Online,Cash,1,10863.32,0.0,10863.32,10863.32,0,1487.22,2025,8,August,Wednesday,10863.32,10863.32
2025-08-06,ORD005300,CUST01952,P012,Air Fryer,Home,Jaipur,Store,Credit Card,1,6597.63,0.2,6597.63,5278.1,0,1265.7,2025,8,August,Wednesday,6597.63,5278.104
2025-08-06,ORD029997,CUST03227,P016,Sofa,Furniture,Pune,Store,Cash,1,33066.61,0.15,33066.61,28106.62,0,4435.25,2025,8,August,Wednesday,33066.61,28106.6185
2025-08-06,ORD009275,CUST00999,P003,Headphones,Electronics,Ahmedabad,Store,UPI,3,4139.3,0.0,12417.9,12417.9,1,-620.9,2025,8,August,Wednesday,12417.900000000001,12417.9
2025-08-06,ORD044939,CUST01793,P011,Mixer Grinder,Home,Mumbai,Online,UPI,1,5057.24,0.2,5057.24,4045.79,0,609.77,2025,8,August,Wednesday,5057.24,4045.792
2025-08-06,ORD044632,CUST03512,P017,Jeans,Fashion,Pune,Online,UPI,2,2541.6,0.1,5083.2,4574.88,0,819.78,2025,8,August,Wednesday,5083.2,4574.88
2025-08-06,ORD023977,CUST04866,P006,Desk,Furniture,Bengaluru,Online,Debit Card,1,12773.41,0.15,12773.41,10857.4,0,1677.84,2025,8,August,Wednesday,12773.41,10857.3985
2025-08-06,ORD045211,CUST00074,P002,Smartphone,Electronics,Delhi,Store,Debit Card,1,28344.85,0.2,28344.85,22675.88,0,4881.59,2025,8,August,Wednesday,28344.85,22675.88
2025-08-06,ORD039068,CUST01128,P009,T-Shirt,Fashion,Mumbai,Store,UPI,1,1189.63,0.1,1189.63,1070.67,0,237.13,2025,8,August,Wednesday,1189.63,1070.6670000000001
2025-08-06,ORD015006,CUST02092,P001,Laptop,Electronics,Surat,Store,Credit Card,1,60250.6,0.0,60250.6,60250.6,0,16559.18,2025,8,August,Wednesday,60250.6,60250.6
2025-08-06,ORD038871,CUST00428,P011,Mixer Grinder,Home,Delhi,Store,Credit Card,1,4413.56,0.0,4413.56,4413.56,0,565.31,2025,8,August,Wednesday,4413.56,4413.56
2025-08-06,ORD006634,CUST02612,P003,Headphones,Electronics,Kolkata,Store,Credit Card,1,4715.78,0.05,4715.78,4479.99,0,405.36,2025,8,August,Wednesday,4715.78,4479.991
2025-08-06,ORD025272,CUST01071,P016,Sofa,Furniture,Bengaluru,Online,Credit Card,1,37042.54,0.15,37042.54,31486.16,0,3219.67,2025,8,August,Wednesday,37042.54,31486.159
2025-08-06,ORD043256,CUST04275,P015,Dining Table,Furniture,Pune,Store,Credit Card,1,20222.63,0.15,20222.63,17189.24,0,1734.54,2025,8,August,Wednesday,20222.63,17189.2355
2025-08-06,ORD008216,CUST01422,P001,Laptop,Electronics,Surat,Store,Credit Card,4,64923.23,0.05,259692.92,246708.27,0,23540.72,2025,8,August,Wednesday,259692.92,246708.274
2025-08-06,ORD032005,CUST00807,P013,Monitor,Electronics,Bengaluru,Online,Credit Card,3,19153.42,0.0,57460.26,57460.26,0,14811.22,2025,8,August,Wednesday,57460.259999999995,57460.26
2025-08-06,ORD022224,CUST02102,P019,Vacuum Cleaner,Home,Pune,Store,Credit Card,1,9439.51,0.15,9439.51,8023.58,0,447.09,2025,8,August,Wednesday,9439.51,8023.5835
2025-08-06,ORD021585,CUST03043,P004,Smartwatch,Electronics,Delhi,Online,Credit Card,1,6558.66,0.15,6558.66,5574.86,0,1314.44,2025,8,August,Wednesday,6558.66,5574.861
2025-08-06,ORD047825,CUST00668,P019,Vacuum Cleaner,Home,Kolkata,Online,UPI,1,8256.44,0.1,8256.44,7430.8,0,1460.24,2025,8,August,Wednesday,8256.44,7430.796
2025-08-06,ORD037889,CUST03227,P011,Mixer Grinder,Home,Ahmedabad,Online,Credit Card,1,4850.83,0.05,4850.83,4608.29,0,1220.05,2025,8,August,Wednesday,4850.83,4608.2885
2025-08-06,ORD019718,CUST02167,P010,Coffee Maker,Home,Delhi,Store,UPI,1,4979.43,0.0,4979.43,4979.43,0,758.14,2025,8,August,Wednesday,4979.43,4979.43
2025-08-06,ORD029229,CUST03891,P016,Sofa,Furniture,Ahmedabad,Store,UPI,2,34420.51,0.05,68841.02,65398.97,0,11355.8,2025,8,August,Wednesday,68841.02,65398.969
2025-08-06,ORD001011,CUST02223,P009,T-Shirt,Fashion,Mumbai,Store,Credit Card,2,1179.78,0.1,2359.56,2123.6,0,306.25,2025,8,August,Wednesday,2359.56,2123.604
2025-08-06,ORD032616,CUST03917,P015,Dining Table,Furniture,Jaipur,Online,Net Banking,2,22729.34,0.1,45458.68,40912.81,0,3702.08,2025,8,August,Wednesday,45458.68,40912.812
2025-08-06,ORD020120,CUST00631,P006,Desk,Furniture,Hyderabad,Online,UPI,1,11654.13,0.05,11654.13,11071.42,0,2899.07,2025,8,August,Wednesday,11654.13,11071.423499999999
2025-08-06,ORD017927,CUST03896,P016,Sofa,Furniture,Ahmedabad,Store,UPI,1,34884.37,0.0,34884.37,34884.37,0,4885.81,2025,8,August,Wednesday,34884.37,34884.37
2025-08-06,ORD010719,CUST00838,P003,Headphones,Electronics,Delhi,Online,Debit Card,1,4670.79,0.25,4670.79,3503.09,0,606.1,2025,8,August,Wednesday,4670.79,3503.0924999999997
2025-08-06,ORD020960,CUST01141,P010,Coffee Maker,Home,Ahmedabad,Online,UPI,1,5830.69,0.2,5830.69,4664.55,0,994.25,2025,8,August,Wednesday,5830.69,4664.552
2025-08-06,ORD022086,CUST03563,P004,Smartwatch,Electronics,Surat,Online,UPI,1,6525.17,0.0,6525.17,6525.17,0,848.63,2025,8,August,Wednesday,6525.17,6525.17
2025-08-06,ORD002228,CUST01068,P015,Dining Table,Furniture,Surat,Store,UPI,2,20283.41,0.1,40566.82,36510.14,1,-1825.51,2025,8,August,Wednesday,40566.82,36510.138
2025-08-06,ORD008919,CUST04511,P009,T-Shirt,Fashion,Delhi,Online,Credit Card,3,1244.0,0.1,3732.0,3358.8,0,838.76,2025,8,August,Wednesday,3732.0,3358.8
2025-08-06,ORD022513,CUST03032,P002,Smartphone,Electronics,Ahmedabad,Online,UPI,5,30401.85,0.0,152009.25,152009.25,0,13820.29,2025,8,August,Wednesday,152009.25,152009.25
2025-08-06,ORD026045,CUST02060,P007,Backpack,Accessories,Bengaluru,Online,Debit Card,1,2073.4,0.25,2073.4,1555.05,0,206.53,2025,8,August,Wednesday,2073.4,1555.0500000000002
2025-08-06,ORD000545,CUST03749,P014,Keyboard,Electronics,Ahmedabad,Store,Credit Card,2,2633.88,0.15,5267.76,4477.6,0,858.18,2025,8,August,Wednesday,5267.76,4477.5960000000005
2025-08-06,ORD033497,CUST00644,P014,Keyboard,Electronics,Hyderabad,Online,UPI,5,2403.28,0.1,12016.4,10814.76,0,1906.73,2025,8,August,Wednesday,12016.400000000001,10814.76
2025-08-06,ORD013597,CUST00172,P008,Running Shoes,Fashion,Delhi,Store,UPI,1,4438.33,0.0,4438.33,4438.33,0,729.06,2025,8,August,Wednesday,4438.33,4438.33
2025-08-06,ORD034283,CUST00135,P016,Sofa,Furniture,Chennai,Online,Debit Card,2,34981.48,0.25,69962.96,52472.22,0,7834.83,2025,8,August,Wednesday,69962.96,52472.22
2025-08-06,ORD011923,CUST01808,P002,Smartphone,Electronics,Chennai,Online,UPI,4,26295.0,0.1,105180.0,94662.0,0,17971.19,2025,8,August,Wednesday,105180.0,94662.0
2025-08-06,ORD030782,CUST03269,P017,Jeans,Fashion,Hyderabad,Store,Credit Card,1,2694.11,0.05,2694.11,2559.4,1,-127.97,2025,8,August,Wednesday,2694.11,2559.4045
2025-08-06,ORD022965,CUST02297,P010,Coffee Maker,Home,Bengaluru,Online,UPI,1,5071.17,0.25,5071.17,3803.38,0,569.85,2025,8,August,Wednesday,5071.17,3803.3775
2025-08-06,ORD043567,CUST01175,P005,Office Chair,Furniture,Pune,Online,UPI,5,10269.18,0.0,51345.9,51345.9,0,14054.06,2025,8,August,Wednesday,51345.9,51345.9
2025-08-06,ORD032536,CUST00694,P006,Desk,Furniture,Delhi,Online,UPI,1,11945.44,0.0,11945.44,11945.44,0,993.41,2025,8,August,Wednesday,11945.44,11945.44
2025-08-06,ORD048382,CUST00215,P006,Desk,Furniture,Mumbai,Store,Credit Card,1,11182.14,0.0,11182.14,11182.14,0,2194.63,2025,8,August,Wednesday,11182.14,11182.14
2025-08-06,ORD005166,CUST01954,P019,Vacuum Cleaner,Home,Surat,Store,Net Banking,5,8502.89,0.2,42514.45,34011.56,0,6594.3,2025,8,August,Wednesday,42514.45,34011.56
2025-08-06,ORD027117,CUST02911,P015,Dining Table,Furniture,Bengaluru,Store,Cash,1,20531.81,0.1,20531.81,18478.63,0,2659.31,2025,8,August,Wednesday,20531.81,18478.629
2025-08-06,ORD048028,CUST03848,P007,Backpack,Accessories,Jaipur,Online,UPI,1,2365.28,0.0,2365.28,2365.28,0,659.09,2025,8,August,Wednesday,2365.28,2365.28
2025-08-06,ORD034515,CUST00275,P004,Smartwatch,Electronics,Chennai,Online,Credit Card,1,7230.53,0.05,7230.53,6869.0,0,1428.93,2025,8,August,Wednesday,7230.53,6869.0035
2025-08-06,ORD049148,CUST02931,P007,Backpack,Accessories,Pune,Store,UPI,1,2110.85,0.1,2110.85,1899.76,0,311.28,2025,8,August,Wednesday,2110.85,1899.7649999999999
2025-08-06,ORD028217,CUST03387,P020,Microwave,Home,Surat,Online,Net Banking,4,11249.75,0.1,44999.0,40499.1,0,6890.09,2025,8,August,Wednesday,44999.0,40499.1
2025-08-06,ORD011651,CUST01824,P010,Coffee Maker,Home,Kolkata,Online,Credit Card,1,5876.88,0.15,5876.88,4995.35,0,1052.3,2025,8,August,Wednesday,5876.88,4995.348
2025-08-06,ORD010371,CUST01689,P002,Smartphone,Electronics,Surat,Store,UPI,1,26882.32,0.1,26882.32,24194.09,0,5567.43,2025,8,August,Wednesday,26882.32,24194.088
2025-08-06,ORD003445,CUST00875,P010,Coffee Maker,Home,Ahmedabad,Store,UPI,1,5515.44,0.15,5515.44,4688.12,0,778.25,2025,8,August,Wednesday,5515.44,4688.124
2025-08-06,ORD001196,CUST03601,P018,Jacket,Fashion,Jaipur,Online,Credit Card,2,5151.28,0.05,10302.56,9787.43,0,2746.9,2025,8,August,Wednesday,10302.56,9787.431999999999
2025-08-06,ORD001347,CUST03226,P018,Jacket,Fashion,Jaipur,Online,UPI,1,5085.24,0.05,5085.24,4830.98,0,834.14,2025,8,August,Wednesday,5085.24,4830.977999999999
2025-08-06,ORD020057,CUST00450,P016,Sofa,Furniture,Surat,Store,Credit Card,1,37042.68,0.15,37042.68,31486.28,0,7524.7,2025,8,August,Wednesday,37042.68,31486.278
2025-08-06,ORD025080,CUST00055,P009,T-Shirt,Fashion,Pune,Store,UPI,1,1247.98,0.0,1247.98,1247.98,0,265.24,2025,8,August,Wednesday,1247.98,1247.98
2025-08-06,ORD036788,CUST01286,P020,Microwave,Home,Pune,Store,Credit Card,1,10437.8,0.15,10437.8,8872.13,0,614.88,2025,8,August,Wednesday,10437.8,8872.13
2025-08-06,ORD047277,CUST02037,P001,Laptop,Electronics,Delhi,Store,Cash,1,62816.62,0.25,62816.62,47112.46,0,1884.5,2025,8,August,Wednesday,62816.62,47112.465000000004
2025-08-06,ORD012243,CUST00830,P007,Backpack,Accessories,Bengaluru,Online,Credit Card,2,2330.86,0.15,4661.72,3962.46,0,818.09,2025,8,August,Wednesday,4661.72,3962.462
2025-08-06,ORD011497,CUST00537,P016,Sofa,Furniture,Chennai,Store,Debit Card,1,34013.8,0.1,34013.8,30612.42,0,2895.16,2025,8,August,Wednesday,34013.8,30612.420000000002
2025-08-06,ORD045188,CUST04559,P012,Air Fryer,Home,Jaipur,Online,UPI,2,6787.76,0.1,13575.52,12217.97,0,3071.81,2025,8,August,Wednesday,13575.52,12217.968
2025-08-06,ORD006402,CUST02186,P014,Keyboard,Electronics,Jaipur,Store,Net Banking,1,2498.4,0.05,2498.4,2373.48,0,382.68,2025,8,August,Wednesday,2498.4,2373.48
2025-08-06,ORD044295,CUST04364,P002,Smartphone,Electronics,Hyderabad,Store,Credit Card,1,29152.11,0.1,29152.11,26236.9,0,5334.04,2025,8,August,Wednesday,29152.11,26236.899
2025-08-06,ORD043005,CUST00917,P001,Laptop,Electronics,Pune,Online,UPI,2,61975.97,0.0,123951.94,123951.94,0,28330.19,2025,8,August,Wednesday,123951.94,123951.94
2025-08-06,ORD015107,CUST00423,P016,Sofa,Furniture,Pune,Online,Cash,1,33285.61,0.15,33285.61,28292.77,0,2774.17,2025,8,August,Wednesday,33285.61,28292.7685
2025-08-06,ORD042421,CUST01750,P018,Jacket,Fashion,Delhi,Online,Debit Card,5,5690.86,0.15,28454.3,24186.16,0,6402.29,2025,8,August,Wednesday,28454.3,24186.155
2025-08-06,ORD038108,CUST02824,P012,Air Fryer,Home,Delhi,Online,Net Banking,2,7815.61,0.05,15631.22,14849.66,0,2835.43,2025,8,August,Wednesday,15631.22,14849.658999999998
2025-08-06,ORD027627,CUST01817,P007,Backpack,Accessories,Delhi,Online,Net Banking,1,2258.66,0.1,2258.66,2032.79,0,397.47,2025,8,August,Wednesday,2258.66,2032.7939999999999
2025-08-06,ORD028246,CUST02567,P003,Headphones,Electronics,Bengaluru,Online,UPI,1,4887.1,0.15,4887.1,4154.04,0,653.02,2025,8,August,Wednesday,4887.1,4154.035
2025-08-07,ORD001054,CUST03032,P009,T-Shirt,Fashion,Ahmedabad,Online,UPI,2,1096.74,0.05,2193.48,2083.81,0,357.56,2025,8,August,Thursday,2193.48,2083.806
2025-08-07,ORD048984,CUST00516,P018,Jacket,Fashion,Mumbai,Store,Credit Card,1,5483.19,0.1,5483.19,4934.87,0,425.12,2025,8,August,Thursday,5483.19,4934.871
2025-08-07,ORD001250,CUST02861,P012,Air Fryer,Home,Pune,Online,UPI,1,7221.52,0.15,7221.52,6138.29,0,1282.13,2025,8,August,Thursday,7221.52,6138.292
2025-08-07,ORD012423,CUST00027,P013,Monitor,Electronics,Surat,Online,Net Banking,2,18287.6,0.1,36575.2,32917.68,1,-1645.88,2025,8,August,Thursday,36575.2,32917.68
2025-08-07,ORD043518,CUST00704,P017,Jeans,Fashion,Ahmedabad,Online,Credit Card,1,2671.35,0.15,2671.35,2270.65,0,314.49,2025,8,August,Thursday,2671.35,2270.6475
2025-08-07,ORD033438,CUST00947,P013,Monitor,Electronics,Kolkata,Online,UPI,2,16333.59,0.25,32667.18,24500.38,0,5663.93,2025,8,August,Thursday,32667.18,24500.385000000002
2025-08-07,ORD035215,CUST03523,P006,Desk,Furniture,Bengaluru,Online,Net Banking,2,12770.04,0.05,25540.08,24263.08,0,6194.83,2025,8,August,Thursday,25540.08,24263.076
2025-08-07,ORD040037,CUST04044,P014,Keyboard,Electronics,Surat,Online,Credit Card,3,2442.49,0.05,7327.47,6961.1,0,1920.72,2025,8,August,Thursday,7327.469999999999,6961.0965
2025-08-07,ORD008615,CUST00285,P017,Jeans,Fashion,Mumbai,Store,UPI,1,2746.73,0.1,2746.73,2472.06,0,292.63,2025,8,August,Thursday,2746.73,2472.0570000000002
2025-08-07,ORD033540,CUST02120,P009,T-Shirt,Fashion,Pune,Store,Credit Card,2,1095.21,0.15,2190.42,1861.86,1,-93.09,2025,8,August,Thursday,2190.42,1861.857
2025-08-07,ORD010714,CUST03656,P008,Running Shoes,Fashion,Kolkata,Store,UPI,1,4349.12,0.05,4349.12,4131.66,0,993.46,2025,8,August,Thursday,4349.12,4131.664
2025-08-07,ORD025472,CUST00243,P016,Sofa,Furniture,Pune,Online,Credit Card,1,36673.98,0.2,36673.98,29339.18,0,4381.43,2025,8,August,Thursday,36673.98,29339.184000000005
2025-08-07,ORD033481,CUST01198,P005,Office Chair,Furniture,Delhi,Online,UPI,1,10439.57,0.1,10439.57,9395.61,0,2409.86,2025,8,August,Thursday,10439.57,9395.613
2025-08-07,ORD011985,CUST03879,P018,Jacket,Fashion,Hyderabad,Online,UPI,1,5624.37,0.15,5624.37,4780.71,0,987.33,2025,8,August,Thursday,5624.37,4780.7145
2025-08-07,ORD035207,CUST01397,P019,Vacuum Cleaner,Home,Jaipur,Online,Debit Card,1,8400.95,0.0,8400.95,8400.95,0,2462.41,2025,8,August,Thursday,8400.95,8400.95
2025-08-07,ORD016734,CUST03390,P007,Backpack,Accessories,Surat,Store,UPI,1,2410.69,0.15,2410.69,2049.09,1,-102.45,2025,8,August,Thursday,2410.69,2049.0865
2025-08-07,ORD007280,CUST00251,P011,Mixer Grinder,Home,Mumbai,Online,Credit Card,1,4428.71,0.1,4428.71,3985.84,0,372.13,2025,8,August,Thursday,4428.71,3985.839
2025-08-07,ORD013240,CUST00609,P003,Headphones,Electronics,Mumbai,Store,Cash,1,4658.18,0.1,4658.18,4192.36,0,717.13,2025,8,August,Thursday,4658.18,4192.362
2025-08-07,ORD003134,CUST02261,P020,Microwave,Home,Ahmedabad,Online,Cash,2,11350.75,0.15,22701.5,19296.27,0,3134.12,2025,8,August,Thursday,22701.5,19296.274999999998
2025-08-07,ORD016244,CUST02713,P013,Monitor,Electronics,Mumbai,Store,Debit Card,2,17540.56,0.25,35081.12,26310.84,0,5001.3,2025,8,August,Thursday,35081.12,26310.840000000004
2025-08-07,ORD001349,CUST00943,P011,Mixer Grinder,Home,Kolkata,Store,UPI,1,4425.62,0.1,4425.62,3983.06,0,455.35,2025,8,August,Thursday,4425.62,3983.058
2025-08-07,ORD008499,CUST01717,P015,Dining Table,Furniture,Delhi,Store,Debit Card,2,22277.81,0.05,44555.62,42327.84,0,11629.13,2025,8,August,Thursday,44555.62,42327.839
2025-08-07,ORD026998,CUST03844,P008,Running Shoes,Fashion,Chennai,Store,UPI,1,4234.63,0.25,4234.63,3175.97,0,683.08,2025,8,August,Thursday,4234.63,3175.9725
2025-08-07,ORD025440,CUST02278,P007,Backpack,Accessories,Delhi,Online,Net Banking,5,2245.64,0.0,11228.2,11228.2,0,1616.36,2025,8,August,Thursday,11228.199999999999,11228.2
2025-08-07,ORD024440,CUST00748,P008,Running Shoes,Fashion,Pune,Store,Debit Card,2,4575.86,0.0,9151.72,9151.72,0,1281.23,2025,8,August,Thursday,9151.72,9151.72
2025-08-07,ORD012172,CUST04770,P020,Microwave,Home,Kolkata,Online,Credit Card,1,11850.79,0.0,11850.79,11850.79,0,2130.22,2025,8,August,Thursday,11850.79,11850.79
2025-08-07,ORD036452,CUST01963,P003,Headphones,Electronics,Surat,Online,Credit Card,3,4131.01,0.1,12393.03,11153.73,0,1236.17,2025,8,August,Thursday,12393.03,11153.727
2025-08-07,ORD022528,CUST01005,P017,Jeans,Fashion,Jaipur,Store,Credit Card,1,2542.36,0.2,2542.36,2033.89,0,86.83,2025,8,August,Thursday,2542.36,2033.8880000000001
2025-08-07,ORD012568,CUST03698,P019,Vacuum Cleaner,Home,Pune,Store,UPI,2,8135.05,0.2,16270.1,13016.08,0,924.08,2025,8,August,Thursday,16270.1,13016.080000000002
2025-08-07,ORD046013,CUST00537,P013,Monitor,Electronics,Surat,Store,Credit Card,3,18406.03,0.05,55218.09,52457.19,0,6660.36,2025,8,August,Thursday,55218.09,52457.18549999999
2025-08-07,ORD039848,CUST02729,P013,Monitor,Electronics,Jaipur,Online,Credit Card,2,16287.01,0.1,32574.02,29316.62,0,2681.06,2025,8,August,Thursday,32574.02,29316.618000000002
2025-08-07,ORD033417,CUST03224,P012,Air Fryer,Home,Mumbai,Online,Credit Card,1,6709.83,0.2,6709.83,5367.86,0,982.03,2025,8,August,Thursday,6709.83,5367.8640000000005
2025-08-07,ORD011451,CUST02849,P020,Microwave,Home,Hyderabad,Online,Credit Card,1,10857.07,0.1,10857.07,9771.36,0,733.85,2025,8,August,Thursday,10857.07,9771.363
2025-08-07,ORD025082,CUST01434,P020,Microwave,Home,Mumbai,Online,Credit Card,1,10486.34,0.15,10486.34,8913.39,0,755.39,2025,8,August,Thursday,10486.34,8913.389
2025-08-07,ORD022319,CUST03666,P006,Desk,Furniture,Bengaluru,Online,UPI,2,10918.96,0.05,21837.92,20746.02,0,4539.07,2025,8,August,Thursday,21837.92,20746.023999999998
2025-08-07,ORD028486,CUST02289,P005,Office Chair,Furniture,Pune,Store,UPI,2,10071.96,0.05,20143.92,19136.72,0,1758.48,2025,8,August,Thursday,20143.92,19136.724
2025-08-07,ORD022532,CUST02250,P019,Vacuum Cleaner,Home,Kolkata,Store,UPI,1,8237.34,0.1,8237.34,7413.61,0,1444.78,2025,8,August,Thursday,8237.34,7413.606000000001
2025-08-07,ORD037604,CUST01232,P002,Smartphone,Electronics,Chennai,Online,Cash,1,27448.49,0.1,27448.49,24703.64,0,5240.85,2025,8,August,Thursday,27448.49,24703.641000000003
2025-08-07,ORD029645,CUST00153,P005,Office Chair,Furniture,Kolkata,Online,Net Banking,1,9841.76,0.05,9841.76,9349.67,0,1520.44,2025,8,August,Thursday,9841.76,9349.672
2025-08-07,ORD046432,CUST02237,P016,Sofa,Furniture,Surat,Online,Debit Card,1,35812.97,0.0,35812.97,35812.97,0,10211.72,2025,8,August,Thursday,35812.97,35812.97
2025-08-07,ORD030663,CUST02389,P010,Coffee Maker,Home,Jaipur,Online,UPI,1,5685.82,0.0,5685.82,5685.82,0,1256.97,2025,8,August,Thursday,5685.82,5685.82
2025-08-07,ORD002766,CUST03143,P002,Smartphone,Electronics,Delhi,Store,Credit Card,1,30226.16,0.1,30226.16,27203.54,0,6097.47,2025,8,August,Thursday,30226.16,27203.544
2025-08-07,ORD041034,CUST00052,P004,Smartwatch,Electronics,Jaipur,Online,UPI,1,6825.68,0.1,6825.68,6143.11,0,1685.06,2025,8,August,Thursday,6825.68,6143.112
2025-08-07,ORD010556,CUST00381,P018,Jacket,Fashion,Ahmedabad,Store,Debit Card,1,4797.52,0.05,4797.52,4557.64,0,853.0,2025,8,August,Thursday,4797.52,4557.644
2025-08-07,ORD035302,CUST03280,P013,Monitor,Electronics,Hyderabad,Online,Debit Card,1,18495.48,0.05,18495.48,17570.71,0,3056.33,2025,8,August,Thursday,18495.48,17570.706
2025-08-07,ORD001898,CUST02663,P014,Keyboard,Electronics,Ahmedabad,Online,Debit Card,5,2281.92,0.15,11409.6,9698.16,1,-484.91,2025,8,August,Thursday,11409.6,9698.16
2025-08-07,ORD029672,CUST00174,P012,Air Fryer,Home,Bengaluru,Online,Credit Card,3,6938.27,0.15,20814.81,17692.59,0,3706.25,2025,8,August,Thursday,20814.81,17692.5885
2025-08-07,ORD048124,CUST01200,P009,T-Shirt,Fashion,Jaipur,Online,Cash,1,1203.63,0.15,1203.63,1023.09,1,-51.15,2025,8,August,Thursday,1203.63,1023.0855
2025-08-07,ORD030570,CUST02560,P009,T-Shirt,Fashion,Pune,Store,UPI,1,1229.81,0.2,1229.81,983.85,0,64.47,2025,8,August,Thursday,1229.81,983.848
2025-08-07,ORD001410,CUST00560,P008,Running Shoes,Fashion,Bengaluru,Online,Debit Card,2,4523.74,0.1,9047.48,8142.73,0,1955.46,2025,8,August,Thursday,9047.48,8142.732
2025-08-07,ORD006420,CUST02131,P016,Sofa,Furniture,Mumbai,Online,Credit Card,2,37778.55,0.1,75557.1,68001.39,0,16443.86,2025,8,August,Thursday,75557.1,68001.39000000001
2025-08-07,ORD026519,CUST01260,P008,Running Shoes,Fashion,Kolkata,Store,Cash,1,4002.87,0.2,4002.87,3202.3,0,721.64,2025,8,August,Thursday,4002.87,3202.2960000000003
2025-08-07,ORD030308,CUST00250,P015,Dining Table,Furniture,Bengaluru,Online,Net Banking,1,24179.86,0.15,24179.86,20552.88,0,4111.61,2025,8,August,Thursday,24179.86,20552.881
2025-08-07,ORD001856,CUST04634,P008,Running Shoes,Fashion,Ahmedabad,Store,Credit Card,1,3926.7,0.1,3926.7,3534.03,0,569.57,2025,8,August,Thursday,3926.7,3534.0299999999997
2025-08-07,ORD015378,CUST02205,P006,Desk,Furniture,Jaipur,Online,Net Banking,3,11182.38,0.15,33547.14,28515.07,0,2259.63,2025,8,August,Thursday,33547.14,28515.069
2025-08-07,ORD018848,CUST01109,P016,Sofa,Furniture,Bengaluru,Store,UPI,1,37727.98,0.1,37727.98,33955.18,0,5357.99,2025,8,August,Thursday,37727.98,33955.182
2025-08-07,ORD008578,CUST01104,P006,Desk,Furniture,Delhi,Online,Credit Card,5,11140.06,0.2,55700.3,44560.24,0,7173.65,2025,8,August,Thursday,55700.299999999996,44560.240000000005
2025-08-07,ORD009293,CUST04120,P020,Microwave,Home,Surat,Online,UPI,1,10452.71,0.05,10452.71,9930.07,0,869.26,2025,8,August,Thursday,10452.71,9930.074499999999
2025-08-07,ORD023949,CUST04351,P013,Monitor,Electronics,Kolkata,Store,UPI,2,17803.85,0.2,35607.7,28486.16,0,2098.88,2025,8,August,Thursday,35607.7,28486.16
2025-08-07,ORD020239,CUST02623,P012,Air Fryer,Home,Jaipur,Store,Credit Card,1,6605.5,0.15,6605.5,5614.68,0,962.33,2025,8,August,Thursday,6605.5,5614.675
2025-08-07,ORD031541,CUST01204,P003,Headphones,Electronics,Mumbai,Online,Net Banking,2,4292.11,0.05,8584.22,8155.01,0,2347.65,2025,8,August,Thursday,8584.22,8155.008999999999
2025-08-07,ORD017130,CUST04231,P006,Desk,Furniture,Hyderabad,Store,Credit Card,2,12522.23,0.1,25044.46,22540.01,0,3394.59,2025,8,August,Thursday,25044.46,22540.014
2025-08-07,ORD032880,CUST00063,P020,Microwave,Home,Pune,Online,Credit Card,1,10681.37,0.1,10681.37,9613.23,0,1195.5,2025,8,August,Thursday,10681.37,9613.233
2025-08-07,ORD019915,CUST01503,P015,Dining Table,Furniture,Mumbai,Online,UPI,2,20686.15,0.25,41372.3,31029.22,0,5844.58,2025,8,August,Thursday,41372.3,31029.225000000002
2025-08-07,ORD040504,CUST00743,P011,Mixer Grinder,Home,Surat,Online,UPI,4,5152.3,0.0,20609.2,20609.2,0,4394.09,2025,8,August,Thursday,20609.2,20609.2
2025-08-07,ORD016267,CUST02830,P006,Desk,Furniture,Mumbai,Online,Credit Card,3,10922.21,0.1,32766.63,29489.97,0,5836.85,2025,8,August,Thursday,32766.629999999997,29489.967
2025-08-08,ORD042600,CUST02173,P012,Air Fryer,Home,Ahmedabad,Online,UPI,4,7679.75,0.1,30719.0,27647.1,0,2210.16,2025,8,August,Friday,30719.0,27647.100000000002
2025-08-08,ORD036466,CUST04889,P011,Mixer Grinder,Home,Jaipur,Store,UPI,2,4742.87,0.0,9485.74,9485.74,0,980.99,2025,8,August,Friday,9485.74,9485.74
2025-08-08,ORD014653,CUST00855,P017,Jeans,Fashion,Bengaluru,Online,Credit Card,2,2862.5,0.15,5725.0,4866.25,1,-243.31,2025,8,August,Friday,5725.0,4866.25
2025-08-08,ORD004791,CUST03602,P004,Smartwatch,Electronics,Hyderabad,Online,Cash,1,7327.44,0.1,7327.44,6594.7,0,631.43,2025,8,August,Friday,7327.44,6594.696
2025-08-08,ORD048078,CUST00102,P005,Office Chair,Furniture,Chennai,Store,UPI,1,9560.9,0.05,9560.9,9082.86,0,2111.25,2025,8,August,Friday,9560.9,9082.855
2025-08-08,ORD047005,CUST04276,P012,Air Fryer,Home,Delhi,Online,Credit Card,1,6982.46,0.1,6982.46,6284.21,0,1182.07,2025,8,August,Friday,6982.46,6284.214
2025-08-08,ORD014968,CUST01359,P011,Mixer Grinder,Home,Kolkata,Store,Credit Card,1,4595.33,0.1,4595.33,4135.8,0,545.03,2025,8,August,Friday,4595.33,4135.7970000000005
2025-08-08,ORD031019,CUST01793,P001,Laptop,Electronics,Mumbai,Store,Net Banking,1,63236.89,0.0,63236.89,63236.89,0,5864.14,2025,8,August,Friday,63236.89,63236.89
2025-08-08,ORD018440,CUST03252,P007,Backpack,Accessories,Surat,Online,UPI,5,2093.68,0.15,10468.4,8898.14,0,2011.33,2025,8,August,Friday,10468.4,8898.14
2025-08-08,ORD033761,CUST00832,P012,Air Fryer,Home,Hyderabad,Store,UPI,2,6680.83,0.25,13361.66,10021.24,0,1559.28,2025,8,August,Friday,13361.66,10021.244999999999
2025-08-08,ORD038704,CUST03149,P014,Keyboard,Electronics,Delhi,Online,Credit Card,1,2363.63,0.05,2363.63,2245.45,0,324.3,2025,8,August,Friday,2363.63,2245.4485
2025-08-08,ORD035349,CUST02627,P002,Smartphone,Electronics,Jaipur,Store,UPI,1,27051.59,0.2,27051.59,21641.27,0,3822.63,2025,8,August,Friday,27051.59,21641.272
2025-08-08,ORD021265,CUST03950,P012,Air Fryer,Home,Pune,Store,UPI,5,6954.44,0.15,34772.2,29556.37,0,5718.5,2025,8,August,Friday,34772.2,29556.369999999995
2025-08-08,ORD035354,CUST02618,P016,Sofa,Furniture,Hyderabad,Online,Debit Card,3,33672.2,0.1,101016.6,90914.94,0,20360.22,2025,8,August,Friday,101016.59999999999,90914.94
2025-08-08,ORD022453,CUST00151,P017,Jeans,Fashion,Pune,Store,UPI,1,2836.79,0.0,2836.79,2836.79,0,572.51,2025,8,August,Friday,2836.79,2836.79
2025-08-08,ORD019422,CUST01675,P020,Microwave,Home,Jaipur,Online,Net Banking,1,10812.89,0.1,10812.89,9731.6,0,2265.78,2025,8,August,Friday,10812.89,9731.601
2025-08-08,ORD044449,CUST01049,P007,Backpack,Accessories,Delhi,Online,Debit Card,2,2341.44,0.05,4682.88,4448.74,0,768.16,2025,8,August,Friday,4682.88,4448.736
2025-08-08,ORD020028,CUST00785,P016,Sofa,Furniture,Hyderabad,Store,Net Banking,2,35474.85,0.0,70949.7,70949.7,0,16928.95,2025,8,August,Friday,70949.7,70949.7
2025-08-08,ORD000475,CUST03961,P016,Sofa,Furniture,Chennai,Store,Credit Card,1,31592.6,0.15,31592.6,26853.71,0,5888.41,2025,8,August,Friday,31592.6,26853.71
2025-08-08,ORD007669,CUST02997,P011,Mixer Grinder,Home,Pune,Online,Debit Card,1,5064.72,0.1,5064.72,4558.25,0,989.04,2025,8,August,Friday,5064.72,4558.2480000000005
2025-08-08,ORD007366,CUST00463,P013,Monitor,Electronics,Chennai,Store,Credit Card,1,16721.26,0.1,16721.26,15049.13,0,941.23,2025,8,August,Friday,16721.26,15049.133999999998
2025-08-08,ORD022995,CUST00685,P018,Jacket,Fashion,Ahmedabad,Online,Credit Card,1,4717.79,0.0,4717.79,4717.79,0,1388.71,2025,8,August,Friday,4717.79,4717.79
2025-08-08,ORD005434,CUST00539,P006,Desk,Furniture,Mumbai,Store,Credit Card,1,11715.49,0.2,11715.49,9372.39,0,975.43,2025,8,August,Friday,11715.49,9372.392
2025-08-08,ORD006928,CUST03017,P007,Backpack,Accessories,Ahmedabad,Online,Net Banking,3,2356.2,0.0,7068.6,7068.6,0,940.91,2025,8,August,Friday,7068.599999999999,7068.6
2025-08-08,ORD046200,CUST04249,P019,Vacuum Cleaner,Home,Bengaluru,Store,Credit Card,2,9284.15,0.1,18568.3,16711.47,0,1831.32,2025,8,August,Friday,18568.3,16711.47
2025-08-08,ORD047471,CUST02440,P005,Office Chair,Furniture,Ahmedabad,Online,Cash,1,9521.09,0.15,9521.09,8092.93,0,1111.29,2025,8,August,Friday,9521.09,8092.9265
2025-08-08,ORD025761,CUST04893,P013,Monitor,Electronics,Mumbai,Store,Credit Card,5,16203.97,0.05,81019.85,76968.86,0,11993.51,2025,8,August,Friday,81019.84999999999,76968.8575
2025-08-08,ORD034019,CUST01472,P014,Keyboard,Electronics,Ahmedabad,Online,Debit Card,1,2469.47,0.1,2469.47,2222.52,0,316.61,2025,8,August,Friday,2469.47,2222.5229999999997
2025-08-08,ORD033379,CUST02787,P019,Vacuum Cleaner,Home,Bengaluru,Online,Credit Card,1,8467.15,0.0,8467.15,8467.15,0,783.21,2025,8,August,Friday,8467.15,8467.15
2025-08-08,ORD004330,CUST01289,P014,Keyboard,Electronics,Kolkata,Online,UPI,2,2550.14,0.1,5100.28,4590.25,0,595.33,2025,8,August,Friday,5100.28,4590.2519999999995
2025-08-08,ORD017475,CUST01472,P019,Vacuum Cleaner,Home,Mumbai,Store,UPI,1,8572.06,0.15,8572.06,7286.25,0,1825.56,2025,8,August,Friday,8572.06,7286.250999999999
2025-08-08,ORD045361,CUST01851,P010,Coffee Maker,Home,Hyderabad,Online,Debit Card,1,5786.4,0.05,5786.4,5497.08,0,449.69,2025,8,August,Friday,5786.4,5497.079999999999
2025-08-08,ORD015611,CUST04647,P004,Smartwatch,Electronics,Ahmedabad,Online,Debit Card,2,7065.22,0.1,14130.44,12717.4,0,2019.33,2025,8,August,Friday,14130.44,12717.396
2025-08-08,ORD001963,CUST02354,P003,Headphones,Electronics,Chennai,Online,UPI,1,4167.42,0.0,4167.42,4167.42,0,413.75,2025,8,August,Friday,4167.42,4167.42
2025-08-08,ORD025067,CUST01480,P018,Jacket,Fashion,Bengaluru,Store,Credit Card,2,5442.47,0.0,10884.94,10884.94,0,2361.76,2025,8,August,Friday,10884.94,10884.94
2025-08-08,ORD011702,CUST02532,P006,Desk,Furniture,Surat,Online,Credit Card,1,10990.27,0.1,10990.27,9891.24,0,1663.17,2025,8,August,Friday,10990.27,9891.243
2025-08-08,ORD009413,CUST02114,P019,Vacuum Cleaner,Home,Ahmedabad,Online,Credit Card,1,9436.73,0.05,9436.73,8964.89,0,2290.37,2025,8,August,Friday,9436.73,8964.893499999998
2025-08-08,ORD049447,CUST02245,P003,Headphones,Electronics,Ahmedabad,Online,Debit Card,1,4638.81,0.05,4638.81,4406.87,0,602.15,2025,8,August,Friday,4638.81,4406.8695
2025-08-08,ORD019676,CUST03831,P011,Mixer Grinder,Home,Kolkata,Store,Credit Card,3,5048.69,0.1,15146.07,13631.46,0,1197.64,2025,8,August,Friday,15146.07,13631.463
2025-08-08,ORD024747,CUST00811,P007,Backpack,Accessories,Surat,Store,Cash,2,2018.92,0.15,4037.84,3432.16,0,732.86,2025,8,August,Friday,4037.84,3432.164
2025-08-08,ORD037539,CUST03739,P002,Smartphone,Electronics,Delhi,Online,Debit Card,1,27616.07,0.15,27616.07,23473.66,0,3568.46,2025,8,August,Friday,27616.07,23473.659499999998
2025-08-08,ORD010291,CUST00484,P015,Dining Table,Furniture,Surat,Online,Cash,2,21282.1,0.0,42564.2,42564.2,0,11550.07,2025,8,August,Friday,42564.2,42564.2
2025-08-08,ORD007929,CUST04102,P018,Jacket,Fashion,Pune,Online,UPI,1,5445.53,0.1,5445.53,4900.98,0,326.63,2025,8,August,Friday,5445.53,4900.977
2025-08-08,ORD020833,CUST00456,P003,Headphones,Electronics,Pune,Online,Credit Card,1,4672.48,0.2,4672.48,3737.98,0,581.16,2025,8,August,Friday,4672.48,3737.984
2025-08-08,ORD032878,CUST00383,P012,Air Fryer,Home,Pune,Store,Debit Card,1,6516.69,0.05,6516.69,6190.86,1,-309.54,2025,8,August,Friday,6516.69,6190.8555
2025-08-08,ORD041445,CUST01111,P002,Smartphone,Electronics,Bengaluru,Online,UPI,2,29670.18,0.15,59340.36,50439.31,0,3388.37,2025,8,August,Friday,59340.36,50439.306
2025-08-08,ORD036199,CUST02112,P011,Mixer Grinder,Home,Surat,Store,UPI,3,4720.04,0.25,14160.12,10620.09,0,1104.33,2025,8,August,Friday,14160.119999999999,10620.09
2025-08-08,ORD013720,CUST00539,P008,Running Shoes,Fashion,Pune,Online,UPI,2,4471.38,0.1,8942.76,8048.48,0,1084.48,2025,8,August,Friday,8942.76,8048.484
2025-08-08,ORD023681,CUST01914,P005,Office Chair,Furniture,Hyderabad,Store,Cash,4,9922.59,0.2,39690.36,31752.29,0,2569.2,2025,8,August,Friday,39690.36,31752.288
2025-08-08,ORD028459,CUST00229,P016,Sofa,Furniture,Ahmedabad,Online,UPI,1,32644.97,0.0,32644.97,32644.97,0,3029.94,2025,8,August,Friday,32644.97,32644.97
2025-08-08,ORD045110,CUST00003,P007,Backpack,Accessories,Hyderabad,Online,Debit Card,1,2228.06,0.05,2228.06,2116.66,0,210.08,2025,8,August,Friday,2228.06,2116.6569999999997
2025-08-08,ORD038100,CUST04542,P007,Backpack,Accessories,Hyderabad,Store,UPI,1,2304.04,0.2,2304.04,1843.23,0,137.97,2025,8,August,Friday,2304.04,1843.232
2025-08-08,ORD045972,CUST04912,P005,Office Chair,Furniture,Jaipur,Online,Debit Card,1,9885.68,0.0,9885.68,9885.68,1,-494.28,2025,8,August,Friday,9885.68,9885.68
2025-08-08,ORD005486,CUST00354,P019,Vacuum Cleaner,Home,Bengaluru,Online,UPI,1,9711.65,0.0,9711.65,9711.65,0,1806.35,2025,8,August,Friday,9711.65,9711.65
2025-08-08,ORD007540,CUST02956,P008,Running Shoes,Fashion,Delhi,Online,Credit Card,1,4556.85,0.0,4556.85,4556.85,0,1276.62,2025,8,August,Friday,4556.85,4556.85
2025-08-08,ORD005858,CUST02871,P012,Air Fryer,Home,Mumbai,Store,Debit Card,1,7049.4,0.05,7049.4,6696.93,0,778.83,2025,8,August,Friday,7049.4,6696.929999999999
2025-08-08,ORD027106,CUST00537,P017,Jeans,Fashion,Jaipur,Online,Cash,1,2785.03,0.1,2785.03,2506.53,0,451.97,2025,8,August,Friday,2785.03,2506.527
2025-08-08,ORD016372,CUST01950,P006,Desk,Furniture,Jaipur,Store,UPI,2,12060.77,0.05,24121.54,22915.46,0,2694.44,2025,8,August,Friday,24121.54,22915.463
2025-08-08,ORD037045,CUST01085,P011,Mixer Grinder,Home,Ahmedabad,Store,Debit Card,1,5011.89,0.1,5011.89,4510.7,0,639.27,2025,8,August,Friday,5011.89,4510.701
2025-08-08,ORD028367,CUST04337,P013,Monitor,Electronics,Surat,Store,Credit Card,1,19778.44,0.1,19778.44,17800.6,0,3036.42,2025,8,August,Friday,19778.44,17800.595999999998
2025-08-08,ORD043485,CUST04753,P010,Coffee Maker,Home,Surat,Online,UPI,3,5308.33,0.25,15924.99,11943.74,0,1390.55,2025,8,August,Friday,15924.99,11943.7425
2025-08-08,ORD016804,CUST01957,P020,Microwave,Home,Pune,Store,UPI,2,10939.57,0.0,21879.14,21879.14,0,5843.83,2025,8,August,Friday,21879.14,21879.14
2025-08-08,ORD010027,CUST00701,P009,T-Shirt,Fashion,Jaipur,Store,Credit Card,1,1253.82,0.1,1253.82,1128.44,0,120.98,2025,8,August,Friday,1253.82,1128.4379999999999
2025-08-08,ORD031429,CUST01764,P005,Office Chair,Furniture,Surat,Online,Debit Card,2,9106.14,0.1,18212.28,16391.05,0,2961.78,2025,8,August,Friday,18212.28,16391.052
2025-08-08,ORD035197,CUST00887,P005,Office Chair,Furniture,Surat,Store,UPI,2,9955.16,0.2,19910.32,15928.26,0,1527.26,2025,8,August,Friday,19910.32,15928.256000000001
2025-08-08,ORD008745,CUST02935,P002,Smartphone,Electronics,Delhi,Online,UPI,1,28408.37,0.15,28408.37,24147.11,0,4386.23,2025,8,August,Friday,28408.37,24147.1145
2025-08-08,ORD036009,CUST00730,P005,Office Chair,Furniture,Ahmedabad,Online,UPI,1,10026.27,0.15,10026.27,8522.33,0,2161.2,2025,8,August,Friday,10026.27,8522.3295
2025-08-08,ORD049235,CUST01967,P006,Desk,Furniture,Ahmedabad,Online,Net Banking,1,12960.77,0.0,12960.77,12960.77,0,2012.42,2025,8,August,Friday,12960.77,12960.77
2025-08-08,ORD013405,CUST01357,P017,Jeans,Fashion,Kolkata,Store,Credit Card,1,2636.24,0.2,2636.24,2108.99,0,211.27,2025,8,August,Friday,2636.24,2108.9919999999997
2025-08-08,ORD009800,CUST03224,P017,Jeans,Fashion,Ahmedabad,Online,Credit Card,2,2986.55,0.1,5973.1,5375.79,0,1157.24,2025,8,August,Friday,5973.1,5375.790000000001
2025-08-08,ORD023445,CUST00510,P012,Air Fryer,Home,Ahmedabad,Store,UPI,3,7652.49,0.05,22957.47,21809.6,0,5900.16,2025,8,August,Friday,22957.47,21809.5965
2025-08-08,ORD042974,CUST00864,P013,Monitor,Electronics,Pune,Online,Net Banking,1,16738.69,0.1,16738.69,15064.82,1,-753.24,2025,8,August,Friday,16738.69,15064.821
2025-08-08,ORD029365,CUST04006,P003,Headphones,Electronics,Pune,Online,Debit Card,1,4624.89,0.0,4624.89,4624.89,1,-231.24,2025,8,August,Friday,4624.89,4624.89
2025-08-08,ORD047786,CUST03752,P007,Backpack,Accessories,Pune,Online,Credit Card,2,2392.4,0.1,4784.8,4306.32,0,696.13,2025,8,August,Friday,4784.8,4306.320000000001
2025-08-08,ORD035612,CUST04844,P018,Jacket,Fashion,Surat,Online,Credit Card,1,4820.64,0.05,4820.64,4579.61,0,830.43,2025,8,August,Friday,4820.64,4579.608
2025-08-08,ORD013963,CUST02177,P012,Air Fryer,Home,Pune,Store,Debit Card,5,7056.34,0.0,35281.7,35281.7,0,5573.85,2025,8,August,Friday,35281.7,35281.7
2025-08-08,ORD017140,CUST02607,P017,Jeans,Fashion,Bengaluru,Online,Credit Card,2,2905.78,0.25,5811.56,4358.67,0,883.22,2025,8,August,Friday,5811.56,4358.67
2025-08-08,ORD032125,CUST00246,P002,Smartphone,Electronics,Mumbai,Online,Credit Card,1,29553.38,0.05,29553.38,28075.71,0,4331.89,2025,8,August,Friday,29553.38,28075.711
2025-08-08,ORD029560,CUST01566,P009,T-Shirt,Fashion,Delhi,Store,UPI,2,1179.35,0.05,2358.7,2240.76,0,480.42,2025,8,August,Friday,2358.7,2240.765
2025-08-08,ORD025595,CUST03880,P001,Laptop,Electronics,Mumbai,Online,Credit Card,3,60669.92,0.25,182009.76,136507.32,0,6853.39,2025,8,August,Friday,182009.76,136507.32
2025-08-09,ORD024992,CUST04105,P004,Smartwatch,Electronics,Kolkata,Online,Debit Card,3,7216.04,0.1,21648.12,19483.31,0,2823.65,2025,8,August,Saturday,21648.12,19483.308
2025-08-09,ORD002500,CUST03263,P012,Air Fryer,Home,Chennai,Store,Credit Card,4,7122.71,0.1,28490.84,25641.76,0,5561.54,2025,8,August,Saturday,28490.84,25641.756
2025-08-09,ORD004312,CUST01055,P011,Mixer Grinder,Home,Kolkata,Store,UPI,1,4934.85,0.1,4934.85,4441.37,0,1208.93,2025,8,August,Saturday,4934.85,4441.365000000001
2025-08-09,ORD043701,CUST03091,P006,Desk,Furniture,Pune,Online,Net Banking,4,12385.35,0.1,49541.4,44587.26,0,7564.17,2025,8,August,Saturday,49541.4,44587.26
2025-08-09,ORD007578,CUST00744,P002,Smartphone,Electronics,Jaipur,Online,Credit Card,1,25623.53,0.0,25623.53,25623.53,0,5212.51,2025,8,August,Saturday,25623.53,25623.53
2025-08-09,ORD012406,CUST02241,P015,Dining Table,Furniture,Delhi,Store,Debit Card,1,21203.58,0.15,21203.58,18023.04,0,3719.26,2025,8,August,Saturday,21203.58,18023.043
2025-08-09,ORD014187,CUST01661,P011,Mixer Grinder,Home,Jaipur,Store,Debit Card,2,4511.97,0.1,9023.94,8121.55,0,1019.89,2025,8,August,Saturday,9023.94,8121.546
2025-08-09,ORD043334,CUST03176,P010,Coffee Maker,Home,Delhi,Online,UPI,1,5603.94,0.1,5603.94,5043.55,0,716.69,2025,8,August,Saturday,5603.94,5043.545999999999
2025-08-09,ORD039559,CUST04733,P012,Air Fryer,Home,Bengaluru,Online,UPI,5,7620.96,0.05,38104.8,36199.56,0,9477.49,2025,8,August,Saturday,38104.8,36199.56
2025-08-09,ORD047862,CUST04708,P011,Mixer Grinder,Home,Surat,Store,UPI,2,4681.37,0.1,9362.74,8426.47,0,1518.95,2025,8,August,Saturday,9362.74,8426.466
2025-08-09,ORD002299,CUST04353,P003,Headphones,Electronics,Kolkata,Online,UPI,2,4176.25,0.0,8352.5,8352.5,0,2375.08,2025,8,August,Saturday,8352.5,8352.5
2025-08-09,ORD028438,CUST02658,P001,Laptop,Electronics,Jaipur,Store,Debit Card,1,63693.22,0.0,63693.22,63693.22,1,-3184.66,2025,8,August,Saturday,63693.22,63693.22
2025-08-09,ORD034139,CUST01955,P012,Air Fryer,Home,Surat,Online,UPI,1,7779.05,0.0,7779.05,7779.05,0,886.14,2025,8,August,Saturday,7779.05,7779.05
2025-08-09,ORD045258,CUST00032,P016,Sofa,Furniture,Pune,Online,Net Banking,1,33503.81,0.2,33503.81,26803.05,0,4754.31,2025,8,August,Saturday,33503.81,26803.048
2025-08-09,ORD033108,CUST02586,P017,Jeans,Fashion,Surat,Store,Net Banking,4,3069.05,0.05,12276.2,11662.39,0,2106.78,2025,8,August,Saturday,12276.2,11662.39
2025-08-09,ORD029070,CUST01100,P012,Air Fryer,Home,Mumbai,Store,Credit Card,1,7824.73,0.2,7824.73,6259.78,0,1296.49,2025,8,August,Saturday,7824.73,6259.784
2025-08-09,ORD034122,CUST03530,P018,Jacket,Fashion,Ahmedabad,Online,UPI,2,4853.62,0.0,9707.24,9707.24,0,1730.56,2025,8,August,Saturday,9707.24,9707.24
2025-08-09,ORD000412,CUST04079,P005,Office Chair,Furniture,Hyderabad,Online,Credit Card,1,8730.43,0.05,8730.43,8293.91,0,756.92,2025,8,August,Saturday,8730.43,8293.9085
2025-08-09,ORD021730,CUST03547,P019,Vacuum Cleaner,Home,Mumbai,Store,Debit Card,1,9414.11,0.1,9414.11,8472.7,0,1720.11,2025,8,August,Saturday,9414.11,8472.699
2025-08-09,ORD022011,CUST00206,P016,Sofa,Furniture,Hyderabad,Store,UPI,1,32813.36,0.05,32813.36,31172.69,0,7099.65,2025,8,August,Saturday,32813.36,31172.692
2025-08-09,ORD047970,CUST02980,P015,Dining Table,Furniture,Jaipur,Online,Debit Card,1,21369.53,0.05,21369.53,20301.05,0,5006.44,2025,8,August,Saturday,21369.53,20301.053499999998
2025-08-09,ORD047470,CUST04155,P002,Smartphone,Electronics,Pune,Store,UPI,1,25713.22,0.1,25713.22,23141.9,0,5109.31,2025,8,August,Saturday,25713.22,23141.898
2025-08-09,ORD014692,CUST04228,P006,Desk,Furniture,Jaipur,Online,Net Banking,2,12600.12,0.1,25200.24,22680.22,0,2672.9,2025,8,August,Saturday,25200.24,22680.216
2025-08-09,ORD044728,CUST02797,P001,Laptop,Electronics,Mumbai,Online,UPI,1,60816.43,0.05,60816.43,57775.61,0,14738.03,2025,8,August,Saturday,60816.43,57775.608499999995
2025-08-09,ORD034150,CUST00909,P011,Mixer Grinder,Home,Jaipur,Online,Credit Card,2,5042.99,0.1,10085.98,9077.38,0,765.05,2025,8,August,Saturday,10085.98,9077.382
2025-08-09,ORD026101,CUST04843,P002,Smartphone,Electronics,Surat,Online,Credit Card,1,25824.07,0.1,25824.07,23241.66,0,2294.79,2025,8,August,Saturday,25824.07,23241.663
2025-08-09,ORD041044,CUST03574,P009,T-Shirt,Fashion,Ahmedabad,Store,UPI,1,1312.97,0.0,1312.97,1312.97,0,203.94,2025,8,August,Saturday,1312.97,1312.97
2025-08-09,ORD046058,CUST01340,P003,Headphones,Electronics,Hyderabad,Store,Net Banking,3,4100.79,0.05,12302.37,11687.25,0,2102.55,2025,8,August,Saturday,12302.369999999999,11687.2515
2025-08-09,ORD040151,CUST02302,P012,Air Fryer,Home,Jaipur,Store,Debit Card,2,7879.06,0.05,15758.12,14970.21,0,2227.82,2025,8,August,Saturday,15758.12,14970.214
2025-08-09,ORD015502,CUST00924,P010,Coffee Maker,Home,Surat,Online,UPI,1,5077.37,0.1,5077.37,4569.63,0,474.7,2025,8,August,Saturday,5077.37,4569.633
2025-08-09,ORD036879,CUST04800,P016,Sofa,Furniture,Pune,Store,Credit Card,1,32051.56,0.0,32051.56,32051.56,0,7845.51,2025,8,August,Saturday,32051.56,32051.56
2025-08-09,ORD027653,CUST00294,P006,Desk,Furniture,Surat,Online,UPI,3,12121.46,0.0,36364.38,36364.38,0,6371.28,2025,8,August,Saturday,36364.38,36364.38
2025-08-09,ORD000989,CUST04561,P019,Vacuum Cleaner,Home,Kolkata,Online,UPI,3,9258.96,0.0,27776.88,27776.88,0,6863.31,2025,8,August,Saturday,27776.879999999997,27776.88
2025-08-09,ORD043522,CUST03789,P012,Air Fryer,Home,Delhi,Online,UPI,1,7071.03,0.0,7071.03,7071.03,0,1346.88,2025,8,August,Saturday,7071.03,7071.03
2025-08-09,ORD044809,CUST02389,P019,Vacuum Cleaner,Home,Ahmedabad,Online,UPI,1,9292.74,0.1,9292.74,8363.47,0,1792.94,2025,8,August,Saturday,9292.74,8363.466
2025-08-09,ORD006716,CUST00718,P006,Desk,Furniture,Chennai,Online,Credit Card,1,11235.5,0.15,11235.5,9550.17,0,496.75,2025,8,August,Saturday,11235.5,9550.175
2025-08-09,ORD032642,CUST00311,P012,Air Fryer,Home,Mumbai,Store,Debit Card,1,6525.16,0.05,6525.16,6198.9,0,1695.02,2025,8,August,Saturday,6525.16,6198.901999999999
2025-08-09,ORD042251,CUST04988,P004,Smartwatch,Electronics,Ahmedabad,Online,Credit Card,3,6864.95,0.05,20594.85,19565.11,0,3773.93,2025,8,August,Saturday,20594.85,19565.1075
2025-08-09,ORD001844,CUST03783,P001,Laptop,Electronics,Jaipur,Store,UPI,1,69580.01,0.1,69580.01,62622.01,0,8385.73,2025,8,August,Saturday,69580.01,62622.009
2025-08-09,ORD014159,CUST02022,P003,Headphones,Electronics,Kolkata,Online,Cash,1,4083.27,0.0,4083.27,4083.27,0,890.92,2025,8,August,Saturday,4083.27,4083.27
2025-08-09,ORD044713,CUST00154,P009,T-Shirt,Fashion,Chennai,Store,Net Banking,1,1133.68,0.05,1133.68,1077.0,0,289.65,2025,8,August,Saturday,1133.68,1076.996
2025-08-09,ORD033997,CUST04923,P011,Mixer Grinder,Home,Delhi,Online,Credit Card,2,5072.85,0.0,10145.7,10145.7,0,878.92,2025,8,August,Saturday,10145.7,10145.7
2025-08-09,ORD019623,CUST03799,P011,Mixer Grinder,Home,Bengaluru,Online,Credit Card,1,4745.86,0.05,4745.86,4508.57,0,1056.81,2025,8,August,Saturday,4745.86,4508.566999999999
2025-08-09,ORD035478,CUST01521,P004,Smartwatch,Electronics,Pune,Online,Debit Card,2,7078.65,0.1,14157.3,12741.57,0,1741.34,2025,8,August,Saturday,14157.3,12741.57
2025-08-09,ORD042901,CUST04584,P008,Running Shoes,Fashion,Pune,Online,Cash,1,4320.06,0.25,4320.06,3240.04,1,-162.0,2025,8,August,Saturday,4320.06,3240.045
2025-08-09,ORD042489,CUST01428,P008,Running Shoes,Fashion,Chennai,Online,UPI,2,4181.93,0.1,8363.86,7527.47,0,1203.32,2025,8,August,Saturday,8363.86,7527.474000000001
2025-08-09,ORD034914,CUST01610,P016,Sofa,Furniture,Chennai,Store,Debit Card,2,31619.3,0.0,63238.6,63238.6,0,8995.43,2025,8,August,Saturday,63238.6,63238.6
2025-08-09,ORD036351,CUST01402,P004,Smartwatch,Electronics,Surat,Online,UPI,1,6585.33,0.25,6585.33,4939.0,1,-246.95,2025,8,August,Saturday,6585.33,4938.9974999999995
2025-08-09,ORD037619,CUST04347,P013,Monitor,Electronics,Surat,Online,Debit Card,2,17212.73,0.05,34425.46,32704.19,0,7114.67,2025,8,August,Saturday,34425.46,32704.186999999998
2025-08-09,ORD007587,CUST02910,P017,Jeans,Fashion,Chennai,Store,Cash,2,2937.88,0.2,5875.76,4700.61,0,1045.4,2025,8,August,Saturday,5875.76,4700.608
2025-08-09,ORD032093,CUST01820,P011,Mixer Grinder,Home,Chennai,Online,Cash,3,4800.65,0.05,14401.95,13681.85,0,2614.06,2025,8,August,Saturday,14401.949999999999,13681.8525
2025-08-09,ORD022411,CUST04277,P010,Coffee Maker,Home,Chennai,Store,Credit Card,3,5679.88,0.15,17039.64,14483.69,0,984.17,2025,8,August,Saturday,17039.64,14483.694
2025-08-09,ORD032734,CUST01524,P019,Vacuum Cleaner,Home,Hyderabad,Online,Credit Card,1,9333.42,0.15,9333.42,7933.41,0,513.77,2025,8,August,Saturday,9333.42,7933.407
2025-08-09,ORD029946,CUST04169,P012,Air Fryer,Home,Mumbai,Store,Credit Card,1,7255.47,0.05,7255.47,6892.7,0,1807.24,2025,8,August,Saturday,7255.47,6892.6965
2025-08-09,ORD010144,CUST04747,P018,Jacket,Fashion,Jaipur,Online,UPI,1,5254.51,0.1,5254.51,4729.06,0,507.54,2025,8,August,Saturday,5254.51,4729.059
2025-08-09,ORD043989,CUST04692,P016,Sofa,Furniture,Ahmedabad,Online,Credit Card,1,31581.81,0.1,31581.81,28423.63,0,6908.47,2025,8,August,Saturday,31581.81,28423.629
2025-08-09,ORD002985,CUST02506,P018,Jacket,Fashion,Chennai,Online,UPI,2,4974.54,0.1,9949.08,8954.17,0,997.53,2025,8,August,Saturday,9949.08,8954.172
2025-08-09,ORD047419,CUST00967,P016,Sofa,Furniture,Kolkata,Online,UPI,1,34831.22,0.1,34831.22,31348.1,0,8239.89,2025,8,August,Saturday,34831.22,31348.098
2025-08-09,ORD013323,CUST02436,P017,Jeans,Fashion,Delhi,Store,UPI,2,2598.75,0.25,5197.5,3898.12,0,832.24,2025,8,August,Saturday,5197.5,3898.125
2025-08-09,ORD031077,CUST03552,P008,Running Shoes,Fashion,Kolkata,Store,UPI,2,4370.29,0.05,8740.58,8303.55,1,-415.18,2025,8,August,Saturday,8740.58,8303.551
2025-08-09,ORD048757,CUST02568,P013,Monitor,Electronics,Mumbai,Store,Debit Card,1,18609.31,0.15,18609.31,15817.91,0,4237.02,2025,8,August,Saturday,18609.31,15817.9135
2025-08-09,ORD046618,CUST01848,P020,Microwave,Home,Jaipur,Store,Credit Card,1,10566.9,0.0,10566.9,10566.9,0,1081.04,2025,8,August,Saturday,10566.9,10566.9
2025-08-09,ORD036327,CUST04481,P001,Laptop,Electronics,Jaipur,Store,UPI,1,60976.32,0.25,60976.32,45732.24,0,2372.15,2025,8,August,Saturday,60976.32,45732.24
2025-08-10,ORD036434,CUST03863,P001,Laptop,Electronics,Chennai,Online,Debit Card,1,68614.29,0.0,68614.29,68614.29,0,10918.22,2025,8,August,Sunday,68614.29,68614.29
2025-08-10,ORD003427,CUST02827,P020,Microwave,Home,Kolkata,Online,UPI,5,11200.44,0.05,56002.2,53202.09,0,5168.59,2025,8,August,Sunday,56002.200000000004,53202.09
2025-08-10,ORD031727,CUST01317,P009,T-Shirt,Fashion,Delhi,Store,Credit Card,1,1163.48,0.05,1163.48,1105.31,0,134.83,2025,8,August,Sunday,1163.48,1105.306
2025-08-10,ORD027380,CUST00736,P010,Coffee Maker,Home,Kolkata,Online,Debit Card,1,5021.07,0.05,5021.07,4770.02,0,1294.16,2025,8,August,Sunday,5021.07,4770.0165
2025-08-10,ORD019055,CUST01978,P012,Air Fryer,Home,Jaipur,Online,UPI,1,6883.47,0.1,6883.47,6195.12,0,1097.28,2025,8,August,Sunday,6883.47,6195.1230000000005
2025-08-10,ORD005651,CUST03017,P008,Running Shoes,Fashion,Kolkata,Store,UPI,2,4270.12,0.1,8540.24,7686.22,0,2092.51,2025,8,August,Sunday,8540.24,7686.216
2025-08-10,ORD000144,CUST00987,P011,Mixer Grinder,Home,Kolkata,Store,Net Banking,2,4913.13,0.1,9826.26,8843.63,0,1640.8,2025,8,August,Sunday,9826.26,8843.634
2025-08-10,ORD041376,CUST04555,P003,Headphones,Electronics,Kolkata,Online,UPI,1,4713.07,0.15,4713.07,4006.11,0,1037.51,2025,8,August,Sunday,4713.07,4006.1094999999996
2025-08-10,ORD026149,CUST01288,P001,Laptop,Electronics,Hyderabad,Store,UPI,1,68255.29,0.15,68255.29,58017.0,0,11245.09,2025,8,August,Sunday,68255.29,58016.996499999994
2025-08-10,ORD026170,CUST04398,P007,Backpack,Accessories,Mumbai,Store,UPI,1,2353.0,0.05,2353.0,2235.35,0,301.69,2025,8,August,Sunday,2353.0,2235.35
2025-08-10,ORD034116,CUST00719,P020,Microwave,Home,Ahmedabad,Online,Debit Card,1,11151.07,0.1,11151.07,10035.96,0,1946.33,2025,8,August,Sunday,11151.07,10035.963
2025-08-10,ORD040790,CUST01979,P014,Keyboard,Electronics,Surat,Online,UPI,1,2597.66,0.05,2597.66,2467.78,0,352.61,2025,8,August,Sunday,2597.66,2467.7769999999996
2025-08-10,ORD003087,CUST03902,P007,Backpack,Accessories,Kolkata,Store,Cash,1,2250.79,0.2,2250.79,1800.63,0,219.21,2025,8,August,Sunday,2250.79,1800.632
2025-08-10,ORD019037,CUST03416,P010,Coffee Maker,Home,Delhi,Online,Debit Card,4,5005.83,0.1,20023.32,18020.99,0,1595.57,2025,8,August,Sunday,20023.32,18020.988
2025-08-10,ORD012678,CUST01900,P002,Smartphone,Electronics,Pune,Online,UPI,1,25442.26,0.1,25442.26,22898.03,0,2973.51,2025,8,August,Sunday,25442.26,22898.034
2025-08-10,ORD019038,CUST01544,P004,Smartwatch,Electronics,Jaipur,Online,UPI,1,6843.95,0.05,6843.95,6501.75,0,737.92,2025,8,August,Sunday,6843.95,6501.7525
2025-08-10,ORD011777,CUST01267,P008,Running Shoes,Fashion,Hyderabad,Online,UPI,1,4282.66,0.0,4282.66,4282.66,0,395.32,2025,8,August,Sunday,4282.66,4282.66
2025-08-10,ORD008129,CUST01471,P004,Smartwatch,Electronics,Delhi,Online,UPI,1,6625.19,0.0,6625.19,6625.19,0,831.68,2025,8,August,Sunday,6625.19,6625.19
2025-08-10,ORD002249,CUST00783,P013,Monitor,Electronics,Delhi,Online,UPI,1,19563.1,0.1,19563.1,17606.79,0,3159.81,2025,8,August,Sunday,19563.1,17606.79
2025-08-10,ORD033493,CUST02437,P019,Vacuum Cleaner,Home,Bengaluru,Store,UPI,1,8283.69,0.1,8283.69,7455.32,0,878.63,2025,8,August,Sunday,8283.69,7455.321000000001
2025-08-10,ORD033298,CUST02660,P005,Office Chair,Furniture,Surat,Online,Net Banking,1,9988.85,0.15,9988.85,8490.52,0,1456.1,2025,8,August,Sunday,9988.85,8490.522500000001
2025-08-10,ORD049928,CUST02446,P013,Monitor,Electronics,Hyderabad,Online,UPI,1,18017.67,0.05,18017.67,17116.79,0,1303.7,2025,8,August,Sunday,18017.67,17116.7865
2025-08-10,ORD019829,CUST03623,P016,Sofa,Furniture,Surat,Online,Cash,1,32643.93,0.05,32643.93,31011.73,0,6151.04,2025,8,August,Sunday,32643.93,31011.7335
2025-08-10,ORD018156,CUST01813,P012,Air Fryer,Home,Ahmedabad,Online,Credit Card,5,7081.58,0.05,35407.9,33637.5,0,8353.43,2025,8,August,Sunday,35407.9,33637.505
2025-08-10,ORD031016,CUST01921,P013,Monitor,Electronics,Jaipur,Store,Credit Card,1,17971.97,0.0,17971.97,17971.97,0,2773.82,2025,8,August,Sunday,17971.97,17971.97
2025-08-10,ORD026591,CUST03574,P012,Air Fryer,Home,Jaipur,Store,Credit Card,3,7766.06,0.0,23298.18,23298.18,0,6836.87,2025,8,August,Sunday,23298.18,23298.18
2025-08-10,ORD038908,CUST00050,P010,Coffee Maker,Home,Delhi,Online,UPI,1,5716.31,0.2,5716.31,4573.05,0,825.78,2025,8,August,Sunday,5716.31,4573.048000000001
2025-08-10,ORD006592,CUST00907,P008,Running Shoes,Fashion,Hyderabad,Online,Debit Card,1,3949.44,0.15,3949.44,3357.02,0,655.79,2025,8,August,Sunday,3949.44,3357.024
2025-08-10,ORD023128,CUST02725,P018,Jacket,Fashion,Jaipur,Online,UPI,1,4743.95,0.05,4743.95,4506.75,0,650.31,2025,8,August,Sunday,4743.95,4506.7525
2025-08-10,ORD032763,CUST02581,P014,Keyboard,Electronics,Hyderabad,Store,Debit Card,4,2429.02,0.1,9716.08,8744.47,0,1606.67,2025,8,August,Sunday,9716.08,8744.472
2025-08-10,ORD029744,CUST02395,P001,Laptop,Electronics,Mumbai,Store,Debit Card,1,64105.46,0.2,64105.46,51284.37,0,4477.39,2025,8,August,Sunday,64105.46,51284.368
2025-08-10,ORD012738,CUST04956,P016,Sofa,Furniture,Delhi,Online,Net Banking,1,34503.61,0.15,34503.61,29328.07,0,4799.7,2025,8,August,Sunday,34503.61,29328.0685
2025-08-10,ORD049355,CUST01068,P009,T-Shirt,Fashion,Surat,Store,UPI,2,1251.1,0.0,2502.2,2502.2,0,627.94,2025,8,August,Sunday,2502.2,2502.2
2025-08-10,ORD014436,CUST03948,P015,Dining Table,Furniture,Delhi,Store,UPI,1,23648.42,0.1,23648.42,21283.58,0,5503.59,2025,8,August,Sunday,23648.42,21283.577999999998
2025-08-10,ORD028926,CUST03126,P005,Office Chair,Furniture,Hyderabad,Store,Net Banking,1,9077.99,0.05,9077.99,8624.09,0,1195.35,2025,8,August,Sunday,9077.99,8624.0905
2025-08-10,ORD006631,CUST02790,P013,Monitor,Electronics,Mumbai,Online,UPI,1,19369.42,0.15,19369.42,16464.01,0,2601.97,2025,8,August,Sunday,19369.42,16464.006999999998
2025-08-10,ORD006336,CUST00919,P014,Keyboard,Electronics,Hyderabad,Store,UPI,1,2345.43,0.05,2345.43,2228.16,0,248.36,2025,8,August,Sunday,2345.43,2228.1584999999995
2025-08-10,ORD004952,CUST03978,P002,Smartphone,Electronics,Pune,Online,UPI,1,28348.57,0.1,28348.57,25513.71,0,3160.92,2025,8,August,Sunday,28348.57,25513.713
2025-08-10,ORD044387,CUST00666,P019,Vacuum Cleaner,Home,Chennai,Store,UPI,1,8765.47,0.25,8765.47,6574.1,0,1589.83,2025,8,August,Sunday,8765.47,6574.102499999999
2025-08-10,ORD002754,CUST03741,P014,Keyboard,Electronics,Jaipur,Store,UPI,5,2253.08,0.0,11265.4,11265.4,0,1154.67,2025,8,August,Sunday,11265.4,11265.4
2025-08-10,ORD016108,CUST04746,P011,Mixer Grinder,Home,Mumbai,Store,Debit Card,2,4518.49,0.1,9036.98,8133.28,0,899.96,2025,8,August,Sunday,9036.98,8133.282
2025-08-10,ORD004949,CUST02483,P014,Keyboard,Electronics,Kolkata,Store,Net Banking,2,2462.94,0.15,4925.88,4187.0,1,-209.35,2025,8,August,Sunday,4925.88,4186.998
2025-08-10,ORD032558,CUST04451,P013,Monitor,Electronics,Ahmedabad,Store,Credit Card,3,18308.19,0.0,54924.57,54924.57,0,7870.64,2025,8,August,Sunday,54924.56999999999,54924.57
2025-08-10,ORD033631,CUST01754,P003,Headphones,Electronics,Hyderabad,Store,Cash,1,4109.25,0.05,4109.25,3903.79,0,925.19,2025,8,August,Sunday,4109.25,3903.7875
2025-08-10,ORD038011,CUST03799,P012,Air Fryer,Home,Jaipur,Store,UPI,1,7404.98,0.15,7404.98,6294.23,0,739.1,2025,8,August,Sunday,7404.98,6294.232999999999
2025-08-10,ORD000377,CUST00897,P009,T-Shirt,Fashion,Chennai,Online,Net Banking,1,1137.62,0.15,1137.62,966.98,0,72.96,2025,8,August,Sunday,1137.62,966.9769999999999
2025-08-10,ORD045121,CUST00635,P017,Jeans,Fashion,Delhi,Online,UPI,1,3059.59,0.2,3059.59,2447.67,0,385.28,2025,8,August,Sunday,3059.59,2447.672
2025-08-10,ORD047016,CUST03635,P018,Jacket,Fashion,Pune,Store,Credit Card,2,5460.61,0.2,10921.22,8736.98,0,1392.78,2025,8,August,Sunday,10921.22,8736.976
2025-08-10,ORD025390,CUST04831,P016,Sofa,Furniture,Surat,Store,UPI,1,31763.47,0.05,31763.47,30175.3,0,5470.6,2025,8,August,Sunday,31763.47,30175.2965
2025-08-10,ORD015244,CUST02991,P004,Smartwatch,Electronics,Surat,Online,Cash,1,7561.68,0.05,7561.68,7183.6,0,1396.91,2025,8,August,Sunday,7561.68,7183.596
2025-08-10,ORD037646,CUST04161,P010,Coffee Maker,Home,Pune,Store,UPI,2,5757.9,0.0,11515.8,11515.8,0,2730.45,2025,8,August,Sunday,11515.8,11515.8
2025-08-10,ORD044969,CUST00422,P001,Laptop,Electronics,Pune,Online,Net Banking,1,63303.95,0.1,63303.95,56973.56,0,4890.3,2025,8,August,Sunday,63303.95,56973.555
2025-08-10,ORD013363,CUST01485,P018,Jacket,Fashion,Kolkata,Online,UPI,4,5499.69,0.05,21998.76,20898.82,0,4035.04,2025,8,August,Sunday,21998.76,20898.821999999996
2025-08-10,ORD012904,CUST00159,P018,Jacket,Fashion,Mumbai,Online,Credit Card,2,5295.07,0.1,10590.14,9531.13,0,1282.24,2025,8,August,Sunday,10590.14,9531.126
2025-08-10,ORD025889,CUST03296,P010,Coffee Maker,Home,Hyderabad,Online,Net Banking,1,5030.87,0.15,5030.87,4276.24,0,899.58,2025,8,August,Sunday,5030.87,4276.2395
2025-08-11,ORD045938,CUST03242,P019,Vacuum Cleaner,Home,Kolkata,Store,UPI,3,9408.46,0.0,28225.38,28225.38,0,2395.12,2025,8,August,Monday,28225.379999999997,28225.38
2025-08-11,ORD030804,CUST01702,P011,Mixer Grinder,Home,Delhi,Online,UPI,1,4788.7,0.05,4788.7,4549.26,0,1103.37,2025,8,August,Monday,4788.7,4549.264999999999
2025-08-11,ORD001797,CUST04509,P017,Jeans,Fashion,Chennai,Online,UPI,1,2572.41,0.05,2572.41,2443.79,0,283.62,2025,8,August,Monday,2572.41,2443.7895
2025-08-11,ORD032874,CUST03814,P012,Air Fryer,Home,Jaipur,Online,UPI,1,6992.63,0.1,6992.63,6293.37,0,1300.62,2025,8,August,Monday,6992.63,6293.367
2025-08-11,ORD041518,CUST03257,P014,Keyboard,Electronics,Ahmedabad,Online,UPI,2,2278.68,0.1,4557.36,4101.62,0,716.74,2025,8,August,Monday,4557.36,4101.624
2025-08-11,ORD045351,CUST02386,P001,Laptop,Electronics,Bengaluru,Online,Debit Card,1,66313.24,0.0,66313.24,66313.24,1,-3315.66,2025,8,August,Monday,66313.24,66313.24
2025-08-11,ORD004551,CUST02627,P013,Monitor,Electronics,Jaipur,Store,UPI,1,18279.32,0.05,18279.32,17365.35,0,1954.35,2025,8,August,Monday,18279.32,17365.354
2025-08-11,ORD018252,CUST00469,P003,Headphones,Electronics,Chennai,Online,Credit Card,1,4567.8,0.1,4567.8,4111.02,0,580.78,2025,8,August,Monday,4567.8,4111.02
2025-08-11,ORD011462,CUST02156,P003,Headphones,Electronics,Surat,Store,Credit Card,2,4406.94,0.15,8813.88,7491.8,0,1414.98,2025,8,August,Monday,8813.88,7491.797999999999
2025-08-11,ORD023244,CUST00034,P015,Dining Table,Furniture,Ahmedabad,Online,UPI,2,22408.76,0.0,44817.52,44817.52,0,6326.34,2025,8,August,Monday,44817.52,44817.52
2025-08-11,ORD037497,CUST02346,P004,Smartwatch,Electronics,Pune,Store,Debit Card,2,7555.19,0.05,15110.38,14354.86,0,3285.07,2025,8,August,Monday,15110.38,14354.860999999999
2025-08-11,ORD028003,CUST01280,P006,Desk,Furniture,Jaipur,Store,Debit Card,1,11016.96,0.2,11016.96,8813.57,0,1776.02,2025,8,August,Monday,11016.96,8813.568
2025-08-11,ORD047577,CUST00835,P012,Air Fryer,Home,Delhi,Online,Debit Card,2,6900.15,0.0,13800.3,13800.3,0,2484.24,2025,8,August,Monday,13800.3,13800.3
2025-08-11,ORD005801,CUST00678,P013,Monitor,Electronics,Kolkata,Online,UPI,3,17532.13,0.0,52596.39,52596.39,0,12484.71,2025,8,August,Monday,52596.39,52596.39
2025-08-11,ORD021705,CUST02594,P018,Jacket,Fashion,Kolkata,Store,Credit Card,1,4945.04,0.05,4945.04,4697.79,0,573.92,2025,8,August,Monday,4945.04,4697.788
2025-08-11,ORD049594,CUST02971,P010,Coffee Maker,Home,Surat,Online,Net Banking,1,5387.54,0.05,5387.54,5118.16,0,1132.62,2025,8,August,Monday,5387.54,5118.163
2025-08-11,ORD011302,CUST01131,P005,Office Chair,Furniture,Delhi,Online,Credit Card,1,8662.88,0.25,8662.88,6497.16,0,1564.06,2025,8,August,Monday,8662.88,6497.16
2025-08-11,ORD037892,CUST03277,P019,Vacuum Cleaner,Home,Delhi,Online,Debit Card,1,9334.87,0.1,9334.87,8401.38,0,922.98,2025,8,August,Monday,9334.87,8401.383000000002
2025-08-11,ORD045899,CUST00651,P001,Laptop,Electronics,Hyderabad,Online,UPI,2,59005.23,0.25,118010.46,88507.84,0,19869.48,2025,8,August,Monday,118010.46,88507.845
2025-08-11,ORD039532,CUST04698,P017,Jeans,Fashion,Delhi,Online,UPI,1,3027.03,0.0,3027.03,3027.03,0,902.93,2025,8,August,Monday,3027.03,3027.03
2025-08-11,ORD013002,CUST04861,P017,Jeans,Fashion,Mumbai,Store,Debit Card,4,2683.61,0.2,10734.44,8587.55,0,645.05,2025,8,August,Monday,10734.44,8587.552000000001
2025-08-11,ORD000507,CUST03030,P008,Running Shoes,Fashion,Bengaluru,Online,UPI,1,3863.65,0.1,3863.65,3477.29,0,945.86,2025,8,August,Monday,3863.65,3477.2850000000003
2025-08-11,ORD014375,CUST03424,P010,Coffee Maker,Home,Pune,Store,Credit Card,2,5550.37,0.05,11100.74,10545.7,0,2788.21,2025,8,August,Monday,11100.74,10545.703
2025-08-11,ORD033625,CUST01674,P001,Laptop,Electronics,Bengaluru,Online,Credit Card,1,69515.52,0.0,69515.52,69515.52,0,17944.65,2025,8,August,Monday,69515.52,69515.52
2025-08-11,ORD002045,CUST00543,P010,Coffee Maker,Home,Chennai,Online,UPI,1,4964.05,0.2,4964.05,3971.24,0,491.92,2025,8,August,Monday,4964.05,3971.2400000000002
2025-08-11,ORD044636,CUST04739,P005,Office Chair,Furniture,Ahmedabad,Store,UPI,1,10404.5,0.0,10404.5,10404.5,1,-520.22,2025,8,August,Monday,10404.5,10404.5
2025-08-11,ORD025729,CUST03570,P013,Monitor,Electronics,Surat,Online,Credit Card,1,18382.29,0.1,18382.29,16544.06,0,2346.62,2025,8,August,Monday,18382.29,16544.061
2025-08-11,ORD034680,CUST03531,P010,Coffee Maker,Home,Ahmedabad,Online,Credit Card,2,5613.5,0.25,11227.0,8420.25,0,1316.14,2025,8,August,Monday,11227.0,8420.25
2025-08-11,ORD042257,CUST04965,P010,Coffee Maker,Home,Pune,Store,Credit Card,1,5551.31,0.15,5551.31,4718.61,0,671.6,2025,8,August,Monday,5551.31,4718.6135
2025-08-11,ORD024700,CUST02087,P003,Headphones,Electronics,Bengaluru,Online,Debit Card,1,4312.34,0.1,4312.34,3881.11,0,725.44,2025,8,August,Monday,4312.34,3881.106
2025-08-11,ORD023704,CUST01266,P017,Jeans,Fashion,Delhi,Store,Cash,1,2688.56,0.05,2688.56,2554.13,0,730.97,2025,8,August,Monday,2688.56,2554.1319999999996
2025-08-11,ORD026529,CUST00736,P017,Jeans,Fashion,Mumbai,Online,UPI,1,2756.88,0.15,2756.88,2343.35,0,465.62,2025,8,August,Monday,2756.88,2343.348
2025-08-11,ORD025414,CUST01926,P014,Keyboard,Electronics,Bengaluru,Store,Debit Card,2,2621.57,0.1,5243.14,4718.83,0,975.87,2025,8,August,Monday,5243.14,4718.826
2025-08-11,ORD015560,CUST04357,P002,Smartphone,Electronics,Ahmedabad,Store,UPI,1,28813.33,0.05,28813.33,27372.66,0,2225.02,2025,8,August,Monday,28813.33,27372.6635
2025-08-11,ORD032326,CUST01495,P004,Smartwatch,Electronics,Hyderabad,Online,Debit Card,2,6457.17,0.05,12914.34,12268.62,0,2308.18,2025,8,August,Monday,12914.34,12268.623
2025-08-11,ORD012045,CUST02938,P015,Dining Table,Furniture,Bengaluru,Online,Cash,1,24123.04,0.1,24123.04,21710.74,0,6034.75,2025,8,August,Monday,24123.04,21710.736
2025-08-11,ORD028011,CUST02900,P005,Office Chair,Furniture,Surat,Store,UPI,1,10091.96,0.0,10091.96,10091.96,0,1353.83,2025,8,August,Monday,10091.96,10091.96
2025-08-11,ORD033201,CUST02474,P019,Vacuum Cleaner,Home,Bengaluru,Online,Cash,1,8946.86,0.05,8946.86,8499.52,0,1447.6,2025,8,August,Monday,8946.86,8499.517
2025-08-11,ORD014424,CUST01178,P016,Sofa,Furniture,Mumbai,Online,UPI,1,33109.11,0.15,33109.11,28142.74,0,5231.45,2025,8,August,Monday,33109.11,28142.7435
2025-08-11,ORD044331,CUST03577,P010,Coffee Maker,Home,Mumbai,Online,UPI,1,5944.04,0.05,5944.04,5646.84,0,1595.74,2025,8,August,Monday,5944.04,5646.838
2025-08-11,ORD033070,CUST00831,P012,Air Fryer,Home,Ahmedabad,Store,Debit Card,1,6778.45,0.1,6778.45,6100.6,0,656.81,2025,8,August,Monday,6778.45,6100.605
2025-08-11,ORD008523,CUST00117,P009,T-Shirt,Fashion,Hyderabad,Store,Credit Card,2,1080.6,0.05,2161.2,2053.14,1,-102.66,2025,8,August,Monday,2161.2,2053.14
2025-08-11,ORD012298,CUST04826,P008,Running Shoes,Fashion,Delhi,Store,UPI,2,4049.9,0.05,8099.8,7694.81,0,1238.79,2025,8,August,Monday,8099.8,7694.8099999999995
2025-08-11,ORD011759,CUST04094,P020,Microwave,Home,Delhi,Store,Credit Card,1,10813.39,0.2,10813.39,8650.71,1,-432.54,2025,8,August,Monday,10813.39,8650.712
2025-08-11,ORD006263,CUST00091,P011,Mixer Grinder,Home,Mumbai,Online,Debit Card,1,5248.76,0.1,5248.76,4723.88,0,876.26,2025,8,August,Monday,5248.76,4723.884
2025-08-11,ORD004119,CUST00273,P006,Desk,Furniture,Bengaluru,Online,Net Banking,1,11229.13,0.05,11229.13,10667.67,0,2209.42,2025,8,August,Monday,11229.13,10667.673499999999
2025-08-11,ORD039002,CUST01362,P002,Smartphone,Electronics,Hyderabad,Online,Cash,3,28911.1,0.2,86733.3,69386.64,1,-3469.33,2025,8,August,Monday,86733.29999999999,69386.64
2025-08-11,ORD009681,CUST01856,P015,Dining Table,Furniture,Bengaluru,Online,Debit Card,1,21288.82,0.1,21288.82,19159.94,0,4269.94,2025,8,August,Monday,21288.82,19159.938000000002
2025-08-11,ORD006132,CUST02481,P003,Headphones,Electronics,Bengaluru,Online,UPI,1,4847.51,0.0,4847.51,4847.51,0,1166.58,2025,8,August,Monday,4847.51,4847.51
2025-08-11,ORD015426,CUST03348,P013,Monitor,Electronics,Chennai,Store,UPI,1,17685.13,0.1,17685.13,15916.62,0,3573.17,2025,8,August,Monday,17685.13,15916.617000000002
2025-08-11,ORD041645,CUST03989,P014,Keyboard,Electronics,Bengaluru,Online,UPI,1,2628.42,0.1,2628.42,2365.58,0,515.55,2025,8,August,Monday,2628.42,2365.578
2025-08-11,ORD041686,CUST00089,P018,Jacket,Fashion,Mumbai,Store,Cash,1,4882.84,0.1,4882.84,4394.56,0,1204.88,2025,8,August,Monday,4882.84,4394.5560000000005
2025-08-11,ORD029694,CUST01784,P018,Jacket,Fashion,Delhi,Store,Cash,1,5658.7,0.0,5658.7,5658.7,0,1082.92,2025,8,August,Monday,5658.7,5658.7
2025-08-11,ORD010759,CUST01807,P009,T-Shirt,Fashion,Jaipur,Store,Credit Card,1,1164.5,0.15,1164.5,989.82,0,175.78,2025,8,August,Monday,1164.5,989.8249999999999
2025-08-11,ORD002757,CUST02934,P003,Headphones,Electronics,Jaipur,Online,UPI,1,4821.66,0.1,4821.66,4339.49,0,1034.42,2025,8,August,Monday,4821.66,4339.494
2025-08-11,ORD023118,CUST03392,P018,Jacket,Fashion,Bengaluru,Online,Credit Card,1,5631.19,0.0,5631.19,5631.19,0,1096.73,2025,8,August,Monday,5631.19,5631.19
2025-08-11,ORD030061,CUST02778,P004,Smartwatch,Electronics,Hyderabad,Store,Cash,1,7387.06,0.15,7387.06,6279.0,0,892.19,2025,8,August,Monday,7387.06,6279.001
2025-08-11,ORD006149,CUST01354,P016,Sofa,Furniture,Chennai,Online,UPI,2,35270.05,0.1,70540.1,63486.09,0,4867.05,2025,8,August,Monday,70540.1,63486.090000000004
2025-08-11,ORD015662,CUST00250,P016,Sofa,Furniture,Chennai,Online,Credit Card,1,34960.87,0.05,34960.87,33212.83,1,-1660.64,2025,8,August,Monday,34960.87,33212.8265
2025-08-11,ORD000128,CUST00918,P010,Coffee Maker,Home,Chennai,Online,Credit Card,2,5029.66,0.2,10059.32,8047.46,0,1884.37,2025,8,August,Monday,10059.32,8047.456
2025-08-11,ORD036747,CUST01816,P008,Running Shoes,Fashion,Chennai,Online,UPI,2,4131.57,0.05,8263.14,7849.98,0,1605.55,2025,8,August,Monday,8263.14,7849.982999999999
2025-08-11,ORD017390,CUST00903,P003,Headphones,Electronics,Bengaluru,Online,Debit Card,1,4491.75,0.1,4491.75,4042.58,0,361.75,2025,8,August,Monday,4491.75,4042.5750000000003
2025-08-11,ORD047944,CUST03129,P014,Keyboard,Electronics,Kolkata,Store,UPI,3,2667.33,0.1,8001.99,7201.79,0,1245.7,2025,8,August,Monday,8001.99,7201.791
2025-08-11,ORD030100,CUST04335,P004,Smartwatch,Electronics,Surat,Online,Credit Card,1,6379.02,0.2,6379.02,5103.22,0,1137.86,2025,8,August,Monday,6379.02,5103.216
2025-08-11,ORD012097,CUST02770,P017,Jeans,Fashion,Jaipur,Online,Cash,3,2707.94,0.2,8123.82,6499.06,0,1592.58,2025,8,August,Monday,8123.82,6499.0560000000005
2025-08-11,ORD042059,CUST03500,P015,Dining Table,Furniture,Mumbai,Online,Debit Card,2,23397.3,0.1,46794.6,42115.14,0,10014.35,2025,8,August,Monday,46794.6,42115.14
2025-08-11,ORD006089,CUST01266,P009,T-Shirt,Fashion,Delhi,Store,Credit Card,1,1230.53,0.0,1230.53,1230.53,0,249.03,2025,8,August,Monday,1230.53,1230.53
2025-08-11,ORD012968,CUST01883,P003,Headphones,Electronics,Kolkata,Online,Credit Card,1,4943.76,0.25,4943.76,3707.82,0,148.31,2025,8,August,Monday,4943.76,3707.82
2025-08-11,ORD026112,CUST03812,P018,Jacket,Fashion,Hyderabad,Online,Debit Card,3,5444.77,0.05,16334.31,15517.59,0,1874.73,2025,8,August,Monday,16334.310000000001,15517.5945
2025-08-11,ORD014521,CUST01793,P005,Office Chair,Furniture,Delhi,Online,UPI,1,10224.41,0.05,10224.41,9713.19,0,2528.71,2025,8,August,Monday,10224.41,9713.189499999999
2025-08-11,ORD008797,CUST04746,P012,Air Fryer,Home,Surat,Store,UPI,1,7553.45,0.05,7553.45,7175.78,0,1403.92,2025,8,August,Monday,7553.45,7175.777499999999
2025-08-11,ORD034274,CUST01057,P009,T-Shirt,Fashion,Mumbai,Store,Credit Card,2,1273.65,0.05,2547.3,2419.94,0,473.29,2025,8,August,Monday,2547.3,2419.935
2025-08-11,ORD017307,CUST03130,P020,Microwave,Home,Surat,Online,UPI,1,11827.24,0.15,11827.24,10053.15,0,806.11,2025,8,August,Monday,11827.24,10053.154
2025-08-11,ORD010366,CUST03188,P008,Running Shoes,Fashion,Jaipur,Store,UPI,1,4546.75,0.05,4546.75,4319.41,0,1215.06,2025,8,August,Monday,4546.75,4319.412499999999
2025-08-11,ORD045408,CUST01376,P012,Air Fryer,Home,Mumbai,Store,Cash,1,7903.69,0.1,7903.69,7113.32,0,882.76,2025,8,August,Monday,7903.69,7113.321
2025-08-12,ORD004800,CUST01890,P005,Office Chair,Furniture,Pune,Store,Debit Card,2,8737.05,0.1,17474.1,15726.69,0,1108.33,2025,8,August,Tuesday,17474.1,15726.689999999999
2025-08-12,ORD010957,CUST00867,P006,Desk,Furniture,Hyderabad,Store,UPI,4,12725.24,0.05,50900.96,48355.91,0,6254.78,2025,8,August,Tuesday,50900.96,48355.912
2025-08-12,ORD029796,CUST03022,P015,Dining Table,Furniture,Jaipur,Online,Net Banking,1,19804.15,0.25,19804.15,14853.11,0,1672.9,2025,8,August,Tuesday,19804.15,14853.112500000001
2025-08-12,ORD044200,CUST02517,P005,Office Chair,Furniture,Jaipur,Online,UPI,2,9402.17,0.1,18804.34,16923.91,0,3190.33,2025,8,August,Tuesday,18804.34,16923.906
2025-08-12,ORD027553,CUST02712,P005,Office Chair,Furniture,Ahmedabad,Online,UPI,1,9428.79,0.0,9428.79,9428.79,0,1522.88,2025,8,August,Tuesday,9428.79,9428.79
2025-08-12,ORD044593,CUST04154,P017,Jeans,Fashion,Bengaluru,Online,Credit Card,5,2761.91,0.15,13809.55,11738.12,0,998.95,2025,8,August,Tuesday,13809.55,11738.117499999998
2025-08-12,ORD012681,CUST02545,P018,Jacket,Fashion,Surat,Online,UPI,1,4956.82,0.1,4956.82,4461.14,0,583.19,2025,8,August,Tuesday,4956.82,4461.138
2025-08-12,ORD004733,CUST04806,P019,Vacuum Cleaner,Home,Hyderabad,Store,Credit Card,3,9140.89,0.05,27422.67,26051.54,1,-1302.58,2025,8,August,Tuesday,27422.67,26051.5365
2025-08-12,ORD007386,CUST04033,P019,Vacuum Cleaner,Home,Pune,Store,UPI,2,8935.38,0.0,17870.76,17870.76,0,5038.07,2025,8,August,Tuesday,17870.76,17870.76
2025-08-12,ORD049833,CUST04636,P009,T-Shirt,Fashion,Surat,Online,Debit Card,1,1301.36,0.1,1301.36,1171.22,0,238.86,2025,8,August,Tuesday,1301.36,1171.224
2025-08-12,ORD025461,CUST02798,P007,Backpack,Accessories,Jaipur,Online,Credit Card,1,2335.87,0.2,2335.87,1868.7,0,115.33,2025,8,August,Tuesday,2335.87,1868.696
2025-08-12,ORD041655,CUST03710,P020,Microwave,Home,Mumbai,Online,Cash,2,11032.62,0.05,22065.24,20961.98,0,4742.02,2025,8,August,Tuesday,22065.24,20961.978
2025-08-12,ORD016092,CUST00201,P013,Monitor,Electronics,Jaipur,Online,Cash,4,19744.97,0.1,78979.88,71081.89,0,17865.84,2025,8,August,Tuesday,78979.88,71081.892
2025-08-12,ORD016236,CUST01943,P008,Running Shoes,Fashion,Delhi,Online,UPI,1,3900.79,0.1,3900.79,3510.71,0,720.17,2025,8,August,Tuesday,3900.79,3510.7110000000002
2025-08-12,ORD015239,CUST03019,P017,Jeans,Fashion,Hyderabad,Online,Cash,1,2764.27,0.0,2764.27,2764.27,0,803.31,2025,8,August,Tuesday,2764.27,2764.27
2025-08-12,ORD014029,CUST01523,P003,Headphones,Electronics,Delhi,Online,Credit Card,1,4204.59,0.0,4204.59,4204.59,0,1073.79,2025,8,August,Tuesday,4204.59,4204.59
2025-08-12,ORD034014,CUST01653,P006,Desk,Furniture,Jaipur,Online,Credit Card,1,11567.74,0.05,11567.74,10989.35,0,1618.46,2025,8,August,Tuesday,11567.74,10989.353
2025-08-12,ORD022726,CUST02764,P008,Running Shoes,Fashion,Delhi,Online,Net Banking,1,3944.05,0.15,3944.05,3352.44,0,513.5,2025,8,August,Tuesday,3944.05,3352.4425
2025-08-12,ORD026765,CUST03025,P011,Mixer Grinder,Home,Chennai,Online,Debit Card,1,4624.04,0.05,4624.04,4392.84,0,880.37,2025,8,August,Tuesday,4624.04,4392.838
2025-08-12,ORD041458,CUST04991,P015,Dining Table,Furniture,Chennai,Store,Debit Card,1,23208.46,0.15,23208.46,19727.19,0,2898.46,2025,8,August,Tuesday,23208.46,19727.191
2025-08-12,ORD008466,CUST02449,P006,Desk,Furniture,Bengaluru,Online,Credit Card,1,12171.43,0.15,12171.43,10345.72,0,1849.94,2025,8,August,Tuesday,12171.43,10345.7155
2025-08-12,ORD008348,CUST01575,P005,Office Chair,Furniture,Delhi,Store,Net Banking,1,9298.58,0.05,9298.58,8833.65,1,-441.68,2025,8,August,Tuesday,9298.58,8833.651
2025-08-12,ORD024858,CUST00839,P005,Office Chair,Furniture,Bengaluru,Store,Credit Card,1,10084.62,0.0,10084.62,10084.62,0,2668.84,2025,8,August,Tuesday,10084.62,10084.62
2025-08-12,ORD018294,CUST04945,P008,Running Shoes,Fashion,Hyderabad,Store,Credit Card,1,4556.03,0.05,4556.03,4328.23,0,487.88,2025,8,August,Tuesday,4556.03,4328.228499999999
2025-08-12,ORD039056,CUST04026,P017,Jeans,Fashion,Hyderabad,Store,Debit Card,1,2706.07,0.0,2706.07,2706.07,0,486.03,2025,8,August,Tuesday,2706.07,2706.07
2025-08-12,ORD013320,CUST03714,P001,Laptop,Electronics,Chennai,Online,Credit Card,1,65058.44,0.2,65058.44,52046.75,0,8096.52,2025,8,August,Tuesday,65058.44,52046.75200000001
2025-08-12,ORD049253,CUST01813,P006,Desk,Furniture,Ahmedabad,Store,UPI,1,11805.21,0.15,11805.21,10034.43,0,1710.15,2025,8,August,Tuesday,11805.21,10034.428499999998
2025-08-12,ORD004538,CUST02578,P007,Backpack,Accessories,Ahmedabad,Store,UPI,2,2272.67,0.0,4545.34,4545.34,0,1303.5,2025,8,August,Tuesday,4545.34,4545.34
2025-08-12,ORD014616,CUST04797,P003,Headphones,Electronics,Surat,Online,Credit Card,1,4719.13,0.0,4719.13,4719.13,0,894.37,2025,8,August,Tuesday,4719.13,4719.13
2025-08-12,ORD021344,CUST03987,P010,Coffee Maker,Home,Delhi,Store,UPI,1,6011.24,0.1,6011.24,5410.12,0,747.98,2025,8,August,Tuesday,6011.24,5410.116
2025-08-12,ORD006375,CUST02450,P013,Monitor,Electronics,Pune,Online,UPI,1,17858.04,0.1,17858.04,16072.24,0,1017.06,2025,8,August,Tuesday,17858.04,16072.236
2025-08-12,ORD016125,CUST00117,P001,Laptop,Electronics,Delhi,Store,UPI,3,62371.55,0.0,187114.65,187114.65,0,52717.27,2025,8,August,Tuesday,187114.65000000002,187114.65
2025-08-12,ORD021490,CUST04345,P003,Headphones,Electronics,Jaipur,Store,UPI,2,4311.71,0.05,8623.42,8192.25,0,1215.21,2025,8,August,Tuesday,8623.42,8192.249
2025-08-12,ORD010376,CUST01444,P016,Sofa,Furniture,Bengaluru,Online,Debit Card,1,36122.61,0.25,36122.61,27091.96,0,3218.08,2025,8,August,Tuesday,36122.61,27091.9575
2025-08-12,ORD022809,CUST03533,P011,Mixer Grinder,Home,Jaipur,Store,Credit Card,5,4506.24,0.1,22531.2,20278.08,0,1648.45,2025,8,August,Tuesday,22531.199999999997,20278.08
2025-08-12,ORD012840,CUST01867,P006,Desk,Furniture,Hyderabad,Store,UPI,1,12332.49,0.05,12332.49,11715.87,0,1578.83,2025,8,August,Tuesday,12332.49,11715.8655
2025-08-12,ORD014538,CUST01305,P016,Sofa,Furniture,Surat,Store,UPI,5,37580.95,0.1,187904.75,169114.28,0,45294.28,2025,8,August,Tuesday,187904.75,169114.275
2025-08-12,ORD031907,CUST03578,P013,Monitor,Electronics,Bengaluru,Store,Cash,3,17933.97,0.1,53801.91,48421.72,0,6251.81,2025,8,August,Tuesday,53801.91,48421.719000000005
2025-08-12,ORD049843,CUST04857,P018,Jacket,Fashion,Kolkata,Store,Debit Card,2,4731.43,0.0,9462.86,9462.86,0,2492.07,2025,8,August,Tuesday,9462.86,9462.86
2025-08-12,ORD001058,CUST02841,P018,Jacket,Fashion,Pune,Online,UPI,1,5657.78,0.05,5657.78,5374.89,0,1526.22,2025,8,August,Tuesday,5657.78,5374.891
2025-08-12,ORD044042,CUST02917,P020,Microwave,Home,Mumbai,Online,UPI,1,10943.58,0.15,10943.58,9302.04,0,2036.19,2025,8,August,Tuesday,10943.58,9302.043
2025-08-12,ORD031905,CUST04638,P012,Air Fryer,Home,Hyderabad,Store,UPI,1,6830.58,0.2,6830.58,5464.46,0,786.18,2025,8,August,Tuesday,6830.58,5464.464
2025-08-12,ORD000157,CUST01101,P017,Jeans,Fashion,Jaipur,Online,Net Banking,1,2648.94,0.05,2648.94,2516.49,0,529.35,2025,8,August,Tuesday,2648.94,2516.493
2025-08-12,ORD048463,CUST03829,P007,Backpack,Accessories,Surat,Online,UPI,3,2272.13,0.05,6816.39,6475.57,0,1712.69,2025,8,August,Tuesday,6816.39,6475.5705
2025-08-12,ORD017441,CUST03204,P014,Keyboard,Electronics,Surat,Online,UPI,1,2411.15,0.1,2411.15,2170.04,0,228.95,2025,8,August,Tuesday,2411.15,2170.0350000000003
2025-08-12,ORD037263,CUST00779,P004,Smartwatch,Electronics,Jaipur,Online,Credit Card,5,6613.28,0.15,33066.4,28106.44,0,2490.61,2025,8,August,Tuesday,33066.4,28106.44
2025-08-12,ORD034933,CUST04891,P012,Air Fryer,Home,Hyderabad,Store,Credit Card,1,7284.3,0.15,7284.3,6191.66,0,974.94,2025,8,August,Tuesday,7284.3,6191.655
2025-08-12,ORD012837,CUST01244,P007,Backpack,Accessories,Mumbai,Store,UPI,5,2042.2,0.1,10211.0,9189.9,0,1258.83,2025,8,August,Tuesday,10211.0,9189.9
2025-08-12,ORD043698,CUST02284,P005,Office Chair,Furniture,Pune,Online,Credit Card,3,8950.49,0.1,26851.47,24166.32,0,2081.28,2025,8,August,Tuesday,26851.47,24166.323
2025-08-12,ORD042953,CUST04306,P020,Microwave,Home,Delhi,Online,Net Banking,2,11511.32,0.2,23022.64,18418.11,0,2100.47,2025,8,August,Tuesday,23022.64,18418.112
2025-08-12,ORD003853,CUST03292,P013,Monitor,Electronics,Pune,Online,UPI,4,16954.59,0.1,67818.36,61036.52,0,16439.41,2025,8,August,Tuesday,67818.36,61036.524000000005
2025-08-12,ORD028031,CUST00574,P018,Jacket,Fashion,Mumbai,Store,Credit Card,2,4681.25,0.15,9362.5,7958.12,0,668.79,2025,8,August,Tuesday,9362.5,7958.125
2025-08-12,ORD018005,CUST02600,P005,Office Chair,Furniture,Surat,Online,Credit Card,5,9355.48,0.0,46777.4,46777.4,0,8312.3,2025,8,August,Tuesday,46777.399999999994,46777.4
2025-08-12,ORD003469,CUST02223,P001,Laptop,Electronics,Hyderabad,Store,Cash,1,65899.25,0.1,65899.25,59309.32,0,13243.6,2025,8,August,Tuesday,65899.25,59309.325000000004
2025-08-12,ORD042148,CUST03433,P019,Vacuum Cleaner,Home,Jaipur,Online,Credit Card,1,9533.17,0.15,9533.17,8103.19,0,1445.3,2025,8,August,Tuesday,9533.17,8103.1945
2025-08-12,ORD008589,CUST00816,P005,Office Chair,Furniture,Hyderabad,Online,UPI,1,10038.27,0.05,10038.27,9536.36,1,-476.82,2025,8,August,Tuesday,10038.27,9536.3565
2025-08-12,ORD040869,CUST01885,P001,Laptop,Electronics,Mumbai,Store,Cash,1,68359.56,0.15,68359.56,58105.63,1,-2905.28,2025,8,August,Tuesday,68359.56,58105.626
2025-08-12,ORD017009,CUST02228,P007,Backpack,Accessories,Delhi,Online,UPI,4,2158.96,0.1,8635.84,7772.26,0,1420.11,2025,8,August,Tuesday,8635.84,7772.256
2025-08-12,ORD046039,CUST00657,P009,T-Shirt,Fashion,Jaipur,Online,Credit Card,3,1180.29,0.15,3540.87,3009.74,0,637.98,2025,8,August,Tuesday,3540.87,3009.7394999999997
2025-08-12,ORD048905,CUST01070,P016,Sofa,Furniture,Surat,Online,Credit Card,1,38003.05,0.05,38003.05,36102.9,0,6050.46,2025,8,August,Tuesday,38003.05,36102.8975
2025-08-12,ORD048157,CUST02579,P005,Office Chair,Furniture,Jaipur,Online,UPI,2,9906.94,0.0,19813.88,19813.88,0,4675.75,2025,8,August,Tuesday,19813.88,19813.88
2025-08-12,ORD029298,CUST00587,P014,Keyboard,Electronics,Surat,Store,Credit Card,2,2653.86,0.0,5307.72,5307.72,0,645.73,2025,8,August,Tuesday,5307.72,5307.72
2025-08-12,ORD015068,CUST04530,P015,Dining Table,Furniture,Kolkata,Store,Net Banking,1,21355.19,0.05,21355.19,20287.43,0,5119.71,2025,8,August,Tuesday,21355.19,20287.4305
2025-08-12,ORD027175,CUST02573,P011,Mixer Grinder,Home,Chennai,Store,Credit Card,1,4367.83,0.1,4367.83,3931.05,0,1041.76,2025,8,August,Tuesday,4367.83,3931.047
2025-08-12,ORD014506,CUST02930,P002,Smartphone,Electronics,Mumbai,Store,Debit Card,1,26712.34,0.05,26712.34,25376.72,0,4554.74,2025,8,August,Tuesday,26712.34,25376.722999999998
2025-08-12,ORD025708,CUST00658,P001,Laptop,Electronics,Surat,Online,UPI,3,65931.34,0.05,197794.02,187904.32,0,54455.73,2025,8,August,Tuesday,197794.02,187904.319
2025-08-12,ORD043048,CUST01804,P016,Sofa,Furniture,Ahmedabad,Online,Credit Card,2,34108.27,0.15,68216.54,57984.06,0,5531.46,2025,8,August,Tuesday,68216.54,57984.058999999994
2025-08-12,ORD034223,CUST04681,P004,Smartwatch,Electronics,Kolkata,Store,Debit Card,1,6441.63,0.2,6441.63,5153.3,0,405.11,2025,8,August,Tuesday,6441.63,5153.304
2025-08-12,ORD044923,CUST00986,P005,Office Chair,Furniture,Surat,Store,Credit Card,1,9769.03,0.15,9769.03,8303.68,0,2142.99,2025,8,August,Tuesday,9769.03,8303.675500000001
2025-08-12,ORD013913,CUST01259,P002,Smartphone,Electronics,Kolkata,Online,Debit Card,1,25900.58,0.0,25900.58,25900.58,1,-1295.03,2025,8,August,Tuesday,25900.58,25900.58
2025-08-12,ORD040074,CUST00570,P008,Running Shoes,Fashion,Bengaluru,Online,Net Banking,3,4039.06,0.1,12117.18,10905.46,0,1723.07,2025,8,August,Tuesday,12117.18,10905.462000000001
2025-08-12,ORD007131,CUST03977,P015,Dining Table,Furniture,Bengaluru,Store,UPI,1,22108.2,0.1,22108.2,19897.38,0,5404.35,2025,8,August,Tuesday,22108.2,19897.38
2025-08-13,ORD003510,CUST04644,P011,Mixer Grinder,Home,Delhi,Store,Cash,1,4602.97,0.25,4602.97,3452.23,0,395.41,2025,8,August,Wednesday,4602.97,3452.2275
2025-08-13,ORD004569,CUST02182,P015,Dining Table,Furniture,Delhi,Online,UPI,1,21698.02,0.05,21698.02,20613.12,0,1825.63,2025,8,August,Wednesday,21698.02,20613.119
2025-08-13,ORD042966,CUST03010,P006,Desk,Furniture,Kolkata,Store,Debit Card,1,12103.97,0.2,12103.97,9683.18,0,1454.81,2025,8,August,Wednesday,12103.97,9683.176
2025-08-13,ORD042678,CUST01957,P014,Keyboard,Electronics,Surat,Online,Credit Card,1,2259.76,0.2,2259.76,1807.81,0,93.83,2025,8,August,Wednesday,2259.76,1807.8080000000002
2025-08-13,ORD031032,CUST03155,P015,Dining Table,Furniture,Pune,Store,Credit Card,1,20671.11,0.2,20671.11,16536.89,0,2093.47,2025,8,August,Wednesday,20671.11,16536.888000000003
2025-08-13,ORD032491,CUST02456,P019,Vacuum Cleaner,Home,Pune,Store,UPI,1,8526.79,0.0,8526.79,8526.79,0,2294.15,2025,8,August,Wednesday,8526.79,8526.79
2025-08-13,ORD020951,CUST00293,P013,Monitor,Electronics,Jaipur,Online,Cash,2,17822.19,0.1,35644.38,32079.94,0,7786.47,2025,8,August,Wednesday,35644.38,32079.942
2025-08-13,ORD006343,CUST00051,P008,Running Shoes,Fashion,Surat,Store,Debit Card,1,4355.27,0.25,4355.27,3266.45,0,440.61,2025,8,August,Wednesday,4355.27,3266.4525000000003
2025-08-13,ORD005921,CUST03998,P016,Sofa,Furniture,Chennai,Online,Debit Card,2,37347.09,0.1,74694.18,67224.76,0,9159.38,2025,8,August,Wednesday,74694.18,67224.762
2025-08-13,ORD028041,CUST01106,P008,Running Shoes,Fashion,Pune,Online,Credit Card,5,4376.42,0.2,21882.1,17505.68,0,2114.04,2025,8,August,Wednesday,21882.1,17505.68
2025-08-13,ORD031041,CUST02216,P020,Microwave,Home,Chennai,Online,UPI,1,10057.03,0.0,10057.03,10057.03,1,-502.85,2025,8,August,Wednesday,10057.03,10057.03
2025-08-13,ORD037033,CUST01317,P008,Running Shoes,Fashion,Hyderabad,Store,UPI,2,4346.64,0.1,8693.28,7823.95,0,705.64,2025,8,August,Wednesday,8693.28,7823.952000000001
2025-08-13,ORD002760,CUST02973,P001,Laptop,Electronics,Pune,Online,Credit Card,5,69004.82,0.1,345024.1,310521.69,0,51863.29,2025,8,August,Wednesday,345024.10000000003,310521.69
2025-08-13,ORD031969,CUST02937,P013,Monitor,Electronics,Bengaluru,Store,UPI,1,19555.58,0.1,19555.58,17600.02,0,1402.48,2025,8,August,Wednesday,19555.58,17600.022
2025-08-13,ORD004549,CUST04526,P005,Office Chair,Furniture,Chennai,Online,Debit Card,1,9901.8,0.1,9901.8,8911.62,0,1089.0,2025,8,August,Wednesday,9901.8,8911.619999999999
2025-08-13,ORD002913,CUST01834,P011,Mixer Grinder,Home,Ahmedabad,Online,Cash,2,5180.94,0.1,10361.88,9325.69,0,2243.48,2025,8,August,Wednesday,10361.88,9325.692
2025-08-13,ORD022762,CUST04496,P001,Laptop,Electronics,Hyderabad,Online,Net Banking,4,70934.43,0.1,283737.72,255363.95,0,55960.27,2025,8,August,Wednesday,283737.72,255363.94799999997
2025-08-13,ORD036609,CUST00358,P004,Smartwatch,Electronics,Chennai,Online,Cash,2,6388.91,0.0,12777.82,12777.82,0,3764.95,2025,8,August,Wednesday,12777.82,12777.82
2025-08-13,ORD042115,CUST00980,P015,Dining Table,Furniture,Jaipur,Online,UPI,1,19864.11,0.1,19864.11,17877.7,0,2445.14,2025,8,August,Wednesday,19864.11,17877.699
2025-08-13,ORD007948,CUST00230,P015,Dining Table,Furniture,Ahmedabad,Online,Credit Card,1,20574.49,0.1,20574.49,18517.04,0,3677.6,2025,8,August,Wednesday,20574.49,18517.041
2025-08-13,ORD019063,CUST03408,P010,Coffee Maker,Home,Pune,Store,UPI,1,5850.1,0.05,5850.1,5557.6,0,418.52,2025,8,August,Wednesday,5850.1,5557.595
2025-08-13,ORD006968,CUST04978,P011,Mixer Grinder,Home,Ahmedabad,Online,Credit Card,1,4986.58,0.0,4986.58,4986.58,0,597.54,2025,8,August,Wednesday,4986.58,4986.58
2025-08-13,ORD027087,CUST04628,P006,Desk,Furniture,Bengaluru,Online,Credit Card,1,11450.71,0.1,11450.71,10305.64,0,1298.96,2025,8,August,Wednesday,11450.71,10305.639
2025-08-13,ORD009115,CUST02874,P018,Jacket,Fashion,Bengaluru,Online,UPI,1,4887.31,0.1,4887.31,4398.58,0,987.98,2025,8,August,Wednesday,4887.31,4398.579000000001
2025-08-13,ORD034945,CUST01824,P008,Running Shoes,Fashion,Pune,Online,Net Banking,1,4581.0,0.05,4581.0,4351.95,0,776.68,2025,8,August,Wednesday,4581.0,4351.95
2025-08-13,ORD034051,CUST02566,P003,Headphones,Electronics,Pune,Online,Credit Card,1,4710.93,0.05,4710.93,4475.38,0,540.49,2025,8,August,Wednesday,4710.93,4475.3835
2025-08-13,ORD043398,CUST02137,P007,Backpack,Accessories,Chennai,Store,UPI,1,2236.47,0.05,2236.47,2124.65,0,390.98,2025,8,August,Wednesday,2236.47,2124.6465
2025-08-13,ORD044116,CUST00547,P001,Laptop,Electronics,Delhi,Online,UPI,3,68149.4,0.2,204448.2,163558.56,0,36473.01,2025,8,August,Wednesday,204448.19999999998,163558.56000000003
2025-08-13,ORD026150,CUST01111,P015,Dining Table,Furniture,Jaipur,Store,Credit Card,2,19892.6,0.05,39785.2,37795.94,0,5413.28,2025,8,August,Wednesday,39785.2,37795.939999999995
2025-08-13,ORD040339,CUST03875,P010,Coffee Maker,Home,Jaipur,Online,UPI,2,4958.16,0.15,9916.32,8428.87,0,464.21,2025,8,August,Wednesday,9916.32,8428.872
2025-08-13,ORD002489,CUST00525,P013,Monitor,Electronics,Bengaluru,Store,Debit Card,2,18871.84,0.1,37743.68,33969.31,0,4480.78,2025,8,August,Wednesday,37743.68,33969.312
2025-08-13,ORD013463,CUST01085,P006,Desk,Furniture,Jaipur,Online,Credit Card,1,11852.84,0.15,11852.84,10074.91,0,2661.63,2025,8,August,Wednesday,11852.84,10074.914
2025-08-13,ORD024737,CUST01156,P017,Jeans,Fashion,Mumbai,Online,UPI,2,2968.26,0.0,5936.52,5936.52,0,1140.01,2025,8,August,Wednesday,5936.52,5936.52
2025-08-13,ORD008258,CUST01163,P017,Jeans,Fashion,Pune,Online,Debit Card,1,2619.49,0.0,2619.49,2619.49,0,461.9,2025,8,August,Wednesday,2619.49,2619.49
2025-08-13,ORD005808,CUST01236,P008,Running Shoes,Fashion,Pune,Online,Cash,1,4489.2,0.1,4489.2,4040.28,0,643.99,2025,8,August,Wednesday,4489.2,4040.2799999999997
2025-08-13,ORD004972,CUST02505,P010,Coffee Maker,Home,Hyderabad,Online,UPI,1,5746.17,0.05,5746.17,5458.86,0,863.43,2025,8,August,Wednesday,5746.17,5458.8615
2025-08-13,ORD041795,CUST00399,P006,Desk,Furniture,Ahmedabad,Online,UPI,5,11680.61,0.1,58403.05,52562.74,0,4552.91,2025,8,August,Wednesday,58403.05,52562.745
2025-08-13,ORD017300,CUST01551,P020,Microwave,Home,Hyderabad,Store,UPI,1,11660.75,0.15,11660.75,9911.64,0,836.72,2025,8,August,Wednesday,11660.75,9911.637499999999
2025-08-13,ORD031125,CUST03526,P003,Headphones,Electronics,Ahmedabad,Online,UPI,1,4262.29,0.0,4262.29,4262.29,1,-213.11,2025,8,August,Wednesday,4262.29,4262.29
2025-08-13,ORD016162,CUST03512,P016,Sofa,Furniture,Hyderabad,Online,UPI,2,32594.46,0.1,65188.92,58670.03,0,13229.8,2025,8,August,Wednesday,65188.92,58670.028
2025-08-13,ORD004299,CUST03907,P018,Jacket,Fashion,Surat,Online,UPI,4,5706.19,0.1,22824.76,20542.28,0,4805.98,2025,8,August,Wednesday,22824.76,20542.284
2025-08-13,ORD027184,CUST04427,P006,Desk,Furniture,Surat,Online,UPI,1,12841.86,0.1,12841.86,11557.67,0,1511.73,2025,8,August,Wednesday,12841.86,11557.674
2025-08-13,ORD028080,CUST03129,P017,Jeans,Fashion,Chennai,Online,Credit Card,1,2867.29,0.2,2867.29,2293.83,0,296.81,2025,8,August,Wednesday,2867.29,2293.832
2025-08-13,ORD028748,CUST04655,P001,Laptop,Electronics,Pune,Online,UPI,2,61702.35,0.2,123404.7,98723.76,0,12449.93,2025,8,August,Wednesday,123404.7,98723.76000000001
2025-08-13,ORD020650,CUST01524,P002,Smartphone,Electronics,Delhi,Store,UPI,5,29760.57,0.05,148802.85,141362.71,0,30323.69,2025,8,August,Wednesday,148802.85,141362.7075
2025-08-13,ORD027859,CUST00851,P016,Sofa,Furniture,Mumbai,Online,Credit Card,2,34771.15,0.05,69542.3,66065.18,0,8845.92,2025,8,August,Wednesday,69542.3,66065.185
2025-08-13,ORD009295,CUST00005,P016,Sofa,Furniture,Delhi,Online,Cash,1,34408.14,0.1,34408.14,30967.33,0,2009.13,2025,8,August,Wednesday,34408.14,30967.326
2025-08-13,ORD045463,CUST03114,P018,Jacket,Fashion,Delhi,Online,Cash,2,5064.88,0.0,10129.76,10129.76,0,2778.64,2025,8,August,Wednesday,10129.76,10129.76
2025-08-13,ORD014563,CUST00516,P014,Keyboard,Electronics,Kolkata,Online,UPI,1,2646.86,0.0,2646.86,2646.86,0,375.35,2025,8,August,Wednesday,2646.86,2646.86
2025-08-13,ORD008271,CUST04953,P013,Monitor,Electronics,Kolkata,Online,Net Banking,2,18705.92,0.15,37411.84,31800.06,0,8216.99,2025,8,August,Wednesday,37411.84,31800.063999999995
2025-08-13,ORD030119,CUST04389,P012,Air Fryer,Home,Ahmedabad,Online,Credit Card,1,6654.06,0.1,6654.06,5988.65,0,1031.2,2025,8,August,Wednesday,6654.06,5988.654
2025-08-13,ORD007019,CUST04213,P005,Office Chair,Furniture,Ahmedabad,Store,Debit Card,1,8792.6,0.05,8792.6,8352.97,0,1520.11,2025,8,August,Wednesday,8792.6,8352.97
2025-08-13,ORD013979,CUST01234,P017,Jeans,Fashion,Ahmedabad,Online,Net Banking,1,2937.47,0.15,2937.47,2496.85,0,350.97,2025,8,August,Wednesday,2937.47,2496.8495
2025-08-13,ORD010388,CUST03668,P004,Smartwatch,Electronics,Mumbai,Online,Cash,3,6969.74,0.25,20909.22,15681.92,0,3116.26,2025,8,August,Wednesday,20909.22,15681.915
2025-08-13,ORD013324,CUST00622,P002,Smartphone,Electronics,Mumbai,Online,Net Banking,1,29097.24,0.0,29097.24,29097.24,0,5948.93,2025,8,August,Wednesday,29097.24,29097.24
2025-08-13,ORD035223,CUST01310,P012,Air Fryer,Home,Ahmedabad,Store,Cash,1,6981.48,0.2,6981.48,5585.18,0,351.99,2025,8,August,Wednesday,6981.48,5585.184
2025-08-13,ORD031135,CUST01063,P009,T-Shirt,Fashion,Hyderabad,Store,Debit Card,1,1210.35,0.1,1210.35,1089.32,0,74.47,2025,8,August,Wednesday,1210.35,1089.315
2025-08-13,ORD016502,CUST04905,P008,Running Shoes,Fashion,Pune,Online,Credit Card,1,4141.8,0.2,4141.8,3313.44,0,368.0,2025,8,August,Wednesday,4141.8,3313.4400000000005
2025-08-13,ORD049967,CUST01719,P004,Smartwatch,Electronics,Kolkata,Online,UPI,1,7061.36,0.25,7061.36,5296.02,0,276.28,2025,8,August,Wednesday,7061.36,5296.0199999999995
2025-08-13,ORD043225,CUST00671,P007,Backpack,Accessories,Chennai,Online,UPI,2,2320.25,0.1,4640.5,4176.45,0,673.8,2025,8,August,Wednesday,4640.5,4176.45
2025-08-13,ORD033286,CUST04695,P010,Coffee Maker,Home,Mumbai,Online,Credit Card,1,4986.98,0.0,4986.98,4986.98,0,1081.94,2025,8,August,Wednesday,4986.98,4986.98
2025-08-13,ORD044280,CUST01740,P010,Coffee Maker,Home,Delhi,Online,Credit Card,4,5893.03,0.15,23572.12,20036.3,0,1629.34,2025,8,August,Wednesday,23572.12,20036.302
2025-08-13,ORD013174,CUST00508,P014,Keyboard,Electronics,Bengaluru,Online,Debit Card,1,2327.95,0.05,2327.95,2211.55,0,187.32,2025,8,August,Wednesday,2327.95,2211.5525
2025-08-13,ORD008190,CUST03736,P013,Monitor,Electronics,Surat,Online,UPI,1,19354.77,0.1,19354.77,17419.29,0,1793.11,2025,8,August,Wednesday,19354.77,17419.293
2025-08-13,ORD044410,CUST04552,P012,Air Fryer,Home,Jaipur,Online,Net Banking,2,7835.17,0.1,15670.34,14103.31,0,3756.56,2025,8,August,Wednesday,15670.34,14103.306
2025-08-14,ORD029183,CUST03724,P011,Mixer Grinder,Home,Ahmedabad,Online,UPI,1,5053.33,0.1,5053.33,4548.0,0,1023.13,2025,8,August,Thursday,5053.33,4547.997
2025-08-14,ORD000556,CUST03876,P018,Jacket,Fashion,Pune,Online,Credit Card,1,4775.01,0.1,4775.01,4297.51,0,808.52,2025,8,August,Thursday,4775.01,4297.509
2025-08-14,ORD034327,CUST04044,P003,Headphones,Electronics,Jaipur,Store,UPI,4,4902.71,0.05,19610.84,18630.3,0,4137.96,2025,8,August,Thursday,19610.84,18630.298
2025-08-14,ORD045990,CUST02214,P001,Laptop,Electronics,Pune,Online,UPI,2,67952.95,0.0,135905.9,135905.9,0,20736.0,2025,8,August,Thursday,135905.9,135905.9
2025-08-14,ORD020827,CUST01065,P011,Mixer Grinder,Home,Mumbai,Online,Credit Card,1,4786.82,0.1,4786.82,4308.14,0,1007.41,2025,8,August,Thursday,4786.82,4308.138
2025-08-14,ORD031719,CUST03796,P010,Coffee Maker,Home,Ahmedabad,Online,UPI,2,4995.18,0.15,9990.36,8491.81,0,2015.28,2025,8,August,Thursday,9990.36,8491.806
2025-08-14,ORD000776,CUST00746,P010,Coffee Maker,Home,Kolkata,Store,UPI,1,5100.01,0.05,5100.01,4845.01,0,398.13,2025,8,August,Thursday,5100.01,4845.0095
2025-08-14,ORD041905,CUST01521,P014,Keyboard,Electronics,Jaipur,Online,Credit Card,3,2383.99,0.0,7151.97,7151.97,0,814.33,2025,8,August,Thursday,7151.969999999999,7151.97
2025-08-14,ORD010212,CUST02948,P009,T-Shirt,Fashion,Bengaluru,Online,UPI,1,1142.33,0.0,1142.33,1142.33,0,139.02,2025,8,August,Thursday,1142.33,1142.33
2025-08-14,ORD004509,CUST04741,P001,Laptop,Electronics,Mumbai,Store,UPI,3,68501.83,0.0,205505.49,205505.49,0,37614.05,2025,8,August,Thursday,205505.49,205505.49
2025-08-14,ORD028483,CUST03185,P007,Backpack,Accessories,Pune,Online,UPI,1,2158.69,0.0,2158.69,2158.69,0,283.86,2025,8,August,Thursday,2158.69,2158.69
2025-08-14,ORD011747,CUST03177,P018,Jacket,Fashion,Kolkata,Online,Credit Card,1,4777.13,0.05,4777.13,4538.27,0,374.82,2025,8,August,Thursday,4777.13,4538.2735
2025-08-14,ORD048421,CUST03058,P018,Jacket,Fashion,Surat,Online,UPI,1,5409.13,0.15,5409.13,4597.76,0,509.62,2025,8,August,Thursday,5409.13,4597.7605
2025-08-14,ORD046334,CUST00911,P020,Microwave,Home,Hyderabad,Online,Debit Card,5,12059.83,0.05,60299.15,57284.19,0,6137.95,2025,8,August,Thursday,60299.15,57284.1925
2025-08-14,ORD048327,CUST02324,P013,Monitor,Electronics,Hyderabad,Online,Net Banking,2,16574.88,0.05,33149.76,31492.27,0,4599.09,2025,8,August,Thursday,33149.76,31492.272
2025-08-14,ORD024554,CUST00187,P016,Sofa,Furniture,Bengaluru,Online,Credit Card,2,31641.49,0.1,63282.98,56954.68,0,10879.51,2025,8,August,Thursday,63282.98,56954.682
2025-08-14,ORD024205,CUST01358,P009,T-Shirt,Fashion,Kolkata,Online,Debit Card,2,1166.77,0.15,2333.54,1983.51,0,472.39,2025,8,August,Thursday,2333.54,1983.509
2025-08-14,ORD026667,CUST03255,P008,Running Shoes,Fashion,Pune,Online,UPI,1,4310.93,0.0,4310.93,4310.93,0,411.84,2025,8,August,Thursday,4310.93,4310.93
2025-08-14,ORD023298,CUST04997,P010,Coffee Maker,Home,Hyderabad,Online,UPI,2,5069.5,0.25,10139.0,7604.25,0,622.24,2025,8,August,Thursday,10139.0,7604.25
2025-08-14,ORD033246,CUST02185,P015,Dining Table,Furniture,Jaipur,Online,Credit Card,1,21453.25,0.0,21453.25,21453.25,0,3706.45,2025,8,August,Thursday,21453.25,21453.25
2025-08-14,ORD007057,CUST01891,P005,Office Chair,Furniture,Delhi,Online,UPI,1,9554.6,0.2,9554.6,7643.68,0,1803.63,2025,8,August,Thursday,9554.6,7643.68
2025-08-14,ORD026176,CUST03276,P020,Microwave,Home,Mumbai,Store,Debit Card,2,12081.57,0.1,24163.14,21746.83,0,4356.47,2025,8,August,Thursday,24163.14,21746.826
2025-08-14,ORD027904,CUST00629,P018,Jacket,Fashion,Ahmedabad,Store,Credit Card,1,5115.72,0.1,5115.72,4604.15,0,948.0,2025,8,August,Thursday,5115.72,4604.148
2025-08-14,ORD043871,CUST04864,P016,Sofa,Furniture,Ahmedabad,Online,UPI,3,33325.29,0.05,99975.87,94977.08,0,14640.55,2025,8,August,Thursday,99975.87,94977.0765
2025-08-14,ORD018288,CUST03362,P020,Microwave,Home,Surat,Online,UPI,1,10197.96,0.05,10197.96,9688.06,0,1037.3,2025,8,August,Thursday,10197.96,9688.061999999998
2025-08-14,ORD036848,CUST03329,P016,Sofa,Furniture,Surat,Online,UPI,2,37625.38,0.25,75250.76,56438.07,0,9998.77,2025,8,August,Thursday,75250.76,56438.06999999999
2025-08-14,ORD033431,CUST01639,P007,Backpack,Accessories,Delhi,Store,UPI,1,2170.4,0.05,2170.4,2061.88,0,359.35,2025,8,August,Thursday,2170.4,2061.88
2025-08-14,ORD014871,CUST02125,P002,Smartphone,Electronics,Delhi,Online,Credit Card,1,27785.18,0.05,27785.18,26395.92,0,6909.63,2025,8,August,Thursday,27785.18,26395.921
2025-08-14,ORD041072,CUST03972,P014,Keyboard,Electronics,Mumbai,Store,Credit Card,2,2432.82,0.15,4865.64,4135.79,0,1062.61,2025,8,August,Thursday,4865.64,4135.794
2025-08-14,ORD005426,CUST04158,P013,Monitor,Electronics,Chennai,Online,Credit Card,4,19593.76,0.1,78375.04,70537.54,0,7116.08,2025,8,August,Thursday,78375.04,70537.536
2025-08-14,ORD045621,CUST03344,P015,Dining Table,Furniture,Chennai,Online,Credit Card,1,21990.86,0.05,21990.86,20891.32,0,5614.45,2025,8,August,Thursday,21990.86,20891.317
2025-08-14,ORD049225,CUST00896,P010,Coffee Maker,Home,Jaipur,Online,Credit Card,1,5094.71,0.0,5094.71,5094.71,0,1096.59,2025,8,August,Thursday,5094.71,5094.71
2025-08-14,ORD018803,CUST00497,P002,Smartphone,Electronics,Mumbai,Online,Credit Card,2,29934.24,0.1,59868.48,53881.63,0,8304.22,2025,8,August,Thursday,59868.48,53881.632000000005
2025-08-14,ORD035634,CUST00285,P013,Monitor,Electronics,Ahmedabad,Online,Net Banking,1,17098.16,0.05,17098.16,16243.25,0,2791.79,2025,8,August,Thursday,17098.16,16243.251999999999
2025-08-14,ORD032967,CUST02513,P016,Sofa,Furniture,Hyderabad,Online,UPI,3,33211.61,0.15,99634.83,84689.61,0,11888.04,2025,8,August,Thursday,99634.83,84689.6055
2025-08-14,ORD043810,CUST03058,P008,Running Shoes,Fashion,Mumbai,Online,Credit Card,2,4115.62,0.2,8231.24,6584.99,0,1019.03,2025,8,August,Thursday,8231.24,6584.992
2025-08-14,ORD003923,CUST04902,P006,Desk,Furniture,Bengaluru,Online,Debit Card,3,11876.16,0.1,35628.48,32065.63,0,1978.19,2025,8,August,Thursday,35628.479999999996,32065.632000000005
2025-08-14,ORD008575,CUST02548,P008,Running Shoes,Fashion,Surat,Store,Credit Card,2,3814.5,0.2,7629.0,6103.2,0,528.47,2025,8,August,Thursday,7629.0,6103.200000000001
2025-08-14,ORD030231,CUST04516,P002,Smartphone,Electronics,Kolkata,Online,UPI,1,27483.21,0.2,27483.21,21986.57,0,1149.03,2025,8,August,Thursday,27483.21,21986.568
2025-08-14,ORD028796,CUST02495,P019,Vacuum Cleaner,Home,Mumbai,Online,UPI,1,8222.35,0.25,8222.35,6166.76,0,1434.16,2025,8,August,Thursday,8222.35,6166.762500000001
2025-08-14,ORD020461,CUST03746,P009,T-Shirt,Fashion,Chennai,Online,Credit Card,1,1163.54,0.1,1163.54,1047.19,0,123.26,2025,8,August,Thursday,1163.54,1047.186
2025-08-14,ORD030909,CUST02686,P014,Keyboard,Electronics,Ahmedabad,Online,Credit Card,1,2621.74,0.1,2621.74,2359.57,0,636.56,2025,8,August,Thursday,2621.74,2359.566
2025-08-14,ORD015792,CUST02115,P011,Mixer Grinder,Home,Kolkata,Store,Debit Card,1,4347.17,0.0,4347.17,4347.17,0,595.64,2025,8,August,Thursday,4347.17,4347.17
2025-08-14,ORD006168,CUST03205,P009,T-Shirt,Fashion,Delhi,Online,Debit Card,1,1302.06,0.1,1302.06,1171.85,0,232.91,2025,8,August,Thursday,1302.06,1171.854
2025-08-14,ORD049248,CUST04037,P018,Jacket,Fashion,Delhi,Store,Net Banking,2,4706.74,0.15,9413.48,8001.46,0,1702.79,2025,8,August,Thursday,9413.48,8001.458
2025-08-14,ORD024048,CUST01270,P015,Dining Table,Furniture,Chennai,Online,Net Banking,1,22657.35,0.1,22657.35,20391.61,0,3422.0,2025,8,August,Thursday,22657.35,20391.614999999998
2025-08-14,ORD041377,CUST02136,P010,Coffee Maker,Home,Chennai,Online,Credit Card,1,4962.02,0.25,4962.02,3721.52,1,-186.08,2025,8,August,Thursday,4962.02,3721.5150000000003
2025-08-14,ORD039952,CUST01451,P018,Jacket,Fashion,Bengaluru,Online,UPI,1,5142.87,0.1,5142.87,4628.58,0,842.23,2025,8,August,Thursday,5142.87,4628.583
2025-08-14,ORD005383,CUST01138,P015,Dining Table,Furniture,Ahmedabad,Store,Credit Card,3,20467.61,0.25,61402.83,46052.12,0,8819.62,2025,8,August,Thursday,61402.83,46052.1225
2025-08-14,ORD032365,CUST02437,P007,Backpack,Accessories,Delhi,Store,UPI,1,2364.17,0.2,2364.17,1891.34,0,218.19,2025,8,August,Thursday,2364.17,1891.3360000000002
2025-08-14,ORD006741,CUST04846,P016,Sofa,Furniture,Chennai,Store,UPI,1,34290.81,0.05,34290.81,32576.27,0,5585.62,2025,8,August,Thursday,34290.81,32576.269499999995
2025-08-14,ORD007973,CUST02018,P008,Running Shoes,Fashion,Hyderabad,Online,Debit Card,1,3808.08,0.2,3808.08,3046.46,0,533.46,2025,8,August,Thursday,3808.08,3046.464
2025-08-14,ORD032258,CUST03335,P010,Coffee Maker,Home,Hyderabad,Online,Credit Card,1,5073.63,0.05,5073.63,4819.95,0,1291.78,2025,8,August,Thursday,5073.63,4819.9484999999995
2025-08-14,ORD044290,CUST00141,P007,Backpack,Accessories,Kolkata,Online,Net Banking,1,2067.99,0.0,2067.99,2067.99,0,350.59,2025,8,August,Thursday,2067.99,2067.99
2025-08-14,ORD036116,CUST00901,P008,Running Shoes,Fashion,Hyderabad,Store,Debit Card,1,4220.47,0.25,4220.47,3165.35,0,776.37,2025,8,August,Thursday,4220.47,3165.3525
2025-08-14,ORD036215,CUST03029,P007,Backpack,Accessories,Hyderabad,Store,UPI,1,2358.73,0.1,2358.73,2122.86,0,305.37,2025,8,August,Thursday,2358.73,2122.857
2025-08-14,ORD036041,CUST01390,P009,T-Shirt,Fashion,Surat,Online,Net Banking,1,1292.37,0.1,1292.37,1163.13,0,247.44,2025,8,August,Thursday,1292.37,1163.133
2025-08-14,ORD005246,CUST02745,P002,Smartphone,Electronics,Delhi,Store,UPI,1,26488.19,0.05,26488.19,25163.78,0,2710.18,2025,8,August,Thursday,26488.19,25163.780499999997
2025-08-14,ORD020146,CUST03098,P009,T-Shirt,Fashion,Chennai,Store,Debit Card,1,1247.42,0.0,1247.42,1247.42,0,184.15,2025,8,August,Thursday,1247.42,1247.42
2025-08-14,ORD044628,CUST02294,P017,Jeans,Fashion,Kolkata,Online,Credit Card,1,2683.62,0.15,2683.62,2281.08,0,597.98,2025,8,August,Thursday,2683.62,2281.0769999999998
2025-08-14,ORD037743,CUST00636,P019,Vacuum Cleaner,Home,Pune,Store,Debit Card,2,9797.23,0.1,19594.46,17635.01,0,3657.41,2025,8,August,Thursday,19594.46,17635.014
2025-08-14,ORD013267,CUST02522,P001,Laptop,Electronics,Mumbai,Online,UPI,1,63889.07,0.1,63889.07,57500.16,0,12104.14,2025,8,August,Thursday,63889.07,57500.163
2025-08-14,ORD017160,CUST00752,P017,Jeans,Fashion,Chennai,Online,Cash,1,2710.25,0.25,2710.25,2032.69,0,411.19,2025,8,August,Thursday,2710.25,2032.6875
2025-08-14,ORD039498,CUST00024,P004,Smartwatch,Electronics,Delhi,Online,Net Banking,5,6933.18,0.15,34665.9,29466.02,0,1899.13,2025,8,August,Thursday,34665.9,29466.015
2025-08-14,ORD011561,CUST00854,P018,Jacket,Fashion,Ahmedabad,Online,UPI,1,4952.89,0.1,4952.89,4457.6,0,993.4,2025,8,August,Thursday,4952.89,4457.601000000001
2025-08-14,ORD037833,CUST02219,P005,Office Chair,Furniture,Hyderabad,Online,Cash,1,10354.04,0.05,10354.04,9836.34,0,703.92,2025,8,August,Thursday,10354.04,9836.338
2025-08-14,ORD008549,CUST02589,P006,Desk,Furniture,Kolkata,Store,Cash,1,11334.3,0.1,11334.3,10200.87,0,2519.02,2025,8,August,Thursday,11334.3,10200.869999999999
2025-08-14,ORD004423,CUST00693,P004,Smartwatch,Electronics,Ahmedabad,Store,Net Banking,1,6542.38,0.2,6542.38,5233.9,0,682.94,2025,8,August,Thursday,6542.38,5233.904
2025-08-14,ORD017115,CUST02511,P003,Headphones,Electronics,Hyderabad,Store,UPI,2,4841.02,0.25,9682.04,7261.53,0,290.46,2025,8,August,Thursday,9682.04,7261.530000000001
2025-08-14,ORD012018,CUST03364,P012,Air Fryer,Home,Hyderabad,Online,Credit Card,2,6642.82,0.1,13285.64,11957.08,0,1472.09,2025,8,August,Thursday,13285.64,11957.076
2025-08-14,ORD002454,CUST00750,P019,Vacuum Cleaner,Home,Hyderabad,Online,UPI,2,9035.29,0.0,18070.58,18070.58,0,4397.46,2025,8,August,Thursday,18070.58,18070.58
2025-08-14,ORD008044,CUST01497,P017,Jeans,Fashion,Surat,Online,UPI,1,2945.35,0.1,2945.35,2650.82,0,544.25,2025,8,August,Thursday,2945.35,2650.815
2025-08-14,ORD021695,CUST01526,P015,Dining Table,Furniture,Delhi,Online,Net Banking,2,20706.52,0.1,41413.04,37271.74,0,3719.25,2025,8,August,Thursday,41413.04,37271.736000000004
2025-08-14,ORD017207,CUST03082,P001,Laptop,Electronics,Pune,Online,Credit Card,1,68369.3,0.15,68369.3,58113.9,0,11868.09,2025,8,August,Thursday,68369.3,58113.905
2025-08-14,ORD000601,CUST01031,P010,Coffee Maker,Home,Mumbai,Online,Credit Card,2,5806.27,0.0,11612.54,11612.54,0,2071.88,2025,8,August,Thursday,11612.54,11612.54
2025-08-14,ORD007666,CUST03585,P015,Dining Table,Furniture,Pune,Store,Debit Card,1,23453.34,0.15,23453.34,19935.34,0,3785.62,2025,8,August,Thursday,23453.34,19935.339
2025-08-14,ORD044335,CUST04179,P009,T-Shirt,Fashion,Chennai,Online,UPI,1,1270.42,0.15,1270.42,1079.86,0,144.89,2025,8,August,Thursday,1270.42,1079.857
2025-08-14,ORD030973,CUST04008,P010,Coffee Maker,Home,Bengaluru,Online,UPI,1,5294.92,0.1,5294.92,4765.43,0,1106.3,2025,8,August,Thursday,5294.92,4765.428
2025-08-14,ORD043182,CUST01473,P009,T-Shirt,Fashion,Pune,Online,UPI,3,1288.79,0.15,3866.37,3286.41,0,836.37,2025,8,August,Thursday,3866.37,3286.4145
2025-08-15,ORD032475,CUST01567,P014,Keyboard,Electronics,Mumbai,Online,Debit Card,1,2523.64,0.05,2523.64,2397.46,0,519.63,2025,8,August,Friday,2523.64,2397.4579999999996
2025-08-15,ORD008097,CUST02721,P002,Smartphone,Electronics,Chennai,Online,Credit Card,2,26754.25,0.1,53508.5,48157.65,0,11442.16,2025,8,August,Friday,53508.5,48157.65
2025-08-15,ORD010884,CUST00459,P005,Office Chair,Furniture,Jaipur,Online,Cash,1,9369.3,0.1,9369.3,8432.37,0,1351.58,2025,8,August,Friday,9369.3,8432.369999999999
2025-08-15,ORD004606,CUST02153,P015,Dining Table,Furniture,Surat,Store,Credit Card,1,22133.09,0.15,22133.09,18813.13,0,4901.83,2025,8,August,Friday,22133.09,18813.1265
2025-08-15,ORD030371,CUST01166,P001,Laptop,Electronics,Pune,Store,UPI,1,61551.64,0.0,61551.64,61551.64,0,5951.62,2025,8,August,Friday,61551.64,61551.64
2025-08-15,ORD024062,CUST00783,P018,Jacket,Fashion,Delhi,Store,UPI,1,5692.33,0.1,5692.33,5123.1,1,-256.16,2025,8,August,Friday,5692.33,5123.097
2025-08-15,ORD043234,CUST03009,P020,Microwave,Home,Surat,Store,Credit Card,1,11910.95,0.2,11910.95,9528.76,0,1007.62,2025,8,August,Friday,11910.95,9528.76
2025-08-15,ORD013727,CUST01978,P004,Smartwatch,Electronics,Mumbai,Store,Debit Card,1,6336.06,0.25,6336.06,4752.04,0,1031.11,2025,8,August,Friday,6336.06,4752.045
2025-08-15,ORD039577,CUST00432,P003,Headphones,Electronics,Mumbai,Online,Net Banking,4,4131.52,0.1,16526.08,14873.47,0,2912.19,2025,8,August,Friday,16526.08,14873.472000000002
2025-08-15,ORD043722,CUST04041,P003,Headphones,Electronics,Delhi,Store,Credit Card,1,4615.54,0.05,4615.54,4384.76,0,690.23,2025,8,August,Friday,4615.54,4384.763
2025-08-15,ORD031923,CUST01425,P018,Jacket,Fashion,Bengaluru,Online,UPI,1,5703.48,0.1,5703.48,5133.13,0,1272.65,2025,8,August,Friday,5703.48,5133.132
2025-08-15,ORD032729,CUST02316,P007,Backpack,Accessories,Chennai,Store,Cash,1,2328.14,0.05,2328.14,2211.73,0,392.58,2025,8,August,Friday,2328.14,2211.7329999999997
2025-08-15,ORD002483,CUST00498,P001,Laptop,Electronics,Chennai,Online,Cash,2,59984.39,0.05,119968.78,113970.34,0,28640.66,2025,8,August,Friday,119968.78,113970.341
2025-08-15,ORD027592,CUST02813,P020,Microwave,Home,Mumbai,Online,UPI,2,10228.61,0.05,20457.22,19434.36,0,3669.6,2025,8,August,Friday,20457.22,19434.359
2025-08-15,ORD002061,CUST00449,P019,Vacuum Cleaner,Home,Hyderabad,Store,Cash,1,9309.0,0.15,9309.0,7912.65,0,1993.75,2025,8,August,Friday,9309.0,7912.65
2025-08-15,ORD029050,CUST02378,P015,Dining Table,Furniture,Jaipur,Online,Debit Card,1,22449.11,0.1,22449.11,20204.2,0,5148.67,2025,8,August,Friday,22449.11,20204.199
2025-08-15,ORD033096,CUST03780,P020,Microwave,Home,Ahmedabad,Store,Credit Card,1,11908.18,0.25,11908.18,8931.14,0,1692.26,2025,8,August,Friday,11908.18,8931.135
2025-08-15,ORD009715,CUST00445,P009,T-Shirt,Fashion,Hyderabad,Store,UPI,2,1287.23,0.05,2574.46,2445.74,0,622.08,2025,8,August,Friday,2574.46,2445.737
2025-08-15,ORD012393,CUST04046,P010,Coffee Maker,Home,Chennai,Store,Net Banking,1,5076.69,0.0,5076.69,5076.69,0,715.3,2025,8,August,Friday,5076.69,5076.69
2025-08-15,ORD011893,CUST00863,P016,Sofa,Furniture,Kolkata,Online,Credit Card,2,34790.1,0.05,69580.2,66101.19,0,16498.69,2025,8,August,Friday,69580.2,66101.18999999999
2025-08-15,ORD019615,CUST04803,P001,Laptop,Electronics,Delhi,Online,UPI,4,69914.26,0.0,279657.04,279657.04,0,71735.96,2025,8,August,Friday,279657.04,279657.04
2025-08-15,ORD003302,CUST00766,P001,Laptop,Electronics,Ahmedabad,Online,Net Banking,3,58724.71,0.1,176174.13,158556.72,0,21685.64,2025,8,August,Friday,176174.13,158556.717
2025-08-15,ORD048971,CUST03214,P016,Sofa,Furniture,Delhi,Online,Credit Card,5,35503.08,0.15,177515.4,150888.09,0,30910.1,2025,8,August,Friday,177515.40000000002,150888.09
2025-08-15,ORD022676,CUST00530,P006,Desk,Furniture,Mumbai,Store,Net Banking,2,11886.78,0.2,23773.56,19018.85,0,3004.97,2025,8,August,Friday,23773.56,19018.848
2025-08-15,ORD032900,CUST00641,P012,Air Fryer,Home,Bengaluru,Online,Credit Card,1,7858.05,0.0,7858.05,7858.05,0,1162.22,2025,8,August,Friday,7858.05,7858.05
2025-08-15,ORD048643,CUST04459,P015,Dining Table,Furniture,Mumbai,Store,Credit Card,1,21528.51,0.05,21528.51,20452.08,0,4242.09,2025,8,August,Friday,21528.51,20452.084499999997
2025-08-15,ORD044710,CUST04649,P018,Jacket,Fashion,Mumbai,Store,Debit Card,1,5440.71,0.05,5440.71,5168.67,1,-258.43,2025,8,August,Friday,5440.71,5168.6745
2025-08-15,ORD042739,CUST03317,P005,Office Chair,Furniture,Surat,Online,Credit Card,1,10202.98,0.1,10202.98,9182.68,0,686.57,2025,8,August,Friday,10202.98,9182.682
2025-08-15,ORD043474,CUST01049,P015,Dining Table,Furniture,Pune,Store,Credit Card,1,20316.01,0.1,20316.01,18284.41,0,2264.4,2025,8,August,Friday,20316.01,18284.409
2025-08-15,ORD004097,CUST01389,P005,Office Chair,Furniture,Ahmedabad,Store,UPI,1,10298.23,0.1,10298.23,9268.41,0,1171.74,2025,8,August,Friday,10298.23,9268.407
2025-08-15,ORD042616,CUST03274,P016,Sofa,Furniture,Kolkata,Store,UPI,1,32391.87,0.2,32391.87,25913.5,0,3153.9,2025,8,August,Friday,32391.87,25913.496
2025-08-15,ORD028319,CUST03072,P003,Headphones,Electronics,Bengaluru,Online,Credit Card,1,4513.55,0.1,4513.55,4062.2,0,882.99,2025,8,August,Friday,4513.55,4062.195
2025-08-15,ORD011327,CUST00429,P017,Jeans,Fashion,Delhi,Store,UPI,1,3015.53,0.2,3015.53,2412.42,0,234.86,2025,8,August,Friday,3015.53,2412.4240000000004
2025-08-15,ORD029233,CUST02498,P012,Air Fryer,Home,Jaipur,Online,Debit Card,2,7764.36,0.2,15528.72,12422.98,0,1130.39,2025,8,August,Friday,15528.72,12422.976
2025-08-15,ORD007833,CUST00106,P002,Smartphone,Electronics,Pune,Online,UPI,1,26964.62,0.05,26964.62,25616.39,0,2986.57,2025,8,August,Friday,26964.62,25616.389
2025-08-15,ORD009486,CUST04850,P005,Office Chair,Furniture,Bengaluru,Online,Debit Card,1,9423.39,0.15,9423.39,8009.88,0,835.34,2025,8,August,Friday,9423.39,8009.8814999999995
2025-08-15,ORD006172,CUST01180,P007,Backpack,Accessories,Delhi,Store,Net Banking,1,2412.29,0.0,2412.29,2412.29,0,449.51,2025,8,August,Friday,2412.29,2412.29
2025-08-15,ORD019582,CUST03393,P012,Air Fryer,Home,Mumbai,Online,UPI,4,7213.56,0.15,28854.24,24526.1,0,3472.62,2025,8,August,Friday,28854.24,24526.104
2025-08-15,ORD039500,CUST03640,P011,Mixer Grinder,Home,Kolkata,Online,Credit Card,1,4745.91,0.0,4745.91,4745.91,0,976.13,2025,8,August,Friday,4745.91,4745.91
2025-08-15,ORD016558,CUST03174,P015,Dining Table,Furniture,Hyderabad,Store,Cash,1,20037.02,0.2,20037.02,16029.62,0,3487.44,2025,8,August,Friday,20037.02,16029.616000000002
2025-08-15,ORD038148,CUST02763,P006,Desk,Furniture,Pune,Online,UPI,2,13106.61,0.1,26213.22,23591.9,0,3426.11,2025,8,August,Friday,26213.22,23591.898
2025-08-15,ORD021742,CUST04327,P016,Sofa,Furniture,Delhi,Online,Credit Card,2,32450.74,0.1,64901.48,58411.33,0,7234.51,2025,8,August,Friday,64901.48,58411.332
2025-08-15,ORD027393,CUST01278,P014,Keyboard,Electronics,Mumbai,Store,UPI,1,2669.28,0.0,2669.28,2669.28,0,544.86,2025,8,August,Friday,2669.28,2669.28
2025-08-15,ORD032436,CUST00629,P006,Desk,Furniture,Mumbai,Online,Credit Card,1,12836.98,0.1,12836.98,11553.28,0,1267.77,2025,8,August,Friday,12836.98,11553.282
2025-08-15,ORD018827,CUST04587,P009,T-Shirt,Fashion,Ahmedabad,Online,Debit Card,2,1264.32,0.05,2528.64,2402.21,0,664.29,2025,8,August,Friday,2528.64,2402.2079999999996
2025-08-15,ORD006431,CUST04952,P017,Jeans,Fashion,Surat,Store,UPI,1,2816.84,0.05,2816.84,2676.0,0,690.1,2025,8,August,Friday,2816.84,2675.998
2025-08-15,ORD026523,CUST04185,P009,T-Shirt,Fashion,Bengaluru,Online,Credit Card,1,1111.72,0.05,1111.72,1056.13,0,200.58,2025,8,August,Friday,1111.72,1056.134
2025-08-15,ORD011058,CUST02020,P013,Monitor,Electronics,Bengaluru,Store,UPI,3,18079.24,0.0,54237.72,54237.72,0,6510.72,2025,8,August,Friday,54237.72,54237.72
2025-08-15,ORD042048,CUST02942,P012,Air Fryer,Home,Kolkata,Online,Credit Card,4,7130.57,0.25,28522.28,21391.71,0,5240.8,2025,8,August,Friday,28522.28,21391.71
2025-08-15,ORD001887,CUST04908,P019,Vacuum Cleaner,Home,Ahmedabad,Online,UPI,1,8583.0,0.1,8583.0,7724.7,0,1403.67,2025,8,August,Friday,8583.0,7724.7
2025-08-15,ORD032183,CUST04168,P007,Backpack,Accessories,Hyderabad,Store,UPI,1,2027.62,0.05,2027.62,1926.24,0,253.57,2025,8,August,Friday,2027.62,1926.2389999999998
2025-08-15,ORD014542,CUST04730,P002,Smartphone,Electronics,Kolkata,Online,UPI,1,29703.2,0.1,29703.2,26732.88,0,6763.92,2025,8,August,Friday,29703.2,26732.88
2025-08-15,ORD024583,CUST03093,P013,Monitor,Electronics,Ahmedabad,Online,Credit Card,1,17300.87,0.0,17300.87,17300.87,1,-865.04,2025,8,August,Friday,17300.87,17300.87
2025-08-15,ORD038531,CUST03128,P020,Microwave,Home,Delhi,Online,Credit Card,1,10244.83,0.05,10244.83,9732.59,1,-486.63,2025,8,August,Friday,10244.83,9732.5885
2025-08-15,ORD025348,CUST02672,P010,Coffee Maker,Home,Chennai,Online,Credit Card,1,5490.03,0.1,5490.03,4941.03,0,962.36,2025,8,August,Friday,5490.03,4941.027
2025-08-15,ORD049788,CUST00310,P001,Laptop,Electronics,Kolkata,Online,Credit Card,1,65620.31,0.05,65620.31,62339.29,0,15777.19,2025,8,August,Friday,65620.31,62339.294499999996
2025-08-15,ORD041313,CUST02559,P009,T-Shirt,Fashion,Pune,Store,Net Banking,1,1177.23,0.1,1177.23,1059.51,0,167.43,2025,8,August,Friday,1177.23,1059.507
2025-08-15,ORD004143,CUST03037,P020,Microwave,Home,Delhi,Store,UPI,3,10384.62,0.1,31153.86,28038.47,0,6462.82,2025,8,August,Friday,31153.86,28038.474000000002
2025-08-15,ORD049777,CUST04752,P010,Coffee Maker,Home,Hyderabad,Store,Credit Card,2,5331.17,0.25,10662.34,7996.76,1,-399.84,2025,8,August,Friday,10662.34,7996.755
2025-08-15,ORD010547,CUST00055,P005,Office Chair,Furniture,Mumbai,Online,Debit Card,3,9988.64,0.1,29965.92,26969.33,0,2681.27,2025,8,August,Friday,29965.92,26969.327999999998
2025-08-15,ORD021725,CUST04963,P020,Microwave,Home,Bengaluru,Store,UPI,1,10126.46,0.05,10126.46,9620.14,0,1460.59,2025,8,August,Friday,10126.46,9620.136999999999
2025-08-15,ORD025943,CUST01216,P014,Keyboard,Electronics,Hyderabad,Online,Credit Card,3,2648.68,0.1,7946.04,7151.44,0,1675.95,2025,8,August,Friday,7946.039999999999,7151.436
2025-08-15,ORD024901,CUST03904,P009,T-Shirt,Fashion,Jaipur,Online,UPI,1,1311.39,0.05,1311.39,1245.82,0,139.01,2025,8,August,Friday,1311.39,1245.8205
2025-08-15,ORD007483,CUST02783,P018,Jacket,Fashion,Mumbai,Store,Cash,1,5256.88,0.1,5256.88,4731.19,0,1006.84,2025,8,August,Friday,5256.88,4731.192
2025-08-15,ORD013610,CUST00155,P007,Backpack,Accessories,Chennai,Online,UPI,1,2261.31,0.2,2261.31,1809.05,0,144.49,2025,8,August,Friday,2261.31,1809.048
2025-08-15,ORD022338,CUST03812,P011,Mixer Grinder,Home,Chennai,Online,UPI,1,5094.01,0.0,5094.01,5094.01,0,1439.23,2025,8,August,Friday,5094.01,5094.01
2025-08-15,ORD019986,CUST02168,P011,Mixer Grinder,Home,Chennai,Online,UPI,1,4894.83,0.05,4894.83,4650.09,0,1340.75,2025,8,August,Friday,4894.83,4650.0885
2025-08-15,ORD037657,CUST01049,P005,Office Chair,Furniture,Hyderabad,Store,Credit Card,1,8667.42,0.1,8667.42,7800.68,0,2106.28,2025,8,August,Friday,8667.42,7800.678
2025-08-15,ORD026096,CUST02314,P008,Running Shoes,Fashion,Hyderabad,Online,Debit Card,1,4078.57,0.05,4078.57,3874.64,0,1040.52,2025,8,August,Friday,4078.57,3874.6415
2025-08-15,ORD035940,CUST02196,P020,Microwave,Home,Mumbai,Online,UPI,2,11949.42,0.1,23898.84,21508.96,0,1659.57,2025,8,August,Friday,23898.84,21508.956000000002
2025-08-15,ORD013371,CUST00409,P003,Headphones,Electronics,Mumbai,Online,UPI,1,4894.17,0.15,4894.17,4160.04,0,944.0,2025,8,August,Friday,4894.17,4160.0445
2025-08-15,ORD047497,CUST00179,P005,Office Chair,Furniture,Kolkata,Online,Net Banking,1,10119.18,0.0,10119.18,10119.18,0,2805.69,2025,8,August,Friday,10119.18,10119.18
2025-08-15,ORD005547,CUST02868,P011,Mixer Grinder,Home,Pune,Online,Debit Card,1,4992.44,0.2,4992.44,3993.95,0,236.23,2025,8,August,Friday,4992.44,3993.9519999999998
2025-08-15,ORD024892,CUST00679,P010,Coffee Maker,Home,Kolkata,Store,UPI,1,5662.25,0.25,5662.25,4246.69,1,-212.33,2025,8,August,Friday,5662.25,4246.6875
2025-08-15,ORD028185,CUST00327,P004,Smartwatch,Electronics,Jaipur,Online,Net Banking,1,7227.7,0.0,7227.7,7227.7,0,1855.17,2025,8,August,Friday,7227.7,7227.7
2025-08-15,ORD000645,CUST02988,P002,Smartphone,Electronics,Mumbai,Online,UPI,1,29638.22,0.05,29638.22,28156.31,0,2383.86,2025,8,August,Friday,29638.22,28156.309
2025-08-15,ORD009012,CUST04190,P006,Desk,Furniture,Pune,Online,Cash,5,12993.59,0.1,64967.95,58471.16,0,8623.41,2025,8,August,Friday,64967.95,58471.155
2025-08-15,ORD041873,CUST03603,P004,Smartwatch,Electronics,Jaipur,Online,Credit Card,1,6515.13,0.25,6515.13,4886.35,0,274.67,2025,8,August,Friday,6515.13,4886.3475
2025-08-16,ORD048951,CUST02621,P005,Office Chair,Furniture,Surat,Online,Credit Card,1,8929.89,0.1,8929.89,8036.9,0,971.13,2025,8,August,Saturday,8929.89,8036.901
2025-08-16,ORD007352,CUST03445,P015,Dining Table,Furniture,Delhi,Online,Cash,4,24025.53,0.1,96102.12,86491.91,0,8816.95,2025,8,August,Saturday,96102.12,86491.908
2025-08-16,ORD037668,CUST01105,P014,Keyboard,Electronics,Hyderabad,Online,Credit Card,2,2270.93,0.05,4541.86,4314.77,0,891.07,2025,8,August,Saturday,4541.86,4314.767
2025-08-16,ORD008880,CUST02513,P010,Coffee Maker,Home,Hyderabad,Online,Net Banking,3,5872.77,0.05,17618.31,16737.39,0,2399.2,2025,8,August,Saturday,17618.31,16737.394500000002
2025-08-16,ORD004290,CUST03074,P011,Mixer Grinder,Home,Surat,Online,UPI,1,5133.94,0.1,5133.94,4620.55,0,286.46,2025,8,August,Saturday,5133.94,4620.545999999999
2025-08-16,ORD003935,CUST05000,P002,Smartphone,Electronics,Hyderabad,Online,UPI,1,25801.16,0.1,25801.16,23221.04,0,5132.4,2025,8,August,Saturday,25801.16,23221.044
2025-08-16,ORD032660,CUST02466,P001,Laptop,Electronics,Kolkata,Online,Credit Card,1,58777.91,0.2,58777.91,47022.33,0,10404.17,2025,8,August,Saturday,58777.91,47022.32800000001
2025-08-16,ORD006117,CUST00397,P020,Microwave,Home,Bengaluru,Online,UPI,3,11438.08,0.1,34314.24,30882.82,0,4111.19,2025,8,August,Saturday,34314.24,30882.816
2025-08-16,ORD009298,CUST03035,P017,Jeans,Fashion,Delhi,Online,UPI,1,2713.21,0.1,2713.21,2441.89,1,-122.09,2025,8,August,Saturday,2713.21,2441.889
2025-08-16,ORD005340,CUST02610,P015,Dining Table,Furniture,Jaipur,Store,Credit Card,5,23093.12,0.05,115465.6,109692.32,0,28086.03,2025,8,August,Saturday,115465.59999999999,109692.32
2025-08-16,ORD027693,CUST03114,P002,Smartphone,Electronics,Hyderabad,Online,UPI,2,28050.1,0.1,56100.2,50490.18,0,6453.23,2025,8,August,Saturday,56100.2,50490.18
2025-08-16,ORD033316,CUST00294,P009,T-Shirt,Fashion,Kolkata,Online,Debit Card,1,1124.85,0.1,1124.85,1012.36,0,174.22,2025,8,August,Saturday,1124.85,1012.3649999999999
2025-08-16,ORD044909,CUST01776,P001,Laptop,Electronics,Surat,Store,UPI,1,63482.48,0.05,63482.48,60308.36,0,5939.09,2025,8,August,Saturday,63482.48,60308.356
2025-08-16,ORD041474,CUST02782,P016,Sofa,Furniture,Hyderabad,Online,Credit Card,1,34392.55,0.0,34392.55,34392.55,0,7938.98,2025,8,August,Saturday,34392.55,34392.55
2025-08-16,ORD040713,CUST01449,P005,Office Chair,Furniture,Pune,Store,Debit Card,1,9877.41,0.1,9877.41,8889.67,0,1639.68,2025,8,August,Saturday,9877.41,8889.669
2025-08-16,ORD022778,CUST02692,P011,Mixer Grinder,Home,Ahmedabad,Store,UPI,1,5088.67,0.15,5088.67,4325.37,0,396.11,2025,8,August,Saturday,5088.67,4325.3695
2025-08-16,ORD016380,CUST03484,P018,Jacket,Fashion,Chennai,Store,Credit Card,1,4962.65,0.0,4962.65,4962.65,0,1487.95,2025,8,August,Saturday,4962.65,4962.65
2025-08-16,ORD005783,CUST00149,P020,Microwave,Home,Chennai,Online,Cash,1,10039.54,0.15,10039.54,8533.61,1,-426.68,2025,8,August,Saturday,10039.54,8533.609
2025-08-16,ORD008649,CUST01198,P017,Jeans,Fashion,Ahmedabad,Online,Net Banking,1,2666.29,0.1,2666.29,2399.66,0,453.48,2025,8,August,Saturday,2666.29,2399.661
2025-08-16,ORD021982,CUST03176,P011,Mixer Grinder,Home,Jaipur,Store,Credit Card,1,4809.91,0.1,4809.91,4328.92,0,1065.08,2025,8,August,Saturday,4809.91,4328.919
2025-08-16,ORD002014,CUST01804,P008,Running Shoes,Fashion,Kolkata,Online,Credit Card,2,4528.53,0.2,9057.06,7245.65,0,937.02,2025,8,August,Saturday,9057.06,7245.648
2025-08-16,ORD038025,CUST02859,P018,Jacket,Fashion,Jaipur,Online,Credit Card,1,5054.55,0.0,5054.55,5054.55,0,1250.56,2025,8,August,Saturday,5054.55,5054.55
2025-08-16,ORD024682,CUST04939,P018,Jacket,Fashion,Mumbai,Store,UPI,1,5399.24,0.2,5399.24,4319.39,0,853.78,2025,8,August,Saturday,5399.24,4319.392
2025-08-16,ORD018119,CUST02959,P015,Dining Table,Furniture,Chennai,Online,Debit Card,5,22662.01,0.15,113310.05,96313.54,0,8631.69,2025,8,August,Saturday,113310.04999999999,96313.5425
2025-08-16,ORD040553,CUST03455,P010,Coffee Maker,Home,Jaipur,Online,Credit Card,3,5605.77,0.05,16817.31,15976.44,0,2119.06,2025,8,August,Saturday,16817.31,15976.4445
2025-08-16,ORD024204,CUST01576,P018,Jacket,Fashion,Mumbai,Store,Credit Card,3,5515.05,0.05,16545.15,15717.89,0,3993.47,2025,8,August,Saturday,16545.15,15717.8925
2025-08-16,ORD000132,CUST01990,P014,Keyboard,Electronics,Bengaluru,Store,UPI,1,2644.85,0.0,2644.85,2644.85,0,501.47,2025,8,August,Saturday,2644.85,2644.85
2025-08-16,ORD047992,CUST00725,P018,Jacket,Fashion,Hyderabad,Online,UPI,2,5070.35,0.05,10140.7,9633.67,1,-481.68,2025,8,August,Saturday,10140.7,9633.665
2025-08-16,ORD022188,CUST00058,P018,Jacket,Fashion,Mumbai,Store,Debit Card,1,5214.54,0.1,5214.54,4693.09,0,967.57,2025,8,August,Saturday,5214.54,4693.086
2025-08-16,ORD013229,CUST02708,P017,Jeans,Fashion,Mumbai,Store,UPI,4,2677.24,0.2,10708.96,8567.17,0,954.7,2025,8,August,Saturday,10708.96,8567.168
2025-08-16,ORD014020,CUST00699,P006,Desk,Furniture,Mumbai,Online,UPI,1,12873.47,0.1,12873.47,11586.12,0,822.69,2025,8,August,Saturday,12873.47,11586.123
2025-08-16,ORD020739,CUST04673,P003,Headphones,Electronics,Ahmedabad,Store,Credit Card,1,4630.11,0.05,4630.11,4398.6,0,533.04,2025,8,August,Saturday,4630.11,4398.6044999999995
2025-08-16,ORD037704,CUST02805,P007,Backpack,Accessories,Jaipur,Store,Debit Card,2,2062.47,0.15,4124.94,3506.2,0,668.41,2025,8,August,Saturday,4124.94,3506.1989999999996
2025-08-16,ORD036256,CUST02867,P018,Jacket,Fashion,Pune,Store,UPI,2,5254.95,0.1,10509.9,9458.91,0,1706.07,2025,8,August,Saturday,10509.9,9458.91
2025-08-16,ORD020103,CUST01538,P005,Office Chair,Furniture,Pune,Online,Credit Card,2,10111.54,0.05,20223.08,19211.93,0,3555.08,2025,8,August,Saturday,20223.08,19211.926
2025-08-16,ORD042322,CUST04339,P017,Jeans,Fashion,Ahmedabad,Online,UPI,1,2594.46,0.0,2594.46,2594.46,1,-129.72,2025,8,August,Saturday,2594.46,2594.46
2025-08-16,ORD012316,CUST04614,P019,Vacuum Cleaner,Home,Surat,Online,UPI,1,9850.88,0.15,9850.88,8373.25,0,1093.75,2025,8,August,Saturday,9850.88,8373.248
2025-08-16,ORD040258,CUST03605,P004,Smartwatch,Electronics,Chennai,Online,Credit Card,2,7041.02,0.0,14082.04,14082.04,0,1729.33,2025,8,August,Saturday,14082.04,14082.04
2025-08-16,ORD007188,CUST04341,P016,Sofa,Furniture,Delhi,Online,UPI,1,32181.88,0.1,32181.88,28963.69,0,3589.19,2025,8,August,Saturday,32181.88,28963.692000000003
2025-08-16,ORD042499,CUST01862,P019,Vacuum Cleaner,Home,Ahmedabad,Store,Net Banking,1,9693.24,0.0,9693.24,9693.24,0,2748.41,2025,8,August,Saturday,9693.24,9693.24
2025-08-16,ORD049517,CUST02658,P018,Jacket,Fashion,Delhi,Store,Debit Card,3,5645.64,0.0,16936.92,16936.92,0,3554.33,2025,8,August,Saturday,16936.920000000002,16936.92
2025-08-16,ORD048828,CUST02212,P018,Jacket,Fashion,Hyderabad,Online,Credit Card,5,4874.12,0.25,24370.6,18277.95,0,731.12,2025,8,August,Saturday,24370.6,18277.949999999997
2025-08-16,ORD026271,CUST01725,P019,Vacuum Cleaner,Home,Chennai,Online,UPI,2,8665.6,0.05,17331.2,16464.64,0,1290.56,2025,8,August,Saturday,17331.2,16464.64
2025-08-16,ORD021186,CUST00031,P019,Vacuum Cleaner,Home,Surat,Online,UPI,1,9455.79,0.2,9455.79,7564.63,0,1633.17,2025,8,August,Saturday,9455.79,7564.632000000001
2025-08-16,ORD034723,CUST01103,P010,Coffee Maker,Home,Kolkata,Store,Cash,5,5649.54,0.05,28247.7,26835.32,0,7639.75,2025,8,August,Saturday,28247.7,26835.315
2025-08-16,ORD046158,CUST04007,P011,Mixer Grinder,Home,Ahmedabad,Store,UPI,2,4957.17,0.0,9914.34,9914.34,0,2575.86,2025,8,August,Saturday,9914.34,9914.34
2025-08-16,ORD035091,CUST03292,P014,Keyboard,Electronics,Pune,Store,Credit Card,1,2483.02,0.1,2483.02,2234.72,0,285.24,2025,8,August,Saturday,2483.02,2234.718
2025-08-16,ORD042017,CUST02599,P012,Air Fryer,Home,Ahmedabad,Online,UPI,3,7823.29,0.15,23469.87,19949.39,0,4697.75,2025,8,August,Saturday,23469.87,19949.389499999997
2025-08-16,ORD006756,CUST00746,P012,Air Fryer,Home,Ahmedabad,Online,UPI,4,6942.92,0.2,27771.68,22217.34,0,4046.27,2025,8,August,Saturday,27771.68,22217.344
2025-08-16,ORD011178,CUST04318,P001,Laptop,Electronics,Kolkata,Store,Net Banking,3,71397.17,0.05,214191.51,203481.93,0,52352.12,2025,8,August,Saturday,214191.51,203481.9345
2025-08-16,ORD046042,CUST04472,P004,Smartwatch,Electronics,Jaipur,Online,Net Banking,1,7044.47,0.2,7044.47,5635.58,0,991.02,2025,8,August,Saturday,7044.47,5635.576000000001
2025-08-16,ORD026254,CUST01048,P020,Microwave,Home,Hyderabad,Store,UPI,2,11900.11,0.1,23800.22,21420.2,0,4032.37,2025,8,August,Saturday,23800.22,21420.198
2025-08-16,ORD038333,CUST03693,P005,Office Chair,Furniture,Delhi,Online,Credit Card,3,10040.81,0.1,30122.43,27110.19,0,7034.65,2025,8,August,Saturday,30122.43,27110.187
2025-08-16,ORD005492,CUST00764,P004,Smartwatch,Electronics,Delhi,Store,Cash,1,6944.86,0.15,6944.86,5903.13,0,1089.11,2025,8,August,Saturday,6944.86,5903.130999999999
2025-08-16,ORD047543,CUST00978,P014,Keyboard,Electronics,Chennai,Store,Cash,1,2728.65,0.1,2728.65,2455.79,0,452.2,2025,8,August,Saturday,2728.65,2455.7850000000003
2025-08-16,ORD029024,CUST01442,P016,Sofa,Furniture,Mumbai,Online,Credit Card,5,33259.91,0.05,166299.55,157984.57,0,31214.43,2025,8,August,Saturday,166299.55000000002,157984.57249999998
2025-08-16,ORD046847,CUST02158,P020,Microwave,Home,Chennai,Online,Credit Card,4,10526.9,0.15,42107.6,35791.46,0,6530.89,2025,8,August,Saturday,42107.6,35791.46
2025-08-16,ORD023779,CUST04669,P004,Smartwatch,Electronics,Jaipur,Online,Cash,1,6766.54,0.15,6766.54,5751.56,0,1076.6,2025,8,August,Saturday,6766.54,5751.559
2025-08-16,ORD026087,CUST04176,P002,Smartphone,Electronics,Kolkata,Store,UPI,1,28296.6,0.05,28296.6,26881.77,0,3836.71,2025,8,August,Saturday,28296.6,26881.769999999997
2025-08-16,ORD038129,CUST00160,P017,Jeans,Fashion,Surat,Store,UPI,1,2792.23,0.1,2792.23,2513.01,0,463.86,2025,8,August,Saturday,2792.23,2513.007
2025-08-17,ORD034195,CUST02686,P005,Office Chair,Furniture,Chennai,Online,UPI,4,9708.93,0.1,38835.72,34952.15,0,5047.26,2025,8,August,Sunday,38835.72,34952.148
2025-08-17,ORD043695,CUST02350,P003,Headphones,Electronics,Chennai,Store,UPI,4,4432.19,0.1,17728.76,15955.88,0,2662.31,2025,8,August,Sunday,17728.76,15955.883999999998
2025-08-17,ORD043688,CUST00372,P016,Sofa,Furniture,Bengaluru,Store,Credit Card,1,32415.44,0.1,32415.44,29173.9,0,6589.2,2025,8,August,Sunday,32415.44,29173.896
2025-08-17,ORD040230,CUST01683,P012,Air Fryer,Home,Bengaluru,Store,Credit Card,3,7681.52,0.05,23044.56,21892.33,0,5125.76,2025,8,August,Sunday,23044.56,21892.332
2025-08-17,ORD020288,CUST01728,P002,Smartphone,Electronics,Jaipur,Store,UPI,2,27029.3,0.0,54058.6,54058.6,0,7268.66,2025,8,August,Sunday,54058.6,54058.6
2025-08-17,ORD030532,CUST03568,P016,Sofa,Furniture,Delhi,Store,Debit Card,1,38194.34,0.0,38194.34,38194.34,0,10613.45,2025,8,August,Sunday,38194.34,38194.34
2025-08-17,ORD016151,CUST00825,P012,Air Fryer,Home,Chennai,Online,Credit Card,1,7116.09,0.15,7116.09,6048.68,0,1186.19,2025,8,August,Sunday,7116.09,6048.6765
2025-08-17,ORD014651,CUST04646,P018,Jacket,Fashion,Chennai,Store,Credit Card,2,5453.93,0.05,10907.86,10362.47,0,2703.53,2025,8,August,Sunday,10907.86,10362.467
2025-08-17,ORD039767,CUST04302,P004,Smartwatch,Electronics,Hyderabad,Online,UPI,1,6824.84,0.05,6824.84,6483.6,0,1129.16,2025,8,August,Sunday,6824.84,6483.598
2025-08-17,ORD004328,CUST02389,P019,Vacuum Cleaner,Home,Ahmedabad,Store,Credit Card,1,8635.08,0.2,8635.08,6908.06,0,1605.69,2025,8,August,Sunday,8635.08,6908.064
2025-08-17,ORD013496,CUST04487,P016,Sofa,Furniture,Kolkata,Online,UPI,3,35560.78,0.05,106682.34,101348.22,0,20522.94,2025,8,August,Sunday,106682.34,101348.223
2025-08-17,ORD026893,CUST03531,P010,Coffee Maker,Home,Hyderabad,Store,Net Banking,1,4961.99,0.25,4961.99,3721.49,0,187.42,2025,8,August,Sunday,4961.99,3721.4925
2025-08-17,ORD002672,CUST01758,P013,Monitor,Electronics,Bengaluru,Online,UPI,2,18709.44,0.05,37418.88,35547.94,0,3037.95,2025,8,August,Sunday,37418.88,35547.935999999994
2025-08-17,ORD004100,CUST03231,P003,Headphones,Electronics,Hyderabad,Online,UPI,1,4399.87,0.2,4399.87,3519.9,0,351.96,2025,8,August,Sunday,4399.87,3519.896
2025-08-17,ORD045122,CUST01390,P010,Coffee Maker,Home,Chennai,Store,Debit Card,2,5770.22,0.0,11540.44,11540.44,0,1410.84,2025,8,August,Sunday,11540.44,11540.44
2025-08-17,ORD029389,CUST03928,P019,Vacuum Cleaner,Home,Mumbai,Store,Credit Card,1,9178.53,0.1,9178.53,8260.68,0,671.37,2025,8,August,Sunday,9178.53,8260.677000000001
2025-08-17,ORD038763,CUST02292,P014,Keyboard,Electronics,Delhi,Online,UPI,1,2732.79,0.1,2732.79,2459.51,0,579.65,2025,8,August,Sunday,2732.79,2459.511
2025-08-17,ORD037119,CUST03929,P020,Microwave,Home,Chennai,Online,Credit Card,1,10841.75,0.1,10841.75,9757.58,0,1714.65,2025,8,August,Sunday,10841.75,9757.575
2025-08-17,ORD034090,CUST04021,P019,Vacuum Cleaner,Home,Surat,Online,Debit Card,1,8795.49,0.0,8795.49,8795.49,0,2412.26,2025,8,August,Sunday,8795.49,8795.49
2025-08-17,ORD000889,CUST01409,P020,Microwave,Home,Hyderabad,Online,Debit Card,1,11573.5,0.0,11573.5,11573.5,0,2092.75,2025,8,August,Sunday,11573.5,11573.5
2025-08-17,ORD008668,CUST03254,P012,Air Fryer,Home,Mumbai,Online,UPI,1,7714.49,0.0,7714.49,7714.49,0,790.99,2025,8,August,Sunday,7714.49,7714.49
2025-08-17,ORD025851,CUST03687,P001,Laptop,Electronics,Pune,Store,UPI,3,69886.85,0.05,209660.55,199177.52,0,15888.23,2025,8,August,Sunday,209660.55000000002,199177.5225
2025-08-17,ORD041481,CUST04562,P006,Desk,Furniture,Kolkata,Store,Debit Card,5,12020.1,0.1,60100.5,54090.45,0,13246.71,2025,8,August,Sunday,60100.5,54090.450000000004
2025-08-17,ORD003105,CUST00218,P015,Dining Table,Furniture,Pune,Online,UPI,2,22014.09,0.15,44028.18,37423.95,1,-1871.2,2025,8,August,Sunday,44028.18,37423.953
2025-08-17,ORD022583,CUST01032,P001,Laptop,Electronics,Kolkata,Online,UPI,3,68628.08,0.1,205884.24,185295.82,0,24231.3,2025,8,August,Sunday,205884.24,185295.816
2025-08-17,ORD036876,CUST02056,P006,Desk,Furniture,Chennai,Store,UPI,1,11709.58,0.05,11709.58,11124.1,0,1894.43,2025,8,August,Sunday,11709.58,11124.100999999999
2025-08-17,ORD007446,CUST01526,P007,Backpack,Accessories,Mumbai,Online,Debit Card,1,2142.38,0.05,2142.38,2035.26,0,451.25,2025,8,August,Sunday,2142.38,2035.261
2025-08-17,ORD034453,CUST04616,P014,Keyboard,Electronics,Bengaluru,Store,UPI,1,2531.4,0.1,2531.4,2278.26,0,325.52,2025,8,August,Sunday,2531.4,2278.26
2025-08-17,ORD026171,CUST01270,P002,Smartphone,Electronics,Bengaluru,Store,UPI,5,27646.3,0.05,138231.5,131319.92,0,31965.18,2025,8,August,Sunday,138231.5,131319.925
2025-08-17,ORD020708,CUST00926,P010,Coffee Maker,Home,Ahmedabad,Online,Net Banking,5,5224.58,0.05,26122.9,24816.76,1,-1240.84,2025,8,August,Sunday,26122.9,24816.755
2025-08-17,ORD011791,CUST03382,P006,Desk,Furniture,Surat,Online,UPI,1,13087.52,0.1,13087.52,11778.77,0,2342.84,2025,8,August,Sunday,13087.52,11778.768
2025-08-17,ORD038243,CUST01852,P013,Monitor,Electronics,Surat,Store,Net Banking,1,17654.11,0.1,17654.11,15888.7,1,-794.44,2025,8,August,Sunday,17654.11,15888.699
2025-08-17,ORD031031,CUST02427,P007,Backpack,Accessories,Pune,Online,Credit Card,2,2065.6,0.0,4131.2,4131.2,0,364.9,2025,8,August,Sunday,4131.2,4131.2
2025-08-17,ORD042537,CUST03031,P004,Smartwatch,Electronics,Bengaluru,Store,UPI,1,6929.31,0.0,6929.31,6929.31,0,608.68,2025,8,August,Sunday,6929.31,6929.31
2025-08-17,ORD042693,CUST04322,P001,Laptop,Electronics,Kolkata,Online,Credit Card,1,61233.78,0.0,61233.78,61233.78,0,10626.66,2025,8,August,Sunday,61233.78,61233.78
2025-08-17,ORD031544,CUST00370,P019,Vacuum Cleaner,Home,Bengaluru,Online,Cash,1,8195.02,0.0,8195.02,8195.02,0,1730.13,2025,8,August,Sunday,8195.02,8195.02
2025-08-17,ORD015335,CUST02364,P006,Desk,Furniture,Kolkata,Online,UPI,2,11052.78,0.15,22105.56,18789.73,0,4903.26,2025,8,August,Sunday,22105.56,18789.726000000002
2025-08-17,ORD015316,CUST04072,P019,Vacuum Cleaner,Home,Delhi,Online,Net Banking,1,9877.35,0.0,9877.35,9877.35,0,2238.83,2025,8,August,Sunday,9877.35,9877.35
2025-08-17,ORD048691,CUST02734,P018,Jacket,Fashion,Ahmedabad,Online,Credit Card,1,5627.87,0.0,5627.87,5627.87,0,1563.79,2025,8,August,Sunday,5627.87,5627.87
2025-08-17,ORD013036,CUST03239,P001,Laptop,Electronics,Pune,Online,UPI,1,67328.52,0.1,67328.52,60595.67,0,14779.41,2025,8,August,Sunday,67328.52,60595.668000000005
2025-08-17,ORD001631,CUST04943,P003,Headphones,Electronics,Chennai,Online,Credit Card,1,4645.42,0.05,4645.42,4413.15,0,680.42,2025,8,August,Sunday,4645.42,4413.148999999999
2025-08-17,ORD016307,CUST04025,P003,Headphones,Electronics,Chennai,Online,Credit Card,3,4483.34,0.1,13450.02,12105.02,0,3117.69,2025,8,August,Sunday,13450.02,12105.018
2025-08-17,ORD021540,CUST02424,P008,Running Shoes,Fashion,Pune,Online,Credit Card,2,3954.44,0.25,7908.88,5931.66,0,506.14,2025,8,August,Sunday,7908.88,5931.66
2025-08-17,ORD044657,CUST01137,P006,Desk,Furniture,Mumbai,Store,Debit Card,4,12905.75,0.1,51623.0,46460.7,0,9604.77,2025,8,August,Sunday,51623.0,46460.700000000004
2025-08-17,ORD024119,CUST02252,P015,Dining Table,Furniture,Pune,Online,UPI,1,21241.63,0.0,21241.63,21241.63,0,4435.39,2025,8,August,Sunday,21241.63,21241.63
2025-08-17,ORD026002,CUST02969,P018,Jacket,Fashion,Ahmedabad,Store,UPI,1,5123.11,0.1,5123.11,4610.8,0,990.65,2025,8,August,Sunday,5123.11,4610.799
2025-08-17,ORD013471,CUST03015,P001,Laptop,Electronics,Bengaluru,Online,UPI,1,64084.46,0.1,64084.46,57676.01,0,4024.08,2025,8,August,Sunday,64084.46,57676.014
2025-08-17,ORD007441,CUST00608,P004,Smartwatch,Electronics,Bengaluru,Online,UPI,1,6367.18,0.15,6367.18,5412.1,1,-270.6,2025,8,August,Sunday,6367.18,5412.103
2025-08-17,ORD045886,CUST01924,P010,Coffee Maker,Home,Jaipur,Online,Cash,2,5484.85,0.1,10969.7,9872.73,0,1408.49,2025,8,August,Sunday,10969.7,9872.730000000001
2025-08-17,ORD028349,CUST00265,P010,Coffee Maker,Home,Ahmedabad,Store,UPI,1,5414.26,0.25,5414.26,4060.7,0,468.02,2025,8,August,Sunday,5414.26,4060.695
2025-08-17,ORD038493,CUST04290,P014,Keyboard,Electronics,Surat,Online,Debit Card,4,2682.24,0.0,10728.96,10728.96,0,2684.92,2025,8,August,Sunday,10728.96,10728.96
2025-08-17,ORD030619,CUST01696,P002,Smartphone,Electronics,Jaipur,Store,UPI,2,26621.87,0.1,53243.74,47919.37,0,11987.88,2025,8,August,Sunday,53243.74,47919.366
2025-08-17,ORD005408,CUST04585,P008,Running Shoes,Fashion,Surat,Online,UPI,1,4547.46,0.0,4547.46,4547.46,0,1288.28,2025,8,August,Sunday,4547.46,4547.46
2025-08-17,ORD033098,CUST03763,P002,Smartphone,Electronics,Chennai,Online,UPI,2,30053.55,0.0,60107.1,60107.1,0,4949.18,2025,8,August,Sunday,60107.1,60107.1
2025-08-17,ORD004915,CUST00594,P018,Jacket,Fashion,Chennai,Online,Credit Card,1,5241.4,0.2,5241.4,4193.12,0,996.22,2025,8,August,Sunday,5241.4,4193.12
2025-08-17,ORD036803,CUST03423,P001,Laptop,Electronics,Ahmedabad,Store,Cash,1,65211.38,0.1,65211.38,58690.24,0,11367.54,2025,8,August,Sunday,65211.38,58690.242
2025-08-17,ORD033797,CUST03425,P018,Jacket,Fashion,Delhi,Online,Net Banking,1,5155.09,0.05,5155.09,4897.34,1,-244.87,2025,8,August,Sunday,5155.09,4897.3355
2025-08-17,ORD017900,CUST01607,P015,Dining Table,Furniture,Chennai,Store,Net Banking,1,20935.24,0.15,20935.24,17794.95,0,1643.63,2025,8,August,Sunday,20935.24,17794.954
2025-08-17,ORD008583,CUST01464,P013,Monitor,Electronics,Kolkata,Store,Credit Card,4,16588.33,0.05,66353.32,63035.65,0,6957.29,2025,8,August,Sunday,66353.32,63035.654
2025-08-17,ORD016874,CUST03686,P006,Desk,Furniture,Jaipur,Store,UPI,3,12698.55,0.0,38095.65,38095.65,1,-1904.78,2025,8,August,Sunday,38095.649999999994,38095.65
2025-08-17,ORD031860,CUST03771,P007,Backpack,Accessories,Mumbai,Store,Credit Card,1,1983.18,0.05,1983.18,1884.02,0,444.94,2025,8,August,Sunday,1983.18,1884.021
2025-08-17,ORD048740,CUST03409,P007,Backpack,Accessories,Delhi,Online,UPI,2,2403.8,0.1,4807.6,4326.84,0,597.9,2025,8,August,Sunday,4807.6,4326.84
2025-08-17,ORD009496,CUST02871,P009,T-Shirt,Fashion,Surat,Online,Net Banking,1,1306.76,0.05,1306.76,1241.42,0,231.76,2025,8,August,Sunday,1306.76,1241.422
2025-08-17,ORD049403,CUST01801,P010,Coffee Maker,Home,Bengaluru,Store,Credit Card,1,5295.13,0.25,5295.13,3971.35,0,568.68,2025,8,August,Sunday,5295.13,3971.3475
2025-08-17,ORD005414,CUST02761,P017,Jeans,Fashion,Hyderabad,Online,Credit Card,1,2984.97,0.0,2984.97,2984.97,0,887.35,2025,8,August,Sunday,2984.97,2984.97
2025-08-17,ORD039026,CUST03184,P008,Running Shoes,Fashion,Jaipur,Online,Debit Card,1,4083.78,0.05,4083.78,3879.59,0,847.16,2025,8,August,Sunday,4083.78,3879.591
2025-08-17,ORD046843,CUST02475,P020,Microwave,Home,Hyderabad,Online,Credit Card,1,10461.87,0.0,10461.87,10461.87,0,2314.3,2025,8,August,Sunday,10461.87,10461.87
2025-08-17,ORD000795,CUST01056,P001,Laptop,Electronics,Ahmedabad,Online,UPI,1,58905.27,0.15,58905.27,50069.48,0,4030.77,2025,8,August,Sunday,58905.27,50069.479499999994
2025-08-17,ORD016261,CUST04387,P019,Vacuum Cleaner,Home,Chennai,Store,UPI,1,8500.93,0.25,8500.93,6375.7,0,1573.75,2025,8,August,Sunday,8500.93,6375.6975
2025-08-18,ORD019641,CUST02611,P008,Running Shoes,Fashion,Hyderabad,Online,Debit Card,2,4589.78,0.05,9179.56,8720.58,0,1584.86,2025,8,August,Monday,9179.56,8720.581999999999
2025-08-18,ORD024990,CUST01069,P006,Desk,Furniture,Chennai,Store,Credit Card,1,12108.97,0.25,12108.97,9081.73,0,1299.4,2025,8,August,Monday,12108.97,9081.727499999999
2025-08-18,ORD027282,CUST00557,P020,Microwave,Home,Hyderabad,Online,UPI,4,11071.71,0.05,44286.84,42072.5,0,7615.24,2025,8,August,Monday,44286.84,42072.49799999999
2025-08-18,ORD019712,CUST01366,P002,Smartphone,Electronics,Ahmedabad,Online,UPI,1,25576.02,0.0,25576.02,25576.02,0,5639.54,2025,8,August,Monday,25576.02,25576.02
2025-08-18,ORD049918,CUST04085,P003,Headphones,Electronics,Chennai,Online,UPI,3,4760.33,0.05,14280.99,13566.94,1,-678.35,2025,8,August,Monday,14280.99,13566.940499999999
2025-08-18,ORD042101,CUST03951,P014,Keyboard,Electronics,Kolkata,Store,Credit Card,3,2682.11,0.0,8046.33,8046.33,0,2331.03,2025,8,August,Monday,8046.33,8046.33
2025-08-18,ORD041041,CUST02849,P002,Smartphone,Electronics,Jaipur,Online,Credit Card,2,25336.83,0.05,50673.66,48139.98,0,6389.04,2025,8,August,Monday,50673.66,48139.977
2025-08-18,ORD003741,CUST00191,P007,Backpack,Accessories,Chennai,Online,Credit Card,1,2103.36,0.1,2103.36,1893.02,0,445.53,2025,8,August,Monday,2103.36,1893.0240000000001
2025-08-18,ORD019168,CUST03193,P003,Headphones,Electronics,Pune,Store,UPI,2,4810.38,0.05,9620.76,9139.72,0,1457.75,2025,8,August,Monday,9620.76,9139.722
2025-08-18,ORD003696,CUST00255,P013,Monitor,Electronics,Bengaluru,Store,UPI,1,19573.86,0.05,19573.86,18595.17,0,4721.11,2025,8,August,Monday,19573.86,18595.167
2025-08-18,ORD019964,CUST04967,P018,Jacket,Fashion,Chennai,Store,Credit Card,3,4747.05,0.0,14241.15,14241.15,0,3159.3,2025,8,August,Monday,14241.150000000001,14241.15
2025-08-18,ORD040953,CUST00110,P008,Running Shoes,Fashion,Jaipur,Store,Net Banking,1,4215.4,0.25,4215.4,3161.55,0,759.72,2025,8,August,Monday,4215.4,3161.5499999999997
2025-08-18,ORD003423,CUST00769,P020,Microwave,Home,Ahmedabad,Online,Credit Card,2,9914.95,0.25,19829.9,14872.42,0,2847.73,2025,8,August,Monday,19829.9,14872.425000000001
2025-08-18,ORD046964,CUST04542,P015,Dining Table,Furniture,Pune,Online,Cash,1,20087.37,0.0,20087.37,20087.37,0,2982.7,2025,8,August,Monday,20087.37,20087.37
2025-08-18,ORD023306,CUST02101,P010,Coffee Maker,Home,Chennai,Store,UPI,1,5002.4,0.05,5002.4,4752.28,1,-237.61,2025,8,August,Monday,5002.4,4752.28
2025-08-18,ORD031127,CUST01350,P002,Smartphone,Electronics,Mumbai,Store,Credit Card,2,27595.86,0.1,55191.72,49672.55,0,6835.05,2025,8,August,Monday,55191.72,49672.548
2025-08-18,ORD011856,CUST00697,P018,Jacket,Fashion,Delhi,Online,UPI,1,5221.63,0.2,5221.63,4177.3,0,1074.12,2025,8,August,Monday,5221.63,4177.304
2025-08-18,ORD044468,CUST03463,P003,Headphones,Electronics,Kolkata,Store,UPI,1,4115.96,0.1,4115.96,3704.36,0,530.51,2025,8,August,Monday,4115.96,3704.364
2025-08-18,ORD044942,CUST01188,P008,Running Shoes,Fashion,Kolkata,Store,Debit Card,1,4328.5,0.2,4328.5,3462.8,0,550.23,2025,8,August,Monday,4328.5,3462.8
2025-08-18,ORD049217,CUST03816,P002,Smartphone,Electronics,Pune,Online,Cash,2,28830.33,0.1,57660.66,51894.59,0,10188.8,2025,8,August,Monday,57660.66,51894.594000000005
2025-08-18,ORD046091,CUST04618,P005,Office Chair,Furniture,Jaipur,Online,UPI,1,8973.07,0.0,8973.07,8973.07,0,1980.91,2025,8,August,Monday,8973.07,8973.07
2025-08-18,ORD004145,CUST01625,P004,Smartwatch,Electronics,Bengaluru,Online,Net Banking,1,7674.01,0.05,7674.01,7290.31,0,2039.58,2025,8,August,Monday,7674.01,7290.3095
2025-08-18,ORD030564,CUST03084,P019,Vacuum Cleaner,Home,Hyderabad,Online,Credit Card,2,8592.3,0.25,17184.6,12888.45,0,3217.78,2025,8,August,Monday,17184.6,12888.449999999999
2025-08-18,ORD015699,CUST03223,P003,Headphones,Electronics,Jaipur,Online,Credit Card,1,4204.35,0.05,4204.35,3994.13,0,407.99,2025,8,August,Monday,4204.35,3994.1325
2025-08-18,ORD014282,CUST00168,P002,Smartphone,Electronics,Mumbai,Store,Credit Card,1,30091.52,0.1,30091.52,27082.37,0,2615.22,2025,8,August,Monday,30091.52,27082.368000000002
2025-08-18,ORD029665,CUST03159,P019,Vacuum Cleaner,Home,Hyderabad,Online,UPI,1,8170.28,0.05,8170.28,7761.77,0,933.85,2025,8,August,Monday,8170.28,7761.766
2025-08-18,ORD033806,CUST03424,P002,Smartphone,Electronics,Surat,Online,Debit Card,1,25626.59,0.1,25626.59,23063.93,0,4253.32,2025,8,August,Monday,25626.59,23063.931
2025-08-18,ORD006310,CUST01203,P018,Jacket,Fashion,Kolkata,Store,Credit Card,1,5490.06,0.1,5490.06,4941.05,0,1143.24,2025,8,August,Monday,5490.06,4941.054
2025-08-18,ORD018978,CUST03573,P006,Desk,Furniture,Ahmedabad,Store,Debit Card,3,12825.61,0.2,38476.83,30781.46,0,4410.21,2025,8,August,Monday,38476.83,30781.464000000004
2025-08-18,ORD047078,CUST01354,P001,Laptop,Electronics,Jaipur,Store,Net Banking,1,70975.65,0.05,70975.65,67426.87,0,5985.12,2025,8,August,Monday,70975.65,67426.8675
2025-08-18,ORD037148,CUST03237,P014,Keyboard,Electronics,Surat,Online,UPI,1,2736.32,0.0,2736.32,2736.32,0,389.9,2025,8,August,Monday,2736.32,2736.32
2025-08-18,ORD039302,CUST01256,P015,Dining Table,Furniture,Hyderabad,Online,UPI,1,20970.48,0.0,20970.48,20970.48,0,4556.29,2025,8,August,Monday,20970.48,20970.48
2025-08-18,ORD036835,CUST04144,P006,Desk,Furniture,Bengaluru,Store,UPI,1,12527.78,0.0,12527.78,12527.78,0,1632.89,2025,8,August,Monday,12527.78,12527.78
2025-08-18,ORD045418,CUST04935,P012,Air Fryer,Home,Pune,Online,UPI,2,6895.35,0.05,13790.7,13101.16,0,3043.55,2025,8,August,Monday,13790.7,13101.165
2025-08-18,ORD005600,CUST02562,P004,Smartwatch,Electronics,Chennai,Online,UPI,1,7217.79,0.1,7217.79,6496.01,0,727.12,2025,8,August,Monday,7217.79,6496.011
2025-08-18,ORD012313,CUST01233,P008,Running Shoes,Fashion,Hyderabad,Online,Cash,1,3803.75,0.0,3803.75,3803.75,0,897.65,2025,8,August,Monday,3803.75,3803.75
2025-08-18,ORD024286,CUST01371,P007,Backpack,Accessories,Pune,Store,UPI,4,2018.73,0.1,8074.92,7267.43,0,1861.75,2025,8,August,Monday,8074.92,7267.428
2025-08-18,ORD006581,CUST00300,P001,Laptop,Electronics,Kolkata,Online,Debit Card,1,65153.39,0.0,65153.39,65153.39,0,6257.64,2025,8,August,Monday,65153.39,65153.39
2025-08-18,ORD033712,CUST03228,P016,Sofa,Furniture,Bengaluru,Store,Credit Card,1,34318.22,0.15,34318.22,29170.49,0,4813.31,2025,8,August,Monday,34318.22,29170.487
2025-08-18,ORD025681,CUST02680,P017,Jeans,Fashion,Mumbai,Online,Credit Card,3,2706.8,0.1,8120.4,7308.36,0,705.55,2025,8,August,Monday,8120.400000000001,7308.36
2025-08-18,ORD029562,CUST00765,P015,Dining Table,Furniture,Jaipur,Online,UPI,2,20051.73,0.0,40103.46,40103.46,0,7455.94,2025,8,August,Monday,40103.46,40103.46
2025-08-18,ORD037059,CUST01744,P010,Coffee Maker,Home,Chennai,Store,UPI,1,5927.08,0.0,5927.08,5927.08,0,1400.02,2025,8,August,Monday,5927.08,5927.08
2025-08-18,ORD017070,CUST01196,P009,T-Shirt,Fashion,Chennai,Online,Credit Card,5,1103.0,0.0,5515.0,5515.0,0,1572.21,2025,8,August,Monday,5515.0,5515.0
2025-08-18,ORD040211,CUST00598,P004,Smartwatch,Electronics,Surat,Online,Credit Card,1,6669.1,0.0,6669.1,6669.1,0,1519.73,2025,8,August,Monday,6669.1,6669.1
2025-08-18,ORD016355,CUST03006,P005,Office Chair,Furniture,Hyderabad,Online,UPI,4,8746.25,0.1,34985.0,31486.5,0,7969.57,2025,8,August,Monday,34985.0,31486.5
2025-08-18,ORD036571,CUST02738,P020,Microwave,Home,Jaipur,Store,Credit Card,2,11735.98,0.1,23471.96,21124.76,0,1685.54,2025,8,August,Monday,23471.96,21124.764
2025-08-18,ORD004618,CUST04977,P019,Vacuum Cleaner,Home,Delhi,Store,Debit Card,1,9766.56,0.1,9766.56,8789.9,0,1842.96,2025,8,August,Monday,9766.56,8789.904
2025-08-18,ORD005845,CUST00849,P005,Office Chair,Furniture,Kolkata,Store,Debit Card,1,10299.93,0.15,10299.93,8754.94,0,1595.77,2025,8,August,Monday,10299.93,8754.9405
2025-08-18,ORD011107,CUST01500,P007,Backpack,Accessories,Surat,Store,Net Banking,1,2144.22,0.25,2144.22,1608.16,0,290.25,2025,8,August,Monday,2144.22,1608.165
2025-08-18,ORD025120,CUST01037,P009,T-Shirt,Fashion,Pune,Online,Debit Card,2,1209.47,0.05,2418.94,2297.99,0,479.43,2025,8,August,Monday,2418.94,2297.993
2025-08-18,ORD035893,CUST04579,P020,Microwave,Home,Jaipur,Online,Credit Card,2,11775.11,0.0,23550.22,23550.22,0,2570.34,2025,8,August,Monday,23550.22,23550.22
2025-08-18,ORD042583,CUST02372,P011,Mixer Grinder,Home,Delhi,Online,Cash,1,4852.98,0.05,4852.98,4610.33,0,1207.71,2025,8,August,Monday,4852.98,4610.330999999999
2025-08-18,ORD033435,CUST00013,P007,Backpack,Accessories,Surat,Online,Credit Card,5,2382.31,0.15,11911.55,10124.82,0,1688.21,2025,8,August,Monday,11911.55,10124.8175
2025-08-18,ORD032290,CUST00745,P020,Microwave,Home,Ahmedabad,Online,UPI,2,11844.79,0.05,23689.58,22505.1,0,4125.13,2025,8,August,Monday,23689.58,22505.101000000002
2025-08-18,ORD016890,CUST00520,P008,Running Shoes,Fashion,Bengaluru,Store,UPI,3,4234.03,0.0,12702.09,12702.09,1,-635.1,2025,8,August,Monday,12702.09,12702.09
2025-08-18,ORD027869,CUST01249,P010,Coffee Maker,Home,Chennai,Online,UPI,3,6029.25,0.05,18087.75,17183.36,0,3852.54,2025,8,August,Monday,18087.75,17183.3625
2025-08-18,ORD045337,CUST00228,P001,Laptop,Electronics,Hyderabad,Store,Credit Card,1,59172.16,0.0,59172.16,59172.16,0,5580.43,2025,8,August,Monday,59172.16,59172.16
2025-08-18,ORD033860,CUST02151,P001,Laptop,Electronics,Ahmedabad,Online,UPI,2,66288.84,0.2,132577.68,106062.14,0,7301.44,2025,8,August,Monday,132577.68,106062.144
2025-08-18,ORD044014,CUST04133,P019,Vacuum Cleaner,Home,Mumbai,Store,Net Banking,3,8524.88,0.05,25574.64,24295.91,0,6465.16,2025,8,August,Monday,25574.64,24295.908
2025-08-18,ORD035740,CUST00474,P013,Monitor,Electronics,Pune,Store,UPI,1,16430.97,0.15,16430.97,13966.32,0,1390.95,2025,8,August,Monday,16430.97,13966.3245
2025-08-18,ORD020537,CUST03226,P012,Air Fryer,Home,Kolkata,Store,Credit Card,1,7152.45,0.2,7152.45,5721.96,0,1479.76,2025,8,August,Monday,7152.45,5721.96
2025-08-18,ORD024120,CUST02050,P010,Coffee Maker,Home,Surat,Online,UPI,1,5887.66,0.1,5887.66,5298.89,0,1421.28,2025,8,August,Monday,5887.66,5298.894
2025-08-18,ORD026950,CUST04089,P015,Dining Table,Furniture,Delhi,Store,Credit Card,1,22104.74,0.0,22104.74,22104.74,0,2908.53,2025,8,August,Monday,22104.74,22104.74
2025-08-18,ORD035370,CUST01055,P018,Jacket,Fashion,Mumbai,Online,UPI,2,4802.72,0.05,9605.44,9125.17,0,1925.21,2025,8,August,Monday,9605.44,9125.168
2025-08-18,ORD008065,CUST00286,P019,Vacuum Cleaner,Home,Jaipur,Online,UPI,1,8596.38,0.1,8596.38,7736.74,0,932.52,2025,8,August,Monday,8596.38,7736.741999999999
2025-08-18,ORD029506,CUST01455,P004,Smartwatch,Electronics,Hyderabad,Store,Credit Card,1,6866.98,0.05,6866.98,6523.63,0,1397.75,2025,8,August,Monday,6866.98,6523.630999999999
2025-08-18,ORD042989,CUST03504,P002,Smartphone,Electronics,Kolkata,Store,Cash,5,25331.74,0.1,126658.7,113992.83,0,8537.65,2025,8,August,Monday,126658.70000000001,113992.83
2025-08-18,ORD036050,CUST01224,P010,Coffee Maker,Home,Kolkata,Store,UPI,1,5880.34,0.15,5880.34,4998.29,1,-249.91,2025,8,August,Monday,5880.34,4998.289
2025-08-18,ORD020445,CUST04214,P015,Dining Table,Furniture,Delhi,Online,Net Banking,1,22376.43,0.15,22376.43,19019.97,0,1042.46,2025,8,August,Monday,22376.43,19019.9655
2025-08-18,ORD029055,CUST02175,P018,Jacket,Fashion,Chennai,Online,UPI,1,5340.15,0.05,5340.15,5073.14,0,1203.99,2025,8,August,Monday,5340.15,5073.142499999999
2025-08-18,ORD029838,CUST02800,P020,Microwave,Home,Chennai,Online,UPI,1,10253.13,0.05,10253.13,9740.47,0,1539.46,2025,8,August,Monday,10253.13,9740.473499999998
2025-08-18,ORD022704,CUST03018,P012,Air Fryer,Home,Hyderabad,Online,UPI,3,7664.33,0.0,22992.99,22992.99,0,3543.75,2025,8,August,Monday,22992.989999999998,22992.99
2025-08-19,ORD039655,CUST03280,P006,Desk,Furniture,Bengaluru,Store,UPI,1,12593.82,0.0,12593.82,12593.82,0,2447.8,2025,8,August,Tuesday,12593.82,12593.82
2025-08-19,ORD045083,CUST04434,P002,Smartphone,Electronics,Ahmedabad,Online,UPI,1,28541.53,0.1,28541.53,25687.38,0,6928.17,2025,8,August,Tuesday,28541.53,25687.377
2025-08-19,ORD036273,CUST00804,P009,T-Shirt,Fashion,Ahmedabad,Online,Credit Card,1,1110.82,0.15,1110.82,944.2,0,139.78,2025,8,August,Tuesday,1110.82,944.1969999999999
2025-08-19,ORD012577,CUST02989,P002,Smartphone,Electronics,Jaipur,Store,Net Banking,1,27641.4,0.05,27641.4,26259.33,1,-1312.97,2025,8,August,Tuesday,27641.4,26259.33
2025-08-19,ORD018570,CUST00305,P008,Running Shoes,Fashion,Bengaluru,Store,Credit Card,1,4186.42,0.1,4186.42,3767.78,0,641.71,2025,8,August,Tuesday,4186.42,3767.7780000000002
2025-08-19,ORD039225,CUST03535,P020,Microwave,Home,Ahmedabad,Store,Net Banking,1,10825.2,0.1,10825.2,9742.68,0,2518.05,2025,8,August,Tuesday,10825.2,9742.68
2025-08-19,ORD047411,CUST01544,P013,Monitor,Electronics,Surat,Store,Debit Card,1,18111.76,0.0,18111.76,18111.76,0,4476.6,2025,8,August,Tuesday,18111.76,18111.76
2025-08-19,ORD047243,CUST00402,P008,Running Shoes,Fashion,Delhi,Store,Net Banking,4,3801.84,0.25,15207.36,11405.52,0,2797.78,2025,8,August,Tuesday,15207.36,11405.52
2025-08-19,ORD025945,CUST02139,P011,Mixer Grinder,Home,Kolkata,Store,Credit Card,1,4982.12,0.0,4982.12,4982.12,0,1361.86,2025,8,August,Tuesday,4982.12,4982.12
2025-08-19,ORD049303,CUST03613,P004,Smartwatch,Electronics,Mumbai,Online,UPI,4,6643.02,0.15,26572.08,22586.27,0,6088.68,2025,8,August,Tuesday,26572.08,22586.268
2025-08-19,ORD008278,CUST03796,P013,Monitor,Electronics,Bengaluru,Online,UPI,2,19034.43,0.15,38068.86,32358.53,0,8278.77,2025,8,August,Tuesday,38068.86,32358.531
2025-08-19,ORD002903,CUST02443,P002,Smartphone,Electronics,Kolkata,Store,Credit Card,1,30196.29,0.0,30196.29,30196.29,0,5240.6,2025,8,August,Tuesday,30196.29,30196.29
2025-08-19,ORD006153,CUST04084,P014,Keyboard,Electronics,Surat,Store,Credit Card,1,2250.14,0.15,2250.14,1912.62,0,123.75,2025,8,August,Tuesday,2250.14,1912.619
2025-08-19,ORD035114,CUST00049,P015,Dining Table,Furniture,Kolkata,Online,Net Banking,2,20411.16,0.0,40822.32,40822.32,0,7372.02,2025,8,August,Tuesday,40822.32,40822.32
2025-08-19,ORD010155,CUST03166,P020,Microwave,Home,Bengaluru,Online,Credit Card,1,10135.03,0.15,10135.03,8614.78,0,489.54,2025,8,August,Tuesday,10135.03,8614.7755
2025-08-19,ORD034959,CUST02200,P015,Dining Table,Furniture,Delhi,Store,UPI,5,22747.24,0.15,113736.2,96675.77,0,17963.3,2025,8,August,Tuesday,113736.20000000001,96675.76999999999
2025-08-19,ORD026164,CUST03939,P009,T-Shirt,Fashion,Bengaluru,Store,Credit Card,1,1214.98,0.05,1214.98,1154.23,0,131.78,2025,8,August,Tuesday,1214.98,1154.231
2025-08-19,ORD044954,CUST01464,P006,Desk,Furniture,Kolkata,Online,Credit Card,1,12630.42,0.15,12630.42,10735.86,0,1557.84,2025,8,August,Tuesday,12630.42,10735.857
2025-08-19,ORD049434,CUST02912,P015,Dining Table,Furniture,Jaipur,Online,Credit Card,1,22059.78,0.2,22059.78,17647.82,0,3243.28,2025,8,August,Tuesday,22059.78,17647.824
2025-08-19,ORD024740,CUST02179,P011,Mixer Grinder,Home,Surat,Online,Credit Card,2,5060.78,0.1,10121.56,9109.4,1,-455.47,2025,8,August,Tuesday,10121.56,9109.404
2025-08-19,ORD005915,CUST04146,P015,Dining Table,Furniture,Jaipur,Online,Credit Card,1,21557.21,0.15,21557.21,18323.63,0,3002.12,2025,8,August,Tuesday,21557.21,18323.6285
2025-08-19,ORD007080,CUST03329,P020,Microwave,Home,Hyderabad,Online,UPI,2,10490.15,0.2,20980.3,16784.24,0,2214.61,2025,8,August,Tuesday,20980.3,16784.24
2025-08-19,ORD040026,CUST03985,P012,Air Fryer,Home,Mumbai,Store,UPI,1,7402.71,0.15,7402.71,6292.3,0,1512.66,2025,8,August,Tuesday,7402.71,6292.3035
2025-08-19,ORD041660,CUST00401,P009,T-Shirt,Fashion,Hyderabad,Online,UPI,2,1116.88,0.15,2233.76,1898.7,0,238.04,2025,8,August,Tuesday,2233.76,1898.6960000000001
2025-08-19,ORD004373,CUST03399,P002,Smartphone,Electronics,Jaipur,Online,Credit Card,1,26196.85,0.1,26196.85,23577.16,0,5307.09,2025,8,August,Tuesday,26196.85,23577.165
2025-08-19,ORD047171,CUST04669,P005,Office Chair,Furniture,Ahmedabad,Online,UPI,1,8819.72,0.1,8819.72,7937.75,0,1105.77,2025,8,August,Tuesday,8819.72,7937.748
2025-08-19,ORD020740,CUST04117,P006,Desk,Furniture,Hyderabad,Online,UPI,3,10850.03,0.0,32550.09,32550.09,0,8369.27,2025,8,August,Tuesday,32550.090000000004,32550.09
2025-08-19,ORD045931,CUST00082,P003,Headphones,Electronics,Pune,Online,Cash,1,4946.63,0.1,4946.63,4451.97,0,1202.02,2025,8,August,Tuesday,4946.63,4451.967000000001
2025-08-19,ORD019084,CUST02063,P003,Headphones,Electronics,Hyderabad,Online,UPI,1,4189.83,0.0,4189.83,4189.83,0,668.15,2025,8,August,Tuesday,4189.83,4189.83
2025-08-19,ORD034242,CUST02420,P003,Headphones,Electronics,Jaipur,Online,Credit Card,1,4152.42,0.05,4152.42,3944.8,0,1034.62,2025,8,August,Tuesday,4152.42,3944.799
2025-08-19,ORD032929,CUST02435,P013,Monitor,Electronics,Mumbai,Online,UPI,2,19660.67,0.15,39321.34,33423.14,0,5932.07,2025,8,August,Tuesday,39321.34,33423.138999999996
2025-08-19,ORD042663,CUST00936,P006,Desk,Furniture,Jaipur,Store,Net Banking,4,11109.18,0.25,44436.72,33327.54,0,2627.59,2025,8,August,Tuesday,44436.72,33327.54
2025-08-19,ORD043621,CUST02428,P010,Coffee Maker,Home,Chennai,Online,Credit Card,2,5172.44,0.1,10344.88,9310.39,1,-465.52,2025,8,August,Tuesday,10344.88,9310.392
2025-08-19,ORD042252,CUST03359,P018,Jacket,Fashion,Ahmedabad,Online,UPI,4,5368.31,0.2,21473.24,17178.59,1,-858.93,2025,8,August,Tuesday,21473.24,17178.592
2025-08-19,ORD030745,CUST02752,P014,Keyboard,Electronics,Kolkata,Online,UPI,2,2353.29,0.0,4706.58,4706.58,0,902.84,2025,8,August,Tuesday,4706.58,4706.58
2025-08-19,ORD021097,CUST02598,P020,Microwave,Home,Bengaluru,Store,UPI,4,10419.1,0.05,41676.4,39592.58,0,9381.26,2025,8,August,Tuesday,41676.4,39592.58
2025-08-19,ORD026419,CUST02485,P004,Smartwatch,Electronics,Ahmedabad,Online,UPI,1,7033.05,0.1,7033.05,6329.74,0,1635.5,2025,8,August,Tuesday,7033.05,6329.745
2025-08-19,ORD037752,CUST02755,P005,Office Chair,Furniture,Hyderabad,Store,UPI,1,9722.04,0.2,9722.04,7777.63,0,747.14,2025,8,August,Tuesday,9722.04,7777.632000000001
2025-08-19,ORD003946,CUST01076,P020,Microwave,Home,Mumbai,Online,UPI,1,10564.47,0.0,10564.47,10564.47,0,962.25,2025,8,August,Tuesday,10564.47,10564.47
2025-08-19,ORD006762,CUST03834,P020,Microwave,Home,Chennai,Online,UPI,2,9970.05,0.05,19940.1,18943.09,0,4489.44,2025,8,August,Tuesday,19940.1,18943.094999999998
2025-08-19,ORD004822,CUST03557,P013,Monitor,Electronics,Jaipur,Store,Credit Card,1,17445.57,0.05,17445.57,16573.29,0,1651.81,2025,8,August,Tuesday,17445.57,16573.2915
2025-08-19,ORD016864,CUST03315,P012,Air Fryer,Home,Delhi,Online,UPI,1,7121.59,0.05,7121.59,6765.51,1,-338.28,2025,8,August,Tuesday,7121.59,6765.510499999999
2025-08-19,ORD028950,CUST00564,P010,Coffee Maker,Home,Delhi,Online,UPI,1,5385.04,0.0,5385.04,5385.04,0,783.48,2025,8,August,Tuesday,5385.04,5385.04
2025-08-19,ORD043794,CUST04208,P019,Vacuum Cleaner,Home,Delhi,Online,UPI,1,8524.76,0.15,8524.76,7246.05,0,1816.53,2025,8,August,Tuesday,8524.76,7246.046
2025-08-19,ORD012054,CUST03677,P020,Microwave,Home,Kolkata,Online,Credit Card,1,10570.61,0.2,10570.61,8456.49,1,-422.82,2025,8,August,Tuesday,10570.61,8456.488000000001
2025-08-19,ORD031240,CUST02965,P019,Vacuum Cleaner,Home,Hyderabad,Online,UPI,1,9387.46,0.05,9387.46,8918.09,0,2349.07,2025,8,August,Tuesday,9387.46,8918.087
2025-08-19,ORD038488,CUST03163,P016,Sofa,Furniture,Hyderabad,Online,UPI,1,37788.36,0.0,37788.36,37788.36,0,8568.26,2025,8,August,Tuesday,37788.36,37788.36
2025-08-19,ORD043956,CUST04752,P020,Microwave,Home,Hyderabad,Store,Credit Card,1,11616.22,0.2,11616.22,9292.98,0,1854.78,2025,8,August,Tuesday,11616.22,9292.976
2025-08-19,ORD009713,CUST04070,P007,Backpack,Accessories,Hyderabad,Store,UPI,4,2384.01,0.0,9536.04,9536.04,0,1231.09,2025,8,August,Tuesday,9536.04,9536.04
2025-08-19,ORD003880,CUST04313,P019,Vacuum Cleaner,Home,Jaipur,Online,Debit Card,1,9805.32,0.25,9805.32,7353.99,0,1057.77,2025,8,August,Tuesday,9805.32,7353.99
2025-08-19,ORD027943,CUST04049,P004,Smartwatch,Electronics,Mumbai,Store,UPI,2,6936.83,0.05,13873.66,13179.98,0,3390.49,2025,8,August,Tuesday,13873.66,13179.976999999999
2025-08-19,ORD010942,CUST03504,P007,Backpack,Accessories,Mumbai,Store,Debit Card,2,2269.82,0.05,4539.64,4312.66,0,399.69,2025,8,August,Tuesday,4539.64,4312.658
2025-08-19,ORD040312,CUST00921,P001,Laptop,Electronics,Pune,Store,Net Banking,1,68430.07,0.05,68430.07,65008.57,0,11346.7,2025,8,August,Tuesday,68430.07,65008.5665
2025-08-19,ORD014544,CUST04448,P019,Vacuum Cleaner,Home,Surat,Store,Debit Card,2,8160.87,0.15,16321.74,13873.48,0,1264.72,2025,8,August,Tuesday,16321.74,13873.479
2025-08-19,ORD002275,CUST02926,P012,Air Fryer,Home,Kolkata,Store,UPI,1,7581.44,0.05,7581.44,7202.37,0,1653.98,2025,8,August,Tuesday,7581.44,7202.3679999999995
2025-08-19,ORD016457,CUST01310,P004,Smartwatch,Electronics,Ahmedabad,Online,Credit Card,2,6889.95,0.05,13779.9,13090.9,0,3710.51,2025,8,August,Tuesday,13779.9,13090.904999999999
2025-08-19,ORD013911,CUST00627,P018,Jacket,Fashion,Ahmedabad,Store,Credit Card,2,5148.7,0.15,10297.4,8752.79,0,1351.54,2025,8,August,Tuesday,10297.4,8752.789999999999
2025-08-19,ORD041968,CUST03317,P005,Office Chair,Furniture,Kolkata,Store,UPI,1,9305.73,0.05,9305.73,8840.44,0,2391.06,2025,8,August,Tuesday,9305.73,8840.4435
2025-08-19,ORD036968,CUST01174,P001,Laptop,Electronics,Hyderabad,Online,Credit Card,1,58767.58,0.1,58767.58,52890.82,0,11234.07,2025,8,August,Tuesday,58767.58,52890.822
2025-08-19,ORD042219,CUST01560,P007,Backpack,Accessories,Bengaluru,Store,Credit Card,1,2079.11,0.05,2079.11,1975.15,0,512.66,2025,8,August,Tuesday,2079.11,1975.1545
2025-08-19,ORD015206,CUST02866,P018,Jacket,Fashion,Surat,Online,Credit Card,1,4896.97,0.05,4896.97,4652.12,0,1152.69,2025,8,August,Tuesday,4896.97,4652.1215
2025-08-19,ORD047478,CUST03743,P012,Air Fryer,Home,Pune,Store,UPI,2,7693.74,0.1,15387.48,13848.73,0,2562.65,2025,8,August,Tuesday,15387.48,13848.732
2025-08-20,ORD002207,CUST02218,P019,Vacuum Cleaner,Home,Bengaluru,Online,Net Banking,1,8415.25,0.1,8415.25,7573.72,1,-378.69,2025,8,August,Wednesday,8415.25,7573.725
2025-08-20,ORD015260,CUST04416,P005,Office Chair,Furniture,Hyderabad,Store,Debit Card,1,10138.23,0.1,10138.23,9124.41,0,1806.01,2025,8,August,Wednesday,10138.23,9124.407
2025-08-20,ORD010421,CUST00786,P008,Running Shoes,Fashion,Kolkata,Online,UPI,1,4505.84,0.1,4505.84,4055.26,0,842.1,2025,8,August,Wednesday,4505.84,4055.2560000000003
2025-08-20,ORD021551,CUST04460,P020,Microwave,Home,Chennai,Online,Credit Card,1,11166.43,0.15,11166.43,9491.47,0,1430.01,2025,8,August,Wednesday,11166.43,9491.4655
2025-08-20,ORD036978,CUST03471,P014,Keyboard,Electronics,Bengaluru,Store,Net Banking,1,2688.57,0.2,2688.57,2150.86,0,463.86,2025,8,August,Wednesday,2688.57,2150.856
2025-08-20,ORD018151,CUST04537,P018,Jacket,Fashion,Delhi,Online,UPI,2,5556.3,0.05,11112.6,10556.97,0,2079.74,2025,8,August,Wednesday,11112.6,10556.97
2025-08-20,ORD005965,CUST02246,P001,Laptop,Electronics,Jaipur,Store,UPI,1,61837.78,0.1,61837.78,55654.0,0,3874.48,2025,8,August,Wednesday,61837.78,55654.002
2025-08-20,ORD032641,CUST01067,P012,Air Fryer,Home,Chennai,Online,UPI,1,7704.7,0.0,7704.7,7704.7,0,1881.41,2025,8,August,Wednesday,7704.7,7704.7
2025-08-20,ORD032315,CUST02710,P002,Smartphone,Electronics,Bengaluru,Online,Net Banking,1,29304.2,0.05,29304.2,27838.99,0,5808.03,2025,8,August,Wednesday,29304.2,27838.989999999998
2025-08-20,ORD018539,CUST02907,P014,Keyboard,Electronics,Delhi,Store,UPI,1,2623.17,0.15,2623.17,2229.69,0,469.19,2025,8,August,Wednesday,2623.17,2229.6945
2025-08-20,ORD044029,CUST04752,P017,Jeans,Fashion,Pune,Online,Credit Card,5,2892.27,0.05,14461.35,13738.28,0,2396.77,2025,8,August,Wednesday,14461.35,13738.2825
2025-08-20,ORD018209,CUST01370,P007,Backpack,Accessories,Hyderabad,Online,UPI,5,2153.39,0.1,10766.95,9690.25,0,595.62,2025,8,August,Wednesday,10766.949999999999,9690.255000000001
2025-08-20,ORD010789,CUST03063,P006,Desk,Furniture,Delhi,Store,Credit Card,1,10928.55,0.1,10928.55,9835.7,0,2526.8,2025,8,August,Wednesday,10928.55,9835.695
2025-08-20,ORD047547,CUST03278,P009,T-Shirt,Fashion,Ahmedabad,Store,UPI,2,1163.64,0.05,2327.28,2210.92,0,200.18,2025,8,August,Wednesday,2327.28,2210.916
2025-08-20,ORD033115,CUST04517,P006,Desk,Furniture,Hyderabad,Store,UPI,4,13022.51,0.1,52090.04,46881.04,0,9290.62,2025,8,August,Wednesday,52090.04,46881.036
2025-08-20,ORD004891,CUST00201,P014,Keyboard,Electronics,Bengaluru,Online,Net Banking,1,2492.53,0.15,2492.53,2118.65,0,274.12,2025,8,August,Wednesday,2492.53,2118.6505
2025-08-20,ORD010796,CUST01131,P001,Laptop,Electronics,Ahmedabad,Online,Credit Card,1,59604.08,0.2,59604.08,47683.26,0,6934.1,2025,8,August,Wednesday,59604.08,47683.264
2025-08-20,ORD043933,CUST00544,P006,Desk,Furniture,Pune,Store,UPI,1,12574.94,0.0,12574.94,12574.94,0,2070.71,2025,8,August,Wednesday,12574.94,12574.94
2025-08-20,ORD047826,CUST00588,P019,Vacuum Cleaner,Home,Surat,Online,Cash,2,9270.29,0.2,18540.58,14832.46,0,2606.76,2025,8,August,Wednesday,18540.58,14832.464000000002
2025-08-20,ORD012829,CUST00541,P004,Smartwatch,Electronics,Bengaluru,Online,Credit Card,1,6864.28,0.25,6864.28,5148.21,0,1063.7,2025,8,August,Wednesday,6864.28,5148.21
2025-08-20,ORD047811,CUST02208,P002,Smartphone,Electronics,Kolkata,Online,UPI,4,26101.77,0.1,104407.08,93966.37,1,-4698.32,2025,8,August,Wednesday,104407.08,93966.372
2025-08-20,ORD011994,CUST02907,P003,Headphones,Electronics,Bengaluru,Online,UPI,3,4106.77,0.15,12320.31,10472.26,0,2400.66,2025,8,August,Wednesday,12320.310000000001,10472.2635
2025-08-20,ORD017675,CUST04024,P009,T-Shirt,Fashion,Ahmedabad,Online,Credit Card,2,1105.94,0.0,2211.88,2211.88,0,628.08,2025,8,August,Wednesday,2211.88,2211.88
2025-08-20,ORD042160,CUST03309,P016,Sofa,Furniture,Chennai,Online,Credit Card,2,34240.86,0.15,68481.72,58209.46,0,10536.66,2025,8,August,Wednesday,68481.72,58209.462
2025-08-20,ORD038906,CUST00508,P008,Running Shoes,Fashion,Chennai,Online,Credit Card,1,3911.37,0.05,3911.37,3715.8,0,1047.59,2025,8,August,Wednesday,3911.37,3715.8014999999996
2025-08-20,ORD049350,CUST00765,P012,Air Fryer,Home,Kolkata,Online,Credit Card,1,7692.85,0.05,7692.85,7308.21,0,1276.73,2025,8,August,Wednesday,7692.85,7308.2075
2025-08-20,ORD037408,CUST03002,P020,Microwave,Home,Delhi,Store,UPI,1,10662.97,0.0,10662.97,10662.97,0,3083.23,2025,8,August,Wednesday,10662.97,10662.97
2025-08-20,ORD026734,CUST00666,P015,Dining Table,Furniture,Surat,Store,UPI,1,24006.07,0.15,24006.07,20405.16,0,5477.76,2025,8,August,Wednesday,24006.07,20405.159499999998
2025-08-20,ORD041507,CUST00400,P005,Office Chair,Furniture,Ahmedabad,Online,Credit Card,1,9426.51,0.0,9426.51,9426.51,0,2461.56,2025,8,August,Wednesday,9426.51,9426.51
2025-08-20,ORD007469,CUST04608,P020,Microwave,Home,Mumbai,Online,Net Banking,2,10023.26,0.05,20046.52,19044.19,0,4348.4,2025,8,August,Wednesday,20046.52,19044.194
2025-08-20,ORD039389,CUST00335,P019,Vacuum Cleaner,Home,Surat,Online,Credit Card,1,8974.15,0.15,8974.15,7628.03,0,681.66,2025,8,August,Wednesday,8974.15,7628.027499999999
2025-08-20,ORD002815,CUST04896,P007,Backpack,Accessories,Chennai,Store,Credit Card,1,2199.03,0.1,2199.03,1979.13,0,278.95,2025,8,August,Wednesday,2199.03,1979.1270000000002
2025-08-20,ORD039169,CUST01959,P020,Microwave,Home,Hyderabad,Online,Debit Card,2,10417.33,0.05,20834.66,19792.93,0,3521.46,2025,8,August,Wednesday,20834.66,19792.927
2025-08-20,ORD033273,CUST04969,P001,Laptop,Electronics,Delhi,Online,UPI,1,61190.92,0.0,61190.92,61190.92,0,16234.32,2025,8,August,Wednesday,61190.92,61190.92
2025-08-20,ORD001242,CUST03580,P001,Laptop,Electronics,Surat,Store,Credit Card,4,60475.9,0.15,241903.6,205618.06,0,14826.88,2025,8,August,Wednesday,241903.6,205618.06
2025-08-20,ORD039275,CUST03247,P017,Jeans,Fashion,Kolkata,Online,UPI,2,2991.71,0.2,5983.42,4786.74,0,522.78,2025,8,August,Wednesday,5983.42,4786.736
2025-08-20,ORD018003,CUST00259,P002,Smartphone,Electronics,Pune,Store,UPI,2,25343.21,0.05,50686.42,48152.1,0,6829.42,2025,8,August,Wednesday,50686.42,48152.098999999995
2025-08-20,ORD021851,CUST01124,P010,Coffee Maker,Home,Kolkata,Online,Debit Card,1,6039.16,0.1,6039.16,5435.24,0,1516.46,2025,8,August,Wednesday,6039.16,5435.244
2025-08-20,ORD003575,CUST01931,P007,Backpack,Accessories,Kolkata,Store,Debit Card,1,2128.53,0.1,2128.53,1915.68,0,386.77,2025,8,August,Wednesday,2128.53,1915.6770000000001
2025-08-20,ORD024355,CUST02604,P010,Coffee Maker,Home,Surat,Store,Credit Card,2,5044.01,0.1,10088.02,9079.22,0,1924.18,2025,8,August,Wednesday,10088.02,9079.218
2025-08-20,ORD026407,CUST04359,P005,Office Chair,Furniture,Hyderabad,Store,Credit Card,2,8682.85,0.1,17365.7,15629.13,0,3093.92,2025,8,August,Wednesday,17365.7,15629.130000000001
2025-08-20,ORD024362,CUST04883,P003,Headphones,Electronics,Bengaluru,Store,Net Banking,2,4241.68,0.1,8483.36,7635.02,0,925.05,2025,8,August,Wednesday,8483.36,7635.024
2025-08-20,ORD026716,CUST01502,P018,Jacket,Fashion,Hyderabad,Online,UPI,2,5464.64,0.2,10929.28,8743.42,0,2124.69,2025,8,August,Wednesday,10929.28,8743.424
2025-08-20,ORD041261,CUST00966,P019,Vacuum Cleaner,Home,Hyderabad,Online,Debit Card,1,9625.13,0.1,9625.13,8662.62,0,2034.72,2025,8,August,Wednesday,9625.13,8662.617
2025-08-20,ORD037001,CUST02334,P013,Monitor,Electronics,Mumbai,Online,Credit Card,4,16478.15,0.1,65912.6,59321.34,0,14953.85,2025,8,August,Wednesday,65912.6,59321.340000000004
2025-08-20,ORD030720,CUST00310,P007,Backpack,Accessories,Hyderabad,Online,UPI,3,1986.79,0.1,5960.37,5364.33,0,614.97,2025,8,August,Wednesday,5960.37,5364.333
2025-08-20,ORD022694,CUST02082,P018,Jacket,Fashion,Chennai,Store,Credit Card,1,4840.07,0.0,4840.07,4840.07,0,428.69,2025,8,August,Wednesday,4840.07,4840.07
2025-08-20,ORD032173,CUST00432,P003,Headphones,Electronics,Pune,Online,UPI,1,4153.01,0.25,4153.01,3114.76,0,685.95,2025,8,August,Wednesday,4153.01,3114.7575
2025-08-20,ORD023209,CUST02227,P006,Desk,Furniture,Chennai,Online,Net Banking,2,10881.19,0.2,21762.38,17409.9,0,4458.92,2025,8,August,Wednesday,21762.38,17409.904000000002
2025-08-20,ORD010555,CUST03338,P016,Sofa,Furniture,Kolkata,Online,Credit Card,3,33939.82,0.15,101819.46,86546.54,1,-4327.33,2025,8,August,Wednesday,101819.45999999999,86546.541
2025-08-20,ORD033974,CUST01092,P009,T-Shirt,Fashion,Chennai,Online,UPI,1,1175.53,0.0,1175.53,1175.53,0,224.2,2025,8,August,Wednesday,1175.53,1175.53
2025-08-20,ORD025760,CUST00696,P007,Backpack,Accessories,Pune,Store,UPI,2,2259.99,0.1,4519.98,4067.98,0,490.66,2025,8,August,Wednesday,4519.98,4067.9819999999995
2025-08-20,ORD028076,CUST00803,P014,Keyboard,Electronics,Hyderabad,Store,Cash,1,2480.7,0.0,2480.7,2480.7,0,676.8,2025,8,August,Wednesday,2480.7,2480.7
2025-08-20,ORD006799,CUST01239,P015,Dining Table,Furniture,Ahmedabad,Store,UPI,1,20974.48,0.15,20974.48,17828.31,0,4558.25,2025,8,August,Wednesday,20974.48,17828.308
2025-08-20,ORD004200,CUST01646,P011,Mixer Grinder,Home,Kolkata,Online,UPI,2,5140.07,0.25,10280.14,7710.1,0,530.69,2025,8,August,Wednesday,10280.14,7710.105
2025-08-20,ORD045816,CUST00989,P008,Running Shoes,Fashion,Ahmedabad,Store,Debit Card,4,3808.32,0.15,15233.28,12948.29,0,1615.75,2025,8,August,Wednesday,15233.28,12948.288
2025-08-20,ORD023086,CUST02685,P019,Vacuum Cleaner,Home,Bengaluru,Online,UPI,3,9417.73,0.15,28253.19,24015.21,0,5165.43,2025,8,August,Wednesday,28253.19,24015.211499999998
2025-08-20,ORD048393,CUST02863,P001,Laptop,Electronics,Delhi,Online,Cash,1,65885.28,0.25,65885.28,49413.96,0,7851.1,2025,8,August,Wednesday,65885.28,49413.96
2025-08-20,ORD018852,CUST02545,P018,Jacket,Fashion,Ahmedabad,Store,UPI,5,5321.2,0.1,26606.0,23945.4,0,4955.57,2025,8,August,Wednesday,26606.0,23945.4
2025-08-20,ORD010224,CUST03076,P006,Desk,Furniture,Ahmedabad,Store,UPI,4,12375.16,0.05,49500.64,47025.61,0,7901.54,2025,8,August,Wednesday,49500.64,47025.608
2025-08-20,ORD016966,CUST04967,P016,Sofa,Furniture,Delhi,Online,Credit Card,3,32293.41,0.1,96880.23,87192.21,0,18536.49,2025,8,August,Wednesday,96880.23,87192.207
2025-08-20,ORD046215,CUST00258,P009,T-Shirt,Fashion,Surat,Online,UPI,1,1280.84,0.0,1280.84,1280.84,0,303.13,2025,8,August,Wednesday,1280.84,1280.84
2025-08-20,ORD035178,CUST04028,P010,Coffee Maker,Home,Delhi,Online,UPI,1,5880.03,0.1,5880.03,5292.03,0,1229.59,2025,8,August,Wednesday,5880.03,5292.027
2025-08-20,ORD015714,CUST02995,P001,Laptop,Electronics,Mumbai,Online,UPI,4,62658.55,0.1,250634.2,225570.78,0,54003.63,2025,8,August,Wednesday,250634.2,225570.78000000003
2025-08-20,ORD031712,CUST02175,P008,Running Shoes,Fashion,Ahmedabad,Online,UPI,5,4332.4,0.05,21662.0,20578.9,0,3994.45,2025,8,August,Wednesday,21662.0,20578.899999999998
2025-08-20,ORD030388,CUST01713,P004,Smartwatch,Electronics,Bengaluru,Online,UPI,1,6375.25,0.05,6375.25,6056.49,0,1513.0,2025,8,August,Wednesday,6375.25,6056.487499999999
2025-08-20,ORD034119,CUST01377,P020,Microwave,Home,Delhi,Online,Net Banking,1,11824.48,0.05,11824.48,11233.26,0,1594.47,2025,8,August,Wednesday,11824.48,11233.256
2025-08-20,ORD030615,CUST00025,P004,Smartwatch,Electronics,Bengaluru,Store,Cash,1,7338.43,0.0,7338.43,7338.43,0,2072.5,2025,8,August,Wednesday,7338.43,7338.43
2025-08-20,ORD020527,CUST02229,P012,Air Fryer,Home,Mumbai,Store,UPI,1,7139.02,0.25,7139.02,5354.26,0,294.56,2025,8,August,Wednesday,7139.02,5354.265
2025-08-20,ORD010664,CUST04426,P003,Headphones,Electronics,Kolkata,Online,Cash,1,4578.79,0.1,4578.79,4120.91,0,625.98,2025,8,August,Wednesday,4578.79,4120.911
2025-08-20,ORD001653,CUST04137,P013,Monitor,Electronics,Bengaluru,Online,UPI,2,18894.97,0.1,37789.94,34010.95,0,5326.69,2025,8,August,Wednesday,37789.94,34010.946
2025-08-20,ORD008181,CUST01586,P010,Coffee Maker,Home,Delhi,Online,UPI,1,5482.92,0.0,5482.92,5482.92,0,588.55,2025,8,August,Wednesday,5482.92,5482.92
2025-08-20,ORD012926,CUST03977,P014,Keyboard,Electronics,Hyderabad,Online,Debit Card,1,2588.4,0.15,2588.4,2200.14,0,199.16,2025,8,August,Wednesday,2588.4,2200.14
2025-08-20,ORD011018,CUST04564,P013,Monitor,Electronics,Mumbai,Online,Credit Card,1,17310.66,0.15,17310.66,14714.06,0,1494.53,2025,8,August,Wednesday,17310.66,14714.061
2025-08-21,ORD026706,CUST00430,P006,Desk,Furniture,Surat,Online,Net Banking,1,11946.63,0.05,11946.63,11349.3,0,2168.8,2025,8,August,Thursday,11946.63,11349.298499999999
2025-08-21,ORD003090,CUST02891,P015,Dining Table,Furniture,Chennai,Online,Net Banking,1,19924.68,0.15,19924.68,16935.98,0,4395.47,2025,8,August,Thursday,19924.68,16935.978
2025-08-21,ORD048677,CUST03419,P001,Laptop,Electronics,Hyderabad,Online,UPI,1,68216.88,0.0,68216.88,68216.88,0,14477.47,2025,8,August,Thursday,68216.88,68216.88
2025-08-21,ORD046557,CUST03387,P011,Mixer Grinder,Home,Hyderabad,Online,Credit Card,1,4933.55,0.1,4933.55,4440.2,0,944.84,2025,8,August,Thursday,4933.55,4440.195000000001
2025-08-21,ORD026455,CUST04726,P016,Sofa,Furniture,Hyderabad,Online,UPI,2,37410.28,0.1,74820.56,67338.5,1,-3366.92,2025,8,August,Thursday,74820.56,67338.504
2025-08-21,ORD034388,CUST01289,P018,Jacket,Fashion,Surat,Online,Debit Card,5,5316.58,0.1,26582.9,23924.61,0,3031.26,2025,8,August,Thursday,26582.9,23924.61
2025-08-21,ORD040152,CUST01178,P008,Running Shoes,Fashion,Surat,Online,UPI,1,4169.99,0.15,4169.99,3544.49,0,738.09,2025,8,August,Thursday,4169.99,3544.4914999999996
2025-08-21,ORD047014,CUST01715,P012,Air Fryer,Home,Kolkata,Online,Credit Card,2,6769.11,0.05,13538.22,12861.31,0,1417.07,2025,8,August,Thursday,13538.22,12861.309
2025-08-21,ORD036473,CUST00741,P015,Dining Table,Furniture,Hyderabad,Online,Credit Card,4,22225.4,0.1,88901.6,80011.44,0,16488.53,2025,8,August,Thursday,88901.6,80011.44
2025-08-21,ORD041386,CUST00703,P006,Desk,Furniture,Delhi,Store,Cash,1,12808.25,0.25,12808.25,9606.19,0,1983.83,2025,8,August,Thursday,12808.25,9606.1875
2025-08-21,ORD009122,CUST00462,P005,Office Chair,Furniture,Chennai,Store,UPI,1,8872.04,0.15,8872.04,7541.23,0,1415.07,2025,8,August,Thursday,8872.04,7541.234
2025-08-21,ORD005717,CUST04510,P009,T-Shirt,Fashion,Jaipur,Store,Cash,1,1206.34,0.1,1206.34,1085.71,0,146.19,2025,8,August,Thursday,1206.34,1085.706
2025-08-21,ORD014280,CUST00872,P011,Mixer Grinder,Home,Hyderabad,Store,UPI,1,4895.55,0.15,4895.55,4161.22,0,712.09,2025,8,August,Thursday,4895.55,4161.2175
2025-08-21,ORD000426,CUST03821,P004,Smartwatch,Electronics,Hyderabad,Store,UPI,2,7617.23,0.05,15234.46,14472.74,0,3799.52,2025,8,August,Thursday,15234.46,14472.737
2025-08-21,ORD048015,CUST03563,P018,Jacket,Fashion,Surat,Online,Credit Card,1,5076.65,0.05,5076.65,4822.82,0,477.62,2025,8,August,Thursday,5076.65,4822.817499999999
2025-08-21,ORD020180,CUST01280,P001,Laptop,Electronics,Delhi,Online,Net Banking,1,68696.44,0.15,68696.44,58391.97,0,11135.12,2025,8,August,Thursday,68696.44,58391.974
2025-08-21,ORD030466,CUST02532,P013,Monitor,Electronics,Kolkata,Store,UPI,1,17069.83,0.2,17069.83,13655.86,0,2279.16,2025,8,August,Thursday,17069.83,13655.864000000001
2025-08-21,ORD037662,CUST03745,P018,Jacket,Fashion,Ahmedabad,Online,Credit Card,1,5461.13,0.2,5461.13,4368.9,0,680.87,2025,8,August,Thursday,5461.13,4368.904
2025-08-21,ORD003887,CUST00931,P001,Laptop,Electronics,Bengaluru,Store,Debit Card,5,70299.14,0.1,351495.7,316346.13,0,52099.94,2025,8,August,Thursday,351495.7,316346.13
2025-08-21,ORD009728,CUST04942,P017,Jeans,Fashion,Surat,Online,Net Banking,1,2891.46,0.1,2891.46,2602.31,0,671.6,2025,8,August,Thursday,2891.46,2602.3140000000003
2025-08-21,ORD007390,CUST00846,P016,Sofa,Furniture,Chennai,Online,Credit Card,3,38070.11,0.1,114210.33,102789.3,0,6755.72,2025,8,August,Thursday,114210.33,102789.297
2025-08-21,ORD014900,CUST01911,P020,Microwave,Home,Kolkata,Online,Credit Card,1,10291.49,0.1,10291.49,9262.34,1,-463.12,2025,8,August,Thursday,10291.49,9262.341
2025-08-21,ORD044749,CUST03122,P013,Monitor,Electronics,Kolkata,Store,UPI,1,18015.09,0.0,18015.09,18015.09,0,2770.23,2025,8,August,Thursday,18015.09,18015.09
2025-08-21,ORD046505,CUST03049,P013,Monitor,Electronics,Mumbai,Online,Credit Card,1,18534.86,0.25,18534.86,13901.14,0,2480.07,2025,8,August,Thursday,18534.86,13901.145
2025-08-21,ORD003157,CUST02206,P016,Sofa,Furniture,Delhi,Online,UPI,1,36373.0,0.25,36373.0,27279.75,0,1767.27,2025,8,August,Thursday,36373.0,27279.75
2025-08-21,ORD007897,CUST02416,P013,Monitor,Electronics,Chennai,Online,UPI,4,19330.8,0.1,77323.2,69590.88,0,13550.83,2025,8,August,Thursday,77323.2,69590.88
2025-08-21,ORD002214,CUST01064,P003,Headphones,Electronics,Chennai,Online,Credit Card,2,4851.35,0.05,9702.7,9217.56,0,1380.11,2025,8,August,Thursday,9702.7,9217.565
2025-08-21,ORD029142,CUST03812,P007,Backpack,Accessories,Kolkata,Online,Cash,3,2074.76,0.1,6224.28,5601.85,0,1518.27,2025,8,August,Thursday,6224.280000000001,5601.852
2025-08-21,ORD004108,CUST04988,P007,Backpack,Accessories,Delhi,Online,UPI,1,2334.63,0.1,2334.63,2101.17,0,568.92,2025,8,August,Thursday,2334.63,2101.1670000000004
2025-08-21,ORD023943,CUST01642,P010,Coffee Maker,Home,Kolkata,Online,Credit Card,2,5614.88,0.1,11229.76,10106.78,0,1695.94,2025,8,August,Thursday,11229.76,10106.784
2025-08-21,ORD020107,CUST04925,P010,Coffee Maker,Home,Surat,Online,Debit Card,2,5926.45,0.15,11852.9,10074.96,0,2126.1,2025,8,August,Thursday,11852.9,10074.965
2025-08-21,ORD019833,CUST00597,P003,Headphones,Electronics,Surat,Online,UPI,1,4856.7,0.1,4856.7,4371.03,0,578.96,2025,8,August,Thursday,4856.7,4371.03
2025-08-21,ORD037026,CUST03215,P007,Backpack,Accessories,Delhi,Store,Credit Card,1,2014.27,0.1,2014.27,1812.84,0,269.93,2025,8,August,Thursday,2014.27,1812.843
2025-08-21,ORD013843,CUST01322,P001,Laptop,Electronics,Delhi,Store,UPI,1,62069.1,0.0,62069.1,62069.1,0,12409.65,2025,8,August,Thursday,62069.1,62069.1
2025-08-21,ORD041327,CUST03463,P016,Sofa,Furniture,Hyderabad,Store,Cash,5,34164.39,0.1,170821.95,153739.76,0,21269.93,2025,8,August,Thursday,170821.95,153739.755
2025-08-21,ORD037713,CUST00044,P003,Headphones,Electronics,Ahmedabad,Store,UPI,1,4368.57,0.0,4368.57,4368.57,1,-218.43,2025,8,August,Thursday,4368.57,4368.57
2025-08-21,ORD042178,CUST01428,P007,Backpack,Accessories,Bengaluru,Online,UPI,4,2246.77,0.15,8987.08,7639.02,0,1647.09,2025,8,August,Thursday,8987.08,7639.018
2025-08-21,ORD007467,CUST02037,P004,Smartwatch,Electronics,Bengaluru,Online,Net Banking,1,6362.74,0.15,6362.74,5408.33,1,-270.42,2025,8,August,Thursday,6362.74,5408.329
2025-08-21,ORD021469,CUST00917,P011,Mixer Grinder,Home,Pune,Store,Credit Card,1,4966.61,0.0,4966.61,4966.61,0,456.67,2025,8,August,Thursday,4966.61,4966.61
2025-08-21,ORD035488,CUST01620,P012,Air Fryer,Home,Ahmedabad,Online,Net Banking,2,6849.71,0.2,13699.42,10959.54,0,1079.3,2025,8,August,Thursday,13699.42,10959.536
2025-08-21,ORD033988,CUST00042,P008,Running Shoes,Fashion,Hyderabad,Store,UPI,1,4241.5,0.15,4241.5,3605.28,0,472.69,2025,8,August,Thursday,4241.5,3605.275
2025-08-21,ORD007023,CUST01017,P005,Office Chair,Furniture,Pune,Online,UPI,2,8833.31,0.05,17666.62,16783.29,0,4194.64,2025,8,August,Thursday,17666.62,16783.288999999997
2025-08-21,ORD006848,CUST02278,P003,Headphones,Electronics,Kolkata,Online,Cash,1,4280.69,0.1,4280.69,3852.62,0,921.55,2025,8,August,Thursday,4280.69,3852.6209999999996
2025-08-21,ORD016085,CUST01936,P001,Laptop,Electronics,Surat,Store,Cash,1,69268.76,0.1,69268.76,62341.88,0,14829.5,2025,8,August,Thursday,69268.76,62341.884
2025-08-21,ORD047942,CUST00341,P014,Keyboard,Electronics,Ahmedabad,Online,Credit Card,5,2277.01,0.0,11385.05,11385.05,0,3023.62,2025,8,August,Thursday,11385.050000000001,11385.05
2025-08-21,ORD035363,CUST03488,P013,Monitor,Electronics,Jaipur,Online,UPI,2,17274.3,0.0,34548.6,34548.6,0,9585.77,2025,8,August,Thursday,34548.6,34548.6
2025-08-21,ORD015854,CUST03635,P003,Headphones,Electronics,Jaipur,Online,UPI,1,4130.93,0.1,4130.93,3717.84,0,411.21,2025,8,August,Thursday,4130.93,3717.8370000000004
2025-08-21,ORD039967,CUST02644,P009,T-Shirt,Fashion,Bengaluru,Online,Credit Card,1,1086.01,0.2,1086.01,868.81,0,145.81,2025,8,August,Thursday,1086.01,868.808
2025-08-21,ORD035833,CUST03662,P019,Vacuum Cleaner,Home,Ahmedabad,Store,Debit Card,1,9670.06,0.05,9670.06,9186.56,0,811.65,2025,8,August,Thursday,9670.06,9186.556999999999
2025-08-21,ORD038251,CUST00810,P003,Headphones,Electronics,Bengaluru,Online,Debit Card,1,4167.48,0.2,4167.48,3333.98,0,432.58,2025,8,August,Thursday,4167.48,3333.984
2025-08-21,ORD013420,CUST03530,P017,Jeans,Fashion,Ahmedabad,Store,UPI,1,2895.64,0.0,2895.64,2895.64,0,333.74,2025,8,August,Thursday,2895.64,2895.64
2025-08-21,ORD048072,CUST02324,P002,Smartphone,Electronics,Surat,Online,Debit Card,2,29219.52,0.0,58439.04,58439.04,1,-2921.95,2025,8,August,Thursday,58439.04,58439.04
2025-08-21,ORD045488,CUST01366,P020,Microwave,Home,Mumbai,Online,Net Banking,2,9994.35,0.1,19988.7,17989.83,0,3982.63,2025,8,August,Thursday,19988.7,17989.83
2025-08-21,ORD030700,CUST04958,P013,Monitor,Electronics,Delhi,Store,UPI,4,16353.48,0.2,65413.92,52331.14,0,7246.91,2025,8,August,Thursday,65413.92,52331.136
2025-08-21,ORD048444,CUST04313,P017,Jeans,Fashion,Mumbai,Store,UPI,1,2537.16,0.0,2537.16,2537.16,0,663.12,2025,8,August,Thursday,2537.16,2537.16
2025-08-21,ORD008505,CUST00525,P018,Jacket,Fashion,Surat,Online,Debit Card,2,4901.6,0.1,9803.2,8822.88,0,1258.2,2025,8,August,Thursday,9803.2,8822.880000000001
2025-08-21,ORD045484,CUST04263,P020,Microwave,Home,Mumbai,Online,Credit Card,1,11114.72,0.05,11114.72,10558.98,0,1134.19,2025,8,August,Thursday,11114.72,10558.983999999999
2025-08-21,ORD004288,CUST04796,P013,Monitor,Electronics,Pune,Online,Net Banking,4,16752.22,0.0,67008.88,67008.88,0,6618.69,2025,8,August,Thursday,67008.88,67008.88
2025-08-21,ORD035416,CUST03654,P019,Vacuum Cleaner,Home,Pune,Online,Credit Card,1,8745.48,0.05,8745.48,8308.21,0,622.21,2025,8,August,Thursday,8745.48,8308.205999999998
2025-08-21,ORD023780,CUST03551,P017,Jeans,Fashion,Delhi,Store,Debit Card,5,2654.14,0.05,13270.7,12607.16,0,3528.83,2025,8,August,Thursday,13270.699999999999,12607.165
2025-08-21,ORD014500,CUST02016,P015,Dining Table,Furniture,Kolkata,Online,Debit Card,1,22841.48,0.2,22841.48,18273.18,0,2840.15,2025,8,August,Thursday,22841.48,18273.184
2025-08-21,ORD014519,CUST03123,P006,Desk,Furniture,Ahmedabad,Online,UPI,1,12643.04,0.1,12643.04,11378.74,0,2301.84,2025,8,August,Thursday,12643.04,11378.736
2025-08-21,ORD028425,CUST00366,P012,Air Fryer,Home,Ahmedabad,Online,UPI,5,7805.55,0.1,39027.75,35124.98,0,3693.22,2025,8,August,Thursday,39027.75,35124.975
2025-08-21,ORD009783,CUST00283,P017,Jeans,Fashion,Bengaluru,Online,Debit Card,3,2747.35,0.1,8242.05,7417.84,0,653.09,2025,8,August,Thursday,8242.05,7417.844999999999
2025-08-21,ORD017665,CUST02789,P007,Backpack,Accessories,Chennai,Online,Credit Card,4,2006.97,0.05,8027.88,7626.49,1,-381.32,2025,8,August,Thursday,8027.88,7626.486
2025-08-21,ORD035539,CUST00361,P017,Jeans,Fashion,Surat,Online,Debit Card,2,2749.35,0.25,5498.7,4124.02,0,525.21,2025,8,August,Thursday,5498.7,4124.025
2025-08-21,ORD002561,CUST01295,P015,Dining Table,Furniture,Pune,Online,UPI,1,21309.8,0.05,21309.8,20244.31,0,5224.47,2025,8,August,Thursday,21309.8,20244.309999999998
2025-08-21,ORD025529,CUST04224,P017,Jeans,Fashion,Ahmedabad,Online,UPI,1,3029.35,0.1,3029.35,2726.42,0,278.87,2025,8,August,Thursday,3029.35,2726.415
2025-08-21,ORD047551,CUST01433,P018,Jacket,Fashion,Delhi,Store,Cash,2,5407.63,0.15,10815.26,9192.97,0,1281.19,2025,8,August,Thursday,10815.26,9192.971
2025-08-21,ORD009136,CUST01673,P008,Running Shoes,Fashion,Bengaluru,Online,UPI,2,4004.46,0.1,8008.92,7208.03,0,1751.52,2025,8,August,Thursday,8008.92,7208.028
2025-08-21,ORD045039,CUST02998,P012,Air Fryer,Home,Hyderabad,Online,Net Banking,1,7719.92,0.0,7719.92,7719.92,0,1259.05,2025,8,August,Thursday,7719.92,7719.92
2025-08-21,ORD015614,CUST04090,P012,Air Fryer,Home,Bengaluru,Store,Debit Card,2,7237.31,0.1,14474.62,13027.16,0,1404.81,2025,8,August,Thursday,14474.62,13027.158000000001
2025-08-21,ORD049660,CUST01184,P007,Backpack,Accessories,Bengaluru,Store,UPI,1,2257.39,0.05,2257.39,2144.52,0,594.81,2025,8,August,Thursday,2257.39,2144.5204999999996
2025-08-21,ORD000951,CUST00458,P004,Smartwatch,Electronics,Mumbai,Store,Net Banking,1,7273.5,0.0,7273.5,7273.5,0,1645.69,2025,8,August,Thursday,7273.5,7273.5
2025-08-22,ORD024476,CUST00055,P020,Microwave,Home,Jaipur,Store,Credit Card,2,10101.04,0.0,20202.08,20202.08,1,-1010.1,2025,8,August,Friday,20202.08,20202.08
2025-08-22,ORD043913,CUST03055,P008,Running Shoes,Fashion,Chennai,Store,Cash,1,4258.45,0.1,4258.45,3832.6,1,-191.63,2025,8,August,Friday,4258.45,3832.605
2025-08-22,ORD041181,CUST01020,P003,Headphones,Electronics,Kolkata,Store,Credit Card,1,4549.95,0.05,4549.95,4322.45,1,-216.12,2025,8,August,Friday,4549.95,4322.452499999999
2025-08-22,ORD034288,CUST01431,P009,T-Shirt,Fashion,Delhi,Online,Cash,5,1219.05,0.05,6095.25,5790.49,0,1433.92,2025,8,August,Friday,6095.25,5790.4875
2025-08-22,ORD046850,CUST04980,P017,Jeans,Fashion,Mumbai,Store,Credit Card,1,2629.59,0.1,2629.59,2366.63,0,415.65,2025,8,August,Friday,2629.59,2366.6310000000003
2025-08-22,ORD012234,CUST03570,P005,Office Chair,Furniture,Chennai,Online,Debit Card,1,10327.92,0.2,10327.92,8262.34,0,1181.2,2025,8,August,Friday,10327.92,8262.336000000001
2025-08-22,ORD047374,CUST00255,P001,Laptop,Electronics,Delhi,Online,Debit Card,1,69979.97,0.15,69979.97,59482.97,0,13791.59,2025,8,August,Friday,69979.97,59482.9745
2025-08-22,ORD019187,CUST01473,P013,Monitor,Electronics,Jaipur,Online,Cash,5,19407.91,0.05,97039.55,92187.57,0,19361.62,2025,8,August,Friday,97039.55,92187.5725
2025-08-22,ORD040814,CUST04387,P002,Smartphone,Electronics,Bengaluru,Store,Net Banking,4,26096.13,0.05,104384.52,99165.29,0,25379.29,2025,8,August,Friday,104384.52,99165.294
2025-08-22,ORD044108,CUST03527,P018,Jacket,Fashion,Surat,Store,Net Banking,5,4687.67,0.05,23438.35,22266.43,0,5418.21,2025,8,August,Friday,23438.35,22266.4325
2025-08-22,ORD049045,CUST04949,P001,Laptop,Electronics,Ahmedabad,Store,Credit Card,3,60777.24,0.05,182331.72,173215.13,0,30593.76,2025,8,August,Friday,182331.72,173215.134
2025-08-22,ORD007273,CUST03248,P011,Mixer Grinder,Home,Delhi,Online,Net Banking,2,4545.29,0.05,9090.58,8636.05,1,-431.8,2025,8,August,Friday,9090.58,8636.051
2025-08-22,ORD042636,CUST00780,P020,Microwave,Home,Mumbai,Store,Net Banking,1,9916.78,0.1,9916.78,8925.1,0,1175.47,2025,8,August,Friday,9916.78,8925.102
2025-08-22,ORD032640,CUST03971,P007,Backpack,Accessories,Hyderabad,Online,Credit Card,1,2253.34,0.05,2253.34,2140.67,0,613.89,2025,8,August,Friday,2253.34,2140.6730000000002
2025-08-22,ORD044240,CUST00991,P013,Monitor,Electronics,Surat,Store,UPI,1,17311.64,0.2,17311.64,13849.31,0,1278.23,2025,8,August,Friday,17311.64,13849.312
2025-08-22,ORD031570,CUST01932,P003,Headphones,Electronics,Bengaluru,Online,Credit Card,4,4240.09,0.05,16960.36,16112.34,0,2288.56,2025,8,August,Friday,16960.36,16112.342
2025-08-22,ORD002415,CUST00778,P015,Dining Table,Furniture,Hyderabad,Store,Debit Card,1,21765.7,0.1,21765.7,19589.13,0,2807.3,2025,8,August,Friday,21765.7,19589.13
2025-08-22,ORD028896,CUST02408,P004,Smartwatch,Electronics,Hyderabad,Online,Net Banking,5,6974.09,0.1,34870.45,31383.4,0,2049.81,2025,8,August,Friday,34870.45,31383.405
2025-08-22,ORD014108,CUST00146,P005,Office Chair,Furniture,Hyderabad,Online,Credit Card,2,10061.98,0.1,20123.96,18111.56,0,3525.19,2025,8,August,Friday,20123.96,18111.564
2025-08-22,ORD014212,CUST00938,P005,Office Chair,Furniture,Delhi,Online,Credit Card,1,8641.6,0.0,8641.6,8641.6,0,967.99,2025,8,August,Friday,8641.6,8641.6
2025-08-22,ORD016922,CUST02995,P008,Running Shoes,Fashion,Delhi,Online,UPI,2,3837.41,0.2,7674.82,6139.86,0,725.53,2025,8,August,Friday,7674.82,6139.856
2025-08-22,ORD012060,CUST04124,P016,Sofa,Furniture,Mumbai,Store,Cash,2,37906.38,0.05,75812.76,72022.12,0,19542.43,2025,8,August,Friday,75812.76,72022.12199999999
2025-08-22,ORD003757,CUST00097,P001,Laptop,Electronics,Hyderabad,Online,UPI,2,61598.51,0.1,123197.02,110877.32,0,28252.9,2025,8,August,Friday,123197.02,110877.318
2025-08-22,ORD025564,CUST04662,P004,Smartwatch,Electronics,Chennai,Online,Cash,1,6674.73,0.1,6674.73,6007.26,0,862.38,2025,8,August,Friday,6674.73,6007.257
2025-08-22,ORD037272,CUST00142,P018,Jacket,Fashion,Hyderabad,Online,Net Banking,1,4927.93,0.05,4927.93,4681.53,0,996.65,2025,8,August,Friday,4927.93,4681.5335000000005
2025-08-22,ORD004990,CUST03632,P006,Desk,Furniture,Mumbai,Online,Debit Card,1,11591.22,0.1,11591.22,10432.1,0,2896.73,2025,8,August,Friday,11591.22,10432.098
2025-08-22,ORD009909,CUST02218,P005,Office Chair,Furniture,Kolkata,Store,UPI,1,8574.06,0.0,8574.06,8574.06,0,1451.92,2025,8,August,Friday,8574.06,8574.06
2025-08-22,ORD040600,CUST00966,P016,Sofa,Furniture,Delhi,Store,Debit Card,5,33787.56,0.15,168937.8,143597.13,0,11650.63,2025,8,August,Friday,168937.8,143597.12999999998
2025-08-22,ORD010537,CUST04917,P006,Desk,Furniture,Kolkata,Online,UPI,1,10937.03,0.0,10937.03,10937.03,1,-546.85,2025,8,August,Friday,10937.03,10937.03
2025-08-22,ORD006664,CUST03592,P018,Jacket,Fashion,Mumbai,Store,UPI,1,4994.5,0.15,4994.5,4245.32,0,575.22,2025,8,August,Friday,4994.5,4245.325
2025-08-22,ORD035640,CUST03827,P014,Keyboard,Electronics,Kolkata,Online,Credit Card,1,2382.77,0.05,2382.77,2263.63,0,442.63,2025,8,August,Friday,2382.77,2263.6315
2025-08-22,ORD045785,CUST01219,P009,T-Shirt,Fashion,Pune,Store,Credit Card,2,1108.32,0.2,2216.64,1773.31,0,272.66,2025,8,August,Friday,2216.64,1773.312
2025-08-22,ORD000736,CUST03339,P004,Smartwatch,Electronics,Jaipur,Online,UPI,2,7050.97,0.0,14101.94,14101.94,0,1959.21,2025,8,August,Friday,14101.94,14101.94
2025-08-22,ORD047620,CUST04245,P007,Backpack,Accessories,Ahmedabad,Store,UPI,1,2107.55,0.05,2107.55,2002.17,0,395.84,2025,8,August,Friday,2107.55,2002.1725000000001
2025-08-22,ORD029858,CUST03895,P005,Office Chair,Furniture,Hyderabad,Online,Debit Card,3,10392.86,0.1,31178.58,28060.72,0,4792.26,2025,8,August,Friday,31178.58,28060.722
2025-08-22,ORD007185,CUST03951,P009,T-Shirt,Fashion,Hyderabad,Store,UPI,1,1087.37,0.0,1087.37,1087.37,0,300.6,2025,8,August,Friday,1087.37,1087.37
2025-08-22,ORD048776,CUST02393,P011,Mixer Grinder,Home,Ahmedabad,Online,Credit Card,1,4807.29,0.25,4807.29,3605.47,1,-180.27,2025,8,August,Friday,4807.29,3605.4674999999997
2025-08-22,ORD032474,CUST00196,P020,Microwave,Home,Surat,Online,UPI,2,11962.3,0.0,23924.6,23924.6,0,5852.84,2025,8,August,Friday,23924.6,23924.6
2025-08-22,ORD022251,CUST00078,P013,Monitor,Electronics,Pune,Online,Credit Card,1,17583.92,0.2,17583.92,14067.14,0,1072.85,2025,8,August,Friday,17583.92,14067.135999999999
2025-08-22,ORD036681,CUST00492,P010,Coffee Maker,Home,Surat,Online,Credit Card,2,5063.08,0.25,10126.16,7594.62,0,1356.06,2025,8,August,Friday,10126.16,7594.62
2025-08-22,ORD006250,CUST04285,P012,Air Fryer,Home,Ahmedabad,Store,UPI,1,6620.54,0.15,6620.54,5627.46,0,1334.29,2025,8,August,Friday,6620.54,5627.459
2025-08-22,ORD024640,CUST04155,P015,Dining Table,Furniture,Jaipur,Online,UPI,2,19896.12,0.1,39792.24,35813.02,0,6267.6,2025,8,August,Friday,39792.24,35813.015999999996
2025-08-22,ORD033612,CUST04720,P004,Smartwatch,Electronics,Surat,Store,Credit Card,1,6808.48,0.15,6808.48,5787.21,0,1114.45,2025,8,August,Friday,6808.48,5787.208
2025-08-22,ORD020701,CUST03745,P003,Headphones,Electronics,Surat,Store,Credit Card,1,4431.19,0.2,4431.19,3544.95,0,701.47,2025,8,August,Friday,4431.19,3544.9519999999998
2025-08-22,ORD019238,CUST00592,P015,Dining Table,Furniture,Chennai,Online,Cash,1,21044.23,0.05,21044.23,19992.02,0,1671.97,2025,8,August,Friday,21044.23,19992.0185
2025-08-22,ORD019110,CUST02173,P002,Smartphone,Electronics,Kolkata,Store,Credit Card,1,29133.7,0.15,29133.7,24763.64,0,1328.02,2025,8,August,Friday,29133.7,24763.645
2025-08-22,ORD041536,CUST01198,P017,Jeans,Fashion,Hyderabad,Online,Cash,1,2863.08,0.0,2863.08,2863.08,0,384.99,2025,8,August,Friday,2863.08,2863.08
2025-08-22,ORD007114,CUST02754,P010,Coffee Maker,Home,Kolkata,Store,Net Banking,1,4954.18,0.2,4954.18,3963.34,0,389.14,2025,8,August,Friday,4954.18,3963.3440000000005
2025-08-22,ORD035120,CUST00091,P017,Jeans,Fashion,Surat,Store,UPI,2,2987.08,0.05,5974.16,5675.45,0,1135.54,2025,8,August,Friday,5974.16,5675.451999999999
2025-08-22,ORD028145,CUST04056,P014,Keyboard,Electronics,Chennai,Online,UPI,3,2267.42,0.1,6802.26,6122.03,0,576.92,2025,8,August,Friday,6802.26,6122.034000000001
2025-08-22,ORD022490,CUST02760,P001,Laptop,Electronics,Kolkata,Online,UPI,1,64846.18,0.1,64846.18,58361.56,0,9045.24,2025,8,August,Friday,64846.18,58361.562
2025-08-22,ORD010279,CUST04614,P009,T-Shirt,Fashion,Bengaluru,Store,Credit Card,4,1279.36,0.0,5117.44,5117.44,0,819.11,2025,8,August,Friday,5117.44,5117.44
2025-08-22,ORD022147,CUST03270,P008,Running Shoes,Fashion,Mumbai,Online,Cash,1,4089.55,0.2,4089.55,3271.64,0,682.05,2025,8,August,Friday,4089.55,3271.6400000000003
2025-08-22,ORD045046,CUST00799,P005,Office Chair,Furniture,Ahmedabad,Online,UPI,1,9877.47,0.0,9877.47,9877.47,0,1543.82,2025,8,August,Friday,9877.47,9877.47
2025-08-22,ORD009328,CUST00352,P012,Air Fryer,Home,Kolkata,Store,UPI,2,6691.64,0.05,13383.28,12714.12,1,-635.71,2025,8,August,Friday,13383.28,12714.116
2025-08-22,ORD023589,CUST04247,P017,Jeans,Fashion,Ahmedabad,Online,UPI,2,2542.6,0.1,5085.2,4576.68,0,709.99,2025,8,August,Friday,5085.2,4576.68
2025-08-22,ORD001189,CUST01854,P013,Monitor,Electronics,Bengaluru,Online,Credit Card,1,19648.15,0.0,19648.15,19648.15,0,5355.54,2025,8,August,Friday,19648.15,19648.15
2025-08-22,ORD011822,CUST03489,P001,Laptop,Electronics,Surat,Online,UPI,2,62952.95,0.1,125905.9,113315.31,0,24070.26,2025,8,August,Friday,125905.9,113315.31
2025-08-22,ORD010311,CUST00760,P008,Running Shoes,Fashion,Mumbai,Store,UPI,1,4075.51,0.05,4075.51,3871.73,0,584.48,2025,8,August,Friday,4075.51,3871.7345
2025-08-22,ORD019277,CUST02822,P003,Headphones,Electronics,Ahmedabad,Online,Credit Card,1,4142.89,0.15,4142.89,3521.46,0,286.33,2025,8,August,Friday,4142.89,3521.4565000000002
2025-08-22,ORD003552,CUST03450,P013,Monitor,Electronics,Delhi,Store,UPI,1,18173.28,0.1,18173.28,16355.95,0,3117.86,2025,8,August,Friday,18173.28,16355.952
2025-08-22,ORD030934,CUST00245,P017,Jeans,Fashion,Pune,Online,Debit Card,1,2893.04,0.05,2893.04,2748.39,0,515.94,2025,8,August,Friday,2893.04,2748.388
2025-08-22,ORD009767,CUST01893,P008,Running Shoes,Fashion,Chennai,Online,Debit Card,2,4358.71,0.1,8717.42,7845.68,0,834.33,2025,8,August,Friday,8717.42,7845.678
2025-08-22,ORD015593,CUST03234,P006,Desk,Furniture,Jaipur,Store,UPI,5,12822.63,0.05,64113.15,60907.49,0,10961.49,2025,8,August,Friday,64113.149999999994,60907.4925
2025-08-22,ORD014554,CUST02722,P007,Backpack,Accessories,Kolkata,Store,UPI,2,2336.64,0.2,4673.28,3738.62,0,526.13,2025,8,August,Friday,4673.28,3738.624
2025-08-22,ORD027458,CUST01471,P007,Backpack,Accessories,Mumbai,Online,UPI,1,2072.83,0.1,2072.83,1865.55,0,433.45,2025,8,August,Friday,2072.83,1865.547
2025-08-22,ORD024746,CUST04969,P005,Office Chair,Furniture,Pune,Online,Net Banking,2,9682.43,0.0,19364.86,19364.86,0,1868.18,2025,8,August,Friday,19364.86,19364.86
2025-08-22,ORD029392,CUST03888,P013,Monitor,Electronics,Chennai,Store,UPI,4,18728.88,0.0,74915.52,74915.52,0,6081.93,2025,8,August,Friday,74915.52,74915.52
2025-08-22,ORD012424,CUST04429,P008,Running Shoes,Fashion,Chennai,Store,UPI,1,3918.16,0.1,3918.16,3526.34,0,317.94,2025,8,August,Friday,3918.16,3526.344
2025-08-23,ORD022997,CUST03653,P010,Coffee Maker,Home,Mumbai,Store,UPI,1,5905.2,0.0,5905.2,5905.2,0,871.67,2025,8,August,Saturday,5905.2,5905.2
2025-08-23,ORD033523,CUST03815,P008,Running Shoes,Fashion,Jaipur,Online,Credit Card,1,4167.27,0.0,4167.27,4167.27,0,526.28,2025,8,August,Saturday,4167.27,4167.27
2025-08-23,ORD002515,CUST01691,P004,Smartwatch,Electronics,Kolkata,Store,Cash,1,6425.3,0.05,6425.3,6104.04,0,1357.68,2025,8,August,Saturday,6425.3,6104.035
2025-08-23,ORD035944,CUST01190,P008,Running Shoes,Fashion,Surat,Online,UPI,1,4254.74,0.15,4254.74,3616.53,0,883.82,2025,8,August,Saturday,4254.74,3616.5289999999995
2025-08-23,ORD021447,CUST02907,P003,Headphones,Electronics,Surat,Online,UPI,1,4516.71,0.05,4516.71,4290.87,0,1197.33,2025,8,August,Saturday,4516.71,4290.8745
2025-08-23,ORD018239,CUST04790,P020,Microwave,Home,Mumbai,Store,Credit Card,2,10198.53,0.25,20397.06,15297.8,0,3346.87,2025,8,August,Saturday,20397.06,15297.795000000002
2025-08-23,ORD036169,CUST00396,P006,Desk,Furniture,Mumbai,Store,Debit Card,1,11010.18,0.25,11010.18,8257.64,0,353.99,2025,8,August,Saturday,11010.18,8257.635
2025-08-23,ORD014075,CUST00785,P008,Running Shoes,Fashion,Ahmedabad,Online,UPI,2,4577.11,0.0,9154.22,9154.22,0,759.8,2025,8,August,Saturday,9154.22,9154.22
2025-08-23,ORD038099,CUST00795,P002,Smartphone,Electronics,Mumbai,Online,Debit Card,1,27582.58,0.05,27582.58,26203.45,0,2570.08,2025,8,August,Saturday,27582.58,26203.451
2025-08-23,ORD007055,CUST04083,P006,Desk,Furniture,Jaipur,Online,Net Banking,1,12856.75,0.05,12856.75,12213.91,0,2435.8,2025,8,August,Saturday,12856.75,12213.912499999999
2025-08-23,ORD010917,CUST02939,P003,Headphones,Electronics,Delhi,Online,UPI,2,4134.52,0.15,8269.04,7028.68,0,786.36,2025,8,August,Saturday,8269.04,7028.684
2025-08-23,ORD028890,CUST04784,P019,Vacuum Cleaner,Home,Chennai,Online,Net Banking,1,8388.74,0.25,8388.74,6291.56,0,570.7,2025,8,August,Saturday,8388.74,6291.555
2025-08-23,ORD001418,CUST02156,P009,T-Shirt,Fashion,Kolkata,Online,Net Banking,2,1274.12,0.15,2548.24,2166.0,0,113.31,2025,8,August,Saturday,2548.24,2166.004
2025-08-23,ORD033986,CUST04289,P001,Laptop,Electronics,Ahmedabad,Online,UPI,2,59699.14,0.1,119398.28,107458.45,0,29211.15,2025,8,August,Saturday,119398.28,107458.452
2025-08-23,ORD045256,CUST04649,P001,Laptop,Electronics,Jaipur,Online,UPI,1,70110.75,0.1,70110.75,63099.68,0,11954.73,2025,8,August,Saturday,70110.75,63099.675
2025-08-23,ORD021445,CUST03477,P016,Sofa,Furniture,Jaipur,Online,Credit Card,1,31677.67,0.0,31677.67,31677.67,1,-1583.88,2025,8,August,Saturday,31677.67,31677.67
2025-08-23,ORD006230,CUST04182,P004,Smartwatch,Electronics,Kolkata,Online,Debit Card,2,7021.47,0.2,14042.94,11234.35,0,2809.1,2025,8,August,Saturday,14042.94,11234.352
2025-08-23,ORD022688,CUST01437,P011,Mixer Grinder,Home,Hyderabad,Online,Credit Card,1,5038.77,0.25,5038.77,3779.08,0,400.3,2025,8,August,Saturday,5038.77,3779.0775000000003
2025-08-23,ORD012099,CUST03622,P017,Jeans,Fashion,Surat,Online,Credit Card,4,2723.15,0.25,10892.6,8169.45,0,859.68,2025,8,August,Saturday,10892.6,8169.450000000001
2025-08-23,ORD046951,CUST03953,P010,Coffee Maker,Home,Pune,Online,Debit Card,1,5631.78,0.15,5631.78,4787.01,0,437.22,2025,8,August,Saturday,5631.78,4787.013
2025-08-23,ORD033958,CUST04186,P014,Keyboard,Electronics,Surat,Online,Debit Card,1,2408.4,0.05,2408.4,2287.98,0,581.66,2025,8,August,Saturday,2408.4,2287.98
2025-08-23,ORD048519,CUST03673,P017,Jeans,Fashion,Bengaluru,Online,UPI,2,2603.82,0.2,5207.64,4166.11,0,543.06,2025,8,August,Saturday,5207.64,4166.112
2025-08-23,ORD005000,CUST03573,P019,Vacuum Cleaner,Home,Jaipur,Store,UPI,4,8386.58,0.0,33546.32,33546.32,0,3033.64,2025,8,August,Saturday,33546.32,33546.32
2025-08-23,ORD031873,CUST00299,P007,Backpack,Accessories,Hyderabad,Store,Debit Card,4,2184.54,0.05,8738.16,8301.25,0,2274.57,2025,8,August,Saturday,8738.16,8301.251999999999
2025-08-23,ORD003706,CUST02903,P017,Jeans,Fashion,Kolkata,Store,Net Banking,1,2751.06,0.0,2751.06,2751.06,0,328.12,2025,8,August,Saturday,2751.06,2751.06
2025-08-23,ORD017139,CUST00227,P011,Mixer Grinder,Home,Surat,Store,Credit Card,3,5171.64,0.05,15514.92,14739.17,0,4219.68,2025,8,August,Saturday,15514.920000000002,14739.173999999999
2025-08-23,ORD030802,CUST03899,P018,Jacket,Fashion,Surat,Store,Cash,5,4731.64,0.15,23658.2,20109.47,0,1223.66,2025,8,August,Saturday,23658.2,20109.47
2025-08-23,ORD013526,CUST00233,P015,Dining Table,Furniture,Pune,Store,UPI,1,23136.48,0.05,23136.48,21979.66,0,6106.56,2025,8,August,Saturday,23136.48,21979.656
2025-08-23,ORD046451,CUST04159,P010,Coffee Maker,Home,Chennai,Store,UPI,1,5455.28,0.05,5455.28,5182.52,0,432.04,2025,8,August,Saturday,5455.28,5182.516
2025-08-23,ORD025301,CUST01133,P007,Backpack,Accessories,Jaipur,Online,Net Banking,3,2052.15,0.0,6156.45,6156.45,0,1819.52,2025,8,August,Saturday,6156.450000000001,6156.45
2025-08-23,ORD007238,CUST00869,P018,Jacket,Fashion,Surat,Store,Credit Card,2,5449.31,0.2,10898.62,8718.9,0,445.96,2025,8,August,Saturday,10898.62,8718.896
2025-08-23,ORD032955,CUST02966,P011,Mixer Grinder,Home,Kolkata,Online,Debit Card,2,5178.12,0.0,10356.24,10356.24,0,1338.62,2025,8,August,Saturday,10356.24,10356.24
2025-08-23,ORD034156,CUST02394,P012,Air Fryer,Home,Hyderabad,Store,Credit Card,2,6954.94,0.15,13909.88,11823.4,0,2647.59,2025,8,August,Saturday,13909.88,11823.398
2025-08-23,ORD046066,CUST00242,P002,Smartphone,Electronics,Jaipur,Online,Credit Card,1,30083.11,0.0,30083.11,30083.11,0,4144.32,2025,8,August,Saturday,30083.11,30083.11
2025-08-23,ORD017034,CUST03741,P004,Smartwatch,Electronics,Hyderabad,Store,UPI,1,7392.96,0.15,7392.96,6284.02,0,1426.97,2025,8,August,Saturday,7392.96,6284.016
2025-08-23,ORD037332,CUST01110,P017,Jeans,Fashion,Bengaluru,Store,Credit Card,1,2646.41,0.1,2646.41,2381.77,0,516.1,2025,8,August,Saturday,2646.41,2381.769
2025-08-23,ORD017942,CUST03011,P004,Smartwatch,Electronics,Kolkata,Online,UPI,1,7065.18,0.05,7065.18,6711.92,0,1220.58,2025,8,August,Saturday,7065.18,6711.921
2025-08-23,ORD034367,CUST04856,P017,Jeans,Fashion,Mumbai,Online,UPI,1,2693.73,0.0,2693.73,2693.73,0,618.52,2025,8,August,Saturday,2693.73,2693.73
2025-08-23,ORD007210,CUST00122,P018,Jacket,Fashion,Pune,Online,Debit Card,3,5011.44,0.05,15034.32,14282.6,0,2573.37,2025,8,August,Saturday,15034.32,14282.604
2025-08-23,ORD037301,CUST04868,P001,Laptop,Electronics,Hyderabad,Online,Credit Card,1,59899.32,0.1,59899.32,53909.39,0,5953.82,2025,8,August,Saturday,59899.32,53909.388
2025-08-23,ORD013020,CUST02803,P020,Microwave,Home,Ahmedabad,Online,Cash,2,10368.36,0.05,20736.72,19699.88,0,5533.43,2025,8,August,Saturday,20736.72,19699.884000000002
2025-08-23,ORD017025,CUST04820,P010,Coffee Maker,Home,Ahmedabad,Store,Credit Card,1,5959.4,0.1,5959.4,5363.46,0,1369.18,2025,8,August,Saturday,5959.4,5363.46
2025-08-23,ORD010378,CUST02216,P016,Sofa,Furniture,Chennai,Online,UPI,1,34909.7,0.2,34909.7,27927.76,0,2085.92,2025,8,August,Saturday,34909.7,27927.76
2025-08-23,ORD010838,CUST01186,P012,Air Fryer,Home,Chennai,Online,Cash,1,7808.57,0.05,7808.57,7418.14,0,1581.58,2025,8,August,Saturday,7808.57,7418.1415
2025-08-23,ORD006513,CUST04318,P019,Vacuum Cleaner,Home,Mumbai,Online,Debit Card,1,9642.08,0.1,9642.08,8677.87,0,2068.46,2025,8,August,Saturday,9642.08,8677.872
2025-08-23,ORD008384,CUST02787,P016,Sofa,Furniture,Hyderabad,Online,UPI,1,36409.86,0.1,36409.86,32768.87,0,2141.93,2025,8,August,Saturday,36409.86,32768.874
2025-08-23,ORD031220,CUST04701,P019,Vacuum Cleaner,Home,Jaipur,Online,UPI,1,8436.95,0.05,8436.95,8015.1,0,1479.96,2025,8,August,Saturday,8436.95,8015.1025
2025-08-23,ORD002474,CUST00045,P010,Coffee Maker,Home,Hyderabad,Store,UPI,1,5256.52,0.1,5256.52,4730.87,0,1227.27,2025,8,August,Saturday,5256.52,4730.868
2025-08-23,ORD027443,CUST03772,P005,Office Chair,Furniture,Hyderabad,Online,Credit Card,3,9594.0,0.1,28782.0,25903.8,0,2701.61,2025,8,August,Saturday,28782.0,25903.8
2025-08-23,ORD023222,CUST03518,P012,Air Fryer,Home,Mumbai,Online,Credit Card,1,7910.41,0.1,7910.41,7119.37,0,1122.52,2025,8,August,Saturday,7910.41,7119.369
2025-08-23,ORD019210,CUST01184,P004,Smartwatch,Electronics,Mumbai,Online,UPI,3,7683.16,0.0,23049.48,23049.48,0,6693.2,2025,8,August,Saturday,23049.48,23049.48
2025-08-23,ORD019399,CUST04093,P003,Headphones,Electronics,Bengaluru,Online,Credit Card,3,4452.94,0.0,13358.82,13358.82,0,1573.31,2025,8,August,Saturday,13358.82,13358.82
2025-08-23,ORD041943,CUST03201,P019,Vacuum Cleaner,Home,Ahmedabad,Store,Cash,2,8393.61,0.0,16787.22,16787.22,0,3932.98,2025,8,August,Saturday,16787.22,16787.22
2025-08-23,ORD045807,CUST00256,P007,Backpack,Accessories,Kolkata,Online,UPI,1,2169.68,0.05,2169.68,2061.2,0,574.31,2025,8,August,Saturday,2169.68,2061.196
2025-08-23,ORD010885,CUST03214,P008,Running Shoes,Fashion,Ahmedabad,Store,Credit Card,1,4582.73,0.2,4582.73,3666.18,0,324.26,2025,8,August,Saturday,4582.73,3666.1839999999997
2025-08-23,ORD033148,CUST03272,P020,Microwave,Home,Bengaluru,Store,UPI,3,11521.57,0.1,34564.71,31108.24,0,8038.52,2025,8,August,Saturday,34564.71,31108.239
2025-08-23,ORD011252,CUST01884,P015,Dining Table,Furniture,Kolkata,Store,UPI,1,24011.7,0.2,24011.7,19209.36,0,1162.94,2025,8,August,Saturday,24011.7,19209.36
2025-08-23,ORD015901,CUST02195,P005,Office Chair,Furniture,Bengaluru,Online,UPI,2,9156.64,0.05,18313.28,17397.62,0,2454.09,2025,8,August,Saturday,18313.28,17397.615999999998
2025-08-23,ORD011217,CUST01487,P016,Sofa,Furniture,Jaipur,Store,Debit Card,1,33808.39,0.1,33808.39,30427.55,1,-1521.38,2025,8,August,Saturday,33808.39,30427.551
2025-08-23,ORD005590,CUST00070,P012,Air Fryer,Home,Ahmedabad,Online,Credit Card,2,7080.83,0.0,14161.66,14161.66,0,4185.75,2025,8,August,Saturday,14161.66,14161.66
2025-08-23,ORD033094,CUST01333,P014,Keyboard,Electronics,Chennai,Store,UPI,3,2472.55,0.15,7417.65,6305.0,0,1598.77,2025,8,August,Saturday,7417.650000000001,6305.0025
2025-08-23,ORD005674,CUST02433,P012,Air Fryer,Home,Kolkata,Store,Cash,4,7768.7,0.2,31074.8,24859.84,0,2258.69,2025,8,August,Saturday,31074.8,24859.84
2025-08-23,ORD017847,CUST01144,P015,Dining Table,Furniture,Chennai,Online,UPI,2,20245.88,0.15,40491.76,34418.0,0,6501.15,2025,8,August,Saturday,40491.76,34417.996
2025-08-23,ORD016599,CUST03822,P017,Jeans,Fashion,Pune,Online,Cash,1,2680.74,0.0,2680.74,2680.74,0,376.93,2025,8,August,Saturday,2680.74,2680.74
2025-08-23,ORD020871,CUST03648,P007,Backpack,Accessories,Delhi,Store,Net Banking,1,2059.31,0.0,2059.31,2059.31,0,206.0,2025,8,August,Saturday,2059.31,2059.31
2025-08-23,ORD032320,CUST00720,P003,Headphones,Electronics,Bengaluru,Store,UPI,1,4703.85,0.1,4703.85,4233.46,0,1144.18,2025,8,August,Saturday,4703.85,4233.465
2025-08-23,ORD040652,CUST01508,P018,Jacket,Fashion,Pune,Store,Credit Card,1,5494.38,0.15,5494.38,4670.22,0,439.31,2025,8,August,Saturday,5494.38,4670.223
2025-08-23,ORD028442,CUST03787,P015,Dining Table,Furniture,Bengaluru,Online,Debit Card,1,21076.94,0.05,21076.94,20023.09,0,4928.99,2025,8,August,Saturday,21076.94,20023.092999999997
2025-08-23,ORD020063,CUST00471,P001,Laptop,Electronics,Jaipur,Online,Credit Card,1,65484.9,0.15,65484.9,55662.16,0,5735.43,2025,8,August,Saturday,65484.9,55662.165
2025-08-23,ORD016154,CUST03880,P017,Jeans,Fashion,Hyderabad,Store,Credit Card,1,2725.42,0.1,2725.42,2452.88,0,482.91,2025,8,August,Saturday,2725.42,2452.878
2025-08-23,ORD024676,CUST00944,P016,Sofa,Furniture,Delhi,Online,UPI,1,34327.02,0.0,34327.02,34327.02,0,5411.89,2025,8,August,Saturday,34327.02,34327.02
2025-08-23,ORD038828,CUST02241,P005,Office Chair,Furniture,Bengaluru,Online,Credit Card,1,8904.4,0.1,8904.4,8013.96,0,1193.99,2025,8,August,Saturday,8904.4,8013.96
2025-08-23,ORD018519,CUST01117,P002,Smartphone,Electronics,Chennai,Store,UPI,2,28050.81,0.05,56101.62,53296.54,0,3991.89,2025,8,August,Saturday,56101.62,53296.539
2025-08-23,ORD012238,CUST02021,P014,Keyboard,Electronics,Kolkata,Store,UPI,2,2675.94,0.0,5351.88,5351.88,0,771.31,2025,8,August,Saturday,5351.88,5351.88
2025-08-23,ORD049748,CUST00197,P007,Backpack,Accessories,Jaipur,Online,Debit Card,1,2259.92,0.25,2259.92,1694.94,0,400.21,2025,8,August,Saturday,2259.92,1694.94
2025-08-23,ORD040695,CUST02667,P020,Microwave,Home,Surat,Online,Cash,1,10304.46,0.05,10304.46,9789.24,0,1125.66,2025,8,August,Saturday,10304.46,9789.237
2025-08-23,ORD014142,CUST01026,P010,Coffee Maker,Home,Mumbai,Online,Debit Card,1,5721.93,0.0,5721.93,5721.93,0,473.93,2025,8,August,Saturday,5721.93,5721.93
2025-08-23,ORD043392,CUST01433,P016,Sofa,Furniture,Kolkata,Online,UPI,1,31769.02,0.0,31769.02,31769.02,0,3318.2,2025,8,August,Saturday,31769.02,31769.02
2025-08-23,ORD028077,CUST02037,P002,Smartphone,Electronics,Jaipur,Online,Credit Card,1,26126.52,0.2,26126.52,20901.22,0,5295.78,2025,8,August,Saturday,26126.52,20901.216
2025-08-23,ORD038917,CUST01324,P017,Jeans,Fashion,Bengaluru,Store,Debit Card,2,2560.66,0.1,5121.32,4609.19,0,635.27,2025,8,August,Saturday,5121.32,4609.188
2025-08-23,ORD000372,CUST01602,P018,Jacket,Fashion,Mumbai,Online,Credit Card,3,5006.43,0.2,15019.29,12015.43,0,1198.65,2025,8,August,Saturday,15019.29,12015.432
2025-08-23,ORD032113,CUST04612,P008,Running Shoes,Fashion,Kolkata,Online,UPI,1,4450.67,0.05,4450.67,4228.14,0,788.02,2025,8,August,Saturday,4450.67,4228.1365
2025-08-23,ORD039191,CUST01527,P013,Monitor,Electronics,Ahmedabad,Online,Debit Card,5,18004.24,0.0,90021.2,90021.2,0,12781.81,2025,8,August,Saturday,90021.20000000001,90021.2
2025-08-23,ORD039566,CUST01168,P016,Sofa,Furniture,Ahmedabad,Online,UPI,1,33450.3,0.0,33450.3,33450.3,1,-1672.52,2025,8,August,Saturday,33450.3,33450.3
2025-08-23,ORD039197,CUST04756,P002,Smartphone,Electronics,Mumbai,Online,UPI,2,27619.95,0.0,55239.9,55239.9,0,7568.48,2025,8,August,Saturday,55239.9,55239.9
2025-08-23,ORD004785,CUST03186,P003,Headphones,Electronics,Ahmedabad,Store,UPI,4,4239.61,0.05,16958.44,16110.52,0,2951.62,2025,8,August,Saturday,16958.44,16110.517999999998
2025-08-23,ORD047298,CUST04605,P003,Headphones,Electronics,Jaipur,Store,Net Banking,1,4584.87,0.1,4584.87,4126.38,0,584.23,2025,8,August,Saturday,4584.87,4126.383
2025-08-23,ORD049720,CUST03046,P012,Air Fryer,Home,Jaipur,Online,Debit Card,1,7876.32,0.15,7876.32,6694.87,0,859.03,2025,8,August,Saturday,7876.32,6694.871999999999
2025-08-23,ORD038471,CUST02069,P015,Dining Table,Furniture,Kolkata,Store,Debit Card,1,21386.57,0.1,21386.57,19247.91,0,1618.27,2025,8,August,Saturday,21386.57,19247.913
2025-08-24,ORD008814,CUST04445,P001,Laptop,Electronics,Delhi,Online,Debit Card,4,67608.75,0.1,270435.0,243391.5,0,67670.52,2025,8,August,Sunday,270435.0,243391.5
2025-08-24,ORD027432,CUST03025,P012,Air Fryer,Home,Ahmedabad,Store,Credit Card,1,7694.85,0.1,7694.85,6925.37,0,1782.02,2025,8,August,Sunday,7694.85,6925.365000000001
2025-08-24,ORD044359,CUST02059,P012,Air Fryer,Home,Delhi,Store,Cash,1,7048.63,0.2,7048.63,5638.9,0,635.95,2025,8,August,Sunday,7048.63,5638.904
2025-08-24,ORD025430,CUST01434,P012,Air Fryer,Home,Kolkata,Store,Cash,1,6513.14,0.1,6513.14,5861.83,0,1463.91,2025,8,August,Sunday,6513.14,5861.826
2025-08-24,ORD004358,CUST00335,P002,Smartphone,Electronics,Jaipur,Online,Credit Card,1,27342.12,0.1,27342.12,24607.91,0,6088.67,2025,8,August,Sunday,27342.12,24607.908
2025-08-24,ORD003046,CUST01881,P001,Laptop,Electronics,Pune,Online,UPI,1,62199.25,0.15,62199.25,52869.36,0,3303.56,2025,8,August,Sunday,62199.25,52869.362499999996
2025-08-24,ORD040411,CUST03135,P017,Jeans,Fashion,Pune,Online,UPI,5,2689.97,0.25,13449.85,10087.39,0,845.67,2025,8,August,Sunday,13449.849999999999,10087.3875
2025-08-24,ORD013111,CUST03924,P006,Desk,Furniture,Chennai,Online,UPI,5,12192.47,0.05,60962.35,57914.23,0,5653.5,2025,8,August,Sunday,60962.35,57914.2325
2025-08-24,ORD034459,CUST03031,P008,Running Shoes,Fashion,Bengaluru,Online,Debit Card,1,4581.13,0.1,4581.13,4123.02,0,1068.44,2025,8,August,Sunday,4581.13,4123.017
2025-08-24,ORD014717,CUST03332,P018,Jacket,Fashion,Mumbai,Store,Net Banking,2,5537.32,0.05,11074.64,10520.91,0,1355.71,2025,8,August,Sunday,11074.64,10520.908
2025-08-24,ORD005208,CUST01882,P011,Mixer Grinder,Home,Chennai,Store,Credit Card,4,5071.15,0.05,20284.6,19270.37,0,4979.05,2025,8,August,Sunday,20284.6,19270.37
2025-08-24,ORD020597,CUST01932,P018,Jacket,Fashion,Pune,Store,UPI,1,5501.31,0.1,5501.31,4951.18,1,-247.56,2025,8,August,Sunday,5501.31,4951.179
2025-08-24,ORD037714,CUST00175,P020,Microwave,Home,Jaipur,Online,UPI,1,11397.88,0.1,11397.88,10258.09,0,1286.98,2025,8,August,Sunday,11397.88,10258.091999999999
2025-08-24,ORD029952,CUST02158,P019,Vacuum Cleaner,Home,Pune,Store,UPI,5,8195.42,0.1,40977.1,36879.39,1,-1843.97,2025,8,August,Sunday,40977.1,36879.39
2025-08-24,ORD000228,CUST00341,P017,Jeans,Fashion,Delhi,Online,Credit Card,1,2524.29,0.0,2524.29,2524.29,0,222.34,2025,8,August,Sunday,2524.29,2524.29
2025-08-24,ORD034447,CUST03094,P010,Coffee Maker,Home,Delhi,Online,UPI,1,5587.17,0.05,5587.17,5307.81,0,1498.95,2025,8,August,Sunday,5587.17,5307.8115
2025-08-24,ORD020371,CUST02909,P009,T-Shirt,Fashion,Mumbai,Online,UPI,1,1084.89,0.1,1084.89,976.4,0,117.71,2025,8,August,Sunday,1084.89,976.4010000000001
2025-08-24,ORD010532,CUST03098,P017,Jeans,Fashion,Pune,Store,UPI,1,2527.49,0.2,2527.49,2021.99,0,153.86,2025,8,August,Sunday,2527.49,2021.992
2025-08-24,ORD009998,CUST04940,P004,Smartwatch,Electronics,Mumbai,Store,Debit Card,1,7585.91,0.15,7585.91,6448.02,0,1199.11,2025,8,August,Sunday,7585.91,6448.023499999999
2025-08-24,ORD043572,CUST00149,P018,Jacket,Fashion,Surat,Online,Cash,1,4698.73,0.05,4698.73,4463.79,0,1049.33,2025,8,August,Sunday,4698.73,4463.7935
2025-08-24,ORD017243,CUST04481,P004,Smartwatch,Electronics,Pune,Online,Credit Card,1,6625.83,0.25,6625.83,4969.37,0,300.86,2025,8,August,Sunday,6625.83,4969.3724999999995
2025-08-24,ORD019637,CUST02711,P015,Dining Table,Furniture,Jaipur,Online,Credit Card,1,20415.66,0.1,20415.66,18374.09,1,-918.7,2025,8,August,Sunday,20415.66,18374.094
2025-08-24,ORD013157,CUST03054,P009,T-Shirt,Fashion,Hyderabad,Store,Net Banking,2,1156.33,0.1,2312.66,2081.39,0,222.51,2025,8,August,Sunday,2312.66,2081.394
2025-08-24,ORD044763,CUST02517,P004,Smartwatch,Electronics,Surat,Online,UPI,2,6930.07,0.1,13860.14,12474.13,0,3424.34,2025,8,August,Sunday,13860.14,12474.126
2025-08-24,ORD049298,CUST04594,P014,Keyboard,Electronics,Surat,Store,UPI,5,2250.91,0.0,11254.55,11254.55,0,928.97,2025,8,August,Sunday,11254.55,11254.55
2025-08-24,ORD009372,CUST04286,P002,Smartphone,Electronics,Surat,Online,Cash,4,29420.29,0.1,117681.16,105913.04,0,26272.69,2025,8,August,Sunday,117681.16,105913.04400000001
2025-08-24,ORD003431,CUST04990,P013,Monitor,Electronics,Chennai,Online,UPI,1,16292.54,0.05,16292.54,15477.91,0,1838.25,2025,8,August,Sunday,16292.54,15477.913
2025-08-24,ORD005563,CUST01351,P018,Jacket,Fashion,Chennai,Online,Net Banking,1,5508.32,0.25,5508.32,4131.24,1,-206.56,2025,8,August,Sunday,5508.32,4131.24
2025-08-24,ORD010527,CUST01510,P005,Office Chair,Furniture,Pune,Online,UPI,2,9825.37,0.05,19650.74,18668.2,0,4262.84,2025,8,August,Sunday,19650.74,18668.203
2025-08-24,ORD029641,CUST04731,P018,Jacket,Fashion,Pune,Online,Credit Card,2,4823.32,0.15,9646.64,8199.64,0,1041.49,2025,8,August,Sunday,9646.64,8199.643999999998
2025-08-24,ORD031397,CUST01331,P019,Vacuum Cleaner,Home,Surat,Store,UPI,4,9691.28,0.1,38765.12,34888.61,0,5424.1,2025,8,August,Sunday,38765.12,34888.608
2025-08-24,ORD003639,CUST04437,P014,Keyboard,Electronics,Bengaluru,Store,Debit Card,1,2355.98,0.1,2355.98,2120.38,0,345.89,2025,8,August,Sunday,2355.98,2120.382
2025-08-24,ORD018513,CUST04934,P016,Sofa,Furniture,Mumbai,Online,UPI,1,34263.16,0.15,34263.16,29123.69,0,2850.54,2025,8,August,Sunday,34263.16,29123.686
2025-08-24,ORD000567,CUST01621,P018,Jacket,Fashion,Ahmedabad,Store,Credit Card,1,5389.98,0.1,5389.98,4850.98,0,575.05,2025,8,August,Sunday,5389.98,4850.982
2025-08-24,ORD040221,CUST04699,P004,Smartwatch,Electronics,Ahmedabad,Store,UPI,1,7691.96,0.15,7691.96,6538.17,1,-326.91,2025,8,August,Sunday,7691.96,6538.166
2025-08-24,ORD024866,CUST01198,P015,Dining Table,Furniture,Mumbai,Online,UPI,3,21026.63,0.05,63079.89,59925.9,0,13083.97,2025,8,August,Sunday,63079.89,59925.8955
2025-08-24,ORD008089,CUST04834,P016,Sofa,Furniture,Mumbai,Online,UPI,4,36593.02,0.1,146372.08,131734.87,0,26933.12,2025,8,August,Sunday,146372.08,131734.872
2025-08-24,ORD005754,CUST04996,P003,Headphones,Electronics,Bengaluru,Store,Net Banking,2,4895.03,0.0,9790.06,9790.06,0,1585.68,2025,8,August,Sunday,9790.06,9790.06
2025-08-24,ORD045049,CUST00998,P020,Microwave,Home,Pune,Online,Net Banking,2,11626.81,0.0,23253.62,23253.62,0,3957.12,2025,8,August,Sunday,23253.62,23253.62
2025-08-24,ORD018598,CUST01608,P020,Microwave,Home,Chennai,Online,Credit Card,1,11369.8,0.0,11369.8,11369.8,0,2630.72,2025,8,August,Sunday,11369.8,11369.8
2025-08-24,ORD039071,CUST04842,P012,Air Fryer,Home,Delhi,Store,Credit Card,1,7705.16,0.05,7705.16,7319.9,0,1400.71,2025,8,August,Sunday,7705.16,7319.901999999999
2025-08-24,ORD039036,CUST01702,P017,Jeans,Fashion,Jaipur,Online,Credit Card,1,2842.72,0.15,2842.72,2416.31,1,-120.82,2025,8,August,Sunday,2842.72,2416.312
2025-08-24,ORD010854,CUST04865,P005,Office Chair,Furniture,Pune,Online,Credit Card,3,9402.64,0.1,28207.92,25387.13,0,3146.7,2025,8,August,Sunday,28207.92,25387.128
2025-08-24,ORD007505,CUST01787,P013,Monitor,Electronics,Bengaluru,Store,UPI,2,17332.21,0.1,34664.42,31197.98,0,4722.62,2025,8,August,Sunday,34664.42,31197.978
2025-08-24,ORD023506,CUST03415,P004,Smartwatch,Electronics,Jaipur,Store,UPI,5,6574.98,0.2,32874.9,26299.92,0,6475.56,2025,8,August,Sunday,32874.899999999994,26299.920000000002
2025-08-24,ORD042240,CUST04422,P016,Sofa,Furniture,Pune,Store,UPI,1,33349.68,0.05,33349.68,31682.2,0,3628.28,2025,8,August,Sunday,33349.68,31682.196
2025-08-24,ORD048895,CUST00371,P015,Dining Table,Furniture,Chennai,Online,Debit Card,1,23812.7,0.1,23812.7,21431.43,0,4943.07,2025,8,August,Sunday,23812.7,21431.43
2025-08-24,ORD031206,CUST02802,P016,Sofa,Furniture,Hyderabad,Online,Debit Card,1,35794.44,0.1,35794.44,32215.0,0,3257.19,2025,8,August,Sunday,35794.44,32214.996000000003
2025-08-24,ORD045275,CUST00889,P011,Mixer Grinder,Home,Jaipur,Online,Net Banking,1,5180.66,0.05,5180.66,4921.63,0,606.49,2025,8,August,Sunday,5180.66,4921.6269999999995
2025-08-24,ORD034345,CUST04414,P004,Smartwatch,Electronics,Pune,Store,UPI,2,7652.43,0.05,15304.86,14539.62,0,3281.16,2025,8,August,Sunday,15304.86,14539.617
2025-08-24,ORD041681,CUST02617,P017,Jeans,Fashion,Kolkata,Online,Credit Card,1,2762.83,0.05,2762.83,2624.69,0,302.76,2025,8,August,Sunday,2762.83,2624.6884999999997
2025-08-24,ORD013394,CUST00882,P014,Keyboard,Electronics,Pune,Online,Debit Card,3,2359.04,0.2,7077.12,5661.7,0,1083.8,2025,8,August,Sunday,7077.12,5661.696
2025-08-24,ORD026641,CUST02459,P018,Jacket,Fashion,Hyderabad,Store,UPI,1,4831.51,0.15,4831.51,4106.78,0,527.37,2025,8,August,Sunday,4831.51,4106.7835000000005
2025-08-24,ORD014631,CUST01866,P005,Office Chair,Furniture,Delhi,Online,Credit Card,1,8925.21,0.1,8925.21,8032.69,0,1302.87,2025,8,August,Sunday,8925.21,8032.688999999999
2025-08-24,ORD014894,CUST04570,P003,Headphones,Electronics,Bengaluru,Online,Debit Card,1,4107.28,0.1,4107.28,3696.55,0,469.88,2025,8,August,Sunday,4107.28,3696.5519999999997
2025-08-24,ORD031442,CUST03414,P012,Air Fryer,Home,Kolkata,Online,Credit Card,1,6703.59,0.05,6703.59,6368.41,1,-318.42,2025,8,August,Sunday,6703.59,6368.4105
2025-08-24,ORD035248,CUST00417,P019,Vacuum Cleaner,Home,Surat,Store,Debit Card,1,8498.21,0.0,8498.21,8498.21,0,2282.59,2025,8,August,Sunday,8498.21,8498.21
2025-08-24,ORD031903,CUST01262,P017,Jeans,Fashion,Pune,Online,Credit Card,3,2747.62,0.2,8242.86,6594.29,0,281.33,2025,8,August,Sunday,8242.86,6594.2880000000005
2025-08-24,ORD049995,CUST01309,P011,Mixer Grinder,Home,Jaipur,Online,Debit Card,1,4664.47,0.0,4664.47,4664.47,0,1067.1,2025,8,August,Sunday,4664.47,4664.47
2025-08-24,ORD018777,CUST02809,P012,Air Fryer,Home,Mumbai,Online,Cash,1,7585.26,0.05,7585.26,7206.0,0,1746.01,2025,8,August,Sunday,7585.26,7205.997
2025-08-24,ORD042045,CUST00373,P003,Headphones,Electronics,Hyderabad,Online,UPI,1,4535.85,0.15,4535.85,3855.47,0,507.67,2025,8,August,Sunday,4535.85,3855.4725000000003
2025-08-24,ORD032673,CUST04551,P003,Headphones,Electronics,Delhi,Online,Cash,2,4595.08,0.15,9190.16,7811.64,0,1464.4,2025,8,August,Sunday,9190.16,7811.6359999999995
2025-08-24,ORD018789,CUST03727,P003,Headphones,Electronics,Pune,Store,UPI,1,4407.67,0.15,4407.67,3746.52,0,284.23,2025,8,August,Sunday,4407.67,3746.5195
2025-08-24,ORD028270,CUST02288,P010,Coffee Maker,Home,Ahmedabad,Online,UPI,5,5321.84,0.1,26609.2,23948.28,0,6104.76,2025,8,August,Sunday,26609.2,23948.280000000002
2025-08-24,ORD049615,CUST02113,P015,Dining Table,Furniture,Kolkata,Online,UPI,1,20896.58,0.1,20896.58,18806.92,0,2445.42,2025,8,August,Sunday,20896.58,18806.922000000002
2025-08-24,ORD002478,CUST02818,P017,Jeans,Fashion,Ahmedabad,Store,Net Banking,3,2795.13,0.2,8385.39,6708.31,0,956.68,2025,8,August,Sunday,8385.39,6708.312
2025-08-24,ORD009650,CUST00900,P017,Jeans,Fashion,Pune,Online,Debit Card,2,2951.56,0.15,5903.12,5017.65,0,1294.41,2025,8,August,Sunday,5903.12,5017.652
2025-08-24,ORD035387,CUST02934,P004,Smartwatch,Electronics,Surat,Store,Credit Card,1,7141.21,0.1,7141.21,6427.09,0,1150.01,2025,8,August,Sunday,7141.21,6427.089
2025-08-24,ORD000831,CUST02047,P012,Air Fryer,Home,Kolkata,Online,Debit Card,1,7892.13,0.1,7892.13,7102.92,0,1132.78,2025,8,August,Sunday,7892.13,7102.917
2025-08-24,ORD003126,CUST03041,P009,T-Shirt,Fashion,Ahmedabad,Store,UPI,2,1166.89,0.0,2333.78,2333.78,0,358.38,2025,8,August,Sunday,2333.78,2333.78
2025-08-24,ORD048032,CUST04042,P014,Keyboard,Electronics,Ahmedabad,Store,UPI,2,2539.75,0.0,5079.5,5079.5,0,981.59,2025,8,August,Sunday,5079.5,5079.5
2025-08-24,ORD049122,CUST01835,P010,Coffee Maker,Home,Surat,Store,UPI,2,5479.98,0.1,10959.96,9863.96,0,2741.44,2025,8,August,Sunday,10959.96,9863.964
2025-08-24,ORD040015,CUST04144,P017,Jeans,Fashion,Kolkata,Online,Debit Card,1,2792.5,0.0,2792.5,2792.5,0,302.07,2025,8,August,Sunday,2792.5,2792.5
2025-08-24,ORD043746,CUST00989,P007,Backpack,Accessories,Mumbai,Store,Net Banking,1,2305.04,0.15,2305.04,1959.28,0,251.01,2025,8,August,Sunday,2305.04,1959.2839999999999
2025-08-24,ORD034130,CUST04675,P009,T-Shirt,Fashion,Chennai,Online,Credit Card,1,1199.73,0.1,1199.73,1079.76,0,239.26,2025,8,August,Sunday,1199.73,1079.757
2025-08-25,ORD021313,CUST00577,P001,Laptop,Electronics,Mumbai,Online,Net Banking,3,66391.93,0.1,199175.79,179258.21,0,27943.08,2025,8,August,Monday,199175.78999999998,179258.211
2025-08-25,ORD037242,CUST03910,P002,Smartphone,Electronics,Kolkata,Store,Debit Card,2,28614.73,0.1,57229.46,51506.51,0,11454.91,2025,8,August,Monday,57229.46,51506.514
2025-08-25,ORD019262,CUST02632,P008,Running Shoes,Fashion,Jaipur,Online,UPI,1,4577.92,0.05,4577.92,4349.02,0,700.33,2025,8,August,Monday,4577.92,4349.023999999999
2025-08-25,ORD046294,CUST00967,P011,Mixer Grinder,Home,Mumbai,Online,UPI,1,5242.1,0.15,5242.1,4455.78,0,372.99,2025,8,August,Monday,5242.1,4455.785
2025-08-25,ORD003568,CUST03186,P017,Jeans,Fashion,Hyderabad,Online,Credit Card,1,2731.82,0.05,2731.82,2595.23,1,-129.76,2025,8,August,Monday,2731.82,2595.229
2025-08-25,ORD039668,CUST03020,P012,Air Fryer,Home,Pune,Online,Credit Card,2,7192.79,0.25,14385.58,10789.18,0,463.49,2025,8,August,Monday,14385.58,10789.185
2025-08-25,ORD022738,CUST00005,P012,Air Fryer,Home,Bengaluru,Online,UPI,1,7835.27,0.1,7835.27,7051.74,0,1533.62,2025,8,August,Monday,7835.27,7051.743
2025-08-25,ORD021275,CUST03634,P010,Coffee Maker,Home,Delhi,Online,Net Banking,3,5139.85,0.1,15419.55,13877.6,0,2370.33,2025,8,August,Monday,15419.550000000001,13877.595
2025-08-25,ORD026949,CUST00361,P004,Smartwatch,Electronics,Hyderabad,Store,Debit Card,1,6864.2,0.2,6864.2,5491.36,0,736.03,2025,8,August,Monday,6864.2,5491.360000000001
2025-08-25,ORD047368,CUST01054,P006,Desk,Furniture,Pune,Store,Debit Card,1,12466.23,0.05,12466.23,11842.92,0,1242.7,2025,8,August,Monday,12466.23,11842.9185
2025-08-25,ORD017615,CUST03711,P003,Headphones,Electronics,Chennai,Online,Net Banking,1,4737.94,0.1,4737.94,4264.15,0,618.14,2025,8,August,Monday,4737.94,4264.146
2025-08-25,ORD032418,CUST03347,P002,Smartphone,Electronics,Ahmedabad,Store,Credit Card,1,25277.71,0.1,25277.71,22749.94,0,2433.38,2025,8,August,Monday,25277.71,22749.939
2025-08-25,ORD005374,CUST00833,P011,Mixer Grinder,Home,Ahmedabad,Store,Credit Card,1,4690.65,0.1,4690.65,4221.58,0,820.79,2025,8,August,Monday,4690.65,4221.585
2025-08-25,ORD037094,CUST01695,P006,Desk,Furniture,Kolkata,Store,Cash,1,11750.11,0.2,11750.11,9400.09,0,553.5,2025,8,August,Monday,11750.11,9400.088000000002
2025-08-25,ORD043267,CUST04165,P017,Jeans,Fashion,Hyderabad,Online,Net Banking,1,3058.35,0.0,3058.35,3058.35,0,709.84,2025,8,August,Monday,3058.35,3058.35
2025-08-25,ORD037297,CUST04564,P014,Keyboard,Electronics,Surat,Online,Credit Card,1,2587.68,0.1,2587.68,2328.91,0,197.33,2025,8,August,Monday,2587.68,2328.912
2025-08-25,ORD013270,CUST01042,P018,Jacket,Fashion,Mumbai,Online,UPI,1,5189.29,0.15,5189.29,4410.9,0,512.93,2025,8,August,Monday,5189.29,4410.8965
2025-08-25,ORD012587,CUST03665,P005,Office Chair,Furniture,Bengaluru,Store,Credit Card,2,9398.46,0.05,18796.92,17857.07,0,2743.09,2025,8,August,Monday,18796.92,17857.073999999997
2025-08-25,ORD033024,CUST03322,P002,Smartphone,Electronics,Mumbai,Store,Debit Card,1,27240.59,0.2,27240.59,21792.47,0,4161.33,2025,8,August,Monday,27240.59,21792.472
2025-08-25,ORD024663,CUST02363,P016,Sofa,Furniture,Delhi,Online,UPI,1,35875.38,0.05,35875.38,34081.61,0,3699.51,2025,8,August,Monday,35875.38,34081.611
2025-08-25,ORD018627,CUST03629,P018,Jacket,Fashion,Bengaluru,Store,Credit Card,1,5222.9,0.15,5222.9,4439.46,0,809.62,2025,8,August,Monday,5222.9,4439.464999999999
2025-08-25,ORD012392,CUST01336,P007,Backpack,Accessories,Bengaluru,Store,Cash,2,2283.09,0.15,4566.18,3881.25,0,840.54,2025,8,August,Monday,4566.18,3881.253
2025-08-25,ORD040829,CUST02849,P005,Office Chair,Furniture,Jaipur,Online,UPI,1,10352.26,0.2,10352.26,8281.81,0,494.63,2025,8,August,Monday,10352.26,8281.808
2025-08-25,ORD013337,CUST04622,P003,Headphones,Electronics,Kolkata,Online,UPI,1,4377.05,0.1,4377.05,3939.34,0,867.1,2025,8,August,Monday,4377.05,3939.3450000000003
2025-08-25,ORD022503,CUST02575,P010,Coffee Maker,Home,Chennai,Store,Cash,1,5969.32,0.15,5969.32,5073.92,0,868.99,2025,8,August,Monday,5969.32,5073.922
2025-08-25,ORD018971,CUST03241,P007,Backpack,Accessories,Pune,Store,Net Banking,1,2378.45,0.05,2378.45,2259.53,0,620.12,2025,8,August,Monday,2378.45,2259.5274999999997
2025-08-25,ORD009308,CUST00958,P015,Dining Table,Furniture,Surat,Store,UPI,1,22899.99,0.05,22899.99,21754.99,0,3017.28,2025,8,August,Monday,22899.99,21754.9905
2025-08-25,ORD022754,CUST03382,P012,Air Fryer,Home,Surat,Online,UPI,1,6561.38,0.0,6561.38,6561.38,0,891.49,2025,8,August,Monday,6561.38,6561.38
2025-08-25,ORD038110,CUST00651,P017,Jeans,Fashion,Mumbai,Online,UPI,2,2992.41,0.2,5984.82,4787.86,0,1226.09,2025,8,August,Monday,5984.82,4787.856
2025-08-25,ORD015547,CUST03258,P012,Air Fryer,Home,Delhi,Store,Net Banking,2,6497.82,0.1,12995.64,11696.08,0,3078.95,2025,8,August,Monday,12995.64,11696.076
2025-08-25,ORD014760,CUST00429,P015,Dining Table,Furniture,Kolkata,Online,Credit Card,1,22716.82,0.05,22716.82,21580.98,0,4505.13,2025,8,August,Monday,22716.82,21580.979
2025-08-25,ORD030903,CUST01628,P014,Keyboard,Electronics,Hyderabad,Online,Debit Card,1,2748.23,0.1,2748.23,2473.41,0,391.06,2025,8,August,Monday,2748.23,2473.407
2025-08-25,ORD007715,CUST00791,P017,Jeans,Fashion,Mumbai,Online,Cash,1,2734.74,0.05,2734.74,2598.0,0,346.37,2025,8,August,Monday,2734.74,2598.0029999999997
2025-08-25,ORD024043,CUST03625,P017,Jeans,Fashion,Mumbai,Online,Debit Card,2,3031.44,0.1,6062.88,5456.59,0,1160.13,2025,8,August,Monday,6062.88,5456.592000000001
2025-08-25,ORD014015,CUST03003,P003,Headphones,Electronics,Bengaluru,Store,UPI,1,4670.74,0.15,4670.74,3970.13,0,781.39,2025,8,August,Monday,4670.74,3970.129
2025-08-25,ORD037737,CUST01817,P007,Backpack,Accessories,Bengaluru,Online,Debit Card,3,2257.01,0.1,6771.03,6093.93,0,502.59,2025,8,August,Monday,6771.030000000001,6093.927
2025-08-25,ORD018368,CUST01634,P003,Headphones,Electronics,Kolkata,Store,Credit Card,2,4852.3,0.25,9704.6,7278.45,0,930.22,2025,8,August,Monday,9704.6,7278.450000000001
2025-08-25,ORD046439,CUST03979,P010,Coffee Maker,Home,Delhi,Online,UPI,2,5391.45,0.0,10782.9,10782.9,0,915.04,2025,8,August,Monday,10782.9,10782.9
2025-08-25,ORD042092,CUST02387,P012,Air Fryer,Home,Pune,Online,Debit Card,1,7465.75,0.2,7465.75,5972.6,0,808.95,2025,8,August,Monday,7465.75,5972.6
2025-08-25,ORD018849,CUST01979,P019,Vacuum Cleaner,Home,Kolkata,Store,Credit Card,1,9798.97,0.05,9798.97,9309.02,0,1708.9,2025,8,August,Monday,9798.97,9309.021499999999
2025-08-25,ORD030800,CUST01071,P007,Backpack,Accessories,Pune,Online,Debit Card,1,2050.51,0.1,2050.51,1845.46,0,487.09,2025,8,August,Monday,2050.51,1845.4590000000003
2025-08-25,ORD033701,CUST00187,P015,Dining Table,Furniture,Kolkata,Store,UPI,1,22699.42,0.05,22699.42,21564.45,0,4527.11,2025,8,August,Monday,22699.42,21564.448999999997
2025-08-25,ORD027263,CUST02080,P012,Air Fryer,Home,Delhi,Online,UPI,1,6926.83,0.0,6926.83,6926.83,0,1498.54,2025,8,August,Monday,6926.83,6926.83
2025-08-25,ORD024486,CUST04592,P014,Keyboard,Electronics,Delhi,Store,Credit Card,1,2488.05,0.05,2488.05,2363.65,0,482.54,2025,8,August,Monday,2488.05,2363.6475
2025-08-25,ORD035728,CUST04300,P018,Jacket,Fashion,Mumbai,Online,Credit Card,1,5651.55,0.2,5651.55,4521.24,0,918.0,2025,8,August,Monday,5651.55,4521.240000000001
2025-08-25,ORD026187,CUST03843,P005,Office Chair,Furniture,Kolkata,Online,UPI,2,8661.47,0.05,17322.94,16456.79,0,1417.54,2025,8,August,Monday,17322.94,16456.792999999998
2025-08-25,ORD045888,CUST01200,P019,Vacuum Cleaner,Home,Chennai,Online,UPI,1,8887.11,0.2,8887.11,7109.69,0,1343.9,2025,8,August,Monday,8887.11,7109.688000000001
2025-08-25,ORD032131,CUST01585,P004,Smartwatch,Electronics,Delhi,Store,Debit Card,1,6983.58,0.0,6983.58,6983.58,0,693.89,2025,8,August,Monday,6983.58,6983.58
2025-08-25,ORD018541,CUST01067,P009,T-Shirt,Fashion,Kolkata,Online,UPI,1,1135.64,0.05,1135.64,1078.86,0,118.64,2025,8,August,Monday,1135.64,1078.858
2025-08-25,ORD019172,CUST03518,P017,Jeans,Fashion,Ahmedabad,Online,Credit Card,1,2874.27,0.05,2874.27,2730.56,0,690.38,2025,8,August,Monday,2874.27,2730.5564999999997
2025-08-25,ORD012694,CUST04887,P013,Monitor,Electronics,Surat,Store,Credit Card,3,18651.15,0.1,55953.45,50358.1,0,3664.94,2025,8,August,Monday,55953.450000000004,50358.104999999996
2025-08-25,ORD027545,CUST02440,P003,Headphones,Electronics,Chennai,Online,Debit Card,1,4878.95,0.25,4878.95,3659.21,1,-182.96,2025,8,August,Monday,4878.95,3659.2124999999996
2025-08-25,ORD022341,CUST03094,P020,Microwave,Home,Delhi,Store,UPI,1,12061.91,0.0,12061.91,12061.91,0,2609.49,2025,8,August,Monday,12061.91,12061.91
2025-08-25,ORD014633,CUST03607,P006,Desk,Furniture,Kolkata,Store,UPI,3,12380.86,0.15,37142.58,31571.19,0,5890.32,2025,8,August,Monday,37142.58,31571.193
2025-08-25,ORD038999,CUST03089,P018,Jacket,Fashion,Jaipur,Store,UPI,1,5157.6,0.1,5157.6,4641.84,0,497.31,2025,8,August,Monday,5157.6,4641.84
2025-08-25,ORD049717,CUST01934,P019,Vacuum Cleaner,Home,Chennai,Store,Debit Card,1,9210.35,0.1,9210.35,8289.32,0,799.79,2025,8,August,Monday,9210.35,8289.315
2025-08-25,ORD041362,CUST01059,P011,Mixer Grinder,Home,Pune,Store,UPI,1,4706.62,0.15,4706.62,4000.63,0,210.58,2025,8,August,Monday,4706.62,4000.627
2025-08-25,ORD019721,CUST01503,P011,Mixer Grinder,Home,Bengaluru,Online,Cash,2,5067.67,0.25,10135.34,7601.5,0,555.37,2025,8,August,Monday,10135.34,7601.505
2025-08-25,ORD001692,CUST00365,P006,Desk,Furniture,Hyderabad,Online,Debit Card,4,11535.96,0.1,46143.84,41529.46,0,9022.92,2025,8,August,Monday,46143.84,41529.456
2025-08-25,ORD011400,CUST02361,P002,Smartphone,Electronics,Jaipur,Online,Net Banking,1,28752.09,0.0,28752.09,28752.09,0,8250.49,2025,8,August,Monday,28752.09,28752.09
2025-08-25,ORD049460,CUST04641,P016,Sofa,Furniture,Surat,Store,Credit Card,1,31670.04,0.0,31670.04,31670.04,0,9408.29,2025,8,August,Monday,31670.04,31670.04
2025-08-25,ORD022420,CUST01627,P013,Monitor,Electronics,Ahmedabad,Online,UPI,2,18673.93,0.2,37347.86,29878.29,0,3440.54,2025,8,August,Monday,37347.86,29878.288
2025-08-25,ORD015600,CUST02153,P009,T-Shirt,Fashion,Pune,Online,Credit Card,2,1111.83,0.1,2223.66,2001.29,0,204.1,2025,8,August,Monday,2223.66,2001.2939999999999
2025-08-25,ORD041635,CUST02906,P009,T-Shirt,Fashion,Mumbai,Store,Credit Card,1,1086.6,0.05,1086.6,1032.27,0,296.21,2025,8,August,Monday,1086.6,1032.2699999999998
2025-08-25,ORD010111,CUST01578,P017,Jeans,Fashion,Delhi,Store,Credit Card,1,2734.43,0.05,2734.43,2597.71,0,369.4,2025,8,August,Monday,2734.43,2597.7084999999997
2025-08-25,ORD010818,CUST04425,P016,Sofa,Furniture,Kolkata,Store,Credit Card,1,37927.83,0.1,37927.83,34135.05,0,2596.49,2025,8,August,Monday,37927.83,34135.047000000006
2025-08-25,ORD025764,CUST02662,P019,Vacuum Cleaner,Home,Pune,Store,UPI,2,9545.25,0.0,19090.5,19090.5,0,2914.27,2025,8,August,Monday,19090.5,19090.5
2025-08-25,ORD025085,CUST00419,P017,Jeans,Fashion,Kolkata,Online,Net Banking,1,2796.92,0.05,2796.92,2657.07,0,346.99,2025,8,August,Monday,2796.92,2657.074
2025-08-25,ORD037121,CUST04714,P004,Smartwatch,Electronics,Mumbai,Online,UPI,1,6633.3,0.1,6633.3,5969.97,0,1050.0,2025,8,August,Monday,6633.3,5969.97
2025-08-25,ORD023303,CUST03394,P008,Running Shoes,Fashion,Hyderabad,Store,UPI,1,4498.0,0.05,4498.0,4273.1,0,866.1,2025,8,August,Monday,4498.0,4273.099999999999
2025-08-26,ORD014940,CUST04494,P016,Sofa,Furniture,Surat,Online,UPI,2,32351.63,0.05,64703.26,61468.1,0,7129.06,2025,8,August,Tuesday,64703.26,61468.097
2025-08-26,ORD034056,CUST02405,P018,Jacket,Fashion,Kolkata,Online,Credit Card,1,5263.03,0.1,5263.03,4736.73,0,350.99,2025,8,August,Tuesday,5263.03,4736.727
2025-08-26,ORD040352,CUST03085,P010,Coffee Maker,Home,Bengaluru,Store,UPI,1,5567.3,0.15,5567.3,4732.2,1,-236.61,2025,8,August,Tuesday,5567.3,4732.205
2025-08-26,ORD035686,CUST00055,P006,Desk,Furniture,Pune,Store,Cash,1,12838.75,0.0,12838.75,12838.75,0,1415.63,2025,8,August,Tuesday,12838.75,12838.75
2025-08-26,ORD006544,CUST00158,P003,Headphones,Electronics,Jaipur,Store,Debit Card,1,4744.83,0.05,4744.83,4507.59,0,611.52,2025,8,August,Tuesday,4744.83,4507.5885
2025-08-26,ORD011082,CUST04244,P019,Vacuum Cleaner,Home,Mumbai,Online,Cash,1,9142.23,0.05,9142.23,8685.12,0,623.49,2025,8,August,Tuesday,9142.23,8685.118499999999
2025-08-26,ORD017049,CUST00935,P016,Sofa,Furniture,Hyderabad,Online,Credit Card,4,37384.49,0.1,149537.96,134584.16,0,32043.35,2025,8,August,Tuesday,149537.96,134584.164
2025-08-26,ORD036411,CUST04913,P016,Sofa,Furniture,Bengaluru,Store,Credit Card,1,37441.74,0.1,37441.74,33697.57,1,-1684.88,2025,8,August,Tuesday,37441.74,33697.566
2025-08-26,ORD006242,CUST00733,P015,Dining Table,Furniture,Bengaluru,Online,UPI,1,23999.9,0.0,23999.9,23999.9,0,5552.99,2025,8,August,Tuesday,23999.9,23999.9
2025-08-26,ORD033498,CUST03866,P005,Office Chair,Furniture,Chennai,Online,Credit Card,1,9517.58,0.1,9517.58,8565.82,0,2101.33,2025,8,August,Tuesday,9517.58,8565.822
2025-08-26,ORD017349,CUST02468,P005,Office Chair,Furniture,Delhi,Online,UPI,1,9946.34,0.05,9946.34,9449.02,0,2472.91,2025,8,August,Tuesday,9946.34,9449.023
2025-08-26,ORD044703,CUST00126,P009,T-Shirt,Fashion,Ahmedabad,Store,Debit Card,1,1223.44,0.05,1223.44,1162.27,0,120.47,2025,8,August,Tuesday,1223.44,1162.268
2025-08-26,ORD048048,CUST02335,P004,Smartwatch,Electronics,Delhi,Online,Credit Card,5,7622.45,0.25,38112.25,28584.19,0,4799.15,2025,8,August,Tuesday,38112.25,28584.1875
2025-08-26,ORD045614,CUST03967,P013,Monitor,Electronics,Mumbai,Store,Net Banking,1,17241.99,0.0,17241.99,17241.99,0,3533.51,2025,8,August,Tuesday,17241.99,17241.99
2025-08-26,ORD029567,CUST03074,P006,Desk,Furniture,Surat,Online,Credit Card,2,13178.58,0.2,26357.16,21085.73,0,3194.97,2025,8,August,Tuesday,26357.16,21085.728000000003
2025-08-26,ORD003643,CUST02268,P013,Monitor,Electronics,Delhi,Store,UPI,5,18566.85,0.1,92834.25,83550.82,0,10554.15,2025,8,August,Tuesday,92834.25,83550.825
2025-08-26,ORD036421,CUST01895,P012,Air Fryer,Home,Chennai,Online,Debit Card,1,7299.58,0.1,7299.58,6569.62,0,719.21,2025,8,August,Tuesday,7299.58,6569.622
2025-08-26,ORD026179,CUST03137,P020,Microwave,Home,Chennai,Online,Debit Card,1,10368.08,0.1,10368.08,9331.27,0,1868.26,2025,8,August,Tuesday,10368.08,9331.272
2025-08-26,ORD026993,CUST01441,P020,Microwave,Home,Kolkata,Online,Debit Card,1,11008.13,0.0,11008.13,11008.13,0,1333.2,2025,8,August,Tuesday,11008.13,11008.13
2025-08-26,ORD026899,CUST02137,P003,Headphones,Electronics,Mumbai,Store,Debit Card,1,4692.66,0.1,4692.66,4223.39,0,744.12,2025,8,August,Tuesday,4692.66,4223.394
2025-08-26,ORD042117,CUST00955,P010,Coffee Maker,Home,Kolkata,Online,UPI,1,5541.06,0.2,5541.06,4432.85,0,498.41,2025,8,August,Tuesday,5541.06,4432.848000000001
2025-08-26,ORD049171,CUST04069,P005,Office Chair,Furniture,Kolkata,Online,Credit Card,1,9102.42,0.15,9102.42,7737.06,0,2082.22,2025,8,August,Tuesday,9102.42,7737.057
2025-08-26,ORD008201,CUST02516,P002,Smartphone,Electronics,Hyderabad,Online,UPI,1,27392.61,0.15,27392.61,23283.72,0,5638.07,2025,8,August,Tuesday,27392.61,23283.7185
2025-08-26,ORD020093,CUST03940,P003,Headphones,Electronics,Jaipur,Store,UPI,5,4347.14,0.0,21735.7,21735.7,0,6355.77,2025,8,August,Tuesday,21735.7,21735.7
2025-08-26,ORD020592,CUST00223,P007,Backpack,Accessories,Kolkata,Online,Debit Card,4,2116.47,0.2,8465.88,6772.7,0,824.78,2025,8,August,Tuesday,8465.88,6772.704
2025-08-26,ORD007076,CUST01005,P012,Air Fryer,Home,Pune,Store,Net Banking,5,7811.85,0.15,39059.25,33200.36,0,4207.24,2025,8,August,Tuesday,39059.25,33200.362499999996
2025-08-26,ORD034362,CUST02738,P004,Smartwatch,Electronics,Jaipur,Online,Debit Card,2,6722.74,0.0,13445.48,13445.48,0,2836.9,2025,8,August,Tuesday,13445.48,13445.48
2025-08-26,ORD047216,CUST01985,P017,Jeans,Fashion,Hyderabad,Online,UPI,1,3076.33,0.05,3076.33,2922.51,0,621.98,2025,8,August,Tuesday,3076.33,2922.5134999999996
2025-08-26,ORD013029,CUST00792,P008,Running Shoes,Fashion,Kolkata,Store,Cash,3,3807.06,0.25,11421.18,8565.88,0,1023.04,2025,8,August,Tuesday,11421.18,8565.885
2025-08-26,ORD035027,CUST00618,P002,Smartphone,Electronics,Chennai,Online,UPI,1,30678.62,0.1,30678.62,27610.76,0,5637.72,2025,8,August,Tuesday,30678.62,27610.757999999998
2025-08-26,ORD018391,CUST04790,P020,Microwave,Home,Jaipur,Online,Credit Card,1,10151.72,0.0,10151.72,10151.72,0,1209.6,2025,8,August,Tuesday,10151.72,10151.72
2025-08-26,ORD035776,CUST00502,P020,Microwave,Home,Chennai,Online,UPI,2,10999.88,0.15,21999.76,18699.8,0,2768.07,2025,8,August,Tuesday,21999.76,18699.796
2025-08-26,ORD021177,CUST04545,P017,Jeans,Fashion,Delhi,Store,Debit Card,4,2560.12,0.0,10240.48,10240.48,0,2796.01,2025,8,August,Tuesday,10240.48,10240.48
2025-08-26,ORD038001,CUST03292,P003,Headphones,Electronics,Chennai,Store,Credit Card,1,4696.46,0.0,4696.46,4696.46,0,908.99,2025,8,August,Tuesday,4696.46,4696.46
2025-08-26,ORD009970,CUST03031,P015,Dining Table,Furniture,Chennai,Store,Debit Card,2,20482.66,0.15,40965.32,34820.52,0,3336.93,2025,8,August,Tuesday,40965.32,34820.522
2025-08-26,ORD022558,CUST00112,P011,Mixer Grinder,Home,Bengaluru,Store,UPI,2,5165.61,0.0,10331.22,10331.22,0,2740.07,2025,8,August,Tuesday,10331.22,10331.22
2025-08-26,ORD007817,CUST04990,P020,Microwave,Home,Hyderabad,Store,Credit Card,2,11394.31,0.1,22788.62,20509.76,0,5312.92,2025,8,August,Tuesday,22788.62,20509.757999999998
2025-08-26,ORD024065,CUST00333,P011,Mixer Grinder,Home,Hyderabad,Online,Credit Card,1,4399.29,0.1,4399.29,3959.36,0,1012.14,2025,8,August,Tuesday,4399.29,3959.361
2025-08-26,ORD005928,CUST01797,P011,Mixer Grinder,Home,Jaipur,Store,Credit Card,1,4639.16,0.0,4639.16,4639.16,0,530.42,2025,8,August,Tuesday,4639.16,4639.16
2025-08-26,ORD010860,CUST03486,P005,Office Chair,Furniture,Delhi,Store,UPI,1,10404.17,0.05,10404.17,9883.96,0,1659.75,2025,8,August,Tuesday,10404.17,9883.9615
2025-08-26,ORD014238,CUST02889,P006,Desk,Furniture,Pune,Store,UPI,2,12905.01,0.05,25810.02,24519.52,0,5046.3,2025,8,August,Tuesday,25810.02,24519.519
2025-08-26,ORD014205,CUST02206,P002,Smartphone,Electronics,Ahmedabad,Online,Debit Card,1,29549.28,0.15,29549.28,25116.89,0,5666.37,2025,8,August,Tuesday,29549.28,25116.888
2025-08-26,ORD004456,CUST00083,P001,Laptop,Electronics,Mumbai,Online,Debit Card,3,65508.09,0.1,196524.27,176871.84,0,41211.32,2025,8,August,Tuesday,196524.27,176871.843
2025-08-26,ORD000657,CUST01586,P003,Headphones,Electronics,Bengaluru,Online,Cash,2,4131.45,0.1,8262.9,7436.61,0,876.61,2025,8,August,Tuesday,8262.9,7436.61
2025-08-26,ORD045367,CUST04701,P012,Air Fryer,Home,Mumbai,Online,Cash,1,7589.34,0.05,7589.34,7209.87,1,-360.49,2025,8,August,Tuesday,7589.34,7209.873
2025-08-26,ORD037857,CUST01144,P001,Laptop,Electronics,Mumbai,Online,Credit Card,1,70434.15,0.2,70434.15,56347.32,1,-2817.37,2025,8,August,Tuesday,70434.15,56347.32
2025-08-26,ORD023498,CUST02193,P010,Coffee Maker,Home,Chennai,Online,UPI,1,5054.36,0.05,5054.36,4801.64,0,1029.23,2025,8,August,Tuesday,5054.36,4801.642
2025-08-26,ORD048422,CUST01039,P006,Desk,Furniture,Kolkata,Online,Debit Card,1,11481.6,0.0,11481.6,11481.6,0,3147.08,2025,8,August,Tuesday,11481.6,11481.6
2025-08-26,ORD019965,CUST03150,P013,Monitor,Electronics,Pune,Store,Credit Card,1,17503.81,0.1,17503.81,15753.43,0,3947.69,2025,8,August,Tuesday,17503.81,15753.429000000002
2025-08-26,ORD023500,CUST02504,P009,T-Shirt,Fashion,Surat,Online,Credit Card,1,1219.85,0.05,1219.85,1158.86,0,179.65,2025,8,August,Tuesday,1219.85,1158.8574999999998
2025-08-26,ORD008197,CUST02400,P013,Monitor,Electronics,Mumbai,Online,Credit Card,1,19714.69,0.0,19714.69,19714.69,0,4570.58,2025,8,August,Tuesday,19714.69,19714.69
2025-08-26,ORD007683,CUST02777,P018,Jacket,Fashion,Jaipur,Online,Debit Card,1,5191.15,0.2,5191.15,4152.92,0,1043.05,2025,8,August,Tuesday,5191.15,4152.92
2025-08-26,ORD002370,CUST04313,P001,Laptop,Electronics,Delhi,Store,UPI,1,63957.73,0.05,63957.73,60759.84,0,13883.81,2025,8,August,Tuesday,63957.73,60759.8435
2025-08-26,ORD038360,CUST00216,P016,Sofa,Furniture,Kolkata,Online,Credit Card,3,32314.55,0.1,96943.65,87249.28,0,12496.99,2025,8,August,Tuesday,96943.65,87249.285
2025-08-26,ORD038125,CUST02179,P008,Running Shoes,Fashion,Hyderabad,Online,Credit Card,1,4292.95,0.05,4292.95,4078.3,0,1036.44,2025,8,August,Tuesday,4292.95,4078.3025
2025-08-27,ORD044822,CUST01148,P015,Dining Table,Furniture,Delhi,Store,UPI,5,21751.98,0.1,108759.9,97883.91,0,18627.34,2025,8,August,Wednesday,108759.9,97883.91
2025-08-27,ORD017756,CUST00632,P018,Jacket,Fashion,Pune,Online,Cash,2,4714.91,0.1,9429.82,8486.84,0,2288.96,2025,8,August,Wednesday,9429.82,8486.838
2025-08-27,ORD049727,CUST02759,P009,T-Shirt,Fashion,Jaipur,Store,UPI,4,1254.98,0.0,5019.92,5019.92,0,1288.45,2025,8,August,Wednesday,5019.92,5019.92
2025-08-27,ORD035176,CUST02450,P012,Air Fryer,Home,Ahmedabad,Store,UPI,2,7145.56,0.2,14291.12,11432.9,0,1825.96,2025,8,August,Wednesday,14291.12,11432.896
2025-08-27,ORD023691,CUST04238,P003,Headphones,Electronics,Jaipur,Online,UPI,1,4245.02,0.1,4245.02,3820.52,0,590.29,2025,8,August,Wednesday,4245.02,3820.5180000000005
2025-08-27,ORD049970,CUST01568,P020,Microwave,Home,Bengaluru,Online,UPI,1,11374.17,0.1,11374.17,10236.75,0,2376.81,2025,8,August,Wednesday,11374.17,10236.753
2025-08-27,ORD035695,CUST03659,P017,Jeans,Fashion,Mumbai,Store,Credit Card,1,2598.27,0.2,2598.27,2078.62,0,199.38,2025,8,August,Wednesday,2598.27,2078.616
2025-08-27,ORD000281,CUST04423,P004,Smartwatch,Electronics,Ahmedabad,Store,UPI,1,7587.34,0.05,7587.34,7207.97,1,-360.4,2025,8,August,Wednesday,7587.34,7207.973
2025-08-27,ORD010707,CUST04157,P002,Smartphone,Electronics,Delhi,Store,Debit Card,1,27089.94,0.15,27089.94,23026.45,0,6156.31,2025,8,August,Wednesday,27089.94,23026.448999999997
2025-08-27,ORD010176,CUST03616,P016,Sofa,Furniture,Pune,Online,Credit Card,1,31522.95,0.0,31522.95,31522.95,0,3144.99,2025,8,August,Wednesday,31522.95,31522.95
2025-08-27,ORD035723,CUST01984,P007,Backpack,Accessories,Jaipur,Online,UPI,4,2080.42,0.1,8321.68,7489.51,0,907.83,2025,8,August,Wednesday,8321.68,7489.512000000001
2025-08-27,ORD035123,CUST01869,P017,Jeans,Fashion,Ahmedabad,Online,Credit Card,4,2825.26,0.0,11301.04,11301.04,0,1344.92,2025,8,August,Wednesday,11301.04,11301.04
2025-08-27,ORD001985,CUST01743,P009,T-Shirt,Fashion,Ahmedabad,Online,Credit Card,4,1213.37,0.25,4853.48,3640.11,0,257.93,2025,8,August,Wednesday,4853.48,3640.1099999999997
2025-08-27,ORD039437,CUST02323,P008,Running Shoes,Fashion,Pune,Online,Credit Card,2,4006.51,0.1,8013.02,7211.72,0,1466.1,2025,8,August,Wednesday,8013.02,7211.718000000001
2025-08-27,ORD000813,CUST02304,P015,Dining Table,Furniture,Delhi,Store,Debit Card,1,20693.17,0.1,20693.17,18623.85,0,4382.72,2025,8,August,Wednesday,20693.17,18623.853
2025-08-27,ORD047140,CUST04600,P010,Coffee Maker,Home,Chennai,Store,Credit Card,1,5760.63,0.0,5760.63,5760.63,0,1192.13,2025,8,August,Wednesday,5760.63,5760.63
2025-08-27,ORD023743,CUST00617,P002,Smartphone,Electronics,Hyderabad,Store,UPI,1,28626.84,0.2,28626.84,22901.47,0,3456.95,2025,8,August,Wednesday,28626.84,22901.472
2025-08-27,ORD031015,CUST01893,P002,Smartphone,Electronics,Surat,Online,Debit Card,1,27227.95,0.05,27227.95,25866.55,0,3116.53,2025,8,August,Wednesday,27227.95,25866.552499999998
2025-08-27,ORD035330,CUST00588,P008,Running Shoes,Fashion,Kolkata,Online,Debit Card,2,4470.83,0.2,8941.66,7153.33,0,1557.57,2025,8,August,Wednesday,8941.66,7153.328
2025-08-27,ORD035422,CUST03953,P018,Jacket,Fashion,Ahmedabad,Online,UPI,1,5239.53,0.1,5239.53,4715.58,0,369.89,2025,8,August,Wednesday,5239.53,4715.577
2025-08-27,ORD015043,CUST04152,P012,Air Fryer,Home,Mumbai,Store,Debit Card,5,7052.62,0.15,35263.1,29973.64,0,7497.03,2025,8,August,Wednesday,35263.1,29973.635
2025-08-27,ORD008520,CUST03177,P007,Backpack,Accessories,Surat,Store,UPI,1,2043.52,0.05,2043.52,1941.34,0,402.35,2025,8,August,Wednesday,2043.52,1941.3439999999998
2025-08-27,ORD025170,CUST03279,P005,Office Chair,Furniture,Mumbai,Store,Net Banking,1,9532.13,0.05,9532.13,9055.52,0,2529.25,2025,8,August,Wednesday,9532.13,9055.5235
2025-08-27,ORD004496,CUST02656,P004,Smartwatch,Electronics,Kolkata,Online,UPI,2,7213.65,0.1,14427.3,12984.57,0,2916.79,2025,8,August,Wednesday,14427.3,12984.57
2025-08-27,ORD026937,CUST02923,P013,Monitor,Electronics,Surat,Online,Cash,2,19353.94,0.1,38707.88,34837.09,0,5954.14,2025,8,August,Wednesday,38707.88,34837.092
2025-08-27,ORD029650,CUST00087,P005,Office Chair,Furniture,Chennai,Online,Cash,1,10201.83,0.0,10201.83,10201.83,0,2278.93,2025,8,August,Wednesday,10201.83,10201.83
2025-08-27,ORD045302,CUST02166,P010,Coffee Maker,Home,Pune,Store,UPI,1,5438.48,0.05,5438.48,5166.56,0,653.74,2025,8,August,Wednesday,5438.48,5166.556
2025-08-27,ORD040918,CUST04390,P006,Desk,Furniture,Mumbai,Store,Net Banking,1,12346.62,0.1,12346.62,11111.96,0,3029.54,2025,8,August,Wednesday,12346.62,11111.958
2025-08-27,ORD036581,CUST03692,P006,Desk,Furniture,Mumbai,Store,Cash,1,11197.25,0.1,11197.25,10077.52,0,2810.26,2025,8,August,Wednesday,11197.25,10077.525
2025-08-27,ORD020051,CUST01994,P005,Office Chair,Furniture,Surat,Online,Credit Card,1,9319.5,0.1,9319.5,8387.55,0,1452.65,2025,8,August,Wednesday,9319.5,8387.550000000001
2025-08-27,ORD010330,CUST00366,P006,Desk,Furniture,Kolkata,Store,UPI,1,12815.58,0.0,12815.58,12815.58,0,3131.19,2025,8,August,Wednesday,12815.58,12815.58
2025-08-27,ORD031179,CUST00135,P001,Laptop,Electronics,Delhi,Store,UPI,1,69466.56,0.05,69466.56,65993.23,0,14906.27,2025,8,August,Wednesday,69466.56,65993.23199999999
2025-08-27,ORD034429,CUST03272,P006,Desk,Furniture,Pune,Online,Credit Card,1,11969.67,0.2,11969.67,9575.74,0,725.53,2025,8,August,Wednesday,11969.67,9575.736
2025-08-27,ORD048968,CUST03370,P011,Mixer Grinder,Home,Mumbai,Online,UPI,1,4932.52,0.2,4932.52,3946.02,0,194.62,2025,8,August,Wednesday,4932.52,3946.0160000000005
2025-08-27,ORD001342,CUST03205,P016,Sofa,Furniture,Hyderabad,Store,Credit Card,4,35541.18,0.1,142164.72,127948.25,0,15127.69,2025,8,August,Wednesday,142164.72,127948.248
2025-08-27,ORD016895,CUST00959,P003,Headphones,Electronics,Chennai,Online,UPI,1,4135.51,0.0,4135.51,4135.51,0,643.99,2025,8,August,Wednesday,4135.51,4135.51
2025-08-27,ORD018465,CUST01149,P014,Keyboard,Electronics,Mumbai,Store,Credit Card,1,2324.32,0.05,2324.32,2208.1,0,475.95,2025,8,August,Wednesday,2324.32,2208.1040000000003
2025-08-27,ORD030385,CUST03190,P013,Monitor,Electronics,Bengaluru,Store,UPI,5,18099.16,0.1,90495.8,81446.22,0,9554.1,2025,8,August,Wednesday,90495.8,81446.22
2025-08-27,ORD046274,CUST02511,P009,T-Shirt,Fashion,Chennai,Store,Debit Card,1,1125.89,0.1,1125.89,1013.3,0,209.55,2025,8,August,Wednesday,1125.89,1013.3010000000002
2025-08-27,ORD042416,CUST02397,P009,T-Shirt,Fashion,Delhi,Online,Credit Card,1,1101.65,0.1,1101.65,991.49,0,108.46,2025,8,August,Wednesday,1101.65,991.4850000000001
2025-08-27,ORD010599,CUST00486,P004,Smartwatch,Electronics,Surat,Store,UPI,1,6904.49,0.0,6904.49,6904.49,0,637.42,2025,8,August,Wednesday,6904.49,6904.49
2025-08-27,ORD042360,CUST02760,P009,T-Shirt,Fashion,Chennai,Online,Cash,1,1311.32,0.05,1311.32,1245.75,0,310.82,2025,8,August,Wednesday,1311.32,1245.754
2025-08-27,ORD025569,CUST03930,P001,Laptop,Electronics,Jaipur,Store,Debit Card,1,59036.67,0.0,59036.67,59036.67,0,14319.93,2025,8,August,Wednesday,59036.67,59036.67
2025-08-27,ORD021529,CUST03850,P005,Office Chair,Furniture,Delhi,Store,Debit Card,2,9243.97,0.1,18487.94,16639.15,0,4428.49,2025,8,August,Wednesday,18487.94,16639.146
2025-08-27,ORD002752,CUST00621,P005,Office Chair,Furniture,Kolkata,Store,Debit Card,2,9114.03,0.05,18228.06,17316.66,0,2301.23,2025,8,August,Wednesday,18228.06,17316.657
2025-08-27,ORD015269,CUST02735,P007,Backpack,Accessories,Surat,Online,Credit Card,5,2075.96,0.15,10379.8,8822.83,0,1206.22,2025,8,August,Wednesday,10379.8,8822.83
2025-08-27,ORD007309,CUST00951,P009,T-Shirt,Fashion,Bengaluru,Online,Debit Card,1,1232.29,0.2,1232.29,985.83,0,66.13,2025,8,August,Wednesday,1232.29,985.832
2025-08-27,ORD008913,CUST00946,P012,Air Fryer,Home,Surat,Store,Credit Card,1,7065.6,0.05,7065.6,6712.32,0,1837.69,2025,8,August,Wednesday,7065.6,6712.32
2025-08-27,ORD014885,CUST00880,P007,Backpack,Accessories,Bengaluru,Store,UPI,2,2298.53,0.15,4597.06,3907.5,0,307.48,2025,8,August,Wednesday,4597.06,3907.501
2025-08-27,ORD014370,CUST01059,P020,Microwave,Home,Chennai,Online,UPI,4,11321.4,0.05,45285.6,43021.32,1,-2151.07,2025,8,August,Wednesday,45285.6,43021.32
2025-08-27,ORD014246,CUST02271,P004,Smartwatch,Electronics,Bengaluru,Store,UPI,1,6560.65,0.05,6560.65,6232.62,0,1622.4,2025,8,August,Wednesday,6560.65,6232.617499999999
2025-08-27,ORD001503,CUST02229,P016,Sofa,Furniture,Bengaluru,Store,UPI,2,31732.31,0.05,63464.62,60291.39,0,6829.27,2025,8,August,Wednesday,63464.62,60291.389
2025-08-27,ORD021219,CUST04968,P006,Desk,Furniture,Ahmedabad,Online,UPI,1,11703.32,0.15,11703.32,9947.82,0,1120.22,2025,8,August,Wednesday,11703.32,9947.822
2025-08-27,ORD024470,CUST03480,P014,Keyboard,Electronics,Chennai,Online,Cash,3,2589.48,0.05,7768.44,7380.02,0,1464.85,2025,8,August,Wednesday,7768.4400000000005,7380.017999999999
2025-08-27,ORD002580,CUST01982,P014,Keyboard,Electronics,Chennai,Online,UPI,1,2629.56,0.05,2629.56,2498.08,0,329.48,2025,8,August,Wednesday,2629.56,2498.082
2025-08-27,ORD000450,CUST02573,P015,Dining Table,Furniture,Pune,Store,Debit Card,1,21817.48,0.2,21817.48,17453.98,0,3244.1,2025,8,August,Wednesday,21817.48,17453.984
2025-08-27,ORD033718,CUST04355,P008,Running Shoes,Fashion,Bengaluru,Online,Cash,2,4052.26,0.25,8104.52,6078.39,0,1489.36,2025,8,August,Wednesday,8104.52,6078.39
2025-08-27,ORD038712,CUST00789,P004,Smartwatch,Electronics,Chennai,Store,UPI,1,7567.12,0.1,7567.12,6810.41,0,1019.79,2025,8,August,Wednesday,7567.12,6810.408
2025-08-27,ORD030351,CUST00385,P007,Backpack,Accessories,Bengaluru,Online,UPI,1,2076.83,0.1,2076.83,1869.15,0,176.55,2025,8,August,Wednesday,2076.83,1869.147
2025-08-27,ORD020155,CUST02137,P007,Backpack,Accessories,Ahmedabad,Online,Debit Card,1,2303.27,0.0,2303.27,2303.27,0,270.04,2025,8,August,Wednesday,2303.27,2303.27
2025-08-28,ORD019610,CUST02492,P011,Mixer Grinder,Home,Pune,Online,Credit Card,4,4482.84,0.0,17931.36,17931.36,0,4155.85,2025,8,August,Thursday,17931.36,17931.36
2025-08-28,ORD027328,CUST04405,P011,Mixer Grinder,Home,Kolkata,Online,Credit Card,1,4397.48,0.0,4397.48,4397.48,0,688.84,2025,8,August,Thursday,4397.48,4397.48
2025-08-28,ORD031335,CUST03864,P010,Coffee Maker,Home,Jaipur,Store,UPI,2,5819.68,0.1,11639.36,10475.42,0,1700.51,2025,8,August,Thursday,11639.36,10475.424
2025-08-28,ORD014955,CUST04162,P014,Keyboard,Electronics,Pune,Store,Debit Card,1,2527.46,0.25,2527.46,1895.6,0,466.08,2025,8,August,Thursday,2527.46,1895.595
2025-08-28,ORD047627,CUST04168,P018,Jacket,Fashion,Surat,Online,Cash,1,4792.97,0.1,4792.97,4313.67,0,921.37,2025,8,August,Thursday,4792.97,4313.673000000001
2025-08-28,ORD037171,CUST02799,P004,Smartwatch,Electronics,Bengaluru,Store,UPI,3,7489.95,0.15,22469.85,19099.37,0,987.83,2025,8,August,Thursday,22469.85,19099.372499999998
2025-08-28,ORD043543,CUST03191,P006,Desk,Furniture,Surat,Online,UPI,1,12016.63,0.1,12016.63,10814.97,0,2694.78,2025,8,August,Thursday,12016.63,10814.966999999999
2025-08-28,ORD020623,CUST04016,P004,Smartwatch,Electronics,Pune,Store,Cash,1,6825.04,0.0,6825.04,6825.04,0,747.98,2025,8,August,Thursday,6825.04,6825.04
2025-08-28,ORD008450,CUST01884,P009,T-Shirt,Fashion,Surat,Online,Credit Card,2,1174.19,0.2,2348.38,1878.7,0,82.77,2025,8,August,Thursday,2348.38,1878.7040000000002
2025-08-28,ORD036088,CUST04398,P016,Sofa,Furniture,Surat,Online,Credit Card,1,35139.51,0.25,35139.51,26354.63,0,6324.39,2025,8,August,Thursday,35139.51,26354.6325
2025-08-28,ORD009691,CUST04733,P011,Mixer Grinder,Home,Mumbai,Store,Credit Card,2,5115.88,0.0,10231.76,10231.76,0,2553.37,2025,8,August,Thursday,10231.76,10231.76
2025-08-28,ORD020743,CUST01301,P019,Vacuum Cleaner,Home,Delhi,Store,UPI,1,9521.31,0.05,9521.31,9045.24,0,2041.31,2025,8,August,Thursday,9521.31,9045.244499999999
2025-08-28,ORD037244,CUST00328,P011,Mixer Grinder,Home,Pune,Store,Credit Card,1,5076.96,0.1,5076.96,4569.26,0,983.48,2025,8,August,Thursday,5076.96,4569.264
2025-08-28,ORD002329,CUST04177,P016,Sofa,Furniture,Chennai,Store,Debit Card,1,33779.63,0.15,33779.63,28712.69,0,2892.41,2025,8,August,Thursday,33779.63,28712.685499999996
2025-08-28,ORD012427,CUST04336,P002,Smartphone,Electronics,Surat,Store,Credit Card,2,25697.77,0.05,51395.54,48825.76,0,13708.38,2025,8,August,Thursday,51395.54,48825.763
2025-08-28,ORD021596,CUST04664,P007,Backpack,Accessories,Chennai,Online,Credit Card,2,2037.81,0.05,4075.62,3871.84,0,650.71,2025,8,August,Thursday,4075.62,3871.839
2025-08-28,ORD000754,CUST02285,P013,Monitor,Electronics,Chennai,Online,Cash,2,19740.95,0.05,39481.9,37507.8,0,2987.36,2025,8,August,Thursday,39481.9,37507.805
2025-08-28,ORD032057,CUST03189,P005,Office Chair,Furniture,Hyderabad,Store,Credit Card,1,9560.85,0.1,9560.85,8604.77,0,1433.16,2025,8,August,Thursday,9560.85,8604.765000000001
2025-08-28,ORD019709,CUST00982,P010,Coffee Maker,Home,Chennai,Online,Credit Card,1,5262.24,0.05,5262.24,4999.13,0,1308.23,2025,8,August,Thursday,5262.24,4999.128
2025-08-28,ORD010166,CUST02488,P014,Keyboard,Electronics,Chennai,Online,UPI,2,2282.74,0.05,4565.48,4337.21,1,-216.86,2025,8,August,Thursday,4565.48,4337.205999999999
2025-08-28,ORD035947,CUST02842,P003,Headphones,Electronics,Surat,Online,Net Banking,1,4137.81,0.1,4137.81,3724.03,0,349.75,2025,8,August,Thursday,4137.81,3724.0290000000005
2025-08-28,ORD002880,CUST02748,P015,Dining Table,Furniture,Surat,Online,Credit Card,2,23321.76,0.1,46643.52,41979.17,0,5772.2,2025,8,August,Thursday,46643.52,41979.168
2025-08-28,ORD016906,CUST04921,P014,Keyboard,Electronics,Pune,Online,UPI,1,2589.3,0.2,2589.3,2071.44,0,316.55,2025,8,August,Thursday,2589.3,2071.44
2025-08-28,ORD020640,CUST00641,P016,Sofa,Furniture,Jaipur,Online,Credit Card,1,37871.97,0.2,37871.97,30297.58,0,7686.29,2025,8,August,Thursday,37871.97,30297.576
2025-08-28,ORD004389,CUST04173,P005,Office Chair,Furniture,Jaipur,Store,Credit Card,1,8867.18,0.15,8867.18,7537.1,0,782.81,2025,8,August,Thursday,8867.18,7537.103
2025-08-28,ORD027829,CUST00720,P002,Smartphone,Electronics,Pune,Store,Credit Card,1,30484.42,0.1,30484.42,27435.98,1,-1371.8,2025,8,August,Thursday,30484.42,27435.978
2025-08-28,ORD044395,CUST04696,P011,Mixer Grinder,Home,Ahmedabad,Online,Credit Card,1,4808.86,0.15,4808.86,4087.53,0,619.18,2025,8,August,Thursday,4808.86,4087.5309999999995
2025-08-28,ORD021083,CUST00107,P011,Mixer Grinder,Home,Jaipur,Store,Debit Card,2,4943.03,0.1,9886.06,8897.45,0,2392.75,2025,8,August,Thursday,9886.06,8897.454
2025-08-28,ORD016496,CUST04284,P006,Desk,Furniture,Chennai,Online,Credit Card,1,12123.25,0.1,12123.25,10910.92,0,1124.25,2025,8,August,Thursday,12123.25,10910.925000000001
2025-08-28,ORD003672,CUST00341,P020,Microwave,Home,Delhi,Store,UPI,1,10020.34,0.2,10020.34,8016.27,0,914.15,2025,8,August,Thursday,10020.34,8016.272000000001
2025-08-28,ORD032275,CUST01673,P017,Jeans,Fashion,Hyderabad,Online,Credit Card,1,3065.53,0.1,3065.53,2758.98,0,616.71,2025,8,August,Thursday,3065.53,2758.9770000000003
2025-08-28,ORD025634,CUST01889,P006,Desk,Furniture,Kolkata,Store,Credit Card,5,10954.68,0.2,54773.4,43818.72,0,8219.13,2025,8,August,Thursday,54773.4,43818.72
2025-08-28,ORD003329,CUST03120,P002,Smartphone,Electronics,Pune,Online,Credit Card,1,30794.23,0.05,30794.23,29254.52,0,4768.79,2025,8,August,Thursday,30794.23,29254.5185
2025-08-28,ORD036044,CUST01958,P018,Jacket,Fashion,Pune,Online,Debit Card,2,4697.68,0.05,9395.36,8925.59,0,2291.8,2025,8,August,Thursday,9395.36,8925.592
2025-08-28,ORD045364,CUST02575,P004,Smartwatch,Electronics,Mumbai,Store,Credit Card,1,7174.75,0.05,7174.75,6816.01,0,830.13,2025,8,August,Thursday,7174.75,6816.0125
2025-08-28,ORD007228,CUST04596,P015,Dining Table,Furniture,Bengaluru,Online,Credit Card,1,23516.28,0.1,23516.28,21164.65,0,4166.08,2025,8,August,Thursday,23516.28,21164.652
2025-08-28,ORD013686,CUST02343,P002,Smartphone,Electronics,Bengaluru,Store,Credit Card,1,28131.72,0.05,28131.72,26725.13,0,4742.64,2025,8,August,Thursday,28131.72,26725.134
2025-08-28,ORD046005,CUST03450,P002,Smartphone,Electronics,Surat,Online,Credit Card,1,29918.76,0.05,29918.76,28422.82,0,2497.3,2025,8,August,Thursday,29918.76,28422.821999999996
2025-08-28,ORD025038,CUST04436,P016,Sofa,Furniture,Bengaluru,Online,Credit Card,4,34828.74,0.0,139314.96,139314.96,0,29891.16,2025,8,August,Thursday,139314.96,139314.96
2025-08-28,ORD030218,CUST00164,P005,Office Chair,Furniture,Jaipur,Online,UPI,1,8594.69,0.1,8594.69,7735.22,0,714.27,2025,8,August,Thursday,8594.69,7735.2210000000005
2025-08-28,ORD042298,CUST04907,P018,Jacket,Fashion,Surat,Online,Debit Card,1,5350.2,0.25,5350.2,4012.65,0,491.41,2025,8,August,Thursday,5350.2,4012.6499999999996
2025-08-28,ORD032153,CUST01953,P016,Sofa,Furniture,Delhi,Online,Credit Card,1,32705.52,0.0,32705.52,32705.52,0,8120.58,2025,8,August,Thursday,32705.52,32705.52
2025-08-28,ORD037555,CUST00182,P003,Headphones,Electronics,Bengaluru,Online,UPI,1,4559.48,0.2,4559.48,3647.58,0,223.38,2025,8,August,Thursday,4559.48,3647.584
2025-08-28,ORD044664,CUST04976,P012,Air Fryer,Home,Mumbai,Store,UPI,1,7718.35,0.0,7718.35,7718.35,0,1451.72,2025,8,August,Thursday,7718.35,7718.35
2025-08-28,ORD039092,CUST03042,P019,Vacuum Cleaner,Home,Jaipur,Store,UPI,3,9638.53,0.1,28915.59,26024.03,0,2803.71,2025,8,August,Thursday,28915.590000000004,26024.031
2025-08-28,ORD022191,CUST00413,P019,Vacuum Cleaner,Home,Pune,Online,UPI,4,8297.09,0.15,33188.36,28210.11,0,4074.8,2025,8,August,Thursday,33188.36,28210.106
2025-08-28,ORD004527,CUST02114,P018,Jacket,Fashion,Ahmedabad,Online,UPI,5,5434.24,0.05,27171.2,25812.64,0,6255.66,2025,8,August,Thursday,27171.199999999997,25812.64
2025-08-28,ORD008943,CUST02108,P014,Keyboard,Electronics,Delhi,Online,UPI,4,2414.21,0.2,9656.84,7725.47,0,486.23,2025,8,August,Thursday,9656.84,7725.472000000001
2025-08-28,ORD038235,CUST00476,P006,Desk,Furniture,Surat,Store,UPI,2,12728.48,0.15,25456.96,21638.42,0,2849.8,2025,8,August,Thursday,25456.96,21638.415999999997
2025-08-28,ORD034756,CUST03870,P004,Smartwatch,Electronics,Jaipur,Online,UPI,1,7641.73,0.0,7641.73,7641.73,0,1521.68,2025,8,August,Thursday,7641.73,7641.73
2025-08-28,ORD004890,CUST01039,P004,Smartwatch,Electronics,Chennai,Online,UPI,2,6951.29,0.25,13902.58,10426.94,0,945.53,2025,8,August,Thursday,13902.58,10426.935
2025-08-28,ORD022326,CUST02778,P013,Monitor,Electronics,Pune,Online,Credit Card,2,17213.66,0.05,34427.32,32705.95,0,4549.18,2025,8,August,Thursday,34427.32,32705.953999999998
2025-08-28,ORD048250,CUST03350,P015,Dining Table,Furniture,Chennai,Store,UPI,1,21643.28,0.25,21643.28,16232.46,0,754.67,2025,8,August,Thursday,21643.28,16232.46
2025-08-28,ORD002174,CUST00443,P012,Air Fryer,Home,Chennai,Online,UPI,1,6589.49,0.2,6589.49,5271.59,0,481.75,2025,8,August,Thursday,6589.49,5271.592000000001
2025-08-28,ORD048700,CUST02456,P008,Running Shoes,Fashion,Chennai,Store,UPI,1,4344.7,0.1,4344.7,3910.23,0,1047.34,2025,8,August,Thursday,4344.7,3910.23
2025-08-28,ORD001392,CUST01014,P017,Jeans,Fashion,Kolkata,Online,UPI,1,2945.0,0.05,2945.0,2797.75,0,423.56,2025,8,August,Thursday,2945.0,2797.75
2025-08-28,ORD000723,CUST04834,P001,Laptop,Electronics,Ahmedabad,Online,Cash,1,59363.27,0.05,59363.27,56395.11,1,-2819.76,2025,8,August,Thursday,59363.27,56395.106499999994
2025-08-28,ORD027790,CUST04584,P012,Air Fryer,Home,Ahmedabad,Online,Cash,1,6846.82,0.15,6846.82,5819.8,0,478.59,2025,8,August,Thursday,6846.82,5819.797
2025-08-28,ORD026575,CUST00540,P004,Smartwatch,Electronics,Bengaluru,Store,Cash,2,7465.71,0.15,14931.42,12691.71,0,2001.08,2025,8,August,Thursday,14931.42,12691.707
2025-08-28,ORD001888,CUST00497,P001,Laptop,Electronics,Chennai,Store,UPI,1,65641.49,0.2,65641.49,52513.19,0,10325.18,2025,8,August,Thursday,65641.49,52513.19200000001
2025-08-28,ORD038335,CUST04887,P016,Sofa,Furniture,Pune,Store,UPI,1,35955.4,0.1,35955.4,32359.86,0,7742.16,2025,8,August,Thursday,35955.4,32359.86
2025-08-28,ORD004927,CUST03734,P016,Sofa,Furniture,Mumbai,Store,Cash,1,33230.44,0.1,33230.44,29907.4,0,8282.51,2025,8,August,Thursday,33230.44,29907.396000000004
2025-08-28,ORD000658,CUST04906,P020,Microwave,Home,Delhi,Online,Credit Card,1,11188.23,0.1,11188.23,10069.41,0,935.96,2025,8,August,Thursday,11188.23,10069.407
2025-08-28,ORD040684,CUST00276,P018,Jacket,Fashion,Hyderabad,Store,UPI,1,5671.79,0.05,5671.79,5388.2,0,1328.49,2025,8,August,Thursday,5671.79,5388.2005
2025-08-28,ORD029479,CUST00293,P003,Headphones,Electronics,Mumbai,Online,Credit Card,2,4340.03,0.1,8680.06,7812.05,1,-390.6,2025,8,August,Thursday,8680.06,7812.054
2025-08-28,ORD040314,CUST04635,P018,Jacket,Fashion,Mumbai,Store,Cash,1,5674.51,0.25,5674.51,4255.88,0,996.05,2025,8,August,Thursday,5674.51,4255.8825
2025-08-28,ORD014363,CUST04085,P009,T-Shirt,Fashion,Hyderabad,Store,Debit Card,1,1116.66,0.05,1116.66,1060.83,0,176.41,2025,8,August,Thursday,1116.66,1060.827
2025-08-28,ORD020931,CUST03300,P014,Keyboard,Electronics,Hyderabad,Store,UPI,2,2553.55,0.1,5107.1,4596.39,0,997.76,2025,8,August,Thursday,5107.1,4596.39
2025-08-28,ORD038132,CUST04091,P019,Vacuum Cleaner,Home,Bengaluru,Online,Credit Card,2,8702.29,0.0,17404.58,17404.58,0,3692.84,2025,8,August,Thursday,17404.58,17404.58
2025-08-28,ORD036428,CUST03557,P007,Backpack,Accessories,Mumbai,Store,UPI,1,2125.05,0.1,2125.05,1912.55,0,135.38,2025,8,August,Thursday,2125.05,1912.5450000000003
2025-08-28,ORD019303,CUST02475,P002,Smartphone,Electronics,Bengaluru,Online,Debit Card,1,26510.2,0.05,26510.2,25184.69,0,1786.59,2025,8,August,Thursday,26510.2,25184.69
2025-08-28,ORD036455,CUST02717,P018,Jacket,Fashion,Mumbai,Online,UPI,1,4690.92,0.1,4690.92,4221.83,0,268.05,2025,8,August,Thursday,4690.92,4221.828
2025-08-28,ORD007802,CUST01785,P018,Jacket,Fashion,Bengaluru,Store,Net Banking,1,4998.5,0.1,4998.5,4498.65,0,871.98,2025,8,August,Thursday,4998.5,4498.650000000001
2025-08-28,ORD037038,CUST04128,P002,Smartphone,Electronics,Mumbai,Online,Debit Card,2,30724.72,0.05,61449.44,58376.97,0,5058.61,2025,8,August,Thursday,61449.44,58376.968
2025-08-28,ORD027387,CUST00377,P019,Vacuum Cleaner,Home,Delhi,Online,UPI,1,8490.54,0.05,8490.54,8066.01,0,1093.71,2025,8,August,Thursday,8490.54,8066.013000000001
2025-08-28,ORD042612,CUST02810,P017,Jeans,Fashion,Surat,Store,Cash,1,2591.73,0.15,2591.73,2202.97,0,484.29,2025,8,August,Thursday,2591.73,2202.9705
2025-08-28,ORD035107,CUST01309,P017,Jeans,Fashion,Jaipur,Online,Credit Card,1,2877.75,0.2,2877.75,2302.2,0,278.11,2025,8,August,Thursday,2877.75,2302.2000000000003
2025-08-28,ORD010866,CUST04796,P015,Dining Table,Furniture,Bengaluru,Online,UPI,1,22032.27,0.15,22032.27,18727.43,0,2242.09,2025,8,August,Thursday,22032.27,18727.4295
2025-08-29,ORD007789,CUST02419,P007,Backpack,Accessories,Delhi,Online,Debit Card,1,2266.1,0.15,2266.1,1926.18,0,310.16,2025,8,August,Friday,2266.1,1926.185
2025-08-29,ORD001538,CUST04269,P019,Vacuum Cleaner,Home,Jaipur,Online,Net Banking,1,8576.26,0.15,8576.26,7289.82,0,1621.71,2025,8,August,Friday,8576.26,7289.821
2025-08-29,ORD043895,CUST04528,P017,Jeans,Fashion,Delhi,Store,Net Banking,1,3066.63,0.05,3066.63,2913.3,0,756.76,2025,8,August,Friday,3066.63,2913.2985
2025-08-29,ORD025850,CUST03951,P007,Backpack,Accessories,Surat,Store,UPI,1,2069.43,0.0,2069.43,2069.43,0,282.68,2025,8,August,Friday,2069.43,2069.43
2025-08-29,ORD028900,CUST01923,P014,Keyboard,Electronics,Surat,Online,UPI,1,2520.03,0.2,2520.03,2016.02,0,437.3,2025,8,August,Friday,2520.03,2016.0240000000003
2025-08-29,ORD018677,CUST04556,P016,Sofa,Furniture,Hyderabad,Online,UPI,1,33819.83,0.1,33819.83,30437.85,0,6158.29,2025,8,August,Friday,33819.83,30437.847
2025-08-29,ORD027919,CUST04466,P016,Sofa,Furniture,Hyderabad,Online,Credit Card,3,37410.51,0.05,112231.53,106619.95,0,8038.82,2025,8,August,Friday,112231.53,106619.95349999999
2025-08-29,ORD013185,CUST00573,P001,Laptop,Electronics,Mumbai,Online,UPI,1,61394.06,0.1,61394.06,55254.65,0,13202.4,2025,8,August,Friday,61394.06,55254.654
2025-08-29,ORD011397,CUST04266,P018,Jacket,Fashion,Bengaluru,Online,UPI,1,5577.65,0.05,5577.65,5298.77,0,439.2,2025,8,August,Friday,5577.65,5298.767499999999
2025-08-29,ORD043731,CUST00546,P004,Smartwatch,Electronics,Chennai,Online,UPI,1,7263.16,0.05,7263.16,6900.0,0,949.19,2025,8,August,Friday,7263.16,6900.0019999999995
2025-08-29,ORD037997,CUST02439,P002,Smartphone,Electronics,Mumbai,Online,UPI,2,26292.52,0.15,52585.04,44697.28,0,11398.58,2025,8,August,Friday,52585.04,44697.284
2025-08-29,ORD026669,CUST00345,P004,Smartwatch,Electronics,Ahmedabad,Online,Net Banking,1,6370.13,0.15,6370.13,5414.61,0,408.07,2025,8,August,Friday,6370.13,5414.6105
2025-08-29,ORD031194,CUST00934,P016,Sofa,Furniture,Kolkata,Online,Credit Card,5,37731.94,0.15,188659.7,160360.74,0,15086.9,2025,8,August,Friday,188659.7,160360.745
2025-08-29,ORD024401,CUST00296,P002,Smartphone,Electronics,Mumbai,Online,Credit Card,3,29536.5,0.1,88609.5,79748.55,0,12111.86,2025,8,August,Friday,88609.5,79748.55
2025-08-29,ORD005020,CUST01146,P013,Monitor,Electronics,Jaipur,Online,Cash,2,18106.8,0.05,36213.6,34402.92,1,-1720.15,2025,8,August,Friday,36213.6,34402.92
2025-08-29,ORD001913,CUST01681,P007,Backpack,Accessories,Kolkata,Online,Credit Card,1,2086.84,0.1,2086.84,1878.16,0,310.49,2025,8,August,Friday,2086.84,1878.1560000000002
2025-08-29,ORD007294,CUST01425,P005,Office Chair,Furniture,Kolkata,Online,UPI,1,9283.87,0.1,9283.87,8355.48,0,1320.6,2025,8,August,Friday,9283.87,8355.483
2025-08-29,ORD006910,CUST02072,P016,Sofa,Furniture,Hyderabad,Online,UPI,1,38152.87,0.0,38152.87,38152.87,0,3915.11,2025,8,August,Friday,38152.87,38152.87
2025-08-29,ORD031742,CUST03485,P004,Smartwatch,Electronics,Hyderabad,Online,UPI,1,7129.39,0.1,7129.39,6416.45,0,1677.23,2025,8,August,Friday,7129.39,6416.451
2025-08-29,ORD030893,CUST01444,P018,Jacket,Fashion,Ahmedabad,Store,Debit Card,1,5304.07,0.05,5304.07,5038.87,0,992.45,2025,8,August,Friday,5304.07,5038.866499999999
2025-08-29,ORD016852,CUST04603,P015,Dining Table,Furniture,Pune,Online,Credit Card,1,21316.82,0.2,21316.82,17053.46,0,1498.72,2025,8,August,Friday,21316.82,17053.456000000002
2025-08-29,ORD031928,CUST02642,P007,Backpack,Accessories,Surat,Online,UPI,4,2172.3,0.05,8689.2,8254.74,1,-412.74,2025,8,August,Friday,8689.2,8254.74
2025-08-29,ORD024776,CUST03105,P002,Smartphone,Electronics,Surat,Store,Credit Card,1,26668.99,0.15,26668.99,22668.64,0,5383.2,2025,8,August,Friday,26668.99,22668.6415
2025-08-29,ORD033875,CUST01237,P019,Vacuum Cleaner,Home,Pune,Store,Debit Card,1,8586.88,0.1,8586.88,7728.19,0,1622.97,2025,8,August,Friday,8586.88,7728.191999999999
2025-08-29,ORD003146,CUST00230,P004,Smartwatch,Electronics,Pune,Store,UPI,2,7228.91,0.05,14457.82,13734.93,0,2905.91,2025,8,August,Friday,14457.82,13734.928999999998
2025-08-29,ORD003843,CUST03420,P020,Microwave,Home,Surat,Online,Credit Card,1,11402.5,0.2,11402.5,9122.0,0,2113.34,2025,8,August,Friday,11402.5,9122.0
2025-08-29,ORD040009,CUST04329,P018,Jacket,Fashion,Delhi,Store,UPI,5,5017.21,0.0,25086.05,25086.05,0,7273.89,2025,8,August,Friday,25086.05,25086.05
2025-08-29,ORD044248,CUST03570,P001,Laptop,Electronics,Surat,Online,Credit Card,1,62386.92,0.0,62386.92,62386.92,0,12818.54,2025,8,August,Friday,62386.92,62386.92
2025-08-29,ORD042064,CUST03289,P006,Desk,Furniture,Hyderabad,Store,Credit Card,2,12360.41,0.2,24720.82,19776.66,0,3386.51,2025,8,August,Friday,24720.82,19776.656000000003
2025-08-29,ORD035106,CUST01290,P003,Headphones,Electronics,Hyderabad,Online,Debit Card,1,4373.18,0.0,4373.18,4373.18,0,548.51,2025,8,August,Friday,4373.18,4373.18
2025-08-29,ORD002427,CUST04329,P011,Mixer Grinder,Home,Delhi,Online,UPI,2,5078.11,0.2,10156.22,8124.98,0,1635.92,2025,8,August,Friday,10156.22,8124.976
2025-08-29,ORD022280,CUST00966,P019,Vacuum Cleaner,Home,Pune,Online,UPI,2,9347.92,0.15,18695.84,15891.46,0,1608.87,2025,8,August,Friday,18695.84,15891.464
2025-08-29,ORD034970,CUST04530,P013,Monitor,Electronics,Hyderabad,Online,UPI,5,17894.83,0.1,89474.15,80526.74,1,-4026.34,2025,8,August,Friday,89474.15000000001,80526.735
2025-08-29,ORD026994,CUST01354,P017,Jeans,Fashion,Surat,Online,UPI,2,2924.71,0.1,5849.42,5264.48,1,-263.22,2025,8,August,Friday,5849.42,5264.478
2025-08-29,ORD014435,CUST01846,P012,Air Fryer,Home,Jaipur,Online,Net Banking,1,6909.35,0.0,6909.35,6909.35,0,1212.81,2025,8,August,Friday,6909.35,6909.35
2025-08-29,ORD020332,CUST02091,P001,Laptop,Electronics,Ahmedabad,Online,Credit Card,1,70092.8,0.1,70092.8,63083.52,1,-3154.18,2025,8,August,Friday,70092.8,63083.520000000004
2025-08-29,ORD047310,CUST02225,P004,Smartwatch,Electronics,Kolkata,Store,Credit Card,2,7634.04,0.15,15268.08,12977.87,0,1245.84,2025,8,August,Friday,15268.08,12977.868
2025-08-29,ORD034554,CUST02462,P003,Headphones,Electronics,Delhi,Store,UPI,1,4889.2,0.1,4889.2,4400.28,0,821.94,2025,8,August,Friday,4889.2,4400.28
2025-08-29,ORD039006,CUST00672,P010,Coffee Maker,Home,Pune,Store,UPI,1,5352.71,0.15,5352.71,4549.8,0,802.12,2025,8,August,Friday,5352.71,4549.8035
2025-08-29,ORD020982,CUST04789,P018,Jacket,Fashion,Delhi,Store,UPI,1,5258.96,0.1,5258.96,4733.06,1,-236.65,2025,8,August,Friday,5258.96,4733.064
2025-08-29,ORD010036,CUST03578,P020,Microwave,Home,Delhi,Online,UPI,2,12031.68,0.2,24063.36,19250.69,0,1866.82,2025,8,August,Friday,24063.36,19250.688000000002
2025-08-29,ORD029176,CUST04417,P006,Desk,Furniture,Kolkata,Online,Credit Card,3,11331.9,0.15,33995.7,28896.34,0,4138.67,2025,8,August,Friday,33995.7,28896.344999999998
2025-08-29,ORD016940,CUST01171,P014,Keyboard,Electronics,Surat,Online,Credit Card,1,2480.96,0.15,2480.96,2108.82,0,205.8,2025,8,August,Friday,2480.96,2108.816
2025-08-29,ORD034848,CUST02221,P001,Laptop,Electronics,Delhi,Online,Debit Card,1,63268.72,0.1,63268.72,56941.85,0,11935.6,2025,8,August,Friday,63268.72,56941.848000000005
2025-08-29,ORD012340,CUST02048,P011,Mixer Grinder,Home,Surat,Online,Credit Card,4,4936.59,0.2,19746.36,15797.09,0,4053.87,2025,8,August,Friday,19746.36,15797.088000000002
2025-08-29,ORD002272,CUST03959,P007,Backpack,Accessories,Hyderabad,Store,Credit Card,2,1982.02,0.15,3964.04,3369.43,0,630.78,2025,8,August,Friday,3964.04,3369.4339999999997
2025-08-29,ORD020930,CUST01270,P003,Headphones,Electronics,Bengaluru,Store,UPI,3,4166.83,0.0,12500.49,12500.49,0,2307.79,2025,8,August,Friday,12500.49,12500.49
2025-08-29,ORD046710,CUST03989,P007,Backpack,Accessories,Jaipur,Online,Cash,1,2182.14,0.1,2182.14,1963.93,0,472.71,2025,8,August,Friday,2182.14,1963.926
2025-08-29,ORD041027,CUST01563,P012,Air Fryer,Home,Surat,Online,UPI,4,6726.87,0.15,26907.48,22871.36,0,4587.15,2025,8,August,Friday,26907.48,22871.358
2025-08-29,ORD049681,CUST04895,P003,Headphones,Electronics,Bengaluru,Store,Cash,2,4829.21,0.05,9658.42,9175.5,0,1697.64,2025,8,August,Friday,9658.42,9175.499
2025-08-29,ORD044704,CUST03605,P016,Sofa,Furniture,Bengaluru,Online,UPI,2,33553.36,0.1,67106.72,60396.05,1,-3019.8,2025,8,August,Friday,67106.72,60396.048
2025-08-29,ORD012326,CUST02681,P003,Headphones,Electronics,Chennai,Store,UPI,2,4100.56,0.05,8201.12,7791.06,0,1844.7,2025,8,August,Friday,8201.12,7791.064
2025-08-29,ORD039206,CUST01212,P016,Sofa,Furniture,Ahmedabad,Online,UPI,2,32303.81,0.1,64607.62,58146.86,1,-2907.34,2025,8,August,Friday,64607.62,58146.858
2025-08-29,ORD009819,CUST03100,P018,Jacket,Fashion,Kolkata,Online,Debit Card,1,5538.17,0.05,5538.17,5261.26,0,757.86,2025,8,August,Friday,5538.17,5261.2615
2025-08-29,ORD025090,CUST04132,P017,Jeans,Fashion,Bengaluru,Store,UPI,2,2974.15,0.2,5948.3,4758.64,0,284.31,2025,8,August,Friday,5948.3,4758.64
2025-08-29,ORD045898,CUST02737,P011,Mixer Grinder,Home,Chennai,Online,UPI,2,4756.8,0.25,9513.6,7135.2,0,1060.91,2025,8,August,Friday,9513.6,7135.200000000001
2025-08-29,ORD014241,CUST03494,P003,Headphones,Electronics,Jaipur,Online,Debit Card,3,4730.26,0.15,14190.78,12062.16,0,2263.57,2025,8,August,Friday,14190.78,12062.163
2025-08-29,ORD030263,CUST03781,P016,Sofa,Furniture,Kolkata,Store,Debit Card,1,37567.2,0.1,37567.2,33810.48,0,2314.02,2025,8,August,Friday,37567.2,33810.479999999996
2025-08-29,ORD037402,CUST04374,P001,Laptop,Electronics,Pune,Online,UPI,1,59294.94,0.05,59294.94,56330.19,0,12341.27,2025,8,August,Friday,59294.94,56330.193
2025-08-29,ORD005460,CUST02715,P020,Microwave,Home,Surat,Store,Debit Card,1,11605.23,0.1,11605.23,10444.71,0,1988.31,2025,8,August,Friday,11605.23,10444.707
2025-08-29,ORD035949,CUST00387,P004,Smartwatch,Electronics,Hyderabad,Online,Cash,1,6440.34,0.1,6440.34,5796.31,0,1272.22,2025,8,August,Friday,6440.34,5796.3060000000005
2025-08-29,ORD022721,CUST03077,P004,Smartwatch,Electronics,Kolkata,Store,UPI,1,6345.89,0.05,6345.89,6028.6,0,442.24,2025,8,August,Friday,6345.89,6028.5955
2025-08-29,ORD039675,CUST04424,P019,Vacuum Cleaner,Home,Surat,Online,UPI,1,9728.06,0.0,9728.06,9728.06,0,1873.8,2025,8,August,Friday,9728.06,9728.06
2025-08-29,ORD035960,CUST00962,P019,Vacuum Cleaner,Home,Mumbai,Online,Debit Card,1,8361.07,0.25,8361.07,6270.8,0,745.73,2025,8,August,Friday,8361.07,6270.8025
2025-08-29,ORD031383,CUST00995,P003,Headphones,Electronics,Ahmedabad,Store,Debit Card,1,4947.83,0.05,4947.83,4700.44,0,1088.65,2025,8,August,Friday,4947.83,4700.438499999999
2025-08-30,ORD025544,CUST00713,P001,Laptop,Electronics,Chennai,Store,UPI,4,59924.66,0.0,239698.64,239698.64,1,-11984.93,2025,8,August,Saturday,239698.64,239698.64
2025-08-30,ORD020247,CUST02147,P012,Air Fryer,Home,Bengaluru,Online,UPI,1,7586.5,0.0,7586.5,7586.5,0,1182.13,2025,8,August,Saturday,7586.5,7586.5
2025-08-30,ORD000134,CUST01274,P020,Microwave,Home,Delhi,Online,Credit Card,2,11588.99,0.15,23177.98,19701.28,0,3339.88,2025,8,August,Saturday,23177.98,19701.283
2025-08-30,ORD005691,CUST01273,P019,Vacuum Cleaner,Home,Chennai,Online,Net Banking,1,8543.37,0.05,8543.37,8116.2,0,2133.69,2025,8,August,Saturday,8543.37,8116.2015
2025-08-30,ORD014679,CUST03741,P006,Desk,Furniture,Surat,Store,Net Banking,2,11335.69,0.05,22671.38,21537.81,0,4587.23,2025,8,August,Saturday,22671.38,21537.811
2025-08-30,ORD031811,CUST04296,P003,Headphones,Electronics,Bengaluru,Online,Credit Card,1,4587.83,0.1,4587.83,4129.05,1,-206.45,2025,8,August,Saturday,4587.83,4129.0470000000005
2025-08-30,ORD039955,CUST02856,P002,Smartphone,Electronics,Kolkata,Online,UPI,4,27722.1,0.05,110888.4,105343.98,0,9589.41,2025,8,August,Saturday,110888.4,105343.98
2025-08-30,ORD035915,CUST01870,P012,Air Fryer,Home,Pune,Online,Credit Card,1,7268.89,0.1,7268.89,6542.0,0,904.85,2025,8,August,Saturday,7268.89,6542.001
2025-08-30,ORD048794,CUST01912,P006,Desk,Furniture,Surat,Store,UPI,2,12089.65,0.05,24179.3,22970.34,0,4422.82,2025,8,August,Saturday,24179.3,22970.335
2025-08-30,ORD018805,CUST02894,P019,Vacuum Cleaner,Home,Kolkata,Online,UPI,1,9370.51,0.15,9370.51,7964.93,0,806.11,2025,8,August,Saturday,9370.51,7964.9335
2025-08-30,ORD031665,CUST01802,P016,Sofa,Furniture,Ahmedabad,Online,UPI,3,36086.21,0.1,108258.63,97432.77,0,25081.56,2025,8,August,Saturday,108258.63,97432.767
2025-08-30,ORD012401,CUST00113,P013,Monitor,Electronics,Hyderabad,Online,UPI,3,19560.18,0.15,58680.54,49878.46,0,6771.38,2025,8,August,Saturday,58680.54,49878.459
2025-08-30,ORD022182,CUST01143,P001,Laptop,Electronics,Pune,Online,Credit Card,1,69765.24,0.1,69765.24,62788.72,0,16672.31,2025,8,August,Saturday,69765.24,62788.71600000001
2025-08-30,ORD028817,CUST02929,P004,Smartwatch,Electronics,Pune,Online,UPI,1,7690.0,0.0,7690.0,7690.0,0,1322.23,2025,8,August,Saturday,7690.0,7690.0
2025-08-30,ORD026623,CUST01223,P016,Sofa,Furniture,Mumbai,Store,Credit Card,1,35006.07,0.0,35006.07,35006.07,0,6990.9,2025,8,August,Saturday,35006.07,35006.07
2025-08-30,ORD034125,CUST02335,P012,Air Fryer,Home,Mumbai,Online,UPI,1,6760.46,0.15,6760.46,5746.39,0,652.07,2025,8,August,Saturday,6760.46,5746.391
2025-08-30,ORD042176,CUST00461,P016,Sofa,Furniture,Surat,Online,Credit Card,1,35602.33,0.15,35602.33,30261.98,0,6163.11,2025,8,August,Saturday,35602.33,30261.9805
2025-08-30,ORD004925,CUST00557,P011,Mixer Grinder,Home,Delhi,Online,UPI,1,4984.13,0.05,4984.13,4734.92,0,469.63,2025,8,August,Saturday,4984.13,4734.9235
2025-08-30,ORD048726,CUST04131,P011,Mixer Grinder,Home,Chennai,Store,UPI,1,4462.49,0.15,4462.49,3793.12,0,257.45,2025,8,August,Saturday,4462.49,3793.1164999999996
2025-08-30,ORD049868,CUST02770,P007,Backpack,Accessories,Pune,Online,Debit Card,2,2299.93,0.15,4599.86,3909.88,0,915.94,2025,8,August,Saturday,4599.86,3909.8809999999994
2025-08-30,ORD003186,CUST01406,P012,Air Fryer,Home,Ahmedabad,Online,UPI,1,7715.56,0.15,7715.56,6558.23,0,335.79,2025,8,August,Saturday,7715.56,6558.226000000001
2025-08-30,ORD020142,CUST04001,P019,Vacuum Cleaner,Home,Kolkata,Store,Net Banking,1,8167.02,0.0,8167.02,8167.02,0,1270.88,2025,8,August,Saturday,8167.02,8167.02
2025-08-30,ORD009509,CUST04635,P011,Mixer Grinder,Home,Surat,Store,Credit Card,1,4784.74,0.05,4784.74,4545.5,0,1084.65,2025,8,August,Saturday,4784.74,4545.503
2025-08-30,ORD006602,CUST04131,P004,Smartwatch,Electronics,Bengaluru,Store,Debit Card,1,7277.82,0.2,7277.82,5822.26,0,718.19,2025,8,August,Saturday,7277.82,5822.256
2025-08-30,ORD049109,CUST03712,P009,T-Shirt,Fashion,Chennai,Store,Debit Card,1,1285.86,0.2,1285.86,1028.69,0,112.97,2025,8,August,Saturday,1285.86,1028.6879999999999
2025-08-30,ORD019793,CUST03564,P006,Desk,Furniture,Mumbai,Online,UPI,3,12629.61,0.1,37888.83,34099.95,1,-1705.0,2025,8,August,Saturday,37888.83,34099.947
2025-08-30,ORD043623,CUST03073,P003,Headphones,Electronics,Jaipur,Online,UPI,1,4087.6,0.1,4087.6,3678.84,0,999.49,2025,8,August,Saturday,4087.6,3678.84
2025-08-30,ORD033732,CUST00558,P020,Microwave,Home,Mumbai,Online,Credit Card,1,11386.8,0.0,11386.8,11386.8,0,2538.74,2025,8,August,Saturday,11386.8,11386.8
2025-08-30,ORD018886,CUST03639,P003,Headphones,Electronics,Delhi,Online,Credit Card,5,4121.15,0.2,20605.75,16484.6,0,1165.9,2025,8,August,Saturday,20605.75,16484.600000000002
2025-08-30,ORD028318,CUST00180,P003,Headphones,Electronics,Bengaluru,Store,UPI,4,4396.79,0.15,17587.16,14949.09,0,3722.21,2025,8,August,Saturday,17587.16,14949.086
2025-08-30,ORD045742,CUST02951,P020,Microwave,Home,Mumbai,Store,UPI,1,10376.08,0.0,10376.08,10376.08,0,2911.34,2025,8,August,Saturday,10376.08,10376.08
2025-08-30,ORD007752,CUST04665,P006,Desk,Furniture,Delhi,Online,UPI,2,11733.88,0.1,23467.76,21120.98,0,5138.02,2025,8,August,Saturday,23467.76,21120.984
2025-08-30,ORD022999,CUST00533,P016,Sofa,Furniture,Ahmedabad,Online,Credit Card,2,38332.77,0.1,76665.54,68998.99,0,16600.96,2025,8,August,Saturday,76665.54,68998.98599999999
2025-08-30,ORD000970,CUST00349,P005,Office Chair,Furniture,Surat,Store,Credit Card,2,9424.73,0.1,18849.46,16964.51,0,2335.35,2025,8,August,Saturday,18849.46,16964.514
2025-08-30,ORD029259,CUST03684,P015,Dining Table,Furniture,Delhi,Online,Debit Card,1,21460.65,0.05,21460.65,20387.62,1,-1019.38,2025,8,August,Saturday,21460.65,20387.6175
2025-08-30,ORD040145,CUST01902,P019,Vacuum Cleaner,Home,Delhi,Online,UPI,1,9538.26,0.05,9538.26,9061.35,0,1891.17,2025,8,August,Saturday,9538.26,9061.347
2025-08-30,ORD024904,CUST00898,P011,Mixer Grinder,Home,Surat,Online,Credit Card,1,4955.13,0.05,4955.13,4707.37,0,811.75,2025,8,August,Saturday,4955.13,4707.3735
2025-08-30,ORD006867,CUST04033,P011,Mixer Grinder,Home,Pune,Online,UPI,1,4405.63,0.0,4405.63,4405.63,0,559.87,2025,8,August,Saturday,4405.63,4405.63
2025-08-30,ORD032140,CUST03018,P020,Microwave,Home,Mumbai,Store,UPI,1,10150.16,0.1,10150.16,9135.14,0,2048.2,2025,8,August,Saturday,10150.16,9135.144
2025-08-30,ORD032035,CUST02927,P005,Office Chair,Furniture,Jaipur,Store,UPI,4,8838.75,0.05,35355.0,33587.25,0,3432.24,2025,8,August,Saturday,35355.0,33587.25
2025-08-30,ORD033329,CUST03415,P002,Smartphone,Electronics,Delhi,Store,Credit Card,5,26420.69,0.0,132103.45,132103.45,0,35931.88,2025,8,August,Saturday,132103.44999999998,132103.45
2025-08-30,ORD005371,CUST02897,P017,Jeans,Fashion,Pune,Online,Credit Card,1,2799.28,0.05,2799.28,2659.32,0,527.6,2025,8,August,Saturday,2799.28,2659.3160000000003
2025-08-30,ORD035064,CUST01410,P006,Desk,Furniture,Ahmedabad,Online,Net Banking,1,12924.84,0.0,12924.84,12924.84,0,1579.71,2025,8,August,Saturday,12924.84,12924.84
2025-08-30,ORD028402,CUST02846,P018,Jacket,Fashion,Jaipur,Online,Credit Card,1,4775.15,0.05,4775.15,4536.39,0,399.74,2025,8,August,Saturday,4775.15,4536.392499999999
2025-08-30,ORD019485,CUST04577,P006,Desk,Furniture,Surat,Online,Credit Card,2,13107.74,0.15,26215.48,22283.16,0,2540.99,2025,8,August,Saturday,26215.48,22283.158
2025-08-30,ORD022842,CUST00587,P014,Keyboard,Electronics,Delhi,Online,Credit Card,1,2376.91,0.0,2376.91,2376.91,0,400.9,2025,8,August,Saturday,2376.91,2376.91
2025-08-30,ORD004782,CUST00588,P009,T-Shirt,Fashion,Bengaluru,Online,Debit Card,2,1252.67,0.05,2505.34,2380.07,0,585.75,2025,8,August,Saturday,2505.34,2380.073
2025-08-30,ORD028977,CUST00106,P007,Backpack,Accessories,Kolkata,Store,UPI,1,2336.31,0.0,2336.31,2336.31,0,505.5,2025,8,August,Saturday,2336.31,2336.31
2025-08-30,ORD040588,CUST04949,P018,Jacket,Fashion,Bengaluru,Online,Net Banking,1,5215.0,0.0,5215.0,5215.0,0,821.93,2025,8,August,Saturday,5215.0,5215.0
2025-08-30,ORD001599,CUST01516,P003,Headphones,Electronics,Surat,Store,UPI,2,4920.98,0.05,9841.96,9349.86,0,1678.34,2025,8,August,Saturday,9841.96,9349.862
2025-08-30,ORD021873,CUST02928,P001,Laptop,Electronics,Hyderabad,Store,UPI,1,65048.75,0.15,65048.75,55291.44,0,7576.67,2025,8,August,Saturday,65048.75,55291.4375
2025-08-30,ORD019395,CUST00465,P013,Monitor,Electronics,Kolkata,Online,UPI,2,19431.56,0.05,38863.12,36919.96,0,6009.81,2025,8,August,Saturday,38863.12,36919.964
2025-08-30,ORD008714,CUST04763,P009,T-Shirt,Fashion,Kolkata,Store,UPI,2,1286.73,0.1,2573.46,2316.11,1,-115.81,2025,8,August,Saturday,2573.46,2316.114
2025-08-30,ORD011522,CUST00948,P007,Backpack,Accessories,Chennai,Online,Debit Card,1,2113.17,0.0,2113.17,2113.17,0,581.96,2025,8,August,Saturday,2113.17,2113.17
2025-08-30,ORD042731,CUST01063,P004,Smartwatch,Electronics,Hyderabad,Online,Credit Card,1,7190.89,0.15,7190.89,6112.26,0,1040.35,2025,8,August,Saturday,7190.89,6112.2565
2025-08-30,ORD036315,CUST02257,P010,Coffee Maker,Home,Hyderabad,Online,UPI,2,5419.98,0.05,10839.96,10297.96,0,1179.06,2025,8,August,Saturday,10839.96,10297.962
2025-08-30,ORD006320,CUST03604,P013,Monitor,Electronics,Jaipur,Online,UPI,2,19366.15,0.1,38732.3,34859.07,0,7267.22,2025,8,August,Saturday,38732.3,34859.07000000001
2025-08-30,ORD022827,CUST01269,P012,Air Fryer,Home,Chennai,Online,Credit Card,1,7305.06,0.05,7305.06,6939.81,1,-346.99,2025,8,August,Saturday,7305.06,6939.807
2025-08-30,ORD030701,CUST03372,P003,Headphones,Electronics,Jaipur,Online,UPI,1,4427.14,0.1,4427.14,3984.43,0,800.99,2025,8,August,Saturday,4427.14,3984.4260000000004
2025-08-30,ORD011971,CUST04372,P015,Dining Table,Furniture,Hyderabad,Online,UPI,5,23299.36,0.05,116496.8,110671.96,0,17576.03,2025,8,August,Saturday,116496.8,110671.95999999999
2025-08-30,ORD032494,CUST00615,P019,Vacuum Cleaner,Home,Bengaluru,Online,Credit Card,2,8124.26,0.0,16248.52,16248.52,0,4465.75,2025,8,August,Saturday,16248.52,16248.52
2025-08-30,ORD001244,CUST00084,P009,T-Shirt,Fashion,Pune,Online,UPI,1,1098.92,0.1,1098.92,989.03,0,129.41,2025,8,August,Saturday,1098.92,989.0280000000001
2025-08-30,ORD040561,CUST02450,P012,Air Fryer,Home,Bengaluru,Store,Credit Card,1,7419.23,0.0,7419.23,7419.23,0,2070.02,2025,8,August,Saturday,7419.23,7419.23
2025-08-31,ORD006467,CUST03033,P005,Office Chair,Furniture,Kolkata,Store,Cash,1,9344.16,0.05,9344.16,8876.95,0,1841.32,2025,8,August,Sunday,9344.16,8876.952
2025-08-31,ORD040269,CUST03348,P012,Air Fryer,Home,Ahmedabad,Store,UPI,2,7796.36,0.05,15592.72,14813.08,0,3141.08,2025,8,August,Sunday,15592.72,14813.083999999999
2025-08-31,ORD028140,CUST00906,P019,Vacuum Cleaner,Home,Jaipur,Store,Credit Card,1,9312.78,0.2,9312.78,7450.22,0,361.64,2025,8,August,Sunday,9312.78,7450.224000000001
2025-08-31,ORD006723,CUST00640,P005,Office Chair,Furniture,Delhi,Store,Debit Card,2,10085.19,0.05,20170.38,19161.86,0,1786.92,2025,8,August,Sunday,20170.38,19161.861
2025-08-31,ORD035129,CUST02328,P004,Smartwatch,Electronics,Mumbai,Online,Debit Card,1,7623.84,0.1,7623.84,6861.46,0,613.86,2025,8,August,Sunday,7623.84,6861.456
2025-08-31,ORD042675,CUST00559,P011,Mixer Grinder,Home,Surat,Store,UPI,1,4599.21,0.1,4599.21,4139.29,0,522.15,2025,8,August,Sunday,4599.21,4139.289
2025-08-31,ORD023362,CUST00332,P004,Smartwatch,Electronics,Ahmedabad,Store,Credit Card,2,6328.23,0.1,12656.46,11390.81,0,2286.58,2025,8,August,Sunday,12656.46,11390.814
2025-08-31,ORD009418,CUST00277,P003,Headphones,Electronics,Surat,Online,Credit Card,4,4547.25,0.05,18189.0,17279.55,0,2185.01,2025,8,August,Sunday,18189.0,17279.55
2025-08-31,ORD013935,CUST02474,P012,Air Fryer,Home,Kolkata,Store,Credit Card,1,7407.73,0.0,7407.73,7407.73,0,1940.29,2025,8,August,Sunday,7407.73,7407.73
2025-08-31,ORD040521,CUST00412,P002,Smartphone,Electronics,Delhi,Store,UPI,1,25385.59,0.15,25385.59,21577.75,0,1273.09,2025,8,August,Sunday,25385.59,21577.7515
2025-08-31,ORD006653,CUST01433,P011,Mixer Grinder,Home,Surat,Online,UPI,1,4643.07,0.1,4643.07,4178.76,1,-208.94,2025,8,August,Sunday,4643.07,4178.763
2025-08-31,ORD030305,CUST04316,P007,Backpack,Accessories,Jaipur,Store,Debit Card,1,2237.61,0.0,2237.61,2237.61,0,569.12,2025,8,August,Sunday,2237.61,2237.61
2025-08-31,ORD013838,CUST01862,P002,Smartphone,Electronics,Chennai,Online,Credit Card,2,28452.12,0.15,56904.24,48368.6,1,-2418.43,2025,8,August,Sunday,56904.24,48368.604
2025-08-31,ORD000017,CUST03273,P006,Desk,Furniture,Hyderabad,Store,Cash,1,12320.47,0.1,12320.47,11088.42,0,885.56,2025,8,August,Sunday,12320.47,11088.422999999999
2025-08-31,ORD037212,CUST02434,P001,Laptop,Electronics,Hyderabad,Store,Debit Card,2,61447.05,0.25,122894.1,92170.58,0,21677.43,2025,8,August,Sunday,122894.1,92170.57500000001
2025-08-31,ORD037877,CUST00924,P009,T-Shirt,Fashion,Pune,Online,UPI,1,1140.02,0.0,1140.02,1140.02,0,317.62,2025,8,August,Sunday,1140.02,1140.02
2025-08-31,ORD035988,CUST02613,P013,Monitor,Electronics,Mumbai,Online,UPI,1,18050.52,0.0,18050.52,18050.52,0,4080.36,2025,8,August,Sunday,18050.52,18050.52
2025-08-31,ORD007284,CUST04475,P009,T-Shirt,Fashion,Pune,Online,Debit Card,1,1205.03,0.0,1205.03,1205.03,0,134.54,2025,8,August,Sunday,1205.03,1205.03
2025-08-31,ORD038679,CUST03559,P011,Mixer Grinder,Home,Kolkata,Online,Credit Card,1,4939.89,0.1,4939.89,4445.9,0,1220.72,2025,8,August,Sunday,4939.89,4445.901000000001
2025-08-31,ORD039556,CUST00169,P004,Smartwatch,Electronics,Delhi,Online,Credit Card,1,7693.52,0.0,7693.52,7693.52,0,1263.05,2025,8,August,Sunday,7693.52,7693.52
2025-08-31,ORD037762,CUST03029,P008,Running Shoes,Fashion,Kolkata,Online,Debit Card,1,4596.18,0.15,4596.18,3906.75,0,202.46,2025,8,August,Sunday,4596.18,3906.753
2025-08-31,ORD041425,CUST02510,P018,Jacket,Fashion,Bengaluru,Store,Debit Card,1,5130.21,0.1,5130.21,4617.19,0,1161.9,2025,8,August,Sunday,5130.21,4617.189
2025-08-31,ORD036167,CUST01008,P004,Smartwatch,Electronics,Ahmedabad,Store,Credit Card,2,6450.61,0.15,12901.22,10966.04,0,579.36,2025,8,August,Sunday,12901.22,10966.036999999998
2025-08-31,ORD049909,CUST00777,P005,Office Chair,Furniture,Bengaluru,Online,Net Banking,5,9504.51,0.25,47522.55,35641.91,0,7653.63,2025,8,August,Sunday,47522.55,35641.912500000006
2025-08-31,ORD008574,CUST00721,P010,Coffee Maker,Home,Mumbai,Store,Credit Card,1,5053.05,0.15,5053.05,4295.09,0,440.39,2025,8,August,Sunday,5053.05,4295.0925
2025-08-31,ORD012347,CUST03444,P015,Dining Table,Furniture,Chennai,Online,Debit Card,1,20846.14,0.1,20846.14,18761.53,0,3664.36,2025,8,August,Sunday,20846.14,18761.526
2025-08-31,ORD002119,CUST04644,P016,Sofa,Furniture,Kolkata,Online,Net Banking,2,36784.31,0.1,73568.62,66211.76,0,14595.42,2025,8,August,Sunday,73568.62,66211.758
2025-08-31,ORD025558,CUST02105,P006,Desk,Furniture,Ahmedabad,Online,UPI,2,12883.51,0.05,25767.02,24478.67,0,4549.22,2025,8,August,Sunday,25767.02,24478.668999999998
2025-08-31,ORD029530,CUST02257,P003,Headphones,Electronics,Kolkata,Store,Credit Card,1,4912.45,0.0,4912.45,4912.45,0,839.34,2025,8,August,Sunday,4912.45,4912.45
2025-08-31,ORD043349,CUST03817,P018,Jacket,Fashion,Ahmedabad,Online,UPI,2,4948.46,0.05,9896.92,9402.07,0,1480.01,2025,8,August,Sunday,9896.92,9402.074
2025-08-31,ORD018578,CUST01251,P010,Coffee Maker,Home,Jaipur,Store,Net Banking,1,5623.38,0.1,5623.38,5061.04,0,937.5,2025,8,August,Sunday,5623.38,5061.042
2025-08-31,ORD042957,CUST03550,P010,Coffee Maker,Home,Delhi,Online,Net Banking,1,4967.86,0.15,4967.86,4222.68,0,338.16,2025,8,August,Sunday,4967.86,4222.681
2025-08-31,ORD024626,CUST03378,P007,Backpack,Accessories,Pune,Online,Debit Card,1,2136.1,0.05,2136.1,2029.29,1,-101.46,2025,8,August,Sunday,2136.1,2029.2949999999998
2025-08-31,ORD036530,CUST02007,P003,Headphones,Electronics,Chennai,Store,UPI,1,4594.39,0.1,4594.39,4134.95,0,248.48,2025,8,August,Sunday,4594.39,4134.951
2025-08-31,ORD017699,CUST03026,P019,Vacuum Cleaner,Home,Chennai,Online,UPI,1,8407.58,0.0,8407.58,8407.58,0,2367.43,2025,8,August,Sunday,8407.58,8407.58
2025-08-31,ORD010585,CUST00176,P013,Monitor,Electronics,Delhi,Store,UPI,1,16352.3,0.15,16352.3,13899.46,0,3051.95,2025,8,August,Sunday,16352.3,13899.455
2025-08-31,ORD021145,CUST04810,P018,Jacket,Fashion,Ahmedabad,Online,UPI,5,4796.18,0.1,23980.9,21582.81,0,5134.21,2025,8,August,Sunday,23980.9,21582.81
2025-08-31,ORD028710,CUST01065,P018,Jacket,Fashion,Hyderabad,Store,UPI,1,4805.68,0.05,4805.68,4565.4,0,542.22,2025,8,August,Sunday,4805.68,4565.396
2025-08-31,ORD018410,CUST01368,P020,Microwave,Home,Pune,Online,Credit Card,1,10964.23,0.0,10964.23,10964.23,0,1645.17,2025,8,August,Sunday,10964.23,10964.23
2025-08-31,ORD044810,CUST04033,P007,Backpack,Accessories,Chennai,Online,UPI,1,2043.07,0.15,2043.07,1736.61,0,340.56,2025,8,August,Sunday,2043.07,1736.6094999999998
2025-08-31,ORD036728,CUST00320,P020,Microwave,Home,Mumbai,Online,UPI,1,11098.57,0.05,11098.57,10543.64,0,1557.57,2025,8,August,Sunday,11098.57,10543.6415
2025-08-31,ORD002801,CUST01603,P007,Backpack,Accessories,Mumbai,Store,UPI,1,2367.51,0.0,2367.51,2367.51,0,234.39,2025,8,August,Sunday,2367.51,2367.51
2025-08-31,ORD022180,CUST04938,P005,Office Chair,Furniture,Jaipur,Store,UPI,1,9861.04,0.05,9861.04,9367.99,0,1286.67,2025,8,August,Sunday,9861.04,9367.988000000001
2025-08-31,ORD009086,CUST01177,P013,Monitor,Electronics,Hyderabad,Online,Credit Card,1,17292.86,0.0,17292.86,17292.86,0,3752.55,2025,8,August,Sunday,17292.86,17292.86
2025-08-31,ORD005333,CUST03669,P018,Jacket,Fashion,Mumbai,Online,Net Banking,1,4924.99,0.25,4924.99,3693.74,0,312.07,2025,8,August,Sunday,4924.99,3693.7425
2025-08-31,ORD006292,CUST01433,P004,Smartwatch,Electronics,Surat,Online,Credit Card,1,6886.38,0.1,6886.38,6197.74,0,665.14,2025,8,August,Sunday,6886.38,6197.742
2025-08-31,ORD006734,CUST02934,P020,Microwave,Home,Jaipur,Online,Cash,1,11075.22,0.15,11075.22,9413.94,0,2338.39,2025,8,August,Sunday,11075.22,9413.937
2025-08-31,ORD005351,CUST00530,P014,Keyboard,Electronics,Ahmedabad,Online,Net Banking,1,2393.27,0.25,2393.27,1794.95,0,206.71,2025,8,August,Sunday,2393.27,1794.9524999999999
2025-08-31,ORD028165,CUST00891,P017,Jeans,Fashion,Delhi,Online,UPI,1,2635.71,0.05,2635.71,2503.92,0,310.22,2025,8,August,Sunday,2635.71,2503.9245
2025-08-31,ORD001619,CUST00946,P017,Jeans,Fashion,Delhi,Store,Net Banking,4,2885.13,0.05,11540.52,10963.49,0,2645.58,2025,8,August,Sunday,11540.52,10963.494
2025-08-31,ORD013542,CUST02039,P007,Backpack,Accessories,Chennai,Store,Credit Card,1,2326.36,0.1,2326.36,2093.72,0,280.49,2025,8,August,Sunday,2326.36,2093.724
2025-08-31,ORD026980,CUST02505,P004,Smartwatch,Electronics,Hyderabad,Online,Debit Card,2,7022.05,0.0,14044.1,14044.1,0,3493.86,2025,8,August,Sunday,14044.1,14044.1
2025-08-31,ORD003526,CUST00087,P003,Headphones,Electronics,Surat,Online,UPI,2,4553.24,0.2,9106.48,7285.18,0,1686.78,2025,8,August,Sunday,9106.48,7285.184
2025-08-31,ORD018444,CUST02723,P015,Dining Table,Furniture,Chennai,Online,UPI,3,19830.71,0.25,59492.13,44619.1,0,1784.76,2025,8,August,Sunday,59492.13,44619.097499999996
2025-08-31,ORD024973,CUST02039,P020,Microwave,Home,Hyderabad,Online,Credit Card,4,11668.15,0.05,46672.6,44338.97,0,12435.89,2025,8,August,Sunday,46672.6,44338.969999999994
2025-08-31,ORD014640,CUST00830,P011,Mixer Grinder,Home,Surat,Online,Cash,1,5022.02,0.1,5022.02,4519.82,0,715.49,2025,8,August,Sunday,5022.02,4519.818
2025-08-31,ORD047193,CUST01273,P009,T-Shirt,Fashion,Chennai,Store,UPI,1,1259.61,0.0,1259.61,1259.61,0,173.61,2025,8,August,Sunday,1259.61,1259.61
2025-08-31,ORD021089,CUST00568,P009,T-Shirt,Fashion,Jaipur,Online,Net Banking,3,1136.25,0.05,3408.75,3238.31,0,873.46,2025,8,August,Sunday,3408.75,3238.3125
2025-08-31,ORD025312,CUST01791,P013,Monitor,Electronics,Mumbai,Store,UPI,1,18053.69,0.05,18053.69,17151.01,0,2288.14,2025,8,August,Sunday,18053.69,17151.0055
2025-08-31,ORD035614,CUST03254,P016,Sofa,Furniture,Mumbai,Online,Debit Card,1,33555.87,0.2,33555.87,26844.7,0,1313.87,2025,8,August,Sunday,33555.87,26844.696000000004
2025-08-31,ORD005971,CUST04967,P001,Laptop,Electronics,Bengaluru,Online,Credit Card,1,68677.63,0.15,68677.63,58375.99,1,-2918.8,2025,8,August,Sunday,68677.63,58375.9855
2025-08-31,ORD006851,CUST03959,P010,Coffee Maker,Home,Pune,Online,Credit Card,5,5406.01,0.2,27030.05,21624.04,0,5006.83,2025,8,August,Sunday,27030.050000000003,21624.04
2025-08-31,ORD022785,CUST04764,P017,Jeans,Fashion,Kolkata,Store,UPI,2,2556.37,0.25,5112.74,3834.56,0,353.62,2025,8,August,Sunday,5112.74,3834.555
2025-08-31,ORD022796,CUST01378,P018,Jacket,Fashion,Ahmedabad,Store,Credit Card,1,4827.72,0.1,4827.72,4344.95,0,599.77,2025,8,August,Sunday,4827.72,4344.948
2025-08-31,ORD039115,CUST04346,P002,Smartphone,Electronics,Hyderabad,Store,Debit Card,5,25384.2,0.1,126921.0,114228.9,0,23103.33,2025,8,August,Sunday,126921.0,114228.90000000001
2025-08-31,ORD002513,CUST04596,P011,Mixer Grinder,Home,Surat,Online,Credit Card,5,4792.18,0.2,23960.9,19168.72,0,3416.61,2025,8,August,Sunday,23960.9,19168.72
2025-08-31,ORD031990,CUST00115,P014,Keyboard,Electronics,Surat,Store,UPI,1,2654.04,0.2,2654.04,2123.23,0,515.84,2025,8,August,Sunday,2654.04,2123.232
2025-08-31,ORD033036,CUST02620,P005,Office Chair,Furniture,Mumbai,Online,Net Banking,1,9760.05,0.05,9760.05,9272.05,0,1529.66,2025,8,August,Sunday,9760.05,9272.047499999999
2025-08-31,ORD023717,CUST03965,P016,Sofa,Furniture,Delhi,Online,Credit Card,2,36305.61,0.0,72611.22,72611.22,0,13225.99,2025,8,August,Sunday,72611.22,72611.22
2025-08-31,ORD048517,CUST04784,P006,Desk,Furniture,Bengaluru,Store,Credit Card,1,12788.89,0.05,12788.89,12149.45,1,-607.47,2025,8,August,Sunday,12788.89,12149.445499999998
2025-08-31,ORD015501,CUST00273,P001,Laptop,Electronics,Bengaluru,Online,Cash,3,68236.88,0.2,204710.64,163768.51,1,-8188.43,2025,8,August,Sunday,204710.64,163768.51200000002
2025-09-01,ORD007411,CUST01662,P006,Desk,Furniture,Bengaluru,Store,UPI,4,11978.03,0.15,47912.12,40725.3,0,10340.38,2025,9,September,Monday,47912.12,40725.302
2025-09-01,ORD037501,CUST00185,P014,Keyboard,Electronics,Ahmedabad,Online,Credit Card,1,2270.58,0.05,2270.58,2157.05,0,483.33,2025,9,September,Monday,2270.58,2157.051
2025-09-01,ORD003668,CUST04489,P001,Laptop,Electronics,Pune,Online,Debit Card,3,59174.32,0.1,177522.96,159770.66,0,43290.38,2025,9,September,Monday,177522.96,159770.664
2025-09-01,ORD047990,CUST03411,P005,Office Chair,Furniture,Delhi,Store,UPI,1,9351.61,0.1,9351.61,8416.45,0,2156.73,2025,9,September,Monday,9351.61,8416.449
2025-09-01,ORD004714,CUST04095,P004,Smartwatch,Electronics,Ahmedabad,Store,Credit Card,2,6790.45,0.05,13580.9,12901.86,0,2330.06,2025,9,September,Monday,13580.9,12901.855
2025-09-01,ORD008379,CUST01517,P002,Smartphone,Electronics,Surat,Store,UPI,3,26311.13,0.05,78933.39,74986.72,0,8235.91,2025,9,September,Monday,78933.39,74986.7205
2025-09-01,ORD044327,CUST02275,P001,Laptop,Electronics,Jaipur,Online,UPI,2,67211.91,0.1,134423.82,120981.44,0,11513.94,2025,9,September,Monday,134423.82,120981.43800000001
2025-09-01,ORD014891,CUST03461,P020,Microwave,Home,Bengaluru,Store,Credit Card,4,12082.0,0.0,48328.0,48328.0,0,9568.02,2025,9,September,Monday,48328.0,48328.0
2025-09-01,ORD032689,CUST00844,P019,Vacuum Cleaner,Home,Kolkata,Store,Credit Card,1,8815.99,0.0,8815.99,8815.99,0,1315.83,2025,9,September,Monday,8815.99,8815.99
2025-09-01,ORD049698,CUST00284,P016,Sofa,Furniture,Ahmedabad,Online,Debit Card,4,35834.17,0.1,143336.68,129003.01,0,28848.74,2025,9,September,Monday,143336.68,129003.012
2025-09-01,ORD008988,CUST03246,P007,Backpack,Accessories,Bengaluru,Store,Credit Card,1,2075.04,0.1,2075.04,1867.54,0,437.39,2025,9,September,Monday,2075.04,1867.536
2025-09-01,ORD018199,CUST04425,P006,Desk,Furniture,Kolkata,Store,UPI,3,12086.11,0.1,36258.33,32632.5,0,7467.87,2025,9,September,Monday,36258.33,32632.497000000003
2025-09-01,ORD044055,CUST00962,P009,T-Shirt,Fashion,Jaipur,Online,Net Banking,1,1128.44,0.1,1128.44,1015.6,0,175.32,2025,9,September,Monday,1128.44,1015.5960000000001
2025-09-01,ORD013986,CUST00309,P012,Air Fryer,Home,Delhi,Store,Credit Card,1,6774.81,0.0,6774.81,6774.81,0,636.39,2025,9,September,Monday,6774.81,6774.81
2025-09-01,ORD044085,CUST01469,P019,Vacuum Cleaner,Home,Kolkata,Store,UPI,1,8538.35,0.15,8538.35,7257.6,0,1823.37,2025,9,September,Monday,8538.35,7257.5975
2025-09-01,ORD040415,CUST01806,P006,Desk,Furniture,Hyderabad,Online,UPI,1,12948.35,0.1,12948.35,11653.52,0,1936.27,2025,9,September,Monday,12948.35,11653.515000000001
2025-09-01,ORD024400,CUST01681,P015,Dining Table,Furniture,Jaipur,Online,UPI,1,23615.79,0.05,23615.79,22435.0,0,5057.44,2025,9,September,Monday,23615.79,22435.0005
2025-09-01,ORD001670,CUST04681,P020,Microwave,Home,Surat,Online,Cash,1,10261.68,0.05,10261.68,9748.6,0,2275.88,2025,9,September,Monday,10261.68,9748.596
2025-09-01,ORD010828,CUST04568,P013,Monitor,Electronics,Jaipur,Online,Debit Card,2,16658.08,0.25,33316.16,24987.12,0,3627.31,2025,9,September,Monday,33316.16,24987.120000000003
2025-09-01,ORD041978,CUST03408,P003,Headphones,Electronics,Surat,Online,Cash,1,4418.11,0.0,4418.11,4418.11,0,918.4,2025,9,September,Monday,4418.11,4418.11
2025-09-01,ORD049181,CUST03304,P018,Jacket,Fashion,Pune,Online,Debit Card,1,4759.34,0.1,4759.34,4283.41,0,679.04,2025,9,September,Monday,4759.34,4283.406
2025-09-01,ORD001116,CUST00951,P017,Jeans,Fashion,Mumbai,Store,UPI,2,2527.41,0.2,5054.82,4043.86,0,178.74,2025,9,September,Monday,5054.82,4043.8559999999998
2025-09-01,ORD021733,CUST03018,P004,Smartwatch,Electronics,Surat,Store,Credit Card,2,6335.89,0.2,12671.78,10137.42,1,-506.87,2025,9,September,Monday,12671.78,10137.424
2025-09-01,ORD025209,CUST03102,P018,Jacket,Fashion,Hyderabad,Store,Credit Card,5,5584.46,0.1,27922.3,25130.07,0,6085.9,2025,9,September,Monday,27922.3,25130.07
2025-09-01,ORD009639,CUST02457,P017,Jeans,Fashion,Kolkata,Online,Credit Card,3,2605.02,0.1,7815.06,7033.55,0,1634.33,2025,9,September,Monday,7815.0599999999995,7033.554
2025-09-01,ORD009387,CUST02082,P005,Office Chair,Furniture,Surat,Store,UPI,1,9263.57,0.05,9263.57,8800.39,0,1378.43,2025,9,September,Monday,9263.57,8800.3915
2025-09-01,ORD021823,CUST00060,P007,Backpack,Accessories,Surat,Online,Cash,1,2208.76,0.0,2208.76,2208.76,0,372.83,2025,9,September,Monday,2208.76,2208.76
2025-09-01,ORD004779,CUST02316,P007,Backpack,Accessories,Bengaluru,Online,Net Banking,1,2112.53,0.2,2112.53,1690.02,0,386.62,2025,9,September,Monday,2112.53,1690.0240000000003
2025-09-01,ORD040754,CUST04757,P006,Desk,Furniture,Delhi,Online,UPI,2,12811.49,0.05,25622.98,24341.83,0,5458.12,2025,9,September,Monday,25622.98,24341.831
2025-09-01,ORD022048,CUST02271,P001,Laptop,Electronics,Ahmedabad,Store,Credit Card,2,60949.42,0.0,121898.84,121898.84,0,10346.1,2025,9,September,Monday,121898.84,121898.84
2025-09-01,ORD039516,CUST01079,P004,Smartwatch,Electronics,Pune,Online,UPI,2,7264.53,0.0,14529.06,14529.06,0,3615.02,2025,9,September,Monday,14529.06,14529.06
2025-09-01,ORD033335,CUST01289,P010,Coffee Maker,Home,Mumbai,Store,Credit Card,1,5155.31,0.1,5155.31,4639.78,0,343.18,2025,9,September,Monday,5155.31,4639.779
2025-09-01,ORD047646,CUST01951,P008,Running Shoes,Fashion,Jaipur,Online,Credit Card,1,4133.64,0.05,4133.64,3926.96,0,442.37,2025,9,September,Monday,4133.64,3926.958
2025-09-01,ORD025405,CUST02976,P008,Running Shoes,Fashion,Ahmedabad,Online,Credit Card,1,4330.5,0.1,4330.5,3897.45,0,458.54,2025,9,September,Monday,4330.5,3897.4500000000003
2025-09-01,ORD045762,CUST00112,P020,Microwave,Home,Delhi,Online,Cash,1,10349.6,0.0,10349.6,10349.6,0,1282.5,2025,9,September,Monday,10349.6,10349.6
2025-09-01,ORD025794,CUST04611,P009,T-Shirt,Fashion,Ahmedabad,Online,Net Banking,1,1169.92,0.05,1169.92,1111.42,0,282.97,2025,9,September,Monday,1169.92,1111.424
2025-09-01,ORD047252,CUST00257,P001,Laptop,Electronics,Kolkata,Store,Credit Card,1,70935.82,0.05,70935.82,67389.03,0,18768.36,2025,9,September,Monday,70935.82,67389.02900000001
2025-09-01,ORD010167,CUST04501,P008,Running Shoes,Fashion,Chennai,Store,UPI,1,4104.94,0.1,4104.94,3694.45,0,410.24,2025,9,September,Monday,4104.94,3694.446
2025-09-01,ORD035877,CUST03486,P012,Air Fryer,Home,Kolkata,Online,Debit Card,1,7900.99,0.0,7900.99,7900.99,0,1984.82,2025,9,September,Monday,7900.99,7900.99
2025-09-01,ORD012638,CUST00935,P012,Air Fryer,Home,Hyderabad,Online,Credit Card,1,6571.39,0.0,6571.39,6571.39,0,1796.53,2025,9,September,Monday,6571.39,6571.39
2025-09-01,ORD028298,CUST03610,P010,Coffee Maker,Home,Mumbai,Store,UPI,2,5039.35,0.0,10078.7,10078.7,0,854.28,2025,9,September,Monday,10078.7,10078.7
2025-09-01,ORD045345,CUST02343,P018,Jacket,Fashion,Surat,Store,Debit Card,2,5452.92,0.15,10905.84,9269.96,0,1997.18,2025,9,September,Monday,10905.84,9269.964
2025-09-01,ORD042652,CUST03441,P006,Desk,Furniture,Jaipur,Store,UPI,2,12350.6,0.0,24701.2,24701.2,0,5959.87,2025,9,September,Monday,24701.2,24701.2
2025-09-01,ORD025916,CUST04122,P003,Headphones,Electronics,Kolkata,Online,Credit Card,1,4385.8,0.2,4385.8,3508.64,0,368.33,2025,9,September,Monday,4385.8,3508.6400000000003
2025-09-01,ORD047454,CUST04462,P010,Coffee Maker,Home,Bengaluru,Online,Credit Card,1,5127.38,0.2,5127.38,4101.9,0,452.31,2025,9,September,Monday,5127.38,4101.904
2025-09-01,ORD033461,CUST00133,P003,Headphones,Electronics,Bengaluru,Online,Credit Card,1,4083.53,0.05,4083.53,3879.35,0,794.19,2025,9,September,Monday,4083.53,3879.3535
2025-09-01,ORD006188,CUST02657,P019,Vacuum Cleaner,Home,Surat,Store,Credit Card,3,9097.68,0.1,27293.04,24563.74,0,5194.05,2025,9,September,Monday,27293.04,24563.736
2025-09-01,ORD046595,CUST03352,P002,Smartphone,Electronics,Delhi,Online,Credit Card,2,26465.2,0.2,52930.4,42344.32,0,9701.24,2025,9,September,Monday,52930.4,42344.32000000001
2025-09-01,ORD016752,CUST01612,P002,Smartphone,Electronics,Bengaluru,Store,UPI,5,29331.47,0.0,146657.35,146657.35,0,13165.97,2025,9,September,Monday,146657.35,146657.35
2025-09-01,ORD025583,CUST01284,P020,Microwave,Home,Surat,Store,UPI,4,10886.19,0.2,43544.76,34835.81,0,1585.11,2025,9,September,Monday,43544.76,34835.808000000005
2025-09-01,ORD010284,CUST02369,P014,Keyboard,Electronics,Bengaluru,Store,Debit Card,1,2398.12,0.1,2398.12,2158.31,0,327.59,2025,9,September,Monday,2398.12,2158.308
2025-09-01,ORD045117,CUST04654,P019,Vacuum Cleaner,Home,Surat,Online,Credit Card,2,8218.33,0.1,16436.66,14792.99,0,1421.01,2025,9,September,Monday,16436.66,14792.994
2025-09-01,ORD022270,CUST02935,P020,Microwave,Home,Mumbai,Online,Credit Card,1,11344.91,0.1,11344.91,10210.42,0,1665.58,2025,9,September,Monday,11344.91,10210.419
2025-09-01,ORD000306,CUST02462,P010,Coffee Maker,Home,Jaipur,Online,Credit Card,2,5982.96,0.05,11965.92,11367.62,0,2727.16,2025,9,September,Monday,11965.92,11367.624
2025-09-01,ORD039048,CUST02845,P004,Smartwatch,Electronics,Pune,Store,UPI,1,6328.34,0.2,6328.34,5062.67,0,358.8,2025,9,September,Monday,6328.34,5062.6720000000005
2025-09-01,ORD032490,CUST00734,P009,T-Shirt,Fashion,Chennai,Online,Credit Card,1,1144.16,0.2,1144.16,915.33,0,108.11,2025,9,September,Monday,1144.16,915.3280000000001
2025-09-01,ORD004583,CUST02885,P019,Vacuum Cleaner,Home,Bengaluru,Online,Debit Card,1,9754.51,0.0,9754.51,9754.51,0,2380.23,2025,9,September,Monday,9754.51,9754.51
2025-09-01,ORD010498,CUST00005,P014,Keyboard,Electronics,Hyderabad,Store,Credit Card,1,2288.68,0.15,2288.68,1945.38,0,355.41,2025,9,September,Monday,2288.68,1945.3779999999997
2025-09-01,ORD036851,CUST00118,P004,Smartwatch,Electronics,Delhi,Online,Credit Card,2,7617.62,0.25,15235.24,11426.43,0,1538.64,2025,9,September,Monday,15235.24,11426.43
2025-09-01,ORD039178,CUST03028,P004,Smartwatch,Electronics,Mumbai,Online,Credit Card,1,7281.98,0.1,7281.98,6553.78,0,465.14,2025,9,September,Monday,7281.98,6553.782
2025-09-01,ORD002106,CUST01186,P016,Sofa,Furniture,Pune,Online,Credit Card,1,32947.87,0.05,32947.87,31300.48,1,-1565.02,2025,9,September,Monday,32947.87,31300.4765
2025-09-01,ORD027810,CUST02071,P017,Jeans,Fashion,Ahmedabad,Online,UPI,4,2946.22,0.05,11784.88,11195.64,0,2924.96,2025,9,September,Monday,11784.88,11195.635999999999
2025-09-01,ORD033144,CUST03544,P002,Smartphone,Electronics,Ahmedabad,Online,Cash,1,28599.59,0.0,28599.59,28599.59,0,4176.27,2025,9,September,Monday,28599.59,28599.59
2025-09-01,ORD041755,CUST03233,P019,Vacuum Cleaner,Home,Mumbai,Online,UPI,2,8149.49,0.0,16298.98,16298.98,0,3612.55,2025,9,September,Monday,16298.98,16298.98
2025-09-01,ORD020850,CUST04952,P018,Jacket,Fashion,Bengaluru,Store,Credit Card,1,4968.6,0.1,4968.6,4471.74,0,458.19,2025,9,September,Monday,4968.6,4471.740000000001
2025-09-01,ORD015505,CUST01790,P001,Laptop,Electronics,Jaipur,Online,UPI,1,66721.8,0.0,66721.8,66721.8,0,9362.45,2025,9,September,Monday,66721.8,66721.8
2025-09-01,ORD044882,CUST03941,P009,T-Shirt,Fashion,Hyderabad,Online,Credit Card,1,1185.95,0.15,1185.95,1008.06,0,132.12,2025,9,September,Monday,1185.95,1008.0575
2025-09-01,ORD041750,CUST01670,P011,Mixer Grinder,Home,Chennai,Online,UPI,2,4561.32,0.1,9122.64,8210.38,0,1507.19,2025,9,September,Monday,9122.64,8210.376
2025-09-01,ORD016117,CUST04327,P007,Backpack,Accessories,Bengaluru,Online,Credit Card,1,2307.18,0.05,2307.18,2191.82,0,228.06,2025,9,September,Monday,2307.18,2191.821
2025-09-01,ORD033208,CUST04744,P004,Smartwatch,Electronics,Mumbai,Online,UPI,1,6824.85,0.0,6824.85,6824.85,0,574.81,2025,9,September,Monday,6824.85,6824.85
2025-09-01,ORD027718,CUST02175,P013,Monitor,Electronics,Chennai,Online,UPI,1,16644.05,0.1,16644.05,14979.64,1,-748.98,2025,9,September,Monday,16644.05,14979.645
2025-09-01,ORD004554,CUST00338,P001,Laptop,Electronics,Hyderabad,Online,Credit Card,2,60966.46,0.1,121932.92,109739.63,0,23766.64,2025,9,September,Monday,121932.92,109739.628
2025-09-01,ORD020976,CUST00354,P019,Vacuum Cleaner,Home,Delhi,Online,Net Banking,1,9352.23,0.1,9352.23,8417.01,0,1033.45,2025,9,September,Monday,9352.23,8417.007
2025-09-02,ORD006781,CUST04904,P003,Headphones,Electronics,Kolkata,Store,UPI,1,4777.49,0.1,4777.49,4299.74,0,886.01,2025,9,September,Tuesday,4777.49,4299.741
2025-09-02,ORD031538,CUST02751,P016,Sofa,Furniture,Surat,Online,Net Banking,1,35919.58,0.1,35919.58,32327.62,0,2435.22,2025,9,September,Tuesday,35919.58,32327.622000000003
2025-09-02,ORD046239,CUST03221,P018,Jacket,Fashion,Bengaluru,Online,Credit Card,1,5662.94,0.1,5662.94,5096.65,0,956.49,2025,9,September,Tuesday,5662.94,5096.646
2025-09-02,ORD041191,CUST01239,P015,Dining Table,Furniture,Delhi,Online,Credit Card,1,22192.61,0.1,22192.61,19973.35,0,1471.39,2025,9,September,Tuesday,22192.61,19973.349000000002
2025-09-02,ORD046045,CUST00911,P005,Office Chair,Furniture,Ahmedabad,Online,Cash,1,10233.17,0.0,10233.17,10233.17,0,1310.05,2025,9,September,Tuesday,10233.17,10233.17
2025-09-02,ORD026724,CUST04968,P005,Office Chair,Furniture,Jaipur,Online,Net Banking,1,10441.2,0.1,10441.2,9397.08,1,-469.85,2025,9,September,Tuesday,10441.2,9397.080000000002
2025-09-02,ORD047906,CUST01224,P009,T-Shirt,Fashion,Ahmedabad,Store,UPI,2,1235.0,0.05,2470.0,2346.5,0,438.79,2025,9,September,Tuesday,2470.0,2346.5
2025-09-02,ORD019572,CUST00425,P012,Air Fryer,Home,Ahmedabad,Online,UPI,1,7370.6,0.0,7370.6,7370.6,0,1454.02,2025,9,September,Tuesday,7370.6,7370.6
2025-09-02,ORD017505,CUST02824,P013,Monitor,Electronics,Pune,Online,UPI,1,16772.68,0.0,16772.68,16772.68,0,1888.53,2025,9,September,Tuesday,16772.68,16772.68
2025-09-02,ORD039617,CUST04459,P009,T-Shirt,Fashion,Chennai,Online,UPI,2,1159.95,0.0,2319.9,2319.9,0,330.69,2025,9,September,Tuesday,2319.9,2319.9
2025-09-02,ORD016132,CUST01356,P007,Backpack,Accessories,Ahmedabad,Online,Credit Card,5,2303.24,0.05,11516.2,10940.39,0,1892.63,2025,9,September,Tuesday,11516.199999999999,10940.39
2025-09-02,ORD004789,CUST02750,P011,Mixer Grinder,Home,Delhi,Store,Cash,1,4441.5,0.0,4441.5,4441.5,0,625.79,2025,9,September,Tuesday,4441.5,4441.5
2025-09-02,ORD024147,CUST00080,P010,Coffee Maker,Home,Mumbai,Store,UPI,2,5522.5,0.1,11045.0,9940.5,0,638.98,2025,9,September,Tuesday,11045.0,9940.5
2025-09-02,ORD019943,CUST01071,P008,Running Shoes,Fashion,Jaipur,Online,Cash,1,3987.46,0.05,3987.46,3788.09,0,671.08,2025,9,September,Tuesday,3987.46,3788.087
2025-09-02,ORD038734,CUST01948,P006,Desk,Furniture,Kolkata,Store,Cash,1,11584.34,0.25,11584.34,8688.26,0,751.96,2025,9,September,Tuesday,11584.34,8688.255000000001
2025-09-02,ORD026089,CUST04380,P015,Dining Table,Furniture,Jaipur,Online,UPI,3,20556.24,0.1,61668.72,55501.85,0,15244.72,2025,9,September,Tuesday,61668.72,55501.848000000005
2025-09-02,ORD047874,CUST03941,P004,Smartwatch,Electronics,Bengaluru,Store,Credit Card,4,6929.22,0.05,27716.88,26331.04,0,2029.71,2025,9,September,Tuesday,27716.88,26331.036
2025-09-02,ORD006026,CUST00874,P005,Office Chair,Furniture,Pune,Online,Cash,1,9175.73,0.05,9175.73,8716.94,0,1360.61,2025,9,September,Tuesday,9175.73,8716.9435
2025-09-02,ORD038744,CUST00835,P014,Keyboard,Electronics,Pune,Store,UPI,1,2665.77,0.25,2665.77,1999.33,0,276.86,2025,9,September,Tuesday,2665.77,1999.3274999999999
2025-09-02,ORD024625,CUST02070,P015,Dining Table,Furniture,Surat,Online,UPI,4,21994.44,0.05,87977.76,83578.87,1,-4178.94,2025,9,September,Tuesday,87977.76,83578.87199999999
2025-09-02,ORD036785,CUST02217,P011,Mixer Grinder,Home,Bengaluru,Online,UPI,4,4749.91,0.1,18999.64,17099.68,0,1670.98,2025,9,September,Tuesday,18999.64,17099.676
2025-09-02,ORD010080,CUST01508,P012,Air Fryer,Home,Mumbai,Online,UPI,2,6564.48,0.1,13128.96,11816.06,0,2111.45,2025,9,September,Tuesday,13128.96,11816.064
2025-09-02,ORD037554,CUST02261,P002,Smartphone,Electronics,Kolkata,Online,Debit Card,1,28063.65,0.15,28063.65,23854.1,0,1955.74,2025,9,September,Tuesday,28063.65,23854.1025
2025-09-02,ORD007667,CUST03672,P016,Sofa,Furniture,Bengaluru,Online,Credit Card,1,32742.21,0.1,32742.21,29467.99,0,7241.43,2025,9,September,Tuesday,32742.21,29467.989
2025-09-02,ORD000451,CUST02533,P009,T-Shirt,Fashion,Surat,Store,Credit Card,3,1135.46,0.0,3406.38,3406.38,0,464.5,2025,9,September,Tuesday,3406.38,3406.38
2025-09-02,ORD042387,CUST04716,P018,Jacket,Fashion,Jaipur,Store,UPI,2,5713.4,0.15,11426.8,9712.78,0,1132.02,2025,9,September,Tuesday,11426.8,9712.779999999999
2025-09-02,ORD047353,CUST01887,P005,Office Chair,Furniture,Bengaluru,Store,Cash,5,8946.66,0.0,44733.3,44733.3,0,5161.27,2025,9,September,Tuesday,44733.3,44733.3
2025-09-02,ORD037021,CUST02003,P012,Air Fryer,Home,Jaipur,Store,UPI,1,7322.64,0.1,7322.64,6590.38,0,1514.24,2025,9,September,Tuesday,7322.64,6590.376
2025-09-02,ORD025314,CUST00126,P017,Jeans,Fashion,Ahmedabad,Store,Cash,3,2928.91,0.05,8786.73,8347.39,1,-417.37,2025,9,September,Tuesday,8786.73,8347.393499999998
2025-09-02,ORD017872,CUST02966,P005,Office Chair,Furniture,Delhi,Online,UPI,1,8998.5,0.05,8998.5,8548.57,0,1994.45,2025,9,September,Tuesday,8998.5,8548.574999999999
2025-09-02,ORD046826,CUST04930,P006,Desk,Furniture,Pune,Store,Debit Card,1,11794.52,0.1,11794.52,10615.07,0,1610.13,2025,9,September,Tuesday,11794.52,10615.068000000001
2025-09-02,ORD036610,CUST04343,P004,Smartwatch,Electronics,Hyderabad,Online,UPI,2,7093.55,0.05,14187.1,13477.74,0,2181.1,2025,9,September,Tuesday,14187.1,13477.744999999999
2025-09-02,ORD003832,CUST01480,P014,Keyboard,Electronics,Mumbai,Online,Credit Card,1,2497.45,0.15,2497.45,2122.83,0,324.17,2025,9,September,Tuesday,2497.45,2122.8325
2025-09-02,ORD008501,CUST03316,P004,Smartwatch,Electronics,Chennai,Online,Debit Card,1,6771.49,0.0,6771.49,6771.49,0,1917.53,2025,9,September,Tuesday,6771.49,6771.49
2025-09-02,ORD010391,CUST01689,P018,Jacket,Fashion,Ahmedabad,Online,UPI,1,4819.91,0.15,4819.91,4096.92,0,735.21,2025,9,September,Tuesday,4819.91,4096.9235
2025-09-02,ORD013873,CUST00502,P009,T-Shirt,Fashion,Pune,Store,Credit Card,1,1196.94,0.0,1196.94,1196.94,0,226.16,2025,9,September,Tuesday,1196.94,1196.94
2025-09-02,ORD001701,CUST03010,P018,Jacket,Fashion,Mumbai,Store,Credit Card,1,4840.79,0.05,4840.79,4598.75,0,726.88,2025,9,September,Tuesday,4840.79,4598.7505
2025-09-02,ORD041192,CUST03229,P019,Vacuum Cleaner,Home,Bengaluru,Online,UPI,1,9753.88,0.0,9753.88,9753.88,0,1771.98,2025,9,September,Tuesday,9753.88,9753.88
2025-09-02,ORD004067,CUST03129,P012,Air Fryer,Home,Bengaluru,Online,Credit Card,1,6776.06,0.1,6776.06,6098.45,1,-304.92,2025,9,September,Tuesday,6776.06,6098.454000000001
2025-09-02,ORD023431,CUST00427,P009,T-Shirt,Fashion,Ahmedabad,Online,Credit Card,1,1226.33,0.0,1226.33,1226.33,0,297.77,2025,9,September,Tuesday,1226.33,1226.33
2025-09-02,ORD014368,CUST00756,P004,Smartwatch,Electronics,Hyderabad,Store,Cash,2,7328.95,0.15,14657.9,12459.22,0,3003.85,2025,9,September,Tuesday,14657.9,12459.215
2025-09-02,ORD045866,CUST01157,P017,Jeans,Fashion,Chennai,Online,UPI,2,2600.15,0.1,5200.3,4680.27,0,1148.96,2025,9,September,Tuesday,5200.3,4680.27
2025-09-02,ORD034757,CUST01394,P001,Laptop,Electronics,Ahmedabad,Online,Debit Card,1,59930.78,0.2,59930.78,47944.62,0,5165.46,2025,9,September,Tuesday,59930.78,47944.624
2025-09-02,ORD030277,CUST01870,P013,Monitor,Electronics,Mumbai,Online,Cash,1,19218.02,0.1,19218.02,17296.22,0,2823.77,2025,9,September,Tuesday,19218.02,17296.218
2025-09-02,ORD012545,CUST00761,P005,Office Chair,Furniture,Pune,Store,Credit Card,1,8709.55,0.05,8709.55,8274.07,0,1211.89,2025,9,September,Tuesday,8709.55,8274.072499999998
2025-09-02,ORD021489,CUST03014,P015,Dining Table,Furniture,Surat,Store,UPI,1,23114.97,0.0,23114.97,23114.97,0,2287.07,2025,9,September,Tuesday,23114.97,23114.97
2025-09-02,ORD035045,CUST00083,P013,Monitor,Electronics,Hyderabad,Store,Credit Card,1,17717.46,0.1,17717.46,15945.71,0,1290.9,2025,9,September,Tuesday,17717.46,15945.714
2025-09-02,ORD003833,CUST04036,P002,Smartphone,Electronics,Ahmedabad,Online,Net Banking,1,29961.94,0.1,29961.94,26965.75,0,4836.34,2025,9,September,Tuesday,29961.94,26965.746
2025-09-02,ORD031771,CUST04126,P015,Dining Table,Furniture,Jaipur,Online,Cash,1,21210.33,0.05,21210.33,20149.81,0,4789.64,2025,9,September,Tuesday,21210.33,20149.8135
2025-09-02,ORD005018,CUST03670,P009,T-Shirt,Fashion,Ahmedabad,Online,Net Banking,1,1200.06,0.0,1200.06,1200.06,0,210.91,2025,9,September,Tuesday,1200.06,1200.06
2025-09-02,ORD020411,CUST04762,P019,Vacuum Cleaner,Home,Surat,Store,Credit Card,1,8262.51,0.1,8262.51,7436.26,0,953.69,2025,9,September,Tuesday,8262.51,7436.259
2025-09-02,ORD035597,CUST03940,P016,Sofa,Furniture,Pune,Online,UPI,1,32350.37,0.1,32350.37,29115.33,0,7313.04,2025,9,September,Tuesday,32350.37,29115.333
2025-09-02,ORD048462,CUST01795,P004,Smartwatch,Electronics,Ahmedabad,Online,UPI,1,7200.34,0.05,7200.34,6840.32,0,1466.87,2025,9,September,Tuesday,7200.34,6840.322999999999
2025-09-02,ORD037966,CUST02409,P018,Jacket,Fashion,Ahmedabad,Store,UPI,1,5311.82,0.2,5311.82,4249.46,0,193.38,2025,9,September,Tuesday,5311.82,4249.456
2025-09-02,ORD035386,CUST01830,P017,Jeans,Fashion,Bengaluru,Store,Cash,2,2853.8,0.05,5707.6,5422.22,0,702.34,2025,9,September,Tuesday,5707.6,5422.22
2025-09-02,ORD033551,CUST00351,P015,Dining Table,Furniture,Ahmedabad,Online,Net Banking,1,23447.4,0.0,23447.4,23447.4,0,3035.0,2025,9,September,Tuesday,23447.4,23447.4
2025-09-02,ORD001467,CUST03764,P004,Smartwatch,Electronics,Jaipur,Online,UPI,1,7545.6,0.05,7545.6,7168.32,0,620.6,2025,9,September,Tuesday,7545.6,7168.32
2025-09-02,ORD021090,CUST04765,P002,Smartphone,Electronics,Surat,Online,Net Banking,1,28373.98,0.15,28373.98,24117.88,0,2151.05,2025,9,September,Tuesday,28373.98,24117.882999999998
2025-09-02,ORD023148,CUST01399,P006,Desk,Furniture,Hyderabad,Store,UPI,4,12586.44,0.1,50345.76,45311.18,0,11185.25,2025,9,September,Tuesday,50345.76,45311.184
2025-09-02,ORD018180,CUST00021,P011,Mixer Grinder,Home,Surat,Online,UPI,1,4947.13,0.05,4947.13,4699.77,0,628.33,2025,9,September,Tuesday,4947.13,4699.7735
2025-09-02,ORD002961,CUST03894,P003,Headphones,Electronics,Hyderabad,Store,UPI,1,4375.53,0.1,4375.53,3937.98,0,296.4,2025,9,September,Tuesday,4375.53,3937.977
2025-09-03,ORD044337,CUST01708,P010,Coffee Maker,Home,Hyderabad,Store,Credit Card,1,5911.69,0.15,5911.69,5024.94,0,483.82,2025,9,September,Wednesday,5911.69,5024.9365
2025-09-03,ORD002490,CUST03187,P018,Jacket,Fashion,Bengaluru,Store,Credit Card,1,5150.94,0.05,5150.94,4893.39,0,1242.11,2025,9,September,Wednesday,5150.94,4893.392999999999
2025-09-03,ORD015305,CUST04091,P014,Keyboard,Electronics,Jaipur,Store,UPI,2,2463.12,0.1,4926.24,4433.62,0,331.87,2025,9,September,Wednesday,4926.24,4433.616
2025-09-03,ORD044191,CUST01688,P015,Dining Table,Furniture,Bengaluru,Online,UPI,1,21479.63,0.2,21479.63,17183.7,0,3270.29,2025,9,September,Wednesday,21479.63,17183.704
2025-09-03,ORD018089,CUST03313,P002,Smartphone,Electronics,Chennai,Online,UPI,1,30090.72,0.05,30090.72,28586.18,0,3541.04,2025,9,September,Wednesday,30090.72,28586.184
2025-09-03,ORD002648,CUST00115,P015,Dining Table,Furniture,Kolkata,Online,Net Banking,1,22386.8,0.0,22386.8,22386.8,0,2921.44,2025,9,September,Wednesday,22386.8,22386.8
2025-09-03,ORD002103,CUST03088,P015,Dining Table,Furniture,Surat,Store,Credit Card,1,22918.75,0.0,22918.75,22918.75,1,-1145.94,2025,9,September,Wednesday,22918.75,22918.75
2025-09-03,ORD015181,CUST04243,P013,Monitor,Electronics,Bengaluru,Online,Credit Card,5,18091.09,0.15,90455.45,76887.13,0,15923.73,2025,9,September,Wednesday,90455.45,76887.13249999999
2025-09-03,ORD019344,CUST01448,P016,Sofa,Furniture,Pune,Store,UPI,1,34593.29,0.0,34593.29,34593.29,0,3411.31,2025,9,September,Wednesday,34593.29,34593.29
2025-09-03,ORD045978,CUST01269,P010,Coffee Maker,Home,Ahmedabad,Online,Net Banking,4,5623.85,0.0,22495.4,22495.4,0,5282.5,2025,9,September,Wednesday,22495.4,22495.4
2025-09-03,ORD017280,CUST03147,P003,Headphones,Electronics,Ahmedabad,Online,Debit Card,1,4168.55,0.1,4168.55,3751.7,0,956.14,2025,9,September,Wednesday,4168.55,3751.695
2025-09-03,ORD015919,CUST04687,P020,Microwave,Home,Jaipur,Online,Net Banking,1,10689.61,0.1,10689.61,9620.65,0,2186.81,2025,9,September,Wednesday,10689.61,9620.649000000001
2025-09-03,ORD045637,CUST00566,P012,Air Fryer,Home,Delhi,Online,Cash,4,7020.71,0.15,28082.84,23870.41,0,1536.68,2025,9,September,Wednesday,28082.84,23870.414
2025-09-03,ORD013197,CUST00121,P006,Desk,Furniture,Mumbai,Store,UPI,1,13059.72,0.05,13059.72,12406.73,0,3050.79,2025,9,September,Wednesday,13059.72,12406.733999999999
2025-09-03,ORD003165,CUST00729,P009,T-Shirt,Fashion,Ahmedabad,Online,UPI,2,1271.01,0.0,2542.02,2542.02,0,247.83,2025,9,September,Wednesday,2542.02,2542.02
2025-09-03,ORD000455,CUST02353,P009,T-Shirt,Fashion,Jaipur,Store,UPI,1,1295.28,0.15,1295.28,1100.99,0,99.33,2025,9,September,Wednesday,1295.28,1100.988
2025-09-03,ORD014065,CUST04150,P003,Headphones,Electronics,Chennai,Store,Debit Card,1,4231.81,0.1,4231.81,3808.63,0,805.15,2025,9,September,Wednesday,4231.81,3808.6290000000004
2025-09-03,ORD017585,CUST00818,P012,Air Fryer,Home,Chennai,Online,Credit Card,3,7696.56,0.0,23089.68,23089.68,0,3753.15,2025,9,September,Wednesday,23089.68,23089.68
2025-09-03,ORD049907,CUST00972,P015,Dining Table,Furniture,Jaipur,Online,Debit Card,1,21417.27,0.15,21417.27,18204.68,0,1685.18,2025,9,September,Wednesday,21417.27,18204.6795
2025-09-03,ORD017641,CUST00829,P009,T-Shirt,Fashion,Delhi,Store,UPI,4,1298.31,0.05,5193.24,4933.58,0,678.87,2025,9,September,Wednesday,5193.24,4933.5779999999995
2025-09-03,ORD002776,CUST00205,P015,Dining Table,Furniture,Pune,Online,UPI,1,23688.07,0.15,23688.07,20134.86,0,4484.2,2025,9,September,Wednesday,23688.07,20134.8595
2025-09-03,ORD016957,CUST02356,P015,Dining Table,Furniture,Hyderabad,Online,Debit Card,1,22550.83,0.15,22550.83,19168.21,0,3944.25,2025,9,September,Wednesday,22550.83,19168.2055
2025-09-03,ORD013011,CUST04703,P012,Air Fryer,Home,Chennai,Online,UPI,1,7676.47,0.15,7676.47,6525.0,0,1758.2,2025,9,September,Wednesday,7676.47,6524.9995
2025-09-03,ORD048777,CUST03802,P018,Jacket,Fashion,Surat,Store,UPI,1,5661.07,0.15,5661.07,4811.91,0,271.61,2025,9,September,Wednesday,5661.07,4811.9095
2025-09-03,ORD043260,CUST01938,P004,Smartwatch,Electronics,Bengaluru,Online,Credit Card,1,7272.38,0.05,7272.38,6908.76,0,1280.73,2025,9,September,Wednesday,7272.38,6908.7609999999995
2025-09-03,ORD045215,CUST02729,P016,Sofa,Furniture,Jaipur,Online,Credit Card,1,32562.46,0.0,32562.46,32562.46,0,4695.34,2025,9,September,Wednesday,32562.46,32562.46
2025-09-03,ORD038689,CUST04190,P012,Air Fryer,Home,Pune,Online,UPI,1,7010.04,0.05,7010.04,6659.54,0,913.58,2025,9,September,Wednesday,7010.04,6659.538
2025-09-03,ORD022949,CUST02595,P009,T-Shirt,Fashion,Surat,Store,UPI,1,1163.82,0.1,1163.82,1047.44,0,265.27,2025,9,September,Wednesday,1163.82,1047.4379999999999
2025-09-03,ORD039972,CUST04232,P019,Vacuum Cleaner,Home,Surat,Online,Credit Card,1,8957.44,0.1,8957.44,8061.7,0,1449.03,2025,9,September,Wednesday,8957.44,8061.696000000001
2025-09-03,ORD032901,CUST01408,P010,Coffee Maker,Home,Bengaluru,Store,UPI,2,5683.46,0.05,11366.92,10798.57,0,1776.18,2025,9,September,Wednesday,11366.92,10798.573999999999
2025-09-03,ORD030811,CUST04834,P006,Desk,Furniture,Jaipur,Online,Credit Card,1,11642.43,0.15,11642.43,9896.07,0,1974.49,2025,9,September,Wednesday,11642.43,9896.0655
2025-09-03,ORD021805,CUST02375,P004,Smartwatch,Electronics,Surat,Online,Credit Card,1,6690.55,0.1,6690.55,6021.5,0,1392.09,2025,9,September,Wednesday,6690.55,6021.495
2025-09-03,ORD028202,CUST01814,P001,Laptop,Electronics,Mumbai,Store,Net Banking,2,68018.53,0.0,136037.06,136037.06,0,40362.88,2025,9,September,Wednesday,136037.06,136037.06
2025-09-03,ORD008093,CUST00365,P018,Jacket,Fashion,Bengaluru,Online,UPI,2,4934.9,0.0,9869.8,9869.8,0,1366.37,2025,9,September,Wednesday,9869.8,9869.8
2025-09-03,ORD035021,CUST00533,P010,Coffee Maker,Home,Surat,Online,UPI,1,5678.6,0.1,5678.6,5110.74,0,606.3,2025,9,September,Wednesday,5678.6,5110.740000000001
2025-09-03,ORD005657,CUST03538,P007,Backpack,Accessories,Chennai,Store,Credit Card,1,2386.04,0.0,2386.04,2386.04,0,498.04,2025,9,September,Wednesday,2386.04,2386.04
2025-09-03,ORD006352,CUST01443,P006,Desk,Furniture,Ahmedabad,Store,Net Banking,4,11515.97,0.2,46063.88,36851.1,0,6687.8,2025,9,September,Wednesday,46063.88,36851.104
2025-09-03,ORD032540,CUST02389,P008,Running Shoes,Fashion,Mumbai,Store,Debit Card,1,4379.1,0.05,4379.1,4160.15,0,1190.77,2025,9,September,Wednesday,4379.1,4160.145
2025-09-03,ORD039384,CUST02596,P005,Office Chair,Furniture,Bengaluru,Online,UPI,1,9236.7,0.0,9236.7,9236.7,0,2050.79,2025,9,September,Wednesday,9236.7,9236.7
2025-09-03,ORD034973,CUST01870,P003,Headphones,Electronics,Kolkata,Store,Credit Card,1,4525.52,0.2,4525.52,3620.42,0,516.53,2025,9,September,Wednesday,4525.52,3620.4160000000006
2025-09-03,ORD003548,CUST04201,P015,Dining Table,Furniture,Delhi,Online,Cash,1,23942.83,0.15,23942.83,20351.41,0,5105.48,2025,9,September,Wednesday,23942.83,20351.4055
2025-09-03,ORD030449,CUST03373,P013,Monitor,Electronics,Kolkata,Online,UPI,2,16207.93,0.1,32415.86,29174.27,0,5203.97,2025,9,September,Wednesday,32415.86,29174.274
2025-09-03,ORD037430,CUST02666,P016,Sofa,Furniture,Pune,Store,Net Banking,1,31678.48,0.15,31678.48,26926.71,1,-1346.34,2025,9,September,Wednesday,31678.48,26926.708
2025-09-03,ORD007807,CUST00346,P006,Desk,Furniture,Hyderabad,Online,Credit Card,1,12705.27,0.05,12705.27,12070.01,0,2175.39,2025,9,September,Wednesday,12705.27,12070.0065
2025-09-03,ORD022746,CUST03458,P008,Running Shoes,Fashion,Bengaluru,Online,Cash,1,4493.14,0.15,4493.14,3819.17,0,717.54,2025,9,September,Wednesday,4493.14,3819.1690000000003
2025-09-03,ORD026659,CUST04775,P015,Dining Table,Furniture,Ahmedabad,Online,Credit Card,1,22744.96,0.0,22744.96,22744.96,0,2196.67,2025,9,September,Wednesday,22744.96,22744.96
2025-09-03,ORD021797,CUST02540,P005,Office Chair,Furniture,Hyderabad,Store,UPI,1,10062.76,0.2,10062.76,8050.21,0,1848.76,2025,9,September,Wednesday,10062.76,8050.2080000000005
2025-09-03,ORD041444,CUST00632,P007,Backpack,Accessories,Pune,Online,Cash,3,2353.94,0.1,7061.82,6355.64,0,1148.77,2025,9,September,Wednesday,7061.82,6355.638
2025-09-03,ORD041305,CUST04233,P011,Mixer Grinder,Home,Kolkata,Online,Credit Card,1,4388.69,0.0,4388.69,4388.69,0,1124.64,2025,9,September,Wednesday,4388.69,4388.69
2025-09-03,ORD024349,CUST03226,P001,Laptop,Electronics,Mumbai,Online,UPI,3,64491.45,0.1,193474.35,174126.91,0,21315.03,2025,9,September,Wednesday,193474.34999999998,174126.915
2025-09-03,ORD029027,CUST02359,P016,Sofa,Furniture,Ahmedabad,Store,Credit Card,1,38009.61,0.1,38009.61,34208.65,0,7619.98,2025,9,September,Wednesday,38009.61,34208.649000000005
2025-09-03,ORD037217,CUST02751,P012,Air Fryer,Home,Mumbai,Online,Credit Card,1,6561.22,0.0,6561.22,6561.22,0,1963.2,2025,9,September,Wednesday,6561.22,6561.22
2025-09-03,ORD021298,CUST01502,P009,T-Shirt,Fashion,Chennai,Store,Credit Card,5,1299.04,0.15,6495.2,5520.92,0,685.99,2025,9,September,Wednesday,6495.2,5520.92
2025-09-03,ORD009788,CUST04239,P019,Vacuum Cleaner,Home,Bengaluru,Online,Net Banking,1,8926.37,0.1,8926.37,8033.73,0,1736.36,2025,9,September,Wednesday,8926.37,8033.733000000001
2025-09-03,ORD032809,CUST02179,P014,Keyboard,Electronics,Mumbai,Online,Debit Card,1,2351.27,0.0,2351.27,2351.27,0,349.15,2025,9,September,Wednesday,2351.27,2351.27
2025-09-03,ORD020933,CUST02341,P001,Laptop,Electronics,Bengaluru,Online,Credit Card,1,66518.59,0.05,66518.59,63192.66,0,12104.1,2025,9,September,Wednesday,66518.59,63192.66049999999
2025-09-03,ORD035340,CUST00784,P011,Mixer Grinder,Home,Surat,Online,Cash,1,5056.9,0.0,5056.9,5056.9,0,862.09,2025,9,September,Wednesday,5056.9,5056.9
2025-09-03,ORD040669,CUST02037,P007,Backpack,Accessories,Surat,Online,UPI,1,2284.66,0.25,2284.66,1713.5,0,324.33,2025,9,September,Wednesday,2284.66,1713.495
2025-09-03,ORD028341,CUST01124,P010,Coffee Maker,Home,Mumbai,Online,UPI,4,5418.08,0.15,21672.32,18421.47,0,3658.24,2025,9,September,Wednesday,21672.32,18421.471999999998
2025-09-03,ORD021422,CUST03701,P012,Air Fryer,Home,Delhi,Store,Credit Card,1,6706.73,0.05,6706.73,6371.39,0,1442.65,2025,9,September,Wednesday,6706.73,6371.393499999999
2025-09-03,ORD035671,CUST03811,P011,Mixer Grinder,Home,Hyderabad,Store,Credit Card,1,4647.75,0.2,4647.75,3718.2,0,522.43,2025,9,September,Wednesday,4647.75,3718.2000000000003
2025-09-03,ORD007499,CUST03016,P017,Jeans,Fashion,Delhi,Online,Debit Card,2,3073.32,0.0,6146.64,6146.64,0,1220.31,2025,9,September,Wednesday,6146.64,6146.64
2025-09-03,ORD007779,CUST00593,P014,Keyboard,Electronics,Mumbai,Online,Credit Card,1,2505.04,0.15,2505.04,2129.28,0,249.7,2025,9,September,Wednesday,2505.04,2129.284
2025-09-04,ORD022916,CUST01375,P015,Dining Table,Furniture,Hyderabad,Online,UPI,1,22028.47,0.1,22028.47,19825.62,0,4050.17,2025,9,September,Thursday,22028.47,19825.623000000003
2025-09-04,ORD012479,CUST00309,P013,Monitor,Electronics,Ahmedabad,Online,UPI,2,19364.3,0.0,38728.6,38728.6,0,8909.86,2025,9,September,Thursday,38728.6,38728.6
2025-09-04,ORD006412,CUST04298,P017,Jeans,Fashion,Delhi,Online,Debit Card,3,2691.54,0.05,8074.62,7670.89,0,1463.73,2025,9,September,Thursday,8074.62,7670.888999999999
2025-09-04,ORD018562,CUST01237,P016,Sofa,Furniture,Kolkata,Online,UPI,1,37258.91,0.15,37258.91,31670.07,0,2560.87,2025,9,September,Thursday,37258.91,31670.073500000002
2025-09-04,ORD010654,CUST01577,P020,Microwave,Home,Mumbai,Store,Cash,1,11870.34,0.0,11870.34,11870.34,0,2510.16,2025,9,September,Thursday,11870.34,11870.34
2025-09-04,ORD026547,CUST04853,P003,Headphones,Electronics,Ahmedabad,Online,UPI,2,4391.03,0.2,8782.06,7025.65,0,542.58,2025,9,September,Thursday,8782.06,7025.648
2025-09-04,ORD029639,CUST04448,P007,Backpack,Accessories,Bengaluru,Store,Cash,1,1984.72,0.1,1984.72,1786.25,0,202.43,2025,9,September,Thursday,1984.72,1786.248
2025-09-04,ORD018934,CUST01396,P017,Jeans,Fashion,Jaipur,Online,Net Banking,2,2848.68,0.25,5697.36,4273.02,0,689.55,2025,9,September,Thursday,5697.36,4273.0199999999995
2025-09-04,ORD002244,CUST01532,P020,Microwave,Home,Jaipur,Store,Debit Card,3,12070.94,0.15,36212.82,30780.9,0,6625.03,2025,9,September,Thursday,36212.82,30780.896999999997
2025-09-04,ORD014685,CUST01557,P011,Mixer Grinder,Home,Jaipur,Store,Credit Card,1,4878.44,0.1,4878.44,4390.6,0,333.64,2025,9,September,Thursday,4878.44,4390.596
2025-09-04,ORD023816,CUST03729,P002,Smartphone,Electronics,Ahmedabad,Online,UPI,1,29389.7,0.05,29389.7,27920.22,0,2142.03,2025,9,September,Thursday,29389.7,27920.215
2025-09-04,ORD041649,CUST04306,P018,Jacket,Fashion,Mumbai,Online,Credit Card,3,4740.44,0.05,14221.32,13510.25,0,3609.35,2025,9,September,Thursday,14221.32,13510.253999999999
2025-09-04,ORD043440,CUST04429,P002,Smartphone,Electronics,Pune,Store,Cash,3,27193.38,0.1,81580.14,73422.13,0,19193.07,2025,9,September,Thursday,81580.14,73422.126
2025-09-04,ORD020367,CUST00174,P006,Desk,Furniture,Kolkata,Store,UPI,1,13019.48,0.0,13019.48,13019.48,0,2672.28,2025,9,September,Thursday,13019.48,13019.48
2025-09-04,ORD020856,CUST00194,P003,Headphones,Electronics,Hyderabad,Online,Debit Card,1,4362.68,0.1,4362.68,3926.41,0,1025.67,2025,9,September,Thursday,4362.68,3926.4120000000003
2025-09-04,ORD027495,CUST03063,P015,Dining Table,Furniture,Chennai,Online,Credit Card,2,23124.77,0.0,46249.54,46249.54,0,7997.71,2025,9,September,Thursday,46249.54,46249.54
2025-09-04,ORD021990,CUST03452,P016,Sofa,Furniture,Ahmedabad,Store,UPI,3,37080.16,0.15,111240.48,94554.41,0,20294.03,2025,9,September,Thursday,111240.48000000001,94554.408
2025-09-04,ORD035810,CUST00488,P006,Desk,Furniture,Bengaluru,Online,Credit Card,1,12422.64,0.05,12422.64,11801.51,0,1336.45,2025,9,September,Thursday,12422.64,11801.507999999998
2025-09-04,ORD005532,CUST02480,P003,Headphones,Electronics,Bengaluru,Store,UPI,1,4689.15,0.0,4689.15,4689.15,0,1070.76,2025,9,September,Thursday,4689.15,4689.15
2025-09-04,ORD042191,CUST02222,P004,Smartwatch,Electronics,Delhi,Store,Credit Card,2,7424.98,0.05,14849.96,14107.46,0,1573.43,2025,9,September,Thursday,14849.96,14107.461999999998
2025-09-04,ORD002963,CUST01888,P013,Monitor,Electronics,Kolkata,Store,Credit Card,1,18488.19,0.05,18488.19,17563.78,0,4191.45,2025,9,September,Thursday,18488.19,17563.780499999997
2025-09-04,ORD032263,CUST02269,P007,Backpack,Accessories,Jaipur,Online,Credit Card,1,2123.19,0.05,2123.19,2017.03,0,405.22,2025,9,September,Thursday,2123.19,2017.0304999999998
2025-09-04,ORD006847,CUST04812,P019,Vacuum Cleaner,Home,Hyderabad,Online,Cash,2,9314.51,0.1,18629.02,16766.12,0,3198.26,2025,9,September,Thursday,18629.02,16766.118000000002
2025-09-04,ORD013154,CUST02290,P016,Sofa,Furniture,Pune,Store,UPI,1,36904.37,0.0,36904.37,36904.37,0,6933.47,2025,9,September,Thursday,36904.37,36904.37
2025-09-04,ORD032467,CUST01423,P003,Headphones,Electronics,Kolkata,Store,Net Banking,1,4297.25,0.0,4297.25,4297.25,0,880.92,2025,9,September,Thursday,4297.25,4297.25
2025-09-04,ORD024365,CUST04738,P020,Microwave,Home,Hyderabad,Online,Credit Card,1,11529.23,0.0,11529.23,11529.23,0,991.15,2025,9,September,Thursday,11529.23,11529.23
2025-09-04,ORD003611,CUST01676,P019,Vacuum Cleaner,Home,Mumbai,Online,Credit Card,1,9132.38,0.1,9132.38,8219.14,0,2210.59,2025,9,September,Thursday,9132.38,8219.142
2025-09-04,ORD037190,CUST01398,P009,T-Shirt,Fashion,Ahmedabad,Store,Debit Card,1,1120.5,0.05,1120.5,1064.47,0,163.64,2025,9,September,Thursday,1120.5,1064.475
2025-09-04,ORD013772,CUST03849,P006,Desk,Furniture,Surat,Online,UPI,4,11197.22,0.0,44788.88,44788.88,0,5822.28,2025,9,September,Thursday,44788.88,44788.88
2025-09-04,ORD042916,CUST01095,P015,Dining Table,Furniture,Pune,Store,Credit Card,1,23346.85,0.05,23346.85,22179.51,0,1834.78,2025,9,September,Thursday,23346.85,22179.507499999996
2025-09-04,ORD049540,CUST01669,P012,Air Fryer,Home,Kolkata,Store,UPI,1,7324.01,0.1,7324.01,6591.61,0,686.21,2025,9,September,Thursday,7324.01,6591.609
2025-09-04,ORD034744,CUST00692,P019,Vacuum Cleaner,Home,Jaipur,Online,UPI,3,9874.59,0.2,29623.77,23699.02,0,6133.14,2025,9,September,Thursday,29623.77,23699.016000000003
2025-09-04,ORD047030,CUST01166,P012,Air Fryer,Home,Hyderabad,Online,UPI,1,6716.22,0.25,6716.22,5037.16,0,815.52,2025,9,September,Thursday,6716.22,5037.165
2025-09-04,ORD006669,CUST03533,P014,Keyboard,Electronics,Mumbai,Online,Debit Card,1,2349.95,0.15,2349.95,1997.46,0,323.09,2025,9,September,Thursday,2349.95,1997.4574999999998
2025-09-04,ORD030124,CUST04686,P011,Mixer Grinder,Home,Pune,Store,UPI,3,4336.04,0.05,13008.12,12357.71,0,993.97,2025,9,September,Thursday,13008.119999999999,12357.714
2025-09-04,ORD034081,CUST00994,P013,Monitor,Electronics,Hyderabad,Online,UPI,4,17848.88,0.05,71395.52,67825.74,0,10368.07,2025,9,September,Thursday,71395.52,67825.744
2025-09-04,ORD045007,CUST00562,P002,Smartphone,Electronics,Surat,Online,Debit Card,5,25744.86,0.1,128724.3,115851.87,0,21486.03,2025,9,September,Thursday,128724.3,115851.87000000001
2025-09-04,ORD025188,CUST02138,P002,Smartphone,Electronics,Bengaluru,Store,UPI,1,28914.0,0.0,28914.0,28914.0,0,7697.98,2025,9,September,Thursday,28914.0,28914.0
2025-09-04,ORD005021,CUST04405,P002,Smartphone,Electronics,Chennai,Store,UPI,2,29857.68,0.2,59715.36,47772.29,0,9324.26,2025,9,September,Thursday,59715.36,47772.288
2025-09-04,ORD031245,CUST03914,P020,Microwave,Home,Pune,Store,Net Banking,1,11776.13,0.1,11776.13,10598.52,0,1371.87,2025,9,September,Thursday,11776.13,10598.517
2025-09-04,ORD036667,CUST03463,P004,Smartwatch,Electronics,Hyderabad,Store,UPI,2,6579.5,0.0,13159.0,13159.0,0,2394.82,2025,9,September,Thursday,13159.0,13159.0
2025-09-04,ORD042585,CUST02375,P001,Laptop,Electronics,Surat,Store,Credit Card,1,61865.99,0.1,61865.99,55679.39,0,13318.43,2025,9,September,Thursday,61865.99,55679.390999999996
2025-09-04,ORD040625,CUST00920,P009,T-Shirt,Fashion,Surat,Online,Cash,3,1220.48,0.2,3661.44,2929.15,1,-146.46,2025,9,September,Thursday,3661.44,2929.152
2025-09-04,ORD019731,CUST04706,P018,Jacket,Fashion,Jaipur,Store,Credit Card,1,5272.31,0.05,5272.31,5008.69,0,1292.31,2025,9,September,Thursday,5272.31,5008.6945000000005
2025-09-04,ORD041256,CUST02007,P002,Smartphone,Electronics,Surat,Store,Debit Card,2,27521.48,0.1,55042.96,49538.66,0,6480.51,2025,9,September,Thursday,55042.96,49538.664
2025-09-04,ORD011590,CUST01742,P019,Vacuum Cleaner,Home,Surat,Store,UPI,2,9834.88,0.1,19669.76,17702.78,0,3733.52,2025,9,September,Thursday,19669.76,17702.784
2025-09-04,ORD048884,CUST04358,P008,Running Shoes,Fashion,Chennai,Online,UPI,1,3956.22,0.1,3956.22,3560.6,0,467.04,2025,9,September,Thursday,3956.22,3560.598
2025-09-04,ORD014462,CUST03631,P017,Jeans,Fashion,Kolkata,Store,Debit Card,2,2684.19,0.05,5368.38,5099.96,0,711.78,2025,9,September,Thursday,5368.38,5099.961
2025-09-04,ORD000280,CUST02937,P011,Mixer Grinder,Home,Mumbai,Store,UPI,1,4490.77,0.15,4490.77,3817.15,0,869.63,2025,9,September,Thursday,4490.77,3817.1545
2025-09-04,ORD031621,CUST03946,P014,Keyboard,Electronics,Kolkata,Online,UPI,2,2563.49,0.2,5126.98,4101.58,0,466.09,2025,9,September,Thursday,5126.98,4101.584
2025-09-04,ORD028478,CUST02365,P019,Vacuum Cleaner,Home,Kolkata,Store,UPI,1,8545.59,0.1,8545.59,7691.03,0,1431.89,2025,9,September,Thursday,8545.59,7691.031
2025-09-04,ORD009595,CUST01448,P019,Vacuum Cleaner,Home,Kolkata,Online,Credit Card,2,8832.12,0.0,17664.24,17664.24,0,2862.41,2025,9,September,Thursday,17664.24,17664.24
2025-09-04,ORD008706,CUST04577,P010,Coffee Maker,Home,Delhi,Store,Credit Card,2,5276.15,0.1,10552.3,9497.07,0,2571.0,2025,9,September,Thursday,10552.3,9497.07
2025-09-04,ORD017529,CUST03649,P003,Headphones,Electronics,Chennai,Online,Debit Card,3,4343.38,0.15,13030.14,11075.62,0,2916.76,2025,9,September,Thursday,13030.14,11075.618999999999
2025-09-04,ORD047703,CUST01542,P004,Smartwatch,Electronics,Surat,Store,Cash,2,6628.28,0.1,13256.56,11930.9,0,2236.06,2025,9,September,Thursday,13256.56,11930.904
2025-09-04,ORD021799,CUST02402,P008,Running Shoes,Fashion,Pune,Online,Debit Card,1,4583.75,0.05,4583.75,4354.56,0,766.37,2025,9,September,Thursday,4583.75,4354.5625
2025-09-04,ORD021778,CUST01958,P009,T-Shirt,Fashion,Surat,Online,UPI,2,1198.17,0.1,2396.34,2156.71,0,143.5,2025,9,September,Thursday,2396.34,2156.706
2025-09-04,ORD021085,CUST02039,P017,Jeans,Fashion,Ahmedabad,Online,Credit Card,1,2888.65,0.0,2888.65,2888.65,0,329.42,2025,9,September,Thursday,2888.65,2888.65
2025-09-04,ORD034683,CUST02507,P006,Desk,Furniture,Delhi,Store,Credit Card,2,11034.41,0.0,22068.82,22068.82,0,5941.14,2025,9,September,Thursday,22068.82,22068.82
2025-09-04,ORD001416,CUST01702,P003,Headphones,Electronics,Surat,Store,Cash,2,4905.88,0.05,9811.76,9321.17,0,677.93,2025,9,September,Thursday,9811.76,9321.172
2025-09-04,ORD008653,CUST02899,P009,T-Shirt,Fashion,Delhi,Online,UPI,1,1144.5,0.05,1144.5,1087.27,0,232.05,2025,9,September,Thursday,1144.5,1087.2749999999999
2025-09-04,ORD003664,CUST03876,P005,Office Chair,Furniture,Chennai,Online,Net Banking,1,9604.34,0.1,9604.34,8643.91,0,795.33,2025,9,September,Thursday,9604.34,8643.906
2025-09-04,ORD026183,CUST01925,P018,Jacket,Fashion,Pune,Online,UPI,1,5416.9,0.0,5416.9,5416.9,0,1584.98,2025,9,September,Thursday,5416.9,5416.9
2025-09-04,ORD039362,CUST01364,P016,Sofa,Furniture,Jaipur,Online,Cash,1,36753.55,0.2,36753.55,29402.84,0,5421.47,2025,9,September,Thursday,36753.55,29402.840000000004
2025-09-04,ORD046416,CUST03506,P001,Laptop,Electronics,Mumbai,Store,Debit Card,1,65313.17,0.1,65313.17,58781.85,0,6147.61,2025,9,September,Thursday,65313.17,58781.853
2025-09-04,ORD000099,CUST03116,P003,Headphones,Electronics,Ahmedabad,Online,Net Banking,1,4920.93,0.0,4920.93,4920.93,0,505.28,2025,9,September,Thursday,4920.93,4920.93
2025-09-04,ORD030054,CUST00653,P011,Mixer Grinder,Home,Mumbai,Store,UPI,1,4930.41,0.0,4930.41,4930.41,0,1271.47,2025,9,September,Thursday,4930.41,4930.41
2025-09-04,ORD021762,CUST00957,P004,Smartwatch,Electronics,Delhi,Online,Debit Card,1,6825.9,0.05,6825.9,6484.6,0,783.23,2025,9,September,Thursday,6825.9,6484.605
2025-09-04,ORD016052,CUST03333,P011,Mixer Grinder,Home,Pune,Online,UPI,1,5247.49,0.15,5247.49,4460.37,0,953.7,2025,9,September,Thursday,5247.49,4460.3665
2025-09-05,ORD036450,CUST01224,P001,Laptop,Electronics,Hyderabad,Online,Debit Card,1,70595.25,0.1,70595.25,63535.72,0,13909.13,2025,9,September,Friday,70595.25,63535.725
2025-09-05,ORD017660,CUST01738,P016,Sofa,Furniture,Surat,Online,UPI,1,38246.75,0.25,38246.75,28685.06,0,3382.26,2025,9,September,Friday,38246.75,28685.0625
2025-09-05,ORD013260,CUST01334,P003,Headphones,Electronics,Chennai,Online,UPI,1,4544.41,0.1,4544.41,4089.97,0,678.35,2025,9,September,Friday,4544.41,4089.969
2025-09-05,ORD006113,CUST04201,P017,Jeans,Fashion,Ahmedabad,Online,Credit Card,2,2828.88,0.1,5657.76,5091.98,0,1169.12,2025,9,September,Friday,5657.76,5091.984
2025-09-05,ORD013227,CUST03780,P005,Office Chair,Furniture,Kolkata,Online,UPI,1,9160.53,0.1,9160.53,8244.48,0,1004.47,2025,9,September,Friday,9160.53,8244.477
2025-09-05,ORD026642,CUST04717,P008,Running Shoes,Fashion,Hyderabad,Store,Credit Card,1,4312.37,0.0,4312.37,4312.37,0,849.05,2025,9,September,Friday,4312.37,4312.37
2025-09-05,ORD032477,CUST03514,P018,Jacket,Fashion,Surat,Store,Debit Card,2,4937.44,0.1,9874.88,8887.39,0,2324.81,2025,9,September,Friday,9874.88,8887.392
2025-09-05,ORD035663,CUST03534,P006,Desk,Furniture,Chennai,Online,Credit Card,2,12458.69,0.05,24917.38,23671.51,0,2437.97,2025,9,September,Friday,24917.38,23671.511
2025-09-05,ORD031931,CUST00164,P017,Jeans,Fashion,Pune,Store,UPI,1,2711.13,0.15,2711.13,2304.46,0,119.33,2025,9,September,Friday,2711.13,2304.4605
2025-09-05,ORD025670,CUST02976,P015,Dining Table,Furniture,Delhi,Store,Net Banking,1,21028.93,0.1,21028.93,18926.04,0,2451.66,2025,9,September,Friday,21028.93,18926.037
2025-09-05,ORD048208,CUST00172,P001,Laptop,Electronics,Ahmedabad,Online,Credit Card,3,64476.01,0.05,193428.03,183756.63,0,52743.58,2025,9,September,Friday,193428.03,183756.6285
2025-09-05,ORD036156,CUST02554,P019,Vacuum Cleaner,Home,Chennai,Online,UPI,1,9800.62,0.1,9800.62,8820.56,0,1998.71,2025,9,September,Friday,9800.62,8820.558
2025-09-05,ORD009538,CUST01203,P009,T-Shirt,Fashion,Chennai,Store,Cash,1,1269.94,0.15,1269.94,1079.45,0,248.52,2025,9,September,Friday,1269.94,1079.449
2025-09-05,ORD036188,CUST00865,P003,Headphones,Electronics,Pune,Online,UPI,1,4283.08,0.2,4283.08,3426.46,0,657.98,2025,9,September,Friday,4283.08,3426.464
2025-09-05,ORD014405,CUST03381,P019,Vacuum Cleaner,Home,Pune,Store,Credit Card,1,8111.92,0.05,8111.92,7706.32,0,2097.03,2025,9,September,Friday,8111.92,7706.324
2025-09-05,ORD035773,CUST04866,P009,T-Shirt,Fashion,Mumbai,Online,UPI,2,1198.55,0.2,2397.1,1917.68,0,167.38,2025,9,September,Friday,2397.1,1917.68
2025-09-05,ORD012723,CUST03696,P001,Laptop,Electronics,Bengaluru,Online,UPI,1,66240.87,0.05,66240.87,62928.83,0,11929.81,2025,9,September,Friday,66240.87,62928.826499999996
2025-09-05,ORD031527,CUST00290,P012,Air Fryer,Home,Ahmedabad,Store,UPI,1,7666.79,0.1,7666.79,6900.11,0,1058.5,2025,9,September,Friday,7666.79,6900.111
2025-09-05,ORD045068,CUST03261,P012,Air Fryer,Home,Ahmedabad,Online,UPI,1,6906.1,0.1,6906.1,6215.49,0,1592.68,2025,9,September,Friday,6906.1,6215.490000000001
2025-09-05,ORD002153,CUST02517,P007,Backpack,Accessories,Hyderabad,Online,Debit Card,5,2158.76,0.1,10793.8,9714.42,0,1627.05,2025,9,September,Friday,10793.800000000001,9714.42
2025-09-05,ORD011457,CUST01046,P016,Sofa,Furniture,Mumbai,Online,Credit Card,1,34839.4,0.1,34839.4,31355.46,0,6980.54,2025,9,September,Friday,34839.4,31355.460000000003
2025-09-05,ORD043272,CUST01239,P015,Dining Table,Furniture,Hyderabad,Online,Credit Card,3,23580.63,0.15,70741.89,60130.61,0,8400.29,2025,9,September,Friday,70741.89,60130.606499999994
2025-09-05,ORD045325,CUST00531,P020,Microwave,Home,Ahmedabad,Online,Cash,1,10101.42,0.1,10101.42,9091.28,0,1585.55,2025,9,September,Friday,10101.42,9091.278
2025-09-05,ORD013231,CUST02991,P013,Monitor,Electronics,Jaipur,Online,UPI,1,19482.78,0.2,19482.78,15586.22,0,2041.69,2025,9,September,Friday,19482.78,15586.224
2025-09-05,ORD000315,CUST00925,P004,Smartwatch,Electronics,Delhi,Store,Net Banking,1,7298.14,0.05,7298.14,6933.23,0,1108.84,2025,9,September,Friday,7298.14,6933.233
2025-09-05,ORD012795,CUST00814,P009,T-Shirt,Fashion,Jaipur,Online,UPI,4,1138.12,0.15,4552.48,3869.61,0,447.23,2025,9,September,Friday,4552.48,3869.6079999999997
2025-09-05,ORD034954,CUST03452,P011,Mixer Grinder,Home,Hyderabad,Online,Debit Card,1,5137.47,0.1,5137.47,4623.72,1,-231.19,2025,9,September,Friday,5137.47,4623.723
2025-09-05,ORD007941,CUST04714,P001,Laptop,Electronics,Kolkata,Online,UPI,3,71119.22,0.1,213357.66,192021.89,0,44939.99,2025,9,September,Friday,213357.66,192021.894
2025-09-05,ORD037437,CUST02906,P005,Office Chair,Furniture,Surat,Online,Cash,3,9891.03,0.05,29673.09,28189.44,0,6558.75,2025,9,September,Friday,29673.090000000004,28189.4355
2025-09-05,ORD040912,CUST04557,P005,Office Chair,Furniture,Hyderabad,Store,Cash,1,9904.64,0.1,9904.64,8914.18,1,-445.71,2025,9,September,Friday,9904.64,8914.176
2025-09-05,ORD027739,CUST03483,P018,Jacket,Fashion,Mumbai,Store,UPI,2,4853.95,0.2,9707.9,7766.32,0,481.29,2025,9,September,Friday,9707.9,7766.32
2025-09-05,ORD014606,CUST01530,P010,Coffee Maker,Home,Pune,Store,Debit Card,2,6017.85,0.2,12035.7,9628.56,0,1465.17,2025,9,September,Friday,12035.7,9628.560000000001
2025-09-05,ORD042291,CUST00665,P020,Microwave,Home,Bengaluru,Online,Credit Card,1,11702.96,0.05,11702.96,11117.81,0,3177.39,2025,9,September,Friday,11702.96,11117.811999999998
2025-09-05,ORD040393,CUST04620,P017,Jeans,Fashion,Jaipur,Store,UPI,5,2885.63,0.15,14428.15,12263.93,0,3289.36,2025,9,September,Friday,14428.150000000001,12263.9275
2025-09-05,ORD026125,CUST04097,P006,Desk,Furniture,Surat,Online,UPI,2,12854.49,0.1,25708.98,23138.08,0,4655.95,2025,9,September,Friday,25708.98,23138.082
2025-09-05,ORD044584,CUST02839,P013,Monitor,Electronics,Surat,Store,UPI,1,17971.11,0.1,17971.11,16174.0,0,2846.12,2025,9,September,Friday,17971.11,16173.999000000002
2025-09-05,ORD021092,CUST03836,P006,Desk,Furniture,Jaipur,Online,UPI,2,11109.11,0.05,22218.22,21107.31,0,2643.28,2025,9,September,Friday,22218.22,21107.309
2025-09-05,ORD049557,CUST00226,P018,Jacket,Fashion,Pune,Store,Debit Card,2,4861.69,0.05,9723.38,9237.21,0,1030.56,2025,9,September,Friday,9723.38,9237.211
2025-09-05,ORD004696,CUST04821,P001,Laptop,Electronics,Kolkata,Online,Credit Card,3,69415.81,0.1,208247.43,187422.69,0,31844.29,2025,9,September,Friday,208247.43,187422.687
2025-09-05,ORD027694,CUST02687,P010,Coffee Maker,Home,Jaipur,Online,Credit Card,1,5176.52,0.1,5176.52,4658.87,0,758.38,2025,9,September,Friday,5176.52,4658.868
2025-09-05,ORD011191,CUST04383,P016,Sofa,Furniture,Surat,Online,UPI,3,34054.96,0.1,102164.88,91948.39,0,5626.33,2025,9,September,Friday,102164.88,91948.392
2025-09-05,ORD007197,CUST02995,P015,Dining Table,Furniture,Kolkata,Store,UPI,2,22355.95,0.15,44711.9,38005.12,0,6369.89,2025,9,September,Friday,44711.9,38005.115
2025-09-05,ORD014589,CUST03438,P017,Jeans,Fashion,Jaipur,Store,Cash,2,2807.46,0.05,5614.92,5334.17,0,911.07,2025,9,September,Friday,5614.92,5334.174
2025-09-05,ORD021576,CUST04283,P011,Mixer Grinder,Home,Hyderabad,Store,Credit Card,2,4693.22,0.1,9386.44,8447.8,0,2250.65,2025,9,September,Friday,9386.44,8447.796
2025-09-05,ORD003441,CUST04577,P002,Smartphone,Electronics,Pune,Online,Debit Card,1,26431.83,0.05,26431.83,25110.24,0,7206.61,2025,9,September,Friday,26431.83,25110.2385
2025-09-05,ORD007379,CUST03433,P018,Jacket,Fashion,Jaipur,Online,Debit Card,1,5228.16,0.1,5228.16,4705.34,0,1297.72,2025,9,September,Friday,5228.16,4705.344
2025-09-05,ORD017969,CUST02874,P012,Air Fryer,Home,Pune,Online,Debit Card,1,7552.42,0.05,7552.42,7174.8,0,1409.9,2025,9,September,Friday,7552.42,7174.799
2025-09-05,ORD021036,CUST01795,P016,Sofa,Furniture,Chennai,Store,UPI,2,34777.21,0.0,69554.42,69554.42,0,8375.54,2025,9,September,Friday,69554.42,69554.42
2025-09-05,ORD013552,CUST00722,P016,Sofa,Furniture,Kolkata,Online,Credit Card,1,35064.5,0.1,35064.5,31558.05,0,6097.59,2025,9,September,Friday,35064.5,31558.05
2025-09-05,ORD004178,CUST00773,P009,T-Shirt,Fashion,Bengaluru,Online,UPI,1,1189.37,0.2,1189.37,951.5,0,80.06,2025,9,September,Friday,1189.37,951.496
2025-09-05,ORD023720,CUST02905,P015,Dining Table,Furniture,Ahmedabad,Store,Credit Card,2,21934.51,0.05,43869.02,41675.57,1,-2083.78,2025,9,September,Friday,43869.02,41675.568999999996
2025-09-05,ORD004139,CUST01344,P005,Office Chair,Furniture,Kolkata,Online,Credit Card,1,8706.44,0.05,8706.44,8271.12,0,1503.42,2025,9,September,Friday,8706.44,8271.118
2025-09-05,ORD020351,CUST04231,P010,Coffee Maker,Home,Surat,Online,UPI,4,5583.8,0.05,22335.2,21218.44,0,3786.19,2025,9,September,Friday,22335.2,21218.44
2025-09-05,ORD018828,CUST00373,P008,Running Shoes,Fashion,Bengaluru,Online,Credit Card,1,3860.33,0.1,3860.33,3474.3,1,-173.72,2025,9,September,Friday,3860.33,3474.297
2025-09-05,ORD040170,CUST03004,P011,Mixer Grinder,Home,Ahmedabad,Store,Cash,4,4854.81,0.15,19419.24,16506.35,0,1416.47,2025,9,September,Friday,19419.24,16506.354
2025-09-05,ORD032674,CUST01411,P003,Headphones,Electronics,Mumbai,Online,Debit Card,1,4420.57,0.0,4420.57,4420.57,0,846.4,2025,9,September,Friday,4420.57,4420.57
2025-09-05,ORD004882,CUST02787,P006,Desk,Furniture,Mumbai,Store,Credit Card,1,12240.36,0.25,12240.36,9180.27,1,-459.01,2025,9,September,Friday,12240.36,9180.27
2025-09-05,ORD021243,CUST02489,P003,Headphones,Electronics,Delhi,Online,Debit Card,1,4329.02,0.2,4329.02,3463.22,1,-173.16,2025,9,September,Friday,4329.02,3463.2160000000003
2025-09-05,ORD017347,CUST01151,P011,Mixer Grinder,Home,Chennai,Online,Debit Card,3,4523.75,0.2,13571.25,10857.0,0,782.64,2025,9,September,Friday,13571.25,10857.0
2025-09-05,ORD026386,CUST02797,P013,Monitor,Electronics,Mumbai,Store,Debit Card,1,16202.23,0.0,16202.23,16202.23,0,2121.24,2025,9,September,Friday,16202.23,16202.23
2025-09-05,ORD005740,CUST03543,P008,Running Shoes,Fashion,Kolkata,Online,Cash,2,3940.95,0.0,7881.9,7881.9,0,926.46,2025,9,September,Friday,7881.9,7881.9
2025-09-05,ORD033183,CUST01812,P016,Sofa,Furniture,Hyderabad,Store,Credit Card,2,38001.2,0.15,76002.4,64602.04,0,6375.62,2025,9,September,Friday,76002.4,64602.03999999999
2025-09-05,ORD042199,CUST02044,P012,Air Fryer,Home,Chennai,Online,Credit Card,1,6929.3,0.1,6929.3,6236.37,0,1744.66,2025,9,September,Friday,6929.3,6236.37
2025-09-05,ORD023160,CUST01720,P019,Vacuum Cleaner,Home,Bengaluru,Online,UPI,1,8913.03,0.1,8913.03,8021.73,0,1076.48,2025,9,September,Friday,8913.03,8021.727000000001
2025-09-05,ORD035127,CUST04840,P010,Coffee Maker,Home,Surat,Online,Debit Card,1,5517.81,0.1,5517.81,4966.03,0,1091.46,2025,9,September,Friday,5517.81,4966.029
2025-09-05,ORD045608,CUST04986,P011,Mixer Grinder,Home,Jaipur,Store,Credit Card,2,4616.83,0.2,9233.66,7386.93,0,1787.66,2025,9,September,Friday,9233.66,7386.928
2025-09-05,ORD012571,CUST04183,P006,Desk,Furniture,Hyderabad,Online,UPI,1,12522.44,0.25,12522.44,9391.83,0,1906.98,2025,9,September,Friday,12522.44,9391.83
2025-09-06,ORD039451,CUST03478,P018,Jacket,Fashion,Pune,Online,UPI,1,4887.36,0.1,4887.36,4398.62,0,704.06,2025,9,September,Saturday,4887.36,4398.624
2025-09-06,ORD021335,CUST00705,P001,Laptop,Electronics,Chennai,Online,Net Banking,2,67676.99,0.2,135353.98,108283.18,0,17310.83,2025,9,September,Saturday,135353.98,108283.18400000001
2025-09-06,ORD016265,CUST00249,P016,Sofa,Furniture,Bengaluru,Online,Credit Card,2,36228.25,0.05,72456.5,68833.68,0,14171.16,2025,9,September,Saturday,72456.5,68833.675
2025-09-06,ORD036559,CUST00805,P018,Jacket,Fashion,Pune,Store,UPI,4,4910.81,0.25,19643.24,14732.43,1,-736.62,2025,9,September,Saturday,19643.24,14732.43
2025-09-06,ORD018377,CUST03206,P011,Mixer Grinder,Home,Ahmedabad,Online,UPI,1,5085.68,0.1,5085.68,4577.11,0,613.22,2025,9,September,Saturday,5085.68,4577.112
2025-09-06,ORD021548,CUST04022,P017,Jeans,Fashion,Delhi,Online,Credit Card,1,2566.34,0.2,2566.34,2053.07,0,389.04,2025,9,September,Saturday,2566.34,2053.072
2025-09-06,ORD029102,CUST02727,P003,Headphones,Electronics,Surat,Online,UPI,1,4819.99,0.0,4819.99,4819.99,0,1016.61,2025,9,September,Saturday,4819.99,4819.99
2025-09-06,ORD021462,CUST01261,P004,Smartwatch,Electronics,Ahmedabad,Store,UPI,2,7182.29,0.15,14364.58,12209.89,0,3085.84,2025,9,September,Saturday,14364.58,12209.893
2025-09-06,ORD038629,CUST01578,P014,Keyboard,Electronics,Chennai,Online,Cash,1,2333.53,0.0,2333.53,2333.53,0,270.05,2025,9,September,Saturday,2333.53,2333.53
2025-09-06,ORD042279,CUST04856,P019,Vacuum Cleaner,Home,Chennai,Online,Debit Card,1,8202.71,0.15,8202.71,6972.3,0,1482.13,2025,9,September,Saturday,8202.71,6972.303499999999
2025-09-06,ORD002506,CUST00250,P020,Microwave,Home,Hyderabad,Store,Net Banking,1,10860.99,0.05,10860.99,10317.94,1,-515.9,2025,9,September,Saturday,10860.99,10317.940499999999
2025-09-06,ORD006981,CUST01879,P017,Jeans,Fashion,Hyderabad,Online,UPI,1,2918.67,0.05,2918.67,2772.74,0,781.01,2025,9,September,Saturday,2918.67,2772.7365
2025-09-06,ORD038801,CUST04837,P010,Coffee Maker,Home,Mumbai,Online,Debit Card,1,6024.64,0.1,6024.64,5422.18,0,780.69,2025,9,September,Saturday,6024.64,5422.176
2025-09-06,ORD024041,CUST03432,P020,Microwave,Home,Chennai,Store,Net Banking,1,10911.29,0.0,10911.29,10911.29,1,-545.56,2025,9,September,Saturday,10911.29,10911.29
2025-09-06,ORD029844,CUST02879,P004,Smartwatch,Electronics,Jaipur,Online,Credit Card,2,7038.07,0.1,14076.14,12668.53,0,1954.53,2025,9,September,Saturday,14076.14,12668.526
2025-09-06,ORD007543,CUST01372,P001,Laptop,Electronics,Hyderabad,Online,UPI,2,63999.08,0.05,127998.16,121598.25,0,15658.59,2025,9,September,Saturday,127998.16,121598.252
2025-09-06,ORD027650,CUST01414,P019,Vacuum Cleaner,Home,Chennai,Online,UPI,2,8507.41,0.1,17014.82,15313.34,0,3736.5,2025,9,September,Saturday,17014.82,15313.338
2025-09-06,ORD044501,CUST00858,P016,Sofa,Furniture,Kolkata,Online,UPI,2,38116.95,0.0,76233.9,76233.9,0,12577.24,2025,9,September,Saturday,76233.9,76233.9
2025-09-06,ORD000586,CUST00329,P010,Coffee Maker,Home,Pune,Store,Net Banking,5,5263.94,0.1,26319.7,23687.73,0,1991.81,2025,9,September,Saturday,26319.699999999997,23687.73
2025-09-06,ORD008565,CUST04383,P018,Jacket,Fashion,Pune,Online,Credit Card,1,5280.78,0.05,5280.78,5016.74,0,1117.28,2025,9,September,Saturday,5280.78,5016.740999999999
2025-09-06,ORD011776,CUST03504,P003,Headphones,Electronics,Delhi,Store,UPI,2,4573.09,0.1,9146.18,8231.56,0,2157.82,2025,9,September,Saturday,9146.18,8231.562
2025-09-06,ORD024095,CUST02822,P004,Smartwatch,Electronics,Ahmedabad,Online,Credit Card,1,6318.87,0.15,6318.87,5371.04,0,781.04,2025,9,September,Saturday,6318.87,5371.0395
2025-09-06,ORD028765,CUST02105,P010,Coffee Maker,Home,Pune,Online,Debit Card,1,4986.98,0.05,4986.98,4737.63,0,1287.26,2025,9,September,Saturday,4986.98,4737.630999999999
2025-09-06,ORD008600,CUST02517,P015,Dining Table,Furniture,Bengaluru,Online,Net Banking,1,21053.57,0.15,21053.57,17895.53,0,3289.12,2025,9,September,Saturday,21053.57,17895.534499999998
2025-09-06,ORD013516,CUST01776,P010,Coffee Maker,Home,Kolkata,Online,UPI,1,4953.88,0.0,4953.88,4953.88,0,588.65,2025,9,September,Saturday,4953.88,4953.88
2025-09-06,ORD028962,CUST03381,P015,Dining Table,Furniture,Delhi,Online,Debit Card,4,24144.27,0.0,96577.08,96577.08,0,17926.98,2025,9,September,Saturday,96577.08,96577.08
2025-09-06,ORD016773,CUST04446,P009,T-Shirt,Fashion,Surat,Online,Credit Card,1,1175.82,0.15,1175.82,999.45,0,133.5,2025,9,September,Saturday,1175.82,999.4469999999999
2025-09-06,ORD005601,CUST03647,P014,Keyboard,Electronics,Chennai,Online,Net Banking,1,2440.52,0.15,2440.52,2074.44,0,240.61,2025,9,September,Saturday,2440.52,2074.442
2025-09-06,ORD008895,CUST02852,P001,Laptop,Electronics,Kolkata,Online,Credit Card,1,68921.17,0.25,68921.17,51690.88,0,2188.43,2025,9,September,Saturday,68921.17,51690.8775
2025-09-06,ORD015246,CUST01374,P004,Smartwatch,Electronics,Kolkata,Store,Debit Card,2,7206.74,0.1,14413.48,12972.13,0,1087.54,2025,9,September,Saturday,14413.48,12972.132
2025-09-06,ORD002825,CUST04348,P020,Microwave,Home,Kolkata,Store,Credit Card,1,10077.69,0.15,10077.69,8566.04,0,2064.4,2025,9,September,Saturday,10077.69,8566.0365
2025-09-06,ORD000646,CUST04051,P005,Office Chair,Furniture,Hyderabad,Online,UPI,1,10309.77,0.2,10309.77,8247.82,0,466.75,2025,9,September,Saturday,10309.77,8247.816
2025-09-06,ORD036664,CUST03764,P005,Office Chair,Furniture,Pune,Store,UPI,1,9743.48,0.15,9743.48,8281.96,0,1278.72,2025,9,September,Saturday,9743.48,8281.957999999999
2025-09-06,ORD026028,CUST04673,P014,Keyboard,Electronics,Bengaluru,Online,Net Banking,2,2672.68,0.1,5345.36,4810.82,1,-240.54,2025,9,September,Saturday,5345.36,4810.824
2025-09-06,ORD004885,CUST01941,P013,Monitor,Electronics,Hyderabad,Online,UPI,1,16887.88,0.15,16887.88,14354.7,0,2936.69,2025,9,September,Saturday,16887.88,14354.698
2025-09-06,ORD013209,CUST04977,P006,Desk,Furniture,Chennai,Online,UPI,1,12556.08,0.1,12556.08,11300.47,0,1995.01,2025,9,September,Saturday,12556.08,11300.472
2025-09-06,ORD009323,CUST01760,P003,Headphones,Electronics,Jaipur,Online,Cash,2,4661.72,0.0,9323.44,9323.44,0,2595.96,2025,9,September,Saturday,9323.44,9323.44
2025-09-06,ORD036110,CUST04710,P012,Air Fryer,Home,Mumbai,Store,UPI,2,7906.85,0.15,15813.7,13441.64,0,1164.01,2025,9,September,Saturday,15813.7,13441.645
2025-09-06,ORD046034,CUST01883,P016,Sofa,Furniture,Pune,Store,Credit Card,1,35567.86,0.0,35567.86,35567.86,0,6881.5,2025,9,September,Saturday,35567.86,35567.86
2025-09-06,ORD046395,CUST04943,P012,Air Fryer,Home,Kolkata,Online,Debit Card,1,6975.73,0.15,6975.73,5929.37,0,1089.35,2025,9,September,Saturday,6975.73,5929.370499999999
2025-09-06,ORD049912,CUST01073,P016,Sofa,Furniture,Jaipur,Store,Credit Card,1,38289.94,0.1,38289.94,34460.95,0,4068.58,2025,9,September,Saturday,38289.94,34460.946
2025-09-06,ORD018965,CUST00346,P013,Monitor,Electronics,Ahmedabad,Online,UPI,1,19096.04,0.05,19096.04,18141.24,0,1718.07,2025,9,September,Saturday,19096.04,18141.238
2025-09-06,ORD023508,CUST02519,P008,Running Shoes,Fashion,Mumbai,Store,Net Banking,1,3959.66,0.05,3959.66,3761.68,0,595.62,2025,9,September,Saturday,3959.66,3761.6769999999997
2025-09-06,ORD034401,CUST04871,P014,Keyboard,Electronics,Bengaluru,Store,Credit Card,1,2604.82,0.05,2604.82,2474.58,0,239.95,2025,9,September,Saturday,2604.82,2474.579
2025-09-06,ORD005906,CUST04274,P017,Jeans,Fashion,Ahmedabad,Online,Debit Card,2,2999.79,0.05,5999.58,5699.6,0,1473.5,2025,9,September,Saturday,5999.58,5699.601
2025-09-06,ORD030438,CUST01491,P020,Microwave,Home,Jaipur,Store,UPI,1,10444.73,0.05,10444.73,9922.49,0,2413.03,2025,9,September,Saturday,10444.73,9922.493499999999
2025-09-06,ORD006584,CUST04964,P016,Sofa,Furniture,Hyderabad,Online,UPI,1,34028.69,0.05,34028.69,32327.26,0,2855.08,2025,9,September,Saturday,34028.69,32327.2555
2025-09-06,ORD019929,CUST02348,P009,T-Shirt,Fashion,Mumbai,Online,UPI,3,1276.32,0.25,3828.96,2871.72,0,306.94,2025,9,September,Saturday,3828.96,2871.7200000000003
2025-09-06,ORD034800,CUST03901,P020,Microwave,Home,Mumbai,Online,Cash,1,11160.89,0.05,11160.89,10602.85,0,2383.26,2025,9,September,Saturday,11160.89,10602.8455
2025-09-06,ORD047892,CUST00899,P005,Office Chair,Furniture,Chennai,Store,UPI,1,8985.31,0.0,8985.31,8985.31,0,861.07,2025,9,September,Saturday,8985.31,8985.31
2025-09-06,ORD018968,CUST02680,P006,Desk,Furniture,Jaipur,Store,UPI,2,11709.9,0.2,23419.8,18735.84,0,2029.02,2025,9,September,Saturday,23419.8,18735.84
2025-09-06,ORD030482,CUST00340,P017,Jeans,Fashion,Chennai,Online,UPI,2,2653.37,0.0,5306.74,5306.74,0,1223.17,2025,9,September,Saturday,5306.74,5306.74
2025-09-06,ORD030517,CUST00726,P014,Keyboard,Electronics,Mumbai,Online,UPI,1,2735.8,0.1,2735.8,2462.22,0,307.15,2025,9,September,Saturday,2735.8,2462.2200000000003
2025-09-06,ORD025133,CUST04261,P001,Laptop,Electronics,Hyderabad,Online,UPI,1,60082.99,0.05,60082.99,57078.84,0,14625.14,2025,9,September,Saturday,60082.99,57078.8405
2025-09-06,ORD043077,CUST04520,P018,Jacket,Fashion,Chennai,Online,Credit Card,1,5093.34,0.25,5093.34,3820.0,0,495.27,2025,9,September,Saturday,5093.34,3820.005
2025-09-06,ORD026903,CUST02881,P018,Jacket,Fashion,Jaipur,Store,UPI,1,5088.51,0.1,5088.51,4579.66,1,-228.98,2025,9,September,Saturday,5088.51,4579.659000000001
2025-09-06,ORD044974,CUST03187,P014,Keyboard,Electronics,Pune,Online,Credit Card,1,2624.12,0.0,2624.12,2624.12,0,704.28,2025,9,September,Saturday,2624.12,2624.12
2025-09-06,ORD039702,CUST02587,P020,Microwave,Home,Surat,Online,Cash,1,12000.21,0.0,12000.21,12000.21,0,1849.81,2025,9,September,Saturday,12000.21,12000.21
2025-09-06,ORD025233,CUST03335,P014,Keyboard,Electronics,Pune,Online,Cash,2,2684.78,0.0,5369.56,5369.56,0,504.6,2025,9,September,Saturday,5369.56,5369.56
2025-09-06,ORD040183,CUST04460,P009,T-Shirt,Fashion,Hyderabad,Online,UPI,1,1291.95,0.1,1291.95,1162.76,0,187.27,2025,9,September,Saturday,1291.95,1162.755
2025-09-06,ORD019433,CUST00209,P013,Monitor,Electronics,Kolkata,Online,Credit Card,1,19079.58,0.25,19079.58,14309.69,0,2362.47,2025,9,September,Saturday,19079.58,14309.685000000001
2025-09-06,ORD030600,CUST04827,P003,Headphones,Electronics,Ahmedabad,Store,Net Banking,1,4888.36,0.25,4888.36,3666.27,0,190.29,2025,9,September,Saturday,4888.36,3666.2699999999995
2025-09-06,ORD044980,CUST03478,P012,Air Fryer,Home,Delhi,Online,Credit Card,1,7361.11,0.1,7361.11,6625.0,0,712.95,2025,9,September,Saturday,7361.11,6624.999
2025-09-06,ORD025123,CUST03487,P007,Backpack,Accessories,Mumbai,Online,Debit Card,2,2395.65,0.0,4791.3,4791.3,0,1159.01,2025,9,September,Saturday,4791.3,4791.3
2025-09-06,ORD004899,CUST00988,P016,Sofa,Furniture,Kolkata,Online,UPI,1,32270.09,0.15,32270.09,27429.58,0,7376.11,2025,9,September,Saturday,32270.09,27429.5765
2025-09-06,ORD030265,CUST04337,P019,Vacuum Cleaner,Home,Pune,Online,UPI,2,9008.2,0.05,18016.4,17115.58,0,3348.1,2025,9,September,Saturday,18016.4,17115.58
2025-09-06,ORD013753,CUST01066,P006,Desk,Furniture,Mumbai,Store,UPI,1,11667.35,0.05,11667.35,11083.98,0,2135.14,2025,9,September,Saturday,11667.35,11083.9825
2025-09-06,ORD033900,CUST00630,P010,Coffee Maker,Home,Mumbai,Online,UPI,5,5494.87,0.05,27474.35,26100.63,0,6203.46,2025,9,September,Saturday,27474.35,26100.632499999996
2025-09-06,ORD023630,CUST00028,P020,Microwave,Home,Pune,Online,Cash,2,9906.95,0.2,19813.9,15851.12,0,3456.46,2025,9,September,Saturday,19813.9,15851.120000000003
2025-09-06,ORD031550,CUST02327,P003,Headphones,Electronics,Pune,Online,Net Banking,1,4808.49,0.15,4808.49,4087.22,0,1051.43,2025,9,September,Saturday,4808.49,4087.2164999999995
2025-09-06,ORD020251,CUST04091,P009,T-Shirt,Fashion,Chennai,Store,UPI,3,1194.43,0.1,3583.29,3224.96,0,592.04,2025,9,September,Saturday,3583.29,3224.9610000000002
2025-09-06,ORD003359,CUST01153,P011,Mixer Grinder,Home,Ahmedabad,Store,Credit Card,2,5003.58,0.05,10007.16,9506.8,0,1962.49,2025,9,September,Saturday,10007.16,9506.802
2025-09-06,ORD023449,CUST04017,P008,Running Shoes,Fashion,Jaipur,Store,UPI,1,3936.02,0.1,3936.02,3542.42,0,699.96,2025,9,September,Saturday,3936.02,3542.418
2025-09-06,ORD004258,CUST04392,P011,Mixer Grinder,Home,Jaipur,Online,UPI,1,5179.53,0.0,5179.53,5179.53,0,1539.54,2025,9,September,Saturday,5179.53,5179.53
2025-09-07,ORD031756,CUST03856,P012,Air Fryer,Home,Pune,Store,UPI,1,7386.04,0.0,7386.04,7386.04,0,1027.36,2025,9,September,Sunday,7386.04,7386.04
2025-09-07,ORD037428,CUST03753,P001,Laptop,Electronics,Mumbai,Store,Credit Card,1,61985.08,0.2,61985.08,49588.06,0,3579.91,2025,9,September,Sunday,61985.08,49588.064000000006
2025-09-07,ORD021814,CUST02584,P011,Mixer Grinder,Home,Ahmedabad,Online,Debit Card,1,4776.89,0.2,4776.89,3821.51,1,-191.08,2025,9,September,Sunday,4776.89,3821.5120000000006
2025-09-07,ORD049825,CUST04387,P018,Jacket,Fashion,Delhi,Store,Cash,1,5495.39,0.15,5495.39,4671.08,0,997.69,2025,9,September,Sunday,5495.39,4671.0815
2025-09-07,ORD042543,CUST01856,P002,Smartphone,Electronics,Mumbai,Online,Cash,1,26941.31,0.15,26941.31,22900.11,0,4577.27,2025,9,September,Sunday,26941.31,22900.1135
2025-09-07,ORD007585,CUST04366,P006,Desk,Furniture,Kolkata,Online,UPI,1,12782.31,0.15,12782.31,10864.96,0,2617.13,2025,9,September,Sunday,12782.31,10864.9635
2025-09-07,ORD041989,CUST02059,P011,Mixer Grinder,Home,Kolkata,Online,Debit Card,5,4435.08,0.15,22175.4,18849.09,0,1953.18,2025,9,September,Sunday,22175.4,18849.09
2025-09-07,ORD046621,CUST03130,P015,Dining Table,Furniture,Jaipur,Online,Credit Card,2,21197.26,0.1,42394.52,38155.07,0,5470.54,2025,9,September,Sunday,42394.52,38155.068
2025-09-07,ORD024719,CUST04929,P005,Office Chair,Furniture,Ahmedabad,Store,UPI,1,8663.28,0.0,8663.28,8663.28,0,1638.27,2025,9,September,Sunday,8663.28,8663.28
2025-09-07,ORD006828,CUST01539,P008,Running Shoes,Fashion,Ahmedabad,Online,Credit Card,1,3983.27,0.1,3983.27,3584.94,0,544.42,2025,9,September,Sunday,3983.27,3584.943
2025-09-07,ORD021972,CUST01950,P002,Smartphone,Electronics,Bengaluru,Store,UPI,1,28291.92,0.1,28291.92,25462.73,0,1920.89,2025,9,September,Sunday,28291.92,25462.728
2025-09-07,ORD007835,CUST04414,P017,Jeans,Fashion,Surat,Online,UPI,5,2554.74,0.0,12773.7,12773.7,0,1305.04,2025,9,September,Sunday,12773.699999999999,12773.7
2025-09-07,ORD041980,CUST00686,P003,Headphones,Electronics,Bengaluru,Online,Credit Card,3,4645.45,0.05,13936.35,13239.53,0,1379.52,2025,9,September,Sunday,13936.349999999999,13239.5325
2025-09-07,ORD045896,CUST04726,P017,Jeans,Fashion,Ahmedabad,Online,UPI,1,2789.57,0.25,2789.57,2092.18,0,168.11,2025,9,September,Sunday,2789.57,2092.1775000000002
2025-09-07,ORD021053,CUST04783,P019,Vacuum Cleaner,Home,Delhi,Online,Credit Card,2,8736.19,0.05,17472.38,16598.76,0,3318.28,2025,9,September,Sunday,17472.38,16598.761
2025-09-07,ORD024935,CUST03336,P008,Running Shoes,Fashion,Jaipur,Online,Debit Card,2,4336.12,0.05,8672.24,8238.63,0,1991.2,2025,9,September,Sunday,8672.24,8238.627999999999
2025-09-07,ORD027962,CUST04308,P016,Sofa,Furniture,Bengaluru,Store,Debit Card,2,32988.7,0.1,65977.4,59379.66,0,6658.02,2025,9,September,Sunday,65977.4,59379.659999999996
2025-09-07,ORD033180,CUST03987,P020,Microwave,Home,Kolkata,Store,UPI,1,11963.69,0.2,11963.69,9570.95,0,608.96,2025,9,September,Sunday,11963.69,9570.952000000001
2025-09-07,ORD047065,CUST00009,P018,Jacket,Fashion,Jaipur,Online,Credit Card,1,5221.49,0.15,5221.49,4438.27,0,728.42,2025,9,September,Sunday,5221.49,4438.2665
2025-09-07,ORD002608,CUST00617,P020,Microwave,Home,Delhi,Online,Net Banking,1,10105.94,0.05,10105.94,9600.64,0,1169.0,2025,9,September,Sunday,10105.94,9600.643
2025-09-07,ORD012676,CUST04270,P015,Dining Table,Furniture,Ahmedabad,Store,Debit Card,2,20789.68,0.0,41579.36,41579.36,0,10052.33,2025,9,September,Sunday,41579.36,41579.36
2025-09-07,ORD019746,CUST00025,P020,Microwave,Home,Jaipur,Online,UPI,1,11453.78,0.0,11453.78,11453.78,0,2189.46,2025,9,September,Sunday,11453.78,11453.78
2025-09-07,ORD031205,CUST02886,P013,Monitor,Electronics,Ahmedabad,Online,Credit Card,5,17685.41,0.1,88427.05,79584.34,0,10230.38,2025,9,September,Sunday,88427.05,79584.345
2025-09-07,ORD038278,CUST00083,P010,Coffee Maker,Home,Mumbai,Store,UPI,2,6042.73,0.25,12085.46,9064.09,0,569.05,2025,9,September,Sunday,12085.46,9064.095
2025-09-07,ORD034354,CUST01295,P005,Office Chair,Furniture,Chennai,Online,Debit Card,2,9313.08,0.0,18626.16,18626.16,0,2916.97,2025,9,September,Sunday,18626.16,18626.16
2025-09-07,ORD038177,CUST02546,P019,Vacuum Cleaner,Home,Jaipur,Online,Debit Card,1,8245.5,0.0,8245.5,8245.5,0,1569.93,2025,9,September,Sunday,8245.5,8245.5
2025-09-07,ORD021172,CUST02815,P005,Office Chair,Furniture,Delhi,Store,Credit Card,3,9058.44,0.0,27175.32,27175.32,0,3231.84,2025,9,September,Sunday,27175.32,27175.32
2025-09-07,ORD019148,CUST03459,P019,Vacuum Cleaner,Home,Chennai,Store,UPI,1,8903.21,0.2,8903.21,7122.57,0,387.94,2025,9,September,Sunday,8903.21,7122.567999999999
2025-09-07,ORD006613,CUST02416,P009,T-Shirt,Fashion,Chennai,Store,Debit Card,1,1198.95,0.05,1198.95,1139.0,0,127.81,2025,9,September,Sunday,1198.95,1139.0025
2025-09-07,ORD012922,CUST04164,P017,Jeans,Fashion,Mumbai,Online,UPI,1,2684.02,0.15,2684.02,2281.42,0,390.47,2025,9,September,Sunday,2684.02,2281.417
2025-09-07,ORD007698,CUST04319,P018,Jacket,Fashion,Hyderabad,Online,UPI,2,5719.63,0.15,11439.26,9723.37,0,2314.24,2025,9,September,Sunday,11439.26,9723.371
2025-09-07,ORD049981,CUST01854,P017,Jeans,Fashion,Kolkata,Online,UPI,2,2560.7,0.1,5121.4,4609.26,0,1264.69,2025,9,September,Sunday,5121.4,4609.26
2025-09-07,ORD007106,CUST01296,P002,Smartphone,Electronics,Pune,Store,Net Banking,3,27296.55,0.15,81889.65,69606.2,0,17581.32,2025,9,September,Sunday,81889.65,69606.2025
2025-09-07,ORD027411,CUST00551,P012,Air Fryer,Home,Jaipur,Online,Credit Card,2,7293.57,0.1,14587.14,13128.43,0,1784.03,2025,9,September,Sunday,14587.14,13128.426
2025-09-07,ORD010077,CUST03736,P004,Smartwatch,Electronics,Ahmedabad,Online,UPI,1,7374.93,0.25,7374.93,5531.2,0,377.7,2025,9,September,Sunday,7374.93,5531.1975
2025-09-07,ORD011202,CUST00687,P010,Coffee Maker,Home,Bengaluru,Online,UPI,1,4994.37,0.05,4994.37,4744.65,0,999.0,2025,9,September,Sunday,4994.37,4744.6515
2025-09-07,ORD043615,CUST02358,P020,Microwave,Home,Hyderabad,Store,Credit Card,1,11826.09,0.1,11826.09,10643.48,0,2364.58,2025,9,September,Sunday,11826.09,10643.481
2025-09-07,ORD018058,CUST03147,P016,Sofa,Furniture,Surat,Online,Credit Card,2,36558.88,0.2,73117.76,58494.21,0,2960.58,2025,9,September,Sunday,73117.76,58494.208
2025-09-07,ORD045616,CUST00351,P017,Jeans,Fashion,Surat,Online,UPI,1,2964.15,0.1,2964.15,2667.74,0,279.83,2025,9,September,Sunday,2964.15,2667.735
2025-09-07,ORD037551,CUST03657,P020,Microwave,Home,Hyderabad,Store,UPI,2,10608.77,0.15,21217.54,18034.91,0,2426.14,2025,9,September,Sunday,21217.54,18034.909
2025-09-07,ORD026662,CUST01025,P020,Microwave,Home,Ahmedabad,Store,Cash,2,11968.85,0.2,23937.7,19150.16,0,2230.57,2025,9,September,Sunday,23937.7,19150.16
2025-09-07,ORD024443,CUST03805,P006,Desk,Furniture,Delhi,Store,Debit Card,4,11138.59,0.05,44554.36,42326.64,0,9476.62,2025,9,September,Sunday,44554.36,42326.642
2025-09-07,ORD023860,CUST01630,P020,Microwave,Home,Surat,Online,UPI,1,10952.02,0.15,10952.02,9309.22,0,1478.54,2025,9,September,Sunday,10952.02,9309.217
2025-09-07,ORD039841,CUST02625,P015,Dining Table,Furniture,Pune,Online,UPI,5,19877.86,0.1,99389.3,89450.37,0,23921.09,2025,9,September,Sunday,99389.3,89450.37000000001
2025-09-07,ORD008518,CUST04457,P019,Vacuum Cleaner,Home,Bengaluru,Store,UPI,1,9760.23,0.05,9760.23,9272.22,0,2685.63,2025,9,September,Sunday,9760.23,9272.218499999999
2025-09-07,ORD037102,CUST02649,P009,T-Shirt,Fashion,Surat,Online,UPI,1,1315.2,0.0,1315.2,1315.2,0,136.0,2025,9,September,Sunday,1315.2,1315.2
2025-09-07,ORD043447,CUST03426,P019,Vacuum Cleaner,Home,Pune,Online,Credit Card,2,8948.07,0.0,17896.14,17896.14,0,4013.24,2025,9,September,Sunday,17896.14,17896.14
2025-09-07,ORD013723,CUST02627,P003,Headphones,Electronics,Chennai,Online,UPI,1,4432.32,0.0,4432.32,4432.32,0,1111.81,2025,9,September,Sunday,4432.32,4432.32
2025-09-07,ORD008158,CUST00992,P014,Keyboard,Electronics,Mumbai,Store,Debit Card,2,2490.52,0.1,4981.04,4482.94,0,1217.02,2025,9,September,Sunday,4981.04,4482.936
2025-09-07,ORD036091,CUST03476,P019,Vacuum Cleaner,Home,Jaipur,Online,UPI,2,8197.14,0.2,16394.28,13115.42,0,1587.98,2025,9,September,Sunday,16394.28,13115.423999999999
2025-09-07,ORD006137,CUST03233,P003,Headphones,Electronics,Surat,Online,UPI,1,4869.65,0.0,4869.65,4869.65,0,1324.82,2025,9,September,Sunday,4869.65,4869.65
2025-09-07,ORD039315,CUST00459,P007,Backpack,Accessories,Delhi,Online,Net Banking,1,2013.95,0.05,2013.95,1913.25,0,234.08,2025,9,September,Sunday,2013.95,1913.2525
2025-09-07,ORD022592,CUST00684,P020,Microwave,Home,Hyderabad,Store,Credit Card,1,11986.17,0.05,11986.17,11386.86,0,2879.22,2025,9,September,Sunday,11986.17,11386.861499999999
2025-09-07,ORD036113,CUST02486,P020,Microwave,Home,Hyderabad,Store,UPI,1,10469.18,0.2,10469.18,8375.34,0,1746.05,2025,9,September,Sunday,10469.18,8375.344000000001
2025-09-07,ORD022171,CUST02401,P018,Jacket,Fashion,Surat,Store,Debit Card,2,5274.55,0.1,10549.1,9494.19,0,1947.7,2025,9,September,Sunday,10549.1,9494.19
2025-09-07,ORD031483,CUST01015,P005,Office Chair,Furniture,Mumbai,Online,Debit Card,4,10410.76,0.1,41643.04,37478.74,0,4571.73,2025,9,September,Sunday,41643.04,37478.736000000004
2025-09-07,ORD049846,CUST04525,P009,T-Shirt,Fashion,Chennai,Online,Credit Card,2,1278.49,0.25,2556.98,1917.74,0,310.8,2025,9,September,Sunday,2556.98,1917.7350000000001
2025-09-07,ORD013721,CUST02826,P014,Keyboard,Electronics,Hyderabad,Store,Credit Card,1,2312.93,0.15,2312.93,1965.99,1,-98.3,2025,9,September,Sunday,2312.93,1965.9904999999999
2025-09-07,ORD013693,CUST00630,P003,Headphones,Electronics,Surat,Online,Credit Card,5,4825.85,0.0,24129.25,24129.25,0,6746.05,2025,9,September,Sunday,24129.25,24129.25
2025-09-07,ORD033908,CUST04491,P016,Sofa,Furniture,Chennai,Store,UPI,2,34376.35,0.25,68752.7,51564.52,0,11632.9,2025,9,September,Sunday,68752.7,51564.524999999994
2025-09-07,ORD002135,CUST02451,P002,Smartphone,Electronics,Ahmedabad,Store,UPI,2,27295.87,0.1,54591.74,49132.57,0,10164.81,2025,9,September,Sunday,54591.74,49132.566
2025-09-07,ORD023112,CUST00199,P002,Smartphone,Electronics,Delhi,Online,Credit Card,2,29179.32,0.1,58358.64,52522.78,0,12923.11,2025,9,September,Sunday,58358.64,52522.776
2025-09-07,ORD003189,CUST01426,P007,Backpack,Accessories,Chennai,Online,UPI,1,2380.71,0.05,2380.71,2261.67,0,298.51,2025,9,September,Sunday,2380.71,2261.6745
2025-09-07,ORD049105,CUST03263,P007,Backpack,Accessories,Bengaluru,Store,UPI,1,2206.18,0.2,2206.18,1764.94,0,260.52,2025,9,September,Sunday,2206.18,1764.944
2025-09-07,ORD036771,CUST04748,P013,Monitor,Electronics,Surat,Online,Debit Card,1,18189.79,0.2,18189.79,14551.83,0,2959.02,2025,9,September,Sunday,18189.79,14551.832000000002
2025-09-07,ORD012534,CUST00555,P019,Vacuum Cleaner,Home,Jaipur,Online,Credit Card,2,9639.38,0.15,19278.76,16386.95,0,2201.58,2025,9,September,Sunday,19278.76,16386.946
2025-09-07,ORD008380,CUST02765,P006,Desk,Furniture,Jaipur,Online,Credit Card,1,11133.04,0.1,11133.04,10019.74,1,-500.99,2025,9,September,Sunday,11133.04,10019.736
2025-09-07,ORD004387,CUST04869,P008,Running Shoes,Fashion,Pune,Online,Credit Card,1,3844.81,0.1,3844.81,3460.33,0,340.46,2025,9,September,Sunday,3844.81,3460.329
2025-09-07,ORD006894,CUST02088,P020,Microwave,Home,Kolkata,Store,Debit Card,1,11901.03,0.1,11901.03,10710.93,0,2525.46,2025,9,September,Sunday,11901.03,10710.927000000001
2025-09-07,ORD006892,CUST01452,P004,Smartwatch,Electronics,Mumbai,Online,Credit Card,2,6459.19,0.05,12918.38,12272.46,0,3335.52,2025,9,September,Sunday,12918.38,12272.461
2025-09-08,ORD000915,CUST02180,P018,Jacket,Fashion,Pune,Store,UPI,1,5370.25,0.1,5370.25,4833.23,0,1055.01,2025,9,September,Monday,5370.25,4833.225
2025-09-08,ORD031810,CUST04820,P014,Keyboard,Electronics,Mumbai,Store,UPI,3,2451.36,0.15,7354.08,6250.97,0,721.08,2025,9,September,Monday,7354.08,6250.968
2025-09-08,ORD016026,CUST02636,P019,Vacuum Cleaner,Home,Hyderabad,Store,UPI,1,8248.35,0.05,8248.35,7835.93,1,-391.8,2025,9,September,Monday,8248.35,7835.9325
2025-09-08,ORD038097,CUST01842,P010,Coffee Maker,Home,Bengaluru,Online,Debit Card,1,5271.58,0.2,5271.58,4217.26,0,695.19,2025,9,September,Monday,5271.58,4217.264
2025-09-08,ORD013279,CUST01360,P011,Mixer Grinder,Home,Chennai,Online,Net Banking,1,4796.92,0.05,4796.92,4557.07,0,470.58,2025,9,September,Monday,4796.92,4557.074
2025-09-08,ORD022699,CUST04190,P017,Jeans,Fashion,Hyderabad,Online,Credit Card,4,2736.68,0.2,10946.72,8757.38,0,1906.13,2025,9,September,Monday,10946.72,8757.376
2025-09-08,ORD008420,CUST03496,P019,Vacuum Cleaner,Home,Chennai,Online,Debit Card,2,9707.27,0.05,19414.54,18443.81,0,2727.02,2025,9,September,Monday,19414.54,18443.813
2025-09-08,ORD010444,CUST00126,P006,Desk,Furniture,Chennai,Store,Debit Card,2,11232.03,0.15,22464.06,19094.45,0,3811.61,2025,9,September,Monday,22464.06,19094.451
2025-09-08,ORD027922,CUST04251,P004,Smartwatch,Electronics,Kolkata,Online,UPI,1,6641.33,0.1,6641.33,5977.2,0,1382.43,2025,9,September,Monday,6641.33,5977.197
2025-09-08,ORD038085,CUST00212,P013,Monitor,Electronics,Ahmedabad,Store,UPI,2,19679.37,0.15,39358.74,33454.93,0,8210.66,2025,9,September,Monday,39358.74,33454.929
2025-09-08,ORD048583,CUST00035,P010,Coffee Maker,Home,Chennai,Store,Credit Card,1,5208.12,0.0,5208.12,5208.12,0,741.71,2025,9,September,Monday,5208.12,5208.12
2025-09-08,ORD046055,CUST00516,P008,Running Shoes,Fashion,Hyderabad,Online,UPI,1,4402.98,0.2,4402.98,3522.38,0,462.53,2025,9,September,Monday,4402.98,3522.384
2025-09-08,ORD026773,CUST00896,P001,Laptop,Electronics,Jaipur,Store,Debit Card,1,63253.3,0.05,63253.3,60090.64,0,11467.86,2025,9,September,Monday,63253.3,60090.635
2025-09-08,ORD038379,CUST02019,P010,Coffee Maker,Home,Kolkata,Store,UPI,1,5697.09,0.15,5697.09,4842.53,0,291.81,2025,9,September,Monday,5697.09,4842.5265
2025-09-08,ORD039588,CUST00808,P001,Laptop,Electronics,Bengaluru,Store,UPI,1,67530.84,0.0,67530.84,67530.84,0,19758.0,2025,9,September,Monday,67530.84,67530.84
2025-09-08,ORD011674,CUST00075,P004,Smartwatch,Electronics,Pune,Store,Debit Card,4,6993.67,0.05,27974.68,26575.95,0,6434.77,2025,9,September,Monday,27974.68,26575.946
2025-09-08,ORD046224,CUST02233,P003,Headphones,Electronics,Surat,Online,Debit Card,1,4089.69,0.1,4089.69,3680.72,0,735.85,2025,9,September,Monday,4089.69,3680.721
2025-09-08,ORD042599,CUST01833,P016,Sofa,Furniture,Delhi,Store,UPI,1,35059.51,0.1,35059.51,31553.56,0,6008.15,2025,9,September,Monday,35059.51,31553.559
2025-09-08,ORD016444,CUST00555,P001,Laptop,Electronics,Ahmedabad,Store,UPI,3,63674.33,0.1,191022.99,171920.69,0,47418.41,2025,9,September,Monday,191022.99,171920.691
2025-09-08,ORD047748,CUST03002,P006,Desk,Furniture,Bengaluru,Online,Credit Card,1,12828.94,0.05,12828.94,12187.49,1,-609.37,2025,9,September,Monday,12828.94,12187.493
2025-09-08,ORD021400,CUST04236,P005,Office Chair,Furniture,Mumbai,Online,UPI,4,9976.12,0.15,39904.48,33918.81,0,5838.16,2025,9,September,Monday,39904.48,33918.808000000005
2025-09-08,ORD016262,CUST01691,P002,Smartphone,Electronics,Pune,Store,UPI,3,28640.8,0.0,85922.4,85922.4,0,19896.62,2025,9,September,Monday,85922.4,85922.4
2025-09-08,ORD018262,CUST03508,P012,Air Fryer,Home,Hyderabad,Online,Debit Card,1,6984.99,0.1,6984.99,6286.49,0,953.57,2025,9,September,Monday,6984.99,6286.491
2025-09-08,ORD003876,CUST00566,P004,Smartwatch,Electronics,Kolkata,Online,Credit Card,1,7412.53,0.2,7412.53,5930.02,0,608.37,2025,9,September,Monday,7412.53,5930.024
2025-09-08,ORD018366,CUST02440,P011,Mixer Grinder,Home,Kolkata,Online,Debit Card,2,4873.85,0.05,9747.7,9260.32,1,-463.02,2025,9,September,Monday,9747.7,9260.315
2025-09-08,ORD034543,CUST00737,P011,Mixer Grinder,Home,Hyderabad,Online,Credit Card,2,4929.78,0.1,9859.56,8873.6,0,720.82,2025,9,September,Monday,9859.56,8873.604
2025-09-08,ORD038647,CUST02929,P018,Jacket,Fashion,Surat,Store,Credit Card,1,5405.7,0.1,5405.7,4865.13,0,639.76,2025,9,September,Monday,5405.7,4865.13
2025-09-08,ORD027372,CUST02391,P010,Coffee Maker,Home,Bengaluru,Store,Credit Card,2,5613.16,0.0,11226.32,11226.32,0,2906.29,2025,9,September,Monday,11226.32,11226.32
2025-09-08,ORD007551,CUST03173,P002,Smartphone,Electronics,Jaipur,Store,UPI,1,25424.82,0.15,25424.82,21611.1,0,4465.22,2025,9,September,Monday,25424.82,21611.096999999998
2025-09-08,ORD027593,CUST01276,P015,Dining Table,Furniture,Bengaluru,Online,UPI,4,21324.94,0.05,85299.76,81034.77,0,22182.65,2025,9,September,Monday,85299.76,81034.772
2025-09-08,ORD012075,CUST00951,P020,Microwave,Home,Ahmedabad,Store,Cash,1,10295.53,0.2,10295.53,8236.42,0,473.27,2025,9,September,Monday,10295.53,8236.424
2025-09-08,ORD046798,CUST03191,P019,Vacuum Cleaner,Home,Ahmedabad,Online,UPI,4,9591.44,0.0,38365.76,38365.76,0,5769.94,2025,9,September,Monday,38365.76,38365.76
2025-09-08,ORD048784,CUST04750,P018,Jacket,Fashion,Hyderabad,Store,UPI,1,5318.72,0.05,5318.72,5052.78,0,504.28,2025,9,September,Monday,5318.72,5052.784
2025-09-08,ORD006502,CUST02642,P006,Desk,Furniture,Bengaluru,Online,Credit Card,1,12410.27,0.0,12410.27,12410.27,0,1045.99,2025,9,September,Monday,12410.27,12410.27
2025-09-08,ORD049915,CUST02506,P009,T-Shirt,Fashion,Mumbai,Store,Credit Card,2,1212.96,0.2,2425.92,1940.74,0,380.45,2025,9,September,Monday,2425.92,1940.736
2025-09-08,ORD019297,CUST03388,P008,Running Shoes,Fashion,Hyderabad,Store,UPI,3,4307.79,0.05,12923.37,12277.2,0,2567.13,2025,9,September,Monday,12923.369999999999,12277.201500000001
2025-09-08,ORD022075,CUST01413,P019,Vacuum Cleaner,Home,Ahmedabad,Store,UPI,2,9744.49,0.05,19488.98,18514.53,0,3128.92,2025,9,September,Monday,19488.98,18514.531
2025-09-08,ORD037511,CUST00061,P018,Jacket,Fashion,Surat,Online,UPI,2,5687.87,0.05,11375.74,10806.95,0,1038.42,2025,9,September,Monday,11375.74,10806.953
2025-09-08,ORD024102,CUST01937,P019,Vacuum Cleaner,Home,Delhi,Online,UPI,2,8423.04,0.15,16846.08,14319.17,0,2101.66,2025,9,September,Monday,16846.08,14319.168000000001
2025-09-08,ORD025445,CUST01983,P015,Dining Table,Furniture,Chennai,Online,Credit Card,4,22399.79,0.0,89599.16,89599.16,0,12805.02,2025,9,September,Monday,89599.16,89599.16
2025-09-08,ORD027549,CUST01315,P004,Smartwatch,Electronics,Ahmedabad,Online,Cash,2,6317.06,0.15,12634.12,10739.0,0,998.18,2025,9,September,Monday,12634.12,10739.002
2025-09-08,ORD040472,CUST03391,P014,Keyboard,Electronics,Jaipur,Online,UPI,3,2598.34,0.1,7795.02,7015.52,0,1399.4,2025,9,September,Monday,7795.02,7015.518000000001
2025-09-08,ORD006398,CUST04103,P007,Backpack,Accessories,Kolkata,Store,Net Banking,1,2261.76,0.0,2261.76,2261.76,0,340.45,2025,9,September,Monday,2261.76,2261.76
2025-09-08,ORD039137,CUST03552,P007,Backpack,Accessories,Surat,Online,UPI,1,2121.75,0.0,2121.75,2121.75,0,389.44,2025,9,September,Monday,2121.75,2121.75
2025-09-08,ORD028176,CUST00805,P007,Backpack,Accessories,Pune,Online,Credit Card,1,2282.9,0.0,2282.9,2282.9,0,505.5,2025,9,September,Monday,2282.9,2282.9
2025-09-08,ORD034985,CUST03073,P009,T-Shirt,Fashion,Hyderabad,Store,Net Banking,1,1106.08,0.1,1106.08,995.47,0,182.98,2025,9,September,Monday,1106.08,995.472
2025-09-08,ORD041149,CUST00558,P004,Smartwatch,Electronics,Jaipur,Online,Credit Card,1,6352.94,0.15,6352.94,5400.0,0,700.03,2025,9,September,Monday,6352.94,5399.999
2025-09-08,ORD028916,CUST01738,P011,Mixer Grinder,Home,Pune,Store,UPI,2,4770.82,0.1,9541.64,8587.48,0,2347.62,2025,9,September,Monday,9541.64,8587.476
2025-09-08,ORD026570,CUST00441,P014,Keyboard,Electronics,Mumbai,Store,Credit Card,3,2346.96,0.0,7040.88,7040.88,0,1109.8,2025,9,September,Monday,7040.88,7040.88
2025-09-08,ORD026967,CUST03623,P006,Desk,Furniture,Pune,Online,Credit Card,2,11135.02,0.0,22270.04,22270.04,0,2038.45,2025,9,September,Monday,22270.04,22270.04
2025-09-08,ORD011320,CUST02138,P019,Vacuum Cleaner,Home,Surat,Online,UPI,4,9209.15,0.1,36836.6,33152.94,0,5816.25,2025,9,September,Monday,36836.6,33152.94
2025-09-08,ORD023293,CUST02586,P006,Desk,Furniture,Kolkata,Online,Credit Card,1,12256.59,0.1,12256.59,11030.93,0,3041.14,2025,9,September,Monday,12256.59,11030.931
2025-09-08,ORD032698,CUST00821,P016,Sofa,Furniture,Hyderabad,Online,Cash,2,37730.14,0.15,75460.28,64141.24,1,-3207.06,2025,9,September,Monday,75460.28,64141.238
2025-09-08,ORD004372,CUST01790,P018,Jacket,Fashion,Chennai,Store,UPI,1,5700.55,0.15,5700.55,4845.47,0,365.56,2025,9,September,Monday,5700.55,4845.4675
2025-09-08,ORD034689,CUST04557,P011,Mixer Grinder,Home,Surat,Store,UPI,5,4856.68,0.05,24283.4,23069.23,0,5544.93,2025,9,September,Monday,24283.4,23069.23
2025-09-08,ORD032207,CUST03407,P008,Running Shoes,Fashion,Mumbai,Store,Cash,1,4485.06,0.0,4485.06,4485.06,0,442.12,2025,9,September,Monday,4485.06,4485.06
2025-09-08,ORD010152,CUST02007,P013,Monitor,Electronics,Ahmedabad,Store,Credit Card,2,17174.9,0.1,34349.8,30914.82,0,4687.03,2025,9,September,Monday,34349.8,30914.820000000003
2025-09-08,ORD033817,CUST04645,P007,Backpack,Accessories,Mumbai,Store,Net Banking,2,2233.37,0.0,4466.74,4466.74,0,988.15,2025,9,September,Monday,4466.74,4466.74
2025-09-08,ORD046674,CUST02196,P015,Dining Table,Furniture,Bengaluru,Online,Debit Card,2,23304.64,0.1,46609.28,41948.35,0,3213.23,2025,9,September,Monday,46609.28,41948.352
2025-09-08,ORD023485,CUST04388,P018,Jacket,Fashion,Surat,Store,Credit Card,2,4794.89,0.05,9589.78,9110.29,0,1638.46,2025,9,September,Monday,9589.78,9110.291000000001
2025-09-08,ORD026211,CUST01841,P011,Mixer Grinder,Home,Ahmedabad,Online,UPI,1,5052.82,0.15,5052.82,4294.9,0,309.22,2025,9,September,Monday,5052.82,4294.897
2025-09-08,ORD047835,CUST02421,P014,Keyboard,Electronics,Hyderabad,Online,Credit Card,1,2575.81,0.15,2575.81,2189.44,0,149.51,2025,9,September,Monday,2575.81,2189.4384999999997
2025-09-08,ORD033348,CUST03171,P001,Laptop,Electronics,Surat,Online,UPI,1,66555.09,0.0,66555.09,66555.09,0,16213.88,2025,9,September,Monday,66555.09,66555.09
2025-09-08,ORD010075,CUST01782,P019,Vacuum Cleaner,Home,Surat,Online,Credit Card,1,9084.16,0.1,9084.16,8175.74,0,1727.53,2025,9,September,Monday,9084.16,8175.744
2025-09-09,ORD040035,CUST03968,P016,Sofa,Furniture,Hyderabad,Store,Cash,5,32952.23,0.1,164761.15,148285.04,0,32475.2,2025,9,September,Tuesday,164761.15000000002,148285.035
2025-09-09,ORD043639,CUST04817,P020,Microwave,Home,Ahmedabad,Store,Debit Card,1,10065.78,0.0,10065.78,10065.78,0,2602.8,2025,9,September,Tuesday,10065.78,10065.78
2025-09-09,ORD014603,CUST02439,P004,Smartwatch,Electronics,Chennai,Online,UPI,2,6908.71,0.05,13817.42,13126.55,0,2229.53,2025,9,September,Tuesday,13817.42,13126.548999999999
2025-09-09,ORD046903,CUST03600,P005,Office Chair,Furniture,Jaipur,Online,UPI,1,9804.78,0.0,9804.78,9804.78,0,2348.61,2025,9,September,Tuesday,9804.78,9804.78
2025-09-09,ORD049630,CUST02715,P003,Headphones,Electronics,Mumbai,Online,Credit Card,1,4062.48,0.05,4062.48,3859.36,0,863.32,2025,9,September,Tuesday,4062.48,3859.3559999999998
2025-09-09,ORD019971,CUST02856,P003,Headphones,Electronics,Surat,Store,UPI,1,4863.42,0.0,4863.42,4863.42,0,1207.95,2025,9,September,Tuesday,4863.42,4863.42
2025-09-09,ORD038805,CUST04956,P009,T-Shirt,Fashion,Bengaluru,Online,Credit Card,2,1159.11,0.0,2318.22,2318.22,0,226.91,2025,9,September,Tuesday,2318.22,2318.22
2025-09-09,ORD039020,CUST00093,P017,Jeans,Fashion,Delhi,Store,Credit Card,1,2755.24,0.05,2755.24,2617.48,0,213.35,2025,9,September,Tuesday,2755.24,2617.4779999999996
2025-09-09,ORD024246,CUST04830,P018,Jacket,Fashion,Ahmedabad,Online,UPI,3,4942.99,0.05,14828.97,14087.52,0,2093.48,2025,9,September,Tuesday,14828.97,14087.521499999999
2025-09-09,ORD009023,CUST01361,P004,Smartwatch,Electronics,Jaipur,Store,UPI,1,6742.2,0.25,6742.2,5056.65,0,1248.88,2025,9,September,Tuesday,6742.2,5056.65
2025-09-09,ORD004712,CUST04863,P020,Microwave,Home,Ahmedabad,Store,Credit Card,3,11790.95,0.2,35372.85,28298.28,0,4972.64,2025,9,September,Tuesday,35372.850000000006,28298.28
2025-09-09,ORD000399,CUST02183,P011,Mixer Grinder,Home,Pune,Store,Debit Card,1,4579.82,0.1,4579.82,4121.84,0,1147.39,2025,9,September,Tuesday,4579.82,4121.838
2025-09-09,ORD016609,CUST04346,P017,Jeans,Fashion,Chennai,Online,Net Banking,1,2757.46,0.15,2757.46,2343.84,0,173.59,2025,9,September,Tuesday,2757.46,2343.841
2025-09-09,ORD003812,CUST03895,P005,Office Chair,Furniture,Pune,Online,Credit Card,2,9457.37,0.15,18914.74,16077.53,0,2978.75,2025,9,September,Tuesday,18914.74,16077.529
2025-09-09,ORD012695,CUST04132,P007,Backpack,Accessories,Kolkata,Store,UPI,4,2333.99,0.25,9335.96,7001.97,0,363.93,2025,9,September,Tuesday,9335.96,7001.969999999999
2025-09-09,ORD031985,CUST04001,P009,T-Shirt,Fashion,Hyderabad,Online,Credit Card,2,1173.43,0.1,2346.86,2112.17,0,462.37,2025,9,September,Tuesday,2346.86,2112.174
2025-09-09,ORD042737,CUST02045,P004,Smartwatch,Electronics,Mumbai,Online,UPI,2,6869.24,0.1,13738.48,12364.63,0,1238.4,2025,9,September,Tuesday,13738.48,12364.632
2025-09-09,ORD004238,CUST02673,P008,Running Shoes,Fashion,Bengaluru,Online,UPI,2,4165.01,0.05,8330.02,7913.52,0,2157.75,2025,9,September,Tuesday,8330.02,7913.519
2025-09-09,ORD028443,CUST03336,P001,Laptop,Electronics,Chennai,Online,Debit Card,1,67407.26,0.15,67407.26,57296.17,0,13315.88,2025,9,September,Tuesday,67407.26,57296.170999999995
2025-09-09,ORD033091,CUST04968,P015,Dining Table,Furniture,Jaipur,Store,Credit Card,1,21083.15,0.1,21083.15,18974.84,0,1691.59,2025,9,September,Tuesday,21083.15,18974.835000000003
2025-09-09,ORD018991,CUST02804,P006,Desk,Furniture,Surat,Online,UPI,1,11916.5,0.15,11916.5,10129.02,0,1576.24,2025,9,September,Tuesday,11916.5,10129.025
2025-09-09,ORD018959,CUST00123,P016,Sofa,Furniture,Mumbai,Store,Credit Card,1,36087.5,0.1,36087.5,32478.75,0,7179.3,2025,9,September,Tuesday,36087.5,32478.75
2025-09-09,ORD024189,CUST04447,P004,Smartwatch,Electronics,Ahmedabad,Online,UPI,3,6687.87,0.15,20063.61,17054.07,0,3559.67,2025,9,September,Tuesday,20063.61,17054.0685
2025-09-09,ORD042540,CUST01353,P017,Jeans,Fashion,Pune,Store,UPI,1,2936.35,0.1,2936.35,2642.72,0,418.69,2025,9,September,Tuesday,2936.35,2642.715
2025-09-09,ORD000512,CUST01389,P020,Microwave,Home,Surat,Online,Net Banking,1,10194.13,0.15,10194.13,8665.01,0,1865.69,2025,9,September,Tuesday,10194.13,8665.010499999999
2025-09-09,ORD009559,CUST01907,P003,Headphones,Electronics,Surat,Online,UPI,1,4378.55,0.1,4378.55,3940.7,0,393.36,2025,9,September,Tuesday,4378.55,3940.695
2025-09-09,ORD017273,CUST00192,P020,Microwave,Home,Surat,Online,Net Banking,2,11315.7,0.2,22631.4,18105.12,1,-905.26,2025,9,September,Tuesday,22631.4,18105.120000000003
2025-09-09,ORD030197,CUST00278,P004,Smartwatch,Electronics,Ahmedabad,Online,UPI,1,6740.42,0.1,6740.42,6066.38,0,883.5,2025,9,September,Tuesday,6740.42,6066.378000000001
2025-09-09,ORD017896,CUST00497,P010,Coffee Maker,Home,Delhi,Online,Cash,1,5566.53,0.0,5566.53,5566.53,0,1383.5,2025,9,September,Tuesday,5566.53,5566.53
2025-09-09,ORD007703,CUST00908,P012,Air Fryer,Home,Pune,Online,UPI,1,7702.76,0.0,7702.76,7702.76,0,1996.33,2025,9,September,Tuesday,7702.76,7702.76
2025-09-09,ORD021691,CUST04101,P003,Headphones,Electronics,Delhi,Online,Debit Card,5,4113.12,0.15,20565.6,17480.76,0,3251.44,2025,9,September,Tuesday,20565.6,17480.76
2025-09-09,ORD015848,CUST00964,P005,Office Chair,Furniture,Mumbai,Online,UPI,1,9600.41,0.1,9600.41,8640.37,1,-432.02,2025,9,September,Tuesday,9600.41,8640.369
2025-09-09,ORD005415,CUST03594,P014,Keyboard,Electronics,Jaipur,Store,Credit Card,1,2721.27,0.2,2721.27,2177.02,0,220.67,2025,9,September,Tuesday,2721.27,2177.016
2025-09-09,ORD036397,CUST02544,P011,Mixer Grinder,Home,Mumbai,Online,UPI,2,5147.4,0.05,10294.8,9780.06,0,1704.07,2025,9,September,Tuesday,10294.8,9780.06
2025-09-09,ORD045461,CUST00801,P012,Air Fryer,Home,Ahmedabad,Store,UPI,1,6668.91,0.1,6668.91,6002.02,0,883.86,2025,9,September,Tuesday,6668.91,6002.019
2025-09-09,ORD006047,CUST01299,P016,Sofa,Furniture,Pune,Online,Cash,1,36710.97,0.05,36710.97,34875.42,0,9148.09,2025,9,September,Tuesday,36710.97,34875.4215
2025-09-09,ORD007787,CUST03894,P002,Smartphone,Electronics,Jaipur,Store,Cash,1,30578.88,0.05,30578.88,29049.94,0,7315.04,2025,9,September,Tuesday,30578.88,29049.935999999998
2025-09-09,ORD046396,CUST01169,P007,Backpack,Accessories,Surat,Online,UPI,2,1988.93,0.15,3977.86,3381.18,0,803.5,2025,9,September,Tuesday,3977.86,3381.181
2025-09-09,ORD013706,CUST02879,P006,Desk,Furniture,Ahmedabad,Online,Credit Card,2,12464.71,0.15,24929.42,21190.01,0,5376.04,2025,9,September,Tuesday,24929.42,21190.006999999998
2025-09-09,ORD023885,CUST00725,P012,Air Fryer,Home,Hyderabad,Online,Cash,1,7266.89,0.0,7266.89,7266.89,0,2121.02,2025,9,September,Tuesday,7266.89,7266.89
2025-09-09,ORD031489,CUST01374,P007,Backpack,Accessories,Bengaluru,Store,Credit Card,1,2352.41,0.1,2352.41,2117.17,0,203.41,2025,9,September,Tuesday,2352.41,2117.169
2025-09-09,ORD030401,CUST01740,P011,Mixer Grinder,Home,Pune,Online,Debit Card,1,4361.28,0.05,4361.28,4143.22,0,1137.95,2025,9,September,Tuesday,4361.28,4143.215999999999
2025-09-09,ORD030322,CUST04726,P006,Desk,Furniture,Surat,Store,UPI,5,11302.89,0.15,56514.45,48037.28,0,3157.68,2025,9,September,Tuesday,56514.45,48037.282499999994
2025-09-09,ORD015717,CUST00701,P009,T-Shirt,Fashion,Ahmedabad,Online,UPI,1,1310.75,0.0,1310.75,1310.75,0,367.05,2025,9,September,Tuesday,1310.75,1310.75
2025-09-09,ORD006392,CUST02332,P019,Vacuum Cleaner,Home,Hyderabad,Online,UPI,2,8893.01,0.1,17786.02,16007.42,0,4136.49,2025,9,September,Tuesday,17786.02,16007.418000000001
2025-09-09,ORD044039,CUST02886,P009,T-Shirt,Fashion,Jaipur,Store,UPI,1,1140.29,0.1,1140.29,1026.26,0,94.99,2025,9,September,Tuesday,1140.29,1026.261
2025-09-09,ORD004970,CUST01443,P009,T-Shirt,Fashion,Bengaluru,Online,UPI,1,1225.58,0.0,1225.58,1225.58,0,149.17,2025,9,September,Tuesday,1225.58,1225.58
2025-09-09,ORD043909,CUST03466,P011,Mixer Grinder,Home,Bengaluru,Online,UPI,2,4773.08,0.1,9546.16,8591.54,0,911.97,2025,9,September,Tuesday,9546.16,8591.544
2025-09-09,ORD046732,CUST03674,P015,Dining Table,Furniture,Delhi,Online,Credit Card,3,23466.89,0.2,70400.67,56320.54,0,2270.77,2025,9,September,Tuesday,70400.67,56320.536
2025-09-09,ORD002536,CUST02252,P003,Headphones,Electronics,Delhi,Store,Credit Card,1,4614.45,0.15,4614.45,3922.28,0,688.46,2025,9,September,Tuesday,4614.45,3922.2825
2025-09-09,ORD025035,CUST01378,P018,Jacket,Fashion,Jaipur,Online,Debit Card,1,5091.27,0.05,5091.27,4836.71,0,867.14,2025,9,September,Tuesday,5091.27,4836.7065
2025-09-09,ORD004928,CUST00540,P007,Backpack,Accessories,Surat,Online,Credit Card,2,2297.05,0.0,4594.1,4594.1,0,715.71,2025,9,September,Tuesday,4594.1,4594.1
2025-09-09,ORD006973,CUST01033,P020,Microwave,Home,Hyderabad,Online,UPI,1,11824.59,0.1,11824.59,10642.13,0,1849.96,2025,9,September,Tuesday,11824.59,10642.131000000001
2025-09-09,ORD002231,CUST03171,P003,Headphones,Electronics,Kolkata,Store,Net Banking,1,4256.03,0.0,4256.03,4256.03,0,376.34,2025,9,September,Tuesday,4256.03,4256.03
2025-09-09,ORD031235,CUST02227,P012,Air Fryer,Home,Ahmedabad,Store,Credit Card,4,7537.83,0.0,30151.32,30151.32,0,2602.21,2025,9,September,Tuesday,30151.32,30151.32
2025-09-09,ORD030132,CUST00563,P004,Smartwatch,Electronics,Mumbai,Online,UPI,1,7006.34,0.1,7006.34,6305.71,0,764.96,2025,9,September,Tuesday,7006.34,6305.706
2025-09-09,ORD014556,CUST02226,P017,Jeans,Fashion,Mumbai,Online,Cash,2,3043.88,0.1,6087.76,5478.98,0,896.45,2025,9,September,Tuesday,6087.76,5478.984
2025-09-09,ORD027422,CUST02030,P012,Air Fryer,Home,Pune,Store,Credit Card,3,7553.52,0.2,22660.56,18128.45,0,2199.62,2025,9,September,Tuesday,22660.56,18128.448
2025-09-09,ORD034273,CUST04219,P019,Vacuum Cleaner,Home,Kolkata,Store,Net Banking,3,8117.44,0.1,24352.32,21917.09,0,3518.81,2025,9,September,Tuesday,24352.32,21917.088
2025-09-09,ORD025434,CUST03620,P015,Dining Table,Furniture,Pune,Store,Cash,2,21433.4,0.1,42866.8,38580.12,0,2512.37,2025,9,September,Tuesday,42866.8,38580.12
2025-09-09,ORD049884,CUST04558,P002,Smartphone,Electronics,Mumbai,Online,UPI,1,28083.65,0.0,28083.65,28083.65,0,5791.27,2025,9,September,Tuesday,28083.65,28083.65
2025-09-09,ORD033172,CUST02750,P005,Office Chair,Furniture,Mumbai,Online,UPI,1,10082.35,0.15,10082.35,8570.0,0,913.67,2025,9,September,Tuesday,10082.35,8569.9975
2025-09-09,ORD008788,CUST02249,P006,Desk,Furniture,Hyderabad,Online,Credit Card,1,11784.26,0.0,11784.26,11784.26,0,2013.03,2025,9,September,Tuesday,11784.26,11784.26
2025-09-10,ORD033676,CUST02686,P012,Air Fryer,Home,Pune,Online,Credit Card,3,7671.21,0.0,23013.63,23013.63,0,5019.5,2025,9,September,Wednesday,23013.63,23013.63
2025-09-10,ORD039721,CUST04842,P018,Jacket,Fashion,Mumbai,Online,Credit Card,1,4790.07,0.0,4790.07,4790.07,0,1121.34,2025,9,September,Wednesday,4790.07,4790.07
2025-09-10,ORD044933,CUST00833,P016,Sofa,Furniture,Ahmedabad,Online,Cash,1,35498.79,0.0,35498.79,35498.79,0,6621.87,2025,9,September,Wednesday,35498.79,35498.79
2025-09-10,ORD020794,CUST01109,P009,T-Shirt,Fashion,Hyderabad,Online,UPI,2,1282.98,0.0,2565.96,2565.96,0,321.64,2025,9,September,Wednesday,2565.96,2565.96
2025-09-10,ORD027552,CUST03967,P008,Running Shoes,Fashion,Hyderabad,Online,Credit Card,2,4359.73,0.1,8719.46,7847.51,0,515.12,2025,9,September,Wednesday,8719.46,7847.513999999999
2025-09-10,ORD002203,CUST04026,P014,Keyboard,Electronics,Mumbai,Online,Debit Card,1,2428.64,0.1,2428.64,2185.78,0,160.29,2025,9,September,Wednesday,2428.64,2185.776
2025-09-10,ORD016562,CUST00553,P003,Headphones,Electronics,Kolkata,Online,UPI,2,4883.04,0.05,9766.08,9277.78,0,1577.57,2025,9,September,Wednesday,9766.08,9277.776
2025-09-10,ORD041532,CUST04531,P012,Air Fryer,Home,Jaipur,Online,Credit Card,1,7756.19,0.1,7756.19,6980.57,0,987.1,2025,9,September,Wednesday,7756.19,6980.571
2025-09-10,ORD030164,CUST02377,P001,Laptop,Electronics,Kolkata,Online,UPI,1,67884.53,0.1,67884.53,61096.08,0,16714.14,2025,9,September,Wednesday,67884.53,61096.077
2025-09-10,ORD024232,CUST01114,P018,Jacket,Fashion,Surat,Online,UPI,1,5694.65,0.1,5694.65,5125.18,0,1229.12,2025,9,September,Wednesday,5694.65,5125.1849999999995
2025-09-10,ORD045031,CUST04729,P010,Coffee Maker,Home,Ahmedabad,Store,Cash,1,5329.84,0.05,5329.84,5063.35,0,775.56,2025,9,September,Wednesday,5329.84,5063.348
2025-09-10,ORD049687,CUST03628,P016,Sofa,Furniture,Surat,Store,UPI,1,34411.86,0.1,34411.86,30970.67,0,3367.54,2025,9,September,Wednesday,34411.86,30970.674000000003
2025-09-10,ORD004302,CUST04803,P002,Smartphone,Electronics,Surat,Store,Credit Card,4,29439.32,0.1,117757.28,105981.55,1,-5299.08,2025,9,September,Wednesday,117757.28,105981.552
2025-09-10,ORD016040,CUST04391,P004,Smartwatch,Electronics,Hyderabad,Online,Credit Card,4,6837.74,0.05,27350.96,25983.41,0,6535.68,2025,9,September,Wednesday,27350.96,25983.411999999997
2025-09-10,ORD027999,CUST01491,P006,Desk,Furniture,Hyderabad,Store,UPI,4,11601.9,0.2,46407.6,37126.08,0,1931.75,2025,9,September,Wednesday,46407.6,37126.08
2025-09-10,ORD034420,CUST03514,P017,Jeans,Fashion,Ahmedabad,Online,UPI,1,2893.74,0.15,2893.74,2459.68,0,417.52,2025,9,September,Wednesday,2893.74,2459.6789999999996
2025-09-10,ORD003966,CUST00643,P005,Office Chair,Furniture,Surat,Online,Net Banking,5,9529.0,0.1,47645.0,42880.5,0,9420.15,2025,9,September,Wednesday,47645.0,42880.5
2025-09-10,ORD020156,CUST01688,P010,Coffee Maker,Home,Delhi,Store,Net Banking,1,5158.88,0.2,5158.88,4127.1,0,455.51,2025,9,September,Wednesday,5158.88,4127.104
2025-09-10,ORD023785,CUST01893,P012,Air Fryer,Home,Hyderabad,Online,UPI,1,7171.33,0.0,7171.33,7171.33,0,596.66,2025,9,September,Wednesday,7171.33,7171.33
2025-09-10,ORD040474,CUST03228,P014,Keyboard,Electronics,Pune,Online,Credit Card,1,2311.26,0.15,2311.26,1964.57,1,-98.23,2025,9,September,Wednesday,2311.26,1964.5710000000001
2025-09-10,ORD033979,CUST01526,P006,Desk,Furniture,Delhi,Online,Credit Card,3,11739.92,0.0,35219.76,35219.76,0,5080.35,2025,9,September,Wednesday,35219.76,35219.76
2025-09-10,ORD000853,CUST03200,P019,Vacuum Cleaner,Home,Mumbai,Store,Credit Card,1,9710.28,0.05,9710.28,9224.77,0,2631.44,2025,9,September,Wednesday,9710.28,9224.766
2025-09-10,ORD040894,CUST00460,P007,Backpack,Accessories,Kolkata,Store,Debit Card,4,2401.6,0.25,9606.4,7204.8,0,288.19,2025,9,September,Wednesday,9606.4,7204.799999999999
2025-09-10,ORD040898,CUST00196,P013,Monitor,Electronics,Hyderabad,Online,UPI,1,18042.59,0.05,18042.59,17140.46,0,3690.44,2025,9,September,Wednesday,18042.59,17140.4605
2025-09-10,ORD010694,CUST01488,P019,Vacuum Cleaner,Home,Ahmedabad,Online,Credit Card,2,8272.83,0.0,16545.66,16545.66,0,3831.37,2025,9,September,Wednesday,16545.66,16545.66
2025-09-10,ORD028241,CUST03481,P018,Jacket,Fashion,Chennai,Online,Cash,1,4819.24,0.05,4819.24,4578.28,0,1202.07,2025,9,September,Wednesday,4819.24,4578.277999999999
2025-09-10,ORD030757,CUST04836,P012,Air Fryer,Home,Mumbai,Online,Cash,1,7383.21,0.25,7383.21,5537.41,0,1260.74,2025,9,September,Wednesday,7383.21,5537.4075
2025-09-10,ORD017371,CUST01429,P017,Jeans,Fashion,Chennai,Store,UPI,1,3020.93,0.15,3020.93,2567.79,0,309.53,2025,9,September,Wednesday,3020.93,2567.7904999999996
2025-09-10,ORD045532,CUST04860,P007,Backpack,Accessories,Mumbai,Online,Credit Card,2,2052.11,0.05,4104.22,3899.01,0,890.02,2025,9,September,Wednesday,4104.22,3899.009
2025-09-10,ORD025939,CUST03369,P006,Desk,Furniture,Kolkata,Store,UPI,2,12693.56,0.05,25387.12,24117.76,0,4694.94,2025,9,September,Wednesday,25387.12,24117.764
2025-09-10,ORD033863,CUST03040,P009,T-Shirt,Fashion,Chennai,Online,Credit Card,1,1308.44,0.15,1308.44,1112.17,0,58.5,2025,9,September,Wednesday,1308.44,1112.174
2025-09-10,ORD002962,CUST01210,P011,Mixer Grinder,Home,Surat,Online,UPI,1,4640.11,0.2,4640.11,3712.09,0,289.53,2025,9,September,Wednesday,4640.11,3712.0879999999997
2025-09-10,ORD020479,CUST02844,P018,Jacket,Fashion,Hyderabad,Store,UPI,4,5128.59,0.15,20514.36,17437.21,0,3230.54,2025,9,September,Wednesday,20514.36,17437.206
2025-09-10,ORD039831,CUST01868,P010,Coffee Maker,Home,Ahmedabad,Online,Net Banking,1,5876.18,0.15,5876.18,4994.75,0,261.15,2025,9,September,Wednesday,5876.18,4994.753
2025-09-10,ORD020550,CUST00034,P012,Air Fryer,Home,Ahmedabad,Store,Net Banking,1,7678.02,0.1,7678.02,6910.22,0,444.27,2025,9,September,Wednesday,7678.02,6910.218000000001
2025-09-10,ORD020819,CUST02967,P001,Laptop,Electronics,Bengaluru,Online,Net Banking,1,65371.57,0.1,65371.57,58834.41,0,6975.59,2025,9,September,Wednesday,65371.57,58834.413
2025-09-10,ORD043145,CUST04778,P011,Mixer Grinder,Home,Chennai,Online,Debit Card,1,4905.72,0.15,4905.72,4169.86,0,714.65,2025,9,September,Wednesday,4905.72,4169.862
2025-09-10,ORD036913,CUST04145,P006,Desk,Furniture,Surat,Online,UPI,1,11290.24,0.05,11290.24,10725.73,0,1937.0,2025,9,September,Wednesday,11290.24,10725.728
2025-09-10,ORD020923,CUST02089,P016,Sofa,Furniture,Ahmedabad,Online,Debit Card,2,34026.8,0.0,68053.6,68053.6,0,17819.0,2025,9,September,Wednesday,68053.6,68053.6
2025-09-10,ORD044021,CUST00211,P010,Coffee Maker,Home,Hyderabad,Store,Debit Card,1,4991.19,0.1,4991.19,4492.07,0,986.13,2025,9,September,Wednesday,4991.19,4492.071
2025-09-10,ORD016382,CUST01235,P002,Smartphone,Electronics,Pune,Online,Debit Card,1,30422.44,0.0,30422.44,30422.44,0,3257.79,2025,9,September,Wednesday,30422.44,30422.44
2025-09-10,ORD026300,CUST02524,P009,T-Shirt,Fashion,Surat,Online,UPI,1,1081.97,0.0,1081.97,1081.97,1,-54.1,2025,9,September,Wednesday,1081.97,1081.97
2025-09-10,ORD016371,CUST00194,P001,Laptop,Electronics,Delhi,Store,Credit Card,1,65194.3,0.15,65194.3,55415.16,0,14425.86,2025,9,September,Wednesday,65194.3,55415.155
2025-09-10,ORD024173,CUST03612,P016,Sofa,Furniture,Chennai,Online,Credit Card,5,35774.08,0.0,178870.4,178870.4,0,39393.78,2025,9,September,Wednesday,178870.40000000002,178870.4
2025-09-10,ORD012751,CUST03027,P014,Keyboard,Electronics,Mumbai,Store,Credit Card,1,2585.15,0.0,2585.15,2585.15,0,516.28,2025,9,September,Wednesday,2585.15,2585.15
2025-09-10,ORD024975,CUST02649,P020,Microwave,Home,Bengaluru,Store,Net Banking,1,11357.39,0.15,11357.39,9653.78,0,2424.65,2025,9,September,Wednesday,11357.39,9653.7815
2025-09-10,ORD021605,CUST02973,P010,Coffee Maker,Home,Bengaluru,Online,UPI,1,5295.83,0.15,5295.83,4501.46,0,903.86,2025,9,September,Wednesday,5295.83,4501.4555
2025-09-10,ORD021671,CUST01988,P007,Backpack,Accessories,Surat,Online,Debit Card,1,2121.59,0.1,2121.59,1909.43,0,501.02,2025,9,September,Wednesday,2121.59,1909.4310000000003
2025-09-10,ORD010069,CUST01584,P015,Dining Table,Furniture,Jaipur,Store,Debit Card,2,24030.89,0.0,48061.78,48061.78,0,9241.64,2025,9,September,Wednesday,48061.78,48061.78
2025-09-10,ORD015265,CUST02008,P013,Monitor,Electronics,Jaipur,Store,UPI,1,19778.9,0.1,19778.9,17801.01,0,1678.04,2025,9,September,Wednesday,19778.9,17801.010000000002
2025-09-10,ORD028954,CUST04284,P020,Microwave,Home,Hyderabad,Online,UPI,3,11330.23,0.0,33990.69,33990.69,0,9341.85,2025,9,September,Wednesday,33990.69,33990.69
2025-09-10,ORD029688,CUST03992,P017,Jeans,Fashion,Bengaluru,Store,UPI,2,2864.02,0.1,5728.04,5155.24,0,609.06,2025,9,September,Wednesday,5728.04,5155.236
2025-09-10,ORD009927,CUST00320,P018,Jacket,Fashion,Delhi,Online,UPI,1,5429.27,0.05,5429.27,5157.81,0,635.17,2025,9,September,Wednesday,5429.27,5157.806500000001
2025-09-10,ORD018219,CUST04771,P002,Smartphone,Electronics,Pune,Online,Credit Card,1,28419.37,0.1,28419.37,25577.43,0,1644.37,2025,9,September,Wednesday,28419.37,25577.433
2025-09-10,ORD038173,CUST04478,P010,Coffee Maker,Home,Kolkata,Store,Cash,2,5885.99,0.1,11771.98,10594.78,0,1603.32,2025,9,September,Wednesday,11771.98,10594.782
2025-09-10,ORD013508,CUST02777,P017,Jeans,Fashion,Hyderabad,Online,UPI,1,3074.37,0.1,3074.37,2766.93,0,167.71,2025,9,September,Wednesday,3074.37,2766.933
2025-09-10,ORD024650,CUST04461,P005,Office Chair,Furniture,Chennai,Store,UPI,1,10127.6,0.0,10127.6,10127.6,0,2540.9,2025,9,September,Wednesday,10127.6,10127.6
2025-09-10,ORD046562,CUST01887,P010,Coffee Maker,Home,Jaipur,Online,Net Banking,1,5545.23,0.0,5545.23,5545.23,0,953.85,2025,9,September,Wednesday,5545.23,5545.23
2025-09-10,ORD012076,CUST01367,P012,Air Fryer,Home,Hyderabad,Store,UPI,2,6958.26,0.0,13916.52,13916.52,0,2337.64,2025,9,September,Wednesday,13916.52,13916.52
2025-09-10,ORD048534,CUST03248,P007,Backpack,Accessories,Hyderabad,Online,Credit Card,1,2395.0,0.15,2395.0,2035.75,0,352.5,2025,9,September,Wednesday,2395.0,2035.75
2025-09-10,ORD027752,CUST03932,P019,Vacuum Cleaner,Home,Delhi,Online,UPI,2,9333.77,0.25,18667.54,14000.66,0,560.03,2025,9,September,Wednesday,18667.54,14000.655
2025-09-10,ORD032908,CUST03816,P012,Air Fryer,Home,Pune,Store,Debit Card,1,7757.63,0.15,7757.63,6593.99,0,786.7,2025,9,September,Wednesday,7757.63,6593.9855
2025-09-10,ORD033092,CUST03546,P003,Headphones,Electronics,Pune,Online,UPI,1,4440.92,0.1,4440.92,3996.83,0,989.11,2025,9,September,Wednesday,4440.92,3996.828
2025-09-10,ORD019232,CUST04482,P006,Desk,Furniture,Hyderabad,Online,UPI,1,12884.3,0.0,12884.3,12884.3,0,2775.8,2025,9,September,Wednesday,12884.3,12884.3
2025-09-11,ORD012686,CUST00357,P018,Jacket,Fashion,Ahmedabad,Online,Credit Card,1,5249.35,0.05,5249.35,4986.88,1,-249.34,2025,9,September,Thursday,5249.35,4986.8825
2025-09-11,ORD037759,CUST00573,P007,Backpack,Accessories,Mumbai,Online,Cash,2,2149.75,0.15,4299.5,3654.58,0,953.31,2025,9,September,Thursday,4299.5,3654.575
2025-09-11,ORD032288,CUST01580,P004,Smartwatch,Electronics,Mumbai,Online,UPI,1,6713.88,0.1,6713.88,6042.49,0,1617.94,2025,9,September,Thursday,6713.88,6042.492
2025-09-11,ORD005215,CUST01954,P020,Microwave,Home,Mumbai,Store,Credit Card,1,11449.48,0.0,11449.48,11449.48,0,2946.21,2025,9,September,Thursday,11449.48,11449.48
2025-09-11,ORD041335,CUST02500,P002,Smartphone,Electronics,Pune,Online,UPI,4,30449.05,0.1,121796.2,109616.58,0,7668.9,2025,9,September,Thursday,121796.2,109616.58
2025-09-11,ORD041711,CUST01085,P008,Running Shoes,Fashion,Pune,Store,UPI,2,4262.07,0.2,8524.14,6819.31,0,1205.66,2025,9,September,Thursday,8524.14,6819.312
2025-09-11,ORD018098,CUST03330,P009,T-Shirt,Fashion,Ahmedabad,Online,UPI,3,1080.89,0.1,3242.67,2918.4,0,496.58,2025,9,September,Thursday,3242.67,2918.4030000000002
2025-09-11,ORD017007,CUST04808,P006,Desk,Furniture,Bengaluru,Store,UPI,2,10917.65,0.0,21835.3,21835.3,0,5949.91,2025,9,September,Thursday,21835.3,21835.3
2025-09-11,ORD008194,CUST03019,P015,Dining Table,Furniture,Kolkata,Store,Debit Card,5,20748.08,0.05,103740.4,98553.38,1,-4927.67,2025,9,September,Thursday,103740.40000000001,98553.37999999999
2025-09-11,ORD033354,CUST03166,P016,Sofa,Furniture,Delhi,Store,Credit Card,3,36737.71,0.1,110213.13,99191.82,0,23560.62,2025,9,September,Thursday,110213.13,99191.81700000001
2025-09-11,ORD024521,CUST01540,P014,Keyboard,Electronics,Mumbai,Online,Debit Card,2,2339.1,0.1,4678.2,4210.38,0,1082.04,2025,9,September,Thursday,4678.2,4210.38
2025-09-11,ORD007431,CUST02078,P010,Coffee Maker,Home,Chennai,Online,Credit Card,2,5847.85,0.2,11695.7,9356.56,0,2009.55,2025,9,September,Thursday,11695.7,9356.560000000001
2025-09-11,ORD004996,CUST00719,P013,Monitor,Electronics,Ahmedabad,Store,UPI,2,19471.81,0.2,38943.62,31154.9,0,5691.0,2025,9,September,Thursday,38943.62,31154.896000000004
2025-09-11,ORD001719,CUST03973,P012,Air Fryer,Home,Bengaluru,Store,Credit Card,5,6512.49,0.05,32562.45,30934.33,0,2344.65,2025,9,September,Thursday,32562.449999999997,30934.3275
2025-09-11,ORD034017,CUST04732,P009,T-Shirt,Fashion,Ahmedabad,Store,Cash,1,1081.19,0.0,1081.19,1081.19,0,173.72,2025,9,September,Thursday,1081.19,1081.19
2025-09-11,ORD027918,CUST00871,P004,Smartwatch,Electronics,Jaipur,Store,Credit Card,3,7194.84,0.15,21584.52,18346.84,0,4518.97,2025,9,September,Thursday,21584.52,18346.842
2025-09-11,ORD031008,CUST00503,P014,Keyboard,Electronics,Mumbai,Online,Net Banking,1,2506.97,0.05,2506.97,2381.62,0,662.28,2025,9,September,Thursday,2506.97,2381.6214999999997
2025-09-11,ORD006452,CUST01297,P001,Laptop,Electronics,Surat,Online,Cash,1,68479.71,0.1,68479.71,61631.74,0,9646.06,2025,9,September,Thursday,68479.71,61631.73900000001
2025-09-11,ORD031865,CUST00522,P020,Microwave,Home,Mumbai,Store,UPI,2,10561.87,0.0,21123.74,21123.74,0,6307.1,2025,9,September,Thursday,21123.74,21123.74
2025-09-11,ORD034315,CUST04200,P009,T-Shirt,Fashion,Hyderabad,Online,Cash,2,1282.8,0.0,2565.6,2565.6,0,553.23,2025,9,September,Thursday,2565.6,2565.6
2025-09-11,ORD019102,CUST04699,P007,Backpack,Accessories,Ahmedabad,Online,Cash,1,2169.83,0.1,2169.83,1952.85,0,288.43,2025,9,September,Thursday,2169.83,1952.847
2025-09-11,ORD043679,CUST01475,P007,Backpack,Accessories,Mumbai,Online,Net Banking,2,2259.76,0.05,4519.52,4293.54,0,470.6,2025,9,September,Thursday,4519.52,4293.544
2025-09-11,ORD001575,CUST02583,P002,Smartphone,Electronics,Surat,Store,Credit Card,1,30149.71,0.15,30149.71,25627.25,0,6545.09,2025,9,September,Thursday,30149.71,25627.2535
2025-09-11,ORD047120,CUST03815,P002,Smartphone,Electronics,Mumbai,Online,Credit Card,2,26845.49,0.0,53690.98,53690.98,0,6595.31,2025,9,September,Thursday,53690.98,53690.98
2025-09-11,ORD015373,CUST02168,P002,Smartphone,Electronics,Surat,Online,Cash,5,27750.88,0.05,138754.4,131816.68,0,13781.84,2025,9,September,Thursday,138754.4,131816.68
2025-09-11,ORD007840,CUST01728,P001,Laptop,Electronics,Ahmedabad,Store,Debit Card,2,62772.32,0.1,125544.64,112990.18,0,21401.11,2025,9,September,Thursday,125544.64,112990.176
2025-09-11,ORD032629,CUST04968,P001,Laptop,Electronics,Delhi,Store,Cash,3,59205.83,0.0,177617.49,177617.49,0,16107.37,2025,9,September,Thursday,177617.49,177617.49
2025-09-11,ORD031163,CUST00504,P013,Monitor,Electronics,Bengaluru,Online,Credit Card,3,19608.94,0.0,58826.82,58826.82,0,13903.72,2025,9,September,Thursday,58826.81999999999,58826.82
2025-09-11,ORD029034,CUST03315,P006,Desk,Furniture,Delhi,Online,UPI,1,12672.12,0.05,12672.12,12038.51,0,2587.29,2025,9,September,Thursday,12672.12,12038.514000000001
2025-09-11,ORD022983,CUST04201,P014,Keyboard,Electronics,Delhi,Store,Credit Card,1,2393.9,0.1,2393.9,2154.51,0,347.2,2025,9,September,Thursday,2393.9,2154.51
2025-09-11,ORD008347,CUST01935,P009,T-Shirt,Fashion,Mumbai,Online,UPI,1,1118.38,0.15,1118.38,950.62,0,143.57,2025,9,September,Thursday,1118.38,950.623
2025-09-11,ORD041028,CUST01017,P007,Backpack,Accessories,Ahmedabad,Store,Credit Card,1,2395.99,0.1,2395.99,2156.39,0,502.3,2025,9,September,Thursday,2395.99,2156.391
2025-09-11,ORD023963,CUST01864,P019,Vacuum Cleaner,Home,Kolkata,Store,Credit Card,4,8374.49,0.1,33497.96,30148.16,0,5014.8,2025,9,September,Thursday,33497.96,30148.164
2025-09-11,ORD047340,CUST03500,P005,Office Chair,Furniture,Chennai,Store,UPI,1,10283.79,0.2,10283.79,8227.03,0,1587.04,2025,9,September,Thursday,10283.79,8227.032000000001
2025-09-11,ORD022301,CUST03177,P006,Desk,Furniture,Kolkata,Online,Credit Card,4,10940.99,0.1,43763.96,39387.56,0,4176.45,2025,9,September,Thursday,43763.96,39387.564
2025-09-11,ORD029851,CUST01330,P012,Air Fryer,Home,Delhi,Online,Debit Card,1,7707.13,0.15,7707.13,6551.06,0,1558.42,2025,9,September,Thursday,7707.13,6551.0605
2025-09-11,ORD031530,CUST01646,P004,Smartwatch,Electronics,Kolkata,Online,Cash,3,7453.14,0.1,22359.42,20123.48,0,2748.89,2025,9,September,Thursday,22359.420000000002,20123.478
2025-09-11,ORD036714,CUST04884,P014,Keyboard,Electronics,Delhi,Online,UPI,1,2687.56,0.05,2687.56,2553.18,0,626.03,2025,9,September,Thursday,2687.56,2553.182
2025-09-11,ORD007315,CUST00490,P004,Smartwatch,Electronics,Bengaluru,Online,UPI,1,6553.74,0.15,6553.74,5570.68,0,1220.38,2025,9,September,Thursday,6553.74,5570.679
2025-09-11,ORD029735,CUST02528,P013,Monitor,Electronics,Bengaluru,Store,Credit Card,1,18964.95,0.25,18964.95,14223.71,0,2225.93,2025,9,September,Thursday,18964.95,14223.712500000001
2025-09-11,ORD002296,CUST02398,P001,Laptop,Electronics,Pune,Store,Credit Card,1,71056.51,0.05,71056.51,67503.68,0,18115.42,2025,9,September,Thursday,71056.51,67503.68449999999
2025-09-11,ORD017776,CUST02425,P003,Headphones,Electronics,Bengaluru,Online,UPI,1,4855.43,0.1,4855.43,4369.89,0,282.28,2025,9,September,Thursday,4855.43,4369.887000000001
2025-09-11,ORD008331,CUST02620,P010,Coffee Maker,Home,Bengaluru,Online,UPI,1,5780.72,0.15,5780.72,4913.61,0,652.44,2025,9,September,Thursday,5780.72,4913.612
2025-09-11,ORD033757,CUST04435,P007,Backpack,Accessories,Bengaluru,Online,Cash,2,2414.43,0.25,4828.86,3621.64,0,533.05,2025,9,September,Thursday,4828.86,3621.6449999999995
2025-09-11,ORD010136,CUST00047,P001,Laptop,Electronics,Pune,Store,Credit Card,1,64669.57,0.0,64669.57,64669.57,0,6606.59,2025,9,September,Thursday,64669.57,64669.57
2025-09-11,ORD014447,CUST03910,P015,Dining Table,Furniture,Ahmedabad,Online,UPI,5,21365.78,0.15,106828.9,90804.56,0,15427.82,2025,9,September,Thursday,106828.9,90804.56499999999
2025-09-11,ORD041490,CUST03740,P020,Microwave,Home,Delhi,Online,UPI,5,10446.06,0.0,52230.3,52230.3,0,6297.1,2025,9,September,Thursday,52230.299999999996,52230.3
2025-09-11,ORD017944,CUST02119,P011,Mixer Grinder,Home,Hyderabad,Store,Cash,1,5030.16,0.0,5030.16,5030.16,0,1377.22,2025,9,September,Thursday,5030.16,5030.16
2025-09-11,ORD013588,CUST01390,P008,Running Shoes,Fashion,Delhi,Store,UPI,1,4543.49,0.2,4543.49,3634.79,1,-181.74,2025,9,September,Thursday,4543.49,3634.792
2025-09-11,ORD004346,CUST03980,P008,Running Shoes,Fashion,Ahmedabad,Store,UPI,1,3841.91,0.2,3841.91,3073.53,0,292.2,2025,9,September,Thursday,3841.91,3073.5280000000002
2025-09-11,ORD027548,CUST03852,P010,Coffee Maker,Home,Kolkata,Online,UPI,1,5112.3,0.1,5112.3,4601.07,0,783.38,2025,9,September,Thursday,5112.3,4601.070000000001
2025-09-12,ORD047876,CUST00285,P003,Headphones,Electronics,Bengaluru,Online,UPI,1,4785.37,0.2,4785.37,3828.3,0,307.43,2025,9,September,Friday,4785.37,3828.2960000000003
2025-09-12,ORD023363,CUST01674,P006,Desk,Furniture,Jaipur,Store,UPI,2,11065.94,0.2,22131.88,17705.5,0,1363.03,2025,9,September,Friday,22131.88,17705.504
2025-09-12,ORD011204,CUST01539,P004,Smartwatch,Electronics,Pune,Store,Credit Card,2,7025.92,0.0,14051.84,14051.84,0,3102.41,2025,9,September,Friday,14051.84,14051.84
2025-09-12,ORD016740,CUST04200,P004,Smartwatch,Electronics,Surat,Store,UPI,2,7499.3,0.1,14998.6,13498.74,0,3260.6,2025,9,September,Friday,14998.6,13498.74
2025-09-12,ORD009887,CUST03652,P015,Dining Table,Furniture,Pune,Store,Debit Card,1,22072.67,0.1,22072.67,19865.4,0,2517.6,2025,9,September,Friday,22072.67,19865.403
2025-09-12,ORD020953,CUST03354,P006,Desk,Furniture,Jaipur,Store,UPI,2,11141.78,0.0,22283.56,22283.56,0,5912.84,2025,9,September,Friday,22283.56,22283.56
2025-09-12,ORD021188,CUST04664,P009,T-Shirt,Fashion,Jaipur,Online,Net Banking,1,1317.39,0.1,1317.39,1185.65,0,109.74,2025,9,September,Friday,1317.39,1185.651
2025-09-12,ORD015798,CUST00129,P018,Jacket,Fashion,Chennai,Store,Net Banking,3,5418.99,0.2,16256.97,13005.58,0,2580.14,2025,9,September,Friday,16256.97,13005.576000000001
2025-09-12,ORD004422,CUST01774,P002,Smartphone,Electronics,Surat,Online,Credit Card,3,29984.78,0.05,89954.34,85456.62,0,7094.13,2025,9,September,Friday,89954.34,85456.62299999999
2025-09-12,ORD043372,CUST00739,P017,Jeans,Fashion,Chennai,Online,Credit Card,3,2747.74,0.1,8243.22,7418.9,0,1250.5,2025,9,September,Friday,8243.22,7418.897999999999
2025-09-12,ORD047710,CUST03603,P008,Running Shoes,Fashion,Mumbai,Online,Debit Card,4,3826.85,0.1,15307.4,13776.66,0,2689.43,2025,9,September,Friday,15307.4,13776.66
2025-09-12,ORD031271,CUST01966,P006,Desk,Furniture,Surat,Online,UPI,2,11964.93,0.1,23929.86,21536.87,0,2024.75,2025,9,September,Friday,23929.86,21536.874
2025-09-12,ORD022236,CUST00879,P014,Keyboard,Electronics,Hyderabad,Online,UPI,1,2526.97,0.1,2526.97,2274.27,0,630.79,2025,9,September,Friday,2526.97,2274.2729999999997
2025-09-12,ORD031238,CUST04112,P011,Mixer Grinder,Home,Hyderabad,Online,Credit Card,2,4538.41,0.1,9076.82,8169.14,1,-408.46,2025,9,September,Friday,9076.82,8169.138
2025-09-12,ORD042589,CUST02661,P009,T-Shirt,Fashion,Bengaluru,Store,Credit Card,1,1215.34,0.15,1215.34,1033.04,0,200.01,2025,9,September,Friday,1215.34,1033.039
2025-09-12,ORD026381,CUST00890,P004,Smartwatch,Electronics,Mumbai,Store,UPI,1,7431.34,0.05,7431.34,7059.77,0,755.8,2025,9,September,Friday,7431.34,7059.773
2025-09-12,ORD028753,CUST02013,P019,Vacuum Cleaner,Home,Mumbai,Online,Net Banking,1,8524.6,0.15,8524.6,7245.91,0,1390.16,2025,9,September,Friday,8524.6,7245.91
2025-09-12,ORD007880,CUST03808,P014,Keyboard,Electronics,Chennai,Online,UPI,3,2429.0,0.05,7287.0,6922.65,0,1941.84,2025,9,September,Friday,7287.0,6922.65
2025-09-12,ORD031668,CUST03115,P003,Headphones,Electronics,Chennai,Online,UPI,2,4237.76,0.25,8475.52,6356.64,0,621.95,2025,9,September,Friday,8475.52,6356.64
2025-09-12,ORD034052,CUST00741,P015,Dining Table,Furniture,Hyderabad,Online,UPI,2,20933.72,0.2,41867.44,33493.95,0,8011.58,2025,9,September,Friday,41867.44,33493.952000000005
2025-09-12,ORD037048,CUST01432,P020,Microwave,Home,Hyderabad,Store,Cash,3,10357.84,0.1,31073.52,27966.17,0,6661.73,2025,9,September,Friday,31073.52,27966.168
2025-09-12,ORD001681,CUST01889,P009,T-Shirt,Fashion,Ahmedabad,Store,Credit Card,1,1131.66,0.1,1131.66,1018.49,0,80.11,2025,9,September,Friday,1131.66,1018.4940000000001
2025-09-12,ORD025973,CUST04952,P009,T-Shirt,Fashion,Delhi,Store,UPI,1,1265.12,0.0,1265.12,1265.12,0,197.47,2025,9,September,Friday,1265.12,1265.12
2025-09-12,ORD028115,CUST00670,P017,Jeans,Fashion,Mumbai,Online,Net Banking,1,2694.3,0.25,2694.3,2020.72,0,391.58,2025,9,September,Friday,2694.3,2020.7250000000001
2025-09-12,ORD047830,CUST04740,P014,Keyboard,Electronics,Hyderabad,Online,Credit Card,1,2276.24,0.05,2276.24,2162.43,0,512.51,2025,9,September,Friday,2276.24,2162.428
2025-09-12,ORD040544,CUST03225,P013,Monitor,Electronics,Kolkata,Online,UPI,3,18001.33,0.1,54003.99,48603.59,0,8154.01,2025,9,September,Friday,54003.990000000005,48603.591
2025-09-12,ORD040365,CUST04311,P004,Smartwatch,Electronics,Kolkata,Store,UPI,5,7458.61,0.15,37293.05,31699.09,0,4941.86,2025,9,September,Friday,37293.049999999996,31699.092500000002
2025-09-12,ORD002697,CUST03686,P018,Jacket,Fashion,Chennai,Store,UPI,2,5505.09,0.05,11010.18,10459.67,0,1059.23,2025,9,September,Friday,11010.18,10459.671
2025-09-12,ORD020362,CUST04799,P018,Jacket,Fashion,Mumbai,Online,Debit Card,1,4699.72,0.0,4699.72,4699.72,0,1230.65,2025,9,September,Friday,4699.72,4699.72
2025-09-12,ORD035432,CUST00458,P001,Laptop,Electronics,Mumbai,Online,Debit Card,5,67333.62,0.0,336668.1,336668.1,0,96532.55,2025,9,September,Friday,336668.1,336668.1
2025-09-12,ORD026094,CUST02063,P018,Jacket,Fashion,Ahmedabad,Online,Debit Card,1,5714.09,0.1,5714.09,5142.68,0,780.4,2025,9,September,Friday,5714.09,5142.6810000000005
2025-09-12,ORD031993,CUST02442,P009,T-Shirt,Fashion,Jaipur,Online,Cash,3,1240.08,0.05,3720.24,3534.23,0,969.73,2025,9,September,Friday,3720.24,3534.2279999999996
2025-09-12,ORD049433,CUST00941,P003,Headphones,Electronics,Kolkata,Store,Credit Card,1,4437.14,0.0,4437.14,4437.14,0,708.15,2025,9,September,Friday,4437.14,4437.14
2025-09-12,ORD045465,CUST04009,P018,Jacket,Fashion,Mumbai,Store,Net Banking,1,4749.51,0.15,4749.51,4037.08,0,589.59,2025,9,September,Friday,4749.51,4037.0835
2025-09-12,ORD006187,CUST01972,P001,Laptop,Electronics,Surat,Store,Debit Card,3,58783.47,0.0,176350.41,176350.41,0,41181.79,2025,9,September,Friday,176350.41,176350.41
2025-09-12,ORD044297,CUST00991,P019,Vacuum Cleaner,Home,Pune,Online,Debit Card,1,9286.37,0.1,9286.37,8357.73,0,1414.09,2025,9,September,Friday,9286.37,8357.733
2025-09-12,ORD045405,CUST01673,P012,Air Fryer,Home,Hyderabad,Online,UPI,1,7187.76,0.05,7187.76,6828.37,1,-341.42,2025,9,September,Friday,7187.76,6828.372
2025-09-12,ORD030583,CUST04146,P003,Headphones,Electronics,Kolkata,Store,Credit Card,2,4531.0,0.15,9062.0,7702.7,1,-385.14,2025,9,September,Friday,9062.0,7702.7
2025-09-12,ORD048192,CUST00762,P004,Smartwatch,Electronics,Bengaluru,Online,Debit Card,1,6867.71,0.0,6867.71,6867.71,0,1190.07,2025,9,September,Friday,6867.71,6867.71
2025-09-12,ORD029582,CUST03183,P017,Jeans,Fashion,Pune,Online,Debit Card,4,2623.25,0.05,10493.0,9968.35,1,-498.42,2025,9,September,Friday,10493.0,9968.35
2025-09-12,ORD049389,CUST04021,P017,Jeans,Fashion,Chennai,Store,Credit Card,4,3004.17,0.1,12016.68,10815.01,0,2022.8,2025,9,September,Friday,12016.68,10815.012
2025-09-12,ORD000991,CUST01792,P016,Sofa,Furniture,Ahmedabad,Store,UPI,4,36077.31,0.2,144309.24,115447.39,0,4753.5,2025,9,September,Friday,144309.24,115447.39199999999
2025-09-12,ORD026867,CUST02872,P005,Office Chair,Furniture,Jaipur,Online,UPI,3,8630.52,0.2,25891.56,20713.25,0,1671.28,2025,9,September,Friday,25891.56,20713.248000000003
2025-09-12,ORD026572,CUST03722,P001,Laptop,Electronics,Mumbai,Online,Debit Card,2,70730.74,0.0,141461.48,141461.48,0,23926.49,2025,9,September,Friday,141461.48,141461.48
2025-09-12,ORD030705,CUST04734,P009,T-Shirt,Fashion,Surat,Store,UPI,1,1147.77,0.0,1147.77,1147.77,0,194.33,2025,9,September,Friday,1147.77,1147.77
2025-09-12,ORD016553,CUST03949,P008,Running Shoes,Fashion,Surat,Online,UPI,4,4498.12,0.1,17992.48,16193.23,0,1651.95,2025,9,September,Friday,17992.48,16193.232
2025-09-12,ORD018916,CUST03693,P009,T-Shirt,Fashion,Hyderabad,Store,Debit Card,1,1096.59,0.1,1096.59,986.93,0,202.47,2025,9,September,Friday,1096.59,986.9309999999999
2025-09-12,ORD013827,CUST04944,P003,Headphones,Electronics,Jaipur,Store,Debit Card,1,4541.14,0.1,4541.14,4087.03,0,596.89,2025,9,September,Friday,4541.14,4087.0260000000003
2025-09-12,ORD038794,CUST01703,P002,Smartphone,Electronics,Delhi,Online,UPI,1,29037.49,0.2,29037.49,23229.99,0,1208.06,2025,9,September,Friday,29037.49,23229.992000000002
2025-09-12,ORD011884,CUST03974,P017,Jeans,Fashion,Jaipur,Online,Debit Card,3,2572.3,0.2,7716.9,6173.52,0,900.16,2025,9,September,Friday,7716.900000000001,6173.52
2025-09-12,ORD023200,CUST03953,P004,Smartwatch,Electronics,Ahmedabad,Online,Credit Card,1,7628.21,0.0,7628.21,7628.21,0,1672.77,2025,9,September,Friday,7628.21,7628.21
2025-09-12,ORD025147,CUST03346,P013,Monitor,Electronics,Mumbai,Online,Credit Card,3,19653.2,0.1,58959.6,53063.64,0,4767.05,2025,9,September,Friday,58959.600000000006,53063.64
2025-09-12,ORD002983,CUST03231,P007,Backpack,Accessories,Hyderabad,Store,Credit Card,3,2395.04,0.25,7185.12,5388.84,0,1222.54,2025,9,September,Friday,7185.12,5388.84
2025-09-12,ORD020286,CUST04681,P008,Running Shoes,Fashion,Ahmedabad,Online,Credit Card,3,4297.63,0.0,12892.89,12892.89,0,3416.56,2025,9,September,Friday,12892.89,12892.89
2025-09-12,ORD049466,CUST02434,P010,Coffee Maker,Home,Delhi,Online,Cash,2,5284.41,0.2,10568.82,8455.06,1,-422.75,2025,9,September,Friday,10568.82,8455.056
2025-09-12,ORD026558,CUST04043,P011,Mixer Grinder,Home,Pune,Online,UPI,1,4876.53,0.2,4876.53,3901.22,0,645.11,2025,9,September,Friday,4876.53,3901.224
2025-09-12,ORD028279,CUST04450,P007,Backpack,Accessories,Chennai,Online,Cash,1,2298.23,0.05,2298.23,2183.32,0,284.18,2025,9,September,Friday,2298.23,2183.3185
2025-09-12,ORD044390,CUST03945,P006,Desk,Furniture,Bengaluru,Online,UPI,1,12803.33,0.25,12803.33,9602.5,0,2386.05,2025,9,September,Friday,12803.33,9602.4975
2025-09-12,ORD015720,CUST00361,P009,T-Shirt,Fashion,Mumbai,Online,UPI,3,1250.23,0.15,3750.69,3188.09,0,332.03,2025,9,September,Friday,3750.69,3188.0865
2025-09-12,ORD023853,CUST01730,P008,Running Shoes,Fashion,Mumbai,Online,Cash,1,4123.02,0.1,4123.02,3710.72,0,435.57,2025,9,September,Friday,4123.02,3710.7180000000003
2025-09-12,ORD005318,CUST01003,P008,Running Shoes,Fashion,Chennai,Online,Credit Card,1,4443.37,0.1,4443.37,3999.03,0,1103.23,2025,9,September,Friday,4443.37,3999.033
2025-09-12,ORD002598,CUST02741,P009,T-Shirt,Fashion,Chennai,Online,UPI,2,1267.36,0.05,2534.72,2407.98,0,591.16,2025,9,September,Friday,2534.72,2407.984
2025-09-12,ORD037151,CUST03075,P008,Running Shoes,Fashion,Kolkata,Store,Credit Card,4,4094.0,0.15,16376.0,13919.6,0,846.2,2025,9,September,Friday,16376.0,13919.6
2025-09-12,ORD041057,CUST00514,P017,Jeans,Fashion,Kolkata,Online,Credit Card,3,2893.55,0.05,8680.65,8246.62,0,1718.58,2025,9,September,Friday,8680.650000000001,8246.617499999998
2025-09-12,ORD012766,CUST02559,P019,Vacuum Cleaner,Home,Jaipur,Online,UPI,1,9410.76,0.1,9410.76,8469.68,0,1563.5,2025,9,September,Friday,9410.76,8469.684000000001
2025-09-12,ORD027655,CUST04891,P004,Smartwatch,Electronics,Pune,Online,Credit Card,1,7031.37,0.1,7031.37,6328.23,0,1679.27,2025,9,September,Friday,7031.37,6328.233
2025-09-12,ORD047219,CUST02032,P003,Headphones,Electronics,Delhi,Store,UPI,1,4841.16,0.1,4841.16,4357.04,0,270.62,2025,9,September,Friday,4841.16,4357.044
2025-09-12,ORD016351,CUST02054,P008,Running Shoes,Fashion,Kolkata,Store,UPI,1,4063.6,0.0,4063.6,4063.6,0,736.42,2025,9,September,Friday,4063.6,4063.6
2025-09-12,ORD019326,CUST01335,P002,Smartphone,Electronics,Pune,Store,Net Banking,3,30797.4,0.1,92392.2,83152.98,0,17736.15,2025,9,September,Friday,92392.20000000001,83152.98
2025-09-12,ORD032339,CUST03731,P001,Laptop,Electronics,Mumbai,Online,UPI,4,62379.78,0.15,249519.12,212091.25,0,18914.05,2025,9,September,Friday,249519.12,212091.25199999998
2025-09-13,ORD002448,CUST04593,P011,Mixer Grinder,Home,Ahmedabad,Online,Credit Card,2,4878.26,0.15,9756.52,8293.04,0,1000.47,2025,9,September,Saturday,9756.52,8293.042
2025-09-13,ORD030808,CUST01731,P018,Jacket,Fashion,Jaipur,Online,Credit Card,4,5438.84,0.2,21755.36,17404.29,0,3333.4,2025,9,September,Saturday,21755.36,17404.288
2025-09-13,ORD020154,CUST02631,P007,Backpack,Accessories,Pune,Online,UPI,2,2041.42,0.0,4082.84,4082.84,0,1198.29,2025,9,September,Saturday,4082.84,4082.84
2025-09-13,ORD041328,CUST01729,P011,Mixer Grinder,Home,Chennai,Online,Credit Card,2,4496.95,0.1,8993.9,8094.51,0,952.15,2025,9,September,Saturday,8993.9,8094.51
2025-09-13,ORD003808,CUST01688,P016,Sofa,Furniture,Surat,Online,Debit Card,1,36728.59,0.1,36728.59,33055.73,0,5437.73,2025,9,September,Saturday,36728.59,33055.731
2025-09-13,ORD009632,CUST02628,P005,Office Chair,Furniture,Surat,Store,Credit Card,1,9067.48,0.15,9067.48,7707.36,0,1600.38,2025,9,September,Saturday,9067.48,7707.357999999999
2025-09-13,ORD047531,CUST04305,P020,Microwave,Home,Ahmedabad,Store,Credit Card,1,11159.16,0.05,11159.16,10601.2,0,2775.15,2025,9,September,Saturday,11159.16,10601.202
2025-09-13,ORD007435,CUST02852,P019,Vacuum Cleaner,Home,Kolkata,Store,Credit Card,1,9624.49,0.05,9624.49,9143.27,0,2053.51,2025,9,September,Saturday,9624.49,9143.2655
2025-09-13,ORD034502,CUST03720,P011,Mixer Grinder,Home,Mumbai,Online,Debit Card,2,4596.91,0.15,9193.82,7814.75,0,806.92,2025,9,September,Saturday,9193.82,7814.746999999999
2025-09-13,ORD002735,CUST02191,P010,Coffee Maker,Home,Pune,Store,UPI,5,5511.74,0.1,27558.7,24802.83,1,-1240.14,2025,9,September,Saturday,27558.699999999997,24802.83
2025-09-13,ORD017865,CUST00974,P016,Sofa,Furniture,Surat,Store,Debit Card,1,35206.16,0.1,35206.16,31685.54,0,8847.15,2025,9,September,Saturday,35206.16,31685.544000000005
2025-09-13,ORD016640,CUST03147,P013,Monitor,Electronics,Ahmedabad,Online,Debit Card,1,17522.87,0.05,17522.87,16646.73,0,2401.09,2025,9,September,Saturday,17522.87,16646.726499999997
2025-09-13,ORD012409,CUST03969,P016,Sofa,Furniture,Pune,Online,UPI,4,34153.72,0.0,136614.88,136614.88,0,16552.19,2025,9,September,Saturday,136614.88,136614.88
2025-09-13,ORD031146,CUST00603,P007,Backpack,Accessories,Mumbai,Store,Net Banking,2,2097.55,0.05,4195.1,3985.34,0,901.71,2025,9,September,Saturday,4195.1,3985.3450000000003
2025-09-13,ORD008696,CUST02705,P017,Jeans,Fashion,Ahmedabad,Store,Net Banking,1,2615.97,0.05,2615.97,2485.17,0,429.04,2025,9,September,Saturday,2615.97,2485.1714999999995
2025-09-13,ORD000317,CUST01201,P020,Microwave,Home,Surat,Online,UPI,3,10375.33,0.15,31125.99,26457.09,0,5899.9,2025,9,September,Saturday,31125.989999999998,26457.091500000002
2025-09-13,ORD003245,CUST03488,P006,Desk,Furniture,Chennai,Online,Debit Card,2,12368.92,0.05,24737.84,23500.95,0,5265.3,2025,9,September,Saturday,24737.84,23500.948
2025-09-13,ORD028008,CUST01286,P016,Sofa,Furniture,Jaipur,Store,UPI,1,33297.67,0.15,33297.67,28303.02,0,3448.99,2025,9,September,Saturday,33297.67,28303.0195
2025-09-13,ORD043825,CUST03625,P012,Air Fryer,Home,Bengaluru,Store,Credit Card,3,6910.38,0.1,20731.14,18658.03,0,2139.12,2025,9,September,Saturday,20731.14,18658.026
2025-09-13,ORD012144,CUST00134,P008,Running Shoes,Fashion,Chennai,Online,Credit Card,1,3968.89,0.0,3968.89,3968.89,0,512.61,2025,9,September,Saturday,3968.89,3968.89
2025-09-13,ORD011517,CUST01917,P015,Dining Table,Furniture,Hyderabad,Online,UPI,1,19802.58,0.2,19802.58,15842.06,0,838.8,2025,9,September,Saturday,19802.58,15842.064000000002
2025-09-13,ORD041606,CUST03493,P010,Coffee Maker,Home,Ahmedabad,Online,UPI,2,5509.23,0.05,11018.46,10467.54,1,-523.38,2025,9,September,Saturday,11018.46,10467.536999999998
2025-09-13,ORD004470,CUST01948,P010,Coffee Maker,Home,Bengaluru,Online,UPI,1,5252.53,0.15,5252.53,4464.65,0,589.85,2025,9,September,Saturday,5252.53,4464.6505
2025-09-13,ORD002899,CUST03787,P003,Headphones,Electronics,Surat,Store,Credit Card,2,4869.13,0.1,9738.26,8764.43,0,869.25,2025,9,September,Saturday,9738.26,8764.434000000001
2025-09-13,ORD019423,CUST04214,P004,Smartwatch,Electronics,Mumbai,Store,UPI,2,6791.7,0.1,13583.4,12225.06,0,2661.71,2025,9,September,Saturday,13583.4,12225.06
2025-09-13,ORD022102,CUST04044,P013,Monitor,Electronics,Surat,Online,Credit Card,3,18255.3,0.1,54765.9,49289.31,0,12197.09,2025,9,September,Saturday,54765.899999999994,49289.310000000005
2025-09-13,ORD013905,CUST01086,P005,Office Chair,Furniture,Surat,Store,UPI,1,9327.54,0.05,9327.54,8861.16,0,2275.98,2025,9,September,Saturday,9327.54,8861.163
2025-09-13,ORD017474,CUST04397,P016,Sofa,Furniture,Delhi,Online,Credit Card,1,38251.17,0.05,38251.17,36338.61,0,3521.48,2025,9,September,Saturday,38251.17,36338.6115
2025-09-13,ORD015564,CUST00203,P004,Smartwatch,Electronics,Hyderabad,Store,UPI,1,7508.96,0.05,7508.96,7133.51,0,1762.16,2025,9,September,Saturday,7508.96,7133.512
2025-09-13,ORD010607,CUST01612,P008,Running Shoes,Fashion,Jaipur,Store,Debit Card,2,3920.12,0.1,7840.24,7056.22,0,541.01,2025,9,September,Saturday,7840.24,7056.216
2025-09-13,ORD021067,CUST02234,P013,Monitor,Electronics,Mumbai,Online,Credit Card,1,17871.81,0.1,17871.81,16084.63,0,1051.94,2025,9,September,Saturday,17871.81,16084.629
2025-09-13,ORD031887,CUST02232,P011,Mixer Grinder,Home,Surat,Online,UPI,2,4483.95,0.0,8967.9,8967.9,0,1595.99,2025,9,September,Saturday,8967.9,8967.9
2025-09-13,ORD036286,CUST04200,P013,Monitor,Electronics,Surat,Online,Debit Card,1,16911.9,0.0,16911.9,16911.9,0,4041.33,2025,9,September,Saturday,16911.9,16911.9
2025-09-13,ORD005341,CUST03481,P006,Desk,Furniture,Ahmedabad,Online,Credit Card,2,11003.91,0.05,22007.82,20907.43,0,5962.27,2025,9,September,Saturday,22007.82,20907.429
2025-09-13,ORD005339,CUST01896,P012,Air Fryer,Home,Pune,Store,Credit Card,2,7629.87,0.1,15259.74,13733.77,0,3320.49,2025,9,September,Saturday,15259.74,13733.766
2025-09-13,ORD007286,CUST03148,P003,Headphones,Electronics,Surat,Online,UPI,2,4170.99,0.1,8341.98,7507.78,0,1560.28,2025,9,September,Saturday,8341.98,7507.782
2025-09-13,ORD044409,CUST00509,P015,Dining Table,Furniture,Ahmedabad,Store,Net Banking,1,22291.36,0.1,22291.36,20062.22,0,3071.52,2025,9,September,Saturday,22291.36,20062.224000000002
2025-09-13,ORD044405,CUST03431,P011,Mixer Grinder,Home,Mumbai,Online,Net Banking,1,4685.83,0.1,4685.83,4217.25,0,302.03,2025,9,September,Saturday,4685.83,4217.247
2025-09-13,ORD017209,CUST00593,P005,Office Chair,Furniture,Jaipur,Online,UPI,1,8615.47,0.25,8615.47,6461.6,0,1516.53,2025,9,September,Saturday,8615.47,6461.602499999999
2025-09-13,ORD041153,CUST02527,P015,Dining Table,Furniture,Mumbai,Online,Net Banking,1,21891.94,0.1,21891.94,19702.75,0,3995.27,2025,9,September,Saturday,21891.94,19702.746
2025-09-13,ORD049834,CUST03529,P002,Smartphone,Electronics,Chennai,Store,Debit Card,1,28255.45,0.0,28255.45,28255.45,0,6607.74,2025,9,September,Saturday,28255.45,28255.45
2025-09-13,ORD024872,CUST01696,P004,Smartwatch,Electronics,Pune,Online,UPI,2,6878.51,0.0,13757.02,13757.02,0,1359.17,2025,9,September,Saturday,13757.02,13757.02
2025-09-13,ORD013158,CUST04539,P014,Keyboard,Electronics,Bengaluru,Store,Credit Card,1,2530.76,0.15,2530.76,2151.15,0,266.35,2025,9,September,Saturday,2530.76,2151.146
2025-09-13,ORD043537,CUST02208,P019,Vacuum Cleaner,Home,Surat,Store,UPI,3,9822.15,0.05,29466.45,27993.13,0,5976.47,2025,9,September,Saturday,29466.449999999997,27993.1275
2025-09-13,ORD019107,CUST01987,P005,Office Chair,Furniture,Kolkata,Store,Net Banking,1,9114.76,0.0,9114.76,9114.76,1,-455.74,2025,9,September,Saturday,9114.76,9114.76
2025-09-13,ORD044575,CUST02991,P002,Smartphone,Electronics,Kolkata,Online,UPI,2,29778.74,0.1,59557.48,53601.73,0,5870.52,2025,9,September,Saturday,59557.48,53601.732
2025-09-13,ORD012267,CUST03838,P019,Vacuum Cleaner,Home,Chennai,Online,Credit Card,1,9328.85,0.2,9328.85,7463.08,0,795.11,2025,9,September,Saturday,9328.85,7463.080000000001
2025-09-13,ORD010090,CUST02300,P005,Office Chair,Furniture,Jaipur,Online,UPI,1,9895.44,0.1,9895.44,8905.9,0,978.85,2025,9,September,Saturday,9895.44,8905.896
2025-09-13,ORD013497,CUST00433,P018,Jacket,Fashion,Bengaluru,Store,UPI,3,4968.08,0.15,14904.24,12668.6,0,1795.3,2025,9,September,Saturday,14904.24,12668.604
2025-09-13,ORD033352,CUST00923,P009,T-Shirt,Fashion,Delhi,Online,Credit Card,1,1220.88,0.05,1220.88,1159.84,0,160.29,2025,9,September,Saturday,1220.88,1159.836
2025-09-13,ORD027012,CUST02363,P009,T-Shirt,Fashion,Delhi,Store,Net Banking,1,1093.84,0.05,1093.84,1039.15,0,148.78,2025,9,September,Saturday,1093.84,1039.148
2025-09-13,ORD044235,CUST04757,P008,Running Shoes,Fashion,Pune,Online,Credit Card,2,3886.5,0.1,7773.0,6995.7,0,1441.35,2025,9,September,Saturday,7773.0,6995.7
2025-09-13,ORD014070,CUST01943,P019,Vacuum Cleaner,Home,Kolkata,Store,UPI,1,9848.26,0.0,9848.26,9848.26,0,1383.59,2025,9,September,Saturday,9848.26,9848.26
2025-09-13,ORD013611,CUST04308,P006,Desk,Furniture,Kolkata,Store,UPI,1,12096.82,0.05,12096.82,11491.98,0,2880.56,2025,9,September,Saturday,12096.82,11491.979
2025-09-13,ORD019666,CUST04972,P007,Backpack,Accessories,Delhi,Online,Net Banking,1,2322.32,0.25,2322.32,1741.74,0,426.89,2025,9,September,Saturday,2322.32,1741.7400000000002
2025-09-13,ORD026844,CUST01002,P001,Laptop,Electronics,Delhi,Online,UPI,1,60207.19,0.05,60207.19,57196.83,0,5864.73,2025,9,September,Saturday,60207.19,57196.8305
2025-09-13,ORD011677,CUST02455,P020,Microwave,Home,Kolkata,Online,Credit Card,1,10670.59,0.15,10670.59,9070.0,0,2175.83,2025,9,September,Saturday,10670.59,9070.0015
2025-09-13,ORD008815,CUST03231,P011,Mixer Grinder,Home,Bengaluru,Online,Credit Card,4,5137.94,0.1,20551.76,18496.58,0,3502.6,2025,9,September,Saturday,20551.76,18496.584
2025-09-13,ORD045491,CUST04275,P019,Vacuum Cleaner,Home,Mumbai,Store,Debit Card,2,9056.23,0.15,18112.46,15395.59,0,1511.88,2025,9,September,Saturday,18112.46,15395.590999999999
2025-09-13,ORD004525,CUST04824,P017,Jeans,Fashion,Pune,Store,UPI,2,2568.04,0.1,5136.08,4622.47,0,1196.22,2025,9,September,Saturday,5136.08,4622.472
2025-09-13,ORD036589,CUST02589,P001,Laptop,Electronics,Delhi,Online,Debit Card,1,62223.55,0.15,62223.55,52890.02,0,7859.47,2025,9,September,Saturday,62223.55,52890.0175
2025-09-13,ORD008140,CUST02834,P001,Laptop,Electronics,Delhi,Online,Cash,1,65423.91,0.1,65423.91,58881.52,0,5552.58,2025,9,September,Saturday,65423.91,58881.51900000001
2025-09-13,ORD016153,CUST04175,P013,Monitor,Electronics,Ahmedabad,Online,Credit Card,2,19305.22,0.15,38610.44,32818.87,1,-1640.94,2025,9,September,Saturday,38610.44,32818.874
2025-09-13,ORD043858,CUST01722,P001,Laptop,Electronics,Pune,Online,UPI,5,61464.72,0.0,307323.6,307323.6,0,26698.3,2025,9,September,Saturday,307323.6,307323.6
2025-09-13,ORD026320,CUST01889,P011,Mixer Grinder,Home,Surat,Online,Credit Card,3,4498.79,0.0,13496.37,13496.37,0,3285.4,2025,9,September,Saturday,13496.369999999999,13496.37
2025-09-13,ORD045177,CUST02844,P007,Backpack,Accessories,Delhi,Store,UPI,3,2073.01,0.2,6219.03,4975.22,0,864.03,2025,9,September,Saturday,6219.030000000001,4975.224
2025-09-13,ORD038370,CUST00109,P012,Air Fryer,Home,Ahmedabad,Online,UPI,3,7612.5,0.0,22837.5,22837.5,0,5509.2,2025,9,September,Saturday,22837.5,22837.5
2025-09-13,ORD045454,CUST04943,P017,Jeans,Fashion,Chennai,Store,Debit Card,4,2930.13,0.1,11720.52,10548.47,0,2253.36,2025,9,September,Saturday,11720.52,10548.468
2025-09-13,ORD046127,CUST04406,P012,Air Fryer,Home,Surat,Online,UPI,3,6863.62,0.0,20590.86,20590.86,0,3476.75,2025,9,September,Saturday,20590.86,20590.86
2025-09-14,ORD002475,CUST03382,P003,Headphones,Electronics,Chennai,Online,Net Banking,1,4381.34,0.25,4381.34,3286.0,0,559.42,2025,9,September,Sunday,4381.34,3286.005
2025-09-14,ORD006704,CUST00637,P009,T-Shirt,Fashion,Jaipur,Online,Credit Card,1,1297.6,0.0,1297.6,1297.6,0,116.6,2025,9,September,Sunday,1297.6,1297.6
2025-09-14,ORD042783,CUST00148,P012,Air Fryer,Home,Mumbai,Store,UPI,4,6498.6,0.25,25994.4,19495.8,0,2455.78,2025,9,September,Sunday,25994.4,19495.800000000003
2025-09-14,ORD006108,CUST02202,P010,Coffee Maker,Home,Ahmedabad,Online,UPI,1,5576.12,0.05,5576.12,5297.31,1,-264.87,2025,9,September,Sunday,5576.12,5297.313999999999
2025-09-14,ORD047912,CUST03213,P011,Mixer Grinder,Home,Chennai,Store,Credit Card,1,4406.74,0.1,4406.74,3966.07,0,1039.13,2025,9,September,Sunday,4406.74,3966.066
2025-09-14,ORD002317,CUST00658,P014,Keyboard,Electronics,Ahmedabad,Online,Debit Card,1,2561.22,0.0,2561.22,2561.22,0,420.37,2025,9,September,Sunday,2561.22,2561.22
2025-09-14,ORD024528,CUST00573,P007,Backpack,Accessories,Ahmedabad,Online,UPI,1,2129.7,0.0,2129.7,2129.7,0,452.23,2025,9,September,Sunday,2129.7,2129.7
2025-09-14,ORD016884,CUST00247,P007,Backpack,Accessories,Delhi,Store,Cash,1,2176.95,0.0,2176.95,2176.95,0,507.19,2025,9,September,Sunday,2176.95,2176.95
2025-09-14,ORD026443,CUST03756,P001,Laptop,Electronics,Ahmedabad,Online,UPI,1,63358.96,0.0,63358.96,63358.96,0,7893.71,2025,9,September,Sunday,63358.96,63358.96
2025-09-14,ORD025746,CUST00540,P008,Running Shoes,Fashion,Mumbai,Online,UPI,1,4489.5,0.15,4489.5,3816.08,0,1024.03,2025,9,September,Sunday,4489.5,3816.075
2025-09-14,ORD027210,CUST02353,P001,Laptop,Electronics,Surat,Online,Debit Card,2,70254.59,0.25,140509.18,105381.88,0,23745.88,2025,9,September,Sunday,140509.18,105381.885
2025-09-14,ORD025136,CUST04099,P003,Headphones,Electronics,Pune,Online,Cash,2,4117.51,0.1,8235.02,7411.52,0,1555.96,2025,9,September,Sunday,8235.02,7411.518000000001
2025-09-14,ORD026628,CUST01768,P012,Air Fryer,Home,Jaipur,Store,Credit Card,2,6990.05,0.2,13980.1,11184.08,0,1131.31,2025,9,September,Sunday,13980.1,11184.080000000002
2025-09-14,ORD007461,CUST01521,P012,Air Fryer,Home,Bengaluru,Online,Cash,1,7204.06,0.1,7204.06,6483.65,0,565.5,2025,9,September,Sunday,7204.06,6483.654
2025-09-14,ORD020016,CUST04710,P016,Sofa,Furniture,Mumbai,Online,UPI,2,37445.13,0.15,74890.26,63656.72,0,9140.47,2025,9,September,Sunday,74890.26,63656.72099999999
2025-09-14,ORD025239,CUST03196,P011,Mixer Grinder,Home,Pune,Store,Cash,2,4905.94,0.2,9811.88,7849.5,0,979.58,2025,9,September,Sunday,9811.88,7849.504
2025-09-14,ORD038591,CUST04427,P016,Sofa,Furniture,Mumbai,Store,Credit Card,1,36746.37,0.0,36746.37,36746.37,0,5393.28,2025,9,September,Sunday,36746.37,36746.37
2025-09-14,ORD021002,CUST00740,P017,Jeans,Fashion,Surat,Online,Net Banking,1,2612.32,0.05,2612.32,2481.7,0,575.11,2025,9,September,Sunday,2612.32,2481.704
2025-09-14,ORD005447,CUST03361,P003,Headphones,Electronics,Kolkata,Online,UPI,4,4510.35,0.1,18041.4,16237.26,0,2333.04,2025,9,September,Sunday,18041.4,16237.260000000002
2025-09-14,ORD025246,CUST01426,P008,Running Shoes,Fashion,Delhi,Store,UPI,1,4162.71,0.0,4162.71,4162.71,0,602.18,2025,9,September,Sunday,4162.71,4162.71
2025-09-14,ORD008301,CUST04773,P020,Microwave,Home,Surat,Store,Debit Card,1,11366.97,0.15,11366.97,9661.92,0,2102.22,2025,9,September,Sunday,11366.97,9661.9245
2025-09-14,ORD036191,CUST04022,P006,Desk,Furniture,Kolkata,Store,UPI,1,11450.31,0.25,11450.31,8587.73,0,877.63,2025,9,September,Sunday,11450.31,8587.7325
2025-09-14,ORD017466,CUST01607,P009,T-Shirt,Fashion,Bengaluru,Online,Credit Card,3,1260.43,0.1,3781.29,3403.16,0,491.91,2025,9,September,Sunday,3781.29,3403.161
2025-09-14,ORD016834,CUST02169,P004,Smartwatch,Electronics,Mumbai,Store,UPI,2,7203.32,0.0,14406.64,14406.64,0,2401.75,2025,9,September,Sunday,14406.64,14406.64
2025-09-14,ORD035085,CUST01244,P012,Air Fryer,Home,Jaipur,Online,UPI,1,7786.13,0.1,7786.13,7007.52,0,1517.59,2025,9,September,Sunday,7786.13,7007.517
2025-09-14,ORD021227,CUST02333,P013,Monitor,Electronics,Chennai,Online,Debit Card,3,18126.08,0.1,54378.24,48940.42,0,3649.49,2025,9,September,Sunday,54378.240000000005,48940.416
2025-09-14,ORD027467,CUST00267,P017,Jeans,Fashion,Jaipur,Online,UPI,1,2637.81,0.2,2637.81,2110.25,0,167.96,2025,9,September,Sunday,2637.81,2110.248
2025-09-14,ORD000897,CUST01724,P019,Vacuum Cleaner,Home,Jaipur,Online,Net Banking,2,8227.84,0.1,16455.68,14810.11,0,3176.42,2025,9,September,Sunday,16455.68,14810.112000000001
2025-09-14,ORD025084,CUST01062,P005,Office Chair,Furniture,Kolkata,Online,UPI,5,9327.3,0.1,46636.5,41972.85,0,5304.66,2025,9,September,Sunday,46636.5,41972.85
2025-09-14,ORD032345,CUST00642,P019,Vacuum Cleaner,Home,Kolkata,Online,Debit Card,1,9156.47,0.1,9156.47,8240.82,0,859.09,2025,9,September,Sunday,9156.47,8240.823
2025-09-14,ORD009711,CUST04483,P002,Smartphone,Electronics,Kolkata,Online,Credit Card,1,30272.52,0.05,30272.52,28758.89,0,6312.47,2025,9,September,Sunday,30272.52,28758.894
2025-09-14,ORD018103,CUST03819,P014,Keyboard,Electronics,Surat,Online,Credit Card,1,2715.72,0.1,2715.72,2444.15,1,-122.21,2025,9,September,Sunday,2715.72,2444.1479999999997
2025-09-14,ORD036958,CUST00881,P007,Backpack,Accessories,Delhi,Online,Net Banking,1,1994.74,0.05,1994.74,1895.0,0,154.23,2025,9,September,Sunday,1994.74,1895.003
2025-09-14,ORD042566,CUST02049,P017,Jeans,Fashion,Delhi,Store,Cash,1,2900.06,0.25,2900.06,2175.04,0,146.42,2025,9,September,Sunday,2900.06,2175.045
2025-09-14,ORD044431,CUST03397,P004,Smartwatch,Electronics,Jaipur,Online,Credit Card,1,6896.84,0.2,6896.84,5517.47,0,813.01,2025,9,September,Sunday,6896.84,5517.472000000001
2025-09-14,ORD036617,CUST01668,P017,Jeans,Fashion,Hyderabad,Online,UPI,1,2907.65,0.25,2907.65,2180.74,0,148.93,2025,9,September,Sunday,2907.65,2180.7375
2025-09-14,ORD036069,CUST02963,P018,Jacket,Fashion,Ahmedabad,Online,Cash,2,5083.55,0.0,10167.1,10167.1,0,1740.65,2025,9,September,Sunday,10167.1,10167.1
2025-09-14,ORD033760,CUST02828,P013,Monitor,Electronics,Ahmedabad,Online,Credit Card,3,18023.85,0.1,54071.55,48664.4,0,12700.11,2025,9,September,Sunday,54071.549999999996,48664.395000000004
2025-09-14,ORD024225,CUST04177,P014,Keyboard,Electronics,Delhi,Online,Net Banking,1,2454.97,0.0,2454.97,2454.97,0,616.28,2025,9,September,Sunday,2454.97,2454.97
2025-09-14,ORD016782,CUST03194,P020,Microwave,Home,Kolkata,Store,Net Banking,1,10735.65,0.1,10735.65,9662.08,0,673.94,2025,9,September,Sunday,10735.65,9662.085
2025-09-14,ORD048049,CUST01226,P003,Headphones,Electronics,Jaipur,Store,Debit Card,1,4351.19,0.1,4351.19,3916.07,0,765.09,2025,9,September,Sunday,4351.19,3916.071
2025-09-14,ORD020811,CUST00155,P010,Coffee Maker,Home,Delhi,Online,Debit Card,1,5715.96,0.1,5715.96,5144.36,0,810.69,2025,9,September,Sunday,5715.96,5144.3640000000005
2025-09-14,ORD031601,CUST00907,P001,Laptop,Electronics,Surat,Online,UPI,2,59240.1,0.1,118480.2,106632.18,0,19723.21,2025,9,September,Sunday,118480.2,106632.18
2025-09-14,ORD011341,CUST02265,P010,Coffee Maker,Home,Delhi,Online,Credit Card,2,6048.94,0.1,12097.88,10888.09,0,2299.76,2025,9,September,Sunday,12097.88,10888.091999999999
2025-09-14,ORD035672,CUST01994,P019,Vacuum Cleaner,Home,Ahmedabad,Store,Credit Card,4,9658.35,0.1,38633.4,34770.06,0,8985.87,2025,9,September,Sunday,38633.4,34770.060000000005
2025-09-14,ORD043824,CUST00457,P012,Air Fryer,Home,Pune,Online,UPI,1,7850.96,0.2,7850.96,6280.77,0,1504.18,2025,9,September,Sunday,7850.96,6280.768
2025-09-14,ORD003772,CUST00970,P002,Smartphone,Electronics,Delhi,Online,UPI,5,25464.9,0.0,127324.5,127324.5,0,16260.89,2025,9,September,Sunday,127324.5,127324.5
2025-09-14,ORD048458,CUST01258,P016,Sofa,Furniture,Bengaluru,Store,UPI,1,34325.42,0.05,34325.42,32609.15,0,4296.02,2025,9,September,Sunday,34325.42,32609.148999999998
2025-09-14,ORD014812,CUST01715,P018,Jacket,Fashion,Surat,Online,UPI,1,5064.6,0.2,5064.6,4051.68,0,726.4,2025,9,September,Sunday,5064.6,4051.6800000000003
2025-09-14,ORD032520,CUST03928,P003,Headphones,Electronics,Pune,Store,UPI,1,4665.04,0.15,4665.04,3965.28,0,823.65,2025,9,September,Sunday,4665.04,3965.2839999999997
2025-09-14,ORD016054,CUST03336,P016,Sofa,Furniture,Surat,Store,UPI,1,33661.37,0.05,33661.37,31978.3,0,7289.33,2025,9,September,Sunday,33661.37,31978.3015
2025-09-14,ORD018798,CUST03041,P013,Monitor,Electronics,Mumbai,Store,UPI,2,17545.54,0.05,35091.08,33336.53,0,3156.42,2025,9,September,Sunday,35091.08,33336.526
2025-09-14,ORD047286,CUST04903,P017,Jeans,Fashion,Delhi,Store,UPI,3,2841.22,0.15,8523.66,7245.11,0,1173.9,2025,9,September,Sunday,8523.66,7245.111
2025-09-15,ORD005724,CUST01017,P012,Air Fryer,Home,Kolkata,Store,UPI,3,6631.22,0.05,19893.66,18898.98,0,3006.56,2025,9,September,Monday,19893.66,18898.977
2025-09-15,ORD033398,CUST00722,P004,Smartwatch,Electronics,Pune,Online,UPI,1,7623.67,0.15,7623.67,6480.12,0,1689.09,2025,9,September,Monday,7623.67,6480.1195
2025-09-15,ORD024662,CUST04221,P008,Running Shoes,Fashion,Delhi,Online,UPI,2,4418.86,0.0,8837.72,8837.72,0,859.83,2025,9,September,Monday,8837.72,8837.72
2025-09-15,ORD003921,CUST01321,P014,Keyboard,Electronics,Jaipur,Store,UPI,1,2511.19,0.1,2511.19,2260.07,0,305.29,2025,9,September,Monday,2511.19,2260.071
2025-09-15,ORD022634,CUST02039,P003,Headphones,Electronics,Pune,Online,Net Banking,1,4381.13,0.0,4381.13,4381.13,0,1241.56,2025,9,September,Monday,4381.13,4381.13
2025-09-15,ORD028509,CUST01273,P009,T-Shirt,Fashion,Pune,Online,Debit Card,1,1121.43,0.1,1121.43,1009.29,0,190.3,2025,9,September,Monday,1121.43,1009.287
2025-09-15,ORD025608,CUST03749,P008,Running Shoes,Fashion,Kolkata,Store,Credit Card,1,4255.03,0.1,4255.03,3829.53,0,495.76,2025,9,September,Monday,4255.03,3829.527
2025-09-15,ORD008165,CUST04078,P004,Smartwatch,Electronics,Delhi,Online,Net Banking,1,7071.85,0.2,7071.85,5657.48,0,1063.06,2025,9,September,Monday,7071.85,5657.4800000000005
2025-09-15,ORD031404,CUST03773,P009,T-Shirt,Fashion,Kolkata,Online,Debit Card,1,1285.18,0.1,1285.18,1156.66,0,164.96,2025,9,September,Monday,1285.18,1156.662
2025-09-15,ORD012430,CUST03262,P015,Dining Table,Furniture,Ahmedabad,Online,UPI,2,22106.88,0.15,44213.76,37581.7,0,9452.71,2025,9,September,Monday,44213.76,37581.696
2025-09-15,ORD014962,CUST03307,P014,Keyboard,Electronics,Pune,Store,UPI,1,2484.09,0.05,2484.09,2359.89,0,567.93,2025,9,September,Monday,2484.09,2359.8855
2025-09-15,ORD033667,CUST04736,P016,Sofa,Furniture,Mumbai,Online,UPI,1,35097.86,0.0,35097.86,35097.86,0,3385.74,2025,9,September,Monday,35097.86,35097.86
2025-09-15,ORD008051,CUST00319,P010,Coffee Maker,Home,Surat,Online,Debit Card,3,5815.01,0.1,17445.03,15700.53,0,1570.43,2025,9,September,Monday,17445.03,15700.527
2025-09-15,ORD009766,CUST03122,P018,Jacket,Fashion,Ahmedabad,Online,Credit Card,4,5578.49,0.05,22313.96,21198.26,0,2685.7,2025,9,September,Monday,22313.96,21198.262
2025-09-15,ORD005471,CUST02106,P016,Sofa,Furniture,Surat,Store,Credit Card,1,36874.11,0.15,36874.11,31342.99,0,8261.39,2025,9,September,Monday,36874.11,31342.9935
2025-09-15,ORD011614,CUST00873,P012,Air Fryer,Home,Ahmedabad,Store,UPI,2,7850.89,0.1,15701.78,14131.6,0,1824.16,2025,9,September,Monday,15701.78,14131.602
2025-09-15,ORD021040,CUST00341,P016,Sofa,Furniture,Jaipur,Store,Debit Card,4,33969.79,0.1,135879.16,122291.24,0,21491.3,2025,9,September,Monday,135879.16,122291.244
2025-09-15,ORD023551,CUST02765,P016,Sofa,Furniture,Pune,Online,UPI,1,36375.05,0.1,36375.05,32737.54,0,2242.08,2025,9,September,Monday,36375.05,32737.545000000002
2025-09-15,ORD021525,CUST00999,P016,Sofa,Furniture,Jaipur,Online,UPI,3,34655.86,0.2,103967.58,83174.06,0,11802.02,2025,9,September,Monday,103967.58,83174.06400000001
2025-09-15,ORD002042,CUST01239,P007,Backpack,Accessories,Mumbai,Online,Credit Card,1,2378.76,0.05,2378.76,2259.82,0,646.11,2025,9,September,Monday,2378.76,2259.822
2025-09-15,ORD022947,CUST00096,P005,Office Chair,Furniture,Surat,Online,Cash,1,10447.92,0.05,10447.92,9925.52,0,2297.6,2025,9,September,Monday,10447.92,9925.524
2025-09-15,ORD011237,CUST00431,P011,Mixer Grinder,Home,Mumbai,Online,UPI,2,4900.99,0.15,9801.98,8331.68,0,1829.63,2025,9,September,Monday,9801.98,8331.682999999999
2025-09-15,ORD037157,CUST03104,P012,Air Fryer,Home,Hyderabad,Online,Net Banking,2,7334.04,0.05,14668.08,13934.68,0,3262.82,2025,9,September,Monday,14668.08,13934.676
2025-09-15,ORD025548,CUST00934,P018,Jacket,Fashion,Kolkata,Online,Net Banking,1,4718.21,0.25,4718.21,3538.66,0,850.55,2025,9,September,Monday,4718.21,3538.6575000000003
2025-09-15,ORD010319,CUST00300,P005,Office Chair,Furniture,Delhi,Store,UPI,3,10311.13,0.1,30933.39,27840.05,0,3030.02,2025,9,September,Monday,30933.39,27840.051
2025-09-15,ORD030117,CUST02053,P014,Keyboard,Electronics,Bengaluru,Online,Debit Card,1,2330.74,0.1,2330.74,2097.67,0,264.35,2025,9,September,Monday,2330.74,2097.6659999999997
2025-09-15,ORD039257,CUST02145,P007,Backpack,Accessories,Hyderabad,Store,Net Banking,2,2326.38,0.1,4652.76,4187.48,0,256.63,2025,9,September,Monday,4652.76,4187.484
2025-09-15,ORD018191,CUST04203,P010,Coffee Maker,Home,Ahmedabad,Online,UPI,1,5131.02,0.1,5131.02,4617.92,0,914.09,2025,9,September,Monday,5131.02,4617.918000000001
2025-09-15,ORD008522,CUST01916,P016,Sofa,Furniture,Bengaluru,Store,Credit Card,1,35918.9,0.1,35918.9,32327.01,0,5014.31,2025,9,September,Monday,35918.9,32327.010000000002
2025-09-15,ORD011067,CUST04311,P006,Desk,Furniture,Mumbai,Online,UPI,2,13017.2,0.2,26034.4,20827.52,0,1485.66,2025,9,September,Monday,26034.4,20827.520000000004
2025-09-15,ORD027190,CUST02575,P020,Microwave,Home,Surat,Online,Cash,1,11365.52,0.2,11365.52,9092.42,0,1986.94,2025,9,September,Monday,11365.52,9092.416000000001
2025-09-15,ORD046314,CUST00555,P008,Running Shoes,Fashion,Kolkata,Online,Credit Card,1,4464.66,0.0,4464.66,4464.66,0,427.84,2025,9,September,Monday,4464.66,4464.66
2025-09-15,ORD027060,CUST02749,P015,Dining Table,Furniture,Pune,Online,Debit Card,1,21214.94,0.1,21214.94,19093.45,0,1423.01,2025,9,September,Monday,21214.94,19093.446
2025-09-15,ORD014294,CUST01247,P008,Running Shoes,Fashion,Jaipur,Online,Credit Card,1,4149.28,0.05,4149.28,3941.82,0,655.39,2025,9,September,Monday,4149.28,3941.8159999999993
2025-09-15,ORD008508,CUST04805,P009,T-Shirt,Fashion,Ahmedabad,Store,UPI,1,1194.52,0.15,1194.52,1015.34,0,192.96,2025,9,September,Monday,1194.52,1015.342
2025-09-15,ORD001671,CUST01870,P005,Office Chair,Furniture,Jaipur,Store,Credit Card,2,9243.81,0.0,18487.62,18487.62,0,2237.22,2025,9,September,Monday,18487.62,18487.62
2025-09-15,ORD006786,CUST04189,P001,Laptop,Electronics,Kolkata,Online,Credit Card,4,62673.08,0.0,250692.32,250692.32,1,-12534.62,2025,9,September,Monday,250692.32,250692.32
2025-09-15,ORD016939,CUST02066,P019,Vacuum Cleaner,Home,Pune,Store,UPI,1,9797.32,0.2,9797.32,7837.86,0,529.07,2025,9,September,Monday,9797.32,7837.856
2025-09-15,ORD033960,CUST04854,P012,Air Fryer,Home,Mumbai,Online,Credit Card,2,7835.52,0.2,15671.04,12536.83,0,1779.37,2025,9,September,Monday,15671.04,12536.832000000002
2025-09-15,ORD034113,CUST04465,P001,Laptop,Electronics,Kolkata,Online,Credit Card,1,60173.07,0.05,60173.07,57164.42,0,10158.97,2025,9,September,Monday,60173.07,57164.4165
2025-09-15,ORD045872,CUST03059,P016,Sofa,Furniture,Bengaluru,Store,UPI,1,38149.91,0.05,38149.91,36242.41,0,9386.85,2025,9,September,Monday,38149.91,36242.4145
2025-09-15,ORD015981,CUST00848,P007,Backpack,Accessories,Jaipur,Online,Cash,3,2296.85,0.05,6890.55,6546.02,0,802.23,2025,9,September,Monday,6890.549999999999,6546.0225
2025-09-15,ORD037343,CUST00116,P012,Air Fryer,Home,Chennai,Online,UPI,3,7160.87,0.15,21482.61,18260.22,0,4489.61,2025,9,September,Monday,21482.61,18260.2185
2025-09-15,ORD029614,CUST00568,P020,Microwave,Home,Kolkata,Store,UPI,1,11571.47,0.0,11571.47,11571.47,0,3004.73,2025,9,September,Monday,11571.47,11571.47
2025-09-15,ORD030393,CUST04648,P017,Jeans,Fashion,Mumbai,Online,UPI,1,3004.82,0.0,3004.82,3004.82,0,389.56,2025,9,September,Monday,3004.82,3004.82
2025-09-15,ORD048492,CUST02999,P011,Mixer Grinder,Home,Mumbai,Online,Net Banking,1,4823.2,0.0,4823.2,4823.2,0,921.07,2025,9,September,Monday,4823.2,4823.2
2025-09-15,ORD002821,CUST01492,P011,Mixer Grinder,Home,Jaipur,Online,Cash,1,5150.52,0.1,5150.52,4635.47,0,946.76,2025,9,September,Monday,5150.52,4635.468000000001
2025-09-15,ORD044733,CUST02704,P016,Sofa,Furniture,Bengaluru,Online,Credit Card,2,34252.61,0.25,68505.22,51378.92,0,5007.28,2025,9,September,Monday,68505.22,51378.915
2025-09-15,ORD023167,CUST04165,P020,Microwave,Home,Mumbai,Store,Cash,2,10684.27,0.0,21368.54,21368.54,0,3935.42,2025,9,September,Monday,21368.54,21368.54
2025-09-15,ORD005571,CUST04195,P016,Sofa,Furniture,Mumbai,Store,Credit Card,1,37615.61,0.0,37615.61,37615.61,0,8358.78,2025,9,September,Monday,37615.61,37615.61
2025-09-15,ORD041690,CUST03502,P015,Dining Table,Furniture,Chennai,Online,UPI,3,21953.67,0.1,65861.01,59274.91,0,10792.02,2025,9,September,Monday,65861.01,59274.909
2025-09-15,ORD017021,CUST04369,P011,Mixer Grinder,Home,Surat,Store,UPI,1,4587.92,0.0,4587.92,4587.92,0,933.89,2025,9,September,Monday,4587.92,4587.92
2025-09-15,ORD015291,CUST03734,P016,Sofa,Furniture,Hyderabad,Store,Credit Card,3,35228.42,0.05,105685.26,100401.0,0,16186.41,2025,9,September,Monday,105685.26,100400.99699999999
2025-09-15,ORD001883,CUST00921,P013,Monitor,Electronics,Pune,Online,UPI,1,18389.05,0.1,18389.05,16550.14,0,3381.58,2025,9,September,Monday,18389.05,16550.145
2025-09-15,ORD010904,CUST03536,P018,Jacket,Fashion,Surat,Online,Net Banking,1,5352.47,0.15,5352.47,4549.6,0,817.57,2025,9,September,Monday,5352.47,4549.5995
2025-09-15,ORD036755,CUST04598,P003,Headphones,Electronics,Bengaluru,Store,Credit Card,1,4253.36,0.0,4253.36,4253.36,0,678.61,2025,9,September,Monday,4253.36,4253.36
2025-09-15,ORD006442,CUST01259,P005,Office Chair,Furniture,Hyderabad,Online,UPI,1,9194.41,0.2,9194.41,7355.53,0,956.69,2025,9,September,Monday,9194.41,7355.528
2025-09-15,ORD049259,CUST00649,P002,Smartphone,Electronics,Pune,Online,UPI,1,26978.52,0.0,26978.52,26978.52,0,7181.39,2025,9,September,Monday,26978.52,26978.52
2025-09-15,ORD035364,CUST00214,P019,Vacuum Cleaner,Home,Jaipur,Online,Debit Card,1,8743.45,0.1,8743.45,7869.1,0,1809.12,2025,9,September,Monday,8743.45,7869.1050000000005
2025-09-15,ORD015579,CUST00906,P004,Smartwatch,Electronics,Pune,Online,UPI,1,7499.24,0.15,7499.24,6374.35,1,-318.72,2025,9,September,Monday,7499.24,6374.353999999999
2025-09-15,ORD048927,CUST02862,P017,Jeans,Fashion,Kolkata,Store,UPI,1,2879.15,0.1,2879.15,2591.24,0,498.05,2025,9,September,Monday,2879.15,2591.235
2025-09-15,ORD031843,CUST04878,P019,Vacuum Cleaner,Home,Ahmedabad,Online,Credit Card,3,9570.99,0.05,28712.97,27277.32,0,5510.29,2025,9,September,Monday,28712.97,27277.3215
2025-09-15,ORD022677,CUST04726,P008,Running Shoes,Fashion,Chennai,Online,Net Banking,1,3841.62,0.1,3841.62,3457.46,0,471.2,2025,9,September,Monday,3841.62,3457.458
2025-09-15,ORD018469,CUST02776,P013,Monitor,Electronics,Kolkata,Store,Credit Card,2,19091.34,0.1,38182.68,34364.41,0,7522.42,2025,9,September,Monday,38182.68,34364.412000000004
2025-09-15,ORD032969,CUST01502,P017,Jeans,Fashion,Hyderabad,Online,UPI,1,2982.83,0.05,2982.83,2833.69,0,549.78,2025,9,September,Monday,2982.83,2833.6884999999997
2025-09-15,ORD041921,CUST04512,P011,Mixer Grinder,Home,Hyderabad,Online,UPI,2,5059.71,0.1,10119.42,9107.48,0,2447.09,2025,9,September,Monday,10119.42,9107.478000000001
2025-09-15,ORD002073,CUST00102,P017,Jeans,Fashion,Ahmedabad,Online,Cash,1,2690.58,0.1,2690.58,2421.52,0,638.57,2025,9,September,Monday,2690.58,2421.522
2025-09-15,ORD013143,CUST04953,P001,Laptop,Electronics,Delhi,Store,Credit Card,1,63608.04,0.05,63608.04,60427.64,1,-3021.38,2025,9,September,Monday,63608.04,60427.638
2025-09-15,ORD014412,CUST03405,P006,Desk,Furniture,Pune,Online,UPI,2,12757.21,0.25,25514.42,19135.81,0,914.03,2025,9,September,Monday,25514.42,19135.815
2025-09-15,ORD029217,CUST03416,P002,Smartphone,Electronics,Hyderabad,Online,UPI,1,26633.1,0.15,26633.1,22638.14,0,5077.8,2025,9,September,Monday,26633.1,22638.135
2025-09-15,ORD036572,CUST02652,P003,Headphones,Electronics,Ahmedabad,Store,UPI,1,4543.31,0.0,4543.31,4543.31,0,1281.18,2025,9,September,Monday,4543.31,4543.31
2025-09-16,ORD010667,CUST00130,P016,Sofa,Furniture,Bengaluru,Online,Credit Card,1,36730.18,0.0,36730.18,36730.18,0,8842.72,2025,9,September,Tuesday,36730.18,36730.18
2025-09-16,ORD015515,CUST00798,P013,Monitor,Electronics,Ahmedabad,Online,Cash,2,18552.73,0.05,37105.46,35250.19,0,7402.28,2025,9,September,Tuesday,37105.46,35250.187
2025-09-16,ORD017267,CUST02238,P005,Office Chair,Furniture,Chennai,Online,Debit Card,1,8801.05,0.0,8801.05,8801.05,0,2002.6,2025,9,September,Tuesday,8801.05,8801.05
2025-09-16,ORD026932,CUST02718,P017,Jeans,Fashion,Kolkata,Online,Debit Card,1,2677.06,0.1,2677.06,2409.35,0,453.07,2025,9,September,Tuesday,2677.06,2409.354
2025-09-16,ORD035419,CUST01565,P005,Office Chair,Furniture,Bengaluru,Online,UPI,2,8823.82,0.0,17647.64,17647.64,0,5068.64,2025,9,September,Tuesday,17647.64,17647.64
2025-09-16,ORD028657,CUST01518,P006,Desk,Furniture,Hyderabad,Online,Credit Card,2,12714.49,0.0,25428.98,25428.98,0,4293.59,2025,9,September,Tuesday,25428.98,25428.98
2025-09-16,ORD031457,CUST01691,P001,Laptop,Electronics,Hyderabad,Store,Credit Card,1,62183.8,0.25,62183.8,46637.85,0,1865.51,2025,9,September,Tuesday,62183.8,46637.850000000006
2025-09-16,ORD041768,CUST04680,P017,Jeans,Fashion,Chennai,Online,UPI,1,2756.9,0.1,2756.9,2481.21,0,511.66,2025,9,September,Tuesday,2756.9,2481.21
2025-09-16,ORD011398,CUST03796,P009,T-Shirt,Fashion,Surat,Online,Credit Card,1,1280.26,0.15,1280.26,1088.22,0,57.79,2025,9,September,Tuesday,1280.26,1088.221
2025-09-16,ORD025482,CUST02366,P015,Dining Table,Furniture,Hyderabad,Online,Credit Card,3,22528.27,0.15,67584.81,57447.09,0,12099.74,2025,9,September,Tuesday,67584.81,57447.0885
2025-09-16,ORD019659,CUST02930,P007,Backpack,Accessories,Hyderabad,Online,Credit Card,5,2018.92,0.05,10094.6,9589.87,0,2019.95,2025,9,September,Tuesday,10094.6,9589.87
2025-09-16,ORD024299,CUST01793,P008,Running Shoes,Fashion,Surat,Store,Credit Card,1,3895.69,0.15,3895.69,3311.34,0,655.54,2025,9,September,Tuesday,3895.69,3311.3365
2025-09-16,ORD048893,CUST04228,P003,Headphones,Electronics,Chennai,Online,Debit Card,1,4416.81,0.0,4416.81,4416.81,1,-220.84,2025,9,September,Tuesday,4416.81,4416.81
2025-09-16,ORD003895,CUST04317,P004,Smartwatch,Electronics,Mumbai,Online,Net Banking,1,7220.83,0.0,7220.83,7220.83,1,-361.04,2025,9,September,Tuesday,7220.83,7220.83
2025-09-16,ORD007497,CUST04592,P012,Air Fryer,Home,Chennai,Online,Debit Card,4,6616.96,0.05,26467.84,25144.45,0,2630.59,2025,9,September,Tuesday,26467.84,25144.448
2025-09-16,ORD002843,CUST02408,P007,Backpack,Accessories,Mumbai,Store,UPI,1,2040.95,0.0,2040.95,2040.95,0,415.99,2025,9,September,Tuesday,2040.95,2040.95
2025-09-16,ORD010784,CUST03931,P009,T-Shirt,Fashion,Surat,Online,Credit Card,1,1186.14,0.0,1186.14,1186.14,0,274.5,2025,9,September,Tuesday,1186.14,1186.14
2025-09-16,ORD004936,CUST02417,P011,Mixer Grinder,Home,Ahmedabad,Store,Credit Card,1,4645.63,0.1,4645.63,4181.07,0,877.37,2025,9,September,Tuesday,4645.63,4181.067
2025-09-16,ORD042106,CUST04013,P018,Jacket,Fashion,Chennai,Online,UPI,3,5282.02,0.0,15846.06,15846.06,0,1276.33,2025,9,September,Tuesday,15846.060000000001,15846.06
2025-09-16,ORD006832,CUST03298,P014,Keyboard,Electronics,Chennai,Online,Credit Card,1,2310.07,0.0,2310.07,2310.07,0,688.26,2025,9,September,Tuesday,2310.07,2310.07
2025-09-16,ORD029248,CUST04061,P016,Sofa,Furniture,Pune,Online,Net Banking,1,32158.06,0.25,32158.06,24118.54,0,5537.29,2025,9,September,Tuesday,32158.06,24118.545000000002
2025-09-16,ORD043476,CUST02035,P017,Jeans,Fashion,Bengaluru,Online,UPI,1,2521.3,0.1,2521.3,2269.17,0,388.23,2025,9,September,Tuesday,2521.3,2269.17
2025-09-16,ORD046139,CUST00158,P020,Microwave,Home,Pune,Online,Net Banking,1,9903.94,0.15,9903.94,8418.35,0,2224.23,2025,9,September,Tuesday,9903.94,8418.349
2025-09-16,ORD037254,CUST03201,P003,Headphones,Electronics,Delhi,Online,Net Banking,3,4947.67,0.2,14843.01,11874.41,0,1067.72,2025,9,September,Tuesday,14843.01,11874.408000000001
2025-09-16,ORD001098,CUST04126,P002,Smartphone,Electronics,Delhi,Store,UPI,1,27241.44,0.1,27241.44,24517.3,0,2126.66,2025,9,September,Tuesday,27241.44,24517.296
2025-09-16,ORD016799,CUST04825,P008,Running Shoes,Fashion,Delhi,Online,UPI,1,4292.85,0.1,4292.85,3863.57,0,620.93,2025,9,September,Tuesday,4292.85,3863.5650000000005
2025-09-16,ORD032961,CUST01040,P016,Sofa,Furniture,Chennai,Online,UPI,5,31788.66,0.0,158943.3,158943.3,0,23668.08,2025,9,September,Tuesday,158943.3,158943.3
2025-09-16,ORD042656,CUST00529,P017,Jeans,Fashion,Surat,Store,UPI,1,2987.43,0.25,2987.43,2240.57,0,533.84,2025,9,September,Tuesday,2987.43,2240.5724999999998
2025-09-16,ORD015624,CUST04360,P017,Jeans,Fashion,Delhi,Store,Debit Card,2,2568.06,0.0,5136.12,5136.12,0,1358.04,2025,9,September,Tuesday,5136.12,5136.12
2025-09-16,ORD037951,CUST01028,P019,Vacuum Cleaner,Home,Jaipur,Store,Credit Card,5,9213.14,0.1,46065.7,41459.13,0,11555.37,2025,9,September,Tuesday,46065.7,41459.13
2025-09-16,ORD041737,CUST03725,P001,Laptop,Electronics,Surat,Online,Credit Card,1,61774.85,0.0,61774.85,61774.85,0,12568.12,2025,9,September,Tuesday,61774.85,61774.85
2025-09-16,ORD043497,CUST01388,P014,Keyboard,Electronics,Delhi,Online,UPI,1,2526.27,0.05,2526.27,2399.96,1,-120.0,2025,9,September,Tuesday,2526.27,2399.9565
2025-09-16,ORD001591,CUST00408,P020,Microwave,Home,Surat,Online,Credit Card,1,10355.8,0.15,10355.8,8802.43,0,1702.57,2025,9,September,Tuesday,10355.8,8802.429999999998
2025-09-16,ORD010620,CUST01308,P018,Jacket,Fashion,Mumbai,Online,UPI,2,4833.41,0.05,9666.82,9183.48,0,1636.32,2025,9,September,Tuesday,9666.82,9183.479
2025-09-16,ORD018697,CUST03488,P011,Mixer Grinder,Home,Chennai,Store,Credit Card,2,4795.0,0.1,9590.0,8631.0,0,1973.54,2025,9,September,Tuesday,9590.0,8631.0
2025-09-16,ORD010049,CUST03288,P001,Laptop,Electronics,Ahmedabad,Online,UPI,2,63243.78,0.1,126487.56,113838.8,0,10613.38,2025,9,September,Tuesday,126487.56,113838.804
2025-09-16,ORD021292,CUST01274,P019,Vacuum Cleaner,Home,Jaipur,Store,UPI,1,9227.97,0.05,9227.97,8766.57,0,805.66,2025,9,September,Tuesday,9227.97,8766.571499999998
2025-09-16,ORD014191,CUST00320,P004,Smartwatch,Electronics,Bengaluru,Online,Credit Card,1,7217.87,0.1,7217.87,6496.08,0,1744.92,2025,9,September,Tuesday,7217.87,6496.083
2025-09-16,ORD017032,CUST00372,P003,Headphones,Electronics,Ahmedabad,Online,UPI,1,4534.73,0.0,4534.73,4534.73,0,680.16,2025,9,September,Tuesday,4534.73,4534.73
2025-09-16,ORD001509,CUST01971,P016,Sofa,Furniture,Jaipur,Online,Debit Card,5,32635.97,0.1,163179.85,146861.87,0,14345.79,2025,9,September,Tuesday,163179.85,146861.86500000002
2025-09-16,ORD023755,CUST00643,P016,Sofa,Furniture,Ahmedabad,Store,Credit Card,3,37992.82,0.15,113978.46,96881.69,0,16297.67,2025,9,September,Tuesday,113978.45999999999,96881.691
2025-09-16,ORD014177,CUST02446,P013,Monitor,Electronics,Chennai,Online,Debit Card,1,18707.99,0.0,18707.99,18707.99,0,2066.3,2025,9,September,Tuesday,18707.99,18707.99
2025-09-16,ORD026292,CUST01297,P012,Air Fryer,Home,Pune,Online,Cash,5,7305.85,0.15,36529.25,31049.86,0,5161.14,2025,9,September,Tuesday,36529.25,31049.8625
2025-09-16,ORD020391,CUST03932,P004,Smartwatch,Electronics,Mumbai,Store,UPI,1,7094.9,0.2,7094.9,5675.92,0,530.65,2025,9,September,Tuesday,7094.9,5675.92
2025-09-16,ORD030236,CUST04976,P016,Sofa,Furniture,Ahmedabad,Online,UPI,2,31640.38,0.2,63280.76,50624.61,1,-2531.23,2025,9,September,Tuesday,63280.76,50624.60800000001
2025-09-16,ORD022439,CUST00901,P018,Jacket,Fashion,Pune,Online,Cash,1,4998.33,0.15,4998.33,4248.58,0,951.67,2025,9,September,Tuesday,4998.33,4248.5805
2025-09-16,ORD016636,CUST00267,P019,Vacuum Cleaner,Home,Kolkata,Store,UPI,4,8338.03,0.15,33352.12,28349.3,0,4250.04,2025,9,September,Tuesday,33352.12,28349.302
2025-09-16,ORD020198,CUST03520,P017,Jeans,Fashion,Pune,Online,Credit Card,2,2923.12,0.05,5846.24,5553.93,0,567.79,2025,9,September,Tuesday,5846.24,5553.928
2025-09-16,ORD048151,CUST00898,P008,Running Shoes,Fashion,Hyderabad,Online,Cash,1,4409.35,0.05,4409.35,4188.88,0,1061.45,2025,9,September,Tuesday,4409.35,4188.8825
2025-09-16,ORD000965,CUST03179,P011,Mixer Grinder,Home,Bengaluru,Online,Credit Card,3,5045.21,0.0,15135.63,15135.63,0,2798.64,2025,9,September,Tuesday,15135.630000000001,15135.63
2025-09-16,ORD028646,CUST02668,P004,Smartwatch,Electronics,Ahmedabad,Online,UPI,1,7071.13,0.1,7071.13,6364.02,0,1325.69,2025,9,September,Tuesday,7071.13,6364.017
2025-09-16,ORD013322,CUST04849,P017,Jeans,Fashion,Hyderabad,Store,Credit Card,2,2543.92,0.1,5087.84,4579.06,0,533.17,2025,9,September,Tuesday,5087.84,4579.0560000000005
2025-09-16,ORD013511,CUST02081,P004,Smartwatch,Electronics,Ahmedabad,Store,Net Banking,2,6805.22,0.1,13610.44,12249.4,0,2040.02,2025,9,September,Tuesday,13610.44,12249.396
2025-09-16,ORD034209,CUST04397,P003,Headphones,Electronics,Surat,Store,Net Banking,4,4062.88,0.15,16251.52,13813.79,0,2334.72,2025,9,September,Tuesday,16251.52,13813.792
2025-09-16,ORD002431,CUST04608,P005,Office Chair,Furniture,Jaipur,Online,UPI,1,9137.3,0.05,9137.3,8680.44,0,709.99,2025,9,September,Tuesday,9137.3,8680.435
2025-09-16,ORD044251,CUST04402,P019,Vacuum Cleaner,Home,Surat,Store,UPI,1,8112.95,0.1,8112.95,7301.66,0,1332.96,2025,9,September,Tuesday,8112.95,7301.655
2025-09-16,ORD024564,CUST04520,P009,T-Shirt,Fashion,Mumbai,Online,Debit Card,5,1292.67,0.0,6463.35,6463.35,1,-323.17,2025,9,September,Tuesday,6463.35,6463.35
2025-09-16,ORD014341,CUST01858,P011,Mixer Grinder,Home,Chennai,Online,UPI,5,4531.93,0.25,22659.65,16994.74,0,3578.8,2025,9,September,Tuesday,22659.65,16994.737500000003
2025-09-16,ORD034623,CUST02592,P012,Air Fryer,Home,Jaipur,Store,UPI,4,7448.16,0.0,29792.64,29792.64,0,6374.23,2025,9,September,Tuesday,29792.64,29792.64
2025-09-16,ORD022826,CUST00095,P003,Headphones,Electronics,Hyderabad,Online,Credit Card,1,4798.04,0.2,4798.04,3838.43,0,665.19,2025,9,September,Tuesday,4798.04,3838.4320000000002
2025-09-16,ORD018356,CUST01982,P005,Office Chair,Furniture,Bengaluru,Online,Net Banking,2,9240.53,0.1,18481.06,16632.95,0,2467.61,2025,9,September,Tuesday,18481.06,16632.954
2025-09-16,ORD040779,CUST02632,P011,Mixer Grinder,Home,Bengaluru,Online,Debit Card,1,5151.01,0.0,5151.01,5151.01,0,971.02,2025,9,September,Tuesday,5151.01,5151.01
2025-09-16,ORD033106,CUST03398,P019,Vacuum Cleaner,Home,Kolkata,Online,Cash,2,8319.54,0.15,16639.08,14143.22,0,2828.78,2025,9,September,Tuesday,16639.08,14143.218
2025-09-16,ORD026592,CUST04389,P010,Coffee Maker,Home,Ahmedabad,Online,Credit Card,3,5113.67,0.0,15341.01,15341.01,0,1273.74,2025,9,September,Tuesday,15341.01,15341.01
2025-09-17,ORD022298,CUST00332,P010,Coffee Maker,Home,Pune,Store,Credit Card,3,5343.98,0.2,16031.94,12825.55,0,1987.35,2025,9,September,Wednesday,16031.939999999999,12825.552000000001
2025-09-17,ORD001030,CUST02565,P004,Smartwatch,Electronics,Pune,Online,UPI,2,6710.07,0.05,13420.14,12749.13,0,2986.86,2025,9,September,Wednesday,13420.14,12749.132999999998
2025-09-17,ORD030098,CUST02722,P016,Sofa,Furniture,Bengaluru,Store,Debit Card,1,32444.7,0.05,32444.7,30822.46,0,7760.73,2025,9,September,Wednesday,32444.7,30822.465
2025-09-17,ORD005562,CUST02474,P003,Headphones,Electronics,Delhi,Online,UPI,1,4108.31,0.1,4108.31,3697.48,0,463.87,2025,9,September,Wednesday,4108.31,3697.4790000000003
2025-09-17,ORD025527,CUST00273,P006,Desk,Furniture,Pune,Store,Credit Card,1,12041.13,0.0,12041.13,12041.13,0,2340.23,2025,9,September,Wednesday,12041.13,12041.13
2025-09-17,ORD040296,CUST02824,P003,Headphones,Electronics,Ahmedabad,Online,Debit Card,1,4118.37,0.15,4118.37,3500.61,0,207.77,2025,9,September,Wednesday,4118.37,3500.6144999999997
2025-09-17,ORD033616,CUST02387,P018,Jacket,Fashion,Bengaluru,Online,UPI,1,5274.41,0.0,5274.41,5274.41,0,1005.21,2025,9,September,Wednesday,5274.41,5274.41
2025-09-17,ORD033842,CUST04880,P009,T-Shirt,Fashion,Bengaluru,Online,Credit Card,5,1216.09,0.0,6080.45,6080.45,1,-304.02,2025,9,September,Wednesday,6080.45,6080.45
2025-09-17,ORD023258,CUST00627,P014,Keyboard,Electronics,Mumbai,Store,UPI,2,2554.38,0.05,5108.76,4853.32,0,797.73,2025,9,September,Wednesday,5108.76,4853.322
2025-09-17,ORD039322,CUST00702,P004,Smartwatch,Electronics,Chennai,Online,UPI,1,7427.35,0.1,7427.35,6684.62,0,1481.01,2025,9,September,Wednesday,7427.35,6684.615000000001
2025-09-17,ORD016529,CUST02712,P015,Dining Table,Furniture,Ahmedabad,Store,Debit Card,3,24101.25,0.1,72303.75,65073.38,0,17498.68,2025,9,September,Wednesday,72303.75,65073.375
2025-09-17,ORD040952,CUST01412,P013,Monitor,Electronics,Hyderabad,Store,Credit Card,5,18847.57,0.05,94237.85,89525.96,0,15793.92,2025,9,September,Wednesday,94237.85,89525.9575
2025-09-17,ORD000798,CUST04388,P015,Dining Table,Furniture,Jaipur,Store,Credit Card,1,23986.35,0.2,23986.35,19189.08,0,4050.62,2025,9,September,Wednesday,23986.35,19189.079999999998
2025-09-17,ORD012270,CUST01363,P001,Laptop,Electronics,Surat,Online,UPI,2,63411.97,0.25,126823.94,95117.96,0,17335.2,2025,9,September,Wednesday,126823.94,95117.955
2025-09-17,ORD045412,CUST00101,P017,Jeans,Fashion,Pune,Online,Cash,1,2889.27,0.0,2889.27,2889.27,0,233.26,2025,9,September,Wednesday,2889.27,2889.27
2025-09-17,ORD045000,CUST04010,P009,T-Shirt,Fashion,Surat,Store,Debit Card,2,1306.27,0.05,2612.54,2481.91,0,208.84,2025,9,September,Wednesday,2612.54,2481.913
2025-09-17,ORD018565,CUST03799,P013,Monitor,Electronics,Jaipur,Store,Credit Card,1,16204.29,0.0,16204.29,16204.29,0,2256.85,2025,9,September,Wednesday,16204.29,16204.29
2025-09-17,ORD031607,CUST03850,P016,Sofa,Furniture,Ahmedabad,Online,UPI,1,34846.42,0.15,34846.42,29619.46,0,5254.17,2025,9,September,Wednesday,34846.42,29619.457
2025-09-17,ORD023835,CUST01424,P019,Vacuum Cleaner,Home,Ahmedabad,Online,Net Banking,1,8513.97,0.2,8513.97,6811.18,0,584.51,2025,9,September,Wednesday,8513.97,6811.1759999999995
2025-09-17,ORD039102,CUST04040,P002,Smartphone,Electronics,Chennai,Store,UPI,1,30021.22,0.0,30021.22,30021.22,0,8798.09,2025,9,September,Wednesday,30021.22,30021.22
2025-09-17,ORD041708,CUST00503,P004,Smartwatch,Electronics,Hyderabad,Store,Net Banking,1,6582.11,0.2,6582.11,5265.69,0,1117.32,2025,9,September,Wednesday,6582.11,5265.688
2025-09-17,ORD017473,CUST02181,P004,Smartwatch,Electronics,Delhi,Store,Credit Card,1,7647.26,0.0,7647.26,7647.26,0,1818.54,2025,9,September,Wednesday,7647.26,7647.26
2025-09-17,ORD021503,CUST02392,P011,Mixer Grinder,Home,Jaipur,Store,Credit Card,1,4516.18,0.25,4516.18,3387.14,0,654.76,2025,9,September,Wednesday,4516.18,3387.135
2025-09-17,ORD048835,CUST03918,P008,Running Shoes,Fashion,Chennai,Online,UPI,1,4592.23,0.05,4592.23,4362.62,0,571.83,2025,9,September,Wednesday,4592.23,4362.6185
2025-09-17,ORD017177,CUST01691,P005,Office Chair,Furniture,Ahmedabad,Online,Credit Card,1,9429.16,0.05,9429.16,8957.7,0,742.47,2025,9,September,Wednesday,9429.16,8957.702
2025-09-17,ORD037573,CUST00462,P014,Keyboard,Electronics,Ahmedabad,Online,UPI,1,2263.05,0.25,2263.05,1697.29,0,79.47,2025,9,September,Wednesday,2263.05,1697.2875000000001
2025-09-17,ORD005241,CUST02126,P020,Microwave,Home,Jaipur,Store,Debit Card,1,10053.04,0.05,10053.04,9550.39,1,-477.52,2025,9,September,Wednesday,10053.04,9550.388
2025-09-17,ORD024276,CUST00571,P009,T-Shirt,Fashion,Delhi,Online,UPI,1,1106.81,0.1,1106.81,996.13,0,161.52,2025,9,September,Wednesday,1106.81,996.129
2025-09-17,ORD020119,CUST02133,P017,Jeans,Fashion,Jaipur,Store,UPI,2,2580.62,0.0,5161.24,5161.24,0,552.66,2025,9,September,Wednesday,5161.24,5161.24
2025-09-17,ORD038070,CUST02732,P003,Headphones,Electronics,Delhi,Online,Credit Card,1,4751.21,0.2,4751.21,3800.97,0,755.15,2025,9,September,Wednesday,4751.21,3800.9680000000003
2025-09-17,ORD033347,CUST02273,P004,Smartwatch,Electronics,Delhi,Online,UPI,1,6545.08,0.0,6545.08,6545.08,0,955.64,2025,9,September,Wednesday,6545.08,6545.08
2025-09-17,ORD042224,CUST03134,P012,Air Fryer,Home,Bengaluru,Online,Debit Card,4,7224.19,0.05,28896.76,27451.92,1,-1372.6,2025,9,September,Wednesday,28896.76,27451.922
2025-09-17,ORD014295,CUST00596,P020,Microwave,Home,Pune,Online,Debit Card,1,11976.2,0.1,11976.2,10778.58,0,1828.47,2025,9,September,Wednesday,11976.2,10778.580000000002
2025-09-17,ORD044211,CUST01659,P002,Smartphone,Electronics,Chennai,Online,Credit Card,1,29112.18,0.0,29112.18,29112.18,0,6595.83,2025,9,September,Wednesday,29112.18,29112.18
2025-09-17,ORD014330,CUST01324,P012,Air Fryer,Home,Kolkata,Store,Net Banking,2,7337.1,0.0,14674.2,14674.2,0,2725.22,2025,9,September,Wednesday,14674.2,14674.2
2025-09-17,ORD003994,CUST04186,P017,Jeans,Fashion,Ahmedabad,Store,Debit Card,4,2886.85,0.1,11547.4,10392.66,0,1933.16,2025,9,September,Wednesday,11547.4,10392.66
2025-09-17,ORD038553,CUST02882,P006,Desk,Furniture,Mumbai,Online,UPI,1,10981.75,0.15,10981.75,9334.49,0,1587.03,2025,9,September,Wednesday,10981.75,9334.4875
2025-09-17,ORD029474,CUST04537,P003,Headphones,Electronics,Bengaluru,Store,Net Banking,5,4644.08,0.15,23220.4,19737.34,0,5229.39,2025,9,September,Wednesday,23220.4,19737.34
2025-09-17,ORD006607,CUST03585,P018,Jacket,Fashion,Pune,Store,Credit Card,1,5497.4,0.2,5497.4,4397.92,0,861.3,2025,9,September,Wednesday,5497.4,4397.92
2025-09-17,ORD029475,CUST00949,P001,Laptop,Electronics,Hyderabad,Online,Cash,2,65496.21,0.15,130992.42,111343.56,0,23128.19,2025,9,September,Wednesday,130992.42,111343.557
2025-09-17,ORD000183,CUST02838,P008,Running Shoes,Fashion,Pune,Online,UPI,1,4095.83,0.0,4095.83,4095.83,0,677.87,2025,9,September,Wednesday,4095.83,4095.83
2025-09-17,ORD034519,CUST00830,P019,Vacuum Cleaner,Home,Chennai,Store,Debit Card,2,8351.44,0.05,16702.88,15867.74,0,4353.49,2025,9,September,Wednesday,16702.88,15867.736
2025-09-17,ORD049552,CUST02998,P018,Jacket,Fashion,Ahmedabad,Store,Credit Card,1,4703.93,0.1,4703.93,4233.54,0,392.6,2025,9,September,Wednesday,4703.93,4233.537
2025-09-17,ORD032486,CUST01114,P015,Dining Table,Furniture,Mumbai,Store,Credit Card,2,22666.1,0.2,45332.2,36265.76,0,4952.91,2025,9,September,Wednesday,45332.2,36265.76
2025-09-17,ORD007944,CUST03455,P012,Air Fryer,Home,Delhi,Online,Credit Card,1,7250.59,0.0,7250.59,7250.59,0,1286.8,2025,9,September,Wednesday,7250.59,7250.59
2025-09-17,ORD008791,CUST03095,P002,Smartphone,Electronics,Jaipur,Store,UPI,4,26819.26,0.25,107277.04,80457.78,1,-4022.89,2025,9,September,Wednesday,107277.04,80457.78
2025-09-17,ORD020724,CUST01514,P016,Sofa,Furniture,Mumbai,Store,Credit Card,2,33229.23,0.0,66458.46,66458.46,0,9209.97,2025,9,September,Wednesday,66458.46,66458.46
2025-09-17,ORD006745,CUST01673,P004,Smartwatch,Electronics,Jaipur,Store,Credit Card,1,7678.06,0.25,7678.06,5758.54,0,230.34,2025,9,September,Wednesday,7678.06,5758.545
2025-09-17,ORD026758,CUST03157,P012,Air Fryer,Home,Hyderabad,Store,Debit Card,1,7271.41,0.1,7271.41,6544.27,0,1323.51,2025,9,September,Wednesday,7271.41,6544.269
2025-09-17,ORD018716,CUST00824,P006,Desk,Furniture,Ahmedabad,Store,UPI,1,12276.72,0.0,12276.72,12276.72,0,2724.25,2025,9,September,Wednesday,12276.72,12276.72
2025-09-17,ORD009672,CUST02123,P014,Keyboard,Electronics,Bengaluru,Online,UPI,5,2312.58,0.0,11562.9,11562.9,1,-578.14,2025,9,September,Wednesday,11562.9,11562.9
2025-09-17,ORD028591,CUST02963,P014,Keyboard,Electronics,Ahmedabad,Online,Net Banking,3,2701.37,0.0,8104.11,8104.11,0,2144.17,2025,9,September,Wednesday,8104.11,8104.11
2025-09-17,ORD003137,CUST04872,P014,Keyboard,Electronics,Chennai,Store,Debit Card,3,2336.1,0.15,7008.3,5957.05,0,1009.23,2025,9,September,Wednesday,7008.299999999999,5957.055
2025-09-17,ORD005931,CUST00952,P014,Keyboard,Electronics,Chennai,Store,Credit Card,2,2284.32,0.1,4568.64,4111.78,0,424.44,2025,9,September,Wednesday,4568.64,4111.776000000001
2025-09-17,ORD027948,CUST01250,P020,Microwave,Home,Kolkata,Store,Credit Card,1,10524.78,0.15,10524.78,8946.06,0,684.99,2025,9,September,Wednesday,10524.78,8946.063
2025-09-17,ORD041799,CUST03971,P007,Backpack,Accessories,Pune,Online,UPI,1,2093.25,0.0,2093.25,2093.25,0,546.57,2025,9,September,Wednesday,2093.25,2093.25
2025-09-17,ORD037891,CUST03526,P011,Mixer Grinder,Home,Delhi,Online,UPI,1,4580.46,0.0,4580.46,4580.46,0,512.47,2025,9,September,Wednesday,4580.46,4580.46
2025-09-17,ORD028600,CUST02097,P010,Coffee Maker,Home,Delhi,Store,UPI,1,5661.63,0.1,5661.63,5095.47,0,397.75,2025,9,September,Wednesday,5661.63,5095.467000000001
2025-09-17,ORD009842,CUST04345,P017,Jeans,Fashion,Hyderabad,Online,UPI,3,2769.84,0.1,8309.52,7478.57,0,1542.19,2025,9,September,Wednesday,8309.52,7478.568
2025-09-17,ORD043191,CUST00010,P005,Office Chair,Furniture,Kolkata,Store,Cash,4,9982.64,0.1,39930.56,35937.5,0,8435.92,2025,9,September,Wednesday,39930.56,35937.504
2025-09-18,ORD035499,CUST01818,P001,Laptop,Electronics,Hyderabad,Store,UPI,1,64894.93,0.1,64894.93,58405.44,0,6968.73,2025,9,September,Thursday,64894.93,58405.437
2025-09-18,ORD047046,CUST01560,P016,Sofa,Furniture,Jaipur,Online,UPI,1,38141.21,0.2,38141.21,30512.97,0,6498.91,2025,9,September,Thursday,38141.21,30512.968
2025-09-18,ORD015472,CUST01904,P002,Smartphone,Electronics,Surat,Online,Credit Card,1,27931.29,0.1,27931.29,25138.16,0,5460.06,2025,9,September,Thursday,27931.29,25138.161
2025-09-18,ORD030155,CUST04611,P005,Office Chair,Furniture,Delhi,Store,UPI,4,9892.36,0.15,39569.44,33634.02,0,3386.07,2025,9,September,Thursday,39569.44,33634.024
2025-09-18,ORD013465,CUST03344,P008,Running Shoes,Fashion,Bengaluru,Online,Debit Card,1,3951.16,0.05,3951.16,3753.6,0,280.43,2025,9,September,Thursday,3951.16,3753.602
2025-09-18,ORD041495,CUST00197,P012,Air Fryer,Home,Surat,Online,Debit Card,3,6918.25,0.25,20754.75,15566.06,0,1606.22,2025,9,September,Thursday,20754.75,15566.0625
2025-09-18,ORD005128,CUST01250,P001,Laptop,Electronics,Kolkata,Store,UPI,1,63028.56,0.0,63028.56,63028.56,0,18580.7,2025,9,September,Thursday,63028.56,63028.56
2025-09-18,ORD040559,CUST01435,P005,Office Chair,Furniture,Bengaluru,Online,Credit Card,1,9693.8,0.1,9693.8,8724.42,1,-436.22,2025,9,September,Thursday,9693.8,8724.42
2025-09-18,ORD030770,CUST00027,P018,Jacket,Fashion,Bengaluru,Online,UPI,1,5642.57,0.05,5642.57,5360.44,0,1356.81,2025,9,September,Thursday,5642.57,5360.4415
2025-09-18,ORD046028,CUST03902,P019,Vacuum Cleaner,Home,Delhi,Online,UPI,1,8925.65,0.1,8925.65,8033.08,0,909.86,2025,9,September,Thursday,8925.65,8033.085
2025-09-18,ORD031219,CUST00821,P016,Sofa,Furniture,Kolkata,Store,UPI,1,34770.98,0.1,34770.98,31293.88,0,2008.49,2025,9,September,Thursday,34770.98,31293.882000000005
2025-09-18,ORD043361,CUST02966,P019,Vacuum Cleaner,Home,Mumbai,Online,Credit Card,2,9895.39,0.2,19790.78,15832.62,0,2140.34,2025,9,September,Thursday,19790.78,15832.624
2025-09-18,ORD044934,CUST02858,P019,Vacuum Cleaner,Home,Pune,Online,UPI,3,9345.52,0.1,28036.56,25232.9,0,5349.08,2025,9,September,Thursday,28036.56,25232.904000000002
2025-09-18,ORD001084,CUST02056,P008,Running Shoes,Fashion,Jaipur,Online,Credit Card,4,4259.95,0.0,17039.8,17039.8,0,4367.33,2025,9,September,Thursday,17039.8,17039.8
2025-09-18,ORD045205,CUST04361,P008,Running Shoes,Fashion,Mumbai,Store,Credit Card,1,4575.48,0.05,4575.48,4346.71,0,381.02,2025,9,September,Thursday,4575.48,4346.705999999999
2025-09-18,ORD043466,CUST02252,P015,Dining Table,Furniture,Kolkata,Store,UPI,2,22076.15,0.1,44152.3,39737.07,0,2814.68,2025,9,September,Thursday,44152.3,39737.07000000001
2025-09-18,ORD024215,CUST04387,P008,Running Shoes,Fashion,Delhi,Online,Credit Card,1,4473.2,0.05,4473.2,4249.54,0,879.1,2025,9,September,Thursday,4473.2,4249.54
2025-09-18,ORD016683,CUST01609,P010,Coffee Maker,Home,Ahmedabad,Online,UPI,1,5907.17,0.15,5907.17,5021.09,0,1220.66,2025,9,September,Thursday,5907.17,5021.0945
2025-09-18,ORD008447,CUST00073,P009,T-Shirt,Fashion,Pune,Store,Cash,2,1206.93,0.0,2413.86,2413.86,0,664.8,2025,9,September,Thursday,2413.86,2413.86
2025-09-18,ORD025520,CUST03052,P005,Office Chair,Furniture,Bengaluru,Store,Net Banking,1,8753.04,0.1,8753.04,7877.74,0,1786.83,2025,9,September,Thursday,8753.04,7877.736000000001
2025-09-18,ORD027486,CUST00068,P010,Coffee Maker,Home,Kolkata,Online,Credit Card,1,6003.9,0.25,6003.9,4502.92,0,923.95,2025,9,September,Thursday,6003.9,4502.924999999999
2025-09-18,ORD042285,CUST01953,P020,Microwave,Home,Ahmedabad,Online,UPI,1,10745.88,0.1,10745.88,9671.29,0,1053.06,2025,9,September,Thursday,10745.88,9671.292
2025-09-18,ORD040720,CUST04888,P019,Vacuum Cleaner,Home,Pune,Online,UPI,1,9358.58,0.15,9358.58,7954.79,0,1287.24,2025,9,September,Thursday,9358.58,7954.793
2025-09-18,ORD025254,CUST02382,P016,Sofa,Furniture,Mumbai,Online,Credit Card,1,38107.48,0.15,38107.48,32391.36,0,2561.53,2025,9,September,Thursday,38107.48,32391.358
2025-09-18,ORD042315,CUST03566,P004,Smartwatch,Electronics,Bengaluru,Online,Debit Card,1,6478.68,0.2,6478.68,5182.94,0,1281.89,2025,9,September,Thursday,6478.68,5182.944
2025-09-18,ORD027837,CUST04223,P015,Dining Table,Furniture,Hyderabad,Online,UPI,2,23026.27,0.0,46052.54,46052.54,0,11431.66,2025,9,September,Thursday,46052.54,46052.54
2025-09-18,ORD028362,CUST01369,P018,Jacket,Fashion,Bengaluru,Online,Net Banking,1,4848.54,0.05,4848.54,4606.11,0,718.51,2025,9,September,Thursday,4848.54,4606.112999999999
2025-09-18,ORD049415,CUST00523,P009,T-Shirt,Fashion,Mumbai,Online,Net Banking,1,1243.47,0.1,1243.47,1119.12,0,303.5,2025,9,September,Thursday,1243.47,1119.123
2025-09-18,ORD004243,CUST04208,P015,Dining Table,Furniture,Surat,Store,Net Banking,1,23612.68,0.2,23612.68,18890.14,0,4816.72,2025,9,September,Thursday,23612.68,18890.144
2025-09-18,ORD011081,CUST01966,P019,Vacuum Cleaner,Home,Hyderabad,Online,Credit Card,3,8754.33,0.1,26262.99,23636.69,0,3790.39,2025,9,September,Thursday,26262.989999999998,23636.691000000003
2025-09-18,ORD013434,CUST02711,P009,T-Shirt,Fashion,Delhi,Online,Cash,1,1280.49,0.1,1280.49,1152.44,0,302.8,2025,9,September,Thursday,1280.49,1152.441
2025-09-18,ORD035235,CUST04490,P019,Vacuum Cleaner,Home,Mumbai,Online,Debit Card,2,9319.11,0.0,18638.22,18638.22,0,5324.93,2025,9,September,Thursday,18638.22,18638.22
2025-09-18,ORD013909,CUST00701,P015,Dining Table,Furniture,Chennai,Store,Debit Card,1,23889.96,0.05,23889.96,22695.46,0,6410.53,2025,9,September,Thursday,23889.96,22695.462
2025-09-18,ORD019551,CUST00865,P010,Coffee Maker,Home,Ahmedabad,Store,UPI,1,5156.91,0.05,5156.91,4899.06,1,-244.95,2025,9,September,Thursday,5156.91,4899.0644999999995
2025-09-18,ORD016651,CUST00026,P006,Desk,Furniture,Delhi,Online,Credit Card,4,11388.15,0.05,45552.6,43274.97,0,4262.63,2025,9,September,Thursday,45552.6,43274.969999999994
2025-09-18,ORD033141,CUST01531,P005,Office Chair,Furniture,Chennai,Online,Debit Card,2,10334.12,0.1,20668.24,18601.42,0,2696.33,2025,9,September,Thursday,20668.24,18601.416
2025-09-18,ORD027389,CUST02186,P013,Monitor,Electronics,Bengaluru,Store,Debit Card,2,19452.12,0.0,38904.24,38904.24,0,4304.96,2025,9,September,Thursday,38904.24,38904.24
2025-09-18,ORD021289,CUST04680,P012,Air Fryer,Home,Pune,Store,UPI,1,7642.31,0.0,7642.31,7642.31,1,-382.12,2025,9,September,Thursday,7642.31,7642.31
2025-09-18,ORD031151,CUST02591,P020,Microwave,Home,Kolkata,Online,Credit Card,1,10118.9,0.1,10118.9,9107.01,0,951.25,2025,9,September,Thursday,10118.9,9107.01
2025-09-18,ORD031504,CUST00105,P011,Mixer Grinder,Home,Delhi,Online,UPI,1,4395.22,0.2,4395.22,3516.18,0,785.81,2025,9,September,Thursday,4395.22,3516.1760000000004
2025-09-18,ORD001346,CUST01154,P017,Jeans,Fashion,Ahmedabad,Store,Cash,2,2591.99,0.1,5183.98,4665.58,0,337.37,2025,9,September,Thursday,5183.98,4665.581999999999
2025-09-18,ORD021707,CUST02346,P013,Monitor,Electronics,Surat,Online,UPI,1,16763.09,0.15,16763.09,14248.63,0,840.38,2025,9,September,Thursday,16763.09,14248.6265
2025-09-18,ORD037159,CUST03947,P005,Office Chair,Furniture,Ahmedabad,Online,Cash,1,9293.89,0.1,9293.89,8364.5,0,2030.44,2025,9,September,Thursday,9293.89,8364.501
2025-09-18,ORD010536,CUST04065,P013,Monitor,Electronics,Ahmedabad,Online,Net Banking,2,16311.87,0.0,32623.74,32623.74,0,9070.58,2025,9,September,Thursday,32623.74,32623.74
2025-09-18,ORD035046,CUST03442,P017,Jeans,Fashion,Jaipur,Online,UPI,1,2761.1,0.25,2761.1,2070.82,0,465.92,2025,9,September,Thursday,2761.1,2070.825
2025-09-18,ORD030816,CUST02131,P016,Sofa,Furniture,Jaipur,Online,UPI,2,38381.44,0.05,76762.88,72924.74,0,11217.8,2025,9,September,Thursday,76762.88,72924.736
2025-09-18,ORD042878,CUST03051,P006,Desk,Furniture,Hyderabad,Online,Net Banking,1,12683.68,0.15,12683.68,10781.13,0,1962.3,2025,9,September,Thursday,12683.68,10781.128
2025-09-18,ORD007361,CUST03987,P020,Microwave,Home,Bengaluru,Online,Debit Card,2,10101.33,0.05,20202.66,19192.53,0,3091.35,2025,9,September,Thursday,20202.66,19192.527
2025-09-18,ORD024998,CUST03402,P013,Monitor,Electronics,Mumbai,Store,UPI,2,19480.22,0.15,38960.44,33116.37,0,7264.72,2025,9,September,Thursday,38960.44,33116.374
2025-09-18,ORD026945,CUST02128,P007,Backpack,Accessories,Delhi,Online,Credit Card,5,2057.5,0.05,10287.5,9773.12,0,2047.22,2025,9,September,Thursday,10287.5,9773.125
2025-09-18,ORD037796,CUST04261,P001,Laptop,Electronics,Ahmedabad,Online,UPI,1,70923.33,0.25,70923.33,53192.5,0,8320.19,2025,9,September,Thursday,70923.33,53192.4975
2025-09-18,ORD010926,CUST00960,P013,Monitor,Electronics,Pune,Store,UPI,4,19560.76,0.1,78243.04,70418.74,0,10342.22,2025,9,September,Thursday,78243.04,70418.73599999999
2025-09-18,ORD034743,CUST04414,P018,Jacket,Fashion,Chennai,Store,UPI,1,5204.53,0.1,5204.53,4684.08,0,426.08,2025,9,September,Thursday,5204.53,4684.077
2025-09-18,ORD023217,CUST03119,P002,Smartphone,Electronics,Delhi,Online,UPI,4,27513.6,0.05,110054.4,104551.68,1,-5227.58,2025,9,September,Thursday,110054.4,104551.68
2025-09-18,ORD034734,CUST00173,P018,Jacket,Fashion,Pune,Online,UPI,1,4875.52,0.05,4875.52,4631.74,0,655.11,2025,9,September,Thursday,4875.52,4631.744000000001
2025-09-18,ORD013515,CUST00924,P008,Running Shoes,Fashion,Delhi,Store,UPI,2,4618.75,0.1,9237.5,8313.75,0,1292.92,2025,9,September,Thursday,9237.5,8313.75
2025-09-18,ORD045380,CUST01252,P008,Running Shoes,Fashion,Jaipur,Store,UPI,1,3866.08,0.05,3866.08,3672.78,0,260.32,2025,9,September,Thursday,3866.08,3672.776
2025-09-18,ORD034629,CUST00340,P008,Running Shoes,Fashion,Mumbai,Online,UPI,5,3921.39,0.2,19606.95,15685.56,0,2095.63,2025,9,September,Thursday,19606.95,15685.560000000001
2025-09-18,ORD025489,CUST03356,P003,Headphones,Electronics,Ahmedabad,Online,UPI,1,4947.65,0.25,4947.65,3710.74,0,849.83,2025,9,September,Thursday,4947.65,3710.7374999999997
2025-09-18,ORD023788,CUST03208,P013,Monitor,Electronics,Hyderabad,Online,UPI,1,17498.6,0.25,17498.6,13123.95,0,2613.37,2025,9,September,Thursday,17498.6,13123.949999999999
2025-09-18,ORD044214,CUST00445,P020,Microwave,Home,Hyderabad,Online,UPI,1,11338.82,0.05,11338.82,10771.88,0,2485.46,2025,9,September,Thursday,11338.82,10771.878999999999
2025-09-18,ORD030332,CUST02317,P003,Headphones,Electronics,Surat,Online,UPI,2,4709.34,0.05,9418.68,8947.75,0,2236.73,2025,9,September,Thursday,9418.68,8947.746
2025-09-18,ORD006058,CUST03481,P005,Office Chair,Furniture,Hyderabad,Online,Net Banking,2,9185.17,0.15,18370.34,15614.79,0,2019.74,2025,9,September,Thursday,18370.34,15614.788999999999
2025-09-18,ORD041329,CUST02166,P005,Office Chair,Furniture,Jaipur,Store,Credit Card,1,10115.86,0.1,10115.86,9104.27,0,1051.0,2025,9,September,Thursday,10115.86,9104.274000000001
2025-09-18,ORD027415,CUST02621,P014,Keyboard,Electronics,Chennai,Store,UPI,1,2442.39,0.15,2442.39,2076.03,0,244.5,2025,9,September,Thursday,2442.39,2076.0315
2025-09-18,ORD022511,CUST00369,P011,Mixer Grinder,Home,Kolkata,Online,Credit Card,2,5176.37,0.1,10352.74,9317.47,0,1961.97,2025,9,September,Thursday,10352.74,9317.466
2025-09-18,ORD034877,CUST04520,P013,Monitor,Electronics,Ahmedabad,Online,UPI,1,19666.83,0.1,19666.83,17700.15,0,4855.84,2025,9,September,Thursday,19666.83,17700.147
2025-09-18,ORD046804,CUST04029,P005,Office Chair,Furniture,Pune,Online,UPI,1,9482.91,0.2,9482.91,7586.33,0,1375.86,2025,9,September,Thursday,9482.91,7586.328
2025-09-18,ORD025757,CUST02076,P012,Air Fryer,Home,Bengaluru,Online,UPI,2,6775.14,0.1,13550.28,12195.25,0,2864.41,2025,9,September,Thursday,13550.28,12195.252
2025-09-18,ORD017841,CUST03128,P017,Jeans,Fashion,Delhi,Online,UPI,1,2876.78,0.2,2876.78,2301.42,0,210.44,2025,9,September,Thursday,2876.78,2301.4240000000004
2025-09-18,ORD039487,CUST01755,P020,Microwave,Home,Pune,Online,UPI,3,10288.28,0.0,30864.84,30864.84,0,7578.67,2025,9,September,Thursday,30864.840000000004,30864.84
2025-09-19,ORD023811,CUST04745,P012,Air Fryer,Home,Surat,Store,Debit Card,5,7232.34,0.05,36161.7,34353.62,0,8592.72,2025,9,September,Friday,36161.7,34353.615
2025-09-19,ORD042822,CUST00281,P002,Smartphone,Electronics,Jaipur,Online,Credit Card,3,25469.33,0.15,76407.99,64946.79,0,3315.09,2025,9,September,Friday,76407.99,64946.7915
2025-09-19,ORD001598,CUST00377,P011,Mixer Grinder,Home,Surat,Online,UPI,2,5067.37,0.15,10134.74,8614.53,0,859.58,2025,9,September,Friday,10134.74,8614.529
2025-09-19,ORD036305,CUST02324,P014,Keyboard,Electronics,Ahmedabad,Online,Debit Card,2,2535.14,0.0,5070.28,5070.28,0,1298.89,2025,9,September,Friday,5070.28,5070.28
2025-09-19,ORD017487,CUST00304,P014,Keyboard,Electronics,Kolkata,Online,Cash,1,2555.48,0.15,2555.48,2172.16,0,275.91,2025,9,September,Friday,2555.48,2172.158
2025-09-19,ORD003499,CUST04283,P020,Microwave,Home,Pune,Online,Debit Card,3,11450.77,0.15,34352.31,29199.46,0,1820.88,2025,9,September,Friday,34352.31,29199.463499999998
2025-09-19,ORD027255,CUST02582,P017,Jeans,Fashion,Delhi,Online,Credit Card,1,2818.66,0.05,2818.66,2677.73,0,418.46,2025,9,September,Friday,2818.66,2677.727
2025-09-19,ORD037653,CUST01240,P020,Microwave,Home,Bengaluru,Online,UPI,2,10802.79,0.15,21605.58,18364.74,0,2592.16,2025,9,September,Friday,21605.58,18364.743000000002
2025-09-19,ORD037223,CUST00032,P016,Sofa,Furniture,Bengaluru,Store,Credit Card,2,36901.17,0.0,73802.34,73802.34,0,17921.06,2025,9,September,Friday,73802.34,73802.34
2025-09-19,ORD022354,CUST00701,P011,Mixer Grinder,Home,Bengaluru,Online,Net Banking,2,4583.51,0.1,9167.02,8250.32,0,1973.22,2025,9,September,Friday,9167.02,8250.318000000001
2025-09-19,ORD005356,CUST04108,P009,T-Shirt,Fashion,Ahmedabad,Online,UPI,2,1188.9,0.0,2377.8,2377.8,0,624.86,2025,9,September,Friday,2377.8,2377.8
2025-09-19,ORD029195,CUST00728,P016,Sofa,Furniture,Chennai,Online,UPI,1,34550.71,0.0,34550.71,34550.71,0,6622.37,2025,9,September,Friday,34550.71,34550.71
2025-09-19,ORD003883,CUST03534,P009,T-Shirt,Fashion,Jaipur,Online,Credit Card,1,1167.56,0.1,1167.56,1050.8,0,292.76,2025,9,September,Friday,1167.56,1050.804
2025-09-19,ORD028745,CUST02129,P020,Microwave,Home,Kolkata,Store,UPI,1,11195.03,0.05,11195.03,10635.28,0,2637.98,2025,9,September,Friday,11195.03,10635.2785
2025-09-19,ORD014668,CUST04972,P003,Headphones,Electronics,Mumbai,Store,Debit Card,1,4315.61,0.1,4315.61,3884.05,0,766.56,2025,9,September,Friday,4315.61,3884.049
2025-09-19,ORD017736,CUST03721,P001,Laptop,Electronics,Kolkata,Store,UPI,1,59371.36,0.0,59371.36,59371.36,0,16052.13,2025,9,September,Friday,59371.36,59371.36
2025-09-19,ORD008607,CUST00707,P005,Office Chair,Furniture,Chennai,Online,Cash,1,10226.88,0.0,10226.88,10226.88,0,1052.55,2025,9,September,Friday,10226.88,10226.88
2025-09-19,ORD019588,CUST00916,P003,Headphones,Electronics,Ahmedabad,Store,UPI,2,4567.24,0.0,9134.48,9134.48,0,2507.32,2025,9,September,Friday,9134.48,9134.48
2025-09-19,ORD037339,CUST03870,P003,Headphones,Electronics,Chennai,Online,Net Banking,1,4889.23,0.1,4889.23,4400.31,0,970.69,2025,9,September,Friday,4889.23,4400.307
2025-09-19,ORD006410,CUST03989,P019,Vacuum Cleaner,Home,Hyderabad,Online,Credit Card,1,9177.56,0.0,9177.56,9177.56,1,-458.88,2025,9,September,Friday,9177.56,9177.56
2025-09-19,ORD003642,CUST00409,P003,Headphones,Electronics,Jaipur,Online,UPI,1,4922.23,0.0,4922.23,4922.23,0,1231.39,2025,9,September,Friday,4922.23,4922.23
2025-09-19,ORD014711,CUST00206,P014,Keyboard,Electronics,Mumbai,Online,Cash,1,2661.23,0.15,2661.23,2262.05,0,172.9,2025,9,September,Friday,2661.23,2262.0455
2025-09-19,ORD048856,CUST01745,P010,Coffee Maker,Home,Bengaluru,Online,Net Banking,2,5671.14,0.15,11342.28,9640.94,0,719.08,2025,9,September,Friday,11342.28,9640.938
2025-09-19,ORD020848,CUST02885,P003,Headphones,Electronics,Jaipur,Store,Credit Card,3,4182.31,0.25,12546.93,9410.2,0,1744.42,2025,9,September,Friday,12546.93,9410.1975
2025-09-19,ORD011149,CUST00795,P014,Keyboard,Electronics,Kolkata,Online,Net Banking,1,2375.89,0.0,2375.89,2375.89,0,629.34,2025,9,September,Friday,2375.89,2375.89
2025-09-19,ORD031474,CUST02721,P003,Headphones,Electronics,Surat,Store,UPI,1,4097.78,0.15,4097.78,3483.11,1,-174.16,2025,9,September,Friday,4097.78,3483.113
2025-09-19,ORD010906,CUST04233,P010,Coffee Maker,Home,Delhi,Online,UPI,1,5195.59,0.1,5195.59,4676.03,1,-233.8,2025,9,September,Friday,5195.59,4676.031
2025-09-19,ORD048533,CUST02117,P019,Vacuum Cleaner,Home,Kolkata,Online,UPI,4,8699.98,0.1,34799.92,31319.93,0,2181.08,2025,9,September,Friday,34799.92,31319.928
2025-09-19,ORD045120,CUST02507,P008,Running Shoes,Fashion,Delhi,Online,Debit Card,5,3890.79,0.05,19453.95,18481.25,0,5035.85,2025,9,September,Friday,19453.95,18481.2525
2025-09-19,ORD031392,CUST00373,P009,T-Shirt,Fashion,Pune,Store,Debit Card,1,1127.9,0.25,1127.9,845.92,0,33.84,2025,9,September,Friday,1127.9,845.9250000000001
2025-09-19,ORD039444,CUST03339,P017,Jeans,Fashion,Bengaluru,Online,UPI,4,2768.53,0.15,11074.12,9413.0,0,1615.92,2025,9,September,Friday,11074.12,9413.002
2025-09-19,ORD035049,CUST02871,P008,Running Shoes,Fashion,Hyderabad,Store,Credit Card,3,4172.63,0.1,12517.89,11266.1,0,743.52,2025,9,September,Friday,12517.89,11266.101
2025-09-19,ORD044634,CUST02095,P019,Vacuum Cleaner,Home,Surat,Store,UPI,2,9210.78,0.25,18421.56,13816.17,0,1716.93,2025,9,September,Friday,18421.56,13816.170000000002
2025-09-19,ORD018799,CUST02221,P004,Smartwatch,Electronics,Jaipur,Online,Net Banking,1,7313.48,0.0,7313.48,7313.48,0,1706.93,2025,9,September,Friday,7313.48,7313.48
2025-09-19,ORD007865,CUST01417,P003,Headphones,Electronics,Surat,Online,Credit Card,1,4471.94,0.05,4471.94,4248.34,0,452.55,2025,9,September,Friday,4471.94,4248.343
2025-09-19,ORD004309,CUST00668,P012,Air Fryer,Home,Kolkata,Online,Credit Card,4,6719.32,0.2,26877.28,21501.82,0,3645.39,2025,9,September,Friday,26877.28,21501.824
2025-09-19,ORD014335,CUST03543,P002,Smartphone,Electronics,Bengaluru,Online,UPI,1,25587.61,0.1,25587.61,23028.85,0,4946.96,2025,9,September,Friday,25587.61,23028.849000000002
2025-09-19,ORD046979,CUST02604,P013,Monitor,Electronics,Kolkata,Online,Debit Card,3,16597.39,0.0,49792.17,49792.17,0,7867.31,2025,9,September,Friday,49792.17,49792.17
2025-09-19,ORD034497,CUST03649,P004,Smartwatch,Electronics,Bengaluru,Store,Debit Card,2,7085.73,0.1,14171.46,12754.31,0,3300.21,2025,9,September,Friday,14171.46,12754.314
2025-09-19,ORD034566,CUST04347,P004,Smartwatch,Electronics,Bengaluru,Store,UPI,1,6639.86,0.0,6639.86,6639.86,0,584.87,2025,9,September,Friday,6639.86,6639.86
2025-09-19,ORD017580,CUST02403,P005,Office Chair,Furniture,Kolkata,Store,Credit Card,1,10136.95,0.1,10136.95,9123.26,0,824.63,2025,9,September,Friday,10136.95,9123.255000000001
2025-09-19,ORD020505,CUST03815,P011,Mixer Grinder,Home,Hyderabad,Store,Credit Card,1,4542.51,0.1,4542.51,4088.26,0,936.58,2025,9,September,Friday,4542.51,4088.2590000000005
2025-09-19,ORD048590,CUST00334,P002,Smartphone,Electronics,Delhi,Store,Debit Card,1,27920.94,0.1,27920.94,25128.85,1,-1256.44,2025,9,September,Friday,27920.94,25128.845999999998
2025-09-19,ORD027036,CUST02924,P003,Headphones,Electronics,Jaipur,Online,Cash,4,4750.43,0.1,19001.72,17101.55,0,1159.19,2025,9,September,Friday,19001.72,17101.548000000003
2025-09-19,ORD047385,CUST00053,P018,Jacket,Fashion,Surat,Online,Net Banking,1,4711.21,0.0,4711.21,4711.21,0,663.41,2025,9,September,Friday,4711.21,4711.21
2025-09-19,ORD006635,CUST02241,P013,Monitor,Electronics,Delhi,Online,UPI,1,19353.89,0.2,19353.89,15483.11,0,1394.02,2025,9,September,Friday,19353.89,15483.112000000001
2025-09-19,ORD014444,CUST04502,P016,Sofa,Furniture,Chennai,Online,UPI,1,37542.44,0.1,37542.44,33788.2,0,6156.04,2025,9,September,Friday,37542.44,33788.196
2025-09-19,ORD003977,CUST01016,P012,Air Fryer,Home,Delhi,Online,Credit Card,4,7700.09,0.25,30800.36,23100.27,1,-1155.01,2025,9,September,Friday,30800.36,23100.27
2025-09-19,ORD035214,CUST00608,P017,Jeans,Fashion,Surat,Online,Credit Card,1,2782.64,0.05,2782.64,2643.51,0,268.35,2025,9,September,Friday,2782.64,2643.508
2025-09-19,ORD004613,CUST03106,P014,Keyboard,Electronics,Kolkata,Online,UPI,1,2630.03,0.05,2630.03,2498.53,0,544.34,2025,9,September,Friday,2630.03,2498.5285
2025-09-19,ORD039204,CUST04462,P011,Mixer Grinder,Home,Delhi,Store,UPI,1,4688.56,0.1,4688.56,4219.7,0,692.73,2025,9,September,Friday,4688.56,4219.704000000001
2025-09-19,ORD023766,CUST00453,P009,T-Shirt,Fashion,Chennai,Store,UPI,5,1205.54,0.0,6027.7,6027.7,0,759.58,2025,9,September,Friday,6027.7,6027.7
2025-09-19,ORD010182,CUST03731,P005,Office Chair,Furniture,Pune,Store,UPI,1,9720.41,0.0,9720.41,9720.41,0,2615.59,2025,9,September,Friday,9720.41,9720.41
2025-09-19,ORD031805,CUST04740,P009,T-Shirt,Fashion,Delhi,Online,Net Banking,2,1139.98,0.25,2279.96,1709.97,0,120.9,2025,9,September,Friday,2279.96,1709.97
2025-09-19,ORD024590,CUST02539,P002,Smartphone,Electronics,Bengaluru,Online,Debit Card,1,30626.81,0.15,30626.81,26032.79,0,2004.47,2025,9,September,Friday,30626.81,26032.7885
2025-09-19,ORD019126,CUST03425,P014,Keyboard,Electronics,Surat,Online,Debit Card,2,2742.63,0.15,5485.26,4662.47,0,776.2,2025,9,September,Friday,5485.26,4662.4710000000005
2025-09-19,ORD024686,CUST03458,P017,Jeans,Fashion,Bengaluru,Online,Debit Card,1,2839.69,0.15,2839.69,2413.74,0,618.37,2025,9,September,Friday,2839.69,2413.7365
2025-09-20,ORD045398,CUST04856,P011,Mixer Grinder,Home,Mumbai,Online,Debit Card,1,5180.73,0.1,5180.73,4662.66,0,814.69,2025,9,September,Saturday,5180.73,4662.657
2025-09-20,ORD041571,CUST02555,P011,Mixer Grinder,Home,Kolkata,Online,UPI,2,4370.88,0.1,8741.76,7867.58,0,1418.38,2025,9,September,Saturday,8741.76,7867.584000000001
2025-09-20,ORD042444,CUST03548,P012,Air Fryer,Home,Chennai,Store,UPI,1,7480.99,0.0,7480.99,7480.99,0,2001.73,2025,9,September,Saturday,7480.99,7480.99
2025-09-20,ORD017576,CUST01615,P012,Air Fryer,Home,Surat,Online,Credit Card,1,7765.89,0.1,7765.89,6989.3,0,1929.1,2025,9,September,Saturday,7765.89,6989.301
2025-09-20,ORD012989,CUST01739,P016,Sofa,Furniture,Mumbai,Store,Credit Card,2,32005.62,0.05,64011.24,60810.68,1,-3040.53,2025,9,September,Saturday,64011.24,60810.67799999999
2025-09-20,ORD045234,CUST02364,P001,Laptop,Electronics,Ahmedabad,Store,UPI,1,70579.82,0.2,70579.82,56463.86,0,3867.25,2025,9,September,Saturday,70579.82,56463.85600000001
2025-09-20,ORD049311,CUST03770,P001,Laptop,Electronics,Pune,Online,Net Banking,3,62781.31,0.0,188343.93,188343.93,0,48000.87,2025,9,September,Saturday,188343.93,188343.93
2025-09-20,ORD043914,CUST03994,P002,Smartphone,Electronics,Ahmedabad,Online,UPI,1,28543.44,0.05,28543.44,27116.27,0,3598.59,2025,9,September,Saturday,28543.44,27116.267999999996
2025-09-20,ORD015218,CUST04003,P004,Smartwatch,Electronics,Mumbai,Online,Debit Card,2,7362.39,0.1,14724.78,13252.3,0,1789.62,2025,9,September,Saturday,14724.78,13252.302000000001
2025-09-20,ORD030476,CUST04256,P007,Backpack,Accessories,Jaipur,Online,Debit Card,3,2153.24,0.1,6459.72,5813.75,0,1282.02,2025,9,September,Saturday,6459.719999999999,5813.7480000000005
2025-09-20,ORD036241,CUST03496,P009,T-Shirt,Fashion,Chennai,Store,Debit Card,1,1225.57,0.1,1225.57,1103.01,0,200.25,2025,9,September,Saturday,1225.57,1103.013
2025-09-20,ORD005771,CUST00597,P020,Microwave,Home,Pune,Store,UPI,1,10537.39,0.0,10537.39,10537.39,0,1529.67,2025,9,September,Saturday,10537.39,10537.39
2025-09-20,ORD045270,CUST00574,P017,Jeans,Fashion,Chennai,Online,UPI,1,3030.63,0.05,3030.63,2879.1,0,247.53,2025,9,September,Saturday,3030.63,2879.0985
2025-09-20,ORD012394,CUST03745,P016,Sofa,Furniture,Chennai,Online,UPI,1,33354.7,0.0,33354.7,33354.7,1,-1667.74,2025,9,September,Saturday,33354.7,33354.7
2025-09-20,ORD017679,CUST02988,P005,Office Chair,Furniture,Ahmedabad,Online,Credit Card,2,10172.6,0.0,20345.2,20345.2,0,3359.88,2025,9,September,Saturday,20345.2,20345.2
2025-09-20,ORD024743,CUST00106,P010,Coffee Maker,Home,Surat,Online,UPI,2,4950.32,0.1,9900.64,8910.58,0,2203.6,2025,9,September,Saturday,9900.64,8910.576
2025-09-20,ORD022567,CUST00650,P004,Smartwatch,Electronics,Hyderabad,Store,Credit Card,2,7518.08,0.1,15036.16,13532.54,0,1253.52,2025,9,September,Saturday,15036.16,13532.544
2025-09-20,ORD008334,CUST01805,P005,Office Chair,Furniture,Mumbai,Online,UPI,1,8740.27,0.0,8740.27,8740.27,0,1298.25,2025,9,September,Saturday,8740.27,8740.27
2025-09-20,ORD046937,CUST04937,P008,Running Shoes,Fashion,Surat,Store,Credit Card,4,4552.8,0.0,18211.2,18211.2,0,4713.72,2025,9,September,Saturday,18211.2,18211.2
2025-09-20,ORD005751,CUST00691,P017,Jeans,Fashion,Chennai,Store,Debit Card,3,2767.39,0.05,8302.17,7887.06,0,1285.64,2025,9,September,Saturday,8302.17,7887.0615
2025-09-20,ORD010528,CUST00704,P004,Smartwatch,Electronics,Chennai,Online,Debit Card,1,7515.9,0.15,7515.9,6388.52,0,578.62,2025,9,September,Saturday,7515.9,6388.514999999999
2025-09-20,ORD048650,CUST03275,P020,Microwave,Home,Pune,Store,Credit Card,1,10833.36,0.1,10833.36,9750.02,0,2645.98,2025,9,September,Saturday,10833.36,9750.024000000001
2025-09-20,ORD008116,CUST02510,P020,Microwave,Home,Kolkata,Store,Credit Card,1,10857.29,0.0,10857.29,10857.29,0,2354.22,2025,9,September,Saturday,10857.29,10857.29
2025-09-20,ORD017305,CUST04448,P009,T-Shirt,Fashion,Kolkata,Online,UPI,2,1229.24,0.15,2458.48,2089.71,0,237.45,2025,9,September,Saturday,2458.48,2089.708
2025-09-20,ORD035109,CUST00702,P001,Laptop,Electronics,Mumbai,Store,Credit Card,1,71381.02,0.1,71381.02,64242.92,0,11182.05,2025,9,September,Saturday,71381.02,64242.918000000005
2025-09-20,ORD002510,CUST02374,P019,Vacuum Cleaner,Home,Delhi,Online,UPI,5,9442.33,0.15,47211.65,40129.9,0,7218.76,2025,9,September,Saturday,47211.65,40129.902500000004
2025-09-20,ORD010733,CUST03410,P019,Vacuum Cleaner,Home,Kolkata,Online,Credit Card,1,8336.17,0.2,8336.17,6668.94,0,646.03,2025,9,September,Saturday,8336.17,6668.936000000001
2025-09-20,ORD027684,CUST02719,P009,T-Shirt,Fashion,Chennai,Store,Cash,5,1128.63,0.1,5643.15,5078.84,0,1165.09,2025,9,September,Saturday,5643.150000000001,5078.835
2025-09-20,ORD014739,CUST01599,P019,Vacuum Cleaner,Home,Bengaluru,Online,UPI,1,8693.23,0.15,8693.23,7389.25,0,1886.34,2025,9,September,Saturday,8693.23,7389.245499999999
2025-09-20,ORD009209,CUST04462,P009,T-Shirt,Fashion,Mumbai,Store,UPI,4,1214.85,0.0,4859.4,4859.4,0,1304.63,2025,9,September,Saturday,4859.4,4859.4
2025-09-20,ORD023541,CUST00975,P020,Microwave,Home,Jaipur,Online,Debit Card,1,11101.44,0.0,11101.44,11101.44,0,3072.92,2025,9,September,Saturday,11101.44,11101.44
2025-09-20,ORD004620,CUST02058,P011,Mixer Grinder,Home,Chennai,Online,Credit Card,1,4983.56,0.25,4983.56,3737.67,0,230.44,2025,9,September,Saturday,4983.56,3737.67
2025-09-20,ORD010638,CUST04582,P016,Sofa,Furniture,Mumbai,Online,UPI,2,33193.49,0.05,66386.98,63067.63,0,5913.7,2025,9,September,Saturday,66386.98,63067.630999999994
2025-09-20,ORD001139,CUST04168,P009,T-Shirt,Fashion,Delhi,Online,UPI,2,1225.66,0.1,2451.32,2206.19,0,550.23,2025,9,September,Saturday,2451.32,2206.188
2025-09-20,ORD002234,CUST01232,P020,Microwave,Home,Delhi,Online,Credit Card,2,10360.16,0.0,20720.32,20720.32,0,2188.27,2025,9,September,Saturday,20720.32,20720.32
2025-09-20,ORD037104,CUST02289,P011,Mixer Grinder,Home,Hyderabad,Online,UPI,2,4753.37,0.05,9506.74,9031.4,0,1449.25,2025,9,September,Saturday,9506.74,9031.403
2025-09-20,ORD041155,CUST03362,P005,Office Chair,Furniture,Chennai,Online,Net Banking,1,9914.9,0.05,9914.9,9419.15,0,1177.8,2025,9,September,Saturday,9914.9,9419.154999999999
2025-09-20,ORD037293,CUST03168,P011,Mixer Grinder,Home,Delhi,Online,UPI,1,4607.64,0.15,4607.64,3916.49,0,651.38,2025,9,September,Saturday,4607.64,3916.494
2025-09-20,ORD041958,CUST04303,P004,Smartwatch,Electronics,Mumbai,Store,Debit Card,2,7070.55,0.1,14141.1,12726.99,0,1298.64,2025,9,September,Saturday,14141.1,12726.99
2025-09-20,ORD028064,CUST04735,P002,Smartphone,Electronics,Delhi,Online,Credit Card,1,30156.72,0.1,30156.72,27141.05,0,3109.42,2025,9,September,Saturday,30156.72,27141.048000000003
2025-09-20,ORD024722,CUST01211,P003,Headphones,Electronics,Delhi,Online,UPI,1,4725.79,0.25,4725.79,3544.34,0,425.16,2025,9,September,Saturday,4725.79,3544.3424999999997
2025-09-20,ORD020149,CUST03496,P015,Dining Table,Furniture,Surat,Store,UPI,2,22412.61,0.0,44825.22,44825.22,0,8642.57,2025,9,September,Saturday,44825.22,44825.22
2025-09-20,ORD004085,CUST02407,P010,Coffee Maker,Home,Ahmedabad,Online,Cash,2,5183.98,0.0,10367.96,10367.96,0,1660.78,2025,9,September,Saturday,10367.96,10367.96
2025-09-20,ORD007515,CUST01744,P001,Laptop,Electronics,Pune,Store,Debit Card,2,68440.08,0.2,136880.16,109504.13,0,5230.86,2025,9,September,Saturday,136880.16,109504.12800000001
2025-09-20,ORD037665,CUST03669,P019,Vacuum Cleaner,Home,Ahmedabad,Online,UPI,1,8453.04,0.05,8453.04,8030.39,0,838.28,2025,9,September,Saturday,8453.04,8030.388000000001
2025-09-20,ORD024664,CUST01272,P018,Jacket,Fashion,Ahmedabad,Online,UPI,2,5309.66,0.15,10619.32,9026.42,0,768.11,2025,9,September,Saturday,10619.32,9026.421999999999
2025-09-20,ORD037434,CUST04036,P009,T-Shirt,Fashion,Hyderabad,Online,Credit Card,1,1197.3,0.05,1197.3,1137.44,0,129.2,2025,9,September,Saturday,1197.3,1137.435
2025-09-20,ORD027355,CUST03154,P015,Dining Table,Furniture,Delhi,Online,UPI,3,20365.9,0.1,61097.7,54987.93,0,11365.11,2025,9,September,Saturday,61097.700000000004,54987.93
2025-09-20,ORD006604,CUST03565,P014,Keyboard,Electronics,Jaipur,Online,UPI,2,2328.43,0.1,4656.86,4191.17,0,1027.16,2025,9,September,Saturday,4656.86,4191.174
2025-09-20,ORD044747,CUST04886,P008,Running Shoes,Fashion,Mumbai,Online,UPI,1,3816.87,0.2,3816.87,3053.5,0,582.07,2025,9,September,Saturday,3816.87,3053.496
2025-09-20,ORD048002,CUST00390,P019,Vacuum Cleaner,Home,Surat,Online,Debit Card,1,9239.48,0.15,9239.48,7853.56,0,1094.77,2025,9,September,Saturday,9239.48,7853.557999999999
2025-09-20,ORD004750,CUST04346,P009,T-Shirt,Fashion,Hyderabad,Online,Cash,1,1121.88,0.25,1121.88,841.41,0,192.88,2025,9,September,Saturday,1121.88,841.4100000000001
2025-09-20,ORD008147,CUST03701,P002,Smartphone,Electronics,Pune,Store,UPI,1,29647.63,0.1,29647.63,26682.87,0,6967.34,2025,9,September,Saturday,29647.63,26682.867000000002
2025-09-20,ORD030681,CUST01651,P020,Microwave,Home,Hyderabad,Online,Credit Card,2,10185.54,0.1,20371.08,18333.97,0,3206.4,2025,9,September,Saturday,20371.08,18333.972
2025-09-20,ORD029309,CUST02665,P002,Smartphone,Electronics,Jaipur,Online,UPI,1,26793.34,0.25,26793.34,20095.0,0,4441.66,2025,9,September,Saturday,26793.34,20095.005
2025-09-20,ORD014373,CUST02570,P013,Monitor,Electronics,Kolkata,Online,Credit Card,1,19711.84,0.1,19711.84,17740.66,0,3449.5,2025,9,September,Saturday,19711.84,17740.656
2025-09-20,ORD036570,CUST01152,P008,Running Shoes,Fashion,Delhi,Online,Cash,1,4086.34,0.0,4086.34,4086.34,0,1165.85,2025,9,September,Saturday,4086.34,4086.34
2025-09-20,ORD046182,CUST01152,P011,Mixer Grinder,Home,Kolkata,Store,Debit Card,3,4832.36,0.05,14497.08,13772.23,0,1348.08,2025,9,September,Saturday,14497.079999999998,13772.225999999999
2025-09-20,ORD002185,CUST01868,P019,Vacuum Cleaner,Home,Hyderabad,Online,Net Banking,1,9835.05,0.0,9835.05,9835.05,0,1161.45,2025,9,September,Saturday,9835.05,9835.05
2025-09-20,ORD029313,CUST00825,P012,Air Fryer,Home,Kolkata,Store,Credit Card,2,7669.78,0.2,15339.56,12271.65,0,2108.26,2025,9,September,Saturday,15339.56,12271.648000000001
2025-09-20,ORD001253,CUST00707,P012,Air Fryer,Home,Surat,Store,Credit Card,1,7781.39,0.0,7781.39,7781.39,0,1817.82,2025,9,September,Saturday,7781.39,7781.39
2025-09-20,ORD040787,CUST02899,P018,Jacket,Fashion,Kolkata,Online,UPI,5,4855.2,0.05,24276.0,23062.2,0,3906.32,2025,9,September,Saturday,24276.0,23062.2
2025-09-20,ORD030143,CUST02126,P019,Vacuum Cleaner,Home,Delhi,Store,UPI,2,8742.72,0.15,17485.44,14862.62,0,2647.95,2025,9,September,Saturday,17485.44,14862.623999999998
2025-09-20,ORD000149,CUST01178,P002,Smartphone,Electronics,Jaipur,Online,UPI,1,30034.67,0.05,30034.67,28532.94,0,5005.25,2025,9,September,Saturday,30034.67,28532.936499999996
2025-09-20,ORD010007,CUST01945,P004,Smartwatch,Electronics,Kolkata,Store,Credit Card,4,7522.93,0.05,30091.72,28587.13,0,5861.61,2025,9,September,Saturday,30091.72,28587.134
2025-09-20,ORD048910,CUST00638,P019,Vacuum Cleaner,Home,Kolkata,Online,UPI,1,8515.2,0.1,8515.2,7663.68,0,2021.34,2025,9,September,Saturday,8515.2,7663.680000000001
2025-09-20,ORD014729,CUST00280,P012,Air Fryer,Home,Mumbai,Store,Credit Card,3,7049.91,0.1,21149.73,19034.76,0,1256.47,2025,9,September,Saturday,21149.73,19034.757
2025-09-20,ORD048849,CUST00295,P010,Coffee Maker,Home,Pune,Online,Credit Card,1,6029.93,0.05,6029.93,5728.43,0,736.01,2025,9,September,Saturday,6029.93,5728.4335
2025-09-20,ORD008134,CUST04794,P001,Laptop,Electronics,Jaipur,Online,UPI,1,58921.74,0.05,58921.74,55975.65,0,4315.56,2025,9,September,Saturday,58921.74,55975.653
2025-09-20,ORD047693,CUST03323,P006,Desk,Furniture,Bengaluru,Store,Net Banking,2,12594.18,0.0,25188.36,25188.36,0,5806.66,2025,9,September,Saturday,25188.36,25188.36
2025-09-20,ORD046339,CUST03128,P004,Smartwatch,Electronics,Kolkata,Online,Credit Card,4,6580.03,0.25,26320.12,19740.09,0,3810.58,2025,9,September,Saturday,26320.12,19740.09
2025-09-21,ORD033738,CUST04341,P008,Running Shoes,Fashion,Delhi,Online,Debit Card,5,4189.14,0.1,20945.7,18851.13,0,2799.73,2025,9,September,Sunday,20945.7,18851.13
2025-09-21,ORD048878,CUST00544,P012,Air Fryer,Home,Chennai,Online,UPI,1,7855.24,0.15,7855.24,6676.95,1,-333.85,2025,9,September,Sunday,7855.24,6676.954
2025-09-21,ORD012767,CUST02862,P009,T-Shirt,Fashion,Surat,Store,Debit Card,3,1169.22,0.15,3507.66,2981.51,1,-149.08,2025,9,September,Sunday,3507.66,2981.511
2025-09-21,ORD003860,CUST02803,P015,Dining Table,Furniture,Chennai,Online,UPI,1,23634.38,0.25,23634.38,17725.78,1,-886.29,2025,9,September,Sunday,23634.38,17725.785
2025-09-21,ORD042694,CUST04190,P017,Jeans,Fashion,Kolkata,Online,UPI,1,2535.63,0.2,2535.63,2028.5,0,230.96,2025,9,September,Sunday,2535.63,2028.5040000000001
2025-09-21,ORD043151,CUST01678,P003,Headphones,Electronics,Jaipur,Online,Debit Card,1,4500.85,0.25,4500.85,3375.64,0,525.16,2025,9,September,Sunday,4500.85,3375.6375000000003
2025-09-21,ORD029592,CUST03143,P007,Backpack,Accessories,Bengaluru,Online,Credit Card,1,2022.14,0.2,2022.14,1617.71,0,64.75,2025,9,September,Sunday,2022.14,1617.7120000000002
2025-09-21,ORD021782,CUST00439,P016,Sofa,Furniture,Surat,Online,UPI,1,37165.68,0.15,37165.68,31590.83,1,-1579.54,2025,9,September,Sunday,37165.68,31590.827999999998
2025-09-21,ORD028581,CUST03112,P001,Laptop,Electronics,Surat,Online,Credit Card,1,65701.29,0.0,65701.29,65701.29,0,19421.64,2025,9,September,Sunday,65701.29,65701.29
2025-09-21,ORD036154,CUST04951,P020,Microwave,Home,Hyderabad,Online,Credit Card,1,10291.09,0.2,10291.09,8232.87,0,891.41,2025,9,September,Sunday,10291.09,8232.872000000001
2025-09-21,ORD024557,CUST03337,P003,Headphones,Electronics,Mumbai,Online,Cash,1,4147.29,0.1,4147.29,3732.56,0,673.1,2025,9,September,Sunday,4147.29,3732.561
2025-09-21,ORD033177,CUST03782,P009,T-Shirt,Fashion,Hyderabad,Store,UPI,1,1123.95,0.1,1123.95,1011.56,0,228.42,2025,9,September,Sunday,1123.95,1011.5550000000001
2025-09-21,ORD040519,CUST03984,P011,Mixer Grinder,Home,Jaipur,Store,Credit Card,2,5251.79,0.05,10503.58,9978.4,0,2571.54,2025,9,September,Sunday,10503.58,9978.401
2025-09-21,ORD021493,CUST01106,P015,Dining Table,Furniture,Kolkata,Online,UPI,1,20765.11,0.15,20765.11,17650.34,0,3838.69,2025,9,September,Sunday,20765.11,17650.3435
2025-09-21,ORD038145,CUST02773,P009,T-Shirt,Fashion,Jaipur,Online,Credit Card,1,1229.21,0.0,1229.21,1229.21,0,113.96,2025,9,September,Sunday,1229.21,1229.21
2025-09-21,ORD038468,CUST00716,P009,T-Shirt,Fashion,Kolkata,Online,Debit Card,2,1096.83,0.1,2193.66,1974.29,1,-98.71,2025,9,September,Sunday,2193.66,1974.2939999999999
2025-09-21,ORD029237,CUST04620,P008,Running Shoes,Fashion,Ahmedabad,Store,Credit Card,1,4181.66,0.2,4181.66,3345.33,0,424.86,2025,9,September,Sunday,4181.66,3345.328
2025-09-21,ORD047788,CUST03828,P004,Smartwatch,Electronics,Kolkata,Store,UPI,1,7500.98,0.25,7500.98,5625.74,0,343.8,2025,9,September,Sunday,7500.98,5625.735
2025-09-21,ORD010610,CUST01474,P007,Backpack,Accessories,Hyderabad,Online,Debit Card,1,2081.79,0.25,2081.79,1561.34,0,262.19,2025,9,September,Sunday,2081.79,1561.3425
2025-09-21,ORD005935,CUST04101,P018,Jacket,Fashion,Surat,Online,UPI,3,5491.46,0.1,16474.38,14826.94,0,2339.69,2025,9,September,Sunday,16474.38,14826.942000000001
2025-09-21,ORD019374,CUST00022,P014,Keyboard,Electronics,Pune,Store,UPI,1,2267.14,0.2,2267.14,1813.71,0,205.06,2025,9,September,Sunday,2267.14,1813.712
2025-09-21,ORD026434,CUST00711,P020,Microwave,Home,Chennai,Store,UPI,1,11371.44,0.1,11371.44,10234.3,0,2702.06,2025,9,September,Sunday,11371.44,10234.296
2025-09-21,ORD006626,CUST03549,P012,Air Fryer,Home,Kolkata,Online,Credit Card,2,6907.98,0.05,13815.96,13125.16,0,2333.53,2025,9,September,Sunday,13815.96,13125.161999999998
2025-09-21,ORD040856,CUST01951,P011,Mixer Grinder,Home,Hyderabad,Online,UPI,3,5008.86,0.05,15026.58,14275.25,0,1977.7,2025,9,September,Sunday,15026.579999999998,14275.250999999998
2025-09-21,ORD016993,CUST02654,P005,Office Chair,Furniture,Surat,Store,Cash,5,9823.43,0.1,49117.15,44205.44,0,11550.81,2025,9,September,Sunday,49117.15,44205.435000000005
2025-09-21,ORD018995,CUST00099,P002,Smartphone,Electronics,Ahmedabad,Online,Credit Card,4,27561.07,0.0,110244.28,110244.28,0,12189.35,2025,9,September,Sunday,110244.28,110244.28
2025-09-21,ORD020112,CUST03517,P016,Sofa,Furniture,Mumbai,Store,Debit Card,1,32130.01,0.1,32130.01,28917.01,1,-1445.85,2025,9,September,Sunday,32130.01,28917.009
2025-09-21,ORD002030,CUST00475,P009,T-Shirt,Fashion,Surat,Store,UPI,1,1113.43,0.25,1113.43,835.07,0,98.9,2025,9,September,Sunday,1113.43,835.0725
2025-09-21,ORD019412,CUST01825,P013,Monitor,Electronics,Kolkata,Online,Cash,2,16892.97,0.1,33785.94,30407.35,0,6513.43,2025,9,September,Sunday,33785.94,30407.346
2025-09-21,ORD038572,CUST01051,P015,Dining Table,Furniture,Kolkata,Online,Debit Card,2,21043.86,0.25,42087.72,31565.79,0,3232.59,2025,9,September,Sunday,42087.72,31565.79
2025-09-21,ORD004298,CUST01479,P005,Office Chair,Furniture,Kolkata,Store,UPI,1,9177.92,0.2,9177.92,7342.34,0,1060.84,2025,9,September,Sunday,9177.92,7342.336
2025-09-21,ORD011179,CUST04539,P015,Dining Table,Furniture,Pune,Store,Credit Card,1,21503.64,0.05,21503.64,20428.46,0,2999.33,2025,9,September,Sunday,21503.64,20428.458
2025-09-21,ORD025847,CUST04979,P009,T-Shirt,Fashion,Kolkata,Store,UPI,2,1203.83,0.1,2407.66,2166.89,0,145.5,2025,9,September,Sunday,2407.66,2166.894
2025-09-21,ORD000318,CUST02309,P017,Jeans,Fashion,Surat,Store,UPI,1,2829.89,0.05,2829.89,2688.4,0,302.85,2025,9,September,Sunday,2829.89,2688.3954999999996
2025-09-21,ORD027114,CUST02589,P019,Vacuum Cleaner,Home,Pune,Online,Credit Card,1,8695.08,0.1,8695.08,7825.57,0,831.98,2025,9,September,Sunday,8695.08,7825.572
2025-09-21,ORD045652,CUST02236,P014,Keyboard,Electronics,Chennai,Online,UPI,1,2619.17,0.1,2619.17,2357.25,0,652.78,2025,9,September,Sunday,2619.17,2357.253
2025-09-21,ORD030062,CUST01630,P001,Laptop,Electronics,Ahmedabad,Online,Credit Card,1,59027.47,0.1,59027.47,53124.72,0,8345.2,2025,9,September,Sunday,59027.47,53124.723000000005
2025-09-21,ORD048668,CUST04710,P006,Desk,Furniture,Hyderabad,Online,Cash,1,11067.43,0.05,11067.43,10514.06,0,2825.84,2025,9,September,Sunday,11067.43,10514.0585
2025-09-21,ORD013309,CUST03269,P020,Microwave,Home,Pune,Online,Credit Card,1,11037.24,0.15,11037.24,9381.65,0,1601.68,2025,9,September,Sunday,11037.24,9381.654
2025-09-21,ORD016891,CUST00487,P016,Sofa,Furniture,Mumbai,Online,UPI,1,33008.11,0.05,33008.11,31357.7,0,8429.98,2025,9,September,Sunday,33008.11,31357.7045
2025-09-21,ORD036363,CUST02520,P019,Vacuum Cleaner,Home,Bengaluru,Store,Credit Card,4,8242.22,0.15,32968.88,28023.55,0,3429.7,2025,9,September,Sunday,32968.88,28023.547999999995
2025-09-21,ORD007324,CUST02417,P015,Dining Table,Furniture,Ahmedabad,Online,UPI,1,23706.68,0.05,23706.68,22521.35,0,5532.6,2025,9,September,Sunday,23706.68,22521.345999999998
2025-09-21,ORD006991,CUST03619,P020,Microwave,Home,Ahmedabad,Store,Debit Card,1,11969.12,0.0,11969.12,11969.12,0,2444.27,2025,9,September,Sunday,11969.12,11969.12
2025-09-21,ORD002113,CUST04162,P015,Dining Table,Furniture,Mumbai,Store,Credit Card,1,20305.11,0.2,20305.11,16244.09,0,2791.96,2025,9,September,Sunday,20305.11,16244.088000000002
2025-09-21,ORD000138,CUST00270,P008,Running Shoes,Fashion,Surat,Online,Credit Card,1,3979.1,0.05,3979.1,3780.14,0,999.53,2025,9,September,Sunday,3979.1,3780.1449999999995
2025-09-21,ORD033656,CUST03634,P008,Running Shoes,Fashion,Ahmedabad,Online,UPI,1,4310.56,0.15,4310.56,3663.98,0,498.63,2025,9,September,Sunday,4310.56,3663.976
2025-09-21,ORD026035,CUST01799,P017,Jeans,Fashion,Ahmedabad,Online,UPI,2,3003.43,0.15,6006.86,5105.83,0,859.68,2025,9,September,Sunday,6006.86,5105.830999999999
2025-09-21,ORD033885,CUST02623,P020,Microwave,Home,Hyderabad,Online,Debit Card,2,10505.61,0.0,21011.22,21011.22,0,2450.56,2025,9,September,Sunday,21011.22,21011.22
2025-09-21,ORD011061,CUST02563,P004,Smartwatch,Electronics,Bengaluru,Store,UPI,1,7650.18,0.1,7650.18,6885.16,0,1776.82,2025,9,September,Sunday,7650.18,6885.162
2025-09-21,ORD036640,CUST03264,P004,Smartwatch,Electronics,Ahmedabad,Store,Credit Card,4,7260.79,0.1,29043.16,26138.84,0,5253.14,2025,9,September,Sunday,29043.16,26138.844
2025-09-21,ORD044869,CUST00913,P001,Laptop,Electronics,Jaipur,Online,UPI,1,61611.78,0.05,61611.78,58531.19,0,12829.62,2025,9,September,Sunday,61611.78,58531.191
2025-09-21,ORD045479,CUST03921,P020,Microwave,Home,Jaipur,Store,UPI,2,10015.36,0.25,20030.72,15023.04,0,1553.13,2025,9,September,Sunday,20030.72,15023.04
2025-09-21,ORD026113,CUST02828,P006,Desk,Furniture,Jaipur,Store,Credit Card,1,11702.33,0.15,11702.33,9946.98,0,532.15,2025,9,September,Sunday,11702.33,9946.9805
2025-09-21,ORD011912,CUST02094,P010,Coffee Maker,Home,Bengaluru,Online,UPI,2,5932.83,0.1,11865.66,10679.09,0,643.06,2025,9,September,Sunday,11865.66,10679.094000000001
2025-09-21,ORD006854,CUST04274,P014,Keyboard,Electronics,Surat,Online,UPI,2,2409.92,0.15,4819.84,4096.86,0,866.8,2025,9,September,Sunday,4819.84,4096.864
2025-09-21,ORD013198,CUST04766,P017,Jeans,Fashion,Kolkata,Online,Credit Card,3,2904.88,0.0,8714.64,8714.64,0,2347.3,2025,9,September,Sunday,8714.64,8714.64
2025-09-21,ORD027247,CUST04171,P020,Microwave,Home,Hyderabad,Online,Credit Card,1,10487.01,0.0,10487.01,10487.01,0,1439.92,2025,9,September,Sunday,10487.01,10487.01
2025-09-21,ORD014018,CUST02478,P017,Jeans,Fashion,Chennai,Store,Credit Card,2,2638.18,0.1,5276.36,4748.72,0,670.06,2025,9,September,Sunday,5276.36,4748.724
2025-09-21,ORD045575,CUST03376,P004,Smartwatch,Electronics,Pune,Online,Cash,3,6691.13,0.0,20073.39,20073.39,0,1837.47,2025,9,September,Sunday,20073.39,20073.39
2025-09-21,ORD015928,CUST00568,P006,Desk,Furniture,Hyderabad,Store,Debit Card,1,10848.9,0.2,10848.9,8679.12,0,2057.15,2025,9,September,Sunday,10848.9,8679.12
2025-09-21,ORD019117,CUST01636,P001,Laptop,Electronics,Pune,Store,UPI,2,63877.44,0.15,127754.88,108591.65,0,14687.92,2025,9,September,Sunday,127754.88,108591.648
2025-09-21,ORD031713,CUST04838,P011,Mixer Grinder,Home,Jaipur,Online,Net Banking,2,4713.05,0.1,9426.1,8483.49,0,1454.27,2025,9,September,Sunday,9426.1,8483.49
2025-09-21,ORD044902,CUST01795,P008,Running Shoes,Fashion,Bengaluru,Store,Debit Card,2,4019.97,0.1,8039.94,7235.95,0,1878.0,2025,9,September,Sunday,8039.94,7235.946
2025-09-22,ORD009008,CUST02981,P010,Coffee Maker,Home,Delhi,Online,UPI,4,5178.18,0.15,20712.72,17605.81,0,3637.95,2025,9,September,Monday,20712.72,17605.812
2025-09-22,ORD015401,CUST03466,P001,Laptop,Electronics,Chennai,Store,UPI,1,68800.84,0.2,68800.84,55040.67,0,7932.96,2025,9,September,Monday,68800.84,55040.672
2025-09-22,ORD011736,CUST02395,P014,Keyboard,Electronics,Delhi,Store,Net Banking,3,2608.19,0.1,7824.57,7042.11,0,640.77,2025,9,September,Monday,7824.57,7042.113
2025-09-22,ORD041252,CUST04433,P014,Keyboard,Electronics,Ahmedabad,Store,Cash,2,2592.97,0.0,5185.94,5185.94,0,701.58,2025,9,September,Monday,5185.94,5185.94
2025-09-22,ORD030083,CUST02242,P015,Dining Table,Furniture,Pune,Online,Debit Card,1,20477.29,0.0,20477.29,20477.29,0,2621.95,2025,9,September,Monday,20477.29,20477.29
2025-09-22,ORD031965,CUST04767,P018,Jacket,Fashion,Surat,Online,Credit Card,2,5580.84,0.05,11161.68,10603.6,0,1779.55,2025,9,September,Monday,11161.68,10603.596
2025-09-22,ORD039260,CUST03237,P010,Coffee Maker,Home,Pune,Online,UPI,1,5061.44,0.05,5061.44,4808.37,0,825.07,2025,9,September,Monday,5061.44,4808.3679999999995
2025-09-22,ORD031583,CUST03752,P019,Vacuum Cleaner,Home,Pune,Online,Debit Card,1,8641.59,0.1,8641.59,7777.43,0,1161.1,2025,9,September,Monday,8641.59,7777.4310000000005
2025-09-22,ORD043339,CUST03483,P002,Smartphone,Electronics,Ahmedabad,Online,Credit Card,3,28770.29,0.0,86310.87,86310.87,0,13012.11,2025,9,September,Monday,86310.87,86310.87
2025-09-22,ORD048400,CUST02601,P019,Vacuum Cleaner,Home,Bengaluru,Online,Debit Card,1,8503.54,0.0,8503.54,8503.54,0,1391.65,2025,9,September,Monday,8503.54,8503.54
2025-09-22,ORD041537,CUST01007,P019,Vacuum Cleaner,Home,Mumbai,Online,UPI,1,9306.76,0.05,9306.76,8841.42,0,2396.5,2025,9,September,Monday,9306.76,8841.422
2025-09-22,ORD014923,CUST00831,P002,Smartphone,Electronics,Pune,Online,UPI,1,30765.98,0.15,30765.98,26151.08,0,5522.3,2025,9,September,Monday,30765.98,26151.083
2025-09-22,ORD016303,CUST04967,P011,Mixer Grinder,Home,Hyderabad,Store,UPI,1,5073.52,0.05,5073.52,4819.84,0,964.58,2025,9,September,Monday,5073.52,4819.844
2025-09-22,ORD015348,CUST04758,P017,Jeans,Fashion,Pune,Online,Net Banking,1,3059.62,0.1,3059.62,2753.66,0,368.9,2025,9,September,Monday,3059.62,2753.658
2025-09-22,ORD026608,CUST02898,P015,Dining Table,Furniture,Kolkata,Online,Cash,1,20953.61,0.15,20953.61,17810.57,0,1117.72,2025,9,September,Monday,20953.61,17810.5685
2025-09-22,ORD015523,CUST01135,P001,Laptop,Electronics,Surat,Online,UPI,3,61851.55,0.0,185554.65,185554.65,0,28417.11,2025,9,September,Monday,185554.65000000002,185554.65
2025-09-22,ORD007196,CUST04302,P018,Jacket,Fashion,Pune,Store,UPI,2,4996.98,0.0,9993.96,9993.96,0,1327.72,2025,9,September,Monday,9993.96,9993.96
2025-09-22,ORD013541,CUST01311,P018,Jacket,Fashion,Pune,Online,UPI,1,4959.62,0.25,4959.62,3719.72,0,522.71,2025,9,September,Monday,4959.62,3719.715
2025-09-22,ORD037740,CUST02281,P010,Coffee Maker,Home,Hyderabad,Online,Credit Card,1,6030.19,0.15,6030.19,5125.66,0,756.94,2025,9,September,Monday,6030.19,5125.661499999999
2025-09-22,ORD038876,CUST01764,P003,Headphones,Electronics,Jaipur,Online,UPI,3,4863.33,0.1,14589.99,13130.99,0,2930.76,2025,9,September,Monday,14589.99,13130.991
2025-09-22,ORD044196,CUST01199,P006,Desk,Furniture,Pune,Online,UPI,1,12790.1,0.05,12790.1,12150.6,0,2951.73,2025,9,September,Monday,12790.1,12150.595
2025-09-22,ORD021666,CUST04087,P020,Microwave,Home,Jaipur,Online,Debit Card,5,12070.58,0.05,60352.9,57335.26,0,5841.4,2025,9,September,Monday,60352.9,57335.255
2025-09-22,ORD041161,CUST03700,P007,Backpack,Accessories,Chennai,Store,UPI,2,2038.09,0.1,4076.18,3668.56,0,575.65,2025,9,September,Monday,4076.18,3668.562
2025-09-22,ORD025751,CUST02243,P003,Headphones,Electronics,Ahmedabad,Online,UPI,1,4301.53,0.0,4301.53,4301.53,0,670.14,2025,9,September,Monday,4301.53,4301.53
2025-09-22,ORD049050,CUST02451,P015,Dining Table,Furniture,Ahmedabad,Online,UPI,4,21137.8,0.1,84551.2,76096.08,0,15703.87,2025,9,September,Monday,84551.2,76096.08
2025-09-22,ORD014662,CUST01656,P010,Coffee Maker,Home,Pune,Online,Debit Card,1,5324.61,0.0,5324.61,5324.61,1,-266.23,2025,9,September,Monday,5324.61,5324.61
2025-09-22,ORD007539,CUST03037,P018,Jacket,Fashion,Mumbai,Online,Credit Card,1,4948.5,0.1,4948.5,4453.65,0,701.83,2025,9,September,Monday,4948.5,4453.650000000001
2025-09-22,ORD048319,CUST03347,P005,Office Chair,Furniture,Pune,Online,UPI,2,8612.83,0.0,17225.66,17225.66,0,2262.31,2025,9,September,Monday,17225.66,17225.66
2025-09-22,ORD009904,CUST02616,P013,Monitor,Electronics,Hyderabad,Store,UPI,1,17450.29,0.1,17450.29,15705.26,0,1680.41,2025,9,September,Monday,17450.29,15705.261
2025-09-22,ORD048785,CUST00227,P004,Smartwatch,Electronics,Ahmedabad,Store,UPI,1,6421.33,0.1,6421.33,5779.2,0,1387.86,2025,9,September,Monday,6421.33,5779.197
2025-09-22,ORD022130,CUST03014,P010,Coffee Maker,Home,Surat,Online,Credit Card,4,5947.62,0.15,23790.48,20221.91,0,1214.61,2025,9,September,Monday,23790.48,20221.908
2025-09-22,ORD022134,CUST01905,P007,Backpack,Accessories,Ahmedabad,Online,Credit Card,2,1992.67,0.1,3985.34,3586.81,0,714.85,2025,9,September,Monday,3985.34,3586.806
2025-09-22,ORD003790,CUST02260,P005,Office Chair,Furniture,Hyderabad,Online,Net Banking,1,10382.23,0.1,10382.23,9344.01,0,1405.16,2025,9,September,Monday,10382.23,9344.007
2025-09-22,ORD010603,CUST02364,P017,Jeans,Fashion,Pune,Online,UPI,2,2734.94,0.1,5469.88,4922.89,0,339.27,2025,9,September,Monday,5469.88,4922.892
2025-09-22,ORD027266,CUST02246,P007,Backpack,Accessories,Delhi,Store,Debit Card,2,2033.42,0.05,4066.84,3863.5,0,738.09,2025,9,September,Monday,4066.84,3863.498
2025-09-22,ORD034129,CUST01801,P010,Coffee Maker,Home,Kolkata,Store,UPI,1,5515.03,0.0,5515.03,5515.03,0,1419.56,2025,9,September,Monday,5515.03,5515.03
2025-09-22,ORD024965,CUST04621,P008,Running Shoes,Fashion,Jaipur,Store,UPI,2,4000.32,0.05,8000.64,7600.61,0,654.51,2025,9,September,Monday,8000.64,7600.608
2025-09-22,ORD046709,CUST03667,P014,Keyboard,Electronics,Surat,Online,Credit Card,2,2432.52,0.05,4865.04,4621.79,0,446.79,2025,9,September,Monday,4865.04,4621.788
2025-09-22,ORD019825,CUST03335,P017,Jeans,Fashion,Bengaluru,Online,Debit Card,2,2820.37,0.2,5640.74,4512.59,0,250.42,2025,9,September,Monday,5640.74,4512.592
2025-09-22,ORD016766,CUST04011,P017,Jeans,Fashion,Kolkata,Online,Cash,1,3007.24,0.15,3007.24,2556.15,1,-127.81,2025,9,September,Monday,3007.24,2556.1539999999995
2025-09-22,ORD037496,CUST03936,P012,Air Fryer,Home,Kolkata,Store,Debit Card,1,6858.89,0.0,6858.89,6858.89,0,1700.13,2025,9,September,Monday,6858.89,6858.89
2025-09-22,ORD034469,CUST02584,P014,Keyboard,Electronics,Mumbai,Store,Debit Card,1,2454.66,0.05,2454.66,2331.93,0,207.29,2025,9,September,Monday,2454.66,2331.9269999999997
2025-09-22,ORD018817,CUST02236,P005,Office Chair,Furniture,Pune,Online,Credit Card,1,9093.91,0.0,9093.91,9093.91,0,1277.15,2025,9,September,Monday,9093.91,9093.91
2025-09-22,ORD000807,CUST02940,P003,Headphones,Electronics,Jaipur,Online,UPI,5,4635.78,0.1,23178.9,20861.01,0,2354.56,2025,9,September,Monday,23178.899999999998,20861.010000000002
2025-09-22,ORD034965,CUST02638,P018,Jacket,Fashion,Ahmedabad,Store,Debit Card,1,5130.05,0.1,5130.05,4617.04,0,820.54,2025,9,September,Monday,5130.05,4617.045
2025-09-22,ORD027449,CUST01129,P015,Dining Table,Furniture,Pune,Online,Credit Card,1,19963.08,0.1,19963.08,17966.77,0,3982.86,2025,9,September,Monday,19963.08,17966.772
2025-09-22,ORD026873,CUST00738,P017,Jeans,Fashion,Delhi,Store,Credit Card,1,2755.99,0.25,2755.99,2066.99,0,374.11,2025,9,September,Monday,2755.99,2066.9925
2025-09-22,ORD006520,CUST03022,P019,Vacuum Cleaner,Home,Ahmedabad,Store,Cash,1,8896.86,0.0,8896.86,8896.86,0,1027.97,2025,9,September,Monday,8896.86,8896.86
2025-09-22,ORD033967,CUST00967,P009,T-Shirt,Fashion,Jaipur,Store,Debit Card,5,1113.7,0.0,5568.5,5568.5,0,484.97,2025,9,September,Monday,5568.5,5568.5
2025-09-22,ORD009364,CUST02381,P020,Microwave,Home,Delhi,Online,UPI,4,9944.52,0.0,39778.08,39778.08,0,7944.62,2025,9,September,Monday,39778.08,39778.08
2025-09-22,ORD045280,CUST03246,P019,Vacuum Cleaner,Home,Hyderabad,Store,Debit Card,5,8426.95,0.0,42134.75,42134.75,0,11327.32,2025,9,September,Monday,42134.75,42134.75
2025-09-22,ORD049315,CUST03930,P003,Headphones,Electronics,Ahmedabad,Online,Cash,1,4237.99,0.1,4237.99,3814.19,0,613.78,2025,9,September,Monday,4237.99,3814.191
2025-09-22,ORD015946,CUST04131,P010,Coffee Maker,Home,Pune,Store,Credit Card,3,5229.33,0.2,15687.99,12550.39,0,1990.29,2025,9,September,Monday,15687.99,12550.392
2025-09-22,ORD039884,CUST04493,P012,Air Fryer,Home,Pune,Store,UPI,1,7220.79,0.1,7220.79,6498.71,0,1302.24,2025,9,September,Monday,7220.79,6498.711
2025-09-22,ORD009598,CUST00298,P007,Backpack,Accessories,Kolkata,Store,Credit Card,1,2208.59,0.05,2208.59,2098.16,0,153.99,2025,9,September,Monday,2208.59,2098.1605
2025-09-22,ORD034467,CUST04112,P012,Air Fryer,Home,Mumbai,Online,Net Banking,2,7204.66,0.0,14409.32,14409.32,0,2794.6,2025,9,September,Monday,14409.32,14409.32
2025-09-22,ORD014851,CUST00030,P003,Headphones,Electronics,Surat,Store,Cash,2,4206.77,0.15,8413.54,7151.51,0,905.4,2025,9,September,Monday,8413.54,7151.509000000001
2025-09-22,ORD026764,CUST04155,P015,Dining Table,Furniture,Ahmedabad,Store,UPI,1,21661.17,0.2,21661.17,17328.94,0,2806.19,2025,9,September,Monday,21661.17,17328.935999999998
2025-09-22,ORD023901,CUST00612,P019,Vacuum Cleaner,Home,Surat,Store,Credit Card,3,8555.11,0.05,25665.33,24382.06,0,5889.29,2025,9,September,Monday,25665.33,24382.0635
2025-09-22,ORD018797,CUST02293,P003,Headphones,Electronics,Jaipur,Store,Credit Card,2,4366.37,0.1,8732.74,7859.47,0,2102.09,2025,9,September,Monday,8732.74,7859.466
2025-09-22,ORD006295,CUST00109,P011,Mixer Grinder,Home,Chennai,Store,UPI,1,5064.51,0.15,5064.51,4304.83,0,1004.75,2025,9,September,Monday,5064.51,4304.8335
2025-09-22,ORD033769,CUST01676,P005,Office Chair,Furniture,Hyderabad,Online,Credit Card,2,8642.49,0.05,17284.98,16420.73,0,2274.03,2025,9,September,Monday,17284.98,16420.731
2025-09-22,ORD007848,CUST03949,P011,Mixer Grinder,Home,Hyderabad,Online,Credit Card,5,4626.76,0.0,23133.8,23133.8,0,3630.34,2025,9,September,Monday,23133.800000000003,23133.8
2025-09-22,ORD014130,CUST04787,P011,Mixer Grinder,Home,Ahmedabad,Online,UPI,1,4831.52,0.1,4831.52,4348.37,0,813.56,2025,9,September,Monday,4831.52,4348.368
2025-09-22,ORD003006,CUST03782,P006,Desk,Furniture,Chennai,Online,UPI,1,11117.01,0.05,11117.01,10561.16,0,2577.98,2025,9,September,Monday,11117.01,10561.1595
2025-09-22,ORD040243,CUST04158,P009,T-Shirt,Fashion,Delhi,Online,UPI,3,1148.34,0.05,3445.02,3272.77,0,655.28,2025,9,September,Monday,3445.0199999999995,3272.769
2025-09-22,ORD030795,CUST04983,P007,Backpack,Accessories,Hyderabad,Online,UPI,5,2154.07,0.1,10770.35,9693.32,0,1311.9,2025,9,September,Monday,10770.35,9693.315
2025-09-22,ORD024453,CUST01403,P012,Air Fryer,Home,Hyderabad,Online,UPI,4,6592.32,0.05,26369.28,25050.82,0,7058.09,2025,9,September,Monday,26369.28,25050.816
2025-09-23,ORD024799,CUST01825,P019,Vacuum Cleaner,Home,Hyderabad,Online,Debit Card,1,8708.41,0.15,8708.41,7402.15,0,533.61,2025,9,September,Tuesday,8708.41,7402.148499999999
2025-09-23,ORD042061,CUST01678,P014,Keyboard,Electronics,Hyderabad,Online,Credit Card,2,2439.77,0.05,4879.54,4635.56,1,-231.78,2025,9,September,Tuesday,4879.54,4635.563
2025-09-23,ORD000764,CUST00179,P019,Vacuum Cleaner,Home,Bengaluru,Online,UPI,2,9186.76,0.0,18373.52,18373.52,0,4444.73,2025,9,September,Tuesday,18373.52,18373.52
2025-09-23,ORD034330,CUST04411,P019,Vacuum Cleaner,Home,Ahmedabad,Online,Credit Card,2,8682.26,0.05,17364.52,16496.29,0,1833.88,2025,9,September,Tuesday,17364.52,16496.293999999998
2025-09-23,ORD000525,CUST01813,P016,Sofa,Furniture,Bengaluru,Online,Net Banking,5,34669.77,0.1,173348.85,156013.96,0,42272.27,2025,9,September,Tuesday,173348.84999999998,156013.965
2025-09-23,ORD008432,CUST01632,P020,Microwave,Home,Mumbai,Online,Cash,1,10277.96,0.1,10277.96,9250.16,0,1283.89,2025,9,September,Tuesday,10277.96,9250.163999999999
2025-09-23,ORD009029,CUST04703,P011,Mixer Grinder,Home,Kolkata,Online,UPI,3,5096.03,0.15,15288.09,12994.88,0,1250.21,2025,9,September,Tuesday,15288.09,12994.8765
2025-09-23,ORD042798,CUST03931,P007,Backpack,Accessories,Surat,Online,UPI,1,2373.73,0.15,2373.73,2017.67,0,102.26,2025,9,September,Tuesday,2373.73,2017.6705
2025-09-23,ORD048767,CUST04152,P001,Laptop,Electronics,Jaipur,Online,UPI,1,61654.58,0.1,61654.58,55489.12,0,4198.22,2025,9,September,Tuesday,61654.58,55489.122
2025-09-23,ORD034808,CUST02994,P018,Jacket,Fashion,Surat,Online,Credit Card,2,5554.6,0.0,11109.2,11109.2,0,2432.15,2025,9,September,Tuesday,11109.2,11109.2
2025-09-23,ORD048992,CUST01300,P012,Air Fryer,Home,Jaipur,Store,Debit Card,1,7867.72,0.15,7867.72,6687.56,0,742.13,2025,9,September,Tuesday,7867.72,6687.562
2025-09-23,ORD028014,CUST01575,P019,Vacuum Cleaner,Home,Ahmedabad,Online,UPI,1,8664.03,0.0,8664.03,8664.03,0,983.56,2025,9,September,Tuesday,8664.03,8664.03
2025-09-23,ORD027686,CUST01579,P001,Laptop,Electronics,Delhi,Online,Net Banking,2,70202.35,0.0,140404.7,140404.7,0,25013.97,2025,9,September,Tuesday,140404.7,140404.7
2025-09-23,ORD016789,CUST04330,P013,Monitor,Electronics,Surat,Store,UPI,1,18792.55,0.15,18792.55,15973.67,0,3176.8,2025,9,September,Tuesday,18792.55,15973.6675
2025-09-23,ORD028122,CUST04883,P019,Vacuum Cleaner,Home,Ahmedabad,Online,Debit Card,2,9161.47,0.05,18322.94,17406.79,0,4507.8,2025,9,September,Tuesday,18322.94,17406.792999999998
2025-09-23,ORD011621,CUST03532,P010,Coffee Maker,Home,Hyderabad,Store,Net Banking,1,5604.95,0.1,5604.95,5044.46,0,1172.59,2025,9,September,Tuesday,5604.95,5044.455
2025-09-23,ORD038688,CUST04427,P007,Backpack,Accessories,Bengaluru,Online,Cash,1,2182.03,0.05,2182.03,2072.93,0,274.52,2025,9,September,Tuesday,2182.03,2072.9285
2025-09-23,ORD037932,CUST04320,P012,Air Fryer,Home,Mumbai,Online,Debit Card,2,7245.21,0.05,14490.42,13765.9,0,3573.81,2025,9,September,Tuesday,14490.42,13765.899
2025-09-23,ORD014790,CUST03459,P002,Smartphone,Electronics,Bengaluru,Online,UPI,1,28527.65,0.0,28527.65,28527.65,0,3210.37,2025,9,September,Tuesday,28527.65,28527.65
2025-09-23,ORD025574,CUST00375,P020,Microwave,Home,Pune,Store,Cash,3,10322.13,0.0,30966.39,30966.39,0,4869.76,2025,9,September,Tuesday,30966.39,30966.39
2025-09-23,ORD033674,CUST02914,P012,Air Fryer,Home,Ahmedabad,Online,Net Banking,1,6498.88,0.15,6498.88,5524.05,0,1047.34,2025,9,September,Tuesday,6498.88,5524.048
2025-09-23,ORD022309,CUST02825,P011,Mixer Grinder,Home,Surat,Online,Cash,1,4877.79,0.15,4877.79,4146.12,0,608.98,2025,9,September,Tuesday,4877.79,4146.1215
2025-09-23,ORD022569,CUST03172,P007,Backpack,Accessories,Kolkata,Online,UPI,1,2022.72,0.15,2022.72,1719.31,0,91.05,2025,9,September,Tuesday,2022.72,1719.312
2025-09-23,ORD020686,CUST03650,P008,Running Shoes,Fashion,Pune,Store,Cash,3,3907.48,0.15,11722.44,9964.07,0,913.3,2025,9,September,Tuesday,11722.44,9964.074
2025-09-23,ORD000650,CUST01364,P007,Backpack,Accessories,Kolkata,Online,Cash,1,2367.75,0.0,2367.75,2367.75,0,557.6,2025,9,September,Tuesday,2367.75,2367.75
2025-09-23,ORD034361,CUST03035,P020,Microwave,Home,Kolkata,Online,UPI,1,10376.5,0.1,10376.5,9338.85,0,2174.5,2025,9,September,Tuesday,10376.5,9338.85
2025-09-23,ORD008697,CUST03577,P005,Office Chair,Furniture,Jaipur,Store,Net Banking,1,8715.04,0.25,8715.04,6536.28,0,931.0,2025,9,September,Tuesday,8715.04,6536.280000000001
2025-09-23,ORD042258,CUST01782,P016,Sofa,Furniture,Kolkata,Online,Net Banking,2,36664.25,0.25,73328.5,54996.38,0,2751.92,2025,9,September,Tuesday,73328.5,54996.375
2025-09-23,ORD003915,CUST04710,P008,Running Shoes,Fashion,Delhi,Store,Cash,1,4157.37,0.1,4157.37,3741.63,0,497.78,2025,9,September,Tuesday,4157.37,3741.633
2025-09-23,ORD033206,CUST02451,P012,Air Fryer,Home,Mumbai,Online,Credit Card,1,7135.62,0.05,7135.62,6778.84,0,1900.59,2025,9,September,Tuesday,7135.62,6778.839
2025-09-23,ORD049424,CUST03677,P006,Desk,Furniture,Jaipur,Online,UPI,4,11559.73,0.05,46238.92,43926.97,0,7656.35,2025,9,September,Tuesday,46238.92,43926.973999999995
2025-09-23,ORD004324,CUST04338,P018,Jacket,Fashion,Mumbai,Online,UPI,1,4812.64,0.15,4812.64,4090.74,1,-204.54,2025,9,September,Tuesday,4812.64,4090.744
2025-09-23,ORD042828,CUST02849,P006,Desk,Furniture,Pune,Online,UPI,2,12805.62,0.1,25611.24,23050.12,0,4607.36,2025,9,September,Tuesday,25611.24,23050.116
2025-09-23,ORD025237,CUST00775,P020,Microwave,Home,Chennai,Store,UPI,1,12055.68,0.15,12055.68,10247.33,0,751.56,2025,9,September,Tuesday,12055.68,10247.328
2025-09-23,ORD000600,CUST00613,P008,Running Shoes,Fashion,Bengaluru,Online,UPI,1,4193.22,0.05,4193.22,3983.56,0,487.72,2025,9,September,Tuesday,4193.22,3983.559
2025-09-23,ORD042010,CUST04331,P012,Air Fryer,Home,Delhi,Online,UPI,1,6506.42,0.1,6506.42,5855.78,0,1467.13,2025,9,September,Tuesday,6506.42,5855.778
2025-09-23,ORD010634,CUST01237,P019,Vacuum Cleaner,Home,Bengaluru,Online,Credit Card,4,9649.98,0.05,38599.92,36669.92,0,5941.74,2025,9,September,Tuesday,38599.92,36669.924
2025-09-23,ORD045247,CUST04848,P008,Running Shoes,Fashion,Ahmedabad,Store,Credit Card,2,4171.35,0.15,8342.7,7091.3,0,1769.55,2025,9,September,Tuesday,8342.7,7091.295
2025-09-23,ORD032566,CUST01784,P016,Sofa,Furniture,Pune,Store,Net Banking,3,33907.49,0.1,101722.47,91550.22,0,9185.54,2025,9,September,Tuesday,101722.47,91550.223
2025-09-23,ORD044968,CUST01894,P013,Monitor,Electronics,Ahmedabad,Online,Credit Card,1,19691.86,0.15,19691.86,16738.08,0,1360.56,2025,9,September,Tuesday,19691.86,16738.081
2025-09-23,ORD032162,CUST00817,P013,Monitor,Electronics,Delhi,Online,UPI,2,19702.51,0.1,39405.02,35464.52,0,6910.66,2025,9,September,Tuesday,39405.02,35464.518
2025-09-23,ORD041427,CUST00882,P007,Backpack,Accessories,Mumbai,Online,Debit Card,1,2240.54,0.1,2240.54,2016.49,0,331.8,2025,9,September,Tuesday,2240.54,2016.486
2025-09-23,ORD044175,CUST00602,P016,Sofa,Furniture,Pune,Online,Cash,1,31581.0,0.15,31581.0,26843.85,0,1979.95,2025,9,September,Tuesday,31581.0,26843.85
2025-09-23,ORD037155,CUST03483,P015,Dining Table,Furniture,Delhi,Online,UPI,1,22161.89,0.0,22161.89,22161.89,1,-1108.09,2025,9,September,Tuesday,22161.89,22161.89
2025-09-23,ORD031664,CUST00116,P012,Air Fryer,Home,Pune,Online,UPI,2,7195.8,0.1,14391.6,12952.44,0,853.0,2025,9,September,Tuesday,14391.6,12952.44
2025-09-23,ORD010786,CUST01480,P003,Headphones,Electronics,Ahmedabad,Store,UPI,1,4628.99,0.05,4628.99,4397.54,0,406.65,2025,9,September,Tuesday,4628.99,4397.540499999999
2025-09-23,ORD046431,CUST01615,P018,Jacket,Fashion,Ahmedabad,Online,Debit Card,1,5693.59,0.1,5693.59,5124.23,0,675.98,2025,9,September,Tuesday,5693.59,5124.231000000001
2025-09-23,ORD021475,CUST01107,P020,Microwave,Home,Ahmedabad,Online,UPI,3,10444.7,0.1,31334.1,28200.69,0,6217.83,2025,9,September,Tuesday,31334.100000000002,28200.69
2025-09-23,ORD022396,CUST01679,P009,T-Shirt,Fashion,Hyderabad,Store,UPI,1,1176.08,0.2,1176.08,940.86,0,139.27,2025,9,September,Tuesday,1176.08,940.864
2025-09-23,ORD041489,CUST01405,P020,Microwave,Home,Jaipur,Online,Credit Card,1,10045.44,0.25,10045.44,7534.08,0,1242.51,2025,9,September,Tuesday,10045.44,7534.08
2025-09-23,ORD011412,CUST04844,P002,Smartphone,Electronics,Kolkata,Online,UPI,2,30100.56,0.05,60201.12,57191.06,0,13698.31,2025,9,September,Tuesday,60201.12,57191.064
2025-09-23,ORD049429,CUST02928,P001,Laptop,Electronics,Bengaluru,Online,Debit Card,2,62818.81,0.05,125637.62,119355.74,0,34379.59,2025,9,September,Tuesday,125637.62,119355.73899999999
2025-09-23,ORD038891,CUST02998,P011,Mixer Grinder,Home,Bengaluru,Online,Credit Card,4,4742.02,0.25,18968.08,14226.06,0,663.59,2025,9,September,Tuesday,18968.08,14226.060000000001
2025-09-23,ORD013600,CUST02088,P002,Smartphone,Electronics,Ahmedabad,Online,Credit Card,1,30234.13,0.1,30234.13,27210.72,0,7400.76,2025,9,September,Tuesday,30234.13,27210.717
2025-09-23,ORD035555,CUST01318,P014,Keyboard,Electronics,Jaipur,Store,Credit Card,1,2417.72,0.05,2417.72,2296.83,0,639.46,2025,9,September,Tuesday,2417.72,2296.834
2025-09-23,ORD025722,CUST01227,P001,Laptop,Electronics,Kolkata,Store,UPI,1,69036.96,0.0,69036.96,69036.96,0,12803.45,2025,9,September,Tuesday,69036.96,69036.96
2025-09-23,ORD015163,CUST04705,P009,T-Shirt,Fashion,Jaipur,Store,Debit Card,3,1307.47,0.15,3922.41,3334.05,0,315.47,2025,9,September,Tuesday,3922.41,3334.0485
2025-09-23,ORD026311,CUST03222,P020,Microwave,Home,Hyderabad,Store,UPI,5,10656.32,0.05,53281.6,50617.52,0,6343.88,2025,9,September,Tuesday,53281.6,50617.52
2025-09-23,ORD038896,CUST03669,P008,Running Shoes,Fashion,Kolkata,Store,UPI,1,4079.97,0.05,4079.97,3875.97,0,1000.23,2025,9,September,Tuesday,4079.97,3875.9714999999997
2025-09-23,ORD021721,CUST03712,P009,T-Shirt,Fashion,Pune,Online,UPI,2,1100.81,0.05,2201.62,2091.54,0,160.12,2025,9,September,Tuesday,2201.62,2091.5389999999998
2025-09-23,ORD040098,CUST04280,P017,Jeans,Fashion,Pune,Online,UPI,2,2558.34,0.0,5116.68,5116.68,0,1531.51,2025,9,September,Tuesday,5116.68,5116.68
2025-09-23,ORD036830,CUST04954,P008,Running Shoes,Fashion,Pune,Online,UPI,1,4153.06,0.15,4153.06,3530.1,0,775.93,2025,9,September,Tuesday,4153.06,3530.101
2025-09-23,ORD011513,CUST00698,P015,Dining Table,Furniture,Mumbai,Store,UPI,3,19805.54,0.25,59416.62,44562.46,0,10956.61,2025,9,September,Tuesday,59416.62,44562.465000000004
2025-09-24,ORD000259,CUST02625,P018,Jacket,Fashion,Mumbai,Online,Cash,1,5658.07,0.05,5658.07,5375.17,0,1477.07,2025,9,September,Wednesday,5658.07,5375.166499999999
2025-09-24,ORD036453,CUST01664,P004,Smartwatch,Electronics,Jaipur,Online,UPI,4,7377.42,0.2,29509.68,23607.74,0,4013.33,2025,9,September,Wednesday,29509.68,23607.744000000002
2025-09-24,ORD049462,CUST00726,P006,Desk,Furniture,Hyderabad,Online,UPI,1,12304.74,0.1,12304.74,11074.27,0,2841.81,2025,9,September,Wednesday,12304.74,11074.266
2025-09-24,ORD035575,CUST04205,P009,T-Shirt,Fashion,Jaipur,Store,UPI,1,1218.03,0.0,1218.03,1218.03,0,222.66,2025,9,September,Wednesday,1218.03,1218.03
2025-09-24,ORD004004,CUST03942,P011,Mixer Grinder,Home,Surat,Online,UPI,2,4882.33,0.2,9764.66,7811.73,0,654.78,2025,9,September,Wednesday,9764.66,7811.728
2025-09-24,ORD015482,CUST02006,P007,Backpack,Accessories,Ahmedabad,Store,UPI,1,2400.38,0.1,2400.38,2160.34,0,424.0,2025,9,September,Wednesday,2400.38,2160.342
2025-09-24,ORD045423,CUST01501,P002,Smartphone,Electronics,Surat,Online,UPI,1,30168.93,0.05,30168.93,28660.48,0,3268.04,2025,9,September,Wednesday,30168.93,28660.4835
2025-09-24,ORD004478,CUST00841,P013,Monitor,Electronics,Pune,Store,Cash,1,19792.04,0.2,19792.04,15833.63,0,697.24,2025,9,September,Wednesday,19792.04,15833.632000000001
2025-09-24,ORD020797,CUST04674,P019,Vacuum Cleaner,Home,Kolkata,Online,Net Banking,1,8340.25,0.2,8340.25,6672.2,0,558.7,2025,9,September,Wednesday,8340.25,6672.200000000001
2025-09-24,ORD031763,CUST03338,P005,Office Chair,Furniture,Pune,Store,Credit Card,1,8982.74,0.25,8982.74,6737.06,0,1013.19,2025,9,September,Wednesday,8982.74,6737.055
2025-09-24,ORD044944,CUST02710,P009,T-Shirt,Fashion,Pune,Online,Credit Card,2,1166.22,0.05,2332.44,2215.82,0,272.16,2025,9,September,Wednesday,2332.44,2215.8179999999998
2025-09-24,ORD021398,CUST03602,P015,Dining Table,Furniture,Jaipur,Store,UPI,1,20247.11,0.1,20247.11,18222.4,0,3643.18,2025,9,September,Wednesday,20247.11,18222.399
2025-09-24,ORD034695,CUST02228,P003,Headphones,Electronics,Pune,Online,UPI,1,4099.11,0.1,4099.11,3689.2,0,718.63,2025,9,September,Wednesday,4099.11,3689.1989999999996
2025-09-24,ORD042020,CUST00333,P015,Dining Table,Furniture,Delhi,Online,Debit Card,1,20709.73,0.05,20709.73,19674.24,0,2560.44,2025,9,September,Wednesday,20709.73,19674.243499999997
2025-09-24,ORD001775,CUST00545,P008,Running Shoes,Fashion,Kolkata,Store,UPI,1,4279.7,0.1,4279.7,3851.73,0,234.79,2025,9,September,Wednesday,4279.7,3851.73
2025-09-24,ORD000636,CUST00844,P008,Running Shoes,Fashion,Delhi,Store,Credit Card,2,3931.93,0.1,7863.86,7077.47,0,817.25,2025,9,September,Wednesday,7863.86,7077.474
2025-09-24,ORD049484,CUST02130,P008,Running Shoes,Fashion,Kolkata,Online,UPI,3,3884.77,0.1,11654.31,10488.88,0,1510.72,2025,9,September,Wednesday,11654.31,10488.878999999999
2025-09-24,ORD037246,CUST01008,P001,Laptop,Electronics,Jaipur,Store,Debit Card,1,61196.19,0.25,61196.19,45897.14,0,3252.86,2025,9,September,Wednesday,61196.19,45897.1425
2025-09-24,ORD015893,CUST04297,P006,Desk,Furniture,Jaipur,Online,Credit Card,2,11613.67,0.0,23227.34,23227.34,0,5172.15,2025,9,September,Wednesday,23227.34,23227.34
2025-09-24,ORD006821,CUST03793,P016,Sofa,Furniture,Pune,Online,UPI,1,37181.05,0.1,37181.05,33462.95,0,2211.7,2025,9,September,Wednesday,37181.05,33462.94500000001
2025-09-24,ORD013792,CUST03914,P012,Air Fryer,Home,Pune,Online,Debit Card,1,6937.14,0.0,6937.14,6937.14,0,1972.59,2025,9,September,Wednesday,6937.14,6937.14
2025-09-24,ORD040161,CUST03535,P014,Keyboard,Electronics,Ahmedabad,Online,Debit Card,1,2636.94,0.0,2636.94,2636.94,1,-131.85,2025,9,September,Wednesday,2636.94,2636.94
2025-09-24,ORD032998,CUST00681,P005,Office Chair,Furniture,Jaipur,Online,UPI,1,10331.23,0.1,10331.23,9298.11,0,1025.08,2025,9,September,Wednesday,10331.23,9298.107
2025-09-24,ORD020285,CUST01874,P012,Air Fryer,Home,Jaipur,Store,UPI,2,6922.23,0.0,13844.46,13844.46,0,3748.37,2025,9,September,Wednesday,13844.46,13844.46
2025-09-24,ORD017260,CUST01359,P006,Desk,Furniture,Surat,Store,UPI,1,12567.98,0.05,12567.98,11939.58,0,1202.95,2025,9,September,Wednesday,12567.98,11939.580999999998
2025-09-24,ORD032993,CUST02114,P002,Smartphone,Electronics,Hyderabad,Online,Cash,1,26269.43,0.25,26269.43,19702.07,0,1509.22,2025,9,September,Wednesday,26269.43,19702.072500000002
2025-09-24,ORD040187,CUST01391,P020,Microwave,Home,Kolkata,Online,Debit Card,1,11231.99,0.0,11231.99,11231.99,0,2032.83,2025,9,September,Wednesday,11231.99,11231.99
2025-09-24,ORD039030,CUST02377,P004,Smartwatch,Electronics,Surat,Online,Credit Card,1,6791.58,0.0,6791.58,6791.58,0,1981.37,2025,9,September,Wednesday,6791.58,6791.58
2025-09-24,ORD043620,CUST04426,P013,Monitor,Electronics,Ahmedabad,Store,Credit Card,2,16665.11,0.15,33330.22,28330.69,0,2152.45,2025,9,September,Wednesday,33330.22,28330.687
2025-09-24,ORD005225,CUST00657,P017,Jeans,Fashion,Jaipur,Online,UPI,1,2868.33,0.05,2868.33,2724.91,1,-136.25,2025,9,September,Wednesday,2868.33,2724.9134999999997
2025-09-24,ORD030906,CUST01926,P012,Air Fryer,Home,Delhi,Online,UPI,1,7689.78,0.2,7689.78,6151.82,0,1282.31,2025,9,September,Wednesday,7689.78,6151.8240000000005
2025-09-24,ORD023328,CUST00774,P005,Office Chair,Furniture,Bengaluru,Online,Debit Card,1,9133.81,0.15,9133.81,7763.74,0,1547.84,2025,9,September,Wednesday,9133.81,7763.7384999999995
2025-09-24,ORD027297,CUST01108,P002,Smartphone,Electronics,Surat,Store,Debit Card,1,26445.83,0.1,26445.83,23801.25,0,4184.19,2025,9,September,Wednesday,26445.83,23801.247000000003
2025-09-24,ORD005237,CUST04631,P009,T-Shirt,Fashion,Delhi,Online,Credit Card,1,1284.67,0.15,1284.67,1091.97,0,276.96,2025,9,September,Wednesday,1284.67,1091.9695
2025-09-24,ORD027004,CUST04594,P012,Air Fryer,Home,Mumbai,Online,Debit Card,1,7200.91,0.1,7200.91,6480.82,0,890.27,2025,9,September,Wednesday,7200.91,6480.819
2025-09-24,ORD022988,CUST01991,P011,Mixer Grinder,Home,Chennai,Online,Debit Card,1,4454.78,0.1,4454.78,4009.3,0,994.9,2025,9,September,Wednesday,4454.78,4009.3019999999997
2025-09-24,ORD043380,CUST01520,P009,T-Shirt,Fashion,Hyderabad,Store,UPI,2,1301.85,0.15,2603.7,2213.14,0,479.01,2025,9,September,Wednesday,2603.7,2213.145
2025-09-24,ORD020816,CUST02101,P014,Keyboard,Electronics,Hyderabad,Online,Net Banking,1,2561.44,0.05,2561.44,2433.37,0,184.45,2025,9,September,Wednesday,2561.44,2433.368
2025-09-24,ORD002783,CUST02381,P001,Laptop,Electronics,Delhi,Store,UPI,1,64887.84,0.2,64887.84,51910.27,0,12127.71,2025,9,September,Wednesday,64887.84,51910.272
2025-09-24,ORD002947,CUST04663,P017,Jeans,Fashion,Kolkata,Store,UPI,2,2800.49,0.15,5600.98,4760.83,0,1166.95,2025,9,September,Wednesday,5600.98,4760.833
2025-09-24,ORD034769,CUST01743,P015,Dining Table,Furniture,Bengaluru,Store,UPI,5,21377.44,0.0,106887.2,106887.2,0,27595.07,2025,9,September,Wednesday,106887.2,106887.2
2025-09-24,ORD046352,CUST00813,P008,Running Shoes,Fashion,Ahmedabad,Online,UPI,5,4559.75,0.2,22798.75,18239.0,0,3400.5,2025,9,September,Wednesday,22798.75,18239.0
2025-09-24,ORD019877,CUST02637,P016,Sofa,Furniture,Ahmedabad,Store,UPI,2,32019.49,0.15,64038.98,54433.13,0,11907.02,2025,9,September,Wednesday,64038.98,54433.133
2025-09-24,ORD019677,CUST01765,P012,Air Fryer,Home,Surat,Store,Credit Card,1,7669.48,0.15,7669.48,6519.06,0,730.61,2025,9,September,Wednesday,7669.48,6519.057999999999
2025-09-24,ORD021115,CUST03549,P005,Office Chair,Furniture,Delhi,Online,Credit Card,4,10326.08,0.15,41304.32,35108.67,0,2087.27,2025,9,September,Wednesday,41304.32,35108.672
2025-09-24,ORD031877,CUST00911,P002,Smartphone,Electronics,Surat,Online,UPI,1,28754.08,0.05,28754.08,27316.38,0,7362.21,2025,9,September,Wednesday,28754.08,27316.376
2025-09-24,ORD006841,CUST02243,P019,Vacuum Cleaner,Home,Chennai,Store,UPI,1,9455.18,0.2,9455.18,7564.14,0,1598.43,2025,9,September,Wednesday,9455.18,7564.144
2025-09-24,ORD043424,CUST03307,P018,Jacket,Fashion,Pune,Online,Credit Card,1,5222.74,0.15,5222.74,4439.33,0,1181.07,2025,9,September,Wednesday,5222.74,4439.329
2025-09-24,ORD034850,CUST00973,P019,Vacuum Cleaner,Home,Ahmedabad,Online,Credit Card,1,8983.19,0.25,8983.19,6737.39,0,1355.2,2025,9,September,Wednesday,8983.19,6737.3925
2025-09-24,ORD035014,CUST04989,P015,Dining Table,Furniture,Ahmedabad,Online,UPI,1,20988.15,0.0,20988.15,20988.15,0,6165.74,2025,9,September,Wednesday,20988.15,20988.15
2025-09-24,ORD032245,CUST02774,P015,Dining Table,Furniture,Chennai,Online,Cash,1,21502.76,0.2,21502.76,17202.21,0,1809.29,2025,9,September,Wednesday,21502.76,17202.208
2025-09-24,ORD005791,CUST00088,P001,Laptop,Electronics,Delhi,Store,Credit Card,1,65635.6,0.15,65635.6,55790.26,1,-2789.51,2025,9,September,Wednesday,65635.6,55790.26
2025-09-24,ORD032425,CUST03766,P016,Sofa,Furniture,Hyderabad,Online,UPI,1,37976.19,0.15,37976.19,32279.76,0,7170.34,2025,9,September,Wednesday,37976.19,32279.7615
2025-09-24,ORD045060,CUST01848,P011,Mixer Grinder,Home,Jaipur,Online,UPI,1,4862.13,0.25,4862.13,3646.6,0,145.86,2025,9,September,Wednesday,4862.13,3646.5975
2025-09-24,ORD040572,CUST02655,P015,Dining Table,Furniture,Ahmedabad,Store,Credit Card,1,22847.35,0.05,22847.35,21704.98,1,-1085.25,2025,9,September,Wednesday,22847.35,21704.9825
2025-09-24,ORD038305,CUST03428,P005,Office Chair,Furniture,Jaipur,Online,UPI,1,9667.61,0.05,9667.61,9184.23,0,1982.65,2025,9,September,Wednesday,9667.61,9184.2295
2025-09-24,ORD036218,CUST02099,P006,Desk,Furniture,Bengaluru,Online,UPI,3,12147.52,0.05,36442.56,34620.43,1,-1731.02,2025,9,September,Wednesday,36442.56,34620.43199999999
2025-09-24,ORD031211,CUST00834,P016,Sofa,Furniture,Kolkata,Store,UPI,3,32000.56,0.05,96001.68,91201.6,0,18686.96,2025,9,September,Wednesday,96001.68000000001,91201.59599999999
2025-09-24,ORD017061,CUST02727,P013,Monitor,Electronics,Pune,Store,Net Banking,1,17479.11,0.05,17479.11,16605.15,1,-830.26,2025,9,September,Wednesday,17479.11,16605.1545
2025-09-24,ORD023653,CUST00507,P004,Smartwatch,Electronics,Kolkata,Online,UPI,1,6509.81,0.1,6509.81,5858.83,0,1514.79,2025,9,September,Wednesday,6509.81,5858.829000000001
2025-09-24,ORD036067,CUST03202,P019,Vacuum Cleaner,Home,Surat,Online,Credit Card,3,8606.17,0.1,25818.51,23236.66,0,5845.52,2025,9,September,Wednesday,25818.510000000002,23236.659
2025-09-24,ORD007468,CUST00411,P013,Monitor,Electronics,Jaipur,Store,UPI,5,19179.53,0.15,95897.65,81513.0,0,10315.4,2025,9,September,Wednesday,95897.65,81513.00249999999
2025-09-24,ORD012034,CUST02421,P003,Headphones,Electronics,Pune,Store,UPI,1,4926.93,0.1,4926.93,4434.24,0,699.85,2025,9,September,Wednesday,4926.93,4434.237
2025-09-24,ORD013027,CUST00454,P020,Microwave,Home,Hyderabad,Store,Credit Card,1,10933.31,0.0,10933.31,10933.31,1,-546.67,2025,9,September,Wednesday,10933.31,10933.31
2025-09-24,ORD021584,CUST03360,P015,Dining Table,Furniture,Chennai,Online,Credit Card,1,23762.02,0.2,23762.02,19009.62,0,2071.4,2025,9,September,Wednesday,23762.02,19009.616
2025-09-24,ORD036170,CUST02631,P016,Sofa,Furniture,Chennai,Online,UPI,1,36003.46,0.1,36003.46,32403.11,0,5339.83,2025,9,September,Wednesday,36003.46,32403.114
2025-09-24,ORD026792,CUST02652,P017,Jeans,Fashion,Kolkata,Online,UPI,1,3003.91,0.1,3003.91,2703.52,0,650.84,2025,9,September,Wednesday,3003.91,2703.519
2025-09-24,ORD043955,CUST02201,P004,Smartwatch,Electronics,Pune,Online,UPI,1,7387.93,0.05,7387.93,7018.53,0,643.18,2025,9,September,Wednesday,7387.93,7018.5335
2025-09-24,ORD016023,CUST00012,P003,Headphones,Electronics,Mumbai,Store,Net Banking,3,4354.69,0.2,13064.07,10451.26,0,902.72,2025,9,September,Wednesday,13064.07,10451.256000000001
2025-09-24,ORD036028,CUST04835,P011,Mixer Grinder,Home,Ahmedabad,Store,Net Banking,1,5126.96,0.05,5126.96,4870.61,0,511.87,2025,9,September,Wednesday,5126.96,4870.612
2025-09-24,ORD007307,CUST04515,P005,Office Chair,Furniture,Bengaluru,Store,UPI,5,9814.47,0.05,49072.35,46618.73,0,8049.31,2025,9,September,Wednesday,49072.35,46618.7325
2025-09-24,ORD038066,CUST01480,P013,Monitor,Electronics,Ahmedabad,Online,Credit Card,1,17545.46,0.1,17545.46,15790.91,1,-789.55,2025,9,September,Wednesday,17545.46,15790.913999999999
2025-09-24,ORD010474,CUST03918,P013,Monitor,Electronics,Hyderabad,Online,Cash,1,18685.91,0.25,18685.91,14014.43,0,3019.16,2025,9,September,Wednesday,18685.91,14014.432499999999
2025-09-24,ORD036115,CUST04845,P013,Monitor,Electronics,Kolkata,Store,Debit Card,5,16442.69,0.05,82213.45,78102.78,0,9970.02,2025,9,September,Wednesday,82213.45,78102.7775
2025-09-24,ORD036197,CUST00510,P001,Laptop,Electronics,Surat,Store,Credit Card,2,70800.55,0.1,141601.1,127440.99,0,15050.08,2025,9,September,Wednesday,141601.1,127440.99
2025-09-24,ORD029342,CUST00987,P006,Desk,Furniture,Delhi,Online,Debit Card,1,12772.67,0.05,12772.67,12134.04,0,1044.8,2025,9,September,Wednesday,12772.67,12134.0365
2025-09-24,ORD020510,CUST02373,P018,Jacket,Fashion,Delhi,Online,Credit Card,1,5330.3,0.0,5330.3,5330.3,0,801.47,2025,9,September,Wednesday,5330.3,5330.3
2025-09-24,ORD009830,CUST03262,P014,Keyboard,Electronics,Delhi,Online,UPI,1,2332.96,0.1,2332.96,2099.66,0,422.08,2025,9,September,Wednesday,2332.96,2099.664
2025-09-24,ORD018215,CUST01556,P013,Monitor,Electronics,Ahmedabad,Store,Cash,1,17901.79,0.25,17901.79,13426.34,0,2590.6,2025,9,September,Wednesday,17901.79,13426.3425
2025-09-24,ORD000162,CUST02103,P005,Office Chair,Furniture,Ahmedabad,Online,Net Banking,1,8931.77,0.1,8931.77,8038.59,0,653.29,2025,9,September,Wednesday,8931.77,8038.593000000001
2025-09-24,ORD041898,CUST01062,P003,Headphones,Electronics,Chennai,Store,Credit Card,3,4059.26,0.05,12177.78,11568.89,0,2661.23,2025,9,September,Wednesday,12177.78,11568.891
2025-09-25,ORD023929,CUST04041,P019,Vacuum Cleaner,Home,Jaipur,Online,Credit Card,1,8935.12,0.0,8935.12,8935.12,0,2167.97,2025,9,September,Thursday,8935.12,8935.12
2025-09-25,ORD017817,CUST02763,P015,Dining Table,Furniture,Kolkata,Store,UPI,1,21724.77,0.0,21724.77,21724.77,0,3535.97,2025,9,September,Thursday,21724.77,21724.77
2025-09-25,ORD038895,CUST03789,P001,Laptop,Electronics,Mumbai,Online,Debit Card,1,68382.64,0.05,68382.64,64963.51,1,-3248.18,2025,9,September,Thursday,68382.64,64963.507999999994
2025-09-25,ORD026707,CUST02288,P005,Office Chair,Furniture,Kolkata,Online,Net Banking,2,10123.99,0.05,20247.98,19235.58,0,1768.88,2025,9,September,Thursday,20247.98,19235.581
2025-09-25,ORD048448,CUST01224,P014,Keyboard,Electronics,Surat,Online,Net Banking,1,2648.34,0.0,2648.34,2648.34,0,252.49,2025,9,September,Thursday,2648.34,2648.34
2025-09-25,ORD028785,CUST04659,P001,Laptop,Electronics,Mumbai,Store,Credit Card,2,69866.04,0.05,139732.08,132745.48,0,35574.46,2025,9,September,Thursday,139732.08,132745.476
2025-09-25,ORD042227,CUST01090,P002,Smartphone,Electronics,Jaipur,Online,Credit Card,1,30109.91,0.25,30109.91,22582.43,0,5159.65,2025,9,September,Thursday,30109.91,22582.4325
2025-09-25,ORD012408,CUST01004,P020,Microwave,Home,Jaipur,Store,Credit Card,1,10252.68,0.0,10252.68,10252.68,0,2855.56,2025,9,September,Thursday,10252.68,10252.68
2025-09-25,ORD020812,CUST04865,P009,T-Shirt,Fashion,Chennai,Online,Credit Card,2,1226.91,0.2,2453.82,1963.06,0,360.56,2025,9,September,Thursday,2453.82,1963.0560000000003
2025-09-25,ORD033639,CUST01276,P018,Jacket,Fashion,Hyderabad,Store,Credit Card,1,5323.45,0.15,5323.45,4524.93,0,1111.14,2025,9,September,Thursday,5323.45,4524.9325
2025-09-25,ORD040949,CUST04451,P014,Keyboard,Electronics,Hyderabad,Online,UPI,1,2740.34,0.2,2740.34,2192.27,0,353.38,2025,9,September,Thursday,2740.34,2192.2720000000004
2025-09-25,ORD013286,CUST03874,P012,Air Fryer,Home,Surat,Online,Credit Card,4,6642.8,0.15,26571.2,22585.52,0,2325.91,2025,9,September,Thursday,26571.2,22585.52
2025-09-25,ORD040632,CUST04025,P004,Smartwatch,Electronics,Kolkata,Online,Credit Card,1,7429.94,0.1,7429.94,6686.95,0,811.64,2025,9,September,Thursday,7429.94,6686.946
2025-09-25,ORD048013,CUST00761,P006,Desk,Furniture,Mumbai,Store,Net Banking,1,12756.22,0.2,12756.22,10204.98,0,1909.97,2025,9,September,Thursday,12756.22,10204.976
2025-09-25,ORD009617,CUST00663,P009,T-Shirt,Fashion,Ahmedabad,Online,Debit Card,1,1200.42,0.2,1200.42,960.34,0,150.35,2025,9,September,Thursday,1200.42,960.3360000000001
2025-09-25,ORD036620,CUST03532,P006,Desk,Furniture,Hyderabad,Online,Credit Card,3,12343.36,0.1,37030.08,33327.07,0,6104.64,2025,9,September,Thursday,37030.08,33327.072
2025-09-25,ORD026795,CUST00852,P012,Air Fryer,Home,Kolkata,Online,UPI,2,7000.96,0.1,14001.92,12601.73,0,2620.0,2025,9,September,Thursday,14001.92,12601.728000000001
2025-09-25,ORD027375,CUST04873,P005,Office Chair,Furniture,Pune,Online,Net Banking,1,8834.56,0.1,8834.56,7951.1,0,1338.94,2025,9,September,Thursday,8834.56,7951.103999999999
2025-09-25,ORD047131,CUST02323,P014,Keyboard,Electronics,Ahmedabad,Store,Credit Card,1,2463.53,0.2,2463.53,1970.82,0,359.21,2025,9,September,Thursday,2463.53,1970.8240000000003
2025-09-25,ORD014466,CUST03862,P009,T-Shirt,Fashion,Chennai,Online,Debit Card,2,1176.23,0.05,2352.46,2234.84,0,555.37,2025,9,September,Thursday,2352.46,2234.837
2025-09-25,ORD011389,CUST03016,P002,Smartphone,Electronics,Surat,Store,UPI,4,28174.4,0.0,112697.6,112697.6,0,9768.73,2025,9,September,Thursday,112697.6,112697.6
2025-09-25,ORD018217,CUST00018,P011,Mixer Grinder,Home,Bengaluru,Store,UPI,1,4702.86,0.15,4702.86,3997.43,0,691.37,2025,9,September,Thursday,4702.86,3997.4309999999996
2025-09-25,ORD046522,CUST00863,P002,Smartphone,Electronics,Chennai,Online,UPI,1,29563.37,0.0,29563.37,29563.37,0,3397.51,2025,9,September,Thursday,29563.37,29563.37
2025-09-25,ORD045499,CUST00267,P008,Running Shoes,Fashion,Ahmedabad,Store,UPI,4,3816.49,0.05,15265.96,14502.66,0,2945.4,2025,9,September,Thursday,15265.96,14502.661999999998
2025-09-25,ORD006449,CUST01233,P004,Smartwatch,Electronics,Kolkata,Online,Debit Card,1,6851.84,0.0,6851.84,6851.84,0,1523.7,2025,9,September,Thursday,6851.84,6851.84
2025-09-25,ORD008422,CUST01522,P017,Jeans,Fashion,Surat,Store,Net Banking,1,2660.01,0.1,2660.01,2394.01,0,437.15,2025,9,September,Thursday,2660.01,2394.0090000000005
2025-09-25,ORD047682,CUST03916,P009,T-Shirt,Fashion,Surat,Store,Credit Card,2,1148.66,0.15,2297.32,1952.72,1,-97.64,2025,9,September,Thursday,2297.32,1952.722
2025-09-25,ORD005825,CUST04683,P020,Microwave,Home,Bengaluru,Online,UPI,1,11671.17,0.1,11671.17,10504.05,0,2331.76,2025,9,September,Thursday,11671.17,10504.053
2025-09-25,ORD022587,CUST00859,P018,Jacket,Fashion,Mumbai,Online,Net Banking,1,5216.3,0.1,5216.3,4694.67,0,888.03,2025,9,September,Thursday,5216.3,4694.67
2025-09-25,ORD012206,CUST04486,P013,Monitor,Electronics,Delhi,Store,UPI,2,17265.78,0.15,34531.56,29351.83,0,5562.4,2025,9,September,Thursday,34531.56,29351.825999999997
2025-09-25,ORD034748,CUST01692,P016,Sofa,Furniture,Ahmedabad,Store,Credit Card,1,37904.34,0.1,37904.34,34113.91,0,3277.72,2025,9,September,Thursday,37904.34,34113.905999999995
2025-09-25,ORD012660,CUST01906,P011,Mixer Grinder,Home,Chennai,Online,Cash,1,4667.79,0.05,4667.79,4434.4,0,905.53,2025,9,September,Thursday,4667.79,4434.4005
2025-09-25,ORD049516,CUST01740,P001,Laptop,Electronics,Bengaluru,Online,UPI,1,61890.68,0.1,61890.68,55701.61,0,8425.67,2025,9,September,Thursday,61890.68,55701.612
2025-09-25,ORD011404,CUST02107,P011,Mixer Grinder,Home,Delhi,Online,Credit Card,1,4416.42,0.0,4416.42,4416.42,0,826.1,2025,9,September,Thursday,4416.42,4416.42
2025-09-25,ORD008689,CUST03402,P004,Smartwatch,Electronics,Ahmedabad,Online,Debit Card,1,7260.55,0.15,7260.55,6171.47,0,738.77,2025,9,September,Thursday,7260.55,6171.4675
2025-09-25,ORD003725,CUST00501,P016,Sofa,Furniture,Kolkata,Online,UPI,1,35350.15,0.05,35350.15,33582.64,0,3709.57,2025,9,September,Thursday,35350.15,33582.6425
2025-09-25,ORD005503,CUST04449,P008,Running Shoes,Fashion,Hyderabad,Online,UPI,1,3909.84,0.2,3909.84,3127.87,0,694.85,2025,9,September,Thursday,3909.84,3127.8720000000003
2025-09-25,ORD013368,CUST02666,P006,Desk,Furniture,Kolkata,Online,Credit Card,1,12247.21,0.15,12247.21,10410.13,0,1328.13,2025,9,September,Thursday,12247.21,10410.128499999999
2025-09-25,ORD043735,CUST00683,P009,T-Shirt,Fashion,Jaipur,Store,UPI,1,1283.32,0.05,1283.32,1219.15,0,124.22,2025,9,September,Thursday,1283.32,1219.1539999999998
2025-09-25,ORD007088,CUST02157,P004,Smartwatch,Electronics,Chennai,Online,Credit Card,2,7133.47,0.1,14266.94,12840.25,0,2094.01,2025,9,September,Thursday,14266.94,12840.246000000001
2025-09-25,ORD034609,CUST00487,P006,Desk,Furniture,Bengaluru,Online,Debit Card,4,11536.29,0.15,46145.16,39223.39,0,2079.83,2025,9,September,Thursday,46145.16,39223.386
2025-09-25,ORD013662,CUST01297,P008,Running Shoes,Fashion,Kolkata,Store,Credit Card,4,4520.44,0.0,18081.76,18081.76,0,2186.77,2025,9,September,Thursday,18081.76,18081.76
2025-09-25,ORD036179,CUST04380,P002,Smartphone,Electronics,Pune,Online,Net Banking,1,29990.25,0.05,29990.25,28490.74,0,2485.82,2025,9,September,Thursday,29990.25,28490.7375
2025-09-25,ORD013884,CUST01545,P014,Keyboard,Electronics,Chennai,Online,UPI,4,2327.82,0.05,9311.28,8845.72,0,1959.93,2025,9,September,Thursday,9311.28,8845.716
2025-09-25,ORD010588,CUST01424,P017,Jeans,Fashion,Surat,Store,Credit Card,5,3020.72,0.1,15103.6,13593.24,1,-679.66,2025,9,September,Thursday,15103.599999999999,13593.24
2025-09-25,ORD033702,CUST00930,P004,Smartwatch,Electronics,Chennai,Online,UPI,1,7106.21,0.2,7106.21,5684.97,0,1029.27,2025,9,September,Thursday,7106.21,5684.968000000001
2025-09-25,ORD047973,CUST03443,P017,Jeans,Fashion,Ahmedabad,Online,Net Banking,1,2650.39,0.1,2650.39,2385.35,0,326.96,2025,9,September,Thursday,2650.39,2385.351
2025-09-25,ORD049702,CUST00702,P009,T-Shirt,Fashion,Surat,Store,Debit Card,5,1146.16,0.0,5730.8,5730.8,0,637.59,2025,9,September,Thursday,5730.8,5730.8
2025-09-25,ORD000448,CUST01515,P016,Sofa,Furniture,Chennai,Store,Debit Card,1,33644.91,0.05,33644.91,31962.66,0,6372.02,2025,9,September,Thursday,33644.91,31962.664500000003
2025-09-25,ORD005764,CUST00869,P019,Vacuum Cleaner,Home,Mumbai,Online,UPI,2,9571.9,0.05,19143.8,18186.61,0,2785.1,2025,9,September,Thursday,19143.8,18186.609999999997
2025-09-25,ORD035632,CUST03977,P014,Keyboard,Electronics,Ahmedabad,Store,Net Banking,1,2370.08,0.05,2370.08,2251.58,0,360.79,2025,9,September,Thursday,2370.08,2251.576
2025-09-25,ORD010993,CUST02536,P016,Sofa,Furniture,Jaipur,Online,UPI,1,36898.21,0.15,36898.21,31363.48,0,3278.42,2025,9,September,Thursday,36898.21,31363.478499999997
2025-09-25,ORD048459,CUST00540,P012,Air Fryer,Home,Pune,Store,Credit Card,1,7731.17,0.1,7731.17,6958.05,0,1806.5,2025,9,September,Thursday,7731.17,6958.053
2025-09-25,ORD023433,CUST01624,P013,Monitor,Electronics,Kolkata,Store,Debit Card,2,18890.2,0.05,37780.4,35891.38,0,8161.57,2025,9,September,Thursday,37780.4,35891.38
2025-09-25,ORD030839,CUST00623,P006,Desk,Furniture,Bengaluru,Online,Cash,1,11056.86,0.05,11056.86,10504.02,0,2992.72,2025,9,September,Thursday,11056.86,10504.017
2025-09-25,ORD037718,CUST04649,P018,Jacket,Fashion,Mumbai,Store,Credit Card,1,4939.2,0.15,4939.2,4198.32,0,482.2,2025,9,September,Thursday,4939.2,4198.32
2025-09-25,ORD041421,CUST01749,P020,Microwave,Home,Jaipur,Store,Credit Card,2,11035.4,0.0,22070.8,22070.8,0,2547.63,2025,9,September,Thursday,22070.8,22070.8
2025-09-25,ORD027146,CUST02152,P004,Smartwatch,Electronics,Bengaluru,Online,Credit Card,1,6403.55,0.15,6403.55,5443.02,0,525.02,2025,9,September,Thursday,6403.55,5443.0175
2025-09-25,ORD016725,CUST02316,P002,Smartphone,Electronics,Hyderabad,Online,Credit Card,1,29953.14,0.2,29953.14,23962.51,0,3670.9,2025,9,September,Thursday,29953.14,23962.512000000002
2025-09-25,ORD026148,CUST04428,P012,Air Fryer,Home,Hyderabad,Store,UPI,1,7910.66,0.05,7910.66,7515.13,0,1430.98,2025,9,September,Thursday,7910.66,7515.1269999999995
2025-09-25,ORD023318,CUST02368,P011,Mixer Grinder,Home,Hyderabad,Online,Credit Card,1,4792.59,0.1,4792.59,4313.33,0,325.49,2025,9,September,Thursday,4792.59,4313.331
2025-09-25,ORD004101,CUST02105,P007,Backpack,Accessories,Ahmedabad,Store,Credit Card,2,2193.15,0.2,4386.3,3509.04,0,182.36,2025,9,September,Thursday,4386.3,3509.0400000000004
2025-09-25,ORD013999,CUST03864,P002,Smartphone,Electronics,Bengaluru,Store,UPI,1,28810.75,0.15,28810.75,24489.14,0,4379.86,2025,9,September,Thursday,28810.75,24489.1375
2025-09-25,ORD007867,CUST03443,P013,Monitor,Electronics,Kolkata,Store,Credit Card,2,18638.43,0.05,37276.86,35413.02,0,3318.5,2025,9,September,Thursday,37276.86,35413.017
2025-09-25,ORD001419,CUST01355,P007,Backpack,Accessories,Delhi,Online,UPI,1,2169.12,0.0,2169.12,2169.12,0,550.11,2025,9,September,Thursday,2169.12,2169.12
2025-09-25,ORD048793,CUST04029,P018,Jacket,Fashion,Surat,Store,Credit Card,1,5685.34,0.05,5685.34,5401.07,0,644.81,2025,9,September,Thursday,5685.34,5401.073
2025-09-25,ORD019131,CUST03306,P017,Jeans,Fashion,Ahmedabad,Online,Credit Card,1,2531.18,0.05,2531.18,2404.62,0,372.68,2025,9,September,Thursday,2531.18,2404.6209999999996
2025-09-25,ORD044926,CUST01071,P008,Running Shoes,Fashion,Surat,Online,Debit Card,1,4561.94,0.05,4561.94,4333.84,0,648.12,2025,9,September,Thursday,4561.94,4333.843
2025-09-25,ORD031757,CUST03236,P018,Jacket,Fashion,Surat,Online,UPI,1,5587.83,0.1,5587.83,5029.05,0,1348.62,2025,9,September,Thursday,5587.83,5029.0470000000005
2025-09-25,ORD012848,CUST04170,P019,Vacuum Cleaner,Home,Bengaluru,Online,Debit Card,1,8834.98,0.2,8834.98,7067.98,0,684.69,2025,9,September,Thursday,8834.98,7067.984
2025-09-25,ORD029875,CUST02150,P013,Monitor,Electronics,Delhi,Store,UPI,1,17169.18,0.2,17169.18,13735.34,0,1067.75,2025,9,September,Thursday,17169.18,13735.344000000001
2025-09-25,ORD009812,CUST00240,P008,Running Shoes,Fashion,Delhi,Online,Credit Card,1,4496.32,0.05,4496.32,4271.5,0,510.53,2025,9,September,Thursday,4496.32,4271.504
2025-09-25,ORD008538,CUST02332,P013,Monitor,Electronics,Pune,Online,Debit Card,5,18672.35,0.0,93361.75,93361.75,0,16920.65,2025,9,September,Thursday,93361.75,93361.75
2025-09-26,ORD005359,CUST01728,P015,Dining Table,Furniture,Kolkata,Online,Credit Card,1,23139.55,0.15,23139.55,19668.62,0,1707.62,2025,9,September,Friday,23139.55,19668.6175
2025-09-26,ORD049837,CUST03644,P006,Desk,Furniture,Jaipur,Store,Credit Card,2,12912.98,0.15,25825.96,21952.07,0,2772.52,2025,9,September,Friday,25825.96,21952.066
2025-09-26,ORD014283,CUST04530,P002,Smartphone,Electronics,Mumbai,Store,UPI,4,30320.01,0.1,121280.04,109152.04,0,16564.13,2025,9,September,Friday,121280.04,109152.036
2025-09-26,ORD046297,CUST03885,P007,Backpack,Accessories,Delhi,Store,UPI,2,2392.45,0.1,4784.9,4306.41,0,540.56,2025,9,September,Friday,4784.9,4306.41
2025-09-26,ORD026055,CUST02300,P003,Headphones,Electronics,Delhi,Online,Credit Card,3,4714.2,0.15,14142.6,12021.21,0,2605.8,2025,9,September,Friday,14142.599999999999,12021.21
2025-09-26,ORD028555,CUST00409,P004,Smartwatch,Electronics,Bengaluru,Online,UPI,2,6326.72,0.05,12653.44,12020.77,0,987.53,2025,9,September,Friday,12653.44,12020.768
2025-09-26,ORD026378,CUST00122,P003,Headphones,Electronics,Bengaluru,Store,Credit Card,2,4118.92,0.15,8237.84,7002.16,0,946.12,2025,9,September,Friday,8237.84,7002.164
2025-09-26,ORD044599,CUST04803,P014,Keyboard,Electronics,Chennai,Store,UPI,1,2674.09,0.1,2674.09,2406.68,0,542.69,2025,9,September,Friday,2674.09,2406.681
2025-09-26,ORD012810,CUST04556,P013,Monitor,Electronics,Delhi,Online,Credit Card,1,17170.92,0.1,17170.92,15453.83,0,3658.97,2025,9,September,Friday,17170.92,15453.828
2025-09-26,ORD039720,CUST03989,P020,Microwave,Home,Ahmedabad,Store,Credit Card,2,11162.24,0.0,22324.48,22324.48,0,6452.76,2025,9,September,Friday,22324.48,22324.48
2025-09-26,ORD015592,CUST00589,P017,Jeans,Fashion,Mumbai,Store,Cash,3,2525.24,0.1,7575.72,6818.15,0,790.25,2025,9,September,Friday,7575.719999999999,6818.148
2025-09-26,ORD035040,CUST00684,P003,Headphones,Electronics,Chennai,Store,UPI,1,4184.1,0.1,4184.1,3765.69,0,309.47,2025,9,September,Friday,4184.1,3765.6900000000005
2025-09-26,ORD042855,CUST04602,P007,Backpack,Accessories,Mumbai,Store,UPI,1,2310.83,0.25,2310.83,1733.12,0,411.21,2025,9,September,Friday,2310.83,1733.1225
2025-09-26,ORD016215,CUST02247,P018,Jacket,Fashion,Chennai,Store,Cash,1,4844.39,0.1,4844.39,4359.95,0,894.0,2025,9,September,Friday,4844.39,4359.951
2025-09-26,ORD032782,CUST03894,P013,Monitor,Electronics,Ahmedabad,Online,Credit Card,1,17004.93,0.15,17004.93,14454.19,0,2702.97,2025,9,September,Friday,17004.93,14454.1905
2025-09-26,ORD020929,CUST02751,P014,Keyboard,Electronics,Jaipur,Store,UPI,2,2271.32,0.1,4542.64,4088.38,0,398.92,2025,9,September,Friday,4542.64,4088.376
2025-09-26,ORD009351,CUST01005,P017,Jeans,Fashion,Surat,Online,UPI,1,3052.14,0.1,3052.14,2746.93,0,300.76,2025,9,September,Friday,3052.14,2746.926
2025-09-26,ORD006373,CUST00022,P012,Air Fryer,Home,Mumbai,Online,UPI,1,6714.2,0.1,6714.2,6042.78,0,1118.53,2025,9,September,Friday,6714.2,6042.78
2025-09-26,ORD019804,CUST04385,P007,Backpack,Accessories,Pune,Online,UPI,1,2271.79,0.15,2271.79,1931.02,0,223.22,2025,9,September,Friday,2271.79,1931.0214999999998
2025-09-26,ORD013332,CUST03409,P014,Keyboard,Electronics,Kolkata,Store,UPI,2,2460.47,0.1,4920.94,4428.85,0,934.46,2025,9,September,Friday,4920.94,4428.846
2025-09-26,ORD049632,CUST03567,P013,Monitor,Electronics,Pune,Online,Credit Card,1,19533.56,0.25,19533.56,14650.17,0,586.01,2025,9,September,Friday,19533.56,14650.170000000002
2025-09-26,ORD002892,CUST01210,P007,Backpack,Accessories,Mumbai,Online,Credit Card,1,2314.05,0.1,2314.05,2082.65,0,578.82,2025,9,September,Friday,2314.05,2082.6450000000004
2025-09-26,ORD023649,CUST04928,P003,Headphones,Electronics,Jaipur,Online,Cash,1,4689.37,0.1,4689.37,4220.43,1,-211.02,2025,9,September,Friday,4689.37,4220.433
2025-09-26,ORD001875,CUST04736,P005,Office Chair,Furniture,Delhi,Store,UPI,5,9704.96,0.0,48524.8,48524.8,0,6502.64,2025,9,September,Friday,48524.799999999996,48524.8
2025-09-26,ORD028328,CUST04341,P004,Smartwatch,Electronics,Surat,Online,UPI,2,6423.07,0.0,12846.14,12846.14,0,3527.32,2025,9,September,Friday,12846.14,12846.14
2025-09-26,ORD045149,CUST02045,P012,Air Fryer,Home,Bengaluru,Store,Debit Card,1,7336.26,0.1,7336.26,6602.63,0,1025.9,2025,9,September,Friday,7336.26,6602.634
2025-09-26,ORD031509,CUST02235,P012,Air Fryer,Home,Bengaluru,Store,UPI,1,7799.65,0.1,7799.65,7019.68,0,791.09,2025,9,September,Friday,7799.65,7019.6849999999995
2025-09-26,ORD018456,CUST03120,P013,Monitor,Electronics,Surat,Store,UPI,2,19472.61,0.1,38945.22,35050.7,0,4331.15,2025,9,September,Friday,38945.22,35050.698000000004
2025-09-26,ORD025911,CUST04612,P012,Air Fryer,Home,Hyderabad,Online,Credit Card,1,6522.17,0.2,6522.17,5217.74,0,947.42,2025,9,September,Friday,6522.17,5217.736000000001
2025-09-26,ORD046440,CUST03070,P020,Microwave,Home,Surat,Online,Debit Card,1,10813.4,0.15,10813.4,9191.39,0,1994.63,2025,9,September,Friday,10813.4,9191.39
2025-09-26,ORD035631,CUST00919,P003,Headphones,Electronics,Mumbai,Store,UPI,2,4528.11,0.0,9056.22,9056.22,0,890.26,2025,9,September,Friday,9056.22,9056.22
2025-09-26,ORD025074,CUST00764,P018,Jacket,Fashion,Jaipur,Online,Debit Card,3,5089.4,0.1,15268.2,13741.38,0,2355.35,2025,9,September,Friday,15268.199999999999,13741.380000000001
2025-09-26,ORD034776,CUST00323,P011,Mixer Grinder,Home,Ahmedabad,Store,UPI,1,4424.15,0.1,4424.15,3981.73,0,332.56,2025,9,September,Friday,4424.15,3981.7349999999997
2025-09-26,ORD004041,CUST02204,P006,Desk,Furniture,Jaipur,Online,Credit Card,1,12418.45,0.05,12418.45,11797.53,0,1070.64,2025,9,September,Friday,12418.45,11797.5275
2025-09-26,ORD033266,CUST02233,P017,Jeans,Fashion,Chennai,Online,Cash,2,3018.4,0.05,6036.8,5734.96,0,1620.38,2025,9,September,Friday,6036.8,5734.96
2025-09-26,ORD048733,CUST02463,P014,Keyboard,Electronics,Ahmedabad,Online,Credit Card,1,2271.45,0.15,2271.45,1930.73,0,114.24,2025,9,September,Friday,2271.45,1930.7324999999998
2025-09-26,ORD049596,CUST00646,P010,Coffee Maker,Home,Ahmedabad,Store,UPI,1,5639.89,0.1,5639.89,5075.9,0,1033.62,2025,9,September,Friday,5639.89,5075.901000000001
2025-09-26,ORD046485,CUST00008,P002,Smartphone,Electronics,Bengaluru,Online,Credit Card,1,25429.37,0.1,25429.37,22886.43,0,6295.88,2025,9,September,Friday,25429.37,22886.433
2025-09-26,ORD037558,CUST04910,P002,Smartphone,Electronics,Kolkata,Store,Cash,3,28582.87,0.05,85748.61,81461.18,0,23059.2,2025,9,September,Friday,85748.61,81461.1795
2025-09-26,ORD001336,CUST02883,P012,Air Fryer,Home,Bengaluru,Store,Credit Card,1,7824.28,0.0,7824.28,7824.28,0,1551.75,2025,9,September,Friday,7824.28,7824.28
2025-09-26,ORD023432,CUST03073,P002,Smartphone,Electronics,Hyderabad,Store,Credit Card,1,29207.29,0.1,29207.29,26286.56,0,1796.64,2025,9,September,Friday,29207.29,26286.561
2025-09-26,ORD023767,CUST01942,P007,Backpack,Accessories,Jaipur,Store,Cash,3,2334.25,0.1,7002.75,6302.48,0,712.74,2025,9,September,Friday,7002.75,6302.475
2025-09-26,ORD031450,CUST01910,P016,Sofa,Furniture,Pune,Store,UPI,1,36797.22,0.05,36797.22,34957.36,0,5744.92,2025,9,September,Friday,36797.22,34957.359
2025-09-26,ORD015133,CUST01294,P015,Dining Table,Furniture,Mumbai,Online,Debit Card,1,21959.11,0.05,21959.11,20861.15,0,4346.71,2025,9,September,Friday,21959.11,20861.1545
2025-09-26,ORD027173,CUST01538,P012,Air Fryer,Home,Surat,Online,Credit Card,1,6692.57,0.0,6692.57,6692.57,0,557.81,2025,9,September,Friday,6692.57,6692.57
2025-09-26,ORD046648,CUST04136,P001,Laptop,Electronics,Jaipur,Online,UPI,1,60925.87,0.1,60925.87,54833.28,0,11086.78,2025,9,September,Friday,60925.87,54833.283
2025-09-26,ORD002407,CUST02504,P006,Desk,Furniture,Surat,Online,UPI,1,10813.65,0.05,10813.65,10272.97,0,1711.79,2025,9,September,Friday,10813.65,10272.967499999999
2025-09-26,ORD008315,CUST01343,P020,Microwave,Home,Kolkata,Online,Cash,1,10519.16,0.1,10519.16,9467.24,0,737.75,2025,9,September,Friday,10519.16,9467.244
2025-09-26,ORD015506,CUST01191,P013,Monitor,Electronics,Chennai,Online,UPI,2,16332.4,0.05,32664.8,31031.56,0,7926.49,2025,9,September,Friday,32664.8,31031.559999999998
2025-09-26,ORD047367,CUST04632,P010,Coffee Maker,Home,Chennai,Online,Debit Card,1,5204.22,0.05,5204.22,4944.01,0,1194.72,2025,9,September,Friday,5204.22,4944.009
2025-09-26,ORD019685,CUST01244,P010,Coffee Maker,Home,Hyderabad,Online,Debit Card,2,5182.09,0.1,10364.18,9327.76,0,911.14,2025,9,September,Friday,10364.18,9327.762
2025-09-26,ORD000424,CUST01870,P018,Jacket,Fashion,Jaipur,Online,UPI,3,5039.3,0.1,15117.9,13606.11,0,2433.61,2025,9,September,Friday,15117.900000000001,13606.11
2025-09-26,ORD013898,CUST03981,P005,Office Chair,Furniture,Surat,Online,Credit Card,1,8945.03,0.0,8945.03,8945.03,0,2632.51,2025,9,September,Friday,8945.03,8945.03
2025-09-26,ORD033242,CUST04583,P010,Coffee Maker,Home,Surat,Store,Credit Card,1,5586.93,0.2,5586.93,4469.54,0,915.2,2025,9,September,Friday,5586.93,4469.544000000001
2025-09-26,ORD008592,CUST02108,P005,Office Chair,Furniture,Pune,Online,Credit Card,2,10112.63,0.1,20225.26,18202.73,0,5008.28,2025,9,September,Friday,20225.26,18202.734
2025-09-26,ORD019909,CUST02182,P002,Smartphone,Electronics,Chennai,Online,UPI,1,25228.83,0.05,25228.83,23967.39,0,5920.12,2025,9,September,Friday,25228.83,23967.3885
2025-09-26,ORD018340,CUST03521,P016,Sofa,Furniture,Surat,Online,UPI,1,32167.39,0.1,32167.39,28950.65,0,5737.57,2025,9,September,Friday,32167.39,28950.651
2025-09-26,ORD033030,CUST03749,P009,T-Shirt,Fashion,Kolkata,Online,Credit Card,4,1278.56,0.05,5114.24,4858.53,0,930.17,2025,9,September,Friday,5114.24,4858.527999999999
2025-09-26,ORD027406,CUST04625,P018,Jacket,Fashion,Chennai,Online,Cash,2,5126.59,0.15,10253.18,8715.2,0,2005.7,2025,9,September,Friday,10253.18,8715.203
2025-09-26,ORD001956,CUST03519,P020,Microwave,Home,Chennai,Store,Net Banking,2,10411.08,0.2,20822.16,16657.73,0,1732.38,2025,9,September,Friday,20822.16,16657.728
2025-09-26,ORD004053,CUST02068,P010,Coffee Maker,Home,Kolkata,Online,Credit Card,1,5715.25,0.25,5715.25,4286.44,1,-214.32,2025,9,September,Friday,5715.25,4286.4375
2025-09-26,ORD034882,CUST02502,P016,Sofa,Furniture,Pune,Online,Credit Card,2,35332.67,0.1,70665.34,63598.81,0,10333.77,2025,9,September,Friday,70665.34,63598.806
2025-09-26,ORD010209,CUST04783,P019,Vacuum Cleaner,Home,Chennai,Store,UPI,1,9470.02,0.05,9470.02,8996.52,0,2485.52,2025,9,September,Friday,9470.02,8996.519
2025-09-26,ORD041071,CUST03432,P014,Keyboard,Electronics,Mumbai,Store,Credit Card,1,2660.61,0.1,2660.61,2394.55,1,-119.73,2025,9,September,Friday,2660.61,2394.549
2025-09-26,ORD040489,CUST04901,P009,T-Shirt,Fashion,Ahmedabad,Store,Cash,1,1115.36,0.1,1115.36,1003.82,0,133.44,2025,9,September,Friday,1115.36,1003.824
2025-09-27,ORD025320,CUST02363,P004,Smartwatch,Electronics,Mumbai,Online,Credit Card,4,6414.73,0.25,25658.92,19244.19,0,3486.92,2025,9,September,Saturday,25658.92,19244.19
2025-09-27,ORD029115,CUST01298,P004,Smartwatch,Electronics,Surat,Online,Net Banking,1,7258.41,0.1,7258.41,6532.57,1,-326.63,2025,9,September,Saturday,7258.41,6532.569
2025-09-27,ORD023413,CUST02246,P011,Mixer Grinder,Home,Bengaluru,Online,Credit Card,3,4743.78,0.1,14231.34,12808.21,0,1361.68,2025,9,September,Saturday,14231.34,12808.206
2025-09-27,ORD044173,CUST01850,P008,Running Shoes,Fashion,Kolkata,Store,Credit Card,3,4427.54,0.05,13282.62,12618.49,0,1003.35,2025,9,September,Saturday,13282.619999999999,12618.489
2025-09-27,ORD027940,CUST04730,P006,Desk,Furniture,Pune,Online,UPI,2,11231.62,0.05,22463.24,21340.08,0,5299.54,2025,9,September,Saturday,22463.24,21340.078
2025-09-27,ORD013396,CUST00294,P014,Keyboard,Electronics,Bengaluru,Store,Debit Card,1,2556.29,0.1,2556.29,2300.66,0,477.03,2025,9,September,Saturday,2556.29,2300.661
2025-09-27,ORD037129,CUST02212,P016,Sofa,Furniture,Surat,Online,Credit Card,3,31753.67,0.05,95261.01,90497.96,0,10445.26,2025,9,September,Saturday,95261.01,90497.9595
2025-09-27,ORD010446,CUST03095,P003,Headphones,Electronics,Chennai,Store,UPI,5,4382.04,0.05,21910.2,20814.69,0,5477.65,2025,9,September,Saturday,21910.2,20814.69
2025-09-27,ORD034461,CUST00496,P014,Keyboard,Electronics,Kolkata,Online,UPI,1,2504.92,0.15,2504.92,2129.18,0,116.91,2025,9,September,Saturday,2504.92,2129.182
2025-09-27,ORD016263,CUST03342,P006,Desk,Furniture,Kolkata,Online,Credit Card,2,12306.81,0.0,24613.62,24613.62,0,5134.79,2025,9,September,Saturday,24613.62,24613.62
2025-09-27,ORD031301,CUST03137,P016,Sofa,Furniture,Surat,Store,Credit Card,1,33859.78,0.1,33859.78,30473.8,0,7359.92,2025,9,September,Saturday,33859.78,30473.802
2025-09-27,ORD006580,CUST03000,P020,Microwave,Home,Mumbai,Online,Debit Card,1,10577.5,0.1,10577.5,9519.75,0,2100.1,2025,9,September,Saturday,10577.5,9519.75
2025-09-27,ORD045933,CUST02888,P020,Microwave,Home,Surat,Online,Credit Card,1,9974.67,0.1,9974.67,8977.2,0,2155.89,2025,9,September,Saturday,9974.67,8977.203
2025-09-27,ORD042704,CUST01922,P006,Desk,Furniture,Pune,Store,UPI,1,11472.48,0.05,11472.48,10898.86,0,2806.25,2025,9,September,Saturday,11472.48,10898.856
2025-09-27,ORD009735,CUST00394,P020,Microwave,Home,Delhi,Store,Credit Card,2,12083.5,0.05,24167.0,22958.65,0,4413.76,2025,9,September,Saturday,24167.0,22958.649999999998
2025-09-27,ORD042648,CUST01523,P001,Laptop,Electronics,Mumbai,Store,Net Banking,1,65592.95,0.0,65592.95,65592.95,0,9672.35,2025,9,September,Saturday,65592.95,65592.95
2025-09-27,ORD007650,CUST00067,P004,Smartwatch,Electronics,Pune,Online,Net Banking,5,7634.38,0.05,38171.9,36263.3,0,3321.75,2025,9,September,Saturday,38171.9,36263.305
2025-09-27,ORD027455,CUST02719,P012,Air Fryer,Home,Jaipur,Online,Cash,1,7682.75,0.15,7682.75,6530.34,0,1543.63,2025,9,September,Saturday,7682.75,6530.3375
2025-09-27,ORD041254,CUST00387,P016,Sofa,Furniture,Kolkata,Online,Credit Card,3,37223.46,0.0,111670.38,111670.38,0,19662.36,2025,9,September,Saturday,111670.38,111670.38
2025-09-27,ORD003417,CUST02572,P015,Dining Table,Furniture,Kolkata,Online,Debit Card,4,20231.52,0.15,80926.08,68787.17,0,15453.33,2025,9,September,Saturday,80926.08,68787.168
2025-09-27,ORD031816,CUST04399,P018,Jacket,Fashion,Pune,Online,Net Banking,1,5073.58,0.25,5073.58,3805.18,0,331.96,2025,9,September,Saturday,5073.58,3805.185
2025-09-27,ORD014724,CUST02743,P016,Sofa,Furniture,Surat,Store,Cash,1,36478.08,0.1,36478.08,32830.27,0,2232.9,2025,9,September,Saturday,36478.08,32830.272000000004
2025-09-27,ORD027707,CUST01491,P003,Headphones,Electronics,Pune,Online,Credit Card,1,4318.13,0.0,4318.13,4318.13,0,388.17,2025,9,September,Saturday,4318.13,4318.13
2025-09-27,ORD038092,CUST03175,P006,Desk,Furniture,Surat,Online,Debit Card,1,11822.26,0.05,11822.26,11231.15,0,1512.21,2025,9,September,Saturday,11822.26,11231.146999999999
2025-09-27,ORD027069,CUST00018,P017,Jeans,Fashion,Kolkata,Store,UPI,1,2586.97,0.1,2586.97,2328.27,0,416.45,2025,9,September,Saturday,2586.97,2328.2729999999997
2025-09-27,ORD021327,CUST00477,P008,Running Shoes,Fashion,Pune,Online,Credit Card,1,4289.02,0.05,4289.02,4074.57,0,1080.75,2025,9,September,Saturday,4289.02,4074.5690000000004
2025-09-27,ORD029005,CUST02482,P005,Office Chair,Furniture,Delhi,Online,UPI,1,10175.11,0.15,10175.11,8648.84,0,1223.93,2025,9,September,Saturday,10175.11,8648.8435
2025-09-27,ORD034275,CUST02657,P008,Running Shoes,Fashion,Surat,Store,Credit Card,1,4415.55,0.1,4415.55,3974.0,0,335.28,2025,9,September,Saturday,4415.55,3973.9950000000003
2025-09-27,ORD023261,CUST04890,P013,Monitor,Electronics,Hyderabad,Online,UPI,3,17040.6,0.0,51121.8,51121.8,0,9365.24,2025,9,September,Saturday,51121.799999999996,51121.8
2025-09-27,ORD029654,CUST01929,P004,Smartwatch,Electronics,Delhi,Online,UPI,1,6434.88,0.25,6434.88,4826.16,0,1114.92,2025,9,September,Saturday,6434.88,4826.16
2025-09-27,ORD045851,CUST00563,P005,Office Chair,Furniture,Delhi,Online,Net Banking,2,9928.6,0.0,19857.2,19857.2,0,3628.77,2025,9,September,Saturday,19857.2,19857.2
2025-09-27,ORD037238,CUST02603,P007,Backpack,Accessories,Chennai,Store,UPI,1,2032.73,0.25,2032.73,1524.55,0,252.25,2025,9,September,Saturday,2032.73,1524.5475000000001
2025-09-27,ORD045857,CUST03332,P010,Coffee Maker,Home,Delhi,Online,Debit Card,2,5242.79,0.0,10485.58,10485.58,0,3092.48,2025,9,September,Saturday,10485.58,10485.58
2025-09-27,ORD014730,CUST03286,P018,Jacket,Fashion,Surat,Online,UPI,1,5683.83,0.25,5683.83,4262.87,0,550.91,2025,9,September,Saturday,5683.83,4262.8724999999995
2025-09-27,ORD018409,CUST02878,P011,Mixer Grinder,Home,Chennai,Online,UPI,1,4746.37,0.05,4746.37,4509.05,0,503.84,2025,9,September,Saturday,4746.37,4509.0515
2025-09-27,ORD037559,CUST04176,P003,Headphones,Electronics,Pune,Online,Net Banking,1,4658.72,0.05,4658.72,4425.78,0,586.69,2025,9,September,Saturday,4658.72,4425.784
2025-09-27,ORD045868,CUST04545,P008,Running Shoes,Fashion,Delhi,Store,UPI,4,3855.23,0.15,15420.92,13107.78,0,841.52,2025,9,September,Saturday,15420.92,13107.782
2025-09-27,ORD034159,CUST04582,P003,Headphones,Electronics,Hyderabad,Online,UPI,1,4367.14,0.1,4367.14,3930.43,0,1071.25,2025,9,September,Saturday,4367.14,3930.4260000000004
2025-09-27,ORD038257,CUST00372,P018,Jacket,Fashion,Mumbai,Online,UPI,1,5203.37,0.15,5203.37,4422.86,0,1057.4,2025,9,September,Saturday,5203.37,4422.8645
2025-09-27,ORD028117,CUST02580,P015,Dining Table,Furniture,Surat,Online,UPI,1,20537.96,0.1,20537.96,18484.16,0,4562.66,2025,9,September,Saturday,20537.96,18484.164
2025-09-27,ORD027765,CUST04765,P005,Office Chair,Furniture,Hyderabad,Online,Credit Card,4,9521.74,0.25,38086.96,28565.22,0,5052.81,2025,9,September,Saturday,38086.96,28565.22
2025-09-27,ORD045882,CUST00712,P019,Vacuum Cleaner,Home,Ahmedabad,Store,Credit Card,2,9293.74,0.1,18587.48,16728.73,0,4411.46,2025,9,September,Saturday,18587.48,16728.732
2025-09-27,ORD029833,CUST02938,P005,Office Chair,Furniture,Surat,Online,UPI,1,10195.41,0.0,10195.41,10195.41,0,1448.56,2025,9,September,Saturday,10195.41,10195.41
2025-09-27,ORD038940,CUST00004,P006,Desk,Furniture,Delhi,Store,UPI,1,11149.33,0.15,11149.33,9476.93,0,641.53,2025,9,September,Saturday,11149.33,9476.9305
2025-09-27,ORD022041,CUST03777,P020,Microwave,Home,Delhi,Online,UPI,1,10029.02,0.15,10029.02,8524.67,0,1085.41,2025,9,September,Saturday,10029.02,8524.667
2025-09-27,ORD021389,CUST01326,P008,Running Shoes,Fashion,Chennai,Store,Debit Card,1,4506.15,0.05,4506.15,4280.84,0,694.24,2025,9,September,Saturday,4506.15,4280.8425
2025-09-27,ORD003012,CUST04238,P008,Running Shoes,Fashion,Pune,Online,Net Banking,1,4200.97,0.05,4200.97,3990.92,1,-199.55,2025,9,September,Saturday,4200.97,3990.9215
2025-09-27,ORD015351,CUST03669,P003,Headphones,Electronics,Pune,Online,Credit Card,1,4418.5,0.0,4418.5,4418.5,0,1104.84,2025,9,September,Saturday,4418.5,4418.5
2025-09-27,ORD024036,CUST00074,P016,Sofa,Furniture,Jaipur,Store,Credit Card,1,35464.53,0.2,35464.53,28371.62,0,1296.1,2025,9,September,Saturday,35464.53,28371.624
2025-09-27,ORD002930,CUST03230,P015,Dining Table,Furniture,Chennai,Online,Cash,4,22780.93,0.15,91123.72,77455.16,0,15113.12,2025,9,September,Saturday,91123.72,77455.162
2025-09-27,ORD043076,CUST01995,P006,Desk,Furniture,Mumbai,Store,Credit Card,3,11973.0,0.0,35919.0,35919.0,0,6191.88,2025,9,September,Saturday,35919.0,35919.0
2025-09-27,ORD006171,CUST02190,P014,Keyboard,Electronics,Surat,Store,Credit Card,3,2528.85,0.1,7586.55,6827.9,0,1755.51,2025,9,September,Saturday,7586.549999999999,6827.895
2025-09-27,ORD036291,CUST04131,P012,Air Fryer,Home,Mumbai,Online,Debit Card,2,7153.77,0.05,14307.54,13592.16,0,1179.48,2025,9,September,Saturday,14307.54,13592.163
2025-09-27,ORD045419,CUST01115,P005,Office Chair,Furniture,Ahmedabad,Online,Credit Card,2,8863.71,0.0,17727.42,17727.42,0,2083.52,2025,9,September,Saturday,17727.42,17727.42
2025-09-27,ORD032688,CUST00828,P002,Smartphone,Electronics,Delhi,Online,UPI,1,25873.08,0.0,25873.08,25873.08,0,4619.55,2025,9,September,Saturday,25873.08,25873.08
2025-09-27,ORD009534,CUST02500,P019,Vacuum Cleaner,Home,Kolkata,Store,UPI,5,8913.81,0.0,44569.05,44569.05,0,5435.1,2025,9,September,Saturday,44569.049999999996,44569.05
2025-09-27,ORD020767,CUST03011,P019,Vacuum Cleaner,Home,Bengaluru,Online,UPI,1,9208.39,0.15,9208.39,7827.13,0,2104.76,2025,9,September,Saturday,9208.39,7827.1314999999995
2025-09-27,ORD041069,CUST02707,P015,Dining Table,Furniture,Ahmedabad,Online,Debit Card,1,23634.3,0.15,23634.3,20089.16,1,-1004.46,2025,9,September,Saturday,23634.3,20089.155
2025-09-27,ORD031462,CUST00158,P012,Air Fryer,Home,Delhi,Online,Credit Card,2,7207.7,0.25,14415.4,10811.55,0,483.85,2025,9,September,Saturday,14415.4,10811.55
2025-09-27,ORD001024,CUST03164,P001,Laptop,Electronics,Ahmedabad,Online,UPI,1,69141.05,0.05,69141.05,65684.0,0,13290.54,2025,9,September,Saturday,69141.05,65683.9975
2025-09-27,ORD041029,CUST03464,P006,Desk,Furniture,Ahmedabad,Online,UPI,1,11283.77,0.1,11283.77,10155.39,0,1149.18,2025,9,September,Saturday,11283.77,10155.393
2025-09-27,ORD045516,CUST00841,P012,Air Fryer,Home,Mumbai,Store,Debit Card,5,7866.32,0.05,39331.6,37365.02,0,7153.73,2025,9,September,Saturday,39331.6,37365.02
2025-09-27,ORD014659,CUST04430,P014,Keyboard,Electronics,Surat,Online,Debit Card,1,2549.58,0.0,2549.58,2549.58,0,444.41,2025,9,September,Saturday,2549.58,2549.58
2025-09-27,ORD020532,CUST02313,P012,Air Fryer,Home,Mumbai,Store,UPI,1,7277.56,0.05,7277.56,6913.68,0,1447.23,2025,9,September,Saturday,7277.56,6913.682
2025-09-27,ORD019283,CUST04782,P007,Backpack,Accessories,Bengaluru,Online,Debit Card,4,2055.19,0.05,8220.76,7809.72,0,1549.41,2025,9,September,Saturday,8220.76,7809.722
2025-09-27,ORD035620,CUST02020,P009,T-Shirt,Fashion,Kolkata,Online,UPI,4,1196.46,0.1,4785.84,4307.26,0,743.58,2025,9,September,Saturday,4785.84,4307.256
2025-09-27,ORD010521,CUST00790,P002,Smartphone,Electronics,Chennai,Online,UPI,4,27963.54,0.05,111854.16,106261.45,0,18855.06,2025,9,September,Saturday,111854.16,106261.452
2025-09-27,ORD023983,CUST04872,P007,Backpack,Accessories,Delhi,Online,Debit Card,1,2034.96,0.15,2034.96,1729.72,0,277.35,2025,9,September,Saturday,2034.96,1729.716
2025-09-27,ORD009066,CUST03515,P016,Sofa,Furniture,Pune,Store,Credit Card,1,31805.35,0.2,31805.35,25444.28,0,2238.24,2025,9,September,Saturday,31805.35,25444.28
2025-09-27,ORD028275,CUST04902,P017,Jeans,Fashion,Chennai,Online,UPI,1,2607.71,0.0,2607.71,2607.71,0,465.77,2025,9,September,Saturday,2607.71,2607.71
2025-09-27,ORD022703,CUST04285,P020,Microwave,Home,Chennai,Store,UPI,1,10371.1,0.1,10371.1,9333.99,0,965.45,2025,9,September,Saturday,10371.1,9333.99
2025-09-27,ORD015626,CUST04023,P002,Smartphone,Electronics,Ahmedabad,Online,Net Banking,4,29453.02,0.1,117812.08,106030.87,0,12347.62,2025,9,September,Saturday,117812.08,106030.872
2025-09-27,ORD035108,CUST04402,P015,Dining Table,Furniture,Bengaluru,Online,Cash,1,20057.35,0.15,20057.35,17048.75,0,905.15,2025,9,September,Saturday,20057.35,17048.747499999998
2025-09-27,ORD032367,CUST03019,P007,Backpack,Accessories,Delhi,Online,UPI,2,2352.98,0.2,4705.96,3764.77,0,249.13,2025,9,September,Saturday,4705.96,3764.768
2025-09-27,ORD025033,CUST02748,P005,Office Chair,Furniture,Delhi,Online,Cash,1,9477.36,0.15,9477.36,8055.76,0,1649.46,2025,9,September,Saturday,9477.36,8055.756
2025-09-27,ORD004557,CUST01613,P008,Running Shoes,Fashion,Mumbai,Online,UPI,1,3986.81,0.05,3986.81,3787.47,0,280.34,2025,9,September,Saturday,3986.81,3787.4694999999997
2025-09-27,ORD035569,CUST04970,P009,T-Shirt,Fashion,Hyderabad,Store,Credit Card,1,1224.22,0.05,1224.22,1163.01,0,222.33,2025,9,September,Saturday,1224.22,1163.009
2025-09-27,ORD026862,CUST04912,P015,Dining Table,Furniture,Pune,Store,Credit Card,1,22880.69,0.1,22880.69,20592.62,0,5305.16,2025,9,September,Saturday,22880.69,20592.621
2025-09-27,ORD030363,CUST01623,P007,Backpack,Accessories,Ahmedabad,Store,UPI,2,2216.21,0.1,4432.42,3989.18,0,563.82,2025,9,September,Saturday,4432.42,3989.1780000000003
2025-09-27,ORD017526,CUST03358,P017,Jeans,Fashion,Surat,Store,Debit Card,1,2572.46,0.0,2572.46,2572.46,0,529.4,2025,9,September,Saturday,2572.46,2572.46
2025-09-27,ORD018586,CUST03908,P007,Backpack,Accessories,Kolkata,Online,Credit Card,2,2316.22,0.05,4632.44,4400.82,0,954.5,2025,9,September,Saturday,4632.44,4400.817999999999
2025-09-28,ORD043737,CUST04399,P003,Headphones,Electronics,Ahmedabad,Online,UPI,1,4465.95,0.1,4465.95,4019.36,0,1055.7,2025,9,September,Sunday,4465.95,4019.355
2025-09-28,ORD028458,CUST03743,P007,Backpack,Accessories,Jaipur,Store,Debit Card,1,2141.96,0.05,2141.96,2034.86,0,489.92,2025,9,September,Sunday,2141.96,2034.8619999999999
2025-09-28,ORD021228,CUST00964,P016,Sofa,Furniture,Mumbai,Store,UPI,2,32321.99,0.0,64643.98,64643.98,0,7728.79,2025,9,September,Sunday,64643.98,64643.98
2025-09-28,ORD040203,CUST04881,P012,Air Fryer,Home,Jaipur,Online,UPI,5,6863.54,0.1,34317.7,30885.93,0,3081.37,2025,9,September,Sunday,34317.7,30885.929999999997
2025-09-28,ORD011681,CUST00176,P003,Headphones,Electronics,Mumbai,Online,UPI,1,4532.89,0.1,4532.89,4079.6,1,-203.98,2025,9,September,Sunday,4532.89,4079.6010000000006
2025-09-28,ORD009144,CUST02681,P006,Desk,Furniture,Surat,Online,UPI,1,12616.13,0.05,12616.13,11985.32,0,3168.99,2025,9,September,Sunday,12616.13,11985.323499999999
2025-09-28,ORD037584,CUST04708,P003,Headphones,Electronics,Delhi,Online,Credit Card,5,4502.9,0.0,22514.5,22514.5,0,6566.91,2025,9,September,Sunday,22514.5,22514.5
2025-09-28,ORD028770,CUST00004,P013,Monitor,Electronics,Surat,Store,Debit Card,1,17934.43,0.1,17934.43,16140.99,0,1464.09,2025,9,September,Sunday,17934.43,16140.987000000001
2025-09-28,ORD023804,CUST02961,P011,Mixer Grinder,Home,Hyderabad,Store,Cash,1,4339.43,0.15,4339.43,3688.52,0,859.43,2025,9,September,Sunday,4339.43,3688.5155
2025-09-28,ORD047092,CUST02016,P010,Coffee Maker,Home,Jaipur,Online,UPI,1,5845.32,0.05,5845.32,5553.05,0,773.39,2025,9,September,Sunday,5845.32,5553.053999999999
2025-09-28,ORD014470,CUST04974,P012,Air Fryer,Home,Ahmedabad,Online,Credit Card,5,6783.9,0.0,33919.5,33919.5,0,6419.26,2025,9,September,Sunday,33919.5,33919.5
2025-09-28,ORD002377,CUST03099,P003,Headphones,Electronics,Ahmedabad,Store,Credit Card,1,4050.18,0.05,4050.18,3847.67,0,927.66,2025,9,September,Sunday,4050.18,3847.671
2025-09-28,ORD006248,CUST03740,P013,Monitor,Electronics,Chennai,Store,Debit Card,1,16364.55,0.0,16364.55,16364.55,0,4878.29,2025,9,September,Sunday,16364.55,16364.55
2025-09-28,ORD032609,CUST04664,P006,Desk,Furniture,Chennai,Online,Net Banking,1,12515.85,0.1,12515.85,11264.27,0,1909.41,2025,9,September,Sunday,12515.85,11264.265000000001
2025-09-28,ORD023099,CUST04742,P004,Smartwatch,Electronics,Chennai,Online,Credit Card,3,6876.16,0.1,20628.48,18565.63,0,3263.59,2025,9,September,Sunday,20628.48,18565.632
2025-09-28,ORD018435,CUST01382,P004,Smartwatch,Electronics,Ahmedabad,Online,Debit Card,3,7637.73,0.15,22913.19,19476.21,0,2695.71,2025,9,September,Sunday,22913.19,19476.211499999998
2025-09-28,ORD010946,CUST04896,P007,Backpack,Accessories,Jaipur,Online,UPI,2,2392.69,0.05,4785.38,4546.11,0,1253.5,2025,9,September,Sunday,4785.38,4546.111
2025-09-28,ORD019435,CUST04828,P010,Coffee Maker,Home,Kolkata,Store,Credit Card,5,5087.35,0.0,25436.75,25436.75,1,-1271.84,2025,9,September,Sunday,25436.75,25436.75
2025-09-28,ORD021816,CUST00578,P018,Jacket,Fashion,Jaipur,Online,Credit Card,3,5087.09,0.15,15261.27,12972.08,0,1064.51,2025,9,September,Sunday,15261.27,12972.0795
2025-09-28,ORD039449,CUST04726,P010,Coffee Maker,Home,Mumbai,Online,Cash,1,5240.4,0.15,5240.4,4454.34,0,328.89,2025,9,September,Sunday,5240.4,4454.339999999999
2025-09-28,ORD014336,CUST00343,P004,Smartwatch,Electronics,Surat,Store,UPI,1,7297.76,0.1,7297.76,6567.98,0,1503.83,2025,9,September,Sunday,7297.76,6567.984
2025-09-28,ORD045208,CUST02452,P005,Office Chair,Furniture,Bengaluru,Online,UPI,1,9095.51,0.1,9095.51,8185.96,0,631.18,2025,9,September,Sunday,9095.51,8185.959000000001
2025-09-28,ORD025715,CUST00682,P019,Vacuum Cleaner,Home,Hyderabad,Online,UPI,2,8873.09,0.1,17746.18,15971.56,0,3208.74,2025,9,September,Sunday,17746.18,15971.562
2025-09-28,ORD026750,CUST02512,P018,Jacket,Fashion,Kolkata,Online,Credit Card,2,5384.04,0.1,10768.08,9691.27,0,2309.26,2025,9,September,Sunday,10768.08,9691.272
2025-09-28,ORD000749,CUST01147,P009,T-Shirt,Fashion,Ahmedabad,Online,UPI,2,1197.42,0.15,2394.84,2035.61,0,201.24,2025,9,September,Sunday,2394.84,2035.614
2025-09-28,ORD034177,CUST00747,P016,Sofa,Furniture,Pune,Store,UPI,2,37638.53,0.05,75277.06,71513.21,0,5095.5,2025,9,September,Sunday,75277.06,71513.207
2025-09-28,ORD012680,CUST03942,P020,Microwave,Home,Jaipur,Online,Credit Card,3,11216.75,0.1,33650.25,30285.22,1,-1514.26,2025,9,September,Sunday,33650.25,30285.225000000002
2025-09-28,ORD002539,CUST04213,P003,Headphones,Electronics,Kolkata,Online,Debit Card,1,4637.01,0.05,4637.01,4405.16,0,906.53,2025,9,September,Sunday,4637.01,4405.1595
2025-09-28,ORD021464,CUST02556,P020,Microwave,Home,Kolkata,Store,Debit Card,3,11198.86,0.1,33596.58,30236.92,0,7727.8,2025,9,September,Sunday,33596.58,30236.922000000002
2025-09-28,ORD046399,CUST02380,P004,Smartwatch,Electronics,Surat,Store,Cash,1,7515.99,0.0,7515.99,7515.99,0,1054.02,2025,9,September,Sunday,7515.99,7515.99
2025-09-28,ORD035825,CUST02679,P011,Mixer Grinder,Home,Pune,Online,UPI,1,5098.33,0.25,5098.33,3823.75,0,374.21,2025,9,September,Sunday,5098.33,3823.7475
2025-09-28,ORD035789,CUST03661,P020,Microwave,Home,Kolkata,Online,UPI,1,10850.05,0.15,10850.05,9222.54,0,1895.42,2025,9,September,Sunday,10850.05,9222.5425
2025-09-28,ORD034298,CUST04903,P016,Sofa,Furniture,Pune,Online,Debit Card,3,36327.14,0.25,108981.42,81736.06,0,19332.74,2025,9,September,Sunday,108981.42,81736.065
2025-09-28,ORD030335,CUST03947,P020,Microwave,Home,Bengaluru,Online,Net Banking,1,10545.72,0.25,10545.72,7909.29,1,-395.46,2025,9,September,Sunday,10545.72,7909.289999999999
2025-09-28,ORD035764,CUST02611,P008,Running Shoes,Fashion,Pune,Online,Cash,2,4375.59,0.0,8751.18,8751.18,0,2438.86,2025,9,September,Sunday,8751.18,8751.18
2025-09-28,ORD029360,CUST02318,P016,Sofa,Furniture,Bengaluru,Store,Debit Card,1,31958.02,0.1,31958.02,28762.22,0,2738.05,2025,9,September,Sunday,31958.02,28762.218
2025-09-28,ORD044032,CUST03293,P013,Monitor,Electronics,Delhi,Store,Credit Card,1,17997.85,0.05,17997.85,17097.96,0,1716.48,2025,9,September,Sunday,17997.85,17097.957499999997
2025-09-28,ORD011474,CUST01453,P013,Monitor,Electronics,Delhi,Online,UPI,3,16816.38,0.1,50449.14,45404.23,0,7764.18,2025,9,September,Sunday,50449.14,45404.226
2025-09-28,ORD045407,CUST03133,P017,Jeans,Fashion,Jaipur,Online,UPI,3,3074.89,0.1,9224.67,8302.2,0,1250.74,2025,9,September,Sunday,9224.67,8302.203
2025-09-28,ORD017126,CUST03290,P008,Running Shoes,Fashion,Ahmedabad,Online,UPI,1,4414.46,0.1,4414.46,3973.01,0,621.57,2025,9,September,Sunday,4414.46,3973.014
2025-09-28,ORD023499,CUST01647,P017,Jeans,Fashion,Chennai,Store,Cash,2,2987.14,0.0,5974.28,5974.28,0,1067.1,2025,9,September,Sunday,5974.28,5974.28
2025-09-28,ORD026888,CUST04617,P009,T-Shirt,Fashion,Bengaluru,Store,Cash,1,1083.58,0.0,1083.58,1083.58,0,95.26,2025,9,September,Sunday,1083.58,1083.58
2025-09-28,ORD017465,CUST01073,P008,Running Shoes,Fashion,Bengaluru,Store,Debit Card,1,4201.16,0.1,4201.16,3781.04,0,348.44,2025,9,September,Sunday,4201.16,3781.044
2025-09-28,ORD026233,CUST02337,P003,Headphones,Electronics,Hyderabad,Online,UPI,1,4402.33,0.15,4402.33,3741.98,0,314.34,2025,9,September,Sunday,4402.33,3741.9804999999997
2025-09-28,ORD044960,CUST04576,P003,Headphones,Electronics,Hyderabad,Store,Cash,1,4586.21,0.2,4586.21,3668.97,0,773.48,2025,9,September,Sunday,4586.21,3668.9680000000003
2025-09-28,ORD047799,CUST01870,P001,Laptop,Electronics,Bengaluru,Online,Credit Card,1,68529.31,0.15,68529.31,58249.91,0,15561.79,2025,9,September,Sunday,68529.31,58249.913499999995
2025-09-28,ORD049211,CUST00937,P001,Laptop,Electronics,Bengaluru,Online,UPI,1,63629.25,0.0,63629.25,63629.25,0,6975.89,2025,9,September,Sunday,63629.25,63629.25
2025-09-28,ORD019022,CUST03819,P007,Backpack,Accessories,Kolkata,Online,Credit Card,2,2232.03,0.0,4464.06,4464.06,0,776.29,2025,9,September,Sunday,4464.06,4464.06
2025-09-28,ORD032532,CUST01609,P011,Mixer Grinder,Home,Bengaluru,Online,Cash,2,5157.98,0.25,10315.96,7736.97,0,1108.92,2025,9,September,Sunday,10315.96,7736.969999999999
2025-09-28,ORD003523,CUST00646,P010,Coffee Maker,Home,Hyderabad,Store,Credit Card,1,5736.33,0.15,5736.33,4875.88,0,479.52,2025,9,September,Sunday,5736.33,4875.8805
2025-09-28,ORD020681,CUST00260,P018,Jacket,Fashion,Ahmedabad,Online,UPI,1,4811.91,0.05,4811.91,4571.31,0,1234.9,2025,9,September,Sunday,4811.91,4571.3144999999995
2025-09-28,ORD026282,CUST03492,P006,Desk,Furniture,Pune,Store,Credit Card,3,13100.04,0.05,39300.12,37335.11,0,6933.35,2025,9,September,Sunday,39300.12,37335.114
2025-09-28,ORD015227,CUST03172,P005,Office Chair,Furniture,Mumbai,Online,UPI,4,9790.88,0.25,39163.52,29372.64,0,2770.99,2025,9,September,Sunday,39163.52,29372.64
2025-09-28,ORD014378,CUST04795,P003,Headphones,Electronics,Chennai,Store,Cash,5,4302.01,0.05,21510.05,20434.55,0,5516.99,2025,9,September,Sunday,21510.050000000003,20434.547499999997
2025-09-28,ORD031060,CUST02072,P008,Running Shoes,Fashion,Pune,Online,UPI,2,4218.94,0.0,8437.88,8437.88,0,1031.65,2025,9,September,Sunday,8437.88,8437.88
2025-09-28,ORD019476,CUST00962,P018,Jacket,Fashion,Chennai,Online,Credit Card,1,5291.02,0.0,5291.02,5291.02,0,873.61,2025,9,September,Sunday,5291.02,5291.02
2025-09-28,ORD025940,CUST01461,P003,Headphones,Electronics,Bengaluru,Online,UPI,4,4382.72,0.0,17530.88,17530.88,0,4566.69,2025,9,September,Sunday,17530.88,17530.88
2025-09-28,ORD001247,CUST04832,P013,Monitor,Electronics,Hyderabad,Online,Cash,1,17644.85,0.05,17644.85,16762.61,0,4403.99,2025,9,September,Sunday,17644.85,16762.6075
2025-09-28,ORD023283,CUST03841,P018,Jacket,Fashion,Surat,Online,Credit Card,3,5192.06,0.1,15576.18,14018.56,0,2569.05,2025,9,September,Sunday,15576.18,14018.562
2025-09-28,ORD024332,CUST00051,P004,Smartwatch,Electronics,Mumbai,Store,UPI,3,6437.77,0.0,19313.31,19313.31,0,5688.54,2025,9,September,Sunday,19313.31,19313.31
2025-09-28,ORD006313,CUST03884,P015,Dining Table,Furniture,Kolkata,Store,UPI,1,20416.21,0.05,20416.21,19395.4,0,2634.79,2025,9,September,Sunday,20416.21,19395.3995
2025-09-28,ORD049674,CUST01120,P018,Jacket,Fashion,Pune,Online,Cash,1,5520.77,0.0,5520.77,5520.77,0,1010.44,2025,9,September,Sunday,5520.77,5520.77
2025-09-28,ORD033583,CUST01214,P008,Running Shoes,Fashion,Surat,Online,Credit Card,2,4612.02,0.1,9224.04,8301.64,0,1526.13,2025,9,September,Sunday,9224.04,8301.636
2025-09-28,ORD039159,CUST00379,P009,T-Shirt,Fashion,Delhi,Online,UPI,2,1129.54,0.0,2259.08,2259.08,0,511.53,2025,9,September,Sunday,2259.08,2259.08
2025-09-28,ORD024025,CUST04420,P002,Smartphone,Electronics,Surat,Store,UPI,1,28678.34,0.1,28678.34,25810.51,0,2410.23,2025,9,September,Sunday,28678.34,25810.506
2025-09-28,ORD007748,CUST01130,P007,Backpack,Accessories,Ahmedabad,Online,UPI,2,2058.83,0.05,4117.66,3911.78,0,825.43,2025,9,September,Sunday,4117.66,3911.7769999999996
2025-09-28,ORD010952,CUST02222,P010,Coffee Maker,Home,Ahmedabad,Store,UPI,1,5420.1,0.1,5420.1,4878.09,0,1088.85,2025,9,September,Sunday,5420.1,4878.09
2025-09-28,ORD024919,CUST03242,P019,Vacuum Cleaner,Home,Hyderabad,Store,Credit Card,2,9791.67,0.1,19583.34,17625.01,0,4358.72,2025,9,September,Sunday,19583.34,17625.006
2025-09-29,ORD041152,CUST00509,P004,Smartwatch,Electronics,Pune,Online,Debit Card,1,6317.34,0.15,6317.34,5369.74,0,751.41,2025,9,September,Monday,6317.34,5369.739
2025-09-29,ORD029944,CUST04284,P008,Running Shoes,Fashion,Surat,Online,UPI,2,3893.17,0.15,7786.34,6618.39,0,503.49,2025,9,September,Monday,7786.34,6618.389
2025-09-29,ORD039858,CUST00330,P019,Vacuum Cleaner,Home,Ahmedabad,Online,Credit Card,1,9769.95,0.0,9769.95,9769.95,0,1337.42,2025,9,September,Monday,9769.95,9769.95
2025-09-29,ORD039963,CUST03426,P004,Smartwatch,Electronics,Surat,Store,UPI,2,6505.28,0.05,13010.56,12360.03,0,1120.88,2025,9,September,Monday,13010.56,12360.032
2025-09-29,ORD007629,CUST00374,P019,Vacuum Cleaner,Home,Kolkata,Online,UPI,3,8868.77,0.1,26606.31,23945.68,0,1519.18,2025,9,September,Monday,26606.31,23945.679
2025-09-29,ORD045052,CUST00301,P003,Headphones,Electronics,Pune,Online,UPI,1,4861.88,0.15,4861.88,4132.6,0,592.09,2025,9,September,Monday,4861.88,4132.598
2025-09-29,ORD048562,CUST02747,P011,Mixer Grinder,Home,Surat,Online,Credit Card,5,4659.83,0.0,23299.15,23299.15,0,2775.41,2025,9,September,Monday,23299.15,23299.15
2025-09-29,ORD022851,CUST02865,P003,Headphones,Electronics,Mumbai,Online,Debit Card,1,4664.26,0.05,4664.26,4431.05,0,802.15,2025,9,September,Monday,4664.26,4431.047
2025-09-29,ORD009279,CUST00787,P002,Smartphone,Electronics,Chennai,Store,Cash,5,28768.75,0.1,143843.75,129459.38,0,12189.35,2025,9,September,Monday,143843.75,129459.375
2025-09-29,ORD025355,CUST03541,P001,Laptop,Electronics,Mumbai,Store,Debit Card,2,65425.38,0.0,130850.76,130850.76,0,26633.99,2025,9,September,Monday,130850.76,130850.76
2025-09-29,ORD030290,CUST04420,P008,Running Shoes,Fashion,Pune,Store,UPI,2,3789.66,0.15,7579.32,6442.42,0,377.04,2025,9,September,Monday,7579.32,6442.422
2025-09-29,ORD011852,CUST01427,P001,Laptop,Electronics,Pune,Online,UPI,1,70195.27,0.0,70195.27,70195.27,0,15200.35,2025,9,September,Monday,70195.27,70195.27
2025-09-29,ORD024818,CUST00291,P011,Mixer Grinder,Home,Chennai,Store,UPI,2,5037.0,0.15,10074.0,8562.9,0,1700.93,2025,9,September,Monday,10074.0,8562.9
2025-09-29,ORD001351,CUST03374,P016,Sofa,Furniture,Jaipur,Online,UPI,1,35074.69,0.0,35074.69,35074.69,0,4497.12,2025,9,September,Monday,35074.69,35074.69
2025-09-29,ORD022498,CUST04878,P017,Jeans,Fashion,Mumbai,Online,UPI,5,2798.65,0.1,13993.25,12593.92,0,883.39,2025,9,September,Monday,13993.25,12593.925000000001
2025-09-29,ORD022154,CUST01699,P007,Backpack,Accessories,Jaipur,Online,Credit Card,1,2304.33,0.0,2304.33,2304.33,0,603.86,2025,9,September,Monday,2304.33,2304.33
2025-09-29,ORD021200,CUST02496,P007,Backpack,Accessories,Chennai,Online,UPI,1,2155.71,0.1,2155.71,1940.14,0,326.04,2025,9,September,Monday,2155.71,1940.1390000000001
2025-09-29,ORD017158,CUST00714,P004,Smartwatch,Electronics,Mumbai,Store,Cash,1,6337.6,0.05,6337.6,6020.72,0,1583.73,2025,9,September,Monday,6337.6,6020.72
2025-09-29,ORD014762,CUST02545,P011,Mixer Grinder,Home,Delhi,Store,Debit Card,1,5019.34,0.1,5019.34,4517.41,0,742.34,2025,9,September,Monday,5019.34,4517.406
2025-09-29,ORD021193,CUST01074,P019,Vacuum Cleaner,Home,Jaipur,Online,Cash,1,9496.16,0.1,9496.16,8546.54,0,2235.37,2025,9,September,Monday,9496.16,8546.544
2025-09-29,ORD031936,CUST02450,P018,Jacket,Fashion,Delhi,Online,UPI,2,5080.77,0.15,10161.54,8637.31,1,-431.87,2025,9,September,Monday,10161.54,8637.309000000001
2025-09-29,ORD034961,CUST00460,P010,Coffee Maker,Home,Hyderabad,Online,UPI,1,4963.66,0.0,4963.66,4963.66,0,1121.47,2025,9,September,Monday,4963.66,4963.66
2025-09-29,ORD032823,CUST04087,P003,Headphones,Electronics,Surat,Online,Credit Card,1,4844.33,0.0,4844.33,4844.33,1,-242.22,2025,9,September,Monday,4844.33,4844.33
2025-09-29,ORD034005,CUST00697,P004,Smartwatch,Electronics,Pune,Online,Debit Card,2,7423.69,0.2,14847.38,11877.9,0,2437.54,2025,9,September,Monday,14847.38,11877.904
2025-09-29,ORD029488,CUST00914,P006,Desk,Furniture,Surat,Store,Credit Card,1,12635.74,0.0,12635.74,12635.74,0,2782.44,2025,9,September,Monday,12635.74,12635.74
2025-09-29,ORD039127,CUST01529,P006,Desk,Furniture,Hyderabad,Online,Net Banking,3,11725.4,0.1,35176.2,31658.58,0,3908.96,2025,9,September,Monday,35176.2,31658.579999999998
2025-09-29,ORD046784,CUST02418,P019,Vacuum Cleaner,Home,Hyderabad,Online,UPI,1,9004.22,0.2,9004.22,7203.38,0,1015.41,2025,9,September,Monday,9004.22,7203.376
2025-09-29,ORD000881,CUST03900,P005,Office Chair,Furniture,Pune,Store,UPI,2,9920.83,0.1,19841.66,17857.49,0,3398.94,2025,9,September,Monday,19841.66,17857.494
2025-09-29,ORD024954,CUST01241,P019,Vacuum Cleaner,Home,Surat,Online,Credit Card,1,9305.48,0.0,9305.48,9305.48,0,1132.36,2025,9,September,Monday,9305.48,9305.48
2025-09-29,ORD022979,CUST03939,P010,Coffee Maker,Home,Delhi,Online,Credit Card,2,5859.31,0.05,11718.62,11132.69,0,2874.94,2025,9,September,Monday,11718.62,11132.689
2025-09-29,ORD004460,CUST04563,P012,Air Fryer,Home,Bengaluru,Online,UPI,2,7058.45,0.1,14116.9,12705.21,0,2239.69,2025,9,September,Monday,14116.9,12705.21
2025-09-29,ORD045843,CUST04335,P001,Laptop,Electronics,Bengaluru,Store,UPI,3,63991.76,0.1,191975.28,172777.75,0,15647.02,2025,9,September,Monday,191975.28,172777.752
2025-09-29,ORD045341,CUST01844,P003,Headphones,Electronics,Ahmedabad,Store,Net Banking,2,4722.29,0.1,9444.58,8500.12,0,559.44,2025,9,September,Monday,9444.58,8500.122
2025-09-29,ORD021763,CUST04588,P015,Dining Table,Furniture,Pune,Online,Credit Card,2,22387.78,0.1,44775.56,40298.0,1,-2014.9,2025,9,September,Monday,44775.56,40298.004
2025-09-29,ORD009847,CUST00348,P015,Dining Table,Furniture,Surat,Store,UPI,1,20553.66,0.15,20553.66,17470.61,0,3185.61,2025,9,September,Monday,20553.66,17470.611
2025-09-29,ORD010727,CUST01675,P008,Running Shoes,Fashion,Bengaluru,Store,UPI,2,4146.83,0.0,8293.66,8293.66,0,1095.96,2025,9,September,Monday,8293.66,8293.66
2025-09-29,ORD015293,CUST03013,P004,Smartwatch,Electronics,Mumbai,Store,Cash,1,6387.49,0.1,6387.49,5748.74,0,1133.0,2025,9,September,Monday,6387.49,5748.741
2025-09-29,ORD031672,CUST01479,P004,Smartwatch,Electronics,Bengaluru,Online,Credit Card,3,6429.03,0.15,19287.09,16394.03,0,4117.42,2025,9,September,Monday,19287.09,16394.0265
2025-09-29,ORD002537,CUST04046,P010,Coffee Maker,Home,Chennai,Online,Cash,1,5933.94,0.05,5933.94,5637.24,0,910.77,2025,9,September,Monday,5933.94,5637.2429999999995
2025-09-29,ORD037432,CUST01184,P011,Mixer Grinder,Home,Kolkata,Online,Credit Card,1,4810.43,0.05,4810.43,4569.91,0,838.46,2025,9,September,Monday,4810.43,4569.9085000000005
2025-09-29,ORD008818,CUST00732,P007,Backpack,Accessories,Hyderabad,Store,UPI,2,2298.32,0.15,4596.64,3907.14,0,595.69,2025,9,September,Monday,4596.64,3907.1440000000002
2025-09-29,ORD003623,CUST00130,P004,Smartwatch,Electronics,Ahmedabad,Store,UPI,1,7207.99,0.2,7207.99,5766.39,0,985.13,2025,9,September,Monday,7207.99,5766.392
2025-09-29,ORD020252,CUST01354,P010,Coffee Maker,Home,Pune,Online,UPI,2,5549.25,0.05,11098.5,10543.58,0,927.31,2025,9,September,Monday,11098.5,10543.574999999999
2025-09-29,ORD006688,CUST04482,P016,Sofa,Furniture,Delhi,Store,UPI,1,36123.07,0.1,36123.07,32510.76,0,4558.75,2025,9,September,Monday,36123.07,32510.763
2025-09-29,ORD024514,CUST01203,P004,Smartwatch,Electronics,Mumbai,Online,UPI,1,6394.33,0.15,6394.33,5435.18,0,1381.68,2025,9,September,Monday,6394.33,5435.1804999999995
2025-09-29,ORD031342,CUST00052,P020,Microwave,Home,Bengaluru,Online,Credit Card,1,11236.69,0.15,11236.69,9551.19,0,814.49,2025,9,September,Monday,11236.69,9551.1865
2025-09-29,ORD046602,CUST02416,P007,Backpack,Accessories,Mumbai,Store,UPI,1,2332.14,0.2,2332.14,1865.71,0,417.93,2025,9,September,Monday,2332.14,1865.712
2025-09-29,ORD024751,CUST03634,P009,T-Shirt,Fashion,Jaipur,Online,Debit Card,1,1275.25,0.25,1275.25,956.44,0,236.93,2025,9,September,Monday,1275.25,956.4375
2025-09-29,ORD033225,CUST01284,P014,Keyboard,Electronics,Ahmedabad,Online,Debit Card,1,2401.64,0.15,2401.64,2041.39,0,169.67,2025,9,September,Monday,2401.64,2041.3939999999998
2025-09-29,ORD039285,CUST04549,P005,Office Chair,Furniture,Delhi,Online,Net Banking,3,9730.62,0.0,29191.86,29191.86,0,4526.65,2025,9,September,Monday,29191.86,29191.86
2025-09-29,ORD001370,CUST00949,P013,Monitor,Electronics,Delhi,Store,UPI,1,17904.74,0.2,17904.74,14323.79,0,3108.66,2025,9,September,Monday,17904.74,14323.792000000001
2025-09-29,ORD022242,CUST01272,P009,T-Shirt,Fashion,Delhi,Online,UPI,3,1080.04,0.2,3240.12,2592.1,0,591.3,2025,9,September,Monday,3240.12,2592.096
2025-09-29,ORD029923,CUST00229,P003,Headphones,Electronics,Chennai,Store,Credit Card,1,4554.82,0.15,4554.82,3871.6,0,971.63,2025,9,September,Monday,4554.82,3871.5969999999998
2025-09-29,ORD031708,CUST02598,P009,T-Shirt,Fashion,Ahmedabad,Store,Credit Card,2,1121.01,0.0,2242.02,2242.02,0,214.05,2025,9,September,Monday,2242.02,2242.02
2025-09-29,ORD040218,CUST02352,P006,Desk,Furniture,Jaipur,Online,UPI,4,11999.06,0.15,47996.24,40796.8,0,9792.55,2025,9,September,Monday,47996.24,40796.804
2025-09-29,ORD004939,CUST01671,P016,Sofa,Furniture,Jaipur,Store,UPI,2,35803.89,0.05,71607.78,68027.39,0,5348.96,2025,9,September,Monday,71607.78,68027.39099999999
2025-09-29,ORD022127,CUST00241,P015,Dining Table,Furniture,Jaipur,Online,Net Banking,4,20590.7,0.1,82362.8,74126.52,0,13903.1,2025,9,September,Monday,82362.8,74126.52
2025-09-29,ORD038393,CUST02206,P015,Dining Table,Furniture,Delhi,Store,Net Banking,2,22807.68,0.05,45615.36,43334.59,0,5201.12,2025,9,September,Monday,45615.36,43334.592
2025-09-29,ORD009220,CUST00834,P020,Microwave,Home,Jaipur,Store,Debit Card,2,11038.6,0.0,22077.2,22077.2,0,3458.82,2025,9,September,Monday,22077.2,22077.2
2025-09-29,ORD019317,CUST03455,P010,Coffee Maker,Home,Surat,Store,UPI,1,5579.8,0.0,5579.8,5579.8,0,603.2,2025,9,September,Monday,5579.8,5579.8
2025-09-29,ORD006898,CUST03124,P011,Mixer Grinder,Home,Surat,Online,Cash,2,4945.53,0.05,9891.06,9396.51,0,722.94,2025,9,September,Monday,9891.06,9396.507
2025-09-30,ORD029982,CUST04318,P008,Running Shoes,Fashion,Mumbai,Online,UPI,1,4400.17,0.1,4400.17,3960.15,0,300.42,2025,9,September,Tuesday,4400.17,3960.1530000000002
2025-09-30,ORD023911,CUST00212,P001,Laptop,Electronics,Jaipur,Online,Net Banking,2,58674.44,0.0,117348.88,117348.88,0,17386.92,2025,9,September,Tuesday,117348.88,117348.88
2025-09-30,ORD026343,CUST02618,P014,Keyboard,Electronics,Hyderabad,Online,Credit Card,1,2369.63,0.05,2369.63,2251.15,0,494.8,2025,9,September,Tuesday,2369.63,2251.1485
2025-09-30,ORD037815,CUST04800,P012,Air Fryer,Home,Mumbai,Online,Credit Card,1,7083.27,0.1,7083.27,6374.94,0,1419.5,2025,9,September,Tuesday,7083.27,6374.943
2025-09-30,ORD028539,CUST03558,P006,Desk,Furniture,Mumbai,Online,UPI,2,12716.75,0.15,25433.5,21618.48,0,5635.5,2025,9,September,Tuesday,25433.5,21618.475
2025-09-30,ORD026464,CUST01231,P016,Sofa,Furniture,Ahmedabad,Online,Cash,2,37984.23,0.1,75968.46,68371.61,1,-3418.58,2025,9,September,Tuesday,75968.46,68371.614
2025-09-30,ORD046156,CUST04295,P016,Sofa,Furniture,Ahmedabad,Store,UPI,1,35592.18,0.15,35592.18,30253.35,0,3230.02,2025,9,September,Tuesday,35592.18,30253.353
2025-09-30,ORD037849,CUST01659,P016,Sofa,Furniture,Surat,Online,UPI,1,36056.93,0.1,36056.93,32451.24,0,5809.3,2025,9,September,Tuesday,36056.93,32451.237
2025-09-30,ORD019257,CUST02272,P011,Mixer Grinder,Home,Pune,Store,Credit Card,3,5169.41,0.1,15508.23,13957.41,0,2511.8,2025,9,September,Tuesday,15508.23,13957.407
2025-09-30,ORD021415,CUST00981,P016,Sofa,Furniture,Chennai,Online,Debit Card,1,38417.78,0.15,38417.78,32655.11,0,5963.44,2025,9,September,Tuesday,38417.78,32655.112999999998
2025-09-30,ORD037145,CUST00762,P010,Coffee Maker,Home,Bengaluru,Store,Net Banking,2,5071.9,0.2,10143.8,8115.04,0,1119.64,2025,9,September,Tuesday,10143.8,8115.04
2025-09-30,ORD027625,CUST04898,P006,Desk,Furniture,Jaipur,Online,UPI,4,11448.26,0.0,45793.04,45793.04,0,5980.9,2025,9,September,Tuesday,45793.04,45793.04
2025-09-30,ORD014409,CUST01516,P002,Smartphone,Electronics,Delhi,Online,Credit Card,3,30615.78,0.05,91847.34,87254.97,0,9338.4,2025,9,September,Tuesday,91847.34,87254.973
2025-09-30,ORD036230,CUST02541,P001,Laptop,Electronics,Bengaluru,Store,UPI,2,61050.26,0.2,122100.52,97680.42,0,18459.98,2025,9,September,Tuesday,122100.52,97680.41600000001
2025-09-30,ORD006670,CUST03358,P012,Air Fryer,Home,Ahmedabad,Online,Credit Card,5,6510.29,0.15,32551.45,27668.73,0,2096.81,2025,9,September,Tuesday,32551.45,27668.7325
2025-09-30,ORD025998,CUST00665,P002,Smartphone,Electronics,Surat,Online,Cash,2,30295.32,0.1,60590.64,54531.58,0,4989.79,2025,9,September,Tuesday,60590.64,54531.576
2025-09-30,ORD043820,CUST03629,P017,Jeans,Fashion,Delhi,Store,UPI,1,2873.43,0.05,2873.43,2729.76,0,372.17,2025,9,September,Tuesday,2873.43,2729.7585
2025-09-30,ORD028630,CUST02406,P019,Vacuum Cleaner,Home,Bengaluru,Online,Net Banking,1,9611.01,0.05,9611.01,9130.46,0,2161.49,2025,9,September,Tuesday,9611.01,9130.459499999999
2025-09-30,ORD036127,CUST01142,P007,Backpack,Accessories,Chennai,Store,Debit Card,1,2053.09,0.0,2053.09,2053.09,0,429.81,2025,9,September,Tuesday,2053.09,2053.09
2025-09-30,ORD011300,CUST04101,P010,Coffee Maker,Home,Jaipur,Online,UPI,1,5140.04,0.1,5140.04,4626.04,0,796.94,2025,9,September,Tuesday,5140.04,4626.036
2025-09-30,ORD019008,CUST02217,P008,Running Shoes,Fashion,Kolkata,Online,UPI,1,4290.53,0.0,4290.53,4290.53,0,621.19,2025,9,September,Tuesday,4290.53,4290.53
2025-09-30,ORD017261,CUST04823,P018,Jacket,Fashion,Hyderabad,Online,Debit Card,1,5395.43,0.05,5395.43,5125.66,1,-256.28,2025,9,September,Tuesday,5395.43,5125.6585000000005
2025-09-30,ORD035705,CUST02383,P011,Mixer Grinder,Home,Jaipur,Online,Credit Card,1,5123.03,0.15,5123.03,4354.58,0,1139.46,2025,9,September,Tuesday,5123.03,4354.5755
2025-09-30,ORD045366,CUST02545,P010,Coffee Maker,Home,Surat,Online,Credit Card,2,5078.41,0.1,10156.82,9141.14,0,1593.14,2025,9,September,Tuesday,10156.82,9141.138
2025-09-30,ORD033140,CUST01687,P019,Vacuum Cleaner,Home,Kolkata,Store,UPI,1,8318.37,0.0,8318.37,8318.37,0,2015.99,2025,9,September,Tuesday,8318.37,8318.37
2025-09-30,ORD026930,CUST01675,P002,Smartphone,Electronics,Surat,Store,Cash,1,28598.42,0.1,28598.42,25738.58,0,3114.89,2025,9,September,Tuesday,28598.42,25738.577999999998
2025-09-30,ORD035667,CUST00234,P014,Keyboard,Electronics,Mumbai,Online,Credit Card,2,2711.97,0.1,5423.94,4881.55,0,1294.14,2025,9,September,Tuesday,5423.94,4881.545999999999
2025-09-30,ORD042284,CUST00906,P020,Microwave,Home,Bengaluru,Online,Credit Card,1,11635.58,0.05,11635.58,11053.8,0,3023.0,2025,9,September,Tuesday,11635.58,11053.801
2025-09-30,ORD039876,CUST02855,P004,Smartwatch,Electronics,Jaipur,Online,UPI,1,7231.56,0.0,7231.56,7231.56,1,-361.58,2025,9,September,Tuesday,7231.56,7231.56
2025-09-30,ORD025260,CUST03806,P008,Running Shoes,Fashion,Hyderabad,Online,UPI,1,4237.13,0.25,4237.13,3177.85,0,727.22,2025,9,September,Tuesday,4237.13,3177.8475
2025-09-30,ORD036328,CUST00320,P010,Coffee Maker,Home,Bengaluru,Store,UPI,3,6049.14,0.2,18147.42,14517.94,0,1222.63,2025,9,September,Tuesday,18147.420000000002,14517.936
2025-09-30,ORD009730,CUST01582,P005,Office Chair,Furniture,Surat,Store,Net Banking,1,8979.33,0.0,8979.33,8979.33,0,1464.48,2025,9,September,Tuesday,8979.33,8979.33
2025-09-30,ORD038550,CUST00206,P002,Smartphone,Electronics,Pune,Online,UPI,3,30002.7,0.2,90008.1,72006.48,0,6084.11,2025,9,September,Tuesday,90008.1,72006.48000000001
2025-09-30,ORD021948,CUST00599,P004,Smartwatch,Electronics,Surat,Online,Credit Card,1,6515.69,0.05,6515.69,6189.91,0,1672.98,2025,9,September,Tuesday,6515.69,6189.905499999999
2025-09-30,ORD042963,CUST00782,P003,Headphones,Electronics,Kolkata,Online,Debit Card,1,4294.61,0.1,4294.61,3865.15,0,894.25,2025,9,September,Tuesday,4294.61,3865.149
2025-09-30,ORD007270,CUST04012,P010,Coffee Maker,Home,Hyderabad,Online,Net Banking,1,4978.09,0.0,4978.09,4978.09,0,589.16,2025,9,September,Tuesday,4978.09,4978.09
2025-09-30,ORD025912,CUST04112,P012,Air Fryer,Home,Ahmedabad,Store,Net Banking,4,6716.2,0.1,26864.8,24178.32,0,2107.26,2025,9,September,Tuesday,26864.8,24178.32
2025-09-30,ORD012202,CUST03133,P012,Air Fryer,Home,Delhi,Online,Cash,2,6706.83,0.1,13413.66,12072.29,0,2531.93,2025,9,September,Tuesday,13413.66,12072.294
2025-09-30,ORD036564,CUST00229,P005,Office Chair,Furniture,Surat,Store,Debit Card,4,9882.2,0.1,39528.8,35575.92,0,2817.99,2025,9,September,Tuesday,39528.8,35575.920000000006
2025-09-30,ORD037292,CUST01410,P006,Desk,Furniture,Jaipur,Online,Credit Card,1,11583.05,0.1,11583.05,10424.74,0,937.62,2025,9,September,Tuesday,11583.05,10424.744999999999
2025-09-30,ORD005671,CUST03903,P013,Monitor,Electronics,Surat,Store,UPI,2,19385.99,0.0,38771.98,38771.98,0,7824.51,2025,9,September,Tuesday,38771.98,38771.98
2025-09-30,ORD015046,CUST04871,P019,Vacuum Cleaner,Home,Ahmedabad,Store,UPI,1,8865.08,0.1,8865.08,7978.57,0,1218.28,2025,9,September,Tuesday,8865.08,7978.572
2025-09-30,ORD014346,CUST02373,P018,Jacket,Fashion,Pune,Online,Credit Card,2,4871.76,0.15,9743.52,8281.99,0,984.23,2025,9,September,Tuesday,9743.52,8281.992
2025-09-30,ORD018896,CUST02012,P009,T-Shirt,Fashion,Pune,Online,UPI,2,1289.08,0.15,2578.16,2191.44,0,584.42,2025,9,September,Tuesday,2578.16,2191.4359999999997
2025-09-30,ORD020255,CUST00679,P010,Coffee Maker,Home,Mumbai,Online,UPI,1,5646.06,0.15,5646.06,4799.15,0,534.77,2025,9,September,Tuesday,5646.06,4799.151
2025-09-30,ORD017693,CUST04128,P007,Backpack,Accessories,Hyderabad,Online,UPI,1,2327.43,0.2,2327.43,1861.94,0,185.92,2025,9,September,Tuesday,2327.43,1861.944
2025-09-30,ORD033380,CUST03833,P005,Office Chair,Furniture,Delhi,Store,UPI,3,9112.73,0.0,27338.19,27338.19,0,4496.36,2025,9,September,Tuesday,27338.19,27338.19
2025-09-30,ORD040419,CUST04338,P002,Smartphone,Electronics,Kolkata,Store,UPI,1,25278.36,0.2,25278.36,20222.69,0,3074.34,2025,9,September,Tuesday,25278.36,20222.688000000002
2025-09-30,ORD027356,CUST03873,P018,Jacket,Fashion,Mumbai,Online,UPI,1,5228.97,0.0,5228.97,5228.97,0,684.96,2025,9,September,Tuesday,5228.97,5228.97
2025-09-30,ORD029807,CUST02250,P004,Smartwatch,Electronics,Hyderabad,Store,UPI,1,7284.69,0.2,7284.69,5827.75,0,923.83,2025,9,September,Tuesday,7284.69,5827.752
2025-09-30,ORD027437,CUST04848,P007,Backpack,Accessories,Jaipur,Online,Credit Card,4,1999.0,0.2,7996.0,6396.8,0,262.27,2025,9,September,Tuesday,7996.0,6396.8
2025-09-30,ORD039271,CUST03040,P014,Keyboard,Electronics,Ahmedabad,Online,Net Banking,1,2643.19,0.1,2643.19,2378.87,0,154.72,2025,9,September,Tuesday,2643.19,2378.871
2025-09-30,ORD028381,CUST00497,P012,Air Fryer,Home,Mumbai,Online,UPI,1,7100.01,0.0,7100.01,7100.01,0,1287.5,2025,9,September,Tuesday,7100.01,7100.01
2025-09-30,ORD006237,CUST02044,P003,Headphones,Electronics,Delhi,Store,Debit Card,1,4318.6,0.1,4318.6,3886.74,0,566.48,2025,9,September,Tuesday,4318.6,3886.7400000000002
2025-09-30,ORD020415,CUST02845,P019,Vacuum Cleaner,Home,Hyderabad,Online,Credit Card,2,8107.74,0.1,16215.48,14593.93,0,3255.67,2025,9,September,Tuesday,16215.48,14593.932
2025-09-30,ORD038811,CUST02710,P008,Running Shoes,Fashion,Chennai,Online,UPI,1,4498.63,0.15,4498.63,3823.84,0,630.98,2025,9,September,Tuesday,4498.63,3823.8355
2025-09-30,ORD011952,CUST01987,P009,T-Shirt,Fashion,Jaipur,Store,UPI,2,1119.74,0.1,2239.48,2015.53,0,272.43,2025,9,September,Tuesday,2239.48,2015.5320000000002
2025-09-30,ORD033651,CUST04607,P018,Jacket,Fashion,Bengaluru,Online,UPI,2,5268.34,0.2,10536.68,8429.34,1,-421.47,2025,9,September,Tuesday,10536.68,8429.344000000001
2025-09-30,ORD039385,CUST03444,P009,T-Shirt,Fashion,Chennai,Store,UPI,1,1269.27,0.2,1269.27,1015.42,0,47.1,2025,9,September,Tuesday,1269.27,1015.416
2025-09-30,ORD046295,CUST01672,P020,Microwave,Home,Mumbai,Online,Debit Card,1,12061.35,0.1,12061.35,10855.22,0,1933.87,2025,9,September,Tuesday,12061.35,10855.215
2025-09-30,ORD030956,CUST00761,P012,Air Fryer,Home,Ahmedabad,Store,Net Banking,1,7169.22,0.05,7169.22,6810.76,0,969.97,2025,9,September,Tuesday,7169.22,6810.759
2025-09-30,ORD004174,CUST03999,P009,T-Shirt,Fashion,Jaipur,Store,Credit Card,1,1319.7,0.0,1319.7,1319.7,0,341.02,2025,9,September,Tuesday,1319.7,1319.7
2025-09-30,ORD026970,CUST00953,P010,Coffee Maker,Home,Surat,Store,UPI,1,5678.32,0.0,5678.32,5678.32,0,1168.08,2025,9,September,Tuesday,5678.32,5678.32
2025-09-30,ORD006505,CUST00199,P011,Mixer Grinder,Home,Kolkata,Online,Debit Card,1,4850.19,0.2,4850.19,3880.15,0,207.66,2025,9,September,Tuesday,4850.19,3880.152
2025-10-01,ORD018761,CUST02860,P008,Running Shoes,Fashion,Chennai,Online,UPI,4,4098.43,0.05,16393.72,15574.03,0,3299.21,2025,10,October,Wednesday,16393.72,15574.034
2025-10-01,ORD017555,CUST04812,P018,Jacket,Fashion,Jaipur,Store,UPI,1,5130.06,0.2,5130.06,4104.05,0,781.95,2025,10,October,Wednesday,5130.06,4104.048000000001
2025-10-01,ORD031542,CUST02796,P005,Office Chair,Furniture,Pune,Online,UPI,1,9600.31,0.2,9600.31,7680.25,0,1370.66,2025,10,October,Wednesday,9600.31,7680.248
2025-10-01,ORD026568,CUST02251,P015,Dining Table,Furniture,Chennai,Online,Debit Card,1,21913.63,0.25,21913.63,16435.22,0,2461.36,2025,10,October,Wednesday,21913.63,16435.2225
2025-10-01,ORD029407,CUST03659,P002,Smartphone,Electronics,Surat,Store,Credit Card,2,26249.24,0.1,52498.48,47248.63,0,4626.85,2025,10,October,Wednesday,52498.48,47248.632000000005
2025-10-01,ORD025848,CUST00938,P013,Monitor,Electronics,Delhi,Online,UPI,2,16935.06,0.1,33870.12,30483.11,0,2305.98,2025,10,October,Wednesday,33870.12,30483.108000000004
2025-10-01,ORD027672,CUST04411,P010,Coffee Maker,Home,Pune,Store,Credit Card,1,5578.9,0.05,5578.9,5299.95,0,622.11,2025,10,October,Wednesday,5578.9,5299.954999999999
2025-10-01,ORD010749,CUST00567,P020,Microwave,Home,Surat,Online,Debit Card,1,11401.58,0.15,11401.58,9691.34,0,627.83,2025,10,October,Wednesday,11401.58,9691.342999999999
2025-10-01,ORD002909,CUST04403,P010,Coffee Maker,Home,Ahmedabad,Online,UPI,2,5352.7,0.15,10705.4,9099.59,0,1386.93,2025,10,October,Wednesday,10705.4,9099.59
2025-10-01,ORD005794,CUST02699,P010,Coffee Maker,Home,Kolkata,Store,UPI,5,5274.67,0.1,26373.35,23736.02,0,2208.31,2025,10,October,Wednesday,26373.35,23736.015
2025-10-01,ORD001554,CUST04919,P017,Jeans,Fashion,Surat,Online,UPI,1,2621.41,0.0,2621.41,2621.41,0,564.85,2025,10,October,Wednesday,2621.41,2621.41
2025-10-01,ORD013901,CUST02631,P005,Office Chair,Furniture,Pune,Online,Cash,1,9400.2,0.15,9400.2,7990.17,0,803.68,2025,10,October,Wednesday,9400.2,7990.17
2025-10-01,ORD038501,CUST00193,P001,Laptop,Electronics,Delhi,Online,Debit Card,2,67492.52,0.1,134985.04,121486.54,0,25472.64,2025,10,October,Wednesday,134985.04,121486.53600000001
2025-10-01,ORD004408,CUST03375,P001,Laptop,Electronics,Jaipur,Online,UPI,2,70364.44,0.05,140728.88,133692.44,0,14095.84,2025,10,October,Wednesday,140728.88,133692.436
2025-10-01,ORD046054,CUST01508,P018,Jacket,Fashion,Delhi,Online,Cash,1,5218.12,0.0,5218.12,5218.12,0,1374.89,2025,10,October,Wednesday,5218.12,5218.12
2025-10-01,ORD044825,CUST02673,P018,Jacket,Fashion,Mumbai,Online,Debit Card,2,4857.57,0.05,9715.14,9229.38,0,713.44,2025,10,October,Wednesday,9715.14,9229.383
2025-10-01,ORD016032,CUST04456,P019,Vacuum Cleaner,Home,Ahmedabad,Store,UPI,5,8335.87,0.05,41679.35,39595.38,0,9182.3,2025,10,October,Wednesday,41679.350000000006,39595.3825
2025-10-01,ORD043082,CUST04736,P012,Air Fryer,Home,Kolkata,Online,UPI,1,7731.15,0.05,7731.15,7344.59,0,896.48,2025,10,October,Wednesday,7731.15,7344.5925
2025-10-01,ORD032817,CUST01904,P018,Jacket,Fashion,Delhi,Store,Credit Card,4,5499.52,0.2,21998.08,17598.46,0,2075.27,2025,10,October,Wednesday,21998.08,17598.464000000004
2025-10-01,ORD017062,CUST03223,P020,Microwave,Home,Jaipur,Online,Credit Card,1,11377.02,0.05,11377.02,10808.17,0,1090.99,2025,10,October,Wednesday,11377.02,10808.169
2025-10-01,ORD037124,CUST03500,P011,Mixer Grinder,Home,Kolkata,Store,UPI,1,5230.82,0.05,5230.82,4969.28,0,638.82,2025,10,October,Wednesday,5230.82,4969.2789999999995
2025-10-01,ORD010353,CUST03798,P015,Dining Table,Furniture,Hyderabad,Store,Credit Card,1,22071.54,0.25,22071.54,16553.66,0,3154.77,2025,10,October,Wednesday,22071.54,16553.655
2025-10-01,ORD002226,CUST04207,P005,Office Chair,Furniture,Bengaluru,Online,Debit Card,1,9187.38,0.05,9187.38,8728.01,0,1520.55,2025,10,October,Wednesday,9187.38,8728.010999999999
2025-10-01,ORD045065,CUST04005,P016,Sofa,Furniture,Jaipur,Online,Debit Card,1,34988.13,0.15,34988.13,29739.91,0,2469.02,2025,10,October,Wednesday,34988.13,29739.910499999998
2025-10-01,ORD006640,CUST01253,P009,T-Shirt,Fashion,Ahmedabad,Online,Credit Card,1,1084.32,0.1,1084.32,975.89,0,203.41,2025,10,October,Wednesday,1084.32,975.8879999999999
2025-10-01,ORD012290,CUST03557,P013,Monitor,Electronics,Jaipur,Store,Cash,1,19446.69,0.1,19446.69,17502.02,0,1625.93,2025,10,October,Wednesday,19446.69,17502.021
2025-10-01,ORD046790,CUST03449,P018,Jacket,Fashion,Mumbai,Online,Credit Card,1,5139.06,0.1,5139.06,4625.15,0,901.36,2025,10,October,Wednesday,5139.06,4625.154
2025-10-01,ORD010572,CUST01657,P016,Sofa,Furniture,Bengaluru,Online,UPI,4,32553.37,0.25,130213.48,97660.11,0,23705.09,2025,10,October,Wednesday,130213.48,97660.11
2025-10-01,ORD016812,CUST04888,P011,Mixer Grinder,Home,Mumbai,Online,UPI,1,4408.74,0.0,4408.74,4408.74,0,516.39,2025,10,October,Wednesday,4408.74,4408.74
2025-10-01,ORD049347,CUST01494,P012,Air Fryer,Home,Pune,Store,Debit Card,2,7475.82,0.0,14951.64,14951.64,0,3076.59,2025,10,October,Wednesday,14951.64,14951.64
2025-10-01,ORD010127,CUST01589,P005,Office Chair,Furniture,Chennai,Store,Net Banking,1,9604.77,0.1,9604.77,8644.29,0,1616.27,2025,10,October,Wednesday,9604.77,8644.293000000001
2025-10-01,ORD040487,CUST02139,P007,Backpack,Accessories,Ahmedabad,Store,Debit Card,1,1981.44,0.05,1981.44,1882.37,0,377.48,2025,10,October,Wednesday,1981.44,1882.368
2025-10-01,ORD026465,CUST04120,P011,Mixer Grinder,Home,Ahmedabad,Online,Credit Card,1,4926.04,0.05,4926.04,4679.74,0,430.4,2025,10,October,Wednesday,4926.04,4679.737999999999
2025-10-01,ORD007092,CUST01953,P008,Running Shoes,Fashion,Kolkata,Online,Debit Card,1,4518.67,0.15,4518.67,3840.87,0,290.23,2025,10,October,Wednesday,4518.67,3840.8695
2025-10-01,ORD009867,CUST04248,P015,Dining Table,Furniture,Hyderabad,Online,Credit Card,1,20146.26,0.05,20146.26,19138.95,0,4714.16,2025,10,October,Wednesday,20146.26,19138.946999999996
2025-10-01,ORD016473,CUST02891,P005,Office Chair,Furniture,Ahmedabad,Online,Debit Card,1,10178.7,0.1,10178.7,9160.83,0,1074.4,2025,10,October,Wednesday,10178.7,9160.830000000002
2025-10-01,ORD005344,CUST01866,P010,Coffee Maker,Home,Chennai,Store,UPI,1,5811.42,0.1,5811.42,5230.28,0,817.26,2025,10,October,Wednesday,5811.42,5230.278
2025-10-01,ORD037103,CUST03324,P001,Laptop,Electronics,Delhi,Store,Net Banking,1,59010.14,0.1,59010.14,53109.13,0,14197.25,2025,10,October,Wednesday,59010.14,53109.126000000004
2025-10-01,ORD001857,CUST04097,P004,Smartwatch,Electronics,Chennai,Online,UPI,1,7312.93,0.15,7312.93,6215.99,0,1225.83,2025,10,October,Wednesday,7312.93,6215.9905
2025-10-01,ORD033588,CUST00451,P002,Smartphone,Electronics,Surat,Online,Net Banking,1,27516.83,0.1,27516.83,24765.15,0,3458.93,2025,10,October,Wednesday,27516.83,24765.147
2025-10-01,ORD015887,CUST04319,P017,Jeans,Fashion,Ahmedabad,Online,UPI,3,2900.2,0.05,8700.6,8265.57,0,886.25,2025,10,October,Wednesday,8700.599999999999,8265.57
2025-10-01,ORD000018,CUST02386,P004,Smartwatch,Electronics,Kolkata,Online,UPI,1,6617.09,0.1,6617.09,5955.38,0,585.77,2025,10,October,Wednesday,6617.09,5955.381
2025-10-01,ORD003063,CUST04420,P018,Jacket,Fashion,Delhi,Online,Debit Card,1,5712.26,0.0,5712.26,5712.26,0,1311.85,2025,10,October,Wednesday,5712.26,5712.26
2025-10-01,ORD007349,CUST03361,P020,Microwave,Home,Mumbai,Store,UPI,5,10170.27,0.05,50851.35,48308.78,0,12478.77,2025,10,October,Wednesday,50851.350000000006,48308.782499999994
2025-10-01,ORD024921,CUST04727,P013,Monitor,Electronics,Delhi,Online,Net Banking,2,17756.5,0.05,35513.0,33737.35,0,5395.82,2025,10,October,Wednesday,35513.0,33737.35
2025-10-01,ORD048724,CUST01792,P001,Laptop,Electronics,Ahmedabad,Store,Cash,3,63896.83,0.0,191690.49,191690.49,0,42418.5,2025,10,October,Wednesday,191690.49,191690.49
2025-10-01,ORD000746,CUST02016,P008,Running Shoes,Fashion,Kolkata,Online,Credit Card,1,4347.54,0.05,4347.54,4130.16,0,500.86,2025,10,October,Wednesday,4347.54,4130.163
2025-10-01,ORD008645,CUST00353,P009,T-Shirt,Fashion,Hyderabad,Online,UPI,2,1082.0,0.05,2164.0,2055.8,0,529.55,2025,10,October,Wednesday,2164.0,2055.7999999999997
2025-10-01,ORD013575,CUST01366,P003,Headphones,Electronics,Mumbai,Online,UPI,4,4506.78,0.1,18027.12,16224.41,0,1870.65,2025,10,October,Wednesday,18027.12,16224.408
2025-10-01,ORD014766,CUST00858,P006,Desk,Furniture,Surat,Store,Credit Card,1,12258.87,0.05,12258.87,11645.93,0,2873.91,2025,10,October,Wednesday,12258.87,11645.9265
2025-10-01,ORD027030,CUST01078,P003,Headphones,Electronics,Jaipur,Store,UPI,1,4537.49,0.0,4537.49,4537.49,0,567.22,2025,10,October,Wednesday,4537.49,4537.49
2025-10-01,ORD017255,CUST00510,P004,Smartwatch,Electronics,Delhi,Online,Debit Card,1,7506.98,0.05,7506.98,7131.63,0,1440.23,2025,10,October,Wednesday,7506.98,7131.630999999999
2025-10-01,ORD030859,CUST00635,P006,Desk,Furniture,Hyderabad,Store,Cash,1,11644.74,0.1,11644.74,10480.27,0,889.22,2025,10,October,Wednesday,11644.74,10480.266
2025-10-01,ORD042794,CUST04640,P016,Sofa,Furniture,Pune,Online,Cash,2,32376.39,0.15,64752.78,55039.86,0,8191.36,2025,10,October,Wednesday,64752.78,55039.863
2025-10-01,ORD046949,CUST01317,P010,Coffee Maker,Home,Chennai,Online,Debit Card,1,5800.3,0.25,5800.3,4350.23,0,174.01,2025,10,October,Wednesday,5800.3,4350.225
2025-10-01,ORD005768,CUST01204,P008,Running Shoes,Fashion,Hyderabad,Store,UPI,1,3897.32,0.15,3897.32,3312.72,0,798.38,2025,10,October,Wednesday,3897.32,3312.722
2025-10-01,ORD003194,CUST04954,P012,Air Fryer,Home,Chennai,Store,Credit Card,3,6766.2,0.15,20298.6,17253.81,0,3457.07,2025,10,October,Wednesday,20298.6,17253.809999999998
2025-10-01,ORD010594,CUST01460,P008,Running Shoes,Fashion,Hyderabad,Online,UPI,1,4087.75,0.25,4087.75,3065.81,0,764.83,2025,10,October,Wednesday,4087.75,3065.8125
2025-10-01,ORD037823,CUST04975,P010,Coffee Maker,Home,Pune,Online,Net Banking,4,5626.89,0.0,22507.56,22507.56,0,4657.76,2025,10,October,Wednesday,22507.56,22507.56
2025-10-01,ORD012005,CUST02187,P011,Mixer Grinder,Home,Bengaluru,Online,Credit Card,1,5260.4,0.1,5260.4,4734.36,0,373.74,2025,10,October,Wednesday,5260.4,4734.36
2025-10-02,ORD035077,CUST02944,P018,Jacket,Fashion,Chennai,Online,UPI,1,5349.48,0.05,5349.48,5082.01,1,-254.1,2025,10,October,Thursday,5349.48,5082.005999999999
2025-10-02,ORD004897,CUST04369,P011,Mixer Grinder,Home,Mumbai,Online,Debit Card,1,4768.08,0.1,4768.08,4291.27,0,616.04,2025,10,October,Thursday,4768.08,4291.272
2025-10-02,ORD020998,CUST02264,P018,Jacket,Fashion,Pune,Store,UPI,1,5106.91,0.2,5106.91,4085.53,0,739.91,2025,10,October,Thursday,5106.91,4085.5280000000002
2025-10-02,ORD023976,CUST04893,P018,Jacket,Fashion,Bengaluru,Store,Credit Card,2,5362.39,0.2,10724.78,8579.82,0,2059.28,2025,10,October,Thursday,10724.78,8579.824
2025-10-02,ORD042087,CUST00916,P013,Monitor,Electronics,Chennai,Online,Debit Card,3,17860.94,0.15,53582.82,45545.4,0,2344.07,2025,10,October,Thursday,53582.81999999999,45545.397
2025-10-02,ORD004175,CUST01068,P011,Mixer Grinder,Home,Mumbai,Online,UPI,5,4424.88,0.1,22124.4,19911.96,0,4432.72,2025,10,October,Thursday,22124.4,19911.960000000003
2025-10-02,ORD006236,CUST00995,P014,Keyboard,Electronics,Surat,Online,Credit Card,1,2309.11,0.15,2309.11,1962.74,0,520.08,2025,10,October,Thursday,2309.11,1962.7435
2025-10-02,ORD013084,CUST01463,P015,Dining Table,Furniture,Ahmedabad,Store,Debit Card,1,21636.24,0.15,21636.24,18390.8,0,2409.71,2025,10,October,Thursday,21636.24,18390.804
2025-10-02,ORD022585,CUST01482,P004,Smartwatch,Electronics,Hyderabad,Online,Credit Card,1,6387.78,0.0,6387.78,6387.78,0,1387.25,2025,10,October,Thursday,6387.78,6387.78
2025-10-02,ORD004539,CUST04041,P014,Keyboard,Electronics,Ahmedabad,Store,UPI,1,2708.93,0.15,2708.93,2302.59,0,146.45,2025,10,October,Thursday,2708.93,2302.5905
2025-10-02,ORD038193,CUST04549,P007,Backpack,Accessories,Kolkata,Online,Cash,1,2155.51,0.15,2155.51,1832.18,0,194.41,2025,10,October,Thursday,2155.51,1832.1835
2025-10-02,ORD020680,CUST02957,P006,Desk,Furniture,Bengaluru,Online,UPI,1,12165.13,0.0,12165.13,12165.13,0,2781.41,2025,10,October,Thursday,12165.13,12165.13
2025-10-02,ORD002579,CUST01783,P015,Dining Table,Furniture,Chennai,Online,Debit Card,1,21265.53,0.0,21265.53,21265.53,0,3208.83,2025,10,October,Thursday,21265.53,21265.53
2025-10-02,ORD048642,CUST02161,P016,Sofa,Furniture,Ahmedabad,Store,UPI,1,36510.73,0.0,36510.73,36510.73,0,3079.35,2025,10,October,Thursday,36510.73,36510.73
2025-10-02,ORD049409,CUST03344,P001,Laptop,Electronics,Delhi,Online,Credit Card,2,70553.6,0.15,141107.2,119941.12,0,15834.48,2025,10,October,Thursday,141107.2,119941.12000000001
2025-10-02,ORD014787,CUST02894,P007,Backpack,Accessories,Bengaluru,Store,Debit Card,3,2082.73,0.0,6248.19,6248.19,0,716.52,2025,10,October,Thursday,6248.1900000000005,6248.19
2025-10-02,ORD032792,CUST04619,P003,Headphones,Electronics,Hyderabad,Store,UPI,1,4403.18,0.1,4403.18,3962.86,0,698.24,2025,10,October,Thursday,4403.18,3962.8620000000005
2025-10-02,ORD002889,CUST04958,P016,Sofa,Furniture,Bengaluru,Online,UPI,2,37209.12,0.0,74418.24,74418.24,0,17544.89,2025,10,October,Thursday,74418.24,74418.24
2025-10-02,ORD040700,CUST04412,P015,Dining Table,Furniture,Bengaluru,Online,Debit Card,1,23542.73,0.1,23542.73,21188.46,0,1620.61,2025,10,October,Thursday,23542.73,21188.457
2025-10-02,ORD017289,CUST03182,P008,Running Shoes,Fashion,Kolkata,Store,Net Banking,1,4213.75,0.05,4213.75,4003.06,0,381.98,2025,10,October,Thursday,4213.75,4003.0625
2025-10-02,ORD044005,CUST00813,P016,Sofa,Furniture,Pune,Online,UPI,1,37123.36,0.1,37123.36,33411.02,0,7531.2,2025,10,October,Thursday,37123.36,33411.024000000005
2025-10-02,ORD039676,CUST04468,P008,Running Shoes,Fashion,Kolkata,Store,UPI,1,4419.45,0.1,4419.45,3977.5,0,889.34,2025,10,October,Thursday,4419.45,3977.505
2025-10-02,ORD013164,CUST02982,P005,Office Chair,Furniture,Hyderabad,Store,UPI,1,9160.17,0.25,9160.17,6870.13,0,794.1,2025,10,October,Thursday,9160.17,6870.1275000000005
2025-10-02,ORD015636,CUST04574,P008,Running Shoes,Fashion,Hyderabad,Online,Cash,1,4076.33,0.0,4076.33,4076.33,0,1126.86,2025,10,October,Thursday,4076.33,4076.33
2025-10-02,ORD046915,CUST03119,P011,Mixer Grinder,Home,Hyderabad,Online,Credit Card,3,4544.18,0.2,13632.54,10906.03,0,1641.27,2025,10,October,Thursday,13632.54,10906.032000000001
2025-10-02,ORD005612,CUST03215,P017,Jeans,Fashion,Mumbai,Online,Credit Card,1,2611.23,0.0,2611.23,2611.23,0,693.32,2025,10,October,Thursday,2611.23,2611.23
2025-10-02,ORD047613,CUST00121,P014,Keyboard,Electronics,Kolkata,Online,Debit Card,1,2735.19,0.25,2735.19,2051.39,0,409.99,2025,10,October,Thursday,2735.19,2051.3925
2025-10-02,ORD043638,CUST02806,P017,Jeans,Fashion,Ahmedabad,Online,UPI,2,2742.95,0.0,5485.9,5485.9,0,1472.23,2025,10,October,Thursday,5485.9,5485.9
2025-10-02,ORD040939,CUST01081,P005,Office Chair,Furniture,Hyderabad,Online,UPI,1,9403.25,0.1,9403.25,8462.93,0,1167.23,2025,10,October,Thursday,9403.25,8462.925000000001
2025-10-02,ORD026578,CUST00431,P002,Smartphone,Electronics,Hyderabad,Online,Credit Card,1,30736.84,0.0,30736.84,30736.84,0,6509.22,2025,10,October,Thursday,30736.84,30736.84
2025-10-02,ORD023800,CUST02593,P004,Smartwatch,Electronics,Kolkata,Store,UPI,1,7210.25,0.15,7210.25,6128.71,0,960.88,2025,10,October,Thursday,7210.25,6128.7125
2025-10-02,ORD037538,CUST01670,P005,Office Chair,Furniture,Mumbai,Store,UPI,1,10090.72,0.15,10090.72,8577.11,0,1776.93,2025,10,October,Thursday,10090.72,8577.112
2025-10-02,ORD011188,CUST01785,P019,Vacuum Cleaner,Home,Pune,Online,Credit Card,1,8851.38,0.2,8851.38,7081.1,0,1587.25,2025,10,October,Thursday,8851.38,7081.103999999999
2025-10-02,ORD021159,CUST00720,P017,Jeans,Fashion,Delhi,Store,Credit Card,1,3077.81,0.15,3077.81,2616.14,0,599.06,2025,10,October,Thursday,3077.81,2616.1385
2025-10-02,ORD038964,CUST03530,P001,Laptop,Electronics,Kolkata,Online,UPI,2,63958.55,0.1,127917.1,115125.39,1,-5756.27,2025,10,October,Thursday,127917.1,115125.39000000001
2025-10-02,ORD031372,CUST04738,P003,Headphones,Electronics,Surat,Store,Credit Card,1,4134.59,0.2,4134.59,3307.67,0,625.38,2025,10,October,Thursday,4134.59,3307.6720000000005
2025-10-02,ORD016575,CUST00535,P013,Monitor,Electronics,Chennai,Store,Debit Card,1,19074.46,0.25,19074.46,14305.84,0,1855.95,2025,10,October,Thursday,19074.46,14305.845
2025-10-02,ORD047213,CUST00742,P012,Air Fryer,Home,Bengaluru,Online,UPI,1,6543.89,0.0,6543.89,6543.89,0,1839.34,2025,10,October,Thursday,6543.89,6543.89
2025-10-02,ORD010352,CUST00317,P019,Vacuum Cleaner,Home,Chennai,Online,UPI,1,9755.15,0.1,9755.15,8779.64,0,1046.79,2025,10,October,Thursday,9755.15,8779.635
2025-10-02,ORD043288,CUST01260,P001,Laptop,Electronics,Mumbai,Online,UPI,5,70500.18,0.1,352500.9,317250.81,0,23783.45,2025,10,October,Thursday,352500.89999999997,317250.81000000006
2025-10-02,ORD041826,CUST03854,P011,Mixer Grinder,Home,Mumbai,Online,Credit Card,1,5047.64,0.05,5047.64,4795.26,0,1114.37,2025,10,October,Thursday,5047.64,4795.258
2025-10-02,ORD014407,CUST01476,P017,Jeans,Fashion,Hyderabad,Online,Debit Card,1,2657.68,0.05,2657.68,2524.8,0,337.38,2025,10,October,Thursday,2657.68,2524.796
2025-10-02,ORD041871,CUST01361,P014,Keyboard,Electronics,Kolkata,Online,UPI,2,2429.65,0.2,4859.3,3887.44,0,966.26,2025,10,October,Thursday,4859.3,3887.4400000000005
2025-10-02,ORD015486,CUST04348,P015,Dining Table,Furniture,Pune,Online,UPI,2,22513.57,0.0,45027.14,45027.14,0,4001.16,2025,10,October,Thursday,45027.14,45027.14
2025-10-02,ORD018048,CUST00618,P001,Laptop,Electronics,Surat,Store,Credit Card,1,58582.73,0.1,58582.73,52724.46,0,3264.33,2025,10,October,Thursday,58582.73,52724.457
2025-10-02,ORD022906,CUST03123,P015,Dining Table,Furniture,Surat,Store,Credit Card,1,24058.52,0.05,24058.52,22855.59,0,4277.62,2025,10,October,Thursday,24058.52,22855.594
2025-10-02,ORD047389,CUST02618,P001,Laptop,Electronics,Pune,Online,Credit Card,2,65849.96,0.1,131699.92,118529.93,0,13320.04,2025,10,October,Thursday,131699.92,118529.92800000001
2025-10-02,ORD006103,CUST01360,P019,Vacuum Cleaner,Home,Surat,Store,UPI,4,9212.52,0.05,36850.08,35007.58,0,5621.12,2025,10,October,Thursday,36850.08,35007.576
2025-10-02,ORD019711,CUST04345,P005,Office Chair,Furniture,Bengaluru,Store,UPI,2,9100.57,0.0,18201.14,18201.14,0,4293.18,2025,10,October,Thursday,18201.14,18201.14
2025-10-02,ORD018106,CUST01354,P020,Microwave,Home,Jaipur,Online,Debit Card,1,10359.68,0.1,10359.68,9323.71,0,1483.51,2025,10,October,Thursday,10359.68,9323.712000000001
2025-10-02,ORD013470,CUST02561,P012,Air Fryer,Home,Surat,Online,Debit Card,1,7891.14,0.2,7891.14,6312.91,0,1059.83,2025,10,October,Thursday,7891.14,6312.912
2025-10-02,ORD044289,CUST04367,P009,T-Shirt,Fashion,Delhi,Online,UPI,4,1099.47,0.05,4397.88,4177.99,0,494.1,2025,10,October,Thursday,4397.88,4177.986
2025-10-02,ORD005115,CUST00365,P009,T-Shirt,Fashion,Ahmedabad,Online,Net Banking,1,1205.4,0.05,1205.4,1145.13,1,-57.26,2025,10,October,Thursday,1205.4,1145.13
2025-10-02,ORD019255,CUST02233,P006,Desk,Furniture,Pune,Store,Debit Card,1,11470.47,0.05,11470.47,10896.95,0,2576.61,2025,10,October,Thursday,11470.47,10896.946499999998
2025-10-02,ORD000098,CUST01241,P013,Monitor,Electronics,Kolkata,Online,UPI,1,17907.25,0.1,17907.25,16116.52,0,2213.42,2025,10,October,Thursday,17907.25,16116.525
2025-10-02,ORD018412,CUST01193,P019,Vacuum Cleaner,Home,Delhi,Online,UPI,3,8941.62,0.25,26824.86,20118.64,0,4271.62,2025,10,October,Thursday,26824.86,20118.645
2025-10-02,ORD021215,CUST02199,P007,Backpack,Accessories,Kolkata,Online,UPI,2,2160.72,0.2,4321.44,3457.15,0,779.73,2025,10,October,Thursday,4321.44,3457.152
2025-10-02,ORD019196,CUST03637,P007,Backpack,Accessories,Chennai,Online,Net Banking,1,2244.49,0.0,2244.49,2244.49,0,643.8,2025,10,October,Thursday,2244.49,2244.49
2025-10-02,ORD041821,CUST03884,P017,Jeans,Fashion,Delhi,Online,Debit Card,1,2631.41,0.15,2631.41,2236.7,0,522.05,2025,10,October,Thursday,2631.41,2236.6985
2025-10-02,ORD004282,CUST00693,P011,Mixer Grinder,Home,Delhi,Store,Debit Card,2,4505.57,0.05,9011.14,8560.58,0,1114.61,2025,10,October,Thursday,9011.14,8560.582999999999
2025-10-02,ORD014687,CUST01014,P009,T-Shirt,Fashion,Hyderabad,Online,UPI,3,1284.75,0.1,3854.25,3468.82,0,825.15,2025,10,October,Thursday,3854.25,3468.8250000000003
2025-10-02,ORD031356,CUST02592,P005,Office Chair,Furniture,Hyderabad,Online,Credit Card,2,8750.49,0.25,17500.98,13125.74,0,861.97,2025,10,October,Thursday,17500.98,13125.735
2025-10-02,ORD003148,CUST00609,P020,Microwave,Home,Pune,Online,Credit Card,3,11053.52,0.0,33160.56,33160.56,0,7500.15,2025,10,October,Thursday,33160.56,33160.56
2025-10-02,ORD032123,CUST01174,P009,T-Shirt,Fashion,Chennai,Online,Credit Card,3,1156.52,0.0,3469.56,3469.56,0,643.83,2025,10,October,Thursday,3469.56,3469.56
2025-10-02,ORD039329,CUST03396,P014,Keyboard,Electronics,Jaipur,Store,Cash,1,2557.31,0.1,2557.31,2301.58,0,384.1,2025,10,October,Thursday,2557.31,2301.579
2025-10-02,ORD015144,CUST02680,P018,Jacket,Fashion,Pune,Online,Credit Card,1,5608.99,0.1,5608.99,5048.09,0,878.79,2025,10,October,Thursday,5608.99,5048.091
2025-10-02,ORD030208,CUST00196,P008,Running Shoes,Fashion,Ahmedabad,Store,UPI,1,3871.14,0.0,3871.14,3871.14,0,871.87,2025,10,October,Thursday,3871.14,3871.14
2025-10-02,ORD005535,CUST04977,P008,Running Shoes,Fashion,Delhi,Store,Credit Card,1,3915.74,0.0,3915.74,3915.74,0,976.2,2025,10,October,Thursday,3915.74,3915.74
2025-10-02,ORD005412,CUST00163,P011,Mixer Grinder,Home,Jaipur,Store,Credit Card,4,5091.88,0.1,20367.52,18330.77,0,3557.61,2025,10,October,Thursday,20367.52,18330.768
2025-10-02,ORD001118,CUST02331,P016,Sofa,Furniture,Mumbai,Online,Cash,1,34181.46,0.0,34181.46,34181.46,0,5465.22,2025,10,October,Thursday,34181.46,34181.46
2025-10-02,ORD033574,CUST04274,P008,Running Shoes,Fashion,Ahmedabad,Online,UPI,3,4101.13,0.05,12303.39,11688.22,0,2009.21,2025,10,October,Thursday,12303.39,11688.2205
2025-10-03,ORD016422,CUST03317,P008,Running Shoes,Fashion,Surat,Store,UPI,2,4344.18,0.2,8688.36,6950.69,0,1220.45,2025,10,October,Friday,8688.36,6950.688000000001
2025-10-03,ORD014459,CUST01884,P019,Vacuum Cleaner,Home,Chennai,Store,UPI,2,9560.34,0.0,19120.68,19120.68,0,4028.77,2025,10,October,Friday,19120.68,19120.68
2025-10-03,ORD034980,CUST01459,P020,Microwave,Home,Chennai,Store,Credit Card,1,11446.65,0.1,11446.65,10301.98,0,1334.37,2025,10,October,Friday,11446.65,10301.985
2025-10-03,ORD025245,CUST00397,P005,Office Chair,Furniture,Delhi,Store,UPI,1,10044.97,0.0,10044.97,10044.97,0,1936.5,2025,10,October,Friday,10044.97,10044.97
2025-10-03,ORD008087,CUST03563,P004,Smartwatch,Electronics,Surat,Online,UPI,2,6395.48,0.0,12790.96,12790.96,0,3186.23,2025,10,October,Friday,12790.96,12790.96
2025-10-03,ORD035509,CUST00167,P013,Monitor,Electronics,Jaipur,Online,UPI,3,17084.51,0.05,51253.53,48690.85,0,3444.32,2025,10,October,Friday,51253.53,48690.8535
2025-10-03,ORD022729,CUST02699,P015,Dining Table,Furniture,Delhi,Store,UPI,1,21956.06,0.05,21956.06,20858.26,0,3560.7,2025,10,October,Friday,21956.06,20858.257
2025-10-03,ORD019228,CUST02187,P009,T-Shirt,Fashion,Bengaluru,Online,UPI,1,1248.22,0.1,1248.22,1123.4,1,-56.17,2025,10,October,Friday,1248.22,1123.3980000000001
2025-10-03,ORD007922,CUST01661,P005,Office Chair,Furniture,Surat,Online,UPI,1,9174.99,0.2,9174.99,7339.99,0,595.12,2025,10,October,Friday,9174.99,7339.992
2025-10-03,ORD017426,CUST03843,P011,Mixer Grinder,Home,Ahmedabad,Store,UPI,2,5174.67,0.15,10349.34,8796.94,0,1584.18,2025,10,October,Friday,10349.34,8796.939
2025-10-03,ORD022140,CUST04706,P009,T-Shirt,Fashion,Kolkata,Store,UPI,2,1257.34,0.1,2514.68,2263.21,0,222.05,2025,10,October,Friday,2514.68,2263.212
2025-10-03,ORD045603,CUST01821,P010,Coffee Maker,Home,Delhi,Online,Debit Card,4,5453.87,0.15,21815.48,18543.16,0,2975.13,2025,10,October,Friday,21815.48,18543.158
2025-10-03,ORD035335,CUST03139,P010,Coffee Maker,Home,Delhi,Store,Cash,2,5532.96,0.1,11065.92,9959.33,0,976.82,2025,10,October,Friday,11065.92,9959.328
2025-10-03,ORD006333,CUST04395,P018,Jacket,Fashion,Kolkata,Store,Credit Card,5,5366.63,0.2,26833.15,21466.52,0,3235.04,2025,10,October,Friday,26833.15,21466.520000000004
2025-10-03,ORD022845,CUST04704,P015,Dining Table,Furniture,Pune,Online,UPI,5,20773.62,0.0,103868.1,103868.1,0,14156.17,2025,10,October,Friday,103868.09999999999,103868.1
2025-10-03,ORD019499,CUST01550,P006,Desk,Furniture,Jaipur,Online,Debit Card,2,11605.98,0.0,23211.96,23211.96,0,3474.37,2025,10,October,Friday,23211.96,23211.96
2025-10-03,ORD016387,CUST01396,P008,Running Shoes,Fashion,Bengaluru,Online,UPI,1,4309.69,0.1,4309.69,3878.72,0,596.63,2025,10,October,Friday,4309.69,3878.7209999999995
2025-10-03,ORD017163,CUST03991,P017,Jeans,Fashion,Delhi,Store,Credit Card,3,2576.18,0.15,7728.54,6569.26,0,1527.27,2025,10,October,Friday,7728.539999999999,6569.259
2025-10-03,ORD011291,CUST03589,P004,Smartwatch,Electronics,Surat,Store,UPI,2,6300.44,0.25,12600.88,9450.66,0,841.28,2025,10,October,Friday,12600.88,9450.66
2025-10-03,ORD042276,CUST03007,P001,Laptop,Electronics,Mumbai,Store,UPI,1,60363.82,0.2,60363.82,48291.06,0,10043.99,2025,10,October,Friday,60363.82,48291.056000000004
2025-10-03,ORD018023,CUST04933,P007,Backpack,Accessories,Bengaluru,Online,Debit Card,1,2072.96,0.05,2072.96,1969.31,0,217.17,2025,10,October,Friday,2072.96,1969.312
2025-10-03,ORD015540,CUST00579,P008,Running Shoes,Fashion,Surat,Store,UPI,2,4372.73,0.15,8745.46,7433.64,0,1211.28,2025,10,October,Friday,8745.46,7433.640999999999
2025-10-03,ORD036277,CUST02033,P010,Coffee Maker,Home,Ahmedabad,Online,Credit Card,1,5147.34,0.0,5147.34,5147.34,0,1425.47,2025,10,October,Friday,5147.34,5147.34
2025-10-03,ORD000575,CUST01469,P014,Keyboard,Electronics,Hyderabad,Online,UPI,1,2703.05,0.15,2703.05,2297.59,0,142.35,2025,10,October,Friday,2703.05,2297.5925
2025-10-03,ORD001704,CUST00807,P020,Microwave,Home,Chennai,Online,UPI,5,11190.8,0.0,55954.0,55954.0,0,11696.79,2025,10,October,Friday,55954.0,55954.0
2025-10-03,ORD023611,CUST00864,P018,Jacket,Fashion,Kolkata,Online,Debit Card,1,5340.95,0.05,5340.95,5073.9,0,1070.12,2025,10,October,Friday,5340.95,5073.902499999999
2025-10-03,ORD032379,CUST01066,P016,Sofa,Furniture,Kolkata,Online,UPI,1,32980.27,0.25,32980.27,24735.2,0,2154.61,2025,10,October,Friday,32980.27,24735.2025
2025-10-03,ORD030567,CUST01411,P002,Smartphone,Electronics,Mumbai,Store,UPI,4,26883.11,0.0,107532.44,107532.44,0,31304.54,2025,10,October,Friday,107532.44,107532.44
2025-10-03,ORD037919,CUST01331,P010,Coffee Maker,Home,Mumbai,Store,Credit Card,4,5465.7,0.2,21862.8,17490.24,0,3109.1,2025,10,October,Friday,21862.8,17490.24
2025-10-03,ORD011851,CUST04895,P003,Headphones,Electronics,Ahmedabad,Online,Cash,3,4770.21,0.05,14310.63,13595.1,0,2953.77,2025,10,October,Friday,14310.630000000001,13595.098499999998
2025-10-03,ORD025507,CUST00712,P007,Backpack,Accessories,Mumbai,Online,Debit Card,1,2145.75,0.05,2145.75,2038.46,0,551.69,2025,10,October,Friday,2145.75,2038.4624999999999
2025-10-03,ORD045619,CUST02685,P016,Sofa,Furniture,Bengaluru,Online,Credit Card,1,35063.66,0.15,35063.66,29804.11,0,1659.64,2025,10,October,Friday,35063.66,29804.111
2025-10-03,ORD032343,CUST04632,P006,Desk,Furniture,Ahmedabad,Store,Cash,1,11651.64,0.1,11651.64,10486.48,0,1028.01,2025,10,October,Friday,11651.64,10486.476
2025-10-03,ORD049920,CUST03938,P009,T-Shirt,Fashion,Delhi,Online,Credit Card,1,1308.1,0.1,1308.1,1177.29,0,125.12,2025,10,October,Friday,1308.1,1177.29
2025-10-03,ORD022972,CUST03652,P011,Mixer Grinder,Home,Hyderabad,Store,Credit Card,1,4688.04,0.05,4688.04,4453.64,1,-222.68,2025,10,October,Friday,4688.04,4453.638
2025-10-03,ORD035606,CUST03792,P016,Sofa,Furniture,Chennai,Online,UPI,1,32745.75,0.15,32745.75,27833.89,0,5407.08,2025,10,October,Friday,32745.75,27833.8875
2025-10-03,ORD031467,CUST02841,P014,Keyboard,Electronics,Pune,Online,Credit Card,1,2443.06,0.1,2443.06,2198.75,0,387.03,2025,10,October,Friday,2443.06,2198.754
2025-10-03,ORD043990,CUST02312,P019,Vacuum Cleaner,Home,Chennai,Online,Credit Card,1,9858.15,0.05,9858.15,9365.24,0,1833.33,2025,10,October,Friday,9858.15,9365.242499999998
2025-10-03,ORD031667,CUST02158,P013,Monitor,Electronics,Delhi,Online,Credit Card,4,17273.45,0.05,69093.8,65639.11,0,6720.91,2025,10,October,Friday,69093.8,65639.11
2025-10-03,ORD046556,CUST02687,P013,Monitor,Electronics,Ahmedabad,Store,Credit Card,2,18432.56,0.1,36865.12,33178.61,0,7530.99,2025,10,October,Friday,36865.12,33178.608
2025-10-03,ORD031309,CUST03670,P010,Coffee Maker,Home,Bengaluru,Online,Debit Card,1,6031.07,0.1,6031.07,5427.96,1,-271.4,2025,10,October,Friday,6031.07,5427.963
2025-10-03,ORD019865,CUST02265,P009,T-Shirt,Fashion,Pune,Store,UPI,1,1289.77,0.1,1289.77,1160.79,0,72.48,2025,10,October,Friday,1289.77,1160.7930000000001
2025-10-03,ORD038554,CUST03300,P013,Monitor,Electronics,Chennai,Store,UPI,1,16740.21,0.0,16740.21,16740.21,0,2931.16,2025,10,October,Friday,16740.21,16740.21
2025-10-03,ORD019003,CUST04148,P011,Mixer Grinder,Home,Pune,Store,UPI,3,4844.28,0.05,14532.84,13806.2,0,3970.62,2025,10,October,Friday,14532.84,13806.198
2025-10-03,ORD040547,CUST00992,P011,Mixer Grinder,Home,Bengaluru,Store,UPI,1,4931.65,0.25,4931.65,3698.74,0,753.0,2025,10,October,Friday,4931.65,3698.7374999999997
2025-10-03,ORD027936,CUST03813,P003,Headphones,Electronics,Mumbai,Store,UPI,1,4779.68,0.1,4779.68,4301.71,0,618.86,2025,10,October,Friday,4779.68,4301.712
2025-10-03,ORD031961,CUST03492,P019,Vacuum Cleaner,Home,Hyderabad,Online,UPI,1,9874.25,0.0,9874.25,9874.25,0,1083.34,2025,10,October,Friday,9874.25,9874.25
2025-10-03,ORD047239,CUST00831,P014,Keyboard,Electronics,Jaipur,Online,Debit Card,2,2522.6,0.1,5045.2,4540.68,0,1164.14,2025,10,October,Friday,5045.2,4540.68
2025-10-03,ORD042457,CUST01610,P011,Mixer Grinder,Home,Surat,Online,Credit Card,1,4788.22,0.05,4788.22,4548.81,0,644.74,2025,10,October,Friday,4788.22,4548.809
2025-10-03,ORD049563,CUST03628,P012,Air Fryer,Home,Mumbai,Store,Debit Card,1,7608.11,0.0,7608.11,7608.11,0,994.94,2025,10,October,Friday,7608.11,7608.11
2025-10-03,ORD004198,CUST00612,P012,Air Fryer,Home,Hyderabad,Online,Credit Card,2,6594.91,0.0,13189.82,13189.82,0,1332.44,2025,10,October,Friday,13189.82,13189.82
2025-10-03,ORD016469,CUST04256,P008,Running Shoes,Fashion,Hyderabad,Online,Net Banking,1,3828.43,0.0,3828.43,3828.43,0,1124.21,2025,10,October,Friday,3828.43,3828.43
2025-10-03,ORD043754,CUST02349,P001,Laptop,Electronics,Surat,Online,Debit Card,1,67411.97,0.0,67411.97,67411.97,0,13752.49,2025,10,October,Friday,67411.97,67411.97
2025-10-03,ORD018801,CUST02572,P010,Coffee Maker,Home,Pune,Online,UPI,1,5956.01,0.0,5956.01,5956.01,0,1577.48,2025,10,October,Friday,5956.01,5956.01
2025-10-03,ORD008800,CUST00006,P012,Air Fryer,Home,Pune,Online,Credit Card,3,6903.1,0.1,20709.3,18638.37,0,2789.76,2025,10,October,Friday,20709.300000000003,18638.37
2025-10-03,ORD048953,CUST02844,P014,Keyboard,Electronics,Hyderabad,Store,UPI,1,2486.76,0.05,2486.76,2362.42,0,369.79,2025,10,October,Friday,2486.76,2362.422
2025-10-03,ORD026589,CUST01773,P001,Laptop,Electronics,Surat,Online,Net Banking,1,70600.95,0.0,70600.95,70600.95,0,7857.38,2025,10,October,Friday,70600.95,70600.95
2025-10-03,ORD028429,CUST04191,P002,Smartphone,Electronics,Delhi,Store,UPI,1,27375.68,0.15,27375.68,23269.33,0,6063.27,2025,10,October,Friday,27375.68,23269.328
2025-10-03,ORD028587,CUST02508,P004,Smartwatch,Electronics,Mumbai,Online,UPI,1,6531.06,0.05,6531.06,6204.51,0,1485.69,2025,10,October,Friday,6531.06,6204.5070000000005
2025-10-03,ORD028013,CUST02945,P020,Microwave,Home,Hyderabad,Store,UPI,4,12045.55,0.2,48182.2,38545.76,0,4353.41,2025,10,October,Friday,48182.2,38545.76
2025-10-03,ORD028722,CUST02295,P011,Mixer Grinder,Home,Delhi,Store,Debit Card,1,4967.82,0.0,4967.82,4967.82,0,543.87,2025,10,October,Friday,4967.82,4967.82
2025-10-03,ORD031890,CUST00697,P001,Laptop,Electronics,Surat,Online,UPI,3,59302.72,0.15,177908.16,151221.94,0,24321.53,2025,10,October,Friday,177908.16,151221.936
2025-10-03,ORD024318,CUST02036,P014,Keyboard,Electronics,Pune,Online,Credit Card,1,2668.37,0.15,2668.37,2268.11,0,377.16,2025,10,October,Friday,2668.37,2268.1144999999997
2025-10-03,ORD038669,CUST03726,P016,Sofa,Furniture,Pune,Online,Net Banking,1,35598.64,0.15,35598.64,30258.84,0,6334.0,2025,10,October,Friday,35598.64,30258.843999999997
2025-10-03,ORD043013,CUST01783,P007,Backpack,Accessories,Mumbai,Store,Cash,1,2367.25,0.1,2367.25,2130.52,0,275.75,2025,10,October,Friday,2367.25,2130.525
2025-10-03,ORD027199,CUST04706,P012,Air Fryer,Home,Mumbai,Store,UPI,1,7088.42,0.0,7088.42,7088.42,0,1530.4,2025,10,October,Friday,7088.42,7088.42
2025-10-03,ORD040880,CUST01238,P011,Mixer Grinder,Home,Chennai,Online,UPI,1,4605.42,0.05,4605.42,4375.15,1,-218.76,2025,10,October,Friday,4605.42,4375.148999999999
2025-10-04,ORD037633,CUST00062,P013,Monitor,Electronics,Hyderabad,Store,Credit Card,4,19593.87,0.15,78375.48,66619.16,0,9159.87,2025,10,October,Saturday,78375.48,66619.158
2025-10-04,ORD038232,CUST03883,P009,T-Shirt,Fashion,Kolkata,Store,UPI,1,1186.71,0.25,1186.71,890.03,0,175.45,2025,10,October,Saturday,1186.71,890.0325
2025-10-04,ORD023302,CUST01875,P019,Vacuum Cleaner,Home,Mumbai,Online,UPI,1,9118.24,0.15,9118.24,7750.5,0,886.19,2025,10,October,Saturday,9118.24,7750.504
2025-10-04,ORD048853,CUST01435,P018,Jacket,Fashion,Surat,Online,UPI,2,4907.85,0.05,9815.7,9324.92,0,1028.89,2025,10,October,Saturday,9815.7,9324.915
2025-10-04,ORD032981,CUST04501,P013,Monitor,Electronics,Hyderabad,Store,Debit Card,1,17367.18,0.05,17367.18,16498.82,0,4691.21,2025,10,October,Saturday,17367.18,16498.821
2025-10-04,ORD030849,CUST03380,P003,Headphones,Electronics,Delhi,Online,Debit Card,3,4167.2,0.0,12501.6,12501.6,0,2548.56,2025,10,October,Saturday,12501.599999999999,12501.6
2025-10-04,ORD014487,CUST04750,P013,Monitor,Electronics,Delhi,Online,Debit Card,2,19527.99,0.1,39055.98,35150.38,0,4987.47,2025,10,October,Saturday,39055.98,35150.382000000005
2025-10-04,ORD007658,CUST00515,P004,Smartwatch,Electronics,Chennai,Online,Credit Card,1,7452.39,0.15,7452.39,6334.53,0,983.26,2025,10,October,Saturday,7452.39,6334.5315
2025-10-04,ORD048625,CUST03970,P018,Jacket,Fashion,Chennai,Online,UPI,1,5342.06,0.2,5342.06,4273.65,0,412.89,2025,10,October,Saturday,5342.06,4273.648
2025-10-04,ORD035426,CUST00720,P020,Microwave,Home,Bengaluru,Store,UPI,1,10599.42,0.0,10599.42,10599.42,0,1233.47,2025,10,October,Saturday,10599.42,10599.42
2025-10-04,ORD025309,CUST00792,P014,Keyboard,Electronics,Surat,Store,Debit Card,2,2559.12,0.1,5118.24,4606.42,0,545.69,2025,10,October,Saturday,5118.24,4606.416
2025-10-04,ORD013222,CUST01073,P012,Air Fryer,Home,Surat,Store,UPI,1,6937.47,0.05,6937.47,6590.6,0,1363.5,2025,10,October,Saturday,6937.47,6590.5965
2025-10-04,ORD021124,CUST02134,P012,Air Fryer,Home,Delhi,Online,UPI,1,6816.63,0.05,6816.63,6475.8,0,1290.05,2025,10,October,Saturday,6816.63,6475.7985
2025-10-04,ORD026850,CUST04327,P004,Smartwatch,Electronics,Pune,Online,Credit Card,2,7698.51,0.15,15397.02,13087.47,0,2657.56,2025,10,October,Saturday,15397.02,13087.467
2025-10-04,ORD038508,CUST01777,P007,Backpack,Accessories,Surat,Online,UPI,1,2161.03,0.1,2161.03,1944.93,0,280.49,2025,10,October,Saturday,2161.03,1944.9270000000001
2025-10-04,ORD016856,CUST02514,P008,Running Shoes,Fashion,Mumbai,Store,Credit Card,1,3950.13,0.1,3950.13,3555.12,0,427.32,2025,10,October,Saturday,3950.13,3555.117
2025-10-04,ORD012488,CUST03506,P007,Backpack,Accessories,Chennai,Online,UPI,3,2262.93,0.05,6788.79,6449.35,1,-322.47,2025,10,October,Saturday,6788.789999999999,6449.3505
2025-10-04,ORD014731,CUST04346,P020,Microwave,Home,Chennai,Store,Cash,1,10927.72,0.1,10927.72,9834.95,0,1992.38,2025,10,October,Saturday,10927.72,9834.948
2025-10-04,ORD033720,CUST04648,P020,Microwave,Home,Chennai,Online,UPI,1,10967.98,0.1,10967.98,9871.18,1,-493.56,2025,10,October,Saturday,10967.98,9871.182
2025-10-04,ORD049444,CUST00381,P010,Coffee Maker,Home,Delhi,Online,UPI,1,5285.76,0.05,5285.76,5021.47,0,681.33,2025,10,October,Saturday,5285.76,5021.472
2025-10-04,ORD035552,CUST04188,P006,Desk,Furniture,Ahmedabad,Store,Credit Card,3,12859.28,0.25,38577.84,28933.38,0,1157.34,2025,10,October,Saturday,38577.840000000004,28933.379999999997
2025-10-04,ORD000792,CUST04512,P008,Running Shoes,Fashion,Pune,Online,Credit Card,1,4163.31,0.1,4163.31,3746.98,0,635.23,2025,10,October,Saturday,4163.31,3746.9790000000003
2025-10-04,ORD028415,CUST03036,P016,Sofa,Furniture,Surat,Store,UPI,4,34675.65,0.25,138702.6,104026.95,0,4312.85,2025,10,October,Saturday,138702.6,104026.95000000001
2025-10-04,ORD011871,CUST03371,P012,Air Fryer,Home,Pune,Online,Credit Card,1,7348.51,0.0,7348.51,7348.51,0,1494.1,2025,10,October,Saturday,7348.51,7348.51
2025-10-04,ORD037896,CUST04773,P006,Desk,Furniture,Delhi,Store,Credit Card,1,10829.16,0.15,10829.16,9204.79,1,-460.24,2025,10,October,Saturday,10829.16,9204.786
2025-10-04,ORD048486,CUST04220,P011,Mixer Grinder,Home,Hyderabad,Store,Debit Card,3,4594.75,0.05,13784.25,13095.04,0,2796.87,2025,10,October,Saturday,13784.25,13095.037499999999
2025-10-04,ORD017405,CUST02679,P003,Headphones,Electronics,Mumbai,Online,UPI,1,4376.7,0.15,4376.7,3720.2,0,595.42,2025,10,October,Saturday,4376.7,3720.1949999999997
2025-10-04,ORD036223,CUST02065,P017,Jeans,Fashion,Mumbai,Store,Credit Card,3,2823.42,0.1,8470.26,7623.23,0,1983.8,2025,10,October,Saturday,8470.26,7623.234
2025-10-04,ORD016468,CUST03875,P011,Mixer Grinder,Home,Hyderabad,Store,UPI,1,5182.26,0.15,5182.26,4404.92,0,734.88,2025,10,October,Saturday,5182.26,4404.921
2025-10-04,ORD002693,CUST04097,P004,Smartwatch,Electronics,Jaipur,Online,Cash,1,7556.04,0.1,7556.04,6800.44,0,1099.22,2025,10,October,Saturday,7556.04,6800.436
2025-10-04,ORD035196,CUST02899,P020,Microwave,Home,Kolkata,Store,UPI,5,10103.74,0.05,50518.7,47992.76,0,7963.17,2025,10,October,Saturday,50518.7,47992.76499999999
2025-10-04,ORD048500,CUST04778,P010,Coffee Maker,Home,Mumbai,Online,Cash,1,5702.27,0.1,5702.27,5132.04,0,1143.15,2025,10,October,Saturday,5702.27,5132.043000000001
2025-10-04,ORD020240,CUST01862,P013,Monitor,Electronics,Kolkata,Store,Credit Card,2,18860.92,0.2,37721.84,30177.47,0,2018.32,2025,10,October,Saturday,37721.84,30177.471999999998
2025-10-04,ORD007814,CUST02000,P012,Air Fryer,Home,Pune,Store,Credit Card,1,6934.79,0.0,6934.79,6934.79,0,587.9,2025,10,October,Saturday,6934.79,6934.79
2025-10-04,ORD026990,CUST01228,P001,Laptop,Electronics,Mumbai,Online,Cash,1,68441.8,0.25,68441.8,51331.35,0,4809.29,2025,10,October,Saturday,68441.8,51331.350000000006
2025-10-04,ORD040395,CUST04734,P020,Microwave,Home,Surat,Store,Debit Card,1,11479.92,0.15,11479.92,9757.93,0,726.06,2025,10,October,Saturday,11479.92,9757.932
2025-10-04,ORD010432,CUST01739,P003,Headphones,Electronics,Mumbai,Store,Debit Card,3,4711.2,0.15,14133.6,12013.56,1,-600.68,2025,10,October,Saturday,14133.599999999999,12013.56
2025-10-04,ORD003534,CUST02756,P001,Laptop,Electronics,Ahmedabad,Online,Credit Card,1,70590.73,0.0,70590.73,70590.73,0,10859.5,2025,10,October,Saturday,70590.73,70590.73
2025-10-04,ORD008022,CUST04915,P009,T-Shirt,Fashion,Surat,Online,UPI,2,1134.54,0.1,2269.08,2042.17,0,375.46,2025,10,October,Saturday,2269.08,2042.172
2025-10-04,ORD018279,CUST04317,P003,Headphones,Electronics,Ahmedabad,Store,Debit Card,1,4452.79,0.05,4452.79,4230.15,0,1038.67,2025,10,October,Saturday,4452.79,4230.1505
2025-10-04,ORD017870,CUST03003,P020,Microwave,Home,Kolkata,Online,UPI,1,11700.17,0.15,11700.17,9945.14,0,1249.97,2025,10,October,Saturday,11700.17,9945.1445
2025-10-04,ORD026022,CUST03192,P011,Mixer Grinder,Home,Mumbai,Online,UPI,1,4846.24,0.2,4846.24,3876.99,0,434.91,2025,10,October,Saturday,4846.24,3876.992
2025-10-04,ORD044372,CUST04908,P014,Keyboard,Electronics,Pune,Store,Debit Card,1,2340.76,0.1,2340.76,2106.68,0,387.91,2025,10,October,Saturday,2340.76,2106.684
2025-10-04,ORD044689,CUST02606,P003,Headphones,Electronics,Surat,Store,UPI,1,4157.66,0.25,4157.66,3118.24,0,622.8,2025,10,October,Saturday,4157.66,3118.245
2025-10-04,ORD011046,CUST01812,P001,Laptop,Electronics,Jaipur,Online,UPI,1,62588.76,0.15,62588.76,53200.45,0,8439.23,2025,10,October,Saturday,62588.76,53200.446
2025-10-04,ORD012947,CUST01977,P020,Microwave,Home,Jaipur,Online,Net Banking,2,10508.4,0.05,21016.8,19965.96,0,2311.58,2025,10,October,Saturday,21016.8,19965.96
2025-10-04,ORD002152,CUST00694,P019,Vacuum Cleaner,Home,Bengaluru,Online,Credit Card,1,9448.3,0.1,9448.3,8503.47,0,1112.16,2025,10,October,Saturday,9448.3,8503.47
2025-10-04,ORD008675,CUST04115,P015,Dining Table,Furniture,Ahmedabad,Store,Net Banking,1,23298.89,0.05,23298.89,22133.95,0,4168.35,2025,10,October,Saturday,23298.89,22133.945499999998
2025-10-04,ORD019253,CUST01141,P007,Backpack,Accessories,Bengaluru,Online,UPI,1,2342.96,0.0,2342.96,2342.96,0,616.07,2025,10,October,Saturday,2342.96,2342.96
2025-10-04,ORD018181,CUST02327,P002,Smartphone,Electronics,Ahmedabad,Online,UPI,2,28931.39,0.05,57862.78,54969.64,1,-2748.48,2025,10,October,Saturday,57862.78,54969.640999999996
2025-10-04,ORD046324,CUST02638,P020,Microwave,Home,Ahmedabad,Store,Net Banking,1,10038.69,0.05,10038.69,9536.76,0,1921.7,2025,10,October,Saturday,10038.69,9536.7555
2025-10-04,ORD046691,CUST00382,P018,Jacket,Fashion,Surat,Store,Credit Card,1,4726.63,0.05,4726.63,4490.3,0,922.47,2025,10,October,Saturday,4726.63,4490.2985
2025-10-04,ORD046924,CUST01830,P013,Monitor,Electronics,Bengaluru,Online,UPI,1,19567.54,0.2,19567.54,15654.03,0,3254.12,2025,10,October,Saturday,19567.54,15654.032000000001
2025-10-04,ORD004017,CUST02292,P003,Headphones,Electronics,Bengaluru,Online,Net Banking,2,4260.0,0.0,8520.0,8520.0,0,789.34,2025,10,October,Saturday,8520.0,8520.0
2025-10-04,ORD022001,CUST03995,P019,Vacuum Cleaner,Home,Ahmedabad,Online,Cash,4,9780.43,0.05,39121.72,37165.63,0,5966.28,2025,10,October,Saturday,39121.72,37165.634
2025-10-04,ORD026816,CUST03837,P015,Dining Table,Furniture,Surat,Online,UPI,1,19911.43,0.05,19911.43,18915.86,0,3723.89,2025,10,October,Saturday,19911.43,18915.8585
2025-10-04,ORD003982,CUST04390,P010,Coffee Maker,Home,Surat,Store,UPI,1,5584.88,0.05,5584.88,5305.64,1,-265.28,2025,10,October,Saturday,5584.88,5305.6359999999995
2025-10-04,ORD029518,CUST02047,P012,Air Fryer,Home,Chennai,Online,Debit Card,2,7104.68,0.0,14209.36,14209.36,0,3046.29,2025,10,October,Saturday,14209.36,14209.36
2025-10-04,ORD015323,CUST01328,P012,Air Fryer,Home,Pune,Store,Debit Card,1,6650.46,0.0,6650.46,6650.46,0,1341.38,2025,10,October,Saturday,6650.46,6650.46
2025-10-05,ORD007026,CUST01672,P019,Vacuum Cleaner,Home,Kolkata,Online,Debit Card,5,8968.99,0.25,44844.95,33633.71,0,2637.33,2025,10,October,Sunday,44844.95,33633.712499999994
2025-10-05,ORD044087,CUST01506,P010,Coffee Maker,Home,Surat,Online,UPI,4,5763.73,0.25,23054.92,17291.19,0,1090.14,2025,10,October,Sunday,23054.92,17291.19
2025-10-05,ORD019356,CUST04652,P001,Laptop,Electronics,Bengaluru,Online,Cash,1,71136.02,0.0,71136.02,71136.02,0,12421.27,2025,10,October,Sunday,71136.02,71136.02
2025-10-05,ORD021944,CUST03542,P012,Air Fryer,Home,Bengaluru,Online,Cash,1,6785.78,0.1,6785.78,6107.2,1,-305.36,2025,10,October,Sunday,6785.78,6107.202
2025-10-05,ORD026134,CUST04120,P006,Desk,Furniture,Pune,Online,UPI,2,11419.76,0.05,22839.52,21697.54,0,2693.0,2025,10,October,Sunday,22839.52,21697.543999999998
2025-10-05,ORD048305,CUST00500,P017,Jeans,Fashion,Chennai,Online,UPI,1,2614.46,0.15,2614.46,2222.29,0,231.47,2025,10,October,Sunday,2614.46,2222.291
2025-10-05,ORD009743,CUST01633,P002,Smartphone,Electronics,Chennai,Store,UPI,1,29377.05,0.15,29377.05,24970.49,0,6065.63,2025,10,October,Sunday,29377.05,24970.4925
2025-10-05,ORD001660,CUST03625,P015,Dining Table,Furniture,Jaipur,Online,UPI,1,19927.54,0.1,19927.54,17934.79,0,4384.53,2025,10,October,Sunday,19927.54,17934.786
2025-10-05,ORD032176,CUST03331,P002,Smartphone,Electronics,Delhi,Online,Debit Card,3,29393.9,0.0,88181.7,88181.7,0,15243.25,2025,10,October,Sunday,88181.70000000001,88181.7
2025-10-05,ORD030279,CUST04589,P015,Dining Table,Furniture,Chennai,Online,Net Banking,4,20159.99,0.1,80639.96,72575.96,0,12811.29,2025,10,October,Sunday,80639.96,72575.964
2025-10-05,ORD014796,CUST03665,P020,Microwave,Home,Jaipur,Store,UPI,1,9935.45,0.1,9935.45,8941.91,0,2138.67,2025,10,October,Sunday,9935.45,8941.905
2025-10-05,ORD024457,CUST00515,P012,Air Fryer,Home,Delhi,Online,Cash,1,7105.04,0.1,7105.04,6394.54,0,1415.35,2025,10,October,Sunday,7105.04,6394.536
2025-10-05,ORD035016,CUST02350,P001,Laptop,Electronics,Delhi,Online,Net Banking,4,65750.21,0.05,263000.84,249850.8,0,19384.24,2025,10,October,Sunday,263000.84,249850.798
2025-10-05,ORD018044,CUST02064,P009,T-Shirt,Fashion,Delhi,Store,Credit Card,2,1132.58,0.1,2265.16,2038.64,0,545.1,2025,10,October,Sunday,2265.16,2038.644
2025-10-05,ORD013657,CUST04131,P005,Office Chair,Furniture,Bengaluru,Online,Net Banking,1,9659.97,0.05,9659.97,9176.97,0,2363.02,2025,10,October,Sunday,9659.97,9176.9715
2025-10-05,ORD044641,CUST02757,P014,Keyboard,Electronics,Bengaluru,Store,Credit Card,4,2306.39,0.15,9225.56,7841.73,0,1104.99,2025,10,October,Sunday,9225.56,7841.726
2025-10-05,ORD023193,CUST04412,P015,Dining Table,Furniture,Jaipur,Store,Net Banking,1,23885.44,0.1,23885.44,21496.9,0,3520.94,2025,10,October,Sunday,23885.44,21496.896
2025-10-05,ORD008021,CUST01679,P019,Vacuum Cleaner,Home,Hyderabad,Store,UPI,1,8746.96,0.05,8746.96,8309.61,0,844.47,2025,10,October,Sunday,8746.96,8309.612
2025-10-05,ORD032102,CUST01213,P001,Laptop,Electronics,Bengaluru,Store,UPI,3,66703.58,0.1,200110.74,180099.67,0,29484.72,2025,10,October,Sunday,200110.74,180099.666
2025-10-05,ORD014879,CUST04448,P012,Air Fryer,Home,Hyderabad,Online,Net Banking,1,7359.58,0.0,7359.58,7359.58,0,1581.89,2025,10,October,Sunday,7359.58,7359.58
2025-10-05,ORD047036,CUST03224,P017,Jeans,Fashion,Mumbai,Store,Debit Card,2,3000.06,0.15,6000.12,5100.1,0,431.87,2025,10,October,Sunday,6000.12,5100.102
2025-10-05,ORD045943,CUST01532,P004,Smartwatch,Electronics,Bengaluru,Store,UPI,3,7172.7,0.1,21518.1,19366.29,0,3636.23,2025,10,October,Sunday,21518.1,19366.29
2025-10-05,ORD023967,CUST00798,P019,Vacuum Cleaner,Home,Kolkata,Online,Net Banking,2,8748.39,0.15,17496.78,14872.26,0,3143.37,2025,10,October,Sunday,17496.78,14872.262999999999
2025-10-05,ORD024499,CUST00332,P019,Vacuum Cleaner,Home,Hyderabad,Online,UPI,1,8651.34,0.15,8651.34,7353.64,0,1787.6,2025,10,October,Sunday,8651.34,7353.639
2025-10-05,ORD014947,CUST04500,P006,Desk,Furniture,Delhi,Store,UPI,1,12604.98,0.0,12604.98,12604.98,0,2195.3,2025,10,October,Sunday,12604.98,12604.98
2025-10-05,ORD009271,CUST00749,P003,Headphones,Electronics,Delhi,Store,Net Banking,4,4860.12,0.05,19440.48,18468.46,0,3441.26,2025,10,October,Sunday,19440.48,18468.456
2025-10-05,ORD003173,CUST01071,P003,Headphones,Electronics,Pune,Store,UPI,1,4163.35,0.05,4163.35,3955.18,0,277.28,2025,10,October,Sunday,4163.35,3955.1825000000003
2025-10-05,ORD044791,CUST01728,P018,Jacket,Fashion,Jaipur,Online,Credit Card,1,4864.74,0.15,4864.74,4135.03,0,290.8,2025,10,October,Sunday,4864.74,4135.0289999999995
2025-10-05,ORD020820,CUST02176,P019,Vacuum Cleaner,Home,Hyderabad,Online,UPI,5,8769.71,0.05,43848.55,41656.12,0,3479.37,2025,10,October,Sunday,43848.549999999996,41656.1225
2025-10-05,ORD000423,CUST04523,P006,Desk,Furniture,Hyderabad,Online,Credit Card,3,11190.09,0.05,33570.27,31891.76,0,2499.64,2025,10,October,Sunday,33570.270000000004,31891.756499999996
2025-10-05,ORD036568,CUST00779,P011,Mixer Grinder,Home,Pune,Store,Cash,1,4966.19,0.05,4966.19,4717.88,1,-235.89,2025,10,October,Sunday,4966.19,4717.880499999999
2025-10-05,ORD015945,CUST04264,P005,Office Chair,Furniture,Hyderabad,Online,Cash,1,9279.43,0.05,9279.43,8815.46,0,2008.54,2025,10,October,Sunday,9279.43,8815.4585
2025-10-05,ORD035317,CUST00651,P012,Air Fryer,Home,Bengaluru,Online,UPI,1,7041.5,0.1,7041.5,6337.35,0,672.76,2025,10,October,Sunday,7041.5,6337.35
2025-10-05,ORD021222,CUST02994,P005,Office Chair,Furniture,Hyderabad,Store,Debit Card,1,8624.87,0.15,8624.87,7331.14,0,1772.03,2025,10,October,Sunday,8624.87,7331.1395
2025-10-05,ORD023059,CUST04415,P010,Coffee Maker,Home,Hyderabad,Online,Credit Card,2,5260.06,0.15,10520.12,8942.1,0,1144.1,2025,10,October,Sunday,10520.12,8942.102
2025-10-05,ORD044673,CUST03120,P018,Jacket,Fashion,Jaipur,Online,Credit Card,1,5601.16,0.1,5601.16,5041.04,0,1048.82,2025,10,October,Sunday,5601.16,5041.044
2025-10-05,ORD044892,CUST03168,P008,Running Shoes,Fashion,Surat,Store,UPI,1,4287.02,0.15,4287.02,3643.97,0,573.14,2025,10,October,Sunday,4287.02,3643.967
2025-10-05,ORD021900,CUST00677,P017,Jeans,Fashion,Delhi,Online,Cash,2,3033.66,0.0,6067.32,6067.32,0,1576.39,2025,10,October,Sunday,6067.32,6067.32
2025-10-05,ORD032099,CUST04374,P004,Smartwatch,Electronics,Delhi,Store,UPI,2,7640.99,0.2,15281.98,12225.58,1,-611.28,2025,10,October,Sunday,15281.98,12225.584
2025-10-05,ORD003033,CUST02779,P009,T-Shirt,Fashion,Surat,Store,Net Banking,1,1203.57,0.1,1203.57,1083.21,0,123.29,2025,10,October,Sunday,1203.57,1083.213
2025-10-05,ORD015681,CUST03968,P007,Backpack,Accessories,Ahmedabad,Online,Net Banking,5,2094.18,0.1,10470.9,9423.81,0,1816.78,2025,10,October,Sunday,10470.9,9423.81
2025-10-05,ORD043777,CUST00278,P016,Sofa,Furniture,Kolkata,Online,UPI,1,34545.2,0.1,34545.2,31090.68,0,6560.44,2025,10,October,Sunday,34545.2,31090.679999999997
2025-10-05,ORD016109,CUST03924,P012,Air Fryer,Home,Mumbai,Store,Debit Card,1,6538.03,0.05,6538.03,6211.13,0,631.05,2025,10,October,Sunday,6538.03,6211.1285
2025-10-05,ORD021928,CUST02187,P004,Smartwatch,Electronics,Surat,Online,UPI,1,6527.51,0.1,6527.51,5874.76,0,720.69,2025,10,October,Sunday,6527.51,5874.759
2025-10-05,ORD019119,CUST04582,P019,Vacuum Cleaner,Home,Jaipur,Online,Credit Card,1,8614.01,0.1,8614.01,7752.61,1,-387.63,2025,10,October,Sunday,8614.01,7752.609
2025-10-05,ORD022275,CUST02328,P006,Desk,Furniture,Mumbai,Online,UPI,1,11196.55,0.1,11196.55,10076.9,0,2010.71,2025,10,October,Sunday,11196.55,10076.895
2025-10-05,ORD042005,CUST02889,P011,Mixer Grinder,Home,Chennai,Online,UPI,4,4937.95,0.15,19751.8,16789.03,0,3684.84,2025,10,October,Sunday,19751.8,16789.03
2025-10-05,ORD030755,CUST02641,P002,Smartphone,Electronics,Kolkata,Online,Credit Card,2,29598.41,0.25,59196.82,44397.62,0,1775.9,2025,10,October,Sunday,59196.82,44397.615
2025-10-05,ORD016357,CUST04850,P014,Keyboard,Electronics,Pune,Store,UPI,1,2391.93,0.1,2391.93,2152.74,0,493.44,2025,10,October,Sunday,2391.93,2152.737
2025-10-05,ORD031949,CUST01480,P005,Office Chair,Furniture,Hyderabad,Online,Debit Card,5,8822.23,0.1,44111.15,39700.03,1,-1985.0,2025,10,October,Sunday,44111.149999999994,39700.035
2025-10-05,ORD007544,CUST03666,P007,Backpack,Accessories,Surat,Online,UPI,2,2037.17,0.2,4074.34,3259.47,0,237.76,2025,10,October,Sunday,4074.34,3259.472
2025-10-05,ORD011014,CUST04847,P010,Coffee Maker,Home,Pune,Online,UPI,2,5058.21,0.15,10116.42,8598.96,0,2063.61,2025,10,October,Sunday,10116.42,8598.957
2025-10-05,ORD041991,CUST03509,P002,Smartphone,Electronics,Jaipur,Store,UPI,1,28300.36,0.2,28300.36,22640.29,1,-1132.01,2025,10,October,Sunday,28300.36,22640.288
2025-10-05,ORD006869,CUST02493,P014,Keyboard,Electronics,Chennai,Online,Debit Card,1,2336.85,0.0,2336.85,2336.85,1,-116.84,2025,10,October,Sunday,2336.85,2336.85
2025-10-05,ORD001864,CUST02090,P018,Jacket,Fashion,Hyderabad,Online,Credit Card,4,4694.54,0.1,18778.16,16900.34,0,4065.25,2025,10,October,Sunday,18778.16,16900.344
2025-10-05,ORD035166,CUST00861,P009,T-Shirt,Fashion,Pune,Online,Credit Card,1,1260.05,0.0,1260.05,1260.05,0,246.78,2025,10,October,Sunday,1260.05,1260.05
2025-10-05,ORD049279,CUST03459,P008,Running Shoes,Fashion,Kolkata,Store,UPI,2,3986.95,0.2,7973.9,6379.12,0,1147.86,2025,10,October,Sunday,7973.9,6379.12
2025-10-05,ORD045735,CUST02396,P014,Keyboard,Electronics,Bengaluru,Store,UPI,1,2521.82,0.0,2521.82,2521.82,0,214.85,2025,10,October,Sunday,2521.82,2521.82
2025-10-05,ORD021020,CUST04417,P010,Coffee Maker,Home,Kolkata,Online,UPI,2,5173.66,0.0,10347.32,10347.32,0,1131.84,2025,10,October,Sunday,10347.32,10347.32
2025-10-05,ORD027086,CUST03861,P009,T-Shirt,Fashion,Pune,Online,Credit Card,1,1284.04,0.1,1284.04,1155.64,0,141.67,2025,10,October,Sunday,1284.04,1155.636
2025-10-05,ORD015576,CUST02713,P020,Microwave,Home,Delhi,Store,UPI,1,11381.98,0.25,11381.98,8536.48,0,1371.73,2025,10,October,Sunday,11381.98,8536.485
2025-10-05,ORD030535,CUST02487,P012,Air Fryer,Home,Jaipur,Store,UPI,2,6947.04,0.05,13894.08,13199.38,0,1768.21,2025,10,October,Sunday,13894.08,13199.376
2025-10-05,ORD016672,CUST03897,P005,Office Chair,Furniture,Chennai,Online,UPI,4,10318.01,0.25,41272.04,30954.03,0,6828.09,2025,10,October,Sunday,41272.04,30954.03
2025-10-05,ORD042286,CUST03892,P009,T-Shirt,Fashion,Ahmedabad,Online,Net Banking,2,1209.5,0.05,2419.0,2298.05,0,587.53,2025,10,October,Sunday,2419.0,2298.0499999999997
2025-10-05,ORD018264,CUST02262,P005,Office Chair,Furniture,Kolkata,Online,Credit Card,1,9634.75,0.05,9634.75,9153.01,0,1039.36,2025,10,October,Sunday,9634.75,9153.012499999999
2025-10-05,ORD037270,CUST01132,P004,Smartwatch,Electronics,Hyderabad,Online,UPI,3,6626.76,0.1,19880.28,17892.25,0,1425.09,2025,10,October,Sunday,19880.28,17892.252
2025-10-05,ORD041599,CUST03722,P007,Backpack,Accessories,Jaipur,Online,UPI,1,2297.12,0.05,2297.12,2182.26,0,338.55,2025,10,October,Sunday,2297.12,2182.2639999999997
2025-10-05,ORD010964,CUST02648,P004,Smartwatch,Electronics,Pune,Online,Credit Card,4,7010.59,0.15,28042.36,23836.01,0,2201.75,2025,10,October,Sunday,28042.36,23836.006
2025-10-05,ORD038413,CUST00275,P001,Laptop,Electronics,Chennai,Online,UPI,1,60065.73,0.05,60065.73,57062.44,0,16218.1,2025,10,October,Sunday,60065.73,57062.4435
2025-10-05,ORD020674,CUST03257,P013,Monitor,Electronics,Delhi,Store,Debit Card,2,16762.35,0.0,33524.7,33524.7,0,9272.28,2025,10,October,Sunday,33524.7,33524.7
2025-10-05,ORD011328,CUST01386,P018,Jacket,Fashion,Ahmedabad,Online,Cash,3,5107.03,0.0,15321.09,15321.09,0,3956.98,2025,10,October,Sunday,15321.09,15321.09
2025-10-05,ORD012449,CUST01997,P009,T-Shirt,Fashion,Hyderabad,Online,UPI,1,1180.48,0.2,1180.48,944.38,0,167.86,2025,10,October,Sunday,1180.48,944.384
2025-10-05,ORD028913,CUST03846,P008,Running Shoes,Fashion,Kolkata,Online,Credit Card,2,4082.49,0.15,8164.98,6940.23,0,1673.9,2025,10,October,Sunday,8164.98,6940.232999999999
2025-10-05,ORD015892,CUST03285,P009,T-Shirt,Fashion,Kolkata,Online,Debit Card,1,1171.34,0.05,1171.34,1112.77,0,205.17,2025,10,October,Sunday,1171.34,1112.773
2025-10-05,ORD040433,CUST01576,P007,Backpack,Accessories,Kolkata,Store,UPI,4,2283.56,0.2,9134.24,7307.39,0,328.29,2025,10,October,Sunday,9134.24,7307.392
2025-10-05,ORD043458,CUST02973,P012,Air Fryer,Home,Pune,Store,UPI,5,7275.18,0.25,36375.9,27281.93,0,5236.63,2025,10,October,Sunday,36375.9,27281.925000000003
2025-10-05,ORD008731,CUST04235,P009,T-Shirt,Fashion,Hyderabad,Online,Credit Card,2,1192.45,0.1,2384.9,2146.41,0,204.14,2025,10,October,Sunday,2384.9,2146.4100000000003
2025-10-06,ORD018434,CUST02105,P003,Headphones,Electronics,Chennai,Online,UPI,1,4262.97,0.15,4262.97,3623.52,0,679.61,2025,10,October,Monday,4262.97,3623.5245
2025-10-06,ORD020099,CUST00320,P014,Keyboard,Electronics,Delhi,Store,UPI,2,2585.54,0.1,5171.08,4653.97,0,319.74,2025,10,October,Monday,5171.08,4653.972
2025-10-06,ORD011656,CUST03370,P012,Air Fryer,Home,Delhi,Online,UPI,1,6491.05,0.1,6491.05,5841.95,0,1596.06,2025,10,October,Monday,6491.05,5841.945000000001
2025-10-06,ORD002620,CUST03177,P018,Jacket,Fashion,Bengaluru,Store,Credit Card,2,5083.64,0.2,10167.28,8133.82,0,1161.72,2025,10,October,Monday,10167.28,8133.8240000000005
2025-10-06,ORD023412,CUST01693,P017,Jeans,Fashion,Jaipur,Online,Net Banking,1,2972.28,0.05,2972.28,2823.67,0,203.53,2025,10,October,Monday,2972.28,2823.666
2025-10-06,ORD043079,CUST00007,P019,Vacuum Cleaner,Home,Jaipur,Store,UPI,1,9412.99,0.0,9412.99,9412.99,0,1374.67,2025,10,October,Monday,9412.99,9412.99
2025-10-06,ORD003680,CUST02446,P005,Office Chair,Furniture,Kolkata,Store,Credit Card,1,9169.73,0.1,9169.73,8252.76,0,1265.11,2025,10,October,Monday,9169.73,8252.757
2025-10-06,ORD031920,CUST04408,P006,Desk,Furniture,Ahmedabad,Store,Debit Card,5,12523.76,0.05,62618.8,59487.86,0,14879.37,2025,10,October,Monday,62618.8,59487.86
2025-10-06,ORD035057,CUST01714,P018,Jacket,Fashion,Bengaluru,Online,Credit Card,2,4928.45,0.1,9856.9,8871.21,1,-443.56,2025,10,October,Monday,9856.9,8871.21
2025-10-06,ORD000411,CUST00326,P019,Vacuum Cleaner,Home,Jaipur,Online,Credit Card,1,9567.5,0.0,9567.5,9567.5,0,2498.97,2025,10,October,Monday,9567.5,9567.5
2025-10-06,ORD043198,CUST00213,P011,Mixer Grinder,Home,Pune,Store,Cash,2,5272.66,0.1,10545.32,9490.79,0,730.06,2025,10,October,Monday,10545.32,9490.788
2025-10-06,ORD005741,CUST01771,P017,Jeans,Fashion,Bengaluru,Store,UPI,1,2929.2,0.0,2929.2,2929.2,0,429.49,2025,10,October,Monday,2929.2,2929.2
2025-10-06,ORD032848,CUST01482,P010,Coffee Maker,Home,Jaipur,Store,Credit Card,4,5083.44,0.0,20333.76,20333.76,0,4533.83,2025,10,October,Monday,20333.76,20333.76
2025-10-06,ORD043624,CUST03655,P008,Running Shoes,Fashion,Mumbai,Store,Cash,5,3903.44,0.15,19517.2,16589.62,0,1050.85,2025,10,October,Monday,19517.2,16589.62
2025-10-06,ORD018594,CUST04281,P002,Smartphone,Electronics,Ahmedabad,Online,Net Banking,1,26597.3,0.15,26597.3,22607.7,0,1871.34,2025,10,October,Monday,26597.3,22607.704999999998
2025-10-06,ORD017386,CUST01749,P001,Laptop,Electronics,Delhi,Store,Cash,1,69941.39,0.05,69941.39,66444.32,0,10220.14,2025,10,October,Monday,69941.39,66444.3205
2025-10-06,ORD047418,CUST00769,P006,Desk,Furniture,Delhi,Online,Credit Card,1,10970.71,0.2,10970.71,8776.57,0,2173.56,2025,10,October,Monday,10970.71,8776.568
2025-10-06,ORD019766,CUST03000,P006,Desk,Furniture,Surat,Online,UPI,1,13113.42,0.1,13113.42,11802.08,0,1792.76,2025,10,October,Monday,13113.42,11802.078
2025-10-06,ORD021395,CUST04006,P008,Running Shoes,Fashion,Chennai,Store,UPI,3,3948.06,0.1,11844.18,10659.76,0,2292.12,2025,10,October,Monday,11844.18,10659.762
2025-10-06,ORD036821,CUST02914,P003,Headphones,Electronics,Delhi,Store,UPI,1,4535.4,0.1,4535.4,4081.86,0,601.94,2025,10,October,Monday,4535.4,4081.8599999999997
2025-10-06,ORD014379,CUST04359,P010,Coffee Maker,Home,Delhi,Online,Credit Card,1,5592.35,0.25,5592.35,4194.26,0,436.68,2025,10,October,Monday,5592.35,4194.262500000001
2025-10-06,ORD002393,CUST01853,P003,Headphones,Electronics,Mumbai,Store,UPI,5,4861.09,0.05,24305.45,23090.18,0,4855.54,2025,10,October,Monday,24305.45,23090.177499999998
2025-10-06,ORD036922,CUST04162,P007,Backpack,Accessories,Bengaluru,Online,UPI,1,2079.63,0.05,2079.63,1975.65,0,497.85,2025,10,October,Monday,2079.63,1975.6485
2025-10-06,ORD016786,CUST01950,P019,Vacuum Cleaner,Home,Jaipur,Online,Credit Card,2,9164.02,0.0,18328.04,18328.04,0,3658.55,2025,10,October,Monday,18328.04,18328.04
2025-10-06,ORD020828,CUST03000,P012,Air Fryer,Home,Chennai,Store,Net Banking,1,7010.9,0.0,7010.9,7010.9,0,580.2,2025,10,October,Monday,7010.9,7010.9
2025-10-06,ORD013965,CUST01817,P014,Keyboard,Electronics,Delhi,Online,Credit Card,3,2532.01,0.15,7596.03,6456.63,0,1436.29,2025,10,October,Monday,7596.030000000001,6456.625499999999
2025-10-06,ORD033592,CUST01675,P009,T-Shirt,Fashion,Kolkata,Online,Credit Card,1,1189.2,0.2,1189.2,951.36,0,73.4,2025,10,October,Monday,1189.2,951.3600000000001
2025-10-06,ORD017392,CUST02098,P018,Jacket,Fashion,Chennai,Online,UPI,2,5133.78,0.0,10267.56,10267.56,0,1731.99,2025,10,October,Monday,10267.56,10267.56
2025-10-06,ORD044338,CUST02424,P014,Keyboard,Electronics,Mumbai,Online,Credit Card,3,2407.53,0.25,7222.59,5416.94,0,737.16,2025,10,October,Monday,7222.59,5416.9425
2025-10-06,ORD042328,CUST03411,P017,Jeans,Fashion,Hyderabad,Online,Cash,2,2701.12,0.0,5402.24,5402.24,0,1347.55,2025,10,October,Monday,5402.24,5402.24
2025-10-06,ORD010112,CUST02202,P003,Headphones,Electronics,Pune,Store,UPI,1,4513.42,0.1,4513.42,4062.08,1,-203.1,2025,10,October,Monday,4513.42,4062.078
2025-10-06,ORD030137,CUST04024,P006,Desk,Furniture,Chennai,Online,UPI,1,12380.48,0.0,12380.48,12380.48,0,2041.55,2025,10,October,Monday,12380.48,12380.48
2025-10-06,ORD001586,CUST02081,P006,Desk,Furniture,Delhi,Store,Cash,1,11670.61,0.2,11670.61,9336.49,0,669.28,2025,10,October,Monday,11670.61,9336.488000000001
2025-10-06,ORD033479,CUST00286,P009,T-Shirt,Fashion,Surat,Online,UPI,1,1082.86,0.25,1082.86,812.14,0,42.64,2025,10,October,Monday,1082.86,812.145
2025-10-06,ORD032570,CUST02122,P003,Headphones,Electronics,Mumbai,Online,Credit Card,4,4423.67,0.15,17694.68,15040.48,0,1798.65,2025,10,October,Monday,17694.68,15040.478
2025-10-06,ORD009544,CUST03700,P012,Air Fryer,Home,Ahmedabad,Store,Debit Card,1,6970.92,0.05,6970.92,6622.37,0,1282.85,2025,10,October,Monday,6970.92,6622.374
2025-10-06,ORD042116,CUST03985,P008,Running Shoes,Fashion,Mumbai,Online,Net Banking,4,4176.13,0.1,16704.52,15034.07,0,1961.57,2025,10,October,Monday,16704.52,15034.068000000001
2025-10-06,ORD007744,CUST00085,P004,Smartwatch,Electronics,Chennai,Store,UPI,1,6301.66,0.0,6301.66,6301.66,1,-315.08,2025,10,October,Monday,6301.66,6301.66
2025-10-06,ORD000343,CUST03415,P011,Mixer Grinder,Home,Jaipur,Store,Net Banking,3,5149.1,0.05,15447.3,14674.94,0,4013.75,2025,10,October,Monday,15447.300000000001,14674.935
2025-10-06,ORD037557,CUST03957,P006,Desk,Furniture,Mumbai,Online,Net Banking,1,11132.67,0.1,11132.67,10019.4,0,1205.71,2025,10,October,Monday,11132.67,10019.403
2025-10-06,ORD043470,CUST01064,P020,Microwave,Home,Chennai,Store,UPI,1,11109.8,0.15,11109.8,9443.33,0,758.19,2025,10,October,Monday,11109.8,9443.33
2025-10-06,ORD014778,CUST00743,P018,Jacket,Fashion,Jaipur,Online,Debit Card,1,5222.15,0.0,5222.15,5222.15,0,679.34,2025,10,October,Monday,5222.15,5222.15
2025-10-06,ORD039944,CUST03571,P013,Monitor,Electronics,Bengaluru,Store,UPI,1,17717.06,0.0,17717.06,17717.06,0,3277.8,2025,10,October,Monday,17717.06,17717.06
2025-10-06,ORD000581,CUST02154,P005,Office Chair,Furniture,Delhi,Store,Credit Card,2,10094.97,0.05,20189.94,19180.44,0,2231.99,2025,10,October,Monday,20189.94,19180.443
2025-10-06,ORD018647,CUST04897,P017,Jeans,Fashion,Pune,Online,Credit Card,1,2994.57,0.15,2994.57,2545.38,0,653.25,2025,10,October,Monday,2994.57,2545.3845
2025-10-06,ORD044436,CUST04591,P018,Jacket,Fashion,Delhi,Online,Net Banking,1,5637.12,0.1,5637.12,5073.41,0,564.53,2025,10,October,Monday,5637.12,5073.408
2025-10-06,ORD027537,CUST03383,P012,Air Fryer,Home,Kolkata,Online,Debit Card,2,7758.29,0.05,15516.58,14740.75,0,2000.33,2025,10,October,Monday,15516.58,14740.750999999998
2025-10-06,ORD030282,CUST03205,P001,Laptop,Electronics,Mumbai,Store,Net Banking,2,65478.55,0.15,130957.1,111313.54,0,13699.9,2025,10,October,Monday,130957.1,111313.535
2025-10-06,ORD028274,CUST04542,P003,Headphones,Electronics,Chennai,Online,UPI,1,4196.49,0.2,4196.49,3357.19,0,859.19,2025,10,October,Monday,4196.49,3357.192
2025-10-06,ORD044585,CUST02723,P014,Keyboard,Electronics,Pune,Online,UPI,4,2500.09,0.1,10000.36,9000.32,0,1868.6,2025,10,October,Monday,10000.36,9000.324
2025-10-06,ORD028699,CUST04752,P020,Microwave,Home,Chennai,Online,Debit Card,5,10463.77,0.1,52318.85,47086.96,0,12482.31,2025,10,October,Monday,52318.850000000006,47086.965
2025-10-06,ORD021342,CUST03083,P010,Coffee Maker,Home,Surat,Online,UPI,1,5296.3,0.15,5296.3,4501.86,0,1028.53,2025,10,October,Monday,5296.3,4501.8550000000005
2025-10-06,ORD021163,CUST02683,P019,Vacuum Cleaner,Home,Bengaluru,Online,Debit Card,1,8387.59,0.1,8387.59,7548.83,0,991.51,2025,10,October,Monday,8387.59,7548.831
2025-10-06,ORD004862,CUST01779,P019,Vacuum Cleaner,Home,Surat,Online,Net Banking,2,8182.01,0.15,16364.02,13909.42,0,1353.97,2025,10,October,Monday,16364.02,13909.417
2025-10-06,ORD028642,CUST03160,P018,Jacket,Fashion,Mumbai,Online,Credit Card,4,5290.79,0.05,21163.16,20105.0,1,-1005.25,2025,10,October,Monday,21163.16,20105.002
2025-10-06,ORD000212,CUST00227,P005,Office Chair,Furniture,Jaipur,Store,Credit Card,1,9916.77,0.1,9916.77,8925.09,0,691.42,2025,10,October,Monday,9916.77,8925.093
2025-10-07,ORD002391,CUST03514,P018,Jacket,Fashion,Hyderabad,Store,UPI,1,4881.79,0.0,4881.79,4881.79,0,1423.5,2025,10,October,Tuesday,4881.79,4881.79
2025-10-07,ORD042216,CUST01460,P014,Keyboard,Electronics,Hyderabad,Online,UPI,1,2421.45,0.2,2421.45,1937.16,0,426.29,2025,10,October,Tuesday,2421.45,1937.1599999999999
2025-10-07,ORD031115,CUST04937,P013,Monitor,Electronics,Surat,Online,Debit Card,1,17594.8,0.1,17594.8,15835.32,0,3110.27,2025,10,October,Tuesday,17594.8,15835.32
2025-10-07,ORD036938,CUST04200,P018,Jacket,Fashion,Surat,Online,Net Banking,2,4996.22,0.2,9992.44,7993.95,0,899.35,2025,10,October,Tuesday,9992.44,7993.952000000001
2025-10-07,ORD014772,CUST00027,P016,Sofa,Furniture,Jaipur,Store,UPI,1,35351.86,0.0,35351.86,35351.86,0,3825.65,2025,10,October,Tuesday,35351.86,35351.86
2025-10-07,ORD035361,CUST01914,P003,Headphones,Electronics,Delhi,Store,Credit Card,1,4412.89,0.2,4412.89,3530.31,0,350.72,2025,10,October,Tuesday,4412.89,3530.3120000000004
2025-10-07,ORD012505,CUST01566,P003,Headphones,Electronics,Bengaluru,Store,UPI,1,4455.91,0.1,4455.91,4010.32,0,722.82,2025,10,October,Tuesday,4455.91,4010.319
2025-10-07,ORD004685,CUST01005,P011,Mixer Grinder,Home,Bengaluru,Online,Credit Card,1,5178.48,0.05,5178.48,4919.56,0,1125.63,2025,10,October,Tuesday,5178.48,4919.556
2025-10-07,ORD042866,CUST04962,P016,Sofa,Furniture,Chennai,Online,UPI,1,36062.2,0.0,36062.2,36062.2,1,-1803.11,2025,10,October,Tuesday,36062.2,36062.2
2025-10-07,ORD030538,CUST01372,P004,Smartwatch,Electronics,Bengaluru,Online,Credit Card,1,7147.64,0.2,7147.64,5718.11,0,279.91,2025,10,October,Tuesday,7147.64,5718.112000000001
2025-10-07,ORD014650,CUST02215,P016,Sofa,Furniture,Ahmedabad,Online,Debit Card,1,33055.69,0.0,33055.69,33055.69,0,5115.83,2025,10,October,Tuesday,33055.69,33055.69
2025-10-07,ORD038267,CUST01532,P002,Smartphone,Electronics,Mumbai,Online,UPI,1,25559.94,0.15,25559.94,21725.95,1,-1086.3,2025,10,October,Tuesday,25559.94,21725.948999999997
2025-10-07,ORD006030,CUST03465,P019,Vacuum Cleaner,Home,Mumbai,Store,UPI,3,9712.35,0.1,29137.05,26223.35,0,4708.81,2025,10,October,Tuesday,29137.050000000003,26223.345
2025-10-07,ORD001694,CUST04102,P003,Headphones,Electronics,Bengaluru,Online,UPI,3,4434.69,0.05,13304.07,12638.87,0,896.39,2025,10,October,Tuesday,13304.07,12638.866499999998
2025-10-07,ORD016711,CUST00301,P008,Running Shoes,Fashion,Ahmedabad,Online,Credit Card,2,4000.67,0.05,8001.34,7601.27,0,627.1,2025,10,October,Tuesday,8001.34,7601.273
2025-10-07,ORD024133,CUST04939,P008,Running Shoes,Fashion,Ahmedabad,Online,Net Banking,2,3924.76,0.0,7849.52,7849.52,0,1321.59,2025,10,October,Tuesday,7849.52,7849.52
2025-10-07,ORD034946,CUST03916,P005,Office Chair,Furniture,Kolkata,Online,UPI,1,10181.34,0.1,10181.34,9163.21,0,2454.09,2025,10,October,Tuesday,10181.34,9163.206
2025-10-07,ORD034855,CUST00608,P020,Microwave,Home,Bengaluru,Store,Credit Card,2,10307.85,0.0,20615.7,20615.7,0,2709.66,2025,10,October,Tuesday,20615.7,20615.7
2025-10-07,ORD031073,CUST04208,P017,Jeans,Fashion,Bengaluru,Online,Debit Card,1,2546.22,0.05,2546.22,2418.91,0,311.89,2025,10,October,Tuesday,2546.22,2418.9089999999997
2025-10-07,ORD039776,CUST00770,P007,Backpack,Accessories,Mumbai,Online,UPI,1,2315.25,0.0,2315.25,2315.25,0,636.1,2025,10,October,Tuesday,2315.25,2315.25
2025-10-07,ORD000442,CUST04759,P012,Air Fryer,Home,Mumbai,Store,Credit Card,2,7105.04,0.1,14210.08,12789.07,0,1918.34,2025,10,October,Tuesday,14210.08,12789.072
2025-10-07,ORD014607,CUST02654,P002,Smartphone,Electronics,Pune,Online,Debit Card,1,26440.22,0.0,26440.22,26440.22,0,4773.31,2025,10,October,Tuesday,26440.22,26440.22
2025-10-07,ORD041502,CUST03908,P004,Smartwatch,Electronics,Chennai,Online,Net Banking,1,6957.49,0.05,6957.49,6609.62,0,945.95,2025,10,October,Tuesday,6957.49,6609.6155
2025-10-07,ORD039547,CUST01072,P010,Coffee Maker,Home,Kolkata,Store,Cash,3,5968.09,0.1,17904.27,16113.84,0,1755.09,2025,10,October,Tuesday,17904.27,16113.843
2025-10-07,ORD047023,CUST02356,P016,Sofa,Furniture,Ahmedabad,Store,UPI,1,31569.59,0.2,31569.59,25255.67,0,5745.27,2025,10,October,Tuesday,31569.59,25255.672000000002
2025-10-07,ORD012435,CUST01370,P011,Mixer Grinder,Home,Mumbai,Online,UPI,1,4632.95,0.05,4632.95,4401.3,1,-220.07,2025,10,October,Tuesday,4632.95,4401.3025
2025-10-07,ORD007258,CUST02501,P007,Backpack,Accessories,Surat,Store,Credit Card,1,2392.63,0.0,2392.63,2392.63,0,329.76,2025,10,October,Tuesday,2392.63,2392.63
2025-10-07,ORD005295,CUST03667,P009,T-Shirt,Fashion,Delhi,Online,UPI,1,1234.57,0.0,1234.57,1234.57,0,140.88,2025,10,October,Tuesday,1234.57,1234.57
2025-10-07,ORD042553,CUST04317,P001,Laptop,Electronics,Chennai,Online,Debit Card,1,59850.77,0.05,59850.77,56858.23,0,6889.37,2025,10,October,Tuesday,59850.77,56858.231499999994
2025-10-07,ORD030094,CUST02380,P016,Sofa,Furniture,Jaipur,Online,Credit Card,4,36108.56,0.2,144434.24,115547.39,0,6667.8,2025,10,October,Tuesday,144434.24,115547.39199999999
2025-10-07,ORD031645,CUST03972,P019,Vacuum Cleaner,Home,Kolkata,Online,UPI,1,8436.83,0.25,8436.83,6327.62,0,498.97,2025,10,October,Tuesday,8436.83,6327.6224999999995
2025-10-07,ORD016147,CUST04872,P020,Microwave,Home,Jaipur,Store,Debit Card,1,10270.96,0.1,10270.96,9243.86,0,2120.48,2025,10,October,Tuesday,10270.96,9243.864
2025-10-07,ORD001783,CUST03196,P002,Smartphone,Electronics,Pune,Online,Net Banking,1,27037.93,0.1,27037.93,24334.14,0,5109.69,2025,10,October,Tuesday,27037.93,24334.137000000002
2025-10-07,ORD023865,CUST03054,P001,Laptop,Electronics,Ahmedabad,Online,UPI,2,70263.49,0.0,140526.98,140526.98,0,29147.77,2025,10,October,Tuesday,140526.98,140526.98
2025-10-07,ORD000984,CUST01866,P011,Mixer Grinder,Home,Bengaluru,Online,UPI,2,4960.23,0.15,9920.46,8432.39,0,1512.59,2025,10,October,Tuesday,9920.46,8432.391
2025-10-07,ORD026431,CUST02127,P020,Microwave,Home,Delhi,Online,Debit Card,3,10497.98,0.15,31493.94,26769.85,0,5485.9,2025,10,October,Tuesday,31493.94,26769.849
2025-10-07,ORD000818,CUST00626,P017,Jeans,Fashion,Mumbai,Store,Credit Card,1,2707.91,0.0,2707.91,2707.91,1,-135.4,2025,10,October,Tuesday,2707.91,2707.91
2025-10-07,ORD019124,CUST02695,P007,Backpack,Accessories,Jaipur,Online,Credit Card,3,2394.86,0.0,7184.58,7184.58,0,1489.63,2025,10,October,Tuesday,7184.58,7184.58
2025-10-07,ORD012471,CUST02394,P020,Microwave,Home,Kolkata,Store,Cash,1,10684.93,0.15,10684.93,9082.19,0,718.89,2025,10,October,Tuesday,10684.93,9082.1905
2025-10-07,ORD026644,CUST01605,P008,Running Shoes,Fashion,Chennai,Store,Net Banking,1,4116.04,0.1,4116.04,3704.44,0,912.07,2025,10,October,Tuesday,4116.04,3704.436
2025-10-07,ORD030764,CUST01984,P005,Office Chair,Furniture,Surat,Online,Debit Card,2,8907.57,0.0,17815.14,17815.14,0,4662.2,2025,10,October,Tuesday,17815.14,17815.14
2025-10-07,ORD036945,CUST02343,P012,Air Fryer,Home,Bengaluru,Store,Cash,4,7639.37,0.1,30557.48,27501.73,0,4440.37,2025,10,October,Tuesday,30557.48,27501.732
2025-10-07,ORD026660,CUST03182,P011,Mixer Grinder,Home,Chennai,Store,UPI,1,5041.02,0.15,5041.02,4284.87,0,555.03,2025,10,October,Tuesday,5041.02,4284.867
2025-10-07,ORD008896,CUST01604,P010,Coffee Maker,Home,Chennai,Store,Credit Card,2,6039.59,0.25,12079.18,9059.38,0,576.92,2025,10,October,Tuesday,12079.18,9059.385
2025-10-07,ORD026678,CUST01028,P004,Smartwatch,Electronics,Chennai,Online,UPI,4,7232.46,0.0,28929.84,28929.84,0,4036.97,2025,10,October,Tuesday,28929.84,28929.84
2025-10-07,ORD037376,CUST03608,P015,Dining Table,Furniture,Ahmedabad,Store,Debit Card,1,22671.24,0.0,22671.24,22671.24,1,-1133.56,2025,10,October,Tuesday,22671.24,22671.24
2025-10-07,ORD039680,CUST02986,P010,Coffee Maker,Home,Surat,Store,Credit Card,2,5484.77,0.05,10969.54,10421.06,0,2501.26,2025,10,October,Tuesday,10969.54,10421.063
2025-10-07,ORD026600,CUST03585,P013,Monitor,Electronics,Pune,Online,Credit Card,1,19264.43,0.0,19264.43,19264.43,0,3225.11,2025,10,October,Tuesday,19264.43,19264.43
2025-10-07,ORD035184,CUST01283,P019,Vacuum Cleaner,Home,Bengaluru,Store,UPI,3,8406.88,0.0,25220.64,25220.64,0,5325.27,2025,10,October,Tuesday,25220.64,25220.64
2025-10-07,ORD023166,CUST03534,P003,Headphones,Electronics,Surat,Online,UPI,1,4788.18,0.1,4788.18,4309.36,0,1152.19,2025,10,October,Tuesday,4788.18,4309.362
2025-10-07,ORD035156,CUST00573,P010,Coffee Maker,Home,Delhi,Online,UPI,3,5227.45,0.15,15682.35,13330.0,0,1248.69,2025,10,October,Tuesday,15682.349999999999,13329.9975
2025-10-07,ORD019501,CUST03854,P011,Mixer Grinder,Home,Mumbai,Store,UPI,1,5111.01,0.15,5111.01,4344.36,0,1104.13,2025,10,October,Tuesday,5111.01,4344.3585
2025-10-07,ORD005589,CUST03342,P003,Headphones,Electronics,Mumbai,Store,Cash,1,4442.69,0.05,4442.69,4220.56,0,1214.94,2025,10,October,Tuesday,4442.69,4220.5554999999995
2025-10-07,ORD033463,CUST00171,P019,Vacuum Cleaner,Home,Pune,Store,Debit Card,1,8181.46,0.0,8181.46,8181.46,0,1758.15,2025,10,October,Tuesday,8181.46,8181.46
2025-10-07,ORD031069,CUST01501,P019,Vacuum Cleaner,Home,Delhi,Online,Credit Card,1,8270.89,0.1,8270.89,7443.8,0,812.71,2025,10,October,Tuesday,8270.89,7443.8009999999995
2025-10-07,ORD003051,CUST04509,P009,T-Shirt,Fashion,Chennai,Online,UPI,1,1087.75,0.25,1087.75,815.81,0,111.74,2025,10,October,Tuesday,1087.75,815.8125
2025-10-07,ORD013454,CUST04432,P009,T-Shirt,Fashion,Jaipur,Online,Credit Card,1,1297.32,0.15,1297.32,1102.72,0,113.6,2025,10,October,Tuesday,1297.32,1102.722
2025-10-07,ORD021655,CUST04190,P011,Mixer Grinder,Home,Chennai,Online,Net Banking,1,5048.93,0.05,5048.93,4796.48,0,602.05,2025,10,October,Tuesday,5048.93,4796.4835
2025-10-07,ORD012934,CUST03478,P009,T-Shirt,Fashion,Bengaluru,Online,Credit Card,1,1300.92,0.1,1300.92,1170.83,0,325.28,2025,10,October,Tuesday,1300.92,1170.8280000000002
2025-10-07,ORD016614,CUST00127,P019,Vacuum Cleaner,Home,Ahmedabad,Store,Cash,1,8650.44,0.05,8650.44,8217.92,0,854.08,2025,10,October,Tuesday,8650.44,8217.918
2025-10-07,ORD034826,CUST02637,P016,Sofa,Furniture,Bengaluru,Online,UPI,1,38095.61,0.0,38095.61,38095.61,0,6203.83,2025,10,October,Tuesday,38095.61,38095.61
2025-10-07,ORD048457,CUST01438,P007,Backpack,Accessories,Hyderabad,Online,Debit Card,1,2373.13,0.1,2373.13,2135.82,1,-106.79,2025,10,October,Tuesday,2373.13,2135.817
2025-10-07,ORD003965,CUST02247,P014,Keyboard,Electronics,Pune,Store,Debit Card,2,2458.28,0.1,4916.56,4424.9,0,821.0,2025,10,October,Tuesday,4916.56,4424.904
2025-10-07,ORD039642,CUST00987,P018,Jacket,Fashion,Mumbai,Online,Cash,1,5056.49,0.05,5056.49,4803.67,0,756.43,2025,10,October,Tuesday,5056.49,4803.665499999999
2025-10-07,ORD035110,CUST03967,P006,Desk,Furniture,Mumbai,Online,Debit Card,1,12011.49,0.15,12011.49,10209.77,0,2080.98,2025,10,October,Tuesday,12011.49,10209.7665
2025-10-07,ORD003778,CUST04349,P017,Jeans,Fashion,Mumbai,Store,UPI,1,2723.52,0.15,2723.52,2314.99,0,347.72,2025,10,October,Tuesday,2723.52,2314.9919999999997
2025-10-07,ORD027491,CUST04757,P019,Vacuum Cleaner,Home,Mumbai,Online,Debit Card,4,8356.46,0.05,33425.84,31754.55,0,2734.42,2025,10,October,Tuesday,33425.84,31754.547999999995
2025-10-07,ORD018762,CUST02780,P017,Jeans,Fashion,Ahmedabad,Store,UPI,1,2942.32,0.25,2942.32,2206.74,0,294.85,2025,10,October,Tuesday,2942.32,2206.7400000000002
2025-10-08,ORD006258,CUST03484,P016,Sofa,Furniture,Mumbai,Online,UPI,2,35104.71,0.25,70209.42,52657.06,1,-2632.85,2025,10,October,Wednesday,70209.42,52657.065
2025-10-08,ORD027323,CUST04221,P017,Jeans,Fashion,Mumbai,Online,Cash,1,2650.69,0.1,2650.69,2385.62,0,499.8,2025,10,October,Wednesday,2650.69,2385.621
2025-10-08,ORD009545,CUST00203,P006,Desk,Furniture,Delhi,Online,UPI,1,13098.6,0.1,13098.6,11788.74,0,1600.88,2025,10,October,Wednesday,13098.6,11788.74
2025-10-08,ORD000269,CUST04403,P007,Backpack,Accessories,Jaipur,Online,Debit Card,1,1980.6,0.05,1980.6,1881.57,0,399.31,2025,10,October,Wednesday,1980.6,1881.57
2025-10-08,ORD045449,CUST01279,P003,Headphones,Electronics,Chennai,Online,Credit Card,1,4856.72,0.0,4856.72,4856.72,0,1089.69,2025,10,October,Wednesday,4856.72,4856.72
2025-10-08,ORD030457,CUST03780,P007,Backpack,Accessories,Chennai,Online,UPI,5,2093.74,0.2,10468.7,8374.96,0,2151.95,2025,10,October,Wednesday,10468.699999999999,8374.960000000001
2025-10-08,ORD008482,CUST01426,P018,Jacket,Fashion,Pune,Online,Credit Card,5,4834.25,0.1,24171.25,21754.12,0,3318.01,2025,10,October,Wednesday,24171.25,21754.125
2025-10-08,ORD021624,CUST00270,P007,Backpack,Accessories,Ahmedabad,Store,UPI,1,2019.32,0.05,2019.32,1918.35,0,373.44,2025,10,October,Wednesday,2019.32,1918.3539999999998
2025-10-08,ORD015496,CUST04723,P012,Air Fryer,Home,Delhi,Online,UPI,2,7801.59,0.0,15603.18,15603.18,0,4504.77,2025,10,October,Wednesday,15603.18,15603.18
2025-10-08,ORD032498,CUST02728,P012,Air Fryer,Home,Bengaluru,Online,UPI,1,7899.19,0.1,7899.19,7109.27,0,1741.27,2025,10,October,Wednesday,7899.19,7109.271
2025-10-08,ORD038308,CUST01296,P001,Laptop,Electronics,Ahmedabad,Online,Debit Card,1,67818.86,0.05,67818.86,64427.92,0,5058.05,2025,10,October,Wednesday,67818.86,64427.916999999994
2025-10-08,ORD036988,CUST01353,P015,Dining Table,Furniture,Ahmedabad,Online,Credit Card,2,20866.57,0.25,41733.14,31299.86,0,4783.75,2025,10,October,Wednesday,41733.14,31299.855
2025-10-08,ORD032341,CUST01158,P016,Sofa,Furniture,Bengaluru,Online,UPI,1,34266.07,0.15,34266.07,29126.16,0,1960.93,2025,10,October,Wednesday,34266.07,29126.159499999998
2025-10-08,ORD047553,CUST00797,P012,Air Fryer,Home,Mumbai,Online,Credit Card,3,7333.87,0.1,22001.61,19801.45,0,1233.18,2025,10,October,Wednesday,22001.61,19801.449
2025-10-08,ORD034408,CUST03658,P013,Monitor,Electronics,Delhi,Online,Credit Card,2,18430.22,0.05,36860.44,35017.42,0,8209.01,2025,10,October,Wednesday,36860.44,35017.418
2025-10-08,ORD000846,CUST03957,P009,T-Shirt,Fashion,Surat,Online,UPI,1,1237.48,0.2,1237.48,989.98,0,145.29,2025,10,October,Wednesday,1237.48,989.984
2025-10-08,ORD046516,CUST01679,P007,Backpack,Accessories,Delhi,Store,Debit Card,2,2385.56,0.1,4771.12,4294.01,0,1131.14,2025,10,October,Wednesday,4771.12,4294.008
2025-10-08,ORD006086,CUST03826,P002,Smartphone,Electronics,Ahmedabad,Store,UPI,1,27354.0,0.05,27354.0,25986.3,1,-1299.32,2025,10,October,Wednesday,27354.0,25986.3
2025-10-08,ORD012708,CUST04910,P016,Sofa,Furniture,Ahmedabad,Store,UPI,2,32367.85,0.1,64735.7,58262.13,0,12007.93,2025,10,October,Wednesday,64735.7,58262.13
2025-10-08,ORD047094,CUST03608,P014,Keyboard,Electronics,Pune,Online,Net Banking,5,2491.6,0.1,12458.0,11212.2,0,2476.37,2025,10,October,Wednesday,12458.0,11212.2
2025-10-08,ORD045697,CUST01243,P018,Jacket,Fashion,Jaipur,Store,Debit Card,1,4736.32,0.1,4736.32,4262.69,1,-213.13,2025,10,October,Wednesday,4736.32,4262.688
2025-10-08,ORD012390,CUST00443,P001,Laptop,Electronics,Delhi,Online,Credit Card,1,59099.45,0.1,59099.45,53189.5,0,14177.79,2025,10,October,Wednesday,59099.45,53189.505
2025-10-08,ORD044572,CUST02326,P007,Backpack,Accessories,Mumbai,Online,UPI,1,2269.55,0.15,2269.55,1929.12,0,150.81,2025,10,October,Wednesday,2269.55,1929.1175
2025-10-08,ORD035838,CUST03457,P010,Coffee Maker,Home,Ahmedabad,Online,UPI,5,5038.45,0.1,25192.25,22673.02,0,2719.41,2025,10,October,Wednesday,25192.25,22673.025
2025-10-08,ORD039290,CUST01165,P007,Backpack,Accessories,Bengaluru,Online,UPI,1,2316.52,0.1,2316.52,2084.87,0,385.5,2025,10,October,Wednesday,2316.52,2084.868
2025-10-08,ORD009476,CUST04111,P012,Air Fryer,Home,Jaipur,Store,UPI,1,6757.56,0.1,6757.56,6081.8,0,1405.7,2025,10,October,Wednesday,6757.56,6081.804
2025-10-08,ORD000494,CUST00443,P007,Backpack,Accessories,Delhi,Online,Credit Card,1,2071.08,0.1,2071.08,1863.97,0,146.39,2025,10,October,Wednesday,2071.08,1863.972
2025-10-08,ORD001708,CUST01395,P012,Air Fryer,Home,Hyderabad,Online,UPI,2,7297.05,0.05,14594.1,13864.4,0,2754.31,2025,10,October,Wednesday,14594.1,13864.395
2025-10-08,ORD036655,CUST01361,P007,Backpack,Accessories,Ahmedabad,Store,Credit Card,1,2409.55,0.15,2409.55,2048.12,0,464.89,2025,10,October,Wednesday,2409.55,2048.1175000000003
2025-10-08,ORD013741,CUST02451,P002,Smartphone,Electronics,Chennai,Store,UPI,1,28061.98,0.15,28061.98,23852.68,0,4771.34,2025,10,October,Wednesday,28061.98,23852.682999999997
2025-10-08,ORD031229,CUST00056,P009,T-Shirt,Fashion,Bengaluru,Online,Debit Card,1,1270.55,0.1,1270.55,1143.49,0,239.07,2025,10,October,Wednesday,1270.55,1143.495
2025-10-08,ORD011256,CUST04316,P015,Dining Table,Furniture,Kolkata,Store,Credit Card,1,21044.44,0.05,21044.44,19992.22,0,4519.85,2025,10,October,Wednesday,21044.44,19992.217999999997
2025-10-08,ORD038622,CUST01836,P013,Monitor,Electronics,Delhi,Store,Credit Card,1,16248.22,0.0,16248.22,16248.22,0,2286.85,2025,10,October,Wednesday,16248.22,16248.22
2025-10-08,ORD018442,CUST00704,P001,Laptop,Electronics,Mumbai,Online,Credit Card,1,68904.98,0.1,68904.98,62014.48,0,15715.07,2025,10,October,Wednesday,68904.98,62014.481999999996
2025-10-08,ORD002043,CUST03411,P013,Monitor,Electronics,Chennai,Store,Credit Card,1,18058.74,0.1,18058.74,16252.87,0,3634.59,2025,10,October,Wednesday,18058.74,16252.866000000002
2025-10-08,ORD008081,CUST04043,P005,Office Chair,Furniture,Ahmedabad,Online,Credit Card,1,8948.98,0.0,8948.98,8948.98,0,2021.25,2025,10,October,Wednesday,8948.98,8948.98
2025-10-08,ORD008866,CUST02876,P010,Coffee Maker,Home,Bengaluru,Online,Cash,1,5138.48,0.05,5138.48,4881.56,0,1354.34,2025,10,October,Wednesday,5138.48,4881.556
2025-10-08,ORD042110,CUST04995,P012,Air Fryer,Home,Hyderabad,Online,UPI,1,7850.46,0.1,7850.46,7065.41,0,1945.55,2025,10,October,Wednesday,7850.46,7065.414
2025-10-08,ORD010259,CUST03295,P003,Headphones,Electronics,Bengaluru,Online,Credit Card,2,4676.66,0.05,9353.32,8885.65,1,-444.28,2025,10,October,Wednesday,9353.32,8885.653999999999
2025-10-08,ORD025510,CUST03856,P002,Smartphone,Electronics,Bengaluru,Store,Cash,1,29229.61,0.15,29229.61,24845.17,0,2846.63,2025,10,October,Wednesday,29229.61,24845.1685
2025-10-08,ORD027180,CUST03203,P001,Laptop,Electronics,Ahmedabad,Online,UPI,1,67180.41,0.1,67180.41,60462.37,0,6102.84,2025,10,October,Wednesday,67180.41,60462.369000000006
2025-10-08,ORD007964,CUST01552,P014,Keyboard,Electronics,Pune,Online,UPI,1,2257.41,0.1,2257.41,2031.67,0,473.41,2025,10,October,Wednesday,2257.41,2031.6689999999999
2025-10-08,ORD037034,CUST03586,P017,Jeans,Fashion,Hyderabad,Online,Credit Card,5,3078.76,0.1,15393.8,13854.42,1,-692.72,2025,10,October,Wednesday,15393.800000000001,13854.42
2025-10-08,ORD044092,CUST03503,P019,Vacuum Cleaner,Home,Ahmedabad,Store,UPI,1,9101.57,0.2,9101.57,7281.26,0,1174.56,2025,10,October,Wednesday,9101.57,7281.256
2025-10-08,ORD017393,CUST00265,P001,Laptop,Electronics,Delhi,Store,Credit Card,3,66769.01,0.05,200307.03,190291.68,0,54730.28,2025,10,October,Wednesday,200307.02999999997,190291.67849999998
2025-10-08,ORD017095,CUST01893,P002,Smartphone,Electronics,Pune,Online,UPI,1,30256.27,0.05,30256.27,28743.46,0,5780.82,2025,10,October,Wednesday,30256.27,28743.4565
2025-10-08,ORD032860,CUST03310,P009,T-Shirt,Fashion,Surat,Online,UPI,4,1165.27,0.1,4661.08,4194.97,0,746.97,2025,10,October,Wednesday,4661.08,4194.972
2025-10-08,ORD028325,CUST02208,P006,Desk,Furniture,Pune,Store,Cash,1,12301.94,0.1,12301.94,11071.75,0,2813.24,2025,10,October,Wednesday,12301.94,11071.746000000001
2025-10-08,ORD039995,CUST00833,P001,Laptop,Electronics,Surat,Store,UPI,5,64266.42,0.05,321332.1,305265.49,1,-15263.27,2025,10,October,Wednesday,321332.1,305265.49499999994
2025-10-08,ORD034819,CUST00855,P018,Jacket,Fashion,Chennai,Store,Debit Card,1,4741.36,0.1,4741.36,4267.22,0,450.7,2025,10,October,Wednesday,4741.36,4267.224
2025-10-08,ORD042595,CUST01218,P019,Vacuum Cleaner,Home,Chennai,Online,UPI,2,9472.65,0.1,18945.3,17050.77,0,3272.18,2025,10,October,Wednesday,18945.3,17050.77
2025-10-08,ORD011420,CUST00989,P009,T-Shirt,Fashion,Ahmedabad,Online,UPI,1,1230.84,0.1,1230.84,1107.76,0,145.7,2025,10,October,Wednesday,1230.84,1107.7559999999999
2025-10-08,ORD026769,CUST04528,P002,Smartphone,Electronics,Bengaluru,Online,Credit Card,2,29689.73,0.2,59379.46,47503.57,0,7403.83,2025,10,October,Wednesday,59379.46,47503.568
2025-10-08,ORD037211,CUST02941,P005,Office Chair,Furniture,Pune,Online,Net Banking,1,9739.87,0.0,9739.87,9739.87,1,-486.99,2025,10,October,Wednesday,9739.87,9739.87
2025-10-08,ORD021138,CUST04102,P004,Smartwatch,Electronics,Delhi,Store,Credit Card,1,6378.76,0.1,6378.76,5740.88,0,1199.79,2025,10,October,Wednesday,6378.76,5740.884
2025-10-08,ORD023775,CUST02213,P010,Coffee Maker,Home,Kolkata,Store,Credit Card,1,5694.71,0.0,5694.71,5694.71,0,559.51,2025,10,October,Wednesday,5694.71,5694.71
2025-10-08,ORD007734,CUST04752,P005,Office Chair,Furniture,Kolkata,Online,Credit Card,1,9513.86,0.05,9513.86,9038.17,0,1348.16,2025,10,October,Wednesday,9513.86,9038.167
2025-10-08,ORD030432,CUST00534,P009,T-Shirt,Fashion,Kolkata,Store,UPI,1,1231.27,0.1,1231.27,1108.14,0,239.13,2025,10,October,Wednesday,1231.27,1108.143
2025-10-08,ORD030392,CUST02087,P012,Air Fryer,Home,Jaipur,Online,UPI,1,6888.43,0.15,6888.43,5855.17,0,862.94,2025,10,October,Wednesday,6888.43,5855.1655
2025-10-08,ORD024779,CUST01006,P015,Dining Table,Furniture,Surat,Online,Debit Card,1,22289.09,0.0,22289.09,22289.09,0,5699.95,2025,10,October,Wednesday,22289.09,22289.09
2025-10-08,ORD001483,CUST02423,P017,Jeans,Fashion,Hyderabad,Store,Debit Card,1,2905.99,0.0,2905.99,2905.99,0,532.01,2025,10,October,Wednesday,2905.99,2905.99
2025-10-08,ORD006931,CUST02420,P011,Mixer Grinder,Home,Kolkata,Store,Debit Card,2,4719.5,0.05,9439.0,8967.05,0,1294.94,2025,10,October,Wednesday,9439.0,8967.05
2025-10-08,ORD026453,CUST01168,P013,Monitor,Electronics,Hyderabad,Online,UPI,2,18280.7,0.0,36561.4,36561.4,0,4590.16,2025,10,October,Wednesday,36561.4,36561.4
2025-10-08,ORD009074,CUST01292,P006,Desk,Furniture,Mumbai,Online,UPI,1,12331.37,0.05,12331.37,11714.8,0,3305.89,2025,10,October,Wednesday,12331.37,11714.8015
2025-10-08,ORD029356,CUST03956,P014,Keyboard,Electronics,Kolkata,Store,Credit Card,4,2654.28,0.1,10617.12,9555.41,0,1870.43,2025,10,October,Wednesday,10617.12,9555.408000000001
2025-10-08,ORD014895,CUST03211,P011,Mixer Grinder,Home,Surat,Online,UPI,1,4753.44,0.2,4753.44,3802.75,0,202.55,2025,10,October,Wednesday,4753.44,3802.752
2025-10-08,ORD029300,CUST03100,P003,Headphones,Electronics,Bengaluru,Store,UPI,2,4497.85,0.2,8995.7,7196.56,0,1182.21,2025,10,October,Wednesday,8995.7,7196.560000000001
2025-10-08,ORD018099,CUST01836,P014,Keyboard,Electronics,Ahmedabad,Online,UPI,1,2293.68,0.15,2293.68,1949.63,0,408.79,2025,10,October,Wednesday,2293.68,1949.6279999999997
2025-10-08,ORD005482,CUST03652,P012,Air Fryer,Home,Chennai,Online,UPI,2,7434.19,0.05,14868.38,14124.96,0,1353.51,2025,10,October,Wednesday,14868.38,14124.961
2025-10-08,ORD036930,CUST01555,P001,Laptop,Electronics,Bengaluru,Store,Credit Card,1,58670.0,0.1,58670.0,52803.0,1,-2640.15,2025,10,October,Wednesday,58670.0,52803.0
2025-10-09,ORD022209,CUST04339,P003,Headphones,Electronics,Chennai,Online,Credit Card,1,4496.47,0.05,4496.47,4271.65,0,776.34,2025,10,October,Thursday,4496.47,4271.6465
2025-10-09,ORD033374,CUST02675,P013,Monitor,Electronics,Bengaluru,Online,Credit Card,1,18775.86,0.2,18775.86,15020.69,0,1353.11,2025,10,October,Thursday,18775.86,15020.688000000002
2025-10-09,ORD035221,CUST02381,P012,Air Fryer,Home,Surat,Online,UPI,1,7148.69,0.05,7148.69,6791.26,0,1071.5,2025,10,October,Thursday,7148.69,6791.255499999999
2025-10-09,ORD042919,CUST03292,P001,Laptop,Electronics,Mumbai,Online,Debit Card,2,59408.85,0.2,118817.7,95054.16,1,-4752.71,2025,10,October,Thursday,118817.7,95054.16
2025-10-09,ORD027677,CUST01628,P011,Mixer Grinder,Home,Kolkata,Store,Debit Card,1,4523.36,0.25,4523.36,3392.52,0,311.75,2025,10,October,Thursday,4523.36,3392.5199999999995
2025-10-09,ORD026638,CUST00833,P011,Mixer Grinder,Home,Surat,Online,UPI,1,5226.25,0.05,5226.25,4964.94,0,633.5,2025,10,October,Thursday,5226.25,4964.9375
2025-10-09,ORD015987,CUST01379,P012,Air Fryer,Home,Mumbai,Online,Credit Card,2,6819.57,0.1,13639.14,12275.23,0,1722.03,2025,10,October,Thursday,13639.14,12275.226
2025-10-09,ORD028848,CUST04389,P019,Vacuum Cleaner,Home,Jaipur,Store,UPI,1,9086.02,0.1,9086.02,8177.42,0,546.13,2025,10,October,Thursday,9086.02,8177.418000000001
2025-10-09,ORD026539,CUST01377,P001,Laptop,Electronics,Chennai,Online,UPI,1,66732.34,0.05,66732.34,63395.72,0,16660.85,2025,10,October,Thursday,66732.34,63395.72299999999
2025-10-09,ORD022177,CUST01981,P008,Running Shoes,Fashion,Kolkata,Online,UPI,1,4190.03,0.1,4190.03,3771.03,0,462.53,2025,10,October,Thursday,4190.03,3771.027
2025-10-09,ORD025065,CUST00822,P006,Desk,Furniture,Hyderabad,Online,Debit Card,4,12036.64,0.0,48146.56,48146.56,0,6222.04,2025,10,October,Thursday,48146.56,48146.56
2025-10-09,ORD027988,CUST00666,P019,Vacuum Cleaner,Home,Bengaluru,Online,Net Banking,1,8291.97,0.0,8291.97,8291.97,0,2114.18,2025,10,October,Thursday,8291.97,8291.97
2025-10-09,ORD011297,CUST03382,P007,Backpack,Accessories,Kolkata,Online,Credit Card,2,2357.56,0.0,4715.12,4715.12,1,-235.76,2025,10,October,Thursday,4715.12,4715.12
2025-10-09,ORD022607,CUST03473,P007,Backpack,Accessories,Surat,Store,UPI,1,2336.45,0.0,2336.45,2336.45,0,268.19,2025,10,October,Thursday,2336.45,2336.45
2025-10-09,ORD039872,CUST02113,P012,Air Fryer,Home,Bengaluru,Store,Debit Card,2,7706.61,0.15,15413.22,13101.24,0,1963.46,2025,10,October,Thursday,15413.22,13101.237
2025-10-09,ORD027722,CUST00148,P008,Running Shoes,Fashion,Mumbai,Online,Credit Card,2,4330.62,0.1,8661.24,7795.12,0,1124.05,2025,10,October,Thursday,8661.24,7795.116
2025-10-09,ORD037138,CUST04223,P006,Desk,Furniture,Surat,Online,UPI,1,11733.28,0.0,11733.28,11733.28,0,2775.11,2025,10,October,Thursday,11733.28,11733.28
2025-10-09,ORD024040,CUST01796,P009,T-Shirt,Fashion,Bengaluru,Store,Credit Card,1,1270.25,0.15,1270.25,1079.71,0,272.24,2025,10,October,Thursday,1270.25,1079.7124999999999
2025-10-09,ORD041667,CUST03171,P017,Jeans,Fashion,Pune,Online,Net Banking,1,2885.3,0.1,2885.3,2596.77,0,198.91,2025,10,October,Thursday,2885.3,2596.7700000000004
2025-10-09,ORD008553,CUST03040,P004,Smartwatch,Electronics,Pune,Online,UPI,2,7313.02,0.15,14626.04,12432.13,0,2147.14,2025,10,October,Thursday,14626.04,12432.134
2025-10-09,ORD008769,CUST00611,P011,Mixer Grinder,Home,Hyderabad,Online,UPI,1,4454.88,0.15,4454.88,3786.65,0,556.54,2025,10,October,Thursday,4454.88,3786.648
2025-10-09,ORD001201,CUST00993,P012,Air Fryer,Home,Delhi,Store,UPI,3,7699.99,0.2,23099.97,18479.98,0,4496.14,2025,10,October,Thursday,23099.97,18479.976000000002
2025-10-09,ORD028491,CUST02945,P001,Laptop,Electronics,Bengaluru,Store,Credit Card,5,59937.35,0.1,299686.75,269718.08,0,40332.64,2025,10,October,Thursday,299686.75,269718.075
2025-10-09,ORD025199,CUST01210,P003,Headphones,Electronics,Jaipur,Store,Debit Card,1,4780.14,0.05,4780.14,4541.13,0,925.63,2025,10,October,Thursday,4780.14,4541.133
2025-10-09,ORD019858,CUST03891,P012,Air Fryer,Home,Bengaluru,Online,UPI,2,6622.63,0.15,13245.26,11258.47,0,882.3,2025,10,October,Thursday,13245.26,11258.471
2025-10-09,ORD031336,CUST03376,P012,Air Fryer,Home,Bengaluru,Online,Credit Card,2,7172.88,0.2,14345.76,11476.61,1,-573.83,2025,10,October,Thursday,14345.76,11476.608
2025-10-09,ORD003014,CUST00055,P008,Running Shoes,Fashion,Bengaluru,Online,Credit Card,1,4233.26,0.25,4233.26,3174.94,0,127.0,2025,10,October,Thursday,4233.26,3174.945
2025-10-09,ORD014217,CUST00681,P006,Desk,Furniture,Delhi,Online,UPI,1,12882.22,0.15,12882.22,10949.89,0,1421.82,2025,10,October,Thursday,12882.22,10949.886999999999
2025-10-09,ORD000990,CUST03815,P011,Mixer Grinder,Home,Kolkata,Online,UPI,1,4732.15,0.1,4732.15,4258.93,1,-212.95,2025,10,October,Thursday,4732.15,4258.9349999999995
2025-10-09,ORD033819,CUST02351,P005,Office Chair,Furniture,Mumbai,Online,UPI,1,10297.58,0.15,10297.58,8752.94,0,2227.24,2025,10,October,Thursday,10297.58,8752.943
2025-10-09,ORD011496,CUST00816,P004,Smartwatch,Electronics,Ahmedabad,Online,UPI,1,6632.83,0.0,6632.83,6632.83,0,1585.18,2025,10,October,Thursday,6632.83,6632.83
2025-10-09,ORD028951,CUST04824,P016,Sofa,Furniture,Jaipur,Online,Credit Card,2,34067.23,0.25,68134.46,51100.84,0,7429.57,2025,10,October,Thursday,68134.46,51100.845
2025-10-09,ORD000044,CUST01389,P010,Coffee Maker,Home,Ahmedabad,Store,UPI,1,5111.27,0.2,5111.27,4089.02,0,373.37,2025,10,October,Thursday,5111.27,4089.0160000000005
2025-10-09,ORD004670,CUST00551,P009,T-Shirt,Fashion,Jaipur,Online,Credit Card,2,1080.31,0.1,2160.62,1944.56,0,328.82,2025,10,October,Thursday,2160.62,1944.558
2025-10-09,ORD035867,CUST02649,P002,Smartphone,Electronics,Kolkata,Online,UPI,5,27055.56,0.2,135277.8,108222.24,0,13907.92,2025,10,October,Thursday,135277.80000000002,108222.23999999999
2025-10-09,ORD001610,CUST04802,P018,Jacket,Fashion,Chennai,Store,Credit Card,1,5508.55,0.25,5508.55,4131.41,0,385.32,2025,10,October,Thursday,5508.55,4131.4125
2025-10-09,ORD021078,CUST01308,P004,Smartwatch,Electronics,Kolkata,Online,Credit Card,2,7396.55,0.1,14793.1,13313.79,0,3237.2,2025,10,October,Thursday,14793.1,13313.79
2025-10-09,ORD020023,CUST04302,P010,Coffee Maker,Home,Hyderabad,Store,Cash,5,5458.61,0.05,27293.05,25928.4,0,3610.33,2025,10,October,Thursday,27293.05,25928.3975
2025-10-09,ORD004146,CUST00093,P010,Coffee Maker,Home,Pune,Online,UPI,3,5291.64,0.05,15874.92,15081.17,0,1317.91,2025,10,October,Thursday,15874.920000000002,15081.173999999999
2025-10-09,ORD029972,CUST04724,P014,Keyboard,Electronics,Hyderabad,Store,UPI,1,2634.0,0.1,2634.0,2370.6,0,283.72,2025,10,October,Thursday,2634.0,2370.6
2025-10-09,ORD039335,CUST02220,P019,Vacuum Cleaner,Home,Hyderabad,Online,UPI,2,9392.24,0.0,18784.48,18784.48,0,5425.23,2025,10,October,Thursday,18784.48,18784.48
2025-10-09,ORD024540,CUST03344,P014,Keyboard,Electronics,Pune,Online,UPI,3,2471.3,0.1,7413.9,6672.51,0,1198.73,2025,10,October,Thursday,7413.900000000001,6672.51
2025-10-09,ORD029543,CUST00828,P019,Vacuum Cleaner,Home,Chennai,Store,UPI,1,8954.07,0.05,8954.07,8506.37,0,873.21,2025,10,October,Thursday,8954.07,8506.3665
2025-10-09,ORD025797,CUST03189,P012,Air Fryer,Home,Kolkata,Store,Cash,1,6912.68,0.05,6912.68,6567.05,0,1252.58,2025,10,October,Thursday,6912.68,6567.046
2025-10-09,ORD023085,CUST04070,P012,Air Fryer,Home,Chennai,Online,Debit Card,1,7533.71,0.25,7533.71,5650.28,0,803.03,2025,10,October,Thursday,7533.71,5650.2825
2025-10-09,ORD037965,CUST02364,P005,Office Chair,Furniture,Pune,Online,UPI,1,9538.34,0.1,9538.34,8584.51,0,1657.07,2025,10,October,Thursday,9538.34,8584.506000000001
2025-10-09,ORD011034,CUST03946,P017,Jeans,Fashion,Mumbai,Online,UPI,1,2972.89,0.15,2972.89,2526.96,0,202.1,2025,10,October,Thursday,2972.89,2526.9565
2025-10-09,ORD035561,CUST02855,P004,Smartwatch,Electronics,Hyderabad,Online,Cash,1,7214.31,0.1,7214.31,6492.88,0,1047.83,2025,10,October,Thursday,7214.31,6492.879000000001
2025-10-09,ORD037769,CUST01435,P011,Mixer Grinder,Home,Delhi,Online,Credit Card,5,4723.84,0.15,23619.2,20076.32,0,1588.52,2025,10,October,Thursday,23619.2,20076.32
2025-10-09,ORD037055,CUST01981,P005,Office Chair,Furniture,Mumbai,Online,UPI,2,8948.38,0.1,17896.76,16107.08,0,3367.46,2025,10,October,Thursday,17896.76,16107.083999999999
2025-10-09,ORD040704,CUST00764,P009,T-Shirt,Fashion,Mumbai,Store,Credit Card,1,1093.26,0.15,1093.26,929.27,0,229.19,2025,10,October,Thursday,1093.26,929.271
2025-10-09,ORD039537,CUST02297,P015,Dining Table,Furniture,Mumbai,Online,UPI,1,21454.79,0.0,21454.79,21454.79,0,5072.03,2025,10,October,Thursday,21454.79,21454.79
2025-10-09,ORD000008,CUST01496,P013,Monitor,Electronics,Mumbai,Store,Debit Card,1,16468.38,0.15,16468.38,13998.12,1,-699.91,2025,10,October,Thursday,16468.38,13998.123
2025-10-09,ORD010202,CUST01490,P014,Keyboard,Electronics,Bengaluru,Store,Cash,4,2298.32,0.2,9193.28,7354.62,0,845.03,2025,10,October,Thursday,9193.28,7354.624000000001
2025-10-09,ORD008835,CUST03426,P012,Air Fryer,Home,Kolkata,Online,Credit Card,1,6679.35,0.05,6679.35,6345.38,0,910.45,2025,10,October,Thursday,6679.35,6345.3825
2025-10-09,ORD032354,CUST02493,P010,Coffee Maker,Home,Bengaluru,Store,Cash,2,5226.86,0.1,10453.72,9408.35,0,897.18,2025,10,October,Thursday,10453.72,9408.348
2025-10-09,ORD041473,CUST01754,P015,Dining Table,Furniture,Jaipur,Online,UPI,2,21344.97,0.15,42689.94,36286.45,0,3010.09,2025,10,October,Thursday,42689.94,36286.449
2025-10-10,ORD003486,CUST01614,P007,Backpack,Accessories,Chennai,Online,Debit Card,1,2390.91,0.1,2390.91,2151.82,0,481.93,2025,10,October,Friday,2390.91,2151.819
2025-10-10,ORD023268,CUST01226,P014,Keyboard,Electronics,Mumbai,Store,Net Banking,2,2549.21,0.05,5098.42,4843.5,0,1265.75,2025,10,October,Friday,5098.42,4843.499
2025-10-10,ORD000967,CUST01364,P018,Jacket,Fashion,Bengaluru,Online,Credit Card,2,4899.6,0.0,9799.2,9799.2,0,827.08,2025,10,October,Friday,9799.2,9799.2
2025-10-10,ORD024059,CUST01339,P015,Dining Table,Furniture,Mumbai,Online,UPI,1,21798.5,0.2,21798.5,17438.8,0,2242.93,2025,10,October,Friday,21798.5,17438.8
2025-10-10,ORD043526,CUST02597,P010,Coffee Maker,Home,Mumbai,Store,Net Banking,1,5911.42,0.15,5911.42,5024.71,0,950.22,2025,10,October,Friday,5911.42,5024.707
2025-10-10,ORD002259,CUST01517,P002,Smartphone,Electronics,Delhi,Online,Debit Card,1,28953.12,0.05,28953.12,27505.46,0,4032.15,2025,10,October,Friday,28953.12,27505.463999999996
2025-10-10,ORD038971,CUST03821,P001,Laptop,Electronics,Jaipur,Online,Credit Card,2,70053.81,0.0,140107.62,140107.62,0,34066.86,2025,10,October,Friday,140107.62,140107.62
2025-10-10,ORD045842,CUST01262,P009,T-Shirt,Fashion,Chennai,Store,Net Banking,2,1110.14,0.05,2220.28,2109.27,0,433.25,2025,10,October,Friday,2220.28,2109.266
2025-10-10,ORD037504,CUST01077,P004,Smartwatch,Electronics,Mumbai,Online,UPI,3,6761.83,0.15,20285.49,17242.67,0,3734.61,2025,10,October,Friday,20285.489999999998,17242.6665
2025-10-10,ORD023332,CUST01129,P015,Dining Table,Furniture,Ahmedabad,Store,UPI,1,20372.74,0.0,20372.74,20372.74,0,5747.51,2025,10,October,Friday,20372.74,20372.74
2025-10-10,ORD040942,CUST02605,P005,Office Chair,Furniture,Delhi,Online,Debit Card,2,9596.75,0.0,19193.5,19193.5,0,4594.23,2025,10,October,Friday,19193.5,19193.5
2025-10-10,ORD011267,CUST04849,P016,Sofa,Furniture,Bengaluru,Store,UPI,1,34343.75,0.25,34343.75,25757.81,0,1806.05,2025,10,October,Friday,34343.75,25757.8125
2025-10-10,ORD031020,CUST03732,P010,Coffee Maker,Home,Kolkata,Online,UPI,1,5045.82,0.15,5045.82,4288.95,0,1095.59,2025,10,October,Friday,5045.82,4288.946999999999
2025-10-10,ORD040909,CUST04176,P006,Desk,Furniture,Ahmedabad,Store,Credit Card,2,13024.2,0.0,26048.4,26048.4,0,7422.93,2025,10,October,Friday,26048.4,26048.4
2025-10-10,ORD001810,CUST04973,P013,Monitor,Electronics,Jaipur,Online,Net Banking,1,16243.81,0.0,16243.81,16243.81,0,2582.52,2025,10,October,Friday,16243.81,16243.81
2025-10-10,ORD017236,CUST02242,P004,Smartwatch,Electronics,Jaipur,Store,UPI,1,6871.24,0.0,6871.24,6871.24,0,1657.19,2025,10,October,Friday,6871.24,6871.24
2025-10-10,ORD048612,CUST04921,P002,Smartphone,Electronics,Mumbai,Store,Credit Card,1,28047.31,0.15,28047.31,23840.21,0,5270.6,2025,10,October,Friday,28047.31,23840.2135
2025-10-10,ORD028384,CUST00625,P007,Backpack,Accessories,Chennai,Online,Cash,1,2165.44,0.0,2165.44,2165.44,0,301.82,2025,10,October,Friday,2165.44,2165.44
2025-10-10,ORD022219,CUST00275,P017,Jeans,Fashion,Jaipur,Store,UPI,1,2850.49,0.0,2850.49,2850.49,0,713.91,2025,10,October,Friday,2850.49,2850.49
2025-10-10,ORD048082,CUST04624,P017,Jeans,Fashion,Delhi,Online,UPI,5,2890.75,0.0,14453.75,14453.75,0,1459.62,2025,10,October,Friday,14453.75,14453.75
2025-10-10,ORD034386,CUST02262,P005,Office Chair,Furniture,Chennai,Store,Debit Card,1,8807.61,0.0,8807.61,8807.61,0,1502.61,2025,10,October,Friday,8807.61,8807.61
2025-10-10,ORD015862,CUST04924,P017,Jeans,Fashion,Pune,Store,Net Banking,1,3053.03,0.15,3053.03,2595.08,0,640.5,2025,10,October,Friday,3053.03,2595.0755
2025-10-10,ORD019932,CUST03070,P001,Laptop,Electronics,Kolkata,Online,Credit Card,1,62503.7,0.05,62503.7,59378.51,0,16949.36,2025,10,October,Friday,62503.7,59378.51499999999
2025-10-10,ORD031589,CUST03807,P017,Jeans,Fashion,Pune,Online,Net Banking,1,2582.07,0.05,2582.07,2452.97,0,238.24,2025,10,October,Friday,2582.07,2452.9665
2025-10-10,ORD048809,CUST03132,P010,Coffee Maker,Home,Hyderabad,Online,UPI,1,5200.23,0.0,5200.23,5200.23,0,973.73,2025,10,October,Friday,5200.23,5200.23
2025-10-10,ORD044955,CUST04836,P009,T-Shirt,Fashion,Delhi,Online,Net Banking,4,1118.85,0.25,4475.4,3356.55,0,337.01,2025,10,October,Friday,4475.4,3356.5499999999997
2025-10-10,ORD049768,CUST03572,P002,Smartphone,Electronics,Pune,Online,Net Banking,1,27624.39,0.0,27624.39,27624.39,0,4927.95,2025,10,October,Friday,27624.39,27624.39
2025-10-10,ORD030362,CUST02772,P012,Air Fryer,Home,Bengaluru,Store,Debit Card,1,7350.92,0.15,7350.92,6248.28,0,1391.74,2025,10,October,Friday,7350.92,6248.282
2025-10-10,ORD029185,CUST03839,P014,Keyboard,Electronics,Jaipur,Store,Credit Card,1,2588.83,0.05,2588.83,2459.39,0,460.3,2025,10,October,Friday,2588.83,2459.3885
2025-10-10,ORD026799,CUST03154,P010,Coffee Maker,Home,Ahmedabad,Online,Net Banking,2,5637.86,0.2,11275.72,9020.58,0,2263.86,2025,10,October,Friday,11275.72,9020.576
2025-10-10,ORD023020,CUST03834,P002,Smartphone,Electronics,Delhi,Store,Debit Card,3,27942.02,0.1,83826.06,75443.45,0,6059.05,2025,10,October,Friday,83826.06,75443.454
2025-10-10,ORD006924,CUST01095,P002,Smartphone,Electronics,Mumbai,Online,Debit Card,1,30104.53,0.1,30104.53,27094.08,1,-1354.7,2025,10,October,Friday,30104.53,27094.077
2025-10-10,ORD005854,CUST02807,P011,Mixer Grinder,Home,Kolkata,Store,Cash,1,4537.17,0.15,4537.17,3856.59,0,368.2,2025,10,October,Friday,4537.17,3856.5945
2025-10-10,ORD023593,CUST01838,P009,T-Shirt,Fashion,Pune,Store,Debit Card,2,1099.79,0.15,2199.58,1869.64,0,256.44,2025,10,October,Friday,2199.58,1869.6429999999998
2025-10-10,ORD031129,CUST01606,P011,Mixer Grinder,Home,Bengaluru,Online,Credit Card,1,4586.4,0.1,4586.4,4127.76,0,505.49,2025,10,October,Friday,4586.4,4127.76
2025-10-10,ORD046113,CUST03029,P004,Smartwatch,Electronics,Ahmedabad,Store,Credit Card,2,6636.67,0.15,13273.34,11282.34,0,2978.63,2025,10,October,Friday,13273.34,11282.339
2025-10-10,ORD021336,CUST04618,P020,Microwave,Home,Hyderabad,Store,Credit Card,2,9989.66,0.15,19979.32,16982.42,1,-849.12,2025,10,October,Friday,19979.32,16982.422
2025-10-10,ORD041325,CUST01283,P002,Smartphone,Electronics,Kolkata,Store,UPI,1,27240.35,0.0,27240.35,27240.35,0,5416.22,2025,10,October,Friday,27240.35,27240.35
2025-10-10,ORD002922,CUST00208,P005,Office Chair,Furniture,Chennai,Online,Credit Card,4,9880.9,0.05,39523.6,37547.42,0,9145.57,2025,10,October,Friday,39523.6,37547.42
2025-10-10,ORD049228,CUST01636,P004,Smartwatch,Electronics,Pune,Store,UPI,1,7450.29,0.05,7450.29,7077.78,0,1183.63,2025,10,October,Friday,7450.29,7077.7755
2025-10-10,ORD044922,CUST03487,P005,Office Chair,Furniture,Hyderabad,Online,Debit Card,1,10098.38,0.1,10098.38,9088.54,0,1244.46,2025,10,October,Friday,10098.38,9088.542
2025-10-10,ORD021672,CUST02666,P011,Mixer Grinder,Home,Kolkata,Store,Credit Card,1,5069.82,0.1,5069.82,4562.84,0,484.37,2025,10,October,Friday,5069.82,4562.838
2025-10-10,ORD012792,CUST02994,P013,Monitor,Electronics,Jaipur,Store,Credit Card,3,18679.66,0.1,56038.98,50435.08,0,5467.69,2025,10,October,Friday,56038.979999999996,50435.082
2025-10-10,ORD047794,CUST02238,P005,Office Chair,Furniture,Pune,Online,UPI,2,8727.18,0.25,17454.36,13090.77,0,2604.24,2025,10,October,Friday,17454.36,13090.77
2025-10-10,ORD013421,CUST02321,P017,Jeans,Fashion,Bengaluru,Online,UPI,2,2674.9,0.2,5349.8,4279.84,0,818.08,2025,10,October,Friday,5349.8,4279.84
2025-10-10,ORD045326,CUST04798,P013,Monitor,Electronics,Bengaluru,Online,Credit Card,1,17944.44,0.05,17944.44,17047.22,0,4316.15,2025,10,October,Friday,17944.44,17047.217999999997
2025-10-10,ORD001402,CUST01363,P006,Desk,Furniture,Surat,Store,UPI,1,12225.93,0.1,12225.93,11003.34,0,1507.1,2025,10,October,Friday,12225.93,11003.337000000001
2025-10-10,ORD021403,CUST02496,P012,Air Fryer,Home,Jaipur,Store,Credit Card,1,7694.66,0.1,7694.66,6925.19,0,1665.17,2025,10,October,Friday,7694.66,6925.194
2025-10-10,ORD001033,CUST00191,P010,Coffee Maker,Home,Delhi,Online,Net Banking,2,5226.97,0.1,10453.94,9408.55,0,606.4,2025,10,October,Friday,10453.94,9408.546
2025-10-10,ORD001940,CUST04917,P014,Keyboard,Electronics,Hyderabad,Online,UPI,1,2577.09,0.05,2577.09,2448.24,0,327.63,2025,10,October,Friday,2577.09,2448.2355000000002
2025-10-10,ORD049822,CUST03855,P001,Laptop,Electronics,Chennai,Store,Cash,1,64512.52,0.05,64512.52,61286.89,0,15044.58,2025,10,October,Friday,64512.52,61286.89399999999
2025-10-10,ORD018529,CUST02598,P007,Backpack,Accessories,Chennai,Store,Credit Card,1,2210.56,0.15,2210.56,1878.98,0,151.47,2025,10,October,Friday,2210.56,1878.9759999999999
2025-10-10,ORD033694,CUST02578,P010,Coffee Maker,Home,Surat,Store,Net Banking,1,5309.93,0.05,5309.93,5044.43,0,1009.55,2025,10,October,Friday,5309.93,5044.4335
2025-10-10,ORD018269,CUST01852,P019,Vacuum Cleaner,Home,Surat,Store,UPI,2,9277.91,0.05,18555.82,17628.03,0,2904.6,2025,10,October,Friday,18555.82,17628.029
2025-10-10,ORD022715,CUST04385,P018,Jacket,Fashion,Ahmedabad,Online,Credit Card,3,5371.52,0.05,16114.56,15308.83,1,-765.44,2025,10,October,Friday,16114.560000000001,15308.831999999999
2025-10-10,ORD025217,CUST01792,P016,Sofa,Furniture,Jaipur,Online,Credit Card,4,33691.07,0.1,134764.28,121287.85,0,9270.8,2025,10,October,Friday,134764.28,121287.852
2025-10-10,ORD034439,CUST01006,P019,Vacuum Cleaner,Home,Bengaluru,Online,Cash,2,8413.0,0.05,16826.0,15984.7,0,2042.51,2025,10,October,Friday,16826.0,15984.699999999999
2025-10-10,ORD026243,CUST00385,P016,Sofa,Furniture,Surat,Online,Credit Card,2,35883.99,0.15,71767.98,61002.78,0,6783.78,2025,10,October,Friday,71767.98,61002.782999999996
2025-10-10,ORD015274,CUST04126,P009,T-Shirt,Fashion,Ahmedabad,Online,Credit Card,2,1203.09,0.1,2406.18,2165.56,0,266.46,2025,10,October,Friday,2406.18,2165.562
2025-10-10,ORD011215,CUST02948,P008,Running Shoes,Fashion,Kolkata,Store,UPI,1,3825.93,0.05,3825.93,3634.63,0,739.3,2025,10,October,Friday,3825.93,3634.6334999999995
2025-10-10,ORD025130,CUST01912,P003,Headphones,Electronics,Pune,Store,Credit Card,1,4114.31,0.25,4114.31,3085.73,1,-154.29,2025,10,October,Friday,4114.31,3085.7325
2025-10-10,ORD048222,CUST00285,P010,Coffee Maker,Home,Jaipur,Store,UPI,1,5577.5,0.1,5577.5,5019.75,0,783.81,2025,10,October,Friday,5577.5,5019.75
2025-10-10,ORD035440,CUST03533,P007,Backpack,Accessories,Kolkata,Store,Credit Card,1,2299.26,0.05,2299.26,2184.3,0,398.87,2025,10,October,Friday,2299.26,2184.297
2025-10-10,ORD016323,CUST03368,P003,Headphones,Electronics,Chennai,Online,Debit Card,4,4076.7,0.15,16306.8,13860.78,0,3264.91,2025,10,October,Friday,16306.8,13860.779999999999
2025-10-10,ORD014376,CUST01953,P007,Backpack,Accessories,Mumbai,Online,Credit Card,2,2103.27,0.1,4206.54,3785.89,0,668.77,2025,10,October,Friday,4206.54,3785.886
2025-10-10,ORD031821,CUST01065,P007,Backpack,Accessories,Chennai,Online,Debit Card,4,2022.8,0.05,8091.2,7686.64,0,675.86,2025,10,October,Friday,8091.2,7686.639999999999
2025-10-10,ORD042273,CUST03656,P006,Desk,Furniture,Delhi,Online,Cash,1,12950.93,0.0,12950.93,12950.93,0,3726.86,2025,10,October,Friday,12950.93,12950.93
2025-10-10,ORD024386,CUST00643,P002,Smartphone,Electronics,Bengaluru,Store,Credit Card,1,28323.45,0.05,28323.45,26907.28,0,2229.51,2025,10,October,Friday,28323.45,26907.2775
2025-10-10,ORD022264,CUST01480,P015,Dining Table,Furniture,Mumbai,Online,Cash,5,21166.57,0.05,105832.85,100541.21,0,27314.4,2025,10,October,Friday,105832.85,100541.2075
2025-10-10,ORD007242,CUST04935,P001,Laptop,Electronics,Kolkata,Store,UPI,1,71097.18,0.15,71097.18,60432.6,0,13484.97,2025,10,October,Friday,71097.18,60432.602999999996
2025-10-11,ORD033261,CUST03075,P004,Smartwatch,Electronics,Bengaluru,Online,UPI,1,7660.03,0.05,7660.03,7277.03,0,1874.07,2025,10,October,Saturday,7660.03,7277.028499999999
2025-10-11,ORD026690,CUST00912,P013,Monitor,Electronics,Hyderabad,Store,UPI,1,19778.47,0.2,19778.47,15822.78,0,3192.81,2025,10,October,Saturday,19778.47,15822.776000000002
2025-10-11,ORD040687,CUST00563,P004,Smartwatch,Electronics,Kolkata,Store,Credit Card,5,6523.47,0.15,32617.35,27724.75,0,6637.86,2025,10,October,Saturday,32617.350000000002,27724.747499999998
2025-10-11,ORD023801,CUST01293,P005,Office Chair,Furniture,Pune,Store,Debit Card,1,10018.23,0.1,10018.23,9016.41,0,1722.57,2025,10,October,Saturday,10018.23,9016.407
2025-10-11,ORD027993,CUST03869,P001,Laptop,Electronics,Chennai,Store,Credit Card,3,61069.99,0.15,183209.97,155728.47,0,38906.53,2025,10,October,Saturday,183209.97,155728.4745
2025-10-11,ORD044091,CUST03514,P004,Smartwatch,Electronics,Mumbai,Store,Net Banking,2,7215.99,0.25,14431.98,10823.98,0,2583.88,2025,10,October,Saturday,14431.98,10823.985
2025-10-11,ORD036285,CUST04662,P012,Air Fryer,Home,Bengaluru,Online,Debit Card,2,6614.53,0.0,13229.06,13229.06,0,2866.97,2025,10,October,Saturday,13229.06,13229.06
2025-10-11,ORD029390,CUST03636,P018,Jacket,Fashion,Jaipur,Online,UPI,1,5639.29,0.1,5639.29,5075.36,0,466.79,2025,10,October,Saturday,5639.29,5075.361
2025-10-11,ORD045363,CUST01819,P014,Keyboard,Electronics,Delhi,Online,Net Banking,1,2390.44,0.0,2390.44,2390.44,0,532.71,2025,10,October,Saturday,2390.44,2390.44
2025-10-11,ORD013216,CUST00150,P002,Smartphone,Electronics,Chennai,Store,UPI,1,26237.9,0.2,26237.9,20990.32,0,2038.79,2025,10,October,Saturday,26237.9,20990.320000000003
2025-10-11,ORD045774,CUST02706,P008,Running Shoes,Fashion,Mumbai,Online,Credit Card,1,4089.26,0.15,4089.26,3475.87,0,653.52,2025,10,October,Saturday,4089.26,3475.871
2025-10-11,ORD033947,CUST03310,P011,Mixer Grinder,Home,Hyderabad,Store,UPI,4,4633.71,0.2,18534.84,14827.87,0,2266.25,2025,10,October,Saturday,18534.84,14827.872000000001
2025-10-11,ORD003635,CUST04657,P007,Backpack,Accessories,Jaipur,Online,Credit Card,1,2273.25,0.25,2273.25,1704.94,0,425.89,2025,10,October,Saturday,2273.25,1704.9375
2025-10-11,ORD045756,CUST04157,P009,T-Shirt,Fashion,Mumbai,Online,Debit Card,1,1085.25,0.1,1085.25,976.72,0,262.93,2025,10,October,Saturday,1085.25,976.725
2025-10-11,ORD023731,CUST03999,P001,Laptop,Electronics,Kolkata,Online,UPI,4,63762.69,0.05,255050.76,242298.22,1,-12114.91,2025,10,October,Saturday,255050.76,242298.222
2025-10-11,ORD024930,CUST00053,P017,Jeans,Fashion,Chennai,Online,UPI,2,2834.63,0.0,5669.26,5669.26,0,1047.7,2025,10,October,Saturday,5669.26,5669.26
2025-10-11,ORD049057,CUST01283,P009,T-Shirt,Fashion,Kolkata,Store,Credit Card,2,1155.56,0.15,2311.12,1964.45,1,-98.22,2025,10,October,Saturday,2311.12,1964.4519999999998
2025-10-11,ORD009497,CUST04862,P015,Dining Table,Furniture,Pune,Online,UPI,1,22576.88,0.2,22576.88,18061.5,0,3969.9,2025,10,October,Saturday,22576.88,18061.504
2025-10-11,ORD002871,CUST00319,P019,Vacuum Cleaner,Home,Bengaluru,Online,UPI,2,8367.09,0.0,16734.18,16734.18,0,1456.95,2025,10,October,Saturday,16734.18,16734.18
2025-10-11,ORD028607,CUST03392,P017,Jeans,Fashion,Bengaluru,Store,Cash,1,2845.55,0.05,2845.55,2703.27,0,199.18,2025,10,October,Saturday,2845.55,2703.2725
2025-10-11,ORD038192,CUST03653,P003,Headphones,Electronics,Pune,Online,Debit Card,1,4779.33,0.1,4779.33,4301.4,1,-215.07,2025,10,October,Saturday,4779.33,4301.397
2025-10-11,ORD004380,CUST00609,P005,Office Chair,Furniture,Pune,Store,Credit Card,5,9508.33,0.0,47541.65,47541.65,0,8339.01,2025,10,October,Saturday,47541.65,47541.65
2025-10-11,ORD015755,CUST04378,P013,Monitor,Electronics,Pune,Online,UPI,1,16265.3,0.05,16265.3,15452.03,0,3079.35,2025,10,October,Saturday,16265.3,15452.034999999998
2025-10-11,ORD022651,CUST04898,P007,Backpack,Accessories,Hyderabad,Online,UPI,2,2120.41,0.15,4240.82,3604.7,0,720.42,2025,10,October,Saturday,4240.82,3604.6969999999997
2025-10-11,ORD008827,CUST00624,P015,Dining Table,Furniture,Mumbai,Online,UPI,2,22875.14,0.1,45750.28,41175.25,0,9544.7,2025,10,October,Saturday,45750.28,41175.252
2025-10-11,ORD004855,CUST04400,P005,Office Chair,Furniture,Delhi,Store,Credit Card,4,9467.37,0.1,37869.48,34082.53,0,2580.61,2025,10,October,Saturday,37869.48,34082.53200000001
2025-10-11,ORD020524,CUST01629,P017,Jeans,Fashion,Surat,Online,Credit Card,2,2853.5,0.0,5707.0,5707.0,0,1636.34,2025,10,October,Saturday,5707.0,5707.0
2025-10-11,ORD017258,CUST01971,P012,Air Fryer,Home,Delhi,Online,Credit Card,3,6511.75,0.15,19535.25,16604.96,1,-830.25,2025,10,October,Saturday,19535.25,16604.962499999998
2025-10-11,ORD019175,CUST00082,P005,Office Chair,Furniture,Bengaluru,Online,UPI,1,9520.7,0.1,9520.7,8568.63,0,725.87,2025,10,October,Saturday,9520.7,8568.630000000001
2025-10-11,ORD001768,CUST00648,P009,T-Shirt,Fashion,Surat,Online,Credit Card,2,1091.74,0.0,2183.48,2183.48,0,584.76,2025,10,October,Saturday,2183.48,2183.48
2025-10-11,ORD042593,CUST04891,P010,Coffee Maker,Home,Chennai,Store,UPI,1,5999.02,0.05,5999.02,5699.07,0,1007.0,2025,10,October,Saturday,5999.02,5699.069
2025-10-11,ORD007935,CUST00589,P003,Headphones,Electronics,Mumbai,Online,Debit Card,1,4569.48,0.15,4569.48,3884.06,0,202.87,2025,10,October,Saturday,4569.48,3884.0579999999995
2025-10-11,ORD007035,CUST02821,P010,Coffee Maker,Home,Hyderabad,Store,Credit Card,1,5254.09,0.1,5254.09,4728.68,0,1022.03,2025,10,October,Saturday,5254.09,4728.6810000000005
2025-10-11,ORD036255,CUST01867,P013,Monitor,Electronics,Hyderabad,Store,Cash,1,17483.86,0.05,17483.86,16609.67,0,2069.06,2025,10,October,Saturday,17483.86,16609.667
2025-10-11,ORD011038,CUST04426,P004,Smartwatch,Electronics,Pune,Online,Credit Card,1,7047.74,0.1,7047.74,6342.97,0,941.34,2025,10,October,Saturday,7047.74,6342.966
2025-10-11,ORD009288,CUST01583,P013,Monitor,Electronics,Bengaluru,Online,Credit Card,1,17303.04,0.1,17303.04,15572.74,0,2505.86,2025,10,October,Saturday,17303.04,15572.736
2025-10-11,ORD003272,CUST00391,P005,Office Chair,Furniture,Mumbai,Online,UPI,1,8756.69,0.1,8756.69,7881.02,0,640.94,2025,10,October,Saturday,8756.69,7881.021000000001
2025-10-11,ORD043488,CUST03817,P006,Desk,Furniture,Ahmedabad,Online,Debit Card,1,12265.72,0.2,12265.72,9812.58,0,1743.54,2025,10,October,Saturday,12265.72,9812.576
2025-10-11,ORD036705,CUST03210,P019,Vacuum Cleaner,Home,Kolkata,Online,Credit Card,1,8907.53,0.2,8907.53,7126.02,0,1275.0,2025,10,October,Saturday,8907.53,7126.024000000001
2025-10-11,ORD044911,CUST01167,P011,Mixer Grinder,Home,Surat,Online,Debit Card,2,4913.83,0.1,9827.66,8844.89,0,1317.07,2025,10,October,Saturday,9827.66,8844.894
2025-10-11,ORD010398,CUST01161,P019,Vacuum Cleaner,Home,Delhi,Online,UPI,1,9488.73,0.15,9488.73,8065.42,0,1575.66,2025,10,October,Saturday,9488.73,8065.420499999999
2025-10-11,ORD036909,CUST03263,P005,Office Chair,Furniture,Ahmedabad,Online,Credit Card,1,9975.11,0.15,9975.11,8478.84,0,983.97,2025,10,October,Saturday,9975.11,8478.8435
2025-10-11,ORD003761,CUST02013,P011,Mixer Grinder,Home,Jaipur,Online,UPI,1,4833.68,0.05,4833.68,4592.0,0,499.68,2025,10,October,Saturday,4833.68,4591.996
2025-10-11,ORD015667,CUST02633,P004,Smartwatch,Electronics,Ahmedabad,Online,Debit Card,2,6778.51,0.05,13557.02,12879.17,0,1404.74,2025,10,October,Saturday,13557.02,12879.169
2025-10-11,ORD014797,CUST04353,P002,Smartphone,Electronics,Jaipur,Store,Credit Card,1,27986.21,0.05,27986.21,26586.9,0,6630.1,2025,10,October,Saturday,27986.21,26586.8995
2025-10-11,ORD016448,CUST01180,P009,T-Shirt,Fashion,Mumbai,Online,UPI,1,1162.07,0.0,1162.07,1162.07,0,159.11,2025,10,October,Saturday,1162.07,1162.07
2025-10-11,ORD014443,CUST02068,P011,Mixer Grinder,Home,Ahmedabad,Store,Net Banking,1,4506.53,0.15,4506.53,3830.55,0,386.72,2025,10,October,Saturday,4506.53,3830.5505
2025-10-11,ORD046650,CUST01498,P002,Smartphone,Electronics,Chennai,Store,Cash,2,28211.84,0.0,56423.68,56423.68,0,14347.95,2025,10,October,Saturday,56423.68,56423.68
2025-10-11,ORD031925,CUST04783,P013,Monitor,Electronics,Bengaluru,Store,UPI,2,17825.71,0.0,35651.42,35651.42,0,9391.72,2025,10,October,Saturday,35651.42,35651.42
2025-10-11,ORD032507,CUST04509,P008,Running Shoes,Fashion,Hyderabad,Store,UPI,1,4346.17,0.1,4346.17,3911.55,0,748.5,2025,10,October,Saturday,4346.17,3911.5530000000003
2025-10-11,ORD019086,CUST04614,P012,Air Fryer,Home,Hyderabad,Store,Credit Card,2,6579.68,0.15,13159.36,11185.46,0,1825.77,2025,10,October,Saturday,13159.36,11185.456
2025-10-11,ORD033896,CUST02586,P013,Monitor,Electronics,Hyderabad,Store,Credit Card,2,16960.22,0.0,33920.44,33920.44,0,9742.17,2025,10,October,Saturday,33920.44,33920.44
2025-10-11,ORD017729,CUST03452,P014,Keyboard,Electronics,Jaipur,Online,UPI,2,2442.7,0.05,4885.4,4641.13,0,672.53,2025,10,October,Saturday,4885.4,4641.129999999999
2025-10-11,ORD009001,CUST01739,P009,T-Shirt,Fashion,Pune,Store,Cash,2,1248.22,0.05,2496.44,2371.62,0,174.23,2025,10,October,Saturday,2496.44,2371.618
2025-10-11,ORD030967,CUST00886,P008,Running Shoes,Fashion,Kolkata,Online,UPI,3,4232.22,0.1,12696.66,11426.99,0,2450.29,2025,10,October,Saturday,12696.66,11426.994
2025-10-11,ORD000546,CUST04778,P015,Dining Table,Furniture,Bengaluru,Online,UPI,1,20175.18,0.15,20175.18,17148.9,0,2740.75,2025,10,October,Saturday,20175.18,17148.903
2025-10-11,ORD036495,CUST01694,P002,Smartphone,Electronics,Hyderabad,Store,UPI,2,28419.22,0.0,56838.44,56838.44,0,13990.57,2025,10,October,Saturday,56838.44,56838.44
2025-10-11,ORD013480,CUST03894,P014,Keyboard,Electronics,Hyderabad,Online,Debit Card,3,2265.46,0.1,6796.38,6116.74,0,1337.68,2025,10,October,Saturday,6796.38,6116.742
2025-10-11,ORD015885,CUST01686,P020,Microwave,Home,Delhi,Online,UPI,2,10065.79,0.1,20131.58,18118.42,0,4007.54,2025,10,October,Saturday,20131.58,18118.422000000002
2025-10-11,ORD004578,CUST04720,P010,Coffee Maker,Home,Jaipur,Store,UPI,2,5632.97,0.1,11265.94,10139.35,0,2643.62,2025,10,October,Saturday,11265.94,10139.346000000001
2025-10-11,ORD013996,CUST02807,P006,Desk,Furniture,Hyderabad,Online,Credit Card,2,10985.61,0.0,21971.22,21971.22,0,3245.17,2025,10,October,Saturday,21971.22,21971.22
2025-10-11,ORD045474,CUST00266,P017,Jeans,Fashion,Pune,Store,Net Banking,1,2746.31,0.0,2746.31,2746.31,0,510.07,2025,10,October,Saturday,2746.31,2746.31
2025-10-11,ORD040606,CUST04023,P003,Headphones,Electronics,Hyderabad,Store,Credit Card,2,4212.08,0.1,8424.16,7581.74,0,1484.79,2025,10,October,Saturday,8424.16,7581.744
2025-10-11,ORD026497,CUST01252,P017,Jeans,Fashion,Delhi,Store,Credit Card,1,2902.29,0.15,2902.29,2466.95,0,620.56,2025,10,October,Saturday,2902.29,2466.9465
2025-10-11,ORD043790,CUST01699,P016,Sofa,Furniture,Surat,Store,UPI,1,31851.32,0.15,31851.32,27073.62,0,4166.65,2025,10,October,Saturday,31851.32,27073.622
2025-10-11,ORD048515,CUST02633,P009,T-Shirt,Fashion,Hyderabad,Online,Debit Card,1,1166.9,0.2,1166.9,933.52,0,43.95,2025,10,October,Saturday,1166.9,933.5200000000001
2025-10-11,ORD031867,CUST03020,P019,Vacuum Cleaner,Home,Surat,Online,Cash,2,8122.12,0.0,16244.24,16244.24,0,4735.77,2025,10,October,Saturday,16244.24,16244.24
2025-10-11,ORD033983,CUST03624,P015,Dining Table,Furniture,Kolkata,Store,UPI,1,21559.98,0.0,21559.98,21559.98,0,3595.94,2025,10,October,Saturday,21559.98,21559.98
2025-10-11,ORD016317,CUST02598,P003,Headphones,Electronics,Delhi,Online,Net Banking,1,4120.29,0.0,4120.29,4120.29,0,492.79,2025,10,October,Saturday,4120.29,4120.29
2025-10-11,ORD001271,CUST03273,P010,Coffee Maker,Home,Surat,Online,UPI,2,5929.12,0.15,11858.24,10079.5,0,2649.72,2025,10,October,Saturday,11858.24,10079.503999999999
2025-10-11,ORD012542,CUST03164,P013,Monitor,Electronics,Bengaluru,Online,Debit Card,1,17013.45,0.0,17013.45,17013.45,0,2097.15,2025,10,October,Saturday,17013.45,17013.45
2025-10-11,ORD041369,CUST00264,P014,Keyboard,Electronics,Pune,Store,Credit Card,1,2402.09,0.05,2402.09,2281.99,0,403.3,2025,10,October,Saturday,2402.09,2281.9855000000002
2025-10-11,ORD047083,CUST01585,P020,Microwave,Home,Chennai,Store,UPI,5,11118.58,0.05,55592.9,52813.26,0,13166.76,2025,10,October,Saturday,55592.9,52813.255
2025-10-11,ORD037393,CUST03074,P001,Laptop,Electronics,Kolkata,Store,UPI,1,67500.94,0.0,67500.94,67500.94,0,16631.25,2025,10,October,Saturday,67500.94,67500.94
2025-10-11,ORD010598,CUST00918,P011,Mixer Grinder,Home,Delhi,Online,UPI,1,4884.26,0.05,4884.26,4640.05,0,665.4,2025,10,October,Saturday,4884.26,4640.047
2025-10-12,ORD019276,CUST04516,P004,Smartwatch,Electronics,Chennai,Online,Credit Card,5,6776.11,0.2,33880.55,27104.44,0,2407.16,2025,10,October,Sunday,33880.549999999996,27104.440000000002
2025-10-12,ORD010156,CUST03850,P017,Jeans,Fashion,Jaipur,Store,UPI,1,2615.12,0.15,2615.12,2222.85,0,531.23,2025,10,October,Sunday,2615.12,2222.852
2025-10-12,ORD008106,CUST00697,P003,Headphones,Electronics,Bengaluru,Online,UPI,1,4532.35,0.15,4532.35,3852.5,0,694.71,2025,10,October,Sunday,4532.35,3852.4975000000004
2025-10-12,ORD040064,CUST04525,P019,Vacuum Cleaner,Home,Kolkata,Online,UPI,4,8834.77,0.15,35339.08,30038.22,1,-1501.91,2025,10,October,Sunday,35339.08,30038.218
2025-10-12,ORD008983,CUST02719,P018,Jacket,Fashion,Jaipur,Online,Credit Card,1,5033.19,0.1,5033.19,4529.87,0,856.73,2025,10,October,Sunday,5033.19,4529.871
2025-10-12,ORD006830,CUST04077,P006,Desk,Furniture,Kolkata,Store,Credit Card,1,11325.3,0.1,11325.3,10192.77,0,1107.77,2025,10,October,Sunday,11325.3,10192.77
2025-10-12,ORD022201,CUST04821,P009,T-Shirt,Fashion,Delhi,Online,UPI,1,1091.63,0.0,1091.63,1091.63,0,287.14,2025,10,October,Sunday,1091.63,1091.63
2025-10-12,ORD048173,CUST04964,P003,Headphones,Electronics,Bengaluru,Store,UPI,1,4896.78,0.05,4896.78,4651.94,0,534.53,2025,10,October,Sunday,4896.78,4651.941
2025-10-12,ORD024448,CUST01488,P007,Backpack,Accessories,Mumbai,Store,UPI,2,2166.17,0.0,4332.34,4332.34,0,630.3,2025,10,October,Sunday,4332.34,4332.34
2025-10-12,ORD025713,CUST04786,P017,Jeans,Fashion,Bengaluru,Store,UPI,2,2722.49,0.25,5444.98,4083.73,0,962.48,2025,10,October,Sunday,5444.98,4083.7349999999997
2025-10-12,ORD031974,CUST00520,P005,Office Chair,Furniture,Kolkata,Online,Debit Card,1,9312.29,0.05,9312.29,8846.68,0,1862.5,2025,10,October,Sunday,9312.29,8846.675500000001
2025-10-12,ORD020549,CUST04029,P012,Air Fryer,Home,Kolkata,Store,Credit Card,1,6857.76,0.1,6857.76,6171.98,0,1668.95,2025,10,October,Sunday,6857.76,6171.984
2025-10-12,ORD024788,CUST01807,P019,Vacuum Cleaner,Home,Bengaluru,Online,UPI,1,9354.08,0.15,9354.08,7950.97,1,-397.55,2025,10,October,Sunday,9354.08,7950.968
2025-10-12,ORD035822,CUST02479,P008,Running Shoes,Fashion,Pune,Online,Credit Card,2,4322.06,0.0,8644.12,8644.12,0,2457.92,2025,10,October,Sunday,8644.12,8644.12
2025-10-12,ORD037160,CUST01294,P016,Sofa,Furniture,Pune,Online,UPI,1,38368.84,0.0,38368.84,38368.84,0,5977.46,2025,10,October,Sunday,38368.84,38368.84
2025-10-12,ORD043555,CUST04095,P002,Smartphone,Electronics,Mumbai,Online,UPI,1,30759.66,0.05,30759.66,29221.68,0,6498.61,2025,10,October,Sunday,30759.66,29221.677
2025-10-12,ORD045456,CUST04630,P007,Backpack,Accessories,Kolkata,Online,Debit Card,1,2408.52,0.2,2408.52,1926.82,0,496.52,2025,10,October,Sunday,2408.52,1926.816
2025-10-12,ORD015302,CUST00909,P009,T-Shirt,Fashion,Hyderabad,Online,UPI,1,1138.22,0.0,1138.22,1138.22,0,174.95,2025,10,October,Sunday,1138.22,1138.22
2025-10-12,ORD000790,CUST00273,P003,Headphones,Electronics,Surat,Online,Credit Card,1,4867.59,0.1,4867.59,4380.83,0,957.03,2025,10,October,Sunday,4867.59,4380.831
2025-10-12,ORD027828,CUST03619,P007,Backpack,Accessories,Bengaluru,Online,UPI,1,2220.82,0.0,2220.82,2220.82,0,522.5,2025,10,October,Sunday,2220.82,2220.82
2025-10-12,ORD008096,CUST04645,P003,Headphones,Electronics,Pune,Online,UPI,1,4181.14,0.1,4181.14,3763.03,0,364.29,2025,10,October,Sunday,4181.14,3763.0260000000003
2025-10-12,ORD010992,CUST02724,P005,Office Chair,Furniture,Jaipur,Online,Credit Card,1,8672.92,0.0,8672.92,8672.92,0,2033.8,2025,10,October,Sunday,8672.92,8672.92
2025-10-12,ORD016546,CUST01931,P002,Smartphone,Electronics,Hyderabad,Online,Credit Card,1,26304.29,0.25,26304.29,19728.22,0,1926.65,2025,10,October,Sunday,26304.29,19728.2175
2025-10-12,ORD039511,CUST03607,P014,Keyboard,Electronics,Chennai,Store,Credit Card,1,2324.69,0.0,2324.69,2324.69,0,275.11,2025,10,October,Sunday,2324.69,2324.69
2025-10-12,ORD046830,CUST00028,P009,T-Shirt,Fashion,Hyderabad,Store,Credit Card,2,1205.05,0.0,2410.1,2410.1,0,262.82,2025,10,October,Sunday,2410.1,2410.1
2025-10-12,ORD039418,CUST00632,P005,Office Chair,Furniture,Mumbai,Online,UPI,2,9911.74,0.05,19823.48,18832.31,0,1506.23,2025,10,October,Sunday,19823.48,18832.306
2025-10-12,ORD032854,CUST01385,P006,Desk,Furniture,Bengaluru,Store,UPI,1,11793.28,0.05,11793.28,11203.62,0,3246.31,2025,10,October,Sunday,11793.28,11203.616
2025-10-12,ORD013731,CUST01346,P001,Laptop,Electronics,Bengaluru,Online,Debit Card,1,62454.89,0.15,62454.89,53086.66,0,8235.48,2025,10,October,Sunday,62454.89,53086.6565
2025-10-12,ORD003621,CUST03800,P003,Headphones,Electronics,Surat,Store,Credit Card,1,4716.38,0.1,4716.38,4244.74,0,448.06,2025,10,October,Sunday,4716.38,4244.742
2025-10-12,ORD020504,CUST00353,P002,Smartphone,Electronics,Chennai,Online,UPI,2,26143.07,0.0,52286.14,52286.14,0,5677.96,2025,10,October,Sunday,52286.14,52286.14
2025-10-12,ORD003815,CUST02936,P017,Jeans,Fashion,Kolkata,Store,Credit Card,1,2647.6,0.1,2647.6,2382.84,0,545.58,2025,10,October,Sunday,2647.6,2382.84
2025-10-12,ORD045505,CUST04436,P001,Laptop,Electronics,Kolkata,Online,UPI,1,69078.9,0.0,69078.9,69078.9,0,11266.85,2025,10,October,Sunday,69078.9,69078.9
2025-10-12,ORD023827,CUST02430,P013,Monitor,Electronics,Delhi,Online,Credit Card,2,17109.24,0.1,34218.48,30796.63,0,2096.43,2025,10,October,Sunday,34218.48,30796.632000000005
2025-10-12,ORD043523,CUST01570,P012,Air Fryer,Home,Hyderabad,Online,UPI,4,7759.43,0.1,31037.72,27933.95,0,4936.92,2025,10,October,Sunday,31037.72,27933.948
2025-10-12,ORD017608,CUST00965,P004,Smartwatch,Electronics,Pune,Store,UPI,1,7688.42,0.05,7688.42,7304.0,0,1798.84,2025,10,October,Sunday,7688.42,7303.999
2025-10-12,ORD016762,CUST03354,P009,T-Shirt,Fashion,Chennai,Store,Credit Card,3,1246.07,0.1,3738.21,3364.39,0,260.2,2025,10,October,Sunday,3738.21,3364.389
2025-10-12,ORD024477,CUST04708,P008,Running Shoes,Fashion,Hyderabad,Online,UPI,5,4244.97,0.05,21224.85,20163.61,0,3710.47,2025,10,October,Sunday,21224.850000000002,20163.6075
2025-10-12,ORD012965,CUST00865,P014,Keyboard,Electronics,Bengaluru,Online,Credit Card,1,2714.17,0.1,2714.17,2442.75,0,556.03,2025,10,October,Sunday,2714.17,2442.753
2025-10-12,ORD017593,CUST01626,P010,Coffee Maker,Home,Jaipur,Online,UPI,1,5943.94,0.05,5943.94,5646.74,0,739.14,2025,10,October,Sunday,5943.94,5646.7429999999995
2025-10-12,ORD030699,CUST04469,P019,Vacuum Cleaner,Home,Surat,Store,Credit Card,1,9286.53,0.05,9286.53,8822.2,0,2487.28,2025,10,October,Sunday,9286.53,8822.2035
2025-10-12,ORD031648,CUST03946,P018,Jacket,Fashion,Jaipur,Store,UPI,5,5142.71,0.2,25713.55,20570.84,0,1363.76,2025,10,October,Sunday,25713.55,20570.84
2025-10-12,ORD015845,CUST02311,P008,Running Shoes,Fashion,Ahmedabad,Online,UPI,5,4614.86,0.15,23074.3,19613.16,0,1207.98,2025,10,October,Sunday,23074.3,19613.155
2025-10-12,ORD048274,CUST03463,P014,Keyboard,Electronics,Ahmedabad,Online,UPI,2,2299.77,0.05,4599.54,4369.56,0,841.72,2025,10,October,Sunday,4599.54,4369.563
2025-10-12,ORD039340,CUST03203,P006,Desk,Furniture,Jaipur,Online,Cash,1,12918.07,0.2,12918.07,10334.46,0,1848.53,2025,10,October,Sunday,12918.07,10334.456
2025-10-12,ORD041067,CUST02268,P017,Jeans,Fashion,Jaipur,Store,Credit Card,1,2848.3,0.2,2848.3,2278.64,0,117.87,2025,10,October,Sunday,2848.3,2278.6400000000003
2025-10-12,ORD008191,CUST04021,P011,Mixer Grinder,Home,Bengaluru,Store,UPI,1,5100.18,0.15,5100.18,4335.15,0,671.35,2025,10,October,Sunday,5100.18,4335.153
2025-10-12,ORD035696,CUST01537,P001,Laptop,Electronics,Delhi,Online,Credit Card,1,59532.13,0.1,59532.13,53578.92,0,13520.81,2025,10,October,Sunday,59532.13,53578.917
2025-10-12,ORD042374,CUST00733,P011,Mixer Grinder,Home,Pune,Online,Credit Card,1,4612.18,0.0,4612.18,4612.18,0,865.62,2025,10,October,Sunday,4612.18,4612.18
2025-10-12,ORD020750,CUST04169,P008,Running Shoes,Fashion,Chennai,Store,Cash,5,3899.24,0.0,19496.2,19496.2,0,2933.69,2025,10,October,Sunday,19496.199999999997,19496.2
2025-10-12,ORD035897,CUST02027,P020,Microwave,Home,Mumbai,Online,Credit Card,1,10522.87,0.0,10522.87,10522.87,0,1079.82,2025,10,October,Sunday,10522.87,10522.87
2025-10-12,ORD001060,CUST02061,P007,Backpack,Accessories,Pune,Online,Debit Card,1,2312.88,0.15,2312.88,1965.95,0,255.82,2025,10,October,Sunday,2312.88,1965.948
2025-10-12,ORD001390,CUST00294,P004,Smartwatch,Electronics,Bengaluru,Online,UPI,1,6362.01,0.2,6362.01,5089.61,0,283.56,2025,10,October,Sunday,6362.01,5089.608
2025-10-12,ORD034674,CUST03398,P007,Backpack,Accessories,Hyderabad,Store,Credit Card,1,2276.71,0.15,2276.71,1935.2,0,334.69,2025,10,October,Sunday,2276.71,1935.2035
2025-10-12,ORD021218,CUST03434,P019,Vacuum Cleaner,Home,Surat,Store,Credit Card,2,9456.91,0.05,18913.82,17968.13,0,2902.78,2025,10,October,Sunday,18913.82,17968.128999999997
2025-10-12,ORD049755,CUST00165,P004,Smartwatch,Electronics,Chennai,Online,UPI,4,6367.07,0.1,25468.28,22921.45,0,4838.06,2025,10,October,Sunday,25468.28,22921.452
2025-10-12,ORD041886,CUST03506,P019,Vacuum Cleaner,Home,Jaipur,Store,Debit Card,3,8334.35,0.15,25003.05,21252.59,0,3315.43,2025,10,October,Sunday,25003.050000000003,21252.5925
2025-10-12,ORD034351,CUST02909,P011,Mixer Grinder,Home,Ahmedabad,Online,Debit Card,2,5154.84,0.05,10309.68,9794.2,0,1624.54,2025,10,October,Sunday,10309.68,9794.196
2025-10-12,ORD027923,CUST04231,P002,Smartphone,Electronics,Ahmedabad,Online,UPI,1,27110.83,0.25,27110.83,20333.12,0,3251.69,2025,10,October,Sunday,27110.83,20333.1225
2025-10-12,ORD040461,CUST03915,P018,Jacket,Fashion,Delhi,Online,UPI,1,5232.95,0.0,5232.95,5232.95,0,1415.09,2025,10,October,Sunday,5232.95,5232.95
2025-10-12,ORD024558,CUST01282,P007,Backpack,Accessories,Mumbai,Store,UPI,1,2146.48,0.05,2146.48,2039.16,0,249.05,2025,10,October,Sunday,2146.48,2039.156
2025-10-12,ORD019010,CUST01784,P011,Mixer Grinder,Home,Mumbai,Store,UPI,1,4666.39,0.1,4666.39,4199.75,0,868.58,2025,10,October,Sunday,4666.39,4199.751
2025-10-12,ORD007579,CUST04980,P007,Backpack,Accessories,Bengaluru,Online,Credit Card,2,2416.62,0.1,4833.24,4349.92,0,469.79,2025,10,October,Sunday,4833.24,4349.916
2025-10-12,ORD003110,CUST02693,P019,Vacuum Cleaner,Home,Surat,Store,UPI,5,8355.81,0.0,41779.05,41779.05,0,7767.07,2025,10,October,Sunday,41779.049999999996,41779.05
2025-10-12,ORD006630,CUST03736,P007,Backpack,Accessories,Chennai,Online,Debit Card,1,2269.74,0.1,2269.74,2042.77,0,384.79,2025,10,October,Sunday,2269.74,2042.7659999999998
2025-10-12,ORD038533,CUST00621,P005,Office Chair,Furniture,Mumbai,Online,UPI,1,9418.4,0.0,9418.4,9418.4,0,1075.96,2025,10,October,Sunday,9418.4,9418.4
2025-10-12,ORD005131,CUST04812,P009,T-Shirt,Fashion,Kolkata,Online,Credit Card,4,1299.48,0.05,5197.92,4938.02,0,794.47,2025,10,October,Sunday,5197.92,4938.023999999999
2025-10-12,ORD008688,CUST01630,P006,Desk,Furniture,Bengaluru,Online,Credit Card,1,10974.1,0.05,10974.1,10425.4,1,-521.27,2025,10,October,Sunday,10974.1,10425.395
2025-10-12,ORD021256,CUST02097,P009,T-Shirt,Fashion,Chennai,Online,Credit Card,2,1308.92,0.0,2617.84,2617.84,0,637.04,2025,10,October,Sunday,2617.84,2617.84
2025-10-12,ORD038583,CUST01500,P010,Coffee Maker,Home,Ahmedabad,Online,Debit Card,1,5562.93,0.05,5562.93,5284.78,0,526.25,2025,10,October,Sunday,5562.93,5284.7835000000005
2025-10-12,ORD042667,CUST03611,P007,Backpack,Accessories,Delhi,Store,UPI,2,2222.64,0.05,4445.28,4223.02,0,722.14,2025,10,October,Sunday,4445.28,4223.016
2025-10-12,ORD024264,CUST04003,P020,Microwave,Home,Kolkata,Online,Credit Card,1,11777.18,0.1,11777.18,10599.46,0,879.56,2025,10,October,Sunday,11777.18,10599.462000000001
2025-10-12,ORD013868,CUST04627,P020,Microwave,Home,Kolkata,Online,Credit Card,2,11537.65,0.0,23075.3,23075.3,0,5705.15,2025,10,October,Sunday,23075.3,23075.3
2025-10-12,ORD042815,CUST04074,P013,Monitor,Electronics,Chennai,Store,Debit Card,1,18267.92,0.2,18267.92,14614.34,0,2954.47,2025,10,October,Sunday,18267.92,14614.336
2025-10-12,ORD005184,CUST03429,P015,Dining Table,Furniture,Mumbai,Online,Net Banking,2,20646.5,0.15,41293.0,35099.05,0,4952.92,2025,10,October,Sunday,41293.0,35099.049999999996
2025-10-12,ORD013951,CUST00426,P005,Office Chair,Furniture,Kolkata,Online,Debit Card,1,9399.18,0.2,9399.18,7519.34,0,802.83,2025,10,October,Sunday,9399.18,7519.344000000001
2025-10-12,ORD021544,CUST01120,P001,Laptop,Electronics,Delhi,Store,Credit Card,1,67946.59,0.1,67946.59,61151.93,0,11415.26,2025,10,October,Sunday,67946.59,61151.931
2025-10-12,ORD033990,CUST02515,P019,Vacuum Cleaner,Home,Surat,Store,UPI,5,8751.71,0.0,43758.55,43758.55,0,7785.4,2025,10,October,Sunday,43758.549999999996,43758.55
2025-10-12,ORD021515,CUST04332,P005,Office Chair,Furniture,Bengaluru,Store,Debit Card,1,10046.27,0.0,10046.27,10046.27,0,1974.23,2025,10,October,Sunday,10046.27,10046.27
2025-10-12,ORD034843,CUST02407,P019,Vacuum Cleaner,Home,Chennai,Online,UPI,2,8884.32,0.15,17768.64,15103.34,0,3964.51,2025,10,October,Sunday,17768.64,15103.344
2025-10-12,ORD029173,CUST04489,P006,Desk,Furniture,Jaipur,Online,Debit Card,1,11913.4,0.05,11913.4,11317.73,0,1922.31,2025,10,October,Sunday,11913.4,11317.73
2025-10-12,ORD031745,CUST00008,P004,Smartwatch,Electronics,Ahmedabad,Store,Credit Card,2,7292.16,0.15,14584.32,12396.67,1,-619.83,2025,10,October,Sunday,14584.32,12396.671999999999
2025-10-12,ORD026079,CUST03262,P017,Jeans,Fashion,Pune,Online,Credit Card,1,2628.06,0.1,2628.06,2365.25,1,-118.26,2025,10,October,Sunday,2628.06,2365.254
2025-10-12,ORD027107,CUST04930,P008,Running Shoes,Fashion,Jaipur,Online,UPI,2,4221.1,0.1,8442.2,7597.98,0,1903.69,2025,10,October,Sunday,8442.2,7597.9800000000005
2025-10-12,ORD046152,CUST02284,P004,Smartwatch,Electronics,Jaipur,Online,UPI,1,6878.44,0.2,6878.44,5502.75,0,772.17,2025,10,October,Sunday,6878.44,5502.752
2025-10-12,ORD038863,CUST02655,P014,Keyboard,Electronics,Surat,Store,Credit Card,1,2467.29,0.1,2467.29,2220.56,0,134.15,2025,10,October,Sunday,2467.29,2220.561
2025-10-12,ORD027179,CUST00486,P006,Desk,Furniture,Mumbai,Online,Credit Card,5,12386.45,0.2,61932.25,49545.8,0,9038.15,2025,10,October,Sunday,61932.25,49545.8
2025-10-12,ORD040344,CUST02151,P016,Sofa,Furniture,Pune,Online,Credit Card,1,33367.99,0.0,33367.99,33367.99,0,9741.1,2025,10,October,Sunday,33367.99,33367.99
2025-10-12,ORD013561,CUST01165,P011,Mixer Grinder,Home,Delhi,Online,Credit Card,3,4463.38,0.0,13390.14,13390.14,0,1629.9,2025,10,October,Sunday,13390.14,13390.14
2025-10-12,ORD031746,CUST04106,P010,Coffee Maker,Home,Chennai,Online,Credit Card,1,5492.8,0.05,5492.8,5218.16,0,546.84,2025,10,October,Sunday,5492.8,5218.16
2025-10-12,ORD029179,CUST01358,P001,Laptop,Electronics,Mumbai,Store,UPI,1,65841.57,0.15,65841.57,55965.33,0,12088.99,2025,10,October,Sunday,65841.57,55965.334500000004
2025-10-12,ORD019665,CUST01935,P015,Dining Table,Furniture,Chennai,Store,Credit Card,2,22925.01,0.1,45850.02,41265.02,1,-2063.25,2025,10,October,Sunday,45850.02,41265.018
2025-10-13,ORD047020,CUST01251,P007,Backpack,Accessories,Ahmedabad,Store,UPI,1,2410.29,0.0,2410.29,2410.29,1,-120.51,2025,10,October,Monday,2410.29,2410.29
2025-10-13,ORD037708,CUST01333,P006,Desk,Furniture,Delhi,Online,Credit Card,1,12171.73,0.0,12171.73,12171.73,0,3368.37,2025,10,October,Monday,12171.73,12171.73
2025-10-13,ORD004523,CUST02787,P020,Microwave,Home,Kolkata,Store,Credit Card,1,11461.57,0.05,11461.57,10888.49,0,2416.95,2025,10,October,Monday,11461.57,10888.4915
2025-10-13,ORD011708,CUST01168,P016,Sofa,Furniture,Jaipur,Store,UPI,1,31758.29,0.1,31758.29,28582.46,0,1876.68,2025,10,October,Monday,31758.29,28582.461000000003
2025-10-13,ORD032980,CUST03380,P015,Dining Table,Furniture,Pune,Online,Cash,1,22946.26,0.05,22946.26,21798.95,0,3793.42,2025,10,October,Monday,22946.26,21798.946999999996
2025-10-13,ORD031091,CUST04131,P006,Desk,Furniture,Bengaluru,Online,UPI,2,13059.24,0.05,26118.48,24812.56,0,5179.07,2025,10,October,Monday,26118.48,24812.555999999997
2025-10-13,ORD048402,CUST00826,P018,Jacket,Fashion,Kolkata,Online,Credit Card,1,5233.3,0.05,5233.3,4971.64,0,561.71,2025,10,October,Monday,5233.3,4971.635
2025-10-13,ORD045565,CUST04275,P015,Dining Table,Furniture,Pune,Store,UPI,2,23653.52,0.05,47307.04,44941.69,0,5024.42,2025,10,October,Monday,47307.04,44941.688
2025-10-13,ORD048652,CUST03900,P006,Desk,Furniture,Pune,Online,UPI,3,12883.93,0.05,38651.79,36719.2,0,7479.71,2025,10,October,Monday,38651.79,36719.2005
2025-10-13,ORD030731,CUST04975,P004,Smartwatch,Electronics,Delhi,Online,Credit Card,1,6505.73,0.1,6505.73,5855.16,0,553.46,2025,10,October,Monday,6505.73,5855.157
2025-10-13,ORD008973,CUST04725,P013,Monitor,Electronics,Delhi,Store,UPI,1,16661.15,0.0,16661.15,16661.15,0,4354.79,2025,10,October,Monday,16661.15,16661.15
2025-10-13,ORD042468,CUST04650,P014,Keyboard,Electronics,Surat,Online,UPI,2,2256.53,0.05,4513.06,4287.41,1,-214.37,2025,10,October,Monday,4513.06,4287.407
2025-10-13,ORD044347,CUST02937,P012,Air Fryer,Home,Pune,Online,Credit Card,1,6729.86,0.0,6729.86,6729.86,0,1801.43,2025,10,October,Monday,6729.86,6729.86
2025-10-13,ORD004172,CUST01044,P015,Dining Table,Furniture,Surat,Online,Credit Card,1,22581.71,0.05,22581.71,21452.62,0,5865.43,2025,10,October,Monday,22581.71,21452.624499999998
2025-10-13,ORD003583,CUST03087,P009,T-Shirt,Fashion,Pune,Store,Debit Card,1,1280.27,0.1,1280.27,1152.24,1,-57.61,2025,10,October,Monday,1280.27,1152.243
2025-10-13,ORD045903,CUST04146,P009,T-Shirt,Fashion,Bengaluru,Store,Debit Card,3,1115.73,0.1,3347.19,3012.47,0,745.3,2025,10,October,Monday,3347.19,3012.471
2025-10-13,ORD024283,CUST02686,P015,Dining Table,Furniture,Surat,Online,UPI,2,22713.33,0.15,45426.66,38612.66,0,10380.32,2025,10,October,Monday,45426.66,38612.661
2025-10-13,ORD027599,CUST00787,P019,Vacuum Cleaner,Home,Hyderabad,Online,UPI,2,9815.16,0.2,19630.32,15704.26,0,2494.22,2025,10,October,Monday,19630.32,15704.256000000001
2025-10-13,ORD008605,CUST00521,P020,Microwave,Home,Jaipur,Online,UPI,1,11189.44,0.2,11189.44,8951.55,0,2326.92,2025,10,October,Monday,11189.44,8951.552000000001
2025-10-13,ORD026488,CUST01874,P012,Air Fryer,Home,Hyderabad,Online,UPI,1,7726.8,0.1,7726.8,6954.12,0,1836.15,2025,10,October,Monday,7726.8,6954.12
2025-10-13,ORD030767,CUST01032,P012,Air Fryer,Home,Surat,Online,UPI,2,7591.05,0.0,15182.1,15182.1,0,2233.8,2025,10,October,Monday,15182.1,15182.1
2025-10-13,ORD011730,CUST04665,P014,Keyboard,Electronics,Bengaluru,Online,UPI,2,2564.51,0.1,5129.02,4616.12,0,1203.23,2025,10,October,Monday,5129.02,4616.118
2025-10-13,ORD025516,CUST01762,P009,T-Shirt,Fashion,Bengaluru,Store,Credit Card,1,1302.81,0.1,1302.81,1172.53,0,278.21,2025,10,October,Monday,1302.81,1172.529
2025-10-13,ORD044824,CUST02327,P009,T-Shirt,Fashion,Hyderabad,Online,Credit Card,3,1093.55,0.1,3280.65,2952.58,0,280.73,2025,10,October,Monday,3280.6499999999996,2952.585
2025-10-13,ORD016689,CUST04324,P002,Smartphone,Electronics,Bengaluru,Online,UPI,1,28270.36,0.0,28270.36,28270.36,0,2570.81,2025,10,October,Monday,28270.36,28270.36
2025-10-13,ORD029825,CUST01326,P007,Backpack,Accessories,Mumbai,Online,UPI,5,2114.11,0.25,10570.55,7927.91,0,1452.31,2025,10,October,Monday,10570.550000000001,7927.912499999999
2025-10-13,ORD007440,CUST04708,P016,Sofa,Furniture,Hyderabad,Store,UPI,2,33510.83,0.1,67021.66,60319.49,0,10937.08,2025,10,October,Monday,67021.66,60319.494000000006
2025-10-13,ORD005033,CUST04929,P007,Backpack,Accessories,Kolkata,Online,Credit Card,1,2054.97,0.1,2054.97,1849.47,0,488.32,2025,10,October,Monday,2054.97,1849.473
2025-10-13,ORD027980,CUST00389,P005,Office Chair,Furniture,Ahmedabad,Online,Net Banking,3,9834.11,0.0,29502.33,29502.33,0,2422.96,2025,10,October,Monday,29502.33,29502.33
2025-10-13,ORD045119,CUST01316,P013,Monitor,Electronics,Chennai,Online,UPI,1,17699.3,0.1,17699.3,15929.37,0,1813.51,2025,10,October,Monday,17699.3,15929.369999999999
2025-10-13,ORD010697,CUST00866,P006,Desk,Furniture,Ahmedabad,Online,Credit Card,1,11102.29,0.2,11102.29,8881.83,0,1474.59,2025,10,October,Monday,11102.29,8881.832
2025-10-13,ORD025743,CUST04130,P003,Headphones,Electronics,Bengaluru,Online,UPI,1,4924.31,0.1,4924.31,4431.88,0,315.08,2025,10,October,Monday,4924.31,4431.879000000001
2025-10-13,ORD020545,CUST04666,P019,Vacuum Cleaner,Home,Bengaluru,Online,Credit Card,3,8845.24,0.15,26535.72,22555.36,0,4200.19,2025,10,October,Monday,26535.72,22555.362
2025-10-13,ORD025241,CUST03615,P006,Desk,Furniture,Pune,Store,Debit Card,2,11825.46,0.15,23650.92,20103.28,0,3487.11,2025,10,October,Monday,23650.92,20103.282
2025-10-13,ORD012467,CUST03794,P002,Smartphone,Electronics,Delhi,Online,UPI,1,26538.15,0.2,26538.15,21230.52,1,-1061.53,2025,10,October,Monday,26538.15,21230.520000000004
2025-10-13,ORD015002,CUST00680,P007,Backpack,Accessories,Chennai,Store,Credit Card,1,2350.99,0.1,2350.99,2115.89,0,347.18,2025,10,October,Monday,2350.99,2115.891
2025-10-13,ORD046183,CUST02279,P003,Headphones,Electronics,Pune,Online,Debit Card,2,4543.56,0.15,9087.12,7724.05,0,1672.11,2025,10,October,Monday,9087.12,7724.052000000001
2025-10-13,ORD042426,CUST03898,P004,Smartwatch,Electronics,Chennai,Store,Debit Card,2,7635.14,0.15,15270.28,12979.74,0,2794.46,2025,10,October,Monday,15270.28,12979.738
2025-10-13,ORD049639,CUST01987,P020,Microwave,Home,Bengaluru,Online,UPI,4,10598.52,0.1,42394.08,38154.67,0,9745.3,2025,10,October,Monday,42394.08,38154.672000000006
2025-10-13,ORD032254,CUST01915,P013,Monitor,Electronics,Hyderabad,Online,UPI,2,19526.23,0.05,39052.46,37099.84,0,5533.82,2025,10,October,Monday,39052.46,37099.837
2025-10-13,ORD008219,CUST00260,P011,Mixer Grinder,Home,Jaipur,Online,UPI,1,4682.55,0.15,4682.55,3980.17,0,213.82,2025,10,October,Monday,4682.55,3980.1675
2025-10-13,ORD005960,CUST01950,P005,Office Chair,Furniture,Hyderabad,Online,UPI,1,8563.87,0.05,8563.87,8135.68,0,1818.36,2025,10,October,Monday,8563.87,8135.6765000000005
2025-10-13,ORD035888,CUST03165,P010,Coffee Maker,Home,Delhi,Online,Net Banking,2,5508.22,0.0,11016.44,11016.44,1,-550.82,2025,10,October,Monday,11016.44,11016.44
2025-10-13,ORD002901,CUST04618,P012,Air Fryer,Home,Delhi,Online,Cash,2,6960.39,0.0,13920.78,13920.78,0,3894.24,2025,10,October,Monday,13920.78,13920.78
2025-10-13,ORD000498,CUST02568,P017,Jeans,Fashion,Surat,Online,Credit Card,2,2703.9,0.0,5407.8,5407.8,0,462.09,2025,10,October,Monday,5407.8,5407.8
2025-10-13,ORD014016,CUST01842,P002,Smartphone,Electronics,Bengaluru,Online,Cash,1,27995.8,0.1,27995.8,25196.22,0,2501.86,2025,10,October,Monday,27995.8,25196.22
2025-10-13,ORD025774,CUST01288,P016,Sofa,Furniture,Chennai,Store,Credit Card,1,32314.18,0.2,32314.18,25851.34,0,6719.43,2025,10,October,Monday,32314.18,25851.344
2025-10-13,ORD043736,CUST02635,P004,Smartwatch,Electronics,Delhi,Store,Credit Card,1,6637.25,0.15,6637.25,5641.66,0,620.04,2025,10,October,Monday,6637.25,5641.662499999999
2025-10-13,ORD020814,CUST02179,P005,Office Chair,Furniture,Pune,Online,UPI,4,9863.3,0.15,39453.2,33535.22,0,8456.3,2025,10,October,Monday,39453.2,33535.219999999994
2025-10-13,ORD030145,CUST00800,P005,Office Chair,Furniture,Ahmedabad,Store,UPI,2,10184.67,0.2,20369.34,16295.47,1,-814.77,2025,10,October,Monday,20369.34,16295.472000000002
2025-10-13,ORD005682,CUST02672,P015,Dining Table,Furniture,Surat,Online,UPI,4,23591.5,0.0,94366.0,94366.0,0,15158.05,2025,10,October,Monday,94366.0,94366.0
2025-10-13,ORD004811,CUST00340,P003,Headphones,Electronics,Hyderabad,Online,Credit Card,1,4936.7,0.15,4936.7,4196.2,0,318.88,2025,10,October,Monday,4936.7,4196.195
2025-10-13,ORD038615,CUST03739,P018,Jacket,Fashion,Chennai,Store,UPI,1,5532.22,0.05,5532.22,5255.61,0,392.85,2025,10,October,Monday,5532.22,5255.609
2025-10-13,ORD037006,CUST02521,P009,T-Shirt,Fashion,Mumbai,Online,Debit Card,2,1300.43,0.15,2600.86,2210.73,0,133.75,2025,10,October,Monday,2600.86,2210.731
2025-10-13,ORD029095,CUST01462,P006,Desk,Furniture,Kolkata,Online,UPI,1,13063.05,0.1,13063.05,11756.74,0,1896.68,2025,10,October,Monday,13063.05,11756.744999999999
2025-10-13,ORD014222,CUST02609,P004,Smartwatch,Electronics,Hyderabad,Store,UPI,3,7508.27,0.1,22524.81,20272.33,0,2213.44,2025,10,October,Monday,22524.81,20272.329
2025-10-13,ORD004237,CUST02730,P010,Coffee Maker,Home,Bengaluru,Online,UPI,1,5187.33,0.05,5187.33,4927.96,1,-246.4,2025,10,October,Monday,5187.33,4927.9635
2025-10-13,ORD014440,CUST00147,P008,Running Shoes,Fashion,Delhi,Store,Credit Card,1,4435.99,0.05,4435.99,4214.19,0,812.74,2025,10,October,Monday,4435.99,4214.1905
2025-10-13,ORD014387,CUST03211,P008,Running Shoes,Fashion,Mumbai,Store,UPI,1,4416.3,0.1,4416.3,3974.67,0,866.35,2025,10,October,Monday,4416.3,3974.67
2025-10-13,ORD029444,CUST02908,P014,Keyboard,Electronics,Kolkata,Online,Net Banking,1,2522.69,0.1,2522.69,2270.42,0,408.13,2025,10,October,Monday,2522.69,2270.4210000000003
2025-10-13,ORD046085,CUST02247,P019,Vacuum Cleaner,Home,Delhi,Online,Net Banking,4,9539.6,0.0,38158.4,38158.4,0,4446.04,2025,10,October,Monday,38158.4,38158.4
2025-10-13,ORD042300,CUST02171,P012,Air Fryer,Home,Chennai,Online,Credit Card,1,7485.37,0.0,7485.37,7485.37,0,2132.3,2025,10,October,Monday,7485.37,7485.37
2025-10-13,ORD048300,CUST02257,P017,Jeans,Fashion,Mumbai,Online,Credit Card,2,2893.95,0.05,5787.9,5498.5,0,1287.53,2025,10,October,Monday,5787.9,5498.504999999999
2025-10-13,ORD017054,CUST03205,P002,Smartphone,Electronics,Jaipur,Store,UPI,1,28141.18,0.0,28141.18,28141.18,0,7165.15,2025,10,October,Monday,28141.18,28141.18
2025-10-13,ORD023782,CUST04736,P008,Running Shoes,Fashion,Chennai,Online,Cash,1,4150.4,0.2,4150.4,3320.32,0,774.54,2025,10,October,Monday,4150.4,3320.3199999999997
2025-10-13,ORD001911,CUST02934,P006,Desk,Furniture,Jaipur,Store,UPI,1,12963.95,0.0,12963.95,12963.95,0,3514.5,2025,10,October,Monday,12963.95,12963.95
2025-10-13,ORD029510,CUST01244,P004,Smartwatch,Electronics,Bengaluru,Store,Cash,1,6854.31,0.0,6854.31,6854.31,0,728.63,2025,10,October,Monday,6854.31,6854.31
2025-10-13,ORD041141,CUST04628,P006,Desk,Furniture,Delhi,Store,Credit Card,1,11782.32,0.0,11782.32,11782.32,0,2574.34,2025,10,October,Monday,11782.32,11782.32
2025-10-13,ORD035020,CUST04067,P015,Dining Table,Furniture,Hyderabad,Store,Cash,1,21992.13,0.05,21992.13,20892.52,0,3894.97,2025,10,October,Monday,21992.13,20892.5235
2025-10-13,ORD008914,CUST04885,P004,Smartwatch,Electronics,Kolkata,Store,UPI,3,7546.6,0.25,22639.8,16979.85,0,3538.38,2025,10,October,Monday,22639.800000000003,16979.85
2025-10-13,ORD033509,CUST02856,P018,Jacket,Fashion,Kolkata,Online,Debit Card,4,4990.62,0.1,19962.48,17966.23,0,4736.24,2025,10,October,Monday,19962.48,17966.232
2025-10-13,ORD006368,CUST01120,P018,Jacket,Fashion,Mumbai,Online,Credit Card,1,4728.41,0.0,4728.41,4728.41,0,510.2,2025,10,October,Monday,4728.41,4728.41
2025-10-13,ORD016217,CUST01509,P006,Desk,Furniture,Bengaluru,Online,Credit Card,3,11940.37,0.15,35821.11,30447.94,0,3097.49,2025,10,October,Monday,35821.11,30447.9435
2025-10-13,ORD017887,CUST02724,P016,Sofa,Furniture,Ahmedabad,Online,Credit Card,1,32999.02,0.1,32999.02,29699.12,0,2380.73,2025,10,October,Monday,32999.02,29699.118
2025-10-13,ORD034905,CUST01261,P018,Jacket,Fashion,Delhi,Store,Debit Card,2,5168.81,0.25,10337.62,7753.22,0,974.65,2025,10,October,Monday,10337.62,7753.215
2025-10-13,ORD009500,CUST04612,P012,Air Fryer,Home,Pune,Store,UPI,2,6633.36,0.15,13266.72,11276.71,0,2469.89,2025,10,October,Monday,13266.72,11276.712
2025-10-13,ORD024316,CUST01527,P013,Monitor,Electronics,Ahmedabad,Store,UPI,1,17472.98,0.15,17472.98,14852.03,0,1703.62,2025,10,October,Monday,17472.98,14852.033
2025-10-13,ORD011299,CUST01698,P014,Keyboard,Electronics,Chennai,Online,UPI,1,2411.67,0.1,2411.67,2170.5,0,232.29,2025,10,October,Monday,2411.67,2170.503
2025-10-13,ORD002749,CUST03261,P013,Monitor,Electronics,Kolkata,Online,Debit Card,2,17746.5,0.0,35493.0,35493.0,0,6639.95,2025,10,October,Monday,35493.0,35493.0
2025-10-14,ORD011227,CUST00596,P006,Desk,Furniture,Bengaluru,Store,Credit Card,1,12415.47,0.05,12415.47,11794.7,0,995.71,2025,10,October,Tuesday,12415.47,11794.696499999998
2025-10-14,ORD039019,CUST04809,P009,T-Shirt,Fashion,Mumbai,Online,Credit Card,2,1143.39,0.15,2286.78,1943.76,0,422.17,2025,10,October,Tuesday,2286.78,1943.7630000000001
2025-10-14,ORD041738,CUST02121,P010,Coffee Maker,Home,Pune,Store,Debit Card,3,5498.18,0.2,16494.54,13195.63,0,2453.25,2025,10,October,Tuesday,16494.54,13195.632000000001
2025-10-14,ORD004102,CUST04660,P017,Jeans,Fashion,Pune,Online,Debit Card,2,2888.87,0.1,5777.74,5199.97,0,849.87,2025,10,October,Tuesday,5777.74,5199.966
2025-10-14,ORD011226,CUST02078,P007,Backpack,Accessories,Surat,Store,Net Banking,1,1990.45,0.05,1990.45,1890.93,0,135.78,2025,10,October,Tuesday,1990.45,1890.9275
2025-10-14,ORD014961,CUST04133,P007,Backpack,Accessories,Mumbai,Store,Cash,2,2166.64,0.1,4333.28,3899.95,0,743.65,2025,10,October,Tuesday,4333.28,3899.9519999999998
2025-10-14,ORD043738,CUST00310,P012,Air Fryer,Home,Ahmedabad,Store,Credit Card,1,7063.86,0.05,7063.86,6710.67,0,1654.26,2025,10,October,Tuesday,7063.86,6710.6669999999995
2025-10-14,ORD011840,CUST00564,P007,Backpack,Accessories,Mumbai,Online,UPI,1,2055.02,0.0,2055.02,2055.02,0,228.28,2025,10,October,Tuesday,2055.02,2055.02
2025-10-14,ORD029680,CUST02822,P009,T-Shirt,Fashion,Jaipur,Store,UPI,1,1199.94,0.0,1199.94,1199.94,0,96.52,2025,10,October,Tuesday,1199.94,1199.94
2025-10-14,ORD004019,CUST00232,P001,Laptop,Electronics,Hyderabad,Online,Net Banking,1,59563.92,0.05,59563.92,56585.72,0,6036.07,2025,10,October,Tuesday,59563.92,56585.723999999995
2025-10-14,ORD030916,CUST03015,P020,Microwave,Home,Pune,Online,Credit Card,2,10099.29,0.1,20198.58,18178.72,0,1673.12,2025,10,October,Tuesday,20198.58,18178.722
2025-10-14,ORD019682,CUST03132,P020,Microwave,Home,Surat,Online,UPI,1,11646.96,0.0,11646.96,11646.96,0,3269.09,2025,10,October,Tuesday,11646.96,11646.96
2025-10-14,ORD026250,CUST03642,P014,Keyboard,Electronics,Kolkata,Online,UPI,4,2619.65,0.05,10478.6,9954.67,0,2627.81,2025,10,October,Tuesday,10478.6,9954.67
2025-10-14,ORD008142,CUST04959,P019,Vacuum Cleaner,Home,Hyderabad,Store,UPI,1,9363.78,0.0,9363.78,9363.78,0,2668.72,2025,10,October,Tuesday,9363.78,9363.78
2025-10-14,ORD019951,CUST03662,P003,Headphones,Electronics,Bengaluru,Online,Cash,1,4329.38,0.1,4329.38,3896.44,0,467.29,2025,10,October,Tuesday,4329.38,3896.442
2025-10-14,ORD005229,CUST04280,P012,Air Fryer,Home,Surat,Store,Credit Card,2,7180.42,0.15,14360.84,12206.71,0,1804.61,2025,10,October,Tuesday,14360.84,12206.714
2025-10-14,ORD023402,CUST03591,P008,Running Shoes,Fashion,Jaipur,Online,Net Banking,1,4201.13,0.05,4201.13,3991.07,0,355.57,2025,10,October,Tuesday,4201.13,3991.0735
2025-10-14,ORD048229,CUST01677,P015,Dining Table,Furniture,Bengaluru,Store,Credit Card,1,22535.45,0.0,22535.45,22535.45,0,4879.16,2025,10,October,Tuesday,22535.45,22535.45
2025-10-14,ORD012894,CUST02239,P009,T-Shirt,Fashion,Pune,Store,UPI,1,1181.06,0.0,1181.06,1181.06,0,164.2,2025,10,October,Tuesday,1181.06,1181.06
2025-10-14,ORD041195,CUST04620,P002,Smartphone,Electronics,Jaipur,Online,Credit Card,1,27090.84,0.05,27090.84,25736.3,0,6861.57,2025,10,October,Tuesday,27090.84,25736.298
2025-10-14,ORD016644,CUST01050,P008,Running Shoes,Fashion,Ahmedabad,Online,UPI,1,4487.64,0.0,4487.64,4487.64,0,1176.32,2025,10,October,Tuesday,4487.64,4487.64
2025-10-14,ORD029460,CUST00583,P003,Headphones,Electronics,Ahmedabad,Store,Credit Card,1,4820.33,0.05,4820.33,4579.31,0,1054.67,2025,10,October,Tuesday,4820.33,4579.313499999999
2025-10-14,ORD029478,CUST03031,P009,T-Shirt,Fashion,Kolkata,Online,UPI,2,1186.03,0.0,2372.06,2372.06,0,362.92,2025,10,October,Tuesday,2372.06,2372.06
2025-10-14,ORD003104,CUST02132,P016,Sofa,Furniture,Hyderabad,Online,UPI,1,36928.46,0.0,36928.46,36928.46,0,6056.34,2025,10,October,Tuesday,36928.46,36928.46
2025-10-14,ORD013459,CUST01272,P002,Smartphone,Electronics,Surat,Store,Net Banking,2,28514.8,0.0,57029.6,57029.6,0,16864.61,2025,10,October,Tuesday,57029.6,57029.6
2025-10-14,ORD003439,CUST00144,P009,T-Shirt,Fashion,Mumbai,Online,UPI,1,1306.53,0.1,1306.53,1175.88,0,163.72,2025,10,October,Tuesday,1306.53,1175.877
2025-10-14,ORD041101,CUST04065,P005,Office Chair,Furniture,Pune,Online,Credit Card,5,10333.54,0.1,51667.7,46500.93,0,6039.01,2025,10,October,Tuesday,51667.700000000004,46500.93
2025-10-14,ORD044182,CUST01807,P003,Headphones,Electronics,Chennai,Online,UPI,2,4352.22,0.1,8704.44,7834.0,0,1591.67,2025,10,October,Tuesday,8704.44,7833.996000000001
2025-10-14,ORD021794,CUST04160,P010,Coffee Maker,Home,Delhi,Online,Debit Card,1,5081.28,0.05,5081.28,4827.22,0,917.65,2025,10,October,Tuesday,5081.28,4827.215999999999
2025-10-14,ORD013609,CUST01881,P016,Sofa,Furniture,Pune,Online,UPI,1,33429.87,0.1,33429.87,30086.88,0,4950.77,2025,10,October,Tuesday,33429.87,30086.883
2025-10-14,ORD005597,CUST01322,P003,Headphones,Electronics,Chennai,Online,UPI,1,4599.69,0.15,4599.69,3909.74,0,1000.26,2025,10,October,Tuesday,4599.69,3909.7364999999995
2025-10-14,ORD046496,CUST03707,P008,Running Shoes,Fashion,Surat,Online,Debit Card,2,4006.85,0.1,8013.7,7212.33,0,1045.5,2025,10,October,Tuesday,8013.7,7212.33
2025-10-14,ORD026214,CUST02119,P020,Microwave,Home,Kolkata,Store,Debit Card,3,10272.91,0.05,30818.73,29277.79,0,3464.55,2025,10,October,Tuesday,30818.73,29277.7935
2025-10-14,ORD003415,CUST02866,P012,Air Fryer,Home,Delhi,Online,UPI,2,6951.28,0.25,13902.56,10426.92,0,1932.15,2025,10,October,Tuesday,13902.56,10426.92
2025-10-14,ORD049653,CUST02286,P018,Jacket,Fashion,Surat,Store,UPI,2,5415.07,0.0,10830.14,10830.14,0,2801.54,2025,10,October,Tuesday,10830.14,10830.14
2025-10-14,ORD034540,CUST04490,P001,Laptop,Electronics,Ahmedabad,Online,Credit Card,1,61637.23,0.1,61637.23,55473.51,0,8404.03,2025,10,October,Tuesday,61637.23,55473.507000000005
2025-10-14,ORD008003,CUST03175,P010,Coffee Maker,Home,Ahmedabad,Online,UPI,1,5920.47,0.0,5920.47,5920.47,0,1282.57,2025,10,October,Tuesday,5920.47,5920.47
2025-10-14,ORD025683,CUST03982,P002,Smartphone,Electronics,Kolkata,Online,Cash,2,29563.54,0.1,59127.08,53214.37,0,9845.35,2025,10,October,Tuesday,59127.08,53214.372
2025-10-14,ORD011956,CUST04048,P016,Sofa,Furniture,Hyderabad,Online,UPI,2,37448.07,0.05,74896.14,71151.33,0,14856.77,2025,10,October,Tuesday,74896.14,71151.333
2025-10-14,ORD049672,CUST00205,P011,Mixer Grinder,Home,Mumbai,Store,Cash,3,4442.47,0.1,13327.41,11994.67,0,1281.84,2025,10,October,Tuesday,13327.41,11994.669
2025-10-14,ORD023216,CUST00732,P005,Office Chair,Furniture,Surat,Online,UPI,1,10368.92,0.0,10368.92,10368.92,0,1629.03,2025,10,October,Tuesday,10368.92,10368.92
2025-10-14,ORD015413,CUST02263,P019,Vacuum Cleaner,Home,Mumbai,Online,UPI,2,8251.11,0.05,16502.22,15677.11,0,1466.59,2025,10,October,Tuesday,16502.22,15677.109
2025-10-14,ORD003262,CUST02872,P007,Backpack,Accessories,Jaipur,Online,Credit Card,1,2230.14,0.2,2230.14,1784.11,1,-89.21,2025,10,October,Tuesday,2230.14,1784.112
2025-10-14,ORD013761,CUST03936,P013,Monitor,Electronics,Pune,Store,Debit Card,1,17848.44,0.2,17848.44,14278.75,0,1001.46,2025,10,October,Tuesday,17848.44,14278.752
2025-10-14,ORD044642,CUST03879,P010,Coffee Maker,Home,Surat,Store,UPI,1,5751.09,0.1,5751.09,5175.98,0,1317.93,2025,10,October,Tuesday,5751.09,5175.981000000001
2025-10-14,ORD017964,CUST04019,P004,Smartwatch,Electronics,Jaipur,Store,Net Banking,1,7450.69,0.25,7450.69,5588.02,1,-279.4,2025,10,October,Tuesday,7450.69,5588.0175
2025-10-14,ORD040299,CUST02992,P015,Dining Table,Furniture,Jaipur,Online,Cash,2,24066.0,0.0,48132.0,48132.0,0,12227.23,2025,10,October,Tuesday,48132.0,48132.0
2025-10-14,ORD046946,CUST01443,P018,Jacket,Fashion,Mumbai,Store,UPI,4,4786.28,0.05,19145.12,18187.86,0,5224.39,2025,10,October,Tuesday,19145.12,18187.863999999998
2025-10-14,ORD037162,CUST00654,P003,Headphones,Electronics,Kolkata,Online,Credit Card,4,4071.88,0.0,16287.52,16287.52,0,4502.81,2025,10,October,Tuesday,16287.52,16287.52
2025-10-14,ORD000319,CUST03630,P016,Sofa,Furniture,Pune,Online,UPI,2,35773.83,0.1,71547.66,64392.89,0,13406.73,2025,10,October,Tuesday,71547.66,64392.89400000001
2025-10-14,ORD007455,CUST02271,P017,Jeans,Fashion,Ahmedabad,Online,Debit Card,1,2553.14,0.0,2553.14,2553.14,0,524.32,2025,10,October,Tuesday,2553.14,2553.14
2025-10-14,ORD019366,CUST03155,P004,Smartwatch,Electronics,Ahmedabad,Online,Net Banking,1,7598.59,0.15,7598.59,6458.8,0,997.47,2025,10,October,Tuesday,7598.59,6458.8015
2025-10-14,ORD029728,CUST04605,P012,Air Fryer,Home,Bengaluru,Online,UPI,2,6980.68,0.05,13961.36,13263.29,0,3153.56,2025,10,October,Tuesday,13961.36,13263.292
2025-10-14,ORD042962,CUST01353,P012,Air Fryer,Home,Pune,Online,Net Banking,1,7292.66,0.05,7292.66,6928.03,0,1563.67,2025,10,October,Tuesday,7292.66,6928.026999999999
2025-10-14,ORD033773,CUST03829,P009,T-Shirt,Fashion,Chennai,Online,UPI,1,1302.46,0.05,1302.46,1237.34,0,264.99,2025,10,October,Tuesday,1302.46,1237.337
2025-10-14,ORD020926,CUST01471,P012,Air Fryer,Home,Surat,Store,UPI,1,7882.41,0.05,7882.41,7488.29,0,1690.39,2025,10,October,Tuesday,7882.41,7488.2895
2025-10-14,ORD018680,CUST04483,P005,Office Chair,Furniture,Bengaluru,Online,Debit Card,4,9544.03,0.1,38176.12,34358.51,0,4807.45,2025,10,October,Tuesday,38176.12,34358.508
2025-10-14,ORD005618,CUST02273,P009,T-Shirt,Fashion,Hyderabad,Online,UPI,1,1223.92,0.0,1223.92,1223.92,0,113.96,2025,10,October,Tuesday,1223.92,1223.92
2025-10-14,ORD017832,CUST00349,P010,Coffee Maker,Home,Mumbai,Online,UPI,2,5298.46,0.1,10596.92,9537.23,1,-476.86,2025,10,October,Tuesday,10596.92,9537.228000000001
2025-10-14,ORD006262,CUST01435,P020,Microwave,Home,Mumbai,Online,Net Banking,1,10175.75,0.05,10175.75,9666.96,0,2698.56,2025,10,October,Tuesday,10175.75,9666.9625
2025-10-14,ORD031689,CUST00381,P010,Coffee Maker,Home,Delhi,Store,Debit Card,1,5468.78,0.0,5468.78,5468.78,0,538.24,2025,10,October,Tuesday,5468.78,5468.78
2025-10-14,ORD033101,CUST00748,P003,Headphones,Electronics,Chennai,Store,Credit Card,1,4916.54,0.15,4916.54,4179.06,0,526.54,2025,10,October,Tuesday,4916.54,4179.059
2025-10-14,ORD045592,CUST03998,P003,Headphones,Electronics,Bengaluru,Online,UPI,1,4742.79,0.1,4742.79,4268.51,0,576.34,2025,10,October,Tuesday,4742.79,4268.511
2025-10-15,ORD023793,CUST04573,P014,Keyboard,Electronics,Kolkata,Online,UPI,1,2310.17,0.05,2310.17,2194.66,0,230.05,2025,10,October,Wednesday,2310.17,2194.6615
2025-10-15,ORD016557,CUST04866,P002,Smartphone,Electronics,Pune,Online,UPI,1,30537.62,0.25,30537.62,22903.22,0,3065.09,2025,10,October,Wednesday,30537.62,22903.215
2025-10-15,ORD007588,CUST01798,P011,Mixer Grinder,Home,Mumbai,Online,UPI,2,4690.87,0.1,9381.74,8443.57,0,1139.58,2025,10,October,Wednesday,9381.74,8443.566
2025-10-15,ORD017560,CUST03064,P002,Smartphone,Electronics,Hyderabad,Online,Credit Card,1,25301.74,0.0,25301.74,25301.74,0,3756.3,2025,10,October,Wednesday,25301.74,25301.74
2025-10-15,ORD026336,CUST04331,P002,Smartphone,Electronics,Jaipur,Store,UPI,4,29595.76,0.1,118383.04,106544.74,0,6884.0,2025,10,October,Wednesday,118383.04,106544.73599999999
2025-10-15,ORD017379,CUST01092,P010,Coffee Maker,Home,Chennai,Store,Cash,1,5253.09,0.0,5253.09,5253.09,0,1254.97,2025,10,October,Wednesday,5253.09,5253.09
2025-10-15,ORD010298,CUST04085,P005,Office Chair,Furniture,Bengaluru,Store,Credit Card,2,8646.25,0.1,17292.5,15563.25,0,1327.02,2025,10,October,Wednesday,17292.5,15563.25
2025-10-15,ORD015027,CUST00368,P019,Vacuum Cleaner,Home,Bengaluru,Online,Credit Card,1,9619.38,0.0,9619.38,9619.38,0,1594.88,2025,10,October,Wednesday,9619.38,9619.38
2025-10-15,ORD011847,CUST01142,P001,Laptop,Electronics,Delhi,Store,Net Banking,1,66890.42,0.1,66890.42,60201.38,0,4799.14,2025,10,October,Wednesday,66890.42,60201.378
2025-10-15,ORD027490,CUST03478,P012,Air Fryer,Home,Pune,Online,UPI,3,6656.05,0.1,19968.15,17971.34,1,-898.57,2025,10,October,Wednesday,19968.15,17971.335000000003
2025-10-15,ORD023481,CUST00253,P020,Microwave,Home,Ahmedabad,Online,UPI,4,10516.65,0.05,42066.6,39963.27,0,9590.86,2025,10,October,Wednesday,42066.6,39963.27
2025-10-15,ORD034865,CUST01266,P002,Smartphone,Electronics,Surat,Store,UPI,4,27885.15,0.0,111540.6,111540.6,0,32690.55,2025,10,October,Wednesday,111540.6,111540.6
2025-10-15,ORD021727,CUST00204,P016,Sofa,Furniture,Hyderabad,Online,Credit Card,1,32089.71,0.15,32089.71,27276.25,0,7142.65,2025,10,October,Wednesday,32089.71,27276.2535
2025-10-15,ORD048433,CUST03959,P004,Smartwatch,Electronics,Ahmedabad,Store,Credit Card,4,6382.26,0.15,25529.04,21699.68,0,4428.83,2025,10,October,Wednesday,25529.04,21699.684
2025-10-15,ORD011048,CUST03737,P003,Headphones,Electronics,Kolkata,Online,Credit Card,2,4730.66,0.25,9461.32,7095.99,1,-354.8,2025,10,October,Wednesday,9461.32,7095.99
2025-10-15,ORD045553,CUST00975,P011,Mixer Grinder,Home,Jaipur,Store,UPI,2,4395.8,0.0,8791.6,8791.6,0,2321.29,2025,10,October,Wednesday,8791.6,8791.6
2025-10-15,ORD044916,CUST04731,P008,Running Shoes,Fashion,Surat,Online,UPI,1,4036.65,0.1,4036.65,3632.98,0,637.78,2025,10,October,Wednesday,4036.65,3632.985
2025-10-15,ORD038586,CUST00899,P011,Mixer Grinder,Home,Bengaluru,Online,UPI,1,4437.99,0.1,4437.99,3994.19,0,404.5,2025,10,October,Wednesday,4437.99,3994.191
2025-10-15,ORD043527,CUST00342,P013,Monitor,Electronics,Jaipur,Online,Credit Card,1,17536.88,0.25,17536.88,13152.66,0,762.95,2025,10,October,Wednesday,17536.88,13152.66
2025-10-15,ORD044198,CUST03075,P019,Vacuum Cleaner,Home,Chennai,Online,Credit Card,2,9125.18,0.05,18250.36,17337.84,0,3485.55,2025,10,October,Wednesday,18250.36,17337.842
2025-10-15,ORD047110,CUST03951,P020,Microwave,Home,Bengaluru,Store,Debit Card,2,10766.44,0.0,21532.88,21532.88,0,4096.11,2025,10,October,Wednesday,21532.88,21532.88
2025-10-15,ORD012084,CUST01838,P012,Air Fryer,Home,Pune,Store,Credit Card,1,7175.46,0.1,7175.46,6457.91,0,743.13,2025,10,October,Wednesday,7175.46,6457.914
2025-10-15,ORD029265,CUST03839,P014,Keyboard,Electronics,Pune,Online,UPI,1,2443.88,0.15,2443.88,2077.3,0,116.31,2025,10,October,Wednesday,2443.88,2077.2980000000002
2025-10-15,ORD038628,CUST04198,P019,Vacuum Cleaner,Home,Chennai,Store,UPI,2,8342.4,0.0,16684.8,16684.8,0,1493.33,2025,10,October,Wednesday,16684.8,16684.8
2025-10-15,ORD040070,CUST00176,P014,Keyboard,Electronics,Bengaluru,Store,UPI,2,2347.0,0.05,4694.0,4459.3,0,1127.07,2025,10,October,Wednesday,4694.0,4459.3
2025-10-15,ORD037789,CUST00153,P019,Vacuum Cleaner,Home,Jaipur,Online,UPI,1,8532.27,0.0,8532.27,8532.27,0,1064.85,2025,10,October,Wednesday,8532.27,8532.27
2025-10-15,ORD005745,CUST00009,P004,Smartwatch,Electronics,Hyderabad,Online,UPI,5,6809.14,0.15,34045.7,28938.84,0,1755.61,2025,10,October,Wednesday,34045.700000000004,28938.844999999998
2025-10-15,ORD007533,CUST02250,P010,Coffee Maker,Home,Bengaluru,Online,UPI,1,4988.38,0.1,4988.38,4489.54,0,392.41,2025,10,October,Wednesday,4988.38,4489.542
2025-10-15,ORD008472,CUST04443,P017,Jeans,Fashion,Ahmedabad,Online,Credit Card,1,2626.75,0.2,2626.75,2101.4,0,162.06,2025,10,October,Wednesday,2626.75,2101.4
2025-10-15,ORD035015,CUST04740,P010,Coffee Maker,Home,Bengaluru,Online,UPI,2,5321.46,0.05,10642.92,10110.77,0,2025.96,2025,10,October,Wednesday,10642.92,10110.774
2025-10-15,ORD009704,CUST02207,P001,Laptop,Electronics,Pune,Online,Credit Card,2,59209.45,0.15,118418.9,100656.06,0,10355.89,2025,10,October,Wednesday,118418.9,100656.06499999999
2025-10-15,ORD013103,CUST04672,P009,T-Shirt,Fashion,Surat,Store,UPI,1,1312.39,0.05,1312.39,1246.77,0,277.41,2025,10,October,Wednesday,1312.39,1246.7705
2025-10-15,ORD043295,CUST03750,P002,Smartphone,Electronics,Pune,Online,Debit Card,1,27192.73,0.05,27192.73,25833.09,0,5441.95,2025,10,October,Wednesday,27192.73,25833.0935
2025-10-15,ORD041916,CUST03852,P017,Jeans,Fashion,Chennai,Online,Cash,2,2727.67,0.15,5455.34,4637.04,0,500.96,2025,10,October,Wednesday,5455.34,4637.039
2025-10-15,ORD003542,CUST04004,P005,Office Chair,Furniture,Mumbai,Online,Credit Card,1,10153.27,0.25,10153.27,7614.95,0,1602.19,2025,10,October,Wednesday,10153.27,7614.9525
2025-10-15,ORD033703,CUST01323,P010,Coffee Maker,Home,Delhi,Online,Debit Card,1,5934.42,0.05,5934.42,5637.7,0,1440.79,2025,10,October,Wednesday,5934.42,5637.699
2025-10-15,ORD018453,CUST02085,P007,Backpack,Accessories,Pune,Store,UPI,1,2021.32,0.1,2021.32,1819.19,0,270.26,2025,10,October,Wednesday,2021.32,1819.1879999999999
2025-10-15,ORD032198,CUST04484,P007,Backpack,Accessories,Hyderabad,Store,UPI,3,2364.93,0.15,7094.79,6030.57,0,554.2,2025,10,October,Wednesday,7094.789999999999,6030.5715
2025-10-15,ORD013435,CUST02658,P013,Monitor,Electronics,Delhi,Online,UPI,2,18424.11,0.15,36848.22,31320.99,0,5659.25,2025,10,October,Wednesday,36848.22,31320.987
2025-10-15,ORD010383,CUST02093,P017,Jeans,Fashion,Mumbai,Online,UPI,3,2700.33,0.1,8100.99,7290.89,0,783.77,2025,10,October,Wednesday,8100.99,7290.891
2025-10-15,ORD021110,CUST00964,P013,Monitor,Electronics,Pune,Online,UPI,1,16295.76,0.1,16295.76,14666.18,0,3464.37,2025,10,October,Wednesday,16295.76,14666.184000000001
2025-10-15,ORD048641,CUST00203,P008,Running Shoes,Fashion,Surat,Online,Debit Card,4,4139.65,0.15,16558.6,14074.81,0,2261.88,2025,10,October,Wednesday,16558.6,14074.809999999998
2025-10-15,ORD026266,CUST00115,P010,Coffee Maker,Home,Bengaluru,Online,UPI,1,5996.73,0.05,5996.73,5696.89,0,1022.39,2025,10,October,Wednesday,5996.73,5696.893499999999
2025-10-15,ORD023646,CUST03328,P017,Jeans,Fashion,Bengaluru,Store,Cash,2,2853.37,0.1,5706.74,5136.07,0,791.19,2025,10,October,Wednesday,5706.74,5136.066
2025-10-15,ORD041588,CUST01862,P002,Smartphone,Electronics,Ahmedabad,Online,Credit Card,1,28267.76,0.1,28267.76,25440.98,0,6980.96,2025,10,October,Wednesday,28267.76,25440.984
2025-10-15,ORD018853,CUST01990,P011,Mixer Grinder,Home,Delhi,Online,Credit Card,4,4585.4,0.05,18341.6,17424.52,0,1488.29,2025,10,October,Wednesday,18341.6,17424.519999999997
2025-10-15,ORD036162,CUST00075,P010,Coffee Maker,Home,Surat,Online,UPI,1,5702.63,0.0,5702.63,5702.63,1,-285.13,2025,10,October,Wednesday,5702.63,5702.63
2025-10-15,ORD030864,CUST04567,P006,Desk,Furniture,Delhi,Online,Credit Card,1,12988.42,0.1,12988.42,11689.58,0,1555.33,2025,10,October,Wednesday,12988.42,11689.578
2025-10-15,ORD030323,CUST02379,P009,T-Shirt,Fashion,Ahmedabad,Store,UPI,1,1125.99,0.0,1125.99,1125.99,0,113.63,2025,10,October,Wednesday,1125.99,1125.99
2025-10-15,ORD021063,CUST01124,P004,Smartwatch,Electronics,Delhi,Online,Cash,1,7665.18,0.15,7665.18,6515.4,0,451.36,2025,10,October,Wednesday,7665.18,6515.403
2025-10-15,ORD024090,CUST00299,P016,Sofa,Furniture,Bengaluru,Online,UPI,1,31944.22,0.05,31944.22,30347.01,0,3589.04,2025,10,October,Wednesday,31944.22,30347.009
2025-10-15,ORD001121,CUST04142,P018,Jacket,Fashion,Mumbai,Online,UPI,1,5131.59,0.0,5131.59,5131.59,0,718.37,2025,10,October,Wednesday,5131.59,5131.59
2025-10-15,ORD007733,CUST03715,P013,Monitor,Electronics,Jaipur,Store,Credit Card,2,16811.97,0.15,33623.94,28580.35,0,6505.13,2025,10,October,Wednesday,33623.94,28580.349000000002
2025-10-15,ORD024688,CUST02334,P008,Running Shoes,Fashion,Jaipur,Store,Debit Card,1,4306.09,0.1,4306.09,3875.48,0,538.04,2025,10,October,Wednesday,4306.09,3875.481
2025-10-15,ORD034627,CUST02228,P003,Headphones,Electronics,Bengaluru,Store,Debit Card,1,4157.04,0.0,4157.04,4157.04,0,1206.96,2025,10,October,Wednesday,4157.04,4157.04
2025-10-15,ORD017812,CUST01491,P008,Running Shoes,Fashion,Surat,Online,UPI,1,4460.69,0.05,4460.69,4237.66,0,1066.81,2025,10,October,Wednesday,4460.69,4237.6555
2025-10-15,ORD037536,CUST02901,P018,Jacket,Fashion,Pune,Store,UPI,2,5627.83,0.1,11255.66,10130.09,0,2064.48,2025,10,October,Wednesday,11255.66,10130.094000000001
2025-10-15,ORD037352,CUST00652,P005,Office Chair,Furniture,Hyderabad,Online,Cash,1,8724.15,0.2,8724.15,6979.32,0,861.81,2025,10,October,Wednesday,8724.15,6979.32
2025-10-15,ORD043888,CUST01779,P003,Headphones,Electronics,Delhi,Online,Cash,1,4729.3,0.1,4729.3,4256.37,0,1014.68,2025,10,October,Wednesday,4729.3,4256.37
2025-10-15,ORD035843,CUST03601,P010,Coffee Maker,Home,Pune,Online,Debit Card,2,5436.27,0.0,10872.54,10872.54,0,1657.73,2025,10,October,Wednesday,10872.54,10872.54
2025-10-15,ORD011473,CUST02027,P006,Desk,Furniture,Jaipur,Online,Credit Card,1,12029.14,0.1,12029.14,10826.23,0,1772.35,2025,10,October,Wednesday,12029.14,10826.226
2025-10-15,ORD020084,CUST03121,P013,Monitor,Electronics,Hyderabad,Online,UPI,1,19453.34,0.0,19453.34,19453.34,0,3504.01,2025,10,October,Wednesday,19453.34,19453.34
2025-10-15,ORD002480,CUST02601,P012,Air Fryer,Home,Bengaluru,Online,Cash,3,7438.63,0.05,22315.89,21200.1,0,4630.56,2025,10,October,Wednesday,22315.89,21200.0955
2025-10-15,ORD032735,CUST02579,P005,Office Chair,Furniture,Jaipur,Online,Debit Card,1,9256.22,0.0,9256.22,9256.22,0,911.92,2025,10,October,Wednesday,9256.22,9256.22
2025-10-15,ORD001256,CUST00392,P015,Dining Table,Furniture,Bengaluru,Online,UPI,3,22998.0,0.15,68994.0,58644.9,0,11589.18,2025,10,October,Wednesday,68994.0,58644.9
2025-10-16,ORD002818,CUST01978,P004,Smartwatch,Electronics,Delhi,Online,UPI,1,6612.17,0.15,6612.17,5620.34,0,1291.61,2025,10,October,Thursday,6612.17,5620.3445
2025-10-16,ORD046096,CUST02393,P008,Running Shoes,Fashion,Delhi,Online,UPI,3,4610.25,0.1,13830.75,12447.68,0,3459.37,2025,10,October,Thursday,13830.75,12447.675000000001
2025-10-16,ORD047199,CUST03104,P003,Headphones,Electronics,Ahmedabad,Online,UPI,2,4879.6,0.1,9759.2,8783.28,0,1766.26,2025,10,October,Thursday,9759.2,8783.28
2025-10-16,ORD047155,CUST01989,P012,Air Fryer,Home,Delhi,Store,Cash,2,7651.6,0.05,15303.2,14538.04,0,1935.19,2025,10,October,Thursday,15303.2,14538.04
2025-10-16,ORD011597,CUST01149,P001,Laptop,Electronics,Hyderabad,Store,UPI,1,61578.89,0.1,61578.89,55421.0,0,14225.81,2025,10,October,Thursday,61578.89,55421.001000000004
2025-10-16,ORD048543,CUST04086,P010,Coffee Maker,Home,Jaipur,Store,UPI,1,4963.53,0.1,4963.53,4467.18,0,834.34,2025,10,October,Thursday,4963.53,4467.177
2025-10-16,ORD019002,CUST04904,P018,Jacket,Fashion,Pune,Online,UPI,1,5617.69,0.15,5617.69,4775.04,0,910.93,2025,10,October,Thursday,5617.69,4775.036499999999
2025-10-16,ORD003825,CUST00145,P002,Smartphone,Electronics,Hyderabad,Online,UPI,2,27031.91,0.05,54063.82,51360.63,0,12570.6,2025,10,October,Thursday,54063.82,51360.629
2025-10-16,ORD032844,CUST00957,P012,Air Fryer,Home,Kolkata,Online,UPI,1,6774.75,0.0,6774.75,6774.75,0,661.85,2025,10,October,Thursday,6774.75,6774.75
2025-10-16,ORD002924,CUST00351,P008,Running Shoes,Fashion,Chennai,Online,Cash,1,4617.44,0.15,4617.44,3924.82,0,605.29,2025,10,October,Thursday,4617.44,3924.8239999999996
2025-10-16,ORD049221,CUST03006,P005,Office Chair,Furniture,Ahmedabad,Online,UPI,5,9982.14,0.0,49910.7,49910.7,0,9834.95,2025,10,October,Thursday,49910.7,49910.7
2025-10-16,ORD044037,CUST01440,P007,Backpack,Accessories,Chennai,Store,Net Banking,1,2411.51,0.05,2411.51,2290.93,0,464.82,2025,10,October,Thursday,2411.51,2290.9345000000003
2025-10-16,ORD004398,CUST03466,P006,Desk,Furniture,Surat,Store,Debit Card,2,11089.55,0.0,22179.1,22179.1,0,5020.41,2025,10,October,Thursday,22179.1,22179.1
2025-10-16,ORD023909,CUST04765,P014,Keyboard,Electronics,Mumbai,Store,Debit Card,1,2359.19,0.1,2359.19,2123.27,0,407.9,2025,10,October,Thursday,2359.19,2123.271
2025-10-16,ORD041673,CUST02044,P013,Monitor,Electronics,Mumbai,Online,Net Banking,1,18542.08,0.2,18542.08,14833.66,1,-741.68,2025,10,October,Thursday,18542.08,14833.664000000002
2025-10-16,ORD008934,CUST02363,P012,Air Fryer,Home,Jaipur,Online,UPI,1,7698.43,0.2,7698.43,6158.74,0,1444.92,2025,10,October,Thursday,7698.43,6158.744000000001
2025-10-16,ORD049237,CUST00930,P008,Running Shoes,Fashion,Chennai,Online,UPI,1,4149.52,0.1,4149.52,3734.57,0,840.18,2025,10,October,Thursday,4149.52,3734.5680000000007
2025-10-16,ORD022314,CUST00960,P019,Vacuum Cleaner,Home,Delhi,Online,Debit Card,1,8203.07,0.1,8203.07,7382.76,0,737.69,2025,10,October,Thursday,8203.07,7382.763
2025-10-16,ORD006023,CUST04890,P010,Coffee Maker,Home,Kolkata,Online,Debit Card,2,5359.16,0.1,10718.32,9646.49,0,2698.46,2025,10,October,Thursday,10718.32,9646.488
2025-10-16,ORD007302,CUST03330,P017,Jeans,Fashion,Jaipur,Store,UPI,1,2681.76,0.05,2681.76,2547.67,0,666.97,2025,10,October,Thursday,2681.76,2547.672
2025-10-16,ORD023850,CUST00528,P010,Coffee Maker,Home,Ahmedabad,Online,UPI,1,5727.85,0.0,5727.85,5727.85,0,1688.72,2025,10,October,Thursday,5727.85,5727.85
2025-10-16,ORD024375,CUST03818,P010,Coffee Maker,Home,Delhi,Online,UPI,1,5547.54,0.05,5547.54,5270.16,0,1245.89,2025,10,October,Thursday,5547.54,5270.163
2025-10-16,ORD013989,CUST00452,P004,Smartwatch,Electronics,Pune,Online,Credit Card,1,6569.84,0.05,6569.84,6241.35,1,-312.07,2025,10,October,Thursday,6569.84,6241.348
2025-10-16,ORD043805,CUST00297,P014,Keyboard,Electronics,Chennai,Online,Credit Card,1,2384.19,0.05,2384.19,2264.98,0,556.15,2025,10,October,Thursday,2384.19,2264.9805
2025-10-16,ORD010913,CUST00491,P012,Air Fryer,Home,Jaipur,Store,UPI,1,7744.85,0.0,7744.85,7744.85,0,681.95,2025,10,October,Thursday,7744.85,7744.85
2025-10-16,ORD019122,CUST02270,P014,Keyboard,Electronics,Jaipur,Online,UPI,1,2320.76,0.05,2320.76,2204.72,0,319.79,2025,10,October,Thursday,2320.76,2204.722
2025-10-16,ORD031778,CUST01399,P004,Smartwatch,Electronics,Hyderabad,Online,UPI,1,6886.96,0.0,6886.96,6886.96,0,667.65,2025,10,October,Thursday,6886.96,6886.96
2025-10-16,ORD022960,CUST00730,P018,Jacket,Fashion,Pune,Online,Cash,1,4685.26,0.1,4685.26,4216.73,0,635.11,2025,10,October,Thursday,4685.26,4216.734
2025-10-16,ORD013929,CUST00563,P006,Desk,Furniture,Bengaluru,Online,UPI,2,12494.89,0.1,24989.78,22490.8,0,2425.97,2025,10,October,Thursday,24989.78,22490.802
2025-10-16,ORD019811,CUST04431,P001,Laptop,Electronics,Mumbai,Online,Credit Card,2,58526.06,0.05,117052.12,111199.51,0,21142.18,2025,10,October,Thursday,117052.12,111199.514
2025-10-16,ORD044921,CUST01484,P003,Headphones,Electronics,Pune,Online,Cash,1,4585.05,0.2,4585.05,3668.04,0,953.3,2025,10,October,Thursday,4585.05,3668.0400000000004
2025-10-16,ORD012582,CUST04864,P019,Vacuum Cleaner,Home,Hyderabad,Online,UPI,5,9105.19,0.2,45525.95,36420.76,0,7769.53,2025,10,October,Thursday,45525.950000000004,36420.76
2025-10-16,ORD018320,CUST04847,P011,Mixer Grinder,Home,Jaipur,Online,UPI,1,4366.95,0.1,4366.95,3930.26,0,623.35,2025,10,October,Thursday,4366.95,3930.255
2025-10-16,ORD006705,CUST04607,P010,Coffee Maker,Home,Chennai,Online,Net Banking,1,5652.14,0.0,5652.14,5652.14,0,865.61,2025,10,October,Thursday,5652.14,5652.14
2025-10-16,ORD016990,CUST01615,P008,Running Shoes,Fashion,Hyderabad,Online,UPI,1,4328.02,0.05,4328.02,4111.62,0,1156.45,2025,10,October,Thursday,4328.02,4111.619000000001
2025-10-16,ORD026251,CUST02301,P016,Sofa,Furniture,Jaipur,Online,Debit Card,1,36561.29,0.2,36561.29,29249.03,0,3986.31,2025,10,October,Thursday,36561.29,29249.032000000003
2025-10-16,ORD017059,CUST00606,P018,Jacket,Fashion,Delhi,Store,Net Banking,3,4979.41,0.15,14938.23,12697.5,0,3005.25,2025,10,October,Thursday,14938.23,12697.495499999999
2025-10-16,ORD042287,CUST00672,P015,Dining Table,Furniture,Surat,Store,Net Banking,3,21207.89,0.15,63623.67,54080.12,0,7686.14,2025,10,October,Thursday,63623.67,54080.1195
2025-10-16,ORD048234,CUST00576,P015,Dining Table,Furniture,Jaipur,Online,Net Banking,1,23323.53,0.1,23323.53,20991.18,1,-1049.56,2025,10,October,Thursday,23323.53,20991.177
2025-10-16,ORD009707,CUST04389,P006,Desk,Furniture,Chennai,Store,UPI,1,12207.93,0.05,12207.93,11597.53,0,2244.17,2025,10,October,Thursday,12207.93,11597.5335
2025-10-16,ORD031829,CUST02262,P019,Vacuum Cleaner,Home,Pune,Online,Credit Card,1,8518.27,0.1,8518.27,7666.44,0,1017.07,2025,10,October,Thursday,8518.27,7666.443
2025-10-16,ORD009040,CUST02861,P006,Desk,Furniture,Jaipur,Online,Net Banking,1,13045.77,0.1,13045.77,11741.19,0,2748.35,2025,10,October,Thursday,13045.77,11741.193000000001
2025-10-16,ORD015251,CUST03621,P009,T-Shirt,Fashion,Pune,Online,UPI,1,1188.88,0.2,1188.88,951.1,0,120.75,2025,10,October,Thursday,1188.88,951.1040000000002
2025-10-16,ORD001507,CUST04852,P009,T-Shirt,Fashion,Pune,Store,UPI,1,1174.2,0.1,1174.2,1056.78,0,260.27,2025,10,October,Thursday,1174.2,1056.78
2025-10-16,ORD019900,CUST03895,P015,Dining Table,Furniture,Bengaluru,Online,UPI,2,22693.35,0.1,45386.7,40848.03,0,3087.8,2025,10,October,Thursday,45386.7,40848.03
2025-10-16,ORD015661,CUST04641,P020,Microwave,Home,Bengaluru,Store,Debit Card,1,10705.49,0.05,10705.49,10170.22,0,2112.6,2025,10,October,Thursday,10705.49,10170.215499999998
2025-10-16,ORD015563,CUST01693,P011,Mixer Grinder,Home,Jaipur,Online,UPI,5,4418.86,0.05,22094.3,20989.58,0,4261.61,2025,10,October,Thursday,22094.3,20989.585
2025-10-16,ORD009071,CUST01608,P008,Running Shoes,Fashion,Kolkata,Store,Credit Card,5,3949.54,0.1,19747.7,17772.93,0,2914.77,2025,10,October,Thursday,19747.7,17772.93
2025-10-16,ORD022077,CUST03622,P002,Smartphone,Electronics,Bengaluru,Store,Debit Card,1,25571.04,0.05,25571.04,24292.49,0,6032.02,2025,10,October,Thursday,25571.04,24292.488
2025-10-16,ORD008829,CUST02187,P015,Dining Table,Furniture,Surat,Online,Credit Card,2,22137.73,0.05,44275.46,42061.69,0,9583.69,2025,10,October,Thursday,44275.46,42061.687
2025-10-16,ORD028305,CUST00803,P020,Microwave,Home,Surat,Online,Debit Card,3,11062.92,0.2,33188.76,26551.01,0,6784.82,2025,10,October,Thursday,33188.76,26551.008
2025-10-16,ORD010108,CUST02999,P007,Backpack,Accessories,Pune,Online,UPI,3,2096.93,0.1,6290.79,5661.71,0,686.59,2025,10,October,Thursday,6290.789999999999,5661.711
2025-10-16,ORD049824,CUST03163,P008,Running Shoes,Fashion,Delhi,Online,Credit Card,4,3894.12,0.1,15576.48,14018.83,0,2805.53,2025,10,October,Thursday,15576.48,14018.832
2025-10-16,ORD039158,CUST04632,P014,Keyboard,Electronics,Chennai,Store,Cash,3,2640.81,0.05,7922.43,7526.31,0,829.63,2025,10,October,Thursday,7922.43,7526.3085
2025-10-16,ORD037375,CUST02269,P007,Backpack,Accessories,Ahmedabad,Online,Net Banking,1,2097.0,0.1,2097.0,1887.3,0,441.65,2025,10,October,Thursday,2097.0,1887.3
2025-10-16,ORD010582,CUST04275,P016,Sofa,Furniture,Pune,Store,Net Banking,1,37515.03,0.05,37515.03,35639.28,0,9748.53,2025,10,October,Thursday,37515.03,35639.2785
2025-10-16,ORD044727,CUST02028,P019,Vacuum Cleaner,Home,Bengaluru,Store,UPI,2,8897.29,0.15,17794.58,15125.39,0,1711.11,2025,10,October,Thursday,17794.58,15125.393000000002
2025-10-16,ORD023119,CUST00952,P018,Jacket,Fashion,Hyderabad,Online,Net Banking,3,5400.53,0.2,16201.59,12961.27,0,778.07,2025,10,October,Thursday,16201.59,12961.272
2025-10-16,ORD013698,CUST02699,P004,Smartwatch,Electronics,Bengaluru,Online,Debit Card,1,7396.59,0.1,7396.59,6656.93,0,1474.79,2025,10,October,Thursday,7396.59,6656.9310000000005
2025-10-16,ORD024670,CUST02861,P006,Desk,Furniture,Mumbai,Online,Credit Card,1,13016.5,0.25,13016.5,9762.38,0,2085.42,2025,10,October,Thursday,13016.5,9762.375
2025-10-16,ORD024846,CUST04195,P020,Microwave,Home,Surat,Online,Credit Card,1,9978.76,0.1,9978.76,8980.88,0,708.92,2025,10,October,Thursday,9978.76,8980.884
2025-10-16,ORD020838,CUST04898,P015,Dining Table,Furniture,Chennai,Online,UPI,2,20240.0,0.05,40480.0,38456.0,0,5575.12,2025,10,October,Thursday,40480.0,38456.0
2025-10-16,ORD029939,CUST03437,P004,Smartwatch,Electronics,Mumbai,Store,Net Banking,2,7513.49,0.0,15026.98,15026.98,0,2316.5,2025,10,October,Thursday,15026.98,15026.98
2025-10-16,ORD028100,CUST02344,P020,Microwave,Home,Chennai,Store,UPI,1,12024.45,0.0,12024.45,12024.45,0,2385.95,2025,10,October,Thursday,12024.45,12024.45
2025-10-16,ORD013360,CUST01117,P007,Backpack,Accessories,Chennai,Online,UPI,2,2012.16,0.05,4024.32,3823.1,0,657.61,2025,10,October,Thursday,4024.32,3823.104
2025-10-16,ORD008226,CUST04411,P005,Office Chair,Furniture,Ahmedabad,Online,UPI,1,9543.94,0.1,9543.94,8589.55,1,-429.48,2025,10,October,Thursday,9543.94,8589.546
2025-10-16,ORD008990,CUST04579,P017,Jeans,Fashion,Hyderabad,Online,UPI,1,2704.75,0.15,2704.75,2299.04,0,377.57,2025,10,October,Thursday,2704.75,2299.0375
2025-10-16,ORD046193,CUST00702,P018,Jacket,Fashion,Mumbai,Store,Net Banking,1,5521.2,0.0,5521.2,5521.2,0,451.03,2025,10,October,Thursday,5521.2,5521.2
2025-10-16,ORD048175,CUST03933,P015,Dining Table,Furniture,Kolkata,Online,Debit Card,2,23229.43,0.15,46458.86,39490.03,0,2994.62,2025,10,October,Thursday,46458.86,39490.031
2025-10-16,ORD020938,CUST04918,P008,Running Shoes,Fashion,Bengaluru,Store,UPI,1,4290.09,0.2,4290.09,3432.07,0,771.5,2025,10,October,Thursday,4290.09,3432.072
2025-10-16,ORD003492,CUST03014,P002,Smartphone,Electronics,Jaipur,Online,Credit Card,2,30480.48,0.15,60960.96,51816.82,0,13308.11,2025,10,October,Thursday,60960.96,51816.816
2025-10-16,ORD048636,CUST02785,P020,Microwave,Home,Pune,Store,Net Banking,2,11637.02,0.2,23274.04,18619.23,1,-930.96,2025,10,October,Thursday,23274.04,18619.232
2025-10-16,ORD035985,CUST00991,P009,T-Shirt,Fashion,Chennai,Online,UPI,1,1110.68,0.05,1110.68,1055.15,0,206.87,2025,10,October,Thursday,1110.68,1055.146
2025-10-16,ORD005984,CUST01313,P006,Desk,Furniture,Jaipur,Store,Net Banking,1,11238.79,0.1,11238.79,10114.91,0,1662.53,2025,10,October,Thursday,11238.79,10114.911000000002
2025-10-17,ORD030886,CUST00050,P010,Coffee Maker,Home,Pune,Store,UPI,1,5563.33,0.0,5563.33,5563.33,0,897.96,2025,10,October,Friday,5563.33,5563.33
2025-10-17,ORD035157,CUST04696,P016,Sofa,Furniture,Hyderabad,Online,Credit Card,1,38287.24,0.1,38287.24,34458.52,0,2777.5,2025,10,October,Friday,38287.24,34458.515999999996
2025-10-17,ORD036515,CUST02170,P010,Coffee Maker,Home,Delhi,Store,UPI,1,5517.21,0.1,5517.21,4965.49,0,707.58,2025,10,October,Friday,5517.21,4965.4890000000005
2025-10-17,ORD003212,CUST04618,P016,Sofa,Furniture,Ahmedabad,Online,Credit Card,1,35072.78,0.0,35072.78,35072.78,0,6793.23,2025,10,October,Friday,35072.78,35072.78
2025-10-17,ORD040813,CUST01176,P013,Monitor,Electronics,Jaipur,Store,Debit Card,1,17505.29,0.05,17505.29,16630.03,0,2364.55,2025,10,October,Friday,17505.29,16630.0255
2025-10-17,ORD017621,CUST02866,P018,Jacket,Fashion,Bengaluru,Online,Credit Card,1,5492.9,0.15,5492.9,4668.96,0,840.47,2025,10,October,Friday,5492.9,4668.964999999999
2025-10-17,ORD036763,CUST01502,P001,Laptop,Electronics,Ahmedabad,Store,Credit Card,1,62915.14,0.1,62915.14,56623.63,0,12048.98,2025,10,October,Friday,62915.14,56623.626000000004
2025-10-17,ORD039540,CUST03159,P005,Office Chair,Furniture,Surat,Online,UPI,1,10433.66,0.1,10433.66,9390.29,0,1139.42,2025,10,October,Friday,10433.66,9390.294
2025-10-17,ORD004875,CUST00718,P017,Jeans,Fashion,Delhi,Store,UPI,3,2684.99,0.0,8054.97,8054.97,0,2118.62,2025,10,October,Friday,8054.969999999999,8054.97
2025-10-17,ORD031380,CUST04258,P018,Jacket,Fashion,Mumbai,Store,Debit Card,1,5197.99,0.2,5197.99,4158.39,0,934.81,2025,10,October,Friday,5197.99,4158.392
2025-10-17,ORD001627,CUST04882,P017,Jeans,Fashion,Hyderabad,Online,Credit Card,4,2896.94,0.1,11587.76,10428.98,0,1755.97,2025,10,October,Friday,11587.76,10428.984
2025-10-17,ORD011551,CUST00456,P017,Jeans,Fashion,Ahmedabad,Online,Cash,1,2725.52,0.1,2725.52,2452.97,0,499.2,2025,10,October,Friday,2725.52,2452.968
2025-10-17,ORD023894,CUST02591,P010,Coffee Maker,Home,Bengaluru,Store,UPI,1,5763.39,0.05,5763.39,5475.22,0,1468.31,2025,10,October,Friday,5763.39,5475.2205
2025-10-17,ORD000403,CUST02078,P011,Mixer Grinder,Home,Pune,Online,Debit Card,5,4465.7,0.0,22328.5,22328.5,0,6423.11,2025,10,October,Friday,22328.5,22328.5
2025-10-17,ORD046573,CUST03311,P005,Office Chair,Furniture,Surat,Store,UPI,4,8855.51,0.15,35422.04,30108.73,0,7213.91,2025,10,October,Friday,35422.04,30108.734
2025-10-17,ORD009952,CUST04483,P010,Coffee Maker,Home,Surat,Online,Credit Card,1,5934.4,0.1,5934.4,5340.96,0,1337.96,2025,10,October,Friday,5934.4,5340.96
2025-10-17,ORD011406,CUST02487,P017,Jeans,Fashion,Mumbai,Online,Credit Card,5,2832.9,0.05,14164.5,13456.28,0,1310.61,2025,10,October,Friday,14164.5,13456.275
2025-10-17,ORD037961,CUST01724,P012,Air Fryer,Home,Hyderabad,Online,Credit Card,1,6608.8,0.05,6608.8,6278.36,0,1432.29,2025,10,October,Friday,6608.8,6278.36
2025-10-17,ORD015197,CUST01313,P019,Vacuum Cleaner,Home,Delhi,Online,Credit Card,1,8363.07,0.0,8363.07,8363.07,0,1877.9,2025,10,October,Friday,8363.07,8363.07
2025-10-17,ORD042346,CUST03250,P015,Dining Table,Furniture,Bengaluru,Online,Debit Card,1,22214.15,0.05,22214.15,21103.44,1,-1055.17,2025,10,October,Friday,22214.15,21103.4425
2025-10-17,ORD008859,CUST00607,P006,Desk,Furniture,Pune,Online,Net Banking,1,12831.31,0.0,12831.31,12831.31,0,2925.62,2025,10,October,Friday,12831.31,12831.31
2025-10-17,ORD032594,CUST03298,P018,Jacket,Fashion,Surat,Online,UPI,5,4700.21,0.05,23501.05,22326.0,0,3904.05,2025,10,October,Friday,23501.05,22325.997499999998
2025-10-17,ORD006641,CUST04331,P008,Running Shoes,Fashion,Chennai,Online,Net Banking,3,3786.48,0.1,11359.44,10223.5,0,1222.95,2025,10,October,Friday,11359.44,10223.496000000001
2025-10-17,ORD048110,CUST04189,P009,T-Shirt,Fashion,Ahmedabad,Store,UPI,2,1115.17,0.05,2230.34,2118.82,0,511.58,2025,10,October,Friday,2230.34,2118.823
2025-10-17,ORD045242,CUST00353,P016,Sofa,Furniture,Ahmedabad,Online,Debit Card,1,35678.71,0.05,35678.71,33894.77,0,6038.75,2025,10,October,Friday,35678.71,33894.7745
2025-10-17,ORD002388,CUST00227,P019,Vacuum Cleaner,Home,Kolkata,Online,Credit Card,3,9664.5,0.1,28993.5,26094.15,0,6190.93,2025,10,October,Friday,28993.5,26094.15
2025-10-17,ORD018737,CUST04847,P018,Jacket,Fashion,Jaipur,Online,UPI,5,5141.22,0.05,25706.1,24420.8,0,2970.3,2025,10,October,Friday,25706.100000000002,24420.795
2025-10-17,ORD037928,CUST00102,P006,Desk,Furniture,Bengaluru,Online,UPI,2,11127.22,0.05,22254.44,21141.72,0,3471.89,2025,10,October,Friday,22254.44,21141.717999999997
2025-10-17,ORD020369,CUST03979,P005,Office Chair,Furniture,Chennai,Online,UPI,4,8723.17,0.2,34892.68,27914.14,0,2049.69,2025,10,October,Friday,34892.68,27914.144
2025-10-17,ORD002477,CUST01736,P014,Keyboard,Electronics,Surat,Store,Debit Card,2,2633.29,0.1,5266.58,4739.92,0,607.87,2025,10,October,Friday,5266.58,4739.9220000000005
2025-10-17,ORD002049,CUST01973,P012,Air Fryer,Home,Kolkata,Online,UPI,1,6628.64,0.0,6628.64,6628.64,0,698.82,2025,10,October,Friday,6628.64,6628.64
2025-10-17,ORD004843,CUST02366,P017,Jeans,Fashion,Delhi,Store,Debit Card,2,2906.7,0.1,5813.4,5232.06,0,1122.61,2025,10,October,Friday,5813.4,5232.0599999999995
2025-10-17,ORD011553,CUST03434,P003,Headphones,Electronics,Pune,Store,UPI,1,4518.6,0.15,4518.6,3840.81,0,500.48,2025,10,October,Friday,4518.6,3840.8100000000004
2025-10-17,ORD025451,CUST00196,P005,Office Chair,Furniture,Mumbai,Online,Net Banking,1,9385.76,0.1,9385.76,8447.18,0,1963.09,2025,10,October,Friday,9385.76,8447.184000000001
2025-10-17,ORD039161,CUST03200,P009,T-Shirt,Fashion,Mumbai,Store,UPI,2,1081.49,0.1,2162.98,1946.68,0,448.31,2025,10,October,Friday,2162.98,1946.682
2025-10-17,ORD024693,CUST03823,P005,Office Chair,Furniture,Bengaluru,Online,Net Banking,1,9093.05,0.15,9093.05,7729.09,0,1314.14,2025,10,October,Friday,9093.05,7729.092499999999
2025-10-17,ORD013891,CUST03482,P011,Mixer Grinder,Home,Hyderabad,Store,UPI,1,4616.52,0.25,4616.52,3462.39,0,147.54,2025,10,October,Friday,4616.52,3462.3900000000003
2025-10-17,ORD041299,CUST00396,P008,Running Shoes,Fashion,Pune,Store,Credit Card,1,4521.46,0.1,4521.46,4069.31,0,726.49,2025,10,October,Friday,4521.46,4069.3140000000003
2025-10-17,ORD043528,CUST01846,P010,Coffee Maker,Home,Surat,Store,Credit Card,3,5308.55,0.1,15925.65,14333.08,0,2212.82,2025,10,October,Friday,15925.650000000001,14333.085
2025-10-17,ORD037967,CUST03754,P011,Mixer Grinder,Home,Hyderabad,Online,UPI,1,4592.67,0.1,4592.67,4133.4,0,918.13,2025,10,October,Friday,4592.67,4133.403
2025-10-17,ORD038686,CUST00858,P003,Headphones,Electronics,Ahmedabad,Online,Net Banking,1,4941.78,0.15,4941.78,4200.51,0,762.61,2025,10,October,Friday,4941.78,4200.513
2025-10-17,ORD019736,CUST02674,P017,Jeans,Fashion,Hyderabad,Online,Credit Card,1,2717.66,0.2,2717.66,2174.13,0,411.34,2025,10,October,Friday,2717.66,2174.128
2025-10-17,ORD003878,CUST04012,P015,Dining Table,Furniture,Bengaluru,Online,UPI,2,20525.16,0.05,41050.32,38997.8,0,5706.31,2025,10,October,Friday,41050.32,38997.804
2025-10-17,ORD014567,CUST02989,P017,Jeans,Fashion,Kolkata,Store,Debit Card,1,2975.4,0.05,2975.4,2826.63,0,781.43,2025,10,October,Friday,2975.4,2826.63
2025-10-17,ORD029293,CUST02308,P003,Headphones,Electronics,Ahmedabad,Online,Credit Card,1,4172.57,0.1,4172.57,3755.31,0,995.01,2025,10,October,Friday,4172.57,3755.3129999999996
2025-10-17,ORD008411,CUST01760,P003,Headphones,Electronics,Hyderabad,Online,Cash,1,4524.37,0.15,4524.37,3845.71,0,324.17,2025,10,October,Friday,4524.37,3845.7144999999996
2025-10-17,ORD041354,CUST01882,P002,Smartphone,Electronics,Mumbai,Online,Cash,2,27805.95,0.15,55611.9,47270.12,0,11641.94,2025,10,October,Friday,55611.9,47270.115
2025-10-17,ORD024135,CUST01562,P010,Coffee Maker,Home,Chennai,Online,Debit Card,1,5521.42,0.1,5521.42,4969.28,0,378.11,2025,10,October,Friday,5521.42,4969.278
2025-10-17,ORD027925,CUST01397,P012,Air Fryer,Home,Surat,Online,Debit Card,2,7043.41,0.1,14086.82,12678.14,0,1762.1,2025,10,October,Friday,14086.82,12678.138
2025-10-17,ORD032483,CUST00126,P011,Mixer Grinder,Home,Kolkata,Store,Cash,2,4438.61,0.1,8877.22,7989.5,0,1396.24,2025,10,October,Friday,8877.22,7989.498
2025-10-17,ORD049817,CUST03183,P020,Microwave,Home,Pune,Online,Credit Card,1,11946.35,0.0,11946.35,11946.35,1,-597.32,2025,10,October,Friday,11946.35,11946.35
2025-10-17,ORD020844,CUST00811,P009,T-Shirt,Fashion,Delhi,Store,Credit Card,1,1144.44,0.15,1144.44,972.77,0,205.98,2025,10,October,Friday,1144.44,972.774
2025-10-17,ORD022323,CUST01736,P015,Dining Table,Furniture,Mumbai,Online,Credit Card,1,24112.22,0.05,24112.22,22906.61,0,4502.35,2025,10,October,Friday,24112.22,22906.609
2025-10-17,ORD007737,CUST01791,P009,T-Shirt,Fashion,Bengaluru,Online,Credit Card,2,1213.94,0.15,2427.88,2063.7,0,424.52,2025,10,October,Friday,2427.88,2063.698
2025-10-17,ORD039874,CUST04596,P020,Microwave,Home,Kolkata,Online,UPI,2,11510.02,0.05,23020.04,21869.04,0,5503.27,2025,10,October,Friday,23020.04,21869.038
2025-10-17,ORD030142,CUST00133,P011,Mixer Grinder,Home,Hyderabad,Online,UPI,4,4751.47,0.05,19005.88,18055.59,0,2428.33,2025,10,October,Friday,19005.88,18055.586
2025-10-17,ORD024410,CUST01806,P001,Laptop,Electronics,Hyderabad,Online,UPI,1,70677.17,0.15,70677.17,60075.59,0,11829.08,2025,10,October,Friday,70677.17,60075.5945
2025-10-17,ORD000553,CUST01281,P013,Monitor,Electronics,Delhi,Online,Debit Card,2,16405.54,0.05,32811.08,31170.53,0,6755.46,2025,10,October,Friday,32811.08,31170.526
2025-10-17,ORD043056,CUST01870,P017,Jeans,Fashion,Pune,Online,Debit Card,1,2734.52,0.1,2734.52,2461.07,0,502.12,2025,10,October,Friday,2734.52,2461.068
2025-10-17,ORD012776,CUST01980,P015,Dining Table,Furniture,Pune,Online,Credit Card,1,21858.86,0.05,21858.86,20765.92,0,4224.63,2025,10,October,Friday,21858.86,20765.917
2025-10-17,ORD030709,CUST00426,P004,Smartwatch,Electronics,Bengaluru,Online,Debit Card,1,7609.73,0.15,7609.73,6468.27,0,611.36,2025,10,October,Friday,7609.73,6468.2705
2025-10-17,ORD015598,CUST01044,P005,Office Chair,Furniture,Hyderabad,Online,Credit Card,1,9746.36,0.1,9746.36,8771.72,0,1461.1,2025,10,October,Friday,9746.36,8771.724
2025-10-17,ORD041011,CUST03621,P003,Headphones,Electronics,Ahmedabad,Store,Cash,2,4064.59,0.25,8129.18,6096.88,0,1050.59,2025,10,October,Friday,8129.18,6096.885
2025-10-18,ORD043808,CUST03833,P015,Dining Table,Furniture,Kolkata,Store,UPI,2,22022.21,0.0,44044.42,44044.42,0,12809.57,2025,10,October,Saturday,44044.42,44044.42
2025-10-18,ORD010380,CUST00065,P005,Office Chair,Furniture,Kolkata,Online,Credit Card,1,8990.28,0.05,8990.28,8540.77,0,1747.08,2025,10,October,Saturday,8990.28,8540.766
2025-10-18,ORD005140,CUST01331,P008,Running Shoes,Fashion,Bengaluru,Store,Net Banking,2,4609.88,0.05,9219.76,8758.77,0,1232.17,2025,10,October,Saturday,9219.76,8758.771999999999
2025-10-18,ORD040675,CUST00508,P018,Jacket,Fashion,Pune,Online,UPI,1,5419.88,0.0,5419.88,5419.88,0,1001.38,2025,10,October,Saturday,5419.88,5419.88
2025-10-18,ORD025278,CUST00391,P007,Backpack,Accessories,Mumbai,Online,Credit Card,1,2092.32,0.15,2092.32,1778.47,1,-88.92,2025,10,October,Saturday,2092.32,1778.472
2025-10-18,ORD030123,CUST01688,P003,Headphones,Electronics,Mumbai,Store,Net Banking,2,4220.07,0.0,8440.14,8440.14,0,684.49,2025,10,October,Saturday,8440.14,8440.14
2025-10-18,ORD033334,CUST03466,P011,Mixer Grinder,Home,Bengaluru,Store,Net Banking,1,4404.95,0.05,4404.95,4184.7,0,828.5,2025,10,October,Saturday,4404.95,4184.702499999999
2025-10-18,ORD007240,CUST01691,P019,Vacuum Cleaner,Home,Hyderabad,Online,UPI,3,9006.62,0.1,27019.86,24317.87,0,4072.94,2025,10,October,Saturday,27019.86,24317.874
2025-10-18,ORD012662,CUST03642,P010,Coffee Maker,Home,Ahmedabad,Online,UPI,1,5218.08,0.0,5218.08,5218.08,0,502.93,2025,10,October,Saturday,5218.08,5218.08
2025-10-18,ORD014928,CUST03168,P014,Keyboard,Electronics,Ahmedabad,Store,UPI,2,2276.92,0.1,4553.84,4098.46,0,505.05,2025,10,October,Saturday,4553.84,4098.456
2025-10-18,ORD034727,CUST02736,P018,Jacket,Fashion,Hyderabad,Online,UPI,5,5094.42,0.0,25472.1,25472.1,0,6234.1,2025,10,October,Saturday,25472.1,25472.1
2025-10-18,ORD000629,CUST02463,P009,T-Shirt,Fashion,Bengaluru,Online,UPI,1,1241.67,0.2,1241.67,993.34,0,141.51,2025,10,October,Saturday,1241.67,993.3360000000001
2025-10-18,ORD038558,CUST01987,P011,Mixer Grinder,Home,Chennai,Online,UPI,1,4517.15,0.05,4517.15,4291.29,0,771.52,2025,10,October,Saturday,4517.15,4291.2925
2025-10-18,ORD004245,CUST02038,P006,Desk,Furniture,Chennai,Online,UPI,1,12848.76,0.1,12848.76,11563.88,0,1262.51,2025,10,October,Saturday,12848.76,11563.884
2025-10-18,ORD027770,CUST01368,P011,Mixer Grinder,Home,Ahmedabad,Store,UPI,1,4542.61,0.1,4542.61,4088.35,0,528.04,2025,10,October,Saturday,4542.61,4088.3489999999997
2025-10-18,ORD010415,CUST03921,P017,Jeans,Fashion,Bengaluru,Store,UPI,2,2930.81,0.0,5861.62,5861.62,0,736.07,2025,10,October,Saturday,5861.62,5861.62
2025-10-18,ORD015403,CUST02884,P011,Mixer Grinder,Home,Bengaluru,Online,UPI,3,5053.06,0.15,15159.18,12885.3,0,2525.68,2025,10,October,Saturday,15159.18,12885.303
2025-10-18,ORD020662,CUST04862,P003,Headphones,Electronics,Kolkata,Online,Net Banking,1,4665.01,0.1,4665.01,4198.51,0,806.72,2025,10,October,Saturday,4665.01,4198.509
2025-10-18,ORD031853,CUST00931,P012,Air Fryer,Home,Hyderabad,Store,Credit Card,1,7332.06,0.05,7332.06,6965.46,1,-348.27,2025,10,October,Saturday,7332.06,6965.457
2025-10-18,ORD049689,CUST03602,P020,Microwave,Home,Kolkata,Online,Credit Card,1,11489.52,0.0,11489.52,11489.52,0,1753.51,2025,10,October,Saturday,11489.52,11489.52
2025-10-18,ORD015837,CUST03072,P015,Dining Table,Furniture,Jaipur,Online,UPI,3,20655.8,0.0,61967.4,61967.4,0,13288.07,2025,10,October,Saturday,61967.399999999994,61967.4
2025-10-18,ORD039064,CUST04197,P016,Sofa,Furniture,Kolkata,Online,Credit Card,5,37729.96,0.05,188649.8,179217.31,0,16527.34,2025,10,October,Saturday,188649.8,179217.30999999997
2025-10-18,ORD049613,CUST00163,P012,Air Fryer,Home,Ahmedabad,Online,UPI,4,7322.77,0.1,29291.08,26361.97,0,2570.56,2025,10,October,Saturday,29291.08,26361.972
2025-10-18,ORD033368,CUST00096,P009,T-Shirt,Fashion,Delhi,Store,Credit Card,1,1193.85,0.05,1193.85,1134.16,0,118.46,2025,10,October,Saturday,1193.85,1134.1574999999998
2025-10-18,ORD034422,CUST01943,P003,Headphones,Electronics,Pune,Store,UPI,1,4263.91,0.05,4263.91,4050.71,1,-202.54,2025,10,October,Saturday,4263.91,4050.7144999999996
2025-10-18,ORD004844,CUST04773,P005,Office Chair,Furniture,Pune,Store,Debit Card,1,9012.96,0.1,9012.96,8111.66,0,1966.92,2025,10,October,Saturday,9012.96,8111.664
2025-10-18,ORD036085,CUST02125,P008,Running Shoes,Fashion,Delhi,Online,Credit Card,1,4008.52,0.1,4008.52,3607.67,0,541.35,2025,10,October,Saturday,4008.52,3607.668
2025-10-18,ORD013906,CUST03575,P001,Laptop,Electronics,Pune,Online,UPI,1,60279.44,0.05,60279.44,57265.47,0,6972.9,2025,10,October,Saturday,60279.44,57265.468
2025-10-18,ORD049801,CUST04918,P019,Vacuum Cleaner,Home,Surat,Store,UPI,1,8446.36,0.15,8446.36,7179.41,0,1757.32,2025,10,October,Saturday,8446.36,7179.406
2025-10-18,ORD014684,CUST02705,P016,Sofa,Furniture,Chennai,Online,Net Banking,1,35118.65,0.2,35118.65,28094.92,0,5571.16,2025,10,October,Saturday,35118.65,28094.920000000002
2025-10-18,ORD021419,CUST04445,P006,Desk,Furniture,Surat,Store,Net Banking,1,12032.25,0.1,12032.25,10829.02,0,886.62,2025,10,October,Saturday,12032.25,10829.025
2025-10-18,ORD039184,CUST04433,P016,Sofa,Furniture,Chennai,Online,UPI,5,35919.06,0.15,179595.3,152656.0,0,34687.3,2025,10,October,Saturday,179595.3,152656.00499999998
2025-10-18,ORD006060,CUST00215,P020,Microwave,Home,Surat,Online,Credit Card,1,10071.25,0.05,10071.25,9567.69,0,2235.29,2025,10,October,Saturday,10071.25,9567.6875
2025-10-18,ORD034784,CUST01151,P003,Headphones,Electronics,Jaipur,Online,Debit Card,2,4424.32,0.1,8848.64,7963.78,0,1568.23,2025,10,October,Saturday,8848.64,7963.776
2025-10-18,ORD000752,CUST03813,P016,Sofa,Furniture,Jaipur,Online,Credit Card,4,33216.96,0.05,132867.84,126224.45,0,17736.8,2025,10,October,Saturday,132867.84,126224.44799999999
2025-10-18,ORD039581,CUST04034,P002,Smartphone,Electronics,Chennai,Online,UPI,1,29516.32,0.25,29516.32,22137.24,1,-1106.86,2025,10,October,Saturday,29516.32,22137.239999999998
2025-10-18,ORD032293,CUST04885,P019,Vacuum Cleaner,Home,Hyderabad,Store,Credit Card,1,8149.89,0.15,8149.89,6927.41,0,1100.64,2025,10,October,Saturday,8149.89,6927.4065
2025-10-18,ORD003093,CUST00578,P020,Microwave,Home,Mumbai,Online,Credit Card,1,11013.37,0.1,11013.37,9912.03,0,1993.17,2025,10,October,Saturday,11013.37,9912.033000000001
2025-10-18,ORD015767,CUST01136,P008,Running Shoes,Fashion,Ahmedabad,Online,Credit Card,5,4607.5,0.25,23037.5,17278.12,0,4247.58,2025,10,October,Saturday,23037.5,17278.125
2025-10-18,ORD007460,CUST04768,P020,Microwave,Home,Surat,Online,Cash,1,10755.41,0.1,10755.41,9679.87,0,758.45,2025,10,October,Saturday,10755.41,9679.869
2025-10-18,ORD027656,CUST00468,P011,Mixer Grinder,Home,Jaipur,Store,Credit Card,1,5120.5,0.2,5120.5,4096.4,1,-204.82,2025,10,October,Saturday,5120.5,4096.400000000001
2025-10-18,ORD046106,CUST04901,P010,Coffee Maker,Home,Pune,Online,Cash,1,5452.8,0.1,5452.8,4907.52,0,1331.87,2025,10,October,Saturday,5452.8,4907.52
2025-10-18,ORD015525,CUST02080,P002,Smartphone,Electronics,Mumbai,Store,UPI,1,27230.4,0.05,27230.4,25868.88,0,4043.93,2025,10,October,Saturday,27230.4,25868.88
2025-10-18,ORD024931,CUST04989,P018,Jacket,Fashion,Pune,Online,Credit Card,1,5355.74,0.1,5355.74,4820.17,0,835.59,2025,10,October,Saturday,5355.74,4820.166
2025-10-18,ORD019670,CUST02269,P001,Laptop,Electronics,Mumbai,Online,UPI,1,61368.77,0.15,61368.77,52163.45,0,8963.65,2025,10,October,Saturday,61368.77,52163.45449999999
2025-10-18,ORD003195,CUST03152,P018,Jacket,Fashion,Delhi,Online,Credit Card,3,4706.71,0.05,14120.13,13414.12,0,2353.41,2025,10,October,Saturday,14120.130000000001,13414.123499999998
2025-10-18,ORD019479,CUST00470,P015,Dining Table,Furniture,Delhi,Online,UPI,1,22624.67,0.2,22624.67,18099.74,0,2463.98,2025,10,October,Saturday,22624.67,18099.736
2025-10-18,ORD005701,CUST01049,P011,Mixer Grinder,Home,Chennai,Store,UPI,1,4780.53,0.05,4780.53,4541.5,0,1120.25,2025,10,October,Saturday,4780.53,4541.5035
2025-10-18,ORD013605,CUST02353,P016,Sofa,Furniture,Surat,Online,Debit Card,1,31742.32,0.05,31742.32,30155.2,0,6207.0,2025,10,October,Saturday,31742.32,30155.203999999998
2025-10-18,ORD012311,CUST01524,P003,Headphones,Electronics,Kolkata,Online,Cash,4,4613.73,0.0,18454.92,18454.92,0,4449.86,2025,10,October,Saturday,18454.92,18454.92
2025-10-18,ORD031478,CUST01240,P005,Office Chair,Furniture,Jaipur,Store,UPI,2,10101.19,0.1,20202.38,18182.14,0,1562.57,2025,10,October,Saturday,20202.38,18182.142
2025-10-18,ORD025830,CUST01169,P006,Desk,Furniture,Delhi,Online,UPI,1,11108.13,0.05,11108.13,10552.72,0,2331.95,2025,10,October,Saturday,11108.13,10552.723499999998
2025-10-18,ORD030978,CUST04182,P006,Desk,Furniture,Ahmedabad,Store,Debit Card,1,12636.16,0.0,12636.16,12636.16,0,1813.12,2025,10,October,Saturday,12636.16,12636.16
2025-10-18,ORD048010,CUST02520,P013,Monitor,Electronics,Jaipur,Store,Debit Card,3,18887.36,0.15,56662.08,48162.77,0,9301.54,2025,10,October,Saturday,56662.08,48162.768000000004
2025-10-18,ORD027207,CUST00145,P010,Coffee Maker,Home,Pune,Store,Credit Card,4,5055.1,0.1,20220.4,18198.36,0,3819.07,2025,10,October,Saturday,20220.4,18198.36
2025-10-18,ORD004530,CUST04713,P008,Running Shoes,Fashion,Kolkata,Store,Net Banking,1,4173.88,0.15,4173.88,3547.8,0,353.91,2025,10,October,Saturday,4173.88,3547.798
2025-10-18,ORD032024,CUST00598,P014,Keyboard,Electronics,Bengaluru,Online,UPI,2,2391.89,0.1,4783.78,4305.4,0,411.84,2025,10,October,Saturday,4783.78,4305.402
2025-10-18,ORD025227,CUST04224,P012,Air Fryer,Home,Ahmedabad,Online,Cash,1,7436.05,0.2,7436.05,5948.84,0,303.32,2025,10,October,Saturday,7436.05,5948.84
2025-10-18,ORD002058,CUST01107,P012,Air Fryer,Home,Hyderabad,Store,Credit Card,1,6732.45,0.25,6732.45,5049.34,0,1129.72,2025,10,October,Saturday,6732.45,5049.3375
2025-10-18,ORD021949,CUST00622,P016,Sofa,Furniture,Bengaluru,Online,UPI,2,35024.84,0.2,70049.68,56039.74,1,-2801.99,2025,10,October,Saturday,70049.68,56039.744
2025-10-18,ORD033901,CUST01273,P008,Running Shoes,Fashion,Ahmedabad,Online,UPI,1,4296.18,0.2,4296.18,3436.94,0,724.91,2025,10,October,Saturday,4296.18,3436.9440000000004
2025-10-19,ORD031697,CUST03074,P002,Smartphone,Electronics,Jaipur,Online,Net Banking,1,29816.86,0.1,29816.86,26835.17,0,2379.32,2025,10,October,Sunday,29816.86,26835.174000000003
2025-10-19,ORD040169,CUST02028,P011,Mixer Grinder,Home,Kolkata,Online,Credit Card,1,5010.62,0.1,5010.62,4509.56,0,964.5,2025,10,October,Sunday,5010.62,4509.558
2025-10-19,ORD040160,CUST00259,P001,Laptop,Electronics,Delhi,Store,Debit Card,1,67012.26,0.1,67012.26,60311.03,0,7556.42,2025,10,October,Sunday,67012.26,60311.034
2025-10-19,ORD001943,CUST01465,P018,Jacket,Fashion,Chennai,Store,Credit Card,2,5030.19,0.1,10060.38,9054.34,0,2491.09,2025,10,October,Sunday,10060.38,9054.341999999999
2025-10-19,ORD008009,CUST04520,P020,Microwave,Home,Bengaluru,Store,UPI,1,11689.29,0.1,11689.29,10520.36,0,1898.47,2025,10,October,Sunday,11689.29,10520.361
2025-10-19,ORD000436,CUST03516,P006,Desk,Furniture,Jaipur,Online,UPI,2,11142.14,0.2,22284.28,17827.42,0,2888.77,2025,10,October,Sunday,22284.28,17827.424
2025-10-19,ORD049186,CUST00781,P005,Office Chair,Furniture,Jaipur,Store,Credit Card,1,9552.03,0.0,9552.03,9552.03,0,2221.06,2025,10,October,Sunday,9552.03,9552.03
2025-10-19,ORD022899,CUST02353,P007,Backpack,Accessories,Chennai,Store,Cash,3,2081.69,0.05,6245.07,5932.82,0,1352.75,2025,10,October,Sunday,6245.07,5932.816499999999
2025-10-19,ORD011516,CUST01730,P002,Smartphone,Electronics,Bengaluru,Store,Credit Card,1,26915.18,0.1,26915.18,24223.66,0,1494.42,2025,10,October,Sunday,26915.18,24223.662
2025-10-19,ORD017524,CUST00900,P019,Vacuum Cleaner,Home,Bengaluru,Online,Credit Card,3,8123.94,0.0,24371.82,24371.82,0,3640.66,2025,10,October,Sunday,24371.82,24371.82
2025-10-19,ORD008847,CUST01651,P007,Backpack,Accessories,Delhi,Online,UPI,1,2289.17,0.05,2289.17,2174.71,0,370.14,2025,10,October,Sunday,2289.17,2174.7115
2025-10-19,ORD002597,CUST01644,P010,Coffee Maker,Home,Chennai,Online,Debit Card,2,5612.03,0.0,11224.06,11224.06,1,-561.2,2025,10,October,Sunday,11224.06,11224.06
2025-10-19,ORD008098,CUST02891,P019,Vacuum Cleaner,Home,Ahmedabad,Store,Debit Card,3,9543.97,0.2,28631.91,22905.53,0,5815.32,2025,10,October,Sunday,28631.909999999996,22905.528000000002
2025-10-19,ORD018624,CUST02682,P010,Coffee Maker,Home,Surat,Online,UPI,2,5478.24,0.15,10956.48,9313.01,0,1051.75,2025,10,October,Sunday,10956.48,9313.008
2025-10-19,ORD013033,CUST01318,P011,Mixer Grinder,Home,Delhi,Online,UPI,2,4745.3,0.0,9490.6,9490.6,0,1422.99,2025,10,October,Sunday,9490.6,9490.6
2025-10-19,ORD015458,CUST03029,P013,Monitor,Electronics,Ahmedabad,Store,Cash,1,17753.85,0.1,17753.85,15978.46,0,1984.04,2025,10,October,Sunday,17753.85,15978.464999999998
2025-10-19,ORD040303,CUST02195,P013,Monitor,Electronics,Mumbai,Online,UPI,1,18157.57,0.1,18157.57,16341.81,1,-817.09,2025,10,October,Sunday,18157.57,16341.813
2025-10-19,ORD002090,CUST01665,P003,Headphones,Electronics,Hyderabad,Online,Credit Card,1,4731.79,0.2,4731.79,3785.43,0,223.71,2025,10,October,Sunday,4731.79,3785.4320000000002
2025-10-19,ORD016309,CUST01739,P012,Air Fryer,Home,Surat,Store,Cash,5,6782.52,0.1,33912.6,30521.34,0,3865.79,2025,10,October,Sunday,33912.600000000006,30521.34
2025-10-19,ORD006678,CUST04231,P008,Running Shoes,Fashion,Delhi,Online,UPI,3,4054.06,0.0,12162.18,12162.18,0,3528.65,2025,10,October,Sunday,12162.18,12162.18
2025-10-19,ORD005342,CUST03993,P016,Sofa,Furniture,Surat,Online,Debit Card,1,36791.01,0.05,36791.01,34951.46,0,3004.56,2025,10,October,Sunday,36791.01,34951.4595
2025-10-19,ORD022914,CUST04723,P015,Dining Table,Furniture,Ahmedabad,Online,Credit Card,1,20052.15,0.1,20052.15,18046.94,0,3473.67,2025,10,October,Sunday,20052.15,18046.935
2025-10-19,ORD029357,CUST03358,P003,Headphones,Electronics,Delhi,Online,Net Banking,1,4290.52,0.1,4290.52,3861.47,0,1047.04,2025,10,October,Sunday,4290.52,3861.4680000000003
2025-10-19,ORD039794,CUST02624,P002,Smartphone,Electronics,Surat,Online,Debit Card,1,28308.7,0.05,28308.7,26893.26,0,2236.35,2025,10,October,Sunday,28308.7,26893.265
2025-10-19,ORD030553,CUST01295,P006,Desk,Furniture,Ahmedabad,Online,Credit Card,1,12820.04,0.1,12820.04,11538.04,0,2890.16,2025,10,October,Sunday,12820.04,11538.036000000002
2025-10-19,ORD036977,CUST04663,P017,Jeans,Fashion,Chennai,Store,UPI,1,2950.72,0.0,2950.72,2950.72,0,439.68,2025,10,October,Sunday,2950.72,2950.72
2025-10-19,ORD015443,CUST04110,P006,Desk,Furniture,Hyderabad,Online,Credit Card,1,12951.37,0.1,12951.37,11656.23,0,1373.49,2025,10,October,Sunday,12951.37,11656.233
2025-10-19,ORD032101,CUST04894,P019,Vacuum Cleaner,Home,Bengaluru,Online,Credit Card,4,9557.73,0.05,38230.92,36319.37,0,6447.59,2025,10,October,Sunday,38230.92,36319.373999999996
2025-10-19,ORD009096,CUST04749,P001,Laptop,Electronics,Jaipur,Online,UPI,1,69409.74,0.15,69409.74,58998.28,0,8876.11,2025,10,October,Sunday,69409.74,58998.279
2025-10-19,ORD024080,CUST03001,P013,Monitor,Electronics,Hyderabad,Store,Cash,1,19570.56,0.1,19570.56,17613.5,0,1541.43,2025,10,October,Sunday,19570.56,17613.504
2025-10-19,ORD042181,CUST03871,P011,Mixer Grinder,Home,Surat,Online,UPI,1,4744.13,0.05,4744.13,4506.92,0,469.22,2025,10,October,Sunday,4744.13,4506.9235
2025-10-19,ORD036470,CUST02279,P002,Smartphone,Electronics,Delhi,Online,UPI,2,27731.42,0.2,55462.84,44370.27,0,1927.93,2025,10,October,Sunday,55462.84,44370.272
2025-10-19,ORD012345,CUST02361,P005,Office Chair,Furniture,Mumbai,Store,UPI,1,9845.68,0.0,9845.68,9845.68,1,-492.28,2025,10,October,Sunday,9845.68,9845.68
2025-10-19,ORD038238,CUST00393,P018,Jacket,Fashion,Hyderabad,Store,UPI,2,5094.82,0.15,10189.64,8661.19,0,1092.29,2025,10,October,Sunday,10189.64,8661.194
2025-10-19,ORD039172,CUST00197,P017,Jeans,Fashion,Jaipur,Store,UPI,1,2596.62,0.05,2596.62,2466.79,0,383.15,2025,10,October,Sunday,2596.62,2466.7889999999998
2025-10-19,ORD037844,CUST04989,P008,Running Shoes,Fashion,Bengaluru,Store,UPI,1,4558.21,0.05,4558.21,4330.3,0,370.53,2025,10,October,Sunday,4558.21,4330.2995
2025-10-19,ORD015984,CUST02179,P010,Coffee Maker,Home,Chennai,Online,UPI,3,5196.91,0.0,15590.73,15590.73,0,2809.23,2025,10,October,Sunday,15590.73,15590.73
2025-10-19,ORD007673,CUST01537,P011,Mixer Grinder,Home,Hyderabad,Store,Debit Card,2,5229.99,0.0,10459.98,10459.98,0,2595.85,2025,10,October,Sunday,10459.98,10459.98
2025-10-19,ORD005160,CUST02866,P011,Mixer Grinder,Home,Hyderabad,Online,UPI,1,4344.38,0.2,4344.38,3475.5,0,207.6,2025,10,October,Sunday,4344.38,3475.5040000000004
2025-10-19,ORD022254,CUST04209,P019,Vacuum Cleaner,Home,Bengaluru,Online,Credit Card,1,8774.87,0.1,8774.87,7897.38,0,1996.27,2025,10,October,Sunday,8774.87,7897.383000000001
2025-10-19,ORD019121,CUST01681,P004,Smartwatch,Electronics,Mumbai,Online,UPI,3,6790.56,0.0,20371.68,20371.68,0,4332.09,2025,10,October,Sunday,20371.68,20371.68
2025-10-19,ORD038888,CUST00863,P012,Air Fryer,Home,Chennai,Online,Cash,2,7030.29,0.2,14060.58,11248.46,0,2389.6,2025,10,October,Sunday,14060.58,11248.464
2025-10-19,ORD004472,CUST04204,P011,Mixer Grinder,Home,Chennai,Online,Cash,1,4886.35,0.05,4886.35,4642.03,0,1153.67,2025,10,October,Sunday,4886.35,4642.0325
2025-10-19,ORD024482,CUST01444,P004,Smartwatch,Electronics,Hyderabad,Store,Credit Card,1,7361.65,0.0,7361.65,7361.65,0,2178.89,2025,10,October,Sunday,7361.65,7361.65
2025-10-19,ORD026789,CUST00422,P010,Coffee Maker,Home,Surat,Store,Credit Card,4,5370.14,0.25,21480.56,16110.42,0,3562.89,2025,10,October,Sunday,21480.56,16110.420000000002
2025-10-19,ORD008881,CUST00445,P011,Mixer Grinder,Home,Pune,Online,UPI,2,4383.56,0.2,8767.12,7013.7,0,1631.4,2025,10,October,Sunday,8767.12,7013.696000000001
2025-10-19,ORD013934,CUST01362,P008,Running Shoes,Fashion,Kolkata,Online,UPI,1,4554.58,0.15,4554.58,3871.39,0,615.78,2025,10,October,Sunday,4554.58,3871.393
2025-10-19,ORD049712,CUST03777,P002,Smartphone,Electronics,Delhi,Online,Credit Card,1,30338.77,0.0,30338.77,30338.77,0,6145.02,2025,10,October,Sunday,30338.77,30338.77
2025-10-19,ORD015497,CUST01294,P014,Keyboard,Electronics,Surat,Online,Net Banking,2,2369.67,0.0,4739.34,4739.34,1,-236.97,2025,10,October,Sunday,4739.34,4739.34
2025-10-19,ORD037733,CUST01090,P011,Mixer Grinder,Home,Surat,Online,Debit Card,4,5059.46,0.1,20237.84,18214.06,0,4467.47,2025,10,October,Sunday,20237.84,18214.056
2025-10-19,ORD042235,CUST01750,P020,Microwave,Home,Ahmedabad,Online,Credit Card,1,11342.34,0.15,11342.34,9640.99,0,2301.14,2025,10,October,Sunday,11342.34,9640.989
2025-10-19,ORD012921,CUST00523,P018,Jacket,Fashion,Pune,Store,Credit Card,1,5223.88,0.05,5223.88,4962.69,0,649.43,2025,10,October,Sunday,5223.88,4962.686
2025-10-19,ORD038269,CUST00729,P011,Mixer Grinder,Home,Delhi,Online,Debit Card,2,4891.06,0.15,9782.12,8314.8,0,1075.97,2025,10,October,Sunday,9782.12,8314.802
2025-10-19,ORD009742,CUST03467,P014,Keyboard,Electronics,Mumbai,Online,UPI,1,2415.19,0.2,2415.19,1932.15,0,206.13,2025,10,October,Sunday,2415.19,1932.152
2025-10-19,ORD009826,CUST03124,P005,Office Chair,Furniture,Jaipur,Online,Credit Card,3,9357.84,0.0,28073.52,28073.52,0,3849.31,2025,10,October,Sunday,28073.52,28073.52
2025-10-19,ORD034526,CUST00481,P004,Smartwatch,Electronics,Pune,Online,Credit Card,1,7608.47,0.15,7608.47,6467.2,0,899.25,2025,10,October,Sunday,7608.47,6467.1995
2025-10-19,ORD009330,CUST04199,P017,Jeans,Fashion,Kolkata,Online,Credit Card,2,2698.94,0.0,5397.88,5397.88,0,1422.65,2025,10,October,Sunday,5397.88,5397.88
2025-10-19,ORD049679,CUST00884,P012,Air Fryer,Home,Bengaluru,Online,Net Banking,1,6963.16,0.2,6963.16,5570.53,0,1046.86,2025,10,October,Sunday,6963.16,5570.528
2025-10-19,ORD020542,CUST04376,P020,Microwave,Home,Hyderabad,Store,Credit Card,2,11256.31,0.15,22512.62,19135.73,0,2559.97,2025,10,October,Sunday,22512.62,19135.727
2025-10-19,ORD010147,CUST02274,P008,Running Shoes,Fashion,Hyderabad,Online,Credit Card,1,4215.63,0.15,4215.63,3583.29,0,617.89,2025,10,October,Sunday,4215.63,3583.2855
2025-10-19,ORD000912,CUST00159,P012,Air Fryer,Home,Delhi,Online,UPI,1,7486.04,0.1,7486.04,6737.44,0,1134.28,2025,10,October,Sunday,7486.04,6737.436
2025-10-19,ORD026226,CUST04256,P016,Sofa,Furniture,Jaipur,Online,UPI,1,33212.98,0.1,33212.98,29891.68,0,6169.29,2025,10,October,Sunday,33212.98,29891.682000000004
2025-10-19,ORD040609,CUST00929,P006,Desk,Furniture,Kolkata,Store,Debit Card,4,12653.44,0.05,50613.76,48083.07,0,5181.78,2025,10,October,Sunday,50613.76,48083.072
2025-10-19,ORD018019,CUST02556,P005,Office Chair,Furniture,Chennai,Online,Credit Card,1,9093.08,0.2,9093.08,7274.46,0,1594.32,2025,10,October,Sunday,9093.08,7274.464
2025-10-19,ORD034702,CUST00764,P017,Jeans,Fashion,Kolkata,Online,Credit Card,2,2880.43,0.05,5760.86,5472.82,0,1367.34,2025,10,October,Sunday,5760.86,5472.816999999999
2025-10-19,ORD014233,CUST00034,P006,Desk,Furniture,Mumbai,Online,Debit Card,1,11436.84,0.0,11436.84,11436.84,0,3053.63,2025,10,October,Sunday,11436.84,11436.84
2025-10-19,ORD017662,CUST02487,P011,Mixer Grinder,Home,Pune,Online,Credit Card,1,4896.32,0.25,4896.32,3672.24,0,630.2,2025,10,October,Sunday,4896.32,3672.24
2025-10-19,ORD003888,CUST01925,P015,Dining Table,Furniture,Jaipur,Online,UPI,2,20705.51,0.05,41411.02,39340.47,0,4022.46,2025,10,October,Sunday,41411.02,39340.469
2025-10-20,ORD037377,CUST03904,P008,Running Shoes,Fashion,Delhi,Online,UPI,1,4144.46,0.1,4144.46,3730.01,0,664.94,2025,10,October,Monday,4144.46,3730.014
2025-10-20,ORD043553,CUST03190,P013,Monitor,Electronics,Surat,Online,UPI,1,19340.6,0.05,19340.6,18373.57,0,1557.66,2025,10,October,Monday,19340.6,18373.569999999996
2025-10-20,ORD007706,CUST02227,P007,Backpack,Accessories,Jaipur,Store,Cash,1,2389.94,0.15,2389.94,2031.45,0,516.07,2025,10,October,Monday,2389.94,2031.449
2025-10-20,ORD004190,CUST04632,P018,Jacket,Fashion,Mumbai,Online,UPI,3,5577.98,0.15,16733.94,14223.85,0,1475.17,2025,10,October,Monday,16733.94,14223.848999999998
2025-10-20,ORD019345,CUST00701,P020,Microwave,Home,Surat,Online,Net Banking,1,11625.11,0.1,11625.11,10462.6,0,660.85,2025,10,October,Monday,11625.11,10462.599
2025-10-20,ORD030928,CUST01893,P020,Microwave,Home,Ahmedabad,Store,UPI,1,12018.98,0.1,12018.98,10817.08,0,3028.29,2025,10,October,Monday,12018.98,10817.082
2025-10-20,ORD019533,CUST04075,P013,Monitor,Electronics,Kolkata,Online,Credit Card,1,16953.69,0.05,16953.69,16106.01,0,2123.55,2025,10,October,Monday,16953.69,16106.005499999997
2025-10-20,ORD039445,CUST04105,P004,Smartwatch,Electronics,Jaipur,Online,UPI,1,6425.87,0.05,6425.87,6104.58,0,873.91,2025,10,October,Monday,6425.87,6104.576499999999
2025-10-20,ORD023907,CUST00482,P007,Backpack,Accessories,Surat,Store,UPI,1,2222.9,0.15,2222.9,1889.46,1,-94.47,2025,10,October,Monday,2222.9,1889.465
2025-10-20,ORD016694,CUST03130,P011,Mixer Grinder,Home,Pune,Online,Debit Card,2,4749.38,0.15,9498.76,8073.95,0,1709.63,2025,10,October,Monday,9498.76,8073.946
2025-10-20,ORD000035,CUST02490,P005,Office Chair,Furniture,Ahmedabad,Online,Debit Card,1,9756.68,0.1,9756.68,8781.01,0,1250.55,2025,10,October,Monday,9756.68,8781.012
2025-10-20,ORD022458,CUST02955,P007,Backpack,Accessories,Ahmedabad,Online,Credit Card,1,2001.09,0.05,2001.09,1901.04,0,311.38,2025,10,October,Monday,2001.09,1901.0354999999997
2025-10-20,ORD001804,CUST02100,P008,Running Shoes,Fashion,Mumbai,Online,UPI,3,3829.77,0.1,11489.31,10340.38,1,-517.02,2025,10,October,Monday,11489.31,10340.378999999999
2025-10-20,ORD005894,CUST04286,P014,Keyboard,Electronics,Kolkata,Online,UPI,2,2322.24,0.15,4644.48,3947.81,0,916.95,2025,10,October,Monday,4644.48,3947.8079999999995
2025-10-20,ORD033684,CUST03849,P020,Microwave,Home,Kolkata,Online,Debit Card,2,11959.37,0.0,23918.74,23918.74,0,4486.27,2025,10,October,Monday,23918.74,23918.74
2025-10-20,ORD008631,CUST04769,P006,Desk,Furniture,Kolkata,Online,Net Banking,1,11439.73,0.15,11439.73,9723.77,0,1597.49,2025,10,October,Monday,11439.73,9723.770499999999
2025-10-20,ORD033832,CUST04454,P001,Laptop,Electronics,Ahmedabad,Online,Credit Card,4,60726.94,0.1,242907.76,218616.98,0,43405.42,2025,10,October,Monday,242907.76,218616.98400000003
2025-10-20,ORD042090,CUST03623,P019,Vacuum Cleaner,Home,Pune,Online,UPI,2,8826.73,0.05,17653.46,16770.79,0,4677.34,2025,10,October,Monday,17653.46,16770.786999999997
2025-10-20,ORD033855,CUST04660,P018,Jacket,Fashion,Surat,Online,Credit Card,1,4717.36,0.1,4717.36,4245.62,0,825.75,2025,10,October,Monday,4717.36,4245.624
2025-10-20,ORD032604,CUST02783,P017,Jeans,Fashion,Kolkata,Store,UPI,1,2744.85,0.0,2744.85,2744.85,0,262.26,2025,10,October,Monday,2744.85,2744.85
2025-10-20,ORD026744,CUST01358,P010,Coffee Maker,Home,Chennai,Store,Debit Card,1,6039.23,0.0,6039.23,6039.23,0,637.82,2025,10,October,Monday,6039.23,6039.23
2025-10-20,ORD036663,CUST02771,P013,Monitor,Electronics,Pune,Online,UPI,1,16508.52,0.05,16508.52,15683.09,0,1857.54,2025,10,October,Monday,16508.52,15683.094
2025-10-20,ORD011203,CUST04210,P014,Keyboard,Electronics,Surat,Online,UPI,1,2693.3,0.1,2693.3,2423.97,0,280.75,2025,10,October,Monday,2693.3,2423.9700000000003
2025-10-20,ORD004964,CUST03294,P011,Mixer Grinder,Home,Chennai,Online,UPI,1,4411.81,0.05,4411.81,4191.22,0,1073.87,2025,10,October,Monday,4411.81,4191.2195
2025-10-20,ORD005029,CUST02051,P005,Office Chair,Furniture,Ahmedabad,Store,Cash,5,9084.18,0.2,45420.9,36336.72,0,4901.68,2025,10,October,Monday,45420.9,36336.72
2025-10-20,ORD046441,CUST00166,P005,Office Chair,Furniture,Jaipur,Store,UPI,1,9910.58,0.0,9910.58,9910.58,0,2323.4,2025,10,October,Monday,9910.58,9910.58
2025-10-20,ORD008113,CUST03730,P018,Jacket,Fashion,Hyderabad,Store,Cash,1,4811.66,0.2,4811.66,3849.33,0,175.87,2025,10,October,Monday,4811.66,3849.328
2025-10-20,ORD001773,CUST04797,P016,Sofa,Furniture,Jaipur,Online,UPI,2,32767.78,0.15,65535.56,55705.23,0,3777.21,2025,10,October,Monday,65535.56,55705.225999999995
2025-10-20,ORD004632,CUST03312,P015,Dining Table,Furniture,Mumbai,Store,Net Banking,1,20968.2,0.25,20968.2,15726.15,0,2869.05,2025,10,October,Monday,20968.2,15726.150000000001
2025-10-20,ORD025701,CUST03860,P005,Office Chair,Furniture,Ahmedabad,Online,Debit Card,1,9076.47,0.1,9076.47,8168.82,0,675.61,2025,10,October,Monday,9076.47,8168.822999999999
2025-10-20,ORD036995,CUST00017,P015,Dining Table,Furniture,Jaipur,Online,UPI,4,21225.3,0.05,84901.2,80656.14,0,14879.15,2025,10,October,Monday,84901.2,80656.14
2025-10-20,ORD002294,CUST01240,P014,Keyboard,Electronics,Hyderabad,Online,Credit Card,1,2486.67,0.0,2486.67,2486.67,0,682.6,2025,10,October,Monday,2486.67,2486.67
2025-10-20,ORD007176,CUST01730,P009,T-Shirt,Fashion,Surat,Online,Credit Card,1,1319.97,0.15,1319.97,1121.97,0,175.24,2025,10,October,Monday,1319.97,1121.9745
2025-10-20,ORD040077,CUST00200,P006,Desk,Furniture,Mumbai,Online,Credit Card,3,11064.71,0.1,33194.13,29874.72,0,2186.11,2025,10,October,Monday,33194.13,29874.716999999997
2025-10-20,ORD046142,CUST01094,P014,Keyboard,Electronics,Pune,Online,UPI,1,2614.19,0.2,2614.19,2091.35,1,-104.57,2025,10,October,Monday,2614.19,2091.3520000000003
2025-10-20,ORD001859,CUST03812,P011,Mixer Grinder,Home,Bengaluru,Store,Credit Card,2,4891.86,0.05,9783.72,9294.53,0,718.87,2025,10,October,Monday,9783.72,9294.534
2025-10-20,ORD038961,CUST01370,P019,Vacuum Cleaner,Home,Kolkata,Store,Debit Card,1,8900.88,0.1,8900.88,8010.79,0,1939.4,2025,10,October,Monday,8900.88,8010.7919999999995
2025-10-20,ORD000476,CUST00002,P012,Air Fryer,Home,Surat,Online,Credit Card,1,7046.38,0.05,7046.38,6694.06,0,704.04,2025,10,October,Monday,7046.38,6694.061
2025-10-20,ORD043061,CUST03735,P006,Desk,Furniture,Chennai,Store,UPI,2,11335.36,0.1,22670.72,20403.65,0,2691.71,2025,10,October,Monday,22670.72,20403.648
2025-10-20,ORD031929,CUST03561,P014,Keyboard,Electronics,Ahmedabad,Online,Net Banking,1,2372.17,0.05,2372.17,2253.56,0,303.55,2025,10,October,Monday,2372.17,2253.5615
2025-10-20,ORD018681,CUST02513,P009,T-Shirt,Fashion,Jaipur,Online,UPI,1,1153.39,0.15,1153.39,980.38,0,57.11,2025,10,October,Monday,1153.39,980.3815000000001
2025-10-20,ORD004584,CUST00427,P006,Desk,Furniture,Chennai,Store,UPI,1,12124.43,0.05,12124.43,11518.21,0,1260.38,2025,10,October,Monday,12124.43,11518.2085
2025-10-20,ORD019493,CUST02453,P013,Monitor,Electronics,Surat,Online,Net Banking,2,18009.64,0.15,36019.28,30616.39,0,1737.17,2025,10,October,Monday,36019.28,30616.388
2025-10-20,ORD008371,CUST02162,P005,Office Chair,Furniture,Mumbai,Online,Credit Card,1,9216.42,0.05,9216.42,8755.6,0,1949.16,2025,10,October,Monday,9216.42,8755.599
2025-10-20,ORD019816,CUST00665,P007,Backpack,Accessories,Pune,Online,UPI,2,2131.13,0.1,4262.26,3836.03,0,812.35,2025,10,October,Monday,4262.26,3836.034
2025-10-20,ORD038818,CUST04217,P007,Backpack,Accessories,Kolkata,Online,UPI,1,1982.87,0.1,1982.87,1784.58,0,325.28,2025,10,October,Monday,1982.87,1784.5829999999999
2025-10-20,ORD041460,CUST02542,P011,Mixer Grinder,Home,Delhi,Store,UPI,1,5279.41,0.15,5279.41,4487.5,0,1170.45,2025,10,October,Monday,5279.41,4487.4985
2025-10-20,ORD026698,CUST02913,P015,Dining Table,Furniture,Ahmedabad,Online,Cash,3,23744.24,0.15,71232.72,60547.81,0,12971.51,2025,10,October,Monday,71232.72,60547.812
2025-10-20,ORD046081,CUST00666,P019,Vacuum Cleaner,Home,Surat,Online,Debit Card,1,8836.72,0.0,8836.72,8836.72,0,1361.28,2025,10,October,Monday,8836.72,8836.72
2025-10-20,ORD027152,CUST02823,P016,Sofa,Furniture,Surat,Online,UPI,1,37281.27,0.05,37281.27,35417.21,0,5502.16,2025,10,October,Monday,37281.27,35417.20649999999
2025-10-20,ORD048970,CUST03182,P014,Keyboard,Electronics,Ahmedabad,Online,UPI,2,2510.96,0.0,5021.92,5021.92,0,1402.81,2025,10,October,Monday,5021.92,5021.92
2025-10-20,ORD027797,CUST03534,P011,Mixer Grinder,Home,Ahmedabad,Online,UPI,4,4737.19,0.1,18948.76,17053.88,0,3248.65,2025,10,October,Monday,18948.76,17053.884
2025-10-20,ORD040569,CUST03718,P015,Dining Table,Furniture,Hyderabad,Store,Cash,5,23145.9,0.1,115729.5,104156.55,0,23353.36,2025,10,October,Monday,115729.5,104156.55
2025-10-20,ORD005798,CUST00032,P008,Running Shoes,Fashion,Surat,Online,Credit Card,2,4315.11,0.1,8630.22,7767.2,0,585.47,2025,10,October,Monday,8630.22,7767.197999999999
2025-10-20,ORD035571,CUST04390,P018,Jacket,Fashion,Surat,Online,Cash,1,4960.46,0.1,4960.46,4464.41,0,987.2,2025,10,October,Monday,4960.46,4464.414
2025-10-20,ORD023324,CUST04928,P007,Backpack,Accessories,Jaipur,Online,Cash,1,2182.31,0.15,2182.31,1854.96,0,333.74,2025,10,October,Monday,2182.31,1854.9634999999998
2025-10-20,ORD025506,CUST02397,P006,Desk,Furniture,Pune,Online,UPI,2,11899.4,0.1,23798.8,21418.92,0,2739.39,2025,10,October,Monday,23798.8,21418.92
2025-10-20,ORD036089,CUST01587,P001,Laptop,Electronics,Kolkata,Online,Debit Card,4,64034.2,0.2,256136.8,204909.44,0,21550.13,2025,10,October,Monday,256136.8,204909.44
2025-10-20,ORD034452,CUST03444,P004,Smartwatch,Electronics,Ahmedabad,Online,Debit Card,2,7127.4,0.0,14254.8,14254.8,0,1578.35,2025,10,October,Monday,14254.8,14254.8
2025-10-20,ORD006355,CUST01120,P015,Dining Table,Furniture,Bengaluru,Online,Credit Card,1,20474.0,0.05,20474.0,19450.3,0,5176.21,2025,10,October,Monday,20474.0,19450.3
2025-10-20,ORD019690,CUST02245,P018,Jacket,Fashion,Delhi,Store,Credit Card,1,4773.93,0.05,4773.93,4535.23,0,344.13,2025,10,October,Monday,4773.93,4535.2335
2025-10-20,ORD049643,CUST03669,P015,Dining Table,Furniture,Mumbai,Online,Debit Card,1,21755.38,0.1,21755.38,19579.84,0,3907.46,2025,10,October,Monday,21755.38,19579.842
2025-10-20,ORD033553,CUST01451,P013,Monitor,Electronics,Jaipur,Online,UPI,4,16997.02,0.1,67988.08,61189.27,0,7670.42,2025,10,October,Monday,67988.08,61189.272000000004
2025-10-20,ORD011003,CUST00258,P008,Running Shoes,Fashion,Chennai,Online,Net Banking,1,4503.36,0.05,4503.36,4278.19,0,562.3,2025,10,October,Monday,4503.36,4278.191999999999
2025-10-20,ORD042885,CUST01354,P008,Running Shoes,Fashion,Hyderabad,Store,Debit Card,1,4454.78,0.1,4454.78,4009.3,0,606.45,2025,10,October,Monday,4454.78,4009.3019999999997
2025-10-20,ORD012463,CUST00002,P012,Air Fryer,Home,Ahmedabad,Online,UPI,1,6927.28,0.1,6927.28,6234.55,0,791.28,2025,10,October,Monday,6927.28,6234.552
2025-10-20,ORD043045,CUST00102,P001,Laptop,Electronics,Surat,Online,Debit Card,1,63496.64,0.0,63496.64,63496.64,0,8584.0,2025,10,October,Monday,63496.64,63496.64
2025-10-20,ORD023917,CUST04023,P018,Jacket,Fashion,Bengaluru,Online,Net Banking,1,5211.34,0.1,5211.34,4690.21,0,777.42,2025,10,October,Monday,5211.34,4690.206
2025-10-20,ORD036022,CUST03149,P011,Mixer Grinder,Home,Bengaluru,Online,Credit Card,1,4390.79,0.15,4390.79,3732.17,0,956.76,2025,10,October,Monday,4390.79,3732.1715
2025-10-20,ORD001312,CUST04584,P003,Headphones,Electronics,Surat,Store,Credit Card,1,4799.04,0.1,4799.04,4319.14,0,904.82,2025,10,October,Monday,4799.04,4319.136
2025-10-20,ORD003487,CUST01778,P004,Smartwatch,Electronics,Jaipur,Online,Credit Card,2,7186.51,0.15,14373.02,12217.07,0,876.74,2025,10,October,Monday,14373.02,12217.067000000001
2025-10-20,ORD000024,CUST04643,P002,Smartphone,Electronics,Ahmedabad,Online,Net Banking,1,28945.97,0.1,28945.97,26051.37,0,2882.34,2025,10,October,Monday,28945.97,26051.373000000003
2025-10-20,ORD044483,CUST03875,P019,Vacuum Cleaner,Home,Kolkata,Store,Credit Card,1,9066.27,0.15,9066.27,7706.33,0,1597.42,2025,10,October,Monday,9066.27,7706.3295
2025-10-20,ORD025357,CUST03558,P003,Headphones,Electronics,Jaipur,Online,Credit Card,1,4923.3,0.0,4923.3,4923.3,0,1410.67,2025,10,October,Monday,4923.3,4923.3
2025-10-20,ORD049574,CUST03393,P005,Office Chair,Furniture,Bengaluru,Store,Credit Card,3,9331.2,0.0,27993.6,27993.6,0,7284.77,2025,10,October,Monday,27993.600000000002,27993.6
2025-10-20,ORD000785,CUST04762,P012,Air Fryer,Home,Kolkata,Store,Debit Card,5,7617.26,0.25,38086.3,28564.72,0,3029.59,2025,10,October,Monday,38086.3,28564.725000000002
2025-10-20,ORD039370,CUST04792,P020,Microwave,Home,Kolkata,Online,Credit Card,1,10373.18,0.0,10373.18,10373.18,0,2291.51,2025,10,October,Monday,10373.18,10373.18
2025-10-20,ORD040114,CUST03451,P002,Smartphone,Electronics,Surat,Online,Debit Card,2,26210.37,0.05,52420.74,49799.7,0,11734.47,2025,10,October,Monday,52420.74,49799.702999999994
2025-10-20,ORD034428,CUST02935,P015,Dining Table,Furniture,Kolkata,Store,UPI,1,23972.04,0.05,23972.04,22773.44,1,-1138.67,2025,10,October,Monday,23972.04,22773.438
2025-10-20,ORD015507,CUST02079,P010,Coffee Maker,Home,Surat,Store,Cash,1,5154.33,0.0,5154.33,5154.33,0,1444.39,2025,10,October,Monday,5154.33,5154.33
2025-10-20,ORD032196,CUST02897,P008,Running Shoes,Fashion,Kolkata,Online,UPI,1,4410.07,0.1,4410.07,3969.06,0,967.53,2025,10,October,Monday,4410.07,3969.0629999999996
2025-10-21,ORD024050,CUST04297,P003,Headphones,Electronics,Ahmedabad,Store,UPI,5,4667.44,0.2,23337.2,18669.76,0,1632.84,2025,10,October,Tuesday,23337.199999999997,18669.760000000002
2025-10-21,ORD013081,CUST01796,P012,Air Fryer,Home,Jaipur,Store,UPI,4,7546.05,0.0,30184.2,30184.2,0,6151.89,2025,10,October,Tuesday,30184.2,30184.2
2025-10-21,ORD037224,CUST00940,P014,Keyboard,Electronics,Hyderabad,Online,UPI,1,2620.6,0.0,2620.6,2620.6,0,775.12,2025,10,October,Tuesday,2620.6,2620.6
2025-10-21,ORD021044,CUST02578,P015,Dining Table,Furniture,Ahmedabad,Online,Debit Card,1,20463.93,0.25,20463.93,15347.95,0,2281.13,2025,10,October,Tuesday,20463.93,15347.9475
2025-10-21,ORD014306,CUST04358,P012,Air Fryer,Home,Delhi,Online,Debit Card,1,7166.91,0.15,7166.91,6091.87,0,1043.4,2025,10,October,Tuesday,7166.91,6091.8735
2025-10-21,ORD001086,CUST00487,P011,Mixer Grinder,Home,Surat,Store,Credit Card,4,5161.84,0.1,20647.36,18582.62,0,2574.37,2025,10,October,Tuesday,20647.36,18582.624
2025-10-21,ORD016472,CUST02833,P017,Jeans,Fashion,Ahmedabad,Online,Debit Card,1,2560.44,0.0,2560.44,2560.44,0,399.52,2025,10,October,Tuesday,2560.44,2560.44
2025-10-21,ORD003419,CUST04462,P007,Backpack,Accessories,Jaipur,Online,UPI,3,2350.1,0.05,7050.3,6697.78,0,1322.16,2025,10,October,Tuesday,7050.299999999999,6697.785
2025-10-21,ORD047352,CUST02972,P004,Smartwatch,Electronics,Ahmedabad,Online,Credit Card,5,7517.01,0.15,37585.05,31947.29,0,6357.05,2025,10,October,Tuesday,37585.05,31947.292500000003
2025-10-21,ORD045281,CUST03835,P007,Backpack,Accessories,Surat,Online,UPI,1,2054.2,0.05,2054.2,1951.49,0,341.37,2025,10,October,Tuesday,2054.2,1951.4899999999998
2025-10-21,ORD022686,CUST02954,P011,Mixer Grinder,Home,Kolkata,Store,UPI,1,4801.26,0.0,4801.26,4801.26,0,448.83,2025,10,October,Tuesday,4801.26,4801.26
2025-10-21,ORD048265,CUST02046,P019,Vacuum Cleaner,Home,Delhi,Store,UPI,2,8168.23,0.0,16336.46,16336.46,0,4471.42,2025,10,October,Tuesday,16336.46,16336.46
2025-10-21,ORD048258,CUST02117,P015,Dining Table,Furniture,Chennai,Online,Credit Card,2,23626.19,0.1,47252.38,42527.14,0,6357.46,2025,10,October,Tuesday,47252.38,42527.142
2025-10-21,ORD039423,CUST00867,P005,Office Chair,Furniture,Kolkata,Online,UPI,5,8639.77,0.0,43198.85,43198.85,0,3591.36,2025,10,October,Tuesday,43198.850000000006,43198.85
2025-10-21,ORD049238,CUST03095,P008,Running Shoes,Fashion,Delhi,Store,Credit Card,3,4323.18,0.05,12969.54,12321.06,0,3278.43,2025,10,October,Tuesday,12969.54,12321.063
2025-10-21,ORD036670,CUST00277,P018,Jacket,Fashion,Pune,Online,UPI,1,5123.48,0.0,5123.48,5123.48,0,896.6,2025,10,October,Tuesday,5123.48,5123.48
2025-10-21,ORD027236,CUST00612,P014,Keyboard,Electronics,Pune,Online,Credit Card,1,2541.09,0.05,2541.09,2414.04,0,614.34,2025,10,October,Tuesday,2541.09,2414.0355
2025-10-21,ORD001243,CUST02275,P001,Laptop,Electronics,Pune,Online,UPI,1,66695.48,0.0,66695.48,66695.48,0,17949.2,2025,10,October,Tuesday,66695.48,66695.48
2025-10-21,ORD023313,CUST01851,P018,Jacket,Fashion,Chennai,Store,UPI,1,5697.14,0.05,5697.14,5412.28,0,1112.15,2025,10,October,Tuesday,5697.14,5412.283
2025-10-21,ORD007084,CUST00614,P014,Keyboard,Electronics,Pune,Store,UPI,5,2300.1,0.05,11500.5,10925.48,0,2098.32,2025,10,October,Tuesday,11500.5,10925.475
2025-10-21,ORD027249,CUST00211,P008,Running Shoes,Fashion,Mumbai,Online,UPI,2,4617.89,0.1,9235.78,8312.2,1,-415.61,2025,10,October,Tuesday,9235.78,8312.202000000001
2025-10-21,ORD010505,CUST02892,P006,Desk,Furniture,Surat,Store,Credit Card,1,11163.54,0.05,11163.54,10605.36,0,2483.57,2025,10,October,Tuesday,11163.54,10605.363000000001
2025-10-21,ORD003260,CUST04622,P005,Office Chair,Furniture,Chennai,Online,Net Banking,2,8950.36,0.15,17900.72,15215.61,0,1778.3,2025,10,October,Tuesday,17900.72,15215.612000000001
2025-10-21,ORD025980,CUST04856,P006,Desk,Furniture,Pune,Online,Net Banking,1,12684.13,0.05,12684.13,12049.92,0,2013.18,2025,10,October,Tuesday,12684.13,12049.923499999999
2025-10-21,ORD034503,CUST03835,P001,Laptop,Electronics,Delhi,Store,UPI,1,58938.24,0.2,58938.24,47150.59,0,7027.94,2025,10,October,Tuesday,58938.24,47150.592000000004
2025-10-21,ORD043353,CUST04633,P019,Vacuum Cleaner,Home,Mumbai,Online,Net Banking,1,8116.15,0.2,8116.15,6492.92,0,433.4,2025,10,October,Tuesday,8116.15,6492.92
2025-10-21,ORD037863,CUST04600,P020,Microwave,Home,Hyderabad,Online,UPI,1,11013.96,0.1,11013.96,9912.56,0,2731.72,2025,10,October,Tuesday,11013.96,9912.564
2025-10-21,ORD043329,CUST02276,P006,Desk,Furniture,Pune,Store,Net Banking,5,10813.72,0.1,54068.6,48661.74,0,8146.5,2025,10,October,Tuesday,54068.6,48661.74
2025-10-21,ORD042128,CUST02461,P004,Smartwatch,Electronics,Mumbai,Store,Credit Card,1,7533.89,0.15,7533.89,6403.81,0,383.87,2025,10,October,Tuesday,7533.89,6403.8065
2025-10-21,ORD049174,CUST00890,P004,Smartwatch,Electronics,Kolkata,Online,UPI,1,6959.66,0.05,6959.66,6611.68,0,1677.49,2025,10,October,Tuesday,6959.66,6611.677
2025-10-21,ORD049472,CUST02823,P012,Air Fryer,Home,Kolkata,Online,Debit Card,1,6835.4,0.0,6835.4,6835.4,0,770.11,2025,10,October,Tuesday,6835.4,6835.4
2025-10-21,ORD038700,CUST04077,P004,Smartwatch,Electronics,Ahmedabad,Store,Net Banking,2,7643.31,0.1,15286.62,13757.96,0,3041.97,2025,10,October,Tuesday,15286.62,13757.958
2025-10-21,ORD036720,CUST02158,P002,Smartphone,Electronics,Delhi,Store,Cash,2,27478.13,0.05,54956.26,52208.45,0,8111.49,2025,10,October,Tuesday,54956.26,52208.447
2025-10-21,ORD042930,CUST03710,P003,Headphones,Electronics,Delhi,Online,Credit Card,2,4130.2,0.1,8260.4,7434.36,0,1442.78,2025,10,October,Tuesday,8260.4,7434.36
2025-10-21,ORD030821,CUST02712,P015,Dining Table,Furniture,Hyderabad,Online,Net Banking,4,21332.43,0.05,85329.72,81063.23,0,17885.55,2025,10,October,Tuesday,85329.72,81063.234
2025-10-21,ORD035052,CUST03561,P010,Coffee Maker,Home,Pune,Online,UPI,1,5788.08,0.0,5788.08,5788.08,0,908.42,2025,10,October,Tuesday,5788.08,5788.08
2025-10-21,ORD044439,CUST04075,P005,Office Chair,Furniture,Jaipur,Online,Credit Card,1,8759.82,0.05,8759.82,8321.83,1,-416.09,2025,10,October,Tuesday,8759.82,8321.829
2025-10-21,ORD007432,CUST03269,P011,Mixer Grinder,Home,Delhi,Store,UPI,1,4386.39,0.05,4386.39,4167.07,1,-208.35,2025,10,October,Tuesday,4386.39,4167.0705
2025-10-21,ORD020928,CUST00497,P005,Office Chair,Furniture,Surat,Online,UPI,3,9711.22,0.05,29133.66,27676.98,0,6632.31,2025,10,October,Tuesday,29133.659999999996,27676.977
2025-10-21,ORD029716,CUST04573,P020,Microwave,Home,Surat,Online,Credit Card,1,11920.95,0.0,11920.95,11920.95,0,3373.11,2025,10,October,Tuesday,11920.95,11920.95
2025-10-21,ORD012554,CUST00506,P014,Keyboard,Electronics,Jaipur,Store,UPI,2,2486.41,0.15,4972.82,4226.9,0,760.62,2025,10,October,Tuesday,4972.82,4226.897
2025-10-21,ORD035467,CUST02782,P020,Microwave,Home,Delhi,Online,UPI,1,10259.43,0.25,10259.43,7694.57,0,901.61,2025,10,October,Tuesday,10259.43,7694.5725
2025-10-21,ORD037029,CUST03490,P005,Office Chair,Furniture,Kolkata,Online,Credit Card,1,8768.37,0.0,8768.37,8768.37,0,1188.93,2025,10,October,Tuesday,8768.37,8768.37
2025-10-21,ORD022203,CUST02497,P016,Sofa,Furniture,Hyderabad,Online,UPI,2,34958.51,0.0,69917.02,69917.02,1,-3495.85,2025,10,October,Tuesday,69917.02,69917.02
2025-10-21,ORD029746,CUST00014,P007,Backpack,Accessories,Bengaluru,Store,Credit Card,1,2417.62,0.15,2417.62,2054.98,0,296.32,2025,10,October,Tuesday,2417.62,2054.977
2025-10-21,ORD017313,CUST04763,P013,Monitor,Electronics,Chennai,Store,Cash,1,18431.27,0.05,18431.27,17509.71,0,2025.22,2025,10,October,Tuesday,18431.27,17509.7065
2025-10-21,ORD038754,CUST00859,P013,Monitor,Electronics,Surat,Online,Credit Card,1,16727.68,0.2,16727.68,13382.14,0,1748.73,2025,10,October,Tuesday,16727.68,13382.144
2025-10-21,ORD020909,CUST03441,P019,Vacuum Cleaner,Home,Chennai,Online,UPI,2,9154.48,0.1,18308.96,16478.06,0,2039.5,2025,10,October,Tuesday,18308.96,16478.064
2025-10-21,ORD010978,CUST00529,P009,T-Shirt,Fashion,Chennai,Online,UPI,1,1307.17,0.1,1307.17,1176.45,0,203.16,2025,10,October,Tuesday,1307.17,1176.4530000000002
2025-10-21,ORD048618,CUST04516,P013,Monitor,Electronics,Pune,Store,UPI,4,19120.72,0.25,76482.88,57362.16,0,11394.06,2025,10,October,Tuesday,76482.88,57362.16
2025-10-21,ORD044361,CUST00053,P008,Running Shoes,Fashion,Surat,Online,UPI,1,4071.25,0.1,4071.25,3664.12,0,745.25,2025,10,October,Tuesday,4071.25,3664.125
2025-10-21,ORD040268,CUST03787,P002,Smartphone,Electronics,Kolkata,Online,Credit Card,1,25699.52,0.05,25699.52,24414.54,0,7064.87,2025,10,October,Tuesday,25699.52,24414.543999999998
2025-10-21,ORD033893,CUST03556,P005,Office Chair,Furniture,Jaipur,Store,UPI,1,8852.64,0.05,8852.64,8410.01,0,2015.48,2025,10,October,Tuesday,8852.64,8410.008
2025-10-21,ORD045086,CUST02457,P002,Smartphone,Electronics,Hyderabad,Online,UPI,2,29518.19,0.15,59036.38,50180.92,0,7418.77,2025,10,October,Tuesday,59036.38,50180.922999999995
2025-10-21,ORD018639,CUST02312,P016,Sofa,Furniture,Delhi,Online,Cash,2,38177.25,0.2,76354.5,61083.6,0,15343.04,2025,10,October,Tuesday,76354.5,61083.600000000006
2025-10-21,ORD044995,CUST03933,P008,Running Shoes,Fashion,Pune,Store,Credit Card,1,3938.78,0.2,3938.78,3151.02,0,380.48,2025,10,October,Tuesday,3938.78,3151.0240000000003
2025-10-21,ORD030260,CUST04410,P003,Headphones,Electronics,Delhi,Online,Credit Card,1,4106.62,0.1,4106.62,3695.96,0,538.88,2025,10,October,Tuesday,4106.62,3695.958
2025-10-21,ORD047423,CUST01259,P008,Running Shoes,Fashion,Pune,Store,UPI,3,3823.29,0.05,11469.87,10896.38,0,2926.43,2025,10,October,Tuesday,11469.869999999999,10896.3765
2025-10-21,ORD037972,CUST04212,P013,Monitor,Electronics,Jaipur,Online,UPI,1,17853.62,0.05,17853.62,16960.94,0,1242.71,2025,10,October,Tuesday,17853.62,16960.939
2025-10-21,ORD026394,CUST02271,P005,Office Chair,Furniture,Delhi,Store,Credit Card,1,9215.82,0.1,9215.82,8294.24,0,710.45,2025,10,October,Tuesday,9215.82,8294.238
2025-10-21,ORD043231,CUST04968,P019,Vacuum Cleaner,Home,Ahmedabad,Online,Net Banking,5,8211.64,0.1,41058.2,36952.38,0,4973.88,2025,10,October,Tuesday,41058.2,36952.38
2025-10-21,ORD021989,CUST00278,P003,Headphones,Electronics,Hyderabad,Online,UPI,3,4099.77,0.0,12299.31,12299.31,0,3439.43,2025,10,October,Tuesday,12299.310000000001,12299.31
2025-10-21,ORD042042,CUST03248,P009,T-Shirt,Fashion,Kolkata,Store,UPI,2,1132.29,0.2,2264.58,1811.66,0,452.13,2025,10,October,Tuesday,2264.58,1811.664
2025-10-21,ORD003629,CUST01161,P020,Microwave,Home,Mumbai,Online,Cash,1,10328.44,0.0,10328.44,10328.44,0,2843.68,2025,10,October,Tuesday,10328.44,10328.44
2025-10-21,ORD005376,CUST02989,P010,Coffee Maker,Home,Pune,Store,Cash,2,5293.01,0.1,10586.02,9527.42,0,953.99,2025,10,October,Tuesday,10586.02,9527.418000000001
2025-10-22,ORD041266,CUST04750,P004,Smartwatch,Electronics,Pune,Store,Debit Card,3,6392.0,0.0,19176.0,19176.0,0,5732.78,2025,10,October,Wednesday,19176.0,19176.0
2025-10-22,ORD020303,CUST01932,P020,Microwave,Home,Mumbai,Online,UPI,1,11550.29,0.0,11550.29,11550.29,1,-577.51,2025,10,October,Wednesday,11550.29,11550.29
2025-10-22,ORD030405,CUST04603,P020,Microwave,Home,Jaipur,Online,Credit Card,1,11749.83,0.15,11749.83,9987.36,0,1693.11,2025,10,October,Wednesday,11749.83,9987.3555
2025-10-22,ORD028709,CUST01744,P006,Desk,Furniture,Kolkata,Store,Credit Card,1,11155.43,0.15,11155.43,9482.12,0,667.42,2025,10,October,Wednesday,11155.43,9482.1155
2025-10-22,ORD011350,CUST03451,P012,Air Fryer,Home,Hyderabad,Online,Net Banking,1,7142.32,0.15,7142.32,6070.97,0,1096.81,2025,10,October,Wednesday,7142.32,6070.972
2025-10-22,ORD048617,CUST02576,P002,Smartphone,Electronics,Kolkata,Online,Credit Card,1,28106.36,0.15,28106.36,23890.41,0,5759.51,2025,10,October,Wednesday,28106.36,23890.406
2025-10-22,ORD004792,CUST04801,P003,Headphones,Electronics,Jaipur,Online,Debit Card,1,4362.8,0.1,4362.8,3926.52,0,996.7,2025,10,October,Wednesday,4362.8,3926.5200000000004
2025-10-22,ORD046970,CUST04951,P013,Monitor,Electronics,Kolkata,Online,UPI,1,18789.99,0.0,18789.99,18789.99,0,2480.17,2025,10,October,Wednesday,18789.99,18789.99
2025-10-22,ORD007572,CUST03189,P008,Running Shoes,Fashion,Hyderabad,Store,Credit Card,2,3872.48,0.05,7744.96,7357.71,0,1324.82,2025,10,October,Wednesday,7744.96,7357.7119999999995
2025-10-22,ORD046614,CUST02843,P008,Running Shoes,Fashion,Hyderabad,Store,Credit Card,1,4324.26,0.05,4324.26,4108.05,0,452.23,2025,10,October,Wednesday,4324.26,4108.047
2025-10-22,ORD014491,CUST03541,P005,Office Chair,Furniture,Hyderabad,Online,Credit Card,2,9003.08,0.0,18006.16,18006.16,0,1580.65,2025,10,October,Wednesday,18006.16,18006.16
2025-10-22,ORD036274,CUST02552,P001,Laptop,Electronics,Jaipur,Store,UPI,1,66636.11,0.1,66636.11,59972.5,0,12167.13,2025,10,October,Wednesday,66636.11,59972.499
2025-10-22,ORD024402,CUST00618,P004,Smartwatch,Electronics,Mumbai,Online,Credit Card,3,6592.04,0.05,19776.12,18787.31,0,2447.59,2025,10,October,Wednesday,19776.12,18787.314
2025-10-22,ORD007250,CUST01577,P003,Headphones,Electronics,Surat,Online,Credit Card,2,4466.48,0.0,8932.96,8932.96,0,953.83,2025,10,October,Wednesday,8932.96,8932.96
2025-10-22,ORD047066,CUST04203,P001,Laptop,Electronics,Chennai,Online,Credit Card,2,60425.48,0.05,120850.96,114808.41,0,17610.61,2025,10,October,Wednesday,120850.96,114808.412
2025-10-22,ORD021505,CUST00074,P005,Office Chair,Furniture,Ahmedabad,Online,Debit Card,1,10078.43,0.15,10078.43,8566.67,1,-428.33,2025,10,October,Wednesday,10078.43,8566.6655
2025-10-22,ORD015609,CUST03408,P015,Dining Table,Furniture,Bengaluru,Online,UPI,1,20211.52,0.15,20211.52,17179.79,0,1000.44,2025,10,October,Wednesday,20211.52,17179.792
2025-10-22,ORD046443,CUST02156,P010,Coffee Maker,Home,Delhi,Online,Credit Card,3,5558.23,0.05,16674.69,15840.96,0,4558.36,2025,10,October,Wednesday,16674.69,15840.955499999998
2025-10-22,ORD019245,CUST01007,P002,Smartphone,Electronics,Chennai,Online,Credit Card,1,29709.26,0.1,29709.26,26738.33,0,1873.54,2025,10,October,Wednesday,29709.26,26738.334
2025-10-22,ORD031750,CUST04517,P013,Monitor,Electronics,Chennai,Online,UPI,4,18764.85,0.1,75059.4,67553.46,1,-3377.67,2025,10,October,Wednesday,75059.4,67553.45999999999
2025-10-22,ORD008723,CUST00615,P015,Dining Table,Furniture,Hyderabad,Store,UPI,2,23824.19,0.2,47648.38,38118.7,0,4196.97,2025,10,October,Wednesday,47648.38,38118.704
2025-10-22,ORD022581,CUST03442,P020,Microwave,Home,Chennai,Online,Net Banking,1,9919.22,0.1,9919.22,8927.3,0,706.86,2025,10,October,Wednesday,9919.22,8927.297999999999
2025-10-22,ORD042413,CUST02748,P001,Laptop,Electronics,Chennai,Online,Net Banking,2,60599.71,0.05,121199.42,115139.45,0,11094.99,2025,10,October,Wednesday,121199.42,115139.449
2025-10-22,ORD018016,CUST03812,P014,Keyboard,Electronics,Delhi,Online,Net Banking,1,2444.74,0.05,2444.74,2322.5,1,-116.12,2025,10,October,Wednesday,2444.74,2322.5029999999997
2025-10-22,ORD035122,CUST01559,P001,Laptop,Electronics,Mumbai,Online,Cash,4,68532.11,0.15,274128.44,233009.17,0,18862.05,2025,10,October,Wednesday,274128.44,233009.174
2025-10-22,ORD019486,CUST04481,P014,Keyboard,Electronics,Chennai,Store,Credit Card,5,2517.52,0.1,12587.6,11328.84,0,1531.08,2025,10,October,Wednesday,12587.6,11328.84
2025-10-22,ORD011878,CUST02994,P019,Vacuum Cleaner,Home,Ahmedabad,Store,Credit Card,1,9896.28,0.0,9896.28,9896.28,0,1810.73,2025,10,October,Wednesday,9896.28,9896.28
2025-10-22,ORD003782,CUST03702,P012,Air Fryer,Home,Mumbai,Store,Credit Card,1,6580.88,0.1,6580.88,5922.79,1,-296.14,2025,10,October,Wednesday,6580.88,5922.792
2025-10-22,ORD040039,CUST02817,P009,T-Shirt,Fashion,Kolkata,Store,UPI,1,1121.41,0.0,1121.41,1121.41,0,182.61,2025,10,October,Wednesday,1121.41,1121.41
2025-10-22,ORD012282,CUST00260,P016,Sofa,Furniture,Chennai,Online,UPI,1,37311.32,0.25,37311.32,27983.49,0,4286.17,2025,10,October,Wednesday,37311.32,27983.489999999998
2025-10-22,ORD043311,CUST01111,P004,Smartwatch,Electronics,Pune,Store,UPI,1,6438.8,0.0,6438.8,6438.8,0,1676.62,2025,10,October,Wednesday,6438.8,6438.8
2025-10-22,ORD014745,CUST01954,P001,Laptop,Electronics,Pune,Online,Credit Card,3,70916.95,0.0,212750.85,212750.85,0,41508.01,2025,10,October,Wednesday,212750.84999999998,212750.85
2025-10-22,ORD022990,CUST04201,P020,Microwave,Home,Surat,Online,Credit Card,2,10359.83,0.05,20719.66,19683.68,1,-984.18,2025,10,October,Wednesday,20719.66,19683.677
2025-10-22,ORD004924,CUST00698,P003,Headphones,Electronics,Bengaluru,Online,Debit Card,1,4507.55,0.1,4507.55,4056.8,0,614.99,2025,10,October,Wednesday,4507.55,4056.795
2025-10-22,ORD000374,CUST04060,P005,Office Chair,Furniture,Mumbai,Online,Credit Card,1,8964.03,0.0,8964.03,8964.03,0,1863.73,2025,10,October,Wednesday,8964.03,8964.03
2025-10-22,ORD042126,CUST02312,P006,Desk,Furniture,Hyderabad,Online,UPI,1,12983.91,0.1,12983.91,11685.52,0,1001.36,2025,10,October,Wednesday,12983.91,11685.519
2025-10-22,ORD020464,CUST00749,P013,Monitor,Electronics,Bengaluru,Online,UPI,1,16786.41,0.15,16786.41,14268.45,0,1665.65,2025,10,October,Wednesday,16786.41,14268.448499999999
2025-10-22,ORD026322,CUST02372,P010,Coffee Maker,Home,Jaipur,Store,Credit Card,2,5701.9,0.0,11403.8,11403.8,0,2878.0,2025,10,October,Wednesday,11403.8,11403.8
2025-10-22,ORD024596,CUST04220,P019,Vacuum Cleaner,Home,Jaipur,Online,Cash,1,8597.33,0.1,8597.33,7737.6,0,1325.93,2025,10,October,Wednesday,8597.33,7737.597
2025-10-22,ORD032613,CUST04110,P009,T-Shirt,Fashion,Delhi,Store,Credit Card,1,1157.07,0.05,1157.07,1099.22,1,-54.96,2025,10,October,Wednesday,1157.07,1099.2165
2025-10-22,ORD042558,CUST04061,P013,Monitor,Electronics,Ahmedabad,Online,Credit Card,1,17444.89,0.0,17444.89,17444.89,0,2694.22,2025,10,October,Wednesday,17444.89,17444.89
2025-10-22,ORD046671,CUST00019,P001,Laptop,Electronics,Hyderabad,Store,Cash,2,60007.64,0.05,120015.28,114014.52,0,15855.6,2025,10,October,Wednesday,120015.28,114014.51599999999
2025-10-22,ORD031952,CUST02222,P004,Smartwatch,Electronics,Kolkata,Online,Debit Card,2,6800.54,0.0,13601.08,13601.08,0,1592.9,2025,10,October,Wednesday,13601.08,13601.08
2025-10-22,ORD024254,CUST00491,P014,Keyboard,Electronics,Hyderabad,Online,Credit Card,1,2449.53,0.2,2449.53,1959.62,0,158.75,2025,10,October,Wednesday,2449.53,1959.6240000000003
2025-10-22,ORD036483,CUST00766,P013,Monitor,Electronics,Ahmedabad,Online,UPI,1,17472.02,0.25,17472.02,13104.02,0,2643.95,2025,10,October,Wednesday,17472.02,13104.015
2025-10-22,ORD025335,CUST04614,P004,Smartwatch,Electronics,Bengaluru,Store,UPI,2,6931.66,0.05,13863.32,13170.15,0,3457.44,2025,10,October,Wednesday,13863.32,13170.153999999999
2025-10-22,ORD014983,CUST03416,P017,Jeans,Fashion,Delhi,Store,UPI,1,2560.3,0.0,2560.3,2560.3,0,447.81,2025,10,October,Wednesday,2560.3,2560.3
2025-10-22,ORD038239,CUST03672,P002,Smartphone,Electronics,Jaipur,Online,Credit Card,1,30583.48,0.0,30583.48,30583.48,0,6053.95,2025,10,October,Wednesday,30583.48,30583.48
2025-10-22,ORD007611,CUST01323,P003,Headphones,Electronics,Jaipur,Store,UPI,1,4442.18,0.15,4442.18,3775.85,0,938.14,2025,10,October,Wednesday,4442.18,3775.853
2025-10-22,ORD008562,CUST03541,P008,Running Shoes,Fashion,Kolkata,Online,Credit Card,1,4152.5,0.15,4152.5,3529.62,0,951.83,2025,10,October,Wednesday,4152.5,3529.625
2025-10-22,ORD024674,CUST01931,P015,Dining Table,Furniture,Jaipur,Store,Cash,1,23520.34,0.1,23520.34,21168.31,0,5680.14,2025,10,October,Wednesday,23520.34,21168.306
2025-10-22,ORD029942,CUST03002,P012,Air Fryer,Home,Ahmedabad,Online,Credit Card,2,7602.04,0.1,15204.08,13683.67,0,2846.7,2025,10,October,Wednesday,15204.08,13683.672
2025-10-22,ORD003233,CUST04596,P006,Desk,Furniture,Surat,Store,UPI,1,12528.24,0.1,12528.24,11275.42,0,1952.95,2025,10,October,Wednesday,12528.24,11275.416
2025-10-22,ORD029319,CUST02273,P014,Keyboard,Electronics,Hyderabad,Online,Credit Card,2,2265.88,0.25,4531.76,3398.82,0,848.9,2025,10,October,Wednesday,4531.76,3398.82
2025-10-22,ORD043877,CUST02244,P020,Microwave,Home,Kolkata,Online,Credit Card,1,11640.36,0.1,11640.36,10476.32,0,656.64,2025,10,October,Wednesday,11640.36,10476.324
2025-10-22,ORD049692,CUST01624,P012,Air Fryer,Home,Bengaluru,Online,UPI,2,7023.02,0.05,14046.04,13343.74,0,3750.95,2025,10,October,Wednesday,14046.04,13343.738
2025-10-22,ORD033228,CUST00122,P007,Backpack,Accessories,Ahmedabad,Store,Net Banking,2,2240.62,0.15,4481.24,3809.05,0,900.41,2025,10,October,Wednesday,4481.24,3809.0539999999996
2025-10-22,ORD000944,CUST04030,P010,Coffee Maker,Home,Surat,Store,Cash,2,5866.06,0.1,11732.12,10558.91,0,2238.01,2025,10,October,Wednesday,11732.12,10558.908000000001
2025-10-23,ORD023199,CUST03308,P004,Smartwatch,Electronics,Bengaluru,Store,Credit Card,1,7116.47,0.1,7116.47,6404.82,0,1325.4,2025,10,October,Thursday,7116.47,6404.823
2025-10-23,ORD027977,CUST04825,P017,Jeans,Fashion,Surat,Online,Credit Card,1,2858.76,0.2,2858.76,2287.01,0,241.29,2025,10,October,Thursday,2858.76,2287.0080000000003
2025-10-23,ORD032189,CUST04221,P019,Vacuum Cleaner,Home,Delhi,Online,UPI,1,8318.44,0.05,8318.44,7902.52,0,1480.87,2025,10,October,Thursday,8318.44,7902.518
2025-10-23,ORD013798,CUST02204,P004,Smartwatch,Electronics,Mumbai,Online,Credit Card,4,7597.52,0.15,30390.08,25831.57,0,3221.25,2025,10,October,Thursday,30390.08,25831.568
2025-10-23,ORD026923,CUST04713,P013,Monitor,Electronics,Kolkata,Online,Debit Card,3,18954.96,0.0,56864.88,56864.88,0,7243.57,2025,10,October,Thursday,56864.88,56864.88
2025-10-23,ORD006390,CUST01194,P005,Office Chair,Furniture,Kolkata,Store,UPI,1,9357.27,0.1,9357.27,8421.54,0,1291.26,2025,10,October,Thursday,9357.27,8421.543000000001
2025-10-23,ORD033980,CUST00877,P001,Laptop,Electronics,Jaipur,Online,UPI,1,59587.89,0.25,59587.89,44690.92,0,2686.78,2025,10,October,Thursday,59587.89,44690.917499999996
2025-10-23,ORD040624,CUST01755,P007,Backpack,Accessories,Hyderabad,Online,Credit Card,5,2248.83,0.0,11244.15,11244.15,0,1885.3,2025,10,October,Thursday,11244.15,11244.15
2025-10-23,ORD006195,CUST03784,P003,Headphones,Electronics,Jaipur,Store,UPI,1,4773.52,0.15,4773.52,4057.49,0,798.22,2025,10,October,Thursday,4773.52,4057.492
2025-10-23,ORD030652,CUST00530,P003,Headphones,Electronics,Surat,Online,Debit Card,2,4301.02,0.0,8602.04,8602.04,0,1567.31,2025,10,October,Thursday,8602.04,8602.04
2025-10-23,ORD006072,CUST02016,P011,Mixer Grinder,Home,Pune,Online,Credit Card,1,5116.4,0.2,5116.4,4093.12,0,169.76,2025,10,October,Thursday,5116.4,4093.12
2025-10-23,ORD049321,CUST02667,P010,Coffee Maker,Home,Bengaluru,Store,UPI,1,5019.2,0.15,5019.2,4266.32,0,403.64,2025,10,October,Thursday,5019.2,4266.32
2025-10-23,ORD000185,CUST04331,P008,Running Shoes,Fashion,Jaipur,Store,UPI,2,3931.7,0.1,7863.4,7077.06,0,922.94,2025,10,October,Thursday,7863.4,7077.0599999999995
2025-10-23,ORD001988,CUST00853,P008,Running Shoes,Fashion,Bengaluru,Store,Net Banking,1,4504.23,0.25,4504.23,3378.17,0,829.53,2025,10,October,Thursday,4504.23,3378.1724999999997
2025-10-23,ORD007946,CUST04026,P017,Jeans,Fashion,Kolkata,Online,Cash,2,2846.96,0.1,5693.92,5124.53,0,427.09,2025,10,October,Thursday,5693.92,5124.528
2025-10-23,ORD014143,CUST04614,P011,Mixer Grinder,Home,Mumbai,Store,Credit Card,1,4656.85,0.1,4656.85,4191.17,0,685.95,2025,10,October,Thursday,4656.85,4191.165000000001
2025-10-23,ORD039913,CUST04931,P005,Office Chair,Furniture,Delhi,Online,UPI,3,10200.67,0.05,30602.01,29071.91,0,3651.42,2025,10,October,Thursday,30602.010000000002,29071.909499999998
2025-10-23,ORD019336,CUST02497,P011,Mixer Grinder,Home,Chennai,Store,Debit Card,1,4457.2,0.1,4457.2,4011.48,0,684.81,2025,10,October,Thursday,4457.2,4011.48
2025-10-23,ORD032690,CUST03327,P012,Air Fryer,Home,Delhi,Online,Debit Card,1,7418.33,0.05,7418.33,7047.41,0,1047.13,2025,10,October,Thursday,7418.33,7047.4135
2025-10-23,ORD006864,CUST03944,P009,T-Shirt,Fashion,Bengaluru,Store,Debit Card,3,1141.56,0.15,3424.68,2910.98,0,616.42,2025,10,October,Thursday,3424.68,2910.9779999999996
2025-10-23,ORD030595,CUST02729,P013,Monitor,Electronics,Delhi,Online,Credit Card,2,17099.47,0.1,34198.94,30779.05,0,4874.96,2025,10,October,Thursday,34198.94,30779.046000000002
2025-10-23,ORD013977,CUST01272,P020,Microwave,Home,Jaipur,Online,Debit Card,1,10434.32,0.05,10434.32,9912.6,0,1819.63,2025,10,October,Thursday,10434.32,9912.604
2025-10-23,ORD016930,CUST01483,P020,Microwave,Home,Kolkata,Online,Net Banking,3,10102.29,0.0,30306.87,30306.87,0,4219.97,2025,10,October,Thursday,30306.870000000003,30306.87
2025-10-23,ORD019861,CUST02041,P014,Keyboard,Electronics,Kolkata,Online,Net Banking,3,2295.9,0.05,6887.7,6543.32,0,1693.33,2025,10,October,Thursday,6887.700000000001,6543.315
2025-10-23,ORD042472,CUST04387,P016,Sofa,Furniture,Pune,Store,UPI,4,35253.88,0.0,141015.52,141015.52,0,29592.04,2025,10,October,Thursday,141015.52,141015.52
2025-10-23,ORD040238,CUST00816,P010,Coffee Maker,Home,Kolkata,Store,UPI,2,5551.14,0.1,11102.28,9992.05,1,-499.6,2025,10,October,Thursday,11102.28,9992.052000000001
2025-10-23,ORD001153,CUST03402,P019,Vacuum Cleaner,Home,Chennai,Online,Credit Card,4,8261.78,0.2,33047.12,26437.7,0,3939.54,2025,10,October,Thursday,33047.12,26437.696000000004
2025-10-23,ORD022090,CUST00300,P005,Office Chair,Furniture,Bengaluru,Store,UPI,2,9441.39,0.15,18882.78,16050.36,0,2053.09,2025,10,October,Thursday,18882.78,16050.363
2025-10-23,ORD002148,CUST03713,P017,Jeans,Fashion,Pune,Online,Cash,2,2850.78,0.1,5701.56,5131.4,0,1106.08,2025,10,October,Thursday,5701.56,5131.404
2025-10-23,ORD032862,CUST04069,P002,Smartphone,Electronics,Chennai,Online,UPI,1,27387.83,0.05,27387.83,26018.44,0,7110.11,2025,10,October,Thursday,27387.83,26018.4385
2025-10-23,ORD002146,CUST01153,P007,Backpack,Accessories,Ahmedabad,Store,Credit Card,1,2284.29,0.1,2284.29,2055.86,0,567.27,2025,10,October,Thursday,2284.29,2055.861
2025-10-23,ORD013384,CUST04184,P003,Headphones,Electronics,Jaipur,Store,Credit Card,1,4787.49,0.05,4787.49,4548.12,0,692.94,2025,10,October,Thursday,4787.49,4548.1155
2025-10-23,ORD007155,CUST04906,P001,Laptop,Electronics,Ahmedabad,Online,Debit Card,1,65897.6,0.05,65897.6,62602.72,0,11322.01,2025,10,October,Thursday,65897.6,62602.72
2025-10-23,ORD021612,CUST02932,P017,Jeans,Fashion,Bengaluru,Store,Credit Card,3,2822.91,0.0,8468.73,8468.73,0,777.11,2025,10,October,Thursday,8468.73,8468.73
2025-10-23,ORD022475,CUST00904,P007,Backpack,Accessories,Ahmedabad,Store,Net Banking,4,2133.65,0.1,8534.6,7681.14,0,1055.5,2025,10,October,Thursday,8534.6,7681.14
2025-10-23,ORD046867,CUST02649,P014,Keyboard,Electronics,Mumbai,Online,Net Banking,2,2337.31,0.1,4674.62,4207.16,0,708.95,2025,10,October,Thursday,4674.62,4207.158
2025-10-23,ORD002495,CUST04972,P006,Desk,Furniture,Surat,Online,UPI,1,11470.27,0.1,11470.27,10323.24,0,1109.16,2025,10,October,Thursday,11470.27,10323.243
2025-10-23,ORD047134,CUST00176,P018,Jacket,Fashion,Chennai,Store,Credit Card,1,4884.6,0.15,4884.6,4151.91,0,822.4,2025,10,October,Thursday,4884.6,4151.91
2025-10-23,ORD022533,CUST01560,P010,Coffee Maker,Home,Chennai,Store,UPI,1,5230.53,0.2,5230.53,4184.42,0,613.47,2025,10,October,Thursday,5230.53,4184.424
2025-10-23,ORD042105,CUST02690,P006,Desk,Furniture,Kolkata,Online,Credit Card,1,12384.82,0.05,12384.82,11765.58,0,2228.79,2025,10,October,Thursday,12384.82,11765.579
2025-10-23,ORD026708,CUST00460,P011,Mixer Grinder,Home,Surat,Store,Credit Card,1,5212.49,0.1,5212.49,4691.24,0,1204.11,2025,10,October,Thursday,5212.49,4691.241
2025-10-23,ORD028655,CUST01229,P020,Microwave,Home,Hyderabad,Store,Net Banking,1,10190.47,0.2,10190.47,8152.38,0,1651.12,2025,10,October,Thursday,10190.47,8152.376
2025-10-23,ORD039634,CUST02388,P002,Smartphone,Electronics,Bengaluru,Store,Net Banking,1,25793.43,0.15,25793.43,21924.42,0,1329.63,2025,10,October,Thursday,25793.43,21924.4155
2025-10-23,ORD005875,CUST02026,P015,Dining Table,Furniture,Ahmedabad,Online,Cash,2,20426.21,0.05,40852.42,38809.8,0,11098.21,2025,10,October,Thursday,40852.42,38809.799
2025-10-23,ORD025784,CUST04346,P019,Vacuum Cleaner,Home,Pune,Store,UPI,1,9073.3,0.15,9073.3,7712.3,0,443.7,2025,10,October,Thursday,9073.3,7712.304999999999
2025-10-23,ORD043177,CUST01465,P002,Smartphone,Electronics,Bengaluru,Online,UPI,1,27812.21,0.05,27812.21,26421.6,0,7411.92,2025,10,October,Thursday,27812.21,26421.599499999997
2025-10-23,ORD017704,CUST00573,P003,Headphones,Electronics,Surat,Online,Net Banking,1,4766.81,0.1,4766.81,4290.13,0,841.62,2025,10,October,Thursday,4766.81,4290.129000000001
2025-10-23,ORD023966,CUST02915,P005,Office Chair,Furniture,Kolkata,Store,Credit Card,1,10045.92,0.05,10045.92,9543.62,0,1068.02,2025,10,October,Thursday,10045.92,9543.624
2025-10-23,ORD004690,CUST03646,P020,Microwave,Home,Hyderabad,Store,Cash,2,11138.06,0.05,22276.12,21162.31,0,5933.29,2025,10,October,Thursday,22276.12,21162.314
2025-10-23,ORD015571,CUST03295,P007,Backpack,Accessories,Pune,Store,UPI,1,2413.83,0.0,2413.83,2413.83,0,521.4,2025,10,October,Thursday,2413.83,2413.83
2025-10-23,ORD018488,CUST02448,P003,Headphones,Electronics,Chennai,Online,Credit Card,1,4945.53,0.0,4945.53,4945.53,0,1452.9,2025,10,October,Thursday,4945.53,4945.53
2025-10-23,ORD009943,CUST00682,P003,Headphones,Electronics,Delhi,Store,Net Banking,2,4417.98,0.15,8835.96,7510.57,0,689.49,2025,10,October,Thursday,8835.96,7510.565999999999
2025-10-23,ORD016759,CUST04898,P005,Office Chair,Furniture,Bengaluru,Store,UPI,1,9631.33,0.15,9631.33,8186.63,0,1093.46,2025,10,October,Thursday,9631.33,8186.630499999999
2025-10-23,ORD036955,CUST04624,P006,Desk,Furniture,Hyderabad,Store,Credit Card,1,13119.97,0.0,13119.97,13119.97,0,1385.98,2025,10,October,Thursday,13119.97,13119.97
2025-10-23,ORD042233,CUST02052,P014,Keyboard,Electronics,Mumbai,Store,Debit Card,2,2584.06,0.05,5168.12,4909.71,0,739.7,2025,10,October,Thursday,5168.12,4909.714
2025-10-23,ORD036543,CUST03735,P015,Dining Table,Furniture,Surat,Store,Credit Card,1,20416.43,0.0,20416.43,20416.43,0,2572.72,2025,10,October,Thursday,20416.43,20416.43
2025-10-23,ORD020912,CUST02243,P006,Desk,Furniture,Surat,Store,UPI,1,11821.4,0.25,11821.4,8866.05,0,1847.7,2025,10,October,Thursday,11821.4,8866.05
2025-10-23,ORD029065,CUST02075,P014,Keyboard,Electronics,Chennai,Online,UPI,1,2315.06,0.0,2315.06,2315.06,0,367.89,2025,10,October,Thursday,2315.06,2315.06
2025-10-23,ORD017796,CUST02236,P010,Coffee Maker,Home,Kolkata,Online,UPI,1,5314.44,0.1,5314.44,4783.0,0,1205.84,2025,10,October,Thursday,5314.44,4782.996
2025-10-23,ORD026200,CUST00375,P019,Vacuum Cleaner,Home,Kolkata,Store,Credit Card,1,9598.01,0.2,9598.01,7678.41,1,-383.92,2025,10,October,Thursday,9598.01,7678.408
2025-10-23,ORD032897,CUST02694,P007,Backpack,Accessories,Ahmedabad,Store,Cash,1,2176.26,0.2,2176.26,1741.01,0,157.72,2025,10,October,Thursday,2176.26,1741.0080000000003
2025-10-23,ORD046858,CUST03198,P010,Coffee Maker,Home,Kolkata,Online,Credit Card,1,5152.45,0.15,5152.45,4379.58,0,650.33,2025,10,October,Thursday,5152.45,4379.5824999999995
2025-10-23,ORD048415,CUST00466,P015,Dining Table,Furniture,Pune,Store,UPI,2,22138.01,0.1,44276.02,39848.42,0,4279.31,2025,10,October,Thursday,44276.02,39848.418
2025-10-23,ORD044850,CUST04247,P002,Smartphone,Electronics,Bengaluru,Online,Credit Card,1,25797.5,0.1,25797.5,23217.75,0,2016.9,2025,10,October,Thursday,25797.5,23217.75
2025-10-23,ORD008633,CUST04887,P018,Jacket,Fashion,Jaipur,Online,Credit Card,1,5509.59,0.15,5509.59,4683.15,0,913.97,2025,10,October,Thursday,5509.59,4683.1515
2025-10-23,ORD043148,CUST01790,P007,Backpack,Accessories,Ahmedabad,Store,Debit Card,3,2094.28,0.0,6282.84,6282.84,0,1845.96,2025,10,October,Thursday,6282.84,6282.84
2025-10-23,ORD010543,CUST01758,P015,Dining Table,Furniture,Mumbai,Online,Credit Card,2,23165.27,0.1,46330.54,41697.49,0,3216.84,2025,10,October,Thursday,46330.54,41697.486000000004
2025-10-24,ORD013652,CUST00259,P001,Laptop,Electronics,Surat,Store,Net Banking,1,67076.99,0.05,67076.99,63723.14,1,-3186.16,2025,10,October,Friday,67076.99,63723.1405
2025-10-24,ORD017088,CUST04772,P014,Keyboard,Electronics,Bengaluru,Store,Credit Card,5,2305.23,0.0,11526.15,11526.15,0,1737.59,2025,10,October,Friday,11526.15,11526.15
2025-10-24,ORD006278,CUST04894,P003,Headphones,Electronics,Kolkata,Store,UPI,1,4478.96,0.25,4478.96,3359.22,0,134.37,2025,10,October,Friday,4478.96,3359.2200000000003
2025-10-24,ORD028236,CUST01177,P004,Smartwatch,Electronics,Surat,Online,Debit Card,3,7520.41,0.1,22561.23,20305.11,1,-1015.26,2025,10,October,Friday,22561.23,20305.107
2025-10-24,ORD002137,CUST01293,P016,Sofa,Furniture,Kolkata,Online,Credit Card,4,33133.52,0.05,132534.08,125907.38,0,16203.96,2025,10,October,Friday,132534.08,125907.37599999997
2025-10-24,ORD048923,CUST03665,P019,Vacuum Cleaner,Home,Pune,Online,UPI,3,9182.25,0.05,27546.75,26169.41,0,6023.79,2025,10,October,Friday,27546.75,26169.4125
2025-10-24,ORD035688,CUST01086,P004,Smartwatch,Electronics,Hyderabad,Online,UPI,1,6786.52,0.2,6786.52,5429.22,0,353.66,2025,10,October,Friday,6786.52,5429.216
2025-10-24,ORD040937,CUST01625,P007,Backpack,Accessories,Surat,Online,UPI,1,2185.43,0.15,2185.43,1857.62,0,282.06,2025,10,October,Friday,2185.43,1857.6154999999999
2025-10-24,ORD021338,CUST03539,P003,Headphones,Electronics,Surat,Online,Credit Card,3,4551.53,0.0,13654.59,13654.59,0,2177.08,2025,10,October,Friday,13654.59,13654.59
2025-10-24,ORD009718,CUST00563,P002,Smartphone,Electronics,Mumbai,Store,Credit Card,1,26899.71,0.1,26899.71,24209.74,0,4763.37,2025,10,October,Friday,26899.71,24209.739
2025-10-24,ORD049979,CUST03811,P005,Office Chair,Furniture,Kolkata,Store,UPI,2,9237.36,0.0,18474.72,18474.72,0,4357.16,2025,10,October,Friday,18474.72,18474.72
2025-10-24,ORD007983,CUST00772,P005,Office Chair,Furniture,Pune,Online,Credit Card,1,9678.07,0.15,9678.07,8226.36,0,1552.03,2025,10,October,Friday,9678.07,8226.359499999999
2025-10-24,ORD041672,CUST00703,P006,Desk,Furniture,Delhi,Online,Credit Card,1,11291.5,0.15,11291.5,9597.78,0,1847.46,2025,10,October,Friday,11291.5,9597.775
2025-10-24,ORD028963,CUST00469,P010,Coffee Maker,Home,Delhi,Online,UPI,4,5006.57,0.15,20026.28,17022.34,0,3432.83,2025,10,October,Friday,20026.28,17022.338
2025-10-24,ORD009289,CUST04569,P009,T-Shirt,Fashion,Ahmedabad,Store,Credit Card,2,1249.49,0.25,2498.98,1874.24,1,-93.71,2025,10,October,Friday,2498.98,1874.2350000000001
2025-10-24,ORD037194,CUST00251,P018,Jacket,Fashion,Jaipur,Online,UPI,2,5055.6,0.2,10111.2,8088.96,0,1105.36,2025,10,October,Friday,10111.2,8088.960000000001
2025-10-24,ORD001703,CUST00829,P011,Mixer Grinder,Home,Mumbai,Online,Credit Card,2,4693.5,0.15,9387.0,7978.95,0,1077.87,2025,10,October,Friday,9387.0,7978.95
2025-10-24,ORD001834,CUST04847,P014,Keyboard,Electronics,Ahmedabad,Online,Net Banking,2,2499.07,0.05,4998.14,4748.23,0,341.78,2025,10,October,Friday,4998.14,4748.233
2025-10-24,ORD048749,CUST00035,P011,Mixer Grinder,Home,Jaipur,Online,UPI,1,5072.35,0.1,5072.35,4565.12,0,641.4,2025,10,October,Friday,5072.35,4565.115000000001
2025-10-24,ORD042349,CUST00477,P009,T-Shirt,Fashion,Hyderabad,Online,UPI,1,1239.2,0.0,1239.2,1239.2,0,354.11,2025,10,October,Friday,1239.2,1239.2
2025-10-24,ORD014642,CUST00436,P007,Backpack,Accessories,Surat,Store,UPI,1,2110.0,0.0,2110.0,2110.0,0,325.35,2025,10,October,Friday,2110.0,2110.0
2025-10-24,ORD041703,CUST04900,P013,Monitor,Electronics,Bengaluru,Store,UPI,1,19517.63,0.05,19517.63,18541.75,0,4468.84,2025,10,October,Friday,19517.63,18541.7485
2025-10-24,ORD021550,CUST01488,P005,Office Chair,Furniture,Ahmedabad,Online,Net Banking,2,8642.57,0.15,17285.14,14692.37,0,2354.21,2025,10,October,Friday,17285.14,14692.368999999999
2025-10-24,ORD004056,CUST03846,P012,Air Fryer,Home,Hyderabad,Online,Credit Card,1,7200.62,0.1,7200.62,6480.56,0,864.79,2025,10,October,Friday,7200.62,6480.558
2025-10-24,ORD016504,CUST02162,P005,Office Chair,Furniture,Surat,Online,Net Banking,2,9909.93,0.05,19819.86,18828.87,0,4095.89,2025,10,October,Friday,19819.86,18828.867
2025-10-24,ORD000408,CUST00480,P004,Smartwatch,Electronics,Delhi,Store,Credit Card,2,7472.54,0.05,14945.08,14197.83,0,2809.23,2025,10,October,Friday,14945.08,14197.826
2025-10-24,ORD008145,CUST01819,P007,Backpack,Accessories,Pune,Store,Debit Card,1,2240.17,0.05,2240.17,2128.16,0,416.46,2025,10,October,Friday,2240.17,2128.1615
2025-10-24,ORD006348,CUST01924,P004,Smartwatch,Electronics,Delhi,Online,UPI,1,6884.55,0.15,6884.55,5851.87,0,1211.92,2025,10,October,Friday,6884.55,5851.8675
2025-10-24,ORD041643,CUST00056,P010,Coffee Maker,Home,Delhi,Online,Debit Card,1,5971.58,0.15,5971.58,5075.84,0,269.44,2025,10,October,Friday,5971.58,5075.843
2025-10-24,ORD029253,CUST00956,P001,Laptop,Electronics,Surat,Store,Net Banking,2,61825.72,0.05,123651.44,117468.87,0,22765.82,2025,10,October,Friday,123651.44,117468.868
2025-10-24,ORD039304,CUST03424,P017,Jeans,Fashion,Chennai,Online,Debit Card,1,2944.14,0.1,2944.14,2649.73,0,290.16,2025,10,October,Friday,2944.14,2649.726
2025-10-24,ORD021535,CUST04607,P003,Headphones,Electronics,Kolkata,Store,Net Banking,3,4807.5,0.05,14422.5,13701.38,0,1140.22,2025,10,October,Friday,14422.5,13701.375
2025-10-24,ORD014861,CUST00825,P007,Backpack,Accessories,Delhi,Online,Credit Card,1,2034.65,0.1,2034.65,1831.19,0,492.77,2025,10,October,Friday,2034.65,1831.1850000000002
2025-10-24,ORD034600,CUST02320,P015,Dining Table,Furniture,Delhi,Online,UPI,1,22134.33,0.1,22134.33,19920.9,1,-996.04,2025,10,October,Friday,22134.33,19920.897
2025-10-24,ORD032839,CUST02745,P006,Desk,Furniture,Delhi,Online,UPI,4,12866.58,0.0,51466.32,51466.32,0,9804.5,2025,10,October,Friday,51466.32,51466.32
2025-10-24,ORD006048,CUST00957,P015,Dining Table,Furniture,Hyderabad,Store,Net Banking,1,20271.73,0.2,20271.73,16217.38,0,1161.16,2025,10,October,Friday,20271.73,16217.384
2025-10-24,ORD007049,CUST04858,P019,Vacuum Cleaner,Home,Chennai,Store,UPI,1,9268.53,0.05,9268.53,8805.1,0,1025.02,2025,10,October,Friday,9268.53,8805.103500000001
2025-10-24,ORD049133,CUST01135,P006,Desk,Furniture,Pune,Online,UPI,1,10981.15,0.1,10981.15,9883.04,1,-494.15,2025,10,October,Friday,10981.15,9883.035
2025-10-24,ORD048502,CUST03887,P002,Smartphone,Electronics,Mumbai,Online,Credit Card,1,27845.84,0.0,27845.84,27845.84,0,3732.06,2025,10,October,Friday,27845.84,27845.84
2025-10-24,ORD021608,CUST04784,P018,Jacket,Fashion,Bengaluru,Online,Credit Card,5,5324.68,0.0,26623.4,26623.4,0,2501.57,2025,10,October,Friday,26623.4,26623.4
2025-10-24,ORD045622,CUST01403,P004,Smartwatch,Electronics,Jaipur,Store,Cash,1,6309.25,0.15,6309.25,5362.86,0,1370.45,2025,10,October,Friday,6309.25,5362.8625
2025-10-24,ORD037163,CUST02919,P006,Desk,Furniture,Kolkata,Store,Debit Card,1,12222.54,0.05,12222.54,11611.41,0,1845.73,2025,10,October,Friday,12222.54,11611.413
2025-10-24,ORD049591,CUST02819,P009,T-Shirt,Fashion,Surat,Online,UPI,1,1147.04,0.05,1147.04,1089.69,0,230.94,2025,10,October,Friday,1147.04,1089.6879999999999
2025-10-24,ORD004229,CUST04142,P020,Microwave,Home,Pune,Online,Credit Card,1,10053.67,0.0,10053.67,10053.67,0,1078.51,2025,10,October,Friday,10053.67,10053.67
2025-10-24,ORD020596,CUST04189,P005,Office Chair,Furniture,Bengaluru,Store,Credit Card,3,9665.66,0.1,28996.98,26097.28,0,3156.46,2025,10,October,Friday,28996.98,26097.282
2025-10-24,ORD016424,CUST00449,P017,Jeans,Fashion,Ahmedabad,Store,UPI,1,2989.02,0.1,2989.02,2690.12,0,482.38,2025,10,October,Friday,2989.02,2690.118
2025-10-24,ORD046923,CUST01776,P004,Smartwatch,Electronics,Hyderabad,Online,Debit Card,2,7195.3,0.05,14390.6,13671.07,0,1977.22,2025,10,October,Friday,14390.6,13671.07
2025-10-24,ORD038547,CUST01748,P013,Monitor,Electronics,Mumbai,Store,UPI,3,18448.57,0.15,55345.71,47043.85,1,-2352.19,2025,10,October,Friday,55345.71,47043.8535
2025-10-24,ORD017002,CUST00398,P012,Air Fryer,Home,Delhi,Online,Debit Card,2,7118.27,0.2,14236.54,11389.23,0,2566.25,2025,10,October,Friday,14236.54,11389.232000000002
2025-10-24,ORD023891,CUST01686,P014,Keyboard,Electronics,Pune,Online,Credit Card,1,2298.13,0.15,2298.13,1953.41,0,333.62,2025,10,October,Friday,2298.13,1953.4105
2025-10-24,ORD041861,CUST00982,P009,T-Shirt,Fashion,Surat,Online,Debit Card,2,1261.93,0.0,2523.86,2523.86,0,478.59,2025,10,October,Friday,2523.86,2523.86
2025-10-24,ORD034083,CUST04924,P018,Jacket,Fashion,Delhi,Online,UPI,1,4690.45,0.25,4690.45,3517.84,0,487.57,2025,10,October,Friday,4690.45,3517.8374999999996
2025-10-24,ORD035316,CUST01687,P004,Smartwatch,Electronics,Pune,Online,Net Banking,2,6507.89,0.1,13015.78,11714.2,0,2444.23,2025,10,October,Friday,13015.78,11714.202000000001
2025-10-24,ORD039428,CUST03967,P019,Vacuum Cleaner,Home,Hyderabad,Online,Net Banking,1,9070.28,0.15,9070.28,7709.74,0,1810.5,2025,10,October,Friday,9070.28,7709.738
2025-10-24,ORD046626,CUST02956,P012,Air Fryer,Home,Mumbai,Online,Credit Card,2,7204.77,0.2,14409.54,11527.63,1,-576.38,2025,10,October,Friday,14409.54,11527.632000000001
2025-10-24,ORD008263,CUST02880,P002,Smartphone,Electronics,Mumbai,Store,UPI,1,26090.01,0.0,26090.01,26090.01,0,5737.17,2025,10,October,Friday,26090.01,26090.01
2025-10-24,ORD030649,CUST00034,P020,Microwave,Home,Pune,Online,Credit Card,3,11262.33,0.0,33786.99,33786.99,0,9359.01,2025,10,October,Friday,33786.99,33786.99
2025-10-24,ORD029555,CUST00235,P019,Vacuum Cleaner,Home,Bengaluru,Online,UPI,1,9160.32,0.25,9160.32,6870.24,0,466.74,2025,10,October,Friday,9160.32,6870.24
2025-10-24,ORD012294,CUST04470,P018,Jacket,Fashion,Mumbai,Online,UPI,1,5239.45,0.05,5239.45,4977.48,1,-248.87,2025,10,October,Friday,5239.45,4977.4775
2025-10-24,ORD049969,CUST00892,P007,Backpack,Accessories,Chennai,Online,UPI,2,2200.79,0.15,4401.58,3741.34,1,-187.07,2025,10,October,Friday,4401.58,3741.343
2025-10-25,ORD035398,CUST03214,P004,Smartwatch,Electronics,Delhi,Online,Credit Card,2,6557.04,0.1,13114.08,11802.67,0,1480.97,2025,10,October,Saturday,13114.08,11802.672
2025-10-25,ORD044078,CUST01283,P001,Laptop,Electronics,Surat,Store,UPI,1,61284.21,0.25,61284.21,45963.16,0,10430.55,2025,10,October,Saturday,61284.21,45963.1575
2025-10-25,ORD012151,CUST02940,P016,Sofa,Furniture,Chennai,Online,UPI,1,32464.32,0.15,32464.32,27594.67,0,6768.36,2025,10,October,Saturday,32464.32,27594.672
2025-10-25,ORD000036,CUST01932,P016,Sofa,Furniture,Bengaluru,Online,UPI,1,31685.58,0.1,31685.58,28517.02,0,7609.79,2025,10,October,Saturday,31685.58,28517.022
2025-10-25,ORD030949,CUST04940,P010,Coffee Maker,Home,Chennai,Store,UPI,2,5411.49,0.15,10822.98,9199.53,0,1461.51,2025,10,October,Saturday,10822.98,9199.533
2025-10-25,ORD045233,CUST02936,P017,Jeans,Fashion,Mumbai,Store,UPI,1,2564.73,0.0,2564.73,2564.73,0,219.88,2025,10,October,Saturday,2564.73,2564.73
2025-10-25,ORD022078,CUST03759,P015,Dining Table,Furniture,Ahmedabad,Online,Debit Card,1,20459.73,0.05,20459.73,19436.74,1,-971.84,2025,10,October,Saturday,20459.73,19436.7435
2025-10-25,ORD009934,CUST01044,P011,Mixer Grinder,Home,Hyderabad,Store,Credit Card,1,5119.7,0.2,5119.7,4095.76,0,719.83,2025,10,October,Saturday,5119.7,4095.76
2025-10-25,ORD011813,CUST00820,P007,Backpack,Accessories,Jaipur,Online,Cash,2,2013.67,0.05,4027.34,3825.97,0,677.83,2025,10,October,Saturday,4027.34,3825.973
2025-10-25,ORD014024,CUST01376,P020,Microwave,Home,Kolkata,Online,UPI,4,11334.17,0.1,45336.68,40803.01,0,7019.47,2025,10,October,Saturday,45336.68,40803.012
2025-10-25,ORD010640,CUST00765,P020,Microwave,Home,Mumbai,Store,Debit Card,1,11755.77,0.0,11755.77,11755.77,0,3145.33,2025,10,October,Saturday,11755.77,11755.77
2025-10-25,ORD015712,CUST01775,P019,Vacuum Cleaner,Home,Surat,Online,Cash,1,8325.05,0.1,8325.05,7492.54,0,1941.2,2025,10,October,Saturday,8325.05,7492.544999999999
2025-10-25,ORD026710,CUST01813,P001,Laptop,Electronics,Delhi,Online,Cash,2,70642.8,0.15,141285.6,120092.76,0,19198.18,2025,10,October,Saturday,141285.6,120092.76
2025-10-25,ORD029691,CUST04176,P001,Laptop,Electronics,Bengaluru,Store,Credit Card,2,63582.85,0.1,127165.7,114449.13,0,21086.72,2025,10,October,Saturday,127165.7,114449.13
2025-10-25,ORD000862,CUST03066,P002,Smartphone,Electronics,Kolkata,Store,Credit Card,1,30048.07,0.05,30048.07,28545.67,0,4534.15,2025,10,October,Saturday,30048.07,28545.6665
2025-10-25,ORD047608,CUST03301,P001,Laptop,Electronics,Mumbai,Store,UPI,1,66843.58,0.1,66843.58,60159.22,1,-3007.96,2025,10,October,Saturday,66843.58,60159.222
2025-10-25,ORD030472,CUST04917,P006,Desk,Furniture,Mumbai,Online,Net Banking,1,11985.14,0.2,11985.14,9588.11,0,1813.73,2025,10,October,Saturday,11985.14,9588.112
2025-10-25,ORD041862,CUST04397,P005,Office Chair,Furniture,Surat,Online,Credit Card,1,9630.43,0.0,9630.43,9630.43,0,1424.08,2025,10,October,Saturday,9630.43,9630.43
2025-10-25,ORD036340,CUST00579,P008,Running Shoes,Fashion,Kolkata,Online,UPI,4,4357.64,0.15,17430.56,14815.98,0,2358.08,2025,10,October,Saturday,17430.56,14815.976
2025-10-25,ORD000244,CUST02835,P002,Smartphone,Electronics,Delhi,Store,UPI,1,30765.55,0.05,30765.55,29227.27,0,6054.41,2025,10,October,Saturday,30765.55,29227.2725
2025-10-25,ORD009092,CUST04212,P009,T-Shirt,Fashion,Surat,Online,UPI,1,1141.76,0.1,1141.76,1027.58,0,148.66,2025,10,October,Saturday,1141.76,1027.584
2025-10-25,ORD025787,CUST00741,P006,Desk,Furniture,Mumbai,Store,UPI,2,12285.24,0.1,24570.48,22113.43,0,2329.0,2025,10,October,Saturday,24570.48,22113.432
2025-10-25,ORD000694,CUST03492,P009,T-Shirt,Fashion,Mumbai,Store,UPI,2,1098.31,0.05,2196.62,2086.79,0,429.28,2025,10,October,Saturday,2196.62,2086.7889999999998
2025-10-25,ORD003411,CUST03055,P008,Running Shoes,Fashion,Ahmedabad,Online,Credit Card,2,4138.67,0.1,8277.34,7449.61,0,1462.63,2025,10,October,Saturday,8277.34,7449.606000000001
2025-10-25,ORD014768,CUST01407,P018,Jacket,Fashion,Hyderabad,Store,Credit Card,3,4920.77,0.0,14762.31,14762.31,0,2592.19,2025,10,October,Saturday,14762.310000000001,14762.31
2025-10-25,ORD040855,CUST00045,P005,Office Chair,Furniture,Jaipur,Online,Credit Card,4,8987.79,0.15,35951.16,30558.49,0,5185.82,2025,10,October,Saturday,35951.16,30558.486
2025-10-25,ORD014182,CUST02029,P012,Air Fryer,Home,Pune,Online,UPI,1,7708.78,0.0,7708.78,7708.78,0,698.83,2025,10,October,Saturday,7708.78,7708.78
2025-10-25,ORD027385,CUST04340,P008,Running Shoes,Fashion,Delhi,Online,Credit Card,4,4223.59,0.0,16894.36,16894.36,0,3480.55,2025,10,October,Saturday,16894.36,16894.36
2025-10-25,ORD001209,CUST02635,P009,T-Shirt,Fashion,Kolkata,Online,Credit Card,4,1159.13,0.15,4636.52,3941.04,0,839.36,2025,10,October,Saturday,4636.52,3941.0420000000004
2025-10-25,ORD009621,CUST04829,P006,Desk,Furniture,Pune,Online,Credit Card,3,12097.51,0.1,36292.53,32663.28,0,5393.97,2025,10,October,Saturday,36292.53,32663.277
2025-10-25,ORD024305,CUST03529,P006,Desk,Furniture,Surat,Online,Debit Card,1,11026.62,0.0,11026.62,11026.62,0,2597.43,2025,10,October,Saturday,11026.62,11026.62
2025-10-25,ORD031232,CUST04070,P020,Microwave,Home,Jaipur,Online,UPI,1,11957.59,0.05,11957.59,11359.71,0,2962.75,2025,10,October,Saturday,11957.59,11359.7105
2025-10-25,ORD003294,CUST03162,P014,Keyboard,Electronics,Hyderabad,Store,UPI,1,2735.77,0.0,2735.77,2735.77,0,781.25,2025,10,October,Saturday,2735.77,2735.77
2025-10-25,ORD047442,CUST04122,P014,Keyboard,Electronics,Jaipur,Online,Credit Card,1,2419.02,0.0,2419.02,2419.02,0,463.49,2025,10,October,Saturday,2419.02,2419.02
2025-10-25,ORD046988,CUST04781,P009,T-Shirt,Fashion,Ahmedabad,Online,UPI,1,1277.68,0.1,1277.68,1149.91,0,195.62,2025,10,October,Saturday,1277.68,1149.912
2025-10-25,ORD025334,CUST01427,P003,Headphones,Electronics,Surat,Store,Debit Card,1,4913.12,0.0,4913.12,4913.12,0,550.22,2025,10,October,Saturday,4913.12,4913.12
2025-10-25,ORD039658,CUST04058,P014,Keyboard,Electronics,Hyderabad,Online,Net Banking,1,2414.94,0.15,2414.94,2052.7,0,248.53,2025,10,October,Saturday,2414.94,2052.699
2025-10-25,ORD038161,CUST00103,P004,Smartwatch,Electronics,Mumbai,Online,Credit Card,2,6866.67,0.25,13733.34,10300.01,0,708.13,2025,10,October,Saturday,13733.34,10300.005000000001
2025-10-25,ORD028332,CUST03643,P001,Laptop,Electronics,Mumbai,Store,Debit Card,1,70189.86,0.1,70189.86,63170.87,0,9855.4,2025,10,October,Saturday,70189.86,63170.874
2025-10-25,ORD028850,CUST01323,P009,T-Shirt,Fashion,Chennai,Store,Debit Card,1,1084.18,0.0,1084.18,1084.18,0,242.54,2025,10,October,Saturday,1084.18,1084.18
2025-10-25,ORD020618,CUST04115,P008,Running Shoes,Fashion,Ahmedabad,Store,Credit Card,1,3970.93,0.05,3970.93,3772.38,0,464.3,2025,10,October,Saturday,3970.93,3772.3834999999995
2025-10-25,ORD006327,CUST01628,P015,Dining Table,Furniture,Kolkata,Store,UPI,2,21478.24,0.1,42956.48,38660.83,0,4811.85,2025,10,October,Saturday,42956.48,38660.832
2025-10-25,ORD010183,CUST04133,P005,Office Chair,Furniture,Surat,Store,UPI,1,9407.14,0.1,9407.14,8466.43,0,1728.62,2025,10,October,Saturday,9407.14,8466.426
2025-10-25,ORD048269,CUST03076,P006,Desk,Furniture,Chennai,Online,UPI,4,11833.83,0.0,47335.32,47335.32,0,13949.15,2025,10,October,Saturday,47335.32,47335.32
2025-10-25,ORD025631,CUST01778,P009,T-Shirt,Fashion,Mumbai,Store,Credit Card,1,1290.35,0.25,1290.35,967.76,0,110.97,2025,10,October,Saturday,1290.35,967.7624999999999
2025-10-25,ORD041399,CUST00268,P018,Jacket,Fashion,Hyderabad,Online,Credit Card,1,5617.59,0.1,5617.59,5055.83,0,1164.71,2025,10,October,Saturday,5617.59,5055.831
2025-10-25,ORD011706,CUST00540,P006,Desk,Furniture,Ahmedabad,Online,UPI,1,12671.88,0.05,12671.88,12038.29,0,1240.84,2025,10,October,Saturday,12671.88,12038.285999999998
2025-10-25,ORD040783,CUST02959,P018,Jacket,Fashion,Kolkata,Store,Net Banking,2,4880.25,0.1,9760.5,8784.45,0,1455.19,2025,10,October,Saturday,9760.5,8784.45
2025-10-25,ORD013054,CUST01146,P007,Backpack,Accessories,Kolkata,Online,UPI,2,2036.62,0.1,4073.24,3665.92,0,678.69,2025,10,October,Saturday,4073.24,3665.9159999999997
2025-10-25,ORD009637,CUST02037,P018,Jacket,Fashion,Chennai,Store,UPI,1,4932.41,0.2,4932.41,3945.93,0,994.46,2025,10,October,Saturday,4932.41,3945.928
2025-10-25,ORD033102,CUST03472,P010,Coffee Maker,Home,Mumbai,Store,UPI,1,5919.72,0.05,5919.72,5623.73,0,1348.77,2025,10,October,Saturday,5919.72,5623.734
2025-10-25,ORD015859,CUST02788,P014,Keyboard,Electronics,Delhi,Online,Debit Card,2,2388.74,0.1,4777.48,4299.73,0,338.31,2025,10,October,Saturday,4777.48,4299.732
2025-10-25,ORD015211,CUST00545,P019,Vacuum Cleaner,Home,Bengaluru,Store,Credit Card,2,8154.62,0.05,16309.24,15493.78,0,3821.43,2025,10,October,Saturday,16309.24,15493.777999999998
2025-10-25,ORD033005,CUST02087,P017,Jeans,Fashion,Kolkata,Store,Credit Card,1,3061.14,0.05,3061.14,2908.08,0,747.26,2025,10,October,Saturday,3061.14,2908.0829999999996
2025-10-25,ORD020130,CUST00496,P008,Running Shoes,Fashion,Kolkata,Online,UPI,1,3903.84,0.0,3903.84,3903.84,0,515.11,2025,10,October,Saturday,3903.84,3903.84
2025-10-26,ORD039187,CUST04370,P014,Keyboard,Electronics,Hyderabad,Online,UPI,1,2448.62,0.1,2448.62,2203.76,0,210.25,2025,10,October,Sunday,2448.62,2203.758
2025-10-26,ORD014979,CUST04887,P005,Office Chair,Furniture,Bengaluru,Store,Debit Card,1,10329.46,0.25,10329.46,7747.09,0,1505.55,2025,10,October,Sunday,10329.46,7747.094999999999
2025-10-26,ORD019614,CUST00770,P014,Keyboard,Electronics,Delhi,Online,Debit Card,1,2432.17,0.25,2432.17,1824.13,0,72.97,2025,10,October,Sunday,2432.17,1824.1275
2025-10-26,ORD048772,CUST03510,P008,Running Shoes,Fashion,Hyderabad,Online,UPI,2,3874.81,0.15,7749.62,6587.18,0,1160.91,2025,10,October,Sunday,7749.62,6587.177
2025-10-26,ORD028726,CUST03236,P006,Desk,Furniture,Delhi,Online,UPI,1,12620.68,0.1,12620.68,11358.61,0,1071.59,2025,10,October,Sunday,12620.68,11358.612000000001
2025-10-26,ORD043472,CUST04254,P015,Dining Table,Furniture,Chennai,Store,Debit Card,2,21764.92,0.0,43529.84,43529.84,0,3638.91,2025,10,October,Sunday,43529.84,43529.84
2025-10-26,ORD007082,CUST04567,P003,Headphones,Electronics,Chennai,Online,Debit Card,1,4075.45,0.05,4075.45,3871.68,0,493.7,2025,10,October,Sunday,4075.45,3871.6775
2025-10-26,ORD011988,CUST03419,P004,Smartwatch,Electronics,Ahmedabad,Store,Net Banking,1,6932.67,0.2,6932.67,5546.14,0,1130.27,2025,10,October,Sunday,6932.67,5546.136
2025-10-26,ORD015136,CUST00115,P002,Smartphone,Electronics,Delhi,Store,Debit Card,1,25985.86,0.1,25985.86,23387.27,0,1713.69,2025,10,October,Sunday,25985.86,23387.274
2025-10-26,ORD004718,CUST01041,P020,Microwave,Home,Chennai,Store,Cash,1,10560.9,0.15,10560.9,8976.76,0,1704.57,2025,10,October,Sunday,10560.9,8976.765
2025-10-26,ORD028084,CUST04072,P017,Jeans,Fashion,Chennai,Store,Credit Card,1,2988.13,0.1,2988.13,2689.32,0,206.82,2025,10,October,Sunday,2988.13,2689.317
2025-10-26,ORD039435,CUST04638,P019,Vacuum Cleaner,Home,Jaipur,Store,UPI,1,8465.23,0.1,8465.23,7618.71,0,515.2,2025,10,October,Sunday,8465.23,7618.706999999999
2025-10-26,ORD026904,CUST04116,P008,Running Shoes,Fashion,Bengaluru,Store,Debit Card,1,4105.72,0.15,4105.72,3489.86,0,240.27,2025,10,October,Sunday,4105.72,3489.862
2025-10-26,ORD029879,CUST00213,P003,Headphones,Electronics,Chennai,Store,Credit Card,2,4273.42,0.2,8546.84,6837.47,0,735.74,2025,10,October,Sunday,8546.84,6837.472000000001
2025-10-26,ORD017802,CUST03338,P011,Mixer Grinder,Home,Kolkata,Online,Debit Card,3,4699.42,0.05,14098.26,13393.35,0,2303.22,2025,10,October,Sunday,14098.26,13393.347
2025-10-26,ORD000559,CUST01718,P014,Keyboard,Electronics,Mumbai,Online,UPI,1,2559.87,0.15,2559.87,2175.89,0,354.29,2025,10,October,Sunday,2559.87,2175.8894999999998
2025-10-26,ORD035082,CUST03347,P012,Air Fryer,Home,Jaipur,Online,Net Banking,1,6489.27,0.0,6489.27,6489.27,0,1072.82,2025,10,October,Sunday,6489.27,6489.27
2025-10-26,ORD030475,CUST02056,P005,Office Chair,Furniture,Bengaluru,Online,Credit Card,1,9253.96,0.0,9253.96,9253.96,0,1601.91,2025,10,October,Sunday,9253.96,9253.96
2025-10-26,ORD023979,CUST00045,P018,Jacket,Fashion,Surat,Online,UPI,1,5057.86,0.1,5057.86,4552.07,0,1107.98,2025,10,October,Sunday,5057.86,4552.074
2025-10-26,ORD032984,CUST00629,P001,Laptop,Electronics,Pune,Online,Net Banking,1,70914.29,0.2,70914.29,56731.43,0,6819.62,2025,10,October,Sunday,70914.29,56731.432
2025-10-26,ORD008019,CUST03870,P011,Mixer Grinder,Home,Mumbai,Online,Debit Card,3,4779.19,0.1,14337.57,12903.81,0,950.11,2025,10,October,Sunday,14337.57,12903.813
2025-10-26,ORD010205,CUST02380,P020,Microwave,Home,Surat,Online,Credit Card,2,12092.7,0.0,24185.4,24185.4,0,4534.95,2025,10,October,Sunday,24185.4,24185.4
2025-10-26,ORD011091,CUST02186,P004,Smartwatch,Electronics,Ahmedabad,Online,UPI,2,7613.46,0.05,15226.92,14465.57,0,1613.05,2025,10,October,Sunday,15226.92,14465.573999999999
2025-10-26,ORD001451,CUST02794,P016,Sofa,Furniture,Chennai,Store,Net Banking,1,35768.12,0.05,35768.12,33979.71,0,7600.78,2025,10,October,Sunday,35768.12,33979.714
2025-10-26,ORD013282,CUST00674,P012,Air Fryer,Home,Kolkata,Online,Debit Card,1,6726.93,0.1,6726.93,6054.24,0,1306.76,2025,10,October,Sunday,6726.93,6054.237
2025-10-26,ORD007518,CUST02188,P005,Office Chair,Furniture,Ahmedabad,Online,Credit Card,2,9713.34,0.15,19426.68,16512.68,0,1120.89,2025,10,October,Sunday,19426.68,16512.678
2025-10-26,ORD038601,CUST00527,P001,Laptop,Electronics,Kolkata,Online,UPI,1,59476.31,0.1,59476.31,53528.68,0,6349.62,2025,10,October,Sunday,59476.31,53528.679
2025-10-26,ORD040430,CUST00155,P012,Air Fryer,Home,Kolkata,Store,Debit Card,2,7010.81,0.0,14021.62,14021.62,0,2887.02,2025,10,October,Sunday,14021.62,14021.62
2025-10-26,ORD049983,CUST04897,P004,Smartwatch,Electronics,Bengaluru,Online,UPI,5,6783.43,0.05,33917.15,32221.29,0,8586.38,2025,10,October,Sunday,33917.15,32221.2925
2025-10-26,ORD011774,CUST00118,P006,Desk,Furniture,Bengaluru,Online,Credit Card,1,11622.58,0.15,11622.58,9879.19,0,750.6,2025,10,October,Sunday,11622.58,9879.193
2025-10-26,ORD034509,CUST03968,P017,Jeans,Fashion,Bengaluru,Online,Debit Card,2,2657.45,0.0,5314.9,5314.9,0,893.91,2025,10,October,Sunday,5314.9,5314.9
2025-10-26,ORD010008,CUST02075,P004,Smartwatch,Electronics,Delhi,Online,Debit Card,1,6385.51,0.1,6385.51,5746.96,0,923.14,2025,10,October,Sunday,6385.51,5746.959000000001
2025-10-26,ORD019879,CUST00944,P002,Smartphone,Electronics,Kolkata,Store,UPI,2,26467.17,0.25,52934.34,39700.75,0,9732.14,2025,10,October,Sunday,52934.34,39700.755
2025-10-26,ORD021825,CUST01504,P010,Coffee Maker,Home,Bengaluru,Store,Credit Card,1,5303.35,0.15,5303.35,4507.85,0,900.58,2025,10,October,Sunday,5303.35,4507.8475
2025-10-26,ORD005285,CUST03444,P002,Smartphone,Electronics,Hyderabad,Online,Credit Card,1,29592.35,0.15,29592.35,25153.5,0,5927.81,2025,10,October,Sunday,29592.35,25153.497499999998
2025-10-26,ORD001693,CUST00856,P014,Keyboard,Electronics,Surat,Online,Credit Card,1,2567.02,0.1,2567.02,2310.32,0,603.79,2025,10,October,Sunday,2567.02,2310.318
2025-10-26,ORD022438,CUST01738,P008,Running Shoes,Fashion,Pune,Online,Net Banking,1,4028.95,0.05,4028.95,3827.5,0,385.96,2025,10,October,Sunday,4028.95,3827.5024999999996
2025-10-26,ORD036722,CUST03345,P003,Headphones,Electronics,Bengaluru,Store,Debit Card,1,4890.65,0.15,4890.65,4157.05,0,642.55,2025,10,October,Sunday,4890.65,4157.0525
2025-10-26,ORD038190,CUST03622,P016,Sofa,Furniture,Chennai,Online,UPI,1,36146.93,0.05,36146.93,34339.58,0,6183.73,2025,10,October,Sunday,36146.93,34339.5835
2025-10-26,ORD024277,CUST00282,P013,Monitor,Electronics,Surat,Online,UPI,4,17721.6,0.1,70886.4,63797.76,0,6585.7,2025,10,October,Sunday,70886.4,63797.759999999995
2025-10-26,ORD023626,CUST00873,P015,Dining Table,Furniture,Bengaluru,Online,Net Banking,4,21291.06,0.2,85164.24,68131.39,0,15704.45,2025,10,October,Sunday,85164.24,68131.392
2025-10-26,ORD006701,CUST03640,P019,Vacuum Cleaner,Home,Pune,Online,Debit Card,2,8554.3,0.25,17108.6,12831.45,0,1350.88,2025,10,October,Sunday,17108.6,12831.449999999999
2025-10-26,ORD015811,CUST03559,P010,Coffee Maker,Home,Hyderabad,Store,Credit Card,5,5699.62,0.1,28498.1,25648.29,0,4621.81,2025,10,October,Sunday,28498.1,25648.29
2025-10-26,ORD017906,CUST02373,P004,Smartwatch,Electronics,Jaipur,Online,UPI,1,6492.09,0.15,6492.09,5518.28,0,1288.41,2025,10,October,Sunday,6492.09,5518.2765
2025-10-26,ORD023262,CUST01177,P009,T-Shirt,Fashion,Surat,Online,Credit Card,1,1080.12,0.15,1080.12,918.1,0,189.83,2025,10,October,Sunday,1080.12,918.1019999999999
2025-10-26,ORD046455,CUST03745,P013,Monitor,Electronics,Mumbai,Online,UPI,4,18717.4,0.2,74869.6,59895.68,0,14415.52,2025,10,October,Sunday,74869.6,59895.68000000001
2025-10-26,ORD028183,CUST04989,P003,Headphones,Electronics,Ahmedabad,Online,UPI,1,4853.51,0.05,4853.51,4610.83,0,1276.56,2025,10,October,Sunday,4853.51,4610.8345
2025-10-26,ORD037973,CUST01839,P020,Microwave,Home,Hyderabad,Store,Credit Card,1,9911.8,0.1,9911.8,8920.62,0,1926.13,2025,10,October,Sunday,9911.8,8920.619999999999
2025-10-26,ORD031524,CUST04230,P002,Smartphone,Electronics,Jaipur,Online,Debit Card,1,28376.18,0.0,28376.18,28376.18,0,6699.43,2025,10,October,Sunday,28376.18,28376.18
2025-10-26,ORD014723,CUST00443,P014,Keyboard,Electronics,Hyderabad,Online,Debit Card,1,2289.75,0.25,2289.75,1717.31,0,267.41,2025,10,October,Sunday,2289.75,1717.3125
2025-10-26,ORD016613,CUST00092,P017,Jeans,Fashion,Bengaluru,Online,Credit Card,2,2621.45,0.2,5242.9,4194.32,0,1025.79,2025,10,October,Sunday,5242.9,4194.32
2025-10-26,ORD009258,CUST01188,P016,Sofa,Furniture,Kolkata,Store,Debit Card,1,35668.06,0.2,35668.06,28534.45,0,5951.08,2025,10,October,Sunday,35668.06,28534.448
2025-10-26,ORD025001,CUST01818,P015,Dining Table,Furniture,Bengaluru,Store,Credit Card,1,20506.7,0.05,20506.7,19481.36,0,4255.17,2025,10,October,Sunday,20506.7,19481.364999999998
2025-10-26,ORD034072,CUST01461,P018,Jacket,Fashion,Jaipur,Online,UPI,1,4685.48,0.1,4685.48,4216.93,0,556.31,2025,10,October,Sunday,4685.48,4216.932
2025-10-26,ORD011488,CUST02324,P014,Keyboard,Electronics,Surat,Online,Debit Card,2,2639.27,0.15,5278.54,4486.76,0,1104.43,2025,10,October,Sunday,5278.54,4486.759
2025-10-26,ORD023883,CUST03901,P016,Sofa,Furniture,Surat,Store,UPI,1,33542.17,0.0,33542.17,33542.17,0,2715.26,2025,10,October,Sunday,33542.17,33542.17
2025-10-26,ORD012452,CUST04362,P006,Desk,Furniture,Hyderabad,Store,Debit Card,1,12317.82,0.1,12317.82,11086.04,0,1221.5,2025,10,October,Sunday,12317.82,11086.038
2025-10-26,ORD036040,CUST01986,P011,Mixer Grinder,Home,Jaipur,Online,Debit Card,5,4764.58,0.0,23822.9,23822.9,0,3887.46,2025,10,October,Sunday,23822.9,23822.9
2025-10-26,ORD049651,CUST03419,P012,Air Fryer,Home,Jaipur,Store,UPI,2,7709.98,0.05,15419.96,14648.96,0,1041.32,2025,10,October,Sunday,15419.96,14648.961999999998
2025-10-26,ORD031696,CUST03640,P017,Jeans,Fashion,Hyderabad,Online,Debit Card,1,3076.0,0.2,3076.0,2460.8,1,-123.04,2025,10,October,Sunday,3076.0,2460.8
2025-10-26,ORD009236,CUST00610,P005,Office Chair,Furniture,Pune,Online,UPI,1,8946.2,0.2,8946.2,7156.96,0,1536.78,2025,10,October,Sunday,8946.2,7156.960000000001
2025-10-26,ORD038337,CUST01645,P003,Headphones,Electronics,Pune,Store,Credit Card,1,4317.33,0.15,4317.33,3669.73,0,541.45,2025,10,October,Sunday,4317.33,3669.7304999999997
2025-10-26,ORD005773,CUST00408,P009,T-Shirt,Fashion,Hyderabad,Store,UPI,2,1275.28,0.2,2550.56,2040.45,0,134.06,2025,10,October,Sunday,2550.56,2040.448
2025-10-26,ORD019866,CUST03811,P019,Vacuum Cleaner,Home,Chennai,Online,UPI,1,8807.79,0.2,8807.79,7046.23,0,785.96,2025,10,October,Sunday,8807.79,7046.232000000001
2025-10-26,ORD012483,CUST04626,P011,Mixer Grinder,Home,Pune,Online,Credit Card,4,4424.63,0.05,17698.52,16813.59,0,2641.0,2025,10,October,Sunday,17698.52,16813.594
2025-10-26,ORD027105,CUST01744,P017,Jeans,Fashion,Surat,Store,UPI,1,2745.59,0.05,2745.59,2608.31,0,682.23,2025,10,October,Sunday,2745.59,2608.3105
2025-10-26,ORD031533,CUST00526,P002,Smartphone,Electronics,Hyderabad,Online,Net Banking,1,27867.48,0.1,27867.48,25080.73,0,4000.8,2025,10,October,Sunday,27867.48,25080.732
2025-10-26,ORD024629,CUST01545,P003,Headphones,Electronics,Hyderabad,Online,Net Banking,2,4199.84,0.1,8399.68,7559.71,0,1047.82,2025,10,October,Sunday,8399.68,7559.712
2025-10-26,ORD009410,CUST04416,P003,Headphones,Electronics,Delhi,Online,Debit Card,2,4195.32,0.05,8390.64,7971.11,0,971.09,2025,10,October,Sunday,8390.64,7971.107999999999
2025-10-26,ORD027847,CUST02210,P004,Smartwatch,Electronics,Chennai,Online,UPI,2,6666.56,0.1,13333.12,11999.81,0,3243.21,2025,10,October,Sunday,13333.12,11999.808
2025-10-26,ORD046381,CUST03453,P001,Laptop,Electronics,Ahmedabad,Online,Credit Card,2,64805.67,0.0,129611.34,129611.34,0,31174.87,2025,10,October,Sunday,129611.34,129611.34
2025-10-27,ORD027972,CUST00255,P013,Monitor,Electronics,Pune,Online,Net Banking,2,18917.44,0.25,37834.88,28376.16,0,6008.16,2025,10,October,Monday,37834.88,28376.159999999996
2025-10-27,ORD029812,CUST04950,P009,T-Shirt,Fashion,Jaipur,Online,UPI,2,1098.94,0.05,2197.88,2087.99,0,312.19,2025,10,October,Monday,2197.88,2087.986
2025-10-27,ORD049136,CUST01531,P009,T-Shirt,Fashion,Mumbai,Online,UPI,1,1102.21,0.1,1102.21,991.99,0,230.22,2025,10,October,Monday,1102.21,991.989
2025-10-27,ORD048238,CUST04180,P008,Running Shoes,Fashion,Ahmedabad,Online,UPI,1,4006.0,0.05,4006.0,3805.7,0,1075.06,2025,10,October,Monday,4006.0,3805.7
2025-10-27,ORD044522,CUST04816,P010,Coffee Maker,Home,Pune,Online,Credit Card,3,5488.87,0.05,16466.61,15643.28,0,2597.6,2025,10,October,Monday,16466.61,15643.2795
2025-10-27,ORD005991,CUST04422,P013,Monitor,Electronics,Delhi,Store,Debit Card,1,16639.17,0.05,16639.17,15807.21,0,2161.73,2025,10,October,Monday,16639.17,15807.211499999998
2025-10-27,ORD026051,CUST03107,P012,Air Fryer,Home,Delhi,Online,Net Banking,1,7199.3,0.15,7199.3,6119.4,0,601.16,2025,10,October,Monday,7199.3,6119.405
2025-10-27,ORD013307,CUST00564,P015,Dining Table,Furniture,Ahmedabad,Online,UPI,1,23236.09,0.1,23236.09,20912.48,0,1660.51,2025,10,October,Monday,23236.09,20912.481
2025-10-27,ORD011255,CUST01867,P008,Running Shoes,Fashion,Bengaluru,Online,UPI,1,4467.49,0.1,4467.49,4020.74,0,870.3,2025,10,October,Monday,4467.49,4020.741
2025-10-27,ORD002684,CUST04538,P017,Jeans,Fashion,Kolkata,Online,UPI,2,2595.46,0.05,5190.92,4931.37,0,366.0,2025,10,October,Monday,5190.92,4931.374
2025-10-27,ORD016892,CUST01214,P017,Jeans,Fashion,Hyderabad,Online,Net Banking,1,2844.67,0.1,2844.67,2560.2,0,663.85,2025,10,October,Monday,2844.67,2560.203
2025-10-27,ORD009734,CUST00821,P007,Backpack,Accessories,Surat,Online,Credit Card,1,2180.55,0.1,2180.55,1962.5,0,246.91,2025,10,October,Monday,2180.55,1962.4950000000001
2025-10-27,ORD028502,CUST00461,P005,Office Chair,Furniture,Jaipur,Online,UPI,1,8812.14,0.15,8812.14,7490.32,0,1739.53,2025,10,October,Monday,8812.14,7490.3189999999995
2025-10-27,ORD027177,CUST01717,P010,Coffee Maker,Home,Ahmedabad,Store,Credit Card,2,5677.76,0.1,11355.52,10219.97,0,2081.49,2025,10,October,Monday,11355.52,10219.968
2025-10-27,ORD026420,CUST00417,P015,Dining Table,Furniture,Jaipur,Store,Credit Card,3,23272.34,0.05,69817.02,66326.17,0,16113.8,2025,10,October,Monday,69817.02,66326.169
2025-10-27,ORD043409,CUST02544,P007,Backpack,Accessories,Surat,Online,Credit Card,2,2185.41,0.25,4370.82,3278.12,0,618.52,2025,10,October,Monday,4370.82,3278.115
2025-10-27,ORD008299,CUST03968,P002,Smartphone,Electronics,Pune,Online,UPI,1,27266.04,0.15,27266.04,23176.13,0,2122.59,2025,10,October,Monday,27266.04,23176.134000000002
2025-10-27,ORD000973,CUST03829,P001,Laptop,Electronics,Chennai,Store,Net Banking,2,66598.65,0.0,133197.3,133197.3,0,11929.2,2025,10,October,Monday,133197.3,133197.3
2025-10-27,ORD045588,CUST01916,P017,Jeans,Fashion,Kolkata,Store,Credit Card,1,2962.39,0.15,2962.39,2518.03,0,512.22,2025,10,October,Monday,2962.39,2518.0315
2025-10-27,ORD032056,CUST04551,P006,Desk,Furniture,Ahmedabad,Store,Credit Card,1,13025.19,0.05,13025.19,12373.93,0,1929.94,2025,10,October,Monday,13025.19,12373.9305
2025-10-27,ORD021211,CUST02586,P018,Jacket,Fashion,Kolkata,Online,UPI,4,4790.02,0.25,19160.08,14370.06,0,2134.07,2025,10,October,Monday,19160.08,14370.060000000001
2025-10-27,ORD013800,CUST00543,P016,Sofa,Furniture,Hyderabad,Online,Net Banking,5,35726.43,0.1,178632.15,160768.94,0,11622.33,2025,10,October,Monday,178632.15,160768.935
2025-10-27,ORD036954,CUST00274,P008,Running Shoes,Fashion,Delhi,Online,UPI,1,4296.61,0.2,4296.61,3437.29,0,397.39,2025,10,October,Monday,4296.61,3437.288
2025-10-27,ORD048304,CUST00878,P008,Running Shoes,Fashion,Mumbai,Online,Cash,2,4319.8,0.0,8639.6,8639.6,0,2315.96,2025,10,October,Monday,8639.6,8639.6
2025-10-27,ORD034347,CUST01981,P002,Smartphone,Electronics,Delhi,Store,Credit Card,5,28455.73,0.25,142278.65,106708.99,0,20594.04,2025,10,October,Monday,142278.65,106708.98749999999
2025-10-27,ORD033909,CUST00776,P001,Laptop,Electronics,Surat,Store,Credit Card,1,60002.85,0.25,60002.85,45002.14,0,10813.78,2025,10,October,Monday,60002.85,45002.1375
2025-10-27,ORD038044,CUST01128,P002,Smartphone,Electronics,Delhi,Online,Credit Card,1,29018.05,0.1,29018.05,26116.24,0,3514.18,2025,10,October,Monday,29018.05,26116.245
2025-10-27,ORD027968,CUST00808,P008,Running Shoes,Fashion,Kolkata,Store,UPI,2,4521.87,0.15,9043.74,7687.18,0,1983.46,2025,10,October,Monday,9043.74,7687.178999999999
2025-10-27,ORD023640,CUST01086,P019,Vacuum Cleaner,Home,Mumbai,Online,Credit Card,2,8645.22,0.0,17290.44,17290.44,0,2218.92,2025,10,October,Monday,17290.44,17290.44
2025-10-27,ORD014913,CUST00788,P001,Laptop,Electronics,Delhi,Online,UPI,1,69259.01,0.05,69259.01,65796.06,0,18502.91,2025,10,October,Monday,69259.01,65796.05949999999
2025-10-27,ORD042089,CUST00298,P004,Smartwatch,Electronics,Hyderabad,Online,Credit Card,2,6898.18,0.15,13796.36,11726.91,0,2467.11,2025,10,October,Monday,13796.36,11726.906
2025-10-27,ORD022492,CUST01746,P014,Keyboard,Electronics,Ahmedabad,Store,UPI,1,2251.79,0.1,2251.79,2026.61,1,-101.33,2025,10,October,Monday,2251.79,2026.611
2025-10-27,ORD020182,CUST00013,P008,Running Shoes,Fashion,Delhi,Online,Cash,2,4202.32,0.1,8404.64,7564.18,0,1182.32,2025,10,October,Monday,8404.64,7564.1759999999995
2025-10-27,ORD043807,CUST01146,P007,Backpack,Accessories,Chennai,Store,Debit Card,1,2222.72,0.1,2222.72,2000.45,0,520.57,2025,10,October,Monday,2222.72,2000.4479999999999
2025-10-27,ORD021595,CUST01625,P018,Jacket,Fashion,Pune,Online,Credit Card,1,5648.4,0.0,5648.4,5648.4,0,578.38,2025,10,October,Monday,5648.4,5648.4
2025-10-27,ORD015103,CUST03686,P010,Coffee Maker,Home,Surat,Online,Net Banking,1,5247.19,0.2,5247.19,4197.75,0,389.62,2025,10,October,Monday,5247.19,4197.7519999999995
2025-10-27,ORD012223,CUST03371,P007,Backpack,Accessories,Bengaluru,Online,UPI,3,2376.25,0.15,7128.75,6059.44,0,1505.67,2025,10,October,Monday,7128.75,6059.4375
2025-10-27,ORD041549,CUST00651,P017,Jeans,Fashion,Chennai,Store,Credit Card,1,2677.31,0.15,2677.31,2275.71,0,601.57,2025,10,October,Monday,2677.31,2275.7135
2025-10-27,ORD036826,CUST02365,P005,Office Chair,Furniture,Ahmedabad,Online,Credit Card,1,9733.05,0.1,9733.05,8759.74,0,1915.27,2025,10,October,Monday,9733.05,8759.744999999999
2025-10-27,ORD048331,CUST00883,P014,Keyboard,Electronics,Pune,Store,UPI,2,2297.27,0.1,4594.54,4135.09,0,537.12,2025,10,October,Monday,4594.54,4135.086
2025-10-27,ORD015477,CUST02799,P006,Desk,Furniture,Kolkata,Store,Credit Card,1,12357.2,0.25,12357.2,9267.9,0,871.43,2025,10,October,Monday,12357.2,9267.900000000001
2025-10-27,ORD009698,CUST00353,P018,Jacket,Fashion,Ahmedabad,Store,UPI,1,4770.65,0.0,4770.65,4770.65,0,394.41,2025,10,October,Monday,4770.65,4770.65
2025-10-27,ORD010809,CUST02077,P005,Office Chair,Furniture,Bengaluru,Online,Debit Card,1,9159.42,0.0,9159.42,9159.42,1,-457.97,2025,10,October,Monday,9159.42,9159.42
2025-10-27,ORD044162,CUST04273,P018,Jacket,Fashion,Kolkata,Store,Debit Card,1,5024.73,0.1,5024.73,4522.26,0,434.16,2025,10,October,Monday,5024.73,4522.257
2025-10-27,ORD045450,CUST03884,P020,Microwave,Home,Hyderabad,Store,Debit Card,2,10605.6,0.1,21211.2,19090.08,0,2659.06,2025,10,October,Monday,21211.2,19090.08
2025-10-27,ORD035476,CUST04642,P014,Keyboard,Electronics,Chennai,Store,Credit Card,1,2501.98,0.2,2501.98,2001.58,0,471.35,2025,10,October,Monday,2501.98,2001.584
2025-10-27,ORD027610,CUST04106,P001,Laptop,Electronics,Kolkata,Store,Credit Card,5,67177.58,0.1,335887.9,302299.11,0,52930.77,2025,10,October,Monday,335887.9,302299.11000000004
2025-10-27,ORD022385,CUST02759,P018,Jacket,Fashion,Mumbai,Store,UPI,1,5719.3,0.05,5719.3,5433.34,0,1326.43,2025,10,October,Monday,5719.3,5433.335
2025-10-27,ORD007710,CUST04875,P009,T-Shirt,Fashion,Bengaluru,Store,UPI,1,1117.33,0.1,1117.33,1005.6,0,127.41,2025,10,October,Monday,1117.33,1005.597
2025-10-27,ORD033323,CUST00476,P015,Dining Table,Furniture,Pune,Online,Debit Card,1,23375.07,0.1,23375.07,21037.56,0,5327.86,2025,10,October,Monday,23375.07,21037.563000000002
2025-10-27,ORD009591,CUST02073,P002,Smartphone,Electronics,Delhi,Store,UPI,1,28756.66,0.25,28756.66,21567.5,0,2067.48,2025,10,October,Monday,28756.66,21567.495
2025-10-27,ORD000418,CUST01894,P020,Microwave,Home,Mumbai,Store,UPI,2,11310.12,0.05,22620.24,21489.23,0,2402.19,2025,10,October,Monday,22620.24,21489.228
2025-10-27,ORD018708,CUST01705,P007,Backpack,Accessories,Pune,Store,Cash,1,2385.6,0.05,2385.6,2266.32,0,309.0,2025,10,October,Monday,2385.6,2266.3199999999997
2025-10-27,ORD027529,CUST03665,P004,Smartwatch,Electronics,Jaipur,Store,UPI,1,7652.33,0.1,7652.33,6887.1,0,1288.93,2025,10,October,Monday,7652.33,6887.097
2025-10-27,ORD002133,CUST02034,P010,Coffee Maker,Home,Pune,Online,UPI,1,5592.31,0.1,5592.31,5033.08,0,1010.68,2025,10,October,Monday,5592.31,5033.079000000001
2025-10-27,ORD031275,CUST02510,P014,Keyboard,Electronics,Bengaluru,Online,Credit Card,1,2700.1,0.2,2700.1,2160.08,0,417.66,2025,10,October,Monday,2700.1,2160.08
2025-10-27,ORD028754,CUST01943,P014,Keyboard,Electronics,Bengaluru,Store,UPI,1,2459.47,0.1,2459.47,2213.52,0,333.38,2025,10,October,Monday,2459.47,2213.5229999999997
2025-10-27,ORD045469,CUST01024,P008,Running Shoes,Fashion,Ahmedabad,Online,UPI,1,4598.55,0.0,4598.55,4598.55,0,890.76,2025,10,October,Monday,4598.55,4598.55
2025-10-27,ORD021452,CUST01995,P018,Jacket,Fashion,Ahmedabad,Online,UPI,1,5635.23,0.2,5635.23,4508.18,0,815.97,2025,10,October,Monday,5635.23,4508.184
2025-10-28,ORD045358,CUST01372,P001,Laptop,Electronics,Jaipur,Online,UPI,1,60615.75,0.1,60615.75,54554.18,0,10657.73,2025,10,October,Tuesday,60615.75,54554.175
2025-10-28,ORD030562,CUST00188,P015,Dining Table,Furniture,Jaipur,Store,Credit Card,1,23595.03,0.1,23595.03,21235.53,0,3370.28,2025,10,October,Tuesday,23595.03,21235.527
2025-10-28,ORD027945,CUST02785,P015,Dining Table,Furniture,Surat,Online,Cash,1,20518.92,0.0,20518.92,20518.92,0,4472.81,2025,10,October,Tuesday,20518.92,20518.92
2025-10-28,ORD010895,CUST02527,P015,Dining Table,Furniture,Surat,Store,Cash,1,24058.06,0.15,24058.06,20449.35,0,1203.77,2025,10,October,Tuesday,24058.06,20449.351000000002
2025-10-28,ORD005634,CUST03749,P001,Laptop,Electronics,Bengaluru,Online,UPI,1,61200.12,0.1,61200.12,55080.11,0,11521.24,2025,10,October,Tuesday,61200.12,55080.108
2025-10-28,ORD038661,CUST04178,P001,Laptop,Electronics,Delhi,Online,Debit Card,4,65708.17,0.0,262832.68,262832.68,0,50252.92,2025,10,October,Tuesday,262832.68,262832.68
2025-10-28,ORD034092,CUST03266,P010,Coffee Maker,Home,Kolkata,Online,Credit Card,2,5741.74,0.15,11483.48,9760.96,0,610.64,2025,10,October,Tuesday,11483.48,9760.957999999999
2025-10-28,ORD019774,CUST00216,P003,Headphones,Electronics,Hyderabad,Store,Debit Card,2,4830.33,0.0,9660.66,9660.66,0,2818.26,2025,10,October,Tuesday,9660.66,9660.66
2025-10-28,ORD017959,CUST01600,P018,Jacket,Fashion,Hyderabad,Online,UPI,2,4708.46,0.0,9416.92,9416.92,0,2164.57,2025,10,October,Tuesday,9416.92,9416.92
2025-10-28,ORD016946,CUST00551,P011,Mixer Grinder,Home,Chennai,Online,Net Banking,1,4726.67,0.25,4726.67,3545.0,0,835.01,2025,10,October,Tuesday,4726.67,3545.0025
2025-10-28,ORD021204,CUST01619,P006,Desk,Furniture,Kolkata,Online,Cash,1,12851.44,0.0,12851.44,12851.44,0,3195.46,2025,10,October,Tuesday,12851.44,12851.44
2025-10-28,ORD030045,CUST00006,P013,Monitor,Electronics,Hyderabad,Online,Debit Card,1,18972.34,0.0,18972.34,18972.34,0,4438.88,2025,10,October,Tuesday,18972.34,18972.34
2025-10-28,ORD008195,CUST00416,P009,T-Shirt,Fashion,Kolkata,Online,Debit Card,3,1121.36,0.15,3364.08,2859.47,0,279.54,2025,10,October,Tuesday,3364.08,2859.468
2025-10-28,ORD033227,CUST04762,P018,Jacket,Fashion,Bengaluru,Online,UPI,1,5072.55,0.05,5072.55,4818.92,0,435.5,2025,10,October,Tuesday,5072.55,4818.9225
2025-10-28,ORD017951,CUST02195,P017,Jeans,Fashion,Kolkata,Online,UPI,4,2750.71,0.05,11002.84,10452.7,0,1150.91,2025,10,October,Tuesday,11002.84,10452.698
2025-10-28,ORD005907,CUST02828,P003,Headphones,Electronics,Jaipur,Online,Credit Card,1,4308.22,0.05,4308.22,4092.81,0,400.5,2025,10,October,Tuesday,4308.22,4092.809
2025-10-28,ORD042927,CUST00948,P015,Dining Table,Furniture,Pune,Online,Credit Card,1,23547.74,0.0,23547.74,23547.74,0,4424.3,2025,10,October,Tuesday,23547.74,23547.74
2025-10-28,ORD014009,CUST00703,P013,Monitor,Electronics,Mumbai,Store,Credit Card,4,16345.63,0.05,65382.52,62113.39,0,9530.04,2025,10,October,Tuesday,65382.52,62113.39399999999
2025-10-28,ORD012217,CUST01454,P007,Backpack,Accessories,Bengaluru,Online,UPI,1,2368.91,0.2,2368.91,1895.13,0,492.64,2025,10,October,Tuesday,2368.91,1895.128
2025-10-28,ORD001178,CUST04164,P005,Office Chair,Furniture,Delhi,Online,Cash,1,9234.25,0.15,9234.25,7849.11,0,664.99,2025,10,October,Tuesday,9234.25,7849.1125
2025-10-28,ORD043451,CUST01392,P014,Keyboard,Electronics,Mumbai,Store,UPI,2,2742.24,0.05,5484.48,5210.26,0,1500.84,2025,10,October,Tuesday,5484.48,5210.255999999999
2025-10-28,ORD002577,CUST00733,P018,Jacket,Fashion,Chennai,Online,UPI,3,5605.97,0.1,16817.91,15136.12,0,1022.34,2025,10,October,Tuesday,16817.91,15136.119
2025-10-28,ORD038535,CUST04959,P008,Running Shoes,Fashion,Mumbai,Online,Cash,1,4458.25,0.1,4458.25,4012.42,0,663.85,2025,10,October,Tuesday,4458.25,4012.425
2025-10-28,ORD016570,CUST04707,P001,Laptop,Electronics,Hyderabad,Store,Debit Card,4,60358.57,0.15,241434.28,205219.14,0,40339.74,2025,10,October,Tuesday,241434.28,205219.138
2025-10-28,ORD025817,CUST02877,P019,Vacuum Cleaner,Home,Ahmedabad,Online,Debit Card,1,8633.9,0.05,8633.9,8202.2,0,1704.05,2025,10,October,Tuesday,8633.9,8202.205
2025-10-28,ORD004329,CUST04822,P006,Desk,Furniture,Pune,Online,Cash,1,11554.94,0.1,11554.94,10399.45,0,2219.81,2025,10,October,Tuesday,11554.94,10399.446
2025-10-28,ORD010810,CUST02917,P014,Keyboard,Electronics,Bengaluru,Store,Credit Card,5,2400.05,0.1,12000.25,10800.22,0,1945.63,2025,10,October,Tuesday,12000.25,10800.225
2025-10-28,ORD015121,CUST01624,P019,Vacuum Cleaner,Home,Jaipur,Online,Credit Card,1,8961.84,0.1,8961.84,8065.66,0,1074.61,2025,10,October,Tuesday,8961.84,8065.656
2025-10-28,ORD030144,CUST01577,P007,Backpack,Accessories,Kolkata,Online,Credit Card,1,2188.8,0.1,2188.8,1969.92,0,357.41,2025,10,October,Tuesday,2188.8,1969.9200000000003
2025-10-28,ORD012777,CUST04136,P017,Jeans,Fashion,Pune,Online,Debit Card,2,2577.92,0.1,5155.84,4640.26,0,454.91,2025,10,October,Tuesday,5155.84,4640.256
2025-10-28,ORD013707,CUST00481,P009,T-Shirt,Fashion,Ahmedabad,Online,Debit Card,1,1270.93,0.1,1270.93,1143.84,0,184.92,2025,10,October,Tuesday,1270.93,1143.837
2025-10-28,ORD041806,CUST04696,P016,Sofa,Furniture,Kolkata,Online,Credit Card,2,36980.92,0.05,73961.84,70263.75,0,10062.44,2025,10,October,Tuesday,73961.84,70263.74799999999
2025-10-28,ORD034937,CUST02422,P006,Desk,Furniture,Ahmedabad,Store,UPI,3,11811.88,0.05,35435.64,33663.86,0,8362.0,2025,10,October,Tuesday,35435.64,33663.858
2025-10-28,ORD036362,CUST04280,P002,Smartphone,Electronics,Surat,Online,Debit Card,4,30625.87,0.0,122503.48,122503.48,1,-6125.17,2025,10,October,Tuesday,122503.48,122503.48
2025-10-28,ORD012274,CUST00253,P009,T-Shirt,Fashion,Chennai,Online,UPI,1,1152.04,0.05,1152.04,1094.44,0,313.6,2025,10,October,Tuesday,1152.04,1094.4379999999999
2025-10-28,ORD041184,CUST00132,P018,Jacket,Fashion,Ahmedabad,Online,UPI,1,5028.75,0.1,5028.75,4525.88,0,994.91,2025,10,October,Tuesday,5028.75,4525.875
2025-10-28,ORD047801,CUST03112,P005,Office Chair,Furniture,Pune,Store,UPI,3,9862.37,0.05,29587.11,28107.75,0,3793.42,2025,10,October,Tuesday,29587.11,28107.7545
2025-10-28,ORD048542,CUST02238,P014,Keyboard,Electronics,Pune,Online,Debit Card,3,2459.24,0.05,7377.72,7008.83,0,1284.47,2025,10,October,Tuesday,7377.719999999999,7008.834
2025-10-28,ORD022724,CUST02646,P019,Vacuum Cleaner,Home,Surat,Online,Credit Card,1,8561.05,0.1,8561.05,7704.94,0,1619.3,2025,10,October,Tuesday,8561.05,7704.945
2025-10-28,ORD048361,CUST04433,P014,Keyboard,Electronics,Ahmedabad,Store,Credit Card,1,2416.31,0.05,2416.31,2295.49,0,657.26,2025,10,October,Tuesday,2416.31,2295.4945
2025-10-28,ORD034944,CUST01077,P005,Office Chair,Furniture,Bengaluru,Store,Credit Card,1,9513.18,0.1,9513.18,8561.86,0,1162.73,2025,10,October,Tuesday,9513.18,8561.862000000001
2025-10-28,ORD045025,CUST02888,P002,Smartphone,Electronics,Jaipur,Online,UPI,1,26323.63,0.1,26323.63,23691.27,0,3452.83,2025,10,October,Tuesday,26323.63,23691.267
2025-10-28,ORD008076,CUST04886,P011,Mixer Grinder,Home,Jaipur,Online,UPI,3,4721.25,0.05,14163.75,13455.56,0,1496.44,2025,10,October,Tuesday,14163.75,13455.5625
2025-10-28,ORD009918,CUST03012,P019,Vacuum Cleaner,Home,Chennai,Online,UPI,1,8626.87,0.15,8626.87,7332.84,0,773.69,2025,10,October,Tuesday,8626.87,7332.8395
2025-10-28,ORD012873,CUST04372,P016,Sofa,Furniture,Pune,Online,Net Banking,1,36706.42,0.0,36706.42,36706.42,0,10620.64,2025,10,October,Tuesday,36706.42,36706.42
2025-10-28,ORD038810,CUST03098,P002,Smartphone,Electronics,Pune,Online,UPI,4,27819.03,0.05,111276.12,105712.31,0,10640.28,2025,10,October,Tuesday,111276.12,105712.31399999998
2025-10-28,ORD021059,CUST02478,P002,Smartphone,Electronics,Mumbai,Store,Cash,3,30241.22,0.15,90723.66,77115.11,0,16862.76,2025,10,October,Tuesday,90723.66,77115.111
2025-10-28,ORD031009,CUST01649,P014,Keyboard,Electronics,Mumbai,Online,UPI,2,2660.32,0.0,5320.64,5320.64,0,1303.2,2025,10,October,Tuesday,5320.64,5320.64
2025-10-28,ORD031826,CUST00514,P009,T-Shirt,Fashion,Ahmedabad,Store,Credit Card,1,1299.08,0.05,1299.08,1234.13,0,338.82,2025,10,October,Tuesday,1299.08,1234.126
2025-10-28,ORD027118,CUST00818,P016,Sofa,Furniture,Hyderabad,Online,UPI,2,33495.08,0.0,66990.16,66990.16,0,10374.62,2025,10,October,Tuesday,66990.16,66990.16
2025-10-28,ORD018551,CUST02450,P002,Smartphone,Electronics,Bengaluru,Store,Debit Card,1,26508.98,0.15,26508.98,22532.63,0,2072.1,2025,10,October,Tuesday,26508.98,22532.632999999998
2025-10-28,ORD021076,CUST02608,P002,Smartphone,Electronics,Bengaluru,Online,Credit Card,4,30798.48,0.2,123193.92,98555.14,0,13737.51,2025,10,October,Tuesday,123193.92,98555.136
2025-10-28,ORD009475,CUST01142,P013,Monitor,Electronics,Jaipur,Store,UPI,1,16344.17,0.1,16344.17,14709.75,0,2248.96,2025,10,October,Tuesday,16344.17,14709.753
2025-10-28,ORD040717,CUST02835,P006,Desk,Furniture,Bengaluru,Online,UPI,1,11734.93,0.15,11734.93,9974.69,0,601.82,2025,10,October,Tuesday,11734.93,9974.6905
2025-10-28,ORD035268,CUST02594,P011,Mixer Grinder,Home,Chennai,Online,Cash,1,4377.73,0.2,4377.73,3502.18,0,600.58,2025,10,October,Tuesday,4377.73,3502.1839999999997
2025-10-28,ORD004521,CUST01742,P010,Coffee Maker,Home,Hyderabad,Online,Net Banking,1,5777.21,0.05,5777.21,5488.35,0,806.43,2025,10,October,Tuesday,5777.21,5488.349499999999
2025-10-28,ORD044218,CUST04440,P007,Backpack,Accessories,Hyderabad,Online,Credit Card,3,2033.66,0.0,6100.98,6100.98,0,1292.25,2025,10,October,Tuesday,6100.9800000000005,6100.98
2025-10-28,ORD028560,CUST03570,P017,Jeans,Fashion,Delhi,Online,Credit Card,1,2694.02,0.25,2694.02,2020.52,0,346.32,2025,10,October,Tuesday,2694.02,2020.5149999999999
2025-10-28,ORD004817,CUST02817,P019,Vacuum Cleaner,Home,Kolkata,Store,UPI,2,8841.79,0.1,17683.58,15915.22,0,2292.46,2025,10,October,Tuesday,17683.58,15915.222000000002
2025-10-28,ORD029919,CUST04099,P010,Coffee Maker,Home,Pune,Online,Net Banking,1,5702.78,0.1,5702.78,5132.5,0,928.82,2025,10,October,Tuesday,5702.78,5132.5019999999995
2025-10-28,ORD037958,CUST01172,P010,Coffee Maker,Home,Jaipur,Store,Debit Card,1,5969.13,0.05,5969.13,5670.67,0,1114.88,2025,10,October,Tuesday,5969.13,5670.6735
2025-10-28,ORD028200,CUST00357,P011,Mixer Grinder,Home,Pune,Online,Debit Card,3,5065.14,0.1,15195.42,13675.88,0,1881.46,2025,10,October,Tuesday,15195.420000000002,13675.878
2025-10-28,ORD044146,CUST03720,P007,Backpack,Accessories,Chennai,Online,Credit Card,1,2175.58,0.05,2175.58,2066.8,0,440.52,2025,10,October,Tuesday,2175.58,2066.801
2025-10-28,ORD011008,CUST02880,P017,Jeans,Fashion,Ahmedabad,Online,UPI,1,2559.05,0.0,2559.05,2559.05,0,607.95,2025,10,October,Tuesday,2559.05,2559.05
2025-10-28,ORD005663,CUST04796,P002,Smartphone,Electronics,Ahmedabad,Store,Debit Card,1,30056.58,0.05,30056.58,28553.75,0,4236.17,2025,10,October,Tuesday,30056.58,28553.751
2025-10-28,ORD041707,CUST02275,P016,Sofa,Furniture,Hyderabad,Online,UPI,1,37077.88,0.0,37077.88,37077.88,0,8260.35,2025,10,October,Tuesday,37077.88,37077.88
2025-10-28,ORD010491,CUST01765,P007,Backpack,Accessories,Jaipur,Store,Credit Card,1,2324.06,0.05,2324.06,2207.86,0,567.33,2025,10,October,Tuesday,2324.06,2207.857
2025-10-28,ORD040278,CUST00563,P019,Vacuum Cleaner,Home,Surat,Online,UPI,1,8710.75,0.0,8710.75,8710.75,0,2264.25,2025,10,October,Tuesday,8710.75,8710.75
2025-10-29,ORD044391,CUST00733,P014,Keyboard,Electronics,Jaipur,Online,Cash,2,2337.57,0.1,4675.14,4207.63,0,411.93,2025,10,October,Wednesday,4675.14,4207.626
2025-10-29,ORD010641,CUST00200,P004,Smartwatch,Electronics,Kolkata,Store,Debit Card,1,7147.48,0.05,7147.48,6790.11,0,1382.58,2025,10,October,Wednesday,7147.48,6790.105999999999
2025-10-29,ORD042824,CUST04701,P016,Sofa,Furniture,Hyderabad,Online,UPI,1,32260.42,0.05,32260.42,30647.4,0,5005.18,2025,10,October,Wednesday,32260.42,30647.398999999998
2025-10-29,ORD012821,CUST01307,P010,Coffee Maker,Home,Hyderabad,Store,Net Banking,1,5219.44,0.0,5219.44,5219.44,0,1292.67,2025,10,October,Wednesday,5219.44,5219.44
2025-10-29,ORD002013,CUST00484,P020,Microwave,Home,Pune,Online,Debit Card,4,11454.03,0.1,45816.12,41234.51,0,4503.32,2025,10,October,Wednesday,45816.12,41234.508
2025-10-29,ORD031703,CUST04021,P001,Laptop,Electronics,Surat,Online,UPI,1,60945.66,0.2,60945.66,48756.53,0,4614.25,2025,10,October,Wednesday,60945.66,48756.528000000006
2025-10-29,ORD043540,CUST01600,P002,Smartphone,Electronics,Surat,Online,Debit Card,1,27019.68,0.05,27019.68,25668.7,0,1825.37,2025,10,October,Wednesday,27019.68,25668.696
2025-10-29,ORD003392,CUST04695,P011,Mixer Grinder,Home,Surat,Store,Credit Card,3,5160.26,0.1,15480.78,13932.7,0,2232.52,2025,10,October,Wednesday,15480.78,13932.702000000001
2025-10-29,ORD040416,CUST04541,P007,Backpack,Accessories,Chennai,Store,Credit Card,1,2332.14,0.1,2332.14,2098.93,0,558.92,2025,10,October,Wednesday,2332.14,2098.926
2025-10-29,ORD020918,CUST01155,P012,Air Fryer,Home,Hyderabad,Online,Cash,1,7101.86,0.25,7101.86,5326.4,0,1211.5,2025,10,October,Wednesday,7101.86,5326.3949999999995
2025-10-29,ORD042202,CUST03632,P020,Microwave,Home,Surat,Store,UPI,1,10872.09,0.2,10872.09,8697.67,0,1085.75,2025,10,October,Wednesday,10872.09,8697.672
2025-10-29,ORD037477,CUST03082,P013,Monitor,Electronics,Bengaluru,Online,Credit Card,1,18428.4,0.1,18428.4,16585.56,0,1237.52,2025,10,October,Wednesday,18428.4,16585.56
2025-10-29,ORD005330,CUST04729,P012,Air Fryer,Home,Hyderabad,Store,Debit Card,1,7808.22,0.1,7808.22,7027.4,0,437.16,2025,10,October,Wednesday,7808.22,7027.398
2025-10-29,ORD025977,CUST00555,P018,Jacket,Fashion,Mumbai,Online,UPI,3,4860.4,0.15,14581.2,12394.02,0,942.78,2025,10,October,Wednesday,14581.199999999999,12394.02
2025-10-29,ORD037071,CUST03964,P002,Smartphone,Electronics,Bengaluru,Store,UPI,1,30265.59,0.2,30265.59,24212.47,0,3188.2,2025,10,October,Wednesday,30265.59,24212.472
2025-10-29,ORD042758,CUST03276,P012,Air Fryer,Home,Mumbai,Online,UPI,2,6514.68,0.25,13029.36,9772.02,0,1543.85,2025,10,October,Wednesday,13029.36,9772.02
2025-10-29,ORD004614,CUST04190,P009,T-Shirt,Fashion,Surat,Online,Credit Card,1,1301.94,0.05,1301.94,1236.84,0,237.62,2025,10,October,Wednesday,1301.94,1236.843
2025-10-29,ORD046318,CUST03307,P006,Desk,Furniture,Ahmedabad,Online,Debit Card,1,11119.02,0.05,11119.02,10563.07,0,1194.75,2025,10,October,Wednesday,11119.02,10563.069
2025-10-29,ORD005533,CUST04205,P016,Sofa,Furniture,Jaipur,Store,Debit Card,1,35214.84,0.05,35214.84,33454.1,0,6792.19,2025,10,October,Wednesday,35214.84,33454.098
2025-10-29,ORD024206,CUST02261,P006,Desk,Furniture,Jaipur,Online,Credit Card,4,12947.63,0.05,51790.52,49200.99,0,7204.42,2025,10,October,Wednesday,51790.52,49200.99399999999
2025-10-29,ORD014837,CUST01868,P015,Dining Table,Furniture,Kolkata,Online,UPI,5,20285.75,0.05,101428.75,96357.31,0,7436.47,2025,10,October,Wednesday,101428.75,96357.3125
2025-10-29,ORD022061,CUST00478,P002,Smartphone,Electronics,Surat,Store,Credit Card,2,27358.76,0.0,54717.52,54717.52,0,10912.94,2025,10,October,Wednesday,54717.52,54717.52
2025-10-29,ORD024773,CUST01229,P015,Dining Table,Furniture,Pune,Online,Credit Card,1,19983.37,0.0,19983.37,19983.37,0,5913.7,2025,10,October,Wednesday,19983.37,19983.37
2025-10-29,ORD003282,CUST02705,P013,Monitor,Electronics,Delhi,Online,UPI,4,17999.51,0.0,71998.04,71998.04,1,-3599.9,2025,10,October,Wednesday,71998.04,71998.04
2025-10-29,ORD024624,CUST01319,P011,Mixer Grinder,Home,Jaipur,Online,Credit Card,1,5217.05,0.25,5217.05,3912.79,0,386.28,2025,10,October,Wednesday,5217.05,3912.7875000000004
2025-10-29,ORD031720,CUST01625,P013,Monitor,Electronics,Surat,Store,Cash,1,18608.11,0.15,18608.11,15816.89,0,4059.16,2025,10,October,Wednesday,18608.11,15816.8935
2025-10-29,ORD001946,CUST00385,P017,Jeans,Fashion,Delhi,Online,UPI,1,2842.15,0.05,2842.15,2700.04,0,439.87,2025,10,October,Wednesday,2842.15,2700.0425
2025-10-29,ORD010316,CUST01842,P012,Air Fryer,Home,Kolkata,Store,Credit Card,1,6937.76,0.1,6937.76,6243.98,0,1093.18,2025,10,October,Wednesday,6937.76,6243.984
2025-10-29,ORD009662,CUST00327,P005,Office Chair,Furniture,Mumbai,Store,Credit Card,1,10043.38,0.2,10043.38,8034.7,1,-401.74,2025,10,October,Wednesday,10043.38,8034.704
2025-10-29,ORD005093,CUST04509,P005,Office Chair,Furniture,Delhi,Online,UPI,1,9949.14,0.05,9949.14,9451.68,0,801.97,2025,10,October,Wednesday,9949.14,9451.682999999999
2025-10-29,ORD039478,CUST03960,P012,Air Fryer,Home,Pune,Online,Cash,1,7345.89,0.2,7345.89,5876.71,0,946.87,2025,10,October,Wednesday,7345.89,5876.712
2025-10-29,ORD036675,CUST04982,P008,Running Shoes,Fashion,Delhi,Online,UPI,4,4415.62,0.15,17662.48,15013.11,0,1444.45,2025,10,October,Wednesday,17662.48,15013.107999999998
2025-10-29,ORD040067,CUST02693,P016,Sofa,Furniture,Surat,Store,UPI,1,33693.26,0.0,33693.26,33693.26,0,3869.09,2025,10,October,Wednesday,33693.26,33693.26
2025-10-29,ORD019863,CUST02632,P012,Air Fryer,Home,Jaipur,Store,UPI,1,7453.35,0.1,7453.35,6708.02,0,1406.16,2025,10,October,Wednesday,7453.35,6708.015
2025-10-29,ORD048050,CUST03427,P018,Jacket,Fashion,Chennai,Online,UPI,2,5103.66,0.05,10207.32,9696.95,0,1357.03,2025,10,October,Wednesday,10207.32,9696.954
2025-10-29,ORD026237,CUST04963,P003,Headphones,Electronics,Chennai,Online,Debit Card,1,4834.03,0.2,4834.03,3867.22,0,817.09,2025,10,October,Wednesday,4834.03,3867.224
2025-10-29,ORD025242,CUST04140,P014,Keyboard,Electronics,Jaipur,Online,Debit Card,2,2325.27,0.15,4650.54,3952.96,0,564.96,2025,10,October,Wednesday,4650.54,3952.959
2025-10-29,ORD047603,CUST04854,P016,Sofa,Furniture,Kolkata,Online,UPI,1,32154.57,0.1,32154.57,28939.11,0,7508.49,2025,10,October,Wednesday,32154.57,28939.113
2025-10-29,ORD028457,CUST03059,P003,Headphones,Electronics,Delhi,Online,UPI,2,4586.26,0.15,9172.52,7796.64,0,1077.4,2025,10,October,Wednesday,9172.52,7796.642
2025-10-29,ORD039932,CUST03424,P003,Headphones,Electronics,Surat,Online,UPI,1,4513.03,0.15,4513.03,3836.08,0,899.01,2025,10,October,Wednesday,4513.03,3836.0754999999995
2025-10-29,ORD001675,CUST01298,P016,Sofa,Furniture,Surat,Online,UPI,2,38178.97,0.05,76357.94,72540.04,0,9779.56,2025,10,October,Wednesday,76357.94,72540.043
2025-10-29,ORD040537,CUST03032,P012,Air Fryer,Home,Surat,Online,UPI,2,7890.21,0.15,15780.42,13413.36,0,1481.73,2025,10,October,Wednesday,15780.42,13413.357
2025-10-29,ORD001273,CUST02226,P020,Microwave,Home,Hyderabad,Online,Credit Card,1,11143.0,0.05,11143.0,10585.85,0,2583.42,2025,10,October,Wednesday,11143.0,10585.85
2025-10-29,ORD026834,CUST02537,P017,Jeans,Fashion,Hyderabad,Online,Credit Card,1,2812.2,0.25,2812.2,2109.15,0,279.76,2025,10,October,Wednesday,2812.2,2109.1499999999996
2025-10-29,ORD009003,CUST04149,P001,Laptop,Electronics,Mumbai,Store,UPI,2,67291.74,0.1,134583.48,121125.13,0,14116.55,2025,10,October,Wednesday,134583.48,121125.13200000001
2025-10-29,ORD000520,CUST00165,P004,Smartwatch,Electronics,Delhi,Online,Credit Card,3,7457.05,0.05,22371.15,21252.59,0,1743.02,2025,10,October,Wednesday,22371.15,21252.5925
2025-10-29,ORD035315,CUST04995,P009,T-Shirt,Fashion,Kolkata,Online,UPI,1,1244.05,0.05,1244.05,1181.85,0,183.44,2025,10,October,Wednesday,1244.05,1181.8474999999999
2025-10-29,ORD012157,CUST00121,P011,Mixer Grinder,Home,Bengaluru,Online,Debit Card,1,5016.04,0.05,5016.04,4765.24,0,342.21,2025,10,October,Wednesday,5016.04,4765.237999999999
2025-10-29,ORD004848,CUST00284,P016,Sofa,Furniture,Surat,Store,Credit Card,2,34982.74,0.1,69965.48,62968.93,0,14022.74,2025,10,October,Wednesday,69965.48,62968.932
2025-10-29,ORD016016,CUST03525,P012,Air Fryer,Home,Mumbai,Online,Credit Card,3,7499.69,0.0,22499.07,22499.07,0,5155.5,2025,10,October,Wednesday,22499.07,22499.07
2025-10-29,ORD035921,CUST00107,P014,Keyboard,Electronics,Surat,Online,Credit Card,2,2533.45,0.15,5066.9,4306.86,0,807.25,2025,10,October,Wednesday,5066.9,4306.865
2025-10-29,ORD009477,CUST04457,P013,Monitor,Electronics,Hyderabad,Online,Cash,1,16223.05,0.05,16223.05,15411.9,0,3352.51,2025,10,October,Wednesday,16223.05,15411.8975
2025-10-29,ORD008389,CUST03826,P014,Keyboard,Electronics,Mumbai,Store,Debit Card,1,2716.83,0.15,2716.83,2309.31,0,354.0,2025,10,October,Wednesday,2716.83,2309.3055
2025-10-29,ORD044914,CUST01205,P017,Jeans,Fashion,Surat,Store,Debit Card,1,2899.88,0.1,2899.88,2609.89,0,214.85,2025,10,October,Wednesday,2899.88,2609.8920000000003
2025-10-29,ORD027130,CUST03002,P016,Sofa,Furniture,Mumbai,Store,Cash,1,33567.68,0.15,33567.68,28532.53,1,-1426.63,2025,10,October,Wednesday,33567.68,28532.528
2025-10-29,ORD031571,CUST04947,P020,Microwave,Home,Ahmedabad,Online,UPI,2,11160.11,0.0,22320.22,22320.22,0,5119.4,2025,10,October,Wednesday,22320.22,22320.22
2025-10-29,ORD012036,CUST01374,P011,Mixer Grinder,Home,Kolkata,Online,Debit Card,1,5077.27,0.0,5077.27,5077.27,0,584.07,2025,10,October,Wednesday,5077.27,5077.27
2025-10-29,ORD012892,CUST02495,P019,Vacuum Cleaner,Home,Jaipur,Online,UPI,1,9546.58,0.05,9546.58,9069.25,0,2128.12,2025,10,October,Wednesday,9546.58,9069.251
2025-10-29,ORD004215,CUST01069,P005,Office Chair,Furniture,Delhi,Online,UPI,2,8763.91,0.0,17527.82,17527.82,0,4922.41,2025,10,October,Wednesday,17527.82,17527.82
2025-10-29,ORD010269,CUST02017,P020,Microwave,Home,Hyderabad,Online,Credit Card,1,12082.14,0.15,12082.14,10269.82,0,2354.36,2025,10,October,Wednesday,12082.14,10269.819
2025-10-29,ORD047336,CUST03752,P019,Vacuum Cleaner,Home,Pune,Online,Credit Card,2,8596.15,0.05,17192.3,16332.68,0,3559.17,2025,10,October,Wednesday,17192.3,16332.684999999998
2025-10-29,ORD008755,CUST02513,P010,Coffee Maker,Home,Bengaluru,Online,Credit Card,1,5359.91,0.2,5359.91,4287.93,0,923.71,2025,10,October,Wednesday,5359.91,4287.928
2025-10-29,ORD022559,CUST03757,P010,Coffee Maker,Home,Hyderabad,Online,Debit Card,1,5764.37,0.05,5764.37,5476.15,0,946.25,2025,10,October,Wednesday,5764.37,5476.1515
2025-10-29,ORD036767,CUST02022,P013,Monitor,Electronics,Pune,Online,UPI,5,18795.51,0.2,93977.55,75182.04,0,10098.97,2025,10,October,Wednesday,93977.54999999999,75182.04000000001
2025-10-29,ORD019244,CUST01020,P007,Backpack,Accessories,Pune,Online,UPI,1,2033.4,0.0,2033.4,2033.4,0,261.17,2025,10,October,Wednesday,2033.4,2033.4
2025-10-29,ORD000727,CUST02497,P004,Smartwatch,Electronics,Pune,Online,UPI,2,7303.41,0.0,14606.82,14606.82,0,1921.14,2025,10,October,Wednesday,14606.82,14606.82
2025-10-29,ORD025918,CUST01668,P005,Office Chair,Furniture,Bengaluru,Online,Credit Card,1,9312.35,0.15,9312.35,7915.5,0,1321.33,2025,10,October,Wednesday,9312.35,7915.4975
2025-10-29,ORD007992,CUST03738,P016,Sofa,Furniture,Pune,Store,UPI,2,34464.65,0.25,68929.3,51696.98,0,12214.58,2025,10,October,Wednesday,68929.3,51696.975000000006
2025-10-29,ORD040965,CUST00036,P010,Coffee Maker,Home,Surat,Store,Net Banking,1,5149.25,0.0,5149.25,5149.25,1,-257.46,2025,10,October,Wednesday,5149.25,5149.25
2025-10-29,ORD018072,CUST03890,P012,Air Fryer,Home,Chennai,Store,UPI,1,6923.64,0.05,6923.64,6577.46,0,933.56,2025,10,October,Wednesday,6923.64,6577.458
2025-10-29,ORD027064,CUST03158,P010,Coffee Maker,Home,Delhi,Online,Credit Card,1,5765.16,0.05,5765.16,5476.9,0,683.4,2025,10,October,Wednesday,5765.16,5476.902
2025-10-29,ORD009603,CUST01044,P005,Office Chair,Furniture,Surat,Online,UPI,2,9748.71,0.05,19497.42,18522.55,0,1384.54,2025,10,October,Wednesday,19497.42,18522.549
2025-10-29,ORD009634,CUST04339,P008,Running Shoes,Fashion,Chennai,Online,Credit Card,1,4500.83,0.0,4500.83,4500.83,0,589.8,2025,10,October,Wednesday,4500.83,4500.83
2025-10-29,ORD049704,CUST01617,P010,Coffee Maker,Home,Pune,Online,UPI,1,5048.79,0.1,5048.79,4543.91,0,826.57,2025,10,October,Wednesday,5048.79,4543.911
2025-10-29,ORD042941,CUST04957,P016,Sofa,Furniture,Mumbai,Online,Credit Card,1,35013.92,0.0,35013.92,35013.92,0,6392.5,2025,10,October,Wednesday,35013.92,35013.92
2025-10-29,ORD026788,CUST00251,P006,Desk,Furniture,Jaipur,Online,Debit Card,1,10907.65,0.05,10907.65,10362.27,0,2302.26,2025,10,October,Wednesday,10907.65,10362.2675
2025-10-30,ORD020095,CUST04627,P005,Office Chair,Furniture,Hyderabad,Online,Credit Card,2,10115.64,0.1,20231.28,18208.15,0,1531.66,2025,10,October,Thursday,20231.28,18208.152
2025-10-30,ORD048969,CUST02418,P018,Jacket,Fashion,Chennai,Online,UPI,5,4689.87,0.15,23449.35,19931.95,0,4276.24,2025,10,October,Thursday,23449.35,19931.9475
2025-10-30,ORD033179,CUST04728,P005,Office Chair,Furniture,Mumbai,Online,Credit Card,2,9560.76,0.1,19121.52,17209.37,0,1918.5,2025,10,October,Thursday,19121.52,17209.368000000002
2025-10-30,ORD045266,CUST03808,P019,Vacuum Cleaner,Home,Surat,Online,UPI,1,9746.17,0.0,9746.17,9746.17,0,1988.94,2025,10,October,Thursday,9746.17,9746.17
2025-10-30,ORD004462,CUST01271,P006,Desk,Furniture,Chennai,Online,UPI,2,12656.3,0.0,25312.6,25312.6,0,4637.36,2025,10,October,Thursday,25312.6,25312.6
2025-10-30,ORD041574,CUST04132,P004,Smartwatch,Electronics,Chennai,Online,UPI,1,7612.4,0.15,7612.4,6470.54,0,631.75,2025,10,October,Thursday,7612.4,6470.54
2025-10-30,ORD038395,CUST01791,P007,Backpack,Accessories,Mumbai,Online,UPI,1,2181.27,0.05,2181.27,2072.21,0,484.38,2025,10,October,Thursday,2181.27,2072.2065
2025-10-30,ORD017554,CUST00156,P014,Keyboard,Electronics,Hyderabad,Online,UPI,1,2708.94,0.15,2708.94,2302.6,0,249.89,2025,10,October,Thursday,2708.94,2302.599
2025-10-30,ORD012063,CUST00979,P002,Smartphone,Electronics,Ahmedabad,Online,Net Banking,2,30487.04,0.05,60974.08,57925.38,0,14289.61,2025,10,October,Thursday,60974.08,57925.376
2025-10-30,ORD021618,CUST04461,P010,Coffee Maker,Home,Pune,Online,Debit Card,1,5730.04,0.05,5730.04,5443.54,0,1101.83,2025,10,October,Thursday,5730.04,5443.538
2025-10-30,ORD011660,CUST02406,P010,Coffee Maker,Home,Jaipur,Online,Credit Card,2,5810.96,0.05,11621.92,11040.82,0,1931.46,2025,10,October,Thursday,11621.92,11040.823999999999
2025-10-30,ORD046426,CUST03128,P016,Sofa,Furniture,Pune,Store,Cash,3,33584.46,0.1,100753.38,90678.04,0,12917.6,2025,10,October,Thursday,100753.38,90678.042
2025-10-30,ORD010887,CUST00025,P003,Headphones,Electronics,Mumbai,Online,Credit Card,2,4059.29,0.05,8118.58,7712.65,0,2164.33,2025,10,October,Thursday,8118.58,7712.651
2025-10-30,ORD004385,CUST04472,P012,Air Fryer,Home,Chennai,Online,Credit Card,2,7344.86,0.1,14689.72,13220.75,0,2591.56,2025,10,October,Thursday,14689.72,13220.748
2025-10-30,ORD042050,CUST02103,P019,Vacuum Cleaner,Home,Ahmedabad,Online,Net Banking,1,9384.95,0.25,9384.95,7038.71,0,701.87,2025,10,October,Thursday,9384.95,7038.712500000001
2025-10-30,ORD024968,CUST03462,P010,Coffee Maker,Home,Chennai,Store,Cash,1,5193.44,0.1,5193.44,4674.1,0,1124.65,2025,10,October,Thursday,5193.44,4674.096
2025-10-30,ORD007937,CUST04687,P017,Jeans,Fashion,Kolkata,Store,UPI,2,3076.34,0.05,6152.68,5845.05,0,705.9,2025,10,October,Thursday,6152.68,5845.046
2025-10-30,ORD028696,CUST01545,P004,Smartwatch,Electronics,Mumbai,Online,UPI,3,6650.97,0.05,19952.91,18955.26,0,2787.25,2025,10,October,Thursday,19952.91,18955.264499999997
2025-10-30,ORD025567,CUST01155,P009,T-Shirt,Fashion,Surat,Store,Credit Card,3,1093.03,0.1,3279.09,2951.18,0,280.29,2025,10,October,Thursday,3279.09,2951.181
2025-10-30,ORD038088,CUST01744,P020,Microwave,Home,Ahmedabad,Online,UPI,5,12088.87,0.0,60444.35,60444.35,0,12803.93,2025,10,October,Thursday,60444.350000000006,60444.35
2025-10-30,ORD027808,CUST02007,P004,Smartwatch,Electronics,Pune,Store,UPI,1,6404.92,0.05,6404.92,6084.67,0,1160.24,2025,10,October,Thursday,6404.92,6084.674
2025-10-30,ORD022056,CUST00350,P016,Sofa,Furniture,Kolkata,Online,Net Banking,1,32718.1,0.1,32718.1,29446.29,0,3708.73,2025,10,October,Thursday,32718.1,29446.29
2025-10-30,ORD002081,CUST02501,P018,Jacket,Fashion,Jaipur,Online,Credit Card,2,5115.35,0.0,10230.7,10230.7,0,967.11,2025,10,October,Thursday,10230.7,10230.7
2025-10-30,ORD034032,CUST04392,P004,Smartwatch,Electronics,Kolkata,Online,UPI,3,6328.6,0.25,18985.8,14239.35,0,1244.0,2025,10,October,Thursday,18985.800000000003,14239.349999999999
2025-10-30,ORD037264,CUST04524,P011,Mixer Grinder,Home,Mumbai,Store,UPI,1,4822.24,0.1,4822.24,4340.02,0,1045.26,2025,10,October,Thursday,4822.24,4340.016
2025-10-30,ORD047049,CUST03182,P002,Smartphone,Electronics,Pune,Online,Cash,1,25557.04,0.05,25557.04,24279.19,0,5625.9,2025,10,October,Thursday,25557.04,24279.188
2025-10-30,ORD047427,CUST00576,P020,Microwave,Home,Surat,Store,Net Banking,1,11235.87,0.1,11235.87,10112.28,0,1291.39,2025,10,October,Thursday,11235.87,10112.283000000001
2025-10-30,ORD021285,CUST04582,P003,Headphones,Electronics,Ahmedabad,Online,Debit Card,1,4423.93,0.0,4423.93,4423.93,0,1011.99,2025,10,October,Thursday,4423.93,4423.93
2025-10-30,ORD017026,CUST01831,P010,Coffee Maker,Home,Pune,Store,Debit Card,5,5066.99,0.25,25334.95,19001.21,0,961.17,2025,10,October,Thursday,25334.949999999997,19001.2125
2025-10-30,ORD019265,CUST03968,P008,Running Shoes,Fashion,Surat,Online,UPI,1,3932.42,0.1,3932.42,3539.18,1,-176.96,2025,10,October,Thursday,3932.42,3539.1780000000003
2025-10-30,ORD042430,CUST01712,P020,Microwave,Home,Bengaluru,Store,Credit Card,1,10041.6,0.0,10041.6,10041.6,0,2733.43,2025,10,October,Thursday,10041.6,10041.6
2025-10-30,ORD011762,CUST04136,P009,T-Shirt,Fashion,Kolkata,Online,UPI,1,1296.9,0.05,1296.9,1232.06,0,329.87,2025,10,October,Thursday,1296.9,1232.055
2025-10-30,ORD032158,CUST01767,P012,Air Fryer,Home,Jaipur,Online,Credit Card,2,7680.52,0.05,15361.04,14592.99,0,2871.77,2025,10,October,Thursday,15361.04,14592.988
2025-10-30,ORD027557,CUST02584,P003,Headphones,Electronics,Surat,Store,Credit Card,2,4757.39,0.05,9514.78,9039.04,0,2361.05,2025,10,October,Thursday,9514.78,9039.041000000001
2025-10-30,ORD009679,CUST03926,P011,Mixer Grinder,Home,Hyderabad,Online,UPI,1,5181.1,0.15,5181.1,4403.94,0,1103.64,2025,10,October,Thursday,5181.1,4403.935
2025-10-30,ORD029702,CUST03958,P019,Vacuum Cleaner,Home,Kolkata,Online,Debit Card,1,8213.29,0.05,8213.29,7802.63,0,1130.52,2025,10,October,Thursday,8213.29,7802.6255
2025-10-30,ORD006556,CUST01647,P009,T-Shirt,Fashion,Delhi,Online,Net Banking,2,1087.9,0.1,2175.8,1958.22,0,276.0,2025,10,October,Thursday,2175.8,1958.2200000000003
2025-10-30,ORD025363,CUST01940,P016,Sofa,Furniture,Jaipur,Online,Credit Card,2,36632.79,0.0,73265.58,73265.58,0,17253.03,2025,10,October,Thursday,73265.58,73265.58
2025-10-30,ORD005198,CUST00019,P001,Laptop,Electronics,Surat,Online,Credit Card,4,64183.34,0.15,256733.36,218223.36,0,33120.23,2025,10,October,Thursday,256733.36,218223.35599999997
2025-10-30,ORD003081,CUST00962,P017,Jeans,Fashion,Pune,Store,UPI,2,2593.0,0.1,5186.0,4667.4,0,516.93,2025,10,October,Thursday,5186.0,4667.400000000001
2025-10-30,ORD028079,CUST02478,P001,Laptop,Electronics,Ahmedabad,Online,UPI,1,71493.74,0.05,71493.74,67919.05,0,8703.26,2025,10,October,Thursday,71493.74,67919.053
2025-10-30,ORD002210,CUST02771,P007,Backpack,Accessories,Jaipur,Online,UPI,2,2377.18,0.1,4754.36,4278.92,0,677.21,2025,10,October,Thursday,4754.36,4278.924
2025-10-30,ORD029068,CUST03935,P020,Microwave,Home,Kolkata,Online,Debit Card,1,10987.71,0.0,10987.71,10987.71,0,1854.45,2025,10,October,Thursday,10987.71,10987.71
2025-10-30,ORD029649,CUST00670,P018,Jacket,Fashion,Hyderabad,Online,Credit Card,1,5218.08,0.15,5218.08,4435.37,0,781.16,2025,10,October,Thursday,5218.08,4435.3679999999995
2025-10-30,ORD044262,CUST00605,P007,Backpack,Accessories,Kolkata,Store,UPI,1,2285.11,0.05,2285.11,2170.85,0,504.44,2025,10,October,Thursday,2285.11,2170.8545
2025-10-30,ORD000830,CUST00500,P016,Sofa,Furniture,Hyderabad,Online,UPI,4,38020.75,0.1,152083.0,136874.7,0,24424.54,2025,10,October,Thursday,152083.0,136874.7
2025-10-30,ORD004023,CUST01456,P004,Smartwatch,Electronics,Jaipur,Online,Credit Card,1,7425.34,0.15,7425.34,6311.54,0,887.85,2025,10,October,Thursday,7425.34,6311.539
2025-10-30,ORD017325,CUST04042,P013,Monitor,Electronics,Delhi,Online,Cash,1,16378.41,0.15,16378.41,13921.65,0,845.67,2025,10,October,Thursday,16378.41,13921.6485
2025-10-30,ORD048985,CUST01417,P009,T-Shirt,Fashion,Ahmedabad,Store,Cash,2,1306.2,0.05,2612.4,2481.78,0,323.44,2025,10,October,Thursday,2612.4,2481.7799999999997
2025-10-30,ORD017806,CUST03920,P007,Backpack,Accessories,Kolkata,Online,UPI,1,2142.98,0.0,2142.98,2142.98,0,511.78,2025,10,October,Thursday,2142.98,2142.98
2025-10-30,ORD029306,CUST02532,P005,Office Chair,Furniture,Hyderabad,Online,Debit Card,4,10250.52,0.0,41002.08,41002.08,0,7294.24,2025,10,October,Thursday,41002.08,41002.08
2025-10-30,ORD026606,CUST03254,P002,Smartphone,Electronics,Kolkata,Store,Cash,4,28764.53,0.2,115058.12,92046.5,0,12251.97,2025,10,October,Thursday,115058.12,92046.496
2025-10-30,ORD011209,CUST00680,P011,Mixer Grinder,Home,Jaipur,Store,UPI,1,5068.0,0.05,5068.0,4814.6,0,1108.25,2025,10,October,Thursday,5068.0,4814.599999999999
2025-10-30,ORD007350,CUST03606,P014,Keyboard,Electronics,Chennai,Online,Cash,3,2422.15,0.0,7266.45,7266.45,0,1217.5,2025,10,October,Thursday,7266.450000000001,7266.45
2025-10-30,ORD020886,CUST01618,P008,Running Shoes,Fashion,Surat,Online,Credit Card,1,4444.51,0.2,4444.51,3555.61,0,830.33,2025,10,October,Thursday,4444.51,3555.608
2025-10-30,ORD022313,CUST01398,P005,Office Chair,Furniture,Surat,Store,UPI,2,8676.96,0.25,17353.92,13015.44,0,2357.31,2025,10,October,Thursday,17353.92,13015.439999999999
2025-10-30,ORD034583,CUST04998,P009,T-Shirt,Fashion,Surat,Store,UPI,1,1126.26,0.25,1126.26,844.7,1,-42.24,2025,10,October,Thursday,1126.26,844.6949999999999
2025-10-30,ORD035299,CUST02428,P001,Laptop,Electronics,Hyderabad,Online,Net Banking,2,66982.59,0.1,133965.18,120568.66,0,22501.96,2025,10,October,Thursday,133965.18,120568.662
2025-10-30,ORD027138,CUST00744,P004,Smartwatch,Electronics,Bengaluru,Online,Credit Card,1,6725.75,0.1,6725.75,6053.18,0,1408.64,2025,10,October,Thursday,6725.75,6053.175
2025-10-30,ORD044171,CUST00592,P014,Keyboard,Electronics,Kolkata,Online,Debit Card,2,2562.8,0.1,5125.6,4613.04,0,1187.54,2025,10,October,Thursday,5125.6,4613.040000000001
2025-10-30,ORD043768,CUST02756,P012,Air Fryer,Home,Kolkata,Online,Net Banking,1,6732.79,0.1,6732.79,6059.51,0,1143.56,2025,10,October,Thursday,6732.79,6059.511
2025-10-30,ORD011682,CUST00109,P005,Office Chair,Furniture,Chennai,Store,Credit Card,5,9544.14,0.0,47720.7,47720.7,0,5117.73,2025,10,October,Thursday,47720.7,47720.7
2025-10-30,ORD029487,CUST01592,P012,Air Fryer,Home,Hyderabad,Store,Debit Card,2,6687.55,0.0,13375.1,13375.1,0,3241.76,2025,10,October,Thursday,13375.1,13375.1
2025-10-30,ORD049530,CUST02204,P012,Air Fryer,Home,Mumbai,Online,Credit Card,4,6815.62,0.25,27262.48,20446.86,0,817.87,2025,10,October,Thursday,27262.48,20446.86
2025-10-30,ORD000143,CUST04613,P016,Sofa,Furniture,Hyderabad,Online,Credit Card,4,32636.67,0.15,130546.68,110964.68,0,23389.41,2025,10,October,Thursday,130546.68,110964.67799999999
2025-10-30,ORD049573,CUST03723,P007,Backpack,Accessories,Delhi,Online,UPI,2,2040.84,0.05,4081.68,3877.6,0,545.63,2025,10,October,Thursday,4081.68,3877.5959999999995
2025-10-30,ORD017851,CUST01243,P019,Vacuum Cleaner,Home,Delhi,Store,Cash,2,9419.09,0.05,18838.18,17896.27,0,4896.0,2025,10,October,Thursday,18838.18,17896.271
2025-10-30,ORD048168,CUST01286,P013,Monitor,Electronics,Delhi,Online,Net Banking,1,19194.43,0.1,19194.43,17274.99,0,4787.65,2025,10,October,Thursday,19194.43,17274.987
2025-10-30,ORD027691,CUST03005,P003,Headphones,Electronics,Surat,Store,Debit Card,5,4847.16,0.05,24235.8,23024.01,0,2041.72,2025,10,October,Thursday,24235.8,23024.01
2025-10-30,ORD046795,CUST00814,P013,Monitor,Electronics,Delhi,Store,UPI,1,16464.34,0.1,16464.34,14817.91,0,2160.54,2025,10,October,Thursday,16464.34,14817.906
2025-10-30,ORD044853,CUST04918,P015,Dining Table,Furniture,Mumbai,Online,Credit Card,2,21005.12,0.1,42010.24,37809.22,0,5334.7,2025,10,October,Thursday,42010.24,37809.216
2025-10-30,ORD040833,CUST04926,P002,Smartphone,Electronics,Pune,Online,Credit Card,1,29099.88,0.0,29099.88,29099.88,0,8065.42,2025,10,October,Thursday,29099.88,29099.88
2025-10-31,ORD020079,CUST01675,P001,Laptop,Electronics,Mumbai,Store,UPI,5,66883.15,0.1,334415.75,300974.18,0,53229.08,2025,10,October,Friday,334415.75,300974.175
2025-10-31,ORD047414,CUST04944,P004,Smartwatch,Electronics,Chennai,Online,Credit Card,1,6423.88,0.0,6423.88,6423.88,0,645.54,2025,10,October,Friday,6423.88,6423.88
2025-10-31,ORD037916,CUST02950,P018,Jacket,Fashion,Hyderabad,Store,Net Banking,1,5505.15,0.1,5505.15,4954.64,0,933.35,2025,10,October,Friday,5505.15,4954.635
2025-10-31,ORD000116,CUST01575,P013,Monitor,Electronics,Bengaluru,Store,Cash,3,19172.94,0.0,57518.82,57518.82,0,8842.15,2025,10,October,Friday,57518.81999999999,57518.82
2025-10-31,ORD016697,CUST00841,P018,Jacket,Fashion,Ahmedabad,Store,UPI,4,5046.48,0.0,20185.92,20185.92,0,4017.24,2025,10,October,Friday,20185.92,20185.92
2025-10-31,ORD040841,CUST01751,P016,Sofa,Furniture,Delhi,Store,Net Banking,1,36299.69,0.2,36299.69,29039.75,0,1696.74,2025,10,October,Friday,36299.69,29039.752000000004
2025-10-31,ORD023370,CUST04957,P005,Office Chair,Furniture,Bengaluru,Online,Credit Card,1,9386.61,0.15,9386.61,7978.62,0,1213.54,2025,10,October,Friday,9386.61,7978.6185000000005
2025-10-31,ORD001439,CUST03895,P016,Sofa,Furniture,Chennai,Store,UPI,1,34468.37,0.05,34468.37,32744.95,0,3600.21,2025,10,October,Friday,34468.37,32744.9515
2025-10-31,ORD025305,CUST04436,P001,Laptop,Electronics,Mumbai,Store,Cash,1,61513.06,0.2,61513.06,49210.45,0,12373.06,2025,10,October,Friday,61513.06,49210.448000000004
2025-10-31,ORD041796,CUST03932,P020,Microwave,Home,Ahmedabad,Online,UPI,3,11903.14,0.1,35709.42,32138.48,0,3681.33,2025,10,October,Friday,35709.42,32138.478
2025-10-31,ORD038635,CUST04340,P009,T-Shirt,Fashion,Mumbai,Store,UPI,5,1131.39,0.1,5656.95,5091.26,0,439.71,2025,10,October,Friday,5656.950000000001,5091.255
2025-10-31,ORD016280,CUST04986,P016,Sofa,Furniture,Kolkata,Online,Debit Card,1,35222.94,0.0,35222.94,35222.94,0,5392.36,2025,10,October,Friday,35222.94,35222.94
2025-10-31,ORD019739,CUST02975,P013,Monitor,Electronics,Ahmedabad,Online,UPI,5,16896.1,0.0,84480.5,84480.5,0,12417.23,2025,10,October,Friday,84480.5,84480.5
2025-10-31,ORD023548,CUST04987,P002,Smartphone,Electronics,Hyderabad,Online,UPI,3,25379.2,0.05,76137.6,72330.72,0,13242.21,2025,10,October,Friday,76137.6,72330.72
2025-10-31,ORD004986,CUST01980,P016,Sofa,Furniture,Bengaluru,Store,UPI,3,38090.88,0.25,114272.64,85704.48,0,21035.38,2025,10,October,Friday,114272.63999999998,85704.48
2025-10-31,ORD017039,CUST00469,P008,Running Shoes,Fashion,Pune,Store,UPI,1,3854.65,0.0,3854.65,3854.65,0,1055.76,2025,10,October,Friday,3854.65,3854.65
2025-10-31,ORD016948,CUST02033,P019,Vacuum Cleaner,Home,Surat,Store,UPI,1,8911.37,0.0,8911.37,8911.37,1,-445.57,2025,10,October,Friday,8911.37,8911.37
2025-10-31,ORD013852,CUST02144,P020,Microwave,Home,Hyderabad,Online,UPI,2,10576.74,0.1,21153.48,19038.13,0,3730.36,2025,10,October,Friday,21153.48,19038.132
2025-10-31,ORD012213,CUST01810,P014,Keyboard,Electronics,Hyderabad,Online,UPI,1,2307.14,0.05,2307.14,2191.78,0,241.44,2025,10,October,Friday,2307.14,2191.783
2025-10-31,ORD007167,CUST04580,P009,T-Shirt,Fashion,Ahmedabad,Online,Credit Card,1,1151.59,0.05,1151.59,1094.01,0,286.64,2025,10,October,Friday,1151.59,1094.0104999999999
2025-10-31,ORD029418,CUST03665,P003,Headphones,Electronics,Delhi,Online,UPI,1,4766.83,0.1,4766.83,4290.15,0,575.39,2025,10,October,Friday,4766.83,4290.147
2025-10-31,ORD011221,CUST02502,P002,Smartphone,Electronics,Ahmedabad,Online,Debit Card,5,28781.02,0.0,143905.1,143905.1,0,29775.62,2025,10,October,Friday,143905.1,143905.1
2025-10-31,ORD012910,CUST01153,P001,Laptop,Electronics,Mumbai,Online,Debit Card,2,68218.9,0.0,136437.8,136437.8,0,33594.22,2025,10,October,Friday,136437.8,136437.8
2025-10-31,ORD029551,CUST01614,P011,Mixer Grinder,Home,Ahmedabad,Online,UPI,2,5226.88,0.0,10453.76,10453.76,0,1535.6,2025,10,October,Friday,10453.76,10453.76
2025-10-31,ORD043661,CUST02968,P012,Air Fryer,Home,Pune,Online,Credit Card,2,7202.92,0.05,14405.84,13685.55,0,2912.01,2025,10,October,Friday,14405.84,13685.547999999999
2025-10-31,ORD004027,CUST01330,P020,Microwave,Home,Hyderabad,Online,Credit Card,1,10216.63,0.15,10216.63,8684.14,0,448.32,2025,10,October,Friday,10216.63,8684.135499999999
2025-10-31,ORD026987,CUST04203,P017,Jeans,Fashion,Kolkata,Store,UPI,2,2961.64,0.1,5923.28,5330.95,0,1131.18,2025,10,October,Friday,5923.28,5330.952
2025-10-31,ORD003708,CUST04716,P019,Vacuum Cleaner,Home,Mumbai,Online,Net Banking,1,8864.79,0.05,8864.79,8421.55,0,2243.8,2025,10,October,Friday,8864.79,8421.550500000001
2025-10-31,ORD013039,CUST01277,P011,Mixer Grinder,Home,Delhi,Store,Credit Card,2,5147.99,0.0,10295.98,10295.98,0,2692.77,2025,10,October,Friday,10295.98,10295.98
2025-10-31,ORD041944,CUST02592,P011,Mixer Grinder,Home,Jaipur,Store,UPI,2,5254.71,0.15,10509.42,8933.01,0,2149.76,2025,10,October,Friday,10509.42,8933.007
2025-10-31,ORD006569,CUST00828,P004,Smartwatch,Electronics,Jaipur,Store,UPI,1,7189.03,0.15,7189.03,6110.68,0,459.1,2025,10,October,Friday,7189.03,6110.675499999999
2025-10-31,ORD040505,CUST02250,P014,Keyboard,Electronics,Surat,Online,Net Banking,2,2482.38,0.1,4964.76,4468.28,1,-223.41,2025,10,October,Friday,4964.76,4468.284000000001
2025-10-31,ORD001428,CUST02532,P006,Desk,Furniture,Chennai,Online,UPI,1,12517.62,0.0,12517.62,12517.62,0,3111.1,2025,10,October,Friday,12517.62,12517.62
2025-10-31,ORD029003,CUST02019,P017,Jeans,Fashion,Delhi,Store,UPI,1,2780.34,0.05,2780.34,2641.32,0,706.93,2025,10,October,Friday,2780.34,2641.323
2025-10-31,ORD009447,CUST03147,P011,Mixer Grinder,Home,Hyderabad,Store,UPI,1,4427.85,0.25,4427.85,3320.89,0,459.93,2025,10,October,Friday,4427.85,3320.8875000000003
2025-10-31,ORD019275,CUST03124,P001,Laptop,Electronics,Chennai,Store,UPI,1,69655.51,0.05,69655.51,66172.73,0,18759.38,2025,10,October,Friday,69655.51,66172.73449999999
2025-10-31,ORD049132,CUST03353,P004,Smartwatch,Electronics,Surat,Online,UPI,1,6762.17,0.1,6762.17,6085.95,0,710.91,2025,10,October,Friday,6762.17,6085.953
2025-10-31,ORD012451,CUST00061,P018,Jacket,Fashion,Pune,Online,UPI,2,5335.48,0.05,10670.96,10137.41,0,751.05,2025,10,October,Friday,10670.96,10137.411999999998
2025-10-31,ORD023039,CUST01556,P011,Mixer Grinder,Home,Delhi,Online,Credit Card,1,4342.75,0.05,4342.75,4125.61,0,1045.65,2025,10,October,Friday,4342.75,4125.6125
2025-10-31,ORD018610,CUST00897,P015,Dining Table,Furniture,Surat,Store,Credit Card,4,21881.78,0.15,87527.12,74398.05,0,6292.38,2025,10,October,Friday,87527.12,74398.052
2025-10-31,ORD024334,CUST02311,P010,Coffee Maker,Home,Bengaluru,Online,Credit Card,1,5859.6,0.0,5859.6,5859.6,0,670.5,2025,10,October,Friday,5859.6,5859.6
2025-10-31,ORD016739,CUST02988,P006,Desk,Furniture,Hyderabad,Store,Cash,1,12499.58,0.15,12499.58,10624.64,0,2189.46,2025,10,October,Friday,12499.58,10624.643
2025-10-31,ORD012746,CUST02044,P006,Desk,Furniture,Bengaluru,Online,Net Banking,1,13008.33,0.05,13008.33,12357.91,0,3414.07,2025,10,October,Friday,13008.33,12357.913499999999
2025-10-31,ORD007513,CUST02484,P015,Dining Table,Furniture,Jaipur,Online,UPI,4,22146.84,0.1,88587.36,79728.62,0,15178.33,2025,10,October,Friday,88587.36,79728.624
2025-10-31,ORD045310,CUST02691,P008,Running Shoes,Fashion,Delhi,Online,Credit Card,1,4267.7,0.15,4267.7,3627.54,0,258.04,2025,10,October,Friday,4267.7,3627.5449999999996
2025-10-31,ORD022082,CUST00649,P002,Smartphone,Electronics,Kolkata,Online,UPI,1,25634.56,0.0,25634.56,25634.56,0,4073.97,2025,10,October,Friday,25634.56,25634.56
2025-10-31,ORD039835,CUST04964,P003,Headphones,Electronics,Surat,Online,UPI,3,4507.57,0.05,13522.71,12846.57,0,1005.75,2025,10,October,Friday,13522.71,12846.574499999999
2025-10-31,ORD027896,CUST03004,P010,Coffee Maker,Home,Kolkata,Online,UPI,2,5299.13,0.0,10598.26,10598.26,0,2071.23,2025,10,October,Friday,10598.26,10598.26
2025-10-31,ORD025938,CUST04686,P005,Office Chair,Furniture,Hyderabad,Online,UPI,1,8979.85,0.1,8979.85,8081.87,0,1538.52,2025,10,October,Friday,8979.85,8081.865000000001
2025-10-31,ORD048190,CUST01202,P016,Sofa,Furniture,Chennai,Online,Credit Card,4,36801.96,0.1,147207.84,132487.06,0,9105.41,2025,10,October,Friday,147207.84,132487.056
2025-10-31,ORD043312,CUST00890,P006,Desk,Furniture,Jaipur,Store,Net Banking,1,12516.84,0.0,12516.84,12516.84,0,1599.85,2025,10,October,Friday,12516.84,12516.84
2025-10-31,ORD046356,CUST04426,P007,Backpack,Accessories,Delhi,Online,UPI,2,2277.07,0.05,4554.14,4326.43,0,880.52,2025,10,October,Friday,4554.14,4326.433
2025-10-31,ORD027623,CUST03973,P009,T-Shirt,Fashion,Jaipur,Store,UPI,1,1197.04,0.2,1197.04,957.63,0,166.05,2025,10,October,Friday,1197.04,957.6320000000001
2025-10-31,ORD045715,CUST00573,P018,Jacket,Fashion,Jaipur,Online,Credit Card,3,5655.53,0.2,16966.59,13573.27,0,2134.36,2025,10,October,Friday,16966.59,13573.272
2025-10-31,ORD003620,CUST01910,P017,Jeans,Fashion,Hyderabad,Store,UPI,1,2989.23,0.0,2989.23,2989.23,0,314.66,2025,10,October,Friday,2989.23,2989.23
2025-10-31,ORD025966,CUST00678,P020,Microwave,Home,Jaipur,Store,Debit Card,2,10843.69,0.1,21687.38,19518.64,0,2500.69,2025,10,October,Friday,21687.38,19518.642
2025-10-31,ORD000979,CUST02746,P020,Microwave,Home,Bengaluru,Online,Net Banking,1,10621.92,0.0,10621.92,10621.92,0,1076.31,2025,10,October,Friday,10621.92,10621.92
2025-10-31,ORD005508,CUST00343,P013,Monitor,Electronics,Pune,Online,Net Banking,1,18241.47,0.05,18241.47,17329.4,0,1719.39,2025,10,October,Friday,18241.47,17329.3965
2025-10-31,ORD040944,CUST04301,P008,Running Shoes,Fashion,Bengaluru,Store,Cash,1,4427.8,0.0,4427.8,4427.8,0,855.99,2025,10,October,Friday,4427.8,4427.8
2025-10-31,ORD030256,CUST03072,P017,Jeans,Fashion,Surat,Online,UPI,1,2801.35,0.05,2801.35,2661.28,0,532.15,2025,10,October,Friday,2801.35,2661.2825
2025-10-31,ORD000023,CUST03437,P003,Headphones,Electronics,Mumbai,Store,Credit Card,2,4134.31,0.1,8268.62,7441.76,0,880.69,2025,10,October,Friday,8268.62,7441.758000000001
2025-10-31,ORD007724,CUST00570,P019,Vacuum Cleaner,Home,Hyderabad,Online,Net Banking,2,9613.33,0.05,19226.66,18265.33,0,2783.08,2025,10,October,Friday,19226.66,18265.326999999997
2025-10-31,ORD043203,CUST03773,P015,Dining Table,Furniture,Pune,Online,Net Banking,5,23240.84,0.1,116204.2,104583.78,0,23898.78,2025,10,October,Friday,116204.2,104583.78
2025-10-31,ORD019831,CUST03744,P014,Keyboard,Electronics,Mumbai,Store,Net Banking,2,2482.05,0.2,4964.1,3971.28,0,445.69,2025,10,October,Friday,4964.1,3971.2800000000007
2025-10-31,ORD032696,CUST01994,P013,Monitor,Electronics,Jaipur,Store,Cash,1,19564.2,0.15,19564.2,16629.57,0,3358.31,2025,10,October,Friday,19564.2,16629.57
2025-10-31,ORD039278,CUST04929,P010,Coffee Maker,Home,Ahmedabad,Online,Credit Card,2,5909.52,0.1,11819.04,10637.14,0,2759.06,2025,10,October,Friday,11819.04,10637.136
2025-10-31,ORD038924,CUST03586,P004,Smartwatch,Electronics,Mumbai,Store,Debit Card,3,7629.92,0.25,22889.76,17167.32,0,1397.97,2025,10,October,Friday,22889.760000000002,17167.32
2025-10-31,ORD033904,CUST01587,P013,Monitor,Electronics,Ahmedabad,Online,UPI,4,17369.83,0.25,69479.32,52109.49,1,-2605.47,2025,10,October,Friday,69479.32,52109.490000000005
2025-10-31,ORD048386,CUST03024,P008,Running Shoes,Fashion,Delhi,Online,UPI,1,4350.39,0.1,4350.39,3915.35,0,951.99,2025,10,October,Friday,4350.39,3915.3510000000006
2025-10-31,ORD022596,CUST02092,P020,Microwave,Home,Mumbai,Store,UPI,1,11032.93,0.15,11032.93,9377.99,0,1273.71,2025,10,October,Friday,11032.93,9377.9905
2025-10-31,ORD027832,CUST02964,P004,Smartwatch,Electronics,Chennai,Online,UPI,2,6624.14,0.25,13248.28,9936.21,0,1232.24,2025,10,October,Friday,13248.28,9936.210000000001
2025-10-31,ORD030693,CUST02060,P001,Laptop,Electronics,Mumbai,Store,Credit Card,1,66567.82,0.05,66567.82,63239.43,0,11384.25,2025,10,October,Friday,66567.82,63239.429000000004
2025-11-01,ORD049096,CUST01975,P017,Jeans,Fashion,Surat,Online,UPI,1,2711.19,0.25,2711.19,2033.39,0,210.12,2025,11,November,Saturday,2711.19,2033.3925
2025-11-01,ORD005268,CUST02806,P014,Keyboard,Electronics,Delhi,Online,Credit Card,1,2541.7,0.1,2541.7,2287.53,0,470.3,2025,11,November,Saturday,2541.7,2287.5299999999997
2025-11-01,ORD044681,CUST02275,P002,Smartphone,Electronics,Kolkata,Online,UPI,2,29151.0,0.1,58302.0,52471.8,0,6602.63,2025,11,November,Saturday,58302.0,52471.8
2025-11-01,ORD040515,CUST02052,P001,Laptop,Electronics,Ahmedabad,Online,UPI,1,65678.84,0.2,65678.84,52543.07,0,8151.24,2025,11,November,Saturday,65678.84,52543.072
2025-11-01,ORD010658,CUST01754,P002,Smartphone,Electronics,Kolkata,Store,UPI,2,29211.51,0.0,58423.02,58423.02,0,12068.48,2025,11,November,Saturday,58423.02,58423.02
2025-11-01,ORD024137,CUST01642,P001,Laptop,Electronics,Jaipur,Store,Debit Card,1,65415.26,0.1,65415.26,58873.73,0,3709.33,2025,11,November,Saturday,65415.26,58873.734000000004
2025-11-01,ORD004192,CUST00428,P016,Sofa,Furniture,Ahmedabad,Online,Debit Card,1,33075.58,0.2,33075.58,26460.46,0,3069.55,2025,11,November,Saturday,33075.58,26460.464000000004
2025-11-01,ORD001544,CUST04894,P013,Monitor,Electronics,Bengaluru,Store,Credit Card,1,18782.31,0.1,18782.31,16904.08,0,4263.05,2025,11,November,Saturday,18782.31,16904.079
2025-11-01,ORD017777,CUST02995,P012,Air Fryer,Home,Ahmedabad,Store,UPI,1,6887.2,0.0,6887.2,6887.2,0,1854.7,2025,11,November,Saturday,6887.2,6887.2
2025-11-01,ORD016300,CUST00296,P020,Microwave,Home,Jaipur,Store,UPI,1,10642.89,0.1,10642.89,9578.6,0,1173.86,2025,11,November,Saturday,10642.89,9578.601
2025-11-01,ORD021685,CUST01227,P002,Smartphone,Electronics,Bengaluru,Store,UPI,2,28643.62,0.1,57287.24,51558.52,0,11320.06,2025,11,November,Saturday,57287.24,51558.515999999996
2025-11-01,ORD014995,CUST03702,P005,Office Chair,Furniture,Mumbai,Online,UPI,2,8628.42,0.15,17256.84,14668.31,0,1286.62,2025,11,November,Saturday,17256.84,14668.314
2025-11-01,ORD024568,CUST00039,P008,Running Shoes,Fashion,Hyderabad,Online,UPI,1,3787.13,0.05,3787.13,3597.77,0,545.63,2025,11,November,Saturday,3787.13,3597.7735
2025-11-01,ORD033846,CUST04612,P009,T-Shirt,Fashion,Mumbai,Online,Credit Card,1,1277.62,0.05,1277.62,1213.74,0,336.92,2025,11,November,Saturday,1277.62,1213.7389999999998
2025-11-01,ORD014934,CUST03926,P010,Coffee Maker,Home,Chennai,Online,UPI,1,5923.01,0.05,5923.01,5626.86,0,1279.77,2025,11,November,Saturday,5923.01,5626.8595
2025-11-01,ORD027917,CUST04044,P010,Coffee Maker,Home,Kolkata,Online,UPI,2,5872.0,0.1,11744.0,10569.6,1,-528.48,2025,11,November,Saturday,11744.0,10569.6
2025-11-01,ORD027771,CUST00889,P002,Smartphone,Electronics,Surat,Online,Debit Card,1,29354.17,0.0,29354.17,29354.17,0,7392.09,2025,11,November,Saturday,29354.17,29354.17
2025-11-01,ORD029373,CUST00124,P013,Monitor,Electronics,Pune,Store,Credit Card,1,19222.88,0.0,19222.88,19222.88,0,4999.65,2025,11,November,Saturday,19222.88,19222.88
2025-11-01,ORD038685,CUST01630,P009,T-Shirt,Fashion,Surat,Online,Net Banking,5,1186.3,0.15,5931.5,5041.77,0,296.16,2025,11,November,Saturday,5931.5,5041.775
2025-11-01,ORD028327,CUST02440,P002,Smartphone,Electronics,Ahmedabad,Store,Debit Card,1,26272.87,0.0,26272.87,26272.87,0,5123.14,2025,11,November,Saturday,26272.87,26272.87
2025-11-01,ORD021755,CUST01277,P004,Smartwatch,Electronics,Kolkata,Online,UPI,2,6763.33,0.0,13526.66,13526.66,0,1752.74,2025,11,November,Saturday,13526.66,13526.66
2025-11-01,ORD005566,CUST02427,P008,Running Shoes,Fashion,Chennai,Online,Credit Card,1,4546.92,0.1,4546.92,4092.23,0,1058.83,2025,11,November,Saturday,4546.92,4092.228
2025-11-01,ORD011718,CUST03179,P008,Running Shoes,Fashion,Hyderabad,Online,Credit Card,1,3847.61,0.0,3847.61,3847.61,0,771.08,2025,11,November,Saturday,3847.61,3847.61
2025-11-01,ORD027211,CUST00946,P013,Monitor,Electronics,Pune,Online,Credit Card,3,18463.67,0.15,55391.01,47082.36,0,12118.21,2025,11,November,Saturday,55391.009999999995,47082.3585
2025-11-01,ORD009191,CUST03763,P002,Smartphone,Electronics,Pune,Store,UPI,2,28770.37,0.0,57540.74,57540.74,0,12635.0,2025,11,November,Saturday,57540.74,57540.74
2025-11-01,ORD035801,CUST02655,P014,Keyboard,Electronics,Pune,Store,UPI,1,2434.85,0.05,2434.85,2313.11,0,171.03,2025,11,November,Saturday,2434.85,2313.1074999999996
2025-11-01,ORD032421,CUST02905,P005,Office Chair,Furniture,Bengaluru,Online,UPI,1,9766.28,0.1,9766.28,8789.65,0,792.49,2025,11,November,Saturday,9766.28,8789.652
2025-11-01,ORD045659,CUST01106,P014,Keyboard,Electronics,Bengaluru,Store,UPI,1,2488.52,0.1,2488.52,2239.67,0,290.16,2025,11,November,Saturday,2488.52,2239.668
2025-11-01,ORD014032,CUST03629,P010,Coffee Maker,Home,Hyderabad,Online,UPI,5,5700.91,0.0,28504.55,28504.55,0,6064.58,2025,11,November,Saturday,28504.55,28504.55
2025-11-01,ORD034293,CUST00273,P013,Monitor,Electronics,Delhi,Store,Credit Card,1,17146.83,0.1,17146.83,15432.15,0,1906.2,2025,11,November,Saturday,17146.83,15432.147000000003
2025-11-01,ORD044762,CUST02062,P011,Mixer Grinder,Home,Jaipur,Store,UPI,2,5046.98,0.0,10093.96,10093.96,0,2259.15,2025,11,November,Saturday,10093.96,10093.96
2025-11-01,ORD049545,CUST02891,P020,Microwave,Home,Chennai,Online,UPI,1,10857.92,0.05,10857.92,10315.02,0,2820.04,2025,11,November,Saturday,10857.92,10315.024
2025-11-01,ORD023120,CUST01837,P011,Mixer Grinder,Home,Jaipur,Online,Credit Card,1,4541.42,0.1,4541.42,4087.28,0,572.8,2025,11,November,Saturday,4541.42,4087.2780000000002
2025-11-01,ORD013586,CUST02487,P006,Desk,Furniture,Surat,Online,UPI,1,12646.84,0.1,12646.84,11382.16,0,1629.09,2025,11,November,Saturday,12646.84,11382.156
2025-11-01,ORD031409,CUST00192,P018,Jacket,Fashion,Pune,Online,UPI,1,4900.6,0.05,4900.6,4655.57,0,554.29,2025,11,November,Saturday,4900.6,4655.57
2025-11-01,ORD007512,CUST01622,P008,Running Shoes,Fashion,Mumbai,Online,Credit Card,2,4332.19,0.0,8664.38,8664.38,0,2377.62,2025,11,November,Saturday,8664.38,8664.38
2025-11-01,ORD026785,CUST02648,P013,Monitor,Electronics,Jaipur,Online,Cash,1,17570.28,0.0,17570.28,17570.28,0,3026.46,2025,11,November,Saturday,17570.28,17570.28
2025-11-01,ORD017423,CUST01346,P011,Mixer Grinder,Home,Bengaluru,Store,UPI,3,4880.64,0.0,14641.92,14641.92,0,2310.79,2025,11,November,Saturday,14641.920000000002,14641.92
2025-11-01,ORD007784,CUST04821,P019,Vacuum Cleaner,Home,Chennai,Store,UPI,2,9483.93,0.05,18967.86,18019.47,0,2305.65,2025,11,November,Saturday,18967.86,18019.467
2025-11-01,ORD003276,CUST01023,P004,Smartwatch,Electronics,Surat,Online,Debit Card,1,6711.05,0.25,6711.05,5033.29,0,228.17,2025,11,November,Saturday,6711.05,5033.2875
2025-11-01,ORD024807,CUST00721,P005,Office Chair,Furniture,Chennai,Online,UPI,1,8808.07,0.05,8808.07,8367.67,0,1902.17,2025,11,November,Saturday,8808.07,8367.6665
2025-11-01,ORD047653,CUST00407,P008,Running Shoes,Fashion,Surat,Online,UPI,1,3948.22,0.15,3948.22,3355.99,0,317.23,2025,11,November,Saturday,3948.22,3355.9869999999996
2025-11-01,ORD047572,CUST02988,P013,Monitor,Electronics,Pune,Online,Credit Card,1,16782.8,0.0,16782.8,16782.8,0,3338.67,2025,11,November,Saturday,16782.8,16782.8
2025-11-01,ORD034089,CUST04181,P019,Vacuum Cleaner,Home,Surat,Online,UPI,2,9309.94,0.1,18619.88,16757.89,0,1300.86,2025,11,November,Saturday,18619.88,16757.892
2025-11-01,ORD046179,CUST00126,P001,Laptop,Electronics,Bengaluru,Online,Net Banking,3,70402.16,0.15,211206.48,179525.51,0,9722.59,2025,11,November,Saturday,211206.48,179525.508
2025-11-01,ORD043026,CUST02169,P007,Backpack,Accessories,Bengaluru,Online,Net Banking,3,2197.9,0.2,6593.7,5274.96,0,344.78,2025,11,November,Saturday,6593.700000000001,5274.96
2025-11-01,ORD017266,CUST00172,P003,Headphones,Electronics,Jaipur,Store,Cash,1,4239.55,0.1,4239.55,3815.6,0,1025.02,2025,11,November,Saturday,4239.55,3815.5950000000003
2025-11-01,ORD033019,CUST03899,P002,Smartphone,Electronics,Surat,Online,UPI,1,30494.67,0.05,30494.67,28969.94,0,3183.7,2025,11,November,Saturday,30494.67,28969.936499999996
2025-11-01,ORD034995,CUST03414,P012,Air Fryer,Home,Kolkata,Online,Debit Card,3,7510.19,0.1,22530.57,20277.51,0,1711.99,2025,11,November,Saturday,22530.57,20277.513
2025-11-01,ORD047671,CUST02563,P018,Jacket,Fashion,Ahmedabad,Store,Net Banking,1,4912.32,0.1,4912.32,4421.09,0,312.04,2025,11,November,Saturday,4912.32,4421.088
2025-11-01,ORD049988,CUST02657,P005,Office Chair,Furniture,Hyderabad,Store,Credit Card,1,9787.64,0.0,9787.64,9787.64,0,2789.57,2025,11,November,Saturday,9787.64,9787.64
2025-11-01,ORD006148,CUST03044,P005,Office Chair,Furniture,Jaipur,Online,UPI,1,9045.27,0.0,9045.27,9045.27,0,1165.51,2025,11,November,Saturday,9045.27,9045.27
2025-11-01,ORD024022,CUST00944,P016,Sofa,Furniture,Bengaluru,Store,Credit Card,1,35350.78,0.0,35350.78,35350.78,1,-1767.54,2025,11,November,Saturday,35350.78,35350.78
2025-11-01,ORD024101,CUST02110,P006,Desk,Furniture,Delhi,Store,UPI,1,11571.8,0.0,11571.8,11571.8,0,3052.07,2025,11,November,Saturday,11571.8,11571.8
2025-11-01,ORD047009,CUST02009,P010,Coffee Maker,Home,Hyderabad,Store,Credit Card,1,5500.47,0.2,5500.47,4400.38,0,1050.33,2025,11,November,Saturday,5500.47,4400.376
2025-11-01,ORD033203,CUST03741,P014,Keyboard,Electronics,Mumbai,Store,Cash,1,2728.57,0.0,2728.57,2728.57,0,581.65,2025,11,November,Saturday,2728.57,2728.57
2025-11-01,ORD008585,CUST04672,P002,Smartphone,Electronics,Delhi,Online,Net Banking,1,26120.14,0.15,26120.14,22202.12,0,1676.89,2025,11,November,Saturday,26120.14,22202.119
2025-11-01,ORD037950,CUST01542,P008,Running Shoes,Fashion,Mumbai,Store,Debit Card,1,4527.41,0.05,4527.41,4301.04,0,784.36,2025,11,November,Saturday,4527.41,4301.0395
2025-11-01,ORD004401,CUST03737,P010,Coffee Maker,Home,Kolkata,Online,Cash,1,5370.05,0.05,5370.05,5101.55,0,1452.86,2025,11,November,Saturday,5370.05,5101.5475
2025-11-01,ORD024985,CUST02863,P017,Jeans,Fashion,Ahmedabad,Store,Debit Card,1,2852.66,0.1,2852.66,2567.39,0,662.11,2025,11,November,Saturday,2852.66,2567.394
2025-11-01,ORD009449,CUST00706,P009,T-Shirt,Fashion,Surat,Online,Net Banking,1,1295.2,0.15,1295.2,1100.92,0,255.42,2025,11,November,Saturday,1295.2,1100.92
2025-11-01,ORD006423,CUST00474,P008,Running Shoes,Fashion,Hyderabad,Online,Credit Card,4,4138.59,0.05,16554.36,15726.64,0,3407.5,2025,11,November,Saturday,16554.36,15726.642
2025-11-01,ORD029297,CUST03433,P010,Coffee Maker,Home,Chennai,Online,Credit Card,1,5430.06,0.0,5430.06,5430.06,0,1556.81,2025,11,November,Saturday,5430.06,5430.06
2025-11-02,ORD029556,CUST00652,P019,Vacuum Cleaner,Home,Kolkata,Online,Credit Card,2,9658.18,0.1,19316.36,17384.72,0,4046.73,2025,11,November,Sunday,19316.36,17384.724000000002
2025-11-02,ORD008557,CUST01653,P005,Office Chair,Furniture,Kolkata,Store,UPI,1,9329.19,0.1,9329.19,8396.27,0,2265.31,2025,11,November,Sunday,9329.19,8396.271
2025-11-02,ORD014196,CUST01664,P015,Dining Table,Furniture,Bengaluru,Online,UPI,1,22495.9,0.1,22495.9,20246.31,0,5242.04,2025,11,November,Sunday,22495.9,20246.31
2025-11-02,ORD005112,CUST04979,P010,Coffee Maker,Home,Mumbai,Store,UPI,1,5085.03,0.05,5085.03,4830.78,0,1220.53,2025,11,November,Sunday,5085.03,4830.778499999999
2025-11-02,ORD006868,CUST02114,P008,Running Shoes,Fashion,Hyderabad,Online,Credit Card,1,3930.05,0.2,3930.05,3144.04,0,788.25,2025,11,November,Sunday,3930.05,3144.0400000000004
2025-11-02,ORD046369,CUST00309,P006,Desk,Furniture,Surat,Online,Debit Card,3,12588.38,0.05,37765.14,35876.88,0,6389.57,2025,11,November,Sunday,37765.14,35876.882999999994
2025-11-02,ORD031222,CUST02249,P019,Vacuum Cleaner,Home,Hyderabad,Online,UPI,4,9128.08,0.05,36512.32,34686.7,0,9606.73,2025,11,November,Sunday,36512.32,34686.704
2025-11-02,ORD043862,CUST03954,P018,Jacket,Fashion,Ahmedabad,Store,Credit Card,1,5035.55,0.0,5035.55,5035.55,0,1447.22,2025,11,November,Sunday,5035.55,5035.55
2025-11-02,ORD035630,CUST02984,P019,Vacuum Cleaner,Home,Delhi,Online,Debit Card,2,8728.06,0.05,17456.12,16583.31,0,1896.48,2025,11,November,Sunday,17456.12,16583.314
2025-11-02,ORD042294,CUST02765,P015,Dining Table,Furniture,Bengaluru,Online,UPI,1,23242.86,0.1,23242.86,20918.57,0,1758.51,2025,11,November,Sunday,23242.86,20918.574
2025-11-02,ORD014700,CUST04032,P004,Smartwatch,Electronics,Delhi,Store,Credit Card,1,6904.58,0.1,6904.58,6214.12,0,1642.72,2025,11,November,Sunday,6904.58,6214.122
2025-11-02,ORD001973,CUST03639,P014,Keyboard,Electronics,Ahmedabad,Store,Credit Card,1,2615.0,0.0,2615.0,2615.0,0,408.62,2025,11,November,Sunday,2615.0,2615.0
2025-11-02,ORD044445,CUST02540,P020,Microwave,Home,Hyderabad,Store,UPI,2,10447.64,0.1,20895.28,18805.75,0,2938.59,2025,11,November,Sunday,20895.28,18805.752
2025-11-02,ORD030715,CUST03338,P016,Sofa,Furniture,Ahmedabad,Online,Cash,1,36552.45,0.05,36552.45,34724.83,0,5876.75,2025,11,November,Sunday,36552.45,34724.82749999999
2025-11-02,ORD030114,CUST03302,P020,Microwave,Home,Jaipur,Online,Debit Card,1,10665.71,0.15,10665.71,9065.85,0,1357.28,2025,11,November,Sunday,10665.71,9065.8535
2025-11-02,ORD017220,CUST01019,P001,Laptop,Electronics,Mumbai,Store,UPI,1,69553.69,0.1,69553.69,62598.32,0,9381.15,2025,11,November,Sunday,69553.69,62598.321
2025-11-02,ORD044213,CUST01010,P015,Dining Table,Furniture,Chennai,Online,UPI,1,23474.89,0.1,23474.89,21127.4,0,2576.93,2025,11,November,Sunday,23474.89,21127.401
2025-11-02,ORD031827,CUST02335,P010,Coffee Maker,Home,Chennai,Store,Net Banking,2,5425.37,0.1,10850.74,9765.67,0,2441.39,2025,11,November,Sunday,10850.74,9765.666
2025-11-02,ORD042112,CUST01350,P005,Office Chair,Furniture,Delhi,Store,Net Banking,1,10262.09,0.05,10262.09,9748.99,0,781.11,2025,11,November,Sunday,10262.09,9748.985499999999
2025-11-02,ORD028049,CUST03945,P007,Backpack,Accessories,Jaipur,Online,Debit Card,3,2362.14,0.0,7086.42,7086.42,0,1706.93,2025,11,November,Sunday,7086.42,7086.42
2025-11-02,ORD013151,CUST03437,P013,Monitor,Electronics,Chennai,Online,UPI,2,17790.12,0.0,35580.24,35580.24,0,3548.13,2025,11,November,Sunday,35580.24,35580.24
2025-11-02,ORD045175,CUST00625,P005,Office Chair,Furniture,Pune,Online,UPI,2,9830.5,0.05,19661.0,18677.95,0,2197.36,2025,11,November,Sunday,19661.0,18677.95
2025-11-02,ORD024706,CUST01499,P013,Monitor,Electronics,Chennai,Store,Debit Card,5,16437.11,0.1,82185.55,73967.0,0,10869.68,2025,11,November,Sunday,82185.55,73966.99500000001
2025-11-02,ORD003987,CUST04848,P019,Vacuum Cleaner,Home,Ahmedabad,Store,Net Banking,2,9846.12,0.05,19692.24,18707.63,0,3645.68,2025,11,November,Sunday,19692.24,18707.628
2025-11-02,ORD003910,CUST00694,P011,Mixer Grinder,Home,Pune,Online,Credit Card,4,5210.93,0.05,20843.72,19801.53,0,1896.96,2025,11,November,Sunday,20843.72,19801.534
2025-11-02,ORD011709,CUST00793,P017,Jeans,Fashion,Hyderabad,Store,UPI,1,2814.5,0.15,2814.5,2392.32,0,257.13,2025,11,November,Sunday,2814.5,2392.325
2025-11-02,ORD026195,CUST00322,P013,Monitor,Electronics,Jaipur,Online,Credit Card,1,16543.16,0.1,16543.16,14888.84,0,2423.43,2025,11,November,Sunday,16543.16,14888.844000000001
2025-11-02,ORD008300,CUST02235,P011,Mixer Grinder,Home,Mumbai,Store,UPI,1,4992.87,0.1,4992.87,4493.58,0,426.98,2025,11,November,Sunday,4992.87,4493.583
2025-11-02,ORD027454,CUST04056,P008,Running Shoes,Fashion,Jaipur,Store,Debit Card,1,4605.23,0.1,4605.23,4144.71,0,279.48,2025,11,November,Sunday,4605.23,4144.706999999999
2025-11-02,ORD045589,CUST03007,P010,Coffee Maker,Home,Kolkata,Online,Cash,1,5391.58,0.0,5391.58,5391.58,1,-269.58,2025,11,November,Sunday,5391.58,5391.58
2025-11-02,ORD036081,CUST02569,P009,T-Shirt,Fashion,Kolkata,Online,Credit Card,1,1198.56,0.05,1198.56,1138.63,0,284.33,2025,11,November,Sunday,1198.56,1138.6319999999998
2025-11-02,ORD021355,CUST04747,P014,Keyboard,Electronics,Surat,Online,Cash,2,2583.38,0.15,5166.76,4391.75,1,-219.59,2025,11,November,Sunday,5166.76,4391.746
2025-11-02,ORD040351,CUST04956,P010,Coffee Maker,Home,Jaipur,Online,UPI,4,5525.12,0.1,22100.48,19890.43,1,-994.52,2025,11,November,Sunday,22100.48,19890.432
2025-11-02,ORD036367,CUST01173,P011,Mixer Grinder,Home,Surat,Store,UPI,1,4454.74,0.05,4454.74,4232.0,0,1226.34,2025,11,November,Sunday,4454.74,4232.003
2025-11-02,ORD040899,CUST02638,P003,Headphones,Electronics,Chennai,Store,UPI,1,4101.95,0.1,4101.95,3691.76,0,815.07,2025,11,November,Sunday,4101.95,3691.755
2025-11-02,ORD010106,CUST01572,P005,Office Chair,Furniture,Hyderabad,Store,Net Banking,1,8624.95,0.1,8624.95,7762.46,0,1110.3,2025,11,November,Sunday,8624.95,7762.455000000001
2025-11-02,ORD046957,CUST04447,P013,Monitor,Electronics,Surat,Online,Debit Card,1,16629.25,0.25,16629.25,12471.94,1,-623.6,2025,11,November,Sunday,16629.25,12471.9375
2025-11-02,ORD015353,CUST04774,P019,Vacuum Cleaner,Home,Hyderabad,Store,Credit Card,4,9148.59,0.2,36594.36,29275.49,0,2961.86,2025,11,November,Sunday,36594.36,29275.488
2025-11-02,ORD015923,CUST00075,P008,Running Shoes,Fashion,Ahmedabad,Store,UPI,2,4478.89,0.1,8957.78,8062.0,0,805.3,2025,11,November,Sunday,8957.78,8062.002
2025-11-02,ORD020699,CUST04264,P006,Desk,Furniture,Chennai,Online,UPI,2,11140.38,0.15,22280.76,18938.65,0,3444.39,2025,11,November,Sunday,22280.76,18938.645999999997
2025-11-02,ORD048860,CUST00382,P001,Laptop,Electronics,Bengaluru,Store,UPI,1,65090.78,0.25,65090.78,48818.08,0,7719.17,2025,11,November,Sunday,65090.78,48818.085
2025-11-02,ORD011900,CUST02351,P017,Jeans,Fashion,Chennai,Store,Credit Card,2,2585.03,0.1,5170.06,4653.05,0,715.09,2025,11,November,Sunday,5170.06,4653.054
2025-11-02,ORD043664,CUST04728,P018,Jacket,Fashion,Bengaluru,Online,Credit Card,1,5431.27,0.15,5431.27,4616.58,0,1106.26,2025,11,November,Sunday,5431.27,4616.5795
2025-11-02,ORD002160,CUST02315,P004,Smartwatch,Electronics,Ahmedabad,Store,Net Banking,2,6654.95,0.1,13309.9,11978.91,0,863.05,2025,11,November,Sunday,13309.9,11978.91
2025-11-02,ORD026915,CUST01938,P017,Jeans,Fashion,Delhi,Store,Debit Card,5,2599.27,0.1,12996.35,11696.72,0,2154.45,2025,11,November,Sunday,12996.35,11696.715
2025-11-02,ORD029974,CUST00999,P011,Mixer Grinder,Home,Delhi,Online,Cash,1,5044.32,0.05,5044.32,4792.1,0,398.01,2025,11,November,Sunday,5044.32,4792.103999999999
2025-11-02,ORD041817,CUST00855,P020,Microwave,Home,Kolkata,Store,Credit Card,2,11668.06,0.15,23336.12,19835.7,0,2151.37,2025,11,November,Sunday,23336.12,19835.701999999997
2025-11-02,ORD021838,CUST03398,P006,Desk,Furniture,Ahmedabad,Online,Credit Card,1,12969.06,0.05,12969.06,12320.61,0,3329.25,2025,11,November,Sunday,12969.06,12320.606999999998
2025-11-02,ORD041889,CUST04432,P003,Headphones,Electronics,Mumbai,Online,Debit Card,4,4726.68,0.0,18906.72,18906.72,0,4725.28,2025,11,November,Sunday,18906.72,18906.72
2025-11-02,ORD022613,CUST03211,P020,Microwave,Home,Ahmedabad,Online,UPI,1,10902.62,0.15,10902.62,9267.23,0,680.79,2025,11,November,Sunday,10902.62,9267.227
2025-11-02,ORD020480,CUST04767,P006,Desk,Furniture,Kolkata,Online,Credit Card,1,11078.24,0.1,11078.24,9970.42,0,2187.74,2025,11,November,Sunday,11078.24,9970.416
2025-11-02,ORD028533,CUST01630,P004,Smartwatch,Electronics,Surat,Store,Credit Card,2,6677.38,0.0,13354.76,13354.76,0,2051.31,2025,11,November,Sunday,13354.76,13354.76
2025-11-02,ORD019053,CUST03514,P013,Monitor,Electronics,Kolkata,Online,UPI,2,18169.5,0.25,36339.0,27254.25,0,4012.02,2025,11,November,Sunday,36339.0,27254.25
2025-11-02,ORD016211,CUST02483,P004,Smartwatch,Electronics,Hyderabad,Store,UPI,2,7475.3,0.05,14950.6,14203.07,0,1887.03,2025,11,November,Sunday,14950.6,14203.07
2025-11-02,ORD048997,CUST03195,P017,Jeans,Fashion,Pune,Online,Credit Card,1,2819.49,0.2,2819.49,2255.59,0,563.54,2025,11,November,Sunday,2819.49,2255.592
2025-11-02,ORD014852,CUST01408,P014,Keyboard,Electronics,Ahmedabad,Online,UPI,1,2746.3,0.05,2746.3,2608.98,0,461.49,2025,11,November,Sunday,2746.3,2608.985
2025-11-02,ORD025571,CUST00995,P016,Sofa,Furniture,Kolkata,Store,UPI,1,35891.48,0.0,35891.48,35891.48,0,6993.07,2025,11,November,Sunday,35891.48,35891.48
2025-11-02,ORD022202,CUST00037,P002,Smartphone,Electronics,Jaipur,Online,Debit Card,1,27771.9,0.05,27771.9,26383.3,0,6534.83,2025,11,November,Sunday,27771.9,26383.305
2025-11-02,ORD003687,CUST01017,P011,Mixer Grinder,Home,Jaipur,Online,Debit Card,2,5016.26,0.1,10032.52,9029.27,0,689.75,2025,11,November,Sunday,10032.52,9029.268
2025-11-02,ORD024436,CUST04100,P001,Laptop,Electronics,Mumbai,Online,Credit Card,1,65725.57,0.0,65725.57,65725.57,0,17243.7,2025,11,November,Sunday,65725.57,65725.57
2025-11-02,ORD028526,CUST04220,P019,Vacuum Cleaner,Home,Ahmedabad,Store,UPI,1,9398.08,0.1,9398.08,8458.27,0,1582.31,2025,11,November,Sunday,9398.08,8458.272
2025-11-02,ORD040468,CUST00987,P006,Desk,Furniture,Pune,Online,UPI,1,11183.36,0.15,11183.36,9505.86,0,2539.85,2025,11,November,Sunday,11183.36,9505.856
2025-11-02,ORD020917,CUST03177,P008,Running Shoes,Fashion,Mumbai,Store,UPI,4,4413.09,0.1,17652.36,15887.12,0,1939.27,2025,11,November,Sunday,17652.36,15887.124000000002
2025-11-02,ORD002955,CUST01772,P008,Running Shoes,Fashion,Pune,Store,UPI,2,4024.01,0.0,8048.02,8048.02,0,823.21,2025,11,November,Sunday,8048.02,8048.02
2025-11-02,ORD019044,CUST00217,P009,T-Shirt,Fashion,Chennai,Online,Debit Card,1,1249.63,0.1,1249.63,1124.67,0,306.58,2025,11,November,Sunday,1249.63,1124.6670000000001
2025-11-02,ORD032139,CUST03548,P009,T-Shirt,Fashion,Ahmedabad,Store,Debit Card,2,1201.46,0.05,2402.92,2282.77,0,630.35,2025,11,November,Sunday,2402.92,2282.774
2025-11-02,ORD005050,CUST01139,P020,Microwave,Home,Ahmedabad,Online,UPI,2,11830.11,0.0,23660.22,23660.22,0,6688.04,2025,11,November,Sunday,23660.22,23660.22
2025-11-02,ORD026356,CUST04301,P007,Backpack,Accessories,Kolkata,Online,UPI,1,2184.02,0.15,2184.02,1856.42,0,433.94,2025,11,November,Sunday,2184.02,1856.417
2025-11-02,ORD004202,CUST04105,P020,Microwave,Home,Mumbai,Store,Net Banking,1,12065.96,0.1,12065.96,10859.36,0,1968.17,2025,11,November,Sunday,12065.96,10859.364
2025-11-02,ORD044284,CUST00779,P019,Vacuum Cleaner,Home,Pune,Online,UPI,1,8300.99,0.1,8300.99,7470.89,0,950.48,2025,11,November,Sunday,8300.99,7470.891
2025-11-02,ORD017072,CUST03801,P015,Dining Table,Furniture,Pune,Online,UPI,1,20262.89,0.1,20262.89,18236.6,0,5005.43,2025,11,November,Sunday,20262.89,18236.601
2025-11-02,ORD046955,CUST02531,P001,Laptop,Electronics,Bengaluru,Online,Credit Card,1,63976.73,0.0,63976.73,63976.73,0,11560.72,2025,11,November,Sunday,63976.73,63976.73
2025-11-03,ORD012508,CUST03581,P005,Office Chair,Furniture,Chennai,Online,Net Banking,2,9875.49,0.05,19750.98,18763.43,0,2484.39,2025,11,November,Monday,19750.98,18763.431
2025-11-03,ORD033661,CUST02343,P016,Sofa,Furniture,Delhi,Store,Credit Card,1,34106.44,0.05,34106.44,32401.12,0,9045.71,2025,11,November,Monday,34106.44,32401.118000000002
2025-11-03,ORD021354,CUST03792,P012,Air Fryer,Home,Chennai,Online,Debit Card,1,7179.61,0.1,7179.61,6461.65,0,1098.15,2025,11,November,Monday,7179.61,6461.648999999999
2025-11-03,ORD020106,CUST01725,P007,Backpack,Accessories,Chennai,Store,Net Banking,1,2054.43,0.1,2054.43,1848.99,1,-92.45,2025,11,November,Monday,2054.43,1848.9869999999999
2025-11-03,ORD046471,CUST03968,P006,Desk,Furniture,Delhi,Online,UPI,1,12689.58,0.15,12689.58,10786.14,0,1367.03,2025,11,November,Monday,12689.58,10786.143
2025-11-03,ORD003309,CUST03658,P002,Smartphone,Electronics,Jaipur,Online,UPI,1,28039.09,0.05,28039.09,26637.14,0,7690.83,2025,11,November,Monday,28039.09,26637.1355
2025-11-03,ORD016545,CUST00800,P018,Jacket,Fashion,Surat,Store,UPI,1,5027.24,0.05,5027.24,4775.88,0,1313.36,2025,11,November,Monday,5027.24,4775.878
2025-11-03,ORD009808,CUST00675,P002,Smartphone,Electronics,Hyderabad,Store,Net Banking,2,29967.02,0.15,59934.04,50943.93,1,-2547.2,2025,11,November,Monday,59934.04,50943.934
2025-11-03,ORD001903,CUST03975,P013,Monitor,Electronics,Bengaluru,Online,Debit Card,1,17385.39,0.1,17385.39,15646.85,0,3563.29,2025,11,November,Monday,17385.39,15646.851
2025-11-03,ORD049891,CUST00723,P008,Running Shoes,Fashion,Surat,Store,UPI,3,4350.72,0.15,13052.16,11094.34,0,770.01,2025,11,November,Monday,13052.16,11094.336
2025-11-03,ORD039382,CUST00689,P010,Coffee Maker,Home,Delhi,Online,UPI,1,5647.66,0.1,5647.66,5082.89,0,464.87,2025,11,November,Monday,5647.66,5082.894
2025-11-03,ORD005058,CUST02336,P018,Jacket,Fashion,Delhi,Store,Debit Card,1,5301.19,0.1,5301.19,4771.07,0,1291.41,2025,11,November,Monday,5301.19,4771.071
2025-11-03,ORD030668,CUST04501,P020,Microwave,Home,Mumbai,Store,Debit Card,1,11325.8,0.05,11325.8,10759.51,0,2817.48,2025,11,November,Monday,11325.8,10759.509999999998
2025-11-03,ORD048759,CUST02846,P004,Smartwatch,Electronics,Hyderabad,Online,Cash,1,7449.07,0.25,7449.07,5586.8,0,231.38,2025,11,November,Monday,7449.07,5586.8025
2025-11-03,ORD024870,CUST02533,P015,Dining Table,Furniture,Jaipur,Store,UPI,4,23039.81,0.15,92159.24,78335.35,0,11305.39,2025,11,November,Monday,92159.24,78335.354
2025-11-03,ORD038096,CUST04789,P015,Dining Table,Furniture,Hyderabad,Online,UPI,2,23991.25,0.05,47982.5,45583.38,0,4380.04,2025,11,November,Monday,47982.5,45583.375
2025-11-03,ORD002824,CUST02117,P004,Smartwatch,Electronics,Ahmedabad,Store,Credit Card,5,7365.2,0.1,36826.0,33143.4,0,5769.23,2025,11,November,Monday,36826.0,33143.4
2025-11-03,ORD019425,CUST02223,P018,Jacket,Fashion,Ahmedabad,Online,Credit Card,2,5056.96,0.05,10113.92,9608.22,0,725.99,2025,11,November,Monday,10113.92,9608.224
2025-11-03,ORD015363,CUST02764,P011,Mixer Grinder,Home,Pune,Online,UPI,1,5011.99,0.05,5011.99,4761.39,0,742.84,2025,11,November,Monday,5011.99,4761.3904999999995
2025-11-03,ORD021453,CUST04522,P012,Air Fryer,Home,Pune,Online,Credit Card,2,7432.23,0.15,14864.46,12634.79,0,1769.79,2025,11,November,Monday,14864.46,12634.791
2025-11-03,ORD003231,CUST00767,P008,Running Shoes,Fashion,Chennai,Store,Debit Card,3,4143.85,0.1,12431.55,11188.4,0,2531.52,2025,11,November,Monday,12431.550000000001,11188.395
2025-11-03,ORD011611,CUST03419,P008,Running Shoes,Fashion,Chennai,Online,UPI,3,3943.35,0.05,11830.05,11238.55,0,1484.77,2025,11,November,Monday,11830.05,11238.547499999999
2025-11-03,ORD023245,CUST02229,P002,Smartphone,Electronics,Pune,Online,Credit Card,1,26743.51,0.15,26743.51,22731.98,1,-1136.6,2025,11,November,Monday,26743.51,22731.9835
2025-11-03,ORD025651,CUST02380,P014,Keyboard,Electronics,Hyderabad,Online,UPI,4,2528.38,0.1,10113.52,9102.17,0,972.49,2025,11,November,Monday,10113.52,9102.168000000001
2025-11-03,ORD020296,CUST00285,P019,Vacuum Cleaner,Home,Chennai,Online,Credit Card,1,8763.49,0.05,8763.49,8325.32,0,1962.62,2025,11,November,Monday,8763.49,8325.315499999999
2025-11-03,ORD025154,CUST01112,P015,Dining Table,Furniture,Surat,Store,Cash,4,22205.95,0.1,88823.8,79941.42,0,17947.74,2025,11,November,Monday,88823.8,79941.42
2025-11-03,ORD027440,CUST00229,P006,Desk,Furniture,Chennai,Store,UPI,2,12168.74,0.1,24337.48,21903.73,0,4012.48,2025,11,November,Monday,24337.48,21903.732
2025-11-03,ORD037099,CUST02632,P005,Office Chair,Furniture,Delhi,Online,UPI,2,9232.97,0.0,18465.94,18465.94,0,4980.55,2025,11,November,Monday,18465.94,18465.94
2025-11-03,ORD032278,CUST03946,P014,Keyboard,Electronics,Chennai,Store,UPI,1,2356.04,0.1,2356.04,2120.44,0,319.7,2025,11,November,Monday,2356.04,2120.436
2025-11-03,ORD016285,CUST01256,P009,T-Shirt,Fashion,Bengaluru,Store,Net Banking,1,1143.22,0.1,1143.22,1028.9,1,-51.45,2025,11,November,Monday,1143.22,1028.8980000000001
2025-11-03,ORD038356,CUST01898,P012,Air Fryer,Home,Ahmedabad,Store,UPI,1,7757.32,0.1,7757.32,6981.59,0,1432.25,2025,11,November,Monday,7757.32,6981.588
2025-11-03,ORD019540,CUST04094,P004,Smartwatch,Electronics,Surat,Store,UPI,2,6503.13,0.05,13006.26,12355.95,0,1590.11,2025,11,November,Monday,13006.26,12355.947
2025-11-03,ORD012237,CUST00652,P016,Sofa,Furniture,Surat,Online,Debit Card,1,37247.82,0.15,37247.82,31660.65,0,6173.78,2025,11,November,Monday,37247.82,31660.646999999997
2025-11-03,ORD037410,CUST00654,P007,Backpack,Accessories,Hyderabad,Online,Credit Card,2,2132.23,0.25,4264.46,3198.34,0,695.99,2025,11,November,Monday,4264.46,3198.3450000000003
2025-11-03,ORD014307,CUST00423,P004,Smartwatch,Electronics,Bengaluru,Store,Debit Card,3,6744.05,0.1,20232.15,18208.94,0,4231.13,2025,11,November,Monday,20232.15,18208.935
2025-11-03,ORD014193,CUST01745,P013,Monitor,Electronics,Mumbai,Store,UPI,4,16615.99,0.15,66463.96,56494.37,0,7276.8,2025,11,November,Monday,66463.96,56494.366
2025-11-03,ORD037386,CUST03546,P006,Desk,Furniture,Surat,Store,UPI,1,10804.28,0.1,10804.28,9723.85,0,2347.95,2025,11,November,Monday,10804.28,9723.852
2025-11-03,ORD030503,CUST01959,P010,Coffee Maker,Home,Delhi,Online,UPI,1,5949.92,0.15,5949.92,5057.43,0,669.04,2025,11,November,Monday,5949.92,5057.432
2025-11-03,ORD023296,CUST02917,P014,Keyboard,Electronics,Pune,Store,UPI,2,2562.84,0.1,5125.68,4613.11,0,1097.58,2025,11,November,Monday,5125.68,4613.112
2025-11-03,ORD009267,CUST02651,P015,Dining Table,Furniture,Delhi,Store,Debit Card,1,19832.86,0.05,19832.86,18841.22,0,2832.8,2025,11,November,Monday,19832.86,18841.217
2025-11-03,ORD045273,CUST00150,P016,Sofa,Furniture,Ahmedabad,Online,UPI,1,32829.79,0.05,32829.79,31188.3,0,7097.78,2025,11,November,Monday,32829.79,31188.300499999998
2025-11-03,ORD038313,CUST03916,P018,Jacket,Fashion,Kolkata,Online,Credit Card,1,5083.39,0.15,5083.39,4320.88,0,307.39,2025,11,November,Monday,5083.39,4320.8815
2025-11-03,ORD002703,CUST04205,P003,Headphones,Electronics,Delhi,Store,UPI,3,4798.48,0.05,14395.44,13675.67,0,2490.29,2025,11,November,Monday,14395.439999999999,13675.668
2025-11-03,ORD021407,CUST02932,P009,T-Shirt,Fashion,Jaipur,Online,UPI,1,1269.1,0.1,1269.1,1142.19,0,119.84,2025,11,November,Monday,1269.1,1142.19
2025-11-03,ORD024597,CUST00211,P011,Mixer Grinder,Home,Kolkata,Store,Net Banking,1,4530.12,0.15,4530.12,3850.6,0,516.88,2025,11,November,Monday,4530.12,3850.602
2025-11-03,ORD041915,CUST02447,P006,Desk,Furniture,Bengaluru,Store,Credit Card,1,12565.47,0.1,12565.47,11308.92,0,1562.99,2025,11,November,Monday,12565.47,11308.922999999999
2025-11-03,ORD001741,CUST02938,P016,Sofa,Furniture,Jaipur,Online,Net Banking,1,33474.06,0.15,33474.06,28452.95,0,2337.97,2025,11,November,Monday,33474.06,28452.950999999997
2025-11-03,ORD049354,CUST00594,P007,Backpack,Accessories,Pune,Online,Net Banking,1,2377.08,0.2,2377.08,1901.66,0,212.15,2025,11,November,Monday,2377.08,1901.664
2025-11-03,ORD018507,CUST03166,P004,Smartwatch,Electronics,Jaipur,Store,Cash,4,6412.92,0.15,25651.68,21803.93,0,2132.69,2025,11,November,Monday,25651.68,21803.928
2025-11-03,ORD033212,CUST03863,P001,Laptop,Electronics,Kolkata,Store,UPI,1,66834.79,0.05,66834.79,63493.05,0,14961.21,2025,11,November,Monday,66834.79,63493.05049999999
2025-11-03,ORD016830,CUST04752,P004,Smartwatch,Electronics,Hyderabad,Online,UPI,2,6846.58,0.15,13693.16,11639.19,0,3119.15,2025,11,November,Monday,13693.16,11639.186
2025-11-03,ORD046255,CUST00713,P013,Monitor,Electronics,Kolkata,Online,Net Banking,1,19159.47,0.15,19159.47,16285.55,0,3585.41,2025,11,November,Monday,19159.47,16285.549500000001
2025-11-03,ORD048066,CUST04150,P004,Smartwatch,Electronics,Hyderabad,Online,Credit Card,1,6586.79,0.1,6586.79,5928.11,0,610.38,2025,11,November,Monday,6586.79,5928.111
2025-11-03,ORD014960,CUST03522,P003,Headphones,Electronics,Hyderabad,Store,UPI,3,4292.26,0.1,12876.78,11589.1,0,3122.84,2025,11,November,Monday,12876.78,11589.102
2025-11-03,ORD043733,CUST02312,P019,Vacuum Cleaner,Home,Pune,Store,UPI,2,8336.16,0.1,16672.32,15005.09,0,3624.8,2025,11,November,Monday,16672.32,15005.088
2025-11-03,ORD036644,CUST01820,P012,Air Fryer,Home,Surat,Online,Cash,1,6870.77,0.15,6870.77,5840.15,0,838.44,2025,11,November,Monday,6870.77,5840.154500000001
2025-11-03,ORD043268,CUST02287,P008,Running Shoes,Fashion,Chennai,Store,UPI,1,4397.88,0.15,4397.88,3738.2,0,897.37,2025,11,November,Monday,4397.88,3738.198
2025-11-03,ORD040503,CUST02480,P007,Backpack,Accessories,Kolkata,Online,UPI,1,2083.17,0.25,2083.17,1562.38,0,62.5,2025,11,November,Monday,2083.17,1562.3775
2025-11-03,ORD048035,CUST02427,P015,Dining Table,Furniture,Surat,Online,Net Banking,2,20747.44,0.1,41494.88,37345.39,0,9392.49,2025,11,November,Monday,41494.88,37345.392
2025-11-03,ORD031596,CUST01467,P015,Dining Table,Furniture,Pune,Store,UPI,1,23293.04,0.05,23293.04,22128.39,0,6332.15,2025,11,November,Monday,23293.04,22128.388
2025-11-03,ORD041042,CUST02803,P010,Coffee Maker,Home,Chennai,Online,Cash,3,5727.51,0.15,17182.53,14605.15,0,1809.47,2025,11,November,Monday,17182.53,14605.150499999998
2025-11-03,ORD035195,CUST02009,P018,Jacket,Fashion,Pune,Store,Credit Card,1,4843.89,0.0,4843.89,4843.89,0,1198.8,2025,11,November,Monday,4843.89,4843.89
2025-11-03,ORD042933,CUST02559,P002,Smartphone,Electronics,Chennai,Store,Debit Card,4,30213.59,0.0,120854.36,120854.36,0,35109.55,2025,11,November,Monday,120854.36,120854.36
2025-11-03,ORD022487,CUST04616,P013,Monitor,Electronics,Mumbai,Online,UPI,1,19384.89,0.1,19384.89,17446.4,0,2269.11,2025,11,November,Monday,19384.89,17446.401
2025-11-03,ORD033222,CUST01156,P017,Jeans,Fashion,Kolkata,Online,Credit Card,2,2736.31,0.2,5472.62,4378.1,0,264.96,2025,11,November,Monday,5472.62,4378.0960000000005
2025-11-03,ORD011313,CUST01177,P004,Smartwatch,Electronics,Jaipur,Online,Credit Card,1,7631.22,0.0,7631.22,7631.22,1,-381.56,2025,11,November,Monday,7631.22,7631.22
2025-11-03,ORD041810,CUST02930,P014,Keyboard,Electronics,Jaipur,Online,Net Banking,1,2742.55,0.1,2742.55,2468.3,0,593.09,2025,11,November,Monday,2742.55,2468.295
2025-11-03,ORD031529,CUST00264,P008,Running Shoes,Fashion,Kolkata,Store,Credit Card,1,4538.73,0.0,4538.73,4538.73,0,465.06,2025,11,November,Monday,4538.73,4538.73
2025-11-03,ORD007186,CUST04421,P016,Sofa,Furniture,Pune,Store,Cash,1,34375.56,0.05,34375.56,32656.78,0,5542.35,2025,11,November,Monday,34375.56,32656.781999999996
2025-11-03,ORD042735,CUST04443,P009,T-Shirt,Fashion,Chennai,Online,Credit Card,1,1097.42,0.15,1097.42,932.81,0,214.55,2025,11,November,Monday,1097.42,932.807
2025-11-03,ORD012303,CUST01848,P010,Coffee Maker,Home,Jaipur,Online,Cash,1,5961.39,0.1,5961.39,5365.25,0,1080.58,2025,11,November,Monday,5961.39,5365.251
2025-11-03,ORD016664,CUST00164,P001,Laptop,Electronics,Jaipur,Store,Credit Card,2,66140.69,0.15,132281.38,112439.17,0,9711.59,2025,11,November,Monday,132281.38,112439.173
2025-11-03,ORD006965,CUST04103,P011,Mixer Grinder,Home,Delhi,Store,Debit Card,1,4450.18,0.1,4450.18,4005.16,0,640.91,2025,11,November,Monday,4450.18,4005.1620000000003
2025-11-03,ORD010095,CUST04933,P018,Jacket,Fashion,Ahmedabad,Store,UPI,2,5511.35,0.1,11022.7,9920.43,0,1126.37,2025,11,November,Monday,11022.7,9920.43
2025-11-03,ORD048472,CUST03398,P017,Jeans,Fashion,Mumbai,Store,Net Banking,1,2758.96,0.2,2758.96,2207.17,0,270.42,2025,11,November,Monday,2758.96,2207.168
2025-11-03,ORD041967,CUST01463,P016,Sofa,Furniture,Mumbai,Online,Debit Card,2,35927.64,0.1,71855.28,64669.75,0,14088.26,2025,11,November,Monday,71855.28,64669.752
2025-11-04,ORD001549,CUST03371,P014,Keyboard,Electronics,Surat,Store,UPI,1,2267.17,0.1,2267.17,2040.45,0,199.47,2025,11,November,Tuesday,2267.17,2040.4530000000002
2025-11-04,ORD026719,CUST04460,P008,Running Shoes,Fashion,Hyderabad,Online,UPI,1,4456.23,0.2,4456.23,3564.98,0,805.38,2025,11,November,Tuesday,4456.23,3564.984
2025-11-04,ORD035646,CUST03827,P003,Headphones,Electronics,Jaipur,Store,UPI,1,4061.07,0.1,4061.07,3654.96,0,601.74,2025,11,November,Tuesday,4061.07,3654.963
2025-11-04,ORD025613,CUST04320,P010,Coffee Maker,Home,Chennai,Online,Credit Card,1,5663.39,0.2,5663.39,4530.71,0,329.54,2025,11,November,Tuesday,5663.39,4530.712
2025-11-04,ORD019157,CUST03278,P019,Vacuum Cleaner,Home,Bengaluru,Store,UPI,2,8452.3,0.1,16904.6,15214.14,0,1127.03,2025,11,November,Tuesday,16904.6,15214.14
2025-11-04,ORD003710,CUST04769,P011,Mixer Grinder,Home,Surat,Store,Net Banking,1,4976.0,0.1,4976.0,4478.4,0,1125.99,2025,11,November,Tuesday,4976.0,4478.400000000001
2025-11-04,ORD003220,CUST00730,P012,Air Fryer,Home,Chennai,Online,Credit Card,4,7039.11,0.1,28156.44,25340.8,0,6598.63,2025,11,November,Tuesday,28156.44,25340.796
2025-11-04,ORD010666,CUST02495,P004,Smartwatch,Electronics,Ahmedabad,Store,Cash,2,7053.84,0.1,14107.68,12696.91,0,1406.22,2025,11,November,Tuesday,14107.68,12696.912
2025-11-04,ORD004935,CUST02760,P008,Running Shoes,Fashion,Chennai,Store,Cash,2,4300.68,0.05,8601.36,8171.29,0,1149.8,2025,11,November,Tuesday,8601.36,8171.292
2025-11-04,ORD043945,CUST04582,P010,Coffee Maker,Home,Chennai,Online,UPI,1,5298.58,0.0,5298.58,5298.58,0,975.94,2025,11,November,Tuesday,5298.58,5298.58
2025-11-04,ORD038245,CUST03498,P018,Jacket,Fashion,Jaipur,Online,Net Banking,2,5020.55,0.1,10041.1,9036.99,0,1920.7,2025,11,November,Tuesday,10041.1,9036.99
2025-11-04,ORD002025,CUST04117,P004,Smartwatch,Electronics,Hyderabad,Online,Credit Card,1,7114.81,0.05,7114.81,6759.07,0,779.38,2025,11,November,Tuesday,7114.81,6759.0695000000005
2025-11-04,ORD004922,CUST04268,P020,Microwave,Home,Chennai,Store,Credit Card,1,11035.18,0.2,11035.18,8828.14,0,429.88,2025,11,November,Tuesday,11035.18,8828.144
2025-11-04,ORD035974,CUST00237,P016,Sofa,Furniture,Chennai,Online,Net Banking,1,35377.5,0.1,35377.5,31839.75,0,8049.03,2025,11,November,Tuesday,35377.5,31839.75
2025-11-04,ORD042578,CUST04248,P004,Smartwatch,Electronics,Pune,Online,Debit Card,1,6444.95,0.1,6444.95,5800.46,0,1469.93,2025,11,November,Tuesday,6444.95,5800.455
2025-11-04,ORD047174,CUST03618,P015,Dining Table,Furniture,Chennai,Online,UPI,5,21013.71,0.1,105068.55,94561.7,0,22600.36,2025,11,November,Tuesday,105068.54999999999,94561.695
2025-11-04,ORD041924,CUST02120,P011,Mixer Grinder,Home,Jaipur,Online,Credit Card,1,4394.32,0.1,4394.32,3954.89,0,961.11,2025,11,November,Tuesday,4394.32,3954.888
2025-11-04,ORD040719,CUST02483,P014,Keyboard,Electronics,Ahmedabad,Online,Net Banking,1,2743.62,0.15,2743.62,2332.08,0,375.5,2025,11,November,Tuesday,2743.62,2332.0769999999998
2025-11-04,ORD022669,CUST02321,P012,Air Fryer,Home,Ahmedabad,Online,Credit Card,4,7604.49,0.0,30417.96,30417.96,0,7591.68,2025,11,November,Tuesday,30417.96,30417.96
2025-11-04,ORD019174,CUST01020,P007,Backpack,Accessories,Bengaluru,Store,Debit Card,2,2109.71,0.0,4219.42,4219.42,0,1126.95,2025,11,November,Tuesday,4219.42,4219.42
2025-11-04,ORD014426,CUST03147,P015,Dining Table,Furniture,Ahmedabad,Store,Credit Card,3,20772.34,0.2,62317.02,49853.62,0,7189.46,2025,11,November,Tuesday,62317.020000000004,49853.616
2025-11-04,ORD030555,CUST00821,P001,Laptop,Electronics,Surat,Online,UPI,1,71370.27,0.05,71370.27,67801.76,0,6257.59,2025,11,November,Tuesday,71370.27,67801.7565
2025-11-04,ORD009444,CUST03253,P014,Keyboard,Electronics,Delhi,Store,Credit Card,1,2664.93,0.1,2664.93,2398.44,0,218.11,2025,11,November,Tuesday,2664.93,2398.437
2025-11-04,ORD033836,CUST00996,P007,Backpack,Accessories,Kolkata,Online,UPI,1,2030.21,0.15,2030.21,1725.68,0,151.78,2025,11,November,Tuesday,2030.21,1725.6785
2025-11-04,ORD036107,CUST01744,P010,Coffee Maker,Home,Kolkata,Online,Credit Card,1,5330.61,0.1,5330.61,4797.55,0,667.53,2025,11,November,Tuesday,5330.61,4797.549
2025-11-04,ORD039639,CUST01987,P011,Mixer Grinder,Home,Bengaluru,Store,Credit Card,3,4491.39,0.05,13474.17,12800.46,0,1376.71,2025,11,November,Tuesday,13474.170000000002,12800.4615
2025-11-04,ORD010891,CUST00908,P020,Microwave,Home,Delhi,Online,Cash,2,11756.87,0.1,23513.74,21162.37,0,4748.24,2025,11,November,Tuesday,23513.74,21162.366
2025-11-04,ORD000268,CUST03463,P017,Jeans,Fashion,Delhi,Online,Debit Card,1,2590.31,0.25,2590.31,1942.73,0,387.45,2025,11,November,Tuesday,2590.31,1942.7325
2025-11-04,ORD048252,CUST02522,P014,Keyboard,Electronics,Jaipur,Store,Credit Card,1,2665.9,0.05,2665.9,2532.6,0,610.98,2025,11,November,Tuesday,2665.9,2532.605
2025-11-04,ORD016566,CUST03252,P008,Running Shoes,Fashion,Hyderabad,Online,Credit Card,2,4101.12,0.05,8202.24,7792.13,0,1255.03,2025,11,November,Tuesday,8202.24,7792.128
2025-11-04,ORD003182,CUST04113,P007,Backpack,Accessories,Mumbai,Online,UPI,1,2013.62,0.05,2013.62,1912.94,0,276.78,2025,11,November,Tuesday,2013.62,1912.9389999999999
2025-11-04,ORD011778,CUST01242,P005,Office Chair,Furniture,Jaipur,Online,UPI,1,9597.31,0.0,9597.31,9597.31,0,1540.72,2025,11,November,Tuesday,9597.31,9597.31
2025-11-04,ORD006656,CUST00588,P011,Mixer Grinder,Home,Surat,Store,Credit Card,1,5154.94,0.0,5154.94,5154.94,0,589.42,2025,11,November,Tuesday,5154.94,5154.94
2025-11-04,ORD023990,CUST04895,P005,Office Chair,Furniture,Surat,Store,Credit Card,1,9991.21,0.25,9991.21,7493.41,0,1792.48,2025,11,November,Tuesday,9991.21,7493.407499999999
2025-11-04,ORD008151,CUST02738,P016,Sofa,Furniture,Surat,Online,Cash,1,31638.95,0.15,31638.95,26893.11,0,3321.51,2025,11,November,Tuesday,31638.95,26893.1075
2025-11-04,ORD013645,CUST01096,P020,Microwave,Home,Bengaluru,Online,Cash,1,10140.0,0.2,10140.0,8112.0,0,721.67,2025,11,November,Tuesday,10140.0,8112.0
2025-11-04,ORD047954,CUST04600,P014,Keyboard,Electronics,Kolkata,Online,Credit Card,1,2452.78,0.15,2452.78,2084.86,0,350.18,2025,11,November,Tuesday,2452.78,2084.8630000000003
2025-11-04,ORD049101,CUST04360,P005,Office Chair,Furniture,Pune,Online,Credit Card,1,9066.74,0.0,9066.74,9066.74,0,2584.13,2025,11,November,Tuesday,9066.74,9066.74
2025-11-04,ORD024490,CUST00574,P009,T-Shirt,Fashion,Bengaluru,Online,Credit Card,1,1161.24,0.05,1161.24,1103.18,0,185.21,2025,11,November,Tuesday,1161.24,1103.1779999999999
2025-11-04,ORD032927,CUST03988,P005,Office Chair,Furniture,Mumbai,Online,Debit Card,1,9692.92,0.1,9692.92,8723.63,0,1697.1,2025,11,November,Tuesday,9692.92,8723.628
2025-11-04,ORD045602,CUST03665,P018,Jacket,Fashion,Jaipur,Online,Net Banking,1,5433.54,0.1,5433.54,4890.19,0,550.56,2025,11,November,Tuesday,5433.54,4890.186
2025-11-04,ORD009277,CUST04837,P008,Running Shoes,Fashion,Pune,Online,Credit Card,2,4062.11,0.0,8124.22,8124.22,0,934.16,2025,11,November,Tuesday,8124.22,8124.22
2025-11-04,ORD013287,CUST03055,P016,Sofa,Furniture,Ahmedabad,Store,Credit Card,3,37654.46,0.0,112963.38,112963.38,0,12133.61,2025,11,November,Tuesday,112963.38,112963.38
2025-11-04,ORD036577,CUST03521,P015,Dining Table,Furniture,Kolkata,Store,Debit Card,1,20979.2,0.05,20979.2,19930.24,0,3239.2,2025,11,November,Tuesday,20979.2,19930.239999999998
2025-11-04,ORD032986,CUST01687,P009,T-Shirt,Fashion,Jaipur,Store,UPI,1,1264.68,0.1,1264.68,1138.21,0,158.43,2025,11,November,Tuesday,1264.68,1138.212
2025-11-04,ORD041208,CUST02123,P013,Monitor,Electronics,Jaipur,Online,UPI,1,19603.52,0.1,19603.52,17643.17,0,4891.73,2025,11,November,Tuesday,19603.52,17643.168
2025-11-04,ORD013756,CUST00195,P006,Desk,Furniture,Kolkata,Store,Debit Card,1,11319.9,0.0,11319.9,11319.9,0,2571.02,2025,11,November,Tuesday,11319.9,11319.9
2025-11-04,ORD023096,CUST01247,P017,Jeans,Fashion,Kolkata,Online,Credit Card,2,2604.9,0.05,5209.8,4949.31,1,-247.47,2025,11,November,Tuesday,5209.8,4949.3099999999995
2025-11-04,ORD030995,CUST03671,P014,Keyboard,Electronics,Delhi,Online,Credit Card,3,2562.55,0.1,7687.65,6918.88,1,-345.94,2025,11,November,Tuesday,7687.650000000001,6918.885
2025-11-04,ORD033648,CUST03027,P020,Microwave,Home,Surat,Store,UPI,2,11200.96,0.1,22401.92,20161.73,0,2756.99,2025,11,November,Tuesday,22401.92,20161.728
2025-11-04,ORD048531,CUST00231,P011,Mixer Grinder,Home,Mumbai,Online,Credit Card,1,5113.77,0.1,5113.77,4602.39,0,1020.33,2025,11,November,Tuesday,5113.77,4602.393000000001
2025-11-04,ORD022104,CUST03293,P020,Microwave,Home,Kolkata,Online,Cash,1,11545.52,0.1,11545.52,10390.97,0,2542.33,2025,11,November,Tuesday,11545.52,10390.968
2025-11-04,ORD031098,CUST00001,P020,Microwave,Home,Surat,Store,UPI,2,10620.37,0.1,21240.74,19116.67,1,-955.83,2025,11,November,Tuesday,21240.74,19116.666
2025-11-04,ORD015290,CUST00938,P001,Laptop,Electronics,Chennai,Store,Debit Card,2,59032.04,0.25,118064.08,88548.06,0,4814.19,2025,11,November,Tuesday,118064.08,88548.06
2025-11-04,ORD030079,CUST00308,P012,Air Fryer,Home,Surat,Online,UPI,5,7771.3,0.05,38856.5,36913.67,0,6504.42,2025,11,November,Tuesday,38856.5,36913.674999999996
2025-11-04,ORD004610,CUST01021,P009,T-Shirt,Fashion,Jaipur,Store,UPI,1,1192.29,0.05,1192.29,1132.68,0,327.84,2025,11,November,Tuesday,1192.29,1132.6754999999998
2025-11-04,ORD014820,CUST02685,P017,Jeans,Fashion,Pune,Store,Credit Card,1,2615.32,0.25,2615.32,1961.49,0,372.34,2025,11,November,Tuesday,2615.32,1961.4900000000002
2025-11-04,ORD038040,CUST01398,P013,Monitor,Electronics,Ahmedabad,Store,Debit Card,1,17645.03,0.05,17645.03,16762.78,0,4183.65,2025,11,November,Tuesday,17645.03,16762.778499999997
2025-11-04,ORD044452,CUST00247,P015,Dining Table,Furniture,Kolkata,Store,UPI,1,23333.12,0.1,23333.12,20999.81,0,2576.15,2025,11,November,Tuesday,23333.12,20999.808
2025-11-04,ORD033964,CUST01587,P015,Dining Table,Furniture,Pune,Online,UPI,1,22428.91,0.15,22428.91,19064.57,0,3468.48,2025,11,November,Tuesday,22428.91,19064.5735
2025-11-04,ORD011601,CUST00897,P016,Sofa,Furniture,Hyderabad,Store,UPI,2,35284.66,0.1,70569.32,63512.39,0,4213.07,2025,11,November,Tuesday,70569.32,63512.388000000006
2025-11-04,ORD016238,CUST01449,P015,Dining Table,Furniture,Mumbai,Store,Debit Card,1,21416.05,0.1,21416.05,19274.44,0,3511.92,2025,11,November,Tuesday,21416.05,19274.445
2025-11-04,ORD047329,CUST03576,P009,T-Shirt,Fashion,Mumbai,Store,Credit Card,1,1217.5,0.0,1217.5,1217.5,0,234.68,2025,11,November,Tuesday,1217.5,1217.5
2025-11-04,ORD046545,CUST01332,P002,Smartphone,Electronics,Chennai,Online,Cash,1,28132.17,0.0,28132.17,28132.17,0,3016.9,2025,11,November,Tuesday,28132.17,28132.17
2025-11-04,ORD037342,CUST01257,P020,Microwave,Home,Hyderabad,Online,UPI,1,9919.71,0.1,9919.71,8927.74,0,554.23,2025,11,November,Tuesday,9919.71,8927.739
2025-11-04,ORD040671,CUST02731,P016,Sofa,Furniture,Hyderabad,Online,Cash,2,36542.83,0.15,73085.66,62122.81,0,8800.78,2025,11,November,Tuesday,73085.66,62122.811
2025-11-04,ORD018887,CUST02289,P002,Smartphone,Electronics,Hyderabad,Store,Credit Card,1,30585.02,0.15,30585.02,25997.27,0,1335.4,2025,11,November,Tuesday,30585.02,25997.267
2025-11-04,ORD020714,CUST04357,P004,Smartwatch,Electronics,Ahmedabad,Store,Credit Card,1,7646.55,0.2,7646.55,6117.24,0,1384.05,2025,11,November,Tuesday,7646.55,6117.240000000001
2025-11-04,ORD016233,CUST03095,P011,Mixer Grinder,Home,Chennai,Store,UPI,1,4848.33,0.05,4848.33,4605.91,0,654.01,2025,11,November,Tuesday,4848.33,4605.9135
2025-11-04,ORD026978,CUST04055,P002,Smartphone,Electronics,Jaipur,Online,Cash,1,25958.64,0.05,25958.64,24660.71,0,2236.87,2025,11,November,Tuesday,25958.64,24660.708
2025-11-04,ORD034834,CUST01766,P018,Jacket,Fashion,Pune,Online,UPI,1,4680.69,0.0,4680.69,4680.69,0,569.2,2025,11,November,Tuesday,4680.69,4680.69
2025-11-04,ORD025917,CUST01920,P001,Laptop,Electronics,Kolkata,Store,Credit Card,2,66612.08,0.1,133224.16,119901.74,0,26814.86,2025,11,November,Tuesday,133224.16,119901.744
2025-11-04,ORD011634,CUST04740,P006,Desk,Furniture,Ahmedabad,Online,UPI,1,11468.27,0.05,11468.27,10894.86,0,2903.43,2025,11,November,Tuesday,11468.27,10894.8565
2025-11-04,ORD011881,CUST04118,P004,Smartwatch,Electronics,Mumbai,Store,Credit Card,3,7106.13,0.0,21318.39,21318.39,0,2344.27,2025,11,November,Tuesday,21318.39,21318.39
2025-11-04,ORD007636,CUST01498,P018,Jacket,Fashion,Kolkata,Store,Credit Card,5,5578.8,0.0,27894.0,27894.0,0,2245.16,2025,11,November,Tuesday,27894.0,27894.0
2025-11-04,ORD017424,CUST01066,P003,Headphones,Electronics,Hyderabad,Store,Cash,5,4175.47,0.1,20877.35,18789.62,0,3884.16,2025,11,November,Tuesday,20877.350000000002,18789.614999999998
2025-11-04,ORD028807,CUST04635,P011,Mixer Grinder,Home,Kolkata,Store,Credit Card,4,4882.2,0.05,19528.8,18552.36,0,1389.11,2025,11,November,Tuesday,19528.8,18552.359999999997
2025-11-04,ORD032580,CUST02768,P003,Headphones,Electronics,Ahmedabad,Store,UPI,1,4547.31,0.15,4547.31,3865.21,1,-193.26,2025,11,November,Tuesday,4547.31,3865.2135000000003
2025-11-05,ORD033556,CUST01972,P010,Coffee Maker,Home,Ahmedabad,Online,Net Banking,2,5574.62,0.0,11149.24,11149.24,0,1776.7,2025,11,November,Wednesday,11149.24,11149.24
2025-11-05,ORD027502,CUST02626,P010,Coffee Maker,Home,Mumbai,Online,Cash,2,5254.73,0.0,10509.46,10509.46,0,2806.3,2025,11,November,Wednesday,10509.46,10509.46
2025-11-05,ORD030797,CUST02192,P014,Keyboard,Electronics,Kolkata,Online,Debit Card,2,2293.09,0.2,4586.18,3668.94,0,276.38,2025,11,November,Wednesday,4586.18,3668.9440000000004
2025-11-05,ORD021563,CUST00687,P013,Monitor,Electronics,Bengaluru,Online,UPI,1,17121.94,0.0,17121.94,17121.94,0,3154.84,2025,11,November,Wednesday,17121.94,17121.94
2025-11-05,ORD009097,CUST02746,P005,Office Chair,Furniture,Kolkata,Store,Credit Card,1,9947.26,0.1,9947.26,8952.53,0,1870.98,2025,11,November,Wednesday,9947.26,8952.534
2025-11-05,ORD025653,CUST02606,P013,Monitor,Electronics,Ahmedabad,Online,Debit Card,2,18783.78,0.1,37567.56,33810.8,0,9401.74,2025,11,November,Wednesday,37567.56,33810.804
2025-11-05,ORD013148,CUST01987,P001,Laptop,Electronics,Pune,Online,Debit Card,5,70636.69,0.0,353183.45,353183.45,0,72857.39,2025,11,November,Wednesday,353183.45,353183.45
2025-11-05,ORD016264,CUST04205,P010,Coffee Maker,Home,Hyderabad,Online,Cash,1,5759.0,0.05,5759.0,5471.05,0,1003.02,2025,11,November,Wednesday,5759.0,5471.05
2025-11-05,ORD048177,CUST02399,P011,Mixer Grinder,Home,Bengaluru,Online,UPI,1,5275.44,0.0,5275.44,5275.44,1,-263.77,2025,11,November,Wednesday,5275.44,5275.44
2025-11-05,ORD013971,CUST00190,P010,Coffee Maker,Home,Surat,Online,Cash,1,5212.08,0.0,5212.08,5212.08,0,1254.53,2025,11,November,Wednesday,5212.08,5212.08
2025-11-05,ORD019213,CUST01563,P018,Jacket,Fashion,Jaipur,Store,Credit Card,1,5017.18,0.0,5017.18,5017.18,0,823.45,2025,11,November,Wednesday,5017.18,5017.18
2025-11-05,ORD030929,CUST00519,P003,Headphones,Electronics,Pune,Online,UPI,1,4869.78,0.0,4869.78,4869.78,0,1286.57,2025,11,November,Wednesday,4869.78,4869.78
2025-11-05,ORD015581,CUST03337,P002,Smartphone,Electronics,Delhi,Store,UPI,1,27370.07,0.15,27370.07,23264.56,0,1575.87,2025,11,November,Wednesday,27370.07,23264.5595
2025-11-05,ORD034167,CUST01527,P019,Vacuum Cleaner,Home,Pune,Store,UPI,1,9327.72,0.05,9327.72,8861.33,0,900.72,2025,11,November,Wednesday,9327.72,8861.333999999999
2025-11-05,ORD009761,CUST04322,P002,Smartphone,Electronics,Ahmedabad,Store,UPI,2,29793.7,0.2,59587.4,47669.92,0,10690.14,2025,11,November,Wednesday,59587.4,47669.920000000006
2025-11-05,ORD025478,CUST03289,P002,Smartphone,Electronics,Chennai,Store,Credit Card,1,29459.75,0.1,29459.75,26513.78,0,2041.78,2025,11,November,Wednesday,29459.75,26513.775
2025-11-05,ORD049055,CUST01588,P014,Keyboard,Electronics,Kolkata,Online,UPI,1,2261.91,0.1,2261.91,2035.72,0,529.59,2025,11,November,Wednesday,2261.91,2035.7189999999998
2025-11-05,ORD015082,CUST04806,P007,Backpack,Accessories,Chennai,Store,Debit Card,5,2177.85,0.05,10889.25,10344.79,1,-517.24,2025,11,November,Wednesday,10889.25,10344.7875
2025-11-05,ORD007850,CUST04087,P011,Mixer Grinder,Home,Jaipur,Online,UPI,2,4495.38,0.0,8990.76,8990.76,0,2037.02,2025,11,November,Wednesday,8990.76,8990.76
2025-11-05,ORD012705,CUST04603,P014,Keyboard,Electronics,Hyderabad,Store,Net Banking,1,2746.68,0.2,2746.68,2197.34,0,359.68,2025,11,November,Wednesday,2746.68,2197.344
2025-11-05,ORD013819,CUST00389,P012,Air Fryer,Home,Mumbai,Online,Debit Card,2,6895.41,0.25,13790.82,10343.12,0,1983.73,2025,11,November,Wednesday,13790.82,10343.115
2025-11-05,ORD030838,CUST03826,P007,Backpack,Accessories,Delhi,Store,Net Banking,1,2255.71,0.05,2255.71,2142.92,0,485.95,2025,11,November,Wednesday,2255.71,2142.9245
2025-11-05,ORD006709,CUST04436,P018,Jacket,Fashion,Hyderabad,Store,UPI,1,5527.51,0.2,5527.51,4422.01,0,519.16,2025,11,November,Wednesday,5527.51,4422.008000000001
2025-11-05,ORD042720,CUST00991,P016,Sofa,Furniture,Bengaluru,Online,Credit Card,1,35445.43,0.1,35445.43,31900.89,0,2411.03,2025,11,November,Wednesday,35445.43,31900.887000000002
2025-11-05,ORD007271,CUST01646,P006,Desk,Furniture,Surat,Store,Cash,1,11936.24,0.15,11936.24,10145.8,0,1876.06,2025,11,November,Wednesday,11936.24,10145.804
2025-11-05,ORD011999,CUST01200,P001,Laptop,Electronics,Hyderabad,Store,Credit Card,1,69153.39,0.1,69153.39,62238.05,1,-3111.9,2025,11,November,Wednesday,69153.39,62238.051
2025-11-05,ORD048771,CUST00379,P013,Monitor,Electronics,Kolkata,Store,Net Banking,1,19394.48,0.0,19394.48,19394.48,0,4463.62,2025,11,November,Wednesday,19394.48,19394.48
2025-11-05,ORD015371,CUST02625,P007,Backpack,Accessories,Hyderabad,Online,UPI,2,2124.87,0.1,4249.74,3824.77,0,942.92,2025,11,November,Wednesday,4249.74,3824.766
2025-11-05,ORD036409,CUST01204,P015,Dining Table,Furniture,Pune,Online,UPI,3,20244.3,0.1,60732.9,54659.61,0,8436.31,2025,11,November,Wednesday,60732.899999999994,54659.61
2025-11-05,ORD020474,CUST03927,P004,Smartwatch,Electronics,Delhi,Online,Credit Card,2,7411.87,0.1,14823.74,13341.37,0,1345.53,2025,11,November,Wednesday,14823.74,13341.366
2025-11-05,ORD032364,CUST02949,P011,Mixer Grinder,Home,Delhi,Online,UPI,1,4450.75,0.25,4450.75,3338.06,0,203.89,2025,11,November,Wednesday,4450.75,3338.0625
2025-11-05,ORD037956,CUST03838,P006,Desk,Furniture,Kolkata,Online,UPI,1,13173.49,0.15,13173.49,11197.47,0,1510.38,2025,11,November,Wednesday,13173.49,11197.466499999999
2025-11-05,ORD031254,CUST04540,P010,Coffee Maker,Home,Mumbai,Store,Credit Card,1,6035.0,0.1,6035.0,5431.5,0,377.99,2025,11,November,Wednesday,6035.0,5431.5
2025-11-05,ORD035533,CUST00305,P019,Vacuum Cleaner,Home,Mumbai,Store,Credit Card,1,8854.6,0.0,8854.6,8854.6,0,1852.42,2025,11,November,Wednesday,8854.6,8854.6
2025-11-05,ORD020679,CUST04547,P003,Headphones,Electronics,Hyderabad,Online,UPI,4,4798.07,0.25,19192.28,14394.21,0,2603.5,2025,11,November,Wednesday,19192.28,14394.21
2025-11-05,ORD017444,CUST04496,P013,Monitor,Electronics,Bengaluru,Store,UPI,3,17078.27,0.1,51234.81,46111.33,0,4878.27,2025,11,November,Wednesday,51234.81,46111.329
2025-11-05,ORD012990,CUST04229,P014,Keyboard,Electronics,Mumbai,Online,Debit Card,1,2621.38,0.15,2621.38,2228.17,0,179.2,2025,11,November,Wednesday,2621.38,2228.1730000000002
2025-11-05,ORD038016,CUST02728,P014,Keyboard,Electronics,Hyderabad,Online,Debit Card,1,2561.13,0.0,2561.13,2561.13,1,-128.06,2025,11,November,Wednesday,2561.13,2561.13
2025-11-05,ORD017060,CUST02041,P019,Vacuum Cleaner,Home,Mumbai,Store,Debit Card,5,9089.21,0.15,45446.05,38629.14,0,4267.89,2025,11,November,Wednesday,45446.049999999996,38629.1425
2025-11-05,ORD013954,CUST02322,P001,Laptop,Electronics,Ahmedabad,Store,UPI,1,62800.6,0.1,62800.6,56520.54,0,11822.34,2025,11,November,Wednesday,62800.6,56520.54
2025-11-05,ORD021299,CUST03903,P002,Smartphone,Electronics,Ahmedabad,Online,UPI,1,27591.66,0.05,27591.66,26212.08,0,2132.09,2025,11,November,Wednesday,27591.66,26212.076999999997
2025-11-05,ORD032130,CUST03263,P016,Sofa,Furniture,Hyderabad,Online,UPI,1,38318.41,0.0,38318.41,38318.41,0,8454.26,2025,11,November,Wednesday,38318.41,38318.41
2025-11-05,ORD024681,CUST00554,P006,Desk,Furniture,Surat,Online,Credit Card,2,11535.13,0.0,23070.26,23070.26,0,2117.46,2025,11,November,Wednesday,23070.26,23070.26
2025-11-05,ORD034482,CUST00756,P003,Headphones,Electronics,Pune,Online,Credit Card,1,4162.17,0.1,4162.17,3745.95,0,255.02,2025,11,November,Wednesday,4162.17,3745.953
2025-11-05,ORD022335,CUST01438,P015,Dining Table,Furniture,Mumbai,Store,Credit Card,2,20582.91,0.0,41165.82,41165.82,0,4472.49,2025,11,November,Wednesday,41165.82,41165.82
2025-11-05,ORD020349,CUST04278,P010,Coffee Maker,Home,Jaipur,Online,Credit Card,1,5950.06,0.0,5950.06,5950.06,0,1545.65,2025,11,November,Wednesday,5950.06,5950.06
2025-11-05,ORD018042,CUST04748,P010,Coffee Maker,Home,Jaipur,Online,UPI,1,5431.46,0.2,5431.46,4345.17,0,652.5,2025,11,November,Wednesday,5431.46,4345.168000000001
2025-11-05,ORD019947,CUST01611,P014,Keyboard,Electronics,Mumbai,Online,Cash,2,2735.43,0.05,5470.86,5197.32,0,1034.83,2025,11,November,Wednesday,5470.86,5197.316999999999
2025-11-05,ORD009957,CUST04420,P001,Laptop,Electronics,Delhi,Store,UPI,1,59787.16,0.15,59787.16,50819.09,0,4695.78,2025,11,November,Wednesday,59787.16,50819.086
2025-11-05,ORD019608,CUST04315,P013,Monitor,Electronics,Kolkata,Online,Net Banking,1,18573.2,0.05,18573.2,17644.54,0,2798.72,2025,11,November,Wednesday,18573.2,17644.54
2025-11-05,ORD045210,CUST03017,P005,Office Chair,Furniture,Bengaluru,Store,UPI,1,8724.09,0.1,8724.09,7851.68,0,1570.57,2025,11,November,Wednesday,8724.09,7851.6810000000005
2025-11-05,ORD042577,CUST01101,P004,Smartwatch,Electronics,Surat,Online,Net Banking,1,6890.38,0.15,6890.38,5856.82,1,-292.84,2025,11,November,Wednesday,6890.38,5856.823
2025-11-05,ORD013864,CUST00149,P020,Microwave,Home,Chennai,Online,Credit Card,2,11708.9,0.05,23417.8,22246.91,0,2129.63,2025,11,November,Wednesday,23417.8,22246.91
2025-11-05,ORD015881,CUST03852,P005,Office Chair,Furniture,Kolkata,Online,UPI,1,9804.93,0.1,9804.93,8824.44,0,831.88,2025,11,November,Wednesday,9804.93,8824.437
2025-11-05,ORD043095,CUST02018,P015,Dining Table,Furniture,Mumbai,Online,Debit Card,1,20790.72,0.1,20790.72,18711.65,0,4938.37,2025,11,November,Wednesday,20790.72,18711.648
2025-11-06,ORD031510,CUST00595,P008,Running Shoes,Fashion,Pune,Store,Cash,2,4493.08,0.15,8986.16,7638.24,0,1423.84,2025,11,November,Thursday,8986.16,7638.236
2025-11-06,ORD031803,CUST04861,P008,Running Shoes,Fashion,Hyderabad,Store,UPI,1,3895.1,0.1,3895.1,3505.59,0,861.61,2025,11,November,Thursday,3895.1,3505.59
2025-11-06,ORD007818,CUST02512,P003,Headphones,Electronics,Hyderabad,Store,UPI,2,4463.9,0.1,8927.8,8035.02,0,1255.91,2025,11,November,Thursday,8927.8,8035.0199999999995
2025-11-06,ORD032059,CUST04681,P014,Keyboard,Electronics,Kolkata,Online,Credit Card,3,2500.27,0.15,7500.81,6375.69,0,700.71,2025,11,November,Thursday,7500.8099999999995,6375.6885
2025-11-06,ORD014019,CUST03892,P018,Jacket,Fashion,Pune,Online,UPI,1,4906.05,0.0,4906.05,4906.05,0,1345.21,2025,11,November,Thursday,4906.05,4906.05
2025-11-06,ORD024615,CUST00245,P011,Mixer Grinder,Home,Pune,Online,Net Banking,1,5110.79,0.25,5110.79,3833.09,0,916.7,2025,11,November,Thursday,5110.79,3833.0924999999997
2025-11-06,ORD033739,CUST03917,P008,Running Shoes,Fashion,Pune,Online,Credit Card,5,3895.27,0.15,19476.35,16554.9,0,4345.05,2025,11,November,Thursday,19476.35,16554.8975
2025-11-06,ORD007257,CUST02016,P007,Backpack,Accessories,Ahmedabad,Store,Debit Card,3,2357.49,0.15,7072.47,6011.6,0,1053.36,2025,11,November,Thursday,7072.469999999999,6011.5995
2025-11-06,ORD033811,CUST01752,P006,Desk,Furniture,Chennai,Online,Credit Card,1,12121.95,0.15,12121.95,10303.66,0,927.24,2025,11,November,Thursday,12121.95,10303.657500000001
2025-11-06,ORD010985,CUST03150,P016,Sofa,Furniture,Ahmedabad,Store,UPI,1,32690.38,0.1,32690.38,29421.34,0,7375.12,2025,11,November,Thursday,32690.38,29421.342
2025-11-06,ORD007268,CUST00364,P013,Monitor,Electronics,Mumbai,Online,Debit Card,4,19086.87,0.25,76347.48,57260.61,0,12858.91,2025,11,November,Thursday,76347.48,57260.61
2025-11-06,ORD016706,CUST03038,P019,Vacuum Cleaner,Home,Chennai,Online,Credit Card,1,9742.11,0.1,9742.11,8767.9,0,1847.91,2025,11,November,Thursday,9742.11,8767.899000000001
2025-11-06,ORD024150,CUST02472,P001,Laptop,Electronics,Jaipur,Store,Net Banking,4,61639.69,0.1,246558.76,221902.88,0,22977.88,2025,11,November,Thursday,246558.76,221902.88400000002
2025-11-06,ORD023964,CUST01355,P009,T-Shirt,Fashion,Kolkata,Online,Debit Card,1,1165.36,0.0,1165.36,1165.36,0,180.78,2025,11,November,Thursday,1165.36,1165.36
2025-11-06,ORD010772,CUST01158,P003,Headphones,Electronics,Pune,Store,UPI,1,4316.86,0.2,4316.86,3453.49,0,266.63,2025,11,November,Thursday,4316.86,3453.488
2025-11-06,ORD041910,CUST01605,P007,Backpack,Accessories,Bengaluru,Store,Credit Card,2,2096.41,0.1,4192.82,3773.54,1,-188.68,2025,11,November,Thursday,4192.82,3773.538
2025-11-06,ORD037682,CUST04744,P005,Office Chair,Furniture,Mumbai,Online,Credit Card,1,10349.0,0.0,10349.0,10349.0,0,2975.68,2025,11,November,Thursday,10349.0,10349.0
2025-11-06,ORD045748,CUST03227,P012,Air Fryer,Home,Surat,Online,Credit Card,2,6703.25,0.0,13406.5,13406.5,0,1795.04,2025,11,November,Thursday,13406.5,13406.5
2025-11-06,ORD049752,CUST03546,P001,Laptop,Electronics,Hyderabad,Online,Debit Card,2,70710.89,0.0,141421.78,141421.78,0,16668.87,2025,11,November,Thursday,141421.78,141421.78
2025-11-06,ORD018417,CUST03819,P018,Jacket,Fashion,Pune,Online,Credit Card,1,5208.32,0.1,5208.32,4687.49,0,1225.88,2025,11,November,Thursday,5208.32,4687.488
2025-11-06,ORD044872,CUST02349,P017,Jeans,Fashion,Bengaluru,Store,Cash,1,2967.92,0.2,2967.92,2374.34,0,532.73,2025,11,November,Thursday,2967.92,2374.3360000000002
2025-11-06,ORD045776,CUST04280,P001,Laptop,Electronics,Ahmedabad,Online,UPI,1,64289.19,0.1,64289.19,57860.27,0,6113.74,2025,11,November,Thursday,64289.19,57860.271
2025-11-06,ORD040184,CUST03734,P004,Smartwatch,Electronics,Bengaluru,Store,UPI,1,6456.22,0.15,6456.22,5487.79,0,455.84,2025,11,November,Thursday,6456.22,5487.787
2025-11-06,ORD049450,CUST00063,P019,Vacuum Cleaner,Home,Pune,Store,UPI,2,8688.51,0.1,17377.02,15639.32,0,2013.0,2025,11,November,Thursday,17377.02,15639.318000000001
2025-11-06,ORD049449,CUST02884,P009,T-Shirt,Fashion,Ahmedabad,Store,Credit Card,1,1169.28,0.15,1169.28,993.89,0,241.76,2025,11,November,Thursday,1169.28,993.8879999999999
2025-11-06,ORD029224,CUST04968,P017,Jeans,Fashion,Kolkata,Store,UPI,4,3037.36,0.05,12149.44,11541.97,1,-577.1,2025,11,November,Thursday,12149.44,11541.968
2025-11-06,ORD009415,CUST00522,P012,Air Fryer,Home,Mumbai,Online,Debit Card,2,6945.09,0.1,13890.18,12501.16,0,2479.53,2025,11,November,Thursday,13890.18,12501.162
2025-11-06,ORD015650,CUST04815,P020,Microwave,Home,Delhi,Store,Credit Card,1,11001.21,0.0,11001.21,11001.21,0,2980.22,2025,11,November,Thursday,11001.21,11001.21
2025-11-06,ORD000649,CUST01030,P005,Office Chair,Furniture,Pune,Online,Credit Card,3,9704.94,0.1,29114.82,26203.34,0,5471.88,2025,11,November,Thursday,29114.82,26203.338
2025-11-06,ORD021581,CUST04512,P019,Vacuum Cleaner,Home,Mumbai,Online,Cash,1,8587.83,0.2,8587.83,6870.26,0,561.79,2025,11,November,Thursday,8587.83,6870.264
2025-11-06,ORD040038,CUST00301,P008,Running Shoes,Fashion,Kolkata,Online,Credit Card,3,4311.77,0.1,12935.31,11641.78,0,2197.76,2025,11,November,Thursday,12935.310000000001,11641.779
2025-11-06,ORD030003,CUST04511,P014,Keyboard,Electronics,Mumbai,Store,Credit Card,1,2717.29,0.25,2717.29,2037.97,0,138.67,2025,11,November,Thursday,2717.29,2037.9675
2025-11-06,ORD002810,CUST02697,P004,Smartwatch,Electronics,Kolkata,Online,Credit Card,1,7561.31,0.05,7561.31,7183.24,0,1025.39,2025,11,November,Thursday,7561.31,7183.2445
2025-11-06,ORD028736,CUST03307,P015,Dining Table,Furniture,Hyderabad,Online,Cash,4,22953.89,0.05,91815.56,87224.78,0,8962.13,2025,11,November,Thursday,91815.56,87224.78199999999
2025-11-06,ORD028426,CUST04266,P017,Jeans,Fashion,Jaipur,Online,Credit Card,1,2919.84,0.1,2919.84,2627.86,0,309.6,2025,11,November,Thursday,2919.84,2627.856
2025-11-06,ORD018754,CUST02503,P001,Laptop,Electronics,Hyderabad,Online,Net Banking,1,59335.92,0.15,59335.92,50435.53,0,9351.02,2025,11,November,Thursday,59335.92,50435.532
2025-11-06,ORD002254,CUST00923,P011,Mixer Grinder,Home,Kolkata,Online,Credit Card,1,4633.32,0.0,4633.32,4633.32,0,480.89,2025,11,November,Thursday,4633.32,4633.32
2025-11-06,ORD018579,CUST01186,P006,Desk,Furniture,Ahmedabad,Store,UPI,1,12492.77,0.05,12492.77,11868.13,0,1825.53,2025,11,November,Thursday,12492.77,11868.1315
2025-11-06,ORD044637,CUST02045,P014,Keyboard,Electronics,Chennai,Store,UPI,1,2507.07,0.05,2507.07,2381.72,0,198.51,2025,11,November,Thursday,2507.07,2381.7165
2025-11-06,ORD015094,CUST00143,P001,Laptop,Electronics,Bengaluru,Online,Net Banking,1,62913.22,0.25,62913.22,47184.92,0,4289.43,2025,11,November,Thursday,62913.22,47184.915
2025-11-06,ORD013807,CUST00362,P020,Microwave,Home,Bengaluru,Online,Credit Card,4,11001.22,0.15,44004.88,37404.15,0,4034.88,2025,11,November,Thursday,44004.88,37404.147999999994
2025-11-06,ORD040780,CUST00546,P011,Mixer Grinder,Home,Mumbai,Online,Credit Card,5,5135.05,0.25,25675.25,19256.44,1,-962.82,2025,11,November,Thursday,25675.25,19256.4375
2025-11-06,ORD042654,CUST00510,P016,Sofa,Furniture,Mumbai,Online,Credit Card,1,35332.31,0.2,35332.31,28265.85,0,4302.95,2025,11,November,Thursday,35332.31,28265.847999999998
2025-11-06,ORD035923,CUST00603,P018,Jacket,Fashion,Ahmedabad,Online,UPI,1,5106.63,0.1,5106.63,4595.97,0,419.21,2025,11,November,Thursday,5106.63,4595.967000000001
2025-11-06,ORD015420,CUST01169,P012,Air Fryer,Home,Hyderabad,Store,UPI,1,7830.74,0.25,7830.74,5873.06,0,1352.37,2025,11,November,Thursday,7830.74,5873.055
2025-11-06,ORD012089,CUST02978,P013,Monitor,Electronics,Bengaluru,Store,Debit Card,1,17074.98,0.2,17074.98,13659.98,0,1364.86,2025,11,November,Thursday,17074.98,13659.984
2025-11-06,ORD027909,CUST04920,P004,Smartwatch,Electronics,Delhi,Online,UPI,2,7435.76,0.05,14871.52,14127.94,0,2460.82,2025,11,November,Thursday,14871.52,14127.944
2025-11-06,ORD022707,CUST03976,P015,Dining Table,Furniture,Delhi,Store,UPI,1,21307.65,0.25,21307.65,15980.74,0,2898.9,2025,11,November,Thursday,21307.65,15980.737500000001
2025-11-06,ORD003836,CUST00896,P010,Coffee Maker,Home,Delhi,Online,UPI,3,4994.31,0.15,14982.93,12735.49,0,2134.03,2025,11,November,Thursday,14982.93,12735.4905
2025-11-06,ORD028102,CUST00931,P010,Coffee Maker,Home,Delhi,Store,Credit Card,1,5681.04,0.15,5681.04,4828.88,0,1293.2,2025,11,November,Thursday,5681.04,4828.884
2025-11-06,ORD030232,CUST00563,P017,Jeans,Fashion,Chennai,Store,UPI,2,2619.0,0.15,5238.0,4452.3,0,843.53,2025,11,November,Thursday,5238.0,4452.3
2025-11-06,ORD015757,CUST00037,P013,Monitor,Electronics,Hyderabad,Store,Credit Card,3,19172.16,0.0,57516.48,57516.48,0,10229.78,2025,11,November,Thursday,57516.479999999996,57516.48
2025-11-06,ORD048279,CUST04167,P004,Smartwatch,Electronics,Chennai,Online,UPI,2,6557.24,0.05,13114.48,12458.76,0,3040.29,2025,11,November,Thursday,13114.48,12458.756
2025-11-06,ORD008998,CUST01656,P014,Keyboard,Electronics,Mumbai,Online,UPI,5,2426.56,0.1,12132.8,10919.52,0,2535.05,2025,11,November,Thursday,12132.8,10919.52
2025-11-06,ORD005823,CUST01005,P017,Jeans,Fashion,Pune,Online,Credit Card,2,2562.0,0.15,5124.0,4355.4,0,1023.2,2025,11,November,Thursday,5124.0,4355.4
2025-11-06,ORD008314,CUST00076,P007,Backpack,Accessories,Pune,Online,Credit Card,1,2148.06,0.15,2148.06,1825.85,0,476.22,2025,11,November,Thursday,2148.06,1825.8509999999999
2025-11-06,ORD048960,CUST03851,P002,Smartphone,Electronics,Ahmedabad,Online,UPI,5,29157.06,0.0,145785.3,145785.3,0,23761.08,2025,11,November,Thursday,145785.30000000002,145785.3
2025-11-06,ORD042831,CUST02012,P008,Running Shoes,Fashion,Kolkata,Store,UPI,3,3823.24,0.05,11469.72,10896.23,0,1513.31,2025,11,November,Thursday,11469.72,10896.233999999999
2025-11-06,ORD045010,CUST03562,P002,Smartphone,Electronics,Jaipur,Online,Cash,2,29566.61,0.05,59133.22,56176.56,0,4705.17,2025,11,November,Thursday,59133.22,56176.559
2025-11-06,ORD021498,CUST02319,P020,Microwave,Home,Mumbai,Online,Net Banking,2,10648.42,0.0,21296.84,21296.84,0,5245.77,2025,11,November,Thursday,21296.84,21296.84
2025-11-06,ORD028887,CUST02196,P004,Smartwatch,Electronics,Mumbai,Store,Debit Card,2,7590.29,0.1,15180.58,13662.52,0,3227.18,2025,11,November,Thursday,15180.58,13662.522
2025-11-06,ORD038218,CUST02986,P014,Keyboard,Electronics,Delhi,Online,UPI,1,2262.12,0.05,2262.12,2149.01,0,501.41,2025,11,November,Thursday,2262.12,2149.0139999999997
2025-11-06,ORD019259,CUST00439,P003,Headphones,Electronics,Delhi,Online,Net Banking,1,4277.5,0.15,4277.5,3635.88,0,660.14,2025,11,November,Thursday,4277.5,3635.875
2025-11-06,ORD039229,CUST03035,P014,Keyboard,Electronics,Hyderabad,Online,UPI,2,2692.45,0.1,5384.9,4846.41,0,916.3,2025,11,November,Thursday,5384.9,4846.41
2025-11-06,ORD014661,CUST00201,P015,Dining Table,Furniture,Hyderabad,Store,Debit Card,2,23500.89,0.1,47001.78,42301.6,0,5885.9,2025,11,November,Thursday,47001.78,42301.602
2025-11-06,ORD004391,CUST00476,P015,Dining Table,Furniture,Hyderabad,Store,Credit Card,2,19900.77,0.1,39801.54,35821.39,0,4777.59,2025,11,November,Thursday,39801.54,35821.386
2025-11-06,ORD044296,CUST04050,P005,Office Chair,Furniture,Ahmedabad,Online,Net Banking,1,8740.94,0.05,8740.94,8303.89,0,1891.98,2025,11,November,Thursday,8740.94,8303.893
2025-11-06,ORD012212,CUST03045,P014,Keyboard,Electronics,Jaipur,Online,UPI,3,2330.9,0.0,6992.7,6992.7,0,629.83,2025,11,November,Thursday,6992.700000000001,6992.7
2025-11-06,ORD039828,CUST00085,P012,Air Fryer,Home,Ahmedabad,Online,Credit Card,2,7369.74,0.05,14739.48,14002.51,0,3414.76,2025,11,November,Thursday,14739.48,14002.506
2025-11-06,ORD012972,CUST04078,P001,Laptop,Electronics,Bengaluru,Store,UPI,5,66840.21,0.1,334201.05,300780.95,0,45911.8,2025,11,November,Thursday,334201.05000000005,300780.945
2025-11-06,ORD018061,CUST03476,P008,Running Shoes,Fashion,Surat,Store,UPI,1,4257.12,0.1,4257.12,3831.41,0,517.16,2025,11,November,Thursday,4257.12,3831.408
2025-11-06,ORD027509,CUST04173,P007,Backpack,Accessories,Pune,Store,UPI,1,2066.65,0.05,2066.65,1963.32,0,497.31,2025,11,November,Thursday,2066.65,1963.3174999999999
2025-11-06,ORD010173,CUST02267,P014,Keyboard,Electronics,Pune,Online,Debit Card,1,2331.19,0.0,2331.19,2331.19,0,591.12,2025,11,November,Thursday,2331.19,2331.19
2025-11-06,ORD018621,CUST02541,P014,Keyboard,Electronics,Jaipur,Online,UPI,1,2451.72,0.15,2451.72,2083.96,0,109.14,2025,11,November,Thursday,2451.72,2083.962
2025-11-06,ORD011819,CUST01961,P018,Jacket,Fashion,Kolkata,Online,UPI,1,5530.73,0.1,5530.73,4977.66,0,1079.09,2025,11,November,Thursday,5530.73,4977.657
2025-11-06,ORD013241,CUST03556,P015,Dining Table,Furniture,Ahmedabad,Store,Credit Card,2,20306.16,0.1,40612.32,36551.09,0,9238.13,2025,11,November,Thursday,40612.32,36551.088
2025-11-06,ORD010453,CUST04361,P002,Smartphone,Electronics,Chennai,Online,UPI,3,29310.8,0.2,87932.4,70345.92,0,8386.45,2025,11,November,Thursday,87932.4,70345.92
2025-11-06,ORD015573,CUST04515,P011,Mixer Grinder,Home,Kolkata,Store,UPI,1,4692.68,0.25,4692.68,3519.51,0,271.12,2025,11,November,Thursday,4692.68,3519.51
2025-11-06,ORD003557,CUST01356,P004,Smartwatch,Electronics,Bengaluru,Store,UPI,5,6353.78,0.25,31768.9,23826.68,0,2663.51,2025,11,November,Thursday,31768.899999999998,23826.675000000003
2025-11-06,ORD048763,CUST02601,P010,Coffee Maker,Home,Delhi,Store,UPI,1,5263.61,0.05,5263.61,5000.43,0,362.07,2025,11,November,Thursday,5263.61,5000.429499999999
2025-11-07,ORD045552,CUST01033,P009,T-Shirt,Fashion,Jaipur,Store,Debit Card,3,1109.18,0.15,3327.54,2828.41,0,438.41,2025,11,November,Friday,3327.54,2828.409
2025-11-07,ORD032322,CUST02711,P012,Air Fryer,Home,Jaipur,Store,UPI,3,7169.89,0.0,21509.67,21509.67,0,5854.03,2025,11,November,Friday,21509.670000000002,21509.67
2025-11-07,ORD041046,CUST04890,P001,Laptop,Electronics,Hyderabad,Online,UPI,5,66395.35,0.25,331976.75,248982.56,0,53831.53,2025,11,November,Friday,331976.75,248982.5625
2025-11-07,ORD046483,CUST01814,P018,Jacket,Fashion,Mumbai,Online,UPI,2,5380.31,0.05,10760.62,10222.59,0,1220.09,2025,11,November,Friday,10760.62,10222.589
2025-11-07,ORD022657,CUST02609,P010,Coffee Maker,Home,Chennai,Online,Credit Card,2,5758.31,0.15,11516.62,9789.13,0,2072.85,2025,11,November,Friday,11516.62,9789.127
2025-11-07,ORD025236,CUST01908,P012,Air Fryer,Home,Pune,Online,Net Banking,2,7397.28,0.05,14794.56,14054.83,0,2718.47,2025,11,November,Friday,14794.56,14054.831999999999
2025-11-07,ORD021253,CUST03626,P005,Office Chair,Furniture,Chennai,Store,UPI,2,8611.97,0.1,17223.94,15501.55,0,3081.49,2025,11,November,Friday,17223.94,15501.545999999998
2025-11-07,ORD023916,CUST02827,P004,Smartwatch,Electronics,Jaipur,Online,Credit Card,1,6961.64,0.1,6961.64,6265.48,0,1704.13,2025,11,November,Friday,6961.64,6265.476000000001
2025-11-07,ORD048357,CUST02340,P002,Smartphone,Electronics,Jaipur,Online,Debit Card,1,28224.7,0.0,28224.7,28224.7,0,7776.44,2025,11,November,Friday,28224.7,28224.7
2025-11-07,ORD044241,CUST02555,P009,T-Shirt,Fashion,Kolkata,Store,Cash,2,1215.39,0.25,2430.78,1823.08,0,167.57,2025,11,November,Friday,2430.78,1823.085
2025-11-07,ORD020168,CUST01098,P016,Sofa,Furniture,Kolkata,Online,UPI,1,37629.2,0.15,37629.2,31984.82,0,2854.27,2025,11,November,Friday,37629.2,31984.819999999996
2025-11-07,ORD022969,CUST02957,P006,Desk,Furniture,Ahmedabad,Store,UPI,1,12240.34,0.15,12240.34,10404.29,0,1712.08,2025,11,November,Friday,12240.34,10404.289
2025-11-07,ORD013903,CUST01534,P005,Office Chair,Furniture,Chennai,Online,UPI,1,9233.04,0.0,9233.04,9233.04,0,2267.24,2025,11,November,Friday,9233.04,9233.04
2025-11-07,ORD044271,CUST00512,P014,Keyboard,Electronics,Pune,Store,Credit Card,3,2629.13,0.1,7887.39,7098.65,0,542.57,2025,11,November,Friday,7887.39,7098.651000000001
2025-11-07,ORD025551,CUST01855,P006,Desk,Furniture,Pune,Online,UPI,2,11464.2,0.2,22928.4,18342.72,0,1306.1,2025,11,November,Friday,22928.4,18342.72
2025-11-07,ORD005363,CUST02639,P007,Backpack,Accessories,Chennai,Store,Cash,2,2212.96,0.15,4425.92,3762.03,0,952.72,2025,11,November,Friday,4425.92,3762.032
2025-11-07,ORD031247,CUST01183,P007,Backpack,Accessories,Mumbai,Online,Credit Card,4,2413.05,0.1,9652.2,8686.98,0,939.36,2025,11,November,Friday,9652.2,8686.980000000001
2025-11-07,ORD012434,CUST01601,P002,Smartphone,Electronics,Surat,Online,Credit Card,1,29146.79,0.0,29146.79,29146.79,0,7075.69,2025,11,November,Friday,29146.79,29146.79
2025-11-07,ORD003185,CUST00595,P007,Backpack,Accessories,Jaipur,Store,Credit Card,1,1984.51,0.05,1984.51,1885.28,0,416.54,2025,11,November,Friday,1984.51,1885.2845
2025-11-07,ORD009844,CUST04982,P002,Smartphone,Electronics,Chennai,Online,Credit Card,4,30170.66,0.1,120682.64,108614.38,0,19946.99,2025,11,November,Friday,120682.64,108614.376
2025-11-07,ORD024617,CUST04868,P020,Microwave,Home,Surat,Online,Cash,1,10960.91,0.0,10960.91,10960.91,0,2399.18,2025,11,November,Friday,10960.91,10960.91
2025-11-07,ORD000811,CUST04509,P001,Laptop,Electronics,Ahmedabad,Online,UPI,1,60549.59,0.05,60549.59,57522.11,0,13653.85,2025,11,November,Friday,60549.59,57522.110499999995
2025-11-07,ORD012285,CUST04443,P018,Jacket,Fashion,Hyderabad,Online,Debit Card,1,5052.82,0.1,5052.82,4547.54,0,1231.83,2025,11,November,Friday,5052.82,4547.538
2025-11-07,ORD040335,CUST01181,P019,Vacuum Cleaner,Home,Chennai,Online,UPI,1,8226.9,0.05,8226.9,7815.55,0,826.82,2025,11,November,Friday,8226.9,7815.554999999999
2025-11-07,ORD003372,CUST03675,P020,Microwave,Home,Bengaluru,Store,Debit Card,2,10974.37,0.05,21948.74,20851.3,0,3620.7,2025,11,November,Friday,21948.74,20851.303
2025-11-07,ORD016969,CUST03852,P016,Sofa,Furniture,Jaipur,Store,UPI,1,32080.98,0.15,32080.98,27268.83,0,7103.45,2025,11,November,Friday,32080.98,27268.833
2025-11-07,ORD035983,CUST02131,P007,Backpack,Accessories,Chennai,Online,Cash,1,2260.52,0.2,2260.52,1808.42,0,343.66,2025,11,November,Friday,2260.52,1808.4160000000002
2025-11-07,ORD047946,CUST02127,P002,Smartphone,Electronics,Chennai,Online,UPI,4,25443.68,0.0,101774.72,101774.72,0,11461.17,2025,11,November,Friday,101774.72,101774.72
2025-11-07,ORD029340,CUST04309,P016,Sofa,Furniture,Ahmedabad,Store,UPI,1,33143.37,0.05,33143.37,31486.2,0,2809.56,2025,11,November,Friday,33143.37,31486.2015
2025-11-07,ORD037773,CUST02452,P009,T-Shirt,Fashion,Bengaluru,Online,UPI,1,1261.58,0.0,1261.58,1261.58,0,325.97,2025,11,November,Friday,1261.58,1261.58
2025-11-07,ORD012899,CUST02643,P016,Sofa,Furniture,Bengaluru,Online,Debit Card,2,38487.65,0.2,76975.3,61580.24,0,10726.57,2025,11,November,Friday,76975.3,61580.240000000005
2025-11-07,ORD003768,CUST01848,P010,Coffee Maker,Home,Bengaluru,Store,UPI,1,5174.05,0.25,5174.05,3880.54,0,348.1,2025,11,November,Friday,5174.05,3880.5375000000004
2025-11-07,ORD037585,CUST00833,P006,Desk,Furniture,Pune,Online,Debit Card,1,13134.19,0.15,13134.19,11164.06,0,1250.83,2025,11,November,Friday,13134.19,11164.0615
2025-11-07,ORD042481,CUST01556,P019,Vacuum Cleaner,Home,Pune,Store,UPI,2,8418.96,0.1,16837.92,15154.13,0,2515.62,2025,11,November,Friday,16837.92,15154.127999999999
2025-11-07,ORD022518,CUST02951,P002,Smartphone,Electronics,Surat,Online,Debit Card,4,29084.06,0.05,116336.24,110519.43,0,28440.61,2025,11,November,Friday,116336.24,110519.428
2025-11-07,ORD035009,CUST00087,P001,Laptop,Electronics,Delhi,Store,UPI,1,62474.82,0.0,62474.82,62474.82,0,5024.41,2025,11,November,Friday,62474.82,62474.82
2025-11-07,ORD006812,CUST02817,P013,Monitor,Electronics,Jaipur,Online,Credit Card,1,19449.71,0.05,19449.71,18477.22,0,2939.2,2025,11,November,Friday,19449.71,18477.224499999997
2025-11-07,ORD038925,CUST01806,P004,Smartwatch,Electronics,Jaipur,Online,Cash,1,6438.93,0.1,6438.93,5795.04,0,1478.51,2025,11,November,Friday,6438.93,5795.037
2025-11-07,ORD036749,CUST03668,P013,Monitor,Electronics,Hyderabad,Store,Net Banking,1,17269.95,0.25,17269.95,12952.46,0,3072.42,2025,11,November,Friday,17269.95,12952.462500000001
2025-11-07,ORD008709,CUST02743,P003,Headphones,Electronics,Hyderabad,Store,Credit Card,1,4389.83,0.15,4389.83,3731.36,0,979.08,2025,11,November,Friday,4389.83,3731.3554999999997
2025-11-07,ORD033360,CUST00317,P006,Desk,Furniture,Jaipur,Online,Credit Card,3,11745.55,0.2,35236.65,28189.32,0,5244.63,2025,11,November,Friday,35236.649999999994,28189.320000000003
2025-11-07,ORD025190,CUST04247,P015,Dining Table,Furniture,Kolkata,Online,UPI,2,20924.45,0.2,41848.9,33479.12,0,4901.61,2025,11,November,Friday,41848.9,33479.12
2025-11-07,ORD022222,CUST02009,P005,Office Chair,Furniture,Surat,Online,Credit Card,1,9407.25,0.0,9407.25,9407.25,0,1844.05,2025,11,November,Friday,9407.25,9407.25
2025-11-07,ORD024976,CUST02157,P004,Smartwatch,Electronics,Chennai,Online,Credit Card,1,7113.61,0.05,7113.61,6757.93,0,583.44,2025,11,November,Friday,7113.61,6757.929499999999
2025-11-07,ORD035821,CUST03867,P011,Mixer Grinder,Home,Kolkata,Online,Debit Card,1,4665.06,0.25,4665.06,3498.8,0,516.21,2025,11,November,Friday,4665.06,3498.795
2025-11-07,ORD040012,CUST04296,P010,Coffee Maker,Home,Ahmedabad,Store,Debit Card,2,5540.78,0.1,11081.56,9973.4,1,-498.67,2025,11,November,Friday,11081.56,9973.404
2025-11-07,ORD006632,CUST00984,P017,Jeans,Fashion,Kolkata,Store,Credit Card,5,2611.61,0.15,13058.05,11099.34,0,970.41,2025,11,November,Friday,13058.050000000001,11099.342499999999
2025-11-07,ORD004777,CUST00165,P011,Mixer Grinder,Home,Delhi,Online,Net Banking,1,4987.55,0.1,4987.55,4488.8,0,959.53,2025,11,November,Friday,4987.55,4488.795
2025-11-07,ORD031669,CUST00328,P005,Office Chair,Furniture,Surat,Online,UPI,2,8887.66,0.0,17775.32,17775.32,0,1932.26,2025,11,November,Friday,17775.32,17775.32
2025-11-07,ORD032523,CUST04793,P011,Mixer Grinder,Home,Delhi,Online,Cash,4,4323.28,0.05,17293.12,16428.46,0,4686.43,2025,11,November,Friday,17293.12,16428.464
2025-11-07,ORD008790,CUST03488,P020,Microwave,Home,Ahmedabad,Store,Credit Card,3,10364.01,0.05,31092.03,29537.43,0,8134.15,2025,11,November,Friday,31092.03,29537.428499999998
2025-11-07,ORD017854,CUST03899,P007,Backpack,Accessories,Jaipur,Store,UPI,1,1991.7,0.05,1991.7,1892.12,1,-94.61,2025,11,November,Friday,1991.7,1892.115
2025-11-07,ORD003902,CUST02340,P004,Smartwatch,Electronics,Pune,Store,Credit Card,3,6466.07,0.0,19398.21,19398.21,0,5665.37,2025,11,November,Friday,19398.21,19398.21
2025-11-07,ORD028410,CUST00578,P003,Headphones,Electronics,Bengaluru,Online,Credit Card,1,4503.04,0.2,4503.04,3602.43,0,711.02,2025,11,November,Friday,4503.04,3602.4320000000002
2025-11-07,ORD019724,CUST02300,P019,Vacuum Cleaner,Home,Chennai,Store,UPI,4,9539.56,0.05,38158.24,36250.33,0,5298.6,2025,11,November,Friday,38158.24,36250.327999999994
2025-11-07,ORD042928,CUST00490,P015,Dining Table,Furniture,Chennai,Store,UPI,2,22245.34,0.15,44490.68,37817.08,0,3417.96,2025,11,November,Friday,44490.68,37817.078
2025-11-07,ORD046078,CUST00597,P003,Headphones,Electronics,Ahmedabad,Online,Debit Card,2,4505.13,0.05,9010.26,8559.75,0,1658.39,2025,11,November,Friday,9010.26,8559.747
2025-11-07,ORD041292,CUST00142,P003,Headphones,Electronics,Bengaluru,Store,UPI,1,4942.29,0.0,4942.29,4942.29,0,561.44,2025,11,November,Friday,4942.29,4942.29
2025-11-07,ORD014929,CUST01262,P006,Desk,Furniture,Jaipur,Online,Credit Card,1,13029.0,0.15,13029.0,11074.65,0,1735.13,2025,11,November,Friday,13029.0,11074.65
2025-11-07,ORD034760,CUST00475,P014,Keyboard,Electronics,Pune,Online,Credit Card,1,2488.75,0.05,2488.75,2364.31,0,593.91,2025,11,November,Friday,2488.75,2364.3125
2025-11-07,ORD018430,CUST03015,P002,Smartphone,Electronics,Surat,Online,UPI,5,29557.79,0.05,147788.95,140399.5,0,36128.65,2025,11,November,Friday,147788.95,140399.5025
2025-11-07,ORD045432,CUST03992,P009,T-Shirt,Fashion,Hyderabad,Online,Credit Card,2,1269.7,0.05,2539.4,2412.43,0,535.3,2025,11,November,Friday,2539.4,2412.43
2025-11-07,ORD046989,CUST00305,P013,Monitor,Electronics,Surat,Online,UPI,1,18448.78,0.2,18448.78,14759.02,0,3420.65,2025,11,November,Friday,18448.78,14759.024
2025-11-07,ORD002005,CUST04895,P012,Air Fryer,Home,Chennai,Store,Credit Card,1,6656.27,0.05,6656.27,6323.46,0,1271.15,2025,11,November,Friday,6656.27,6323.4565
2025-11-07,ORD008901,CUST00718,P008,Running Shoes,Fashion,Pune,Store,UPI,1,4183.06,0.15,4183.06,3555.6,0,190.76,2025,11,November,Friday,4183.06,3555.601
2025-11-07,ORD030932,CUST00365,P008,Running Shoes,Fashion,Kolkata,Online,UPI,1,3893.16,0.1,3893.16,3503.84,0,946.68,2025,11,November,Friday,3893.16,3503.844
2025-11-07,ORD046943,CUST01212,P016,Sofa,Furniture,Hyderabad,Store,UPI,2,35164.17,0.0,70328.34,70328.34,0,17345.04,2025,11,November,Friday,70328.34,70328.34
2025-11-07,ORD022014,CUST02945,P016,Sofa,Furniture,Chennai,Online,UPI,3,34896.81,0.05,104690.43,99455.91,0,21797.31,2025,11,November,Friday,104690.43,99455.90849999999
2025-11-07,ORD008717,CUST00399,P019,Vacuum Cleaner,Home,Pune,Store,UPI,2,9123.0,0.15,18246.0,15509.1,0,2223.8,2025,11,November,Friday,18246.0,15509.1
2025-11-07,ORD008047,CUST04853,P018,Jacket,Fashion,Kolkata,Online,Credit Card,1,4927.31,0.15,4927.31,4188.21,0,524.6,2025,11,November,Friday,4927.31,4188.2135
2025-11-07,ORD039865,CUST04968,P008,Running Shoes,Fashion,Bengaluru,Store,UPI,1,4379.98,0.05,4379.98,4160.98,0,676.78,2025,11,November,Friday,4379.98,4160.981
2025-11-08,ORD000166,CUST00594,P011,Mixer Grinder,Home,Mumbai,Store,Credit Card,1,4695.4,0.1,4695.4,4225.86,0,622.8,2025,11,November,Saturday,4695.4,4225.86
2025-11-08,ORD020060,CUST02719,P002,Smartphone,Electronics,Mumbai,Online,Net Banking,1,29996.83,0.15,29996.83,25497.31,0,6849.18,2025,11,November,Saturday,29996.83,25497.305500000002
2025-11-08,ORD020854,CUST04440,P004,Smartwatch,Electronics,Pune,Online,Credit Card,1,6376.39,0.05,6376.39,6057.57,0,944.5,2025,11,November,Saturday,6376.39,6057.5705
2025-11-08,ORD020066,CUST02623,P005,Office Chair,Furniture,Jaipur,Online,Debit Card,2,9912.89,0.0,19825.78,19825.78,0,2832.68,2025,11,November,Saturday,19825.78,19825.78
2025-11-08,ORD004007,CUST02857,P004,Smartwatch,Electronics,Mumbai,Online,UPI,1,7501.76,0.2,7501.76,6001.41,0,843.38,2025,11,November,Saturday,7501.76,6001.408
2025-11-08,ORD002553,CUST04411,P010,Coffee Maker,Home,Kolkata,Online,Credit Card,1,5045.55,0.15,5045.55,4288.72,1,-214.44,2025,11,November,Saturday,5045.55,4288.7175
2025-11-08,ORD031499,CUST02716,P005,Office Chair,Furniture,Kolkata,Store,UPI,1,9284.18,0.1,9284.18,8355.76,0,1117.51,2025,11,November,Saturday,9284.18,8355.762
2025-11-08,ORD022795,CUST01203,P020,Microwave,Home,Pune,Store,Credit Card,2,10861.94,0.0,21723.88,21723.88,0,6104.63,2025,11,November,Saturday,21723.88,21723.88
2025-11-08,ORD035902,CUST01308,P007,Backpack,Accessories,Chennai,Online,UPI,5,2075.2,0.1,10376.0,9338.4,0,1804.1,2025,11,November,Saturday,10376.0,9338.4
2025-11-08,ORD009725,CUST03576,P006,Desk,Furniture,Ahmedabad,Store,UPI,4,12768.45,0.1,51073.8,45966.42,0,3385.75,2025,11,November,Saturday,51073.8,45966.420000000006
2025-11-08,ORD049232,CUST00944,P014,Keyboard,Electronics,Jaipur,Online,UPI,1,2533.83,0.1,2533.83,2280.45,0,240.74,2025,11,November,Saturday,2533.83,2280.447
2025-11-08,ORD043047,CUST00552,P019,Vacuum Cleaner,Home,Chennai,Online,UPI,1,9089.16,0.05,9089.16,8634.7,0,2410.85,2025,11,November,Saturday,9089.16,8634.702
2025-11-08,ORD016832,CUST02334,P019,Vacuum Cleaner,Home,Mumbai,Store,Cash,1,9656.99,0.05,9656.99,9174.14,0,1234.34,2025,11,November,Saturday,9656.99,9174.1405
2025-11-08,ORD004453,CUST04701,P003,Headphones,Electronics,Chennai,Store,UPI,1,4395.81,0.15,4395.81,3736.44,0,591.35,2025,11,November,Saturday,4395.81,3736.4385
2025-11-08,ORD008510,CUST03799,P020,Microwave,Home,Bengaluru,Online,UPI,2,11834.98,0.2,23669.96,18935.97,0,4148.71,2025,11,November,Saturday,23669.96,18935.968
2025-11-08,ORD016751,CUST00990,P003,Headphones,Electronics,Kolkata,Store,UPI,1,4674.46,0.05,4674.46,4440.74,0,1212.58,2025,11,November,Saturday,4674.46,4440.737
2025-11-08,ORD037942,CUST01306,P008,Running Shoes,Fashion,Chennai,Store,Debit Card,1,4357.08,0.05,4357.08,4139.23,0,972.33,2025,11,November,Saturday,4357.08,4139.226
2025-11-08,ORD043314,CUST02268,P007,Backpack,Accessories,Surat,Store,UPI,2,2227.16,0.05,4454.32,4231.6,0,882.53,2025,11,November,Saturday,4454.32,4231.603999999999
2025-11-08,ORD044721,CUST04467,P012,Air Fryer,Home,Surat,Store,UPI,1,7905.57,0.05,7905.57,7510.29,0,680.29,2025,11,November,Saturday,7905.57,7510.291499999999
2025-11-08,ORD015630,CUST04387,P018,Jacket,Fashion,Mumbai,Store,Credit Card,1,5515.31,0.1,5515.31,4963.78,0,443.88,2025,11,November,Saturday,5515.31,4963.779
2025-11-08,ORD042934,CUST04713,P011,Mixer Grinder,Home,Chennai,Online,Credit Card,2,4364.25,0.15,8728.5,7419.22,0,484.83,2025,11,November,Saturday,8728.5,7419.224999999999
2025-11-08,ORD044797,CUST01925,P011,Mixer Grinder,Home,Mumbai,Online,Credit Card,1,5226.33,0.1,5226.33,4703.7,0,1038.62,2025,11,November,Saturday,5226.33,4703.697
2025-11-08,ORD044802,CUST01889,P004,Smartwatch,Electronics,Jaipur,Online,Cash,1,6338.32,0.15,6338.32,5387.57,0,1395.91,2025,11,November,Saturday,6338.32,5387.571999999999
2025-11-08,ORD006948,CUST03630,P009,T-Shirt,Fashion,Kolkata,Online,Credit Card,1,1275.41,0.15,1275.41,1084.1,0,151.87,2025,11,November,Saturday,1275.41,1084.0985
2025-11-08,ORD012338,CUST00113,P015,Dining Table,Furniture,Jaipur,Online,UPI,1,23202.68,0.1,23202.68,20882.41,0,3287.85,2025,11,November,Saturday,23202.68,20882.412
2025-11-08,ORD036065,CUST04687,P020,Microwave,Home,Mumbai,Online,Debit Card,2,10502.23,0.0,21004.46,21004.46,0,3189.32,2025,11,November,Saturday,21004.46,21004.46
2025-11-08,ORD004280,CUST00261,P002,Smartphone,Electronics,Hyderabad,Store,Credit Card,1,26991.85,0.0,26991.85,26991.85,0,5148.72,2025,11,November,Saturday,26991.85,26991.85
2025-11-08,ORD039326,CUST01416,P017,Jeans,Fashion,Kolkata,Online,UPI,3,2789.91,0.05,8369.73,7951.24,1,-397.56,2025,11,November,Saturday,8369.73,7951.2435
2025-11-08,ORD018558,CUST04625,P004,Smartwatch,Electronics,Delhi,Online,UPI,1,7490.96,0.1,7490.96,6741.86,0,597.95,2025,11,November,Saturday,7490.96,6741.8640000000005
2025-11-08,ORD039750,CUST00950,P011,Mixer Grinder,Home,Kolkata,Online,Debit Card,1,4462.27,0.2,4462.27,3569.82,0,693.58,2025,11,November,Saturday,4462.27,3569.8160000000007
2025-11-08,ORD012557,CUST03503,P009,T-Shirt,Fashion,Hyderabad,Online,Credit Card,2,1311.43,0.0,2622.86,2622.86,0,292.17,2025,11,November,Saturday,2622.86,2622.86
2025-11-08,ORD005368,CUST01554,P017,Jeans,Fashion,Bengaluru,Online,Credit Card,3,2694.0,0.05,8082.0,7677.9,1,-383.9,2025,11,November,Saturday,8082.0,7677.9
2025-11-08,ORD017657,CUST00330,P010,Coffee Maker,Home,Hyderabad,Store,Cash,1,5209.68,0.0,5209.68,5209.68,0,908.83,2025,11,November,Saturday,5209.68,5209.68
2025-11-08,ORD028567,CUST02755,P003,Headphones,Electronics,Hyderabad,Online,UPI,4,4337.28,0.1,17349.12,15614.21,0,2096.9,2025,11,November,Saturday,17349.12,15614.207999999999
2025-11-08,ORD020723,CUST03636,P015,Dining Table,Furniture,Jaipur,Online,Credit Card,5,23418.21,0.05,117091.05,111236.5,0,32056.37,2025,11,November,Saturday,117091.04999999999,111236.4975
2025-11-08,ORD002108,CUST00551,P009,T-Shirt,Fashion,Pune,Online,Credit Card,2,1117.44,0.05,2234.88,2123.14,0,199.77,2025,11,November,Saturday,2234.88,2123.136
2025-11-08,ORD036279,CUST01010,P004,Smartwatch,Electronics,Kolkata,Online,Cash,2,6699.05,0.2,13398.1,10718.48,0,2485.24,2025,11,November,Saturday,13398.1,10718.480000000001
2025-11-08,ORD028159,CUST00927,P015,Dining Table,Furniture,Hyderabad,Online,Credit Card,1,20448.99,0.15,20448.99,17381.64,0,2155.82,2025,11,November,Saturday,20448.99,17381.6415
2025-11-08,ORD040414,CUST03689,P011,Mixer Grinder,Home,Chennai,Store,UPI,2,5237.9,0.15,10475.8,8904.43,0,2013.29,2025,11,November,Saturday,10475.8,8904.429999999998
2025-11-08,ORD011698,CUST00836,P003,Headphones,Electronics,Jaipur,Store,Credit Card,1,4946.55,0.0,4946.55,4946.55,0,1342.12,2025,11,November,Saturday,4946.55,4946.55
2025-11-08,ORD018820,CUST03003,P005,Office Chair,Furniture,Delhi,Online,Credit Card,1,9483.46,0.0,9483.46,9483.46,0,2135.19,2025,11,November,Saturday,9483.46,9483.46
2025-11-08,ORD022355,CUST02175,P007,Backpack,Accessories,Jaipur,Store,Credit Card,2,2301.81,0.0,4603.62,4603.62,0,423.68,2025,11,November,Saturday,4603.62,4603.62
2025-11-08,ORD015361,CUST00839,P017,Jeans,Fashion,Surat,Online,Net Banking,1,2702.13,0.0,2702.13,2702.13,0,496.14,2025,11,November,Saturday,2702.13,2702.13
2025-11-08,ORD049904,CUST02911,P010,Coffee Maker,Home,Mumbai,Online,Debit Card,1,5747.85,0.0,5747.85,5747.85,0,713.47,2025,11,November,Saturday,5747.85,5747.85
2025-11-08,ORD024920,CUST00699,P013,Monitor,Electronics,Mumbai,Online,Debit Card,1,17546.85,0.2,17546.85,14037.48,0,3094.72,2025,11,November,Saturday,17546.85,14037.48
2025-11-08,ORD027579,CUST03800,P020,Microwave,Home,Surat,Store,Credit Card,1,11377.7,0.1,11377.7,10239.93,0,1474.94,2025,11,November,Saturday,11377.7,10239.93
2025-11-08,ORD019836,CUST04977,P012,Air Fryer,Home,Jaipur,Online,UPI,1,6869.09,0.05,6869.09,6525.64,0,906.73,2025,11,November,Saturday,6869.09,6525.635499999999
2025-11-08,ORD019237,CUST01162,P020,Microwave,Home,Surat,Store,Net Banking,1,12029.79,0.05,12029.79,11428.3,0,1843.46,2025,11,November,Saturday,12029.79,11428.300500000001
2025-11-08,ORD018436,CUST00477,P014,Keyboard,Electronics,Delhi,Online,UPI,3,2533.29,0.0,7599.87,7599.87,0,1640.2,2025,11,November,Saturday,7599.87,7599.87
2025-11-08,ORD000378,CUST02659,P001,Laptop,Electronics,Kolkata,Online,UPI,1,63169.71,0.1,63169.71,56852.74,0,13676.11,2025,11,November,Saturday,63169.71,56852.739
2025-11-08,ORD034681,CUST04211,P017,Jeans,Fashion,Kolkata,Online,Credit Card,1,2580.32,0.1,2580.32,2322.29,0,157.78,2025,11,November,Saturday,2580.32,2322.288
2025-11-08,ORD038951,CUST03627,P012,Air Fryer,Home,Jaipur,Online,UPI,2,7819.25,0.2,15638.5,12510.8,0,574.4,2025,11,November,Saturday,15638.5,12510.800000000001
2025-11-08,ORD016270,CUST02183,P004,Smartwatch,Electronics,Pune,Store,Credit Card,4,7561.6,0.0,30246.4,30246.4,0,6027.03,2025,11,November,Saturday,30246.4,30246.4
2025-11-08,ORD045892,CUST03745,P015,Dining Table,Furniture,Kolkata,Online,Credit Card,1,21672.89,0.05,21672.89,20589.25,0,4642.75,2025,11,November,Saturday,21672.89,20589.245499999997
2025-11-08,ORD047931,CUST04385,P006,Desk,Furniture,Bengaluru,Online,Net Banking,3,12360.0,0.0,37080.0,37080.0,0,6396.21,2025,11,November,Saturday,37080.0,37080.0
2025-11-08,ORD041257,CUST01631,P010,Coffee Maker,Home,Bengaluru,Online,Debit Card,1,4955.82,0.05,4955.82,4708.03,0,1146.17,2025,11,November,Saturday,4955.82,4708.0289999999995
2025-11-08,ORD043751,CUST03196,P008,Running Shoes,Fashion,Delhi,Online,UPI,1,4083.03,0.2,4083.03,3266.42,0,258.3,2025,11,November,Saturday,4083.03,3266.4240000000004
2025-11-08,ORD034898,CUST04031,P007,Backpack,Accessories,Pune,Store,UPI,2,2408.14,0.25,4816.28,3612.21,0,451.39,2025,11,November,Saturday,4816.28,3612.21
2025-11-08,ORD016124,CUST02637,P011,Mixer Grinder,Home,Pune,Online,Credit Card,1,5200.75,0.0,5200.75,5200.75,0,1300.68,2025,11,November,Saturday,5200.75,5200.75
2025-11-08,ORD011294,CUST02717,P006,Desk,Furniture,Kolkata,Online,Credit Card,4,12609.74,0.1,50438.96,45395.06,1,-2269.75,2025,11,November,Saturday,50438.96,45395.064
2025-11-08,ORD008122,CUST02998,P014,Keyboard,Electronics,Delhi,Online,Debit Card,1,2611.12,0.25,2611.12,1958.34,0,315.07,2025,11,November,Saturday,2611.12,1958.34
2025-11-08,ORD035138,CUST00858,P003,Headphones,Electronics,Delhi,Store,Net Banking,2,4157.24,0.05,8314.48,7898.76,0,2127.85,2025,11,November,Saturday,8314.48,7898.755999999999
2025-11-08,ORD035183,CUST00102,P019,Vacuum Cleaner,Home,Pune,Online,Cash,4,9512.83,0.0,38051.32,38051.32,0,5091.05,2025,11,November,Saturday,38051.32,38051.32
2025-11-08,ORD015944,CUST03980,P003,Headphones,Electronics,Surat,Store,UPI,1,4747.36,0.0,4747.36,4747.36,1,-237.37,2025,11,November,Saturday,4747.36,4747.36
2025-11-08,ORD047181,CUST01725,P001,Laptop,Electronics,Delhi,Store,Credit Card,1,69991.39,0.1,69991.39,62992.25,0,14759.81,2025,11,November,Saturday,69991.39,62992.251000000004
2025-11-08,ORD041517,CUST04091,P004,Smartwatch,Electronics,Jaipur,Store,UPI,1,7074.84,0.15,7074.84,6013.61,0,959.31,2025,11,November,Saturday,7074.84,6013.614
2025-11-08,ORD048099,CUST02411,P010,Coffee Maker,Home,Bengaluru,Store,UPI,1,5219.37,0.15,5219.37,4436.46,0,329.22,2025,11,November,Saturday,5219.37,4436.4645
2025-11-08,ORD032282,CUST04968,P004,Smartwatch,Electronics,Chennai,Store,UPI,1,6651.37,0.15,6651.37,5653.66,0,1017.51,2025,11,November,Saturday,6651.37,5653.6645
2025-11-08,ORD004920,CUST01474,P009,T-Shirt,Fashion,Ahmedabad,Online,Credit Card,1,1138.35,0.05,1138.35,1081.43,0,268.99,2025,11,November,Saturday,1138.35,1081.4325
2025-11-08,ORD034182,CUST04986,P006,Desk,Furniture,Bengaluru,Store,UPI,1,12875.49,0.0,12875.49,12875.49,0,1233.77,2025,11,November,Saturday,12875.49,12875.49
2025-11-08,ORD016072,CUST00798,P005,Office Chair,Furniture,Mumbai,Store,Credit Card,4,9775.46,0.05,39101.84,37146.75,0,4464.06,2025,11,November,Saturday,39101.84,37146.74799999999
2025-11-08,ORD022912,CUST02377,P020,Microwave,Home,Ahmedabad,Online,UPI,2,10712.09,0.1,21424.18,19281.76,0,2735.02,2025,11,November,Saturday,21424.18,19281.762000000002
2025-11-08,ORD034077,CUST00461,P016,Sofa,Furniture,Ahmedabad,Online,UPI,1,38186.43,0.15,38186.43,32458.47,0,4349.9,2025,11,November,Saturday,38186.43,32458.4655
2025-11-08,ORD001939,CUST00761,P016,Sofa,Furniture,Hyderabad,Online,UPI,3,34113.3,0.05,102339.9,97222.9,0,17274.82,2025,11,November,Saturday,102339.90000000001,97222.90499999998
2025-11-08,ORD008118,CUST01982,P015,Dining Table,Furniture,Kolkata,Store,Net Banking,2,21103.58,0.1,42207.16,37986.44,0,5587.28,2025,11,November,Saturday,42207.16,37986.444
2025-11-09,ORD001473,CUST01273,P015,Dining Table,Furniture,Pune,Store,UPI,2,23843.58,0.2,47687.16,38149.73,0,6805.65,2025,11,November,Sunday,47687.16,38149.728
2025-11-09,ORD029670,CUST03577,P008,Running Shoes,Fashion,Delhi,Online,Credit Card,1,3982.47,0.15,3982.47,3385.1,0,582.76,2025,11,November,Sunday,3982.47,3385.0995
2025-11-09,ORD042083,CUST02626,P013,Monitor,Electronics,Jaipur,Online,Credit Card,3,17655.03,0.0,52965.09,52965.09,1,-2648.25,2025,11,November,Sunday,52965.09,52965.09
2025-11-09,ORD039656,CUST00322,P002,Smartphone,Electronics,Chennai,Online,Credit Card,3,30098.75,0.2,90296.25,72237.0,0,12525.52,2025,11,November,Sunday,90296.25,72237.0
2025-11-09,ORD016273,CUST02584,P013,Monitor,Electronics,Ahmedabad,Store,UPI,1,17872.4,0.0,17872.4,17872.4,0,4051.85,2025,11,November,Sunday,17872.4,17872.4
2025-11-09,ORD015365,CUST03960,P017,Jeans,Fashion,Hyderabad,Store,Credit Card,2,2759.96,0.05,5519.92,5243.92,0,376.52,2025,11,November,Sunday,5519.92,5243.924
2025-11-09,ORD023276,CUST02913,P013,Monitor,Electronics,Delhi,Online,Cash,2,17296.9,0.15,34593.8,29404.73,1,-1470.24,2025,11,November,Sunday,34593.8,29404.730000000003
2025-11-09,ORD036554,CUST01967,P010,Coffee Maker,Home,Chennai,Store,Debit Card,2,5374.35,0.15,10748.7,9136.4,0,984.6,2025,11,November,Sunday,10748.7,9136.395
2025-11-09,ORD017691,CUST03359,P016,Sofa,Furniture,Chennai,Online,UPI,1,36304.77,0.0,36304.77,36304.77,0,9404.78,2025,11,November,Sunday,36304.77,36304.77
2025-11-09,ORD007777,CUST00580,P016,Sofa,Furniture,Hyderabad,Online,UPI,1,31885.56,0.0,31885.56,31885.56,0,9153.66,2025,11,November,Sunday,31885.56,31885.56
2025-11-09,ORD006728,CUST00921,P017,Jeans,Fashion,Bengaluru,Online,Cash,4,2936.16,0.15,11744.64,9982.94,0,700.8,2025,11,November,Sunday,11744.64,9982.944
2025-11-09,ORD018569,CUST00171,P016,Sofa,Furniture,Chennai,Online,UPI,1,33152.38,0.1,33152.38,29837.14,0,6186.63,2025,11,November,Sunday,33152.38,29837.142
2025-11-09,ORD017914,CUST00288,P016,Sofa,Furniture,Delhi,Online,Credit Card,5,38376.47,0.05,191882.35,182288.23,0,15201.33,2025,11,November,Sunday,191882.35,182288.23249999998
2025-11-09,ORD036413,CUST00754,P008,Running Shoes,Fashion,Chennai,Online,Credit Card,2,3795.43,0.15,7590.86,6452.23,0,1121.58,2025,11,November,Sunday,7590.86,6452.231
2025-11-09,ORD004635,CUST04621,P004,Smartwatch,Electronics,Chennai,Online,UPI,1,6919.83,0.2,6919.83,5535.86,0,374.29,2025,11,November,Sunday,6919.83,5535.8640000000005
2025-11-09,ORD041843,CUST04761,P013,Monitor,Electronics,Ahmedabad,Online,Debit Card,1,17659.4,0.15,17659.4,15010.49,0,1148.45,2025,11,November,Sunday,17659.4,15010.490000000002
2025-11-09,ORD020263,CUST02409,P006,Desk,Furniture,Delhi,Online,Credit Card,3,12602.69,0.1,37808.07,34027.26,0,6934.41,2025,11,November,Sunday,37808.07,34027.263
2025-11-09,ORD045645,CUST00796,P019,Vacuum Cleaner,Home,Delhi,Store,Cash,3,9438.04,0.05,28314.12,26898.41,0,6141.03,2025,11,November,Sunday,28314.120000000003,26898.413999999997
2025-11-09,ORD028556,CUST04380,P009,T-Shirt,Fashion,Surat,Store,Net Banking,4,1299.97,0.15,5199.88,4419.9,0,250.87,2025,11,November,Sunday,5199.88,4419.898
2025-11-09,ORD018550,CUST03881,P004,Smartwatch,Electronics,Chennai,Store,Debit Card,3,7021.17,0.05,21063.51,20010.33,0,4516.77,2025,11,November,Sunday,21063.510000000002,20010.334499999997
2025-11-09,ORD007287,CUST04673,P009,T-Shirt,Fashion,Ahmedabad,Store,UPI,1,1256.95,0.15,1256.95,1068.41,0,205.86,2025,11,November,Sunday,1256.95,1068.4075
2025-11-09,ORD013351,CUST02692,P008,Running Shoes,Fashion,Hyderabad,Online,Debit Card,2,4529.57,0.0,9059.14,9059.14,0,1421.9,2025,11,November,Sunday,9059.14,9059.14
2025-11-09,ORD013204,CUST02241,P009,T-Shirt,Fashion,Chennai,Online,Credit Card,2,1288.71,0.15,2577.42,2190.81,0,272.57,2025,11,November,Sunday,2577.42,2190.807
2025-11-09,ORD031896,CUST04200,P012,Air Fryer,Home,Bengaluru,Store,Credit Card,1,6728.66,0.0,6728.66,6728.66,0,1243.16,2025,11,November,Sunday,6728.66,6728.66
2025-11-09,ORD016785,CUST02053,P014,Keyboard,Electronics,Hyderabad,Online,Credit Card,5,2597.35,0.2,12986.75,10389.4,0,1827.39,2025,11,November,Sunday,12986.75,10389.400000000001
2025-11-09,ORD001697,CUST02177,P018,Jacket,Fashion,Delhi,Online,Debit Card,1,5115.26,0.15,5115.26,4347.97,0,311.34,2025,11,November,Sunday,5115.26,4347.9710000000005
2025-11-09,ORD044458,CUST04725,P019,Vacuum Cleaner,Home,Ahmedabad,Store,Debit Card,2,8490.92,0.1,16981.84,15283.66,0,3518.87,2025,11,November,Sunday,16981.84,15283.656
2025-11-09,ORD017834,CUST04396,P008,Running Shoes,Fashion,Delhi,Online,Credit Card,1,4505.69,0.05,4505.69,4280.41,0,562.34,2025,11,November,Sunday,4505.69,4280.4055
2025-11-09,ORD034514,CUST02962,P005,Office Chair,Furniture,Ahmedabad,Online,Debit Card,1,8899.3,0.1,8899.3,8009.37,0,2129.61,2025,11,November,Sunday,8899.3,8009.37
2025-11-09,ORD031726,CUST03466,P014,Keyboard,Electronics,Delhi,Online,Credit Card,3,2412.15,0.1,7236.45,6512.81,0,1462.93,2025,11,November,Sunday,7236.450000000001,6512.805
2025-11-09,ORD043619,CUST03096,P004,Smartwatch,Electronics,Ahmedabad,Online,Debit Card,2,6587.28,0.15,13174.56,11198.38,0,947.62,2025,11,November,Sunday,13174.56,11198.375999999998
2025-11-09,ORD032384,CUST04865,P013,Monitor,Electronics,Delhi,Online,UPI,1,16712.62,0.2,16712.62,13370.1,0,2973.21,2025,11,November,Sunday,16712.62,13370.096
2025-11-09,ORD044706,CUST01804,P015,Dining Table,Furniture,Hyderabad,Online,Cash,4,20090.77,0.1,80363.08,72326.77,0,7499.14,2025,11,November,Sunday,80363.08,72326.772
2025-11-09,ORD041724,CUST00866,P007,Backpack,Accessories,Ahmedabad,Online,Net Banking,1,2080.0,0.1,2080.0,1872.0,0,428.22,2025,11,November,Sunday,2080.0,1872.0
2025-11-09,ORD018666,CUST00794,P015,Dining Table,Furniture,Delhi,Online,Debit Card,2,21709.78,0.15,43419.56,36906.63,0,6137.19,2025,11,November,Sunday,43419.56,36906.626
2025-11-09,ORD009110,CUST01056,P005,Office Chair,Furniture,Kolkata,Online,UPI,1,9529.05,0.1,9529.05,8576.14,0,1251.48,2025,11,November,Sunday,9529.05,8576.145
2025-11-09,ORD026524,CUST00521,P013,Monitor,Electronics,Hyderabad,Store,Debit Card,1,19552.1,0.05,19552.1,18574.5,0,1356.95,2025,11,November,Sunday,19552.1,18574.495
2025-11-09,ORD019650,CUST04616,P007,Backpack,Accessories,Jaipur,Store,UPI,1,2256.95,0.1,2256.95,2031.26,0,310.3,2025,11,November,Sunday,2256.95,2031.2549999999999
2025-11-09,ORD015470,CUST00672,P008,Running Shoes,Fashion,Delhi,Online,UPI,1,4064.08,0.15,4064.08,3454.47,0,402.69,2025,11,November,Sunday,4064.08,3454.468
2025-11-09,ORD004695,CUST01536,P012,Air Fryer,Home,Chennai,Store,UPI,3,6761.61,0.0,20284.83,20284.83,0,2906.46,2025,11,November,Sunday,20284.829999999998,20284.83
2025-11-09,ORD008439,CUST03639,P017,Jeans,Fashion,Mumbai,Online,UPI,1,2893.87,0.05,2893.87,2749.18,0,777.81,2025,11,November,Sunday,2893.87,2749.1764999999996
2025-11-09,ORD033041,CUST02750,P013,Monitor,Electronics,Mumbai,Online,UPI,1,16577.69,0.05,16577.69,15748.81,0,2506.23,2025,11,November,Sunday,16577.69,15748.805499999999
2025-11-09,ORD034332,CUST01234,P014,Keyboard,Electronics,Ahmedabad,Store,Debit Card,1,2356.04,0.1,2356.04,2120.44,0,320.26,2025,11,November,Sunday,2356.04,2120.436
2025-11-09,ORD022300,CUST04889,P009,T-Shirt,Fashion,Surat,Store,Net Banking,2,1226.23,0.2,2452.46,1961.97,0,309.69,2025,11,November,Sunday,2452.46,1961.968
2025-11-09,ORD038680,CUST01386,P013,Monitor,Electronics,Hyderabad,Online,Credit Card,1,16606.17,0.0,16606.17,16606.17,0,1719.23,2025,11,November,Sunday,16606.17,16606.17
2025-11-09,ORD021940,CUST04962,P016,Sofa,Furniture,Jaipur,Online,Debit Card,1,34208.22,0.1,34208.22,30787.4,0,4894.55,2025,11,November,Sunday,34208.22,30787.398
2025-11-09,ORD010609,CUST02036,P004,Smartwatch,Electronics,Hyderabad,Online,Credit Card,1,6839.84,0.1,6839.84,6155.86,0,1374.46,2025,11,November,Sunday,6839.84,6155.856000000001
2025-11-09,ORD000772,CUST00874,P002,Smartphone,Electronics,Hyderabad,Online,Cash,4,28374.11,0.2,113496.44,90797.15,0,11245.44,2025,11,November,Sunday,113496.44,90797.152
2025-11-09,ORD035993,CUST04188,P015,Dining Table,Furniture,Delhi,Store,Credit Card,1,20481.93,0.1,20481.93,18433.74,0,1947.68,2025,11,November,Sunday,20481.93,18433.737
2025-11-09,ORD035459,CUST02466,P001,Laptop,Electronics,Surat,Store,Credit Card,1,67353.84,0.0,67353.84,67353.84,0,9240.27,2025,11,November,Sunday,67353.84,67353.84
2025-11-09,ORD025674,CUST00038,P016,Sofa,Furniture,Kolkata,Store,UPI,1,34715.01,0.0,34715.01,34715.01,0,9629.93,2025,11,November,Sunday,34715.01,34715.01
2025-11-09,ORD018984,CUST00215,P009,T-Shirt,Fashion,Bengaluru,Online,Credit Card,1,1224.04,0.15,1224.04,1040.43,0,257.28,2025,11,November,Sunday,1224.04,1040.434
2025-11-09,ORD032120,CUST02834,P001,Laptop,Electronics,Ahmedabad,Online,UPI,1,64564.85,0.1,64564.85,58108.36,0,13147.99,2025,11,November,Sunday,64564.85,58108.365
2025-11-09,ORD011506,CUST02563,P003,Headphones,Electronics,Kolkata,Store,UPI,1,4541.74,0.15,4541.74,3860.48,0,687.21,2025,11,November,Sunday,4541.74,3860.479
2025-11-09,ORD040611,CUST02423,P004,Smartwatch,Electronics,Chennai,Online,UPI,2,7696.48,0.1,15392.96,13853.66,0,2370.01,2025,11,November,Sunday,15392.96,13853.663999999999
2025-11-09,ORD038331,CUST00379,P007,Backpack,Accessories,Delhi,Store,UPI,1,2410.15,0.15,2410.15,2048.63,0,290.93,2025,11,November,Sunday,2410.15,2048.6275
2025-11-09,ORD038509,CUST03018,P016,Sofa,Furniture,Delhi,Online,UPI,4,33300.52,0.1,133202.08,119881.87,0,32206.03,2025,11,November,Sunday,133202.08,119881.87199999999
2025-11-09,ORD002623,CUST04421,P014,Keyboard,Electronics,Kolkata,Store,Credit Card,1,2634.91,0.2,2634.91,2107.93,0,539.33,2025,11,November,Sunday,2634.91,2107.928
2025-11-09,ORD026976,CUST00292,P020,Microwave,Home,Hyderabad,Online,UPI,1,12056.0,0.15,12056.0,10247.6,0,1468.63,2025,11,November,Sunday,12056.0,10247.6
2025-11-09,ORD039270,CUST01752,P008,Running Shoes,Fashion,Hyderabad,Store,UPI,1,4504.0,0.0,4504.0,4504.0,0,433.01,2025,11,November,Sunday,4504.0,4504.0
2025-11-09,ORD017549,CUST02972,P020,Microwave,Home,Surat,Online,Credit Card,2,10655.93,0.05,21311.86,20246.27,1,-1012.31,2025,11,November,Sunday,21311.86,20246.267
2025-11-09,ORD025129,CUST00107,P003,Headphones,Electronics,Chennai,Store,Credit Card,1,4541.22,0.0,4541.22,4541.22,0,869.38,2025,11,November,Sunday,4541.22,4541.22
2025-11-09,ORD039237,CUST03674,P018,Jacket,Fashion,Ahmedabad,Store,Credit Card,1,5118.9,0.25,5118.9,3839.18,0,183.38,2025,11,November,Sunday,5118.9,3839.1749999999997
2025-11-09,ORD006068,CUST02271,P003,Headphones,Electronics,Kolkata,Online,Credit Card,1,4601.09,0.05,4601.09,4371.04,0,445.82,2025,11,November,Sunday,4601.09,4371.0355
2025-11-09,ORD017383,CUST02902,P004,Smartwatch,Electronics,Chennai,Store,Credit Card,2,6400.46,0.2,12800.92,10240.74,0,694.55,2025,11,November,Sunday,12800.92,10240.736
2025-11-09,ORD040424,CUST03500,P017,Jeans,Fashion,Ahmedabad,Store,Credit Card,1,3005.31,0.05,3005.31,2855.04,0,451.85,2025,11,November,Sunday,3005.31,2855.0445
2025-11-09,ORD030751,CUST03720,P003,Headphones,Electronics,Ahmedabad,Store,Credit Card,4,4075.83,0.05,16303.32,15488.15,0,1177.46,2025,11,November,Sunday,16303.32,15488.153999999999
2025-11-09,ORD031500,CUST04027,P020,Microwave,Home,Ahmedabad,Online,Debit Card,2,11787.11,0.15,23574.22,20038.09,0,4575.5,2025,11,November,Sunday,23574.22,20038.087
2025-11-09,ORD003945,CUST03890,P001,Laptop,Electronics,Ahmedabad,Online,UPI,1,70139.92,0.05,70139.92,66632.92,1,-3331.65,2025,11,November,Sunday,70139.92,66632.924
2025-11-09,ORD023017,CUST03535,P016,Sofa,Furniture,Surat,Online,Credit Card,1,32954.75,0.2,32954.75,26363.8,0,3309.49,2025,11,November,Sunday,32954.75,26363.800000000003
2025-11-10,ORD046419,CUST00306,P020,Microwave,Home,Delhi,Online,Credit Card,1,10955.58,0.15,10955.58,9312.24,0,1857.15,2025,11,November,Monday,10955.58,9312.243
2025-11-10,ORD021148,CUST01959,P001,Laptop,Electronics,Kolkata,Store,UPI,1,63752.31,0.0,63752.31,63752.31,0,14288.24,2025,11,November,Monday,63752.31,63752.31
2025-11-10,ORD007212,CUST01059,P018,Jacket,Fashion,Jaipur,Store,UPI,5,5022.81,0.1,25114.05,22602.65,0,3098.0,2025,11,November,Monday,25114.050000000003,22602.645
2025-11-10,ORD035448,CUST01025,P011,Mixer Grinder,Home,Bengaluru,Online,Cash,2,4477.36,0.2,8954.72,7163.78,0,719.94,2025,11,November,Monday,8954.72,7163.776
2025-11-10,ORD008686,CUST01222,P002,Smartphone,Electronics,Surat,Store,Net Banking,1,25786.06,0.1,25786.06,23207.45,0,5210.86,2025,11,November,Monday,25786.06,23207.454
2025-11-10,ORD049000,CUST01058,P005,Office Chair,Furniture,Kolkata,Online,Debit Card,1,9423.53,0.15,9423.53,8010.0,0,2025.76,2025,11,November,Monday,9423.53,8010.0005
2025-11-10,ORD007994,CUST01517,P005,Office Chair,Furniture,Ahmedabad,Online,Cash,1,9752.17,0.2,9752.17,7801.74,0,1222.94,2025,11,November,Monday,9752.17,7801.736000000001
2025-11-10,ORD048220,CUST02175,P014,Keyboard,Electronics,Ahmedabad,Online,Debit Card,5,2557.53,0.0,12787.65,12787.65,0,1241.65,2025,11,November,Monday,12787.650000000001,12787.65
2025-11-10,ORD028089,CUST02482,P005,Office Chair,Furniture,Jaipur,Online,Cash,1,8733.83,0.1,8733.83,7860.45,0,1465.26,2025,11,November,Monday,8733.83,7860.447
2025-11-10,ORD007215,CUST02971,P004,Smartwatch,Electronics,Mumbai,Store,Debit Card,3,6490.21,0.05,19470.63,18497.1,0,4100.43,2025,11,November,Monday,19470.63,18497.0985
2025-11-10,ORD037024,CUST00694,P003,Headphones,Electronics,Chennai,Online,UPI,1,4087.33,0.1,4087.33,3678.6,0,878.18,2025,11,November,Monday,4087.33,3678.597
2025-11-10,ORD034481,CUST01876,P017,Jeans,Fashion,Delhi,Store,Debit Card,1,2647.93,0.05,2647.93,2515.53,0,605.88,2025,11,November,Monday,2647.93,2515.5334999999995
2025-11-10,ORD034507,CUST02120,P016,Sofa,Furniture,Surat,Online,Debit Card,2,31683.82,0.05,63367.64,60199.26,0,8677.16,2025,11,November,Monday,63367.64,60199.257999999994
2025-11-10,ORD028728,CUST02043,P007,Backpack,Accessories,Mumbai,Online,UPI,2,2078.28,0.1,4156.56,3740.9,0,967.31,2025,11,November,Monday,4156.56,3740.9040000000005
2025-11-10,ORD002460,CUST02902,P007,Backpack,Accessories,Kolkata,Online,Credit Card,1,2103.82,0.05,2103.82,1998.63,0,520.1,2025,11,November,Monday,2103.82,1998.6290000000001
2025-11-10,ORD006553,CUST04596,P019,Vacuum Cleaner,Home,Bengaluru,Online,Net Banking,1,9812.19,0.1,9812.19,8830.97,0,2264.38,2025,11,November,Monday,9812.19,8830.971000000001
2025-11-10,ORD048504,CUST03617,P017,Jeans,Fashion,Ahmedabad,Store,Debit Card,3,2963.67,0.0,8891.01,8891.01,0,1238.71,2025,11,November,Monday,8891.01,8891.01
2025-11-10,ORD012362,CUST04356,P004,Smartwatch,Electronics,Delhi,Online,UPI,1,6596.14,0.0,6596.14,6596.14,0,1179.99,2025,11,November,Monday,6596.14,6596.14
2025-11-10,ORD041570,CUST04953,P005,Office Chair,Furniture,Jaipur,Store,Credit Card,2,9149.83,0.15,18299.66,15554.71,0,1192.7,2025,11,November,Monday,18299.66,15554.711
2025-11-10,ORD026786,CUST00598,P020,Microwave,Home,Kolkata,Store,Credit Card,1,10933.85,0.05,10933.85,10387.16,0,1814.98,2025,11,November,Monday,10933.85,10387.1575
2025-11-10,ORD001126,CUST04961,P015,Dining Table,Furniture,Pune,Store,UPI,2,21763.55,0.05,43527.1,41350.74,0,3618.83,2025,11,November,Monday,43527.1,41350.744999999995
2025-11-10,ORD049310,CUST00489,P001,Laptop,Electronics,Hyderabad,Online,Credit Card,2,60293.57,0.1,120587.14,108528.43,0,16893.01,2025,11,November,Monday,120587.14,108528.426
2025-11-10,ORD028663,CUST02614,P006,Desk,Furniture,Jaipur,Online,Net Banking,2,12017.18,0.15,24034.36,20429.21,0,4919.81,2025,11,November,Monday,24034.36,20429.206
2025-11-10,ORD012668,CUST02715,P013,Monitor,Electronics,Hyderabad,Store,UPI,4,18439.47,0.1,73757.88,66382.09,0,16035.61,2025,11,November,Monday,73757.88,66382.092
2025-11-10,ORD032814,CUST02654,P001,Laptop,Electronics,Kolkata,Online,Credit Card,1,68003.44,0.0,68003.44,68003.44,0,18809.82,2025,11,November,Monday,68003.44,68003.44
2025-11-10,ORD041888,CUST04010,P012,Air Fryer,Home,Ahmedabad,Store,Net Banking,2,7887.75,0.0,15775.5,15775.5,0,2916.16,2025,11,November,Monday,15775.5,15775.5
2025-11-10,ORD043249,CUST02111,P010,Coffee Maker,Home,Pune,Online,UPI,1,5613.42,0.05,5613.42,5332.75,0,542.65,2025,11,November,Monday,5613.42,5332.749
2025-11-10,ORD020022,CUST00518,P007,Backpack,Accessories,Ahmedabad,Store,UPI,2,2071.21,0.15,4142.42,3521.06,0,528.66,2025,11,November,Monday,4142.42,3521.057
2025-11-10,ORD031297,CUST00768,P015,Dining Table,Furniture,Jaipur,Online,UPI,4,22071.29,0.05,88285.16,83870.9,0,10683.58,2025,11,November,Monday,88285.16,83870.902
2025-11-10,ORD039630,CUST03655,P003,Headphones,Electronics,Chennai,Online,UPI,2,4286.64,0.0,8573.28,8573.28,1,-428.66,2025,11,November,Monday,8573.28,8573.28
2025-11-10,ORD026173,CUST00648,P014,Keyboard,Electronics,Delhi,Online,UPI,3,2533.38,0.15,7600.14,6460.12,0,359.88,2025,11,November,Monday,7600.14,6460.119
2025-11-10,ORD005275,CUST02657,P018,Jacket,Fashion,Bengaluru,Online,Credit Card,1,5601.99,0.05,5601.99,5321.89,0,1127.15,2025,11,November,Monday,5601.99,5321.8904999999995
2025-11-10,ORD043200,CUST01479,P006,Desk,Furniture,Mumbai,Store,Debit Card,4,13006.32,0.0,52025.28,52025.28,0,10271.51,2025,11,November,Monday,52025.28,52025.28
2025-11-10,ORD037514,CUST02886,P016,Sofa,Furniture,Chennai,Store,UPI,3,33598.72,0.15,100796.16,85676.74,0,10235.14,2025,11,November,Monday,100796.16,85676.736
2025-11-10,ORD017501,CUST03958,P018,Jacket,Fashion,Delhi,Store,Cash,1,5393.39,0.1,5393.39,4854.05,0,958.69,2025,11,November,Monday,5393.39,4854.051
2025-11-10,ORD005409,CUST03460,P010,Coffee Maker,Home,Hyderabad,Store,UPI,2,5893.87,0.1,11787.74,10608.97,0,2212.02,2025,11,November,Monday,11787.74,10608.966
2025-11-10,ORD008581,CUST03997,P008,Running Shoes,Fashion,Hyderabad,Store,UPI,2,4462.94,0.1,8925.88,8033.29,1,-401.66,2025,11,November,Monday,8925.88,8033.2919999999995
2025-11-10,ORD000309,CUST02087,P019,Vacuum Cleaner,Home,Ahmedabad,Store,UPI,1,9247.84,0.1,9247.84,8323.06,0,1806.87,2025,11,November,Monday,9247.84,8323.056
2025-11-10,ORD010317,CUST02400,P012,Air Fryer,Home,Jaipur,Online,Net Banking,2,7234.31,0.1,14468.62,13021.76,0,1478.01,2025,11,November,Monday,14468.62,13021.758000000002
2025-11-10,ORD020870,CUST02735,P017,Jeans,Fashion,Pune,Online,UPI,1,2611.63,0.2,2611.63,2089.3,0,245.88,2025,11,November,Monday,2611.63,2089.304
2025-11-10,ORD029273,CUST00746,P003,Headphones,Electronics,Surat,Online,UPI,1,4437.53,0.1,4437.53,3993.78,0,623.43,2025,11,November,Monday,4437.53,3993.777
2025-11-10,ORD004906,CUST04100,P006,Desk,Furniture,Surat,Online,UPI,1,11321.33,0.2,11321.33,9057.06,0,365.48,2025,11,November,Monday,11321.33,9057.064
2025-11-10,ORD018684,CUST00559,P011,Mixer Grinder,Home,Hyderabad,Online,Cash,4,5176.26,0.1,20705.04,18634.54,0,4740.06,2025,11,November,Monday,20705.04,18634.536
2025-11-10,ORD018096,CUST04088,P020,Microwave,Home,Delhi,Online,UPI,2,9928.67,0.0,19857.34,19857.34,0,3571.98,2025,11,November,Monday,19857.34,19857.34
2025-11-10,ORD023627,CUST00648,P001,Laptop,Electronics,Bengaluru,Store,UPI,2,58653.21,0.15,117306.42,99710.46,0,8332.41,2025,11,November,Monday,117306.42,99710.457
2025-11-10,ORD037317,CUST00158,P003,Headphones,Electronics,Ahmedabad,Online,Credit Card,2,4153.66,0.05,8307.32,7891.95,0,2284.41,2025,11,November,Monday,8307.32,7891.954
2025-11-10,ORD043865,CUST01106,P003,Headphones,Electronics,Chennai,Store,UPI,1,4490.33,0.0,4490.33,4490.33,0,1322.56,2025,11,November,Monday,4490.33,4490.33
2025-11-10,ORD036800,CUST01467,P015,Dining Table,Furniture,Jaipur,Online,UPI,1,21338.92,0.0,21338.92,21338.92,0,4524.38,2025,11,November,Monday,21338.92,21338.92
2025-11-10,ORD004445,CUST04317,P020,Microwave,Home,Bengaluru,Online,Debit Card,1,11943.57,0.1,11943.57,10749.21,0,769.67,2025,11,November,Monday,11943.57,10749.213
2025-11-10,ORD044507,CUST02127,P003,Headphones,Electronics,Jaipur,Online,UPI,1,4656.77,0.15,4656.77,3958.25,0,585.14,2025,11,November,Monday,4656.77,3958.2545000000005
2025-11-10,ORD044389,CUST02156,P005,Office Chair,Furniture,Surat,Store,Credit Card,1,9948.76,0.1,9948.76,8953.88,0,1718.92,2025,11,November,Monday,9948.76,8953.884
2025-11-10,ORD046969,CUST01857,P014,Keyboard,Electronics,Mumbai,Online,Cash,1,2301.4,0.05,2301.4,2186.33,0,587.3,2025,11,November,Monday,2301.4,2186.33
2025-11-10,ORD004083,CUST00848,P019,Vacuum Cleaner,Home,Delhi,Store,Credit Card,1,8422.39,0.0,8422.39,8422.39,0,750.54,2025,11,November,Monday,8422.39,8422.39
2025-11-10,ORD023038,CUST01560,P007,Backpack,Accessories,Bengaluru,Online,UPI,2,2034.52,0.0,4069.04,4069.04,0,679.04,2025,11,November,Monday,4069.04,4069.04
2025-11-10,ORD039349,CUST01506,P005,Office Chair,Furniture,Pune,Online,UPI,1,8880.37,0.15,8880.37,7548.31,0,1958.54,2025,11,November,Monday,8880.37,7548.3145
2025-11-10,ORD004612,CUST04487,P020,Microwave,Home,Chennai,Store,Debit Card,1,11922.88,0.15,11922.88,10134.45,0,2660.91,2025,11,November,Monday,11922.88,10134.447999999999
2025-11-10,ORD042370,CUST01523,P011,Mixer Grinder,Home,Mumbai,Store,Credit Card,2,4387.16,0.1,8774.32,7896.89,0,1008.23,2025,11,November,Monday,8774.32,7896.888
2025-11-10,ORD035651,CUST01324,P006,Desk,Furniture,Jaipur,Online,Credit Card,2,12371.8,0.05,24743.6,23506.42,0,4812.37,2025,11,November,Monday,24743.6,23506.42
2025-11-10,ORD020329,CUST01480,P012,Air Fryer,Home,Surat,Store,UPI,1,7169.77,0.0,7169.77,7169.77,0,1916.55,2025,11,November,Monday,7169.77,7169.77
2025-11-10,ORD035284,CUST02612,P004,Smartwatch,Electronics,Kolkata,Online,Credit Card,1,6574.49,0.05,6574.49,6245.77,0,803.33,2025,11,November,Monday,6574.49,6245.7654999999995
2025-11-10,ORD041061,CUST00215,P002,Smartphone,Electronics,Delhi,Online,UPI,1,29892.04,0.1,29892.04,26902.84,0,3326.88,2025,11,November,Monday,29892.04,26902.836000000003
2025-11-10,ORD046762,CUST02775,P008,Running Shoes,Fashion,Mumbai,Online,Credit Card,2,3925.17,0.15,7850.34,6672.79,0,1479.88,2025,11,November,Monday,7850.34,6672.789
2025-11-10,ORD030185,CUST04243,P008,Running Shoes,Fashion,Chennai,Online,UPI,2,4530.55,0.1,9061.1,8154.99,0,2141.94,2025,11,November,Monday,9061.1,8154.990000000001
2025-11-10,ORD038667,CUST04028,P017,Jeans,Fashion,Kolkata,Store,Credit Card,1,2735.87,0.05,2735.87,2599.08,0,639.55,2025,11,November,Monday,2735.87,2599.0764999999997
2025-11-10,ORD013972,CUST00590,P013,Monitor,Electronics,Hyderabad,Store,Credit Card,1,17062.44,0.1,17062.44,15356.2,0,2236.23,2025,11,November,Monday,17062.44,15356.196
2025-11-10,ORD042210,CUST00469,P001,Laptop,Electronics,Jaipur,Online,Credit Card,1,59956.07,0.05,59956.07,56958.27,0,13581.08,2025,11,November,Monday,59956.07,56958.2665
2025-11-10,ORD015088,CUST01837,P006,Desk,Furniture,Delhi,Online,UPI,3,12772.71,0.1,38318.13,34486.32,0,3902.38,2025,11,November,Monday,38318.13,34486.316999999995
2025-11-10,ORD014558,CUST01046,P018,Jacket,Fashion,Kolkata,Online,UPI,2,4842.42,0.0,9684.84,9684.84,0,1122.81,2025,11,November,Monday,9684.84,9684.84
2025-11-10,ORD008996,CUST00794,P015,Dining Table,Furniture,Mumbai,Store,Debit Card,1,23825.38,0.1,23825.38,21442.84,0,4265.95,2025,11,November,Monday,23825.38,21442.842
2025-11-10,ORD041116,CUST03565,P002,Smartphone,Electronics,Delhi,Store,Credit Card,1,25974.35,0.1,25974.35,23376.92,0,3419.87,2025,11,November,Monday,25974.35,23376.915
2025-11-10,ORD002212,CUST04721,P010,Coffee Maker,Home,Kolkata,Store,Credit Card,1,4971.36,0.1,4971.36,4474.22,0,320.81,2025,11,November,Monday,4971.36,4474.224
2025-11-10,ORD024167,CUST01914,P014,Keyboard,Electronics,Jaipur,Online,UPI,3,2679.92,0.1,8039.76,7235.78,0,996.15,2025,11,November,Monday,8039.76,7235.784000000001
2025-11-10,ORD004073,CUST03614,P006,Desk,Furniture,Bengaluru,Online,Net Banking,2,11920.25,0.0,23840.5,23840.5,0,2828.53,2025,11,November,Monday,23840.5,23840.5
2025-11-10,ORD003777,CUST03510,P013,Monitor,Electronics,Bengaluru,Online,Cash,1,19758.74,0.2,19758.74,15806.99,0,2559.23,2025,11,November,Monday,19758.74,15806.992000000002
2025-11-10,ORD011626,CUST02557,P014,Keyboard,Electronics,Ahmedabad,Online,UPI,1,2411.76,0.05,2411.76,2291.17,0,365.14,2025,11,November,Monday,2411.76,2291.172
2025-11-10,ORD043998,CUST00187,P018,Jacket,Fashion,Pune,Store,UPI,3,5528.85,0.0,16586.55,16586.55,0,2995.37,2025,11,November,Monday,16586.550000000003,16586.55
2025-11-10,ORD018487,CUST03244,P008,Running Shoes,Fashion,Hyderabad,Online,Debit Card,1,4475.2,0.15,4475.2,3803.92,0,957.92,2025,11,November,Monday,4475.2,3803.9199999999996
2025-11-10,ORD042458,CUST00385,P019,Vacuum Cleaner,Home,Chennai,Online,Debit Card,2,9250.68,0.05,18501.36,17576.29,0,1533.02,2025,11,November,Monday,18501.36,17576.292
2025-11-10,ORD028227,CUST04179,P005,Office Chair,Furniture,Mumbai,Online,UPI,1,8553.54,0.25,8553.54,6415.16,0,256.61,2025,11,November,Monday,8553.54,6415.155000000001
2025-11-10,ORD032590,CUST02525,P001,Laptop,Electronics,Pune,Store,Net Banking,1,65185.86,0.1,65185.86,58667.27,0,7885.55,2025,11,November,Monday,65185.86,58667.274000000005
2025-11-10,ORD036520,CUST04068,P016,Sofa,Furniture,Delhi,Store,Credit Card,2,34898.0,0.05,69796.0,66306.2,0,18192.29,2025,11,November,Monday,69796.0,66306.2
2025-11-10,ORD004679,CUST01495,P002,Smartphone,Electronics,Delhi,Online,UPI,1,27561.07,0.0,27561.07,27561.07,0,2630.99,2025,11,November,Monday,27561.07,27561.07
2025-11-10,ORD044993,CUST03181,P020,Microwave,Home,Bengaluru,Online,Net Banking,1,10498.04,0.25,10498.04,7873.53,0,314.94,2025,11,November,Monday,10498.04,7873.530000000001
2025-11-10,ORD030780,CUST04299,P019,Vacuum Cleaner,Home,Kolkata,Store,UPI,2,8214.02,0.0,16428.04,16428.04,0,4851.59,2025,11,November,Monday,16428.04,16428.04
2025-11-10,ORD042299,CUST03896,P005,Office Chair,Furniture,Hyderabad,Online,UPI,1,8933.26,0.0,8933.26,8933.26,0,2178.28,2025,11,November,Monday,8933.26,8933.26
2025-11-11,ORD015823,CUST00959,P014,Keyboard,Electronics,Delhi,Online,UPI,1,2602.19,0.25,2602.19,1951.64,0,425.45,2025,11,November,Tuesday,2602.19,1951.6425
2025-11-11,ORD035846,CUST01934,P019,Vacuum Cleaner,Home,Bengaluru,Online,Credit Card,2,8454.13,0.2,16908.26,13526.61,0,1962.13,2025,11,November,Tuesday,16908.26,13526.608
2025-11-11,ORD046495,CUST03152,P005,Office Chair,Furniture,Surat,Online,Net Banking,2,9947.03,0.05,19894.06,18899.36,0,4076.77,2025,11,November,Tuesday,19894.06,18899.357
2025-11-11,ORD016177,CUST01306,P007,Backpack,Accessories,Jaipur,Online,UPI,1,2087.62,0.05,2087.62,1983.24,0,252.93,2025,11,November,Tuesday,2087.62,1983.2389999999998
2025-11-11,ORD008385,CUST00411,P009,T-Shirt,Fashion,Chennai,Online,UPI,2,1094.78,0.05,2189.56,2080.08,0,466.04,2025,11,November,Tuesday,2189.56,2080.082
2025-11-11,ORD028128,CUST00648,P010,Coffee Maker,Home,Bengaluru,Online,UPI,1,5259.3,0.05,5259.3,4996.34,0,446.23,2025,11,November,Tuesday,5259.3,4996.335
2025-11-11,ORD021999,CUST01396,P019,Vacuum Cleaner,Home,Ahmedabad,Online,Net Banking,2,9630.42,0.15,19260.84,16371.71,0,4077.22,2025,11,November,Tuesday,19260.84,16371.714
2025-11-11,ORD036531,CUST04127,P001,Laptop,Electronics,Hyderabad,Store,Net Banking,1,63488.28,0.05,63488.28,60313.87,0,5378.21,2025,11,November,Tuesday,63488.28,60313.865999999995
2025-11-11,ORD033735,CUST04137,P010,Coffee Maker,Home,Delhi,Online,UPI,1,5285.29,0.0,5285.29,5285.29,0,923.21,2025,11,November,Tuesday,5285.29,5285.29
2025-11-11,ORD017680,CUST04771,P002,Smartphone,Electronics,Hyderabad,Store,Debit Card,1,29904.24,0.05,29904.24,28409.03,1,-1420.45,2025,11,November,Tuesday,29904.24,28409.028
2025-11-11,ORD007048,CUST00800,P019,Vacuum Cleaner,Home,Ahmedabad,Store,UPI,1,8388.11,0.0,8388.11,8388.11,0,983.46,2025,11,November,Tuesday,8388.11,8388.11
2025-11-11,ORD003498,CUST00697,P011,Mixer Grinder,Home,Delhi,Store,Credit Card,1,4519.95,0.1,4519.95,4067.96,0,769.8,2025,11,November,Tuesday,4519.95,4067.955
2025-11-11,ORD049087,CUST00103,P010,Coffee Maker,Home,Pune,Online,Credit Card,3,5762.99,0.15,17288.97,14695.62,0,2090.45,2025,11,November,Tuesday,17288.97,14695.6245
2025-11-11,ORD002121,CUST04138,P002,Smartphone,Electronics,Delhi,Online,UPI,2,25532.66,0.05,51065.32,48512.05,0,5219.84,2025,11,November,Tuesday,51065.32,48512.054
2025-11-11,ORD003379,CUST00618,P019,Vacuum Cleaner,Home,Jaipur,Store,UPI,1,8549.84,0.15,8549.84,7267.36,0,868.4,2025,11,November,Tuesday,8549.84,7267.364
2025-11-11,ORD004524,CUST00458,P018,Jacket,Fashion,Mumbai,Online,Net Banking,1,5125.84,0.1,5125.84,4613.26,0,1043.02,2025,11,November,Tuesday,5125.84,4613.256
2025-11-11,ORD024542,CUST01485,P001,Laptop,Electronics,Jaipur,Online,Credit Card,5,58777.92,0.05,293889.6,279195.12,0,24627.14,2025,11,November,Tuesday,293889.6,279195.11999999994
2025-11-11,ORD035602,CUST04595,P004,Smartwatch,Electronics,Ahmedabad,Online,Credit Card,1,7153.98,0.05,7153.98,6796.28,0,1556.17,2025,11,November,Tuesday,7153.98,6796.280999999999
2025-11-11,ORD017664,CUST00639,P008,Running Shoes,Fashion,Chennai,Online,UPI,2,4159.45,0.2,8318.9,6655.12,0,825.55,2025,11,November,Tuesday,8318.9,6655.12
2025-11-11,ORD046373,CUST03178,P007,Backpack,Accessories,Mumbai,Online,Credit Card,1,2138.79,0.1,2138.79,1924.91,0,164.11,2025,11,November,Tuesday,2138.79,1924.911
2025-11-11,ORD009403,CUST01522,P007,Backpack,Accessories,Chennai,Store,UPI,2,2168.32,0.15,4336.64,3686.14,0,328.96,2025,11,November,Tuesday,4336.64,3686.1440000000002
2025-11-11,ORD008753,CUST04185,P004,Smartwatch,Electronics,Kolkata,Store,UPI,1,6991.21,0.15,6991.21,5942.53,0,1295.99,2025,11,November,Tuesday,6991.21,5942.528499999999
2025-11-11,ORD016910,CUST00783,P009,T-Shirt,Fashion,Kolkata,Online,Debit Card,1,1117.95,0.1,1117.95,1006.16,1,-50.31,2025,11,November,Tuesday,1117.95,1006.1550000000001
2025-11-11,ORD007918,CUST03626,P003,Headphones,Electronics,Surat,Online,Credit Card,1,4753.81,0.1,4753.81,4278.43,0,652.1,2025,11,November,Tuesday,4753.81,4278.429
2025-11-11,ORD029537,CUST00444,P005,Office Chair,Furniture,Delhi,Store,Credit Card,3,10418.03,0.05,31254.09,29691.39,0,7890.23,2025,11,November,Tuesday,31254.090000000004,29691.3855
2025-11-11,ORD020601,CUST01554,P020,Microwave,Home,Bengaluru,Online,Credit Card,1,10030.0,0.15,10030.0,8525.5,0,874.84,2025,11,November,Tuesday,10030.0,8525.5
2025-11-11,ORD015266,CUST02647,P010,Coffee Maker,Home,Bengaluru,Store,UPI,2,5269.26,0.15,10538.52,8957.74,0,500.08,2025,11,November,Tuesday,10538.52,8957.742
2025-11-11,ORD040375,CUST00210,P003,Headphones,Electronics,Pune,Online,UPI,5,4639.28,0.0,23196.4,23196.4,0,2606.77,2025,11,November,Tuesday,23196.399999999998,23196.4
2025-11-11,ORD019772,CUST04080,P015,Dining Table,Furniture,Mumbai,Online,Credit Card,1,21346.91,0.0,21346.91,21346.91,0,2988.03,2025,11,November,Tuesday,21346.91,21346.91
2025-11-11,ORD010958,CUST02720,P005,Office Chair,Furniture,Chennai,Online,UPI,1,9970.15,0.0,9970.15,9970.15,0,1356.93,2025,11,November,Tuesday,9970.15,9970.15
2025-11-11,ORD011992,CUST01616,P012,Air Fryer,Home,Surat,Store,Credit Card,1,7200.11,0.0,7200.11,7200.11,0,2127.91,2025,11,November,Tuesday,7200.11,7200.11
2025-11-11,ORD024943,CUST02672,P020,Microwave,Home,Surat,Store,Debit Card,1,11120.09,0.1,11120.09,10008.08,0,1036.51,2025,11,November,Tuesday,11120.09,10008.081
2025-11-11,ORD033480,CUST04902,P011,Mixer Grinder,Home,Surat,Store,UPI,1,5224.86,0.05,5224.86,4963.62,0,1340.27,2025,11,November,Tuesday,5224.86,4963.616999999999
2025-11-11,ORD034474,CUST04210,P017,Jeans,Fashion,Hyderabad,Online,UPI,2,2565.73,0.05,5131.46,4874.89,0,1375.81,2025,11,November,Tuesday,5131.46,4874.887
2025-11-11,ORD006185,CUST01292,P003,Headphones,Electronics,Chennai,Store,Credit Card,3,4519.82,0.05,13559.46,12881.49,0,2017.53,2025,11,November,Tuesday,13559.46,12881.487
2025-11-11,ORD037015,CUST00644,P005,Office Chair,Furniture,Chennai,Online,Credit Card,3,10235.25,0.15,30705.75,26099.89,0,3541.51,2025,11,November,Tuesday,30705.75,26099.8875
2025-11-11,ORD000250,CUST03736,P011,Mixer Grinder,Home,Mumbai,Online,Net Banking,3,4927.24,0.1,14781.72,13303.55,0,3197.58,2025,11,November,Tuesday,14781.72,13303.547999999999
2025-11-11,ORD028723,CUST01423,P018,Jacket,Fashion,Jaipur,Online,Debit Card,1,4849.77,0.1,4849.77,4364.79,0,792.39,2025,11,November,Tuesday,4849.77,4364.793000000001
2025-11-11,ORD010290,CUST01270,P010,Coffee Maker,Home,Kolkata,Store,Debit Card,5,5206.66,0.25,26033.3,19524.97,0,4228.58,2025,11,November,Tuesday,26033.3,19524.975
2025-11-11,ORD018175,CUST01653,P002,Smartphone,Electronics,Jaipur,Store,UPI,2,25650.15,0.15,51300.3,43605.26,0,9402.85,2025,11,November,Tuesday,51300.3,43605.255000000005
2025-11-11,ORD037900,CUST02150,P006,Desk,Furniture,Surat,Store,UPI,1,13071.0,0.0,13071.0,13071.0,0,2394.85,2025,11,November,Tuesday,13071.0,13071.0
2025-11-11,ORD003816,CUST03387,P011,Mixer Grinder,Home,Surat,Online,Credit Card,5,4715.77,0.1,23578.85,21220.97,0,2226.66,2025,11,November,Tuesday,23578.850000000002,21220.965
2025-11-11,ORD036931,CUST00317,P010,Coffee Maker,Home,Jaipur,Online,UPI,1,5023.21,0.15,5023.21,4269.73,0,383.04,2025,11,November,Tuesday,5023.21,4269.7285
2025-11-11,ORD025332,CUST00384,P009,T-Shirt,Fashion,Ahmedabad,Store,UPI,1,1181.02,0.1,1181.02,1062.92,0,183.79,2025,11,November,Tuesday,1181.02,1062.9180000000001
2025-11-11,ORD048455,CUST00852,P017,Jeans,Fashion,Pune,Online,Credit Card,1,2947.05,0.05,2947.05,2799.7,0,274.05,2025,11,November,Tuesday,2947.05,2799.6975
2025-11-11,ORD019625,CUST00474,P019,Vacuum Cleaner,Home,Delhi,Online,UPI,1,9014.89,0.15,9014.89,7662.66,0,1600.76,2025,11,November,Tuesday,9014.89,7662.656499999999
2025-11-11,ORD020166,CUST03746,P017,Jeans,Fashion,Surat,Store,UPI,1,2887.57,0.2,2887.57,2310.06,0,105.99,2025,11,November,Tuesday,2887.57,2310.056
2025-11-11,ORD044764,CUST00299,P004,Smartwatch,Electronics,Hyderabad,Online,UPI,2,7533.67,0.0,15067.34,15067.34,0,2591.02,2025,11,November,Tuesday,15067.34,15067.34
2025-11-11,ORD042977,CUST03484,P014,Keyboard,Electronics,Surat,Online,Cash,2,2360.11,0.1,4720.22,4248.2,0,921.86,2025,11,November,Tuesday,4720.22,4248.198
2025-11-11,ORD017147,CUST03770,P014,Keyboard,Electronics,Pune,Online,UPI,1,2596.75,0.2,2596.75,2077.4,0,244.42,2025,11,November,Tuesday,2596.75,2077.4
2025-11-11,ORD007112,CUST00283,P011,Mixer Grinder,Home,Mumbai,Store,UPI,1,5238.09,0.0,5238.09,5238.09,0,935.4,2025,11,November,Tuesday,5238.09,5238.09
2025-11-11,ORD018581,CUST03728,P020,Microwave,Home,Pune,Online,UPI,2,10751.32,0.25,21502.64,16126.98,0,1415.76,2025,11,November,Tuesday,21502.64,16126.98
2025-11-11,ORD037076,CUST02391,P015,Dining Table,Furniture,Ahmedabad,Store,Credit Card,3,22559.13,0.0,67677.39,67677.39,0,13524.23,2025,11,November,Tuesday,67677.39,67677.39
2025-11-11,ORD040129,CUST00609,P016,Sofa,Furniture,Bengaluru,Online,UPI,1,34424.82,0.15,34424.82,29261.1,0,4447.35,2025,11,November,Tuesday,34424.82,29261.096999999998
2025-11-11,ORD002616,CUST01950,P008,Running Shoes,Fashion,Pune,Store,Debit Card,1,4482.64,0.1,4482.64,4034.38,0,712.77,2025,11,November,Tuesday,4482.64,4034.376
2025-11-11,ORD024741,CUST01782,P016,Sofa,Furniture,Jaipur,Online,UPI,2,37211.79,0.1,74423.58,66981.22,0,8525.47,2025,11,November,Tuesday,74423.58,66981.22200000001
2025-11-11,ORD024241,CUST04947,P015,Dining Table,Furniture,Jaipur,Online,Credit Card,5,22209.1,0.15,111045.5,94388.68,0,21550.38,2025,11,November,Tuesday,111045.5,94388.675
2025-11-11,ORD037208,CUST01252,P002,Smartphone,Electronics,Hyderabad,Online,Debit Card,1,28571.26,0.1,28571.26,25714.13,0,3274.73,2025,11,November,Tuesday,28571.26,25714.134
2025-11-11,ORD036161,CUST02121,P009,T-Shirt,Fashion,Hyderabad,Online,UPI,4,1282.79,0.25,5131.16,3848.37,0,153.93,2025,11,November,Tuesday,5131.16,3848.37
2025-11-11,ORD044065,CUST02674,P006,Desk,Furniture,Surat,Online,Credit Card,3,12107.3,0.1,36321.9,32689.71,0,5454.97,2025,11,November,Tuesday,36321.899999999994,32689.710000000003
2025-11-11,ORD022103,CUST00352,P020,Microwave,Home,Kolkata,Online,Net Banking,1,11840.3,0.1,11840.3,10656.27,0,2591.52,2025,11,November,Tuesday,11840.3,10656.27
2025-11-11,ORD031180,CUST02125,P015,Dining Table,Furniture,Ahmedabad,Online,Credit Card,5,22626.73,0.1,113133.65,101820.28,0,17737.07,2025,11,November,Tuesday,113133.65,101820.285
2025-11-11,ORD000276,CUST04676,P001,Laptop,Electronics,Mumbai,Online,Credit Card,1,65354.02,0.25,65354.02,49015.52,0,8577.96,2025,11,November,Tuesday,65354.02,49015.515
2025-11-11,ORD022731,CUST03017,P006,Desk,Furniture,Jaipur,Store,Credit Card,1,11355.96,0.0,11355.96,11355.96,0,1078.01,2025,11,November,Tuesday,11355.96,11355.96
2025-11-11,ORD004545,CUST04240,P013,Monitor,Electronics,Bengaluru,Store,UPI,1,19440.63,0.05,19440.63,18468.6,0,5040.23,2025,11,November,Tuesday,19440.63,18468.5985
2025-11-11,ORD025748,CUST01449,P002,Smartphone,Electronics,Surat,Online,UPI,3,27148.1,0.2,81444.3,65155.44,1,-3257.77,2025,11,November,Tuesday,81444.29999999999,65155.44
2025-11-11,ORD024548,CUST02560,P017,Jeans,Fashion,Mumbai,Online,Debit Card,1,2610.35,0.05,2610.35,2479.83,0,291.43,2025,11,November,Tuesday,2610.35,2479.8325
2025-11-11,ORD048551,CUST00611,P010,Coffee Maker,Home,Ahmedabad,Store,UPI,4,5953.11,0.15,23812.44,20240.57,0,5449.98,2025,11,November,Tuesday,23812.44,20240.573999999997
2025-11-11,ORD012119,CUST00751,P010,Coffee Maker,Home,Pune,Online,Cash,1,5074.16,0.1,5074.16,4566.74,0,1022.01,2025,11,November,Tuesday,5074.16,4566.744
2025-11-11,ORD003864,CUST00288,P006,Desk,Furniture,Surat,Online,Debit Card,1,11277.24,0.15,11277.24,9585.65,0,1543.16,2025,11,November,Tuesday,11277.24,9585.654
2025-11-12,ORD010076,CUST01522,P006,Desk,Furniture,Chennai,Online,Debit Card,3,10845.27,0.05,32535.81,30909.02,0,3829.56,2025,11,November,Wednesday,32535.81,30909.0195
2025-11-12,ORD033034,CUST01076,P013,Monitor,Electronics,Delhi,Store,UPI,1,19507.5,0.15,19507.5,16581.38,0,1670.55,2025,11,November,Wednesday,19507.5,16581.375
2025-11-12,ORD048861,CUST02548,P012,Air Fryer,Home,Jaipur,Online,Credit Card,1,6848.4,0.05,6848.4,6505.98,0,772.23,2025,11,November,Wednesday,6848.4,6505.98
2025-11-12,ORD008750,CUST01567,P013,Monitor,Electronics,Ahmedabad,Online,Credit Card,1,19179.27,0.05,19179.27,18220.31,0,3183.19,2025,11,November,Wednesday,19179.27,18220.3065
2025-11-12,ORD037841,CUST00972,P011,Mixer Grinder,Home,Kolkata,Online,UPI,2,5157.21,0.05,10314.42,9798.7,0,858.6,2025,11,November,Wednesday,10314.42,9798.698999999999
2025-11-12,ORD038699,CUST00685,P009,T-Shirt,Fashion,Kolkata,Store,Credit Card,1,1128.05,0.15,1128.05,958.84,0,207.86,2025,11,November,Wednesday,1128.05,958.8425
2025-11-12,ORD038613,CUST04791,P020,Microwave,Home,Delhi,Online,UPI,1,11327.54,0.2,11327.54,9062.03,0,687.99,2025,11,November,Wednesday,11327.54,9062.032000000001
2025-11-12,ORD029436,CUST01236,P007,Backpack,Accessories,Ahmedabad,Online,UPI,1,2238.92,0.1,2238.92,2015.03,0,427.82,2025,11,November,Wednesday,2238.92,2015.028
2025-11-12,ORD000332,CUST03517,P003,Headphones,Electronics,Hyderabad,Online,Credit Card,1,4817.33,0.15,4817.33,4094.73,0,887.81,2025,11,November,Wednesday,4817.33,4094.7304999999997
2025-11-12,ORD015341,CUST04858,P016,Sofa,Furniture,Mumbai,Store,UPI,1,33291.55,0.0,33291.55,33291.55,0,8311.95,2025,11,November,Wednesday,33291.55,33291.55
2025-11-12,ORD046711,CUST04287,P020,Microwave,Home,Hyderabad,Online,Credit Card,1,10405.76,0.25,10405.76,7804.32,0,1906.53,2025,11,November,Wednesday,10405.76,7804.32
2025-11-12,ORD029338,CUST00372,P017,Jeans,Fashion,Pune,Store,Credit Card,2,2871.97,0.0,5743.94,5743.94,0,628.24,2025,11,November,Wednesday,5743.94,5743.94
2025-11-12,ORD000481,CUST04152,P002,Smartphone,Electronics,Jaipur,Online,Debit Card,2,26554.29,0.1,53108.58,47797.72,0,13044.16,2025,11,November,Wednesday,53108.58,47797.722
2025-11-12,ORD008661,CUST00159,P010,Coffee Maker,Home,Hyderabad,Online,Credit Card,1,5291.36,0.1,5291.36,4762.22,1,-238.11,2025,11,November,Wednesday,5291.36,4762.224
2025-11-12,ORD012044,CUST02396,P004,Smartwatch,Electronics,Mumbai,Online,UPI,2,7680.33,0.05,15360.66,14592.63,0,1692.17,2025,11,November,Wednesday,15360.66,14592.626999999999
2025-11-12,ORD017556,CUST02430,P020,Microwave,Home,Delhi,Online,Net Banking,1,10004.95,0.1,10004.95,9004.46,0,1063.99,2025,11,November,Wednesday,10004.95,9004.455000000002
2025-11-12,ORD040822,CUST00582,P011,Mixer Grinder,Home,Chennai,Online,Debit Card,1,5276.33,0.05,5276.33,5012.51,0,459.46,2025,11,November,Wednesday,5276.33,5012.5135
2025-11-12,ORD035463,CUST04551,P001,Laptop,Electronics,Jaipur,Store,Debit Card,1,68567.83,0.05,68567.83,65139.44,1,-3256.97,2025,11,November,Wednesday,68567.83,65139.4385
2025-11-12,ORD049635,CUST04005,P001,Laptop,Electronics,Jaipur,Online,Debit Card,1,64336.19,0.1,64336.19,57902.57,0,5566.76,2025,11,November,Wednesday,64336.19,57902.571
2025-11-12,ORD027965,CUST00991,P001,Laptop,Electronics,Pune,Online,Net Banking,2,68656.28,0.0,137312.56,137312.56,0,13004.98,2025,11,November,Wednesday,137312.56,137312.56
2025-11-12,ORD040758,CUST00983,P014,Keyboard,Electronics,Mumbai,Online,UPI,2,2602.43,0.2,5204.86,4163.89,1,-208.19,2025,11,November,Wednesday,5204.86,4163.888
2025-11-12,ORD011482,CUST00101,P009,T-Shirt,Fashion,Chennai,Online,UPI,1,1195.43,0.1,1195.43,1075.89,1,-53.79,2025,11,November,Wednesday,1195.43,1075.8870000000002
2025-11-12,ORD022799,CUST01495,P011,Mixer Grinder,Home,Surat,Online,UPI,2,4821.19,0.15,9642.38,8196.02,0,1683.16,2025,11,November,Wednesday,9642.38,8196.023
2025-11-12,ORD003957,CUST03465,P016,Sofa,Furniture,Jaipur,Online,UPI,2,35624.06,0.15,71248.12,60560.9,0,6267.52,2025,11,November,Wednesday,71248.12,60560.901999999995
2025-11-12,ORD023071,CUST00784,P004,Smartwatch,Electronics,Hyderabad,Online,Credit Card,2,6852.89,0.1,13705.78,12335.2,0,1103.47,2025,11,November,Wednesday,13705.78,12335.202000000001
2025-11-12,ORD005953,CUST02333,P011,Mixer Grinder,Home,Bengaluru,Online,UPI,2,5211.65,0.15,10423.3,8859.8,0,1792.39,2025,11,November,Wednesday,10423.3,8859.804999999998
2025-11-12,ORD042741,CUST04596,P015,Dining Table,Furniture,Delhi,Store,UPI,3,23438.6,0.1,70315.8,63284.22,0,7934.69,2025,11,November,Wednesday,70315.79999999999,63284.22
2025-11-12,ORD030361,CUST03027,P013,Monitor,Electronics,Chennai,Online,Net Banking,3,19186.43,0.25,57559.29,43169.47,0,5573.85,2025,11,November,Wednesday,57559.29,43169.4675
2025-11-12,ORD040408,CUST00989,P016,Sofa,Furniture,Chennai,Online,UPI,1,35464.05,0.1,35464.05,31917.65,0,2529.35,2025,11,November,Wednesday,35464.05,31917.645000000004
2025-11-12,ORD020206,CUST04644,P013,Monitor,Electronics,Mumbai,Store,Credit Card,1,19047.66,0.05,19047.66,18095.28,1,-904.76,2025,11,November,Wednesday,19047.66,18095.277
2025-11-12,ORD008332,CUST00632,P016,Sofa,Furniture,Hyderabad,Store,UPI,1,32834.64,0.0,32834.64,32834.64,0,9275.91,2025,11,November,Wednesday,32834.64,32834.64
2025-11-12,ORD006927,CUST00323,P007,Backpack,Accessories,Pune,Store,UPI,2,2255.28,0.1,4510.56,4059.5,0,422.83,2025,11,November,Wednesday,4510.56,4059.5040000000004
2025-11-12,ORD012550,CUST04546,P005,Office Chair,Furniture,Bengaluru,Online,Cash,1,9440.91,0.25,9440.91,7080.68,0,384.01,2025,11,November,Wednesday,9440.91,7080.6825
2025-11-12,ORD033675,CUST03903,P002,Smartphone,Electronics,Surat,Store,Credit Card,1,26663.4,0.0,26663.4,26663.4,0,3331.68,2025,11,November,Wednesday,26663.4,26663.4
2025-11-12,ORD043262,CUST01178,P002,Smartphone,Electronics,Hyderabad,Store,Cash,1,29497.15,0.05,29497.15,28022.29,0,8093.37,2025,11,November,Wednesday,29497.15,28022.2925
2025-11-12,ORD015652,CUST04133,P019,Vacuum Cleaner,Home,Delhi,Online,UPI,1,8300.65,0.05,8300.65,7885.62,1,-394.28,2025,11,November,Wednesday,8300.65,7885.617499999999
2025-11-12,ORD006259,CUST03585,P002,Smartphone,Electronics,Hyderabad,Online,UPI,2,27002.23,0.05,54004.46,51304.24,0,9225.75,2025,11,November,Wednesday,54004.46,51304.236999999994
2025-11-12,ORD032487,CUST04921,P004,Smartwatch,Electronics,Ahmedabad,Store,UPI,2,7690.06,0.1,15380.12,13842.11,0,1736.56,2025,11,November,Wednesday,15380.12,13842.108
2025-11-12,ORD046204,CUST03230,P015,Dining Table,Furniture,Delhi,Online,Credit Card,2,22979.26,0.05,45958.52,43660.59,0,3452.97,2025,11,November,Wednesday,45958.52,43660.594
2025-11-12,ORD011110,CUST00816,P003,Headphones,Electronics,Bengaluru,Online,UPI,1,4711.94,0.0,4711.94,4711.94,0,1244.07,2025,11,November,Wednesday,4711.94,4711.94
2025-11-12,ORD034207,CUST02840,P013,Monitor,Electronics,Ahmedabad,Store,UPI,1,17597.54,0.25,17597.54,13198.16,0,2358.03,2025,11,November,Wednesday,17597.54,13198.155
2025-11-12,ORD034064,CUST01756,P020,Microwave,Home,Delhi,Online,Credit Card,2,11180.72,0.15,22361.44,19007.22,0,2371.98,2025,11,November,Wednesday,22361.44,19007.224
2025-11-12,ORD019512,CUST02300,P012,Air Fryer,Home,Bengaluru,Store,Cash,3,7179.55,0.0,21538.65,21538.65,0,6135.33,2025,11,November,Wednesday,21538.65,21538.65
2025-11-12,ORD034377,CUST02462,P004,Smartwatch,Electronics,Pune,Online,Credit Card,1,6869.76,0.05,6869.76,6526.27,0,724.19,2025,11,November,Wednesday,6869.76,6526.272
2025-11-12,ORD034405,CUST03294,P006,Desk,Furniture,Kolkata,Store,Net Banking,1,13179.44,0.0,13179.44,13179.44,0,1324.09,2025,11,November,Wednesday,13179.44,13179.44
2025-11-12,ORD041590,CUST03660,P002,Smartphone,Electronics,Pune,Online,Debit Card,1,29591.89,0.15,29591.89,25153.11,0,4039.24,2025,11,November,Wednesday,29591.89,25153.106499999998
2025-11-12,ORD016461,CUST01733,P013,Monitor,Electronics,Ahmedabad,Online,Debit Card,1,17880.54,0.05,17880.54,16986.51,0,3983.35,2025,11,November,Wednesday,17880.54,16986.513
2025-11-12,ORD019597,CUST02319,P005,Office Chair,Furniture,Chennai,Online,UPI,2,10112.92,0.15,20225.84,17191.96,0,2025.0,2025,11,November,Wednesday,20225.84,17191.964
2025-11-12,ORD030917,CUST01477,P009,T-Shirt,Fashion,Pune,Online,UPI,2,1146.56,0.05,2293.12,2178.46,0,197.49,2025,11,November,Wednesday,2293.12,2178.464
2025-11-12,ORD047928,CUST01896,P001,Laptop,Electronics,Mumbai,Online,Debit Card,3,63590.74,0.25,190772.22,143079.16,1,-7153.96,2025,11,November,Wednesday,190772.22,143079.165
2025-11-12,ORD034927,CUST01001,P005,Office Chair,Furniture,Ahmedabad,Store,UPI,1,9573.82,0.05,9573.82,9095.13,0,1418.21,2025,11,November,Wednesday,9573.82,9095.128999999999
2025-11-12,ORD019813,CUST03220,P019,Vacuum Cleaner,Home,Pune,Online,Credit Card,2,8616.51,0.25,17233.02,12924.76,0,2825.99,2025,11,November,Wednesday,17233.02,12924.765
2025-11-12,ORD045702,CUST01314,P006,Desk,Furniture,Pune,Online,Net Banking,2,12359.64,0.1,24719.28,22247.35,0,2096.22,2025,11,November,Wednesday,24719.28,22247.352
2025-11-12,ORD041128,CUST00193,P012,Air Fryer,Home,Surat,Store,Credit Card,1,7293.81,0.1,7293.81,6564.43,0,1628.2,2025,11,November,Wednesday,7293.81,6564.429
2025-11-12,ORD007442,CUST04702,P014,Keyboard,Electronics,Delhi,Store,Debit Card,2,2468.75,0.05,4937.5,4690.62,1,-234.53,2025,11,November,Wednesday,4937.5,4690.625
2025-11-12,ORD016902,CUST03380,P020,Microwave,Home,Hyderabad,Online,UPI,1,11887.11,0.05,11887.11,11292.75,1,-564.64,2025,11,November,Wednesday,11887.11,11292.754500000001
2025-11-12,ORD008001,CUST00961,P011,Mixer Grinder,Home,Ahmedabad,Store,Credit Card,2,4903.25,0.1,9806.5,8825.85,0,1674.75,2025,11,November,Wednesday,9806.5,8825.85
2025-11-12,ORD011711,CUST00488,P020,Microwave,Home,Kolkata,Online,Credit Card,2,10848.97,0.1,21697.94,19528.15,0,1228.97,2025,11,November,Wednesday,21697.94,19528.146
2025-11-12,ORD013349,CUST03679,P018,Jacket,Fashion,Hyderabad,Store,UPI,1,4837.35,0.15,4837.35,4111.75,0,528.51,2025,11,November,Wednesday,4837.35,4111.7475
2025-11-12,ORD014485,CUST04471,P009,T-Shirt,Fashion,Bengaluru,Store,UPI,1,1181.32,0.15,1181.32,1004.12,0,222.88,2025,11,November,Wednesday,1181.32,1004.122
2025-11-12,ORD039779,CUST00624,P017,Jeans,Fashion,Bengaluru,Online,Cash,1,2613.49,0.05,2613.49,2482.82,0,642.66,2025,11,November,Wednesday,2613.49,2482.8154999999997
2025-11-12,ORD036971,CUST00786,P015,Dining Table,Furniture,Hyderabad,Online,Debit Card,2,22317.54,0.1,44635.08,40171.57,0,6898.18,2025,11,November,Wednesday,44635.08,40171.572
2025-11-12,ORD020405,CUST02872,P002,Smartphone,Electronics,Jaipur,Store,Debit Card,1,27958.75,0.1,27958.75,25162.88,0,1634.0,2025,11,November,Wednesday,27958.75,25162.875
2025-11-12,ORD033474,CUST00329,P016,Sofa,Furniture,Ahmedabad,Store,UPI,1,33084.58,0.15,33084.58,28121.89,0,2325.05,2025,11,November,Wednesday,33084.58,28121.893
2025-11-12,ORD049349,CUST00383,P017,Jeans,Fashion,Mumbai,Store,UPI,3,2691.4,0.1,8074.2,7266.78,1,-363.34,2025,11,November,Wednesday,8074.200000000001,7266.78
2025-11-12,ORD022262,CUST03058,P007,Backpack,Accessories,Surat,Online,Credit Card,2,1988.67,0.1,3977.34,3579.61,0,878.8,2025,11,November,Wednesday,3977.34,3579.606
2025-11-12,ORD017840,CUST02656,P020,Microwave,Home,Delhi,Store,UPI,1,11272.39,0.0,11272.39,11272.39,0,1131.22,2025,11,November,Wednesday,11272.39,11272.39
2025-11-12,ORD025060,CUST03791,P016,Sofa,Furniture,Delhi,Online,Net Banking,4,34329.31,0.25,137317.24,102987.93,0,12104.05,2025,11,November,Wednesday,137317.24,102987.93
2025-11-12,ORD010625,CUST01512,P015,Dining Table,Furniture,Chennai,Online,UPI,3,21283.08,0.1,63849.24,57464.32,0,3686.59,2025,11,November,Wednesday,63849.240000000005,57464.316
2025-11-12,ORD044434,CUST03268,P002,Smartphone,Electronics,Hyderabad,Online,UPI,1,29655.95,0.15,29655.95,25207.56,0,3951.98,2025,11,November,Wednesday,29655.95,25207.5575
2025-11-12,ORD008571,CUST03488,P018,Jacket,Fashion,Pune,Online,Net Banking,1,4691.46,0.1,4691.46,4222.31,0,962.4,2025,11,November,Wednesday,4691.46,4222.314
2025-11-12,ORD000580,CUST02461,P008,Running Shoes,Fashion,Chennai,Store,UPI,2,4310.98,0.2,8621.96,6897.57,0,1072.81,2025,11,November,Wednesday,8621.96,6897.567999999999
2025-11-12,ORD036907,CUST00062,P003,Headphones,Electronics,Ahmedabad,Online,Debit Card,1,4366.59,0.2,4366.59,3493.27,1,-174.66,2025,11,November,Wednesday,4366.59,3493.2720000000004
2025-11-12,ORD049252,CUST00463,P017,Jeans,Fashion,Hyderabad,Online,Cash,1,3012.34,0.0,3012.34,3012.34,0,703.45,2025,11,November,Wednesday,3012.34,3012.34
2025-11-12,ORD044709,CUST01986,P017,Jeans,Fashion,Jaipur,Online,Net Banking,5,2698.89,0.1,13494.45,12145.0,0,2811.62,2025,11,November,Wednesday,13494.449999999999,12145.005000000001
2025-11-12,ORD002255,CUST00713,P017,Jeans,Fashion,Ahmedabad,Online,Credit Card,3,2875.08,0.1,8625.24,7762.72,0,1175.57,2025,11,November,Wednesday,8625.24,7762.716
2025-11-12,ORD026800,CUST04046,P001,Laptop,Electronics,Surat,Store,UPI,1,70725.49,0.05,70725.49,67189.22,0,18141.67,2025,11,November,Wednesday,70725.49,67189.2155
2025-11-13,ORD018693,CUST02158,P003,Headphones,Electronics,Jaipur,Store,Net Banking,2,4416.0,0.1,8832.0,7948.8,0,1552.08,2025,11,November,Thursday,8832.0,7948.8
2025-11-13,ORD034992,CUST03702,P001,Laptop,Electronics,Bengaluru,Online,Debit Card,1,69733.81,0.1,69733.81,62760.43,0,9204.72,2025,11,November,Thursday,69733.81,62760.429
2025-11-13,ORD000513,CUST00655,P004,Smartwatch,Electronics,Hyderabad,Online,UPI,2,7178.46,0.05,14356.92,13639.07,0,3947.88,2025,11,November,Thursday,14356.92,13639.073999999999
2025-11-13,ORD012752,CUST03164,P016,Sofa,Furniture,Kolkata,Online,Net Banking,3,36995.28,0.2,110985.84,88788.67,1,-4439.43,2025,11,November,Thursday,110985.84,88788.672
2025-11-13,ORD037031,CUST03514,P020,Microwave,Home,Delhi,Store,Credit Card,2,9981.26,0.1,19962.52,17966.27,0,1465.74,2025,11,November,Thursday,19962.52,17966.268
2025-11-13,ORD006227,CUST04479,P002,Smartphone,Electronics,Pune,Online,UPI,1,29678.24,0.05,29678.24,28194.33,0,5215.26,2025,11,November,Thursday,29678.24,28194.328
2025-11-13,ORD042473,CUST00356,P002,Smartphone,Electronics,Kolkata,Online,UPI,2,28293.34,0.05,56586.68,53757.35,0,15510.52,2025,11,November,Thursday,56586.68,53757.346
2025-11-13,ORD029131,CUST03104,P003,Headphones,Electronics,Kolkata,Online,Debit Card,2,4158.05,0.0,8316.1,8316.1,0,817.02,2025,11,November,Thursday,8316.1,8316.1
2025-11-13,ORD035355,CUST03341,P010,Coffee Maker,Home,Pune,Online,UPI,2,6034.31,0.1,12068.62,10861.76,0,1669.32,2025,11,November,Thursday,12068.62,10861.758000000002
2025-11-13,ORD015589,CUST02145,P001,Laptop,Electronics,Mumbai,Online,Credit Card,2,68115.7,0.05,136231.4,129419.83,0,11463.42,2025,11,November,Thursday,136231.4,129419.82999999999
2025-11-13,ORD033311,CUST01040,P010,Coffee Maker,Home,Mumbai,Online,UPI,1,4980.38,0.05,4980.38,4731.36,0,788.47,2025,11,November,Thursday,4980.38,4731.361
2025-11-13,ORD049762,CUST00838,P005,Office Chair,Furniture,Ahmedabad,Online,UPI,4,9729.39,0.0,38917.56,38917.56,0,6026.21,2025,11,November,Thursday,38917.56,38917.56
2025-11-13,ORD045773,CUST03999,P012,Air Fryer,Home,Kolkata,Store,UPI,1,7660.13,0.0,7660.13,7660.13,0,1649.57,2025,11,November,Thursday,7660.13,7660.13
2025-11-13,ORD026118,CUST01797,P003,Headphones,Electronics,Pune,Online,Credit Card,3,4310.77,0.2,12932.31,10345.85,0,646.62,2025,11,November,Thursday,12932.310000000001,10345.848
2025-11-13,ORD024876,CUST04706,P018,Jacket,Fashion,Ahmedabad,Online,Credit Card,1,5536.25,0.1,5536.25,4982.62,0,1181.05,2025,11,November,Thursday,5536.25,4982.625
2025-11-13,ORD003339,CUST01620,P002,Smartphone,Electronics,Hyderabad,Online,Credit Card,2,28997.73,0.25,57995.46,43496.6,1,-2174.83,2025,11,November,Thursday,57995.46,43496.595
2025-11-13,ORD003533,CUST00629,P012,Air Fryer,Home,Kolkata,Online,Cash,2,6863.52,0.15,13727.04,11667.98,0,1551.24,2025,11,November,Thursday,13727.04,11667.984
2025-11-13,ORD043144,CUST04806,P006,Desk,Furniture,Surat,Online,Net Banking,1,12765.56,0.05,12765.56,12127.28,0,1982.24,2025,11,November,Thursday,12765.56,12127.282
2025-11-13,ORD042113,CUST03408,P002,Smartphone,Electronics,Bengaluru,Online,Debit Card,5,25422.63,0.15,127113.15,108046.18,0,29044.65,2025,11,November,Thursday,127113.15000000001,108046.17749999999
2025-11-13,ORD008671,CUST03234,P011,Mixer Grinder,Home,Delhi,Store,UPI,1,5057.98,0.05,5057.98,4805.08,0,1095.11,2025,11,November,Thursday,5057.98,4805.080999999999
2025-11-13,ORD020731,CUST01683,P008,Running Shoes,Fashion,Jaipur,Online,Credit Card,1,4125.16,0.15,4125.16,3506.39,1,-175.32,2025,11,November,Thursday,4125.16,3506.386
2025-11-13,ORD006573,CUST04045,P005,Office Chair,Furniture,Pune,Online,UPI,1,9007.67,0.05,9007.67,8557.29,1,-427.86,2025,11,November,Thursday,9007.67,8557.2865
2025-11-13,ORD023444,CUST00276,P014,Keyboard,Electronics,Mumbai,Store,Net Banking,1,2446.94,0.1,2446.94,2202.25,0,441.38,2025,11,November,Thursday,2446.94,2202.246
2025-11-13,ORD013549,CUST00250,P004,Smartwatch,Electronics,Surat,Online,Credit Card,1,7697.57,0.15,7697.57,6542.93,0,370.23,2025,11,November,Thursday,7697.57,6542.934499999999
2025-11-13,ORD014169,CUST02558,P001,Laptop,Electronics,Hyderabad,Online,Credit Card,1,58883.69,0.2,58883.69,47106.95,0,11127.97,2025,11,November,Thursday,58883.69,47106.952000000005
2025-11-13,ORD003247,CUST03499,P008,Running Shoes,Fashion,Delhi,Store,Credit Card,1,4165.03,0.0,4165.03,4165.03,0,505.83,2025,11,November,Thursday,4165.03,4165.03
2025-11-13,ORD019757,CUST02476,P014,Keyboard,Electronics,Mumbai,Online,UPI,1,2325.73,0.2,2325.73,1860.58,0,153.35,2025,11,November,Thursday,2325.73,1860.584
2025-11-13,ORD028856,CUST01491,P006,Desk,Furniture,Chennai,Online,UPI,5,11317.3,0.05,56586.5,53757.18,0,7738.74,2025,11,November,Thursday,56586.5,53757.174999999996
2025-11-13,ORD021245,CUST01959,P003,Headphones,Electronics,Ahmedabad,Store,Debit Card,2,4142.5,0.15,8285.0,7042.25,0,587.21,2025,11,November,Thursday,8285.0,7042.25
2025-11-13,ORD031078,CUST01727,P007,Backpack,Accessories,Jaipur,Online,Credit Card,1,2148.73,0.2,2148.73,1718.98,0,165.69,2025,11,November,Thursday,2148.73,1718.9840000000002
2025-11-13,ORD012531,CUST01254,P016,Sofa,Furniture,Jaipur,Online,Debit Card,1,37630.34,0.05,37630.34,35748.82,0,6310.75,2025,11,November,Thursday,37630.34,35748.823
2025-11-13,ORD042495,CUST00452,P004,Smartwatch,Electronics,Pune,Online,Cash,2,6663.64,0.2,13327.28,10661.82,0,1540.62,2025,11,November,Thursday,13327.28,10661.824
2025-11-13,ORD043925,CUST02355,P017,Jeans,Fashion,Jaipur,Online,Credit Card,1,2989.98,0.05,2989.98,2840.48,0,488.61,2025,11,November,Thursday,2989.98,2840.4809999999998
2025-11-13,ORD028755,CUST00748,P015,Dining Table,Furniture,Hyderabad,Store,UPI,1,23647.49,0.05,23647.49,22465.12,0,1826.01,2025,11,November,Thursday,23647.49,22465.1155
2025-11-13,ORD005888,CUST04096,P003,Headphones,Electronics,Chennai,Online,Credit Card,1,4549.3,0.1,4549.3,4094.37,0,477.26,2025,11,November,Thursday,4549.3,4094.3700000000003
2025-11-13,ORD011589,CUST03008,P008,Running Shoes,Fashion,Chennai,Online,Credit Card,2,4265.44,0.1,8530.88,7677.79,0,637.89,2025,11,November,Thursday,8530.88,7677.7919999999995
2025-11-13,ORD045173,CUST00853,P007,Backpack,Accessories,Jaipur,Store,UPI,1,2003.27,0.25,2003.27,1502.45,0,280.63,2025,11,November,Thursday,2003.27,1502.4524999999999
2025-11-13,ORD039313,CUST04475,P005,Office Chair,Furniture,Mumbai,Online,Net Banking,1,9586.7,0.1,9586.7,8628.03,0,1360.9,2025,11,November,Thursday,9586.7,8628.03
2025-11-13,ORD046861,CUST00353,P017,Jeans,Fashion,Surat,Online,UPI,1,2664.61,0.1,2664.61,2398.15,0,332.29,2025,11,November,Thursday,2664.61,2398.1490000000003
2025-11-13,ORD027044,CUST02436,P008,Running Shoes,Fashion,Jaipur,Store,Credit Card,1,4599.16,0.05,4599.16,4369.2,0,504.05,2025,11,November,Thursday,4599.16,4369.201999999999
2025-11-13,ORD015723,CUST04544,P006,Desk,Furniture,Chennai,Store,Net Banking,1,12853.6,0.05,12853.6,12210.92,0,2784.67,2025,11,November,Thursday,12853.6,12210.92
2025-11-13,ORD012643,CUST04013,P005,Office Chair,Furniture,Ahmedabad,Online,Credit Card,1,9136.21,0.1,9136.21,8222.59,0,1490.07,2025,11,November,Thursday,9136.21,8222.589
2025-11-13,ORD040096,CUST00733,P015,Dining Table,Furniture,Surat,Store,UPI,1,22035.81,0.1,22035.81,19832.23,0,1455.26,2025,11,November,Thursday,22035.81,19832.229000000003
2025-11-13,ORD046992,CUST00104,P016,Sofa,Furniture,Ahmedabad,Store,Credit Card,1,36063.7,0.1,36063.7,32457.33,0,7853.83,2025,11,November,Thursday,36063.7,32457.329999999998
2025-11-13,ORD042876,CUST01076,P019,Vacuum Cleaner,Home,Chennai,Online,Credit Card,1,9383.41,0.05,9383.41,8914.24,0,1571.67,2025,11,November,Thursday,9383.41,8914.2395
2025-11-13,ORD020476,CUST01079,P011,Mixer Grinder,Home,Jaipur,Online,Debit Card,2,5189.1,0.15,10378.2,8821.47,0,723.92,2025,11,November,Thursday,10378.2,8821.470000000001
2025-11-13,ORD016184,CUST02593,P014,Keyboard,Electronics,Hyderabad,Store,UPI,4,2416.18,0.05,9664.72,9181.48,0,999.64,2025,11,November,Thursday,9664.72,9181.483999999999
2025-11-13,ORD007427,CUST01517,P017,Jeans,Fashion,Ahmedabad,Online,UPI,1,2799.79,0.1,2799.79,2519.81,0,595.46,2025,11,November,Thursday,2799.79,2519.811
2025-11-13,ORD003901,CUST00336,P018,Jacket,Fashion,Bengaluru,Online,UPI,1,4844.58,0.2,4844.58,3875.66,0,414.28,2025,11,November,Thursday,4844.58,3875.664
2025-11-13,ORD018871,CUST04691,P002,Smartphone,Electronics,Chennai,Online,Credit Card,1,25273.43,0.1,25273.43,22746.09,0,4867.63,2025,11,November,Thursday,25273.43,22746.087
2025-11-13,ORD005659,CUST02296,P007,Backpack,Accessories,Surat,Store,UPI,2,2164.99,0.0,4329.98,4329.98,0,1110.45,2025,11,November,Thursday,4329.98,4329.98
2025-11-13,ORD040348,CUST00769,P017,Jeans,Fashion,Delhi,Store,Credit Card,1,2795.17,0.0,2795.17,2795.17,0,833.64,2025,11,November,Thursday,2795.17,2795.17
2025-11-13,ORD043438,CUST03933,P007,Backpack,Accessories,Bengaluru,Online,Credit Card,2,2138.46,0.1,4276.92,3849.23,0,686.48,2025,11,November,Thursday,4276.92,3849.228
2025-11-13,ORD013468,CUST02432,P012,Air Fryer,Home,Bengaluru,Online,UPI,1,7173.55,0.1,7173.55,6456.2,0,1313.93,2025,11,November,Thursday,7173.55,6456.195000000001
2025-11-13,ORD033309,CUST02657,P015,Dining Table,Furniture,Surat,Store,Cash,2,21998.1,0.1,43996.2,39596.58,0,3288.53,2025,11,November,Thursday,43996.2,39596.58
2025-11-13,ORD020898,CUST04072,P005,Office Chair,Furniture,Mumbai,Store,Credit Card,1,9168.92,0.25,9168.92,6876.69,0,353.28,2025,11,November,Thursday,9168.92,6876.6900000000005
2025-11-13,ORD021497,CUST01927,P005,Office Chair,Furniture,Ahmedabad,Store,UPI,4,9246.81,0.05,36987.24,35137.88,0,8227.26,2025,11,November,Thursday,36987.24,35137.878
2025-11-13,ORD030214,CUST04741,P014,Keyboard,Electronics,Ahmedabad,Online,Credit Card,1,2406.2,0.1,2406.2,2165.58,0,501.79,2025,11,November,Thursday,2406.2,2165.58
2025-11-14,ORD012299,CUST03792,P008,Running Shoes,Fashion,Chennai,Store,Net Banking,1,4259.52,0.1,4259.52,3833.57,0,414.1,2025,11,November,Friday,4259.52,3833.5680000000007
2025-11-14,ORD000223,CUST02045,P011,Mixer Grinder,Home,Jaipur,Store,Credit Card,5,4820.59,0.15,24102.95,20487.51,0,4771.59,2025,11,November,Friday,24102.95,20487.5075
2025-11-14,ORD003325,CUST00302,P014,Keyboard,Electronics,Mumbai,Online,Credit Card,1,2498.43,0.05,2498.43,2373.51,0,574.58,2025,11,November,Friday,2498.43,2373.5085
2025-11-14,ORD046918,CUST03311,P016,Sofa,Furniture,Jaipur,Store,Debit Card,3,36823.26,0.15,110469.78,93899.31,0,13915.39,2025,11,November,Friday,110469.78,93899.313
2025-11-14,ORD046978,CUST01572,P003,Headphones,Electronics,Pune,Online,Debit Card,2,4354.03,0.0,8708.06,8708.06,0,1495.67,2025,11,November,Friday,8708.06,8708.06
2025-11-14,ORD041566,CUST03881,P008,Running Shoes,Fashion,Jaipur,Online,Debit Card,1,4348.51,0.0,4348.51,4348.51,0,1070.63,2025,11,November,Friday,4348.51,4348.51
2025-11-14,ORD009501,CUST04908,P009,T-Shirt,Fashion,Bengaluru,Store,UPI,3,1177.53,0.05,3532.59,3355.96,0,646.94,2025,11,November,Friday,3532.59,3355.9605
2025-11-14,ORD049191,CUST02846,P017,Jeans,Fashion,Hyderabad,Online,UPI,1,2802.15,0.05,2802.15,2662.04,0,270.77,2025,11,November,Friday,2802.15,2662.0425
2025-11-14,ORD032088,CUST01679,P014,Keyboard,Electronics,Pune,Online,Net Banking,1,2547.17,0.0,2547.17,2547.17,0,345.44,2025,11,November,Friday,2547.17,2547.17
2025-11-14,ORD046831,CUST03299,P008,Running Shoes,Fashion,Bengaluru,Online,Credit Card,1,4322.38,0.0,4322.38,4322.38,0,869.97,2025,11,November,Friday,4322.38,4322.38
2025-11-14,ORD040811,CUST02582,P002,Smartphone,Electronics,Chennai,Online,Credit Card,2,28660.8,0.0,57321.6,57321.6,1,-2866.08,2025,11,November,Friday,57321.6,57321.6
2025-11-14,ORD046845,CUST02404,P012,Air Fryer,Home,Kolkata,Online,Credit Card,1,7326.06,0.0,7326.06,7326.06,0,1901.17,2025,11,November,Friday,7326.06,7326.06
2025-11-14,ORD020509,CUST00999,P016,Sofa,Furniture,Ahmedabad,Store,UPI,1,34495.45,0.1,34495.45,31045.9,0,3605.86,2025,11,November,Friday,34495.45,31045.905
2025-11-14,ORD047055,CUST00309,P012,Air Fryer,Home,Hyderabad,Online,UPI,3,7112.69,0.1,21338.07,19204.26,0,2682.32,2025,11,November,Friday,21338.07,19204.263
2025-11-14,ORD039842,CUST03000,P007,Backpack,Accessories,Hyderabad,Online,UPI,5,2355.57,0.0,11777.85,11777.85,0,1148.79,2025,11,November,Friday,11777.85,11777.85
2025-11-14,ORD026841,CUST00070,P019,Vacuum Cleaner,Home,Pune,Online,Net Banking,1,9431.38,0.0,9431.38,9431.38,0,2816.67,2025,11,November,Friday,9431.38,9431.38
2025-11-14,ORD016498,CUST02888,P019,Vacuum Cleaner,Home,Chennai,Online,UPI,1,8654.71,0.1,8654.71,7789.24,0,1961.56,2025,11,November,Friday,8654.71,7789.239
2025-11-14,ORD032012,CUST02738,P002,Smartphone,Electronics,Surat,Store,UPI,1,30133.7,0.1,30133.7,27120.33,0,3209.75,2025,11,November,Friday,30133.7,27120.33
2025-11-14,ORD039000,CUST00889,P004,Smartwatch,Electronics,Kolkata,Store,Debit Card,1,6483.51,0.05,6483.51,6159.33,0,1286.73,2025,11,November,Friday,6483.51,6159.3345
2025-11-14,ORD021019,CUST01294,P015,Dining Table,Furniture,Chennai,Online,UPI,2,23429.09,0.0,46858.18,46858.18,0,5494.68,2025,11,November,Friday,46858.18,46858.18
2025-11-14,ORD043454,CUST02488,P003,Headphones,Electronics,Mumbai,Online,Debit Card,2,4129.59,0.0,8259.18,8259.18,0,689.63,2025,11,November,Friday,8259.18,8259.18
2025-11-14,ORD028360,CUST04852,P019,Vacuum Cleaner,Home,Mumbai,Online,UPI,1,9727.88,0.15,9727.88,8268.7,0,1599.98,2025,11,November,Friday,9727.88,8268.697999999999
2025-11-14,ORD016377,CUST01350,P008,Running Shoes,Fashion,Kolkata,Online,UPI,4,3932.03,0.25,15728.12,11796.09,0,1151.6,2025,11,November,Friday,15728.12,11796.09
2025-11-14,ORD012807,CUST04996,P018,Jacket,Fashion,Hyderabad,Online,UPI,1,4729.21,0.1,4729.21,4256.29,0,306.82,2025,11,November,Friday,4729.21,4256.289
2025-11-14,ORD015079,CUST04745,P002,Smartphone,Electronics,Surat,Store,UPI,2,26568.91,0.1,53137.82,47824.04,0,12870.65,2025,11,November,Friday,53137.82,47824.038
2025-11-14,ORD004390,CUST02707,P018,Jacket,Fashion,Delhi,Online,Debit Card,1,5177.1,0.1,5177.1,4659.39,1,-232.97,2025,11,November,Friday,5177.1,4659.39
2025-11-14,ORD000952,CUST03846,P010,Coffee Maker,Home,Bengaluru,Store,Debit Card,1,5481.95,0.0,5481.95,5481.95,0,826.49,2025,11,November,Friday,5481.95,5481.95
2025-11-14,ORD036381,CUST03179,P004,Smartwatch,Electronics,Jaipur,Online,Credit Card,1,6844.42,0.05,6844.42,6502.2,0,886.96,2025,11,November,Friday,6844.42,6502.199
2025-11-14,ORD001925,CUST01813,P003,Headphones,Electronics,Ahmedabad,Store,Net Banking,1,4672.86,0.05,4672.86,4439.22,0,363.4,2025,11,November,Friday,4672.86,4439.217
2025-11-14,ORD023858,CUST01378,P006,Desk,Furniture,Jaipur,Online,Net Banking,1,12143.58,0.25,12143.58,9107.68,0,1459.44,2025,11,November,Friday,12143.58,9107.685
2025-11-14,ORD045406,CUST01004,P005,Office Chair,Furniture,Ahmedabad,Online,Net Banking,3,9221.15,0.1,27663.45,24897.1,0,5875.99,2025,11,November,Friday,27663.449999999997,24897.105
2025-11-14,ORD017488,CUST01624,P014,Keyboard,Electronics,Ahmedabad,Online,Credit Card,2,2444.35,0.1,4888.7,4399.83,0,421.95,2025,11,November,Friday,4888.7,4399.83
2025-11-14,ORD033174,CUST02575,P008,Running Shoes,Fashion,Delhi,Online,Credit Card,1,3801.11,0.05,3801.11,3611.05,0,896.46,2025,11,November,Friday,3801.11,3611.0544999999997
2025-11-14,ORD016656,CUST00501,P011,Mixer Grinder,Home,Delhi,Online,Cash,1,5061.01,0.1,5061.01,4554.91,0,706.75,2025,11,November,Friday,5061.01,4554.909000000001
2025-11-14,ORD035812,CUST01164,P005,Office Chair,Furniture,Ahmedabad,Online,Credit Card,1,9682.33,0.1,9682.33,8714.1,0,1953.73,2025,11,November,Friday,9682.33,8714.097
2025-11-14,ORD048219,CUST01782,P014,Keyboard,Electronics,Hyderabad,Online,Credit Card,4,2727.32,0.1,10909.28,9818.35,1,-490.92,2025,11,November,Friday,10909.28,9818.352
2025-11-14,ORD030422,CUST03398,P011,Mixer Grinder,Home,Delhi,Store,UPI,1,4442.0,0.2,4442.0,3553.6,0,640.32,2025,11,November,Friday,4442.0,3553.6000000000004
2025-11-14,ORD038223,CUST00233,P014,Keyboard,Electronics,Kolkata,Online,UPI,1,2292.06,0.0,2292.06,2292.06,0,576.75,2025,11,November,Friday,2292.06,2292.06
2025-11-14,ORD046437,CUST02739,P019,Vacuum Cleaner,Home,Surat,Store,Credit Card,1,9427.7,0.25,9427.7,7070.78,0,478.86,2025,11,November,Friday,9427.7,7070.775000000001
2025-11-14,ORD030301,CUST03606,P019,Vacuum Cleaner,Home,Mumbai,Online,Cash,1,9871.31,0.15,9871.31,8390.61,0,1581.97,2025,11,November,Friday,9871.31,8390.6135
2025-11-14,ORD025549,CUST03893,P015,Dining Table,Furniture,Jaipur,Online,Credit Card,1,21998.86,0.0,21998.86,21998.86,0,2195.48,2025,11,November,Friday,21998.86,21998.86
2025-11-14,ORD024194,CUST00890,P003,Headphones,Electronics,Chennai,Online,UPI,1,4205.0,0.15,4205.0,3574.25,0,406.99,2025,11,November,Friday,4205.0,3574.25
2025-11-14,ORD005653,CUST00023,P002,Smartphone,Electronics,Hyderabad,Online,UPI,4,26411.75,0.15,105647.0,89799.95,0,23445.43,2025,11,November,Friday,105647.0,89799.95
2025-11-14,ORD005088,CUST00814,P012,Air Fryer,Home,Ahmedabad,Online,UPI,1,7710.6,0.05,7710.6,7325.07,0,1570.59,2025,11,November,Friday,7710.6,7325.07
2025-11-14,ORD000652,CUST04573,P015,Dining Table,Furniture,Ahmedabad,Online,Credit Card,2,21517.43,0.1,43034.86,38731.37,0,2572.04,2025,11,November,Friday,43034.86,38731.374
2025-11-14,ORD001026,CUST04101,P009,T-Shirt,Fashion,Chennai,Online,Credit Card,1,1278.05,0.0,1278.05,1278.05,0,189.28,2025,11,November,Friday,1278.05,1278.05
2025-11-14,ORD022223,CUST04269,P003,Headphones,Electronics,Mumbai,Store,Credit Card,5,4160.66,0.1,20803.3,18722.97,0,4018.25,2025,11,November,Friday,20803.3,18722.97
2025-11-14,ORD031629,CUST00654,P005,Office Chair,Furniture,Surat,Online,Cash,2,10127.42,0.25,20254.84,15191.13,0,2023.76,2025,11,November,Friday,20254.84,15191.130000000001
2025-11-14,ORD025952,CUST01310,P008,Running Shoes,Fashion,Chennai,Online,Credit Card,1,4430.04,0.2,4430.04,3544.03,0,747.68,2025,11,November,Friday,4430.04,3544.032
2025-11-14,ORD048535,CUST00807,P008,Running Shoes,Fashion,Pune,Online,Net Banking,1,4078.39,0.05,4078.39,3874.47,0,815.29,2025,11,November,Friday,4078.39,3874.4705
2025-11-14,ORD021702,CUST04925,P015,Dining Table,Furniture,Bengaluru,Store,Debit Card,2,23622.6,0.05,47245.2,44882.94,0,11468.76,2025,11,November,Friday,47245.2,44882.939999999995
2025-11-14,ORD013486,CUST03422,P002,Smartphone,Electronics,Ahmedabad,Store,Credit Card,1,29541.45,0.1,29541.45,26587.3,0,2936.97,2025,11,November,Friday,29541.45,26587.305
2025-11-14,ORD010932,CUST03055,P013,Monitor,Electronics,Hyderabad,Online,Cash,4,17899.37,0.05,71597.48,68017.61,0,14318.29,2025,11,November,Friday,71597.48,68017.606
2025-11-14,ORD015511,CUST01166,P018,Jacket,Fashion,Chennai,Online,Debit Card,2,5298.11,0.0,10596.22,10596.22,0,853.73,2025,11,November,Friday,10596.22,10596.22
2025-11-14,ORD005809,CUST04340,P003,Headphones,Electronics,Hyderabad,Online,Net Banking,1,4072.2,0.25,4072.2,3054.15,1,-152.71,2025,11,November,Friday,4072.2,3054.1499999999996
2025-11-14,ORD030746,CUST04276,P012,Air Fryer,Home,Delhi,Online,UPI,4,6905.19,0.05,27620.76,26239.72,0,4117.23,2025,11,November,Friday,27620.76,26239.721999999998
2025-11-14,ORD045299,CUST01271,P020,Microwave,Home,Chennai,Store,Credit Card,1,10961.91,0.15,10961.91,9317.62,0,1209.55,2025,11,November,Friday,10961.91,9317.6235
2025-11-14,ORD024250,CUST02618,P003,Headphones,Electronics,Mumbai,Store,Debit Card,2,4564.25,0.1,9128.5,8215.65,0,929.21,2025,11,November,Friday,9128.5,8215.65
2025-11-14,ORD000945,CUST01296,P008,Running Shoes,Fashion,Hyderabad,Online,Debit Card,1,4512.31,0.05,4512.31,4286.69,0,494.76,2025,11,November,Friday,4512.31,4286.6945000000005
2025-11-14,ORD000942,CUST03326,P009,T-Shirt,Fashion,Bengaluru,Online,UPI,1,1124.82,0.1,1124.82,1012.34,0,138.24,2025,11,November,Friday,1124.82,1012.338
2025-11-14,ORD038764,CUST03696,P010,Coffee Maker,Home,Jaipur,Online,Cash,2,5544.34,0.0,11088.68,11088.68,0,2151.44,2025,11,November,Friday,11088.68,11088.68
2025-11-14,ORD029037,CUST03695,P020,Microwave,Home,Jaipur,Online,Credit Card,5,11005.39,0.0,55026.95,55026.95,0,15512.88,2025,11,November,Friday,55026.95,55026.95
2025-11-14,ORD012181,CUST03735,P015,Dining Table,Furniture,Delhi,Store,Net Banking,1,22904.28,0.15,22904.28,19468.64,0,976.45,2025,11,November,Friday,22904.28,19468.638
2025-11-14,ORD031176,CUST02776,P010,Coffee Maker,Home,Chennai,Online,UPI,2,5930.08,0.15,11860.16,10081.14,1,-504.06,2025,11,November,Friday,11860.16,10081.136
2025-11-14,ORD004780,CUST04078,P008,Running Shoes,Fashion,Jaipur,Online,UPI,1,4573.81,0.1,4573.81,4116.43,0,863.55,2025,11,November,Friday,4573.81,4116.429
2025-11-14,ORD006642,CUST04714,P017,Jeans,Fashion,Mumbai,Online,UPI,2,3062.69,0.05,6125.38,5819.11,0,1360.5,2025,11,November,Friday,6125.38,5819.111
2025-11-14,ORD048967,CUST01231,P003,Headphones,Electronics,Chennai,Online,UPI,1,4138.73,0.1,4138.73,3724.86,0,572.13,2025,11,November,Friday,4138.73,3724.8569999999995
2025-11-14,ORD031367,CUST02220,P019,Vacuum Cleaner,Home,Ahmedabad,Online,Credit Card,2,8634.1,0.1,17268.2,15541.38,0,3680.63,2025,11,November,Friday,17268.2,15541.380000000001
2025-11-14,ORD047886,CUST03802,P004,Smartwatch,Electronics,Mumbai,Online,UPI,1,7426.29,0.2,7426.29,5941.03,0,432.76,2025,11,November,Friday,7426.29,5941.032
2025-11-14,ORD021213,CUST01703,P008,Running Shoes,Fashion,Jaipur,Store,Debit Card,2,4068.66,0.1,8137.32,7323.59,1,-366.18,2025,11,November,Friday,8137.32,7323.588
2025-11-14,ORD031758,CUST03706,P014,Keyboard,Electronics,Surat,Online,Net Banking,1,2375.22,0.1,2375.22,2137.7,0,503.47,2025,11,November,Friday,2375.22,2137.698
2025-11-14,ORD024947,CUST03781,P012,Air Fryer,Home,Delhi,Online,UPI,1,6736.56,0.0,6736.56,6736.56,0,752.0,2025,11,November,Friday,6736.56,6736.56
2025-11-14,ORD045713,CUST04938,P009,T-Shirt,Fashion,Jaipur,Store,Net Banking,4,1221.53,0.15,4886.12,4153.2,0,967.23,2025,11,November,Friday,4886.12,4153.202
2025-11-14,ORD030747,CUST03911,P006,Desk,Furniture,Hyderabad,Online,Debit Card,1,12145.98,0.1,12145.98,10931.38,0,975.63,2025,11,November,Friday,12145.98,10931.382
2025-11-15,ORD005638,CUST02559,P006,Desk,Furniture,Hyderabad,Online,Net Banking,3,12475.56,0.05,37426.68,35555.35,0,2914.33,2025,11,November,Saturday,37426.68,35555.346
2025-11-15,ORD010357,CUST03711,P017,Jeans,Fashion,Bengaluru,Online,UPI,2,2844.27,0.0,5688.54,5688.54,0,699.62,2025,11,November,Saturday,5688.54,5688.54
2025-11-15,ORD009162,CUST00919,P014,Keyboard,Electronics,Pune,Online,Cash,1,2517.94,0.05,2517.94,2392.04,0,192.17,2025,11,November,Saturday,2517.94,2392.043
2025-11-15,ORD019852,CUST03588,P017,Jeans,Fashion,Kolkata,Online,Debit Card,3,2529.96,0.05,7589.88,7210.39,0,1783.93,2025,11,November,Saturday,7589.88,7210.3859999999995
2025-11-15,ORD017823,CUST04242,P013,Monitor,Electronics,Ahmedabad,Online,Net Banking,1,18411.24,0.25,18411.24,13808.43,0,1004.31,2025,11,November,Saturday,18411.24,13808.43
2025-11-15,ORD029969,CUST00895,P016,Sofa,Furniture,Surat,Store,Credit Card,1,32666.67,0.0,32666.67,32666.67,0,4607.31,2025,11,November,Saturday,32666.67,32666.67
2025-11-15,ORD047778,CUST04794,P012,Air Fryer,Home,Hyderabad,Online,Credit Card,5,7327.25,0.05,36636.25,34804.44,0,8073.02,2025,11,November,Saturday,36636.25,34804.4375
2025-11-15,ORD001039,CUST00794,P013,Monitor,Electronics,Kolkata,Online,Net Banking,1,17978.85,0.1,17978.85,16180.96,0,2908.11,2025,11,November,Saturday,17978.85,16180.964999999998
2025-11-15,ORD010814,CUST00366,P013,Monitor,Electronics,Hyderabad,Store,Cash,1,17789.21,0.2,17789.21,14231.37,0,3204.29,2025,11,November,Saturday,17789.21,14231.368
2025-11-15,ORD003505,CUST01265,P011,Mixer Grinder,Home,Pune,Online,UPI,3,4862.32,0.0,14586.96,14586.96,0,3575.16,2025,11,November,Saturday,14586.96,14586.96
2025-11-15,ORD037106,CUST03107,P015,Dining Table,Furniture,Ahmedabad,Online,UPI,1,20239.05,0.15,20239.05,17203.19,0,3488.69,2025,11,November,Saturday,20239.05,17203.192499999997
2025-11-15,ORD011063,CUST02038,P004,Smartwatch,Electronics,Jaipur,Store,Cash,3,7663.15,0.0,22989.45,22989.45,0,2169.99,2025,11,November,Saturday,22989.449999999997,22989.45
2025-11-15,ORD014045,CUST00283,P006,Desk,Furniture,Hyderabad,Online,Net Banking,1,13064.46,0.1,13064.46,11758.01,0,2244.88,2025,11,November,Saturday,13064.46,11758.014
2025-11-15,ORD047507,CUST04626,P002,Smartphone,Electronics,Bengaluru,Store,Net Banking,1,27035.63,0.15,27035.63,22980.29,0,2072.66,2025,11,November,Saturday,27035.63,22980.2855
2025-11-15,ORD044542,CUST04672,P018,Jacket,Fashion,Mumbai,Online,UPI,2,5707.25,0.15,11414.5,9702.32,0,816.31,2025,11,November,Saturday,11414.5,9702.324999999999
2025-11-15,ORD043121,CUST02461,P005,Office Chair,Furniture,Mumbai,Store,Credit Card,1,9302.48,0.1,9302.48,8372.23,0,1337.48,2025,11,November,Saturday,9302.48,8372.232
2025-11-15,ORD017908,CUST04897,P012,Air Fryer,Home,Mumbai,Online,UPI,1,7351.87,0.1,7351.87,6616.68,0,1033.66,2025,11,November,Saturday,7351.87,6616.683
2025-11-15,ORD008569,CUST04922,P003,Headphones,Electronics,Jaipur,Online,Debit Card,1,4893.12,0.15,4893.12,4159.15,0,842.31,2025,11,November,Saturday,4893.12,4159.152
2025-11-15,ORD035264,CUST01257,P002,Smartphone,Electronics,Ahmedabad,Store,UPI,2,27633.35,0.05,55266.7,52503.36,0,4085.96,2025,11,November,Saturday,55266.7,52503.365
2025-11-15,ORD015554,CUST00179,P018,Jacket,Fashion,Ahmedabad,Online,UPI,1,5005.87,0.0,5005.87,5005.87,0,927.29,2025,11,November,Saturday,5005.87,5005.87
2025-11-15,ORD031970,CUST02292,P018,Jacket,Fashion,Chennai,Online,UPI,2,5679.24,0.0,11358.48,11358.48,0,3241.94,2025,11,November,Saturday,11358.48,11358.48
2025-11-15,ORD039681,CUST04951,P015,Dining Table,Furniture,Chennai,Online,Cash,1,24103.93,0.0,24103.93,24103.93,0,6141.48,2025,11,November,Saturday,24103.93,24103.93
2025-11-15,ORD027346,CUST03477,P020,Microwave,Home,Chennai,Online,Cash,1,11064.63,0.05,11064.63,10511.4,0,2578.68,2025,11,November,Saturday,11064.63,10511.3985
2025-11-15,ORD011105,CUST01036,P010,Coffee Maker,Home,Pune,Store,Credit Card,1,5022.4,0.15,5022.4,4269.04,1,-213.45,2025,11,November,Saturday,5022.4,4269.04
2025-11-15,ORD020373,CUST00367,P017,Jeans,Fashion,Mumbai,Store,Credit Card,2,2569.43,0.2,5138.86,4111.09,0,872.86,2025,11,November,Saturday,5138.86,4111.088
2025-11-15,ORD037140,CUST03350,P009,T-Shirt,Fashion,Chennai,Online,Debit Card,3,1084.12,0.1,3252.36,2927.12,0,268.64,2025,11,November,Saturday,3252.3599999999997,2927.1240000000003
2025-11-15,ORD049435,CUST01365,P009,T-Shirt,Fashion,Surat,Store,UPI,1,1222.0,0.15,1222.0,1038.7,0,92.32,2025,11,November,Saturday,1222.0,1038.7
2025-11-15,ORD049665,CUST03679,P005,Office Chair,Furniture,Delhi,Online,Credit Card,3,10116.3,0.05,30348.9,28831.46,0,8291.95,2025,11,November,Saturday,30348.899999999998,28831.455
2025-11-15,ORD006046,CUST03100,P004,Smartwatch,Electronics,Bengaluru,Online,UPI,1,6950.22,0.1,6950.22,6255.2,0,1107.05,2025,11,November,Saturday,6950.22,6255.198
2025-11-15,ORD030537,CUST03852,P004,Smartwatch,Electronics,Delhi,Store,Net Banking,4,6446.23,0.1,25784.92,23206.43,0,3603.55,2025,11,November,Saturday,25784.92,23206.428
2025-11-15,ORD008209,CUST04095,P018,Jacket,Fashion,Kolkata,Online,Debit Card,4,4752.79,0.25,19011.16,14258.37,0,3426.03,2025,11,November,Saturday,19011.16,14258.369999999999
2025-11-15,ORD014152,CUST03504,P007,Backpack,Accessories,Jaipur,Store,UPI,1,2065.6,0.1,2065.6,1859.04,0,456.55,2025,11,November,Saturday,2065.6,1859.04
2025-11-15,ORD017483,CUST00447,P020,Microwave,Home,Ahmedabad,Online,UPI,1,10898.86,0.15,10898.86,9264.03,0,1341.82,2025,11,November,Saturday,10898.86,9264.031
2025-11-15,ORD048684,CUST00450,P004,Smartwatch,Electronics,Hyderabad,Online,Net Banking,1,7560.09,0.0,7560.09,7560.09,0,1214.48,2025,11,November,Saturday,7560.09,7560.09
2025-11-15,ORD025680,CUST00045,P017,Jeans,Fashion,Bengaluru,Store,UPI,2,2832.69,0.1,5665.38,5098.84,0,399.3,2025,11,November,Saturday,5665.38,5098.842000000001
2025-11-15,ORD019673,CUST04078,P002,Smartphone,Electronics,Kolkata,Online,Cash,2,25945.94,0.15,51891.88,44108.1,0,3175.87,2025,11,November,Saturday,51891.88,44108.098
2025-11-15,ORD023411,CUST01679,P003,Headphones,Electronics,Ahmedabad,Online,Debit Card,4,4262.91,0.25,17051.64,12788.73,0,2548.26,2025,11,November,Saturday,17051.64,12788.73
2025-11-15,ORD040434,CUST00833,P013,Monitor,Electronics,Kolkata,Store,UPI,1,19619.47,0.0,19619.47,19619.47,0,1851.7,2025,11,November,Saturday,19619.47,19619.47
2025-11-15,ORD034638,CUST01149,P020,Microwave,Home,Surat,Online,Credit Card,2,10601.94,0.2,21203.88,16963.1,0,3374.7,2025,11,November,Saturday,21203.88,16963.104000000003
2025-11-15,ORD040981,CUST02799,P018,Jacket,Fashion,Mumbai,Online,Net Banking,2,5500.71,0.0,11001.42,11001.42,0,1782.0,2025,11,November,Saturday,11001.42,11001.42
2025-11-15,ORD047796,CUST04063,P020,Microwave,Home,Bengaluru,Store,Net Banking,1,10050.44,0.0,10050.44,10050.44,0,1393.39,2025,11,November,Saturday,10050.44,10050.44
2025-11-15,ORD018922,CUST02545,P004,Smartwatch,Electronics,Ahmedabad,Online,Debit Card,2,7314.4,0.0,14628.8,14628.8,0,2637.05,2025,11,November,Saturday,14628.8,14628.8
2025-11-15,ORD034438,CUST03466,P003,Headphones,Electronics,Mumbai,Online,Credit Card,1,4577.8,0.2,4577.8,3662.24,0,474.97,2025,11,November,Saturday,4577.8,3662.2400000000002
2025-11-15,ORD022873,CUST03255,P011,Mixer Grinder,Home,Ahmedabad,Online,Debit Card,1,4730.83,0.25,4730.83,3548.12,0,337.2,2025,11,November,Saturday,4730.83,3548.1225
2025-11-15,ORD000709,CUST01180,P013,Monitor,Electronics,Kolkata,Online,UPI,2,19107.86,0.05,38215.72,36304.93,0,3347.62,2025,11,November,Saturday,38215.72,36304.934
2025-11-15,ORD015089,CUST03215,P004,Smartwatch,Electronics,Ahmedabad,Store,Credit Card,1,7075.88,0.0,7075.88,7075.88,1,-353.79,2025,11,November,Saturday,7075.88,7075.88
2025-11-15,ORD025809,CUST03803,P011,Mixer Grinder,Home,Bengaluru,Online,UPI,1,5209.22,0.2,5209.22,4167.38,1,-208.37,2025,11,November,Saturday,5209.22,4167.376
2025-11-15,ORD025870,CUST00591,P008,Running Shoes,Fashion,Jaipur,Store,Credit Card,1,4147.41,0.1,4147.41,3732.67,0,988.99,2025,11,November,Saturday,4147.41,3732.669
2025-11-15,ORD049758,CUST01093,P008,Running Shoes,Fashion,Mumbai,Online,Credit Card,2,4543.27,0.25,9086.54,6814.91,0,1345.45,2025,11,November,Saturday,9086.54,6814.905000000001
2025-11-15,ORD018842,CUST04806,P011,Mixer Grinder,Home,Hyderabad,Store,UPI,5,5013.35,0.05,25066.75,23813.41,0,2211.24,2025,11,November,Saturday,25066.75,23813.4125
2025-11-15,ORD001809,CUST03142,P011,Mixer Grinder,Home,Mumbai,Store,UPI,4,4576.94,0.05,18307.76,17392.37,0,4172.25,2025,11,November,Saturday,18307.76,17392.372
2025-11-15,ORD022315,CUST01900,P015,Dining Table,Furniture,Surat,Online,Credit Card,3,24015.6,0.1,72046.8,64842.12,0,10078.23,2025,11,November,Saturday,72046.79999999999,64842.12
2025-11-15,ORD006616,CUST03948,P008,Running Shoes,Fashion,Bengaluru,Store,UPI,1,4417.33,0.0,4417.33,4417.33,0,1266.52,2025,11,November,Saturday,4417.33,4417.33
2025-11-15,ORD014030,CUST03668,P008,Running Shoes,Fashion,Mumbai,Online,Credit Card,1,3948.21,0.1,3948.21,3553.39,0,507.98,2025,11,November,Saturday,3948.21,3553.389
2025-11-15,ORD038808,CUST01389,P006,Desk,Furniture,Pune,Online,UPI,5,13061.2,0.05,65306.0,62040.7,0,6599.2,2025,11,November,Saturday,65306.0,62040.7
2025-11-15,ORD009892,CUST00760,P004,Smartwatch,Electronics,Pune,Online,Credit Card,1,7439.44,0.05,7439.44,7067.47,0,1051.45,2025,11,November,Saturday,7439.44,7067.467999999999
2025-11-15,ORD048792,CUST00373,P004,Smartwatch,Electronics,Surat,Store,Net Banking,1,6396.6,0.2,6396.6,5117.28,0,1257.4,2025,11,November,Saturday,6396.6,5117.280000000001
2025-11-15,ORD028716,CUST02180,P018,Jacket,Fashion,Pune,Online,Credit Card,1,5461.94,0.1,5461.94,4915.75,0,754.09,2025,11,November,Saturday,5461.94,4915.746
2025-11-15,ORD021109,CUST00160,P013,Monitor,Electronics,Pune,Online,Credit Card,1,19181.82,0.1,19181.82,17263.64,0,2721.63,2025,11,November,Saturday,19181.82,17263.638
2025-11-15,ORD029056,CUST02814,P003,Headphones,Electronics,Jaipur,Online,UPI,2,4117.26,0.1,8234.52,7411.07,0,810.4,2025,11,November,Saturday,8234.52,7411.068
2025-11-15,ORD038422,CUST03428,P014,Keyboard,Electronics,Jaipur,Online,Credit Card,3,2666.5,0.1,7999.5,7199.55,0,1020.02,2025,11,November,Saturday,7999.5,7199.55
2025-11-15,ORD002681,CUST02938,P020,Microwave,Home,Delhi,Store,UPI,1,10770.57,0.1,10770.57,9693.51,0,1739.98,2025,11,November,Saturday,10770.57,9693.513
2025-11-15,ORD043332,CUST00221,P008,Running Shoes,Fashion,Pune,Store,Credit Card,1,4117.6,0.15,4117.6,3499.96,0,818.43,2025,11,November,Saturday,4117.6,3499.96
2025-11-15,ORD013362,CUST04929,P004,Smartwatch,Electronics,Kolkata,Online,Credit Card,1,6595.58,0.1,6595.58,5936.02,0,517.89,2025,11,November,Saturday,6595.58,5936.022
2025-11-15,ORD012154,CUST04652,P011,Mixer Grinder,Home,Pune,Online,Credit Card,2,4457.34,0.1,8914.68,8023.21,0,851.0,2025,11,November,Saturday,8914.68,8023.212
2025-11-15,ORD013304,CUST03810,P005,Office Chair,Furniture,Delhi,Online,Credit Card,1,9434.7,0.25,9434.7,7076.02,0,1677.29,2025,11,November,Saturday,9434.7,7076.025000000001
2025-11-15,ORD038433,CUST02871,P003,Headphones,Electronics,Pune,Online,Credit Card,2,4358.76,0.05,8717.52,8281.64,1,-414.08,2025,11,November,Saturday,8717.52,8281.644
2025-11-15,ORD038050,CUST03670,P002,Smartphone,Electronics,Chennai,Online,Credit Card,4,29351.62,0.15,117406.48,99795.51,0,18331.18,2025,11,November,Saturday,117406.48,99795.50799999999
2025-11-15,ORD009905,CUST02208,P002,Smartphone,Electronics,Pune,Store,UPI,1,26444.96,0.15,26444.96,22478.22,0,3743.11,2025,11,November,Saturday,26444.96,22478.216
2025-11-15,ORD001407,CUST03672,P011,Mixer Grinder,Home,Bengaluru,Store,Credit Card,2,5177.48,0.1,10354.96,9319.46,0,1972.51,2025,11,November,Saturday,10354.96,9319.464
2025-11-16,ORD008757,CUST04564,P016,Sofa,Furniture,Surat,Store,UPI,1,38343.61,0.05,38343.61,36426.43,0,6440.11,2025,11,November,Sunday,38343.61,36426.4295
2025-11-16,ORD026495,CUST04085,P006,Desk,Furniture,Kolkata,Online,UPI,1,10912.12,0.1,10912.12,9820.91,0,2073.82,2025,11,November,Sunday,10912.12,9820.908000000001
2025-11-16,ORD049113,CUST03910,P010,Coffee Maker,Home,Ahmedabad,Store,UPI,2,5812.27,0.0,11624.54,11624.54,0,1812.6,2025,11,November,Sunday,11624.54,11624.54
2025-11-16,ORD045376,CUST00695,P013,Monitor,Electronics,Mumbai,Online,UPI,2,16843.91,0.05,33687.82,32003.43,0,8524.76,2025,11,November,Sunday,33687.82,32003.428999999996
2025-11-16,ORD017212,CUST02263,P002,Smartphone,Electronics,Surat,Store,UPI,2,29882.34,0.05,59764.68,56776.45,0,10535.11,2025,11,November,Sunday,59764.68,56776.445999999996
2025-11-16,ORD041037,CUST04505,P010,Coffee Maker,Home,Kolkata,Store,Debit Card,1,5473.7,0.0,5473.7,5473.7,0,905.18,2025,11,November,Sunday,5473.7,5473.7
2025-11-16,ORD044672,CUST04426,P003,Headphones,Electronics,Delhi,Online,UPI,1,4230.66,0.05,4230.66,4019.13,0,426.6,2025,11,November,Sunday,4230.66,4019.1269999999995
2025-11-16,ORD039896,CUST03938,P009,T-Shirt,Fashion,Ahmedabad,Online,Net Banking,1,1263.74,0.0,1263.74,1263.74,0,146.78,2025,11,November,Sunday,1263.74,1263.74
2025-11-16,ORD035587,CUST03145,P016,Sofa,Furniture,Bengaluru,Online,Debit Card,1,36484.14,0.0,36484.14,36484.14,0,8019.78,2025,11,November,Sunday,36484.14,36484.14
2025-11-16,ORD034373,CUST04920,P020,Microwave,Home,Jaipur,Store,Cash,1,10126.67,0.05,10126.67,9620.34,0,1074.27,2025,11,November,Sunday,10126.67,9620.3365
2025-11-16,ORD045179,CUST01939,P012,Air Fryer,Home,Kolkata,Store,Credit Card,2,7420.65,0.0,14841.3,14841.3,0,2119.45,2025,11,November,Sunday,14841.3,14841.3
2025-11-16,ORD003688,CUST00621,P020,Microwave,Home,Hyderabad,Online,UPI,1,10881.23,0.05,10881.23,10337.17,0,1413.68,2025,11,November,Sunday,10881.23,10337.1685
2025-11-16,ORD044057,CUST00910,P004,Smartwatch,Electronics,Bengaluru,Online,UPI,4,6856.04,0.05,27424.16,26052.95,0,4118.59,2025,11,November,Sunday,27424.16,26052.951999999997
2025-11-16,ORD043598,CUST00975,P008,Running Shoes,Fashion,Chennai,Online,Credit Card,1,3802.16,0.1,3802.16,3421.94,0,377.89,2025,11,November,Sunday,3802.16,3421.944
2025-11-16,ORD031802,CUST02697,P005,Office Chair,Furniture,Chennai,Online,UPI,1,8916.29,0.05,8916.29,8470.48,0,1745.38,2025,11,November,Sunday,8916.29,8470.4755
2025-11-16,ORD013942,CUST03552,P017,Jeans,Fashion,Kolkata,Online,Debit Card,1,2571.01,0.0,2571.01,2571.01,0,405.67,2025,11,November,Sunday,2571.01,2571.01
2025-11-16,ORD044843,CUST02121,P011,Mixer Grinder,Home,Delhi,Online,Cash,1,4929.83,0.1,4929.83,4436.85,0,1136.27,2025,11,November,Sunday,4929.83,4436.847
2025-11-16,ORD040865,CUST02305,P016,Sofa,Furniture,Hyderabad,Online,Credit Card,3,32329.93,0.15,96989.79,82441.32,0,18553.15,2025,11,November,Sunday,96989.79000000001,82441.32149999999
2025-11-16,ORD004486,CUST00582,P013,Monitor,Electronics,Chennai,Store,UPI,2,18253.63,0.2,36507.26,29205.81,0,5698.3,2025,11,November,Sunday,36507.26,29205.808000000005
2025-11-16,ORD003564,CUST00263,P003,Headphones,Electronics,Surat,Online,UPI,4,4325.73,0.15,17302.92,14707.48,0,874.14,2025,11,November,Sunday,17302.92,14707.481999999998
2025-11-16,ORD036324,CUST00752,P002,Smartphone,Electronics,Bengaluru,Online,Credit Card,1,28605.79,0.25,28605.79,21454.34,0,3802.86,2025,11,November,Sunday,28605.79,21454.3425
2025-11-16,ORD025898,CUST00516,P002,Smartphone,Electronics,Hyderabad,Online,Credit Card,2,30527.63,0.1,61055.26,54949.73,0,9801.2,2025,11,November,Sunday,61055.26,54949.734000000004
2025-11-16,ORD012977,CUST02132,P018,Jacket,Fashion,Mumbai,Store,Credit Card,1,4854.22,0.1,4854.22,4368.8,0,446.64,2025,11,November,Sunday,4854.22,4368.798000000001
2025-11-16,ORD042232,CUST04939,P017,Jeans,Fashion,Ahmedabad,Online,Credit Card,1,2817.47,0.0,2817.47,2817.47,0,792.86,2025,11,November,Sunday,2817.47,2817.47
2025-11-16,ORD041374,CUST03182,P007,Backpack,Accessories,Kolkata,Online,Credit Card,1,2095.76,0.2,2095.76,1676.61,0,146.25,2025,11,November,Sunday,2095.76,1676.6080000000002
2025-11-16,ORD007954,CUST02425,P001,Laptop,Electronics,Kolkata,Online,Credit Card,1,70134.9,0.15,70134.9,59614.66,0,9916.02,2025,11,November,Sunday,70134.9,59614.66499999999
2025-11-16,ORD049640,CUST04626,P020,Microwave,Home,Kolkata,Online,UPI,1,10723.45,0.1,10723.45,9651.11,0,2560.72,2025,11,November,Sunday,10723.45,9651.105000000001
2025-11-16,ORD042344,CUST02145,P018,Jacket,Fashion,Hyderabad,Store,Credit Card,1,4920.01,0.1,4920.01,4428.01,0,1145.14,2025,11,November,Sunday,4920.01,4428.009
2025-11-16,ORD023568,CUST03971,P009,T-Shirt,Fashion,Chennai,Online,UPI,4,1224.9,0.05,4899.6,4654.62,0,1083.24,2025,11,November,Sunday,4899.6,4654.62
2025-11-16,ORD035441,CUST01058,P006,Desk,Furniture,Delhi,Online,Net Banking,1,12801.96,0.1,12801.96,11521.76,0,1844.28,2025,11,November,Sunday,12801.96,11521.764
2025-11-16,ORD044493,CUST03852,P017,Jeans,Fashion,Mumbai,Online,Debit Card,1,3059.1,0.1,3059.1,2753.19,0,499.07,2025,11,November,Sunday,3059.1,2753.19
2025-11-16,ORD019335,CUST02286,P002,Smartphone,Electronics,Pune,Online,UPI,1,30023.78,0.2,30023.78,24019.02,0,2044.18,2025,11,November,Sunday,30023.78,24019.024
2025-11-16,ORD037416,CUST01015,P010,Coffee Maker,Home,Jaipur,Store,Credit Card,2,5796.81,0.05,11593.62,11013.94,0,3093.65,2025,11,November,Sunday,11593.62,11013.939
2025-11-16,ORD049851,CUST00535,P019,Vacuum Cleaner,Home,Surat,Online,Debit Card,2,9079.86,0.05,18159.72,17251.73,0,2091.08,2025,11,November,Sunday,18159.72,17251.734
2025-11-16,ORD035851,CUST04916,P018,Jacket,Fashion,Jaipur,Store,Net Banking,2,5611.51,0.2,11223.02,8978.42,0,1357.67,2025,11,November,Sunday,11223.02,8978.416000000001
2025-11-16,ORD004437,CUST02265,P018,Jacket,Fashion,Kolkata,Online,Debit Card,1,5567.37,0.05,5567.37,5289.0,0,1320.57,2025,11,November,Sunday,5567.37,5289.001499999999
2025-11-16,ORD025716,CUST00555,P013,Monitor,Electronics,Ahmedabad,Online,UPI,1,17382.58,0.0,17382.58,17382.58,0,4592.3,2025,11,November,Sunday,17382.58,17382.58
2025-11-16,ORD003115,CUST02550,P011,Mixer Grinder,Home,Hyderabad,Online,Cash,1,5024.74,0.0,5024.74,5024.74,0,1104.19,2025,11,November,Sunday,5024.74,5024.74
2025-11-16,ORD013232,CUST02215,P007,Backpack,Accessories,Delhi,Online,UPI,1,2066.34,0.1,2066.34,1859.71,0,278.36,2025,11,November,Sunday,2066.34,1859.7060000000001
2025-11-16,ORD017948,CUST03609,P004,Smartwatch,Electronics,Ahmedabad,Online,UPI,1,7141.93,0.2,7141.93,5713.54,0,470.79,2025,11,November,Sunday,7141.93,5713.544000000001
2025-11-16,ORD021810,CUST04799,P012,Air Fryer,Home,Hyderabad,Store,Credit Card,1,7655.19,0.0,7655.19,7655.19,0,772.35,2025,11,November,Sunday,7655.19,7655.19
2025-11-16,ORD017931,CUST02031,P014,Keyboard,Electronics,Delhi,Online,UPI,1,2289.65,0.1,2289.65,2060.68,0,429.55,2025,11,November,Sunday,2289.65,2060.685
2025-11-16,ORD014568,CUST00057,P011,Mixer Grinder,Home,Mumbai,Online,Net Banking,1,4912.57,0.1,4912.57,4421.31,1,-221.07,2025,11,November,Sunday,4912.57,4421.313
2025-11-16,ORD028048,CUST00336,P017,Jeans,Fashion,Pune,Online,Net Banking,2,2951.47,0.1,5902.94,5312.65,0,892.73,2025,11,November,Sunday,5902.94,5312.646
2025-11-16,ORD010662,CUST04433,P002,Smartphone,Electronics,Delhi,Store,UPI,1,29098.86,0.15,29098.86,24734.03,0,5623.16,2025,11,November,Sunday,29098.86,24734.031
2025-11-16,ORD000026,CUST03864,P001,Laptop,Electronics,Bengaluru,Online,Net Banking,1,65738.42,0.0,65738.42,65738.42,0,15325.37,2025,11,November,Sunday,65738.42,65738.42
2025-11-16,ORD018987,CUST02846,P015,Dining Table,Furniture,Mumbai,Online,Cash,1,20287.54,0.15,20287.54,17244.41,0,3302.38,2025,11,November,Sunday,20287.54,17244.409
2025-11-16,ORD049739,CUST00357,P009,T-Shirt,Fashion,Jaipur,Store,Credit Card,1,1268.35,0.0,1268.35,1268.35,0,287.63,2025,11,November,Sunday,1268.35,1268.35
2025-11-16,ORD024772,CUST02179,P001,Laptop,Electronics,Jaipur,Online,Credit Card,1,66849.27,0.15,66849.27,56821.88,0,3691.11,2025,11,November,Sunday,66849.27,56821.8795
2025-11-16,ORD033820,CUST03285,P014,Keyboard,Electronics,Surat,Online,Cash,2,2567.3,0.1,5134.6,4621.14,0,470.45,2025,11,November,Sunday,5134.6,4621.14
2025-11-16,ORD022711,CUST04545,P006,Desk,Furniture,Ahmedabad,Online,Credit Card,1,11741.79,0.05,11741.79,11154.7,0,2306.0,2025,11,November,Sunday,11741.79,11154.7005
2025-11-16,ORD007392,CUST01162,P006,Desk,Furniture,Ahmedabad,Online,Net Banking,1,12768.34,0.15,12768.34,10853.09,0,2882.31,2025,11,November,Sunday,12768.34,10853.089
2025-11-16,ORD047290,CUST02283,P011,Mixer Grinder,Home,Ahmedabad,Online,UPI,3,4369.86,0.15,13109.58,11143.14,0,929.81,2025,11,November,Sunday,13109.579999999998,11143.143
2025-11-16,ORD032750,CUST01845,P012,Air Fryer,Home,Chennai,Online,Debit Card,1,7088.19,0.0,7088.19,7088.19,0,2120.6,2025,11,November,Sunday,7088.19,7088.19
2025-11-16,ORD019786,CUST04726,P001,Laptop,Electronics,Hyderabad,Online,UPI,2,59755.49,0.1,119510.98,107559.88,0,9755.71,2025,11,November,Sunday,119510.98,107559.882
2025-11-16,ORD027646,CUST02763,P009,T-Shirt,Fashion,Delhi,Online,Net Banking,1,1302.18,0.1,1302.18,1171.96,0,107.38,2025,11,November,Sunday,1302.18,1171.962
2025-11-16,ORD002612,CUST02778,P002,Smartphone,Electronics,Bengaluru,Online,UPI,1,26445.68,0.05,26445.68,25123.4,0,7281.02,2025,11,November,Sunday,26445.68,25123.396
2025-11-17,ORD038409,CUST04777,P012,Air Fryer,Home,Delhi,Online,UPI,1,6717.56,0.15,6717.56,5709.93,0,744.63,2025,11,November,Monday,6717.56,5709.926
2025-11-17,ORD008360,CUST00901,P020,Microwave,Home,Surat,Online,UPI,1,11756.06,0.05,11756.06,11168.26,0,2866.37,2025,11,November,Monday,11756.06,11168.257
2025-11-17,ORD032931,CUST01983,P014,Keyboard,Electronics,Kolkata,Store,Credit Card,1,2250.13,0.0,2250.13,2250.13,0,413.63,2025,11,November,Monday,2250.13,2250.13
2025-11-17,ORD032064,CUST00213,P008,Running Shoes,Fashion,Hyderabad,Store,Credit Card,2,3918.71,0.25,7837.42,5878.06,0,1287.69,2025,11,November,Monday,7837.42,5878.0650000000005
2025-11-17,ORD043590,CUST03707,P010,Coffee Maker,Home,Ahmedabad,Online,Credit Card,1,5952.55,0.0,5952.55,5952.55,0,583.86,2025,11,November,Monday,5952.55,5952.55
2025-11-17,ORD038262,CUST03012,P004,Smartwatch,Electronics,Pune,Store,UPI,2,7159.32,0.2,14318.64,11454.91,0,2483.27,2025,11,November,Monday,14318.64,11454.912
2025-11-17,ORD010425,CUST00951,P001,Laptop,Electronics,Bengaluru,Online,UPI,2,62957.06,0.1,125914.12,113322.71,0,29979.66,2025,11,November,Monday,125914.12,113322.708
2025-11-17,ORD018274,CUST02179,P002,Smartphone,Electronics,Chennai,Store,UPI,1,26624.11,0.1,26624.11,23961.7,0,3371.08,2025,11,November,Monday,26624.11,23961.699
2025-11-17,ORD007590,CUST04676,P018,Jacket,Fashion,Kolkata,Store,Net Banking,2,4868.46,0.0,9736.92,9736.92,0,2730.06,2025,11,November,Monday,9736.92,9736.92
2025-11-17,ORD028958,CUST04109,P011,Mixer Grinder,Home,Mumbai,Online,Debit Card,3,4889.07,0.0,14667.21,14667.21,0,2095.94,2025,11,November,Monday,14667.21,14667.21
2025-11-17,ORD023458,CUST04257,P014,Keyboard,Electronics,Jaipur,Online,Net Banking,3,2444.22,0.0,7332.66,7332.66,0,773.75,2025,11,November,Monday,7332.66,7332.66
2025-11-17,ORD015775,CUST02783,P011,Mixer Grinder,Home,Surat,Online,UPI,1,4507.04,0.25,4507.04,3380.28,0,614.02,2025,11,November,Monday,4507.04,3380.2799999999997
2025-11-17,ORD000718,CUST00882,P013,Monitor,Electronics,Pune,Online,UPI,2,19141.2,0.05,38282.4,36368.28,0,5160.3,2025,11,November,Monday,38282.4,36368.28
2025-11-17,ORD014561,CUST02766,P016,Sofa,Furniture,Ahmedabad,Online,Credit Card,1,35805.99,0.1,35805.99,32225.39,0,4181.92,2025,11,November,Monday,35805.99,32225.391
2025-11-17,ORD025616,CUST01588,P013,Monitor,Electronics,Kolkata,Online,Net Banking,1,18556.35,0.0,18556.35,18556.35,0,5010.67,2025,11,November,Monday,18556.35,18556.35
2025-11-17,ORD009273,CUST01456,P013,Monitor,Electronics,Chennai,Store,Debit Card,3,18874.13,0.15,56622.39,48129.03,0,7345.78,2025,11,November,Monday,56622.39,48129.0315
2025-11-17,ORD020847,CUST04028,P003,Headphones,Electronics,Ahmedabad,Store,UPI,2,4469.3,0.1,8938.6,8044.74,0,1114.35,2025,11,November,Monday,8938.6,8044.740000000001
2025-11-17,ORD036105,CUST03605,P012,Air Fryer,Home,Kolkata,Store,Cash,2,6663.1,0.1,13326.2,11993.58,0,2465.08,2025,11,November,Monday,13326.2,11993.580000000002
2025-11-17,ORD012642,CUST03373,P007,Backpack,Accessories,Chennai,Online,Credit Card,5,2294.8,0.1,11474.0,10326.6,0,2699.87,2025,11,November,Monday,11474.0,10326.6
2025-11-17,ORD045071,CUST03414,P020,Microwave,Home,Ahmedabad,Online,UPI,3,10637.46,0.0,31912.38,31912.38,0,7200.49,2025,11,November,Monday,31912.379999999997,31912.38
2025-11-17,ORD009370,CUST01194,P002,Smartphone,Electronics,Chennai,Online,Credit Card,1,29506.88,0.1,29506.88,26556.19,0,1762.8,2025,11,November,Monday,29506.88,26556.192000000003
2025-11-17,ORD036471,CUST01702,P002,Smartphone,Electronics,Jaipur,Online,Net Banking,1,28712.43,0.05,28712.43,27276.81,0,2991.06,2025,11,November,Monday,28712.43,27276.8085
2025-11-17,ORD006777,CUST04874,P012,Air Fryer,Home,Ahmedabad,Online,UPI,1,7313.69,0.05,7313.69,6948.01,0,794.42,2025,11,November,Monday,7313.69,6948.005499999999
2025-11-17,ORD011078,CUST04700,P016,Sofa,Furniture,Chennai,Online,Credit Card,1,32982.07,0.15,32982.07,28034.76,0,4469.99,2025,11,November,Monday,32982.07,28034.7595
2025-11-17,ORD034883,CUST01152,P020,Microwave,Home,Ahmedabad,Online,Credit Card,1,10819.62,0.1,10819.62,9737.66,0,1573.54,2025,11,November,Monday,10819.62,9737.658000000001
2025-11-17,ORD049337,CUST04884,P001,Laptop,Electronics,Pune,Online,UPI,1,69282.41,0.15,69282.41,58890.05,0,4849.51,2025,11,November,Monday,69282.41,58890.048500000004
2025-11-17,ORD037809,CUST04772,P008,Running Shoes,Fashion,Bengaluru,Store,UPI,1,4129.13,0.1,4129.13,3716.22,0,1035.96,2025,11,November,Monday,4129.13,3716.217
2025-11-17,ORD023648,CUST00323,P003,Headphones,Electronics,Kolkata,Online,UPI,1,4150.24,0.2,4150.24,3320.19,0,353.04,2025,11,November,Monday,4150.24,3320.192
2025-11-17,ORD003783,CUST03886,P011,Mixer Grinder,Home,Bengaluru,Online,Net Banking,1,5096.37,0.05,5096.37,4841.55,0,1056.58,2025,11,November,Monday,5096.37,4841.5515
2025-11-17,ORD048560,CUST03219,P020,Microwave,Home,Pune,Online,UPI,1,10050.4,0.1,10050.4,9045.36,1,-452.27,2025,11,November,Monday,10050.4,9045.36
2025-11-17,ORD007928,CUST01108,P009,T-Shirt,Fashion,Hyderabad,Online,Credit Card,1,1165.19,0.0,1165.19,1165.19,0,268.3,2025,11,November,Monday,1165.19,1165.19
2025-11-17,ORD031977,CUST04531,P009,T-Shirt,Fashion,Mumbai,Online,Credit Card,1,1274.53,0.05,1274.53,1210.8,0,171.6,2025,11,November,Monday,1274.53,1210.8035
2025-11-17,ORD037197,CUST03678,P019,Vacuum Cleaner,Home,Ahmedabad,Store,UPI,1,8965.04,0.05,8965.04,8516.79,0,1314.85,2025,11,November,Monday,8965.04,8516.788
2025-11-17,ORD011997,CUST01403,P019,Vacuum Cleaner,Home,Surat,Online,UPI,1,8694.49,0.1,8694.49,7825.04,0,1579.65,2025,11,November,Monday,8694.49,7825.041
2025-11-17,ORD025514,CUST03370,P011,Mixer Grinder,Home,Hyderabad,Online,Debit Card,1,4544.57,0.15,4544.57,3862.88,0,315.57,2025,11,November,Monday,4544.57,3862.8844999999997
2025-11-17,ORD021008,CUST01330,P001,Laptop,Electronics,Ahmedabad,Store,UPI,1,60480.8,0.2,60480.8,48384.64,0,10926.99,2025,11,November,Monday,60480.8,48384.64000000001
2025-11-17,ORD012156,CUST01939,P002,Smartphone,Electronics,Mumbai,Online,UPI,1,26776.56,0.05,26776.56,25437.73,0,3481.56,2025,11,November,Monday,26776.56,25437.732
2025-11-17,ORD029719,CUST00114,P016,Sofa,Furniture,Kolkata,Store,Cash,1,32498.56,0.05,32498.56,30873.63,0,5077.92,2025,11,November,Monday,32498.56,30873.632
2025-11-17,ORD016237,CUST03220,P009,T-Shirt,Fashion,Pune,Online,Cash,4,1259.06,0.15,5036.24,4280.8,0,840.97,2025,11,November,Monday,5036.24,4280.804
2025-11-17,ORD013488,CUST02335,P005,Office Chair,Furniture,Ahmedabad,Online,Credit Card,2,9411.21,0.05,18822.42,17881.3,0,2959.19,2025,11,November,Monday,18822.42,17881.299
2025-11-17,ORD027448,CUST02971,P012,Air Fryer,Home,Surat,Store,Debit Card,3,7832.26,0.1,23496.78,21147.1,0,3373.94,2025,11,November,Monday,23496.78,21147.102
2025-11-17,ORD015220,CUST03095,P019,Vacuum Cleaner,Home,Bengaluru,Store,UPI,1,9162.95,0.05,9162.95,8704.8,0,1542.82,2025,11,November,Monday,9162.95,8704.8025
2025-11-17,ORD047962,CUST01258,P019,Vacuum Cleaner,Home,Kolkata,Online,Debit Card,4,9363.04,0.1,37452.16,33706.94,1,-1685.35,2025,11,November,Monday,37452.16,33706.944
2025-11-17,ORD019789,CUST01427,P018,Jacket,Fashion,Pune,Store,Debit Card,2,4826.39,0.1,9652.78,8687.5,0,562.94,2025,11,November,Monday,9652.78,8687.502
2025-11-17,ORD043659,CUST01276,P014,Keyboard,Electronics,Bengaluru,Online,UPI,1,2426.07,0.1,2426.07,2183.46,0,326.05,2025,11,November,Monday,2426.07,2183.463
2025-11-17,ORD000003,CUST03006,P017,Jeans,Fashion,Mumbai,Online,Net Banking,1,2546.13,0.05,2546.13,2418.82,1,-120.94,2025,11,November,Monday,2546.13,2418.8235
2025-11-17,ORD030801,CUST00277,P016,Sofa,Furniture,Hyderabad,Online,Net Banking,4,38275.83,0.05,153103.32,145448.15,0,15240.71,2025,11,November,Monday,153103.32,145448.154
2025-11-17,ORD023081,CUST01207,P010,Coffee Maker,Home,Pune,Store,Net Banking,1,5041.39,0.05,5041.39,4789.32,0,340.79,2025,11,November,Monday,5041.39,4789.3205
2025-11-17,ORD028006,CUST04012,P013,Monitor,Electronics,Jaipur,Online,Credit Card,3,16817.43,0.05,50452.29,47929.68,0,3360.65,2025,11,November,Monday,50452.29,47929.6755
2025-11-17,ORD004657,CUST01164,P005,Office Chair,Furniture,Chennai,Store,UPI,1,9396.94,0.05,9396.94,8927.09,0,1666.48,2025,11,November,Monday,9396.94,8927.093
2025-11-17,ORD014110,CUST04443,P016,Sofa,Furniture,Surat,Store,Net Banking,3,34470.79,0.1,103412.37,93071.13,0,19029.42,2025,11,November,Monday,103412.37,93071.133
2025-11-17,ORD043034,CUST01098,P020,Microwave,Home,Mumbai,Online,Cash,2,11281.2,0.15,22562.4,19178.04,0,4178.94,2025,11,November,Monday,22562.4,19178.04
2025-11-17,ORD017775,CUST00169,P008,Running Shoes,Fashion,Ahmedabad,Store,UPI,1,4296.64,0.05,4296.64,4081.81,0,632.8,2025,11,November,Monday,4296.64,4081.808
2025-11-17,ORD020398,CUST02996,P002,Smartphone,Electronics,Kolkata,Online,UPI,1,30602.63,0.05,30602.63,29072.5,0,7986.16,2025,11,November,Monday,30602.63,29072.498499999998
2025-11-17,ORD008440,CUST04098,P012,Air Fryer,Home,Chennai,Store,UPI,2,7450.93,0.05,14901.86,14156.77,0,4083.91,2025,11,November,Monday,14901.86,14156.767
2025-11-17,ORD022243,CUST00072,P004,Smartwatch,Electronics,Pune,Store,UPI,4,7137.32,0.05,28549.28,27121.82,0,4418.38,2025,11,November,Monday,28549.28,27121.816
2025-11-17,ORD048986,CUST01719,P016,Sofa,Furniture,Surat,Store,UPI,1,33239.56,0.0,33239.56,33239.56,0,8508.29,2025,11,November,Monday,33239.56,33239.56
2025-11-17,ORD046836,CUST02887,P011,Mixer Grinder,Home,Hyderabad,Online,UPI,1,4640.53,0.1,4640.53,4176.48,0,400.1,2025,11,November,Monday,4640.53,4176.477
2025-11-17,ORD044113,CUST03930,P020,Microwave,Home,Chennai,Store,Credit Card,1,11090.69,0.0,11090.69,11090.69,1,-554.53,2025,11,November,Monday,11090.69,11090.69
2025-11-17,ORD049935,CUST03419,P007,Backpack,Accessories,Mumbai,Online,UPI,1,2339.1,0.2,2339.1,1871.28,0,89.35,2025,11,November,Monday,2339.1,1871.28
2025-11-17,ORD021556,CUST00020,P007,Backpack,Accessories,Jaipur,Store,Credit Card,2,2250.87,0.25,4501.74,3376.3,0,689.47,2025,11,November,Monday,4501.74,3376.305
2025-11-17,ORD003158,CUST02757,P018,Jacket,Fashion,Chennai,Store,Credit Card,3,5169.41,0.1,15508.23,13957.41,0,1154.32,2025,11,November,Monday,15508.23,13957.407
2025-11-17,ORD009979,CUST02538,P012,Air Fryer,Home,Kolkata,Online,Credit Card,1,7738.77,0.15,7738.77,6577.95,0,1191.55,2025,11,November,Monday,7738.77,6577.9545
2025-11-17,ORD020746,CUST00884,P005,Office Chair,Furniture,Kolkata,Online,Credit Card,2,9648.6,0.05,19297.2,18332.34,0,4818.75,2025,11,November,Monday,19297.2,18332.34
2025-11-17,ORD004867,CUST03149,P012,Air Fryer,Home,Jaipur,Online,Credit Card,1,6856.05,0.25,6856.05,5142.04,0,205.68,2025,11,November,Monday,6856.05,5142.0375
2025-11-17,ORD044696,CUST00268,P014,Keyboard,Electronics,Chennai,Online,UPI,2,2386.32,0.0,4772.64,4772.64,0,1126.98,2025,11,November,Monday,4772.64,4772.64
2025-11-18,ORD023819,CUST03542,P006,Desk,Furniture,Ahmedabad,Online,Debit Card,2,11115.81,0.1,22231.62,20008.46,0,4535.88,2025,11,November,Tuesday,22231.62,20008.458
2025-11-18,ORD019921,CUST04032,P013,Monitor,Electronics,Kolkata,Store,UPI,1,16284.57,0.0,16284.57,16284.57,0,4073.98,2025,11,November,Tuesday,16284.57,16284.57
2025-11-18,ORD033877,CUST00894,P001,Laptop,Electronics,Mumbai,Store,Credit Card,1,64592.59,0.05,64592.59,61362.96,0,9210.51,2025,11,November,Tuesday,64592.59,61362.960499999994
2025-11-18,ORD027234,CUST00567,P014,Keyboard,Electronics,Surat,Store,UPI,2,2616.73,0.05,5233.46,4971.79,0,430.39,2025,11,November,Tuesday,5233.46,4971.786999999999
2025-11-18,ORD023855,CUST00459,P019,Vacuum Cleaner,Home,Delhi,Store,Credit Card,4,8257.89,0.05,33031.56,31379.98,0,3771.14,2025,11,November,Tuesday,33031.56,31379.981999999996
2025-11-18,ORD015803,CUST03877,P003,Headphones,Electronics,Surat,Store,UPI,1,4469.06,0.1,4469.06,4022.15,0,836.31,2025,11,November,Tuesday,4469.06,4022.1540000000005
2025-11-18,ORD000113,CUST03021,P015,Dining Table,Furniture,Delhi,Store,UPI,1,20014.65,0.1,20014.65,18013.19,0,4893.59,2025,11,November,Tuesday,20014.65,18013.185
2025-11-18,ORD010374,CUST03184,P008,Running Shoes,Fashion,Ahmedabad,Online,UPI,1,3847.89,0.1,3847.89,3463.1,0,265.96,2025,11,November,Tuesday,3847.89,3463.101
2025-11-18,ORD017284,CUST02286,P016,Sofa,Furniture,Bengaluru,Online,Net Banking,1,37120.58,0.15,37120.58,31552.49,0,4388.84,2025,11,November,Tuesday,37120.58,31552.493000000002
2025-11-18,ORD046328,CUST03466,P001,Laptop,Electronics,Bengaluru,Store,UPI,2,65496.5,0.0,130993.0,130993.0,0,22400.7,2025,11,November,Tuesday,130993.0,130993.0
2025-11-18,ORD020914,CUST02991,P013,Monitor,Electronics,Mumbai,Store,UPI,1,18053.54,0.05,18053.54,17150.86,0,1377.3,2025,11,November,Tuesday,18053.54,17150.863
2025-11-18,ORD040810,CUST04062,P003,Headphones,Electronics,Pune,Online,Credit Card,1,4466.47,0.2,4466.47,3573.18,0,339.71,2025,11,November,Tuesday,4466.47,3573.1760000000004
2025-11-18,ORD030592,CUST01636,P012,Air Fryer,Home,Hyderabad,Online,Debit Card,2,6528.87,0.1,13057.74,11751.97,0,1740.88,2025,11,November,Tuesday,13057.74,11751.966
2025-11-18,ORD041012,CUST03920,P014,Keyboard,Electronics,Ahmedabad,Store,Credit Card,1,2321.75,0.1,2321.75,2089.58,0,199.81,2025,11,November,Tuesday,2321.75,2089.5750000000003
2025-11-18,ORD045895,CUST02937,P019,Vacuum Cleaner,Home,Mumbai,Online,UPI,4,8855.39,0.25,35421.56,26566.17,0,1779.05,2025,11,November,Tuesday,35421.56,26566.17
2025-11-18,ORD009914,CUST03392,P019,Vacuum Cleaner,Home,Surat,Online,Cash,1,9408.29,0.1,9408.29,8467.46,0,939.61,2025,11,November,Tuesday,9408.29,8467.461000000001
2025-11-18,ORD020035,CUST04579,P018,Jacket,Fashion,Delhi,Store,Credit Card,1,4836.15,0.0,4836.15,4836.15,0,460.88,2025,11,November,Tuesday,4836.15,4836.15
2025-11-18,ORD008986,CUST04758,P013,Monitor,Electronics,Kolkata,Store,UPI,1,19303.99,0.05,19303.99,18338.79,0,3358.02,2025,11,November,Tuesday,19303.99,18338.7905
2025-11-18,ORD040638,CUST02423,P016,Sofa,Furniture,Jaipur,Store,UPI,1,35856.42,0.05,35856.42,34063.6,0,9735.05,2025,11,November,Tuesday,35856.42,34063.598999999995
2025-11-18,ORD007413,CUST01032,P015,Dining Table,Furniture,Bengaluru,Online,Credit Card,1,22323.34,0.0,22323.34,22323.34,0,2775.01,2025,11,November,Tuesday,22323.34,22323.34
2025-11-18,ORD030082,CUST02022,P007,Backpack,Accessories,Chennai,Online,Credit Card,1,2216.95,0.2,2216.95,1773.56,0,302.54,2025,11,November,Tuesday,2216.95,1773.56
2025-11-18,ORD024672,CUST00503,P002,Smartphone,Electronics,Surat,Store,UPI,1,27096.35,0.05,27096.35,25741.53,0,5564.11,2025,11,November,Tuesday,27096.35,25741.532499999998
2025-11-18,ORD029456,CUST01639,P011,Mixer Grinder,Home,Chennai,Store,UPI,2,4814.12,0.1,9628.24,8665.42,1,-433.27,2025,11,November,Tuesday,9628.24,8665.416
2025-11-18,ORD042052,CUST00774,P017,Jeans,Fashion,Ahmedabad,Online,Debit Card,2,3038.71,0.1,6077.42,5469.68,1,-273.48,2025,11,November,Tuesday,6077.42,5469.678
2025-11-18,ORD024986,CUST04971,P011,Mixer Grinder,Home,Pune,Online,Credit Card,1,4556.31,0.05,4556.31,4328.49,0,1177.07,2025,11,November,Tuesday,4556.31,4328.4945
2025-11-18,ORD001422,CUST00723,P008,Running Shoes,Fashion,Bengaluru,Online,Debit Card,5,3797.71,0.2,18988.55,15190.84,0,3680.35,2025,11,November,Tuesday,18988.55,15190.84
2025-11-18,ORD039940,CUST03430,P018,Jacket,Fashion,Jaipur,Online,UPI,1,5094.47,0.15,5094.47,4330.3,0,309.87,2025,11,November,Tuesday,5094.47,4330.2995
2025-11-18,ORD049342,CUST04578,P019,Vacuum Cleaner,Home,Chennai,Store,Credit Card,2,9559.32,0.15,19118.64,16250.84,0,3689.62,2025,11,November,Tuesday,19118.64,16250.844
2025-11-18,ORD037144,CUST00493,P002,Smartphone,Electronics,Mumbai,Online,Credit Card,1,25416.84,0.2,25416.84,20333.47,0,4107.25,2025,11,November,Tuesday,25416.84,20333.472
2025-11-18,ORD023621,CUST02247,P003,Headphones,Electronics,Pune,Online,Net Banking,2,4557.89,0.1,9115.78,8204.2,1,-410.21,2025,11,November,Tuesday,9115.78,8204.202000000001
2025-11-18,ORD029513,CUST04939,P005,Office Chair,Furniture,Mumbai,Online,Cash,1,10227.02,0.1,10227.02,9204.32,0,918.71,2025,11,November,Tuesday,10227.02,9204.318000000001
2025-11-18,ORD043116,CUST02293,P008,Running Shoes,Fashion,Kolkata,Store,UPI,2,3840.77,0.2,7681.54,6145.23,0,1133.09,2025,11,November,Tuesday,7681.54,6145.232
2025-11-18,ORD021139,CUST02986,P006,Desk,Furniture,Delhi,Store,Credit Card,3,11985.79,0.05,35957.37,34159.5,1,-1707.98,2025,11,November,Tuesday,35957.37,34159.5015
2025-11-18,ORD007001,CUST01463,P016,Sofa,Furniture,Pune,Store,UPI,3,35765.61,0.05,107296.83,101931.99,0,11601.56,2025,11,November,Tuesday,107296.83,101931.98849999999
2025-11-18,ORD032308,CUST00973,P013,Monitor,Electronics,Hyderabad,Online,Credit Card,2,18716.46,0.05,37432.92,35561.27,0,5844.23,2025,11,November,Tuesday,37432.92,35561.274
2025-11-18,ORD023698,CUST04050,P016,Sofa,Furniture,Mumbai,Store,UPI,1,31642.01,0.0,31642.01,31642.01,0,9152.54,2025,11,November,Tuesday,31642.01,31642.01
2025-11-18,ORD047361,CUST00942,P003,Headphones,Electronics,Ahmedabad,Store,UPI,1,4909.01,0.1,4909.01,4418.11,0,967.32,2025,11,November,Tuesday,4909.01,4418.109
2025-11-18,ORD037335,CUST03627,P004,Smartwatch,Electronics,Kolkata,Online,Cash,2,7034.25,0.25,14068.5,10551.38,0,2131.12,2025,11,November,Tuesday,14068.5,10551.375
2025-11-18,ORD044454,CUST03519,P015,Dining Table,Furniture,Surat,Online,UPI,1,20422.23,0.05,20422.23,19401.12,0,4122.96,2025,11,November,Tuesday,20422.23,19401.1185
2025-11-18,ORD044356,CUST02057,P013,Monitor,Electronics,Bengaluru,Online,Net Banking,1,19505.38,0.15,19505.38,16579.57,0,2973.72,2025,11,November,Tuesday,19505.38,16579.573
2025-11-18,ORD021840,CUST04546,P007,Backpack,Accessories,Delhi,Store,Net Banking,1,2380.58,0.1,2380.58,2142.52,0,457.32,2025,11,November,Tuesday,2380.58,2142.522
2025-11-18,ORD005261,CUST04814,P001,Laptop,Electronics,Surat,Store,UPI,1,67025.23,0.15,67025.23,56971.45,0,7753.0,2025,11,November,Tuesday,67025.23,56971.445499999994
2025-11-18,ORD014311,CUST01075,P013,Monitor,Electronics,Ahmedabad,Online,UPI,1,16357.17,0.15,16357.17,13903.59,0,1235.4,2025,11,November,Tuesday,16357.17,13903.5945
2025-11-18,ORD000953,CUST03594,P017,Jeans,Fashion,Delhi,Store,UPI,5,2817.9,0.05,14089.5,13385.02,0,3747.38,2025,11,November,Tuesday,14089.5,13385.025
2025-11-18,ORD019363,CUST01031,P004,Smartwatch,Electronics,Bengaluru,Online,Credit Card,2,6806.38,0.15,13612.76,11570.85,0,723.48,2025,11,November,Tuesday,13612.76,11570.846
2025-11-18,ORD008700,CUST04854,P002,Smartphone,Electronics,Pune,Store,UPI,1,28040.64,0.05,28040.64,26638.61,0,6304.48,2025,11,November,Tuesday,28040.64,26638.607999999997
2025-11-18,ORD037985,CUST03084,P004,Smartwatch,Electronics,Kolkata,Store,Net Banking,2,6767.45,0.15,13534.9,11504.66,0,1393.67,2025,11,November,Tuesday,13534.9,11504.664999999999
2025-11-18,ORD036711,CUST01761,P002,Smartphone,Electronics,Chennai,Online,Cash,2,27339.48,0.05,54678.96,51945.01,0,8104.49,2025,11,November,Tuesday,54678.96,51945.011999999995
2025-11-18,ORD033652,CUST03193,P008,Running Shoes,Fashion,Chennai,Online,Debit Card,1,3837.02,0.05,3837.02,3645.17,1,-182.26,2025,11,November,Tuesday,3837.02,3645.169
2025-11-18,ORD047413,CUST04846,P018,Jacket,Fashion,Mumbai,Store,Debit Card,1,4779.23,0.1,4779.23,4301.31,0,847.63,2025,11,November,Tuesday,4779.23,4301.307
2025-11-18,ORD023895,CUST01475,P017,Jeans,Fashion,Kolkata,Store,Credit Card,2,2694.16,0.15,5388.32,4580.07,1,-229.0,2025,11,November,Tuesday,5388.32,4580.071999999999
2025-11-18,ORD022685,CUST00834,P019,Vacuum Cleaner,Home,Jaipur,Online,UPI,1,8363.27,0.2,8363.27,6690.62,0,1086.76,2025,11,November,Tuesday,8363.27,6690.616000000001
2025-11-18,ORD003600,CUST02518,P020,Microwave,Home,Delhi,Online,Credit Card,1,10834.34,0.05,10834.34,10292.62,0,1398.24,2025,11,November,Tuesday,10834.34,10292.623
2025-11-18,ORD049865,CUST02347,P013,Monitor,Electronics,Hyderabad,Store,Credit Card,1,18644.04,0.0,18644.04,18644.04,0,2588.52,2025,11,November,Tuesday,18644.04,18644.04
2025-11-18,ORD008289,CUST02382,P004,Smartwatch,Electronics,Mumbai,Online,Credit Card,2,7667.84,0.2,15335.68,12268.54,0,2860.42,2025,11,November,Tuesday,15335.68,12268.544000000002
2025-11-18,ORD008296,CUST04153,P017,Jeans,Fashion,Pune,Online,UPI,1,2560.38,0.1,2560.38,2304.34,0,143.84,2025,11,November,Tuesday,2560.38,2304.342
2025-11-18,ORD046452,CUST00966,P010,Coffee Maker,Home,Surat,Store,UPI,2,4956.69,0.05,9913.38,9417.71,0,1980.11,2025,11,November,Tuesday,9913.38,9417.711
2025-11-18,ORD012861,CUST03749,P004,Smartwatch,Electronics,Kolkata,Online,UPI,5,6909.37,0.05,34546.85,32819.51,0,5066.14,2025,11,November,Tuesday,34546.85,32819.5075
2025-11-18,ORD030300,CUST00771,P003,Headphones,Electronics,Chennai,Store,UPI,1,4595.88,0.15,4595.88,3906.5,0,672.06,2025,11,November,Tuesday,4595.88,3906.498
2025-11-18,ORD000210,CUST03691,P011,Mixer Grinder,Home,Delhi,Online,Credit Card,5,4513.94,0.0,22569.7,22569.7,0,6244.53,2025,11,November,Tuesday,22569.699999999997,22569.7
2025-11-18,ORD047652,CUST03838,P015,Dining Table,Furniture,Pune,Online,UPI,4,23520.75,0.05,94083.0,89378.85,0,16790.5,2025,11,November,Tuesday,94083.0,89378.84999999999
2025-11-18,ORD024939,CUST01800,P013,Monitor,Electronics,Hyderabad,Online,Credit Card,2,18320.26,0.05,36640.52,34808.49,0,6977.23,2025,11,November,Tuesday,36640.52,34808.494
2025-11-18,ORD007602,CUST03688,P014,Keyboard,Electronics,Kolkata,Online,UPI,1,2343.85,0.1,2343.85,2109.46,0,455.06,2025,11,November,Tuesday,2343.85,2109.465
2025-11-18,ORD024911,CUST02298,P004,Smartwatch,Electronics,Ahmedabad,Online,Cash,1,7527.07,0.0,7527.07,7527.07,0,1574.47,2025,11,November,Tuesday,7527.07,7527.07
2025-11-18,ORD013665,CUST04680,P006,Desk,Furniture,Kolkata,Store,UPI,2,11663.06,0.15,23326.12,19827.2,0,2145.16,2025,11,November,Tuesday,23326.12,19827.201999999997
2025-11-18,ORD010225,CUST03960,P003,Headphones,Electronics,Ahmedabad,Online,UPI,1,4594.52,0.2,4594.52,3675.62,0,803.13,2025,11,November,Tuesday,4594.52,3675.6160000000004
2025-11-18,ORD045043,CUST03235,P008,Running Shoes,Fashion,Ahmedabad,Online,Debit Card,1,4179.61,0.25,4179.61,3134.71,0,419.63,2025,11,November,Tuesday,4179.61,3134.7074999999995
2025-11-18,ORD040328,CUST00262,P013,Monitor,Electronics,Pune,Online,Credit Card,1,16360.42,0.15,16360.42,13906.36,0,845.92,2025,11,November,Tuesday,16360.42,13906.357
2025-11-19,ORD030933,CUST01816,P018,Jacket,Fashion,Bengaluru,Online,Credit Card,1,5701.89,0.0,5701.89,5701.89,0,1280.3,2025,11,November,Wednesday,5701.89,5701.89
2025-11-19,ORD000039,CUST01123,P004,Smartwatch,Electronics,Pune,Online,Debit Card,1,7067.16,0.25,7067.16,5300.37,0,821.95,2025,11,November,Wednesday,7067.16,5300.37
2025-11-19,ORD031158,CUST03625,P003,Headphones,Electronics,Mumbai,Online,Debit Card,2,4716.4,0.05,9432.8,8961.16,0,1846.94,2025,11,November,Wednesday,9432.8,8961.159999999998
2025-11-19,ORD009614,CUST04023,P002,Smartphone,Electronics,Surat,Online,Debit Card,1,27354.47,0.1,27354.47,24619.02,0,3940.86,2025,11,November,Wednesday,27354.47,24619.023
2025-11-19,ORD023514,CUST04045,P014,Keyboard,Electronics,Bengaluru,Store,Net Banking,1,2413.11,0.15,2413.11,2051.14,0,357.84,2025,11,November,Wednesday,2413.11,2051.1435
2025-11-19,ORD016923,CUST03182,P018,Jacket,Fashion,Delhi,Online,UPI,1,4953.37,0.0,4953.37,4953.37,0,861.21,2025,11,November,Wednesday,4953.37,4953.37
2025-11-19,ORD007531,CUST02330,P007,Backpack,Accessories,Bengaluru,Online,Credit Card,1,1991.67,0.25,1991.67,1493.75,0,365.55,2025,11,November,Wednesday,1991.67,1493.7525
2025-11-19,ORD023543,CUST01202,P012,Air Fryer,Home,Bengaluru,Online,Cash,1,7902.37,0.0,7902.37,7902.37,0,2344.48,2025,11,November,Wednesday,7902.37,7902.37
2025-11-19,ORD013374,CUST01128,P005,Office Chair,Furniture,Bengaluru,Online,Debit Card,2,8732.68,0.25,17465.36,13099.02,1,-654.95,2025,11,November,Wednesday,17465.36,13099.02
2025-11-19,ORD033961,CUST02978,P019,Vacuum Cleaner,Home,Ahmedabad,Store,Cash,1,8152.03,0.05,8152.03,7744.43,0,735.25,2025,11,November,Wednesday,8152.03,7744.428499999999
2025-11-19,ORD032324,CUST02619,P010,Coffee Maker,Home,Hyderabad,Online,Cash,1,5354.39,0.1,5354.39,4818.95,0,1204.48,2025,11,November,Wednesday,5354.39,4818.951
2025-11-19,ORD006614,CUST03020,P018,Jacket,Fashion,Chennai,Online,UPI,1,4929.67,0.15,4929.67,4190.22,0,437.84,2025,11,November,Wednesday,4929.67,4190.2195
2025-11-19,ORD041395,CUST04339,P007,Backpack,Accessories,Surat,Online,Credit Card,1,2417.89,0.15,2417.89,2055.21,0,103.39,2025,11,November,Wednesday,2417.89,2055.2065
2025-11-19,ORD031042,CUST04699,P015,Dining Table,Furniture,Mumbai,Online,UPI,1,19862.12,0.1,19862.12,17875.91,0,4778.24,2025,11,November,Wednesday,19862.12,17875.908
2025-11-19,ORD013890,CUST01727,P015,Dining Table,Furniture,Jaipur,Store,Debit Card,1,23623.5,0.2,23623.5,18898.8,0,2095.66,2025,11,November,Wednesday,23623.5,18898.8
2025-11-19,ORD037670,CUST03164,P009,T-Shirt,Fashion,Chennai,Store,UPI,5,1153.52,0.2,5767.6,4614.08,0,1144.61,2025,11,November,Wednesday,5767.6,4614.080000000001
2025-11-19,ORD019806,CUST03462,P007,Backpack,Accessories,Pune,Online,UPI,1,2205.07,0.1,2205.07,1984.56,0,171.01,2025,11,November,Wednesday,2205.07,1984.563
2025-11-19,ORD025094,CUST03487,P015,Dining Table,Furniture,Delhi,Online,UPI,4,22822.79,0.0,91291.16,91291.16,0,17952.25,2025,11,November,Wednesday,91291.16,91291.16
2025-11-19,ORD028164,CUST00961,P008,Running Shoes,Fashion,Mumbai,Online,UPI,2,3922.0,0.05,7844.0,7451.8,0,1591.47,2025,11,November,Wednesday,7844.0,7451.799999999999
2025-11-19,ORD029377,CUST04989,P018,Jacket,Fashion,Surat,Store,UPI,1,5324.83,0.1,5324.83,4792.35,0,684.47,2025,11,November,Wednesday,5324.83,4792.347
2025-11-19,ORD001808,CUST02313,P007,Backpack,Accessories,Kolkata,Store,Debit Card,1,2310.37,0.0,2310.37,2310.37,0,597.13,2025,11,November,Wednesday,2310.37,2310.37
2025-11-19,ORD022463,CUST04427,P003,Headphones,Electronics,Ahmedabad,Online,Net Banking,1,4453.11,0.1,4453.11,4007.8,0,838.24,2025,11,November,Wednesday,4453.11,4007.799
2025-11-19,ORD040222,CUST00082,P015,Dining Table,Furniture,Mumbai,Online,Debit Card,1,19821.59,0.15,19821.59,16848.35,0,1496.83,2025,11,November,Wednesday,19821.59,16848.3515
2025-11-19,ORD044950,CUST01218,P017,Jeans,Fashion,Bengaluru,Store,UPI,2,2584.25,0.05,5168.5,4910.08,0,480.13,2025,11,November,Wednesday,5168.5,4910.075
2025-11-19,ORD032651,CUST03077,P015,Dining Table,Furniture,Ahmedabad,Online,Net Banking,2,22785.22,0.1,45570.44,41013.4,1,-2050.67,2025,11,November,Wednesday,45570.44,41013.396
2025-11-19,ORD036490,CUST03900,P005,Office Chair,Furniture,Ahmedabad,Store,Credit Card,1,9757.16,0.0,9757.16,9757.16,0,2890.5,2025,11,November,Wednesday,9757.16,9757.16
2025-11-19,ORD044076,CUST02820,P014,Keyboard,Electronics,Jaipur,Store,Credit Card,1,2665.07,0.1,2665.07,2398.56,0,567.76,2025,11,November,Wednesday,2665.07,2398.563
2025-11-19,ORD047539,CUST02719,P008,Running Shoes,Fashion,Pune,Online,Debit Card,1,3782.76,0.05,3782.76,3593.62,0,831.94,2025,11,November,Wednesday,3782.76,3593.622
2025-11-19,ORD049379,CUST00323,P008,Running Shoes,Fashion,Hyderabad,Online,Net Banking,1,4178.68,0.1,4178.68,3760.81,0,245.21,2025,11,November,Wednesday,4178.68,3760.8120000000004
2025-11-19,ORD036203,CUST02103,P014,Keyboard,Electronics,Bengaluru,Online,UPI,2,2535.76,0.0,5071.52,5071.52,0,1361.45,2025,11,November,Wednesday,5071.52,5071.52
2025-11-19,ORD002250,CUST03147,P011,Mixer Grinder,Home,Mumbai,Online,UPI,1,4947.32,0.1,4947.32,4452.59,0,407.7,2025,11,November,Wednesday,4947.32,4452.588
2025-11-19,ORD026225,CUST02914,P010,Coffee Maker,Home,Delhi,Store,Debit Card,3,4974.32,0.15,14922.96,12684.52,0,1364.5,2025,11,November,Wednesday,14922.96,12684.516
2025-11-19,ORD011821,CUST04253,P011,Mixer Grinder,Home,Surat,Store,UPI,1,4563.61,0.1,4563.61,4107.25,0,536.6,2025,11,November,Wednesday,4563.61,4107.249
2025-11-19,ORD028714,CUST04562,P009,T-Shirt,Fashion,Jaipur,Online,Debit Card,2,1133.5,0.05,2267.0,2153.65,0,320.01,2025,11,November,Wednesday,2267.0,2153.65
2025-11-19,ORD001340,CUST04117,P013,Monitor,Electronics,Pune,Online,Credit Card,2,19799.34,0.25,39598.68,29699.01,0,6291.51,2025,11,November,Wednesday,39598.68,29699.010000000002
2025-11-19,ORD044509,CUST02943,P001,Laptop,Electronics,Pune,Online,Credit Card,4,71307.42,0.05,285229.68,270968.2,0,58244.44,2025,11,November,Wednesday,285229.68,270968.196
2025-11-19,ORD017955,CUST02918,P010,Coffee Maker,Home,Chennai,Online,Credit Card,1,5870.97,0.0,5870.97,5870.97,0,858.92,2025,11,November,Wednesday,5870.97,5870.97
2025-11-19,ORD028695,CUST02306,P020,Microwave,Home,Bengaluru,Online,Credit Card,1,10651.7,0.25,10651.7,7988.78,0,697.57,2025,11,November,Wednesday,10651.7,7988.775000000001
2025-11-19,ORD044399,CUST04963,P009,T-Shirt,Fashion,Surat,Online,Credit Card,1,1167.61,0.0,1167.61,1167.61,1,-58.38,2025,11,November,Wednesday,1167.61,1167.61
2025-11-19,ORD005296,CUST01711,P012,Air Fryer,Home,Delhi,Online,Credit Card,1,6579.21,0.1,6579.21,5921.29,0,1088.85,2025,11,November,Wednesday,6579.21,5921.289
2025-11-19,ORD048680,CUST00187,P013,Monitor,Electronics,Hyderabad,Online,Debit Card,1,19268.32,0.15,19268.32,16378.07,1,-818.9,2025,11,November,Wednesday,19268.32,16378.072
2025-11-19,ORD037672,CUST01978,P004,Smartwatch,Electronics,Mumbai,Store,Credit Card,2,6737.29,0.0,13474.58,13474.58,0,1688.78,2025,11,November,Wednesday,13474.58,13474.58
2025-11-19,ORD028640,CUST00589,P016,Sofa,Furniture,Bengaluru,Store,UPI,1,36961.9,0.1,36961.9,33265.71,1,-1663.29,2025,11,November,Wednesday,36961.9,33265.71
2025-11-19,ORD037041,CUST00409,P013,Monitor,Electronics,Mumbai,Online,Credit Card,1,17605.65,0.0,17605.65,17605.65,0,3026.95,2025,11,November,Wednesday,17605.65,17605.65
2025-11-19,ORD047445,CUST03934,P017,Jeans,Fashion,Bengaluru,Store,UPI,1,3073.69,0.05,3073.69,2920.01,0,834.19,2025,11,November,Wednesday,3073.69,2920.0054999999998
2025-11-19,ORD045011,CUST03922,P019,Vacuum Cleaner,Home,Delhi,Online,UPI,1,9370.16,0.05,9370.16,8901.65,0,2175.25,2025,11,November,Wednesday,9370.16,8901.652
2025-11-19,ORD048226,CUST04586,P012,Air Fryer,Home,Pune,Online,UPI,3,7689.31,0.05,23067.93,21914.53,0,2230.94,2025,11,November,Wednesday,23067.93,21914.533499999998
2025-11-19,ORD007444,CUST04804,P005,Office Chair,Furniture,Bengaluru,Online,Credit Card,1,9091.99,0.0,9091.99,9091.99,0,1212.58,2025,11,November,Wednesday,9091.99,9091.99
2025-11-19,ORD000828,CUST04830,P003,Headphones,Electronics,Hyderabad,Store,UPI,1,4341.58,0.05,4341.58,4124.5,0,349.22,2025,11,November,Wednesday,4341.58,4124.500999999999
2025-11-19,ORD012147,CUST02195,P011,Mixer Grinder,Home,Jaipur,Store,UPI,2,5271.34,0.0,10542.68,10542.68,0,2127.7,2025,11,November,Wednesday,10542.68,10542.68
2025-11-19,ORD023093,CUST00524,P005,Office Chair,Furniture,Kolkata,Online,UPI,2,10014.77,0.0,20029.54,20029.54,0,3230.91,2025,11,November,Wednesday,20029.54,20029.54
2025-11-19,ORD029141,CUST04195,P014,Keyboard,Electronics,Mumbai,Online,Cash,1,2636.83,0.2,2636.83,2109.46,0,540.15,2025,11,November,Wednesday,2636.83,2109.464
2025-11-19,ORD011372,CUST03801,P006,Desk,Furniture,Surat,Online,Debit Card,1,11871.92,0.1,11871.92,10684.73,0,1553.1,2025,11,November,Wednesday,11871.92,10684.728000000001
2025-11-19,ORD035353,CUST02439,P008,Running Shoes,Fashion,Hyderabad,Online,UPI,1,4099.81,0.05,4099.81,3894.82,0,370.71,2025,11,November,Wednesday,4099.81,3894.8195
2025-11-19,ORD019081,CUST02512,P002,Smartphone,Electronics,Kolkata,Online,Credit Card,1,26439.04,0.2,26439.04,21151.23,0,5350.17,2025,11,November,Wednesday,26439.04,21151.232000000004
2025-11-19,ORD033858,CUST02933,P010,Coffee Maker,Home,Bengaluru,Online,Cash,2,5915.92,0.05,11831.84,11240.25,0,2294.04,2025,11,November,Wednesday,11831.84,11240.248
2025-11-19,ORD030591,CUST04746,P003,Headphones,Electronics,Delhi,Online,Credit Card,1,4330.49,0.15,4330.49,3680.92,0,470.6,2025,11,November,Wednesday,4330.49,3680.9165
2025-11-19,ORD047273,CUST01380,P013,Monitor,Electronics,Delhi,Online,UPI,4,19337.39,0.0,77349.56,77349.56,0,16409.73,2025,11,November,Wednesday,77349.56,77349.56
2025-11-19,ORD016346,CUST02459,P001,Laptop,Electronics,Chennai,Store,UPI,2,61191.82,0.1,122383.64,110145.28,0,12774.26,2025,11,November,Wednesday,122383.64,110145.276
2025-11-19,ORD009710,CUST01319,P008,Running Shoes,Fashion,Kolkata,Store,UPI,1,4051.46,0.15,4051.46,3443.74,0,462.99,2025,11,November,Wednesday,4051.46,3443.741
2025-11-19,ORD026362,CUST00923,P014,Keyboard,Electronics,Jaipur,Store,Debit Card,2,2595.96,0.05,5191.92,4932.32,0,408.85,2025,11,November,Wednesday,5191.92,4932.324
2025-11-19,ORD035946,CUST03312,P020,Microwave,Home,Jaipur,Online,Debit Card,1,11420.67,0.2,11420.67,9136.54,0,671.49,2025,11,November,Wednesday,11420.67,9136.536
2025-11-19,ORD048184,CUST02506,P007,Backpack,Accessories,Kolkata,Store,Debit Card,3,2320.54,0.05,6961.62,6613.54,1,-330.68,2025,11,November,Wednesday,6961.62,6613.539
2025-11-19,ORD026397,CUST01216,P020,Microwave,Home,Bengaluru,Online,UPI,1,10591.94,0.1,10591.94,9532.75,0,1439.18,2025,11,November,Wednesday,10591.94,9532.746000000001
2025-11-19,ORD011508,CUST04085,P003,Headphones,Electronics,Ahmedabad,Store,Credit Card,1,4637.68,0.25,4637.68,3478.26,0,292.16,2025,11,November,Wednesday,4637.68,3478.26
2025-11-19,ORD025643,CUST02527,P004,Smartwatch,Electronics,Hyderabad,Store,Credit Card,2,7186.05,0.05,14372.1,13653.5,0,3374.84,2025,11,November,Wednesday,14372.1,13653.494999999999
2025-11-19,ORD000552,CUST00387,P006,Desk,Furniture,Surat,Store,Debit Card,4,11547.97,0.1,46191.88,41572.69,0,3098.5,2025,11,November,Wednesday,46191.88,41572.691999999995
2025-11-19,ORD032286,CUST02108,P012,Air Fryer,Home,Pune,Online,Credit Card,1,7439.65,0.05,7439.65,7067.67,0,627.61,2025,11,November,Wednesday,7439.65,7067.6675
2025-11-20,ORD015242,CUST04759,P007,Backpack,Accessories,Ahmedabad,Store,Credit Card,2,2134.56,0.0,4269.12,4269.12,0,1020.42,2025,11,November,Thursday,4269.12,4269.12
2025-11-20,ORD048271,CUST01099,P020,Microwave,Home,Surat,Store,Debit Card,1,11100.54,0.05,11100.54,10545.51,0,1219.27,2025,11,November,Thursday,11100.54,10545.513
2025-11-20,ORD027384,CUST02911,P010,Coffee Maker,Home,Mumbai,Store,Debit Card,5,5305.43,0.0,26527.15,26527.15,0,6174.99,2025,11,November,Thursday,26527.15,26527.15
2025-11-20,ORD048000,CUST00646,P010,Coffee Maker,Home,Mumbai,Online,Debit Card,1,5403.14,0.0,5403.14,5403.14,0,1160.33,2025,11,November,Thursday,5403.14,5403.14
2025-11-20,ORD008064,CUST03052,P010,Coffee Maker,Home,Kolkata,Store,UPI,1,6013.72,0.15,6013.72,5111.66,0,770.46,2025,11,November,Thursday,6013.72,5111.662
2025-11-20,ORD026126,CUST01896,P001,Laptop,Electronics,Delhi,Online,Net Banking,2,65694.36,0.1,131388.72,118249.85,0,29434.95,2025,11,November,Thursday,131388.72,118249.848
2025-11-20,ORD047354,CUST03814,P017,Jeans,Fashion,Hyderabad,Store,UPI,1,3009.31,0.1,3009.31,2708.38,0,726.43,2025,11,November,Thursday,3009.31,2708.379
2025-11-20,ORD049038,CUST01493,P008,Running Shoes,Fashion,Bengaluru,Online,Debit Card,1,4036.22,0.2,4036.22,3228.98,0,241.25,2025,11,November,Thursday,4036.22,3228.976
2025-11-20,ORD015988,CUST03389,P016,Sofa,Furniture,Mumbai,Store,UPI,1,34022.26,0.1,34022.26,30620.03,0,7498.86,2025,11,November,Thursday,34022.26,30620.034000000003
2025-11-20,ORD026090,CUST03652,P012,Air Fryer,Home,Delhi,Store,Credit Card,1,6934.74,0.15,6934.74,5894.53,0,990.05,2025,11,November,Thursday,6934.74,5894.5289999999995
2025-11-20,ORD027294,CUST01888,P011,Mixer Grinder,Home,Kolkata,Online,Debit Card,2,4807.19,0.15,9614.38,8172.22,0,1799.24,2025,11,November,Thursday,9614.38,8172.222999999999
2025-11-20,ORD010427,CUST00680,P020,Microwave,Home,Jaipur,Online,Credit Card,2,11348.29,0.15,22696.58,19292.09,1,-964.6,2025,11,November,Thursday,22696.58,19292.093
2025-11-20,ORD029155,CUST01971,P016,Sofa,Furniture,Kolkata,Online,UPI,1,38372.61,0.15,38372.61,32616.72,0,5464.71,2025,11,November,Thursday,38372.61,32616.7185
2025-11-20,ORD000537,CUST03429,P018,Jacket,Fashion,Bengaluru,Online,Net Banking,1,4899.41,0.15,4899.41,4164.5,0,236.03,2025,11,November,Thursday,4899.41,4164.4985
2025-11-20,ORD001117,CUST01882,P006,Desk,Furniture,Kolkata,Online,Credit Card,3,12927.75,0.0,38783.25,38783.25,0,4507.68,2025,11,November,Thursday,38783.25,38783.25
2025-11-20,ORD048299,CUST02433,P002,Smartphone,Electronics,Delhi,Store,Debit Card,1,26245.13,0.1,26245.13,23620.62,0,4355.06,2025,11,November,Thursday,26245.13,23620.617000000002
2025-11-20,ORD026000,CUST02038,P002,Smartphone,Electronics,Delhi,Store,Cash,1,25513.19,0.0,25513.19,25513.19,0,4170.45,2025,11,November,Thursday,25513.19,25513.19
2025-11-20,ORD047681,CUST02371,P004,Smartwatch,Electronics,Mumbai,Online,Credit Card,2,7273.53,0.1,14547.06,13092.35,0,1225.84,2025,11,November,Thursday,14547.06,13092.354
2025-11-20,ORD026892,CUST02410,P008,Running Shoes,Fashion,Mumbai,Online,Net Banking,2,4075.18,0.1,8150.36,7335.32,0,668.42,2025,11,November,Thursday,8150.36,7335.324
2025-11-20,ORD049029,CUST01988,P014,Keyboard,Electronics,Pune,Store,Net Banking,1,2465.23,0.15,2465.23,2095.45,0,552.85,2025,11,November,Thursday,2465.23,2095.4455
2025-11-20,ORD048546,CUST03810,P010,Coffee Maker,Home,Ahmedabad,Online,UPI,1,5689.4,0.05,5689.4,5404.93,0,1341.15,2025,11,November,Thursday,5689.4,5404.929999999999
2025-11-20,ORD008148,CUST01725,P008,Running Shoes,Fashion,Pune,Online,UPI,1,4305.75,0.05,4305.75,4090.46,0,927.03,2025,11,November,Thursday,4305.75,4090.4624999999996
2025-11-20,ORD026813,CUST03397,P015,Dining Table,Furniture,Mumbai,Online,UPI,1,23271.06,0.05,23271.06,22107.51,0,2270.24,2025,11,November,Thursday,23271.06,22107.507
2025-11-20,ORD026288,CUST01568,P011,Mixer Grinder,Home,Hyderabad,Online,UPI,4,4875.98,0.1,19503.92,17553.53,0,3029.15,2025,11,November,Thursday,19503.92,17553.528
2025-11-20,ORD047823,CUST02762,P004,Smartwatch,Electronics,Jaipur,Online,UPI,1,6648.36,0.05,6648.36,6315.94,0,663.07,2025,11,November,Thursday,6648.36,6315.941999999999
2025-11-20,ORD047545,CUST02340,P004,Smartwatch,Electronics,Surat,Store,Credit Card,2,6710.76,0.25,13421.52,10066.14,0,1402.79,2025,11,November,Thursday,13421.52,10066.14
2025-11-20,ORD009546,CUST00378,P004,Smartwatch,Electronics,Bengaluru,Online,Net Banking,1,7106.06,0.1,7106.06,6395.45,0,1499.77,2025,11,November,Thursday,7106.06,6395.454000000001
2025-11-20,ORD014347,CUST01953,P001,Laptop,Electronics,Jaipur,Online,Cash,1,65611.92,0.05,65611.92,62331.32,0,15444.06,2025,11,November,Thursday,65611.92,62331.32399999999
2025-11-20,ORD034589,CUST00907,P016,Sofa,Furniture,Mumbai,Store,Credit Card,2,33272.75,0.2,66545.5,53236.4,0,5900.96,2025,11,November,Thursday,66545.5,53236.4
2025-11-20,ORD024566,CUST03823,P016,Sofa,Furniture,Mumbai,Store,Credit Card,1,35870.39,0.15,35870.39,30489.83,0,1623.61,2025,11,November,Thursday,35870.39,30489.8315
2025-11-20,ORD034712,CUST02691,P001,Laptop,Electronics,Kolkata,Online,UPI,2,59622.45,0.15,119244.9,101358.16,0,19126.97,2025,11,November,Thursday,119244.9,101358.165
2025-11-20,ORD018673,CUST01769,P002,Smartphone,Electronics,Jaipur,Store,Debit Card,1,30294.72,0.0,30294.72,30294.72,0,3036.28,2025,11,November,Thursday,30294.72,30294.72
2025-11-20,ORD002416,CUST04870,P011,Mixer Grinder,Home,Ahmedabad,Store,Credit Card,1,5078.41,0.1,5078.41,4570.57,0,1275.18,2025,11,November,Thursday,5078.41,4570.569
2025-11-20,ORD001959,CUST02689,P011,Mixer Grinder,Home,Delhi,Online,Cash,4,5274.78,0.05,21099.12,20044.16,0,4607.06,2025,11,November,Thursday,21099.12,20044.163999999997
2025-11-20,ORD022054,CUST04223,P016,Sofa,Furniture,Delhi,Store,UPI,5,33290.61,0.15,166453.05,141485.09,0,29368.37,2025,11,November,Thursday,166453.05,141485.0925
2025-11-20,ORD041851,CUST02285,P011,Mixer Grinder,Home,Bengaluru,Store,Credit Card,1,4457.7,0.0,4457.7,4457.7,0,1078.93,2025,11,November,Thursday,4457.7,4457.7
2025-11-20,ORD034676,CUST01044,P004,Smartwatch,Electronics,Chennai,Online,Debit Card,1,6399.38,0.1,6399.38,5759.44,0,395.78,2025,11,November,Thursday,6399.38,5759.442
2025-11-20,ORD017577,CUST04154,P011,Mixer Grinder,Home,Hyderabad,Online,Credit Card,1,5084.23,0.1,5084.23,4575.81,0,1008.58,2025,11,November,Thursday,5084.23,4575.807
2025-11-20,ORD014039,CUST00296,P017,Jeans,Fashion,Jaipur,Online,Debit Card,4,2762.29,0.1,11049.16,9944.24,0,957.4,2025,11,November,Thursday,11049.16,9944.244
2025-11-20,ORD037562,CUST01558,P014,Keyboard,Electronics,Delhi,Online,UPI,2,2428.64,0.05,4857.28,4614.42,0,1191.93,2025,11,November,Thursday,4857.28,4614.415999999999
2025-11-20,ORD013570,CUST02479,P009,T-Shirt,Fashion,Mumbai,Store,UPI,3,1121.54,0.05,3364.62,3196.39,1,-159.82,2025,11,November,Thursday,3364.62,3196.3889999999997
2025-11-20,ORD039812,CUST00543,P013,Monitor,Electronics,Delhi,Store,Debit Card,3,17909.46,0.1,53728.38,48355.54,0,9365.8,2025,11,November,Thursday,53728.38,48355.542
2025-11-20,ORD019219,CUST04777,P006,Desk,Furniture,Mumbai,Store,Net Banking,2,11659.8,0.1,23319.6,20987.64,1,-1049.38,2025,11,November,Thursday,23319.6,20987.64
2025-11-20,ORD004407,CUST02416,P019,Vacuum Cleaner,Home,Hyderabad,Store,Debit Card,3,9543.19,0.2,28629.57,22903.66,1,-1145.18,2025,11,November,Thursday,28629.57,22903.656000000003
2025-11-20,ORD002476,CUST03592,P010,Coffee Maker,Home,Chennai,Online,UPI,1,5154.94,0.2,5154.94,4123.95,0,210.91,2025,11,November,Thursday,5154.94,4123.952
2025-11-20,ORD021857,CUST02492,P017,Jeans,Fashion,Chennai,Online,UPI,3,2520.4,0.15,7561.2,6427.02,0,1410.72,2025,11,November,Thursday,7561.200000000001,6427.0199999999995
2025-11-20,ORD047084,CUST00881,P008,Running Shoes,Fashion,Chennai,Online,Net Banking,2,3790.66,0.2,7581.32,6065.06,0,941.49,2025,11,November,Thursday,7581.32,6065.0560000000005
2025-11-20,ORD040062,CUST01570,P010,Coffee Maker,Home,Hyderabad,Store,UPI,2,5762.34,0.1,11524.68,10372.21,0,2892.18,2025,11,November,Thursday,11524.68,10372.212000000001
2025-11-20,ORD021051,CUST03869,P019,Vacuum Cleaner,Home,Bengaluru,Online,Debit Card,1,8383.68,0.05,8383.68,7964.5,0,1871.26,2025,11,November,Thursday,8383.68,7964.496
2025-11-20,ORD034314,CUST00645,P017,Jeans,Fashion,Ahmedabad,Store,UPI,1,2945.23,0.0,2945.23,2945.23,1,-147.26,2025,11,November,Thursday,2945.23,2945.23
2025-11-20,ORD039434,CUST01008,P010,Coffee Maker,Home,Hyderabad,Store,UPI,3,5453.85,0.15,16361.55,13907.32,1,-695.37,2025,11,November,Thursday,16361.550000000001,13907.3175
2025-11-20,ORD003975,CUST00408,P008,Running Shoes,Fashion,Ahmedabad,Online,UPI,1,4421.9,0.2,4421.9,3537.52,0,512.63,2025,11,November,Thursday,4421.9,3537.52
2025-11-20,ORD032643,CUST03682,P008,Running Shoes,Fashion,Hyderabad,Online,UPI,2,3936.58,0.1,7873.16,7085.84,0,1492.14,2025,11,November,Thursday,7873.16,7085.844
2025-11-20,ORD002715,CUST01566,P011,Mixer Grinder,Home,Ahmedabad,Online,Credit Card,1,4897.51,0.1,4897.51,4407.76,1,-220.39,2025,11,November,Thursday,4897.51,4407.759
2025-11-20,ORD035898,CUST02805,P015,Dining Table,Furniture,Chennai,Store,Credit Card,2,21853.29,0.15,43706.58,37150.59,0,2017.47,2025,11,November,Thursday,43706.58,37150.593
2025-11-20,ORD035892,CUST01078,P011,Mixer Grinder,Home,Jaipur,Store,UPI,1,4836.44,0.15,4836.44,4110.97,0,472.82,2025,11,November,Thursday,4836.44,4110.973999999999
2025-11-20,ORD041263,CUST01033,P008,Running Shoes,Fashion,Ahmedabad,Online,Credit Card,1,4392.18,0.0,4392.18,4392.18,0,1251.04,2025,11,November,Thursday,4392.18,4392.18
2025-11-20,ORD021777,CUST04968,P007,Backpack,Accessories,Kolkata,Online,Debit Card,1,2115.33,0.25,2115.33,1586.5,0,216.96,2025,11,November,Thursday,2115.33,1586.4975
2025-11-20,ORD013887,CUST04083,P019,Vacuum Cleaner,Home,Chennai,Online,UPI,1,9279.21,0.05,9279.21,8815.25,0,742.11,2025,11,November,Thursday,9279.21,8815.249499999998
2025-11-20,ORD032797,CUST01541,P013,Monitor,Electronics,Mumbai,Online,Debit Card,1,18754.36,0.0,18754.36,18754.36,1,-937.72,2025,11,November,Thursday,18754.36,18754.36
2025-11-20,ORD002837,CUST02257,P011,Mixer Grinder,Home,Mumbai,Store,UPI,1,4381.46,0.2,4381.46,3505.17,0,379.71,2025,11,November,Thursday,4381.46,3505.168
2025-11-20,ORD033213,CUST03744,P018,Jacket,Fashion,Mumbai,Online,UPI,1,4693.01,0.15,4693.01,3989.06,0,428.46,2025,11,November,Thursday,4693.01,3989.0585
2025-11-20,ORD044437,CUST04162,P001,Laptop,Electronics,Pune,Store,UPI,2,61880.63,0.05,123761.26,117573.2,0,28130.99,2025,11,November,Thursday,123761.26,117573.19699999999
2025-11-20,ORD013748,CUST02217,P017,Jeans,Fashion,Bengaluru,Online,Credit Card,2,2992.4,0.15,5984.8,5087.08,0,284.97,2025,11,November,Thursday,5984.8,5087.08
2025-11-20,ORD042572,CUST02545,P008,Running Shoes,Fashion,Kolkata,Online,Credit Card,1,4602.41,0.0,4602.41,4602.41,0,860.25,2025,11,November,Thursday,4602.41,4602.41
2025-11-20,ORD019949,CUST04109,P015,Dining Table,Furniture,Pune,Store,UPI,4,22793.29,0.05,91173.16,86614.5,0,11375.44,2025,11,November,Thursday,91173.16,86614.502
2025-11-20,ORD002353,CUST00594,P006,Desk,Furniture,Surat,Online,UPI,1,11133.44,0.1,11133.44,10020.1,0,2802.97,2025,11,November,Thursday,11133.44,10020.096000000001
2025-11-20,ORD032840,CUST02764,P006,Desk,Furniture,Pune,Online,UPI,2,12400.04,0.05,24800.08,23560.08,0,2852.87,2025,11,November,Thursday,24800.08,23560.076
2025-11-20,ORD035219,CUST03417,P020,Microwave,Home,Mumbai,Store,Credit Card,3,10733.2,0.15,32199.6,27369.66,0,2985.6,2025,11,November,Thursday,32199.600000000002,27369.66
2025-11-20,ORD036383,CUST02286,P013,Monitor,Electronics,Jaipur,Store,Credit Card,1,18256.78,0.2,18256.78,14605.42,0,906.14,2025,11,November,Thursday,18256.78,14605.423999999999
2025-11-20,ORD037311,CUST02602,P009,T-Shirt,Fashion,Hyderabad,Online,Net Banking,3,1217.76,0.05,3653.28,3470.62,0,765.92,2025,11,November,Thursday,3653.2799999999997,3470.616
2025-11-20,ORD040934,CUST03999,P018,Jacket,Fashion,Ahmedabad,Online,UPI,1,5414.14,0.0,5414.14,5414.14,0,1172.42,2025,11,November,Thursday,5414.14,5414.14
2025-11-20,ORD014121,CUST04210,P011,Mixer Grinder,Home,Delhi,Online,UPI,3,4428.08,0.0,13284.24,13284.24,0,2371.55,2025,11,November,Thursday,13284.24,13284.24
2025-11-20,ORD006381,CUST00949,P005,Office Chair,Furniture,Surat,Store,Net Banking,2,9462.69,0.15,18925.38,16086.57,0,4103.04,2025,11,November,Thursday,18925.38,16086.573
2025-11-20,ORD044002,CUST01884,P016,Sofa,Furniture,Pune,Store,Cash,2,32824.07,0.0,65648.14,65648.14,0,9603.71,2025,11,November,Thursday,65648.14,65648.14
2025-11-20,ORD004246,CUST03872,P007,Backpack,Accessories,Chennai,Store,UPI,1,2185.48,0.0,2185.48,2185.48,0,255.07,2025,11,November,Thursday,2185.48,2185.48
2025-11-20,ORD004859,CUST02096,P017,Jeans,Fashion,Mumbai,Store,Credit Card,2,2671.22,0.2,5342.44,4273.95,0,293.91,2025,11,November,Thursday,5342.44,4273.952
2025-11-20,ORD040974,CUST03063,P014,Keyboard,Electronics,Chennai,Online,Net Banking,2,2545.69,0.05,5091.38,4836.81,0,709.42,2025,11,November,Thursday,5091.38,4836.811
2025-11-20,ORD023301,CUST03869,P011,Mixer Grinder,Home,Delhi,Online,UPI,1,4868.45,0.0,4868.45,4868.45,0,1238.99,2025,11,November,Thursday,4868.45,4868.45
2025-11-21,ORD010948,CUST01353,P013,Monitor,Electronics,Bengaluru,Online,Debit Card,3,18926.52,0.0,56779.56,56779.56,0,13133.88,2025,11,November,Friday,56779.56,56779.56
2025-11-21,ORD010296,CUST01315,P008,Running Shoes,Fashion,Pune,Online,UPI,1,4111.79,0.1,4111.79,3700.61,0,959.92,2025,11,November,Friday,4111.79,3700.611
2025-11-21,ORD040514,CUST00118,P005,Office Chair,Furniture,Chennai,Online,UPI,4,10232.77,0.2,40931.08,32744.86,0,6218.32,2025,11,November,Friday,40931.08,32744.864
2025-11-21,ORD023842,CUST03804,P010,Coffee Maker,Home,Delhi,Online,Credit Card,1,5846.0,0.25,5846.0,4384.5,0,985.55,2025,11,November,Friday,5846.0,4384.5
2025-11-21,ORD049166,CUST00426,P016,Sofa,Furniture,Bengaluru,Online,UPI,1,35059.49,0.25,35059.49,26294.62,0,5828.48,2025,11,November,Friday,35059.49,26294.6175
2025-11-21,ORD009876,CUST00815,P008,Running Shoes,Fashion,Chennai,Online,UPI,3,4240.46,0.05,12721.38,12085.31,0,2439.96,2025,11,November,Friday,12721.380000000001,12085.310999999998
2025-11-21,ORD021980,CUST00230,P007,Backpack,Accessories,Ahmedabad,Online,UPI,3,2001.64,0.1,6004.92,5404.43,0,1190.06,2025,11,November,Friday,6004.92,5404.428
2025-11-21,ORD036023,CUST02508,P005,Office Chair,Furniture,Bengaluru,Store,Credit Card,1,10362.2,0.05,10362.2,9844.09,0,731.53,2025,11,November,Friday,10362.2,9844.09
2025-11-21,ORD032637,CUST00832,P015,Dining Table,Furniture,Delhi,Store,Debit Card,1,20543.67,0.15,20543.67,17462.12,1,-873.11,2025,11,November,Friday,20543.67,17462.119499999997
2025-11-21,ORD007099,CUST02671,P011,Mixer Grinder,Home,Hyderabad,Store,Net Banking,2,4831.62,0.15,9663.24,8213.75,0,1741.89,2025,11,November,Friday,9663.24,8213.753999999999
2025-11-21,ORD046688,CUST00645,P018,Jacket,Fashion,Pune,Online,Credit Card,1,5483.62,0.1,5483.62,4935.26,0,739.03,2025,11,November,Friday,5483.62,4935.258
2025-11-21,ORD042062,CUST03524,P017,Jeans,Fashion,Pune,Store,UPI,2,2824.08,0.15,5648.16,4800.94,0,1065.63,2025,11,November,Friday,5648.16,4800.936
2025-11-21,ORD046837,CUST02638,P009,T-Shirt,Fashion,Jaipur,Online,Credit Card,1,1138.26,0.0,1138.26,1138.26,0,326.69,2025,11,November,Friday,1138.26,1138.26
2025-11-21,ORD015332,CUST04340,P009,T-Shirt,Fashion,Delhi,Online,Debit Card,1,1240.87,0.2,1240.87,992.7,0,192.65,2025,11,November,Friday,1240.87,992.6959999999999
2025-11-21,ORD021866,CUST04622,P009,T-Shirt,Fashion,Jaipur,Online,Debit Card,1,1295.6,0.15,1295.6,1101.26,0,235.36,2025,11,November,Friday,1295.6,1101.26
2025-11-21,ORD029793,CUST00354,P020,Microwave,Home,Delhi,Store,Net Banking,1,10013.18,0.0,10013.18,10013.18,0,1893.14,2025,11,November,Friday,10013.18,10013.18
2025-11-21,ORD032664,CUST03148,P003,Headphones,Electronics,Delhi,Store,Credit Card,1,4909.47,0.05,4909.47,4664.0,0,1090.44,2025,11,November,Friday,4909.47,4663.9965
2025-11-21,ORD019584,CUST03897,P009,T-Shirt,Fashion,Kolkata,Online,UPI,1,1117.95,0.1,1117.95,1006.16,0,97.06,2025,11,November,Friday,1117.95,1006.1550000000001
2025-11-21,ORD037790,CUST03638,P001,Laptop,Electronics,Pune,Online,Net Banking,3,70125.74,0.1,210377.22,189339.5,0,37932.88,2025,11,November,Friday,210377.22000000003,189339.498
2025-11-21,ORD027317,CUST02878,P019,Vacuum Cleaner,Home,Kolkata,Online,Credit Card,1,9107.02,0.0,9107.02,9107.02,0,2395.12,2025,11,November,Friday,9107.02,9107.02
2025-11-21,ORD027594,CUST01912,P014,Keyboard,Electronics,Mumbai,Online,UPI,1,2590.32,0.05,2590.32,2460.8,0,311.46,2025,11,November,Friday,2590.32,2460.804
2025-11-21,ORD000260,CUST03493,P004,Smartwatch,Electronics,Ahmedabad,Store,Credit Card,2,6907.34,0.2,13814.68,11051.74,0,1359.47,2025,11,November,Friday,13814.68,11051.744
2025-11-21,ORD012533,CUST01572,P005,Office Chair,Furniture,Hyderabad,Online,Credit Card,1,9857.42,0.15,9857.42,8378.81,0,1089.72,2025,11,November,Friday,9857.42,8378.807
2025-11-21,ORD022706,CUST02454,P006,Desk,Furniture,Delhi,Online,UPI,2,11757.29,0.2,23514.58,18811.66,0,3013.18,2025,11,November,Friday,23514.58,18811.664
2025-11-21,ORD020425,CUST02330,P017,Jeans,Fashion,Bengaluru,Online,UPI,1,2698.81,0.25,2698.81,2024.11,0,107.73,2025,11,November,Friday,2698.81,2024.1075
2025-11-21,ORD012881,CUST00179,P015,Dining Table,Furniture,Jaipur,Online,UPI,1,21613.98,0.1,21613.98,19452.58,0,4842.7,2025,11,November,Friday,21613.98,19452.582
2025-11-21,ORD016638,CUST00701,P003,Headphones,Electronics,Bengaluru,Online,Credit Card,1,4496.72,0.1,4496.72,4047.05,0,1094.99,2025,11,November,Friday,4496.72,4047.0480000000002
2025-11-21,ORD033850,CUST02187,P004,Smartwatch,Electronics,Jaipur,Online,UPI,5,7584.2,0.05,37921.0,36024.95,0,9882.13,2025,11,November,Friday,37921.0,36024.95
2025-11-21,ORD027265,CUST03435,P018,Jacket,Fashion,Delhi,Online,Debit Card,1,5346.26,0.2,5346.26,4277.01,0,1015.88,2025,11,November,Friday,5346.26,4277.008000000001
2025-11-21,ORD020305,CUST01272,P007,Backpack,Accessories,Ahmedabad,Online,Debit Card,1,2299.58,0.0,2299.58,2299.58,0,374.49,2025,11,November,Friday,2299.58,2299.58
2025-11-21,ORD033218,CUST04101,P004,Smartwatch,Electronics,Mumbai,Store,UPI,1,7568.37,0.15,7568.37,6433.11,0,970.96,2025,11,November,Friday,7568.37,6433.1145
2025-11-21,ORD024864,CUST01055,P017,Jeans,Fashion,Jaipur,Online,UPI,2,2965.52,0.15,5931.04,5041.38,0,546.6,2025,11,November,Friday,5931.04,5041.384
2025-11-21,ORD046462,CUST00455,P002,Smartphone,Electronics,Mumbai,Store,UPI,1,30032.69,0.2,30032.69,24026.15,0,5001.26,2025,11,November,Friday,30032.69,24026.152000000002
2025-11-21,ORD033064,CUST02462,P003,Headphones,Electronics,Pune,Online,UPI,1,4765.14,0.1,4765.14,4288.63,0,1038.43,2025,11,November,Friday,4765.14,4288.626
2025-11-21,ORD015117,CUST01540,P012,Air Fryer,Home,Ahmedabad,Store,UPI,1,6519.07,0.1,6519.07,5867.16,0,737.77,2025,11,November,Friday,6519.07,5867.163
2025-11-21,ORD041407,CUST03653,P013,Monitor,Electronics,Ahmedabad,Online,Net Banking,1,18989.44,0.15,18989.44,16141.02,0,3912.08,2025,11,November,Friday,18989.44,16141.023999999998
2025-11-21,ORD039099,CUST03396,P004,Smartwatch,Electronics,Pune,Store,Credit Card,2,6378.46,0.0,12756.92,12756.92,0,2753.42,2025,11,November,Friday,12756.92,12756.92
2025-11-21,ORD014478,CUST02594,P009,T-Shirt,Fashion,Chennai,Online,Debit Card,2,1162.26,0.1,2324.52,2092.07,0,166.46,2025,11,November,Friday,2324.52,2092.068
2025-11-21,ORD041669,CUST04996,P016,Sofa,Furniture,Chennai,Online,UPI,1,34543.52,0.2,34543.52,27634.82,0,2266.63,2025,11,November,Friday,34543.52,27634.816
2025-11-21,ORD048170,CUST00664,P001,Laptop,Electronics,Mumbai,Online,Debit Card,1,61659.62,0.2,61659.62,49327.7,0,10813.3,2025,11,November,Friday,61659.62,49327.696
2025-11-21,ORD011463,CUST01940,P013,Monitor,Electronics,Jaipur,Online,Net Banking,1,18298.54,0.15,18298.54,15553.76,0,954.15,2025,11,November,Friday,18298.54,15553.759
2025-11-21,ORD018025,CUST01565,P018,Jacket,Fashion,Pune,Store,Debit Card,3,5158.16,0.2,15474.48,12379.58,0,631.71,2025,11,November,Friday,15474.48,12379.584
2025-11-21,ORD015622,CUST00146,P001,Laptop,Electronics,Kolkata,Store,UPI,2,61349.57,0.15,122699.14,104294.27,0,17790.76,2025,11,November,Friday,122699.14,104294.269
2025-11-21,ORD023435,CUST03820,P004,Smartwatch,Electronics,Chennai,Store,UPI,1,7083.95,0.1,7083.95,6375.56,0,612.66,2025,11,November,Friday,7083.95,6375.555
2025-11-21,ORD017603,CUST04453,P005,Office Chair,Furniture,Ahmedabad,Online,UPI,1,10027.96,0.15,10027.96,8523.77,0,886.52,2025,11,November,Friday,10027.96,8523.766
2025-11-21,ORD018352,CUST03138,P019,Vacuum Cleaner,Home,Ahmedabad,Store,Debit Card,3,9567.73,0.1,28703.19,25832.87,0,3492.83,2025,11,November,Friday,28703.19,25832.871
2025-11-21,ORD032449,CUST04827,P003,Headphones,Electronics,Chennai,Online,Net Banking,1,4540.73,0.1,4540.73,4086.66,0,303.09,2025,11,November,Friday,4540.73,4086.6569999999997
2025-11-21,ORD010681,CUST02364,P010,Coffee Maker,Home,Delhi,Online,Debit Card,5,5921.78,0.0,29608.9,29608.9,0,5072.42,2025,11,November,Friday,29608.899999999998,29608.9
2025-11-21,ORD013052,CUST00713,P016,Sofa,Furniture,Surat,Store,Credit Card,1,37321.56,0.05,37321.56,35455.48,0,5814.05,2025,11,November,Friday,37321.56,35455.481999999996
2025-11-21,ORD021248,CUST03365,P016,Sofa,Furniture,Mumbai,Online,UPI,5,34937.93,0.1,174689.65,157220.68,0,41353.62,2025,11,November,Friday,174689.65,157220.685
2025-11-21,ORD025867,CUST02896,P009,T-Shirt,Fashion,Surat,Store,Debit Card,1,1120.15,0.1,1120.15,1008.14,0,61.2,2025,11,November,Friday,1120.15,1008.1350000000001
2025-11-21,ORD041835,CUST02439,P019,Vacuum Cleaner,Home,Bengaluru,Store,Credit Card,3,8929.31,0.1,26787.93,24109.14,0,4003.13,2025,11,November,Friday,26787.93,24109.137000000002
2025-11-21,ORD030988,CUST01690,P001,Laptop,Electronics,Pune,Online,Debit Card,2,63419.19,0.1,126838.38,114154.54,0,16311.35,2025,11,November,Friday,126838.38,114154.542
2025-11-21,ORD004434,CUST00005,P016,Sofa,Furniture,Kolkata,Online,UPI,1,35657.68,0.05,35657.68,33874.8,0,3165.56,2025,11,November,Friday,35657.68,33874.796
2025-11-21,ORD023238,CUST03929,P010,Coffee Maker,Home,Bengaluru,Online,UPI,2,5635.37,0.0,11270.74,11270.74,0,3170.0,2025,11,November,Friday,11270.74,11270.74
2025-11-21,ORD030805,CUST01035,P002,Smartphone,Electronics,Chennai,Online,Credit Card,2,29029.69,0.1,58059.38,52253.44,1,-2612.67,2025,11,November,Friday,58059.38,52253.441999999995
2025-11-21,ORD005242,CUST01182,P002,Smartphone,Electronics,Jaipur,Online,UPI,1,28571.47,0.25,28571.47,21428.6,0,5235.19,2025,11,November,Friday,28571.47,21428.6025
2025-11-21,ORD027908,CUST04058,P015,Dining Table,Furniture,Kolkata,Online,UPI,1,20438.77,0.2,20438.77,16351.02,0,3754.46,2025,11,November,Friday,20438.77,16351.016000000001
2025-11-21,ORD008117,CUST00080,P007,Backpack,Accessories,Ahmedabad,Store,UPI,4,2087.52,0.2,8350.08,6680.06,1,-334.0,2025,11,November,Friday,8350.08,6680.064
2025-11-21,ORD035165,CUST03854,P008,Running Shoes,Fashion,Hyderabad,Online,Debit Card,1,4350.43,0.1,4350.43,3915.39,0,789.14,2025,11,November,Friday,4350.43,3915.387
2025-11-21,ORD037624,CUST03729,P009,T-Shirt,Fashion,Kolkata,Store,UPI,1,1255.9,0.1,1255.9,1130.31,0,94.04,2025,11,November,Friday,1255.9,1130.3100000000002
2025-11-21,ORD017341,CUST02055,P020,Microwave,Home,Surat,Store,UPI,1,11246.94,0.1,11246.94,10122.25,0,1878.9,2025,11,November,Friday,11246.94,10122.246000000001
2025-11-21,ORD019067,CUST02877,P020,Microwave,Home,Bengaluru,Online,Credit Card,1,11272.7,0.1,11272.7,10145.43,1,-507.27,2025,11,November,Friday,11272.7,10145.43
2025-11-21,ORD042552,CUST04861,P009,T-Shirt,Fashion,Surat,Online,UPI,3,1210.61,0.1,3631.83,3268.65,0,419.44,2025,11,November,Friday,3631.83,3268.647
2025-11-21,ORD006380,CUST03090,P014,Keyboard,Electronics,Hyderabad,Online,Credit Card,3,2569.92,0.15,7709.76,6553.3,0,1245.31,2025,11,November,Friday,7709.76,6553.296
2025-11-21,ORD027806,CUST01007,P015,Dining Table,Furniture,Mumbai,Online,Credit Card,2,23145.49,0.1,46290.98,41661.88,0,5487.03,2025,11,November,Friday,46290.98,41661.882000000005
2025-11-21,ORD020160,CUST03063,P004,Smartwatch,Electronics,Delhi,Online,UPI,1,7133.75,0.05,7133.75,6777.06,0,673.1,2025,11,November,Friday,7133.75,6777.0625
2025-11-21,ORD024796,CUST01232,P006,Desk,Furniture,Pune,Online,UPI,4,12875.42,0.0,51501.68,51501.68,0,8307.4,2025,11,November,Friday,51501.68,51501.68
2025-11-21,ORD028207,CUST03575,P007,Backpack,Accessories,Chennai,Online,UPI,1,2409.07,0.15,2409.07,2047.71,0,217.14,2025,11,November,Friday,2409.07,2047.7095000000002
2025-11-21,ORD035849,CUST03172,P010,Coffee Maker,Home,Surat,Online,Credit Card,1,5427.8,0.05,5427.8,5156.41,0,1334.07,2025,11,November,Friday,5427.8,5156.41
2025-11-21,ORD047043,CUST03550,P015,Dining Table,Furniture,Ahmedabad,Online,UPI,1,22879.69,0.0,22879.69,22879.69,0,3260.88,2025,11,November,Friday,22879.69,22879.69
2025-11-21,ORD008888,CUST04080,P006,Desk,Furniture,Surat,Online,UPI,1,11354.93,0.2,11354.93,9083.94,0,1026.33,2025,11,November,Friday,11354.93,9083.944000000001
2025-11-21,ORD014323,CUST01252,P006,Desk,Furniture,Hyderabad,Online,Net Banking,3,11669.85,0.1,35009.55,31508.6,0,3351.54,2025,11,November,Friday,35009.55,31508.595000000005
2025-11-21,ORD015240,CUST03122,P001,Laptop,Electronics,Delhi,Online,Credit Card,3,70152.34,0.1,210457.02,189411.32,0,27228.04,2025,11,November,Friday,210457.02,189411.318
2025-11-21,ORD001264,CUST01533,P013,Monitor,Electronics,Surat,Online,Cash,1,18563.84,0.05,18563.84,17635.65,0,2788.74,2025,11,November,Friday,18563.84,17635.648
2025-11-21,ORD012495,CUST02009,P008,Running Shoes,Fashion,Pune,Online,Credit Card,4,4143.84,0.15,16575.36,14089.06,1,-704.45,2025,11,November,Friday,16575.36,14089.056
2025-11-21,ORD047769,CUST00407,P004,Smartwatch,Electronics,Delhi,Store,Credit Card,4,7639.41,0.25,30557.64,22918.23,0,2233.2,2025,11,November,Friday,30557.64,22918.23
2025-11-21,ORD024594,CUST03155,P001,Laptop,Electronics,Ahmedabad,Online,UPI,1,68372.22,0.1,68372.22,61535.0,0,11182.3,2025,11,November,Friday,68372.22,61534.998
2025-11-21,ORD020763,CUST01493,P010,Coffee Maker,Home,Ahmedabad,Store,Net Banking,1,5497.67,0.0,5497.67,5497.67,0,755.8,2025,11,November,Friday,5497.67,5497.67
2025-11-21,ORD023553,CUST01041,P013,Monitor,Electronics,Kolkata,Store,Debit Card,3,19533.83,0.1,58601.49,52741.34,0,12324.62,2025,11,November,Friday,58601.490000000005,52741.341
2025-11-22,ORD012756,CUST00942,P006,Desk,Furniture,Hyderabad,Store,UPI,3,12226.39,0.15,36679.17,31177.29,1,-1558.86,2025,11,November,Saturday,36679.17,31177.294499999996
2025-11-22,ORD034926,CUST03161,P015,Dining Table,Furniture,Chennai,Store,Net Banking,1,21074.19,0.0,21074.19,21074.19,0,3150.68,2025,11,November,Saturday,21074.19,21074.19
2025-11-22,ORD028879,CUST04965,P003,Headphones,Electronics,Mumbai,Online,Credit Card,3,4641.28,0.1,13923.84,12531.46,0,1524.32,2025,11,November,Saturday,13923.84,12531.456
2025-11-22,ORD041418,CUST03315,P014,Keyboard,Electronics,Ahmedabad,Online,UPI,3,2292.02,0.1,6876.06,6188.45,0,842.74,2025,11,November,Saturday,6876.0599999999995,6188.454000000001
2025-11-22,ORD033919,CUST00860,P018,Jacket,Fashion,Hyderabad,Online,Debit Card,1,4909.71,0.25,4909.71,3682.28,0,918.79,2025,11,November,Saturday,4909.71,3682.2825000000003
2025-11-22,ORD015908,CUST00654,P017,Jeans,Fashion,Delhi,Online,Cash,1,2679.75,0.05,2679.75,2545.76,0,327.17,2025,11,November,Saturday,2679.75,2545.7625
2025-11-22,ORD000440,CUST02301,P019,Vacuum Cleaner,Home,Ahmedabad,Store,Cash,1,8856.02,0.15,8856.02,7527.62,0,1755.25,2025,11,November,Saturday,8856.02,7527.617
2025-11-22,ORD023011,CUST03192,P004,Smartwatch,Electronics,Chennai,Online,UPI,1,6533.57,0.15,6533.57,5553.53,0,1164.27,2025,11,November,Saturday,6533.57,5553.5345
2025-11-22,ORD011050,CUST01627,P005,Office Chair,Furniture,Surat,Online,UPI,1,9186.29,0.15,9186.29,7808.35,0,1754.2,2025,11,November,Saturday,9186.29,7808.346500000001
2025-11-22,ORD008229,CUST02078,P012,Air Fryer,Home,Chennai,Store,Debit Card,2,7479.51,0.1,14959.02,13463.12,0,818.31,2025,11,November,Saturday,14959.02,13463.118
2025-11-22,ORD005615,CUST01587,P005,Office Chair,Furniture,Hyderabad,Store,Net Banking,3,8572.86,0.15,25718.58,21860.79,0,1962.66,2025,11,November,Saturday,25718.58,21860.793
2025-11-22,ORD028540,CUST04279,P013,Monitor,Electronics,Jaipur,Store,Net Banking,1,16692.7,0.15,16692.7,14188.8,0,2211.66,2025,11,November,Saturday,16692.7,14188.795
2025-11-22,ORD022106,CUST02605,P007,Backpack,Accessories,Pune,Store,Credit Card,1,2418.08,0.05,2418.08,2297.18,0,252.09,2025,11,November,Saturday,2418.08,2297.176
2025-11-22,ORD005179,CUST00371,P004,Smartwatch,Electronics,Surat,Online,Credit Card,1,7033.62,0.1,7033.62,6330.26,0,1378.49,2025,11,November,Saturday,7033.62,6330.258
2025-11-22,ORD046464,CUST03269,P013,Monitor,Electronics,Jaipur,Online,Credit Card,1,19790.93,0.15,19790.93,16822.29,0,3770.0,2025,11,November,Saturday,19790.93,16822.2905
2025-11-22,ORD045496,CUST01976,P006,Desk,Furniture,Bengaluru,Online,Credit Card,1,12116.62,0.1,12116.62,10904.96,0,1554.73,2025,11,November,Saturday,12116.62,10904.958
2025-11-22,ORD043885,CUST02998,P010,Coffee Maker,Home,Ahmedabad,Store,UPI,1,5324.38,0.2,5324.38,4259.5,0,903.87,2025,11,November,Saturday,5324.38,4259.504
2025-11-22,ORD013464,CUST00856,P020,Microwave,Home,Bengaluru,Store,UPI,3,10102.84,0.1,30308.52,27277.67,1,-1363.88,2025,11,November,Saturday,30308.52,27277.668
2025-11-22,ORD018909,CUST02435,P013,Monitor,Electronics,Kolkata,Online,Credit Card,1,16963.75,0.1,16963.75,15267.38,0,964.66,2025,11,November,Saturday,16963.75,15267.375
2025-11-22,ORD025139,CUST01717,P016,Sofa,Furniture,Pune,Online,Credit Card,1,35079.41,0.0,35079.41,35079.41,0,8190.94,2025,11,November,Saturday,35079.41,35079.41
2025-11-22,ORD025063,CUST03361,P012,Air Fryer,Home,Surat,Online,Debit Card,4,6953.77,0.1,27815.08,25033.57,0,2696.97,2025,11,November,Saturday,27815.08,25033.572000000004
2025-11-22,ORD033587,CUST04222,P019,Vacuum Cleaner,Home,Chennai,Online,Debit Card,4,8433.38,0.0,33733.52,33733.52,0,9338.13,2025,11,November,Saturday,33733.52,33733.52
2025-11-22,ORD019149,CUST02600,P017,Jeans,Fashion,Hyderabad,Online,UPI,5,2619.95,0.05,13099.75,12444.76,0,2966.14,2025,11,November,Saturday,13099.75,12444.762499999999
2025-11-22,ORD006863,CUST03436,P015,Dining Table,Furniture,Mumbai,Store,UPI,3,21724.65,0.1,65173.95,58656.56,0,12233.54,2025,11,November,Saturday,65173.950000000004,58656.555
2025-11-22,ORD004651,CUST03362,P008,Running Shoes,Fashion,Surat,Online,Credit Card,1,4318.39,0.15,4318.39,3670.63,0,428.08,2025,11,November,Saturday,4318.39,3670.6315
2025-11-22,ORD011455,CUST00547,P017,Jeans,Fashion,Pune,Store,UPI,1,2813.92,0.05,2813.92,2673.22,0,554.75,2025,11,November,Saturday,2813.92,2673.224
2025-11-22,ORD012017,CUST03018,P013,Monitor,Electronics,Bengaluru,Online,UPI,4,18968.74,0.05,75874.96,72081.21,0,11919.02,2025,11,November,Saturday,75874.96,72081.212
2025-11-22,ORD011973,CUST01233,P004,Smartwatch,Electronics,Pune,Online,Credit Card,1,7583.08,0.0,7583.08,7583.08,0,2180.48,2025,11,November,Saturday,7583.08,7583.08
2025-11-22,ORD035739,CUST00792,P015,Dining Table,Furniture,Ahmedabad,Store,UPI,4,20018.81,0.0,80075.24,80075.24,0,20581.6,2025,11,November,Saturday,80075.24,80075.24
2025-11-22,ORD026561,CUST04520,P001,Laptop,Electronics,Hyderabad,Store,Credit Card,1,67379.95,0.0,67379.95,67379.95,0,12703.3,2025,11,November,Saturday,67379.95,67379.95
2025-11-22,ORD019828,CUST01849,P008,Running Shoes,Fashion,Kolkata,Online,Credit Card,2,4032.86,0.0,8065.72,8065.72,0,1158.51,2025,11,November,Saturday,8065.72,8065.72
2025-11-22,ORD043683,CUST01956,P005,Office Chair,Furniture,Jaipur,Store,UPI,1,9100.31,0.0,9100.31,9100.31,0,2167.47,2025,11,November,Saturday,9100.31,9100.31
2025-11-22,ORD031753,CUST03134,P012,Air Fryer,Home,Hyderabad,Online,UPI,2,7642.17,0.1,15284.34,13755.91,0,970.4,2025,11,November,Saturday,15284.34,13755.906
2025-11-22,ORD029073,CUST01674,P013,Monitor,Electronics,Mumbai,Online,UPI,2,16401.94,0.05,32803.88,31163.69,0,3612.63,2025,11,November,Saturday,32803.88,31163.685999999994
2025-11-22,ORD031534,CUST02601,P016,Sofa,Furniture,Hyderabad,Online,Credit Card,1,32815.5,0.1,32815.5,29533.95,0,7750.54,2025,11,November,Saturday,32815.5,29533.95
2025-11-22,ORD033300,CUST04641,P012,Air Fryer,Home,Ahmedabad,Online,UPI,1,7674.37,0.0,7674.37,7674.37,0,1260.1,2025,11,November,Saturday,7674.37,7674.37
2025-11-22,ORD026029,CUST00200,P019,Vacuum Cleaner,Home,Pune,Online,UPI,1,9597.37,0.0,9597.37,9597.37,0,2820.4,2025,11,November,Saturday,9597.37,9597.37
2025-11-22,ORD005633,CUST00033,P005,Office Chair,Furniture,Kolkata,Store,Credit Card,1,10031.95,0.05,10031.95,9530.35,0,1867.94,2025,11,November,Saturday,10031.95,9530.3525
2025-11-22,ORD022324,CUST03848,P018,Jacket,Fashion,Kolkata,Online,Credit Card,1,4886.33,0.1,4886.33,4397.7,0,1227.52,2025,11,November,Saturday,4886.33,4397.697
2025-11-22,ORD039143,CUST00977,P012,Air Fryer,Home,Pune,Online,UPI,1,6908.26,0.1,6908.26,6217.43,0,690.04,2025,11,November,Saturday,6908.26,6217.434
2025-11-22,ORD008620,CUST01425,P018,Jacket,Fashion,Jaipur,Store,UPI,5,4729.1,0.2,23645.5,18916.4,0,4164.35,2025,11,November,Saturday,23645.5,18916.4
2025-11-22,ORD023007,CUST03871,P011,Mixer Grinder,Home,Surat,Store,UPI,5,4736.18,0.1,23680.9,21312.81,0,3754.3,2025,11,November,Saturday,23680.9,21312.81
2025-11-22,ORD017995,CUST01844,P019,Vacuum Cleaner,Home,Mumbai,Online,UPI,1,9816.76,0.05,9816.76,9325.92,0,1202.63,2025,11,November,Saturday,9816.76,9325.922
2025-11-22,ORD037456,CUST00210,P009,T-Shirt,Fashion,Chennai,Online,Debit Card,1,1102.78,0.1,1102.78,992.5,0,160.68,2025,11,November,Saturday,1102.78,992.502
2025-11-22,ORD032187,CUST02681,P005,Office Chair,Furniture,Kolkata,Online,Net Banking,1,9926.34,0.0,9926.34,9926.34,0,934.28,2025,11,November,Saturday,9926.34,9926.34
2025-11-22,ORD012516,CUST00738,P020,Microwave,Home,Delhi,Online,Credit Card,4,12005.44,0.1,48021.76,43219.58,0,3215.52,2025,11,November,Saturday,48021.76,43219.584
2025-11-22,ORD032628,CUST01855,P004,Smartwatch,Electronics,Bengaluru,Online,Credit Card,2,6725.76,0.05,13451.52,12778.94,0,2533.48,2025,11,November,Saturday,13451.52,12778.944
2025-11-22,ORD041849,CUST03892,P017,Jeans,Fashion,Delhi,Online,UPI,3,2752.5,0.05,8257.5,7844.62,0,1952.55,2025,11,November,Saturday,8257.5,7844.625
2025-11-22,ORD026704,CUST00130,P006,Desk,Furniture,Chennai,Store,Credit Card,1,11001.38,0.15,11001.38,9351.17,0,665.14,2025,11,November,Saturday,11001.38,9351.172999999999
2025-11-22,ORD026883,CUST01620,P011,Mixer Grinder,Home,Mumbai,Store,Debit Card,1,4632.36,0.05,4632.36,4400.74,0,691.11,2025,11,November,Saturday,4632.36,4400.741999999999
2025-11-22,ORD016370,CUST00271,P007,Backpack,Accessories,Bengaluru,Online,Debit Card,1,2246.4,0.1,2246.4,2021.76,0,168.63,2025,11,November,Saturday,2246.4,2021.7600000000002
2025-11-22,ORD024417,CUST04081,P008,Running Shoes,Fashion,Surat,Online,UPI,1,4356.51,0.0,4356.51,4356.51,0,549.48,2025,11,November,Saturday,4356.51,4356.51
2025-11-22,ORD007405,CUST01530,P002,Smartphone,Electronics,Ahmedabad,Store,Credit Card,1,26218.47,0.0,26218.47,26218.47,0,5352.89,2025,11,November,Saturday,26218.47,26218.47
2025-11-22,ORD013524,CUST04043,P016,Sofa,Furniture,Ahmedabad,Online,Cash,1,34105.82,0.1,34105.82,30695.24,0,8416.46,2025,11,November,Saturday,34105.82,30695.238
2025-11-22,ORD010755,CUST02717,P006,Desk,Furniture,Surat,Online,Debit Card,1,12374.01,0.1,12374.01,11136.61,0,2569.83,2025,11,November,Saturday,12374.01,11136.609
2025-11-23,ORD021057,CUST03617,P013,Monitor,Electronics,Delhi,Online,Debit Card,1,17057.71,0.0,17057.71,17057.71,0,4425.89,2025,11,November,Sunday,17057.71,17057.71
2025-11-23,ORD037801,CUST04019,P018,Jacket,Fashion,Jaipur,Store,Credit Card,5,5234.58,0.05,26172.9,24864.26,0,6906.33,2025,11,November,Sunday,26172.9,24864.255
2025-11-23,ORD031391,CUST03502,P010,Coffee Maker,Home,Jaipur,Online,UPI,1,5650.46,0.1,5650.46,5085.41,0,732.82,2025,11,November,Sunday,5650.46,5085.414
2025-11-23,ORD014830,CUST03149,P002,Smartphone,Electronics,Pune,Store,UPI,1,29788.78,0.05,29788.78,28299.34,0,3059.25,2025,11,November,Sunday,29788.78,28299.340999999997
2025-11-23,ORD041372,CUST00923,P008,Running Shoes,Fashion,Ahmedabad,Store,Credit Card,1,4458.96,0.05,4458.96,4236.01,0,1200.46,2025,11,November,Sunday,4458.96,4236.012
2025-11-23,ORD048854,CUST00031,P010,Coffee Maker,Home,Ahmedabad,Store,Credit Card,2,5007.8,0.0,10015.6,10015.6,0,2156.17,2025,11,November,Sunday,10015.6,10015.6
2025-11-23,ORD019208,CUST02813,P017,Jeans,Fashion,Bengaluru,Online,Debit Card,1,2624.86,0.2,2624.86,2099.89,0,154.69,2025,11,November,Sunday,2624.86,2099.8880000000004
2025-11-23,ORD027666,CUST04409,P012,Air Fryer,Home,Bengaluru,Online,UPI,1,6696.25,0.15,6696.25,5691.81,0,1394.12,2025,11,November,Sunday,6696.25,5691.8125
2025-11-23,ORD025104,CUST00743,P001,Laptop,Electronics,Chennai,Store,Debit Card,1,64013.45,0.1,64013.45,57612.1,0,7871.93,2025,11,November,Sunday,64013.45,57612.104999999996
2025-11-23,ORD044726,CUST02813,P017,Jeans,Fashion,Delhi,Store,Credit Card,1,3077.5,0.0,3077.5,3077.5,0,605.14,2025,11,November,Sunday,3077.5,3077.5
2025-11-23,ORD026565,CUST01215,P008,Running Shoes,Fashion,Surat,Online,Net Banking,4,4098.34,0.0,16393.36,16393.36,0,4731.92,2025,11,November,Sunday,16393.36,16393.36
2025-11-23,ORD011742,CUST04693,P004,Smartwatch,Electronics,Surat,Online,Debit Card,1,7344.23,0.05,7344.23,6977.02,0,1614.12,2025,11,November,Sunday,7344.23,6977.018499999999
2025-11-23,ORD046463,CUST02029,P018,Jacket,Fashion,Ahmedabad,Online,UPI,1,4937.03,0.25,4937.03,3702.77,0,322.61,2025,11,November,Sunday,4937.03,3702.7725
2025-11-23,ORD045113,CUST04965,P011,Mixer Grinder,Home,Hyderabad,Store,UPI,2,5039.67,0.0,10079.34,10079.34,1,-503.97,2025,11,November,Sunday,10079.34,10079.34
2025-11-23,ORD039697,CUST04676,P014,Keyboard,Electronics,Kolkata,Store,UPI,1,2671.34,0.2,2671.34,2137.07,0,201.58,2025,11,November,Sunday,2671.34,2137.072
2025-11-23,ORD007711,CUST01326,P008,Running Shoes,Fashion,Hyderabad,Store,UPI,1,4416.47,0.0,4416.47,4416.47,0,1196.38,2025,11,November,Sunday,4416.47,4416.47
2025-11-23,ORD027325,CUST02277,P004,Smartwatch,Electronics,Hyderabad,Store,Credit Card,1,6748.9,0.0,6748.9,6748.9,0,1744.94,2025,11,November,Sunday,6748.9,6748.9
2025-11-23,ORD003296,CUST01789,P010,Coffee Maker,Home,Ahmedabad,Store,Credit Card,1,5813.72,0.25,5813.72,4360.29,0,781.97,2025,11,November,Sunday,5813.72,4360.29
2025-11-23,ORD041540,CUST00639,P019,Vacuum Cleaner,Home,Pune,Store,UPI,1,9592.95,0.0,9592.95,9592.95,0,1791.78,2025,11,November,Sunday,9592.95,9592.95
2025-11-23,ORD046577,CUST03379,P001,Laptop,Electronics,Surat,Online,Debit Card,1,63744.12,0.05,63744.12,60556.91,1,-3027.85,2025,11,November,Sunday,63744.12,60556.914
2025-11-23,ORD046558,CUST01043,P018,Jacket,Fashion,Surat,Online,Credit Card,3,5706.9,0.1,17120.7,15408.63,0,3054.13,2025,11,November,Sunday,17120.699999999997,15408.630000000001
2025-11-23,ORD032749,CUST03178,P013,Monitor,Electronics,Hyderabad,Online,Net Banking,1,19486.43,0.1,19486.43,17537.79,1,-876.89,2025,11,November,Sunday,19486.43,17537.787
2025-11-23,ORD049588,CUST02038,P018,Jacket,Fashion,Bengaluru,Store,Net Banking,1,5325.95,0.0,5325.95,5325.95,0,764.54,2025,11,November,Sunday,5325.95,5325.95
2025-11-23,ORD022070,CUST03051,P005,Office Chair,Furniture,Delhi,Store,Credit Card,1,10421.88,0.25,10421.88,7816.41,1,-390.82,2025,11,November,Sunday,10421.88,7816.41
2025-11-23,ORD035926,CUST00063,P014,Keyboard,Electronics,Delhi,Store,Net Banking,4,2664.89,0.0,10659.56,10659.56,0,1178.18,2025,11,November,Sunday,10659.56,10659.56
2025-11-23,ORD048193,CUST03919,P011,Mixer Grinder,Home,Chennai,Store,UPI,1,5005.51,0.1,5005.51,4504.96,0,964.04,2025,11,November,Sunday,5005.51,4504.959000000001
2025-11-23,ORD042177,CUST03667,P003,Headphones,Electronics,Hyderabad,Store,Debit Card,1,4259.67,0.1,4259.67,3833.7,0,338.41,2025,11,November,Sunday,4259.67,3833.703
2025-11-23,ORD015494,CUST01700,P016,Sofa,Furniture,Hyderabad,Store,Credit Card,1,32955.21,0.2,32955.21,26364.17,0,3517.22,2025,11,November,Sunday,32955.21,26364.168
2025-11-23,ORD004950,CUST03571,P001,Laptop,Electronics,Jaipur,Online,Cash,1,63468.4,0.1,63468.4,57121.56,0,10445.54,2025,11,November,Sunday,63468.4,57121.560000000005
2025-11-23,ORD047573,CUST04434,P015,Dining Table,Furniture,Hyderabad,Store,UPI,1,22013.49,0.1,22013.49,19812.14,0,4994.4,2025,11,November,Sunday,22013.49,19812.141000000003
2025-11-23,ORD006926,CUST03067,P016,Sofa,Furniture,Chennai,Online,UPI,1,34991.66,0.1,34991.66,31492.49,0,4711.93,2025,11,November,Sunday,34991.66,31492.494000000002
2025-11-23,ORD019477,CUST02230,P002,Smartphone,Electronics,Ahmedabad,Online,Net Banking,1,29618.68,0.05,29618.68,28137.75,0,6751.02,2025,11,November,Sunday,29618.68,28137.746
2025-11-23,ORD049486,CUST03580,P011,Mixer Grinder,Home,Kolkata,Online,Credit Card,1,4512.35,0.0,4512.35,4512.35,0,804.97,2025,11,November,Sunday,4512.35,4512.35
2025-11-23,ORD000282,CUST03163,P003,Headphones,Electronics,Bengaluru,Store,UPI,1,4297.99,0.1,4297.99,3868.19,0,1076.66,2025,11,November,Sunday,4297.99,3868.191
2025-11-23,ORD001617,CUST01949,P011,Mixer Grinder,Home,Delhi,Online,Net Banking,2,4336.89,0.05,8673.78,8240.09,0,1137.56,2025,11,November,Sunday,8673.78,8240.091
2025-11-23,ORD025611,CUST01401,P011,Mixer Grinder,Home,Chennai,Store,Net Banking,1,4851.65,0.05,4851.65,4609.07,0,1092.51,2025,11,November,Sunday,4851.65,4609.067499999999
2025-11-23,ORD000272,CUST03432,P007,Backpack,Accessories,Pune,Online,Credit Card,1,2323.78,0.1,2323.78,2091.4,0,193.1,2025,11,November,Sunday,2323.78,2091.402
2025-11-23,ORD045719,CUST02464,P002,Smartphone,Electronics,Kolkata,Store,Debit Card,3,26013.28,0.15,78039.84,66333.86,0,5159.82,2025,11,November,Sunday,78039.84,66333.864
2025-11-23,ORD008844,CUST03036,P019,Vacuum Cleaner,Home,Hyderabad,Store,Cash,1,8413.39,0.1,8413.39,7572.05,0,1884.75,2025,11,November,Sunday,8413.39,7572.0509999999995
2025-11-23,ORD030188,CUST03961,P017,Jeans,Fashion,Bengaluru,Online,Debit Card,2,2653.38,0.05,5306.76,5041.42,0,1296.79,2025,11,November,Sunday,5306.76,5041.422
2025-11-23,ORD042480,CUST03727,P020,Microwave,Home,Pune,Online,UPI,2,11508.98,0.1,23017.96,20716.16,0,1872.11,2025,11,November,Sunday,23017.96,20716.164
2025-11-23,ORD001850,CUST01361,P013,Monitor,Electronics,Ahmedabad,Store,Credit Card,1,17395.12,0.1,17395.12,15655.61,0,3652.39,2025,11,November,Sunday,17395.12,15655.608
2025-11-23,ORD015673,CUST03189,P006,Desk,Furniture,Hyderabad,Online,Cash,1,12313.46,0.1,12313.46,11082.11,0,2086.76,2025,11,November,Sunday,12313.46,11082.114
2025-11-23,ORD018748,CUST03224,P013,Monitor,Electronics,Surat,Store,UPI,4,17056.73,0.15,68226.92,57992.88,0,4408.62,2025,11,November,Sunday,68226.92,57992.882
2025-11-23,ORD048018,CUST03303,P014,Keyboard,Electronics,Pune,Online,UPI,2,2412.21,0.15,4824.42,4100.76,0,1086.75,2025,11,November,Sunday,4824.42,4100.757
2025-11-23,ORD038408,CUST00715,P012,Air Fryer,Home,Pune,Store,Credit Card,1,7371.89,0.1,7371.89,6634.7,0,994.08,2025,11,November,Sunday,7371.89,6634.701
2025-11-23,ORD006273,CUST02058,P009,T-Shirt,Fashion,Ahmedabad,Online,Debit Card,1,1164.89,0.2,1164.89,931.91,0,75.13,2025,11,November,Sunday,1164.89,931.9120000000001
2025-11-23,ORD044016,CUST00099,P010,Coffee Maker,Home,Chennai,Online,Net Banking,1,5276.77,0.2,5276.77,4221.42,0,376.86,2025,11,November,Sunday,5276.77,4221.416
2025-11-23,ORD017377,CUST00034,P011,Mixer Grinder,Home,Hyderabad,Online,Credit Card,1,5236.4,0.05,5236.4,4974.58,0,876.3,2025,11,November,Sunday,5236.4,4974.579999999999
2025-11-23,ORD006198,CUST03573,P013,Monitor,Electronics,Mumbai,Online,Credit Card,1,19556.66,0.1,19556.66,17600.99,0,2476.87,2025,11,November,Sunday,19556.66,17600.994
2025-11-23,ORD008144,CUST01544,P002,Smartphone,Electronics,Hyderabad,Store,UPI,1,26995.02,0.1,26995.02,24295.52,0,5873.07,2025,11,November,Sunday,26995.02,24295.518
2025-11-23,ORD008169,CUST03055,P013,Monitor,Electronics,Delhi,Store,UPI,1,16225.45,0.1,16225.45,14602.9,0,1088.05,2025,11,November,Sunday,16225.45,14602.905
2025-11-23,ORD021117,CUST00595,P012,Air Fryer,Home,Mumbai,Store,Credit Card,1,7011.64,0.1,7011.64,6310.48,0,781.49,2025,11,November,Sunday,7011.64,6310.476000000001
2025-11-23,ORD021282,CUST04865,P003,Headphones,Electronics,Pune,Online,UPI,1,4232.43,0.0,4232.43,4232.43,0,1179.84,2025,11,November,Sunday,4232.43,4232.43
2025-11-23,ORD045875,CUST00006,P008,Running Shoes,Fashion,Jaipur,Online,UPI,1,4190.85,0.0,4190.85,4190.85,0,519.84,2025,11,November,Sunday,4190.85,4190.85
2025-11-23,ORD027731,CUST03927,P015,Dining Table,Furniture,Bengaluru,Online,Credit Card,1,22854.47,0.1,22854.47,20569.02,0,1792.7,2025,11,November,Sunday,22854.47,20569.023
2025-11-23,ORD041280,CUST01951,P001,Laptop,Electronics,Chennai,Online,UPI,1,64396.43,0.05,64396.43,61176.61,0,15981.84,2025,11,November,Sunday,64396.43,61176.608499999995
2025-11-23,ORD000599,CUST02514,P017,Jeans,Fashion,Chennai,Online,UPI,1,2720.89,0.05,2720.89,2584.85,0,513.27,2025,11,November,Sunday,2720.89,2584.8455
2025-11-23,ORD014932,CUST01148,P015,Dining Table,Furniture,Jaipur,Online,UPI,1,23367.19,0.0,23367.19,23367.19,0,4511.81,2025,11,November,Sunday,23367.19,23367.19
2025-11-23,ORD006684,CUST02313,P015,Dining Table,Furniture,Kolkata,Online,Net Banking,2,21301.74,0.1,42603.48,38343.13,0,9269.5,2025,11,November,Sunday,42603.48,38343.132000000005
2025-11-23,ORD018276,CUST02492,P010,Coffee Maker,Home,Pune,Online,Credit Card,1,5592.04,0.1,5592.04,5032.84,0,1297.28,2025,11,November,Sunday,5592.04,5032.836
2025-11-23,ORD000733,CUST01284,P010,Coffee Maker,Home,Ahmedabad,Store,UPI,2,5156.82,0.1,10313.64,9282.28,0,860.15,2025,11,November,Sunday,10313.64,9282.276
2025-11-23,ORD041858,CUST01955,P016,Sofa,Furniture,Hyderabad,Online,Debit Card,1,34871.4,0.1,34871.4,31384.26,0,5813.86,2025,11,November,Sunday,34871.4,31384.260000000002
2025-11-23,ORD010754,CUST01316,P017,Jeans,Fashion,Hyderabad,Online,Credit Card,2,2870.01,0.1,5740.02,5166.02,0,629.37,2025,11,November,Sunday,5740.02,5166.018000000001
2025-11-23,ORD046022,CUST04425,P002,Smartphone,Electronics,Hyderabad,Store,Net Banking,2,25928.92,0.15,51857.84,44079.16,0,3760.82,2025,11,November,Sunday,51857.84,44079.164
2025-11-23,ORD017101,CUST00370,P019,Vacuum Cleaner,Home,Jaipur,Store,Credit Card,3,9823.1,0.1,29469.3,26522.37,0,5602.22,2025,11,November,Sunday,29469.300000000003,26522.37
2025-11-23,ORD016014,CUST02280,P015,Dining Table,Furniture,Ahmedabad,Online,Debit Card,1,22217.85,0.1,22217.85,19996.06,0,5438.4,2025,11,November,Sunday,22217.85,19996.065
2025-11-23,ORD000124,CUST03900,P008,Running Shoes,Fashion,Surat,Online,Debit Card,2,4419.26,0.15,8838.52,7512.74,0,592.56,2025,11,November,Sunday,8838.52,7512.742
2025-11-23,ORD036659,CUST04145,P012,Air Fryer,Home,Surat,Online,UPI,1,7620.47,0.0,7620.47,7620.47,0,1355.89,2025,11,November,Sunday,7620.47,7620.47
2025-11-23,ORD035683,CUST02882,P013,Monitor,Electronics,Pune,Store,Credit Card,3,17021.24,0.1,51063.72,45957.35,0,5203.14,2025,11,November,Sunday,51063.72,45957.348000000005
2025-11-23,ORD030574,CUST02027,P003,Headphones,Electronics,Chennai,Online,Credit Card,1,4800.13,0.05,4800.13,4560.12,0,662.56,2025,11,November,Sunday,4800.13,4560.1235
2025-11-23,ORD037909,CUST02738,P020,Microwave,Home,Ahmedabad,Online,Credit Card,1,11083.7,0.1,11083.7,9975.33,0,1167.04,2025,11,November,Sunday,11083.7,9975.330000000002
2025-11-23,ORD010568,CUST01442,P010,Coffee Maker,Home,Surat,Online,Debit Card,1,5492.59,0.1,5492.59,4943.33,0,825.45,2025,11,November,Sunday,5492.59,4943.331
2025-11-23,ORD001571,CUST03412,P012,Air Fryer,Home,Jaipur,Online,Cash,1,6674.18,0.0,6674.18,6674.18,0,1963.35,2025,11,November,Sunday,6674.18,6674.18
2025-11-23,ORD037325,CUST04286,P019,Vacuum Cleaner,Home,Bengaluru,Online,Debit Card,1,8908.1,0.05,8908.1,8462.7,0,679.07,2025,11,November,Sunday,8908.1,8462.695
2025-11-23,ORD020815,CUST04067,P014,Keyboard,Electronics,Mumbai,Store,UPI,1,2266.74,0.05,2266.74,2153.4,0,596.78,2025,11,November,Sunday,2266.74,2153.403
2025-11-23,ORD016618,CUST04713,P020,Microwave,Home,Chennai,Online,Cash,5,9937.91,0.25,49689.55,37267.16,0,7786.48,2025,11,November,Sunday,49689.55,37267.162500000006
2025-11-23,ORD028281,CUST00901,P009,T-Shirt,Fashion,Jaipur,Online,Credit Card,1,1293.69,0.0,1293.69,1293.69,1,-64.68,2025,11,November,Sunday,1293.69,1293.69
2025-11-23,ORD020801,CUST00641,P017,Jeans,Fashion,Delhi,Online,Credit Card,1,2580.53,0.15,2580.53,2193.45,0,125.17,2025,11,November,Sunday,2580.53,2193.4505
2025-11-23,ORD009015,CUST04493,P013,Monitor,Electronics,Jaipur,Online,UPI,1,17086.27,0.05,17086.27,16231.96,0,4007.2,2025,11,November,Sunday,17086.27,16231.9565
2025-11-23,ORD040124,CUST01453,P019,Vacuum Cleaner,Home,Mumbai,Online,Credit Card,1,8688.44,0.1,8688.44,7819.6,0,895.09,2025,11,November,Sunday,8688.44,7819.5960000000005
2025-11-23,ORD020830,CUST02186,P010,Coffee Maker,Home,Hyderabad,Online,UPI,1,5273.03,0.1,5273.03,4745.73,0,469.91,2025,11,November,Sunday,5273.03,4745.727
2025-11-23,ORD033118,CUST04594,P004,Smartwatch,Electronics,Pune,Online,UPI,4,6352.47,0.2,25409.88,20327.9,0,3244.54,2025,11,November,Sunday,25409.88,20327.904000000002
2025-11-24,ORD001367,CUST04369,P003,Headphones,Electronics,Hyderabad,Online,UPI,1,4639.13,0.1,4639.13,4175.22,0,483.37,2025,11,November,Monday,4639.13,4175.217000000001
2025-11-24,ORD048263,CUST04965,P014,Keyboard,Electronics,Pune,Online,UPI,1,2647.59,0.2,2647.59,2118.07,0,181.89,2025,11,November,Monday,2647.59,2118.072
2025-11-24,ORD002284,CUST02388,P005,Office Chair,Furniture,Surat,Store,Credit Card,1,9297.59,0.2,9297.59,7438.07,0,411.96,2025,11,November,Monday,9297.59,7438.072
2025-11-24,ORD044678,CUST01558,P004,Smartwatch,Electronics,Hyderabad,Online,Debit Card,1,7545.31,0.15,7545.31,6413.51,0,511.97,2025,11,November,Monday,7545.31,6413.5135
2025-11-24,ORD044293,CUST03619,P020,Microwave,Home,Jaipur,Online,Credit Card,1,9993.21,0.1,9993.21,8993.89,0,1504.85,2025,11,November,Monday,9993.21,8993.889
2025-11-24,ORD044679,CUST03142,P016,Sofa,Furniture,Hyderabad,Online,Cash,1,32049.48,0.1,32049.48,28844.53,0,3706.37,2025,11,November,Monday,32049.48,28844.532
2025-11-24,ORD005105,CUST01684,P010,Coffee Maker,Home,Delhi,Online,Net Banking,2,4998.28,0.0,9996.56,9996.56,0,1723.94,2025,11,November,Monday,9996.56,9996.56
2025-11-24,ORD020355,CUST03618,P016,Sofa,Furniture,Mumbai,Store,UPI,2,34255.54,0.1,68511.08,61659.97,0,13685.03,2025,11,November,Monday,68511.08,61659.972
2025-11-24,ORD018001,CUST04433,P019,Vacuum Cleaner,Home,Delhi,Online,Credit Card,2,8670.43,0.05,17340.86,16473.82,1,-823.69,2025,11,November,Monday,17340.86,16473.817
2025-11-24,ORD047549,CUST02955,P016,Sofa,Furniture,Bengaluru,Store,UPI,1,32183.04,0.05,32183.04,30573.89,1,-1528.69,2025,11,November,Monday,32183.04,30573.888
2025-11-24,ORD023317,CUST04115,P005,Office Chair,Furniture,Delhi,Online,UPI,1,9231.58,0.0,9231.58,9231.58,0,1037.9,2025,11,November,Monday,9231.58,9231.58
2025-11-24,ORD012439,CUST00795,P016,Sofa,Furniture,Ahmedabad,Online,Net Banking,1,35422.68,0.2,35422.68,28338.14,0,2905.0,2025,11,November,Monday,35422.68,28338.144
2025-11-24,ORD015345,CUST04351,P017,Jeans,Fashion,Delhi,Online,UPI,2,2744.0,0.1,5488.0,4939.2,0,1205.69,2025,11,November,Monday,5488.0,4939.2
2025-11-24,ORD019355,CUST03170,P007,Backpack,Accessories,Surat,Store,UPI,2,2077.25,0.15,4154.5,3531.32,0,367.51,2025,11,November,Monday,4154.5,3531.325
2025-11-24,ORD044095,CUST02133,P012,Air Fryer,Home,Bengaluru,Store,Credit Card,3,7712.14,0.15,23136.42,19665.96,0,4221.61,2025,11,November,Monday,23136.420000000002,19665.957
2025-11-24,ORD023241,CUST04502,P003,Headphones,Electronics,Jaipur,Store,UPI,1,4670.77,0.0,4670.77,4670.77,0,1225.68,2025,11,November,Monday,4670.77,4670.77
2025-11-24,ORD025050,CUST00794,P008,Running Shoes,Fashion,Pune,Online,Debit Card,1,3963.8,0.1,3963.8,3567.42,0,996.96,2025,11,November,Monday,3963.8,3567.42
2025-11-24,ORD039104,CUST00809,P010,Coffee Maker,Home,Kolkata,Online,UPI,2,5415.56,0.0,10831.12,10831.12,0,2267.47,2025,11,November,Monday,10831.12,10831.12
2025-11-24,ORD047013,CUST04075,P017,Jeans,Fashion,Bengaluru,Online,UPI,1,2800.62,0.05,2800.62,2660.59,0,749.95,2025,11,November,Monday,2800.62,2660.589
2025-11-24,ORD006791,CUST01014,P002,Smartphone,Electronics,Surat,Store,Debit Card,2,28350.41,0.05,56700.82,53865.78,0,14342.59,2025,11,November,Monday,56700.82,53865.778999999995
2025-11-24,ORD015516,CUST04538,P001,Laptop,Electronics,Hyderabad,Store,Credit Card,1,63619.16,0.0,63619.16,63619.16,0,15918.34,2025,11,November,Monday,63619.16,63619.16
2025-11-24,ORD023591,CUST01241,P011,Mixer Grinder,Home,Jaipur,Online,Debit Card,2,5264.11,0.1,10528.22,9475.4,0,1531.84,2025,11,November,Monday,10528.22,9475.398
2025-11-24,ORD020712,CUST04490,P005,Office Chair,Furniture,Bengaluru,Online,Credit Card,1,9287.08,0.1,9287.08,8358.37,1,-417.92,2025,11,November,Monday,9287.08,8358.372
2025-11-24,ORD048388,CUST02589,P019,Vacuum Cleaner,Home,Chennai,Online,Credit Card,1,9421.73,0.1,9421.73,8479.56,0,1150.83,2025,11,November,Monday,9421.73,8479.557
2025-11-24,ORD020242,CUST01005,P007,Backpack,Accessories,Ahmedabad,Store,UPI,1,2003.75,0.0,2003.75,2003.75,0,337.3,2025,11,November,Monday,2003.75,2003.75
2025-11-24,ORD003654,CUST03150,P005,Office Chair,Furniture,Jaipur,Online,UPI,1,10303.43,0.15,10303.43,8757.92,0,1862.86,2025,11,November,Monday,10303.43,8757.9155
2025-11-24,ORD037525,CUST01643,P016,Sofa,Furniture,Kolkata,Online,UPI,1,34100.97,0.2,34100.97,27280.78,0,1554.19,2025,11,November,Monday,34100.97,27280.776
2025-11-24,ORD011464,CUST04555,P016,Sofa,Furniture,Hyderabad,Online,Cash,2,32549.76,0.05,65099.52,61844.54,0,14118.23,2025,11,November,Monday,65099.52,61844.543999999994
2025-11-24,ORD045955,CUST03703,P020,Microwave,Home,Ahmedabad,Online,Credit Card,2,10735.3,0.15,21470.6,18250.01,0,2942.68,2025,11,November,Monday,21470.6,18250.01
2025-11-24,ORD038690,CUST02058,P018,Jacket,Fashion,Surat,Online,UPI,1,4752.42,0.0,4752.42,4752.42,0,642.37,2025,11,November,Monday,4752.42,4752.42
2025-11-24,ORD011024,CUST04334,P002,Smartphone,Electronics,Ahmedabad,Online,UPI,3,29971.07,0.05,89913.21,85417.55,0,23512.07,2025,11,November,Monday,89913.20999999999,85417.54950000001
2025-11-24,ORD000910,CUST00659,P008,Running Shoes,Fashion,Hyderabad,Online,UPI,2,4227.48,0.1,8454.96,7609.46,0,944.37,2025,11,November,Monday,8454.96,7609.463999999999
2025-11-24,ORD036053,CUST02530,P018,Jacket,Fashion,Ahmedabad,Online,UPI,1,4813.95,0.1,4813.95,4332.56,0,519.8,2025,11,November,Monday,4813.95,4332.555
2025-11-24,ORD019787,CUST04719,P005,Office Chair,Furniture,Ahmedabad,Store,Credit Card,1,9851.46,0.25,9851.46,7388.59,0,1403.54,2025,11,November,Monday,9851.46,7388.594999999999
2025-11-24,ORD004812,CUST02539,P004,Smartwatch,Electronics,Mumbai,Online,Debit Card,1,6658.61,0.0,6658.61,6658.61,0,642.68,2025,11,November,Monday,6658.61,6658.61
2025-11-24,ORD001725,CUST03337,P015,Dining Table,Furniture,Jaipur,Store,Net Banking,2,23618.46,0.0,47236.92,47236.92,0,8497.77,2025,11,November,Monday,47236.92,47236.92
2025-11-24,ORD048692,CUST00627,P014,Keyboard,Electronics,Delhi,Store,Debit Card,1,2733.4,0.15,2733.4,2323.39,1,-116.17,2025,11,November,Monday,2733.4,2323.39
2025-11-24,ORD012637,CUST00549,P016,Sofa,Furniture,Chennai,Store,UPI,4,34821.64,0.1,139286.56,125357.9,0,25873.58,2025,11,November,Monday,139286.56,125357.904
2025-11-24,ORD036625,CUST04346,P003,Headphones,Electronics,Ahmedabad,Store,UPI,2,4746.44,0.0,9492.88,9492.88,0,2296.37,2025,11,November,Monday,9492.88,9492.88
2025-11-24,ORD000996,CUST03790,P001,Laptop,Electronics,Hyderabad,Store,Credit Card,4,63024.17,0.0,252096.68,252096.68,0,62702.59,2025,11,November,Monday,252096.68,252096.68
2025-11-24,ORD015572,CUST04576,P015,Dining Table,Furniture,Bengaluru,Store,UPI,1,22202.59,0.0,22202.59,22202.59,0,5689.3,2025,11,November,Monday,22202.59,22202.59
2025-11-24,ORD013090,CUST04050,P012,Air Fryer,Home,Surat,Store,Net Banking,1,7646.77,0.0,7646.77,7646.77,0,628.42,2025,11,November,Monday,7646.77,7646.77
2025-11-24,ORD029089,CUST04773,P007,Backpack,Accessories,Chennai,Store,Cash,5,2161.43,0.1,10807.15,9726.44,0,1494.55,2025,11,November,Monday,10807.15,9726.435
2025-11-24,ORD033715,CUST00238,P017,Jeans,Fashion,Mumbai,Store,UPI,2,2713.48,0.1,5426.96,4884.26,0,1323.99,2025,11,November,Monday,5426.96,4884.264
2025-11-24,ORD027845,CUST00072,P001,Laptop,Electronics,Chennai,Online,Credit Card,1,71378.0,0.0,71378.0,71378.0,0,13665.45,2025,11,November,Monday,71378.0,71378.0
2025-11-24,ORD031661,CUST03223,P009,T-Shirt,Fashion,Ahmedabad,Store,UPI,1,1159.88,0.0,1159.88,1159.88,0,176.96,2025,11,November,Monday,1159.88,1159.88
2025-11-24,ORD025620,CUST03504,P001,Laptop,Electronics,Surat,Store,Debit Card,1,61259.64,0.25,61259.64,45944.73,0,1837.79,2025,11,November,Monday,61259.64,45944.729999999996
2025-11-24,ORD025443,CUST03720,P006,Desk,Furniture,Bengaluru,Online,Credit Card,1,11743.37,0.1,11743.37,10569.03,0,1585.36,2025,11,November,Monday,11743.37,10569.033000000001
2025-11-24,ORD025508,CUST04158,P009,T-Shirt,Fashion,Mumbai,Online,Credit Card,1,1308.13,0.15,1308.13,1111.91,0,221.46,2025,11,November,Monday,1308.13,1111.9105
2025-11-24,ORD046021,CUST00027,P009,T-Shirt,Fashion,Kolkata,Online,Debit Card,2,1212.27,0.0,2424.54,2424.54,0,555.63,2025,11,November,Monday,2424.54,2424.54
2025-11-24,ORD032899,CUST03559,P004,Smartwatch,Electronics,Bengaluru,Online,UPI,2,7656.94,0.25,15313.88,11485.41,0,692.07,2025,11,November,Monday,15313.88,11485.41
2025-11-24,ORD043647,CUST00617,P015,Dining Table,Furniture,Chennai,Store,Net Banking,1,21951.0,0.1,21951.0,19755.9,0,1930.09,2025,11,November,Monday,21951.0,19755.9
2025-11-24,ORD038882,CUST01853,P020,Microwave,Home,Kolkata,Online,UPI,1,10244.32,0.05,10244.32,9732.1,0,2493.69,2025,11,November,Monday,10244.32,9732.104
2025-11-24,ORD040042,CUST02071,P007,Backpack,Accessories,Pune,Store,Net Banking,1,2374.42,0.1,2374.42,2136.98,0,221.99,2025,11,November,Monday,2374.42,2136.978
2025-11-24,ORD019948,CUST01082,P015,Dining Table,Furniture,Jaipur,Store,UPI,1,20791.12,0.1,20791.12,18712.01,0,1491.42,2025,11,November,Monday,20791.12,18712.007999999998
2025-11-24,ORD048573,CUST00345,P003,Headphones,Electronics,Surat,Online,UPI,5,4473.06,0.2,22365.3,17892.24,0,4483.93,2025,11,November,Monday,22365.300000000003,17892.24
2025-11-24,ORD008344,CUST03406,P001,Laptop,Electronics,Bengaluru,Online,Credit Card,3,65417.89,0.05,196253.67,186440.99,0,19938.67,2025,11,November,Monday,196253.66999999998,186440.9865
2025-11-24,ORD045617,CUST04563,P007,Backpack,Accessories,Mumbai,Online,UPI,1,2269.43,0.0,2269.43,2269.43,0,537.78,2025,11,November,Monday,2269.43,2269.43
2025-11-24,ORD032958,CUST00620,P017,Jeans,Fashion,Jaipur,Online,UPI,2,3054.71,0.15,6109.42,5193.01,0,527.24,2025,11,November,Monday,6109.42,5193.007
2025-11-24,ORD022444,CUST00971,P004,Smartwatch,Electronics,Jaipur,Online,UPI,2,7138.49,0.0,14276.98,14276.98,1,-713.85,2025,11,November,Monday,14276.98,14276.98
2025-11-24,ORD043873,CUST02027,P011,Mixer Grinder,Home,Jaipur,Online,Credit Card,3,4757.03,0.1,14271.09,12843.98,0,2237.14,2025,11,November,Monday,14271.09,12843.981
2025-11-24,ORD042150,CUST01541,P001,Laptop,Electronics,Kolkata,Online,Credit Card,1,67213.42,0.05,67213.42,63852.75,0,16107.52,2025,11,November,Monday,67213.42,63852.748999999996
2025-11-24,ORD005052,CUST04415,P004,Smartwatch,Electronics,Surat,Online,UPI,1,7403.31,0.1,7403.31,6662.98,0,1365.94,2025,11,November,Monday,7403.31,6662.979
2025-11-24,ORD005411,CUST03074,P004,Smartwatch,Electronics,Kolkata,Online,Cash,1,6483.7,0.0,6483.7,6483.7,0,1774.87,2025,11,November,Monday,6483.7,6483.7
2025-11-24,ORD005729,CUST01880,P012,Air Fryer,Home,Chennai,Online,UPI,1,7375.67,0.1,7375.67,6638.1,0,745.28,2025,11,November,Monday,7375.67,6638.103
2025-11-24,ORD017015,CUST00668,P004,Smartwatch,Electronics,Chennai,Online,Credit Card,4,6801.99,0.0,27207.96,27207.96,0,6119.46,2025,11,November,Monday,27207.96,27207.96
2025-11-24,ORD036270,CUST02445,P004,Smartwatch,Electronics,Pune,Online,UPI,1,7291.23,0.05,7291.23,6926.67,0,603.3,2025,11,November,Monday,7291.23,6926.668499999999
2025-11-24,ORD029301,CUST01256,P019,Vacuum Cleaner,Home,Chennai,Store,Credit Card,1,9260.81,0.1,9260.81,8334.73,0,2295.7,2025,11,November,Monday,9260.81,8334.729
2025-11-24,ORD012994,CUST04327,P017,Jeans,Fashion,Hyderabad,Store,UPI,2,2760.63,0.1,5521.26,4969.13,0,1165.62,2025,11,November,Monday,5521.26,4969.134
2025-11-24,ORD027221,CUST02316,P005,Office Chair,Furniture,Surat,Store,UPI,1,9704.74,0.0,9704.74,9704.74,0,1473.4,2025,11,November,Monday,9704.74,9704.74
2025-11-24,ORD019043,CUST04134,P012,Air Fryer,Home,Mumbai,Online,Credit Card,1,7143.39,0.15,7143.39,6071.88,0,1540.28,2025,11,November,Monday,7143.39,6071.8815
2025-11-24,ORD015334,CUST02862,P009,T-Shirt,Fashion,Pune,Store,Credit Card,1,1226.72,0.1,1226.72,1104.05,1,-55.2,2025,11,November,Monday,1226.72,1104.048
2025-11-24,ORD027292,CUST02800,P014,Keyboard,Electronics,Ahmedabad,Online,UPI,1,2412.24,0.1,2412.24,2171.02,0,182.39,2025,11,November,Monday,2412.24,2171.016
2025-11-24,ORD039160,CUST03970,P002,Smartphone,Electronics,Surat,Online,UPI,1,27143.98,0.0,27143.98,27143.98,0,4282.69,2025,11,November,Monday,27143.98,27143.98
2025-11-24,ORD048338,CUST03962,P002,Smartphone,Electronics,Mumbai,Online,Net Banking,1,26851.76,0.05,26851.76,25509.17,0,6845.64,2025,11,November,Monday,26851.76,25509.172
2025-11-24,ORD045213,CUST03527,P001,Laptop,Electronics,Chennai,Online,Credit Card,1,69993.53,0.1,69993.53,62994.18,1,-3149.71,2025,11,November,Monday,69993.53,62994.177
2025-11-24,ORD013952,CUST01341,P003,Headphones,Electronics,Chennai,Online,Debit Card,1,4417.71,0.05,4417.71,4196.82,0,1216.0,2025,11,November,Monday,4417.71,4196.8245
2025-11-24,ORD002893,CUST01355,P006,Desk,Furniture,Mumbai,Online,UPI,1,11853.09,0.15,11853.09,10075.13,0,1003.15,2025,11,November,Monday,11853.09,10075.1265
2025-11-24,ORD033370,CUST04479,P012,Air Fryer,Home,Surat,Online,UPI,2,7640.21,0.15,15280.42,12988.36,0,3018.29,2025,11,November,Monday,15280.42,12988.357
2025-11-25,ORD015367,CUST03823,P011,Mixer Grinder,Home,Surat,Store,UPI,1,4724.27,0.2,4724.27,3779.42,0,307.0,2025,11,November,Tuesday,4724.27,3779.4160000000006
2025-11-25,ORD031705,CUST01162,P005,Office Chair,Furniture,Chennai,Store,Cash,2,8905.95,0.0,17811.9,17811.9,0,2749.9,2025,11,November,Tuesday,17811.9,17811.9
2025-11-25,ORD017899,CUST00399,P004,Smartwatch,Electronics,Chennai,Online,Cash,1,6980.92,0.0,6980.92,6980.92,0,1810.19,2025,11,November,Tuesday,6980.92,6980.92
2025-11-25,ORD008491,CUST00787,P006,Desk,Furniture,Hyderabad,Online,Credit Card,1,11345.04,0.2,11345.04,9076.03,0,2082.07,2025,11,November,Tuesday,11345.04,9076.032000000001
2025-11-25,ORD012021,CUST00043,P015,Dining Table,Furniture,Pune,Online,Credit Card,2,20528.4,0.05,41056.8,39003.96,0,8560.47,2025,11,November,Tuesday,41056.8,39003.96
2025-11-25,ORD015395,CUST01418,P017,Jeans,Fashion,Mumbai,Online,UPI,1,2785.56,0.05,2785.56,2646.28,0,308.68,2025,11,November,Tuesday,2785.56,2646.2819999999997
2025-11-25,ORD024218,CUST01343,P017,Jeans,Fashion,Chennai,Online,Net Banking,3,2807.87,0.05,8423.61,8002.43,0,1617.84,2025,11,November,Tuesday,8423.61,8002.4295
2025-11-25,ORD037937,CUST03404,P016,Sofa,Furniture,Kolkata,Online,Debit Card,4,35265.04,0.05,141060.16,134007.15,1,-6700.36,2025,11,November,Tuesday,141060.16,134007.152
2025-11-25,ORD039592,CUST02180,P008,Running Shoes,Fashion,Ahmedabad,Online,Net Banking,1,4224.48,0.05,4224.48,4013.26,0,346.78,2025,11,November,Tuesday,4224.48,4013.2559999999994
2025-11-25,ORD008679,CUST03233,P007,Backpack,Accessories,Delhi,Store,Credit Card,1,2101.18,0.15,2101.18,1786.0,0,174.99,2025,11,November,Tuesday,2101.18,1786.0029999999997
2025-11-25,ORD032639,CUST01466,P019,Vacuum Cleaner,Home,Jaipur,Online,UPI,4,8280.49,0.1,33121.96,29809.76,0,7256.08,2025,11,November,Tuesday,33121.96,29809.764
2025-11-25,ORD044821,CUST04651,P015,Dining Table,Furniture,Jaipur,Online,Debit Card,1,20942.0,0.25,20942.0,15706.5,0,1403.42,2025,11,November,Tuesday,20942.0,15706.5
2025-11-25,ORD005641,CUST00331,P012,Air Fryer,Home,Kolkata,Online,Credit Card,2,7193.02,0.0,14386.04,14386.04,0,2148.12,2025,11,November,Tuesday,14386.04,14386.04
2025-11-25,ORD002009,CUST02310,P020,Microwave,Home,Mumbai,Online,Debit Card,3,10509.32,0.2,31527.96,25222.37,0,1709.78,2025,11,November,Tuesday,31527.96,25222.368000000002
2025-11-25,ORD048834,CUST01129,P005,Office Chair,Furniture,Kolkata,Store,Credit Card,2,9267.92,0.15,18535.84,15755.46,0,1713.44,2025,11,November,Tuesday,18535.84,15755.464
2025-11-25,ORD009187,CUST03551,P011,Mixer Grinder,Home,Mumbai,Store,Credit Card,2,4418.99,0.15,8837.98,7512.28,0,1461.09,2025,11,November,Tuesday,8837.98,7512.282999999999
2025-11-25,ORD039931,CUST03537,P013,Monitor,Electronics,Chennai,Store,Net Banking,1,19260.45,0.1,19260.45,17334.41,0,1142.93,2025,11,November,Tuesday,19260.45,17334.405000000002
2025-11-25,ORD039568,CUST04055,P008,Running Shoes,Fashion,Bengaluru,Store,UPI,1,4266.41,0.15,4266.41,3626.45,1,-181.32,2025,11,November,Tuesday,4266.41,3626.4485
2025-11-25,ORD038708,CUST03664,P008,Running Shoes,Fashion,Kolkata,Online,Credit Card,1,4417.49,0.05,4417.49,4196.62,0,1054.74,2025,11,November,Tuesday,4417.49,4196.6155
2025-11-25,ORD043370,CUST00596,P003,Headphones,Electronics,Jaipur,Online,Credit Card,2,4070.9,0.1,8141.8,7327.62,0,1890.87,2025,11,November,Tuesday,8141.8,7327.62
2025-11-25,ORD024880,CUST02543,P020,Microwave,Home,Chennai,Online,Credit Card,1,10453.38,0.05,10453.38,9930.71,0,1031.89,2025,11,November,Tuesday,10453.38,9930.711
2025-11-25,ORD034852,CUST00966,P014,Keyboard,Electronics,Pune,Online,UPI,1,2494.76,0.15,2494.76,2120.55,0,185.4,2025,11,November,Tuesday,2494.76,2120.5460000000003
2025-11-25,ORD049026,CUST01556,P002,Smartphone,Electronics,Bengaluru,Online,Net Banking,1,25398.44,0.1,25398.44,22858.6,0,3787.29,2025,11,November,Tuesday,25398.44,22858.595999999998
2025-11-25,ORD026763,CUST04111,P009,T-Shirt,Fashion,Mumbai,Store,Credit Card,1,1169.63,0.1,1169.63,1052.67,0,192.17,2025,11,November,Tuesday,1169.63,1052.6670000000001
2025-11-25,ORD009051,CUST01617,P012,Air Fryer,Home,Kolkata,Online,UPI,1,7768.35,0.25,7768.35,5826.26,0,514.33,2025,11,November,Tuesday,7768.35,5826.262500000001
2025-11-25,ORD017829,CUST04034,P007,Backpack,Accessories,Kolkata,Online,Debit Card,1,2275.42,0.1,2275.42,2047.88,0,290.72,2025,11,November,Tuesday,2275.42,2047.8780000000002
2025-11-25,ORD026891,CUST03876,P020,Microwave,Home,Surat,Online,Credit Card,1,11625.58,0.1,11625.58,10463.02,0,2843.13,2025,11,November,Tuesday,11625.58,10463.022
2025-11-25,ORD028035,CUST03658,P017,Jeans,Fashion,Mumbai,Online,UPI,1,2558.05,0.1,2558.05,2302.25,1,-115.11,2025,11,November,Tuesday,2558.05,2302.2450000000003
2025-11-25,ORD027301,CUST01664,P012,Air Fryer,Home,Delhi,Online,Cash,1,7895.54,0.0,7895.54,7895.54,0,653.12,2025,11,November,Tuesday,7895.54,7895.54
2025-11-25,ORD037358,CUST02652,P001,Laptop,Electronics,Hyderabad,Online,UPI,1,67066.83,0.1,67066.83,60360.15,0,14060.12,2025,11,November,Tuesday,67066.83,60360.147000000004
2025-11-25,ORD022933,CUST00740,P001,Laptop,Electronics,Jaipur,Online,Credit Card,2,62281.21,0.0,124562.42,124562.42,0,31994.06,2025,11,November,Tuesday,124562.42,124562.42
2025-11-25,ORD028632,CUST01837,P003,Headphones,Electronics,Ahmedabad,Store,Credit Card,2,4858.37,0.05,9716.74,9230.9,0,1226.98,2025,11,November,Tuesday,9716.74,9230.903
2025-11-25,ORD017620,CUST04039,P007,Backpack,Accessories,Pune,Online,UPI,3,2124.1,0.0,6372.3,6372.3,0,1269.0,2025,11,November,Tuesday,6372.299999999999,6372.3
2025-11-25,ORD044770,CUST00383,P011,Mixer Grinder,Home,Hyderabad,Online,Credit Card,1,4840.31,0.15,4840.31,4114.26,0,464.71,2025,11,November,Tuesday,4840.31,4114.2635
2025-11-25,ORD008833,CUST01481,P017,Jeans,Fashion,Mumbai,Store,Net Banking,3,2893.43,0.15,8680.29,7378.25,0,1694.13,2025,11,November,Tuesday,8680.289999999999,7378.2465
2025-11-25,ORD040763,CUST03816,P013,Monitor,Electronics,Hyderabad,Online,Credit Card,2,19367.18,0.25,38734.36,29050.77,0,4192.65,2025,11,November,Tuesday,38734.36,29050.77
2025-11-25,ORD030396,CUST03332,P002,Smartphone,Electronics,Mumbai,Online,Net Banking,3,28778.8,0.05,86336.4,82019.58,0,7579.39,2025,11,November,Tuesday,86336.4,82019.57999999999
2025-11-25,ORD020516,CUST03249,P016,Sofa,Furniture,Delhi,Online,Net Banking,2,38007.23,0.0,76014.46,76014.46,0,12329.64,2025,11,November,Tuesday,76014.46,76014.46
2025-11-25,ORD046956,CUST00189,P002,Smartphone,Electronics,Bengaluru,Online,Credit Card,1,25548.8,0.05,25548.8,24271.36,0,6355.13,2025,11,November,Tuesday,25548.8,24271.359999999997
2025-11-25,ORD005558,CUST02761,P004,Smartwatch,Electronics,Bengaluru,Store,Debit Card,2,6474.19,0.1,12948.38,11653.54,0,864.03,2025,11,November,Tuesday,12948.38,11653.542
2025-11-25,ORD029170,CUST00602,P012,Air Fryer,Home,Bengaluru,Store,Credit Card,1,6511.24,0.05,6511.24,6185.68,0,1279.25,2025,11,November,Tuesday,6511.24,6185.678
2025-11-25,ORD049178,CUST04259,P014,Keyboard,Electronics,Delhi,Online,Net Banking,4,2566.51,0.15,10266.04,8726.13,0,632.99,2025,11,November,Tuesday,10266.04,8726.134
2025-11-25,ORD003430,CUST00266,P008,Running Shoes,Fashion,Chennai,Store,UPI,1,3818.57,0.15,3818.57,3245.78,0,453.63,2025,11,November,Tuesday,3818.57,3245.7845
2025-11-25,ORD015765,CUST04766,P010,Coffee Maker,Home,Mumbai,Online,Cash,4,5526.69,0.15,22106.76,18790.75,0,2586.56,2025,11,November,Tuesday,22106.76,18790.746
2025-11-25,ORD011145,CUST02413,P004,Smartwatch,Electronics,Bengaluru,Online,UPI,2,6918.68,0.1,13837.36,12453.62,0,3122.99,2025,11,November,Tuesday,13837.36,12453.624000000002
2025-11-25,ORD013169,CUST04210,P001,Laptop,Electronics,Mumbai,Online,Credit Card,4,64705.49,0.0,258821.96,258821.96,1,-12941.1,2025,11,November,Tuesday,258821.96,258821.96
2025-11-25,ORD018961,CUST04653,P009,T-Shirt,Fashion,Ahmedabad,Online,Credit Card,2,1100.51,0.1,2201.02,1980.92,0,546.59,2025,11,November,Tuesday,2201.02,1980.9180000000001
2025-11-25,ORD021147,CUST04753,P003,Headphones,Electronics,Kolkata,Online,UPI,1,4256.23,0.1,4256.23,3830.61,0,379.15,2025,11,November,Tuesday,4256.23,3830.6069999999995
2025-11-25,ORD004682,CUST04862,P019,Vacuum Cleaner,Home,Chennai,Store,UPI,1,8377.17,0.05,8377.17,7958.31,0,1667.13,2025,11,November,Tuesday,8377.17,7958.3115
2025-11-25,ORD029849,CUST02161,P019,Vacuum Cleaner,Home,Ahmedabad,Store,Cash,2,9150.89,0.1,18301.78,16471.6,0,2621.39,2025,11,November,Tuesday,18301.78,16471.602
2025-11-25,ORD043498,CUST04326,P005,Office Chair,Furniture,Mumbai,Online,UPI,1,10009.53,0.2,10009.53,8007.62,0,1887.47,2025,11,November,Tuesday,10009.53,8007.624000000001
2025-11-25,ORD028990,CUST00649,P010,Coffee Maker,Home,Pune,Store,Credit Card,1,5478.0,0.2,5478.0,4382.4,0,423.88,2025,11,November,Tuesday,5478.0,4382.400000000001
2025-11-25,ORD009638,CUST00409,P001,Laptop,Electronics,Jaipur,Online,UPI,2,59458.4,0.15,118916.8,101079.28,1,-5053.96,2025,11,November,Tuesday,118916.8,101079.28
2025-11-25,ORD048027,CUST01651,P009,T-Shirt,Fashion,Jaipur,Online,Debit Card,1,1203.17,0.0,1203.17,1203.17,0,285.81,2025,11,November,Tuesday,1203.17,1203.17
2025-11-25,ORD033483,CUST03551,P008,Running Shoes,Fashion,Mumbai,Online,UPI,1,3870.99,0.15,3870.99,3290.34,0,637.13,2025,11,November,Tuesday,3870.99,3290.3414999999995
2025-11-26,ORD030075,CUST01687,P019,Vacuum Cleaner,Home,Kolkata,Online,Debit Card,1,9052.45,0.05,9052.45,8599.83,0,1032.18,2025,11,November,Wednesday,9052.45,8599.8275
2025-11-26,ORD015098,CUST00604,P010,Coffee Maker,Home,Bengaluru,Online,Debit Card,1,5639.62,0.1,5639.62,5075.66,0,573.16,2025,11,November,Wednesday,5639.62,5075.658
2025-11-26,ORD030520,CUST00385,P004,Smartwatch,Electronics,Ahmedabad,Store,UPI,1,6675.35,0.05,6675.35,6341.58,0,728.88,2025,11,November,Wednesday,6675.35,6341.5825
2025-11-26,ORD047753,CUST02725,P018,Jacket,Fashion,Kolkata,Online,UPI,3,5600.81,0.0,16802.43,16802.43,0,2175.34,2025,11,November,Wednesday,16802.43,16802.43
2025-11-26,ORD003972,CUST00818,P012,Air Fryer,Home,Pune,Online,UPI,2,7291.14,0.05,14582.28,13853.17,0,3335.36,2025,11,November,Wednesday,14582.28,13853.166
2025-11-26,ORD023844,CUST02654,P017,Jeans,Fashion,Pune,Online,UPI,1,2921.01,0.05,2921.01,2774.96,1,-138.75,2025,11,November,Wednesday,2921.01,2774.9595
2025-11-26,ORD043923,CUST01069,P011,Mixer Grinder,Home,Chennai,Online,Debit Card,1,4750.56,0.05,4750.56,4513.03,0,633.6,2025,11,November,Wednesday,4750.56,4513.032
2025-11-26,ORD014517,CUST01436,P007,Backpack,Accessories,Hyderabad,Store,UPI,4,2150.56,0.0,8602.24,8602.24,0,1986.85,2025,11,November,Wednesday,8602.24,8602.24
2025-11-26,ORD036174,CUST01465,P016,Sofa,Furniture,Mumbai,Store,Net Banking,1,32651.61,0.25,32651.61,24488.71,0,3099.41,2025,11,November,Wednesday,32651.61,24488.7075
2025-11-26,ORD020633,CUST01222,P005,Office Chair,Furniture,Jaipur,Store,Credit Card,1,8901.75,0.15,8901.75,7566.49,0,435.88,2025,11,November,Wednesday,8901.75,7566.4875
2025-11-26,ORD013962,CUST02036,P001,Laptop,Electronics,Pune,Online,Cash,1,69977.35,0.15,69977.35,59480.75,0,11035.55,2025,11,November,Wednesday,69977.35,59480.747500000005
2025-11-26,ORD024396,CUST03231,P017,Jeans,Fashion,Ahmedabad,Store,Credit Card,2,2643.79,0.2,5287.58,4230.06,0,529.2,2025,11,November,Wednesday,5287.58,4230.064
2025-11-26,ORD023567,CUST03171,P018,Jacket,Fashion,Mumbai,Online,Credit Card,1,5037.46,0.25,5037.46,3778.1,0,329.53,2025,11,November,Wednesday,5037.46,3778.0950000000003
2025-11-26,ORD020345,CUST00180,P010,Coffee Maker,Home,Hyderabad,Online,UPI,1,5832.57,0.25,5832.57,4374.43,0,529.53,2025,11,November,Wednesday,5832.57,4374.4275
2025-11-26,ORD031171,CUST01825,P016,Sofa,Furniture,Jaipur,Online,Debit Card,1,37739.85,0.05,37739.85,35852.86,0,4371.56,2025,11,November,Wednesday,37739.85,35852.8575
2025-11-26,ORD023575,CUST02026,P020,Microwave,Home,Pune,Store,Credit Card,1,10074.76,0.15,10074.76,8563.55,0,1780.35,2025,11,November,Wednesday,10074.76,8563.546
2025-11-26,ORD016336,CUST04238,P009,T-Shirt,Fashion,Ahmedabad,Store,Net Banking,2,1134.81,0.1,2269.62,2042.66,0,138.43,2025,11,November,Wednesday,2269.62,2042.658
2025-11-26,ORD008262,CUST02790,P005,Office Chair,Furniture,Hyderabad,Online,Debit Card,3,9030.93,0.1,27092.79,24383.51,0,1519.36,2025,11,November,Wednesday,27092.79,24383.511000000002
2025-11-26,ORD001587,CUST04854,P018,Jacket,Fashion,Surat,Store,Net Banking,3,5664.02,0.1,16992.06,15292.85,0,2920.48,2025,11,November,Wednesday,16992.06,15292.854000000001
2025-11-26,ORD007838,CUST04676,P007,Backpack,Accessories,Pune,Online,UPI,2,2416.84,0.05,4833.68,4592.0,0,737.3,2025,11,November,Wednesday,4833.68,4591.996
2025-11-26,ORD007644,CUST02114,P003,Headphones,Electronics,Kolkata,Store,Debit Card,5,4727.86,0.05,23639.3,22457.34,0,4456.89,2025,11,November,Wednesday,23639.3,22457.335
2025-11-26,ORD004661,CUST03975,P009,T-Shirt,Fashion,Chennai,Store,Credit Card,2,1189.67,0.05,2379.34,2260.37,0,231.51,2025,11,November,Wednesday,2379.34,2260.373
2025-11-26,ORD006971,CUST01622,P008,Running Shoes,Fashion,Pune,Store,Cash,1,4541.17,0.25,4541.17,3405.88,0,628.99,2025,11,November,Wednesday,4541.17,3405.8775
2025-11-26,ORD018649,CUST02680,P011,Mixer Grinder,Home,Mumbai,Online,Net Banking,1,4328.56,0.15,4328.56,3679.28,0,731.11,2025,11,November,Wednesday,4328.56,3679.2760000000003
2025-11-26,ORD024754,CUST02644,P012,Air Fryer,Home,Delhi,Store,Cash,1,6733.14,0.15,6733.14,5723.17,0,624.68,2025,11,November,Wednesday,6733.14,5723.169
2025-11-26,ORD037165,CUST00203,P018,Jacket,Fashion,Hyderabad,Store,UPI,3,4763.69,0.0,14291.07,14291.07,0,3286.35,2025,11,November,Wednesday,14291.07,14291.07
2025-11-26,ORD037757,CUST04239,P011,Mixer Grinder,Home,Bengaluru,Store,UPI,1,4394.99,0.0,4394.99,4394.99,0,1104.04,2025,11,November,Wednesday,4394.99,4394.99
2025-11-26,ORD015671,CUST02400,P015,Dining Table,Furniture,Kolkata,Store,Debit Card,1,21892.97,0.05,21892.97,20798.32,0,1948.66,2025,11,November,Wednesday,21892.97,20798.321500000002
2025-11-26,ORD038496,CUST03442,P012,Air Fryer,Home,Delhi,Online,UPI,2,6948.4,0.0,13896.8,13896.8,0,3347.13,2025,11,November,Wednesday,13896.8,13896.8
2025-11-26,ORD012852,CUST02897,P013,Monitor,Electronics,Chennai,Online,Net Banking,4,19245.43,0.15,76981.72,65434.46,0,5039.98,2025,11,November,Wednesday,76981.72,65434.462
2025-11-26,ORD019039,CUST01889,P016,Sofa,Furniture,Jaipur,Online,Net Banking,1,38454.45,0.1,38454.45,34609.0,1,-1730.45,2025,11,November,Wednesday,38454.45,34609.005
2025-11-26,ORD012014,CUST01666,P008,Running Shoes,Fashion,Delhi,Online,UPI,1,4383.72,0.25,4383.72,3287.79,0,763.28,2025,11,November,Wednesday,4383.72,3287.79
2025-11-26,ORD032243,CUST02017,P009,T-Shirt,Fashion,Ahmedabad,Store,UPI,1,1318.37,0.15,1318.37,1120.61,0,131.57,2025,11,November,Wednesday,1318.37,1120.6145
2025-11-26,ORD030609,CUST04240,P002,Smartphone,Electronics,Delhi,Online,Credit Card,5,25839.27,0.25,129196.35,96897.26,0,17173.0,2025,11,November,Wednesday,129196.35,96897.26250000001
2025-11-26,ORD012468,CUST01008,P012,Air Fryer,Home,Pune,Online,Credit Card,1,7770.34,0.05,7770.34,7381.82,0,1667.12,2025,11,November,Wednesday,7770.34,7381.822999999999
2025-11-26,ORD024745,CUST00753,P019,Vacuum Cleaner,Home,Kolkata,Online,Net Banking,1,9211.79,0.0,9211.79,9211.79,0,1158.49,2025,11,November,Wednesday,9211.79,9211.79
2025-11-26,ORD017552,CUST03685,P018,Jacket,Fashion,Surat,Online,Credit Card,2,5486.95,0.25,10973.9,8230.42,0,1775.8,2025,11,November,Wednesday,10973.9,8230.425
2025-11-26,ORD036482,CUST00129,P018,Jacket,Fashion,Kolkata,Store,UPI,5,5044.59,0.05,25222.95,23961.8,0,6495.39,2025,11,November,Wednesday,25222.95,23961.802499999998
2025-11-26,ORD021562,CUST01923,P018,Jacket,Fashion,Bengaluru,Store,UPI,1,5598.56,0.05,5598.56,5318.63,0,1476.53,2025,11,November,Wednesday,5598.56,5318.6320000000005
2025-11-26,ORD011951,CUST01753,P017,Jeans,Fashion,Mumbai,Online,UPI,1,2743.97,0.05,2743.97,2606.77,0,542.2,2025,11,November,Wednesday,2743.97,2606.7715
2025-11-26,ORD017189,CUST02031,P016,Sofa,Furniture,Kolkata,Online,Credit Card,4,34612.26,0.0,138449.04,138449.04,0,31265.73,2025,11,November,Wednesday,138449.04,138449.04
2025-11-26,ORD002874,CUST03254,P019,Vacuum Cleaner,Home,Bengaluru,Online,Debit Card,2,8953.11,0.15,17906.22,15220.29,0,4042.44,2025,11,November,Wednesday,17906.22,15220.287
2025-11-26,ORD036112,CUST02089,P017,Jeans,Fashion,Bengaluru,Store,Debit Card,2,2612.86,0.1,5225.72,4703.15,0,1119.57,2025,11,November,Wednesday,5225.72,4703.148
2025-11-26,ORD004912,CUST02903,P010,Coffee Maker,Home,Ahmedabad,Store,UPI,4,5374.92,0.25,21499.68,16124.76,0,1053.4,2025,11,November,Wednesday,21499.68,16124.76
2025-11-26,ORD024211,CUST04271,P009,T-Shirt,Fashion,Surat,Store,Net Banking,5,1213.52,0.15,6067.6,5157.46,0,725.69,2025,11,November,Wednesday,6067.6,5157.46
2025-11-26,ORD044813,CUST04292,P013,Monitor,Electronics,Chennai,Online,UPI,1,18209.55,0.05,18209.55,17299.07,0,3623.29,2025,11,November,Wednesday,18209.55,17299.0725
2025-11-26,ORD049827,CUST04674,P002,Smartphone,Electronics,Surat,Online,UPI,1,25316.12,0.2,25316.12,20252.9,0,1137.89,2025,11,November,Wednesday,25316.12,20252.896
2025-11-26,ORD030990,CUST04782,P001,Laptop,Electronics,Pune,Online,Debit Card,2,68249.99,0.1,136499.98,122849.98,0,19599.84,2025,11,November,Wednesday,136499.98,122849.98200000002
2025-11-26,ORD017406,CUST03712,P002,Smartphone,Electronics,Mumbai,Online,Debit Card,1,29412.34,0.0,29412.34,29412.34,0,7242.98,2025,11,November,Wednesday,29412.34,29412.34
2025-11-26,ORD036627,CUST02953,P002,Smartphone,Electronics,Ahmedabad,Online,Credit Card,1,29056.01,0.1,29056.01,26150.41,0,5769.79,2025,11,November,Wednesday,29056.01,26150.409
2025-11-26,ORD041682,CUST01430,P020,Microwave,Home,Chennai,Online,Credit Card,1,11032.63,0.2,11032.63,8826.1,0,1894.04,2025,11,November,Wednesday,11032.63,8826.104
2025-11-27,ORD038264,CUST01199,P020,Microwave,Home,Kolkata,Store,Credit Card,1,10972.69,0.25,10972.69,8229.52,0,2019.93,2025,11,November,Thursday,10972.69,8229.5175
2025-11-27,ORD040300,CUST04008,P002,Smartphone,Electronics,Ahmedabad,Online,Net Banking,1,26574.17,0.05,26574.17,25245.46,0,4405.5,2025,11,November,Thursday,26574.17,25245.461499999998
2025-11-27,ORD043427,CUST03151,P014,Keyboard,Electronics,Ahmedabad,Online,Debit Card,3,2283.03,0.1,6849.09,6164.18,0,1162.78,2025,11,November,Thursday,6849.09,6164.1810000000005
2025-11-27,ORD032560,CUST03034,P015,Dining Table,Furniture,Surat,Online,Credit Card,5,23139.86,0.05,115699.3,109914.34,1,-5495.72,2025,11,November,Thursday,115699.3,109914.33499999999
2025-11-27,ORD030679,CUST04541,P007,Backpack,Accessories,Hyderabad,Online,Credit Card,1,2065.01,0.05,2065.01,1961.76,0,390.9,2025,11,November,Thursday,2065.01,1961.7595000000001
2025-11-27,ORD008322,CUST00094,P007,Backpack,Accessories,Ahmedabad,Online,UPI,1,2384.46,0.25,2384.46,1788.34,0,284.9,2025,11,November,Thursday,2384.46,1788.345
2025-11-27,ORD003894,CUST00054,P015,Dining Table,Furniture,Ahmedabad,Online,UPI,1,24081.35,0.0,24081.35,24081.35,0,4032.01,2025,11,November,Thursday,24081.35,24081.35
2025-11-27,ORD008325,CUST04514,P012,Air Fryer,Home,Kolkata,Store,Cash,2,7790.59,0.1,15581.18,14023.06,0,2335.89,2025,11,November,Thursday,15581.18,14023.062
2025-11-27,ORD013079,CUST00864,P015,Dining Table,Furniture,Hyderabad,Online,Credit Card,2,22975.59,0.05,45951.18,43653.62,0,9697.8,2025,11,November,Thursday,45951.18,43653.621
2025-11-27,ORD034237,CUST03816,P016,Sofa,Furniture,Ahmedabad,Online,UPI,1,38340.17,0.2,38340.17,30672.14,0,6415.41,2025,11,November,Thursday,38340.17,30672.136
2025-11-27,ORD018597,CUST01124,P016,Sofa,Furniture,Mumbai,Online,Net Banking,1,32332.4,0.05,32332.4,30715.78,0,4433.28,2025,11,November,Thursday,32332.4,30715.78
2025-11-27,ORD035188,CUST04344,P010,Coffee Maker,Home,Delhi,Store,Net Banking,4,5710.59,0.15,22842.36,19416.01,0,2396.51,2025,11,November,Thursday,22842.36,19416.006
2025-11-27,ORD002920,CUST04956,P011,Mixer Grinder,Home,Mumbai,Online,UPI,2,5039.29,0.1,10078.58,9070.72,0,1562.65,2025,11,November,Thursday,10078.58,9070.722
2025-11-27,ORD015872,CUST04728,P006,Desk,Furniture,Hyderabad,Online,UPI,1,12901.58,0.05,12901.58,12256.5,0,1087.31,2025,11,November,Thursday,12901.58,12256.501
2025-11-27,ORD027957,CUST01987,P015,Dining Table,Furniture,Surat,Online,UPI,2,21213.96,0.0,42427.92,42427.92,1,-2121.4,2025,11,November,Thursday,42427.92,42427.92
2025-11-27,ORD026712,CUST03242,P010,Coffee Maker,Home,Surat,Online,Credit Card,1,5134.56,0.1,5134.56,4621.1,0,1086.6,2025,11,November,Thursday,5134.56,4621.104
2025-11-27,ORD029416,CUST01810,P006,Desk,Furniture,Kolkata,Online,Credit Card,1,10992.6,0.25,10992.6,8244.45,1,-412.22,2025,11,November,Thursday,10992.6,8244.45
2025-11-27,ORD009855,CUST01836,P002,Smartphone,Electronics,Ahmedabad,Online,Debit Card,1,29679.05,0.15,29679.05,25227.19,0,5427.77,2025,11,November,Thursday,29679.05,25227.192499999997
2025-11-27,ORD000927,CUST01238,P003,Headphones,Electronics,Chennai,Online,UPI,2,4113.45,0.05,8226.9,7815.55,0,1784.55,2025,11,November,Thursday,8226.9,7815.554999999999
2025-11-27,ORD017084,CUST04194,P003,Headphones,Electronics,Mumbai,Store,UPI,3,4916.94,0.15,14750.82,12538.2,0,1304.45,2025,11,November,Thursday,14750.82,12538.197
2025-11-27,ORD000523,CUST03646,P017,Jeans,Fashion,Pune,Online,Credit Card,1,2542.04,0.0,2542.04,2542.04,0,636.49,2025,11,November,Thursday,2542.04,2542.04
2025-11-27,ORD033069,CUST01600,P012,Air Fryer,Home,Kolkata,Online,Debit Card,3,7228.3,0.0,21684.9,21684.9,0,5635.93,2025,11,November,Thursday,21684.9,21684.9
2025-11-27,ORD016624,CUST03422,P016,Sofa,Furniture,Delhi,Store,Net Banking,1,33362.22,0.15,33362.22,28357.89,0,6215.8,2025,11,November,Thursday,33362.22,28357.887
2025-11-27,ORD031082,CUST02727,P002,Smartphone,Electronics,Pune,Online,Debit Card,4,28609.75,0.05,114439.0,108717.05,0,16909.61,2025,11,November,Thursday,114439.0,108717.04999999999
2025-11-27,ORD039930,CUST03338,P006,Desk,Furniture,Jaipur,Store,Debit Card,1,11555.08,0.2,11555.08,9244.06,1,-462.2,2025,11,November,Thursday,11555.08,9244.064
2025-11-27,ORD039492,CUST03555,P020,Microwave,Home,Hyderabad,Online,UPI,2,10221.34,0.1,20442.68,18398.41,0,4588.77,2025,11,November,Thursday,20442.68,18398.412
2025-11-27,ORD027067,CUST04500,P011,Mixer Grinder,Home,Kolkata,Online,Credit Card,1,4655.45,0.1,4655.45,4189.9,0,745.54,2025,11,November,Thursday,4655.45,4189.905
2025-11-27,ORD032433,CUST01375,P009,T-Shirt,Fashion,Chennai,Online,Cash,1,1216.35,0.2,1216.35,973.08,0,82.91,2025,11,November,Thursday,1216.35,973.0799999999999
2025-11-27,ORD039504,CUST03120,P004,Smartwatch,Electronics,Surat,Online,UPI,1,7556.41,0.15,7556.41,6422.95,0,590.24,2025,11,November,Thursday,7556.41,6422.9484999999995
2025-11-27,ORD003780,CUST01904,P016,Sofa,Furniture,Jaipur,Online,Cash,1,34256.32,0.1,34256.32,30830.69,0,7479.23,2025,11,November,Thursday,34256.32,30830.688000000002
2025-11-27,ORD015037,CUST04572,P009,T-Shirt,Fashion,Jaipur,Online,Credit Card,3,1315.11,0.15,3945.33,3353.53,0,765.94,2025,11,November,Thursday,3945.33,3353.5305
2025-11-27,ORD036790,CUST01801,P009,T-Shirt,Fashion,Kolkata,Online,Credit Card,1,1303.39,0.15,1303.39,1107.88,0,259.85,2025,11,November,Thursday,1303.39,1107.8815
2025-11-27,ORD027131,CUST04294,P013,Monitor,Electronics,Bengaluru,Online,Net Banking,2,18145.97,0.15,36291.94,30848.15,0,6932.41,2025,11,November,Thursday,36291.94,30848.149
2025-11-27,ORD030907,CUST04979,P018,Jacket,Fashion,Ahmedabad,Online,Net Banking,2,5554.2,0.1,11108.4,9997.56,0,1003.13,2025,11,November,Thursday,11108.4,9997.56
2025-11-27,ORD027871,CUST04713,P015,Dining Table,Furniture,Jaipur,Online,UPI,2,20354.18,0.15,40708.36,34602.11,0,4662.08,2025,11,November,Thursday,40708.36,34602.106
2025-11-27,ORD039591,CUST04724,P006,Desk,Furniture,Surat,Online,Cash,4,11484.34,0.0,45937.36,45937.36,0,9016.23,2025,11,November,Thursday,45937.36,45937.36
2025-11-27,ORD026846,CUST02563,P010,Coffee Maker,Home,Ahmedabad,Online,UPI,2,5485.97,0.2,10971.94,8777.55,0,499.66,2025,11,November,Thursday,10971.94,8777.552000000001
2025-11-27,ORD017459,CUST03664,P018,Jacket,Fashion,Ahmedabad,Store,UPI,1,5679.58,0.1,5679.58,5111.62,0,868.4,2025,11,November,Thursday,5679.58,5111.622
2025-11-27,ORD023227,CUST03201,P019,Vacuum Cleaner,Home,Surat,Online,UPI,1,8851.03,0.05,8851.03,8408.48,1,-420.42,2025,11,November,Thursday,8851.03,8408.478500000001
2025-11-27,ORD031230,CUST02476,P015,Dining Table,Furniture,Ahmedabad,Online,Credit Card,3,22440.58,0.1,67321.74,60589.57,0,12626.13,2025,11,November,Thursday,67321.74,60589.566000000006
2025-11-27,ORD003722,CUST02473,P019,Vacuum Cleaner,Home,Ahmedabad,Online,Net Banking,1,9804.97,0.05,9804.97,9314.72,0,2479.02,2025,11,November,Thursday,9804.97,9314.7215
2025-11-27,ORD047980,CUST01215,P015,Dining Table,Furniture,Surat,Store,Credit Card,1,20782.67,0.1,20782.67,18704.4,0,1473.16,2025,11,November,Thursday,20782.67,18704.403
2025-11-27,ORD027898,CUST03825,P013,Monitor,Electronics,Ahmedabad,Online,UPI,2,17214.71,0.05,34429.42,32707.95,0,9219.46,2025,11,November,Thursday,34429.42,32707.948999999997
2025-11-27,ORD008048,CUST04744,P006,Desk,Furniture,Surat,Online,Debit Card,1,12392.44,0.1,12392.44,11153.2,0,1205.71,2025,11,November,Thursday,12392.44,11153.196
2025-11-27,ORD020632,CUST04617,P007,Backpack,Accessories,Bengaluru,Store,Debit Card,5,2415.19,0.15,12075.95,10264.56,0,2124.01,2025,11,November,Thursday,12075.95,10264.5575
2025-11-27,ORD039193,CUST03409,P007,Backpack,Accessories,Bengaluru,Store,Credit Card,3,2003.67,0.1,6011.01,5409.91,0,1235.22,2025,11,November,Thursday,6011.01,5409.909000000001
2025-11-27,ORD009820,CUST01233,P016,Sofa,Furniture,Mumbai,Online,Debit Card,1,38005.25,0.05,38005.25,36104.99,0,9406.71,2025,11,November,Thursday,38005.25,36104.987499999996
2025-11-27,ORD000574,CUST03870,P010,Coffee Maker,Home,Jaipur,Online,Net Banking,1,5060.17,0.05,5060.17,4807.16,0,1199.44,2025,11,November,Thursday,5060.17,4807.1615
2025-11-27,ORD046744,CUST00954,P001,Laptop,Electronics,Surat,Online,UPI,2,64844.78,0.05,129689.56,123205.08,0,34273.11,2025,11,November,Thursday,129689.56,123205.082
2025-11-27,ORD033706,CUST02189,P011,Mixer Grinder,Home,Delhi,Online,Debit Card,1,4447.69,0.2,4447.69,3558.15,0,301.04,2025,11,November,Thursday,4447.69,3558.152
2025-11-27,ORD016980,CUST03979,P003,Headphones,Electronics,Hyderabad,Online,Credit Card,2,4691.8,0.0,9383.6,9383.6,0,2458.47,2025,11,November,Thursday,9383.6,9383.6
2025-11-27,ORD020599,CUST02949,P017,Jeans,Fashion,Bengaluru,Online,UPI,1,2537.41,0.1,2537.41,2283.67,0,212.74,2025,11,November,Thursday,2537.41,2283.669
2025-11-27,ORD002051,CUST01935,P011,Mixer Grinder,Home,Jaipur,Store,Net Banking,2,5156.44,0.05,10312.88,9797.24,0,2371.74,2025,11,November,Thursday,10312.88,9797.235999999999
2025-11-27,ORD009093,CUST02240,P010,Coffee Maker,Home,Kolkata,Online,UPI,1,5219.15,0.1,5219.15,4697.23,1,-234.86,2025,11,November,Thursday,5219.15,4697.235
2025-11-27,ORD042024,CUST03585,P004,Smartwatch,Electronics,Jaipur,Store,UPI,1,7639.88,0.05,7639.88,7257.89,0,2084.58,2025,11,November,Thursday,7639.88,7257.8859999999995
2025-11-27,ORD049068,CUST02941,P011,Mixer Grinder,Home,Mumbai,Store,UPI,1,4373.87,0.1,4373.87,3936.48,0,391.97,2025,11,November,Thursday,4373.87,3936.483
2025-11-27,ORD009484,CUST01478,P005,Office Chair,Furniture,Mumbai,Online,Credit Card,1,8622.1,0.15,8622.1,7328.78,0,1124.26,2025,11,November,Thursday,8622.1,7328.785
2025-11-27,ORD049056,CUST03403,P012,Air Fryer,Home,Chennai,Online,UPI,1,6481.11,0.05,6481.11,6157.05,0,938.38,2025,11,November,Thursday,6481.11,6157.054499999999
2025-11-27,ORD021045,CUST00414,P014,Keyboard,Electronics,Chennai,Store,UPI,2,2448.83,0.0,4897.66,4897.66,0,1158.91,2025,11,November,Thursday,4897.66,4897.66
2025-11-27,ORD005185,CUST01301,P001,Laptop,Electronics,Chennai,Store,Credit Card,1,61228.07,0.05,61228.07,58166.67,1,-2908.33,2025,11,November,Thursday,61228.07,58166.6665
2025-11-27,ORD016868,CUST04497,P011,Mixer Grinder,Home,Ahmedabad,Store,Net Banking,2,4892.47,0.05,9784.94,9295.69,0,2647.49,2025,11,November,Thursday,9784.94,9295.693
2025-11-27,ORD022047,CUST02623,P010,Coffee Maker,Home,Delhi,Store,Credit Card,1,4987.13,0.1,4987.13,4488.42,0,1059.16,2025,11,November,Thursday,4987.13,4488.417
2025-11-27,ORD032659,CUST01132,P007,Backpack,Accessories,Pune,Online,UPI,1,2359.6,0.1,2359.6,2123.64,0,279.54,2025,11,November,Thursday,2359.6,2123.64
2025-11-27,ORD032289,CUST00358,P001,Laptop,Electronics,Mumbai,Online,UPI,1,71193.16,0.15,71193.16,60514.19,0,9820.32,2025,11,November,Thursday,71193.16,60514.186
2025-11-27,ORD049273,CUST02484,P014,Keyboard,Electronics,Pune,Online,UPI,3,2255.87,0.2,6767.61,5414.09,0,972.86,2025,11,November,Thursday,6767.61,5414.088
2025-11-27,ORD037064,CUST04278,P007,Backpack,Accessories,Surat,Store,UPI,2,2355.0,0.05,4710.0,4474.5,0,448.42,2025,11,November,Thursday,4710.0,4474.5
2025-11-27,ORD025957,CUST04772,P014,Keyboard,Electronics,Mumbai,Online,Cash,3,2494.37,0.1,7483.11,6734.8,0,450.56,2025,11,November,Thursday,7483.11,6734.799
2025-11-27,ORD033615,CUST00472,P012,Air Fryer,Home,Jaipur,Online,UPI,3,7476.2,0.1,22428.6,20185.74,0,2311.12,2025,11,November,Thursday,22428.6,20185.739999999998
2025-11-27,ORD048581,CUST02698,P008,Running Shoes,Fashion,Jaipur,Online,Credit Card,5,4059.46,0.05,20297.3,19282.43,0,2296.49,2025,11,November,Thursday,20297.3,19282.434999999998
2025-11-27,ORD031986,CUST04776,P007,Backpack,Accessories,Ahmedabad,Store,Debit Card,1,2403.16,0.0,2403.16,2403.16,0,534.71,2025,11,November,Thursday,2403.16,2403.16
2025-11-27,ORD026726,CUST02729,P013,Monitor,Electronics,Hyderabad,Online,UPI,3,19486.6,0.15,58459.8,49690.83,0,7260.94,2025,11,November,Thursday,58459.799999999996,49690.83
2025-11-27,ORD037450,CUST04690,P011,Mixer Grinder,Home,Mumbai,Online,UPI,4,5219.24,0.15,20876.96,17745.42,0,3203.32,2025,11,November,Thursday,20876.96,17745.415999999997
2025-11-27,ORD046544,CUST02671,P013,Monitor,Electronics,Jaipur,Store,UPI,1,18803.16,0.05,18803.16,17863.0,0,5113.22,2025,11,November,Thursday,18803.16,17863.002
2025-11-27,ORD002338,CUST04867,P003,Headphones,Electronics,Delhi,Online,UPI,1,4690.45,0.0,4690.45,4690.45,0,1368.82,2025,11,November,Thursday,4690.45,4690.45
2025-11-27,ORD030364,CUST04310,P011,Mixer Grinder,Home,Jaipur,Online,Debit Card,2,5005.38,0.0,10010.76,10010.76,0,2319.09,2025,11,November,Thursday,10010.76,10010.76
2025-11-27,ORD001515,CUST01505,P008,Running Shoes,Fashion,Surat,Online,Net Banking,1,4350.66,0.1,4350.66,3915.59,0,269.84,2025,11,November,Thursday,4350.66,3915.594
2025-11-28,ORD029864,CUST03016,P004,Smartwatch,Electronics,Pune,Store,Debit Card,1,6447.82,0.15,6447.82,5480.65,0,552.61,2025,11,November,Friday,6447.82,5480.647
2025-11-28,ORD029878,CUST03711,P020,Microwave,Home,Surat,Online,UPI,1,10187.11,0.1,10187.11,9168.4,0,1311.54,2025,11,November,Friday,10187.11,9168.399000000001
2025-11-28,ORD043478,CUST02763,P014,Keyboard,Electronics,Ahmedabad,Online,Debit Card,2,2260.39,0.15,4520.78,3842.66,0,475.92,2025,11,November,Friday,4520.78,3842.6629999999996
2025-11-28,ORD011025,CUST02746,P017,Jeans,Fashion,Delhi,Store,Debit Card,4,2726.88,0.05,10907.52,10362.14,0,2007.74,2025,11,November,Friday,10907.52,10362.144
2025-11-28,ORD035738,CUST02377,P001,Laptop,Electronics,Bengaluru,Store,Credit Card,1,60104.16,0.1,60104.16,54093.74,0,7390.36,2025,11,November,Friday,60104.16,54093.744000000006
2025-11-28,ORD024978,CUST00517,P004,Smartwatch,Electronics,Mumbai,Online,Credit Card,2,7679.26,0.1,15358.52,13822.67,0,3362.45,2025,11,November,Friday,15358.52,13822.668000000001
2025-11-28,ORD024496,CUST04830,P004,Smartwatch,Electronics,Pune,Online,Credit Card,2,7088.72,0.15,14177.44,12050.82,0,2205.45,2025,11,November,Friday,14177.44,12050.824
2025-11-28,ORD004039,CUST03244,P007,Backpack,Accessories,Chennai,Online,Debit Card,1,2292.46,0.05,2292.46,2177.84,0,252.2,2025,11,November,Friday,2292.46,2177.837
2025-11-28,ORD041180,CUST03370,P011,Mixer Grinder,Home,Chennai,Store,UPI,2,4491.7,0.0,8983.4,8983.4,1,-449.17,2025,11,November,Friday,8983.4,8983.4
2025-11-28,ORD002348,CUST03689,P017,Jeans,Fashion,Delhi,Online,UPI,3,2758.58,0.0,8275.74,8275.74,0,887.97,2025,11,November,Friday,8275.74,8275.74
2025-11-28,ORD030077,CUST01386,P005,Office Chair,Furniture,Kolkata,Store,Net Banking,1,10216.37,0.0,10216.37,10216.37,0,1454.24,2025,11,November,Friday,10216.37,10216.37
2025-11-28,ORD032504,CUST04083,P007,Backpack,Accessories,Kolkata,Online,UPI,2,2136.71,0.25,4273.42,3205.06,1,-160.25,2025,11,November,Friday,4273.42,3205.065
2025-11-28,ORD013985,CUST02565,P013,Monitor,Electronics,Hyderabad,Online,UPI,1,16340.68,0.0,16340.68,16340.68,0,3896.6,2025,11,November,Friday,16340.68,16340.68
2025-11-28,ORD027786,CUST03995,P008,Running Shoes,Fashion,Jaipur,Online,Debit Card,4,4465.85,0.05,17863.4,16970.23,0,1710.92,2025,11,November,Friday,17863.4,16970.23
2025-11-28,ORD027189,CUST02762,P002,Smartphone,Electronics,Hyderabad,Online,Net Banking,2,27710.46,0.1,55420.92,49878.83,0,11563.12,2025,11,November,Friday,55420.92,49878.828
2025-11-28,ORD027079,CUST02496,P013,Monitor,Electronics,Hyderabad,Online,Debit Card,1,18586.63,0.05,18586.63,17657.3,0,4280.6,2025,11,November,Friday,18586.63,17657.2985
2025-11-28,ORD036985,CUST04652,P010,Coffee Maker,Home,Pune,Online,Net Banking,1,5237.5,0.15,5237.5,4451.88,0,1086.96,2025,11,November,Friday,5237.5,4451.875
2025-11-28,ORD023248,CUST02495,P019,Vacuum Cleaner,Home,Mumbai,Store,UPI,3,9324.19,0.1,27972.57,25175.31,0,2644.17,2025,11,November,Friday,27972.57,25175.313000000002
2025-11-28,ORD039786,CUST02725,P017,Jeans,Fashion,Delhi,Online,Debit Card,1,2871.06,0.05,2871.06,2727.51,1,-136.38,2025,11,November,Friday,2871.06,2727.5069999999996
2025-11-28,ORD011619,CUST02261,P010,Coffee Maker,Home,Delhi,Store,UPI,1,5292.92,0.15,5292.92,4498.98,0,968.12,2025,11,November,Friday,5292.92,4498.982
2025-11-28,ORD002653,CUST04123,P018,Jacket,Fashion,Ahmedabad,Online,Credit Card,2,5302.43,0.0,10604.86,10604.86,0,2590.1,2025,11,November,Friday,10604.86,10604.86
2025-11-28,ORD007996,CUST03887,P008,Running Shoes,Fashion,Mumbai,Store,Debit Card,2,3899.44,0.05,7798.88,7408.94,0,1470.16,2025,11,November,Friday,7798.88,7408.936
2025-11-28,ORD043149,CUST00251,P005,Office Chair,Furniture,Surat,Online,Debit Card,1,8727.63,0.05,8727.63,8291.25,0,1270.44,2025,11,November,Friday,8727.63,8291.2485
2025-11-28,ORD004047,CUST03348,P014,Keyboard,Electronics,Ahmedabad,Online,UPI,1,2474.35,0.0,2474.35,2474.35,0,625.76,2025,11,November,Friday,2474.35,2474.35
2025-11-28,ORD011685,CUST03539,P010,Coffee Maker,Home,Delhi,Online,UPI,1,5432.93,0.1,5432.93,4889.64,0,526.43,2025,11,November,Friday,5432.93,4889.637000000001
2025-11-28,ORD039025,CUST02540,P008,Running Shoes,Fashion,Hyderabad,Online,Credit Card,1,3807.2,0.1,3807.2,3426.48,0,467.11,2025,11,November,Friday,3807.2,3426.48
2025-11-28,ORD047995,CUST02146,P001,Laptop,Electronics,Surat,Online,Credit Card,5,64346.91,0.0,321734.55,321734.55,0,89552.71,2025,11,November,Friday,321734.55000000005,321734.55
2025-11-28,ORD047929,CUST03078,P015,Dining Table,Furniture,Hyderabad,Online,UPI,4,20790.6,0.1,83162.4,74846.16,0,7658.3,2025,11,November,Friday,83162.4,74846.16
2025-11-28,ORD042025,CUST01222,P017,Jeans,Fashion,Mumbai,Online,UPI,1,2647.06,0.0,2647.06,2647.06,0,665.22,2025,11,November,Friday,2647.06,2647.06
2025-11-28,ORD028488,CUST04893,P017,Jeans,Fashion,Jaipur,Store,UPI,1,2558.16,0.0,2558.16,2558.16,0,260.35,2025,11,November,Friday,2558.16,2558.16
2025-11-28,ORD014625,CUST03356,P011,Mixer Grinder,Home,Jaipur,Store,UPI,1,4560.34,0.1,4560.34,4104.31,0,712.21,2025,11,November,Friday,4560.34,4104.3060000000005
2025-11-28,ORD046508,CUST04672,P009,T-Shirt,Fashion,Hyderabad,Store,UPI,2,1217.03,0.1,2434.06,2190.65,0,368.41,2025,11,November,Friday,2434.06,2190.654
2025-11-28,ORD048547,CUST00823,P004,Smartwatch,Electronics,Chennai,Store,UPI,4,7088.71,0.05,28354.84,26937.1,0,7014.27,2025,11,November,Friday,28354.84,26937.097999999998
2025-11-28,ORD003089,CUST02284,P003,Headphones,Electronics,Bengaluru,Store,Debit Card,1,4492.08,0.05,4492.08,4267.48,0,333.56,2025,11,November,Friday,4492.08,4267.476
2025-11-28,ORD033620,CUST04428,P016,Sofa,Furniture,Delhi,Online,UPI,1,33582.81,0.1,33582.81,30224.53,0,7256.54,2025,11,November,Friday,33582.81,30224.529
2025-11-28,ORD035105,CUST04975,P014,Keyboard,Electronics,Chennai,Online,Net Banking,2,2449.76,0.2,4899.52,3919.62,0,274.17,2025,11,November,Friday,4899.52,3919.6160000000004
2025-11-28,ORD022328,CUST00326,P003,Headphones,Electronics,Hyderabad,Online,UPI,1,4331.93,0.05,4331.93,4115.33,0,633.96,2025,11,November,Friday,4331.93,4115.3335
2025-11-28,ORD000554,CUST03902,P013,Monitor,Electronics,Hyderabad,Store,Cash,1,16477.09,0.1,16477.09,14829.38,0,3569.09,2025,11,November,Friday,16477.09,14829.381000000001
2025-11-28,ORD049957,CUST00682,P017,Jeans,Fashion,Surat,Store,Cash,1,2923.06,0.2,2923.06,2338.45,0,607.2,2025,11,November,Friday,2923.06,2338.448
2025-11-28,ORD019837,CUST01780,P003,Headphones,Electronics,Pune,Online,Debit Card,1,4746.59,0.1,4746.59,4271.93,0,1017.44,2025,11,November,Friday,4746.59,4271.9310000000005
2025-11-28,ORD000661,CUST01948,P006,Desk,Furniture,Mumbai,Online,Debit Card,2,12874.57,0.05,25749.14,24461.68,0,5447.84,2025,11,November,Friday,25749.14,24461.682999999997
2025-11-28,ORD005489,CUST04002,P008,Running Shoes,Fashion,Chennai,Online,UPI,3,4271.57,0.2,12814.71,10251.77,0,2508.76,2025,11,November,Friday,12814.71,10251.768
2025-11-28,ORD002273,CUST02703,P019,Vacuum Cleaner,Home,Mumbai,Online,Cash,3,8186.89,0.2,24560.67,19648.54,0,2066.07,2025,11,November,Friday,24560.670000000002,19648.536
2025-11-28,ORD044956,CUST01835,P010,Coffee Maker,Home,Delhi,Online,UPI,1,5341.14,0.1,5341.14,4807.03,0,1178.09,2025,11,November,Friday,5341.14,4807.026000000001
2025-11-28,ORD020313,CUST02258,P014,Keyboard,Electronics,Ahmedabad,Online,Credit Card,1,2566.73,0.1,2566.73,2310.06,0,521.54,2025,11,November,Friday,2566.73,2310.0570000000002
2025-11-28,ORD014987,CUST01284,P008,Running Shoes,Fashion,Surat,Online,UPI,4,3940.29,0.1,15761.16,14185.04,0,3969.83,2025,11,November,Friday,15761.16,14185.044
2025-11-28,ORD005936,CUST04093,P018,Jacket,Fashion,Surat,Online,UPI,1,5148.73,0.05,5148.73,4891.29,0,536.91,2025,11,November,Friday,5148.73,4891.2935
2025-11-28,ORD007138,CUST03405,P020,Microwave,Home,Mumbai,Online,Credit Card,1,11599.64,0.25,11599.64,8699.73,0,798.76,2025,11,November,Friday,11599.64,8699.73
2025-11-28,ORD022649,CUST01703,P008,Running Shoes,Fashion,Delhi,Online,Credit Card,1,4095.61,0.25,4095.61,3071.71,0,227.54,2025,11,November,Friday,4095.61,3071.7075
2025-11-28,ORD036356,CUST00117,P006,Desk,Furniture,Delhi,Online,UPI,1,12962.05,0.0,12962.05,12962.05,0,1650.37,2025,11,November,Friday,12962.05,12962.05
2025-11-28,ORD009084,CUST02343,P008,Running Shoes,Fashion,Kolkata,Online,Debit Card,1,3960.43,0.05,3960.43,3762.41,0,673.31,2025,11,November,Friday,3960.43,3762.4084999999995
2025-11-28,ORD018464,CUST01117,P016,Sofa,Furniture,Mumbai,Online,Net Banking,1,36160.9,0.15,36160.9,30736.76,0,3610.61,2025,11,November,Friday,36160.9,30736.765
2025-11-28,ORD049910,CUST00809,P001,Laptop,Electronics,Jaipur,Online,UPI,2,69469.29,0.1,138938.58,125044.72,0,14802.87,2025,11,November,Friday,138938.58,125044.722
2025-11-28,ORD047668,CUST03284,P014,Keyboard,Electronics,Bengaluru,Online,Credit Card,2,2295.14,0.05,4590.28,4360.77,1,-218.04,2025,11,November,Friday,4590.28,4360.766
2025-11-28,ORD007402,CUST02149,P007,Backpack,Accessories,Surat,Online,UPI,4,2314.02,0.1,9256.08,8330.47,0,2217.14,2025,11,November,Friday,9256.08,8330.472
2025-11-28,ORD033290,CUST00586,P020,Microwave,Home,Bengaluru,Store,Debit Card,1,11021.36,0.15,11021.36,9368.16,0,1904.89,2025,11,November,Friday,11021.36,9368.156
2025-11-28,ORD029219,CUST03327,P007,Backpack,Accessories,Jaipur,Online,UPI,1,2396.97,0.1,2396.97,2157.27,0,332.46,2025,11,November,Friday,2396.97,2157.2729999999997
2025-11-28,ORD048624,CUST04814,P006,Desk,Furniture,Delhi,Store,Credit Card,1,11957.65,0.1,11957.65,10761.88,0,1582.01,2025,11,November,Friday,11957.65,10761.885
2025-11-28,ORD027749,CUST00155,P001,Laptop,Electronics,Kolkata,Online,Credit Card,2,59366.78,0.05,118733.56,112796.88,0,19654.02,2025,11,November,Friday,118733.56,112796.882
2025-11-28,ORD014847,CUST03664,P006,Desk,Furniture,Delhi,Store,Credit Card,3,12177.14,0.15,36531.42,31051.71,0,7769.86,2025,11,November,Friday,36531.42,31051.707
2025-11-28,ORD041202,CUST00575,P017,Jeans,Fashion,Hyderabad,Online,Debit Card,4,2662.6,0.2,10650.4,8520.32,0,1804.05,2025,11,November,Friday,10650.4,8520.32
2025-11-28,ORD010819,CUST03729,P015,Dining Table,Furniture,Jaipur,Online,Credit Card,1,22242.81,0.1,22242.81,20018.53,0,3552.29,2025,11,November,Friday,22242.81,20018.529000000002
2025-11-28,ORD006228,CUST00735,P006,Desk,Furniture,Hyderabad,Online,UPI,3,11745.29,0.15,35235.87,29950.49,0,6219.54,2025,11,November,Friday,35235.87,29950.4895
2025-11-28,ORD043358,CUST04031,P020,Microwave,Home,Pune,Store,Credit Card,4,11535.05,0.0,46140.2,46140.2,0,12688.42,2025,11,November,Friday,46140.2,46140.2
2025-11-28,ORD037732,CUST01598,P019,Vacuum Cleaner,Home,Pune,Store,Debit Card,2,9224.76,0.0,18449.52,18449.52,0,5012.63,2025,11,November,Friday,18449.52,18449.52
2025-11-28,ORD004420,CUST01775,P005,Office Chair,Furniture,Chennai,Online,UPI,1,8966.41,0.05,8966.41,8518.09,0,1570.9,2025,11,November,Friday,8966.41,8518.0895
2025-11-28,ORD034085,CUST02210,P007,Backpack,Accessories,Pune,Store,UPI,1,2072.09,0.0,2072.09,2072.09,0,537.11,2025,11,November,Friday,2072.09,2072.09
2025-11-28,ORD004945,CUST01062,P007,Backpack,Accessories,Kolkata,Store,Credit Card,1,2369.28,0.0,2369.28,2369.28,0,234.2,2025,11,November,Friday,2369.28,2369.28
2025-11-28,ORD018976,CUST00737,P018,Jacket,Fashion,Ahmedabad,Online,UPI,1,5164.5,0.1,5164.5,4648.05,1,-232.4,2025,11,November,Friday,5164.5,4648.05
2025-11-28,ORD005238,CUST00493,P015,Dining Table,Furniture,Jaipur,Online,Credit Card,3,21720.4,0.1,65161.2,58645.08,0,4179.13,2025,11,November,Friday,65161.200000000004,58645.08
2025-11-28,ORD008451,CUST00224,P020,Microwave,Home,Mumbai,Online,UPI,4,10109.89,0.0,40439.56,40439.56,0,5445.28,2025,11,November,Friday,40439.56,40439.56
2025-11-28,ORD023714,CUST03181,P008,Running Shoes,Fashion,Pune,Online,Credit Card,1,4354.57,0.1,4354.57,3919.11,1,-195.96,2025,11,November,Friday,4354.57,3919.113
2025-11-28,ORD037835,CUST03362,P001,Laptop,Electronics,Hyderabad,Online,Net Banking,1,67956.99,0.0,67956.99,67956.99,0,6639.53,2025,11,November,Friday,67956.99,67956.99
2025-11-28,ORD023074,CUST03431,P006,Desk,Furniture,Jaipur,Online,UPI,1,11019.0,0.1,11019.0,9917.1,0,1679.08,2025,11,November,Friday,11019.0,9917.1
2025-11-28,ORD036867,CUST00129,P008,Running Shoes,Fashion,Delhi,Store,Cash,1,4248.06,0.25,4248.06,3186.04,0,733.94,2025,11,November,Friday,4248.06,3186.045
2025-11-28,ORD046088,CUST03620,P013,Monitor,Electronics,Hyderabad,Online,UPI,1,18625.46,0.1,18625.46,16762.91,0,2836.73,2025,11,November,Friday,18625.46,16762.914
2025-11-28,ORD016660,CUST03681,P003,Headphones,Electronics,Chennai,Online,Credit Card,3,4272.82,0.25,12818.46,9613.84,0,2292.79,2025,11,November,Friday,12818.46,9613.845
2025-11-28,ORD041808,CUST04287,P006,Desk,Furniture,Kolkata,Online,Credit Card,1,10816.96,0.0,10816.96,10816.96,0,2181.39,2025,11,November,Friday,10816.96,10816.96
2025-11-29,ORD007252,CUST04636,P020,Microwave,Home,Delhi,Online,Credit Card,1,11905.66,0.15,11905.66,10119.81,0,1237.5,2025,11,November,Saturday,11905.66,10119.811
2025-11-29,ORD028373,CUST04050,P019,Vacuum Cleaner,Home,Ahmedabad,Online,UPI,1,8928.78,0.05,8928.78,8482.34,0,1739.49,2025,11,November,Saturday,8928.78,8482.341
2025-11-29,ORD022928,CUST01370,P013,Monitor,Electronics,Bengaluru,Store,UPI,1,18695.98,0.0,18695.98,18695.98,1,-934.8,2025,11,November,Saturday,18695.98,18695.98
2025-11-29,ORD044309,CUST04135,P010,Coffee Maker,Home,Kolkata,Online,Net Banking,4,5084.94,0.15,20339.76,17288.8,0,4380.03,2025,11,November,Saturday,20339.76,17288.796
2025-11-29,ORD020508,CUST03081,P005,Office Chair,Furniture,Pune,Online,Net Banking,2,8728.18,0.05,17456.36,16583.54,0,3075.84,2025,11,November,Saturday,17456.36,16583.542
2025-11-29,ORD045307,CUST04050,P006,Desk,Furniture,Hyderabad,Online,Debit Card,2,13094.11,0.05,26188.22,24878.81,0,4778.54,2025,11,November,Saturday,26188.22,24878.809
2025-11-29,ORD039879,CUST01970,P010,Coffee Maker,Home,Bengaluru,Online,UPI,5,5925.89,0.05,29629.45,28147.98,0,2450.02,2025,11,November,Saturday,29629.45,28147.9775
2025-11-29,ORD012838,CUST01896,P015,Dining Table,Furniture,Mumbai,Online,UPI,1,21188.39,0.0,21188.39,21188.39,0,5899.17,2025,11,November,Saturday,21188.39,21188.39
2025-11-29,ORD046361,CUST04541,P003,Headphones,Electronics,Ahmedabad,Online,Credit Card,5,4578.6,0.2,22893.0,18314.4,0,3977.63,2025,11,November,Saturday,22893.0,18314.4
2025-11-29,ORD029011,CUST00847,P017,Jeans,Fashion,Pune,Online,UPI,1,2855.88,0.1,2855.88,2570.29,0,505.85,2025,11,November,Saturday,2855.88,2570.2920000000004
2025-11-29,ORD028760,CUST04173,P004,Smartwatch,Electronics,Mumbai,Online,Credit Card,3,7004.47,0.2,21013.41,16810.73,0,3060.92,2025,11,November,Saturday,21013.41,16810.728
2025-11-29,ORD022566,CUST04964,P010,Coffee Maker,Home,Surat,Store,UPI,1,5172.82,0.1,5172.82,4655.54,0,935.81,2025,11,November,Saturday,5172.82,4655.538
2025-11-29,ORD020727,CUST02074,P014,Keyboard,Electronics,Mumbai,Store,UPI,1,2532.92,0.1,2532.92,2279.63,0,487.09,2025,11,November,Saturday,2532.92,2279.628
2025-11-29,ORD048240,CUST04800,P013,Monitor,Electronics,Surat,Store,Credit Card,3,19594.33,0.15,58782.99,49965.54,0,13112.28,2025,11,November,Saturday,58782.990000000005,49965.5415
2025-11-29,ORD043114,CUST03983,P004,Smartwatch,Electronics,Surat,Online,UPI,1,7672.16,0.0,7672.16,7672.16,0,2181.77,2025,11,November,Saturday,7672.16,7672.16
2025-11-29,ORD039689,CUST02691,P016,Sofa,Furniture,Jaipur,Online,UPI,3,35755.1,0.05,107265.3,101902.03,0,25383.17,2025,11,November,Saturday,107265.29999999999,101902.035
2025-11-29,ORD004989,CUST02253,P004,Smartwatch,Electronics,Ahmedabad,Online,UPI,4,6955.09,0.1,27820.36,25038.32,0,2859.12,2025,11,November,Saturday,27820.36,25038.324
2025-11-29,ORD009401,CUST00615,P005,Office Chair,Furniture,Kolkata,Online,Debit Card,1,9815.87,0.1,9815.87,8834.28,0,655.59,2025,11,November,Saturday,9815.87,8834.283000000001
2025-11-29,ORD018982,CUST04825,P009,T-Shirt,Fashion,Kolkata,Online,Cash,1,1288.87,0.25,1288.87,966.65,0,165.53,2025,11,November,Saturday,1288.87,966.6524999999999
2025-11-29,ORD048410,CUST03989,P007,Backpack,Accessories,Jaipur,Store,UPI,4,2396.79,0.05,9587.16,9107.8,0,1319.3,2025,11,November,Saturday,9587.16,9107.802
2025-11-29,ORD043654,CUST04244,P020,Microwave,Home,Bengaluru,Online,UPI,2,11233.87,0.15,22467.74,19097.58,0,3670.75,2025,11,November,Saturday,22467.74,19097.579
2025-11-29,ORD012504,CUST04623,P011,Mixer Grinder,Home,Mumbai,Store,Credit Card,1,4744.03,0.2,4744.03,3795.22,1,-189.76,2025,11,November,Saturday,4744.03,3795.224
2025-11-29,ORD023371,CUST01426,P020,Microwave,Home,Mumbai,Online,UPI,1,12012.21,0.1,12012.21,10810.99,0,2254.26,2025,11,November,Saturday,12012.21,10810.989
2025-11-29,ORD030718,CUST01031,P002,Smartphone,Electronics,Pune,Online,Credit Card,2,29607.2,0.25,59214.4,44410.8,0,3795.7,2025,11,November,Saturday,59214.4,44410.8
2025-11-29,ORD018078,CUST01915,P020,Microwave,Home,Hyderabad,Store,Credit Card,1,10657.89,0.15,10657.89,9059.21,0,1288.44,2025,11,November,Saturday,10657.89,9059.206499999998
2025-11-29,ORD006916,CUST04669,P001,Laptop,Electronics,Pune,Online,UPI,1,60976.06,0.15,60976.06,51829.65,1,-2591.48,2025,11,November,Saturday,60976.06,51829.651
2025-11-29,ORD009235,CUST03489,P004,Smartwatch,Electronics,Surat,Store,UPI,1,6457.74,0.0,6457.74,6457.74,0,1378.31,2025,11,November,Saturday,6457.74,6457.74
2025-11-29,ORD005925,CUST01621,P012,Air Fryer,Home,Pune,Online,Credit Card,2,7009.04,0.0,14018.08,14018.08,0,2522.62,2025,11,November,Saturday,14018.08,14018.08
2025-11-29,ORD008368,CUST04854,P017,Jeans,Fashion,Ahmedabad,Store,UPI,2,2646.61,0.0,5293.22,5293.22,0,1276.2,2025,11,November,Saturday,5293.22,5293.22
2025-11-29,ORD035645,CUST00168,P005,Office Chair,Furniture,Delhi,Online,UPI,2,10079.66,0.05,20159.32,19151.35,0,1344.64,2025,11,November,Saturday,20159.32,19151.354
2025-11-29,ORD025431,CUST04748,P007,Backpack,Accessories,Bengaluru,Online,Credit Card,1,2190.38,0.05,2190.38,2080.86,0,154.25,2025,11,November,Saturday,2190.38,2080.861
2025-11-29,ORD041973,CUST04541,P007,Backpack,Accessories,Ahmedabad,Online,Debit Card,1,2082.28,0.2,2082.28,1665.82,0,131.99,2025,11,November,Saturday,2082.28,1665.8240000000003
2025-11-29,ORD012739,CUST01692,P006,Desk,Furniture,Pune,Online,Credit Card,1,12006.62,0.1,12006.62,10805.96,0,776.43,2025,11,November,Saturday,12006.62,10805.958
2025-11-29,ORD002630,CUST01821,P006,Desk,Furniture,Ahmedabad,Online,Debit Card,1,13095.42,0.1,13095.42,11785.88,0,2847.25,2025,11,November,Saturday,13095.42,11785.878
2025-11-29,ORD027531,CUST00133,P005,Office Chair,Furniture,Kolkata,Online,Debit Card,1,8756.7,0.15,8756.7,7443.2,0,523.65,2025,11,November,Saturday,8756.7,7443.195000000001
2025-11-29,ORD028215,CUST04432,P004,Smartwatch,Electronics,Pune,Online,Credit Card,1,6467.97,0.15,6467.97,5497.77,0,1459.16,2025,11,November,Saturday,6467.97,5497.7745
2025-11-29,ORD025790,CUST01260,P013,Monitor,Electronics,Surat,Store,UPI,1,17231.95,0.15,17231.95,14647.16,0,2826.92,2025,11,November,Saturday,17231.95,14647.1575
2025-11-29,ORD021552,CUST01636,P007,Backpack,Accessories,Kolkata,Store,UPI,1,2376.89,0.1,2376.89,2139.2,0,255.99,2025,11,November,Saturday,2376.89,2139.201
2025-11-29,ORD040778,CUST04082,P014,Keyboard,Electronics,Chennai,Online,Net Banking,1,2606.41,0.1,2606.41,2345.77,0,460.63,2025,11,November,Saturday,2606.41,2345.769
2025-11-29,ORD048977,CUST01529,P020,Microwave,Home,Mumbai,Store,UPI,2,11445.06,0.2,22890.12,18312.1,0,4292.68,2025,11,November,Saturday,22890.12,18312.096
2025-11-29,ORD030589,CUST04884,P002,Smartphone,Electronics,Kolkata,Store,Net Banking,1,28221.27,0.05,28221.27,26810.21,0,2511.81,2025,11,November,Saturday,28221.27,26810.2065
2025-11-29,ORD011064,CUST04887,P012,Air Fryer,Home,Delhi,Store,UPI,1,6798.07,0.05,6798.07,6458.17,0,1670.19,2025,11,November,Saturday,6798.07,6458.166499999999
2025-11-29,ORD029047,CUST04017,P009,T-Shirt,Fashion,Pune,Store,Credit Card,1,1183.73,0.15,1183.73,1006.17,0,189.18,2025,11,November,Saturday,1183.73,1006.1705
2025-11-29,ORD016091,CUST01802,P020,Microwave,Home,Delhi,Online,UPI,3,11670.2,0.05,35010.6,33260.07,0,7236.09,2025,11,November,Saturday,35010.600000000006,33260.07
2025-11-29,ORD005283,CUST03286,P015,Dining Table,Furniture,Mumbai,Online,UPI,1,23865.71,0.05,23865.71,22672.42,0,4820.04,2025,11,November,Saturday,23865.71,22672.424499999997
2025-11-29,ORD018076,CUST04906,P005,Office Chair,Furniture,Ahmedabad,Online,UPI,1,10427.73,0.15,10427.73,8863.57,0,832.03,2025,11,November,Saturday,10427.73,8863.5705
2025-11-29,ORD014186,CUST04621,P020,Microwave,Home,Hyderabad,Online,UPI,2,11366.28,0.1,22732.56,20459.3,1,-1022.96,2025,11,November,Saturday,22732.56,20459.304
2025-11-29,ORD022660,CUST00633,P019,Vacuum Cleaner,Home,Bengaluru,Online,Debit Card,1,8246.75,0.1,8246.75,7422.08,0,712.89,2025,11,November,Saturday,8246.75,7422.075
2025-11-29,ORD009462,CUST03039,P009,T-Shirt,Fashion,Ahmedabad,Online,Credit Card,2,1217.39,0.1,2434.78,2191.3,0,465.68,2025,11,November,Saturday,2434.78,2191.302
2025-11-29,ORD048435,CUST01720,P016,Sofa,Furniture,Jaipur,Store,Debit Card,1,36008.17,0.0,36008.17,36008.17,0,6943.38,2025,11,November,Saturday,36008.17,36008.17
2025-11-29,ORD035607,CUST03696,P013,Monitor,Electronics,Pune,Store,UPI,2,16347.95,0.0,32695.9,32695.9,0,3122.09,2025,11,November,Saturday,32695.9,32695.9
2025-11-29,ORD035190,CUST04228,P013,Monitor,Electronics,Pune,Online,Credit Card,1,18701.93,0.05,18701.93,17766.83,0,2616.96,2025,11,November,Saturday,18701.93,17766.8335
2025-11-29,ORD040962,CUST00097,P015,Dining Table,Furniture,Bengaluru,Online,Debit Card,2,21282.02,0.1,42564.04,38307.64,1,-1915.38,2025,11,November,Saturday,42564.04,38307.636
2025-11-29,ORD039310,CUST02177,P010,Coffee Maker,Home,Mumbai,Store,Credit Card,2,5369.25,0.1,10738.5,9664.65,0,1248.42,2025,11,November,Saturday,10738.5,9664.65
2025-11-29,ORD012895,CUST02091,P011,Mixer Grinder,Home,Bengaluru,Store,Debit Card,1,4484.7,0.0,4484.7,4484.7,0,613.32,2025,11,November,Saturday,4484.7,4484.7
2025-11-29,ORD004586,CUST04677,P006,Desk,Furniture,Surat,Online,Net Banking,1,12716.83,0.05,12716.83,12080.99,0,1292.58,2025,11,November,Saturday,12716.83,12080.9885
2025-11-29,ORD000836,CUST02293,P016,Sofa,Furniture,Delhi,Online,Credit Card,1,37810.4,0.25,37810.4,28357.8,0,5863.8,2025,11,November,Saturday,37810.4,28357.800000000003
2025-11-29,ORD018365,CUST00068,P012,Air Fryer,Home,Kolkata,Store,Debit Card,3,7805.58,0.25,23416.74,17562.56,1,-878.13,2025,11,November,Saturday,23416.739999999998,17562.555
2025-11-29,ORD014276,CUST03817,P008,Running Shoes,Fashion,Surat,Store,Credit Card,4,4189.24,0.2,16756.96,13405.57,0,972.56,2025,11,November,Saturday,16756.96,13405.568
2025-11-29,ORD021901,CUST03966,P017,Jeans,Fashion,Mumbai,Online,UPI,1,3077.98,0.15,3077.98,2616.28,0,635.49,2025,11,November,Saturday,3077.98,2616.283
2025-11-29,ORD014957,CUST04526,P012,Air Fryer,Home,Surat,Store,Cash,4,7127.16,0.05,28508.64,27083.21,0,6182.73,2025,11,November,Saturday,28508.64,27083.208
2025-11-29,ORD030103,CUST00643,P016,Sofa,Furniture,Kolkata,Online,UPI,4,36472.79,0.1,145891.16,131302.04,0,13721.3,2025,11,November,Saturday,145891.16,131302.044
2025-11-29,ORD006139,CUST03361,P004,Smartwatch,Electronics,Jaipur,Online,Debit Card,1,6621.66,0.15,6621.66,5628.41,0,1133.14,2025,11,November,Saturday,6621.66,5628.411
2025-11-29,ORD011538,CUST02263,P017,Jeans,Fashion,Bengaluru,Online,UPI,1,2793.17,0.05,2793.17,2653.51,0,418.49,2025,11,November,Saturday,2793.17,2653.5115
2025-11-29,ORD039039,CUST04621,P002,Smartphone,Electronics,Pune,Online,Cash,1,28287.88,0.25,28287.88,21215.91,0,1148.23,2025,11,November,Saturday,28287.88,21215.91
2025-11-30,ORD022363,CUST04551,P002,Smartphone,Electronics,Ahmedabad,Online,Credit Card,2,27542.67,0.1,55085.34,49576.81,0,3982.32,2025,11,November,Sunday,55085.34,49576.806
2025-11-30,ORD012964,CUST00689,P016,Sofa,Furniture,Kolkata,Online,UPI,1,34815.62,0.0,34815.62,34815.62,0,4925.53,2025,11,November,Sunday,34815.62,34815.62
2025-11-30,ORD049263,CUST01626,P020,Microwave,Home,Mumbai,Store,UPI,1,11429.39,0.05,11429.39,10857.92,0,1317.69,2025,11,November,Sunday,11429.39,10857.920499999998
2025-11-30,ORD013641,CUST01375,P013,Monitor,Electronics,Ahmedabad,Online,UPI,1,16824.39,0.2,16824.39,13459.51,0,2027.57,2025,11,November,Sunday,16824.39,13459.512
2025-11-30,ORD039210,CUST01042,P012,Air Fryer,Home,Chennai,Online,Cash,1,6727.06,0.15,6727.06,5718.0,0,449.58,2025,11,November,Sunday,6727.06,5718.001
2025-11-30,ORD010335,CUST03253,P015,Dining Table,Furniture,Mumbai,Store,Cash,1,22586.91,0.05,22586.91,21457.56,0,3088.18,2025,11,November,Sunday,22586.91,21457.5645
2025-11-30,ORD009103,CUST02353,P011,Mixer Grinder,Home,Surat,Store,Debit Card,1,4569.32,0.1,4569.32,4112.39,0,535.09,2025,11,November,Sunday,4569.32,4112.388
2025-11-30,ORD029963,CUST01040,P018,Jacket,Fashion,Kolkata,Online,Debit Card,3,4728.69,0.1,14186.07,12767.46,0,3310.52,2025,11,November,Sunday,14186.07,12767.463
2025-11-30,ORD000609,CUST00372,P011,Mixer Grinder,Home,Bengaluru,Store,Cash,1,5014.4,0.15,5014.4,4262.24,0,997.1,2025,11,November,Sunday,5014.4,4262.24
2025-11-30,ORD023323,CUST03278,P003,Headphones,Electronics,Delhi,Store,Net Banking,3,4411.56,0.1,13234.68,11911.21,1,-595.56,2025,11,November,Sunday,13234.68,11911.212000000001
2025-11-30,ORD013638,CUST01844,P008,Running Shoes,Fashion,Jaipur,Store,UPI,1,4083.99,0.0,4083.99,4083.99,1,-204.2,2025,11,November,Sunday,4083.99,4083.99
2025-11-30,ORD025775,CUST04291,P006,Desk,Furniture,Mumbai,Online,Debit Card,1,12993.01,0.1,12993.01,11693.71,1,-584.69,2025,11,November,Sunday,12993.01,11693.709
2025-11-30,ORD010255,CUST04663,P002,Smartphone,Electronics,Ahmedabad,Online,UPI,2,29497.72,0.05,58995.44,56045.67,0,8934.55,2025,11,November,Sunday,58995.44,56045.668
2025-11-30,ORD017202,CUST02364,P018,Jacket,Fashion,Surat,Store,UPI,2,4769.77,0.05,9539.54,9062.56,0,770.03,2025,11,November,Sunday,9539.54,9062.563
2025-11-30,ORD049329,CUST00921,P003,Headphones,Electronics,Hyderabad,Store,Credit Card,1,4065.24,0.25,4065.24,3048.93,0,754.94,2025,11,November,Sunday,4065.24,3048.93
2025-11-30,ORD046333,CUST00351,P002,Smartphone,Electronics,Delhi,Store,Debit Card,5,26867.69,0.2,134338.45,107470.76,0,27388.2,2025,11,November,Sunday,134338.44999999998,107470.76000000001
2025-11-30,ORD012998,CUST01139,P011,Mixer Grinder,Home,Kolkata,Online,Debit Card,1,4848.58,0.2,4848.58,3878.86,1,-193.94,2025,11,November,Sunday,4848.58,3878.864
2025-11-30,ORD034847,CUST01333,P008,Running Shoes,Fashion,Pune,Online,UPI,1,4344.16,0.1,4344.16,3909.74,0,815.74,2025,11,November,Sunday,4344.16,3909.744
2025-11-30,ORD008431,CUST04182,P019,Vacuum Cleaner,Home,Mumbai,Online,UPI,1,8558.88,0.25,8558.88,6419.16,0,557.52,2025,11,November,Sunday,8558.88,6419.16
2025-11-30,ORD044487,CUST04488,P001,Laptop,Electronics,Pune,Store,Cash,4,66708.47,0.1,266833.88,240150.49,0,14513.76,2025,11,November,Sunday,266833.88,240150.492
2025-11-30,ORD036484,CUST03818,P003,Headphones,Electronics,Chennai,Online,Credit Card,4,4061.67,0.1,16246.68,14622.01,0,2449.81,2025,11,November,Sunday,16246.68,14622.012
2025-11-30,ORD003470,CUST04823,P009,T-Shirt,Fashion,Jaipur,Online,UPI,2,1110.12,0.2,2220.24,1776.19,0,236.42,2025,11,November,Sunday,2220.24,1776.192
2025-11-30,ORD026658,CUST04619,P020,Microwave,Home,Ahmedabad,Store,UPI,1,11253.59,0.15,11253.59,9565.55,0,1713.09,2025,11,November,Sunday,11253.59,9565.5515
2025-11-30,ORD013790,CUST01737,P002,Smartphone,Electronics,Mumbai,Online,Net Banking,2,26272.9,0.05,52545.8,49918.51,0,7901.3,2025,11,November,Sunday,52545.8,49918.51
2025-11-30,ORD038059,CUST03414,P002,Smartphone,Electronics,Jaipur,Store,Debit Card,1,27288.02,0.15,27288.02,23194.82,0,5558.01,2025,11,November,Sunday,27288.02,23194.817
2025-11-30,ORD037017,CUST04647,P009,T-Shirt,Fashion,Mumbai,Online,Credit Card,3,1253.39,0.0,3760.17,3760.17,0,731.68,2025,11,November,Sunday,3760.17,3760.17
2025-11-30,ORD014902,CUST01544,P001,Laptop,Electronics,Pune,Online,Credit Card,4,62878.41,0.0,251513.64,251513.64,0,47838.68,2025,11,November,Sunday,251513.64,251513.64
2025-11-30,ORD019457,CUST04131,P003,Headphones,Electronics,Bengaluru,Online,UPI,3,4549.24,0.0,13647.72,13647.72,0,3828.78,2025,11,November,Sunday,13647.72,13647.72
2025-11-30,ORD049051,CUST02411,P013,Monitor,Electronics,Mumbai,Store,Debit Card,1,17651.64,0.05,17651.64,16769.06,0,3888.32,2025,11,November,Sunday,17651.64,16769.057999999997
2025-11-30,ORD027161,CUST01349,P019,Vacuum Cleaner,Home,Bengaluru,Online,Credit Card,3,8632.07,0.05,25896.21,24601.4,0,5957.16,2025,11,November,Sunday,25896.21,24601.3995
2025-11-30,ORD044202,CUST02873,P011,Mixer Grinder,Home,Bengaluru,Online,Debit Card,1,4434.41,0.0,4434.41,4434.41,0,1105.11,2025,11,November,Sunday,4434.41,4434.41
2025-11-30,ORD017532,CUST02681,P019,Vacuum Cleaner,Home,Surat,Online,Credit Card,1,9371.48,0.05,9371.48,8902.91,0,1802.22,2025,11,November,Sunday,9371.48,8902.905999999999
2025-11-30,ORD041956,CUST03839,P009,T-Shirt,Fashion,Mumbai,Store,Credit Card,1,1239.35,0.15,1239.35,1053.45,0,269.45,2025,11,November,Sunday,1239.35,1053.4475
2025-11-30,ORD044302,CUST01995,P007,Backpack,Accessories,Pune,Store,UPI,1,2353.64,0.1,2353.64,2118.28,0,344.22,2025,11,November,Sunday,2353.64,2118.276
2025-11-30,ORD047320,CUST00477,P005,Office Chair,Furniture,Ahmedabad,Store,UPI,2,9235.19,0.1,18470.38,16623.34,0,4637.13,2025,11,November,Sunday,18470.38,16623.342
2025-11-30,ORD030315,CUST01029,P017,Jeans,Fashion,Mumbai,Store,UPI,2,2782.53,0.0,5565.06,5565.06,0,582.08,2025,11,November,Sunday,5565.06,5565.06
2025-11-30,ORD005509,CUST00215,P007,Backpack,Accessories,Surat,Store,UPI,1,2344.3,0.05,2344.3,2227.08,0,476.73,2025,11,November,Sunday,2344.3,2227.085
2025-11-30,ORD020590,CUST01048,P020,Microwave,Home,Jaipur,Online,Credit Card,1,10198.05,0.1,10198.05,9178.24,0,2059.08,2025,11,November,Sunday,10198.05,9178.244999999999
2025-11-30,ORD035237,CUST00291,P018,Jacket,Fashion,Ahmedabad,Online,Credit Card,3,5471.69,0.15,16415.07,13952.81,0,3531.44,2025,11,November,Sunday,16415.07,13952.8095
2025-11-30,ORD020968,CUST04613,P007,Backpack,Accessories,Delhi,Store,UPI,1,2358.18,0.0,2358.18,2358.18,0,413.84,2025,11,November,Sunday,2358.18,2358.18
2025-11-30,ORD009067,CUST04209,P001,Laptop,Electronics,Mumbai,Online,UPI,5,59368.42,0.15,296842.1,252315.78,0,14498.06,2025,11,November,Sunday,296842.1,252315.78499999997
2025-11-30,ORD024940,CUST03723,P005,Office Chair,Furniture,Chennai,Online,UPI,1,9847.86,0.05,9847.86,9355.47,0,1820.2,2025,11,November,Sunday,9847.86,9355.467
2025-11-30,ORD019566,CUST02831,P001,Laptop,Electronics,Delhi,Store,Credit Card,1,68683.11,0.0,68683.11,68683.11,0,16858.34,2025,11,November,Sunday,68683.11,68683.11
2025-11-30,ORD017963,CUST02011,P005,Office Chair,Furniture,Jaipur,Online,Debit Card,1,9180.03,0.0,9180.03,9180.03,0,757.16,2025,11,November,Sunday,9180.03,9180.03
2025-11-30,ORD011844,CUST03743,P004,Smartwatch,Electronics,Delhi,Store,UPI,2,6731.41,0.1,13462.82,12116.54,0,957.12,2025,11,November,Sunday,13462.82,12116.538
2025-11-30,ORD018628,CUST01136,P004,Smartwatch,Electronics,Surat,Store,Credit Card,1,6698.12,0.0,6698.12,6698.12,0,1479.23,2025,11,November,Sunday,6698.12,6698.12
2025-11-30,ORD004966,CUST02953,P012,Air Fryer,Home,Delhi,Store,Debit Card,1,7890.89,0.05,7890.89,7496.35,0,1484.92,2025,11,November,Sunday,7890.89,7496.3455
2025-11-30,ORD021478,CUST01912,P007,Backpack,Accessories,Delhi,Online,Credit Card,1,2046.32,0.1,2046.32,1841.69,0,129.45,2025,11,November,Sunday,2046.32,1841.6879999999999
2025-11-30,ORD006978,CUST00420,P013,Monitor,Electronics,Pune,Online,Credit Card,1,19016.8,0.0,19016.8,19016.8,0,4962.34,2025,11,November,Sunday,19016.8,19016.8
2025-11-30,ORD019517,CUST00270,P014,Keyboard,Electronics,Mumbai,Online,UPI,3,2415.32,0.25,7245.96,5434.47,0,600.64,2025,11,November,Sunday,7245.960000000001,5434.47
2025-11-30,ORD046569,CUST04000,P010,Coffee Maker,Home,Jaipur,Store,UPI,1,5997.27,0.05,5997.27,5697.41,0,877.13,2025,11,November,Sunday,5997.27,5697.4065
2025-11-30,ORD041163,CUST04908,P011,Mixer Grinder,Home,Bengaluru,Online,Debit Card,4,4370.31,0.05,17481.24,16607.18,0,1714.3,2025,11,November,Sunday,17481.24,16607.178
2025-11-30,ORD030522,CUST00969,P012,Air Fryer,Home,Ahmedabad,Online,UPI,2,6573.73,0.0,13147.46,13147.46,1,-657.37,2025,11,November,Sunday,13147.46,13147.46
2025-11-30,ORD045334,CUST04328,P003,Headphones,Electronics,Kolkata,Store,Credit Card,2,4202.04,0.1,8404.08,7563.67,0,1417.36,2025,11,November,Sunday,8404.08,7563.6720000000005
2025-11-30,ORD018866,CUST01841,P014,Keyboard,Electronics,Kolkata,Store,Credit Card,2,2584.11,0.0,5168.22,5168.22,0,1027.87,2025,11,November,Sunday,5168.22,5168.22
2025-11-30,ORD004176,CUST04483,P008,Running Shoes,Fashion,Pune,Store,Cash,1,4201.48,0.1,4201.48,3781.33,0,346.19,2025,11,November,Sunday,4201.48,3781.332
2025-11-30,ORD032842,CUST04868,P017,Jeans,Fashion,Pune,Store,Cash,1,3055.47,0.1,3055.47,2749.92,0,491.58,2025,11,November,Sunday,3055.47,2749.923
2025-11-30,ORD005345,CUST02158,P004,Smartwatch,Electronics,Kolkata,Online,UPI,2,7086.64,0.1,14173.28,12755.95,0,1209.81,2025,11,November,Sunday,14173.28,12755.952000000001
2025-11-30,ORD015113,CUST04412,P004,Smartwatch,Electronics,Delhi,Store,Cash,3,7498.21,0.15,22494.63,19120.44,0,1079.47,2025,11,November,Sunday,22494.63,19120.4355
2025-11-30,ORD003686,CUST02648,P003,Headphones,Electronics,Chennai,Online,UPI,1,4738.04,0.0,4738.04,4738.04,0,722.69,2025,11,November,Sunday,4738.04,4738.04
2025-11-30,ORD009515,CUST00331,P019,Vacuum Cleaner,Home,Surat,Online,UPI,1,8644.6,0.2,8644.6,6915.68,0,1636.13,2025,11,November,Sunday,8644.6,6915.68
2025-12-01,ORD045556,CUST04108,P002,Smartphone,Electronics,Mumbai,Online,Debit Card,1,26592.97,0.1,26592.97,23933.67,0,5686.06,2025,12,December,Monday,26592.97,23933.673000000003
2025-12-01,ORD028644,CUST02769,P017,Jeans,Fashion,Surat,Online,UPI,1,2610.1,0.05,2610.1,2479.59,0,335.36,2025,12,December,Monday,2610.1,2479.595
2025-12-01,ORD013217,CUST03548,P007,Backpack,Accessories,Kolkata,Store,Cash,2,2101.72,0.0,4203.44,4203.44,0,631.64,2025,12,December,Monday,4203.44,4203.44
2025-12-01,ORD045549,CUST03110,P016,Sofa,Furniture,Pune,Store,Credit Card,1,34985.16,0.15,34985.16,29737.39,0,7828.1,2025,12,December,Monday,34985.16,29737.386000000002
2025-12-01,ORD036352,CUST01343,P003,Headphones,Electronics,Mumbai,Store,Credit Card,4,4806.08,0.1,19224.32,17301.89,0,4426.98,2025,12,December,Monday,19224.32,17301.888
2025-12-01,ORD007059,CUST03876,P012,Air Fryer,Home,Hyderabad,Online,Debit Card,1,7076.22,0.15,7076.22,6014.79,0,1288.65,2025,12,December,Monday,7076.22,6014.787
2025-12-01,ORD002584,CUST04059,P011,Mixer Grinder,Home,Ahmedabad,Store,Debit Card,1,5198.77,0.1,5198.77,4678.89,0,1218.47,2025,12,December,Monday,5198.77,4678.893000000001
2025-12-01,ORD008320,CUST04033,P006,Desk,Furniture,Hyderabad,Store,Credit Card,3,11368.67,0.15,34106.01,28990.11,0,4270.38,2025,12,December,Monday,34106.01,28990.108500000002
2025-12-01,ORD018949,CUST02033,P009,T-Shirt,Fashion,Kolkata,Online,Credit Card,2,1187.36,0.1,2374.72,2137.25,0,268.03,2025,12,December,Monday,2374.72,2137.248
2025-12-01,ORD036451,CUST01344,P015,Dining Table,Furniture,Surat,Online,Credit Card,2,20337.16,0.05,40674.32,38640.6,0,5596.08,2025,12,December,Monday,40674.32,38640.604
2025-12-01,ORD017294,CUST02062,P004,Smartwatch,Electronics,Bengaluru,Online,Debit Card,1,7520.57,0.1,7520.57,6768.51,0,1867.72,2025,12,December,Monday,7520.57,6768.513
2025-12-01,ORD039170,CUST01021,P009,T-Shirt,Fashion,Delhi,Store,UPI,2,1139.43,0.1,2278.86,2050.97,0,360.65,2025,12,December,Monday,2278.86,2050.974
2025-12-01,ORD000834,CUST02785,P020,Microwave,Home,Kolkata,Online,UPI,1,10355.04,0.05,10355.04,9837.29,0,1589.39,2025,12,December,Monday,10355.04,9837.288
2025-12-01,ORD030664,CUST02375,P003,Headphones,Electronics,Pune,Online,Debit Card,1,4387.64,0.0,4387.64,4387.64,0,1117.9,2025,12,December,Monday,4387.64,4387.64
2025-12-01,ORD045151,CUST04278,P007,Backpack,Accessories,Kolkata,Store,Credit Card,1,2282.08,0.0,2282.08,2282.08,0,676.09,2025,12,December,Monday,2282.08,2282.08
2025-12-01,ORD043861,CUST03765,P016,Sofa,Furniture,Jaipur,Store,UPI,1,32520.65,0.05,32520.65,30894.62,0,5227.74,2025,12,December,Monday,32520.65,30894.6175
2025-12-01,ORD002575,CUST04880,P007,Backpack,Accessories,Jaipur,Online,Credit Card,1,2323.21,0.05,2323.21,2207.05,0,618.96,2025,12,December,Monday,2323.21,2207.0495
2025-12-01,ORD022714,CUST03085,P019,Vacuum Cleaner,Home,Surat,Online,Credit Card,1,8315.62,0.15,8315.62,7068.28,0,657.5,2025,12,December,Monday,8315.62,7068.277
2025-12-01,ORD021345,CUST00554,P013,Monitor,Electronics,Mumbai,Online,Debit Card,2,18353.17,0.25,36706.34,27529.75,0,2701.1,2025,12,December,Monday,36706.34,27529.754999999997
2025-12-01,ORD037640,CUST01151,P005,Office Chair,Furniture,Mumbai,Online,Debit Card,1,9467.48,0.1,9467.48,8520.73,0,981.59,2025,12,December,Monday,9467.48,8520.732
2025-12-01,ORD005904,CUST04542,P004,Smartwatch,Electronics,Chennai,Online,UPI,1,6927.03,0.05,6927.03,6580.68,0,647.61,2025,12,December,Monday,6927.03,6580.678499999999
2025-12-01,ORD022508,CUST02585,P010,Coffee Maker,Home,Mumbai,Online,Credit Card,4,5180.95,0.0,20723.8,20723.8,0,1916.57,2025,12,December,Monday,20723.8,20723.8
2025-12-01,ORD024372,CUST02947,P020,Microwave,Home,Bengaluru,Online,UPI,2,11250.59,0.05,22501.18,21376.12,0,3175.15,2025,12,December,Monday,22501.18,21376.121
2025-12-01,ORD008128,CUST02279,P012,Air Fryer,Home,Kolkata,Online,UPI,1,6686.73,0.05,6686.73,6352.39,0,1537.84,2025,12,December,Monday,6686.73,6352.393499999999
2025-12-01,ORD005386,CUST02190,P002,Smartphone,Electronics,Surat,Online,Credit Card,1,29862.06,0.0,29862.06,29862.06,0,4722.19,2025,12,December,Monday,29862.06,29862.06
2025-12-01,ORD035643,CUST01078,P019,Vacuum Cleaner,Home,Mumbai,Online,Credit Card,1,8471.94,0.2,8471.94,6777.55,0,1277.77,2025,12,December,Monday,8471.94,6777.552000000001
2025-12-01,ORD042339,CUST00407,P005,Office Chair,Furniture,Mumbai,Online,Debit Card,3,9258.64,0.0,27775.92,27775.92,0,8082.73,2025,12,December,Monday,27775.92,27775.92
2025-12-01,ORD025695,CUST00450,P015,Dining Table,Furniture,Surat,Online,Credit Card,5,21930.92,0.15,109654.6,93206.41,0,23366.3,2025,12,December,Monday,109654.59999999999,93206.41
2025-12-01,ORD004732,CUST02654,P012,Air Fryer,Home,Hyderabad,Online,UPI,4,7150.53,0.05,28602.12,27172.01,1,-1358.6,2025,12,December,Monday,28602.12,27172.014
2025-12-01,ORD021397,CUST01234,P008,Running Shoes,Fashion,Kolkata,Store,UPI,1,4462.09,0.05,4462.09,4238.99,0,574.37,2025,12,December,Monday,4462.09,4238.9855
2025-12-01,ORD011240,CUST00881,P001,Laptop,Electronics,Hyderabad,Store,UPI,1,68266.45,0.05,68266.45,64853.13,0,6141.21,2025,12,December,Monday,68266.45,64853.127499999995
2025-12-01,ORD021261,CUST00474,P010,Coffee Maker,Home,Chennai,Online,UPI,1,5701.65,0.1,5701.65,5131.48,0,1241.52,2025,12,December,Monday,5701.65,5131.485
2025-12-01,ORD031518,CUST04732,P002,Smartphone,Electronics,Ahmedabad,Online,UPI,1,26764.21,0.15,26764.21,22749.58,0,4540.68,2025,12,December,Monday,26764.21,22749.5785
2025-12-01,ORD005649,CUST03779,P015,Dining Table,Furniture,Kolkata,Store,Debit Card,2,20831.26,0.15,41662.52,35413.14,0,6858.34,2025,12,December,Monday,41662.52,35413.142
2025-12-01,ORD012356,CUST00010,P011,Mixer Grinder,Home,Pune,Store,UPI,2,4931.09,0.1,9862.18,8875.96,0,868.91,2025,12,December,Monday,9862.18,8875.962000000001
2025-12-01,ORD001579,CUST00558,P011,Mixer Grinder,Home,Ahmedabad,Online,Net Banking,1,4362.87,0.05,4362.87,4144.73,0,647.06,2025,12,December,Monday,4362.87,4144.7265
2025-12-01,ORD009794,CUST04742,P018,Jacket,Fashion,Ahmedabad,Online,UPI,1,4770.52,0.15,4770.52,4054.94,0,659.67,2025,12,December,Monday,4770.52,4054.9420000000005
2025-12-01,ORD007169,CUST02605,P006,Desk,Furniture,Hyderabad,Store,Credit Card,1,11597.09,0.1,11597.09,10437.38,0,2171.2,2025,12,December,Monday,11597.09,10437.381000000001
2025-12-01,ORD002877,CUST02629,P007,Backpack,Accessories,Ahmedabad,Online,UPI,1,2332.82,0.1,2332.82,2099.54,0,310.16,2025,12,December,Monday,2332.82,2099.538
2025-12-01,ORD022610,CUST04975,P018,Jacket,Fashion,Hyderabad,Online,UPI,3,5182.76,0.15,15548.28,13216.04,0,2323.79,2025,12,December,Monday,15548.28,13216.038
2025-12-01,ORD026975,CUST03496,P008,Running Shoes,Fashion,Ahmedabad,Online,Net Banking,1,3899.41,0.25,3899.41,2924.56,0,563.68,2025,12,December,Monday,3899.41,2924.5575
2025-12-01,ORD002878,CUST03579,P012,Air Fryer,Home,Hyderabad,Store,Credit Card,2,7144.18,0.0,14288.36,14288.36,0,2531.99,2025,12,December,Monday,14288.36,14288.36
2025-12-01,ORD032492,CUST00214,P006,Desk,Furniture,Ahmedabad,Store,Debit Card,2,12144.89,0.15,24289.78,20646.31,0,4963.8,2025,12,December,Monday,24289.78,20646.313
2025-12-01,ORD009688,CUST02319,P010,Coffee Maker,Home,Hyderabad,Online,UPI,1,5086.97,0.2,5086.97,4069.58,0,779.18,2025,12,December,Monday,5086.97,4069.5760000000005
2025-12-01,ORD007194,CUST00686,P015,Dining Table,Furniture,Bengaluru,Online,Cash,1,23658.87,0.0,23658.87,23658.87,0,2678.85,2025,12,December,Monday,23658.87,23658.87
2025-12-01,ORD038748,CUST00009,P016,Sofa,Furniture,Hyderabad,Store,Credit Card,2,31760.93,0.2,63521.86,50817.49,0,3718.78,2025,12,December,Monday,63521.86,50817.488000000005
2025-12-01,ORD006662,CUST04818,P001,Laptop,Electronics,Kolkata,Store,UPI,1,69551.13,0.15,69551.13,59118.46,0,6351.08,2025,12,December,Monday,69551.13,59118.4605
2025-12-01,ORD018233,CUST01450,P012,Air Fryer,Home,Surat,Store,UPI,1,7752.6,0.05,7752.6,7364.97,0,2002.8,2025,12,December,Monday,7752.6,7364.97
2025-12-01,ORD032047,CUST02501,P006,Desk,Furniture,Surat,Store,Credit Card,1,11526.1,0.15,11526.1,9797.18,0,657.33,2025,12,December,Monday,11526.1,9797.185
2025-12-01,ORD025321,CUST03328,P009,T-Shirt,Fashion,Pune,Store,Debit Card,1,1258.05,0.2,1258.05,1006.44,0,235.31,2025,12,December,Monday,1258.05,1006.44
2025-12-01,ORD024391,CUST04336,P012,Air Fryer,Home,Bengaluru,Online,UPI,1,7125.98,0.15,7125.98,6057.08,0,1208.59,2025,12,December,Monday,7125.98,6057.083
2025-12-01,ORD034487,CUST01188,P003,Headphones,Electronics,Bengaluru,Online,Credit Card,1,4201.91,0.1,4201.91,3781.72,0,634.86,2025,12,December,Monday,4201.91,3781.719
2025-12-01,ORD038746,CUST04883,P015,Dining Table,Furniture,Hyderabad,Store,Credit Card,1,23036.78,0.1,23036.78,20733.1,0,5089.81,2025,12,December,Monday,23036.78,20733.102
2025-12-01,ORD003742,CUST03792,P004,Smartwatch,Electronics,Delhi,Store,Debit Card,4,6880.87,0.2,27523.48,22018.78,0,4706.38,2025,12,December,Monday,27523.48,22018.784
2025-12-01,ORD007959,CUST00931,P010,Coffee Maker,Home,Mumbai,Store,Debit Card,1,5528.19,0.15,5528.19,4698.96,1,-234.95,2025,12,December,Monday,5528.19,4698.961499999999
2025-12-01,ORD011168,CUST04701,P018,Jacket,Fashion,Jaipur,Online,Credit Card,1,4944.27,0.15,4944.27,4202.63,0,729.75,2025,12,December,Monday,4944.27,4202.6295
2025-12-01,ORD031143,CUST02607,P017,Jeans,Fashion,Delhi,Store,UPI,1,2657.71,0.1,2657.71,2391.94,0,318.97,2025,12,December,Monday,2657.71,2391.9390000000003
2025-12-01,ORD023636,CUST00424,P019,Vacuum Cleaner,Home,Hyderabad,Online,UPI,1,8639.24,0.0,8639.24,8639.24,0,1771.39,2025,12,December,Monday,8639.24,8639.24
2025-12-01,ORD031249,CUST04208,P004,Smartwatch,Electronics,Bengaluru,Online,UPI,1,6953.38,0.0,6953.38,6953.38,0,1110.16,2025,12,December,Monday,6953.38,6953.38
2025-12-01,ORD038987,CUST00672,P005,Office Chair,Furniture,Surat,Online,Debit Card,1,9770.33,0.1,9770.33,8793.3,0,941.37,2025,12,December,Monday,9770.33,8793.297
2025-12-01,ORD015168,CUST00631,P013,Monitor,Electronics,Pune,Online,UPI,1,16469.12,0.05,16469.12,15645.66,0,1854.94,2025,12,December,Monday,16469.12,15645.663999999999
2025-12-01,ORD014919,CUST03760,P019,Vacuum Cleaner,Home,Hyderabad,Online,Credit Card,2,9663.34,0.0,19326.68,19326.68,0,4810.8,2025,12,December,Monday,19326.68,19326.68
2025-12-01,ORD004930,CUST01587,P003,Headphones,Electronics,Kolkata,Online,Credit Card,5,4649.96,0.1,23249.8,20924.82,0,1747.44,2025,12,December,Monday,23249.8,20924.82
2025-12-01,ORD049521,CUST00428,P014,Keyboard,Electronics,Surat,Online,UPI,1,2444.83,0.05,2444.83,2322.59,0,416.17,2025,12,December,Monday,2444.83,2322.5885
2025-12-01,ORD045752,CUST01655,P001,Laptop,Electronics,Kolkata,Store,Credit Card,1,64261.28,0.0,64261.28,64261.28,0,15994.24,2025,12,December,Monday,64261.28,64261.28
2025-12-01,ORD001031,CUST01936,P014,Keyboard,Electronics,Surat,Store,Cash,1,2431.59,0.2,2431.59,1945.27,0,292.11,2025,12,December,Monday,2431.59,1945.2720000000002
2025-12-01,ORD009315,CUST02805,P017,Jeans,Fashion,Jaipur,Online,UPI,2,2743.46,0.05,5486.92,5212.57,0,738.28,2025,12,December,Monday,5486.92,5212.574
2025-12-01,ORD037110,CUST04848,P009,T-Shirt,Fashion,Mumbai,Store,Debit Card,2,1269.79,0.15,2539.58,2158.64,0,570.8,2025,12,December,Monday,2539.58,2158.643
2025-12-01,ORD047556,CUST02166,P019,Vacuum Cleaner,Home,Bengaluru,Online,UPI,1,9274.4,0.15,9274.4,7883.24,0,1337.27,2025,12,December,Monday,9274.4,7883.24
2025-12-01,ORD022544,CUST02567,P008,Running Shoes,Fashion,Ahmedabad,Online,UPI,5,4155.42,0.0,20777.1,20777.1,0,4217.01,2025,12,December,Monday,20777.1,20777.1
2025-12-01,ORD002470,CUST00604,P002,Smartphone,Electronics,Pune,Store,UPI,1,27683.61,0.1,27683.61,24915.25,0,3789.6,2025,12,December,Monday,27683.61,24915.249
2025-12-01,ORD037760,CUST00965,P019,Vacuum Cleaner,Home,Pune,Online,Net Banking,1,8893.74,0.1,8893.74,8004.37,0,544.45,2025,12,December,Monday,8893.74,8004.366
2025-12-01,ORD017810,CUST02522,P006,Desk,Furniture,Mumbai,Store,UPI,1,13133.51,0.05,13133.51,12476.83,0,3325.06,2025,12,December,Monday,13133.51,12476.834499999999
2025-12-01,ORD049900,CUST02713,P014,Keyboard,Electronics,Mumbai,Online,Credit Card,1,2665.18,0.2,2665.18,2132.14,0,149.3,2025,12,December,Monday,2665.18,2132.144
2025-12-01,ORD042288,CUST03544,P008,Running Shoes,Fashion,Surat,Online,Credit Card,2,4086.77,0.0,8173.54,8173.54,0,1078.01,2025,12,December,Monday,8173.54,8173.54
2025-12-01,ORD005968,CUST00723,P001,Laptop,Electronics,Chennai,Store,UPI,1,68155.12,0.0,68155.12,68155.12,0,11823.28,2025,12,December,Monday,68155.12,68155.12
2025-12-01,ORD039518,CUST00808,P016,Sofa,Furniture,Ahmedabad,Store,Net Banking,1,35710.43,0.1,35710.43,32139.39,0,6430.26,2025,12,December,Monday,35710.43,32139.387000000002
2025-12-01,ORD019744,CUST04925,P010,Coffee Maker,Home,Jaipur,Online,Credit Card,4,5255.75,0.05,21023.0,19971.85,0,4969.05,2025,12,December,Monday,21023.0,19971.85
2025-12-01,ORD044767,CUST04737,P017,Jeans,Fashion,Surat,Store,Credit Card,2,2627.25,0.05,5254.5,4991.77,0,714.58,2025,12,December,Monday,5254.5,4991.775
2025-12-01,ORD048461,CUST04142,P011,Mixer Grinder,Home,Mumbai,Online,Debit Card,1,5181.23,0.0,5181.23,5181.23,0,817.99,2025,12,December,Monday,5181.23,5181.23
2025-12-01,ORD007681,CUST02923,P016,Sofa,Furniture,Surat,Online,Credit Card,2,31869.99,0.05,63739.98,60552.98,0,12491.96,2025,12,December,Monday,63739.98,60552.981
2025-12-01,ORD034802,CUST00156,P003,Headphones,Electronics,Delhi,Online,UPI,1,4682.29,0.05,4682.29,4448.18,0,1043.82,2025,12,December,Monday,4682.29,4448.175499999999
2025-12-01,ORD023357,CUST01520,P010,Coffee Maker,Home,Bengaluru,Store,UPI,2,5918.79,0.05,11837.58,11245.7,0,2563.44,2025,12,December,Monday,11837.58,11245.701
2025-12-02,ORD012688,CUST01819,P017,Jeans,Fashion,Surat,Store,UPI,3,2844.52,0.1,8533.56,7680.2,0,1952.68,2025,12,December,Tuesday,8533.56,7680.204
2025-12-02,ORD001906,CUST02631,P009,T-Shirt,Fashion,Ahmedabad,Store,Credit Card,1,1101.14,0.05,1101.14,1046.08,0,209.25,2025,12,December,Tuesday,1101.14,1046.083
2025-12-02,ORD031764,CUST03390,P010,Coffee Maker,Home,Jaipur,Store,UPI,1,5122.8,0.1,5122.8,4610.52,0,366.39,2025,12,December,Tuesday,5122.8,4610.52
2025-12-02,ORD011751,CUST04881,P003,Headphones,Electronics,Delhi,Online,UPI,4,4215.03,0.0,16860.12,16860.12,0,1729.07,2025,12,December,Tuesday,16860.12,16860.12
2025-12-02,ORD013153,CUST01184,P003,Headphones,Electronics,Chennai,Online,Cash,1,4694.16,0.05,4694.16,4459.45,0,642.66,2025,12,December,Tuesday,4694.16,4459.451999999999
2025-12-02,ORD024382,CUST00505,P008,Running Shoes,Fashion,Chennai,Store,Credit Card,1,3975.88,0.0,3975.88,3975.88,0,903.16,2025,12,December,Tuesday,3975.88,3975.88
2025-12-02,ORD032786,CUST00627,P003,Headphones,Electronics,Chennai,Online,Debit Card,2,4267.27,0.1,8534.54,7681.09,0,1537.02,2025,12,December,Tuesday,8534.54,7681.086000000001
2025-12-02,ORD019146,CUST02198,P016,Sofa,Furniture,Kolkata,Online,Debit Card,1,31535.4,0.0,31535.4,31535.4,0,7304.06,2025,12,December,Tuesday,31535.4,31535.4
2025-12-02,ORD041336,CUST01030,P015,Dining Table,Furniture,Chennai,Store,UPI,1,20203.41,0.1,20203.41,18183.07,0,1535.07,2025,12,December,Tuesday,20203.41,18183.069
2025-12-02,ORD005918,CUST04490,P008,Running Shoes,Fashion,Bengaluru,Store,UPI,1,3923.92,0.1,3923.92,3531.53,0,898.71,2025,12,December,Tuesday,3923.92,3531.5280000000002
2025-12-02,ORD000165,CUST01690,P002,Smartphone,Electronics,Pune,Store,UPI,1,26538.71,0.05,26538.71,25211.77,0,6342.35,2025,12,December,Tuesday,26538.71,25211.7745
2025-12-02,ORD021665,CUST03455,P011,Mixer Grinder,Home,Surat,Online,Credit Card,1,4522.65,0.05,4522.65,4296.52,0,1238.36,2025,12,December,Tuesday,4522.65,4296.517499999999
2025-12-02,ORD003709,CUST03490,P009,T-Shirt,Fashion,Ahmedabad,Online,UPI,1,1294.07,0.15,1294.07,1099.96,0,182.71,2025,12,December,Tuesday,1294.07,1099.9595
2025-12-02,ORD000640,CUST00687,P017,Jeans,Fashion,Bengaluru,Store,Credit Card,2,2981.38,0.1,5962.76,5366.48,0,1465.95,2025,12,December,Tuesday,5962.76,5366.484
2025-12-02,ORD019150,CUST04288,P004,Smartwatch,Electronics,Bengaluru,Store,UPI,1,7452.74,0.2,7452.74,5962.19,0,732.85,2025,12,December,Tuesday,7452.74,5962.192
2025-12-02,ORD005785,CUST00774,P007,Backpack,Accessories,Surat,Online,Net Banking,1,2405.3,0.15,2405.3,2044.5,0,186.26,2025,12,December,Tuesday,2405.3,2044.505
2025-12-02,ORD023687,CUST01746,P016,Sofa,Furniture,Chennai,Online,UPI,1,36926.77,0.25,36926.77,27695.08,0,2618.72,2025,12,December,Tuesday,36926.77,27695.0775
2025-12-02,ORD009442,CUST00583,P004,Smartwatch,Electronics,Ahmedabad,Store,Cash,1,6491.58,0.05,6491.58,6167.0,0,1170.55,2025,12,December,Tuesday,6491.58,6167.000999999999
2025-12-02,ORD004756,CUST03929,P011,Mixer Grinder,Home,Bengaluru,Online,UPI,1,5099.03,0.05,5099.03,4844.08,0,1075.91,2025,12,December,Tuesday,5099.03,4844.0785
2025-12-02,ORD034082,CUST00534,P007,Backpack,Accessories,Chennai,Store,UPI,2,2224.19,0.1,4448.38,4003.54,0,548.49,2025,12,December,Tuesday,4448.38,4003.5420000000004
2025-12-02,ORD020256,CUST02929,P003,Headphones,Electronics,Pune,Online,Debit Card,1,4837.0,0.1,4837.0,4353.3,0,370.46,2025,12,December,Tuesday,4837.0,4353.3
2025-12-02,ORD025755,CUST01896,P016,Sofa,Furniture,Delhi,Store,UPI,2,36233.77,0.05,72467.54,68844.16,0,12454.4,2025,12,December,Tuesday,72467.54,68844.16299999999
2025-12-02,ORD017369,CUST02589,P013,Monitor,Electronics,Bengaluru,Online,Debit Card,1,17987.72,0.1,17987.72,16188.95,1,-809.45,2025,12,December,Tuesday,17987.72,16188.948000000002
2025-12-02,ORD043168,CUST02531,P011,Mixer Grinder,Home,Ahmedabad,Online,UPI,2,4420.01,0.2,8840.02,7072.02,0,445.25,2025,12,December,Tuesday,8840.02,7072.0160000000005
2025-12-02,ORD033883,CUST04344,P010,Coffee Maker,Home,Kolkata,Store,Credit Card,1,5843.4,0.1,5843.4,5259.06,0,1375.61,2025,12,December,Tuesday,5843.4,5259.0599999999995
2025-12-02,ORD005010,CUST02864,P017,Jeans,Fashion,Kolkata,Online,Net Banking,3,2739.64,0.05,8218.92,7807.97,0,750.82,2025,12,December,Tuesday,8218.92,7807.973999999999
2025-12-02,ORD011316,CUST02385,P010,Coffee Maker,Home,Pune,Online,Credit Card,1,5939.88,0.15,5939.88,5048.9,0,664.89,2025,12,December,Tuesday,5939.88,5048.898
2025-12-02,ORD038563,CUST03533,P009,T-Shirt,Fashion,Chennai,Store,Credit Card,1,1279.38,0.2,1279.38,1023.5,0,84.62,2025,12,December,Tuesday,1279.38,1023.5040000000001
2025-12-02,ORD007241,CUST02105,P011,Mixer Grinder,Home,Chennai,Online,Cash,1,4539.42,0.0,4539.42,4539.42,0,861.31,2025,12,December,Tuesday,4539.42,4539.42
2025-12-02,ORD012024,CUST03733,P009,T-Shirt,Fashion,Mumbai,Online,Credit Card,3,1103.66,0.0,3310.98,3310.98,1,-165.55,2025,12,December,Tuesday,3310.9800000000005,3310.98
2025-12-02,ORD027277,CUST03313,P012,Air Fryer,Home,Chennai,Online,UPI,1,6937.36,0.0,6937.36,6937.36,0,1143.51,2025,12,December,Tuesday,6937.36,6937.36
2025-12-02,ORD014082,CUST02956,P014,Keyboard,Electronics,Jaipur,Online,Cash,1,2401.73,0.0,2401.73,2401.73,0,341.62,2025,12,December,Tuesday,2401.73,2401.73
2025-12-02,ORD013003,CUST00887,P020,Microwave,Home,Pune,Store,Debit Card,2,11851.2,0.1,23702.4,21332.16,0,2238.57,2025,12,December,Tuesday,23702.4,21332.160000000003
2025-12-02,ORD040744,CUST02163,P013,Monitor,Electronics,Delhi,Store,Debit Card,1,17220.97,0.15,17220.97,14637.82,1,-731.89,2025,12,December,Tuesday,17220.97,14637.8245
2025-12-02,ORD007491,CUST01622,P013,Monitor,Electronics,Mumbai,Store,Credit Card,1,18112.47,0.0,18112.47,18112.47,0,3045.29,2025,12,December,Tuesday,18112.47,18112.47
2025-12-02,ORD015956,CUST04180,P004,Smartwatch,Electronics,Kolkata,Online,Credit Card,1,6941.16,0.2,6941.16,5552.93,0,735.08,2025,12,December,Tuesday,6941.16,5552.928
2025-12-02,ORD031649,CUST04355,P001,Laptop,Electronics,Jaipur,Online,Debit Card,1,65560.69,0.1,65560.69,59004.62,0,9160.14,2025,12,December,Tuesday,65560.69,59004.62100000001
2025-12-02,ORD018160,CUST01945,P002,Smartphone,Electronics,Jaipur,Online,UPI,2,26598.82,0.1,53197.64,47877.88,0,5760.9,2025,12,December,Tuesday,53197.64,47877.876000000004
2025-12-02,ORD023284,CUST01310,P006,Desk,Furniture,Bengaluru,Online,Credit Card,5,10841.51,0.1,54207.55,48786.8,0,2933.15,2025,12,December,Tuesday,54207.55,48786.795000000006
2025-12-02,ORD007478,CUST02498,P002,Smartphone,Electronics,Mumbai,Online,Net Banking,4,29185.76,0.1,116743.04,105068.74,0,8727.42,2025,12,December,Tuesday,116743.04,105068.73599999999
2025-12-02,ORD035930,CUST03865,P019,Vacuum Cleaner,Home,Jaipur,Online,Cash,1,9534.87,0.15,9534.87,8104.64,0,1012.07,2025,12,December,Tuesday,9534.87,8104.6395
2025-12-02,ORD007221,CUST02029,P019,Vacuum Cleaner,Home,Kolkata,Store,Credit Card,1,8210.29,0.15,8210.29,6978.75,0,1873.53,2025,12,December,Tuesday,8210.29,6978.7465
2025-12-02,ORD014362,CUST01944,P010,Coffee Maker,Home,Kolkata,Store,UPI,2,5698.93,0.05,11397.86,10827.97,0,1568.14,2025,12,December,Tuesday,11397.86,10827.967
2025-12-02,ORD020658,CUST02064,P003,Headphones,Electronics,Hyderabad,Store,UPI,3,4724.87,0.1,14174.61,12757.15,0,1306.49,2025,12,December,Tuesday,14174.61,12757.149000000001
2025-12-02,ORD040024,CUST00718,P019,Vacuum Cleaner,Home,Delhi,Online,Debit Card,1,9308.66,0.0,9308.66,9308.66,0,2236.39,2025,12,December,Tuesday,9308.66,9308.66
2025-12-02,ORD036602,CUST01564,P019,Vacuum Cleaner,Home,Ahmedabad,Store,UPI,2,8599.07,0.2,17198.14,13758.51,0,1497.72,2025,12,December,Tuesday,17198.14,13758.512
2025-12-02,ORD020215,CUST02131,P012,Air Fryer,Home,Delhi,Online,UPI,1,6790.4,0.15,6790.4,5771.84,0,872.81,2025,12,December,Tuesday,6790.4,5771.839999999999
2025-12-02,ORD032766,CUST04659,P001,Laptop,Electronics,Mumbai,Store,Cash,1,67257.53,0.05,67257.53,63894.65,0,14507.37,2025,12,December,Tuesday,67257.53,63894.65349999999
2025-12-02,ORD031117,CUST04583,P007,Backpack,Accessories,Chennai,Online,Credit Card,1,2263.95,0.0,2263.95,2263.95,0,593.64,2025,12,December,Tuesday,2263.95,2263.95
2025-12-02,ORD024713,CUST01094,P002,Smartphone,Electronics,Pune,Store,Net Banking,1,30004.23,0.25,30004.23,22503.17,0,1970.59,2025,12,December,Tuesday,30004.23,22503.1725
2025-12-02,ORD017565,CUST04874,P019,Vacuum Cleaner,Home,Delhi,Store,UPI,1,8968.51,0.05,8968.51,8520.08,0,2065.59,2025,12,December,Tuesday,8968.51,8520.084499999999
2025-12-02,ORD043711,CUST01271,P005,Office Chair,Furniture,Surat,Store,UPI,1,9504.58,0.05,9504.58,9029.35,0,1254.48,2025,12,December,Tuesday,9504.58,9029.350999999999
2025-12-02,ORD009805,CUST03150,P014,Keyboard,Electronics,Kolkata,Online,Credit Card,2,2576.91,0.05,5153.82,4896.13,0,1242.37,2025,12,December,Tuesday,5153.82,4896.129
2025-12-02,ORD030556,CUST03329,P008,Running Shoes,Fashion,Pune,Store,Debit Card,1,3856.67,0.1,3856.67,3471.0,0,448.32,2025,12,December,Tuesday,3856.67,3471.003
2025-12-02,ORD001876,CUST01455,P010,Coffee Maker,Home,Pune,Online,UPI,5,5509.08,0.0,27545.4,27545.4,0,3798.39,2025,12,December,Tuesday,27545.4,27545.4
2025-12-02,ORD035228,CUST00831,P018,Jacket,Fashion,Mumbai,Online,UPI,1,4905.67,0.1,4905.67,4415.1,0,351.84,2025,12,December,Tuesday,4905.67,4415.103
2025-12-02,ORD022747,CUST01143,P015,Dining Table,Furniture,Mumbai,Online,UPI,4,20199.38,0.1,80797.52,72717.77,0,4693.5,2025,12,December,Tuesday,80797.52,72717.76800000001
2025-12-02,ORD007556,CUST00087,P017,Jeans,Fashion,Surat,Online,UPI,2,2594.87,0.0,5189.74,5189.74,0,1553.71,2025,12,December,Tuesday,5189.74,5189.74
2025-12-02,ORD025513,CUST04146,P004,Smartwatch,Electronics,Surat,Online,Net Banking,1,7079.13,0.2,7079.13,5663.3,0,1440.5,2025,12,December,Tuesday,7079.13,5663.304
2025-12-02,ORD045625,CUST02899,P003,Headphones,Electronics,Jaipur,Online,UPI,1,4919.39,0.15,4919.39,4181.48,0,945.06,2025,12,December,Tuesday,4919.39,4181.4815
2025-12-02,ORD040526,CUST00656,P018,Jacket,Fashion,Surat,Online,Net Banking,1,4843.69,0.2,4843.69,3874.95,0,449.51,2025,12,December,Tuesday,4843.69,3874.9519999999998
2025-12-02,ORD007986,CUST04452,P005,Office Chair,Furniture,Chennai,Store,Credit Card,2,9187.49,0.1,18374.98,16537.48,0,1348.65,2025,12,December,Tuesday,18374.98,16537.482
2025-12-02,ORD026772,CUST01379,P016,Sofa,Furniture,Chennai,Online,Debit Card,2,37932.14,0.0,75864.28,75864.28,0,7602.93,2025,12,December,Tuesday,75864.28,75864.28
2025-12-03,ORD040732,CUST04039,P016,Sofa,Furniture,Bengaluru,Online,Debit Card,1,34186.3,0.1,34186.3,30767.67,0,8423.14,2025,12,December,Wednesday,34186.3,30767.670000000002
2025-12-03,ORD038165,CUST00721,P019,Vacuum Cleaner,Home,Kolkata,Online,Debit Card,1,8738.5,0.2,8738.5,6990.8,0,382.86,2025,12,December,Wednesday,8738.5,6990.8
2025-12-03,ORD029256,CUST01454,P019,Vacuum Cleaner,Home,Delhi,Store,Net Banking,2,9737.47,0.15,19474.94,16553.7,0,3276.0,2025,12,December,Wednesday,19474.94,16553.698999999997
2025-12-03,ORD045144,CUST03805,P006,Desk,Furniture,Jaipur,Store,UPI,4,11159.57,0.1,44638.28,40174.45,0,3470.2,2025,12,December,Wednesday,44638.28,40174.452
2025-12-03,ORD035937,CUST04918,P003,Headphones,Electronics,Kolkata,Online,UPI,1,4680.03,0.1,4680.03,4212.03,0,461.24,2025,12,December,Wednesday,4680.03,4212.027
2025-12-03,ORD045207,CUST03093,P015,Dining Table,Furniture,Chennai,Store,UPI,2,23179.97,0.05,46359.94,44041.94,0,6314.3,2025,12,December,Wednesday,46359.94,44041.943
2025-12-03,ORD006127,CUST02356,P015,Dining Table,Furniture,Delhi,Online,Cash,2,21593.19,0.1,43186.38,38867.74,0,8896.94,2025,12,December,Wednesday,43186.38,38867.742
2025-12-03,ORD008221,CUST02467,P002,Smartphone,Electronics,Kolkata,Store,UPI,4,26611.9,0.0,106447.6,106447.6,0,19225.32,2025,12,December,Wednesday,106447.6,106447.6
2025-12-03,ORD012780,CUST00977,P002,Smartphone,Electronics,Ahmedabad,Online,UPI,1,28371.34,0.2,28371.34,22697.07,0,3139.86,2025,12,December,Wednesday,28371.34,22697.072
2025-12-03,ORD004242,CUST02742,P007,Backpack,Accessories,Chennai,Store,UPI,1,1996.43,0.0,1996.43,1996.43,0,270.24,2025,12,December,Wednesday,1996.43,1996.43
2025-12-03,ORD033513,CUST04819,P004,Smartwatch,Electronics,Bengaluru,Online,Cash,3,6691.59,0.1,20074.77,18067.29,0,4569.18,2025,12,December,Wednesday,20074.77,18067.293
2025-12-03,ORD043471,CUST00427,P015,Dining Table,Furniture,Surat,Store,Net Banking,2,22440.66,0.05,44881.32,42637.25,0,4499.25,2025,12,December,Wednesday,44881.32,42637.254
2025-12-03,ORD023491,CUST01730,P011,Mixer Grinder,Home,Delhi,Online,Debit Card,1,4411.14,0.1,4411.14,3970.03,0,959.81,2025,12,December,Wednesday,4411.14,3970.0260000000003
2025-12-03,ORD029060,CUST04904,P003,Headphones,Electronics,Delhi,Store,Credit Card,2,4669.6,0.1,9339.2,8405.28,0,1635.69,2025,12,December,Wednesday,9339.2,8405.28
2025-12-03,ORD013619,CUST04190,P012,Air Fryer,Home,Hyderabad,Online,Credit Card,1,6678.65,0.0,6678.65,6678.65,0,1978.53,2025,12,December,Wednesday,6678.65,6678.65
2025-12-03,ORD017143,CUST03607,P020,Microwave,Home,Ahmedabad,Store,Credit Card,2,10630.28,0.05,21260.56,20197.53,0,4883.94,2025,12,December,Wednesday,21260.56,20197.532
2025-12-03,ORD036656,CUST01800,P010,Coffee Maker,Home,Surat,Online,UPI,2,5406.46,0.15,10812.92,9190.98,0,2179.34,2025,12,December,Wednesday,10812.92,9190.982
2025-12-03,ORD043740,CUST04999,P003,Headphones,Electronics,Surat,Online,UPI,4,4701.07,0.2,18804.28,15043.42,0,2865.26,2025,12,December,Wednesday,18804.28,15043.423999999999
2025-12-03,ORD025351,CUST03327,P019,Vacuum Cleaner,Home,Delhi,Online,UPI,2,9371.69,0.1,18743.38,16869.04,0,4241.32,2025,12,December,Wednesday,18743.38,16869.042
2025-12-03,ORD015366,CUST02238,P018,Jacket,Fashion,Pune,Store,Credit Card,2,5539.27,0.05,11078.54,10524.61,0,2124.4,2025,12,December,Wednesday,11078.54,10524.613000000001
2025-12-03,ORD023408,CUST03996,P013,Monitor,Electronics,Bengaluru,Online,Debit Card,2,19654.13,0.0,39308.26,39308.26,0,5385.12,2025,12,December,Wednesday,39308.26,39308.26
2025-12-03,ORD048974,CUST02408,P006,Desk,Furniture,Bengaluru,Online,UPI,1,11506.74,0.05,11506.74,10931.4,1,-546.57,2025,12,December,Wednesday,11506.74,10931.402999999998
2025-12-03,ORD000878,CUST01224,P004,Smartwatch,Electronics,Ahmedabad,Online,Net Banking,1,7488.31,0.0,7488.31,7488.31,0,1585.16,2025,12,December,Wednesday,7488.31,7488.31
2025-12-03,ORD025392,CUST01612,P013,Monitor,Electronics,Bengaluru,Online,UPI,1,18012.38,0.1,18012.38,16211.14,0,1003.83,2025,12,December,Wednesday,18012.38,16211.142000000002
2025-12-03,ORD048711,CUST04914,P002,Smartphone,Electronics,Surat,Online,Cash,1,28342.8,0.1,28342.8,25508.52,0,6909.71,2025,12,December,Wednesday,28342.8,25508.52
2025-12-03,ORD029043,CUST03723,P020,Microwave,Home,Mumbai,Online,UPI,1,11365.25,0.1,11365.25,10228.72,0,1472.24,2025,12,December,Wednesday,11365.25,10228.725
2025-12-03,ORD039280,CUST02122,P001,Laptop,Electronics,Delhi,Online,UPI,4,59631.09,0.15,238524.36,202745.71,0,51973.41,2025,12,December,Wednesday,238524.36,202745.70599999998
2025-12-03,ORD034369,CUST03738,P014,Keyboard,Electronics,Ahmedabad,Store,Net Banking,1,2589.39,0.05,2589.39,2459.92,0,294.23,2025,12,December,Wednesday,2589.39,2459.9204999999997
2025-12-03,ORD021152,CUST02655,P007,Backpack,Accessories,Kolkata,Store,UPI,1,2239.37,0.05,2239.37,2127.4,0,258.16,2025,12,December,Wednesday,2239.37,2127.4015
2025-12-03,ORD005526,CUST00772,P004,Smartwatch,Electronics,Bengaluru,Store,Debit Card,1,7553.9,0.05,7553.9,7176.2,0,1492.46,2025,12,December,Wednesday,7553.9,7176.204999999999
2025-12-03,ORD044675,CUST04957,P016,Sofa,Furniture,Kolkata,Store,Debit Card,3,37653.74,0.15,112961.22,96017.04,0,8196.69,2025,12,December,Wednesday,112961.22,96017.037
2025-12-03,ORD048748,CUST01419,P018,Jacket,Fashion,Pune,Online,Cash,1,5660.12,0.05,5660.12,5377.11,0,729.25,2025,12,December,Wednesday,5660.12,5377.114
2025-12-03,ORD023771,CUST03764,P007,Backpack,Accessories,Mumbai,Store,Credit Card,1,2368.98,0.05,2368.98,2250.53,0,397.37,2025,12,December,Wednesday,2368.98,2250.531
2025-12-03,ORD029490,CUST04228,P020,Microwave,Home,Surat,Online,Credit Card,2,11058.63,0.1,22117.26,19905.53,0,1733.72,2025,12,December,Wednesday,22117.26,19905.534
2025-12-03,ORD004711,CUST04319,P006,Desk,Furniture,Surat,Online,Cash,3,12423.61,0.05,37270.83,35407.29,0,9051.17,2025,12,December,Wednesday,37270.83,35407.2885
2025-12-03,ORD029484,CUST04296,P003,Headphones,Electronics,Jaipur,Store,Debit Card,2,4850.02,0.2,9700.04,7760.03,0,342.36,2025,12,December,Wednesday,9700.04,7760.032000000001
2025-12-03,ORD022238,CUST01037,P013,Monitor,Electronics,Hyderabad,Online,Cash,1,17798.43,0.25,17798.43,13348.82,0,2422.79,2025,12,December,Wednesday,17798.43,13348.8225
2025-12-03,ORD005470,CUST00541,P005,Office Chair,Furniture,Kolkata,Store,Credit Card,1,10418.13,0.2,10418.13,8334.5,0,1259.47,2025,12,December,Wednesday,10418.13,8334.503999999999
2025-12-03,ORD010546,CUST01722,P010,Coffee Maker,Home,Delhi,Online,UPI,1,5436.96,0.0,5436.96,5436.96,1,-271.85,2025,12,December,Wednesday,5436.96,5436.96
2025-12-03,ORD045158,CUST03665,P009,T-Shirt,Fashion,Surat,Store,UPI,1,1087.81,0.2,1087.81,870.25,0,74.52,2025,12,December,Wednesday,1087.81,870.248
2025-12-03,ORD044579,CUST02293,P011,Mixer Grinder,Home,Bengaluru,Store,Credit Card,1,5225.35,0.2,5225.35,4180.28,0,823.87,2025,12,December,Wednesday,5225.35,4180.280000000001
2025-12-03,ORD020309,CUST01652,P003,Headphones,Electronics,Ahmedabad,Store,Debit Card,1,4803.02,0.1,4803.02,4322.72,0,1006.47,2025,12,December,Wednesday,4803.02,4322.718000000001
2025-12-03,ORD000928,CUST02129,P017,Jeans,Fashion,Surat,Online,UPI,1,2741.61,0.1,2741.61,2467.45,0,604.85,2025,12,December,Wednesday,2741.61,2467.449
2025-12-03,ORD047747,CUST03331,P013,Monitor,Electronics,Bengaluru,Online,Debit Card,1,17749.05,0.1,17749.05,15974.14,0,2145.24,2025,12,December,Wednesday,17749.05,15974.145
2025-12-03,ORD006672,CUST00346,P001,Laptop,Electronics,Ahmedabad,Store,UPI,1,64679.83,0.1,64679.83,58211.85,0,4072.46,2025,12,December,Wednesday,64679.83,58211.847
2025-12-03,ORD020644,CUST03017,P015,Dining Table,Furniture,Surat,Store,UPI,2,19978.74,0.05,39957.48,37959.61,1,-1897.98,2025,12,December,Wednesday,39957.48,37959.606
2025-12-03,ORD010417,CUST01973,P012,Air Fryer,Home,Pune,Online,Debit Card,1,6781.25,0.05,6781.25,6442.19,0,1756.15,2025,12,December,Wednesday,6781.25,6442.1875
2025-12-03,ORD006838,CUST03100,P008,Running Shoes,Fashion,Pune,Online,UPI,4,4273.46,0.15,17093.84,14529.76,0,3742.52,2025,12,December,Wednesday,17093.84,14529.764
2025-12-03,ORD019074,CUST03800,P013,Monitor,Electronics,Jaipur,Store,UPI,1,19284.08,0.15,19284.08,16391.47,0,4353.72,2025,12,December,Wednesday,19284.08,16391.468
2025-12-03,ORD049332,CUST02364,P019,Vacuum Cleaner,Home,Bengaluru,Store,Net Banking,4,8463.46,0.05,33853.84,32161.15,0,6621.17,2025,12,December,Wednesday,33853.84,32161.147999999994
2025-12-03,ORD006286,CUST04246,P011,Mixer Grinder,Home,Hyderabad,Store,UPI,3,5254.93,0.1,15764.79,14188.31,0,3153.57,2025,12,December,Wednesday,15764.79,14188.311000000002
2025-12-03,ORD006339,CUST01339,P007,Backpack,Accessories,Pune,Online,Debit Card,5,2183.83,0.05,10919.15,10373.19,0,1985.59,2025,12,December,Wednesday,10919.15,10373.1925
2025-12-03,ORD027005,CUST02389,P003,Headphones,Electronics,Kolkata,Online,Credit Card,1,4358.44,0.1,4358.44,3922.6,0,299.55,2025,12,December,Wednesday,4358.44,3922.5959999999995
2025-12-03,ORD022404,CUST02069,P004,Smartwatch,Electronics,Ahmedabad,Store,Credit Card,1,6402.62,0.15,6402.62,5442.23,0,296.36,2025,12,December,Wednesday,6402.62,5442.227
2025-12-03,ORD041759,CUST00270,P009,T-Shirt,Fashion,Delhi,Store,Credit Card,1,1177.75,0.15,1177.75,1001.09,0,192.86,2025,12,December,Wednesday,1177.75,1001.0875
2025-12-03,ORD019342,CUST01761,P004,Smartwatch,Electronics,Ahmedabad,Store,UPI,1,7643.52,0.05,7643.52,7261.34,0,926.95,2025,12,December,Wednesday,7643.52,7261.344
2025-12-03,ORD041751,CUST01461,P008,Running Shoes,Fashion,Bengaluru,Store,Net Banking,1,3843.8,0.1,3843.8,3459.42,0,283.02,2025,12,December,Wednesday,3843.8,3459.42
2025-12-03,ORD040838,CUST00626,P005,Office Chair,Furniture,Chennai,Online,Credit Card,1,8751.33,0.25,8751.33,6563.5,0,424.92,2025,12,December,Wednesday,8751.33,6563.4974999999995
2025-12-03,ORD043233,CUST00577,P010,Coffee Maker,Home,Surat,Online,UPI,1,5868.65,0.1,5868.65,5281.78,0,1310.19,2025,12,December,Wednesday,5868.65,5281.785
2025-12-03,ORD040072,CUST04031,P003,Headphones,Electronics,Chennai,Online,UPI,2,4075.35,0.05,8150.7,7743.16,0,1564.59,2025,12,December,Wednesday,8150.7,7743.164999999999
2025-12-03,ORD015697,CUST02892,P017,Jeans,Fashion,Surat,Online,UPI,4,2551.42,0.25,10205.68,7654.26,0,1509.62,2025,12,December,Wednesday,10205.68,7654.26
2025-12-03,ORD018802,CUST02634,P016,Sofa,Furniture,Bengaluru,Store,Credit Card,1,32007.2,0.0,32007.2,32007.2,0,9374.85,2025,12,December,Wednesday,32007.2,32007.2
2025-12-03,ORD014799,CUST03921,P006,Desk,Furniture,Chennai,Store,UPI,1,11731.02,0.25,11731.02,8798.26,0,1290.91,2025,12,December,Wednesday,11731.02,8798.265
2025-12-03,ORD040971,CUST04927,P001,Laptop,Electronics,Hyderabad,Online,UPI,1,62630.04,0.05,62630.04,59498.54,0,7097.22,2025,12,December,Wednesday,62630.04,59498.538
2025-12-03,ORD018554,CUST00131,P015,Dining Table,Furniture,Chennai,Store,UPI,3,20148.13,0.05,60444.39,57422.17,0,10737.45,2025,12,December,Wednesday,60444.39,57422.1705
2025-12-03,ORD031954,CUST01462,P017,Jeans,Fashion,Kolkata,Store,UPI,1,2664.57,0.2,2664.57,2131.66,0,366.47,2025,12,December,Wednesday,2664.57,2131.6560000000004
2025-12-03,ORD030894,CUST02603,P004,Smartwatch,Electronics,Jaipur,Online,Debit Card,3,6515.13,0.05,19545.39,18568.12,1,-928.41,2025,12,December,Wednesday,19545.39,18568.120499999997
2025-12-03,ORD014352,CUST00778,P011,Mixer Grinder,Home,Delhi,Store,Credit Card,2,4371.49,0.25,8742.98,6557.24,0,842.06,2025,12,December,Wednesday,8742.98,6557.235
2025-12-03,ORD030855,CUST02933,P019,Vacuum Cleaner,Home,Pune,Store,UPI,3,9666.38,0.0,28999.14,28999.14,0,6904.2,2025,12,December,Wednesday,28999.14,28999.14
2025-12-03,ORD021357,CUST04744,P015,Dining Table,Furniture,Hyderabad,Online,Debit Card,3,24054.82,0.1,72164.46,64948.01,0,11986.04,2025,12,December,Wednesday,72164.45999999999,64948.01400000001
2025-12-03,ORD020700,CUST03086,P011,Mixer Grinder,Home,Mumbai,Store,Net Banking,4,4948.5,0.0,19794.0,19794.0,0,3539.48,2025,12,December,Wednesday,19794.0,19794.0
2025-12-03,ORD012944,CUST02340,P016,Sofa,Furniture,Jaipur,Store,Credit Card,1,37554.01,0.05,37554.01,35676.31,0,5124.65,2025,12,December,Wednesday,37554.01,35676.3095
2025-12-03,ORD046917,CUST02358,P020,Microwave,Home,Jaipur,Online,UPI,1,11346.96,0.1,11346.96,10212.26,0,2194.5,2025,12,December,Wednesday,11346.96,10212.264
2025-12-03,ORD028148,CUST02193,P010,Coffee Maker,Home,Ahmedabad,Store,Cash,1,5677.48,0.15,5677.48,4825.86,1,-241.29,2025,12,December,Wednesday,5677.48,4825.857999999999
2025-12-04,ORD007523,CUST02141,P020,Microwave,Home,Jaipur,Online,Debit Card,2,10203.17,0.05,20406.34,19386.02,1,-969.3,2025,12,December,Thursday,20406.34,19386.023
2025-12-04,ORD002444,CUST01548,P009,T-Shirt,Fashion,Delhi,Online,Debit Card,1,1179.27,0.05,1179.27,1120.31,0,293.0,2025,12,December,Thursday,1179.27,1120.3065
2025-12-04,ORD047123,CUST04545,P011,Mixer Grinder,Home,Jaipur,Online,Debit Card,1,4767.01,0.15,4767.01,4051.96,0,958.71,2025,12,December,Thursday,4767.01,4051.9585
2025-12-04,ORD005487,CUST00658,P012,Air Fryer,Home,Pune,Online,UPI,2,6707.18,0.1,13414.36,12072.92,0,2654.59,2025,12,December,Thursday,13414.36,12072.924
2025-12-04,ORD016200,CUST01863,P017,Jeans,Fashion,Bengaluru,Store,Credit Card,4,2910.53,0.1,11642.12,10477.91,0,2334.56,2025,12,December,Thursday,11642.12,10477.908000000001
2025-12-04,ORD048196,CUST00589,P020,Microwave,Home,Bengaluru,Store,Credit Card,1,11629.74,0.15,11629.74,9885.28,0,663.34,2025,12,December,Thursday,11629.74,9885.279
2025-12-04,ORD026858,CUST02983,P016,Sofa,Furniture,Delhi,Online,Credit Card,1,37651.04,0.15,37651.04,32003.38,0,5504.93,2025,12,December,Thursday,37651.04,32003.384
2025-12-04,ORD045168,CUST04611,P014,Keyboard,Electronics,Surat,Online,UPI,1,2279.15,0.15,2279.15,1937.28,0,101.83,2025,12,December,Thursday,2279.15,1937.2775
2025-12-04,ORD039024,CUST02166,P014,Keyboard,Electronics,Mumbai,Store,Cash,3,2342.78,0.05,7028.34,6676.92,0,507.62,2025,12,December,Thursday,7028.34,6676.923
2025-12-04,ORD007211,CUST03299,P020,Microwave,Home,Surat,Online,UPI,3,11226.77,0.05,33680.31,31996.29,1,-1599.81,2025,12,December,Thursday,33680.31,31996.294499999996
2025-12-04,ORD037636,CUST00897,P010,Coffee Maker,Home,Pune,Online,Credit Card,2,5171.01,0.15,10342.02,8790.72,0,2008.22,2025,12,December,Thursday,10342.02,8790.717
2025-12-04,ORD029774,CUST04195,P004,Smartwatch,Electronics,Chennai,Online,UPI,1,7308.9,0.0,7308.9,7308.9,0,1345.92,2025,12,December,Thursday,7308.9,7308.9
2025-12-04,ORD044482,CUST01923,P006,Desk,Furniture,Surat,Online,Credit Card,1,11942.14,0.1,11942.14,10747.93,0,740.72,2025,12,December,Thursday,11942.14,10747.926
2025-12-04,ORD044217,CUST02668,P015,Dining Table,Furniture,Bengaluru,Online,UPI,1,20451.03,0.25,20451.03,15338.27,0,1191.74,2025,12,December,Thursday,20451.03,15338.2725
2025-12-04,ORD047436,CUST02277,P005,Office Chair,Furniture,Surat,Online,Credit Card,1,9314.36,0.0,9314.36,9314.36,0,1018.28,2025,12,December,Thursday,9314.36,9314.36
2025-12-04,ORD046905,CUST04693,P006,Desk,Furniture,Chennai,Online,UPI,3,11013.52,0.05,33040.56,31388.53,0,5013.3,2025,12,December,Thursday,33040.56,31388.531999999996
2025-12-04,ORD043441,CUST03067,P020,Microwave,Home,Pune,Store,UPI,3,11496.79,0.1,34490.37,31041.33,0,7267.11,2025,12,December,Thursday,34490.37,31041.333000000002
2025-12-04,ORD007627,CUST01712,P017,Jeans,Fashion,Surat,Store,UPI,1,2748.16,0.0,2748.16,2748.16,0,681.34,2025,12,December,Thursday,2748.16,2748.16
2025-12-04,ORD012080,CUST04270,P017,Jeans,Fashion,Hyderabad,Store,Cash,2,2598.98,0.0,5197.96,5197.96,0,1178.99,2025,12,December,Thursday,5197.96,5197.96
2025-12-04,ORD027293,CUST03122,P015,Dining Table,Furniture,Kolkata,Online,UPI,1,24078.53,0.15,24078.53,20466.75,0,2730.68,2025,12,December,Thursday,24078.53,20466.7505
2025-12-04,ORD027577,CUST00518,P011,Mixer Grinder,Home,Pune,Online,Debit Card,2,4926.31,0.0,9852.62,9852.62,0,2825.94,2025,12,December,Thursday,9852.62,9852.62
2025-12-04,ORD049351,CUST03791,P014,Keyboard,Electronics,Hyderabad,Store,Cash,1,2406.83,0.15,2406.83,2045.81,0,541.84,2025,12,December,Thursday,2406.83,2045.8055
2025-12-04,ORD049873,CUST04771,P016,Sofa,Furniture,Hyderabad,Store,UPI,1,32113.36,0.05,32113.36,30507.69,0,6531.4,2025,12,December,Thursday,32113.36,30507.692
2025-12-04,ORD044463,CUST01493,P014,Keyboard,Electronics,Mumbai,Online,Debit Card,1,2721.27,0.1,2721.27,2449.14,0,506.41,2025,12,December,Thursday,2721.27,2449.143
2025-12-04,ORD032106,CUST02737,P010,Coffee Maker,Home,Surat,Online,Debit Card,1,5112.09,0.05,5112.09,4856.49,0,1255.5,2025,12,December,Thursday,5112.09,4856.4855
2025-12-04,ORD044553,CUST03040,P010,Coffee Maker,Home,Kolkata,Store,UPI,2,5037.74,0.1,10075.48,9067.93,0,2136.64,2025,12,December,Thursday,10075.48,9067.932
2025-12-04,ORD028336,CUST03202,P006,Desk,Furniture,Kolkata,Online,Credit Card,2,12633.46,0.05,25266.92,24003.57,0,3055.43,2025,12,December,Thursday,25266.92,24003.573999999997
2025-12-04,ORD016755,CUST00293,P009,T-Shirt,Fashion,Chennai,Online,UPI,3,1163.66,0.05,3490.98,3316.43,0,765.37,2025,12,December,Thursday,3490.9800000000005,3316.431
2025-12-04,ORD026806,CUST00212,P005,Office Chair,Furniture,Surat,Store,UPI,1,9618.53,0.15,9618.53,8175.75,0,494.36,2025,12,December,Thursday,9618.53,8175.7505
2025-12-04,ORD022751,CUST03758,P007,Backpack,Accessories,Bengaluru,Online,Net Banking,1,2263.07,0.1,2263.07,2036.76,0,339.01,2025,12,December,Thursday,2263.07,2036.7630000000001
2025-12-04,ORD026310,CUST03920,P011,Mixer Grinder,Home,Delhi,Store,UPI,3,5046.62,0.1,15139.86,13625.87,0,1313.7,2025,12,December,Thursday,15139.86,13625.874000000002
2025-12-04,ORD000205,CUST02291,P007,Backpack,Accessories,Ahmedabad,Online,UPI,1,2205.5,0.0,2205.5,2205.5,0,399.27,2025,12,December,Thursday,2205.5,2205.5
2025-12-04,ORD040640,CUST03615,P004,Smartwatch,Electronics,Bengaluru,Store,Debit Card,5,7686.97,0.1,38434.85,34591.36,0,3006.74,2025,12,December,Thursday,38434.85,34591.365
2025-12-04,ORD018154,CUST04388,P019,Vacuum Cleaner,Home,Surat,Online,Credit Card,5,8909.01,0.1,44545.05,40090.55,0,9096.71,2025,12,December,Thursday,44545.05,40090.545000000006
2025-12-04,ORD017225,CUST03752,P016,Sofa,Furniture,Delhi,Store,Debit Card,2,37109.06,0.15,74218.12,63085.4,0,6415.77,2025,12,December,Thursday,74218.12,63085.401999999995
2025-12-04,ORD038524,CUST03870,P014,Keyboard,Electronics,Chennai,Online,Credit Card,4,2466.11,0.05,9864.44,9371.22,0,1914.44,2025,12,December,Thursday,9864.44,9371.218
2025-12-04,ORD029130,CUST01616,P009,T-Shirt,Fashion,Chennai,Online,UPI,1,1250.37,0.15,1250.37,1062.81,0,132.71,2025,12,December,Thursday,1250.37,1062.8145
2025-12-04,ORD027108,CUST04740,P019,Vacuum Cleaner,Home,Bengaluru,Online,Debit Card,3,9522.51,0.15,28567.53,24282.4,0,1648.02,2025,12,December,Thursday,28567.53,24282.4005
2025-12-04,ORD002144,CUST01651,P006,Desk,Furniture,Delhi,Online,UPI,1,12327.14,0.0,12327.14,12327.14,0,1784.15,2025,12,December,Thursday,12327.14,12327.14
2025-12-04,ORD000837,CUST03677,P016,Sofa,Furniture,Surat,Online,Debit Card,5,31657.84,0.0,158289.2,158289.2,0,14488.09,2025,12,December,Thursday,158289.2,158289.2
2025-12-04,ORD043002,CUST04677,P013,Monitor,Electronics,Mumbai,Online,Net Banking,1,18381.77,0.1,18381.77,16543.59,0,4112.37,2025,12,December,Thursday,18381.77,16543.593
2025-12-04,ORD029154,CUST02076,P015,Dining Table,Furniture,Bengaluru,Online,Debit Card,1,21077.76,0.1,21077.76,18969.98,0,1674.25,2025,12,December,Thursday,21077.76,18969.984
2025-12-04,ORD028127,CUST03210,P008,Running Shoes,Fashion,Delhi,Online,Debit Card,1,4147.96,0.1,4147.96,3733.16,0,391.22,2025,12,December,Thursday,4147.96,3733.164
2025-12-04,ORD040916,CUST03643,P011,Mixer Grinder,Home,Kolkata,Store,UPI,1,5057.27,0.1,5057.27,4551.54,0,997.15,2025,12,December,Thursday,5057.27,4551.543000000001
2025-12-04,ORD000197,CUST02404,P014,Keyboard,Electronics,Hyderabad,Store,UPI,1,2480.87,0.05,2480.87,2356.83,0,390.62,2025,12,December,Thursday,2480.87,2356.8264999999997
2025-12-04,ORD015721,CUST00495,P010,Coffee Maker,Home,Delhi,Online,Credit Card,3,5037.3,0.1,15111.9,13600.71,0,3470.37,2025,12,December,Thursday,15111.900000000001,13600.71
2025-12-04,ORD006170,CUST02468,P017,Jeans,Fashion,Hyderabad,Store,Cash,1,3016.79,0.0,3016.79,3016.79,0,841.82,2025,12,December,Thursday,3016.79,3016.79
2025-12-04,ORD006184,CUST04270,P005,Office Chair,Furniture,Bengaluru,Store,Net Banking,1,10226.55,0.25,10226.55,7669.91,0,1207.43,2025,12,December,Thursday,10226.55,7669.912499999999
2025-12-04,ORD048064,CUST01836,P014,Keyboard,Electronics,Delhi,Online,Credit Card,1,2633.68,0.1,2633.68,2370.31,0,302.45,2025,12,December,Thursday,2633.68,2370.312
2025-12-04,ORD027149,CUST01233,P016,Sofa,Furniture,Jaipur,Online,Net Banking,1,34070.18,0.1,34070.18,30663.16,0,3139.01,2025,12,December,Thursday,34070.18,30663.162
2025-12-04,ORD023428,CUST01668,P015,Dining Table,Furniture,Jaipur,Online,Credit Card,2,23697.67,0.0,47395.34,47395.34,0,5301.43,2025,12,December,Thursday,47395.34,47395.34
2025-12-04,ORD046186,CUST00866,P006,Desk,Furniture,Chennai,Store,Credit Card,1,10926.23,0.0,10926.23,10926.23,0,3029.16,2025,12,December,Thursday,10926.23,10926.23
2025-12-04,ORD038715,CUST01078,P003,Headphones,Electronics,Ahmedabad,Online,Credit Card,2,4490.14,0.1,8980.28,8082.25,1,-404.11,2025,12,December,Thursday,8980.28,8082.252
2025-12-04,ORD038942,CUST01328,P009,T-Shirt,Fashion,Delhi,Online,UPI,3,1151.17,0.0,3453.51,3453.51,0,298.76,2025,12,December,Thursday,3453.51,3453.51
2025-12-04,ORD005520,CUST03754,P003,Headphones,Electronics,Surat,Store,UPI,1,4095.12,0.25,4095.12,3071.34,0,707.37,2025,12,December,Thursday,4095.12,3071.34
2025-12-04,ORD031423,CUST02479,P012,Air Fryer,Home,Bengaluru,Online,Debit Card,4,6918.88,0.15,27675.52,23524.19,0,1205.85,2025,12,December,Thursday,27675.52,23524.192
2025-12-04,ORD020059,CUST00521,P017,Jeans,Fashion,Mumbai,Online,Credit Card,1,2669.16,0.05,2669.16,2535.7,0,421.21,2025,12,December,Thursday,2669.16,2535.7019999999998
2025-12-04,ORD034137,CUST03683,P019,Vacuum Cleaner,Home,Chennai,Store,UPI,1,9458.33,0.1,9458.33,8512.5,0,1998.92,2025,12,December,Thursday,9458.33,8512.497
2025-12-04,ORD030689,CUST00514,P012,Air Fryer,Home,Hyderabad,Online,Debit Card,2,7076.11,0.1,14152.22,12737.0,0,3458.56,2025,12,December,Thursday,14152.22,12736.998
2025-12-04,ORD030039,CUST03248,P013,Monitor,Electronics,Kolkata,Online,Cash,1,17307.33,0.1,17307.33,15576.6,0,1049.11,2025,12,December,Thursday,17307.33,15576.597000000002
2025-12-04,ORD009451,CUST04365,P008,Running Shoes,Fashion,Ahmedabad,Store,UPI,2,4140.65,0.1,8281.3,7453.17,0,1047.56,2025,12,December,Thursday,8281.3,7453.169999999999
2025-12-04,ORD025330,CUST04865,P009,T-Shirt,Fashion,Kolkata,Online,Credit Card,1,1117.98,0.1,1117.98,1006.18,0,192.98,2025,12,December,Thursday,1117.98,1006.182
2025-12-04,ORD049490,CUST00489,P018,Jacket,Fashion,Pune,Online,UPI,1,5542.74,0.1,5542.74,4988.47,0,720.14,2025,12,December,Thursday,5542.74,4988.466
2025-12-04,ORD042610,CUST02315,P010,Coffee Maker,Home,Chennai,Online,UPI,2,5689.62,0.1,11379.24,10241.32,0,776.78,2025,12,December,Thursday,11379.24,10241.316
2025-12-04,ORD048456,CUST04788,P016,Sofa,Furniture,Surat,Store,UPI,1,32857.86,0.15,32857.86,27929.18,0,5023.38,2025,12,December,Thursday,32857.86,27929.181
2025-12-04,ORD027168,CUST01928,P002,Smartphone,Electronics,Delhi,Store,Cash,1,28950.68,0.0,28950.68,28950.68,0,5176.75,2025,12,December,Thursday,28950.68,28950.68
2025-12-04,ORD014753,CUST00684,P002,Smartphone,Electronics,Surat,Online,Debit Card,2,26734.72,0.1,53469.44,48122.5,0,3045.89,2025,12,December,Thursday,53469.44,48122.49600000001
2025-12-04,ORD034446,CUST01232,P006,Desk,Furniture,Surat,Online,Debit Card,5,10997.92,0.0,54989.6,54989.6,0,14416.72,2025,12,December,Thursday,54989.6,54989.6
2025-12-04,ORD047800,CUST00040,P016,Sofa,Furniture,Surat,Store,Credit Card,1,36858.52,0.25,36858.52,27643.89,1,-1382.19,2025,12,December,Thursday,36858.52,27643.89
2025-12-05,ORD013456,CUST03869,P002,Smartphone,Electronics,Ahmedabad,Online,Debit Card,2,25955.78,0.05,51911.56,49315.98,0,12164.75,2025,12,December,Friday,51911.56,49315.981999999996
2025-12-05,ORD002518,CUST04698,P016,Sofa,Furniture,Mumbai,Online,UPI,1,36871.63,0.2,36871.63,29497.3,0,2599.67,2025,12,December,Friday,36871.63,29497.304
2025-12-05,ORD009260,CUST00656,P006,Desk,Furniture,Jaipur,Online,UPI,2,12607.18,0.0,25214.36,25214.36,0,2383.4,2025,12,December,Friday,25214.36,25214.36
2025-12-05,ORD044033,CUST00499,P012,Air Fryer,Home,Delhi,Store,Debit Card,1,6837.36,0.1,6837.36,6153.62,0,1290.99,2025,12,December,Friday,6837.36,6153.624
2025-12-05,ORD002167,CUST04251,P011,Mixer Grinder,Home,Delhi,Store,Net Banking,4,4503.46,0.0,18013.84,18013.84,0,3777.66,2025,12,December,Friday,18013.84,18013.84
2025-12-05,ORD009745,CUST00713,P014,Keyboard,Electronics,Jaipur,Online,UPI,1,2733.61,0.2,2733.61,2186.89,0,125.43,2025,12,December,Friday,2733.61,2186.8880000000004
2025-12-05,ORD042785,CUST04502,P015,Dining Table,Furniture,Chennai,Online,Debit Card,1,21771.49,0.05,21771.49,20682.92,0,1641.51,2025,12,December,Friday,21771.49,20682.9155
2025-12-05,ORD021481,CUST02368,P018,Jacket,Fashion,Surat,Online,UPI,1,5346.3,0.1,5346.3,4811.67,1,-240.58,2025,12,December,Friday,5346.3,4811.67
2025-12-05,ORD025984,CUST01666,P006,Desk,Furniture,Jaipur,Store,Debit Card,1,10837.55,0.15,10837.55,9211.92,0,983.31,2025,12,December,Friday,10837.55,9211.9175
2025-12-05,ORD018082,CUST04905,P017,Jeans,Fashion,Kolkata,Online,UPI,1,3073.34,0.15,3073.34,2612.34,0,336.72,2025,12,December,Friday,3073.34,2612.339
2025-12-05,ORD013525,CUST02252,P018,Jacket,Fashion,Mumbai,Store,UPI,4,5172.3,0.05,20689.2,19654.74,0,2799.38,2025,12,December,Friday,20689.2,19654.739999999998
2025-12-05,ORD045153,CUST00480,P001,Laptop,Electronics,Pune,Online,UPI,1,65640.58,0.0,65640.58,65640.58,1,-3282.03,2025,12,December,Friday,65640.58,65640.58
2025-12-05,ORD002384,CUST02900,P005,Office Chair,Furniture,Kolkata,Online,Debit Card,1,10360.86,0.2,10360.86,8288.69,0,439.34,2025,12,December,Friday,10360.86,8288.688
2025-12-05,ORD005012,CUST01404,P020,Microwave,Home,Bengaluru,Online,Cash,2,11942.59,0.1,23885.18,21496.66,0,2589.07,2025,12,December,Friday,23885.18,21496.662
2025-12-05,ORD037659,CUST00895,P002,Smartphone,Electronics,Delhi,Store,Debit Card,2,30582.47,0.0,61164.94,61164.94,1,-3058.25,2025,12,December,Friday,61164.94,61164.94
2025-12-05,ORD028315,CUST01032,P008,Running Shoes,Fashion,Ahmedabad,Store,UPI,1,4181.49,0.05,4181.49,3972.42,0,938.99,2025,12,December,Friday,4181.49,3972.4154999999996
2025-12-05,ORD049382,CUST00304,P011,Mixer Grinder,Home,Kolkata,Store,Net Banking,1,4785.54,0.05,4785.54,4546.26,0,362.67,2025,12,December,Friday,4785.54,4546.263
2025-12-05,ORD002468,CUST03586,P017,Jeans,Fashion,Surat,Online,Cash,2,2801.52,0.25,5603.04,4202.28,0,330.59,2025,12,December,Friday,5603.04,4202.28
2025-12-05,ORD037673,CUST00728,P009,T-Shirt,Fashion,Jaipur,Online,UPI,1,1196.86,0.2,1196.86,957.49,0,234.08,2025,12,December,Friday,1196.86,957.4879999999999
2025-12-05,ORD001182,CUST00377,P007,Backpack,Accessories,Jaipur,Online,Cash,1,2218.03,0.0,2218.03,2218.03,0,509.25,2025,12,December,Friday,2218.03,2218.03
2025-12-05,ORD042474,CUST03815,P008,Running Shoes,Fashion,Delhi,Online,Net Banking,1,4192.92,0.15,4192.92,3563.98,0,556.43,2025,12,December,Friday,4192.92,3563.982
2025-12-05,ORD008223,CUST02556,P008,Running Shoes,Fashion,Jaipur,Store,UPI,1,3968.74,0.2,3968.74,3174.99,1,-158.75,2025,12,December,Friday,3968.74,3174.992
2025-12-05,ORD000107,CUST02633,P013,Monitor,Electronics,Ahmedabad,Online,UPI,1,17266.71,0.05,17266.71,16403.37,0,1300.14,2025,12,December,Friday,17266.71,16403.374499999998
2025-12-05,ORD009955,CUST02882,P004,Smartwatch,Electronics,Ahmedabad,Online,Net Banking,1,6394.97,0.15,6394.97,5435.72,0,475.92,2025,12,December,Friday,6394.97,5435.7245
2025-12-05,ORD033762,CUST03482,P001,Laptop,Electronics,Delhi,Online,UPI,2,60165.22,0.15,120330.44,102280.87,0,18761.02,2025,12,December,Friday,120330.44,102280.874
2025-12-05,ORD028819,CUST03486,P005,Office Chair,Furniture,Kolkata,Online,UPI,1,10215.28,0.05,10215.28,9704.52,0,1891.32,2025,12,December,Friday,10215.28,9704.516
2025-12-05,ORD014614,CUST04546,P012,Air Fryer,Home,Delhi,Online,Net Banking,2,7317.84,0.15,14635.68,12440.33,0,1517.39,2025,12,December,Friday,14635.68,12440.328
2025-12-05,ORD023669,CUST04632,P013,Monitor,Electronics,Bengaluru,Store,Credit Card,1,17888.74,0.1,17888.74,16099.87,0,1244.97,2025,12,December,Friday,17888.74,16099.866000000002
2025-12-05,ORD012480,CUST02372,P006,Desk,Furniture,Ahmedabad,Online,UPI,1,11568.03,0.05,11568.03,10989.63,1,-549.48,2025,12,December,Friday,11568.03,10989.6285
2025-12-05,ORD001308,CUST00982,P020,Microwave,Home,Bengaluru,Online,UPI,1,12005.15,0.1,12005.15,10804.64,0,1609.82,2025,12,December,Friday,12005.15,10804.635
2025-12-05,ORD007719,CUST04050,P019,Vacuum Cleaner,Home,Jaipur,Store,UPI,3,9134.74,0.15,27404.22,23293.59,0,6170.83,2025,12,December,Friday,27404.22,23293.587
2025-12-05,ORD011224,CUST01999,P019,Vacuum Cleaner,Home,Mumbai,Store,Net Banking,2,9041.66,0.1,18083.32,16274.99,0,4279.42,2025,12,December,Friday,18083.32,16274.988
2025-12-05,ORD035265,CUST03569,P004,Smartwatch,Electronics,Mumbai,Store,Debit Card,2,6360.62,0.1,12721.24,11449.12,0,2067.47,2025,12,December,Friday,12721.24,11449.116
2025-12-05,ORD049943,CUST00795,P009,T-Shirt,Fashion,Jaipur,Online,Credit Card,1,1194.04,0.15,1194.04,1014.93,0,159.21,2025,12,December,Friday,1194.04,1014.934
2025-12-05,ORD048060,CUST00962,P017,Jeans,Fashion,Chennai,Online,UPI,3,2535.13,0.15,7605.39,6464.58,0,1662.73,2025,12,December,Friday,7605.39,6464.5815
2025-12-05,ORD030713,CUST03141,P008,Running Shoes,Fashion,Mumbai,Online,UPI,2,4558.62,0.1,9117.24,8205.52,0,907.07,2025,12,December,Friday,9117.24,8205.516
2025-12-05,ORD031149,CUST02654,P008,Running Shoes,Fashion,Pune,Store,UPI,1,4139.15,0.05,4139.15,3932.19,0,748.32,2025,12,December,Friday,4139.15,3932.1924999999997
2025-12-05,ORD031690,CUST01522,P007,Backpack,Accessories,Chennai,Store,Net Banking,3,2115.55,0.0,6346.65,6346.65,0,1801.55,2025,12,December,Friday,6346.650000000001,6346.65
2025-12-05,ORD027353,CUST03230,P013,Monitor,Electronics,Pune,Online,Net Banking,2,16540.98,0.15,33081.96,28119.67,0,4603.41,2025,12,December,Friday,33081.96,28119.665999999997
2025-12-05,ORD004769,CUST01756,P012,Air Fryer,Home,Hyderabad,Online,UPI,2,7061.13,0.05,14122.26,13416.15,0,1416.2,2025,12,December,Friday,14122.26,13416.146999999999
2025-12-05,ORD020925,CUST01615,P011,Mixer Grinder,Home,Jaipur,Store,Credit Card,1,5029.64,0.1,5029.64,4526.68,0,619.05,2025,12,December,Friday,5029.64,4526.676
2025-12-05,ORD006564,CUST01701,P007,Backpack,Accessories,Bengaluru,Online,Debit Card,2,2100.07,0.05,4200.14,3990.13,0,441.45,2025,12,December,Friday,4200.14,3990.1330000000003
2025-12-05,ORD003369,CUST04818,P015,Dining Table,Furniture,Pune,Online,Credit Card,1,21959.67,0.05,21959.67,20861.69,0,4028.79,2025,12,December,Friday,21959.67,20861.686499999996
2025-12-05,ORD000896,CUST00826,P015,Dining Table,Furniture,Delhi,Store,Cash,2,21287.07,0.05,42574.14,40445.43,0,5774.57,2025,12,December,Friday,42574.14,40445.433
2025-12-05,ORD010305,CUST03977,P018,Jacket,Fashion,Kolkata,Online,Credit Card,2,4879.36,0.15,9758.72,8294.91,0,1728.71,2025,12,December,Friday,9758.72,8294.911999999998
2025-12-05,ORD040877,CUST01988,P003,Headphones,Electronics,Surat,Store,UPI,3,4582.22,0.1,13746.66,12371.99,0,2148.15,2025,12,December,Friday,13746.66,12371.994
2025-12-05,ORD001475,CUST00111,P009,T-Shirt,Fashion,Ahmedabad,Online,UPI,1,1287.01,0.1,1287.01,1158.31,0,284.18,2025,12,December,Friday,1287.01,1158.309
2025-12-05,ORD039740,CUST02263,P015,Dining Table,Furniture,Delhi,Store,UPI,2,22491.76,0.05,44983.52,42734.34,0,12069.98,2025,12,December,Friday,44983.52,42734.344
2025-12-05,ORD020643,CUST04688,P019,Vacuum Cleaner,Home,Pune,Store,UPI,1,9313.0,0.15,9313.0,7916.05,0,1054.53,2025,12,December,Friday,9313.0,7916.05
2025-12-05,ORD041383,CUST04390,P001,Laptop,Electronics,Delhi,Online,Net Banking,2,61649.32,0.0,123298.64,123298.64,0,34978.8,2025,12,December,Friday,123298.64,123298.64
2025-12-05,ORD040598,CUST01419,P003,Headphones,Electronics,Pune,Store,Debit Card,3,4840.33,0.25,14520.99,10890.74,0,435.63,2025,12,December,Friday,14520.99,10890.7425
2025-12-05,ORD041340,CUST04813,P013,Monitor,Electronics,Surat,Store,Debit Card,1,19689.71,0.0,19689.71,19689.71,0,4214.33,2025,12,December,Friday,19689.71,19689.71
2025-12-05,ORD012459,CUST02876,P009,T-Shirt,Fashion,Jaipur,Store,UPI,3,1157.29,0.1,3471.87,3124.68,0,578.51,2025,12,December,Friday,3471.87,3124.683
2025-12-05,ORD035074,CUST02516,P003,Headphones,Electronics,Jaipur,Store,UPI,1,4085.23,0.0,4085.23,4085.23,0,906.12,2025,12,December,Friday,4085.23,4085.23
2025-12-05,ORD016369,CUST03914,P009,T-Shirt,Fashion,Surat,Online,UPI,5,1176.53,0.1,5882.65,5294.38,0,1306.39,2025,12,December,Friday,5882.65,5294.385
2025-12-05,ORD017547,CUST04742,P007,Backpack,Accessories,Pune,Online,UPI,1,2243.18,0.0,2243.18,2243.18,0,480.77,2025,12,December,Friday,2243.18,2243.18
2025-12-05,ORD015028,CUST04883,P014,Keyboard,Electronics,Delhi,Online,Net Banking,1,2494.16,0.0,2494.16,2494.16,0,398.7,2025,12,December,Friday,2494.16,2494.16
2025-12-05,ORD030823,CUST02203,P008,Running Shoes,Fashion,Chennai,Online,Debit Card,2,4413.82,0.1,8827.64,7944.88,0,1746.18,2025,12,December,Friday,8827.64,7944.875999999999
2025-12-05,ORD028653,CUST01506,P011,Mixer Grinder,Home,Chennai,Online,UPI,1,4693.46,0.0,4693.46,4693.46,0,770.57,2025,12,December,Friday,4693.46,4693.46
2025-12-05,ORD023168,CUST04678,P016,Sofa,Furniture,Chennai,Online,Credit Card,1,34808.44,0.05,34808.44,33068.02,0,3181.99,2025,12,December,Friday,34808.44,33068.018000000004
2025-12-05,ORD040605,CUST03062,P001,Laptop,Electronics,Mumbai,Store,UPI,5,67121.01,0.05,335605.05,318824.8,0,27003.42,2025,12,December,Friday,335605.05,318824.7975
2025-12-05,ORD049580,CUST00836,P011,Mixer Grinder,Home,Pune,Store,Debit Card,1,4654.86,0.05,4654.86,4422.12,0,691.53,2025,12,December,Friday,4654.86,4422.116999999999
2025-12-05,ORD043187,CUST00445,P010,Coffee Maker,Home,Ahmedabad,Store,UPI,1,5037.36,0.1,5037.36,4533.62,0,886.34,2025,12,December,Friday,5037.36,4533.624
2025-12-05,ORD041893,CUST03859,P004,Smartwatch,Electronics,Pune,Online,UPI,3,7342.01,0.25,22026.03,16519.52,0,3130.19,2025,12,December,Friday,22026.03,16519.5225
2025-12-06,ORD030160,CUST01346,P003,Headphones,Electronics,Ahmedabad,Online,Debit Card,1,4811.67,0.2,4811.67,3849.34,0,773.72,2025,12,December,Saturday,4811.67,3849.3360000000002
2025-12-06,ORD018290,CUST04935,P012,Air Fryer,Home,Kolkata,Online,Credit Card,1,7808.29,0.2,7808.29,6246.63,1,-312.33,2025,12,December,Saturday,7808.29,6246.6320000000005
2025-12-06,ORD040809,CUST02643,P002,Smartphone,Electronics,Kolkata,Store,Credit Card,1,29168.0,0.0,29168.0,29168.0,0,7382.86,2025,12,December,Saturday,29168.0,29168.0
2025-12-06,ORD044023,CUST02161,P011,Mixer Grinder,Home,Ahmedabad,Online,Cash,1,4898.83,0.05,4898.83,4653.89,1,-232.69,2025,12,December,Saturday,4898.83,4653.8885
2025-12-06,ORD030842,CUST02902,P008,Running Shoes,Fashion,Surat,Online,Credit Card,3,3960.47,0.0,11881.41,11881.41,0,3321.32,2025,12,December,Saturday,11881.41,11881.41
2025-12-06,ORD049951,CUST01885,P001,Laptop,Electronics,Hyderabad,Store,Credit Card,1,67582.51,0.1,67582.51,60824.26,1,-3041.21,2025,12,December,Saturday,67582.51,60824.259
2025-12-06,ORD048324,CUST03487,P019,Vacuum Cleaner,Home,Ahmedabad,Online,Debit Card,1,9505.84,0.1,9505.84,8555.26,0,1469.48,2025,12,December,Saturday,9505.84,8555.256000000001
2025-12-06,ORD001056,CUST03419,P016,Sofa,Furniture,Chennai,Store,UPI,1,31998.45,0.1,31998.45,28798.6,0,3269.4,2025,12,December,Saturday,31998.45,28798.605
2025-12-06,ORD000678,CUST02192,P019,Vacuum Cleaner,Home,Jaipur,Store,Credit Card,2,8461.14,0.05,16922.28,16076.17,0,2239.24,2025,12,December,Saturday,16922.28,16076.165999999997
2025-12-06,ORD048701,CUST03958,P020,Microwave,Home,Kolkata,Online,Debit Card,1,11327.95,0.1,11327.95,10195.16,0,2484.23,2025,12,December,Saturday,11327.95,10195.155
2025-12-06,ORD010833,CUST01766,P002,Smartphone,Electronics,Surat,Online,Net Banking,2,25732.29,0.0,51464.58,51464.58,0,10598.9,2025,12,December,Saturday,51464.58,51464.58
2025-12-06,ORD031741,CUST03443,P010,Coffee Maker,Home,Bengaluru,Online,Credit Card,1,5127.09,0.0,5127.09,5127.09,1,-256.35,2025,12,December,Saturday,5127.09,5127.09
2025-12-06,ORD049383,CUST01918,P011,Mixer Grinder,Home,Ahmedabad,Online,UPI,1,4813.99,0.0,4813.99,4813.99,0,1143.27,2025,12,December,Saturday,4813.99,4813.99
2025-12-06,ORD025416,CUST01881,P019,Vacuum Cleaner,Home,Ahmedabad,Online,Net Banking,1,9890.82,0.1,9890.82,8901.74,0,1400.22,2025,12,December,Saturday,9890.82,8901.738
2025-12-06,ORD017329,CUST03127,P002,Smartphone,Electronics,Jaipur,Store,Debit Card,1,29140.7,0.15,29140.7,24769.6,0,4783.07,2025,12,December,Saturday,29140.7,24769.595
2025-12-06,ORD012453,CUST03511,P002,Smartphone,Electronics,Delhi,Online,UPI,1,28755.75,0.05,28755.75,27317.96,0,4487.89,2025,12,December,Saturday,28755.75,27317.962499999998
2025-12-06,ORD001756,CUST03368,P002,Smartphone,Electronics,Surat,Online,Debit Card,1,26184.33,0.1,26184.33,23565.9,0,2052.92,2025,12,December,Saturday,26184.33,23565.897
2025-12-06,ORD000666,CUST03248,P010,Coffee Maker,Home,Ahmedabad,Store,Debit Card,1,5569.48,0.0,5569.48,5569.48,1,-278.47,2025,12,December,Saturday,5569.48,5569.48
2025-12-06,ORD018665,CUST01822,P007,Backpack,Accessories,Surat,Online,Credit Card,1,2152.64,0.05,2152.64,2045.01,0,164.5,2025,12,December,Saturday,2152.64,2045.0079999999998
2025-12-06,ORD040195,CUST00608,P019,Vacuum Cleaner,Home,Surat,Store,Credit Card,1,9784.19,0.1,9784.19,8805.77,0,1445.97,2025,12,December,Saturday,9784.19,8805.771
2025-12-06,ORD030818,CUST02921,P007,Backpack,Accessories,Ahmedabad,Online,UPI,1,2320.25,0.15,2320.25,1972.21,0,509.65,2025,12,December,Saturday,2320.25,1972.2124999999999
2025-12-06,ORD005403,CUST03750,P012,Air Fryer,Home,Kolkata,Store,Cash,2,6955.79,0.05,13911.58,13216.0,0,2181.09,2025,12,December,Saturday,13911.58,13216.001
2025-12-06,ORD044150,CUST01377,P018,Jacket,Fashion,Mumbai,Store,Net Banking,5,5146.87,0.0,25734.35,25734.35,0,5883.12,2025,12,December,Saturday,25734.35,25734.35
2025-12-06,ORD020610,CUST02735,P012,Air Fryer,Home,Hyderabad,Online,Net Banking,1,7001.11,0.05,7001.11,6651.05,0,547.14,2025,12,December,Saturday,7001.11,6651.054499999999
2025-12-06,ORD024511,CUST04863,P006,Desk,Furniture,Ahmedabad,Online,UPI,1,11631.2,0.15,11631.2,9886.52,0,698.14,2025,12,December,Saturday,11631.2,9886.52
2025-12-06,ORD007910,CUST03423,P008,Running Shoes,Fashion,Surat,Online,Credit Card,2,3910.8,0.15,7821.6,6648.36,1,-332.42,2025,12,December,Saturday,7821.6,6648.360000000001
2025-12-06,ORD032192,CUST04905,P020,Microwave,Home,Pune,Online,Net Banking,1,11260.2,0.0,11260.2,11260.2,0,2166.91,2025,12,December,Saturday,11260.2,11260.2
2025-12-06,ORD044743,CUST01982,P016,Sofa,Furniture,Surat,Online,Credit Card,1,33614.77,0.0,33614.77,33614.77,1,-1680.74,2025,12,December,Saturday,33614.77,33614.77
2025-12-06,ORD009185,CUST00713,P008,Running Shoes,Fashion,Bengaluru,Store,Credit Card,3,4102.56,0.0,12307.68,12307.68,0,1674.61,2025,12,December,Saturday,12307.68,12307.68
2025-12-06,ORD031344,CUST02120,P012,Air Fryer,Home,Ahmedabad,Store,Debit Card,1,7142.52,0.1,7142.52,6428.27,0,1030.71,2025,12,December,Saturday,7142.52,6428.268000000001
2025-12-06,ORD016479,CUST01921,P013,Monitor,Electronics,Ahmedabad,Online,Credit Card,2,19685.55,0.1,39371.1,35433.99,0,9821.32,2025,12,December,Saturday,39371.1,35433.99
2025-12-06,ORD022631,CUST00960,P018,Jacket,Fashion,Kolkata,Store,UPI,1,5695.76,0.15,5695.76,4841.4,0,978.98,2025,12,December,Saturday,5695.76,4841.396
2025-12-06,ORD015616,CUST02219,P016,Sofa,Furniture,Surat,Store,UPI,1,38195.16,0.05,38195.16,36285.4,0,5582.62,2025,12,December,Saturday,38195.16,36285.402
2025-12-06,ORD049798,CUST03416,P017,Jeans,Fashion,Kolkata,Online,UPI,1,2586.79,0.1,2586.79,2328.11,0,487.67,2025,12,December,Saturday,2586.79,2328.111
2025-12-06,ORD005917,CUST03342,P006,Desk,Furniture,Hyderabad,Online,Cash,1,12003.89,0.05,12003.89,11403.7,0,1727.82,2025,12,December,Saturday,12003.89,11403.6955
2025-12-06,ORD021058,CUST01815,P019,Vacuum Cleaner,Home,Delhi,Store,Debit Card,1,8799.35,0.1,8799.35,7919.42,0,1385.3,2025,12,December,Saturday,8799.35,7919.415000000001
2025-12-06,ORD036935,CUST03781,P008,Running Shoes,Fashion,Ahmedabad,Online,UPI,2,4488.62,0.05,8977.24,8528.38,0,2138.87,2025,12,December,Saturday,8977.24,8528.377999999999
2025-12-06,ORD005168,CUST04010,P008,Running Shoes,Fashion,Surat,Store,Net Banking,1,4316.96,0.1,4316.96,3885.26,0,785.97,2025,12,December,Saturday,4316.96,3885.264
2025-12-06,ORD028698,CUST02326,P002,Smartphone,Electronics,Bengaluru,Online,UPI,2,29959.68,0.2,59919.36,47935.49,0,12078.37,2025,12,December,Saturday,59919.36,47935.488000000005
2025-12-06,ORD044366,CUST00499,P004,Smartwatch,Electronics,Delhi,Online,Debit Card,1,7356.89,0.0,7356.89,7356.89,0,759.27,2025,12,December,Saturday,7356.89,7356.89
2025-12-06,ORD040061,CUST00618,P003,Headphones,Electronics,Delhi,Online,Credit Card,1,4077.65,0.1,4077.65,3669.88,0,489.86,2025,12,December,Saturday,4077.65,3669.885
2025-12-06,ORD041754,CUST04082,P007,Backpack,Accessories,Kolkata,Online,UPI,4,1991.68,0.05,7966.72,7568.38,0,612.92,2025,12,December,Saturday,7966.72,7568.384
2025-12-06,ORD026052,CUST04040,P008,Running Shoes,Fashion,Mumbai,Online,Debit Card,4,4580.09,0.25,18320.36,13740.27,0,1508.37,2025,12,December,Saturday,18320.36,13740.27
2025-12-06,ORD000413,CUST03997,P016,Sofa,Furniture,Pune,Store,UPI,5,37187.32,0.1,185936.6,167342.94,0,21296.68,2025,12,December,Saturday,185936.6,167342.94
2025-12-06,ORD034603,CUST03147,P004,Smartwatch,Electronics,Surat,Online,UPI,1,7053.78,0.0,7053.78,7053.78,0,1356.61,2025,12,December,Saturday,7053.78,7053.78
2025-12-06,ORD014494,CUST03482,P008,Running Shoes,Fashion,Bengaluru,Online,UPI,4,4333.75,0.0,17335.0,17335.0,0,2103.49,2025,12,December,Saturday,17335.0,17335.0
2025-12-06,ORD003737,CUST00367,P013,Monitor,Electronics,Hyderabad,Online,UPI,4,17829.29,0.1,71317.16,64185.44,0,9481.04,2025,12,December,Saturday,71317.16,64185.444
2025-12-06,ORD017467,CUST02874,P009,T-Shirt,Fashion,Surat,Online,UPI,1,1315.44,0.0,1315.44,1315.44,0,130.21,2025,12,December,Saturday,1315.44,1315.44
2025-12-06,ORD035578,CUST04844,P004,Smartwatch,Electronics,Surat,Online,Credit Card,1,7414.99,0.1,7414.99,6673.49,0,1342.54,2025,12,December,Saturday,7414.99,6673.491
2025-12-06,ORD032547,CUST04799,P001,Laptop,Electronics,Hyderabad,Online,Debit Card,1,70808.46,0.1,70808.46,63727.61,0,7693.83,2025,12,December,Saturday,70808.46,63727.61400000001
2025-12-07,ORD015474,CUST02279,P014,Keyboard,Electronics,Mumbai,Online,Net Banking,1,2542.34,0.05,2542.34,2415.22,0,689.4,2025,12,December,Sunday,2542.34,2415.223
2025-12-07,ORD042118,CUST04166,P002,Smartphone,Electronics,Delhi,Store,UPI,3,26194.29,0.0,78582.87,78582.87,0,21695.33,2025,12,December,Sunday,78582.87,78582.87
2025-12-07,ORD021287,CUST02465,P011,Mixer Grinder,Home,Kolkata,Online,UPI,1,5014.59,0.2,5014.59,4011.67,0,420.04,2025,12,December,Sunday,5014.59,4011.6720000000005
2025-12-07,ORD043169,CUST00804,P005,Office Chair,Furniture,Kolkata,Online,Net Banking,1,9759.3,0.15,9759.3,8295.4,0,1203.25,2025,12,December,Sunday,9759.3,8295.404999999999
2025-12-07,ORD000286,CUST01391,P007,Backpack,Accessories,Kolkata,Store,UPI,1,2140.32,0.1,2140.32,1926.29,0,488.29,2025,12,December,Sunday,2140.32,1926.2880000000002
2025-12-07,ORD015618,CUST00234,P013,Monitor,Electronics,Chennai,Online,Net Banking,1,18012.06,0.2,18012.06,14409.65,0,3115.73,2025,12,December,Sunday,18012.06,14409.648000000001
2025-12-07,ORD033538,CUST04953,P002,Smartphone,Electronics,Surat,Online,UPI,2,25709.07,0.25,51418.14,38563.6,0,7045.1,2025,12,December,Sunday,51418.14,38563.604999999996
2025-12-07,ORD017830,CUST02405,P013,Monitor,Electronics,Ahmedabad,Online,UPI,2,19322.26,0.0,38644.52,38644.52,0,10087.5,2025,12,December,Sunday,38644.52,38644.52
2025-12-07,ORD046280,CUST03235,P003,Headphones,Electronics,Surat,Online,UPI,1,4544.81,0.05,4544.81,4317.57,0,857.26,2025,12,December,Sunday,4544.81,4317.5695000000005
2025-12-07,ORD043434,CUST02431,P007,Backpack,Accessories,Delhi,Online,UPI,1,2191.36,0.1,2191.36,1972.22,0,469.6,2025,12,December,Sunday,2191.36,1972.2240000000002
2025-12-07,ORD013983,CUST04217,P007,Backpack,Accessories,Bengaluru,Online,UPI,1,2206.58,0.25,2206.58,1654.94,0,114.33,2025,12,December,Sunday,2206.58,1654.935
2025-12-07,ORD026232,CUST03029,P002,Smartphone,Electronics,Bengaluru,Store,UPI,2,28583.26,0.15,57166.52,48591.54,0,6808.72,2025,12,December,Sunday,57166.52,48591.541999999994
2025-12-07,ORD018085,CUST03876,P020,Microwave,Home,Kolkata,Online,Credit Card,1,10845.28,0.1,10845.28,9760.75,0,2710.08,2025,12,December,Sunday,10845.28,9760.752
2025-12-07,ORD046507,CUST00587,P012,Air Fryer,Home,Pune,Store,Credit Card,1,6503.5,0.1,6503.5,5853.15,0,394.66,2025,12,December,Sunday,6503.5,5853.150000000001
2025-12-07,ORD019220,CUST03970,P014,Keyboard,Electronics,Bengaluru,Store,Credit Card,1,2520.63,0.2,2520.63,2016.5,0,342.36,2025,12,December,Sunday,2520.63,2016.5040000000001
2025-12-07,ORD031017,CUST02257,P010,Coffee Maker,Home,Chennai,Store,Net Banking,3,5069.8,0.1,15209.4,13688.46,0,3131.68,2025,12,December,Sunday,15209.400000000001,13688.46
2025-12-07,ORD003704,CUST00513,P001,Laptop,Electronics,Kolkata,Online,Net Banking,1,59856.57,0.2,59856.57,47885.26,0,10791.14,2025,12,December,Sunday,59856.57,47885.256
2025-12-07,ORD017727,CUST00509,P020,Microwave,Home,Pune,Online,Net Banking,4,11464.1,0.25,45856.4,34392.3,0,7425.63,2025,12,December,Sunday,45856.4,34392.3
2025-12-07,ORD026617,CUST04032,P002,Smartphone,Electronics,Bengaluru,Online,UPI,5,28404.46,0.15,142022.3,120718.95,0,13581.87,2025,12,December,Sunday,142022.3,120718.95499999999
2025-12-07,ORD021606,CUST03838,P019,Vacuum Cleaner,Home,Bengaluru,Store,Credit Card,5,8701.07,0.15,43505.35,36979.55,0,7101.61,2025,12,December,Sunday,43505.35,36979.5475
2025-12-07,ORD044756,CUST03647,P019,Vacuum Cleaner,Home,Hyderabad,Online,Credit Card,4,9757.56,0.25,39030.24,29272.68,0,4545.64,2025,12,December,Sunday,39030.24,29272.68
2025-12-07,ORD025420,CUST03973,P011,Mixer Grinder,Home,Surat,Online,UPI,2,4651.34,0.1,9302.68,8372.41,0,2100.4,2025,12,December,Sunday,9302.68,8372.412
2025-12-07,ORD034184,CUST01539,P017,Jeans,Fashion,Chennai,Store,Credit Card,3,2549.08,0.25,7647.24,5735.43,0,377.04,2025,12,December,Sunday,7647.24,5735.43
2025-12-07,ORD025283,CUST03900,P014,Keyboard,Electronics,Hyderabad,Store,UPI,3,2291.44,0.0,6874.32,6874.32,0,1655.73,2025,12,December,Sunday,6874.32,6874.32
2025-12-07,ORD025297,CUST02383,P006,Desk,Furniture,Kolkata,Online,Cash,1,12938.57,0.05,12938.57,12291.64,0,1634.68,2025,12,December,Sunday,12938.57,12291.6415
2025-12-07,ORD021107,CUST00823,P015,Dining Table,Furniture,Mumbai,Store,Net Banking,1,23586.66,0.0,23586.66,23586.66,0,3085.19,2025,12,December,Sunday,23586.66,23586.66
2025-12-07,ORD013946,CUST04429,P019,Vacuum Cleaner,Home,Chennai,Online,UPI,1,9795.88,0.1,9795.88,8816.29,0,1147.16,2025,12,December,Sunday,9795.88,8816.292
2025-12-07,ORD019809,CUST01573,P007,Backpack,Accessories,Jaipur,Online,UPI,2,1994.79,0.15,3989.58,3391.14,0,411.48,2025,12,December,Sunday,3989.58,3391.143
2025-12-07,ORD003037,CUST01473,P004,Smartwatch,Electronics,Mumbai,Online,Credit Card,2,6528.22,0.2,13056.44,10445.15,0,1440.51,2025,12,December,Sunday,13056.44,10445.152000000002
2025-12-07,ORD009088,CUST01075,P017,Jeans,Fashion,Hyderabad,Store,Credit Card,1,2912.4,0.15,2912.4,2475.54,0,301.86,2025,12,December,Sunday,2912.4,2475.54
2025-12-07,ORD011868,CUST04224,P005,Office Chair,Furniture,Chennai,Store,Credit Card,1,9296.79,0.1,9296.79,8367.11,0,979.5,2025,12,December,Sunday,9296.79,8367.111
2025-12-07,ORD043924,CUST00193,P017,Jeans,Fashion,Mumbai,Store,Credit Card,1,2906.98,0.1,2906.98,2616.28,0,695.13,2025,12,December,Sunday,2906.98,2616.282
2025-12-07,ORD024632,CUST00131,P014,Keyboard,Electronics,Chennai,Online,UPI,1,2427.25,0.05,2427.25,2305.89,0,458.53,2025,12,December,Sunday,2427.25,2305.8875
2025-12-07,ORD042588,CUST04884,P012,Air Fryer,Home,Mumbai,Store,UPI,2,6566.13,0.1,13132.26,11819.03,0,2017.93,2025,12,December,Sunday,13132.26,11819.034
2025-12-07,ORD026365,CUST00357,P016,Sofa,Furniture,Mumbai,Online,Cash,2,37973.89,0.1,75947.78,68353.0,0,13712.55,2025,12,December,Sunday,75947.78,68353.00200000001
2025-12-07,ORD010243,CUST03943,P015,Dining Table,Furniture,Surat,Store,Net Banking,1,22642.87,0.15,22642.87,19246.44,0,1262.62,2025,12,December,Sunday,22642.87,19246.4395
2025-12-07,ORD038065,CUST02243,P008,Running Shoes,Fashion,Ahmedabad,Store,Net Banking,3,3887.01,0.15,11661.03,9911.88,0,1653.51,2025,12,December,Sunday,11661.03,9911.8755
2025-12-07,ORD020421,CUST03336,P015,Dining Table,Furniture,Ahmedabad,Store,UPI,1,21632.55,0.05,21632.55,20550.92,0,1656.76,2025,12,December,Sunday,21632.55,20550.922499999997
2025-12-07,ORD033067,CUST00841,P002,Smartphone,Electronics,Bengaluru,Store,Net Banking,1,27166.33,0.2,27166.33,21733.06,0,3738.44,2025,12,December,Sunday,27166.33,21733.064000000002
2025-12-07,ORD012349,CUST00432,P002,Smartphone,Electronics,Bengaluru,Online,Credit Card,1,29757.77,0.0,29757.77,29757.77,0,8083.23,2025,12,December,Sunday,29757.77,29757.77
2025-12-07,ORD009360,CUST00643,P006,Desk,Furniture,Pune,Online,Cash,2,12299.79,0.1,24599.58,22139.62,0,3364.6,2025,12,December,Sunday,24599.58,22139.622000000003
2025-12-07,ORD049170,CUST02318,P016,Sofa,Furniture,Kolkata,Online,Debit Card,4,35206.87,0.15,140827.48,119703.36,0,27284.4,2025,12,December,Sunday,140827.48,119703.35800000001
2025-12-07,ORD011922,CUST04920,P017,Jeans,Fashion,Surat,Store,Cash,1,2937.73,0.0,2937.73,2937.73,1,-146.89,2025,12,December,Sunday,2937.73,2937.73
2025-12-07,ORD048052,CUST03807,P009,T-Shirt,Fashion,Kolkata,Online,UPI,1,1105.02,0.05,1105.02,1049.77,0,169.83,2025,12,December,Sunday,1105.02,1049.769
2025-12-07,ORD004481,CUST00184,P015,Dining Table,Furniture,Pune,Online,Cash,1,19897.43,0.1,19897.43,17907.69,0,4194.63,2025,12,December,Sunday,19897.43,17907.687
2025-12-07,ORD039906,CUST04723,P013,Monitor,Electronics,Chennai,Store,UPI,1,17959.43,0.2,17959.43,14367.54,0,1664.06,2025,12,December,Sunday,17959.43,14367.544000000002
2025-12-07,ORD026670,CUST02302,P011,Mixer Grinder,Home,Bengaluru,Store,Debit Card,1,4427.07,0.05,4427.07,4205.72,0,517.01,2025,12,December,Sunday,4427.07,4205.7164999999995
2025-12-07,ORD012906,CUST01402,P020,Microwave,Home,Surat,Online,UPI,1,10942.81,0.15,10942.81,9301.39,0,848.57,2025,12,December,Sunday,10942.81,9301.3885
2025-12-07,ORD015782,CUST00414,P003,Headphones,Electronics,Bengaluru,Online,UPI,1,4672.16,0.15,4672.16,3971.34,0,751.98,2025,12,December,Sunday,4672.16,3971.336
2025-12-07,ORD031979,CUST01133,P011,Mixer Grinder,Home,Delhi,Online,UPI,1,4999.74,0.0,4999.74,4999.74,0,1104.67,2025,12,December,Sunday,4999.74,4999.74
2025-12-07,ORD043316,CUST03334,P009,T-Shirt,Fashion,Bengaluru,Store,UPI,2,1240.48,0.1,2480.96,2232.86,0,314.34,2025,12,December,Sunday,2480.96,2232.864
2025-12-07,ORD021579,CUST01435,P019,Vacuum Cleaner,Home,Jaipur,Store,UPI,1,8728.63,0.1,8728.63,7855.77,0,1962.77,2025,12,December,Sunday,8728.63,7855.767
2025-12-07,ORD038357,CUST03598,P007,Backpack,Accessories,Mumbai,Online,UPI,1,2241.66,0.2,2241.66,1793.33,0,361.4,2025,12,December,Sunday,2241.66,1793.328
2025-12-07,ORD005891,CUST01529,P006,Desk,Furniture,Jaipur,Store,Debit Card,1,11444.34,0.05,11444.34,10872.12,0,2310.85,2025,12,December,Sunday,11444.34,10872.123
2025-12-07,ORD049629,CUST02062,P019,Vacuum Cleaner,Home,Kolkata,Store,UPI,2,9307.39,0.0,18614.78,18614.78,0,3876.7,2025,12,December,Sunday,18614.78,18614.78
2025-12-07,ORD010738,CUST02592,P001,Laptop,Electronics,Chennai,Store,UPI,2,66244.67,0.0,132489.34,132489.34,0,28171.22,2025,12,December,Sunday,132489.34,132489.34
2025-12-07,ORD027351,CUST00988,P002,Smartphone,Electronics,Pune,Online,Credit Card,2,27054.76,0.1,54109.52,48698.57,0,10886.41,2025,12,December,Sunday,54109.52,48698.568
2025-12-07,ORD003959,CUST00780,P009,T-Shirt,Fashion,Chennai,Online,UPI,1,1193.36,0.0,1193.36,1193.36,1,-59.67,2025,12,December,Sunday,1193.36,1193.36
2025-12-07,ORD003904,CUST03812,P017,Jeans,Fashion,Chennai,Store,Cash,3,2678.36,0.05,8035.08,7633.33,0,865.74,2025,12,December,Sunday,8035.08,7633.326
2025-12-07,ORD005930,CUST02460,P013,Monitor,Electronics,Pune,Online,UPI,1,19364.17,0.1,19364.17,17427.75,0,4699.52,2025,12,December,Sunday,19364.17,17427.753
2025-12-07,ORD014180,CUST00244,P012,Air Fryer,Home,Mumbai,Online,Credit Card,1,6593.6,0.05,6593.6,6263.92,0,1119.28,2025,12,December,Sunday,6593.6,6263.92
2025-12-07,ORD008293,CUST00386,P012,Air Fryer,Home,Jaipur,Online,Cash,1,6963.73,0.2,6963.73,5570.98,0,1140.36,2025,12,December,Sunday,6963.73,5570.984
2025-12-07,ORD011432,CUST02606,P012,Air Fryer,Home,Jaipur,Store,Credit Card,2,6899.78,0.1,13799.56,12419.6,0,2721.73,2025,12,December,Sunday,13799.56,12419.604
2025-12-07,ORD032352,CUST04806,P009,T-Shirt,Fashion,Jaipur,Online,Net Banking,3,1135.84,0.15,3407.52,2896.39,0,173.49,2025,12,December,Sunday,3407.5199999999995,2896.392
2025-12-07,ORD030634,CUST02474,P019,Vacuum Cleaner,Home,Bengaluru,Online,UPI,1,8712.47,0.2,8712.47,6969.98,0,692.19,2025,12,December,Sunday,8712.47,6969.976
2025-12-08,ORD001481,CUST04896,P001,Laptop,Electronics,Surat,Online,Credit Card,4,65558.85,0.0,262235.4,262235.4,0,36637.25,2025,12,December,Monday,262235.4,262235.4
2025-12-08,ORD001490,CUST02106,P005,Office Chair,Furniture,Ahmedabad,Store,Net Banking,3,9684.23,0.0,29052.69,29052.69,0,2552.23,2025,12,December,Monday,29052.69,29052.69
2025-12-08,ORD006959,CUST03038,P004,Smartwatch,Electronics,Hyderabad,Store,UPI,1,7357.32,0.2,7357.32,5885.86,0,473.47,2025,12,December,Monday,7357.32,5885.856
2025-12-08,ORD016503,CUST03640,P002,Smartphone,Electronics,Ahmedabad,Online,UPI,4,27228.15,0.0,108912.6,108912.6,0,22165.92,2025,12,December,Monday,108912.6,108912.6
2025-12-08,ORD009118,CUST00629,P012,Air Fryer,Home,Delhi,Online,UPI,1,7374.34,0.0,7374.34,7374.34,0,1012.95,2025,12,December,Monday,7374.34,7374.34
2025-12-08,ORD048449,CUST04549,P017,Jeans,Fashion,Jaipur,Online,Credit Card,4,2822.29,0.1,11289.16,10160.24,0,1620.25,2025,12,December,Monday,11289.16,10160.244
2025-12-08,ORD038180,CUST00138,P001,Laptop,Electronics,Hyderabad,Online,UPI,1,60093.73,0.15,60093.73,51079.67,0,4973.65,2025,12,December,Monday,60093.73,51079.6705
2025-12-08,ORD031142,CUST02546,P005,Office Chair,Furniture,Surat,Store,Net Banking,1,9528.64,0.0,9528.64,9528.64,0,2326.83,2025,12,December,Monday,9528.64,9528.64
2025-12-08,ORD023228,CUST02467,P012,Air Fryer,Home,Surat,Online,Credit Card,1,7540.7,0.05,7540.7,7163.66,0,634.37,2025,12,December,Monday,7540.7,7163.664999999999
2025-12-08,ORD025765,CUST04436,P011,Mixer Grinder,Home,Delhi,Online,UPI,2,4514.7,0.15,9029.4,7674.99,0,866.99,2025,12,December,Monday,9029.4,7674.99
2025-12-08,ORD018280,CUST01511,P019,Vacuum Cleaner,Home,Ahmedabad,Online,UPI,1,9093.26,0.1,9093.26,8183.93,0,1553.6,2025,12,December,Monday,9093.26,8183.934
2025-12-08,ORD016918,CUST04581,P016,Sofa,Furniture,Mumbai,Online,UPI,3,33669.47,0.25,101008.41,75756.31,0,13616.91,2025,12,December,Monday,101008.41,75756.3075
2025-12-08,ORD020493,CUST03488,P006,Desk,Furniture,Mumbai,Online,Debit Card,2,10824.46,0.1,21648.92,19484.03,0,4037.32,2025,12,December,Monday,21648.92,19484.028
2025-12-08,ORD028956,CUST04080,P020,Microwave,Home,Kolkata,Online,Debit Card,3,11083.81,0.05,33251.43,31588.86,0,4663.74,2025,12,December,Monday,33251.43,31588.8585
2025-12-08,ORD009179,CUST00570,P020,Microwave,Home,Mumbai,Store,Debit Card,1,11747.06,0.1,11747.06,10572.35,0,2656.43,2025,12,December,Monday,11747.06,10572.354
2025-12-08,ORD034034,CUST04208,P014,Keyboard,Electronics,Ahmedabad,Store,Debit Card,1,2588.07,0.15,2588.07,2199.86,0,245.02,2025,12,December,Monday,2588.07,2199.8595
2025-12-08,ORD002230,CUST01368,P005,Office Chair,Furniture,Jaipur,Online,UPI,1,10204.32,0.05,10204.32,9694.1,0,1316.8,2025,12,December,Monday,10204.32,9694.104
2025-12-08,ORD035916,CUST02744,P010,Coffee Maker,Home,Mumbai,Online,UPI,2,5496.85,0.2,10993.7,8794.96,0,1114.12,2025,12,December,Monday,10993.7,8794.960000000001
2025-12-08,ORD027237,CUST00295,P010,Coffee Maker,Home,Kolkata,Online,UPI,2,5009.56,0.1,10019.12,9017.21,0,2303.28,2025,12,December,Monday,10019.12,9017.208
2025-12-08,ORD020133,CUST03207,P005,Office Chair,Furniture,Kolkata,Online,UPI,5,9801.66,0.1,49008.3,44107.47,1,-2205.37,2025,12,December,Monday,49008.3,44107.47
2025-12-08,ORD041291,CUST02268,P012,Air Fryer,Home,Kolkata,Online,Credit Card,3,6963.55,0.05,20890.65,19846.12,0,4814.54,2025,12,December,Monday,20890.65,19846.1175
2025-12-08,ORD040020,CUST02663,P009,T-Shirt,Fashion,Surat,Online,Credit Card,1,1289.87,0.1,1289.87,1160.88,0,274.67,2025,12,December,Monday,1289.87,1160.883
2025-12-08,ORD048479,CUST00527,P015,Dining Table,Furniture,Surat,Online,Credit Card,1,23345.7,0.15,23345.7,19843.84,0,4382.71,2025,12,December,Monday,23345.7,19843.845
2025-12-08,ORD044742,CUST01913,P001,Laptop,Electronics,Surat,Online,UPI,2,60758.44,0.15,121516.88,103289.35,0,9820.48,2025,12,December,Monday,121516.88,103289.348
2025-12-08,ORD040507,CUST01040,P001,Laptop,Electronics,Jaipur,Store,Credit Card,3,64987.87,0.05,194963.61,185215.43,0,48175.26,2025,12,December,Monday,194963.61000000002,185215.42949999997
2025-12-08,ORD043634,CUST00501,P006,Desk,Furniture,Pune,Online,Cash,1,12112.11,0.1,12112.11,10900.9,0,1952.45,2025,12,December,Monday,12112.11,10900.899000000001
2025-12-08,ORD034145,CUST01148,P004,Smartwatch,Electronics,Delhi,Online,Net Banking,2,6565.99,0.0,13131.98,13131.98,0,2524.16,2025,12,December,Monday,13131.98,13131.98
2025-12-08,ORD002008,CUST01832,P008,Running Shoes,Fashion,Delhi,Online,Net Banking,1,3876.03,0.2,3876.03,3100.82,0,397.76,2025,12,December,Monday,3876.03,3100.8240000000005
2025-12-08,ORD042668,CUST04911,P012,Air Fryer,Home,Delhi,Online,UPI,2,7133.95,0.15,14267.9,12127.72,0,2296.71,2025,12,December,Monday,14267.9,12127.715
2025-12-08,ORD040715,CUST00691,P016,Sofa,Furniture,Mumbai,Store,Credit Card,1,37335.64,0.15,37335.64,31735.29,0,6620.49,2025,12,December,Monday,37335.64,31735.293999999998
2025-12-08,ORD035745,CUST03653,P005,Office Chair,Furniture,Bengaluru,Online,UPI,1,9717.16,0.05,9717.16,9231.3,0,2438.56,2025,12,December,Monday,9717.16,9231.302
2025-12-08,ORD006710,CUST00269,P017,Jeans,Fashion,Hyderabad,Online,Net Banking,2,2980.08,0.0,5960.16,5960.16,0,1579.86,2025,12,December,Monday,5960.16,5960.16
2025-12-08,ORD007423,CUST00317,P002,Smartphone,Electronics,Ahmedabad,Online,Credit Card,1,27372.25,0.05,27372.25,26003.64,0,6531.55,2025,12,December,Monday,27372.25,26003.637499999997
2025-12-08,ORD019630,CUST03342,P011,Mixer Grinder,Home,Bengaluru,Online,UPI,3,4342.56,0.1,13027.68,11724.91,0,1384.13,2025,12,December,Monday,13027.68,11724.912
2025-12-08,ORD011288,CUST02756,P014,Keyboard,Electronics,Delhi,Store,UPI,1,2348.89,0.0,2348.89,2348.89,0,353.71,2025,12,December,Monday,2348.89,2348.89
2025-12-08,ORD049677,CUST00810,P011,Mixer Grinder,Home,Jaipur,Online,Net Banking,1,4503.08,0.05,4503.08,4277.93,0,652.18,2025,12,December,Monday,4503.08,4277.9259999999995
2025-12-08,ORD034721,CUST00180,P012,Air Fryer,Home,Mumbai,Online,Credit Card,1,7303.78,0.05,7303.78,6938.59,0,992.28,2025,12,December,Monday,7303.78,6938.590999999999
2025-12-08,ORD000669,CUST04542,P014,Keyboard,Electronics,Hyderabad,Online,Debit Card,1,2382.15,0.1,2382.15,2143.94,0,369.82,2025,12,December,Monday,2382.15,2143.935
2025-12-08,ORD031724,CUST01194,P014,Keyboard,Electronics,Ahmedabad,Online,UPI,1,2377.55,0.05,2377.55,2258.67,0,528.99,2025,12,December,Monday,2377.55,2258.6725
2025-12-08,ORD031830,CUST03719,P004,Smartwatch,Electronics,Mumbai,Online,UPI,1,7107.42,0.1,7107.42,6396.68,0,469.33,2025,12,December,Monday,7107.42,6396.678
2025-12-08,ORD026454,CUST04983,P012,Air Fryer,Home,Kolkata,Online,Debit Card,1,7760.71,0.05,7760.71,7372.67,0,1024.0,2025,12,December,Monday,7760.71,7372.6745
2025-12-08,ORD024948,CUST03142,P016,Sofa,Furniture,Surat,Store,UPI,2,35619.72,0.05,71239.44,67677.47,0,15512.33,2025,12,December,Monday,71239.44,67677.468
2025-12-08,ORD005326,CUST02755,P016,Sofa,Furniture,Delhi,Online,Credit Card,1,37213.05,0.0,37213.05,37213.05,0,7911.11,2025,12,December,Monday,37213.05,37213.05
2025-12-08,ORD040138,CUST02441,P006,Desk,Furniture,Surat,Online,Debit Card,1,12321.11,0.0,12321.11,12321.11,0,1989.23,2025,12,December,Monday,12321.11,12321.11
2025-12-08,ORD036694,CUST01305,P011,Mixer Grinder,Home,Surat,Store,Debit Card,1,4667.5,0.05,4667.5,4434.12,0,748.97,2025,12,December,Monday,4667.5,4434.125
2025-12-08,ORD019897,CUST02535,P017,Jeans,Fashion,Mumbai,Online,UPI,1,2524.78,0.0,2524.78,2524.78,0,549.47,2025,12,December,Monday,2524.78,2524.78
2025-12-08,ORD008834,CUST00595,P017,Jeans,Fashion,Delhi,Store,UPI,1,2932.54,0.1,2932.54,2639.29,0,200.22,2025,12,December,Monday,2932.54,2639.286
2025-12-08,ORD003797,CUST03999,P006,Desk,Furniture,Mumbai,Online,Debit Card,1,11376.85,0.1,11376.85,10239.17,0,1191.93,2025,12,December,Monday,11376.85,10239.165
2025-12-08,ORD035095,CUST03730,P017,Jeans,Fashion,Bengaluru,Online,Net Banking,1,2978.76,0.15,2978.76,2531.95,0,588.6,2025,12,December,Monday,2978.76,2531.946
2025-12-08,ORD001375,CUST02447,P011,Mixer Grinder,Home,Mumbai,Store,Debit Card,1,4353.58,0.2,4353.58,3482.86,0,693.09,2025,12,December,Monday,4353.58,3482.864
2025-12-08,ORD030196,CUST04151,P010,Coffee Maker,Home,Mumbai,Store,Debit Card,1,4964.75,0.15,4964.75,4220.04,0,992.09,2025,12,December,Monday,4964.75,4220.037499999999
2025-12-08,ORD048599,CUST04345,P020,Microwave,Home,Kolkata,Online,UPI,1,10794.13,0.15,10794.13,9175.01,0,2092.84,2025,12,December,Monday,10794.13,9175.010499999999
2025-12-08,ORD038551,CUST00394,P013,Monitor,Electronics,Surat,Online,UPI,1,17187.46,0.15,17187.46,14609.34,0,2009.95,2025,12,December,Monday,17187.46,14609.340999999999
2025-12-08,ORD049543,CUST00834,P016,Sofa,Furniture,Chennai,Online,Debit Card,1,37377.02,0.1,37377.02,33639.32,0,3658.13,2025,12,December,Monday,37377.02,33639.318
2025-12-08,ORD049622,CUST03906,P016,Sofa,Furniture,Delhi,Online,Net Banking,1,34361.58,0.05,34361.58,32643.5,0,7157.11,2025,12,December,Monday,34361.58,32643.501
2025-12-08,ORD048310,CUST04028,P002,Smartphone,Electronics,Pune,Online,Net Banking,3,29187.34,0.25,87562.02,65671.52,0,12160.71,2025,12,December,Monday,87562.02,65671.515
2025-12-08,ORD002504,CUST01384,P001,Laptop,Electronics,Pune,Store,UPI,2,66176.39,0.05,132352.78,125735.14,0,36069.5,2025,12,December,Monday,132352.78,125735.14099999999
2025-12-08,ORD015640,CUST02830,P010,Coffee Maker,Home,Bengaluru,Online,UPI,1,5894.57,0.15,5894.57,5010.38,0,1068.61,2025,12,December,Monday,5894.57,5010.384499999999
2025-12-08,ORD039889,CUST02745,P016,Sofa,Furniture,Surat,Online,Credit Card,1,32936.21,0.0,32936.21,32936.21,0,5373.53,2025,12,December,Monday,32936.21,32936.21
2025-12-08,ORD042477,CUST02860,P001,Laptop,Electronics,Hyderabad,Online,UPI,1,61119.69,0.0,61119.69,61119.69,0,6091.43,2025,12,December,Monday,61119.69,61119.69
2025-12-08,ORD047948,CUST00359,P012,Air Fryer,Home,Bengaluru,Online,Debit Card,4,7133.1,0.05,28532.4,27105.78,0,6394.24,2025,12,December,Monday,28532.4,27105.78
2025-12-08,ORD008806,CUST02646,P017,Jeans,Fashion,Surat,Store,UPI,1,3010.18,0.0,3010.18,3010.18,0,816.01,2025,12,December,Monday,3010.18,3010.18
2025-12-08,ORD033518,CUST01429,P003,Headphones,Electronics,Surat,Online,Credit Card,5,4411.77,0.1,22058.85,19852.97,0,3613.83,2025,12,December,Monday,22058.850000000002,19852.965
2025-12-08,ORD004222,CUST04626,P004,Smartwatch,Electronics,Chennai,Online,Credit Card,1,6767.23,0.05,6767.23,6428.87,0,1164.51,2025,12,December,Monday,6767.23,6428.8685
2025-12-08,ORD034710,CUST00797,P011,Mixer Grinder,Home,Chennai,Online,Credit Card,5,4426.03,0.0,22130.15,22130.15,0,4598.88,2025,12,December,Monday,22130.149999999998,22130.15
2025-12-08,ORD010954,CUST00654,P014,Keyboard,Electronics,Ahmedabad,Store,UPI,1,2540.76,0.1,2540.76,2286.68,0,583.78,2025,12,December,Monday,2540.76,2286.684
2025-12-09,ORD016266,CUST01997,P005,Office Chair,Furniture,Delhi,Store,UPI,1,8641.88,0.05,8641.88,8209.79,0,2361.17,2025,12,December,Tuesday,8641.88,8209.785999999998
2025-12-09,ORD049893,CUST02204,P009,T-Shirt,Fashion,Hyderabad,Store,Debit Card,1,1297.69,0.0,1297.69,1297.69,0,112.02,2025,12,December,Tuesday,1297.69,1297.69
2025-12-09,ORD025153,CUST02353,P011,Mixer Grinder,Home,Chennai,Online,Net Banking,1,5236.98,0.0,5236.98,5236.98,0,1423.27,2025,12,December,Tuesday,5236.98,5236.98
2025-12-09,ORD048508,CUST04222,P007,Backpack,Accessories,Bengaluru,Online,Debit Card,2,2308.92,0.0,4617.84,4617.84,0,815.95,2025,12,December,Tuesday,4617.84,4617.84
2025-12-09,ORD032316,CUST04529,P018,Jacket,Fashion,Mumbai,Store,Credit Card,1,4905.0,0.1,4905.0,4414.5,0,503.66,2025,12,December,Tuesday,4905.0,4414.5
2025-12-09,ORD012543,CUST04805,P016,Sofa,Furniture,Jaipur,Online,Credit Card,1,34517.94,0.1,34517.94,31066.15,0,2440.77,2025,12,December,Tuesday,34517.94,31066.146000000004
2025-12-09,ORD041608,CUST03505,P018,Jacket,Fashion,Bengaluru,Online,Debit Card,1,5298.93,0.1,5298.93,4769.04,0,1219.51,2025,12,December,Tuesday,5298.93,4769.037
2025-12-09,ORD011850,CUST02107,P008,Running Shoes,Fashion,Bengaluru,Online,UPI,2,4417.32,0.1,8834.64,7951.18,0,878.24,2025,12,December,Tuesday,8834.64,7951.1759999999995
2025-12-09,ORD046752,CUST04490,P015,Dining Table,Furniture,Jaipur,Online,Debit Card,1,23896.09,0.1,23896.09,21506.48,0,1349.5,2025,12,December,Tuesday,23896.09,21506.481
2025-12-09,ORD022159,CUST04206,P008,Running Shoes,Fashion,Bengaluru,Online,UPI,1,4314.31,0.0,4314.31,4314.31,0,719.69,2025,12,December,Tuesday,4314.31,4314.31
2025-12-09,ORD046646,CUST00054,P010,Coffee Maker,Home,Surat,Online,Debit Card,1,5244.16,0.0,5244.16,5244.16,0,1241.9,2025,12,December,Tuesday,5244.16,5244.16
2025-12-09,ORD000529,CUST00204,P018,Jacket,Fashion,Pune,Online,UPI,1,5234.66,0.1,5234.66,4711.19,0,458.0,2025,12,December,Tuesday,5234.66,4711.194
2025-12-09,ORD008519,CUST04783,P010,Coffee Maker,Home,Delhi,Store,UPI,1,5028.63,0.0,5028.63,5028.63,0,820.24,2025,12,December,Tuesday,5028.63,5028.63
2025-12-09,ORD022055,CUST04769,P018,Jacket,Fashion,Ahmedabad,Online,UPI,1,4906.1,0.05,4906.1,4660.8,0,813.57,2025,12,December,Tuesday,4906.1,4660.795
2025-12-09,ORD024009,CUST00284,P003,Headphones,Electronics,Chennai,Online,UPI,3,4866.59,0.2,14599.77,11679.82,0,2087.73,2025,12,December,Tuesday,14599.77,11679.816
2025-12-09,ORD048727,CUST04055,P017,Jeans,Fashion,Pune,Online,Credit Card,5,2681.01,0.1,13405.05,12064.55,0,2066.17,2025,12,December,Tuesday,13405.050000000001,12064.545
2025-12-09,ORD020404,CUST03214,P013,Monitor,Electronics,Jaipur,Store,Debit Card,2,19318.94,0.15,38637.88,32842.2,0,4679.35,2025,12,December,Tuesday,38637.88,32842.198
2025-12-09,ORD007778,CUST03262,P007,Backpack,Accessories,Mumbai,Online,Debit Card,1,2357.98,0.25,2357.98,1768.48,0,217.81,2025,12,December,Tuesday,2357.98,1768.4850000000001
2025-12-09,ORD049079,CUST01814,P009,T-Shirt,Fashion,Chennai,Online,Debit Card,1,1291.02,0.1,1291.02,1161.92,0,87.24,2025,12,December,Tuesday,1291.02,1161.9180000000001
2025-12-09,ORD024069,CUST02092,P020,Microwave,Home,Chennai,Online,UPI,1,10946.88,0.0,10946.88,10946.88,0,1638.38,2025,12,December,Tuesday,10946.88,10946.88
2025-12-09,ORD021013,CUST01381,P001,Laptop,Electronics,Delhi,Online,Credit Card,2,69562.56,0.15,139125.12,118256.35,0,29450.37,2025,12,December,Tuesday,139125.12,118256.352
2025-12-09,ORD015304,CUST01159,P014,Keyboard,Electronics,Chennai,Store,UPI,1,2607.31,0.15,2607.31,2216.21,0,348.14,2025,12,December,Tuesday,2607.31,2216.2135
2025-12-09,ORD016353,CUST01979,P013,Monitor,Electronics,Chennai,Online,Credit Card,5,19320.63,0.0,96603.15,96603.15,0,14545.29,2025,12,December,Tuesday,96603.15000000001,96603.15
2025-12-09,ORD037398,CUST01870,P020,Microwave,Home,Pune,Online,UPI,2,10278.65,0.0,20557.3,20557.3,0,5980.53,2025,12,December,Tuesday,20557.3,20557.3
2025-12-09,ORD003000,CUST00032,P012,Air Fryer,Home,Ahmedabad,Store,Debit Card,1,7032.79,0.15,7032.79,5977.87,0,1045.23,2025,12,December,Tuesday,7032.79,5977.8715
2025-12-09,ORD016239,CUST03559,P016,Sofa,Furniture,Hyderabad,Online,UPI,1,32030.19,0.2,32030.19,25624.15,0,1521.06,2025,12,December,Tuesday,32030.19,25624.152000000002
2025-12-09,ORD037570,CUST00962,P003,Headphones,Electronics,Surat,Online,Credit Card,1,4839.87,0.05,4839.87,4597.88,0,909.49,2025,12,December,Tuesday,4839.87,4597.876499999999
2025-12-09,ORD039337,CUST00657,P018,Jacket,Fashion,Bengaluru,Online,UPI,1,5705.12,0.15,5705.12,4849.35,0,428.89,2025,12,December,Tuesday,5705.12,4849.352
2025-12-09,ORD040157,CUST00561,P006,Desk,Furniture,Hyderabad,Store,Credit Card,1,12140.42,0.2,12140.42,9712.34,0,973.64,2025,12,December,Tuesday,12140.42,9712.336000000001
2025-12-09,ORD046389,CUST02505,P009,T-Shirt,Fashion,Pune,Online,Credit Card,1,1162.11,0.1,1162.11,1045.9,0,107.21,2025,12,December,Tuesday,1162.11,1045.899
2025-12-09,ORD046803,CUST00718,P009,T-Shirt,Fashion,Surat,Online,UPI,1,1290.66,0.15,1290.66,1097.06,0,228.17,2025,12,December,Tuesday,1290.66,1097.0610000000001
2025-12-09,ORD042120,CUST01083,P014,Keyboard,Electronics,Bengaluru,Store,UPI,2,2712.95,0.15,5425.9,4612.01,0,254.6,2025,12,December,Tuesday,5425.9,4612.014999999999
2025-12-09,ORD020947,CUST00765,P011,Mixer Grinder,Home,Hyderabad,Online,Credit Card,2,4653.0,0.2,9306.0,7444.8,1,-372.24,2025,12,December,Tuesday,9306.0,7444.8
2025-12-09,ORD036776,CUST03387,P008,Running Shoes,Fashion,Pune,Online,Net Banking,1,4284.11,0.0,4284.11,4284.11,0,695.58,2025,12,December,Tuesday,4284.11,4284.11
2025-12-09,ORD034552,CUST03859,P013,Monitor,Electronics,Bengaluru,Online,UPI,1,17284.07,0.15,17284.07,14691.46,0,1257.86,2025,12,December,Tuesday,17284.07,14691.459499999999
2025-12-09,ORD043939,CUST03356,P017,Jeans,Fashion,Surat,Store,Cash,1,2837.68,0.05,2837.68,2695.8,0,590.08,2025,12,December,Tuesday,2837.68,2695.796
2025-12-09,ORD030590,CUST04417,P004,Smartwatch,Electronics,Chennai,Store,Debit Card,1,7269.91,0.2,7269.91,5815.93,0,965.48,2025,12,December,Tuesday,7269.91,5815.928
2025-12-09,ORD034126,CUST01390,P008,Running Shoes,Fashion,Bengaluru,Store,UPI,2,3917.36,0.15,7834.72,6659.51,0,677.38,2025,12,December,Tuesday,7834.72,6659.512
2025-12-09,ORD008854,CUST04606,P010,Coffee Maker,Home,Delhi,Online,Net Banking,1,6045.81,0.0,6045.81,6045.81,0,1734.0,2025,12,December,Tuesday,6045.81,6045.81
2025-12-09,ORD045138,CUST04501,P018,Jacket,Fashion,Ahmedabad,Online,UPI,2,4782.13,0.1,9564.26,8607.83,0,1406.51,2025,12,December,Tuesday,9564.26,8607.834
2025-12-09,ORD013088,CUST00935,P015,Dining Table,Furniture,Pune,Online,Debit Card,5,20289.82,0.1,101449.1,91304.19,0,20446.64,2025,12,December,Tuesday,101449.1,91304.19
2025-12-09,ORD031148,CUST04975,P008,Running Shoes,Fashion,Surat,Store,UPI,5,3925.02,0.05,19625.1,18643.84,0,2235.9,2025,12,December,Tuesday,19625.1,18643.844999999998
2025-12-09,ORD035150,CUST02583,P010,Coffee Maker,Home,Delhi,Online,UPI,1,5756.25,0.1,5756.25,5180.62,0,394.22,2025,12,December,Tuesday,5756.25,5180.625
2025-12-09,ORD010324,CUST00999,P006,Desk,Furniture,Hyderabad,Store,Cash,1,12471.88,0.15,12471.88,10601.1,0,2022.51,2025,12,December,Tuesday,12471.88,10601.097999999998
2025-12-09,ORD044754,CUST01012,P020,Microwave,Home,Mumbai,Online,Cash,1,10422.27,0.0,10422.27,10422.27,0,1956.52,2025,12,December,Tuesday,10422.27,10422.27
2025-12-09,ORD030752,CUST04904,P009,T-Shirt,Fashion,Pune,Online,UPI,2,1289.86,0.1,2579.72,2321.75,0,318.2,2025,12,December,Tuesday,2579.72,2321.748
2025-12-09,ORD019751,CUST04790,P008,Running Shoes,Fashion,Bengaluru,Online,UPI,2,4363.79,0.1,8727.58,7854.82,0,478.63,2025,12,December,Tuesday,8727.58,7854.822
2025-12-09,ORD030930,CUST03015,P012,Air Fryer,Home,Bengaluru,Store,Debit Card,1,7296.37,0.0,7296.37,7296.37,0,1243.34,2025,12,December,Tuesday,7296.37,7296.37
2025-12-09,ORD017310,CUST04572,P020,Microwave,Home,Chennai,Online,UPI,1,11265.1,0.05,11265.1,10701.84,0,1066.57,2025,12,December,Tuesday,11265.1,10701.845
2025-12-09,ORD012069,CUST03713,P005,Office Chair,Furniture,Mumbai,Online,UPI,5,9803.16,0.15,49015.8,41663.43,0,8039.21,2025,12,December,Tuesday,49015.8,41663.43
2025-12-09,ORD038387,CUST01354,P015,Dining Table,Furniture,Kolkata,Store,UPI,2,21475.55,0.1,42951.1,38655.99,0,4412.35,2025,12,December,Tuesday,42951.1,38655.99
2025-12-09,ORD017351,CUST02027,P019,Vacuum Cleaner,Home,Hyderabad,Online,UPI,2,8383.13,0.25,16766.26,12574.7,0,1109.1,2025,12,December,Tuesday,16766.26,12574.695
2025-12-09,ORD012130,CUST00126,P001,Laptop,Electronics,Pune,Store,Debit Card,2,65061.28,0.1,130122.56,117110.3,0,22957.45,2025,12,December,Tuesday,130122.56,117110.304
2025-12-09,ORD008779,CUST02605,P008,Running Shoes,Fashion,Hyderabad,Store,UPI,3,4342.51,0.0,13027.53,13027.53,0,2462.97,2025,12,December,Tuesday,13027.53,13027.53
2025-12-09,ORD012791,CUST00880,P013,Monitor,Electronics,Chennai,Online,Debit Card,1,17506.11,0.05,17506.11,16630.8,0,3032.3,2025,12,December,Tuesday,17506.11,16630.8045
2025-12-09,ORD029501,CUST04496,P013,Monitor,Electronics,Delhi,Online,Debit Card,1,19532.52,0.0,19532.52,19532.52,0,1819.94,2025,12,December,Tuesday,19532.52,19532.52
2025-12-09,ORD044828,CUST01498,P014,Keyboard,Electronics,Chennai,Store,Debit Card,1,2292.08,0.15,2292.08,1948.27,0,512.34,2025,12,December,Tuesday,2292.08,1948.2679999999998
2025-12-09,ORD049645,CUST01767,P003,Headphones,Electronics,Kolkata,Store,UPI,1,4612.55,0.0,4612.55,4612.55,0,1091.58,2025,12,December,Tuesday,4612.55,4612.55
2025-12-09,ORD045927,CUST00071,P010,Coffee Maker,Home,Ahmedabad,Online,UPI,5,5917.89,0.1,29589.45,26630.5,0,2686.59,2025,12,December,Tuesday,29589.45,26630.505
2025-12-09,ORD036061,CUST04842,P018,Jacket,Fashion,Kolkata,Online,Credit Card,1,5671.3,0.0,5671.3,5671.3,1,-283.56,2025,12,December,Tuesday,5671.3,5671.3
2025-12-09,ORD047679,CUST00202,P004,Smartwatch,Electronics,Delhi,Online,UPI,1,6306.6,0.15,6306.6,5360.61,0,1060.48,2025,12,December,Tuesday,6306.6,5360.610000000001
2025-12-09,ORD027815,CUST00217,P014,Keyboard,Electronics,Kolkata,Store,UPI,1,2730.45,0.1,2730.45,2457.4,0,345.16,2025,12,December,Tuesday,2730.45,2457.4049999999997
2025-12-09,ORD031026,CUST02270,P006,Desk,Furniture,Mumbai,Online,UPI,1,11913.41,0.1,11913.41,10722.07,0,1160.9,2025,12,December,Tuesday,11913.41,10722.069
2025-12-09,ORD040338,CUST04639,P008,Running Shoes,Fashion,Kolkata,Online,UPI,1,4169.35,0.1,4169.35,3752.42,0,588.65,2025,12,December,Tuesday,4169.35,3752.4150000000004
2025-12-09,ORD012598,CUST01179,P003,Headphones,Electronics,Bengaluru,Online,Debit Card,1,4749.47,0.05,4749.47,4512.0,0,684.22,2025,12,December,Tuesday,4749.47,4511.9965
2025-12-09,ORD005586,CUST01414,P002,Smartphone,Electronics,Chennai,Online,Credit Card,1,30647.2,0.1,30647.2,27582.48,0,4729.82,2025,12,December,Tuesday,30647.2,27582.48
2025-12-09,ORD034016,CUST00550,P015,Dining Table,Furniture,Kolkata,Store,UPI,2,20458.44,0.0,40916.88,40916.88,0,10007.17,2025,12,December,Tuesday,40916.88,40916.88
2025-12-09,ORD030841,CUST04609,P007,Backpack,Accessories,Surat,Online,UPI,1,2322.79,0.05,2322.79,2206.65,0,499.46,2025,12,December,Tuesday,2322.79,2206.6504999999997
2025-12-09,ORD011694,CUST01215,P008,Running Shoes,Fashion,Bengaluru,Online,Cash,5,3862.19,0.1,19310.95,17379.86,0,1507.45,2025,12,December,Tuesday,19310.95,17379.855
2025-12-10,ORD000196,CUST03921,P020,Microwave,Home,Mumbai,Store,UPI,1,9957.63,0.05,9957.63,9459.75,0,2393.06,2025,12,December,Wednesday,9957.63,9459.7485
2025-12-10,ORD033032,CUST01820,P005,Office Chair,Furniture,Delhi,Online,UPI,1,9547.41,0.25,9547.41,7160.56,0,549.62,2025,12,December,Wednesday,9547.41,7160.5575
2025-12-10,ORD014055,CUST03588,P006,Desk,Furniture,Hyderabad,Online,Credit Card,1,11761.99,0.05,11761.99,11173.89,0,1572.65,2025,12,December,Wednesday,11761.99,11173.8905
2025-12-10,ORD037663,CUST01536,P002,Smartphone,Electronics,Hyderabad,Store,UPI,2,30218.1,0.05,60436.2,57414.39,0,8275.23,2025,12,December,Wednesday,60436.2,57414.38999999999
2025-12-10,ORD025400,CUST03959,P016,Sofa,Furniture,Kolkata,Online,UPI,1,37878.08,0.1,37878.08,34090.27,0,3253.07,2025,12,December,Wednesday,37878.08,34090.272000000004
2025-12-10,ORD034837,CUST04308,P002,Smartphone,Electronics,Delhi,Online,Credit Card,1,30167.48,0.05,30167.48,28659.11,0,3906.83,2025,12,December,Wednesday,30167.48,28659.106
2025-12-10,ORD042130,CUST02659,P019,Vacuum Cleaner,Home,Delhi,Online,Credit Card,1,9567.76,0.0,9567.76,9567.76,0,2712.82,2025,12,December,Wednesday,9567.76,9567.76
2025-12-10,ORD048939,CUST04468,P015,Dining Table,Furniture,Surat,Store,UPI,4,21415.85,0.2,85663.4,68530.72,0,7114.83,2025,12,December,Wednesday,85663.4,68530.72
2025-12-10,ORD012875,CUST04446,P004,Smartwatch,Electronics,Kolkata,Online,Credit Card,1,7320.98,0.25,7320.98,5490.74,0,689.84,2025,12,December,Wednesday,7320.98,5490.735
2025-12-10,ORD043084,CUST02370,P016,Sofa,Furniture,Delhi,Online,Debit Card,2,31723.73,0.25,63447.46,47585.6,0,4281.29,2025,12,December,Wednesday,63447.46,47585.595
2025-12-10,ORD049407,CUST03550,P010,Coffee Maker,Home,Mumbai,Online,UPI,2,5610.12,0.1,11220.24,10098.22,0,2488.4,2025,12,December,Wednesday,11220.24,10098.216
2025-12-10,ORD045760,CUST01395,P009,T-Shirt,Fashion,Surat,Store,Debit Card,4,1128.37,0.1,4513.48,4062.13,0,948.32,2025,12,December,Wednesday,4513.48,4062.1319999999996
2025-12-10,ORD017652,CUST00242,P006,Desk,Furniture,Ahmedabad,Online,Credit Card,1,12801.86,0.1,12801.86,11521.67,0,3074.72,2025,12,December,Wednesday,12801.86,11521.674
2025-12-10,ORD010893,CUST03903,P012,Air Fryer,Home,Kolkata,Online,Net Banking,1,7165.74,0.15,7165.74,6090.88,0,952.13,2025,12,December,Wednesday,7165.74,6090.879
2025-12-10,ORD038373,CUST04845,P004,Smartwatch,Electronics,Chennai,Online,Debit Card,3,7076.3,0.1,21228.9,19106.01,0,3644.78,2025,12,December,Wednesday,21228.9,19106.010000000002
2025-12-10,ORD026636,CUST03634,P020,Microwave,Home,Ahmedabad,Store,Cash,4,11712.15,0.15,46848.6,39821.31,0,6597.42,2025,12,December,Wednesday,46848.6,39821.31
2025-12-10,ORD004234,CUST04944,P001,Laptop,Electronics,Mumbai,Online,UPI,1,61618.02,0.1,61618.02,55456.22,0,7707.6,2025,12,December,Wednesday,61618.02,55456.218
2025-12-10,ORD027103,CUST04973,P017,Jeans,Fashion,Ahmedabad,Online,Debit Card,2,2571.73,0.25,5143.46,3857.6,1,-192.88,2025,12,December,Wednesday,5143.46,3857.5950000000003
2025-12-10,ORD044495,CUST03105,P001,Laptop,Electronics,Bengaluru,Online,Cash,4,67414.67,0.05,269658.68,256175.75,0,44127.1,2025,12,December,Wednesday,269658.68,256175.74599999998
2025-12-10,ORD049546,CUST00009,P012,Air Fryer,Home,Jaipur,Online,Debit Card,1,7171.13,0.15,7171.13,6095.46,0,548.62,2025,12,December,Wednesday,7171.13,6095.4605
2025-12-10,ORD012109,CUST01856,P006,Desk,Furniture,Kolkata,Store,Debit Card,1,11257.33,0.05,11257.33,10694.46,0,1378.07,2025,12,December,Wednesday,11257.33,10694.4635
2025-12-10,ORD015455,CUST04600,P004,Smartwatch,Electronics,Hyderabad,Online,Credit Card,1,6481.43,0.25,6481.43,4861.07,0,1161.02,2025,12,December,Wednesday,6481.43,4861.0725
2025-12-10,ORD006438,CUST02619,P012,Air Fryer,Home,Ahmedabad,Online,UPI,1,6651.13,0.25,6651.13,4988.35,0,1015.25,2025,12,December,Wednesday,6651.13,4988.3475
2025-12-10,ORD012527,CUST02065,P010,Coffee Maker,Home,Hyderabad,Online,Cash,1,5731.42,0.05,5731.42,5444.85,0,805.5,2025,12,December,Wednesday,5731.42,5444.849
2025-12-10,ORD036647,CUST02770,P011,Mixer Grinder,Home,Ahmedabad,Online,UPI,1,5151.56,0.1,5151.56,4636.4,0,778.62,2025,12,December,Wednesday,5151.56,4636.404
2025-12-10,ORD013281,CUST04661,P012,Air Fryer,Home,Ahmedabad,Online,UPI,1,7655.4,0.05,7655.4,7272.63,0,661.65,2025,12,December,Wednesday,7655.4,7272.629999999999
2025-12-10,ORD027987,CUST01134,P004,Smartwatch,Electronics,Surat,Store,UPI,1,7546.46,0.05,7546.46,7169.14,0,1395.55,2025,12,December,Wednesday,7546.46,7169.137
2025-12-10,ORD040873,CUST02867,P002,Smartphone,Electronics,Kolkata,Store,Credit Card,1,27736.19,0.1,27736.19,24962.57,0,6560.27,2025,12,December,Wednesday,27736.19,24962.571
2025-12-10,ORD035912,CUST02593,P006,Desk,Furniture,Surat,Store,Credit Card,4,11127.53,0.05,44510.12,42284.61,0,10361.1,2025,12,December,Wednesday,44510.12,42284.614
2025-12-10,ORD038965,CUST01059,P012,Air Fryer,Home,Jaipur,Store,Debit Card,1,6960.94,0.0,6960.94,6960.94,0,1362.96,2025,12,December,Wednesday,6960.94,6960.94
2025-12-10,ORD023884,CUST04252,P011,Mixer Grinder,Home,Mumbai,Store,UPI,4,4439.44,0.15,17757.76,15094.1,0,1017.81,2025,12,December,Wednesday,17757.76,15094.095999999998
2025-12-10,ORD013944,CUST04127,P020,Microwave,Home,Ahmedabad,Online,UPI,1,10158.16,0.0,10158.16,10158.16,0,1410.25,2025,12,December,Wednesday,10158.16,10158.16
2025-12-10,ORD019385,CUST04082,P012,Air Fryer,Home,Jaipur,Online,UPI,3,7715.42,0.15,23146.26,19674.32,0,3890.52,2025,12,December,Wednesday,23146.260000000002,19674.321
2025-12-10,ORD006763,CUST00646,P001,Laptop,Electronics,Kolkata,Store,UPI,3,69446.66,0.2,208339.98,166671.98,0,38164.73,2025,12,December,Wednesday,208339.98,166671.98400000003
2025-12-10,ORD038421,CUST01670,P020,Microwave,Home,Mumbai,Online,Debit Card,1,10850.11,0.1,10850.11,9765.1,0,1578.09,2025,12,December,Wednesday,10850.11,9765.099
2025-12-10,ORD046229,CUST01618,P004,Smartwatch,Electronics,Kolkata,Store,UPI,2,6515.39,0.1,13030.78,11727.7,1,-586.39,2025,12,December,Wednesday,13030.78,11727.702000000001
2025-12-10,ORD042981,CUST02852,P017,Jeans,Fashion,Delhi,Online,Credit Card,1,2942.22,0.1,2942.22,2648.0,0,503.72,2025,12,December,Wednesday,2942.22,2647.998
2025-12-10,ORD018298,CUST02885,P015,Dining Table,Furniture,Jaipur,Store,Net Banking,1,22240.35,0.05,22240.35,21128.33,0,5862.64,2025,12,December,Wednesday,22240.35,21128.332499999997
2025-12-10,ORD024405,CUST00633,P009,T-Shirt,Fashion,Kolkata,Online,Net Banking,1,1123.84,0.25,1123.84,842.88,0,111.63,2025,12,December,Wednesday,1123.84,842.8799999999999
2025-12-10,ORD020298,CUST00130,P003,Headphones,Electronics,Surat,Online,Credit Card,1,4916.06,0.1,4916.06,4424.45,0,1144.89,2025,12,December,Wednesday,4916.06,4424.454000000001
2025-12-10,ORD025718,CUST02219,P003,Headphones,Electronics,Mumbai,Online,UPI,1,4756.96,0.15,4756.96,4043.42,0,314.27,2025,12,December,Wednesday,4756.96,4043.4159999999997
2025-12-10,ORD019723,CUST04788,P008,Running Shoes,Fashion,Ahmedabad,Online,UPI,1,4351.02,0.1,4351.02,3915.92,0,241.36,2025,12,December,Wednesday,4351.02,3915.9180000000006
2025-12-10,ORD023776,CUST02263,P008,Running Shoes,Fashion,Kolkata,Online,Cash,1,4148.54,0.05,4148.54,3941.11,0,956.75,2025,12,December,Wednesday,4148.54,3941.113
2025-12-10,ORD015610,CUST04632,P020,Microwave,Home,Hyderabad,Store,UPI,4,10001.47,0.0,40005.88,40005.88,0,8523.91,2025,12,December,Wednesday,40005.88,40005.88
2025-12-10,ORD028615,CUST02541,P009,T-Shirt,Fashion,Bengaluru,Online,UPI,1,1232.46,0.15,1232.46,1047.59,1,-52.38,2025,12,December,Wednesday,1232.46,1047.591
2025-12-10,ORD049436,CUST03140,P018,Jacket,Fashion,Chennai,Store,Debit Card,1,4728.55,0.2,4728.55,3782.84,0,664.89,2025,12,December,Wednesday,4728.55,3782.84
2025-12-10,ORD007795,CUST02023,P008,Running Shoes,Fashion,Jaipur,Store,Credit Card,2,4166.94,0.05,8333.88,7917.19,0,1789.92,2025,12,December,Wednesday,8333.88,7917.185999999999
2025-12-10,ORD033679,CUST01622,P012,Air Fryer,Home,Bengaluru,Store,Cash,1,6596.24,0.1,6596.24,5936.62,0,1584.2,2025,12,December,Wednesday,6596.24,5936.616
2025-12-10,ORD040202,CUST03040,P012,Air Fryer,Home,Bengaluru,Store,UPI,1,7140.71,0.0,7140.71,7140.71,0,1528.28,2025,12,December,Wednesday,7140.71,7140.71
2025-12-10,ORD034611,CUST00069,P016,Sofa,Furniture,Delhi,Online,UPI,1,32848.45,0.1,32848.45,29563.6,0,7348.2,2025,12,December,Wednesday,32848.45,29563.605
2025-12-10,ORD005288,CUST00447,P018,Jacket,Fashion,Kolkata,Online,Debit Card,1,5622.81,0.0,5622.81,5622.81,0,1408.36,2025,12,December,Wednesday,5622.81,5622.81
2025-12-10,ORD044151,CUST04722,P012,Air Fryer,Home,Chennai,Online,UPI,1,6835.04,0.1,6835.04,6151.54,0,1172.33,2025,12,December,Wednesday,6835.04,6151.536
2025-12-10,ORD018384,CUST01797,P020,Microwave,Home,Ahmedabad,Store,UPI,1,11403.44,0.05,11403.44,10833.27,0,2368.8,2025,12,December,Wednesday,11403.44,10833.268
2025-12-10,ORD032175,CUST04333,P017,Jeans,Fashion,Jaipur,Store,UPI,1,2942.96,0.0,2942.96,2942.96,0,716.88,2025,12,December,Wednesday,2942.96,2942.96
2025-12-10,ORD048442,CUST00418,P002,Smartphone,Electronics,Surat,Online,UPI,1,30498.7,0.0,30498.7,30498.7,0,4486.86,2025,12,December,Wednesday,30498.7,30498.7
2025-12-10,ORD024792,CUST03841,P019,Vacuum Cleaner,Home,Bengaluru,Online,Debit Card,2,9699.78,0.05,19399.56,18429.58,0,2496.55,2025,12,December,Wednesday,19399.56,18429.582000000002
2025-12-10,ORD049090,CUST01120,P001,Laptop,Electronics,Bengaluru,Store,Credit Card,5,63625.18,0.2,318125.9,254500.72,1,-12725.04,2025,12,December,Wednesday,318125.9,254500.72000000003
2025-12-10,ORD035853,CUST00090,P013,Monitor,Electronics,Bengaluru,Online,Credit Card,1,17969.52,0.1,17969.52,16172.57,1,-808.63,2025,12,December,Wednesday,17969.52,16172.568000000001
2025-12-10,ORD034286,CUST02875,P008,Running Shoes,Fashion,Kolkata,Online,Cash,1,4416.95,0.0,4416.95,4416.95,0,725.57,2025,12,December,Wednesday,4416.95,4416.95
2025-12-10,ORD026339,CUST01268,P017,Jeans,Fashion,Hyderabad,Store,Credit Card,1,2550.86,0.1,2550.86,2295.77,0,430.72,2025,12,December,Wednesday,2550.86,2295.7740000000003
2025-12-10,ORD019754,CUST03897,P020,Microwave,Home,Jaipur,Store,Credit Card,1,10896.52,0.1,10896.52,9806.87,0,2151.52,2025,12,December,Wednesday,10896.52,9806.868
2025-12-10,ORD012867,CUST02221,P017,Jeans,Fashion,Delhi,Store,UPI,1,3016.83,0.2,3016.83,2413.46,0,597.87,2025,12,December,Wednesday,3016.83,2413.464
2025-12-10,ORD019636,CUST01393,P007,Backpack,Accessories,Surat,Store,UPI,1,2040.8,0.1,2040.8,1836.72,0,511.69,2025,12,December,Wednesday,2040.8,1836.72
2025-12-10,ORD046916,CUST04640,P020,Microwave,Home,Kolkata,Store,Net Banking,3,11053.02,0.1,33159.06,29843.15,0,5152.5,2025,12,December,Wednesday,33159.06,29843.154
2025-12-11,ORD032791,CUST03375,P007,Backpack,Accessories,Hyderabad,Store,UPI,5,2212.52,0.1,11062.6,9956.34,0,1937.14,2025,12,December,Thursday,11062.6,9956.34
2025-12-11,ORD004908,CUST04944,P001,Laptop,Electronics,Hyderabad,Online,Credit Card,1,69180.22,0.05,69180.22,65721.21,0,8113.62,2025,12,December,Thursday,69180.22,65721.209
2025-12-11,ORD040120,CUST01246,P014,Keyboard,Electronics,Hyderabad,Online,Credit Card,1,2457.09,0.1,2457.09,2211.38,0,511.4,2025,12,December,Thursday,2457.09,2211.3810000000003
2025-12-11,ORD046281,CUST03708,P020,Microwave,Home,Mumbai,Online,UPI,1,10010.37,0.0,10010.37,10010.37,0,1698.55,2025,12,December,Thursday,10010.37,10010.37
2025-12-11,ORD048317,CUST02944,P013,Monitor,Electronics,Ahmedabad,Online,Credit Card,1,18713.6,0.05,18713.6,17777.92,0,4012.36,2025,12,December,Thursday,18713.6,17777.92
2025-12-11,ORD000743,CUST03696,P018,Jacket,Fashion,Delhi,Online,UPI,1,5288.79,0.1,5288.79,4759.91,0,956.3,2025,12,December,Thursday,5288.79,4759.911
2025-12-11,ORD048857,CUST00522,P010,Coffee Maker,Home,Mumbai,Online,Debit Card,1,4998.02,0.25,4998.02,3748.52,0,157.1,2025,12,December,Thursday,4998.02,3748.5150000000003
2025-12-11,ORD005230,CUST04324,P003,Headphones,Electronics,Bengaluru,Store,UPI,2,4566.2,0.0,9132.4,9132.4,0,2314.34,2025,12,December,Thursday,9132.4,9132.4
2025-12-11,ORD043968,CUST02738,P002,Smartphone,Electronics,Ahmedabad,Store,UPI,3,25815.15,0.15,77445.45,65828.63,0,12891.51,2025,12,December,Thursday,77445.45000000001,65828.63249999999
2025-12-11,ORD041946,CUST04855,P017,Jeans,Fashion,Hyderabad,Store,Credit Card,5,2978.99,0.15,14894.95,12660.71,0,1549.61,2025,12,December,Thursday,14894.949999999999,12660.7075
2025-12-11,ORD011570,CUST03512,P013,Monitor,Electronics,Chennai,Online,UPI,5,19014.62,0.0,95073.1,95073.1,0,20431.12,2025,12,December,Thursday,95073.09999999999,95073.1
2025-12-11,ORD036137,CUST01829,P020,Microwave,Home,Chennai,Online,Credit Card,1,10833.23,0.15,10833.23,9208.25,0,1295.03,2025,12,December,Thursday,10833.23,9208.245499999999
2025-12-11,ORD040442,CUST02832,P004,Smartwatch,Electronics,Hyderabad,Online,UPI,2,7517.31,0.0,15034.62,15034.62,0,2188.76,2025,12,December,Thursday,15034.62,15034.62
2025-12-11,ORD045284,CUST02357,P009,T-Shirt,Fashion,Surat,Store,Debit Card,2,1127.73,0.0,2255.46,2255.46,0,398.81,2025,12,December,Thursday,2255.46,2255.46
2025-12-11,ORD049188,CUST00089,P005,Office Chair,Furniture,Mumbai,Online,Credit Card,2,8670.13,0.15,17340.26,14739.22,0,3790.6,2025,12,December,Thursday,17340.26,14739.220999999998
2025-12-11,ORD003929,CUST00763,P009,T-Shirt,Fashion,Ahmedabad,Store,UPI,1,1267.76,0.05,1267.76,1204.37,0,220.91,2025,12,December,Thursday,1267.76,1204.3719999999998
2025-12-11,ORD032548,CUST04551,P013,Monitor,Electronics,Bengaluru,Online,UPI,2,17285.92,0.2,34571.84,27657.47,0,3031.89,2025,12,December,Thursday,34571.84,27657.471999999998
2025-12-11,ORD045057,CUST04550,P019,Vacuum Cleaner,Home,Surat,Store,Debit Card,1,9810.84,0.1,9810.84,8829.76,0,2404.13,2025,12,December,Thursday,9810.84,8829.756000000001
2025-12-11,ORD030632,CUST01143,P013,Monitor,Electronics,Jaipur,Online,Credit Card,2,17047.71,0.1,34095.42,30685.88,0,4186.12,2025,12,December,Thursday,34095.42,30685.878
2025-12-11,ORD021492,CUST01994,P015,Dining Table,Furniture,Jaipur,Online,UPI,2,22883.46,0.1,45766.92,41190.23,0,7362.49,2025,12,December,Thursday,45766.92,41190.228
2025-12-11,ORD006223,CUST00335,P018,Jacket,Fashion,Hyderabad,Online,UPI,1,4856.76,0.1,4856.76,4371.08,0,833.35,2025,12,December,Thursday,4856.76,4371.084000000001
2025-12-11,ORD024614,CUST01995,P015,Dining Table,Furniture,Hyderabad,Online,Net Banking,1,21182.2,0.05,21182.2,20123.09,0,2954.98,2025,12,December,Thursday,21182.2,20123.09
2025-12-11,ORD017605,CUST03030,P012,Air Fryer,Home,Pune,Store,UPI,1,6809.3,0.0,6809.3,6809.3,0,900.91,2025,12,December,Thursday,6809.3,6809.3
2025-12-11,ORD037983,CUST00149,P012,Air Fryer,Home,Surat,Store,Debit Card,1,7021.96,0.0,7021.96,7021.96,0,774.1,2025,12,December,Thursday,7021.96,7021.96
2025-12-11,ORD046885,CUST04424,P018,Jacket,Fashion,Bengaluru,Online,Debit Card,1,5362.75,0.1,5362.75,4826.48,0,402.36,2025,12,December,Thursday,5362.75,4826.475
2025-12-11,ORD004837,CUST04091,P011,Mixer Grinder,Home,Chennai,Online,Debit Card,1,4349.15,0.1,4349.15,3914.23,0,725.93,2025,12,December,Thursday,4349.15,3914.2349999999997
2025-12-11,ORD006483,CUST01434,P009,T-Shirt,Fashion,Mumbai,Online,Debit Card,1,1308.0,0.05,1308.0,1242.6,0,253.39,2025,12,December,Thursday,1308.0,1242.6
2025-12-11,ORD015977,CUST02790,P013,Monitor,Electronics,Hyderabad,Online,Net Banking,1,17340.95,0.2,17340.95,13872.76,0,1054.64,2025,12,December,Thursday,17340.95,13872.760000000002
2025-12-11,ORD036649,CUST01154,P006,Desk,Furniture,Bengaluru,Online,Credit Card,1,10996.0,0.05,10996.0,10446.2,0,1754.6,2025,12,December,Thursday,10996.0,10446.199999999999
2025-12-11,ORD041158,CUST03439,P017,Jeans,Fashion,Bengaluru,Online,Credit Card,1,3078.21,0.0,3078.21,3078.21,0,769.73,2025,12,December,Thursday,3078.21,3078.21
2025-12-11,ORD007936,CUST00085,P003,Headphones,Electronics,Delhi,Store,Credit Card,5,4802.0,0.1,24010.0,21609.0,0,2200.16,2025,12,December,Thursday,24010.0,21609.0
2025-12-11,ORD049753,CUST02880,P001,Laptop,Electronics,Hyderabad,Online,Debit Card,2,69349.92,0.2,138699.84,110959.87,0,24872.51,2025,12,December,Thursday,138699.84,110959.872
2025-12-11,ORD023615,CUST04889,P018,Jacket,Fashion,Hyderabad,Online,Cash,2,5639.9,0.1,11279.8,10151.82,0,2387.53,2025,12,December,Thursday,11279.8,10151.82
2025-12-11,ORD008433,CUST00450,P019,Vacuum Cleaner,Home,Chennai,Online,Cash,1,8998.08,0.05,8998.08,8548.18,0,599.96,2025,12,December,Thursday,8998.08,8548.176
2025-12-11,ORD022027,CUST00707,P003,Headphones,Electronics,Bengaluru,Store,Credit Card,5,4237.83,0.0,21189.15,21189.15,0,4348.52,2025,12,December,Thursday,21189.15,21189.15
2025-12-11,ORD000926,CUST03034,P018,Jacket,Fashion,Chennai,Store,Net Banking,1,4865.39,0.0,4865.39,4865.39,1,-243.27,2025,12,December,Thursday,4865.39,4865.39
2025-12-11,ORD018411,CUST00744,P015,Dining Table,Furniture,Hyderabad,Online,Credit Card,2,20927.43,0.1,41854.86,37669.37,0,8220.14,2025,12,December,Thursday,41854.86,37669.374
2025-12-11,ORD023700,CUST00783,P009,T-Shirt,Fashion,Pune,Online,UPI,1,1094.95,0.15,1094.95,930.71,1,-46.54,2025,12,December,Thursday,1094.95,930.7075
2025-12-11,ORD006870,CUST03311,P017,Jeans,Fashion,Hyderabad,Online,UPI,5,2891.91,0.15,14459.55,12290.62,0,1526.3,2025,12,December,Thursday,14459.55,12290.617499999998
2025-12-11,ORD000101,CUST00401,P012,Air Fryer,Home,Chennai,Online,Credit Card,1,7839.45,0.25,7839.45,5879.59,0,1089.06,2025,12,December,Thursday,7839.45,5879.5875
2025-12-11,ORD040007,CUST00397,P007,Backpack,Accessories,Chennai,Online,Debit Card,4,2375.18,0.1,9500.72,8550.65,0,1275.19,2025,12,December,Thursday,9500.72,8550.648
2025-12-11,ORD042242,CUST01325,P015,Dining Table,Furniture,Surat,Online,UPI,1,23006.71,0.2,23006.71,18405.37,0,3278.49,2025,12,December,Thursday,23006.71,18405.368
2025-12-11,ORD021693,CUST01755,P019,Vacuum Cleaner,Home,Pune,Online,UPI,3,8464.05,0.2,25392.15,20313.72,0,3086.52,2025,12,December,Thursday,25392.149999999998,20313.72
2025-12-11,ORD006824,CUST03982,P001,Laptop,Electronics,Kolkata,Store,Credit Card,4,65059.98,0.1,260239.92,234215.93,0,61683.7,2025,12,December,Thursday,260239.92,234215.928
2025-12-11,ORD025179,CUST00861,P017,Jeans,Fashion,Mumbai,Online,Net Banking,4,3069.03,0.0,12276.12,12276.12,0,2343.41,2025,12,December,Thursday,12276.12,12276.12
2025-12-11,ORD010982,CUST02236,P007,Backpack,Accessories,Ahmedabad,Online,UPI,1,2269.04,0.15,2269.04,1928.68,1,-96.43,2025,12,December,Thursday,2269.04,1928.684
2025-12-11,ORD034764,CUST02093,P002,Smartphone,Electronics,Hyderabad,Store,UPI,3,28201.92,0.05,84605.76,80375.47,1,-4018.77,2025,12,December,Thursday,84605.76,80375.472
2025-12-11,ORD048416,CUST02503,P009,T-Shirt,Fashion,Kolkata,Store,UPI,1,1187.02,0.05,1187.02,1127.67,0,152.98,2025,12,December,Thursday,1187.02,1127.6689999999999
2025-12-11,ORD041097,CUST01065,P003,Headphones,Electronics,Kolkata,Online,Credit Card,2,4592.22,0.15,9184.44,7806.77,0,1113.35,2025,12,December,Thursday,9184.44,7806.774
2025-12-11,ORD049934,CUST04965,P002,Smartphone,Electronics,Bengaluru,Online,Credit Card,1,28165.97,0.05,28165.97,26757.67,0,2523.7,2025,12,December,Thursday,28165.97,26757.6715
2025-12-11,ORD017954,CUST00900,P016,Sofa,Furniture,Delhi,Online,Debit Card,2,32419.83,0.25,64839.66,48629.74,0,3310.39,2025,12,December,Thursday,64839.66,48629.745
2025-12-11,ORD003337,CUST00511,P014,Keyboard,Electronics,Kolkata,Online,UPI,2,2335.44,0.0,4670.88,4670.88,0,832.63,2025,12,December,Thursday,4670.88,4670.88
2025-12-11,ORD014854,CUST03516,P019,Vacuum Cleaner,Home,Jaipur,Online,Credit Card,1,8376.23,0.25,8376.23,6282.17,0,1204.37,2025,12,December,Thursday,8376.23,6282.1725
2025-12-11,ORD025807,CUST04195,P005,Office Chair,Furniture,Hyderabad,Online,Net Banking,5,9210.24,0.05,46051.2,43748.64,0,9938.97,2025,12,December,Thursday,46051.2,43748.63999999999
2025-12-11,ORD038024,CUST02143,P004,Smartwatch,Electronics,Bengaluru,Online,UPI,4,7250.72,0.0,29002.88,29002.88,0,6034.71,2025,12,December,Thursday,29002.88,29002.88
2025-12-11,ORD027841,CUST00539,P009,T-Shirt,Fashion,Chennai,Online,UPI,2,1145.9,0.05,2291.8,2177.21,0,430.49,2025,12,December,Thursday,2291.8,2177.21
2025-12-11,ORD047438,CUST03761,P011,Mixer Grinder,Home,Ahmedabad,Online,Debit Card,1,4856.5,0.1,4856.5,4370.85,0,525.39,2025,12,December,Thursday,4856.5,4370.85
2025-12-11,ORD009883,CUST03156,P013,Monitor,Electronics,Pune,Online,UPI,2,19088.88,0.0,38177.76,38177.76,0,6990.49,2025,12,December,Thursday,38177.76,38177.76
2025-12-11,ORD049892,CUST04913,P007,Backpack,Accessories,Hyderabad,Online,UPI,1,2372.47,0.0,2372.47,2372.47,0,318.59,2025,12,December,Thursday,2372.47,2372.47
2025-12-11,ORD016674,CUST01570,P017,Jeans,Fashion,Chennai,Store,Credit Card,1,2750.05,0.15,2750.05,2337.54,0,413.86,2025,12,December,Thursday,2750.05,2337.5425
2025-12-11,ORD005233,CUST01818,P007,Backpack,Accessories,Hyderabad,Online,UPI,1,2243.64,0.0,2243.64,2243.64,0,624.94,2025,12,December,Thursday,2243.64,2243.64
2025-12-11,ORD002933,CUST01158,P008,Running Shoes,Fashion,Bengaluru,Online,Credit Card,2,4497.02,0.1,8994.04,8094.64,0,1178.22,2025,12,December,Thursday,8994.04,8094.636000000001
2025-12-11,ORD030936,CUST04639,P020,Microwave,Home,Bengaluru,Store,Credit Card,2,11936.78,0.0,23873.56,23873.56,0,2827.09,2025,12,December,Thursday,23873.56,23873.56
2025-12-11,ORD009393,CUST04928,P014,Keyboard,Electronics,Delhi,Online,Credit Card,1,2657.76,0.15,2657.76,2259.1,0,469.39,2025,12,December,Thursday,2657.76,2259.096
2025-12-11,ORD024161,CUST03227,P013,Monitor,Electronics,Chennai,Online,Debit Card,1,18655.5,0.05,18655.5,17722.72,0,3965.62,2025,12,December,Thursday,18655.5,17722.725
2025-12-11,ORD043096,CUST04341,P012,Air Fryer,Home,Mumbai,Online,Debit Card,2,6528.18,0.05,13056.36,12403.54,0,3174.83,2025,12,December,Thursday,13056.36,12403.542
2025-12-12,ORD039347,CUST04296,P001,Laptop,Electronics,Jaipur,Online,Credit Card,1,68008.64,0.1,68008.64,61207.78,0,14700.07,2025,12,December,Friday,68008.64,61207.776
2025-12-12,ORD048752,CUST04501,P007,Backpack,Accessories,Hyderabad,Online,Cash,1,2302.39,0.05,2302.39,2187.27,1,-109.36,2025,12,December,Friday,2302.39,2187.2704999999996
2025-12-12,ORD021500,CUST02849,P011,Mixer Grinder,Home,Pune,Store,Credit Card,1,4742.14,0.15,4742.14,4030.82,0,235.36,2025,12,December,Friday,4742.14,4030.819
2025-12-12,ORD026728,CUST01481,P008,Running Shoes,Fashion,Delhi,Online,Net Banking,2,4586.5,0.1,9173.0,8255.7,0,824.91,2025,12,December,Friday,9173.0,8255.7
2025-12-12,ORD038844,CUST01998,P001,Laptop,Electronics,Bengaluru,Online,UPI,4,63905.11,0.0,255620.44,255620.44,0,75803.75,2025,12,December,Friday,255620.44,255620.44
2025-12-12,ORD043071,CUST04411,P008,Running Shoes,Fashion,Surat,Online,UPI,1,4212.08,0.25,4212.08,3159.06,0,725.66,2025,12,December,Friday,4212.08,3159.06
2025-12-12,ORD028382,CUST03224,P007,Backpack,Accessories,Surat,Online,Net Banking,1,2341.68,0.0,2341.68,2341.68,0,287.95,2025,12,December,Friday,2341.68,2341.68
2025-12-12,ORD013475,CUST00949,P010,Coffee Maker,Home,Mumbai,Online,UPI,1,5003.61,0.25,5003.61,3752.71,0,339.91,2025,12,December,Friday,5003.61,3752.7074999999995
2025-12-12,ORD008940,CUST03021,P002,Smartphone,Electronics,Mumbai,Online,Cash,1,28117.13,0.1,28117.13,25305.42,0,5595.45,2025,12,December,Friday,28117.13,25305.417
2025-12-12,ORD009912,CUST03039,P013,Monitor,Electronics,Mumbai,Online,Cash,1,19423.51,0.0,19423.51,19423.51,0,2755.48,2025,12,December,Friday,19423.51,19423.51
2025-12-12,ORD039774,CUST04262,P001,Laptop,Electronics,Mumbai,Store,Credit Card,1,59754.78,0.0,59754.78,59754.78,0,7014.82,2025,12,December,Friday,59754.78,59754.78
2025-12-12,ORD012273,CUST04847,P003,Headphones,Electronics,Kolkata,Online,UPI,1,4620.88,0.15,4620.88,3927.75,0,540.58,2025,12,December,Friday,4620.88,3927.748
2025-12-12,ORD038347,CUST02086,P010,Coffee Maker,Home,Kolkata,Online,Debit Card,1,5387.75,0.0,5387.75,5387.75,0,1196.72,2025,12,December,Friday,5387.75,5387.75
2025-12-12,ORD039117,CUST03803,P013,Monitor,Electronics,Hyderabad,Store,Net Banking,2,17901.05,0.1,35802.1,32221.89,0,5586.72,2025,12,December,Friday,35802.1,32221.89
2025-12-12,ORD002857,CUST01189,P016,Sofa,Furniture,Bengaluru,Online,UPI,1,35142.22,0.0,35142.22,35142.22,0,4241.35,2025,12,December,Friday,35142.22,35142.22
2025-12-12,ORD038121,CUST01412,P008,Running Shoes,Fashion,Chennai,Store,Debit Card,1,4546.51,0.2,4546.51,3637.21,0,379.78,2025,12,December,Friday,4546.51,3637.2080000000005
2025-12-12,ORD029111,CUST00670,P013,Monitor,Electronics,Ahmedabad,Store,UPI,1,18686.43,0.05,18686.43,17752.11,0,3577.86,2025,12,December,Friday,18686.43,17752.1085
2025-12-12,ORD021568,CUST01427,P001,Laptop,Electronics,Hyderabad,Online,Credit Card,1,67828.49,0.1,67828.49,61045.64,1,-3052.28,2025,12,December,Friday,67828.49,61045.641
2025-12-12,ORD049223,CUST02713,P016,Sofa,Furniture,Delhi,Store,UPI,1,31986.09,0.2,31986.09,25588.87,1,-1279.44,2025,12,December,Friday,31986.09,25588.872000000003
2025-12-12,ORD019112,CUST03743,P018,Jacket,Fashion,Chennai,Online,UPI,1,5607.45,0.25,5607.45,4205.59,0,480.19,2025,12,December,Friday,5607.45,4205.5875
2025-12-12,ORD002143,CUST02894,P016,Sofa,Furniture,Delhi,Online,Credit Card,1,36102.88,0.05,36102.88,34297.74,0,3192.62,2025,12,December,Friday,36102.88,34297.736
2025-12-12,ORD044581,CUST03931,P015,Dining Table,Furniture,Mumbai,Store,UPI,2,23638.59,0.05,47277.18,44913.32,0,7248.67,2025,12,December,Friday,47277.18,44913.320999999996
2025-12-12,ORD032128,CUST03324,P003,Headphones,Electronics,Hyderabad,Online,Debit Card,3,4067.49,0.0,12202.47,12202.47,0,3002.73,2025,12,December,Friday,12202.47,12202.47
2025-12-12,ORD032830,CUST03510,P014,Keyboard,Electronics,Chennai,Store,UPI,1,2334.73,0.0,2334.73,2334.73,0,238.29,2025,12,December,Friday,2334.73,2334.73
2025-12-12,ORD003004,CUST03178,P002,Smartphone,Electronics,Chennai,Store,Credit Card,1,25561.53,0.0,25561.53,25561.53,0,7290.49,2025,12,December,Friday,25561.53,25561.53
2025-12-12,ORD032399,CUST02467,P016,Sofa,Furniture,Pune,Store,UPI,5,35556.63,0.1,177783.15,160004.84,1,-8000.24,2025,12,December,Friday,177783.15,160004.835
2025-12-12,ORD047062,CUST02675,P013,Monitor,Electronics,Bengaluru,Online,Debit Card,1,19565.31,0.2,19565.31,15652.25,0,2113.47,2025,12,December,Friday,19565.31,15652.248000000001
2025-12-12,ORD011375,CUST03743,P010,Coffee Maker,Home,Hyderabad,Online,Credit Card,1,5156.48,0.0,5156.48,5156.48,0,1359.13,2025,12,December,Friday,5156.48,5156.48
2025-12-12,ORD020299,CUST03893,P015,Dining Table,Furniture,Pune,Online,UPI,1,23709.2,0.15,23709.2,20152.82,0,3837.36,2025,12,December,Friday,23709.2,20152.82
2025-12-12,ORD035300,CUST03705,P008,Running Shoes,Fashion,Chennai,Store,Credit Card,1,3936.29,0.15,3936.29,3345.85,0,626.87,2025,12,December,Friday,3936.29,3345.8465
2025-12-12,ORD027926,CUST01918,P017,Jeans,Fashion,Hyderabad,Online,Cash,1,2796.31,0.05,2796.31,2656.49,0,536.07,2025,12,December,Friday,2796.31,2656.4945
2025-12-12,ORD028251,CUST02838,P005,Office Chair,Furniture,Ahmedabad,Online,Cash,1,9109.06,0.0,9109.06,9109.06,1,-455.45,2025,12,December,Friday,9109.06,9109.06
2025-12-12,ORD031921,CUST02991,P002,Smartphone,Electronics,Jaipur,Online,Credit Card,1,28902.92,0.15,28902.92,24567.48,0,2002.64,2025,12,December,Friday,28902.92,24567.481999999996
2025-12-12,ORD011767,CUST04029,P016,Sofa,Furniture,Surat,Store,UPI,1,36609.24,0.05,36609.24,34778.78,0,8424.89,2025,12,December,Friday,36609.24,34778.778
2025-12-12,ORD016255,CUST01477,P019,Vacuum Cleaner,Home,Hyderabad,Store,UPI,5,8633.65,0.1,43168.25,38851.43,0,6994.55,2025,12,December,Friday,43168.25,38851.425
2025-12-12,ORD036604,CUST00020,P013,Monitor,Electronics,Delhi,Store,Cash,3,18851.92,0.05,56555.76,53727.97,0,4901.95,2025,12,December,Friday,56555.759999999995,53727.972
2025-12-12,ORD010187,CUST02219,P004,Smartwatch,Electronics,Chennai,Online,UPI,4,7093.61,0.05,28374.44,26955.72,0,3727.54,2025,12,December,Friday,28374.44,26955.717999999997
2025-12-12,ORD040293,CUST03493,P005,Office Chair,Furniture,Bengaluru,Store,UPI,2,10180.83,0.2,20361.66,16289.33,0,3613.94,2025,12,December,Friday,20361.66,16289.328000000001
2025-12-12,ORD007554,CUST01139,P008,Running Shoes,Fashion,Surat,Online,UPI,5,4464.25,0.1,22321.25,20089.12,0,4763.07,2025,12,December,Friday,22321.25,20089.125
2025-12-12,ORD017164,CUST04416,P017,Jeans,Fashion,Pune,Online,UPI,2,2862.3,0.15,5724.6,4865.91,0,818.88,2025,12,December,Friday,5724.6,4865.91
2025-12-12,ORD024758,CUST04042,P009,T-Shirt,Fashion,Mumbai,Store,Credit Card,1,1113.38,0.15,1113.38,946.37,1,-47.32,2025,12,December,Friday,1113.38,946.373
2025-12-12,ORD034742,CUST04675,P017,Jeans,Fashion,Mumbai,Online,UPI,1,2542.89,0.05,2542.89,2415.75,0,597.08,2025,12,December,Friday,2542.89,2415.7455
2025-12-12,ORD041058,CUST01415,P003,Headphones,Electronics,Jaipur,Online,UPI,1,4398.2,0.2,4398.2,3518.56,0,666.88,2025,12,December,Friday,4398.2,3518.56
2025-12-12,ORD041050,CUST04967,P018,Jacket,Fashion,Chennai,Store,Cash,4,5250.09,0.0,21000.36,21000.36,0,3681.98,2025,12,December,Friday,21000.36,21000.36
2025-12-12,ORD030291,CUST04181,P018,Jacket,Fashion,Chennai,Online,Cash,1,4765.11,0.2,4765.11,3812.09,0,351.46,2025,12,December,Friday,4765.11,3812.0879999999997
2025-12-12,ORD031858,CUST04972,P010,Coffee Maker,Home,Pune,Online,Credit Card,1,5783.18,0.1,5783.18,5204.86,0,1180.54,2025,12,December,Friday,5783.18,5204.862
2025-12-12,ORD006344,CUST04258,P005,Office Chair,Furniture,Jaipur,Store,Credit Card,1,9927.21,0.0,9927.21,9927.21,0,2629.71,2025,12,December,Friday,9927.21,9927.21
2025-12-12,ORD041284,CUST03265,P011,Mixer Grinder,Home,Jaipur,Store,Debit Card,1,5243.76,0.0,5243.76,5243.76,0,957.88,2025,12,December,Friday,5243.76,5243.76
2025-12-12,ORD019728,CUST04874,P020,Microwave,Home,Jaipur,Store,Credit Card,1,11677.43,0.05,11677.43,11093.56,0,856.95,2025,12,December,Friday,11677.43,11093.5585
2025-12-12,ORD014317,CUST01296,P020,Microwave,Home,Pune,Online,UPI,2,11026.43,0.1,22052.86,19847.57,0,4973.58,2025,12,December,Friday,22052.86,19847.574
2025-12-12,ORD009754,CUST01510,P009,T-Shirt,Fashion,Bengaluru,Store,UPI,1,1261.42,0.0,1261.42,1261.42,0,268.6,2025,12,December,Friday,1261.42,1261.42
2025-12-12,ORD016173,CUST04788,P017,Jeans,Fashion,Delhi,Online,Debit Card,1,2967.93,0.0,2967.93,2967.93,0,736.91,2025,12,December,Friday,2967.93,2967.93
2025-12-12,ORD049818,CUST01180,P001,Laptop,Electronics,Pune,Online,Net Banking,1,63480.39,0.1,63480.39,57132.35,0,6634.63,2025,12,December,Friday,63480.39,57132.351
2025-12-12,ORD046548,CUST00410,P011,Mixer Grinder,Home,Chennai,Online,Credit Card,2,4352.45,0.15,8704.9,7399.16,0,1560.76,2025,12,December,Friday,8704.9,7399.164999999999
2025-12-12,ORD032699,CUST01644,P013,Monitor,Electronics,Kolkata,Online,Credit Card,5,18906.6,0.25,94533.0,70899.75,0,3357.81,2025,12,December,Friday,94533.0,70899.75
2025-12-12,ORD023903,CUST03661,P018,Jacket,Fashion,Delhi,Online,UPI,1,5380.82,0.1,5380.82,4842.74,0,1285.94,2025,12,December,Friday,5380.82,4842.738
2025-12-12,ORD031674,CUST04860,P008,Running Shoes,Fashion,Pune,Store,UPI,1,3997.38,0.15,3997.38,3397.77,1,-169.89,2025,12,December,Friday,3997.38,3397.773
2025-12-12,ORD019198,CUST04823,P004,Smartwatch,Electronics,Jaipur,Store,Credit Card,2,7199.35,0.2,14398.7,11518.96,0,1184.29,2025,12,December,Friday,14398.7,11518.960000000001
2025-12-12,ORD029742,CUST02598,P006,Desk,Furniture,Pune,Store,Debit Card,2,12962.67,0.1,25925.34,23332.81,0,6013.94,2025,12,December,Friday,25925.34,23332.806
2025-12-12,ORD045061,CUST04425,P012,Air Fryer,Home,Surat,Online,UPI,4,7014.56,0.05,28058.24,26655.33,0,5717.71,2025,12,December,Friday,28058.24,26655.328
2025-12-12,ORD000160,CUST01586,P017,Jeans,Fashion,Mumbai,Online,UPI,3,2559.16,0.1,7677.48,6909.73,0,826.77,2025,12,December,Friday,7677.48,6909.732
2025-12-12,ORD007735,CUST02926,P019,Vacuum Cleaner,Home,Hyderabad,Store,Net Banking,2,9248.77,0.05,18497.54,17572.66,0,3776.39,2025,12,December,Friday,18497.54,17572.663
2025-12-12,ORD029630,CUST00685,P011,Mixer Grinder,Home,Chennai,Online,UPI,4,4697.69,0.0,18790.76,18790.76,0,4389.79,2025,12,December,Friday,18790.76,18790.76
2025-12-12,ORD025022,CUST03327,P015,Dining Table,Furniture,Surat,Store,UPI,1,21372.79,0.1,21372.79,19235.51,0,4108.6,2025,12,December,Friday,21372.79,19235.511000000002
2025-12-12,ORD042172,CUST03710,P016,Sofa,Furniture,Hyderabad,Online,Credit Card,1,35503.05,0.2,35503.05,28402.44,0,3254.97,2025,12,December,Friday,35503.05,28402.440000000002
2025-12-12,ORD047533,CUST03028,P013,Monitor,Electronics,Ahmedabad,Online,UPI,4,17275.42,0.0,69101.68,69101.68,0,9100.87,2025,12,December,Friday,69101.68,69101.68
2025-12-12,ORD005314,CUST02798,P020,Microwave,Home,Chennai,Online,UPI,1,10544.83,0.05,10544.83,10017.59,0,2114.06,2025,12,December,Friday,10544.83,10017.5885
2025-12-13,ORD027039,CUST04662,P020,Microwave,Home,Delhi,Online,UPI,1,11820.32,0.05,11820.32,11229.3,0,1737.79,2025,12,December,Saturday,11820.32,11229.304
2025-12-13,ORD018256,CUST02860,P012,Air Fryer,Home,Kolkata,Online,Credit Card,2,7826.56,0.05,15653.12,14870.46,0,2642.64,2025,12,December,Saturday,15653.12,14870.464
2025-12-13,ORD039383,CUST04622,P010,Coffee Maker,Home,Hyderabad,Online,Debit Card,2,5804.64,0.0,11609.28,11609.28,0,1618.16,2025,12,December,Saturday,11609.28,11609.28
2025-12-13,ORD048929,CUST00584,P014,Keyboard,Electronics,Jaipur,Store,Debit Card,1,2570.68,0.1,2570.68,2313.61,0,172.52,2025,12,December,Saturday,2570.68,2313.612
2025-12-13,ORD016305,CUST03893,P014,Keyboard,Electronics,Chennai,Online,UPI,1,2425.66,0.1,2425.66,2183.09,1,-109.15,2025,12,December,Saturday,2425.66,2183.094
2025-12-13,ORD009367,CUST02232,P011,Mixer Grinder,Home,Surat,Online,Debit Card,1,5225.49,0.1,5225.49,4702.94,0,485.96,2025,12,December,Saturday,5225.49,4702.941
2025-12-13,ORD040933,CUST01970,P019,Vacuum Cleaner,Home,Surat,Online,UPI,1,8555.66,0.05,8555.66,8127.88,0,883.77,2025,12,December,Saturday,8555.66,8127.8769999999995
2025-12-13,ORD017291,CUST00409,P014,Keyboard,Electronics,Ahmedabad,Online,UPI,1,2747.7,0.2,2747.7,2198.16,0,461.85,2025,12,December,Saturday,2747.7,2198.16
2025-12-13,ORD007321,CUST00882,P007,Backpack,Accessories,Pune,Online,Credit Card,2,2159.83,0.15,4319.66,3671.71,0,882.52,2025,12,December,Saturday,4319.66,3671.711
2025-12-13,ORD025879,CUST01061,P012,Air Fryer,Home,Chennai,Online,UPI,1,7457.28,0.2,7457.28,5965.82,0,394.7,2025,12,December,Saturday,7457.28,5965.8240000000005
2025-12-13,ORD028627,CUST04112,P006,Desk,Furniture,Bengaluru,Online,UPI,3,11744.28,0.1,35232.84,31709.56,0,3446.84,2025,12,December,Saturday,35232.840000000004,31709.555999999997
2025-12-13,ORD040859,CUST03396,P001,Laptop,Electronics,Bengaluru,Online,UPI,1,68690.81,0.05,68690.81,65256.27,0,10988.36,2025,12,December,Saturday,68690.81,65256.269499999995
2025-12-13,ORD047362,CUST02627,P012,Air Fryer,Home,Jaipur,Online,UPI,2,7344.48,0.1,14688.96,13220.06,0,3208.51,2025,12,December,Saturday,14688.96,13220.064
2025-12-13,ORD027626,CUST01557,P010,Coffee Maker,Home,Surat,Online,UPI,1,5513.19,0.1,5513.19,4961.87,0,1179.33,2025,12,December,Saturday,5513.19,4961.871
2025-12-13,ORD020001,CUST03473,P002,Smartphone,Electronics,Mumbai,Online,UPI,1,27999.94,0.15,27999.94,23799.95,0,1418.89,2025,12,December,Saturday,27999.94,23799.948999999997
2025-12-13,ORD022937,CUST00037,P005,Office Chair,Furniture,Mumbai,Store,UPI,1,9243.68,0.05,9243.68,8781.5,0,2321.89,2025,12,December,Saturday,9243.68,8781.496
2025-12-13,ORD044927,CUST02661,P003,Headphones,Electronics,Bengaluru,Store,Debit Card,2,4667.86,0.1,9335.72,8402.15,0,1273.15,2025,12,December,Saturday,9335.72,8402.148
2025-12-13,ORD027950,CUST01240,P001,Laptop,Electronics,Chennai,Online,UPI,1,67742.17,0.2,67742.17,54193.74,0,12363.79,2025,12,December,Saturday,67742.17,54193.736000000004
2025-12-13,ORD044971,CUST04484,P018,Jacket,Fashion,Chennai,Online,Net Banking,4,5407.48,0.1,21629.92,19466.93,0,2832.32,2025,12,December,Saturday,21629.92,19466.928
2025-12-13,ORD027879,CUST04325,P017,Jeans,Fashion,Kolkata,Store,Net Banking,1,2911.6,0.1,2911.6,2620.44,0,509.98,2025,12,December,Saturday,2911.6,2620.44
2025-12-13,ORD012486,CUST02857,P014,Keyboard,Electronics,Ahmedabad,Online,UPI,4,2621.43,0.1,10485.72,9437.15,0,1883.58,2025,12,December,Saturday,10485.72,9437.148
2025-12-13,ORD004035,CUST01789,P004,Smartwatch,Electronics,Ahmedabad,Store,Credit Card,1,7654.79,0.25,7654.79,5741.09,0,1297.61,2025,12,December,Saturday,7654.79,5741.0925
2025-12-13,ORD032197,CUST04235,P013,Monitor,Electronics,Kolkata,Store,UPI,2,19445.96,0.1,38891.92,35002.73,0,3669.08,2025,12,December,Saturday,38891.92,35002.728
2025-12-13,ORD035857,CUST03240,P013,Monitor,Electronics,Surat,Online,Credit Card,1,17567.59,0.25,17567.59,13175.69,0,2085.58,2025,12,December,Saturday,17567.59,13175.692500000001
2025-12-13,ORD039628,CUST02420,P016,Sofa,Furniture,Ahmedabad,Store,UPI,1,33421.52,0.1,33421.52,30079.37,0,7200.51,2025,12,December,Saturday,33421.52,30079.368
2025-12-13,ORD006235,CUST02001,P004,Smartwatch,Electronics,Hyderabad,Online,UPI,1,6659.81,0.15,6659.81,5660.84,0,1209.15,2025,12,December,Saturday,6659.81,5660.8385
2025-12-13,ORD018613,CUST01318,P008,Running Shoes,Fashion,Bengaluru,Store,UPI,5,4465.42,0.2,22327.1,17861.68,0,3784.35,2025,12,December,Saturday,22327.1,17861.68
2025-12-13,ORD016582,CUST00410,P008,Running Shoes,Fashion,Mumbai,Online,Cash,1,3798.82,0.1,3798.82,3418.94,0,688.44,2025,12,December,Saturday,3798.82,3418.938
2025-12-13,ORD009134,CUST04873,P014,Keyboard,Electronics,Mumbai,Online,Cash,2,2515.08,0.1,5030.16,4527.14,0,686.51,2025,12,December,Saturday,5030.16,4527.144
2025-12-13,ORD043876,CUST00856,P019,Vacuum Cleaner,Home,Jaipur,Online,Net Banking,1,8431.12,0.1,8431.12,7588.01,0,1240.63,2025,12,December,Saturday,8431.12,7588.008000000001
2025-12-13,ORD021410,CUST01514,P008,Running Shoes,Fashion,Surat,Store,Debit Card,1,3996.41,0.2,3996.41,3197.13,0,625.35,2025,12,December,Saturday,3996.41,3197.128
2025-12-13,ORD032843,CUST00010,P018,Jacket,Fashion,Delhi,Online,Net Banking,1,5564.86,0.15,5564.86,4730.13,0,939.57,2025,12,December,Saturday,5564.86,4730.130999999999
2025-12-13,ORD000466,CUST01450,P007,Backpack,Accessories,Jaipur,Online,Credit Card,3,1980.72,0.05,5942.16,5645.05,0,1103.99,2025,12,December,Saturday,5942.16,5645.052
2025-12-13,ORD048913,CUST02039,P015,Dining Table,Furniture,Surat,Store,Net Banking,1,23330.37,0.15,23330.37,19830.81,0,3300.43,2025,12,December,Saturday,23330.37,19830.8145
2025-12-13,ORD001302,CUST02456,P006,Desk,Furniture,Mumbai,Online,Credit Card,3,11824.57,0.05,35473.71,33700.02,1,-1685.0,2025,12,December,Saturday,35473.71,33700.0245
2025-12-13,ORD040308,CUST01382,P012,Air Fryer,Home,Jaipur,Online,UPI,1,6729.26,0.15,6729.26,5719.87,0,1509.28,2025,12,December,Saturday,6729.26,5719.871
2025-12-13,ORD029908,CUST02057,P011,Mixer Grinder,Home,Jaipur,Online,UPI,1,4673.53,0.1,4673.53,4206.18,0,1001.65,2025,12,December,Saturday,4673.53,4206.177
2025-12-13,ORD049307,CUST02924,P006,Desk,Furniture,Pune,Store,UPI,4,12212.92,0.05,48851.68,46409.1,0,6832.13,2025,12,December,Saturday,48851.68,46409.096
2025-12-13,ORD003697,CUST02101,P002,Smartphone,Electronics,Jaipur,Store,UPI,1,28853.89,0.0,28853.89,28853.89,0,4555.83,2025,12,December,Saturday,28853.89,28853.89
2025-12-13,ORD046174,CUST03758,P013,Monitor,Electronics,Chennai,Online,UPI,4,17136.62,0.05,68546.48,65119.16,0,12175.66,2025,12,December,Saturday,68546.48,65119.155999999995
2025-12-13,ORD004114,CUST03915,P014,Keyboard,Electronics,Chennai,Online,Debit Card,4,2545.25,0.0,10181.0,10181.0,0,1116.16,2025,12,December,Saturday,10181.0,10181.0
2025-12-13,ORD008429,CUST03728,P017,Jeans,Fashion,Surat,Store,Debit Card,1,2945.9,0.15,2945.9,2504.02,0,531.14,2025,12,December,Saturday,2945.9,2504.015
2025-12-13,ORD007877,CUST02147,P020,Microwave,Home,Ahmedabad,Online,Credit Card,4,11134.85,0.25,44539.4,33404.55,0,3630.22,2025,12,December,Saturday,44539.4,33404.55
2025-12-13,ORD043603,CUST04234,P006,Desk,Furniture,Delhi,Store,Net Banking,1,11637.98,0.05,11637.98,11056.08,0,1018.37,2025,12,December,Saturday,11637.98,11056.080999999998
2025-12-13,ORD043482,CUST04764,P011,Mixer Grinder,Home,Chennai,Online,Credit Card,2,4436.1,0.2,8872.2,7097.76,0,704.25,2025,12,December,Saturday,8872.2,7097.760000000001
2025-12-13,ORD044615,CUST00041,P018,Jacket,Fashion,Surat,Store,Credit Card,3,4897.44,0.05,14692.32,13957.7,0,1283.97,2025,12,December,Saturday,14692.32,13957.704
2025-12-13,ORD019708,CUST00700,P012,Air Fryer,Home,Bengaluru,Online,Net Banking,4,6698.93,0.1,26795.72,24116.15,0,3916.39,2025,12,December,Saturday,26795.72,24116.148
2025-12-13,ORD016880,CUST01342,P019,Vacuum Cleaner,Home,Kolkata,Online,UPI,1,9657.33,0.15,9657.33,8208.73,0,778.73,2025,12,December,Saturday,9657.33,8208.7305
2025-12-13,ORD033502,CUST00501,P004,Smartwatch,Electronics,Bengaluru,Online,Credit Card,1,7503.85,0.0,7503.85,7503.85,0,689.33,2025,12,December,Saturday,7503.85,7503.85
2025-12-13,ORD024704,CUST03010,P008,Running Shoes,Fashion,Jaipur,Store,Credit Card,1,4233.28,0.1,4233.28,3809.95,0,746.13,2025,12,December,Saturday,4233.28,3809.9519999999998
2025-12-13,ORD018511,CUST02500,P007,Backpack,Accessories,Jaipur,Online,UPI,1,2157.13,0.05,2157.13,2049.27,0,270.84,2025,12,December,Saturday,2157.13,2049.2735
2025-12-13,ORD032306,CUST02274,P017,Jeans,Fashion,Ahmedabad,Store,UPI,1,2778.68,0.0,2778.68,2778.68,0,405.53,2025,12,December,Saturday,2778.68,2778.68
2025-12-13,ORD041900,CUST01042,P017,Jeans,Fashion,Ahmedabad,Store,UPI,1,3030.61,0.25,3030.61,2272.96,0,90.92,2025,12,December,Saturday,3030.61,2272.9575
2025-12-13,ORD041402,CUST02962,P015,Dining Table,Furniture,Delhi,Store,Net Banking,1,22340.77,0.05,22340.77,21223.73,0,3909.83,2025,12,December,Saturday,22340.77,21223.731499999998
2025-12-13,ORD023958,CUST04620,P012,Air Fryer,Home,Ahmedabad,Online,Net Banking,1,7372.45,0.15,7372.45,6266.58,0,1413.99,2025,12,December,Saturday,7372.45,6266.5824999999995
2025-12-13,ORD006962,CUST01034,P016,Sofa,Furniture,Jaipur,Online,UPI,1,32609.42,0.1,32609.42,29348.48,0,2850.16,2025,12,December,Saturday,32609.42,29348.478
2025-12-13,ORD048600,CUST01844,P008,Running Shoes,Fashion,Bengaluru,Store,Credit Card,1,4600.72,0.05,4600.72,4370.68,0,1265.69,2025,12,December,Saturday,4600.72,4370.684
2025-12-13,ORD012999,CUST04076,P010,Coffee Maker,Home,Surat,Online,Credit Card,2,5324.32,0.25,10648.64,7986.48,0,1946.69,2025,12,December,Saturday,10648.64,7986.48
2025-12-13,ORD023699,CUST00337,P006,Desk,Furniture,Mumbai,Store,Credit Card,1,11676.29,0.1,11676.29,10508.66,0,1643.74,2025,12,December,Saturday,11676.29,10508.661000000002
2025-12-13,ORD004294,CUST02047,P003,Headphones,Electronics,Mumbai,Online,Credit Card,1,4107.72,0.0,4107.72,4107.72,1,-205.39,2025,12,December,Saturday,4107.72,4107.72
2025-12-13,ORD007043,CUST03639,P014,Keyboard,Electronics,Chennai,Store,UPI,1,2647.88,0.05,2647.88,2515.49,0,367.36,2025,12,December,Saturday,2647.88,2515.486
2025-12-13,ORD034892,CUST04088,P014,Keyboard,Electronics,Mumbai,Online,Credit Card,1,2354.93,0.0,2354.93,2354.93,0,346.25,2025,12,December,Saturday,2354.93,2354.93
2025-12-13,ORD027517,CUST00905,P006,Desk,Furniture,Jaipur,Store,Net Banking,2,10991.44,0.2,21982.88,17586.3,0,1571.98,2025,12,December,Saturday,21982.88,17586.304
2025-12-13,ORD046071,CUST01317,P006,Desk,Furniture,Bengaluru,Store,UPI,2,12528.11,0.1,25056.22,22550.6,0,3990.98,2025,12,December,Saturday,25056.22,22550.598
2025-12-13,ORD010912,CUST02033,P004,Smartwatch,Electronics,Kolkata,Online,Net Banking,2,6956.7,0.0,13913.4,13913.4,0,1820.38,2025,12,December,Saturday,13913.4,13913.4
2025-12-13,ORD036984,CUST03691,P011,Mixer Grinder,Home,Pune,Online,Cash,2,4647.36,0.25,9294.72,6971.04,0,618.12,2025,12,December,Saturday,9294.72,6971.039999999999
2025-12-13,ORD029495,CUST01028,P019,Vacuum Cleaner,Home,Ahmedabad,Online,Cash,2,9330.86,0.1,18661.72,16795.55,0,2585.91,2025,12,December,Saturday,18661.72,16795.548000000003
2025-12-13,ORD018882,CUST03541,P014,Keyboard,Electronics,Pune,Store,UPI,1,2484.45,0.15,2484.45,2111.78,0,253.64,2025,12,December,Saturday,2484.45,2111.7825
2025-12-13,ORD034576,CUST04575,P003,Headphones,Electronics,Bengaluru,Online,Debit Card,1,4323.51,0.1,4323.51,3891.16,0,1040.98,2025,12,December,Saturday,4323.51,3891.159
2025-12-14,ORD023382,CUST01357,P013,Monitor,Electronics,Delhi,Online,UPI,4,19522.22,0.15,78088.88,66375.55,0,5901.54,2025,12,December,Sunday,78088.88,66375.548
2025-12-14,ORD005959,CUST04173,P010,Coffee Maker,Home,Delhi,Online,Debit Card,2,4992.04,0.05,9984.08,9484.88,0,1610.02,2025,12,December,Sunday,9984.08,9484.876
2025-12-14,ORD011518,CUST03642,P016,Sofa,Furniture,Surat,Store,Credit Card,2,36981.73,0.1,73963.46,66567.11,0,17424.83,2025,12,December,Sunday,73963.46,66567.114
2025-12-14,ORD035996,CUST00743,P010,Coffee Maker,Home,Bengaluru,Online,UPI,2,5129.84,0.0,10259.68,10259.68,0,1416.45,2025,12,December,Sunday,10259.68,10259.68
2025-12-14,ORD025730,CUST04915,P011,Mixer Grinder,Home,Kolkata,Online,UPI,1,4776.47,0.05,4776.47,4537.65,0,611.82,2025,12,December,Sunday,4776.47,4537.6465
2025-12-14,ORD043462,CUST01030,P020,Microwave,Home,Kolkata,Online,Net Banking,2,10824.91,0.1,21649.82,19484.84,0,1732.05,2025,12,December,Sunday,21649.82,19484.838
2025-12-14,ORD034774,CUST01463,P009,T-Shirt,Fashion,Kolkata,Store,Net Banking,4,1092.22,0.1,4368.88,3931.99,0,975.56,2025,12,December,Sunday,4368.88,3931.992
2025-12-14,ORD029286,CUST01038,P003,Headphones,Electronics,Delhi,Online,Credit Card,3,4240.81,0.05,12722.43,12086.31,0,1893.51,2025,12,December,Sunday,12722.43,12086.3085
2025-12-14,ORD030815,CUST04070,P015,Dining Table,Furniture,Chennai,Store,Credit Card,2,22740.17,0.1,45480.34,40932.31,0,5086.89,2025,12,December,Sunday,45480.34,40932.306
2025-12-14,ORD023948,CUST03113,P010,Coffee Maker,Home,Chennai,Online,Credit Card,1,5962.91,0.15,5962.91,5068.47,0,970.04,2025,12,December,Sunday,5962.91,5068.4735
2025-12-14,ORD048282,CUST00766,P015,Dining Table,Furniture,Delhi,Online,UPI,4,22757.94,0.1,91031.76,81928.58,0,20867.81,2025,12,December,Sunday,91031.76,81928.584
2025-12-14,ORD023956,CUST02340,P013,Monitor,Electronics,Hyderabad,Online,Credit Card,1,19366.46,0.2,19366.46,15493.17,0,2068.29,2025,12,December,Sunday,19366.46,15493.168
2025-12-14,ORD004894,CUST02603,P010,Coffee Maker,Home,Hyderabad,Online,Debit Card,2,5268.05,0.1,10536.1,9482.49,0,2477.24,2025,12,December,Sunday,10536.1,9482.49
2025-12-14,ORD003071,CUST04994,P009,T-Shirt,Fashion,Ahmedabad,Store,UPI,2,1287.47,0.05,2574.94,2446.19,0,319.2,2025,12,December,Sunday,2574.94,2446.1929999999998
2025-12-14,ORD002803,CUST04221,P003,Headphones,Electronics,Jaipur,Online,UPI,2,4833.13,0.05,9666.26,9182.95,0,1941.21,2025,12,December,Sunday,9666.26,9182.947
2025-12-14,ORD010889,CUST04950,P001,Laptop,Electronics,Mumbai,Online,Debit Card,1,61603.57,0.15,61603.57,52363.03,0,11660.23,2025,12,December,Sunday,61603.57,52363.0345
2025-12-14,ORD003862,CUST02208,P016,Sofa,Furniture,Ahmedabad,Online,Credit Card,1,35237.17,0.2,35237.17,28189.74,0,2783.27,2025,12,December,Sunday,35237.17,28189.736
2025-12-14,ORD014286,CUST01209,P006,Desk,Furniture,Kolkata,Store,Credit Card,3,12801.19,0.1,38403.57,34563.21,0,3404.11,2025,12,December,Sunday,38403.57,34563.213
2025-12-14,ORD034284,CUST04782,P014,Keyboard,Electronics,Ahmedabad,Online,Cash,4,2388.9,0.1,9555.6,8600.04,0,1683.81,2025,12,December,Sunday,9555.6,8600.04
2025-12-14,ORD016064,CUST02874,P016,Sofa,Furniture,Ahmedabad,Online,UPI,2,33052.13,0.0,66104.26,66104.26,0,7732.12,2025,12,December,Sunday,66104.26,66104.26
2025-12-14,ORD014063,CUST02425,P003,Headphones,Electronics,Hyderabad,Online,Credit Card,3,4232.39,0.1,12697.17,11427.45,0,2487.33,2025,12,December,Sunday,12697.170000000002,11427.453
2025-12-14,ORD007637,CUST02102,P013,Monitor,Electronics,Surat,Online,UPI,2,17127.68,0.1,34255.36,30829.82,0,5059.66,2025,12,December,Sunday,34255.36,30829.824
2025-12-14,ORD002690,CUST00576,P019,Vacuum Cleaner,Home,Pune,Store,UPI,1,8987.24,0.1,8987.24,8088.52,0,1778.59,2025,12,December,Sunday,8987.24,8088.516
2025-12-14,ORD006624,CUST02810,P006,Desk,Furniture,Delhi,Online,Debit Card,1,11856.25,0.05,11856.25,11263.44,0,1823.9,2025,12,December,Sunday,11856.25,11263.4375
2025-12-14,ORD043892,CUST00491,P013,Monitor,Electronics,Hyderabad,Store,UPI,1,16712.12,0.1,16712.12,15040.91,0,3803.83,2025,12,December,Sunday,16712.12,15040.908
2025-12-14,ORD020053,CUST00162,P015,Dining Table,Furniture,Chennai,Store,Debit Card,1,23717.15,0.05,23717.15,22531.29,0,1702.78,2025,12,December,Sunday,23717.15,22531.2925
2025-12-14,ORD031320,CUST00594,P007,Backpack,Accessories,Surat,Online,UPI,3,2286.77,0.0,6860.31,6860.31,0,1792.21,2025,12,December,Sunday,6860.3099999999995,6860.31
2025-12-14,ORD023468,CUST03652,P009,T-Shirt,Fashion,Chennai,Online,UPI,1,1108.31,0.05,1108.31,1052.89,0,239.3,2025,12,December,Sunday,1108.31,1052.8944999999999
2025-12-14,ORD031955,CUST01606,P004,Smartwatch,Electronics,Ahmedabad,Store,UPI,1,6870.83,0.1,6870.83,6183.75,0,862.29,2025,12,December,Sunday,6870.83,6183.747
2025-12-14,ORD008188,CUST02544,P006,Desk,Furniture,Ahmedabad,Store,UPI,2,12863.22,0.15,25726.44,21867.47,0,2407.49,2025,12,December,Sunday,25726.44,21867.474
2025-12-14,ORD012703,CUST01350,P004,Smartwatch,Electronics,Chennai,Store,Credit Card,1,6411.56,0.0,6411.56,6411.56,0,1275.19,2025,12,December,Sunday,6411.56,6411.56
2025-12-14,ORD022810,CUST03253,P016,Sofa,Furniture,Chennai,Online,Credit Card,2,34182.36,0.0,68364.72,68364.72,0,8144.85,2025,12,December,Sunday,68364.72,68364.72
2025-12-14,ORD014118,CUST03923,P018,Jacket,Fashion,Surat,Store,UPI,1,4725.29,0.1,4725.29,4252.76,0,881.79,2025,12,December,Sunday,4725.29,4252.761
2025-12-14,ORD038751,CUST04075,P013,Monitor,Electronics,Hyderabad,Store,UPI,1,19133.51,0.1,19133.51,17220.16,0,3188.7,2025,12,December,Sunday,19133.51,17220.159
2025-12-14,ORD006124,CUST01930,P011,Mixer Grinder,Home,Jaipur,Online,Credit Card,2,4988.71,0.1,9977.42,8979.68,1,-448.98,2025,12,December,Sunday,9977.42,8979.678
2025-12-14,ORD030443,CUST04745,P001,Laptop,Electronics,Bengaluru,Online,Credit Card,1,68963.15,0.2,68963.15,55170.52,0,12776.26,2025,12,December,Sunday,68963.15,55170.52
2025-12-14,ORD017455,CUST00690,P017,Jeans,Fashion,Jaipur,Store,Cash,2,2765.73,0.1,5531.46,4978.31,0,439.34,2025,12,December,Sunday,5531.46,4978.314
2025-12-14,ORD042717,CUST04872,P012,Air Fryer,Home,Chennai,Online,Cash,5,7580.5,0.05,37902.5,36007.38,0,8602.53,2025,12,December,Sunday,37902.5,36007.375
2025-12-14,ORD039469,CUST02552,P008,Running Shoes,Fashion,Kolkata,Online,UPI,1,3970.63,0.1,3970.63,3573.57,0,984.0,2025,12,December,Sunday,3970.63,3573.567
2025-12-14,ORD030247,CUST03117,P012,Air Fryer,Home,Bengaluru,Online,Cash,1,7527.02,0.0,7527.02,7527.02,0,1441.85,2025,12,December,Sunday,7527.02,7527.02
2025-12-14,ORD041941,CUST04047,P001,Laptop,Electronics,Bengaluru,Online,UPI,1,61280.56,0.1,61280.56,55152.5,0,12880.24,2025,12,December,Sunday,61280.56,55152.504
2025-12-14,ORD017785,CUST04791,P018,Jacket,Fashion,Pune,Online,UPI,2,4698.63,0.05,9397.26,8927.4,0,2127.42,2025,12,December,Sunday,9397.26,8927.396999999999
2025-12-14,ORD012958,CUST02947,P017,Jeans,Fashion,Bengaluru,Online,UPI,1,3040.18,0.1,3040.18,2736.16,0,187.03,2025,12,December,Sunday,3040.18,2736.162
2025-12-14,ORD022421,CUST02135,P003,Headphones,Electronics,Hyderabad,Online,Credit Card,1,4383.31,0.1,4383.31,3944.98,0,535.25,2025,12,December,Sunday,4383.31,3944.9790000000003
2025-12-14,ORD010198,CUST04239,P010,Coffee Maker,Home,Hyderabad,Store,Debit Card,2,5152.26,0.0,10304.52,10304.52,0,1922.97,2025,12,December,Sunday,10304.52,10304.52
2025-12-14,ORD010773,CUST02211,P016,Sofa,Furniture,Hyderabad,Online,UPI,1,32296.09,0.0,32296.09,32296.09,0,8209.91,2025,12,December,Sunday,32296.09,32296.09
2025-12-14,ORD040196,CUST00434,P019,Vacuum Cleaner,Home,Bengaluru,Store,Cash,1,9231.61,0.05,9231.61,8770.03,0,1933.66,2025,12,December,Sunday,9231.61,8770.0295
2025-12-14,ORD042818,CUST00164,P011,Mixer Grinder,Home,Jaipur,Online,Debit Card,1,5088.04,0.0,5088.04,5088.04,1,-254.4,2025,12,December,Sunday,5088.04,5088.04
2025-12-14,ORD043001,CUST04942,P004,Smartwatch,Electronics,Chennai,Online,UPI,2,7672.75,0.1,15345.5,13810.95,0,2337.46,2025,12,December,Sunday,15345.5,13810.95
2025-12-14,ORD041925,CUST03091,P009,T-Shirt,Fashion,Pune,Store,UPI,1,1185.86,0.15,1185.86,1007.98,0,203.37,2025,12,December,Sunday,1185.86,1007.9809999999999
2025-12-14,ORD013130,CUST02904,P015,Dining Table,Furniture,Mumbai,Store,UPI,2,21553.52,0.0,43107.04,43107.04,0,5798.09,2025,12,December,Sunday,43107.04,43107.04
2025-12-14,ORD008394,CUST03905,P002,Smartphone,Electronics,Ahmedabad,Online,UPI,1,27469.72,0.15,27469.72,23349.26,0,4831.28,2025,12,December,Sunday,27469.72,23349.262
2025-12-14,ORD011623,CUST04599,P017,Jeans,Fashion,Kolkata,Store,UPI,1,2566.98,0.0,2566.98,2566.98,0,702.37,2025,12,December,Sunday,2566.98,2566.98
2025-12-14,ORD013637,CUST03174,P020,Microwave,Home,Pune,Store,Net Banking,4,11477.49,0.25,45909.96,34432.47,0,7249.86,2025,12,December,Sunday,45909.96,34432.47
2025-12-14,ORD037399,CUST01205,P020,Microwave,Home,Mumbai,Online,UPI,1,10210.17,0.05,10210.17,9699.66,0,1734.28,2025,12,December,Sunday,10210.17,9699.6615
2025-12-14,ORD021622,CUST02987,P012,Air Fryer,Home,Ahmedabad,Online,Net Banking,2,7481.67,0.2,14963.34,11970.67,0,1885.85,2025,12,December,Sunday,14963.34,11970.672
2025-12-15,ORD049655,CUST01282,P018,Jacket,Fashion,Delhi,Store,Net Banking,1,5078.81,0.1,5078.81,4570.93,0,1044.75,2025,12,December,Monday,5078.81,4570.929
2025-12-15,ORD036860,CUST00556,P004,Smartwatch,Electronics,Kolkata,Online,Credit Card,1,7125.78,0.05,7125.78,6769.49,0,1335.93,2025,12,December,Monday,7125.78,6769.490999999999
2025-12-15,ORD009694,CUST00916,P008,Running Shoes,Fashion,Bengaluru,Online,Debit Card,3,4138.51,0.0,12415.53,12415.53,0,1225.76,2025,12,December,Monday,12415.53,12415.53
2025-12-15,ORD043101,CUST03449,P008,Running Shoes,Fashion,Bengaluru,Store,Credit Card,2,4612.72,0.25,9225.44,6919.08,0,1533.33,2025,12,December,Monday,9225.44,6919.08
2025-12-15,ORD013422,CUST03661,P006,Desk,Furniture,Delhi,Online,UPI,1,12251.37,0.15,12251.37,10413.66,0,2023.72,2025,12,December,Monday,12251.37,10413.6645
2025-12-15,ORD027498,CUST00954,P018,Jacket,Fashion,Ahmedabad,Store,UPI,1,4756.08,0.2,4756.08,3804.86,0,755.73,2025,12,December,Monday,4756.08,3804.864
2025-12-15,ORD030105,CUST04228,P002,Smartphone,Electronics,Pune,Online,Debit Card,2,25540.11,0.05,51080.22,48526.21,0,11319.87,2025,12,December,Monday,51080.22,48526.208999999995
2025-12-15,ORD006386,CUST02951,P017,Jeans,Fashion,Mumbai,Store,Debit Card,1,2597.9,0.1,2597.9,2338.11,0,599.48,2025,12,December,Monday,2597.9,2338.11
2025-12-15,ORD017288,CUST01993,P007,Backpack,Accessories,Bengaluru,Store,UPI,1,2249.83,0.15,2249.83,1912.36,1,-95.62,2025,12,December,Monday,2249.83,1912.3555
2025-12-15,ORD023343,CUST04223,P002,Smartphone,Electronics,Hyderabad,Online,UPI,1,28377.74,0.05,28377.74,26958.85,0,3212.41,2025,12,December,Monday,28377.74,26958.853
2025-12-15,ORD023339,CUST00879,P013,Monitor,Electronics,Surat,Online,UPI,1,17531.94,0.25,17531.94,13148.95,0,963.25,2025,12,December,Monday,17531.94,13148.954999999998
2025-12-15,ORD036676,CUST03163,P011,Mixer Grinder,Home,Kolkata,Online,Cash,2,4901.64,0.1,9803.28,8822.95,0,1040.99,2025,12,December,Monday,9803.28,8822.952000000001
2025-12-15,ORD012132,CUST00740,P009,T-Shirt,Fashion,Kolkata,Store,UPI,5,1100.0,0.1,5500.0,4950.0,0,429.56,2025,12,December,Monday,5500.0,4950.0
2025-12-15,ORD019135,CUST03025,P003,Headphones,Electronics,Ahmedabad,Store,UPI,1,4496.27,0.05,4496.27,4271.46,0,680.92,2025,12,December,Monday,4496.27,4271.4565
2025-12-15,ORD021288,CUST03838,P001,Laptop,Electronics,Jaipur,Store,Credit Card,2,70796.96,0.05,141593.92,134514.22,0,17981.26,2025,12,December,Monday,141593.92,134514.22400000002
2025-12-15,ORD001774,CUST02146,P011,Mixer Grinder,Home,Pune,Store,Net Banking,1,4698.2,0.0,4698.2,4698.2,0,755.74,2025,12,December,Monday,4698.2,4698.2
2025-12-15,ORD004871,CUST04678,P005,Office Chair,Furniture,Ahmedabad,Online,Net Banking,1,8788.53,0.05,8788.53,8349.1,0,2010.94,2025,12,December,Monday,8788.53,8349.103500000001
2025-12-15,ORD040948,CUST00397,P002,Smartphone,Electronics,Kolkata,Online,Credit Card,2,25472.58,0.1,50945.16,45850.64,0,12760.94,2025,12,December,Monday,50945.16,45850.64400000001
2025-12-15,ORD015115,CUST04239,P019,Vacuum Cleaner,Home,Pune,Online,Debit Card,1,8240.72,0.1,8240.72,7416.65,1,-370.83,2025,12,December,Monday,8240.72,7416.647999999999
2025-12-15,ORD004307,CUST02621,P020,Microwave,Home,Bengaluru,Store,UPI,1,10355.46,0.0,10355.46,10355.46,0,1921.63,2025,12,December,Monday,10355.46,10355.46
2025-12-15,ORD023554,CUST00881,P013,Monitor,Electronics,Jaipur,Store,Cash,1,19382.1,0.05,19382.1,18413.0,1,-920.65,2025,12,December,Monday,19382.1,18412.995
2025-12-15,ORD044324,CUST01683,P014,Keyboard,Electronics,Chennai,Online,UPI,1,2427.25,0.0,2427.25,2427.25,0,454.23,2025,12,December,Monday,2427.25,2427.25
2025-12-15,ORD007758,CUST00217,P013,Monitor,Electronics,Chennai,Online,Debit Card,1,19337.27,0.05,19337.27,18370.41,0,1969.35,2025,12,December,Monday,19337.27,18370.4065
2025-12-15,ORD029607,CUST03196,P019,Vacuum Cleaner,Home,Pune,Store,UPI,1,8138.19,0.0,8138.19,8138.19,0,1603.96,2025,12,December,Monday,8138.19,8138.19
2025-12-15,ORD018493,CUST04424,P011,Mixer Grinder,Home,Bengaluru,Online,UPI,1,4661.31,0.05,4661.31,4428.24,0,614.33,2025,12,December,Monday,4661.31,4428.2445
2025-12-15,ORD012268,CUST02913,P004,Smartwatch,Electronics,Surat,Online,Credit Card,2,6404.22,0.05,12808.44,12168.02,0,2818.77,2025,12,December,Monday,12808.44,12168.018
2025-12-15,ORD009906,CUST00577,P007,Backpack,Accessories,Bengaluru,Online,Credit Card,1,2276.58,0.0,2276.58,2276.58,0,425.5,2025,12,December,Monday,2276.58,2276.58
2025-12-15,ORD033682,CUST04824,P015,Dining Table,Furniture,Delhi,Online,Cash,3,20444.31,0.1,61332.93,55199.64,0,6188.21,2025,12,December,Monday,61332.93000000001,55199.637
2025-12-15,ORD001516,CUST02427,P004,Smartwatch,Electronics,Ahmedabad,Online,UPI,1,6751.07,0.2,6751.07,5400.86,0,1218.14,2025,12,December,Monday,6751.07,5400.856
2025-12-15,ORD003641,CUST00240,P014,Keyboard,Electronics,Delhi,Store,UPI,3,2519.61,0.15,7558.83,6425.01,0,536.13,2025,12,December,Monday,7558.83,6425.0055
2025-12-15,ORD037348,CUST03976,P003,Headphones,Electronics,Delhi,Online,Credit Card,1,4106.61,0.0,4106.61,4106.61,0,950.57,2025,12,December,Monday,4106.61,4106.61
2025-12-15,ORD001545,CUST01928,P010,Coffee Maker,Home,Jaipur,Online,Cash,2,5167.54,0.1,10335.08,9301.57,0,2422.49,2025,12,December,Monday,10335.08,9301.572
2025-12-15,ORD031447,CUST01557,P020,Microwave,Home,Mumbai,Online,UPI,1,11082.12,0.1,11082.12,9973.91,0,2752.15,2025,12,December,Monday,11082.12,9973.908000000001
2025-12-15,ORD002432,CUST00011,P015,Dining Table,Furniture,Jaipur,Online,UPI,1,21318.15,0.25,21318.15,15988.61,0,3583.68,2025,12,December,Monday,21318.15,15988.612500000001
2025-12-15,ORD013957,CUST01279,P004,Smartwatch,Electronics,Delhi,Online,UPI,2,6996.11,0.0,13992.22,13992.22,0,3298.18,2025,12,December,Monday,13992.22,13992.22
2025-12-15,ORD010085,CUST02021,P004,Smartwatch,Electronics,Mumbai,Online,Debit Card,1,7653.92,0.0,7653.92,7653.92,0,789.11,2025,12,December,Monday,7653.92,7653.92
2025-12-15,ORD046237,CUST04609,P011,Mixer Grinder,Home,Chennai,Online,Credit Card,3,4779.9,0.05,14339.7,13622.71,0,1064.87,2025,12,December,Monday,14339.699999999999,13622.715
2025-12-15,ORD008544,CUST03450,P010,Coffee Maker,Home,Surat,Online,UPI,1,5097.91,0.15,5097.91,4333.22,0,1144.15,2025,12,December,Monday,5097.91,4333.2235
2025-12-15,ORD009514,CUST03236,P016,Sofa,Furniture,Mumbai,Online,UPI,1,33852.89,0.15,33852.89,28774.96,0,5494.42,2025,12,December,Monday,33852.89,28774.9565
2025-12-15,ORD007034,CUST04244,P004,Smartwatch,Electronics,Ahmedabad,Store,Credit Card,1,6950.13,0.05,6950.13,6602.62,1,-330.13,2025,12,December,Monday,6950.13,6602.6235
2025-12-15,ORD049266,CUST01611,P018,Jacket,Fashion,Pune,Online,UPI,4,5107.16,0.1,20428.64,18385.78,0,3852.73,2025,12,December,Monday,20428.64,18385.776
2025-12-15,ORD017873,CUST00400,P001,Laptop,Electronics,Chennai,Store,UPI,1,59776.31,0.1,59776.31,53798.68,0,5651.65,2025,12,December,Monday,59776.31,53798.679
2025-12-15,ORD029524,CUST01545,P012,Air Fryer,Home,Bengaluru,Online,Cash,1,7080.21,0.15,7080.21,6018.18,0,1480.41,2025,12,December,Monday,7080.21,6018.1785
2025-12-15,ORD037058,CUST03282,P003,Headphones,Electronics,Delhi,Store,UPI,1,4697.6,0.1,4697.6,4227.84,0,410.32,2025,12,December,Monday,4697.6,4227.84
2025-12-15,ORD000612,CUST03286,P006,Desk,Furniture,Hyderabad,Online,Net Banking,1,11042.26,0.0,11042.26,11042.26,0,3312.31,2025,12,December,Monday,11042.26,11042.26
2025-12-15,ORD036998,CUST01135,P007,Backpack,Accessories,Pune,Store,UPI,1,2359.86,0.15,2359.86,2005.88,0,341.54,2025,12,December,Monday,2359.86,2005.881
2025-12-15,ORD015174,CUST02141,P002,Smartphone,Electronics,Hyderabad,Store,Credit Card,1,28719.18,0.05,28719.18,27283.22,0,6569.6,2025,12,December,Monday,28719.18,27283.220999999998
2025-12-15,ORD029929,CUST00154,P020,Microwave,Home,Pune,Online,Credit Card,1,11092.47,0.05,11092.47,10537.85,0,1709.17,2025,12,December,Monday,11092.47,10537.8465
2025-12-15,ORD028257,CUST04030,P012,Air Fryer,Home,Pune,Online,Credit Card,1,7318.73,0.1,7318.73,6586.86,0,1254.89,2025,12,December,Monday,7318.73,6586.857
2025-12-15,ORD032419,CUST00931,P004,Smartwatch,Electronics,Delhi,Online,UPI,1,7489.32,0.1,7489.32,6740.39,0,792.37,2025,12,December,Monday,7489.32,6740.388
2025-12-15,ORD003565,CUST02764,P002,Smartphone,Electronics,Delhi,Online,Net Banking,1,28860.18,0.1,28860.18,25974.16,0,5509.12,2025,12,December,Monday,28860.18,25974.162
2025-12-15,ORD011347,CUST02585,P005,Office Chair,Furniture,Ahmedabad,Online,UPI,1,9278.53,0.15,9278.53,7886.75,0,1566.11,2025,12,December,Monday,9278.53,7886.7505
2025-12-15,ORD006479,CUST00590,P019,Vacuum Cleaner,Home,Chennai,Online,Cash,1,9073.57,0.2,9073.57,7258.86,0,1812.77,2025,12,December,Monday,9073.57,7258.856
2025-12-15,ORD028060,CUST04511,P002,Smartphone,Electronics,Mumbai,Store,Debit Card,2,27620.86,0.1,55241.72,49717.55,0,6991.32,2025,12,December,Monday,55241.72,49717.548
2025-12-15,ORD025662,CUST01193,P008,Running Shoes,Fashion,Kolkata,Online,UPI,3,3804.99,0.0,11414.97,11414.97,0,1757.91,2025,12,December,Monday,11414.97,11414.97
2025-12-15,ORD028430,CUST00684,P005,Office Chair,Furniture,Delhi,Store,UPI,1,10200.56,0.1,10200.56,9180.5,0,1328.61,2025,12,December,Monday,10200.56,9180.503999999999
2025-12-15,ORD030151,CUST04522,P019,Vacuum Cleaner,Home,Chennai,Online,UPI,1,8433.41,0.25,8433.41,6325.06,0,622.31,2025,12,December,Monday,8433.41,6325.0575
2025-12-15,ORD011586,CUST01165,P016,Sofa,Furniture,Bengaluru,Store,Credit Card,3,33465.9,0.1,100397.7,90357.93,0,17704.99,2025,12,December,Monday,100397.70000000001,90357.93
2025-12-15,ORD039620,CUST02629,P008,Running Shoes,Fashion,Jaipur,Online,Net Banking,4,4026.33,0.1,16105.32,14494.79,0,1565.15,2025,12,December,Monday,16105.32,14494.788
2025-12-15,ORD035680,CUST03087,P008,Running Shoes,Fashion,Ahmedabad,Online,UPI,1,3830.52,0.05,3830.52,3638.99,0,494.47,2025,12,December,Monday,3830.52,3638.9939999999997
2025-12-15,ORD004020,CUST01870,P007,Backpack,Accessories,Kolkata,Online,Debit Card,1,2090.31,0.05,2090.31,1985.79,0,242.23,2025,12,December,Monday,2090.31,1985.7944999999997
2025-12-15,ORD021583,CUST03115,P001,Laptop,Electronics,Hyderabad,Online,UPI,1,61796.04,0.1,61796.04,55616.44,0,14048.9,2025,12,December,Monday,61796.04,55616.436
2025-12-15,ORD049159,CUST00065,P020,Microwave,Home,Ahmedabad,Online,UPI,5,11627.77,0.0,58138.85,58138.85,1,-2906.94,2025,12,December,Monday,58138.850000000006,58138.85
2025-12-15,ORD005095,CUST04021,P016,Sofa,Furniture,Hyderabad,Store,UPI,2,38048.78,0.0,76097.56,76097.56,0,10626.63,2025,12,December,Monday,76097.56,76097.56
2025-12-15,ORD022376,CUST03992,P014,Keyboard,Electronics,Pune,Online,Credit Card,2,2280.1,0.15,4560.2,3876.17,0,536.78,2025,12,December,Monday,4560.2,3876.1699999999996
2025-12-15,ORD023048,CUST02783,P016,Sofa,Furniture,Jaipur,Online,UPI,1,35042.3,0.05,35042.3,33290.18,0,8679.18,2025,12,December,Monday,35042.3,33290.185
2025-12-15,ORD019524,CUST03897,P001,Laptop,Electronics,Hyderabad,Store,Debit Card,1,68030.66,0.15,68030.66,57826.06,1,-2891.3,2025,12,December,Monday,68030.66,57826.061
2025-12-16,ORD009624,CUST04132,P008,Running Shoes,Fashion,Ahmedabad,Online,Credit Card,1,4327.07,0.1,4327.07,3894.36,0,464.65,2025,12,December,Tuesday,4327.07,3894.363
2025-12-16,ORD033848,CUST02735,P002,Smartphone,Electronics,Bengaluru,Store,UPI,1,28685.87,0.1,28685.87,25817.28,0,2013.4,2025,12,December,Tuesday,28685.87,25817.283
2025-12-16,ORD007821,CUST00091,P013,Monitor,Electronics,Surat,Store,Debit Card,2,16789.04,0.1,33578.08,30220.27,0,5876.0,2025,12,December,Tuesday,33578.08,30220.272
2025-12-16,ORD040405,CUST03085,P012,Air Fryer,Home,Ahmedabad,Online,Net Banking,5,6735.7,0.0,33678.5,33678.5,0,3650.5,2025,12,December,Tuesday,33678.5,33678.5
2025-12-16,ORD046541,CUST04797,P008,Running Shoes,Fashion,Delhi,Store,Credit Card,1,4263.06,0.05,4263.06,4049.91,0,593.32,2025,12,December,Tuesday,4263.06,4049.907
2025-12-16,ORD015357,CUST02977,P007,Backpack,Accessories,Jaipur,Online,UPI,1,2280.46,0.1,2280.46,2052.41,0,517.24,2025,12,December,Tuesday,2280.46,2052.414
2025-12-16,ORD046394,CUST02342,P006,Desk,Furniture,Surat,Store,Credit Card,1,12210.07,0.15,12210.07,10378.56,0,2579.16,2025,12,December,Tuesday,12210.07,10378.5595
2025-12-16,ORD036884,CUST00663,P012,Air Fryer,Home,Chennai,Store,Credit Card,1,6577.7,0.15,6577.7,5591.04,0,350.46,2025,12,December,Tuesday,6577.7,5591.045
2025-12-16,ORD003219,CUST03350,P015,Dining Table,Furniture,Delhi,Store,Credit Card,1,22770.58,0.1,22770.58,20493.52,0,4337.39,2025,12,December,Tuesday,22770.58,20493.522
2025-12-16,ORD013863,CUST01928,P002,Smartphone,Electronics,Chennai,Online,UPI,1,29795.8,0.1,29795.8,26816.22,0,4256.09,2025,12,December,Tuesday,29795.8,26816.22
2025-12-16,ORD038645,CUST00390,P005,Office Chair,Furniture,Kolkata,Store,Credit Card,2,9571.41,0.0,19142.82,19142.82,0,5097.34,2025,12,December,Tuesday,19142.82,19142.82
2025-12-16,ORD023447,CUST03183,P005,Office Chair,Furniture,Delhi,Store,Net Banking,2,8985.1,0.2,17970.2,14376.16,0,1597.82,2025,12,December,Tuesday,17970.2,14376.160000000002
2025-12-16,ORD039553,CUST02448,P014,Keyboard,Electronics,Surat,Online,UPI,1,2346.6,0.1,2346.6,2111.94,0,369.9,2025,12,December,Tuesday,2346.6,2111.94
2025-12-16,ORD001404,CUST00243,P007,Backpack,Accessories,Kolkata,Online,Debit Card,1,2371.84,0.1,2371.84,2134.66,0,378.75,2025,12,December,Tuesday,2371.84,2134.6560000000004
2025-12-16,ORD018104,CUST03773,P020,Microwave,Home,Jaipur,Online,UPI,2,11555.18,0.0,23110.36,23110.36,0,5305.58,2025,12,December,Tuesday,23110.36,23110.36
2025-12-16,ORD034529,CUST01426,P007,Backpack,Accessories,Mumbai,Store,Net Banking,4,2001.68,0.25,8006.72,6005.04,0,697.73,2025,12,December,Tuesday,8006.72,6005.04
2025-12-16,ORD047356,CUST04301,P012,Air Fryer,Home,Delhi,Store,Credit Card,1,6541.01,0.0,6541.01,6541.01,0,901.82,2025,12,December,Tuesday,6541.01,6541.01
2025-12-16,ORD025276,CUST00419,P013,Monitor,Electronics,Bengaluru,Online,UPI,4,16897.97,0.0,67591.88,67591.88,0,11794.64,2025,12,December,Tuesday,67591.88,67591.88
2025-12-16,ORD021527,CUST02900,P008,Running Shoes,Fashion,Surat,Store,UPI,1,4537.46,0.0,4537.46,4537.46,0,481.45,2025,12,December,Tuesday,4537.46,4537.46
2025-12-16,ORD042268,CUST03798,P016,Sofa,Furniture,Kolkata,Online,UPI,1,34486.96,0.0,34486.96,34486.96,1,-1724.35,2025,12,December,Tuesday,34486.96,34486.96
2025-12-16,ORD041542,CUST00225,P011,Mixer Grinder,Home,Kolkata,Online,UPI,1,4432.26,0.2,4432.26,3545.81,0,877.53,2025,12,December,Tuesday,4432.26,3545.8080000000004
2025-12-16,ORD008776,CUST01940,P002,Smartphone,Electronics,Jaipur,Store,Credit Card,3,30177.99,0.0,90533.97,90533.97,0,19003.83,2025,12,December,Tuesday,90533.97,90533.97
2025-12-16,ORD028673,CUST00188,P016,Sofa,Furniture,Kolkata,Online,UPI,1,32701.63,0.15,32701.63,27796.39,0,6464.2,2025,12,December,Tuesday,32701.63,27796.3855
2025-12-16,ORD045169,CUST00660,P009,T-Shirt,Fashion,Pune,Online,UPI,2,1306.97,0.1,2613.94,2352.55,0,600.05,2025,12,December,Tuesday,2613.94,2352.5460000000003
2025-12-16,ORD008255,CUST03612,P011,Mixer Grinder,Home,Jaipur,Store,UPI,2,4539.97,0.2,9079.94,7263.95,0,1717.59,2025,12,December,Tuesday,9079.94,7263.952000000001
2025-12-16,ORD044028,CUST04095,P004,Smartwatch,Electronics,Jaipur,Online,Net Banking,1,7351.69,0.1,7351.69,6616.52,0,765.68,2025,12,December,Tuesday,7351.69,6616.521
2025-12-16,ORD042660,CUST02392,P016,Sofa,Furniture,Hyderabad,Online,Credit Card,1,32232.61,0.2,32232.61,25786.09,0,3118.67,2025,12,December,Tuesday,32232.61,25786.088000000003
2025-12-16,ORD047225,CUST00255,P003,Headphones,Electronics,Mumbai,Online,UPI,2,4391.26,0.1,8782.52,7904.27,0,1320.46,2025,12,December,Tuesday,8782.52,7904.268000000001
2025-12-16,ORD012790,CUST02574,P003,Headphones,Electronics,Ahmedabad,Online,UPI,3,4497.97,0.0,13493.91,13493.91,0,1681.05,2025,12,December,Tuesday,13493.91,13493.91
2025-12-16,ORD029892,CUST03896,P010,Coffee Maker,Home,Chennai,Store,Debit Card,4,5846.98,0.0,23387.92,23387.92,0,4353.08,2025,12,December,Tuesday,23387.92,23387.92
2025-12-16,ORD004675,CUST00433,P017,Jeans,Fashion,Surat,Online,Credit Card,1,2694.39,0.1,2694.39,2424.95,0,368.46,2025,12,December,Tuesday,2694.39,2424.951
2025-12-16,ORD046260,CUST00671,P005,Office Chair,Furniture,Surat,Store,Credit Card,4,8902.41,0.15,35609.64,30268.19,0,3765.48,2025,12,December,Tuesday,35609.64,30268.194
2025-12-16,ORD049585,CUST00890,P004,Smartwatch,Electronics,Delhi,Store,UPI,1,7374.45,0.05,7374.45,7005.73,0,2028.87,2025,12,December,Tuesday,7374.45,7005.727499999999
2025-12-16,ORD008245,CUST00984,P003,Headphones,Electronics,Hyderabad,Online,Debit Card,2,4928.03,0.0,9856.06,9856.06,0,1026.2,2025,12,December,Tuesday,9856.06,9856.06
2025-12-16,ORD011631,CUST04288,P020,Microwave,Home,Kolkata,Online,Cash,1,9924.32,0.0,9924.32,9924.32,0,2820.88,2025,12,December,Tuesday,9924.32,9924.32
2025-12-16,ORD016134,CUST01116,P001,Laptop,Electronics,Bengaluru,Store,Credit Card,1,67845.3,0.05,67845.3,64453.04,0,14554.01,2025,12,December,Tuesday,67845.3,64453.034999999996
2025-12-16,ORD042324,CUST03510,P006,Desk,Furniture,Bengaluru,Online,UPI,1,11496.64,0.1,11496.64,10346.98,1,-517.35,2025,12,December,Tuesday,11496.64,10346.976
2025-12-16,ORD005498,CUST00208,P012,Air Fryer,Home,Delhi,Online,Net Banking,1,7455.24,0.05,7455.24,7082.48,0,1308.89,2025,12,December,Tuesday,7455.24,7082.477999999999
2025-12-16,ORD013429,CUST01973,P014,Keyboard,Electronics,Ahmedabad,Store,UPI,2,2395.6,0.05,4791.2,4551.64,0,701.28,2025,12,December,Tuesday,4791.2,4551.639999999999
2025-12-16,ORD021767,CUST01237,P018,Jacket,Fashion,Surat,Online,UPI,1,5217.88,0.15,5217.88,4435.2,0,1059.57,2025,12,December,Tuesday,5217.88,4435.198
2025-12-16,ORD020344,CUST01694,P011,Mixer Grinder,Home,Pune,Online,Debit Card,1,4751.73,0.1,4751.73,4276.56,0,504.22,2025,12,December,Tuesday,4751.73,4276.557
2025-12-16,ORD046563,CUST03559,P001,Laptop,Electronics,Ahmedabad,Online,UPI,1,58959.0,0.05,58959.0,56011.05,0,14554.26,2025,12,December,Tuesday,58959.0,56011.049999999996
2025-12-16,ORD015710,CUST02434,P013,Monitor,Electronics,Delhi,Online,Credit Card,1,18779.17,0.0,18779.17,18779.17,0,4256.95,2025,12,December,Tuesday,18779.17,18779.17
2025-12-16,ORD036079,CUST03509,P001,Laptop,Electronics,Delhi,Online,Cash,2,64946.42,0.0,129892.84,129892.84,1,-6494.64,2025,12,December,Tuesday,129892.84,129892.84
2025-12-16,ORD012242,CUST03574,P010,Coffee Maker,Home,Chennai,Online,Credit Card,1,5744.45,0.05,5744.45,5457.23,0,882.52,2025,12,December,Tuesday,5744.45,5457.2275
2025-12-16,ORD036302,CUST02656,P020,Microwave,Home,Surat,Online,Cash,1,10282.16,0.1,10282.16,9253.94,0,677.38,2025,12,December,Tuesday,10282.16,9253.944
2025-12-16,ORD010700,CUST02094,P005,Office Chair,Furniture,Kolkata,Online,Cash,2,9705.03,0.1,19410.06,17469.05,0,3643.39,2025,12,December,Tuesday,19410.06,17469.054
2025-12-16,ORD019970,CUST02917,P006,Desk,Furniture,Delhi,Online,Debit Card,2,13127.99,0.1,26255.98,23630.38,0,1670.04,2025,12,December,Tuesday,26255.98,23630.382
2025-12-16,ORD009753,CUST01529,P005,Office Chair,Furniture,Kolkata,Online,Debit Card,1,10010.57,0.0,10010.57,10010.57,0,1453.45,2025,12,December,Tuesday,10010.57,10010.57
2025-12-16,ORD001093,CUST03325,P004,Smartwatch,Electronics,Mumbai,Online,Net Banking,1,6447.34,0.15,6447.34,5480.24,0,1104.26,2025,12,December,Tuesday,6447.34,5480.239
2025-12-16,ORD032170,CUST04187,P011,Mixer Grinder,Home,Bengaluru,Online,Credit Card,3,4684.73,0.25,14054.19,10540.64,0,532.75,2025,12,December,Tuesday,14054.189999999999,10540.6425
2025-12-16,ORD014545,CUST03689,P017,Jeans,Fashion,Hyderabad,Online,UPI,1,2620.33,0.15,2620.33,2227.28,0,569.99,2025,12,December,Tuesday,2620.33,2227.2805
2025-12-16,ORD024257,CUST01689,P020,Microwave,Home,Bengaluru,Online,Credit Card,1,11831.2,0.2,11831.2,9464.96,0,2366.54,2025,12,December,Tuesday,11831.2,9464.960000000001
2025-12-16,ORD012143,CUST02816,P004,Smartwatch,Electronics,Ahmedabad,Store,UPI,1,6528.27,0.05,6528.27,6201.86,0,741.55,2025,12,December,Tuesday,6528.27,6201.8565
2025-12-16,ORD012095,CUST03134,P008,Running Shoes,Fashion,Chennai,Online,UPI,1,3918.74,0.0,3918.74,3918.74,1,-195.94,2025,12,December,Tuesday,3918.74,3918.74
2025-12-16,ORD023237,CUST04549,P015,Dining Table,Furniture,Surat,Store,UPI,1,20272.42,0.15,20272.42,17231.56,0,4356.96,2025,12,December,Tuesday,20272.42,17231.556999999997
2025-12-16,ORD008623,CUST04130,P020,Microwave,Home,Mumbai,Store,Credit Card,1,10916.58,0.1,10916.58,9824.92,0,2257.14,2025,12,December,Tuesday,10916.58,9824.922
2025-12-16,ORD030316,CUST04285,P008,Running Shoes,Fashion,Mumbai,Online,Net Banking,1,3869.08,0.15,3869.08,3288.72,0,658.42,2025,12,December,Tuesday,3869.08,3288.718
2025-12-16,ORD038450,CUST00488,P004,Smartwatch,Electronics,Kolkata,Online,UPI,1,6921.82,0.1,6921.82,6229.64,0,641.37,2025,12,December,Tuesday,6921.82,6229.638
2025-12-16,ORD020492,CUST04880,P011,Mixer Grinder,Home,Delhi,Online,Cash,1,5108.2,0.05,5108.2,4852.79,1,-242.64,2025,12,December,Tuesday,5108.2,4852.79
2025-12-16,ORD010061,CUST03929,P004,Smartwatch,Electronics,Hyderabad,Store,Debit Card,1,6419.64,0.2,6419.64,5135.71,0,1054.03,2025,12,December,Tuesday,6419.64,5135.712
2025-12-16,ORD020157,CUST00767,P006,Desk,Furniture,Hyderabad,Store,Debit Card,4,12113.85,0.1,48455.4,43609.86,0,8245.59,2025,12,December,Tuesday,48455.4,43609.86
2025-12-16,ORD006404,CUST01615,P006,Desk,Furniture,Pune,Online,UPI,1,12709.98,0.1,12709.98,11438.98,1,-571.95,2025,12,December,Tuesday,12709.98,11438.982
2025-12-16,ORD047113,CUST03925,P016,Sofa,Furniture,Ahmedabad,Store,Debit Card,1,33787.39,0.25,33787.39,25340.54,0,2252.12,2025,12,December,Tuesday,33787.39,25340.5425
2025-12-16,ORD031517,CUST00751,P018,Jacket,Fashion,Bengaluru,Online,UPI,1,4685.84,0.15,4685.84,3982.96,0,560.86,2025,12,December,Tuesday,4685.84,3982.964
2025-12-16,ORD032712,CUST01787,P017,Jeans,Fashion,Jaipur,Online,UPI,5,3069.66,0.0,15348.3,15348.3,0,1898.9,2025,12,December,Tuesday,15348.3,15348.3
2025-12-16,ORD023404,CUST00281,P018,Jacket,Fashion,Ahmedabad,Online,UPI,2,4777.16,0.15,9554.32,8121.17,0,1363.36,2025,12,December,Tuesday,9554.32,8121.172
2025-12-16,ORD040052,CUST02856,P006,Desk,Furniture,Kolkata,Online,Credit Card,1,11917.17,0.15,11917.17,10129.59,0,2204.3,2025,12,December,Tuesday,11917.17,10129.5945
2025-12-16,ORD011558,CUST01906,P010,Coffee Maker,Home,Chennai,Store,Net Banking,1,5628.3,0.2,5628.3,4502.64,0,1069.86,2025,12,December,Tuesday,5628.3,4502.64
2025-12-16,ORD043242,CUST04390,P011,Mixer Grinder,Home,Mumbai,Online,Debit Card,1,5189.52,0.05,5189.52,4930.04,0,739.89,2025,12,December,Tuesday,5189.52,4930.044
2025-12-16,ORD030022,CUST00922,P019,Vacuum Cleaner,Home,Kolkata,Online,Debit Card,1,8406.64,0.15,8406.64,7145.64,0,1576.67,2025,12,December,Tuesday,8406.64,7145.643999999999
2025-12-16,ORD027657,CUST01273,P012,Air Fryer,Home,Jaipur,Store,Debit Card,2,7332.22,0.05,14664.44,13931.22,0,1261.78,2025,12,December,Tuesday,14664.44,13931.217999999999
2025-12-16,ORD048790,CUST01693,P018,Jacket,Fashion,Surat,Online,Debit Card,4,5248.54,0.1,20994.16,18894.74,0,2002.33,2025,12,December,Tuesday,20994.16,18894.744
2025-12-16,ORD047132,CUST04161,P020,Microwave,Home,Delhi,Store,UPI,1,11799.05,0.0,11799.05,11799.05,1,-589.95,2025,12,December,Tuesday,11799.05,11799.05
2025-12-16,ORD004033,CUST03419,P006,Desk,Furniture,Chennai,Store,Cash,1,11209.18,0.15,11209.18,9527.8,0,1563.71,2025,12,December,Tuesday,11209.18,9527.803
2025-12-16,ORD030618,CUST02580,P014,Keyboard,Electronics,Jaipur,Store,Credit Card,2,2436.2,0.2,4872.4,3897.92,0,409.34,2025,12,December,Tuesday,4872.4,3897.92
2025-12-16,ORD004512,CUST02442,P018,Jacket,Fashion,Hyderabad,Online,UPI,1,5678.66,0.1,5678.66,5110.79,0,1027.2,2025,12,December,Tuesday,5678.66,5110.794
2025-12-16,ORD028132,CUST01220,P011,Mixer Grinder,Home,Delhi,Online,UPI,2,4884.06,0.0,9768.12,9768.12,0,1342.62,2025,12,December,Tuesday,9768.12,9768.12
2025-12-16,ORD036584,CUST00011,P010,Coffee Maker,Home,Kolkata,Online,UPI,1,5542.48,0.1,5542.48,4988.23,0,711.53,2025,12,December,Tuesday,5542.48,4988.232
2025-12-16,ORD011624,CUST02146,P002,Smartphone,Electronics,Kolkata,Online,UPI,1,28537.16,0.05,28537.16,27110.3,0,4554.87,2025,12,December,Tuesday,28537.16,27110.302
2025-12-17,ORD022484,CUST03635,P017,Jeans,Fashion,Kolkata,Online,UPI,5,2693.78,0.1,13468.9,12122.01,0,727.34,2025,12,December,Wednesday,13468.900000000001,12122.01
2025-12-17,ORD010545,CUST03235,P012,Air Fryer,Home,Ahmedabad,Store,UPI,1,6682.51,0.15,6682.51,5680.13,0,725.63,2025,12,December,Wednesday,6682.51,5680.1335
2025-12-17,ORD042186,CUST00127,P020,Microwave,Home,Surat,Online,UPI,1,10483.7,0.1,10483.7,9435.33,0,1858.55,2025,12,December,Wednesday,10483.7,9435.330000000002
2025-12-17,ORD028886,CUST03923,P012,Air Fryer,Home,Pune,Online,Debit Card,2,7376.06,0.2,14752.12,11801.7,0,2790.82,2025,12,December,Wednesday,14752.12,11801.696000000002
2025-12-17,ORD023972,CUST02185,P010,Coffee Maker,Home,Chennai,Store,Credit Card,1,5492.38,0.15,5492.38,4668.52,0,776.07,2025,12,December,Wednesday,5492.38,4668.523
2025-12-17,ORD017911,CUST01286,P015,Dining Table,Furniture,Delhi,Online,UPI,3,20575.83,0.0,61727.49,61727.49,0,17366.36,2025,12,December,Wednesday,61727.490000000005,61727.49
2025-12-17,ORD015186,CUST04213,P007,Backpack,Accessories,Chennai,Store,Credit Card,1,2094.05,0.2,2094.05,1675.24,0,198.68,2025,12,December,Wednesday,2094.05,1675.2400000000002
2025-12-17,ORD005384,CUST04180,P019,Vacuum Cleaner,Home,Chennai,Store,UPI,1,8390.1,0.1,8390.1,7551.09,0,1192.78,2025,12,December,Wednesday,8390.1,7551.09
2025-12-17,ORD045032,CUST00484,P001,Laptop,Electronics,Bengaluru,Store,UPI,2,70394.85,0.25,140789.7,105592.28,0,9732.72,2025,12,December,Wednesday,140789.7,105592.27500000001
2025-12-17,ORD031506,CUST03591,P003,Headphones,Electronics,Surat,Online,Debit Card,1,4109.19,0.15,4109.19,3492.81,0,415.12,2025,12,December,Wednesday,4109.19,3492.8114999999993
2025-12-17,ORD010143,CUST00900,P003,Headphones,Electronics,Ahmedabad,Store,Credit Card,2,4129.57,0.0,8259.14,8259.14,0,1831.46,2025,12,December,Wednesday,8259.14,8259.14
2025-12-17,ORD006913,CUST04302,P002,Smartphone,Electronics,Jaipur,Online,UPI,1,29445.36,0.15,29445.36,25028.56,0,2701.1,2025,12,December,Wednesday,29445.36,25028.556
2025-12-17,ORD027669,CUST01840,P009,T-Shirt,Fashion,Bengaluru,Online,Credit Card,2,1127.1,0.1,2254.2,2028.78,0,201.32,2025,12,December,Wednesday,2254.2,2028.78
2025-12-17,ORD006915,CUST01523,P020,Microwave,Home,Mumbai,Store,UPI,2,11810.55,0.0,23621.1,23621.1,0,2265.86,2025,12,December,Wednesday,23621.1,23621.1
2025-12-17,ORD018483,CUST02793,P011,Mixer Grinder,Home,Pune,Online,UPI,1,4697.72,0.15,4697.72,3993.06,0,476.25,2025,12,December,Wednesday,4697.72,3993.062
2025-12-17,ORD039584,CUST00682,P010,Coffee Maker,Home,Kolkata,Online,Cash,2,5816.23,0.15,11632.46,9887.59,0,2062.3,2025,12,December,Wednesday,11632.46,9887.590999999999
2025-12-17,ORD029570,CUST00204,P013,Monitor,Electronics,Bengaluru,Online,Cash,2,16277.65,0.0,32555.3,32555.3,0,5554.81,2025,12,December,Wednesday,32555.3,32555.3
2025-12-17,ORD011575,CUST03406,P014,Keyboard,Electronics,Pune,Online,UPI,4,2572.9,0.1,10291.6,9262.44,1,-463.12,2025,12,December,Wednesday,10291.6,9262.44
2025-12-17,ORD010100,CUST04557,P006,Desk,Furniture,Hyderabad,Online,Debit Card,1,13131.59,0.0,13131.59,13131.59,0,1205.69,2025,12,December,Wednesday,13131.59,13131.59
2025-12-17,ORD041676,CUST02247,P018,Jacket,Fashion,Hyderabad,Store,Net Banking,1,5086.29,0.15,5086.29,4323.35,0,990.96,2025,12,December,Wednesday,5086.29,4323.3465
2025-12-17,ORD041416,CUST04658,P016,Sofa,Furniture,Pune,Online,Cash,1,34102.39,0.25,34102.39,25576.79,0,6157.49,2025,12,December,Wednesday,34102.39,25576.7925
2025-12-17,ORD033673,CUST03899,P002,Smartphone,Electronics,Hyderabad,Online,Debit Card,5,29465.11,0.05,147325.55,139959.27,0,33661.21,2025,12,December,Wednesday,147325.55,139959.2725
2025-12-17,ORD039934,CUST03353,P007,Backpack,Accessories,Kolkata,Online,Debit Card,1,2020.61,0.1,2020.61,1818.55,0,339.25,2025,12,December,Wednesday,2020.61,1818.549
2025-12-17,ORD006800,CUST03312,P007,Backpack,Accessories,Delhi,Online,Credit Card,1,2024.34,0.05,2024.34,1923.12,0,420.68,2025,12,December,Wednesday,2024.34,1923.1229999999998
2025-12-17,ORD046594,CUST03193,P007,Backpack,Accessories,Jaipur,Online,UPI,1,2183.05,0.2,2183.05,1746.44,0,281.45,2025,12,December,Wednesday,2183.05,1746.4400000000003
2025-12-17,ORD031939,CUST03268,P002,Smartphone,Electronics,Kolkata,Online,Credit Card,3,30671.62,0.25,92014.86,69011.14,0,9455.72,2025,12,December,Wednesday,92014.86,69011.145
2025-12-17,ORD011076,CUST02946,P012,Air Fryer,Home,Delhi,Online,UPI,1,7472.66,0.1,7472.66,6725.39,1,-336.27,2025,12,December,Wednesday,7472.66,6725.394
2025-12-17,ORD046730,CUST02027,P010,Coffee Maker,Home,Mumbai,Store,Debit Card,1,5075.45,0.0,5075.45,5075.45,0,560.55,2025,12,December,Wednesday,5075.45,5075.45
2025-12-17,ORD003560,CUST00825,P013,Monitor,Electronics,Bengaluru,Store,UPI,1,16245.3,0.05,16245.3,15433.03,0,4346.55,2025,12,December,Wednesday,16245.3,15433.034999999998
2025-12-17,ORD008464,CUST01442,P019,Vacuum Cleaner,Home,Ahmedabad,Store,UPI,1,9752.39,0.1,9752.39,8777.15,0,1004.08,2025,12,December,Wednesday,9752.39,8777.151
2025-12-17,ORD047676,CUST03102,P015,Dining Table,Furniture,Surat,Online,UPI,1,20349.76,0.0,20349.76,20349.76,0,5136.93,2025,12,December,Wednesday,20349.76,20349.76
2025-12-17,ORD049200,CUST03893,P004,Smartwatch,Electronics,Ahmedabad,Online,Net Banking,2,7352.98,0.0,14705.96,14705.96,0,4258.76,2025,12,December,Wednesday,14705.96,14705.96
2025-12-17,ORD004285,CUST03413,P011,Mixer Grinder,Home,Chennai,Online,Debit Card,1,4835.06,0.05,4835.06,4593.31,0,333.41,2025,12,December,Wednesday,4835.06,4593.307
2025-12-17,ORD042590,CUST01066,P007,Backpack,Accessories,Ahmedabad,Store,Net Banking,5,2006.28,0.1,10031.4,9028.26,0,1248.15,2025,12,December,Wednesday,10031.4,9028.26
2025-12-17,ORD026683,CUST02997,P011,Mixer Grinder,Home,Pune,Online,UPI,2,5175.6,0.05,10351.2,9833.64,0,1879.36,2025,12,December,Wednesday,10351.2,9833.64
2025-12-17,ORD045827,CUST02766,P016,Sofa,Furniture,Surat,Store,Credit Card,1,33029.72,0.1,33029.72,29726.75,0,4188.19,2025,12,December,Wednesday,33029.72,29726.748000000003
2025-12-17,ORD021276,CUST02977,P010,Coffee Maker,Home,Ahmedabad,Online,UPI,1,5743.05,0.15,5743.05,4881.59,0,946.24,2025,12,December,Wednesday,5743.05,4881.5925
2025-12-17,ORD002142,CUST02403,P009,T-Shirt,Fashion,Pune,Online,UPI,2,1249.81,0.2,2499.62,1999.7,0,448.9,2025,12,December,Wednesday,2499.62,1999.696
2025-12-17,ORD025459,CUST04490,P011,Mixer Grinder,Home,Chennai,Store,Debit Card,2,4349.8,0.05,8699.6,8264.62,0,1192.92,2025,12,December,Wednesday,8699.6,8264.62
2025-12-17,ORD025497,CUST02629,P007,Backpack,Accessories,Jaipur,Store,Credit Card,2,2170.62,0.05,4341.24,4124.18,0,632.63,2025,12,December,Wednesday,4341.24,4124.178
2025-12-17,ORD022379,CUST00537,P012,Air Fryer,Home,Delhi,Store,UPI,1,7495.82,0.2,7495.82,5996.66,0,520.91,2025,12,December,Wednesday,7495.82,5996.656
2025-12-17,ORD032445,CUST01885,P018,Jacket,Fashion,Kolkata,Store,UPI,2,5076.29,0.1,10152.58,9137.32,0,1874.73,2025,12,December,Wednesday,10152.58,9137.322
2025-12-17,ORD021621,CUST02762,P005,Office Chair,Furniture,Bengaluru,Online,UPI,1,9434.17,0.05,9434.17,8962.46,0,1537.1,2025,12,December,Wednesday,9434.17,8962.4615
2025-12-17,ORD042789,CUST04449,P019,Vacuum Cleaner,Home,Surat,Store,Credit Card,1,9342.45,0.05,9342.45,8875.33,0,2155.29,2025,12,December,Wednesday,9342.45,8875.3275
2025-12-17,ORD049141,CUST01476,P017,Jeans,Fashion,Chennai,Store,UPI,2,3045.07,0.0,6090.14,6090.14,0,1746.89,2025,12,December,Wednesday,6090.14,6090.14
2025-12-17,ORD007217,CUST03512,P012,Air Fryer,Home,Bengaluru,Store,Net Banking,1,7400.52,0.0,7400.52,7400.52,0,1185.05,2025,12,December,Wednesday,7400.52,7400.52
2025-12-17,ORD015883,CUST01184,P015,Dining Table,Furniture,Ahmedabad,Online,Net Banking,1,22967.71,0.05,22967.71,21819.32,0,2631.16,2025,12,December,Wednesday,22967.71,21819.3245
2025-12-17,ORD042522,CUST00531,P018,Jacket,Fashion,Surat,Store,UPI,2,4720.11,0.1,9440.22,8496.2,0,1696.05,2025,12,December,Wednesday,9440.22,8496.198
2025-12-17,ORD046722,CUST01358,P005,Office Chair,Furniture,Chennai,Store,Credit Card,1,9885.36,0.0,9885.36,9885.36,0,2648.13,2025,12,December,Wednesday,9885.36,9885.36
2025-12-17,ORD024193,CUST01095,P010,Coffee Maker,Home,Ahmedabad,Online,UPI,1,5842.5,0.1,5842.5,5258.25,0,1103.84,2025,12,December,Wednesday,5842.5,5258.25
2025-12-17,ORD032026,CUST01687,P005,Office Chair,Furniture,Surat,Online,UPI,1,10250.8,0.15,10250.8,8713.18,0,2074.84,2025,12,December,Wednesday,10250.8,8713.179999999998
2025-12-17,ORD013871,CUST02923,P006,Desk,Furniture,Mumbai,Online,Credit Card,2,12251.69,0.05,24503.38,23278.21,0,5285.2,2025,12,December,Wednesday,24503.38,23278.211
2025-12-17,ORD014176,CUST00656,P016,Sofa,Furniture,Delhi,Store,UPI,2,35851.35,0.0,71702.7,71702.7,1,-3585.14,2025,12,December,Wednesday,71702.7,71702.7
2025-12-17,ORD018734,CUST02007,P009,T-Shirt,Fashion,Hyderabad,Online,UPI,1,1302.94,0.1,1302.94,1172.65,0,184.19,2025,12,December,Wednesday,1302.94,1172.6460000000002
2025-12-17,ORD026926,CUST03603,P005,Office Chair,Furniture,Pune,Online,UPI,1,9980.06,0.05,9980.06,9481.06,0,732.76,2025,12,December,Wednesday,9980.06,9481.056999999999
2025-12-17,ORD004489,CUST01376,P012,Air Fryer,Home,Mumbai,Online,UPI,1,7525.19,0.0,7525.19,7525.19,0,1764.59,2025,12,December,Wednesday,7525.19,7525.19
2025-12-17,ORD018531,CUST00660,P017,Jeans,Fashion,Bengaluru,Store,Credit Card,1,2833.67,0.0,2833.67,2833.67,0,620.18,2025,12,December,Wednesday,2833.67,2833.67
2025-12-17,ORD031223,CUST01710,P012,Air Fryer,Home,Pune,Store,Debit Card,1,7383.13,0.1,7383.13,6644.82,0,472.89,2025,12,December,Wednesday,7383.13,6644.817
2025-12-17,ORD009062,CUST03222,P009,T-Shirt,Fashion,Bengaluru,Online,Credit Card,1,1279.2,0.15,1279.2,1087.32,0,73.24,2025,12,December,Wednesday,1279.2,1087.32
2025-12-17,ORD013354,CUST00874,P007,Backpack,Accessories,Hyderabad,Online,Debit Card,2,2315.64,0.1,4631.28,4168.15,0,794.1,2025,12,December,Wednesday,4631.28,4168.152
2025-12-17,ORD027200,CUST00487,P004,Smartwatch,Electronics,Bengaluru,Store,UPI,2,6731.85,0.1,13463.7,12117.33,0,3032.3,2025,12,December,Wednesday,13463.7,12117.330000000002
2025-12-17,ORD044219,CUST00349,P016,Sofa,Furniture,Pune,Store,UPI,1,35290.95,0.15,35290.95,29997.31,0,7373.55,2025,12,December,Wednesday,35290.95,29997.307499999995
2025-12-17,ORD040848,CUST01788,P003,Headphones,Electronics,Bengaluru,Store,Credit Card,1,4663.42,0.2,4663.42,3730.74,0,322.79,2025,12,December,Wednesday,4663.42,3730.7360000000003
2025-12-17,ORD021536,CUST02735,P003,Headphones,Electronics,Ahmedabad,Online,Net Banking,1,4536.66,0.1,4536.66,4082.99,0,1014.15,2025,12,December,Wednesday,4536.66,4082.994
2025-12-17,ORD035884,CUST04606,P018,Jacket,Fashion,Delhi,Store,Debit Card,1,4809.88,0.2,4809.88,3847.9,0,233.14,2025,12,December,Wednesday,4809.88,3847.9040000000005
2025-12-17,ORD023533,CUST01601,P002,Smartphone,Electronics,Jaipur,Store,UPI,4,25504.23,0.2,102016.92,81613.54,0,5978.4,2025,12,December,Wednesday,102016.92,81613.53600000001
2025-12-17,ORD019137,CUST01008,P010,Coffee Maker,Home,Delhi,Online,Credit Card,3,5415.9,0.1,16247.7,14622.93,0,2547.41,2025,12,December,Wednesday,16247.699999999999,14622.93
2025-12-17,ORD001964,CUST01956,P003,Headphones,Electronics,Bengaluru,Store,UPI,5,4283.43,0.0,21417.15,21417.15,0,3002.66,2025,12,December,Wednesday,21417.15,21417.15
2025-12-17,ORD018087,CUST04193,P020,Microwave,Home,Mumbai,Store,Cash,1,10766.69,0.25,10766.69,8075.02,0,1750.42,2025,12,December,Wednesday,10766.69,8075.0175
2025-12-18,ORD015196,CUST00637,P011,Mixer Grinder,Home,Chennai,Store,Credit Card,5,5120.44,0.2,25602.2,20481.76,0,2008.85,2025,12,December,Thursday,25602.199999999997,20481.760000000002
2025-12-18,ORD032178,CUST03083,P012,Air Fryer,Home,Kolkata,Online,Net Banking,2,6624.33,0.1,13248.66,11923.79,0,1458.9,2025,12,December,Thursday,13248.66,11923.794
2025-12-18,ORD019358,CUST04724,P001,Laptop,Electronics,Ahmedabad,Online,UPI,1,69328.31,0.1,69328.31,62395.48,0,5316.67,2025,12,December,Thursday,69328.31,62395.479
2025-12-18,ORD049927,CUST02602,P002,Smartphone,Electronics,Bengaluru,Store,Debit Card,4,27936.23,0.05,111744.92,106157.67,0,12796.41,2025,12,December,Thursday,111744.92,106157.674
2025-12-18,ORD032973,CUST02683,P010,Coffee Maker,Home,Pune,Online,Debit Card,2,5516.16,0.1,11032.32,9929.09,1,-496.45,2025,12,December,Thursday,11032.32,9929.088
2025-12-18,ORD016716,CUST00124,P016,Sofa,Furniture,Surat,Store,UPI,5,36434.72,0.15,182173.6,154847.56,0,16085.83,2025,12,December,Thursday,182173.6,154847.56
2025-12-18,ORD016732,CUST02007,P007,Backpack,Accessories,Pune,Store,UPI,3,2323.85,0.1,6971.55,6274.4,1,-313.72,2025,12,December,Thursday,6971.549999999999,6274.395
2025-12-18,ORD039268,CUST01676,P006,Desk,Furniture,Surat,Online,Net Banking,1,11637.14,0.1,11637.14,10473.43,0,779.37,2025,12,December,Thursday,11637.14,10473.426
2025-12-18,ORD010683,CUST03980,P013,Monitor,Electronics,Chennai,Online,UPI,4,17067.9,0.05,68271.6,64858.02,0,16840.78,2025,12,December,Thursday,68271.6,64858.020000000004
2025-12-18,ORD033090,CUST01608,P016,Sofa,Furniture,Bengaluru,Online,UPI,1,32601.8,0.1,32601.8,29341.62,0,5557.19,2025,12,December,Thursday,32601.8,29341.62
2025-12-18,ORD010758,CUST02169,P007,Backpack,Accessories,Pune,Online,Credit Card,1,2178.03,0.25,2178.03,1633.52,0,74.02,2025,12,December,Thursday,2178.03,1633.5225
2025-12-18,ORD043265,CUST02331,P016,Sofa,Furniture,Ahmedabad,Online,UPI,1,33881.76,0.1,33881.76,30493.58,0,4140.95,2025,12,December,Thursday,33881.76,30493.584000000003
2025-12-18,ORD012378,CUST04180,P019,Vacuum Cleaner,Home,Bengaluru,Online,UPI,1,8975.62,0.2,8975.62,7180.5,0,1082.8,2025,12,December,Thursday,8975.62,7180.496000000001
2025-12-18,ORD032297,CUST02425,P009,T-Shirt,Fashion,Mumbai,Online,UPI,4,1128.33,0.0,4513.32,4513.32,0,754.61,2025,12,December,Thursday,4513.32,4513.32
2025-12-18,ORD039502,CUST03221,P007,Backpack,Accessories,Mumbai,Store,Debit Card,1,2040.83,0.0,2040.83,2040.83,0,606.63,2025,12,December,Thursday,2040.83,2040.83
2025-12-18,ORD039348,CUST04137,P003,Headphones,Electronics,Ahmedabad,Online,Credit Card,1,4477.19,0.05,4477.19,4253.33,0,1180.2,2025,12,December,Thursday,4477.19,4253.330499999999
2025-12-18,ORD016440,CUST03754,P001,Laptop,Electronics,Surat,Store,UPI,1,67795.81,0.1,67795.81,61016.23,0,6795.84,2025,12,December,Thursday,67795.81,61016.229
2025-12-18,ORD034894,CUST02651,P018,Jacket,Fashion,Bengaluru,Online,UPI,2,5590.6,0.05,11181.2,10622.14,0,3031.13,2025,12,December,Thursday,11181.2,10622.14
2025-12-18,ORD023965,CUST02397,P014,Keyboard,Electronics,Chennai,Online,Net Banking,1,2373.64,0.0,2373.64,2373.64,0,357.9,2025,12,December,Thursday,2373.64,2373.64
2025-12-18,ORD040376,CUST00776,P003,Headphones,Electronics,Kolkata,Online,UPI,2,4692.78,0.1,9385.56,8447.0,0,587.38,2025,12,December,Thursday,9385.56,8447.003999999999
2025-12-18,ORD005092,CUST02506,P003,Headphones,Electronics,Kolkata,Online,Debit Card,1,4417.12,0.2,4417.12,3533.7,0,240.03,2025,12,December,Thursday,4417.12,3533.696
2025-12-18,ORD018935,CUST01043,P018,Jacket,Fashion,Ahmedabad,Online,UPI,1,4962.28,0.15,4962.28,4217.94,1,-210.9,2025,12,December,Thursday,4962.28,4217.938
2025-12-18,ORD022427,CUST02915,P007,Backpack,Accessories,Kolkata,Online,Debit Card,2,2399.84,0.1,4799.68,4319.71,0,772.29,2025,12,December,Thursday,4799.68,4319.712
2025-12-18,ORD012608,CUST00431,P015,Dining Table,Furniture,Hyderabad,Online,UPI,1,21591.67,0.15,21591.67,18352.92,0,2627.41,2025,12,December,Thursday,21591.67,18352.919499999996
2025-12-18,ORD036228,CUST01372,P008,Running Shoes,Fashion,Surat,Store,Credit Card,1,4205.29,0.1,4205.29,3784.76,0,477.66,2025,12,December,Thursday,4205.29,3784.761
2025-12-18,ORD048286,CUST02912,P007,Backpack,Accessories,Mumbai,Online,UPI,4,2010.35,0.1,8041.4,7237.26,0,1842.78,2025,12,December,Thursday,8041.4,7237.26
2025-12-18,ORD030150,CUST01914,P017,Jeans,Fashion,Ahmedabad,Online,Credit Card,1,3026.68,0.1,3026.68,2724.01,0,246.31,2025,12,December,Thursday,3026.68,2724.0119999999997
2025-12-18,ORD004969,CUST04838,P017,Jeans,Fashion,Pune,Store,Credit Card,2,2702.35,0.25,5404.7,4053.52,0,790.95,2025,12,December,Thursday,5404.7,4053.5249999999996
2025-12-18,ORD029261,CUST01271,P018,Jacket,Fashion,Jaipur,Online,UPI,2,5148.74,0.0,10297.48,10297.48,0,1754.38,2025,12,December,Thursday,10297.48,10297.48
2025-12-18,ORD011426,CUST03913,P016,Sofa,Furniture,Jaipur,Online,Credit Card,2,38009.22,0.05,76018.44,72217.52,1,-3610.88,2025,12,December,Thursday,76018.44,72217.518
2025-12-18,ORD040800,CUST01095,P015,Dining Table,Furniture,Ahmedabad,Store,UPI,3,21557.88,0.0,64673.64,64673.64,0,11328.66,2025,12,December,Thursday,64673.64,64673.64
2025-12-18,ORD015849,CUST01214,P012,Air Fryer,Home,Kolkata,Online,Debit Card,4,7278.42,0.15,29113.68,24746.63,0,3715.87,2025,12,December,Thursday,29113.68,24746.628
2025-12-18,ORD010358,CUST02421,P010,Coffee Maker,Home,Jaipur,Online,Credit Card,1,5517.53,0.0,5517.53,5517.53,0,1525.03,2025,12,December,Thursday,5517.53,5517.53
2025-12-18,ORD008821,CUST01179,P009,T-Shirt,Fashion,Bengaluru,Store,Debit Card,1,1163.06,0.0,1163.06,1163.06,0,301.45,2025,12,December,Thursday,1163.06,1163.06
2025-12-18,ORD013771,CUST04894,P002,Smartphone,Electronics,Kolkata,Online,UPI,1,25389.36,0.2,25389.36,20311.49,0,2883.14,2025,12,December,Thursday,25389.36,20311.488
2025-12-18,ORD014419,CUST03568,P019,Vacuum Cleaner,Home,Bengaluru,Online,Credit Card,2,8655.46,0.05,17310.92,16445.37,0,1435.42,2025,12,December,Thursday,17310.92,16445.373999999996
2025-12-18,ORD023191,CUST04520,P005,Office Chair,Furniture,Surat,Store,Credit Card,1,10026.01,0.1,10026.01,9023.41,0,949.59,2025,12,December,Thursday,10026.01,9023.409
2025-12-18,ORD014713,CUST03539,P012,Air Fryer,Home,Ahmedabad,Store,Credit Card,3,6670.36,0.1,20011.08,18009.97,0,1780.0,2025,12,December,Thursday,20011.079999999998,18009.972
2025-12-18,ORD000648,CUST00799,P011,Mixer Grinder,Home,Ahmedabad,Online,Debit Card,1,4882.23,0.1,4882.23,4394.01,0,999.29,2025,12,December,Thursday,4882.23,4394.007
2025-12-18,ORD008609,CUST00988,P001,Laptop,Electronics,Chennai,Online,Credit Card,1,61203.89,0.0,61203.89,61203.89,0,5414.65,2025,12,December,Thursday,61203.89,61203.89
2025-12-18,ORD029667,CUST04265,P010,Coffee Maker,Home,Delhi,Store,Debit Card,2,6044.98,0.15,12089.96,10276.47,1,-513.82,2025,12,December,Thursday,12089.96,10276.465999999999
2025-12-18,ORD013172,CUST02603,P005,Office Chair,Furniture,Jaipur,Store,Credit Card,1,8881.15,0.25,8881.15,6660.86,0,1033.58,2025,12,December,Thursday,8881.15,6660.862499999999
2025-12-18,ORD037418,CUST00551,P011,Mixer Grinder,Home,Chennai,Store,Net Banking,2,4536.61,0.1,9073.22,8165.9,0,1004.69,2025,12,December,Thursday,9073.22,8165.897999999999
2025-12-18,ORD037385,CUST02589,P007,Backpack,Accessories,Jaipur,Online,Credit Card,1,2188.02,0.1,2188.02,1969.22,0,201.4,2025,12,December,Thursday,2188.02,1969.218
2025-12-18,ORD018832,CUST01310,P018,Jacket,Fashion,Mumbai,Online,Debit Card,2,4783.69,0.1,9567.38,8610.64,0,1005.93,2025,12,December,Thursday,9567.38,8610.642
2025-12-18,ORD044263,CUST04286,P015,Dining Table,Furniture,Mumbai,Online,Credit Card,1,21639.48,0.1,21639.48,19475.53,0,3078.45,2025,12,December,Thursday,21639.48,19475.532
2025-12-18,ORD028173,CUST03318,P019,Vacuum Cleaner,Home,Bengaluru,Online,Credit Card,1,8359.21,0.1,8359.21,7523.29,0,942.78,2025,12,December,Thursday,8359.21,7523.289
2025-12-18,ORD013163,CUST04446,P015,Dining Table,Furniture,Hyderabad,Store,UPI,3,22370.35,0.15,67111.05,57044.39,0,6561.13,2025,12,December,Thursday,67111.04999999999,57044.3925
2025-12-18,ORD037776,CUST00255,P015,Dining Table,Furniture,Bengaluru,Online,Credit Card,1,20693.55,0.1,20693.55,18624.2,0,2307.39,2025,12,December,Thursday,20693.55,18624.195
2025-12-18,ORD018865,CUST01492,P016,Sofa,Furniture,Jaipur,Online,UPI,1,34115.85,0.2,34115.85,27292.68,0,6695.05,2025,12,December,Thursday,34115.85,27292.68
2025-12-18,ORD036897,CUST04200,P001,Laptop,Electronics,Ahmedabad,Online,Cash,1,70305.01,0.05,70305.01,66789.76,0,18271.44,2025,12,December,Thursday,70305.01,66789.75949999999
2025-12-18,ORD002461,CUST04072,P016,Sofa,Furniture,Surat,Online,UPI,2,36277.76,0.0,72555.52,72555.52,0,13294.2,2025,12,December,Thursday,72555.52,72555.52
2025-12-18,ORD048478,CUST02212,P006,Desk,Furniture,Pune,Online,Debit Card,1,11035.2,0.05,11035.2,10483.44,0,2307.51,2025,12,December,Thursday,11035.2,10483.44
2025-12-18,ORD009806,CUST03351,P017,Jeans,Fashion,Bengaluru,Online,Credit Card,1,2943.18,0.0,2943.18,2943.18,0,778.46,2025,12,December,Thursday,2943.18,2943.18
2025-12-18,ORD005144,CUST03656,P019,Vacuum Cleaner,Home,Jaipur,Store,Credit Card,3,9588.16,0.05,28764.48,27326.26,0,2262.57,2025,12,December,Thursday,28764.48,27326.255999999998
2025-12-18,ORD022051,CUST04921,P013,Monitor,Electronics,Delhi,Online,UPI,1,16568.87,0.1,16568.87,14911.98,0,3826.4,2025,12,December,Thursday,16568.87,14911.983
2025-12-18,ORD025498,CUST00008,P009,T-Shirt,Fashion,Pune,Online,Cash,1,1273.18,0.1,1273.18,1145.86,0,226.28,2025,12,December,Thursday,1273.18,1145.862
2025-12-18,ORD045301,CUST02858,P010,Coffee Maker,Home,Delhi,Online,Debit Card,1,5052.16,0.1,5052.16,4546.94,0,1209.57,2025,12,December,Thursday,5052.16,4546.944
2025-12-18,ORD041198,CUST02489,P002,Smartphone,Electronics,Mumbai,Online,Credit Card,2,25280.65,0.0,50561.3,50561.3,0,7134.84,2025,12,December,Thursday,50561.3,50561.3
2025-12-18,ORD015994,CUST02822,P010,Coffee Maker,Home,Pune,Store,UPI,1,5662.69,0.05,5662.69,5379.56,0,1554.96,2025,12,December,Thursday,5662.69,5379.5554999999995
2025-12-18,ORD027109,CUST01433,P013,Monitor,Electronics,Surat,Online,Debit Card,2,17441.3,0.15,34882.6,29650.21,0,1735.25,2025,12,December,Thursday,34882.6,29650.21
2025-12-18,ORD031352,CUST02958,P014,Keyboard,Electronics,Chennai,Store,Net Banking,3,2679.84,0.0,8039.52,8039.52,0,1018.66,2025,12,December,Thursday,8039.52,8039.52
2025-12-18,ORD019740,CUST03093,P016,Sofa,Furniture,Delhi,Online,UPI,1,35420.25,0.15,35420.25,30107.21,0,7519.69,2025,12,December,Thursday,35420.25,30107.212499999998
2025-12-18,ORD001724,CUST02397,P014,Keyboard,Electronics,Delhi,Store,Credit Card,3,2317.83,0.1,6953.49,6258.14,0,804.03,2025,12,December,Thursday,6953.49,6258.141
2025-12-18,ORD031081,CUST01548,P013,Monitor,Electronics,Chennai,Store,UPI,3,18069.26,0.2,54207.78,43366.22,0,9773.61,2025,12,December,Thursday,54207.78,43366.224
2025-12-18,ORD027218,CUST01959,P015,Dining Table,Furniture,Chennai,Online,UPI,1,21113.88,0.15,21113.88,17946.8,0,3976.94,2025,12,December,Thursday,21113.88,17946.798
2025-12-18,ORD043720,CUST00167,P017,Jeans,Fashion,Mumbai,Online,UPI,1,2941.98,0.15,2941.98,2500.68,0,338.89,2025,12,December,Thursday,2941.98,2500.683
2025-12-18,ORD049060,CUST02995,P010,Coffee Maker,Home,Kolkata,Store,UPI,1,5471.64,0.05,5471.64,5198.06,1,-259.9,2025,12,December,Thursday,5471.64,5198.058
2025-12-18,ORD043692,CUST04598,P005,Office Chair,Furniture,Bengaluru,Online,UPI,2,9527.68,0.05,19055.36,18102.59,0,1655.73,2025,12,December,Thursday,19055.36,18102.592
2025-12-18,ORD027865,CUST00036,P020,Microwave,Home,Chennai,Online,UPI,2,11514.4,0.1,23028.8,20725.92,0,5229.05,2025,12,December,Thursday,23028.8,20725.92
2025-12-18,ORD016161,CUST04136,P003,Headphones,Electronics,Hyderabad,Store,UPI,4,4898.22,0.0,19592.88,19592.88,1,-979.64,2025,12,December,Thursday,19592.88,19592.88
2025-12-18,ORD034930,CUST02020,P012,Air Fryer,Home,Chennai,Online,UPI,1,7541.05,0.1,7541.05,6786.95,0,638.88,2025,12,December,Thursday,7541.05,6786.945000000001
2025-12-18,ORD014935,CUST00916,P013,Monitor,Electronics,Hyderabad,Online,UPI,1,17698.16,0.1,17698.16,15928.34,0,1709.5,2025,12,December,Thursday,17698.16,15928.344000000001
2025-12-19,ORD011687,CUST00712,P016,Sofa,Furniture,Jaipur,Online,Net Banking,1,34623.96,0.25,34623.96,25967.97,0,5466.95,2025,12,December,Friday,34623.96,25967.97
2025-12-19,ORD048788,CUST02740,P012,Air Fryer,Home,Ahmedabad,Online,Net Banking,2,7495.41,0.1,14990.82,13491.74,0,2092.69,2025,12,December,Friday,14990.82,13491.738
2025-12-19,ORD047087,CUST01927,P014,Keyboard,Electronics,Delhi,Online,Debit Card,2,2715.08,0.2,5430.16,4344.13,0,422.54,2025,12,December,Friday,5430.16,4344.128
2025-12-19,ORD028834,CUST02415,P002,Smartphone,Electronics,Surat,Online,UPI,1,25800.7,0.05,25800.7,24510.66,0,2975.99,2025,12,December,Friday,25800.7,24510.665
2025-12-19,ORD016989,CUST02598,P016,Sofa,Furniture,Delhi,Online,UPI,1,37303.81,0.25,37303.81,27977.86,0,5176.12,2025,12,December,Friday,37303.81,27977.8575
2025-12-19,ORD041281,CUST04546,P010,Coffee Maker,Home,Jaipur,Online,UPI,1,5640.54,0.0,5640.54,5640.54,0,1604.49,2025,12,December,Friday,5640.54,5640.54
2025-12-19,ORD037987,CUST02945,P004,Smartwatch,Electronics,Bengaluru,Online,UPI,2,6708.59,0.25,13417.18,10062.88,0,2335.53,2025,12,December,Friday,13417.18,10062.885
2025-12-19,ORD014249,CUST00641,P010,Coffee Maker,Home,Kolkata,Online,UPI,3,5638.66,0.05,16915.98,16070.18,0,3782.46,2025,12,December,Friday,16915.98,16070.180999999999
2025-12-19,ORD040938,CUST03376,P006,Desk,Furniture,Ahmedabad,Online,Cash,1,11556.49,0.1,11556.49,10400.84,0,1313.89,2025,12,December,Friday,11556.49,10400.841
2025-12-19,ORD046234,CUST02955,P020,Microwave,Home,Kolkata,Online,Debit Card,2,11033.45,0.2,22066.9,17653.52,0,4181.44,2025,12,December,Friday,22066.9,17653.52
2025-12-19,ORD001585,CUST00498,P009,T-Shirt,Fashion,Bengaluru,Store,UPI,2,1128.79,0.0,2257.58,2257.58,0,211.98,2025,12,December,Friday,2257.58,2257.58
2025-12-19,ORD037179,CUST03009,P016,Sofa,Furniture,Pune,Store,Debit Card,2,33681.82,0.1,67363.64,60627.28,0,11575.5,2025,12,December,Friday,67363.64,60627.276
2025-12-19,ORD040192,CUST03469,P019,Vacuum Cleaner,Home,Mumbai,Store,Net Banking,2,9323.52,0.2,18647.04,14917.63,0,1168.79,2025,12,December,Friday,18647.04,14917.632000000001
2025-12-19,ORD019205,CUST03603,P015,Dining Table,Furniture,Kolkata,Store,Debit Card,3,23122.81,0.05,69368.43,65900.01,0,16652.28,2025,12,December,Friday,69368.43000000001,65900.0085
2025-12-19,ORD026557,CUST00902,P003,Headphones,Electronics,Jaipur,Online,Credit Card,1,4253.74,0.0,4253.74,4253.74,0,571.05,2025,12,December,Friday,4253.74,4253.74
2025-12-19,ORD026061,CUST03574,P009,T-Shirt,Fashion,Jaipur,Store,UPI,1,1302.03,0.1,1302.03,1171.83,0,75.58,2025,12,December,Friday,1302.03,1171.827
2025-12-19,ORD020694,CUST01311,P001,Laptop,Electronics,Jaipur,Online,UPI,2,64509.69,0.1,129019.38,116117.44,0,21183.96,2025,12,December,Friday,129019.38,116117.44200000001
2025-12-19,ORD032277,CUST00790,P005,Office Chair,Furniture,Ahmedabad,Online,Credit Card,1,10057.65,0.05,10057.65,9554.77,0,1428.96,2025,12,December,Friday,10057.65,9554.7675
2025-12-19,ORD006993,CUST02360,P020,Microwave,Home,Mumbai,Online,Cash,3,10696.0,0.05,32088.0,30483.6,0,2685.61,2025,12,December,Friday,32088.0,30483.6
2025-12-19,ORD033787,CUST04919,P003,Headphones,Electronics,Jaipur,Store,UPI,1,4200.0,0.1,4200.0,3780.0,0,628.95,2025,12,December,Friday,4200.0,3780.0
2025-12-19,ORD034124,CUST03938,P013,Monitor,Electronics,Jaipur,Store,Credit Card,1,16805.02,0.1,16805.02,15124.52,0,3364.19,2025,12,December,Friday,16805.02,15124.518
2025-12-19,ORD015083,CUST00751,P015,Dining Table,Furniture,Jaipur,Online,Cash,1,22879.18,0.05,22879.18,21735.22,0,5454.69,2025,12,December,Friday,22879.18,21735.220999999998
2025-12-19,ORD031218,CUST00065,P004,Smartwatch,Electronics,Jaipur,Online,Credit Card,5,6980.28,0.05,34901.4,33156.33,0,6567.44,2025,12,December,Friday,34901.4,33156.33
2025-12-19,ORD003899,CUST02667,P010,Coffee Maker,Home,Delhi,Online,Net Banking,4,5850.14,0.2,23400.56,18720.45,0,4511.8,2025,12,December,Friday,23400.56,18720.448
2025-12-19,ORD035372,CUST03676,P013,Monitor,Electronics,Surat,Online,Credit Card,4,18253.76,0.05,73015.04,69364.29,0,10294.04,2025,12,December,Friday,73015.04,69364.28799999999
2025-12-19,ORD044972,CUST01910,P006,Desk,Furniture,Mumbai,Store,Net Banking,2,11973.67,0.05,23947.34,22749.97,0,4718.56,2025,12,December,Friday,23947.34,22749.972999999998
2025-12-19,ORD049721,CUST03661,P011,Mixer Grinder,Home,Delhi,Online,Debit Card,2,5076.51,0.0,10153.02,10153.02,0,1096.02,2025,12,December,Friday,10153.02,10153.02
2025-12-19,ORD009114,CUST03035,P003,Headphones,Electronics,Chennai,Store,UPI,3,4711.65,0.15,14134.95,12014.71,0,1881.13,2025,12,December,Friday,14134.949999999999,12014.7075
2025-12-19,ORD004948,CUST03671,P018,Jacket,Fashion,Mumbai,Online,Credit Card,2,5648.06,0.1,11296.12,10166.51,0,2502.97,2025,12,December,Friday,11296.12,10166.508000000002
2025-12-19,ORD001742,CUST03737,P012,Air Fryer,Home,Delhi,Online,Credit Card,1,7786.76,0.0,7786.76,7786.76,0,2090.81,2025,12,December,Friday,7786.76,7786.76
2025-12-19,ORD030379,CUST03583,P015,Dining Table,Furniture,Surat,Online,Net Banking,1,21561.27,0.05,21561.27,20483.21,0,4641.34,2025,12,December,Friday,21561.27,20483.2065
2025-12-19,ORD000888,CUST04642,P013,Monitor,Electronics,Hyderabad,Online,UPI,1,16348.42,0.0,16348.42,16348.42,0,3788.49,2025,12,December,Friday,16348.42,16348.42
2025-12-19,ORD010367,CUST02915,P010,Coffee Maker,Home,Jaipur,Store,Credit Card,2,5046.6,0.0,10093.2,10093.2,0,1430.99,2025,12,December,Friday,10093.2,10093.2
2025-12-19,ORD047834,CUST00920,P003,Headphones,Electronics,Chennai,Store,UPI,1,4914.84,0.0,4914.84,4914.84,0,898.51,2025,12,December,Friday,4914.84,4914.84
2025-12-19,ORD045611,CUST03608,P020,Microwave,Home,Surat,Store,UPI,2,11604.85,0.1,23209.7,20888.73,0,3420.1,2025,12,December,Friday,23209.7,20888.73
2025-12-19,ORD046727,CUST03688,P019,Vacuum Cleaner,Home,Bengaluru,Store,UPI,1,8969.06,0.1,8969.06,8072.15,0,1012.2,2025,12,December,Friday,8969.06,8072.1539999999995
2025-12-19,ORD008316,CUST03204,P002,Smartphone,Electronics,Pune,Online,Credit Card,1,29427.47,0.15,29427.47,25013.35,0,2827.28,2025,12,December,Friday,29427.47,25013.3495
2025-12-19,ORD034406,CUST01873,P016,Sofa,Furniture,Pune,Online,Credit Card,2,37992.57,0.2,75985.14,60788.11,0,5959.81,2025,12,December,Friday,75985.14,60788.112
2025-12-19,ORD017322,CUST00052,P017,Jeans,Fashion,Pune,Store,Debit Card,1,2708.68,0.05,2708.68,2573.25,0,390.74,2025,12,December,Friday,2708.68,2573.2459999999996
2025-12-19,ORD009810,CUST03768,P010,Coffee Maker,Home,Ahmedabad,Store,Credit Card,3,5344.44,0.05,16033.32,15231.65,0,2417.09,2025,12,December,Friday,16033.32,15231.653999999999
2025-12-19,ORD009310,CUST00461,P002,Smartphone,Electronics,Surat,Store,Credit Card,1,29776.57,0.0,29776.57,29776.57,0,8021.85,2025,12,December,Friday,29776.57,29776.57
2025-12-19,ORD000827,CUST04195,P017,Jeans,Fashion,Bengaluru,Online,UPI,2,2607.55,0.0,5215.1,5215.1,0,872.57,2025,12,December,Friday,5215.1,5215.1
2025-12-19,ORD030817,CUST02114,P019,Vacuum Cleaner,Home,Ahmedabad,Online,Net Banking,2,8713.21,0.1,17426.42,15683.78,0,3469.7,2025,12,December,Friday,17426.42,15683.777999999998
2025-12-20,ORD042857,CUST02829,P014,Keyboard,Electronics,Pune,Online,Credit Card,2,2501.63,0.2,5003.26,4002.61,0,286.84,2025,12,December,Saturday,5003.26,4002.608
2025-12-20,ORD041398,CUST01055,P017,Jeans,Fashion,Kolkata,Store,Debit Card,2,2649.46,0.1,5298.92,4769.03,0,829.41,2025,12,December,Saturday,5298.92,4769.028
2025-12-20,ORD027512,CUST02745,P019,Vacuum Cleaner,Home,Jaipur,Online,UPI,2,9472.42,0.05,18944.84,17997.6,0,4455.14,2025,12,December,Saturday,18944.84,17997.597999999998
2025-12-20,ORD009787,CUST01538,P006,Desk,Furniture,Surat,Online,Debit Card,3,12567.25,0.1,37701.75,33931.58,1,-1696.58,2025,12,December,Saturday,37701.75,33931.575000000004
2025-12-20,ORD018642,CUST02758,P019,Vacuum Cleaner,Home,Mumbai,Online,UPI,3,9080.35,0.05,27241.05,25879.0,0,5890.59,2025,12,December,Saturday,27241.050000000003,25878.997499999998
2025-12-20,ORD020648,CUST00216,P003,Headphones,Electronics,Hyderabad,Online,UPI,1,4721.97,0.05,4721.97,4485.87,0,921.08,2025,12,December,Saturday,4721.97,4485.8715
2025-12-20,ORD013064,CUST01515,P015,Dining Table,Furniture,Hyderabad,Store,Debit Card,2,23524.43,0.0,47048.86,47048.86,0,11538.27,2025,12,December,Saturday,47048.86,47048.86
2025-12-20,ORD003525,CUST04322,P016,Sofa,Furniture,Ahmedabad,Online,Credit Card,2,34819.35,0.1,69638.7,62674.83,0,6668.45,2025,12,December,Saturday,69638.7,62674.83
2025-12-20,ORD027697,CUST01093,P010,Coffee Maker,Home,Ahmedabad,Store,Credit Card,4,5790.06,0.1,23160.24,20844.22,0,2902.15,2025,12,December,Saturday,23160.24,20844.216
2025-12-20,ORD009439,CUST01074,P018,Jacket,Fashion,Chennai,Online,UPI,1,5314.54,0.05,5314.54,5048.81,0,1347.37,2025,12,December,Saturday,5314.54,5048.813
2025-12-20,ORD018872,CUST03134,P019,Vacuum Cleaner,Home,Delhi,Store,Credit Card,2,8795.5,0.2,17591.0,14072.8,1,-703.64,2025,12,December,Saturday,17591.0,14072.800000000001
2025-12-20,ORD049239,CUST00047,P007,Backpack,Accessories,Kolkata,Online,UPI,1,2273.5,0.0,2273.5,2273.5,0,369.97,2025,12,December,Saturday,2273.5,2273.5
2025-12-20,ORD049956,CUST01450,P012,Air Fryer,Home,Delhi,Store,Credit Card,1,6574.9,0.15,6574.9,5588.66,0,304.12,2025,12,December,Saturday,6574.9,5588.665
2025-12-20,ORD043004,CUST01907,P001,Laptop,Electronics,Delhi,Online,Credit Card,2,58944.01,0.05,117888.02,111993.62,0,20005.63,2025,12,December,Saturday,117888.02,111993.61899999999
2025-12-20,ORD003055,CUST02028,P020,Microwave,Home,Pune,Online,Debit Card,1,12021.98,0.0,12021.98,12021.98,0,2995.64,2025,12,December,Saturday,12021.98,12021.98
2025-12-20,ORD020471,CUST00162,P013,Monitor,Electronics,Surat,Online,Net Banking,1,17906.44,0.05,17906.44,17011.12,0,3815.37,2025,12,December,Saturday,17906.44,17011.118
2025-12-20,ORD013195,CUST00954,P001,Laptop,Electronics,Jaipur,Online,UPI,4,64379.5,0.1,257518.0,231766.2,0,59187.41,2025,12,December,Saturday,257518.0,231766.2
2025-12-20,ORD041207,CUST01288,P002,Smartphone,Electronics,Hyderabad,Online,Credit Card,1,29038.17,0.1,29038.17,26134.35,0,4597.61,2025,12,December,Saturday,29038.17,26134.353
2025-12-20,ORD039773,CUST04514,P014,Keyboard,Electronics,Surat,Online,UPI,1,2442.47,0.25,2442.47,1831.85,0,79.44,2025,12,December,Saturday,2442.47,1831.8525
2025-12-20,ORD002935,CUST03931,P019,Vacuum Cleaner,Home,Pune,Online,Credit Card,1,9337.39,0.1,9337.39,8403.65,0,1733.53,2025,12,December,Saturday,9337.39,8403.651
2025-12-20,ORD018917,CUST03087,P014,Keyboard,Electronics,Delhi,Online,UPI,3,2524.9,0.1,7574.7,6817.23,0,1294.81,2025,12,December,Saturday,7574.700000000001,6817.23
2025-12-20,ORD020661,CUST04605,P011,Mixer Grinder,Home,Delhi,Online,Debit Card,1,5137.18,0.1,5137.18,4623.46,0,1215.48,2025,12,December,Saturday,5137.18,4623.462
2025-12-20,ORD019578,CUST00486,P002,Smartphone,Electronics,Ahmedabad,Store,Credit Card,2,27072.38,0.2,54144.76,43315.81,0,3060.96,2025,12,December,Saturday,54144.76,43315.808000000005
2025-12-20,ORD040332,CUST03231,P004,Smartwatch,Electronics,Kolkata,Online,Credit Card,2,7386.93,0.15,14773.86,12557.78,0,3205.29,2025,12,December,Saturday,14773.86,12557.781
2025-12-20,ORD018889,CUST02468,P009,T-Shirt,Fashion,Hyderabad,Online,Cash,1,1165.42,0.1,1165.42,1048.88,0,95.3,2025,12,December,Saturday,1165.42,1048.8780000000002
2025-12-20,ORD018675,CUST01820,P011,Mixer Grinder,Home,Chennai,Online,UPI,1,4740.47,0.0,4740.47,4740.47,0,744.42,2025,12,December,Saturday,4740.47,4740.47
2025-12-20,ORD042587,CUST00221,P003,Headphones,Electronics,Bengaluru,Online,UPI,2,4072.48,0.1,8144.96,7330.46,0,1403.1,2025,12,December,Saturday,8144.96,7330.464
2025-12-20,ORD012402,CUST04071,P011,Mixer Grinder,Home,Mumbai,Store,Net Banking,3,4919.11,0.1,14757.33,13281.6,0,2517.92,2025,12,December,Saturday,14757.329999999998,13281.597
2025-12-20,ORD049417,CUST04435,P016,Sofa,Furniture,Jaipur,Online,Net Banking,2,34809.48,0.0,69618.96,69618.96,0,6939.34,2025,12,December,Saturday,69618.96,69618.96
2025-12-20,ORD000588,CUST01866,P014,Keyboard,Electronics,Ahmedabad,Store,UPI,3,2270.78,0.1,6812.34,6131.11,0,1615.63,2025,12,December,Saturday,6812.34,6131.106000000001
2025-12-20,ORD001038,CUST02232,P009,T-Shirt,Fashion,Chennai,Store,UPI,1,1183.62,0.15,1183.62,1006.08,0,163.82,2025,12,December,Saturday,1183.62,1006.0769999999999
2025-12-20,ORD033114,CUST01228,P004,Smartwatch,Electronics,Ahmedabad,Online,Credit Card,1,7443.34,0.0,7443.34,7443.34,0,1310.82,2025,12,December,Saturday,7443.34,7443.34
2025-12-20,ORD037915,CUST00470,P001,Laptop,Electronics,Hyderabad,Store,Debit Card,1,67328.78,0.15,67328.78,57229.46,0,15327.45,2025,12,December,Saturday,67328.78,57229.462999999996
2025-12-20,ORD016271,CUST01202,P015,Dining Table,Furniture,Pune,Store,Credit Card,1,20237.75,0.1,20237.75,18213.98,0,2445.67,2025,12,December,Saturday,20237.75,18213.975000000002
2025-12-20,ORD046703,CUST01910,P020,Microwave,Home,Surat,Store,UPI,1,11107.39,0.25,11107.39,8330.54,0,386.03,2025,12,December,Saturday,11107.39,8330.5425
2025-12-20,ORD010485,CUST03632,P008,Running Shoes,Fashion,Kolkata,Online,UPI,2,4039.81,0.1,8079.62,7271.66,0,1765.05,2025,12,December,Saturday,8079.62,7271.658
2025-12-20,ORD045157,CUST00111,P018,Jacket,Fashion,Delhi,Online,Cash,2,5066.86,0.15,10133.72,8613.66,0,1035.06,2025,12,December,Saturday,10133.72,8613.661999999998
2025-12-20,ORD028876,CUST00539,P020,Microwave,Home,Bengaluru,Store,UPI,1,11608.06,0.1,11608.06,10447.25,0,1697.23,2025,12,December,Saturday,11608.06,10447.253999999999
2025-12-20,ORD037712,CUST01651,P016,Sofa,Furniture,Kolkata,Online,UPI,1,33773.58,0.05,33773.58,32084.9,0,8053.68,2025,12,December,Saturday,33773.58,32084.901
2025-12-20,ORD008622,CUST00946,P014,Keyboard,Electronics,Mumbai,Store,Credit Card,1,2276.06,0.2,2276.06,1820.85,0,208.51,2025,12,December,Saturday,2276.06,1820.848
2025-12-20,ORD035526,CUST03036,P007,Backpack,Accessories,Chennai,Store,UPI,1,1990.17,0.05,1990.17,1890.66,0,450.81,2025,12,December,Saturday,1990.17,1890.6615
2025-12-20,ORD018013,CUST02204,P012,Air Fryer,Home,Ahmedabad,Store,UPI,1,7780.71,0.2,7780.71,6224.57,0,1103.17,2025,12,December,Saturday,7780.71,6224.568
2025-12-20,ORD007841,CUST04553,P004,Smartwatch,Electronics,Bengaluru,Store,UPI,1,6355.6,0.25,6355.6,4766.7,0,526.27,2025,12,December,Saturday,6355.6,4766.700000000001
2025-12-20,ORD023836,CUST01303,P014,Keyboard,Electronics,Pune,Online,Debit Card,1,2382.76,0.1,2382.76,2144.48,0,590.26,2025,12,December,Saturday,2382.76,2144.4840000000004
2025-12-20,ORD022304,CUST00077,P005,Office Chair,Furniture,Surat,Online,Credit Card,2,9330.5,0.05,18661.0,17727.95,0,4548.36,2025,12,December,Saturday,18661.0,17727.95
2025-12-20,ORD031463,CUST03122,P007,Backpack,Accessories,Chennai,Online,UPI,1,2076.25,0.05,2076.25,1972.44,0,398.31,2025,12,December,Saturday,2076.25,1972.4375
2025-12-20,ORD037489,CUST00618,P015,Dining Table,Furniture,Chennai,Store,UPI,3,23776.02,0.05,71328.06,67761.66,0,13020.76,2025,12,December,Saturday,71328.06,67761.65699999999
2025-12-20,ORD025825,CUST00909,P015,Dining Table,Furniture,Hyderabad,Store,Credit Card,2,21220.13,0.2,42440.26,33952.21,1,-1697.61,2025,12,December,Saturday,42440.26,33952.208000000006
2025-12-20,ORD031470,CUST01855,P005,Office Chair,Furniture,Hyderabad,Online,Credit Card,1,8559.78,0.0,8559.78,8559.78,0,2495.37,2025,12,December,Saturday,8559.78,8559.78
2025-12-20,ORD030170,CUST04571,P012,Air Fryer,Home,Pune,Online,UPI,2,7543.19,0.1,15086.38,13577.74,0,3239.5,2025,12,December,Saturday,15086.38,13577.742
2025-12-20,ORD025839,CUST00677,P007,Backpack,Accessories,Hyderabad,Online,Credit Card,4,2017.27,0.2,8069.08,6455.26,0,1245.9,2025,12,December,Saturday,8069.08,6455.264
2025-12-20,ORD014301,CUST00998,P014,Keyboard,Electronics,Surat,Online,UPI,1,2380.92,0.15,2380.92,2023.78,0,409.79,2025,12,December,Saturday,2380.92,2023.782
2025-12-20,ORD024121,CUST04890,P020,Microwave,Home,Bengaluru,Online,UPI,1,10958.37,0.1,10958.37,9862.53,1,-493.13,2025,12,December,Saturday,10958.37,9862.533000000001
2025-12-20,ORD006663,CUST00942,P015,Dining Table,Furniture,Chennai,Store,Debit Card,2,20213.18,0.15,40426.36,34362.41,0,2196.71,2025,12,December,Saturday,40426.36,34362.406
2025-12-20,ORD007481,CUST01929,P016,Sofa,Furniture,Mumbai,Online,Cash,3,35645.63,0.05,106936.89,101590.05,0,25865.29,2025,12,December,Saturday,106936.88999999998,101590.0455
2025-12-20,ORD045854,CUST02637,P020,Microwave,Home,Kolkata,Online,UPI,1,12067.29,0.05,12067.29,11463.93,0,1628.49,2025,12,December,Saturday,12067.29,11463.925500000001
2025-12-20,ORD032301,CUST04819,P018,Jacket,Fashion,Bengaluru,Online,UPI,2,5711.92,0.2,11423.84,9139.07,0,2351.51,2025,12,December,Saturday,11423.84,9139.072
2025-12-20,ORD006418,CUST03572,P019,Vacuum Cleaner,Home,Bengaluru,Online,UPI,1,9124.15,0.1,9124.15,8211.74,0,1336.52,2025,12,December,Saturday,9124.15,8211.735
2025-12-20,ORD046922,CUST02927,P001,Laptop,Electronics,Chennai,Store,UPI,2,61990.46,0.0,123980.92,123980.92,0,15326.42,2025,12,December,Saturday,123980.92,123980.92
2025-12-20,ORD026682,CUST03757,P005,Office Chair,Furniture,Mumbai,Online,UPI,1,10239.84,0.0,10239.84,10239.84,0,1782.19,2025,12,December,Saturday,10239.84,10239.84
2025-12-20,ORD021349,CUST03432,P018,Jacket,Fashion,Jaipur,Online,Credit Card,1,5014.59,0.05,5014.59,4763.86,0,1203.94,2025,12,December,Saturday,5014.59,4763.8605
2025-12-20,ORD043851,CUST03586,P007,Backpack,Accessories,Pune,Online,UPI,3,2343.78,0.2,7031.34,5625.07,0,753.28,2025,12,December,Saturday,7031.34,5625.072
2025-12-20,ORD009988,CUST02562,P020,Microwave,Home,Kolkata,Online,Credit Card,1,11549.65,0.2,11549.65,9239.72,0,2015.09,2025,12,December,Saturday,11549.65,9239.72
2025-12-20,ORD030035,CUST04749,P012,Air Fryer,Home,Hyderabad,Online,Debit Card,3,7886.6,0.1,23659.8,21293.82,0,2916.47,2025,12,December,Saturday,23659.800000000003,21293.82
2025-12-20,ORD031942,CUST00617,P015,Dining Table,Furniture,Kolkata,Online,Credit Card,2,19955.43,0.05,39910.86,37915.32,0,4660.28,2025,12,December,Saturday,39910.86,37915.316999999995
2025-12-20,ORD007218,CUST03146,P013,Monitor,Electronics,Chennai,Store,Credit Card,1,16588.76,0.15,16588.76,14100.45,0,2800.24,2025,12,December,Saturday,16588.76,14100.445999999998
2025-12-20,ORD033810,CUST00005,P006,Desk,Furniture,Surat,Store,Credit Card,2,11653.17,0.15,23306.34,19810.39,0,4778.01,2025,12,December,Saturday,23306.34,19810.389
2025-12-20,ORD030784,CUST02901,P003,Headphones,Electronics,Bengaluru,Online,Credit Card,1,4667.53,0.1,4667.53,4200.78,0,1096.69,2025,12,December,Saturday,4667.53,4200.777
2025-12-20,ORD007269,CUST02941,P007,Backpack,Accessories,Surat,Store,UPI,2,2320.86,0.1,4641.72,4177.55,0,934.68,2025,12,December,Saturday,4641.72,4177.548000000001
2025-12-20,ORD038284,CUST04482,P004,Smartwatch,Electronics,Jaipur,Store,Cash,1,7399.38,0.05,7399.38,7029.41,0,736.38,2025,12,December,Saturday,7399.38,7029.411
2025-12-20,ORD020790,CUST01753,P020,Microwave,Home,Pune,Store,Credit Card,3,9937.41,0.0,29812.23,29812.23,0,8543.33,2025,12,December,Saturday,29812.23,29812.23
2025-12-20,ORD006533,CUST04342,P009,T-Shirt,Fashion,Delhi,Online,UPI,3,1279.43,0.15,3838.29,3262.55,0,673.9,2025,12,December,Saturday,3838.29,3262.5465
2025-12-20,ORD011195,CUST03266,P017,Jeans,Fashion,Ahmedabad,Store,Credit Card,2,2617.38,0.05,5234.76,4973.02,0,593.59,2025,12,December,Saturday,5234.76,4973.022
2025-12-20,ORD035256,CUST02200,P018,Jacket,Fashion,Delhi,Online,Credit Card,2,4989.43,0.1,9978.86,8980.97,0,683.53,2025,12,December,Saturday,9978.86,8980.974
2025-12-20,ORD046002,CUST04256,P006,Desk,Furniture,Chennai,Online,Debit Card,4,11949.69,0.1,47798.76,43018.88,0,4353.25,2025,12,December,Saturday,47798.76,43018.884000000005
2025-12-21,ORD033376,CUST02803,P005,Office Chair,Furniture,Bengaluru,Online,UPI,1,9614.65,0.0,9614.65,9614.65,0,1089.32,2025,12,December,Sunday,9614.65,9614.65
2025-12-21,ORD027583,CUST01527,P012,Air Fryer,Home,Pune,Store,UPI,1,6669.36,0.25,6669.36,5002.02,0,391.03,2025,12,December,Sunday,6669.36,5002.0199999999995
2025-12-21,ORD037308,CUST03309,P011,Mixer Grinder,Home,Mumbai,Online,Net Banking,1,4716.25,0.15,4716.25,4008.81,0,1071.69,2025,12,December,Sunday,4716.25,4008.8125
2025-12-21,ORD029773,CUST02408,P016,Sofa,Furniture,Pune,Online,Cash,1,36847.04,0.05,36847.04,35004.69,0,7020.61,2025,12,December,Sunday,36847.04,35004.688
2025-12-21,ORD027302,CUST00449,P019,Vacuum Cleaner,Home,Delhi,Store,Debit Card,1,8589.59,0.25,8589.59,6442.19,0,349.02,2025,12,December,Sunday,8589.59,6442.1925
2025-12-21,ORD037485,CUST04090,P001,Laptop,Electronics,Chennai,Online,UPI,4,71133.59,0.15,284534.36,241854.21,0,32065.85,2025,12,December,Sunday,284534.36,241854.20599999998
2025-12-21,ORD002383,CUST04018,P008,Running Shoes,Fashion,Bengaluru,Store,UPI,1,3919.66,0.05,3919.66,3723.68,0,884.33,2025,12,December,Sunday,3919.66,3723.6769999999997
2025-12-21,ORD010084,CUST04459,P018,Jacket,Fashion,Surat,Online,UPI,1,4786.0,0.0,4786.0,4786.0,0,853.51,2025,12,December,Sunday,4786.0,4786.0
2025-12-21,ORD005398,CUST00248,P006,Desk,Furniture,Surat,Store,Credit Card,1,11917.08,0.05,11917.08,11321.23,0,1635.26,2025,12,December,Sunday,11917.08,11321.225999999999
2025-12-21,ORD042065,CUST04943,P013,Monitor,Electronics,Jaipur,Online,Debit Card,2,18143.52,0.15,36287.04,30843.98,0,4695.97,2025,12,December,Sunday,36287.04,30843.984
2025-12-21,ORD041658,CUST02350,P011,Mixer Grinder,Home,Chennai,Online,Net Banking,1,4841.06,0.0,4841.06,4841.06,0,692.95,2025,12,December,Sunday,4841.06,4841.06
2025-12-21,ORD038372,CUST00259,P008,Running Shoes,Fashion,Surat,Store,Credit Card,2,4096.12,0.05,8192.24,7782.63,0,2122.76,2025,12,December,Sunday,8192.24,7782.628
2025-12-21,ORD021359,CUST04799,P002,Smartphone,Electronics,Chennai,Online,Debit Card,2,28977.5,0.05,57955.0,55057.25,0,6521.23,2025,12,December,Sunday,57955.0,55057.25
2025-12-21,ORD021893,CUST00890,P014,Keyboard,Electronics,Surat,Online,UPI,2,2546.15,0.1,5092.3,4583.07,0,601.7,2025,12,December,Sunday,5092.3,4583.070000000001
2025-12-21,ORD049862,CUST02375,P002,Smartphone,Electronics,Ahmedabad,Store,Debit Card,1,29371.46,0.0,29371.46,29371.46,0,6463.97,2025,12,December,Sunday,29371.46,29371.46
2025-12-21,ORD044904,CUST02394,P009,T-Shirt,Fashion,Bengaluru,Store,UPI,2,1239.87,0.1,2479.74,2231.77,0,355.08,2025,12,December,Sunday,2479.74,2231.766
2025-12-21,ORD001489,CUST00876,P003,Headphones,Electronics,Bengaluru,Online,Debit Card,1,4477.18,0.0,4477.18,4477.18,0,797.4,2025,12,December,Sunday,4477.18,4477.18
2025-12-21,ORD015932,CUST03378,P001,Laptop,Electronics,Kolkata,Online,Credit Card,2,63006.02,0.05,126012.04,119711.44,0,30587.05,2025,12,December,Sunday,126012.04,119711.438
2025-12-21,ORD042466,CUST04692,P012,Air Fryer,Home,Delhi,Online,Credit Card,1,6733.16,0.2,6733.16,5386.53,0,1209.13,2025,12,December,Sunday,6733.16,5386.528
2025-12-21,ORD027891,CUST01039,P002,Smartphone,Electronics,Chennai,Online,UPI,1,27098.28,0.25,27098.28,20323.71,0,862.56,2025,12,December,Sunday,27098.28,20323.71
2025-12-21,ORD045746,CUST02489,P012,Air Fryer,Home,Ahmedabad,Online,Credit Card,2,7048.09,0.15,14096.18,11981.75,1,-599.09,2025,12,December,Sunday,14096.18,11981.753
2025-12-21,ORD041117,CUST01567,P015,Dining Table,Furniture,Jaipur,Online,UPI,2,20798.77,0.05,41597.54,39517.66,0,10660.54,2025,12,December,Sunday,41597.54,39517.663
2025-12-21,ORD019827,CUST01348,P015,Dining Table,Furniture,Hyderabad,Store,Debit Card,1,22719.71,0.05,22719.71,21583.72,0,2367.79,2025,12,December,Sunday,22719.71,21583.724499999997
2025-12-21,ORD015903,CUST04195,P017,Jeans,Fashion,Jaipur,Online,Credit Card,2,2703.99,0.0,5407.98,5407.98,0,1469.5,2025,12,December,Sunday,5407.98,5407.98
2025-12-21,ORD023158,CUST04884,P015,Dining Table,Furniture,Bengaluru,Store,Cash,2,21141.22,0.1,42282.44,38054.2,1,-1902.71,2025,12,December,Sunday,42282.44,38054.196
2025-12-21,ORD023442,CUST04569,P010,Coffee Maker,Home,Bengaluru,Online,Debit Card,1,5306.3,0.1,5306.3,4775.67,0,1171.74,2025,12,December,Sunday,5306.3,4775.67
2025-12-21,ORD006267,CUST01514,P016,Sofa,Furniture,Jaipur,Store,Credit Card,2,33241.24,0.15,66482.48,56510.11,0,9728.74,2025,12,December,Sunday,66482.48,56510.10799999999
2025-12-21,ORD007963,CUST03979,P002,Smartphone,Electronics,Kolkata,Online,UPI,2,28176.43,0.0,56352.86,56352.86,0,8597.8,2025,12,December,Sunday,56352.86,56352.86
2025-12-21,ORD030670,CUST04158,P012,Air Fryer,Home,Jaipur,Online,UPI,1,7274.29,0.0,7274.29,7274.29,0,1408.93,2025,12,December,Sunday,7274.29,7274.29
2025-12-21,ORD015818,CUST03564,P015,Dining Table,Furniture,Chennai,Online,Credit Card,4,24177.63,0.1,96710.52,87039.47,0,10837.23,2025,12,December,Sunday,96710.52,87039.46800000001
2025-12-21,ORD016062,CUST02808,P018,Jacket,Fashion,Mumbai,Online,Credit Card,2,4749.92,0.1,9499.84,8549.86,0,1957.7,2025,12,December,Sunday,9499.84,8549.856
2025-12-21,ORD013032,CUST02520,P002,Smartphone,Electronics,Ahmedabad,Store,Debit Card,1,28674.91,0.1,28674.91,25807.42,0,5900.88,2025,12,December,Sunday,28674.91,25807.419
2025-12-21,ORD049592,CUST02977,P018,Jacket,Fashion,Delhi,Online,UPI,1,5127.97,0.0,5127.97,5127.97,0,638.16,2025,12,December,Sunday,5127.97,5127.97
2025-12-21,ORD006738,CUST02276,P008,Running Shoes,Fashion,Jaipur,Online,UPI,1,3973.08,0.05,3973.08,3774.43,0,799.34,2025,12,December,Sunday,3973.08,3774.426
2025-12-21,ORD005591,CUST00925,P012,Air Fryer,Home,Hyderabad,Online,Credit Card,1,7214.36,0.0,7214.36,7214.36,0,1746.13,2025,12,December,Sunday,7214.36,7214.36
2025-12-21,ORD011728,CUST01033,P018,Jacket,Fashion,Chennai,Store,UPI,1,5515.14,0.0,5515.14,5515.14,0,509.51,2025,12,December,Sunday,5515.14,5515.14
2025-12-21,ORD023939,CUST01238,P006,Desk,Furniture,Ahmedabad,Online,Credit Card,5,11132.01,0.1,55660.05,50094.05,0,11314.02,2025,12,December,Sunday,55660.05,50094.045000000006
2025-12-21,ORD006897,CUST03193,P008,Running Shoes,Fashion,Bengaluru,Online,UPI,1,3961.34,0.2,3961.34,3169.07,0,696.34,2025,12,December,Sunday,3961.34,3169.072
2025-12-21,ORD036700,CUST04232,P009,T-Shirt,Fashion,Mumbai,Online,Debit Card,2,1295.6,0.0,2591.2,2591.2,0,341.71,2025,12,December,Sunday,2591.2,2591.2
2025-12-21,ORD030099,CUST00038,P001,Laptop,Electronics,Mumbai,Online,Credit Card,1,68945.95,0.05,68945.95,65498.65,0,9106.93,2025,12,December,Sunday,68945.95,65498.6525
2025-12-21,ORD037003,CUST03236,P004,Smartwatch,Electronics,Surat,Online,UPI,1,7151.39,0.1,7151.39,6436.25,0,1673.32,2025,12,December,Sunday,7151.39,6436.251
2025-12-21,ORD044887,CUST01503,P009,T-Shirt,Fashion,Ahmedabad,Online,UPI,2,1182.71,0.05,2365.42,2247.15,0,577.51,2025,12,December,Sunday,2365.42,2247.149
2025-12-21,ORD013133,CUST01533,P003,Headphones,Electronics,Ahmedabad,Online,Credit Card,3,4647.09,0.0,13941.27,13941.27,0,1688.09,2025,12,December,Sunday,13941.27,13941.27
2025-12-21,ORD001565,CUST01939,P012,Air Fryer,Home,Ahmedabad,Online,UPI,4,6493.92,0.0,25975.68,25975.68,0,3354.54,2025,12,December,Sunday,25975.68,25975.68
2025-12-21,ORD034029,CUST00632,P002,Smartphone,Electronics,Surat,Online,UPI,4,25598.41,0.0,102393.64,102393.64,1,-5119.68,2025,12,December,Sunday,102393.64,102393.64
2025-12-21,ORD022627,CUST02689,P007,Backpack,Accessories,Chennai,Store,UPI,1,2249.93,0.05,2249.93,2137.43,0,495.63,2025,12,December,Sunday,2249.93,2137.4334999999996
2025-12-21,ORD001603,CUST00594,P017,Jeans,Fashion,Ahmedabad,Store,UPI,3,2854.99,0.05,8564.97,8136.72,0,1289.77,2025,12,December,Sunday,8564.97,8136.721499999999
2025-12-21,ORD009318,CUST02310,P006,Desk,Furniture,Hyderabad,Store,UPI,1,10952.08,0.15,10952.08,9309.27,0,1951.61,2025,12,December,Sunday,10952.08,9309.268
2025-12-21,ORD015165,CUST04476,P001,Laptop,Electronics,Kolkata,Online,UPI,1,70285.55,0.1,70285.55,63257.0,0,7729.16,2025,12,December,Sunday,70285.55,63256.995
2025-12-21,ORD021290,CUST01234,P016,Sofa,Furniture,Hyderabad,Store,Debit Card,1,32667.53,0.05,32667.53,31034.15,0,6427.85,2025,12,December,Sunday,32667.53,31034.153499999997
2025-12-21,ORD045377,CUST03750,P017,Jeans,Fashion,Surat,Online,UPI,2,2533.01,0.05,5066.02,4812.72,0,1276.03,2025,12,December,Sunday,5066.02,4812.719
2025-12-21,ORD028788,CUST02854,P019,Vacuum Cleaner,Home,Kolkata,Store,UPI,1,8609.24,0.05,8609.24,8178.78,0,1581.0,2025,12,December,Sunday,8609.24,8178.777999999999
2025-12-21,ORD032423,CUST01400,P004,Smartwatch,Electronics,Jaipur,Online,UPI,1,6732.75,0.05,6732.75,6396.11,0,1366.7,2025,12,December,Sunday,6732.75,6396.112499999999
2025-12-21,ORD049993,CUST01257,P015,Dining Table,Furniture,Kolkata,Online,UPI,1,22808.26,0.1,22808.26,20527.43,0,3820.56,2025,12,December,Sunday,22808.26,20527.433999999997
2025-12-21,ORD004609,CUST00639,P007,Backpack,Accessories,Bengaluru,Store,Cash,2,2130.46,0.0,4260.92,4260.92,0,868.06,2025,12,December,Sunday,4260.92,4260.92
2025-12-21,ORD043767,CUST03552,P008,Running Shoes,Fashion,Surat,Online,Debit Card,1,3915.7,0.0,3915.7,3915.7,0,1039.02,2025,12,December,Sunday,3915.7,3915.7
2025-12-21,ORD032694,CUST02494,P003,Headphones,Electronics,Mumbai,Online,UPI,4,4821.21,0.1,19284.84,17356.36,0,1991.61,2025,12,December,Sunday,19284.84,17356.356
2025-12-21,ORD027420,CUST03004,P014,Keyboard,Electronics,Ahmedabad,Online,Credit Card,2,2638.54,0.2,5277.08,4221.66,0,755.11,2025,12,December,Sunday,5277.08,4221.664
2025-12-21,ORD038996,CUST01554,P012,Air Fryer,Home,Delhi,Online,Credit Card,1,7473.17,0.1,7473.17,6725.85,0,1314.4,2025,12,December,Sunday,7473.17,6725.853
2025-12-21,ORD026696,CUST01119,P008,Running Shoes,Fashion,Hyderabad,Online,Credit Card,5,4410.67,0.15,22053.35,18745.35,0,2603.22,2025,12,December,Sunday,22053.35,18745.3475
2025-12-21,ORD009848,CUST00952,P012,Air Fryer,Home,Bengaluru,Online,Credit Card,2,6942.53,0.1,13885.06,12496.55,0,2579.75,2025,12,December,Sunday,13885.06,12496.554
2025-12-21,ORD018341,CUST02215,P018,Jacket,Fashion,Mumbai,Store,Cash,1,4899.28,0.05,4899.28,4654.32,0,718.42,2025,12,December,Sunday,4899.28,4654.316
2025-12-22,ORD030204,CUST00965,P002,Smartphone,Electronics,Ahmedabad,Online,UPI,1,30373.41,0.15,30373.41,25817.4,0,6474.84,2025,12,December,Monday,30373.41,25817.3985
2025-12-22,ORD049037,CUST02464,P011,Mixer Grinder,Home,Jaipur,Store,Debit Card,4,4978.27,0.1,19913.08,17921.77,0,3447.18,2025,12,December,Monday,19913.08,17921.772
2025-12-22,ORD004367,CUST00174,P016,Sofa,Furniture,Pune,Online,Credit Card,2,31552.11,0.15,63104.22,53638.59,0,9158.06,2025,12,December,Monday,63104.22,53638.587
2025-12-22,ORD025127,CUST04914,P007,Backpack,Accessories,Delhi,Online,Debit Card,2,2340.07,0.05,4680.14,4446.13,0,635.87,2025,12,December,Monday,4680.14,4446.133
2025-12-22,ORD020202,CUST04832,P008,Running Shoes,Fashion,Jaipur,Online,Debit Card,4,4543.69,0.15,18174.76,15448.55,0,3338.2,2025,12,December,Monday,18174.76,15448.545999999998
2025-12-22,ORD027306,CUST02146,P001,Laptop,Electronics,Bengaluru,Online,UPI,2,69538.36,0.05,139076.72,132122.88,0,27869.28,2025,12,December,Monday,139076.72,132122.884
2025-12-22,ORD042754,CUST00207,P008,Running Shoes,Fashion,Ahmedabad,Online,Credit Card,1,4340.17,0.1,4340.17,3906.15,0,786.82,2025,12,December,Monday,4340.17,3906.1530000000002
2025-12-22,ORD022471,CUST00601,P004,Smartwatch,Electronics,Pune,Store,Cash,1,6946.43,0.05,6946.43,6599.11,0,840.36,2025,12,December,Monday,6946.43,6599.1085
2025-12-22,ORD008382,CUST02170,P018,Jacket,Fashion,Pune,Online,UPI,3,4683.78,0.0,14051.34,14051.34,0,2855.5,2025,12,December,Monday,14051.34,14051.34
2025-12-22,ORD041355,CUST03055,P016,Sofa,Furniture,Delhi,Store,UPI,4,31578.54,0.25,126314.16,94735.62,0,9978.13,2025,12,December,Monday,126314.16,94735.62
2025-12-22,ORD011071,CUST02846,P002,Smartphone,Electronics,Pune,Store,UPI,1,25327.17,0.1,25327.17,22794.45,0,1737.68,2025,12,December,Monday,25327.17,22794.452999999998
2025-12-22,ORD012615,CUST02460,P005,Office Chair,Furniture,Delhi,Store,Credit Card,2,9500.65,0.1,19001.3,17101.17,0,2562.73,2025,12,December,Monday,19001.3,17101.17
2025-12-22,ORD045146,CUST03861,P009,T-Shirt,Fashion,Ahmedabad,Online,Credit Card,2,1107.18,0.15,2214.36,1882.21,0,130.15,2025,12,December,Monday,2214.36,1882.2060000000001
2025-12-22,ORD009472,CUST04495,P006,Desk,Furniture,Hyderabad,Online,UPI,1,12701.77,0.1,12701.77,11431.59,0,2110.85,2025,12,December,Monday,12701.77,11431.593
2025-12-22,ORD022670,CUST02443,P006,Desk,Furniture,Mumbai,Online,Credit Card,2,11211.84,0.0,22423.68,22423.68,0,4175.37,2025,12,December,Monday,22423.68,22423.68
2025-12-22,ORD023706,CUST02982,P019,Vacuum Cleaner,Home,Hyderabad,Online,UPI,2,8832.71,0.05,17665.42,16782.15,0,3113.98,2025,12,December,Monday,17665.42,16782.148999999998
2025-12-22,ORD035952,CUST02145,P003,Headphones,Electronics,Jaipur,Online,Credit Card,1,4367.06,0.15,4367.06,3712.0,1,-185.6,2025,12,December,Monday,4367.06,3712.001
2025-12-22,ORD005739,CUST01309,P001,Laptop,Electronics,Pune,Online,UPI,1,59956.61,0.1,59956.61,53960.95,0,10029.45,2025,12,December,Monday,59956.61,53960.949
2025-12-22,ORD039713,CUST04844,P003,Headphones,Electronics,Hyderabad,Store,Credit Card,1,4693.9,0.05,4693.9,4459.2,0,948.88,2025,12,December,Monday,4693.9,4459.204999999999
2025-12-22,ORD016505,CUST04126,P006,Desk,Furniture,Ahmedabad,Online,Debit Card,1,12972.35,0.05,12972.35,12323.73,0,1791.11,2025,12,December,Monday,12972.35,12323.7325
2025-12-22,ORD009661,CUST04783,P004,Smartwatch,Electronics,Jaipur,Online,UPI,1,6845.15,0.1,6845.15,6160.64,0,871.48,2025,12,December,Monday,6845.15,6160.635
2025-12-22,ORD040188,CUST00086,P003,Headphones,Electronics,Ahmedabad,Online,UPI,1,4727.14,0.1,4727.14,4254.43,0,263.16,2025,12,December,Monday,4727.14,4254.426
2025-12-22,ORD037209,CUST03396,P008,Running Shoes,Fashion,Delhi,Online,Credit Card,1,4125.46,0.1,4125.46,3712.91,0,839.12,2025,12,December,Monday,4125.46,3712.914
2025-12-22,ORD001050,CUST01198,P020,Microwave,Home,Delhi,Online,Debit Card,5,11743.95,0.1,58719.75,52847.78,0,5592.98,2025,12,December,Monday,58719.75,52847.775
2025-12-22,ORD039736,CUST03503,P002,Smartphone,Electronics,Hyderabad,Online,UPI,1,26105.78,0.0,26105.78,26105.78,0,6246.33,2025,12,December,Monday,26105.78,26105.78
2025-12-22,ORD005561,CUST04332,P012,Air Fryer,Home,Jaipur,Online,UPI,4,7312.63,0.0,29250.52,29250.52,0,7079.92,2025,12,December,Monday,29250.52,29250.52
2025-12-22,ORD048633,CUST02015,P008,Running Shoes,Fashion,Delhi,Online,Cash,1,4023.19,0.1,4023.19,3620.87,0,397.68,2025,12,December,Monday,4023.19,3620.871
2025-12-22,ORD036850,CUST00679,P003,Headphones,Electronics,Delhi,Online,Debit Card,1,4262.02,0.0,4262.02,4262.02,0,922.81,2025,12,December,Monday,4262.02,4262.02
2025-12-22,ORD048639,CUST02737,P013,Monitor,Electronics,Ahmedabad,Online,UPI,1,19017.24,0.15,19017.24,16164.65,0,2748.03,2025,12,December,Monday,19017.24,16164.654
2025-12-22,ORD042814,CUST04745,P008,Running Shoes,Fashion,Mumbai,Online,UPI,1,3874.84,0.0,3874.84,3874.84,0,918.21,2025,12,December,Monday,3874.84,3874.84
2025-12-22,ORD020922,CUST04561,P013,Monitor,Electronics,Mumbai,Store,UPI,1,17539.11,0.05,17539.11,16662.15,0,4269.47,2025,12,December,Monday,17539.11,16662.1545
2025-12-22,ORD006908,CUST00821,P015,Dining Table,Furniture,Bengaluru,Online,UPI,1,23865.37,0.1,23865.37,21478.83,0,5935.72,2025,12,December,Monday,23865.37,21478.833
2025-12-22,ORD000572,CUST01556,P011,Mixer Grinder,Home,Surat,Online,Debit Card,2,4892.2,0.05,9784.4,9295.18,0,685.25,2025,12,December,Monday,9784.4,9295.179999999998
2025-12-22,ORD046655,CUST03369,P010,Coffee Maker,Home,Kolkata,Store,Net Banking,1,4992.03,0.0,4992.03,4992.03,0,955.47,2025,12,December,Monday,4992.03,4992.03
2025-12-22,ORD016532,CUST03633,P007,Backpack,Accessories,Delhi,Store,UPI,1,2373.93,0.0,2373.93,2373.93,1,-118.7,2025,12,December,Monday,2373.93,2373.93
2025-12-22,ORD018024,CUST04442,P019,Vacuum Cleaner,Home,Surat,Store,UPI,2,8244.08,0.05,16488.16,15663.75,0,3376.63,2025,12,December,Monday,16488.16,15663.751999999999
2025-12-22,ORD006880,CUST03600,P018,Jacket,Fashion,Surat,Online,Net Banking,1,5054.54,0.1,5054.54,4549.09,0,859.68,2025,12,December,Monday,5054.54,4549.086
2025-12-22,ORD047606,CUST02322,P009,T-Shirt,Fashion,Jaipur,Store,Net Banking,2,1264.08,0.05,2528.16,2401.75,0,428.05,2025,12,December,Monday,2528.16,2401.752
2025-12-22,ORD020074,CUST03561,P005,Office Chair,Furniture,Bengaluru,Online,UPI,1,9501.39,0.05,9501.39,9026.32,0,1108.81,2025,12,December,Monday,9501.39,9026.3205
2025-12-22,ORD039109,CUST02259,P018,Jacket,Fashion,Hyderabad,Online,UPI,1,5444.49,0.1,5444.49,4900.04,0,658.23,2025,12,December,Monday,5444.49,4900.041
2025-12-22,ORD023878,CUST04723,P020,Microwave,Home,Delhi,Store,Net Banking,1,11882.52,0.1,11882.52,10694.27,0,2024.8,2025,12,December,Monday,11882.52,10694.268
2025-12-22,ORD028187,CUST00882,P006,Desk,Furniture,Pune,Online,Net Banking,3,11599.19,0.05,34797.57,33057.69,0,3192.02,2025,12,December,Monday,34797.57,33057.6915
2025-12-22,ORD040647,CUST00248,P004,Smartwatch,Electronics,Pune,Store,Credit Card,1,7379.83,0.05,7379.83,7010.84,0,1196.88,2025,12,December,Monday,7379.83,7010.8385
2025-12-22,ORD010656,CUST03050,P011,Mixer Grinder,Home,Chennai,Online,Net Banking,1,4605.3,0.2,4605.3,3684.24,0,509.29,2025,12,December,Monday,4605.3,3684.2400000000002
2025-12-22,ORD041607,CUST04014,P012,Air Fryer,Home,Ahmedabad,Store,Credit Card,3,7449.18,0.25,22347.54,16760.66,0,2091.5,2025,12,December,Monday,22347.54,16760.655
2025-12-22,ORD035368,CUST04501,P015,Dining Table,Furniture,Surat,Online,Credit Card,1,22672.51,0.2,22672.51,18138.01,0,3851.37,2025,12,December,Monday,22672.51,18138.007999999998
2025-12-22,ORD016604,CUST03334,P019,Vacuum Cleaner,Home,Chennai,Store,Debit Card,1,9393.84,0.25,9393.84,7045.38,0,1505.24,2025,12,December,Monday,9393.84,7045.38
2025-12-22,ORD012927,CUST04117,P009,T-Shirt,Fashion,Ahmedabad,Online,Credit Card,1,1111.95,0.1,1111.95,1000.76,0,264.62,2025,12,December,Monday,1111.95,1000.7550000000001
2025-12-22,ORD023676,CUST03171,P013,Monitor,Electronics,Delhi,Store,Credit Card,1,16947.91,0.1,16947.91,15253.12,0,1369.93,2025,12,December,Monday,16947.91,15253.119
2025-12-22,ORD030729,CUST04771,P016,Sofa,Furniture,Mumbai,Store,Cash,1,37750.37,0.1,37750.37,33975.33,0,4215.88,2025,12,December,Monday,37750.37,33975.333000000006
2025-12-22,ORD012187,CUST00762,P017,Jeans,Fashion,Surat,Online,UPI,1,2822.1,0.0,2822.1,2822.1,0,810.63,2025,12,December,Monday,2822.1,2822.1
2025-12-22,ORD043901,CUST01454,P013,Monitor,Electronics,Chennai,Online,Credit Card,1,19082.07,0.0,19082.07,19082.07,0,4039.42,2025,12,December,Monday,19082.07,19082.07
2025-12-22,ORD011187,CUST03837,P001,Laptop,Electronics,Ahmedabad,Online,Credit Card,1,69871.4,0.0,69871.4,69871.4,0,18613.46,2025,12,December,Monday,69871.4,69871.4
2025-12-22,ORD015889,CUST03893,P013,Monitor,Electronics,Pune,Online,UPI,1,19736.36,0.05,19736.36,18749.54,0,4270.2,2025,12,December,Monday,19736.36,18749.542
2025-12-22,ORD021446,CUST03542,P016,Sofa,Furniture,Kolkata,Store,UPI,1,36010.3,0.0,36010.3,36010.3,0,7074.24,2025,12,December,Monday,36010.3,36010.3
2025-12-22,ORD023439,CUST03843,P017,Jeans,Fashion,Bengaluru,Store,Debit Card,1,2912.43,0.1,2912.43,2621.19,0,274.81,2025,12,December,Monday,2912.43,2621.187
2025-12-22,ORD001323,CUST01322,P001,Laptop,Electronics,Delhi,Store,Debit Card,1,62338.21,0.1,62338.21,56104.39,0,8228.56,2025,12,December,Monday,62338.21,56104.389
2025-12-22,ORD004903,CUST00994,P012,Air Fryer,Home,Pune,Online,UPI,1,7690.12,0.1,7690.12,6921.11,0,1062.04,2025,12,December,Monday,7690.12,6921.108
2025-12-22,ORD039606,CUST04816,P001,Laptop,Electronics,Delhi,Store,Cash,3,69753.87,0.1,209261.61,188335.45,1,-9416.77,2025,12,December,Monday,209261.61,188335.449
2025-12-22,ORD000429,CUST03268,P006,Desk,Furniture,Ahmedabad,Online,UPI,1,10916.07,0.1,10916.07,9824.46,0,2375.51,2025,12,December,Monday,10916.07,9824.463
2025-12-22,ORD043843,CUST04807,P003,Headphones,Electronics,Jaipur,Store,Credit Card,1,4717.35,0.1,4717.35,4245.62,0,963.79,2025,12,December,Monday,4717.35,4245.615000000001
2025-12-22,ORD010416,CUST04543,P011,Mixer Grinder,Home,Hyderabad,Store,UPI,1,5096.13,0.1,5096.13,4586.52,0,1164.28,2025,12,December,Monday,5096.13,4586.517
2025-12-22,ORD042462,CUST04451,P007,Backpack,Accessories,Ahmedabad,Online,UPI,1,2066.36,0.1,2066.36,1859.72,0,428.58,2025,12,December,Monday,2066.36,1859.7240000000002
2025-12-22,ORD001744,CUST01364,P006,Desk,Furniture,Pune,Online,Cash,1,11936.64,0.25,11936.64,8952.48,0,960.04,2025,12,December,Monday,11936.64,8952.48
2025-12-22,ORD015951,CUST03741,P019,Vacuum Cleaner,Home,Jaipur,Online,Credit Card,3,8771.9,0.05,26315.7,24999.91,0,5747.47,2025,12,December,Monday,26315.699999999997,24999.915
2025-12-22,ORD001726,CUST01155,P016,Sofa,Furniture,Ahmedabad,Online,Net Banking,1,31566.81,0.0,31566.81,31566.81,0,8144.74,2025,12,December,Monday,31566.81,31566.81
2025-12-22,ORD022992,CUST03218,P013,Monitor,Electronics,Mumbai,Store,UPI,3,17808.17,0.1,53424.51,48082.06,0,9629.48,2025,12,December,Monday,53424.509999999995,48082.059
2025-12-22,ORD004749,CUST00970,P018,Jacket,Fashion,Ahmedabad,Store,Net Banking,5,5705.06,0.0,28525.3,28525.3,0,7656.55,2025,12,December,Monday,28525.300000000003,28525.3
2025-12-22,ORD011138,CUST03725,P016,Sofa,Furniture,Surat,Online,UPI,1,35434.55,0.2,35434.55,28347.64,0,7059.38,2025,12,December,Monday,35434.55,28347.640000000003
2025-12-22,ORD034302,CUST04628,P011,Mixer Grinder,Home,Delhi,Store,UPI,2,4711.15,0.15,9422.3,8008.95,0,772.9,2025,12,December,Monday,9422.3,8008.954999999999
2025-12-22,ORD017005,CUST04897,P004,Smartwatch,Electronics,Kolkata,Online,Credit Card,1,7535.31,0.0,7535.31,7535.31,0,2169.02,2025,12,December,Monday,7535.31,7535.31
2025-12-22,ORD009342,CUST01441,P014,Keyboard,Electronics,Ahmedabad,Store,UPI,4,2254.26,0.15,9017.04,7664.48,0,1300.75,2025,12,December,Monday,9017.04,7664.484
2025-12-22,ORD019557,CUST02472,P014,Keyboard,Electronics,Ahmedabad,Store,Credit Card,2,2389.38,0.05,4778.76,4539.82,0,413.46,2025,12,December,Monday,4778.76,4539.822
2025-12-22,ORD017492,CUST01025,P005,Office Chair,Furniture,Kolkata,Online,Credit Card,1,9594.8,0.15,9594.8,8155.58,0,1538.93,2025,12,December,Monday,9594.8,8155.579999999999
2025-12-23,ORD042807,CUST01115,P013,Monitor,Electronics,Ahmedabad,Store,Cash,2,17798.75,0.15,35597.5,30257.88,0,7924.21,2025,12,December,Tuesday,35597.5,30257.875
2025-12-23,ORD000085,CUST03390,P008,Running Shoes,Fashion,Ahmedabad,Online,Credit Card,1,3836.34,0.1,3836.34,3452.71,0,366.61,2025,12,December,Tuesday,3836.34,3452.706
2025-12-23,ORD027043,CUST04263,P013,Monitor,Electronics,Jaipur,Online,Credit Card,1,19239.62,0.05,19239.62,18277.64,0,3194.81,2025,12,December,Tuesday,19239.62,18277.639
2025-12-23,ORD049063,CUST04662,P001,Laptop,Electronics,Jaipur,Store,Credit Card,1,63475.11,0.05,63475.11,60301.35,0,9057.86,2025,12,December,Tuesday,63475.11,60301.3545
2025-12-23,ORD030034,CUST04262,P004,Smartwatch,Electronics,Jaipur,Store,Debit Card,1,6653.14,0.15,6653.14,5655.17,0,1300.91,2025,12,December,Tuesday,6653.14,5655.169
2025-12-23,ORD049451,CUST02473,P019,Vacuum Cleaner,Home,Kolkata,Store,UPI,1,8839.64,0.2,8839.64,7071.71,0,1498.78,2025,12,December,Tuesday,8839.64,7071.7119999999995
2025-12-23,ORD027196,CUST00505,P009,T-Shirt,Fashion,Ahmedabad,Online,Debit Card,1,1197.6,0.0,1197.6,1197.6,0,107.74,2025,12,December,Tuesday,1197.6,1197.6
2025-12-23,ORD016984,CUST04468,P016,Sofa,Furniture,Chennai,Store,UPI,1,34246.97,0.15,34246.97,29109.92,0,4542.41,2025,12,December,Tuesday,34246.97,29109.9245
2025-12-23,ORD034717,CUST00186,P005,Office Chair,Furniture,Surat,Online,UPI,1,9987.74,0.1,9987.74,8988.97,0,656.74,2025,12,December,Tuesday,9987.74,8988.966
2025-12-23,ORD002879,CUST03389,P001,Laptop,Electronics,Ahmedabad,Online,Net Banking,2,64541.67,0.05,129083.34,122629.17,0,17554.35,2025,12,December,Tuesday,129083.34,122629.173
2025-12-23,ORD006966,CUST04686,P017,Jeans,Fashion,Mumbai,Store,Cash,1,2861.85,0.05,2861.85,2718.76,0,564.12,2025,12,December,Tuesday,2861.85,2718.7574999999997
2025-12-23,ORD009504,CUST00759,P013,Monitor,Electronics,Bengaluru,Online,Net Banking,1,16643.18,0.05,16643.18,15811.02,0,4460.71,2025,12,December,Tuesday,16643.18,15811.020999999999
2025-12-23,ORD041837,CUST02915,P007,Backpack,Accessories,Delhi,Store,UPI,1,2321.09,0.1,2321.09,2088.98,0,281.78,2025,12,December,Tuesday,2321.09,2088.981
2025-12-23,ORD004436,CUST02631,P019,Vacuum Cleaner,Home,Hyderabad,Online,Cash,3,9036.9,0.0,27110.7,27110.7,0,8083.52,2025,12,December,Tuesday,27110.699999999997,27110.7
2025-12-23,ORD042647,CUST02283,P016,Sofa,Furniture,Bengaluru,Store,Net Banking,2,33651.26,0.15,67302.52,57207.14,0,5801.59,2025,12,December,Tuesday,67302.52,57207.142
2025-12-23,ORD008204,CUST01493,P008,Running Shoes,Fashion,Bengaluru,Store,Credit Card,1,4589.37,0.1,4589.37,4130.43,0,530.51,2025,12,December,Tuesday,4589.37,4130.433
2025-12-23,ORD019758,CUST02200,P011,Mixer Grinder,Home,Hyderabad,Store,UPI,1,4325.14,0.0,4325.14,4325.14,0,678.94,2025,12,December,Tuesday,4325.14,4325.14
2025-12-23,ORD019899,CUST01413,P006,Desk,Furniture,Kolkata,Online,Cash,4,11182.97,0.2,44731.88,35785.5,0,1701.42,2025,12,December,Tuesday,44731.88,35785.504
2025-12-23,ORD030659,CUST02322,P020,Microwave,Home,Ahmedabad,Store,UPI,2,10903.57,0.0,21807.14,21807.14,0,2014.6,2025,12,December,Tuesday,21807.14,21807.14
2025-12-23,ORD028116,CUST02075,P008,Running Shoes,Fashion,Kolkata,Store,UPI,1,4482.09,0.0,4482.09,4482.09,0,675.49,2025,12,December,Tuesday,4482.09,4482.09
2025-12-23,ORD011640,CUST00513,P016,Sofa,Furniture,Hyderabad,Store,Debit Card,1,31581.96,0.1,31581.96,28423.76,0,7109.79,2025,12,December,Tuesday,31581.96,28423.764
2025-12-23,ORD028842,CUST01397,P020,Microwave,Home,Chennai,Online,UPI,1,11873.24,0.0,11873.24,11873.24,0,3522.8,2025,12,December,Tuesday,11873.24,11873.24
2025-12-23,ORD011370,CUST00192,P018,Jacket,Fashion,Pune,Online,UPI,2,5613.46,0.1,11226.92,10104.23,0,712.58,2025,12,December,Tuesday,11226.92,10104.228000000001
2025-12-23,ORD049251,CUST04893,P017,Jeans,Fashion,Jaipur,Online,Credit Card,2,2742.88,0.15,5485.76,4662.9,0,745.77,2025,12,December,Tuesday,5485.76,4662.896
2025-12-23,ORD025142,CUST00441,P017,Jeans,Fashion,Delhi,Store,Credit Card,1,2990.88,0.05,2990.88,2841.34,0,359.4,2025,12,December,Tuesday,2990.88,2841.336
2025-12-23,ORD042533,CUST00427,P008,Running Shoes,Fashion,Pune,Store,Debit Card,1,4349.18,0.05,4349.18,4131.72,0,421.82,2025,12,December,Tuesday,4349.18,4131.7210000000005
2025-12-23,ORD036514,CUST02216,P002,Smartphone,Electronics,Delhi,Online,Debit Card,1,29496.58,0.15,29496.58,25072.09,0,3922.43,2025,12,December,Tuesday,29496.58,25072.093
2025-12-23,ORD016464,CUST03618,P011,Mixer Grinder,Home,Mumbai,Store,UPI,1,4827.61,0.1,4827.61,4344.85,1,-217.24,2025,12,December,Tuesday,4827.61,4344.849
2025-12-23,ORD030254,CUST02911,P001,Laptop,Electronics,Kolkata,Online,UPI,2,70660.77,0.25,141321.54,105991.16,1,-5299.56,2025,12,December,Tuesday,141321.54,105991.155
2025-12-23,ORD045098,CUST00020,P010,Coffee Maker,Home,Chennai,Online,Net Banking,2,6015.05,0.25,12030.1,9022.58,0,1455.86,2025,12,December,Tuesday,12030.1,9022.575
2025-12-23,ORD014163,CUST00621,P011,Mixer Grinder,Home,Mumbai,Store,Cash,1,4944.77,0.05,4944.77,4697.53,0,1349.28,2025,12,December,Tuesday,4944.77,4697.5315
2025-12-23,ORD028160,CUST04832,P011,Mixer Grinder,Home,Pune,Online,UPI,4,4916.61,0.15,19666.44,16716.47,0,2288.19,2025,12,December,Tuesday,19666.44,16716.474
2025-12-23,ORD030742,CUST01169,P008,Running Shoes,Fashion,Delhi,Online,UPI,1,3837.24,0.0,3837.24,3837.24,0,875.84,2025,12,December,Tuesday,3837.24,3837.24
2025-12-23,ORD036177,CUST04410,P012,Air Fryer,Home,Hyderabad,Online,Credit Card,2,6874.63,0.0,13749.26,13749.26,0,1850.75,2025,12,December,Tuesday,13749.26,13749.26
2025-12-23,ORD035649,CUST02625,P018,Jacket,Fashion,Hyderabad,Online,UPI,2,5335.74,0.0,10671.48,10671.48,0,2964.27,2025,12,December,Tuesday,10671.48,10671.48
2025-12-23,ORD010739,CUST01612,P013,Monitor,Electronics,Chennai,Online,UPI,1,16251.06,0.1,16251.06,14625.95,0,2811.48,2025,12,December,Tuesday,16251.06,14625.954
2025-12-23,ORD039403,CUST03676,P017,Jeans,Fashion,Ahmedabad,Store,UPI,1,2604.52,0.1,2604.52,2344.07,0,163.5,2025,12,December,Tuesday,2604.52,2344.068
2025-12-23,ORD006872,CUST03541,P016,Sofa,Furniture,Ahmedabad,Online,Debit Card,2,38309.62,0.1,76619.24,68957.32,0,7390.62,2025,12,December,Tuesday,76619.24,68957.316
2025-12-23,ORD014215,CUST02071,P012,Air Fryer,Home,Jaipur,Store,UPI,1,6590.66,0.05,6590.66,6261.13,0,1564.99,2025,12,December,Tuesday,6590.66,6261.1269999999995
2025-12-23,ORD019115,CUST04901,P016,Sofa,Furniture,Chennai,Online,Debit Card,2,33241.1,0.1,66482.2,59833.98,0,12769.48,2025,12,December,Tuesday,66482.2,59833.979999999996
2025-12-23,ORD010094,CUST00908,P015,Dining Table,Furniture,Surat,Online,Credit Card,1,22008.16,0.2,22008.16,17606.53,0,1253.74,2025,12,December,Tuesday,22008.16,17606.528000000002
2025-12-23,ORD020387,CUST03351,P019,Vacuum Cleaner,Home,Chennai,Store,UPI,1,9756.6,0.15,9756.6,8293.11,0,1990.75,2025,12,December,Tuesday,9756.6,8293.11
2025-12-23,ORD048930,CUST02211,P017,Jeans,Fashion,Ahmedabad,Online,Debit Card,2,2957.23,0.0,5914.46,5914.46,0,487.04,2025,12,December,Tuesday,5914.46,5914.46
2025-12-23,ORD007704,CUST00502,P013,Monitor,Electronics,Chennai,Online,UPI,1,17936.28,0.1,17936.28,16142.65,0,2381.32,2025,12,December,Tuesday,17936.28,16142.652
2025-12-23,ORD024523,CUST00669,P004,Smartwatch,Electronics,Mumbai,Store,Credit Card,3,6605.49,0.05,19816.47,18825.65,0,3962.27,2025,12,December,Tuesday,19816.47,18825.6465
2025-12-23,ORD016288,CUST03709,P003,Headphones,Electronics,Chennai,Online,Credit Card,4,4287.88,0.0,17151.52,17151.52,0,2786.74,2025,12,December,Tuesday,17151.52,17151.52
2025-12-23,ORD033001,CUST00966,P016,Sofa,Furniture,Delhi,Store,Credit Card,1,36096.88,0.0,36096.88,36096.88,0,5165.58,2025,12,December,Tuesday,36096.88,36096.88
2025-12-23,ORD007369,CUST03573,P020,Microwave,Home,Bengaluru,Online,UPI,2,10331.04,0.0,20662.08,20662.08,0,2942.8,2025,12,December,Tuesday,20662.08,20662.08
2025-12-23,ORD003332,CUST03722,P013,Monitor,Electronics,Chennai,Store,Net Banking,2,16707.58,0.1,33415.16,30073.64,0,5591.91,2025,12,December,Tuesday,33415.16,30073.644000000004
2025-12-23,ORD038282,CUST02590,P002,Smartphone,Electronics,Chennai,Store,UPI,1,30196.66,0.1,30196.66,27176.99,0,2473.37,2025,12,December,Tuesday,30196.66,27176.994
2025-12-23,ORD007693,CUST01959,P007,Backpack,Accessories,Chennai,Online,UPI,3,2298.65,0.1,6895.95,6206.36,0,644.95,2025,12,December,Tuesday,6895.950000000001,6206.355
2025-12-23,ORD016701,CUST02828,P011,Mixer Grinder,Home,Ahmedabad,Online,Credit Card,5,4843.74,0.05,24218.7,23007.76,0,4055.59,2025,12,December,Tuesday,24218.699999999997,23007.765
2025-12-23,ORD015131,CUST02175,P017,Jeans,Fashion,Bengaluru,Online,UPI,2,2689.41,0.05,5378.82,5109.88,0,880.72,2025,12,December,Tuesday,5378.82,5109.879
2025-12-23,ORD008672,CUST04914,P017,Jeans,Fashion,Ahmedabad,Online,UPI,1,2783.34,0.05,2783.34,2644.17,0,545.57,2025,12,December,Tuesday,2783.34,2644.1730000000002
2025-12-23,ORD018447,CUST04503,P011,Mixer Grinder,Home,Surat,Online,Credit Card,2,4514.35,0.1,9028.7,8125.83,0,1229.52,2025,12,December,Tuesday,9028.7,8125.830000000001
2025-12-23,ORD037347,CUST03653,P013,Monitor,Electronics,Kolkata,Online,UPI,1,17886.34,0.25,17886.34,13414.76,0,1100.38,2025,12,December,Tuesday,17886.34,13414.755000000001
2025-12-23,ORD016230,CUST03477,P009,T-Shirt,Fashion,Mumbai,Online,Net Banking,1,1239.86,0.15,1239.86,1053.88,0,78.58,2025,12,December,Tuesday,1239.86,1053.8809999999999
2025-12-24,ORD029431,CUST00353,P010,Coffee Maker,Home,Chennai,Online,Debit Card,2,5676.12,0.0,11352.24,11352.24,0,2457.58,2025,12,December,Wednesday,11352.24,11352.24
2025-12-24,ORD045658,CUST02671,P017,Jeans,Fashion,Kolkata,Online,Net Banking,3,2747.16,0.1,8241.48,7417.33,0,1020.98,2025,12,December,Wednesday,8241.48,7417.331999999999
2025-12-24,ORD010110,CUST01117,P006,Desk,Furniture,Bengaluru,Online,Credit Card,1,12284.96,0.15,12284.96,10442.22,0,2626.93,2025,12,December,Wednesday,12284.96,10442.215999999999
2025-12-24,ORD009184,CUST04083,P005,Office Chair,Furniture,Surat,Store,UPI,1,10046.66,0.0,10046.66,10046.66,0,2889.61,2025,12,December,Wednesday,10046.66,10046.66
2025-12-24,ORD018706,CUST01177,P012,Air Fryer,Home,Kolkata,Online,Credit Card,3,7221.9,0.05,21665.7,20582.41,0,5000.62,2025,12,December,Wednesday,21665.699999999997,20582.415
2025-12-24,ORD045063,CUST01826,P015,Dining Table,Furniture,Hyderabad,Online,UPI,1,22823.35,0.15,22823.35,19399.85,0,4551.09,2025,12,December,Wednesday,22823.35,19399.8475
2025-12-24,ORD035101,CUST00490,P018,Jacket,Fashion,Chennai,Online,Credit Card,1,5338.9,0.15,5338.9,4538.06,0,323.95,2025,12,December,Wednesday,5338.9,4538.065
2025-12-24,ORD031835,CUST00086,P015,Dining Table,Furniture,Mumbai,Online,UPI,3,21912.39,0.05,65737.17,62450.31,0,8822.04,2025,12,December,Wednesday,65737.17,62450.311499999996
2025-12-24,ORD034490,CUST04059,P010,Coffee Maker,Home,Delhi,Online,Cash,1,5119.81,0.1,5119.81,4607.83,0,984.06,2025,12,December,Wednesday,5119.81,4607.829000000001
2025-12-24,ORD040347,CUST01071,P016,Sofa,Furniture,Bengaluru,Online,Credit Card,1,37849.66,0.15,37849.66,32172.21,0,3330.9,2025,12,December,Wednesday,37849.66,32172.211000000003
2025-12-24,ORD022624,CUST04705,P006,Desk,Furniture,Delhi,Online,Credit Card,1,10842.26,0.05,10842.26,10300.15,0,2246.53,2025,12,December,Wednesday,10842.26,10300.146999999999
2025-12-24,ORD013628,CUST03129,P003,Headphones,Electronics,Kolkata,Store,UPI,1,4599.32,0.1,4599.32,4139.39,0,713.28,2025,12,December,Wednesday,4599.32,4139.388
2025-12-24,ORD019919,CUST04645,P014,Keyboard,Electronics,Delhi,Store,UPI,3,2685.18,0.1,8055.54,7249.99,0,781.91,2025,12,December,Wednesday,8055.539999999999,7249.986
2025-12-24,ORD021377,CUST01853,P016,Sofa,Furniture,Jaipur,Online,Debit Card,1,37309.73,0.1,37309.73,33578.76,0,2015.72,2025,12,December,Wednesday,37309.73,33578.757000000005
2025-12-24,ORD028734,CUST00385,P005,Office Chair,Furniture,Pune,Online,Net Banking,1,10105.86,0.05,10105.86,9600.57,0,2689.49,2025,12,December,Wednesday,10105.86,9600.567000000001
2025-12-24,ORD042523,CUST04166,P004,Smartwatch,Electronics,Kolkata,Online,Cash,5,6891.37,0.1,34456.85,31011.16,0,2049.7,2025,12,December,Wednesday,34456.85,31011.165
2025-12-24,ORD005136,CUST04859,P007,Backpack,Accessories,Mumbai,Online,UPI,1,2063.22,0.1,2063.22,1856.9,0,516.63,2025,12,December,Wednesday,2063.22,1856.898
2025-12-24,ORD036532,CUST04801,P020,Microwave,Home,Delhi,Online,Debit Card,4,10119.16,0.05,40476.64,38452.81,0,9513.3,2025,12,December,Wednesday,40476.64,38452.808
2025-12-24,ORD038729,CUST01672,P019,Vacuum Cleaner,Home,Bengaluru,Online,Credit Card,1,9263.86,0.1,9263.86,8337.47,0,552.88,2025,12,December,Wednesday,9263.86,8337.474
2025-12-24,ORD016015,CUST04163,P015,Dining Table,Furniture,Kolkata,Store,UPI,1,19905.42,0.25,19905.42,14929.06,0,2752.76,2025,12,December,Wednesday,19905.42,14929.064999999999
2025-12-24,ORD035080,CUST03758,P019,Vacuum Cleaner,Home,Chennai,Online,Net Banking,1,9595.56,0.15,9595.56,8156.23,0,607.4,2025,12,December,Wednesday,9595.56,8156.226
2025-12-24,ORD012220,CUST03179,P012,Air Fryer,Home,Surat,Online,Credit Card,1,7410.91,0.25,7410.91,5558.18,0,589.48,2025,12,December,Wednesday,7410.91,5558.1825
2025-12-24,ORD042015,CUST02603,P001,Laptop,Electronics,Mumbai,Online,UPI,1,66971.6,0.0,66971.6,66971.6,0,14529.82,2025,12,December,Wednesday,66971.6,66971.6
2025-12-24,ORD009799,CUST02431,P014,Keyboard,Electronics,Kolkata,Online,Net Banking,1,2735.63,0.1,2735.63,2462.07,1,-123.1,2025,12,December,Wednesday,2735.63,2462.067
2025-12-24,ORD036492,CUST02895,P014,Keyboard,Electronics,Hyderabad,Online,Credit Card,2,2315.05,0.1,4630.1,4167.09,0,1112.78,2025,12,December,Wednesday,4630.1,4167.09
2025-12-24,ORD027726,CUST02856,P010,Coffee Maker,Home,Chennai,Online,UPI,1,5714.68,0.1,5714.68,5143.21,0,415.31,2025,12,December,Wednesday,5714.68,5143.212
2025-12-24,ORD023739,CUST01424,P015,Dining Table,Furniture,Kolkata,Online,UPI,2,22412.41,0.05,44824.82,42583.58,0,4256.96,2025,12,December,Wednesday,44824.82,42583.579
2025-12-24,ORD031084,CUST00863,P014,Keyboard,Electronics,Delhi,Online,Credit Card,2,2718.9,0.05,5437.8,5165.91,0,1040.36,2025,12,December,Wednesday,5437.8,5165.91
2025-12-24,ORD046194,CUST02789,P015,Dining Table,Furniture,Hyderabad,Online,Cash,1,23840.65,0.15,23840.65,20264.55,0,2103.36,2025,12,December,Wednesday,23840.65,20264.5525
2025-12-24,ORD020969,CUST04504,P017,Jeans,Fashion,Surat,Online,Credit Card,1,2808.62,0.05,2808.62,2668.19,0,746.18,2025,12,December,Wednesday,2808.62,2668.189
2025-12-24,ORD002496,CUST04170,P012,Air Fryer,Home,Surat,Online,Credit Card,2,6776.31,0.1,13552.62,12197.36,0,2923.66,2025,12,December,Wednesday,13552.62,12197.358
2025-12-24,ORD049255,CUST04950,P006,Desk,Furniture,Ahmedabad,Online,UPI,4,10999.87,0.2,43999.48,35199.58,0,3019.89,2025,12,December,Wednesday,43999.48,35199.584
2025-12-24,ORD037651,CUST04936,P005,Office Chair,Furniture,Pune,Online,Credit Card,3,9450.87,0.1,28352.61,25517.35,0,3038.99,2025,12,December,Wednesday,28352.61,25517.349000000002
2025-12-24,ORD044287,CUST03298,P004,Smartwatch,Electronics,Kolkata,Store,Credit Card,1,6668.94,0.25,6668.94,5001.7,0,422.56,2025,12,December,Wednesday,6668.94,5001.705
2025-12-24,ORD044079,CUST03122,P010,Coffee Maker,Home,Mumbai,Online,Debit Card,1,5093.63,0.1,5093.63,4584.27,0,368.53,2025,12,December,Wednesday,5093.63,4584.267
2025-12-24,ORD018927,CUST03752,P013,Monitor,Electronics,Jaipur,Online,UPI,1,19652.56,0.05,19652.56,18669.93,0,3048.7,2025,12,December,Wednesday,19652.56,18669.932
2025-12-24,ORD041586,CUST04467,P013,Monitor,Electronics,Ahmedabad,Online,Credit Card,2,19195.45,0.2,38390.9,30712.72,0,3495.49,2025,12,December,Wednesday,38390.9,30712.72
2025-12-24,ORD048046,CUST01341,P004,Smartwatch,Electronics,Mumbai,Online,Net Banking,2,6636.83,0.05,13273.66,12609.98,0,959.07,2025,12,December,Wednesday,13273.66,12609.976999999999
2025-12-24,ORD035794,CUST00115,P005,Office Chair,Furniture,Kolkata,Online,UPI,1,9325.28,0.1,9325.28,8392.75,0,1821.57,2025,12,December,Wednesday,9325.28,8392.752
2025-12-24,ORD010015,CUST02384,P019,Vacuum Cleaner,Home,Hyderabad,Store,UPI,2,8260.39,0.2,16520.78,13216.62,0,2491.48,2025,12,December,Wednesday,16520.78,13216.624
2025-12-24,ORD034780,CUST00026,P019,Vacuum Cleaner,Home,Pune,Store,UPI,1,9450.0,0.15,9450.0,8032.5,0,532.22,2025,12,December,Wednesday,9450.0,8032.5
2025-12-24,ORD014806,CUST04028,P017,Jeans,Fashion,Chennai,Online,Credit Card,1,2734.13,0.2,2734.13,2187.3,0,473.75,2025,12,December,Wednesday,2734.13,2187.304
2025-12-24,ORD047099,CUST02499,P018,Jacket,Fashion,Hyderabad,Online,Credit Card,1,4680.85,0.25,4680.85,3510.64,0,688.37,2025,12,December,Wednesday,4680.85,3510.6375000000003
2025-12-24,ORD045758,CUST04905,P005,Office Chair,Furniture,Chennai,Store,Credit Card,1,8637.91,0.2,8637.91,6910.33,1,-345.52,2025,12,December,Wednesday,8637.91,6910.328
2025-12-24,ORD011801,CUST00790,P004,Smartwatch,Electronics,Delhi,Online,Credit Card,1,6424.86,0.25,6424.86,4818.64,0,1178.44,2025,12,December,Wednesday,6424.86,4818.6449999999995
2025-12-24,ORD014127,CUST03622,P016,Sofa,Furniture,Surat,Store,Debit Card,2,38035.95,0.2,76071.9,60857.52,0,12068.44,2025,12,December,Wednesday,76071.9,60857.52
2025-12-24,ORD022019,CUST04235,P013,Monitor,Electronics,Delhi,Online,Credit Card,2,19653.69,0.0,39307.38,39307.38,0,8847.92,2025,12,December,Wednesday,39307.38,39307.38
2025-12-24,ORD028514,CUST01797,P003,Headphones,Electronics,Surat,Store,Cash,1,4613.49,0.1,4613.49,4152.14,0,778.08,2025,12,December,Wednesday,4613.49,4152.141
2025-12-24,ORD049867,CUST00497,P010,Coffee Maker,Home,Kolkata,Online,Credit Card,1,6013.71,0.0,6013.71,6013.71,0,1151.68,2025,12,December,Wednesday,6013.71,6013.71
2025-12-24,ORD019542,CUST03589,P004,Smartwatch,Electronics,Bengaluru,Store,UPI,2,6750.9,0.05,13501.8,12826.71,0,3036.01,2025,12,December,Wednesday,13501.8,12826.71
2025-12-24,ORD001745,CUST03303,P008,Running Shoes,Fashion,Hyderabad,Store,Credit Card,2,4021.83,0.05,8043.66,7641.48,0,1139.83,2025,12,December,Wednesday,8043.66,7641.477
2025-12-24,ORD017891,CUST02201,P016,Sofa,Furniture,Pune,Online,Credit Card,1,38021.49,0.2,38021.49,30417.19,0,3319.52,2025,12,December,Wednesday,38021.49,30417.192
2025-12-24,ORD039851,CUST02006,P009,T-Shirt,Fashion,Jaipur,Online,Credit Card,1,1207.54,0.1,1207.54,1086.79,0,100.34,2025,12,December,Wednesday,1207.54,1086.786
2025-12-24,ORD003400,CUST00218,P007,Backpack,Accessories,Pune,Store,UPI,1,2307.92,0.15,2307.92,1961.73,0,500.21,2025,12,December,Wednesday,2307.92,1961.732
2025-12-24,ORD049325,CUST04162,P015,Dining Table,Furniture,Chennai,Online,Credit Card,3,22341.45,0.1,67024.35,60321.92,0,12960.44,2025,12,December,Wednesday,67024.35,60321.91500000001
2025-12-24,ORD019451,CUST04659,P020,Microwave,Home,Mumbai,Online,Debit Card,1,11100.61,0.25,11100.61,8325.46,0,869.54,2025,12,December,Wednesday,11100.61,8325.4575
2025-12-24,ORD038962,CUST00874,P014,Keyboard,Electronics,Surat,Online,Debit Card,1,2463.41,0.1,2463.41,2217.07,0,199.0,2025,12,December,Wednesday,2463.41,2217.069
2025-12-24,ORD049883,CUST03983,P020,Microwave,Home,Kolkata,Store,Credit Card,2,10859.47,0.15,21718.94,18461.1,0,1727.54,2025,12,December,Wednesday,21718.94,18461.099
2025-12-24,ORD010540,CUST02648,P012,Air Fryer,Home,Surat,Store,Credit Card,5,7532.49,0.0,37662.45,37662.45,0,4038.49,2025,12,December,Wednesday,37662.45,37662.45
2025-12-24,ORD040146,CUST03189,P015,Dining Table,Furniture,Jaipur,Online,Debit Card,2,21036.99,0.1,42073.98,37866.58,1,-1893.33,2025,12,December,Wednesday,42073.98,37866.582
2025-12-24,ORD014776,CUST02406,P012,Air Fryer,Home,Surat,Store,Debit Card,4,7690.28,0.15,30761.12,26146.95,0,6905.13,2025,12,December,Wednesday,30761.12,26146.951999999997
2025-12-24,ORD041619,CUST02841,P020,Microwave,Home,Mumbai,Online,Credit Card,1,11039.67,0.0,11039.67,11039.67,0,1376.81,2025,12,December,Wednesday,11039.67,11039.67
2025-12-24,ORD027280,CUST00731,P019,Vacuum Cleaner,Home,Pune,Store,UPI,2,8716.96,0.05,17433.92,16562.22,0,2096.53,2025,12,December,Wednesday,17433.92,16562.224
2025-12-24,ORD046607,CUST04570,P012,Air Fryer,Home,Mumbai,Online,Credit Card,1,7888.85,0.1,7888.85,7099.96,0,1660.75,2025,12,December,Wednesday,7888.85,7099.965
2025-12-24,ORD022287,CUST03589,P003,Headphones,Electronics,Jaipur,Store,UPI,1,4740.43,0.1,4740.43,4266.39,1,-213.32,2025,12,December,Wednesday,4740.43,4266.387000000001
2025-12-24,ORD037306,CUST04252,P009,T-Shirt,Fashion,Jaipur,Store,Credit Card,1,1139.51,0.0,1139.51,1139.51,0,280.71,2025,12,December,Wednesday,1139.51,1139.51
2025-12-25,ORD012841,CUST03524,P006,Desk,Furniture,Pune,Store,UPI,1,12033.83,0.0,12033.83,12033.83,0,2155.37,2025,12,December,Thursday,12033.83,12033.83
2025-12-25,ORD046822,CUST00986,P019,Vacuum Cleaner,Home,Hyderabad,Store,Credit Card,2,9348.86,0.1,18697.72,16827.95,0,3473.92,2025,12,December,Thursday,18697.72,16827.948
2025-12-25,ORD028813,CUST01621,P013,Monitor,Electronics,Delhi,Online,Credit Card,1,18513.76,0.05,18513.76,17588.07,1,-879.4,2025,12,December,Thursday,18513.76,17588.071999999996
2025-12-25,ORD035396,CUST01311,P001,Laptop,Electronics,Delhi,Online,UPI,4,66246.48,0.1,264985.92,238487.33,0,44930.26,2025,12,December,Thursday,264985.92,238487.32799999998
2025-12-25,ORD012011,CUST01357,P012,Air Fryer,Home,Mumbai,Online,UPI,1,6826.03,0.15,6826.03,5802.13,0,300.03,2025,12,December,Thursday,6826.03,5802.125499999999
2025-12-25,ORD039361,CUST02810,P011,Mixer Grinder,Home,Delhi,Store,Net Banking,1,4721.88,0.05,4721.88,4485.79,0,1293.68,2025,12,December,Thursday,4721.88,4485.786
2025-12-25,ORD025187,CUST02673,P020,Microwave,Home,Jaipur,Online,Debit Card,2,10984.67,0.1,21969.34,19772.41,0,1527.5,2025,12,December,Thursday,21969.34,19772.406
2025-12-25,ORD023143,CUST04461,P006,Desk,Furniture,Ahmedabad,Store,Credit Card,1,11681.24,0.05,11681.24,11097.18,0,1336.75,2025,12,December,Thursday,11681.24,11097.178
2025-12-25,ORD023494,CUST02260,P002,Smartphone,Electronics,Bengaluru,Store,UPI,1,26056.81,0.0,26056.81,26056.81,0,2567.03,2025,12,December,Thursday,26056.81,26056.81
2025-12-25,ORD025269,CUST01578,P007,Backpack,Accessories,Kolkata,Online,Credit Card,1,2321.81,0.05,2321.81,2205.72,0,161.84,2025,12,December,Thursday,2321.81,2205.7194999999997
2025-12-25,ORD037986,CUST03325,P003,Headphones,Electronics,Ahmedabad,Store,UPI,1,4599.88,0.15,4599.88,3909.9,0,738.59,2025,12,December,Thursday,4599.88,3909.898
2025-12-25,ORD006022,CUST01484,P013,Monitor,Electronics,Mumbai,Online,Credit Card,2,17437.37,0.15,34874.74,29643.53,0,5133.04,2025,12,December,Thursday,34874.74,29643.529
2025-12-25,ORD007181,CUST01639,P003,Headphones,Electronics,Jaipur,Online,Credit Card,2,4474.84,0.1,8949.68,8054.71,0,2013.18,2025,12,December,Thursday,8949.68,8054.712
2025-12-25,ORD021384,CUST04128,P009,T-Shirt,Fashion,Kolkata,Store,Credit Card,2,1201.7,0.0,2403.4,2403.4,0,666.88,2025,12,December,Thursday,2403.4,2403.4
2025-12-25,ORD035886,CUST02181,P004,Smartwatch,Electronics,Kolkata,Online,Credit Card,2,7066.14,0.1,14132.28,12719.05,0,3434.36,2025,12,December,Thursday,14132.28,12719.052000000001
2025-12-25,ORD049932,CUST03011,P019,Vacuum Cleaner,Home,Kolkata,Online,UPI,5,8378.79,0.15,41893.95,35609.86,0,2097.93,2025,12,December,Thursday,41893.950000000004,35609.8575
2025-12-25,ORD047255,CUST03710,P016,Sofa,Furniture,Chennai,Store,UPI,2,36218.17,0.05,72436.34,68814.52,0,13012.84,2025,12,December,Thursday,72436.34,68814.52299999999
2025-12-25,ORD039949,CUST00355,P012,Air Fryer,Home,Delhi,Online,Credit Card,4,6769.5,0.05,27078.0,25724.1,0,3241.24,2025,12,December,Thursday,27078.0,25724.1
2025-12-25,ORD030569,CUST04198,P018,Jacket,Fashion,Bengaluru,Online,Credit Card,1,5069.81,0.05,5069.81,4816.32,0,1134.46,2025,12,December,Thursday,5069.81,4816.3195000000005
2025-12-25,ORD003140,CUST02885,P009,T-Shirt,Fashion,Pune,Online,Cash,3,1085.99,0.0,3257.97,3257.97,0,353.76,2025,12,December,Thursday,3257.9700000000003,3257.97
2025-12-25,ORD028782,CUST04650,P016,Sofa,Furniture,Surat,Store,Credit Card,1,36933.81,0.05,36933.81,35087.12,0,10015.63,2025,12,December,Thursday,36933.81,35087.11949999999
2025-12-25,ORD021514,CUST00093,P005,Office Chair,Furniture,Ahmedabad,Store,Credit Card,1,10140.94,0.25,10140.94,7605.7,0,413.4,2025,12,December,Thursday,10140.94,7605.705
2025-12-25,ORD007234,CUST04673,P006,Desk,Furniture,Bengaluru,Online,UPI,1,10988.03,0.0,10988.03,10988.03,0,2902.34,2025,12,December,Thursday,10988.03,10988.03
2025-12-25,ORD038256,CUST00219,P007,Backpack,Accessories,Pune,Store,UPI,1,2183.92,0.1,2183.92,1965.53,0,430.74,2025,12,December,Thursday,2183.92,1965.528
2025-12-25,ORD043024,CUST02169,P010,Coffee Maker,Home,Surat,Online,UPI,4,5006.87,0.1,20027.48,18024.73,1,-901.24,2025,12,December,Thursday,20027.48,18024.732
2025-12-25,ORD044100,CUST04496,P008,Running Shoes,Fashion,Surat,Online,Credit Card,1,4462.92,0.2,4462.92,3570.34,1,-178.52,2025,12,December,Thursday,4462.92,3570.3360000000002
2025-12-25,ORD017541,CUST03174,P008,Running Shoes,Fashion,Surat,Store,Credit Card,3,4533.94,0.05,13601.82,12921.73,0,2415.04,2025,12,December,Thursday,13601.82,12921.729
2025-12-25,ORD002951,CUST00360,P005,Office Chair,Furniture,Delhi,Store,Credit Card,1,10296.78,0.05,10296.78,9781.94,0,2710.18,2025,12,December,Thursday,10296.78,9781.941
2025-12-25,ORD032501,CUST03969,P004,Smartwatch,Electronics,Delhi,Store,Net Banking,1,6332.99,0.0,6332.99,6332.99,0,1828.33,2025,12,December,Thursday,6332.99,6332.99
2025-12-25,ORD008180,CUST02076,P003,Headphones,Electronics,Chennai,Store,Credit Card,1,4426.43,0.15,4426.43,3762.47,1,-188.12,2025,12,December,Thursday,4426.43,3762.4655000000002
2025-12-25,ORD041979,CUST01286,P013,Monitor,Electronics,Kolkata,Store,Credit Card,1,18043.59,0.15,18043.59,15337.05,0,1119.12,2025,12,December,Thursday,18043.59,15337.0515
2025-12-25,ORD034407,CUST00240,P020,Microwave,Home,Kolkata,Online,Cash,3,10673.17,0.1,32019.51,28817.56,0,2258.19,2025,12,December,Thursday,32019.510000000002,28817.558999999997
2025-12-25,ORD021692,CUST00600,P011,Mixer Grinder,Home,Pune,Online,Debit Card,3,4371.39,0.15,13114.17,11147.04,1,-557.35,2025,12,December,Thursday,13114.170000000002,11147.0445
2025-12-25,ORD033285,CUST00874,P013,Monitor,Electronics,Surat,Store,Net Banking,3,18486.82,0.05,55460.46,52687.44,0,13312.35,2025,12,December,Thursday,55460.46,52687.437
2025-12-25,ORD005678,CUST01022,P005,Office Chair,Furniture,Mumbai,Store,Debit Card,2,9478.26,0.15,18956.52,16113.04,0,2664.36,2025,12,December,Thursday,18956.52,16113.042
2025-12-25,ORD022595,CUST01791,P019,Vacuum Cleaner,Home,Chennai,Online,Net Banking,1,9839.81,0.15,9839.81,8363.84,0,1542.14,2025,12,December,Thursday,9839.81,8363.8385
2025-12-25,ORD028875,CUST00514,P002,Smartphone,Electronics,Chennai,Store,Debit Card,1,27098.75,0.1,27098.75,24388.88,0,2573.68,2025,12,December,Thursday,27098.75,24388.875
2025-12-25,ORD016416,CUST00575,P007,Backpack,Accessories,Mumbai,Online,Debit Card,1,2197.47,0.1,2197.47,1977.72,0,526.25,2025,12,December,Thursday,2197.47,1977.723
2025-12-25,ORD023406,CUST00934,P020,Microwave,Home,Hyderabad,Online,UPI,1,11544.18,0.1,11544.18,10389.76,0,1717.9,2025,12,December,Thursday,11544.18,10389.762
2025-12-25,ORD012128,CUST01019,P017,Jeans,Fashion,Ahmedabad,Online,Debit Card,1,2823.49,0.15,2823.49,2399.97,0,557.72,2025,12,December,Thursday,2823.49,2399.9664999999995
2025-12-25,ORD009755,CUST00366,P002,Smartphone,Electronics,Jaipur,Online,Cash,2,27459.99,0.1,54919.98,49427.98,0,13421.47,2025,12,December,Thursday,54919.98,49427.982
2025-12-25,ORD038922,CUST04921,P010,Coffee Maker,Home,Pune,Store,Debit Card,1,5852.66,0.2,5852.66,4682.13,0,772.44,2025,12,December,Thursday,5852.66,4682.128
2025-12-25,ORD022282,CUST04017,P005,Office Chair,Furniture,Surat,Online,Credit Card,1,9100.22,0.25,9100.22,6825.16,0,1341.59,2025,12,December,Thursday,9100.22,6825.164999999999
2025-12-25,ORD005315,CUST01294,P020,Microwave,Home,Bengaluru,Online,Credit Card,5,11960.16,0.1,59800.8,53820.72,0,12488.56,2025,12,December,Thursday,59800.8,53820.72
2025-12-25,ORD036729,CUST02711,P006,Desk,Furniture,Mumbai,Online,UPI,1,12919.2,0.1,12919.2,11627.28,0,1034.33,2025,12,December,Thursday,12919.2,11627.28
2025-12-25,ORD016797,CUST02729,P015,Dining Table,Furniture,Kolkata,Online,UPI,3,20179.54,0.2,60538.62,48430.9,0,2173.55,2025,12,December,Thursday,60538.62,48430.89600000001
2025-12-25,ORD025378,CUST02022,P009,T-Shirt,Fashion,Chennai,Store,Net Banking,1,1275.19,0.1,1275.19,1147.67,0,179.97,2025,12,December,Thursday,1275.19,1147.671
2025-12-25,ORD033630,CUST00868,P019,Vacuum Cleaner,Home,Surat,Online,Debit Card,4,8415.03,0.05,33660.12,31977.11,0,2586.27,2025,12,December,Thursday,33660.12,31977.114
2025-12-25,ORD015182,CUST04803,P018,Jacket,Fashion,Mumbai,Online,UPI,3,4900.51,0.0,14701.53,14701.53,0,1408.04,2025,12,December,Thursday,14701.53,14701.53
2025-12-25,ORD010817,CUST00289,P013,Monitor,Electronics,Pune,Online,Credit Card,1,17216.94,0.05,17216.94,16356.09,0,4208.73,2025,12,December,Thursday,17216.94,16356.092999999997
2025-12-25,ORD029732,CUST04231,P018,Jacket,Fashion,Delhi,Store,Credit Card,1,4911.67,0.1,4911.67,4420.5,0,923.76,2025,12,December,Thursday,4911.67,4420.503000000001
2025-12-25,ORD027143,CUST03579,P019,Vacuum Cleaner,Home,Kolkata,Online,Credit Card,4,9178.28,0.05,36713.12,34877.46,0,6342.74,2025,12,December,Thursday,36713.12,34877.464
2025-12-25,ORD046540,CUST02720,P003,Headphones,Electronics,Pune,Online,Credit Card,1,4685.76,0.0,4685.76,4685.76,0,721.28,2025,12,December,Thursday,4685.76,4685.76
2025-12-25,ORD014350,CUST03264,P014,Keyboard,Electronics,Chennai,Online,UPI,1,2307.9,0.1,2307.9,2077.11,0,564.4,2025,12,December,Thursday,2307.9,2077.11
2025-12-25,ORD024081,CUST03923,P006,Desk,Furniture,Hyderabad,Online,Cash,1,12132.73,0.05,12132.73,11526.09,0,1215.15,2025,12,December,Thursday,12132.73,11526.093499999999
2025-12-25,ORD010553,CUST04209,P005,Office Chair,Furniture,Kolkata,Store,UPI,1,10131.34,0.0,10131.34,10131.34,0,1245.43,2025,12,December,Thursday,10131.34,10131.34
2025-12-25,ORD041779,CUST02388,P014,Keyboard,Electronics,Mumbai,Store,Cash,1,2471.2,0.2,2471.2,1976.96,0,167.09,2025,12,December,Thursday,2471.2,1976.96
2025-12-25,ORD029827,CUST02200,P013,Monitor,Electronics,Ahmedabad,Store,Credit Card,1,18844.17,0.05,18844.17,17901.96,0,4973.45,2025,12,December,Thursday,18844.17,17901.961499999998
2025-12-25,ORD000863,CUST00988,P020,Microwave,Home,Mumbai,Online,Credit Card,1,10760.4,0.25,10760.4,8070.3,0,401.59,2025,12,December,Thursday,10760.4,8070.299999999999
2025-12-25,ORD023365,CUST04649,P020,Microwave,Home,Delhi,Online,UPI,2,10071.45,0.2,20142.9,16114.32,0,1059.31,2025,12,December,Thursday,20142.9,16114.320000000002
2025-12-25,ORD037583,CUST04947,P004,Smartwatch,Electronics,Chennai,Online,Debit Card,3,7069.16,0.15,21207.48,18026.36,0,1872.84,2025,12,December,Thursday,21207.48,18026.358
2025-12-25,ORD038666,CUST01278,P001,Laptop,Electronics,Kolkata,Store,UPI,1,64572.28,0.05,64572.28,61343.67,0,13049.26,2025,12,December,Thursday,64572.28,61343.666
2025-12-25,ORD046684,CUST02393,P009,T-Shirt,Fashion,Ahmedabad,Online,UPI,4,1124.11,0.05,4496.44,4271.62,0,1098.2,2025,12,December,Thursday,4496.44,4271.6179999999995
2025-12-25,ORD031477,CUST01616,P008,Running Shoes,Fashion,Pune,Online,UPI,1,4360.64,0.0,4360.64,4360.64,0,1030.68,2025,12,December,Thursday,4360.64,4360.64
2025-12-25,ORD019091,CUST01385,P012,Air Fryer,Home,Ahmedabad,Store,Cash,5,6931.99,0.05,34659.95,32926.95,0,8079.44,2025,12,December,Thursday,34659.95,32926.95249999999
2025-12-25,ORD009159,CUST01734,P020,Microwave,Home,Ahmedabad,Online,Credit Card,2,10972.34,0.1,21944.68,19750.21,0,3904.73,2025,12,December,Thursday,21944.68,19750.212
2025-12-25,ORD025770,CUST00859,P010,Coffee Maker,Home,Bengaluru,Online,UPI,1,5752.35,0.1,5752.35,5177.12,0,381.0,2025,12,December,Thursday,5752.35,5177.115000000001
2025-12-25,ORD045070,CUST01049,P003,Headphones,Electronics,Surat,Online,Credit Card,2,4875.27,0.15,9750.54,8287.96,0,2207.06,2025,12,December,Thursday,9750.54,8287.959
2025-12-25,ORD039150,CUST03070,P018,Jacket,Fashion,Hyderabad,Store,UPI,2,5475.93,0.05,10951.86,10404.27,1,-520.21,2025,12,December,Thursday,10951.86,10404.267
2025-12-25,ORD040443,CUST00106,P008,Running Shoes,Fashion,Kolkata,Online,UPI,2,4316.81,0.25,8633.62,6475.22,0,1286.36,2025,12,December,Thursday,8633.62,6475.215
2025-12-25,ORD014112,CUST03266,P004,Smartwatch,Electronics,Kolkata,Online,UPI,2,6744.47,0.0,13488.94,13488.94,0,2821.79,2025,12,December,Thursday,13488.94,13488.94
2025-12-25,ORD012839,CUST02788,P010,Coffee Maker,Home,Delhi,Store,Debit Card,1,5554.31,0.1,5554.31,4998.88,0,1246.19,2025,12,December,Thursday,5554.31,4998.879000000001
2025-12-25,ORD002756,CUST03755,P017,Jeans,Fashion,Mumbai,Online,UPI,3,3068.74,0.05,9206.22,8745.91,0,1413.98,2025,12,December,Thursday,9206.22,8745.909
2025-12-25,ORD009116,CUST00125,P007,Backpack,Accessories,Pune,Online,Cash,1,2287.55,0.25,2287.55,1715.66,0,90.98,2025,12,December,Thursday,2287.55,1715.6625000000001
2025-12-25,ORD021087,CUST04112,P005,Office Chair,Furniture,Jaipur,Online,UPI,5,9243.52,0.0,46217.6,46217.6,0,10285.66,2025,12,December,Thursday,46217.600000000006,46217.6
2025-12-25,ORD037786,CUST04686,P005,Office Chair,Furniture,Hyderabad,Online,Debit Card,2,9203.04,0.05,18406.08,17485.78,0,1716.52,2025,12,December,Thursday,18406.08,17485.776
2025-12-25,ORD002832,CUST04297,P011,Mixer Grinder,Home,Jaipur,Online,UPI,1,5016.16,0.1,5016.16,4514.54,1,-225.73,2025,12,December,Thursday,5016.16,4514.544
2025-12-25,ORD046973,CUST00114,P001,Laptop,Electronics,Bengaluru,Online,UPI,1,61197.2,0.05,61197.2,58137.34,1,-2906.87,2025,12,December,Thursday,61197.2,58137.34
2025-12-25,ORD028631,CUST02403,P007,Backpack,Accessories,Kolkata,Online,Debit Card,1,2219.11,0.1,2219.11,1997.2,0,388.35,2025,12,December,Thursday,2219.11,1997.199
2025-12-25,ORD032103,CUST03911,P008,Running Shoes,Fashion,Mumbai,Store,Cash,2,3931.03,0.05,7862.06,7468.96,0,1318.13,2025,12,December,Thursday,7862.06,7468.957
2025-12-25,ORD027547,CUST03205,P001,Laptop,Electronics,Pune,Online,UPI,1,60226.51,0.0,60226.51,60226.51,0,14901.12,2025,12,December,Thursday,60226.51,60226.51
2025-12-25,ORD003471,CUST02763,P011,Mixer Grinder,Home,Kolkata,Online,UPI,3,4551.87,0.1,13655.61,12290.05,0,2446.34,2025,12,December,Thursday,13655.61,12290.049
2025-12-25,ORD027546,CUST02998,P008,Running Shoes,Fashion,Hyderabad,Online,UPI,1,3974.37,0.1,3974.37,3576.93,0,253.88,2025,12,December,Thursday,3974.37,3576.933
2025-12-26,ORD028482,CUST00319,P005,Office Chair,Furniture,Mumbai,Online,UPI,2,8654.67,0.0,17309.34,17309.34,0,2260.67,2025,12,December,Friday,17309.34,17309.34
2025-12-26,ORD017071,CUST04124,P008,Running Shoes,Fashion,Kolkata,Online,UPI,2,3829.55,0.15,7659.1,6510.24,0,525.04,2025,12,December,Friday,7659.1,6510.235000000001
2025-12-26,ORD000125,CUST00117,P014,Keyboard,Electronics,Bengaluru,Store,UPI,1,2373.77,0.1,2373.77,2136.39,0,234.19,2025,12,December,Friday,2373.77,2136.393
2025-12-26,ORD039528,CUST03327,P008,Running Shoes,Fashion,Bengaluru,Online,Credit Card,2,3873.49,0.05,7746.98,7359.63,0,1378.25,2025,12,December,Friday,7746.98,7359.630999999999
2025-12-26,ORD023178,CUST01232,P003,Headphones,Electronics,Ahmedabad,Store,UPI,1,4408.72,0.2,4408.72,3526.98,0,463.09,2025,12,December,Friday,4408.72,3526.9760000000006
2025-12-26,ORD041134,CUST01542,P005,Office Chair,Furniture,Ahmedabad,Store,Cash,2,10112.02,0.0,20224.04,20224.04,1,-1011.2,2025,12,December,Friday,20224.04,20224.04
2025-12-26,ORD001900,CUST03823,P020,Microwave,Home,Mumbai,Online,UPI,1,10118.52,0.05,10118.52,9612.59,0,1077.46,2025,12,December,Friday,10118.52,9612.594
2025-12-26,ORD027858,CUST00379,P007,Backpack,Accessories,Mumbai,Online,UPI,2,2332.32,0.15,4664.64,3964.94,0,852.3,2025,12,December,Friday,4664.64,3964.944
2025-12-26,ORD047926,CUST04429,P011,Mixer Grinder,Home,Bengaluru,Store,Credit Card,2,5102.6,0.2,10205.2,8164.16,0,390.13,2025,12,December,Friday,10205.2,8164.160000000001
2025-12-26,ORD049649,CUST03937,P019,Vacuum Cleaner,Home,Ahmedabad,Online,UPI,1,9266.97,0.1,9266.97,8340.27,0,827.43,2025,12,December,Friday,9266.97,8340.273
2025-12-26,ORD023129,CUST00747,P018,Jacket,Fashion,Jaipur,Store,Debit Card,2,5017.07,0.1,10034.14,9030.73,0,803.15,2025,12,December,Friday,10034.14,9030.726
2025-12-26,ORD018658,CUST00217,P002,Smartphone,Electronics,Chennai,Online,Debit Card,1,29951.19,0.0,29951.19,29951.19,0,8771.69,2025,12,December,Friday,29951.19,29951.19
2025-12-26,ORD004760,CUST02026,P018,Jacket,Fashion,Delhi,Store,Credit Card,1,5316.45,0.1,5316.45,4784.8,0,738.75,2025,12,December,Friday,5316.45,4784.805
2025-12-26,ORD032865,CUST01837,P013,Monitor,Electronics,Mumbai,Online,Cash,1,16426.58,0.2,16426.58,13141.26,0,2979.66,2025,12,December,Friday,16426.58,13141.264000000003
2025-12-26,ORD025463,CUST02224,P001,Laptop,Electronics,Surat,Store,Credit Card,5,63415.03,0.0,317075.15,317075.15,0,38694.27,2025,12,December,Friday,317075.15,317075.15
2025-12-26,ORD034665,CUST04626,P002,Smartphone,Electronics,Mumbai,Store,UPI,1,25673.0,0.25,25673.0,19254.75,0,1613.87,2025,12,December,Friday,25673.0,19254.75
2025-12-26,ORD009817,CUST01123,P012,Air Fryer,Home,Kolkata,Online,Cash,1,7855.99,0.15,7855.99,6677.59,0,1448.2,2025,12,December,Friday,7855.99,6677.5914999999995
2025-12-26,ORD001199,CUST02675,P019,Vacuum Cleaner,Home,Delhi,Online,UPI,1,9557.26,0.1,9557.26,8601.53,0,2118.25,2025,12,December,Friday,9557.26,8601.534
2025-12-26,ORD048940,CUST00831,P015,Dining Table,Furniture,Mumbai,Online,Debit Card,1,20934.18,0.0,20934.18,20934.18,1,-1046.71,2025,12,December,Friday,20934.18,20934.18
2025-12-26,ORD025724,CUST04733,P012,Air Fryer,Home,Pune,Online,Credit Card,2,6603.38,0.1,13206.76,11886.08,0,1439.22,2025,12,December,Friday,13206.76,11886.084
2025-12-26,ORD042786,CUST00331,P008,Running Shoes,Fashion,Mumbai,Online,Credit Card,2,4131.56,0.05,8263.12,7849.96,0,2033.92,2025,12,December,Friday,8263.12,7849.964
2025-12-26,ORD031317,CUST02355,P016,Sofa,Furniture,Bengaluru,Online,UPI,1,33694.51,0.0,33694.51,33694.51,0,9460.24,2025,12,December,Friday,33694.51,33694.51
2025-12-26,ORD032525,CUST04998,P012,Air Fryer,Home,Bengaluru,Online,Debit Card,2,7354.64,0.0,14709.28,14709.28,0,4399.38,2025,12,December,Friday,14709.28,14709.28
2025-12-26,ORD017584,CUST04276,P016,Sofa,Furniture,Jaipur,Store,UPI,1,33318.22,0.05,33318.22,31652.31,0,4945.69,2025,12,December,Friday,33318.22,31652.309
2025-12-26,ORD048501,CUST04178,P019,Vacuum Cleaner,Home,Delhi,Online,Credit Card,1,9306.33,0.05,9306.33,8841.01,0,963.04,2025,12,December,Friday,9306.33,8841.0135
2025-12-26,ORD042246,CUST02212,P010,Coffee Maker,Home,Pune,Store,Credit Card,2,5294.83,0.1,10589.66,9530.69,1,-476.53,2025,12,December,Friday,10589.66,9530.694
2025-12-26,ORD048289,CUST03300,P006,Desk,Furniture,Delhi,Online,UPI,3,12927.26,0.0,38781.78,38781.78,0,10227.04,2025,12,December,Friday,38781.78,38781.78
2025-12-26,ORD015198,CUST03200,P016,Sofa,Furniture,Kolkata,Store,Debit Card,1,32489.08,0.05,32489.08,30864.63,0,6998.17,2025,12,December,Friday,32489.08,30864.626
2025-12-26,ORD046068,CUST03329,P017,Jeans,Fashion,Surat,Online,UPI,2,2915.6,0.0,5831.2,5831.2,0,521.05,2025,12,December,Friday,5831.2,5831.2
2025-12-26,ORD040279,CUST01320,P006,Desk,Furniture,Jaipur,Online,Cash,1,12626.84,0.15,12626.84,10732.81,0,601.24,2025,12,December,Friday,12626.84,10732.814
2025-12-26,ORD048739,CUST02943,P007,Backpack,Accessories,Jaipur,Online,UPI,1,2272.53,0.0,2272.53,2272.53,0,255.31,2025,12,December,Friday,2272.53,2272.53
2025-12-26,ORD036361,CUST02894,P016,Sofa,Furniture,Pune,Online,Credit Card,2,35046.38,0.0,70092.76,70092.76,0,17073.92,2025,12,December,Friday,70092.76,70092.76
2025-12-26,ORD027311,CUST01161,P010,Coffee Maker,Home,Pune,Online,Credit Card,2,5742.82,0.1,11485.64,10337.08,0,1870.38,2025,12,December,Friday,11485.64,10337.076
2025-12-26,ORD041359,CUST00195,P011,Mixer Grinder,Home,Surat,Online,Net Banking,1,4501.89,0.1,4501.89,4051.7,0,619.08,2025,12,December,Friday,4501.89,4051.7010000000005
2025-12-26,ORD020431,CUST01275,P003,Headphones,Electronics,Bengaluru,Online,Credit Card,1,4237.27,0.0,4237.27,4237.27,0,708.26,2025,12,December,Friday,4237.27,4237.27
2025-12-26,ORD027680,CUST00644,P004,Smartwatch,Electronics,Surat,Store,Credit Card,1,7678.85,0.05,7678.85,7294.91,0,1258.51,2025,12,December,Friday,7678.85,7294.9075
2025-12-26,ORD010901,CUST04198,P004,Smartwatch,Electronics,Hyderabad,Online,Credit Card,1,7383.41,0.1,7383.41,6645.07,0,596.47,2025,12,December,Friday,7383.41,6645.069
2025-12-26,ORD039759,CUST01012,P012,Air Fryer,Home,Kolkata,Online,Credit Card,1,6740.07,0.05,6740.07,6403.07,0,996.26,2025,12,December,Friday,6740.07,6403.066499999999
2025-12-26,ORD038528,CUST01306,P003,Headphones,Electronics,Chennai,Online,Net Banking,1,4769.75,0.0,4769.75,4769.75,0,954.82,2025,12,December,Friday,4769.75,4769.75
2025-12-26,ORD041392,CUST00146,P016,Sofa,Furniture,Jaipur,Store,Net Banking,1,31758.25,0.1,31758.25,28582.42,0,2863.85,2025,12,December,Friday,31758.25,28582.425
2025-12-26,ORD003631,CUST02110,P010,Coffee Maker,Home,Hyderabad,Online,Credit Card,1,4981.46,0.05,4981.46,4732.39,0,416.83,2025,12,December,Friday,4981.46,4732.387
2025-12-26,ORD005630,CUST04682,P020,Microwave,Home,Kolkata,Online,Debit Card,1,11715.15,0.0,11715.15,11715.15,0,2078.15,2025,12,December,Friday,11715.15,11715.15
2025-12-26,ORD022299,CUST02649,P013,Monitor,Electronics,Kolkata,Online,UPI,2,19342.26,0.0,38684.52,38684.52,1,-1934.23,2025,12,December,Friday,38684.52,38684.52
2025-12-26,ORD032655,CUST00902,P020,Microwave,Home,Surat,Store,Credit Card,1,11213.95,0.0,11213.95,11213.95,0,1338.61,2025,12,December,Friday,11213.95,11213.95
2025-12-26,ORD000700,CUST01039,P015,Dining Table,Furniture,Surat,Online,UPI,1,19944.97,0.05,19944.97,18947.72,0,3511.28,2025,12,December,Friday,19944.97,18947.7215
2025-12-26,ORD010777,CUST02868,P006,Desk,Furniture,Pune,Online,Debit Card,1,11156.62,0.15,11156.62,9483.13,0,1652.03,2025,12,December,Friday,11156.62,9483.127
2025-12-26,ORD025077,CUST03923,P003,Headphones,Electronics,Chennai,Online,UPI,2,4088.24,0.1,8176.48,7358.83,0,501.35,2025,12,December,Friday,8176.48,7358.831999999999
2025-12-26,ORD021119,CUST00581,P009,T-Shirt,Fashion,Pune,Online,Debit Card,4,1156.5,0.05,4626.0,4394.7,0,414.43,2025,12,December,Friday,4626.0,4394.7
2025-12-26,ORD033510,CUST03296,P010,Coffee Maker,Home,Jaipur,Online,Cash,2,5717.4,0.0,11434.8,11434.8,0,1080.23,2025,12,December,Friday,11434.8,11434.8
2025-12-26,ORD016050,CUST00301,P014,Keyboard,Electronics,Pune,Online,Debit Card,4,2470.87,0.15,9883.48,8400.96,0,1187.43,2025,12,December,Friday,9883.48,8400.957999999999
2025-12-26,ORD043562,CUST03075,P008,Running Shoes,Fashion,Kolkata,Store,UPI,1,3888.85,0.05,3888.85,3694.41,0,287.71,2025,12,December,Friday,3888.85,3694.4075
2025-12-26,ORD029017,CUST03734,P010,Coffee Maker,Home,Hyderabad,Online,Debit Card,4,5026.05,0.05,20104.2,19098.99,1,-954.95,2025,12,December,Friday,20104.2,19098.99
2025-12-26,ORD010464,CUST03259,P003,Headphones,Electronics,Bengaluru,Online,Credit Card,4,4240.3,0.15,16961.2,14417.02,0,1693.3,2025,12,December,Friday,16961.2,14417.02
2025-12-26,ORD004731,CUST00674,P020,Microwave,Home,Ahmedabad,Online,UPI,1,11671.41,0.1,11671.41,10504.27,0,2592.36,2025,12,December,Friday,11671.41,10504.269
2025-12-26,ORD035637,CUST04440,P006,Desk,Furniture,Chennai,Online,Net Banking,2,11364.2,0.2,22728.4,18182.72,0,3322.79,2025,12,December,Friday,22728.4,18182.72
2025-12-26,ORD044451,CUST01683,P014,Keyboard,Electronics,Bengaluru,Online,UPI,2,2598.24,0.0,5196.48,5196.48,0,1181.18,2025,12,December,Friday,5196.48,5196.48
2025-12-26,ORD033422,CUST00218,P020,Microwave,Home,Chennai,Store,Credit Card,1,10407.6,0.15,10407.6,8846.46,0,2241.27,2025,12,December,Friday,10407.6,8846.460000000001
2025-12-26,ORD040249,CUST01022,P018,Jacket,Fashion,Surat,Store,UPI,2,4793.66,0.15,9587.32,8149.22,0,1865.32,2025,12,December,Friday,9587.32,8149.222
2025-12-26,ORD008503,CUST02599,P004,Smartwatch,Electronics,Hyderabad,Online,Debit Card,5,7323.45,0.0,36617.25,36617.25,0,8276.0,2025,12,December,Friday,36617.25,36617.25
2025-12-26,ORD046814,CUST01191,P014,Keyboard,Electronics,Kolkata,Online,Net Banking,1,2451.98,0.0,2451.98,2451.98,0,424.03,2025,12,December,Friday,2451.98,2451.98
2025-12-26,ORD028428,CUST00571,P019,Vacuum Cleaner,Home,Pune,Store,UPI,1,8190.71,0.2,8190.71,6552.57,0,621.02,2025,12,December,Friday,8190.71,6552.568
2025-12-26,ORD046164,CUST01110,P018,Jacket,Fashion,Chennai,Online,Debit Card,2,5127.45,0.2,10254.9,8203.92,0,452.95,2025,12,December,Friday,10254.9,8203.92
2025-12-26,ORD046168,CUST01288,P011,Mixer Grinder,Home,Mumbai,Online,UPI,2,4643.04,0.0,9286.08,9286.08,0,1536.84,2025,12,December,Friday,9286.08,9286.08
2025-12-26,ORD031281,CUST02377,P001,Laptop,Electronics,Chennai,Online,Credit Card,3,60255.28,0.1,180765.84,162689.26,0,36953.28,2025,12,December,Friday,180765.84,162689.256
2025-12-26,ORD002044,CUST02786,P013,Monitor,Electronics,Surat,Online,Net Banking,1,16954.09,0.25,16954.09,12715.57,0,2822.02,2025,12,December,Friday,16954.09,12715.567500000001
2025-12-26,ORD048246,CUST04042,P002,Smartphone,Electronics,Kolkata,Online,Net Banking,2,30518.28,0.1,61036.56,54932.9,0,10786.6,2025,12,December,Friday,61036.56,54932.904
2025-12-26,ORD005546,CUST01928,P020,Microwave,Home,Bengaluru,Store,UPI,3,11918.56,0.05,35755.68,33967.9,0,2446.11,2025,12,December,Friday,35755.68,33967.896
2025-12-26,ORD032607,CUST03078,P008,Running Shoes,Fashion,Mumbai,Online,Debit Card,2,3974.66,0.15,7949.32,6756.92,0,685.79,2025,12,December,Friday,7949.32,6756.922
2025-12-26,ORD022804,CUST03507,P009,T-Shirt,Fashion,Pune,Online,UPI,1,1161.63,0.1,1161.63,1045.47,0,191.24,2025,12,December,Friday,1161.63,1045.467
2025-12-27,ORD007061,CUST01314,P015,Dining Table,Furniture,Hyderabad,Online,UPI,1,23155.62,0.0,23155.62,23155.62,0,2214.33,2025,12,December,Saturday,23155.62,23155.62
2025-12-27,ORD041477,CUST03756,P017,Jeans,Fashion,Ahmedabad,Store,Net Banking,1,2852.96,0.1,2852.96,2567.66,0,619.37,2025,12,December,Saturday,2852.96,2567.664
2025-12-27,ORD031673,CUST00528,P019,Vacuum Cleaner,Home,Chennai,Online,Debit Card,3,9109.62,0.1,27328.86,24595.97,0,3349.89,2025,12,December,Saturday,27328.86,24595.974000000002
2025-12-27,ORD046542,CUST01889,P006,Desk,Furniture,Surat,Store,UPI,1,12878.56,0.1,12878.56,11590.7,0,962.09,2025,12,December,Saturday,12878.56,11590.704
2025-12-27,ORD030976,CUST03246,P003,Headphones,Electronics,Surat,Online,UPI,1,4153.82,0.1,4153.82,3738.44,0,230.63,2025,12,December,Saturday,4153.82,3738.4379999999996
2025-12-27,ORD023588,CUST04721,P002,Smartphone,Electronics,Delhi,Store,Credit Card,1,28494.64,0.0,28494.64,28494.64,0,7216.53,2025,12,December,Saturday,28494.64,28494.64
2025-12-27,ORD041803,CUST01701,P020,Microwave,Home,Kolkata,Online,Cash,1,11443.74,0.2,11443.74,9154.99,0,996.72,2025,12,December,Saturday,11443.74,9154.992
2025-12-27,ORD046672,CUST03768,P011,Mixer Grinder,Home,Hyderabad,Online,Debit Card,1,4430.75,0.1,4430.75,3987.68,0,957.32,2025,12,December,Saturday,4430.75,3987.675
2025-12-27,ORD025277,CUST04443,P005,Office Chair,Furniture,Pune,Online,Debit Card,2,9652.95,0.1,19305.9,17375.31,0,1467.89,2025,12,December,Saturday,19305.9,17375.31
2025-12-27,ORD017081,CUST02865,P005,Office Chair,Furniture,Hyderabad,Online,Debit Card,4,9553.84,0.1,38215.36,34393.82,1,-1719.69,2025,12,December,Saturday,38215.36,34393.824
2025-12-27,ORD006691,CUST01822,P001,Laptop,Electronics,Bengaluru,Store,UPI,1,59444.72,0.1,59444.72,53500.25,0,10910.13,2025,12,December,Saturday,59444.72,53500.248
2025-12-27,ORD011137,CUST02030,P008,Running Shoes,Fashion,Chennai,Online,UPI,4,4429.33,0.15,17717.32,15059.72,0,1640.12,2025,12,December,Saturday,17717.32,15059.722
2025-12-27,ORD042021,CUST02836,P013,Monitor,Electronics,Pune,Online,UPI,1,18631.52,0.15,18631.52,15836.79,0,2368.86,2025,12,December,Saturday,18631.52,15836.792
2025-12-27,ORD034484,CUST02648,P017,Jeans,Fashion,Mumbai,Online,Credit Card,1,2536.92,0.2,2536.92,2029.54,0,317.71,2025,12,December,Saturday,2536.92,2029.536
2025-12-27,ORD014269,CUST02443,P012,Air Fryer,Home,Bengaluru,Online,Debit Card,2,6952.11,0.05,13904.22,13209.01,0,1333.61,2025,12,December,Saturday,13904.22,13209.008999999998
2025-12-27,ORD019801,CUST00940,P019,Vacuum Cleaner,Home,Delhi,Store,UPI,1,9148.39,0.0,9148.39,9148.39,0,2121.47,2025,12,December,Saturday,9148.39,9148.39
2025-12-27,ORD034110,CUST00197,P005,Office Chair,Furniture,Chennai,Online,Credit Card,1,8698.58,0.05,8698.58,8263.65,0,1203.48,2025,12,December,Saturday,8698.58,8263.651
2025-12-27,ORD000102,CUST01501,P007,Backpack,Accessories,Bengaluru,Store,UPI,1,2110.83,0.1,2110.83,1899.75,0,519.83,2025,12,December,Saturday,2110.83,1899.747
2025-12-27,ORD000100,CUST02422,P017,Jeans,Fashion,Hyderabad,Store,Cash,1,3008.85,0.1,3008.85,2707.96,0,642.99,2025,12,December,Saturday,3008.85,2707.965
2025-12-27,ORD032693,CUST02457,P018,Jacket,Fashion,Jaipur,Store,Credit Card,4,5710.23,0.1,22840.92,20556.83,0,3282.76,2025,12,December,Saturday,22840.92,20556.827999999998
2025-12-27,ORD019568,CUST00059,P005,Office Chair,Furniture,Jaipur,Store,UPI,2,9775.31,0.0,19550.62,19550.62,0,3575.83,2025,12,December,Saturday,19550.62,19550.62
2025-12-27,ORD042378,CUST01919,P009,T-Shirt,Fashion,Bengaluru,Online,UPI,1,1294.34,0.05,1294.34,1229.62,0,191.14,2025,12,December,Saturday,1294.34,1229.6229999999998
2025-12-27,ORD027737,CUST03966,P006,Desk,Furniture,Delhi,Online,UPI,4,13016.07,0.15,52064.28,44254.64,0,3291.54,2025,12,December,Saturday,52064.28,44254.638
2025-12-27,ORD024539,CUST03123,P015,Dining Table,Furniture,Jaipur,Online,Credit Card,1,23550.37,0.15,23550.37,20017.81,0,2984.52,2025,12,December,Saturday,23550.37,20017.8145
2025-12-27,ORD013261,CUST04120,P019,Vacuum Cleaner,Home,Mumbai,Online,Net Banking,1,8814.26,0.15,8814.26,7492.12,0,1528.78,2025,12,December,Saturday,8814.26,7492.121
2025-12-27,ORD017193,CUST01424,P013,Monitor,Electronics,Chennai,Online,Credit Card,2,19784.56,0.0,39569.12,39569.12,0,11137.0,2025,12,December,Saturday,39569.12,39569.12
2025-12-27,ORD036126,CUST00571,P006,Desk,Furniture,Pune,Online,UPI,1,12004.82,0.0,12004.82,12004.82,0,2642.37,2025,12,December,Saturday,12004.82,12004.82
2025-12-27,ORD048718,CUST04066,P004,Smartwatch,Electronics,Surat,Online,Cash,4,6419.83,0.0,25679.32,25679.32,0,7410.3,2025,12,December,Saturday,25679.32,25679.32
2025-12-27,ORD022642,CUST01827,P005,Office Chair,Furniture,Pune,Online,UPI,1,9130.09,0.1,9130.09,8217.08,0,2243.05,2025,12,December,Saturday,9130.09,8217.081
2025-12-27,ORD049059,CUST01282,P011,Mixer Grinder,Home,Mumbai,Online,Net Banking,5,4628.0,0.05,23140.0,21983.0,0,4580.51,2025,12,December,Saturday,23140.0,21983.0
2025-12-27,ORD000755,CUST03684,P013,Monitor,Electronics,Ahmedabad,Online,Credit Card,1,17145.7,0.1,17145.7,15431.13,0,3265.41,2025,12,December,Saturday,17145.7,15431.130000000001
2025-12-27,ORD028906,CUST00325,P013,Monitor,Electronics,Chennai,Store,UPI,1,18806.29,0.1,18806.29,16925.66,0,3254.13,2025,12,December,Saturday,18806.29,16925.661
2025-12-27,ORD035830,CUST03836,P016,Sofa,Furniture,Bengaluru,Store,Cash,1,33428.25,0.1,33428.25,30085.42,0,7695.14,2025,12,December,Saturday,33428.25,30085.425
2025-12-27,ORD027994,CUST04191,P008,Running Shoes,Fashion,Delhi,Online,Credit Card,2,4423.72,0.1,8847.44,7962.7,0,569.45,2025,12,December,Saturday,8847.44,7962.696000000001
2025-12-27,ORD022824,CUST00675,P001,Laptop,Electronics,Ahmedabad,Online,Net Banking,2,62403.14,0.15,124806.28,106085.34,0,27406.47,2025,12,December,Saturday,124806.28,106085.338
2025-12-27,ORD022857,CUST00057,P006,Desk,Furniture,Ahmedabad,Online,Credit Card,1,11053.33,0.05,11053.33,10500.66,0,2884.74,2025,12,December,Saturday,11053.33,10500.663499999999
2025-12-27,ORD049119,CUST03033,P004,Smartwatch,Electronics,Chennai,Online,UPI,1,6974.22,0.15,6974.22,5928.09,0,1328.25,2025,12,December,Saturday,6974.22,5928.087
2025-12-27,ORD006069,CUST01852,P012,Air Fryer,Home,Ahmedabad,Online,Cash,1,6994.72,0.0,6994.72,6994.72,1,-349.74,2025,12,December,Saturday,6994.72,6994.72
2025-12-27,ORD035464,CUST04151,P004,Smartwatch,Electronics,Mumbai,Online,UPI,1,7233.22,0.2,7233.22,5786.58,0,584.0,2025,12,December,Saturday,7233.22,5786.576000000001
2025-12-27,ORD035415,CUST03950,P008,Running Shoes,Fashion,Ahmedabad,Online,Net Banking,3,3881.04,0.05,11643.12,11060.96,0,2241.74,2025,12,December,Saturday,11643.119999999999,11060.964
2025-12-27,ORD048089,CUST00949,P019,Vacuum Cleaner,Home,Jaipur,Store,UPI,1,8196.77,0.0,8196.77,8196.77,0,1270.33,2025,12,December,Saturday,8196.77,8196.77
2025-12-27,ORD012613,CUST04616,P013,Monitor,Electronics,Mumbai,Online,Debit Card,3,16366.08,0.0,49098.24,49098.24,0,4720.9,2025,12,December,Saturday,49098.24,49098.24
2025-12-27,ORD020877,CUST00261,P017,Jeans,Fashion,Pune,Online,Credit Card,1,2570.92,0.05,2570.92,2442.37,0,522.49,2025,12,December,Saturday,2570.92,2442.374
2025-12-27,ORD018441,CUST00742,P014,Keyboard,Electronics,Mumbai,Online,Credit Card,1,2303.1,0.1,2303.1,2072.79,0,448.08,2025,12,December,Saturday,2303.1,2072.79
2025-12-27,ORD004905,CUST03691,P010,Coffee Maker,Home,Mumbai,Online,Net Banking,1,5698.77,0.15,5698.77,4843.95,0,979.74,2025,12,December,Saturday,5698.77,4843.9545
2025-12-27,ORD029661,CUST02973,P015,Dining Table,Furniture,Mumbai,Online,UPI,1,20195.17,0.1,20195.17,18175.65,0,4060.97,2025,12,December,Saturday,20195.17,18175.653
2025-12-27,ORD017983,CUST03701,P014,Keyboard,Electronics,Chennai,Online,UPI,5,2541.15,0.0,12705.75,12705.75,0,3129.61,2025,12,December,Saturday,12705.75,12705.75
2025-12-27,ORD015123,CUST02487,P001,Laptop,Electronics,Surat,Online,UPI,1,68130.16,0.15,68130.16,57910.64,0,7079.36,2025,12,December,Saturday,68130.16,57910.636
2025-12-27,ORD044208,CUST03634,P015,Dining Table,Furniture,Surat,Online,Cash,1,20671.88,0.2,20671.88,16537.5,0,1003.31,2025,12,December,Saturday,20671.88,16537.504
2025-12-27,ORD002344,CUST04878,P016,Sofa,Furniture,Bengaluru,Online,UPI,1,38460.58,0.05,38460.58,36537.55,0,4480.27,2025,12,December,Saturday,38460.58,36537.551
2025-12-27,ORD021574,CUST01839,P010,Coffee Maker,Home,Kolkata,Online,UPI,1,5700.97,0.2,5700.97,4560.78,0,260.94,2025,12,December,Saturday,5700.97,4560.776000000001
2025-12-27,ORD037143,CUST02999,P020,Microwave,Home,Hyderabad,Online,Credit Card,1,11573.05,0.05,11573.05,10994.4,1,-549.72,2025,12,December,Saturday,11573.05,10994.3975
2025-12-27,ORD037088,CUST00798,P014,Keyboard,Electronics,Pune,Online,UPI,1,2745.8,0.15,2745.8,2333.93,0,402.3,2025,12,December,Saturday,2745.8,2333.9300000000003
2025-12-27,ORD043011,CUST02658,P017,Jeans,Fashion,Ahmedabad,Online,UPI,2,2638.27,0.0,5276.54,5276.54,0,968.71,2025,12,December,Saturday,5276.54,5276.54
2025-12-27,ORD008722,CUST03885,P006,Desk,Furniture,Pune,Online,UPI,1,12695.95,0.0,12695.95,12695.95,1,-634.8,2025,12,December,Saturday,12695.95,12695.95
2025-12-27,ORD008457,CUST01158,P009,T-Shirt,Fashion,Kolkata,Store,Credit Card,3,1286.72,0.0,3860.16,3860.16,0,1064.7,2025,12,December,Saturday,3860.16,3860.16
2025-12-27,ORD021435,CUST00258,P009,T-Shirt,Fashion,Hyderabad,Online,UPI,2,1088.06,0.1,2176.12,1958.51,0,142.77,2025,12,December,Saturday,2176.12,1958.508
2025-12-27,ORD018893,CUST00778,P009,T-Shirt,Fashion,Ahmedabad,Store,Credit Card,4,1110.83,0.05,4443.32,4221.15,0,1123.32,2025,12,December,Saturday,4443.32,4221.1539999999995
2025-12-27,ORD029299,CUST01060,P010,Coffee Maker,Home,Jaipur,Store,Credit Card,4,5783.21,0.0,23132.84,23132.84,0,6832.18,2025,12,December,Saturday,23132.84,23132.84
2025-12-27,ORD039887,CUST03016,P013,Monitor,Electronics,Kolkata,Online,Credit Card,2,16348.73,0.05,32697.46,31062.59,0,4008.64,2025,12,December,Saturday,32697.46,31062.587
2025-12-27,ORD005735,CUST01185,P007,Backpack,Accessories,Ahmedabad,Store,UPI,2,1999.79,0.05,3999.58,3799.6,0,817.31,2025,12,December,Saturday,3999.58,3799.6009999999997
2025-12-27,ORD003138,CUST03521,P014,Keyboard,Electronics,Jaipur,Online,UPI,2,2508.08,0.05,5016.16,4765.35,0,509.78,2025,12,December,Saturday,5016.16,4765.352
2025-12-27,ORD009089,CUST03620,P015,Dining Table,Furniture,Jaipur,Online,Credit Card,4,22609.79,0.1,90439.16,81395.24,0,13649.59,2025,12,December,Saturday,90439.16,81395.244
2025-12-27,ORD049683,CUST01290,P009,T-Shirt,Fashion,Ahmedabad,Online,Debit Card,4,1084.78,0.1,4339.12,3905.21,0,817.65,2025,12,December,Saturday,4339.12,3905.208
2025-12-27,ORD011314,CUST04160,P006,Desk,Furniture,Kolkata,Online,Credit Card,1,12044.68,0.1,12044.68,10840.21,0,2111.34,2025,12,December,Saturday,12044.68,10840.212000000001
2025-12-27,ORD025550,CUST04965,P011,Mixer Grinder,Home,Ahmedabad,Online,UPI,1,4389.79,0.1,4389.79,3950.81,0,1040.39,2025,12,December,Saturday,4389.79,3950.811
2025-12-28,ORD046246,CUST03776,P001,Laptop,Electronics,Kolkata,Store,UPI,1,68558.56,0.15,68558.56,58274.78,0,4269.59,2025,12,December,Sunday,68558.56,58274.776
2025-12-28,ORD004673,CUST04228,P011,Mixer Grinder,Home,Mumbai,Online,Credit Card,1,4982.19,0.2,4982.19,3985.75,0,976.07,2025,12,December,Sunday,4982.19,3985.752
2025-12-28,ORD029852,CUST01215,P018,Jacket,Fashion,Kolkata,Store,Credit Card,2,4748.29,0.15,9496.58,8072.09,0,1978.52,2025,12,December,Sunday,9496.58,8072.093
2025-12-28,ORD017573,CUST00849,P005,Office Chair,Furniture,Bengaluru,Online,UPI,1,8804.58,0.05,8804.58,8364.35,0,2296.12,2025,12,December,Sunday,8804.58,8364.350999999999
2025-12-28,ORD015746,CUST00236,P014,Keyboard,Electronics,Delhi,Online,UPI,1,2520.19,0.05,2520.19,2394.18,0,516.12,2025,12,December,Sunday,2520.19,2394.1805
2025-12-28,ORD032074,CUST00395,P012,Air Fryer,Home,Hyderabad,Online,Cash,1,7117.79,0.05,7117.79,6761.9,0,1880.81,2025,12,December,Sunday,7117.79,6761.9005
2025-12-28,ORD010877,CUST04494,P008,Running Shoes,Fashion,Jaipur,Store,UPI,2,4187.44,0.0,8374.88,8374.88,0,810.01,2025,12,December,Sunday,8374.88,8374.88
2025-12-28,ORD037982,CUST03093,P015,Dining Table,Furniture,Bengaluru,Store,Credit Card,1,22854.29,0.05,22854.29,21711.58,1,-1085.58,2025,12,December,Sunday,22854.29,21711.5755
2025-12-28,ORD027725,CUST01670,P010,Coffee Maker,Home,Chennai,Online,Cash,1,5276.07,0.0,5276.07,5276.07,0,1278.67,2025,12,December,Sunday,5276.07,5276.07
2025-12-28,ORD010065,CUST03209,P003,Headphones,Electronics,Bengaluru,Store,Net Banking,2,4528.68,0.05,9057.36,8604.49,0,2258.51,2025,12,December,Sunday,9057.36,8604.492
2025-12-28,ORD025672,CUST04946,P003,Headphones,Electronics,Hyderabad,Store,Credit Card,2,4061.4,0.05,8122.8,7716.66,0,600.07,2025,12,December,Sunday,8122.8,7716.66
2025-12-28,ORD048607,CUST00362,P018,Jacket,Fashion,Hyderabad,Online,Net Banking,1,4713.63,0.0,4713.63,4713.63,0,769.59,2025,12,December,Sunday,4713.63,4713.63
2025-12-28,ORD016080,CUST04082,P014,Keyboard,Electronics,Chennai,Online,Cash,1,2717.29,0.0,2717.29,2717.29,0,452.96,2025,12,December,Sunday,2717.29,2717.29
2025-12-28,ORD035171,CUST01070,P009,T-Shirt,Fashion,Kolkata,Store,Debit Card,2,1204.12,0.0,2408.24,2408.24,0,353.42,2025,12,December,Sunday,2408.24,2408.24
2025-12-28,ORD034988,CUST00735,P007,Backpack,Accessories,Ahmedabad,Store,UPI,1,2022.95,0.15,2022.95,1719.51,0,176.46,2025,12,December,Sunday,2022.95,1719.5075
2025-12-28,ORD039755,CUST00726,P004,Smartwatch,Electronics,Delhi,Store,Credit Card,1,6482.63,0.25,6482.63,4861.97,0,696.86,2025,12,December,Sunday,6482.63,4861.9725
2025-12-28,ORD034649,CUST00551,P019,Vacuum Cleaner,Home,Chennai,Store,UPI,1,8838.91,0.0,8838.91,8838.91,0,1937.8,2025,12,December,Sunday,8838.91,8838.91
2025-12-28,ORD032021,CUST01387,P014,Keyboard,Electronics,Chennai,Online,Net Banking,1,2663.3,0.0,2663.3,2663.3,0,680.16,2025,12,December,Sunday,2663.3,2663.3
2025-12-28,ORD026502,CUST02742,P009,T-Shirt,Fashion,Jaipur,Store,Net Banking,1,1227.73,0.1,1227.73,1104.96,0,267.22,2025,12,December,Sunday,1227.73,1104.957
2025-12-28,ORD043124,CUST03934,P010,Coffee Maker,Home,Chennai,Store,Cash,1,5025.31,0.05,5025.31,4774.04,0,780.61,2025,12,December,Sunday,5025.31,4774.0445
2025-12-28,ORD017646,CUST00729,P013,Monitor,Electronics,Mumbai,Online,UPI,1,16888.18,0.25,16888.18,12666.14,0,1336.92,2025,12,December,Sunday,16888.18,12666.135
2025-12-28,ORD046948,CUST04408,P002,Smartphone,Electronics,Chennai,Online,UPI,1,27138.73,0.1,27138.73,24424.86,0,2370.03,2025,12,December,Sunday,27138.73,24424.857
2025-12-28,ORD038227,CUST00029,P002,Smartphone,Electronics,Surat,Store,Net Banking,2,29086.64,0.1,58173.28,52355.95,0,9953.86,2025,12,December,Sunday,58173.28,52355.952
2025-12-28,ORD033829,CUST01320,P003,Headphones,Electronics,Kolkata,Online,UPI,1,4058.47,0.0,4058.47,4058.47,0,526.02,2025,12,December,Sunday,4058.47,4058.47
2025-12-28,ORD039867,CUST00248,P011,Mixer Grinder,Home,Kolkata,Store,Cash,2,5140.9,0.05,10281.8,9767.71,0,1077.15,2025,12,December,Sunday,10281.8,9767.71
2025-12-28,ORD042820,CUST03877,P009,T-Shirt,Fashion,Mumbai,Store,Credit Card,1,1305.97,0.1,1305.97,1175.37,0,93.51,2025,12,December,Sunday,1305.97,1175.373
2025-12-28,ORD000213,CUST01155,P019,Vacuum Cleaner,Home,Surat,Online,UPI,2,9722.33,0.25,19444.66,14583.5,0,1445.13,2025,12,December,Sunday,19444.66,14583.494999999999
2025-12-28,ORD003519,CUST03640,P002,Smartphone,Electronics,Mumbai,Online,UPI,1,27581.1,0.05,27581.1,26202.04,0,6789.05,2025,12,December,Sunday,27581.1,26202.045
2025-12-28,ORD048865,CUST04041,P004,Smartwatch,Electronics,Jaipur,Online,Net Banking,4,6580.84,0.05,26323.36,25007.19,1,-1250.36,2025,12,December,Sunday,26323.36,25007.192
2025-12-28,ORD036622,CUST01049,P004,Smartwatch,Electronics,Pune,Store,UPI,2,6695.44,0.2,13390.88,10712.7,0,1231.33,2025,12,December,Sunday,13390.88,10712.704
2025-12-28,ORD008069,CUST00180,P019,Vacuum Cleaner,Home,Hyderabad,Store,UPI,1,8354.31,0.1,8354.31,7518.88,0,1342.75,2025,12,December,Sunday,8354.31,7518.879
2025-12-28,ORD028750,CUST00008,P018,Jacket,Fashion,Ahmedabad,Store,UPI,1,5001.6,0.2,5001.6,4001.28,0,196.75,2025,12,December,Sunday,5001.6,4001.2800000000007
2025-12-28,ORD028778,CUST01250,P004,Smartwatch,Electronics,Jaipur,Store,Credit Card,2,6556.78,0.1,13113.56,11802.2,0,1822.8,2025,12,December,Sunday,13113.56,11802.204
2025-12-28,ORD006289,CUST00687,P004,Smartwatch,Electronics,Ahmedabad,Online,UPI,3,7235.08,0.05,21705.24,20619.98,0,3223.32,2025,12,December,Sunday,21705.239999999998,20619.978
2025-12-28,ORD011959,CUST03709,P001,Laptop,Electronics,Delhi,Online,UPI,3,68359.46,0.15,205078.38,174316.62,0,43498.35,2025,12,December,Sunday,205078.38,174316.623
2025-12-28,ORD042560,CUST02540,P014,Keyboard,Electronics,Chennai,Online,Credit Card,2,2728.37,0.1,5456.74,4911.07,0,541.86,2025,12,December,Sunday,5456.74,4911.066
2025-12-28,ORD005183,CUST01070,P005,Office Chair,Furniture,Delhi,Online,Debit Card,1,9198.81,0.05,9198.81,8738.87,0,2262.26,2025,12,December,Sunday,9198.81,8738.869499999999
2025-12-28,ORD000349,CUST04660,P011,Mixer Grinder,Home,Delhi,Online,Net Banking,2,4481.39,0.05,8962.78,8514.64,0,699.47,2025,12,December,Sunday,8962.78,8514.641
2025-12-28,ORD043460,CUST01376,P010,Coffee Maker,Home,Mumbai,Online,UPI,2,5069.74,0.05,10139.48,9632.51,0,1723.95,2025,12,December,Sunday,10139.48,9632.506
2025-12-28,ORD008174,CUST02487,P006,Desk,Furniture,Bengaluru,Store,Credit Card,1,12342.46,0.1,12342.46,11108.21,0,2908.68,2025,12,December,Sunday,12342.46,11108.214
2025-12-28,ORD040095,CUST03687,P004,Smartwatch,Electronics,Mumbai,Store,Debit Card,5,7072.82,0.1,35364.1,31827.69,0,6089.02,2025,12,December,Sunday,35364.1,31827.69
2025-12-28,ORD024964,CUST00678,P019,Vacuum Cleaner,Home,Jaipur,Online,Cash,1,8631.95,0.1,8631.95,7768.76,0,908.02,2025,12,December,Sunday,8631.95,7768.755000000001
2025-12-28,ORD010329,CUST01719,P005,Office Chair,Furniture,Chennai,Online,Credit Card,1,10227.96,0.1,10227.96,9205.16,0,1767.13,2025,12,December,Sunday,10227.96,9205.163999999999
2025-12-28,ORD035890,CUST00206,P002,Smartphone,Electronics,Bengaluru,Store,UPI,1,30404.29,0.1,30404.29,27363.86,0,6132.39,2025,12,December,Sunday,30404.29,27363.861
2025-12-28,ORD039544,CUST03792,P010,Coffee Maker,Home,Ahmedabad,Online,UPI,1,5894.17,0.05,5894.17,5599.46,1,-279.97,2025,12,December,Sunday,5894.17,5599.461499999999
2025-12-28,ORD035263,CUST02370,P002,Smartphone,Electronics,Ahmedabad,Store,UPI,1,25471.55,0.0,25471.55,25471.55,0,7593.08,2025,12,December,Sunday,25471.55,25471.55
2025-12-28,ORD014755,CUST01041,P003,Headphones,Electronics,Mumbai,Online,Credit Card,5,4861.53,0.05,24307.65,23092.27,0,3425.0,2025,12,December,Sunday,24307.649999999998,23092.2675
2025-12-28,ORD045996,CUST02922,P010,Coffee Maker,Home,Pune,Online,UPI,4,4989.46,0.0,19957.84,19957.84,0,3634.75,2025,12,December,Sunday,19957.84,19957.84
2025-12-28,ORD040972,CUST03769,P014,Keyboard,Electronics,Delhi,Online,UPI,1,2516.54,0.0,2516.54,2516.54,0,324.74,2025,12,December,Sunday,2516.54,2516.54
2025-12-28,ORD009897,CUST02030,P002,Smartphone,Electronics,Kolkata,Store,Credit Card,1,30646.0,0.05,30646.0,29113.7,0,7873.67,2025,12,December,Sunday,30646.0,29113.699999999997
2025-12-28,ORD035242,CUST02654,P006,Desk,Furniture,Hyderabad,Store,UPI,1,11693.32,0.2,11693.32,9354.66,0,2017.06,2025,12,December,Sunday,11693.32,9354.656
2025-12-28,ORD027095,CUST03954,P010,Coffee Maker,Home,Jaipur,Online,Credit Card,3,5948.22,0.25,17844.66,13383.5,0,2197.32,2025,12,December,Sunday,17844.66,13383.494999999999
2025-12-28,ORD040731,CUST03867,P009,T-Shirt,Fashion,Kolkata,Store,Debit Card,2,1226.44,0.0,2452.88,2452.88,0,213.3,2025,12,December,Sunday,2452.88,2452.88
2025-12-28,ORD042611,CUST04878,P012,Air Fryer,Home,Ahmedabad,Store,UPI,2,6751.61,0.05,13503.22,12828.06,0,2513.06,2025,12,December,Sunday,13503.22,12828.059
2025-12-28,ORD008976,CUST04169,P009,T-Shirt,Fashion,Chennai,Store,Debit Card,1,1281.28,0.1,1281.28,1153.15,0,164.13,2025,12,December,Sunday,1281.28,1153.152
2025-12-28,ORD000264,CUST00776,P011,Mixer Grinder,Home,Chennai,Online,Debit Card,2,5084.39,0.1,10168.78,9151.9,0,621.47,2025,12,December,Sunday,10168.78,9151.902
2025-12-29,ORD034983,CUST02454,P019,Vacuum Cleaner,Home,Delhi,Store,Credit Card,1,9823.53,0.05,9823.53,9332.35,0,1298.75,2025,12,December,Monday,9823.53,9332.353500000001
2025-12-29,ORD003826,CUST03921,P014,Keyboard,Electronics,Ahmedabad,Online,UPI,4,2533.73,0.05,10134.92,9628.17,0,1593.79,2025,12,December,Monday,10134.92,9628.173999999999
2025-12-29,ORD002404,CUST00231,P010,Coffee Maker,Home,Pune,Store,UPI,2,5598.65,0.0,11197.3,11197.3,0,1379.09,2025,12,December,Monday,11197.3,11197.3
2025-12-29,ORD037579,CUST04143,P015,Dining Table,Furniture,Mumbai,Online,Net Banking,2,23541.87,0.1,47083.74,42375.37,0,8209.12,2025,12,December,Monday,47083.74,42375.366
2025-12-29,ORD049495,CUST02349,P010,Coffee Maker,Home,Surat,Online,UPI,1,5265.8,0.05,5265.8,5002.51,0,360.1,2025,12,December,Monday,5265.8,5002.51
2025-12-29,ORD026073,CUST04187,P009,T-Shirt,Fashion,Delhi,Online,Debit Card,1,1085.29,0.15,1085.29,922.5,0,187.42,2025,12,December,Monday,1085.29,922.4965
2025-12-29,ORD033671,CUST01408,P020,Microwave,Home,Kolkata,Online,Debit Card,1,11483.7,0.15,11483.7,9761.14,0,1910.98,2025,12,December,Monday,11483.7,9761.145
2025-12-29,ORD010712,CUST04087,P012,Air Fryer,Home,Surat,Store,UPI,2,6785.78,0.15,13571.56,11535.83,0,2967.7,2025,12,December,Monday,13571.56,11535.826
2025-12-29,ORD044759,CUST01866,P006,Desk,Furniture,Bengaluru,Online,Cash,2,11422.51,0.05,22845.02,21702.77,0,5017.81,2025,12,December,Monday,22845.02,21702.769
2025-12-29,ORD037577,CUST03508,P020,Microwave,Home,Delhi,Online,Debit Card,1,10768.84,0.1,10768.84,9691.96,0,788.53,2025,12,December,Monday,10768.84,9691.956
2025-12-29,ORD009213,CUST01197,P014,Keyboard,Electronics,Chennai,Online,UPI,1,2442.97,0.15,2442.97,2076.52,0,451.18,2025,12,December,Monday,2442.97,2076.5245
2025-12-29,ORD000565,CUST01616,P013,Monitor,Electronics,Surat,Online,UPI,1,17293.45,0.0,17293.45,17293.45,0,1930.83,2025,12,December,Monday,17293.45,17293.45
2025-12-29,ORD024074,CUST00020,P018,Jacket,Fashion,Mumbai,Online,UPI,1,5502.49,0.0,5502.49,5502.49,0,1200.74,2025,12,December,Monday,5502.49,5502.49
2025-12-29,ORD025021,CUST01269,P010,Coffee Maker,Home,Bengaluru,Store,Net Banking,1,5022.37,0.1,5022.37,4520.13,0,652.19,2025,12,December,Monday,5022.37,4520.133
2025-12-29,ORD041433,CUST01786,P017,Jeans,Fashion,Pune,Store,Debit Card,1,2618.12,0.25,2618.12,1963.59,0,92.18,2025,12,December,Monday,2618.12,1963.59
2025-12-29,ORD046719,CUST01131,P018,Jacket,Fashion,Ahmedabad,Online,Credit Card,1,5679.24,0.1,5679.24,5111.32,0,668.58,2025,12,December,Monday,5679.24,5111.316
2025-12-29,ORD009651,CUST04493,P006,Desk,Furniture,Mumbai,Online,Cash,1,11434.22,0.1,11434.22,10290.8,0,1849.89,2025,12,December,Monday,11434.22,10290.797999999999
2025-12-29,ORD021528,CUST03569,P013,Monitor,Electronics,Hyderabad,Online,UPI,2,18119.75,0.25,36239.5,27179.62,0,5299.63,2025,12,December,Monday,36239.5,27179.625
2025-12-29,ORD017231,CUST02530,P004,Smartwatch,Electronics,Surat,Store,Debit Card,1,6889.8,0.2,6889.8,5511.84,0,1071.48,2025,12,December,Monday,6889.8,5511.84
2025-12-29,ORD007739,CUST04878,P001,Laptop,Electronics,Surat,Online,Credit Card,5,58972.73,0.05,294863.65,280120.47,0,73655.52,2025,12,December,Monday,294863.65,280120.4675
2025-12-29,ORD018203,CUST02781,P019,Vacuum Cleaner,Home,Pune,Store,Net Banking,2,8845.07,0.25,17690.14,13267.6,0,535.12,2025,12,December,Monday,17690.14,13267.605
2025-12-29,ORD003289,CUST00809,P008,Running Shoes,Fashion,Kolkata,Store,Credit Card,2,4472.45,0.0,8944.9,8944.9,0,840.66,2025,12,December,Monday,8944.9,8944.9
2025-12-29,ORD025422,CUST01493,P010,Coffee Maker,Home,Chennai,Store,UPI,2,5227.37,0.05,10454.74,9932.0,0,2448.62,2025,12,December,Monday,10454.74,9932.002999999999
2025-12-29,ORD013005,CUST04171,P001,Laptop,Electronics,Mumbai,Online,Debit Card,1,61756.89,0.2,61756.89,49405.51,0,2126.34,2025,12,December,Monday,61756.89,49405.512
2025-12-29,ORD019365,CUST01528,P020,Microwave,Home,Chennai,Online,UPI,1,10439.76,0.1,10439.76,9395.78,0,946.83,2025,12,December,Monday,10439.76,9395.784
2025-12-29,ORD009192,CUST03713,P015,Dining Table,Furniture,Jaipur,Store,UPI,1,21693.78,0.05,21693.78,20609.09,0,2491.11,2025,12,December,Monday,21693.78,20609.090999999997
2025-12-29,ORD016825,CUST02159,P007,Backpack,Accessories,Kolkata,Online,Cash,2,2153.0,0.15,4306.0,3660.1,0,397.64,2025,12,December,Monday,4306.0,3660.1
2025-12-29,ORD041541,CUST04637,P012,Air Fryer,Home,Pune,Online,Credit Card,2,6588.88,0.1,13177.76,11859.98,0,3228.74,2025,12,December,Monday,13177.76,11859.984
2025-12-29,ORD022076,CUST00451,P007,Backpack,Accessories,Hyderabad,Store,UPI,1,2071.35,0.1,2071.35,1864.22,0,253.41,2025,12,December,Monday,2071.35,1864.215
2025-12-29,ORD037422,CUST01209,P003,Headphones,Electronics,Bengaluru,Online,Credit Card,1,4820.88,0.1,4820.88,4338.79,0,1130.51,2025,12,December,Monday,4820.88,4338.792
2025-12-29,ORD024703,CUST04428,P012,Air Fryer,Home,Hyderabad,Store,Net Banking,1,6835.0,0.15,6835.0,5809.75,0,985.3,2025,12,December,Monday,6835.0,5809.75
2025-12-29,ORD034991,CUST02149,P006,Desk,Furniture,Kolkata,Online,UPI,1,12049.85,0.1,12049.85,10844.86,0,1630.23,2025,12,December,Monday,12049.85,10844.865
2025-12-29,ORD039589,CUST00709,P001,Laptop,Electronics,Chennai,Store,Net Banking,1,58895.25,0.1,58895.25,53005.72,0,14381.31,2025,12,December,Monday,58895.25,53005.725
2025-12-29,ORD004403,CUST02469,P003,Headphones,Electronics,Delhi,Store,Debit Card,2,4229.71,0.15,8459.42,7190.51,0,1704.98,2025,12,December,Monday,8459.42,7190.507
2025-12-29,ORD049790,CUST01648,P007,Backpack,Accessories,Kolkata,Store,UPI,1,2329.84,0.1,2329.84,2096.86,0,183.66,2025,12,December,Monday,2329.84,2096.856
2025-12-29,ORD020758,CUST03489,P005,Office Chair,Furniture,Kolkata,Online,Debit Card,1,10373.14,0.1,10373.14,9335.83,0,2005.04,2025,12,December,Monday,10373.14,9335.826
2025-12-29,ORD048256,CUST00924,P014,Keyboard,Electronics,Surat,Store,Credit Card,3,2605.35,0.0,7816.05,7816.05,0,1832.55,2025,12,December,Monday,7816.049999999999,7816.05
2025-12-29,ORD020588,CUST00741,P005,Office Chair,Furniture,Mumbai,Online,Credit Card,1,10238.39,0.1,10238.39,9214.55,0,1441.3,2025,12,December,Monday,10238.39,9214.551
2025-12-29,ORD045682,CUST00747,P003,Headphones,Electronics,Surat,Online,UPI,1,4068.35,0.1,4068.35,3661.52,0,1015.14,2025,12,December,Monday,4068.35,3661.515
2025-12-29,ORD018686,CUST02865,P016,Sofa,Furniture,Surat,Online,Credit Card,1,34515.28,0.1,34515.28,31063.75,0,7037.2,2025,12,December,Monday,34515.28,31063.752
2025-12-29,ORD028022,CUST02573,P006,Desk,Furniture,Pune,Online,UPI,1,10846.53,0.1,10846.53,9761.88,1,-488.09,2025,12,December,Monday,10846.53,9761.877
2025-12-29,ORD030471,CUST03176,P002,Smartphone,Electronics,Ahmedabad,Store,Debit Card,5,29970.75,0.05,149853.75,142361.06,0,22125.05,2025,12,December,Monday,149853.75,142361.0625
2025-12-29,ORD009022,CUST00310,P012,Air Fryer,Home,Surat,Online,Net Banking,2,6625.24,0.2,13250.48,10600.38,0,1282.71,2025,12,December,Monday,13250.48,10600.384
2025-12-29,ORD042685,CUST03402,P005,Office Chair,Furniture,Mumbai,Store,UPI,1,9950.73,0.0,9950.73,9950.73,1,-497.54,2025,12,December,Monday,9950.73,9950.73
2025-12-29,ORD049065,CUST03009,P011,Mixer Grinder,Home,Pune,Online,Credit Card,1,4331.99,0.05,4331.99,4115.39,0,1144.82,2025,12,December,Monday,4331.99,4115.3904999999995
2025-12-29,ORD034244,CUST00452,P010,Coffee Maker,Home,Pune,Store,Credit Card,1,5859.47,0.25,5859.47,4394.6,0,938.89,2025,12,December,Monday,5859.47,4394.6025
2025-12-29,ORD032597,CUST03194,P015,Dining Table,Furniture,Pune,Store,UPI,1,22277.34,0.15,22277.34,18935.74,0,1330.23,2025,12,December,Monday,22277.34,18935.739
2025-12-29,ORD035595,CUST04240,P004,Smartwatch,Electronics,Bengaluru,Online,Net Banking,1,7549.68,0.0,7549.68,7549.68,0,1561.72,2025,12,December,Monday,7549.68,7549.68
2025-12-29,ORD013908,CUST00741,P002,Smartphone,Electronics,Delhi,Store,Net Banking,1,29394.59,0.05,29394.59,27924.86,1,-1396.24,2025,12,December,Monday,29394.59,27924.8605
2025-12-29,ORD045434,CUST04773,P016,Sofa,Furniture,Pune,Online,UPI,1,35972.28,0.0,35972.28,35972.28,0,8971.72,2025,12,December,Monday,35972.28,35972.28
2025-12-29,ORD034437,CUST03114,P007,Backpack,Accessories,Bengaluru,Store,Debit Card,2,2317.62,0.05,4635.24,4403.48,0,1196.11,2025,12,December,Monday,4635.24,4403.477999999999
2025-12-29,ORD028818,CUST00569,P010,Coffee Maker,Home,Chennai,Online,UPI,2,5585.21,0.05,11170.42,10611.9,0,1999.7,2025,12,December,Monday,11170.42,10611.899
2025-12-29,ORD028776,CUST03316,P007,Backpack,Accessories,Ahmedabad,Online,Credit Card,2,2243.95,0.15,4487.9,3814.71,1,-190.74,2025,12,December,Monday,4487.9,3814.7149999999997
2025-12-29,ORD034199,CUST03321,P005,Office Chair,Furniture,Jaipur,Store,UPI,1,9633.19,0.0,9633.19,9633.19,0,1845.26,2025,12,December,Monday,9633.19,9633.19
2025-12-29,ORD047674,CUST01963,P002,Smartphone,Electronics,Ahmedabad,Online,Debit Card,1,26742.13,0.15,26742.13,22730.81,0,1373.07,2025,12,December,Monday,26742.13,22730.8105
2025-12-29,ORD028364,CUST04043,P014,Keyboard,Electronics,Pune,Store,Credit Card,1,2602.04,0.05,2602.04,2471.94,0,409.54,2025,12,December,Monday,2602.04,2471.9379999999996
2025-12-29,ORD005863,CUST04255,P009,T-Shirt,Fashion,Kolkata,Store,Debit Card,1,1197.8,0.15,1197.8,1018.13,0,266.42,2025,12,December,Monday,1197.8,1018.1299999999999
2025-12-29,ORD040864,CUST04158,P005,Office Chair,Furniture,Surat,Online,UPI,1,9567.73,0.05,9567.73,9089.34,0,1505.47,2025,12,December,Monday,9567.73,9089.343499999999
2025-12-29,ORD048365,CUST00105,P013,Monitor,Electronics,Jaipur,Store,Credit Card,1,16277.3,0.0,16277.3,16277.3,0,3920.05,2025,12,December,Monday,16277.3,16277.3
2025-12-29,ORD038396,CUST03509,P015,Dining Table,Furniture,Kolkata,Store,Cash,1,23056.3,0.1,23056.3,20750.67,0,1859.84,2025,12,December,Monday,23056.3,20750.67
2025-12-29,ORD027683,CUST02568,P012,Air Fryer,Home,Chennai,Store,Net Banking,1,7378.19,0.0,7378.19,7378.19,0,1862.58,2025,12,December,Monday,7378.19,7378.19
2025-12-29,ORD009437,CUST00389,P004,Smartwatch,Electronics,Ahmedabad,Store,Credit Card,1,7203.37,0.05,7203.37,6843.2,0,1591.34,2025,12,December,Monday,7203.37,6843.201499999999
2025-12-29,ORD044903,CUST01183,P010,Coffee Maker,Home,Ahmedabad,Online,Credit Card,3,5828.09,0.25,17484.27,13113.2,0,1572.12,2025,12,December,Monday,17484.27,13113.2025
2025-12-29,ORD018278,CUST01893,P010,Coffee Maker,Home,Pune,Online,Credit Card,1,5563.09,0.15,5563.09,4728.63,0,608.93,2025,12,December,Monday,5563.09,4728.6265
2025-12-29,ORD009121,CUST01351,P019,Vacuum Cleaner,Home,Jaipur,Store,UPI,1,8213.33,0.05,8213.33,7802.66,0,1580.69,2025,12,December,Monday,8213.33,7802.6635
2025-12-29,ORD047324,CUST03812,P018,Jacket,Fashion,Delhi,Online,UPI,2,4694.16,0.15,9388.32,7980.07,0,2014.04,2025,12,December,Monday,9388.32,7980.071999999999
2025-12-29,ORD027688,CUST04688,P018,Jacket,Fashion,Surat,Online,Credit Card,3,5087.53,0.05,15262.59,14499.46,0,1084.51,2025,12,December,Monday,15262.59,14499.4605
2025-12-29,ORD021241,CUST01663,P013,Monitor,Electronics,Bengaluru,Online,Debit Card,1,19721.74,0.1,19721.74,17749.57,0,3937.08,2025,12,December,Monday,19721.74,17749.566000000003
2025-12-29,ORD001542,CUST01234,P016,Sofa,Furniture,Hyderabad,Online,UPI,2,34410.24,0.05,68820.48,65379.46,0,12880.24,2025,12,December,Monday,68820.48,65379.45599999999
2025-12-29,ORD028069,CUST00110,P019,Vacuum Cleaner,Home,Surat,Online,Debit Card,1,8431.03,0.15,8431.03,7166.38,0,1593.06,2025,12,December,Monday,8431.03,7166.3755
2025-12-29,ORD039477,CUST02862,P005,Office Chair,Furniture,Mumbai,Online,Debit Card,1,8805.47,0.05,8805.47,8365.2,0,1020.52,2025,12,December,Monday,8805.47,8365.196499999998
2025-12-30,ORD004548,CUST04749,P006,Desk,Furniture,Ahmedabad,Store,UPI,1,11774.62,0.05,11774.62,11185.89,0,2552.65,2025,12,December,Tuesday,11774.62,11185.889000000001
2025-12-30,ORD009609,CUST01722,P010,Coffee Maker,Home,Bengaluru,Online,Credit Card,1,5002.09,0.15,5002.09,4251.78,0,1108.18,2025,12,December,Tuesday,5002.09,4251.7765
2025-12-30,ORD003312,CUST04278,P014,Keyboard,Electronics,Ahmedabad,Online,Credit Card,2,2393.88,0.1,4787.76,4308.98,0,483.18,2025,12,December,Tuesday,4787.76,4308.984
2025-12-30,ORD004187,CUST00901,P005,Office Chair,Furniture,Pune,Online,Net Banking,1,9075.43,0.0,9075.43,9075.43,0,1087.47,2025,12,December,Tuesday,9075.43,9075.43
2025-12-30,ORD032155,CUST02539,P020,Microwave,Home,Kolkata,Online,UPI,1,11708.57,0.0,11708.57,11708.57,0,1866.46,2025,12,December,Tuesday,11708.57,11708.57
2025-12-30,ORD009059,CUST01556,P002,Smartphone,Electronics,Delhi,Online,Net Banking,1,30377.59,0.1,30377.59,27339.83,0,7393.37,2025,12,December,Tuesday,30377.59,27339.831000000002
2025-12-30,ORD046921,CUST01327,P011,Mixer Grinder,Home,Jaipur,Store,Debit Card,1,4399.61,0.05,4399.61,4179.63,0,316.98,2025,12,December,Tuesday,4399.61,4179.629499999999
2025-12-30,ORD018582,CUST01488,P017,Jeans,Fashion,Hyderabad,Online,UPI,1,2920.55,0.05,2920.55,2774.52,0,457.31,2025,12,December,Tuesday,2920.55,2774.5225
2025-12-30,ORD009803,CUST04698,P006,Desk,Furniture,Bengaluru,Store,Credit Card,1,11113.68,0.15,11113.68,9446.63,0,597.6,2025,12,December,Tuesday,11113.68,9446.628
2025-12-30,ORD012422,CUST01880,P016,Sofa,Furniture,Hyderabad,Store,Debit Card,1,34994.17,0.1,34994.17,31494.75,0,5677.03,2025,12,December,Tuesday,34994.17,31494.753
2025-12-30,ORD021482,CUST03634,P019,Vacuum Cleaner,Home,Kolkata,Store,Credit Card,1,8698.18,0.1,8698.18,7828.36,1,-391.42,2025,12,December,Tuesday,8698.18,7828.362
2025-12-30,ORD008687,CUST00338,P011,Mixer Grinder,Home,Pune,Online,Net Banking,4,4690.53,0.1,18762.12,16885.91,0,1971.42,2025,12,December,Tuesday,18762.12,16885.908
2025-12-30,ORD032752,CUST02773,P005,Office Chair,Furniture,Kolkata,Online,Credit Card,1,9802.36,0.1,9802.36,8822.12,0,1582.98,2025,12,December,Tuesday,9802.36,8822.124000000002
2025-12-30,ORD029134,CUST02341,P015,Dining Table,Furniture,Jaipur,Online,UPI,5,21195.53,0.0,105977.65,105977.65,0,11887.29,2025,12,December,Tuesday,105977.65,105977.65
2025-12-30,ORD018475,CUST02573,P015,Dining Table,Furniture,Pune,Online,UPI,1,23281.91,0.15,23281.91,19789.62,0,1494.9,2025,12,December,Tuesday,23281.91,19789.623499999998
2025-12-30,ORD032742,CUST00213,P013,Monitor,Electronics,Delhi,Online,Debit Card,1,16367.63,0.1,16367.63,14730.87,0,1650.98,2025,12,December,Tuesday,16367.63,14730.867
2025-12-30,ORD028945,CUST01565,P012,Air Fryer,Home,Pune,Store,UPI,1,6582.67,0.15,6582.67,5595.27,0,335.25,2025,12,December,Tuesday,6582.67,5595.2695
2025-12-30,ORD038039,CUST03343,P016,Sofa,Furniture,Bengaluru,Online,Debit Card,2,33441.05,0.0,66882.1,66882.1,0,18177.67,2025,12,December,Tuesday,66882.1,66882.1
2025-12-30,ORD032402,CUST01794,P020,Microwave,Home,Kolkata,Store,UPI,2,11276.94,0.1,22553.88,20298.49,0,5097.38,2025,12,December,Tuesday,22553.88,20298.492000000002
2025-12-30,ORD002867,CUST01025,P010,Coffee Maker,Home,Delhi,Online,UPI,1,5624.81,0.0,5624.81,5624.81,0,595.71,2025,12,December,Tuesday,5624.81,5624.81
2025-12-30,ORD020722,CUST00854,P008,Running Shoes,Fashion,Mumbai,Online,Debit Card,1,4188.77,0.05,4188.77,3979.33,0,1074.74,2025,12,December,Tuesday,4188.77,3979.3315000000002
2025-12-30,ORD036962,CUST01507,P018,Jacket,Fashion,Kolkata,Online,UPI,3,5123.14,0.1,15369.42,13832.48,0,2346.08,2025,12,December,Tuesday,15369.420000000002,13832.478000000001
2025-12-30,ORD033260,CUST02207,P018,Jacket,Fashion,Pune,Online,UPI,2,5633.36,0.05,11266.72,10703.38,0,2143.63,2025,12,December,Tuesday,11266.72,10703.383999999998
2025-12-30,ORD025719,CUST04151,P008,Running Shoes,Fashion,Kolkata,Online,Debit Card,1,4078.34,0.1,4078.34,3670.51,0,413.21,2025,12,December,Tuesday,4078.34,3670.5060000000003
2025-12-30,ORD036672,CUST04123,P011,Mixer Grinder,Home,Jaipur,Online,UPI,1,4741.53,0.1,4741.53,4267.38,0,948.15,2025,12,December,Tuesday,4741.53,4267.3769999999995
2025-12-30,ORD046075,CUST03265,P005,Office Chair,Furniture,Ahmedabad,Online,UPI,2,10150.93,0.0,20301.86,20301.86,0,3495.94,2025,12,December,Tuesday,20301.86,20301.86
2025-12-30,ORD014464,CUST00798,P020,Microwave,Home,Ahmedabad,Store,Credit Card,1,11951.49,0.0,11951.49,11951.49,0,1635.72,2025,12,December,Tuesday,11951.49,11951.49
2025-12-30,ORD027075,CUST01044,P012,Air Fryer,Home,Mumbai,Online,Cash,1,6838.5,0.25,6838.5,5128.88,0,1053.47,2025,12,December,Tuesday,6838.5,5128.875
2025-12-30,ORD003271,CUST03279,P006,Desk,Furniture,Hyderabad,Online,Debit Card,1,12723.75,0.2,12723.75,10179.0,0,2246.88,2025,12,December,Tuesday,12723.75,10179.0
2025-12-30,ORD017687,CUST01423,P006,Desk,Furniture,Mumbai,Online,Debit Card,1,10923.23,0.2,10923.23,8738.58,0,1378.84,2025,12,December,Tuesday,10923.23,8738.584
2025-12-30,ORD026992,CUST04189,P004,Smartwatch,Electronics,Surat,Online,Credit Card,1,7111.54,0.05,7111.54,6755.96,0,1299.34,2025,12,December,Tuesday,7111.54,6755.963
2025-12-30,ORD036398,CUST03142,P010,Coffee Maker,Home,Kolkata,Online,Debit Card,1,5326.54,0.2,5326.54,4261.23,1,-213.06,2025,12,December,Tuesday,5326.54,4261.232
2025-12-30,ORD007927,CUST02891,P006,Desk,Furniture,Hyderabad,Store,UPI,2,12959.41,0.1,25918.82,23326.94,0,1892.75,2025,12,December,Tuesday,25918.82,23326.938000000002
2025-12-30,ORD046053,CUST03261,P019,Vacuum Cleaner,Home,Chennai,Store,UPI,1,8667.86,0.05,8667.86,8234.47,0,1782.62,2025,12,December,Tuesday,8667.86,8234.467
2025-12-30,ORD036357,CUST04109,P011,Mixer Grinder,Home,Surat,Online,Cash,1,4540.03,0.0,4540.03,4540.03,0,469.95,2025,12,December,Tuesday,4540.03,4540.03
2025-12-30,ORD042303,CUST00988,P002,Smartphone,Electronics,Chennai,Store,UPI,1,30329.62,0.1,30329.62,27296.66,0,6260.96,2025,12,December,Tuesday,30329.62,27296.658
2025-12-30,ORD017638,CUST00518,P006,Desk,Furniture,Ahmedabad,Online,Credit Card,1,11418.85,0.0,11418.85,11418.85,0,2446.45,2025,12,December,Tuesday,11418.85,11418.85
2025-12-30,ORD022499,CUST02419,P016,Sofa,Furniture,Pune,Online,UPI,1,31880.93,0.15,31880.93,27098.79,0,4913.83,2025,12,December,Tuesday,31880.93,27098.7905
2025-12-30,ORD031417,CUST03730,P014,Keyboard,Electronics,Ahmedabad,Store,Credit Card,1,2622.85,0.1,2622.85,2360.56,0,624.76,2025,12,December,Tuesday,2622.85,2360.565
2025-12-30,ORD031261,CUST01999,P011,Mixer Grinder,Home,Ahmedabad,Store,Debit Card,1,4400.23,0.1,4400.23,3960.21,0,869.47,2025,12,December,Tuesday,4400.23,3960.207
2025-12-30,ORD003116,CUST01982,P013,Monitor,Electronics,Kolkata,Store,Credit Card,1,16596.34,0.2,16596.34,13277.07,0,959.39,2025,12,December,Tuesday,16596.34,13277.072
2025-12-30,ORD027735,CUST01153,P005,Office Chair,Furniture,Hyderabad,Online,Cash,3,9140.4,0.05,27421.2,26050.14,0,5422.65,2025,12,December,Tuesday,27421.199999999997,26050.14
2025-12-30,ORD013028,CUST00135,P013,Monitor,Electronics,Bengaluru,Online,UPI,2,17514.04,0.05,35028.08,33276.68,0,8947.77,2025,12,December,Tuesday,35028.08,33276.676
2025-12-30,ORD025696,CUST02998,P013,Monitor,Electronics,Jaipur,Online,Net Banking,1,19106.64,0.05,19106.64,18151.31,0,2200.25,2025,12,December,Tuesday,19106.64,18151.307999999997
2025-12-30,ORD036033,CUST00919,P005,Office Chair,Furniture,Surat,Online,Net Banking,2,10075.09,0.05,20150.18,19142.67,0,2918.12,2025,12,December,Tuesday,20150.18,19142.671
2025-12-30,ORD034246,CUST02980,P002,Smartphone,Electronics,Kolkata,Online,UPI,2,28407.86,0.1,56815.72,51134.15,1,-2556.71,2025,12,December,Tuesday,56815.72,51134.148
2025-12-30,ORD036796,CUST04481,P010,Coffee Maker,Home,Delhi,Online,Debit Card,1,5820.41,0.05,5820.41,5529.39,0,1224.43,2025,12,December,Tuesday,5820.41,5529.389499999999
2025-12-30,ORD019781,CUST04088,P003,Headphones,Electronics,Delhi,Store,Credit Card,1,4217.64,0.0,4217.64,4217.64,0,499.85,2025,12,December,Tuesday,4217.64,4217.64
2025-12-30,ORD014310,CUST00842,P019,Vacuum Cleaner,Home,Chennai,Store,Credit Card,1,9510.58,0.15,9510.58,8083.99,0,878.58,2025,12,December,Tuesday,9510.58,8083.9929999999995
2025-12-30,ORD022017,CUST02847,P015,Dining Table,Furniture,Mumbai,Online,Credit Card,2,22242.05,0.2,44484.1,35587.28,0,3420.15,2025,12,December,Tuesday,44484.1,35587.28
2025-12-30,ORD000824,CUST00417,P018,Jacket,Fashion,Hyderabad,Online,Credit Card,2,4850.17,0.1,9700.34,8730.31,0,575.06,2025,12,December,Tuesday,9700.34,8730.306
2025-12-30,ORD012561,CUST02936,P017,Jeans,Fashion,Surat,Online,UPI,3,2942.67,0.1,8828.01,7945.21,0,553.27,2025,12,December,Tuesday,8828.01,7945.209000000001
2025-12-30,ORD048616,CUST04300,P012,Air Fryer,Home,Mumbai,Online,Debit Card,1,6625.07,0.05,6625.07,6293.82,0,789.05,2025,12,December,Tuesday,6625.07,6293.816499999999
2025-12-30,ORD021919,CUST01030,P007,Backpack,Accessories,Pune,Online,UPI,1,2056.47,0.25,2056.47,1542.35,0,252.54,2025,12,December,Tuesday,2056.47,1542.3525
2025-12-30,ORD044562,CUST01478,P001,Laptop,Electronics,Pune,Online,Cash,1,65372.18,0.05,65372.18,62103.57,0,9621.24,2025,12,December,Tuesday,65372.18,62103.570999999996
2025-12-30,ORD029720,CUST01226,P013,Monitor,Electronics,Ahmedabad,Online,Credit Card,2,19709.11,0.15,39418.22,33505.49,0,5034.81,2025,12,December,Tuesday,39418.22,33505.487
2025-12-30,ORD025358,CUST00484,P015,Dining Table,Furniture,Ahmedabad,Online,Credit Card,1,23942.63,0.1,23942.63,21548.37,0,2189.35,2025,12,December,Tuesday,23942.63,21548.367000000002
2025-12-30,ORD047964,CUST00415,P006,Desk,Furniture,Delhi,Store,UPI,1,10949.32,0.15,10949.32,9306.92,0,1689.73,2025,12,December,Tuesday,10949.32,9306.921999999999
2025-12-30,ORD023150,CUST04863,P005,Office Chair,Furniture,Kolkata,Store,Cash,4,9732.16,0.15,38928.64,33089.34,0,3505.83,2025,12,December,Tuesday,38928.64,33089.344
2025-12-30,ORD025477,CUST04571,P017,Jeans,Fashion,Ahmedabad,Online,UPI,1,2582.53,0.1,2582.53,2324.28,0,635.95,2025,12,December,Tuesday,2582.53,2324.277
2025-12-30,ORD011333,CUST01100,P016,Sofa,Furniture,Hyderabad,Store,Credit Card,1,36416.05,0.15,36416.05,30953.64,0,4479.25,2025,12,December,Tuesday,36416.05,30953.6425
2025-12-30,ORD042526,CUST03269,P013,Monitor,Electronics,Chennai,Online,Debit Card,3,18246.59,0.05,54739.77,52002.78,0,13148.0,2025,12,December,Tuesday,54739.770000000004,52002.7815
2025-12-30,ORD027883,CUST01381,P017,Jeans,Fashion,Ahmedabad,Online,Debit Card,3,2547.18,0.0,7641.54,7641.54,0,1360.97,2025,12,December,Tuesday,7641.539999999999,7641.54
2025-12-30,ORD045563,CUST01125,P014,Keyboard,Electronics,Kolkata,Store,Debit Card,1,2644.08,0.05,2644.08,2511.88,0,506.23,2025,12,December,Tuesday,2644.08,2511.8759999999997
2025-12-30,ORD009526,CUST00621,P018,Jacket,Fashion,Pune,Store,UPI,2,5450.19,0.05,10900.38,10355.36,0,2652.18,2025,12,December,Tuesday,10900.38,10355.360999999999
2025-12-30,ORD025970,CUST00415,P001,Laptop,Electronics,Surat,Online,UPI,1,59531.65,0.2,59531.65,47625.32,0,5316.58,2025,12,December,Tuesday,59531.65,47625.32000000001
2025-12-30,ORD026922,CUST00062,P019,Vacuum Cleaner,Home,Mumbai,Online,UPI,1,8403.16,0.0,8403.16,8403.16,0,2381.83,2025,12,December,Tuesday,8403.16,8403.16
2025-12-31,ORD031284,CUST04028,P011,Mixer Grinder,Home,Mumbai,Store,Credit Card,2,4552.76,0.0,9105.52,9105.52,0,952.8,2025,12,December,Wednesday,9105.52,9105.52
2025-12-31,ORD017154,CUST00736,P002,Smartphone,Electronics,Jaipur,Online,UPI,2,28190.72,0.15,56381.44,47924.22,0,12343.47,2025,12,December,Wednesday,56381.44,47924.224
2025-12-31,ORD043463,CUST02055,P002,Smartphone,Electronics,Delhi,Online,Debit Card,2,26406.99,0.2,52813.98,42251.18,0,2896.43,2025,12,December,Wednesday,52813.98,42251.18400000001
2025-12-31,ORD035058,CUST03619,P016,Sofa,Furniture,Mumbai,Online,Cash,1,37522.15,0.05,37522.15,35646.04,0,10263.91,2025,12,December,Wednesday,37522.15,35646.0425
2025-12-31,ORD045531,CUST01677,P010,Coffee Maker,Home,Hyderabad,Online,Credit Card,2,4981.17,0.1,9962.34,8966.11,0,1419.9,2025,12,December,Wednesday,9962.34,8966.106
2025-12-31,ORD047758,CUST01453,P011,Mixer Grinder,Home,Mumbai,Online,Cash,1,4635.91,0.0,4635.91,4635.91,0,1099.34,2025,12,December,Wednesday,4635.91,4635.91
2025-12-31,ORD047145,CUST02944,P015,Dining Table,Furniture,Ahmedabad,Store,Debit Card,2,20555.54,0.05,41111.08,39055.53,0,5125.97,2025,12,December,Wednesday,41111.08,39055.526
2025-12-31,ORD013780,CUST00051,P014,Keyboard,Electronics,Bengaluru,Store,Debit Card,1,2664.86,0.1,2664.86,2398.37,0,471.99,2025,12,December,Wednesday,2664.86,2398.3740000000003
2025-12-31,ORD034612,CUST04411,P009,T-Shirt,Fashion,Delhi,Online,Net Banking,1,1264.08,0.0,1264.08,1264.08,0,349.36,2025,12,December,Wednesday,1264.08,1264.08
2025-12-31,ORD007549,CUST00803,P001,Laptop,Electronics,Jaipur,Online,Credit Card,2,68767.04,0.15,137534.08,116903.97,0,26438.01,2025,12,December,Wednesday,137534.08,116903.96799999998
2025-12-31,ORD027195,CUST00307,P009,T-Shirt,Fashion,Jaipur,Online,UPI,1,1092.02,0.1,1092.02,982.82,0,114.13,2025,12,December,Wednesday,1092.02,982.818
2025-12-31,ORD034340,CUST03657,P018,Jacket,Fashion,Ahmedabad,Online,Cash,1,5605.72,0.05,5605.72,5325.43,0,454.31,2025,12,December,Wednesday,5605.72,5325.434
2025-12-31,ORD003459,CUST03991,P010,Coffee Maker,Home,Jaipur,Store,UPI,1,4982.54,0.0,4982.54,4982.54,0,1222.92,2025,12,December,Wednesday,4982.54,4982.54
2025-12-31,ORD017399,CUST04015,P003,Headphones,Electronics,Hyderabad,Online,UPI,2,4111.93,0.05,8223.86,7812.67,0,1087.13,2025,12,December,Wednesday,8223.86,7812.667
2025-12-31,ORD023053,CUST00142,P001,Laptop,Electronics,Surat,Store,Credit Card,3,68652.06,0.0,205956.18,205956.18,0,20603.36,2025,12,December,Wednesday,205956.18,205956.18
2025-12-31,ORD019347,CUST02771,P006,Desk,Furniture,Ahmedabad,Online,Debit Card,1,11695.07,0.2,11695.07,9356.06,0,388.05,2025,12,December,Wednesday,11695.07,9356.056
2025-12-31,ORD012371,CUST03059,P007,Backpack,Accessories,Chennai,Online,Credit Card,1,1983.1,0.05,1983.1,1883.94,0,470.06,2025,12,December,Wednesday,1983.1,1883.945
2025-12-31,ORD031234,CUST02129,P016,Sofa,Furniture,Surat,Online,UPI,3,36634.2,0.1,109902.6,98912.34,1,-4945.62,2025,12,December,Wednesday,109902.59999999999,98912.34000000001
2025-12-31,ORD049002,CUST04577,P014,Keyboard,Electronics,Delhi,Online,Credit Card,1,2337.59,0.0,2337.59,2337.59,1,-116.88,2025,12,December,Wednesday,2337.59,2337.59
2025-12-31,ORD032072,CUST04029,P020,Microwave,Home,Mumbai,Online,UPI,1,10157.76,0.0,10157.76,10157.76,0,1878.89,2025,12,December,Wednesday,10157.76,10157.76
2025-12-31,ORD002526,CUST00601,P013,Monitor,Electronics,Kolkata,Store,UPI,2,16275.23,0.0,32550.46,32550.46,0,9405.08,2025,12,December,Wednesday,32550.46,32550.46
2025-12-31,ORD047541,CUST02922,P008,Running Shoes,Fashion,Surat,Online,Debit Card,1,4323.21,0.1,4323.21,3890.89,0,631.15,2025,12,December,Wednesday,4323.21,3890.889
2025-12-31,ORD021537,CUST02118,P011,Mixer Grinder,Home,Mumbai,Store,Cash,1,5257.48,0.0,5257.48,5257.48,0,1277.75,2025,12,December,Wednesday,5257.48,5257.48
2025-12-31,ORD044652,CUST04416,P016,Sofa,Furniture,Delhi,Store,Credit Card,1,35540.71,0.1,35540.71,31986.64,0,4793.28,2025,12,December,Wednesday,35540.71,31986.639
2025-12-31,ORD007216,CUST00065,P010,Coffee Maker,Home,Jaipur,Online,UPI,2,5137.95,0.0,10275.9,10275.9,0,1514.36,2025,12,December,Wednesday,10275.9,10275.9
2025-12-31,ORD010046,CUST01192,P001,Laptop,Electronics,Bengaluru,Online,UPI,1,71486.93,0.2,71486.93,57189.54,0,13619.51,2025,12,December,Wednesday,71486.93,57189.543999999994
2025-12-31,ORD027598,CUST04848,P005,Office Chair,Furniture,Chennai,Store,Debit Card,1,9774.35,0.05,9774.35,9285.63,0,1156.79,2025,12,December,Wednesday,9774.35,9285.6325
2025-12-31,ORD048565,CUST03219,P002,Smartphone,Electronics,Jaipur,Online,Net Banking,1,28410.43,0.1,28410.43,25569.39,0,6416.57,2025,12,December,Wednesday,28410.43,25569.387000000002
2025-12-31,ORD020467,CUST04498,P009,T-Shirt,Fashion,Surat,Online,UPI,2,1313.97,0.05,2627.94,2496.54,0,641.5,2025,12,December,Wednesday,2627.94,2496.543
2025-12-31,ORD031850,CUST01245,P013,Monitor,Electronics,Hyderabad,Online,Credit Card,5,16296.89,0.05,81484.45,77410.23,0,6399.94,2025,12,December,Wednesday,81484.45,77410.2275
2025-12-31,ORD037295,CUST02426,P020,Microwave,Home,Delhi,Online,Net Banking,3,11612.39,0.05,34837.17,33095.31,0,3216.25,2025,12,December,Wednesday,34837.17,33095.311499999996
2025-12-31,ORD037797,CUST04543,P010,Coffee Maker,Home,Mumbai,Store,UPI,1,5665.04,0.05,5665.04,5381.79,0,1539.12,2025,12,December,Wednesday,5665.04,5381.788
2025-12-31,ORD017946,CUST04597,P013,Monitor,Electronics,Mumbai,Online,Debit Card,1,19402.86,0.0,19402.86,19402.86,0,4907.65,2025,12,December,Wednesday,19402.86,19402.86
2025-12-31,ORD012506,CUST00642,P013,Monitor,Electronics,Mumbai,Online,Credit Card,2,18693.08,0.15,37386.16,31778.24,0,7160.85,2025,12,December,Wednesday,37386.16,31778.236
2025-12-31,ORD003570,CUST04528,P003,Headphones,Electronics,Mumbai,Store,UPI,4,4807.27,0.2,19229.08,15383.26,0,2128.7,2025,12,December,Wednesday,19229.08,15383.264000000003
2025-12-31,ORD037552,CUST03685,P002,Smartphone,Electronics,Jaipur,Online,UPI,1,29950.68,0.15,29950.68,25458.08,0,1346.69,2025,12,December,Wednesday,29950.68,25458.078
2025-12-31,ORD024202,CUST04917,P001,Laptop,Electronics,Hyderabad,Online,Credit Card,1,64644.21,0.05,64644.21,61412.0,0,5502.52,2025,12,December,Wednesday,64644.21,61411.9995
2025-12-31,ORD036805,CUST01747,P004,Smartwatch,Electronics,Surat,Online,Debit Card,1,7509.55,0.0,7509.55,7509.55,0,1216.36,2025,12,December,Wednesday,7509.55,7509.55
2025-12-31,ORD049577,CUST00436,P013,Monitor,Electronics,Mumbai,Online,UPI,4,16678.33,0.0,66713.32,66713.32,0,9704.36,2025,12,December,Wednesday,66713.32,66713.32
2025-12-31,ORD010199,CUST03096,P001,Laptop,Electronics,Jaipur,Store,UPI,2,68440.96,0.05,136881.92,130037.82,0,15425.46,2025,12,December,Wednesday,136881.92,130037.82400000001
2025-12-31,ORD006917,CUST03240,P008,Running Shoes,Fashion,Delhi,Online,Credit Card,1,4076.16,0.25,4076.16,3057.12,0,319.54,2025,12,December,Wednesday,4076.16,3057.12
2025-12-31,ORD025741,CUST03109,P007,Backpack,Accessories,Jaipur,Online,Cash,4,2334.77,0.1,9339.08,8405.17,0,2327.13,2025,12,December,Wednesday,9339.08,8405.172
2025-12-31,ORD006820,CUST03490,P001,Laptop,Electronics,Jaipur,Online,UPI,2,60869.55,0.05,121739.1,115652.14,0,21359.84,2025,12,December,Wednesday,121739.1,115652.145
2025-12-31,ORD019189,CUST03472,P009,T-Shirt,Fashion,Mumbai,Store,Debit Card,2,1189.17,0.2,2378.34,1902.67,0,386.83,2025,12,December,Wednesday,2378.34,1902.6720000000003
2025-12-31,ORD033937,CUST00384,P002,Smartphone,Electronics,Kolkata,Store,Debit Card,2,26953.76,0.15,53907.52,45821.39,0,5543.62,2025,12,December,Wednesday,53907.52,45821.39199999999
2025-12-31,ORD042711,CUST01076,P014,Keyboard,Electronics,Pune,Store,Credit Card,2,2638.53,0.0,5277.06,5277.06,0,1093.89,2025,12,December,Wednesday,5277.06,5277.06
2025-12-31,ORD010899,CUST03206,P012,Air Fryer,Home,Mumbai,Online,UPI,1,6815.88,0.15,6815.88,5793.5,1,-289.68,2025,12,December,Wednesday,6815.88,5793.498
2025-12-31,ORD032723,CUST03326,P010,Coffee Maker,Home,Delhi,Online,UPI,1,5527.24,0.15,5527.24,4698.15,0,1247.77,2025,12,December,Wednesday,5527.24,4698.1539999999995
2025-12-31,ORD002115,CUST02806,P002,Smartphone,Electronics,Ahmedabad,Online,Debit Card,1,26502.95,0.1,26502.95,23852.66,0,4251.94,2025,12,December,Wednesday,26502.95,23852.655000000002
2025-12-31,ORD038556,CUST02486,P007,Backpack,Accessories,Kolkata,Online,Cash,1,2094.03,0.15,2094.03,1779.93,0,155.03,2025,12,December,Wednesday,2094.03,1779.9255
2025-12-31,ORD005736,CUST04623,P013,Monitor,Electronics,Surat,Store,UPI,1,17099.32,0.0,17099.32,17099.32,1,-854.97,2025,12,December,Wednesday,17099.32,17099.32
2025-12-31,ORD004883,CUST02398,P020,Microwave,Home,Mumbai,Online,Credit Card,1,10650.29,0.15,10650.29,9052.75,0,667.61,2025,12,December,Wednesday,10650.29,9052.746500000001
2025-12-31,ORD004043,CUST03100,P009,T-Shirt,Fashion,Chennai,Online,Debit Card,1,1127.42,0.1,1127.42,1014.68,0,276.36,2025,12,December,Wednesday,1127.42,1014.6780000000001
2025-12-31,ORD002573,CUST03046,P017,Jeans,Fashion,Ahmedabad,Online,Debit Card,2,2576.2,0.25,5152.4,3864.3,0,946.83,2025,12,December,Wednesday,5152.4,3864.2999999999997
2025-12-31,ORD002157,CUST01201,P015,Dining Table,Furniture,Kolkata,Online,Net Banking,5,23215.62,0.15,116078.1,98666.38,0,15730.15,2025,12,December,Wednesday,116078.09999999999,98666.38500000001
2025-12-31,ORD048403,CUST01721,P009,T-Shirt,Fashion,Hyderabad,Online,UPI,1,1097.22,0.15,1097.22,932.64,0,93.29,2025,12,December,Wednesday,1097.22,932.637
2025-12-31,ORD019675,CUST04790,P011,Mixer Grinder,Home,Ahmedabad,Online,Credit Card,1,5275.42,0.1,5275.42,4747.88,1,-237.39,2025,12,December,Wednesday,5275.42,4747.878000000001
2025-12-31,ORD022293,CUST01567,P001,Laptop,Electronics,Surat,Online,UPI,2,64937.25,0.1,129874.5,116887.05,0,20824.17,2025,12,December,Wednesday,129874.5,116887.05
2025-12-31,ORD007222,CUST00756,P008,Running Shoes,Fashion,Pune,Online,Cash,3,3897.25,0.15,11691.75,9937.99,0,2183.08,2025,12,December,Wednesday,11691.75,9937.9875
2025-12-31,ORD027377,CUST00272,P017,Jeans,Fashion,Hyderabad,Store,Cash,1,2687.71,0.1,2687.71,2418.94,0,244.77,2025,12,December,Wednesday,2687.71,2418.9390000000003
